ObjectType = Image
NDims = 3
AnatomicalOrientation = RAI
BinaryData = True
CompressedData = False
DimSize = 0 0 3550
ElementSpacing = 1 1 1
Offset = 0 0 0
TransformMatrix = 1 0 0 0 1 0 0 0 1
ElementType = MET_UCHAR
Kinds = domain domain list
Seq_Frame0000_ForcepToReference-SequenceTransform =0.124293 0.943239 0.30798 46.472 -0.898633 0.238615 -0.368132 -12.1985 -0.420725 -0.231005 0.877284 -17.5169 0 0 0 1 
Seq_Frame0000_ForcepToReference-SequenceTransformStatus = OK
Seq_Frame0000_Timestamp = 0.00300002
Seq_Frame0001_ForcepToReference-SequenceTransform =0.124674 0.941126 0.314228 46.4633 -0.89778 0.241839 -0.368111 -12.2218 -0.422431 -0.236214 0.875074 -17.2664 0 0 0 1 
Seq_Frame0001_ForcepToReference-SequenceTransformStatus = OK
Seq_Frame0001_Timestamp = 0.107
Seq_Frame0002_ForcepToReference-SequenceTransform =0.124588 0.940308 0.3167 46.4461 -0.897354 0.242975 -0.3684 -12.2194 -0.42336 -0.238294 0.874061 -17.2506 0 0 0 1 
Seq_Frame0002_ForcepToReference-SequenceTransformStatus = OK
Seq_Frame0002_Timestamp = 0.211
Seq_Frame0003_ForcepToReference-SequenceTransform =0.124468 0.940713 0.315542 46.4593 -0.897222 0.242498 -0.369036 -12.2156 -0.423675 -0.237178 0.874211 -17.2323 0 0 0 1 
Seq_Frame0003_ForcepToReference-SequenceTransformStatus = OK
Seq_Frame0003_Timestamp = 0.317
Seq_Frame0004_ForcepToReference-SequenceTransform =0.124144 0.941219 0.314157 46.4682 -0.897469 0.241554 -0.369054 -12.245 -0.423246 -0.236131 0.874703 -17.1834 0 0 0 1 
Seq_Frame0004_ForcepToReference-SequenceTransformStatus = OK
Seq_Frame0004_Timestamp = 0.421
Seq_Frame0005_ForcepToReference-SequenceTransform =0.124065 0.940998 0.31485 46.4361 -0.898351 0.241268 -0.36709 -12.1879 -0.421394 -0.237303 0.87528 -17.4056 0 0 0 1 
Seq_Frame0005_ForcepToReference-SequenceTransformStatus = OK
Seq_Frame0005_Timestamp = 0.532
Seq_Frame0006_ForcepToReference-SequenceTransform =0.124821 0.941224 0.313876 46.4788 -0.897365 0.242051 -0.368982 -12.2317 -0.423269 -0.235605 0.874834 -17.2257 0 0 0 1 
Seq_Frame0006_ForcepToReference-SequenceTransformStatus = OK
Seq_Frame0006_Timestamp = 0.636
Seq_Frame0007_ForcepToReference-SequenceTransform =0.124254 0.941592 0.312995 46.4831 -0.896945 0.241479 -0.370374 -12.2411 -0.424323 -0.234718 0.874561 -17.2625 0 0 0 1 
Seq_Frame0007_ForcepToReference-SequenceTransformStatus = OK
Seq_Frame0007_Timestamp = 0.741
Seq_Frame0008_ForcepToReference-SequenceTransform =0.123621 0.944197 0.305301 46.5288 -0.897958 0.237387 -0.370564 -12.3012 -0.422361 -0.228338 0.877196 -17.2616 0 0 0 1 
Seq_Frame0008_ForcepToReference-SequenceTransformStatus = OK
Seq_Frame0008_Timestamp = 0.847
Seq_Frame0009_ForcepToReference-SequenceTransform =0.124713 0.942068 0.311377 46.5237 -0.89841 0.240405 -0.367512 -12.2396 -0.421077 -0.233911 0.876345 -17.2283 0 0 0 1 
Seq_Frame0009_ForcepToReference-SequenceTransformStatus = OK
Seq_Frame0009_Timestamp = 0.957
Seq_Frame0010_ForcepToReference-SequenceTransform =0.124276 0.9424 0.310544 46.5022 -0.898401 0.23973 -0.367975 -12.2158 -0.421226 -0.233262 0.876446 -17.3576 0 0 0 1 
Seq_Frame0010_ForcepToReference-SequenceTransformStatus = OK
Seq_Frame0010_Timestamp = 1.063
Seq_Frame0011_ForcepToReference-SequenceTransform =0.124402 0.942189 0.311134 46.5011 -0.897456 0.240586 -0.369717 -12.2114 -0.423197 -0.233235 0.875503 -17.3282 0 0 0 1 
Seq_Frame0011_ForcepToReference-SequenceTransformStatus = OK
Seq_Frame0011_Timestamp = 1.166
Seq_Frame0012_ForcepToReference-SequenceTransform =0.124371 0.942468 0.310299 46.5067 -0.897974 0.239948 -0.368873 -12.2194 -0.422106 -0.232764 0.876155 -17.3656 0 0 0 1 
Seq_Frame0012_ForcepToReference-SequenceTransformStatus = OK
Seq_Frame0012_Timestamp = 1.272
Seq_Frame0013_ForcepToReference-SequenceTransform =0.124527 0.942679 0.309595 46.5217 -0.898012 0.239778 -0.368891 -12.2204 -0.42198 -0.232083 0.876396 -17.3633 0 0 0 1 
Seq_Frame0013_ForcepToReference-SequenceTransformStatus = OK
Seq_Frame0013_Timestamp = 1.376
Seq_Frame0014_ForcepToReference-SequenceTransform =0.124698 0.942268 0.310775 46.5138 -0.898301 0.240219 -0.3679 -12.2178 -0.421315 -0.233294 0.876395 -17.3681 0 0 0 1 
Seq_Frame0014_ForcepToReference-SequenceTransformStatus = OK
Seq_Frame0014_Timestamp = 1.482
Seq_Frame0015_ForcepToReference-SequenceTransform =0.12511 0.942159 0.310941 46.5218 -0.898823 0.240328 -0.366551 -12.2156 -0.420077 -0.233622 0.876902 -17.4135 0 0 0 1 
Seq_Frame0015_ForcepToReference-SequenceTransformStatus = OK
Seq_Frame0015_Timestamp = 1.587
Seq_Frame0016_ForcepToReference-SequenceTransform =0.124888 0.942447 0.310154 46.5284 -0.899122 0.239676 -0.366244 -12.2119 -0.419502 -0.233127 0.877308 -17.4672 0 0 0 1 
Seq_Frame0016_ForcepToReference-SequenceTransformStatus = OK
Seq_Frame0016_Timestamp = 1.692
Seq_Frame0017_ForcepToReference-SequenceTransform =0.125398 0.94224 0.310579 46.5477 -0.898932 0.240361 -0.366262 -12.2393 -0.419758 -0.23326 0.87715 -17.4534 0 0 0 1 
Seq_Frame0017_ForcepToReference-SequenceTransformStatus = OK
Seq_Frame0017_Timestamp = 1.802
Seq_Frame0018_ForcepToReference-SequenceTransform =0.124823 0.941789 0.312175 46.5082 -0.897727 0.241186 -0.368668 -12.2054 -0.4225 -0.23423 0.875574 -17.394 0 0 0 1 
Seq_Frame0018_ForcepToReference-SequenceTransformStatus = OK
Seq_Frame0018_Timestamp = 1.907
Seq_Frame0019_ForcepToReference-SequenceTransform =0.123817 0.942264 0.311139 46.5028 -0.896582 0.240593 -0.371827 -12.2354 -0.425217 -0.232923 0.874607 -17.2188 0 0 0 1 
Seq_Frame0019_ForcepToReference-SequenceTransformStatus = OK
Seq_Frame0019_Timestamp = 2.012
Seq_Frame0020_ForcepToReference-SequenceTransform =0.123856 0.942296 0.311026 46.4948 -0.897154 0.240266 -0.370657 -12.22 -0.423998 -0.233131 0.875143 -17.3305 0 0 0 1 
Seq_Frame0020_ForcepToReference-SequenceTransformStatus = OK
Seq_Frame0020_Timestamp = 2.121
Seq_Frame0021_ForcepToReference-SequenceTransform =0.124453 0.94188 0.312048 46.4822 -0.896475 0.241526 -0.371481 -12.2032 -0.425258 -0.233512 0.87443 -17.3 0 0 0 1 
Seq_Frame0021_ForcepToReference-SequenceTransformStatus = OK
Seq_Frame0021_Timestamp = 2.227
Seq_Frame0022_ForcepToReference-SequenceTransform =0.124395 0.942133 0.311305 46.5062 -0.897908 0.240398 -0.368742 -12.2025 -0.422241 -0.233653 0.875853 -17.3755 0 0 0 1 
Seq_Frame0022_ForcepToReference-SequenceTransformStatus = OK
Seq_Frame0022_Timestamp = 2.332
Seq_Frame0023_ForcepToReference-SequenceTransform =0.124353 0.942238 0.311005 46.5104 -0.897902 0.240249 -0.368853 -12.2382 -0.422266 -0.233384 0.875913 -17.3422 0 0 0 1 
Seq_Frame0023_ForcepToReference-SequenceTransformStatus = OK
Seq_Frame0023_Timestamp = 2.442
Seq_Frame0024_ForcepToReference-SequenceTransform =0.124494 0.942472 0.310238 46.5048 -0.898208 0.239895 -0.368338 -12.237 -0.421573 -0.232803 0.876401 -17.3362 0 0 0 1 
Seq_Frame0024_ForcepToReference-SequenceTransformStatus = OK
Seq_Frame0024_Timestamp = 2.547
Seq_Frame0025_ForcepToReference-SequenceTransform =0.12471 0.942339 0.310555 46.5032 -0.89808 0.240265 -0.368408 -12.2224 -0.421781 -0.232959 0.87626 -17.3193 0 0 0 1 
Seq_Frame0025_ForcepToReference-SequenceTransformStatus = OK
Seq_Frame0025_Timestamp = 2.651
Seq_Frame0026_ForcepToReference-SequenceTransform =0.124835 0.942074 0.311308 46.4974 -0.897712 0.240864 -0.368914 -12.1871 -0.422527 -0.233411 0.87578 -17.3971 0 0 0 1 
Seq_Frame0026_ForcepToReference-SequenceTransformStatus = OK
Seq_Frame0026_Timestamp = 2.757
Seq_Frame0027_ForcepToReference-SequenceTransform =0.124795 0.942144 0.311111 46.4974 -0.897911 0.240645 -0.368572 -12.2264 -0.422115 -0.233354 0.875993 -17.4185 0 0 0 1 
Seq_Frame0027_ForcepToReference-SequenceTransformStatus = OK
Seq_Frame0027_Timestamp = 2.867
Seq_Frame0028_ForcepToReference-SequenceTransform =0.124177 0.942021 0.31173 46.497 -0.897366 0.240686 -0.36987 -12.2261 -0.423454 -0.233807 0.875226 -17.2823 0 0 0 1 
Seq_Frame0028_ForcepToReference-SequenceTransformStatus = OK
Seq_Frame0028_Timestamp = 2.97
Seq_Frame0029_ForcepToReference-SequenceTransform =0.124132 0.942026 0.311733 46.5015 -0.897291 0.240693 -0.370049 -12.2204 -0.423628 -0.23378 0.875149 -17.2885 0 0 0 1 
Seq_Frame0029_ForcepToReference-SequenceTransformStatus = OK
Seq_Frame0029_Timestamp = 3.082
Seq_Frame0030_ForcepToReference-SequenceTransform =0.1242 0.941875 0.312163 46.4909 -0.897029 0.241061 -0.370445 -12.2038 -0.424163 -0.23401 0.874829 -17.3233 0 0 0 1 
Seq_Frame0030_ForcepToReference-SequenceTransformStatus = OK
Seq_Frame0030_Timestamp = 3.186
Seq_Frame0031_ForcepToReference-SequenceTransform =0.123611 0.941501 0.313521 46.4657 -0.89823 0.240449 -0.367924 -12.1277 -0.421787 -0.236134 0.875407 -17.2161 0 0 0 1 
Seq_Frame0031_ForcepToReference-SequenceTransformStatus = OK
Seq_Frame0031_Timestamp = 4.171
Seq_Frame0032_ForcepToReference-SequenceTransform =0.0606886 -0.546093 -0.835523 -5.38208 0.899996 -0.332052 0.282399 152.384 -0.431653 -0.769106 0.47133 -87.4447 0 0 0 1 
Seq_Frame0032_ForcepToReference-SequenceTransformStatus = OK
Seq_Frame0032_Timestamp = 4.277
Seq_Frame0033_ForcepToReference-SequenceTransform =-0.0432123 -0.610622 -0.790742 -41.2205 0.954483 -0.259031 0.147867 173.466 -0.295118 -0.748361 0.594022 -75.0461 0 0 0 1 
Seq_Frame0033_ForcepToReference-SequenceTransformStatus = OK
Seq_Frame0033_Timestamp = 4.381
Seq_Frame0034_ForcepToReference-SequenceTransform =-0.0897104 -0.678098 -0.729476 -79.8413 0.993666 -0.0111681 -0.111819 196.481 0.0676772 -0.734887 0.674805 -44.1871 0 0 0 1 
Seq_Frame0034_ForcepToReference-SequenceTransformStatus = OK
Seq_Frame0034_Timestamp = 4.491
Seq_Frame0035_ForcepToReference-SequenceTransform =-0.0829708 -0.721106 -0.687839 -109.36 0.990162 0.0183848 -0.138713 190.438 0.112672 -0.692581 0.712486 -6.6722 0 0 0 1 
Seq_Frame0035_ForcepToReference-SequenceTransformStatus = OK
Seq_Frame0035_Timestamp = 4.597
Seq_Frame0036_ForcepToReference-SequenceTransform =0.0137371 -0.747401 -0.664231 -121.009 0.990044 0.103235 -0.0956859 174.882 0.140088 -0.656304 0.741378 11.3964 0 0 0 1 
Seq_Frame0036_ForcepToReference-SequenceTransformStatus = OK
Seq_Frame0036_Timestamp = 4.701
Seq_Frame0037_ForcepToReference-SequenceTransform =0.0536977 -0.838736 -0.541884 -138.779 0.998433 0.0536533 0.0158938 160.772 0.0157431 -0.541888 0.840303 1.11509 0 0 0 1 
Seq_Frame0037_ForcepToReference-SequenceTransformStatus = OK
Seq_Frame0037_Timestamp = 4.807
Seq_Frame0038_ForcepToReference-SequenceTransform =0.0488104 -0.848892 -0.526308 -141.86 0.99863 0.0315137 0.0417849 151.247 -0.0188849 -0.527626 0.849267 2.45113 0 0 0 1 
Seq_Frame0038_ForcepToReference-SequenceTransformStatus = OK
Seq_Frame0038_Timestamp = 4.917
Seq_Frame0039_ForcepToReference-SequenceTransform =0.0615986 -0.868722 -0.491455 -139.537 0.98985 0.116352 -0.0816026 160.039 0.128072 -0.48144 0.867072 19.0248 0 0 0 1 
Seq_Frame0039_ForcepToReference-SequenceTransformStatus = OK
Seq_Frame0039_Timestamp = 5.022
Seq_Frame0040_ForcepToReference-SequenceTransform =0.0413966 -0.872791 -0.486336 -137.017 0.963602 0.163545 -0.211481 162.771 0.264117 -0.45988 0.847793 32.4286 0 0 0 1 
Seq_Frame0040_ForcepToReference-SequenceTransformStatus = OK
Seq_Frame0040_Timestamp = 5.127
Seq_Frame0041_ForcepToReference-SequenceTransform =0.0386719 -0.859557 -0.509575 -134.925 0.966658 0.161364 -0.198831 162.025 0.253134 -0.484896 0.837138 32.9036 0 0 0 1 
Seq_Frame0041_ForcepToReference-SequenceTransformStatus = OK
Seq_Frame0041_Timestamp = 5.232
Seq_Frame0042_ForcepToReference-SequenceTransform =0.0590962 -0.835674 -0.546037 -132.614 0.984144 0.140411 -0.108378 160.838 0.167238 -0.530974 0.830721 28.8434 0 0 0 1 
Seq_Frame0042_ForcepToReference-SequenceTransformStatus = OK
Seq_Frame0042_Timestamp = 5.337
Seq_Frame0043_ForcepToReference-SequenceTransform =0.0680833 -0.843803 -0.532316 -133.461 0.986875 0.135271 -0.0882038 160.578 0.146434 -0.519325 0.841938 26.4896 0 0 0 1 
Seq_Frame0043_ForcepToReference-SequenceTransformStatus = OK
Seq_Frame0043_Timestamp = 5.442
Seq_Frame0044_ForcepToReference-SequenceTransform =0.070455 -0.853014 -0.51711 -134.321 0.988424 0.12953 -0.078999 160.588 0.134368 -0.505558 0.852266 25.2277 0 0 0 1 
Seq_Frame0044_ForcepToReference-SequenceTransformStatus = OK
Seq_Frame0044_Timestamp = 5.546
Seq_Frame0045_ForcepToReference-SequenceTransform =0.0798979 -0.833295 -0.547025 -131.262 0.985029 0.150102 -0.0847808 159.468 0.152757 -0.532062 0.832812 27.8123 0 0 0 1 
Seq_Frame0045_ForcepToReference-SequenceTransformStatus = OK
Seq_Frame0045_Timestamp = 5.651
Seq_Frame0046_ForcepToReference-SequenceTransform =0.0657569 -0.822626 -0.564767 -129.553 0.982964 0.150756 -0.105139 160.435 0.171633 -0.548232 0.818525 29.6275 0 0 0 1 
Seq_Frame0046_ForcepToReference-SequenceTransformStatus = OK
Seq_Frame0046_Timestamp = 5.756
Seq_Frame0047_ForcepToReference-SequenceTransform =0.0245665 -0.80575 -0.591746 -130.096 0.986186 0.116525 -0.117724 158.847 0.163809 -0.58068 0.797482 27.2709 0 0 0 1 
Seq_Frame0047_ForcepToReference-SequenceTransformStatus = OK
Seq_Frame0047_Timestamp = 5.866
Seq_Frame0048_ForcepToReference-SequenceTransform =0.0618253 -0.783201 -0.618687 -125.912 0.986751 0.141123 -0.0800434 158.151 0.150001 -0.605542 0.781549 23.745 0 0 0 1 
Seq_Frame0048_ForcepToReference-SequenceTransformStatus = OK
Seq_Frame0048_Timestamp = 5.972
Seq_Frame0049_ForcepToReference-SequenceTransform =0.0453134 -0.790124 -0.61127 -124.533 0.982289 0.146606 -0.116685 163.934 0.181812 -0.595156 0.782773 31.068 0 0 0 1 
Seq_Frame0049_ForcepToReference-SequenceTransformStatus = OK
Seq_Frame0049_Timestamp = 6.076
Seq_Frame0050_ForcepToReference-SequenceTransform =-0.0129386 -0.790302 -0.612581 -118.896 0.984545 0.0969366 -0.145855 172.271 0.174651 -0.605001 0.776834 26.7598 0 0 0 1 
Seq_Frame0050_ForcepToReference-SequenceTransformStatus = OK
Seq_Frame0050_Timestamp = 6.182
Seq_Frame0051_ForcepToReference-SequenceTransform =-0.0911937 -0.796439 -0.597804 -101.664 0.995514 -0.0577195 -0.0749654 176.8 0.0252004 -0.601959 0.79813 4.36484 0 0 0 1 
Seq_Frame0051_ForcepToReference-SequenceTransformStatus = OK
Seq_Frame0051_Timestamp = 6.294
Seq_Frame0052_ForcepToReference-SequenceTransform =-0.241601 -0.724177 -0.645907 -75.8504 0.875662 -0.449529 0.176462 159.305 -0.418144 -0.522963 0.742741 -37.2705 0 0 0 1 
Seq_Frame0052_ForcepToReference-SequenceTransformStatus = OK
Seq_Frame0052_Timestamp = 6.397
Seq_Frame0053_ForcepToReference-SequenceTransform =-0.311232 -0.623217 -0.717451 -46.6767 0.654516 -0.687924 0.313638 140.73 -0.689016 -0.371969 0.62201 -56.6958 0 0 0 1 
Seq_Frame0053_ForcepToReference-SequenceTransformStatus = OK
Seq_Frame0053_Timestamp = 6.502
Seq_Frame0054_ForcepToReference-SequenceTransform =-0.00735928 0.252071 0.967681 12.4133 -0.954161 0.287778 -0.0822195 97.9501 -0.299202 -0.923929 0.238398 -65.6128 0 0 0 1 
Seq_Frame0054_ForcepToReference-SequenceTransformStatus = OK
Seq_Frame0054_Timestamp = 8.195
Seq_Frame0055_ForcepToReference-SequenceTransform =-0.00569508 0.259623 0.965693 12.7038 -0.953036 0.291014 -0.0838587 98.121 -0.302802 -0.920818 0.245773 -65.2082 0 0 0 1 
Seq_Frame0055_ForcepToReference-SequenceTransformStatus = OK
Seq_Frame0055_Timestamp = 8.307
Seq_Frame0056_ForcepToReference-SequenceTransform =-0.0133941 0.254245 0.967047 12.3045 -0.955597 0.281469 -0.087236 97.2654 -0.294373 -0.925276 0.239186 -64.9812 0 0 0 1 
Seq_Frame0056_ForcepToReference-SequenceTransformStatus = OK
Seq_Frame0056_Timestamp = 8.414
Seq_Frame0057_ForcepToReference-SequenceTransform =-0.0319825 0.251815 0.967247 12.4496 -0.959491 0.263291 -0.100272 95.6227 -0.279917 -0.931272 0.233194 -64.7325 0 0 0 1 
Seq_Frame0057_ForcepToReference-SequenceTransformStatus = OK
Seq_Frame0057_Timestamp = 8.537
Seq_Frame0058_ForcepToReference-SequenceTransform =-0.0708374 0.291514 0.95394 10.8714 -0.951073 0.268592 -0.152703 96.7527 -0.300736 -0.918084 0.258224 -71.282 0 0 0 1 
Seq_Frame0058_ForcepToReference-SequenceTransformStatus = OK
Seq_Frame0058_Timestamp = 8.671
Seq_Frame0059_ForcepToReference-SequenceTransform =-0.0862487 0.284713 0.954725 8.37141 -0.794375 0.5587 -0.238376 158.306 -0.601274 -0.778969 0.177982 -52.3615 0 0 0 1 
Seq_Frame0059_ForcepToReference-SequenceTransformStatus = OK
Seq_Frame0059_Timestamp = 9.602
Seq_Frame0060_ForcepToReference-SequenceTransform =-0.0452909 0.30263 0.952032 28.4333 -0.725428 0.645242 -0.239619 185.278 -0.686806 -0.701483 0.190313 -39.3361 0 0 0 1 
Seq_Frame0060_ForcepToReference-SequenceTransformStatus = OK
Seq_Frame0060_Timestamp = 9.724
Seq_Frame0061_ForcepToReference-SequenceTransform =-0.0500747 0.246572 0.96783 47.0978 -0.573997 0.785915 -0.229924 235.862 -0.817325 -0.567045 0.102177 -20.1641 0 0 0 1 
Seq_Frame0061_ForcepToReference-SequenceTransformStatus = OK
Seq_Frame0061_Timestamp = 9.834
Seq_Frame0062_ForcepToReference-SequenceTransform =-0.114665 0.154846 0.981262 58.7505 -0.473841 0.859642 -0.191025 270.374 -0.873113 -0.486865 -0.0251987 -1.86683 0 0 0 1 
Seq_Frame0062_ForcepToReference-SequenceTransformStatus = OK
Seq_Frame0062_Timestamp = 9.942
Seq_Frame0063_ForcepToReference-SequenceTransform =-0.135125 0.0431595 0.989888 72.4814 -0.428211 0.89839 -0.0976231 292.054 -0.893519 -0.437073 -0.102913 13.9431 0 0 0 1 
Seq_Frame0063_ForcepToReference-SequenceTransformStatus = OK
Seq_Frame0063_Timestamp = 10.049
Seq_Frame0064_ForcepToReference-SequenceTransform =-0.142953 -0.0255339 0.9894 89.5194 -0.421362 0.906117 -0.0374957 311.731 -0.895555 -0.422256 -0.140291 30.0537 0 0 0 1 
Seq_Frame0064_ForcepToReference-SequenceTransformStatus = OK
Seq_Frame0064_Timestamp = 10.178
Seq_Frame0065_ForcepToReference-SequenceTransform =-0.146647 -0.0633138 0.987161 96.9656 -0.469764 0.882694 -0.0131718 322.979 -0.870526 -0.465664 -0.159187 34.9688 0 0 0 1 
Seq_Frame0065_ForcepToReference-SequenceTransformStatus = OK
Seq_Frame0065_Timestamp = 10.3
Seq_Frame0066_ForcepToReference-SequenceTransform =-0.157114 -0.0520358 0.986209 103.891 -0.481548 0.875889 -0.030501 326.93 -0.862222 -0.479699 -0.162672 35.6855 0 0 0 1 
Seq_Frame0066_ForcepToReference-SequenceTransformStatus = OK
Seq_Frame0066_Timestamp = 10.408
Seq_Frame0067_ForcepToReference-SequenceTransform =-0.175755 -0.0713877 0.981842 106.554 -0.455241 0.890211 -0.0167652 328.062 -0.872849 -0.449921 -0.188958 35.4181 0 0 0 1 
Seq_Frame0067_ForcepToReference-SequenceTransformStatus = OK
Seq_Frame0067_Timestamp = 10.517
Seq_Frame0068_ForcepToReference-SequenceTransform =-0.180614 0.00387547 0.983546 98.0749 -0.450395 0.888658 -0.08621 307.968 -0.87437 -0.458555 -0.158758 21.073 0 0 0 1 
Seq_Frame0068_ForcepToReference-SequenceTransformStatus = OK
Seq_Frame0068_Timestamp = 10.637
Seq_Frame0069_ForcepToReference-SequenceTransform =-0.321069 0.101885 0.941559 68.2362 -0.308789 0.928603 -0.205779 287.143 -0.895301 -0.356812 -0.266685 -0.899651 0 0 0 1 
Seq_Frame0069_ForcepToReference-SequenceTransformStatus = OK
Seq_Frame0069_Timestamp = 10.743
Seq_Frame0070_ForcepToReference-SequenceTransform =-0.453935 -0.71294 -0.534471 47.4072 0.888523 -0.407191 -0.211478 277.601 -0.066861 -0.570887 0.818302 -1.01989 0 0 0 1 
Seq_Frame0070_ForcepToReference-SequenceTransformStatus = OK
Seq_Frame0070_Timestamp = 10.849
Seq_Frame0071_ForcepToReference-SequenceTransform =-0.410253 -0.670393 -0.618276 37.6262 0.902331 -0.396708 -0.168588 265.567 -0.132254 -0.627053 0.767667 11.6923 0 0 0 1 
Seq_Frame0071_ForcepToReference-SequenceTransformStatus = OK
Seq_Frame0071_Timestamp = 10.974
Seq_Frame0072_ForcepToReference-SequenceTransform =-0.413267 -0.681191 -0.604309 30.0695 0.906374 -0.371645 -0.200912 261.001 -0.0877291 -0.630761 0.771002 31.4508 0 0 0 1 
Seq_Frame0072_ForcepToReference-SequenceTransformStatus = OK
Seq_Frame0072_Timestamp = 11.082
Seq_Frame0073_ForcepToReference-SequenceTransform =-0.490493 -0.727115 -0.480334 22.5245 0.843785 -0.258497 -0.470327 252.186 0.217817 -0.63599 0.740319 43.8527 0 0 0 1 
Seq_Frame0073_ForcepToReference-SequenceTransformStatus = OK
Seq_Frame0073_Timestamp = 11.25
Seq_Frame0074_ForcepToReference-SequenceTransform =-0.587818 -0.69563 -0.413 24.318 0.723607 -0.223819 -0.652915 249.159 0.36175 -0.682645 0.634928 35.447 0 0 0 1 
Seq_Frame0074_ForcepToReference-SequenceTransformStatus = OK
Seq_Frame0074_Timestamp = 11.373
Seq_Frame0075_ForcepToReference-SequenceTransform =-0.469361 -0.702309 -0.535222 26.0816 0.867164 -0.25231 -0.429378 251.937 0.166514 -0.665659 0.727442 50.9409 0 0 0 1 
Seq_Frame0075_ForcepToReference-SequenceTransformStatus = OK
Seq_Frame0075_Timestamp = 11.54
Seq_Frame0076_ForcepToReference-SequenceTransform =-0.356915 -0.751678 -0.55461 32.7409 0.92975 -0.343322 -0.13302 242.17 -0.0904211 -0.563126 0.821409 59.2498 0 0 0 1 
Seq_Frame0076_ForcepToReference-SequenceTransformStatus = OK
Seq_Frame0076_Timestamp = 11.647
Seq_Frame0077_ForcepToReference-SequenceTransform =-0.363298 -0.726437 -0.583356 37.774 0.916521 -0.391126 -0.0837269 225.725 -0.167343 -0.565076 0.80789 48.5305 0 0 0 1 
Seq_Frame0077_ForcepToReference-SequenceTransformStatus = OK
Seq_Frame0077_Timestamp = 11.748
Seq_Frame0078_ForcepToReference-SequenceTransform =-0.374452 -0.741904 -0.556205 34.2634 0.911174 -0.405613 -0.0723926 222.237 -0.171895 -0.533907 0.827886 45.2825 0 0 0 1 
Seq_Frame0078_ForcepToReference-SequenceTransformStatus = OK
Seq_Frame0078_Timestamp = 11.87
Seq_Frame0079_ForcepToReference-SequenceTransform =-0.366313 -0.774525 -0.515681 34.3853 0.911282 -0.410648 -0.0305565 219.61 -0.188096 -0.481124 0.856236 42.3269 0 0 0 1 
Seq_Frame0079_ForcepToReference-SequenceTransformStatus = OK
Seq_Frame0079_Timestamp = 11.993
Seq_Frame0080_ForcepToReference-SequenceTransform =-0.374354 -0.788746 -0.487585 33.4126 0.914596 -0.40076 -0.053908 220.284 -0.152885 -0.466124 0.871409 46.4583 0 0 0 1 
Seq_Frame0080_ForcepToReference-SequenceTransformStatus = OK
Seq_Frame0080_Timestamp = 12.116
Seq_Frame0081_ForcepToReference-SequenceTransform =-0.360127 -0.801292 -0.477744 33.2098 0.917056 -0.398057 -0.0236472 217.745 -0.171221 -0.446634 0.878181 41.9276 0 0 0 1 
Seq_Frame0081_ForcepToReference-SequenceTransformStatus = OK
Seq_Frame0081_Timestamp = 12.238
Seq_Frame0082_ForcepToReference-SequenceTransform =-0.367611 -0.789549 -0.491401 33.3229 0.911927 -0.40965 -0.024005 216.846 -0.182349 -0.456947 0.870602 41.1916 0 0 0 1 
Seq_Frame0082_ForcepToReference-SequenceTransformStatus = OK
Seq_Frame0082_Timestamp = 12.358
Seq_Frame0083_ForcepToReference-SequenceTransform =-0.375532 -0.830382 -0.411633 33.0993 0.925006 -0.363498 -0.110602 216.781 -0.0577862 -0.422297 0.904614 43.1462 0 0 0 1 
Seq_Frame0083_ForcepToReference-SequenceTransformStatus = OK
Seq_Frame0083_Timestamp = 12.46
Seq_Frame0084_ForcepToReference-SequenceTransform =-0.397834 -0.782571 -0.478864 31.8478 0.901532 -0.430282 -0.0458037 215.281 -0.170202 -0.449933 0.876693 43.8319 0 0 0 1 
Seq_Frame0084_ForcepToReference-SequenceTransformStatus = OK
Seq_Frame0084_Timestamp = 12.584
Seq_Frame0085_ForcepToReference-SequenceTransform =-0.375975 -0.824629 -0.422646 31.384 0.918216 -0.392875 -0.0502786 213.787 -0.124586 -0.406984 0.904899 43.4395 0 0 0 1 
Seq_Frame0085_ForcepToReference-SequenceTransformStatus = OK
Seq_Frame0085_Timestamp = 12.691
Seq_Frame0086_ForcepToReference-SequenceTransform =-0.337871 -0.837314 -0.429823 30.884 0.924807 -0.380192 0.0136684 214.713 -0.17486 -0.392885 0.90281 41.496 0 0 0 1 
Seq_Frame0086_ForcepToReference-SequenceTransformStatus = OK
Seq_Frame0086_Timestamp = 12.802
Seq_Frame0087_ForcepToReference-SequenceTransform =-0.298075 -0.865836 -0.401844 32.0578 0.945548 -0.325482 -7.3801e-05 213.313 -0.130729 -0.379985 0.915708 39.8678 0 0 0 1 
Seq_Frame0087_ForcepToReference-SequenceTransformStatus = OK
Seq_Frame0087_Timestamp = 12.918
Seq_Frame0088_ForcepToReference-SequenceTransform =-0.299366 -0.848201 -0.436962 31.3293 0.935717 -0.350545 0.0393871 214.139 -0.186583 -0.397082 0.898617 39.3637 0 0 0 1 
Seq_Frame0088_ForcepToReference-SequenceTransformStatus = OK
Seq_Frame0088_Timestamp = 13.032
Seq_Frame0089_ForcepToReference-SequenceTransform =-0.304455 -0.846447 -0.436846 29.3759 0.923939 -0.373944 0.0806371 212.307 -0.231611 -0.379069 0.895915 35.3901 0 0 0 1 
Seq_Frame0089_ForcepToReference-SequenceTransformStatus = OK
Seq_Frame0089_Timestamp = 13.162
Seq_Frame0090_ForcepToReference-SequenceTransform =-0.297655 -0.83922 -0.455095 29.4035 0.920678 -0.37842 0.0956566 211.853 -0.252494 -0.390524 0.88529 34.4129 0 0 0 1 
Seq_Frame0090_ForcepToReference-SequenceTransformStatus = OK
Seq_Frame0090_Timestamp = 13.283
Seq_Frame0091_ForcepToReference-SequenceTransform =-0.30137 -0.8554 -0.421268 28.4298 0.922225 -0.373732 0.0991284 211.117 -0.242236 -0.35863 0.901502 32.9247 0 0 0 1 
Seq_Frame0091_ForcepToReference-SequenceTransformStatus = OK
Seq_Frame0091_Timestamp = 13.404
Seq_Frame0092_ForcepToReference-SequenceTransform =-0.325202 -0.847133 -0.42025 19.1672 0.895203 -0.418989 0.151856 204.985 -0.304722 -0.326825 0.894611 21 0 0 0 1 
Seq_Frame0092_ForcepToReference-SequenceTransformStatus = OK
Seq_Frame0092_Timestamp = 13.619
Seq_Frame0093_ForcepToReference-SequenceTransform =-0.592335 0.100038 0.799457 5.17426 -0.484144 0.74894 -0.45243 203.274 -0.644006 -0.655043 -0.395191 10.0413 0 0 0 1 
Seq_Frame0093_ForcepToReference-SequenceTransformStatus = OK
Seq_Frame0093_Timestamp = 13.743
Seq_Frame0094_ForcepToReference-SequenceTransform =-0.534006 -0.806062 -0.255152 -18.2236 0.739407 -0.591587 0.321408 189.848 -0.410019 -0.0170272 0.911918 14.6221 0 0 0 1 
Seq_Frame0094_ForcepToReference-SequenceTransformStatus = OK
Seq_Frame0094_Timestamp = 14.199
Seq_Frame0095_ForcepToReference-SequenceTransform =-0.517893 -0.833697 -0.191664 -17.4146 0.747284 -0.549959 0.372977 182.155 -0.416357 0.0499346 0.907829 8.9805 0 0 0 1 
Seq_Frame0095_ForcepToReference-SequenceTransformStatus = OK
Seq_Frame0095_Timestamp = 14.674
Seq_Frame0096_ForcepToReference-SequenceTransform =-0.500511 -0.819657 -0.27866 -15.3955 0.743672 -0.571851 0.346322 181.278 -0.443217 -0.0338934 0.895773 11.6593 0 0 0 1 
Seq_Frame0096_ForcepToReference-SequenceTransformStatus = OK
Seq_Frame0096_Timestamp = 14.79
Seq_Frame0097_ForcepToReference-SequenceTransform =-0.498311 -0.799925 -0.334375 -12.1467 0.739221 -0.593525 0.318246 180.254 -0.453033 -0.0885918 0.887081 13.2887 0 0 0 1 
Seq_Frame0097_ForcepToReference-SequenceTransformStatus = OK
Seq_Frame0097_Timestamp = 14.898
Seq_Frame0098_ForcepToReference-SequenceTransform =-0.541372 -0.808689 -0.230084 -18.1698 0.742631 -0.588231 0.320131 179.13 -0.394229 0.00244223 0.919009 4.39924 0 0 0 1 
Seq_Frame0098_ForcepToReference-SequenceTransformStatus = OK
Seq_Frame0098_Timestamp = 15.027
Seq_Frame0099_ForcepToReference-SequenceTransform =-0.490382 -0.848855 -0.19741 -18.8046 0.78231 -0.528577 0.329541 177.514 -0.384079 0.00716518 0.923272 -7.55094 0 0 0 1 
Seq_Frame0099_ForcepToReference-SequenceTransformStatus = OK
Seq_Frame0099_Timestamp = 15.15
Seq_Frame0100_ForcepToReference-SequenceTransform =-0.469761 -0.848411 -0.243974 -14.5222 0.791675 -0.527149 0.308812 178.272 -0.39061 -0.0480802 0.9193 -9.24857 0 0 0 1 
Seq_Frame0100_ForcepToReference-SequenceTransformStatus = OK
Seq_Frame0100_Timestamp = 15.255
Seq_Frame0101_ForcepToReference-SequenceTransform =-0.435165 -0.851133 -0.293605 -5.46536 0.81238 -0.511772 0.279515 181.172 -0.388163 -0.116884 0.914148 -1.38552 0 0 0 1 
Seq_Frame0101_ForcepToReference-SequenceTransformStatus = OK
Seq_Frame0101_Timestamp = 15.361
Seq_Frame0102_ForcepToReference-SequenceTransform =-0.411949 -0.845277 -0.340302 14.021 0.831571 -0.501433 0.238862 185.282 -0.372543 -0.184586 0.909472 17.8306 0 0 0 1 
Seq_Frame0102_ForcepToReference-SequenceTransformStatus = OK
Seq_Frame0102_Timestamp = 15.462
Seq_Frame0103_ForcepToReference-SequenceTransform =-0.359745 -0.759896 -0.541426 29.7786 0.843165 -0.513256 0.160127 190.773 -0.39957 -0.398906 0.825359 39.0789 0 0 0 1 
Seq_Frame0103_ForcepToReference-SequenceTransformStatus = OK
Seq_Frame0103_Timestamp = 15.585
Seq_Frame0104_ForcepToReference-SequenceTransform =-0.362284 -0.859088 -0.361551 33.1847 0.92744 -0.293653 -0.231567 210.841 0.0927656 -0.419209 0.903138 58.058 0 0 0 1 
Seq_Frame0104_ForcepToReference-SequenceTransformStatus = OK
Seq_Frame0104_Timestamp = 15.709
Seq_Frame0105_ForcepToReference-SequenceTransform =-0.360724 -0.679213 -0.639177 52.2131 0.920309 -0.370428 -0.125752 219.771 -0.151357 -0.633603 0.758709 67.6904 0 0 0 1 
Seq_Frame0105_ForcepToReference-SequenceTransformStatus = OK
Seq_Frame0105_Timestamp = 15.832
Seq_Frame0106_ForcepToReference-SequenceTransform =-0.36798 -0.644639 -0.670098 60.9895 0.919143 -0.36115 -0.157314 214.325 -0.140595 -0.673804 0.725411 73.2348 0 0 0 1 
Seq_Frame0106_ForcepToReference-SequenceTransformStatus = OK
Seq_Frame0106_Timestamp = 15.958
Seq_Frame0107_ForcepToReference-SequenceTransform =-0.326115 -0.616876 -0.716318 70.0504 0.918704 -0.385389 -0.0863667 208.201 -0.222784 -0.68625 0.692408 77.2585 0 0 0 1 
Seq_Frame0107_ForcepToReference-SequenceTransformStatus = OK
Seq_Frame0107_Timestamp = 16.077
Seq_Frame0108_ForcepToReference-SequenceTransform =-0.271907 -0.643204 -0.71579 74.772 0.928856 -0.369874 -0.0204786 205.5 -0.25158 -0.670434 0.698015 79.0303 0 0 0 1 
Seq_Frame0108_ForcepToReference-SequenceTransformStatus = OK
Seq_Frame0108_Timestamp = 16.179
Seq_Frame0109_ForcepToReference-SequenceTransform =-0.237168 -0.669056 -0.704354 77.9846 0.942113 -0.335293 0.00126505 203.617 -0.237012 -0.663281 0.709847 83.2413 0 0 0 1 
Seq_Frame0109_ForcepToReference-SequenceTransformStatus = OK
Seq_Frame0109_Timestamp = 16.299
Seq_Frame0110_ForcepToReference-SequenceTransform =-0.244943 -0.684051 -0.687079 76.9538 0.947877 -0.317918 -0.0214009 203.889 -0.203795 -0.656508 0.726268 84.7814 0 0 0 1 
Seq_Frame0110_ForcepToReference-SequenceTransformStatus = OK
Seq_Frame0110_Timestamp = 16.406
Seq_Frame0111_ForcepToReference-SequenceTransform =-0.262654 -0.708812 -0.654674 74.275 0.949157 -0.311826 -0.0431887 206.331 -0.173532 -0.632732 0.754677 84.8911 0 0 0 1 
Seq_Frame0111_ForcepToReference-SequenceTransformStatus = OK
Seq_Frame0111_Timestamp = 16.514
Seq_Frame0112_ForcepToReference-SequenceTransform =-0.24562 -0.719196 -0.649944 75.7952 0.956702 -0.287877 -0.0429949 203.729 -0.156183 -0.632363 0.758765 84.2725 0 0 0 1 
Seq_Frame0112_ForcepToReference-SequenceTransformStatus = OK
Seq_Frame0112_Timestamp = 16.635
Seq_Frame0113_ForcepToReference-SequenceTransform =-0.237896 -0.722275 -0.649403 76.5896 0.963882 -0.257976 -0.0661756 200.667 -0.119733 -0.641691 0.75756 85.3501 0 0 0 1 
Seq_Frame0113_ForcepToReference-SequenceTransformStatus = OK
Seq_Frame0113_Timestamp = 16.742
Seq_Frame0114_ForcepToReference-SequenceTransform =-0.256088 -0.722502 -0.642192 75.1278 0.960004 -0.26788 -0.0814425 201.772 -0.113188 -0.637363 0.762205 86.1104 0 0 0 1 
Seq_Frame0114_ForcepToReference-SequenceTransformStatus = OK
Seq_Frame0114_Timestamp = 16.849
Seq_Frame0115_ForcepToReference-SequenceTransform =-0.261826 -0.723999 -0.638179 75.181 0.959005 -0.269459 -0.0877567 200.869 -0.108428 -0.634994 0.76487 87.4561 0 0 0 1 
Seq_Frame0115_ForcepToReference-SequenceTransformStatus = OK
Seq_Frame0115_Timestamp = 16.974
Seq_Frame0116_ForcepToReference-SequenceTransform =-0.269511 -0.693443 -0.668207 76.516 0.955903 -0.276714 -0.0983834 200.702 -0.116679 -0.665256 0.737442 89.1579 0 0 0 1 
Seq_Frame0116_ForcepToReference-SequenceTransformStatus = OK
Seq_Frame0116_Timestamp = 17.085
Seq_Frame0117_ForcepToReference-SequenceTransform =-0.270619 -0.703466 -0.657192 77.3669 0.956581 -0.27326 -0.1014 199.201 -0.108253 -0.656098 0.746872 90.6631 0 0 0 1 
Seq_Frame0117_ForcepToReference-SequenceTransformStatus = OK
Seq_Frame0117_Timestamp = 17.194
Seq_Frame0118_ForcepToReference-SequenceTransform =-0.29348 -0.678063 -0.67387 76.1382 0.948184 -0.296229 -0.114875 199.897 -0.121727 -0.672666 0.729865 90.9554 0 0 0 1 
Seq_Frame0118_ForcepToReference-SequenceTransformStatus = OK
Seq_Frame0118_Timestamp = 17.319
Seq_Frame0119_ForcepToReference-SequenceTransform =-0.307441 -0.659064 -0.686378 75.4892 0.944584 -0.298599 -0.13638 200.524 -0.115069 -0.69027 0.714343 92.3002 0 0 0 1 
Seq_Frame0119_ForcepToReference-SequenceTransformStatus = OK
Seq_Frame0119_Timestamp = 17.437
Seq_Frame0120_ForcepToReference-SequenceTransform =-0.310544 -0.640069 -0.702762 75.1023 0.937009 -0.330511 -0.11303 200.504 -0.159924 -0.693595 0.702389 91.6459 0 0 0 1 
Seq_Frame0120_ForcepToReference-SequenceTransformStatus = OK
Seq_Frame0120_Timestamp = 17.562
Seq_Frame0121_ForcepToReference-SequenceTransform =-0.31526 -0.638182 -0.702378 75.2074 0.933814 -0.340507 -0.109754 199.444 -0.169121 -0.690491 0.703292 91.6367 0 0 0 1 
Seq_Frame0121_ForcepToReference-SequenceTransformStatus = OK
Seq_Frame0121_Timestamp = 17.671
Seq_Frame0122_ForcepToReference-SequenceTransform =-0.321399 -0.63251 -0.704723 71.2796 0.922485 -0.377185 -0.0821777 196.1 -0.213833 -0.676508 0.704708 90.0818 0 0 0 1 
Seq_Frame0122_ForcepToReference-SequenceTransformStatus = OK
Seq_Frame0122_Timestamp = 18.238
Seq_Frame0123_ForcepToReference-SequenceTransform =-0.328443 -0.636597 -0.69776 71.4888 0.919302 -0.385035 -0.0814405 195.738 -0.216817 -0.668201 0.711687 91.1807 0 0 0 1 
Seq_Frame0123_ForcepToReference-SequenceTransformStatus = OK
Seq_Frame0123_Timestamp = 18.359
Seq_Frame0124_ForcepToReference-SequenceTransform =-0.383996 -0.633801 -0.671449 66.5367 0.913161 -0.368334 -0.174548 196.788 -0.136689 -0.680167 0.720201 94.4243 0 0 0 1 
Seq_Frame0124_ForcepToReference-SequenceTransformStatus = OK
Seq_Frame0124_Timestamp = 19.463
Seq_Frame0125_ForcepToReference-SequenceTransform =-0.382246 -0.634205 -0.672065 67.1672 0.913599 -0.368502 -0.171879 196.451 -0.138651 -0.679698 0.720268 95.2739 0 0 0 1 
Seq_Frame0125_ForcepToReference-SequenceTransformStatus = OK
Seq_Frame0125_Timestamp = 19.57
Seq_Frame0126_ForcepToReference-SequenceTransform =-0.384461 -0.636149 -0.668958 67.4374 0.911925 -0.374338 -0.16812 196.287 -0.143467 -0.674675 0.724038 95.4274 0 0 0 1 
Seq_Frame0126_ForcepToReference-SequenceTransformStatus = OK
Seq_Frame0126_Timestamp = 19.676
Seq_Frame0127_ForcepToReference-SequenceTransform =-0.393107 -0.664203 -0.635846 67.7177 0.917637 -0.327297 -0.225429 196.332 -0.0583802 -0.672094 0.738161 96.9296 0 0 0 1 
Seq_Frame0127_ForcepToReference-SequenceTransformStatus = OK
Seq_Frame0127_Timestamp = 19.928
Seq_Frame0128_ForcepToReference-SequenceTransform =-0.361001 -0.526669 -0.769609 78.6865 0.882136 -0.460557 -0.0986087 189.66 -0.302515 -0.714497 0.630855 84.5166 0 0 0 1 
Seq_Frame0128_ForcepToReference-SequenceTransformStatus = OK
Seq_Frame0128_Timestamp = 22.16
Seq_Frame0129_ForcepToReference-SequenceTransform =-0.368877 -0.510424 -0.776787 80.0315 0.878486 -0.46446 -0.111977 190.67 -0.30363 -0.723702 0.619729 84.842 0 0 0 1 
Seq_Frame0129_ForcepToReference-SequenceTransformStatus = OK
Seq_Frame0129_Timestamp = 22.279
Seq_Frame0130_ForcepToReference-SequenceTransform =-0.38456 -0.484342 -0.785828 80.8528 0.867759 -0.480003 -0.128807 189.888 -0.314813 -0.731444 0.604882 85.693 0 0 0 1 
Seq_Frame0130_ForcepToReference-SequenceTransformStatus = OK
Seq_Frame0130_Timestamp = 22.496
Seq_Frame0131_ForcepToReference-SequenceTransform =-0.361049 -0.493703 -0.791139 81.8103 0.878911 -0.463716 -0.111728 189.393 -0.311703 -0.73568 0.601345 86.0388 0 0 0 1 
Seq_Frame0131_ForcepToReference-SequenceTransformStatus = OK
Seq_Frame0131_Timestamp = 22.619
Seq_Frame0132_ForcepToReference-SequenceTransform =-0.340155 -0.552439 -0.76099 82.3553 0.89259 -0.444349 -0.076405 187.525 -0.295936 -0.705241 0.644249 83.5475 0 0 0 1 
Seq_Frame0132_ForcepToReference-SequenceTransformStatus = OK
Seq_Frame0132_Timestamp = 22.745
Seq_Frame0133_ForcepToReference-SequenceTransform =-0.33628 -0.571227 -0.748743 79.6196 0.885457 -0.462558 -0.0447898 186.359 -0.320752 -0.678042 0.661345 82.2382 0 0 0 1 
Seq_Frame0133_ForcepToReference-SequenceTransformStatus = OK
Seq_Frame0133_Timestamp = 22.866
Seq_Frame0134_ForcepToReference-SequenceTransform =-0.310869 -0.577325 -0.755021 78.6311 0.887117 -0.461377 -0.0124674 186.563 -0.341152 -0.673667 0.655582 82.2287 0 0 0 1 
Seq_Frame0134_ForcepToReference-SequenceTransformStatus = OK
Seq_Frame0134_Timestamp = 22.978
Seq_Frame0135_ForcepToReference-SequenceTransform =-0.317525 -0.58865 -0.743417 75.7694 0.885761 -0.464014 -0.0109072 186.332 -0.338536 -0.661953 0.668739 81.3508 0 0 0 1 
Seq_Frame0135_ForcepToReference-SequenceTransformStatus = OK
Seq_Frame0135_Timestamp = 23.104
Seq_Frame0136_ForcepToReference-SequenceTransform =-0.306548 -0.586011 -0.750079 77.9366 0.890817 -0.454269 -0.00916131 187.075 -0.335369 -0.670992 0.661285 83.0993 0 0 0 1 
Seq_Frame0136_ForcepToReference-SequenceTransformStatus = OK
Seq_Frame0136_Timestamp = 23.219
Seq_Frame0137_ForcepToReference-SequenceTransform =-0.302929 -0.607836 -0.734009 74.9676 0.88617 -0.463021 0.0177031 185.784 -0.350622 -0.645095 0.678909 81.8509 0 0 0 1 
Seq_Frame0137_ForcepToReference-SequenceTransformStatus = OK
Seq_Frame0137_Timestamp = 23.352
Seq_Frame0138_ForcepToReference-SequenceTransform =-0.334121 -0.574614 -0.747116 75.4385 0.884235 -0.465544 -0.0373893 189.008 -0.326331 -0.673118 0.663641 85.3916 0 0 0 1 
Seq_Frame0138_ForcepToReference-SequenceTransformStatus = OK
Seq_Frame0138_Timestamp = 23.478
Seq_Frame0139_ForcepToReference-SequenceTransform =-0.359756 -0.525503 -0.770988 79.3937 0.892865 -0.433772 -0.120968 191.853 -0.270864 -0.731907 0.625256 87.2169 0 0 0 1 
Seq_Frame0139_ForcepToReference-SequenceTransformStatus = OK
Seq_Frame0139_Timestamp = 23.7
Seq_Frame0140_ForcepToReference-SequenceTransform =-0.363864 -0.51482 -0.77625 81.1876 0.895528 -0.422568 -0.139522 193.043 -0.25619 -0.74592 0.614793 87.7286 0 0 0 1 
Seq_Frame0140_ForcepToReference-SequenceTransformStatus = OK
Seq_Frame0140_Timestamp = 23.806
Seq_Frame0141_ForcepToReference-SequenceTransform =-0.343147 -0.530409 -0.775188 81.9941 0.897012 -0.429847 -0.102958 191.048 -0.278602 -0.730683 0.623284 85.2272 0 0 0 1 
Seq_Frame0141_ForcepToReference-SequenceTransformStatus = OK
Seq_Frame0141_Timestamp = 23.915
Seq_Frame0142_ForcepToReference-SequenceTransform =-0.327388 -0.558469 -0.762187 80.4719 0.892389 -0.447885 -0.0551406 188.486 -0.310578 -0.69822 0.645004 84.477 0 0 0 1 
Seq_Frame0142_ForcepToReference-SequenceTransformStatus = OK
Seq_Frame0142_Timestamp = 24.041
Seq_Frame0143_ForcepToReference-SequenceTransform =-0.321256 -0.581227 -0.747643 79.2093 0.897463 -0.438843 -0.044471 188.595 -0.30225 -0.685268 0.662611 85.224 0 0 0 1 
Seq_Frame0143_ForcepToReference-SequenceTransformStatus = OK
Seq_Frame0143_Timestamp = 24.167
Seq_Frame0144_ForcepToReference-SequenceTransform =-0.320648 -0.574782 -0.752868 80.3744 0.893548 -0.447262 -0.039098 188.124 -0.314257 -0.685261 0.657009 85.8751 0 0 0 1 
Seq_Frame0144_ForcepToReference-SequenceTransformStatus = OK
Seq_Frame0144_Timestamp = 24.287
Seq_Frame0145_ForcepToReference-SequenceTransform =-0.3126 -0.582271 -0.750494 80.0097 0.894235 -0.446854 -0.0257808 187.812 -0.32035 -0.679178 0.660374 86.1661 0 0 0 1 
Seq_Frame0145_ForcepToReference-SequenceTransformStatus = OK
Seq_Frame0145_Timestamp = 24.401
Seq_Frame0146_ForcepToReference-SequenceTransform =-0.324754 -0.566212 -0.757588 78.7795 0.894288 -0.444566 -0.0510893 189.586 -0.307871 -0.694093 0.650731 86.9779 0 0 0 1 
Seq_Frame0146_ForcepToReference-SequenceTransformStatus = OK
Seq_Frame0146_Timestamp = 24.512
Seq_Frame0147_ForcepToReference-SequenceTransform =-0.294278 -0.591425 -0.750744 75.9373 0.912405 -0.407657 -0.0365 190.936 -0.284459 -0.695724 0.659584 88.5996 0 0 0 1 
Seq_Frame0147_ForcepToReference-SequenceTransformStatus = OK
Seq_Frame0147_Timestamp = 25.374
Seq_Frame0148_ForcepToReference-SequenceTransform =-0.288392 -0.59408 -0.750932 75.9665 0.909963 -0.414113 -0.0218524 190.583 -0.297989 -0.689622 0.660018 87.7448 0 0 0 1 
Seq_Frame0148_ForcepToReference-SequenceTransformStatus = OK
Seq_Frame0148_Timestamp = 25.485
Seq_Frame0149_ForcepToReference-SequenceTransform =-0.291667 -0.603347 -0.742228 75.385 0.920348 -0.388393 -0.0459415 191.295 -0.260558 -0.696508 0.668571 87.7535 0 0 0 1 
Seq_Frame0149_ForcepToReference-SequenceTransformStatus = OK
Seq_Frame0149_Timestamp = 25.609
