ObjectType = Image
NDims = 3
AnatomicalOrientation = RAI
BinaryData = True
CompressedData = False
DimSize = 0 0 82
ElementSpacing = 1 1 1
Offset = 0 0 0
TransformMatrix = 1 0 0 0 1 0 0 0 1
ElementType = MET_UCHAR
Kinds = domain domain list
Seq_Frame0000_DriverToReference-SequenceTransform =-0.541456 0.836735 0.0818495 -109.16 0.586676 0.30631 0.749656 79.8678 0.602193 0.453925 -0.656746 126.179 0 0 0 1 
Seq_Frame0000_DriverToReference-SequenceTransformStatus = OK
Seq_Frame0000_Timestamp = 0.00699997
Seq_Frame0001_DriverToReference-SequenceTransform =-0.541961 0.836285 0.0830988 -109.205 0.587443 0.306264 0.749075 79.8798 0.60099 0.454786 -0.657253 126.186 0 0 0 1 
Seq_Frame0001_DriverToReference-SequenceTransformStatus = OK
Seq_Frame0001_Timestamp = 0.113
Seq_Frame0002_DriverToReference-SequenceTransform =-0.541979 0.836262 0.0832168 -109.202 0.58782 0.306461 0.748698 79.8869 0.600605 0.454695 -0.657667 126.171 0 0 0 1 
Seq_Frame0002_DriverToReference-SequenceTransformStatus = OK
Seq_Frame0002_Timestamp = 0.218
Seq_Frame0003_DriverToReference-SequenceTransform =-0.542135 0.836076 0.0840649 -109.211 0.588317 0.306231 0.748402 79.8959 0.599978 0.455192 -0.657896 126.161 0 0 0 1 
Seq_Frame0003_DriverToReference-SequenceTransformStatus = OK
Seq_Frame0003_Timestamp = 0.323
Seq_Frame0004_DriverToReference-SequenceTransform =-0.541885 0.836343 0.083012 -109.198 0.587022 0.305949 0.749533 79.8515 0.60147 0.454891 -0.656741 126.201 0 0 0 1 
Seq_Frame0004_DriverToReference-SequenceTransformStatus = OK
Seq_Frame0004_Timestamp = 0.424
Seq_Frame0005_DriverToReference-SequenceTransform =-0.541713 0.836514 0.0824073 -109.184 0.586682 0.306066 0.749752 79.8668 0.601956 0.454497 -0.656568 126.166 0 0 0 1 
Seq_Frame0005_DriverToReference-SequenceTransformStatus = OK
Seq_Frame0005_Timestamp = 0.539
Seq_Frame0006_DriverToReference-SequenceTransform =-0.541135 0.837129 0.0799266 -109.171 0.585331 0.306708 0.750545 79.8708 0.603788 0.452929 -0.655968 126.13 0 0 0 1 
Seq_Frame0006_DriverToReference-SequenceTransformStatus = OK
Seq_Frame0006_Timestamp = 0.648
Seq_Frame0007_DriverToReference-SequenceTransform =-0.541371 0.836846 0.0812776 -109.177 0.585396 0.305776 0.750875 79.8547 0.603514 0.454082 -0.655424 126.148 0 0 0 1 
Seq_Frame0007_DriverToReference-SequenceTransformStatus = OK
Seq_Frame0007_Timestamp = 0.754
Seq_Frame0008_DriverToReference-SequenceTransform =-0.541298 0.836833 0.0818953 -109.156 0.585687 0.305369 0.750813 79.8601 0.603297 0.454378 -0.655418 126.146 0 0 0 1 
Seq_Frame0008_DriverToReference-SequenceTransformStatus = OK
Seq_Frame0008_Timestamp = 0.863
Seq_Frame0009_DriverToReference-SequenceTransform =-0.589941 0.802242 0.0915268 -108.85 0.564946 0.329116 0.75665 78.9002 0.576894 0.498086 -0.647382 125.004 0 0 0 1 
Seq_Frame0009_DriverToReference-SequenceTransformStatus = OK
Seq_Frame0009_Timestamp = 0.975
Seq_Frame0010_DriverToReference-SequenceTransform =-0.60604 0.788417 0.105428 -109.562 0.571158 0.339076 0.747533 78.2846 0.55362 0.513251 -0.655804 123.395 0 0 0 1 
Seq_Frame0010_DriverToReference-SequenceTransformStatus = OK
Seq_Frame0010_Timestamp = 1.078
Seq_Frame0011_DriverToReference-SequenceTransform =-0.60968 0.78594 0.102902 -109.586 0.567534 0.342208 0.748865 78.141 0.553349 0.514968 -0.654685 123.062 0 0 0 1 
Seq_Frame0011_DriverToReference-SequenceTransformStatus = OK
Seq_Frame0011_Timestamp = 1.189
Seq_Frame0012_DriverToReference-SequenceTransform =-0.616434 0.78133 0.0976364 -108.63 0.564777 0.352331 0.74625 78.2062 0.548667 0.515157 -0.658466 124.055 0 0 0 1 
Seq_Frame0012_DriverToReference-SequenceTransformStatus = OK
Seq_Frame0012_Timestamp = 1.298
Seq_Frame0013_DriverToReference-SequenceTransform =-0.617551 0.781924 0.0850087 -107.477 0.569089 0.369602 0.734528 79.5985 0.542926 0.501986 -0.673232 123.789 0 0 0 1 
Seq_Frame0013_DriverToReference-SequenceTransformStatus = OK
Seq_Frame0013_Timestamp = 1.409
Seq_Frame0014_DriverToReference-SequenceTransform =-0.618297 0.780306 0.09398 -106.805 0.593749 0.385401 0.706349 81.1157 0.514948 0.492533 -0.701598 123.961 0 0 0 1 
Seq_Frame0014_DriverToReference-SequenceTransformStatus = OK
Seq_Frame0014_Timestamp = 1.515
Seq_Frame0015_DriverToReference-SequenceTransform =-0.605592 0.789653 0.0985201 -107.233 0.634172 0.40411 0.659181 82.23 0.480712 0.461674 -0.745502 123.471 0 0 0 1 
Seq_Frame0015_DriverToReference-SequenceTransformStatus = OK
Seq_Frame0015_Timestamp = 1.624
Seq_Frame0016_DriverToReference-SequenceTransform =-0.60252 0.7868 0.133852 -108.065 0.6885 0.427589 0.585778 84.8411 0.403656 0.4451 -0.799342 125.471 0 0 0 1 
Seq_Frame0016_DriverToReference-SequenceTransformStatus = OK
Seq_Frame0016_Timestamp = 1.729
Seq_Frame0017_DriverToReference-SequenceTransform =-0.618905 0.777423 0.112115 -102.33 0.704499 0.486306 0.516901 88.8703 0.347329 0.398898 -0.848672 124.226 0 0 0 1 
Seq_Frame0017_DriverToReference-SequenceTransformStatus = OK
Seq_Frame0017_Timestamp = 1.839
Seq_Frame0018_DriverToReference-SequenceTransform =-0.616567 0.778583 0.116846 -101.018 0.722185 0.500207 0.477746 99.2732 0.313518 0.378947 -0.870692 122.009 0 0 0 1 
Seq_Frame0018_DriverToReference-SequenceTransformStatus = OK
Seq_Frame0018_Timestamp = 1.941
Seq_Frame0019_DriverToReference-SequenceTransform =-0.591718 0.799796 0.100977 -104.741 0.713121 0.460903 0.52823 117.009 0.375935 0.384572 -0.843076 119.289 0 0 0 1 
Seq_Frame0019_DriverToReference-SequenceTransformStatus = OK
Seq_Frame0019_Timestamp = 2.048
Seq_Frame0020_DriverToReference-SequenceTransform =-0.571575 0.819103 0.0487033 -108.447 0.68045 0.439978 0.586009 137.149 0.458574 0.368088 -0.808839 118.218 0 0 0 1 
Seq_Frame0020_DriverToReference-SequenceTransformStatus = OK
Seq_Frame0020_Timestamp = 2.153
Seq_Frame0021_DriverToReference-SequenceTransform =-0.551453 0.83388 -0.0233327 -107.397 0.600077 0.415956 0.683292 152.267 0.579488 0.362802 -0.729773 120.74 0 0 0 1 
Seq_Frame0021_DriverToReference-SequenceTransformStatus = OK
Seq_Frame0021_Timestamp = 2.263
Seq_Frame0022_DriverToReference-SequenceTransform =-0.53669 0.840745 -0.0714986 -100.9 0.485919 0.377234 0.788402 164.057 0.689817 0.388385 -0.610991 122.168 0 0 0 1 
Seq_Frame0022_DriverToReference-SequenceTransformStatus = OK
Seq_Frame0022_Timestamp = 2.368
Seq_Frame0023_DriverToReference-SequenceTransform =-0.530959 0.8294 -0.173718 -89.1891 0.347648 0.400157 0.847948 176.23 0.772803 0.389832 -0.500806 117.753 0 0 0 1 
Seq_Frame0023_DriverToReference-SequenceTransformStatus = OK
Seq_Frame0023_Timestamp = 2.479
Seq_Frame0024_DriverToReference-SequenceTransform =-0.639853 0.76611 -0.0605345 -69.0988 0.407015 0.404643 0.818903 185.081 0.651865 0.499339 -0.57073 122.913 0 0 0 1 
Seq_Frame0024_DriverToReference-SequenceTransformStatus = OK
Seq_Frame0024_Timestamp = 2.583
Seq_Frame0025_DriverToReference-SequenceTransform =-0.712503 0.697448 -0.0768486 -48.808 0.295676 0.397759 0.868541 200.879 0.636329 0.596116 -0.489623 124.97 0 0 0 1 
Seq_Frame0025_DriverToReference-SequenceTransformStatus = OK
Seq_Frame0025_Timestamp = 2.694
Seq_Frame0026_DriverToReference-SequenceTransform =-0.87473 0.456103 -0.163762 -32.4101 0.0993895 0.499586 0.860544 227.736 0.47431 0.736467 -0.482335 134.654 0 0 0 1 
Seq_Frame0026_DriverToReference-SequenceTransformStatus = OK
Seq_Frame0026_Timestamp = 2.799
Seq_Frame0027_DriverToReference-SequenceTransform =-0.935974 0.28708 -0.203811 -12.7421 -0.0507026 0.462948 0.884934 245.043 0.3484 0.838609 -0.418752 148.67 0 0 0 1 
Seq_Frame0027_DriverToReference-SequenceTransformStatus = OK
Seq_Frame0027_Timestamp = 2.908
Seq_Frame0028_DriverToReference-SequenceTransform =-0.976498 0.132135 -0.170271 2.23564 -0.103922 0.403452 0.90908 253.776 0.188817 0.90541 -0.380238 159.555 0 0 0 1 
Seq_Frame0028_DriverToReference-SequenceTransformStatus = OK
Seq_Frame0028_Timestamp = 3.013
Seq_Frame0029_DriverToReference-SequenceTransform =-0.980741 0.0512658 -0.188467 11.5602 -0.154515 0.386577 0.909221 255.426 0.119469 0.920831 -0.371211 166.007 0 0 0 1 
Seq_Frame0029_DriverToReference-SequenceTransformStatus = OK
Seq_Frame0029_Timestamp = 3.123
Seq_Frame0030_DriverToReference-SequenceTransform =-0.971036 -0.0510767 -0.233412 16.6639 -0.234583 0.389397 0.890697 259.126 0.0453961 0.919653 -0.3901 172 0 0 0 1 
Seq_Frame0030_DriverToReference-SequenceTransformStatus = OK
Seq_Frame0030_Timestamp = 3.229
Seq_Frame0031_DriverToReference-SequenceTransform =-0.956161 -0.109293 -0.271683 20.4571 -0.292748 0.380303 0.877307 263.559 0.00743851 0.918381 -0.395626 177.716 0 0 0 1 
Seq_Frame0031_DriverToReference-SequenceTransformStatus = OK
Seq_Frame0031_Timestamp = 3.338
Seq_Frame0032_DriverToReference-SequenceTransform =-0.93491 -0.136782 -0.327465 22.8197 -0.354846 0.346808 0.868221 269.521 -0.00519008 0.927909 -0.372771 184.183 0 0 0 1 
Seq_Frame0032_DriverToReference-SequenceTransformStatus = OK
Seq_Frame0032_Timestamp = 3.448
Seq_Frame0033_DriverToReference-SequenceTransform =-0.90173 -0.214441 -0.375364 22.0573 -0.427294 0.310367 0.849172 275.087 -0.0655964 0.926114 -0.371497 188.792 0 0 0 1 
Seq_Frame0033_DriverToReference-SequenceTransformStatus = OK
Seq_Frame0033_Timestamp = 3.553
Seq_Frame0034_DriverToReference-SequenceTransform =-0.865735 -0.28345 -0.412503 21.9766 -0.492348 0.33414 0.803706 281.722 -0.0899767 0.898892 -0.428833 195.326 0 0 0 1 
Seq_Frame0034_DriverToReference-SequenceTransformStatus = OK
Seq_Frame0034_Timestamp = 3.663
Seq_Frame0035_DriverToReference-SequenceTransform =-0.810296 -0.378212 -0.447634 21.025 -0.577924 0.389193 0.71731 285.709 -0.097079 0.839931 -0.533939 201.513 0 0 0 1 
Seq_Frame0035_DriverToReference-SequenceTransformStatus = OK
Seq_Frame0035_Timestamp = 3.768
Seq_Frame0036_DriverToReference-SequenceTransform =-0.788837 -0.438998 -0.430137 21.6787 -0.592079 0.355071 0.723441 286.77 -0.16486 0.825352 -0.540014 205.378 0 0 0 1 
Seq_Frame0036_DriverToReference-SequenceTransformStatus = OK
Seq_Frame0036_Timestamp = 3.879
Seq_Frame0037_DriverToReference-SequenceTransform =-0.790568 -0.4624 -0.401482 24.0632 -0.583913 0.371661 0.721743 286.741 -0.184519 0.805018 -0.563825 205.734 0 0 0 1 
Seq_Frame0037_DriverToReference-SequenceTransformStatus = OK
Seq_Frame0037_Timestamp = 3.983
Seq_Frame0038_DriverToReference-SequenceTransform =-0.789947 -0.447929 -0.41874 24.8829 -0.598498 0.41473 0.685419 286.468 -0.133355 0.79206 -0.595699 205.812 0 0 0 1 
Seq_Frame0038_DriverToReference-SequenceTransformStatus = OK
Seq_Frame0038_Timestamp = 4.093
Seq_Frame0039_DriverToReference-SequenceTransform =-0.773285 -0.464338 -0.431765 23.4852 -0.622583 0.427078 0.655739 285.947 -0.120087 0.775883 -0.619342 205.13 0 0 0 1 
Seq_Frame0039_DriverToReference-SequenceTransformStatus = OK
Seq_Frame0039_Timestamp = 4.199
Seq_Frame0040_DriverToReference-SequenceTransform =-0.762091 -0.461542 -0.454089 20.5267 -0.639115 0.423932 0.641727 287.525 -0.103682 0.779269 -0.618053 207.155 0 0 0 1 
Seq_Frame0040_DriverToReference-SequenceTransformStatus = OK
Seq_Frame0040_Timestamp = 4.308
Seq_Frame0041_DriverToReference-SequenceTransform =-0.764603 -0.468166 -0.442947 23.9509 -0.640185 0.472285 0.605895 284.5 -0.0744624 0.746838 -0.660824 206.193 0 0 0 1 
Seq_Frame0041_DriverToReference-SequenceTransformStatus = OK
Seq_Frame0041_Timestamp = 4.414
Seq_Frame0042_DriverToReference-SequenceTransform =-0.809796 -0.428741 -0.400513 32.2533 -0.577583 0.462609 0.6726 278.398 -0.10309 0.775998 -0.622253 202.821 0 0 0 1 
Seq_Frame0042_DriverToReference-SequenceTransformStatus = OK
Seq_Frame0042_Timestamp = 4.523
Seq_Frame0043_DriverToReference-SequenceTransform =-0.805834 -0.432401 -0.40455 39.1399 -0.577505 0.42294 0.698291 275.269 -0.130841 0.796336 -0.590533 201.187 0 0 0 1 
Seq_Frame0043_DriverToReference-SequenceTransformStatus = OK
Seq_Frame0043_Timestamp = 4.629
Seq_Frame0044_DriverToReference-SequenceTransform =-0.805158 -0.426406 -0.412188 40.8882 -0.583542 0.445587 0.678919 274.253 -0.10583 0.787166 -0.607593 201.195 0 0 0 1 
Seq_Frame0044_DriverToReference-SequenceTransformStatus = OK
Seq_Frame0044_Timestamp = 4.738
Seq_Frame0045_DriverToReference-SequenceTransform =-0.804064 -0.430568 -0.409991 38.3847 -0.584686 0.447601 0.676606 275.613 -0.107812 0.78375 -0.611647 201.17 0 0 0 1 
Seq_Frame0045_DriverToReference-SequenceTransformStatus = OK
Seq_Frame0045_Timestamp = 4.844
Seq_Frame0046_DriverToReference-SequenceTransform =-0.79501 -0.425336 -0.43249 38.7483 -0.599385 0.441208 0.667888 276.723 -0.0932589 0.790205 -0.605705 202.918 0 0 0 1 
Seq_Frame0046_DriverToReference-SequenceTransformStatus = OK
Seq_Frame0046_Timestamp = 4.953
Seq_Frame0047_DriverToReference-SequenceTransform =-0.787816 -0.43719 -0.433832 39.53 -0.60528 0.419261 0.676651 277.758 -0.113937 0.795667 -0.594923 203.729 0 0 0 1 
Seq_Frame0047_DriverToReference-SequenceTransformStatus = OK
Seq_Frame0047_Timestamp = 5.066
Seq_Frame0048_DriverToReference-SequenceTransform =-0.77601 -0.426852 -0.464334 43.6558 -0.622948 0.403488 0.670174 280.129 -0.0987117 0.809318 -0.579017 207.692 0 0 0 1 
Seq_Frame0048_DriverToReference-SequenceTransformStatus = OK
Seq_Frame0048_Timestamp = 5.168
Seq_Frame0049_DriverToReference-SequenceTransform =-0.770997 -0.435854 -0.464322 51.468 -0.627291 0.393981 0.671778 282.608 -0.109863 0.809204 -0.577165 211.433 0 0 0 1 
Seq_Frame0049_DriverToReference-SequenceTransformStatus = OK
Seq_Frame0049_Timestamp = 5.279
Seq_Frame0050_DriverToReference-SequenceTransform =-0.766425 -0.432679 -0.474744 56.7118 -0.634377 0.393902 0.665137 284.901 -0.100789 0.810944 -0.576378 214.76 0 0 0 1 
Seq_Frame0050_DriverToReference-SequenceTransformStatus = OK
Seq_Frame0050_Timestamp = 5.383
Seq_Frame0051_DriverToReference-SequenceTransform =-0.767936 -0.437406 -0.467922 59.0176 -0.630233 0.385541 0.673917 285.652 -0.114373 0.812425 -0.571738 216.592 0 0 0 1 
Seq_Frame0051_DriverToReference-SequenceTransformStatus = OK
Seq_Frame0051_Timestamp = 5.493
Seq_Frame0052_DriverToReference-SequenceTransform =-0.761652 -0.448982 -0.467227 59.5261 -0.638634 0.398062 0.658554 286.213 -0.109693 0.799976 -0.58992 216.458 0 0 0 1 
Seq_Frame0052_DriverToReference-SequenceTransformStatus = OK
Seq_Frame0052_Timestamp = 5.598
Seq_Frame0053_DriverToReference-SequenceTransform =-0.76208 -0.43952 -0.475454 59.2386 -0.640821 0.406922 0.650971 286.308 -0.0926417 0.800773 -0.591761 216.925 0 0 0 1 
Seq_Frame0053_DriverToReference-SequenceTransformStatus = OK
Seq_Frame0053_Timestamp = 5.708
Seq_Frame0054_DriverToReference-SequenceTransform =-0.755807 -0.428747 -0.494905 55.3594 -0.648103 0.382054 0.658785 289.516 -0.0933715 0.818664 -0.566631 214.843 0 0 0 1 
Seq_Frame0054_DriverToReference-SequenceTransformStatus = OK
Seq_Frame0054_Timestamp = 5.814
Seq_Frame0055_DriverToReference-SequenceTransform =-0.758559 -0.443649 -0.477245 54.7117 -0.64111 0.377236 0.668334 288.938 -0.116472 0.812938 -0.570584 217.011 0 0 0 1 
Seq_Frame0055_DriverToReference-SequenceTransformStatus = OK
Seq_Frame0055_Timestamp = 5.923
Seq_Frame0056_DriverToReference-SequenceTransform =-0.754055 -0.455031 -0.473654 49.9367 -0.645351 0.379161 0.663143 289.926 -0.122159 0.80572 -0.579563 218.947 0 0 0 1 
Seq_Frame0056_DriverToReference-SequenceTransformStatus = OK
Seq_Frame0056_Timestamp = 6.034
Seq_Frame0057_DriverToReference-SequenceTransform =-0.745107 -0.455684 -0.486999 49.4567 -0.659246 0.392583 0.641306 290.707 -0.101046 0.798893 -0.592924 218.641 0 0 0 1 
Seq_Frame0057_DriverToReference-SequenceTransformStatus = OK
Seq_Frame0057_Timestamp = 6.138
Seq_Frame0058_DriverToReference-SequenceTransform =-0.743394 -0.46269 -0.482995 49.4656 -0.658485 0.379623 0.649833 290.388 -0.117315 0.801127 -0.586884 218.423 0 0 0 1 
Seq_Frame0058_DriverToReference-SequenceTransformStatus = OK
Seq_Frame0058_Timestamp = 6.249
Seq_Frame0059_DriverToReference-SequenceTransform =0.443356 0.670797 0.594531 49.871 -0.407142 0.741619 -0.533138 290.575 -0.798543 -0.0056884 0.601911 222.908 0 0 0 1 
Seq_Frame0059_DriverToReference-SequenceTransformStatus = OK
Seq_Frame0059_Timestamp = 6.353
Seq_Frame0060_DriverToReference-SequenceTransform =0.443356 0.670797 0.594531 49.871 -0.407142 0.741619 -0.533138 290.575 -0.798543 -0.0056884 0.601911 222.908 0 0 0 1 
Seq_Frame0060_DriverToReference-SequenceTransformStatus = OK
Seq_Frame0060_Timestamp = 6.464
Seq_Frame0061_DriverToReference-SequenceTransform =-0.734046 -0.456452 -0.50282 42.0327 -0.669816 0.364625 0.646835 284.142 -0.111909 0.811603 -0.57339 218.711 0 0 0 1 
Seq_Frame0061_DriverToReference-SequenceTransformStatus = OK
Seq_Frame0061_Timestamp = 6.568
Seq_Frame0062_DriverToReference-SequenceTransform =-0.727105 -0.453529 -0.515393 37.1873 -0.679866 0.371359 0.632356 282.972 -0.0953958 0.810188 -0.578356 218.111 0 0 0 1 
Seq_Frame0062_DriverToReference-SequenceTransformStatus = OK
Seq_Frame0062_Timestamp = 6.674
Seq_Frame0063_DriverToReference-SequenceTransform =-0.722487 -0.451609 -0.523509 33.6522 -0.684811 0.363274 0.631717 280.579 -0.0951121 0.814912 -0.571727 214.316 0 0 0 1 
Seq_Frame0063_DriverToReference-SequenceTransformStatus = OK
Seq_Frame0063_Timestamp = 6.783
Seq_Frame0064_DriverToReference-SequenceTransform =-0.712016 -0.453352 -0.536195 30.014 -0.69755 0.369309 0.614031 278.459 -0.0803506 0.811223 -0.57919 211.846 0 0 0 1 
Seq_Frame0064_DriverToReference-SequenceTransformStatus = OK
Seq_Frame0064_Timestamp = 6.895
Seq_Frame0065_DriverToReference-SequenceTransform =-0.693001 -0.47207 -0.544885 26.2793 -0.715642 0.359021 0.599133 277.298 -0.0872079 0.805142 -0.586635 209.445 0 0 0 1 
Seq_Frame0065_DriverToReference-SequenceTransformStatus = OK
Seq_Frame0065_Timestamp = 6.999
Seq_Frame0066_DriverToReference-SequenceTransform =-0.678823 -0.474616 -0.560303 24.3465 -0.729749 0.351199 0.586622 277.303 -0.0816424 0.807093 -0.584753 209.172 0 0 0 1 
Seq_Frame0066_DriverToReference-SequenceTransformStatus = OK
Seq_Frame0066_Timestamp = 7.108
Seq_Frame0067_DriverToReference-SequenceTransform =-0.650671 -0.481183 -0.587444 21.5827 -0.755647 0.333879 0.563492 278.379 -0.075007 0.810548 -0.58085 209.332 0 0 0 1 
Seq_Frame0067_DriverToReference-SequenceTransformStatus = OK
Seq_Frame0067_Timestamp = 7.218
Seq_Frame0068_DriverToReference-SequenceTransform =-0.628285 -0.482363 -0.610396 20.9604 -0.774652 0.315352 0.54815 277.912 -0.071918 0.817239 -0.571794 207.372 0 0 0 1 
Seq_Frame0068_DriverToReference-SequenceTransformStatus = OK
Seq_Frame0068_Timestamp = 7.323
Seq_Frame0069_DriverToReference-SequenceTransform =-0.644495 -0.469766 -0.60328 22.5164 -0.761687 0.325554 0.560221 272.795 -0.0667727 0.82057 -0.567632 201.166 0 0 0 1 
Seq_Frame0069_DriverToReference-SequenceTransformStatus = OK
Seq_Frame0069_Timestamp = 7.434
Seq_Frame0070_DriverToReference-SequenceTransform =-0.662608 -0.456007 -0.594145 20.2015 -0.746676 0.340195 0.571614 267.44 -0.0585349 0.82239 -0.565905 194.789 0 0 0 1 
Seq_Frame0070_DriverToReference-SequenceTransformStatus = OK
Seq_Frame0070_Timestamp = 7.544
Seq_Frame0071_DriverToReference-SequenceTransform =-0.686273 -0.441176 -0.578268 15.752 -0.723826 0.336144 0.602564 261.897 -0.0714555 0.832089 -0.550021 189.134 0 0 0 1 
Seq_Frame0071_DriverToReference-SequenceTransformStatus = OK
Seq_Frame0071_Timestamp = 7.654
Seq_Frame0072_DriverToReference-SequenceTransform =-0.738151 -0.422233 -0.526168 14.8521 -0.670157 0.369199 0.643881 256.252 -0.0776073 0.827896 -0.555487 184.944 0 0 0 1 
Seq_Frame0072_DriverToReference-SequenceTransformStatus = OK
Seq_Frame0072_Timestamp = 7.759
Seq_Frame0073_DriverToReference-SequenceTransform =-0.758777 -0.397017 -0.516367 12.8495 -0.649013 0.393731 0.650967 254.156 -0.0551353 0.829068 -0.556423 183.52 0 0 0 1 
Seq_Frame0073_DriverToReference-SequenceTransformStatus = OK
Seq_Frame0073_Timestamp = 7.868
Seq_Frame0074_DriverToReference-SequenceTransform =-0.760082 -0.399318 -0.51266 13.9548 -0.647035 0.392008 0.653969 254.329 -0.0601746 0.828779 -0.556331 184.641 0 0 0 1 
Seq_Frame0074_DriverToReference-SequenceTransformStatus = OK
Seq_Frame0074_Timestamp = 7.974
Seq_Frame0075_DriverToReference-SequenceTransform =-0.759256 -0.404322 -0.509955 13.6172 -0.64643 0.377975 0.662769 256.021 -0.0752224 0.832862 -0.548346 184.659 0 0 0 1 
Seq_Frame0075_DriverToReference-SequenceTransformStatus = OK
Seq_Frame0075_Timestamp = 8.085
Seq_Frame0076_DriverToReference-SequenceTransform =-0.747472 -0.402277 -0.528638 12.9183 -0.661879 0.383216 0.644253 258.773 -0.0565855 0.831456 -0.552702 186.284 0 0 0 1 
Seq_Frame0076_DriverToReference-SequenceTransformStatus = OK
Seq_Frame0076_Timestamp = 8.189
Seq_Frame0077_DriverToReference-SequenceTransform =-0.736419 -0.410492 -0.537758 10.5273 -0.673672 0.372012 0.638571 260.783 -0.0620765 0.832528 -0.550494 187.044 0 0 0 1 
Seq_Frame0077_DriverToReference-SequenceTransformStatus = OK
Seq_Frame0077_Timestamp = 8.299
Seq_Frame0078_DriverToReference-SequenceTransform =-0.632413 -0.487656 -0.601869 2.51275 -0.77428 0.374538 0.51011 264.409 -0.0233355 0.788615 -0.614444 186.221 0 0 0 1 
Seq_Frame0078_DriverToReference-SequenceTransformStatus = OK
Seq_Frame0078_Timestamp = 8.407
Seq_Frame0079_DriverToReference-SequenceTransform =-0.553377 -0.573426 -0.604115 -6.94199 -0.819483 0.245017 0.518087 268.148 -0.149066 0.78176 -0.6055 187.327 0 0 0 1 
Seq_Frame0079_DriverToReference-SequenceTransformStatus = OK
Seq_Frame0079_Timestamp = 8.514
Seq_Frame0080_DriverToReference-SequenceTransform =-0.53904 -0.573805 -0.61659 -12.0443 -0.814221 0.167612 0.555833 268.702 -0.215592 0.801657 -0.557554 188.065 0 0 0 1 
Seq_Frame0080_DriverToReference-SequenceTransformStatus = OK
Seq_Frame0080_Timestamp = 8.622
Seq_Frame0081_DriverToReference-SequenceTransform =-0.557218 -0.540106 -0.630709 -14.3494 -0.79077 0.113403 0.601517 270.703 -0.253358 0.833922 -0.49029 186.851 0 0 0 1 
Seq_Frame0081_DriverToReference-SequenceTransformStatus = OK
Seq_Frame0081_Timestamp = 8.739
Seq_Frame0000_DriverToReference-SequenceTransform =-0.838661 0.531929 0.117045 -58.965 0.412009 0.47904 0.775093 100.454 0.356225 0.698264 -0.620912 156.273 0 0 0 1 
Seq_Frame0000_DriverToReference-SequenceTransformStatus = OK
Seq_Frame0000_Timestamp = 0.00200009
Seq_Frame0001_DriverToReference-SequenceTransform =-0.838546 0.532327 0.116049 -58.9281 0.411444 0.479094 0.77536 100.473 0.357147 0.697923 -0.620765 156.33 0 0 0 1 
Seq_Frame0001_DriverToReference-SequenceTransformStatus = OK
Seq_Frame0001_Timestamp = 0.116
Seq_Frame0002_DriverToReference-SequenceTransform =-0.838881 0.531534 0.117259 -58.9641 0.412046 0.47936 0.774875 100.502 0.355663 0.698344 -0.621143 156.323 0 0 0 1 
Seq_Frame0002_DriverToReference-SequenceTransformStatus = OK
Seq_Frame0002_Timestamp = 0.222
Seq_Frame0003_DriverToReference-SequenceTransform =-0.838878 0.531515 0.117368 -58.9392 0.411912 0.478932 0.775211 100.388 0.355825 0.698653 -0.620703 156.365 0 0 0 1 
Seq_Frame0003_DriverToReference-SequenceTransformStatus = OK
Seq_Frame0003_Timestamp = 0.331
Seq_Frame0004_DriverToReference-SequenceTransform =-0.838566 0.532462 0.115291 -58.8914 0.41144 0.48024 0.774653 100.467 0.357106 0.697032 -0.621789 156.332 0 0 0 1 
Seq_Frame0004_DriverToReference-SequenceTransformStatus = OK
Seq_Frame0004_Timestamp = 0.437
Seq_Frame0005_DriverToReference-SequenceTransform =-0.838565 0.53228 0.116134 -58.9069 0.411315 0.478764 0.775632 100.439 0.357252 0.698185 -0.62041 156.276 0 0 0 1 
Seq_Frame0005_DriverToReference-SequenceTransformStatus = OK
Seq_Frame0005_Timestamp = 0.546
Seq_Frame0006_DriverToReference-SequenceTransform =-0.838892 0.531467 0.117489 -58.9196 0.41134 0.477666 0.776296 100.488 0.356455 0.699556 -0.619323 156.212 0 0 0 1 
Seq_Frame0006_DriverToReference-SequenceTransformStatus = OK
Seq_Frame0006_Timestamp = 0.657
Seq_Frame0007_DriverToReference-SequenceTransform =-0.839097 0.531546 0.115651 -58.949 0.410703 0.479623 0.775425 100.497 0.356705 0.698155 -0.620758 156.214 0 0 0 1 
Seq_Frame0007_DriverToReference-SequenceTransformStatus = OK
Seq_Frame0007_Timestamp = 0.761
Seq_Frame0008_DriverToReference-SequenceTransform =-0.837433 0.533706 0.117743 -59.0084 0.413163 0.477176 0.775629 100.436 0.357774 0.698184 -0.620111 156.132 0 0 0 1 
Seq_Frame0008_DriverToReference-SequenceTransformStatus = OK
Seq_Frame0008_Timestamp = 0.872
Seq_Frame0009_DriverToReference-SequenceTransform =-0.818708 0.562461 0.115562 -58.318 0.428993 0.465368 0.774208 99.5073 0.381683 0.683425 -0.622293 154.785 0 0 0 1 
Seq_Frame0009_DriverToReference-SequenceTransformStatus = OK
Seq_Frame0009_Timestamp = 0.982
Seq_Frame0010_DriverToReference-SequenceTransform =-0.811979 0.573094 0.110695 -58.217 0.42942 0.458086 0.778303 99.3208 0.395334 0.6795 -0.618054 154.582 0 0 0 1 
Seq_Frame0010_DriverToReference-SequenceTransformStatus = OK
Seq_Frame0010_Timestamp = 1.086
Seq_Frame0011_DriverToReference-SequenceTransform =-0.815846 0.569405 0.100861 -58.1022 0.426703 0.475064 0.769571 99.8498 0.390282 0.670889 -0.630546 154.88 0 0 0 1 
Seq_Frame0011_DriverToReference-SequenceTransformStatus = OK
Seq_Frame0011_Timestamp = 1.192
Seq_Frame0012_DriverToReference-SequenceTransform =-0.82075 0.561948 0.102874 -59.5463 0.427229 0.484205 0.763558 101.102 0.379268 0.670641 -0.637492 154.842 0 0 0 1 
Seq_Frame0012_DriverToReference-SequenceTransformStatus = OK
Seq_Frame0012_Timestamp = 1.301
Seq_Frame0013_DriverToReference-SequenceTransform =-0.823367 0.567501 -0.00308361 -61.3246 0.353484 0.517094 0.779527 105.865 0.443977 0.640747 -0.62636 153.8 0 0 0 1 
Seq_Frame0013_DriverToReference-SequenceTransformStatus = OK
Seq_Frame0013_Timestamp = 1.412
Seq_Frame0014_DriverToReference-SequenceTransform =-0.775108 0.625071 -0.0921638 -67.7625 0.329349 0.524196 0.785333 107.831 0.539201 0.578363 -0.612175 148.677 0 0 0 1 
Seq_Frame0014_DriverToReference-SequenceTransformStatus = OK
Seq_Frame0014_Timestamp = 1.522
Seq_Frame0015_DriverToReference-SequenceTransform =-0.735134 0.640678 -0.221607 -73.0207 0.254902 0.564132 0.785354 112.204 0.628174 0.520853 -0.578022 143.213 0 0 0 1 
Seq_Frame0015_DriverToReference-SequenceTransformStatus = OK
Seq_Frame0015_Timestamp = 1.627
Seq_Frame0016_DriverToReference-SequenceTransform =-0.682457 0.681818 -0.263396 -76.2538 0.247439 0.554591 0.794483 112.938 0.687769 0.477026 -0.547193 141.04 0 0 0 1 
Seq_Frame0016_DriverToReference-SequenceTransformStatus = OK
Seq_Frame0016_Timestamp = 1.732
Seq_Frame0017_DriverToReference-SequenceTransform =-0.679746 0.703623 -0.207027 -78.7523 0.298772 0.523421 0.797976 111.515 0.669836 0.480568 -0.566016 144 0 0 0 1 
Seq_Frame0017_DriverToReference-SequenceTransformStatus = OK
Seq_Frame0017_Timestamp = 1.842
Seq_Frame0018_DriverToReference-SequenceTransform =-0.688624 0.708704 0.153414 -77.9667 0.511817 0.325183 0.795172 100.77 0.513655 0.626094 -0.586656 153.88 0 0 0 1 
Seq_Frame0018_DriverToReference-SequenceTransformStatus = OK
Seq_Frame0018_Timestamp = 1.947
Seq_Frame0019_DriverToReference-SequenceTransform =-0.682736 0.722637 0.108014 -77.871 0.527016 0.384642 0.757829 98.8408 0.506089 0.574322 -0.643451 153.617 0 0 0 1 
Seq_Frame0019_DriverToReference-SequenceTransformStatus = OK
Seq_Frame0019_Timestamp = 2.057
Seq_Frame0020_DriverToReference-SequenceTransform =-0.682975 0.722791 0.105449 -77.9506 0.529356 0.390296 0.753294 98.8791 0.503317 0.570301 -0.649176 153.481 0 0 0 1 
Seq_Frame0020_DriverToReference-SequenceTransformStatus = OK
Seq_Frame0020_Timestamp = 2.167
Seq_Frame0021_DriverToReference-SequenceTransform =-0.683521 0.72202 0.10717 -77.8367 0.528796 0.388599 0.754564 98.8025 0.503164 0.572431 -0.647416 153.604 0 0 0 1 
Seq_Frame0021_DriverToReference-SequenceTransformStatus = OK
Seq_Frame0021_Timestamp = 2.277
Seq_Frame0022_DriverToReference-SequenceTransform =-0.755441 0.646064 0.109132 -79.4168 0.478925 0.430805 0.764878 100.954 0.447145 0.630087 -0.634864 156.494 0 0 0 1 
Seq_Frame0022_DriverToReference-SequenceTransformStatus = OK
Seq_Frame0022_Timestamp = 2.386
Seq_Frame0023_DriverToReference-SequenceTransform =-0.779665 0.614439 0.120777 -82.891 0.451922 0.418605 0.787741 103.6 0.433461 0.668756 -0.60405 158.953 0 0 0 1 
Seq_Frame0023_DriverToReference-SequenceTransformStatus = OK
Seq_Frame0023_Timestamp = 2.492
Seq_Frame0024_DriverToReference-SequenceTransform =-0.683349 0.723122 0.100643 -88.12 0.47979 0.340882 0.808456 109.647 0.550305 0.600745 -0.579888 162.18 0 0 0 1 
Seq_Frame0024_DriverToReference-SequenceTransformStatus = OK
Seq_Frame0024_Timestamp = 2.597
Seq_Frame0025_DriverToReference-SequenceTransform =-0.730838 0.675869 0.0952776 -86.936 0.397825 0.30837 0.864085 116.423 0.554627 0.66941 -0.494246 159.299 0 0 0 1 
Seq_Frame0025_DriverToReference-SequenceTransformStatus = OK
Seq_Frame0025_Timestamp = 2.707
Seq_Frame0026_DriverToReference-SequenceTransform =-0.776014 0.612641 0.149911 -83.1549 0.302639 0.153154 0.94072 127.394 0.553365 0.77538 -0.304259 156.085 0 0 0 1 
Seq_Frame0026_DriverToReference-SequenceTransformStatus = OK
Seq_Frame0026_Timestamp = 2.812
Seq_Frame0027_DriverToReference-SequenceTransform =-0.787093 0.583156 0.201032 -82.0937 0.257766 0.0148691 0.966093 137.52 0.560394 0.812224 -0.162021 157.377 0 0 0 1 
Seq_Frame0027_DriverToReference-SequenceTransformStatus = OK
Seq_Frame0027_Timestamp = 2.922
Seq_Frame0028_DriverToReference-SequenceTransform =-0.793819 0.55649 0.245297 -81.3444 0.256292 -0.059664 0.964756 141.469 0.551512 0.828709 -0.0952613 157.894 0 0 0 1 
Seq_Frame0028_DriverToReference-SequenceTransformStatus = OK
Seq_Frame0028_Timestamp = 3.027
Seq_Frame0029_DriverToReference-SequenceTransform =-0.793819 0.55649 0.245297 -81.3444 0.256292 -0.059664 0.964756 141.469 0.551512 0.828709 -0.0952613 157.894 0 0 0 1 
Seq_Frame0029_DriverToReference-SequenceTransformStatus = OK
Seq_Frame0029_Timestamp = 3.136
Seq_Frame0030_DriverToReference-SequenceTransform =-0.793819 0.55649 0.245297 -81.3444 0.256292 -0.059664 0.964756 141.469 0.551512 0.828709 -0.0952613 157.894 0 0 0 1 
Seq_Frame0030_DriverToReference-SequenceTransformStatus = OK
Seq_Frame0030_Timestamp = 3.242
Seq_Frame0031_DriverToReference-SequenceTransform =-0.793819 0.55649 0.245297 -81.3444 0.256292 -0.059664 0.964756 141.469 0.551512 0.828709 -0.0952613 157.894 0 0 0 1 
Seq_Frame0031_DriverToReference-SequenceTransformStatus = OK
Seq_Frame0031_Timestamp = 3.351
Seq_Frame0032_DriverToReference-SequenceTransform =-0.793819 0.55649 0.245297 -81.3444 0.256292 -0.059664 0.964756 141.469 0.551512 0.828709 -0.0952613 157.894 0 0 0 1 
Seq_Frame0032_DriverToReference-SequenceTransformStatus = OK
Seq_Frame0032_Timestamp = 3.457
Seq_Frame0033_DriverToReference-SequenceTransform =-0.793819 0.55649 0.245297 -81.3444 0.256292 -0.059664 0.964756 141.469 0.551512 0.828709 -0.0952613 157.894 0 0 0 1 
Seq_Frame0033_DriverToReference-SequenceTransformStatus = OK
Seq_Frame0033_Timestamp = 3.566
Seq_Frame0034_DriverToReference-SequenceTransform =-0.793819 0.55649 0.245297 -81.3444 0.256292 -0.059664 0.964756 141.469 0.551512 0.828709 -0.0952613 157.894 0 0 0 1 
Seq_Frame0034_DriverToReference-SequenceTransformStatus = OK
Seq_Frame0034_Timestamp = 3.677
Seq_Frame0035_DriverToReference-SequenceTransform =-0.793819 0.55649 0.245297 -81.3444 0.256292 -0.059664 0.964756 141.469 0.551512 0.828709 -0.0952613 157.894 0 0 0 1 
Seq_Frame0035_DriverToReference-SequenceTransformStatus = OK
Seq_Frame0035_Timestamp = 3.781
Seq_Frame0036_DriverToReference-SequenceTransform =-0.793819 0.55649 0.245297 -81.3444 0.256292 -0.059664 0.964756 141.469 0.551512 0.828709 -0.0952613 157.894 0 0 0 1 
Seq_Frame0036_DriverToReference-SequenceTransformStatus = OK
Seq_Frame0036_Timestamp = 3.892
Seq_Frame0037_DriverToReference-SequenceTransform =-0.793819 0.55649 0.245297 -81.3444 0.256292 -0.059664 0.964756 141.469 0.551512 0.828709 -0.0952613 157.894 0 0 0 1 
Seq_Frame0037_DriverToReference-SequenceTransformStatus = OK
Seq_Frame0037_Timestamp = 3.997
Seq_Frame0038_DriverToReference-SequenceTransform =-0.793819 0.55649 0.245297 -81.3444 0.256292 -0.059664 0.964756 141.469 0.551512 0.828709 -0.0952613 157.894 0 0 0 1 
Seq_Frame0038_DriverToReference-SequenceTransformStatus = OK
Seq_Frame0038_Timestamp = 4.102
Seq_Frame0039_DriverToReference-SequenceTransform =-0.793819 0.55649 0.245297 -81.3444 0.256292 -0.059664 0.964756 141.469 0.551512 0.828709 -0.0952613 157.894 0 0 0 1 
Seq_Frame0039_DriverToReference-SequenceTransformStatus = OK
Seq_Frame0039_Timestamp = 4.211
Seq_Frame0040_DriverToReference-SequenceTransform =-0.793819 0.55649 0.245297 -81.3444 0.256292 -0.059664 0.964756 141.469 0.551512 0.828709 -0.0952613 157.894 0 0 0 1 
Seq_Frame0040_DriverToReference-SequenceTransformStatus = OK
Seq_Frame0040_Timestamp = 4.316
Seq_Frame0041_DriverToReference-SequenceTransform =-0.793819 0.55649 0.245297 -81.3444 0.256292 -0.059664 0.964756 141.469 0.551512 0.828709 -0.0952613 157.894 0 0 0 1 
Seq_Frame0041_DriverToReference-SequenceTransformStatus = OK
Seq_Frame0041_Timestamp = 4.421
Seq_Frame0042_DriverToReference-SequenceTransform =-0.793819 0.55649 0.245297 -81.3444 0.256292 -0.059664 0.964756 141.469 0.551512 0.828709 -0.0952613 157.894 0 0 0 1 
Seq_Frame0042_DriverToReference-SequenceTransformStatus = OK
Seq_Frame0042_Timestamp = 4.526
Seq_Frame0043_DriverToReference-SequenceTransform =-0.793819 0.55649 0.245297 -81.3444 0.256292 -0.059664 0.964756 141.469 0.551512 0.828709 -0.0952613 157.894 0 0 0 1 
Seq_Frame0043_DriverToReference-SequenceTransformStatus = OK
Seq_Frame0043_Timestamp = 4.636
Seq_Frame0044_DriverToReference-SequenceTransform =-0.793819 0.55649 0.245297 -81.3444 0.256292 -0.059664 0.964756 141.469 0.551512 0.828709 -0.0952613 157.894 0 0 0 1 
Seq_Frame0044_DriverToReference-SequenceTransformStatus = OK
Seq_Frame0044_Timestamp = 4.741
Seq_Frame0045_DriverToReference-SequenceTransform =-0.57486 -0.494888 -0.65163 -26.8244 -0.775364 0.075018 0.627043 309.929 -0.261432 0.865712 -0.426844 229.424 0 0 0 1 
Seq_Frame0045_DriverToReference-SequenceTransformStatus = OK
Seq_Frame0045_Timestamp = 4.846
Seq_Frame0046_DriverToReference-SequenceTransform =-0.57807 -0.519892 -0.628925 -18.7057 -0.752889 0.0426365 0.656765 315.799 -0.314632 0.853167 -0.416068 232.493 0 0 0 1 
Seq_Frame0046_DriverToReference-SequenceTransformStatus = OK
Seq_Frame0046_Timestamp = 4.951
Seq_Frame0047_DriverToReference-SequenceTransform =-0.574199 -0.589609 -0.568029 0.771869 -0.737052 0.0702117 0.672179 322.984 -0.35644 0.804632 -0.474888 235.96 0 0 0 1 
Seq_Frame0047_DriverToReference-SequenceTransformStatus = OK
Seq_Frame0047_Timestamp = 5.062
Seq_Frame0048_DriverToReference-SequenceTransform =-0.521755 -0.643263 -0.560344 32.2643 -0.773851 0.0804156 0.628242 331.062 -0.359064 0.761411 -0.539746 243.566 0 0 0 1 
Seq_Frame0048_DriverToReference-SequenceTransformStatus = OK
Seq_Frame0048_Timestamp = 5.167
Seq_Frame0049_DriverToReference-SequenceTransform =-0.484281 -0.651996 -0.583415 54.4265 -0.808036 0.0776121 0.583998 340.714 -0.335485 0.75424 -0.564423 248.111 0 0 0 1 
Seq_Frame0049_DriverToReference-SequenceTransformStatus = OK
Seq_Frame0049_Timestamp = 5.276
Seq_Frame0050_DriverToReference-SequenceTransform =-0.521198 -0.709792 -0.473865 70.1045 -0.756326 0.126917 0.641766 344.748 -0.395378 0.692883 -0.602983 250.751 0 0 0 1 
Seq_Frame0050_DriverToReference-SequenceTransformStatus = OK
Seq_Frame0050_Timestamp = 5.387
Seq_Frame0051_DriverToReference-SequenceTransform =-0.617099 -0.686166 -0.385182 80.8262 -0.700906 0.256824 0.665411 343.06 -0.357658 0.680601 -0.639424 248.281 0 0 0 1 
Seq_Frame0051_DriverToReference-SequenceTransformStatus = OK
Seq_Frame0051_Timestamp = 5.497
Seq_Frame0052_DriverToReference-SequenceTransform =-0.667 -0.63524 -0.389334 85.281 -0.680223 0.305996 0.666081 341.56 -0.303987 0.70911 -0.636204 249.939 0 0 0 1 
Seq_Frame0052_DriverToReference-SequenceTransformStatus = OK
Seq_Frame0052_Timestamp = 5.604
Seq_Frame0053_DriverToReference-SequenceTransform =-0.651842 -0.642641 -0.402634 86.407 -0.691833 0.286478 0.662795 342.502 -0.310594 0.710593 -0.631339 253.074 0 0 0 1 
Seq_Frame0053_DriverToReference-SequenceTransformStatus = OK
Seq_Frame0053_Timestamp = 5.712
Seq_Frame0054_DriverToReference-SequenceTransform =-0.646633 -0.627599 -0.433572 86.0189 -0.705328 0.275488 0.653161 345.838 -0.290479 0.728166 -0.620802 256.022 0 0 0 1 
Seq_Frame0054_DriverToReference-SequenceTransformStatus = OK
Seq_Frame0054_Timestamp = 5.822
Seq_Frame0055_DriverToReference-SequenceTransform =-0.640543 -0.628022 -0.44192 85.0405 -0.712578 0.271581 0.646898 345.464 -0.286249 0.729268 -0.621473 255.871 0 0 0 1 
Seq_Frame0055_DriverToReference-SequenceTransformStatus = OK
Seq_Frame0055_Timestamp = 5.927
Seq_Frame0056_DriverToReference-SequenceTransform =-0.636553 -0.601352 -0.482882 82.5945 -0.726 0.255956 0.638287 347.968 -0.260239 0.756876 -0.599512 256.604 0 0 0 1 
Seq_Frame0056_DriverToReference-SequenceTransformStatus = OK
Seq_Frame0056_Timestamp = 6.036
Seq_Frame0057_DriverToReference-SequenceTransform =-0.620717 -0.616125 -0.484872 82.3149 -0.737696 0.249495 0.627342 348.082 -0.265548 0.74709 -0.609378 257.627 0 0 0 1 
Seq_Frame0057_DriverToReference-SequenceTransformStatus = OK
Seq_Frame0057_Timestamp = 6.141
Seq_Frame0058_DriverToReference-SequenceTransform =-0.615044 -0.606486 -0.50388 81.6653 -0.742983 0.231806 0.627888 346.82 -0.264003 0.760553 -0.59318 258.673 0 0 0 1 
Seq_Frame0058_DriverToReference-SequenceTransformStatus = OK
Seq_Frame0058_Timestamp = 6.251
Seq_Frame0059_DriverToReference-SequenceTransform =-0.603822 -0.613721 -0.508671 80.9188 -0.750401 0.222395 0.622446 346.996 -0.268882 0.757553 -0.594824 258.264 0 0 0 1 
Seq_Frame0059_DriverToReference-SequenceTransformStatus = OK
Seq_Frame0059_Timestamp = 6.361
Seq_Frame0060_DriverToReference-SequenceTransform =-0.590522 -0.619892 -0.516737 81.7231 -0.75667 0.202664 0.621593 348.748 -0.280596 0.758064 -0.588731 258.205 0 0 0 1 
Seq_Frame0060_DriverToReference-SequenceTransformStatus = OK
Seq_Frame0060_Timestamp = 6.466
Seq_Frame0061_DriverToReference-SequenceTransform =-0.59046 -0.614893 -0.522747 84.5596 -0.760664 0.207538 0.615075 349.754 -0.269715 0.760812 -0.59027 260.388 0 0 0 1 
Seq_Frame0061_DriverToReference-SequenceTransformStatus = OK
Seq_Frame0061_Timestamp = 6.572
Seq_Frame0062_DriverToReference-SequenceTransform =-0.630994 -0.576088 -0.519587 85.1959 -0.743614 0.258252 0.61672 344.486 -0.221101 0.775518 -0.591342 259.306 0 0 0 1 
Seq_Frame0062_DriverToReference-SequenceTransformStatus = OK
Seq_Frame0062_Timestamp = 6.697
Seq_Frame0063_DriverToReference-SequenceTransform =-0.699365 -0.519004 -0.491449 74.839 -0.700315 0.360002 0.616408 330.328 -0.142996 0.775263 -0.615239 250.1 0 0 0 1 
Seq_Frame0063_DriverToReference-SequenceTransformStatus = OK
Seq_Frame0063_Timestamp = 6.806
Seq_Frame0064_DriverToReference-SequenceTransform =-0.813083 -0.363841 -0.45444 52.7265 -0.582143 0.504994 0.637252 311.131 -0.00236936 0.782688 -0.62241 226.655 0 0 0 1 
Seq_Frame0064_DriverToReference-SequenceTransformStatus = OK
Seq_Frame0064_Timestamp = 6.912
Seq_Frame0065_DriverToReference-SequenceTransform =-0.946724 -0.139815 -0.290114 10.4198 -0.314644 0.593614 0.74069 287.459 0.0686559 0.792511 -0.605981 199.104 0 0 0 1 
Seq_Frame0065_DriverToReference-SequenceTransformStatus = OK
Seq_Frame0065_Timestamp = 7.017
Seq_Frame0066_DriverToReference-SequenceTransform =-0.959128 0.0493307 -0.278639 -49.5988 -0.165414 0.701184 0.693527 266.589 0.229589 0.711272 -0.664366 182.64 0 0 0 1 
Seq_Frame0066_DriverToReference-SequenceTransformStatus = OK
Seq_Frame0066_Timestamp = 7.127
Seq_Frame0067_DriverToReference-SequenceTransform =-0.947216 0.214134 -0.238595 -97.3836 -0.00731432 0.729597 0.683838 246.487 0.320511 0.649488 -0.68952 166.814 0 0 0 1 
Seq_Frame0067_DriverToReference-SequenceTransformStatus = OK
Seq_Frame0067_Timestamp = 7.231
Seq_Frame0068_DriverToReference-SequenceTransform =-0.905782 0.337341 -0.256438 -134.527 0.0913737 0.746425 0.659166 228.412 0.413776 0.573629 -0.706922 154.085 0 0 0 1 
Seq_Frame0068_DriverToReference-SequenceTransformStatus = OK
Seq_Frame0068_Timestamp = 7.342
Seq_Frame0069_DriverToReference-SequenceTransform =-0.852421 0.375628 -0.363707 -163.097 0.0566404 0.757861 0.649952 213.652 0.51978 0.533432 -0.667292 147.389 0 0 0 1 
