ObjectType = Image
NDims = 3
AnatomicalOrientation = RAI
BinaryData = True
CompressedData = False
DimSize = 0 0 2180
ElementSpacing = 1 1 1
Offset = 0 0 0
TransformMatrix = 1 0 0 0 1 0 0 0 1
ElementType = MET_UCHAR
Kinds = domain domain list
Seq_Frame0000_DriverToReference-SequenceTransform =0.444844 0.881353 -0.159156 31.562 -0.581936 0.149363 -0.799401 62.9673 -0.680782 0.448227 0.579334 98.7187 0 0 0 1 
Seq_Frame0000_DriverToReference-SequenceTransformStatus = OK
Seq_Frame0000_Timestamp = 0.0139999
Seq_Frame0001_DriverToReference-SequenceTransform =0.443872 0.882679 -0.154449 31.5614 -0.583087 0.153628 -0.797751 63.0224 -0.680431 0.444157 0.582871 98.8617 0 0 0 1 
Seq_Frame0001_DriverToReference-SequenceTransformStatus = OK
Seq_Frame0001_Timestamp = 0.121
Seq_Frame0002_DriverToReference-SequenceTransform =0.443303 0.883121 -0.153554 31.5777 -0.582124 0.153369 -0.798504 63.1433 -0.681626 0.443367 0.582076 98.874 0 0 0 1 
Seq_Frame0002_DriverToReference-SequenceTransformStatus = OK
Seq_Frame0002_Timestamp = 0.222
Seq_Frame0003_DriverToReference-SequenceTransform =0.443805 0.88275 -0.154237 31.5688 -0.581697 0.152861 -0.798913 63.1307 -0.681664 0.444281 0.581333 98.9092 0 0 0 1 
Seq_Frame0003_DriverToReference-SequenceTransformStatus = OK
Seq_Frame0003_Timestamp = 0.331
Seq_Frame0004_DriverToReference-SequenceTransform =0.444628 0.882094 -0.155617 31.5614 -0.583627 0.153511 -0.797379 63.1589 -0.679474 0.445359 0.583069 98.7636 0 0 0 1 
Seq_Frame0004_DriverToReference-SequenceTransformStatus = OK
Seq_Frame0004_Timestamp = 0.431
Seq_Frame0005_DriverToReference-SequenceTransform =0.444053 0.882324 -0.155954 31.5633 -0.581163 0.151149 -0.799627 63.0695 -0.681958 0.445711 0.579892 98.8462 0 0 0 1 
Seq_Frame0005_DriverToReference-SequenceTransformStatus = OK
Seq_Frame0005_Timestamp = 0.538
Seq_Frame0006_DriverToReference-SequenceTransform =0.444112 0.882114 -0.15697 31.5781 -0.580029 0.149531 -0.800753 62.974 -0.682884 0.446672 0.578061 98.8295 0 0 0 1 
Seq_Frame0006_DriverToReference-SequenceTransformStatus = OK
Seq_Frame0006_Timestamp = 0.638
Seq_Frame0007_DriverToReference-SequenceTransform =0.445418 0.880977 -0.159629 31.5819 -0.58299 0.150073 -0.798499 63.0332 -0.679503 0.448728 0.580447 98.7278 0 0 0 1 
Seq_Frame0007_DriverToReference-SequenceTransformStatus = OK
Seq_Frame0007_Timestamp = 0.746
Seq_Frame0008_DriverToReference-SequenceTransform =0.445119 0.881247 -0.158973 31.5945 -0.581797 0.14965 -0.799448 63.0375 -0.680722 0.44834 0.579318 98.7464 0 0 0 1 
Seq_Frame0008_DriverToReference-SequenceTransformStatus = OK
Seq_Frame0008_Timestamp = 0.855
Seq_Frame0009_DriverToReference-SequenceTransform =0.444253 0.882212 -0.156015 31.5943 -0.579788 0.150349 -0.800775 62.994 -0.682997 0.446202 0.578289 98.8614 0 0 0 1 
Seq_Frame0009_DriverToReference-SequenceTransformStatus = OK
Seq_Frame0009_Timestamp = 0.961
Seq_Frame0010_DriverToReference-SequenceTransform =0.445279 0.88095 -0.160165 31.606 -0.581539 0.148521 -0.799846 62.8956 -0.680837 0.449297 0.578441 98.778 0 0 0 1 
Seq_Frame0010_DriverToReference-SequenceTransformStatus = OK
Seq_Frame0010_Timestamp = 1.064
Seq_Frame0011_DriverToReference-SequenceTransform =0.444768 0.881859 -0.156545 31.6014 -0.581792 0.151577 -0.799088 62.9536 -0.680954 0.446486 0.580475 98.843 0 0 0 1 
Seq_Frame0011_DriverToReference-SequenceTransformStatus = OK
Seq_Frame0011_Timestamp = 1.164
Seq_Frame0012_DriverToReference-SequenceTransform =0.443988 0.881923 -0.158385 31.7163 -0.580833 0.148677 -0.80033 62.8336 -0.682282 0.447332 0.578261 98.9391 0 0 0 1 
Seq_Frame0012_DriverToReference-SequenceTransformStatus = OK
Seq_Frame0012_Timestamp = 1.272
Seq_Frame0013_DriverToReference-SequenceTransform =0.444448 0.881705 -0.158307 31.6161 -0.581604 0.149609 -0.799596 62.952 -0.681324 0.447451 0.579297 98.7425 0 0 0 1 
Seq_Frame0013_DriverToReference-SequenceTransformStatus = OK
Seq_Frame0013_Timestamp = 1.372
Seq_Frame0014_DriverToReference-SequenceTransform =0.444955 0.881148 -0.159981 31.5721 -0.580966 0.148061 -0.800347 62.9422 -0.681537 0.449062 0.577798 98.6541 0 0 0 1 
Seq_Frame0014_DriverToReference-SequenceTransformStatus = OK
Seq_Frame0014_Timestamp = 1.475
Seq_Frame0015_DriverToReference-SequenceTransform =0.444668 0.881893 -0.156636 31.5539 -0.581138 0.150988 -0.799676 63.0931 -0.681578 0.446617 0.579641 98.8644 0 0 0 1 
Seq_Frame0015_DriverToReference-SequenceTransformStatus = OK
Seq_Frame0015_Timestamp = 1.581
Seq_Frame0016_DriverToReference-SequenceTransform =0.444628 0.881583 -0.158485 31.5977 -0.58129 0.149379 -0.799868 62.9126 -0.681475 0.447769 0.578873 98.7771 0 0 0 1 
Seq_Frame0016_DriverToReference-SequenceTransformStatus = OK
Seq_Frame0016_Timestamp = 1.685
Seq_Frame0017_DriverToReference-SequenceTransform =0.443628 0.88175 -0.160351 31.7318 -0.579963 0.146045 -0.801445 62.5948 -0.683255 0.44854 0.576172 98.9015 0 0 0 1 
Seq_Frame0017_DriverToReference-SequenceTransformStatus = OK
Seq_Frame0017_Timestamp = 1.786
Seq_Frame0018_DriverToReference-SequenceTransform =0.444103 0.881781 -0.158853 31.6985 -0.580832 0.148341 -0.800393 62.7845 -0.682207 0.447724 0.578045 98.9374 0 0 0 1 
Seq_Frame0018_DriverToReference-SequenceTransformStatus = OK
Seq_Frame0018_Timestamp = 1.896
Seq_Frame0019_DriverToReference-SequenceTransform =0.443129 0.882834 -0.155692 31.6969 -0.579995 0.149915 -0.800707 62.79 -0.683551 0.445117 0.578471 99.183 0 0 0 1 
Seq_Frame0019_DriverToReference-SequenceTransformStatus = OK
Seq_Frame0019_Timestamp = 1.996
Seq_Frame0020_DriverToReference-SequenceTransform =0.443498 0.882183 -0.158311 31.6996 -0.579269 0.147345 -0.801709 62.6616 -0.683927 0.447261 0.576369 99.053 0 0 0 1 
Seq_Frame0020_DriverToReference-SequenceTransformStatus = OK
Seq_Frame0020_Timestamp = 2.101
Seq_Frame0021_DriverToReference-SequenceTransform =0.444106 0.881739 -0.15908 31.6819 -0.580616 0.147995 -0.800614 62.7401 -0.682389 0.447922 0.577678 98.9846 0 0 0 1 
Seq_Frame0021_DriverToReference-SequenceTransformStatus = OK
Seq_Frame0021_Timestamp = 2.201
Seq_Frame0022_DriverToReference-SequenceTransform =0.42549 0.89798 -0.112203 31.6005 -0.584784 0.178206 -0.791373 63.3828 -0.690642 0.402335 0.600949 97.7689 0 0 0 1 
Seq_Frame0022_DriverToReference-SequenceTransformStatus = OK
Seq_Frame0022_Timestamp = 2.306
Seq_Frame0023_DriverToReference-SequenceTransform =0.331017 0.933588 -0.137264 31.6449 -0.613377 0.102339 -0.783132 61.4852 -0.717075 0.343425 0.606517 97.3811 0 0 0 1 
Seq_Frame0023_DriverToReference-SequenceTransformStatus = OK
Seq_Frame0023_Timestamp = 2.407
Seq_Frame0024_DriverToReference-SequenceTransform =0.321737 0.934735 -0.150849 32.0105 -0.606037 0.0808953 -0.791312 61.1032 -0.727465 0.346014 0.592511 97.3172 0 0 0 1 
Seq_Frame0024_DriverToReference-SequenceTransformStatus = OK
Seq_Frame0024_Timestamp = 2.507
Seq_Frame0025_DriverToReference-SequenceTransform =0.31815 0.936553 -0.147134 32.004 -0.607756 0.0823715 -0.78984 60.9925 -0.727607 0.34071 0.595403 97.2828 0 0 0 1 
Seq_Frame0025_DriverToReference-SequenceTransformStatus = OK
Seq_Frame0025_Timestamp = 2.611
Seq_Frame0026_DriverToReference-SequenceTransform =0.317157 0.937266 -0.144721 31.804 -0.609626 0.0845899 -0.788163 60.9738 -0.726476 0.338197 0.59821 96.9951 0 0 0 1 
Seq_Frame0026_DriverToReference-SequenceTransformStatus = OK
Seq_Frame0026_Timestamp = 2.711
Seq_Frame0027_DriverToReference-SequenceTransform =0.360744 0.920976 -0.147195 31.0924 -0.597837 0.107203 -0.794417 61.5954 -0.715859 0.37458 0.589267 98.2432 0 0 0 1 
Seq_Frame0027_DriverToReference-SequenceTransformStatus = OK
Seq_Frame0027_Timestamp = 2.812
Seq_Frame0028_DriverToReference-SequenceTransform =0.371613 0.918405 -0.135776 30.8486 -0.596472 0.124117 -0.792979 61.7043 -0.711424 0.375668 0.593927 98.4733 0 0 0 1 
Seq_Frame0028_DriverToReference-SequenceTransformStatus = OK
Seq_Frame0028_Timestamp = 2.914
Seq_Frame0029_DriverToReference-SequenceTransform =0.398356 0.904583 -0.151798 29.8017 -0.589662 0.125795 -0.797793 60.3395 -0.702575 0.407315 0.583509 96.2369 0 0 0 1 
Seq_Frame0029_DriverToReference-SequenceTransformStatus = OK
Seq_Frame0029_Timestamp = 3.015
Seq_Frame0030_DriverToReference-SequenceTransform =0.314688 0.938522 -0.141946 30.262 -0.615108 0.0877399 -0.783545 59.6611 -0.72292 0.333885 0.604903 95.1121 0 0 0 1 
Seq_Frame0030_DriverToReference-SequenceTransformStatus = OK
Seq_Frame0030_Timestamp = 3.12
Seq_Frame0031_DriverToReference-SequenceTransform =0.320862 0.947025 -0.0138471 30.4182 -0.654636 0.211185 -0.725846 64.4763 -0.68447 0.241962 0.687717 89.856 0 0 0 1 
Seq_Frame0031_DriverToReference-SequenceTransformStatus = OK
Seq_Frame0031_Timestamp = 3.231
Seq_Frame0032_DriverToReference-SequenceTransform =0.417717 0.870138 0.261482 29.6808 -0.586114 0.477969 -0.65423 98.1556 -0.69425 0.120025 0.709656 63.5626 0 0 0 1 
Seq_Frame0032_DriverToReference-SequenceTransformStatus = OK
Seq_Frame0032_Timestamp = 3.339
Seq_Frame0033_DriverToReference-SequenceTransform =0.36317 0.281941 0.888041 3.80281 -0.189993 0.9555 -0.22566 191.421 -0.912146 -0.0867688 0.400576 16.8854 0 0 0 1 
Seq_Frame0033_DriverToReference-SequenceTransformStatus = OK
Seq_Frame0033_Timestamp = 3.44
Seq_Frame0034_DriverToReference-SequenceTransform =0.36317 0.281941 0.888041 3.80281 -0.189993 0.9555 -0.22566 191.421 -0.912146 -0.0867688 0.400576 16.8854 0 0 0 1 
Seq_Frame0034_DriverToReference-SequenceTransformStatus = OK
Seq_Frame0034_Timestamp = 3.541
Seq_Frame0035_DriverToReference-SequenceTransform =-0.604852 -0.265164 0.750894 -97.457 0.177572 0.874283 0.451772 283.606 -0.776288 0.406593 -0.481726 23.4086 0 0 0 1 
Seq_Frame0035_DriverToReference-SequenceTransformStatus = OK
Seq_Frame0035_Timestamp = 3.641
Seq_Frame0036_DriverToReference-SequenceTransform =-0.720697 -0.42432 0.548223 -111.516 -0.0115631 0.798049 0.602482 283.625 -0.693154 0.427868 -0.580058 33.1193 0 0 0 1 
Seq_Frame0036_DriverToReference-SequenceTransformStatus = OK
Seq_Frame0036_Timestamp = 3.746
Seq_Frame0037_DriverToReference-SequenceTransform =-0.621742 -0.558349 0.549257 -113.591 -0.0918648 0.748426 0.656825 280.852 -0.777816 0.357919 -0.51662 35.9321 0 0 0 1 
Seq_Frame0037_DriverToReference-SequenceTransformStatus = OK
Seq_Frame0037_Timestamp = 3.855
Seq_Frame0038_DriverToReference-SequenceTransform =-0.621742 -0.558349 0.549257 -113.591 -0.0918648 0.748426 0.656825 280.852 -0.777816 0.357919 -0.51662 35.9321 0 0 0 1 
Seq_Frame0038_DriverToReference-SequenceTransformStatus = OK
Seq_Frame0038_Timestamp = 3.961
Seq_Frame0039_DriverToReference-SequenceTransform =-0.621742 -0.558349 0.549257 -113.591 -0.0918648 0.748426 0.656825 280.852 -0.777816 0.357919 -0.51662 35.9321 0 0 0 1 
Seq_Frame0039_DriverToReference-SequenceTransformStatus = OK
Seq_Frame0039_Timestamp = 4.071
Seq_Frame0040_DriverToReference-SequenceTransform =-0.621742 -0.558349 0.549257 -113.591 -0.0918648 0.748426 0.656825 280.852 -0.777816 0.357919 -0.51662 35.9321 0 0 0 1 
Seq_Frame0040_DriverToReference-SequenceTransformStatus = OK
Seq_Frame0040_Timestamp = 4.181
Seq_Frame0041_DriverToReference-SequenceTransform =-0.621742 -0.558349 0.549257 -113.591 -0.0918648 0.748426 0.656825 280.852 -0.777816 0.357919 -0.51662 35.9321 0 0 0 1 
Seq_Frame0041_DriverToReference-SequenceTransformStatus = OK
Seq_Frame0041_Timestamp = 4.286
Seq_Frame0042_DriverToReference-SequenceTransform =-0.621742 -0.558349 0.549257 -113.591 -0.0918648 0.748426 0.656825 280.852 -0.777816 0.357919 -0.51662 35.9321 0 0 0 1 
Seq_Frame0042_DriverToReference-SequenceTransformStatus = OK
Seq_Frame0042_Timestamp = 4.392
Seq_Frame0043_DriverToReference-SequenceTransform =-0.621742 -0.558349 0.549257 -113.591 -0.0918648 0.748426 0.656825 280.852 -0.777816 0.357919 -0.51662 35.9321 0 0 0 1 
Seq_Frame0043_DriverToReference-SequenceTransformStatus = OK
Seq_Frame0043_Timestamp = 4.496
Seq_Frame0044_DriverToReference-SequenceTransform =-0.621742 -0.558349 0.549257 -113.591 -0.0918648 0.748426 0.656825 280.852 -0.777816 0.357919 -0.51662 35.9321 0 0 0 1 
Seq_Frame0044_DriverToReference-SequenceTransformStatus = OK
Seq_Frame0044_Timestamp = 4.601
Seq_Frame0045_DriverToReference-SequenceTransform =-0.621742 -0.558349 0.549257 -113.591 -0.0918648 0.748426 0.656825 280.852 -0.777816 0.357919 -0.51662 35.9321 0 0 0 1 
Seq_Frame0045_DriverToReference-SequenceTransformStatus = OK
Seq_Frame0045_Timestamp = 4.701
Seq_Frame0046_DriverToReference-SequenceTransform =-0.621742 -0.558349 0.549257 -113.591 -0.0918648 0.748426 0.656825 280.852 -0.777816 0.357919 -0.51662 35.9321 0 0 0 1 
Seq_Frame0046_DriverToReference-SequenceTransformStatus = OK
Seq_Frame0046_Timestamp = 4.9
Seq_Frame0047_DriverToReference-SequenceTransform =-0.621742 -0.558349 0.549257 -113.591 -0.0918648 0.748426 0.656825 280.852 -0.777816 0.357919 -0.51662 35.9321 0 0 0 1 
Seq_Frame0047_DriverToReference-SequenceTransformStatus = OK
Seq_Frame0047_Timestamp = 5.005
Seq_Frame0048_DriverToReference-SequenceTransform =-0.621742 -0.558349 0.549257 -113.591 -0.0918648 0.748426 0.656825 280.852 -0.777816 0.357919 -0.51662 35.9321 0 0 0 1 
Seq_Frame0048_DriverToReference-SequenceTransformStatus = OK
Seq_Frame0048_Timestamp = 5.106
Seq_Frame0049_DriverToReference-SequenceTransform =-0.621742 -0.558349 0.549257 -113.591 -0.0918648 0.748426 0.656825 280.852 -0.777816 0.357919 -0.51662 35.9321 0 0 0 1 
Seq_Frame0049_DriverToReference-SequenceTransformStatus = OK
Seq_Frame0049_Timestamp = 5.211
Seq_Frame0050_DriverToReference-SequenceTransform =-0.621742 -0.558349 0.549257 -113.591 -0.0918648 0.748426 0.656825 280.852 -0.777816 0.357919 -0.51662 35.9321 0 0 0 1 
Seq_Frame0050_DriverToReference-SequenceTransformStatus = OK
Seq_Frame0050_Timestamp = 5.651
Seq_Frame0051_DriverToReference-SequenceTransform =-0.621742 -0.558349 0.549257 -113.591 -0.0918648 0.748426 0.656825 280.852 -0.777816 0.357919 -0.51662 35.9321 0 0 0 1 
Seq_Frame0051_DriverToReference-SequenceTransformStatus = OK
Seq_Frame0051_Timestamp = 5.89
Seq_Frame0052_DriverToReference-SequenceTransform =-0.621742 -0.558349 0.549257 -113.591 -0.0918648 0.748426 0.656825 280.852 -0.777816 0.357919 -0.51662 35.9321 0 0 0 1 
Seq_Frame0052_DriverToReference-SequenceTransformStatus = OK
Seq_Frame0052_Timestamp = 5.991
Seq_Frame0053_DriverToReference-SequenceTransform =-0.621742 -0.558349 0.549257 -113.591 -0.0918648 0.748426 0.656825 280.852 -0.777816 0.357919 -0.51662 35.9321 0 0 0 1 
Seq_Frame0053_DriverToReference-SequenceTransformStatus = OK
Seq_Frame0053_Timestamp = 6.095
Seq_Frame0054_DriverToReference-SequenceTransform =-0.621742 -0.558349 0.549257 -113.591 -0.0918648 0.748426 0.656825 280.852 -0.777816 0.357919 -0.51662 35.9321 0 0 0 1 
Seq_Frame0054_DriverToReference-SequenceTransformStatus = OK
Seq_Frame0054_Timestamp = 6.205
Seq_Frame0055_DriverToReference-SequenceTransform =-0.621742 -0.558349 0.549257 -113.591 -0.0918648 0.748426 0.656825 280.852 -0.777816 0.357919 -0.51662 35.9321 0 0 0 1 
Seq_Frame0055_DriverToReference-SequenceTransformStatus = OK
Seq_Frame0055_Timestamp = 6.306
Seq_Frame0056_DriverToReference-SequenceTransform =-0.621742 -0.558349 0.549257 -113.591 -0.0918648 0.748426 0.656825 280.852 -0.777816 0.357919 -0.51662 35.9321 0 0 0 1 
Seq_Frame0056_DriverToReference-SequenceTransformStatus = OK
Seq_Frame0056_Timestamp = 6.413
Seq_Frame0057_DriverToReference-SequenceTransform =-0.621742 -0.558349 0.549257 -113.591 -0.0918648 0.748426 0.656825 280.852 -0.777816 0.357919 -0.51662 35.9321 0 0 0 1 
Seq_Frame0057_DriverToReference-SequenceTransformStatus = OK
Seq_Frame0057_Timestamp = 6.516
Seq_Frame0058_DriverToReference-SequenceTransform =-0.621742 -0.558349 0.549257 -113.591 -0.0918648 0.748426 0.656825 280.852 -0.777816 0.357919 -0.51662 35.9321 0 0 0 1 
Seq_Frame0058_DriverToReference-SequenceTransformStatus = OK
Seq_Frame0058_Timestamp = 6.621
Seq_Frame0059_DriverToReference-SequenceTransform =0.0616066 -0.354494 -0.933026 61.1549 -0.240474 0.901993 -0.358582 174.244 0.968699 0.246459 -0.0296778 160.782 0 0 0 1 
Seq_Frame0059_DriverToReference-SequenceTransformStatus = OK
Seq_Frame0059_Timestamp = 6.73
Seq_Frame0060_DriverToReference-SequenceTransform =-0.0366227 -0.289321 -0.956531 65.0523 -0.313901 0.912058 -0.263851 177.54 0.948749 0.290593 -0.12422 164.423 0 0 0 1 
Seq_Frame0060_DriverToReference-SequenceTransformStatus = OK
Seq_Frame0060_Timestamp = 6.835
Seq_Frame0061_DriverToReference-SequenceTransform =-0.109477 -0.277788 -0.954384 67.673 -0.323441 0.917857 -0.230054 178.751 0.939894 0.283501 -0.190332 165.248 0 0 0 1 
Seq_Frame0061_DriverToReference-SequenceTransformStatus = OK
Seq_Frame0061_Timestamp = 6.946
Seq_Frame0062_DriverToReference-SequenceTransform =-0.195506 -0.252852 -0.947546 71.1957 -0.356135 0.918537 -0.17163 179.386 0.913754 0.303899 -0.269629 165.086 0 0 0 1 
Seq_Frame0062_DriverToReference-SequenceTransformStatus = OK
Seq_Frame0062_Timestamp = 7.055
Seq_Frame0063_DriverToReference-SequenceTransform =-0.25052 -0.239331 -0.938062 76.2502 -0.372496 0.918194 -0.134783 179.815 0.893581 0.315659 -0.319176 166.017 0 0 0 1 
Seq_Frame0063_DriverToReference-SequenceTransformStatus = OK
Seq_Frame0063_Timestamp = 7.164
Seq_Frame0064_DriverToReference-SequenceTransform =-0.285018 -0.261222 -0.922241 77.4922 -0.38415 0.912629 -0.139778 176.781 0.878176 0.314439 -0.360464 165.416 0 0 0 1 
Seq_Frame0064_DriverToReference-SequenceTransformStatus = OK
Seq_Frame0064_Timestamp = 7.265
Seq_Frame0065_DriverToReference-SequenceTransform =-0.292115 -0.241289 -0.925445 77.1122 -0.384819 0.915517 -0.117233 176.879 0.875547 0.321883 -0.360289 164.181 0 0 0 1 
Seq_Frame0065_DriverToReference-SequenceTransformStatus = OK
Seq_Frame0065_Timestamp = 7.372
Seq_Frame0066_DriverToReference-SequenceTransform =-0.30441 -0.236763 -0.922647 77.3384 -0.383199 0.917219 -0.108941 176.584 0.872063 0.320395 -0.369938 164.447 0 0 0 1 
Seq_Frame0066_DriverToReference-SequenceTransformStatus = OK
Seq_Frame0066_Timestamp = 7.476
Seq_Frame0067_DriverToReference-SequenceTransform =-0.291679 -0.241035 -0.925649 77.1394 -0.382508 0.916375 -0.118089 176.029 0.876705 0.319624 -0.359485 165.387 0 0 0 1 
Seq_Frame0067_DriverToReference-SequenceTransformStatus = OK
Seq_Frame0067_Timestamp = 7.581
Seq_Frame0068_DriverToReference-SequenceTransform =-0.255787 -0.245876 -0.934943 75.7993 -0.382882 0.913796 -0.135564 175.706 0.887679 0.323297 -0.327878 166.283 0 0 0 1 
Seq_Frame0068_DriverToReference-SequenceTransformStatus = OK
Seq_Frame0068_Timestamp = 7.681
Seq_Frame0069_DriverToReference-SequenceTransform =-0.244338 -0.26565 -0.932593 74.4602 -0.388883 0.90786 -0.156718 175.125 0.888296 0.324377 -0.325131 166.634 0 0 0 1 
Seq_Frame0069_DriverToReference-SequenceTransformStatus = OK
Seq_Frame0069_Timestamp = 7.782
Seq_Frame0070_DriverToReference-SequenceTransform =-0.235651 -0.264575 -0.93513 74.4024 -0.384547 0.909081 -0.1603 175.526 0.89252 0.321827 -0.315967 166.344 0 0 0 1 
Seq_Frame0070_DriverToReference-SequenceTransformStatus = OK
Seq_Frame0070_Timestamp = 7.882
Seq_Frame0071_DriverToReference-SequenceTransform =-0.246778 -0.267035 -0.931554 74.0478 -0.397307 0.904659 -0.154075 175.127 0.883882 0.332091 -0.329345 166.433 0 0 0 1 
Seq_Frame0071_DriverToReference-SequenceTransformStatus = OK
Seq_Frame0071_Timestamp = 7.985
Seq_Frame0072_DriverToReference-SequenceTransform =-0.241845 -0.264259 -0.933637 74.081 -0.396815 0.904996 -0.153364 175.252 0.885466 0.333391 -0.32373 166.49 0 0 0 1 
Seq_Frame0072_DriverToReference-SequenceTransformStatus = OK
Seq_Frame0072_Timestamp = 8.096
Seq_Frame0073_DriverToReference-SequenceTransform =-0.245438 -0.263386 -0.932946 73.9749 -0.402201 0.903311 -0.14921 175.312 0.88204 0.33861 -0.327641 166.324 0 0 0 1 
Seq_Frame0073_DriverToReference-SequenceTransformStatus = OK
Seq_Frame0073_Timestamp = 8.205
Seq_Frame0074_DriverToReference-SequenceTransform =-0.23514 -0.268008 -0.934281 73.7964 -0.390404 0.906326 -0.161732 175.693 0.890109 0.326717 -0.317745 166.095 0 0 0 1 
Seq_Frame0074_DriverToReference-SequenceTransformStatus = OK
Seq_Frame0074_Timestamp = 8.311
Seq_Frame0075_DriverToReference-SequenceTransform =-0.257832 -0.27022 -0.927633 73.7817 -0.398592 0.904336 -0.152646 175.887 0.88014 0.33039 -0.340875 165.575 0 0 0 1 
Seq_Frame0075_DriverToReference-SequenceTransformStatus = OK
Seq_Frame0075_Timestamp = 8.416
Seq_Frame0076_DriverToReference-SequenceTransform =-0.262852 -0.256624 -0.930082 72.3685 -0.380091 0.913569 -0.14465 179.378 0.886814 0.315494 -0.337674 164.857 0 0 0 1 
Seq_Frame0076_DriverToReference-SequenceTransformStatus = OK
Seq_Frame0076_Timestamp = 8.516
Seq_Frame0077_DriverToReference-SequenceTransform =-0.286818 -0.236788 -0.92826 71.1007 -0.396117 0.911571 -0.110136 181.6 0.872254 0.336111 -0.355251 167.712 0 0 0 1 
Seq_Frame0077_DriverToReference-SequenceTransformStatus = OK
Seq_Frame0077_Timestamp = 8.621
Seq_Frame0078_DriverToReference-SequenceTransform =-0.352939 -0.24552 -0.902859 73.3058 -0.467164 0.882311 -0.0573119 185.07 0.810674 0.401555 -0.4261 165.588 0 0 0 1 
Seq_Frame0078_DriverToReference-SequenceTransformStatus = OK
Seq_Frame0078_Timestamp = 8.722
Seq_Frame0079_DriverToReference-SequenceTransform =-0.446286 -0.237468 -0.862808 78.4718 -0.56828 0.819999 0.0682559 192.42 0.691294 0.520778 -0.500902 169.121 0 0 0 1 
Seq_Frame0079_DriverToReference-SequenceTransformStatus = OK
Seq_Frame0079_Timestamp = 8.822
Seq_Frame0080_DriverToReference-SequenceTransform =-0.589876 -0.279542 -0.757564 79.3815 -0.671152 0.691387 0.267469 196.473 0.449001 0.666214 -0.595447 174.309 0 0 0 1 
Seq_Frame0080_DriverToReference-SequenceTransformStatus = OK
Seq_Frame0080_Timestamp = 8.923
Seq_Frame0081_DriverToReference-SequenceTransform =-0.702641 -0.342088 -0.623916 79.7242 -0.672267 0.606459 0.424576 194.069 0.233137 0.717763 -0.656098 180.012 0 0 0 1 
Seq_Frame0081_DriverToReference-SequenceTransformStatus = OK
Seq_Frame0081_Timestamp = 9.027
Seq_Frame0082_DriverToReference-SequenceTransform =-0.769546 -0.419744 -0.481263 79.2097 -0.63301 0.600818 0.488175 189.218 0.0842429 0.680318 -0.72806 192.301 0 0 0 1 
Seq_Frame0082_DriverToReference-SequenceTransformStatus = OK
Seq_Frame0082_Timestamp = 9.139
Seq_Frame0083_DriverToReference-SequenceTransform =-0.795884 -0.437178 -0.418861 81.6715 -0.605335 0.561101 0.564567 184.469 -0.0117928 0.70288 -0.71121 188.46 0 0 0 1 
Seq_Frame0083_DriverToReference-SequenceTransformStatus = OK
Seq_Frame0083_Timestamp = 9.241
Seq_Frame0084_DriverToReference-SequenceTransform =-0.794574 -0.444931 -0.413145 84.0919 -0.605999 0.538959 0.585054 183.817 -0.0376403 0.715234 -0.697871 189.901 0 0 0 1 
Seq_Frame0084_DriverToReference-SequenceTransformStatus = OK
Seq_Frame0084_Timestamp = 9.346
Seq_Frame0085_DriverToReference-SequenceTransform =-0.805422 -0.458808 -0.375221 84.5651 -0.587496 0.534276 0.607781 182.867 -0.0783836 0.709961 -0.699865 189.097 0 0 0 1 
Seq_Frame0085_DriverToReference-SequenceTransformStatus = OK
Seq_Frame0085_Timestamp = 9.447
Seq_Frame0086_DriverToReference-SequenceTransform =-0.804521 -0.434485 -0.40493 85.7686 -0.593119 0.552265 0.585844 182.126 -0.0309119 0.711495 -0.702011 190.202 0 0 0 1 
Seq_Frame0086_DriverToReference-SequenceTransformStatus = OK
Seq_Frame0086_Timestamp = 9.551
Seq_Frame0087_DriverToReference-SequenceTransform =-0.805956 -0.455201 -0.378454 84.7501 -0.586742 0.529437 0.612724 183.052 -0.0785447 0.715883 -0.693788 190.179 0 0 0 1 
Seq_Frame0087_DriverToReference-SequenceTransformStatus = OK
Seq_Frame0087_Timestamp = 9.651
Seq_Frame0088_DriverToReference-SequenceTransform =-0.80451 -0.444412 -0.394033 84.2004 -0.590761 0.53021 0.608177 182.821 -0.0613606 0.722064 -0.6891 189.418 0 0 0 1 
Seq_Frame0088_DriverToReference-SequenceTransformStatus = OK
Seq_Frame0088_Timestamp = 9.752
Seq_Frame0089_DriverToReference-SequenceTransform =-0.801285 -0.439005 -0.406469 84.2986 -0.596319 0.531029 0.602006 183.044 -0.0484374 0.724764 -0.687293 190.566 0 0 0 1 
Seq_Frame0089_DriverToReference-SequenceTransformStatus = OK
Seq_Frame0089_Timestamp = 9.855
Seq_Frame0090_DriverToReference-SequenceTransform =-0.806992 -0.447788 -0.385032 84.2517 -0.586709 0.533545 0.609181 181.142 -0.0673521 0.717506 -0.693288 188.704 0 0 0 1 
Seq_Frame0090_DriverToReference-SequenceTransformStatus = OK
Seq_Frame0090_Timestamp = 9.956
Seq_Frame0091_DriverToReference-SequenceTransform =-0.790519 -0.466764 -0.396499 83.0725 -0.608405 0.524341 0.595743 180.211 -0.0701704 0.712178 -0.698483 188.626 0 0 0 1 
Seq_Frame0091_DriverToReference-SequenceTransformStatus = OK
Seq_Frame0091_Timestamp = 10.056
Seq_Frame0092_DriverToReference-SequenceTransform =-0.778245 -0.462785 -0.424458 82.3502 -0.626304 0.522952 0.578156 179.517 -0.0455907 0.715787 -0.696829 188.59 0 0 0 1 
Seq_Frame0092_DriverToReference-SequenceTransformStatus = OK
Seq_Frame0092_Timestamp = 10.157
Seq_Frame0093_DriverToReference-SequenceTransform =-0.775332 -0.488818 -0.399897 81.1437 -0.625235 0.504744 0.595244 178.947 -0.0891206 0.71154 -0.69697 188.356 0 0 0 1 
Seq_Frame0093_DriverToReference-SequenceTransformStatus = OK
Seq_Frame0093_Timestamp = 10.266
Seq_Frame0094_DriverToReference-SequenceTransform =-0.774674 -0.497185 -0.390753 80.7782 -0.623183 0.49534 0.605212 177.645 -0.107347 0.712352 -0.693564 188.847 0 0 0 1 
Seq_Frame0094_DriverToReference-SequenceTransformStatus = OK
Seq_Frame0094_Timestamp = 10.375
Seq_Frame0095_DriverToReference-SequenceTransform =-0.770932 -0.507052 -0.385438 80.4823 -0.627606 0.501666 0.595351 177.297 -0.108513 0.700878 -0.704979 188.156 0 0 0 1 
Seq_Frame0095_DriverToReference-SequenceTransformStatus = OK
Seq_Frame0095_Timestamp = 10.476
Seq_Frame0096_DriverToReference-SequenceTransform =-0.764124 -0.51105 -0.393627 79.8769 -0.636801 0.500226 0.586735 177.707 -0.102949 0.699001 -0.707672 186.778 0 0 0 1 
Seq_Frame0096_DriverToReference-SequenceTransformStatus = OK
Seq_Frame0096_Timestamp = 10.576
Seq_Frame0097_DriverToReference-SequenceTransform =-0.775637 -0.468042 -0.423467 74.3874 -0.626916 0.49343 0.602913 176.816 -0.0732369 0.73312 -0.676145 183.55 0 0 0 1 
Seq_Frame0097_DriverToReference-SequenceTransformStatus = OK
Seq_Frame0097_Timestamp = 10.681
Seq_Frame0098_DriverToReference-SequenceTransform =-0.798054 -0.503458 -0.33112 66.6963 -0.576312 0.477207 0.663428 173.065 -0.175996 0.72028 -0.670986 188.078 0 0 0 1 
Seq_Frame0098_DriverToReference-SequenceTransformStatus = OK
Seq_Frame0098_Timestamp = 10.786
Seq_Frame0099_DriverToReference-SequenceTransform =-0.813888 -0.552478 -0.17987 68.4508 -0.493224 0.493331 0.716488 177.16 -0.307109 0.671858 -0.674012 202.105 0 0 0 1 
Seq_Frame0099_DriverToReference-SequenceTransformStatus = OK
Seq_Frame0099_Timestamp = 10.895
Seq_Frame0100_DriverToReference-SequenceTransform =-0.803527 -0.589692 -0.0812903 71.0525 -0.425452 0.473406 0.771283 182.294 -0.416336 0.654331 -0.63128 214.396 0 0 0 1 
Seq_Frame0100_DriverToReference-SequenceTransformStatus = OK
Seq_Frame0100_Timestamp = 10.997
Seq_Frame0101_DriverToReference-SequenceTransform =-0.80758 -0.588245 -0.0422175 69.1714 -0.384695 0.471168 0.793732 181.551 -0.447017 0.657243 -0.606801 224.543 0 0 0 1 
Seq_Frame0101_DriverToReference-SequenceTransformStatus = OK
Seq_Frame0101_Timestamp = 11.1
Seq_Frame0102_DriverToReference-SequenceTransform =-0.80857 -0.588037 -0.0206386 65.7288 -0.384769 0.501883 0.774639 181.416 -0.445159 0.634292 -0.632066 232.476 0 0 0 1 
Seq_Frame0102_DriverToReference-SequenceTransformStatus = OK
Seq_Frame0102_Timestamp = 11.2
Seq_Frame0103_DriverToReference-SequenceTransform =-0.814394 -0.579125 -0.0370979 63.913 -0.401151 0.515619 0.75711 183.016 -0.419333 0.631468 -0.652233 233.462 0 0 0 1 
Seq_Frame0103_DriverToReference-SequenceTransformStatus = OK
Seq_Frame0103_Timestamp = 11.301
Seq_Frame0104_DriverToReference-SequenceTransform =-0.810217 -0.585388 -0.0294698 61.8237 -0.407234 0.526054 0.746611 182.759 -0.421555 0.616918 -0.664608 233.947 0 0 0 1 
Seq_Frame0104_DriverToReference-SequenceTransformStatus = OK
Seq_Frame0104_Timestamp = 11.402
Seq_Frame0105_DriverToReference-SequenceTransform =-0.814489 -0.576896 -0.0616247 63.3496 -0.427992 0.52573 0.73514 183.984 -0.391702 0.625139 -0.675108 236.541 0 0 0 1 
Seq_Frame0105_DriverToReference-SequenceTransformStatus = OK
Seq_Frame0105_Timestamp = 11.513
Seq_Frame0106_DriverToReference-SequenceTransform =-0.824905 -0.55922 -0.0824974 65.5843 -0.430584 0.527069 0.732663 181.916 -0.366238 0.639899 -0.675573 237.629 0 0 0 1 
Seq_Frame0106_DriverToReference-SequenceTransformStatus = OK
Seq_Frame0106_Timestamp = 11.616
Seq_Frame0107_DriverToReference-SequenceTransform =-0.817688 -0.571445 -0.06955 67.3339 -0.427784 0.52234 0.737673 181.897 -0.385211 0.632939 -0.671566 235.937 0 0 0 1 
Seq_Frame0107_DriverToReference-SequenceTransformStatus = OK
Seq_Frame0107_Timestamp = 11.73
Seq_Frame0108_DriverToReference-SequenceTransform =-0.824534 -0.561559 -0.0692483 67.8098 -0.431897 0.545589 0.71819 181.595 -0.365525 0.622081 -0.692392 236.669 0 0 0 1 
Seq_Frame0108_DriverToReference-SequenceTransformStatus = OK
Seq_Frame0108_Timestamp = 11.836
Seq_Frame0109_DriverToReference-SequenceTransform =-0.823449 -0.564457 -0.0576207 67.4425 -0.423358 0.543627 0.724733 181.404 -0.377757 0.621175 -0.686616 235.816 0 0 0 1 
Seq_Frame0109_DriverToReference-SequenceTransformStatus = OK
Seq_Frame0109_Timestamp = 11.945
Seq_Frame0110_DriverToReference-SequenceTransform =-0.821475 -0.5676 -0.054853 67.4821 -0.424353 0.544219 0.723706 181.832 -0.380923 0.617784 -0.687925 235.543 0 0 0 1 
Seq_Frame0110_DriverToReference-SequenceTransformStatus = OK
Seq_Frame0110_Timestamp = 12.055
Seq_Frame0111_DriverToReference-SequenceTransform =-0.811158 -0.58419 -0.0273056 66.8761 -0.415906 0.543409 0.729198 182.488 -0.411152 0.602851 -0.683758 237.177 0 0 0 1 
Seq_Frame0111_DriverToReference-SequenceTransformStatus = OK
Seq_Frame0111_Timestamp = 12.155
Seq_Frame0112_DriverToReference-SequenceTransform =-0.813322 -0.581492 -0.0193431 67.2281 -0.411799 0.551852 0.725177 181.909 -0.41101 0.597768 -0.688291 236.968 0 0 0 1 
Seq_Frame0112_DriverToReference-SequenceTransformStatus = OK
Seq_Frame0112_Timestamp = 12.261
Seq_Frame0113_DriverToReference-SequenceTransform =-0.822253 -0.566858 -0.0507186 65.1727 -0.421922 0.547349 0.722766 183.506 -0.381945 0.615696 -0.689229 237.853 0 0 0 1 
Seq_Frame0113_DriverToReference-SequenceTransformStatus = OK
Seq_Frame0113_Timestamp = 12.373
Seq_Frame0114_DriverToReference-SequenceTransform =-0.813607 -0.580597 -0.0308381 64.7928 -0.411905 0.538156 0.735338 184.337 -0.410339 0.610979 -0.676998 239.163 0 0 0 1 
Seq_Frame0114_DriverToReference-SequenceTransformStatus = OK
Seq_Frame0114_Timestamp = 12.476
Seq_Frame0115_DriverToReference-SequenceTransform =-0.825846 -0.562971 -0.0322671 67.4814 -0.388952 0.527271 0.755448 182.124 -0.408282 0.636434 -0.654413 238.683 0 0 0 1 
Seq_Frame0115_DriverToReference-SequenceTransformStatus = OK
Seq_Frame0115_Timestamp = 12.589
Seq_Frame0116_DriverToReference-SequenceTransform =-0.823935 -0.566663 -0.00481051 68.0078 -0.349799 0.501897 0.791037 181.649 -0.445837 0.653446 -0.61175 241.231 0 0 0 1 
Seq_Frame0116_DriverToReference-SequenceTransformStatus = OK
Seq_Frame0116_Timestamp = 12.69
Seq_Frame0117_DriverToReference-SequenceTransform =-0.801266 -0.594118 0.0706877 67.7463 -0.289155 0.487963 0.823579 181.898 -0.523796 0.639466 -0.56278 241.921 0 0 0 1 
Seq_Frame0117_DriverToReference-SequenceTransformStatus = OK
Seq_Frame0117_Timestamp = 12.791
Seq_Frame0118_DriverToReference-SequenceTransform =-0.796465 -0.591079 0.127554 65.511 -0.241301 0.504099 0.829251 180.35 -0.554453 0.62969 -0.544125 241.856 0 0 0 1 
Seq_Frame0118_DriverToReference-SequenceTransformStatus = OK
Seq_Frame0118_Timestamp = 12.895
Seq_Frame0119_DriverToReference-SequenceTransform =-0.779044 -0.608976 0.149124 65.6723 -0.225473 0.49406 0.839682 180.701 -0.585023 0.620526 -0.522202 243.643 0 0 0 1 
Seq_Frame0119_DriverToReference-SequenceTransformStatus = OK
Seq_Frame0119_Timestamp = 12.996
Seq_Frame0120_DriverToReference-SequenceTransform =-0.770014 -0.6135 0.175204 66.5605 -0.205359 0.498303 0.842331 181.083 -0.604075 0.612627 -0.509688 242.561 0 0 0 1 
Seq_Frame0120_DriverToReference-SequenceTransformStatus = OK
Seq_Frame0120_Timestamp = 13.097
Seq_Frame0121_DriverToReference-SequenceTransform =-0.775686 -0.603405 0.184972 64.6614 -0.189625 0.50237 0.843604 180.309 -0.601959 0.619296 -0.504101 242.285 0 0 0 1 
Seq_Frame0121_DriverToReference-SequenceTransformStatus = OK
Seq_Frame0121_Timestamp = 13.198
Seq_Frame0122_DriverToReference-SequenceTransform =-0.768411 -0.610561 0.191731 64.7252 -0.178932 0.492629 0.851646 179.955 -0.614433 0.620107 -0.48779 242.666 0 0 0 1 
Seq_Frame0122_DriverToReference-SequenceTransformStatus = OK
Seq_Frame0122_Timestamp = 13.3
Seq_Frame0123_DriverToReference-SequenceTransform =-0.74771 -0.629509 0.2113 65.3732 -0.165361 0.484708 0.858903 180.374 -0.643106 0.60727 -0.466517 242.26 0 0 0 1 
Seq_Frame0123_DriverToReference-SequenceTransformStatus = OK
Seq_Frame0123_Timestamp = 13.401
Seq_Frame0124_DriverToReference-SequenceTransform =-0.753445 -0.622084 0.212914 64.4474 -0.155124 0.482856 0.86185 179.955 -0.63895 0.616328 -0.460306 242.855 0 0 0 1 
Seq_Frame0124_DriverToReference-SequenceTransformStatus = OK
Seq_Frame0124_Timestamp = 13.505
Seq_Frame0125_DriverToReference-SequenceTransform =-0.7446 -0.628256 0.225532 64.6681 -0.141279 0.478543 0.866624 179.813 -0.652389 0.613425 -0.445083 242.893 0 0 0 1 
Seq_Frame0125_DriverToReference-SequenceTransformStatus = OK
Seq_Frame0125_Timestamp = 13.611
Seq_Frame0126_DriverToReference-SequenceTransform =-0.756162 -0.616144 0.220421 64.1447 -0.141807 0.483121 0.863994 179.496 -0.638834 0.622062 -0.452692 242.748 0 0 0 1 
Seq_Frame0126_DriverToReference-SequenceTransformStatus = OK
Seq_Frame0126_Timestamp = 13.711
Seq_Frame0127_DriverToReference-SequenceTransform =-0.727466 -0.64035 0.246464 62.417 -0.121891 0.474096 0.871995 179.333 -0.67523 0.604305 -0.422942 241.923 0 0 0 1 
Seq_Frame0127_DriverToReference-SequenceTransformStatus = OK
Seq_Frame0127_Timestamp = 13.817
Seq_Frame0128_DriverToReference-SequenceTransform =-0.740529 -0.624879 0.247271 62.9579 -0.135626 0.499346 0.855722 178.841 -0.658196 0.60015 -0.45453 241.497 0 0 0 1 
Seq_Frame0128_DriverToReference-SequenceTransformStatus = OK
Seq_Frame0128_Timestamp = 13.921
Seq_Frame0129_DriverToReference-SequenceTransform =-0.735124 -0.631162 0.247443 63.6077 -0.132983 0.492158 0.860289 178.721 -0.664762 0.599513 -0.44573 242.328 0 0 0 1 
Seq_Frame0129_DriverToReference-SequenceTransformStatus = OK
Seq_Frame0129_Timestamp = 14.022
Seq_Frame0130_DriverToReference-SequenceTransform =-0.733393 -0.629671 0.256222 63.6716 -0.125159 0.495529 0.859527 178.62 -0.668184 0.598302 -0.442227 242.656 0 0 0 1 
Seq_Frame0130_DriverToReference-SequenceTransformStatus = OK
Seq_Frame0130_Timestamp = 14.127
Seq_Frame0131_DriverToReference-SequenceTransform =-0.729983 -0.63183 0.260607 63.8841 -0.116779 0.491 0.863297 178.758 -0.673415 0.599759 -0.432206 243.106 0 0 0 1 
Seq_Frame0131_DriverToReference-SequenceTransformStatus = OK
Seq_Frame0131_Timestamp = 14.231
Seq_Frame0132_DriverToReference-SequenceTransform =-0.714402 -0.6398 0.283346 63.7431 -0.0986348 0.492967 0.864439 178.601 -0.692748 0.589609 -0.415284 243.402 0 0 0 1 
Seq_Frame0132_DriverToReference-SequenceTransformStatus = OK
Seq_Frame0132_Timestamp = 14.335
Seq_Frame0133_DriverToReference-SequenceTransform =-0.679034 -0.6661 0.308584 63.5415 -0.0794418 0.48456 0.871144 178.342 -0.729796 0.567021 -0.381949 242.885 0 0 0 1 
Seq_Frame0133_DriverToReference-SequenceTransformStatus = OK
Seq_Frame0133_Timestamp = 14.436
Seq_Frame0134_DriverToReference-SequenceTransform =-0.679034 -0.6661 0.308584 63.5415 -0.0794418 0.48456 0.871144 178.342 -0.729796 0.567021 -0.381949 242.885 0 0 0 1 
Seq_Frame0134_DriverToReference-SequenceTransformStatus = OK
Seq_Frame0134_Timestamp = 14.54
Seq_Frame0135_DriverToReference-SequenceTransform =-0.712348 -0.645705 0.275 65.7206 -0.125971 0.503107 0.854994 179.974 -0.690429 0.574411 -0.439727 243.388 0 0 0 1 
Seq_Frame0135_DriverToReference-SequenceTransformStatus = OK
Seq_Frame0135_Timestamp = 14.651
Seq_Frame0136_DriverToReference-SequenceTransform =-0.695159 -0.652022 0.302691 66.1555 -0.122549 0.5224 0.843848 180.363 -0.708333 0.549514 -0.443056 242.925 0 0 0 1 
Seq_Frame0136_DriverToReference-SequenceTransformStatus = OK
Seq_Frame0136_Timestamp = 14.764
Seq_Frame0137_DriverToReference-SequenceTransform =-0.714309 -0.642358 0.277738 67.7081 -0.150105 0.528257 0.835711 181.166 -0.683543 0.555266 -0.47376 245.433 0 0 0 1 
Seq_Frame0137_DriverToReference-SequenceTransformStatus = OK
Seq_Frame0137_Timestamp = 14.866
Seq_Frame0138_DriverToReference-SequenceTransform =-0.715144 -0.639707 0.281682 69.7118 -0.18754 0.563823 0.804321 183.181 -0.673348 0.522379 -0.523185 245.08 0 0 0 1 
Seq_Frame0138_DriverToReference-SequenceTransformStatus = OK
Seq_Frame0138_Timestamp = 14.971
Seq_Frame0139_DriverToReference-SequenceTransform =-0.768488 -0.601822 0.217341 73.0422 -0.282411 0.623808 0.728772 187.944 -0.57417 0.498673 -0.64935 241.344 0 0 0 1 
Seq_Frame0139_DriverToReference-SequenceTransformStatus = OK
Seq_Frame0139_Timestamp = 15.077
Seq_Frame0140_DriverToReference-SequenceTransform =-0.792536 -0.591155 0.149741 73.3093 -0.368686 0.66007 0.654506 191.789 -0.485754 0.463512 -0.74108 235.528 0 0 0 1 
Seq_Frame0140_DriverToReference-SequenceTransformStatus = OK
Seq_Frame0140_Timestamp = 15.18
Seq_Frame0141_DriverToReference-SequenceTransform =-0.818835 -0.56615 0.0947819 74.4889 -0.405238 0.687071 0.603088 193.793 -0.40656 0.45542 -0.792024 234.875 0 0 0 1 
Seq_Frame0141_DriverToReference-SequenceTransformStatus = OK
Seq_Frame0141_Timestamp = 15.28
Seq_Frame0142_DriverToReference-SequenceTransform =-0.81602 -0.569242 0.100376 74.2599 -0.397062 0.678231 0.61834 193.346 -0.420063 0.464722 -0.779474 235.351 0 0 0 1 
Seq_Frame0142_DriverToReference-SequenceTransformStatus = OK
Seq_Frame0142_Timestamp = 15.386
Seq_Frame0143_DriverToReference-SequenceTransform =-0.818913 -0.567553 0.0852345 74.269 -0.413012 0.685904 0.599131 194.368 -0.398501 0.455433 -0.796102 233.791 0 0 0 1 
Seq_Frame0143_DriverToReference-SequenceTransformStatus = OK
Seq_Frame0143_Timestamp = 15.49
Seq_Frame0144_DriverToReference-SequenceTransform =-0.830593 -0.553589 0.0604533 74.8521 -0.41511 0.687845 0.595443 194.244 -0.371213 0.469476 -0.80112 234.866 0 0 0 1 
Seq_Frame0144_DriverToReference-SequenceTransformStatus = OK
Seq_Frame0144_Timestamp = 15.591
Seq_Frame0145_DriverToReference-SequenceTransform =-0.841811 -0.535872 0.0647778 75.7171 -0.391989 0.689417 0.609138 193.823 -0.371079 0.487386 -0.790415 236.657 0 0 0 1 
Seq_Frame0145_DriverToReference-SequenceTransformStatus = OK
Seq_Frame0145_Timestamp = 15.691
Seq_Frame0146_DriverToReference-SequenceTransform =-0.822864 -0.547868 0.150782 74.9828 -0.328074 0.67471 0.661161 192.06 -0.463963 0.494578 -0.734936 238.858 0 0 0 1 
Seq_Frame0146_DriverToReference-SequenceTransformStatus = OK
Seq_Frame0146_Timestamp = 15.797
Seq_Frame0147_DriverToReference-SequenceTransform =-0.837136 -0.526534 0.148211 77.6032 -0.322683 0.694153 0.643449 192.888 -0.441678 0.490829 -0.751004 239.041 0 0 0 1 
Seq_Frame0147_DriverToReference-SequenceTransformStatus = OK
Seq_Frame0147_Timestamp = 15.901
Seq_Frame0148_DriverToReference-SequenceTransform =-0.836805 -0.529539 0.139093 77.3501 -0.336702 0.698064 0.631932 193.618 -0.431729 0.481971 -0.76244 237.54 0 0 0 1 
Seq_Frame0148_DriverToReference-SequenceTransformStatus = OK
Seq_Frame0148_Timestamp = 16.002
Seq_Frame0149_DriverToReference-SequenceTransform =-0.841063 -0.519409 0.151085 78.9471 -0.337878 0.722552 0.603123 195.984 -0.422434 0.456216 -0.783209 235.335 0 0 0 1 
Seq_Frame0149_DriverToReference-SequenceTransformStatus = OK
Seq_Frame0149_Timestamp = 16.105
Seq_Frame0150_DriverToReference-SequenceTransform =-0.85994 -0.490273 0.1419 81.6636 -0.335435 0.752424 0.56687 197.862 -0.38469 0.439876 -0.811494 233.551 0 0 0 1 
Seq_Frame0150_DriverToReference-SequenceTransformStatus = OK
Seq_Frame0150_Timestamp = 16.206
