ObjectType = Image
NDims = 3
AnatomicalOrientation = RAI
BinaryData = True
CompressedData = False
DimSize = 0 0 2180
ElementSpacing = 1 1 1
Offset = 0 0 0
TransformMatrix = 1 0 0 0 1 0 0 0 1
ElementType = MET_UCHAR
Kinds = domain domain list
Seq_Frame0000_ForcepToReference-SequenceTransform =0.543226 -0.460671 -0.701918 132.744 0.352932 -0.63328 0.688764 -4.55843 -0.761804 -0.621883 -0.181429 -6.20167 0 0 0 1 
Seq_Frame0000_ForcepToReference-SequenceTransformStatus = OK
Seq_Frame0000_Timestamp = 0.0139999
Seq_Frame0001_ForcepToReference-SequenceTransform =0.542706 -0.460955 -0.702133 132.741 0.352362 -0.633881 0.688502 -4.54037 -0.762437 -0.621059 -0.181588 -6.23783 0 0 0 1 
Seq_Frame0001_ForcepToReference-SequenceTransformStatus = OK
Seq_Frame0001_Timestamp = 0.121
Seq_Frame0002_ForcepToReference-SequenceTransform =0.543605 -0.4603 -0.701867 132.743 0.351076 -0.634854 0.688263 -4.50824 -0.762391 -0.620552 -0.18351 -6.27136 0 0 0 1 
Seq_Frame0002_ForcepToReference-SequenceTransformStatus = OK
Seq_Frame0002_Timestamp = 0.222
Seq_Frame0003_ForcepToReference-SequenceTransform =0.543286 -0.460411 -0.702042 132.75 0.350991 -0.635069 0.688108 -4.53013 -0.762657 -0.62025 -0.183424 -6.1804 0 0 0 1 
Seq_Frame0003_ForcepToReference-SequenceTransformStatus = OK
Seq_Frame0003_Timestamp = 0.331
Seq_Frame0004_ForcepToReference-SequenceTransform =0.543932 -0.460235 -0.701657 132.749 0.351365 -0.634421 0.688515 -4.47843 -0.762024 -0.621043 -0.183372 -6.23861 0 0 0 1 
Seq_Frame0004_ForcepToReference-SequenceTransformStatus = OK
Seq_Frame0004_Timestamp = 0.431
Seq_Frame0005_ForcepToReference-SequenceTransform =0.543604 -0.460502 -0.701735 132.751 0.351632 -0.634203 0.688579 -4.55018 -0.762135 -0.621067 -0.182828 -6.16094 0 0 0 1 
Seq_Frame0005_ForcepToReference-SequenceTransformStatus = OK
Seq_Frame0005_Timestamp = 0.538
Seq_Frame0006_ForcepToReference-SequenceTransform =0.543502 -0.460615 -0.701741 132.759 0.350921 -0.634753 0.688435 -4.58975 -0.762536 -0.620421 -0.18335 -6.21959 0 0 0 1 
Seq_Frame0006_ForcepToReference-SequenceTransformStatus = OK
Seq_Frame0006_Timestamp = 0.638
Seq_Frame0007_ForcepToReference-SequenceTransform =0.542758 -0.460725 -0.702244 132.755 0.351827 -0.634501 0.688205 -4.50645 -0.762648 -0.620597 -0.182285 -6.1765 0 0 0 1 
Seq_Frame0007_ForcepToReference-SequenceTransformStatus = OK
Seq_Frame0007_Timestamp = 0.746
Seq_Frame0008_ForcepToReference-SequenceTransform =0.543095 -0.460591 -0.702071 132.749 0.351006 -0.635031 0.688135 -4.50815 -0.762786 -0.620154 -0.183212 -6.20373 0 0 0 1 
Seq_Frame0008_ForcepToReference-SequenceTransformStatus = OK
Seq_Frame0008_Timestamp = 0.855
Seq_Frame0009_ForcepToReference-SequenceTransform =0.543154 -0.460678 -0.701969 132.762 0.351388 -0.634589 0.688348 -4.56614 -0.762569 -0.620542 -0.182803 -6.2375 0 0 0 1 
Seq_Frame0009_ForcepToReference-SequenceTransformStatus = OK
Seq_Frame0009_Timestamp = 0.961
Seq_Frame0010_ForcepToReference-SequenceTransform =0.543652 -0.460632 -0.701614 132.76 0.351908 -0.633813 0.688797 -4.56868 -0.761973 -0.62137 -0.182473 -6.1405 0 0 0 1 
Seq_Frame0010_ForcepToReference-SequenceTransformStatus = OK
Seq_Frame0010_Timestamp = 1.064
Seq_Frame0011_ForcepToReference-SequenceTransform =0.542439 -0.460892 -0.70238 132.74 0.352464 -0.634073 0.688273 -4.53198 -0.76258 -0.62091 -0.181498 -6.24006 0 0 0 1 
Seq_Frame0011_ForcepToReference-SequenceTransformStatus = OK
Seq_Frame0011_Timestamp = 1.164
Seq_Frame0012_ForcepToReference-SequenceTransform =0.541772 -0.461704 -0.702362 132.755 0.353563 -0.632915 0.688776 -4.5902 -0.762546 -0.621489 -0.179654 -6.17637 0 0 0 1 
Seq_Frame0012_ForcepToReference-SequenceTransformStatus = OK
Seq_Frame0012_Timestamp = 1.272
Seq_Frame0013_ForcepToReference-SequenceTransform =0.542748 -0.461064 -0.702029 132.744 0.351494 -0.634448 0.688424 -4.55053 -0.762808 -0.6204 -0.182284 -6.22918 0 0 0 1 
Seq_Frame0013_ForcepToReference-SequenceTransformStatus = OK
Seq_Frame0013_Timestamp = 1.372
Seq_Frame0014_ForcepToReference-SequenceTransform =0.544149 -0.460606 -0.701245 132.742 0.35134 -0.633903 0.689004 -4.56488 -0.761881 -0.621297 -0.183108 -6.20092 0 0 0 1 
Seq_Frame0014_ForcepToReference-SequenceTransformStatus = OK
Seq_Frame0014_Timestamp = 1.475
Seq_Frame0015_ForcepToReference-SequenceTransform =0.543655 -0.460307 -0.701824 132.755 0.351129 -0.634763 0.68832 -4.53601 -0.762331 -0.620639 -0.183465 -6.11944 0 0 0 1 
Seq_Frame0015_ForcepToReference-SequenceTransformStatus = OK
Seq_Frame0015_Timestamp = 1.581
Seq_Frame0016_ForcepToReference-SequenceTransform =0.54288 -0.461083 -0.701915 132.75 0.352014 -0.633901 0.688662 -4.58355 -0.762475 -0.620944 -0.181824 -6.21348 0 0 0 1 
Seq_Frame0016_ForcepToReference-SequenceTransformStatus = OK
Seq_Frame0016_Timestamp = 1.685
Seq_Frame0017_ForcepToReference-SequenceTransform =0.542015 -0.462123 -0.701898 132.75 0.352685 -0.633024 0.689125 -4.66331 -0.762779 -0.621066 -0.180124 -6.24327 0 0 0 1 
Seq_Frame0017_ForcepToReference-SequenceTransformStatus = OK
Seq_Frame0017_Timestamp = 1.786
Seq_Frame0018_ForcepToReference-SequenceTransform =0.541626 -0.461776 -0.702427 132.749 0.352793 -0.633588 0.688552 -4.59002 -0.763007 -0.620749 -0.180256 -6.1779 0 0 0 1 
Seq_Frame0018_ForcepToReference-SequenceTransformStatus = OK
Seq_Frame0018_Timestamp = 1.896
Seq_Frame0019_ForcepToReference-SequenceTransform =0.542728 -0.461576 -0.701708 132.761 0.352447 -0.633185 0.689099 -4.63731 -0.762383 -0.621308 -0.180966 -6.09037 0 0 0 1 
Seq_Frame0019_ForcepToReference-SequenceTransformStatus = OK
Seq_Frame0019_Timestamp = 1.996
Seq_Frame0020_ForcepToReference-SequenceTransform =0.543646 -0.461377 -0.701128 132.765 0.353669 -0.631646 0.689885 -4.69941 -0.761162 -0.623021 -0.180217 -6.06593 0 0 0 1 
Seq_Frame0020_ForcepToReference-SequenceTransformStatus = OK
Seq_Frame0020_Timestamp = 2.101
Seq_Frame0021_ForcepToReference-SequenceTransform =0.543251 -0.461273 -0.701502 132.76 0.353304 -0.632364 0.689414 -4.62984 -0.761613 -0.622369 -0.180563 -6.09373 0 0 0 1 
Seq_Frame0021_ForcepToReference-SequenceTransformStatus = OK
Seq_Frame0021_Timestamp = 2.201
Seq_Frame0022_ForcepToReference-SequenceTransform =0.544192 -0.461191 -0.700826 132.754 0.35291 -0.63201 0.68994 -4.67544 -0.761124 -0.622788 -0.181176 -6.08905 0 0 0 1 
Seq_Frame0022_ForcepToReference-SequenceTransformStatus = OK
Seq_Frame0022_Timestamp = 2.306
Seq_Frame0023_ForcepToReference-SequenceTransform =0.543018 -0.461656 -0.70143 132.758 0.352579 -0.632766 0.689416 -4.69095 -0.762115 -0.621675 -0.180834 -6.08989 0 0 0 1 
Seq_Frame0023_ForcepToReference-SequenceTransformStatus = OK
Seq_Frame0023_Timestamp = 2.407
Seq_Frame0024_ForcepToReference-SequenceTransform =0.543281 -0.461709 -0.701193 132.757 0.353401 -0.631833 0.689851 -4.68074 -0.761547 -0.622585 -0.180094 -6.15319 0 0 0 1 
Seq_Frame0024_ForcepToReference-SequenceTransformStatus = OK
Seq_Frame0024_Timestamp = 2.507
Seq_Frame0025_ForcepToReference-SequenceTransform =0.543618 -0.461993 -0.700744 132.757 0.353862 -0.630904 0.690465 -4.7375 -0.761092 -0.623316 -0.17949 -6.09918 0 0 0 1 
Seq_Frame0025_ForcepToReference-SequenceTransformStatus = OK
Seq_Frame0025_Timestamp = 2.611
Seq_Frame0026_ForcepToReference-SequenceTransform =0.543179 -0.461989 -0.701087 132.764 0.353694 -0.631399 0.690098 -4.73699 -0.761484 -0.622817 -0.17956 -6.09864 0 0 0 1 
Seq_Frame0026_ForcepToReference-SequenceTransformStatus = OK
Seq_Frame0026_Timestamp = 2.711
Seq_Frame0027_ForcepToReference-SequenceTransform =0.54346 -0.461758 -0.701021 132.767 0.353476 -0.631579 0.690046 -4.70476 -0.761384 -0.622806 -0.180017 -6.05768 0 0 0 1 
Seq_Frame0027_ForcepToReference-SequenceTransformStatus = OK
Seq_Frame0027_Timestamp = 2.812
Seq_Frame0028_ForcepToReference-SequenceTransform =0.542764 -0.461988 -0.701409 132.752 0.353907 -0.631561 0.689841 -4.67279 -0.761681 -0.622654 -0.179288 -6.15478 0 0 0 1 
Seq_Frame0028_ForcepToReference-SequenceTransformStatus = OK
Seq_Frame0028_Timestamp = 2.914
Seq_Frame0029_ForcepToReference-SequenceTransform =0.543243 -0.462078 -0.700978 132.767 0.35334 -0.63155 0.690142 -4.72753 -0.761602 -0.622598 -0.179814 -6.12342 0 0 0 1 
Seq_Frame0029_ForcepToReference-SequenceTransformStatus = OK
Seq_Frame0029_Timestamp = 3.015
Seq_Frame0030_ForcepToReference-SequenceTransform =0.542448 -0.462048 -0.701614 132.765 0.35403 -0.631655 0.689692 -4.67002 -0.761848 -0.622514 -0.179061 -6.14066 0 0 0 1 
Seq_Frame0030_ForcepToReference-SequenceTransformStatus = OK
Seq_Frame0030_Timestamp = 3.12
Seq_Frame0031_ForcepToReference-SequenceTransform =0.542357 -0.46168 -0.701926 132.754 0.353967 -0.63214 0.689279 -4.6364 -0.761942 -0.622295 -0.179426 -6.15932 0 0 0 1 
Seq_Frame0031_ForcepToReference-SequenceTransformStatus = OK
Seq_Frame0031_Timestamp = 3.231
Seq_Frame0032_ForcepToReference-SequenceTransform =0.543021 -0.461376 -0.701613 132.764 0.352412 -0.633176 0.689126 -4.60978 -0.762191 -0.621466 -0.181233 -6.15319 0 0 0 1 
Seq_Frame0032_ForcepToReference-SequenceTransformStatus = OK
Seq_Frame0032_Timestamp = 3.339
Seq_Frame0033_ForcepToReference-SequenceTransform =0.543068 -0.461069 -0.701779 132.767 0.352371 -0.633473 0.688873 -4.59986 -0.762176 -0.621391 -0.181551 -6.10739 0 0 0 1 
Seq_Frame0033_ForcepToReference-SequenceTransformStatus = OK
Seq_Frame0033_Timestamp = 3.44
Seq_Frame0034_ForcepToReference-SequenceTransform =0.542079 -0.461377 -0.70234 132.741 0.35137 -0.634775 0.688186 -4.58718 -0.763341 -0.619833 -0.181984 -6.1625 0 0 0 1 
Seq_Frame0034_ForcepToReference-SequenceTransformStatus = OK
Seq_Frame0034_Timestamp = 3.541
Seq_Frame0035_ForcepToReference-SequenceTransform =0.543062 -0.460679 -0.702039 132.762 0.351354 -0.634689 0.688273 -4.52558 -0.762649 -0.620439 -0.182814 -6.14185 0 0 0 1 
Seq_Frame0035_ForcepToReference-SequenceTransformStatus = OK
Seq_Frame0035_Timestamp = 3.641
Seq_Frame0036_ForcepToReference-SequenceTransform =0.542014 -0.461409 -0.702369 132.757 0.352516 -0.633864 0.68844 -4.54136 -0.762858 -0.62074 -0.180909 -6.24228 0 0 0 1 
Seq_Frame0036_ForcepToReference-SequenceTransformStatus = OK
Seq_Frame0036_Timestamp = 3.746
Seq_Frame0037_ForcepToReference-SequenceTransform =0.54184 -0.461843 -0.702218 132.758 0.35323 -0.632995 0.688873 -4.58312 -0.762652 -0.621304 -0.179845 -6.19386 0 0 0 1 
Seq_Frame0037_ForcepToReference-SequenceTransformStatus = OK
Seq_Frame0037_Timestamp = 3.855
Seq_Frame0038_ForcepToReference-SequenceTransform =0.541069 -0.461803 -0.702839 132.771 0.352479 -0.634261 0.688093 -4.55587 -0.763547 -0.620041 -0.180403 -6.12227 0 0 0 1 
Seq_Frame0038_ForcepToReference-SequenceTransformStatus = OK
Seq_Frame0038_Timestamp = 3.961
Seq_Frame0039_ForcepToReference-SequenceTransform =0.541172 -0.46188 -0.702708 132.751 0.35145 -0.634937 0.687995 -4.53193 -0.763947 -0.619291 -0.181283 -6.29406 0 0 0 1 
Seq_Frame0039_ForcepToReference-SequenceTransformStatus = OK
Seq_Frame0039_Timestamp = 4.071
Seq_Frame0040_ForcepToReference-SequenceTransform =0.546043 -0.460214 -0.700029 132.73 0.350514 -0.633441 0.689849 -4.54712 -0.760905 -0.622057 -0.184575 -6.24771 0 0 0 1 
Seq_Frame0040_ForcepToReference-SequenceTransformStatus = OK
Seq_Frame0040_Timestamp = 4.181
Seq_Frame0041_ForcepToReference-SequenceTransform =0.541062 -0.461671 -0.702931 132.774 0.35359 -0.633492 0.688231 -4.64947 -0.763037 -0.620925 -0.179517 -6.05553 0 0 0 1 
Seq_Frame0041_ForcepToReference-SequenceTransformStatus = OK
Seq_Frame0041_Timestamp = 4.286
Seq_Frame0042_ForcepToReference-SequenceTransform =0.539979 -0.461837 -0.703654 132.771 0.353213 -0.634496 0.687499 -4.59604 -0.763979 -0.619775 -0.179487 -6.08107 0 0 0 1 
Seq_Frame0042_ForcepToReference-SequenceTransformStatus = OK
Seq_Frame0042_Timestamp = 4.392
Seq_Frame0043_ForcepToReference-SequenceTransform =0.540611 -0.461712 -0.703251 132.786 0.353449 -0.633925 0.687905 -4.67178 -0.763422 -0.620452 -0.179515 -5.93711 0 0 0 1 
Seq_Frame0043_ForcepToReference-SequenceTransformStatus = OK
Seq_Frame0043_Timestamp = 4.496
Seq_Frame0044_ForcepToReference-SequenceTransform =0.587068 -0.370418 -0.71982 133.816 0.383967 -0.655385 0.650415 -5.8535 -0.712685 -0.658225 -0.242528 -7.2955 0 0 0 1 
Seq_Frame0044_ForcepToReference-SequenceTransformStatus = OK
Seq_Frame0044_Timestamp = 4.601
Seq_Frame0045_ForcepToReference-SequenceTransform =0.595978 -0.344748 -0.72523 133.665 0.396726 -0.658814 0.639197 -7.49472 -0.698154 -0.668665 -0.255867 -9.39106 0 0 0 1 
Seq_Frame0045_ForcepToReference-SequenceTransformStatus = OK
Seq_Frame0045_Timestamp = 4.701
Seq_Frame0046_ForcepToReference-SequenceTransform =-0.376935 0.327453 -0.866427 106.97 0.00646188 -0.934471 -0.35598 20.4893 -0.926217 -0.13978 0.350118 -44.0332 0 0 0 1 
Seq_Frame0046_ForcepToReference-SequenceTransformStatus = OK
Seq_Frame0046_Timestamp = 4.9
Seq_Frame0047_ForcepToReference-SequenceTransform =-0.148552 -0.00237262 -0.988902 107.558 0.366426 -0.928947 -0.0528153 52.2238 -0.918512 -0.370205 0.138866 -57.1949 0 0 0 1 
Seq_Frame0047_ForcepToReference-SequenceTransformStatus = OK
Seq_Frame0047_Timestamp = 5.005
Seq_Frame0048_ForcepToReference-SequenceTransform =-0.123363 -0.0169988 -0.992216 116.41 0.657176 -0.750587 -0.0688477 140.48 -0.743574 -0.660553 0.103765 -80.5805 0 0 0 1 
Seq_Frame0048_ForcepToReference-SequenceTransformStatus = OK
Seq_Frame0048_Timestamp = 5.106
Seq_Frame0049_ForcepToReference-SequenceTransform =0.138942 -0.212387 -0.967257 142.972 0.91885 -0.336628 0.205904 220.378 -0.369337 -0.917373 0.14838 -67.4996 0 0 0 1 
Seq_Frame0049_ForcepToReference-SequenceTransformStatus = OK
Seq_Frame0049_Timestamp = 5.211
Seq_Frame0050_ForcepToReference-SequenceTransform =-0.984173 0.0245529 -0.175502 -21.6486 0.159073 0.558872 -0.813854 246.753 0.0781008 -0.82889 -0.553932 129.198 0 0 0 1 
Seq_Frame0050_ForcepToReference-SequenceTransformStatus = OK
Seq_Frame0050_Timestamp = 5.651
Seq_Frame0051_ForcepToReference-SequenceTransform =-0.137395 -0.0255633 -0.990186 175.528 0.917809 0.372645 -0.136972 269.77 0.37249 -0.927622 -0.0277372 104.741 0 0 0 1 
Seq_Frame0051_ForcepToReference-SequenceTransformStatus = OK
Seq_Frame0051_Timestamp = 5.89
Seq_Frame0052_ForcepToReference-SequenceTransform =0.0427076 -0.162235 -0.985828 171.252 0.92044 0.390125 -0.0243269 247.064 0.388543 -0.906356 0.165989 93.7718 0 0 0 1 
Seq_Frame0052_ForcepToReference-SequenceTransformStatus = OK
Seq_Frame0052_Timestamp = 5.991
Seq_Frame0053_ForcepToReference-SequenceTransform =0.116159 -0.302933 -0.945906 166.886 0.937424 0.348171 0.00361311 233.054 0.328242 -0.887135 0.324419 90.067 0 0 0 1 
Seq_Frame0053_ForcepToReference-SequenceTransformStatus = OK
Seq_Frame0053_Timestamp = 6.095
Seq_Frame0054_ForcepToReference-SequenceTransform =0.167603 -0.382447 -0.908649 160.51 0.930128 0.366833 0.0171662 228.115 0.326758 -0.848037 0.417207 90.8858 0 0 0 1 
Seq_Frame0054_ForcepToReference-SequenceTransformStatus = OK
Seq_Frame0054_Timestamp = 6.205
Seq_Frame0055_ForcepToReference-SequenceTransform =0.193782 -0.392398 -0.899151 160.116 0.92252 0.384709 0.030928 223.874 0.333776 -0.835478 0.436544 89.4477 0 0 0 1 
Seq_Frame0055_ForcepToReference-SequenceTransformStatus = OK
Seq_Frame0055_Timestamp = 6.306
Seq_Frame0056_ForcepToReference-SequenceTransform =0.202762 -0.433495 -0.878049 152.94 0.934714 0.352959 0.041591 215.387 0.291885 -0.829158 0.47676 87.1875 0 0 0 1 
Seq_Frame0056_ForcepToReference-SequenceTransformStatus = OK
Seq_Frame0056_Timestamp = 6.413
Seq_Frame0057_ForcepToReference-SequenceTransform =0.196318 -0.443744 -0.874386 152.083 0.948663 0.311483 0.0549191 211.969 0.247986 -0.840279 0.482114 86.4807 0 0 0 1 
Seq_Frame0057_ForcepToReference-SequenceTransformStatus = OK
Seq_Frame0057_Timestamp = 6.516
Seq_Frame0058_ForcepToReference-SequenceTransform =0.193192 -0.422384 -0.885589 153.518 0.945356 0.321739 0.0527766 210.682 0.262636 -0.847394 0.461461 88.3838 0 0 0 1 
Seq_Frame0058_ForcepToReference-SequenceTransformStatus = OK
Seq_Frame0058_Timestamp = 6.621
Seq_Frame0059_ForcepToReference-SequenceTransform =0.214156 -0.396505 -0.892704 157.255 0.943929 0.319094 0.0847154 211.284 0.251266 -0.860792 0.442608 86.1951 0 0 0 1 
Seq_Frame0059_ForcepToReference-SequenceTransformStatus = OK
Seq_Frame0059_Timestamp = 6.73
Seq_Frame0060_ForcepToReference-SequenceTransform =0.190567 -0.40409 -0.894648 154.665 0.953886 0.291526 0.0715099 206.261 0.231917 -0.86702 0.441011 84.7706 0 0 0 1 
Seq_Frame0060_ForcepToReference-SequenceTransformStatus = OK
Seq_Frame0060_Timestamp = 6.835
Seq_Frame0061_ForcepToReference-SequenceTransform =0.180597 -0.402444 -0.897454 154.85 0.966783 0.240436 0.0867305 203.826 0.180876 -0.883306 0.432498 82.0213 0 0 0 1 
Seq_Frame0061_ForcepToReference-SequenceTransformStatus = OK
Seq_Frame0061_Timestamp = 6.946
Seq_Frame0062_ForcepToReference-SequenceTransform =0.155005 -0.392152 -0.906747 153.932 0.976527 0.199771 0.0805365 202.083 0.149559 -0.897947 0.413913 79.924 0 0 0 1 
Seq_Frame0062_ForcepToReference-SequenceTransformStatus = OK
Seq_Frame0062_Timestamp = 7.055
Seq_Frame0063_ForcepToReference-SequenceTransform =0.13069 -0.348157 -0.928282 157.308 0.987065 0.133389 0.0889382 198.3 0.0928576 -0.927898 0.361086 77.98 0 0 0 1 
Seq_Frame0063_ForcepToReference-SequenceTransformStatus = OK
Seq_Frame0063_Timestamp = 7.164
Seq_Frame0064_ForcepToReference-SequenceTransform =0.113318 -0.299036 -0.947489 160.344 0.990526 0.108452 0.084237 196.105 0.077567 -0.948059 0.308493 77.7201 0 0 0 1 
Seq_Frame0064_ForcepToReference-SequenceTransformStatus = OK
Seq_Frame0064_Timestamp = 7.265
Seq_Frame0065_ForcepToReference-SequenceTransform =0.0878806 -0.262563 -0.960905 161.068 0.993215 0.096847 0.0643726 195.739 0.0761589 -0.960042 0.269293 76.9712 0 0 0 1 
Seq_Frame0065_ForcepToReference-SequenceTransformStatus = OK
Seq_Frame0065_Timestamp = 7.372
Seq_Frame0066_ForcepToReference-SequenceTransform =0.103668 -0.268362 -0.957724 162.025 0.989911 0.121348 0.0731495 196.493 0.0965873 -0.955644 0.278235 77.9683 0 0 0 1 
Seq_Frame0066_ForcepToReference-SequenceTransformStatus = OK
Seq_Frame0066_Timestamp = 7.476
Seq_Frame0067_ForcepToReference-SequenceTransform =0.151644 -0.276073 -0.949098 166.213 0.970236 0.224984 0.0895778 206.472 0.188802 -0.934433 0.301974 81.719 0 0 0 1 
Seq_Frame0067_ForcepToReference-SequenceTransformStatus = OK
Seq_Frame0067_Timestamp = 7.581
Seq_Frame0068_ForcepToReference-SequenceTransform =0.193232 -0.328227 -0.924624 162.764 0.948217 0.304597 0.0900351 214.385 0.252085 -0.894141 0.370088 81.9384 0 0 0 1 
Seq_Frame0068_ForcepToReference-SequenceTransformStatus = OK
Seq_Frame0068_Timestamp = 7.681
Seq_Frame0069_ForcepToReference-SequenceTransform =0.221286 -0.407128 -0.88616 149.878 0.932247 0.35505 0.0696739 211.201 0.286265 -0.841538 0.458112 83.8375 0 0 0 1 
Seq_Frame0069_ForcepToReference-SequenceTransformStatus = OK
Seq_Frame0069_Timestamp = 7.782
Seq_Frame0070_ForcepToReference-SequenceTransform =0.21869 -0.425887 -0.877949 147.861 0.932706 0.355643 0.0598092 209.871 0.286765 -0.831949 0.475003 84.4694 0 0 0 1 
Seq_Frame0070_ForcepToReference-SequenceTransformStatus = OK
Seq_Frame0070_Timestamp = 7.882
Seq_Frame0071_ForcepToReference-SequenceTransform =0.208477 -0.475378 -0.854724 143.028 0.935867 0.35079 0.0331667 209.756 0.284062 -0.806822 0.518022 84.1049 0 0 0 1 
Seq_Frame0071_ForcepToReference-SequenceTransformStatus = OK
Seq_Frame0071_Timestamp = 7.985
Seq_Frame0072_ForcepToReference-SequenceTransform =0.202879 -0.481654 -0.852554 142.487 0.937655 0.346489 0.0273799 208.977 0.282213 -0.804956 0.521921 82.3274 0 0 0 1 
Seq_Frame0072_ForcepToReference-SequenceTransformStatus = OK
Seq_Frame0072_Timestamp = 8.096
Seq_Frame0073_ForcepToReference-SequenceTransform =0.172141 -0.481671 -0.859279 139.994 0.956979 0.288608 0.0299335 206.4 0.233577 -0.827465 0.510631 78.3266 0 0 0 1 
Seq_Frame0073_ForcepToReference-SequenceTransformStatus = OK
Seq_Frame0073_Timestamp = 8.205
Seq_Frame0074_ForcepToReference-SequenceTransform =0.100367 -0.490528 -0.865626 133.583 0.974423 0.224277 -0.0141103 204.123 0.201061 -0.84207 0.500492 74.1328 0 0 0 1 
Seq_Frame0074_ForcepToReference-SequenceTransformStatus = OK
Seq_Frame0074_Timestamp = 8.311
Seq_Frame0075_ForcepToReference-SequenceTransform =0.0243354 -0.502675 -0.864133 126.004 0.980926 0.178756 -0.0763597 202.086 0.192853 -0.845792 0.497437 69.5607 0 0 0 1 
Seq_Frame0075_ForcepToReference-SequenceTransformStatus = OK
Seq_Frame0075_Timestamp = 8.416
Seq_Frame0076_ForcepToReference-SequenceTransform =-0.00548702 -0.494574 -0.869118 124.62 0.979498 0.172371 -0.104272 202.676 0.201381 -0.851871 0.483488 69.1566 0 0 0 1 
Seq_Frame0076_ForcepToReference-SequenceTransformStatus = OK
Seq_Frame0076_Timestamp = 8.516
Seq_Frame0077_ForcepToReference-SequenceTransform =0.02937 -0.422199 -0.906027 136.488 0.997562 0.0697925 -0.00018536 198.656 0.0633121 -0.903812 0.423219 66.1702 0 0 0 1 
Seq_Frame0077_ForcepToReference-SequenceTransformStatus = OK
Seq_Frame0077_Timestamp = 8.621
Seq_Frame0078_ForcepToReference-SequenceTransform =0.111068 -0.256397 -0.960169 158.433 0.993526 0.00542005 0.113479 189.228 -0.0238916 -0.966556 0.255339 61.0568 0 0 0 1 
Seq_Frame0078_ForcepToReference-SequenceTransformStatus = OK
Seq_Frame0078_Timestamp = 8.722
Seq_Frame0079_ForcepToReference-SequenceTransform =0.111068 -0.256397 -0.960169 158.433 0.993526 0.00542005 0.113479 189.228 -0.0238916 -0.966556 0.255339 61.0568 0 0 0 1 
Seq_Frame0079_ForcepToReference-SequenceTransformStatus = OK
Seq_Frame0079_Timestamp = 8.822
Seq_Frame0080_ForcepToReference-SequenceTransform =0.382122 0.149712 -0.911904 217.859 0.865743 -0.403139 0.296594 153.186 -0.323221 -0.90281 -0.283661 71.5887 0 0 0 1 
Seq_Frame0080_ForcepToReference-SequenceTransformStatus = OK
Seq_Frame0080_Timestamp = 8.923
Seq_Frame0081_ForcepToReference-SequenceTransform =0.43448 0.160803 -0.886211 222.979 0.833271 -0.445251 0.327735 146.637 -0.341886 -0.880848 -0.327446 75.8352 0 0 0 1 
Seq_Frame0081_ForcepToReference-SequenceTransformStatus = OK
Seq_Frame0081_Timestamp = 9.027
Seq_Frame0082_ForcepToReference-SequenceTransform =0.480418 0.184952 -0.857316 230.021 0.809249 -0.470317 0.352019 141.921 -0.338104 -0.862899 -0.375621 78.3821 0 0 0 1 
Seq_Frame0082_ForcepToReference-SequenceTransformStatus = OK
Seq_Frame0082_Timestamp = 9.139
Seq_Frame0083_ForcepToReference-SequenceTransform =0.536381 0.179348 -0.8247 229.968 0.774915 -0.491791 0.39705 138.64 -0.33437 -0.852042 -0.402767 81.1174 0 0 0 1 
Seq_Frame0083_ForcepToReference-SequenceTransformStatus = OK
Seq_Frame0083_Timestamp = 9.241
Seq_Frame0084_ForcepToReference-SequenceTransform =0.533217 0.166531 -0.829426 229.913 0.776243 -0.486113 0.401425 139.23 -0.336344 -0.857882 -0.388472 79.2846 0 0 0 1 
Seq_Frame0084_ForcepToReference-SequenceTransformStatus = OK
Seq_Frame0084_Timestamp = 9.346
Seq_Frame0085_ForcepToReference-SequenceTransform =0.540394 0.153943 -0.82721 229.747 0.772213 -0.481173 0.414921 138.068 -0.334157 -0.863003 -0.3789 79.3956 0 0 0 1 
Seq_Frame0085_ForcepToReference-SequenceTransformStatus = OK
Seq_Frame0085_Timestamp = 9.447
Seq_Frame0086_ForcepToReference-SequenceTransform =0.544901 0.147879 -0.825357 228.448 0.771239 -0.474665 0.424127 139.421 -0.329049 -0.867655 -0.372696 78.5753 0 0 0 1 
Seq_Frame0086_ForcepToReference-SequenceTransformStatus = OK
Seq_Frame0086_Timestamp = 9.551
Seq_Frame0087_ForcepToReference-SequenceTransform =0.544427 0.149256 -0.825422 229.636 0.771009 -0.476614 0.422355 140.888 -0.330368 -0.86635 -0.37456 78.6408 0 0 0 1 
Seq_Frame0087_ForcepToReference-SequenceTransformStatus = OK
Seq_Frame0087_Timestamp = 9.651
Seq_Frame0088_ForcepToReference-SequenceTransform =0.544027 0.144708 -0.826495 229.304 0.771697 -0.473012 0.425139 141.43 -0.329421 -0.869091 -0.369002 78.5311 0 0 0 1 
Seq_Frame0088_ForcepToReference-SequenceTransformStatus = OK
Seq_Frame0088_Timestamp = 9.752
Seq_Frame0089_ForcepToReference-SequenceTransform =0.547366 0.139249 -0.825227 229.522 0.771251 -0.466746 0.432805 141.556 -0.324903 -0.87336 -0.362877 78.4491 0 0 0 1 
Seq_Frame0089_ForcepToReference-SequenceTransformStatus = OK
Seq_Frame0089_Timestamp = 9.855
Seq_Frame0090_ForcepToReference-SequenceTransform =0.533025 0.11337 -0.83847 225.109 0.771286 -0.472524 0.426425 141.886 -0.347853 -0.873996 -0.339308 75.8809 0 0 0 1 
Seq_Frame0090_ForcepToReference-SequenceTransformStatus = OK
Seq_Frame0090_Timestamp = 9.956
Seq_Frame0091_ForcepToReference-SequenceTransform =0.527552 0.108226 -0.842601 223.668 0.774316 -0.46927 0.424524 143.14 -0.349463 -0.876397 -0.331366 74.8641 0 0 0 1 
Seq_Frame0091_ForcepToReference-SequenceTransformStatus = OK
Seq_Frame0091_Timestamp = 10.056
Seq_Frame0092_ForcepToReference-SequenceTransform =0.515898 0.10987 -0.849575 222.766 0.779805 -0.47077 0.412649 143.678 -0.354617 -0.875388 -0.328546 74.1702 0 0 0 1 
Seq_Frame0092_ForcepToReference-SequenceTransformStatus = OK
Seq_Frame0092_Timestamp = 10.157
Seq_Frame0093_ForcepToReference-SequenceTransform =0.515325 0.110552 -0.849835 222.03 0.776111 -0.480752 0.408081 144.217 -0.363445 -0.86986 -0.333544 73.202 0 0 0 1 
Seq_Frame0093_ForcepToReference-SequenceTransformStatus = OK
Seq_Frame0093_Timestamp = 10.266
Seq_Frame0094_ForcepToReference-SequenceTransform =0.50522 0.118087 -0.854873 222.05 0.781936 -0.48177 0.395567 145.21 -0.365141 -0.868305 -0.335737 73.9375 0 0 0 1 
Seq_Frame0094_ForcepToReference-SequenceTransformStatus = OK
Seq_Frame0094_Timestamp = 10.375
Seq_Frame0095_ForcepToReference-SequenceTransform =0.500783 0.127608 -0.856115 222.463 0.788154 -0.476092 0.390065 145.651 -0.357814 -0.870088 -0.338993 74.5643 0 0 0 1 
Seq_Frame0095_ForcepToReference-SequenceTransformStatus = OK
Seq_Frame0095_Timestamp = 10.476
Seq_Frame0096_ForcepToReference-SequenceTransform =0.489384 0.146699 -0.859641 222.67 0.807587 -0.448237 0.383258 150.75 -0.329099 -0.881795 -0.337832 74.7752 0 0 0 1 
Seq_Frame0096_ForcepToReference-SequenceTransformStatus = OK
Seq_Frame0096_Timestamp = 10.576
Seq_Frame0097_ForcepToReference-SequenceTransform =0.305362 0.193888 -0.932288 224.575 0.938696 -0.225811 0.260498 194.477 -0.160013 -0.954681 -0.250956 72.926 0 0 0 1 
Seq_Frame0097_ForcepToReference-SequenceTransformStatus = OK
Seq_Frame0097_Timestamp = 10.681
Seq_Frame0098_ForcepToReference-SequenceTransform =0.113632 0.283025 -0.952358 227.011 0.993127 -0.0594147 0.100839 225.601 -0.028044 -0.957271 -0.287831 94.4968 0 0 0 1 
Seq_Frame0098_ForcepToReference-SequenceTransformStatus = OK
Seq_Frame0098_Timestamp = 10.786
Seq_Frame0099_ForcepToReference-SequenceTransform =-0.0127128 0.36343 -0.931535 215.444 0.995288 -0.0849598 -0.0467291 237.556 -0.0961258 -0.92774 -0.360637 111.713 0 0 0 1 
Seq_Frame0099_ForcepToReference-SequenceTransformStatus = OK
Seq_Frame0099_Timestamp = 10.895
Seq_Frame0100_ForcepToReference-SequenceTransform =-0.10369 0.300412 -0.948157 198.787 0.994366 0.0102148 -0.105507 248.144 -0.0220103 -0.953755 -0.299779 133.697 0 0 0 1 
Seq_Frame0100_ForcepToReference-SequenceTransformStatus = OK
Seq_Frame0100_Timestamp = 10.997
Seq_Frame0101_ForcepToReference-SequenceTransform =-0.0118858 0.378775 -0.925412 197.117 0.997087 -0.0652394 -0.0395092 238.405 -0.0753384 -0.923186 -0.376897 150.525 0 0 0 1 
Seq_Frame0101_ForcepToReference-SequenceTransformStatus = OK
Seq_Frame0101_Timestamp = 11.1
Seq_Frame0102_ForcepToReference-SequenceTransform =0.00650356 0.269097 -0.963091 191.451 0.999406 0.030836 0.0153647 240.928 0.0338325 -0.962619 -0.268737 152.496 0 0 0 1 
Seq_Frame0102_ForcepToReference-SequenceTransformStatus = OK
Seq_Frame0102_Timestamp = 11.2
Seq_Frame0103_ForcepToReference-SequenceTransform =-0.00923568 -0.122903 -0.992376 173.263 0.953776 0.297028 -0.0456626 244.899 0.300376 -0.946926 0.114479 146.323 0 0 0 1 
Seq_Frame0103_ForcepToReference-SequenceTransformStatus = OK
Seq_Frame0103_Timestamp = 11.301
Seq_Frame0104_ForcepToReference-SequenceTransform =0.121843 -0.37171 -0.920318 161.657 0.936199 0.351018 -0.0178281 245.423 0.329675 -0.859429 0.390764 142.731 0 0 0 1 
Seq_Frame0104_ForcepToReference-SequenceTransformStatus = OK
Seq_Frame0104_Timestamp = 11.402
Seq_Frame0105_ForcepToReference-SequenceTransform =0.265093 -0.466875 -0.843655 163.116 0.910556 0.409044 0.0597514 244.441 0.317196 -0.784035 0.53355 136.618 0 0 0 1 
Seq_Frame0105_ForcepToReference-SequenceTransformStatus = OK
Seq_Frame0105_Timestamp = 11.513
Seq_Frame0106_ForcepToReference-SequenceTransform =0.379513 -0.528612 -0.759302 161.973 0.872362 0.477803 0.103385 244.038 0.308146 -0.701622 0.642474 136.743 0 0 0 1 
Seq_Frame0106_ForcepToReference-SequenceTransformStatus = OK
Seq_Frame0106_Timestamp = 11.616
Seq_Frame0107_ForcepToReference-SequenceTransform =0.503603 -0.570416 -0.648852 159.419 0.818401 0.555587 0.146772 247.138 0.276773 -0.604936 0.746625 141.068 0 0 0 1 
Seq_Frame0107_ForcepToReference-SequenceTransformStatus = OK
Seq_Frame0107_Timestamp = 11.73
Seq_Frame0108_ForcepToReference-SequenceTransform =0.529197 -0.597467 -0.602481 153.296 0.7939 0.599248 0.103072 244.872 0.299454 -0.532855 0.79145 142.88 0 0 0 1 
Seq_Frame0108_ForcepToReference-SequenceTransformStatus = OK
Seq_Frame0108_Timestamp = 11.836
Seq_Frame0109_ForcepToReference-SequenceTransform =0.539665 -0.594487 -0.59611 152.347 0.771537 0.63258 0.0676244 244.466 0.336885 -0.496415 0.80005 141.373 0 0 0 1 
Seq_Frame0109_ForcepToReference-SequenceTransformStatus = OK
Seq_Frame0109_Timestamp = 11.945
Seq_Frame0110_ForcepToReference-SequenceTransform =0.547271 -0.607537 -0.575667 151.676 0.775608 0.626618 0.0760408 243.226 0.314526 -0.488107 0.814141 140.281 0 0 0 1 
Seq_Frame0110_ForcepToReference-SequenceTransformStatus = OK
Seq_Frame0110_Timestamp = 12.055
Seq_Frame0111_ForcepToReference-SequenceTransform =0.582418 -0.61718 -0.529035 151.823 0.753267 0.654412 0.0658303 243.944 0.305578 -0.436846 0.846043 141.09 0 0 0 1 
Seq_Frame0111_ForcepToReference-SequenceTransformStatus = OK
Seq_Frame0111_Timestamp = 12.155
Seq_Frame0112_ForcepToReference-SequenceTransform =0.54006 -0.635973 -0.551248 146.923 0.800903 0.589623 0.104401 240.341 0.258632 -0.497878 0.827784 134.07 0 0 0 1 
Seq_Frame0112_ForcepToReference-SequenceTransformStatus = OK
Seq_Frame0112_Timestamp = 12.261
Seq_Frame0113_ForcepToReference-SequenceTransform =0.577656 -0.601483 -0.551845 152.882 0.755407 0.650082 0.0821817 240.37 0.309314 -0.46434 0.829888 138.414 0 0 0 1 
Seq_Frame0113_ForcepToReference-SequenceTransformStatus = OK
Seq_Frame0113_Timestamp = 12.373
Seq_Frame0114_ForcepToReference-SequenceTransform =0.587288 -0.582877 -0.561558 155.225 0.744962 0.660523 0.0934963 239.533 0.316425 -0.473249 0.822138 139.87 0 0 0 1 
Seq_Frame0114_ForcepToReference-SequenceTransformStatus = OK
Seq_Frame0114_Timestamp = 12.476
Seq_Frame0115_ForcepToReference-SequenceTransform =0.582748 -0.540617 -0.606744 162.129 0.765516 0.615771 0.186581 234.483 0.272746 -0.573201 0.77269 136.547 0 0 0 1 
Seq_Frame0115_ForcepToReference-SequenceTransformStatus = OK
Seq_Frame0115_Timestamp = 12.589
Seq_Frame0116_ForcepToReference-SequenceTransform =0.561189 -0.512345 -0.650054 165.257 0.793795 0.555602 0.247377 230.618 0.234429 -0.654835 0.718495 132.227 0 0 0 1 
Seq_Frame0116_ForcepToReference-SequenceTransformStatus = OK
Seq_Frame0116_Timestamp = 12.69
Seq_Frame0117_ForcepToReference-SequenceTransform =0.538568 -0.501216 -0.677294 164.994 0.817786 0.504516 0.276928 226.485 0.202905 -0.703026 0.681604 126.215 0 0 0 1 
Seq_Frame0117_ForcepToReference-SequenceTransformStatus = OK
Seq_Frame0117_Timestamp = 12.791
Seq_Frame0118_ForcepToReference-SequenceTransform =0.544485 -0.49352 -0.678214 167.289 0.818505 0.489296 0.301064 224.95 0.183266 -0.719046 0.670363 125.25 0 0 0 1 
Seq_Frame0118_ForcepToReference-SequenceTransformStatus = OK
Seq_Frame0118_Timestamp = 12.895
Seq_Frame0119_ForcepToReference-SequenceTransform =0.548752 -0.482036 -0.683017 168.878 0.819924 0.469721 0.327242 222.892 0.163085 -0.739597 0.652993 124.233 0 0 0 1 
Seq_Frame0119_ForcepToReference-SequenceTransformStatus = OK
Seq_Frame0119_Timestamp = 12.996
Seq_Frame0120_ForcepToReference-SequenceTransform =0.559262 -0.474028 -0.680091 170.725 0.815994 0.459483 0.350757 221.468 0.146222 -0.751115 0.643775 122.87 0 0 0 1 
Seq_Frame0120_ForcepToReference-SequenceTransformStatus = OK
Seq_Frame0120_Timestamp = 13.097
Seq_Frame0121_ForcepToReference-SequenceTransform =0.562439 -0.453926 -0.691095 172.741 0.812098 0.460391 0.358521 219.836 0.155432 -0.762883 0.627575 122.623 0 0 0 1 
Seq_Frame0121_ForcepToReference-SequenceTransformStatus = OK
Seq_Frame0121_Timestamp = 13.198
Seq_Frame0122_ForcepToReference-SequenceTransform =0.562772 -0.452549 -0.691727 172.683 0.814022 0.448908 0.368579 218.571 0.143722 -0.770507 0.621018 121.269 0 0 0 1 
Seq_Frame0122_ForcepToReference-SequenceTransformStatus = OK
Seq_Frame0122_Timestamp = 13.3
Seq_Frame0123_ForcepToReference-SequenceTransform =0.563459 -0.454992 -0.689562 173.104 0.816943 0.431091 0.383099 218.454 0.122957 -0.779193 0.614605 120.716 0 0 0 1 
Seq_Frame0123_ForcepToReference-SequenceTransformStatus = OK
Seq_Frame0123_Timestamp = 13.401
Seq_Frame0124_ForcepToReference-SequenceTransform =0.563186 -0.452559 -0.691384 173.521 0.81704 0.430086 0.384021 217.794 0.123563 -0.781164 0.611977 120.638 0 0 0 1 
Seq_Frame0124_ForcepToReference-SequenceTransformStatus = OK
Seq_Frame0124_Timestamp = 13.505
Seq_Frame0125_ForcepToReference-SequenceTransform =0.559762 -0.452204 -0.69439 172.935 0.820006 0.423025 0.385539 217.188 0.119402 -0.785214 0.607603 119.733 0 0 0 1 
Seq_Frame0125_ForcepToReference-SequenceTransformStatus = OK
Seq_Frame0125_Timestamp = 13.611
Seq_Frame0126_ForcepToReference-SequenceTransform =0.560607 -0.452242 -0.693683 173.159 0.819824 0.421121 0.388002 216.619 0.116654 -0.786215 0.606842 119.66 0 0 0 1 
Seq_Frame0126_ForcepToReference-SequenceTransformStatus = OK
Seq_Frame0126_Timestamp = 13.711
Seq_Frame0127_ForcepToReference-SequenceTransform =0.561355 -0.453079 -0.692531 173.082 0.819363 0.421872 0.38816 216.556 0.116293 -0.78533 0.608056 119.464 0 0 0 1 
Seq_Frame0127_ForcepToReference-SequenceTransformStatus = OK
Seq_Frame0127_Timestamp = 13.817
Seq_Frame0128_ForcepToReference-SequenceTransform =0.56241 -0.452319 -0.692172 173.284 0.818689 0.422003 0.389439 216.412 0.115948 -0.785698 0.607647 119.619 0 0 0 1 
Seq_Frame0128_ForcepToReference-SequenceTransformStatus = OK
Seq_Frame0128_Timestamp = 13.921
Seq_Frame0129_ForcepToReference-SequenceTransform =0.555613 -0.440542 -0.705136 173.449 0.820073 0.430135 0.377445 216.408 0.137024 -0.787976 0.600265 119.604 0 0 0 1 
Seq_Frame0129_ForcepToReference-SequenceTransformStatus = OK
Seq_Frame0129_Timestamp = 14.022
Seq_Frame0130_ForcepToReference-SequenceTransform =0.556542 -0.44155 -0.703772 173.824 0.819709 0.429894 0.378507 216.328 0.135417 -0.787543 0.601197 120.207 0 0 0 1 
Seq_Frame0130_ForcepToReference-SequenceTransformStatus = OK
Seq_Frame0130_Timestamp = 14.127
Seq_Frame0131_ForcepToReference-SequenceTransform =0.555406 -0.443943 -0.703163 173.581 0.821899 0.421698 0.382953 216.076 0.126513 -0.790623 0.59909 119.891 0 0 0 1 
Seq_Frame0131_ForcepToReference-SequenceTransformStatus = OK
Seq_Frame0131_Timestamp = 14.231
Seq_Frame0132_ForcepToReference-SequenceTransform =0.55607 -0.449764 -0.698927 173.271 0.823335 0.413034 0.38926 215.959 0.113605 -0.791906 0.599982 120.044 0 0 0 1 
Seq_Frame0132_ForcepToReference-SequenceTransformStatus = OK
Seq_Frame0132_Timestamp = 14.335
Seq_Frame0133_ForcepToReference-SequenceTransform =0.553965 -0.44374 -0.704427 173.7 0.823218 0.418217 0.383935 215.622 0.124236 -0.792584 0.596972 119.904 0 0 0 1 
Seq_Frame0133_ForcepToReference-SequenceTransformStatus = OK
Seq_Frame0133_Timestamp = 14.436
Seq_Frame0134_ForcepToReference-SequenceTransform =0.555155 -0.443893 -0.703393 174.204 0.823556 0.411755 0.390146 215.192 0.116442 -0.795875 0.594159 120.135 0 0 0 1 
Seq_Frame0134_ForcepToReference-SequenceTransformStatus = OK
Seq_Frame0134_Timestamp = 14.54
Seq_Frame0135_ForcepToReference-SequenceTransform =0.553204 -0.43686 -0.709309 174.791 0.822969 0.418633 0.384016 214.986 0.129179 -0.796178 0.591112 120.719 0 0 0 1 
Seq_Frame0135_ForcepToReference-SequenceTransformStatus = OK
Seq_Frame0135_Timestamp = 14.651
Seq_Frame0136_ForcepToReference-SequenceTransform =0.550567 -0.434993 -0.712501 174.841 0.824766 0.415324 0.383754 214.994 0.128988 -0.798928 0.587431 120.939 0 0 0 1 
Seq_Frame0136_ForcepToReference-SequenceTransformStatus = OK
Seq_Frame0136_Timestamp = 14.764
Seq_Frame0137_ForcepToReference-SequenceTransform =0.546897 -0.432179 -0.717025 175.001 0.826516 0.415105 0.380209 215.272 0.133322 -0.800568 0.584223 121.356 0 0 0 1 
Seq_Frame0137_ForcepToReference-SequenceTransformStatus = OK
Seq_Frame0137_Timestamp = 14.866
Seq_Frame0138_ForcepToReference-SequenceTransform =0.544412 -0.422129 -0.724861 175.85 0.827832 0.409782 0.383108 215.369 0.135314 -0.808632 0.572543 121.46 0 0 0 1 
Seq_Frame0138_ForcepToReference-SequenceTransformStatus = OK
Seq_Frame0138_Timestamp = 14.971
Seq_Frame0139_ForcepToReference-SequenceTransform =0.541887 -0.419418 -0.728318 176.058 0.828888 0.409958 0.38063 215.928 0.138937 -0.809953 0.569801 121.652 0 0 0 1 
Seq_Frame0139_ForcepToReference-SequenceTransformStatus = OK
Seq_Frame0139_Timestamp = 15.077
Seq_Frame0140_ForcepToReference-SequenceTransform =0.533914 -0.398872 -0.745545 178.726 0.830675 0.412043 0.374433 217.876 0.157846 -0.81922 0.551328 123.729 0 0 0 1 
Seq_Frame0140_ForcepToReference-SequenceTransformStatus = OK
Seq_Frame0140_Timestamp = 15.18
Seq_Frame0141_ForcepToReference-SequenceTransform =0.515024 -0.369105 -0.773635 183.648 0.82679 0.452087 0.334717 228.563 0.226205 -0.812021 0.538008 127.442 0 0 0 1 
Seq_Frame0141_ForcepToReference-SequenceTransformStatus = OK
Seq_Frame0141_Timestamp = 15.28
Seq_Frame0142_ForcepToReference-SequenceTransform =0.492499 -0.385597 -0.780231 183.519 0.838891 0.449043 0.307607 234.2 0.231745 -0.806025 0.544627 130.786 0 0 0 1 
Seq_Frame0142_ForcepToReference-SequenceTransformStatus = OK
Seq_Frame0142_Timestamp = 15.386
Seq_Frame0143_ForcepToReference-SequenceTransform =0.440122 -0.413313 -0.79716 175.739 0.874726 0.397899 0.276643 232.625 0.202849 -0.819053 0.53666 134.979 0 0 0 1 
Seq_Frame0143_ForcepToReference-SequenceTransformStatus = OK
Seq_Frame0143_Timestamp = 15.49
Seq_Frame0144_ForcepToReference-SequenceTransform =0.434409 -0.419293 -0.797171 174.339 0.877506 0.396632 0.269568 234.168 0.203155 -0.816625 0.540233 135.316 0 0 0 1 
Seq_Frame0144_ForcepToReference-SequenceTransformStatus = OK
Seq_Frame0144_Timestamp = 15.591
Seq_Frame0145_ForcepToReference-SequenceTransform =0.422839 -0.419249 -0.803391 173.505 0.887237 0.371965 0.272859 234.236 0.184438 -0.828174 0.529255 135.344 0 0 0 1 
Seq_Frame0145_ForcepToReference-SequenceTransformStatus = OK
Seq_Frame0145_Timestamp = 15.691
Seq_Frame0146_ForcepToReference-SequenceTransform =0.421077 -0.403073 -0.812543 175.094 0.88404 0.382775 0.268248 236.923 0.202897 -0.831273 0.51751 135.18 0 0 0 1 
Seq_Frame0146_ForcepToReference-SequenceTransformStatus = OK
Seq_Frame0146_Timestamp = 15.797
Seq_Frame0147_ForcepToReference-SequenceTransform =0.400358 -0.409687 -0.819677 172.962 0.892749 0.37612 0.248058 234.231 0.206671 -0.831078 0.51633 136.509 0 0 0 1 
Seq_Frame0147_ForcepToReference-SequenceTransformStatus = OK
Seq_Frame0147_Timestamp = 15.901
Seq_Frame0148_ForcepToReference-SequenceTransform =0.39804 -0.411128 -0.820084 173.293 0.890028 0.38969 0.236627 234.296 0.222295 -0.824085 0.521028 137.631 0 0 0 1 
Seq_Frame0148_ForcepToReference-SequenceTransformStatus = OK
Seq_Frame0148_Timestamp = 16.002
Seq_Frame0149_ForcepToReference-SequenceTransform =0.400075 -0.395141 -0.826924 174.407 0.889769 0.383722 0.247121 233.226 0.219661 -0.834638 0.505102 138.893 0 0 0 1 
Seq_Frame0149_ForcepToReference-SequenceTransformStatus = OK
Seq_Frame0149_Timestamp = 16.105
Seq_Frame0150_ForcepToReference-SequenceTransform =0.405126 -0.378009 -0.832455 177.189 0.879366 0.410265 0.241659 233.205 0.250178 -0.829935 0.498617 143.018 0 0 0 1 
Seq_Frame0150_ForcepToReference-SequenceTransformStatus = OK
Seq_Frame0150_Timestamp = 16.206
