ObjectType = Image
NDims = 3
AnatomicalOrientation = RAI
BinaryData = True
CompressedData = False
DimSize = 0 0 2026
ElementSpacing = 1 1 1
Offset = 0 0 0
TransformMatrix = 1 0 0 0 1 0 0 0 1
ElementType = MET_UCHAR
Kinds = domain domain list
Seq_Frame0000_DriverToReference-SequenceTransform =-0.789459 -0.604453 0.106727 35.52 -0.235686 0.459065 0.856569 70.8686 -0.566751 0.651072 -0.504874 107.514 0 0 0 1 
Seq_Frame0000_DriverToReference-SequenceTransformStatus = OK
Seq_Frame0000_Timestamp = 0.00199986
Seq_Frame0001_DriverToReference-SequenceTransform =-0.791966 -0.601453 0.105088 35.5978 -0.237512 0.46204 0.854463 70.8991 -0.562474 0.651746 -0.508773 107.734 0 0 0 1 
Seq_Frame0001_DriverToReference-SequenceTransformStatus = OK
Seq_Frame0001_Timestamp = 0.126
Seq_Frame0002_DriverToReference-SequenceTransform =-0.791268 -0.602339 0.105277 35.5589 -0.235335 0.458894 0.856758 70.9296 -0.56437 0.653149 -0.504859 107.423 0 0 0 1 
Seq_Frame0002_DriverToReference-SequenceTransformStatus = OK
Seq_Frame0002_Timestamp = 0.247
Seq_Frame0003_DriverToReference-SequenceTransform =-0.793604 -0.59968 0.102841 35.6749 -0.238725 0.462369 0.853947 70.896 -0.559646 0.653145 -0.510097 107.82 0 0 0 1 
Seq_Frame0003_DriverToReference-SequenceTransformStatus = OK
Seq_Frame0003_Timestamp = 0.36
Seq_Frame0004_DriverToReference-SequenceTransform =-0.792918 -0.600615 0.10268 35.5592 -0.236416 0.458561 0.856639 70.9316 -0.561595 0.654969 -0.505596 107.303 0 0 0 1 
Seq_Frame0004_DriverToReference-SequenceTransformStatus = OK
Seq_Frame0004_Timestamp = 0.475
Seq_Frame0005_DriverToReference-SequenceTransform =-0.792234 -0.601264 0.104149 35.5712 -0.238358 0.462031 0.854232 71.0192 -0.561739 0.651927 -0.509353 107.499 0 0 0 1 
Seq_Frame0005_DriverToReference-SequenceTransformStatus = OK
Seq_Frame0005_Timestamp = 0.58
Seq_Frame0006_DriverToReference-SequenceTransform =-0.791798 -0.601889 0.103856 35.5088 -0.235595 0.457848 0.857246 70.8711 -0.563517 0.654297 -0.504325 107.397 0 0 0 1 
Seq_Frame0006_DriverToReference-SequenceTransformStatus = OK
Seq_Frame0006_Timestamp = 0.684
Seq_Frame0007_DriverToReference-SequenceTransform =-0.791723 -0.601621 0.105959 35.6343 -0.236356 0.461627 0.855007 70.9738 -0.563304 0.651884 -0.507677 107.427 0 0 0 1 
Seq_Frame0007_DriverToReference-SequenceTransformStatus = OK
Seq_Frame0007_Timestamp = 0.79
Seq_Frame0008_DriverToReference-SequenceTransform =-0.797402 -0.595473 0.0977865 35.7372 -0.239588 0.461136 0.854372 70.9415 -0.553849 0.657849 -0.510378 107.924 0 0 0 1 
Seq_Frame0008_DriverToReference-SequenceTransformStatus = OK
Seq_Frame0008_Timestamp = 0.896
Seq_Frame0009_DriverToReference-SequenceTransform =-0.791594 -0.602043 0.104513 35.5629 -0.235791 0.458752 0.856708 70.9353 -0.563721 0.653522 -0.505102 107.425 0 0 0 1 
Seq_Frame0009_DriverToReference-SequenceTransformStatus = OK
Seq_Frame0009_Timestamp = 1.001
Seq_Frame0010_DriverToReference-SequenceTransform =-0.805613 -0.421264 -0.416563 38.0531 -0.589895 0.505237 0.629889 67.3442 -0.0548867 0.753175 -0.655527 119.472 0 0 0 1 
Seq_Frame0010_DriverToReference-SequenceTransformStatus = OK
Seq_Frame0010_Timestamp = 1.109
Seq_Frame0011_DriverToReference-SequenceTransform =-0.805613 -0.421264 -0.416563 38.0531 -0.589895 0.505237 0.629889 67.3442 -0.0548867 0.753175 -0.655527 119.472 0 0 0 1 
Seq_Frame0011_DriverToReference-SequenceTransformStatus = OK
Seq_Frame0011_Timestamp = 1.215
Seq_Frame0012_DriverToReference-SequenceTransform =-0.805613 -0.421264 -0.416563 38.0531 -0.589895 0.505237 0.629889 67.3442 -0.0548867 0.753175 -0.655527 119.472 0 0 0 1 
Seq_Frame0012_DriverToReference-SequenceTransformStatus = OK
Seq_Frame0012_Timestamp = 1.317
Seq_Frame0013_DriverToReference-SequenceTransform =-0.805613 -0.421264 -0.416563 38.0531 -0.589895 0.505237 0.629889 67.3442 -0.0548867 0.753175 -0.655527 119.472 0 0 0 1 
Seq_Frame0013_DriverToReference-SequenceTransformStatus = OK
Seq_Frame0013_Timestamp = 1.425
Seq_Frame0014_DriverToReference-SequenceTransform =-0.805613 -0.421264 -0.416563 38.0531 -0.589895 0.505237 0.629889 67.3442 -0.0548867 0.753175 -0.655527 119.472 0 0 0 1 
Seq_Frame0014_DriverToReference-SequenceTransformStatus = OK
Seq_Frame0014_Timestamp = 1.53
Seq_Frame0015_DriverToReference-SequenceTransform =-0.805613 -0.421264 -0.416563 38.0531 -0.589895 0.505237 0.629889 67.3442 -0.0548867 0.753175 -0.655527 119.472 0 0 0 1 
Seq_Frame0015_DriverToReference-SequenceTransformStatus = OK
Seq_Frame0015_Timestamp = 1.634
Seq_Frame0016_DriverToReference-SequenceTransform =-0.805613 -0.421264 -0.416563 38.0531 -0.589895 0.505237 0.629889 67.3442 -0.0548867 0.753175 -0.655527 119.472 0 0 0 1 
Seq_Frame0016_DriverToReference-SequenceTransformStatus = OK
Seq_Frame0016_Timestamp = 1.74
Seq_Frame0017_DriverToReference-SequenceTransform =-0.805613 -0.421264 -0.416563 38.0531 -0.589895 0.505237 0.629889 67.3442 -0.0548867 0.753175 -0.655527 119.472 0 0 0 1 
Seq_Frame0017_DriverToReference-SequenceTransformStatus = OK
Seq_Frame0017_Timestamp = 1.845
Seq_Frame0018_DriverToReference-SequenceTransform =-0.805613 -0.421264 -0.416563 38.0531 -0.589895 0.505237 0.629889 67.3442 -0.0548867 0.753175 -0.655527 119.472 0 0 0 1 
Seq_Frame0018_DriverToReference-SequenceTransformStatus = OK
Seq_Frame0018_Timestamp = 1.95
Seq_Frame0019_DriverToReference-SequenceTransform =-0.805613 -0.421264 -0.416563 38.0531 -0.589895 0.505237 0.629889 67.3442 -0.0548867 0.753175 -0.655527 119.472 0 0 0 1 
Seq_Frame0019_DriverToReference-SequenceTransformStatus = OK
Seq_Frame0019_Timestamp = 2.059
Seq_Frame0020_DriverToReference-SequenceTransform =-0.805613 -0.421264 -0.416563 38.0531 -0.589895 0.505237 0.629889 67.3442 -0.0548867 0.753175 -0.655527 119.472 0 0 0 1 
Seq_Frame0020_DriverToReference-SequenceTransformStatus = OK
Seq_Frame0020_Timestamp = 2.165
Seq_Frame0021_DriverToReference-SequenceTransform =-0.805613 -0.421264 -0.416563 38.0531 -0.589895 0.505237 0.629889 67.3442 -0.0548867 0.753175 -0.655527 119.472 0 0 0 1 
Seq_Frame0021_DriverToReference-SequenceTransformStatus = OK
Seq_Frame0021_Timestamp = 2.267
Seq_Frame0022_DriverToReference-SequenceTransform =-0.805613 -0.421264 -0.416563 38.0531 -0.589895 0.505237 0.629889 67.3442 -0.0548867 0.753175 -0.655527 119.472 0 0 0 1 
Seq_Frame0022_DriverToReference-SequenceTransformStatus = OK
Seq_Frame0022_Timestamp = 2.375
Seq_Frame0023_DriverToReference-SequenceTransform =-0.805613 -0.421264 -0.416563 38.0531 -0.589895 0.505237 0.629889 67.3442 -0.0548867 0.753175 -0.655527 119.472 0 0 0 1 
Seq_Frame0023_DriverToReference-SequenceTransformStatus = OK
Seq_Frame0023_Timestamp = 2.48
Seq_Frame0024_DriverToReference-SequenceTransform =-0.805613 -0.421264 -0.416563 38.0531 -0.589895 0.505237 0.629889 67.3442 -0.0548867 0.753175 -0.655527 119.472 0 0 0 1 
Seq_Frame0024_DriverToReference-SequenceTransformStatus = OK
Seq_Frame0024_Timestamp = 2.585
Seq_Frame0025_DriverToReference-SequenceTransform =-0.805613 -0.421264 -0.416563 38.0531 -0.589895 0.505237 0.629889 67.3442 -0.0548867 0.753175 -0.655527 119.472 0 0 0 1 
Seq_Frame0025_DriverToReference-SequenceTransformStatus = OK
Seq_Frame0025_Timestamp = 2.69
Seq_Frame0026_DriverToReference-SequenceTransform =-0.805613 -0.421264 -0.416563 38.0531 -0.589895 0.505237 0.629889 67.3442 -0.0548867 0.753175 -0.655527 119.472 0 0 0 1 
Seq_Frame0026_DriverToReference-SequenceTransformStatus = OK
Seq_Frame0026_Timestamp = 2.795
Seq_Frame0027_DriverToReference-SequenceTransform =-0.805613 -0.421264 -0.416563 38.0531 -0.589895 0.505237 0.629889 67.3442 -0.0548867 0.753175 -0.655527 119.472 0 0 0 1 
Seq_Frame0027_DriverToReference-SequenceTransformStatus = OK
Seq_Frame0027_Timestamp = 2.905
Seq_Frame0028_DriverToReference-SequenceTransform =-0.805613 -0.421264 -0.416563 38.0531 -0.589895 0.505237 0.629889 67.3442 -0.0548867 0.753175 -0.655527 119.472 0 0 0 1 
Seq_Frame0028_DriverToReference-SequenceTransformStatus = OK
Seq_Frame0028_Timestamp = 3.009
Seq_Frame0029_DriverToReference-SequenceTransform =-0.805613 -0.421264 -0.416563 38.0531 -0.589895 0.505237 0.629889 67.3442 -0.0548867 0.753175 -0.655527 119.472 0 0 0 1 
Seq_Frame0029_DriverToReference-SequenceTransformStatus = OK
Seq_Frame0029_Timestamp = 3.134
Seq_Frame0030_DriverToReference-SequenceTransform =-0.805613 -0.421264 -0.416563 38.0531 -0.589895 0.505237 0.629889 67.3442 -0.0548867 0.753175 -0.655527 119.472 0 0 0 1 
Seq_Frame0030_DriverToReference-SequenceTransformStatus = OK
Seq_Frame0030_Timestamp = 3.245
Seq_Frame0031_DriverToReference-SequenceTransform =-0.686971 -0.640223 -0.34378 57.0351 -0.722255 0.549389 0.420142 215.619 -0.080116 0.536922 -0.839819 120.077 0 0 0 1 
Seq_Frame0031_DriverToReference-SequenceTransformStatus = OK
Seq_Frame0031_Timestamp = 3.347
Seq_Frame0032_DriverToReference-SequenceTransform =-0.807672 -0.376896 -0.453448 7.46496 -0.571146 0.69114 0.442852 216.598 0.146487 0.616664 -0.773477 132.91 0 0 0 1 
Seq_Frame0032_DriverToReference-SequenceTransformStatus = OK
Seq_Frame0032_Timestamp = 4.215
Seq_Frame0033_DriverToReference-SequenceTransform =-0.807079 -0.339933 -0.482771 -5.8625 -0.568599 0.66781 0.480339 208.368 0.159116 0.662175 -0.732261 133.552 0 0 0 1 
Seq_Frame0033_DriverToReference-SequenceTransformStatus = OK
Seq_Frame0033_Timestamp = 4.325
Seq_Frame0034_DriverToReference-SequenceTransform =-0.786955 -0.285363 -0.547056 -23.8755 -0.566381 0.68583 0.457002 201.885 0.244776 0.669481 -0.701341 127.082 0 0 0 1 
Seq_Frame0034_DriverToReference-SequenceTransformStatus = OK
Seq_Frame0034_Timestamp = 4.43
Seq_Frame0035_DriverToReference-SequenceTransform =-0.758468 -0.243016 -0.604706 -39.3462 -0.570018 0.697164 0.434788 197.463 0.315919 0.674467 -0.6673 121.763 0 0 0 1 
Seq_Frame0035_DriverToReference-SequenceTransformStatus = OK
Seq_Frame0035_Timestamp = 4.535
Seq_Frame0036_DriverToReference-SequenceTransform =-0.74955 -0.246828 -0.614208 -45.3866 -0.563912 0.724038 0.397206 193.564 0.346668 0.644085 -0.681892 120.701 0 0 0 1 
Seq_Frame0036_DriverToReference-SequenceTransformStatus = OK
Seq_Frame0036_Timestamp = 4.639
Seq_Frame0037_DriverToReference-SequenceTransform =-0.748624 -0.272784 -0.604278 -46.7736 -0.56968 0.73091 0.375813 187.592 0.339157 0.625587 -0.702576 123.514 0 0 0 1 
Seq_Frame0037_DriverToReference-SequenceTransformStatus = OK
Seq_Frame0037_Timestamp = 4.745
Seq_Frame0038_DriverToReference-SequenceTransform =-0.756857 -0.289728 -0.585854 -46.984 -0.572026 0.727246 0.379341 186.369 0.316154 0.622231 -0.716153 123.945 0 0 0 1 
Seq_Frame0038_DriverToReference-SequenceTransformStatus = OK
Seq_Frame0038_Timestamp = 4.85
Seq_Frame0039_DriverToReference-SequenceTransform =-0.762021 -0.302218 -0.572703 -44.3482 -0.57288 0.726934 0.37865 183.697 0.301882 0.616629 -0.727073 124.24 0 0 0 1 
Seq_Frame0039_DriverToReference-SequenceTransformStatus = OK
Seq_Frame0039_Timestamp = 4.955
Seq_Frame0040_DriverToReference-SequenceTransform =-0.769329 -0.301903 -0.563016 -43.4949 -0.563103 0.736704 0.37441 181.259 0.301741 0.605081 -0.73677 125.063 0 0 0 1 
Seq_Frame0040_DriverToReference-SequenceTransformStatus = OK
Seq_Frame0040_Timestamp = 5.064
Seq_Frame0041_DriverToReference-SequenceTransform =-0.762382 -0.288668 -0.579176 -44.7797 -0.563337 0.736504 0.374451 180.026 0.318473 0.611746 -0.724115 123.434 0 0 0 1 
Seq_Frame0041_DriverToReference-SequenceTransformStatus = OK
Seq_Frame0041_Timestamp = 5.17
Seq_Frame0042_DriverToReference-SequenceTransform =-0.767939 -0.281179 -0.575507 -44.6341 -0.552172 0.745969 0.372339 178.185 0.324616 0.603712 -0.728118 122.808 0 0 0 1 
Seq_Frame0042_DriverToReference-SequenceTransformStatus = OK
Seq_Frame0042_Timestamp = 5.275
Seq_Frame0043_DriverToReference-SequenceTransform =-0.787178 -0.281248 -0.548862 -42.8802 -0.538409 0.747427 0.389189 176.828 0.300776 0.601873 -0.739785 123.263 0 0 0 1 
Seq_Frame0043_DriverToReference-SequenceTransformStatus = OK
Seq_Frame0043_Timestamp = 5.38
Seq_Frame0044_DriverToReference-SequenceTransform =-0.778361 -0.280572 -0.561634 -42.3644 -0.538221 0.758771 0.366858 176.584 0.323222 0.587831 -0.741608 123.895 0 0 0 1 
Seq_Frame0044_DriverToReference-SequenceTransformStatus = OK
Seq_Frame0044_Timestamp = 5.484
Seq_Frame0045_DriverToReference-SequenceTransform =-0.776344 -0.279455 -0.564973 -43.5379 -0.539349 0.758377 0.366015 177.287 0.326177 0.588871 -0.739485 122.984 0 0 0 1 
Seq_Frame0045_DriverToReference-SequenceTransformStatus = OK
Seq_Frame0045_Timestamp = 5.596
Seq_Frame0046_DriverToReference-SequenceTransform =-0.77815 -0.274157 -0.565084 -45.2287 -0.537521 0.756087 0.373369 178.133 0.324891 0.594282 -0.735714 122.189 0 0 0 1 
Seq_Frame0046_DriverToReference-SequenceTransformStatus = OK
Seq_Frame0046_Timestamp = 5.7
Seq_Frame0047_DriverToReference-SequenceTransform =-0.742403 -0.230424 -0.629081 -50.0374 -0.534075 0.770459 0.348075 179.569 0.404476 0.594388 -0.695055 119.511 0 0 0 1 
Seq_Frame0047_DriverToReference-SequenceTransformStatus = OK
Seq_Frame0047_Timestamp = 5.81
Seq_Frame0048_DriverToReference-SequenceTransform =-0.728197 -0.171838 -0.663476 -59.8467 -0.526378 0.760189 0.380839 187.574 0.438925 0.626565 -0.64402 113.327 0 0 0 1 
Seq_Frame0048_DriverToReference-SequenceTransformStatus = OK
Seq_Frame0048_Timestamp = 5.915
Seq_Frame0049_DriverToReference-SequenceTransform =-0.667213 -0.0906147 -0.739335 -74.1291 -0.514422 0.773901 0.369389 198.848 0.5387 0.626791 -0.56297 105.937 0 0 0 1 
Seq_Frame0049_DriverToReference-SequenceTransformStatus = OK
Seq_Frame0049_Timestamp = 6.02
Seq_Frame0050_DriverToReference-SequenceTransform =-0.627209 -0.0726415 -0.775456 -77.3825 -0.526612 0.773115 0.353515 204.921 0.573837 0.630093 -0.523158 96.2437 0 0 0 1 
Seq_Frame0050_DriverToReference-SequenceTransformStatus = OK
Seq_Frame0050_Timestamp = 6.125
Seq_Frame0051_DriverToReference-SequenceTransform =-0.730927 -0.113074 -0.673023 -68.9719 -0.484455 0.780566 0.394994 208.337 0.480675 0.614761 -0.625316 87.5928 0 0 0 1 
Seq_Frame0051_DriverToReference-SequenceTransformStatus = OK
Seq_Frame0051_Timestamp = 6.234
Seq_Frame0052_DriverToReference-SequenceTransform =-0.730927 -0.113074 -0.673023 -68.9719 -0.484455 0.780566 0.394994 208.337 0.480675 0.614761 -0.625316 87.5928 0 0 0 1 
Seq_Frame0052_DriverToReference-SequenceTransformStatus = OK
Seq_Frame0052_Timestamp = 6.35
Seq_Frame0053_DriverToReference-SequenceTransform =-0.730927 -0.113074 -0.673023 -68.9719 -0.484455 0.780566 0.394994 208.337 0.480675 0.614761 -0.625316 87.5928 0 0 0 1 
Seq_Frame0053_DriverToReference-SequenceTransformStatus = OK
Seq_Frame0053_Timestamp = 6.474
Seq_Frame0054_DriverToReference-SequenceTransform =-0.730927 -0.113074 -0.673023 -68.9719 -0.484455 0.780566 0.394994 208.337 0.480675 0.614761 -0.625316 87.5928 0 0 0 1 
Seq_Frame0054_DriverToReference-SequenceTransformStatus = OK
Seq_Frame0054_Timestamp = 6.58
Seq_Frame0055_DriverToReference-SequenceTransform =-0.730927 -0.113074 -0.673023 -68.9719 -0.484455 0.780566 0.394994 208.337 0.480675 0.614761 -0.625316 87.5928 0 0 0 1 
Seq_Frame0055_DriverToReference-SequenceTransformStatus = OK
Seq_Frame0055_Timestamp = 6.685
Seq_Frame0056_DriverToReference-SequenceTransform =-0.730927 -0.113074 -0.673023 -68.9719 -0.484455 0.780566 0.394994 208.337 0.480675 0.614761 -0.625316 87.5928 0 0 0 1 
Seq_Frame0056_DriverToReference-SequenceTransformStatus = OK
Seq_Frame0056_Timestamp = 6.8
Seq_Frame0057_DriverToReference-SequenceTransform =-0.730927 -0.113074 -0.673023 -68.9719 -0.484455 0.780566 0.394994 208.337 0.480675 0.614761 -0.625316 87.5928 0 0 0 1 
Seq_Frame0057_DriverToReference-SequenceTransformStatus = OK
Seq_Frame0057_Timestamp = 6.92
Seq_Frame0058_DriverToReference-SequenceTransform =-0.730927 -0.113074 -0.673023 -68.9719 -0.484455 0.780566 0.394994 208.337 0.480675 0.614761 -0.625316 87.5928 0 0 0 1 
Seq_Frame0058_DriverToReference-SequenceTransformStatus = OK
Seq_Frame0058_Timestamp = 7.025
Seq_Frame0059_DriverToReference-SequenceTransform =-0.730927 -0.113074 -0.673023 -68.9719 -0.484455 0.780566 0.394994 208.337 0.480675 0.614761 -0.625316 87.5928 0 0 0 1 
Seq_Frame0059_DriverToReference-SequenceTransformStatus = OK
Seq_Frame0059_Timestamp = 7.13
Seq_Frame0060_DriverToReference-SequenceTransform =-0.730927 -0.113074 -0.673023 -68.9719 -0.484455 0.780566 0.394994 208.337 0.480675 0.614761 -0.625316 87.5928 0 0 0 1 
Seq_Frame0060_DriverToReference-SequenceTransformStatus = OK
Seq_Frame0060_Timestamp = 7.234
Seq_Frame0061_DriverToReference-SequenceTransform =-0.509071 -0.789377 -0.343119 165.739 -0.857578 0.431114 0.280536 273.267 -0.0735257 0.437064 -0.89642 120.998 0 0 0 1 
Seq_Frame0061_DriverToReference-SequenceTransformStatus = OK
Seq_Frame0061_Timestamp = 7.34
Seq_Frame0062_DriverToReference-SequenceTransform =-0.524207 -0.754134 -0.395587 195.92 -0.844825 0.518968 0.130167 273.756 0.107134 0.402436 -0.909158 122.116 0 0 0 1 
Seq_Frame0062_DriverToReference-SequenceTransformStatus = OK
Seq_Frame0062_Timestamp = 7.445
Seq_Frame0063_DriverToReference-SequenceTransform =-0.616045 -0.648098 -0.447724 213.194 -0.714171 0.699343 -0.0296638 257.201 0.332338 0.301477 -0.893679 131.351 0 0 0 1 
Seq_Frame0063_DriverToReference-SequenceTransformStatus = OK
Seq_Frame0063_Timestamp = 7.55
Seq_Frame0064_DriverToReference-SequenceTransform =-0.739902 -0.511183 -0.437306 189.54 -0.575191 0.817838 0.0171961 250.473 0.348855 0.264258 -0.899149 156.627 0 0 0 1 
Seq_Frame0064_DriverToReference-SequenceTransformStatus = OK
Seq_Frame0064_Timestamp = 7.659
Seq_Frame0065_DriverToReference-SequenceTransform =-0.701875 -0.323782 -0.634458 110.353 -0.482439 0.871396 0.089004 257.47 0.524046 0.368557 -0.767816 193.096 0 0 0 1 
Seq_Frame0065_DriverToReference-SequenceTransformStatus = OK
Seq_Frame0065_Timestamp = 7.795
Seq_Frame0066_DriverToReference-SequenceTransform =-0.601987 -0.470093 -0.645464 89.5414 -0.598051 0.801048 -0.0256371 254.638 0.5291 0.370588 -0.76336 172.665 0 0 0 1 
Seq_Frame0066_DriverToReference-SequenceTransformStatus = OK
Seq_Frame0066_Timestamp = 7.9
Seq_Frame0067_DriverToReference-SequenceTransform =-0.660171 -0.658987 -0.36043 96.2263 -0.582205 0.75213 -0.308768 236.817 0.474565 0.00600435 -0.8802 160.971 0 0 0 1 
Seq_Frame0067_DriverToReference-SequenceTransformStatus = OK
Seq_Frame0067_Timestamp = 8.005
Seq_Frame0068_DriverToReference-SequenceTransform =0.764702 0.19138 0.615308 111.678 -0.426334 0.866272 0.260409 215.578 -0.483187 -0.461462 0.744031 159.423 0 0 0 1 
Seq_Frame0068_DriverToReference-SequenceTransformStatus = OK
Seq_Frame0068_Timestamp = 9.915
Seq_Frame0069_DriverToReference-SequenceTransform =0.0100753 -0.597615 -0.80172 104.009 -0.805144 0.470615 -0.360922 215.677 0.592994 0.649137 -0.476424 162.501 0 0 0 1 
Seq_Frame0069_DriverToReference-SequenceTransformStatus = OK
Seq_Frame0069_Timestamp = 10.02
Seq_Frame0070_DriverToReference-SequenceTransform =0.290617 -0.515923 -0.805832 97.8939 -0.712476 0.445472 -0.542156 213.894 0.638686 0.731696 -0.23812 170.336 0 0 0 1 
Seq_Frame0070_DriverToReference-SequenceTransformStatus = OK
Seq_Frame0070_Timestamp = 10.126
Seq_Frame0071_DriverToReference-SequenceTransform =0.328492 -0.51021 -0.794846 97.6832 -0.689875 0.445177 -0.570868 213.846 0.645109 0.735869 -0.205744 172.402 0 0 0 1 
Seq_Frame0071_DriverToReference-SequenceTransformStatus = OK
Seq_Frame0071_Timestamp = 10.234
Seq_Frame0072_DriverToReference-SequenceTransform =0.328492 -0.51021 -0.794846 97.6832 -0.689875 0.445177 -0.570868 213.846 0.645109 0.735869 -0.205744 172.402 0 0 0 1 
Seq_Frame0072_DriverToReference-SequenceTransformStatus = OK
Seq_Frame0072_Timestamp = 10.355
Seq_Frame0073_DriverToReference-SequenceTransform =0.328492 -0.51021 -0.794846 97.6832 -0.689875 0.445177 -0.570868 213.846 0.645109 0.735869 -0.205744 172.402 0 0 0 1 
Seq_Frame0073_DriverToReference-SequenceTransformStatus = OK
Seq_Frame0073_Timestamp = 10.459
Seq_Frame0074_DriverToReference-SequenceTransform =0.328492 -0.51021 -0.794846 97.6832 -0.689875 0.445177 -0.570868 213.846 0.645109 0.735869 -0.205744 172.402 0 0 0 1 
Seq_Frame0074_DriverToReference-SequenceTransformStatus = OK
Seq_Frame0074_Timestamp = 10.669
Seq_Frame0075_DriverToReference-SequenceTransform =0.566006 -0.196527 0.800634 88.5776 -0.368871 0.808158 0.459146 220.49 -0.737273 -0.55521 0.384929 168.495 0 0 0 1 
Seq_Frame0075_DriverToReference-SequenceTransformStatus = OK
Seq_Frame0075_Timestamp = 10.775
Seq_Frame0076_DriverToReference-SequenceTransform =0.562708 -0.178408 0.807174 84.1351 -0.365514 0.822101 0.43652 220.232 -0.741458 -0.540667 0.397392 166.292 0 0 0 1 
Seq_Frame0076_DriverToReference-SequenceTransformStatus = OK
Seq_Frame0076_Timestamp = 10.885
Seq_Frame0077_DriverToReference-SequenceTransform =0.563049 -0.176305 0.807398 81.9571 -0.362319 0.825418 0.432908 219.554 -0.742765 -0.536284 0.400872 164.697 0 0 0 1 
Seq_Frame0077_DriverToReference-SequenceTransformStatus = OK
Seq_Frame0077_Timestamp = 10.99
Seq_Frame0078_DriverToReference-SequenceTransform =0.549087 -0.172819 0.817703 79.896 -0.358592 0.83504 0.417277 219.457 -0.754928 -0.522342 0.396538 163.086 0 0 0 1 
Seq_Frame0078_DriverToReference-SequenceTransformStatus = OK
Seq_Frame0078_Timestamp = 11.095
Seq_Frame0079_DriverToReference-SequenceTransform =0.540291 -0.169589 0.824212 77.9916 -0.359518 0.839061 0.408317 218.488 -0.76081 -0.516929 0.392367 161.907 0 0 0 1 
Seq_Frame0079_DriverToReference-SequenceTransformStatus = OK
Seq_Frame0079_Timestamp = 11.205
Seq_Frame0080_DriverToReference-SequenceTransform =0.556747 -0.177227 0.811556 77.3902 -0.36091 0.828339 0.428484 217.536 -0.748182 -0.531456 0.397212 162.647 0 0 0 1 
Seq_Frame0080_DriverToReference-SequenceTransformStatus = OK
Seq_Frame0080_Timestamp = 11.311
Seq_Frame0081_DriverToReference-SequenceTransform =0.563303 -0.1756 0.807375 77.1743 -0.362039 0.8259 0.432223 216.492 -0.74271 -0.535774 0.401658 163.097 0 0 0 1 
Seq_Frame0081_DriverToReference-SequenceTransformStatus = OK
Seq_Frame0081_Timestamp = 11.415
Seq_Frame0082_DriverToReference-SequenceTransform =0.536566 -0.166357 0.827298 77.9912 -0.363073 0.839482 0.404287 216.376 -0.761758 -0.517297 0.390038 163.173 0 0 0 1 
Seq_Frame0082_DriverToReference-SequenceTransformStatus = OK
Seq_Frame0082_Timestamp = 11.52
Seq_Frame0083_DriverToReference-SequenceTransform =0.548021 -0.167394 0.819544 78.8339 -0.362698 0.835319 0.413149 216.665 -0.753739 -0.523662 0.397058 163.222 0 0 0 1 
Seq_Frame0083_DriverToReference-SequenceTransformStatus = OK
Seq_Frame0083_Timestamp = 11.625
Seq_Frame0084_DriverToReference-SequenceTransform =0.537085 -0.164413 0.82735 79.8836 -0.358839 0.843114 0.400491 217.249 -0.763396 -0.511983 0.393827 164.38 0 0 0 1 
Seq_Frame0084_DriverToReference-SequenceTransformStatus = OK
Seq_Frame0084_Timestamp = 11.73
Seq_Frame0085_DriverToReference-SequenceTransform =0.507855 -0.201784 0.837476 79.6145 -0.367177 0.82874 0.422339 218.046 -0.779271 -0.52199 0.346789 166.206 0 0 0 1 
Seq_Frame0085_DriverToReference-SequenceTransformStatus = OK
Seq_Frame0085_Timestamp = 11.836
Seq_Frame0086_DriverToReference-SequenceTransform =0.526493 -0.13728 0.839023 78.4751 -0.264979 0.911224 0.315369 220.669 -0.807832 -0.388363 0.443376 162.792 0 0 0 1 
Seq_Frame0086_DriverToReference-SequenceTransformStatus = OK
Seq_Frame0086_Timestamp = 11.943
Seq_Frame0087_DriverToReference-SequenceTransform =0.484303 -0.122325 0.866307 78.9727 -0.351014 0.879824 0.320466 218.742 -0.801399 -0.459288 0.383164 161.767 0 0 0 1 
Seq_Frame0087_DriverToReference-SequenceTransformStatus = OK
Seq_Frame0087_Timestamp = 12.05
Seq_Frame0088_DriverToReference-SequenceTransform =0.522487 -0.169584 0.835613 78.9923 -0.395917 0.819711 0.413913 215.944 -0.755154 -0.547097 0.361147 170.095 0 0 0 1 
Seq_Frame0088_DriverToReference-SequenceTransformStatus = OK
Seq_Frame0088_Timestamp = 12.155
Seq_Frame0089_DriverToReference-SequenceTransform =0.434268 -0.297001 0.850413 78.8198 -0.423667 0.765798 0.483798 213.949 -0.794932 -0.57039 0.206732 176.909 0 0 0 1 
Seq_Frame0089_DriverToReference-SequenceTransformStatus = OK
Seq_Frame0089_Timestamp = 12.266
Seq_Frame0090_DriverToReference-SequenceTransform =0.434268 -0.297001 0.850413 78.8198 -0.423667 0.765798 0.483798 213.949 -0.794932 -0.57039 0.206732 176.909 0 0 0 1 
Seq_Frame0090_DriverToReference-SequenceTransformStatus = OK
Seq_Frame0090_Timestamp = 12.367
Seq_Frame0091_DriverToReference-SequenceTransform =0.434268 -0.297001 0.850413 78.8198 -0.423667 0.765798 0.483798 213.949 -0.794932 -0.57039 0.206732 176.909 0 0 0 1 
Seq_Frame0091_DriverToReference-SequenceTransformStatus = OK
Seq_Frame0091_Timestamp = 12.476
Seq_Frame0092_DriverToReference-SequenceTransform =0.434268 -0.297001 0.850413 78.8198 -0.423667 0.765798 0.483798 213.949 -0.794932 -0.57039 0.206732 176.909 0 0 0 1 
Seq_Frame0092_DriverToReference-SequenceTransformStatus = OK
Seq_Frame0092_Timestamp = 12.585
Seq_Frame0093_DriverToReference-SequenceTransform =0.434268 -0.297001 0.850413 78.8198 -0.423667 0.765798 0.483798 213.949 -0.794932 -0.57039 0.206732 176.909 0 0 0 1 
Seq_Frame0093_DriverToReference-SequenceTransformStatus = OK
Seq_Frame0093_Timestamp = 12.691
Seq_Frame0094_DriverToReference-SequenceTransform =0.434268 -0.297001 0.850413 78.8198 -0.423667 0.765798 0.483798 213.949 -0.794932 -0.57039 0.206732 176.909 0 0 0 1 
Seq_Frame0094_DriverToReference-SequenceTransformStatus = OK
Seq_Frame0094_Timestamp = 12.795
Seq_Frame0095_DriverToReference-SequenceTransform =0.434268 -0.297001 0.850413 78.8198 -0.423667 0.765798 0.483798 213.949 -0.794932 -0.57039 0.206732 176.909 0 0 0 1 
Seq_Frame0095_DriverToReference-SequenceTransformStatus = OK
Seq_Frame0095_Timestamp = 12.899
Seq_Frame0096_DriverToReference-SequenceTransform =0.434268 -0.297001 0.850413 78.8198 -0.423667 0.765798 0.483798 213.949 -0.794932 -0.57039 0.206732 176.909 0 0 0 1 
Seq_Frame0096_DriverToReference-SequenceTransformStatus = OK
Seq_Frame0096_Timestamp = 13.005
Seq_Frame0097_DriverToReference-SequenceTransform =0.434268 -0.297001 0.850413 78.8198 -0.423667 0.765798 0.483798 213.949 -0.794932 -0.57039 0.206732 176.909 0 0 0 1 
Seq_Frame0097_DriverToReference-SequenceTransformStatus = OK
Seq_Frame0097_Timestamp = 13.11
Seq_Frame0098_DriverToReference-SequenceTransform =0.434268 -0.297001 0.850413 78.8198 -0.423667 0.765798 0.483798 213.949 -0.794932 -0.57039 0.206732 176.909 0 0 0 1 
Seq_Frame0098_DriverToReference-SequenceTransformStatus = OK
Seq_Frame0098_Timestamp = 13.29
Seq_Frame0099_DriverToReference-SequenceTransform =0.434268 -0.297001 0.850413 78.8198 -0.423667 0.765798 0.483798 213.949 -0.794932 -0.57039 0.206732 176.909 0 0 0 1 
Seq_Frame0099_DriverToReference-SequenceTransformStatus = OK
Seq_Frame0099_Timestamp = 13.399
Seq_Frame0100_DriverToReference-SequenceTransform =0.434268 -0.297001 0.850413 78.8198 -0.423667 0.765798 0.483798 213.949 -0.794932 -0.57039 0.206732 176.909 0 0 0 1 
Seq_Frame0100_DriverToReference-SequenceTransformStatus = OK
Seq_Frame0100_Timestamp = 13.5
Seq_Frame0101_DriverToReference-SequenceTransform =0.434268 -0.297001 0.850413 78.8198 -0.423667 0.765798 0.483798 213.949 -0.794932 -0.57039 0.206732 176.909 0 0 0 1 
Seq_Frame0101_DriverToReference-SequenceTransformStatus = OK
Seq_Frame0101_Timestamp = 13.611
Seq_Frame0102_DriverToReference-SequenceTransform =0.434268 -0.297001 0.850413 78.8198 -0.423667 0.765798 0.483798 213.949 -0.794932 -0.57039 0.206732 176.909 0 0 0 1 
Seq_Frame0102_DriverToReference-SequenceTransformStatus = OK
Seq_Frame0102_Timestamp = 13.717
Seq_Frame0103_DriverToReference-SequenceTransform =0.434268 -0.297001 0.850413 78.8198 -0.423667 0.765798 0.483798 213.949 -0.794932 -0.57039 0.206732 176.909 0 0 0 1 
Seq_Frame0103_DriverToReference-SequenceTransformStatus = OK
Seq_Frame0103_Timestamp = 13.819
Seq_Frame0104_DriverToReference-SequenceTransform =0.434268 -0.297001 0.850413 78.8198 -0.423667 0.765798 0.483798 213.949 -0.794932 -0.57039 0.206732 176.909 0 0 0 1 
Seq_Frame0104_DriverToReference-SequenceTransformStatus = OK
Seq_Frame0104_Timestamp = 13.925
Seq_Frame0105_DriverToReference-SequenceTransform =0.434268 -0.297001 0.850413 78.8198 -0.423667 0.765798 0.483798 213.949 -0.794932 -0.57039 0.206732 176.909 0 0 0 1 
Seq_Frame0105_DriverToReference-SequenceTransformStatus = OK
Seq_Frame0105_Timestamp = 14.03
Seq_Frame0106_DriverToReference-SequenceTransform =0.434268 -0.297001 0.850413 78.8198 -0.423667 0.765798 0.483798 213.949 -0.794932 -0.57039 0.206732 176.909 0 0 0 1 
Seq_Frame0106_DriverToReference-SequenceTransformStatus = OK
Seq_Frame0106_Timestamp = 14.135
Seq_Frame0107_DriverToReference-SequenceTransform =0.434268 -0.297001 0.850413 78.8198 -0.423667 0.765798 0.483798 213.949 -0.794932 -0.57039 0.206732 176.909 0 0 0 1 
Seq_Frame0107_DriverToReference-SequenceTransformStatus = OK
Seq_Frame0107_Timestamp = 14.24
Seq_Frame0108_DriverToReference-SequenceTransform =0.434268 -0.297001 0.850413 78.8198 -0.423667 0.765798 0.483798 213.949 -0.794932 -0.57039 0.206732 176.909 0 0 0 1 
Seq_Frame0108_DriverToReference-SequenceTransformStatus = OK
Seq_Frame0108_Timestamp = 14.374
Seq_Frame0109_DriverToReference-SequenceTransform =0.434268 -0.297001 0.850413 78.8198 -0.423667 0.765798 0.483798 213.949 -0.794932 -0.57039 0.206732 176.909 0 0 0 1 
Seq_Frame0109_DriverToReference-SequenceTransformStatus = OK
Seq_Frame0109_Timestamp = 14.484
Seq_Frame0110_DriverToReference-SequenceTransform =0.434268 -0.297001 0.850413 78.8198 -0.423667 0.765798 0.483798 213.949 -0.794932 -0.57039 0.206732 176.909 0 0 0 1 
Seq_Frame0110_DriverToReference-SequenceTransformStatus = OK
Seq_Frame0110_Timestamp = 14.59
Seq_Frame0111_DriverToReference-SequenceTransform =0.434268 -0.297001 0.850413 78.8198 -0.423667 0.765798 0.483798 213.949 -0.794932 -0.57039 0.206732 176.909 0 0 0 1 
Seq_Frame0111_DriverToReference-SequenceTransformStatus = OK
Seq_Frame0111_Timestamp = 14.7
Seq_Frame0112_DriverToReference-SequenceTransform =0.434268 -0.297001 0.850413 78.8198 -0.423667 0.765798 0.483798 213.949 -0.794932 -0.57039 0.206732 176.909 0 0 0 1 
Seq_Frame0112_DriverToReference-SequenceTransformStatus = OK
Seq_Frame0112_Timestamp = 14.805
Seq_Frame0113_DriverToReference-SequenceTransform =0.434268 -0.297001 0.850413 78.8198 -0.423667 0.765798 0.483798 213.949 -0.794932 -0.57039 0.206732 176.909 0 0 0 1 
Seq_Frame0113_DriverToReference-SequenceTransformStatus = OK
Seq_Frame0113_Timestamp = 14.915
Seq_Frame0114_DriverToReference-SequenceTransform =0.434268 -0.297001 0.850413 78.8198 -0.423667 0.765798 0.483798 213.949 -0.794932 -0.57039 0.206732 176.909 0 0 0 1 
Seq_Frame0114_DriverToReference-SequenceTransformStatus = OK
Seq_Frame0114_Timestamp = 15.1
Seq_Frame0115_DriverToReference-SequenceTransform =0.434268 -0.297001 0.850413 78.8198 -0.423667 0.765798 0.483798 213.949 -0.794932 -0.57039 0.206732 176.909 0 0 0 1 
Seq_Frame0115_DriverToReference-SequenceTransformStatus = OK
Seq_Frame0115_Timestamp = 15.205
Seq_Frame0116_DriverToReference-SequenceTransform =0.434268 -0.297001 0.850413 78.8198 -0.423667 0.765798 0.483798 213.949 -0.794932 -0.57039 0.206732 176.909 0 0 0 1 
Seq_Frame0116_DriverToReference-SequenceTransformStatus = OK
Seq_Frame0116_Timestamp = 15.309
Seq_Frame0117_DriverToReference-SequenceTransform =0.434268 -0.297001 0.850413 78.8198 -0.423667 0.765798 0.483798 213.949 -0.794932 -0.57039 0.206732 176.909 0 0 0 1 
Seq_Frame0117_DriverToReference-SequenceTransformStatus = OK
Seq_Frame0117_Timestamp = 15.415
Seq_Frame0118_DriverToReference-SequenceTransform =0.434268 -0.297001 0.850413 78.8198 -0.423667 0.765798 0.483798 213.949 -0.794932 -0.57039 0.206732 176.909 0 0 0 1 
Seq_Frame0118_DriverToReference-SequenceTransformStatus = OK
Seq_Frame0118_Timestamp = 15.524
Seq_Frame0119_DriverToReference-SequenceTransform =0.434268 -0.297001 0.850413 78.8198 -0.423667 0.765798 0.483798 213.949 -0.794932 -0.57039 0.206732 176.909 0 0 0 1 
Seq_Frame0119_DriverToReference-SequenceTransformStatus = OK
Seq_Frame0119_Timestamp = 15.629
Seq_Frame0120_DriverToReference-SequenceTransform =0.434268 -0.297001 0.850413 78.8198 -0.423667 0.765798 0.483798 213.949 -0.794932 -0.57039 0.206732 176.909 0 0 0 1 
Seq_Frame0120_DriverToReference-SequenceTransformStatus = OK
Seq_Frame0120_Timestamp = 15.733
Seq_Frame0121_DriverToReference-SequenceTransform =0.434268 -0.297001 0.850413 78.8198 -0.423667 0.765798 0.483798 213.949 -0.794932 -0.57039 0.206732 176.909 0 0 0 1 
Seq_Frame0121_DriverToReference-SequenceTransformStatus = OK
Seq_Frame0121_Timestamp = 15.84
Seq_Frame0122_DriverToReference-SequenceTransform =0.434268 -0.297001 0.850413 78.8198 -0.423667 0.765798 0.483798 213.949 -0.794932 -0.57039 0.206732 176.909 0 0 0 1 
Seq_Frame0122_DriverToReference-SequenceTransformStatus = OK
Seq_Frame0122_Timestamp = 15.942
Seq_Frame0123_DriverToReference-SequenceTransform =0.434268 -0.297001 0.850413 78.8198 -0.423667 0.765798 0.483798 213.949 -0.794932 -0.57039 0.206732 176.909 0 0 0 1 
Seq_Frame0123_DriverToReference-SequenceTransformStatus = OK
Seq_Frame0123_Timestamp = 16.055
Seq_Frame0124_DriverToReference-SequenceTransform =0.434268 -0.297001 0.850413 78.8198 -0.423667 0.765798 0.483798 213.949 -0.794932 -0.57039 0.206732 176.909 0 0 0 1 
Seq_Frame0124_DriverToReference-SequenceTransformStatus = OK
Seq_Frame0124_Timestamp = 16.161
Seq_Frame0125_DriverToReference-SequenceTransform =0.434268 -0.297001 0.850413 78.8198 -0.423667 0.765798 0.483798 213.949 -0.794932 -0.57039 0.206732 176.909 0 0 0 1 
Seq_Frame0125_DriverToReference-SequenceTransformStatus = OK
Seq_Frame0125_Timestamp = 16.27
Seq_Frame0126_DriverToReference-SequenceTransform =0.434268 -0.297001 0.850413 78.8198 -0.423667 0.765798 0.483798 213.949 -0.794932 -0.57039 0.206732 176.909 0 0 0 1 
Seq_Frame0126_DriverToReference-SequenceTransformStatus = OK
Seq_Frame0126_Timestamp = 16.38
Seq_Frame0127_DriverToReference-SequenceTransform =0.434268 -0.297001 0.850413 78.8198 -0.423667 0.765798 0.483798 213.949 -0.794932 -0.57039 0.206732 176.909 0 0 0 1 
Seq_Frame0127_DriverToReference-SequenceTransformStatus = OK
Seq_Frame0127_Timestamp = 16.49
Seq_Frame0128_DriverToReference-SequenceTransform =0.434268 -0.297001 0.850413 78.8198 -0.423667 0.765798 0.483798 213.949 -0.794932 -0.57039 0.206732 176.909 0 0 0 1 
Seq_Frame0128_DriverToReference-SequenceTransformStatus = OK
Seq_Frame0128_Timestamp = 16.595
Seq_Frame0129_DriverToReference-SequenceTransform =0.434268 -0.297001 0.850413 78.8198 -0.423667 0.765798 0.483798 213.949 -0.794932 -0.57039 0.206732 176.909 0 0 0 1 
Seq_Frame0129_DriverToReference-SequenceTransformStatus = OK
Seq_Frame0129_Timestamp = 16.701
Seq_Frame0130_DriverToReference-SequenceTransform =0.434268 -0.297001 0.850413 78.8198 -0.423667 0.765798 0.483798 213.949 -0.794932 -0.57039 0.206732 176.909 0 0 0 1 
Seq_Frame0130_DriverToReference-SequenceTransformStatus = OK
Seq_Frame0130_Timestamp = 16.805
Seq_Frame0131_DriverToReference-SequenceTransform =0.434268 -0.297001 0.850413 78.8198 -0.423667 0.765798 0.483798 213.949 -0.794932 -0.57039 0.206732 176.909 0 0 0 1 
Seq_Frame0131_DriverToReference-SequenceTransformStatus = OK
Seq_Frame0131_Timestamp = 16.91
Seq_Frame0132_DriverToReference-SequenceTransform =0.434268 -0.297001 0.850413 78.8198 -0.423667 0.765798 0.483798 213.949 -0.794932 -0.57039 0.206732 176.909 0 0 0 1 
Seq_Frame0132_DriverToReference-SequenceTransformStatus = OK
Seq_Frame0132_Timestamp = 17.016
Seq_Frame0133_DriverToReference-SequenceTransform =0.434268 -0.297001 0.850413 78.8198 -0.423667 0.765798 0.483798 213.949 -0.794932 -0.57039 0.206732 176.909 0 0 0 1 
Seq_Frame0133_DriverToReference-SequenceTransformStatus = OK
Seq_Frame0133_Timestamp = 17.125
Seq_Frame0134_DriverToReference-SequenceTransform =0.434268 -0.297001 0.850413 78.8198 -0.423667 0.765798 0.483798 213.949 -0.794932 -0.57039 0.206732 176.909 0 0 0 1 
Seq_Frame0134_DriverToReference-SequenceTransformStatus = OK
Seq_Frame0134_Timestamp = 17.23
Seq_Frame0135_DriverToReference-SequenceTransform =0.434268 -0.297001 0.850413 78.8198 -0.423667 0.765798 0.483798 213.949 -0.794932 -0.57039 0.206732 176.909 0 0 0 1 
Seq_Frame0135_DriverToReference-SequenceTransformStatus = OK
Seq_Frame0135_Timestamp = 17.335
Seq_Frame0136_DriverToReference-SequenceTransform =0.434268 -0.297001 0.850413 78.8198 -0.423667 0.765798 0.483798 213.949 -0.794932 -0.57039 0.206732 176.909 0 0 0 1 
Seq_Frame0136_DriverToReference-SequenceTransformStatus = OK
Seq_Frame0136_Timestamp = 21.36
Seq_Frame0137_DriverToReference-SequenceTransform =0.434268 -0.297001 0.850413 78.8198 -0.423667 0.765798 0.483798 213.949 -0.794932 -0.57039 0.206732 176.909 0 0 0 1 
Seq_Frame0137_DriverToReference-SequenceTransformStatus = OK
Seq_Frame0137_Timestamp = 21.54
Seq_Frame0138_DriverToReference-SequenceTransform =0.434268 -0.297001 0.850413 78.8198 -0.423667 0.765798 0.483798 213.949 -0.794932 -0.57039 0.206732 176.909 0 0 0 1 
Seq_Frame0138_DriverToReference-SequenceTransformStatus = OK
Seq_Frame0138_Timestamp = 21.65
Seq_Frame0139_DriverToReference-SequenceTransform =0.434268 -0.297001 0.850413 78.8198 -0.423667 0.765798 0.483798 213.949 -0.794932 -0.57039 0.206732 176.909 0 0 0 1 
Seq_Frame0139_DriverToReference-SequenceTransformStatus = OK
Seq_Frame0139_Timestamp = 21.759
Seq_Frame0140_DriverToReference-SequenceTransform =0.434268 -0.297001 0.850413 78.8198 -0.423667 0.765798 0.483798 213.949 -0.794932 -0.57039 0.206732 176.909 0 0 0 1 
Seq_Frame0140_DriverToReference-SequenceTransformStatus = OK
Seq_Frame0140_Timestamp = 21.87
Seq_Frame0141_DriverToReference-SequenceTransform =0.434268 -0.297001 0.850413 78.8198 -0.423667 0.765798 0.483798 213.949 -0.794932 -0.57039 0.206732 176.909 0 0 0 1 
Seq_Frame0141_DriverToReference-SequenceTransformStatus = OK
Seq_Frame0141_Timestamp = 21.975
Seq_Frame0142_DriverToReference-SequenceTransform =0.434268 -0.297001 0.850413 78.8198 -0.423667 0.765798 0.483798 213.949 -0.794932 -0.57039 0.206732 176.909 0 0 0 1 
Seq_Frame0142_DriverToReference-SequenceTransformStatus = OK
Seq_Frame0142_Timestamp = 22.08
Seq_Frame0143_DriverToReference-SequenceTransform =0.434268 -0.297001 0.850413 78.8198 -0.423667 0.765798 0.483798 213.949 -0.794932 -0.57039 0.206732 176.909 0 0 0 1 
Seq_Frame0143_DriverToReference-SequenceTransformStatus = OK
Seq_Frame0143_Timestamp = 22.185
Seq_Frame0144_DriverToReference-SequenceTransform =0.434268 -0.297001 0.850413 78.8198 -0.423667 0.765798 0.483798 213.949 -0.794932 -0.57039 0.206732 176.909 0 0 0 1 
Seq_Frame0144_DriverToReference-SequenceTransformStatus = OK
Seq_Frame0144_Timestamp = 22.295
Seq_Frame0145_DriverToReference-SequenceTransform =0.434268 -0.297001 0.850413 78.8198 -0.423667 0.765798 0.483798 213.949 -0.794932 -0.57039 0.206732 176.909 0 0 0 1 
Seq_Frame0145_DriverToReference-SequenceTransformStatus = OK
Seq_Frame0145_Timestamp = 22.405
Seq_Frame0146_DriverToReference-SequenceTransform =0.434268 -0.297001 0.850413 78.8198 -0.423667 0.765798 0.483798 213.949 -0.794932 -0.57039 0.206732 176.909 0 0 0 1 
Seq_Frame0146_DriverToReference-SequenceTransformStatus = OK
Seq_Frame0146_Timestamp = 22.51
Seq_Frame0147_DriverToReference-SequenceTransform =0.434268 -0.297001 0.850413 78.8198 -0.423667 0.765798 0.483798 213.949 -0.794932 -0.57039 0.206732 176.909 0 0 0 1 
Seq_Frame0147_DriverToReference-SequenceTransformStatus = OK
Seq_Frame0147_Timestamp = 22.615
Seq_Frame0148_DriverToReference-SequenceTransform =0.434268 -0.297001 0.850413 78.8198 -0.423667 0.765798 0.483798 213.949 -0.794932 -0.57039 0.206732 176.909 0 0 0 1 
Seq_Frame0148_DriverToReference-SequenceTransformStatus = OK
Seq_Frame0148_Timestamp = 22.72
Seq_Frame0149_DriverToReference-SequenceTransform =0.434268 -0.297001 0.850413 78.8198 -0.423667 0.765798 0.483798 213.949 -0.794932 -0.57039 0.206732 176.909 0 0 0 1 
Seq_Frame0149_DriverToReference-SequenceTransformStatus = OK
Seq_Frame0149_Timestamp = 22.825
Seq_Frame0150_DriverToReference-SequenceTransform =0.434268 -0.297001 0.850413 78.8198 -0.423667 0.765798 0.483798 213.949 -0.794932 -0.57039 0.206732 176.909 0 0 0 1 
Seq_Frame0150_DriverToReference-SequenceTransformStatus = OK
Seq_Frame0150_Timestamp = 22.934
