ObjectType = Image
NDims = 3
AnatomicalOrientation = RAI
BinaryData = True
CompressedData = False
DimSize = 0 0 2026
ElementSpacing = 1 1 1
Offset = 0 0 0
TransformMatrix = 1 0 0 0 1 0 0 0 1
ElementType = MET_UCHAR
Kinds = domain domain list
Seq_Frame0000_ForcepToReference-SequenceTransform =0.675938 0.354861 -0.645897 79.446 0.670888 -0.659007 0.340028 4.87106 -0.304988 -0.663162 -0.683519 7.76525 0 0 0 1 
Seq_Frame0000_ForcepToReference-SequenceTransformStatus = OK
Seq_Frame0000_Timestamp = 0.00199986
Seq_Frame0001_ForcepToReference-SequenceTransform =0.675406 0.354638 -0.646574 79.438 0.671428 -0.658323 0.340286 4.85423 -0.304977 -0.66396 -0.682749 7.73716 0 0 0 1 
Seq_Frame0001_ForcepToReference-SequenceTransformStatus = OK
Seq_Frame0001_Timestamp = 0.126
Seq_Frame0002_ForcepToReference-SequenceTransform =0.676071 0.355083 -0.645635 79.4609 0.670613 -0.659569 0.339481 4.87448 -0.305297 -0.662484 -0.684038 7.76283 0 0 0 1 
Seq_Frame0002_ForcepToReference-SequenceTransformStatus = OK
Seq_Frame0002_Timestamp = 0.247
Seq_Frame0003_ForcepToReference-SequenceTransform =0.67751 0.354775 -0.644295 79.4544 0.670051 -0.658975 0.341735 4.8672 -0.303335 -0.663239 -0.684179 7.81412 0 0 0 1 
Seq_Frame0003_ForcepToReference-SequenceTransformStatus = OK
Seq_Frame0003_Timestamp = 0.36
Seq_Frame0004_ForcepToReference-SequenceTransform =0.679697 0.355717 -0.641465 79.4877 0.667978 -0.661465 0.340982 4.88083 -0.303014 -0.660249 -0.687207 7.85692 0 0 0 1 
Seq_Frame0004_ForcepToReference-SequenceTransformStatus = OK
Seq_Frame0004_Timestamp = 0.475
Seq_Frame0005_ForcepToReference-SequenceTransform =0.677746 0.355249 -0.643784 79.4539 0.669388 -0.660399 0.340283 4.91167 -0.30427 -0.661567 -0.685383 7.7851 0 0 0 1 
Seq_Frame0005_ForcepToReference-SequenceTransformStatus = OK
Seq_Frame0005_Timestamp = 0.58
Seq_Frame0006_ForcepToReference-SequenceTransform =0.680389 0.356029 -0.640558 79.482 0.667467 -0.661943 0.341056 4.86899 -0.302587 -0.659602 -0.688017 7.90383 0 0 0 1 
Seq_Frame0006_ForcepToReference-SequenceTransformStatus = OK
Seq_Frame0006_Timestamp = 0.684
Seq_Frame0007_ForcepToReference-SequenceTransform =0.676681 0.354787 -0.645159 79.4391 0.670483 -0.658996 0.340846 4.8946 -0.304229 -0.663212 -0.683809 7.67066 0 0 0 1 
Seq_Frame0007_ForcepToReference-SequenceTransformStatus = OK
Seq_Frame0007_Timestamp = 0.79
Seq_Frame0008_ForcepToReference-SequenceTransform =0.675018 0.354561 -0.647021 79.4441 0.671584 -0.658388 0.339853 4.88465 -0.305492 -0.663936 -0.682542 7.69796 0 0 0 1 
Seq_Frame0008_ForcepToReference-SequenceTransformStatus = OK
Seq_Frame0008_Timestamp = 0.896
Seq_Frame0009_ForcepToReference-SequenceTransform =0.676854 0.355114 -0.644796 79.4359 0.670202 -0.659581 0.340267 4.89212 -0.304462 -0.662455 -0.684439 7.70706 0 0 0 1 
Seq_Frame0009_ForcepToReference-SequenceTransformStatus = OK
Seq_Frame0009_Timestamp = 1.001
Seq_Frame0010_ForcepToReference-SequenceTransform =0.677965 0.35535 -0.643498 79.4609 0.669474 -0.660012 0.340863 4.87917 -0.303591 -0.661899 -0.685363 7.75749 0 0 0 1 
Seq_Frame0010_ForcepToReference-SequenceTransformStatus = OK
Seq_Frame0010_Timestamp = 1.109
Seq_Frame0011_ForcepToReference-SequenceTransform =0.676594 0.355037 -0.645112 79.4498 0.670475 -0.659245 0.34038 4.86519 -0.30444 -0.662831 -0.684085 7.73457 0 0 0 1 
Seq_Frame0011_ForcepToReference-SequenceTransformStatus = OK
Seq_Frame0011_Timestamp = 1.215
Seq_Frame0012_ForcepToReference-SequenceTransform =0.675337 0.354788 -0.646564 79.4413 0.670853 -0.659729 0.338694 4.91033 -0.306392 -0.662482 -0.68355 7.62704 0 0 0 1 
Seq_Frame0012_ForcepToReference-SequenceTransformStatus = OK
Seq_Frame0012_Timestamp = 1.317
Seq_Frame0013_ForcepToReference-SequenceTransform =0.675736 0.355133 -0.645957 79.4562 0.670674 -0.659845 0.338824 4.91545 -0.305904 -0.662183 -0.684059 7.72952 0 0 0 1 
Seq_Frame0013_ForcepToReference-SequenceTransformStatus = OK
Seq_Frame0013_Timestamp = 1.425
Seq_Frame0014_ForcepToReference-SequenceTransform =0.675596 0.354887 -0.646239 79.4516 0.671199 -0.658736 0.33994 4.85911 -0.305061 -0.663417 -0.683239 7.74712 0 0 0 1 
Seq_Frame0014_ForcepToReference-SequenceTransformStatus = OK
Seq_Frame0014_Timestamp = 1.53
Seq_Frame0015_ForcepToReference-SequenceTransform =0.676677 0.354978 -0.645057 79.4591 0.670654 -0.658729 0.341027 4.83338 -0.303861 -0.663376 -0.683814 7.77931 0 0 0 1 
Seq_Frame0015_ForcepToReference-SequenceTransformStatus = OK
Seq_Frame0015_Timestamp = 1.634
Seq_Frame0016_ForcepToReference-SequenceTransform =0.675411 0.35468 -0.646546 79.4646 0.671297 -0.658624 0.339962 4.82105 -0.305253 -0.663639 -0.682938 7.76293 0 0 0 1 
Seq_Frame0016_ForcepToReference-SequenceTransformStatus = OK
Seq_Frame0016_Timestamp = 1.74
Seq_Frame0017_ForcepToReference-SequenceTransform =0.676602 0.355073 -0.645083 79.4481 0.669919 -0.660462 0.339114 4.86582 -0.305643 -0.661599 -0.68474 7.71168 0 0 0 1 
Seq_Frame0017_ForcepToReference-SequenceTransformStatus = OK
Seq_Frame0017_Timestamp = 1.845
Seq_Frame0018_ForcepToReference-SequenceTransform =0.677718 0.354301 -0.644337 79.469 0.669983 -0.658631 0.342531 4.77057 -0.303021 -0.663834 -0.683742 7.80242 0 0 0 1 
Seq_Frame0018_ForcepToReference-SequenceTransformStatus = OK
Seq_Frame0018_Timestamp = 1.95
Seq_Frame0019_ForcepToReference-SequenceTransform =0.676751 0.354108 -0.645458 79.4479 0.670627 -0.658241 0.342019 4.77928 -0.303755 -0.664324 -0.68294 7.69537 0 0 0 1 
Seq_Frame0019_ForcepToReference-SequenceTransformStatus = OK
Seq_Frame0019_Timestamp = 2.059
Seq_Frame0020_ForcepToReference-SequenceTransform =0.67784 0.354729 -0.643972 79.4441 0.66963 -0.659488 0.341571 4.83368 -0.303527 -0.662754 -0.684565 7.68343 0 0 0 1 
Seq_Frame0020_ForcepToReference-SequenceTransformStatus = OK
Seq_Frame0020_Timestamp = 2.165
Seq_Frame0021_ForcepToReference-SequenceTransform =0.679304 0.355023 -0.642266 79.4399 0.66898 -0.659362 0.343085 4.77476 -0.301682 -0.662722 -0.68541 7.76544 0 0 0 1 
Seq_Frame0021_ForcepToReference-SequenceTransformStatus = OK
Seq_Frame0021_Timestamp = 2.267
Seq_Frame0022_ForcepToReference-SequenceTransform =0.677346 0.355004 -0.64434 79.4515 0.669633 -0.660195 0.340196 4.86016 -0.30462 -0.661902 -0.684903 7.75347 0 0 0 1 
Seq_Frame0022_ForcepToReference-SequenceTransformStatus = OK
Seq_Frame0022_Timestamp = 2.375
Seq_Frame0023_ForcepToReference-SequenceTransform =0.675729 0.354645 -0.646234 79.4506 0.67049 -0.659996 0.338895 4.89574 -0.306324 -0.662294 -0.683763 7.69914 0 0 0 1 
Seq_Frame0023_ForcepToReference-SequenceTransformStatus = OK
Seq_Frame0023_Timestamp = 2.48
Seq_Frame0024_ForcepToReference-SequenceTransform =0.676627 0.354394 -0.645431 79.4439 0.670249 -0.659361 0.340602 4.85423 -0.304864 -0.66306 -0.683673 7.72604 0 0 0 1 
Seq_Frame0024_ForcepToReference-SequenceTransformStatus = OK
Seq_Frame0024_Timestamp = 2.585
Seq_Frame0025_ForcepToReference-SequenceTransform =0.675755 0.354399 -0.646341 79.4702 0.670468 -0.659883 0.339156 4.86694 -0.306313 -0.662537 -0.683533 7.73466 0 0 0 1 
Seq_Frame0025_ForcepToReference-SequenceTransformStatus = OK
Seq_Frame0025_Timestamp = 2.69
Seq_Frame0026_ForcepToReference-SequenceTransform =0.67687 0.354687 -0.645015 79.472 0.669822 -0.660165 0.339884 4.86584 -0.305264 -0.662102 -0.684423 7.74501 0 0 0 1 
Seq_Frame0026_ForcepToReference-SequenceTransformStatus = OK
Seq_Frame0026_Timestamp = 2.795
Seq_Frame0027_ForcepToReference-SequenceTransform =0.67734 0.354422 -0.644667 79.4598 0.670119 -0.658836 0.341871 4.81322 -0.303563 -0.663567 -0.683761 7.76927 0 0 0 1 
Seq_Frame0027_ForcepToReference-SequenceTransformStatus = OK
Seq_Frame0027_Timestamp = 2.905
Seq_Frame0028_ForcepToReference-SequenceTransform =0.676968 0.354391 -0.645075 79.4441 0.670044 -0.659413 0.340903 4.83462 -0.304558 -0.663009 -0.683859 7.66814 0 0 0 1 
Seq_Frame0028_ForcepToReference-SequenceTransformStatus = OK
Seq_Frame0028_Timestamp = 3.009
Seq_Frame0029_ForcepToReference-SequenceTransform =0.676795 0.354364 -0.645272 79.4508 0.670779 -0.657995 0.342197 4.76903 -0.303323 -0.664432 -0.683027 7.74363 0 0 0 1 
Seq_Frame0029_ForcepToReference-SequenceTransformStatus = OK
Seq_Frame0029_Timestamp = 3.134
Seq_Frame0030_ForcepToReference-SequenceTransform =0.678544 0.354842 -0.643169 79.447 0.669386 -0.659264 0.342481 4.77197 -0.302491 -0.662916 -0.684866 7.74931 0 0 0 1 
Seq_Frame0030_ForcepToReference-SequenceTransformStatus = OK
Seq_Frame0030_Timestamp = 3.245
Seq_Frame0031_ForcepToReference-SequenceTransform =0.678457 0.355962 -0.642641 79.4012 0.667739 -0.66353 0.337421 4.91198 -0.306302 -0.658042 -0.687866 7.53069 0 0 0 1 
Seq_Frame0031_ForcepToReference-SequenceTransformStatus = OK
Seq_Frame0031_Timestamp = 3.347
Seq_Frame0032_ForcepToReference-SequenceTransform =0.675745 0.357705 -0.644527 79.285 0.671294 -0.659838 0.337607 4.94801 -0.30452 -0.660804 -0.686007 7.73806 0 0 0 1 
Seq_Frame0032_ForcepToReference-SequenceTransformStatus = OK
Seq_Frame0032_Timestamp = 4.215
Seq_Frame0033_ForcepToReference-SequenceTransform =-0.0444281 -0.540422 -0.84022 -131.51 0.808269 -0.513743 0.287696 106.461 -0.587134 -0.666343 0.459631 -91.6937 0 0 0 1 
Seq_Frame0033_ForcepToReference-SequenceTransformStatus = OK
Seq_Frame0033_Timestamp = 4.325
Seq_Frame0034_ForcepToReference-SequenceTransform =-0.141124 -0.817587 -0.558243 -181.75 0.988475 -0.0851677 -0.125153 131.309 0.0547795 -0.569472 0.820183 -39.9002 0 0 0 1 
Seq_Frame0034_ForcepToReference-SequenceTransformStatus = OK
Seq_Frame0034_Timestamp = 4.43
Seq_Frame0035_ForcepToReference-SequenceTransform =-0.320577 -0.75588 -0.570855 -200.435 0.946923 -0.240575 -0.213216 126.988 0.0238326 -0.608908 0.792883 -33.7108 0 0 0 1 
Seq_Frame0035_ForcepToReference-SequenceTransformStatus = OK
Seq_Frame0035_Timestamp = 4.535
Seq_Frame0036_ForcepToReference-SequenceTransform =-0.404052 -0.685579 -0.605577 -197.857 0.888429 -0.136492 -0.438252 134.133 0.2178 -0.715089 0.664237 -16.9189 0 0 0 1 
Seq_Frame0036_ForcepToReference-SequenceTransformStatus = OK
Seq_Frame0036_Timestamp = 4.639
Seq_Frame0037_ForcepToReference-SequenceTransform =-0.480818 -0.61698 -0.623017 -190.494 0.843786 -0.132387 -0.520095 133.706 0.238409 -0.775764 0.584253 -13.0598 0 0 0 1 
Seq_Frame0037_ForcepToReference-SequenceTransformStatus = OK
Seq_Frame0037_Timestamp = 4.745
Seq_Frame0038_ForcepToReference-SequenceTransform =-0.535156 -0.548999 -0.642034 -186.348 0.819756 -0.153982 -0.551624 131.525 0.203979 -0.821517 0.53245 -14.3628 0 0 0 1 
Seq_Frame0038_ForcepToReference-SequenceTransformStatus = OK
Seq_Frame0038_Timestamp = 4.85
Seq_Frame0039_ForcepToReference-SequenceTransform =-0.546654 -0.501546 -0.670538 -182.111 0.818572 -0.151406 -0.55409 129.437 0.176378 -0.851779 0.493319 -13.2403 0 0 0 1 
Seq_Frame0039_ForcepToReference-SequenceTransformStatus = OK
Seq_Frame0039_Timestamp = 4.955
Seq_Frame0040_ForcepToReference-SequenceTransform =-0.567866 -0.459822 -0.682709 -181.59 0.813993 -0.190536 -0.548736 129.188 0.12224 -0.867329 0.482491 -18.4283 0 0 0 1 
Seq_Frame0040_ForcepToReference-SequenceTransformStatus = OK
Seq_Frame0040_Timestamp = 5.064
Seq_Frame0041_ForcepToReference-SequenceTransform =-0.581626 -0.446466 -0.679984 -181.154 0.800907 -0.168039 -0.574726 128.984 0.142332 -0.87888 0.455314 -15.2928 0 0 0 1 
Seq_Frame0041_ForcepToReference-SequenceTransformStatus = OK
Seq_Frame0041_Timestamp = 5.17
Seq_Frame0042_ForcepToReference-SequenceTransform =-0.578897 -0.434876 -0.689755 -179.229 0.80517 -0.171286 -0.56777 126.03 0.128764 -0.88405 0.449306 -13.5695 0 0 0 1 
Seq_Frame0042_ForcepToReference-SequenceTransformStatus = OK
Seq_Frame0042_Timestamp = 5.275
Seq_Frame0043_ForcepToReference-SequenceTransform =-0.58506 -0.431749 -0.686511 -179.835 0.801526 -0.178892 -0.570573 125.364 0.123533 -0.884076 0.45072 -14.0625 0 0 0 1 
Seq_Frame0043_ForcepToReference-SequenceTransformStatus = OK
Seq_Frame0043_Timestamp = 5.38
Seq_Frame0044_ForcepToReference-SequenceTransform =-0.577627 -0.441986 -0.686291 -178.907 0.808312 -0.192364 -0.556442 123.558 0.113922 -0.876153 0.468378 -16.3715 0 0 0 1 
Seq_Frame0044_ForcepToReference-SequenceTransformStatus = OK
Seq_Frame0044_Timestamp = 5.484
Seq_Frame0045_ForcepToReference-SequenceTransform =-0.552062 -0.418189 -0.721349 -174.605 0.829027 -0.182832 -0.528476 124.743 0.0891174 -0.88977 0.447625 -17.6909 0 0 0 1 
Seq_Frame0045_ForcepToReference-SequenceTransformStatus = OK
Seq_Frame0045_Timestamp = 5.596
Seq_Frame0046_ForcepToReference-SequenceTransform =-0.537796 -0.399579 -0.742369 -172.6 0.839955 -0.178262 -0.512542 126.055 0.0724653 -0.899199 0.431497 -18.0875 0 0 0 1 
Seq_Frame0046_ForcepToReference-SequenceTransformStatus = OK
Seq_Frame0046_Timestamp = 5.7
Seq_Frame0047_ForcepToReference-SequenceTransform =-0.545458 -0.428078 -0.720572 -176.688 0.834285 -0.194971 -0.515708 133.012 0.0802724 -0.88246 0.463488 -23.2102 0 0 0 1 
Seq_Frame0047_ForcepToReference-SequenceTransformStatus = OK
Seq_Frame0047_Timestamp = 5.81
Seq_Frame0048_ForcepToReference-SequenceTransform =-0.555672 -0.490724 -0.671133 -178.907 0.816557 -0.170263 -0.551584 152.553 0.156407 -0.854518 0.495314 -28.7255 0 0 0 1 
Seq_Frame0048_ForcepToReference-SequenceTransformStatus = OK
Seq_Frame0048_Timestamp = 5.915
Seq_Frame0049_ForcepToReference-SequenceTransform =-0.572825 -0.548609 -0.609015 -171.299 0.762069 -0.0828221 -0.642177 191.234 0.301864 -0.831967 0.465521 -29.6662 0 0 0 1 
Seq_Frame0049_ForcepToReference-SequenceTransformStatus = OK
Seq_Frame0049_Timestamp = 6.02
Seq_Frame0050_ForcepToReference-SequenceTransform =-0.603832 -0.591926 -0.533864 -155.878 0.685393 -0.0436112 -0.726866 223.434 0.406968 -0.804812 0.432036 -32.7563 0 0 0 1 
Seq_Frame0050_ForcepToReference-SequenceTransformStatus = OK
Seq_Frame0050_Timestamp = 6.125
Seq_Frame0051_ForcepToReference-SequenceTransform =-0.592298 -0.632017 -0.499738 -127.782 0.692165 -0.0816481 -0.717106 240.198 0.412421 -0.770641 0.48582 -49.0392 0 0 0 1 
Seq_Frame0051_ForcepToReference-SequenceTransformStatus = OK
Seq_Frame0051_Timestamp = 6.234
Seq_Frame0052_ForcepToReference-SequenceTransform =-0.251098 -0.0921127 0.963569 -71.9139 0.369445 0.910982 0.18336 263.468 -0.894684 0.402027 -0.194715 -68.519 0 0 0 1 
Seq_Frame0052_ForcepToReference-SequenceTransformStatus = OK
Seq_Frame0052_Timestamp = 6.35
Seq_Frame0053_ForcepToReference-SequenceTransform =-0.762285 -0.440945 -0.473803 -24.4223 0.603226 -0.218664 -0.76701 285.665 0.234606 -0.870491 0.432673 -76.0848 0 0 0 1 
Seq_Frame0053_ForcepToReference-SequenceTransformStatus = OK
Seq_Frame0053_Timestamp = 6.474
Seq_Frame0054_ForcepToReference-SequenceTransform =-0.817986 -0.401617 -0.411829 4.51307 0.51745 -0.200979 -0.831777 294.141 0.251287 -0.893483 0.372215 -91.7931 0 0 0 1 
Seq_Frame0054_ForcepToReference-SequenceTransformStatus = OK
Seq_Frame0054_Timestamp = 6.58
Seq_Frame0055_ForcepToReference-SequenceTransform =-0.849142 -0.358611 -0.387759 26.1254 0.485912 -0.242689 -0.839638 295.909 0.206999 -0.901388 0.380331 -96.984 0 0 0 1 
Seq_Frame0055_ForcepToReference-SequenceTransformStatus = OK
Seq_Frame0055_Timestamp = 6.685
Seq_Frame0056_ForcepToReference-SequenceTransform =-0.858283 -0.332818 -0.390618 39.2948 0.48436 -0.273897 -0.830889 290.803 0.169546 -0.902337 0.396285 -97.3825 0 0 0 1 
Seq_Frame0056_ForcepToReference-SequenceTransformStatus = OK
Seq_Frame0056_Timestamp = 6.8
Seq_Frame0057_ForcepToReference-SequenceTransform =-0.838613 -0.337005 -0.427968 43.3021 0.528057 -0.310064 -0.790579 287.403 0.133731 -0.888982 0.437982 -93.1823 0 0 0 1 
Seq_Frame0057_ForcepToReference-SequenceTransformStatus = OK
Seq_Frame0057_Timestamp = 6.92
Seq_Frame0058_ForcepToReference-SequenceTransform =-0.841397 -0.349576 -0.412126 36.7765 0.51343 -0.279107 -0.811473 292.259 0.168644 -0.894369 0.414322 -90.4766 0 0 0 1 
Seq_Frame0058_ForcepToReference-SequenceTransformStatus = OK
Seq_Frame0058_Timestamp = 7.025
Seq_Frame0059_ForcepToReference-SequenceTransform =-0.842018 -0.328384 -0.427983 32.5414 0.519464 -0.279634 -0.807441 295.681 0.145473 -0.902202 0.406041 -78.8872 0 0 0 1 
Seq_Frame0059_ForcepToReference-SequenceTransformStatus = OK
Seq_Frame0059_Timestamp = 7.13
Seq_Frame0060_ForcepToReference-SequenceTransform =-0.823732 -0.348855 -0.446952 36.762 0.543996 -0.264114 -0.796438 285.017 0.159795 -0.899191 0.407335 -67.7958 0 0 0 1 
Seq_Frame0060_ForcepToReference-SequenceTransformStatus = OK
Seq_Frame0060_Timestamp = 7.234
Seq_Frame0061_ForcepToReference-SequenceTransform =-0.799402 -0.33907 -0.495971 45.0182 0.590099 -0.28804 -0.754199 265.166 0.112867 -0.895581 0.430345 -55.8087 0 0 0 1 
Seq_Frame0061_ForcepToReference-SequenceTransformStatus = OK
Seq_Frame0061_Timestamp = 7.34
Seq_Frame0062_ForcepToReference-SequenceTransform =-0.761754 -0.355514 -0.54161 57.6192 0.640046 -0.283462 -0.714136 249.297 0.100359 -0.890651 0.443474 -34.384 0 0 0 1 
Seq_Frame0062_ForcepToReference-SequenceTransformStatus = OK
Seq_Frame0062_Timestamp = 7.445
Seq_Frame0063_ForcepToReference-SequenceTransform =-0.67862 -0.390164 -0.622292 79.5956 0.731708 -0.285464 -0.618961 238.725 0.0638545 -0.875376 0.479208 -12.0158 0 0 0 1 
Seq_Frame0063_ForcepToReference-SequenceTransformStatus = OK
Seq_Frame0063_Timestamp = 7.55
Seq_Frame0064_ForcepToReference-SequenceTransform =-0.60832 -0.469298 -0.640083 101.299 0.787078 -0.252797 -0.562674 233.388 0.102251 -0.846081 0.523156 3.27021 0 0 0 1 
Seq_Frame0064_ForcepToReference-SequenceTransformStatus = OK
Seq_Frame0064_Timestamp = 7.659
Seq_Frame0065_ForcepToReference-SequenceTransform =-0.598378 -0.440146 -0.669489 115.837 0.800973 -0.308157 -0.513304 232.189 0.0196215 -0.843393 0.536939 5.18975 0 0 0 1 
Seq_Frame0065_ForcepToReference-SequenceTransformStatus = OK
Seq_Frame0065_Timestamp = 7.795
Seq_Frame0066_ForcepToReference-SequenceTransform =-0.606174 -0.407844 -0.6828 117.294 0.795276 -0.32098 -0.514303 232.421 -0.00940994 -0.854772 0.518919 5.78163 0 0 0 1 
Seq_Frame0066_ForcepToReference-SequenceTransformStatus = OK
Seq_Frame0066_Timestamp = 7.9
Seq_Frame0067_ForcepToReference-SequenceTransform =-0.606174 -0.407844 -0.6828 117.294 0.795276 -0.32098 -0.514303 232.421 -0.00940994 -0.854772 0.518919 5.78163 0 0 0 1 
Seq_Frame0067_ForcepToReference-SequenceTransformStatus = OK
Seq_Frame0067_Timestamp = 8.005
Seq_Frame0068_ForcepToReference-SequenceTransform =-0.606174 -0.407844 -0.6828 117.294 0.795276 -0.32098 -0.514303 232.421 -0.00940994 -0.854772 0.518919 5.78163 0 0 0 1 
Seq_Frame0068_ForcepToReference-SequenceTransformStatus = OK
Seq_Frame0068_Timestamp = 9.915
Seq_Frame0069_ForcepToReference-SequenceTransform =-0.340888 -0.486465 -0.804455 120.813 0.771764 -0.633438 0.0560128 176.544 -0.53682 -0.601755 0.591367 -26.9094 0 0 0 1 
Seq_Frame0069_ForcepToReference-SequenceTransformStatus = OK
Seq_Frame0069_Timestamp = 10.02
Seq_Frame0070_ForcepToReference-SequenceTransform =-0.356467 -0.4976 -0.790775 109.541 0.714903 -0.690189 0.112041 165.205 -0.601536 -0.525388 0.601765 -20.9992 0 0 0 1 
Seq_Frame0070_ForcepToReference-SequenceTransformStatus = OK
Seq_Frame0070_Timestamp = 10.126
Seq_Frame0071_ForcepToReference-SequenceTransform =-0.458052 -0.441596 -0.77148 96.8967 0.63221 -0.771938 0.0664954 163.316 -0.624899 -0.457279 0.63277 -19.8814 0 0 0 1 
Seq_Frame0071_ForcepToReference-SequenceTransformStatus = OK
Seq_Frame0071_Timestamp = 10.234
Seq_Frame0072_ForcepToReference-SequenceTransform =0.277132 -0.19588 0.940654 73.4258 -0.684534 0.646746 0.336352 154.693 -0.674248 -0.737124 0.0451474 -42.8158 0 0 0 1 
Seq_Frame0072_ForcepToReference-SequenceTransformStatus = OK
Seq_Frame0072_Timestamp = 10.355
Seq_Frame0073_ForcepToReference-SequenceTransform =0.515419 0.176444 0.838576 88.8546 -0.710602 0.634929 0.303166 142.43 -0.478945 -0.752152 0.452636 -43.5219 0 0 0 1 
Seq_Frame0073_ForcepToReference-SequenceTransformStatus = OK
Seq_Frame0073_Timestamp = 10.459
Seq_Frame0074_ForcepToReference-SequenceTransform =0.823069 0.0351957 0.56685 77.351 -0.47033 0.601697 0.645562 142.991 -0.318351 -0.797948 0.511792 -49.8238 0 0 0 1 
Seq_Frame0074_ForcepToReference-SequenceTransformStatus = OK
Seq_Frame0074_Timestamp = 10.669
Seq_Frame0075_ForcepToReference-SequenceTransform =0.693663 0.10705 0.7123 69.6249 -0.621719 0.58834 0.517031 130.363 -0.363727 -0.801496 0.474665 -47.036 0 0 0 1 
Seq_Frame0075_ForcepToReference-SequenceTransformStatus = OK
Seq_Frame0075_Timestamp = 10.775
Seq_Frame0076_ForcepToReference-SequenceTransform =0.710831 0.171261 0.682194 70.2452 -0.64239 0.553076 0.53051 122.674 -0.28645 -0.815338 0.50316 -44.5046 0 0 0 1 
Seq_Frame0076_ForcepToReference-SequenceTransformStatus = OK
Seq_Frame0076_Timestamp = 10.885
Seq_Frame0077_ForcepToReference-SequenceTransform =0.676781 0.282869 0.679671 69.6208 -0.686875 0.574829 0.444719 118.993 -0.264897 -0.767826 0.583328 -45.1885 0 0 0 1 
Seq_Frame0077_ForcepToReference-SequenceTransformStatus = OK
Seq_Frame0077_Timestamp = 10.99
Seq_Frame0078_ForcepToReference-SequenceTransform =0.669392 0.48601 0.56188 80.6588 -0.69792 0.670595 0.251417 124.685 -0.254602 -0.560444 0.788086 -39.5369 0 0 0 1 
Seq_Frame0078_ForcepToReference-SequenceTransformStatus = OK
Seq_Frame0078_Timestamp = 11.095
Seq_Frame0079_ForcepToReference-SequenceTransform =0.675582 0.552844 0.487803 87.9056 -0.677523 0.726452 0.115022 131.384 -0.290777 -0.408205 0.865343 -31.1422 0 0 0 1 
Seq_Frame0079_ForcepToReference-SequenceTransformStatus = OK
Seq_Frame0079_Timestamp = 11.205
Seq_Frame0080_ForcepToReference-SequenceTransform =0.661752 0.668366 0.339664 102.389 -0.734728 0.668301 0.116403 122.242 -0.149198 -0.326591 0.933316 -19.1355 0 0 0 1 
Seq_Frame0080_ForcepToReference-SequenceTransformStatus = OK
Seq_Frame0080_Timestamp = 11.311
Seq_Frame0081_ForcepToReference-SequenceTransform =0.716945 0.522842 0.461115 97.9381 -0.594008 0.804377 0.0115126 138.926 -0.364891 -0.28216 0.887266 -18.0844 0 0 0 1 
Seq_Frame0081_ForcepToReference-SequenceTransformStatus = OK
Seq_Frame0081_Timestamp = 11.415
Seq_Frame0082_ForcepToReference-SequenceTransform =0.583672 0.397641 0.707961 78.9941 -0.484027 0.870429 -0.0898423 155.356 -0.651954 -0.290234 0.700514 -27.6301 0 0 0 1 
Seq_Frame0082_ForcepToReference-SequenceTransformStatus = OK
Seq_Frame0082_Timestamp = 11.52
Seq_Frame0083_ForcepToReference-SequenceTransform =0.6719 0.410654 0.616371 86.4528 -0.669015 0.693555 0.267208 136.004 -0.317757 -0.591899 0.740733 -24.1173 0 0 0 1 
Seq_Frame0083_ForcepToReference-SequenceTransformStatus = OK
Seq_Frame0083_Timestamp = 11.625
Seq_Frame0084_ForcepToReference-SequenceTransform =0.609756 0.353211 0.709535 78.8401 -0.674708 0.70106 0.230835 139.66 -0.415893 -0.619482 0.665789 -29.125 0 0 0 1 
Seq_Frame0084_ForcepToReference-SequenceTransformStatus = OK
Seq_Frame0084_Timestamp = 11.73
Seq_Frame0085_ForcepToReference-SequenceTransform =0.214558 -0.0190219 0.976526 34.5584 -0.531088 0.836815 0.132989 160.504 -0.819701 -0.547155 0.169443 -38.0921 0 0 0 1 
Seq_Frame0085_ForcepToReference-SequenceTransformStatus = OK
Seq_Frame0085_Timestamp = 11.836
Seq_Frame0086_ForcepToReference-SequenceTransform =-0.56194 -0.164765 -0.810602 40.8852 0.428006 -0.896495 -0.114486 155.74 -0.707838 -0.411277 0.574297 -43.1267 0 0 0 1 
Seq_Frame0086_ForcepToReference-SequenceTransformStatus = OK
Seq_Frame0086_Timestamp = 11.943
Seq_Frame0087_ForcepToReference-SequenceTransform =-0.488882 -0.366603 -0.791579 42.324 0.597251 -0.80205 0.00258861 168.918 -0.635835 -0.471506 0.611061 -33.0063 0 0 0 1 
Seq_Frame0087_ForcepToReference-SequenceTransformStatus = OK
Seq_Frame0087_Timestamp = 12.05
Seq_Frame0088_ForcepToReference-SequenceTransform =0.0474499 0.327218 0.943757 54.9762 -0.766262 0.618024 -0.175755 154.588 -0.640774 -0.714825 0.28006 -24.0578 0 0 0 1 
Seq_Frame0088_ForcepToReference-SequenceTransformStatus = OK
Seq_Frame0088_Timestamp = 12.155
Seq_Frame0089_ForcepToReference-SequenceTransform =-0.0830292 0.460467 0.883785 67.3318 -0.787286 0.513408 -0.341458 151.625 -0.610973 -0.724142 0.319891 -21.9084 0 0 0 1 
Seq_Frame0089_ForcepToReference-SequenceTransformStatus = OK
Seq_Frame0089_Timestamp = 12.266
Seq_Frame0090_ForcepToReference-SequenceTransform =-0.152814 0.264577 0.95218 66.0708 -0.743673 0.603752 -0.287112 155.651 -0.650844 -0.751985 0.104497 -15.8539 0 0 0 1 
Seq_Frame0090_ForcepToReference-SequenceTransformStatus = OK
Seq_Frame0090_Timestamp = 12.367
Seq_Frame0091_ForcepToReference-SequenceTransform =-0.11769 0.145742 0.982297 68.4378 -0.690858 0.698544 -0.186414 155.835 -0.713347 -0.700568 0.0184757 -9.2454 0 0 0 1 
Seq_Frame0091_ForcepToReference-SequenceTransformStatus = OK
Seq_Frame0091_Timestamp = 12.476
Seq_Frame0092_ForcepToReference-SequenceTransform =-0.106728 0.201101 0.973739 69.3365 -0.737057 0.64131 -0.213233 143.218 -0.66735 -0.740459 0.0797771 -11.8487 0 0 0 1 
Seq_Frame0092_ForcepToReference-SequenceTransformStatus = OK
Seq_Frame0092_Timestamp = 12.585
Seq_Frame0093_ForcepToReference-SequenceTransform =-0.0785391 0.174705 0.981483 65.2557 -0.676524 0.713783 -0.18119 143.565 -0.732221 -0.678227 0.0621325 -0.528017 0 0 0 1 
Seq_Frame0093_ForcepToReference-SequenceTransformStatus = OK
Seq_Frame0093_Timestamp = 12.691
Seq_Frame0094_ForcepToReference-SequenceTransform =-0.0775793 0.295887 0.952068 71.772 -0.670298 0.691425 -0.269503 150.401 -0.738026 -0.659077 0.144692 18.1272 0 0 0 1 
Seq_Frame0094_ForcepToReference-SequenceTransformStatus = OK
Seq_Frame0094_Timestamp = 12.795
Seq_Frame0095_ForcepToReference-SequenceTransform =-0.170647 0.441496 0.880886 76.7892 -0.737599 0.535525 -0.411292 150.871 -0.653321 -0.719926 0.234261 31.5333 0 0 0 1 
Seq_Frame0095_ForcepToReference-SequenceTransformStatus = OK
Seq_Frame0095_Timestamp = 12.899
Seq_Frame0096_ForcepToReference-SequenceTransform =-0.129599 0.115571 0.984808 60.139 -0.553556 0.815576 -0.168558 177.923 -0.822667 -0.566991 -0.0417226 42.3994 0 0 0 1 
Seq_Frame0096_ForcepToReference-SequenceTransformStatus = OK
Seq_Frame0096_Timestamp = 13.005
Seq_Frame0097_ForcepToReference-SequenceTransform =-0.187424 0.113341 0.975718 55.5064 -0.569125 0.797075 -0.201912 175.748 -0.800605 -0.593149 -0.0848861 49.0353 0 0 0 1 
Seq_Frame0097_ForcepToReference-SequenceTransformStatus = OK
Seq_Frame0097_Timestamp = 13.11
Seq_Frame0098_ForcepToReference-SequenceTransform =-0.363766 -0.681452 -0.635058 63.5672 0.787665 -0.588972 0.180819 168.895 -0.497251 -0.434437 0.751004 57.7023 0 0 0 1 
Seq_Frame0098_ForcepToReference-SequenceTransformStatus = OK
Seq_Frame0098_Timestamp = 13.29
Seq_Frame0099_ForcepToReference-SequenceTransform =-0.213029 -0.71608 -0.664716 74.865 0.772537 -0.539963 0.334104 161.761 -0.598168 -0.442344 0.668227 53.1952 0 0 0 1 
Seq_Frame0099_ForcepToReference-SequenceTransformStatus = OK
Seq_Frame0099_Timestamp = 13.399
Seq_Frame0100_ForcepToReference-SequenceTransform =-0.142738 -0.749396 -0.646553 77.1169 0.777373 -0.48922 0.395418 156.738 -0.612631 -0.446172 0.652391 54.8704 0 0 0 1 
Seq_Frame0100_ForcepToReference-SequenceTransformStatus = OK
Seq_Frame0100_Timestamp = 13.5
Seq_Frame0101_ForcepToReference-SequenceTransform =-0.109906 -0.762715 -0.637328 78.3357 0.780886 -0.462963 0.419383 156.096 -0.614929 -0.451588 0.646476 56.6535 0 0 0 1 
Seq_Frame0101_ForcepToReference-SequenceTransformStatus = OK
Seq_Frame0101_Timestamp = 13.611
Seq_Frame0102_ForcepToReference-SequenceTransform =-0.0925416 -0.771866 -0.629014 81.3533 0.794867 -0.437736 0.420206 158.894 -0.599685 -0.461096 0.65404 59.2384 0 0 0 1 
Seq_Frame0102_ForcepToReference-SequenceTransformStatus = OK
Seq_Frame0102_Timestamp = 13.717
Seq_Frame0103_ForcepToReference-SequenceTransform =-0.0684297 -0.789043 -0.610514 83.214 0.797935 -0.410611 0.441246 159.068 -0.598846 -0.456957 0.657704 60.8605 0 0 0 1 
Seq_Frame0103_ForcepToReference-SequenceTransformStatus = OK
Seq_Frame0103_Timestamp = 13.819
Seq_Frame0104_ForcepToReference-SequenceTransform =-0.0782421 -0.787602 -0.611197 82.0195 0.812773 -0.405413 0.418377 160.217 -0.577302 -0.46403 0.671862 61.0187 0 0 0 1 
Seq_Frame0104_ForcepToReference-SequenceTransformStatus = OK
Seq_Frame0104_Timestamp = 13.925
Seq_Frame0105_ForcepToReference-SequenceTransform =-0.0564954 -0.805952 -0.589279 83.4613 0.800783 -0.389082 0.45537 158.595 -0.596284 -0.446159 0.667374 61.3622 0 0 0 1 
Seq_Frame0105_ForcepToReference-SequenceTransformStatus = OK
Seq_Frame0105_Timestamp = 14.03
Seq_Frame0106_ForcepToReference-SequenceTransform =-0.0233362 -0.809575 -0.586552 85.1951 0.805051 -0.363083 0.469109 157.75 -0.592746 -0.461257 0.660223 61.0703 0 0 0 1 
Seq_Frame0106_ForcepToReference-SequenceTransformStatus = OK
Seq_Frame0106_Timestamp = 14.135
Seq_Frame0107_ForcepToReference-SequenceTransform =-0.0210043 -0.820099 -0.571836 86.2505 0.80705 -0.351503 0.474464 158.699 -0.59011 -0.451534 0.669244 62.6528 0 0 0 1 
Seq_Frame0107_ForcepToReference-SequenceTransformStatus = OK
Seq_Frame0107_Timestamp = 14.24
Seq_Frame0108_ForcepToReference-SequenceTransform =-0.00730394 -0.819281 -0.573345 86.7583 0.822908 -0.330675 0.462035 160.049 -0.568128 -0.468436 0.676608 63.5482 0 0 0 1 
Seq_Frame0108_ForcepToReference-SequenceTransformStatus = OK
Seq_Frame0108_Timestamp = 14.374
Seq_Frame0109_ForcepToReference-SequenceTransform =-0.0112508 -0.813559 -0.581374 86.9482 0.833 -0.329258 0.444635 160.067 -0.553158 -0.479282 0.681399 65.3821 0 0 0 1 
Seq_Frame0109_ForcepToReference-SequenceTransformStatus = OK
Seq_Frame0109_Timestamp = 14.484
Seq_Frame0110_ForcepToReference-SequenceTransform =-0.0121223 -0.811612 -0.584071 86.5882 0.82809 -0.335548 0.449082 160.114 -0.560464 -0.47822 0.676155 65.9702 0 0 0 1 
Seq_Frame0110_ForcepToReference-SequenceTransformStatus = OK
Seq_Frame0110_Timestamp = 14.59
Seq_Frame0111_ForcepToReference-SequenceTransform =-0.0154333 -0.809568 -0.586823 86.1046 0.828227 -0.339156 0.44611 159.951 -0.560181 -0.479138 0.67574 65.305 0 0 0 1 
Seq_Frame0111_ForcepToReference-SequenceTransformStatus = OK
Seq_Frame0111_Timestamp = 14.7
Seq_Frame0112_ForcepToReference-SequenceTransform =-0.00882608 -0.808529 -0.58839 86.3165 0.826261 -0.337314 0.451123 159.651 -0.563218 -0.482182 0.671034 65.6913 0 0 0 1 
Seq_Frame0112_ForcepToReference-SequenceTransformStatus = OK
Seq_Frame0112_Timestamp = 14.805
Seq_Frame0113_ForcepToReference-SequenceTransform =-0.0109362 -0.807043 -0.590392 86.2497 0.825708 -0.340305 0.449888 159.576 -0.563992 -0.482571 0.670103 65.6947 0 0 0 1 
Seq_Frame0113_ForcepToReference-SequenceTransformStatus = OK
Seq_Frame0113_Timestamp = 14.915
Seq_Frame0114_ForcepToReference-SequenceTransform =-0.00886268 -0.809618 -0.58689 86.6407 0.828806 -0.334318 0.448678 159.683 -0.559466 -0.482441 0.673979 66.1321 0 0 0 1 
Seq_Frame0114_ForcepToReference-SequenceTransformStatus = OK
Seq_Frame0114_Timestamp = 15.1
Seq_Frame0115_ForcepToReference-SequenceTransform =-0.000483423 -0.805649 -0.592393 86.8901 0.829322 -0.331335 0.449935 159.686 -0.558771 -0.491067 0.668303 65.5624 0 0 0 1 
Seq_Frame0115_ForcepToReference-SequenceTransformStatus = OK
Seq_Frame0115_Timestamp = 15.205
Seq_Frame0116_ForcepToReference-SequenceTransform =-0.00471397 -0.807687 -0.589592 86.7772 0.827962 -0.333782 0.450631 159.894 -0.560764 -0.486036 0.670308 65.7871 0 0 0 1 
Seq_Frame0116_ForcepToReference-SequenceTransformStatus = OK
Seq_Frame0116_Timestamp = 15.309
Seq_Frame0117_ForcepToReference-SequenceTransform =-0.00590695 -0.805421 -0.592674 86.8629 0.832267 -0.332516 0.443581 159.67 -0.554343 -0.490643 0.672289 66.8939 0 0 0 1 
Seq_Frame0117_ForcepToReference-SequenceTransformStatus = OK
Seq_Frame0117_Timestamp = 15.415
Seq_Frame0118_ForcepToReference-SequenceTransform =0.00178869 -0.803677 -0.595063 87.0428 0.828892 -0.331691 0.450465 159.398 -0.559405 -0.494049 0.665568 66.1268 0 0 0 1 
Seq_Frame0118_ForcepToReference-SequenceTransformStatus = OK
Seq_Frame0118_Timestamp = 15.524
Seq_Frame0119_ForcepToReference-SequenceTransform =0.000318634 -0.803633 -0.595125 86.9948 0.830998 -0.330841 0.447199 159.489 -0.556275 -0.49469 0.667712 66.3483 0 0 0 1 
Seq_Frame0119_ForcepToReference-SequenceTransformStatus = OK
Seq_Frame0119_Timestamp = 15.629
Seq_Frame0120_ForcepToReference-SequenceTransform =0.000365749 -0.804545 -0.593891 87.0106 0.830489 -0.330574 0.44834 159.025 -0.557035 -0.493384 0.668045 66.0093 0 0 0 1 
Seq_Frame0120_ForcepToReference-SequenceTransformStatus = OK
Seq_Frame0120_Timestamp = 15.733
Seq_Frame0121_ForcepToReference-SequenceTransform =0.00390677 -0.805899 -0.59204 87.0208 0.832983 -0.324949 0.447825 158.396 -0.553285 -0.494909 0.67003 65.8036 0 0 0 1 
Seq_Frame0121_ForcepToReference-SequenceTransformStatus = OK
Seq_Frame0121_Timestamp = 15.84
Seq_Frame0122_ForcepToReference-SequenceTransform =0.0106774 -0.805318 -0.592747 88.0434 0.835777 -0.318248 0.447432 159.061 -0.548965 -0.500182 0.669668 65.6866 0 0 0 1 
Seq_Frame0122_ForcepToReference-SequenceTransformStatus = OK
Seq_Frame0122_Timestamp = 15.942
Seq_Frame0123_ForcepToReference-SequenceTransform =-0.015751 -0.804296 -0.59402 87.4294 0.843844 -0.329379 0.4236 160.107 -0.536358 -0.494588 0.683888 66.9161 0 0 0 1 
Seq_Frame0123_ForcepToReference-SequenceTransformStatus = OK
Seq_Frame0123_Timestamp = 16.055
Seq_Frame0124_ForcepToReference-SequenceTransform =-0.00977317 -0.803132 -0.595721 87.7685 0.847381 -0.322947 0.421485 160.926 -0.530895 -0.500684 0.683715 67.5194 0 0 0 1 
Seq_Frame0124_ForcepToReference-SequenceTransformStatus = OK
Seq_Frame0124_Timestamp = 16.161
Seq_Frame0125_ForcepToReference-SequenceTransform =0.00972531 -0.809368 -0.587222 89.1927 0.846558 -0.305889 0.435627 159.758 -0.532207 -0.501354 0.682202 67.9392 0 0 0 1 
Seq_Frame0125_ForcepToReference-SequenceTransformStatus = OK
Seq_Frame0125_Timestamp = 16.27
Seq_Frame0126_ForcepToReference-SequenceTransform =0.0307747 -0.809571 -0.586214 90.6321 0.847333 -0.289957 0.444918 159.499 -0.530169 -0.510411 0.677053 69.0839 0 0 0 1 
Seq_Frame0126_ForcepToReference-SequenceTransformStatus = OK
Seq_Frame0126_Timestamp = 16.38
Seq_Frame0127_ForcepToReference-SequenceTransform =0.036133 -0.804352 -0.593054 91.8006 0.843661 -0.293538 0.449524 158.647 -0.535659 -0.516579 0.667994 68.9491 0 0 0 1 
Seq_Frame0127_ForcepToReference-SequenceTransformStatus = OK
Seq_Frame0127_Timestamp = 16.49
Seq_Frame0128_ForcepToReference-SequenceTransform =0.0278994 -0.794486 -0.606641 91.3863 0.847228 -0.303278 0.436151 158.903 -0.530497 -0.526131 0.66465 68.9229 0 0 0 1 
Seq_Frame0128_ForcepToReference-SequenceTransformStatus = OK
Seq_Frame0128_Timestamp = 16.595
Seq_Frame0129_ForcepToReference-SequenceTransform =0.0228635 -0.790337 -0.612245 91.1771 0.84664 -0.310379 0.43228 158.77 -0.531675 -0.528234 0.662034 68.9225 0 0 0 1 
Seq_Frame0129_ForcepToReference-SequenceTransformStatus = OK
Seq_Frame0129_Timestamp = 16.701
Seq_Frame0130_ForcepToReference-SequenceTransform =0.0210552 -0.787651 -0.615762 90.8616 0.846696 -0.313473 0.42993 158.768 -0.53166 -0.530416 0.660301 68.6762 0 0 0 1 
Seq_Frame0130_ForcepToReference-SequenceTransformStatus = OK
Seq_Frame0130_Timestamp = 16.805
Seq_Frame0131_ForcepToReference-SequenceTransform =0.0144764 -0.788117 -0.615355 90.764 0.840801 -0.323474 0.434071 158.573 -0.54115 -0.523675 0.657967 68.1439 0 0 0 1 
Seq_Frame0131_ForcepToReference-SequenceTransformStatus = OK
Seq_Frame0131_Timestamp = 16.91
Seq_Frame0132_ForcepToReference-SequenceTransform =0.0146173 -0.7787 -0.627226 90.8275 0.844993 -0.325753 0.424114 159.242 -0.534578 -0.536201 0.653234 67.8019 0 0 0 1 
Seq_Frame0132_ForcepToReference-SequenceTransformStatus = OK
Seq_Frame0132_Timestamp = 17.016
Seq_Frame0133_ForcepToReference-SequenceTransform =-0.00765814 -0.791589 -0.611006 90.1294 0.839656 -0.336925 0.42598 159.313 -0.543064 -0.509773 0.667243 69.126 0 0 0 1 
Seq_Frame0133_ForcepToReference-SequenceTransformStatus = OK
Seq_Frame0133_Timestamp = 17.125
Seq_Frame0134_ForcepToReference-SequenceTransform =-0.0128086 -0.789549 -0.613554 89.6471 0.84571 -0.335932 0.414637 159.957 -0.533489 -0.513578 0.672032 69.0691 0 0 0 1 
Seq_Frame0134_ForcepToReference-SequenceTransformStatus = OK
Seq_Frame0134_Timestamp = 17.23
Seq_Frame0135_ForcepToReference-SequenceTransform =-0.00878197 -0.788561 -0.614893 89.882 0.835062 -0.344054 0.429301 159.302 -0.550086 -0.509704 0.661519 68.9414 0 0 0 1 
Seq_Frame0135_ForcepToReference-SequenceTransformStatus = OK
Seq_Frame0135_Timestamp = 17.335
Seq_Frame0136_ForcepToReference-SequenceTransform =0.00125962 -0.781713 -0.623637 90.4781 0.841579 -0.336019 0.42289 158.063 -0.540133 -0.525373 0.65745 70.4682 0 0 0 1 
Seq_Frame0136_ForcepToReference-SequenceTransformStatus = OK
Seq_Frame0136_Timestamp = 21.36
Seq_Frame0137_ForcepToReference-SequenceTransform =-0.0131124 -0.777582 -0.628645 90.5599 0.844163 -0.345574 0.409839 158.361 -0.535927 -0.525305 0.660937 70.9965 0 0 0 1 
Seq_Frame0137_ForcepToReference-SequenceTransformStatus = OK
Seq_Frame0137_Timestamp = 21.54
Seq_Frame0138_ForcepToReference-SequenceTransform =-0.021558 -0.767938 -0.640161 89.9124 0.835894 -0.365116 0.409844 156.899 -0.548467 -0.526272 0.649786 69.5696 0 0 0 1 
Seq_Frame0138_ForcepToReference-SequenceTransformStatus = OK
Seq_Frame0138_Timestamp = 21.65
Seq_Frame0139_ForcepToReference-SequenceTransform =-0.0375909 -0.770031 -0.636899 88.941 0.835314 -0.374038 0.402923 156.673 -0.548487 -0.516864 0.657277 69.3431 0 0 0 1 
Seq_Frame0139_ForcepToReference-SequenceTransformStatus = OK
Seq_Frame0139_Timestamp = 21.759
Seq_Frame0140_ForcepToReference-SequenceTransform =-0.0256921 -0.768799 -0.638975 89.3328 0.833797 -0.36909 0.410554 156.052 -0.551472 -0.522227 0.650505 68.7702 0 0 0 1 
Seq_Frame0140_ForcepToReference-SequenceTransformStatus = OK
Seq_Frame0140_Timestamp = 21.87
Seq_Frame0141_ForcepToReference-SequenceTransform =0.00317438 -0.782326 -0.622861 90.059 0.826952 -0.348161 0.441512 153.924 -0.562263 -0.516478 0.645841 68.3432 0 0 0 1 
Seq_Frame0141_ForcepToReference-SequenceTransformStatus = OK
Seq_Frame0141_Timestamp = 21.975
Seq_Frame0142_ForcepToReference-SequenceTransform =0.0672427 -0.815642 -0.574636 91.6519 0.77491 -0.320097 0.545025 146.75 -0.628485 -0.481941 0.610525 65.7503 0 0 0 1 
Seq_Frame0142_ForcepToReference-SequenceTransformStatus = OK
Seq_Frame0142_Timestamp = 22.08
Seq_Frame0143_ForcepToReference-SequenceTransform =0.122365 -0.82198 -0.556216 92.6449 0.753035 -0.288168 0.591521 143.722 -0.646502 -0.491231 0.583718 64.3103 0 0 0 1 
Seq_Frame0143_ForcepToReference-SequenceTransformStatus = OK
Seq_Frame0143_Timestamp = 22.185
Seq_Frame0144_ForcepToReference-SequenceTransform =0.173476 -0.832976 -0.525411 93.8173 0.734911 -0.245657 0.632106 141.854 -0.6556 -0.495786 0.569548 63.6631 0 0 0 1 
Seq_Frame0144_ForcepToReference-SequenceTransformStatus = OK
Seq_Frame0144_Timestamp = 22.295
Seq_Frame0145_ForcepToReference-SequenceTransform =0.189791 -0.845076 -0.499826 95.1432 0.73063 -0.218505 0.646866 142.022 -0.655865 -0.487957 0.575968 64.2519 0 0 0 1 
Seq_Frame0145_ForcepToReference-SequenceTransformStatus = OK
Seq_Frame0145_Timestamp = 22.405
Seq_Frame0146_ForcepToReference-SequenceTransform =0.21754 -0.830852 -0.512211 99.258 0.736457 -0.204674 0.644779 142.742 -0.640552 -0.517487 0.567362 65.5605 0 0 0 1 
Seq_Frame0146_ForcepToReference-SequenceTransformStatus = OK
Seq_Frame0146_Timestamp = 22.51
Seq_Frame0147_ForcepToReference-SequenceTransform =0.221787 -0.810396 -0.542282 102.389 0.746385 -0.216777 0.629219 143.825 -0.627471 -0.544304 0.556789 66.175 0 0 0 1 
Seq_Frame0147_ForcepToReference-SequenceTransformStatus = OK
Seq_Frame0147_Timestamp = 22.615
Seq_Frame0148_ForcepToReference-SequenceTransform =0.236336 -0.803725 -0.54605 104.863 0.737077 -0.217887 0.63972 142.421 -0.633137 -0.553671 0.540913 66.3774 0 0 0 1 
Seq_Frame0148_ForcepToReference-SequenceTransformStatus = OK
Seq_Frame0148_Timestamp = 22.72
Seq_Frame0149_ForcepToReference-SequenceTransform =0.201653 -0.805635 -0.557035 103.858 0.73972 -0.247501 0.625745 141.663 -0.641989 -0.538234 0.546035 66.5495 0 0 0 1 
Seq_Frame0149_ForcepToReference-SequenceTransformStatus = OK
Seq_Frame0149_Timestamp = 22.825
Seq_Frame0150_ForcepToReference-SequenceTransform =0.171597 -0.809731 -0.561151 99.2725 0.744353 -0.266569 0.612274 141.769 -0.645363 -0.522758 0.556983 65.3416 0 0 0 1 
Seq_Frame0150_ForcepToReference-SequenceTransformStatus = OK
