ObjectType = Image
NDims = 3
AnatomicalOrientation = RAI
BinaryData = True
CompressedData = False
DimSize = 0 0 1832
ElementSpacing = 1 1 1
Offset = 0 0 0
TransformMatrix = 1 0 0 0 1 0 0 0 1
ElementType = MET_UCHAR
Kinds = domain domain list
Seq_Frame0000_DriverToReference-SequenceTransform =-0.91735 -0.395867 0.0419406 47.4802 -0.18529 0.517857 0.835159 55.7625 -0.352331 0.758362 -0.548406 74.8912 0 0 0 1 
Seq_Frame0000_DriverToReference-SequenceTransformStatus = OK
Seq_Frame0000_Timestamp = 0.00899982
Seq_Frame0001_DriverToReference-SequenceTransform =-0.916566 -0.397406 0.04445 47.4115 -0.184076 0.517981 0.835351 55.7468 -0.354998 0.757472 -0.547916 74.779 0 0 0 1 
Seq_Frame0001_DriverToReference-SequenceTransformStatus = OK
Seq_Frame0001_Timestamp = 0.111
Seq_Frame0002_DriverToReference-SequenceTransform =-0.916342 -0.397911 0.0445456 47.4051 -0.183986 0.517265 0.835814 55.7727 -0.355622 0.757696 -0.547202 74.7912 0 0 0 1 
Seq_Frame0002_DriverToReference-SequenceTransformStatus = OK
Seq_Frame0002_Timestamp = 0.216
Seq_Frame0003_DriverToReference-SequenceTransform =-0.917013 -0.396568 0.0426787 47.4931 -0.185088 0.517876 0.835193 55.7603 -0.353313 0.757983 -0.548299 74.9498 0 0 0 1 
Seq_Frame0003_DriverToReference-SequenceTransformStatus = OK
Seq_Frame0003_Timestamp = 0.326
Seq_Frame0004_DriverToReference-SequenceTransform =-0.917348 -0.395888 0.0417724 47.4695 -0.185346 0.517618 0.835295 55.7601 -0.352306 0.758514 -0.548212 74.9451 0 0 0 1 
Seq_Frame0004_DriverToReference-SequenceTransformStatus = OK
Seq_Frame0004_Timestamp = 0.432
Seq_Frame0005_DriverToReference-SequenceTransform =-0.916464 -0.397589 0.0449009 47.4382 -0.18367 0.517735 0.835593 55.7114 -0.355469 0.757544 -0.547511 74.8818 0 0 0 1 
Seq_Frame0005_DriverToReference-SequenceTransformStatus = OK
Seq_Frame0005_Timestamp = 0.536
Seq_Frame0006_DriverToReference-SequenceTransform =-0.916457 -0.397668 0.0443552 47.4153 -0.184003 0.517274 0.835805 55.7307 -0.355317 0.757818 -0.547232 74.8379 0 0 0 1 
Seq_Frame0006_DriverToReference-SequenceTransformStatus = OK
Seq_Frame0006_Timestamp = 0.642
Seq_Frame0007_DriverToReference-SequenceTransform =-0.91718 -0.396315 0.0414212 47.4834 -0.186309 0.518398 0.834597 55.8289 -0.352236 0.757759 -0.549301 74.8902 0 0 0 1 
Seq_Frame0007_DriverToReference-SequenceTransformStatus = OK
Seq_Frame0007_Timestamp = 0.752
Seq_Frame0008_DriverToReference-SequenceTransform =-0.917303 -0.396009 0.0416235 47.4558 -0.185501 0.517489 0.835341 55.8313 -0.352343 0.758539 -0.548154 74.856 0 0 0 1 
Seq_Frame0008_DriverToReference-SequenceTransformStatus = OK
Seq_Frame0008_Timestamp = 0.857
Seq_Frame0009_DriverToReference-SequenceTransform =-0.917316 -0.39603 0.0411334 47.4794 -0.18619 0.517982 0.834882 55.7464 -0.351945 0.758192 -0.54889 74.9728 0 0 0 1 
Seq_Frame0009_DriverToReference-SequenceTransformStatus = OK
Seq_Frame0009_Timestamp = 0.962
Seq_Frame0010_DriverToReference-SequenceTransform =-0.9118 -0.404718 0.0694482 47.3422 -0.167134 0.520252 0.837498 54.3964 -0.375082 0.752024 -0.542009 75.7198 0 0 0 1 
Seq_Frame0010_DriverToReference-SequenceTransformStatus = OK
Seq_Frame0010_Timestamp = 1.072
Seq_Frame0011_DriverToReference-SequenceTransform =-0.912424 -0.404747 0.0605169 47.3511 -0.174674 0.518885 0.836808 55.2753 -0.370097 0.752953 -0.544142 74.9009 0 0 0 1 
Seq_Frame0011_DriverToReference-SequenceTransformStatus = OK
Seq_Frame0011_Timestamp = 1.174
Seq_Frame0012_DriverToReference-SequenceTransform =-0.924764 -0.378121 0.0428601 49.0895 -0.171156 0.513878 0.840616 53.4593 -0.339879 0.770035 -0.539933 75.3493 0 0 0 1 
Seq_Frame0012_DriverToReference-SequenceTransformStatus = OK
Seq_Frame0012_Timestamp = 1.282
Seq_Frame0013_DriverToReference-SequenceTransform =-0.913228 -0.397281 0.0904601 49.8335 -0.13721 0.508906 0.849817 52.8427 -0.383651 0.763664 -0.519258 74.4285 0 0 0 1 
Seq_Frame0013_DriverToReference-SequenceTransformStatus = OK
Seq_Frame0013_Timestamp = 1.384
Seq_Frame0014_DriverToReference-SequenceTransform =-0.913228 -0.397281 0.0904601 49.8335 -0.13721 0.508906 0.849817 52.8427 -0.383651 0.763664 -0.519258 74.4285 0 0 0 1 
Seq_Frame0014_DriverToReference-SequenceTransformStatus = OK
Seq_Frame0014_Timestamp = 1.492
Seq_Frame0015_DriverToReference-SequenceTransform =-0.917821 -0.395064 0.0391079 47.4767 -0.187335 0.517851 0.834707 55.8674 -0.350014 0.758785 -0.549304 74.8857 0 0 0 1 
Seq_Frame0015_DriverToReference-SequenceTransformStatus = OK
Seq_Frame0015_Timestamp = 1.596
Seq_Frame0016_DriverToReference-SequenceTransform =-0.917707 -0.395086 0.0414912 47.4558 -0.184226 0.515787 0.836674 55.568 -0.351959 0.760178 -0.546127 74.943 0 0 0 1 
Seq_Frame0016_DriverToReference-SequenceTransformStatus = OK
Seq_Frame0016_Timestamp = 1.702
Seq_Frame0017_DriverToReference-SequenceTransform =-0.917249 -0.396118 0.0417705 47.4372 -0.185056 0.516667 0.835948 55.7046 -0.352715 0.759043 -0.547216 74.9252 0 0 0 1 
Seq_Frame0017_DriverToReference-SequenceTransformStatus = OK
Seq_Frame0017_Timestamp = 1.806
Seq_Frame0018_DriverToReference-SequenceTransform =-0.917081 -0.396558 0.0412923 47.4646 -0.1861 0.517353 0.835292 55.8469 -0.352604 0.758346 -0.548254 74.9236 0 0 0 1 
Seq_Frame0018_DriverToReference-SequenceTransformStatus = OK
Seq_Frame0018_Timestamp = 1.917
Seq_Frame0019_DriverToReference-SequenceTransform =-0.917016 -0.396674 0.0416085 47.4573 -0.185783 0.517125 0.835503 55.783 -0.352939 0.75844 -0.547908 74.9306 0 0 0 1 
Seq_Frame0019_DriverToReference-SequenceTransformStatus = OK
Seq_Frame0019_Timestamp = 2.021
Seq_Frame0020_DriverToReference-SequenceTransform =-0.913391 -0.401014 0.0700339 47.6215 -0.161214 0.514303 0.84232 53.8308 -0.3738 0.758077 -0.534409 75.7569 0 0 0 1 
Seq_Frame0020_DriverToReference-SequenceTransformStatus = OK
Seq_Frame0020_Timestamp = 2.126
Seq_Frame0021_DriverToReference-SequenceTransform =-0.913391 -0.401014 0.0700339 47.6215 -0.161214 0.514303 0.84232 53.8308 -0.3738 0.758077 -0.534409 75.7569 0 0 0 1 
Seq_Frame0021_DriverToReference-SequenceTransformStatus = OK
Seq_Frame0021_Timestamp = 2.231
Seq_Frame0022_DriverToReference-SequenceTransform =-0.913391 -0.401014 0.0700339 47.6215 -0.161214 0.514303 0.84232 53.8308 -0.3738 0.758077 -0.534409 75.7569 0 0 0 1 
Seq_Frame0022_DriverToReference-SequenceTransformStatus = OK
Seq_Frame0022_Timestamp = 2.336
Seq_Frame0023_DriverToReference-SequenceTransform =-0.913391 -0.401014 0.0700339 47.6215 -0.161214 0.514303 0.84232 53.8308 -0.3738 0.758077 -0.534409 75.7569 0 0 0 1 
Seq_Frame0023_DriverToReference-SequenceTransformStatus = OK
Seq_Frame0023_Timestamp = 2.441
Seq_Frame0024_DriverToReference-SequenceTransform =-0.913391 -0.401014 0.0700339 47.6215 -0.161214 0.514303 0.84232 53.8308 -0.3738 0.758077 -0.534409 75.7569 0 0 0 1 
Seq_Frame0024_DriverToReference-SequenceTransformStatus = OK
Seq_Frame0024_Timestamp = 2.546
Seq_Frame0025_DriverToReference-SequenceTransform =-0.913391 -0.401014 0.0700339 47.6215 -0.161214 0.514303 0.84232 53.8308 -0.3738 0.758077 -0.534409 75.7569 0 0 0 1 
Seq_Frame0025_DriverToReference-SequenceTransformStatus = OK
Seq_Frame0025_Timestamp = 2.652
Seq_Frame0026_DriverToReference-SequenceTransform =-0.913391 -0.401014 0.0700339 47.6215 -0.161214 0.514303 0.84232 53.8308 -0.3738 0.758077 -0.534409 75.7569 0 0 0 1 
Seq_Frame0026_DriverToReference-SequenceTransformStatus = OK
Seq_Frame0026_Timestamp = 2.758
Seq_Frame0027_DriverToReference-SequenceTransform =-0.913391 -0.401014 0.0700339 47.6215 -0.161214 0.514303 0.84232 53.8308 -0.3738 0.758077 -0.534409 75.7569 0 0 0 1 
Seq_Frame0027_DriverToReference-SequenceTransformStatus = OK
Seq_Frame0027_Timestamp = 2.866
Seq_Frame0028_DriverToReference-SequenceTransform =-0.913391 -0.401014 0.0700339 47.6215 -0.161214 0.514303 0.84232 53.8308 -0.3738 0.758077 -0.534409 75.7569 0 0 0 1 
Seq_Frame0028_DriverToReference-SequenceTransformStatus = OK
Seq_Frame0028_Timestamp = 2.971
Seq_Frame0029_DriverToReference-SequenceTransform =-0.913391 -0.401014 0.0700339 47.6215 -0.161214 0.514303 0.84232 53.8308 -0.3738 0.758077 -0.534409 75.7569 0 0 0 1 
Seq_Frame0029_DriverToReference-SequenceTransformStatus = OK
Seq_Frame0029_Timestamp = 3.077
Seq_Frame0030_DriverToReference-SequenceTransform =-0.913391 -0.401014 0.0700339 47.6215 -0.161214 0.514303 0.84232 53.8308 -0.3738 0.758077 -0.534409 75.7569 0 0 0 1 
Seq_Frame0030_DriverToReference-SequenceTransformStatus = OK
Seq_Frame0030_Timestamp = 3.186
Seq_Frame0031_DriverToReference-SequenceTransform =-0.913391 -0.401014 0.0700339 47.6215 -0.161214 0.514303 0.84232 53.8308 -0.3738 0.758077 -0.534409 75.7569 0 0 0 1 
Seq_Frame0031_DriverToReference-SequenceTransformStatus = OK
Seq_Frame0031_Timestamp = 3.296
Seq_Frame0032_DriverToReference-SequenceTransform =-0.913391 -0.401014 0.0700339 47.6215 -0.161214 0.514303 0.84232 53.8308 -0.3738 0.758077 -0.534409 75.7569 0 0 0 1 
Seq_Frame0032_DriverToReference-SequenceTransformStatus = OK
Seq_Frame0032_Timestamp = 3.402
Seq_Frame0033_DriverToReference-SequenceTransform =-0.913391 -0.401014 0.0700339 47.6215 -0.161214 0.514303 0.84232 53.8308 -0.3738 0.758077 -0.534409 75.7569 0 0 0 1 
Seq_Frame0033_DriverToReference-SequenceTransformStatus = OK
Seq_Frame0033_Timestamp = 3.516
Seq_Frame0034_DriverToReference-SequenceTransform =-0.913391 -0.401014 0.0700339 47.6215 -0.161214 0.514303 0.84232 53.8308 -0.3738 0.758077 -0.534409 75.7569 0 0 0 1 
Seq_Frame0034_DriverToReference-SequenceTransformStatus = OK
Seq_Frame0034_Timestamp = 3.618
Seq_Frame0035_DriverToReference-SequenceTransform =-0.913391 -0.401014 0.0700339 47.6215 -0.161214 0.514303 0.84232 53.8308 -0.3738 0.758077 -0.534409 75.7569 0 0 0 1 
Seq_Frame0035_DriverToReference-SequenceTransformStatus = OK
Seq_Frame0035_Timestamp = 3.721
Seq_Frame0036_DriverToReference-SequenceTransform =-0.913391 -0.401014 0.0700339 47.6215 -0.161214 0.514303 0.84232 53.8308 -0.3738 0.758077 -0.534409 75.7569 0 0 0 1 
Seq_Frame0036_DriverToReference-SequenceTransformStatus = OK
Seq_Frame0036_Timestamp = 3.824
Seq_Frame0037_DriverToReference-SequenceTransform =-0.913391 -0.401014 0.0700339 47.6215 -0.161214 0.514303 0.84232 53.8308 -0.3738 0.758077 -0.534409 75.7569 0 0 0 1 
Seq_Frame0037_DriverToReference-SequenceTransformStatus = OK
Seq_Frame0037_Timestamp = 3.931
Seq_Frame0038_DriverToReference-SequenceTransform =-0.437159 -0.793793 -0.422831 -4.52753 -0.890082 0.314401 0.330009 214.425 -0.129021 0.52062 -0.843984 82.1576 0 0 0 1 
Seq_Frame0038_DriverToReference-SequenceTransformStatus = OK
Seq_Frame0038_Timestamp = 4.036
Seq_Frame0039_DriverToReference-SequenceTransform =-0.749217 -0.648736 -0.133474 31.0271 -0.636415 0.649322 0.416362 293.608 -0.183441 0.39689 -0.899348 251.747 0 0 0 1 
Seq_Frame0039_DriverToReference-SequenceTransformStatus = OK
Seq_Frame0039_Timestamp = 4.972
Seq_Frame0040_DriverToReference-SequenceTransform =-0.736391 -0.663988 -0.129798 38.3483 -0.654193 0.649906 0.38685 297.991 -0.172508 0.369786 -0.912962 265.566 0 0 0 1 
Seq_Frame0040_DriverToReference-SequenceTransformStatus = OK
Seq_Frame0040_Timestamp = 5.076
Seq_Frame0041_DriverToReference-SequenceTransform =-0.724712 -0.677433 -0.126004 48.6882 -0.66944 0.648896 0.361641 299.238 -0.163224 0.346438 -0.923763 280.496 0 0 0 1 
Seq_Frame0041_DriverToReference-SequenceTransformStatus = OK
Seq_Frame0041_Timestamp = 5.182
Seq_Frame0042_DriverToReference-SequenceTransform =-0.658161 -0.746592 -0.0970741 56.9317 -0.733554 0.606893 0.305908 301.841 -0.169475 0.272546 -0.947099 291.295 0 0 0 1 
Seq_Frame0042_DriverToReference-SequenceTransformStatus = OK
Seq_Frame0042_Timestamp = 5.286
Seq_Frame0043_DriverToReference-SequenceTransform =-0.626869 -0.766028 -0.142256 60.1979 -0.774552 0.592963 0.220144 303.481 -0.0842842 0.248186 -0.965039 302.33 0 0 0 1 
Seq_Frame0043_DriverToReference-SequenceTransformStatus = OK
Seq_Frame0043_Timestamp = 5.392
Seq_Frame0044_DriverToReference-SequenceTransform =-0.653598 -0.744461 -0.136336 66.7999 -0.753536 0.623279 0.209062 300.504 -0.0706633 0.239377 -0.968352 313.973 0 0 0 1 
Seq_Frame0044_DriverToReference-SequenceTransformStatus = OK
Seq_Frame0044_Timestamp = 5.496
Seq_Frame0045_DriverToReference-SequenceTransform =-0.688611 -0.720744 -0.0796427 70.9911 -0.708864 0.645958 0.283284 299.763 -0.15273 0.251529 -0.955723 317.888 0 0 0 1 
Seq_Frame0045_DriverToReference-SequenceTransformStatus = OK
Seq_Frame0045_Timestamp = 5.602
Seq_Frame0046_DriverToReference-SequenceTransform =-0.661397 -0.719343 0.212364 77.369 -0.712804 0.690943 0.120447 298.5 -0.233374 -0.0717111 -0.969739 325.32 0 0 0 1 
Seq_Frame0046_DriverToReference-SequenceTransformStatus = OK
Seq_Frame0046_Timestamp = 5.716
Seq_Frame0047_DriverToReference-SequenceTransform =-0.699722 -0.701073 0.137427 78.9333 -0.678528 0.712363 0.179273 297.544 -0.223581 0.0321931 -0.974154 324.503 0 0 0 1 
Seq_Frame0047_DriverToReference-SequenceTransformStatus = OK
Seq_Frame0047_Timestamp = 5.816
Seq_Frame0048_DriverToReference-SequenceTransform =-0.71953 -0.693165 0.0424252 78.1058 -0.665276 0.705527 0.244211 297.649 -0.199211 0.147492 -0.968794 323.588 0 0 0 1 
Seq_Frame0048_DriverToReference-SequenceTransformStatus = OK
Seq_Frame0048_Timestamp = 5.921
Seq_Frame0049_DriverToReference-SequenceTransform =-0.72187 -0.691307 0.0315946 77.79 -0.650258 0.693212 0.310839 297.692 -0.236787 0.203841 -0.949937 322.301 0 0 0 1 
Seq_Frame0049_DriverToReference-SequenceTransformStatus = OK
Seq_Frame0049_Timestamp = 6.027
Seq_Frame0050_DriverToReference-SequenceTransform =-0.718946 -0.694733 0.0215147 77.7381 -0.658359 0.690577 0.299443 298.084 -0.22289 0.201119 -0.953872 322.369 0 0 0 1 
Seq_Frame0050_DriverToReference-SequenceTransformStatus = OK
Seq_Frame0050_Timestamp = 6.131
Seq_Frame0051_DriverToReference-SequenceTransform =-0.717226 -0.696835 0.00296017 77.8987 -0.671026 0.691794 0.266731 298 -0.187915 0.18932 -0.963767 323.538 0 0 0 1 
Seq_Frame0051_DriverToReference-SequenceTransformStatus = OK
Seq_Frame0051_Timestamp = 6.236
Seq_Frame0052_DriverToReference-SequenceTransform =-0.714718 -0.69928 0.0136081 77.575 -0.675041 0.694774 0.248212 298.255 -0.183025 0.168216 -0.96861 323.403 0 0 0 1 
Seq_Frame0052_DriverToReference-SequenceTransformStatus = OK
Seq_Frame0052_Timestamp = 6.343
Seq_Frame0053_DriverToReference-SequenceTransform =-0.711045 -0.703026 0.013016 77.545 -0.68157 0.693658 0.233025 298.047 -0.172851 0.15682 -0.972384 323.617 0 0 0 1 
Seq_Frame0053_DriverToReference-SequenceTransformStatus = OK
Seq_Frame0053_Timestamp = 6.447
Seq_Frame0054_DriverToReference-SequenceTransform =-0.710001 -0.7042 0.000659683 77.3857 -0.686825 0.692689 0.220123 297.994 -0.155468 0.155835 -0.975472 323.917 0 0 0 1 
Seq_Frame0054_DriverToReference-SequenceTransformStatus = OK
Seq_Frame0054_Timestamp = 6.552
Seq_Frame0055_DriverToReference-SequenceTransform =-0.710908 -0.702817 0.0256586 77.8287 -0.673801 0.691104 0.261473 297.699 -0.2015 0.168594 -0.96487 323.726 0 0 0 1 
Seq_Frame0055_DriverToReference-SequenceTransformStatus = OK
Seq_Frame0055_Timestamp = 6.656
Seq_Frame0056_DriverToReference-SequenceTransform =-0.708217 -0.704968 0.0380511 78.3557 -0.669332 0.687606 0.281412 297.456 -0.224551 0.173832 -0.958832 323.724 0 0 0 1 
Seq_Frame0056_DriverToReference-SequenceTransformStatus = OK
Seq_Frame0056_Timestamp = 6.761
Seq_Frame0057_DriverToReference-SequenceTransform =-0.707116 -0.706087 0.0377889 78.2109 -0.671011 0.686925 0.279067 297.243 -0.223004 0.171976 -0.959528 323.744 0 0 0 1 
Seq_Frame0057_DriverToReference-SequenceTransformStatus = OK
Seq_Frame0057_Timestamp = 6.866
Seq_Frame0058_DriverToReference-SequenceTransform =-0.709365 -0.704419 0.024388 77.6831 -0.679992 0.693052 0.239353 297.004 -0.185507 0.153205 -0.970626 323.849 0 0 0 1 
Seq_Frame0058_DriverToReference-SequenceTransformStatus = OK
Seq_Frame0058_Timestamp = 6.971
Seq_Frame0059_DriverToReference-SequenceTransform =-0.719132 -0.690521 0.077649 76.8923 -0.654314 0.710535 0.258872 297.707 -0.233929 0.135356 -0.962786 322.93 0 0 0 1 
Seq_Frame0059_DriverToReference-SequenceTransformStatus = OK
Seq_Frame0059_Timestamp = 7.081
Seq_Frame0060_DriverToReference-SequenceTransform =-0.871307 -0.490259 0.0216851 65.13 -0.421793 0.770748 0.477534 296.995 -0.250829 0.406932 -0.878346 314.212 0 0 0 1 
Seq_Frame0060_DriverToReference-SequenceTransformStatus = OK
Seq_Frame0060_Timestamp = 7.192
Seq_Frame0061_DriverToReference-SequenceTransform =-0.909247 -0.359842 0.209244 63.1926 -0.157641 0.762913 0.626988 298.363 -0.385251 0.537101 -0.750402 299.669 0 0 0 1 
Seq_Frame0061_DriverToReference-SequenceTransformStatus = OK
Seq_Frame0061_Timestamp = 7.296
Seq_Frame0062_DriverToReference-SequenceTransform =-0.868269 -0.344472 0.356998 73.5305 -0.0153794 0.737964 0.674665 289.099 -0.495855 0.5803 -0.646049 288.742 0 0 0 1 
Seq_Frame0062_DriverToReference-SequenceTransformStatus = OK
Seq_Frame0062_Timestamp = 7.411
Seq_Frame0063_DriverToReference-SequenceTransform =-0.776245 -0.326084 0.539548 79.5719 0.204013 0.679858 0.704395 277.766 -0.596508 0.656858 -0.461211 279.957 0 0 0 1 
Seq_Frame0063_DriverToReference-SequenceTransformStatus = OK
Seq_Frame0063_Timestamp = 7.517
Seq_Frame0064_DriverToReference-SequenceTransform =-0.656413 -0.343564 0.671629 79.446 0.370458 0.628748 0.683693 264.024 -0.657178 0.697596 -0.285442 270.922 0 0 0 1 
Seq_Frame0064_DriverToReference-SequenceTransformStatus = OK
Seq_Frame0064_Timestamp = 7.626
Seq_Frame0065_DriverToReference-SequenceTransform =-0.592485 -0.383249 0.708577 83.7152 0.447168 0.575169 0.684997 262.16 -0.670076 0.722704 -0.169403 267.82 0 0 0 1 
Seq_Frame0065_DriverToReference-SequenceTransformStatus = OK
Seq_Frame0065_Timestamp = 7.732
Seq_Frame0066_DriverToReference-SequenceTransform =0.549975 0.651739 -0.522269 88.9219 -0.578999 -0.153139 -0.800817 280.598 -0.601903 0.742822 0.293134 230.092 0 0 0 1 
Seq_Frame0066_DriverToReference-SequenceTransformStatus = OK
Seq_Frame0066_Timestamp = 8.876
Seq_Frame0067_DriverToReference-SequenceTransform =-0.685966 -0.715617 -0.131695 78.8709 -0.591051 0.442439 0.674467 308.67 -0.424393 0.5405 -0.726464 212.105 0 0 0 1 
Seq_Frame0067_DriverToReference-SequenceTransformStatus = OK
Seq_Frame0067_Timestamp = 8.982
Seq_Frame0068_DriverToReference-SequenceTransform =-0.244413 -0.75374 -0.610032 60.3384 -0.936311 0.347048 -0.0536653 303.33 0.25216 0.558063 -0.790558 198.95 0 0 0 1 
Seq_Frame0068_DriverToReference-SequenceTransformStatus = OK
Seq_Frame0068_Timestamp = 9.086
Seq_Frame0069_DriverToReference-SequenceTransform =0.0473699 -0.714755 -0.697769 54.1579 -0.840698 0.348715 -0.414277 293.976 0.539429 0.606237 -0.584374 198.908 0 0 0 1 
Seq_Frame0069_DriverToReference-SequenceTransformStatus = OK
Seq_Frame0069_Timestamp = 9.221
Seq_Frame0070_DriverToReference-SequenceTransform =0.602568 -0.319213 0.731447 40.8719 -0.415976 0.65655 0.62921 263.773 -0.681084 -0.683407 0.262831 214.585 0 0 0 1 
Seq_Frame0070_DriverToReference-SequenceTransformStatus = OK
Seq_Frame0070_Timestamp = 9.327
Seq_Frame0071_DriverToReference-SequenceTransform =0.622716 -0.323213 0.712572 41.139 -0.41689 0.633614 0.651718 261.992 -0.662139 -0.702899 0.259817 215.794 0 0 0 1 
Seq_Frame0071_DriverToReference-SequenceTransformStatus = OK
Seq_Frame0071_Timestamp = 9.431
Seq_Frame0072_DriverToReference-SequenceTransform =0.622716 -0.323213 0.712572 41.139 -0.41689 0.633614 0.651718 261.992 -0.662139 -0.702899 0.259817 215.794 0 0 0 1 
Seq_Frame0072_DriverToReference-SequenceTransformStatus = OK
Seq_Frame0072_Timestamp = 9.551
Seq_Frame0073_DriverToReference-SequenceTransform =0.622716 -0.323213 0.712572 41.139 -0.41689 0.633614 0.651718 261.992 -0.662139 -0.702899 0.259817 215.794 0 0 0 1 
Seq_Frame0073_DriverToReference-SequenceTransformStatus = OK
Seq_Frame0073_Timestamp = 9.651
Seq_Frame0074_DriverToReference-SequenceTransform =0.622716 -0.323213 0.712572 41.139 -0.41689 0.633614 0.651718 261.992 -0.662139 -0.702899 0.259817 215.794 0 0 0 1 
Seq_Frame0074_DriverToReference-SequenceTransformStatus = OK
Seq_Frame0074_Timestamp = 9.752
Seq_Frame0075_DriverToReference-SequenceTransform =0.622716 -0.323213 0.712572 41.139 -0.41689 0.633614 0.651718 261.992 -0.662139 -0.702899 0.259817 215.794 0 0 0 1 
Seq_Frame0075_DriverToReference-SequenceTransformStatus = OK
Seq_Frame0075_Timestamp = 9.857
Seq_Frame0076_DriverToReference-SequenceTransform =0.622716 -0.323213 0.712572 41.139 -0.41689 0.633614 0.651718 261.992 -0.662139 -0.702899 0.259817 215.794 0 0 0 1 
Seq_Frame0076_DriverToReference-SequenceTransformStatus = OK
Seq_Frame0076_Timestamp = 9.962
Seq_Frame0077_DriverToReference-SequenceTransform =0.622716 -0.323213 0.712572 41.139 -0.41689 0.633614 0.651718 261.992 -0.662139 -0.702899 0.259817 215.794 0 0 0 1 
Seq_Frame0077_DriverToReference-SequenceTransformStatus = OK
Seq_Frame0077_Timestamp = 10.066
Seq_Frame0078_DriverToReference-SequenceTransform =0.622716 -0.323213 0.712572 41.139 -0.41689 0.633614 0.651718 261.992 -0.662139 -0.702899 0.259817 215.794 0 0 0 1 
Seq_Frame0078_DriverToReference-SequenceTransformStatus = OK
Seq_Frame0078_Timestamp = 10.171
Seq_Frame0079_DriverToReference-SequenceTransform =0.622716 -0.323213 0.712572 41.139 -0.41689 0.633614 0.651718 261.992 -0.662139 -0.702899 0.259817 215.794 0 0 0 1 
Seq_Frame0079_DriverToReference-SequenceTransformStatus = OK
Seq_Frame0079_Timestamp = 10.276
Seq_Frame0080_DriverToReference-SequenceTransform =0.622716 -0.323213 0.712572 41.139 -0.41689 0.633614 0.651718 261.992 -0.662139 -0.702899 0.259817 215.794 0 0 0 1 
Seq_Frame0080_DriverToReference-SequenceTransformStatus = OK
Seq_Frame0080_Timestamp = 10.381
Seq_Frame0081_DriverToReference-SequenceTransform =0.622716 -0.323213 0.712572 41.139 -0.41689 0.633614 0.651718 261.992 -0.662139 -0.702899 0.259817 215.794 0 0 0 1 
Seq_Frame0081_DriverToReference-SequenceTransformStatus = OK
Seq_Frame0081_Timestamp = 10.491
Seq_Frame0082_DriverToReference-SequenceTransform =0.622716 -0.323213 0.712572 41.139 -0.41689 0.633614 0.651718 261.992 -0.662139 -0.702899 0.259817 215.794 0 0 0 1 
Seq_Frame0082_DriverToReference-SequenceTransformStatus = OK
Seq_Frame0082_Timestamp = 10.596
Seq_Frame0083_DriverToReference-SequenceTransform =0.622716 -0.323213 0.712572 41.139 -0.41689 0.633614 0.651718 261.992 -0.662139 -0.702899 0.259817 215.794 0 0 0 1 
Seq_Frame0083_DriverToReference-SequenceTransformStatus = OK
Seq_Frame0083_Timestamp = 10.702
Seq_Frame0084_DriverToReference-SequenceTransform =0.622716 -0.323213 0.712572 41.139 -0.41689 0.633614 0.651718 261.992 -0.662139 -0.702899 0.259817 215.794 0 0 0 1 
Seq_Frame0084_DriverToReference-SequenceTransformStatus = OK
Seq_Frame0084_Timestamp = 10.807
Seq_Frame0085_DriverToReference-SequenceTransform =0.622716 -0.323213 0.712572 41.139 -0.41689 0.633614 0.651718 261.992 -0.662139 -0.702899 0.259817 215.794 0 0 0 1 
Seq_Frame0085_DriverToReference-SequenceTransformStatus = OK
Seq_Frame0085_Timestamp = 10.912
Seq_Frame0086_DriverToReference-SequenceTransform =0.622716 -0.323213 0.712572 41.139 -0.41689 0.633614 0.651718 261.992 -0.662139 -0.702899 0.259817 215.794 0 0 0 1 
Seq_Frame0086_DriverToReference-SequenceTransformStatus = OK
Seq_Frame0086_Timestamp = 11.021
Seq_Frame0087_DriverToReference-SequenceTransform =0.622716 -0.323213 0.712572 41.139 -0.41689 0.633614 0.651718 261.992 -0.662139 -0.702899 0.259817 215.794 0 0 0 1 
Seq_Frame0087_DriverToReference-SequenceTransformStatus = OK
Seq_Frame0087_Timestamp = 11.126
Seq_Frame0088_DriverToReference-SequenceTransform =0.622716 -0.323213 0.712572 41.139 -0.41689 0.633614 0.651718 261.992 -0.662139 -0.702899 0.259817 215.794 0 0 0 1 
Seq_Frame0088_DriverToReference-SequenceTransformStatus = OK
Seq_Frame0088_Timestamp = 11.231
Seq_Frame0089_DriverToReference-SequenceTransform =0.622716 -0.323213 0.712572 41.139 -0.41689 0.633614 0.651718 261.992 -0.662139 -0.702899 0.259817 215.794 0 0 0 1 
Seq_Frame0089_DriverToReference-SequenceTransformStatus = OK
Seq_Frame0089_Timestamp = 11.336
Seq_Frame0090_DriverToReference-SequenceTransform =0.622716 -0.323213 0.712572 41.139 -0.41689 0.633614 0.651718 261.992 -0.662139 -0.702899 0.259817 215.794 0 0 0 1 
Seq_Frame0090_DriverToReference-SequenceTransformStatus = OK
Seq_Frame0090_Timestamp = 11.441
Seq_Frame0091_DriverToReference-SequenceTransform =0.622716 -0.323213 0.712572 41.139 -0.41689 0.633614 0.651718 261.992 -0.662139 -0.702899 0.259817 215.794 0 0 0 1 
Seq_Frame0091_DriverToReference-SequenceTransformStatus = OK
Seq_Frame0091_Timestamp = 11.546
Seq_Frame0092_DriverToReference-SequenceTransform =0.622716 -0.323213 0.712572 41.139 -0.41689 0.633614 0.651718 261.992 -0.662139 -0.702899 0.259817 215.794 0 0 0 1 
Seq_Frame0092_DriverToReference-SequenceTransformStatus = OK
Seq_Frame0092_Timestamp = 11.651
Seq_Frame0093_DriverToReference-SequenceTransform =0.622716 -0.323213 0.712572 41.139 -0.41689 0.633614 0.651718 261.992 -0.662139 -0.702899 0.259817 215.794 0 0 0 1 
Seq_Frame0093_DriverToReference-SequenceTransformStatus = OK
Seq_Frame0093_Timestamp = 11.762
Seq_Frame0094_DriverToReference-SequenceTransform =0.622716 -0.323213 0.712572 41.139 -0.41689 0.633614 0.651718 261.992 -0.662139 -0.702899 0.259817 215.794 0 0 0 1 
Seq_Frame0094_DriverToReference-SequenceTransformStatus = OK
Seq_Frame0094_Timestamp = 11.866
Seq_Frame0095_DriverToReference-SequenceTransform =0.622716 -0.323213 0.712572 41.139 -0.41689 0.633614 0.651718 261.992 -0.662139 -0.702899 0.259817 215.794 0 0 0 1 
Seq_Frame0095_DriverToReference-SequenceTransformStatus = OK
Seq_Frame0095_Timestamp = 11.971
Seq_Frame0096_DriverToReference-SequenceTransform =0.622716 -0.323213 0.712572 41.139 -0.41689 0.633614 0.651718 261.992 -0.662139 -0.702899 0.259817 215.794 0 0 0 1 
Seq_Frame0096_DriverToReference-SequenceTransformStatus = OK
Seq_Frame0096_Timestamp = 12.081
Seq_Frame0097_DriverToReference-SequenceTransform =0.622716 -0.323213 0.712572 41.139 -0.41689 0.633614 0.651718 261.992 -0.662139 -0.702899 0.259817 215.794 0 0 0 1 
Seq_Frame0097_DriverToReference-SequenceTransformStatus = OK
Seq_Frame0097_Timestamp = 12.187
Seq_Frame0098_DriverToReference-SequenceTransform =0.622716 -0.323213 0.712572 41.139 -0.41689 0.633614 0.651718 261.992 -0.662139 -0.702899 0.259817 215.794 0 0 0 1 
Seq_Frame0098_DriverToReference-SequenceTransformStatus = OK
Seq_Frame0098_Timestamp = 12.292
Seq_Frame0099_DriverToReference-SequenceTransform =0.622716 -0.323213 0.712572 41.139 -0.41689 0.633614 0.651718 261.992 -0.662139 -0.702899 0.259817 215.794 0 0 0 1 
Seq_Frame0099_DriverToReference-SequenceTransformStatus = OK
Seq_Frame0099_Timestamp = 12.396
Seq_Frame0100_DriverToReference-SequenceTransform =0.622716 -0.323213 0.712572 41.139 -0.41689 0.633614 0.651718 261.992 -0.662139 -0.702899 0.259817 215.794 0 0 0 1 
Seq_Frame0100_DriverToReference-SequenceTransformStatus = OK
Seq_Frame0100_Timestamp = 12.501
Seq_Frame0101_DriverToReference-SequenceTransform =0.622716 -0.323213 0.712572 41.139 -0.41689 0.633614 0.651718 261.992 -0.662139 -0.702899 0.259817 215.794 0 0 0 1 
Seq_Frame0101_DriverToReference-SequenceTransformStatus = OK
Seq_Frame0101_Timestamp = 12.607
Seq_Frame0102_DriverToReference-SequenceTransform =0.622716 -0.323213 0.712572 41.139 -0.41689 0.633614 0.651718 261.992 -0.662139 -0.702899 0.259817 215.794 0 0 0 1 
Seq_Frame0102_DriverToReference-SequenceTransformStatus = OK
Seq_Frame0102_Timestamp = 12.716
Seq_Frame0103_DriverToReference-SequenceTransform =0.622716 -0.323213 0.712572 41.139 -0.41689 0.633614 0.651718 261.992 -0.662139 -0.702899 0.259817 215.794 0 0 0 1 
Seq_Frame0103_DriverToReference-SequenceTransformStatus = OK
Seq_Frame0103_Timestamp = 12.822
Seq_Frame0104_DriverToReference-SequenceTransform =0.622716 -0.323213 0.712572 41.139 -0.41689 0.633614 0.651718 261.992 -0.662139 -0.702899 0.259817 215.794 0 0 0 1 
Seq_Frame0104_DriverToReference-SequenceTransformStatus = OK
Seq_Frame0104_Timestamp = 12.931
Seq_Frame0105_DriverToReference-SequenceTransform =0.622716 -0.323213 0.712572 41.139 -0.41689 0.633614 0.651718 261.992 -0.662139 -0.702899 0.259817 215.794 0 0 0 1 
Seq_Frame0105_DriverToReference-SequenceTransformStatus = OK
Seq_Frame0105_Timestamp = 13.037
Seq_Frame0106_DriverToReference-SequenceTransform =0.622716 -0.323213 0.712572 41.139 -0.41689 0.633614 0.651718 261.992 -0.662139 -0.702899 0.259817 215.794 0 0 0 1 
Seq_Frame0106_DriverToReference-SequenceTransformStatus = OK
Seq_Frame0106_Timestamp = 13.146
Seq_Frame0107_DriverToReference-SequenceTransform =0.622716 -0.323213 0.712572 41.139 -0.41689 0.633614 0.651718 261.992 -0.662139 -0.702899 0.259817 215.794 0 0 0 1 
Seq_Frame0107_DriverToReference-SequenceTransformStatus = OK
Seq_Frame0107_Timestamp = 13.256
Seq_Frame0108_DriverToReference-SequenceTransform =0.622716 -0.323213 0.712572 41.139 -0.41689 0.633614 0.651718 261.992 -0.662139 -0.702899 0.259817 215.794 0 0 0 1 
Seq_Frame0108_DriverToReference-SequenceTransformStatus = OK
Seq_Frame0108_Timestamp = 13.361
Seq_Frame0109_DriverToReference-SequenceTransform =0.622716 -0.323213 0.712572 41.139 -0.41689 0.633614 0.651718 261.992 -0.662139 -0.702899 0.259817 215.794 0 0 0 1 
Seq_Frame0109_DriverToReference-SequenceTransformStatus = OK
Seq_Frame0109_Timestamp = 13.472
Seq_Frame0110_DriverToReference-SequenceTransform =0.622716 -0.323213 0.712572 41.139 -0.41689 0.633614 0.651718 261.992 -0.662139 -0.702899 0.259817 215.794 0 0 0 1 
Seq_Frame0110_DriverToReference-SequenceTransformStatus = OK
Seq_Frame0110_Timestamp = 13.581
Seq_Frame0111_DriverToReference-SequenceTransform =0.622716 -0.323213 0.712572 41.139 -0.41689 0.633614 0.651718 261.992 -0.662139 -0.702899 0.259817 215.794 0 0 0 1 
Seq_Frame0111_DriverToReference-SequenceTransformStatus = OK
Seq_Frame0111_Timestamp = 13.686
Seq_Frame0112_DriverToReference-SequenceTransform =0.622716 -0.323213 0.712572 41.139 -0.41689 0.633614 0.651718 261.992 -0.662139 -0.702899 0.259817 215.794 0 0 0 1 
Seq_Frame0112_DriverToReference-SequenceTransformStatus = OK
Seq_Frame0112_Timestamp = 13.793
Seq_Frame0113_DriverToReference-SequenceTransform =0.622716 -0.323213 0.712572 41.139 -0.41689 0.633614 0.651718 261.992 -0.662139 -0.702899 0.259817 215.794 0 0 0 1 
Seq_Frame0113_DriverToReference-SequenceTransformStatus = OK
Seq_Frame0113_Timestamp = 13.897
Seq_Frame0114_DriverToReference-SequenceTransform =0.622716 -0.323213 0.712572 41.139 -0.41689 0.633614 0.651718 261.992 -0.662139 -0.702899 0.259817 215.794 0 0 0 1 
Seq_Frame0114_DriverToReference-SequenceTransformStatus = OK
Seq_Frame0114_Timestamp = 14.007
Seq_Frame0115_DriverToReference-SequenceTransform =0.622716 -0.323213 0.712572 41.139 -0.41689 0.633614 0.651718 261.992 -0.662139 -0.702899 0.259817 215.794 0 0 0 1 
Seq_Frame0115_DriverToReference-SequenceTransformStatus = OK
Seq_Frame0115_Timestamp = 14.124
Seq_Frame0116_DriverToReference-SequenceTransform =0.622716 -0.323213 0.712572 41.139 -0.41689 0.633614 0.651718 261.992 -0.662139 -0.702899 0.259817 215.794 0 0 0 1 
Seq_Frame0116_DriverToReference-SequenceTransformStatus = OK
Seq_Frame0116_Timestamp = 14.236
Seq_Frame0117_DriverToReference-SequenceTransform =0.622716 -0.323213 0.712572 41.139 -0.41689 0.633614 0.651718 261.992 -0.662139 -0.702899 0.259817 215.794 0 0 0 1 
Seq_Frame0117_DriverToReference-SequenceTransformStatus = OK
Seq_Frame0117_Timestamp = 14.341
Seq_Frame0118_DriverToReference-SequenceTransform =0.622716 -0.323213 0.712572 41.139 -0.41689 0.633614 0.651718 261.992 -0.662139 -0.702899 0.259817 215.794 0 0 0 1 
Seq_Frame0118_DriverToReference-SequenceTransformStatus = OK
Seq_Frame0118_Timestamp = 14.446
Seq_Frame0119_DriverToReference-SequenceTransform =0.622716 -0.323213 0.712572 41.139 -0.41689 0.633614 0.651718 261.992 -0.662139 -0.702899 0.259817 215.794 0 0 0 1 
Seq_Frame0119_DriverToReference-SequenceTransformStatus = OK
Seq_Frame0119_Timestamp = 14.557
Seq_Frame0120_DriverToReference-SequenceTransform =0.622716 -0.323213 0.712572 41.139 -0.41689 0.633614 0.651718 261.992 -0.662139 -0.702899 0.259817 215.794 0 0 0 1 
Seq_Frame0120_DriverToReference-SequenceTransformStatus = OK
Seq_Frame0120_Timestamp = 14.661
Seq_Frame0121_DriverToReference-SequenceTransform =0.622716 -0.323213 0.712572 41.139 -0.41689 0.633614 0.651718 261.992 -0.662139 -0.702899 0.259817 215.794 0 0 0 1 
Seq_Frame0121_DriverToReference-SequenceTransformStatus = OK
Seq_Frame0121_Timestamp = 14.766
Seq_Frame0122_DriverToReference-SequenceTransform =0.622716 -0.323213 0.712572 41.139 -0.41689 0.633614 0.651718 261.992 -0.662139 -0.702899 0.259817 215.794 0 0 0 1 
Seq_Frame0122_DriverToReference-SequenceTransformStatus = OK
Seq_Frame0122_Timestamp = 14.871
Seq_Frame0123_DriverToReference-SequenceTransform =0.622716 -0.323213 0.712572 41.139 -0.41689 0.633614 0.651718 261.992 -0.662139 -0.702899 0.259817 215.794 0 0 0 1 
Seq_Frame0123_DriverToReference-SequenceTransformStatus = OK
Seq_Frame0123_Timestamp = 14.976
Seq_Frame0124_DriverToReference-SequenceTransform =0.622716 -0.323213 0.712572 41.139 -0.41689 0.633614 0.651718 261.992 -0.662139 -0.702899 0.259817 215.794 0 0 0 1 
Seq_Frame0124_DriverToReference-SequenceTransformStatus = OK
Seq_Frame0124_Timestamp = 15.087
Seq_Frame0125_DriverToReference-SequenceTransform =0.622716 -0.323213 0.712572 41.139 -0.41689 0.633614 0.651718 261.992 -0.662139 -0.702899 0.259817 215.794 0 0 0 1 
Seq_Frame0125_DriverToReference-SequenceTransformStatus = OK
Seq_Frame0125_Timestamp = 15.191
Seq_Frame0126_DriverToReference-SequenceTransform =0.622716 -0.323213 0.712572 41.139 -0.41689 0.633614 0.651718 261.992 -0.662139 -0.702899 0.259817 215.794 0 0 0 1 
Seq_Frame0126_DriverToReference-SequenceTransformStatus = OK
Seq_Frame0126_Timestamp = 15.301
Seq_Frame0127_DriverToReference-SequenceTransform =0.622716 -0.323213 0.712572 41.139 -0.41689 0.633614 0.651718 261.992 -0.662139 -0.702899 0.259817 215.794 0 0 0 1 
Seq_Frame0127_DriverToReference-SequenceTransformStatus = OK
Seq_Frame0127_Timestamp = 15.407
Seq_Frame0128_DriverToReference-SequenceTransform =0.622716 -0.323213 0.712572 41.139 -0.41689 0.633614 0.651718 261.992 -0.662139 -0.702899 0.259817 215.794 0 0 0 1 
Seq_Frame0128_DriverToReference-SequenceTransformStatus = OK
Seq_Frame0128_Timestamp = 15.511
Seq_Frame0129_DriverToReference-SequenceTransform =0.622716 -0.323213 0.712572 41.139 -0.41689 0.633614 0.651718 261.992 -0.662139 -0.702899 0.259817 215.794 0 0 0 1 
Seq_Frame0129_DriverToReference-SequenceTransformStatus = OK
Seq_Frame0129_Timestamp = 15.617
Seq_Frame0130_DriverToReference-SequenceTransform =0.622716 -0.323213 0.712572 41.139 -0.41689 0.633614 0.651718 261.992 -0.662139 -0.702899 0.259817 215.794 0 0 0 1 
Seq_Frame0130_DriverToReference-SequenceTransformStatus = OK
Seq_Frame0130_Timestamp = 15.721
Seq_Frame0131_DriverToReference-SequenceTransform =0.622716 -0.323213 0.712572 41.139 -0.41689 0.633614 0.651718 261.992 -0.662139 -0.702899 0.259817 215.794 0 0 0 1 
Seq_Frame0131_DriverToReference-SequenceTransformStatus = OK
Seq_Frame0131_Timestamp = 15.827
Seq_Frame0132_DriverToReference-SequenceTransform =0.622716 -0.323213 0.712572 41.139 -0.41689 0.633614 0.651718 261.992 -0.662139 -0.702899 0.259817 215.794 0 0 0 1 
Seq_Frame0132_DriverToReference-SequenceTransformStatus = OK
Seq_Frame0132_Timestamp = 15.933
Seq_Frame0133_DriverToReference-SequenceTransform =0.622716 -0.323213 0.712572 41.139 -0.41689 0.633614 0.651718 261.992 -0.662139 -0.702899 0.259817 215.794 0 0 0 1 
Seq_Frame0133_DriverToReference-SequenceTransformStatus = OK
Seq_Frame0133_Timestamp = 16.041
Seq_Frame0134_DriverToReference-SequenceTransform =0.622716 -0.323213 0.712572 41.139 -0.41689 0.633614 0.651718 261.992 -0.662139 -0.702899 0.259817 215.794 0 0 0 1 
Seq_Frame0134_DriverToReference-SequenceTransformStatus = OK
Seq_Frame0134_Timestamp = 16.146
Seq_Frame0135_DriverToReference-SequenceTransform =0.622716 -0.323213 0.712572 41.139 -0.41689 0.633614 0.651718 261.992 -0.662139 -0.702899 0.259817 215.794 0 0 0 1 
Seq_Frame0135_DriverToReference-SequenceTransformStatus = OK
Seq_Frame0135_Timestamp = 16.249
Seq_Frame0136_DriverToReference-SequenceTransform =0.622716 -0.323213 0.712572 41.139 -0.41689 0.633614 0.651718 261.992 -0.662139 -0.702899 0.259817 215.794 0 0 0 1 
Seq_Frame0136_DriverToReference-SequenceTransformStatus = OK
Seq_Frame0136_Timestamp = 16.356
Seq_Frame0137_DriverToReference-SequenceTransform =0.622716 -0.323213 0.712572 41.139 -0.41689 0.633614 0.651718 261.992 -0.662139 -0.702899 0.259817 215.794 0 0 0 1 
Seq_Frame0137_DriverToReference-SequenceTransformStatus = OK
Seq_Frame0137_Timestamp = 16.461
Seq_Frame0138_DriverToReference-SequenceTransform =0.622716 -0.323213 0.712572 41.139 -0.41689 0.633614 0.651718 261.992 -0.662139 -0.702899 0.259817 215.794 0 0 0 1 
Seq_Frame0138_DriverToReference-SequenceTransformStatus = OK
Seq_Frame0138_Timestamp = 16.566
Seq_Frame0139_DriverToReference-SequenceTransform =0.622716 -0.323213 0.712572 41.139 -0.41689 0.633614 0.651718 261.992 -0.662139 -0.702899 0.259817 215.794 0 0 0 1 
Seq_Frame0139_DriverToReference-SequenceTransformStatus = OK
Seq_Frame0139_Timestamp = 16.671
Seq_Frame0140_DriverToReference-SequenceTransform =0.622716 -0.323213 0.712572 41.139 -0.41689 0.633614 0.651718 261.992 -0.662139 -0.702899 0.259817 215.794 0 0 0 1 
Seq_Frame0140_DriverToReference-SequenceTransformStatus = OK
Seq_Frame0140_Timestamp = 16.776
Seq_Frame0141_DriverToReference-SequenceTransform =0.622716 -0.323213 0.712572 41.139 -0.41689 0.633614 0.651718 261.992 -0.662139 -0.702899 0.259817 215.794 0 0 0 1 
Seq_Frame0141_DriverToReference-SequenceTransformStatus = OK
Seq_Frame0141_Timestamp = 16.886
Seq_Frame0142_DriverToReference-SequenceTransform =0.622716 -0.323213 0.712572 41.139 -0.41689 0.633614 0.651718 261.992 -0.662139 -0.702899 0.259817 215.794 0 0 0 1 
Seq_Frame0142_DriverToReference-SequenceTransformStatus = OK
Seq_Frame0142_Timestamp = 16.991
Seq_Frame0143_DriverToReference-SequenceTransform =0.622716 -0.323213 0.712572 41.139 -0.41689 0.633614 0.651718 261.992 -0.662139 -0.702899 0.259817 215.794 0 0 0 1 
Seq_Frame0143_DriverToReference-SequenceTransformStatus = OK
Seq_Frame0143_Timestamp = 17.096
Seq_Frame0144_DriverToReference-SequenceTransform =0.622716 -0.323213 0.712572 41.139 -0.41689 0.633614 0.651718 261.992 -0.662139 -0.702899 0.259817 215.794 0 0 0 1 
Seq_Frame0144_DriverToReference-SequenceTransformStatus = OK
Seq_Frame0144_Timestamp = 17.199
Seq_Frame0145_DriverToReference-SequenceTransform =0.622716 -0.323213 0.712572 41.139 -0.41689 0.633614 0.651718 261.992 -0.662139 -0.702899 0.259817 215.794 0 0 0 1 
Seq_Frame0145_DriverToReference-SequenceTransformStatus = OK
Seq_Frame0145_Timestamp = 17.306
Seq_Frame0146_DriverToReference-SequenceTransform =0.622716 -0.323213 0.712572 41.139 -0.41689 0.633614 0.651718 261.992 -0.662139 -0.702899 0.259817 215.794 0 0 0 1 
Seq_Frame0146_DriverToReference-SequenceTransformStatus = OK
Seq_Frame0146_Timestamp = 17.411
Seq_Frame0147_DriverToReference-SequenceTransform =0.622716 -0.323213 0.712572 41.139 -0.41689 0.633614 0.651718 261.992 -0.662139 -0.702899 0.259817 215.794 0 0 0 1 
Seq_Frame0147_DriverToReference-SequenceTransformStatus = OK
Seq_Frame0147_Timestamp = 17.521
Seq_Frame0148_DriverToReference-SequenceTransform =0.622716 -0.323213 0.712572 41.139 -0.41689 0.633614 0.651718 261.992 -0.662139 -0.702899 0.259817 215.794 0 0 0 1 
Seq_Frame0148_DriverToReference-SequenceTransformStatus = OK
Seq_Frame0148_Timestamp = 17.627
Seq_Frame0149_DriverToReference-SequenceTransform =0.622716 -0.323213 0.712572 41.139 -0.41689 0.633614 0.651718 261.992 -0.662139 -0.702899 0.259817 215.794 0 0 0 1 
Seq_Frame0149_DriverToReference-SequenceTransformStatus = OK
Seq_Frame0149_Timestamp = 17.736
Seq_Frame0150_DriverToReference-SequenceTransform =0.622716 -0.323213 0.712572 41.139 -0.41689 0.633614 0.651718 261.992 -0.662139 -0.702899 0.259817 215.794 0 0 0 1 
Seq_Frame0150_DriverToReference-SequenceTransformStatus = OK
Seq_Frame0150_Timestamp = 17.841
Seq_Frame0151_DriverToReference-SequenceTransform =0.622716 -0.323213 0.712572 41.139 -0.41689 0.633614 0.651718 261.992 -0.662139 -0.702899 0.259817 215.794 0 0 0 1 
Seq_Frame0151_DriverToReference-SequenceTransformStatus = OK
Seq_Frame0151_Timestamp = 17.947
