ObjectType = Image
NDims = 3
AnatomicalOrientation = RAI
BinaryData = True
CompressedData = False
DimSize = 0 0 1958
ElementSpacing = 1 1 1
Offset = 0 0 0
TransformMatrix = 1 0 0 0 1 0 0 0 1
ElementType = MET_UCHAR
Kinds = domain domain list
Seq_Frame0000_DriverToReference-SequenceTransform =-0.602921 -0.7904 0.108419 269.946 0.433958 -0.438947 -0.786769 170.563 0.669453 -0.42731 0.60765 262.391 0 0 0 1 
Seq_Frame0000_DriverToReference-SequenceTransformStatus = OK
Seq_Frame0000_Timestamp = 0.00199986
Seq_Frame0001_DriverToReference-SequenceTransform =-0.602921 -0.7904 0.108419 269.946 0.433958 -0.438947 -0.786769 170.563 0.669453 -0.42731 0.60765 262.391 0 0 0 1 
Seq_Frame0001_DriverToReference-SequenceTransformStatus = OK
Seq_Frame0001_Timestamp = 0.102
Seq_Frame0002_DriverToReference-SequenceTransform =-0.602921 -0.7904 0.108419 269.946 0.433958 -0.438947 -0.786769 170.563 0.669453 -0.42731 0.60765 262.391 0 0 0 1 
Seq_Frame0002_DriverToReference-SequenceTransformStatus = OK
Seq_Frame0002_Timestamp = 0.212
Seq_Frame0003_DriverToReference-SequenceTransform =-0.602921 -0.7904 0.108419 269.946 0.433958 -0.438947 -0.786769 170.563 0.669453 -0.42731 0.60765 262.391 0 0 0 1 
Seq_Frame0003_DriverToReference-SequenceTransformStatus = OK
Seq_Frame0003_Timestamp = 0.32
Seq_Frame0004_DriverToReference-SequenceTransform =0.688466 0.365082 -0.626682 245.281 0.502999 0.382147 0.775213 230.736 0.522501 -0.848928 0.0794596 229.4 0 0 0 1 
Seq_Frame0004_DriverToReference-SequenceTransformStatus = OK
Seq_Frame0004_Timestamp = 0.439
Seq_Frame0005_DriverToReference-SequenceTransform =0.688466 0.365082 -0.626682 245.281 0.502999 0.382147 0.775213 230.736 0.522501 -0.848928 0.0794596 229.4 0 0 0 1 
Seq_Frame0005_DriverToReference-SequenceTransformStatus = OK
Seq_Frame0005_Timestamp = 0.55
Seq_Frame0006_DriverToReference-SequenceTransform =0.688466 0.365082 -0.626682 245.281 0.502999 0.382147 0.775213 230.736 0.522501 -0.848928 0.0794596 229.4 0 0 0 1 
Seq_Frame0006_DriverToReference-SequenceTransformStatus = OK
Seq_Frame0006_Timestamp = 0.661
Seq_Frame0007_DriverToReference-SequenceTransform =0.688466 0.365082 -0.626682 245.281 0.502999 0.382147 0.775213 230.736 0.522501 -0.848928 0.0794596 229.4 0 0 0 1 
Seq_Frame0007_DriverToReference-SequenceTransformStatus = OK
Seq_Frame0007_Timestamp = 0.765
Seq_Frame0008_DriverToReference-SequenceTransform =0.688466 0.365082 -0.626682 245.281 0.502999 0.382147 0.775213 230.736 0.522501 -0.848928 0.0794596 229.4 0 0 0 1 
Seq_Frame0008_DriverToReference-SequenceTransformStatus = OK
Seq_Frame0008_Timestamp = 0.874
Seq_Frame0009_DriverToReference-SequenceTransform =0.688466 0.365082 -0.626682 245.281 0.502999 0.382147 0.775213 230.736 0.522501 -0.848928 0.0794596 229.4 0 0 0 1 
Seq_Frame0009_DriverToReference-SequenceTransformStatus = OK
Seq_Frame0009_Timestamp = 0.985
Seq_Frame0010_DriverToReference-SequenceTransform =0.688466 0.365082 -0.626682 245.281 0.502999 0.382147 0.775213 230.736 0.522501 -0.848928 0.0794596 229.4 0 0 0 1 
Seq_Frame0010_DriverToReference-SequenceTransformStatus = OK
Seq_Frame0010_Timestamp = 1.09
Seq_Frame0011_DriverToReference-SequenceTransform =0.688466 0.365082 -0.626682 245.281 0.502999 0.382147 0.775213 230.736 0.522501 -0.848928 0.0794596 229.4 0 0 0 1 
Seq_Frame0011_DriverToReference-SequenceTransformStatus = OK
Seq_Frame0011_Timestamp = 1.191
Seq_Frame0012_DriverToReference-SequenceTransform =0.688466 0.365082 -0.626682 245.281 0.502999 0.382147 0.775213 230.736 0.522501 -0.848928 0.0794596 229.4 0 0 0 1 
Seq_Frame0012_DriverToReference-SequenceTransformStatus = OK
Seq_Frame0012_Timestamp = 1.297
Seq_Frame0013_DriverToReference-SequenceTransform =0.688466 0.365082 -0.626682 245.281 0.502999 0.382147 0.775213 230.736 0.522501 -0.848928 0.0794596 229.4 0 0 0 1 
Seq_Frame0013_DriverToReference-SequenceTransformStatus = OK
Seq_Frame0013_Timestamp = 1.401
Seq_Frame0014_DriverToReference-SequenceTransform =0.688466 0.365082 -0.626682 245.281 0.502999 0.382147 0.775213 230.736 0.522501 -0.848928 0.0794596 229.4 0 0 0 1 
Seq_Frame0014_DriverToReference-SequenceTransformStatus = OK
Seq_Frame0014_Timestamp = 1.505
Seq_Frame0015_DriverToReference-SequenceTransform =0.688466 0.365082 -0.626682 245.281 0.502999 0.382147 0.775213 230.736 0.522501 -0.848928 0.0794596 229.4 0 0 0 1 
Seq_Frame0015_DriverToReference-SequenceTransformStatus = OK
Seq_Frame0015_Timestamp = 1.612
Seq_Frame0016_DriverToReference-SequenceTransform =0.688466 0.365082 -0.626682 245.281 0.502999 0.382147 0.775213 230.736 0.522501 -0.848928 0.0794596 229.4 0 0 0 1 
Seq_Frame0016_DriverToReference-SequenceTransformStatus = OK
Seq_Frame0016_Timestamp = 1.725
Seq_Frame0017_DriverToReference-SequenceTransform =0.688466 0.365082 -0.626682 245.281 0.502999 0.382147 0.775213 230.736 0.522501 -0.848928 0.0794596 229.4 0 0 0 1 
Seq_Frame0017_DriverToReference-SequenceTransformStatus = OK
Seq_Frame0017_Timestamp = 1.826
Seq_Frame0018_DriverToReference-SequenceTransform =0.688466 0.365082 -0.626682 245.281 0.502999 0.382147 0.775213 230.736 0.522501 -0.848928 0.0794596 229.4 0 0 0 1 
Seq_Frame0018_DriverToReference-SequenceTransformStatus = OK
Seq_Frame0018_Timestamp = 1.93
Seq_Frame0019_DriverToReference-SequenceTransform =-0.468489 -0.610118 -0.638964 -70.6122 -0.882541 0.290043 0.370131 315.158 -0.040496 0.737314 -0.674336 291.678 0 0 0 1 
Seq_Frame0019_DriverToReference-SequenceTransformStatus = OK
Seq_Frame0019_Timestamp = 2.035
Seq_Frame0020_DriverToReference-SequenceTransform =-0.537978 -0.652927 -0.533166 -68.4482 -0.833611 0.318144 0.451529 308.049 -0.125192 0.687365 -0.715441 309.241 0 0 0 1 
Seq_Frame0020_DriverToReference-SequenceTransformStatus = OK
Seq_Frame0020_Timestamp = 2.135
Seq_Frame0021_DriverToReference-SequenceTransform =-0.506618 -0.73119 -0.456836 -63.6314 -0.841921 0.305399 0.444859 302.419 -0.185759 0.609994 -0.770325 321.874 0 0 0 1 
Seq_Frame0021_DriverToReference-SequenceTransformStatus = OK
Seq_Frame0021_Timestamp = 2.236
Seq_Frame0022_DriverToReference-SequenceTransform =-0.43304 -0.780314 -0.451205 -57.9562 -0.892509 0.301157 0.335757 301.046 -0.126112 0.5481 -0.826851 323.519 0 0 0 1 
Seq_Frame0022_DriverToReference-SequenceTransformStatus = OK
Seq_Frame0022_Timestamp = 2.336
Seq_Frame0023_DriverToReference-SequenceTransform =-0.362012 -0.880002 -0.307481 -49.3712 -0.916591 0.275977 0.289306 306.121 -0.169732 0.386567 -0.906508 324.963 0 0 0 1 
Seq_Frame0023_DriverToReference-SequenceTransformStatus = OK
Seq_Frame0023_Timestamp = 2.451
Seq_Frame0024_DriverToReference-SequenceTransform =-0.286377 -0.832945 -0.473488 -43.6191 -0.950899 0.307632 0.0339507 301.574 0.117381 0.459962 -0.880146 319.145 0 0 0 1 
Seq_Frame0024_DriverToReference-SequenceTransformStatus = OK
Seq_Frame0024_Timestamp = 2.554
Seq_Frame0025_DriverToReference-SequenceTransform =-0.244042 -0.809083 -0.534629 -41.1956 -0.951473 0.306338 -0.0292793 297.656 0.187466 0.501539 -0.84458 324.076 0 0 0 1 
Seq_Frame0025_DriverToReference-SequenceTransformStatus = OK
Seq_Frame0025_Timestamp = 2.655
Seq_Frame0026_DriverToReference-SequenceTransform =-0.0449216 -0.787014 -0.615298 -46.3176 -0.987567 0.127862 -0.0914449 286.844 0.150641 0.60354 -0.782973 333.571 0 0 0 1 
Seq_Frame0026_DriverToReference-SequenceTransformStatus = OK
Seq_Frame0026_Timestamp = 2.756
Seq_Frame0027_DriverToReference-SequenceTransform =-0.104138 -0.807683 -0.580347 -44.6291 -0.99441 0.0743117 0.0750155 282.696 -0.0174622 0.584915 -0.810907 341.933 0 0 0 1 
Seq_Frame0027_DriverToReference-SequenceTransformStatus = OK
Seq_Frame0027_Timestamp = 2.86
Seq_Frame0028_DriverToReference-SequenceTransform =-0.141656 -0.802128 -0.580106 -48.7413 -0.97832 0.0240053 0.205703 280.012 -0.151075 0.596669 -0.788139 340.614 0 0 0 1 
Seq_Frame0028_DriverToReference-SequenceTransformStatus = OK
Seq_Frame0028_Timestamp = 2.962
Seq_Frame0029_DriverToReference-SequenceTransform =-0.164696 -0.848238 -0.503356 -44.8079 -0.952838 0.00493987 0.303439 282.01 -0.254903 0.529592 -0.809047 336.708 0 0 0 1 
Seq_Frame0029_DriverToReference-SequenceTransformStatus = OK
Seq_Frame0029_Timestamp = 3.068
Seq_Frame0030_DriverToReference-SequenceTransform =-0.105791 -0.835394 -0.539375 -38.6906 -0.971159 -0.0297584 0.236571 285.65 -0.213681 0.548845 -0.808152 337.074 0 0 0 1 
Seq_Frame0030_DriverToReference-SequenceTransformStatus = OK
Seq_Frame0030_Timestamp = 3.168
Seq_Frame0031_DriverToReference-SequenceTransform =-0.0204457 -0.860342 -0.509307 -29.2403 -0.993921 -0.0376286 0.103464 290.642 -0.108179 0.508327 -0.854343 340.437 0 0 0 1 
Seq_Frame0031_DriverToReference-SequenceTransformStatus = OK
Seq_Frame0031_Timestamp = 3.271
Seq_Frame0032_DriverToReference-SequenceTransform =-0.0448617 -0.828931 -0.557549 -19.4645 -0.984041 0.132868 -0.118362 295.881 0.172195 0.543341 -0.821663 335.914 0 0 0 1 
Seq_Frame0032_DriverToReference-SequenceTransformStatus = OK
Seq_Frame0032_Timestamp = 3.372
Seq_Frame0033_DriverToReference-SequenceTransform =-0.148968 -0.841367 -0.519529 -10.0792 -0.969854 0.226784 -0.0891796 301.846 0.192854 0.490582 -0.849786 339.035 0 0 0 1 
Seq_Frame0033_DriverToReference-SequenceTransformStatus = OK
Seq_Frame0033_Timestamp = 3.485
Seq_Frame0034_DriverToReference-SequenceTransform =-0.333812 -0.751531 -0.569008 -6.12114 -0.88527 0.457308 -0.0846522 309.499 0.323831 0.475468 -0.817963 334.867 0 0 0 1 
Seq_Frame0034_DriverToReference-SequenceTransformStatus = OK
Seq_Frame0034_Timestamp = 3.588
Seq_Frame0035_DriverToReference-SequenceTransform =-0.227183 -0.716264 -0.659814 -10.7516 -0.861013 0.4643 -0.207564 306.655 0.455022 0.520953 -0.722193 329.888 0 0 0 1 
Seq_Frame0035_DriverToReference-SequenceTransformStatus = OK
Seq_Frame0035_Timestamp = 3.688
Seq_Frame0036_DriverToReference-SequenceTransform =0.0980059 -0.638066 -0.763719 -16.9677 -0.796033 0.410305 -0.444951 301.513 0.597266 0.651554 -0.467709 319.414 0 0 0 1 
Seq_Frame0036_DriverToReference-SequenceTransformStatus = OK
Seq_Frame0036_Timestamp = 3.803
Seq_Frame0037_DriverToReference-SequenceTransform =0.0980059 -0.638066 -0.763719 -16.9677 -0.796033 0.410305 -0.444951 301.513 0.597266 0.651554 -0.467709 319.414 0 0 0 1 
Seq_Frame0037_DriverToReference-SequenceTransformStatus = OK
Seq_Frame0037_Timestamp = 3.905
Seq_Frame0038_DriverToReference-SequenceTransform =0.544835 -0.439981 -0.713842 -51.0009 -0.837007 -0.233838 -0.494712 318.07 0.0507408 0.867027 -0.49567 219.831 0 0 0 1 
Seq_Frame0038_DriverToReference-SequenceTransformStatus = OK
Seq_Frame0038_Timestamp = 4.855
Seq_Frame0039_DriverToReference-SequenceTransform =0.451072 -0.643592 -0.618323 -44.8504 -0.830515 -0.556353 -0.0267777 319.261 -0.326772 0.525605 -0.785468 210.87 0 0 0 1 
Seq_Frame0039_DriverToReference-SequenceTransformStatus = OK
Seq_Frame0039_Timestamp = 4.956
Seq_Frame0040_DriverToReference-SequenceTransform =0.298259 -0.595598 -0.745858 -61.4959 -0.87031 -0.490561 0.0437075 292.743 -0.391921 0.636091 -0.66467 203.771 0 0 0 1 
Seq_Frame0040_DriverToReference-SequenceTransformStatus = OK
Seq_Frame0040_Timestamp = 5.094
Seq_Frame0041_DriverToReference-SequenceTransform =0.199291 0.253542 -0.946573 -75.7736 0.805342 0.50796 0.305614 278.361 0.558307 -0.823221 -0.102956 180.607 0 0 0 1 
Seq_Frame0041_DriverToReference-SequenceTransformStatus = OK
Seq_Frame0041_Timestamp = 5.28
Seq_Frame0042_DriverToReference-SequenceTransform =0.403037 -0.732837 0.548189 -111.572 0.628388 0.657072 0.416394 274.8 -0.665349 0.176653 0.725331 197.409 0 0 0 1 
Seq_Frame0042_DriverToReference-SequenceTransformStatus = OK
Seq_Frame0042_Timestamp = 6.229
Seq_Frame0043_DriverToReference-SequenceTransform =0.415472 -0.90904 0.0320778 -94.5433 0.686618 0.290294 -0.666547 282.753 0.596606 0.298957 0.744772 159.832 0 0 0 1 
Seq_Frame0043_DriverToReference-SequenceTransformStatus = OK
Seq_Frame0043_Timestamp = 6.38
Seq_Frame0044_DriverToReference-SequenceTransform =0.415472 -0.90904 0.0320778 -94.5433 0.686618 0.290294 -0.666547 282.753 0.596606 0.298957 0.744772 159.832 0 0 0 1 
Seq_Frame0044_DriverToReference-SequenceTransformStatus = OK
Seq_Frame0044_Timestamp = 6.485
Seq_Frame0045_DriverToReference-SequenceTransform =0.793676 -0.2623 0.548887 -27.1393 -0.127115 0.810846 0.571289 299.911 -0.594912 -0.52319 0.610206 276.36 0 0 0 1 
Seq_Frame0045_DriverToReference-SequenceTransformStatus = OK
Seq_Frame0045_Timestamp = 6.587
Seq_Frame0046_DriverToReference-SequenceTransform =0.793676 -0.2623 0.548887 -27.1393 -0.127115 0.810846 0.571289 299.911 -0.594912 -0.52319 0.610206 276.36 0 0 0 1 
Seq_Frame0046_DriverToReference-SequenceTransformStatus = OK
Seq_Frame0046_Timestamp = 6.73
Seq_Frame0047_DriverToReference-SequenceTransform =0.793676 -0.2623 0.548887 -27.1393 -0.127115 0.810846 0.571289 299.911 -0.594912 -0.52319 0.610206 276.36 0 0 0 1 
Seq_Frame0047_DriverToReference-SequenceTransformStatus = OK
Seq_Frame0047_Timestamp = 8.559
Seq_Frame0048_DriverToReference-SequenceTransform =0.793676 -0.2623 0.548887 -27.1393 -0.127115 0.810846 0.571289 299.911 -0.594912 -0.52319 0.610206 276.36 0 0 0 1 
Seq_Frame0048_DriverToReference-SequenceTransformStatus = OK
Seq_Frame0048_Timestamp = 8.68
Seq_Frame0049_DriverToReference-SequenceTransform =0.793676 -0.2623 0.548887 -27.1393 -0.127115 0.810846 0.571289 299.911 -0.594912 -0.52319 0.610206 276.36 0 0 0 1 
Seq_Frame0049_DriverToReference-SequenceTransformStatus = OK
Seq_Frame0049_Timestamp = 8.785
Seq_Frame0050_DriverToReference-SequenceTransform =0.793676 -0.2623 0.548887 -27.1393 -0.127115 0.810846 0.571289 299.911 -0.594912 -0.52319 0.610206 276.36 0 0 0 1 
Seq_Frame0050_DriverToReference-SequenceTransformStatus = OK
Seq_Frame0050_Timestamp = 8.892
Seq_Frame0051_DriverToReference-SequenceTransform =0.793676 -0.2623 0.548887 -27.1393 -0.127115 0.810846 0.571289 299.911 -0.594912 -0.52319 0.610206 276.36 0 0 0 1 
Seq_Frame0051_DriverToReference-SequenceTransformStatus = OK
Seq_Frame0051_Timestamp = 9.001
Seq_Frame0052_DriverToReference-SequenceTransform =0.793676 -0.2623 0.548887 -27.1393 -0.127115 0.810846 0.571289 299.911 -0.594912 -0.52319 0.610206 276.36 0 0 0 1 
Seq_Frame0052_DriverToReference-SequenceTransformStatus = OK
Seq_Frame0052_Timestamp = 9.105
Seq_Frame0053_DriverToReference-SequenceTransform =0.793676 -0.2623 0.548887 -27.1393 -0.127115 0.810846 0.571289 299.911 -0.594912 -0.52319 0.610206 276.36 0 0 0 1 
Seq_Frame0053_DriverToReference-SequenceTransformStatus = OK
Seq_Frame0053_Timestamp = 9.215
Seq_Frame0054_DriverToReference-SequenceTransform =0.793676 -0.2623 0.548887 -27.1393 -0.127115 0.810846 0.571289 299.911 -0.594912 -0.52319 0.610206 276.36 0 0 0 1 
Seq_Frame0054_DriverToReference-SequenceTransformStatus = OK
Seq_Frame0054_Timestamp = 9.322
Seq_Frame0055_DriverToReference-SequenceTransform =0.793676 -0.2623 0.548887 -27.1393 -0.127115 0.810846 0.571289 299.911 -0.594912 -0.52319 0.610206 276.36 0 0 0 1 
Seq_Frame0055_DriverToReference-SequenceTransformStatus = OK
Seq_Frame0055_Timestamp = 9.431
Seq_Frame0056_DriverToReference-SequenceTransform =0.793676 -0.2623 0.548887 -27.1393 -0.127115 0.810846 0.571289 299.911 -0.594912 -0.52319 0.610206 276.36 0 0 0 1 
Seq_Frame0056_DriverToReference-SequenceTransformStatus = OK
Seq_Frame0056_Timestamp = 9.536
Seq_Frame0057_DriverToReference-SequenceTransform =0.793676 -0.2623 0.548887 -27.1393 -0.127115 0.810846 0.571289 299.911 -0.594912 -0.52319 0.610206 276.36 0 0 0 1 
Seq_Frame0057_DriverToReference-SequenceTransformStatus = OK
Seq_Frame0057_Timestamp = 9.65
Seq_Frame0058_DriverToReference-SequenceTransform =0.793676 -0.2623 0.548887 -27.1393 -0.127115 0.810846 0.571289 299.911 -0.594912 -0.52319 0.610206 276.36 0 0 0 1 
Seq_Frame0058_DriverToReference-SequenceTransformStatus = OK
Seq_Frame0058_Timestamp = 9.753
Seq_Frame0059_DriverToReference-SequenceTransform =0.793676 -0.2623 0.548887 -27.1393 -0.127115 0.810846 0.571289 299.911 -0.594912 -0.52319 0.610206 276.36 0 0 0 1 
Seq_Frame0059_DriverToReference-SequenceTransformStatus = OK
Seq_Frame0059_Timestamp = 9.865
Seq_Frame0060_DriverToReference-SequenceTransform =0.793676 -0.2623 0.548887 -27.1393 -0.127115 0.810846 0.571289 299.911 -0.594912 -0.52319 0.610206 276.36 0 0 0 1 
Seq_Frame0060_DriverToReference-SequenceTransformStatus = OK
Seq_Frame0060_Timestamp = 9.969
Seq_Frame0061_DriverToReference-SequenceTransform =0.793676 -0.2623 0.548887 -27.1393 -0.127115 0.810846 0.571289 299.911 -0.594912 -0.52319 0.610206 276.36 0 0 0 1 
Seq_Frame0061_DriverToReference-SequenceTransformStatus = OK
Seq_Frame0061_Timestamp = 10.082
Seq_Frame0062_DriverToReference-SequenceTransform =0.793676 -0.2623 0.548887 -27.1393 -0.127115 0.810846 0.571289 299.911 -0.594912 -0.52319 0.610206 276.36 0 0 0 1 
Seq_Frame0062_DriverToReference-SequenceTransformStatus = OK
Seq_Frame0062_Timestamp = 10.186
Seq_Frame0063_DriverToReference-SequenceTransform =0.793676 -0.2623 0.548887 -27.1393 -0.127115 0.810846 0.571289 299.911 -0.594912 -0.52319 0.610206 276.36 0 0 0 1 
Seq_Frame0063_DriverToReference-SequenceTransformStatus = OK
Seq_Frame0063_Timestamp = 10.302
Seq_Frame0064_DriverToReference-SequenceTransform =0.793676 -0.2623 0.548887 -27.1393 -0.127115 0.810846 0.571289 299.911 -0.594912 -0.52319 0.610206 276.36 0 0 0 1 
Seq_Frame0064_DriverToReference-SequenceTransformStatus = OK
Seq_Frame0064_Timestamp = 10.405
Seq_Frame0065_DriverToReference-SequenceTransform =0.793676 -0.2623 0.548887 -27.1393 -0.127115 0.810846 0.571289 299.911 -0.594912 -0.52319 0.610206 276.36 0 0 0 1 
Seq_Frame0065_DriverToReference-SequenceTransformStatus = OK
Seq_Frame0065_Timestamp = 10.514
Seq_Frame0066_DriverToReference-SequenceTransform =0.793676 -0.2623 0.548887 -27.1393 -0.127115 0.810846 0.571289 299.911 -0.594912 -0.52319 0.610206 276.36 0 0 0 1 
Seq_Frame0066_DriverToReference-SequenceTransformStatus = OK
Seq_Frame0066_Timestamp = 10.617
Seq_Frame0067_DriverToReference-SequenceTransform =0.793676 -0.2623 0.548887 -27.1393 -0.127115 0.810846 0.571289 299.911 -0.594912 -0.52319 0.610206 276.36 0 0 0 1 
Seq_Frame0067_DriverToReference-SequenceTransformStatus = OK
Seq_Frame0067_Timestamp = 10.727
Seq_Frame0068_DriverToReference-SequenceTransform =0.793676 -0.2623 0.548887 -27.1393 -0.127115 0.810846 0.571289 299.911 -0.594912 -0.52319 0.610206 276.36 0 0 0 1 
Seq_Frame0068_DriverToReference-SequenceTransformStatus = OK
Seq_Frame0068_Timestamp = 10.832
Seq_Frame0069_DriverToReference-SequenceTransform =0.793676 -0.2623 0.548887 -27.1393 -0.127115 0.810846 0.571289 299.911 -0.594912 -0.52319 0.610206 276.36 0 0 0 1 
Seq_Frame0069_DriverToReference-SequenceTransformStatus = OK
Seq_Frame0069_Timestamp = 10.936
Seq_Frame0070_DriverToReference-SequenceTransform =0.793676 -0.2623 0.548887 -27.1393 -0.127115 0.810846 0.571289 299.911 -0.594912 -0.52319 0.610206 276.36 0 0 0 1 
Seq_Frame0070_DriverToReference-SequenceTransformStatus = OK
Seq_Frame0070_Timestamp = 11.047
Seq_Frame0071_DriverToReference-SequenceTransform =0.793676 -0.2623 0.548887 -27.1393 -0.127115 0.810846 0.571289 299.911 -0.594912 -0.52319 0.610206 276.36 0 0 0 1 
Seq_Frame0071_DriverToReference-SequenceTransformStatus = OK
Seq_Frame0071_Timestamp = 11.154
Seq_Frame0072_DriverToReference-SequenceTransform =0.793676 -0.2623 0.548887 -27.1393 -0.127115 0.810846 0.571289 299.911 -0.594912 -0.52319 0.610206 276.36 0 0 0 1 
Seq_Frame0072_DriverToReference-SequenceTransformStatus = OK
Seq_Frame0072_Timestamp = 11.262
Seq_Frame0073_DriverToReference-SequenceTransform =0.793676 -0.2623 0.548887 -27.1393 -0.127115 0.810846 0.571289 299.911 -0.594912 -0.52319 0.610206 276.36 0 0 0 1 
Seq_Frame0073_DriverToReference-SequenceTransformStatus = OK
Seq_Frame0073_Timestamp = 11.365
Seq_Frame0074_DriverToReference-SequenceTransform =0.793676 -0.2623 0.548887 -27.1393 -0.127115 0.810846 0.571289 299.911 -0.594912 -0.52319 0.610206 276.36 0 0 0 1 
Seq_Frame0074_DriverToReference-SequenceTransformStatus = OK
Seq_Frame0074_Timestamp = 11.477
Seq_Frame0075_DriverToReference-SequenceTransform =0.793676 -0.2623 0.548887 -27.1393 -0.127115 0.810846 0.571289 299.911 -0.594912 -0.52319 0.610206 276.36 0 0 0 1 
Seq_Frame0075_DriverToReference-SequenceTransformStatus = OK
Seq_Frame0075_Timestamp = 11.581
Seq_Frame0076_DriverToReference-SequenceTransform =0.793676 -0.2623 0.548887 -27.1393 -0.127115 0.810846 0.571289 299.911 -0.594912 -0.52319 0.610206 276.36 0 0 0 1 
Seq_Frame0076_DriverToReference-SequenceTransformStatus = OK
Seq_Frame0076_Timestamp = 11.689
Seq_Frame0077_DriverToReference-SequenceTransform =0.793676 -0.2623 0.548887 -27.1393 -0.127115 0.810846 0.571289 299.911 -0.594912 -0.52319 0.610206 276.36 0 0 0 1 
Seq_Frame0077_DriverToReference-SequenceTransformStatus = OK
Seq_Frame0077_Timestamp = 11.796
Seq_Frame0078_DriverToReference-SequenceTransform =0.793676 -0.2623 0.548887 -27.1393 -0.127115 0.810846 0.571289 299.911 -0.594912 -0.52319 0.610206 276.36 0 0 0 1 
Seq_Frame0078_DriverToReference-SequenceTransformStatus = OK
Seq_Frame0078_Timestamp = 11.904
Seq_Frame0079_DriverToReference-SequenceTransform =0.793676 -0.2623 0.548887 -27.1393 -0.127115 0.810846 0.571289 299.911 -0.594912 -0.52319 0.610206 276.36 0 0 0 1 
Seq_Frame0079_DriverToReference-SequenceTransformStatus = OK
Seq_Frame0079_Timestamp = 12.014
Seq_Frame0080_DriverToReference-SequenceTransform =0.793676 -0.2623 0.548887 -27.1393 -0.127115 0.810846 0.571289 299.911 -0.594912 -0.52319 0.610206 276.36 0 0 0 1 
Seq_Frame0080_DriverToReference-SequenceTransformStatus = OK
Seq_Frame0080_Timestamp = 12.12
Seq_Frame0081_DriverToReference-SequenceTransform =0.793676 -0.2623 0.548887 -27.1393 -0.127115 0.810846 0.571289 299.911 -0.594912 -0.52319 0.610206 276.36 0 0 0 1 
Seq_Frame0081_DriverToReference-SequenceTransformStatus = OK
Seq_Frame0081_Timestamp = 12.229
Seq_Frame0082_DriverToReference-SequenceTransform =0.793676 -0.2623 0.548887 -27.1393 -0.127115 0.810846 0.571289 299.911 -0.594912 -0.52319 0.610206 276.36 0 0 0 1 
Seq_Frame0082_DriverToReference-SequenceTransformStatus = OK
Seq_Frame0082_Timestamp = 12.398
Seq_Frame0083_DriverToReference-SequenceTransform =0.793676 -0.2623 0.548887 -27.1393 -0.127115 0.810846 0.571289 299.911 -0.594912 -0.52319 0.610206 276.36 0 0 0 1 
Seq_Frame0083_DriverToReference-SequenceTransformStatus = OK
Seq_Frame0083_Timestamp = 12.51
Seq_Frame0084_DriverToReference-SequenceTransform =0.793676 -0.2623 0.548887 -27.1393 -0.127115 0.810846 0.571289 299.911 -0.594912 -0.52319 0.610206 276.36 0 0 0 1 
Seq_Frame0084_DriverToReference-SequenceTransformStatus = OK
Seq_Frame0084_Timestamp = 12.614
Seq_Frame0085_DriverToReference-SequenceTransform =0.793676 -0.2623 0.548887 -27.1393 -0.127115 0.810846 0.571289 299.911 -0.594912 -0.52319 0.610206 276.36 0 0 0 1 
Seq_Frame0085_DriverToReference-SequenceTransformStatus = OK
Seq_Frame0085_Timestamp = 12.724
Seq_Frame0086_DriverToReference-SequenceTransform =0.793676 -0.2623 0.548887 -27.1393 -0.127115 0.810846 0.571289 299.911 -0.594912 -0.52319 0.610206 276.36 0 0 0 1 
Seq_Frame0086_DriverToReference-SequenceTransformStatus = OK
Seq_Frame0086_Timestamp = 12.832
Seq_Frame0087_DriverToReference-SequenceTransform =0.793676 -0.2623 0.548887 -27.1393 -0.127115 0.810846 0.571289 299.911 -0.594912 -0.52319 0.610206 276.36 0 0 0 1 
Seq_Frame0087_DriverToReference-SequenceTransformStatus = OK
Seq_Frame0087_Timestamp = 12.94
Seq_Frame0088_DriverToReference-SequenceTransform =0.793676 -0.2623 0.548887 -27.1393 -0.127115 0.810846 0.571289 299.911 -0.594912 -0.52319 0.610206 276.36 0 0 0 1 
Seq_Frame0088_DriverToReference-SequenceTransformStatus = OK
Seq_Frame0088_Timestamp = 13.048
Seq_Frame0089_DriverToReference-SequenceTransform =0.793676 -0.2623 0.548887 -27.1393 -0.127115 0.810846 0.571289 299.911 -0.594912 -0.52319 0.610206 276.36 0 0 0 1 
Seq_Frame0089_DriverToReference-SequenceTransformStatus = OK
Seq_Frame0089_Timestamp = 13.152
Seq_Frame0090_DriverToReference-SequenceTransform =0.793676 -0.2623 0.548887 -27.1393 -0.127115 0.810846 0.571289 299.911 -0.594912 -0.52319 0.610206 276.36 0 0 0 1 
Seq_Frame0090_DriverToReference-SequenceTransformStatus = OK
Seq_Frame0090_Timestamp = 13.263
Seq_Frame0091_DriverToReference-SequenceTransform =0.793676 -0.2623 0.548887 -27.1393 -0.127115 0.810846 0.571289 299.911 -0.594912 -0.52319 0.610206 276.36 0 0 0 1 
Seq_Frame0091_DriverToReference-SequenceTransformStatus = OK
Seq_Frame0091_Timestamp = 13.365
Seq_Frame0092_DriverToReference-SequenceTransform =0.793676 -0.2623 0.548887 -27.1393 -0.127115 0.810846 0.571289 299.911 -0.594912 -0.52319 0.610206 276.36 0 0 0 1 
Seq_Frame0092_DriverToReference-SequenceTransformStatus = OK
Seq_Frame0092_Timestamp = 13.472
Seq_Frame0093_DriverToReference-SequenceTransform =0.793676 -0.2623 0.548887 -27.1393 -0.127115 0.810846 0.571289 299.911 -0.594912 -0.52319 0.610206 276.36 0 0 0 1 
Seq_Frame0093_DriverToReference-SequenceTransformStatus = OK
Seq_Frame0093_Timestamp = 13.581
Seq_Frame0094_DriverToReference-SequenceTransform =0.793676 -0.2623 0.548887 -27.1393 -0.127115 0.810846 0.571289 299.911 -0.594912 -0.52319 0.610206 276.36 0 0 0 1 
Seq_Frame0094_DriverToReference-SequenceTransformStatus = OK
Seq_Frame0094_Timestamp = 13.689
Seq_Frame0095_DriverToReference-SequenceTransform =0.793676 -0.2623 0.548887 -27.1393 -0.127115 0.810846 0.571289 299.911 -0.594912 -0.52319 0.610206 276.36 0 0 0 1 
Seq_Frame0095_DriverToReference-SequenceTransformStatus = OK
Seq_Frame0095_Timestamp = 13.797
Seq_Frame0096_DriverToReference-SequenceTransform =0.793676 -0.2623 0.548887 -27.1393 -0.127115 0.810846 0.571289 299.911 -0.594912 -0.52319 0.610206 276.36 0 0 0 1 
Seq_Frame0096_DriverToReference-SequenceTransformStatus = OK
Seq_Frame0096_Timestamp = 13.907
Seq_Frame0097_DriverToReference-SequenceTransform =0.793676 -0.2623 0.548887 -27.1393 -0.127115 0.810846 0.571289 299.911 -0.594912 -0.52319 0.610206 276.36 0 0 0 1 
Seq_Frame0097_DriverToReference-SequenceTransformStatus = OK
Seq_Frame0097_Timestamp = 14.015
Seq_Frame0098_DriverToReference-SequenceTransform =0.793676 -0.2623 0.548887 -27.1393 -0.127115 0.810846 0.571289 299.911 -0.594912 -0.52319 0.610206 276.36 0 0 0 1 
Seq_Frame0098_DriverToReference-SequenceTransformStatus = OK
Seq_Frame0098_Timestamp = 14.123
Seq_Frame0099_DriverToReference-SequenceTransform =0.793676 -0.2623 0.548887 -27.1393 -0.127115 0.810846 0.571289 299.911 -0.594912 -0.52319 0.610206 276.36 0 0 0 1 
Seq_Frame0099_DriverToReference-SequenceTransformStatus = OK
Seq_Frame0099_Timestamp = 14.229
Seq_Frame0100_DriverToReference-SequenceTransform =0.793676 -0.2623 0.548887 -27.1393 -0.127115 0.810846 0.571289 299.911 -0.594912 -0.52319 0.610206 276.36 0 0 0 1 
Seq_Frame0100_DriverToReference-SequenceTransformStatus = OK
Seq_Frame0100_Timestamp = 14.342
Seq_Frame0101_DriverToReference-SequenceTransform =0.793676 -0.2623 0.548887 -27.1393 -0.127115 0.810846 0.571289 299.911 -0.594912 -0.52319 0.610206 276.36 0 0 0 1 
Seq_Frame0101_DriverToReference-SequenceTransformStatus = OK
Seq_Frame0101_Timestamp = 14.444
Seq_Frame0102_DriverToReference-SequenceTransform =0.793676 -0.2623 0.548887 -27.1393 -0.127115 0.810846 0.571289 299.911 -0.594912 -0.52319 0.610206 276.36 0 0 0 1 
Seq_Frame0102_DriverToReference-SequenceTransformStatus = OK
Seq_Frame0102_Timestamp = 14.557
Seq_Frame0103_DriverToReference-SequenceTransform =0.793676 -0.2623 0.548887 -27.1393 -0.127115 0.810846 0.571289 299.911 -0.594912 -0.52319 0.610206 276.36 0 0 0 1 
Seq_Frame0103_DriverToReference-SequenceTransformStatus = OK
Seq_Frame0103_Timestamp = 14.66
Seq_Frame0104_DriverToReference-SequenceTransform =0.793676 -0.2623 0.548887 -27.1393 -0.127115 0.810846 0.571289 299.911 -0.594912 -0.52319 0.610206 276.36 0 0 0 1 
Seq_Frame0104_DriverToReference-SequenceTransformStatus = OK
Seq_Frame0104_Timestamp = 14.769
Seq_Frame0105_DriverToReference-SequenceTransform =0.793676 -0.2623 0.548887 -27.1393 -0.127115 0.810846 0.571289 299.911 -0.594912 -0.52319 0.610206 276.36 0 0 0 1 
Seq_Frame0105_DriverToReference-SequenceTransformStatus = OK
Seq_Frame0105_Timestamp = 14.875
Seq_Frame0106_DriverToReference-SequenceTransform =0.793676 -0.2623 0.548887 -27.1393 -0.127115 0.810846 0.571289 299.911 -0.594912 -0.52319 0.610206 276.36 0 0 0 1 
Seq_Frame0106_DriverToReference-SequenceTransformStatus = OK
Seq_Frame0106_Timestamp = 14.981
Seq_Frame0107_DriverToReference-SequenceTransform =0.793676 -0.2623 0.548887 -27.1393 -0.127115 0.810846 0.571289 299.911 -0.594912 -0.52319 0.610206 276.36 0 0 0 1 
Seq_Frame0107_DriverToReference-SequenceTransformStatus = OK
Seq_Frame0107_Timestamp = 15.092
Seq_Frame0108_DriverToReference-SequenceTransform =0.793676 -0.2623 0.548887 -27.1393 -0.127115 0.810846 0.571289 299.911 -0.594912 -0.52319 0.610206 276.36 0 0 0 1 
Seq_Frame0108_DriverToReference-SequenceTransformStatus = OK
Seq_Frame0108_Timestamp = 15.197
Seq_Frame0109_DriverToReference-SequenceTransform =0.793676 -0.2623 0.548887 -27.1393 -0.127115 0.810846 0.571289 299.911 -0.594912 -0.52319 0.610206 276.36 0 0 0 1 
Seq_Frame0109_DriverToReference-SequenceTransformStatus = OK
Seq_Frame0109_Timestamp = 15.304
Seq_Frame0110_DriverToReference-SequenceTransform =0.793676 -0.2623 0.548887 -27.1393 -0.127115 0.810846 0.571289 299.911 -0.594912 -0.52319 0.610206 276.36 0 0 0 1 
Seq_Frame0110_DriverToReference-SequenceTransformStatus = OK
Seq_Frame0110_Timestamp = 15.409
Seq_Frame0111_DriverToReference-SequenceTransform =0.793676 -0.2623 0.548887 -27.1393 -0.127115 0.810846 0.571289 299.911 -0.594912 -0.52319 0.610206 276.36 0 0 0 1 
Seq_Frame0111_DriverToReference-SequenceTransformStatus = OK
Seq_Frame0111_Timestamp = 15.519
Seq_Frame0112_DriverToReference-SequenceTransform =0.793676 -0.2623 0.548887 -27.1393 -0.127115 0.810846 0.571289 299.911 -0.594912 -0.52319 0.610206 276.36 0 0 0 1 
Seq_Frame0112_DriverToReference-SequenceTransformStatus = OK
Seq_Frame0112_Timestamp = 15.626
Seq_Frame0113_DriverToReference-SequenceTransform =0.793676 -0.2623 0.548887 -27.1393 -0.127115 0.810846 0.571289 299.911 -0.594912 -0.52319 0.610206 276.36 0 0 0 1 
Seq_Frame0113_DriverToReference-SequenceTransformStatus = OK
Seq_Frame0113_Timestamp = 15.735
Seq_Frame0114_DriverToReference-SequenceTransform =0.793676 -0.2623 0.548887 -27.1393 -0.127115 0.810846 0.571289 299.911 -0.594912 -0.52319 0.610206 276.36 0 0 0 1 
Seq_Frame0114_DriverToReference-SequenceTransformStatus = OK
Seq_Frame0114_Timestamp = 15.839
Seq_Frame0115_DriverToReference-SequenceTransform =0.793676 -0.2623 0.548887 -27.1393 -0.127115 0.810846 0.571289 299.911 -0.594912 -0.52319 0.610206 276.36 0 0 0 1 
Seq_Frame0115_DriverToReference-SequenceTransformStatus = OK
Seq_Frame0115_Timestamp = 15.951
Seq_Frame0116_DriverToReference-SequenceTransform =0.793676 -0.2623 0.548887 -27.1393 -0.127115 0.810846 0.571289 299.911 -0.594912 -0.52319 0.610206 276.36 0 0 0 1 
Seq_Frame0116_DriverToReference-SequenceTransformStatus = OK
Seq_Frame0116_Timestamp = 16.057
Seq_Frame0117_DriverToReference-SequenceTransform =0.793676 -0.2623 0.548887 -27.1393 -0.127115 0.810846 0.571289 299.911 -0.594912 -0.52319 0.610206 276.36 0 0 0 1 
Seq_Frame0117_DriverToReference-SequenceTransformStatus = OK
Seq_Frame0117_Timestamp = 16.165
Seq_Frame0118_DriverToReference-SequenceTransform =0.793676 -0.2623 0.548887 -27.1393 -0.127115 0.810846 0.571289 299.911 -0.594912 -0.52319 0.610206 276.36 0 0 0 1 
Seq_Frame0118_DriverToReference-SequenceTransformStatus = OK
Seq_Frame0118_Timestamp = 16.277
Seq_Frame0119_DriverToReference-SequenceTransform =0.793676 -0.2623 0.548887 -27.1393 -0.127115 0.810846 0.571289 299.911 -0.594912 -0.52319 0.610206 276.36 0 0 0 1 
Seq_Frame0119_DriverToReference-SequenceTransformStatus = OK
Seq_Frame0119_Timestamp = 16.381
Seq_Frame0120_DriverToReference-SequenceTransform =0.793676 -0.2623 0.548887 -27.1393 -0.127115 0.810846 0.571289 299.911 -0.594912 -0.52319 0.610206 276.36 0 0 0 1 
Seq_Frame0120_DriverToReference-SequenceTransformStatus = OK
Seq_Frame0120_Timestamp = 16.493
Seq_Frame0121_DriverToReference-SequenceTransform =0.793676 -0.2623 0.548887 -27.1393 -0.127115 0.810846 0.571289 299.911 -0.594912 -0.52319 0.610206 276.36 0 0 0 1 
Seq_Frame0121_DriverToReference-SequenceTransformStatus = OK
Seq_Frame0121_Timestamp = 16.6
Seq_Frame0122_DriverToReference-SequenceTransform =0.793676 -0.2623 0.548887 -27.1393 -0.127115 0.810846 0.571289 299.911 -0.594912 -0.52319 0.610206 276.36 0 0 0 1 
Seq_Frame0122_DriverToReference-SequenceTransformStatus = OK
Seq_Frame0122_Timestamp = 16.71
Seq_Frame0123_DriverToReference-SequenceTransform =0.793676 -0.2623 0.548887 -27.1393 -0.127115 0.810846 0.571289 299.911 -0.594912 -0.52319 0.610206 276.36 0 0 0 1 
Seq_Frame0123_DriverToReference-SequenceTransformStatus = OK
Seq_Frame0123_Timestamp = 16.818
Seq_Frame0124_DriverToReference-SequenceTransform =0.793676 -0.2623 0.548887 -27.1393 -0.127115 0.810846 0.571289 299.911 -0.594912 -0.52319 0.610206 276.36 0 0 0 1 
Seq_Frame0124_DriverToReference-SequenceTransformStatus = OK
Seq_Frame0124_Timestamp = 16.924
Seq_Frame0125_DriverToReference-SequenceTransform =0.793676 -0.2623 0.548887 -27.1393 -0.127115 0.810846 0.571289 299.911 -0.594912 -0.52319 0.610206 276.36 0 0 0 1 
Seq_Frame0125_DriverToReference-SequenceTransformStatus = OK
Seq_Frame0125_Timestamp = 17.034
Seq_Frame0126_DriverToReference-SequenceTransform =0.793676 -0.2623 0.548887 -27.1393 -0.127115 0.810846 0.571289 299.911 -0.594912 -0.52319 0.610206 276.36 0 0 0 1 
Seq_Frame0126_DriverToReference-SequenceTransformStatus = OK
Seq_Frame0126_Timestamp = 17.139
Seq_Frame0127_DriverToReference-SequenceTransform =0.793676 -0.2623 0.548887 -27.1393 -0.127115 0.810846 0.571289 299.911 -0.594912 -0.52319 0.610206 276.36 0 0 0 1 
Seq_Frame0127_DriverToReference-SequenceTransformStatus = OK
Seq_Frame0127_Timestamp = 17.246
Seq_Frame0128_DriverToReference-SequenceTransform =0.793676 -0.2623 0.548887 -27.1393 -0.127115 0.810846 0.571289 299.911 -0.594912 -0.52319 0.610206 276.36 0 0 0 1 
Seq_Frame0128_DriverToReference-SequenceTransformStatus = OK
Seq_Frame0128_Timestamp = 17.349
Seq_Frame0129_DriverToReference-SequenceTransform =0.793676 -0.2623 0.548887 -27.1393 -0.127115 0.810846 0.571289 299.911 -0.594912 -0.52319 0.610206 276.36 0 0 0 1 
Seq_Frame0129_DriverToReference-SequenceTransformStatus = OK
Seq_Frame0129_Timestamp = 17.455
Seq_Frame0130_DriverToReference-SequenceTransform =0.793676 -0.2623 0.548887 -27.1393 -0.127115 0.810846 0.571289 299.911 -0.594912 -0.52319 0.610206 276.36 0 0 0 1 
Seq_Frame0130_DriverToReference-SequenceTransformStatus = OK
Seq_Frame0130_Timestamp = 17.566
Seq_Frame0131_DriverToReference-SequenceTransform =0.793676 -0.2623 0.548887 -27.1393 -0.127115 0.810846 0.571289 299.911 -0.594912 -0.52319 0.610206 276.36 0 0 0 1 
Seq_Frame0131_DriverToReference-SequenceTransformStatus = OK
Seq_Frame0131_Timestamp = 17.671
Seq_Frame0132_DriverToReference-SequenceTransform =0.793676 -0.2623 0.548887 -27.1393 -0.127115 0.810846 0.571289 299.911 -0.594912 -0.52319 0.610206 276.36 0 0 0 1 
Seq_Frame0132_DriverToReference-SequenceTransformStatus = OK
Seq_Frame0132_Timestamp = 17.779
Seq_Frame0133_DriverToReference-SequenceTransform =0.793676 -0.2623 0.548887 -27.1393 -0.127115 0.810846 0.571289 299.911 -0.594912 -0.52319 0.610206 276.36 0 0 0 1 
Seq_Frame0133_DriverToReference-SequenceTransformStatus = OK
Seq_Frame0133_Timestamp = 17.888
Seq_Frame0134_DriverToReference-SequenceTransform =0.793676 -0.2623 0.548887 -27.1393 -0.127115 0.810846 0.571289 299.911 -0.594912 -0.52319 0.610206 276.36 0 0 0 1 
Seq_Frame0134_DriverToReference-SequenceTransformStatus = OK
Seq_Frame0134_Timestamp = 17.994
Seq_Frame0135_DriverToReference-SequenceTransform =0.793676 -0.2623 0.548887 -27.1393 -0.127115 0.810846 0.571289 299.911 -0.594912 -0.52319 0.610206 276.36 0 0 0 1 
Seq_Frame0135_DriverToReference-SequenceTransformStatus = OK
Seq_Frame0135_Timestamp = 18.103
Seq_Frame0136_DriverToReference-SequenceTransform =0.793676 -0.2623 0.548887 -27.1393 -0.127115 0.810846 0.571289 299.911 -0.594912 -0.52319 0.610206 276.36 0 0 0 1 
Seq_Frame0136_DriverToReference-SequenceTransformStatus = OK
Seq_Frame0136_Timestamp = 18.209
Seq_Frame0137_DriverToReference-SequenceTransform =0.793676 -0.2623 0.548887 -27.1393 -0.127115 0.810846 0.571289 299.911 -0.594912 -0.52319 0.610206 276.36 0 0 0 1 
Seq_Frame0137_DriverToReference-SequenceTransformStatus = OK
Seq_Frame0137_Timestamp = 18.32
Seq_Frame0138_DriverToReference-SequenceTransform =0.793676 -0.2623 0.548887 -27.1393 -0.127115 0.810846 0.571289 299.911 -0.594912 -0.52319 0.610206 276.36 0 0 0 1 
Seq_Frame0138_DriverToReference-SequenceTransformStatus = OK
Seq_Frame0138_Timestamp = 18.426
Seq_Frame0139_DriverToReference-SequenceTransform =0.793676 -0.2623 0.548887 -27.1393 -0.127115 0.810846 0.571289 299.911 -0.594912 -0.52319 0.610206 276.36 0 0 0 1 
Seq_Frame0139_DriverToReference-SequenceTransformStatus = OK
Seq_Frame0139_Timestamp = 18.534
Seq_Frame0140_DriverToReference-SequenceTransform =0.793676 -0.2623 0.548887 -27.1393 -0.127115 0.810846 0.571289 299.911 -0.594912 -0.52319 0.610206 276.36 0 0 0 1 
Seq_Frame0140_DriverToReference-SequenceTransformStatus = OK
Seq_Frame0140_Timestamp = 18.643
Seq_Frame0141_DriverToReference-SequenceTransform =0.793676 -0.2623 0.548887 -27.1393 -0.127115 0.810846 0.571289 299.911 -0.594912 -0.52319 0.610206 276.36 0 0 0 1 
Seq_Frame0141_DriverToReference-SequenceTransformStatus = OK
Seq_Frame0141_Timestamp = 18.748
Seq_Frame0142_DriverToReference-SequenceTransform =0.793676 -0.2623 0.548887 -27.1393 -0.127115 0.810846 0.571289 299.911 -0.594912 -0.52319 0.610206 276.36 0 0 0 1 
Seq_Frame0142_DriverToReference-SequenceTransformStatus = OK
Seq_Frame0142_Timestamp = 18.855
Seq_Frame0143_DriverToReference-SequenceTransform =0.793676 -0.2623 0.548887 -27.1393 -0.127115 0.810846 0.571289 299.911 -0.594912 -0.52319 0.610206 276.36 0 0 0 1 
Seq_Frame0143_DriverToReference-SequenceTransformStatus = OK
Seq_Frame0143_Timestamp = 18.963
Seq_Frame0144_DriverToReference-SequenceTransform =0.793676 -0.2623 0.548887 -27.1393 -0.127115 0.810846 0.571289 299.911 -0.594912 -0.52319 0.610206 276.36 0 0 0 1 
Seq_Frame0144_DriverToReference-SequenceTransformStatus = OK
Seq_Frame0144_Timestamp = 19.071
Seq_Frame0145_DriverToReference-SequenceTransform =0.793676 -0.2623 0.548887 -27.1393 -0.127115 0.810846 0.571289 299.911 -0.594912 -0.52319 0.610206 276.36 0 0 0 1 
Seq_Frame0145_DriverToReference-SequenceTransformStatus = OK
Seq_Frame0145_Timestamp = 19.18
Seq_Frame0146_DriverToReference-SequenceTransform =0.793676 -0.2623 0.548887 -27.1393 -0.127115 0.810846 0.571289 299.911 -0.594912 -0.52319 0.610206 276.36 0 0 0 1 
Seq_Frame0146_DriverToReference-SequenceTransformStatus = OK
Seq_Frame0146_Timestamp = 19.288
Seq_Frame0147_DriverToReference-SequenceTransform =0.793676 -0.2623 0.548887 -27.1393 -0.127115 0.810846 0.571289 299.911 -0.594912 -0.52319 0.610206 276.36 0 0 0 1 
Seq_Frame0147_DriverToReference-SequenceTransformStatus = OK
Seq_Frame0147_Timestamp = 19.394
Seq_Frame0148_DriverToReference-SequenceTransform =0.793676 -0.2623 0.548887 -27.1393 -0.127115 0.810846 0.571289 299.911 -0.594912 -0.52319 0.610206 276.36 0 0 0 1 
Seq_Frame0148_DriverToReference-SequenceTransformStatus = OK
Seq_Frame0148_Timestamp = 19.501
Seq_Frame0149_DriverToReference-SequenceTransform =0.793676 -0.2623 0.548887 -27.1393 -0.127115 0.810846 0.571289 299.911 -0.594912 -0.52319 0.610206 276.36 0 0 0 1 
Seq_Frame0149_DriverToReference-SequenceTransformStatus = OK
Seq_Frame0149_Timestamp = 19.611
Seq_Frame0150_DriverToReference-SequenceTransform =0.793676 -0.2623 0.548887 -27.1393 -0.127115 0.810846 0.571289 299.911 -0.594912 -0.52319 0.610206 276.36 0 0 0 1 
Seq_Frame0150_DriverToReference-SequenceTransformStatus = OK
Seq_Frame0150_Timestamp = 19.717
Seq_Frame0151_DriverToReference-SequenceTransform =0.793676 -0.2623 0.548887 -27.1393 -0.127115 0.810846 0.571289 299.911 -0.594912 -0.52319 0.610206 276.36 0 0 0 1 
Seq_Frame0151_DriverToReference-SequenceTransformStatus = OK
Seq_Frame0151_Timestamp = 19.827
Seq_Frame0152_DriverToReference-SequenceTransform =0.793676 -0.2623 0.548887 -27.1393 -0.127115 0.810846 0.571289 299.911 -0.594912 -0.52319 0.610206 276.36 0 0 0 1 
