ObjectType = Image
NDims = 3
AnatomicalOrientation = RAI
BinaryData = True
CompressedData = False
DimSize = 0 0 1958
ElementSpacing = 1 1 1
Offset = 0 0 0
TransformMatrix = 1 0 0 0 1 0 0 0 1
ElementType = MET_UCHAR
Kinds = domain domain list
Seq_Frame0000_ForcepToReference-SequenceTransform =-0.0918302 -0.960186 -0.263838 -35.7722 -0.0979322 0.272382 -0.957192 95.7978 0.990947 -0.0620609 -0.119046 153.667 0 0 0 1 
Seq_Frame0000_ForcepToReference-SequenceTransformStatus = OK
Seq_Frame0000_Timestamp = 0.00199986
Seq_Frame0001_ForcepToReference-SequenceTransform =-0.0914009 -0.960211 -0.263897 -35.7403 -0.0958527 0.272259 -0.957438 95.7857 0.99119 -0.0622155 -0.116924 153.699 0 0 0 1 
Seq_Frame0001_ForcepToReference-SequenceTransformStatus = OK
Seq_Frame0001_Timestamp = 0.102
Seq_Frame0002_ForcepToReference-SequenceTransform =-0.0907144 -0.960422 -0.263366 -35.7599 -0.0965127 0.27169 -0.957533 95.8154 0.991189 -0.0614439 -0.117339 153.691 0 0 0 1 
Seq_Frame0002_ForcepToReference-SequenceTransformStatus = OK
Seq_Frame0002_Timestamp = 0.212
Seq_Frame0003_ForcepToReference-SequenceTransform =-0.0901852 -0.960368 -0.263744 -35.7577 -0.0974977 0.272065 -0.957327 95.7377 0.991141 -0.0606224 -0.11817 153.702 0 0 0 1 
Seq_Frame0003_ForcepToReference-SequenceTransformStatus = OK
Seq_Frame0003_Timestamp = 0.32
Seq_Frame0004_ForcepToReference-SequenceTransform =-0.089802 -0.960553 -0.263197 -35.7664 -0.0976278 0.271482 -0.957479 95.7787 0.991163 -0.0602883 -0.118156 153.756 0 0 0 1 
Seq_Frame0004_ForcepToReference-SequenceTransformStatus = OK
Seq_Frame0004_Timestamp = 0.439
Seq_Frame0005_ForcepToReference-SequenceTransform =-0.0911238 -0.960264 -0.263799 -35.8039 -0.0970297 0.272202 -0.957336 95.7337 0.991101 -0.0616397 -0.117978 153.712 0 0 0 1 
Seq_Frame0005_ForcepToReference-SequenceTransformStatus = OK
Seq_Frame0005_Timestamp = 0.55
Seq_Frame0006_ForcepToReference-SequenceTransform =-0.0917886 -0.959988 -0.26457 -35.8012 -0.0968204 0.273037 -0.957119 95.5859 0.99106 -0.0622368 -0.118008 153.792 0 0 0 1 
Seq_Frame0006_ForcepToReference-SequenceTransformStatus = OK
Seq_Frame0006_Timestamp = 0.661
Seq_Frame0007_ForcepToReference-SequenceTransform =-0.0907138 -0.960321 -0.263734 -35.8202 -0.0980519 0.272152 -0.957246 95.6328 0.991038 -0.0609758 -0.118849 153.76 0 0 0 1 
Seq_Frame0007_ForcepToReference-SequenceTransformStatus = OK
Seq_Frame0007_Timestamp = 0.765
Seq_Frame0008_ForcepToReference-SequenceTransform =-0.0910096 -0.960188 -0.264113 -35.8154 -0.0997368 0.272668 -0.956924 95.5116 0.990843 -0.0607475 -0.120582 153.899 0 0 0 1 
Seq_Frame0008_ForcepToReference-SequenceTransformStatus = OK
Seq_Frame0008_Timestamp = 0.874
Seq_Frame0009_ForcepToReference-SequenceTransform =-0.0905296 -0.96026 -0.264018 -35.7775 -0.0987895 0.272458 -0.957083 95.5998 0.990982 -0.060562 -0.119529 153.792 0 0 0 1 
Seq_Frame0009_ForcepToReference-SequenceTransformStatus = OK
Seq_Frame0009_Timestamp = 0.985
Seq_Frame0010_ForcepToReference-SequenceTransform =-0.0913199 -0.960055 -0.264491 -35.7673 -0.097766 0.272961 -0.957044 95.5444 0.991011 -0.0615389 -0.118787 153.794 0 0 0 1 
Seq_Frame0010_ForcepToReference-SequenceTransformStatus = OK
Seq_Frame0010_Timestamp = 1.09
Seq_Frame0011_ForcepToReference-SequenceTransform =-0.0929997 -0.959778 -0.264908 -35.7787 -0.0983165 0.273613 -0.956802 95.5275 0.9908 -0.0629375 -0.119808 153.887 0 0 0 1 
Seq_Frame0011_ForcepToReference-SequenceTransformStatus = OK
Seq_Frame0011_Timestamp = 1.191
Seq_Frame0012_ForcepToReference-SequenceTransform =-0.0911397 -0.960061 -0.264532 -35.7561 -0.0995492 0.273091 -0.956824 95.4323 0.99085 -0.0608707 -0.120463 153.877 0 0 0 1 
Seq_Frame0012_ForcepToReference-SequenceTransformStatus = OK
Seq_Frame0012_Timestamp = 1.297
Seq_Frame0013_ForcepToReference-SequenceTransform =-0.0904147 -0.96015 -0.264458 -35.7942 -0.0998025 0.272944 -0.956839 95.4335 0.990891 -0.0601188 -0.120503 153.862 0 0 0 1 
Seq_Frame0013_ForcepToReference-SequenceTransformStatus = OK
Seq_Frame0013_Timestamp = 1.401
Seq_Frame0014_ForcepToReference-SequenceTransform =-0.0896419 -0.960304 -0.264162 -35.7912 -0.099404 0.272532 -0.956998 95.4667 0.991001 -0.0595284 -0.119888 153.848 0 0 0 1 
Seq_Frame0014_ForcepToReference-SequenceTransformStatus = OK
Seq_Frame0014_Timestamp = 1.505
Seq_Frame0015_ForcepToReference-SequenceTransform =-0.0912398 -0.960008 -0.264689 -35.8383 -0.0985857 0.2732 -0.956892 95.4865 0.990937 -0.0612121 -0.11957 153.784 0 0 0 1 
Seq_Frame0015_ForcepToReference-SequenceTransformStatus = OK
Seq_Frame0015_Timestamp = 1.612
Seq_Frame0016_ForcepToReference-SequenceTransform =-0.0902801 -0.960271 -0.264061 -35.8247 -0.0979753 0.272421 -0.957177 95.5811 0.991085 -0.0605425 -0.118677 153.76 0 0 0 1 
Seq_Frame0016_ForcepToReference-SequenceTransformStatus = OK
Seq_Frame0016_Timestamp = 1.725
Seq_Frame0017_ForcepToReference-SequenceTransform =-0.0922549 -0.959824 -0.265005 -35.838 -0.0972624 0.273553 -0.956927 95.5197 0.990974 -0.0625062 -0.118591 153.763 0 0 0 1 
Seq_Frame0017_ForcepToReference-SequenceTransformStatus = OK
Seq_Frame0017_Timestamp = 1.826
Seq_Frame0018_ForcepToReference-SequenceTransform =-0.0914381 -0.959944 -0.264852 -35.8015 -0.098613 0.273388 -0.956836 95.4638 0.990916 -0.0613734 -0.119661 153.84 0 0 0 1 
Seq_Frame0018_ForcepToReference-SequenceTransformStatus = OK
Seq_Frame0018_Timestamp = 1.93
Seq_Frame0019_ForcepToReference-SequenceTransform =-0.0915916 -0.959867 -0.265079 -35.7916 -0.098825 0.273645 -0.95674 95.372 0.990881 -0.0614329 -0.119922 153.927 0 0 0 1 
Seq_Frame0019_ForcepToReference-SequenceTransformStatus = OK
Seq_Frame0019_Timestamp = 2.035
Seq_Frame0020_ForcepToReference-SequenceTransform =-0.0921681 -0.959823 -0.265038 -35.7752 -0.0972536 0.273576 -0.956921 95.4763 0.990983 -0.0624217 -0.118561 153.899 0 0 0 1 
Seq_Frame0020_ForcepToReference-SequenceTransformStatus = OK
Seq_Frame0020_Timestamp = 2.135
Seq_Frame0021_ForcepToReference-SequenceTransform =-0.0921646 -0.959821 -0.265045 -35.8041 -0.0975487 0.273601 -0.956884 95.4996 0.990954 -0.062336 -0.118846 153.824 0 0 0 1 
Seq_Frame0021_ForcepToReference-SequenceTransformStatus = OK
Seq_Frame0021_Timestamp = 2.236
Seq_Frame0022_ForcepToReference-SequenceTransform =-0.0916584 -0.959973 -0.26467 -35.781 -0.0988369 0.273247 -0.956853 95.4325 0.990873 -0.0615444 -0.119926 153.881 0 0 0 1 
Seq_Frame0022_ForcepToReference-SequenceTransformStatus = OK
Seq_Frame0022_Timestamp = 2.336
Seq_Frame0023_ForcepToReference-SequenceTransform =-0.0899761 -0.960224 -0.264336 -35.7927 -0.0984261 0.272686 -0.957055 95.5079 0.991068 -0.0600946 -0.119046 153.805 0 0 0 1 
Seq_Frame0023_ForcepToReference-SequenceTransformStatus = OK
Seq_Frame0023_Timestamp = 2.451
Seq_Frame0024_ForcepToReference-SequenceTransform =-0.0912343 -0.960068 -0.264473 -35.7665 -0.0991123 0.273016 -0.95689 95.5111 0.990885 -0.0610887 -0.120063 153.84 0 0 0 1 
Seq_Frame0024_ForcepToReference-SequenceTransformStatus = OK
Seq_Frame0024_Timestamp = 2.554
Seq_Frame0025_ForcepToReference-SequenceTransform =-0.0900461 -0.960243 -0.264243 -35.7855 -0.0989391 0.272633 -0.957017 95.5113 0.991011 -0.0600317 -0.119555 153.846 0 0 0 1 
Seq_Frame0025_ForcepToReference-SequenceTransformStatus = OK
Seq_Frame0025_Timestamp = 2.655
Seq_Frame0026_ForcepToReference-SequenceTransform =-0.0922179 -0.959956 -0.264538 -35.8007 -0.0974717 0.273097 -0.957036 95.5618 0.990957 -0.0624709 -0.118753 153.836 0 0 0 1 
Seq_Frame0026_ForcepToReference-SequenceTransformStatus = OK
Seq_Frame0026_Timestamp = 2.756
Seq_Frame0027_ForcepToReference-SequenceTransform =-0.091509 -0.959976 -0.264711 -35.8201 -0.0950685 0.273034 -0.957295 95.6468 0.991256 -0.0624355 -0.116249 153.829 0 0 0 1 
Seq_Frame0027_ForcepToReference-SequenceTransformStatus = OK
Seq_Frame0027_Timestamp = 2.86
Seq_Frame0028_ForcepToReference-SequenceTransform =-0.0908738 -0.960251 -0.263931 -35.7747 -0.0958833 0.272233 -0.957442 95.7267 0.991236 -0.0616998 -0.116811 153.723 0 0 0 1 
Seq_Frame0028_ForcepToReference-SequenceTransformStatus = OK
Seq_Frame0028_Timestamp = 2.962
Seq_Frame0029_ForcepToReference-SequenceTransform =-0.0897985 -0.960431 -0.263645 -35.8072 -0.0962196 0.271842 -0.95752 95.7175 0.991301 -0.060616 -0.116823 153.67 0 0 0 1 
Seq_Frame0029_ForcepToReference-SequenceTransformStatus = OK
Seq_Frame0029_Timestamp = 3.068
Seq_Frame0030_ForcepToReference-SequenceTransform =-0.0874251 -0.960792 -0.263125 -35.8101 -0.0969825 0.271091 -0.957656 95.6721 0.991439 -0.0582046 -0.11688 153.683 0 0 0 1 
Seq_Frame0030_ForcepToReference-SequenceTransformStatus = OK
Seq_Frame0030_Timestamp = 3.168
Seq_Frame0031_ForcepToReference-SequenceTransform =-0.095106 -0.959616 -0.26475 -35.8032 -0.097889 0.273682 -0.956826 95.5707 0.990642 -0.0650838 -0.119965 153.92 0 0 0 1 
Seq_Frame0031_ForcepToReference-SequenceTransformStatus = OK
Seq_Frame0031_Timestamp = 3.271
Seq_Frame0032_ForcepToReference-SequenceTransform =-0.0970133 -0.959099 -0.265928 -35.8239 -0.0994318 0.275191 -0.956234 95.4258 0.990304 -0.0663258 -0.122062 153.992 0 0 0 1 
Seq_Frame0032_ForcepToReference-SequenceTransformStatus = OK
Seq_Frame0032_Timestamp = 3.372
Seq_Frame0033_ForcepToReference-SequenceTransform =-0.0936042 -0.959806 -0.264597 -35.8882 -0.0964934 0.273258 -0.957089 95.6279 0.990922 -0.0640557 -0.118193 153.746 0 0 0 1 
Seq_Frame0033_ForcepToReference-SequenceTransformStatus = OK
Seq_Frame0033_Timestamp = 3.485
Seq_Frame0034_ForcepToReference-SequenceTransform =-0.0895831 -0.960416 -0.263773 -35.8417 -0.0963853 0.271954 -0.957471 95.6979 0.991305 -0.0603495 -0.116932 153.562 0 0 0 1 
Seq_Frame0034_ForcepToReference-SequenceTransformStatus = OK
Seq_Frame0034_Timestamp = 3.588
Seq_Frame0035_ForcepToReference-SequenceTransform =-0.0901171 -0.96032 -0.263938 -35.8636 -0.0941669 0.272045 -0.957666 95.78 0.991469 -0.0614478 -0.114946 153.65 0 0 0 1 
Seq_Frame0035_ForcepToReference-SequenceTransformStatus = OK
Seq_Frame0035_Timestamp = 3.688
Seq_Frame0036_ForcepToReference-SequenceTransform =-0.0921679 -0.959988 -0.264438 -35.9396 -0.0972839 0.272979 -0.957088 95.6616 0.99098 -0.0624873 -0.118551 153.615 0 0 0 1 
Seq_Frame0036_ForcepToReference-SequenceTransformStatus = OK
Seq_Frame0036_Timestamp = 3.803
Seq_Frame0037_ForcepToReference-SequenceTransform =-0.0904199 -0.960452 -0.263354 -36.0114 -0.100939 0.271914 -0.957013 95.5025 0.990775 -0.0599504 -0.121533 153.874 0 0 0 1 
Seq_Frame0037_ForcepToReference-SequenceTransformStatus = OK
Seq_Frame0037_Timestamp = 3.905
Seq_Frame0038_ForcepToReference-SequenceTransform =-0.135607 -0.940749 -0.310809 -35.7523 0.0295532 0.309726 -0.950366 96.5959 0.990322 -0.138062 -0.0141989 152.088 0 0 0 1 
Seq_Frame0038_ForcepToReference-SequenceTransformStatus = OK
Seq_Frame0038_Timestamp = 4.855
Seq_Frame0039_ForcepToReference-SequenceTransform =-0.135607 -0.940749 -0.310809 -35.7523 0.0295532 0.309726 -0.950366 96.5959 0.990322 -0.138062 -0.0141989 152.088 0 0 0 1 
Seq_Frame0039_ForcepToReference-SequenceTransformStatus = OK
Seq_Frame0039_Timestamp = 4.956
Seq_Frame0040_ForcepToReference-SequenceTransform =-0.135607 -0.940749 -0.310809 -35.7523 0.0295532 0.309726 -0.950366 96.5959 0.990322 -0.138062 -0.0141989 152.088 0 0 0 1 
Seq_Frame0040_ForcepToReference-SequenceTransformStatus = OK
Seq_Frame0040_Timestamp = 5.094
Seq_Frame0041_ForcepToReference-SequenceTransform =-0.135607 -0.940749 -0.310809 -35.7523 0.0295532 0.309726 -0.950366 96.5959 0.990322 -0.138062 -0.0141989 152.088 0 0 0 1 
Seq_Frame0041_ForcepToReference-SequenceTransformStatus = OK
Seq_Frame0041_Timestamp = 5.28
Seq_Frame0042_ForcepToReference-SequenceTransform =-0.135607 -0.940749 -0.310809 -35.7523 0.0295532 0.309726 -0.950366 96.5959 0.990322 -0.138062 -0.0141989 152.088 0 0 0 1 
Seq_Frame0042_ForcepToReference-SequenceTransformStatus = OK
Seq_Frame0042_Timestamp = 6.229
Seq_Frame0043_ForcepToReference-SequenceTransform =-0.366138 0.59669 0.714076 -115.691 -0.347668 0.624079 -0.699752 264.233 -0.863175 -0.504467 -0.0210488 115.628 0 0 0 1 
Seq_Frame0043_ForcepToReference-SequenceTransformStatus = OK
Seq_Frame0043_Timestamp = 6.38
Seq_Frame0044_ForcepToReference-SequenceTransform =-0.497148 0.56706 0.656725 -97.8274 -0.281088 0.610812 -0.740202 269.948 -0.820874 -0.552587 -0.14427 116.866 0 0 0 1 
Seq_Frame0044_ForcepToReference-SequenceTransformStatus = OK
Seq_Frame0044_Timestamp = 6.485
Seq_Frame0045_ForcepToReference-SequenceTransform =-0.336579 0.516869 0.787122 -67.6085 -0.118217 0.806085 -0.579872 280.902 -0.934205 -0.288223 -0.210209 145.385 0 0 0 1 
Seq_Frame0045_ForcepToReference-SequenceTransformStatus = OK
Seq_Frame0045_Timestamp = 6.587
Seq_Frame0046_ForcepToReference-SequenceTransform =0.86935 0.220409 0.442323 -53.5117 -0.153033 0.971105 -0.183127 282.828 -0.469905 0.0915115 0.877961 185.919 0 0 0 1 
Seq_Frame0046_ForcepToReference-SequenceTransformStatus = OK
Seq_Frame0046_Timestamp = 6.73
Seq_Frame0047_ForcepToReference-SequenceTransform =0.00156417 0.30647 0.951879 -29.1046 0.24175 0.92353 -0.29774 295.364 -0.970337 0.230582 -0.0726444 165.747 0 0 0 1 
Seq_Frame0047_ForcepToReference-SequenceTransformStatus = OK
Seq_Frame0047_Timestamp = 8.559
Seq_Frame0048_ForcepToReference-SequenceTransform =-0.141233 0.378596 0.914723 -38.6754 0.146179 0.921832 -0.358968 306.057 -0.979124 0.083015 -0.185536 166.571 0 0 0 1 
Seq_Frame0048_ForcepToReference-SequenceTransformStatus = OK
Seq_Frame0048_Timestamp = 8.68
Seq_Frame0049_ForcepToReference-SequenceTransform =-0.0797345 0.331717 0.940003 -46.1635 0.195497 0.929896 -0.311568 312.483 -0.977458 0.158925 -0.138995 172.541 0 0 0 1 
Seq_Frame0049_ForcepToReference-SequenceTransformStatus = OK
Seq_Frame0049_Timestamp = 8.785
Seq_Frame0050_ForcepToReference-SequenceTransform =-0.0939257 0.323712 0.941482 -52.6166 0.239787 0.92518 -0.294185 315.178 -0.966271 0.198123 -0.16452 175.099 0 0 0 1 
Seq_Frame0050_ForcepToReference-SequenceTransformStatus = OK
Seq_Frame0050_Timestamp = 8.892
Seq_Frame0051_ForcepToReference-SequenceTransform =-0.0894144 0.315696 0.944638 -58.8813 0.277549 0.918766 -0.280779 318.323 -0.956542 0.237077 -0.169772 179.932 0 0 0 1 
Seq_Frame0051_ForcepToReference-SequenceTransformStatus = OK
Seq_Frame0051_Timestamp = 9.001
Seq_Frame0052_ForcepToReference-SequenceTransform =-0.11213 0.306176 0.945348 -64.1349 0.317553 0.912503 -0.257872 321.27 -0.941588 0.271283 -0.199546 184.343 0 0 0 1 
Seq_Frame0052_ForcepToReference-SequenceTransformStatus = OK
Seq_Frame0052_Timestamp = 9.105
Seq_Frame0053_ForcepToReference-SequenceTransform =-0.11971 0.311048 0.942825 -67.7671 0.327477 0.908876 -0.258269 320.913 -0.937245 0.277836 -0.210663 186.669 0 0 0 1 
Seq_Frame0053_ForcepToReference-SequenceTransformStatus = OK
Seq_Frame0053_Timestamp = 9.215
Seq_Frame0054_ForcepToReference-SequenceTransform =-0.114416 0.30714 0.944761 -70.2176 0.336272 0.906841 -0.254088 320.196 -0.934789 0.288625 -0.207039 188.13 0 0 0 1 
Seq_Frame0054_ForcepToReference-SequenceTransformStatus = OK
Seq_Frame0054_Timestamp = 9.322
Seq_Frame0055_ForcepToReference-SequenceTransform =-0.15069 0.303539 0.940827 -73.1381 0.377536 0.897231 -0.229004 320.772 -0.913651 0.320688 -0.249801 190.169 0 0 0 1 
Seq_Frame0055_ForcepToReference-SequenceTransformStatus = OK
Seq_Frame0055_Timestamp = 9.431
Seq_Frame0056_ForcepToReference-SequenceTransform =-0.138834 0.297524 0.944566 -75.7564 0.381819 0.896142 -0.226151 321.821 -0.91375 0.329256 -0.238016 191.821 0 0 0 1 
Seq_Frame0056_ForcepToReference-SequenceTransformStatus = OK
Seq_Frame0056_Timestamp = 9.536
Seq_Frame0057_ForcepToReference-SequenceTransform =-0.180449 0.281741 0.942369 -77.8748 0.447729 0.876607 -0.176347 322.463 -0.875772 0.390105 -0.284326 194.645 0 0 0 1 
Seq_Frame0057_ForcepToReference-SequenceTransformStatus = OK
Seq_Frame0057_Timestamp = 9.65
Seq_Frame0058_ForcepToReference-SequenceTransform =-0.218485 0.302084 0.927906 -80.9024 0.412844 0.890205 -0.192602 323.36 -0.884208 0.341 -0.31921 193.061 0 0 0 1 
Seq_Frame0058_ForcepToReference-SequenceTransformStatus = OK
Seq_Frame0058_Timestamp = 9.753
Seq_Frame0059_ForcepToReference-SequenceTransform =-0.263673 0.307612 0.914249 -90.423 0.297595 0.927498 -0.226242 324.48 -0.917559 0.212422 -0.3361 184.693 0 0 0 1 
Seq_Frame0059_ForcepToReference-SequenceTransformStatus = OK
Seq_Frame0059_Timestamp = 9.865
Seq_Frame0060_ForcepToReference-SequenceTransform =-0.332106 0.289602 0.897684 -99.9953 0.227635 0.948178 -0.221677 322.78 -0.915362 0.130724 -0.380819 173.75 0 0 0 1 
Seq_Frame0060_ForcepToReference-SequenceTransformStatus = OK
Seq_Frame0060_Timestamp = 9.969
Seq_Frame0061_ForcepToReference-SequenceTransform =-0.368328 0.349093 0.861666 -93.5241 0.196715 0.935105 -0.294758 309.821 -0.908646 0.0609351 -0.413097 166.832 0 0 0 1 
Seq_Frame0061_ForcepToReference-SequenceTransformStatus = OK
Seq_Frame0061_Timestamp = 10.082
Seq_Frame0062_ForcepToReference-SequenceTransform =-0.343992 0.342467 0.874291 -94.0016 0.107216 0.939351 -0.325767 304.379 -0.932831 -0.0183235 -0.359848 155.677 0 0 0 1 
Seq_Frame0062_ForcepToReference-SequenceTransformStatus = OK
Seq_Frame0062_Timestamp = 10.186
Seq_Frame0063_ForcepToReference-SequenceTransform =-0.351179 0.335855 0.873999 -94.2869 0.0230863 0.936274 -0.35051 303.185 -0.936024 -0.102915 -0.336554 152.186 0 0 0 1 
Seq_Frame0063_ForcepToReference-SequenceTransformStatus = OK
Seq_Frame0063_Timestamp = 10.302
Seq_Frame0064_ForcepToReference-SequenceTransform =-0.367107 0.312089 0.876261 -95.7126 0.0470714 0.947061 -0.317585 304.368 -0.928987 -0.0753406 -0.362363 159.561 0 0 0 1 
Seq_Frame0064_ForcepToReference-SequenceTransformStatus = OK
Seq_Frame0064_Timestamp = 10.405
Seq_Frame0065_ForcepToReference-SequenceTransform =-0.363564 0.27941 0.888679 -98.3153 0.0571155 0.958851 -0.278107 306.566 -0.929817 -0.0503524 -0.364562 169.568 0 0 0 1 
Seq_Frame0065_ForcepToReference-SequenceTransformStatus = OK
Seq_Frame0065_Timestamp = 10.514
Seq_Frame0066_ForcepToReference-SequenceTransform =-0.408662 0.249804 0.877835 -100.849 0.0951783 0.968235 -0.231221 306.831 -0.90771 -0.0109401 -0.419456 173.892 0 0 0 1 
Seq_Frame0066_ForcepToReference-SequenceTransformStatus = OK
Seq_Frame0066_Timestamp = 10.617
Seq_Frame0067_ForcepToReference-SequenceTransform =-0.44591 0.221814 0.867158 -103.142 0.141424 0.974098 -0.176445 309.354 -0.883835 0.0439578 -0.46573 173.583 0 0 0 1 
Seq_Frame0067_ForcepToReference-SequenceTransformStatus = OK
Seq_Frame0067_Timestamp = 10.727
Seq_Frame0068_ForcepToReference-SequenceTransform =-0.471134 0.210778 0.856508 -105.135 0.144819 0.976336 -0.160607 311.084 -0.870092 0.0483707 -0.49051 174.191 0 0 0 1 
Seq_Frame0068_ForcepToReference-SequenceTransformStatus = OK
Seq_Frame0068_Timestamp = 10.832
Seq_Frame0069_ForcepToReference-SequenceTransform =-0.41876 0.202986 0.88512 -106.326 0.109409 0.978875 -0.172725 311.482 -0.901482 0.0245095 -0.432122 173.656 0 0 0 1 
Seq_Frame0069_ForcepToReference-SequenceTransformStatus = OK
Seq_Frame0069_Timestamp = 10.936
Seq_Frame0070_ForcepToReference-SequenceTransform =-0.455655 0.2086 0.86537 -106.603 0.118628 0.977713 -0.173217 312.137 -0.882217 0.0237301 -0.470246 174.219 0 0 0 1 
Seq_Frame0070_ForcepToReference-SequenceTransformStatus = OK
Seq_Frame0070_Timestamp = 11.047
Seq_Frame0071_ForcepToReference-SequenceTransform =-0.448053 0.207447 0.869606 -106.527 0.135026 0.97725 -0.163555 312.723 -0.883752 0.0441377 -0.46587 174.27 0 0 0 1 
Seq_Frame0071_ForcepToReference-SequenceTransformStatus = OK
Seq_Frame0071_Timestamp = 11.154
Seq_Frame0072_ForcepToReference-SequenceTransform =-0.469277 0.202176 0.859595 -107.139 0.153794 0.977273 -0.145893 315.016 -0.869555 0.0637369 -0.489705 176.193 0 0 0 1 
Seq_Frame0072_ForcepToReference-SequenceTransformStatus = OK
Seq_Frame0072_Timestamp = 11.262
Seq_Frame0073_ForcepToReference-SequenceTransform =-0.438889 0.200444 0.875899 -106.28 0.150146 0.977455 -0.14845 315.997 -0.885908 0.0663592 -0.45909 175.887 0 0 0 1 
Seq_Frame0073_ForcepToReference-SequenceTransformStatus = OK
Seq_Frame0073_Timestamp = 11.365
Seq_Frame0074_ForcepToReference-SequenceTransform =-0.46484 0.219239 0.857821 -104.727 0.133353 0.975142 -0.176962 316.094 -0.875295 0.0321341 -0.482521 175.765 0 0 0 1 
Seq_Frame0074_ForcepToReference-SequenceTransformStatus = OK
Seq_Frame0074_Timestamp = 11.477
Seq_Frame0075_ForcepToReference-SequenceTransform =-0.451546 0.213209 0.866399 -103.393 0.196924 0.970899 -0.136293 316.369 -0.870246 0.109072 -0.480392 176.713 0 0 0 1 
Seq_Frame0075_ForcepToReference-SequenceTransformStatus = OK
Seq_Frame0075_Timestamp = 11.581
Seq_Frame0076_ForcepToReference-SequenceTransform =-0.427323 0.239911 0.871687 -101.557 0.154332 0.969355 -0.191135 316.526 -0.890829 0.0528532 -0.451254 176.052 0 0 0 1 
Seq_Frame0076_ForcepToReference-SequenceTransformStatus = OK
Seq_Frame0076_Timestamp = 11.689
Seq_Frame0077_ForcepToReference-SequenceTransform =-0.431359 0.275569 0.859064 -99.1235 0.146548 0.960965 -0.234671 317.145 -0.890198 0.0246667 -0.454905 172.133 0 0 0 1 
Seq_Frame0077_ForcepToReference-SequenceTransformStatus = OK
Seq_Frame0077_Timestamp = 11.796
Seq_Frame0078_ForcepToReference-SequenceTransform =-0.397382 0.309004 0.864063 -96.2792 0.108553 0.950818 -0.290105 317.792 -0.91121 -0.0214856 -0.411381 171.429 0 0 0 1 
Seq_Frame0078_ForcepToReference-SequenceTransformStatus = OK
Seq_Frame0078_Timestamp = 11.904
Seq_Frame0079_ForcepToReference-SequenceTransform =-0.386887 0.323519 0.863512 -94.472 0.148408 0.946073 -0.287959 318.731 -0.910106 0.0167442 -0.414036 170.702 0 0 0 1 
Seq_Frame0079_ForcepToReference-SequenceTransformStatus = OK
Seq_Frame0079_Timestamp = 12.014
Seq_Frame0080_ForcepToReference-SequenceTransform =-0.367882 0.336278 0.866937 -93.3873 0.119801 0.941688 -0.314437 319.336 -0.922123 -0.0118157 -0.386716 168.733 0 0 0 1 
Seq_Frame0080_ForcepToReference-SequenceTransformStatus = OK
Seq_Frame0080_Timestamp = 12.12
Seq_Frame0081_ForcepToReference-SequenceTransform =-0.688692 0.418442 0.592123 -91.6744 0.302404 0.908009 -0.289951 319.038 -0.658981 -0.0206266 -0.751877 160.93 0 0 0 1 
Seq_Frame0081_ForcepToReference-SequenceTransformStatus = OK
Seq_Frame0081_Timestamp = 12.229
Seq_Frame0082_ForcepToReference-SequenceTransform =-0.277292 -0.659149 -0.699022 -91.6722 0.948207 -0.070401 -0.309754 319.086 0.154962 -0.74871 0.644531 168.202 0 0 0 1 
Seq_Frame0082_ForcepToReference-SequenceTransformStatus = OK
Seq_Frame0082_Timestamp = 12.398
Seq_Frame0083_ForcepToReference-SequenceTransform =-0.255967 -0.73513 -0.627746 -91.3555 0.946648 -0.0590868 -0.316806 320.87 0.195802 -0.675346 0.711034 167.335 0 0 0 1 
Seq_Frame0083_ForcepToReference-SequenceTransformStatus = OK
Seq_Frame0083_Timestamp = 12.51
Seq_Frame0084_ForcepToReference-SequenceTransform =-0.262751 -0.754405 -0.601527 -92.912 0.938331 -0.0545946 -0.3414 322.356 0.224714 -0.654135 0.722227 168.128 0 0 0 1 
Seq_Frame0084_ForcepToReference-SequenceTransformStatus = OK
Seq_Frame0084_Timestamp = 12.614
Seq_Frame0085_ForcepToReference-SequenceTransform =-0.266458 -0.727845 -0.631856 -93.9116 0.943826 -0.0641158 -0.324162 323.594 0.195428 -0.682738 0.704044 169.416 0 0 0 1 
Seq_Frame0085_ForcepToReference-SequenceTransformStatus = OK
Seq_Frame0085_Timestamp = 12.724
Seq_Frame0086_ForcepToReference-SequenceTransform =-0.273421 -0.708052 -0.651078 -93.9623 0.941121 -0.0570071 -0.333229 323.871 0.198827 -0.703855 0.68195 171.406 0 0 0 1 
Seq_Frame0086_ForcepToReference-SequenceTransformStatus = OK
Seq_Frame0086_Timestamp = 12.832
Seq_Frame0087_ForcepToReference-SequenceTransform =-0.275482 -0.697417 -0.661603 -94.0043 0.943139 -0.0629156 -0.326389 323.856 0.186004 -0.713898 0.675094 171.48 0 0 0 1 
Seq_Frame0087_ForcepToReference-SequenceTransformStatus = OK
Seq_Frame0087_Timestamp = 12.94
Seq_Frame0088_ForcepToReference-SequenceTransform =-0.275122 -0.69384 -0.665503 -93.7521 0.941815 -0.055465 -0.331524 324.135 0.193112 -0.71799 0.668729 173.248 0 0 0 1 
Seq_Frame0088_ForcepToReference-SequenceTransformStatus = OK
Seq_Frame0088_Timestamp = 13.048
Seq_Frame0089_ForcepToReference-SequenceTransform =-0.275927 -0.726069 -0.629832 -93.87 0.930517 -0.0375988 -0.364313 322.926 0.240835 -0.686593 0.685994 172.384 0 0 0 1 
Seq_Frame0089_ForcepToReference-SequenceTransformStatus = OK
Seq_Frame0089_Timestamp = 13.152
Seq_Frame0090_ForcepToReference-SequenceTransform =-0.272299 -0.727427 -0.629844 -93.4551 0.930376 -0.032059 -0.365201 322.443 0.245465 -0.685435 0.685511 172.779 0 0 0 1 
Seq_Frame0090_ForcepToReference-SequenceTransformStatus = OK
Seq_Frame0090_Timestamp = 13.263
Seq_Frame0091_ForcepToReference-SequenceTransform =-0.27349 -0.713303 -0.645292 -92.9878 0.933692 -0.0356647 -0.356296 322.468 0.231133 -0.699948 0.675759 172.112 0 0 0 1 
Seq_Frame0091_ForcepToReference-SequenceTransformStatus = OK
Seq_Frame0091_Timestamp = 13.365
Seq_Frame0092_ForcepToReference-SequenceTransform =-0.279924 -0.706768 -0.649709 -92.3887 0.928752 -0.0280465 -0.369639 322.611 0.243027 -0.70689 0.664263 172.544 0 0 0 1 
Seq_Frame0092_ForcepToReference-SequenceTransformStatus = OK
Seq_Frame0092_Timestamp = 13.472
Seq_Frame0093_ForcepToReference-SequenceTransform =-0.275932 -0.703341 -0.655113 -90.928 0.93078 -0.0254763 -0.36469 321.783 0.239811 -0.710396 0.661685 172.147 0 0 0 1 
Seq_Frame0093_ForcepToReference-SequenceTransformStatus = OK
Seq_Frame0093_Timestamp = 13.581
Seq_Frame0094_ForcepToReference-SequenceTransform =-0.279007 -0.720511 -0.634838 -90.4722 0.920534 -0.0124277 -0.390464 320.903 0.273444 -0.693332 0.666723 172.611 0 0 0 1 
Seq_Frame0094_ForcepToReference-SequenceTransformStatus = OK
Seq_Frame0094_Timestamp = 13.689
Seq_Frame0095_ForcepToReference-SequenceTransform =-0.271431 -0.723103 -0.635175 -90.2376 0.930607 -0.0288081 -0.364884 318.908 0.24555 -0.690139 0.680744 169.471 0 0 0 1 
Seq_Frame0095_ForcepToReference-SequenceTransformStatus = OK
Seq_Frame0095_Timestamp = 13.797
Seq_Frame0096_ForcepToReference-SequenceTransform =-0.255029 -0.753306 -0.60621 -91.7712 0.949524 -0.076676 -0.304178 314.136 0.182658 -0.653185 0.734837 163.961 0 0 0 1 
Seq_Frame0096_ForcepToReference-SequenceTransformStatus = OK
Seq_Frame0096_Timestamp = 13.907
Seq_Frame0097_ForcepToReference-SequenceTransform =-0.247238 -0.783232 -0.570456 -94.2988 0.959509 -0.115896 -0.256731 309.257 0.134967 -0.610832 0.780172 149.5 0 0 0 1 
Seq_Frame0097_ForcepToReference-SequenceTransformStatus = OK
Seq_Frame0097_Timestamp = 14.015
Seq_Frame0098_ForcepToReference-SequenceTransform =-0.177824 -0.863485 -0.471987 -88.7685 0.977054 -0.0977828 -0.189221 295.829 0.117237 -0.494805 0.86106 135.482 0 0 0 1 
Seq_Frame0098_ForcepToReference-SequenceTransformStatus = OK
Seq_Frame0098_Timestamp = 14.123
Seq_Frame0099_ForcepToReference-SequenceTransform =-0.0913731 -0.92141 -0.377695 -71.678 0.986114 -0.0309044 -0.16317 272.767 0.138674 -0.38736 0.911439 118.112 0 0 0 1 
Seq_Frame0099_ForcepToReference-SequenceTransformStatus = OK
Seq_Frame0099_Timestamp = 14.229
Seq_Frame0100_ForcepToReference-SequenceTransform =-0.0665049 -0.924792 -0.374615 -49.4456 0.997716 -0.06607 -0.0140198 247.791 -0.0117854 -0.374692 0.927074 96.471 0 0 0 1 
Seq_Frame0100_ForcepToReference-SequenceTransformStatus = OK
Seq_Frame0100_Timestamp = 14.342
Seq_Frame0101_ForcepToReference-SequenceTransform =-0.110387 -0.907458 -0.405382 -41.0966 0.99239 -0.123023 0.00515751 241.705 -0.0545515 -0.401727 0.914133 74.8901 0 0 0 1 
Seq_Frame0101_ForcepToReference-SequenceTransformStatus = OK
Seq_Frame0101_Timestamp = 14.444
Seq_Frame0102_ForcepToReference-SequenceTransform =-0.166164 -0.911301 -0.376722 -39.9075 0.984253 -0.129912 -0.119872 241.593 0.0602986 -0.390709 0.918537 73.9702 0 0 0 1 
Seq_Frame0102_ForcepToReference-SequenceTransformStatus = OK
Seq_Frame0102_Timestamp = 14.557
Seq_Frame0103_ForcepToReference-SequenceTransform =-0.143528 -0.890637 -0.431468 -32.4027 0.982272 -0.0750806 -0.171772 232.504 0.120591 -0.448473 0.885624 77.1138 0 0 0 1 
Seq_Frame0103_ForcepToReference-SequenceTransformStatus = OK
Seq_Frame0103_Timestamp = 14.66
Seq_Frame0104_ForcepToReference-SequenceTransform =-0.140543 -0.871297 -0.470201 -25.3671 0.977235 -0.0458434 -0.207146 224.792 0.15893 -0.48861 0.857905 73.7263 0 0 0 1 
Seq_Frame0104_ForcepToReference-SequenceTransformStatus = OK
Seq_Frame0104_Timestamp = 14.769
Seq_Frame0105_ForcepToReference-SequenceTransform =-0.139575 -0.868311 -0.475978 -22.0276 0.988142 -0.0910753 -0.123616 218.996 0.0639871 -0.487587 0.870726 62.9074 0 0 0 1 
Seq_Frame0105_ForcepToReference-SequenceTransformStatus = OK
Seq_Frame0105_Timestamp = 14.875
Seq_Frame0106_ForcepToReference-SequenceTransform =0.000179758 -0.858467 -0.512869 -8.37247 0.991441 -0.0668065 0.112172 203.794 -0.130559 -0.5085 0.851107 54.5109 0 0 0 1 
Seq_Frame0106_ForcepToReference-SequenceTransformStatus = OK
Seq_Frame0106_Timestamp = 14.981
Seq_Frame0107_ForcepToReference-SequenceTransform =0.0628391 -0.847852 -0.526496 -1.82457 0.969687 -0.0729482 0.233209 194.436 -0.236134 -0.525191 0.817567 56.5639 0 0 0 1 
Seq_Frame0107_ForcepToReference-SequenceTransformStatus = OK
Seq_Frame0107_Timestamp = 15.092
Seq_Frame0108_ForcepToReference-SequenceTransform =0.0612472 -0.862288 -0.502701 -1.86162 0.990993 -0.00755532 0.133699 197.685 -0.119085 -0.506362 0.854059 59.4875 0 0 0 1 
Seq_Frame0108_ForcepToReference-SequenceTransformStatus = OK
Seq_Frame0108_Timestamp = 15.197
Seq_Frame0109_ForcepToReference-SequenceTransform =0.0723759 -0.868345 -0.490651 -0.627221 0.991386 0.00879196 0.130679 195.536 -0.109161 -0.495882 0.861501 59.048 0 0 0 1 
Seq_Frame0109_ForcepToReference-SequenceTransformStatus = OK
Seq_Frame0109_Timestamp = 15.304
Seq_Frame0110_ForcepToReference-SequenceTransform =0.0821083 -0.873997 -0.478944 5.51938 0.989843 0.0155539 0.141311 196.847 -0.116056 -0.485682 0.866397 62.4223 0 0 0 1 
Seq_Frame0110_ForcepToReference-SequenceTransformStatus = OK
Seq_Frame0110_Timestamp = 15.409
Seq_Frame0111_ForcepToReference-SequenceTransform =0.13357 -0.910129 -0.392205 11.8065 0.973762 0.0469528 0.222671 192.796 -0.184244 -0.411657 0.89252 61.0513 0 0 0 1 
Seq_Frame0111_ForcepToReference-SequenceTransformStatus = OK
Seq_Frame0111_Timestamp = 15.519
Seq_Frame0112_ForcepToReference-SequenceTransform =0.18688 -0.91892 -0.347363 17.2589 0.946406 0.0735899 0.314485 187.873 -0.263425 -0.387518 0.883424 61.7283 0 0 0 1 
Seq_Frame0112_ForcepToReference-SequenceTransformStatus = OK
Seq_Frame0112_Timestamp = 15.626
Seq_Frame0113_ForcepToReference-SequenceTransform =0.22869 -0.921798 -0.313033 19.3093 0.931571 0.113865 0.345269 185.829 -0.282625 -0.370572 0.88476 61.0914 0 0 0 1 
Seq_Frame0113_ForcepToReference-SequenceTransformStatus = OK
Seq_Frame0113_Timestamp = 15.735
Seq_Frame0114_ForcepToReference-SequenceTransform =0.255301 -0.915827 -0.309971 22.2627 0.926191 0.139646 0.350243 185.074 -0.277475 -0.376509 0.883882 59.7854 0 0 0 1 
Seq_Frame0114_ForcepToReference-SequenceTransformStatus = OK
Seq_Frame0114_Timestamp = 15.839
Seq_Frame0115_ForcepToReference-SequenceTransform =0.262192 -0.90255 -0.341555 23.5848 0.92484 0.133949 0.35599 185.028 -0.275548 -0.409221 0.869834 59.5257 0 0 0 1 
Seq_Frame0115_ForcepToReference-SequenceTransformStatus = OK
Seq_Frame0115_Timestamp = 15.951
Seq_Frame0116_ForcepToReference-SequenceTransform =0.262486 -0.902062 -0.342615 23.8074 0.921745 0.12936 0.365584 183.729 -0.285459 -0.411764 0.865427 58.1764 0 0 0 1 
Seq_Frame0116_ForcepToReference-SequenceTransformStatus = OK
Seq_Frame0116_Timestamp = 16.057
Seq_Frame0117_ForcepToReference-SequenceTransform =0.270907 -0.898883 -0.344411 23.8373 0.919064 0.135139 0.370216 182.853 -0.286237 -0.416829 0.862741 57.5756 0 0 0 1 
Seq_Frame0117_ForcepToReference-SequenceTransformStatus = OK
Seq_Frame0117_Timestamp = 16.165
Seq_Frame0118_ForcepToReference-SequenceTransform =0.272865 -0.900752 -0.337921 23.2268 0.918044 0.138771 0.3714 183.437 -0.287646 -0.411568 0.864796 58.1134 0 0 0 1 
Seq_Frame0118_ForcepToReference-SequenceTransformStatus = OK
Seq_Frame0118_Timestamp = 16.277
Seq_Frame0119_ForcepToReference-SequenceTransform =0.277715 -0.898174 -0.340819 22.6271 0.9255 0.155037 0.345563 184.15 -0.257536 -0.411396 0.874316 58.6243 0 0 0 1 
Seq_Frame0119_ForcepToReference-SequenceTransformStatus = OK
Seq_Frame0119_Timestamp = 16.381
Seq_Frame0120_ForcepToReference-SequenceTransform =0.268996 -0.898727 -0.34631 21.6177 0.929023 0.14726 0.339457 185.37 -0.254082 -0.413043 0.87455 60.6264 0 0 0 1 
Seq_Frame0120_ForcepToReference-SequenceTransformStatus = OK
Seq_Frame0120_Timestamp = 16.493
Seq_Frame0121_ForcepToReference-SequenceTransform =0.257831 -0.903667 -0.34192 19.8876 0.93319 0.141211 0.330479 187.176 -0.250361 -0.404283 0.879701 62.3738 0 0 0 1 
Seq_Frame0121_ForcepToReference-SequenceTransformStatus = OK
Seq_Frame0121_Timestamp = 16.6
Seq_Frame0122_ForcepToReference-SequenceTransform =0.254954 -0.896639 -0.361989 20.2747 0.942975 0.147699 0.298302 189.263 -0.214004 -0.4174 0.883164 63.3654 0 0 0 1 
Seq_Frame0122_ForcepToReference-SequenceTransformStatus = OK
Seq_Frame0122_Timestamp = 16.71
Seq_Frame0123_ForcepToReference-SequenceTransform =0.230749 -0.896333 -0.378607 19.8286 0.951333 0.126146 0.281163 191.176 -0.204256 -0.425059 0.881819 64.2936 0 0 0 1 
Seq_Frame0123_ForcepToReference-SequenceTransformStatus = OK
Seq_Frame0123_Timestamp = 16.818
Seq_Frame0124_ForcepToReference-SequenceTransform =0.215701 -0.911959 -0.349003 15.0985 0.939427 0.0963135 0.328939 185.209 -0.266366 -0.398815 0.877494 60.4897 0 0 0 1 
Seq_Frame0124_ForcepToReference-SequenceTransformStatus = OK
Seq_Frame0124_Timestamp = 16.924
Seq_Frame0125_ForcepToReference-SequenceTransform =0.218714 -0.909966 -0.352316 16.1464 0.946204 0.109542 0.304465 188.697 -0.238459 -0.399954 0.884971 63.9842 0 0 0 1 
Seq_Frame0125_ForcepToReference-SequenceTransformStatus = OK
Seq_Frame0125_Timestamp = 17.034
Seq_Frame0126_ForcepToReference-SequenceTransform =0.23308 -0.903808 -0.358894 18.8278 0.949493 0.13178 0.284776 191.556 -0.210088 -0.407143 0.888874 66.6293 0 0 0 1 
Seq_Frame0126_ForcepToReference-SequenceTransformStatus = OK
Seq_Frame0126_Timestamp = 17.139
Seq_Frame0127_ForcepToReference-SequenceTransform =0.253981 -0.905952 -0.338741 20.1045 0.948258 0.164243 0.27172 193.105 -0.190529 -0.390225 0.90079 68.0197 0 0 0 1 
Seq_Frame0127_ForcepToReference-SequenceTransformStatus = OK
Seq_Frame0127_Timestamp = 17.246
Seq_Frame0128_ForcepToReference-SequenceTransform =0.247764 -0.90833 -0.336971 19.0525 0.943693 0.147567 0.296088 190.775 -0.21922 -0.391357 0.893746 66.5278 0 0 0 1 
Seq_Frame0128_ForcepToReference-SequenceTransformStatus = OK
Seq_Frame0128_Timestamp = 17.349
Seq_Frame0129_ForcepToReference-SequenceTransform =0.208446 -0.912067 -0.353105 15.856 0.960935 0.123773 0.247558 191.024 -0.182085 -0.390914 0.902237 65.8584 0 0 0 1 
Seq_Frame0129_ForcepToReference-SequenceTransformStatus = OK
Seq_Frame0129_Timestamp = 17.455
Seq_Frame0130_ForcepToReference-SequenceTransform =0.126991 -0.962648 -0.239127 -0.779272 0.954978 0.0534908 0.291815 191.847 -0.268125 -0.265419 0.9261 58.6666 0 0 0 1 
Seq_Frame0130_ForcepToReference-SequenceTransformStatus = OK
Seq_Frame0130_Timestamp = 17.566
Seq_Frame0131_ForcepToReference-SequenceTransform =0.168624 -0.961446 -0.217226 0.827828 0.946105 0.0960535 0.309289 183.39 -0.276499 -0.257672 0.925826 56.1284 0 0 0 1 
Seq_Frame0131_ForcepToReference-SequenceTransformStatus = OK
Seq_Frame0131_Timestamp = 17.671
Seq_Frame0132_ForcepToReference-SequenceTransform =0.16186 -0.95998 -0.22856 0.873052 0.950451 0.0893612 0.297754 182.673 -0.265414 -0.265429 0.926878 60.8416 0 0 0 1 
Seq_Frame0132_ForcepToReference-SequenceTransformStatus = OK
Seq_Frame0132_Timestamp = 17.779
Seq_Frame0133_ForcepToReference-SequenceTransform =0.15014 -0.963683 -0.220848 -1.25224 0.944723 0.0739857 0.319413 178.892 -0.291473 -0.256597 0.921521 59.3656 0 0 0 1 
Seq_Frame0133_ForcepToReference-SequenceTransformStatus = OK
Seq_Frame0133_Timestamp = 17.888
Seq_Frame0134_ForcepToReference-SequenceTransform =0.145443 -0.96819 -0.203602 -2.98028 0.937499 0.0691109 0.341057 176.336 -0.316137 -0.24048 0.917729 58.4942 0 0 0 1 
Seq_Frame0134_ForcepToReference-SequenceTransformStatus = OK
Seq_Frame0134_Timestamp = 17.994
Seq_Frame0135_ForcepToReference-SequenceTransform =0.135537 -0.970848 -0.197697 -4.24168 0.954337 0.0743123 0.289341 179.726 -0.266215 -0.227886 0.936588 64.1797 0 0 0 1 
Seq_Frame0135_ForcepToReference-SequenceTransformStatus = OK
Seq_Frame0135_Timestamp = 18.103
Seq_Frame0136_ForcepToReference-SequenceTransform =0.127064 -0.974693 -0.183923 -5.18112 0.957835 0.0723998 0.278047 180.806 -0.257694 -0.211498 0.942795 66.5379 0 0 0 1 
Seq_Frame0136_ForcepToReference-SequenceTransformStatus = OK
Seq_Frame0136_Timestamp = 18.209
Seq_Frame0137_ForcepToReference-SequenceTransform =0.115109 -0.977148 -0.178695 -7.41822 0.961269 0.0642239 0.268023 180.656 -0.250422 -0.202626 0.946695 68.7392 0 0 0 1 
Seq_Frame0137_ForcepToReference-SequenceTransformStatus = OK
Seq_Frame0137_Timestamp = 18.32
Seq_Frame0138_ForcepToReference-SequenceTransform =0.123324 -0.978001 -0.16824 -7.53744 0.96353 0.0774339 0.256154 182.225 -0.237491 -0.193694 0.951883 69.8591 0 0 0 1 
Seq_Frame0138_ForcepToReference-SequenceTransformStatus = OK
Seq_Frame0138_Timestamp = 18.426
Seq_Frame0139_ForcepToReference-SequenceTransform =0.11107 -0.978483 -0.173883 -8.71155 0.967556 0.0665138 0.243746 182.787 -0.226936 -0.195314 0.954124 72.4278 0 0 0 1 
Seq_Frame0139_ForcepToReference-SequenceTransformStatus = OK
Seq_Frame0139_Timestamp = 18.534
Seq_Frame0140_ForcepToReference-SequenceTransform =0.111828 -0.969469 -0.218228 -7.28567 0.970437 0.0592742 0.233964 183.871 -0.213886 -0.23794 0.947437 71.4117 0 0 0 1 
Seq_Frame0140_ForcepToReference-SequenceTransformStatus = OK
Seq_Frame0140_Timestamp = 18.643
Seq_Frame0141_ForcepToReference-SequenceTransform =0.106671 -0.959273 -0.261566 -5.05364 0.972075 0.0453105 0.230256 184.089 -0.209027 -0.278823 0.937318 70.5999 0 0 0 1 
Seq_Frame0141_ForcepToReference-SequenceTransformStatus = OK
Seq_Frame0141_Timestamp = 18.748
Seq_Frame0142_ForcepToReference-SequenceTransform =0.127967 -0.950232 -0.284047 0.319696 0.960527 0.0474143 0.274115 179.632 -0.247005 -0.307913 0.918792 60.5785 0 0 0 1 
Seq_Frame0142_ForcepToReference-SequenceTransformStatus = OK
Seq_Frame0142_Timestamp = 18.855
Seq_Frame0143_ForcepToReference-SequenceTransform =0.137186 -0.946287 -0.29278 2.28449 0.925027 0.0166768 0.379534 171.598 -0.354266 -0.322897 0.877629 52.0934 0 0 0 1 
Seq_Frame0143_ForcepToReference-SequenceTransformStatus = OK
Seq_Frame0143_Timestamp = 18.963
Seq_Frame0144_ForcepToReference-SequenceTransform =0.15093 -0.941824 -0.300314 4.04045 0.921666 0.0242264 0.387227 172.269 -0.357424 -0.335234 0.871703 51.7499 0 0 0 1 
Seq_Frame0144_ForcepToReference-SequenceTransformStatus = OK
Seq_Frame0144_Timestamp = 19.071
Seq_Frame0145_ForcepToReference-SequenceTransform =0.151159 -0.941662 -0.300706 3.69399 0.92121 0.0238671 0.388333 171.061 -0.358501 -0.335714 0.871076 51.2634 0 0 0 1 
Seq_Frame0145_ForcepToReference-SequenceTransformStatus = OK
Seq_Frame0145_Timestamp = 19.18
Seq_Frame0146_ForcepToReference-SequenceTransform =0.144041 -0.945319 -0.292615 2.42723 0.908762 0.009327 0.41721 169.294 -0.391668 -0.326013 0.860414 49.6961 0 0 0 1 
Seq_Frame0146_ForcepToReference-SequenceTransformStatus = OK
Seq_Frame0146_Timestamp = 19.288
Seq_Frame0147_ForcepToReference-SequenceTransform =0.135456 -0.947531 -0.289545 1.00982 0.910624 0.00390939 0.413218 166.272 -0.390405 -0.319639 0.863374 48.8156 0 0 0 1 
Seq_Frame0147_ForcepToReference-SequenceTransformStatus = OK
Seq_Frame0147_Timestamp = 19.394
Seq_Frame0148_ForcepToReference-SequenceTransform =0.11072 -0.957429 -0.26659 -0.932554 0.918787 -0.00366046 0.394736 166.544 -0.378908 -0.288644 0.879269 51.5926 0 0 0 1 
Seq_Frame0148_ForcepToReference-SequenceTransformStatus = OK
Seq_Frame0148_Timestamp = 19.501
Seq_Frame0149_ForcepToReference-SequenceTransform =0.0884154 -0.961003 -0.262023 -4.8228 0.935169 -0.0104941 0.354046 167.414 -0.342989 -0.276339 0.897772 55.6898 0 0 0 1 
Seq_Frame0149_ForcepToReference-SequenceTransformStatus = OK
Seq_Frame0149_Timestamp = 19.611
