ObjectType = Image
NDims = 3
AnatomicalOrientation = RAI
BinaryData = True
CompressedData = False
DimSize = 0 0 3449
ElementSpacing = 1 1 1
Offset = 0 0 0
TransformMatrix = 1 0 0 0 1 0 0 0 1
ElementType = MET_UCHAR
Kinds = domain domain list
Seq_Frame0000_DriverToReference-SequenceTransform =-0.849994 -0.509926 0.132231 161.387 -0.181437 0.519035 0.835275 4.50268 -0.494561 0.685987 -0.533696 15.4501 0 0 0 1 
Seq_Frame0000_DriverToReference-SequenceTransformStatus = OK
Seq_Frame0000_Timestamp = 0.0149999
Seq_Frame0001_DriverToReference-SequenceTransform =-0.85064 -0.508909 0.131998 161.422 -0.180414 0.518374 0.835906 4.41395 -0.493824 0.687241 -0.532764 15.4952 0 0 0 1 
Seq_Frame0001_DriverToReference-SequenceTransformStatus = OK
Seq_Frame0001_Timestamp = 0.133
Seq_Frame0002_DriverToReference-SequenceTransform =-0.851113 -0.508321 0.131209 161.422 -0.180478 0.518007 0.83612 4.38535 -0.492985 0.687952 -0.532624 15.4735 0 0 0 1 
Seq_Frame0002_DriverToReference-SequenceTransformStatus = OK
Seq_Frame0002_Timestamp = 0.239
Seq_Frame0003_DriverToReference-SequenceTransform =-0.851284 -0.507963 0.131489 161.431 -0.179809 0.517837 0.836369 4.2573 -0.492935 0.688345 -0.532162 15.5926 0 0 0 1 
Seq_Frame0003_DriverToReference-SequenceTransformStatus = OK
Seq_Frame0003_Timestamp = 0.349
Seq_Frame0004_DriverToReference-SequenceTransform =-0.850931 -0.508446 0.131904 161.418 -0.180193 0.518429 0.83592 4.32523 -0.493403 0.687542 -0.532766 15.469 0 0 0 1 
Seq_Frame0004_DriverToReference-SequenceTransformStatus = OK
Seq_Frame0004_Timestamp = 0.454
Seq_Frame0005_DriverToReference-SequenceTransform =-0.850942 -0.508491 0.131659 161.439 -0.180208 0.518067 0.836141 4.39042 -0.493379 0.687781 -0.532479 15.3631 0 0 0 1 
Seq_Frame0005_DriverToReference-SequenceTransformStatus = OK
Seq_Frame0005_Timestamp = 0.563
Seq_Frame0006_DriverToReference-SequenceTransform =-0.851106 -0.508278 0.131422 161.432 -0.180472 0.518336 0.835917 4.34989 -0.492999 0.687736 -0.532889 15.4391 0 0 0 1 
Seq_Frame0006_DriverToReference-SequenceTransformStatus = OK
Seq_Frame0006_Timestamp = 0.67
Seq_Frame0007_DriverToReference-SequenceTransform =-0.839512 -0.527622 0.129747 161.109 -0.188467 0.506744 0.841244 4.18808 -0.509607 0.681782 -0.524857 15.508 0 0 0 1 
Seq_Frame0007_DriverToReference-SequenceTransformStatus = OK
Seq_Frame0007_Timestamp = 0.779
Seq_Frame0008_DriverToReference-SequenceTransform =-0.802696 -0.583783 0.121965 160.112 -0.237586 0.500594 0.832441 7.06138 -0.54702 0.63922 -0.540524 17.776 0 0 0 1 
Seq_Frame0008_DriverToReference-SequenceTransformStatus = OK
Seq_Frame0008_Timestamp = 0.884
Seq_Frame0009_DriverToReference-SequenceTransform =-0.741788 -0.650252 0.164083 159.234 -0.281026 0.523545 0.804316 11.752 -0.608913 0.55052 -0.571097 17.6114 0 0 0 1 
Seq_Frame0009_DriverToReference-SequenceTransformStatus = OK
Seq_Frame0009_Timestamp = 0.994
Seq_Frame0010_DriverToReference-SequenceTransform =-0.714009 -0.683956 0.149651 163.212 -0.362908 0.544335 0.756305 15.1213 -0.598739 0.485699 -0.636873 12.5055 0 0 0 1 
Seq_Frame0010_DriverToReference-SequenceTransformStatus = OK
Seq_Frame0010_Timestamp = 1.098
Seq_Frame0011_DriverToReference-SequenceTransform =-0.652176 -0.758064 -0.00238384 166.021 -0.592426 0.507708 0.625511 40.1022 -0.472967 0.409356 -0.780212 -2.62402 0 0 0 1 
Seq_Frame0011_DriverToReference-SequenceTransformStatus = OK
Seq_Frame0011_Timestamp = 1.209
Seq_Frame0012_DriverToReference-SequenceTransform =-0.660929 -0.729374 -0.176596 172.781 -0.613876 0.39011 0.686273 85.8241 -0.431658 0.561986 -0.70558 -20.7592 0 0 0 1 
Seq_Frame0012_DriverToReference-SequenceTransformStatus = OK
Seq_Frame0012_Timestamp = 1.313
Seq_Frame0013_DriverToReference-SequenceTransform =-0.662538 -0.70601 -0.250186 178.007 -0.528601 0.204064 0.823977 151.842 -0.530682 0.678165 -0.508398 -17.1168 0 0 0 1 
Seq_Frame0013_DriverToReference-SequenceTransformStatus = OK
Seq_Frame0013_Timestamp = 1.419
Seq_Frame0014_DriverToReference-SequenceTransform =-0.681453 -0.660549 -0.315115 180.653 -0.438033 0.0231894 0.89866 196.39 -0.586302 0.750425 -0.305145 -8.08073 0 0 0 1 
Seq_Frame0014_DriverToReference-SequenceTransformStatus = OK
Seq_Frame0014_Timestamp = 1.524
Seq_Frame0015_DriverToReference-SequenceTransform =-0.783354 -0.566458 -0.255892 183.548 -0.378222 0.107699 0.919429 204.987 -0.493259 0.817023 -0.298613 -9.93189 0 0 0 1 
Seq_Frame0015_DriverToReference-SequenceTransformStatus = OK
Seq_Frame0015_Timestamp = 1.63
Seq_Frame0016_DriverToReference-SequenceTransform =-0.916282 -0.363951 -0.167236 184.447 -0.263003 0.231796 0.936536 207.388 -0.302089 0.902114 -0.30811 -16.7144 0 0 0 1 
Seq_Frame0016_DriverToReference-SequenceTransformStatus = OK
Seq_Frame0016_Timestamp = 1.734
Seq_Frame0017_DriverToReference-SequenceTransform =-0.962061 -0.222631 -0.157715 182.091 -0.194841 0.155974 0.968354 210.845 -0.190986 0.962345 -0.193434 -22.1561 0 0 0 1 
Seq_Frame0017_DriverToReference-SequenceTransformStatus = OK
Seq_Frame0017_Timestamp = 1.843
Seq_Frame0018_DriverToReference-SequenceTransform =-0.962061 -0.222631 -0.157715 182.091 -0.194841 0.155974 0.968354 210.845 -0.190986 0.962345 -0.193434 -22.1561 0 0 0 1 
Seq_Frame0018_DriverToReference-SequenceTransformStatus = OK
Seq_Frame0018_Timestamp = 1.949
Seq_Frame0019_DriverToReference-SequenceTransform =-0.962061 -0.222631 -0.157715 182.091 -0.194841 0.155974 0.968354 210.845 -0.190986 0.962345 -0.193434 -22.1561 0 0 0 1 
Seq_Frame0019_DriverToReference-SequenceTransformStatus = OK
Seq_Frame0019_Timestamp = 2.053
Seq_Frame0020_DriverToReference-SequenceTransform =-0.962061 -0.222631 -0.157715 182.091 -0.194841 0.155974 0.968354 210.845 -0.190986 0.962345 -0.193434 -22.1561 0 0 0 1 
Seq_Frame0020_DriverToReference-SequenceTransformStatus = OK
Seq_Frame0020_Timestamp = 2.159
Seq_Frame0021_DriverToReference-SequenceTransform =-0.962061 -0.222631 -0.157715 182.091 -0.194841 0.155974 0.968354 210.845 -0.190986 0.962345 -0.193434 -22.1561 0 0 0 1 
Seq_Frame0021_DriverToReference-SequenceTransformStatus = OK
Seq_Frame0021_Timestamp = 2.263
Seq_Frame0022_DriverToReference-SequenceTransform =-0.962061 -0.222631 -0.157715 182.091 -0.194841 0.155974 0.968354 210.845 -0.190986 0.962345 -0.193434 -22.1561 0 0 0 1 
Seq_Frame0022_DriverToReference-SequenceTransformStatus = OK
Seq_Frame0022_Timestamp = 2.369
Seq_Frame0023_DriverToReference-SequenceTransform =-0.962061 -0.222631 -0.157715 182.091 -0.194841 0.155974 0.968354 210.845 -0.190986 0.962345 -0.193434 -22.1561 0 0 0 1 
Seq_Frame0023_DriverToReference-SequenceTransformStatus = OK
Seq_Frame0023_Timestamp = 2.474
Seq_Frame0024_DriverToReference-SequenceTransform =-0.909758 -0.225268 0.348704 133.605 0.220253 0.450086 0.865396 246.584 -0.351893 0.864104 -0.359853 -11.4959 0 0 0 1 
Seq_Frame0024_DriverToReference-SequenceTransformStatus = OK
Seq_Frame0024_Timestamp = 2.584
Seq_Frame0025_DriverToReference-SequenceTransform =-0.886441 -0.19732 0.418674 129.286 0.182541 0.682205 0.708008 244.439 -0.425325 0.704032 -0.568716 -6.21352 0 0 0 1 
Seq_Frame0025_DriverToReference-SequenceTransformStatus = OK
Seq_Frame0025_Timestamp = 2.688
Seq_Frame0026_DriverToReference-SequenceTransform =-0.873026 -0.208891 0.440671 127.804 0.102298 0.805069 0.584293 246.626 -0.476824 0.555183 -0.681477 -1.44986 0 0 0 1 
Seq_Frame0026_DriverToReference-SequenceTransformStatus = OK
Seq_Frame0026_Timestamp = 2.799
Seq_Frame0027_DriverToReference-SequenceTransform =-0.849572 -0.170602 0.499122 126.921 0.133865 0.845537 0.516863 244.77 -0.510204 0.505927 -0.695507 -0.0714813 0 0 0 1 
Seq_Frame0027_DriverToReference-SequenceTransformStatus = OK
Seq_Frame0027_Timestamp = 2.904
Seq_Frame0028_DriverToReference-SequenceTransform =-0.847168 -0.109415 0.519937 127.211 0.185377 0.856209 0.482226 243.511 -0.497937 0.504911 -0.70507 0.550774 0 0 0 1 
Seq_Frame0028_DriverToReference-SequenceTransformStatus = OK
Seq_Frame0028_Timestamp = 3.014
Seq_Frame0029_DriverToReference-SequenceTransform =-0.839238 -0.0885759 0.536502 127.328 0.194683 0.872295 0.448554 242.577 -0.507719 0.480891 -0.714818 0.31699 0 0 0 1 
Seq_Frame0029_DriverToReference-SequenceTransformStatus = OK
Seq_Frame0029_Timestamp = 3.119
Seq_Frame0030_DriverToReference-SequenceTransform =-0.824618 -0.0797146 0.560046 127.017 0.218235 0.868554 0.444958 240.113 -0.521899 0.489142 -0.698828 0.0128673 0 0 0 1 
Seq_Frame0030_DriverToReference-SequenceTransformStatus = OK
Seq_Frame0030_Timestamp = 3.229
Seq_Frame0031_DriverToReference-SequenceTransform =-0.821524 -0.0549454 0.567521 125.802 0.256703 0.853121 0.454191 239 -0.509119 0.518812 -0.686754 -0.562574 0 0 0 1 
Seq_Frame0031_DriverToReference-SequenceTransformStatus = OK
Seq_Frame0031_Timestamp = 3.334
Seq_Frame0032_DriverToReference-SequenceTransform =-0.805118 -0.0484986 0.591129 124.817 0.27681 0.850726 0.446812 238.196 -0.524559 0.523366 -0.67151 -1.31045 0 0 0 1 
Seq_Frame0032_DriverToReference-SequenceTransformStatus = OK
Seq_Frame0032_Timestamp = 3.439
Seq_Frame0033_DriverToReference-SequenceTransform =-0.812569 -0.0793943 0.577432 125.806 0.295746 0.797518 0.525832 238.95 -0.502261 0.598049 -0.624558 -4.16147 0 0 0 1 
Seq_Frame0033_DriverToReference-SequenceTransformStatus = OK
Seq_Frame0033_Timestamp = 3.544
Seq_Frame0034_DriverToReference-SequenceTransform =-0.838162 -0.114808 0.533202 125.678 0.28354 0.743399 0.605775 242.675 -0.46593 0.658921 -0.590536 -6.90593 0 0 0 1 
Seq_Frame0034_DriverToReference-SequenceTransformStatus = OK
Seq_Frame0034_Timestamp = 3.649
Seq_Frame0035_DriverToReference-SequenceTransform =-0.855298 -0.13021 0.501509 125.916 0.272022 0.710945 0.648507 244.832 -0.440987 0.691088 -0.572649 -8.00084 0 0 0 1 
Seq_Frame0035_DriverToReference-SequenceTransformStatus = OK
Seq_Frame0035_Timestamp = 3.754
Seq_Frame0036_DriverToReference-SequenceTransform =-0.871147 -0.166408 0.461964 124.836 0.234197 0.6861 0.688781 246.097 -0.431572 0.70822 -0.558721 -8.41702 0 0 0 1 
Seq_Frame0036_DriverToReference-SequenceTransformStatus = OK
Seq_Frame0036_Timestamp = 3.863
Seq_Frame0037_DriverToReference-SequenceTransform =-0.874709 -0.187907 0.446738 124.05 0.235668 0.640546 0.730863 246.864 -0.423491 0.744575 -0.516008 -9.25558 0 0 0 1 
Seq_Frame0037_DriverToReference-SequenceTransformStatus = OK
Seq_Frame0037_Timestamp = 3.969
Seq_Frame0038_DriverToReference-SequenceTransform =-0.896681 -0.184876 0.402223 124.663 0.216404 0.609577 0.762618 248.816 -0.386176 0.770868 -0.506588 -9.80299 0 0 0 1 
Seq_Frame0038_DriverToReference-SequenceTransformStatus = OK
Seq_Frame0038_Timestamp = 4.075
Seq_Frame0039_DriverToReference-SequenceTransform =-0.899805 -0.201128 0.387167 125.372 0.208736 0.580794 0.786834 249.315 -0.383119 0.788813 -0.480619 -9.55691 0 0 0 1 
Seq_Frame0039_DriverToReference-SequenceTransformStatus = OK
Seq_Frame0039_Timestamp = 4.179
Seq_Frame0040_DriverToReference-SequenceTransform =-0.902574 -0.202298 0.380046 125.571 0.205586 0.573077 0.793296 247.937 -0.378277 0.79414 -0.475655 -8.87495 0 0 0 1 
Seq_Frame0040_DriverToReference-SequenceTransformStatus = OK
Seq_Frame0040_Timestamp = 4.284
Seq_Frame0041_DriverToReference-SequenceTransform =-0.901117 -0.183251 0.392946 126.603 0.212602 0.603107 0.768806 245.862 -0.377873 0.776326 -0.50451 -7.2492 0 0 0 1 
Seq_Frame0041_DriverToReference-SequenceTransformStatus = OK
Seq_Frame0041_Timestamp = 4.394
Seq_Frame0042_DriverToReference-SequenceTransform =-0.891944 -0.204833 0.403087 126.186 0.173012 0.669035 0.722814 244.332 -0.417735 0.714448 -0.561303 -5.06837 0 0 0 1 
Seq_Frame0042_DriverToReference-SequenceTransformStatus = OK
Seq_Frame0042_Timestamp = 4.498
Seq_Frame0043_DriverToReference-SequenceTransform =-0.880837 -0.244197 0.405579 127.056 0.158185 0.65565 0.738309 242.897 -0.446211 0.714486 -0.538893 -5.35755 0 0 0 1 
Seq_Frame0043_DriverToReference-SequenceTransformStatus = OK
Seq_Frame0043_Timestamp = 4.606
Seq_Frame0044_DriverToReference-SequenceTransform =-0.884765 -0.241604 0.398519 127.161 0.158685 0.647845 0.745061 241.706 -0.438189 0.722443 -0.534852 -5.55333 0 0 0 1 
Seq_Frame0044_DriverToReference-SequenceTransformStatus = OK
Seq_Frame0044_Timestamp = 4.714
Seq_Frame0045_DriverToReference-SequenceTransform =-0.889487 -0.247686 0.384012 127.396 0.14783 0.6392 0.754699 240.435 -0.432388 0.728063 -0.531944 -5.07901 0 0 0 1 
Seq_Frame0045_DriverToReference-SequenceTransformStatus = OK
Seq_Frame0045_Timestamp = 4.819
Seq_Frame0046_DriverToReference-SequenceTransform =-0.891349 -0.24075 0.384105 126.657 0.157014 0.630905 0.759806 239.115 -0.425257 0.737562 -0.524555 -5.6824 0 0 0 1 
Seq_Frame0046_DriverToReference-SequenceTransformStatus = OK
Seq_Frame0046_Timestamp = 4.924
Seq_Frame0047_DriverToReference-SequenceTransform =-0.890067 -0.23785 0.388854 126.464 0.163075 0.630455 0.758902 238.51 -0.42566 0.738887 -0.52236 -5.35797 0 0 0 1 
Seq_Frame0047_DriverToReference-SequenceTransformStatus = OK
Seq_Frame0047_Timestamp = 5.034
Seq_Frame0048_DriverToReference-SequenceTransform =-0.890245 -0.243452 0.38496 126.617 0.156626 0.630009 0.760629 238.361 -0.427705 0.737441 -0.522732 -5.26381 0 0 0 1 
Seq_Frame0048_DriverToReference-SequenceTransformStatus = OK
Seq_Frame0048_Timestamp = 5.139
Seq_Frame0049_DriverToReference-SequenceTransform =-0.885864 -0.245031 0.39396 126.702 0.167225 0.623437 0.763782 237.577 -0.43276 0.742487 -0.511305 -5.4023 0 0 0 1 
Seq_Frame0049_DriverToReference-SequenceTransformStatus = OK
Seq_Frame0049_Timestamp = 5.244
Seq_Frame0050_DriverToReference-SequenceTransform =-0.894711 -0.251513 0.369097 126.869 0.139821 0.627121 0.76627 238.096 -0.424195 0.737198 -0.525925 -5.24914 0 0 0 1 
Seq_Frame0050_DriverToReference-SequenceTransformStatus = OK
Seq_Frame0050_Timestamp = 5.348
Seq_Frame0051_DriverToReference-SequenceTransform =-0.905419 -0.226809 0.35885 124.838 0.154192 0.61188 0.775776 238.757 -0.395526 0.757734 -0.519036 -6.79639 0 0 0 1 
Seq_Frame0051_DriverToReference-SequenceTransformStatus = OK
Seq_Frame0051_Timestamp = 5.454
Seq_Frame0052_DriverToReference-SequenceTransform =-0.918313 -0.20123 0.340891 123.566 0.169523 0.578279 0.798032 239.575 -0.357718 0.790633 -0.496928 -7.81592 0 0 0 1 
Seq_Frame0052_DriverToReference-SequenceTransformStatus = OK
Seq_Frame0052_Timestamp = 5.558
Seq_Frame0053_DriverToReference-SequenceTransform =-0.92647 -0.187856 0.326134 123.07 0.167139 0.571042 0.803726 239.521 -0.337221 0.799138 -0.497655 -8.12878 0 0 0 1 
Seq_Frame0053_DriverToReference-SequenceTransformStatus = OK
Seq_Frame0053_Timestamp = 5.664
Seq_Frame0054_DriverToReference-SequenceTransform =-0.93138 -0.190913 0.309974 119.187 0.133852 0.612238 0.779261 240.57 -0.338549 0.767279 -0.544672 -7.0972 0 0 0 1 
Seq_Frame0054_DriverToReference-SequenceTransformStatus = OK
Seq_Frame0054_Timestamp = 5.773
Seq_Frame0055_DriverToReference-SequenceTransform =-0.932681 -0.108611 0.343963 120.636 0.201845 0.633155 0.747244 239.447 -0.298941 0.766367 -0.568609 -7.76639 0 0 0 1 
Seq_Frame0055_DriverToReference-SequenceTransformStatus = OK
Seq_Frame0055_Timestamp = 5.879
Seq_Frame0056_DriverToReference-SequenceTransform =-0.931091 -0.122209 0.343707 116.741 0.212832 0.583231 0.783929 236.722 -0.296264 0.803061 -0.517031 -8.07908 0 0 0 1 
Seq_Frame0056_DriverToReference-SequenceTransformStatus = OK
Seq_Frame0056_Timestamp = 5.984
Seq_Frame0057_DriverToReference-SequenceTransform =-0.931406 -0.163516 0.325186 115.846 0.190374 0.542617 0.818123 240.527 -0.310228 0.823911 -0.474267 -7.7415 0 0 0 1 
Seq_Frame0057_DriverToReference-SequenceTransformStatus = OK
Seq_Frame0057_Timestamp = 6.089
Seq_Frame0058_DriverToReference-SequenceTransform =-0.94419 -0.13635 0.299857 114.065 0.198353 0.491421 0.848034 241.971 -0.262986 0.860182 -0.436949 -8.55113 0 0 0 1 
Seq_Frame0058_DriverToReference-SequenceTransformStatus = OK
Seq_Frame0058_Timestamp = 6.194
Seq_Frame0059_DriverToReference-SequenceTransform =-0.948702 -0.174717 0.263511 112.915 0.161406 0.449025 0.87882 242.845 -0.271867 0.876271 -0.397791 -9.58359 0 0 0 1 
Seq_Frame0059_DriverToReference-SequenceTransformStatus = OK
Seq_Frame0059_Timestamp = 6.299
Seq_Frame0060_DriverToReference-SequenceTransform =-0.956981 -0.181409 0.226447 112.479 0.135807 0.409628 0.902087 243.333 -0.256406 0.894033 -0.367369 -9.81186 0 0 0 1 
Seq_Frame0060_DriverToReference-SequenceTransformStatus = OK
Seq_Frame0060_Timestamp = 6.409
Seq_Frame0061_DriverToReference-SequenceTransform =-0.956981 -0.181409 0.226447 112.479 0.135807 0.409628 0.902087 243.333 -0.256406 0.894033 -0.367369 -9.81186 0 0 0 1 
Seq_Frame0061_DriverToReference-SequenceTransformStatus = OK
Seq_Frame0061_Timestamp = 6.514
Seq_Frame0062_DriverToReference-SequenceTransform =-0.956981 -0.181409 0.226447 112.479 0.135807 0.409628 0.902087 243.333 -0.256406 0.894033 -0.367369 -9.81186 0 0 0 1 
Seq_Frame0062_DriverToReference-SequenceTransformStatus = OK
Seq_Frame0062_Timestamp = 6.624
Seq_Frame0063_DriverToReference-SequenceTransform =-0.956981 -0.181409 0.226447 112.479 0.135807 0.409628 0.902087 243.333 -0.256406 0.894033 -0.367369 -9.81186 0 0 0 1 
Seq_Frame0063_DriverToReference-SequenceTransformStatus = OK
Seq_Frame0063_Timestamp = 6.728
Seq_Frame0064_DriverToReference-SequenceTransform =-0.956981 -0.181409 0.226447 112.479 0.135807 0.409628 0.902087 243.333 -0.256406 0.894033 -0.367369 -9.81186 0 0 0 1 
Seq_Frame0064_DriverToReference-SequenceTransformStatus = OK
Seq_Frame0064_Timestamp = 6.834
Seq_Frame0065_DriverToReference-SequenceTransform =-0.956981 -0.181409 0.226447 112.479 0.135807 0.409628 0.902087 243.333 -0.256406 0.894033 -0.367369 -9.81186 0 0 0 1 
Seq_Frame0065_DriverToReference-SequenceTransformStatus = OK
Seq_Frame0065_Timestamp = 6.938
Seq_Frame0066_DriverToReference-SequenceTransform =-0.956981 -0.181409 0.226447 112.479 0.135807 0.409628 0.902087 243.333 -0.256406 0.894033 -0.367369 -9.81186 0 0 0 1 
Seq_Frame0066_DriverToReference-SequenceTransformStatus = OK
Seq_Frame0066_Timestamp = 7.044
Seq_Frame0067_DriverToReference-SequenceTransform =-0.956981 -0.181409 0.226447 112.479 0.135807 0.409628 0.902087 243.333 -0.256406 0.894033 -0.367369 -9.81186 0 0 0 1 
Seq_Frame0067_DriverToReference-SequenceTransformStatus = OK
Seq_Frame0067_Timestamp = 7.148
Seq_Frame0068_DriverToReference-SequenceTransform =-0.956981 -0.181409 0.226447 112.479 0.135807 0.409628 0.902087 243.333 -0.256406 0.894033 -0.367369 -9.81186 0 0 0 1 
Seq_Frame0068_DriverToReference-SequenceTransformStatus = OK
Seq_Frame0068_Timestamp = 7.254
Seq_Frame0069_DriverToReference-SequenceTransform =-0.956981 -0.181409 0.226447 112.479 0.135807 0.409628 0.902087 243.333 -0.256406 0.894033 -0.367369 -9.81186 0 0 0 1 
Seq_Frame0069_DriverToReference-SequenceTransformStatus = OK
Seq_Frame0069_Timestamp = 7.358
Seq_Frame0070_DriverToReference-SequenceTransform =-0.956981 -0.181409 0.226447 112.479 0.135807 0.409628 0.902087 243.333 -0.256406 0.894033 -0.367369 -9.81186 0 0 0 1 
Seq_Frame0070_DriverToReference-SequenceTransformStatus = OK
Seq_Frame0070_Timestamp = 7.469
Seq_Frame0071_DriverToReference-SequenceTransform =-0.561799 -0.663179 -0.494546 107.559 -0.767199 0.194011 0.611364 261.73 -0.309496 0.722879 -0.617785 8.65927 0 0 0 1 
Seq_Frame0071_DriverToReference-SequenceTransformStatus = OK
Seq_Frame0071_Timestamp = 7.573
Seq_Frame0072_DriverToReference-SequenceTransform =-0.55615 -0.687141 -0.467477 114.249 -0.781994 0.242214 0.574297 256.414 -0.281394 0.68496 -0.672047 4.72112 0 0 0 1 
Seq_Frame0072_DriverToReference-SequenceTransformStatus = OK
Seq_Frame0072_Timestamp = 7.679
Seq_Frame0073_DriverToReference-SequenceTransform =-0.505122 -0.670608 -0.543265 118.656 -0.84002 0.237578 0.487774 254.257 -0.198037 0.702739 -0.683329 1.43158 0 0 0 1 
Seq_Frame0073_DriverToReference-SequenceTransformStatus = OK
Seq_Frame0073_Timestamp = 7.785
Seq_Frame0074_DriverToReference-SequenceTransform =-0.369073 -0.601323 -0.708658 113.704 -0.922876 0.146923 0.355969 254.092 -0.109934 0.785381 -0.609172 -2.47784 0 0 0 1 
Seq_Frame0074_DriverToReference-SequenceTransformStatus = OK
Seq_Frame0074_Timestamp = 7.892
Seq_Frame0075_DriverToReference-SequenceTransform =-0.277481 -0.618142 -0.735462 119.73 -0.957574 0.115939 0.263837 257.055 -0.0778198 0.777469 -0.624088 -4.11758 0 0 0 1 
Seq_Frame0075_DriverToReference-SequenceTransformStatus = OK
Seq_Frame0075_Timestamp = 7.994
Seq_Frame0076_DriverToReference-SequenceTransform =-0.328914 -0.661733 -0.67374 137.339 -0.940317 0.163545 0.298425 265.166 -0.0872909 0.731685 -0.676031 -5.84719 0 0 0 1 
Seq_Frame0076_DriverToReference-SequenceTransformStatus = OK
Seq_Frame0076_Timestamp = 8.098
Seq_Frame0077_DriverToReference-SequenceTransform =-0.552363 -0.616862 -0.560692 149.354 -0.817778 0.270547 0.50798 266.073 -0.16166 0.739111 -0.653897 -5.24214 0 0 0 1 
Seq_Frame0077_DriverToReference-SequenceTransformStatus = OK
Seq_Frame0077_Timestamp = 8.204
Seq_Frame0078_DriverToReference-SequenceTransform =-0.695094 -0.550155 -0.462788 150.596 -0.705194 0.396585 0.587726 265.525 -0.139806 0.734881 -0.66363 -2.90077 0 0 0 1 
Seq_Frame0078_DriverToReference-SequenceTransformStatus = OK
Seq_Frame0078_Timestamp = 8.31
Seq_Frame0079_DriverToReference-SequenceTransform =-0.805601 -0.486809 -0.337675 148.533 -0.579993 0.531714 0.617161 256.245 -0.120893 0.693035 -0.710695 -0.809276 0 0 0 1 
Seq_Frame0079_DriverToReference-SequenceTransformStatus = OK
Seq_Frame0079_Timestamp = 8.42
Seq_Frame0080_DriverToReference-SequenceTransform =-0.842394 -0.432908 -0.320878 140.899 -0.531143 0.566634 0.62993 254.493 -0.0908818 0.701082 -0.707266 3.12965 0 0 0 1 
Seq_Frame0080_DriverToReference-SequenceTransformStatus = OK
Seq_Frame0080_Timestamp = 8.523
Seq_Frame0081_DriverToReference-SequenceTransform =-0.811776 -0.445858 -0.377135 133.716 -0.579663 0.536935 0.612936 263.698 -0.0707857 0.716178 -0.694319 5.33742 0 0 0 1 
Seq_Frame0081_DriverToReference-SequenceTransformStatus = OK
Seq_Frame0081_Timestamp = 8.629
Seq_Frame0082_DriverToReference-SequenceTransform =-0.807226 -0.415828 -0.418896 125.069 -0.590113 0.553694 0.587528 271.518 -0.0123697 0.721464 -0.692342 7.52206 0 0 0 1 
Seq_Frame0082_DriverToReference-SequenceTransformStatus = OK
Seq_Frame0082_Timestamp = 8.739
Seq_Frame0083_DriverToReference-SequenceTransform =-0.699183 -0.303649 -0.647256 115.44 -0.714846 0.28202 0.639891 290.51 -0.0117629 0.910089 -0.414245 10.4176 0 0 0 1 
Seq_Frame0083_DriverToReference-SequenceTransformStatus = OK
Seq_Frame0083_Timestamp = 8.844
Seq_Frame0084_DriverToReference-SequenceTransform =-0.632151 -0.550921 -0.54486 123.41 -0.751241 0.26353 0.605135 296.928 -0.189795 0.791858 -0.580465 16.3645 0 0 0 1 
Seq_Frame0084_DriverToReference-SequenceTransformStatus = OK
Seq_Frame0084_Timestamp = 8.949
Seq_Frame0085_DriverToReference-SequenceTransform =-0.519804 -0.655632 -0.547678 124.273 -0.81056 0.176033 0.558574 309.86 -0.26981 0.734274 -0.622932 21.6094 0 0 0 1 
Seq_Frame0085_DriverToReference-SequenceTransformStatus = OK
Seq_Frame0085_Timestamp = 9.054
Seq_Frame0086_DriverToReference-SequenceTransform =-0.521338 -0.526026 -0.67194 121.987 -0.830915 0.133547 0.540135 317.509 -0.194389 0.839918 -0.506706 19.5431 0 0 0 1 
Seq_Frame0086_DriverToReference-SequenceTransformStatus = OK
Seq_Frame0086_Timestamp = 9.159
Seq_Frame0087_DriverToReference-SequenceTransform =-0.49858 -0.491941 -0.713731 119.737 -0.849312 0.112471 0.51577 319.303 -0.173455 0.863333 -0.473887 19.6842 0 0 0 1 
Seq_Frame0087_DriverToReference-SequenceTransformStatus = OK
Seq_Frame0087_Timestamp = 9.269
Seq_Frame0088_DriverToReference-SequenceTransform =-0.505631 -0.501821 -0.701793 123.877 -0.83806 0.0924758 0.537684 316.391 -0.204922 0.860014 -0.467314 17.6798 0 0 0 1 
Seq_Frame0088_DriverToReference-SequenceTransformStatus = OK
Seq_Frame0088_Timestamp = 9.372
Seq_Frame0089_DriverToReference-SequenceTransform =-0.487657 -0.512692 -0.706639 129.334 -0.848497 0.0877743 0.52187 314.867 -0.205534 0.854074 -0.477821 16.7956 0 0 0 1 
Seq_Frame0089_DriverToReference-SequenceTransformStatus = OK
Seq_Frame0089_Timestamp = 9.479
Seq_Frame0090_DriverToReference-SequenceTransform =-0.540913 -0.52422 -0.657728 139.551 -0.813838 0.128806 0.566637 307.711 -0.212323 0.841785 -0.496303 19.5267 0 0 0 1 
Seq_Frame0090_DriverToReference-SequenceTransformStatus = OK
Seq_Frame0090_Timestamp = 9.584
Seq_Frame0091_DriverToReference-SequenceTransform =-0.631148 -0.548861 -0.548091 148.034 -0.740299 0.215315 0.636865 297.745 -0.231538 0.807707 -0.542217 23.3266 0 0 0 1 
Seq_Frame0091_DriverToReference-SequenceTransformStatus = OK
Seq_Frame0091_Timestamp = 9.694
Seq_Frame0092_DriverToReference-SequenceTransform =-0.566259 -0.60789 -0.556615 144.353 -0.778754 0.173379 0.602895 292.34 -0.269989 0.774861 -0.571574 34.4213 0 0 0 1 
Seq_Frame0092_DriverToReference-SequenceTransformStatus = OK
Seq_Frame0092_Timestamp = 9.798
Seq_Frame0093_DriverToReference-SequenceTransform =-0.452581 -0.521184 -0.723559 118.728 -0.842564 -0.0157552 0.538366 288.131 -0.291988 0.853299 -0.432001 48.3257 0 0 0 1 
Seq_Frame0093_DriverToReference-SequenceTransformStatus = OK
Seq_Frame0093_Timestamp = 9.904
Seq_Frame0094_DriverToReference-SequenceTransform =-0.402574 -0.382941 -0.831439 99.1148 -0.888268 -0.0560306 0.455896 284.057 -0.221167 0.922072 -0.317597 53.8621 0 0 0 1 
Seq_Frame0094_DriverToReference-SequenceTransformStatus = OK
Seq_Frame0094_Timestamp = 10.038
Seq_Frame0095_DriverToReference-SequenceTransform =-0.402574 -0.382941 -0.831439 99.1148 -0.888268 -0.0560306 0.455896 284.057 -0.221167 0.922072 -0.317597 53.8621 0 0 0 1 
Seq_Frame0095_DriverToReference-SequenceTransformStatus = OK
Seq_Frame0095_Timestamp = 10.144
Seq_Frame0096_DriverToReference-SequenceTransform =-0.652727 0.0937187 -0.751774 35.3283 -0.672522 0.385188 0.631937 253.541 0.348798 0.918067 -0.188395 57.3375 0 0 0 1 
Seq_Frame0096_DriverToReference-SequenceTransformStatus = OK
Seq_Frame0096_Timestamp = 10.254
Seq_Frame0097_DriverToReference-SequenceTransform =-0.677631 -0.0639115 -0.73262 30.8455 -0.70003 0.361303 0.615969 262.998 0.225331 0.930255 -0.28957 57.5024 0 0 0 1 
Seq_Frame0097_DriverToReference-SequenceTransformStatus = OK
Seq_Frame0097_Timestamp = 10.359
Seq_Frame0098_DriverToReference-SequenceTransform =-0.6155 -0.050769 -0.7865 29.8581 -0.769558 0.254116 0.585838 270.688 0.17012 0.96584 -0.195478 63.5279 0 0 0 1 
Seq_Frame0098_DriverToReference-SequenceTransformStatus = OK
Seq_Frame0098_Timestamp = 10.469
Seq_Frame0099_DriverToReference-SequenceTransform =-0.602859 -0.0542049 -0.796004 32.3032 -0.786776 0.206018 0.581841 268.566 0.132453 0.977046 -0.166847 61.6395 0 0 0 1 
Seq_Frame0099_DriverToReference-SequenceTransformStatus = OK
Seq_Frame0099_Timestamp = 10.573
Seq_Frame0100_DriverToReference-SequenceTransform =-0.602859 -0.0542049 -0.796004 32.3032 -0.786776 0.206018 0.581841 268.566 0.132453 0.977046 -0.166847 61.6395 0 0 0 1 
Seq_Frame0100_DriverToReference-SequenceTransformStatus = OK
Seq_Frame0100_Timestamp = 10.679
Seq_Frame0101_DriverToReference-SequenceTransform =-0.602859 -0.0542049 -0.796004 32.3032 -0.786776 0.206018 0.581841 268.566 0.132453 0.977046 -0.166847 61.6395 0 0 0 1 
Seq_Frame0101_DriverToReference-SequenceTransformStatus = OK
Seq_Frame0101_Timestamp = 10.784
Seq_Frame0102_DriverToReference-SequenceTransform =-0.602859 -0.0542049 -0.796004 32.3032 -0.786776 0.206018 0.581841 268.566 0.132453 0.977046 -0.166847 61.6395 0 0 0 1 
Seq_Frame0102_DriverToReference-SequenceTransformStatus = OK
Seq_Frame0102_Timestamp = 10.888
Seq_Frame0103_DriverToReference-SequenceTransform =-0.602859 -0.0542049 -0.796004 32.3032 -0.786776 0.206018 0.581841 268.566 0.132453 0.977046 -0.166847 61.6395 0 0 0 1 
Seq_Frame0103_DriverToReference-SequenceTransformStatus = OK
Seq_Frame0103_Timestamp = 10.994
Seq_Frame0104_DriverToReference-SequenceTransform =-0.602859 -0.0542049 -0.796004 32.3032 -0.786776 0.206018 0.581841 268.566 0.132453 0.977046 -0.166847 61.6395 0 0 0 1 
Seq_Frame0104_DriverToReference-SequenceTransformStatus = OK
Seq_Frame0104_Timestamp = 11.098
Seq_Frame0105_DriverToReference-SequenceTransform =-0.602859 -0.0542049 -0.796004 32.3032 -0.786776 0.206018 0.581841 268.566 0.132453 0.977046 -0.166847 61.6395 0 0 0 1 
Seq_Frame0105_DriverToReference-SequenceTransformStatus = OK
Seq_Frame0105_Timestamp = 11.204
Seq_Frame0106_DriverToReference-SequenceTransform =-0.602859 -0.0542049 -0.796004 32.3032 -0.786776 0.206018 0.581841 268.566 0.132453 0.977046 -0.166847 61.6395 0 0 0 1 
Seq_Frame0106_DriverToReference-SequenceTransformStatus = OK
Seq_Frame0106_Timestamp = 11.309
Seq_Frame0107_DriverToReference-SequenceTransform =-0.602859 -0.0542049 -0.796004 32.3032 -0.786776 0.206018 0.581841 268.566 0.132453 0.977046 -0.166847 61.6395 0 0 0 1 
Seq_Frame0107_DriverToReference-SequenceTransformStatus = OK
Seq_Frame0107_Timestamp = 11.414
Seq_Frame0108_DriverToReference-SequenceTransform =-0.602859 -0.0542049 -0.796004 32.3032 -0.786776 0.206018 0.581841 268.566 0.132453 0.977046 -0.166847 61.6395 0 0 0 1 
Seq_Frame0108_DriverToReference-SequenceTransformStatus = OK
Seq_Frame0108_Timestamp = 11.524
Seq_Frame0109_DriverToReference-SequenceTransform =-0.602859 -0.0542049 -0.796004 32.3032 -0.786776 0.206018 0.581841 268.566 0.132453 0.977046 -0.166847 61.6395 0 0 0 1 
Seq_Frame0109_DriverToReference-SequenceTransformStatus = OK
Seq_Frame0109_Timestamp = 11.629
Seq_Frame0110_DriverToReference-SequenceTransform =-0.494334 -0.173147 -0.851853 86.4822 -0.841039 0.342991 0.418342 253.969 0.219743 0.923243 -0.315176 83.1131 0 0 0 1 
Seq_Frame0110_DriverToReference-SequenceTransformStatus = OK
Seq_Frame0110_Timestamp = 11.739
Seq_Frame0111_DriverToReference-SequenceTransform =-0.638839 -0.274243 -0.718802 97.4055 -0.733855 0.497702 0.46233 239.372 0.230959 0.822851 -0.519206 84.3767 0 0 0 1 
Seq_Frame0111_DriverToReference-SequenceTransformStatus = OK
Seq_Frame0111_Timestamp = 11.844
Seq_Frame0112_DriverToReference-SequenceTransform =-0.698229 -0.295543 -0.65202 100.269 -0.659531 0.61975 0.425357 225.564 0.278378 0.727024 -0.627647 88.8997 0 0 0 1 
Seq_Frame0112_DriverToReference-SequenceTransformStatus = OK
Seq_Frame0112_Timestamp = 11.949
Seq_Frame0113_DriverToReference-SequenceTransform =-0.693851 -0.301859 -0.653799 94.3949 -0.665488 0.61566 0.422006 219.822 0.275132 0.727904 -0.628059 94.6883 0 0 0 1 
Seq_Frame0113_DriverToReference-SequenceTransformStatus = OK
Seq_Frame0113_Timestamp = 12.054
Seq_Frame0114_DriverToReference-SequenceTransform =-0.528078 -0.461353 -0.712943 82.8565 -0.841277 0.398606 0.365193 227.269 0.115701 0.792633 -0.598621 104.414 0 0 0 1 
Seq_Frame0114_DriverToReference-SequenceTransformStatus = OK
Seq_Frame0114_Timestamp = 12.159
Seq_Frame0115_DriverToReference-SequenceTransform =-0.47607 -0.222417 -0.850816 72.8256 -0.854399 0.34607 0.387606 222.652 0.208231 0.911464 -0.354786 105.397 0 0 0 1 
Seq_Frame0115_DriverToReference-SequenceTransformStatus = OK
Seq_Frame0115_Timestamp = 12.263
Seq_Frame0116_DriverToReference-SequenceTransform =-0.689792 -0.131434 -0.711978 90.9666 -0.641145 0.567717 0.516363 211.441 0.336334 0.812663 -0.475875 106.754 0 0 0 1 
Seq_Frame0116_DriverToReference-SequenceTransformStatus = OK
Seq_Frame0116_Timestamp = 12.375
Seq_Frame0117_DriverToReference-SequenceTransform =-0.71734 -0.0311566 -0.696026 101.359 -0.567552 0.605572 0.557824 215.189 0.404114 0.79518 -0.452084 106.597 0 0 0 1 
Seq_Frame0117_DriverToReference-SequenceTransformStatus = OK
Seq_Frame0117_Timestamp = 12.479
Seq_Frame0118_DriverToReference-SequenceTransform =-0.617597 -0.0615874 -0.78408 110.728 -0.701223 0.49459 0.513485 222.905 0.356174 0.866942 -0.348644 108.373 0 0 0 1 
Seq_Frame0118_DriverToReference-SequenceTransformStatus = OK
Seq_Frame0118_Timestamp = 12.589
Seq_Frame0119_DriverToReference-SequenceTransform =-0.62821 -0.119031 -0.768885 119.874 -0.697052 0.525122 0.488226 214.252 0.345644 0.842662 -0.412858 110.198 0 0 0 1 
Seq_Frame0119_DriverToReference-SequenceTransformStatus = OK
Seq_Frame0119_Timestamp = 12.694
Seq_Frame0120_DriverToReference-SequenceTransform =-0.646486 -0.16147 -0.745643 121.76 -0.69078 0.538754 0.482251 211.929 0.323849 0.826844 -0.459838 112.697 0 0 0 1 
Seq_Frame0120_DriverToReference-SequenceTransformStatus = OK
Seq_Frame0120_Timestamp = 12.799
Seq_Frame0121_DriverToReference-SequenceTransform =-0.645915 -0.154979 -0.747513 121.823 -0.688627 0.540944 0.48288 211.892 0.329526 0.826657 -0.456127 113.042 0 0 0 1 
Seq_Frame0121_DriverToReference-SequenceTransformStatus = OK
Seq_Frame0121_Timestamp = 12.903
Seq_Frame0122_DriverToReference-SequenceTransform =-0.645915 -0.154979 -0.747513 121.823 -0.688627 0.540944 0.48288 211.892 0.329526 0.826657 -0.456127 113.042 0 0 0 1 
Seq_Frame0122_DriverToReference-SequenceTransformStatus = OK
Seq_Frame0122_Timestamp = 13.014
Seq_Frame0123_DriverToReference-SequenceTransform =-0.645915 -0.154979 -0.747513 121.823 -0.688627 0.540944 0.48288 211.892 0.329526 0.826657 -0.456127 113.042 0 0 0 1 
Seq_Frame0123_DriverToReference-SequenceTransformStatus = OK
Seq_Frame0123_Timestamp = 13.119
Seq_Frame0124_DriverToReference-SequenceTransform =-0.645915 -0.154979 -0.747513 121.823 -0.688627 0.540944 0.48288 211.892 0.329526 0.826657 -0.456127 113.042 0 0 0 1 
Seq_Frame0124_DriverToReference-SequenceTransformStatus = OK
Seq_Frame0124_Timestamp = 13.223
Seq_Frame0125_DriverToReference-SequenceTransform =-0.645915 -0.154979 -0.747513 121.823 -0.688627 0.540944 0.48288 211.892 0.329526 0.826657 -0.456127 113.042 0 0 0 1 
Seq_Frame0125_DriverToReference-SequenceTransformStatus = OK
Seq_Frame0125_Timestamp = 13.329
Seq_Frame0126_DriverToReference-SequenceTransform =-0.645915 -0.154979 -0.747513 121.823 -0.688627 0.540944 0.48288 211.892 0.329526 0.826657 -0.456127 113.042 0 0 0 1 
Seq_Frame0126_DriverToReference-SequenceTransformStatus = OK
Seq_Frame0126_Timestamp = 13.439
Seq_Frame0127_DriverToReference-SequenceTransform =-0.645915 -0.154979 -0.747513 121.823 -0.688627 0.540944 0.48288 211.892 0.329526 0.826657 -0.456127 113.042 0 0 0 1 
Seq_Frame0127_DriverToReference-SequenceTransformStatus = OK
Seq_Frame0127_Timestamp = 13.544
Seq_Frame0128_DriverToReference-SequenceTransform =-0.645915 -0.154979 -0.747513 121.823 -0.688627 0.540944 0.48288 211.892 0.329526 0.826657 -0.456127 113.042 0 0 0 1 
Seq_Frame0128_DriverToReference-SequenceTransformStatus = OK
Seq_Frame0128_Timestamp = 13.653
Seq_Frame0129_DriverToReference-SequenceTransform =-0.645915 -0.154979 -0.747513 121.823 -0.688627 0.540944 0.48288 211.892 0.329526 0.826657 -0.456127 113.042 0 0 0 1 
Seq_Frame0129_DriverToReference-SequenceTransformStatus = OK
Seq_Frame0129_Timestamp = 13.774
Seq_Frame0130_DriverToReference-SequenceTransform =-0.645915 -0.154979 -0.747513 121.823 -0.688627 0.540944 0.48288 211.892 0.329526 0.826657 -0.456127 113.042 0 0 0 1 
Seq_Frame0130_DriverToReference-SequenceTransformStatus = OK
Seq_Frame0130_Timestamp = 13.896
Seq_Frame0131_DriverToReference-SequenceTransform =-0.645915 -0.154979 -0.747513 121.823 -0.688627 0.540944 0.48288 211.892 0.329526 0.826657 -0.456127 113.042 0 0 0 1 
Seq_Frame0131_DriverToReference-SequenceTransformStatus = OK
Seq_Frame0131_Timestamp = 14.019
Seq_Frame0132_DriverToReference-SequenceTransform =-0.645915 -0.154979 -0.747513 121.823 -0.688627 0.540944 0.48288 211.892 0.329526 0.826657 -0.456127 113.042 0 0 0 1 
Seq_Frame0132_DriverToReference-SequenceTransformStatus = OK
Seq_Frame0132_Timestamp = 14.139
Seq_Frame0133_DriverToReference-SequenceTransform =-0.645915 -0.154979 -0.747513 121.823 -0.688627 0.540944 0.48288 211.892 0.329526 0.826657 -0.456127 113.042 0 0 0 1 
Seq_Frame0133_DriverToReference-SequenceTransformStatus = OK
Seq_Frame0133_Timestamp = 14.262
Seq_Frame0134_DriverToReference-SequenceTransform =-0.645915 -0.154979 -0.747513 121.823 -0.688627 0.540944 0.48288 211.892 0.329526 0.826657 -0.456127 113.042 0 0 0 1 
Seq_Frame0134_DriverToReference-SequenceTransformStatus = OK
Seq_Frame0134_Timestamp = 14.363
Seq_Frame0135_DriverToReference-SequenceTransform =-0.645915 -0.154979 -0.747513 121.823 -0.688627 0.540944 0.48288 211.892 0.329526 0.826657 -0.456127 113.042 0 0 0 1 
Seq_Frame0135_DriverToReference-SequenceTransformStatus = OK
Seq_Frame0135_Timestamp = 14.483
Seq_Frame0136_DriverToReference-SequenceTransform =-0.645915 -0.154979 -0.747513 121.823 -0.688627 0.540944 0.48288 211.892 0.329526 0.826657 -0.456127 113.042 0 0 0 1 
Seq_Frame0136_DriverToReference-SequenceTransformStatus = OK
Seq_Frame0136_Timestamp = 14.604
Seq_Frame0137_DriverToReference-SequenceTransform =-0.24979 -0.211021 -0.945027 157.589 -0.883155 0.449834 0.13299 304.438 0.397041 0.867825 -0.298728 134.509 0 0 0 1 
Seq_Frame0137_DriverToReference-SequenceTransformStatus = OK
Seq_Frame0137_Timestamp = 14.711
Seq_Frame0138_DriverToReference-SequenceTransform =-0.232689 -0.31969 -0.918507 196.949 -0.931097 0.346022 0.115444 374.186 0.280918 0.882081 -0.378177 142.43 0 0 0 1 
Seq_Frame0138_DriverToReference-SequenceTransformStatus = OK
Seq_Frame0138_Timestamp = 14.822
Seq_Frame0139_DriverToReference-SequenceTransform =-0.109974 -0.469862 -0.875863 241.304 -0.986183 0.161424 0.0372293 460.184 0.123893 0.867855 -0.481122 161.098 0 0 0 1 
Seq_Frame0139_DriverToReference-SequenceTransformStatus = OK
Seq_Frame0139_Timestamp = 14.94
Seq_Frame0140_DriverToReference-SequenceTransform =0.122517 -0.564737 -0.816126 277.582 -0.986419 0.021349 -0.162854 519.492 0.109393 0.824995 -0.554452 186.396 0 0 0 1 
Seq_Frame0140_DriverToReference-SequenceTransformStatus = OK
Seq_Frame0140_Timestamp = 15.062
Seq_Frame0141_DriverToReference-SequenceTransform =0.261488 -0.479227 -0.837834 258.366 -0.924953 0.123654 -0.359405 466.529 0.275838 0.868937 -0.410929 190.917 0 0 0 1 
Seq_Frame0141_DriverToReference-SequenceTransformStatus = OK
Seq_Frame0141_Timestamp = 15.17
Seq_Frame0142_DriverToReference-SequenceTransform =0.381338 -0.242766 -0.89199 194.492 -0.869385 0.233823 -0.435312 378.872 0.314247 0.941484 -0.121891 201.76 0 0 0 1 
Seq_Frame0142_DriverToReference-SequenceTransformStatus = OK
Seq_Frame0142_Timestamp = 15.292
Seq_Frame0143_DriverToReference-SequenceTransform =0.381338 -0.242766 -0.89199 194.492 -0.869385 0.233823 -0.435312 378.872 0.314247 0.941484 -0.121891 201.76 0 0 0 1 
Seq_Frame0143_DriverToReference-SequenceTransformStatus = OK
Seq_Frame0143_Timestamp = 15.415
Seq_Frame0144_DriverToReference-SequenceTransform =0.381338 -0.242766 -0.89199 194.492 -0.869385 0.233823 -0.435312 378.872 0.314247 0.941484 -0.121891 201.76 0 0 0 1 
Seq_Frame0144_DriverToReference-SequenceTransformStatus = OK
Seq_Frame0144_Timestamp = 16.324
Seq_Frame0145_DriverToReference-SequenceTransform =0.381338 -0.242766 -0.89199 194.492 -0.869385 0.233823 -0.435312 378.872 0.314247 0.941484 -0.121891 201.76 0 0 0 1 
Seq_Frame0145_DriverToReference-SequenceTransformStatus = OK
Seq_Frame0145_Timestamp = 16.448
Seq_Frame0146_DriverToReference-SequenceTransform =0.381338 -0.242766 -0.89199 194.492 -0.869385 0.233823 -0.435312 378.872 0.314247 0.941484 -0.121891 201.76 0 0 0 1 
Seq_Frame0146_DriverToReference-SequenceTransformStatus = OK
Seq_Frame0146_Timestamp = 16.556
Seq_Frame0147_DriverToReference-SequenceTransform =0.381338 -0.242766 -0.89199 194.492 -0.869385 0.233823 -0.435312 378.872 0.314247 0.941484 -0.121891 201.76 0 0 0 1 
Seq_Frame0147_DriverToReference-SequenceTransformStatus = OK
Seq_Frame0147_Timestamp = 16.679
Seq_Frame0148_DriverToReference-SequenceTransform =0.381338 -0.242766 -0.89199 194.492 -0.869385 0.233823 -0.435312 378.872 0.314247 0.941484 -0.121891 201.76 0 0 0 1 
Seq_Frame0148_DriverToReference-SequenceTransformStatus = OK
Seq_Frame0148_Timestamp = 20.187
Seq_Frame0149_DriverToReference-SequenceTransform =0.381338 -0.242766 -0.89199 194.492 -0.869385 0.233823 -0.435312 378.872 0.314247 0.941484 -0.121891 201.76 0 0 0 1 
Seq_Frame0149_DriverToReference-SequenceTransformStatus = OK
Seq_Frame0149_Timestamp = 20.448
Seq_Frame0150_DriverToReference-SequenceTransform =0.381338 -0.242766 -0.89199 194.492 -0.869385 0.233823 -0.435312 378.872 0.314247 0.941484 -0.121891 201.76 0 0 0 1 
Seq_Frame0150_DriverToReference-SequenceTransformStatus = OK
Seq_Frame0150_Timestamp = 20.559
