ObjectType = Image
NDims = 3
AnatomicalOrientation = RAI
BinaryData = True
CompressedData = False
DimSize = 0 0 3449
ElementSpacing = 1 1 1
Offset = 0 0 0
TransformMatrix = 1 0 0 0 1 0 0 0 1
ElementType = MET_UCHAR
Kinds = domain domain list
Seq_Frame0000_ForcepToReference-SequenceTransform =0.684384 -0.0169843 -0.728924 67.3228 0.528246 -0.677542 0.511755 32.9588 -0.502568 -0.735288 -0.454727 49.326 0 0 0 1 
Seq_Frame0000_ForcepToReference-SequenceTransformStatus = OK
Seq_Frame0000_Timestamp = 0.0149999
Seq_Frame0001_ForcepToReference-SequenceTransform =0.681516 -0.0251488 -0.731371 67.3775 0.480555 -0.738351 0.473186 33.8071 -0.551908 -0.673948 -0.491113 47.8972 0 0 0 1 
Seq_Frame0001_ForcepToReference-SequenceTransformStatus = OK
Seq_Frame0001_Timestamp = 0.133
Seq_Frame0002_ForcepToReference-SequenceTransform =0.681516 -0.0251488 -0.731371 67.3775 0.480555 -0.738351 0.473186 33.8071 -0.551908 -0.673948 -0.491113 47.8972 0 0 0 1 
Seq_Frame0002_ForcepToReference-SequenceTransformStatus = OK
Seq_Frame0002_Timestamp = 0.239
Seq_Frame0003_ForcepToReference-SequenceTransform =0.681516 -0.0251488 -0.731371 67.3775 0.480555 -0.738351 0.473186 33.8071 -0.551908 -0.673948 -0.491113 47.8972 0 0 0 1 
Seq_Frame0003_ForcepToReference-SequenceTransformStatus = OK
Seq_Frame0003_Timestamp = 0.349
Seq_Frame0004_ForcepToReference-SequenceTransform =0.681516 -0.0251488 -0.731371 67.3775 0.480555 -0.738351 0.473186 33.8071 -0.551908 -0.673948 -0.491113 47.8972 0 0 0 1 
Seq_Frame0004_ForcepToReference-SequenceTransformStatus = OK
Seq_Frame0004_Timestamp = 0.454
Seq_Frame0005_ForcepToReference-SequenceTransform =0.681516 -0.0251488 -0.731371 67.3775 0.480555 -0.738351 0.473186 33.8071 -0.551908 -0.673948 -0.491113 47.8972 0 0 0 1 
Seq_Frame0005_ForcepToReference-SequenceTransformStatus = OK
Seq_Frame0005_Timestamp = 0.563
Seq_Frame0006_ForcepToReference-SequenceTransform =0.681516 -0.0251488 -0.731371 67.3775 0.480555 -0.738351 0.473186 33.8071 -0.551908 -0.673948 -0.491113 47.8972 0 0 0 1 
Seq_Frame0006_ForcepToReference-SequenceTransformStatus = OK
Seq_Frame0006_Timestamp = 0.67
Seq_Frame0007_ForcepToReference-SequenceTransform =0.681516 -0.0251488 -0.731371 67.3775 0.480555 -0.738351 0.473186 33.8071 -0.551908 -0.673948 -0.491113 47.8972 0 0 0 1 
Seq_Frame0007_ForcepToReference-SequenceTransformStatus = OK
Seq_Frame0007_Timestamp = 0.779
Seq_Frame0008_ForcepToReference-SequenceTransform =0.681516 -0.0251488 -0.731371 67.3775 0.480555 -0.738351 0.473186 33.8071 -0.551908 -0.673948 -0.491113 47.8972 0 0 0 1 
Seq_Frame0008_ForcepToReference-SequenceTransformStatus = OK
Seq_Frame0008_Timestamp = 0.884
Seq_Frame0009_ForcepToReference-SequenceTransform =0.681516 -0.0251488 -0.731371 67.3775 0.480555 -0.738351 0.473186 33.8071 -0.551908 -0.673948 -0.491113 47.8972 0 0 0 1 
Seq_Frame0009_ForcepToReference-SequenceTransformStatus = OK
Seq_Frame0009_Timestamp = 0.994
Seq_Frame0010_ForcepToReference-SequenceTransform =0.681516 -0.0251488 -0.731371 67.3775 0.480555 -0.738351 0.473186 33.8071 -0.551908 -0.673948 -0.491113 47.8972 0 0 0 1 
Seq_Frame0010_ForcepToReference-SequenceTransformStatus = OK
Seq_Frame0010_Timestamp = 1.098
Seq_Frame0011_ForcepToReference-SequenceTransform =0.681516 -0.0251488 -0.731371 67.3775 0.480555 -0.738351 0.473186 33.8071 -0.551908 -0.673948 -0.491113 47.8972 0 0 0 1 
Seq_Frame0011_ForcepToReference-SequenceTransformStatus = OK
Seq_Frame0011_Timestamp = 1.209
Seq_Frame0012_ForcepToReference-SequenceTransform =0.681516 -0.0251488 -0.731371 67.3775 0.480555 -0.738351 0.473186 33.8071 -0.551908 -0.673948 -0.491113 47.8972 0 0 0 1 
Seq_Frame0012_ForcepToReference-SequenceTransformStatus = OK
Seq_Frame0012_Timestamp = 1.313
Seq_Frame0013_ForcepToReference-SequenceTransform =0.683625 -0.0223621 -0.72949 67.3817 0.514736 -0.693824 0.503642 32.9928 -0.517401 -0.719797 -0.462805 48.6788 0 0 0 1 
Seq_Frame0013_ForcepToReference-SequenceTransformStatus = OK
Seq_Frame0013_Timestamp = 1.419
Seq_Frame0014_ForcepToReference-SequenceTransform =0.684478 -0.022209 -0.728695 67.3732 0.513577 -0.694723 0.503587 32.946 -0.517425 -0.718935 -0.464116 48.7657 0 0 0 1 
Seq_Frame0014_ForcepToReference-SequenceTransformStatus = OK
Seq_Frame0014_Timestamp = 1.524
Seq_Frame0015_ForcepToReference-SequenceTransform =0.684084 -0.0224244 -0.729059 67.371 0.513938 -0.69445 0.503594 32.9182 -0.517588 -0.719191 -0.463537 48.7992 0 0 0 1 
Seq_Frame0015_ForcepToReference-SequenceTransformStatus = OK
Seq_Frame0015_Timestamp = 1.63
Seq_Frame0016_ForcepToReference-SequenceTransform =0.68326 -0.0224103 -0.729831 67.4001 0.514608 -0.694319 0.50309 33.0145 -0.51801 -0.719319 -0.462868 48.6915 0 0 0 1 
Seq_Frame0016_ForcepToReference-SequenceTransformStatus = OK
Seq_Frame0016_Timestamp = 1.734
Seq_Frame0017_ForcepToReference-SequenceTransform =0.681641 -0.0228326 -0.73133 67.4029 0.514166 -0.696179 0.500967 33.1416 -0.520575 -0.717505 -0.462804 48.5093 0 0 0 1 
Seq_Frame0017_ForcepToReference-SequenceTransformStatus = OK
Seq_Frame0017_Timestamp = 1.843
Seq_Frame0018_ForcepToReference-SequenceTransform =0.681691 -0.0231098 -0.731275 67.4686 0.513944 -0.696248 0.501099 33.2172 -0.520729 -0.717429 -0.462749 48.3977 0 0 0 1 
Seq_Frame0018_ForcepToReference-SequenceTransformStatus = OK
Seq_Frame0018_Timestamp = 1.949
Seq_Frame0019_ForcepToReference-SequenceTransform =0.682328 -0.0229793 -0.730685 67.4416 0.512596 -0.697592 0.50061 33.1737 -0.521224 -0.716126 -0.464207 48.5001 0 0 0 1 
Seq_Frame0019_ForcepToReference-SequenceTransformStatus = OK
Seq_Frame0019_Timestamp = 2.053
Seq_Frame0020_ForcepToReference-SequenceTransform =0.683679 -0.0221442 -0.729447 67.4095 0.51326 -0.695971 0.502184 33.0986 -0.518794 -0.717729 -0.464455 48.6274 0 0 0 1 
Seq_Frame0020_ForcepToReference-SequenceTransformStatus = OK
Seq_Frame0020_Timestamp = 2.159
Seq_Frame0021_ForcepToReference-SequenceTransform =0.684094 -0.0220322 -0.729061 67.4173 0.513852 -0.694831 0.503156 33.0957 -0.51766 -0.718836 -0.464008 48.7157 0 0 0 1 
Seq_Frame0021_ForcepToReference-SequenceTransformStatus = OK
Seq_Frame0021_Timestamp = 2.263
Seq_Frame0022_ForcepToReference-SequenceTransform =0.683941 -0.0222269 -0.729199 67.4058 0.513173 -0.695784 0.502531 33.0986 -0.518535 -0.717907 -0.464469 48.654 0 0 0 1 
Seq_Frame0022_ForcepToReference-SequenceTransformStatus = OK
Seq_Frame0022_Timestamp = 2.369
Seq_Frame0023_ForcepToReference-SequenceTransform =0.683594 -0.0223471 -0.72952 67.4049 0.51303 -0.69623 0.50206 33.089 -0.519134 -0.71747 -0.464474 48.7103 0 0 0 1 
Seq_Frame0023_ForcepToReference-SequenceTransformStatus = OK
Seq_Frame0023_Timestamp = 2.474
Seq_Frame0024_ForcepToReference-SequenceTransform =0.683897 -0.0224893 -0.729232 67.4333 0.513596 -0.695059 0.503102 33.0222 -0.518174 -0.718601 -0.463799 48.7513 0 0 0 1 
Seq_Frame0024_ForcepToReference-SequenceTransformStatus = OK
Seq_Frame0024_Timestamp = 2.584
Seq_Frame0025_ForcepToReference-SequenceTransform =0.684316 -0.022297 -0.728844 67.4183 0.513789 -0.694522 0.503646 32.989 -0.517428 -0.719126 -0.463817 48.7924 0 0 0 1 
Seq_Frame0025_ForcepToReference-SequenceTransformStatus = OK
Seq_Frame0025_Timestamp = 2.688
Seq_Frame0026_ForcepToReference-SequenceTransform =0.684703 -0.0219526 -0.728492 67.3944 0.513006 -0.695477 0.503127 33.0289 -0.517694 -0.718213 -0.464933 48.8162 0 0 0 1 
Seq_Frame0026_ForcepToReference-SequenceTransformStatus = OK
Seq_Frame0026_Timestamp = 2.799
Seq_Frame0027_ForcepToReference-SequenceTransform =0.684116 -0.0221375 -0.729038 67.394 0.513925 -0.694636 0.50335 32.9697 -0.517559 -0.719021 -0.463834 48.8862 0 0 0 1 
Seq_Frame0027_ForcepToReference-SequenceTransformStatus = OK
Seq_Frame0027_Timestamp = 2.904
Seq_Frame0028_ForcepToReference-SequenceTransform =0.683848 -0.0221694 -0.729287 67.4088 0.514708 -0.693782 0.503729 32.951 -0.517134 -0.719844 -0.463031 48.9522 0 0 0 1 
Seq_Frame0028_ForcepToReference-SequenceTransformStatus = OK
Seq_Frame0028_Timestamp = 3.014
Seq_Frame0029_ForcepToReference-SequenceTransform =0.684328 -0.0218269 -0.728848 67.3893 0.513942 -0.694623 0.503351 33.0379 -0.517261 -0.719043 -0.464132 48.718 0 0 0 1 
Seq_Frame0029_ForcepToReference-SequenceTransformStatus = OK
Seq_Frame0029_Timestamp = 3.119
Seq_Frame0030_ForcepToReference-SequenceTransform =0.684323 -0.0221254 -0.728843 67.3858 0.513425 -0.69514 0.503165 32.9998 -0.517781 -0.718534 -0.46434 48.8007 0 0 0 1 
Seq_Frame0030_ForcepToReference-SequenceTransformStatus = OK
Seq_Frame0030_Timestamp = 3.229
Seq_Frame0031_ForcepToReference-SequenceTransform =0.684131 -0.0220993 -0.729025 67.4161 0.514172 -0.694304 0.503556 33.014 -0.517293 -0.719342 -0.463632 48.7753 0 0 0 1 
Seq_Frame0031_ForcepToReference-SequenceTransformStatus = OK
Seq_Frame0031_Timestamp = 3.334
Seq_Frame0032_ForcepToReference-SequenceTransform =0.68377 -0.0221801 -0.72936 67.4087 0.514097 -0.694699 0.503088 33.0496 -0.517844 -0.718959 -0.463611 48.8142 0 0 0 1 
Seq_Frame0032_ForcepToReference-SequenceTransformStatus = OK
Seq_Frame0032_Timestamp = 3.439
Seq_Frame0033_ForcepToReference-SequenceTransform =0.684249 -0.0221362 -0.728913 67.4058 0.514315 -0.693966 0.503875 32.9591 -0.516995 -0.719667 -0.463461 48.9102 0 0 0 1 
Seq_Frame0033_ForcepToReference-SequenceTransformStatus = OK
Seq_Frame0033_Timestamp = 3.544
Seq_Frame0034_ForcepToReference-SequenceTransform =0.685055 -0.0218063 -0.728165 67.4001 0.513921 -0.693967 0.504277 32.967 -0.516319 -0.719677 -0.464199 48.8648 0 0 0 1 
Seq_Frame0034_ForcepToReference-SequenceTransformStatus = OK
Seq_Frame0034_Timestamp = 3.649
Seq_Frame0035_ForcepToReference-SequenceTransform =0.684771 -0.0218159 -0.728431 67.3908 0.514025 -0.694088 0.504004 32.9751 -0.516591 -0.71956 -0.464078 48.8363 0 0 0 1 
Seq_Frame0035_ForcepToReference-SequenceTransformStatus = OK
Seq_Frame0035_Timestamp = 3.754
Seq_Frame0036_ForcepToReference-SequenceTransform =0.684735 -0.0221766 -0.728455 67.3947 0.513433 -0.694698 0.503767 32.9315 -0.517228 -0.718959 -0.464298 48.937 0 0 0 1 
Seq_Frame0036_ForcepToReference-SequenceTransformStatus = OK
Seq_Frame0036_Timestamp = 3.863
Seq_Frame0037_ForcepToReference-SequenceTransform =0.684953 -0.0218059 -0.72826 67.3805 0.514181 -0.693702 0.504376 32.9322 -0.516194 -0.719932 -0.463941 48.9109 0 0 0 1 
Seq_Frame0037_ForcepToReference-SequenceTransformStatus = OK
Seq_Frame0037_Timestamp = 3.969
Seq_Frame0038_ForcepToReference-SequenceTransform =0.685182 -0.0217345 -0.728047 67.3841 0.514123 -0.693611 0.50456 32.9074 -0.515948 -0.720022 -0.464076 48.9373 0 0 0 1 
Seq_Frame0038_ForcepToReference-SequenceTransformStatus = OK
Seq_Frame0038_Timestamp = 4.075
Seq_Frame0039_ForcepToReference-SequenceTransform =0.684197 -0.0221068 -0.728962 67.3928 0.514351 -0.693987 0.503811 32.9475 -0.517028 -0.719648 -0.463453 48.9295 0 0 0 1 
Seq_Frame0039_ForcepToReference-SequenceTransformStatus = OK
Seq_Frame0039_Timestamp = 4.179
Seq_Frame0040_ForcepToReference-SequenceTransform =0.683986 -0.0225792 -0.729145 67.3852 0.513599 -0.694907 0.503309 32.9256 -0.518053 -0.718745 -0.463711 48.8466 0 0 0 1 
Seq_Frame0040_ForcepToReference-SequenceTransformStatus = OK
Seq_Frame0040_Timestamp = 4.284
Seq_Frame0041_ForcepToReference-SequenceTransform =0.684156 -0.0220292 -0.729003 67.3923 0.514215 -0.694268 0.503561 32.9848 -0.517217 -0.719379 -0.46366 48.8134 0 0 0 1 
Seq_Frame0041_ForcepToReference-SequenceTransformStatus = OK
Seq_Frame0041_Timestamp = 4.394
Seq_Frame0042_ForcepToReference-SequenceTransform =0.684432 -0.0224378 -0.728731 67.3925 0.513753 -0.694364 0.503902 32.9158 -0.517311 -0.719274 -0.463717 48.8768 0 0 0 1 
Seq_Frame0042_ForcepToReference-SequenceTransformStatus = OK
Seq_Frame0042_Timestamp = 4.498
Seq_Frame0043_ForcepToReference-SequenceTransform =0.684989 -0.0218731 -0.728225 67.3692 0.513949 -0.693945 0.504278 32.9254 -0.516378 -0.719695 -0.464104 48.8931 0 0 0 1 
Seq_Frame0043_ForcepToReference-SequenceTransformStatus = OK
Seq_Frame0043_Timestamp = 4.606
Seq_Frame0044_ForcepToReference-SequenceTransform =0.683898 -0.0219897 -0.729246 67.388 0.514563 -0.69406 0.503494 32.9783 -0.517212 -0.719581 -0.463351 48.8427 0 0 0 1 
Seq_Frame0044_ForcepToReference-SequenceTransformStatus = OK
Seq_Frame0044_Timestamp = 4.714
Seq_Frame0045_ForcepToReference-SequenceTransform =0.684251 -0.0219557 -0.728916 67.3877 0.514513 -0.693813 0.503885 32.9608 -0.516794 -0.71982 -0.463446 48.8794 0 0 0 1 
Seq_Frame0045_ForcepToReference-SequenceTransformStatus = OK
Seq_Frame0045_Timestamp = 4.819
Seq_Frame0046_ForcepToReference-SequenceTransform =0.684258 -0.0219338 -0.72891 67.3956 0.514298 -0.694122 0.503679 32.993 -0.517 -0.719523 -0.463677 48.7903 0 0 0 1 
Seq_Frame0046_ForcepToReference-SequenceTransformStatus = OK
Seq_Frame0046_Timestamp = 4.924
Seq_Frame0047_ForcepToReference-SequenceTransform =0.684743 -0.0219926 -0.728453 67.3929 0.514464 -0.693382 0.504528 32.9261 -0.516192 -0.720234 -0.463474 48.8898 0 0 0 1 
Seq_Frame0047_ForcepToReference-SequenceTransformStatus = OK
Seq_Frame0047_Timestamp = 5.034
Seq_Frame0048_ForcepToReference-SequenceTransform =0.684465 -0.0220242 -0.728713 67.3964 0.514248 -0.693929 0.503996 32.9347 -0.516775 -0.719707 -0.463644 48.9263 0 0 0 1 
Seq_Frame0048_ForcepToReference-SequenceTransformStatus = OK
Seq_Frame0048_Timestamp = 5.139
Seq_Frame0049_ForcepToReference-SequenceTransform =0.68436 -0.022143 -0.728808 67.4066 0.513525 -0.694954 0.50332 32.9889 -0.517633 -0.718713 -0.464227 48.8281 0 0 0 1 
Seq_Frame0049_ForcepToReference-SequenceTransformStatus = OK
Seq_Frame0049_Timestamp = 5.244
Seq_Frame0050_ForcepToReference-SequenceTransform =0.684192 -0.0219498 -0.728972 67.3871 0.513665 -0.695054 0.50304 33.0511 -0.517716 -0.718623 -0.464275 48.6933 0 0 0 1 
Seq_Frame0050_ForcepToReference-SequenceTransformStatus = OK
Seq_Frame0050_Timestamp = 5.348
Seq_Frame0051_ForcepToReference-SequenceTransform =0.68404 -0.0221274 -0.729109 67.3848 0.514098 -0.694475 0.503396 32.9862 -0.517486 -0.719177 -0.463673 48.8185 0 0 0 1 
Seq_Frame0051_ForcepToReference-SequenceTransformStatus = OK
Seq_Frame0051_Timestamp = 5.454
Seq_Frame0052_ForcepToReference-SequenceTransform =0.684351 -0.0221201 -0.728817 67.3914 0.513827 -0.694558 0.503559 32.967 -0.517344 -0.719097 -0.463956 48.9033 0 0 0 1 
Seq_Frame0052_ForcepToReference-SequenceTransformStatus = OK
Seq_Frame0052_Timestamp = 5.558
Seq_Frame0053_ForcepToReference-SequenceTransform =0.684265 -0.0219606 -0.728903 67.3888 0.514109 -0.694359 0.503545 33.0085 -0.517178 -0.719294 -0.463835 48.7647 0 0 0 1 
Seq_Frame0053_ForcepToReference-SequenceTransformStatus = OK
Seq_Frame0053_Timestamp = 5.664
Seq_Frame0054_ForcepToReference-SequenceTransform =0.684016 -0.0220104 -0.729135 67.392 0.514436 -0.694109 0.503556 32.9753 -0.517183 -0.719534 -0.463458 48.8862 0 0 0 1 
Seq_Frame0054_ForcepToReference-SequenceTransformStatus = OK
Seq_Frame0054_Timestamp = 5.773
Seq_Frame0055_ForcepToReference-SequenceTransform =0.683894 -0.0226761 -0.729228 67.3968 0.513948 -0.694444 0.503592 32.9151 -0.517828 -0.719189 -0.463272 48.9154 0 0 0 1 
Seq_Frame0055_ForcepToReference-SequenceTransformStatus = OK
Seq_Frame0055_Timestamp = 5.879
Seq_Frame0056_ForcepToReference-SequenceTransform =0.683584 -0.0222379 -0.729533 67.3756 0.514178 -0.694725 0.502969 33.0084 -0.51801 -0.718931 -0.463469 48.7302 0 0 0 1 
Seq_Frame0056_ForcepToReference-SequenceTransformStatus = OK
Seq_Frame0056_Timestamp = 5.984
Seq_Frame0057_ForcepToReference-SequenceTransform =0.683885 -0.0223339 -0.729248 67.4087 0.51507 -0.693128 0.504258 32.9388 -0.516724 -0.720468 -0.462516 48.8313 0 0 0 1 
Seq_Frame0057_ForcepToReference-SequenceTransformStatus = OK
Seq_Frame0057_Timestamp = 6.089
Seq_Frame0058_ForcepToReference-SequenceTransform =0.683427 -0.0228284 -0.729662 67.3958 0.513986 -0.694734 0.503153 32.9147 -0.518407 -0.718904 -0.463067 48.8899 0 0 0 1 
Seq_Frame0058_ForcepToReference-SequenceTransformStatus = OK
Seq_Frame0058_Timestamp = 6.194
Seq_Frame0059_ForcepToReference-SequenceTransform =0.683942 -0.0221689 -0.7292 67.3849 0.514483 -0.694006 0.50365 32.9528 -0.517234 -0.719628 -0.463254 48.847 0 0 0 1 
Seq_Frame0059_ForcepToReference-SequenceTransformStatus = OK
Seq_Frame0059_Timestamp = 6.299
Seq_Frame0060_ForcepToReference-SequenceTransform =0.684633 -0.0220836 -0.728553 67.3921 0.514681 -0.693121 0.504664 32.8909 -0.516121 -0.720482 -0.463168 48.9506 0 0 0 1 
Seq_Frame0060_ForcepToReference-SequenceTransformStatus = OK
Seq_Frame0060_Timestamp = 6.409
Seq_Frame0061_ForcepToReference-SequenceTransform =0.684133 -0.0224915 -0.72901 67.3932 0.513677 -0.694719 0.503489 32.9393 -0.517781 -0.71893 -0.463727 48.882 0 0 0 1 
Seq_Frame0061_ForcepToReference-SequenceTransformStatus = OK
Seq_Frame0061_Timestamp = 6.514
Seq_Frame0062_ForcepToReference-SequenceTransform =0.684909 -0.0215223 -0.728311 67.3646 0.513726 -0.694576 0.503637 32.9842 -0.516707 -0.719097 -0.464664 48.8964 0 0 0 1 
Seq_Frame0062_ForcepToReference-SequenceTransformStatus = OK
Seq_Frame0062_Timestamp = 6.624
Seq_Frame0063_ForcepToReference-SequenceTransform =0.684337 -0.0214231 -0.728851 67.3529 0.513559 -0.695425 0.502634 33.0648 -0.517629 -0.718279 -0.464903 48.8366 0 0 0 1 
Seq_Frame0063_ForcepToReference-SequenceTransformStatus = OK
Seq_Frame0063_Timestamp = 6.728
Seq_Frame0064_ForcepToReference-SequenceTransform =0.683526 -0.0220498 -0.729593 67.3858 0.514403 -0.694597 0.502916 33.0446 -0.517862 -0.719061 -0.463433 48.8143 0 0 0 1 
Seq_Frame0064_ForcepToReference-SequenceTransformStatus = OK
Seq_Frame0064_Timestamp = 6.834
Seq_Frame0065_ForcepToReference-SequenceTransform =0.683718 -0.0220036 -0.729414 67.386 0.514276 -0.694622 0.503012 32.9773 -0.517735 -0.719038 -0.46361 48.9363 0 0 0 1 
Seq_Frame0065_ForcepToReference-SequenceTransformStatus = OK
Seq_Frame0065_Timestamp = 6.938
Seq_Frame0066_ForcepToReference-SequenceTransform =0.684511 -0.0217413 -0.728678 67.371 0.514065 -0.694335 0.503623 32.9734 -0.516896 -0.719323 -0.464104 48.8981 0 0 0 1 
Seq_Frame0066_ForcepToReference-SequenceTransformStatus = OK
Seq_Frame0066_Timestamp = 7.044
Seq_Frame0067_ForcepToReference-SequenceTransform =0.683909 -0.0221076 -0.729233 67.3842 0.514619 -0.69389 0.50367 32.9401 -0.517142 -0.719741 -0.46318 48.9923 0 0 0 1 
Seq_Frame0067_ForcepToReference-SequenceTransformStatus = OK
Seq_Frame0067_Timestamp = 7.148
Seq_Frame0068_ForcepToReference-SequenceTransform =0.684974 -0.0217704 -0.728242 67.3695 0.513918 -0.694074 0.504133 32.9271 -0.516429 -0.719575 -0.464235 48.9209 0 0 0 1 
Seq_Frame0068_ForcepToReference-SequenceTransformStatus = OK
Seq_Frame0068_Timestamp = 7.254
Seq_Frame0069_ForcepToReference-SequenceTransform =0.684882 -0.0217623 -0.728329 67.3789 0.513795 -0.69434 0.503892 32.9523 -0.516674 -0.719318 -0.46436 48.9694 0 0 0 1 
Seq_Frame0069_ForcepToReference-SequenceTransformStatus = OK
Seq_Frame0069_Timestamp = 7.358
Seq_Frame0070_ForcepToReference-SequenceTransform =0.684722 -0.0219227 -0.728474 67.3674 0.51347 -0.694834 0.503542 32.933 -0.517207 -0.718836 -0.464511 49.0319 0 0 0 1 
Seq_Frame0070_ForcepToReference-SequenceTransformStatus = OK
Seq_Frame0070_Timestamp = 7.469
Seq_Frame0071_ForcepToReference-SequenceTransform =0.68441 -0.0221112 -0.728762 67.3886 0.513026 -0.695619 0.50291 32.9975 -0.518061 -0.71807 -0.464745 48.8757 0 0 0 1 
Seq_Frame0071_ForcepToReference-SequenceTransformStatus = OK
Seq_Frame0071_Timestamp = 7.573
Seq_Frame0072_ForcepToReference-SequenceTransform =0.685409 -0.0219615 -0.727827 67.4002 0.513242 -0.694463 0.504285 32.9432 -0.516524 -0.719193 -0.46472 48.9056 0 0 0 1 
Seq_Frame0072_ForcepToReference-SequenceTransformStatus = OK
Seq_Frame0072_Timestamp = 7.679
Seq_Frame0073_ForcepToReference-SequenceTransform =0.685806 -0.0219977 -0.727452 67.386 0.513204 -0.694108 0.504813 32.8433 -0.516035 -0.719535 -0.464734 49.023 0 0 0 1 
Seq_Frame0073_ForcepToReference-SequenceTransformStatus = OK
Seq_Frame0073_Timestamp = 7.785
Seq_Frame0074_ForcepToReference-SequenceTransform =0.684667 -0.021747 -0.728532 67.3704 0.513611 -0.694813 0.503426 32.945 -0.517142 -0.718861 -0.464546 48.9087 0 0 0 1 
Seq_Frame0074_ForcepToReference-SequenceTransformStatus = OK
Seq_Frame0074_Timestamp = 7.892
Seq_Frame0075_ForcepToReference-SequenceTransform =0.685166 -0.0223167 -0.728045 67.391 0.513154 -0.694575 0.504221 32.9678 -0.516935 -0.719074 -0.464447 48.6759 0 0 0 1 
Seq_Frame0075_ForcepToReference-SequenceTransformStatus = OK
Seq_Frame0075_Timestamp = 7.994
Seq_Frame0076_ForcepToReference-SequenceTransform =0.68471 -0.0225576 -0.728467 67.4054 0.51243 -0.695851 0.503197 32.9672 -0.518255 -0.717832 -0.464897 48.7068 0 0 0 1 
Seq_Frame0076_ForcepToReference-SequenceTransformStatus = OK
Seq_Frame0076_Timestamp = 8.098
Seq_Frame0077_ForcepToReference-SequenceTransform =0.684489 -0.0225016 -0.728675 67.4054 0.512966 -0.695358 0.503333 32.968 -0.518016 -0.718312 -0.464422 48.6861 0 0 0 1 
Seq_Frame0077_ForcepToReference-SequenceTransformStatus = OK
Seq_Frame0077_Timestamp = 8.204
Seq_Frame0078_ForcepToReference-SequenceTransform =0.684432 -0.022884 -0.728718 67.3962 0.513342 -0.694627 0.503958 32.8496 -0.517719 -0.719006 -0.463677 48.832 0 0 0 1 
Seq_Frame0078_ForcepToReference-SequenceTransformStatus = OK
Seq_Frame0078_Timestamp = 8.31
Seq_Frame0079_ForcepToReference-SequenceTransform =0.684695 -0.0222415 -0.72849 67.3662 0.514032 -0.693858 0.504314 32.896 -0.516685 -0.719769 -0.463648 48.8038 0 0 0 1 
Seq_Frame0079_ForcepToReference-SequenceTransformStatus = OK
Seq_Frame0079_Timestamp = 8.42
Seq_Frame0080_ForcepToReference-SequenceTransform =0.685099 -0.0219594 -0.728119 67.3772 0.513133 -0.694915 0.503774 32.9387 -0.517043 -0.718756 -0.464818 48.8787 0 0 0 1 
Seq_Frame0080_ForcepToReference-SequenceTransformStatus = OK
Seq_Frame0080_Timestamp = 8.523
Seq_Frame0081_ForcepToReference-SequenceTransform =0.686103 -0.0216923 -0.727181 67.3698 0.513199 -0.694039 0.504912 32.8967 -0.515645 -0.71961 -0.46505 48.9274 0 0 0 1 
Seq_Frame0081_ForcepToReference-SequenceTransformStatus = OK
Seq_Frame0081_Timestamp = 8.629
Seq_Frame0082_ForcepToReference-SequenceTransform =0.684813 -0.0220902 -0.728384 67.3809 0.514017 -0.69387 0.504312 32.8593 -0.516544 -0.719761 -0.463816 49.0152 0 0 0 1 
Seq_Frame0082_ForcepToReference-SequenceTransformStatus = OK
Seq_Frame0082_Timestamp = 8.739
Seq_Frame0083_ForcepToReference-SequenceTransform =0.683818 -0.0225689 -0.729304 67.3927 0.514116 -0.694358 0.503539 32.8652 -0.517762 -0.719276 -0.463211 48.9986 0 0 0 1 
Seq_Frame0083_ForcepToReference-SequenceTransformStatus = OK
Seq_Frame0083_Timestamp = 8.844
Seq_Frame0084_ForcepToReference-SequenceTransform =0.684797 -0.0221349 -0.728397 67.3991 0.513841 -0.694099 0.504177 32.8795 -0.51674 -0.719539 -0.463943 49.0728 0 0 0 1 
Seq_Frame0084_ForcepToReference-SequenceTransformStatus = OK
Seq_Frame0084_Timestamp = 8.949
Seq_Frame0085_ForcepToReference-SequenceTransform =0.686647 -0.0220096 -0.726658 67.3817 0.513441 -0.692952 0.506159 32.7161 -0.514679 -0.720648 -0.464512 49.1245 0 0 0 1 
Seq_Frame0085_ForcepToReference-SequenceTransformStatus = OK
Seq_Frame0085_Timestamp = 9.054
Seq_Frame0086_ForcepToReference-SequenceTransform =0.686968 -0.0220287 -0.726354 67.3731 0.514575 -0.691031 0.507631 32.59 -0.513115 -0.72249 -0.463381 49.1465 0 0 0 1 
Seq_Frame0086_ForcepToReference-SequenceTransformStatus = OK
Seq_Frame0086_Timestamp = 9.159
Seq_Frame0087_ForcepToReference-SequenceTransform =0.702846 0.108382 -0.703036 71.4095 0.559396 -0.694725 0.452144 33.5702 -0.439412 -0.711063 -0.548913 50.5034 0 0 0 1 
Seq_Frame0087_ForcepToReference-SequenceTransformStatus = OK
Seq_Frame0087_Timestamp = 9.269
Seq_Frame0088_ForcepToReference-SequenceTransform =0.726245 0.304677 -0.61623 84.7624 0.687068 -0.351006 0.636186 44.5108 -0.0224696 -0.885419 -0.46425 51.2131 0 0 0 1 
Seq_Frame0088_ForcepToReference-SequenceTransformStatus = OK
Seq_Frame0088_Timestamp = 9.372
Seq_Frame0089_ForcepToReference-SequenceTransform =0.895408 0.1811 -0.406751 85.8545 0.307008 0.41052 0.858615 59.5559 0.322474 -0.893687 0.311984 23.6268 0 0 0 1 
Seq_Frame0089_ForcepToReference-SequenceTransformStatus = OK
Seq_Frame0089_Timestamp = 9.479
Seq_Frame0090_ForcepToReference-SequenceTransform =0.888213 -0.139253 -0.43782 83.1085 0.447106 0.0427405 0.893459 72.1931 -0.105705 -0.989334 0.100224 -4.29924 0 0 0 1 
Seq_Frame0090_ForcepToReference-SequenceTransformStatus = OK
Seq_Frame0090_Timestamp = 9.584
Seq_Frame0091_ForcepToReference-SequenceTransform =-0.0618388 -0.391579 -0.918064 11.7093 0.563997 -0.772599 0.291544 129.537 -0.823458 -0.499757 0.268626 -84.8311 0 0 0 1 
Seq_Frame0091_ForcepToReference-SequenceTransformStatus = OK
Seq_Frame0091_Timestamp = 9.694
Seq_Frame0092_ForcepToReference-SequenceTransform =-0.322721 -0.375994 -0.868608 -40.577 0.468195 -0.860985 0.198742 131.503 -0.822584 -0.342539 0.453896 -86.6715 0 0 0 1 
Seq_Frame0092_ForcepToReference-SequenceTransformStatus = OK
Seq_Frame0092_Timestamp = 9.798
Seq_Frame0093_ForcepToReference-SequenceTransform =-0.312725 -0.348886 -0.883449 -72.3278 0.353215 -0.906113 0.232805 115.733 -0.881727 -0.239243 0.406596 -74.4657 0 0 0 1 
Seq_Frame0093_ForcepToReference-SequenceTransformStatus = OK
Seq_Frame0093_Timestamp = 9.904
Seq_Frame0094_ForcepToReference-SequenceTransform =-0.501096 -0.76797 -0.398905 -174.165 0.707665 -0.628955 0.321909 138.485 -0.49811 -0.120983 0.858632 -50.66 0 0 0 1 
Seq_Frame0094_ForcepToReference-SequenceTransformStatus = OK
Seq_Frame0094_Timestamp = 10.038
Seq_Frame0095_ForcepToReference-SequenceTransform =-0.421054 -0.86844 -0.261775 -194.828 0.862845 -0.472482 0.179611 151.312 -0.279665 -0.150245 0.948269 -30.3583 0 0 0 1 
Seq_Frame0095_ForcepToReference-SequenceTransformStatus = OK
Seq_Frame0095_Timestamp = 10.144
Seq_Frame0096_ForcepToReference-SequenceTransform =-0.377681 -0.92259 -0.078642 -208.908 0.925501 -0.378743 -0.00152613 158.641 -0.0283771 -0.0733596 0.996902 -3.59708 0 0 0 1 
Seq_Frame0096_ForcepToReference-SequenceTransformStatus = OK
Seq_Frame0096_Timestamp = 10.254
Seq_Frame0097_ForcepToReference-SequenceTransform =-0.190316 -0.967689 -0.165401 -193.496 0.977678 -0.171543 -0.121322 164.849 0.089029 -0.184798 0.978736 8.39084 0 0 0 1 
Seq_Frame0097_ForcepToReference-SequenceTransformStatus = OK
Seq_Frame0097_Timestamp = 10.359
Seq_Frame0098_ForcepToReference-SequenceTransform =0.166005 -0.973392 -0.157954 -169.716 0.934847 0.104362 0.339368 143.494 -0.313854 -0.204 0.927297 2.89024 0 0 0 1 
Seq_Frame0098_ForcepToReference-SequenceTransformStatus = OK
Seq_Frame0098_Timestamp = 10.469
Seq_Frame0099_ForcepToReference-SequenceTransform =0.159632 -0.959602 -0.231691 -160.088 0.978137 0.122063 0.168372 154.346 -0.133289 -0.253503 0.958108 16.0776 0 0 0 1 
Seq_Frame0099_ForcepToReference-SequenceTransformStatus = OK
Seq_Frame0099_Timestamp = 10.573
Seq_Frame0100_ForcepToReference-SequenceTransform =0.253511 -0.952088 -0.171058 -150.171 0.9637 0.233268 0.129878 161.274 -0.0837529 -0.197774 0.976663 21.883 0 0 0 1 
Seq_Frame0100_ForcepToReference-SequenceTransformStatus = OK
Seq_Frame0100_Timestamp = 10.679
Seq_Frame0101_ForcepToReference-SequenceTransform =0.306918 -0.932649 -0.189653 -139.025 0.951389 0.306032 0.0346833 167.546 0.0256926 -0.191079 0.981238 31.5205 0 0 0 1 
Seq_Frame0101_ForcepToReference-SequenceTransformStatus = OK
Seq_Frame0101_Timestamp = 10.784
Seq_Frame0102_ForcepToReference-SequenceTransform =0.357555 -0.90095 -0.245851 -129.395 0.927021 0.374281 -0.0233765 168.471 0.113078 -0.219551 0.969026 39.2269 0 0 0 1 
Seq_Frame0102_ForcepToReference-SequenceTransformStatus = OK
Seq_Frame0102_Timestamp = 10.888
Seq_Frame0103_ForcepToReference-SequenceTransform =0.377957 -0.895428 -0.235281 -126.536 0.916124 0.398409 -0.0445868 168.959 0.133662 -0.198695 0.970904 40.0844 0 0 0 1 
Seq_Frame0103_ForcepToReference-SequenceTransformStatus = OK
Seq_Frame0103_Timestamp = 10.994
Seq_Frame0104_ForcepToReference-SequenceTransform =0.376457 -0.905111 -0.197622 -128.432 0.925675 0.376126 0.0406897 167.701 0.0375021 -0.198252 0.979433 35.2526 0 0 0 1 
Seq_Frame0104_ForcepToReference-SequenceTransformStatus = OK
Seq_Frame0104_Timestamp = 11.098
Seq_Frame0105_ForcepToReference-SequenceTransform =0.393437 -0.902683 -0.174271 -128.842 0.91933 0.384999 0.0812859 164.434 -0.00628131 -0.192193 0.981337 32.2648 0 0 0 1 
Seq_Frame0105_ForcepToReference-SequenceTransformStatus = OK
Seq_Frame0105_Timestamp = 11.204
Seq_Frame0106_ForcepToReference-SequenceTransform =0.406787 -0.897181 -0.172017 -126.652 0.912618 0.390732 0.120239 164.025 -0.0406632 -0.205897 0.977728 32.1501 0 0 0 1 
Seq_Frame0106_ForcepToReference-SequenceTransformStatus = OK
Seq_Frame0106_Timestamp = 11.309
Seq_Frame0107_ForcepToReference-SequenceTransform =0.406748 -0.891432 -0.199761 -124.882 0.913351 0.401268 0.0690867 165.927 0.0185714 -0.210553 0.977406 34.6472 0 0 0 1 
Seq_Frame0107_ForcepToReference-SequenceTransformStatus = OK
Seq_Frame0107_Timestamp = 11.414
Seq_Frame0108_ForcepToReference-SequenceTransform =0.421567 -0.879457 -0.22099 -121.992 0.900741 0.434244 -0.00984852 168.907 0.104625 -0.194903 0.975226 39.9378 0 0 0 1 
Seq_Frame0108_ForcepToReference-SequenceTransformStatus = OK
Seq_Frame0108_Timestamp = 11.524
Seq_Frame0109_ForcepToReference-SequenceTransform =0.4593 -0.856919 -0.233951 -116.909 0.879707 0.475313 -0.0139132 170.072 0.123122 -0.199418 0.972149 39.6788 0 0 0 1 
Seq_Frame0109_ForcepToReference-SequenceTransformStatus = OK
Seq_Frame0109_Timestamp = 11.629
Seq_Frame0110_ForcepToReference-SequenceTransform =0.443145 -0.870028 -0.216041 -118.748 0.895333 0.441575 0.0582261 166.259 0.0447398 -0.219231 0.974647 34.525 0 0 0 1 
Seq_Frame0110_ForcepToReference-SequenceTransformStatus = OK
Seq_Frame0110_Timestamp = 11.739
Seq_Frame0111_ForcepToReference-SequenceTransform =0.390423 -0.898463 -0.200832 -124.391 0.918788 0.36644 0.146802 160.9 -0.0583038 -0.241837 0.968564 27.0141 0 0 0 1 
Seq_Frame0111_ForcepToReference-SequenceTransformStatus = OK
Seq_Frame0111_Timestamp = 11.844
Seq_Frame0112_ForcepToReference-SequenceTransform =0.33278 -0.926482 -0.175751 -129.29 0.936067 0.301979 0.180518 162.078 -0.114173 -0.224588 0.967742 17.0822 0 0 0 1 
Seq_Frame0112_ForcepToReference-SequenceTransformStatus = OK
Seq_Frame0112_Timestamp = 11.949
Seq_Frame0113_ForcepToReference-SequenceTransform =0.263931 -0.948551 -0.174905 -127.391 0.954618 0.23094 0.188073 168.594 -0.138004 -0.216605 0.966456 4.99194 0 0 0 1 
Seq_Frame0113_ForcepToReference-SequenceTransformStatus = OK
Seq_Frame0113_Timestamp = 12.054
Seq_Frame0114_ForcepToReference-SequenceTransform =0.155594 -0.976295 -0.150464 -112.011 0.983976 0.139753 0.110728 184.012 -0.0870752 -0.165282 0.982395 -6.60367 0 0 0 1 
Seq_Frame0114_ForcepToReference-SequenceTransformStatus = OK
Seq_Frame0114_Timestamp = 12.159
Seq_Frame0115_ForcepToReference-SequenceTransform =0.0442776 -0.975207 -0.21682 -82.5019 0.998715 0.0378506 0.0337081 205.222 -0.0246656 -0.218034 0.975629 -12.1189 0 0 0 1 
Seq_Frame0115_ForcepToReference-SequenceTransformStatus = OK
Seq_Frame0115_Timestamp = 12.263
Seq_Frame0116_ForcepToReference-SequenceTransform =-0.0522126 -0.960415 -0.273636 -48.3707 0.994819 -0.0260892 -0.098253 224.763 0.0872247 -0.277349 0.956802 -14.484 0 0 0 1 
Seq_Frame0116_ForcepToReference-SequenceTransformStatus = OK
Seq_Frame0116_Timestamp = 12.375
Seq_Frame0117_ForcepToReference-SequenceTransform =-0.120508 -0.948864 -0.291779 -19.0373 0.989696 -0.0919398 -0.109766 234.405 0.0773269 -0.302001 0.950166 -18.6878 0 0 0 1 
Seq_Frame0117_ForcepToReference-SequenceTransformStatus = OK
Seq_Frame0117_Timestamp = 12.479
Seq_Frame0118_ForcepToReference-SequenceTransform =-0.126928 -0.967832 -0.217235 5.99572 0.978229 -0.0858877 -0.188921 236.988 0.164186 -0.236485 0.957663 -22.203 0 0 0 1 
Seq_Frame0118_ForcepToReference-SequenceTransformStatus = OK
Seq_Frame0118_Timestamp = 12.589
Seq_Frame0119_ForcepToReference-SequenceTransform =-0.193925 -0.935385 -0.295715 22.088 0.980147 -0.172055 -0.0985337 234.218 0.0412879 -0.308952 0.950181 -25.3175 0 0 0 1 
Seq_Frame0119_ForcepToReference-SequenceTransformStatus = OK
Seq_Frame0119_Timestamp = 12.694
Seq_Frame0120_ForcepToReference-SequenceTransform =-0.232753 -0.919822 -0.315838 29.9172 0.971965 -0.23113 -0.0431538 228.863 -0.0333059 -0.317028 0.947831 -30.3801 0 0 0 1 
Seq_Frame0120_ForcepToReference-SequenceTransformStatus = OK
Seq_Frame0120_Timestamp = 12.799
Seq_Frame0121_ForcepToReference-SequenceTransform =-0.233396 -0.930551 -0.282138 32.6452 0.97213 -0.2299 -0.0459284 225.601 -0.0221247 -0.284994 0.958274 -32.7286 0 0 0 1 
Seq_Frame0121_ForcepToReference-SequenceTransformStatus = OK
Seq_Frame0121_Timestamp = 12.903
Seq_Frame0122_ForcepToReference-SequenceTransform =-0.237268 -0.928285 -0.286341 30.9611 0.971427 -0.224983 -0.0755749 225.562 0.00573302 -0.296091 0.955142 -32.6225 0 0 0 1 
Seq_Frame0122_ForcepToReference-SequenceTransformStatus = OK
Seq_Frame0122_Timestamp = 13.014
Seq_Frame0123_ForcepToReference-SequenceTransform =-0.216911 -0.937402 -0.272448 29.8581 0.966964 -0.168039 -0.191688 233.415 0.133906 -0.305026 0.942883 -22.0987 0 0 0 1 
Seq_Frame0123_ForcepToReference-SequenceTransformStatus = OK
Seq_Frame0123_Timestamp = 13.119
Seq_Frame0124_ForcepToReference-SequenceTransform =-0.196607 -0.946584 -0.255586 29.9715 0.941416 -0.109397 -0.319011 242.736 0.27401 -0.303333 0.912638 -6.0434 0 0 0 1 
Seq_Frame0124_ForcepToReference-SequenceTransformStatus = OK
Seq_Frame0124_Timestamp = 13.223
Seq_Frame0125_ForcepToReference-SequenceTransform =-0.208941 -0.936755 -0.280774 30.9638 0.938783 -0.111713 -0.325893 246.353 0.273916 -0.331679 0.902751 1.16915 0 0 0 1 
Seq_Frame0125_ForcepToReference-SequenceTransformStatus = OK
Seq_Frame0125_Timestamp = 13.329
Seq_Frame0126_ForcepToReference-SequenceTransform =-0.209519 -0.936543 -0.281049 32.4941 0.932881 -0.105337 -0.344436 247.957 0.292975 -0.334351 0.895754 4.63787 0 0 0 1 
Seq_Frame0126_ForcepToReference-SequenceTransformStatus = OK
Seq_Frame0126_Timestamp = 13.439
Seq_Frame0127_ForcepToReference-SequenceTransform =-0.219619 -0.922702 -0.316841 34.5751 0.937492 -0.109736 -0.330253 248.756 0.269956 -0.369566 0.889126 6.14985 0 0 0 1 
Seq_Frame0127_ForcepToReference-SequenceTransformStatus = OK
Seq_Frame0127_Timestamp = 13.544
Seq_Frame0128_ForcepToReference-SequenceTransform =-0.211673 -0.926617 -0.310767 34.441 0.931803 -0.095408 -0.350201 250.013 0.294853 -0.363701 0.883619 8.74545 0 0 0 1 
Seq_Frame0128_ForcepToReference-SequenceTransformStatus = OK
Seq_Frame0128_Timestamp = 13.653
Seq_Frame0129_ForcepToReference-SequenceTransform =-0.199827 -0.936018 -0.289723 33.7223 0.920676 -0.0781826 -0.382418 250.848 0.335299 -0.343158 0.877392 9.48261 0 0 0 1 
Seq_Frame0129_ForcepToReference-SequenceTransformStatus = OK
Seq_Frame0129_Timestamp = 13.774
Seq_Frame0130_ForcepToReference-SequenceTransform =-0.221468 -0.91744 -0.330539 36.0577 0.920126 -0.0843319 -0.382434 252.08 0.322985 -0.388834 0.862838 13.8181 0 0 0 1 
Seq_Frame0130_ForcepToReference-SequenceTransformStatus = OK
Seq_Frame0130_Timestamp = 13.896
Seq_Frame0131_ForcepToReference-SequenceTransform =-0.211188 -0.918999 -0.332926 36.917 0.936154 -0.0922194 -0.339279 250.99 0.281095 -0.383322 0.879801 12.374 0 0 0 1 
Seq_Frame0131_ForcepToReference-SequenceTransformStatus = OK
Seq_Frame0131_Timestamp = 14.019
Seq_Frame0132_ForcepToReference-SequenceTransform =-0.205156 -0.910145 -0.359926 38.1529 0.937689 -0.0774054 -0.338743 249.882 0.280445 -0.406994 0.869314 11.0458 0 0 0 1 
Seq_Frame0132_ForcepToReference-SequenceTransformStatus = OK
Seq_Frame0132_Timestamp = 14.139
Seq_Frame0133_ForcepToReference-SequenceTransform =-0.217332 -0.898022 -0.382522 39.3643 0.945477 -0.0962874 -0.31113 248.405 0.24257 -0.429285 0.869985 12.1372 0 0 0 1 
Seq_Frame0133_ForcepToReference-SequenceTransformStatus = OK
Seq_Frame0133_Timestamp = 14.262
Seq_Frame0134_ForcepToReference-SequenceTransform =-0.255853 -0.910271 -0.325492 33.6971 0.938872 -0.153749 -0.308026 243.828 0.230343 -0.384405 0.893966 4.41426 0 0 0 1 
Seq_Frame0134_ForcepToReference-SequenceTransformStatus = OK
Seq_Frame0134_Timestamp = 14.363
Seq_Frame0135_ForcepToReference-SequenceTransform =-0.272247 -0.943661 -0.188111 22.6546 0.932826 -0.210878 -0.292175 236.223 0.236046 -0.255019 0.937682 -8.20842 0 0 0 1 
Seq_Frame0135_ForcepToReference-SequenceTransformStatus = OK
Seq_Frame0135_Timestamp = 14.483
Seq_Frame0136_ForcepToReference-SequenceTransform =-0.286719 -0.936445 -0.202144 21.1714 0.949247 -0.249217 -0.191888 226.089 0.129315 -0.246903 0.960373 -17.8644 0 0 0 1 
Seq_Frame0136_ForcepToReference-SequenceTransformStatus = OK
Seq_Frame0136_Timestamp = 14.604
Seq_Frame0137_ForcepToReference-SequenceTransform =-0.326249 -0.895756 -0.301965 25.0321 0.945284 -0.308972 -0.104762 218.604 0.00054195 -0.319621 0.947545 -20.0246 0 0 0 1 
Seq_Frame0137_ForcepToReference-SequenceTransformStatus = OK
Seq_Frame0137_Timestamp = 14.711
Seq_Frame0138_ForcepToReference-SequenceTransform =-0.352784 -0.875843 -0.329305 26.0452 0.932363 -0.358751 -0.0446797 215.694 -0.0790061 -0.322795 0.943166 -23.0039 0 0 0 1 
Seq_Frame0138_ForcepToReference-SequenceTransformStatus = OK
Seq_Frame0138_Timestamp = 14.822
Seq_Frame0139_ForcepToReference-SequenceTransform =-0.363011 -0.861266 -0.355589 25.7836 0.929005 -0.363993 -0.0667746 218.061 -0.0719211 -0.354584 0.932254 -19.5272 0 0 0 1 
Seq_Frame0139_ForcepToReference-SequenceTransformStatus = OK
Seq_Frame0139_Timestamp = 14.94
Seq_Frame0140_ForcepToReference-SequenceTransform =-0.368474 -0.852121 -0.37164 27.8586 0.927952 -0.361201 -0.0918618 222.778 -0.0559592 -0.378713 0.923821 -14.3916 0 0 0 1 
Seq_Frame0140_ForcepToReference-SequenceTransformStatus = OK
Seq_Frame0140_Timestamp = 15.062
Seq_Frame0141_ForcepToReference-SequenceTransform =-0.374358 -0.83224 -0.408941 34.054 0.925303 -0.364084 -0.1061 229.573 -0.0605885 -0.418114 0.906372 -6.134 0 0 0 1 
Seq_Frame0141_ForcepToReference-SequenceTransformStatus = OK
Seq_Frame0141_Timestamp = 15.17
Seq_Frame0142_ForcepToReference-SequenceTransform =-0.377569 -0.819339 -0.431424 39.7607 0.92552 -0.348631 -0.147884 234.972 -0.0292408 -0.455127 0.889946 5.50089 0 0 0 1 
Seq_Frame0142_ForcepToReference-SequenceTransformStatus = OK
Seq_Frame0142_Timestamp = 15.292
Seq_Frame0143_ForcepToReference-SequenceTransform =-0.609281 0.182117 0.771758 42.1575 -0.160013 0.925009 -0.344607 228.059 -0.776642 -0.333454 -0.534449 7.35171 0 0 0 1 
Seq_Frame0143_ForcepToReference-SequenceTransformStatus = OK
Seq_Frame0143_Timestamp = 15.415
Seq_Frame0144_ForcepToReference-SequenceTransform =-0.151506 0.330018 0.931737 68.8185 -0.302611 0.881872 -0.361563 211.49 -0.940995 -0.336733 -0.0337421 66.3055 0 0 0 1 
Seq_Frame0144_ForcepToReference-SequenceTransformStatus = OK
Seq_Frame0144_Timestamp = 16.324
Seq_Frame0145_ForcepToReference-SequenceTransform =-0.116276 0.339997 0.93321 70.5651 -0.282138 0.889571 -0.359252 210.659 -0.952301 -0.305067 -0.00750988 68.8885 0 0 0 1 
Seq_Frame0145_ForcepToReference-SequenceTransformStatus = OK
Seq_Frame0145_Timestamp = 16.448
Seq_Frame0146_ForcepToReference-SequenceTransform =-0.178903 0.321556 0.929836 69.9912 -0.299916 0.882279 -0.362814 209.81 -0.93704 -0.343781 -0.0614029 65.4901 0 0 0 1 
Seq_Frame0146_ForcepToReference-SequenceTransformStatus = OK
Seq_Frame0146_Timestamp = 16.556
Seq_Frame0147_ForcepToReference-SequenceTransform =-0.235438 0.298279 0.924986 69.6688 -0.327599 0.871686 -0.364475 209.814 -0.915013 -0.388835 -0.107512 62.9188 0 0 0 1 
Seq_Frame0147_ForcepToReference-SequenceTransformStatus = OK
Seq_Frame0147_Timestamp = 16.679
Seq_Frame0148_ForcepToReference-SequenceTransform =-0.112345 0.300176 0.947245 78.7169 -0.136773 0.939535 -0.313954 205.606 -0.984211 -0.164828 -0.0644961 61.5506 0 0 0 1 
Seq_Frame0148_ForcepToReference-SequenceTransformStatus = OK
Seq_Frame0148_Timestamp = 20.187
Seq_Frame0149_ForcepToReference-SequenceTransform =-0.110404 0.241326 0.964143 85.8904 -0.246889 0.933008 -0.261804 215.569 -0.962734 -0.266941 -0.0434267 44.2445 0 0 0 1 
Seq_Frame0149_ForcepToReference-SequenceTransformStatus = OK
Seq_Frame0149_Timestamp = 20.448
