ObjectType = Image
NDims = 3
AnatomicalOrientation = RAI
BinaryData = True
CompressedData = False
DimSize = 0 0 1610
ElementSpacing = 1 1 1
Offset = 0 0 0
TransformMatrix = 1 0 0 0 1 0 0 0 1
ElementType = MET_UCHAR
Kinds = domain domain list
Seq_Frame0000_DriverToReference-SequenceTransform =0.526363 0.836582 -0.151895 41.2046 -0.640502 0.272642 -0.71793 83.1753 -0.559194 0.475181 0.679341 120.255 0 0 0 1 
Seq_Frame0000_DriverToReference-SequenceTransformStatus = OK
Seq_Frame0000_Timestamp = 0.00300002
Seq_Frame0001_DriverToReference-SequenceTransform =0.526363 0.836582 -0.151895 41.2046 -0.640502 0.272642 -0.71793 83.1753 -0.559194 0.475181 0.679341 120.255 0 0 0 1 
Seq_Frame0001_DriverToReference-SequenceTransformStatus = OK
Seq_Frame0001_Timestamp = 0.108
Seq_Frame0002_DriverToReference-SequenceTransform =0.526363 0.836582 -0.151895 41.2046 -0.640502 0.272642 -0.71793 83.1753 -0.559194 0.475181 0.679341 120.255 0 0 0 1 
Seq_Frame0002_DriverToReference-SequenceTransformStatus = OK
Seq_Frame0002_Timestamp = 0.213
Seq_Frame0003_DriverToReference-SequenceTransform =0.526363 0.836582 -0.151895 41.2046 -0.640502 0.272642 -0.71793 83.1753 -0.559194 0.475181 0.679341 120.255 0 0 0 1 
Seq_Frame0003_DriverToReference-SequenceTransformStatus = OK
Seq_Frame0003_Timestamp = 0.327
Seq_Frame0004_DriverToReference-SequenceTransform =0.526363 0.836582 -0.151895 41.2046 -0.640502 0.272642 -0.71793 83.1753 -0.559194 0.475181 0.679341 120.255 0 0 0 1 
Seq_Frame0004_DriverToReference-SequenceTransformStatus = OK
Seq_Frame0004_Timestamp = 0.433
Seq_Frame0005_DriverToReference-SequenceTransform =0.526363 0.836582 -0.151895 41.2046 -0.640502 0.272642 -0.71793 83.1753 -0.559194 0.475181 0.679341 120.255 0 0 0 1 
Seq_Frame0005_DriverToReference-SequenceTransformStatus = OK
Seq_Frame0005_Timestamp = 0.538
Seq_Frame0006_DriverToReference-SequenceTransform =0.526363 0.836582 -0.151895 41.2046 -0.640502 0.272642 -0.71793 83.1753 -0.559194 0.475181 0.679341 120.255 0 0 0 1 
Seq_Frame0006_DriverToReference-SequenceTransformStatus = OK
Seq_Frame0006_Timestamp = 0.643
Seq_Frame0007_DriverToReference-SequenceTransform =0.526363 0.836582 -0.151895 41.2046 -0.640502 0.272642 -0.71793 83.1753 -0.559194 0.475181 0.679341 120.255 0 0 0 1 
Seq_Frame0007_DriverToReference-SequenceTransformStatus = OK
Seq_Frame0007_Timestamp = 0.753
Seq_Frame0008_DriverToReference-SequenceTransform =0.526363 0.836582 -0.151895 41.2046 -0.640502 0.272642 -0.71793 83.1753 -0.559194 0.475181 0.679341 120.255 0 0 0 1 
Seq_Frame0008_DriverToReference-SequenceTransformStatus = OK
Seq_Frame0008_Timestamp = 0.859
Seq_Frame0009_DriverToReference-SequenceTransform =0.526363 0.836582 -0.151895 41.2046 -0.640502 0.272642 -0.71793 83.1753 -0.559194 0.475181 0.679341 120.255 0 0 0 1 
Seq_Frame0009_DriverToReference-SequenceTransformStatus = OK
Seq_Frame0009_Timestamp = 0.963
Seq_Frame0010_DriverToReference-SequenceTransform =0.526363 0.836582 -0.151895 41.2046 -0.640502 0.272642 -0.71793 83.1753 -0.559194 0.475181 0.679341 120.255 0 0 0 1 
Seq_Frame0010_DriverToReference-SequenceTransformStatus = OK
Seq_Frame0010_Timestamp = 1.073
Seq_Frame0011_DriverToReference-SequenceTransform =0.526363 0.836582 -0.151895 41.2046 -0.640502 0.272642 -0.71793 83.1753 -0.559194 0.475181 0.679341 120.255 0 0 0 1 
Seq_Frame0011_DriverToReference-SequenceTransformStatus = OK
Seq_Frame0011_Timestamp = 1.181
Seq_Frame0012_DriverToReference-SequenceTransform =0.526363 0.836582 -0.151895 41.2046 -0.640502 0.272642 -0.71793 83.1753 -0.559194 0.475181 0.679341 120.255 0 0 0 1 
Seq_Frame0012_DriverToReference-SequenceTransformStatus = OK
Seq_Frame0012_Timestamp = 1.288
Seq_Frame0013_DriverToReference-SequenceTransform =0.526363 0.836582 -0.151895 41.2046 -0.640502 0.272642 -0.71793 83.1753 -0.559194 0.475181 0.679341 120.255 0 0 0 1 
Seq_Frame0013_DriverToReference-SequenceTransformStatus = OK
Seq_Frame0013_Timestamp = 1.395
Seq_Frame0014_DriverToReference-SequenceTransform =0.526363 0.836582 -0.151895 41.2046 -0.640502 0.272642 -0.71793 83.1753 -0.559194 0.475181 0.679341 120.255 0 0 0 1 
Seq_Frame0014_DriverToReference-SequenceTransformStatus = OK
Seq_Frame0014_Timestamp = 1.498
Seq_Frame0015_DriverToReference-SequenceTransform =0.526363 0.836582 -0.151895 41.2046 -0.640502 0.272642 -0.71793 83.1753 -0.559194 0.475181 0.679341 120.255 0 0 0 1 
Seq_Frame0015_DriverToReference-SequenceTransformStatus = OK
Seq_Frame0015_Timestamp = 1.602
Seq_Frame0016_DriverToReference-SequenceTransform =0.526363 0.836582 -0.151895 41.2046 -0.640502 0.272642 -0.71793 83.1753 -0.559194 0.475181 0.679341 120.255 0 0 0 1 
Seq_Frame0016_DriverToReference-SequenceTransformStatus = OK
Seq_Frame0016_Timestamp = 1.708
Seq_Frame0017_DriverToReference-SequenceTransform =0.526363 0.836582 -0.151895 41.2046 -0.640502 0.272642 -0.71793 83.1753 -0.559194 0.475181 0.679341 120.255 0 0 0 1 
Seq_Frame0017_DriverToReference-SequenceTransformStatus = OK
Seq_Frame0017_Timestamp = 1.814
Seq_Frame0018_DriverToReference-SequenceTransform =0.526363 0.836582 -0.151895 41.2046 -0.640502 0.272642 -0.71793 83.1753 -0.559194 0.475181 0.679341 120.255 0 0 0 1 
Seq_Frame0018_DriverToReference-SequenceTransformStatus = OK
Seq_Frame0018_Timestamp = 1.918
Seq_Frame0019_DriverToReference-SequenceTransform =0.526363 0.836582 -0.151895 41.2046 -0.640502 0.272642 -0.71793 83.1753 -0.559194 0.475181 0.679341 120.255 0 0 0 1 
Seq_Frame0019_DriverToReference-SequenceTransformStatus = OK
Seq_Frame0019_Timestamp = 2.028
Seq_Frame0020_DriverToReference-SequenceTransform =0.526363 0.836582 -0.151895 41.2046 -0.640502 0.272642 -0.71793 83.1753 -0.559194 0.475181 0.679341 120.255 0 0 0 1 
Seq_Frame0020_DriverToReference-SequenceTransformStatus = OK
Seq_Frame0020_Timestamp = 2.133
Seq_Frame0021_DriverToReference-SequenceTransform =0.526363 0.836582 -0.151895 41.2046 -0.640502 0.272642 -0.71793 83.1753 -0.559194 0.475181 0.679341 120.255 0 0 0 1 
Seq_Frame0021_DriverToReference-SequenceTransformStatus = OK
Seq_Frame0021_Timestamp = 2.243
Seq_Frame0022_DriverToReference-SequenceTransform =0.526363 0.836582 -0.151895 41.2046 -0.640502 0.272642 -0.71793 83.1753 -0.559194 0.475181 0.679341 120.255 0 0 0 1 
Seq_Frame0022_DriverToReference-SequenceTransformStatus = OK
Seq_Frame0022_Timestamp = 2.349
Seq_Frame0023_DriverToReference-SequenceTransform =0.526363 0.836582 -0.151895 41.2046 -0.640502 0.272642 -0.71793 83.1753 -0.559194 0.475181 0.679341 120.255 0 0 0 1 
Seq_Frame0023_DriverToReference-SequenceTransformStatus = OK
Seq_Frame0023_Timestamp = 2.458
Seq_Frame0024_DriverToReference-SequenceTransform =0.526363 0.836582 -0.151895 41.2046 -0.640502 0.272642 -0.71793 83.1753 -0.559194 0.475181 0.679341 120.255 0 0 0 1 
Seq_Frame0024_DriverToReference-SequenceTransformStatus = OK
Seq_Frame0024_Timestamp = 2.563
Seq_Frame0025_DriverToReference-SequenceTransform =-0.895425 -0.442685 0.0473739 40.8795 -0.28722 0.655689 0.698267 83.6257 -0.340175 0.611639 -0.714269 116.283 0 0 0 1 
Seq_Frame0025_DriverToReference-SequenceTransformStatus = OK
Seq_Frame0025_Timestamp = 2.678
Seq_Frame0026_DriverToReference-SequenceTransform =-0.880074 -0.465282 0.0947748 40.1723 -0.224181 0.583091 0.780864 82.5269 -0.418584 0.665971 -0.61747 117.289 0 0 0 1 
Seq_Frame0026_DriverToReference-SequenceTransformStatus = OK
Seq_Frame0026_Timestamp = 2.78
Seq_Frame0027_DriverToReference-SequenceTransform =-0.880879 -0.464413 0.0915068 40.1719 -0.226806 0.583802 0.779573 82.7914 -0.415466 0.665955 -0.61959 117.194 0 0 0 1 
Seq_Frame0027_DriverToReference-SequenceTransformStatus = OK
Seq_Frame0027_Timestamp = 2.884
Seq_Frame0028_DriverToReference-SequenceTransform =-0.879199 -0.46682 0.0953333 40.1424 -0.222629 0.57941 0.784041 82.7264 -0.421243 0.668104 -0.613345 117.271 0 0 0 1 
Seq_Frame0028_DriverToReference-SequenceTransformStatus = OK
Seq_Frame0028_Timestamp = 2.988
Seq_Frame0029_DriverToReference-SequenceTransform =-0.878905 -0.467274 0.0958188 40.1836 -0.223978 0.581641 0.782002 82.7082 -0.421141 0.665844 -0.615866 117.472 0 0 0 1 
Seq_Frame0029_DriverToReference-SequenceTransformStatus = OK
Seq_Frame0029_Timestamp = 3.096
Seq_Frame0030_DriverToReference-SequenceTransform =-0.879008 -0.468664 0.0877465 40.3507 -0.230823 0.579289 0.781758 82.5005 -0.417212 0.666917 -0.617378 117.331 0 0 0 1 
Seq_Frame0030_DriverToReference-SequenceTransformStatus = OK
Seq_Frame0030_Timestamp = 3.204
Seq_Frame0031_DriverToReference-SequenceTransform =-0.85783 -0.507666 0.0800121 42.8016 -0.26521 0.570632 0.777202 83.0337 -0.440217 0.645487 -0.624144 117.785 0 0 0 1 
Seq_Frame0031_DriverToReference-SequenceTransformStatus = OK
Seq_Frame0031_Timestamp = 3.31
Seq_Frame0032_DriverToReference-SequenceTransform =-0.835788 -0.531716 0.136883 46.6884 -0.234094 0.570607 0.787152 83.4589 -0.496648 0.625849 -0.601377 117.598 0 0 0 1 
Seq_Frame0032_DriverToReference-SequenceTransformStatus = OK
Seq_Frame0032_Timestamp = 3.42
Seq_Frame0033_DriverToReference-SequenceTransform =-0.882542 -0.461124 0.0921104 49.1591 -0.288097 0.685044 0.669115 89.3908 -0.371645 0.563985 -0.737428 107.066 0 0 0 1 
Seq_Frame0033_DriverToReference-SequenceTransformStatus = OK
Seq_Frame0033_Timestamp = 3.524
Seq_Frame0034_DriverToReference-SequenceTransform =-0.877706 -0.469895 0.0939772 49.785 -0.352574 0.766053 0.537452 94.4847 -0.324537 0.438591 -0.838042 99.3251 0 0 0 1 
Seq_Frame0034_DriverToReference-SequenceTransformStatus = OK
Seq_Frame0034_Timestamp = 3.629
Seq_Frame0035_DriverToReference-SequenceTransform =-0.870626 -0.487286 0.0675513 48.5755 -0.442001 0.835111 0.327451 102.942 -0.215975 0.25523 -0.94245 91.442 0 0 0 1 
Seq_Frame0035_DriverToReference-SequenceTransformStatus = OK
Seq_Frame0035_Timestamp = 3.733
Seq_Frame0036_DriverToReference-SequenceTransform =-0.855288 -0.515879 -0.0484963 40.838 -0.504005 0.806559 0.308937 133.731 -0.120259 0.288672 -0.949845 87.4663 0 0 0 1 
Seq_Frame0036_DriverToReference-SequenceTransformStatus = OK
Seq_Frame0036_Timestamp = 3.838
Seq_Frame0037_DriverToReference-SequenceTransform =-0.742801 -0.648212 -0.167538 25.2219 -0.645092 0.625969 0.438199 208.683 -0.179173 0.433572 -0.883127 107.514 0 0 0 1 
Seq_Frame0037_DriverToReference-SequenceTransformStatus = OK
Seq_Frame0037_Timestamp = 3.943
Seq_Frame0038_DriverToReference-SequenceTransform =-0.673636 -0.693388 -0.25579 17.0916 -0.701962 0.491996 0.514965 257.26 -0.231223 0.526454 -0.818158 143.41 0 0 0 1 
Seq_Frame0038_DriverToReference-SequenceTransformStatus = OK
Seq_Frame0038_Timestamp = 4.049
Seq_Frame0039_DriverToReference-SequenceTransform =-0.636273 -0.717313 -0.283936 18.9916 -0.723026 0.426105 0.543754 276.208 -0.269055 0.551269 -0.789754 170.158 0 0 0 1 
Seq_Frame0039_DriverToReference-SequenceTransformStatus = OK
Seq_Frame0039_Timestamp = 4.153
Seq_Frame0040_DriverToReference-SequenceTransform =-0.61155 -0.730457 -0.304039 27.1232 -0.736377 0.384911 0.556411 284.771 -0.289406 0.564161 -0.773283 191.581 0 0 0 1 
Seq_Frame0040_DriverToReference-SequenceTransformStatus = OK
Seq_Frame0040_Timestamp = 4.259
Seq_Frame0041_DriverToReference-SequenceTransform =-0.629102 -0.728562 -0.270978 37.8912 -0.722014 0.418537 0.550929 288.979 -0.287972 0.54224 -0.789334 209.936 0 0 0 1 
Seq_Frame0041_DriverToReference-SequenceTransformStatus = OK
Seq_Frame0041_Timestamp = 4.369
Seq_Frame0042_DriverToReference-SequenceTransform =-0.698732 -0.65459 -0.288592 48.4428 -0.684774 0.495257 0.534607 298.872 -0.207021 0.571168 -0.794298 218.365 0 0 0 1 
Seq_Frame0042_DriverToReference-SequenceTransformStatus = OK
Seq_Frame0042_Timestamp = 4.473
Seq_Frame0043_DriverToReference-SequenceTransform =-0.715234 -0.619388 -0.323728 60.7545 -0.681144 0.514079 0.521311 290.062 -0.156471 0.593365 -0.789579 231.27 0 0 0 1 
Seq_Frame0043_DriverToReference-SequenceTransformStatus = OK
Seq_Frame0043_Timestamp = 4.585
Seq_Frame0044_DriverToReference-SequenceTransform =-0.753856 -0.644538 -0.127558 91.2972 -0.627318 0.648331 0.431438 288.233 -0.195379 0.405262 -0.893079 249.284 0 0 0 1 
Seq_Frame0044_DriverToReference-SequenceTransformStatus = OK
Seq_Frame0044_Timestamp = 4.688
Seq_Frame0045_DriverToReference-SequenceTransform =-0.701375 -0.562685 -0.437561 115.18 -0.670903 0.728473 0.138618 293.045 0.240753 0.390784 -0.88844 248.795 0 0 0 1 
Seq_Frame0045_DriverToReference-SequenceTransformStatus = OK
Seq_Frame0045_Timestamp = 4.793
Seq_Frame0046_DriverToReference-SequenceTransform =-0.808612 -0.220464 -0.545474 127.573 -0.337374 0.933313 0.122907 273.05 0.482001 0.283413 -0.829067 247.849 0 0 0 1 
Seq_Frame0046_DriverToReference-SequenceTransformStatus = OK
Seq_Frame0046_Timestamp = 4.898
Seq_Frame0047_DriverToReference-SequenceTransform =-0.831173 0.0385539 -0.554676 127.412 -0.029171 0.993195 0.112746 255.835 0.555249 0.109892 -0.824392 243.794 0 0 0 1 
Seq_Frame0047_DriverToReference-SequenceTransformStatus = OK
Seq_Frame0047_Timestamp = 5.009
Seq_Frame0048_DriverToReference-SequenceTransform =-0.771477 0.0876902 -0.630186 119.399 0.0378369 0.995027 0.0921376 242.36 0.635132 0.0472377 -0.770958 238.962 0 0 0 1 
Seq_Frame0048_DriverToReference-SequenceTransformStatus = OK
Seq_Frame0048_Timestamp = 5.113
Seq_Frame0049_DriverToReference-SequenceTransform =-0.762428 0.06187 -0.644108 120.167 0.0431626 0.998064 0.044778 231.656 0.645631 0.00633868 -0.763623 236.399 0 0 0 1 
Seq_Frame0049_DriverToReference-SequenceTransformStatus = OK
Seq_Frame0049_Timestamp = 5.223
Seq_Frame0050_DriverToReference-SequenceTransform =-0.770978 0.0591846 -0.634105 122.409 0.0956149 0.995144 -0.0233713 226.733 0.629643 -0.0786487 -0.772893 233.393 0 0 0 1 
Seq_Frame0050_DriverToReference-SequenceTransformStatus = OK
Seq_Frame0050_Timestamp = 5.333
Seq_Frame0051_DriverToReference-SequenceTransform =-0.763128 0.0703438 -0.642408 121.508 0.0973033 0.995233 -0.00661006 226.451 0.63888 -0.0675527 -0.766334 228.607 0 0 0 1 
Seq_Frame0051_DriverToReference-SequenceTransformStatus = OK
Seq_Frame0051_Timestamp = 5.438
Seq_Frame0052_DriverToReference-SequenceTransform =-0.791499 0.0712863 -0.606999 122.569 0.128079 0.990468 -0.0506881 222.925 0.5976 -0.117864 -0.793084 225.268 0 0 0 1 
Seq_Frame0052_DriverToReference-SequenceTransformStatus = OK
Seq_Frame0052_Timestamp = 5.543
Seq_Frame0053_DriverToReference-SequenceTransform =-0.777296 0.0473632 -0.627349 124.769 0.118518 0.990332 -0.0720784 221.212 0.61787 -0.130379 -0.775395 223.536 0 0 0 1 
Seq_Frame0053_DriverToReference-SequenceTransformStatus = OK
Seq_Frame0053_Timestamp = 5.654
Seq_Frame0054_DriverToReference-SequenceTransform =-0.785751 0.0571018 -0.615902 125.248 0.131352 0.988423 -0.0759356 219.685 0.604436 -0.140566 -0.784155 220.634 0 0 0 1 
Seq_Frame0054_DriverToReference-SequenceTransformStatus = OK
Seq_Frame0054_Timestamp = 5.763
Seq_Frame0055_DriverToReference-SequenceTransform =-0.785387 0.0662228 -0.615452 125.828 0.135535 0.988532 -0.0665925 219.129 0.603984 -0.135716 -0.785356 219.639 0 0 0 1 
Seq_Frame0055_DriverToReference-SequenceTransformStatus = OK
Seq_Frame0055_Timestamp = 5.868
Seq_Frame0056_DriverToReference-SequenceTransform =-0.772419 0.0682179 -0.631439 125.429 0.129647 0.990216 -0.0516138 218.971 0.62174 -0.121731 -0.773706 220.714 0 0 0 1 
Seq_Frame0056_DriverToReference-SequenceTransformStatus = OK
Seq_Frame0056_Timestamp = 5.978
Seq_Frame0057_DriverToReference-SequenceTransform =-0.738092 0.0474294 -0.673031 123.964 0.106292 0.993244 -0.0465721 219.245 0.666274 -0.105912 -0.738147 221.803 0 0 0 1 
Seq_Frame0057_DriverToReference-SequenceTransformStatus = OK
Seq_Frame0057_Timestamp = 6.083
Seq_Frame0058_DriverToReference-SequenceTransform =-0.720477 -0.0205105 -0.693175 122.826 0.0479284 0.9957 -0.0792781 220.809 0.691821 -0.0903409 -0.716396 224.263 0 0 0 1 
Seq_Frame0058_DriverToReference-SequenceTransformStatus = OK
Seq_Frame0058_Timestamp = 6.205
Seq_Frame0059_DriverToReference-SequenceTransform =-0.700508 -0.074254 -0.709772 121.475 -0.0420301 0.997139 -0.0628358 224.917 0.712406 -0.0141852 -0.701624 224.743 0 0 0 1 
Seq_Frame0059_DriverToReference-SequenceTransformStatus = OK
Seq_Frame0059_Timestamp = 6.328
Seq_Frame0060_DriverToReference-SequenceTransform =-0.644081 -0.147404 -0.750621 119.429 -0.12457 0.988371 -0.087203 231.476 0.754746 0.0373391 -0.654953 225.123 0 0 0 1 
Seq_Frame0060_DriverToReference-SequenceTransformStatus = OK
Seq_Frame0060_Timestamp = 6.435
Seq_Frame0061_DriverToReference-SequenceTransform =-0.548814 -0.221477 -0.806072 115.092 -0.213246 0.969454 -0.12118 238.313 0.808288 0.105386 -0.579279 223.273 0 0 0 1 
Seq_Frame0061_DriverToReference-SequenceTransformStatus = OK
Seq_Frame0061_Timestamp = 6.545
Seq_Frame0062_DriverToReference-SequenceTransform =-0.548814 -0.221477 -0.806072 115.092 -0.213246 0.969454 -0.12118 238.313 0.808288 0.105386 -0.579279 223.273 0 0 0 1 
Seq_Frame0062_DriverToReference-SequenceTransformStatus = OK
Seq_Frame0062_Timestamp = 6.667
Seq_Frame0063_DriverToReference-SequenceTransform =-0.548814 -0.221477 -0.806072 115.092 -0.213246 0.969454 -0.12118 238.313 0.808288 0.105386 -0.579279 223.273 0 0 0 1 
Seq_Frame0063_DriverToReference-SequenceTransformStatus = OK
Seq_Frame0063_Timestamp = 6.79
Seq_Frame0064_DriverToReference-SequenceTransform =-0.548814 -0.221477 -0.806072 115.092 -0.213246 0.969454 -0.12118 238.313 0.808288 0.105386 -0.579279 223.273 0 0 0 1 
Seq_Frame0064_DriverToReference-SequenceTransformStatus = OK
Seq_Frame0064_Timestamp = 6.912
Seq_Frame0065_DriverToReference-SequenceTransform =-0.548814 -0.221477 -0.806072 115.092 -0.213246 0.969454 -0.12118 238.313 0.808288 0.105386 -0.579279 223.273 0 0 0 1 
Seq_Frame0065_DriverToReference-SequenceTransformStatus = OK
Seq_Frame0065_Timestamp = 7.035
Seq_Frame0066_DriverToReference-SequenceTransform =-0.548814 -0.221477 -0.806072 115.092 -0.213246 0.969454 -0.12118 238.313 0.808288 0.105386 -0.579279 223.273 0 0 0 1 
Seq_Frame0066_DriverToReference-SequenceTransformStatus = OK
Seq_Frame0066_Timestamp = 7.14
Seq_Frame0067_DriverToReference-SequenceTransform =-0.548814 -0.221477 -0.806072 115.092 -0.213246 0.969454 -0.12118 238.313 0.808288 0.105386 -0.579279 223.273 0 0 0 1 
Seq_Frame0067_DriverToReference-SequenceTransformStatus = OK
Seq_Frame0067_Timestamp = 7.263
Seq_Frame0068_DriverToReference-SequenceTransform =-0.548814 -0.221477 -0.806072 115.092 -0.213246 0.969454 -0.12118 238.313 0.808288 0.105386 -0.579279 223.273 0 0 0 1 
Seq_Frame0068_DriverToReference-SequenceTransformStatus = OK
Seq_Frame0068_Timestamp = 7.389
Seq_Frame0069_DriverToReference-SequenceTransform =-0.548814 -0.221477 -0.806072 115.092 -0.213246 0.969454 -0.12118 238.313 0.808288 0.105386 -0.579279 223.273 0 0 0 1 
Seq_Frame0069_DriverToReference-SequenceTransformStatus = OK
Seq_Frame0069_Timestamp = 7.51
Seq_Frame0070_DriverToReference-SequenceTransform =-0.548814 -0.221477 -0.806072 115.092 -0.213246 0.969454 -0.12118 238.313 0.808288 0.105386 -0.579279 223.273 0 0 0 1 
Seq_Frame0070_DriverToReference-SequenceTransformStatus = OK
Seq_Frame0070_Timestamp = 7.632
Seq_Frame0071_DriverToReference-SequenceTransform =-0.548814 -0.221477 -0.806072 115.092 -0.213246 0.969454 -0.12118 238.313 0.808288 0.105386 -0.579279 223.273 0 0 0 1 
Seq_Frame0071_DriverToReference-SequenceTransformStatus = OK
Seq_Frame0071_Timestamp = 7.751
Seq_Frame0072_DriverToReference-SequenceTransform =-0.548814 -0.221477 -0.806072 115.092 -0.213246 0.969454 -0.12118 238.313 0.808288 0.105386 -0.579279 223.273 0 0 0 1 
Seq_Frame0072_DriverToReference-SequenceTransformStatus = OK
Seq_Frame0072_Timestamp = 7.87
Seq_Frame0073_DriverToReference-SequenceTransform =-0.548814 -0.221477 -0.806072 115.092 -0.213246 0.969454 -0.12118 238.313 0.808288 0.105386 -0.579279 223.273 0 0 0 1 
Seq_Frame0073_DriverToReference-SequenceTransformStatus = OK
Seq_Frame0073_Timestamp = 9.183
Seq_Frame0074_DriverToReference-SequenceTransform =-0.548814 -0.221477 -0.806072 115.092 -0.213246 0.969454 -0.12118 238.313 0.808288 0.105386 -0.579279 223.273 0 0 0 1 
Seq_Frame0074_DriverToReference-SequenceTransformStatus = OK
Seq_Frame0074_Timestamp = 9.306
Seq_Frame0075_DriverToReference-SequenceTransform =-0.548814 -0.221477 -0.806072 115.092 -0.213246 0.969454 -0.12118 238.313 0.808288 0.105386 -0.579279 223.273 0 0 0 1 
Seq_Frame0075_DriverToReference-SequenceTransformStatus = OK
Seq_Frame0075_Timestamp = 9.458
Seq_Frame0076_DriverToReference-SequenceTransform =-0.548814 -0.221477 -0.806072 115.092 -0.213246 0.969454 -0.12118 238.313 0.808288 0.105386 -0.579279 223.273 0 0 0 1 
Seq_Frame0076_DriverToReference-SequenceTransformStatus = OK
Seq_Frame0076_Timestamp = 9.581
Seq_Frame0077_DriverToReference-SequenceTransform =-0.548814 -0.221477 -0.806072 115.092 -0.213246 0.969454 -0.12118 238.313 0.808288 0.105386 -0.579279 223.273 0 0 0 1 
Seq_Frame0077_DriverToReference-SequenceTransformStatus = OK
Seq_Frame0077_Timestamp = 9.684
Seq_Frame0078_DriverToReference-SequenceTransform =-0.548814 -0.221477 -0.806072 115.092 -0.213246 0.969454 -0.12118 238.313 0.808288 0.105386 -0.579279 223.273 0 0 0 1 
Seq_Frame0078_DriverToReference-SequenceTransformStatus = OK
Seq_Frame0078_Timestamp = 9.806
Seq_Frame0079_DriverToReference-SequenceTransform =-0.548814 -0.221477 -0.806072 115.092 -0.213246 0.969454 -0.12118 238.313 0.808288 0.105386 -0.579279 223.273 0 0 0 1 
Seq_Frame0079_DriverToReference-SequenceTransformStatus = OK
Seq_Frame0079_Timestamp = 9.928
Seq_Frame0080_DriverToReference-SequenceTransform =-0.548814 -0.221477 -0.806072 115.092 -0.213246 0.969454 -0.12118 238.313 0.808288 0.105386 -0.579279 223.273 0 0 0 1 
Seq_Frame0080_DriverToReference-SequenceTransformStatus = OK
Seq_Frame0080_Timestamp = 10.051
Seq_Frame0081_DriverToReference-SequenceTransform =-0.548814 -0.221477 -0.806072 115.092 -0.213246 0.969454 -0.12118 238.313 0.808288 0.105386 -0.579279 223.273 0 0 0 1 
Seq_Frame0081_DriverToReference-SequenceTransformStatus = OK
Seq_Frame0081_Timestamp = 10.176
Seq_Frame0082_DriverToReference-SequenceTransform =-0.548814 -0.221477 -0.806072 115.092 -0.213246 0.969454 -0.12118 238.313 0.808288 0.105386 -0.579279 223.273 0 0 0 1 
Seq_Frame0082_DriverToReference-SequenceTransformStatus = OK
Seq_Frame0082_Timestamp = 10.295
Seq_Frame0083_DriverToReference-SequenceTransform =-0.548814 -0.221477 -0.806072 115.092 -0.213246 0.969454 -0.12118 238.313 0.808288 0.105386 -0.579279 223.273 0 0 0 1 
Seq_Frame0083_DriverToReference-SequenceTransformStatus = OK
Seq_Frame0083_Timestamp = 10.42
Seq_Frame0084_DriverToReference-SequenceTransform =-0.548814 -0.221477 -0.806072 115.092 -0.213246 0.969454 -0.12118 238.313 0.808288 0.105386 -0.579279 223.273 0 0 0 1 
Seq_Frame0084_DriverToReference-SequenceTransformStatus = OK
Seq_Frame0084_Timestamp = 10.541
Seq_Frame0085_DriverToReference-SequenceTransform =-0.548814 -0.221477 -0.806072 115.092 -0.213246 0.969454 -0.12118 238.313 0.808288 0.105386 -0.579279 223.273 0 0 0 1 
Seq_Frame0085_DriverToReference-SequenceTransformStatus = OK
Seq_Frame0085_Timestamp = 10.648
Seq_Frame0086_DriverToReference-SequenceTransform =-0.548814 -0.221477 -0.806072 115.092 -0.213246 0.969454 -0.12118 238.313 0.808288 0.105386 -0.579279 223.273 0 0 0 1 
Seq_Frame0086_DriverToReference-SequenceTransformStatus = OK
Seq_Frame0086_Timestamp = 10.769
Seq_Frame0087_DriverToReference-SequenceTransform =-0.548814 -0.221477 -0.806072 115.092 -0.213246 0.969454 -0.12118 238.313 0.808288 0.105386 -0.579279 223.273 0 0 0 1 
Seq_Frame0087_DriverToReference-SequenceTransformStatus = OK
Seq_Frame0087_Timestamp = 10.888
Seq_Frame0088_DriverToReference-SequenceTransform =-0.548814 -0.221477 -0.806072 115.092 -0.213246 0.969454 -0.12118 238.313 0.808288 0.105386 -0.579279 223.273 0 0 0 1 
Seq_Frame0088_DriverToReference-SequenceTransformStatus = OK
Seq_Frame0088_Timestamp = 11.009
Seq_Frame0089_DriverToReference-SequenceTransform =-0.548814 -0.221477 -0.806072 115.092 -0.213246 0.969454 -0.12118 238.313 0.808288 0.105386 -0.579279 223.273 0 0 0 1 
Seq_Frame0089_DriverToReference-SequenceTransformStatus = OK
Seq_Frame0089_Timestamp = 11.219
Seq_Frame0090_DriverToReference-SequenceTransform =-0.70696 -0.457898 -0.539015 21.5953 -0.701003 0.55476 0.448147 342.258 0.0938184 0.694673 -0.713181 180.628 0 0 0 1 
Seq_Frame0090_DriverToReference-SequenceTransformStatus = OK
Seq_Frame0090_Timestamp = 11.326
Seq_Frame0091_DriverToReference-SequenceTransform =-0.70696 -0.457898 -0.539015 21.5953 -0.701003 0.55476 0.448147 342.258 0.0938184 0.694673 -0.713181 180.628 0 0 0 1 
Seq_Frame0091_DriverToReference-SequenceTransformStatus = OK
Seq_Frame0091_Timestamp = 11.476
Seq_Frame0092_DriverToReference-SequenceTransform =-0.81191 -0.388056 -0.436136 -0.529362 -0.579822 0.622915 0.525151 304.355 0.0678883 0.679256 -0.730754 156.853 0 0 0 1 
Seq_Frame0092_DriverToReference-SequenceTransformStatus = OK
Seq_Frame0092_Timestamp = 11.643
Seq_Frame0093_DriverToReference-SequenceTransform =-0.81191 -0.388056 -0.436136 -0.529362 -0.579822 0.622915 0.525151 304.355 0.0678883 0.679256 -0.730754 156.853 0 0 0 1 
Seq_Frame0093_DriverToReference-SequenceTransformStatus = OK
Seq_Frame0093_Timestamp = 12.231
Seq_Frame0094_DriverToReference-SequenceTransform =-0.724386 -0.514092 -0.45932 -2.09221 -0.689125 0.558611 0.461584 295.975 0.0192851 0.650894 -0.758924 136.978 0 0 0 1 
Seq_Frame0094_DriverToReference-SequenceTransformStatus = OK
Seq_Frame0094_Timestamp = 12.339
Seq_Frame0095_DriverToReference-SequenceTransform =-0.69562 -0.533056 -0.481627 -1.8829 -0.718212 0.531739 0.448804 292.554 0.0168624 0.658107 -0.752736 133.498 0 0 0 1 
Seq_Frame0095_DriverToReference-SequenceTransformStatus = OK
Seq_Frame0095_Timestamp = 12.46
Seq_Frame0096_DriverToReference-SequenceTransform =-0.655868 -0.519493 -0.54769 -1.79592 -0.749954 0.53113 0.394297 290.779 0.08606 0.669349 -0.737947 132.311 0 0 0 1 
Seq_Frame0096_DriverToReference-SequenceTransformStatus = OK
Seq_Frame0096_Timestamp = 12.578
Seq_Frame0097_DriverToReference-SequenceTransform =-0.572628 -0.500236 -0.649508 -0.0989069 -0.79414 0.535188 0.287951 283.211 0.203566 0.680689 -0.703721 133.756 0 0 0 1 
Seq_Frame0097_DriverToReference-SequenceTransformStatus = OK
Seq_Frame0097_Timestamp = 12.701
Seq_Frame0098_DriverToReference-SequenceTransform =-0.659863 -0.592583 -0.461981 1.93139 -0.747876 0.458606 0.479961 276.384 -0.0725502 0.662213 -0.745796 126.998 0 0 0 1 
Seq_Frame0098_DriverToReference-SequenceTransformStatus = OK
Seq_Frame0098_Timestamp = 12.821
Seq_Frame0099_DriverToReference-SequenceTransform =-0.659863 -0.592583 -0.461981 1.93139 -0.747876 0.458606 0.479961 276.384 -0.0725502 0.662213 -0.745796 126.998 0 0 0 1 
Seq_Frame0099_DriverToReference-SequenceTransformStatus = OK
Seq_Frame0099_Timestamp = 12.942
Seq_Frame0100_DriverToReference-SequenceTransform =-0.659863 -0.592583 -0.461981 1.93139 -0.747876 0.458606 0.479961 276.384 -0.0725502 0.662213 -0.745796 126.998 0 0 0 1 
Seq_Frame0100_DriverToReference-SequenceTransformStatus = OK
Seq_Frame0100_Timestamp = 13.076
Seq_Frame0101_DriverToReference-SequenceTransform =-0.659863 -0.592583 -0.461981 1.93139 -0.747876 0.458606 0.479961 276.384 -0.0725502 0.662213 -0.745796 126.998 0 0 0 1 
Seq_Frame0101_DriverToReference-SequenceTransformStatus = OK
Seq_Frame0101_Timestamp = 13.201
Seq_Frame0102_DriverToReference-SequenceTransform =-0.659863 -0.592583 -0.461981 1.93139 -0.747876 0.458606 0.479961 276.384 -0.0725502 0.662213 -0.745796 126.998 0 0 0 1 
Seq_Frame0102_DriverToReference-SequenceTransformStatus = OK
Seq_Frame0102_Timestamp = 13.307
Seq_Frame0103_DriverToReference-SequenceTransform =-0.659863 -0.592583 -0.461981 1.93139 -0.747876 0.458606 0.479961 276.384 -0.0725502 0.662213 -0.745796 126.998 0 0 0 1 
Seq_Frame0103_DriverToReference-SequenceTransformStatus = OK
Seq_Frame0103_Timestamp = 13.43
Seq_Frame0104_DriverToReference-SequenceTransform =-0.659863 -0.592583 -0.461981 1.93139 -0.747876 0.458606 0.479961 276.384 -0.0725502 0.662213 -0.745796 126.998 0 0 0 1 
Seq_Frame0104_DriverToReference-SequenceTransformStatus = OK
Seq_Frame0104_Timestamp = 13.551
Seq_Frame0105_DriverToReference-SequenceTransform =-0.659863 -0.592583 -0.461981 1.93139 -0.747876 0.458606 0.479961 276.384 -0.0725502 0.662213 -0.745796 126.998 0 0 0 1 
Seq_Frame0105_DriverToReference-SequenceTransformStatus = OK
Seq_Frame0105_Timestamp = 13.676
Seq_Frame0106_DriverToReference-SequenceTransform =-0.659863 -0.592583 -0.461981 1.93139 -0.747876 0.458606 0.479961 276.384 -0.0725502 0.662213 -0.745796 126.998 0 0 0 1 
Seq_Frame0106_DriverToReference-SequenceTransformStatus = OK
Seq_Frame0106_Timestamp = 13.795
Seq_Frame0107_DriverToReference-SequenceTransform =-0.659863 -0.592583 -0.461981 1.93139 -0.747876 0.458606 0.479961 276.384 -0.0725502 0.662213 -0.745796 126.998 0 0 0 1 
Seq_Frame0107_DriverToReference-SequenceTransformStatus = OK
Seq_Frame0107_Timestamp = 13.915
Seq_Frame0108_DriverToReference-SequenceTransform =-0.659863 -0.592583 -0.461981 1.93139 -0.747876 0.458606 0.479961 276.384 -0.0725502 0.662213 -0.745796 126.998 0 0 0 1 
Seq_Frame0108_DriverToReference-SequenceTransformStatus = OK
Seq_Frame0108_Timestamp = 14.023
Seq_Frame0109_DriverToReference-SequenceTransform =-0.659863 -0.592583 -0.461981 1.93139 -0.747876 0.458606 0.479961 276.384 -0.0725502 0.662213 -0.745796 126.998 0 0 0 1 
Seq_Frame0109_DriverToReference-SequenceTransformStatus = OK
Seq_Frame0109_Timestamp = 14.143
Seq_Frame0110_DriverToReference-SequenceTransform =-0.659863 -0.592583 -0.461981 1.93139 -0.747876 0.458606 0.479961 276.384 -0.0725502 0.662213 -0.745796 126.998 0 0 0 1 
Seq_Frame0110_DriverToReference-SequenceTransformStatus = OK
Seq_Frame0110_Timestamp = 14.262
Seq_Frame0111_DriverToReference-SequenceTransform =-0.659863 -0.592583 -0.461981 1.93139 -0.747876 0.458606 0.479961 276.384 -0.0725502 0.662213 -0.745796 126.998 0 0 0 1 
Seq_Frame0111_DriverToReference-SequenceTransformStatus = OK
Seq_Frame0111_Timestamp = 14.383
Seq_Frame0112_DriverToReference-SequenceTransform =-0.659863 -0.592583 -0.461981 1.93139 -0.747876 0.458606 0.479961 276.384 -0.0725502 0.662213 -0.745796 126.998 0 0 0 1 
Seq_Frame0112_DriverToReference-SequenceTransformStatus = OK
Seq_Frame0112_Timestamp = 14.491
Seq_Frame0113_DriverToReference-SequenceTransform =-0.659863 -0.592583 -0.461981 1.93139 -0.747876 0.458606 0.479961 276.384 -0.0725502 0.662213 -0.745796 126.998 0 0 0 1 
Seq_Frame0113_DriverToReference-SequenceTransformStatus = OK
Seq_Frame0113_Timestamp = 16.96
Seq_Frame0114_DriverToReference-SequenceTransform =-0.659863 -0.592583 -0.461981 1.93139 -0.747876 0.458606 0.479961 276.384 -0.0725502 0.662213 -0.745796 126.998 0 0 0 1 
Seq_Frame0114_DriverToReference-SequenceTransformStatus = OK
Seq_Frame0114_Timestamp = 17.085
Seq_Frame0115_DriverToReference-SequenceTransform =-0.659863 -0.592583 -0.461981 1.93139 -0.747876 0.458606 0.479961 276.384 -0.0725502 0.662213 -0.745796 126.998 0 0 0 1 
Seq_Frame0115_DriverToReference-SequenceTransformStatus = OK
Seq_Frame0115_Timestamp = 17.207
Seq_Frame0116_DriverToReference-SequenceTransform =-0.659863 -0.592583 -0.461981 1.93139 -0.747876 0.458606 0.479961 276.384 -0.0725502 0.662213 -0.745796 126.998 0 0 0 1 
Seq_Frame0116_DriverToReference-SequenceTransformStatus = OK
Seq_Frame0116_Timestamp = 17.403
Seq_Frame0117_DriverToReference-SequenceTransform =-0.659863 -0.592583 -0.461981 1.93139 -0.747876 0.458606 0.479961 276.384 -0.0725502 0.662213 -0.745796 126.998 0 0 0 1 
Seq_Frame0117_DriverToReference-SequenceTransformStatus = OK
Seq_Frame0117_Timestamp = 17.601
Seq_Frame0118_DriverToReference-SequenceTransform =-0.659863 -0.592583 -0.461981 1.93139 -0.747876 0.458606 0.479961 276.384 -0.0725502 0.662213 -0.745796 126.998 0 0 0 1 
Seq_Frame0118_DriverToReference-SequenceTransformStatus = OK
Seq_Frame0118_Timestamp = 20.801
Seq_Frame0119_DriverToReference-SequenceTransform =-0.659863 -0.592583 -0.461981 1.93139 -0.747876 0.458606 0.479961 276.384 -0.0725502 0.662213 -0.745796 126.998 0 0 0 1 
Seq_Frame0119_DriverToReference-SequenceTransformStatus = OK
Seq_Frame0119_Timestamp = 20.921
Seq_Frame0120_DriverToReference-SequenceTransform =-0.659863 -0.592583 -0.461981 1.93139 -0.747876 0.458606 0.479961 276.384 -0.0725502 0.662213 -0.745796 126.998 0 0 0 1 
Seq_Frame0120_DriverToReference-SequenceTransformStatus = OK
Seq_Frame0120_Timestamp = 21.103
Seq_Frame0121_DriverToReference-SequenceTransform =-0.659863 -0.592583 -0.461981 1.93139 -0.747876 0.458606 0.479961 276.384 -0.0725502 0.662213 -0.745796 126.998 0 0 0 1 
Seq_Frame0121_DriverToReference-SequenceTransformStatus = OK
Seq_Frame0121_Timestamp = 21.21
Seq_Frame0122_DriverToReference-SequenceTransform =-0.659863 -0.592583 -0.461981 1.93139 -0.747876 0.458606 0.479961 276.384 -0.0725502 0.662213 -0.745796 126.998 0 0 0 1 
Seq_Frame0122_DriverToReference-SequenceTransformStatus = OK
Seq_Frame0122_Timestamp = 21.316
Seq_Frame0123_DriverToReference-SequenceTransform =-0.659863 -0.592583 -0.461981 1.93139 -0.747876 0.458606 0.479961 276.384 -0.0725502 0.662213 -0.745796 126.998 0 0 0 1 
Seq_Frame0123_DriverToReference-SequenceTransformStatus = OK
Seq_Frame0123_Timestamp = 21.422
Seq_Frame0124_DriverToReference-SequenceTransform =-0.659863 -0.592583 -0.461981 1.93139 -0.747876 0.458606 0.479961 276.384 -0.0725502 0.662213 -0.745796 126.998 0 0 0 1 
Seq_Frame0124_DriverToReference-SequenceTransformStatus = OK
Seq_Frame0124_Timestamp = 21.649
Seq_Frame0125_DriverToReference-SequenceTransform =-0.659863 -0.592583 -0.461981 1.93139 -0.747876 0.458606 0.479961 276.384 -0.0725502 0.662213 -0.745796 126.998 0 0 0 1 
Seq_Frame0125_DriverToReference-SequenceTransformStatus = OK
Seq_Frame0125_Timestamp = 21.755
Seq_Frame0126_DriverToReference-SequenceTransform =-0.659863 -0.592583 -0.461981 1.93139 -0.747876 0.458606 0.479961 276.384 -0.0725502 0.662213 -0.745796 126.998 0 0 0 1 
Seq_Frame0126_DriverToReference-SequenceTransformStatus = OK
Seq_Frame0126_Timestamp = 21.891
Seq_Frame0127_DriverToReference-SequenceTransform =-0.659863 -0.592583 -0.461981 1.93139 -0.747876 0.458606 0.479961 276.384 -0.0725502 0.662213 -0.745796 126.998 0 0 0 1 
Seq_Frame0127_DriverToReference-SequenceTransformStatus = OK
Seq_Frame0127_Timestamp = 22.011
Seq_Frame0128_DriverToReference-SequenceTransform =-0.659863 -0.592583 -0.461981 1.93139 -0.747876 0.458606 0.479961 276.384 -0.0725502 0.662213 -0.745796 126.998 0 0 0 1 
Seq_Frame0128_DriverToReference-SequenceTransformStatus = OK
Seq_Frame0128_Timestamp = 22.132
Seq_Frame0129_DriverToReference-SequenceTransform =-0.659863 -0.592583 -0.461981 1.93139 -0.747876 0.458606 0.479961 276.384 -0.0725502 0.662213 -0.745796 126.998 0 0 0 1 
Seq_Frame0129_DriverToReference-SequenceTransformStatus = OK
Seq_Frame0129_Timestamp = 22.252
Seq_Frame0130_DriverToReference-SequenceTransform =-0.659863 -0.592583 -0.461981 1.93139 -0.747876 0.458606 0.479961 276.384 -0.0725502 0.662213 -0.745796 126.998 0 0 0 1 
Seq_Frame0130_DriverToReference-SequenceTransformStatus = OK
Seq_Frame0130_Timestamp = 22.373
Seq_Frame0131_DriverToReference-SequenceTransform =-0.659863 -0.592583 -0.461981 1.93139 -0.747876 0.458606 0.479961 276.384 -0.0725502 0.662213 -0.745796 126.998 0 0 0 1 
Seq_Frame0131_DriverToReference-SequenceTransformStatus = OK
Seq_Frame0131_Timestamp = 22.494
Seq_Frame0132_DriverToReference-SequenceTransform =-0.659863 -0.592583 -0.461981 1.93139 -0.747876 0.458606 0.479961 276.384 -0.0725502 0.662213 -0.745796 126.998 0 0 0 1 
Seq_Frame0132_DriverToReference-SequenceTransformStatus = OK
Seq_Frame0132_Timestamp = 22.599
Seq_Frame0133_DriverToReference-SequenceTransform =-0.659863 -0.592583 -0.461981 1.93139 -0.747876 0.458606 0.479961 276.384 -0.0725502 0.662213 -0.745796 126.998 0 0 0 1 
Seq_Frame0133_DriverToReference-SequenceTransformStatus = OK
Seq_Frame0133_Timestamp = 22.705
Seq_Frame0134_DriverToReference-SequenceTransform =-0.659863 -0.592583 -0.461981 1.93139 -0.747876 0.458606 0.479961 276.384 -0.0725502 0.662213 -0.745796 126.998 0 0 0 1 
Seq_Frame0134_DriverToReference-SequenceTransformStatus = OK
Seq_Frame0134_Timestamp = 22.811
Seq_Frame0135_DriverToReference-SequenceTransform =-0.659863 -0.592583 -0.461981 1.93139 -0.747876 0.458606 0.479961 276.384 -0.0725502 0.662213 -0.745796 126.998 0 0 0 1 
Seq_Frame0135_DriverToReference-SequenceTransformStatus = OK
Seq_Frame0135_Timestamp = 22.961
Seq_Frame0136_DriverToReference-SequenceTransform =-0.659863 -0.592583 -0.461981 1.93139 -0.747876 0.458606 0.479961 276.384 -0.0725502 0.662213 -0.745796 126.998 0 0 0 1 
Seq_Frame0136_DriverToReference-SequenceTransformStatus = OK
Seq_Frame0136_Timestamp = 23.444
Seq_Frame0137_DriverToReference-SequenceTransform =-0.659863 -0.592583 -0.461981 1.93139 -0.747876 0.458606 0.479961 276.384 -0.0725502 0.662213 -0.745796 126.998 0 0 0 1 
Seq_Frame0137_DriverToReference-SequenceTransformStatus = OK
Seq_Frame0137_Timestamp = 24.312
Seq_Frame0138_DriverToReference-SequenceTransform =-0.659863 -0.592583 -0.461981 1.93139 -0.747876 0.458606 0.479961 276.384 -0.0725502 0.662213 -0.745796 126.998 0 0 0 1 
Seq_Frame0138_DriverToReference-SequenceTransformStatus = OK
Seq_Frame0138_Timestamp = 24.435
Seq_Frame0139_DriverToReference-SequenceTransform =-0.659863 -0.592583 -0.461981 1.93139 -0.747876 0.458606 0.479961 276.384 -0.0725502 0.662213 -0.745796 126.998 0 0 0 1 
Seq_Frame0139_DriverToReference-SequenceTransformStatus = OK
Seq_Frame0139_Timestamp = 25.887
Seq_Frame0140_DriverToReference-SequenceTransform =-0.659863 -0.592583 -0.461981 1.93139 -0.747876 0.458606 0.479961 276.384 -0.0725502 0.662213 -0.745796 126.998 0 0 0 1 
Seq_Frame0140_DriverToReference-SequenceTransformStatus = OK
Seq_Frame0140_Timestamp = 26.128
Seq_Frame0141_DriverToReference-SequenceTransform =-0.659863 -0.592583 -0.461981 1.93139 -0.747876 0.458606 0.479961 276.384 -0.0725502 0.662213 -0.745796 126.998 0 0 0 1 
Seq_Frame0141_DriverToReference-SequenceTransformStatus = OK
Seq_Frame0141_Timestamp = 26.249
Seq_Frame0142_DriverToReference-SequenceTransform =-0.659863 -0.592583 -0.461981 1.93139 -0.747876 0.458606 0.479961 276.384 -0.0725502 0.662213 -0.745796 126.998 0 0 0 1 
Seq_Frame0142_DriverToReference-SequenceTransformStatus = OK
Seq_Frame0142_Timestamp = 26.565
Seq_Frame0143_DriverToReference-SequenceTransform =-0.659863 -0.592583 -0.461981 1.93139 -0.747876 0.458606 0.479961 276.384 -0.0725502 0.662213 -0.745796 126.998 0 0 0 1 
Seq_Frame0143_DriverToReference-SequenceTransformStatus = OK
Seq_Frame0143_Timestamp = 26.683
Seq_Frame0144_DriverToReference-SequenceTransform =-0.659863 -0.592583 -0.461981 1.93139 -0.747876 0.458606 0.479961 276.384 -0.0725502 0.662213 -0.745796 126.998 0 0 0 1 
Seq_Frame0144_DriverToReference-SequenceTransformStatus = OK
Seq_Frame0144_Timestamp = 26.807
Seq_Frame0145_DriverToReference-SequenceTransform =-0.659863 -0.592583 -0.461981 1.93139 -0.747876 0.458606 0.479961 276.384 -0.0725502 0.662213 -0.745796 126.998 0 0 0 1 
Seq_Frame0145_DriverToReference-SequenceTransformStatus = OK
Seq_Frame0145_Timestamp = 27.01
Seq_Frame0146_DriverToReference-SequenceTransform =-0.659863 -0.592583 -0.461981 1.93139 -0.747876 0.458606 0.479961 276.384 -0.0725502 0.662213 -0.745796 126.998 0 0 0 1 
Seq_Frame0146_DriverToReference-SequenceTransformStatus = OK
Seq_Frame0146_Timestamp = 27.121
Seq_Frame0147_DriverToReference-SequenceTransform =-0.659863 -0.592583 -0.461981 1.93139 -0.747876 0.458606 0.479961 276.384 -0.0725502 0.662213 -0.745796 126.998 0 0 0 1 
Seq_Frame0147_DriverToReference-SequenceTransformStatus = OK
Seq_Frame0147_Timestamp = 27.247
Seq_Frame0148_DriverToReference-SequenceTransform =-0.659863 -0.592583 -0.461981 1.93139 -0.747876 0.458606 0.479961 276.384 -0.0725502 0.662213 -0.745796 126.998 0 0 0 1 
Seq_Frame0148_DriverToReference-SequenceTransformStatus = OK
Seq_Frame0148_Timestamp = 27.356
Seq_Frame0149_DriverToReference-SequenceTransform =-0.659863 -0.592583 -0.461981 1.93139 -0.747876 0.458606 0.479961 276.384 -0.0725502 0.662213 -0.745796 126.998 0 0 0 1 
Seq_Frame0149_DriverToReference-SequenceTransformStatus = OK
Seq_Frame0149_Timestamp = 27.467
