ObjectType = Image
NDims = 3
AnatomicalOrientation = RAI
BinaryData = True
CompressedData = False
DimSize = 0 0 1610
ElementSpacing = 1 1 1
Offset = 0 0 0
TransformMatrix = 1 0 0 0 1 0 0 0 1
ElementType = MET_UCHAR
Kinds = domain domain list
Seq_Frame0000_ForcepToReference-SequenceTransform =0.606025 -0.314204 -0.73076 34.894 0.406753 -0.667078 0.624147 -22.6507 -0.683583 -0.675487 -0.276462 -32.5619 0 0 0 1 
Seq_Frame0000_ForcepToReference-SequenceTransformStatus = OK
Seq_Frame0000_Timestamp = 0.00300002
Seq_Frame0001_ForcepToReference-SequenceTransform =0.606359 -0.314111 -0.730523 34.9025 0.407003 -0.666629 0.624464 -22.6579 -0.683138 -0.675974 -0.276372 -32.5264 0 0 0 1 
Seq_Frame0001_ForcepToReference-SequenceTransformStatus = OK
Seq_Frame0001_Timestamp = 0.108
Seq_Frame0002_ForcepToReference-SequenceTransform =0.605985 -0.314085 -0.730844 34.9044 0.406781 -0.667185 0.624014 -22.6647 -0.683601 -0.675437 -0.276541 -32.4999 0 0 0 1 
Seq_Frame0002_ForcepToReference-SequenceTransformStatus = OK
Seq_Frame0002_Timestamp = 0.213
Seq_Frame0003_ForcepToReference-SequenceTransform =0.605501 -0.314465 -0.731082 34.8841 0.407429 -0.66663 0.624185 -22.6444 -0.683645 -0.675808 -0.275523 -32.5551 0 0 0 1 
Seq_Frame0003_ForcepToReference-SequenceTransformStatus = OK
Seq_Frame0003_Timestamp = 0.327
Seq_Frame0004_ForcepToReference-SequenceTransform =0.605544 -0.314619 -0.73098 34.8966 0.406973 -0.666912 0.62418 -22.6487 -0.683878 -0.675458 -0.275804 -32.5544 0 0 0 1 
Seq_Frame0004_ForcepToReference-SequenceTransformStatus = OK
Seq_Frame0004_Timestamp = 0.433
Seq_Frame0005_ForcepToReference-SequenceTransform =0.605324 -0.314329 -0.731287 34.8918 0.407497 -0.666827 0.623929 -22.6527 -0.683761 -0.675677 -0.275558 -32.5542 0 0 0 1 
Seq_Frame0005_ForcepToReference-SequenceTransformStatus = OK
Seq_Frame0005_Timestamp = 0.538
Seq_Frame0006_ForcepToReference-SequenceTransform =0.605757 -0.314346 -0.730921 34.8969 0.407266 -0.666676 0.624241 -22.648 -0.683515 -0.675818 -0.275821 -32.5408 0 0 0 1 
Seq_Frame0006_ForcepToReference-SequenceTransformStatus = OK
Seq_Frame0006_Timestamp = 0.643
Seq_Frame0007_ForcepToReference-SequenceTransform =0.605133 -0.314684 -0.731292 34.8965 0.406965 -0.667211 0.623866 -22.643 -0.684247 -0.675132 -0.275686 -32.5401 0 0 0 1 
Seq_Frame0007_ForcepToReference-SequenceTransformStatus = OK
Seq_Frame0007_Timestamp = 0.753
Seq_Frame0008_ForcepToReference-SequenceTransform =0.605095 -0.314205 -0.731529 34.8983 0.406905 -0.667709 0.623372 -22.6865 -0.684315 -0.674862 -0.276176 -32.4498 0 0 0 1 
Seq_Frame0008_ForcepToReference-SequenceTransformStatus = OK
Seq_Frame0008_Timestamp = 0.859
Seq_Frame0009_ForcepToReference-SequenceTransform =0.608024 -0.313981 -0.729193 34.8986 0.406199 -0.666123 0.625526 -22.6323 -0.682135 -0.676532 -0.27748 -32.5823 0 0 0 1 
Seq_Frame0009_ForcepToReference-SequenceTransformStatus = OK
Seq_Frame0009_Timestamp = 0.963
Seq_Frame0010_ForcepToReference-SequenceTransform =0.607136 -0.314032 -0.729911 34.8992 0.406141 -0.666891 0.624745 -22.6256 -0.682961 -0.675751 -0.277353 -32.6166 0 0 0 1 
Seq_Frame0010_ForcepToReference-SequenceTransformStatus = OK
Seq_Frame0010_Timestamp = 1.073
Seq_Frame0011_ForcepToReference-SequenceTransform =0.608377 -0.313744 -0.729001 34.9069 0.404757 -0.667455 0.62504 -22.6622 -0.682678 -0.675328 -0.279074 -32.5282 0 0 0 1 
Seq_Frame0011_ForcepToReference-SequenceTransformStatus = OK
Seq_Frame0011_Timestamp = 1.181
Seq_Frame0012_ForcepToReference-SequenceTransform =0.605253 -0.314378 -0.731324 34.8879 0.407525 -0.666817 0.623921 -22.6466 -0.683807 -0.675664 -0.275477 -32.5785 0 0 0 1 
Seq_Frame0012_ForcepToReference-SequenceTransformStatus = OK
Seq_Frame0012_Timestamp = 1.288
Seq_Frame0013_ForcepToReference-SequenceTransform =0.605115 -0.31529 -0.731046 34.8905 0.405104 -0.668542 0.623653 -22.6105 -0.685366 -0.673531 -0.27682 -32.6641 0 0 0 1 
Seq_Frame0013_ForcepToReference-SequenceTransformStatus = OK
Seq_Frame0013_Timestamp = 1.395
Seq_Frame0014_ForcepToReference-SequenceTransform =0.60706 -0.314254 -0.729879 34.9036 0.406853 -0.66606 0.625168 -22.6686 -0.682605 -0.676467 -0.276483 -32.4902 0 0 0 1 
Seq_Frame0014_ForcepToReference-SequenceTransformStatus = OK
Seq_Frame0014_Timestamp = 1.498
Seq_Frame0015_ForcepToReference-SequenceTransform =0.606007 -0.314371 -0.730703 34.8955 0.406776 -0.666928 0.624292 -22.6481 -0.683585 -0.675558 -0.276284 -32.5566 0 0 0 1 
Seq_Frame0015_ForcepToReference-SequenceTransformStatus = OK
Seq_Frame0015_Timestamp = 1.602
Seq_Frame0016_ForcepToReference-SequenceTransform =0.606007 -0.314587 -0.73061 34.8932 0.406586 -0.666932 0.624411 -22.6561 -0.683699 -0.675453 -0.276259 -32.522 0 0 0 1 
Seq_Frame0016_ForcepToReference-SequenceTransformStatus = OK
Seq_Frame0016_Timestamp = 1.708
Seq_Frame0017_ForcepToReference-SequenceTransform =0.605809 -0.314418 -0.730846 34.9007 0.408583 -0.665266 0.624885 -22.6746 -0.682683 -0.677172 -0.274558 -32.4651 0 0 0 1 
Seq_Frame0017_ForcepToReference-SequenceTransformStatus = OK
Seq_Frame0017_Timestamp = 1.814
Seq_Frame0018_ForcepToReference-SequenceTransform =0.60621 -0.314625 -0.730425 34.923 0.403542 -0.669725 0.623396 -22.7088 -0.68532 -0.672666 -0.27903 -32.4001 0 0 0 1 
Seq_Frame0018_ForcepToReference-SequenceTransformStatus = OK
Seq_Frame0018_Timestamp = 1.918
Seq_Frame0019_ForcepToReference-SequenceTransform =0.608531 -0.313666 -0.728906 34.9075 0.403952 -0.668187 0.624779 -22.6704 -0.683018 -0.67464 -0.279906 -32.5442 0 0 0 1 
Seq_Frame0019_ForcepToReference-SequenceTransformStatus = OK
Seq_Frame0019_Timestamp = 2.028
Seq_Frame0020_ForcepToReference-SequenceTransform =0.605537 -0.31398 -0.73126 34.8936 0.408236 -0.666215 0.624101 -22.6635 -0.683131 -0.676443 -0.27524 -32.5029 0 0 0 1 
Seq_Frame0020_ForcepToReference-SequenceTransformStatus = OK
Seq_Frame0020_Timestamp = 2.133
Seq_Frame0021_ForcepToReference-SequenceTransform =0.606633 -0.314561 -0.730102 34.9034 0.406556 -0.666455 0.624941 -22.6413 -0.683161 -0.675936 -0.276407 -32.5067 0 0 0 1 
Seq_Frame0021_ForcepToReference-SequenceTransformStatus = OK
Seq_Frame0021_Timestamp = 2.243
Seq_Frame0022_ForcepToReference-SequenceTransform =0.606528 -0.314221 -0.730335 34.89 0.406591 -0.666798 0.624551 -22.6491 -0.683233 -0.675755 -0.276672 -32.5273 0 0 0 1 
Seq_Frame0022_ForcepToReference-SequenceTransformStatus = OK
Seq_Frame0022_Timestamp = 2.349
Seq_Frame0023_ForcepToReference-SequenceTransform =0.604534 -0.320802 -0.729126 34.7427 0.415875 -0.653571 0.632371 -22.389 -0.679402 -0.685515 -0.261692 -32.004 0 0 0 1 
Seq_Frame0023_ForcepToReference-SequenceTransformStatus = OK
Seq_Frame0023_Timestamp = 2.458
Seq_Frame0024_ForcepToReference-SequenceTransform =0.605607 -0.314647 -0.730916 34.9042 0.40739 -0.666424 0.62443 -22.6551 -0.683574 -0.675927 -0.275407 -32.4902 0 0 0 1 
Seq_Frame0024_ForcepToReference-SequenceTransformStatus = OK
Seq_Frame0024_Timestamp = 2.563
Seq_Frame0025_ForcepToReference-SequenceTransform =0.605412 -0.314508 -0.731137 34.8921 0.407555 -0.666542 0.624195 -22.6529 -0.683648 -0.675874 -0.275354 -32.5 0 0 0 1 
Seq_Frame0025_ForcepToReference-SequenceTransformStatus = OK
Seq_Frame0025_Timestamp = 2.678
Seq_Frame0026_ForcepToReference-SequenceTransform =0.607246 -0.314448 -0.72964 34.9095 0.407592 -0.665002 0.625812 -22.622 -0.681998 -0.677417 -0.275654 -32.571 0 0 0 1 
Seq_Frame0026_ForcepToReference-SequenceTransformStatus = OK
Seq_Frame0026_Timestamp = 2.78
Seq_Frame0027_ForcepToReference-SequenceTransform =0.605689 -0.314422 -0.730944 34.8998 0.406712 -0.667216 0.624026 -22.6536 -0.683905 -0.67525 -0.276246 -32.5169 0 0 0 1 
Seq_Frame0027_ForcepToReference-SequenceTransformStatus = OK
Seq_Frame0027_Timestamp = 2.884
Seq_Frame0028_ForcepToReference-SequenceTransform =0.605843 -0.314348 -0.730848 34.8919 0.406703 -0.667157 0.624095 -22.6612 -0.683774 -0.675342 -0.276346 -32.5041 0 0 0 1 
Seq_Frame0028_ForcepToReference-SequenceTransformStatus = OK
Seq_Frame0028_Timestamp = 2.988
Seq_Frame0029_ForcepToReference-SequenceTransform =0.605955 -0.31442 -0.730725 34.8872 0.406624 -0.667081 0.624228 -22.6544 -0.683722 -0.675384 -0.27637 -32.4967 0 0 0 1 
Seq_Frame0029_ForcepToReference-SequenceTransformStatus = OK
Seq_Frame0029_Timestamp = 3.096
Seq_Frame0030_ForcepToReference-SequenceTransform =0.605682 -0.314472 -0.730928 34.8941 0.40675 -0.66714 0.624081 -22.6493 -0.683888 -0.6753 -0.276164 -32.4935 0 0 0 1 
Seq_Frame0030_ForcepToReference-SequenceTransformStatus = OK
Seq_Frame0030_Timestamp = 3.204
Seq_Frame0031_ForcepToReference-SequenceTransform =0.605886 -0.314275 -0.730844 34.8873 0.407862 -0.666038 0.624533 -22.6478 -0.683045 -0.67648 -0.275362 -32.5125 0 0 0 1 
Seq_Frame0031_ForcepToReference-SequenceTransformStatus = OK
Seq_Frame0031_Timestamp = 3.31
Seq_Frame0032_ForcepToReference-SequenceTransform =0.605832 -0.314366 -0.73085 34.8853 0.407293 -0.666568 0.624339 -22.6444 -0.683432 -0.675914 -0.275789 -32.5198 0 0 0 1 
Seq_Frame0032_ForcepToReference-SequenceTransformStatus = OK
Seq_Frame0032_Timestamp = 3.42
Seq_Frame0033_ForcepToReference-SequenceTransform =0.605821 -0.314429 -0.730832 34.8958 0.406862 -0.66695 0.624212 -22.6519 -0.683698 -0.675509 -0.276123 -32.5257 0 0 0 1 
Seq_Frame0033_ForcepToReference-SequenceTransformStatus = OK
Seq_Frame0033_Timestamp = 3.524
Seq_Frame0034_ForcepToReference-SequenceTransform =0.606014 -0.31441 -0.73068 34.8913 0.407047 -0.666621 0.624443 -22.6491 -0.683418 -0.675842 -0.276002 -32.5235 0 0 0 1 
Seq_Frame0034_ForcepToReference-SequenceTransformStatus = OK
Seq_Frame0034_Timestamp = 3.629
Seq_Frame0035_ForcepToReference-SequenceTransform =0.605881 -0.314332 -0.730824 34.8967 0.406487 -0.667353 0.624026 -22.6686 -0.683869 -0.675156 -0.276565 -32.5036 0 0 0 1 
Seq_Frame0035_ForcepToReference-SequenceTransformStatus = OK
Seq_Frame0035_Timestamp = 3.733
Seq_Frame0036_ForcepToReference-SequenceTransform =0.60583 -0.314422 -0.730828 34.8969 0.407256 -0.666559 0.624373 -22.6537 -0.683456 -0.675898 -0.275771 -32.5062 0 0 0 1 
Seq_Frame0036_ForcepToReference-SequenceTransformStatus = OK
Seq_Frame0036_Timestamp = 3.838
Seq_Frame0037_ForcepToReference-SequenceTransform =0.605984 -0.314199 -0.730796 34.897 0.407051 -0.666823 0.624225 -22.656 -0.683442 -0.675742 -0.276189 -32.5491 0 0 0 1 
Seq_Frame0037_ForcepToReference-SequenceTransformStatus = OK
Seq_Frame0037_Timestamp = 3.943
Seq_Frame0038_ForcepToReference-SequenceTransform =0.606796 -0.314091 -0.730168 34.8962 0.406472 -0.666801 0.624626 -22.6601 -0.683066 -0.675813 -0.276943 -32.5317 0 0 0 1 
Seq_Frame0038_ForcepToReference-SequenceTransformStatus = OK
Seq_Frame0038_Timestamp = 4.049
Seq_Frame0039_ForcepToReference-SequenceTransform =0.606556 -0.31408 -0.730372 34.8995 0.406352 -0.667132 0.62435 -22.6596 -0.68335 -0.675492 -0.277026 -32.5085 0 0 0 1 
Seq_Frame0039_ForcepToReference-SequenceTransformStatus = OK
Seq_Frame0039_Timestamp = 4.153
Seq_Frame0040_ForcepToReference-SequenceTransform =0.6061 -0.314197 -0.7307 34.8998 0.406086 -0.66768 0.623938 -22.669 -0.683913 -0.674896 -0.27709 -32.4916 0 0 0 1 
Seq_Frame0040_ForcepToReference-SequenceTransformStatus = OK
Seq_Frame0040_Timestamp = 4.259
Seq_Frame0041_ForcepToReference-SequenceTransform =0.604757 -0.314199 -0.731811 34.8947 0.407129 -0.667779 0.623151 -22.6755 -0.684482 -0.674797 -0.275924 -32.4893 0 0 0 1 
Seq_Frame0041_ForcepToReference-SequenceTransformStatus = OK
Seq_Frame0041_Timestamp = 4.369
Seq_Frame0042_ForcepToReference-SequenceTransform =0.606629 -0.313885 -0.730396 34.905 0.405859 -0.667723 0.624038 -22.6603 -0.683579 -0.674997 -0.277667 -32.5543 0 0 0 1 
Seq_Frame0042_ForcepToReference-SequenceTransformStatus = OK
Seq_Frame0042_Timestamp = 4.473
Seq_Frame0043_ForcepToReference-SequenceTransform =0.607382 -0.313728 -0.729837 34.9163 0.40624 -0.666845 0.62473 -22.665 -0.682683 -0.675938 -0.277581 -32.573 0 0 0 1 
Seq_Frame0043_ForcepToReference-SequenceTransformStatus = OK
Seq_Frame0043_Timestamp = 4.585
Seq_Frame0044_ForcepToReference-SequenceTransform =0.607239 -0.31357 -0.730024 34.9133 0.406278 -0.667063 0.624471 -22.6613 -0.682787 -0.675796 -0.27767 -32.625 0 0 0 1 
Seq_Frame0044_ForcepToReference-SequenceTransformStatus = OK
Seq_Frame0044_Timestamp = 4.688
Seq_Frame0045_ForcepToReference-SequenceTransform =0.606494 -0.313937 -0.730485 34.9084 0.406598 -0.667063 0.624264 -22.6568 -0.683259 -0.675626 -0.276923 -32.5844 0 0 0 1 
Seq_Frame0045_ForcepToReference-SequenceTransformStatus = OK
Seq_Frame0045_Timestamp = 4.793
Seq_Frame0046_ForcepToReference-SequenceTransform =0.606759 -0.313751 -0.730345 34.9036 0.405861 -0.667727 0.624034 -22.6689 -0.683462 -0.675056 -0.27781 -32.5511 0 0 0 1 
Seq_Frame0046_ForcepToReference-SequenceTransformStatus = OK
Seq_Frame0046_Timestamp = 4.898
Seq_Frame0047_ForcepToReference-SequenceTransform =0.605275 -0.314055 -0.731445 34.9019 0.407248 -0.667348 0.623535 -22.6676 -0.683952 -0.67529 -0.276031 -32.5379 0 0 0 1 
Seq_Frame0047_ForcepToReference-SequenceTransformStatus = OK
Seq_Frame0047_Timestamp = 5.009
Seq_Frame0048_ForcepToReference-SequenceTransform =0.606053 -0.313973 -0.730836 34.9076 0.405781 -0.668212 0.623566 -22.6821 -0.684136 -0.674473 -0.277568 -32.524 0 0 0 1 
Seq_Frame0048_ForcepToReference-SequenceTransformStatus = OK
Seq_Frame0048_Timestamp = 5.113
Seq_Frame0049_ForcepToReference-SequenceTransform =0.605479 -0.314001 -0.731299 34.9077 0.406166 -0.66829 0.623231 -22.6853 -0.684415 -0.674383 -0.2771 -32.473 0 0 0 1 
Seq_Frame0049_ForcepToReference-SequenceTransformStatus = OK
Seq_Frame0049_Timestamp = 5.223
Seq_Frame0050_ForcepToReference-SequenceTransform =0.604731 -0.314141 -0.731858 34.8974 0.407476 -0.667508 0.623215 -22.6797 -0.684298 -0.675092 -0.275658 -32.5084 0 0 0 1 
Seq_Frame0050_ForcepToReference-SequenceTransformStatus = OK
Seq_Frame0050_Timestamp = 5.333
Seq_Frame0051_ForcepToReference-SequenceTransform =0.605732 -0.314259 -0.730979 34.9042 0.406317 -0.66771 0.623755 -22.6759 -0.684102 -0.674837 -0.276764 -32.5183 0 0 0 1 
Seq_Frame0051_ForcepToReference-SequenceTransformStatus = OK
Seq_Frame0051_Timestamp = 5.438
Seq_Frame0052_ForcepToReference-SequenceTransform =0.606043 -0.313962 -0.730849 34.9047 0.406647 -0.667375 0.623899 -22.6698 -0.68363 -0.675307 -0.276786 -32.5241 0 0 0 1 
Seq_Frame0052_ForcepToReference-SequenceTransformStatus = OK
Seq_Frame0052_Timestamp = 5.543
Seq_Frame0053_ForcepToReference-SequenceTransform =0.606439 -0.314064 -0.730476 34.9041 0.406897 -0.666706 0.62445 -22.6435 -0.68313 -0.67592 -0.276525 -32.56 0 0 0 1 
Seq_Frame0053_ForcepToReference-SequenceTransformStatus = OK
Seq_Frame0053_Timestamp = 5.654
Seq_Frame0054_ForcepToReference-SequenceTransform =0.606696 -0.314044 -0.730272 34.9042 0.406617 -0.666782 0.624551 -22.6481 -0.683068 -0.675854 -0.276838 -32.6053 0 0 0 1 
Seq_Frame0054_ForcepToReference-SequenceTransformStatus = OK
Seq_Frame0054_Timestamp = 5.763
Seq_Frame0055_ForcepToReference-SequenceTransform =0.606562 -0.31378 -0.730496 34.908 0.407088 -0.666655 0.62438 -22.6646 -0.682907 -0.676102 -0.276632 -32.5636 0 0 0 1 
Seq_Frame0055_ForcepToReference-SequenceTransformStatus = OK
Seq_Frame0055_Timestamp = 5.868
Seq_Frame0056_ForcepToReference-SequenceTransform =0.606866 -0.313995 -0.730151 34.9104 0.406621 -0.666675 0.624662 -22.6593 -0.682914 -0.675982 -0.276906 -32.5747 0 0 0 1 
Seq_Frame0056_ForcepToReference-SequenceTransformStatus = OK
Seq_Frame0056_Timestamp = 5.978
Seq_Frame0057_ForcepToReference-SequenceTransform =0.606397 -0.314271 -0.730422 34.9124 0.406544 -0.666913 0.624459 -22.6529 -0.683377 -0.675619 -0.276649 -32.5867 0 0 0 1 
Seq_Frame0057_ForcepToReference-SequenceTransformStatus = OK
Seq_Frame0057_Timestamp = 6.083
Seq_Frame0058_ForcepToReference-SequenceTransform =0.606845 -0.314135 -0.730108 34.9152 0.406094 -0.667095 0.624557 -22.6555 -0.683247 -0.675502 -0.277255 -32.5789 0 0 0 1 
Seq_Frame0058_ForcepToReference-SequenceTransformStatus = OK
Seq_Frame0058_Timestamp = 6.205
Seq_Frame0059_ForcepToReference-SequenceTransform =0.606704 -0.314137 -0.730225 34.9065 0.406916 -0.6664 0.624764 -22.6395 -0.682883 -0.676188 -0.27648 -32.6214 0 0 0 1 
Seq_Frame0059_ForcepToReference-SequenceTransformStatus = OK
Seq_Frame0059_Timestamp = 6.328
Seq_Frame0060_ForcepToReference-SequenceTransform =0.607068 -0.31408 -0.729947 34.899 0.40634 -0.66671 0.624808 -22.6345 -0.682902 -0.675908 -0.277115 -32.6303 0 0 0 1 
Seq_Frame0060_ForcepToReference-SequenceTransformStatus = OK
Seq_Frame0060_Timestamp = 6.435
Seq_Frame0061_ForcepToReference-SequenceTransform =0.606368 -0.314124 -0.730509 34.9076 0.406987 -0.666625 0.624478 -22.6509 -0.68314 -0.675971 -0.276375 -32.6049 0 0 0 1 
Seq_Frame0061_ForcepToReference-SequenceTransformStatus = OK
Seq_Frame0061_Timestamp = 6.545
Seq_Frame0062_ForcepToReference-SequenceTransform =0.606787 -0.313631 -0.730374 34.9083 0.404913 -0.668741 0.623563 -22.679 -0.683999 -0.674107 -0.27879 -32.5348 0 0 0 1 
Seq_Frame0062_ForcepToReference-SequenceTransformStatus = OK
Seq_Frame0062_Timestamp = 6.667
Seq_Frame0063_ForcepToReference-SequenceTransform =0.604718 -0.313911 -0.731967 34.8905 0.405952 -0.669214 0.622379 -22.6895 -0.685214 -0.673507 -0.277253 -32.4854 0 0 0 1 
Seq_Frame0063_ForcepToReference-SequenceTransformStatus = OK
Seq_Frame0063_Timestamp = 6.79
Seq_Frame0064_ForcepToReference-SequenceTransform =0.606393 -0.314068 -0.730512 34.9056 0.406208 -0.667422 0.624134 -22.6637 -0.68358 -0.675211 -0.277144 -32.507 0 0 0 1 
Seq_Frame0064_ForcepToReference-SequenceTransformStatus = OK
Seq_Frame0064_Timestamp = 6.912
Seq_Frame0065_ForcepToReference-SequenceTransform =0.606521 -0.314213 -0.730344 34.8959 0.40656 -0.666842 0.624524 -22.6564 -0.683258 -0.675716 -0.276707 -32.5329 0 0 0 1 
Seq_Frame0065_ForcepToReference-SequenceTransformStatus = OK
Seq_Frame0065_Timestamp = 7.035
Seq_Frame0066_ForcepToReference-SequenceTransform =0.606379 -0.314315 -0.730419 34.9004 0.406625 -0.666812 0.624515 -22.6463 -0.683346 -0.675699 -0.276532 -32.5372 0 0 0 1 
Seq_Frame0066_ForcepToReference-SequenceTransformStatus = OK
Seq_Frame0066_Timestamp = 7.14
Seq_Frame0067_ForcepToReference-SequenceTransform =0.606647 -0.314491 -0.73012 34.8956 0.406629 -0.66643 0.62492 -22.6318 -0.683105 -0.675993 -0.276406 -32.5569 0 0 0 1 
Seq_Frame0067_ForcepToReference-SequenceTransformStatus = OK
Seq_Frame0067_Timestamp = 7.263
Seq_Frame0068_ForcepToReference-SequenceTransform =0.606357 -0.314511 -0.730352 34.8944 0.406481 -0.666805 0.624616 -22.6467 -0.68345 -0.675614 -0.276479 -32.5208 0 0 0 1 
Seq_Frame0068_ForcepToReference-SequenceTransformStatus = OK
Seq_Frame0068_Timestamp = 7.389
Seq_Frame0069_ForcepToReference-SequenceTransform =0.607112 -0.314131 -0.729888 34.9023 0.405583 -0.667378 0.624587 -22.6607 -0.683314 -0.675224 -0.277767 -32.49 0 0 0 1 
Seq_Frame0069_ForcepToReference-SequenceTransformStatus = OK
Seq_Frame0069_Timestamp = 7.51
Seq_Frame0070_ForcepToReference-SequenceTransform =0.606705 -0.314215 -0.73019 34.8983 0.406755 -0.666492 0.624772 -22.6643 -0.682978 -0.676061 -0.276555 -32.4945 0 0 0 1 
Seq_Frame0070_ForcepToReference-SequenceTransformStatus = OK
Seq_Frame0070_Timestamp = 7.632
Seq_Frame0071_ForcepToReference-SequenceTransform =0.60684 -0.314413 -0.729993 34.899 0.406485 -0.666475 0.624964 -22.6474 -0.683019 -0.675985 -0.27664 -32.5404 0 0 0 1 
Seq_Frame0071_ForcepToReference-SequenceTransformStatus = OK
Seq_Frame0071_Timestamp = 7.751
Seq_Frame0072_ForcepToReference-SequenceTransform =0.606117 -0.314212 -0.730679 34.8938 0.406694 -0.667052 0.624214 -22.6613 -0.683536 -0.675509 -0.276523 -32.5449 0 0 0 1 
Seq_Frame0072_ForcepToReference-SequenceTransformStatus = OK
Seq_Frame0072_Timestamp = 7.87
Seq_Frame0073_ForcepToReference-SequenceTransform =0.413215 -0.2007 -0.888242 39.2715 0.504846 -0.761304 0.406875 77.4289 -0.757881 -0.616552 -0.213259 -51.7486 0 0 0 1 
Seq_Frame0073_ForcepToReference-SequenceTransformStatus = OK
Seq_Frame0073_Timestamp = 9.183
Seq_Frame0074_ForcepToReference-SequenceTransform =-0.533509 -0.340429 -0.774258 -10.666 0.422749 -0.900201 0.104505 172.023 -0.732565 -0.271562 0.624182 -24.1674 0 0 0 1 
Seq_Frame0074_ForcepToReference-SequenceTransformStatus = OK
Seq_Frame0074_Timestamp = 9.306
Seq_Frame0075_ForcepToReference-SequenceTransform =-0.516428 -0.307171 -0.799342 8.92728 -0.0854057 -0.910321 0.404995 159.769 -0.852061 0.27742 0.443881 35.273 0 0 0 1 
Seq_Frame0075_ForcepToReference-SequenceTransformStatus = OK
Seq_Frame0075_Timestamp = 9.458
Seq_Frame0076_ForcepToReference-SequenceTransform =-0.513691 -0.206265 -0.832812 19.8971 -0.270443 -0.882261 0.385325 160.513 -0.814237 0.423167 0.397427 53.2046 0 0 0 1 
Seq_Frame0076_ForcepToReference-SequenceTransformStatus = OK
Seq_Frame0076_Timestamp = 9.581
Seq_Frame0077_ForcepToReference-SequenceTransform =-0.436131 -0.213852 -0.874104 30.7829 -0.396888 -0.826063 0.400125 158.539 -0.807632 0.521428 0.275396 69.2854 0 0 0 1 
Seq_Frame0077_ForcepToReference-SequenceTransformStatus = OK
Seq_Frame0077_Timestamp = 9.684
Seq_Frame0078_ForcepToReference-SequenceTransform =-0.436745 -0.212617 -0.874098 33.434 -0.441948 -0.795613 0.414346 159.932 -0.783541 0.567269 0.253514 79.6466 0 0 0 1 
Seq_Frame0078_ForcepToReference-SequenceTransformStatus = OK
Seq_Frame0078_Timestamp = 9.806
Seq_Frame0079_ForcepToReference-SequenceTransform =-0.403335 -0.221865 -0.887748 36.3033 -0.460765 -0.78895 0.406515 162.097 -0.79058 0.573005 0.215983 82.0046 0 0 0 1 
Seq_Frame0079_ForcepToReference-SequenceTransformStatus = OK
Seq_Frame0079_Timestamp = 9.928
Seq_Frame0080_ForcepToReference-SequenceTransform =-0.437662 -0.201078 -0.876367 36.3428 -0.443905 -0.799286 0.405081 165.183 -0.781921 0.566312 0.260558 81.8786 0 0 0 1 
Seq_Frame0080_ForcepToReference-SequenceTransformStatus = OK
Seq_Frame0080_Timestamp = 10.051
Seq_Frame0081_ForcepToReference-SequenceTransform =-0.389947 -0.234082 -0.890588 41.7202 -0.449284 -0.795856 0.405903 163.468 -0.803795 0.558407 0.205172 83.9201 0 0 0 1 
Seq_Frame0081_ForcepToReference-SequenceTransformStatus = OK
Seq_Frame0081_Timestamp = 10.176
Seq_Frame0082_ForcepToReference-SequenceTransform =-0.477773 -0.189286 -0.857848 36.9368 -0.434447 -0.797827 0.418005 162.362 -0.763537 0.572401 0.298946 82.6836 0 0 0 1 
Seq_Frame0082_ForcepToReference-SequenceTransformStatus = OK
Seq_Frame0082_Timestamp = 10.295
Seq_Frame0083_ForcepToReference-SequenceTransform =-0.43637 -0.189314 -0.879626 40.5246 -0.456796 -0.795646 0.39785 166.258 -0.77519 0.575419 0.260718 86.6502 0 0 0 1 
Seq_Frame0083_ForcepToReference-SequenceTransformStatus = OK
Seq_Frame0083_Timestamp = 10.42
Seq_Frame0084_ForcepToReference-SequenceTransform =-0.475129 -0.160368 -0.865179 39.8435 -0.455065 -0.796766 0.397594 165.186 -0.753106 0.582621 0.305589 86.4639 0 0 0 1 
Seq_Frame0084_ForcepToReference-SequenceTransformStatus = OK
Seq_Frame0084_Timestamp = 10.541
Seq_Frame0085_ForcepToReference-SequenceTransform =-0.442495 -0.157751 -0.882787 43.3955 -0.460942 -0.804404 0.37479 165.901 -0.769241 0.572756 0.28323 86.6959 0 0 0 1 
Seq_Frame0085_ForcepToReference-SequenceTransformStatus = OK
Seq_Frame0085_Timestamp = 10.648
Seq_Frame0086_ForcepToReference-SequenceTransform =-0.421685 -0.153654 -0.893629 45.5652 -0.457446 -0.814878 0.355973 167.804 -0.782895 0.558896 0.273334 85.4213 0 0 0 1 
Seq_Frame0086_ForcepToReference-SequenceTransformStatus = OK
Seq_Frame0086_Timestamp = 10.769
Seq_Frame0087_ForcepToReference-SequenceTransform =-0.424965 -0.144676 -0.893573 45.2082 -0.428124 -0.837637 0.339227 172.043 -0.797568 0.526719 0.294027 80.7562 0 0 0 1 
Seq_Frame0087_ForcepToReference-SequenceTransformStatus = OK
Seq_Frame0087_Timestamp = 10.888
Seq_Frame0088_ForcepToReference-SequenceTransform =-0.432929 -0.176061 -0.884067 44.4716 -0.333966 -0.879623 0.33872 178.248 -0.837281 0.44189 0.322016 68.5796 0 0 0 1 
Seq_Frame0088_ForcepToReference-SequenceTransformStatus = OK
Seq_Frame0088_Timestamp = 11.009
Seq_Frame0089_ForcepToReference-SequenceTransform =-0.740667 -0.471241 -0.4789 -14.0956 0.49347 -0.865276 0.0882365 252.462 -0.455961 -0.170969 0.873424 4.30029 0 0 0 1 
Seq_Frame0089_ForcepToReference-SequenceTransformStatus = OK
Seq_Frame0089_Timestamp = 11.219
Seq_Frame0090_ForcepToReference-SequenceTransform =-0.773934 -0.49555 -0.394279 -38.0643 0.597261 -0.778141 -0.194362 274.621 -0.210488 -0.385911 0.898202 13.826 0 0 0 1 
Seq_Frame0090_ForcepToReference-SequenceTransformStatus = OK
Seq_Frame0090_Timestamp = 11.326
Seq_Frame0091_ForcepToReference-SequenceTransform =0.310203 0.886058 -0.344492 -1.58639 -0.950661 0.287495 -0.116579 306.755 -0.00425637 0.363658 0.931523 147.206 0 0 0 1 
Seq_Frame0091_ForcepToReference-SequenceTransformStatus = OK
Seq_Frame0091_Timestamp = 11.476
Seq_Frame0092_ForcepToReference-SequenceTransform =0.806889 -0.583776 -0.0901986 -2.18372 0.383738 0.63412 -0.671295 307.064 0.449083 0.507048 0.735681 156.273 0 0 0 1 
Seq_Frame0092_ForcepToReference-SequenceTransformStatus = OK
Seq_Frame0092_Timestamp = 11.643
Seq_Frame0093_ForcepToReference-SequenceTransform =-0.784398 -0.615988 0.0726514 -79.0962 0.616621 -0.787097 -0.0160458 255.468 0.0670677 0.0322121 0.997228 23.358 0 0 0 1 
Seq_Frame0093_ForcepToReference-SequenceTransformStatus = OK
Seq_Frame0093_Timestamp = 12.231
Seq_Frame0094_ForcepToReference-SequenceTransform =-0.774586 -0.624798 0.0982088 -79.5704 0.625261 -0.779846 -0.0298078 255.454 0.0952115 0.0383175 0.994719 23.6173 0 0 0 1 
Seq_Frame0094_ForcepToReference-SequenceTransformStatus = OK
Seq_Frame0094_Timestamp = 12.339
Seq_Frame0095_ForcepToReference-SequenceTransform =-0.796488 -0.601923 0.0574123 -80.9205 0.597107 -0.797947 -0.0821161 254.448 0.0952396 -0.0311231 0.994968 26.0497 0 0 0 1 
Seq_Frame0095_ForcepToReference-SequenceTransformStatus = OK
Seq_Frame0095_Timestamp = 12.46
Seq_Frame0096_ForcepToReference-SequenceTransform =-0.802887 -0.593068 0.0603592 -81.4598 0.586834 -0.804116 -0.0949904 251.444 0.104871 -0.0408457 0.993647 23.0819 0 0 0 1 
Seq_Frame0096_ForcepToReference-SequenceTransformStatus = OK
Seq_Frame0096_Timestamp = 12.578
Seq_Frame0097_ForcepToReference-SequenceTransform =-0.813335 -0.581793 0.00184249 -78.6991 0.576305 -0.806089 -0.134513 247.999 0.079744 -0.108343 0.99091 15.7601 0 0 0 1 
Seq_Frame0097_ForcepToReference-SequenceTransformStatus = OK
Seq_Frame0097_Timestamp = 12.701
Seq_Frame0098_ForcepToReference-SequenceTransform =-0.806384 -0.587496 -0.0677804 -79.8233 0.588453 -0.785675 -0.190888 246.661 0.0588926 -0.193815 0.979269 5.71236 0 0 0 1 
Seq_Frame0098_ForcepToReference-SequenceTransformStatus = OK
Seq_Frame0098_Timestamp = 12.821
Seq_Frame0099_ForcepToReference-SequenceTransform =-0.724073 -0.632177 -0.275809 -66.1924 0.689715 -0.665613 -0.285048 243.623 -0.00338135 -0.396625 0.917975 -6.58298 0 0 0 1 
Seq_Frame0099_ForcepToReference-SequenceTransformStatus = OK
Seq_Frame0099_Timestamp = 12.942
Seq_Frame0100_ForcepToReference-SequenceTransform =-0.590857 -0.515971 -0.620211 -30.1152 0.791027 -0.521659 -0.319606 212.087 -0.158631 -0.679445 0.716373 -6.40383 0 0 0 1 
Seq_Frame0100_ForcepToReference-SequenceTransformStatus = OK
Seq_Frame0100_Timestamp = 13.076
Seq_Frame0101_ForcepToReference-SequenceTransform =-0.621092 -0.539808 -0.568201 -5.8423 0.775837 -0.526156 -0.348191 176.053 -0.111007 -0.65709 0.745594 4.51974 0 0 0 1 
Seq_Frame0101_ForcepToReference-SequenceTransformStatus = OK
Seq_Frame0101_Timestamp = 13.201
Seq_Frame0102_ForcepToReference-SequenceTransform =-0.496554 -0.463602 -0.73383 11.3696 0.784493 -0.601517 -0.150824 161.267 -0.371489 -0.650577 0.662378 7.8593 0 0 0 1 
Seq_Frame0102_ForcepToReference-SequenceTransformStatus = OK
Seq_Frame0102_Timestamp = 13.307
Seq_Frame0103_ForcepToReference-SequenceTransform =-0.572915 -0.420695 -0.703409 15.1305 0.764339 -0.584069 -0.273222 156.42 -0.295896 -0.694176 0.656175 12.9049 0 0 0 1 
Seq_Frame0103_ForcepToReference-SequenceTransformStatus = OK
Seq_Frame0103_Timestamp = 13.43
Seq_Frame0104_ForcepToReference-SequenceTransform =-0.480452 -0.433391 -0.762455 24.539 0.812755 -0.546687 -0.201402 148.875 -0.329538 -0.716454 0.614897 11.0089 0 0 0 1 
Seq_Frame0104_ForcepToReference-SequenceTransformStatus = OK
Seq_Frame0104_Timestamp = 13.551
Seq_Frame0105_ForcepToReference-SequenceTransform =-0.362157 -0.496919 -0.788615 30.6656 0.853827 -0.516252 -0.0668059 143.935 -0.373927 -0.697535 0.611247 9.92498 0 0 0 1 
Seq_Frame0105_ForcepToReference-SequenceTransformStatus = OK
Seq_Frame0105_Timestamp = 13.676
Seq_Frame0106_ForcepToReference-SequenceTransform =-0.438546 -0.469134 -0.766545 24.6269 0.842843 -0.510729 -0.169625 148.139 -0.311919 -0.720465 0.619384 14.0879 0 0 0 1 
Seq_Frame0106_ForcepToReference-SequenceTransformStatus = OK
Seq_Frame0106_Timestamp = 13.795
Seq_Frame0107_ForcepToReference-SequenceTransform =-0.493095 -0.489028 -0.71952 18.0329 0.841703 -0.477303 -0.252425 154.984 -0.219986 -0.730092 0.646972 20.5184 0 0 0 1 
Seq_Frame0107_ForcepToReference-SequenceTransformStatus = OK
Seq_Frame0107_Timestamp = 13.915
Seq_Frame0108_ForcepToReference-SequenceTransform =-0.571494 -0.404732 -0.713854 16.1133 0.788265 -0.512571 -0.340454 154.753 -0.228108 -0.757273 0.611967 22.7969 0 0 0 1 
Seq_Frame0108_ForcepToReference-SequenceTransformStatus = OK
Seq_Frame0108_Timestamp = 14.023
Seq_Frame0109_ForcepToReference-SequenceTransform =-0.777035 -0.251991 -0.576816 9.51513 0.610687 -0.52391 -0.593785 154.685 -0.152571 -0.813646 0.560984 28.8334 0 0 0 1 
Seq_Frame0109_ForcepToReference-SequenceTransformStatus = OK
Seq_Frame0109_Timestamp = 14.143
Seq_Frame0110_ForcepToReference-SequenceTransform =-0.769547 -0.147886 -0.62123 14.2789 0.589396 -0.538905 -0.601825 155.561 -0.245782 -0.829283 0.501876 30.6222 0 0 0 1 
Seq_Frame0110_ForcepToReference-SequenceTransformStatus = OK
Seq_Frame0110_Timestamp = 14.262
Seq_Frame0111_ForcepToReference-SequenceTransform =-0.856152 0.0735052 -0.51147 17.2209 0.443932 -0.401924 -0.800863 163.223 -0.26444 -0.912718 0.311477 31.7554 0 0 0 1 
Seq_Frame0111_ForcepToReference-SequenceTransformStatus = OK
Seq_Frame0111_Timestamp = 14.383
Seq_Frame0112_ForcepToReference-SequenceTransform =-0.913184 0.227539 -0.338115 21.2291 0.273926 -0.271605 -0.922602 161.918 -0.301762 -0.935124 0.185697 38.1049 0 0 0 1 
Seq_Frame0112_ForcepToReference-SequenceTransformStatus = OK
Seq_Frame0112_Timestamp = 14.491
Seq_Frame0113_ForcepToReference-SequenceTransform =0.446286 -0.430713 0.78442 19.9231 0.0586765 0.888753 0.454616 165.224 -0.892964 -0.156862 0.421911 34.7526 0 0 0 1 
Seq_Frame0113_ForcepToReference-SequenceTransformStatus = OK
Seq_Frame0113_Timestamp = 16.96
Seq_Frame0114_ForcepToReference-SequenceTransform =0.362923 -0.367964 0.856089 14.1665 0.0256475 0.922326 0.385561 163.79 -0.931466 -0.117973 0.344171 40.96 0 0 0 1 
Seq_Frame0114_ForcepToReference-SequenceTransformStatus = OK
Seq_Frame0114_Timestamp = 17.085
Seq_Frame0115_ForcepToReference-SequenceTransform =0.309319 -0.415675 0.855299 8.11096 0.111377 0.909053 0.40152 162.784 -0.944414 -0.0289373 0.327483 36.9744 0 0 0 1 
Seq_Frame0115_ForcepToReference-SequenceTransformStatus = OK
Seq_Frame0115_Timestamp = 17.207
Seq_Frame0116_ForcepToReference-SequenceTransform =-0.838104 0.239399 -0.490174 21.3256 0.365185 -0.421291 -0.830153 160.986 -0.405243 -0.874759 0.26566 33.349 0 0 0 1 
Seq_Frame0116_ForcepToReference-SequenceTransformStatus = OK
Seq_Frame0116_Timestamp = 17.403
Seq_Frame0117_ForcepToReference-SequenceTransform =-0.62029 0.529586 -0.578601 79.8288 0.556096 -0.22331 -0.800556 174.444 -0.553171 -0.818335 -0.155984 49.6214 0 0 0 1 
Seq_Frame0117_ForcepToReference-SequenceTransformStatus = OK
Seq_Frame0117_Timestamp = 17.601
Seq_Frame0118_ForcepToReference-SequenceTransform =-0.770141 0.105206 -0.629137 30.4637 0.549668 -0.39098 -0.738241 165.181 -0.323647 -0.914367 0.243281 31.2196 0 0 0 1 
Seq_Frame0118_ForcepToReference-SequenceTransformStatus = OK
Seq_Frame0118_Timestamp = 20.801
Seq_Frame0119_ForcepToReference-SequenceTransform =-0.761452 0.0763003 -0.643715 26.027 0.530849 -0.496502 -0.686793 161.74 -0.372008 -0.864676 0.337558 36.887 0 0 0 1 
Seq_Frame0119_ForcepToReference-SequenceTransformStatus = OK
Seq_Frame0119_Timestamp = 20.921
Seq_Frame0120_ForcepToReference-SequenceTransform =0.327896 -0.303308 0.8947 16.1201 -0.00762219 0.946179 0.323553 164.619 -0.944683 -0.112911 0.307936 40.2973 0 0 0 1 
Seq_Frame0120_ForcepToReference-SequenceTransformStatus = OK
Seq_Frame0120_Timestamp = 21.103
Seq_Frame0121_ForcepToReference-SequenceTransform =0.23316 -0.285499 0.929584 10.0292 0.0789322 0.958333 0.27453 165.595 -0.96923 0.00936476 0.24598 41.3122 0 0 0 1 
Seq_Frame0121_ForcepToReference-SequenceTransformStatus = OK
Seq_Frame0121_Timestamp = 21.21
Seq_Frame0122_ForcepToReference-SequenceTransform =0.131404 -0.249254 0.959482 5.97135 0.0652816 0.967949 0.242513 166.84 -0.989177 0.0307695 0.143464 44.9987 0 0 0 1 
Seq_Frame0122_ForcepToReference-SequenceTransformStatus = OK
Seq_Frame0122_Timestamp = 21.316
Seq_Frame0123_ForcepToReference-SequenceTransform =0.00753406 -0.249624 0.968313 2.64925 0.074471 0.965792 0.248395 166.213 -0.997195 0.0702399 0.0258661 46.8995 0 0 0 1 
Seq_Frame0123_ForcepToReference-SequenceTransformStatus = OK
Seq_Frame0123_Timestamp = 21.422
Seq_Frame0124_ForcepToReference-SequenceTransform =-0.698859 -0.367662 -0.613531 8.48808 0.708772 -0.471238 -0.524954 159.329 -0.0961135 -0.801723 0.589917 41.1304 0 0 0 1 
Seq_Frame0124_ForcepToReference-SequenceTransformStatus = OK
Seq_Frame0124_Timestamp = 21.649
Seq_Frame0125_ForcepToReference-SequenceTransform =-0.704249 -0.384168 -0.597032 9.56355 0.708521 -0.433698 -0.556691 164.225 -0.0450686 -0.815059 0.577623 42.8422 0 0 0 1 
Seq_Frame0125_ForcepToReference-SequenceTransformStatus = OK
Seq_Frame0125_Timestamp = 21.755
Seq_Frame0126_ForcepToReference-SequenceTransform =0.0625015 -0.134292 0.988969 11.6711 -0.00692752 0.990824 0.134982 166.459 -0.998021 -0.0152877 0.0609977 43.3079 0 0 0 1 
Seq_Frame0126_ForcepToReference-SequenceTransformStatus = OK
Seq_Frame0126_Timestamp = 21.891
Seq_Frame0127_ForcepToReference-SequenceTransform =0.106768 -0.119718 0.98705 8.13007 -0.0927067 0.987202 0.129764 161.131 -0.989953 -0.105361 0.0943027 40.5747 0 0 0 1 
Seq_Frame0127_ForcepToReference-SequenceTransformStatus = OK
Seq_Frame0127_Timestamp = 22.011
Seq_Frame0128_ForcepToReference-SequenceTransform =0.0691348 -0.127874 0.989378 3.25928 -0.0337512 0.990883 0.130427 165.303 -0.997036 -0.0424098 0.0641886 45.394 0 0 0 1 
Seq_Frame0128_ForcepToReference-SequenceTransformStatus = OK
Seq_Frame0128_Timestamp = 22.132
Seq_Frame0129_ForcepToReference-SequenceTransform =0.0654081 -0.162056 0.984611 -1.47072 -0.0106801 0.986554 0.163085 164.377 -0.997801 -0.0211828 0.0627979 46.9235 0 0 0 1 
Seq_Frame0129_ForcepToReference-SequenceTransformStatus = OK
Seq_Frame0129_Timestamp = 22.252
Seq_Frame0130_ForcepToReference-SequenceTransform =0.0527588 -0.167769 0.984414 -3.30598 -0.00549083 0.985723 0.168287 163.574 -0.998592 -0.0142838 0.0510844 48.247 0 0 0 1 
Seq_Frame0130_ForcepToReference-SequenceTransformStatus = OK
Seq_Frame0130_Timestamp = 22.373
Seq_Frame0131_ForcepToReference-SequenceTransform =0.028703 -0.163038 0.986202 -4.38165 -0.00776048 0.986543 0.16332 162.041 -0.999558 -0.0123412 0.0270515 47.7641 0 0 0 1 
Seq_Frame0131_ForcepToReference-SequenceTransformStatus = OK
Seq_Frame0131_Timestamp = 22.494
Seq_Frame0132_ForcepToReference-SequenceTransform =-0.018466 -0.157763 0.987304 -7.19152 -0.0278915 0.98717 0.15722 160.401 -0.99944 -0.0246341 -0.0226293 47.4872 0 0 0 1 
Seq_Frame0132_ForcepToReference-SequenceTransformStatus = OK
Seq_Frame0132_Timestamp = 22.599
Seq_Frame0133_ForcepToReference-SequenceTransform =-0.0559839 -0.200685 0.978055 -12.4286 0.0141152 0.979334 0.201755 157.921 -0.998332 0.0251005 -0.0519943 51.4505 0 0 0 1 
Seq_Frame0133_ForcepToReference-SequenceTransformStatus = OK
Seq_Frame0133_Timestamp = 22.705
Seq_Frame0134_ForcepToReference-SequenceTransform =-0.0967922 -0.226328 0.96923 -13.0693 0.0409251 0.972074 0.231079 159.05 -0.994463 0.0620324 -0.0848267 54.4105 0 0 0 1 
Seq_Frame0134_ForcepToReference-SequenceTransformStatus = OK
Seq_Frame0134_Timestamp = 22.811
Seq_Frame0135_ForcepToReference-SequenceTransform =-0.745941 -0.49922 -0.440852 -13.4798 0.647509 -0.388662 -0.655495 158.713 0.155894 -0.774417 0.613169 56.6136 0 0 0 1 
Seq_Frame0135_ForcepToReference-SequenceTransformStatus = OK
Seq_Frame0135_Timestamp = 22.961
Seq_Frame0136_ForcepToReference-SequenceTransform =-0.708861 -0.401453 -0.579958 -12.2034 0.703137 -0.467248 -0.535983 155.513 -0.0558121 -0.787728 0.61349 50.7021 0 0 0 1 
Seq_Frame0136_ForcepToReference-SequenceTransformStatus = OK
Seq_Frame0136_Timestamp = 23.444
Seq_Frame0137_ForcepToReference-SequenceTransform =-0.652663 -0.594618 -0.469531 -9.0499 0.754063 -0.449582 -0.478816 155.689 0.0736198 -0.666562 0.741805 48.7811 0 0 0 1 
Seq_Frame0137_ForcepToReference-SequenceTransformStatus = OK
Seq_Frame0137_Timestamp = 24.312
Seq_Frame0138_ForcepToReference-SequenceTransform =-0.645411 -0.596066 -0.477652 -7.64533 0.761168 -0.449679 -0.467345 156.405 0.0637787 -0.665203 0.743934 49.5514 0 0 0 1 
Seq_Frame0138_ForcepToReference-SequenceTransformStatus = OK
Seq_Frame0138_Timestamp = 24.435
Seq_Frame0139_ForcepToReference-SequenceTransform =-0.509383 0.0222714 0.860251 -23.0286 -0.441606 0.851232 -0.283527 139.434 -0.738588 -0.524316 -0.423768 39.576 0 0 0 1 
Seq_Frame0139_ForcepToReference-SequenceTransformStatus = OK
Seq_Frame0139_Timestamp = 25.887
Seq_Frame0140_ForcepToReference-SequenceTransform =-0.433118 -0.853755 -0.288985 -18.9407 0.84502 -0.496174 0.19938 130.315 -0.313609 -0.157843 0.936341 37.8436 0 0 0 1 
Seq_Frame0140_ForcepToReference-SequenceTransformStatus = OK
Seq_Frame0140_Timestamp = 26.128
Seq_Frame0141_ForcepToReference-SequenceTransform =-0.464368 -0.841751 -0.27535 -19.8315 0.822674 -0.525111 0.217866 126.859 -0.327978 -0.125353 0.936332 36.7753 0 0 0 1 
Seq_Frame0141_ForcepToReference-SequenceTransformStatus = OK
Seq_Frame0141_Timestamp = 26.249
Seq_Frame0142_ForcepToReference-SequenceTransform =-0.458534 -0.862945 -0.212302 -33.6846 0.817482 -0.503278 0.280062 123.574 -0.348526 -0.0451354 0.936212 45.6568 0 0 0 1 
Seq_Frame0142_ForcepToReference-SequenceTransformStatus = OK
Seq_Frame0142_Timestamp = 26.565
Seq_Frame0143_ForcepToReference-SequenceTransform =-0.468631 -0.861822 -0.194031 -40.1954 0.797086 -0.50721 0.327706 120.963 -0.380839 -0.00108618 0.924641 49.6904 0 0 0 1 
Seq_Frame0143_ForcepToReference-SequenceTransformStatus = OK
Seq_Frame0143_Timestamp = 26.683
Seq_Frame0144_ForcepToReference-SequenceTransform =-0.461197 -0.867053 -0.188459 -40.1082 0.804853 -0.498207 0.322492 122.657 -0.373509 -0.00294986 0.927622 52.482 0 0 0 1 
Seq_Frame0144_ForcepToReference-SequenceTransformStatus = OK
Seq_Frame0144_Timestamp = 26.807
Seq_Frame0145_ForcepToReference-SequenceTransform =-0.637645 0.00782455 0.770291 -41.4603 -0.558964 0.683365 -0.469651 122.869 -0.530064 -0.730035 -0.43137 53.1007 0 0 0 1 
Seq_Frame0145_ForcepToReference-SequenceTransformStatus = OK
Seq_Frame0145_Timestamp = 27.01
Seq_Frame0146_ForcepToReference-SequenceTransform =-0.637361 -3.43948e-05 0.770565 -42.3864 -0.567232 0.676867 -0.469147 123.572 -0.521554 -0.736105 -0.431429 53.9029 0 0 0 1 
Seq_Frame0146_ForcepToReference-SequenceTransformStatus = OK
Seq_Frame0146_Timestamp = 27.121
Seq_Frame0147_ForcepToReference-SequenceTransform =-0.654825 -0.000399174 0.755781 -42.3524 -0.52897 0.714484 -0.457933 125.54 -0.539811 -0.699651 -0.468073 54.8498 0 0 0 1 
Seq_Frame0147_ForcepToReference-SequenceTransformStatus = OK
Seq_Frame0147_Timestamp = 27.247
Seq_Frame0148_ForcepToReference-SequenceTransform =-0.652567 -0.0115892 0.757643 -44.5739 -0.575993 0.657254 -0.486056 124.731 -0.492331 -0.75358 -0.435577 56.1198 0 0 0 1 
Seq_Frame0148_ForcepToReference-SequenceTransformStatus = OK
Seq_Frame0148_Timestamp = 27.356
Seq_Frame0149_ForcepToReference-SequenceTransform =-0.656343 -0.0144341 0.754325 -46.5946 -0.555113 0.686343 -0.469874 126.63 -0.510944 -0.727134 -0.458489 57.1076 0 0 0 1 
Seq_Frame0149_ForcepToReference-SequenceTransformStatus = OK
Seq_Frame0149_Timestamp = 27.467
