ObjectType = Image
NDims = 3
AnatomicalOrientation = RAI
BinaryData = True
CompressedData = False
DimSize = 0 0 691
ElementSpacing = 1 1 1
Offset = 0 0 0
TransformMatrix = 1 0 0 0 1 0 0 0 1
ElementType = MET_UCHAR
Kinds = domain domain list
Seq_Frame0000_DriverToReference-SequenceTransform =-0.877725 -0.462788 0.124198 94.3167 -0.1597 0.526916 0.834779 36.7291 -0.451768 0.712872 -0.536395 61.8461 0 0 0 1 
Seq_Frame0000_DriverToReference-SequenceTransformStatus = OK
Seq_Frame0000_Timestamp = 0.0110002
Seq_Frame0001_DriverToReference-SequenceTransform =-0.875835 -0.465472 0.127472 94.2684 -0.160072 0.529359 0.833161 36.7015 -0.455291 0.709306 -0.53814 62.0688 0 0 0 1 
Seq_Frame0001_DriverToReference-SequenceTransformStatus = OK
Seq_Frame0001_Timestamp = 0.114
Seq_Frame0002_DriverToReference-SequenceTransform =-0.87808 -0.462149 0.124072 94.2767 -0.15978 0.527577 0.834346 36.7134 -0.45105 0.712798 -0.537097 61.9257 0 0 0 1 
Seq_Frame0002_DriverToReference-SequenceTransformStatus = OK
Seq_Frame0002_Timestamp = 0.219
Seq_Frame0003_DriverToReference-SequenceTransform =-0.877328 -0.463249 0.125283 94.285 -0.159216 0.52726 0.834654 36.6977 -0.45271 0.712318 -0.536336 61.9231 0 0 0 1 
Seq_Frame0003_DriverToReference-SequenceTransformStatus = OK
Seq_Frame0003_Timestamp = 0.328
Seq_Frame0004_DriverToReference-SequenceTransform =-0.877442 -0.463054 0.125207 94.3276 -0.160558 0.529477 0.832991 36.6662 -0.452014 0.710799 -0.538933 62.0928 0 0 0 1 
Seq_Frame0004_DriverToReference-SequenceTransformStatus = OK
Seq_Frame0004_Timestamp = 0.434
Seq_Frame0005_DriverToReference-SequenceTransform =-0.877472 -0.462922 0.125483 94.2945 -0.15932 0.52809 0.834109 36.6771 -0.452394 0.711915 -0.537137 61.97 0 0 0 1 
Seq_Frame0005_DriverToReference-SequenceTransformStatus = OK
Seq_Frame0005_Timestamp = 0.544
Seq_Frame0006_DriverToReference-SequenceTransform =-0.87797 -0.462523 0.123458 94.3415 -0.160608 0.527539 0.834211 36.8437 -0.45097 0.712584 -0.537448 61.8476 0 0 0 1 
Seq_Frame0006_DriverToReference-SequenceTransformStatus = OK
Seq_Frame0006_Timestamp = 0.648
Seq_Frame0007_DriverToReference-SequenceTransform =-0.877262 -0.463527 0.124717 94.348 -0.161418 0.529563 0.832771 36.773 -0.452057 0.710427 -0.539387 61.9949 0 0 0 1 
Seq_Frame0007_DriverToReference-SequenceTransformStatus = OK
Seq_Frame0007_Timestamp = 0.759
Seq_Frame0008_DriverToReference-SequenceTransform =-0.877897 -0.462446 0.124259 94.3251 -0.16015 0.528105 0.833941 36.7409 -0.451274 0.712214 -0.537682 61.9351 0 0 0 1 
Seq_Frame0008_DriverToReference-SequenceTransformStatus = OK
Seq_Frame0008_Timestamp = 0.863
Seq_Frame0009_DriverToReference-SequenceTransform =-0.878177 -0.462369 0.122558 94.309 -0.162304 0.529043 0.832929 36.835 -0.449959 0.711567 -0.539638 61.8945 0 0 0 1 
Seq_Frame0009_DriverToReference-SequenceTransformStatus = OK
Seq_Frame0009_Timestamp = 0.974
Seq_Frame0010_DriverToReference-SequenceTransform =-0.852608 -0.503112 0.141201 94.8068 -0.171589 0.524785 0.833761 36.4264 -0.493576 0.686643 -0.533764 60.7652 0 0 0 1 
Seq_Frame0010_DriverToReference-SequenceTransformStatus = OK
Seq_Frame0010_Timestamp = 1.082
Seq_Frame0011_DriverToReference-SequenceTransform =-0.834816 -0.526988 0.15927 95.854 -0.187622 0.544325 0.817623 37.1572 -0.517572 0.652682 -0.553286 59.1024 0 0 0 1 
Seq_Frame0011_DriverToReference-SequenceTransformStatus = OK
Seq_Frame0011_Timestamp = 1.184
Seq_Frame0012_DriverToReference-SequenceTransform =-0.844431 -0.505945 0.175944 97.7485 -0.188824 0.588526 0.786119 41.0985 -0.501281 0.6306 -0.592504 57.1273 0 0 0 1 
Seq_Frame0012_DriverToReference-SequenceTransformStatus = OK
Seq_Frame0012_Timestamp = 1.289
Seq_Frame0013_DriverToReference-SequenceTransform =-0.80666 -0.586981 0.0689392 99.2102 -0.461879 0.698878 0.546111 65.3599 -0.368737 0.408684 -0.834871 47.9989 0 0 0 1 
Seq_Frame0013_DriverToReference-SequenceTransformStatus = OK
Seq_Frame0013_Timestamp = 1.393
Seq_Frame0014_DriverToReference-SequenceTransform =-0.727914 -0.677857 -0.103206 94.2713 -0.60711 0.567214 0.556495 106.967 -0.318684 0.467737 -0.824416 38.6513 0 0 0 1 
Seq_Frame0014_DriverToReference-SequenceTransformStatus = OK
Seq_Frame0014_Timestamp = 1.499
Seq_Frame0015_DriverToReference-SequenceTransform =-0.597884 -0.767929 -0.229825 82.6287 -0.751117 0.436596 0.495183 157.186 -0.279925 0.468688 -0.837839 39.7506 0 0 0 1 
Seq_Frame0015_DriverToReference-SequenceTransformStatus = OK
Seq_Frame0015_Timestamp = 1.608
Seq_Frame0016_DriverToReference-SequenceTransform =-0.491876 -0.801892 -0.339156 70.5462 -0.821204 0.297864 0.486725 199.555 -0.289279 0.517924 -0.805029 51.4066 0 0 0 1 
Seq_Frame0016_DriverToReference-SequenceTransformStatus = OK
Seq_Frame0016_Timestamp = 1.714
Seq_Frame0017_DriverToReference-SequenceTransform =-0.467925 -0.805143 -0.364404 63.408 -0.818486 0.239276 0.522329 219.9 -0.333357 0.54267 -0.770962 62.1568 0 0 0 1 
Seq_Frame0017_DriverToReference-SequenceTransformStatus = OK
Seq_Frame0017_Timestamp = 1.819
Seq_Frame0018_DriverToReference-SequenceTransform =-0.430301 -0.835177 -0.34252 59.8754 -0.828907 0.215336 0.516279 229.19 -0.357427 0.506073 -0.784944 68.1593 0 0 0 1 
Seq_Frame0018_DriverToReference-SequenceTransformStatus = OK
Seq_Frame0018_Timestamp = 1.924
Seq_Frame0019_DriverToReference-SequenceTransform =-0.501539 -0.809806 -0.304423 62.0095 -0.785365 0.278593 0.5528 230.599 -0.36285 0.516334 -0.775719 75.5136 0 0 0 1 
Seq_Frame0019_DriverToReference-SequenceTransformStatus = OK
Seq_Frame0019_Timestamp = 2.029
Seq_Frame0020_DriverToReference-SequenceTransform =-0.510064 -0.776445 -0.370091 57.4112 -0.744634 0.18324 0.641828 237.428 -0.430529 0.602956 -0.671632 75.685 0 0 0 1 
Seq_Frame0020_DriverToReference-SequenceTransformStatus = OK
Seq_Frame0020_Timestamp = 2.139
Seq_Frame0021_DriverToReference-SequenceTransform =-0.522635 -0.751725 -0.402197 56.6212 -0.714787 0.129226 0.687299 241.852 -0.464686 0.646691 -0.604862 79.4117 0 0 0 1 
Seq_Frame0021_DriverToReference-SequenceTransformStatus = OK
Seq_Frame0021_Timestamp = 2.244
Seq_Frame0022_DriverToReference-SequenceTransform =-0.649154 -0.680847 -0.339185 61.7098 -0.644934 0.256218 0.720008 241.431 -0.40331 0.686148 -0.605427 81.3422 0 0 0 1 
Seq_Frame0022_DriverToReference-SequenceTransformStatus = OK
Seq_Frame0022_Timestamp = 2.355
Seq_Frame0023_DriverToReference-SequenceTransform =-0.697847 -0.692924 -0.181288 67.6223 -0.5167 0.311751 0.797391 249.289 -0.496015 0.650129 -0.575589 90.2107 0 0 0 1 
Seq_Frame0023_DriverToReference-SequenceTransformStatus = OK
Seq_Frame0023_Timestamp = 2.459
Seq_Frame0024_DriverToReference-SequenceTransform =-0.7357 -0.677252 -0.00870695 77.1098 -0.381523 0.403758 0.831516 253.704 -0.55963 0.615068 -0.555432 96.8763 0 0 0 1 
Seq_Frame0024_DriverToReference-SequenceTransformStatus = OK
Seq_Frame0024_Timestamp = 2.564
Seq_Frame0025_DriverToReference-SequenceTransform =-0.795177 -0.574218 0.194853 80.647 -0.220901 0.573574 0.788806 253.224 -0.564709 0.584197 -0.582938 99.0338 0 0 0 1 
Seq_Frame0025_DriverToReference-SequenceTransformStatus = OK
Seq_Frame0025_Timestamp = 2.668
Seq_Frame0026_DriverToReference-SequenceTransform =-0.78498 -0.556749 0.271729 79.166 -0.206324 0.648513 0.732708 254.92 -0.584154 0.519097 -0.623941 95.9906 0 0 0 1 
Seq_Frame0026_DriverToReference-SequenceTransformStatus = OK
Seq_Frame0026_Timestamp = 2.774
Seq_Frame0027_DriverToReference-SequenceTransform =-0.730282 -0.595911 0.334033 78.7993 -0.227784 0.673389 0.703322 256.558 -0.644051 0.437536 -0.627503 97.1488 0 0 0 1 
Seq_Frame0027_DriverToReference-SequenceTransformStatus = OK
Seq_Frame0027_Timestamp = 2.884
Seq_Frame0028_DriverToReference-SequenceTransform =-0.699307 -0.622965 0.350549 75.2001 -0.263158 0.680323 0.684039 258.939 -0.664618 0.386103 -0.639693 94.1286 0 0 0 1 
Seq_Frame0028_DriverToReference-SequenceTransformStatus = OK
Seq_Frame0028_Timestamp = 2.989
Seq_Frame0029_DriverToReference-SequenceTransform =-0.68136 -0.657288 0.322058 72.8924 -0.308969 0.657156 0.687521 260.906 -0.663541 0.368943 -0.650841 93.9248 0 0 0 1 
Seq_Frame0029_DriverToReference-SequenceTransformStatus = OK
Seq_Frame0029_Timestamp = 3.094
Seq_Frame0030_DriverToReference-SequenceTransform =-0.66703 -0.680838 0.302539 69.6209 -0.334692 0.636627 0.694757 260.504 -0.665622 0.362167 -0.652521 93.8354 0 0 0 1 
Seq_Frame0030_DriverToReference-SequenceTransformStatus = OK
Seq_Frame0030_Timestamp = 3.198
Seq_Frame0031_DriverToReference-SequenceTransform =-0.645235 -0.714433 0.270662 67.6454 -0.367076 0.600616 0.710293 260.527 -0.67002 0.358952 -0.64979 94.6573 0 0 0 1 
Seq_Frame0031_DriverToReference-SequenceTransformStatus = OK
Seq_Frame0031_Timestamp = 3.309
Seq_Frame0032_DriverToReference-SequenceTransform =-0.571732 -0.820069 0.0246827 65.964 -0.581996 0.426591 0.692316 269.703 -0.578277 0.381454 -0.721172 97.449 0 0 0 1 
Seq_Frame0032_DriverToReference-SequenceTransformStatus = OK
Seq_Frame0032_Timestamp = 3.414
Seq_Frame0033_DriverToReference-SequenceTransform =-0.437643 -0.875047 -0.206789 62.3144 -0.735105 0.215772 0.6427 276.293 -0.517773 0.433285 -0.737682 103.998 0 0 0 1 
Seq_Frame0033_DriverToReference-SequenceTransformStatus = OK
Seq_Frame0033_Timestamp = 3.518
Seq_Frame0034_DriverToReference-SequenceTransform =-0.447145 -0.827592 -0.339342 61.0945 -0.791003 0.188748 0.58197 269.58 -0.417584 0.528645 -0.739025 104.511 0 0 0 1 
Seq_Frame0034_DriverToReference-SequenceTransformStatus = OK
Seq_Frame0034_Timestamp = 3.629
Seq_Frame0035_DriverToReference-SequenceTransform =-0.632125 -0.686074 -0.360167 61.2199 -0.685885 0.279151 0.672039 261.152 -0.360528 0.671846 -0.647026 102.959 0 0 0 1 
Seq_Frame0035_DriverToReference-SequenceTransformStatus = OK
Seq_Frame0035_Timestamp = 3.733
Seq_Frame0036_DriverToReference-SequenceTransform =-0.728312 -0.563872 -0.389371 55.1976 -0.646455 0.376915 0.663349 251.626 -0.227284 0.734836 -0.639029 93.5557 0 0 0 1 
Seq_Frame0036_DriverToReference-SequenceTransformStatus = OK
Seq_Frame0036_Timestamp = 3.838
Seq_Frame0037_DriverToReference-SequenceTransform =-0.624441 -0.601765 -0.497948 33.743 -0.757085 0.309537 0.575333 252.875 -0.192082 0.736251 -0.648875 89.4989 0 0 0 1 
Seq_Frame0037_DriverToReference-SequenceTransformStatus = OK
Seq_Frame0037_Timestamp = 3.943
Seq_Frame0038_DriverToReference-SequenceTransform =-0.567908 -0.454824 -0.686015 4.09485 -0.823044 0.304732 0.479309 252.697 -0.00895037 0.836823 -0.5474 83.597 0 0 0 1 
Seq_Frame0038_DriverToReference-SequenceTransformStatus = OK
Seq_Frame0038_Timestamp = 4.054
Seq_Frame0039_DriverToReference-SequenceTransform =-0.486813 -0.39006 -0.781579 -6.21664 -0.87142 0.278667 0.403698 252.726 0.0603337 0.877609 -0.475565 83.493 0 0 0 1 
Seq_Frame0039_DriverToReference-SequenceTransformStatus = OK
Seq_Frame0039_Timestamp = 4.158
Seq_Frame0040_DriverToReference-SequenceTransform =-0.364526 -0.145954 -0.919684 -9.12869 -0.902739 0.297671 0.31057 253.617 0.228434 0.943445 -0.240268 89.1803 0 0 0 1 
Seq_Frame0040_DriverToReference-SequenceTransformStatus = OK
Seq_Frame0040_Timestamp = 4.269
Seq_Frame0041_DriverToReference-SequenceTransform =-0.674103 -0.418062 -0.60894 45.8308 -0.737873 0.34366 0.580897 268.471 -0.0335824 0.840905 -0.540139 113.343 0 0 0 1 
Seq_Frame0041_DriverToReference-SequenceTransformStatus = OK
Seq_Frame0041_Timestamp = 4.373
Seq_Frame0042_DriverToReference-SequenceTransform =-0.658493 -0.529065 -0.535235 68.4079 -0.739052 0.320323 0.592617 270.402 -0.142085 0.785801 -0.601938 139.824 0 0 0 1 
Seq_Frame0042_DriverToReference-SequenceTransformStatus = OK
Seq_Frame0042_Timestamp = 4.479
Seq_Frame0043_DriverToReference-SequenceTransform =-0.665311 -0.550915 -0.50384 70.9427 -0.724491 0.313534 0.613848 270.407 -0.180207 0.773427 -0.60773 149.666 0 0 0 1 
Seq_Frame0043_DriverToReference-SequenceTransformStatus = OK
Seq_Frame0043_Timestamp = 4.583
Seq_Frame0044_DriverToReference-SequenceTransform =-0.63048 -0.524993 -0.571732 66.8557 -0.761255 0.274343 0.58756 268.702 -0.151614 0.805679 -0.572621 153.392 0 0 0 1 
Seq_Frame0044_DriverToReference-SequenceTransformStatus = OK
Seq_Frame0044_Timestamp = 4.689
Seq_Frame0045_DriverToReference-SequenceTransform =-0.710851 -0.545788 -0.443628 85.2645 -0.651008 0.27182 0.708733 279.778 -0.266231 0.792609 -0.548536 185.467 0 0 0 1 
Seq_Frame0045_DriverToReference-SequenceTransformStatus = OK
Seq_Frame0045_Timestamp = 5.384
Seq_Frame0046_DriverToReference-SequenceTransform =-0.709612 -0.561562 -0.425557 86.4131 -0.648386 0.284062 0.706332 284.174 -0.275764 0.777147 -0.565683 183.615 0 0 0 1 
Seq_Frame0046_DriverToReference-SequenceTransformStatus = OK
Seq_Frame0046_Timestamp = 5.489
Seq_Frame0047_DriverToReference-SequenceTransform =-0.711613 -0.577904 -0.399541 89.0565 -0.639827 0.298152 0.708327 283.408 -0.290221 0.759692 -0.581928 184.542 0 0 0 1 
Seq_Frame0047_DriverToReference-SequenceTransformStatus = OK
Seq_Frame0047_Timestamp = 5.595
Seq_Frame0048_DriverToReference-SequenceTransform =-0.715577 -0.559942 -0.417629 87.823 -0.647426 0.307157 0.697492 282.773 -0.262277 0.769493 -0.582315 183.229 0 0 0 1 
Seq_Frame0048_DriverToReference-SequenceTransformStatus = OK
Seq_Frame0048_Timestamp = 5.7
Seq_Frame0049_DriverToReference-SequenceTransform =-0.712204 -0.57914 -0.39669 86.0073 -0.641584 0.307725 0.702621 282.192 -0.284844 0.754919 -0.590729 180.888 0 0 0 1 
Seq_Frame0049_DriverToReference-SequenceTransformStatus = OK
Seq_Frame0049_Timestamp = 5.808
Seq_Frame0050_DriverToReference-SequenceTransform =-0.717671 -0.582314 -0.381913 85.2552 -0.636753 0.326688 0.698442 279.935 -0.281947 0.744436 -0.605245 178.357 0 0 0 1 
Seq_Frame0050_DriverToReference-SequenceTransformStatus = OK
Seq_Frame0050_Timestamp = 5.914
Seq_Frame0051_DriverToReference-SequenceTransform =-0.715904 -0.59443 -0.366244 81.8409 -0.631233 0.326879 0.703346 277.367 -0.298372 0.734713 -0.609238 173.302 0 0 0 1 
Seq_Frame0051_DriverToReference-SequenceTransformStatus = OK
Seq_Frame0051_Timestamp = 6.023
Seq_Frame0052_DriverToReference-SequenceTransform =-0.717463 -0.582406 -0.382164 77.9897 -0.642461 0.341191 0.686172 272.464 -0.26924 0.737829 -0.618965 169.896 0 0 0 1 
Seq_Frame0052_DriverToReference-SequenceTransformStatus = OK
Seq_Frame0052_Timestamp = 6.143
Seq_Frame0053_DriverToReference-SequenceTransform =-0.723257 -0.57371 -0.38439 71.7452 -0.645559 0.364003 0.671383 262.754 -0.24526 0.73373 -0.633631 161.846 0 0 0 1 
Seq_Frame0053_DriverToReference-SequenceTransformStatus = OK
Seq_Frame0053_Timestamp = 6.263
Seq_Frame0054_DriverToReference-SequenceTransform =-0.722543 -0.565485 -0.397692 64.3976 -0.657202 0.383345 0.648947 257.654 -0.214517 0.730256 -0.648621 154.61 0 0 0 1 
Seq_Frame0054_DriverToReference-SequenceTransformStatus = OK
Seq_Frame0054_Timestamp = 6.384
Seq_Frame0055_DriverToReference-SequenceTransform =-0.720131 -0.55187 -0.420537 59.7244 -0.671229 0.400654 0.62364 254.783 -0.175678 0.73138 -0.658955 150.906 0 0 0 1 
Seq_Frame0055_DriverToReference-SequenceTransformStatus = OK
Seq_Frame0055_Timestamp = 6.494
Seq_Frame0056_DriverToReference-SequenceTransform =-0.717288 -0.553254 -0.423565 57.6557 -0.675898 0.40478 0.615886 250.827 -0.169291 0.728055 -0.664287 149.18 0 0 0 1 
Seq_Frame0056_DriverToReference-SequenceTransformStatus = OK
Seq_Frame0056_Timestamp = 6.62
Seq_Frame0057_DriverToReference-SequenceTransform =-0.705482 -0.553799 -0.442269 56.1294 -0.693091 0.408741 0.593764 247.784 -0.148053 0.725422 -0.672193 148.805 0 0 0 1 
Seq_Frame0057_DriverToReference-SequenceTransformStatus = OK
Seq_Frame0057_Timestamp = 6.742
Seq_Frame0058_DriverToReference-SequenceTransform =-0.705527 -0.555551 -0.439994 56.2072 -0.691962 0.405954 0.596984 245.117 -0.153038 0.725648 -0.670832 149.159 0 0 0 1 
Seq_Frame0058_DriverToReference-SequenceTransformStatus = OK
Seq_Frame0058_Timestamp = 6.862
Seq_Frame0059_DriverToReference-SequenceTransform =-0.70973 -0.573139 -0.409628 57.0782 -0.678409 0.399348 0.61667 243.107 -0.189854 0.715565 -0.672252 148.122 0 0 0 1 
Seq_Frame0059_DriverToReference-SequenceTransformStatus = OK
Seq_Frame0059_Timestamp = 6.968
Seq_Frame0060_DriverToReference-SequenceTransform =-0.706142 -0.575787 -0.412109 56.941 -0.679575 0.387658 0.622815 243.619 -0.198852 0.719855 -0.665032 148.859 0 0 0 1 
Seq_Frame0060_DriverToReference-SequenceTransformStatus = OK
Seq_Frame0060_Timestamp = 7.09
Seq_Frame0061_DriverToReference-SequenceTransform =-0.70723 -0.58295 -0.399993 58.6148 -0.674452 0.38667 0.628968 243.86 -0.211992 0.714601 -0.666637 149.409 0 0 0 1 
Seq_Frame0061_DriverToReference-SequenceTransformStatus = OK
Seq_Frame0061_Timestamp = 7.213
Seq_Frame0062_DriverToReference-SequenceTransform =-0.704175 -0.567304 -0.426971 60.2982 -0.688539 0.398782 0.605712 243.244 -0.173355 0.720513 -0.671423 151.095 0 0 0 1 
Seq_Frame0062_DriverToReference-SequenceTransformStatus = OK
Seq_Frame0062_Timestamp = 7.336
Seq_Frame0063_DriverToReference-SequenceTransform =-0.701101 -0.588247 -0.403016 60.8926 -0.681681 0.387105 0.620854 243.6 -0.209206 0.71001 -0.672397 151.582 0 0 0 1 
Seq_Frame0063_DriverToReference-SequenceTransformStatus = OK
Seq_Frame0063_Timestamp = 7.438
Seq_Frame0064_DriverToReference-SequenceTransform =-0.697647 -0.590282 -0.406025 61.4738 -0.684599 0.382167 0.620703 243.022 -0.21122 0.710996 -0.670724 152.114 0 0 0 1 
Seq_Frame0064_DriverToReference-SequenceTransformStatus = OK
Seq_Frame0064_Timestamp = 7.539
Seq_Frame0065_DriverToReference-SequenceTransform =-0.691114 -0.585713 -0.42344 60.9683 -0.698443 0.390596 0.599677 241.726 -0.185845 0.710194 -0.679034 151.877 0 0 0 1 
Seq_Frame0065_DriverToReference-SequenceTransformStatus = OK
Seq_Frame0065_Timestamp = 7.646
Seq_Frame0066_DriverToReference-SequenceTransform =-0.672964 -0.557389 -0.486248 56.8754 -0.731926 0.406896 0.546554 237.101 -0.106791 0.723708 -0.681793 148.854 0 0 0 1 
Seq_Frame0066_DriverToReference-SequenceTransformStatus = OK
Seq_Frame0066_Timestamp = 7.762
Seq_Frame0067_DriverToReference-SequenceTransform =-0.627279 -0.482478 -0.611339 45.0738 -0.777285 0.436716 0.452888 233.28 0.048473 0.759272 -0.648966 142.791 0 0 0 1 
Seq_Frame0067_DriverToReference-SequenceTransformStatus = OK
Seq_Frame0067_Timestamp = 7.869
Seq_Frame0068_DriverToReference-SequenceTransform =-0.60522 -0.359298 -0.710362 27.2374 -0.77805 0.455716 0.43239 228.902 0.168366 0.814388 -0.55536 138.498 0 0 0 1 
Seq_Frame0068_DriverToReference-SequenceTransformStatus = OK
Seq_Frame0068_Timestamp = 7.987
Seq_Frame0069_DriverToReference-SequenceTransform =-0.550331 -0.311769 -0.774555 2.2863 -0.789403 0.49648 0.36104 225.338 0.27199 0.810128 -0.51934 140.745 0 0 0 1 
Seq_Frame0069_DriverToReference-SequenceTransformStatus = OK
Seq_Frame0069_Timestamp = 8.09
Seq_Frame0070_DriverToReference-SequenceTransform =-0.523932 -0.303786 -0.795745 -3.50019 -0.802556 0.488999 0.341735 224.139 0.285304 0.817676 -0.500007 141.563 0 0 0 1 
Seq_Frame0070_DriverToReference-SequenceTransformStatus = OK
Seq_Frame0070_Timestamp = 8.212
Seq_Frame0071_DriverToReference-SequenceTransform =-0.523932 -0.303786 -0.795745 -3.50019 -0.802556 0.488999 0.341735 224.139 0.285304 0.817676 -0.500007 141.563 0 0 0 1 
Seq_Frame0071_DriverToReference-SequenceTransformStatus = OK
Seq_Frame0071_Timestamp = 8.428
Seq_Frame0072_DriverToReference-SequenceTransform =-0.523932 -0.303786 -0.795745 -3.50019 -0.802556 0.488999 0.341735 224.139 0.285304 0.817676 -0.500007 141.563 0 0 0 1 
Seq_Frame0072_DriverToReference-SequenceTransformStatus = OK
Seq_Frame0072_Timestamp = 8.534
Seq_Frame0073_DriverToReference-SequenceTransform =-0.523932 -0.303786 -0.795745 -3.50019 -0.802556 0.488999 0.341735 224.139 0.285304 0.817676 -0.500007 141.563 0 0 0 1 
Seq_Frame0073_DriverToReference-SequenceTransformStatus = OK
Seq_Frame0073_Timestamp = 8.661
Seq_Frame0074_DriverToReference-SequenceTransform =-0.523932 -0.303786 -0.795745 -3.50019 -0.802556 0.488999 0.341735 224.139 0.285304 0.817676 -0.500007 141.563 0 0 0 1 
Seq_Frame0074_DriverToReference-SequenceTransformStatus = OK
Seq_Frame0074_Timestamp = 8.783
Seq_Frame0075_DriverToReference-SequenceTransform =-0.523932 -0.303786 -0.795745 -3.50019 -0.802556 0.488999 0.341735 224.139 0.285304 0.817676 -0.500007 141.563 0 0 0 1 
Seq_Frame0075_DriverToReference-SequenceTransformStatus = OK
Seq_Frame0075_Timestamp = 8.901
Seq_Frame0076_DriverToReference-SequenceTransform =-0.523932 -0.303786 -0.795745 -3.50019 -0.802556 0.488999 0.341735 224.139 0.285304 0.817676 -0.500007 141.563 0 0 0 1 
Seq_Frame0076_DriverToReference-SequenceTransformStatus = OK
Seq_Frame0076_Timestamp = 9.004
Seq_Frame0077_DriverToReference-SequenceTransform =-0.523932 -0.303786 -0.795745 -3.50019 -0.802556 0.488999 0.341735 224.139 0.285304 0.817676 -0.500007 141.563 0 0 0 1 
Seq_Frame0077_DriverToReference-SequenceTransformStatus = OK
Seq_Frame0077_Timestamp = 9.107
Seq_Frame0078_DriverToReference-SequenceTransform =-0.523932 -0.303786 -0.795745 -3.50019 -0.802556 0.488999 0.341735 224.139 0.285304 0.817676 -0.500007 141.563 0 0 0 1 
Seq_Frame0078_DriverToReference-SequenceTransformStatus = OK
Seq_Frame0078_Timestamp = 9.228
Seq_Frame0079_DriverToReference-SequenceTransform =-0.523932 -0.303786 -0.795745 -3.50019 -0.802556 0.488999 0.341735 224.139 0.285304 0.817676 -0.500007 141.563 0 0 0 1 
Seq_Frame0079_DriverToReference-SequenceTransformStatus = OK
Seq_Frame0079_Timestamp = 9.358
Seq_Frame0080_DriverToReference-SequenceTransform =-0.523932 -0.303786 -0.795745 -3.50019 -0.802556 0.488999 0.341735 224.139 0.285304 0.817676 -0.500007 141.563 0 0 0 1 
Seq_Frame0080_DriverToReference-SequenceTransformStatus = OK
Seq_Frame0080_Timestamp = 9.476
Seq_Frame0081_DriverToReference-SequenceTransform =-0.523932 -0.303786 -0.795745 -3.50019 -0.802556 0.488999 0.341735 224.139 0.285304 0.817676 -0.500007 141.563 0 0 0 1 
Seq_Frame0081_DriverToReference-SequenceTransformStatus = OK
Seq_Frame0081_Timestamp = 9.746
Seq_Frame0082_DriverToReference-SequenceTransform =-0.523932 -0.303786 -0.795745 -3.50019 -0.802556 0.488999 0.341735 224.139 0.285304 0.817676 -0.500007 141.563 0 0 0 1 
Seq_Frame0082_DriverToReference-SequenceTransformStatus = OK
Seq_Frame0082_Timestamp = 9.856
Seq_Frame0083_DriverToReference-SequenceTransform =-0.523932 -0.303786 -0.795745 -3.50019 -0.802556 0.488999 0.341735 224.139 0.285304 0.817676 -0.500007 141.563 0 0 0 1 
Seq_Frame0083_DriverToReference-SequenceTransformStatus = OK
Seq_Frame0083_Timestamp = 9.984
Seq_Frame0084_DriverToReference-SequenceTransform =-0.523932 -0.303786 -0.795745 -3.50019 -0.802556 0.488999 0.341735 224.139 0.285304 0.817676 -0.500007 141.563 0 0 0 1 
Seq_Frame0084_DriverToReference-SequenceTransformStatus = OK
Seq_Frame0084_Timestamp = 10.089
Seq_Frame0085_DriverToReference-SequenceTransform =-0.523932 -0.303786 -0.795745 -3.50019 -0.802556 0.488999 0.341735 224.139 0.285304 0.817676 -0.500007 141.563 0 0 0 1 
Seq_Frame0085_DriverToReference-SequenceTransformStatus = OK
Seq_Frame0085_Timestamp = 10.196
Seq_Frame0086_DriverToReference-SequenceTransform =-0.523932 -0.303786 -0.795745 -3.50019 -0.802556 0.488999 0.341735 224.139 0.285304 0.817676 -0.500007 141.563 0 0 0 1 
Seq_Frame0086_DriverToReference-SequenceTransformStatus = OK
Seq_Frame0086_Timestamp = 10.3
Seq_Frame0087_DriverToReference-SequenceTransform =-0.523932 -0.303786 -0.795745 -3.50019 -0.802556 0.488999 0.341735 224.139 0.285304 0.817676 -0.500007 141.563 0 0 0 1 
Seq_Frame0087_DriverToReference-SequenceTransformStatus = OK
Seq_Frame0087_Timestamp = 10.418
Seq_Frame0088_DriverToReference-SequenceTransform =-0.523932 -0.303786 -0.795745 -3.50019 -0.802556 0.488999 0.341735 224.139 0.285304 0.817676 -0.500007 141.563 0 0 0 1 
Seq_Frame0088_DriverToReference-SequenceTransformStatus = OK
Seq_Frame0088_Timestamp = 10.532
Seq_Frame0089_DriverToReference-SequenceTransform =-0.523932 -0.303786 -0.795745 -3.50019 -0.802556 0.488999 0.341735 224.139 0.285304 0.817676 -0.500007 141.563 0 0 0 1 
Seq_Frame0089_DriverToReference-SequenceTransformStatus = OK
Seq_Frame0089_Timestamp = 10.635
Seq_Frame0090_DriverToReference-SequenceTransform =-0.523932 -0.303786 -0.795745 -3.50019 -0.802556 0.488999 0.341735 224.139 0.285304 0.817676 -0.500007 141.563 0 0 0 1 
Seq_Frame0090_DriverToReference-SequenceTransformStatus = OK
Seq_Frame0090_Timestamp = 10.747
Seq_Frame0091_DriverToReference-SequenceTransform =-0.523932 -0.303786 -0.795745 -3.50019 -0.802556 0.488999 0.341735 224.139 0.285304 0.817676 -0.500007 141.563 0 0 0 1 
Seq_Frame0091_DriverToReference-SequenceTransformStatus = OK
Seq_Frame0091_Timestamp = 10.937
Seq_Frame0092_DriverToReference-SequenceTransform =0.255559 0.702557 0.664156 79.0936 -0.581799 0.660412 -0.474727 245.585 -0.772139 -0.265084 0.577522 148.086 0 0 0 1 
Seq_Frame0092_DriverToReference-SequenceTransformStatus = OK
Seq_Frame0092_Timestamp = 11.044
Seq_Frame0093_DriverToReference-SequenceTransform =0.25481 0.755287 0.603832 79.2223 -0.58479 0.617676 -0.52583 243.439 -0.770125 -0.219128 0.599074 145.385 0 0 0 1 
Seq_Frame0093_DriverToReference-SequenceTransformStatus = OK
Seq_Frame0093_Timestamp = 11.157
Seq_Frame0094_DriverToReference-SequenceTransform =0.217854 0.789114 0.574316 65.7263 -0.691276 0.54016 -0.479963 241.764 -0.688968 -0.29245 0.663172 147.589 0 0 0 1 
Seq_Frame0094_DriverToReference-SequenceTransformStatus = OK
Seq_Frame0094_Timestamp = 11.369
Seq_Frame0095_DriverToReference-SequenceTransform =0.217854 0.789114 0.574316 65.7263 -0.691276 0.54016 -0.479963 241.764 -0.688968 -0.29245 0.663172 147.589 0 0 0 1 
Seq_Frame0095_DriverToReference-SequenceTransformStatus = OK
Seq_Frame0095_Timestamp = 11.938
Seq_Frame0096_DriverToReference-SequenceTransform =0.217854 0.789114 0.574316 65.7263 -0.691276 0.54016 -0.479963 241.764 -0.688968 -0.29245 0.663172 147.589 0 0 0 1 
Seq_Frame0096_DriverToReference-SequenceTransformStatus = OK
Seq_Frame0096_Timestamp = 12.589
Seq_Frame0097_DriverToReference-SequenceTransform =0.217854 0.789114 0.574316 65.7263 -0.691276 0.54016 -0.479963 241.764 -0.688968 -0.29245 0.663172 147.589 0 0 0 1 
Seq_Frame0097_DriverToReference-SequenceTransformStatus = OK
Seq_Frame0097_Timestamp = 12.689
Seq_Frame0098_DriverToReference-SequenceTransform =0.217854 0.789114 0.574316 65.7263 -0.691276 0.54016 -0.479963 241.764 -0.688968 -0.29245 0.663172 147.589 0 0 0 1 
Seq_Frame0098_DriverToReference-SequenceTransformStatus = OK
Seq_Frame0098_Timestamp = 12.856
Seq_Frame0099_DriverToReference-SequenceTransform =0.217854 0.789114 0.574316 65.7263 -0.691276 0.54016 -0.479963 241.764 -0.688968 -0.29245 0.663172 147.589 0 0 0 1 
Seq_Frame0099_DriverToReference-SequenceTransformStatus = OK
Seq_Frame0099_Timestamp = 12.956
Seq_Frame0100_DriverToReference-SequenceTransform =0.217854 0.789114 0.574316 65.7263 -0.691276 0.54016 -0.479963 241.764 -0.688968 -0.29245 0.663172 147.589 0 0 0 1 
Seq_Frame0100_DriverToReference-SequenceTransformStatus = OK
Seq_Frame0100_Timestamp = 13.057
Seq_Frame0101_DriverToReference-SequenceTransform =0.217854 0.789114 0.574316 65.7263 -0.691276 0.54016 -0.479963 241.764 -0.688968 -0.29245 0.663172 147.589 0 0 0 1 
Seq_Frame0101_DriverToReference-SequenceTransformStatus = OK
Seq_Frame0101_Timestamp = 13.181
Seq_Frame0102_DriverToReference-SequenceTransform =0.217854 0.789114 0.574316 65.7263 -0.691276 0.54016 -0.479963 241.764 -0.688968 -0.29245 0.663172 147.589 0 0 0 1 
Seq_Frame0102_DriverToReference-SequenceTransformStatus = OK
Seq_Frame0102_Timestamp = 13.281
Seq_Frame0103_DriverToReference-SequenceTransform =0.217854 0.789114 0.574316 65.7263 -0.691276 0.54016 -0.479963 241.764 -0.688968 -0.29245 0.663172 147.589 0 0 0 1 
Seq_Frame0103_DriverToReference-SequenceTransformStatus = OK
Seq_Frame0103_Timestamp = 13.404
Seq_Frame0104_DriverToReference-SequenceTransform =0.217854 0.789114 0.574316 65.7263 -0.691276 0.54016 -0.479963 241.764 -0.688968 -0.29245 0.663172 147.589 0 0 0 1 
Seq_Frame0104_DriverToReference-SequenceTransformStatus = OK
Seq_Frame0104_Timestamp = 13.517
Seq_Frame0105_DriverToReference-SequenceTransform =0.217854 0.789114 0.574316 65.7263 -0.691276 0.54016 -0.479963 241.764 -0.688968 -0.29245 0.663172 147.589 0 0 0 1 
Seq_Frame0105_DriverToReference-SequenceTransformStatus = OK
Seq_Frame0105_Timestamp = 13.629
Seq_Frame0106_DriverToReference-SequenceTransform =0.217854 0.789114 0.574316 65.7263 -0.691276 0.54016 -0.479963 241.764 -0.688968 -0.29245 0.663172 147.589 0 0 0 1 
Seq_Frame0106_DriverToReference-SequenceTransformStatus = OK
Seq_Frame0106_Timestamp = 13.737
Seq_Frame0107_DriverToReference-SequenceTransform =0.217854 0.789114 0.574316 65.7263 -0.691276 0.54016 -0.479963 241.764 -0.688968 -0.29245 0.663172 147.589 0 0 0 1 
Seq_Frame0107_DriverToReference-SequenceTransformStatus = OK
Seq_Frame0107_Timestamp = 13.844
Seq_Frame0108_DriverToReference-SequenceTransform =0.217854 0.789114 0.574316 65.7263 -0.691276 0.54016 -0.479963 241.764 -0.688968 -0.29245 0.663172 147.589 0 0 0 1 
Seq_Frame0108_DriverToReference-SequenceTransformStatus = OK
Seq_Frame0108_Timestamp = 13.953
Seq_Frame0109_DriverToReference-SequenceTransform =0.217854 0.789114 0.574316 65.7263 -0.691276 0.54016 -0.479963 241.764 -0.688968 -0.29245 0.663172 147.589 0 0 0 1 
Seq_Frame0109_DriverToReference-SequenceTransformStatus = OK
Seq_Frame0109_Timestamp = 14.078
Seq_Frame0110_DriverToReference-SequenceTransform =0.217854 0.789114 0.574316 65.7263 -0.691276 0.54016 -0.479963 241.764 -0.688968 -0.29245 0.663172 147.589 0 0 0 1 
Seq_Frame0110_DriverToReference-SequenceTransformStatus = OK
Seq_Frame0110_Timestamp = 14.208
Seq_Frame0111_DriverToReference-SequenceTransform =0.217854 0.789114 0.574316 65.7263 -0.691276 0.54016 -0.479963 241.764 -0.688968 -0.29245 0.663172 147.589 0 0 0 1 
Seq_Frame0111_DriverToReference-SequenceTransformStatus = OK
Seq_Frame0111_Timestamp = 14.331
Seq_Frame0112_DriverToReference-SequenceTransform =0.217854 0.789114 0.574316 65.7263 -0.691276 0.54016 -0.479963 241.764 -0.688968 -0.29245 0.663172 147.589 0 0 0 1 
Seq_Frame0112_DriverToReference-SequenceTransformStatus = OK
Seq_Frame0112_Timestamp = 14.458
Seq_Frame0113_DriverToReference-SequenceTransform =0.217854 0.789114 0.574316 65.7263 -0.691276 0.54016 -0.479963 241.764 -0.688968 -0.29245 0.663172 147.589 0 0 0 1 
Seq_Frame0113_DriverToReference-SequenceTransformStatus = OK
Seq_Frame0113_Timestamp = 14.58
Seq_Frame0114_DriverToReference-SequenceTransform =0.217854 0.789114 0.574316 65.7263 -0.691276 0.54016 -0.479963 241.764 -0.688968 -0.29245 0.663172 147.589 0 0 0 1 
Seq_Frame0114_DriverToReference-SequenceTransformStatus = OK
Seq_Frame0114_Timestamp = 14.701
Seq_Frame0115_DriverToReference-SequenceTransform =0.217854 0.789114 0.574316 65.7263 -0.691276 0.54016 -0.479963 241.764 -0.688968 -0.29245 0.663172 147.589 0 0 0 1 
Seq_Frame0115_DriverToReference-SequenceTransformStatus = OK
Seq_Frame0115_Timestamp = 14.855
Seq_Frame0116_DriverToReference-SequenceTransform =0.217854 0.789114 0.574316 65.7263 -0.691276 0.54016 -0.479963 241.764 -0.688968 -0.29245 0.663172 147.589 0 0 0 1 
Seq_Frame0116_DriverToReference-SequenceTransformStatus = OK
Seq_Frame0116_Timestamp = 15.646
Seq_Frame0117_DriverToReference-SequenceTransform =0.217854 0.789114 0.574316 65.7263 -0.691276 0.54016 -0.479963 241.764 -0.688968 -0.29245 0.663172 147.589 0 0 0 1 
Seq_Frame0117_DriverToReference-SequenceTransformStatus = OK
Seq_Frame0117_Timestamp = 15.783
Seq_Frame0118_DriverToReference-SequenceTransform =0.217854 0.789114 0.574316 65.7263 -0.691276 0.54016 -0.479963 241.764 -0.688968 -0.29245 0.663172 147.589 0 0 0 1 
Seq_Frame0118_DriverToReference-SequenceTransformStatus = OK
Seq_Frame0118_Timestamp = 15.935
Seq_Frame0119_DriverToReference-SequenceTransform =0.217854 0.789114 0.574316 65.7263 -0.691276 0.54016 -0.479963 241.764 -0.688968 -0.29245 0.663172 147.589 0 0 0 1 
Seq_Frame0119_DriverToReference-SequenceTransformStatus = OK
Seq_Frame0119_Timestamp = 16.087
Seq_Frame0120_DriverToReference-SequenceTransform =0.217854 0.789114 0.574316 65.7263 -0.691276 0.54016 -0.479963 241.764 -0.688968 -0.29245 0.663172 147.589 0 0 0 1 
Seq_Frame0120_DriverToReference-SequenceTransformStatus = OK
Seq_Frame0120_Timestamp = 16.195
Seq_Frame0121_DriverToReference-SequenceTransform =0.217854 0.789114 0.574316 65.7263 -0.691276 0.54016 -0.479963 241.764 -0.688968 -0.29245 0.663172 147.589 0 0 0 1 
Seq_Frame0121_DriverToReference-SequenceTransformStatus = OK
Seq_Frame0121_Timestamp = 16.296
Seq_Frame0122_DriverToReference-SequenceTransform =0.217854 0.789114 0.574316 65.7263 -0.691276 0.54016 -0.479963 241.764 -0.688968 -0.29245 0.663172 147.589 0 0 0 1 
Seq_Frame0122_DriverToReference-SequenceTransformStatus = OK
Seq_Frame0122_Timestamp = 16.407
Seq_Frame0123_DriverToReference-SequenceTransform =0.217854 0.789114 0.574316 65.7263 -0.691276 0.54016 -0.479963 241.764 -0.688968 -0.29245 0.663172 147.589 0 0 0 1 
Seq_Frame0123_DriverToReference-SequenceTransformStatus = OK
Seq_Frame0123_Timestamp = 16.531
Seq_Frame0124_DriverToReference-SequenceTransform =0.217854 0.789114 0.574316 65.7263 -0.691276 0.54016 -0.479963 241.764 -0.688968 -0.29245 0.663172 147.589 0 0 0 1 
Seq_Frame0124_DriverToReference-SequenceTransformStatus = OK
Seq_Frame0124_Timestamp = 16.652
Seq_Frame0125_DriverToReference-SequenceTransform =0.217854 0.789114 0.574316 65.7263 -0.691276 0.54016 -0.479963 241.764 -0.688968 -0.29245 0.663172 147.589 0 0 0 1 
Seq_Frame0125_DriverToReference-SequenceTransformStatus = OK
Seq_Frame0125_Timestamp = 16.757
Seq_Frame0126_DriverToReference-SequenceTransform =0.217854 0.789114 0.574316 65.7263 -0.691276 0.54016 -0.479963 241.764 -0.688968 -0.29245 0.663172 147.589 0 0 0 1 
Seq_Frame0126_DriverToReference-SequenceTransformStatus = OK
Seq_Frame0126_Timestamp = 16.861
Seq_Frame0127_DriverToReference-SequenceTransform =0.217854 0.789114 0.574316 65.7263 -0.691276 0.54016 -0.479963 241.764 -0.688968 -0.29245 0.663172 147.589 0 0 0 1 
Seq_Frame0127_DriverToReference-SequenceTransformStatus = OK
Seq_Frame0127_Timestamp = 16.962
Seq_Frame0128_DriverToReference-SequenceTransform =0.217854 0.789114 0.574316 65.7263 -0.691276 0.54016 -0.479963 241.764 -0.688968 -0.29245 0.663172 147.589 0 0 0 1 
Seq_Frame0128_DriverToReference-SequenceTransformStatus = OK
Seq_Frame0128_Timestamp = 17.063
Seq_Frame0129_DriverToReference-SequenceTransform =0.217854 0.789114 0.574316 65.7263 -0.691276 0.54016 -0.479963 241.764 -0.688968 -0.29245 0.663172 147.589 0 0 0 1 
Seq_Frame0129_DriverToReference-SequenceTransformStatus = OK
Seq_Frame0129_Timestamp = 17.18
Seq_Frame0130_DriverToReference-SequenceTransform =0.217854 0.789114 0.574316 65.7263 -0.691276 0.54016 -0.479963 241.764 -0.688968 -0.29245 0.663172 147.589 0 0 0 1 
Seq_Frame0130_DriverToReference-SequenceTransformStatus = OK
Seq_Frame0130_Timestamp = 17.285
Seq_Frame0131_DriverToReference-SequenceTransform =0.217854 0.789114 0.574316 65.7263 -0.691276 0.54016 -0.479963 241.764 -0.688968 -0.29245 0.663172 147.589 0 0 0 1 
Seq_Frame0131_DriverToReference-SequenceTransformStatus = OK
Seq_Frame0131_Timestamp = 17.402
Seq_Frame0132_DriverToReference-SequenceTransform =0.217854 0.789114 0.574316 65.7263 -0.691276 0.54016 -0.479963 241.764 -0.688968 -0.29245 0.663172 147.589 0 0 0 1 
Seq_Frame0132_DriverToReference-SequenceTransformStatus = OK
Seq_Frame0132_Timestamp = 17.528
Seq_Frame0133_DriverToReference-SequenceTransform =0.217854 0.789114 0.574316 65.7263 -0.691276 0.54016 -0.479963 241.764 -0.688968 -0.29245 0.663172 147.589 0 0 0 1 
Seq_Frame0133_DriverToReference-SequenceTransformStatus = OK
Seq_Frame0133_Timestamp = 17.633
Seq_Frame0134_DriverToReference-SequenceTransform =0.217854 0.789114 0.574316 65.7263 -0.691276 0.54016 -0.479963 241.764 -0.688968 -0.29245 0.663172 147.589 0 0 0 1 
Seq_Frame0134_DriverToReference-SequenceTransformStatus = OK
Seq_Frame0134_Timestamp = 17.743
Seq_Frame0135_DriverToReference-SequenceTransform =0.217854 0.789114 0.574316 65.7263 -0.691276 0.54016 -0.479963 241.764 -0.688968 -0.29245 0.663172 147.589 0 0 0 1 
Seq_Frame0135_DriverToReference-SequenceTransformStatus = OK
Seq_Frame0135_Timestamp = 19.074
Seq_Frame0136_DriverToReference-SequenceTransform =0.217854 0.789114 0.574316 65.7263 -0.691276 0.54016 -0.479963 241.764 -0.688968 -0.29245 0.663172 147.589 0 0 0 1 
Seq_Frame0136_DriverToReference-SequenceTransformStatus = OK
Seq_Frame0136_Timestamp = 19.176
Seq_Frame0137_DriverToReference-SequenceTransform =0.217854 0.789114 0.574316 65.7263 -0.691276 0.54016 -0.479963 241.764 -0.688968 -0.29245 0.663172 147.589 0 0 0 1 
Seq_Frame0137_DriverToReference-SequenceTransformStatus = OK
Seq_Frame0137_Timestamp = 19.287
Seq_Frame0138_DriverToReference-SequenceTransform =0.217854 0.789114 0.574316 65.7263 -0.691276 0.54016 -0.479963 241.764 -0.688968 -0.29245 0.663172 147.589 0 0 0 1 
Seq_Frame0138_DriverToReference-SequenceTransformStatus = OK
Seq_Frame0138_Timestamp = 19.411
Seq_Frame0139_DriverToReference-SequenceTransform =0.217854 0.789114 0.574316 65.7263 -0.691276 0.54016 -0.479963 241.764 -0.688968 -0.29245 0.663172 147.589 0 0 0 1 
Seq_Frame0139_DriverToReference-SequenceTransformStatus = OK
Seq_Frame0139_Timestamp = 19.828
Seq_Frame0140_DriverToReference-SequenceTransform =0.217854 0.789114 0.574316 65.7263 -0.691276 0.54016 -0.479963 241.764 -0.688968 -0.29245 0.663172 147.589 0 0 0 1 
Seq_Frame0140_DriverToReference-SequenceTransformStatus = OK
Seq_Frame0140_Timestamp = 19.935
Seq_Frame0141_DriverToReference-SequenceTransform =-0.812709 0.104482 0.573226 43.6529 -0.543704 -0.489712 -0.681593 272.73 0.209501 -0.865601 0.4548 162.64 0 0 0 1 
Seq_Frame0141_DriverToReference-SequenceTransformStatus = OK
Seq_Frame0141_Timestamp = 20.124
Seq_Frame0142_DriverToReference-SequenceTransform =-0.812709 0.104482 0.573226 43.6529 -0.543704 -0.489712 -0.681593 272.73 0.209501 -0.865601 0.4548 162.64 0 0 0 1 
Seq_Frame0142_DriverToReference-SequenceTransformStatus = OK
Seq_Frame0142_Timestamp = 20.405
Seq_Frame0143_DriverToReference-SequenceTransform =-0.812709 0.104482 0.573226 43.6529 -0.543704 -0.489712 -0.681593 272.73 0.209501 -0.865601 0.4548 162.64 0 0 0 1 
Seq_Frame0143_DriverToReference-SequenceTransformStatus = OK
Seq_Frame0143_Timestamp = 20.512
Seq_Frame0144_DriverToReference-SequenceTransform =-0.812709 0.104482 0.573226 43.6529 -0.543704 -0.489712 -0.681593 272.73 0.209501 -0.865601 0.4548 162.64 0 0 0 1 
Seq_Frame0144_DriverToReference-SequenceTransformStatus = OK
Seq_Frame0144_Timestamp = 20.642
Seq_Frame0145_DriverToReference-SequenceTransform =0.1498 0.604761 0.782192 40.5425 -0.531685 0.716267 -0.451966 267.673 -0.833589 -0.348175 0.428839 177.648 0 0 0 1 
Seq_Frame0145_DriverToReference-SequenceTransformStatus = OK
Seq_Frame0145_Timestamp = 20.788
Seq_Frame0146_DriverToReference-SequenceTransform =0.101249 0.581734 0.807053 39.1315 -0.51515 0.724653 -0.457711 268.649 -0.851099 -0.36941 0.37305 177.159 0 0 0 1 
Seq_Frame0146_DriverToReference-SequenceTransformStatus = OK
Seq_Frame0146_Timestamp = 20.907
Seq_Frame0147_DriverToReference-SequenceTransform =0.101249 0.581734 0.807053 39.1315 -0.51515 0.724653 -0.457711 268.649 -0.851099 -0.36941 0.37305 177.159 0 0 0 1 
Seq_Frame0147_DriverToReference-SequenceTransformStatus = OK
Seq_Frame0147_Timestamp = 21.023
Seq_Frame0148_DriverToReference-SequenceTransform =0.101249 0.581734 0.807053 39.1315 -0.51515 0.724653 -0.457711 268.649 -0.851099 -0.36941 0.37305 177.159 0 0 0 1 
Seq_Frame0148_DriverToReference-SequenceTransformStatus = OK
Seq_Frame0148_Timestamp = 21.131
Seq_Frame0149_DriverToReference-SequenceTransform =0.101249 0.581734 0.807053 39.1315 -0.51515 0.724653 -0.457711 268.649 -0.851099 -0.36941 0.37305 177.159 0 0 0 1 
Seq_Frame0149_DriverToReference-SequenceTransformStatus = OK
Seq_Frame0149_Timestamp = 21.248
Seq_Frame0150_DriverToReference-SequenceTransform =0.101249 0.581734 0.807053 39.1315 -0.51515 0.724653 -0.457711 268.649 -0.851099 -0.36941 0.37305 177.159 0 0 0 1 
Seq_Frame0150_DriverToReference-SequenceTransformStatus = OK
Seq_Frame0150_Timestamp = 21.413
Seq_Frame0151_DriverToReference-SequenceTransform =0.101249 0.581734 0.807053 39.1315 -0.51515 0.724653 -0.457711 268.649 -0.851099 -0.36941 0.37305 177.159 0 0 0 1 
