ObjectType = Image
NDims = 3
AnatomicalOrientation = RAI
BinaryData = True
CompressedData = False
DimSize = 0 0 691
ElementSpacing = 1 1 1
Offset = 0 0 0
TransformMatrix = 1 0 0 0 1 0 0 0 1
ElementType = MET_UCHAR
Kinds = domain domain list
Seq_Frame0000_ForcepToReference-SequenceTransform =0.529487 -0.505725 -0.681091 38.2148 0.338498 -0.610234 0.716263 -20.2451 -0.777858 -0.6098 -0.151924 -28.7136 0 0 0 1 
Seq_Frame0000_ForcepToReference-SequenceTransformStatus = OK
Seq_Frame0000_Timestamp = 0.0110002
Seq_Frame0001_ForcepToReference-SequenceTransform =0.532015 -0.504726 -0.679861 38.2725 0.337754 -0.609779 0.717002 -20.2717 -0.776455 -0.611082 -0.153939 -28.5938 0 0 0 1 
Seq_Frame0001_ForcepToReference-SequenceTransformStatus = OK
Seq_Frame0001_Timestamp = 0.114
Seq_Frame0002_ForcepToReference-SequenceTransform =0.530201 -0.505323 -0.680835 38.2406 0.33872 -0.609894 0.716448 -20.2645 -0.777274 -0.610474 -0.152203 -28.658 0 0 0 1 
Seq_Frame0002_ForcepToReference-SequenceTransformStatus = OK
Seq_Frame0002_Timestamp = 0.219
Seq_Frame0003_ForcepToReference-SequenceTransform =0.530948 -0.505311 -0.680261 38.2311 0.337792 -0.610017 0.716781 -20.2593 -0.777169 -0.61036 -0.153197 -28.6656 0 0 0 1 
Seq_Frame0003_ForcepToReference-SequenceTransformStatus = OK
Seq_Frame0003_Timestamp = 0.328
Seq_Frame0004_ForcepToReference-SequenceTransform =0.53142 -0.505283 -0.679914 38.257 0.337789 -0.609659 0.717088 -20.2756 -0.776847 -0.610742 -0.153306 -28.5297 0 0 0 1 
Seq_Frame0004_ForcepToReference-SequenceTransformStatus = OK
Seq_Frame0004_Timestamp = 0.434
Seq_Frame0005_ForcepToReference-SequenceTransform =0.531575 -0.505073 -0.679948 38.2546 0.337802 -0.60974 0.717012 -20.2712 -0.776735 -0.610834 -0.153508 -28.5686 0 0 0 1 
Seq_Frame0005_ForcepToReference-SequenceTransformStatus = OK
Seq_Frame0005_Timestamp = 0.544
Seq_Frame0006_ForcepToReference-SequenceTransform =0.52998 -0.505243 -0.681065 38.1928 0.337835 -0.610854 0.716048 -20.245 -0.77781 -0.609579 -0.153052 -28.7039 0 0 0 1 
Seq_Frame0006_ForcepToReference-SequenceTransformStatus = OK
Seq_Frame0006_Timestamp = 0.648
Seq_Frame0007_ForcepToReference-SequenceTransform =0.526671 -0.506229 -0.682898 38.2585 0.340153 -0.610723 0.715062 -20.3191 -0.779046 -0.608892 -0.149455 -28.4336 0 0 0 1 
Seq_Frame0007_ForcepToReference-SequenceTransformStatus = OK
Seq_Frame0007_Timestamp = 0.759
Seq_Frame0008_ForcepToReference-SequenceTransform =0.5261 -0.506629 -0.683042 38.2309 0.340051 -0.610851 0.715001 -20.3036 -0.779477 -0.608431 -0.149089 -28.3926 0 0 0 1 
Seq_Frame0008_ForcepToReference-SequenceTransformStatus = OK
Seq_Frame0008_Timestamp = 0.863
Seq_Frame0009_ForcepToReference-SequenceTransform =0.525064 -0.506729 -0.683764 38.2237 0.340489 -0.611249 0.714452 -20.3069 -0.779984 -0.607947 -0.14841 -28.4777 0 0 0 1 
Seq_Frame0009_ForcepToReference-SequenceTransformStatus = OK
Seq_Frame0009_Timestamp = 0.974
Seq_Frame0010_ForcepToReference-SequenceTransform =0.525895 -0.506837 -0.683045 38.2567 0.339468 -0.611255 0.714933 -20.3243 -0.779869 -0.607852 -0.149401 -28.4195 0 0 0 1 
Seq_Frame0010_ForcepToReference-SequenceTransformStatus = OK
Seq_Frame0010_Timestamp = 1.082
Seq_Frame0011_ForcepToReference-SequenceTransform =0.525556 -0.506659 -0.683438 38.2077 0.339896 -0.611384 0.714619 -20.2887 -0.779911 -0.607871 -0.149105 -28.5492 0 0 0 1 
Seq_Frame0011_ForcepToReference-SequenceTransformStatus = OK
Seq_Frame0011_Timestamp = 1.184
Seq_Frame0012_ForcepToReference-SequenceTransform =0.52496 -0.506268 -0.684186 38.197 0.341723 -0.610854 0.714201 -20.3023 -0.779514 -0.608729 -0.14767 -28.5324 0 0 0 1 
Seq_Frame0012_ForcepToReference-SequenceTransformStatus = OK
Seq_Frame0012_Timestamp = 1.289
Seq_Frame0013_ForcepToReference-SequenceTransform =0.52712 -0.50604 -0.682692 38.228 0.338146 -0.612121 0.714818 -20.2892 -0.779617 -0.607644 -0.151546 -28.5022 0 0 0 1 
Seq_Frame0013_ForcepToReference-SequenceTransformStatus = OK
Seq_Frame0013_Timestamp = 1.393
Seq_Frame0014_ForcepToReference-SequenceTransform =0.528862 -0.505904 -0.681445 38.2357 0.339196 -0.610014 0.71612 -20.2749 -0.777979 -0.609872 -0.151012 -28.5249 0 0 0 1 
Seq_Frame0014_ForcepToReference-SequenceTransformStatus = OK
Seq_Frame0014_Timestamp = 1.499
Seq_Frame0015_ForcepToReference-SequenceTransform =0.528042 -0.506585 -0.681574 38.2221 0.339304 -0.609888 0.716177 -20.2801 -0.778489 -0.609432 -0.15016 -28.6109 0 0 0 1 
Seq_Frame0015_ForcepToReference-SequenceTransformStatus = OK
Seq_Frame0015_Timestamp = 1.608
Seq_Frame0016_ForcepToReference-SequenceTransform =0.531678 -0.505031 -0.679899 38.2066 0.337575 -0.609878 0.717002 -20.2672 -0.776763 -0.610731 -0.153773 -28.7012 0 0 0 1 
Seq_Frame0016_ForcepToReference-SequenceTransformStatus = OK
Seq_Frame0016_Timestamp = 1.714
Seq_Frame0017_ForcepToReference-SequenceTransform =0.533517 -0.504862 -0.678583 38.2298 0.33718 -0.608838 0.718071 -20.2361 -0.775674 -0.611907 -0.154597 -28.7582 0 0 0 1 
Seq_Frame0017_ForcepToReference-SequenceTransformStatus = OK
Seq_Frame0017_Timestamp = 1.819
Seq_Frame0018_ForcepToReference-SequenceTransform =0.534881 -0.504424 -0.677833 38.2367 0.338867 -0.606823 0.718982 -20.2132 -0.773997 -0.614265 -0.153646 -28.7969 0 0 0 1 
Seq_Frame0018_ForcepToReference-SequenceTransformStatus = OK
Seq_Frame0018_Timestamp = 1.924
Seq_Frame0019_ForcepToReference-SequenceTransform =0.536371 -0.504266 -0.676773 38.2863 0.339153 -0.605505 0.719957 -20.2193 -0.77284 -0.615694 -0.153752 -28.6082 0 0 0 1 
Seq_Frame0019_ForcepToReference-SequenceTransformStatus = OK
Seq_Frame0019_Timestamp = 2.029
Seq_Frame0020_ForcepToReference-SequenceTransform =0.5377 -0.503155 -0.676546 38.2887 0.344548 -0.601229 0.720979 -20.279 -0.769523 -0.620773 -0.14992 -28.5125 0 0 0 1 
Seq_Frame0020_ForcepToReference-SequenceTransformStatus = OK
Seq_Frame0020_Timestamp = 2.139
Seq_Frame0021_ForcepToReference-SequenceTransform =0.535952 -0.503887 -0.677388 38.2948 0.342328 -0.60373 0.719946 -20.2787 -0.77173 -0.617745 -0.151076 -28.4752 0 0 0 1 
Seq_Frame0021_ForcepToReference-SequenceTransformStatus = OK
Seq_Frame0021_Timestamp = 2.244
Seq_Frame0022_ForcepToReference-SequenceTransform =0.535297 -0.503776 -0.677987 38.2947 0.343707 -0.603299 0.71965 -20.2851 -0.771571 -0.618256 -0.149793 -28.4501 0 0 0 1 
Seq_Frame0022_ForcepToReference-SequenceTransformStatus = OK
Seq_Frame0022_Timestamp = 2.355
Seq_Frame0023_ForcepToReference-SequenceTransform =0.529686 -0.505734 -0.68093 38.2016 0.339608 -0.60919 0.716627 -20.2355 -0.777238 -0.610837 -0.150928 -28.6457 0 0 0 1 
Seq_Frame0023_ForcepToReference-SequenceTransformStatus = OK
Seq_Frame0023_Timestamp = 2.459
Seq_Frame0024_ForcepToReference-SequenceTransform =0.530266 -0.505445 -0.680693 38.2315 0.338258 -0.610074 0.716513 -20.2673 -0.777431 -0.610193 -0.152531 -28.5316 0 0 0 1 
Seq_Frame0024_ForcepToReference-SequenceTransformStatus = OK
Seq_Frame0024_Timestamp = 2.564
Seq_Frame0025_ForcepToReference-SequenceTransform =0.530336 -0.505241 -0.68079 38.2355 0.339209 -0.609483 0.716566 -20.2686 -0.776969 -0.610951 -0.151848 -28.5485 0 0 0 1 
Seq_Frame0025_ForcepToReference-SequenceTransformStatus = OK
Seq_Frame0025_Timestamp = 2.668
Seq_Frame0026_ForcepToReference-SequenceTransform =0.530582 -0.505189 -0.680637 38.2275 0.337457 -0.610712 0.716348 -20.2579 -0.777564 -0.609767 -0.153553 -28.604 0 0 0 1 
Seq_Frame0026_ForcepToReference-SequenceTransformStatus = OK
Seq_Frame0026_Timestamp = 2.774
Seq_Frame0027_ForcepToReference-SequenceTransform =0.529763 -0.505588 -0.680979 38.2299 0.337968 -0.610566 0.716231 -20.2663 -0.777901 -0.609581 -0.152583 -28.5883 0 0 0 1 
Seq_Frame0027_ForcepToReference-SequenceTransformStatus = OK
Seq_Frame0027_Timestamp = 2.884
Seq_Frame0028_ForcepToReference-SequenceTransform =0.531003 -0.505351 -0.680188 38.2353 0.338262 -0.60956 0.716949 -20.2533 -0.776926 -0.610784 -0.152737 -28.6066 0 0 0 1 
Seq_Frame0028_ForcepToReference-SequenceTransformStatus = OK
Seq_Frame0028_Timestamp = 2.989
Seq_Frame0029_ForcepToReference-SequenceTransform =0.530118 -0.505521 -0.680752 38.2188 0.338252 -0.610121 0.716476 -20.2541 -0.777535 -0.610083 -0.152443 -28.6405 0 0 0 1 
Seq_Frame0029_ForcepToReference-SequenceTransformStatus = OK
Seq_Frame0029_Timestamp = 3.094
Seq_Frame0030_ForcepToReference-SequenceTransform =0.530908 -0.505207 -0.680369 38.2319 0.337525 -0.61037 0.716607 -20.2577 -0.777312 -0.610094 -0.15353 -28.5971 0 0 0 1 
Seq_Frame0030_ForcepToReference-SequenceTransformStatus = OK
Seq_Frame0030_Timestamp = 3.198
Seq_Frame0031_ForcepToReference-SequenceTransform =0.530244 -0.505579 -0.680611 38.2242 0.338014 -0.610143 0.716569 -20.2566 -0.777552 -0.610013 -0.152632 -28.6113 0 0 0 1 
Seq_Frame0031_ForcepToReference-SequenceTransformStatus = OK
Seq_Frame0031_Timestamp = 3.309
Seq_Frame0032_ForcepToReference-SequenceTransform =0.53029 -0.505449 -0.680672 38.2046 0.338485 -0.609872 0.716578 -20.2443 -0.777316 -0.610391 -0.152323 -28.6685 0 0 0 1 
Seq_Frame0032_ForcepToReference-SequenceTransformStatus = OK
Seq_Frame0032_Timestamp = 3.414
Seq_Frame0033_ForcepToReference-SequenceTransform =0.529877 -0.505843 -0.6807 38.1976 0.338759 -0.609583 0.716694 -20.2345 -0.777478 -0.610354 -0.151645 -28.6055 0 0 0 1 
Seq_Frame0033_ForcepToReference-SequenceTransformStatus = OK
Seq_Frame0033_Timestamp = 3.518
Seq_Frame0034_ForcepToReference-SequenceTransform =0.531983 -0.505218 -0.679521 38.2235 0.338725 -0.608522 0.717612 -20.2294 -0.776054 -0.611928 -0.152593 -28.59 0 0 0 1 
Seq_Frame0034_ForcepToReference-SequenceTransformStatus = OK
Seq_Frame0034_Timestamp = 3.629
Seq_Frame0035_ForcepToReference-SequenceTransform =0.531082 -0.505395 -0.680094 38.2311 0.339628 -0.608373 0.717311 -20.2614 -0.776276 -0.61193 -0.151449 -28.5186 0 0 0 1 
Seq_Frame0035_ForcepToReference-SequenceTransformStatus = OK
Seq_Frame0035_Timestamp = 3.733
Seq_Frame0036_ForcepToReference-SequenceTransform =0.531075 -0.505153 -0.680279 38.2321 0.339115 -0.609039 0.716989 -20.2551 -0.776506 -0.611467 -0.15214 -28.5749 0 0 0 1 
Seq_Frame0036_ForcepToReference-SequenceTransformStatus = OK
Seq_Frame0036_Timestamp = 3.838
Seq_Frame0037_ForcepToReference-SequenceTransform =0.530554 -0.505298 -0.680578 38.2256 0.33835 -0.609919 0.716602 -20.2585 -0.777195 -0.610469 -0.152627 -28.6751 0 0 0 1 
Seq_Frame0037_ForcepToReference-SequenceTransformStatus = OK
Seq_Frame0037_Timestamp = 3.943
Seq_Frame0038_ForcepToReference-SequenceTransform =0.529604 -0.505027 -0.681519 38.2128 0.337686 -0.611508 0.71556 -20.2692 -0.778131 -0.609103 -0.153316 -28.6793 0 0 0 1 
Seq_Frame0038_ForcepToReference-SequenceTransformStatus = OK
Seq_Frame0038_Timestamp = 4.054
Seq_Frame0039_ForcepToReference-SequenceTransform =0.532001 -0.505286 -0.679457 38.2419 0.339294 -0.607986 0.717797 -20.2379 -0.775793 -0.612404 -0.152009 -28.646 0 0 0 1 
Seq_Frame0039_ForcepToReference-SequenceTransformStatus = OK
Seq_Frame0039_Timestamp = 4.158
Seq_Frame0040_ForcepToReference-SequenceTransform =0.532595 -0.505484 -0.678843 38.2297 0.341081 -0.605865 0.718743 -20.1889 -0.7746 -0.61434 -0.15027 -28.6902 0 0 0 1 
Seq_Frame0040_ForcepToReference-SequenceTransformStatus = OK
Seq_Frame0040_Timestamp = 4.269
Seq_Frame0041_ForcepToReference-SequenceTransform =0.53101 -0.505167 -0.680319 38.2246 0.337616 -0.610255 0.716662 -20.2559 -0.777202 -0.610241 -0.153499 -28.6745 0 0 0 1 
Seq_Frame0041_ForcepToReference-SequenceTransformStatus = OK
Seq_Frame0041_Timestamp = 4.373
Seq_Frame0042_ForcepToReference-SequenceTransform =0.531203 -0.505246 -0.680111 38.2411 0.337793 -0.609874 0.716903 -20.2655 -0.776994 -0.610557 -0.153298 -28.6015 0 0 0 1 
Seq_Frame0042_ForcepToReference-SequenceTransformStatus = OK
Seq_Frame0042_Timestamp = 4.479
Seq_Frame0043_ForcepToReference-SequenceTransform =0.53075 -0.50526 -0.680453 38.2567 0.337381 -0.610557 0.716516 -20.2842 -0.777482 -0.609863 -0.153588 -28.6099 0 0 0 1 
Seq_Frame0043_ForcepToReference-SequenceTransformStatus = OK
Seq_Frame0043_Timestamp = 4.583
Seq_Frame0044_ForcepToReference-SequenceTransform =0.530351 -0.507773 -0.678892 38.1241 0.345115 -0.602124 0.71996 -20.1166 -0.774354 -0.616127 -0.144098 -28.3421 0 0 0 1 
Seq_Frame0044_ForcepToReference-SequenceTransformStatus = OK
Seq_Frame0044_Timestamp = 4.689
Seq_Frame0045_ForcepToReference-SequenceTransform =-0.0342524 -0.0264465 -0.999063 72.8063 0.599145 -0.80064 0.000652652 62.8778 -0.799908 -0.598561 0.0432691 -44.4288 0 0 0 1 
Seq_Frame0045_ForcepToReference-SequenceTransformStatus = OK
Seq_Frame0045_Timestamp = 5.384
Seq_Frame0046_ForcepToReference-SequenceTransform =-0.315474 0.0718835 -0.946208 59.2366 0.456517 -0.862659 -0.217743 93.8758 -0.831907 -0.500652 0.239331 -62.3024 0 0 0 1 
Seq_Frame0046_ForcepToReference-SequenceTransformStatus = OK
Seq_Frame0046_Timestamp = 5.489
Seq_Frame0047_ForcepToReference-SequenceTransform =0.508459 -0.100441 -0.855208 78.2638 0.431989 -0.829395 0.354246 99.1882 -0.744886 -0.54956 -0.378324 -37.3878 0 0 0 1 
Seq_Frame0047_ForcepToReference-SequenceTransformStatus = OK
Seq_Frame0047_Timestamp = 5.595
Seq_Frame0048_ForcepToReference-SequenceTransform =0.236557 -0.0947626 -0.966985 51.4585 0.422493 -0.886185 0.1902 114.024 -0.874952 -0.453538 -0.169597 -55.051 0 0 0 1 
Seq_Frame0048_ForcepToReference-SequenceTransformStatus = OK
Seq_Frame0048_Timestamp = 5.7
Seq_Frame0049_ForcepToReference-SequenceTransform =-0.0881678 -0.333506 -0.938616 -7.34618 0.181823 -0.931843 0.31402 95.3533 -0.979371 -0.142976 0.142798 -83.325 0 0 0 1 
Seq_Frame0049_ForcepToReference-SequenceTransformStatus = OK
Seq_Frame0049_Timestamp = 5.808
Seq_Frame0050_ForcepToReference-SequenceTransform =-0.268591 -0.498256 -0.824379 -48.1908 0.367318 -0.844138 0.390523 101.341 -0.89047 -0.197918 0.409746 -100.467 0 0 0 1 
Seq_Frame0050_ForcepToReference-SequenceTransformStatus = OK
Seq_Frame0050_Timestamp = 5.914
Seq_Frame0051_ForcepToReference-SequenceTransform =-0.268591 -0.498256 -0.824379 -48.1908 0.367318 -0.844138 0.390523 101.341 -0.89047 -0.197918 0.409746 -100.467 0 0 0 1 
Seq_Frame0051_ForcepToReference-SequenceTransformStatus = OK
Seq_Frame0051_Timestamp = 6.023
Seq_Frame0052_ForcepToReference-SequenceTransform =-0.195381 0.553975 0.809283 -120.996 -0.780891 0.41135 -0.470106 104.291 -0.593325 -0.723812 0.352224 -110.614 0 0 0 1 
Seq_Frame0052_ForcepToReference-SequenceTransformStatus = OK
Seq_Frame0052_Timestamp = 6.143
Seq_Frame0053_ForcepToReference-SequenceTransform =-0.220618 0.588676 0.777681 -143.128 -0.847695 0.278649 -0.451407 80.7374 -0.482432 -0.758825 0.437543 -101.219 0 0 0 1 
Seq_Frame0053_ForcepToReference-SequenceTransformStatus = OK
Seq_Frame0053_Timestamp = 6.263
Seq_Frame0054_ForcepToReference-SequenceTransform =-0.269218 0.532357 0.802569 -156.648 -0.814935 0.318165 -0.48441 79.3902 -0.513228 -0.784453 0.348181 -98.2767 0 0 0 1 
Seq_Frame0054_ForcepToReference-SequenceTransformStatus = OK
Seq_Frame0054_Timestamp = 6.384
Seq_Frame0055_ForcepToReference-SequenceTransform =-0.269218 0.532357 0.802569 -156.648 -0.814935 0.318165 -0.48441 79.3902 -0.513228 -0.784453 0.348181 -98.2767 0 0 0 1 
Seq_Frame0055_ForcepToReference-SequenceTransformStatus = OK
Seq_Frame0055_Timestamp = 6.494
Seq_Frame0056_ForcepToReference-SequenceTransform =-0.181809 -0.841387 -0.508934 -184.369 0.894122 -0.356856 0.270555 121.258 -0.409258 -0.40586 0.817181 -63.2262 0 0 0 1 
Seq_Frame0056_ForcepToReference-SequenceTransformStatus = OK
Seq_Frame0056_Timestamp = 6.62
Seq_Frame0057_ForcepToReference-SequenceTransform =-0.132465 -0.86532 -0.483399 -179.161 0.970647 -0.212019 0.113545 124.259 -0.200743 -0.454169 0.868005 -43.3968 0 0 0 1 
Seq_Frame0057_ForcepToReference-SequenceTransformStatus = OK
Seq_Frame0057_Timestamp = 6.742
Seq_Frame0058_ForcepToReference-SequenceTransform =-0.14713 -0.877656 -0.45615 -179.326 0.985074 -0.171671 0.0125719 133.238 -0.0893416 -0.447492 0.889814 -33.8515 0 0 0 1 
Seq_Frame0058_ForcepToReference-SequenceTransformStatus = OK
Seq_Frame0058_Timestamp = 6.862
Seq_Frame0059_ForcepToReference-SequenceTransform =-0.095396 -0.834136 -0.543246 -167.915 0.992346 -0.122677 0.0141069 134.518 -0.0784109 -0.537742 0.839455 -24.5777 0 0 0 1 
Seq_Frame0059_ForcepToReference-SequenceTransformStatus = OK
Seq_Frame0059_Timestamp = 6.968
Seq_Frame0060_ForcepToReference-SequenceTransform =-0.11432 -0.841709 -0.527689 -166.716 0.993412 -0.0925943 -0.0675189 135.217 0.00797028 -0.531932 0.84675 -21.1025 0 0 0 1 
Seq_Frame0060_ForcepToReference-SequenceTransformStatus = OK
Seq_Frame0060_Timestamp = 7.09
Seq_Frame0061_ForcepToReference-SequenceTransform =-0.100655 -0.835649 -0.539963 -164.327 0.994502 -0.068745 -0.0789963 135.834 0.0288934 -0.544945 0.837974 -17.8239 0 0 0 1 
Seq_Frame0061_ForcepToReference-SequenceTransformStatus = OK
Seq_Frame0061_Timestamp = 7.213
Seq_Frame0062_ForcepToReference-SequenceTransform =-0.0695924 -0.826548 -0.558547 -159.97 0.99678 -0.0352608 -0.0720146 135.235 0.0398288 -0.56176 0.826341 -15.0279 0 0 0 1 
Seq_Frame0062_ForcepToReference-SequenceTransformStatus = OK
Seq_Frame0062_Timestamp = 7.336
Seq_Frame0063_ForcepToReference-SequenceTransform =-0.0586148 -0.822387 -0.565901 -158.827 0.998204 -0.0412344 -0.0434686 133.665 0.0124135 -0.567432 0.823326 -15.8591 0 0 0 1 
Seq_Frame0063_ForcepToReference-SequenceTransformStatus = OK
Seq_Frame0063_Timestamp = 7.438
Seq_Frame0064_ForcepToReference-SequenceTransform =0.0107577 -0.835541 -0.549322 -154.936 0.999418 -0.00879151 0.0329445 128.119 -0.0323558 -0.549357 0.834961 -19.6071 0 0 0 1 
Seq_Frame0064_ForcepToReference-SequenceTransformStatus = OK
Seq_Frame0064_Timestamp = 7.539
Seq_Frame0065_ForcepToReference-SequenceTransform =0.0140018 -0.846052 -0.532916 -156.959 0.995306 -0.0392495 0.0884627 125.972 -0.0957608 -0.531653 0.841531 -24.5449 0 0 0 1 
Seq_Frame0065_ForcepToReference-SequenceTransformStatus = OK
Seq_Frame0065_Timestamp = 7.646
Seq_Frame0066_ForcepToReference-SequenceTransform =0.00776415 -0.864 -0.503431 -161.422 0.991722 -0.057875 0.114621 124.857 -0.128169 -0.500154 0.856399 -30.0995 0 0 0 1 
Seq_Frame0066_ForcepToReference-SequenceTransformStatus = OK
Seq_Frame0066_Timestamp = 7.762
Seq_Frame0067_ForcepToReference-SequenceTransform =-0.0603017 -0.856716 -0.512252 -156.732 0.978581 -0.151935 0.138906 137.548 -0.196832 -0.492904 0.847528 -43.645 0 0 0 1 
Seq_Frame0067_ForcepToReference-SequenceTransformStatus = OK
Seq_Frame0067_Timestamp = 7.869
Seq_Frame0068_ForcepToReference-SequenceTransform =-0.0868843 -0.842342 -0.531894 -140.48 0.975441 -0.180407 0.126366 158.498 -0.202401 -0.507852 0.837329 -53.5036 0 0 0 1 
Seq_Frame0068_ForcepToReference-SequenceTransformStatus = OK
Seq_Frame0068_Timestamp = 7.987
Seq_Frame0069_ForcepToReference-SequenceTransform =-0.097678 -0.848471 -0.52015 -119.295 0.976552 -0.182464 0.114251 178.448 -0.191847 -0.496793 0.846399 -59.3439 0 0 0 1 
Seq_Frame0069_ForcepToReference-SequenceTransformStatus = OK
Seq_Frame0069_Timestamp = 8.09
Seq_Frame0070_ForcepToReference-SequenceTransform =-0.344115 0.47926 0.8074 -92.5947 -0.205466 0.800638 -0.562816 194.35 -0.916171 -0.359566 -0.17704 -61.7716 0 0 0 1 
Seq_Frame0070_ForcepToReference-SequenceTransformStatus = OK
Seq_Frame0070_Timestamp = 8.212
Seq_Frame0071_ForcepToReference-SequenceTransform =-0.0680878 -0.741691 -0.667276 -33.9967 0.959374 -0.232223 0.160228 228.763 -0.273797 -0.629258 0.727371 -54.8185 0 0 0 1 
Seq_Frame0071_ForcepToReference-SequenceTransformStatus = OK
Seq_Frame0071_Timestamp = 8.428
Seq_Frame0072_ForcepToReference-SequenceTransform =-0.0815211 -0.735938 -0.672123 -18.3729 0.958787 -0.242068 0.148761 239.463 -0.272179 -0.632296 0.725342 -49.1663 0 0 0 1 
Seq_Frame0072_ForcepToReference-SequenceTransformStatus = OK
Seq_Frame0072_Timestamp = 8.534
Seq_Frame0073_ForcepToReference-SequenceTransform =-0.0944613 -0.747883 -0.657075 -3.57386 0.972668 -0.209967 0.0991533 246.814 -0.212119 -0.629749 0.747276 -39.3619 0 0 0 1 
Seq_Frame0073_ForcepToReference-SequenceTransformStatus = OK
Seq_Frame0073_Timestamp = 8.661
Seq_Frame0074_ForcepToReference-SequenceTransform =-0.0929678 -0.746257 -0.659134 3.64138 0.974886 -0.202778 0.0920775 247.896 -0.202371 -0.63402 0.746367 -31.6716 0 0 0 1 
Seq_Frame0074_ForcepToReference-SequenceTransformStatus = OK
Seq_Frame0074_Timestamp = 8.783
Seq_Frame0075_ForcepToReference-SequenceTransform =-0.0900839 -0.734417 -0.672694 6.12313 0.974864 -0.203226 0.0913245 249.073 -0.203779 -0.647558 0.734264 -28.7529 0 0 0 1 
Seq_Frame0075_ForcepToReference-SequenceTransformStatus = OK
Seq_Frame0075_Timestamp = 8.901
Seq_Frame0076_ForcepToReference-SequenceTransform =-0.0922994 -0.741738 -0.664308 7.42248 0.976106 -0.199204 0.0868019 250.319 -0.196717 -0.640423 0.742402 -27.2049 0 0 0 1 
Seq_Frame0076_ForcepToReference-SequenceTransformStatus = OK
Seq_Frame0076_Timestamp = 9.004
Seq_Frame0077_ForcepToReference-SequenceTransform =-0.0928982 -0.739846 -0.666332 7.39372 0.977275 -0.195818 0.0811734 251.344 -0.190536 -0.643649 0.741224 -26.6812 0 0 0 1 
Seq_Frame0077_ForcepToReference-SequenceTransformStatus = OK
Seq_Frame0077_Timestamp = 9.107
Seq_Frame0078_ForcepToReference-SequenceTransform =-0.0952866 -0.746026 -0.659065 5.85476 0.982181 -0.1782 0.0597109 253.803 -0.161991 -0.641631 0.749712 -25.9141 0 0 0 1 
Seq_Frame0078_ForcepToReference-SequenceTransformStatus = OK
Seq_Frame0078_Timestamp = 9.228
Seq_Frame0079_ForcepToReference-SequenceTransform =-0.0949053 -0.74189 -0.663771 5.5714 0.980867 -0.183542 0.0648996 254.367 -0.169978 -0.644912 0.745115 -24.4204 0 0 0 1 
Seq_Frame0079_ForcepToReference-SequenceTransformStatus = OK
Seq_Frame0079_Timestamp = 9.358
Seq_Frame0080_ForcepToReference-SequenceTransform =-0.102747 -0.739213 -0.665588 4.97185 0.980101 -0.189483 0.0591443 255.154 -0.169838 -0.646267 0.743972 -22.8319 0 0 0 1 
Seq_Frame0080_ForcepToReference-SequenceTransformStatus = OK
Seq_Frame0080_Timestamp = 9.476
Seq_Frame0081_ForcepToReference-SequenceTransform =-0.106389 -0.738259 -0.666074 4.86437 0.980586 -0.188871 0.0527144 256.712 -0.164719 -0.647535 0.74402 -22.7988 0 0 0 1 
Seq_Frame0081_ForcepToReference-SequenceTransformStatus = OK
Seq_Frame0081_Timestamp = 9.746
Seq_Frame0082_ForcepToReference-SequenceTransform =-0.10949 -0.733754 -0.670535 5.70568 0.979397 -0.194798 0.0532404 256.926 -0.169684 -0.650891 0.739965 -21.5963 0 0 0 1 
Seq_Frame0082_ForcepToReference-SequenceTransformStatus = OK
Seq_Frame0082_Timestamp = 9.856
Seq_Frame0083_ForcepToReference-SequenceTransform =-0.105766 -0.732166 -0.672865 6.79552 0.976563 -0.204034 0.0685123 256.555 -0.18745 -0.649849 0.736586 -20.505 0 0 0 1 
Seq_Frame0083_ForcepToReference-SequenceTransformStatus = OK
Seq_Frame0083_Timestamp = 9.984
Seq_Frame0084_ForcepToReference-SequenceTransform =-0.105884 -0.727597 -0.677784 6.9557 0.976921 -0.203279 0.0656026 256.438 -0.185511 -0.655195 0.732328 -21.0872 0 0 0 1 
Seq_Frame0084_ForcepToReference-SequenceTransformStatus = OK
Seq_Frame0084_Timestamp = 10.089
Seq_Frame0085_ForcepToReference-SequenceTransform =-0.103532 -0.72987 -0.6757 7.03696 0.977272 -0.200997 0.067372 256.254 -0.184986 -0.653368 0.734092 -20.7751 0 0 0 1 
Seq_Frame0085_ForcepToReference-SequenceTransformStatus = OK
Seq_Frame0085_Timestamp = 10.196
Seq_Frame0086_ForcepToReference-SequenceTransform =-0.0980171 -0.732657 -0.673504 6.84515 0.975529 -0.204576 0.0805713 253.726 -0.196813 -0.649125 0.73478 -21.5624 0 0 0 1 
Seq_Frame0086_ForcepToReference-SequenceTransformStatus = OK
Seq_Frame0086_Timestamp = 10.3
Seq_Frame0087_ForcepToReference-SequenceTransform =-0.0911167 -0.736411 -0.67037 7.15264 0.973105 -0.208862 0.0971729 250.79 -0.211574 -0.643487 0.735636 -23.6912 0 0 0 1 
Seq_Frame0087_ForcepToReference-SequenceTransformStatus = OK
Seq_Frame0087_Timestamp = 10.418
Seq_Frame0088_ForcepToReference-SequenceTransform =-0.0462724 -0.750276 -0.659504 10.347 0.962707 -0.209669 0.170982 246.186 -0.266561 -0.626997 0.731997 -25.8206 0 0 0 1 
Seq_Frame0088_ForcepToReference-SequenceTransformStatus = OK
Seq_Frame0088_Timestamp = 10.532
Seq_Frame0089_ForcepToReference-SequenceTransform =-0.0788046 -0.756346 -0.649407 6.93418 0.954162 -0.245901 0.170608 241.746 -0.288728 -0.606195 0.741055 -32.1334 0 0 0 1 
Seq_Frame0089_ForcepToReference-SequenceTransformStatus = OK
Seq_Frame0089_Timestamp = 10.635
Seq_Frame0090_ForcepToReference-SequenceTransform =-0.0791476 -0.817056 -0.571099 -0.770788 0.949245 -0.236721 0.207116 232.276 -0.304417 -0.52572 0.794323 -44.795 0 0 0 1 
Seq_Frame0090_ForcepToReference-SequenceTransformStatus = OK
Seq_Frame0090_Timestamp = 10.747
Seq_Frame0091_ForcepToReference-SequenceTransform =0.159466 -0.774249 -0.612461 -1.55996 0.898185 -0.143667 0.415479 194.356 -0.409675 -0.616358 0.672509 -52.1393 0 0 0 1 
Seq_Frame0091_ForcepToReference-SequenceTransformStatus = OK
Seq_Frame0091_Timestamp = 10.937
Seq_Frame0092_ForcepToReference-SequenceTransform =0.218069 -0.750831 -0.623456 0.551482 0.849731 -0.168127 0.499691 179.008 -0.480004 -0.638737 0.601341 -45.1231 0 0 0 1 
Seq_Frame0092_ForcepToReference-SequenceTransformStatus = OK
Seq_Frame0092_Timestamp = 11.044
Seq_Frame0093_ForcepToReference-SequenceTransform =0.0697958 -0.740323 -0.668618 -1.27457 0.849922 -0.306774 0.428395 194.545 -0.522266 -0.598174 0.607805 -31.3597 0 0 0 1 
Seq_Frame0093_ForcepToReference-SequenceTransformStatus = OK
Seq_Frame0093_Timestamp = 11.157
Seq_Frame0094_ForcepToReference-SequenceTransform =-0.425629 0.480788 0.766605 -7.01179 -0.434595 0.634463 -0.639205 216.763 -0.793705 -0.605227 -0.0610982 -32.017 0 0 0 1 
Seq_Frame0094_ForcepToReference-SequenceTransformStatus = OK
Seq_Frame0094_Timestamp = 11.369
Seq_Frame0095_ForcepToReference-SequenceTransform =0.0587987 -0.784261 -0.617638 -2.43405 0.930963 -0.180258 0.317513 217.638 -0.360347 -0.593668 0.719519 -23.5399 0 0 0 1 
Seq_Frame0095_ForcepToReference-SequenceTransformStatus = OK
Seq_Frame0095_Timestamp = 11.938
Seq_Frame0096_ForcepToReference-SequenceTransform =-0.0354053 -0.740888 -0.670695 0.768712 0.939723 -0.25307 0.229949 225.737 -0.340099 -0.622126 0.705189 -28.0581 0 0 0 1 
Seq_Frame0096_ForcepToReference-SequenceTransformStatus = OK
Seq_Frame0096_Timestamp = 12.589
Seq_Frame0097_ForcepToReference-SequenceTransform =-0.0746687 -0.704038 -0.706226 -1.15443 0.95822 -0.246748 0.144672 240.201 -0.276115 -0.665917 0.693048 -36.4176 0 0 0 1 
Seq_Frame0097_ForcepToReference-SequenceTransformStatus = OK
Seq_Frame0097_Timestamp = 12.689
Seq_Frame0098_ForcepToReference-SequenceTransform =-0.129721 -0.765385 -0.630363 -5.29656 0.98246 -0.0133296 -0.185994 271.102 0.133954 -0.643434 0.75369 9.59865 0 0 0 1 
Seq_Frame0098_ForcepToReference-SequenceTransformStatus = OK
Seq_Frame0098_Timestamp = 12.856
Seq_Frame0099_ForcepToReference-SequenceTransform =-0.24065 -0.77288 -0.587149 -13.9246 0.886681 0.0710145 -0.456895 289.284 0.394821 -0.630565 0.668209 34.4252 0 0 0 1 
Seq_Frame0099_ForcepToReference-SequenceTransformStatus = OK
Seq_Frame0099_Timestamp = 12.956
Seq_Frame0100_ForcepToReference-SequenceTransform =-0.295015 -0.765026 -0.572452 -19.4187 0.816265 0.109634 -0.567179 296.811 0.496667 -0.634599 0.59212 52.2649 0 0 0 1 
Seq_Frame0100_ForcepToReference-SequenceTransformStatus = OK
Seq_Frame0100_Timestamp = 13.057
Seq_Frame0101_ForcepToReference-SequenceTransform =-0.327345 -0.790831 -0.517138 -25.065 0.745228 0.120402 -0.655849 299.718 0.58093 -0.600075 0.549937 65.2444 0 0 0 1 
Seq_Frame0101_ForcepToReference-SequenceTransformStatus = OK
Seq_Frame0101_Timestamp = 13.181
Seq_Frame0102_ForcepToReference-SequenceTransform =-0.332471 -0.791904 -0.512202 -26.277 0.742642 0.114937 -0.659751 299.888 0.581331 -0.599731 0.549888 70.3507 0 0 0 1 
Seq_Frame0102_ForcepToReference-SequenceTransformStatus = OK
Seq_Frame0102_Timestamp = 13.281
Seq_Frame0103_ForcepToReference-SequenceTransform =-0.338579 -0.805633 -0.486126 -28.8274 0.708826 0.12139 -0.69486 298.605 0.618814 -0.579844 0.529953 72.5564 0 0 0 1 
Seq_Frame0103_ForcepToReference-SequenceTransformStatus = OK
Seq_Frame0103_Timestamp = 13.404
Seq_Frame0104_ForcepToReference-SequenceTransform =-0.363859 -0.797611 -0.481065 -30.1786 0.677506 0.127798 -0.72433 297.922 0.639212 -0.589478 0.493885 72.2011 0 0 0 1 
Seq_Frame0104_ForcepToReference-SequenceTransformStatus = OK
Seq_Frame0104_Timestamp = 13.517
Seq_Frame0105_ForcepToReference-SequenceTransform =-0.356586 -0.800284 -0.482071 -29.2103 0.696894 0.115819 -0.707761 297.818 0.622242 -0.58833 0.516413 74.2268 0 0 0 1 
Seq_Frame0105_ForcepToReference-SequenceTransformStatus = OK
Seq_Frame0105_Timestamp = 13.629
Seq_Frame0106_ForcepToReference-SequenceTransform =-0.362123 -0.800544 -0.477489 -28.9363 0.679332 0.1241 -0.723261 298.455 0.638259 -0.586283 0.498896 76.549 0 0 0 1 
Seq_Frame0106_ForcepToReference-SequenceTransformStatus = OK
Seq_Frame0106_Timestamp = 13.737
Seq_Frame0107_ForcepToReference-SequenceTransform =-0.356353 -0.802117 -0.479187 -28.9108 0.689067 0.120755 -0.714566 298.304 0.63103 -0.58483 0.509681 75.9235 0 0 0 1 
Seq_Frame0107_ForcepToReference-SequenceTransformStatus = OK
Seq_Frame0107_Timestamp = 13.844
Seq_Frame0108_ForcepToReference-SequenceTransform =-0.354279 -0.799424 -0.485188 -28.6492 0.695514 0.121566 -0.708154 298.473 0.625098 -0.588339 0.512942 75.8086 0 0 0 1 
Seq_Frame0108_ForcepToReference-SequenceTransformStatus = OK
Seq_Frame0108_Timestamp = 13.953
Seq_Frame0109_ForcepToReference-SequenceTransform =-0.355592 -0.794487 -0.492285 -27.7771 0.701712 0.12098 -0.702114 299.179 0.617377 -0.595109 0.514481 76.6028 0 0 0 1 
Seq_Frame0109_ForcepToReference-SequenceTransformStatus = OK
Seq_Frame0109_Timestamp = 14.078
Seq_Frame0110_ForcepToReference-SequenceTransform =-0.359916 -0.776434 -0.517311 -26.3309 0.715558 0.126081 -0.687081 299.642 0.598696 -0.617457 0.510205 77.4756 0 0 0 1 
Seq_Frame0110_ForcepToReference-SequenceTransformStatus = OK
Seq_Frame0110_Timestamp = 14.208
Seq_Frame0111_ForcepToReference-SequenceTransform =-0.353349 -0.776038 -0.522407 -25.6849 0.745028 0.104278 -0.658832 298.843 0.565754 -0.622006 0.541323 75.2474 0 0 0 1 
Seq_Frame0111_ForcepToReference-SequenceTransformStatus = OK
Seq_Frame0111_Timestamp = 14.331
Seq_Frame0112_ForcepToReference-SequenceTransform =-0.368932 -0.764837 -0.528123 -25.8458 0.766362 0.0711866 -0.638453 296.349 0.525908 -0.640279 0.559879 68.606 0 0 0 1 
Seq_Frame0112_ForcepToReference-SequenceTransformStatus = OK
Seq_Frame0112_Timestamp = 14.458
Seq_Frame0113_ForcepToReference-SequenceTransform =-0.443801 -0.766552 -0.464153 -34.2962 0.777314 -0.071573 -0.625028 288.195 0.445895 -0.638181 0.627616 49.2525 0 0 0 1 
Seq_Frame0113_ForcepToReference-SequenceTransformStatus = OK
Seq_Frame0113_Timestamp = 14.58
Seq_Frame0114_ForcepToReference-SequenceTransform =-0.293069 -0.809166 -0.509275 -27.592 0.953491 -0.286614 -0.09331 251.999 -0.070462 -0.512936 0.85553 -6.63445 0 0 0 1 
Seq_Frame0114_ForcepToReference-SequenceTransformStatus = OK
Seq_Frame0114_Timestamp = 14.701
Seq_Frame0115_ForcepToReference-SequenceTransform =0.334609 -0.697048 -0.634161 21.0304 0.681864 -0.285415 0.673498 167.208 -0.650459 -0.657771 0.37979 -24.1354 0 0 0 1 
Seq_Frame0115_ForcepToReference-SequenceTransformStatus = OK
Seq_Frame0115_Timestamp = 14.855
Seq_Frame0116_ForcepToReference-SequenceTransform =0.20108 -0.412187 -0.888633 47.7255 0.689367 -0.584956 0.427318 157.339 -0.695946 -0.698519 0.166525 5.59054 0 0 0 1 
Seq_Frame0116_ForcepToReference-SequenceTransformStatus = OK
Seq_Frame0116_Timestamp = 15.646
Seq_Frame0117_ForcepToReference-SequenceTransform =0.320848 -0.428268 -0.844774 52.8903 0.569299 -0.625619 0.533385 153.015 -0.756938 -0.652065 0.0430841 10.521 0 0 0 1 
Seq_Frame0117_ForcepToReference-SequenceTransformStatus = OK
Seq_Frame0117_Timestamp = 15.783
Seq_Frame0118_ForcepToReference-SequenceTransform =0.127968 -0.450522 -0.883546 42.3107 0.427125 -0.778986 0.459069 157.595 -0.895091 -0.436131 0.0927445 8.01271 0 0 0 1 
Seq_Frame0118_ForcepToReference-SequenceTransformStatus = OK
Seq_Frame0118_Timestamp = 15.935
Seq_Frame0119_ForcepToReference-SequenceTransform =0.00152839 -0.468753 -0.883328 33.0643 0.399208 -0.809603 0.43032 169.372 -0.916859 -0.35329 0.185893 3.83595 0 0 0 1 
Seq_Frame0119_ForcepToReference-SequenceTransformStatus = OK
Seq_Frame0119_Timestamp = 16.087
Seq_Frame0120_ForcepToReference-SequenceTransform =-0.107638 -0.484327 -0.86824 22.2988 0.452483 -0.801487 0.390995 174.633 -0.885253 -0.350778 0.305421 -1.263 0 0 0 1 
Seq_Frame0120_ForcepToReference-SequenceTransformStatus = OK
Seq_Frame0120_Timestamp = 16.195
Seq_Frame0121_ForcepToReference-SequenceTransform =-0.186122 -0.50728 -0.841442 16.8622 0.491863 -0.789474 0.367153 178.069 -0.850546 -0.345539 0.396451 -4.97695 0 0 0 1 
Seq_Frame0121_ForcepToReference-SequenceTransformStatus = OK
Seq_Frame0121_Timestamp = 16.296
Seq_Frame0122_ForcepToReference-SequenceTransform =-0.172677 -0.494803 -0.851677 18.0885 0.496371 -0.790558 0.358655 178.961 -0.850763 -0.360816 0.382117 -5.34704 0 0 0 1 
Seq_Frame0122_ForcepToReference-SequenceTransformStatus = OK
Seq_Frame0122_Timestamp = 16.407
Seq_Frame0123_ForcepToReference-SequenceTransform =-0.14592 -0.477847 -0.866238 20.08 0.491257 -0.795026 0.35581 180.031 -0.858705 -0.373625 0.350756 -6.30058 0 0 0 1 
Seq_Frame0123_ForcepToReference-SequenceTransformStatus = OK
Seq_Frame0123_Timestamp = 16.531
Seq_Frame0124_ForcepToReference-SequenceTransform =-0.124916 -0.475268 -0.870928 23.688 0.486875 -0.79421 0.363571 180.812 -0.864493 -0.378618 0.330605 -4.54743 0 0 0 1 
Seq_Frame0124_ForcepToReference-SequenceTransformStatus = OK
Seq_Frame0124_Timestamp = 16.652
Seq_Frame0125_ForcepToReference-SequenceTransform =-0.120514 -0.476687 -0.870773 22.7442 0.488294 -0.792182 0.366084 179.723 -0.864318 -0.381075 0.328232 -6.31554 0 0 0 1 
Seq_Frame0125_ForcepToReference-SequenceTransformStatus = OK
Seq_Frame0125_Timestamp = 16.757
Seq_Frame0126_ForcepToReference-SequenceTransform =-0.116648 -0.468085 -0.875951 23.8077 0.497142 -0.791044 0.356511 180.331 -0.859792 -0.393886 0.324978 -5.31978 0 0 0 1 
Seq_Frame0126_ForcepToReference-SequenceTransformStatus = OK
Seq_Frame0126_Timestamp = 16.861
Seq_Frame0127_ForcepToReference-SequenceTransform =-0.111755 -0.454439 -0.88374 25.8463 0.496845 -0.79573 0.346352 181.428 -0.860614 -0.400375 0.314712 -3.28457 0 0 0 1 
Seq_Frame0127_ForcepToReference-SequenceTransformStatus = OK
Seq_Frame0127_Timestamp = 16.962
Seq_Frame0128_ForcepToReference-SequenceTransform =-0.122768 -0.440707 -0.889216 27.08 0.506047 -0.79856 0.32591 183.701 -0.853724 -0.409974 0.321056 -2.14633 0 0 0 1 
Seq_Frame0128_ForcepToReference-SequenceTransformStatus = OK
Seq_Frame0128_Timestamp = 17.063
Seq_Frame0129_ForcepToReference-SequenceTransform =-0.111499 -0.423794 -0.89887 28.2028 0.554684 -0.777039 0.297549 188.578 -0.824557 -0.465412 0.32171 -3.29217 0 0 0 1 
Seq_Frame0129_ForcepToReference-SequenceTransformStatus = OK
Seq_Frame0129_Timestamp = 17.18
Seq_Frame0130_ForcepToReference-SequenceTransform =-0.0957564 -0.43915 -0.893296 29.474 0.571121 -0.759248 0.31203 191.231 -0.815262 -0.480301 0.323511 -3.83982 0 0 0 1 
Seq_Frame0130_ForcepToReference-SequenceTransformStatus = OK
Seq_Frame0130_Timestamp = 17.285
Seq_Frame0131_ForcepToReference-SequenceTransform =-0.0901422 -0.466527 -0.879902 29.1496 0.602661 -0.728932 0.324742 193.432 -0.79289 -0.501009 0.346865 -6.33492 0 0 0 1 
Seq_Frame0131_ForcepToReference-SequenceTransformStatus = OK
Seq_Frame0131_Timestamp = 17.402
Seq_Frame0132_ForcepToReference-SequenceTransform =-0.121082 -0.512888 -0.849874 24.7778 0.666868 -0.676216 0.313079 200.395 -0.735273 -0.528845 0.423906 -12.2617 0 0 0 1 
Seq_Frame0132_ForcepToReference-SequenceTransformStatus = OK
Seq_Frame0132_Timestamp = 17.528
Seq_Frame0133_ForcepToReference-SequenceTransform =-0.144288 -0.57008 -0.80882 18.658 0.744768 -0.600745 0.290561 212.455 -0.651538 -0.560459 0.511258 -15.5019 0 0 0 1 
Seq_Frame0133_ForcepToReference-SequenceTransformStatus = OK
Seq_Frame0133_Timestamp = 17.633
Seq_Frame0134_ForcepToReference-SequenceTransform =-0.138158 -0.652592 -0.745008 10.9443 0.84488 -0.470176 0.255173 228.949 -0.516808 -0.594188 0.61632 -15.9952 0 0 0 1 
Seq_Frame0134_ForcepToReference-SequenceTransformStatus = OK
Seq_Frame0134_Timestamp = 17.743
Seq_Frame0135_ForcepToReference-SequenceTransform =-0.0098992 -0.7477 -0.663963 15.9986 0.910536 -0.281191 0.303078 237.499 -0.413312 -0.601562 0.683591 -4.75668 0 0 0 1 
Seq_Frame0135_ForcepToReference-SequenceTransformStatus = OK
Seq_Frame0135_Timestamp = 19.074
Seq_Frame0136_ForcepToReference-SequenceTransform =0.00234276 -0.718331 -0.695698 18.3238 0.915253 -0.27874 0.29089 233.42 -0.402874 -0.637421 0.656801 -5.32676 0 0 0 1 
Seq_Frame0136_ForcepToReference-SequenceTransformStatus = OK
Seq_Frame0136_Timestamp = 19.176
Seq_Frame0137_ForcepToReference-SequenceTransform =0.00768956 -0.702282 -0.711858 20.5173 0.914671 -0.282757 0.288834 228.737 -0.404125 -0.653337 0.640183 -5.37616 0 0 0 1 
Seq_Frame0137_ForcepToReference-SequenceTransformStatus = OK
Seq_Frame0137_Timestamp = 19.287
Seq_Frame0138_ForcepToReference-SequenceTransform =0.0041418 -0.679212 -0.733931 21.176 0.912749 -0.297249 0.280238 224.61 -0.408501 -0.671055 0.618718 -8.47202 0 0 0 1 
Seq_Frame0138_ForcepToReference-SequenceTransformStatus = OK
Seq_Frame0138_Timestamp = 19.411
Seq_Frame0139_ForcepToReference-SequenceTransform =-0.0533449 -0.735714 -0.675188 15.9266 0.965441 -0.210732 0.153346 229.046 -0.255103 -0.643674 0.72153 -8.26405 0 0 0 1 
Seq_Frame0139_ForcepToReference-SequenceTransformStatus = OK
Seq_Frame0139_Timestamp = 19.828
Seq_Frame0140_ForcepToReference-SequenceTransform =-0.164905 0.542085 0.823984 15.3983 -0.4716 0.690399 -0.548583 229.529 -0.866256 -0.479055 0.141797 -14.2826 0 0 0 1 
Seq_Frame0140_ForcepToReference-SequenceTransformStatus = OK
Seq_Frame0140_Timestamp = 19.935
Seq_Frame0141_ForcepToReference-SequenceTransform =-0.0710265 -0.677809 -0.731799 16.4877 0.919824 -0.328302 0.214805 232.403 -0.385848 -0.65787 0.646783 -10.4509 0 0 0 1 
Seq_Frame0141_ForcepToReference-SequenceTransformStatus = OK
Seq_Frame0141_Timestamp = 20.124
Seq_Frame0142_ForcepToReference-SequenceTransform =0.0267509 0.530956 0.846977 23.6537 -0.475398 0.752092 -0.456459 227.879 -0.879364 -0.390441 0.272534 -15.3066 0 0 0 1 
Seq_Frame0142_ForcepToReference-SequenceTransformStatus = OK
Seq_Frame0142_Timestamp = 20.405
Seq_Frame0143_ForcepToReference-SequenceTransform =-0.0697285 0.465272 0.882417 23.6035 -0.604177 0.684182 -0.408491 223.718 -0.793793 -0.56162 0.2334 -19.9938 0 0 0 1 
Seq_Frame0143_ForcepToReference-SequenceTransformStatus = OK
Seq_Frame0143_Timestamp = 20.512
Seq_Frame0144_ForcepToReference-SequenceTransform =-0.120103 0.404208 0.906748 23.8695 -0.680931 0.631111 -0.371527 220.475 -0.722433 -0.662054 0.199439 -25.1756 0 0 0 1 
Seq_Frame0144_ForcepToReference-SequenceTransformStatus = OK
Seq_Frame0144_Timestamp = 20.642
Seq_Frame0145_ForcepToReference-SequenceTransform =-0.0127043 0.493745 0.869514 26.2386 -0.63218 0.66977 -0.389559 219.469 -0.774718 -0.554638 0.303627 -19.7695 0 0 0 1 
Seq_Frame0145_ForcepToReference-SequenceTransformStatus = OK
Seq_Frame0145_Timestamp = 20.788
Seq_Frame0146_ForcepToReference-SequenceTransform =0.0159488 0.515358 0.856826 28.0085 -0.615099 0.680655 -0.397947 219.302 -0.788289 -0.520686 0.327852 -17.5706 0 0 0 1 
Seq_Frame0146_ForcepToReference-SequenceTransformStatus = OK
Seq_Frame0146_Timestamp = 20.907
Seq_Frame0147_ForcepToReference-SequenceTransform =0.944571 -0.234848 0.229415 40.2118 0.327583 0.627847 -0.706044 264.763 0.0217752 0.742061 0.669978 169.351 0 0 0 1 
Seq_Frame0147_ForcepToReference-SequenceTransformStatus = OK
Seq_Frame0147_Timestamp = 21.023
Seq_Frame0148_ForcepToReference-SequenceTransform =0.0148347 0.511121 0.859381 28.6811 -0.622944 0.677016 -0.391906 220.173 -0.782126 -0.529532 0.328443 -18.1609 0 0 0 1 
Seq_Frame0148_ForcepToReference-SequenceTransformStatus = OK
Seq_Frame0148_Timestamp = 21.131
Seq_Frame0149_ForcepToReference-SequenceTransform =-0.0560567 -0.552142 -0.831863 30.6767 0.804548 -0.518358 0.28984 221.839 -0.591236 -0.653027 0.473283 -12.7093 0 0 0 1 
Seq_Frame0149_ForcepToReference-SequenceTransformStatus = OK
Seq_Frame0149_Timestamp = 21.248
