ObjectType = Image
NDims = 3
AnatomicalOrientation = RAI
BinaryData = True
CompressedData = False
DimSize = 0 0 1628
ElementSpacing = 1 1 1
Offset = 0 0 0
TransformMatrix = 1 0 0 0 1 0 0 0 1
ElementType = MET_UCHAR
Kinds = domain domain list
Seq_Frame0000_DriverToReference-SequenceTransform =-0.77864 -0.618602 0.105128 144.958 -0.253366 0.463239 0.849244 17.3465 -0.574043 0.634619 -0.517429 33.1669 0 0 0 1 
Seq_Frame0000_DriverToReference-SequenceTransformStatus = OK
Seq_Frame0000_Timestamp = 0.00500011
Seq_Frame0001_DriverToReference-SequenceTransform =-0.778868 -0.618018 0.106855 144.97 -0.251902 0.464275 0.849114 17.2139 -0.574378 0.634431 -0.517289 33.2589 0 0 0 1 
Seq_Frame0001_DriverToReference-SequenceTransformStatus = OK
Seq_Frame0001_Timestamp = 0.116
Seq_Frame0002_DriverToReference-SequenceTransform =-0.780078 -0.616763 0.105269 145.003 -0.254385 0.46635 0.847234 17.2568 -0.571635 0.63413 -0.520685 33.2695 0 0 0 1 
Seq_Frame0002_DriverToReference-SequenceTransformStatus = OK
Seq_Frame0002_Timestamp = 0.217
Seq_Frame0003_DriverToReference-SequenceTransform =-0.778967 -0.618194 0.105103 144.927 -0.254434 0.464791 0.848076 17.3272 -0.573126 0.633881 -0.519346 33.188 0 0 0 1 
Seq_Frame0003_DriverToReference-SequenceTransformStatus = OK
Seq_Frame0003_Timestamp = 0.329
Seq_Frame0004_DriverToReference-SequenceTransform =-0.779598 -0.617337 0.105458 144.982 -0.25108 0.462347 0.850408 16.8122 -0.573747 0.636499 -0.515446 33.5578 0 0 0 1 
Seq_Frame0004_DriverToReference-SequenceTransformStatus = OK
Seq_Frame0004_Timestamp = 0.437
Seq_Frame0005_DriverToReference-SequenceTransform =-0.780692 -0.616343 0.103152 145.015 -0.256985 0.467104 0.846033 17.4668 -0.56963 0.633983 -0.523056 33.1362 0 0 0 1 
Seq_Frame0005_DriverToReference-SequenceTransformStatus = OK
Seq_Frame0005_Timestamp = 0.543
Seq_Frame0006_DriverToReference-SequenceTransform =-0.77932 -0.618056 0.103282 144.977 -0.255932 0.464392 0.847844 17.5519 -0.571978 0.634308 -0.52009 33.0514 0 0 0 1 
Seq_Frame0006_DriverToReference-SequenceTransformStatus = OK
Seq_Frame0006_Timestamp = 0.652
Seq_Frame0007_DriverToReference-SequenceTransform =-0.778282 -0.619034 0.105231 144.952 -0.253585 0.463179 0.849211 17.5442 -0.574432 0.634241 -0.517462 32.75 0 0 0 1 
Seq_Frame0007_DriverToReference-SequenceTransformStatus = OK
Seq_Frame0007_Timestamp = 0.752
Seq_Frame0008_DriverToReference-SequenceTransform =-0.778345 -0.618555 0.107561 144.992 -0.251874 0.464566 0.848963 17.4494 -0.575099 0.633694 -0.517391 32.8832 0 0 0 1 
Seq_Frame0008_DriverToReference-SequenceTransformStatus = OK
Seq_Frame0008_Timestamp = 0.854
Seq_Frame0009_DriverToReference-SequenceTransform =-0.77937 -0.617778 0.104559 144.969 -0.254051 0.464122 0.848557 17.3521 -0.572748 0.634777 -0.51867 33.0459 0 0 0 1 
Seq_Frame0009_DriverToReference-SequenceTransformStatus = OK
Seq_Frame0009_Timestamp = 0.961
Seq_Frame0010_DriverToReference-SequenceTransform =-0.777534 -0.619531 0.10781 144.946 -0.250041 0.461895 0.85096 17.3564 -0.576993 0.634693 -0.514047 32.8576 0 0 0 1 
Seq_Frame0010_DriverToReference-SequenceTransformStatus = OK
Seq_Frame0010_Timestamp = 1.069
Seq_Frame0011_DriverToReference-SequenceTransform =-0.776645 -0.620214 0.11026 144.923 -0.248683 0.462683 0.85093 17.313 -0.578774 0.63345 -0.513577 33.0476 0 0 0 1 
Seq_Frame0011_DriverToReference-SequenceTransformStatus = OK
Seq_Frame0011_Timestamp = 1.17
Seq_Frame0012_DriverToReference-SequenceTransform =-0.777285 -0.619291 0.110937 144.953 -0.248375 0.464055 0.850272 17.2713 -0.578047 0.63335 -0.514519 33.1824 0 0 0 1 
Seq_Frame0012_DriverToReference-SequenceTransformStatus = OK
Seq_Frame0012_Timestamp = 1.271
Seq_Frame0013_DriverToReference-SequenceTransform =-0.780285 -0.616634 0.10449 144.998 -0.251756 0.462616 0.850062 17.3827 -0.572515 0.636985 -0.516214 33.2 0 0 0 1 
Seq_Frame0013_DriverToReference-SequenceTransformStatus = OK
Seq_Frame0013_Timestamp = 1.379
Seq_Frame0014_DriverToReference-SequenceTransform =-0.745962 -0.657882 0.103595 143.644 -0.268532 0.439463 0.857183 17.7016 -0.609451 0.611608 -0.504485 33.6903 0 0 0 1 
Seq_Frame0014_DriverToReference-SequenceTransformStatus = OK
Seq_Frame0014_Timestamp = 1.48
Seq_Frame0015_DriverToReference-SequenceTransform =-0.751098 -0.6516 0.106159 141.979 -0.272738 0.452692 0.848931 16.3604 -0.601221 0.608677 -0.517732 30.8543 0 0 0 1 
Seq_Frame0015_DriverToReference-SequenceTransformStatus = OK
Seq_Frame0015_Timestamp = 1.58
Seq_Frame0016_DriverToReference-SequenceTransform =-0.893145 -0.449133 0.0238917 136.285 -0.270595 0.579018 0.769101 15.7467 -0.359262 0.680454 -0.63868 22.7878 0 0 0 1 
Seq_Frame0016_DriverToReference-SequenceTransformStatus = OK
Seq_Frame0016_Timestamp = 1.681
Seq_Frame0017_DriverToReference-SequenceTransform =-0.891376 -0.453022 0.0147894 137.382 -0.295829 0.606182 0.738261 19.8486 -0.343414 0.653693 -0.674353 20.7935 0 0 0 1 
Seq_Frame0017_DriverToReference-SequenceTransformStatus = OK
Seq_Frame0017_Timestamp = 1.783
Seq_Frame0018_DriverToReference-SequenceTransform =-0.892028 -0.451434 -0.0222314 139.529 -0.344501 0.647242 0.679997 25.4014 -0.292585 0.614235 -0.732877 19.6978 0 0 0 1 
Seq_Frame0018_DriverToReference-SequenceTransformStatus = OK
Seq_Frame0018_Timestamp = 1.885
Seq_Frame0019_DriverToReference-SequenceTransform =-0.899676 -0.404157 -0.165045 143.19 -0.40282 0.622803 0.670711 32.5516 -0.168282 0.669906 -0.723123 15.7788 0 0 0 1 
Seq_Frame0019_DriverToReference-SequenceTransformStatus = OK
Seq_Frame0019_Timestamp = 1.986
Seq_Frame0020_DriverToReference-SequenceTransform =-0.890902 -0.386823 -0.238037 145.9 -0.44212 0.618534 0.649573 37.8181 -0.104036 0.683947 -0.722076 15.0641 0 0 0 1 
Seq_Frame0020_DriverToReference-SequenceTransformStatus = OK
Seq_Frame0020_Timestamp = 2.087
Seq_Frame0021_DriverToReference-SequenceTransform =-0.869967 -0.381881 -0.311967 145.931 -0.491718 0.624328 0.606983 42.3161 -0.0370257 0.681455 -0.730922 13.3257 0 0 0 1 
Seq_Frame0021_DriverToReference-SequenceTransformStatus = OK
Seq_Frame0021_Timestamp = 2.188
Seq_Frame0022_DriverToReference-SequenceTransform =-0.833547 -0.371979 -0.408449 143.228 -0.551551 0.602464 0.576913 49.4816 0.0314766 0.706165 -0.707348 10.6793 0 0 0 1 
Seq_Frame0022_DriverToReference-SequenceTransformStatus = OK
Seq_Frame0022_Timestamp = 2.295
Seq_Frame0023_DriverToReference-SequenceTransform =-0.81854 -0.368879 -0.440365 141.888 -0.573254 0.573961 0.584764 58.2921 0.0370454 0.731093 -0.681271 8.04344 0 0 0 1 
Seq_Frame0023_DriverToReference-SequenceTransformStatus = OK
Seq_Frame0023_Timestamp = 2.397
Seq_Frame0024_DriverToReference-SequenceTransform =-0.758734 -0.375583 -0.532222 139.078 -0.641067 0.575483 0.507791 72.3202 0.115567 0.726469 -0.677412 6.67869 0 0 0 1 
Seq_Frame0024_DriverToReference-SequenceTransformStatus = OK
Seq_Frame0024_Timestamp = 2.498
Seq_Frame0025_DriverToReference-SequenceTransform =-0.773796 -0.397487 -0.493197 135.332 -0.631403 0.546319 0.550333 88.8413 0.050693 0.737252 -0.673714 1.70016 0 0 0 1 
Seq_Frame0025_DriverToReference-SequenceTransformStatus = OK
Seq_Frame0025_Timestamp = 2.601
Seq_Frame0026_DriverToReference-SequenceTransform =-0.801702 -0.346008 -0.487393 130.531 -0.596545 0.514344 0.616104 104.495 0.0375104 0.784684 -0.61876 -5.02248 0 0 0 1 
Seq_Frame0026_DriverToReference-SequenceTransformStatus = OK
Seq_Frame0026_Timestamp = 2.709
Seq_Frame0027_DriverToReference-SequenceTransform =-0.623404 -0.345452 -0.701449 130.128 -0.729276 0.580442 0.362276 113.529 0.282002 0.737394 -0.613779 -3.82021 0 0 0 1 
Seq_Frame0027_DriverToReference-SequenceTransformStatus = OK
Seq_Frame0027_Timestamp = 2.811
Seq_Frame0028_DriverToReference-SequenceTransform =-0.68881 -0.322067 -0.649472 127.035 -0.695795 0.545194 0.467582 127.252 0.203496 0.773974 -0.599628 -7.1959 0 0 0 1 
Seq_Frame0028_DriverToReference-SequenceTransformStatus = OK
Seq_Frame0028_Timestamp = 2.929
Seq_Frame0029_DriverToReference-SequenceTransform =-0.68881 -0.322067 -0.649472 127.035 -0.695795 0.545194 0.467582 127.252 0.203496 0.773974 -0.599628 -7.1959 0 0 0 1 
Seq_Frame0029_DriverToReference-SequenceTransformStatus = OK
Seq_Frame0029_Timestamp = 3.035
Seq_Frame0030_DriverToReference-SequenceTransform =-0.68881 -0.322067 -0.649472 127.035 -0.695795 0.545194 0.467582 127.252 0.203496 0.773974 -0.599628 -7.1959 0 0 0 1 
Seq_Frame0030_DriverToReference-SequenceTransformStatus = OK
Seq_Frame0030_Timestamp = 3.143
Seq_Frame0031_DriverToReference-SequenceTransform =-0.43712 -0.391721 -0.809618 114.723 -0.878639 0.378293 0.291354 153.862 0.192144 0.838719 -0.509541 -5.09658 0 0 0 1 
Seq_Frame0031_DriverToReference-SequenceTransformStatus = OK
Seq_Frame0031_Timestamp = 3.246
Seq_Frame0032_DriverToReference-SequenceTransform =-0.298145 -0.376419 -0.877165 107.239 -0.905896 0.401148 0.135765 163.88 0.300768 0.835098 -0.460597 1.15731 0 0 0 1 
Seq_Frame0032_DriverToReference-SequenceTransformStatus = OK
Seq_Frame0032_Timestamp = 3.352
Seq_Frame0033_DriverToReference-SequenceTransform =-0.25542 -0.457586 -0.85169 97.4847 -0.908366 0.415257 0.0493124 170.066 0.331106 0.786242 -0.52172 9.5572 0 0 0 1 
Seq_Frame0033_DriverToReference-SequenceTransformStatus = OK
Seq_Frame0033_Timestamp = 3.452
Seq_Frame0034_DriverToReference-SequenceTransform =-0.25542 -0.457586 -0.85169 97.4847 -0.908366 0.415257 0.0493124 170.066 0.331106 0.786242 -0.52172 9.5572 0 0 0 1 
Seq_Frame0034_DriverToReference-SequenceTransformStatus = OK
Seq_Frame0034_Timestamp = 3.556
Seq_Frame0035_DriverToReference-SequenceTransform =-0.25542 -0.457586 -0.85169 97.4847 -0.908366 0.415257 0.0493124 170.066 0.331106 0.786242 -0.52172 9.5572 0 0 0 1 
Seq_Frame0035_DriverToReference-SequenceTransformStatus = OK
Seq_Frame0035_Timestamp = 3.668
Seq_Frame0036_DriverToReference-SequenceTransform =-0.25542 -0.457586 -0.85169 97.4847 -0.908366 0.415257 0.0493124 170.066 0.331106 0.786242 -0.52172 9.5572 0 0 0 1 
Seq_Frame0036_DriverToReference-SequenceTransformStatus = OK
Seq_Frame0036_Timestamp = 3.769
Seq_Frame0037_DriverToReference-SequenceTransform =-0.25542 -0.457586 -0.85169 97.4847 -0.908366 0.415257 0.0493124 170.066 0.331106 0.786242 -0.52172 9.5572 0 0 0 1 
Seq_Frame0037_DriverToReference-SequenceTransformStatus = OK
Seq_Frame0037_Timestamp = 3.878
Seq_Frame0038_DriverToReference-SequenceTransform =-0.25542 -0.457586 -0.85169 97.4847 -0.908366 0.415257 0.0493124 170.066 0.331106 0.786242 -0.52172 9.5572 0 0 0 1 
Seq_Frame0038_DriverToReference-SequenceTransformStatus = OK
Seq_Frame0038_Timestamp = 3.987
Seq_Frame0039_DriverToReference-SequenceTransform =-0.25542 -0.457586 -0.85169 97.4847 -0.908366 0.415257 0.0493124 170.066 0.331106 0.786242 -0.52172 9.5572 0 0 0 1 
Seq_Frame0039_DriverToReference-SequenceTransformStatus = OK
Seq_Frame0039_Timestamp = 4.094
Seq_Frame0040_DriverToReference-SequenceTransform =-0.25542 -0.457586 -0.85169 97.4847 -0.908366 0.415257 0.0493124 170.066 0.331106 0.786242 -0.52172 9.5572 0 0 0 1 
Seq_Frame0040_DriverToReference-SequenceTransformStatus = OK
Seq_Frame0040_Timestamp = 4.195
Seq_Frame0041_DriverToReference-SequenceTransform =0.114362 -0.488032 -0.865301 89.2859 -0.959392 0.171821 -0.223705 231.469 0.257852 0.855747 -0.448565 65.2398 0 0 0 1 
Seq_Frame0041_DriverToReference-SequenceTransformStatus = OK
Seq_Frame0041_Timestamp = 4.295
Seq_Frame0042_DriverToReference-SequenceTransform =0.0612386 -0.438278 -0.896751 86.6047 -0.971329 0.180608 -0.154602 240.165 0.229719 0.880507 -0.414651 75.5892 0 0 0 1 
Seq_Frame0042_DriverToReference-SequenceTransformStatus = OK
Seq_Frame0042_Timestamp = 4.396
Seq_Frame0043_DriverToReference-SequenceTransform =0.0817106 -0.46654 -0.880718 83.2197 -0.973296 0.152847 -0.171267 248.686 0.214518 0.871193 -0.441592 87.5664 0 0 0 1 
Seq_Frame0043_DriverToReference-SequenceTransformStatus = OK
Seq_Frame0043_Timestamp = 4.503
Seq_Frame0044_DriverToReference-SequenceTransform =0.0873257 -0.495835 -0.864015 81.1435 -0.972005 0.147507 -0.18289 264.825 0.218131 0.855797 -0.469073 102.449 0 0 0 1 
Seq_Frame0044_DriverToReference-SequenceTransformStatus = OK
Seq_Frame0044_Timestamp = 4.611
Seq_Frame0045_DriverToReference-SequenceTransform =0.111515 -0.539394 -0.834636 74.6262 -0.960757 0.156141 -0.229274 281.108 0.25399 0.82745 -0.500815 117.472 0 0 0 1 
Seq_Frame0045_DriverToReference-SequenceTransformStatus = OK
Seq_Frame0045_Timestamp = 4.721
Seq_Frame0046_DriverToReference-SequenceTransform =0.0617923 -0.522934 -0.85013 72.8459 -0.963015 0.192577 -0.188456 282.236 0.262266 0.830333 -0.491694 119.881 0 0 0 1 
Seq_Frame0046_DriverToReference-SequenceTransformStatus = OK
Seq_Frame0046_Timestamp = 4.824
Seq_Frame0047_DriverToReference-SequenceTransform =0.0617923 -0.522934 -0.85013 72.8459 -0.963015 0.192577 -0.188456 282.236 0.262266 0.830333 -0.491694 119.881 0 0 0 1 
Seq_Frame0047_DriverToReference-SequenceTransformStatus = OK
Seq_Frame0047_Timestamp = 4.925
Seq_Frame0048_DriverToReference-SequenceTransform =0.531201 0.489385 0.691612 81.0338 -0.451502 0.85425 -0.257686 288.939 -0.716917 -0.175381 0.674738 155.767 0 0 0 1 
Seq_Frame0048_DriverToReference-SequenceTransformStatus = OK
Seq_Frame0048_Timestamp = 5.026
Seq_Frame0049_DriverToReference-SequenceTransform =0.546361 0.710941 0.442779 96.4384 -0.498616 0.700864 -0.510071 284.848 -0.672958 0.0579064 0.737411 169.312 0 0 0 1 
Seq_Frame0049_DriverToReference-SequenceTransformStatus = OK
Seq_Frame0049_Timestamp = 5.128
Seq_Frame0050_DriverToReference-SequenceTransform =0.549871 0.75497 0.357299 100.32 -0.515547 0.643343 -0.565969 282.968 -0.657156 0.127005 0.742978 171.81 0 0 0 1 
Seq_Frame0050_DriverToReference-SequenceTransformStatus = OK
Seq_Frame0050_Timestamp = 5.229
Seq_Frame0051_DriverToReference-SequenceTransform =0.549871 0.75497 0.357299 100.32 -0.515547 0.643343 -0.565969 282.968 -0.657156 0.127005 0.742978 171.81 0 0 0 1 
Seq_Frame0051_DriverToReference-SequenceTransformStatus = OK
Seq_Frame0051_Timestamp = 5.333
Seq_Frame0052_DriverToReference-SequenceTransform =0.549871 0.75497 0.357299 100.32 -0.515547 0.643343 -0.565969 282.968 -0.657156 0.127005 0.742978 171.81 0 0 0 1 
Seq_Frame0052_DriverToReference-SequenceTransformStatus = OK
Seq_Frame0052_Timestamp = 5.436
Seq_Frame0053_DriverToReference-SequenceTransform =-0.917896 -0.34203 -0.201201 113.381 -0.381815 0.623132 0.682586 266.723 -0.108091 0.703365 -0.702563 176.141 0 0 0 1 
Seq_Frame0053_DriverToReference-SequenceTransformStatus = OK
Seq_Frame0053_Timestamp = 5.541
Seq_Frame0054_DriverToReference-SequenceTransform =-0.94214 -0.291046 -0.166325 117.318 -0.323444 0.65891 0.679133 263.939 -0.0880656 0.693636 -0.714922 176.426 0 0 0 1 
Seq_Frame0054_DriverToReference-SequenceTransformStatus = OK
Seq_Frame0054_Timestamp = 5.645
Seq_Frame0055_DriverToReference-SequenceTransform =-0.949115 -0.304389 -0.0807917 119.216 -0.283974 0.716272 0.637426 263.929 -0.136157 0.627934 -0.766264 180.244 0 0 0 1 
Seq_Frame0055_DriverToReference-SequenceTransformStatus = OK
Seq_Frame0055_Timestamp = 5.751
Seq_Frame0056_DriverToReference-SequenceTransform =-0.986713 -0.161766 -0.0151163 124.021 -0.139314 0.794539 0.591016 259.995 -0.0835959 0.585269 -0.806518 181.929 0 0 0 1 
Seq_Frame0056_DriverToReference-SequenceTransformStatus = OK
Seq_Frame0056_Timestamp = 5.853
Seq_Frame0057_DriverToReference-SequenceTransform =-0.991112 -0.125364 0.0445113 126.865 -0.0756222 0.806202 0.586787 256.723 -0.109447 0.578206 -0.808517 183.789 0 0 0 1 
Seq_Frame0057_DriverToReference-SequenceTransformStatus = OK
Seq_Frame0057_Timestamp = 5.954
Seq_Frame0058_DriverToReference-SequenceTransform =-0.988476 -0.146661 0.0374906 125.439 -0.0976031 0.806792 0.582717 255.98 -0.115709 0.572343 -0.81181 185.639 0 0 0 1 
Seq_Frame0058_DriverToReference-SequenceTransformStatus = OK
Seq_Frame0058_Timestamp = 6.054
Seq_Frame0059_DriverToReference-SequenceTransform =-0.986018 -0.155872 0.05892 123.895 -0.0932233 0.809062 0.580283 255.464 -0.13812 0.566677 -0.812281 187.74 0 0 0 1 
Seq_Frame0059_DriverToReference-SequenceTransformStatus = OK
Seq_Frame0059_Timestamp = 6.155
Seq_Frame0060_DriverToReference-SequenceTransform =-0.979811 -0.193219 0.0513397 121.236 -0.127795 0.802793 0.582401 255.976 -0.153746 0.564082 -0.811279 188.514 0 0 0 1 
Seq_Frame0060_DriverToReference-SequenceTransformStatus = OK
Seq_Frame0060_Timestamp = 6.255
Seq_Frame0061_DriverToReference-SequenceTransform =-0.966325 -0.255605 0.0297095 116.291 -0.181092 0.757525 0.627186 255.918 -0.182817 0.600685 -0.778303 188.954 0 0 0 1 
Seq_Frame0061_DriverToReference-SequenceTransformStatus = OK
Seq_Frame0061_Timestamp = 6.358
Seq_Frame0062_DriverToReference-SequenceTransform =-0.95699 -0.288628 0.0293891 115.008 -0.199063 0.726942 0.657214 256.277 -0.211055 0.623097 -0.753131 187.619 0 0 0 1 
Seq_Frame0062_DriverToReference-SequenceTransformStatus = OK
Seq_Frame0062_Timestamp = 6.462
Seq_Frame0063_DriverToReference-SequenceTransform =-0.963707 -0.266713 0.0115402 111.391 -0.188711 0.711166 0.677224 254.595 -0.188831 0.650467 -0.735687 187.685 0 0 0 1 
Seq_Frame0063_DriverToReference-SequenceTransformStatus = OK
Seq_Frame0063_Timestamp = 6.569
Seq_Frame0064_DriverToReference-SequenceTransform =-0.971484 -0.234158 0.0372768 108.785 -0.14319 0.704697 0.694909 252.65 -0.188988 0.669755 -0.718131 187.79 0 0 0 1 
Seq_Frame0064_DriverToReference-SequenceTransformStatus = OK
Seq_Frame0064_Timestamp = 6.669
Seq_Frame0065_DriverToReference-SequenceTransform =-0.979007 -0.197665 0.0497456 108.2 -0.106906 0.705745 0.700353 251.37 -0.173543 0.680332 -0.712061 189.507 0 0 0 1 
Seq_Frame0065_DriverToReference-SequenceTransformStatus = OK
Seq_Frame0065_Timestamp = 6.77
Seq_Frame0066_DriverToReference-SequenceTransform =-0.986961 -0.150365 0.0574362 113.312 -0.0763043 0.751262 0.655578 249.733 -0.141725 0.642647 -0.75294 189.33 0 0 0 1 
Seq_Frame0066_DriverToReference-SequenceTransformStatus = OK
Seq_Frame0066_Timestamp = 6.87
Seq_Frame0067_DriverToReference-SequenceTransform =-0.984045 -0.173816 0.0379948 120.267 -0.115309 0.785673 0.607801 246.922 -0.135497 0.593722 -0.79318 188.68 0 0 0 1 
Seq_Frame0067_DriverToReference-SequenceTransformStatus = OK
Seq_Frame0067_Timestamp = 6.979
Seq_Frame0068_DriverToReference-SequenceTransform =-0.981621 -0.175997 0.0737886 126.577 -0.10596 0.824217 0.556272 241.087 -0.15872 0.53823 -0.827718 187.303 0 0 0 1 
Seq_Frame0068_DriverToReference-SequenceTransformStatus = OK
Seq_Frame0068_Timestamp = 7.08
Seq_Frame0069_DriverToReference-SequenceTransform =-0.95511 -0.244068 0.167915 129.998 -0.14638 0.881575 0.448774 234.092 -0.257561 0.40405 -0.877728 186.433 0 0 0 1 
Seq_Frame0069_DriverToReference-SequenceTransformStatus = OK
Seq_Frame0069_Timestamp = 7.188
Seq_Frame0070_DriverToReference-SequenceTransform =-0.956095 -0.213565 0.200682 133.184 -0.116792 0.905729 0.40745 232.604 -0.26878 0.366122 -0.890905 186.343 0 0 0 1 
Seq_Frame0070_DriverToReference-SequenceTransformStatus = OK
Seq_Frame0070_Timestamp = 7.294
Seq_Frame0071_DriverToReference-SequenceTransform =-0.96604 -0.211915 0.147845 128.797 -0.138475 0.907663 0.396197 231.405 -0.218153 0.362269 -0.906184 187.266 0 0 0 1 
Seq_Frame0071_DriverToReference-SequenceTransformStatus = OK
Seq_Frame0071_Timestamp = 7.401
Seq_Frame0072_DriverToReference-SequenceTransform =-0.949879 -0.276791 0.145317 122.879 -0.197558 0.891732 0.407167 232.976 -0.242284 0.35805 -0.90172 187.117 0 0 0 1 
Seq_Frame0072_DriverToReference-SequenceTransformStatus = OK
Seq_Frame0072_Timestamp = 7.501
Seq_Frame0073_DriverToReference-SequenceTransform =-0.937836 -0.308331 0.159359 118.24 -0.21455 0.875923 0.43212 233.548 -0.272822 0.371067 -0.887624 186.096 0 0 0 1 
Seq_Frame0073_DriverToReference-SequenceTransformStatus = OK
Seq_Frame0073_Timestamp = 7.61
Seq_Frame0074_DriverToReference-SequenceTransform =-0.951695 -0.303589 0.0459375 113.386 -0.246952 0.845727 0.473033 235.825 -0.182458 0.438838 -0.879847 183.048 0 0 0 1 
Seq_Frame0074_DriverToReference-SequenceTransformStatus = OK
Seq_Frame0074_Timestamp = 7.712
Seq_Frame0075_DriverToReference-SequenceTransform =-0.94219 -0.331637 -0.0479043 107.966 -0.305496 0.791448 0.529417 241.566 -0.137661 0.513446 -0.847008 182.081 0 0 0 1 
Seq_Frame0075_DriverToReference-SequenceTransformStatus = OK
Seq_Frame0075_Timestamp = 7.813
Seq_Frame0076_DriverToReference-SequenceTransform =-0.900952 -0.399455 -0.169476 100.778 -0.414661 0.677512 0.607482 253.91 -0.127839 0.617587 -0.776043 181.026 0 0 0 1 
Seq_Frame0076_DriverToReference-SequenceTransformStatus = OK
Seq_Frame0076_Timestamp = 7.915
Seq_Frame0077_DriverToReference-SequenceTransform =-0.903977 -0.376348 -0.202947 98.3484 -0.410191 0.629315 0.66008 261.845 -0.120703 0.679945 -0.723261 182.645 0 0 0 1 
Seq_Frame0077_DriverToReference-SequenceTransformStatus = OK
Seq_Frame0077_Timestamp = 8.016
Seq_Frame0078_DriverToReference-SequenceTransform =-0.888753 -0.399805 -0.22422 99.5308 -0.438873 0.60097 0.668001 267.776 -0.13232 0.692092 -0.709577 183.195 0 0 0 1 
Seq_Frame0078_DriverToReference-SequenceTransformStatus = OK
Seq_Frame0078_Timestamp = 8.117
Seq_Frame0079_DriverToReference-SequenceTransform =-0.857247 -0.418195 -0.300401 114.145 -0.496881 0.518852 0.69563 289.418 -0.135045 0.745591 -0.652578 201.668 0 0 0 1 
Seq_Frame0079_DriverToReference-SequenceTransformStatus = OK
Seq_Frame0079_Timestamp = 8.743
Seq_Frame0080_DriverToReference-SequenceTransform =-0.890005 -0.381297 -0.250009 109.387 -0.443677 0.597872 0.667608 289.983 -0.105083 0.705097 -0.701281 199.845 0 0 0 1 
Seq_Frame0080_DriverToReference-SequenceTransformStatus = OK
Seq_Frame0080_Timestamp = 8.845
Seq_Frame0081_DriverToReference-SequenceTransform =-0.916716 -0.314377 -0.246576 90.882 -0.399353 0.702063 0.589597 274.616 -0.0122437 0.638964 -0.769139 212.7 0 0 0 1 
Seq_Frame0081_DriverToReference-SequenceTransformStatus = OK
Seq_Frame0081_Timestamp = 8.953
Seq_Frame0082_DriverToReference-SequenceTransform =-0.888501 -0.201948 -0.412047 66.0654 -0.396566 0.789709 0.468076 262.358 0.23087 0.57929 -0.781743 218.383 0 0 0 1 
Seq_Frame0082_DriverToReference-SequenceTransformStatus = OK
Seq_Frame0082_Timestamp = 9.071
Seq_Frame0083_DriverToReference-SequenceTransform =-0.873561 -0.18151 -0.451604 71.3077 -0.386075 0.823413 0.415858 255.716 0.296374 0.53763 -0.789377 215.879 0 0 0 1 
Seq_Frame0083_DriverToReference-SequenceTransformStatus = OK
Seq_Frame0083_Timestamp = 9.172
Seq_Frame0084_DriverToReference-SequenceTransform =-0.848916 -0.205496 -0.486943 77.7973 -0.414826 0.829963 0.372934 255.213 0.327508 0.518586 -0.789814 208.274 0 0 0 1 
Seq_Frame0084_DriverToReference-SequenceTransformStatus = OK
Seq_Frame0084_Timestamp = 9.273
Seq_Frame0085_DriverToReference-SequenceTransform =-0.837516 -0.208091 -0.505237 77.5983 -0.438415 0.807787 0.394046 255.141 0.326127 0.551523 -0.767765 200.922 0 0 0 1 
Seq_Frame0085_DriverToReference-SequenceTransformStatus = OK
Seq_Frame0085_Timestamp = 9.375
Seq_Frame0086_DriverToReference-SequenceTransform =-0.854454 -0.214158 -0.473334 76.229 -0.43664 0.789725 0.430906 254.724 0.281521 0.574866 -0.768293 200.154 0 0 0 1 
Seq_Frame0086_DriverToReference-SequenceTransformStatus = OK
Seq_Frame0086_Timestamp = 9.48
Seq_Frame0087_DriverToReference-SequenceTransform =-0.856997 -0.219579 -0.466199 79.1616 -0.439426 0.783957 0.438539 253.109 0.269186 0.580687 -0.768337 205.055 0 0 0 1 
Seq_Frame0087_DriverToReference-SequenceTransformStatus = OK
Seq_Frame0087_Timestamp = 9.58
Seq_Frame0088_DriverToReference-SequenceTransform =-0.855413 -0.236534 -0.460782 84.9845 -0.452751 0.773568 0.443407 256.663 0.251566 0.587915 -0.768811 209.426 0 0 0 1 
Seq_Frame0088_DriverToReference-SequenceTransformStatus = OK
Seq_Frame0088_Timestamp = 9.686
Seq_Frame0089_DriverToReference-SequenceTransform =-0.855838 -0.244218 -0.45596 91.0971 -0.459927 0.76264 0.454804 261.057 0.236662 0.598947 -0.765019 212.098 0 0 0 1 
Seq_Frame0089_DriverToReference-SequenceTransformStatus = OK
Seq_Frame0089_Timestamp = 9.787
Seq_Frame0090_DriverToReference-SequenceTransform =-0.859311 -0.255591 -0.44301 95.3881 -0.468131 0.741935 0.479985 264.686 0.206005 0.619843 -0.757203 213.372 0 0 0 1 
Seq_Frame0090_DriverToReference-SequenceTransformStatus = OK
Seq_Frame0090_Timestamp = 9.887
Seq_Frame0091_DriverToReference-SequenceTransform =-0.844578 -0.244307 -0.476448 98.0451 -0.485774 0.723873 0.48993 268.972 0.225194 0.64523 -0.730045 215.757 0 0 0 1 
Seq_Frame0091_DriverToReference-SequenceTransformStatus = OK
Seq_Frame0091_Timestamp = 9.993
Seq_Frame0092_DriverToReference-SequenceTransform =-0.846431 -0.236695 -0.477002 100.378 -0.481682 0.722228 0.496356 272.846 0.227019 0.649894 -0.725328 218.096 0 0 0 1 
Seq_Frame0092_DriverToReference-SequenceTransformStatus = OK
Seq_Frame0092_Timestamp = 10.094
Seq_Frame0093_DriverToReference-SequenceTransform =-0.819004 -0.225221 -0.527739 102.08 -0.509622 0.708157 0.48867 275.547 0.263664 0.66917 -0.694761 220.666 0 0 0 1 
Seq_Frame0093_DriverToReference-SequenceTransformStatus = OK
Seq_Frame0093_Timestamp = 10.195
Seq_Frame0094_DriverToReference-SequenceTransform =-0.788634 -0.229417 -0.570459 103.457 -0.53334 0.716893 0.449012 276.464 0.305947 0.658355 -0.687724 223.735 0 0 0 1 
Seq_Frame0094_DriverToReference-SequenceTransformStatus = OK
Seq_Frame0094_Timestamp = 10.295
Seq_Frame0095_DriverToReference-SequenceTransform =-0.85541 -0.260055 -0.447935 99.1934 -0.483913 0.709601 0.512147 272.893 0.184669 0.654857 -0.732844 224.086 0 0 0 1 
Seq_Frame0095_DriverToReference-SequenceTransformStatus = OK
Seq_Frame0095_Timestamp = 10.404
Seq_Frame0096_DriverToReference-SequenceTransform =-0.829387 -0.221503 -0.512887 88.8799 -0.482826 0.746048 0.458576 266.928 0.281062 0.627972 -0.72571 229.466 0 0 0 1 
Seq_Frame0096_DriverToReference-SequenceTransformStatus = OK
Seq_Frame0096_Timestamp = 10.505
Seq_Frame0097_DriverToReference-SequenceTransform =-0.740813 -0.195095 -0.642755 77.0994 -0.532569 0.753736 0.385035 263.842 0.409349 0.627551 -0.662279 232.926 0 0 0 1 
Seq_Frame0097_DriverToReference-SequenceTransformStatus = OK
Seq_Frame0097_Timestamp = 10.61
Seq_Frame0098_DriverToReference-SequenceTransform =-0.678082 -0.140175 -0.721495 67.899 -0.527915 0.775886 0.345407 260.59 0.51138 0.615103 -0.600115 232.162 0 0 0 1 
Seq_Frame0098_DriverToReference-SequenceTransformStatus = OK
Seq_Frame0098_Timestamp = 10.711
Seq_Frame0099_DriverToReference-SequenceTransform =-0.68971 -0.0777697 -0.719897 67.0554 -0.417808 0.854753 0.307951 256.197 0.591385 0.513176 -0.622025 227.282 0 0 0 1 
Seq_Frame0099_DriverToReference-SequenceTransformStatus = OK
Seq_Frame0099_Timestamp = 10.817
Seq_Frame0100_DriverToReference-SequenceTransform =-0.624329 -0.0652089 -0.778435 63.0779 -0.418018 0.869714 0.262408 253.201 0.659905 0.489229 -0.570246 224.33 0 0 0 1 
Seq_Frame0100_DriverToReference-SequenceTransformStatus = OK
Seq_Frame0100_Timestamp = 10.919
Seq_Frame0101_DriverToReference-SequenceTransform =-0.607444 -0.0743178 -0.790878 62.0352 -0.436969 0.862706 0.254552 251.345 0.663378 0.500215 -0.55652 222.643 0 0 0 1 
Seq_Frame0101_DriverToReference-SequenceTransformStatus = OK
Seq_Frame0101_Timestamp = 11.02
Seq_Frame0102_DriverToReference-SequenceTransform =-0.625236 -0.0772744 -0.776601 58.9631 -0.43718 0.858983 0.266499 252.25 0.646494 0.506139 -0.57085 223.434 0 0 0 1 
Seq_Frame0102_DriverToReference-SequenceTransformStatus = OK
Seq_Frame0102_Timestamp = 11.121
Seq_Frame0103_DriverToReference-SequenceTransform =-0.641699 -0.0666471 -0.764055 57.4699 -0.423834 0.861098 0.280848 252.742 0.639209 0.504053 -0.580813 227.691 0 0 0 1 
Seq_Frame0103_DriverToReference-SequenceTransformStatus = OK
Seq_Frame0103_Timestamp = 11.222
Seq_Frame0104_DriverToReference-SequenceTransform =-0.659248 -0.102746 -0.744872 58.4564 -0.444478 0.852268 0.275824 254.061 0.606491 0.512916 -0.607525 230.164 0 0 0 1 
Seq_Frame0104_DriverToReference-SequenceTransformStatus = OK
Seq_Frame0104_Timestamp = 11.593
Seq_Frame0105_DriverToReference-SequenceTransform =-0.659248 -0.102746 -0.744872 58.4564 -0.444478 0.852268 0.275824 254.061 0.606491 0.512916 -0.607525 230.164 0 0 0 1 
Seq_Frame0105_DriverToReference-SequenceTransformStatus = OK
Seq_Frame0105_Timestamp = 11.694
Seq_Frame0106_DriverToReference-SequenceTransform =0.15444 0.551044 0.82006 50.2183 -0.784862 0.572583 -0.236939 249.902 -0.600117 -0.607041 0.520924 233.557 0 0 0 1 
Seq_Frame0106_DriverToReference-SequenceTransformStatus = OK
Seq_Frame0106_Timestamp = 11.799
Seq_Frame0107_DriverToReference-SequenceTransform =0.118794 0.463239 0.878235 46.5804 -0.79248 0.577129 -0.197222 246.913 -0.598216 -0.672555 0.435668 227.51 0 0 0 1 
Seq_Frame0107_DriverToReference-SequenceTransformStatus = OK
Seq_Frame0107_Timestamp = 11.91
Seq_Frame0108_DriverToReference-SequenceTransform =0.0737202 0.397268 0.914737 42.218 -0.772819 0.602494 -0.199378 249.809 -0.63033 -0.692228 0.351432 221.621 0 0 0 1 
Seq_Frame0108_DriverToReference-SequenceTransformStatus = OK
Seq_Frame0108_Timestamp = 12.02
Seq_Frame0109_DriverToReference-SequenceTransform =0.083613 0.403737 0.911046 42.2366 -0.766853 0.609898 -0.199902 249.762 -0.636353 -0.681924 0.360603 218.713 0 0 0 1 
Seq_Frame0109_DriverToReference-SequenceTransformStatus = OK
Seq_Frame0109_Timestamp = 12.122
Seq_Frame0110_DriverToReference-SequenceTransform =0.0914092 0.416282 0.904629 42.1124 -0.758321 0.617903 -0.207714 250.686 -0.645441 -0.667012 0.372157 218.857 0 0 0 1 
Seq_Frame0110_DriverToReference-SequenceTransformStatus = OK
Seq_Frame0110_Timestamp = 12.222
Seq_Frame0111_DriverToReference-SequenceTransform =0.0914092 0.416282 0.904629 42.1124 -0.758321 0.617903 -0.207714 250.686 -0.645441 -0.667012 0.372157 218.857 0 0 0 1 
Seq_Frame0111_DriverToReference-SequenceTransformStatus = OK
Seq_Frame0111_Timestamp = 12.938
Seq_Frame0112_DriverToReference-SequenceTransform =0.14264 0.461712 0.875486 43.3659 -0.78075 0.596146 -0.18719 252.067 -0.608345 -0.656835 0.445516 226.311 0 0 0 1 
Seq_Frame0112_DriverToReference-SequenceTransformStatus = OK
Seq_Frame0112_Timestamp = 13.038
Seq_Frame0113_DriverToReference-SequenceTransform =0.115068 0.312695 0.942858 31.571 -0.728098 0.672231 -0.134084 249.765 -0.675746 -0.671064 0.305025 223.134 0 0 0 1 
Seq_Frame0113_DriverToReference-SequenceTransformStatus = OK
Seq_Frame0113_Timestamp = 13.14
Seq_Frame0114_DriverToReference-SequenceTransform =0.115068 0.312695 0.942858 31.571 -0.728098 0.672231 -0.134084 249.765 -0.675746 -0.671064 0.305025 223.134 0 0 0 1 
Seq_Frame0114_DriverToReference-SequenceTransformStatus = OK
Seq_Frame0114_Timestamp = 13.242
Seq_Frame0115_DriverToReference-SequenceTransform =0.115068 0.312695 0.942858 31.571 -0.728098 0.672231 -0.134084 249.765 -0.675746 -0.671064 0.305025 223.134 0 0 0 1 
Seq_Frame0115_DriverToReference-SequenceTransformStatus = OK
Seq_Frame0115_Timestamp = 13.354
Seq_Frame0116_DriverToReference-SequenceTransform =-0.00128227 0.491284 0.870998 26.3943 -0.796374 0.526282 -0.29802 252.837 -0.604803 -0.694023 0.390571 205.068 0 0 0 1 
Seq_Frame0116_DriverToReference-SequenceTransformStatus = OK
Seq_Frame0116_Timestamp = 13.46
Seq_Frame0117_DriverToReference-SequenceTransform =-0.0245971 0.439531 0.897891 24.0905 -0.796636 0.533999 -0.283224 249.21 -0.603958 -0.722259 0.337011 205.698 0 0 0 1 
Seq_Frame0117_DriverToReference-SequenceTransformStatus = OK
Seq_Frame0117_Timestamp = 13.572
Seq_Frame0118_DriverToReference-SequenceTransform =-0.0245971 0.439531 0.897891 24.0905 -0.796636 0.533999 -0.283224 249.21 -0.603958 -0.722259 0.337011 205.698 0 0 0 1 
Seq_Frame0118_DriverToReference-SequenceTransformStatus = OK
Seq_Frame0118_Timestamp = 13.686
Seq_Frame0119_DriverToReference-SequenceTransform =-0.0245971 0.439531 0.897891 24.0905 -0.796636 0.533999 -0.283224 249.21 -0.603958 -0.722259 0.337011 205.698 0 0 0 1 
Seq_Frame0119_DriverToReference-SequenceTransformStatus = OK
Seq_Frame0119_Timestamp = 13.792
Seq_Frame0120_DriverToReference-SequenceTransform =-0.0245971 0.439531 0.897891 24.0905 -0.796636 0.533999 -0.283224 249.21 -0.603958 -0.722259 0.337011 205.698 0 0 0 1 
Seq_Frame0120_DriverToReference-SequenceTransformStatus = OK
Seq_Frame0120_Timestamp = 13.894
Seq_Frame0121_DriverToReference-SequenceTransform =-0.0245971 0.439531 0.897891 24.0905 -0.796636 0.533999 -0.283224 249.21 -0.603958 -0.722259 0.337011 205.698 0 0 0 1 
Seq_Frame0121_DriverToReference-SequenceTransformStatus = OK
Seq_Frame0121_Timestamp = 14.002
Seq_Frame0122_DriverToReference-SequenceTransform =-0.0245971 0.439531 0.897891 24.0905 -0.796636 0.533999 -0.283224 249.21 -0.603958 -0.722259 0.337011 205.698 0 0 0 1 
Seq_Frame0122_DriverToReference-SequenceTransformStatus = OK
Seq_Frame0122_Timestamp = 14.107
Seq_Frame0123_DriverToReference-SequenceTransform =-0.0245971 0.439531 0.897891 24.0905 -0.796636 0.533999 -0.283224 249.21 -0.603958 -0.722259 0.337011 205.698 0 0 0 1 
Seq_Frame0123_DriverToReference-SequenceTransformStatus = OK
Seq_Frame0123_Timestamp = 14.212
Seq_Frame0124_DriverToReference-SequenceTransform =-0.0245971 0.439531 0.897891 24.0905 -0.796636 0.533999 -0.283224 249.21 -0.603958 -0.722259 0.337011 205.698 0 0 0 1 
Seq_Frame0124_DriverToReference-SequenceTransformStatus = OK
Seq_Frame0124_Timestamp = 14.328
Seq_Frame0125_DriverToReference-SequenceTransform =-0.0245971 0.439531 0.897891 24.0905 -0.796636 0.533999 -0.283224 249.21 -0.603958 -0.722259 0.337011 205.698 0 0 0 1 
Seq_Frame0125_DriverToReference-SequenceTransformStatus = OK
Seq_Frame0125_Timestamp = 14.429
Seq_Frame0126_DriverToReference-SequenceTransform =-0.0245971 0.439531 0.897891 24.0905 -0.796636 0.533999 -0.283224 249.21 -0.603958 -0.722259 0.337011 205.698 0 0 0 1 
Seq_Frame0126_DriverToReference-SequenceTransformStatus = OK
Seq_Frame0126_Timestamp = 14.536
Seq_Frame0127_DriverToReference-SequenceTransform =-0.0245971 0.439531 0.897891 24.0905 -0.796636 0.533999 -0.283224 249.21 -0.603958 -0.722259 0.337011 205.698 0 0 0 1 
Seq_Frame0127_DriverToReference-SequenceTransformStatus = OK
Seq_Frame0127_Timestamp = 14.637
Seq_Frame0128_DriverToReference-SequenceTransform =-0.0245971 0.439531 0.897891 24.0905 -0.796636 0.533999 -0.283224 249.21 -0.603958 -0.722259 0.337011 205.698 0 0 0 1 
Seq_Frame0128_DriverToReference-SequenceTransformStatus = OK
Seq_Frame0128_Timestamp = 14.739
Seq_Frame0129_DriverToReference-SequenceTransform =-0.0245971 0.439531 0.897891 24.0905 -0.796636 0.533999 -0.283224 249.21 -0.603958 -0.722259 0.337011 205.698 0 0 0 1 
Seq_Frame0129_DriverToReference-SequenceTransformStatus = OK
Seq_Frame0129_Timestamp = 14.846
Seq_Frame0130_DriverToReference-SequenceTransform =-0.0245971 0.439531 0.897891 24.0905 -0.796636 0.533999 -0.283224 249.21 -0.603958 -0.722259 0.337011 205.698 0 0 0 1 
Seq_Frame0130_DriverToReference-SequenceTransformStatus = OK
Seq_Frame0130_Timestamp = 14.952
Seq_Frame0131_DriverToReference-SequenceTransform =-0.0245971 0.439531 0.897891 24.0905 -0.796636 0.533999 -0.283224 249.21 -0.603958 -0.722259 0.337011 205.698 0 0 0 1 
Seq_Frame0131_DriverToReference-SequenceTransformStatus = OK
Seq_Frame0131_Timestamp = 15.059
Seq_Frame0132_DriverToReference-SequenceTransform =-0.0245971 0.439531 0.897891 24.0905 -0.796636 0.533999 -0.283224 249.21 -0.603958 -0.722259 0.337011 205.698 0 0 0 1 
Seq_Frame0132_DriverToReference-SequenceTransformStatus = OK
Seq_Frame0132_Timestamp = 15.162
Seq_Frame0133_DriverToReference-SequenceTransform =-0.0245971 0.439531 0.897891 24.0905 -0.796636 0.533999 -0.283224 249.21 -0.603958 -0.722259 0.337011 205.698 0 0 0 1 
Seq_Frame0133_DriverToReference-SequenceTransformStatus = OK
Seq_Frame0133_Timestamp = 15.262
Seq_Frame0134_DriverToReference-SequenceTransform =-0.0245971 0.439531 0.897891 24.0905 -0.796636 0.533999 -0.283224 249.21 -0.603958 -0.722259 0.337011 205.698 0 0 0 1 
Seq_Frame0134_DriverToReference-SequenceTransformStatus = OK
Seq_Frame0134_Timestamp = 15.364
Seq_Frame0135_DriverToReference-SequenceTransform =-0.0245971 0.439531 0.897891 24.0905 -0.796636 0.533999 -0.283224 249.21 -0.603958 -0.722259 0.337011 205.698 0 0 0 1 
Seq_Frame0135_DriverToReference-SequenceTransformStatus = OK
Seq_Frame0135_Timestamp = 15.468
Seq_Frame0136_DriverToReference-SequenceTransform =-0.0245971 0.439531 0.897891 24.0905 -0.796636 0.533999 -0.283224 249.21 -0.603958 -0.722259 0.337011 205.698 0 0 0 1 
Seq_Frame0136_DriverToReference-SequenceTransformStatus = OK
Seq_Frame0136_Timestamp = 15.568
Seq_Frame0137_DriverToReference-SequenceTransform =-0.0245971 0.439531 0.897891 24.0905 -0.796636 0.533999 -0.283224 249.21 -0.603958 -0.722259 0.337011 205.698 0 0 0 1 
Seq_Frame0137_DriverToReference-SequenceTransformStatus = OK
Seq_Frame0137_Timestamp = 15.677
Seq_Frame0138_DriverToReference-SequenceTransform =0.738107 -0.291575 0.608426 121.416 -0.389325 0.552435 0.737049 283.221 -0.551021 -0.780896 0.294239 262.739 0 0 0 1 
Seq_Frame0138_DriverToReference-SequenceTransformStatus = OK
Seq_Frame0138_Timestamp = 15.778
Seq_Frame0139_DriverToReference-SequenceTransform =0.840674 -0.226203 0.492036 161.365 -0.309791 0.544358 0.779554 317.291 -0.444181 -0.807779 0.387552 285.029 0 0 0 1 
Seq_Frame0139_DriverToReference-SequenceTransformStatus = OK
Seq_Frame0139_Timestamp = 15.886
Seq_Frame0140_DriverToReference-SequenceTransform =0.899231 -0.2996 0.318784 198.041 -0.172138 0.427592 0.887431 348.336 -0.402183 -0.85288 0.332932 308.203 0 0 0 1 
Seq_Frame0140_DriverToReference-SequenceTransformStatus = OK
Seq_Frame0140_Timestamp = 15.987
Seq_Frame0141_DriverToReference-SequenceTransform =0.922769 -0.328176 0.201984 209.773 -0.090183 0.325687 0.941167 357.912 -0.374652 -0.886695 0.270938 315.972 0 0 0 1 
Seq_Frame0141_DriverToReference-SequenceTransformStatus = OK
Seq_Frame0141_Timestamp = 16.091
Seq_Frame0142_DriverToReference-SequenceTransform =0.922769 -0.328176 0.201984 209.773 -0.090183 0.325687 0.941167 357.912 -0.374652 -0.886695 0.270938 315.972 0 0 0 1 
Seq_Frame0142_DriverToReference-SequenceTransformStatus = OK
Seq_Frame0142_Timestamp = 16.195
Seq_Frame0143_DriverToReference-SequenceTransform =0.518358 -0.77485 -0.361819 118.258 -0.181691 0.313651 -0.931993 258.391 0.835639 0.548846 0.0218004 275.31 0 0 0 1 
Seq_Frame0143_DriverToReference-SequenceTransformStatus = OK
Seq_Frame0143_Timestamp = 16.295
Seq_Frame0144_DriverToReference-SequenceTransform =0.518358 -0.77485 -0.361819 118.258 -0.181691 0.313651 -0.931993 258.391 0.835639 0.548846 0.0218004 275.31 0 0 0 1 
Seq_Frame0144_DriverToReference-SequenceTransformStatus = OK
Seq_Frame0144_Timestamp = 16.398
Seq_Frame0145_DriverToReference-SequenceTransform =0.518358 -0.77485 -0.361819 118.258 -0.181691 0.313651 -0.931993 258.391 0.835639 0.548846 0.0218004 275.31 0 0 0 1 
Seq_Frame0145_DriverToReference-SequenceTransformStatus = OK
Seq_Frame0145_Timestamp = 16.498
Seq_Frame0146_DriverToReference-SequenceTransform =-0.107995 -0.646369 -0.755344 59.8961 -0.195888 0.758727 -0.621257 192.897 0.974661 0.0808699 -0.208555 211.889 0 0 0 1 
Seq_Frame0146_DriverToReference-SequenceTransformStatus = OK
Seq_Frame0146_Timestamp = 23.158
Seq_Frame0147_DriverToReference-SequenceTransform =-0.0350065 -0.639147 -0.768287 60.1149 -0.25171 0.749614 -0.612144 192.562 0.967169 0.171956 -0.187121 216.942 0 0 0 1 
Seq_Frame0147_DriverToReference-SequenceTransformStatus = OK
Seq_Frame0147_Timestamp = 23.263
Seq_Frame0148_DriverToReference-SequenceTransform =-0.104241 -0.658713 -0.745138 60.2942 -0.207389 0.747147 -0.631476 192.704 0.972689 0.0887081 -0.214493 211.148 0 0 0 1 
Seq_Frame0148_DriverToReference-SequenceTransformStatus = OK
Seq_Frame0148_Timestamp = 23.364
Seq_Frame0149_DriverToReference-SequenceTransform =-0.0258318 -0.592611 -0.805074 60.8235 -0.285686 0.776132 -0.56214 193.873 0.957975 0.215477 -0.18935 208.581 0 0 0 1 
Seq_Frame0149_DriverToReference-SequenceTransformStatus = OK
Seq_Frame0149_Timestamp = 23.467
Seq_Frame0150_DriverToReference-SequenceTransform =-0.0977616 -0.603607 -0.791266 62.2701 -0.259387 0.783048 -0.565291 194.837 0.960813 0.14998 -0.23312 209.119 0 0 0 1 
Seq_Frame0150_DriverToReference-SequenceTransformStatus = OK
Seq_Frame0150_Timestamp = 23.571
