ObjectType = Image
NDims = 3
AnatomicalOrientation = RAI
BinaryData = True
CompressedData = False
DimSize = 0 0 3953
ElementSpacing = 1 1 1
Offset = 0 0 0
TransformMatrix = 1 0 0 0 1 0 0 0 1
ElementType = MET_UCHAR
Kinds = domain domain list
Seq_Frame0000_DriverToReference-SequenceTransform =-0.935787 -0.342253 0.0846503 37.9675 -0.113152 0.518942 0.847287 159.503 -0.333915 0.783302 -0.524346 243.76 0 0 0 1 
Seq_Frame0000_DriverToReference-SequenceTransformStatus = OK
Seq_Frame0000_Timestamp = 0.00899982
Seq_Frame0001_DriverToReference-SequenceTransform =-0.932829 -0.348234 0.0925387 37.933 -0.110184 0.520208 0.846902 159.841 -0.34306 0.779818 -0.523635 243.334 0 0 0 1 
Seq_Frame0001_DriverToReference-SequenceTransformStatus = OK
Seq_Frame0001_Timestamp = 0.117
Seq_Frame0002_DriverToReference-SequenceTransform =-0.936014 -0.341905 0.0835428 38.0148 -0.114173 0.519483 0.846819 159.698 -0.33293 0.783096 -0.525279 243.668 0 0 0 1 
Seq_Frame0002_DriverToReference-SequenceTransformStatus = OK
Seq_Frame0002_Timestamp = 0.224
Seq_Frame0003_DriverToReference-SequenceTransform =-0.932426 -0.349026 0.0936129 37.9137 -0.109609 0.520021 0.847091 159.899 -0.344337 0.779589 -0.523138 243.202 0 0 0 1 
Seq_Frame0003_DriverToReference-SequenceTransformStatus = OK
Seq_Frame0003_Timestamp = 0.348
Seq_Frame0004_DriverToReference-SequenceTransform =-0.934353 -0.345071 0.0889418 37.9581 -0.111638 0.52048 0.846544 159.775 -0.33841 0.781042 -0.524835 243.518 0 0 0 1 
Seq_Frame0004_DriverToReference-SequenceTransformStatus = OK
Seq_Frame0004_Timestamp = 0.449
Seq_Frame0005_DriverToReference-SequenceTransform =-0.934215 -0.345287 0.0895545 37.917 -0.110863 0.519671 0.847143 159.647 -0.339046 0.781485 -0.523763 243.591 0 0 0 1 
Seq_Frame0005_DriverToReference-SequenceTransformStatus = OK
Seq_Frame0005_Timestamp = 0.55
Seq_Frame0006_DriverToReference-SequenceTransform =-0.908037 -0.410427 0.0837746 34.4347 -0.159153 0.523026 0.837325 159.698 -0.387477 0.74699 -0.540248 242.388 0 0 0 1 
Seq_Frame0006_DriverToReference-SequenceTransformStatus = OK
Seq_Frame0006_Timestamp = 0.653
Seq_Frame0007_DriverToReference-SequenceTransform =-0.891573 -0.451246 0.0383945 32.2747 -0.23788 0.538768 0.808172 163.541 -0.38537 0.711411 -0.587693 241.867 0 0 0 1 
Seq_Frame0007_DriverToReference-SequenceTransformStatus = OK
Seq_Frame0007_Timestamp = 0.764
Seq_Frame0008_DriverToReference-SequenceTransform =-0.87948 -0.474666 -0.034748 30.9779 -0.339755 0.575028 0.744251 169.667 -0.33329 0.66636 -0.666995 239.8 0 0 0 1 
Seq_Frame0008_DriverToReference-SequenceTransformStatus = OK
Seq_Frame0008_Timestamp = 0.868
Seq_Frame0009_DriverToReference-SequenceTransform =-0.889556 -0.445363 -0.101694 27.5443 -0.395799 0.640227 0.658371 173.98 -0.228107 0.625908 -0.745792 234.446 0 0 0 1 
Seq_Frame0009_DriverToReference-SequenceTransformStatus = OK
Seq_Frame0009_Timestamp = 0.974
Seq_Frame0010_DriverToReference-SequenceTransform =-0.843083 -0.492278 -0.216502 23.323 -0.525588 0.668995 0.52555 180.501 -0.113878 0.556874 -0.822754 229.411 0 0 0 1 
Seq_Frame0010_DriverToReference-SequenceTransformStatus = OK
Seq_Frame0010_Timestamp = 1.079
Seq_Frame0011_DriverToReference-SequenceTransform =-0.848681 -0.449162 -0.279275 18.5331 -0.528658 0.704262 0.473851 181.352 -0.0161532 0.549789 -0.835147 225.267 0 0 0 1 
Seq_Frame0011_DriverToReference-SequenceTransformStatus = OK
Seq_Frame0011_Timestamp = 1.191
Seq_Frame0012_DriverToReference-SequenceTransform =-0.87459 -0.426898 -0.229891 19.1648 -0.48282 0.723313 0.493663 182.79 -0.044461 0.542749 -0.838717 226.099 0 0 0 1 
Seq_Frame0012_DriverToReference-SequenceTransformStatus = OK
Seq_Frame0012_Timestamp = 1.292
Seq_Frame0013_DriverToReference-SequenceTransform =-0.907315 -0.372496 -0.195 16.794 -0.414572 0.715311 0.562547 191.729 -0.070061 0.59125 -0.80344 224.801 0 0 0 1 
Seq_Frame0013_DriverToReference-SequenceTransformStatus = OK
Seq_Frame0013_Timestamp = 1.398
Seq_Frame0014_DriverToReference-SequenceTransform =-0.920383 -0.318594 -0.226699 17.1173 -0.390542 0.720428 0.573114 207.792 -0.0192702 0.61602 -0.787495 222.314 0 0 0 1 
Seq_Frame0014_DriverToReference-SequenceTransformStatus = OK
Seq_Frame0014_Timestamp = 1.516
Seq_Frame0015_DriverToReference-SequenceTransform =-0.95596 -0.261618 -0.133026 20.9451 -0.287436 0.742901 0.604548 228.945 -0.0593353 0.61616 -0.785382 221.4 0 0 0 1 
Seq_Frame0015_DriverToReference-SequenceTransformStatus = OK
Seq_Frame0015_Timestamp = 1.616
Seq_Frame0016_DriverToReference-SequenceTransform =-0.991655 -0.107182 -0.0716382 18.7192 -0.12594 0.686645 0.716001 250.332 -0.0275525 0.719048 -0.694414 218.665 0 0 0 1 
Seq_Frame0016_DriverToReference-SequenceTransformStatus = OK
Seq_Frame0016_Timestamp = 1.726
Seq_Frame0017_DriverToReference-SequenceTransform =-0.913903 -0.179124 -0.364273 13.281 -0.377518 0.704876 0.600524 263.977 0.149199 0.686341 -0.711812 217.472 0 0 0 1 
Seq_Frame0017_DriverToReference-SequenceTransformStatus = OK
Seq_Frame0017_Timestamp = 1.83
Seq_Frame0018_DriverToReference-SequenceTransform =-0.896351 -0.195824 -0.397753 17.2261 -0.40454 0.728323 0.553075 270.145 0.181387 0.656657 -0.732052 215.092 0 0 0 1 
Seq_Frame0018_DriverToReference-SequenceTransformStatus = OK
Seq_Frame0018_Timestamp = 1.939
Seq_Frame0019_DriverToReference-SequenceTransform =-0.869757 -0.247069 -0.427175 13.9658 -0.449324 0.754404 0.478521 275.585 0.204035 0.608137 -0.767163 210.345 0 0 0 1 
Seq_Frame0019_DriverToReference-SequenceTransformStatus = OK
Seq_Frame0019_Timestamp = 2.045
Seq_Frame0020_DriverToReference-SequenceTransform =-0.875961 -0.241434 -0.417615 14.379 -0.45545 0.699171 0.551113 274.88 0.158927 0.672956 -0.722407 210.632 0 0 0 1 
Seq_Frame0020_DriverToReference-SequenceTransformStatus = OK
Seq_Frame0020_Timestamp = 2.145
Seq_Frame0021_DriverToReference-SequenceTransform =-0.863202 -0.261606 -0.431792 15.7489 -0.476809 0.703553 0.52694 273.02 0.165938 0.660738 -0.732045 207.16 0 0 0 1 
Seq_Frame0021_DriverToReference-SequenceTransformStatus = OK
Seq_Frame0021_Timestamp = 2.248
Seq_Frame0022_DriverToReference-SequenceTransform =-0.86043 -0.228499 -0.455466 16.9801 -0.472377 0.692882 0.54477 267.994 0.191105 0.683888 -0.704113 204.447 0 0 0 1 
Seq_Frame0022_DriverToReference-SequenceTransformStatus = OK
Seq_Frame0022_Timestamp = 2.349
Seq_Frame0023_DriverToReference-SequenceTransform =-0.802935 -0.136189 -0.5803 8.97209 -0.500608 0.682531 0.532487 262.124 0.323554 0.718055 -0.616206 196.38 0 0 0 1 
Seq_Frame0023_DriverToReference-SequenceTransformStatus = OK
Seq_Frame0023_Timestamp = 2.45
Seq_Frame0024_DriverToReference-SequenceTransform =-0.741154 -0.245092 -0.624997 9.94617 -0.627495 0.583823 0.51517 271.642 0.238623 0.774003 -0.586497 197.363 0 0 0 1 
Seq_Frame0024_DriverToReference-SequenceTransformStatus = OK
Seq_Frame0024_Timestamp = 2.552
Seq_Frame0025_DriverToReference-SequenceTransform =-0.731363 -0.332673 -0.595346 12.1192 -0.663307 0.549909 0.507567 275.318 0.158532 0.766113 -0.622847 203.326 0 0 0 1 
Seq_Frame0025_DriverToReference-SequenceTransformStatus = OK
Seq_Frame0025_Timestamp = 2.658
Seq_Frame0026_DriverToReference-SequenceTransform =-0.676236 -0.346528 -0.650095 9.91386 -0.716801 0.513151 0.472093 273.743 0.170004 0.785235 -0.595403 199.158 0 0 0 1 
Seq_Frame0026_DriverToReference-SequenceTransformStatus = OK
Seq_Frame0026_Timestamp = 2.765
Seq_Frame0027_DriverToReference-SequenceTransform =-0.649301 -0.364095 -0.667715 12.4934 -0.745078 0.480618 0.462456 275.791 0.152537 0.797773 -0.583345 194.799 0 0 0 1 
Seq_Frame0027_DriverToReference-SequenceTransformStatus = OK
Seq_Frame0027_Timestamp = 2.874
Seq_Frame0028_DriverToReference-SequenceTransform =-0.630707 -0.363675 -0.685528 14.7028 -0.75362 0.497765 0.429287 275.95 0.185111 0.787382 -0.588017 195.626 0 0 0 1 
Seq_Frame0028_DriverToReference-SequenceTransformStatus = OK
Seq_Frame0028_Timestamp = 2.974
Seq_Frame0029_DriverToReference-SequenceTransform =-0.625964 -0.383536 -0.67902 15.7919 -0.756611 0.509659 0.409618 272.999 0.188965 0.770161 -0.609216 199.172 0 0 0 1 
Seq_Frame0029_DriverToReference-SequenceTransformStatus = OK
Seq_Frame0029_Timestamp = 3.08
Seq_Frame0030_DriverToReference-SequenceTransform =-0.628356 -0.378281 -0.679759 17.4511 -0.749638 0.527934 0.39916 272.374 0.207873 0.760388 -0.615304 201.09 0 0 0 1 
Seq_Frame0030_DriverToReference-SequenceTransformStatus = OK
Seq_Frame0030_Timestamp = 3.181
Seq_Frame0031_DriverToReference-SequenceTransform =-0.641653 -0.377589 -0.667613 19.1121 -0.741507 0.527913 0.414096 273.836 0.196084 0.760746 -0.618722 201.819 0 0 0 1 
Seq_Frame0031_DriverToReference-SequenceTransformStatus = OK
Seq_Frame0031_Timestamp = 3.285
Seq_Frame0032_DriverToReference-SequenceTransform =-0.641103 -0.376179 -0.668936 21.4423 -0.741433 0.528639 0.413302 275.567 0.19815 0.76094 -0.617824 203.916 0 0 0 1 
Seq_Frame0032_DriverToReference-SequenceTransformStatus = OK
Seq_Frame0032_Timestamp = 3.396
Seq_Frame0033_DriverToReference-SequenceTransform =-0.638814 -0.369722 -0.674702 24.8866 -0.739608 0.536638 0.406202 276.994 0.211889 0.758502 -0.616261 205.501 0 0 0 1 
Seq_Frame0033_DriverToReference-SequenceTransformStatus = OK
Seq_Frame0033_Timestamp = 3.499
Seq_Frame0034_DriverToReference-SequenceTransform =-0.640083 -0.371841 -0.67233 26.2098 -0.743245 0.521358 0.419253 281.958 0.194629 0.768063 -0.610082 204.527 0 0 0 1 
Seq_Frame0034_DriverToReference-SequenceTransformStatus = OK
Seq_Frame0034_Timestamp = 3.615
Seq_Frame0035_DriverToReference-SequenceTransform =-0.640985 -0.369162 -0.672947 25.9115 -0.746979 0.501658 0.436304 285.575 0.176523 0.782342 -0.597311 205.458 0 0 0 1 
Seq_Frame0035_DriverToReference-SequenceTransformStatus = OK
Seq_Frame0035_Timestamp = 3.719
Seq_Frame0036_DriverToReference-SequenceTransform =-0.633026 -0.36719 -0.681505 25.5707 -0.75216 0.499987 0.429265 286.748 0.183122 0.784337 -0.592691 205.742 0 0 0 1 
Seq_Frame0036_DriverToReference-SequenceTransformStatus = OK
Seq_Frame0036_Timestamp = 3.823
Seq_Frame0037_DriverToReference-SequenceTransform =-0.605777 -0.379989 -0.699029 23.1229 -0.775153 0.479933 0.410856 288.216 0.179366 0.790742 -0.585282 205.089 0 0 0 1 
Seq_Frame0037_DriverToReference-SequenceTransformStatus = OK
Seq_Frame0037_Timestamp = 3.924
Seq_Frame0038_DriverToReference-SequenceTransform =-0.507451 -0.435652 -0.743439 18.7144 -0.841943 0.434289 0.320196 286.619 0.183373 0.788416 -0.587174 202.093 0 0 0 1 
Seq_Frame0038_DriverToReference-SequenceTransformStatus = OK
Seq_Frame0038_Timestamp = 4.034
Seq_Frame0039_DriverToReference-SequenceTransform =-0.470443 -0.453142 -0.757196 17.4892 -0.864183 0.410181 0.291442 287.913 0.178522 0.791463 -0.584565 199.89 0 0 0 1 
Seq_Frame0039_DriverToReference-SequenceTransformStatus = OK
Seq_Frame0039_Timestamp = 4.139
Seq_Frame0040_DriverToReference-SequenceTransform =-0.403134 -0.450367 -0.796651 21.0835 -0.886482 0.408331 0.217752 294.464 0.22723 0.794 -0.563854 199.38 0 0 0 1 
Seq_Frame0040_DriverToReference-SequenceTransformStatus = OK
Seq_Frame0040_Timestamp = 4.243
Seq_Frame0041_DriverToReference-SequenceTransform =-0.43738 -0.667246 -0.602895 28.2602 -0.896856 0.372816 0.238029 300.094 0.065945 0.644819 -0.761485 201.894 0 0 0 1 
Seq_Frame0041_DriverToReference-SequenceTransformStatus = OK
Seq_Frame0041_Timestamp = 4.349
Seq_Frame0042_DriverToReference-SequenceTransform =0.584182 0.463428 0.666308 34.1761 -0.269464 0.885135 -0.379375 307.147 -0.765586 0.0420784 0.641957 196.243 0 0 0 1 
Seq_Frame0042_DriverToReference-SequenceTransformStatus = OK
Seq_Frame0042_Timestamp = 4.484
Seq_Frame0043_DriverToReference-SequenceTransform =-0.511003 -0.543072 -0.666295 34.6312 -0.859547 0.316174 0.401513 306.651 -0.00738562 0.777886 -0.628362 196.906 0 0 0 1 
Seq_Frame0043_DriverToReference-SequenceTransformStatus = OK
Seq_Frame0043_Timestamp = 4.599
Seq_Frame0044_DriverToReference-SequenceTransform =-0.511003 -0.543072 -0.666295 34.6312 -0.859547 0.316174 0.401513 306.651 -0.00738562 0.777886 -0.628362 196.906 0 0 0 1 
Seq_Frame0044_DriverToReference-SequenceTransformStatus = OK
Seq_Frame0044_Timestamp = 4.705
Seq_Frame0045_DriverToReference-SequenceTransform =-0.511003 -0.543072 -0.666295 34.6312 -0.859547 0.316174 0.401513 306.651 -0.00738562 0.777886 -0.628362 196.906 0 0 0 1 
Seq_Frame0045_DriverToReference-SequenceTransformStatus = OK
Seq_Frame0045_Timestamp = 4.919
Seq_Frame0046_DriverToReference-SequenceTransform =0.582197 0.571236 0.578564 29.582 -0.369044 0.819737 -0.437993 299.815 -0.724467 0.0414826 0.68806 206.898 0 0 0 1 
Seq_Frame0046_DriverToReference-SequenceTransformStatus = OK
Seq_Frame0046_Timestamp = 5.024
Seq_Frame0047_DriverToReference-SequenceTransform =0.55474 0.57658 0.599848 29.6817 -0.409939 0.816778 -0.405984 296.861 -0.724026 -0.0206856 0.689463 205.752 0 0 0 1 
Seq_Frame0047_DriverToReference-SequenceTransformStatus = OK
Seq_Frame0047_Timestamp = 5.134
Seq_Frame0048_DriverToReference-SequenceTransform =0.585373 0.581071 0.565416 31.6629 -0.411042 0.813813 -0.410795 294.001 -0.698844 0.00805917 0.715229 207.092 0 0 0 1 
Seq_Frame0048_DriverToReference-SequenceTransformStatus = OK
Seq_Frame0048_Timestamp = 5.248
Seq_Frame0049_DriverToReference-SequenceTransform =0.56874 0.58488 0.578317 30.9359 -0.433999 0.810655 -0.393044 291.516 -0.698699 -0.0274493 0.714889 207.732 0 0 0 1 
Seq_Frame0049_DriverToReference-SequenceTransformStatus = OK
Seq_Frame0049_Timestamp = 5.349
Seq_Frame0050_DriverToReference-SequenceTransform =0.543287 0.598311 0.588951 27.0281 -0.440082 0.800362 -0.407122 290.06 -0.71496 -0.0380019 0.698132 206.563 0 0 0 1 
Seq_Frame0050_DriverToReference-SequenceTransformStatus = OK
Seq_Frame0050_Timestamp = 5.459
Seq_Frame0051_DriverToReference-SequenceTransform =0.536216 0.613093 0.580163 23.4399 -0.450641 0.789114 -0.417399 287.256 -0.713719 -0.0376287 0.699421 204.424 0 0 0 1 
Seq_Frame0051_DriverToReference-SequenceTransformStatus = OK
Seq_Frame0051_Timestamp = 5.56
Seq_Frame0052_DriverToReference-SequenceTransform =0.522219 0.628481 0.576454 16.4264 -0.464207 0.776516 -0.426068 281.778 -0.715402 -0.0450933 0.697257 202.299 0 0 0 1 
Seq_Frame0052_DriverToReference-SequenceTransformStatus = OK
Seq_Frame0052_Timestamp = 5.666
Seq_Frame0053_DriverToReference-SequenceTransform =0.510011 0.664772 0.545863 9.07318 -0.487005 0.746254 -0.453797 275.113 -0.709024 -0.0343972 0.704345 200.538 0 0 0 1 
Seq_Frame0053_DriverToReference-SequenceTransformStatus = OK
Seq_Frame0053_Timestamp = 5.777
Seq_Frame0054_DriverToReference-SequenceTransform =0.504623 0.679424 0.532672 4.64655 -0.519867 0.731722 -0.440819 270.015 -0.689271 -0.0544714 0.722453 200.11 0 0 0 1 
Seq_Frame0054_DriverToReference-SequenceTransformStatus = OK
Seq_Frame0054_Timestamp = 5.878
Seq_Frame0055_DriverToReference-SequenceTransform =0.510011 0.690887 0.51241 -0.321389 -0.525038 0.721902 -0.450768 265.221 -0.68134 -0.0391378 0.73092 196.865 0 0 0 1 
Seq_Frame0055_DriverToReference-SequenceTransformStatus = OK
Seq_Frame0055_Timestamp = 5.978
Seq_Frame0056_DriverToReference-SequenceTransform =0.509298 0.687626 0.51748 -4.89617 -0.536935 0.723813 -0.433354 263.256 -0.672544 -0.0571472 0.737847 194.022 0 0 0 1 
Seq_Frame0056_DriverToReference-SequenceTransformStatus = OK
Seq_Frame0056_Timestamp = 6.084
Seq_Frame0057_DriverToReference-SequenceTransform =0.501305 0.71547 0.486616 -5.93463 -0.55685 0.697214 -0.451453 260.022 -0.662277 -0.0446564 0.747927 192.926 0 0 0 1 
Seq_Frame0057_DriverToReference-SequenceTransformStatus = OK
Seq_Frame0057_Timestamp = 6.189
Seq_Frame0058_DriverToReference-SequenceTransform =0.478115 0.770098 0.422322 -6.50337 -0.595947 0.637663 -0.488092 256.605 -0.645177 -0.0183171 0.763814 194.118 0 0 0 1 
Seq_Frame0058_DriverToReference-SequenceTransformStatus = OK
Seq_Frame0058_Timestamp = 6.299
Seq_Frame0059_DriverToReference-SequenceTransform =0.462318 0.833347 0.302977 -6.07305 -0.662113 0.551712 -0.507169 253.686 -0.589804 0.0338684 0.806836 196.243 0 0 0 1 
Seq_Frame0059_DriverToReference-SequenceTransformStatus = OK
Seq_Frame0059_Timestamp = 6.406
Seq_Frame0060_DriverToReference-SequenceTransform =0.485047 0.849016 0.209527 -4.2447 -0.726371 0.524573 -0.444081 250.387 -0.486944 0.0632057 0.871143 201.061 0 0 0 1 
Seq_Frame0060_DriverToReference-SequenceTransformStatus = OK
Seq_Frame0060_Timestamp = 6.509
Seq_Frame0061_DriverToReference-SequenceTransform =0.436555 0.828501 0.350722 -7.2701 -0.684124 0.558871 -0.468655 253.144 -0.58429 -0.0353435 0.810775 196.19 0 0 0 1 
Seq_Frame0061_DriverToReference-SequenceTransformStatus = OK
Seq_Frame0061_Timestamp = 6.62
Seq_Frame0062_DriverToReference-SequenceTransform =0.391164 0.81099 0.435071 -11.091 -0.661795 0.57638 -0.479389 254.836 -0.639545 -0.100408 0.762168 193.15 0 0 0 1 
Seq_Frame0062_DriverToReference-SequenceTransformStatus = OK
Seq_Frame0062_Timestamp = 6.722
Seq_Frame0063_DriverToReference-SequenceTransform =0.341769 0.798737 0.49519 -15.4437 -0.638052 0.584076 -0.501741 254.744 -0.689988 -0.144478 0.709255 190.614 0 0 0 1 
Seq_Frame0063_DriverToReference-SequenceTransformStatus = OK
Seq_Frame0063_Timestamp = 6.83
Seq_Frame0064_DriverToReference-SequenceTransform =0.334694 0.789924 0.51381 -17.4804 -0.624266 0.59431 -0.507038 254.977 -0.705884 -0.151052 0.692034 190.51 0 0 0 1 
Seq_Frame0064_DriverToReference-SequenceTransformStatus = OK
Seq_Frame0064_Timestamp = 6.941
Seq_Frame0065_DriverToReference-SequenceTransform =0.305616 0.81607 0.49054 -16.5282 -0.619905 0.561579 -0.548039 256.308 -0.722715 -0.136599 0.677513 190.813 0 0 0 1 
Seq_Frame0065_DriverToReference-SequenceTransformStatus = OK
Seq_Frame0065_Timestamp = 7.057
Seq_Frame0066_DriverToReference-SequenceTransform =0.288564 0.828524 0.479873 -15.3537 -0.649711 0.537585 -0.537473 253.937 -0.703282 -0.156683 0.69343 190.104 0 0 0 1 
Seq_Frame0066_DriverToReference-SequenceTransformStatus = OK
Seq_Frame0066_Timestamp = 7.164
Seq_Frame0067_DriverToReference-SequenceTransform =0.273189 0.862602 0.425776 -12.3752 -0.669888 0.488246 -0.559345 252.845 -0.690375 -0.132415 0.71123 189.554 0 0 0 1 
Seq_Frame0067_DriverToReference-SequenceTransformStatus = OK
Seq_Frame0067_Timestamp = 7.279
Seq_Frame0068_DriverToReference-SequenceTransform =0.249496 0.889767 0.382187 -9.66121 -0.683091 0.441453 -0.581813 252.404 -0.686395 -0.115908 0.717932 189.216 0 0 0 1 
Seq_Frame0068_DriverToReference-SequenceTransformStatus = OK
Seq_Frame0068_Timestamp = 7.39
Seq_Frame0069_DriverToReference-SequenceTransform =0.233402 0.914319 0.330975 -5.84031 -0.717155 0.391724 -0.576404 249.487 -0.656668 -0.102826 0.747137 188.55 0 0 0 1 
Seq_Frame0069_DriverToReference-SequenceTransformStatus = OK
Seq_Frame0069_Timestamp = 7.494
Seq_Frame0070_DriverToReference-SequenceTransform =0.244467 0.904749 0.348806 -5.7985 -0.720178 0.410287 -0.559471 249.784 -0.649291 -0.11443 0.751882 188.395 0 0 0 1 
Seq_Frame0070_DriverToReference-SequenceTransformStatus = OK
Seq_Frame0070_Timestamp = 7.599
Seq_Frame0071_DriverToReference-SequenceTransform =0.233791 0.920947 0.311766 -6.6669 -0.731083 0.377901 -0.568074 249.173 -0.640983 -0.0951163 0.761639 187.551 0 0 0 1 
Seq_Frame0071_DriverToReference-SequenceTransformStatus = OK
Seq_Frame0071_Timestamp = 7.708
Seq_Frame0072_DriverToReference-SequenceTransform =0.280521 0.89609 0.343992 -7.68185 -0.740501 0.430064 -0.516434 245.742 -0.61071 -0.109856 0.784197 187.867 0 0 0 1 
Seq_Frame0072_DriverToReference-SequenceTransformStatus = OK
Seq_Frame0072_Timestamp = 7.823
Seq_Frame0073_DriverToReference-SequenceTransform =0.406902 0.737883 0.538478 -17.1281 -0.6673 0.64267 -0.376412 244.699 -0.623812 -0.206163 0.753893 185.46 0 0 0 1 
Seq_Frame0073_DriverToReference-SequenceTransformStatus = OK
Seq_Frame0073_Timestamp = 7.929
Seq_Frame0074_DriverToReference-SequenceTransform =0.557653 0.471702 0.683023 -31.7444 -0.515328 0.841806 -0.16062 250.447 -0.650738 -0.262411 0.712517 181.807 0 0 0 1 
Seq_Frame0074_DriverToReference-SequenceTransformStatus = OK
Seq_Frame0074_Timestamp = 8.031
Seq_Frame0075_DriverToReference-SequenceTransform =0.600574 0.224742 0.767335 -43.9915 -0.362293 0.932004 0.010586 255.421 -0.71278 -0.284357 0.64116 180.679 0 0 0 1 
Seq_Frame0075_DriverToReference-SequenceTransformStatus = OK
Seq_Frame0075_Timestamp = 8.134
Seq_Frame0076_DriverToReference-SequenceTransform =0.572092 0.109646 0.812827 -50.861 -0.244203 0.968849 0.0411853 259.157 -0.782991 -0.222056 0.581047 181.682 0 0 0 1 
Seq_Frame0076_DriverToReference-SequenceTransformStatus = OK
Seq_Frame0076_Timestamp = 8.239
Seq_Frame0077_DriverToReference-SequenceTransform =0.52006 0.035285 0.853401 -55.2053 -0.140122 0.989134 0.0444931 261.59 -0.842558 -0.14272 0.519353 182.811 0 0 0 1 
Seq_Frame0077_DriverToReference-SequenceTransformStatus = OK
Seq_Frame0077_Timestamp = 8.34
Seq_Frame0078_DriverToReference-SequenceTransform =0.521367 -0.00233432 0.853329 -55.1879 -0.0739899 0.996106 0.0479313 261.906 -0.850119 -0.0881275 0.519165 184.771 0 0 0 1 
Seq_Frame0078_DriverToReference-SequenceTransformStatus = OK
Seq_Frame0078_Timestamp = 8.441
Seq_Frame0079_DriverToReference-SequenceTransform =0.504004 -0.00443544 0.86369 -54.2532 -0.0572148 0.997619 0.0385108 261.256 -0.861804 -0.0688254 0.50255 185.888 0 0 0 1 
Seq_Frame0079_DriverToReference-SequenceTransformStatus = OK
Seq_Frame0079_Timestamp = 8.548
Seq_Frame0080_DriverToReference-SequenceTransform =0.524243 0.0195158 0.851345 -53.6237 -0.0981726 0.994457 0.0376565 259.528 -0.845891 -0.10332 0.523253 186.163 0 0 0 1 
Seq_Frame0080_DriverToReference-SequenceTransformStatus = OK
Seq_Frame0080_Timestamp = 8.649
Seq_Frame0081_DriverToReference-SequenceTransform =0.545537 0.0312568 0.837503 -52.976 -0.139512 0.988748 0.0539746 257.452 -0.826393 -0.146287 0.54376 185.674 0 0 0 1 
Seq_Frame0081_DriverToReference-SequenceTransformStatus = OK
Seq_Frame0081_Timestamp = 8.756
Seq_Frame0082_DriverToReference-SequenceTransform =0.533423 0.0447409 0.844665 -52.6938 -0.156268 0.986623 0.0464259 255.796 -0.831289 -0.156758 0.533279 186.871 0 0 0 1 
Seq_Frame0082_DriverToReference-SequenceTransformStatus = OK
Seq_Frame0082_Timestamp = 8.859
Seq_Frame0083_DriverToReference-SequenceTransform =0.551435 0.0529156 0.832538 -52.0588 -0.184392 0.981033 0.0597788 254.935 -0.813584 -0.186477 0.550734 186.177 0 0 0 1 
Seq_Frame0083_DriverToReference-SequenceTransformStatus = OK
Seq_Frame0083_Timestamp = 8.969
Seq_Frame0084_DriverToReference-SequenceTransform =0.550193 0.0636997 0.832605 -51.6833 -0.19452 0.979433 0.0536076 253.856 -0.812065 -0.191453 0.551268 186.501 0 0 0 1 
Seq_Frame0084_DriverToReference-SequenceTransformStatus = OK
Seq_Frame0084_Timestamp = 9.075
Seq_Frame0085_DriverToReference-SequenceTransform =0.5384 0.0832553 0.838567 -51.0392 -0.214718 0.975816 0.0409775 253.076 -0.814875 -0.202118 0.543256 185.093 0 0 0 1 
Seq_Frame0085_DriverToReference-SequenceTransformStatus = OK
Seq_Frame0085_Timestamp = 9.175
Seq_Frame0086_DriverToReference-SequenceTransform =0.534318 0.15906 0.830183 -49.0614 -0.302142 0.953189 0.0118357 252.273 -0.78944 -0.257157 0.557365 182.528 0 0 0 1 
Seq_Frame0086_DriverToReference-SequenceTransformStatus = OK
Seq_Frame0086_Timestamp = 9.29
Seq_Frame0087_DriverToReference-SequenceTransform =0.452473 0.161028 0.877119 -52.5542 -0.321193 0.946979 -0.00816131 257.113 -0.831927 -0.278032 0.480203 178.675 0 0 0 1 
Seq_Frame0087_DriverToReference-SequenceTransformStatus = OK
Seq_Frame0087_Timestamp = 9.4
Seq_Frame0088_DriverToReference-SequenceTransform =0.373965 0.0674655 0.924986 -58.4368 -0.252171 0.967173 0.0314087 260.353 -0.892502 -0.245001 0.378702 183.139 0 0 0 1 
Seq_Frame0088_DriverToReference-SequenceTransformStatus = OK
Seq_Frame0088_Timestamp = 9.504
Seq_Frame0089_DriverToReference-SequenceTransform =0.404301 -0.089828 0.910204 -52.8732 -0.238139 0.950503 0.199584 258.153 -0.88308 -0.297447 0.362898 187.367 0 0 0 1 
Seq_Frame0089_DriverToReference-SequenceTransformStatus = OK
Seq_Frame0089_Timestamp = 9.614
Seq_Frame0090_DriverToReference-SequenceTransform =0.4129 -0.241348 0.878217 -39.9077 -0.361658 0.841524 0.4013 235.147 -0.835893 -0.483311 0.26018 199.315 0 0 0 1 
Seq_Frame0090_DriverToReference-SequenceTransformStatus = OK
Seq_Frame0090_Timestamp = 9.763
Seq_Frame0091_DriverToReference-SequenceTransform =0.394132 -0.208012 0.895204 -36.2147 -0.414422 0.829177 0.375127 247.755 -0.820314 -0.518842 0.240601 187.494 0 0 0 1 
Seq_Frame0091_DriverToReference-SequenceTransformStatus = OK
Seq_Frame0091_Timestamp = 9.874
Seq_Frame0092_DriverToReference-SequenceTransform =0.371433 -0.152134 0.915911 -34.2023 -0.450033 0.833354 0.320924 252.722 -0.812101 -0.531392 0.24107 186.902 0 0 0 1 
Seq_Frame0092_DriverToReference-SequenceTransformStatus = OK
Seq_Frame0092_Timestamp = 9.983
Seq_Frame0093_DriverToReference-SequenceTransform =-0.419517 -0.383213 -0.822894 -16.0702 -0.812507 0.562744 0.152157 283.278 0.40477 0.732439 -0.547443 180.215 0 0 0 1 
Seq_Frame0093_DriverToReference-SequenceTransformStatus = OK
Seq_Frame0093_Timestamp = 10.085
Seq_Frame0094_DriverToReference-SequenceTransform =-0.908292 -0.227868 -0.350831 12.8597 -0.412578 0.626617 0.661159 297.914 0.0691798 0.74527 -0.663164 179.032 0 0 0 1 
Seq_Frame0094_DriverToReference-SequenceTransformStatus = OK
Seq_Frame0094_Timestamp = 10.198
Seq_Frame0095_DriverToReference-SequenceTransform =-0.991613 -0.127087 -0.0234941 26.6202 -0.0983921 0.624478 0.77482 293.775 -0.0837982 0.770633 -0.631745 179.43 0 0 0 1 
Seq_Frame0095_DriverToReference-SequenceTransformStatus = OK
Seq_Frame0095_Timestamp = 10.299
Seq_Frame0096_DriverToReference-SequenceTransform =-0.98346 -0.0754788 0.16465 36.3588 0.0850317 0.610239 0.787641 286.958 -0.159926 0.788614 -0.593727 180.787 0 0 0 1 
Seq_Frame0096_DriverToReference-SequenceTransformStatus = OK
Seq_Frame0096_Timestamp = 10.399
Seq_Frame0097_DriverToReference-SequenceTransform =-0.961038 -0.0836878 0.263443 45.6507 0.158554 0.613786 0.773387 280.866 -0.226421 0.785024 -0.576603 184.412 0 0 0 1 
Seq_Frame0097_DriverToReference-SequenceTransformStatus = OK
Seq_Frame0097_Timestamp = 10.508
Seq_Frame0098_DriverToReference-SequenceTransform =-0.956034 -0.0805248 0.281983 46.8311 0.178396 0.60348 0.777166 280.654 -0.232752 0.793302 -0.562582 187.345 0 0 0 1 
Seq_Frame0098_DriverToReference-SequenceTransformStatus = OK
Seq_Frame0098_Timestamp = 10.609
Seq_Frame0099_DriverToReference-SequenceTransform =-0.961719 -0.0672081 0.26567 46.079 0.175153 0.59484 0.78453 281.113 -0.210758 0.80103 -0.560297 188.567 0 0 0 1 
Seq_Frame0099_DriverToReference-SequenceTransformStatus = OK
Seq_Frame0099_Timestamp = 10.714
Seq_Frame0100_DriverToReference-SequenceTransform =-0.959243 -0.0732552 0.272924 46.7721 0.178679 0.591002 0.786632 281.765 -0.218924 0.803337 -0.553825 188.336 0 0 0 1 
Seq_Frame0100_DriverToReference-SequenceTransformStatus = OK
Seq_Frame0100_Timestamp = 10.824
Seq_Frame0101_DriverToReference-SequenceTransform =-0.954922 -0.0695158 0.288602 46.8045 0.195094 0.585795 0.786627 282.281 -0.223745 0.807472 -0.545827 188.955 0 0 0 1 
Seq_Frame0101_DriverToReference-SequenceTransformStatus = OK
Seq_Frame0101_Timestamp = 10.93
Seq_Frame0102_DriverToReference-SequenceTransform =-0.953135 -0.0536142 0.297757 46.3214 0.211886 0.584218 0.78345 279.873 -0.215959 0.809824 -0.545478 188.658 0 0 0 1 
Seq_Frame0102_DriverToReference-SequenceTransformStatus = OK
Seq_Frame0102_Timestamp = 11.03
Seq_Frame0103_DriverToReference-SequenceTransform =-0.951944 -0.0496473 0.302223 46.7487 0.218865 0.580005 0.784661 278.91 -0.214247 0.813099 -0.541266 188.597 0 0 0 1 
Seq_Frame0103_DriverToReference-SequenceTransformStatus = OK
Seq_Frame0103_Timestamp = 11.131
Seq_Frame0104_DriverToReference-SequenceTransform =-0.951173 -0.0291385 0.307281 47.2777 0.233486 0.583206 0.778046 277.334 -0.201879 0.811802 -0.547926 188.995 0 0 0 1 
Seq_Frame0104_DriverToReference-SequenceTransformStatus = OK
Seq_Frame0104_Timestamp = 11.231
Seq_Frame0105_DriverToReference-SequenceTransform =-0.944876 -0.0307391 0.325981 46.6717 0.251252 0.570325 0.78205 277.388 -0.209955 0.820844 -0.531164 189.289 0 0 0 1 
Seq_Frame0105_DriverToReference-SequenceTransformStatus = OK
Seq_Frame0105_Timestamp = 11.341
Seq_Frame0106_DriverToReference-SequenceTransform =-0.948514 -0.0195418 0.316131 46.7351 0.250231 0.565664 0.785754 277.88 -0.194179 0.824405 -0.53165 189.732 0 0 0 1 
Seq_Frame0106_DriverToReference-SequenceTransformStatus = OK
Seq_Frame0106_Timestamp = 11.447
Seq_Frame0107_DriverToReference-SequenceTransform =-0.939986 -0.0347321 0.339442 47.7343 0.25655 0.583944 0.77019 276.274 -0.224965 0.811051 -0.539988 190.75 0 0 0 1 
Seq_Frame0107_DriverToReference-SequenceTransformStatus = OK
Seq_Frame0107_Timestamp = 11.554
Seq_Frame0108_DriverToReference-SequenceTransform =-0.935245 -0.0561845 0.349514 54.1011 0.25243 0.586351 0.769722 275.643 -0.248184 0.808106 -0.534199 193.648 0 0 0 1 
Seq_Frame0108_DriverToReference-SequenceTransformStatus = OK
Seq_Frame0108_Timestamp = 11.66
Seq_Frame0109_DriverToReference-SequenceTransform =-0.946147 -0.0712079 0.31581 60.9821 0.219243 0.576821 0.786899 279.492 -0.238199 0.813761 -0.530145 196.529 0 0 0 1 
Seq_Frame0109_DriverToReference-SequenceTransformStatus = OK
Seq_Frame0109_Timestamp = 11.772
Seq_Frame0110_DriverToReference-SequenceTransform =-0.924992 -0.0678795 0.373875 65.1169 0.26176 0.599402 0.756438 276.657 -0.275448 0.797565 -0.536674 200.513 0 0 0 1 
Seq_Frame0110_DriverToReference-SequenceTransformStatus = OK
Seq_Frame0110_Timestamp = 11.872
Seq_Frame0111_DriverToReference-SequenceTransform =-0.86023 0.0740171 0.504505 69.3579 0.444293 0.594315 0.670368 263.62 -0.250216 0.800819 -0.544133 206.883 0 0 0 1 
Seq_Frame0111_DriverToReference-SequenceTransformStatus = OK
Seq_Frame0111_Timestamp = 11.982
Seq_Frame0112_DriverToReference-SequenceTransform =-0.77915 0.168312 0.603818 69.0253 0.580597 0.556886 0.593957 253.378 -0.236288 0.813356 -0.531619 208.833 0 0 0 1 
Seq_Frame0112_DriverToReference-SequenceTransformStatus = OK
Seq_Frame0112_Timestamp = 12.084
Seq_Frame0113_DriverToReference-SequenceTransform =-0.743217 0.187895 0.642125 70.6458 0.62633 0.532854 0.569014 247.091 -0.235244 0.825083 -0.51371 210.749 0 0 0 1 
Seq_Frame0113_DriverToReference-SequenceTransformStatus = OK
Seq_Frame0113_Timestamp = 12.189
Seq_Frame0114_DriverToReference-SequenceTransform =-0.797269 0.134437 0.588463 78.747 0.541201 0.590947 0.598234 249.164 -0.267326 0.79543 -0.543901 213.749 0 0 0 1 
Seq_Frame0114_DriverToReference-SequenceTransformStatus = OK
Seq_Frame0114_Timestamp = 12.298
Seq_Frame0115_DriverToReference-SequenceTransform =-0.855814 0.062577 0.513485 89.3989 0.427064 0.645601 0.6331 254.056 -0.291889 0.761107 -0.579238 218.739 0 0 0 1 
Seq_Frame0115_DriverToReference-SequenceTransformStatus = OK
Seq_Frame0115_Timestamp = 12.41
Seq_Frame0116_DriverToReference-SequenceTransform =-0.876022 0.0136565 0.482078 97.859 0.363845 0.674821 0.642054 257.413 -0.316549 0.737855 -0.596127 222.085 0 0 0 1 
Seq_Frame0116_DriverToReference-SequenceTransformStatus = OK
Seq_Frame0116_Timestamp = 12.53
Seq_Frame0117_DriverToReference-SequenceTransform =-0.896986 -0.0163825 0.441755 103.325 0.303467 0.703824 0.642292 257.345 -0.321441 0.710185 -0.626349 226.221 0 0 0 1 
Seq_Frame0117_DriverToReference-SequenceTransformStatus = OK
Seq_Frame0117_Timestamp = 12.631
Seq_Frame0118_DriverToReference-SequenceTransform =-0.91278 -0.054405 0.404813 105.578 0.237208 0.736222 0.633806 257.968 -0.332514 0.67455 -0.659103 226.481 0 0 0 1 
Seq_Frame0118_DriverToReference-SequenceTransformStatus = OK
Seq_Frame0118_Timestamp = 12.739
Seq_Frame0119_DriverToReference-SequenceTransform =-0.936345 -0.0723203 0.343552 105.967 0.173643 0.755086 0.632213 259.471 -0.305133 0.651625 -0.694463 226.405 0 0 0 1 
Seq_Frame0119_DriverToReference-SequenceTransformStatus = OK
Seq_Frame0119_Timestamp = 12.847
Seq_Frame0120_DriverToReference-SequenceTransform =-0.94384 -0.0869916 0.318745 104.596 0.135221 0.778521 0.612878 257.338 -0.301465 0.62156 -0.723036 225.042 0 0 0 1 
Seq_Frame0120_DriverToReference-SequenceTransformStatus = OK
Seq_Frame0120_Timestamp = 12.957
Seq_Frame0121_DriverToReference-SequenceTransform =-0.962008 -0.076986 0.261944 102.713 0.091608 0.812785 0.575317 251.344 -0.257195 0.577455 -0.774852 225.004 0 0 0 1 
Seq_Frame0121_DriverToReference-SequenceTransformStatus = OK
Seq_Frame0121_Timestamp = 13.057
Seq_Frame0122_DriverToReference-SequenceTransform =-0.968937 -0.0897534 0.230447 99.9548 0.0498071 0.841907 0.53732 243.155 -0.242241 0.532107 -0.811284 224.984 0 0 0 1 
Seq_Frame0122_DriverToReference-SequenceTransformStatus = OK
Seq_Frame0122_Timestamp = 13.161
Seq_Frame0123_DriverToReference-SequenceTransform =-0.953335 -0.108064 0.281912 98.5351 0.0564671 0.853452 0.518103 240.152 -0.296586 0.509845 -0.807524 223.205 0 0 0 1 
Seq_Frame0123_DriverToReference-SequenceTransformStatus = OK
Seq_Frame0123_Timestamp = 13.266
Seq_Frame0124_DriverToReference-SequenceTransform =-0.999983 -0.00358384 -0.00450416 97.6953 -0.00533121 0.871701 0.49001 233.866 0.00217016 0.490025 -0.871705 232.804 0 0 0 1 
Seq_Frame0124_DriverToReference-SequenceTransformStatus = OK
Seq_Frame0124_Timestamp = 13.53
Seq_Frame0125_DriverToReference-SequenceTransform =-0.977298 -0.0468239 0.206628 97.8443 0.0593629 0.87569 0.479212 234.05 -0.203381 0.480599 -0.853031 230.155 0 0 0 1 
Seq_Frame0125_DriverToReference-SequenceTransformStatus = OK
Seq_Frame0125_Timestamp = 15.058
Seq_Frame0126_DriverToReference-SequenceTransform =-0.87934 -0.352395 -0.320279 66.2927 -0.443595 0.850758 0.281841 251.967 0.173161 0.389908 -0.904426 206.568 0 0 0 1 
Seq_Frame0126_DriverToReference-SequenceTransformStatus = OK
Seq_Frame0126_Timestamp = 15.17
Seq_Frame0127_DriverToReference-SequenceTransform =-0.761287 -0.407616 -0.504272 57.9871 -0.538257 0.830911 0.140948 248.547 0.361553 0.37873 -0.851964 206.972 0 0 0 1 
Seq_Frame0127_DriverToReference-SequenceTransformStatus = OK
Seq_Frame0127_Timestamp = 15.27
Seq_Frame0128_DriverToReference-SequenceTransform =-0.722902 -0.429929 -0.540901 55.7501 -0.563679 0.819694 0.10182 249.331 0.399598 0.3785 -0.8349 206.387 0 0 0 1 
Seq_Frame0128_DriverToReference-SequenceTransformStatus = OK
Seq_Frame0128_Timestamp = 15.378
Seq_Frame0129_DriverToReference-SequenceTransform =-0.722902 -0.429929 -0.540901 55.7501 -0.563679 0.819694 0.10182 249.331 0.399598 0.3785 -0.8349 206.387 0 0 0 1 
Seq_Frame0129_DriverToReference-SequenceTransformStatus = OK
Seq_Frame0129_Timestamp = 15.484
Seq_Frame0130_DriverToReference-SequenceTransform =-0.722902 -0.429929 -0.540901 55.7501 -0.563679 0.819694 0.10182 249.331 0.399598 0.3785 -0.8349 206.387 0 0 0 1 
Seq_Frame0130_DriverToReference-SequenceTransformStatus = OK
Seq_Frame0130_Timestamp = 15.598
Seq_Frame0131_DriverToReference-SequenceTransform =-0.722902 -0.429929 -0.540901 55.7501 -0.563679 0.819694 0.10182 249.331 0.399598 0.3785 -0.8349 206.387 0 0 0 1 
Seq_Frame0131_DriverToReference-SequenceTransformStatus = OK
Seq_Frame0131_Timestamp = 15.699
Seq_Frame0132_DriverToReference-SequenceTransform =-0.722902 -0.429929 -0.540901 55.7501 -0.563679 0.819694 0.10182 249.331 0.399598 0.3785 -0.8349 206.387 0 0 0 1 
Seq_Frame0132_DriverToReference-SequenceTransformStatus = OK
Seq_Frame0132_Timestamp = 15.803
Seq_Frame0133_DriverToReference-SequenceTransform =-0.722902 -0.429929 -0.540901 55.7501 -0.563679 0.819694 0.10182 249.331 0.399598 0.3785 -0.8349 206.387 0 0 0 1 
Seq_Frame0133_DriverToReference-SequenceTransformStatus = OK
Seq_Frame0133_Timestamp = 15.914
Seq_Frame0134_DriverToReference-SequenceTransform =-0.722902 -0.429929 -0.540901 55.7501 -0.563679 0.819694 0.10182 249.331 0.399598 0.3785 -0.8349 206.387 0 0 0 1 
Seq_Frame0134_DriverToReference-SequenceTransformStatus = OK
Seq_Frame0134_Timestamp = 16.02
Seq_Frame0135_DriverToReference-SequenceTransform =-0.722902 -0.429929 -0.540901 55.7501 -0.563679 0.819694 0.10182 249.331 0.399598 0.3785 -0.8349 206.387 0 0 0 1 
Seq_Frame0135_DriverToReference-SequenceTransformStatus = OK
Seq_Frame0135_Timestamp = 16.124
Seq_Frame0136_DriverToReference-SequenceTransform =-0.722902 -0.429929 -0.540901 55.7501 -0.563679 0.819694 0.10182 249.331 0.399598 0.3785 -0.8349 206.387 0 0 0 1 
Seq_Frame0136_DriverToReference-SequenceTransformStatus = OK
Seq_Frame0136_Timestamp = 16.237
Seq_Frame0137_DriverToReference-SequenceTransform =-0.722902 -0.429929 -0.540901 55.7501 -0.563679 0.819694 0.10182 249.331 0.399598 0.3785 -0.8349 206.387 0 0 0 1 
Seq_Frame0137_DriverToReference-SequenceTransformStatus = OK
Seq_Frame0137_Timestamp = 16.339
Seq_Frame0138_DriverToReference-SequenceTransform =-0.722902 -0.429929 -0.540901 55.7501 -0.563679 0.819694 0.10182 249.331 0.399598 0.3785 -0.8349 206.387 0 0 0 1 
Seq_Frame0138_DriverToReference-SequenceTransformStatus = OK
Seq_Frame0138_Timestamp = 16.444
Seq_Frame0139_DriverToReference-SequenceTransform =-0.722902 -0.429929 -0.540901 55.7501 -0.563679 0.819694 0.10182 249.331 0.399598 0.3785 -0.8349 206.387 0 0 0 1 
Seq_Frame0139_DriverToReference-SequenceTransformStatus = OK
Seq_Frame0139_Timestamp = 16.554
Seq_Frame0140_DriverToReference-SequenceTransform =-0.722902 -0.429929 -0.540901 55.7501 -0.563679 0.819694 0.10182 249.331 0.399598 0.3785 -0.8349 206.387 0 0 0 1 
Seq_Frame0140_DriverToReference-SequenceTransformStatus = OK
Seq_Frame0140_Timestamp = 16.664
Seq_Frame0141_DriverToReference-SequenceTransform =-0.722902 -0.429929 -0.540901 55.7501 -0.563679 0.819694 0.10182 249.331 0.399598 0.3785 -0.8349 206.387 0 0 0 1 
Seq_Frame0141_DriverToReference-SequenceTransformStatus = OK
Seq_Frame0141_Timestamp = 16.769
Seq_Frame0142_DriverToReference-SequenceTransform =-0.722902 -0.429929 -0.540901 55.7501 -0.563679 0.819694 0.10182 249.331 0.399598 0.3785 -0.8349 206.387 0 0 0 1 
Seq_Frame0142_DriverToReference-SequenceTransformStatus = OK
Seq_Frame0142_Timestamp = 16.875
Seq_Frame0143_DriverToReference-SequenceTransform =-0.722902 -0.429929 -0.540901 55.7501 -0.563679 0.819694 0.10182 249.331 0.399598 0.3785 -0.8349 206.387 0 0 0 1 
Seq_Frame0143_DriverToReference-SequenceTransformStatus = OK
Seq_Frame0143_Timestamp = 16.985
Seq_Frame0144_DriverToReference-SequenceTransform =-0.722902 -0.429929 -0.540901 55.7501 -0.563679 0.819694 0.10182 249.331 0.399598 0.3785 -0.8349 206.387 0 0 0 1 
Seq_Frame0144_DriverToReference-SequenceTransformStatus = OK
Seq_Frame0144_Timestamp = 17.095
Seq_Frame0145_DriverToReference-SequenceTransform =-0.722902 -0.429929 -0.540901 55.7501 -0.563679 0.819694 0.10182 249.331 0.399598 0.3785 -0.8349 206.387 0 0 0 1 
Seq_Frame0145_DriverToReference-SequenceTransformStatus = OK
Seq_Frame0145_Timestamp = 17.199
Seq_Frame0146_DriverToReference-SequenceTransform =-0.722902 -0.429929 -0.540901 55.7501 -0.563679 0.819694 0.10182 249.331 0.399598 0.3785 -0.8349 206.387 0 0 0 1 
Seq_Frame0146_DriverToReference-SequenceTransformStatus = OK
Seq_Frame0146_Timestamp = 17.313
Seq_Frame0147_DriverToReference-SequenceTransform =-0.722902 -0.429929 -0.540901 55.7501 -0.563679 0.819694 0.10182 249.331 0.399598 0.3785 -0.8349 206.387 0 0 0 1 
Seq_Frame0147_DriverToReference-SequenceTransformStatus = OK
Seq_Frame0147_Timestamp = 17.414
Seq_Frame0148_DriverToReference-SequenceTransform =-0.722902 -0.429929 -0.540901 55.7501 -0.563679 0.819694 0.10182 249.331 0.399598 0.3785 -0.8349 206.387 0 0 0 1 
Seq_Frame0148_DriverToReference-SequenceTransformStatus = OK
Seq_Frame0148_Timestamp = 17.519
Seq_Frame0149_DriverToReference-SequenceTransform =-0.722902 -0.429929 -0.540901 55.7501 -0.563679 0.819694 0.10182 249.331 0.399598 0.3785 -0.8349 206.387 0 0 0 1 
Seq_Frame0149_DriverToReference-SequenceTransformStatus = OK
Seq_Frame0149_Timestamp = 17.624
Seq_Frame0150_DriverToReference-SequenceTransform =-0.503104 -0.53178 -0.681246 55.9247 -0.664217 0.742239 -0.0888624 254.348 0.552903 0.407788 -0.726641 201.509 0 0 0 1 
Seq_Frame0150_DriverToReference-SequenceTransformStatus = OK
Seq_Frame0150_Timestamp = 17.732
Seq_Frame0151_DriverToReference-SequenceTransform =-0.559941 -0.495008 -0.664404 59.4028 -0.642451 0.765774 -0.0290934 256.063 0.523185 0.410556 -0.746807 201.742 0 0 0 1 
