ObjectType = Image
NDims = 3
AnatomicalOrientation = RAI
BinaryData = True
CompressedData = False
DimSize = 0 0 3953
ElementSpacing = 1 1 1
Offset = 0 0 0
TransformMatrix = 1 0 0 0 1 0 0 0 1
ElementType = MET_UCHAR
Kinds = domain domain list
Seq_Frame0000_ForcepToReference-SequenceTransform =0.66012 -0.158672 -0.734211 -1.81744 0.452275 -0.696446 0.557145 69.8495 -0.599741 -0.699847 -0.387975 103.017 0 0 0 1 
Seq_Frame0000_ForcepToReference-SequenceTransformStatus = OK
Seq_Frame0000_Timestamp = 0.00899982
Seq_Frame0001_ForcepToReference-SequenceTransform =0.659992 -0.158252 -0.734416 -1.79117 0.452411 -0.696718 0.556694 69.9622 -0.599779 -0.699671 -0.388234 102.977 0 0 0 1 
Seq_Frame0001_ForcepToReference-SequenceTransformStatus = OK
Seq_Frame0001_Timestamp = 0.117
Seq_Frame0002_ForcepToReference-SequenceTransform =0.659876 -0.158301 -0.73451 -1.78715 0.453067 -0.696018 0.557036 69.9186 -0.599411 -0.700357 -0.387565 102.985 0 0 0 1 
Seq_Frame0002_ForcepToReference-SequenceTransformStatus = OK
Seq_Frame0002_Timestamp = 0.224
Seq_Frame0003_ForcepToReference-SequenceTransform =0.66055 -0.158121 -0.733942 -1.81462 0.450895 -0.69809 0.556204 69.9909 -0.600306 -0.698332 -0.389828 102.921 0 0 0 1 
Seq_Frame0003_ForcepToReference-SequenceTransformStatus = OK
Seq_Frame0003_Timestamp = 0.348
Seq_Frame0004_ForcepToReference-SequenceTransform =0.660347 -0.158089 -0.734132 -1.81521 0.452756 -0.696125 0.557155 69.9365 -0.599128 -0.700298 -0.388109 102.957 0 0 0 1 
Seq_Frame0004_ForcepToReference-SequenceTransformStatus = OK
Seq_Frame0004_Timestamp = 0.449
Seq_Frame0005_ForcepToReference-SequenceTransform =0.660476 -0.158236 -0.733985 -1.82907 0.452595 -0.696088 0.557333 69.8983 -0.599108 -0.700302 -0.388132 102.948 0 0 0 1 
Seq_Frame0005_ForcepToReference-SequenceTransformStatus = OK
Seq_Frame0005_Timestamp = 0.55
Seq_Frame0006_ForcepToReference-SequenceTransform =0.66033 -0.158219 -0.734119 -1.82736 0.452064 -0.69685 0.556812 69.9545 -0.599669 -0.699548 -0.388626 102.943 0 0 0 1 
Seq_Frame0006_ForcepToReference-SequenceTransformStatus = OK
Seq_Frame0006_Timestamp = 0.653
Seq_Frame0007_ForcepToReference-SequenceTransform =0.659891 -0.158527 -0.734448 -1.84055 0.45272 -0.696239 0.557042 69.9024 -0.599657 -0.700086 -0.387673 102.945 0 0 0 1 
Seq_Frame0007_ForcepToReference-SequenceTransformStatus = OK
Seq_Frame0007_Timestamp = 0.764
Seq_Frame0008_ForcepToReference-SequenceTransform =0.660375 -0.158317 -0.734058 -1.84228 0.453051 -0.695582 0.557593 69.8939 -0.598874 -0.700786 -0.387619 102.947 0 0 0 1 
Seq_Frame0008_ForcepToReference-SequenceTransformStatus = OK
Seq_Frame0008_Timestamp = 0.868
Seq_Frame0009_ForcepToReference-SequenceTransform =0.660141 -0.158473 -0.734234 -1.82207 0.452249 -0.696608 0.556964 69.9084 -0.599737 -0.699731 -0.38819 102.953 0 0 0 1 
Seq_Frame0009_ForcepToReference-SequenceTransformStatus = OK
Seq_Frame0009_Timestamp = 0.974
Seq_Frame0010_ForcepToReference-SequenceTransform =0.659817 -0.158588 -0.734501 -1.82748 0.453795 -0.695001 0.557713 69.849 -0.598926 -0.701301 -0.386607 102.993 0 0 0 1 
Seq_Frame0010_ForcepToReference-SequenceTransformStatus = OK
Seq_Frame0010_Timestamp = 1.079
Seq_Frame0011_ForcepToReference-SequenceTransform =0.661245 -0.158184 -0.733303 -1.83397 0.451916 -0.696238 0.557697 69.871 -0.598771 -0.700165 -0.388898 102.99 0 0 0 1 
Seq_Frame0011_ForcepToReference-SequenceTransformStatus = OK
Seq_Frame0011_Timestamp = 1.191
Seq_Frame0012_ForcepToReference-SequenceTransform =0.660483 -0.158327 -0.733958 -1.83481 0.452288 -0.696371 0.557229 69.9155 -0.599331 -0.7 -0.388332 102.931 0 0 0 1 
Seq_Frame0012_ForcepToReference-SequenceTransformStatus = OK
Seq_Frame0012_Timestamp = 1.292
Seq_Frame0013_ForcepToReference-SequenceTransform =0.660047 -0.158481 -0.734317 -1.83272 0.452501 -0.696392 0.55703 69.93 -0.59965 -0.699945 -0.387939 102.884 0 0 0 1 
Seq_Frame0013_ForcepToReference-SequenceTransformStatus = OK
Seq_Frame0013_Timestamp = 1.398
Seq_Frame0014_ForcepToReference-SequenceTransform =0.660607 -0.158349 -0.733842 -1.83692 0.452156 -0.696398 0.557302 69.8912 -0.599294 -0.699968 -0.388447 102.931 0 0 0 1 
Seq_Frame0014_ForcepToReference-SequenceTransformStatus = OK
Seq_Frame0014_Timestamp = 1.516
Seq_Frame0015_ForcepToReference-SequenceTransform =0.660737 -0.158318 -0.733732 -1.84734 0.452039 -0.696442 0.557341 69.896 -0.599239 -0.699931 -0.388599 102.959 0 0 0 1 
Seq_Frame0015_ForcepToReference-SequenceTransformStatus = OK
Seq_Frame0015_Timestamp = 1.616
Seq_Frame0016_ForcepToReference-SequenceTransform =0.66085 -0.158297 -0.733635 -1.85076 0.451859 -0.696569 0.557329 69.9134 -0.599251 -0.69981 -0.388799 102.898 0 0 0 1 
Seq_Frame0016_ForcepToReference-SequenceTransformStatus = OK
Seq_Frame0016_Timestamp = 1.726
Seq_Frame0017_ForcepToReference-SequenceTransform =0.661684 -0.157624 -0.733027 -1.77645 0.455441 -0.692125 0.559943 69.8556 -0.595607 -0.704356 -0.38618 103.166 0 0 0 1 
Seq_Frame0017_ForcepToReference-SequenceTransformStatus = OK
Seq_Frame0017_Timestamp = 1.83
Seq_Frame0018_ForcepToReference-SequenceTransform =0.660669 -0.158168 -0.733826 -1.82265 0.453592 -0.6948 0.558128 69.8629 -0.59814 -0.701595 -0.387289 103.016 0 0 0 1 
Seq_Frame0018_ForcepToReference-SequenceTransformStatus = OK
Seq_Frame0018_Timestamp = 1.939
Seq_Frame0019_ForcepToReference-SequenceTransform =0.661705 -0.157742 -0.732983 -1.7936 0.454981 -0.692559 0.55978 69.8536 -0.595935 -0.703903 -0.386501 103.09 0 0 0 1 
Seq_Frame0019_ForcepToReference-SequenceTransformStatus = OK
Seq_Frame0019_Timestamp = 2.045
Seq_Frame0020_ForcepToReference-SequenceTransform =0.660803 -0.158053 -0.733729 -1.79049 0.454783 -0.693367 0.558941 69.888 -0.597085 -0.703038 -0.386299 103.056 0 0 0 1 
Seq_Frame0020_ForcepToReference-SequenceTransformStatus = OK
Seq_Frame0020_Timestamp = 2.145
Seq_Frame0021_ForcepToReference-SequenceTransform =0.66013 -0.158129 -0.734319 -1.80947 0.453737 -0.695139 0.557588 69.9154 -0.598625 -0.701268 -0.387133 103.007 0 0 0 1 
Seq_Frame0021_ForcepToReference-SequenceTransformStatus = OK
Seq_Frame0021_Timestamp = 2.248
Seq_Frame0022_ForcepToReference-SequenceTransform =0.660883 -0.15781 -0.73371 -1.81731 0.453151 -0.695399 0.557741 69.9129 -0.598238 -0.701083 -0.388065 102.998 0 0 0 1 
Seq_Frame0022_ForcepToReference-SequenceTransformStatus = OK
Seq_Frame0022_Timestamp = 2.349
Seq_Frame0023_ForcepToReference-SequenceTransform =0.661797 -0.157588 -0.732933 -1.82977 0.451613 -0.696553 0.557548 69.9413 -0.598389 -0.699986 -0.389808 102.936 0 0 0 1 
Seq_Frame0023_ForcepToReference-SequenceTransformStatus = OK
Seq_Frame0023_Timestamp = 2.45
Seq_Frame0024_ForcepToReference-SequenceTransform =0.660176 -0.158167 -0.734269 -1.76965 0.45129 -0.697927 0.55609 69.9612 -0.600421 -0.698485 -0.389375 102.94 0 0 0 1 
Seq_Frame0024_ForcepToReference-SequenceTransformStatus = OK
Seq_Frame0024_Timestamp = 2.552
Seq_Frame0025_ForcepToReference-SequenceTransform =0.659711 -0.158151 -0.73469 -1.78798 0.451963 -0.697565 0.555997 70.0409 -0.600425 -0.69885 -0.388713 102.898 0 0 0 1 
Seq_Frame0025_ForcepToReference-SequenceTransformStatus = OK
Seq_Frame0025_Timestamp = 2.658
Seq_Frame0026_ForcepToReference-SequenceTransform =0.659246 -0.158255 -0.735085 -1.84038 0.451901 -0.697968 0.555542 70.0655 -0.600983 -0.698424 -0.388617 102.849 0 0 0 1 
Seq_Frame0026_ForcepToReference-SequenceTransformStatus = OK
Seq_Frame0026_Timestamp = 2.765
Seq_Frame0027_ForcepToReference-SequenceTransform =0.651263 -0.1744 -0.73854 -1.23988 0.454699 -0.689492 0.563782 70.0067 -0.607541 -0.702984 -0.369741 102.629 0 0 0 1 
Seq_Frame0027_ForcepToReference-SequenceTransformStatus = OK
Seq_Frame0027_Timestamp = 2.874
Seq_Frame0028_ForcepToReference-SequenceTransform =0.655803 -0.177775 -0.733702 -2.17826 0.446218 -0.692656 0.566672 70.8671 -0.608943 -0.699016 -0.374919 104.32 0 0 0 1 
Seq_Frame0028_ForcepToReference-SequenceTransformStatus = OK
Seq_Frame0028_Timestamp = 2.974
Seq_Frame0029_ForcepToReference-SequenceTransform =0.647707 -0.198485 -0.735581 -2.67796 0.439285 -0.691543 0.573409 71.291 -0.622499 -0.69453 -0.360725 104.785 0 0 0 1 
Seq_Frame0029_ForcepToReference-SequenceTransformStatus = OK
Seq_Frame0029_Timestamp = 3.08
Seq_Frame0030_ForcepToReference-SequenceTransform =0.653601 -0.181697 -0.734705 -0.417092 0.442039 -0.696326 0.565448 73.4525 -0.614335 -0.694346 -0.374802 107.338 0 0 0 1 
Seq_Frame0030_ForcepToReference-SequenceTransformStatus = OK
Seq_Frame0030_Timestamp = 3.181
Seq_Frame0031_ForcepToReference-SequenceTransform =0.721233 -0.0299442 -0.692045 12.5942 0.453649 -0.734585 0.504567 79.4299 -0.523474 -0.677856 -0.516223 118.166 0 0 0 1 
Seq_Frame0031_ForcepToReference-SequenceTransformStatus = OK
Seq_Frame0031_Timestamp = 3.285
Seq_Frame0032_ForcepToReference-SequenceTransform =0.795154 -0.0826828 -0.600745 12.8791 0.33969 -0.759911 0.554208 77.3843 -0.502336 -0.644747 -0.576159 118.298 0 0 0 1 
Seq_Frame0032_ForcepToReference-SequenceTransformStatus = OK
Seq_Frame0032_Timestamp = 3.396
Seq_Frame0033_ForcepToReference-SequenceTransform =0.917981 0.0271093 -0.395697 15.9308 0.29435 -0.715246 0.633863 81.6962 -0.265837 -0.698347 -0.664562 126.571 0 0 0 1 
Seq_Frame0033_ForcepToReference-SequenceTransformStatus = OK
Seq_Frame0033_Timestamp = 3.499
Seq_Frame0034_ForcepToReference-SequenceTransform =0.906412 0.100987 -0.410144 12.3527 0.317403 -0.803512 0.503611 81.9796 -0.278697 -0.58666 -0.760367 123.794 0 0 0 1 
Seq_Frame0034_ForcepToReference-SequenceTransformStatus = OK
Seq_Frame0034_Timestamp = 3.615
Seq_Frame0035_ForcepToReference-SequenceTransform =0.946787 0.19158 -0.258635 1.75946 0.308453 -0.769593 0.559092 86.9615 -0.091933 -0.609118 -0.787733 121.192 0 0 0 1 
Seq_Frame0035_ForcepToReference-SequenceTransformStatus = OK
Seq_Frame0035_Timestamp = 3.719
Seq_Frame0036_ForcepToReference-SequenceTransform =0.802225 0.170565 -0.572138 4.51623 0.419782 -0.842578 0.337411 111.131 -0.424521 -0.510852 -0.747537 84.7208 0 0 0 1 
Seq_Frame0036_ForcepToReference-SequenceTransformStatus = OK
Seq_Frame0036_Timestamp = 3.823
Seq_Frame0037_ForcepToReference-SequenceTransform =0.544061 0.184975 -0.818402 8.64786 0.523053 -0.837445 0.158438 138.18 -0.65606 -0.514267 -0.552372 51.7484 0 0 0 1 
Seq_Frame0037_ForcepToReference-SequenceTransformStatus = OK
Seq_Frame0037_Timestamp = 3.924
Seq_Frame0038_ForcepToReference-SequenceTransform =0.243633 0.24774 -0.937693 11.4987 0.620581 -0.782816 -0.0455805 187.288 -0.745333 -0.57081 -0.344462 17.642 0 0 0 1 
Seq_Frame0038_ForcepToReference-SequenceTransformStatus = OK
Seq_Frame0038_Timestamp = 4.034
Seq_Frame0039_ForcepToReference-SequenceTransform =-0.173261 0.284385 -0.942924 3.47733 0.464446 -0.820669 -0.332855 203.181 -0.868487 -0.495608 0.0101084 1.61656 0 0 0 1 
Seq_Frame0039_ForcepToReference-SequenceTransformStatus = OK
Seq_Frame0039_Timestamp = 4.139
Seq_Frame0040_ForcepToReference-SequenceTransform =-0.327865 0.485867 -0.810208 8.33687 0.131159 -0.825898 -0.548352 215.936 -0.935576 -0.286052 0.207057 -3.71264 0 0 0 1 
Seq_Frame0040_ForcepToReference-SequenceTransformStatus = OK
Seq_Frame0040_Timestamp = 4.243
Seq_Frame0041_ForcepToReference-SequenceTransform =-0.527411 0.498555 -0.687954 16.935 0.163103 -0.735254 -0.657874 245.388 -0.833808 -0.459177 0.306465 -11.3231 0 0 0 1 
Seq_Frame0041_ForcepToReference-SequenceTransformStatus = OK
Seq_Frame0041_Timestamp = 4.349
Seq_Frame0042_ForcepToReference-SequenceTransform =-0.439556 0.517734 -0.733991 58.2505 0.274811 -0.700463 -0.658658 278.958 -0.855143 -0.491226 0.165613 -18.0929 0 0 0 1 
Seq_Frame0042_ForcepToReference-SequenceTransformStatus = OK
Seq_Frame0042_Timestamp = 4.484
Seq_Frame0043_ForcepToReference-SequenceTransform =-0.317312 0.546868 -0.774757 86.7842 0.190102 -0.763713 -0.616931 284.088 -0.929072 -0.343043 0.138375 -23.0538 0 0 0 1 
Seq_Frame0043_ForcepToReference-SequenceTransformStatus = OK
Seq_Frame0043_Timestamp = 4.599
Seq_Frame0044_ForcepToReference-SequenceTransform =-0.360955 0.262767 -0.894799 59.233 0.271991 -0.888107 -0.370521 277.861 -0.892038 -0.377119 0.249096 -41.9144 0 0 0 1 
Seq_Frame0044_ForcepToReference-SequenceTransformStatus = OK
Seq_Frame0044_Timestamp = 4.705
Seq_Frame0045_ForcepToReference-SequenceTransform =-0.566626 -0.225094 -0.792634 -14.7724 0.320785 -0.946331 0.0394228 228.493 -0.758968 -0.231927 0.608422 -86.9346 0 0 0 1 
Seq_Frame0045_ForcepToReference-SequenceTransformStatus = OK
Seq_Frame0045_Timestamp = 4.919
Seq_Frame0046_ForcepToReference-SequenceTransform =-0.458445 -0.385932 -0.800553 -24.1317 0.492038 -0.860356 0.132991 220.491 -0.740085 -0.332933 0.584319 -114.423 0 0 0 1 
Seq_Frame0046_ForcepToReference-SequenceTransformStatus = OK
Seq_Frame0046_Timestamp = 5.024
Seq_Frame0047_ForcepToReference-SequenceTransform =-0.326006 -0.544329 -0.772933 -37.5766 0.565913 -0.767293 0.301668 196.274 -0.757273 -0.339067 0.558186 -137.853 0 0 0 1 
Seq_Frame0047_ForcepToReference-SequenceTransformStatus = OK
Seq_Frame0047_Timestamp = 5.134
Seq_Frame0048_ForcepToReference-SequenceTransform =-0.405703 -0.456652 -0.791754 -58.5348 0.581101 -0.797503 0.162206 189.22 -0.705498 -0.394282 0.58891 -127.297 0 0 0 1 
Seq_Frame0048_ForcepToReference-SequenceTransformStatus = OK
Seq_Frame0048_Timestamp = 5.248
Seq_Frame0049_ForcepToReference-SequenceTransform =-0.447641 -0.488983 -0.748674 -89.3285 0.606451 -0.781286 0.147678 175.155 -0.657141 -0.387927 0.64628 -100.888 0 0 0 1 
Seq_Frame0049_ForcepToReference-SequenceTransformStatus = OK
Seq_Frame0049_Timestamp = 5.349
Seq_Frame0050_ForcepToReference-SequenceTransform =-0.227099 -0.656013 -0.719773 -118.612 0.769698 -0.573711 0.280038 167.962 -0.59665 -0.490411 0.635221 -71.7938 0 0 0 1 
Seq_Frame0050_ForcepToReference-SequenceTransformStatus = OK
Seq_Frame0050_Timestamp = 5.459
Seq_Frame0051_ForcepToReference-SequenceTransform =-0.349362 -0.656044 -0.668993 -150.36 0.898559 -0.436956 -0.0407478 174.944 -0.265588 -0.615366 0.742151 -40.9281 0 0 0 1 
Seq_Frame0051_ForcepToReference-SequenceTransformStatus = OK
Seq_Frame0051_Timestamp = 5.56
Seq_Frame0052_ForcepToReference-SequenceTransform =-0.442805 -0.645571 -0.622223 -171.209 0.894831 -0.361979 -0.261245 165.208 -0.05658 -0.672465 0.737963 -14.6053 0 0 0 1 
Seq_Frame0052_ForcepToReference-SequenceTransformStatus = OK
Seq_Frame0052_Timestamp = 5.666
Seq_Frame0053_ForcepToReference-SequenceTransform =-0.421182 -0.612453 -0.668959 -172.456 0.906901 -0.274931 -0.319285 159.473 0.0116301 -0.741157 0.671231 -1.72548 0 0 0 1 
Seq_Frame0053_ForcepToReference-SequenceTransformStatus = OK
Seq_Frame0053_Timestamp = 5.777
Seq_Frame0054_ForcepToReference-SequenceTransform =-0.432099 -0.631382 -0.643931 -174.555 0.897227 -0.228957 -0.377574 163.132 0.0909608 -0.740902 0.665425 2.6983 0 0 0 1 
Seq_Frame0054_ForcepToReference-SequenceTransformStatus = OK
Seq_Frame0054_Timestamp = 5.878
Seq_Frame0055_ForcepToReference-SequenceTransform =-0.407137 -0.654536 -0.637042 -171.111 0.903857 -0.188334 -0.384153 165.965 0.131465 -0.732197 0.668285 3.31471 0 0 0 1 
Seq_Frame0055_ForcepToReference-SequenceTransformStatus = OK
Seq_Frame0055_Timestamp = 5.978
Seq_Frame0056_ForcepToReference-SequenceTransform =-0.404145 -0.649373 -0.644191 -169.678 0.907328 -0.195403 -0.372254 162.639 0.115855 -0.734937 0.668166 4.67078 0 0 0 1 
Seq_Frame0056_ForcepToReference-SequenceTransformStatus = OK
Seq_Frame0056_Timestamp = 6.084
Seq_Frame0057_ForcepToReference-SequenceTransform =-0.410164 -0.634016 -0.655583 -170.437 0.904347 -0.189741 -0.382303 161.57 0.117995 -0.749681 0.651196 4.7766 0 0 0 1 
Seq_Frame0057_ForcepToReference-SequenceTransformStatus = OK
Seq_Frame0057_Timestamp = 6.189
Seq_Frame0058_ForcepToReference-SequenceTransform =-0.441077 -0.601918 -0.665693 -168.429 0.889185 -0.192541 -0.415064 159.635 0.121661 -0.774999 0.620142 3.68445 0 0 0 1 
Seq_Frame0058_ForcepToReference-SequenceTransformStatus = OK
Seq_Frame0058_Timestamp = 6.299
Seq_Frame0059_ForcepToReference-SequenceTransform =-0.439464 -0.568414 -0.695541 -165.441 0.892139 -0.185955 -0.411713 159.185 0.104684 -0.801452 0.588825 5.63051 0 0 0 1 
Seq_Frame0059_ForcepToReference-SequenceTransformStatus = OK
Seq_Frame0059_Timestamp = 6.406
Seq_Frame0060_ForcepToReference-SequenceTransform =-0.429589 -0.553023 -0.713876 -162.875 0.897075 -0.170756 -0.407553 158.881 0.103487 -0.81548 0.569458 6.90103 0 0 0 1 
Seq_Frame0060_ForcepToReference-SequenceTransformStatus = OK
Seq_Frame0060_Timestamp = 6.509
Seq_Frame0061_ForcepToReference-SequenceTransform =-0.423483 -0.537285 -0.729374 -160.466 0.900067 -0.158296 -0.405983 158.665 0.102672 -0.828412 0.550628 8.00821 0 0 0 1 
Seq_Frame0061_ForcepToReference-SequenceTransformStatus = OK
Seq_Frame0061_Timestamp = 6.62
Seq_Frame0062_ForcepToReference-SequenceTransform =-0.408898 -0.520079 -0.74988 -156.915 0.908404 -0.153441 -0.38892 158.22 0.0872065 -0.840223 0.535183 8.46323 0 0 0 1 
Seq_Frame0062_ForcepToReference-SequenceTransformStatus = OK
Seq_Frame0062_Timestamp = 6.722
Seq_Frame0063_ForcepToReference-SequenceTransform =-0.38428 -0.513907 -0.766961 -152.838 0.92201 -0.171174 -0.34727 156.138 0.0471804 -0.840595 0.539606 5.29405 0 0 0 1 
Seq_Frame0063_ForcepToReference-SequenceTransformStatus = OK
Seq_Frame0063_Timestamp = 6.83
Seq_Frame0064_ForcepToReference-SequenceTransform =-0.370296 -0.51414 -0.773655 -150.852 0.927795 -0.163832 -0.335196 157.133 0.0455885 -0.841914 0.537682 5.46526 0 0 0 1 
Seq_Frame0064_ForcepToReference-SequenceTransformStatus = OK
Seq_Frame0064_Timestamp = 6.941
Seq_Frame0065_ForcepToReference-SequenceTransform =-0.385832 -0.534559 -0.751918 -154.337 0.919155 -0.152679 -0.363103 160.942 0.079298 -0.831225 0.550251 3.96111 0 0 0 1 
Seq_Frame0065_ForcepToReference-SequenceTransformStatus = OK
Seq_Frame0065_Timestamp = 7.057
Seq_Frame0066_ForcepToReference-SequenceTransform =-0.390398 -0.535861 -0.748627 -155.996 0.915738 -0.142169 -0.375781 160.911 0.0949352 -0.832251 0.546211 2.72639 0 0 0 1 
Seq_Frame0066_ForcepToReference-SequenceTransformStatus = OK
Seq_Frame0066_Timestamp = 7.164
Seq_Frame0067_ForcepToReference-SequenceTransform =-0.392807 -0.528853 -0.752341 -155.268 0.913324 -0.128774 -0.386337 159.919 0.107434 -0.838887 0.533598 4.53435 0 0 0 1 
Seq_Frame0067_ForcepToReference-SequenceTransformStatus = OK
Seq_Frame0067_Timestamp = 7.279
Seq_Frame0068_ForcepToReference-SequenceTransform =-0.392361 -0.523308 -0.75644 -154.907 0.913795 -0.127862 -0.385524 160.291 0.105028 -0.842496 0.528365 5.9888 0 0 0 1 
Seq_Frame0068_ForcepToReference-SequenceTransformStatus = OK
Seq_Frame0068_Timestamp = 7.39
Seq_Frame0069_ForcepToReference-SequenceTransform =-0.395079 -0.516531 -0.759676 -154.055 0.912273 -0.123353 -0.390567 158.783 0.108031 -0.847337 0.519952 7.06306 0 0 0 1 
Seq_Frame0069_ForcepToReference-SequenceTransformStatus = OK
Seq_Frame0069_Timestamp = 7.494
Seq_Frame0070_ForcepToReference-SequenceTransform =-0.393084 -0.51492 -0.761802 -153.975 0.913292 -0.122507 -0.388446 158.94 0.106692 -0.84844 0.518427 6.95486 0 0 0 1 
Seq_Frame0070_ForcepToReference-SequenceTransformStatus = OK
Seq_Frame0070_Timestamp = 7.599
Seq_Frame0071_ForcepToReference-SequenceTransform =-0.388447 -0.513351 -0.765232 -154.321 0.917066 -0.13427 -0.375447 158.273 0.0899883 -0.84761 0.522933 6.22535 0 0 0 1 
Seq_Frame0071_ForcepToReference-SequenceTransformStatus = OK
Seq_Frame0071_Timestamp = 7.708
Seq_Frame0072_ForcepToReference-SequenceTransform =-0.382572 -0.518526 -0.764702 -154.689 0.920962 -0.14778 -0.360541 156.424 0.0739422 -0.842195 0.534079 4.39897 0 0 0 1 
Seq_Frame0072_ForcepToReference-SequenceTransformStatus = OK
Seq_Frame0072_Timestamp = 7.823
Seq_Frame0073_ForcepToReference-SequenceTransform =-0.37887 -0.513242 -0.770091 -154.113 0.923147 -0.150928 -0.353581 156.522 0.0652443 -0.844869 0.53098 4.59446 0 0 0 1 
Seq_Frame0073_ForcepToReference-SequenceTransformStatus = OK
Seq_Frame0073_Timestamp = 7.929
Seq_Frame0074_ForcepToReference-SequenceTransform =-0.379972 -0.513313 -0.769501 -154.094 0.922534 -0.149617 -0.355733 156.019 0.0674717 -0.845059 0.530399 4.07284 0 0 0 1 
Seq_Frame0074_ForcepToReference-SequenceTransformStatus = OK
Seq_Frame0074_Timestamp = 8.031
Seq_Frame0075_ForcepToReference-SequenceTransform =-0.377378 -0.513857 -0.770414 -154.191 0.923478 -0.146749 -0.354475 156.204 0.0690921 -0.845231 0.529915 4.06141 0 0 0 1 
Seq_Frame0075_ForcepToReference-SequenceTransformStatus = OK
Seq_Frame0075_Timestamp = 8.134
Seq_Frame0076_ForcepToReference-SequenceTransform =-0.37883 -0.521459 -0.764571 -155.445 0.923049 -0.153226 -0.352849 156.693 0.0668434 -0.839406 0.539379 3.46996 0 0 0 1 
Seq_Frame0076_ForcepToReference-SequenceTransformStatus = OK
Seq_Frame0076_Timestamp = 8.239
Seq_Frame0077_ForcepToReference-SequenceTransform =-0.376086 -0.531358 -0.75909 -157.19 0.924562 -0.161102 -0.345298 156.935 0.0611859 -0.831688 0.551862 2.72832 0 0 0 1 
Seq_Frame0077_ForcepToReference-SequenceTransformStatus = OK
Seq_Frame0077_Timestamp = 8.34
Seq_Frame0078_ForcepToReference-SequenceTransform =-0.380754 -0.542296 -0.74896 -159.991 0.922088 -0.162121 -0.351383 158.956 0.0691314 -0.824398 0.561773 1.09827 0 0 0 1 
Seq_Frame0078_ForcepToReference-SequenceTransformStatus = OK
Seq_Frame0078_Timestamp = 8.441
Seq_Frame0079_ForcepToReference-SequenceTransform =-0.386014 -0.547703 -0.742303 -162.323 0.918387 -0.152333 -0.365184 160.255 0.086935 -0.822688 0.561806 0.187167 0 0 0 1 
Seq_Frame0079_ForcepToReference-SequenceTransformStatus = OK
Seq_Frame0079_Timestamp = 8.548
Seq_Frame0080_ForcepToReference-SequenceTransform =-0.386279 -0.543208 -0.745462 -162.429 0.918743 -0.154868 -0.363219 158.569 0.0818548 -0.825192 0.558891 0.623131 0 0 0 1 
Seq_Frame0080_ForcepToReference-SequenceTransformStatus = OK
Seq_Frame0080_Timestamp = 8.649
Seq_Frame0081_ForcepToReference-SequenceTransform =-0.392751 -0.543225 -0.74206 -162.304 0.915479 -0.154225 -0.371636 159.709 0.0874374 -0.825301 0.557883 1.45028 0 0 0 1 
Seq_Frame0081_ForcepToReference-SequenceTransformStatus = OK
Seq_Frame0081_Timestamp = 8.756
Seq_Frame0082_ForcepToReference-SequenceTransform =-0.398885 -0.538416 -0.742293 -161.372 0.910105 -0.133356 -0.392334 160.852 0.11225 -0.83206 0.543209 2.10619 0 0 0 1 
Seq_Frame0082_ForcepToReference-SequenceTransformStatus = OK
Seq_Frame0082_Timestamp = 8.859
Seq_Frame0083_ForcepToReference-SequenceTransform =-0.400319 -0.530872 -0.74694 -160.506 0.910314 -0.136775 -0.390668 161.585 0.105232 -0.836342 0.538014 3.46252 0 0 0 1 
Seq_Frame0083_ForcepToReference-SequenceTransformStatus = OK
Seq_Frame0083_Timestamp = 8.969
Seq_Frame0084_ForcepToReference-SequenceTransform =-0.396739 -0.533664 -0.74686 -159.156 0.912994 -0.145139 -0.381283 161.832 0.0950788 -0.833149 0.544815 2.74836 0 0 0 1 
Seq_Frame0084_ForcepToReference-SequenceTransformStatus = OK
Seq_Frame0084_Timestamp = 9.075
Seq_Frame0085_ForcepToReference-SequenceTransform =-0.363871 -0.607642 -0.705953 -162.272 0.931441 -0.234184 -0.278524 154.893 0.00392023 -0.7589 0.651195 -10.4148 0 0 0 1 
Seq_Frame0085_ForcepToReference-SequenceTransformStatus = OK
Seq_Frame0085_Timestamp = 9.175
Seq_Frame0086_ForcepToReference-SequenceTransform =-0.339886 -0.714964 -0.610986 -162.376 0.888696 -0.45674 0.0400946 135.783 -0.307728 -0.529354 0.790625 -31.2253 0 0 0 1 
Seq_Frame0086_ForcepToReference-SequenceTransformStatus = OK
Seq_Frame0086_Timestamp = 9.29
Seq_Frame0087_ForcepToReference-SequenceTransform =-0.328402 -0.748579 -0.576005 -146.616 0.701606 -0.601615 0.38185 110.442 -0.632378 -0.278728 0.722778 -34.2743 0 0 0 1 
Seq_Frame0087_ForcepToReference-SequenceTransformStatus = OK
Seq_Frame0087_Timestamp = 9.4
Seq_Frame0088_ForcepToReference-SequenceTransform =-0.328402 -0.748579 -0.576005 -146.616 0.701606 -0.601615 0.38185 110.442 -0.632378 -0.278728 0.722778 -34.2743 0 0 0 1 
Seq_Frame0088_ForcepToReference-SequenceTransformStatus = OK
Seq_Frame0088_Timestamp = 9.504
Seq_Frame0089_ForcepToReference-SequenceTransform =-0.203459 0.431238 0.878998 -86.6646 -0.917943 0.228267 -0.324462 94.69 -0.340567 -0.872885 0.349409 -14.6322 0 0 0 1 
Seq_Frame0089_ForcepToReference-SequenceTransformStatus = OK
Seq_Frame0089_Timestamp = 9.614
Seq_Frame0090_ForcepToReference-SequenceTransform =-0.0119762 -0.650195 -0.759673 -49.1981 -0.00373231 -0.759693 0.650271 89.678 -0.999921 0.0106231 0.0066715 12.485 0 0 0 1 
Seq_Frame0090_ForcepToReference-SequenceTransformStatus = OK
Seq_Frame0090_Timestamp = 9.763
Seq_Frame0091_ForcepToReference-SequenceTransform =-0.0242511 -0.655872 -0.754483 -33.4 0.0854865 -0.753301 0.652097 89.7207 -0.996044 -0.048684 0.0743365 13.2511 0 0 0 1 
Seq_Frame0091_ForcepToReference-SequenceTransformStatus = OK
Seq_Frame0091_Timestamp = 9.874
Seq_Frame0092_ForcepToReference-SequenceTransform =-0.0295787 -0.660996 -0.749806 -28.8052 0.0399382 -0.750317 0.659871 85.2051 -0.998764 -0.0104278 0.0485924 20.5041 0 0 0 1 
Seq_Frame0092_ForcepToReference-SequenceTransformStatus = OK
Seq_Frame0092_Timestamp = 9.983
Seq_Frame0093_ForcepToReference-SequenceTransform =-0.134539 -0.675975 -0.724539 -30.5866 0.0414374 -0.734385 0.677467 85.8452 -0.990042 0.0611225 0.126814 26.4593 0 0 0 1 
Seq_Frame0093_ForcepToReference-SequenceTransformStatus = OK
Seq_Frame0093_Timestamp = 10.085
Seq_Frame0094_ForcepToReference-SequenceTransform =-0.431901 -0.536393 -0.725082 -33.5158 0.0230467 -0.810232 0.585656 92.4932 -0.901627 0.236235 0.362302 36.9397 0 0 0 1 
Seq_Frame0094_ForcepToReference-SequenceTransformStatus = OK
Seq_Frame0094_Timestamp = 10.198
Seq_Frame0095_ForcepToReference-SequenceTransform =-0.586095 -0.411911 -0.697726 -32.2551 -0.0586198 -0.837319 0.543563 93.2842 -0.808119 0.35948 0.466602 53.7062 0 0 0 1 
Seq_Frame0095_ForcepToReference-SequenceTransformStatus = OK
Seq_Frame0095_Timestamp = 10.299
Seq_Frame0096_ForcepToReference-SequenceTransform =-0.664025 -0.300592 -0.684628 -25.2524 -0.152936 -0.841672 0.517878 94.3688 -0.731903 0.448589 0.51292 70.6699 0 0 0 1 
Seq_Frame0096_ForcepToReference-SequenceTransformStatus = OK
Seq_Frame0096_Timestamp = 10.399
Seq_Frame0097_ForcepToReference-SequenceTransform =-0.691918 -0.224689 -0.686123 -18.9223 -0.232132 -0.830643 0.506109 95.0356 -0.68364 0.509457 0.52258 79.9958 0 0 0 1 
Seq_Frame0097_ForcepToReference-SequenceTransformStatus = OK
Seq_Frame0097_Timestamp = 10.508
Seq_Frame0098_ForcepToReference-SequenceTransform =-0.697503 -0.199546 -0.688238 -16.8152 -0.252492 -0.830409 0.496658 96.154 -0.670625 0.520195 0.528828 80.3254 0 0 0 1 
Seq_Frame0098_ForcepToReference-SequenceTransformStatus = OK
Seq_Frame0098_Timestamp = 10.609
Seq_Frame0099_ForcepToReference-SequenceTransform =-0.697282 -0.188122 -0.69167 -13.9469 -0.266291 -0.827902 0.493627 96.4349 -0.665497 0.528383 0.527186 82.9548 0 0 0 1 
Seq_Frame0099_ForcepToReference-SequenceTransformStatus = OK
Seq_Frame0099_Timestamp = 10.714
Seq_Frame0100_ForcepToReference-SequenceTransform =-0.702743 -0.182596 -0.687612 -13.5344 -0.26945 -0.826192 0.494775 96.4202 -0.658444 0.532977 0.531401 83.8728 0 0 0 1 
Seq_Frame0100_ForcepToReference-SequenceTransformStatus = OK
Seq_Frame0100_Timestamp = 10.824
Seq_Frame0101_ForcepToReference-SequenceTransform =-0.712125 -0.180998 -0.67832 -13.314 -0.261609 -0.828194 0.495636 94.344 -0.65149 0.53041 0.542427 84.6122 0 0 0 1 
Seq_Frame0101_ForcepToReference-SequenceTransformStatus = OK
Seq_Frame0101_Timestamp = 10.93
Seq_Frame0102_ForcepToReference-SequenceTransform =-0.711343 -0.168868 -0.682257 -11.6117 -0.269522 -0.83096 0.486686 94.7396 -0.649114 0.530083 0.545584 85.404 0 0 0 1 
Seq_Frame0102_ForcepToReference-SequenceTransformStatus = OK
Seq_Frame0102_Timestamp = 11.03
Seq_Frame0103_ForcepToReference-SequenceTransform =-0.709639 -0.155075 -0.687288 -10.2301 -0.273868 -0.838056 0.471868 97.0754 -0.64916 0.523082 0.552247 85.2253 0 0 0 1 
Seq_Frame0103_ForcepToReference-SequenceTransformStatus = OK
Seq_Frame0103_Timestamp = 11.131
Seq_Frame0104_ForcepToReference-SequenceTransform =-0.711939 -0.144376 -0.68724 -9.04927 -0.272427 -0.845213 0.459781 97.3238 -0.647246 0.514558 0.562408 84.9832 0 0 0 1 
Seq_Frame0104_ForcepToReference-SequenceTransformStatus = OK
Seq_Frame0104_Timestamp = 11.231
Seq_Frame0105_ForcepToReference-SequenceTransform =-0.714072 -0.131959 -0.687523 -9.00362 -0.270901 -0.853483 0.445174 97.4496 -0.645534 0.504137 0.5737 84.7199 0 0 0 1 
Seq_Frame0105_ForcepToReference-SequenceTransformStatus = OK
Seq_Frame0105_Timestamp = 11.341
Seq_Frame0106_ForcepToReference-SequenceTransform =-0.715726 -0.132467 -0.685703 -9.12898 -0.261054 -0.859926 0.438608 97.6152 -0.647756 0.492929 0.580891 85.6739 0 0 0 1 
Seq_Frame0106_ForcepToReference-SequenceTransformStatus = OK
Seq_Frame0106_Timestamp = 11.447
Seq_Frame0107_ForcepToReference-SequenceTransform =-0.742437 -0.134142 -0.656348 -9.43164 -0.209703 -0.883973 0.417872 99.2238 -0.636248 0.447881 0.628164 84.7651 0 0 0 1 
Seq_Frame0107_ForcepToReference-SequenceTransformStatus = OK
Seq_Frame0107_Timestamp = 11.554
Seq_Frame0108_ForcepToReference-SequenceTransform =-0.739551 -0.161825 -0.653359 -11.4961 -0.174158 -0.891612 0.417968 98.9618 -0.65018 0.422896 0.631209 80.6925 0 0 0 1 
Seq_Frame0108_ForcepToReference-SequenceTransformStatus = OK
Seq_Frame0108_Timestamp = 11.66
Seq_Frame0109_ForcepToReference-SequenceTransform =-0.7428 -0.172773 -0.646837 -13.5169 -0.139345 -0.905078 0.401768 101.709 -0.654852 0.388567 0.648217 73.5277 0 0 0 1 
Seq_Frame0109_ForcepToReference-SequenceTransformStatus = OK
Seq_Frame0109_Timestamp = 11.772
Seq_Frame0110_ForcepToReference-SequenceTransform =-0.742979 -0.164184 -0.648865 -13.8139 -0.110756 -0.925923 0.36111 105.48 -0.660087 0.340163 0.669757 65.3193 0 0 0 1 
Seq_Frame0110_ForcepToReference-SequenceTransformStatus = OK
Seq_Frame0110_Timestamp = 11.872
Seq_Frame0111_ForcepToReference-SequenceTransform =-0.756775 -0.145256 -0.637332 -12.8428 -0.0486301 -0.959785 0.276491 112.426 -0.651863 0.240235 0.719278 55.5136 0 0 0 1 
Seq_Frame0111_ForcepToReference-SequenceTransformStatus = OK
Seq_Frame0111_Timestamp = 11.982
Seq_Frame0112_ForcepToReference-SequenceTransform =-0.76281 -0.117592 -0.635841 -11.056 -0.0379927 -0.973476 0.225613 116.929 -0.645506 0.196257 0.738109 50.7969 0 0 0 1 
Seq_Frame0112_ForcepToReference-SequenceTransformStatus = OK
Seq_Frame0112_Timestamp = 12.084
Seq_Frame0113_ForcepToReference-SequenceTransform =-0.76281 -0.117592 -0.635841 -11.056 -0.0379927 -0.973476 0.225613 116.929 -0.645506 0.196257 0.738109 50.7969 0 0 0 1 
Seq_Frame0113_ForcepToReference-SequenceTransformStatus = OK
Seq_Frame0113_Timestamp = 12.189
Seq_Frame0114_ForcepToReference-SequenceTransform =-0.76281 -0.117592 -0.635841 -11.056 -0.0379927 -0.973476 0.225613 116.929 -0.645506 0.196257 0.738109 50.7969 0 0 0 1 
Seq_Frame0114_ForcepToReference-SequenceTransformStatus = OK
Seq_Frame0114_Timestamp = 12.298
Seq_Frame0115_ForcepToReference-SequenceTransform =-0.76281 -0.117592 -0.635841 -11.056 -0.0379927 -0.973476 0.225613 116.929 -0.645506 0.196257 0.738109 50.7969 0 0 0 1 
Seq_Frame0115_ForcepToReference-SequenceTransformStatus = OK
Seq_Frame0115_Timestamp = 12.41
Seq_Frame0116_ForcepToReference-SequenceTransform =-0.76281 -0.117592 -0.635841 -11.056 -0.0379927 -0.973476 0.225613 116.929 -0.645506 0.196257 0.738109 50.7969 0 0 0 1 
Seq_Frame0116_ForcepToReference-SequenceTransformStatus = OK
Seq_Frame0116_Timestamp = 12.53
Seq_Frame0117_ForcepToReference-SequenceTransform =-0.76281 -0.117592 -0.635841 -11.056 -0.0379927 -0.973476 0.225613 116.929 -0.645506 0.196257 0.738109 50.7969 0 0 0 1 
Seq_Frame0117_ForcepToReference-SequenceTransformStatus = OK
Seq_Frame0117_Timestamp = 12.631
Seq_Frame0118_ForcepToReference-SequenceTransform =-0.354469 -0.564222 -0.745658 40.9002 0.6592 -0.716353 0.228678 136.437 -0.663179 -0.410479 0.62586 12.87 0 0 0 1 
Seq_Frame0118_ForcepToReference-SequenceTransformStatus = OK
Seq_Frame0118_Timestamp = 12.739
Seq_Frame0119_ForcepToReference-SequenceTransform =-0.258326 -0.595354 -0.760803 39.9165 0.799731 -0.57358 0.177301 149.971 -0.541939 -0.562637 0.624294 10.8671 0 0 0 1 
Seq_Frame0119_ForcepToReference-SequenceTransformStatus = OK
Seq_Frame0119_Timestamp = 12.847
Seq_Frame0120_ForcepToReference-SequenceTransform =-0.23407 -0.630576 -0.73999 32.133 0.898201 -0.431555 0.0836314 171.515 -0.372082 -0.645084 0.667398 13.2398 0 0 0 1 
Seq_Frame0120_ForcepToReference-SequenceTransformStatus = OK
Seq_Frame0120_Timestamp = 12.957
Seq_Frame0121_ForcepToReference-SequenceTransform =-0.291498 -0.640574 -0.710418 21.945 0.934207 -0.350293 -0.0674684 187.762 -0.205636 -0.683344 0.700539 19.6871 0 0 0 1 
Seq_Frame0121_ForcepToReference-SequenceTransformStatus = OK
Seq_Frame0121_Timestamp = 13.057
Seq_Frame0122_ForcepToReference-SequenceTransform =-0.447273 -0.568655 -0.690347 15.8351 0.888729 -0.369336 -0.271573 207.967 -0.100539 -0.734998 0.670574 32.1986 0 0 0 1 
Seq_Frame0122_ForcepToReference-SequenceTransformStatus = OK
Seq_Frame0122_Timestamp = 13.161
Seq_Frame0123_ForcepToReference-SequenceTransform =-0.539872 -0.450524 -0.711032 19.8737 0.839599 -0.348529 -0.416656 218.741 -0.0601013 -0.821922 0.56642 47.5099 0 0 0 1 
Seq_Frame0123_ForcepToReference-SequenceTransformStatus = OK
Seq_Frame0123_Timestamp = 13.266
Seq_Frame0124_ForcepToReference-SequenceTransform =-0.56986 -0.434274 -0.697614 21.2791 0.820178 -0.352926 -0.450279 222.191 -0.050662 -0.828764 0.5573 50.2661 0 0 0 1 
Seq_Frame0124_ForcepToReference-SequenceTransformStatus = OK
Seq_Frame0124_Timestamp = 13.53
Seq_Frame0125_ForcepToReference-SequenceTransform =-0.817881 -0.32605 -0.47409 13.0581 0.472816 0.0886992 -0.876685 262.403 0.327895 -0.941182 0.0816164 111.494 0 0 0 1 
Seq_Frame0125_ForcepToReference-SequenceTransformStatus = OK
Seq_Frame0125_Timestamp = 15.058
Seq_Frame0126_ForcepToReference-SequenceTransform =-0.785612 -0.473839 -0.397857 -8.20288 0.419756 0.0642389 -0.905361 270.581 0.454553 -0.878265 0.14843 125.247 0 0 0 1 
Seq_Frame0126_ForcepToReference-SequenceTransformStatus = OK
Seq_Frame0126_Timestamp = 15.17
Seq_Frame0127_ForcepToReference-SequenceTransform =-0.768768 -0.541384 -0.340439 -19.8975 0.345937 0.0956963 -0.933365 278.815 0.537888 -0.835312 0.113717 133.306 0 0 0 1 
Seq_Frame0127_ForcepToReference-SequenceTransformStatus = OK
Seq_Frame0127_Timestamp = 15.27
Seq_Frame0128_ForcepToReference-SequenceTransform =-0.757404 -0.574119 -0.31101 -27.5335 0.277996 0.147451 -0.949198 286.872 0.590811 -0.805386 0.0479233 142.733 0 0 0 1 
Seq_Frame0128_ForcepToReference-SequenceTransformStatus = OK
Seq_Frame0128_Timestamp = 15.378
Seq_Frame0129_ForcepToReference-SequenceTransform =-0.746064 -0.586243 -0.315766 -28.0173 0.26787 0.169913 -0.948354 287.038 0.609619 -0.792117 0.0302705 146.56 0 0 0 1 
Seq_Frame0129_ForcepToReference-SequenceTransformStatus = OK
Seq_Frame0129_Timestamp = 15.484
Seq_Frame0130_ForcepToReference-SequenceTransform =-0.750134 -0.589401 -0.299843 -30.4548 0.241852 0.177487 -0.953942 288.015 0.615473 -0.788102 0.00940859 149.342 0 0 0 1 
Seq_Frame0130_ForcepToReference-SequenceTransformStatus = OK
Seq_Frame0130_Timestamp = 15.598
Seq_Frame0131_ForcepToReference-SequenceTransform =-0.749563 -0.59982 -0.27995 -32.7819 0.205192 0.191542 -0.959796 291.956 0.629327 -0.77687 -0.0204942 152.285 0 0 0 1 
Seq_Frame0131_ForcepToReference-SequenceTransformStatus = OK
Seq_Frame0131_Timestamp = 15.699
Seq_Frame0132_ForcepToReference-SequenceTransform =-0.753487 -0.596178 -0.27718 -34.1701 0.200019 0.193743 -0.960446 293.159 0.626298 -0.779125 -0.0267362 153.808 0 0 0 1 
Seq_Frame0132_ForcepToReference-SequenceTransformStatus = OK
Seq_Frame0132_Timestamp = 15.803
Seq_Frame0133_ForcepToReference-SequenceTransform =-0.747915 -0.598613 -0.286855 -32.654 0.208194 0.198796 -0.957672 293.019 0.6303 -0.775979 -0.0240546 153.769 0 0 0 1 
Seq_Frame0133_ForcepToReference-SequenceTransformStatus = OK
Seq_Frame0133_Timestamp = 15.914
Seq_Frame0134_ForcepToReference-SequenceTransform =-0.743089 -0.593883 -0.308417 -30.1976 0.23905 0.194896 -0.951247 290.824 0.625038 -0.780589 -0.002857 151.429 0 0 0 1 
Seq_Frame0134_ForcepToReference-SequenceTransformStatus = OK
Seq_Frame0134_Timestamp = 16.02
Seq_Frame0135_ForcepToReference-SequenceTransform =-0.740748 -0.595465 -0.310989 -30.1797 0.239233 0.198757 -0.950402 290.782 0.627743 -0.778406 -0.00477383 151.11 0 0 0 1 
Seq_Frame0135_ForcepToReference-SequenceTransformStatus = OK
Seq_Frame0135_Timestamp = 16.124
Seq_Frame0136_ForcepToReference-SequenceTransform =-0.741122 -0.594683 -0.311592 -30.2404 0.234996 0.204975 -0.950138 291.312 0.6289 -0.777391 -0.0121632 152.031 0 0 0 1 
Seq_Frame0136_ForcepToReference-SequenceTransformStatus = OK
Seq_Frame0136_Timestamp = 16.237
Seq_Frame0137_ForcepToReference-SequenceTransform =-0.745317 -0.587576 -0.315052 -30.6164 0.24197 0.201934 -0.949038 291.733 0.621251 -0.783567 -0.00832887 152.05 0 0 0 1 
Seq_Frame0137_ForcepToReference-SequenceTransformStatus = OK
Seq_Frame0137_Timestamp = 16.339
Seq_Frame0138_ForcepToReference-SequenceTransform =-0.747767 -0.589059 -0.306356 -30.9794 0.225484 0.208688 -0.951634 293.018 0.624501 -0.780679 -0.0232261 155.029 0 0 0 1 
Seq_Frame0138_ForcepToReference-SequenceTransformStatus = OK
Seq_Frame0138_Timestamp = 16.444
Seq_Frame0139_ForcepToReference-SequenceTransform =-0.749179 -0.587023 -0.306814 -30.7694 0.220056 0.216313 -0.951201 293.121 0.624745 -0.780136 -0.0328793 156.388 0 0 0 1 
Seq_Frame0139_ForcepToReference-SequenceTransformStatus = OK
Seq_Frame0139_Timestamp = 16.554
Seq_Frame0140_ForcepToReference-SequenceTransform =-0.741087 -0.597707 -0.305837 -30.3546 0.217263 0.21752 -0.951568 293.093 0.635285 -0.771642 -0.0313413 158.051 0 0 0 1 
Seq_Frame0140_ForcepToReference-SequenceTransformStatus = OK
Seq_Frame0140_Timestamp = 16.664
Seq_Frame0141_ForcepToReference-SequenceTransform =-0.740915 -0.595786 -0.309975 -30.6021 0.213225 0.228991 -0.949789 293.2 0.636852 -0.769807 -0.0426261 159.534 0 0 0 1 
Seq_Frame0141_ForcepToReference-SequenceTransformStatus = OK
Seq_Frame0141_Timestamp = 16.769
Seq_Frame0142_ForcepToReference-SequenceTransform =-0.739073 -0.597395 -0.311272 -30.9857 0.21085 0.233709 -0.94917 293.524 0.639776 -0.767137 -0.0467673 160.469 0 0 0 1 
Seq_Frame0142_ForcepToReference-SequenceTransformStatus = OK
Seq_Frame0142_Timestamp = 16.875
Seq_Frame0143_ForcepToReference-SequenceTransform =-0.738398 -0.597109 -0.313416 -30.5823 0.206721 0.241963 -0.948009 293.251 0.641899 -0.764797 -0.0552294 161.755 0 0 0 1 
Seq_Frame0143_ForcepToReference-SequenceTransformStatus = OK
Seq_Frame0143_Timestamp = 16.985
Seq_Frame0144_ForcepToReference-SequenceTransform =-0.738834 -0.59447 -0.31738 -30.1657 0.214463 0.239059 -0.947025 292.926 0.638851 -0.76776 -0.0491328 162.195 0 0 0 1 
Seq_Frame0144_ForcepToReference-SequenceTransformStatus = OK
Seq_Frame0144_Timestamp = 17.095
Seq_Frame0145_ForcepToReference-SequenceTransform =-0.735632 -0.599139 -0.316034 -27.1559 0.202507 0.250697 -0.946648 292.858 0.646402 -0.760384 -0.0630909 164.792 0 0 0 1 
Seq_Frame0145_ForcepToReference-SequenceTransformStatus = OK
Seq_Frame0145_Timestamp = 17.199
Seq_Frame0146_ForcepToReference-SequenceTransform =-0.733696 -0.621427 -0.274807 -29.8102 0.158376 0.236896 -0.958539 290.593 0.660763 -0.746799 -0.0753904 169.307 0 0 0 1 
Seq_Frame0146_ForcepToReference-SequenceTransformStatus = OK
Seq_Frame0146_Timestamp = 17.313
Seq_Frame0147_ForcepToReference-SequenceTransform =-0.705707 -0.686479 -0.175282 -36.8848 0.0164751 0.231431 -0.972712 284.676 0.708312 -0.689337 -0.152013 180.937 0 0 0 1 
Seq_Frame0147_ForcepToReference-SequenceTransformStatus = OK
Seq_Frame0147_Timestamp = 17.414
Seq_Frame0148_ForcepToReference-SequenceTransform =-0.673475 -0.725479 -0.141814 -40.3875 -0.0808826 0.263015 -0.961395 280.301 0.734771 -0.636006 -0.235813 187.657 0 0 0 1 
Seq_Frame0148_ForcepToReference-SequenceTransformStatus = OK
Seq_Frame0148_Timestamp = 17.519
Seq_Frame0149_ForcepToReference-SequenceTransform =-0.59621 -0.135606 0.791293 -44.0612 0.794704 0.0401791 0.605666 265.058 -0.113926 0.989948 0.0838116 208.583 0 0 0 1 
Seq_Frame0149_ForcepToReference-SequenceTransformStatus = OK
Seq_Frame0149_Timestamp = 17.624
