ObjectType = Image
NDims = 3
AnatomicalOrientation = RAI
BinaryData = True
CompressedData = False
DimSize = 0 0 1067
ElementSpacing = 1 1 1
Offset = 0 0 0
TransformMatrix = 1 0 0 0 1 0 0 0 1
ElementType = MET_UCHAR
Kinds = domain domain list
Seq_Frame0000_DriverToReference-SequenceTransform =0.199816 -0.592403 0.780469 50.1544 -0.466009 -0.758135 -0.456143 117.812 0.861922 -0.272561 -0.427552 74.6396 0 0 0 1 
Seq_Frame0000_DriverToReference-SequenceTransformStatus = OK
Seq_Frame0000_Timestamp = 21.399
Seq_Frame0001_DriverToReference-SequenceTransform =0.199816 -0.592403 0.780469 50.1544 -0.466009 -0.758135 -0.456143 117.812 0.861922 -0.272561 -0.427552 74.6396 0 0 0 1 
Seq_Frame0001_DriverToReference-SequenceTransformStatus = OK
Seq_Frame0001_Timestamp = 21.504
Seq_Frame0002_DriverToReference-SequenceTransform =0.199816 -0.592403 0.780469 50.1544 -0.466009 -0.758135 -0.456143 117.812 0.861922 -0.272561 -0.427552 74.6396 0 0 0 1 
Seq_Frame0002_DriverToReference-SequenceTransformStatus = OK
Seq_Frame0002_Timestamp = 21.609
Seq_Frame0003_DriverToReference-SequenceTransform =0.199816 -0.592403 0.780469 50.1544 -0.466009 -0.758135 -0.456143 117.812 0.861922 -0.272561 -0.427552 74.6396 0 0 0 1 
Seq_Frame0003_DriverToReference-SequenceTransformStatus = OK
Seq_Frame0003_Timestamp = 21.719
Seq_Frame0004_DriverToReference-SequenceTransform =0.199816 -0.592403 0.780469 50.1544 -0.466009 -0.758135 -0.456143 117.812 0.861922 -0.272561 -0.427552 74.6396 0 0 0 1 
Seq_Frame0004_DriverToReference-SequenceTransformStatus = OK
Seq_Frame0004_Timestamp = 21.829
Seq_Frame0005_DriverToReference-SequenceTransform =0.199816 -0.592403 0.780469 50.1544 -0.466009 -0.758135 -0.456143 117.812 0.861922 -0.272561 -0.427552 74.6396 0 0 0 1 
Seq_Frame0005_DriverToReference-SequenceTransformStatus = OK
Seq_Frame0005_Timestamp = 22.134
Seq_Frame0006_DriverToReference-SequenceTransform =0.199816 -0.592403 0.780469 50.1544 -0.466009 -0.758135 -0.456143 117.812 0.861922 -0.272561 -0.427552 74.6396 0 0 0 1 
Seq_Frame0006_DriverToReference-SequenceTransformStatus = OK
Seq_Frame0006_Timestamp = 22.239
Seq_Frame0007_DriverToReference-SequenceTransform =0.199816 -0.592403 0.780469 50.1544 -0.466009 -0.758135 -0.456143 117.812 0.861922 -0.272561 -0.427552 74.6396 0 0 0 1 
Seq_Frame0007_DriverToReference-SequenceTransformStatus = OK
Seq_Frame0007_Timestamp = 22.344
Seq_Frame0008_DriverToReference-SequenceTransform =0.199816 -0.592403 0.780469 50.1544 -0.466009 -0.758135 -0.456143 117.812 0.861922 -0.272561 -0.427552 74.6396 0 0 0 1 
Seq_Frame0008_DriverToReference-SequenceTransformStatus = OK
Seq_Frame0008_Timestamp = 22.451
Seq_Frame0009_DriverToReference-SequenceTransform =0.199816 -0.592403 0.780469 50.1544 -0.466009 -0.758135 -0.456143 117.812 0.861922 -0.272561 -0.427552 74.6396 0 0 0 1 
Seq_Frame0009_DriverToReference-SequenceTransformStatus = OK
Seq_Frame0009_Timestamp = 22.619
Seq_Frame0010_DriverToReference-SequenceTransform =0.199816 -0.592403 0.780469 50.1544 -0.466009 -0.758135 -0.456143 117.812 0.861922 -0.272561 -0.427552 74.6396 0 0 0 1 
Seq_Frame0010_DriverToReference-SequenceTransformStatus = OK
Seq_Frame0010_Timestamp = 23.379
Seq_Frame0011_DriverToReference-SequenceTransform =0.199816 -0.592403 0.780469 50.1544 -0.466009 -0.758135 -0.456143 117.812 0.861922 -0.272561 -0.427552 74.6396 0 0 0 1 
Seq_Frame0011_DriverToReference-SequenceTransformStatus = OK
Seq_Frame0011_Timestamp = 23.484
Seq_Frame0012_DriverToReference-SequenceTransform =0.199816 -0.592403 0.780469 50.1544 -0.466009 -0.758135 -0.456143 117.812 0.861922 -0.272561 -0.427552 74.6396 0 0 0 1 
Seq_Frame0012_DriverToReference-SequenceTransformStatus = OK
Seq_Frame0012_Timestamp = 23.864
Seq_Frame0013_DriverToReference-SequenceTransform =0.199816 -0.592403 0.780469 50.1544 -0.466009 -0.758135 -0.456143 117.812 0.861922 -0.272561 -0.427552 74.6396 0 0 0 1 
Seq_Frame0013_DriverToReference-SequenceTransformStatus = OK
Seq_Frame0013_Timestamp = 24.199
Seq_Frame0014_DriverToReference-SequenceTransform =0.199816 -0.592403 0.780469 50.1544 -0.466009 -0.758135 -0.456143 117.812 0.861922 -0.272561 -0.427552 74.6396 0 0 0 1 
Seq_Frame0014_DriverToReference-SequenceTransformStatus = OK
Seq_Frame0014_Timestamp = 24.668
Seq_Frame0015_DriverToReference-SequenceTransform =0.199816 -0.592403 0.780469 50.1544 -0.466009 -0.758135 -0.456143 117.812 0.861922 -0.272561 -0.427552 74.6396 0 0 0 1 
Seq_Frame0015_DriverToReference-SequenceTransformStatus = OK
Seq_Frame0015_Timestamp = 28.599
Seq_Frame0016_DriverToReference-SequenceTransform =0.199816 -0.592403 0.780469 50.1544 -0.466009 -0.758135 -0.456143 117.812 0.861922 -0.272561 -0.427552 74.6396 0 0 0 1 
Seq_Frame0016_DriverToReference-SequenceTransformStatus = OK
Seq_Frame0016_Timestamp = 28.701
Seq_Frame0017_DriverToReference-SequenceTransform =0.199816 -0.592403 0.780469 50.1544 -0.466009 -0.758135 -0.456143 117.812 0.861922 -0.272561 -0.427552 74.6396 0 0 0 1 
Seq_Frame0017_DriverToReference-SequenceTransformStatus = OK
Seq_Frame0017_Timestamp = 28.809
Seq_Frame0018_DriverToReference-SequenceTransform =0.199816 -0.592403 0.780469 50.1544 -0.466009 -0.758135 -0.456143 117.812 0.861922 -0.272561 -0.427552 74.6396 0 0 0 1 
Seq_Frame0018_DriverToReference-SequenceTransformStatus = OK
Seq_Frame0018_Timestamp = 28.914
Seq_Frame0019_DriverToReference-SequenceTransform =0.199816 -0.592403 0.780469 50.1544 -0.466009 -0.758135 -0.456143 117.812 0.861922 -0.272561 -0.427552 74.6396 0 0 0 1 
Seq_Frame0019_DriverToReference-SequenceTransformStatus = OK
Seq_Frame0019_Timestamp = 31.279
Seq_Frame0020_DriverToReference-SequenceTransform =0.199816 -0.592403 0.780469 50.1544 -0.466009 -0.758135 -0.456143 117.812 0.861922 -0.272561 -0.427552 74.6396 0 0 0 1 
Seq_Frame0020_DriverToReference-SequenceTransformStatus = OK
Seq_Frame0020_Timestamp = 31.389
Seq_Frame0021_DriverToReference-SequenceTransform =0.199816 -0.592403 0.780469 50.1544 -0.466009 -0.758135 -0.456143 117.812 0.861922 -0.272561 -0.427552 74.6396 0 0 0 1 
Seq_Frame0021_DriverToReference-SequenceTransformStatus = OK
Seq_Frame0021_Timestamp = 31.494
Seq_Frame0022_DriverToReference-SequenceTransform =0.199816 -0.592403 0.780469 50.1544 -0.466009 -0.758135 -0.456143 117.812 0.861922 -0.272561 -0.427552 74.6396 0 0 0 1 
Seq_Frame0022_DriverToReference-SequenceTransformStatus = OK
Seq_Frame0022_Timestamp = 31.599
Seq_Frame0023_DriverToReference-SequenceTransform =0.199816 -0.592403 0.780469 50.1544 -0.466009 -0.758135 -0.456143 117.812 0.861922 -0.272561 -0.427552 74.6396 0 0 0 1 
Seq_Frame0023_DriverToReference-SequenceTransformStatus = OK
Seq_Frame0023_Timestamp = 31.701
Seq_Frame0024_DriverToReference-SequenceTransform =0.199816 -0.592403 0.780469 50.1544 -0.466009 -0.758135 -0.456143 117.812 0.861922 -0.272561 -0.427552 74.6396 0 0 0 1 
Seq_Frame0024_DriverToReference-SequenceTransformStatus = OK
Seq_Frame0024_Timestamp = 31.809
Seq_Frame0025_DriverToReference-SequenceTransform =0.199816 -0.592403 0.780469 50.1544 -0.466009 -0.758135 -0.456143 117.812 0.861922 -0.272561 -0.427552 74.6396 0 0 0 1 
Seq_Frame0025_DriverToReference-SequenceTransformStatus = OK
Seq_Frame0025_Timestamp = 31.914
Seq_Frame0026_DriverToReference-SequenceTransform =0.199816 -0.592403 0.780469 50.1544 -0.466009 -0.758135 -0.456143 117.812 0.861922 -0.272561 -0.427552 74.6396 0 0 0 1 
Seq_Frame0026_DriverToReference-SequenceTransformStatus = OK
Seq_Frame0026_Timestamp = 32.019
Seq_Frame0027_DriverToReference-SequenceTransform =0.199816 -0.592403 0.780469 50.1544 -0.466009 -0.758135 -0.456143 117.812 0.861922 -0.272561 -0.427552 74.6396 0 0 0 1 
Seq_Frame0027_DriverToReference-SequenceTransformStatus = OK
Seq_Frame0027_Timestamp = 32.125
Seq_Frame0028_DriverToReference-SequenceTransform =0.199816 -0.592403 0.780469 50.1544 -0.466009 -0.758135 -0.456143 117.812 0.861922 -0.272561 -0.427552 74.6396 0 0 0 1 
Seq_Frame0028_DriverToReference-SequenceTransformStatus = OK
Seq_Frame0028_Timestamp = 32.234
Seq_Frame0029_DriverToReference-SequenceTransform =0.199816 -0.592403 0.780469 50.1544 -0.466009 -0.758135 -0.456143 117.812 0.861922 -0.272561 -0.427552 74.6396 0 0 0 1 
Seq_Frame0029_DriverToReference-SequenceTransformStatus = OK
Seq_Frame0029_Timestamp = 32.359
Seq_Frame0030_DriverToReference-SequenceTransform =0.199816 -0.592403 0.780469 50.1544 -0.466009 -0.758135 -0.456143 117.812 0.861922 -0.272561 -0.427552 74.6396 0 0 0 1 
Seq_Frame0030_DriverToReference-SequenceTransformStatus = OK
Seq_Frame0030_Timestamp = 32.482
Seq_Frame0031_DriverToReference-SequenceTransform =0.199816 -0.592403 0.780469 50.1544 -0.466009 -0.758135 -0.456143 117.812 0.861922 -0.272561 -0.427552 74.6396 0 0 0 1 
Seq_Frame0031_DriverToReference-SequenceTransformStatus = OK
Seq_Frame0031_Timestamp = 32.604
Seq_Frame0032_DriverToReference-SequenceTransform =0.199816 -0.592403 0.780469 50.1544 -0.466009 -0.758135 -0.456143 117.812 0.861922 -0.272561 -0.427552 74.6396 0 0 0 1 
Seq_Frame0032_DriverToReference-SequenceTransformStatus = OK
Seq_Frame0032_Timestamp = 32.705
Seq_Frame0033_DriverToReference-SequenceTransform =0.199816 -0.592403 0.780469 50.1544 -0.466009 -0.758135 -0.456143 117.812 0.861922 -0.272561 -0.427552 74.6396 0 0 0 1 
Seq_Frame0033_DriverToReference-SequenceTransformStatus = OK
Seq_Frame0033_Timestamp = 32.829
Seq_Frame0034_DriverToReference-SequenceTransform =0.199816 -0.592403 0.780469 50.1544 -0.466009 -0.758135 -0.456143 117.812 0.861922 -0.272561 -0.427552 74.6396 0 0 0 1 
Seq_Frame0034_DriverToReference-SequenceTransformStatus = OK
Seq_Frame0034_Timestamp = 32.948
Seq_Frame0035_DriverToReference-SequenceTransform =0.199816 -0.592403 0.780469 50.1544 -0.466009 -0.758135 -0.456143 117.812 0.861922 -0.272561 -0.427552 74.6396 0 0 0 1 
Seq_Frame0035_DriverToReference-SequenceTransformStatus = OK
Seq_Frame0035_Timestamp = 33.072
Seq_Frame0036_DriverToReference-SequenceTransform =0.199816 -0.592403 0.780469 50.1544 -0.466009 -0.758135 -0.456143 117.812 0.861922 -0.272561 -0.427552 74.6396 0 0 0 1 
Seq_Frame0036_DriverToReference-SequenceTransformStatus = OK
Seq_Frame0036_Timestamp = 33.178
Seq_Frame0037_DriverToReference-SequenceTransform =0.199816 -0.592403 0.780469 50.1544 -0.466009 -0.758135 -0.456143 117.812 0.861922 -0.272561 -0.427552 74.6396 0 0 0 1 
Seq_Frame0037_DriverToReference-SequenceTransformStatus = OK
Seq_Frame0037_Timestamp = 33.289
Seq_Frame0038_DriverToReference-SequenceTransform =0.199816 -0.592403 0.780469 50.1544 -0.466009 -0.758135 -0.456143 117.812 0.861922 -0.272561 -0.427552 74.6396 0 0 0 1 
Seq_Frame0038_DriverToReference-SequenceTransformStatus = OK
Seq_Frame0038_Timestamp = 33.416
Seq_Frame0039_DriverToReference-SequenceTransform =0.199816 -0.592403 0.780469 50.1544 -0.466009 -0.758135 -0.456143 117.812 0.861922 -0.272561 -0.427552 74.6396 0 0 0 1 
Seq_Frame0039_DriverToReference-SequenceTransformStatus = OK
Seq_Frame0039_Timestamp = 33.517
Seq_Frame0040_DriverToReference-SequenceTransform =0.199816 -0.592403 0.780469 50.1544 -0.466009 -0.758135 -0.456143 117.812 0.861922 -0.272561 -0.427552 74.6396 0 0 0 1 
Seq_Frame0040_DriverToReference-SequenceTransformStatus = OK
Seq_Frame0040_Timestamp = 33.63
Seq_Frame0041_DriverToReference-SequenceTransform =0.199816 -0.592403 0.780469 50.1544 -0.466009 -0.758135 -0.456143 117.812 0.861922 -0.272561 -0.427552 74.6396 0 0 0 1 
Seq_Frame0041_DriverToReference-SequenceTransformStatus = OK
Seq_Frame0041_Timestamp = 33.739
Seq_Frame0042_DriverToReference-SequenceTransform =0.199816 -0.592403 0.780469 50.1544 -0.466009 -0.758135 -0.456143 117.812 0.861922 -0.272561 -0.427552 74.6396 0 0 0 1 
Seq_Frame0042_DriverToReference-SequenceTransformStatus = OK
Seq_Frame0042_Timestamp = 33.844
Seq_Frame0043_DriverToReference-SequenceTransform =0.199816 -0.592403 0.780469 50.1544 -0.466009 -0.758135 -0.456143 117.812 0.861922 -0.272561 -0.427552 74.6396 0 0 0 1 
Seq_Frame0043_DriverToReference-SequenceTransformStatus = OK
Seq_Frame0043_Timestamp = 34.638
Seq_Frame0044_DriverToReference-SequenceTransform =0.199816 -0.592403 0.780469 50.1544 -0.466009 -0.758135 -0.456143 117.812 0.861922 -0.272561 -0.427552 74.6396 0 0 0 1 
Seq_Frame0044_DriverToReference-SequenceTransformStatus = OK
Seq_Frame0044_Timestamp = 34.764
Seq_Frame0045_DriverToReference-SequenceTransform =0.199816 -0.592403 0.780469 50.1544 -0.466009 -0.758135 -0.456143 117.812 0.861922 -0.272561 -0.427552 74.6396 0 0 0 1 
Seq_Frame0045_DriverToReference-SequenceTransformStatus = OK
Seq_Frame0045_Timestamp = 34.866
Seq_Frame0046_DriverToReference-SequenceTransform =0.199816 -0.592403 0.780469 50.1544 -0.466009 -0.758135 -0.456143 117.812 0.861922 -0.272561 -0.427552 74.6396 0 0 0 1 
Seq_Frame0046_DriverToReference-SequenceTransformStatus = OK
Seq_Frame0046_Timestamp = 34.976
Seq_Frame0047_DriverToReference-SequenceTransform =0.199816 -0.592403 0.780469 50.1544 -0.466009 -0.758135 -0.456143 117.812 0.861922 -0.272561 -0.427552 74.6396 0 0 0 1 
Seq_Frame0047_DriverToReference-SequenceTransformStatus = OK
Seq_Frame0047_Timestamp = 35.085
Seq_Frame0048_DriverToReference-SequenceTransform =0.199816 -0.592403 0.780469 50.1544 -0.466009 -0.758135 -0.456143 117.812 0.861922 -0.272561 -0.427552 74.6396 0 0 0 1 
Seq_Frame0048_DriverToReference-SequenceTransformStatus = OK
Seq_Frame0048_Timestamp = 35.207
Seq_Frame0049_DriverToReference-SequenceTransform =0.199816 -0.592403 0.780469 50.1544 -0.466009 -0.758135 -0.456143 117.812 0.861922 -0.272561 -0.427552 74.6396 0 0 0 1 
Seq_Frame0049_DriverToReference-SequenceTransformStatus = OK
Seq_Frame0049_Timestamp = 35.325
Seq_Frame0050_DriverToReference-SequenceTransform =0.199816 -0.592403 0.780469 50.1544 -0.466009 -0.758135 -0.456143 117.812 0.861922 -0.272561 -0.427552 74.6396 0 0 0 1 
Seq_Frame0050_DriverToReference-SequenceTransformStatus = OK
Seq_Frame0050_Timestamp = 35.438
Seq_Frame0051_DriverToReference-SequenceTransform =0.199816 -0.592403 0.780469 50.1544 -0.466009 -0.758135 -0.456143 117.812 0.861922 -0.272561 -0.427552 74.6396 0 0 0 1 
Seq_Frame0051_DriverToReference-SequenceTransformStatus = OK
Seq_Frame0051_Timestamp = 35.544
Seq_Frame0052_DriverToReference-SequenceTransform =0.199816 -0.592403 0.780469 50.1544 -0.466009 -0.758135 -0.456143 117.812 0.861922 -0.272561 -0.427552 74.6396 0 0 0 1 
Seq_Frame0052_DriverToReference-SequenceTransformStatus = OK
Seq_Frame0052_Timestamp = 35.65
Seq_Frame0053_DriverToReference-SequenceTransform =0.199816 -0.592403 0.780469 50.1544 -0.466009 -0.758135 -0.456143 117.812 0.861922 -0.272561 -0.427552 74.6396 0 0 0 1 
Seq_Frame0053_DriverToReference-SequenceTransformStatus = OK
Seq_Frame0053_Timestamp = 35.76
Seq_Frame0054_DriverToReference-SequenceTransform =0.199816 -0.592403 0.780469 50.1544 -0.466009 -0.758135 -0.456143 117.812 0.861922 -0.272561 -0.427552 74.6396 0 0 0 1 
Seq_Frame0054_DriverToReference-SequenceTransformStatus = OK
Seq_Frame0054_Timestamp = 35.883
Seq_Frame0055_DriverToReference-SequenceTransform =0.199816 -0.592403 0.780469 50.1544 -0.466009 -0.758135 -0.456143 117.812 0.861922 -0.272561 -0.427552 74.6396 0 0 0 1 
Seq_Frame0055_DriverToReference-SequenceTransformStatus = OK
Seq_Frame0055_Timestamp = 35.993
Seq_Frame0056_DriverToReference-SequenceTransform =0.199816 -0.592403 0.780469 50.1544 -0.466009 -0.758135 -0.456143 117.812 0.861922 -0.272561 -0.427552 74.6396 0 0 0 1 
Seq_Frame0056_DriverToReference-SequenceTransformStatus = OK
Seq_Frame0056_Timestamp = 36.095
Seq_Frame0057_DriverToReference-SequenceTransform =0.199816 -0.592403 0.780469 50.1544 -0.466009 -0.758135 -0.456143 117.812 0.861922 -0.272561 -0.427552 74.6396 0 0 0 1 
Seq_Frame0057_DriverToReference-SequenceTransformStatus = OK
Seq_Frame0057_Timestamp = 36.195
Seq_Frame0058_DriverToReference-SequenceTransform =0.199816 -0.592403 0.780469 50.1544 -0.466009 -0.758135 -0.456143 117.812 0.861922 -0.272561 -0.427552 74.6396 0 0 0 1 
Seq_Frame0058_DriverToReference-SequenceTransformStatus = OK
Seq_Frame0058_Timestamp = 36.319
Seq_Frame0059_DriverToReference-SequenceTransform =0.199816 -0.592403 0.780469 50.1544 -0.466009 -0.758135 -0.456143 117.812 0.861922 -0.272561 -0.427552 74.6396 0 0 0 1 
Seq_Frame0059_DriverToReference-SequenceTransformStatus = OK
Seq_Frame0059_Timestamp = 36.443
Seq_Frame0060_DriverToReference-SequenceTransform =0.199816 -0.592403 0.780469 50.1544 -0.466009 -0.758135 -0.456143 117.812 0.861922 -0.272561 -0.427552 74.6396 0 0 0 1 
Seq_Frame0060_DriverToReference-SequenceTransformStatus = OK
Seq_Frame0060_Timestamp = 36.811
Seq_Frame0061_DriverToReference-SequenceTransform =0.199816 -0.592403 0.780469 50.1544 -0.466009 -0.758135 -0.456143 117.812 0.861922 -0.272561 -0.427552 74.6396 0 0 0 1 
Seq_Frame0061_DriverToReference-SequenceTransformStatus = OK
Seq_Frame0061_Timestamp = 36.919
Seq_Frame0062_DriverToReference-SequenceTransform =0.199816 -0.592403 0.780469 50.1544 -0.466009 -0.758135 -0.456143 117.812 0.861922 -0.272561 -0.427552 74.6396 0 0 0 1 
Seq_Frame0062_DriverToReference-SequenceTransformStatus = OK
Seq_Frame0062_Timestamp = 37.037
Seq_Frame0063_DriverToReference-SequenceTransform =0.199816 -0.592403 0.780469 50.1544 -0.466009 -0.758135 -0.456143 117.812 0.861922 -0.272561 -0.427552 74.6396 0 0 0 1 
Seq_Frame0063_DriverToReference-SequenceTransformStatus = OK
Seq_Frame0063_Timestamp = 37.188
Seq_Frame0064_DriverToReference-SequenceTransform =0.199816 -0.592403 0.780469 50.1544 -0.466009 -0.758135 -0.456143 117.812 0.861922 -0.272561 -0.427552 74.6396 0 0 0 1 
Seq_Frame0064_DriverToReference-SequenceTransformStatus = OK
Seq_Frame0064_Timestamp = 37.318
Seq_Frame0065_DriverToReference-SequenceTransform =0.199816 -0.592403 0.780469 50.1544 -0.466009 -0.758135 -0.456143 117.812 0.861922 -0.272561 -0.427552 74.6396 0 0 0 1 
Seq_Frame0065_DriverToReference-SequenceTransformStatus = OK
Seq_Frame0065_Timestamp = 37.441
Seq_Frame0066_DriverToReference-SequenceTransform =0.199816 -0.592403 0.780469 50.1544 -0.466009 -0.758135 -0.456143 117.812 0.861922 -0.272561 -0.427552 74.6396 0 0 0 1 
Seq_Frame0066_DriverToReference-SequenceTransformStatus = OK
Seq_Frame0066_Timestamp = 37.553
Seq_Frame0067_DriverToReference-SequenceTransform =0.199816 -0.592403 0.780469 50.1544 -0.466009 -0.758135 -0.456143 117.812 0.861922 -0.272561 -0.427552 74.6396 0 0 0 1 
Seq_Frame0067_DriverToReference-SequenceTransformStatus = OK
Seq_Frame0067_Timestamp = 37.672
Seq_Frame0068_DriverToReference-SequenceTransform =0.199816 -0.592403 0.780469 50.1544 -0.466009 -0.758135 -0.456143 117.812 0.861922 -0.272561 -0.427552 74.6396 0 0 0 1 
Seq_Frame0068_DriverToReference-SequenceTransformStatus = OK
Seq_Frame0068_Timestamp = 37.794
Seq_Frame0069_DriverToReference-SequenceTransform =0.199816 -0.592403 0.780469 50.1544 -0.466009 -0.758135 -0.456143 117.812 0.861922 -0.272561 -0.427552 74.6396 0 0 0 1 
Seq_Frame0069_DriverToReference-SequenceTransformStatus = OK
Seq_Frame0069_Timestamp = 37.92
Seq_Frame0070_DriverToReference-SequenceTransform =0.199816 -0.592403 0.780469 50.1544 -0.466009 -0.758135 -0.456143 117.812 0.861922 -0.272561 -0.427552 74.6396 0 0 0 1 
Seq_Frame0070_DriverToReference-SequenceTransformStatus = OK
Seq_Frame0070_Timestamp = 38.104
Seq_Frame0071_DriverToReference-SequenceTransform =0.199816 -0.592403 0.780469 50.1544 -0.466009 -0.758135 -0.456143 117.812 0.861922 -0.272561 -0.427552 74.6396 0 0 0 1 
Seq_Frame0071_DriverToReference-SequenceTransformStatus = OK
Seq_Frame0071_Timestamp = 38.205
Seq_Frame0072_DriverToReference-SequenceTransform =0.199816 -0.592403 0.780469 50.1544 -0.466009 -0.758135 -0.456143 117.812 0.861922 -0.272561 -0.427552 74.6396 0 0 0 1 
Seq_Frame0072_DriverToReference-SequenceTransformStatus = OK
Seq_Frame0072_Timestamp = 38.312
Seq_Frame0073_DriverToReference-SequenceTransform =0.199816 -0.592403 0.780469 50.1544 -0.466009 -0.758135 -0.456143 117.812 0.861922 -0.272561 -0.427552 74.6396 0 0 0 1 
Seq_Frame0073_DriverToReference-SequenceTransformStatus = OK
Seq_Frame0073_Timestamp = 38.508
Seq_Frame0074_DriverToReference-SequenceTransform =0.199816 -0.592403 0.780469 50.1544 -0.466009 -0.758135 -0.456143 117.812 0.861922 -0.272561 -0.427552 74.6396 0 0 0 1 
Seq_Frame0074_DriverToReference-SequenceTransformStatus = OK
Seq_Frame0074_Timestamp = 38.633
Seq_Frame0075_DriverToReference-SequenceTransform =0.199816 -0.592403 0.780469 50.1544 -0.466009 -0.758135 -0.456143 117.812 0.861922 -0.272561 -0.427552 74.6396 0 0 0 1 
Seq_Frame0075_DriverToReference-SequenceTransformStatus = OK
Seq_Frame0075_Timestamp = 38.757
Seq_Frame0076_DriverToReference-SequenceTransform =0.199816 -0.592403 0.780469 50.1544 -0.466009 -0.758135 -0.456143 117.812 0.861922 -0.272561 -0.427552 74.6396 0 0 0 1 
Seq_Frame0076_DriverToReference-SequenceTransformStatus = OK
Seq_Frame0076_Timestamp = 38.876
Seq_Frame0077_DriverToReference-SequenceTransform =0.199816 -0.592403 0.780469 50.1544 -0.466009 -0.758135 -0.456143 117.812 0.861922 -0.272561 -0.427552 74.6396 0 0 0 1 
Seq_Frame0077_DriverToReference-SequenceTransformStatus = OK
Seq_Frame0077_Timestamp = 38.984
Seq_Frame0078_DriverToReference-SequenceTransform =0.199816 -0.592403 0.780469 50.1544 -0.466009 -0.758135 -0.456143 117.812 0.861922 -0.272561 -0.427552 74.6396 0 0 0 1 
Seq_Frame0078_DriverToReference-SequenceTransformStatus = OK
Seq_Frame0078_Timestamp = 39.541
Seq_Frame0079_DriverToReference-SequenceTransform =0.199816 -0.592403 0.780469 50.1544 -0.466009 -0.758135 -0.456143 117.812 0.861922 -0.272561 -0.427552 74.6396 0 0 0 1 
Seq_Frame0079_DriverToReference-SequenceTransformStatus = OK
Seq_Frame0079_Timestamp = 39.657
Seq_Frame0080_DriverToReference-SequenceTransform =0.199816 -0.592403 0.780469 50.1544 -0.466009 -0.758135 -0.456143 117.812 0.861922 -0.272561 -0.427552 74.6396 0 0 0 1 
Seq_Frame0080_DriverToReference-SequenceTransformStatus = OK
Seq_Frame0080_Timestamp = 39.826
Seq_Frame0081_DriverToReference-SequenceTransform =0.199816 -0.592403 0.780469 50.1544 -0.466009 -0.758135 -0.456143 117.812 0.861922 -0.272561 -0.427552 74.6396 0 0 0 1 
Seq_Frame0081_DriverToReference-SequenceTransformStatus = OK
Seq_Frame0081_Timestamp = 40.074
Seq_Frame0082_DriverToReference-SequenceTransform =0.199816 -0.592403 0.780469 50.1544 -0.466009 -0.758135 -0.456143 117.812 0.861922 -0.272561 -0.427552 74.6396 0 0 0 1 
Seq_Frame0082_DriverToReference-SequenceTransformStatus = OK
Seq_Frame0082_Timestamp = 40.186
Seq_Frame0083_DriverToReference-SequenceTransform =0.199816 -0.592403 0.780469 50.1544 -0.466009 -0.758135 -0.456143 117.812 0.861922 -0.272561 -0.427552 74.6396 0 0 0 1 
Seq_Frame0083_DriverToReference-SequenceTransformStatus = OK
Seq_Frame0083_Timestamp = 40.29
Seq_Frame0084_DriverToReference-SequenceTransform =0.199816 -0.592403 0.780469 50.1544 -0.466009 -0.758135 -0.456143 117.812 0.861922 -0.272561 -0.427552 74.6396 0 0 0 1 
Seq_Frame0084_DriverToReference-SequenceTransformStatus = OK
Seq_Frame0084_Timestamp = 40.403
Seq_Frame0085_DriverToReference-SequenceTransform =0.199816 -0.592403 0.780469 50.1544 -0.466009 -0.758135 -0.456143 117.812 0.861922 -0.272561 -0.427552 74.6396 0 0 0 1 
Seq_Frame0085_DriverToReference-SequenceTransformStatus = OK
Seq_Frame0085_Timestamp = 40.519
Seq_Frame0086_DriverToReference-SequenceTransform =0.199816 -0.592403 0.780469 50.1544 -0.466009 -0.758135 -0.456143 117.812 0.861922 -0.272561 -0.427552 74.6396 0 0 0 1 
Seq_Frame0086_DriverToReference-SequenceTransformStatus = OK
Seq_Frame0086_Timestamp = 40.626
Seq_Frame0087_DriverToReference-SequenceTransform =0.199816 -0.592403 0.780469 50.1544 -0.466009 -0.758135 -0.456143 117.812 0.861922 -0.272561 -0.427552 74.6396 0 0 0 1 
Seq_Frame0087_DriverToReference-SequenceTransformStatus = OK
Seq_Frame0087_Timestamp = 40.734
Seq_Frame0088_DriverToReference-SequenceTransform =0.199816 -0.592403 0.780469 50.1544 -0.466009 -0.758135 -0.456143 117.812 0.861922 -0.272561 -0.427552 74.6396 0 0 0 1 
Seq_Frame0088_DriverToReference-SequenceTransformStatus = OK
Seq_Frame0088_Timestamp = 40.843
Seq_Frame0089_DriverToReference-SequenceTransform =0.199816 -0.592403 0.780469 50.1544 -0.466009 -0.758135 -0.456143 117.812 0.861922 -0.272561 -0.427552 74.6396 0 0 0 1 
Seq_Frame0089_DriverToReference-SequenceTransformStatus = OK
Seq_Frame0089_Timestamp = 40.948
Seq_Frame0090_DriverToReference-SequenceTransform =0.199816 -0.592403 0.780469 50.1544 -0.466009 -0.758135 -0.456143 117.812 0.861922 -0.272561 -0.427552 74.6396 0 0 0 1 
Seq_Frame0090_DriverToReference-SequenceTransformStatus = OK
Seq_Frame0090_Timestamp = 41.074
Seq_Frame0091_DriverToReference-SequenceTransform =0.199816 -0.592403 0.780469 50.1544 -0.466009 -0.758135 -0.456143 117.812 0.861922 -0.272561 -0.427552 74.6396 0 0 0 1 
Seq_Frame0091_DriverToReference-SequenceTransformStatus = OK
Seq_Frame0091_Timestamp = 41.193
Seq_Frame0092_DriverToReference-SequenceTransform =0.199816 -0.592403 0.780469 50.1544 -0.466009 -0.758135 -0.456143 117.812 0.861922 -0.272561 -0.427552 74.6396 0 0 0 1 
Seq_Frame0092_DriverToReference-SequenceTransformStatus = OK
Seq_Frame0092_Timestamp = 41.314
Seq_Frame0093_DriverToReference-SequenceTransform =0.199816 -0.592403 0.780469 50.1544 -0.466009 -0.758135 -0.456143 117.812 0.861922 -0.272561 -0.427552 74.6396 0 0 0 1 
Seq_Frame0093_DriverToReference-SequenceTransformStatus = OK
Seq_Frame0093_Timestamp = 41.415
Seq_Frame0094_DriverToReference-SequenceTransform =0.199816 -0.592403 0.780469 50.1544 -0.466009 -0.758135 -0.456143 117.812 0.861922 -0.272561 -0.427552 74.6396 0 0 0 1 
Seq_Frame0094_DriverToReference-SequenceTransformStatus = OK
Seq_Frame0094_Timestamp = 41.521
Seq_Frame0095_DriverToReference-SequenceTransform =0.199816 -0.592403 0.780469 50.1544 -0.466009 -0.758135 -0.456143 117.812 0.861922 -0.272561 -0.427552 74.6396 0 0 0 1 
Seq_Frame0095_DriverToReference-SequenceTransformStatus = OK
Seq_Frame0095_Timestamp = 41.641
Seq_Frame0096_DriverToReference-SequenceTransform =0.199816 -0.592403 0.780469 50.1544 -0.466009 -0.758135 -0.456143 117.812 0.861922 -0.272561 -0.427552 74.6396 0 0 0 1 
Seq_Frame0096_DriverToReference-SequenceTransformStatus = OK
Seq_Frame0096_Timestamp = 41.764
Seq_Frame0097_DriverToReference-SequenceTransform =0.199816 -0.592403 0.780469 50.1544 -0.466009 -0.758135 -0.456143 117.812 0.861922 -0.272561 -0.427552 74.6396 0 0 0 1 
Seq_Frame0097_DriverToReference-SequenceTransformStatus = OK
Seq_Frame0097_Timestamp = 41.886
Seq_Frame0098_DriverToReference-SequenceTransform =0.199816 -0.592403 0.780469 50.1544 -0.466009 -0.758135 -0.456143 117.812 0.861922 -0.272561 -0.427552 74.6396 0 0 0 1 
Seq_Frame0098_DriverToReference-SequenceTransformStatus = OK
Seq_Frame0098_Timestamp = 42.01
Seq_Frame0099_DriverToReference-SequenceTransform =0.199816 -0.592403 0.780469 50.1544 -0.466009 -0.758135 -0.456143 117.812 0.861922 -0.272561 -0.427552 74.6396 0 0 0 1 
Seq_Frame0099_DriverToReference-SequenceTransformStatus = OK
Seq_Frame0099_Timestamp = 42.132
Seq_Frame0100_DriverToReference-SequenceTransform =0.199816 -0.592403 0.780469 50.1544 -0.466009 -0.758135 -0.456143 117.812 0.861922 -0.272561 -0.427552 74.6396 0 0 0 1 
Seq_Frame0100_DriverToReference-SequenceTransformStatus = OK
Seq_Frame0100_Timestamp = 42.367
Seq_Frame0101_DriverToReference-SequenceTransform =0.528573 0.28921 -0.798103 80.0342 -0.439394 -0.711216 -0.54873 207.982 -0.726322 0.640726 -0.248853 181.861 0 0 0 1 
Seq_Frame0101_DriverToReference-SequenceTransformStatus = OK
Seq_Frame0101_Timestamp = 42.51
Seq_Frame0102_DriverToReference-SequenceTransform =0.528573 0.28921 -0.798103 80.0342 -0.439394 -0.711216 -0.54873 207.982 -0.726322 0.640726 -0.248853 181.861 0 0 0 1 
Seq_Frame0102_DriverToReference-SequenceTransformStatus = OK
Seq_Frame0102_Timestamp = 42.624
Seq_Frame0103_DriverToReference-SequenceTransform =0.528573 0.28921 -0.798103 80.0342 -0.439394 -0.711216 -0.54873 207.982 -0.726322 0.640726 -0.248853 181.861 0 0 0 1 
Seq_Frame0103_DriverToReference-SequenceTransformStatus = OK
Seq_Frame0103_Timestamp = 42.734
Seq_Frame0104_DriverToReference-SequenceTransform =0.528573 0.28921 -0.798103 80.0342 -0.439394 -0.711216 -0.54873 207.982 -0.726322 0.640726 -0.248853 181.861 0 0 0 1 
Seq_Frame0104_DriverToReference-SequenceTransformStatus = OK
Seq_Frame0104_Timestamp = 42.859
Seq_Frame0105_DriverToReference-SequenceTransform =0.528573 0.28921 -0.798103 80.0342 -0.439394 -0.711216 -0.54873 207.982 -0.726322 0.640726 -0.248853 181.861 0 0 0 1 
Seq_Frame0105_DriverToReference-SequenceTransformStatus = OK
Seq_Frame0105_Timestamp = 42.965
Seq_Frame0106_DriverToReference-SequenceTransform =0.528573 0.28921 -0.798103 80.0342 -0.439394 -0.711216 -0.54873 207.982 -0.726322 0.640726 -0.248853 181.861 0 0 0 1 
Seq_Frame0106_DriverToReference-SequenceTransformStatus = OK
Seq_Frame0106_Timestamp = 43.071
Seq_Frame0107_DriverToReference-SequenceTransform =0.528573 0.28921 -0.798103 80.0342 -0.439394 -0.711216 -0.54873 207.982 -0.726322 0.640726 -0.248853 181.861 0 0 0 1 
Seq_Frame0107_DriverToReference-SequenceTransformStatus = OK
Seq_Frame0107_Timestamp = 43.193
Seq_Frame0108_DriverToReference-SequenceTransform =0.528573 0.28921 -0.798103 80.0342 -0.439394 -0.711216 -0.54873 207.982 -0.726322 0.640726 -0.248853 181.861 0 0 0 1 
Seq_Frame0108_DriverToReference-SequenceTransformStatus = OK
Seq_Frame0108_Timestamp = 43.307
Seq_Frame0109_DriverToReference-SequenceTransform =0.528573 0.28921 -0.798103 80.0342 -0.439394 -0.711216 -0.54873 207.982 -0.726322 0.640726 -0.248853 181.861 0 0 0 1 
Seq_Frame0109_DriverToReference-SequenceTransformStatus = OK
Seq_Frame0109_Timestamp = 43.414
Seq_Frame0110_DriverToReference-SequenceTransform =0.528573 0.28921 -0.798103 80.0342 -0.439394 -0.711216 -0.54873 207.982 -0.726322 0.640726 -0.248853 181.861 0 0 0 1 
Seq_Frame0110_DriverToReference-SequenceTransformStatus = OK
Seq_Frame0110_Timestamp = 43.524
Seq_Frame0111_DriverToReference-SequenceTransform =0.528573 0.28921 -0.798103 80.0342 -0.439394 -0.711216 -0.54873 207.982 -0.726322 0.640726 -0.248853 181.861 0 0 0 1 
Seq_Frame0111_DriverToReference-SequenceTransformStatus = OK
Seq_Frame0111_Timestamp = 43.634
Seq_Frame0112_DriverToReference-SequenceTransform =0.528573 0.28921 -0.798103 80.0342 -0.439394 -0.711216 -0.54873 207.982 -0.726322 0.640726 -0.248853 181.861 0 0 0 1 
Seq_Frame0112_DriverToReference-SequenceTransformStatus = OK
Seq_Frame0112_Timestamp = 43.762
Seq_Frame0113_DriverToReference-SequenceTransform =0.528573 0.28921 -0.798103 80.0342 -0.439394 -0.711216 -0.54873 207.982 -0.726322 0.640726 -0.248853 181.861 0 0 0 1 
Seq_Frame0113_DriverToReference-SequenceTransformStatus = OK
Seq_Frame0113_Timestamp = 43.885
Seq_Frame0114_DriverToReference-SequenceTransform =0.528573 0.28921 -0.798103 80.0342 -0.439394 -0.711216 -0.54873 207.982 -0.726322 0.640726 -0.248853 181.861 0 0 0 1 
Seq_Frame0114_DriverToReference-SequenceTransformStatus = OK
Seq_Frame0114_Timestamp = 44.01
Seq_Frame0115_DriverToReference-SequenceTransform =0.528573 0.28921 -0.798103 80.0342 -0.439394 -0.711216 -0.54873 207.982 -0.726322 0.640726 -0.248853 181.861 0 0 0 1 
Seq_Frame0115_DriverToReference-SequenceTransformStatus = OK
Seq_Frame0115_Timestamp = 44.136
Seq_Frame0116_DriverToReference-SequenceTransform =0.528573 0.28921 -0.798103 80.0342 -0.439394 -0.711216 -0.54873 207.982 -0.726322 0.640726 -0.248853 181.861 0 0 0 1 
Seq_Frame0116_DriverToReference-SequenceTransformStatus = OK
Seq_Frame0116_Timestamp = 44.266
Seq_Frame0117_DriverToReference-SequenceTransform =0.528573 0.28921 -0.798103 80.0342 -0.439394 -0.711216 -0.54873 207.982 -0.726322 0.640726 -0.248853 181.861 0 0 0 1 
Seq_Frame0117_DriverToReference-SequenceTransformStatus = OK
Seq_Frame0117_Timestamp = 44.378
Seq_Frame0118_DriverToReference-SequenceTransform =0.528573 0.28921 -0.798103 80.0342 -0.439394 -0.711216 -0.54873 207.982 -0.726322 0.640726 -0.248853 181.861 0 0 0 1 
Seq_Frame0118_DriverToReference-SequenceTransformStatus = OK
Seq_Frame0118_Timestamp = 44.506
Seq_Frame0119_DriverToReference-SequenceTransform =0.528573 0.28921 -0.798103 80.0342 -0.439394 -0.711216 -0.54873 207.982 -0.726322 0.640726 -0.248853 181.861 0 0 0 1 
Seq_Frame0119_DriverToReference-SequenceTransformStatus = OK
Seq_Frame0119_Timestamp = 44.631
Seq_Frame0120_DriverToReference-SequenceTransform =0.528573 0.28921 -0.798103 80.0342 -0.439394 -0.711216 -0.54873 207.982 -0.726322 0.640726 -0.248853 181.861 0 0 0 1 
Seq_Frame0120_DriverToReference-SequenceTransformStatus = OK
Seq_Frame0120_Timestamp = 44.734
Seq_Frame0121_DriverToReference-SequenceTransform =0.528573 0.28921 -0.798103 80.0342 -0.439394 -0.711216 -0.54873 207.982 -0.726322 0.640726 -0.248853 181.861 0 0 0 1 
Seq_Frame0121_DriverToReference-SequenceTransformStatus = OK
Seq_Frame0121_Timestamp = 44.835
Seq_Frame0122_DriverToReference-SequenceTransform =0.528573 0.28921 -0.798103 80.0342 -0.439394 -0.711216 -0.54873 207.982 -0.726322 0.640726 -0.248853 181.861 0 0 0 1 
Seq_Frame0122_DriverToReference-SequenceTransformStatus = OK
Seq_Frame0122_Timestamp = 44.937
Seq_Frame0123_DriverToReference-SequenceTransform =0.528573 0.28921 -0.798103 80.0342 -0.439394 -0.711216 -0.54873 207.982 -0.726322 0.640726 -0.248853 181.861 0 0 0 1 
Seq_Frame0123_DriverToReference-SequenceTransformStatus = OK
Seq_Frame0123_Timestamp = 45.061
Seq_Frame0124_DriverToReference-SequenceTransform =0.528573 0.28921 -0.798103 80.0342 -0.439394 -0.711216 -0.54873 207.982 -0.726322 0.640726 -0.248853 181.861 0 0 0 1 
Seq_Frame0124_DriverToReference-SequenceTransformStatus = OK
Seq_Frame0124_Timestamp = 45.184
Seq_Frame0125_DriverToReference-SequenceTransform =0.528573 0.28921 -0.798103 80.0342 -0.439394 -0.711216 -0.54873 207.982 -0.726322 0.640726 -0.248853 181.861 0 0 0 1 
Seq_Frame0125_DriverToReference-SequenceTransformStatus = OK
Seq_Frame0125_Timestamp = 45.309
Seq_Frame0126_DriverToReference-SequenceTransform =0.528573 0.28921 -0.798103 80.0342 -0.439394 -0.711216 -0.54873 207.982 -0.726322 0.640726 -0.248853 181.861 0 0 0 1 
Seq_Frame0126_DriverToReference-SequenceTransformStatus = OK
Seq_Frame0126_Timestamp = 45.422
Seq_Frame0127_DriverToReference-SequenceTransform =0.528573 0.28921 -0.798103 80.0342 -0.439394 -0.711216 -0.54873 207.982 -0.726322 0.640726 -0.248853 181.861 0 0 0 1 
Seq_Frame0127_DriverToReference-SequenceTransformStatus = OK
Seq_Frame0127_Timestamp = 45.534
Seq_Frame0128_DriverToReference-SequenceTransform =0.528573 0.28921 -0.798103 80.0342 -0.439394 -0.711216 -0.54873 207.982 -0.726322 0.640726 -0.248853 181.861 0 0 0 1 
Seq_Frame0128_DriverToReference-SequenceTransformStatus = OK
Seq_Frame0128_Timestamp = 45.638
Seq_Frame0129_DriverToReference-SequenceTransform =0.528573 0.28921 -0.798103 80.0342 -0.439394 -0.711216 -0.54873 207.982 -0.726322 0.640726 -0.248853 181.861 0 0 0 1 
Seq_Frame0129_DriverToReference-SequenceTransformStatus = OK
Seq_Frame0129_Timestamp = 45.739
Seq_Frame0130_DriverToReference-SequenceTransform =0.528573 0.28921 -0.798103 80.0342 -0.439394 -0.711216 -0.54873 207.982 -0.726322 0.640726 -0.248853 181.861 0 0 0 1 
Seq_Frame0130_DriverToReference-SequenceTransformStatus = OK
Seq_Frame0130_Timestamp = 45.86
Seq_Frame0131_DriverToReference-SequenceTransform =0.528573 0.28921 -0.798103 80.0342 -0.439394 -0.711216 -0.54873 207.982 -0.726322 0.640726 -0.248853 181.861 0 0 0 1 
Seq_Frame0131_DriverToReference-SequenceTransformStatus = OK
Seq_Frame0131_Timestamp = 45.969
Seq_Frame0132_DriverToReference-SequenceTransform =0.528573 0.28921 -0.798103 80.0342 -0.439394 -0.711216 -0.54873 207.982 -0.726322 0.640726 -0.248853 181.861 0 0 0 1 
Seq_Frame0132_DriverToReference-SequenceTransformStatus = OK
Seq_Frame0132_Timestamp = 46.095
Seq_Frame0133_DriverToReference-SequenceTransform =0.528573 0.28921 -0.798103 80.0342 -0.439394 -0.711216 -0.54873 207.982 -0.726322 0.640726 -0.248853 181.861 0 0 0 1 
Seq_Frame0133_DriverToReference-SequenceTransformStatus = OK
Seq_Frame0133_Timestamp = 46.222
Seq_Frame0134_DriverToReference-SequenceTransform =0.528573 0.28921 -0.798103 80.0342 -0.439394 -0.711216 -0.54873 207.982 -0.726322 0.640726 -0.248853 181.861 0 0 0 1 
Seq_Frame0134_DriverToReference-SequenceTransformStatus = OK
Seq_Frame0134_Timestamp = 46.342
Seq_Frame0135_DriverToReference-SequenceTransform =0.528573 0.28921 -0.798103 80.0342 -0.439394 -0.711216 -0.54873 207.982 -0.726322 0.640726 -0.248853 181.861 0 0 0 1 
Seq_Frame0135_DriverToReference-SequenceTransformStatus = OK
Seq_Frame0135_Timestamp = 46.448
Seq_Frame0136_DriverToReference-SequenceTransform =0.528573 0.28921 -0.798103 80.0342 -0.439394 -0.711216 -0.54873 207.982 -0.726322 0.640726 -0.248853 181.861 0 0 0 1 
Seq_Frame0136_DriverToReference-SequenceTransformStatus = OK
Seq_Frame0136_Timestamp = 46.556
Seq_Frame0137_DriverToReference-SequenceTransform =0.528573 0.28921 -0.798103 80.0342 -0.439394 -0.711216 -0.54873 207.982 -0.726322 0.640726 -0.248853 181.861 0 0 0 1 
Seq_Frame0137_DriverToReference-SequenceTransformStatus = OK
Seq_Frame0137_Timestamp = 46.687
Seq_Frame0138_DriverToReference-SequenceTransform =0.528573 0.28921 -0.798103 80.0342 -0.439394 -0.711216 -0.54873 207.982 -0.726322 0.640726 -0.248853 181.861 0 0 0 1 
Seq_Frame0138_DriverToReference-SequenceTransformStatus = OK
Seq_Frame0138_Timestamp = 46.805
Seq_Frame0139_DriverToReference-SequenceTransform =0.528573 0.28921 -0.798103 80.0342 -0.439394 -0.711216 -0.54873 207.982 -0.726322 0.640726 -0.248853 181.861 0 0 0 1 
Seq_Frame0139_DriverToReference-SequenceTransformStatus = OK
Seq_Frame0139_Timestamp = 46.93
Seq_Frame0140_DriverToReference-SequenceTransform =0.528573 0.28921 -0.798103 80.0342 -0.439394 -0.711216 -0.54873 207.982 -0.726322 0.640726 -0.248853 181.861 0 0 0 1 
Seq_Frame0140_DriverToReference-SequenceTransformStatus = OK
Seq_Frame0140_Timestamp = 47.051
Seq_Frame0141_DriverToReference-SequenceTransform =0.528573 0.28921 -0.798103 80.0342 -0.439394 -0.711216 -0.54873 207.982 -0.726322 0.640726 -0.248853 181.861 0 0 0 1 
Seq_Frame0141_DriverToReference-SequenceTransformStatus = OK
Seq_Frame0141_Timestamp = 47.177
Seq_Frame0142_DriverToReference-SequenceTransform =0.528573 0.28921 -0.798103 80.0342 -0.439394 -0.711216 -0.54873 207.982 -0.726322 0.640726 -0.248853 181.861 0 0 0 1 
Seq_Frame0142_DriverToReference-SequenceTransformStatus = OK
Seq_Frame0142_Timestamp = 47.284
Seq_Frame0143_DriverToReference-SequenceTransform =0.528573 0.28921 -0.798103 80.0342 -0.439394 -0.711216 -0.54873 207.982 -0.726322 0.640726 -0.248853 181.861 0 0 0 1 
Seq_Frame0143_DriverToReference-SequenceTransformStatus = OK
Seq_Frame0143_Timestamp = 47.403
Seq_Frame0144_DriverToReference-SequenceTransform =0.528573 0.28921 -0.798103 80.0342 -0.439394 -0.711216 -0.54873 207.982 -0.726322 0.640726 -0.248853 181.861 0 0 0 1 
Seq_Frame0144_DriverToReference-SequenceTransformStatus = OK
Seq_Frame0144_Timestamp = 47.522
Seq_Frame0145_DriverToReference-SequenceTransform =0.528573 0.28921 -0.798103 80.0342 -0.439394 -0.711216 -0.54873 207.982 -0.726322 0.640726 -0.248853 181.861 0 0 0 1 
Seq_Frame0145_DriverToReference-SequenceTransformStatus = OK
Seq_Frame0145_Timestamp = 47.632
Seq_Frame0146_DriverToReference-SequenceTransform =0.528573 0.28921 -0.798103 80.0342 -0.439394 -0.711216 -0.54873 207.982 -0.726322 0.640726 -0.248853 181.861 0 0 0 1 
Seq_Frame0146_DriverToReference-SequenceTransformStatus = OK
Seq_Frame0146_Timestamp = 47.744
Seq_Frame0147_DriverToReference-SequenceTransform =0.528573 0.28921 -0.798103 80.0342 -0.439394 -0.711216 -0.54873 207.982 -0.726322 0.640726 -0.248853 181.861 0 0 0 1 
Seq_Frame0147_DriverToReference-SequenceTransformStatus = OK
Seq_Frame0147_Timestamp = 47.871
Seq_Frame0148_DriverToReference-SequenceTransform =0.528573 0.28921 -0.798103 80.0342 -0.439394 -0.711216 -0.54873 207.982 -0.726322 0.640726 -0.248853 181.861 0 0 0 1 
Seq_Frame0148_DriverToReference-SequenceTransformStatus = OK
Seq_Frame0148_Timestamp = 47.994
Seq_Frame0149_DriverToReference-SequenceTransform =0.528573 0.28921 -0.798103 80.0342 -0.439394 -0.711216 -0.54873 207.982 -0.726322 0.640726 -0.248853 181.861 0 0 0 1 
Seq_Frame0149_DriverToReference-SequenceTransformStatus = OK
Seq_Frame0149_Timestamp = 48.118
