ObjectType = Image
NDims = 3
AnatomicalOrientation = RAI
BinaryData = True
CompressedData = False
DimSize = 0 0 4454
ElementSpacing = 1 1 1
Offset = 0 0 0
TransformMatrix = 1 0 0 0 1 0 0 0 1
ElementType = MET_UCHAR
Kinds = domain domain list
Seq_Frame0000_DriverToReference-SequenceTransform =0.406118 0.891944 -0.198759 63.7348 -0.901823 0.426321 0.070476 27.2092 0.147596 0.150624 0.977511 47.8819 0 0 0 1 
Seq_Frame0000_DriverToReference-SequenceTransformStatus = OK
Seq_Frame0000_Timestamp = 0.00600004
Seq_Frame0001_DriverToReference-SequenceTransform =0.405931 0.891947 -0.199124 63.7475 -0.901885 0.426188 0.0704815 27.1467 0.14773 0.150976 0.977437 47.9222 0 0 0 1 
Seq_Frame0001_DriverToReference-SequenceTransformStatus = OK
Seq_Frame0001_Timestamp = 0.114
Seq_Frame0002_DriverToReference-SequenceTransform =0.405976 0.892 -0.198794 63.7386 -0.901867 0.426204 0.0706129 27.2035 0.147714 0.150619 0.977494 47.9273 0 0 0 1 
Seq_Frame0002_DriverToReference-SequenceTransformStatus = OK
Seq_Frame0002_Timestamp = 0.224
Seq_Frame0003_DriverToReference-SequenceTransform =0.40633 0.891939 -0.198344 63.7308 -0.901627 0.426598 0.0712941 27.2077 0.148203 0.149863 0.977536 47.8899 0 0 0 1 
Seq_Frame0003_DriverToReference-SequenceTransformStatus = OK
Seq_Frame0003_Timestamp = 0.326
Seq_Frame0004_DriverToReference-SequenceTransform =0.406011 0.891804 -0.199603 63.7284 -0.901547 0.426611 0.0722219 27.2759 0.14956 0.150628 0.977212 47.8499 0 0 0 1 
Seq_Frame0004_DriverToReference-SequenceTransformStatus = OK
Seq_Frame0004_Timestamp = 0.434
Seq_Frame0005_DriverToReference-SequenceTransform =0.405729 0.892064 -0.199013 63.7177 -0.902132 0.42582 0.0695353 27.0713 0.146774 0.151324 0.977527 47.9705 0 0 0 1 
Seq_Frame0005_DriverToReference-SequenceTransformStatus = OK
Seq_Frame0005_Timestamp = 0.536
Seq_Frame0006_DriverToReference-SequenceTransform =0.402187 0.892617 -0.203667 63.61 -0.903378 0.423057 0.0702183 27.1077 0.148841 0.155747 0.976519 47.7734 0 0 0 1 
Seq_Frame0006_DriverToReference-SequenceTransformStatus = OK
Seq_Frame0006_Timestamp = 0.649
Seq_Frame0007_DriverToReference-SequenceTransform =0.404293 0.892297 -0.200883 63.7109 -0.902422 0.424922 0.0712524 27.1737 0.148938 0.152474 0.977021 47.9213 0 0 0 1 
Seq_Frame0007_DriverToReference-SequenceTransformStatus = OK
Seq_Frame0007_Timestamp = 0.751
Seq_Frame0008_DriverToReference-SequenceTransform =0.404188 0.892392 -0.200668 63.6968 -0.902683 0.424581 0.0699621 27.2011 0.147633 0.152861 0.977158 47.8863 0 0 0 1 
Seq_Frame0008_DriverToReference-SequenceTransformStatus = OK
Seq_Frame0008_Timestamp = 0.86
Seq_Frame0009_DriverToReference-SequenceTransform =0.40559 0.892233 -0.198538 63.7393 -0.902263 0.425576 0.0693259 27.1107 0.146348 0.151015 0.977638 48.0272 0 0 0 1 
Seq_Frame0009_DriverToReference-SequenceTransformStatus = OK
Seq_Frame0009_Timestamp = 0.96
Seq_Frame0010_DriverToReference-SequenceTransform =0.404756 0.892213 -0.20032 63.7288 -0.902392 0.425149 0.0702614 27.1639 0.147854 0.152328 0.977208 47.9589 0 0 0 1 
Seq_Frame0010_DriverToReference-SequenceTransformStatus = OK
Seq_Frame0010_Timestamp = 1.065
Seq_Frame0011_DriverToReference-SequenceTransform =0.405233 0.892068 -0.200003 63.7136 -0.902144 0.425628 0.0705481 27.1486 0.148061 0.151844 0.977252 47.9092 0 0 0 1 
Seq_Frame0011_DriverToReference-SequenceTransformStatus = OK
Seq_Frame0011_Timestamp = 1.171
Seq_Frame0012_DriverToReference-SequenceTransform =0.431374 0.853171 -0.293284 61.0029 -0.878754 0.470944 0.0774825 26.1002 0.204226 0.2243 0.95288 44.8864 0 0 0 1 
Seq_Frame0012_DriverToReference-SequenceTransformStatus = OK
Seq_Frame0012_Timestamp = 1.274
Seq_Frame0013_DriverToReference-SequenceTransform =0.472023 0.818818 -0.326698 57.283 -0.857436 0.51255 0.0457774 26.0331 0.204932 0.258515 0.94402 46.1221 0 0 0 1 
Seq_Frame0013_DriverToReference-SequenceTransformStatus = OK
Seq_Frame0013_Timestamp = 1.375
Seq_Frame0014_DriverToReference-SequenceTransform =0.471889 0.805748 -0.357899 54.7912 -0.853571 0.519167 0.0433852 25.0227 0.220767 0.285019 0.932752 44.2562 0 0 0 1 
Seq_Frame0014_DriverToReference-SequenceTransformStatus = OK
Seq_Frame0014_Timestamp = 1.48
Seq_Frame0015_DriverToReference-SequenceTransform =0.48669 0.790766 -0.371244 53.2681 -0.839474 0.540936 0.0516909 23.5375 0.241694 0.286492 0.927096 41.5128 0 0 0 1 
Seq_Frame0015_DriverToReference-SequenceTransformStatus = OK
Seq_Frame0015_Timestamp = 1.589
Seq_Frame0016_DriverToReference-SequenceTransform =0.485586 0.780185 -0.394357 52.7709 -0.84325 0.536984 0.024031 23.0815 0.230512 0.320872 0.918643 41.5448 0 0 0 1 
Seq_Frame0016_DriverToReference-SequenceTransformStatus = OK
Seq_Frame0016_Timestamp = 1.69
Seq_Frame0017_DriverToReference-SequenceTransform =0.509308 0.764859 -0.394457 51.8942 -0.82811 0.560301 0.01721 22.981 0.234178 0.317888 0.918753 41.8779 0 0 0 1 
Seq_Frame0017_DriverToReference-SequenceTransformStatus = OK
Seq_Frame0017_Timestamp = 1.799
Seq_Frame0018_DriverToReference-SequenceTransform =0.456351 0.840155 -0.29306 44.734 -0.864372 0.49675 0.0781067 20.7192 0.211199 0.217669 0.952898 36.8609 0 0 0 1 
Seq_Frame0018_DriverToReference-SequenceTransformStatus = OK
Seq_Frame0018_Timestamp = 1.9
Seq_Frame0019_DriverToReference-SequenceTransform =0.516435 0.851142 -0.0940899 45.7534 -0.835096 0.524897 0.164616 26.2205 0.189499 -0.00643946 0.98186 26.4486 0 0 0 1 
Seq_Frame0019_DriverToReference-SequenceTransformStatus = OK
Seq_Frame0019_Timestamp = 2
Seq_Frame0020_DriverToReference-SequenceTransform =0.847315 0.467852 0.25134 53.0286 -0.527699 0.795053 0.299039 59.2572 -0.0599228 -0.386012 0.920546 10.3336 0 0 0 1 
Seq_Frame0020_DriverToReference-SequenceTransformStatus = OK
Seq_Frame0020_Timestamp = 2.109
Seq_Frame0021_DriverToReference-SequenceTransform =0.942534 0.19253 0.273059 60.5614 -0.257232 0.939712 0.225328 120.091 -0.213215 -0.282619 0.935236 6.56993 0 0 0 1 
Seq_Frame0021_DriverToReference-SequenceTransformStatus = OK
Seq_Frame0021_Timestamp = 2.214
Seq_Frame0022_DriverToReference-SequenceTransform =0.845132 0.356191 0.398597 58.0466 -0.348101 0.932599 -0.0953145 170.14 -0.405681 -0.0581984 0.91216 19.2953 0 0 0 1 
Seq_Frame0022_DriverToReference-SequenceTransformStatus = OK
Seq_Frame0022_Timestamp = 2.319
Seq_Frame0023_DriverToReference-SequenceTransform =0.845132 0.356191 0.398597 58.0466 -0.348101 0.932599 -0.0953145 170.14 -0.405681 -0.0581984 0.91216 19.2953 0 0 0 1 
Seq_Frame0023_DriverToReference-SequenceTransformStatus = OK
Seq_Frame0023_Timestamp = 2.424
Seq_Frame0024_DriverToReference-SequenceTransform =0.845132 0.356191 0.398597 58.0466 -0.348101 0.932599 -0.0953145 170.14 -0.405681 -0.0581984 0.91216 19.2953 0 0 0 1 
Seq_Frame0024_DriverToReference-SequenceTransformStatus = OK
Seq_Frame0024_Timestamp = 2.529
Seq_Frame0025_DriverToReference-SequenceTransform =0.845132 0.356191 0.398597 58.0466 -0.348101 0.932599 -0.0953145 170.14 -0.405681 -0.0581984 0.91216 19.2953 0 0 0 1 
Seq_Frame0025_DriverToReference-SequenceTransformStatus = OK
Seq_Frame0025_Timestamp = 2.639
Seq_Frame0026_DriverToReference-SequenceTransform =0.845132 0.356191 0.398597 58.0466 -0.348101 0.932599 -0.0953145 170.14 -0.405681 -0.0581984 0.91216 19.2953 0 0 0 1 
Seq_Frame0026_DriverToReference-SequenceTransformStatus = OK
Seq_Frame0026_Timestamp = 2.749
Seq_Frame0027_DriverToReference-SequenceTransform =0.845132 0.356191 0.398597 58.0466 -0.348101 0.932599 -0.0953145 170.14 -0.405681 -0.0581984 0.91216 19.2953 0 0 0 1 
Seq_Frame0027_DriverToReference-SequenceTransformStatus = OK
Seq_Frame0027_Timestamp = 2.854
Seq_Frame0028_DriverToReference-SequenceTransform =0.845132 0.356191 0.398597 58.0466 -0.348101 0.932599 -0.0953145 170.14 -0.405681 -0.0581984 0.91216 19.2953 0 0 0 1 
Seq_Frame0028_DriverToReference-SequenceTransformStatus = OK
Seq_Frame0028_Timestamp = 2.954
Seq_Frame0029_DriverToReference-SequenceTransform =0.845132 0.356191 0.398597 58.0466 -0.348101 0.932599 -0.0953145 170.14 -0.405681 -0.0581984 0.91216 19.2953 0 0 0 1 
Seq_Frame0029_DriverToReference-SequenceTransformStatus = OK
Seq_Frame0029_Timestamp = 3.064
Seq_Frame0030_DriverToReference-SequenceTransform =0.845132 0.356191 0.398597 58.0466 -0.348101 0.932599 -0.0953145 170.14 -0.405681 -0.0581984 0.91216 19.2953 0 0 0 1 
Seq_Frame0030_DriverToReference-SequenceTransformStatus = OK
Seq_Frame0030_Timestamp = 3.164
Seq_Frame0031_DriverToReference-SequenceTransform =0.845132 0.356191 0.398597 58.0466 -0.348101 0.932599 -0.0953145 170.14 -0.405681 -0.0581984 0.91216 19.2953 0 0 0 1 
Seq_Frame0031_DriverToReference-SequenceTransformStatus = OK
Seq_Frame0031_Timestamp = 3.275
Seq_Frame0032_DriverToReference-SequenceTransform =0.845132 0.356191 0.398597 58.0466 -0.348101 0.932599 -0.0953145 170.14 -0.405681 -0.0581984 0.91216 19.2953 0 0 0 1 
Seq_Frame0032_DriverToReference-SequenceTransformStatus = OK
Seq_Frame0032_Timestamp = 3.379
Seq_Frame0033_DriverToReference-SequenceTransform =-0.321685 -0.0376461 -0.946098 13.6694 0.448505 -0.886058 -0.11724 344.252 -0.833884 -0.462044 0.301916 200.549 0 0 0 1 
Seq_Frame0033_DriverToReference-SequenceTransformStatus = OK
Seq_Frame0033_Timestamp = 3.484
Seq_Frame0034_DriverToReference-SequenceTransform =-0.338856 -0.0427402 -0.939867 10.4082 0.436376 -0.892157 -0.116759 348.947 -0.833518 -0.4497 0.320964 204.921 0 0 0 1 
Seq_Frame0034_DriverToReference-SequenceTransformStatus = OK
Seq_Frame0034_Timestamp = 3.585
Seq_Frame0035_DriverToReference-SequenceTransform =-0.195536 -0.0836251 -0.977125 15.2791 0.445547 -0.895171 -0.0125486 347.658 -0.873644 -0.437808 0.212297 211.187 0 0 0 1 
Seq_Frame0035_DriverToReference-SequenceTransformStatus = OK
Seq_Frame0035_Timestamp = 3.686
Seq_Frame0036_DriverToReference-SequenceTransform =-0.092695 0.0109062 -0.995635 15.2213 0.36351 -0.930549 -0.0440365 342.484 -0.926967 -0.366005 0.0822928 219.617 0 0 0 1 
Seq_Frame0036_DriverToReference-SequenceTransformStatus = OK
Seq_Frame0036_Timestamp = 3.79
Seq_Frame0037_DriverToReference-SequenceTransform =-0.233485 0.10337 -0.96685 5.47384 0.340922 -0.922511 -0.180959 336.584 -0.910635 -0.371872 0.180152 225.058 0 0 0 1 
Seq_Frame0037_DriverToReference-SequenceTransformStatus = OK
Seq_Frame0037_Timestamp = 3.893
Seq_Frame0038_DriverToReference-SequenceTransform =-0.27127 0.17148 -0.947105 -0.19812 0.344764 -0.901398 -0.261952 330.827 -0.898638 -0.397588 0.185402 229.965 0 0 0 1 
Seq_Frame0038_DriverToReference-SequenceTransformStatus = OK
Seq_Frame0038_Timestamp = 4.002
Seq_Frame0039_DriverToReference-SequenceTransform =-0.24684 0.221645 -0.943368 2.91306 0.343282 -0.890364 -0.299014 330.027 -0.906216 -0.39765 0.143691 234.087 0 0 0 1 
Seq_Frame0039_DriverToReference-SequenceTransformStatus = OK
Seq_Frame0039_Timestamp = 4.105
Seq_Frame0040_DriverToReference-SequenceTransform =-0.226373 0.250452 -0.941291 6.20101 0.343711 -0.883673 -0.317781 328.637 -0.911382 -0.39547 0.113956 237.463 0 0 0 1 
Seq_Frame0040_DriverToReference-SequenceTransformStatus = OK
Seq_Frame0040_Timestamp = 4.214
Seq_Frame0041_DriverToReference-SequenceTransform =-0.145848 0.259035 -0.954793 9.26334 0.259069 -0.921433 -0.289559 321.741 -0.954783 -0.289589 0.0672813 237.807 0 0 0 1 
Seq_Frame0041_DriverToReference-SequenceTransformStatus = OK
Seq_Frame0041_Timestamp = 4.319
Seq_Frame0042_DriverToReference-SequenceTransform =-0.0140891 0.192676 -0.981161 19.4312 0.17175 -0.966209 -0.192206 319.629 -0.98504 -0.171222 -0.019479 236.103 0 0 0 1 
Seq_Frame0042_DriverToReference-SequenceTransformStatus = OK
Seq_Frame0042_Timestamp = 4.42
Seq_Frame0043_DriverToReference-SequenceTransform =-0.161503 0.040446 -0.986043 27.9814 0.0618529 -0.996781 -0.0510173 311.957 -0.984932 -0.0692291 0.158481 231.068 0 0 0 1 
Seq_Frame0043_DriverToReference-SequenceTransformStatus = OK
Seq_Frame0043_Timestamp = 4.525
Seq_Frame0044_DriverToReference-SequenceTransform =-0.245595 0.0212979 -0.969139 31.6302 0.0363003 -0.998855 -0.03115 313.017 -0.968693 -0.0428303 0.244541 233.664 0 0 0 1 
Seq_Frame0044_DriverToReference-SequenceTransformStatus = OK
Seq_Frame0044_Timestamp = 4.625
Seq_Frame0045_DriverToReference-SequenceTransform =-0.214755 0.0838828 -0.973059 32.2215 0.04377 -0.994477 -0.0953893 309.277 -0.975687 -0.0630761 0.209898 240.582 0 0 0 1 
Seq_Frame0045_DriverToReference-SequenceTransformStatus = OK
Seq_Frame0045_Timestamp = 4.73
Seq_Frame0046_DriverToReference-SequenceTransform =-0.144976 0.230744 -0.962153 22.9921 0.0977681 -0.964327 -0.245997 298.119 -0.984593 -0.129731 0.117245 257.201 0 0 0 1 
Seq_Frame0046_DriverToReference-SequenceTransformStatus = OK
Seq_Frame0046_Timestamp = 4.929
Seq_Frame0047_DriverToReference-SequenceTransform =-0.26169 0.352531 -0.898466 14.1893 -0.00897836 -0.931755 -0.362977 297.76 -0.96511 -0.0869208 0.246996 247.897 0 0 0 1 
Seq_Frame0047_DriverToReference-SequenceTransformStatus = OK
Seq_Frame0047_Timestamp = 5.039
Seq_Frame0048_DriverToReference-SequenceTransform =-0.343271 0.328321 -0.879983 11.9632 -0.0415845 -0.941307 -0.334979 299.44 -0.938316 -0.0783947 0.336776 251.008 0 0 0 1 
Seq_Frame0048_DriverToReference-SequenceTransformStatus = OK
Seq_Frame0048_Timestamp = 5.143
Seq_Frame0049_DriverToReference-SequenceTransform =-0.400484 0.292997 -0.868196 10.9586 -0.0649466 -0.954192 -0.29206 300.945 -0.913999 -0.060579 0.401168 248.713 0 0 0 1 
Seq_Frame0049_DriverToReference-SequenceTransformStatus = OK
Seq_Frame0049_Timestamp = 5.249
Seq_Frame0050_DriverToReference-SequenceTransform =-0.463482 0.290138 -0.83726 9.39506 -0.0617282 -0.953152 -0.296127 302.336 -0.883954 -0.085567 0.459678 248.917 0 0 0 1 
Seq_Frame0050_DriverToReference-SequenceTransformStatus = OK
Seq_Frame0050_Timestamp = 5.35
Seq_Frame0051_DriverToReference-SequenceTransform =-0.465077 0.208084 -0.860468 11.4763 0.00954474 -0.970748 -0.239911 306.958 -0.885219 -0.11979 0.449486 250.331 0 0 0 1 
Seq_Frame0051_DriverToReference-SequenceTransformStatus = OK
Seq_Frame0051_Timestamp = 5.45
Seq_Frame0052_DriverToReference-SequenceTransform =-0.429129 0.19011 -0.88301 14.2959 0.0143343 -0.976043 -0.217106 307.838 -0.90313 -0.105824 0.416123 254.75 0 0 0 1 
Seq_Frame0052_DriverToReference-SequenceTransformStatus = OK
Seq_Frame0052_Timestamp = 5.554
Seq_Frame0053_DriverToReference-SequenceTransform =-0.420645 0.190454 -0.887009 14.7762 0.0220487 -0.975281 -0.219864 311.538 -0.906957 -0.112042 0.406048 257.412 0 0 0 1 
Seq_Frame0053_DriverToReference-SequenceTransformStatus = OK
Seq_Frame0053_Timestamp = 5.659
Seq_Frame0054_DriverToReference-SequenceTransform =-0.439377 0.177504 -0.880591 7.97288 0.0218358 -0.977883 -0.208011 310.387 -0.898037 -0.110623 0.425783 255.843 0 0 0 1 
Seq_Frame0054_DriverToReference-SequenceTransformStatus = OK
Seq_Frame0054_Timestamp = 5.874
Seq_Frame0055_DriverToReference-SequenceTransform =-0.439644 0.183056 -0.87932 3.49569 0.0221976 -0.976497 -0.214385 309.412 -0.897898 -0.113772 0.425248 255.768 0 0 0 1 
Seq_Frame0055_DriverToReference-SequenceTransformStatus = OK
Seq_Frame0055_Timestamp = 5.974
Seq_Frame0056_DriverToReference-SequenceTransform =-0.490843 0.14151 -0.859679 -0.77396 0.0877095 -0.973683 -0.210355 312.109 -0.866822 -0.178653 0.465514 255.085 0 0 0 1 
Seq_Frame0056_DriverToReference-SequenceTransformStatus = OK
Seq_Frame0056_Timestamp = 6.075
Seq_Frame0057_DriverToReference-SequenceTransform =-0.521745 0.140029 -0.841531 -6.58923 0.0284946 -0.983026 -0.18124 312.689 -0.852625 -0.11854 0.508899 254.651 0 0 0 1 
Seq_Frame0057_DriverToReference-SequenceTransformStatus = OK
Seq_Frame0057_Timestamp = 6.184
Seq_Frame0058_DriverToReference-SequenceTransform =-0.527035 0.15937 -0.834766 -9.03345 -0.0155329 -0.983901 -0.178036 314.213 -0.849701 -0.0808648 0.521026 256.978 0 0 0 1 
Seq_Frame0058_DriverToReference-SequenceTransformStatus = OK
Seq_Frame0058_Timestamp = 6.285
Seq_Frame0059_DriverToReference-SequenceTransform =-0.519557 0.15586 -0.8401 -10.1018 -0.0132474 -0.984573 -0.174471 311.22 -0.854333 -0.0795183 0.513606 260.925 0 0 0 1 
Seq_Frame0059_DriverToReference-SequenceTransformStatus = OK
Seq_Frame0059_Timestamp = 6.393
Seq_Frame0060_DriverToReference-SequenceTransform =-0.544729 0.161958 -0.822824 -10.5258 -0.0864307 -0.986791 -0.137013 304.119 -0.834146 -0.00351759 0.551532 263.005 0 0 0 1 
Seq_Frame0060_DriverToReference-SequenceTransformStatus = OK
Seq_Frame0060_Timestamp = 6.494
Seq_Frame0061_DriverToReference-SequenceTransform =-0.649849 0.265159 -0.712311 -9.09512 -0.206119 -0.963535 -0.170633 303.063 -0.731582 0.0359348 0.680806 266.321 0 0 0 1 
Seq_Frame0061_DriverToReference-SequenceTransformStatus = OK
Seq_Frame0061_Timestamp = 6.602
Seq_Frame0062_DriverToReference-SequenceTransform =-0.670677 0.274163 -0.689222 -6.10934 -0.220195 -0.960887 -0.167958 304.493 -0.708312 0.0391177 0.704815 267.056 0 0 0 1 
Seq_Frame0062_DriverToReference-SequenceTransformStatus = OK
Seq_Frame0062_Timestamp = 6.704
Seq_Frame0063_DriverToReference-SequenceTransform =0.860894 -0.211407 0.462784 5.35918 -0.0372786 0.880932 0.471772 308.159 -0.507417 -0.423397 0.750508 271.131 0 0 0 1 
Seq_Frame0063_DriverToReference-SequenceTransformStatus = OK
Seq_Frame0063_Timestamp = 6.805
Seq_Frame0064_DriverToReference-SequenceTransform =0.870117 -0.177597 0.459734 8.59847 -0.0472725 0.898442 0.436541 308.84 -0.490573 -0.401574 0.773354 275.903 0 0 0 1 
Seq_Frame0064_DriverToReference-SequenceTransformStatus = OK
Seq_Frame0064_Timestamp = 6.909
Seq_Frame0065_DriverToReference-SequenceTransform =0.883326 -0.118229 0.453605 14.4758 -0.106332 0.89191 0.439535 309.754 -0.456541 -0.436485 0.775275 277.175 0 0 0 1 
Seq_Frame0065_DriverToReference-SequenceTransformStatus = OK
Seq_Frame0065_Timestamp = 7.009
Seq_Frame0066_DriverToReference-SequenceTransform =0.881246 -0.105839 0.460655 15.1389 -0.124731 0.887984 0.442636 307.519 -0.455903 -0.447529 0.769331 278.937 0 0 0 1 
Seq_Frame0066_DriverToReference-SequenceTransformStatus = OK
Seq_Frame0066_Timestamp = 7.119
Seq_Frame0067_DriverToReference-SequenceTransform =0.873207 -0.0907231 0.47883 15.6683 -0.152849 0.881964 0.445843 306.186 -0.462759 -0.462502 0.756271 279.818 0 0 0 1 
Seq_Frame0067_DriverToReference-SequenceTransformStatus = OK
Seq_Frame0067_Timestamp = 7.224
Seq_Frame0068_DriverToReference-SequenceTransform =0.881107 -0.0914455 0.463992 17.0577 -0.152956 0.873289 0.462569 305.284 -0.4475 -0.478543 0.755474 280.517 0 0 0 1 
Seq_Frame0068_DriverToReference-SequenceTransformStatus = OK
Seq_Frame0068_Timestamp = 7.329
Seq_Frame0069_DriverToReference-SequenceTransform =0.879583 -0.0919871 0.466767 17.4032 -0.156276 0.870819 0.466104 305.526 -0.449345 -0.482921 0.751582 281.309 0 0 0 1 
Seq_Frame0069_DriverToReference-SequenceTransformStatus = OK
Seq_Frame0069_Timestamp = 7.434
Seq_Frame0070_DriverToReference-SequenceTransform =0.879145 -0.0907117 0.467842 18.217 -0.159255 0.869353 0.467827 305.366 -0.449157 -0.485794 0.749841 282.098 0 0 0 1 
Seq_Frame0070_DriverToReference-SequenceTransformStatus = OK
Seq_Frame0070_Timestamp = 7.539
Seq_Frame0071_DriverToReference-SequenceTransform =0.881718 -0.0850029 0.464055 18.7406 -0.158188 0.873424 0.460551 305.803 -0.444465 -0.479485 0.756667 281.869 0 0 0 1 
Seq_Frame0071_DriverToReference-SequenceTransformStatus = OK
Seq_Frame0071_Timestamp = 7.643
Seq_Frame0072_DriverToReference-SequenceTransform =0.885421 -0.0845473 0.457036 19.3139 -0.158851 0.869058 0.468512 305.666 -0.436802 -0.487431 0.756052 281.521 0 0 0 1 
Seq_Frame0072_DriverToReference-SequenceTransformStatus = OK
Seq_Frame0072_Timestamp = 7.749
Seq_Frame0073_DriverToReference-SequenceTransform =0.88301 -0.0893946 0.460762 20.0103 -0.164778 0.860163 0.482667 305.64 -0.439478 -0.502124 0.744802 280.66 0 0 0 1 
Seq_Frame0073_DriverToReference-SequenceTransformStatus = OK
Seq_Frame0073_Timestamp = 7.851
Seq_Frame0074_DriverToReference-SequenceTransform =0.88968 -0.067537 0.451561 21.1852 -0.17338 0.864947 0.470962 305.603 -0.422384 -0.497297 0.757817 280.56 0 0 0 1 
Seq_Frame0074_DriverToReference-SequenceTransformStatus = OK
Seq_Frame0074_Timestamp = 7.954
Seq_Frame0075_DriverToReference-SequenceTransform =0.87952 -0.0675831 0.471038 20.7381 -0.178331 0.870916 0.457935 305.755 -0.441183 -0.486763 0.753936 280.468 0 0 0 1 
Seq_Frame0075_DriverToReference-SequenceTransformStatus = OK
Seq_Frame0075_Timestamp = 8.059
Seq_Frame0076_DriverToReference-SequenceTransform =0.85725 -0.111528 0.502676 18.5805 -0.161041 0.869208 0.467487 304.811 -0.489068 -0.481705 0.727168 281.797 0 0 0 1 
Seq_Frame0076_DriverToReference-SequenceTransformStatus = OK
Seq_Frame0076_Timestamp = 8.164
Seq_Frame0077_DriverToReference-SequenceTransform =0.855739 -0.115047 0.504456 18.3523 -0.158899 0.869417 0.467831 304.803 -0.492405 -0.480498 0.725713 282.054 0 0 0 1 
Seq_Frame0077_DriverToReference-SequenceTransformStatus = OK
Seq_Frame0077_Timestamp = 8.269
Seq_Frame0078_DriverToReference-SequenceTransform =0.855739 -0.115047 0.504456 18.3523 -0.158899 0.869417 0.467831 304.803 -0.492405 -0.480498 0.725713 282.054 0 0 0 1 
Seq_Frame0078_DriverToReference-SequenceTransformStatus = OK
Seq_Frame0078_Timestamp = 8.384
Seq_Frame0079_DriverToReference-SequenceTransform =0.855739 -0.115047 0.504456 18.3523 -0.158899 0.869417 0.467831 304.803 -0.492405 -0.480498 0.725713 282.054 0 0 0 1 
Seq_Frame0079_DriverToReference-SequenceTransformStatus = OK
Seq_Frame0079_Timestamp = 8.489
Seq_Frame0080_DriverToReference-SequenceTransform =0.855739 -0.115047 0.504456 18.3523 -0.158899 0.869417 0.467831 304.803 -0.492405 -0.480498 0.725713 282.054 0 0 0 1 
Seq_Frame0080_DriverToReference-SequenceTransformStatus = OK
Seq_Frame0080_Timestamp = 8.669
Seq_Frame0081_DriverToReference-SequenceTransform =0.855739 -0.115047 0.504456 18.3523 -0.158899 0.869417 0.467831 304.803 -0.492405 -0.480498 0.725713 282.054 0 0 0 1 
Seq_Frame0081_DriverToReference-SequenceTransformStatus = OK
Seq_Frame0081_Timestamp = 8.769
Seq_Frame0082_DriverToReference-SequenceTransform =0.855739 -0.115047 0.504456 18.3523 -0.158899 0.869417 0.467831 304.803 -0.492405 -0.480498 0.725713 282.054 0 0 0 1 
Seq_Frame0082_DriverToReference-SequenceTransformStatus = OK
Seq_Frame0082_Timestamp = 8.87
Seq_Frame0083_DriverToReference-SequenceTransform =0.855739 -0.115047 0.504456 18.3523 -0.158899 0.869417 0.467831 304.803 -0.492405 -0.480498 0.725713 282.054 0 0 0 1 
Seq_Frame0083_DriverToReference-SequenceTransformStatus = OK
Seq_Frame0083_Timestamp = 8.974
Seq_Frame0084_DriverToReference-SequenceTransform =0.855739 -0.115047 0.504456 18.3523 -0.158899 0.869417 0.467831 304.803 -0.492405 -0.480498 0.725713 282.054 0 0 0 1 
Seq_Frame0084_DriverToReference-SequenceTransformStatus = OK
Seq_Frame0084_Timestamp = 9.079
Seq_Frame0085_DriverToReference-SequenceTransform =0.855739 -0.115047 0.504456 18.3523 -0.158899 0.869417 0.467831 304.803 -0.492405 -0.480498 0.725713 282.054 0 0 0 1 
Seq_Frame0085_DriverToReference-SequenceTransformStatus = OK
Seq_Frame0085_Timestamp = 9.188
Seq_Frame0086_DriverToReference-SequenceTransform =0.855739 -0.115047 0.504456 18.3523 -0.158899 0.869417 0.467831 304.803 -0.492405 -0.480498 0.725713 282.054 0 0 0 1 
Seq_Frame0086_DriverToReference-SequenceTransformStatus = OK
Seq_Frame0086_Timestamp = 9.29
Seq_Frame0087_DriverToReference-SequenceTransform =0.855739 -0.115047 0.504456 18.3523 -0.158899 0.869417 0.467831 304.803 -0.492405 -0.480498 0.725713 282.054 0 0 0 1 
Seq_Frame0087_DriverToReference-SequenceTransformStatus = OK
Seq_Frame0087_Timestamp = 9.399
Seq_Frame0088_DriverToReference-SequenceTransform =0.855739 -0.115047 0.504456 18.3523 -0.158899 0.869417 0.467831 304.803 -0.492405 -0.480498 0.725713 282.054 0 0 0 1 
Seq_Frame0088_DriverToReference-SequenceTransformStatus = OK
Seq_Frame0088_Timestamp = 9.5
Seq_Frame0089_DriverToReference-SequenceTransform =0.855739 -0.115047 0.504456 18.3523 -0.158899 0.869417 0.467831 304.803 -0.492405 -0.480498 0.725713 282.054 0 0 0 1 
Seq_Frame0089_DriverToReference-SequenceTransformStatus = OK
Seq_Frame0089_Timestamp = 9.604
Seq_Frame0090_DriverToReference-SequenceTransform =0.855739 -0.115047 0.504456 18.3523 -0.158899 0.869417 0.467831 304.803 -0.492405 -0.480498 0.725713 282.054 0 0 0 1 
Seq_Frame0090_DriverToReference-SequenceTransformStatus = OK
Seq_Frame0090_Timestamp = 9.71
Seq_Frame0091_DriverToReference-SequenceTransform =0.855739 -0.115047 0.504456 18.3523 -0.158899 0.869417 0.467831 304.803 -0.492405 -0.480498 0.725713 282.054 0 0 0 1 
Seq_Frame0091_DriverToReference-SequenceTransformStatus = OK
Seq_Frame0091_Timestamp = 9.813
Seq_Frame0092_DriverToReference-SequenceTransform =0.855739 -0.115047 0.504456 18.3523 -0.158899 0.869417 0.467831 304.803 -0.492405 -0.480498 0.725713 282.054 0 0 0 1 
Seq_Frame0092_DriverToReference-SequenceTransformStatus = OK
Seq_Frame0092_Timestamp = 9.914
Seq_Frame0093_DriverToReference-SequenceTransform =0.855739 -0.115047 0.504456 18.3523 -0.158899 0.869417 0.467831 304.803 -0.492405 -0.480498 0.725713 282.054 0 0 0 1 
Seq_Frame0093_DriverToReference-SequenceTransformStatus = OK
Seq_Frame0093_Timestamp = 10.015
Seq_Frame0094_DriverToReference-SequenceTransform =0.855739 -0.115047 0.504456 18.3523 -0.158899 0.869417 0.467831 304.803 -0.492405 -0.480498 0.725713 282.054 0 0 0 1 
Seq_Frame0094_DriverToReference-SequenceTransformStatus = OK
Seq_Frame0094_Timestamp = 10.124
Seq_Frame0095_DriverToReference-SequenceTransform =0.855739 -0.115047 0.504456 18.3523 -0.158899 0.869417 0.467831 304.803 -0.492405 -0.480498 0.725713 282.054 0 0 0 1 
Seq_Frame0095_DriverToReference-SequenceTransformStatus = OK
Seq_Frame0095_Timestamp = 10.225
Seq_Frame0096_DriverToReference-SequenceTransform =0.855739 -0.115047 0.504456 18.3523 -0.158899 0.869417 0.467831 304.803 -0.492405 -0.480498 0.725713 282.054 0 0 0 1 
Seq_Frame0096_DriverToReference-SequenceTransformStatus = OK
Seq_Frame0096_Timestamp = 10.329
Seq_Frame0097_DriverToReference-SequenceTransform =0.855739 -0.115047 0.504456 18.3523 -0.158899 0.869417 0.467831 304.803 -0.492405 -0.480498 0.725713 282.054 0 0 0 1 
Seq_Frame0097_DriverToReference-SequenceTransformStatus = OK
Seq_Frame0097_Timestamp = 10.434
Seq_Frame0098_DriverToReference-SequenceTransform =0.855739 -0.115047 0.504456 18.3523 -0.158899 0.869417 0.467831 304.803 -0.492405 -0.480498 0.725713 282.054 0 0 0 1 
Seq_Frame0098_DriverToReference-SequenceTransformStatus = OK
Seq_Frame0098_Timestamp = 10.543
Seq_Frame0099_DriverToReference-SequenceTransform =0.855739 -0.115047 0.504456 18.3523 -0.158899 0.869417 0.467831 304.803 -0.492405 -0.480498 0.725713 282.054 0 0 0 1 
Seq_Frame0099_DriverToReference-SequenceTransformStatus = OK
Seq_Frame0099_Timestamp = 10.644
Seq_Frame0100_DriverToReference-SequenceTransform =0.855739 -0.115047 0.504456 18.3523 -0.158899 0.869417 0.467831 304.803 -0.492405 -0.480498 0.725713 282.054 0 0 0 1 
Seq_Frame0100_DriverToReference-SequenceTransformStatus = OK
Seq_Frame0100_Timestamp = 10.754
Seq_Frame0101_DriverToReference-SequenceTransform =0.855739 -0.115047 0.504456 18.3523 -0.158899 0.869417 0.467831 304.803 -0.492405 -0.480498 0.725713 282.054 0 0 0 1 
Seq_Frame0101_DriverToReference-SequenceTransformStatus = OK
Seq_Frame0101_Timestamp = 10.869
Seq_Frame0102_DriverToReference-SequenceTransform =0.855739 -0.115047 0.504456 18.3523 -0.158899 0.869417 0.467831 304.803 -0.492405 -0.480498 0.725713 282.054 0 0 0 1 
Seq_Frame0102_DriverToReference-SequenceTransformStatus = OK
Seq_Frame0102_Timestamp = 10.98
Seq_Frame0103_DriverToReference-SequenceTransform =0.855739 -0.115047 0.504456 18.3523 -0.158899 0.869417 0.467831 304.803 -0.492405 -0.480498 0.725713 282.054 0 0 0 1 
Seq_Frame0103_DriverToReference-SequenceTransformStatus = OK
Seq_Frame0103_Timestamp = 11.089
Seq_Frame0104_DriverToReference-SequenceTransform =0.855739 -0.115047 0.504456 18.3523 -0.158899 0.869417 0.467831 304.803 -0.492405 -0.480498 0.725713 282.054 0 0 0 1 
Seq_Frame0104_DriverToReference-SequenceTransformStatus = OK
Seq_Frame0104_Timestamp = 11.19
Seq_Frame0105_DriverToReference-SequenceTransform =0.855739 -0.115047 0.504456 18.3523 -0.158899 0.869417 0.467831 304.803 -0.492405 -0.480498 0.725713 282.054 0 0 0 1 
Seq_Frame0105_DriverToReference-SequenceTransformStatus = OK
Seq_Frame0105_Timestamp = 11.299
Seq_Frame0106_DriverToReference-SequenceTransform =0.855739 -0.115047 0.504456 18.3523 -0.158899 0.869417 0.467831 304.803 -0.492405 -0.480498 0.725713 282.054 0 0 0 1 
Seq_Frame0106_DriverToReference-SequenceTransformStatus = OK
Seq_Frame0106_Timestamp = 11.404
Seq_Frame0107_DriverToReference-SequenceTransform =0.855739 -0.115047 0.504456 18.3523 -0.158899 0.869417 0.467831 304.803 -0.492405 -0.480498 0.725713 282.054 0 0 0 1 
Seq_Frame0107_DriverToReference-SequenceTransformStatus = OK
Seq_Frame0107_Timestamp = 11.514
Seq_Frame0108_DriverToReference-SequenceTransform =0.855739 -0.115047 0.504456 18.3523 -0.158899 0.869417 0.467831 304.803 -0.492405 -0.480498 0.725713 282.054 0 0 0 1 
Seq_Frame0108_DriverToReference-SequenceTransformStatus = OK
Seq_Frame0108_Timestamp = 11.624
Seq_Frame0109_DriverToReference-SequenceTransform =0.855739 -0.115047 0.504456 18.3523 -0.158899 0.869417 0.467831 304.803 -0.492405 -0.480498 0.725713 282.054 0 0 0 1 
Seq_Frame0109_DriverToReference-SequenceTransformStatus = OK
Seq_Frame0109_Timestamp = 11.739
Seq_Frame0110_DriverToReference-SequenceTransform =0.855739 -0.115047 0.504456 18.3523 -0.158899 0.869417 0.467831 304.803 -0.492405 -0.480498 0.725713 282.054 0 0 0 1 
Seq_Frame0110_DriverToReference-SequenceTransformStatus = OK
Seq_Frame0110_Timestamp = 11.839
Seq_Frame0111_DriverToReference-SequenceTransform =0.855739 -0.115047 0.504456 18.3523 -0.158899 0.869417 0.467831 304.803 -0.492405 -0.480498 0.725713 282.054 0 0 0 1 
Seq_Frame0111_DriverToReference-SequenceTransformStatus = OK
Seq_Frame0111_Timestamp = 11.944
Seq_Frame0112_DriverToReference-SequenceTransform =0.855739 -0.115047 0.504456 18.3523 -0.158899 0.869417 0.467831 304.803 -0.492405 -0.480498 0.725713 282.054 0 0 0 1 
Seq_Frame0112_DriverToReference-SequenceTransformStatus = OK
Seq_Frame0112_Timestamp = 12.244
Seq_Frame0113_DriverToReference-SequenceTransform =-0.149066 -0.921432 0.358807 93.3511 0.54359 0.226751 0.808142 258.192 -0.826008 0.31551 0.46708 244.693 0 0 0 1 
Seq_Frame0113_DriverToReference-SequenceTransformStatus = OK
Seq_Frame0113_Timestamp = 12.345
Seq_Frame0114_DriverToReference-SequenceTransform =-0.344024 -0.915766 0.207415 110.147 0.413274 0.0506737 0.909196 243.775 -0.843121 0.398504 0.361029 247.889 0 0 0 1 
Seq_Frame0114_DriverToReference-SequenceTransformStatus = OK
Seq_Frame0114_Timestamp = 12.454
Seq_Frame0115_DriverToReference-SequenceTransform =-0.353408 -0.920465 0.166871 113.118 0.368272 0.0270803 0.929323 241.053 -0.859929 0.389885 0.329412 248.684 0 0 0 1 
Seq_Frame0115_DriverToReference-SequenceTransformStatus = OK
Seq_Frame0115_Timestamp = 12.555
Seq_Frame0116_DriverToReference-SequenceTransform =-0.353408 -0.920465 0.166871 113.118 0.368272 0.0270803 0.929323 241.053 -0.859929 0.389885 0.329412 248.684 0 0 0 1 
Seq_Frame0116_DriverToReference-SequenceTransformStatus = OK
Seq_Frame0116_Timestamp = 12.664
Seq_Frame0117_DriverToReference-SequenceTransform =-0.353408 -0.920465 0.166871 113.118 0.368272 0.0270803 0.929323 241.053 -0.859929 0.389885 0.329412 248.684 0 0 0 1 
Seq_Frame0117_DriverToReference-SequenceTransformStatus = OK
Seq_Frame0117_Timestamp = 12.776
Seq_Frame0118_DriverToReference-SequenceTransform =-0.353408 -0.920465 0.166871 113.118 0.368272 0.0270803 0.929323 241.053 -0.859929 0.389885 0.329412 248.684 0 0 0 1 
Seq_Frame0118_DriverToReference-SequenceTransformStatus = OK
Seq_Frame0118_Timestamp = 12.879
Seq_Frame0119_DriverToReference-SequenceTransform =-0.353408 -0.920465 0.166871 113.118 0.368272 0.0270803 0.929323 241.053 -0.859929 0.389885 0.329412 248.684 0 0 0 1 
Seq_Frame0119_DriverToReference-SequenceTransformStatus = OK
Seq_Frame0119_Timestamp = 12.98
Seq_Frame0120_DriverToReference-SequenceTransform =-0.541817 -0.837284 -0.0734168 117.896 -0.025833 -0.0707187 0.997162 216.149 -0.840099 0.542176 0.0166871 240.722 0 0 0 1 
Seq_Frame0120_DriverToReference-SequenceTransformStatus = OK
Seq_Frame0120_Timestamp = 13.085
Seq_Frame0121_DriverToReference-SequenceTransform =-0.607382 -0.786602 -0.111104 118.861 -0.054414 -0.098334 0.993665 214.039 -0.792544 0.60958 0.0169241 240.36 0 0 0 1 
Seq_Frame0121_DriverToReference-SequenceTransformStatus = OK
Seq_Frame0121_Timestamp = 13.19
Seq_Frame0122_DriverToReference-SequenceTransform =-0.565187 -0.818086 -0.106298 120.239 -0.0523297 -0.0930395 0.994286 212.392 -0.823301 0.56752 0.0097745 240.697 0 0 0 1 
Seq_Frame0122_DriverToReference-SequenceTransformStatus = OK
Seq_Frame0122_Timestamp = 13.294
Seq_Frame0123_DriverToReference-SequenceTransform =-0.636386 -0.756816 -0.149141 119.004 -0.0781321 -0.129108 0.988548 212.971 -0.767404 0.64075 0.023031 239.72 0 0 0 1 
Seq_Frame0123_DriverToReference-SequenceTransformStatus = OK
Seq_Frame0123_Timestamp = 13.394
Seq_Frame0124_DriverToReference-SequenceTransform =-0.64397 -0.748612 -0.15774 118.939 -0.0918124 -0.129071 0.987376 213.928 -0.759521 0.650323 0.0143863 239.313 0 0 0 1 
Seq_Frame0124_DriverToReference-SequenceTransformStatus = OK
Seq_Frame0124_Timestamp = 13.495
Seq_Frame0125_DriverToReference-SequenceTransform =-0.646095 -0.745964 -0.161551 118.767 -0.098408 -0.128479 0.986818 213.832 -0.756886 0.653476 0.00960057 239.091 0 0 0 1 
Seq_Frame0125_DriverToReference-SequenceTransformStatus = OK
Seq_Frame0125_Timestamp = 13.604
Seq_Frame0126_DriverToReference-SequenceTransform =-0.606235 -0.783577 -0.135961 117.797 -0.0913389 -0.101226 0.990662 212.553 -0.790023 0.612993 -0.0102042 239.914 0 0 0 1 
Seq_Frame0126_DriverToReference-SequenceTransformStatus = OK
Seq_Frame0126_Timestamp = 13.704
Seq_Frame0127_DriverToReference-SequenceTransform =-0.635126 -0.757749 -0.149773 116.669 -0.0936018 -0.116969 0.988715 212.38 -0.766716 0.641977 0.00336364 238.507 0 0 0 1 
Seq_Frame0127_DriverToReference-SequenceTransformStatus = OK
Seq_Frame0127_Timestamp = 13.814
Seq_Frame0128_DriverToReference-SequenceTransform =-0.633778 -0.758115 -0.153583 116.365 -0.107425 -0.110363 0.988069 211.65 -0.766019 0.642715 -0.0114949 237.331 0 0 0 1 
Seq_Frame0128_DriverToReference-SequenceTransformStatus = OK
Seq_Frame0128_Timestamp = 13.915
Seq_Frame0129_DriverToReference-SequenceTransform =-0.651017 -0.740614 -0.166338 116.196 -0.116446 -0.119098 0.98603 211.194 -0.750078 0.661292 -0.00870668 236.539 0 0 0 1 
Seq_Frame0129_DriverToReference-SequenceTransformStatus = OK
Seq_Frame0129_Timestamp = 14.019
Seq_Frame0130_DriverToReference-SequenceTransform =-0.65561 -0.735141 -0.172463 116.401 -0.134264 -0.111266 0.984679 210.049 -0.743067 0.668721 -0.0257553 237.467 0 0 0 1 
Seq_Frame0130_DriverToReference-SequenceTransformStatus = OK
Seq_Frame0130_Timestamp = 14.124
Seq_Frame0131_DriverToReference-SequenceTransform =-0.643425 -0.747341 -0.165789 117.242 -0.143531 -0.0949553 0.98508 209.665 -0.751933 0.657621 -0.0461699 237.668 0 0 0 1 
Seq_Frame0131_DriverToReference-SequenceTransformStatus = OK
Seq_Frame0131_Timestamp = 14.226
Seq_Frame0132_DriverToReference-SequenceTransform =-0.654619 -0.735162 -0.176097 117.295 -0.151882 -0.100291 0.983297 209.971 -0.740544 0.670431 -0.0460053 237.465 0 0 0 1 
Seq_Frame0132_DriverToReference-SequenceTransformStatus = OK
Seq_Frame0132_Timestamp = 14.329
Seq_Frame0133_DriverToReference-SequenceTransform =-0.663781 -0.725086 -0.183425 117.384 -0.158902 -0.102928 0.981914 210.446 -0.730852 0.680923 -0.0468964 237.116 0 0 0 1 
Seq_Frame0133_DriverToReference-SequenceTransformStatus = OK
Seq_Frame0133_Timestamp = 14.43
Seq_Frame0134_DriverToReference-SequenceTransform =-0.665117 -0.722314 -0.189426 117.563 -0.164661 -0.105562 0.980685 211.197 -0.728359 0.683461 -0.0487264 237.147 0 0 0 1 
Seq_Frame0134_DriverToReference-SequenceTransformStatus = OK
Seq_Frame0134_Timestamp = 14.54
Seq_Frame0135_DriverToReference-SequenceTransform =-0.652817 -0.733531 -0.189111 117.679 -0.166 -0.105052 0.980514 211.716 -0.739104 0.671489 -0.0531868 236.804 0 0 0 1 
Seq_Frame0135_DriverToReference-SequenceTransformStatus = OK
Seq_Frame0135_Timestamp = 14.649
Seq_Frame0136_DriverToReference-SequenceTransform =-0.573733 -0.804644 -0.152898 118.368 -0.146482 -0.0828629 0.985737 211.393 -0.805837 0.587947 -0.0703251 238.27 0 0 0 1 
Seq_Frame0136_DriverToReference-SequenceTransformStatus = OK
Seq_Frame0136_Timestamp = 14.75
Seq_Frame0137_DriverToReference-SequenceTransform =-0.549031 -0.822169 -0.150347 117.914 -0.154079 -0.077238 0.985035 211.103 -0.821477 0.56398 -0.0842727 237.915 0 0 0 1 
Seq_Frame0137_DriverToReference-SequenceTransformStatus = OK
Seq_Frame0137_Timestamp = 14.854
Seq_Frame0138_DriverToReference-SequenceTransform =-0.570683 -0.80324 -0.170666 116.685 -0.173066 -0.0855157 0.981191 209.721 -0.802726 0.589485 -0.0902114 235.835 0 0 0 1 
Seq_Frame0138_DriverToReference-SequenceTransformStatus = OK
Seq_Frame0138_Timestamp = 14.954
Seq_Frame0139_DriverToReference-SequenceTransform =-0.588738 -0.789326 -0.174221 114.602 -0.166066 -0.0928261 0.981736 208.813 -0.791082 0.606917 -0.07643 235.024 0 0 0 1 
Seq_Frame0139_DriverToReference-SequenceTransformStatus = OK
Seq_Frame0139_Timestamp = 15.055
Seq_Frame0140_DriverToReference-SequenceTransform =-0.585083 -0.792865 -0.170418 114.633 -0.159448 -0.0935726 0.982762 208.296 -0.795144 0.60217 -0.0716728 235.425 0 0 0 1 
Seq_Frame0140_DriverToReference-SequenceTransformStatus = OK
Seq_Frame0140_Timestamp = 15.168
Seq_Frame0141_DriverToReference-SequenceTransform =-0.584632 -0.793892 -0.167156 114.811 -0.148225 -0.0980462 0.984081 208.422 -0.797643 0.600102 -0.0603537 235.907 0 0 0 1 
Seq_Frame0141_DriverToReference-SequenceTransformStatus = OK
Seq_Frame0141_Timestamp = 15.274
Seq_Frame0142_DriverToReference-SequenceTransform =-0.580265 -0.796984 -0.16766 114.765 -0.14361 -0.102509 0.984311 208.7 -0.801666 0.595239 -0.0549726 236.337 0 0 0 1 
Seq_Frame0142_DriverToReference-SequenceTransformStatus = OK
Seq_Frame0142_Timestamp = 15.385
Seq_Frame0143_DriverToReference-SequenceTransform =-0.579574 -0.797221 -0.168916 114.199 -0.136632 -0.109282 0.984576 207.824 -0.803383 0.593714 -0.045589 237.563 0 0 0 1 
Seq_Frame0143_DriverToReference-SequenceTransformStatus = OK
Seq_Frame0143_Timestamp = 15.489
Seq_Frame0144_DriverToReference-SequenceTransform =-0.557304 -0.815036 -0.158522 114.811 -0.107775 -0.118296 0.987112 208.247 -0.823284 0.567206 -0.0219138 238.913 0 0 0 1 
Seq_Frame0144_DriverToReference-SequenceTransformStatus = OK
Seq_Frame0144_Timestamp = 15.589
Seq_Frame0145_DriverToReference-SequenceTransform =-0.558396 -0.814417 -0.157857 114.927 -0.10147 -0.121805 0.987354 208.21 -0.823345 0.567352 -0.0146234 239.128 0 0 0 1 
Seq_Frame0145_DriverToReference-SequenceTransformStatus = OK
Seq_Frame0145_Timestamp = 15.693
Seq_Frame0146_DriverToReference-SequenceTransform =-0.558396 -0.814417 -0.157857 114.927 -0.10147 -0.121805 0.987354 208.21 -0.823345 0.567352 -0.0146234 239.128 0 0 0 1 
Seq_Frame0146_DriverToReference-SequenceTransformStatus = OK
Seq_Frame0146_Timestamp = 15.793
Seq_Frame0147_DriverToReference-SequenceTransform =-0.558396 -0.814417 -0.157857 114.927 -0.10147 -0.121805 0.987354 208.21 -0.823345 0.567352 -0.0146234 239.128 0 0 0 1 
Seq_Frame0147_DriverToReference-SequenceTransformStatus = OK
Seq_Frame0147_Timestamp = 15.899
Seq_Frame0148_DriverToReference-SequenceTransform =-0.558396 -0.814417 -0.157857 114.927 -0.10147 -0.121805 0.987354 208.21 -0.823345 0.567352 -0.0146234 239.128 0 0 0 1 
Seq_Frame0148_DriverToReference-SequenceTransformStatus = OK
Seq_Frame0148_Timestamp = 16
Seq_Frame0149_DriverToReference-SequenceTransform =-0.558396 -0.814417 -0.157857 114.927 -0.10147 -0.121805 0.987354 208.21 -0.823345 0.567352 -0.0146234 239.128 0 0 0 1 
Seq_Frame0149_DriverToReference-SequenceTransformStatus = OK
Seq_Frame0149_Timestamp = 16.104
Seq_Frame0150_DriverToReference-SequenceTransform =-0.558396 -0.814417 -0.157857 114.927 -0.10147 -0.121805 0.987354 208.21 -0.823345 0.567352 -0.0146234 239.128 0 0 0 1 
Seq_Frame0150_DriverToReference-SequenceTransformStatus = OK
Seq_Frame0150_Timestamp = 16.21
