ObjectType = Image
NDims = 3
AnatomicalOrientation = RAI
BinaryData = True
CompressedData = False
DimSize = 0 0 4454
ElementSpacing = 1 1 1
Offset = 0 0 0
TransformMatrix = 1 0 0 0 1 0 0 0 1
ElementType = MET_UCHAR
Kinds = domain domain list
Seq_Frame0000_ForcepToReference-SequenceTransform =0.647718 -0.259349 -0.71638 -12.3148 0.40686 -0.677234 0.613041 -127.655 -0.644148 -0.688543 -0.333138 -181.624 0 0 0 1 
Seq_Frame0000_ForcepToReference-SequenceTransformStatus = OK
Seq_Frame0000_Timestamp = 0.00600004
Seq_Frame0001_ForcepToReference-SequenceTransform =0.647932 -0.259549 -0.716113 -12.3226 0.406906 -0.676817 0.613471 -127.503 -0.643904 -0.688878 -0.332919 -181.71 0 0 0 1 
Seq_Frame0001_ForcepToReference-SequenceTransformStatus = OK
Seq_Frame0001_Timestamp = 0.114
Seq_Frame0002_ForcepToReference-SequenceTransform =0.647727 -0.259261 -0.716403 -12.3146 0.406782 -0.677384 0.612927 -127.66 -0.644188 -0.688429 -0.333298 -181.632 0 0 0 1 
Seq_Frame0002_ForcepToReference-SequenceTransformStatus = OK
Seq_Frame0002_Timestamp = 0.224
Seq_Frame0003_ForcepToReference-SequenceTransform =0.648143 -0.259071 -0.716096 -12.2897 0.406775 -0.677174 0.613164 -127.645 -0.643774 -0.688708 -0.333521 -181.642 0 0 0 1 
Seq_Frame0003_ForcepToReference-SequenceTransformStatus = OK
Seq_Frame0003_Timestamp = 0.326
Seq_Frame0004_ForcepToReference-SequenceTransform =0.647686 -0.259459 -0.716368 -12.271 0.405837 -0.678261 0.612584 -127.822 -0.644825 -0.687491 -0.334002 -181.504 0 0 0 1 
Seq_Frame0004_ForcepToReference-SequenceTransformStatus = OK
Seq_Frame0004_Timestamp = 0.434
Seq_Frame0005_ForcepToReference-SequenceTransform =0.648346 -0.258807 -0.716007 -12.2802 0.408147 -0.675742 0.613831 -127.324 -0.6427 -0.690211 -0.332483 -181.941 0 0 0 1 
Seq_Frame0005_ForcepToReference-SequenceTransformStatus = OK
Seq_Frame0005_Timestamp = 0.536
Seq_Frame0006_ForcepToReference-SequenceTransform =0.64895 -0.258857 -0.715442 -12.2163 0.406568 -0.676838 0.613672 -127.413 -0.643092 -0.689117 -0.333991 -181.846 0 0 0 1 
Seq_Frame0006_ForcepToReference-SequenceTransformStatus = OK
Seq_Frame0006_Timestamp = 0.649
Seq_Frame0007_ForcepToReference-SequenceTransform =0.6487 -0.259576 -0.715408 -12.2406 0.4057 -0.67738 0.613648 -127.571 -0.643891 -0.688315 -0.334106 -181.699 0 0 0 1 
Seq_Frame0007_ForcepToReference-SequenceTransformStatus = OK
Seq_Frame0007_Timestamp = 0.751
Seq_Frame0008_ForcepToReference-SequenceTransform =0.648982 -0.259274 -0.715262 -12.207 0.406206 -0.676838 0.613911 -127.647 -0.643288 -0.688961 -0.333937 -181.662 0 0 0 1 
Seq_Frame0008_ForcepToReference-SequenceTransformStatus = OK
Seq_Frame0008_Timestamp = 0.86
Seq_Frame0009_ForcepToReference-SequenceTransform =0.64778 -0.259309 -0.716338 -12.2749 0.408102 -0.675882 0.613707 -127.433 -0.6433 -0.689886 -0.331999 -181.799 0 0 0 1 
Seq_Frame0009_ForcepToReference-SequenceTransformStatus = OK
Seq_Frame0009_Timestamp = 0.96
Seq_Frame0010_ForcepToReference-SequenceTransform =0.648432 -0.258777 -0.71594 -12.2809 0.407392 -0.676499 0.613499 -127.54 -0.643092 -0.68948 -0.333241 -181.696 0 0 0 1 
Seq_Frame0010_ForcepToReference-SequenceTransformStatus = OK
Seq_Frame0010_Timestamp = 1.065
Seq_Frame0011_ForcepToReference-SequenceTransform =0.648199 -0.259103 -0.716034 -12.2922 0.406835 -0.67703 0.613282 -127.498 -0.64368 -0.688836 -0.333438 -181.717 0 0 0 1 
Seq_Frame0011_ForcepToReference-SequenceTransformStatus = OK
Seq_Frame0011_Timestamp = 1.171
Seq_Frame0012_ForcepToReference-SequenceTransform =0.648919 -0.25932 -0.715303 -12.2816 0.406218 -0.676845 0.613896 -127.592 -0.643344 -0.688937 -0.333877 -181.667 0 0 0 1 
Seq_Frame0012_ForcepToReference-SequenceTransformStatus = OK
Seq_Frame0012_Timestamp = 1.274
Seq_Frame0013_ForcepToReference-SequenceTransform =0.647994 -0.258954 -0.716273 -12.3081 0.407328 -0.676818 0.61319 -127.561 -0.643574 -0.689101 -0.333094 -181.687 0 0 0 1 
Seq_Frame0013_ForcepToReference-SequenceTransformStatus = OK
Seq_Frame0013_Timestamp = 1.375
Seq_Frame0014_ForcepToReference-SequenceTransform =0.647807 -0.259175 -0.716362 -12.3012 0.40721 -0.676926 0.613149 -127.575 -0.643837 -0.688912 -0.332979 -181.681 0 0 0 1 
Seq_Frame0014_ForcepToReference-SequenceTransformStatus = OK
Seq_Frame0014_Timestamp = 1.48
Seq_Frame0015_ForcepToReference-SequenceTransform =0.648202 -0.259297 -0.71596 -12.2759 0.40657 -0.677145 0.613332 -127.647 -0.643844 -0.688651 -0.333505 -181.644 0 0 0 1 
Seq_Frame0015_ForcepToReference-SequenceTransformStatus = OK
Seq_Frame0015_Timestamp = 1.589
Seq_Frame0016_ForcepToReference-SequenceTransform =0.648537 -0.259045 -0.715749 -12.2428 0.406668 -0.67695 0.613482 -127.576 -0.643445 -0.688937 -0.333682 -181.723 0 0 0 1 
Seq_Frame0016_ForcepToReference-SequenceTransformStatus = OK
Seq_Frame0016_Timestamp = 1.69
Seq_Frame0017_ForcepToReference-SequenceTransform =0.647526 -0.259136 -0.716629 -12.2794 0.407221 -0.677205 0.612834 -127.635 -0.644112 -0.688652 -0.332982 -181.679 0 0 0 1 
Seq_Frame0017_ForcepToReference-SequenceTransformStatus = OK
Seq_Frame0017_Timestamp = 1.799
Seq_Frame0018_ForcepToReference-SequenceTransform =0.648608 -0.259117 -0.715658 -12.2038 0.405842 -0.677706 0.613194 -127.725 -0.643894 -0.688167 -0.334405 -181.6 0 0 0 1 
Seq_Frame0018_ForcepToReference-SequenceTransformStatus = OK
Seq_Frame0018_Timestamp = 1.9
Seq_Frame0019_ForcepToReference-SequenceTransform =0.647666 -0.259314 -0.716439 -12.2913 0.407901 -0.676197 0.613494 -127.471 -0.643542 -0.689575 -0.332176 -181.742 0 0 0 1 
Seq_Frame0019_ForcepToReference-SequenceTransformStatus = OK
Seq_Frame0019_Timestamp = 2
Seq_Frame0020_ForcepToReference-SequenceTransform =0.647821 -0.259259 -0.716319 -12.294 0.407056 -0.677006 0.613163 -127.602 -0.64392 -0.688802 -0.333046 -181.648 0 0 0 1 
Seq_Frame0020_ForcepToReference-SequenceTransformStatus = OK
Seq_Frame0020_Timestamp = 2.109
Seq_Frame0021_ForcepToReference-SequenceTransform =0.647772 -0.258994 -0.716459 -12.2816 0.406926 -0.677417 0.612794 -127.617 -0.644052 -0.688497 -0.33342 -181.637 0 0 0 1 
Seq_Frame0021_ForcepToReference-SequenceTransformStatus = OK
Seq_Frame0021_Timestamp = 2.214
Seq_Frame0022_ForcepToReference-SequenceTransform =0.647152 -0.259156 -0.716961 -12.3002 0.406171 -0.67865 0.611931 -127.924 -0.645151 -0.687221 -0.333928 -181.358 0 0 0 1 
Seq_Frame0022_ForcepToReference-SequenceTransformStatus = OK
Seq_Frame0022_Timestamp = 2.319
Seq_Frame0023_ForcepToReference-SequenceTransform =0.648004 -0.259241 -0.71616 -12.2499 0.407542 -0.676333 0.613582 -127.557 -0.643429 -0.689469 -0.332615 -181.704 0 0 0 1 
Seq_Frame0023_ForcepToReference-SequenceTransformStatus = OK
Seq_Frame0023_Timestamp = 2.424
Seq_Frame0024_ForcepToReference-SequenceTransform =0.645381 -0.259314 -0.718498 -12.4146 0.406668 -0.679591 0.610555 -128.17 -0.646611 -0.68623 -0.33314 -181.12 0 0 0 1 
Seq_Frame0024_ForcepToReference-SequenceTransformStatus = OK
Seq_Frame0024_Timestamp = 2.529
Seq_Frame0025_ForcepToReference-SequenceTransform =0.647782 -0.259671 -0.716205 -12.4096 0.407561 -0.676149 0.613772 -127.407 -0.64364 -0.689488 -0.332165 -181.716 0 0 0 1 
Seq_Frame0025_ForcepToReference-SequenceTransformStatus = OK
Seq_Frame0025_Timestamp = 2.639
Seq_Frame0026_ForcepToReference-SequenceTransform =0.647928 -0.259312 -0.716203 -12.2448 0.406727 -0.677215 0.61315 -127.655 -0.644021 -0.688576 -0.333317 -181.639 0 0 0 1 
Seq_Frame0026_ForcepToReference-SequenceTransformStatus = OK
Seq_Frame0026_Timestamp = 2.749
Seq_Frame0027_ForcepToReference-SequenceTransform =0.647817 -0.259134 -0.716368 -12.243 0.406886 -0.6773 0.612951 -127.65 -0.644032 -0.68856 -0.333328 -181.658 0 0 0 1 
Seq_Frame0027_ForcepToReference-SequenceTransformStatus = OK
Seq_Frame0027_Timestamp = 2.854
Seq_Frame0028_ForcepToReference-SequenceTransform =0.648174 -0.259206 -0.716018 -12.2986 0.4071 -0.676681 0.613492 -127.431 -0.643537 -0.689141 -0.333085 -181.812 0 0 0 1 
Seq_Frame0028_ForcepToReference-SequenceTransformStatus = OK
Seq_Frame0028_Timestamp = 2.954
Seq_Frame0029_ForcepToReference-SequenceTransform =0.648529 -0.259476 -0.715599 -12.3702 0.406758 -0.676489 0.61393 -127.441 -0.643395 -0.689227 -0.333179 -181.726 0 0 0 1 
Seq_Frame0029_ForcepToReference-SequenceTransformStatus = OK
Seq_Frame0029_Timestamp = 3.064
Seq_Frame0030_ForcepToReference-SequenceTransform =0.647571 -0.259787 -0.716353 -12.3805 0.40772 -0.676072 0.613751 -127.416 -0.643751 -0.68952 -0.331884 -181.734 0 0 0 1 
Seq_Frame0030_ForcepToReference-SequenceTransformStatus = OK
Seq_Frame0030_Timestamp = 3.164
Seq_Frame0031_ForcepToReference-SequenceTransform =0.648393 -0.259294 -0.715788 -12.3475 0.406852 -0.67667 0.613669 -127.511 -0.643473 -0.689119 -0.333254 -181.69 0 0 0 1 
Seq_Frame0031_ForcepToReference-SequenceTransformStatus = OK
Seq_Frame0031_Timestamp = 3.275
Seq_Frame0032_ForcepToReference-SequenceTransform =0.647299 -0.259241 -0.716797 -12.3224 0.407407 -0.677124 0.612799 -127.602 -0.644223 -0.688693 -0.332685 -181.684 0 0 0 1 
Seq_Frame0032_ForcepToReference-SequenceTransformStatus = OK
Seq_Frame0032_Timestamp = 3.379
Seq_Frame0033_ForcepToReference-SequenceTransform =0.648049 -0.25924 -0.71612 -12.2689 0.407121 -0.676745 0.613408 -127.562 -0.64365 -0.689065 -0.333022 -181.682 0 0 0 1 
Seq_Frame0033_ForcepToReference-SequenceTransformStatus = OK
Seq_Frame0033_Timestamp = 3.484
Seq_Frame0034_ForcepToReference-SequenceTransform =0.648084 -0.259336 -0.716053 -12.2781 0.407263 -0.676478 0.613608 -127.532 -0.643525 -0.689291 -0.332796 -181.677 0 0 0 1 
Seq_Frame0034_ForcepToReference-SequenceTransformStatus = OK
Seq_Frame0034_Timestamp = 3.585
Seq_Frame0035_ForcepToReference-SequenceTransform =0.647914 -0.259084 -0.716298 -12.2891 0.407391 -0.676713 0.613264 -127.615 -0.643615 -0.689155 -0.332903 -181.667 0 0 0 1 
Seq_Frame0035_ForcepToReference-SequenceTransformStatus = OK
Seq_Frame0035_Timestamp = 3.686
Seq_Frame0036_ForcepToReference-SequenceTransform =0.647832 -0.259111 -0.716363 -12.2522 0.407825 -0.676301 0.61343 -127.602 -0.643423 -0.68955 -0.332457 -181.687 0 0 0 1 
Seq_Frame0036_ForcepToReference-SequenceTransformStatus = OK
Seq_Frame0036_Timestamp = 3.79
Seq_Frame0037_ForcepToReference-SequenceTransform =0.648094 -0.259283 -0.716064 -12.2626 0.406804 -0.677006 0.61333 -127.613 -0.643805 -0.688792 -0.333286 -181.651 0 0 0 1 
Seq_Frame0037_ForcepToReference-SequenceTransformStatus = OK
Seq_Frame0037_Timestamp = 3.893
Seq_Frame0038_ForcepToReference-SequenceTransform =0.647861 -0.259149 -0.716322 -12.2846 0.407021 -0.677102 0.61308 -127.551 -0.643902 -0.688749 -0.333189 -181.712 0 0 0 1 
Seq_Frame0038_ForcepToReference-SequenceTransformStatus = OK
Seq_Frame0038_Timestamp = 4.002
Seq_Frame0039_ForcepToReference-SequenceTransform =0.648506 -0.259048 -0.715775 -12.2611 0.407005 -0.676614 0.613629 -127.482 -0.643263 -0.689266 -0.333355 -181.762 0 0 0 1 
Seq_Frame0039_ForcepToReference-SequenceTransformStatus = OK
Seq_Frame0039_Timestamp = 4.105
Seq_Frame0040_ForcepToReference-SequenceTransform =0.648221 -0.259357 -0.715921 -12.2774 0.406522 -0.677127 0.613383 -127.62 -0.643855 -0.688646 -0.333493 -181.659 0 0 0 1 
Seq_Frame0040_ForcepToReference-SequenceTransformStatus = OK
Seq_Frame0040_Timestamp = 4.214
Seq_Frame0041_ForcepToReference-SequenceTransform =0.647503 -0.25908 -0.716671 -12.2232 0.407324 -0.677164 0.61281 -127.595 -0.644071 -0.688713 -0.332936 -181.688 0 0 0 1 
Seq_Frame0041_ForcepToReference-SequenceTransformStatus = OK
Seq_Frame0041_Timestamp = 4.319
Seq_Frame0042_ForcepToReference-SequenceTransform =0.647634 -0.259031 -0.716571 -12.2659 0.407108 -0.677318 0.612784 -127.693 -0.644076 -0.688581 -0.3332 -181.629 0 0 0 1 
Seq_Frame0042_ForcepToReference-SequenceTransformStatus = OK
Seq_Frame0042_Timestamp = 4.42
Seq_Frame0043_ForcepToReference-SequenceTransform =0.64762 -0.25989 -0.716272 -12.4128 0.407789 -0.675866 0.613933 -127.282 -0.643659 -0.689683 -0.331723 -181.812 0 0 0 1 
Seq_Frame0043_ForcepToReference-SequenceTransformStatus = OK
Seq_Frame0043_Timestamp = 4.525
Seq_Frame0044_ForcepToReference-SequenceTransform =0.647444 -0.259329 -0.716634 -12.3104 0.406907 -0.67745 0.612771 -127.605 -0.644393 -0.688338 -0.333088 -181.661 0 0 0 1 
Seq_Frame0044_ForcepToReference-SequenceTransformStatus = OK
Seq_Frame0044_Timestamp = 4.625
Seq_Frame0045_ForcepToReference-SequenceTransform =0.647842 -0.259234 -0.716309 -12.3109 0.406764 -0.677321 0.613008 -127.604 -0.644084 -0.688501 -0.33335 -181.664 0 0 0 1 
Seq_Frame0045_ForcepToReference-SequenceTransformStatus = OK
Seq_Frame0045_Timestamp = 4.73
Seq_Frame0046_ForcepToReference-SequenceTransform =0.649009 -0.262444 -0.71408 -12.9817 0.414968 -0.664574 0.621403 -124.716 -0.637643 -0.699617 -0.322409 -183.01 0 0 0 1 
Seq_Frame0046_ForcepToReference-SequenceTransformStatus = OK
Seq_Frame0046_Timestamp = 4.929
Seq_Frame0047_ForcepToReference-SequenceTransform =0.652702 -0.25594 -0.713074 -11.3977 0.403268 -0.679426 0.612989 -128.198 -0.641369 -0.687659 -0.34025 -182.066 0 0 0 1 
Seq_Frame0047_ForcepToReference-SequenceTransformStatus = OK
Seq_Frame0047_Timestamp = 5.039
Seq_Frame0048_ForcepToReference-SequenceTransform =0.655319 -0.255919 -0.710677 -11.3017 0.404364 -0.675828 0.616235 -127.338 -0.638002 -0.691203 -0.339399 -182.741 0 0 0 1 
Seq_Frame0048_ForcepToReference-SequenceTransformStatus = OK
Seq_Frame0048_Timestamp = 5.143
Seq_Frame0049_ForcepToReference-SequenceTransform =0.655763 -0.250278 -0.712275 -11.3419 0.406374 -0.678103 0.612402 -127.76 -0.636267 -0.69104 -0.342968 -182.438 0 0 0 1 
Seq_Frame0049_ForcepToReference-SequenceTransformStatus = OK
Seq_Frame0049_Timestamp = 5.249
Seq_Frame0050_ForcepToReference-SequenceTransform =0.661979 -0.307209 -0.683671 -15.9604 0.39282 -0.634635 0.665531 -128.967 -0.638339 -0.709127 -0.299437 -186.392 0 0 0 1 
Seq_Frame0050_ForcepToReference-SequenceTransformStatus = OK
Seq_Frame0050_Timestamp = 5.35
Seq_Frame0051_ForcepToReference-SequenceTransform =0.805365 -0.423878 -0.414384 -22.1693 0.27312 -0.355093 0.894044 -121.979 -0.52611 -0.833209 -0.17021 -188.517 0 0 0 1 
Seq_Frame0051_ForcepToReference-SequenceTransformStatus = OK
Seq_Frame0051_Timestamp = 5.45
Seq_Frame0052_ForcepToReference-SequenceTransform =0.9127 -0.366048 -0.181626 -23.5603 0.177762 -0.0445464 0.983065 -112.522 -0.367939 -0.929529 0.0244119 -193.7 0 0 0 1 
Seq_Frame0052_ForcepToReference-SequenceTransformStatus = OK
Seq_Frame0052_Timestamp = 5.554
Seq_Frame0053_ForcepToReference-SequenceTransform =-0.128111 0.985135 0.114444 -31.3996 -0.751193 -0.0210448 -0.659747 -50.5386 -0.647531 -0.17049 0.742722 -204.186 0 0 0 1 
Seq_Frame0053_ForcepToReference-SequenceTransformStatus = OK
Seq_Frame0053_Timestamp = 5.659
Seq_Frame0054_ForcepToReference-SequenceTransform =0.0770267 0.821299 0.565275 -50.0296 -0.924071 0.271697 -0.268836 -7.33959 -0.374378 -0.501647 0.779866 -185.722 0 0 0 1 
Seq_Frame0054_ForcepToReference-SequenceTransformStatus = OK
Seq_Frame0054_Timestamp = 5.874
Seq_Frame0055_ForcepToReference-SequenceTransform =-0.253549 -0.735915 -0.627808 -132.449 0.821486 -0.506501 0.26195 146.054 -0.510758 -0.449318 0.732966 -76.5936 0 0 0 1 
Seq_Frame0055_ForcepToReference-SequenceTransformStatus = OK
Seq_Frame0055_Timestamp = 5.974
Seq_Frame0056_ForcepToReference-SequenceTransform =-0.46362 -0.79006 -0.401075 -143.781 0.846774 -0.528337 0.0619249 156.691 -0.260827 -0.31091 0.91395 -16.138 0 0 0 1 
Seq_Frame0056_ForcepToReference-SequenceTransformStatus = OK
Seq_Frame0056_Timestamp = 6.075
Seq_Frame0057_ForcepToReference-SequenceTransform =-0.186256 -0.857383 -0.479795 -127.173 0.869116 -0.371521 0.32651 145.092 -0.458198 -0.356184 0.814363 -19.1417 0 0 0 1 
Seq_Frame0057_ForcepToReference-SequenceTransformStatus = OK
Seq_Frame0057_Timestamp = 6.184
Seq_Frame0058_ForcepToReference-SequenceTransform =0.00225608 -0.888514 -0.458844 -111.464 0.884001 -0.212729 0.41628 143.669 -0.46748 -0.406557 0.784967 -22.111 0 0 0 1 
Seq_Frame0058_ForcepToReference-SequenceTransformStatus = OK
Seq_Frame0058_Timestamp = 6.285
Seq_Frame0059_ForcepToReference-SequenceTransform =0.112312 -0.908862 -0.401691 -99.702 0.912435 -0.0657603 0.403904 139.68 -0.393508 -0.41188 0.821892 -16.5131 0 0 0 1 
Seq_Frame0059_ForcepToReference-SequenceTransformStatus = OK
Seq_Frame0059_Timestamp = 6.393
Seq_Frame0060_ForcepToReference-SequenceTransform =0.163196 -0.913063 -0.373742 -92.2629 0.889166 -0.0280259 0.456726 129.88 -0.427494 -0.406855 0.80729 -9.02745 0 0 0 1 
Seq_Frame0060_ForcepToReference-SequenceTransformStatus = OK
Seq_Frame0060_Timestamp = 6.494
Seq_Frame0061_ForcepToReference-SequenceTransform =0.208712 -0.937618 -0.278051 -88.7262 0.864695 0.0440986 0.500357 125.2 -0.456882 -0.34486 0.819958 -3.3883 0 0 0 1 
Seq_Frame0061_ForcepToReference-SequenceTransformStatus = OK
Seq_Frame0061_Timestamp = 6.602
Seq_Frame0062_ForcepToReference-SequenceTransform =0.203882 -0.951903 -0.228721 -88.1449 0.886249 0.0802017 0.456213 129.231 -0.415927 -0.295718 0.859975 -4.57212 0 0 0 1 
Seq_Frame0062_ForcepToReference-SequenceTransformStatus = OK
Seq_Frame0062_Timestamp = 6.704
Seq_Frame0063_ForcepToReference-SequenceTransform =0.19587 -0.954941 -0.222988 -85.997 0.885009 0.0741999 0.459623 131.655 -0.422367 -0.287372 0.859665 -8.48329 0 0 0 1 
Seq_Frame0063_ForcepToReference-SequenceTransformStatus = OK
Seq_Frame0063_Timestamp = 6.805
Seq_Frame0064_ForcepToReference-SequenceTransform =0.227303 -0.946669 -0.228366 -82.4501 0.872489 0.0938108 0.479544 130.106 -0.432546 -0.308248 0.847282 -8.73001 0 0 0 1 
Seq_Frame0064_ForcepToReference-SequenceTransformStatus = OK
Seq_Frame0064_Timestamp = 6.909
Seq_Frame0065_ForcepToReference-SequenceTransform =0.244232 -0.945127 -0.216992 -82.1965 0.859586 0.107431 0.49957 130.994 -0.448845 -0.308535 0.838656 -6.48366 0 0 0 1 
Seq_Frame0065_ForcepToReference-SequenceTransformStatus = OK
Seq_Frame0065_Timestamp = 7.009
Seq_Frame0066_ForcepToReference-SequenceTransform =0.275695 -0.942964 -0.186576 -83.7553 0.856894 0.15314 0.49222 131.463 -0.435573 -0.295579 0.850241 -5.05252 0 0 0 1 
Seq_Frame0066_ForcepToReference-SequenceTransformStatus = OK
Seq_Frame0066_Timestamp = 7.119
Seq_Frame0067_ForcepToReference-SequenceTransform =0.287165 -0.941593 -0.175892 -84.6903 0.853667 0.168278 0.492884 131.226 -0.434498 -0.291692 0.852131 -2.29446 0 0 0 1 
Seq_Frame0067_ForcepToReference-SequenceTransformStatus = OK
Seq_Frame0067_Timestamp = 7.224
Seq_Frame0068_ForcepToReference-SequenceTransform =0.294481 -0.94271 -0.156778 -84.6842 0.866004 0.193866 0.460926 134.604 -0.404126 -0.271504 0.87348 0.0998331 0 0 0 1 
Seq_Frame0068_ForcepToReference-SequenceTransformStatus = OK
Seq_Frame0068_Timestamp = 7.329
Seq_Frame0069_ForcepToReference-SequenceTransform =0.292016 -0.947027 -0.133666 -85.5442 0.871388 0.205838 0.445325 136.042 -0.394221 -0.246517 0.885336 0.343902 0 0 0 1 
Seq_Frame0069_ForcepToReference-SequenceTransformStatus = OK
Seq_Frame0069_Timestamp = 7.434
Seq_Frame0070_ForcepToReference-SequenceTransform =0.299548 -0.943121 -0.1442 -85.0148 0.869225 0.20746 0.448785 134.513 -0.393343 -0.259775 0.881929 0.881431 0 0 0 1 
Seq_Frame0070_ForcepToReference-SequenceTransformStatus = OK
Seq_Frame0070_Timestamp = 7.539
Seq_Frame0071_ForcepToReference-SequenceTransform =0.288749 -0.947446 -0.137728 -85.0687 0.862361 0.194891 0.46728 132.962 -0.415881 -0.253698 0.873316 1.71592 0 0 0 1 
Seq_Frame0071_ForcepToReference-SequenceTransformStatus = OK
Seq_Frame0071_Timestamp = 7.643
Seq_Frame0072_ForcepToReference-SequenceTransform =0.288198 -0.947515 -0.138408 -83.9304 0.870669 0.199126 0.449761 132.639 -0.398595 -0.250128 0.88236 2.55072 0 0 0 1 
Seq_Frame0072_ForcepToReference-SequenceTransformStatus = OK
Seq_Frame0072_Timestamp = 7.749
Seq_Frame0073_ForcepToReference-SequenceTransform =0.287887 -0.94691 -0.143119 -82.7345 0.878091 0.201358 0.434063 132.541 -0.3822 -0.250633 0.889442 3.07569 0 0 0 1 
Seq_Frame0073_ForcepToReference-SequenceTransformStatus = OK
Seq_Frame0073_Timestamp = 7.851
Seq_Frame0074_ForcepToReference-SequenceTransform =0.280284 -0.946567 -0.159537 -80.5209 0.873163 0.182362 0.45203 130.032 -0.398783 -0.265998 0.87762 4.12786 0 0 0 1 
Seq_Frame0074_ForcepToReference-SequenceTransformStatus = OK
Seq_Frame0074_Timestamp = 7.954
Seq_Frame0075_ForcepToReference-SequenceTransform =0.259612 -0.947084 -0.188767 -80.2385 0.887662 0.157043 0.43289 129.931 -0.380339 -0.279945 0.881461 4.08104 0 0 0 1 
Seq_Frame0075_ForcepToReference-SequenceTransformStatus = OK
Seq_Frame0075_Timestamp = 8.059
Seq_Frame0076_ForcepToReference-SequenceTransform =0.231243 -0.940342 -0.249566 -79.0381 0.885639 0.097281 0.454071 128.113 -0.402704 -0.326026 0.855299 4.44793 0 0 0 1 
Seq_Frame0076_ForcepToReference-SequenceTransformStatus = OK
Seq_Frame0076_Timestamp = 8.164
Seq_Frame0077_ForcepToReference-SequenceTransform =0.19079 -0.936786 -0.293313 -81.411 0.883678 0.033793 0.466873 126.101 -0.427448 -0.348268 0.834264 1.37128 0 0 0 1 
Seq_Frame0077_ForcepToReference-SequenceTransformStatus = OK
Seq_Frame0077_Timestamp = 8.269
Seq_Frame0078_ForcepToReference-SequenceTransform =0.0781831 -0.938985 -0.334954 -86.7714 0.856759 -0.108511 0.504173 123.676 -0.509757 -0.326392 0.796 -3.89276 0 0 0 1 
Seq_Frame0078_ForcepToReference-SequenceTransformStatus = OK
Seq_Frame0078_Timestamp = 8.384
Seq_Frame0079_ForcepToReference-SequenceTransform =-0.0599243 -0.91473 -0.399596 -86.9436 0.774709 -0.29506 0.559255 125.842 -0.629472 -0.276058 0.726331 -3.90222 0 0 0 1 
Seq_Frame0079_ForcepToReference-SequenceTransformStatus = OK
Seq_Frame0079_Timestamp = 8.489
Seq_Frame0080_ForcepToReference-SequenceTransform =-0.276555 -0.612391 -0.740605 -55.1458 0.41345 -0.771512 0.483558 160.187 -0.867512 -0.172472 0.466558 24.0323 0 0 0 1 
Seq_Frame0080_ForcepToReference-SequenceTransformStatus = OK
Seq_Frame0080_Timestamp = 8.669
Seq_Frame0081_ForcepToReference-SequenceTransform =-0.314935 -0.408302 -0.8568 -38.3473 0.218562 -0.909674 0.353161 176.121 -0.923605 -0.0760412 0.375728 42.0646 0 0 0 1 
Seq_Frame0081_ForcepToReference-SequenceTransformStatus = OK
Seq_Frame0081_Timestamp = 8.769
Seq_Frame0082_ForcepToReference-SequenceTransform =-0.293048 -0.280684 -0.913969 -26.583 0.0687673 -0.959649 0.272663 180.635 -0.953622 0.0170521 0.300525 57.5757 0 0 0 1 
Seq_Frame0082_ForcepToReference-SequenceTransformStatus = OK
Seq_Frame0082_Timestamp = 8.87
Seq_Frame0083_ForcepToReference-SequenceTransform =-0.269344 -0.226336 -0.936069 -18.4384 0.0111206 -0.972656 0.231982 186.881 -0.96298 0.0520734 0.264496 68.6946 0 0 0 1 
Seq_Frame0083_ForcepToReference-SequenceTransformStatus = OK
Seq_Frame0083_Timestamp = 8.974
Seq_Frame0084_ForcepToReference-SequenceTransform =-0.233319 -0.206661 -0.950186 -12.579 -0.00816262 -0.976705 0.214433 195.317 -0.972366 0.0577874 0.226197 75.737 0 0 0 1 
Seq_Frame0084_ForcepToReference-SequenceTransformStatus = OK
Seq_Frame0084_Timestamp = 9.079
Seq_Frame0085_ForcepToReference-SequenceTransform =-0.215468 -0.191572 -0.957535 -8.50505 0.000494072 -0.980589 0.196073 202.078 -0.976511 0.0417742 0.21138 79.7216 0 0 0 1 
Seq_Frame0085_ForcepToReference-SequenceTransformStatus = OK
Seq_Frame0085_Timestamp = 9.188
Seq_Frame0086_ForcepToReference-SequenceTransform =-0.208642 -0.177568 -0.961737 -4.5979 -0.000674319 -0.983353 0.181705 205.836 -0.977992 0.0385599 0.205049 83.4056 0 0 0 1 
Seq_Frame0086_ForcepToReference-SequenceTransformStatus = OK
Seq_Frame0086_Timestamp = 9.29
Seq_Frame0087_ForcepToReference-SequenceTransform =-0.194987 -0.167353 -0.966423 -1.47535 -0.0136586 -0.984777 0.173288 208.132 -0.980711 0.0469887 0.189733 85.0076 0 0 0 1 
Seq_Frame0087_ForcepToReference-SequenceTransformStatus = OK
Seq_Frame0087_Timestamp = 9.399
Seq_Frame0088_ForcepToReference-SequenceTransform =-0.206789 -0.158713 -0.965427 0.0923068 -0.0240294 -0.985633 0.167182 209.729 -0.978091 0.05777 0.200004 84.3648 0 0 0 1 
Seq_Frame0088_ForcepToReference-SequenceTransformStatus = OK
Seq_Frame0088_Timestamp = 9.5
Seq_Frame0089_ForcepToReference-SequenceTransform =-0.177348 -0.1523 -0.972292 3.07901 -0.0232796 -0.987027 0.158855 212.431 -0.983873 0.0508071 0.171502 87.6714 0 0 0 1 
Seq_Frame0089_ForcepToReference-SequenceTransformStatus = OK
Seq_Frame0089_Timestamp = 9.604
Seq_Frame0090_ForcepToReference-SequenceTransform =-0.174658 -0.150193 -0.973107 4.9043 -0.0138146 -0.987827 0.154945 215.176 -0.984532 0.0405054 0.170457 89.0231 0 0 0 1 
Seq_Frame0090_ForcepToReference-SequenceTransformStatus = OK
Seq_Frame0090_Timestamp = 9.71
Seq_Frame0091_ForcepToReference-SequenceTransform =-0.16975 -0.144998 -0.974762 6.41957 -0.0127359 -0.988711 0.149291 217.091 -0.985405 0.0377566 0.165987 89.9942 0 0 0 1 
Seq_Frame0091_ForcepToReference-SequenceTransformStatus = OK
Seq_Frame0091_Timestamp = 9.813
Seq_Frame0092_ForcepToReference-SequenceTransform =-0.160487 -0.139837 -0.977082 8.37124 -0.0211923 -0.989197 0.145052 217.844 -0.98681 0.0439856 0.15579 91.4659 0 0 0 1 
Seq_Frame0092_ForcepToReference-SequenceTransformStatus = OK
Seq_Frame0092_Timestamp = 9.914
Seq_Frame0093_ForcepToReference-SequenceTransform =-0.160682 -0.136894 -0.977467 9.73331 -0.0232521 -0.989535 0.142406 218.527 -0.986732 0.0456103 0.155818 92.4493 0 0 0 1 
Seq_Frame0093_ForcepToReference-SequenceTransformStatus = OK
Seq_Frame0093_Timestamp = 10.015
Seq_Frame0094_ForcepToReference-SequenceTransform =-0.153952 -0.141688 -0.977867 9.83942 -0.0080053 -0.989454 0.144627 218.758 -0.988046 0.0300938 0.151194 91.2804 0 0 0 1 
Seq_Frame0094_ForcepToReference-SequenceTransformStatus = OK
Seq_Frame0094_Timestamp = 10.124
Seq_Frame0095_ForcepToReference-SequenceTransform =-0.170308 -0.146597 -0.974425 9.47592 -0.000436811 -0.98886 0.148845 219.322 -0.985391 0.025775 0.168347 90.6047 0 0 0 1 
Seq_Frame0095_ForcepToReference-SequenceTransformStatus = OK
Seq_Frame0095_Timestamp = 10.225
Seq_Frame0096_ForcepToReference-SequenceTransform =-0.172321 -0.146577 -0.974074 9.42922 0.00803583 -0.989043 0.147408 220.597 -0.985008 0.0175741 0.171611 90.7194 0 0 0 1 
Seq_Frame0096_ForcepToReference-SequenceTransformStatus = OK
Seq_Frame0096_Timestamp = 10.329
Seq_Frame0097_ForcepToReference-SequenceTransform =-0.15486 -0.145033 -0.977233 10.3918 0.00672225 -0.989297 0.145758 220.965 -0.987913 0.0160029 0.154178 92.1258 0 0 0 1 
Seq_Frame0097_ForcepToReference-SequenceTransformStatus = OK
Seq_Frame0097_Timestamp = 10.434
Seq_Frame0098_ForcepToReference-SequenceTransform =-0.172792 -0.14283 -0.974547 11.4057 -0.00347249 -0.989336 0.145613 221.201 -0.984952 0.0285448 0.170454 93.3027 0 0 0 1 
Seq_Frame0098_ForcepToReference-SequenceTransformStatus = OK
Seq_Frame0098_Timestamp = 10.543
Seq_Frame0099_ForcepToReference-SequenceTransform =-0.16759 -0.140411 -0.975806 11.7118 -0.00647336 -0.989628 0.143511 221.96 -0.985835 0.0303678 0.164943 93.9195 0 0 0 1 
Seq_Frame0099_ForcepToReference-SequenceTransformStatus = OK
Seq_Frame0099_Timestamp = 10.644
Seq_Frame0100_ForcepToReference-SequenceTransform =-0.16237 -0.139671 -0.976795 11.4483 -0.00756631 -0.989726 0.142777 222.034 -0.986701 0.0305734 0.159645 93.546 0 0 0 1 
Seq_Frame0100_ForcepToReference-SequenceTransformStatus = OK
Seq_Frame0100_Timestamp = 10.754
Seq_Frame0101_ForcepToReference-SequenceTransform =-0.152153 -0.140922 -0.978259 10.8743 0.000512118 -0.989794 0.142504 222.497 -0.988357 0.0211814 0.150672 92.8737 0 0 0 1 
Seq_Frame0101_ForcepToReference-SequenceTransformStatus = OK
Seq_Frame0101_Timestamp = 10.869
Seq_Frame0102_ForcepToReference-SequenceTransform =-0.151302 -0.142733 -0.978128 10.8415 -4.45876e-05 -0.989519 0.144402 221.821 -0.988488 0.0218919 0.14971 93.0499 0 0 0 1 
Seq_Frame0102_ForcepToReference-SequenceTransformStatus = OK
Seq_Frame0102_Timestamp = 10.98
Seq_Frame0103_ForcepToReference-SequenceTransform =-0.150539 -0.140754 -0.978533 10.3626 -0.00633791 -0.989655 0.143329 221.16 -0.988584 0.0277785 0.14809 92.4604 0 0 0 1 
Seq_Frame0103_ForcepToReference-SequenceTransformStatus = OK
Seq_Frame0103_Timestamp = 11.089
Seq_Frame0104_ForcepToReference-SequenceTransform =-0.161775 -0.137913 -0.977143 10.0845 -0.0120631 -0.989836 0.141702 220.05 -0.986754 0.0347112 0.158467 92.5954 0 0 0 1 
Seq_Frame0104_ForcepToReference-SequenceTransformStatus = OK
Seq_Frame0104_Timestamp = 11.19
Seq_Frame0105_ForcepToReference-SequenceTransform =-0.150994 -0.137105 -0.978981 10.3556 -0.00280644 -0.990272 0.139119 220.222 -0.988531 0.0237536 0.149141 92.9688 0 0 0 1 
Seq_Frame0105_ForcepToReference-SequenceTransformStatus = OK
Seq_Frame0105_Timestamp = 11.299
Seq_Frame0106_ForcepToReference-SequenceTransform =-0.152902 -0.154277 -0.976125 9.31484 0.0182993 -0.988012 0.153289 220.51 -0.988072 0.00557584 0.153892 90.6499 0 0 0 1 
Seq_Frame0106_ForcepToReference-SequenceTransformStatus = OK
Seq_Frame0106_Timestamp = 11.404
Seq_Frame0107_ForcepToReference-SequenceTransform =-0.118911 -0.189837 -0.974588 8.31958 0.00753255 -0.981697 0.190303 216.023 -0.992876 0.0152879 0.118164 85.5264 0 0 0 1 
Seq_Frame0107_ForcepToReference-SequenceTransformStatus = OK
Seq_Frame0107_Timestamp = 11.514
Seq_Frame0108_ForcepToReference-SequenceTransform =-0.218053 -0.174404 -0.960227 2.84173 -0.0578029 -0.979868 0.191098 211.013 -0.974224 0.0971733 0.203582 72.973 0 0 0 1 
Seq_Frame0108_ForcepToReference-SequenceTransformStatus = OK
Seq_Frame0108_Timestamp = 11.624
Seq_Frame0109_ForcepToReference-SequenceTransform =0.34925 0.247703 0.903697 -10.5416 -0.922456 0.260322 0.285145 205.08 -0.164621 -0.933207 0.319412 53.5545 0 0 0 1 
Seq_Frame0109_ForcepToReference-SequenceTransformStatus = OK
Seq_Frame0109_Timestamp = 11.739
Seq_Frame0110_ForcepToReference-SequenceTransform =-0.37636 -0.310309 -0.872962 -23.2148 0.164942 -0.949631 0.26645 197.832 -0.911673 -0.043707 0.408586 41.9486 0 0 0 1 
Seq_Frame0110_ForcepToReference-SequenceTransformStatus = OK
Seq_Frame0110_Timestamp = 11.839
Seq_Frame0111_ForcepToReference-SequenceTransform =0.180644 0.219757 0.958684 -31.048 -0.932 0.349661 0.0954635 189.807 -0.314236 -0.910738 0.267978 38.5836 0 0 0 1 
Seq_Frame0111_ForcepToReference-SequenceTransformStatus = OK
Seq_Frame0111_Timestamp = 11.944
Seq_Frame0112_ForcepToReference-SequenceTransform =-0.388736 -0.68324 -0.618116 -68.7776 0.597675 -0.697574 0.395189 189.826 -0.701191 -0.215808 0.679528 26.4501 0 0 0 1 
Seq_Frame0112_ForcepToReference-SequenceTransformStatus = OK
Seq_Frame0112_Timestamp = 12.244
Seq_Frame0113_ForcepToReference-SequenceTransform =-0.358271 -0.795401 -0.488854 -89.8951 0.756825 -0.554033 0.34679 188.954 -0.546678 -0.245733 0.800474 27.3754 0 0 0 1 
Seq_Frame0113_ForcepToReference-SequenceTransformStatus = OK
Seq_Frame0113_Timestamp = 12.345
Seq_Frame0114_ForcepToReference-SequenceTransform =-0.321925 -0.854153 -0.408396 -98.7469 0.842056 -0.455497 0.288901 188.023 -0.432789 -0.250888 0.86588 36.3523 0 0 0 1 
Seq_Frame0114_ForcepToReference-SequenceTransformStatus = OK
Seq_Frame0114_Timestamp = 12.454
Seq_Frame0115_ForcepToReference-SequenceTransform =-0.302235 -0.863794 -0.403131 -99.5269 0.872885 -0.420734 0.247092 189.486 -0.383047 -0.277207 0.881153 43.9151 0 0 0 1 
Seq_Frame0115_ForcepToReference-SequenceTransformStatus = OK
Seq_Frame0115_Timestamp = 12.555
Seq_Frame0116_ForcepToReference-SequenceTransform =-0.30347 -0.864959 -0.399689 -99.2257 0.876688 -0.417785 0.238482 189.946 -0.373261 -0.27803 0.885085 49.8703 0 0 0 1 
Seq_Frame0116_ForcepToReference-SequenceTransformStatus = OK
Seq_Frame0116_Timestamp = 12.664
Seq_Frame0117_ForcepToReference-SequenceTransform =-0.301493 -0.861617 -0.408311 -98.5675 0.881835 -0.414831 0.224238 189.934 -0.362587 -0.292457 0.884872 53.1463 0 0 0 1 
Seq_Frame0117_ForcepToReference-SequenceTransformStatus = OK
Seq_Frame0117_Timestamp = 12.776
Seq_Frame0118_ForcepToReference-SequenceTransform =-0.291121 -0.861297 -0.416433 -97.385 0.888676 -0.40465 0.215669 190.365 -0.354265 -0.307288 0.883216 55.7584 0 0 0 1 
Seq_Frame0118_ForcepToReference-SequenceTransformStatus = OK
Seq_Frame0118_Timestamp = 12.879
Seq_Frame0119_ForcepToReference-SequenceTransform =-0.296301 -0.8557 -0.424245 -96.8291 0.881131 -0.416301 0.224279 189.569 -0.368529 -0.307361 0.877334 56.8219 0 0 0 1 
Seq_Frame0119_ForcepToReference-SequenceTransformStatus = OK
Seq_Frame0119_Timestamp = 12.98
Seq_Frame0120_ForcepToReference-SequenceTransform =-0.2967 -0.857888 -0.419521 -97.8924 0.876752 -0.41883 0.236405 189.045 -0.378517 -0.297674 0.876422 56.7048 0 0 0 1 
Seq_Frame0120_ForcepToReference-SequenceTransformStatus = OK
Seq_Frame0120_Timestamp = 13.085
Seq_Frame0121_ForcepToReference-SequenceTransform =-0.293888 -0.858085 -0.421094 -98.1418 0.882174 -0.413094 0.2261 190.853 -0.367965 -0.30503 0.878384 58.0385 0 0 0 1 
Seq_Frame0121_ForcepToReference-SequenceTransformStatus = OK
Seq_Frame0121_Timestamp = 13.19
Seq_Frame0122_ForcepToReference-SequenceTransform =-0.288841 -0.86298 -0.414531 -97.6598 0.893134 -0.398828 0.207961 193.663 -0.344793 -0.310164 0.885955 60.488 0 0 0 1 
Seq_Frame0122_ForcepToReference-SequenceTransformStatus = OK
Seq_Frame0122_Timestamp = 13.294
Seq_Frame0123_ForcepToReference-SequenceTransform =-0.281342 -0.86899 -0.407066 -97.6335 0.901899 -0.384339 0.197131 195.335 -0.327757 -0.311671 0.891873 61.8987 0 0 0 1 
Seq_Frame0123_ForcepToReference-SequenceTransformStatus = OK
Seq_Frame0123_Timestamp = 13.394
Seq_Frame0124_ForcepToReference-SequenceTransform =-0.283538 -0.870961 -0.40129 -98.7821 0.899295 -0.386799 0.204097 195.032 -0.332979 -0.303008 0.892923 61.6879 0 0 0 1 
Seq_Frame0124_ForcepToReference-SequenceTransformStatus = OK
Seq_Frame0124_Timestamp = 13.495
Seq_Frame0125_ForcepToReference-SequenceTransform =-0.282175 -0.873402 -0.396921 -100.042 0.899929 -0.384337 0.205944 195.416 -0.332423 -0.299088 0.89445 62.1674 0 0 0 1 
Seq_Frame0125_ForcepToReference-SequenceTransformStatus = OK
Seq_Frame0125_Timestamp = 13.604
Seq_Frame0126_ForcepToReference-SequenceTransform =-0.276502 -0.877763 -0.391252 -100.202 0.907554 -0.372396 0.19408 196.372 -0.316057 -0.301419 0.899586 63.1602 0 0 0 1 
Seq_Frame0126_ForcepToReference-SequenceTransformStatus = OK
Seq_Frame0126_Timestamp = 13.704
Seq_Frame0127_ForcepToReference-SequenceTransform =-0.273992 -0.878556 -0.39124 -100.523 0.915747 -0.362616 0.172967 196.958 -0.293831 -0.310885 0.903888 64.5338 0 0 0 1 
Seq_Frame0127_ForcepToReference-SequenceTransformStatus = OK
Seq_Frame0127_Timestamp = 13.814
Seq_Frame0128_ForcepToReference-SequenceTransform =-0.273979 -0.880113 -0.387732 -101.443 0.913562 -0.364164 0.181076 196.612 -0.300565 -0.304606 0.903812 63.8054 0 0 0 1 
Seq_Frame0128_ForcepToReference-SequenceTransformStatus = OK
Seq_Frame0128_Timestamp = 13.915
Seq_Frame0129_ForcepToReference-SequenceTransform =-0.278967 -0.883125 -0.377184 -102.389 0.915147 -0.36351 0.174263 196.769 -0.291006 -0.296565 0.909596 63.8207 0 0 0 1 
Seq_Frame0129_ForcepToReference-SequenceTransformStatus = OK
Seq_Frame0129_Timestamp = 14.019
Seq_Frame0130_ForcepToReference-SequenceTransform =-0.27944 -0.884531 -0.373521 -102.23 0.914153 -0.364073 0.178257 196.627 -0.293663 -0.291643 0.910333 63.8928 0 0 0 1 
Seq_Frame0130_ForcepToReference-SequenceTransformStatus = OK
Seq_Frame0130_Timestamp = 14.124
Seq_Frame0131_ForcepToReference-SequenceTransform =-0.280561 -0.886115 -0.368898 -102.374 0.916637 -0.361359 0.170868 196.83 -0.284713 -0.290207 0.913629 63.9236 0 0 0 1 
Seq_Frame0131_ForcepToReference-SequenceTransformStatus = OK
Seq_Frame0131_Timestamp = 14.226
Seq_Frame0132_ForcepToReference-SequenceTransform =-0.281801 -0.885818 -0.368666 -101.974 0.92118 -0.357253 0.154266 197.518 -0.268359 -0.296135 0.916672 63.9999 0 0 0 1 
Seq_Frame0132_ForcepToReference-SequenceTransformStatus = OK
Seq_Frame0132_Timestamp = 14.329
Seq_Frame0133_ForcepToReference-SequenceTransform =-0.280534 -0.887566 -0.365414 -101.512 0.923128 -0.353774 0.150593 198.144 -0.262936 -0.295077 0.918583 64.3759 0 0 0 1 
Seq_Frame0133_ForcepToReference-SequenceTransformStatus = OK
Seq_Frame0133_Timestamp = 14.43
Seq_Frame0134_ForcepToReference-SequenceTransform =-0.277335 -0.888898 -0.364617 -101.358 0.924546 -0.350142 0.150381 198.123 -0.261341 -0.295399 0.918934 64.6239 0 0 0 1 
Seq_Frame0134_ForcepToReference-SequenceTransformStatus = OK
Seq_Frame0134_Timestamp = 14.54
Seq_Frame0135_ForcepToReference-SequenceTransform =-0.275073 -0.889145 -0.365726 -101.471 0.924047 -0.349539 0.15479 197.912 -0.265466 -0.295369 0.917761 64.3605 0 0 0 1 
Seq_Frame0135_ForcepToReference-SequenceTransformStatus = OK
Seq_Frame0135_Timestamp = 14.649
Seq_Frame0136_ForcepToReference-SequenceTransform =-0.275238 -0.890587 -0.362075 -101.557 0.926349 -0.346418 0.147893 198.222 -0.257141 -0.294702 0.920342 64.773 0 0 0 1 
Seq_Frame0136_ForcepToReference-SequenceTransformStatus = OK
Seq_Frame0136_Timestamp = 14.75
Seq_Frame0137_ForcepToReference-SequenceTransform =-0.272955 -0.891622 -0.361256 -101.598 0.925802 -0.345529 0.153296 198.128 -0.261506 -0.292609 0.91978 64.5644 0 0 0 1 
Seq_Frame0137_ForcepToReference-SequenceTransformStatus = OK
Seq_Frame0137_Timestamp = 14.854
Seq_Frame0138_ForcepToReference-SequenceTransform =-0.27361 -0.891362 -0.361401 -101.434 0.926657 -0.344983 0.149313 198.563 -0.257769 -0.294041 0.920378 64.9604 0 0 0 1 
Seq_Frame0138_ForcepToReference-SequenceTransformStatus = OK
Seq_Frame0138_Timestamp = 14.954
Seq_Frame0139_ForcepToReference-SequenceTransform =-0.270478 -0.892732 -0.360375 -101.857 0.92602 -0.343629 0.156227 198.373 -0.263305 -0.291459 0.919632 65.0064 0 0 0 1 
Seq_Frame0139_ForcepToReference-SequenceTransformStatus = OK
Seq_Frame0139_Timestamp = 15.055
Seq_Frame0140_ForcepToReference-SequenceTransform =-0.270438 -0.889834 -0.367504 -102.491 0.926821 -0.343927 0.150721 198.323 -0.260511 -0.29985 0.917728 64.7738 0 0 0 1 
Seq_Frame0140_ForcepToReference-SequenceTransformStatus = OK
Seq_Frame0140_Timestamp = 15.168
Seq_Frame0141_ForcepToReference-SequenceTransform =-0.271775 -0.890629 -0.36458 -102.878 0.927476 -0.343476 0.14769 198.374 -0.256762 -0.298001 0.919385 64.2748 0 0 0 1 
Seq_Frame0141_ForcepToReference-SequenceTransformStatus = OK
Seq_Frame0141_Timestamp = 15.274
Seq_Frame0142_ForcepToReference-SequenceTransform =-0.272846 -0.89183 -0.360824 -102.571 0.924663 -0.346648 0.157586 198.544 -0.265618 -0.290644 0.919224 64.8391 0 0 0 1 
Seq_Frame0142_ForcepToReference-SequenceTransformStatus = OK
Seq_Frame0142_Timestamp = 15.385
Seq_Frame0143_ForcepToReference-SequenceTransform =-0.270705 -0.892947 -0.359672 -102.259 0.926723 -0.342862 0.15372 198.593 -0.260582 -0.291703 0.92033 65.4261 0 0 0 1 
Seq_Frame0143_ForcepToReference-SequenceTransformStatus = OK
Seq_Frame0143_Timestamp = 15.489
Seq_Frame0144_ForcepToReference-SequenceTransform =-0.269497 -0.894901 -0.355701 -102.078 0.926254 -0.341945 0.158516 198.371 -0.263487 -0.286749 0.921059 65.1499 0 0 0 1 
Seq_Frame0144_ForcepToReference-SequenceTransformStatus = OK
Seq_Frame0144_Timestamp = 15.589
Seq_Frame0145_ForcepToReference-SequenceTransform =-0.268211 -0.897159 -0.350954 -101.697 0.928209 -0.338177 0.155125 198.238 -0.257857 -0.284153 0.923454 65.0467 0 0 0 1 
Seq_Frame0145_ForcepToReference-SequenceTransformStatus = OK
Seq_Frame0145_Timestamp = 15.693
Seq_Frame0146_ForcepToReference-SequenceTransform =-0.267315 -0.897805 -0.349984 -101.687 0.929366 -0.336173 0.152533 198.263 -0.2546 -0.284489 0.924254 65.2117 0 0 0 1 
Seq_Frame0146_ForcepToReference-SequenceTransformStatus = OK
Seq_Frame0146_Timestamp = 15.793
Seq_Frame0147_ForcepToReference-SequenceTransform =-0.266547 -0.899182 -0.347023 -101.995 0.927982 -0.336696 0.159644 198.096 -0.26039 -0.279479 0.924169 65.1304 0 0 0 1 
Seq_Frame0147_ForcepToReference-SequenceTransformStatus = OK
Seq_Frame0147_Timestamp = 15.899
Seq_Frame0148_ForcepToReference-SequenceTransform =-0.266968 -0.897711 -0.350491 -102.47 0.927916 -0.337644 0.158014 198.038 -0.260192 -0.283041 0.92314 64.8754 0 0 0 1 
Seq_Frame0148_ForcepToReference-SequenceTransformStatus = OK
Seq_Frame0148_Timestamp = 16
Seq_Frame0149_ForcepToReference-SequenceTransform =-0.269462 -0.901399 -0.338924 -104.142 0.929852 -0.335097 0.15194 197.401 -0.250531 -0.274207 0.928463 64.0771 0 0 0 1 
Seq_Frame0149_ForcepToReference-SequenceTransformStatus = OK
Seq_Frame0149_Timestamp = 16.104
