ObjectType = Image
NDims = 3
AnatomicalOrientation = RAI
BinaryData = True
CompressedData = False
DimSize = 0 0 2887
ElementSpacing = 1 1 1
Offset = 0 0 0
TransformMatrix = 1 0 0 0 1 0 0 0 1
ElementType = MET_UCHAR
Kinds = domain domain list
Seq_Frame0000_DriverToReference-SequenceTransform =-0.624925 0.772083 0.115573 34.0255 0.556521 0.336755 0.759526 27.3622 0.547497 0.538965 -0.640127 53.4132 0 0 0 1 
Seq_Frame0000_DriverToReference-SequenceTransformStatus = OK
Seq_Frame0000_Timestamp = 0.00999999
Seq_Frame0001_DriverToReference-SequenceTransform =-0.624925 0.772083 0.115573 34.0255 0.556521 0.336755 0.759526 27.3622 0.547497 0.538965 -0.640127 53.4132 0 0 0 1 
Seq_Frame0001_DriverToReference-SequenceTransformStatus = OK
Seq_Frame0001_Timestamp = 0.113
Seq_Frame0002_DriverToReference-SequenceTransform =-0.624925 0.772083 0.115573 34.0255 0.556521 0.336755 0.759526 27.3622 0.547497 0.538965 -0.640127 53.4132 0 0 0 1 
Seq_Frame0002_DriverToReference-SequenceTransformStatus = OK
Seq_Frame0002_Timestamp = 0.218
Seq_Frame0003_DriverToReference-SequenceTransform =-0.624925 0.772083 0.115573 34.0255 0.556521 0.336755 0.759526 27.3622 0.547497 0.538965 -0.640127 53.4132 0 0 0 1 
Seq_Frame0003_DriverToReference-SequenceTransformStatus = OK
Seq_Frame0003_Timestamp = 0.319
Seq_Frame0004_DriverToReference-SequenceTransform =-0.624925 0.772083 0.115573 34.0255 0.556521 0.336755 0.759526 27.3622 0.547497 0.538965 -0.640127 53.4132 0 0 0 1 
Seq_Frame0004_DriverToReference-SequenceTransformStatus = OK
Seq_Frame0004_Timestamp = 0.429
Seq_Frame0005_DriverToReference-SequenceTransform =-0.624925 0.772083 0.115573 34.0255 0.556521 0.336755 0.759526 27.3622 0.547497 0.538965 -0.640127 53.4132 0 0 0 1 
Seq_Frame0005_DriverToReference-SequenceTransformStatus = OK
Seq_Frame0005_Timestamp = 0.53
Seq_Frame0006_DriverToReference-SequenceTransform =-0.624925 0.772083 0.115573 34.0255 0.556521 0.336755 0.759526 27.3622 0.547497 0.538965 -0.640127 53.4132 0 0 0 1 
Seq_Frame0006_DriverToReference-SequenceTransformStatus = OK
Seq_Frame0006_Timestamp = 0.633
Seq_Frame0007_DriverToReference-SequenceTransform =-0.624925 0.772083 0.115573 34.0255 0.556521 0.336755 0.759526 27.3622 0.547497 0.538965 -0.640127 53.4132 0 0 0 1 
Seq_Frame0007_DriverToReference-SequenceTransformStatus = OK
Seq_Frame0007_Timestamp = 0.734
Seq_Frame0008_DriverToReference-SequenceTransform =-0.624925 0.772083 0.115573 34.0255 0.556521 0.336755 0.759526 27.3622 0.547497 0.538965 -0.640127 53.4132 0 0 0 1 
Seq_Frame0008_DriverToReference-SequenceTransformStatus = OK
Seq_Frame0008_Timestamp = 0.843
Seq_Frame0009_DriverToReference-SequenceTransform =-0.624925 0.772083 0.115573 34.0255 0.556521 0.336755 0.759526 27.3622 0.547497 0.538965 -0.640127 53.4132 0 0 0 1 
Seq_Frame0009_DriverToReference-SequenceTransformStatus = OK
Seq_Frame0009_Timestamp = 0.944
Seq_Frame0010_DriverToReference-SequenceTransform =-0.624925 0.772083 0.115573 34.0255 0.556521 0.336755 0.759526 27.3622 0.547497 0.538965 -0.640127 53.4132 0 0 0 1 
Seq_Frame0010_DriverToReference-SequenceTransformStatus = OK
Seq_Frame0010_Timestamp = 1.044
Seq_Frame0011_DriverToReference-SequenceTransform =-0.624925 0.772083 0.115573 34.0255 0.556521 0.336755 0.759526 27.3622 0.547497 0.538965 -0.640127 53.4132 0 0 0 1 
Seq_Frame0011_DriverToReference-SequenceTransformStatus = OK
Seq_Frame0011_Timestamp = 1.153
Seq_Frame0012_DriverToReference-SequenceTransform =-0.624925 0.772083 0.115573 34.0255 0.556521 0.336755 0.759526 27.3622 0.547497 0.538965 -0.640127 53.4132 0 0 0 1 
Seq_Frame0012_DriverToReference-SequenceTransformStatus = OK
Seq_Frame0012_Timestamp = 1.258
Seq_Frame0013_DriverToReference-SequenceTransform =-0.624925 0.772083 0.115573 34.0255 0.556521 0.336755 0.759526 27.3622 0.547497 0.538965 -0.640127 53.4132 0 0 0 1 
Seq_Frame0013_DriverToReference-SequenceTransformStatus = OK
Seq_Frame0013_Timestamp = 1.359
Seq_Frame0014_DriverToReference-SequenceTransform =-0.624925 0.772083 0.115573 34.0255 0.556521 0.336755 0.759526 27.3622 0.547497 0.538965 -0.640127 53.4132 0 0 0 1 
Seq_Frame0014_DriverToReference-SequenceTransformStatus = OK
Seq_Frame0014_Timestamp = 1.46
Seq_Frame0015_DriverToReference-SequenceTransform =-0.624925 0.772083 0.115573 34.0255 0.556521 0.336755 0.759526 27.3622 0.547497 0.538965 -0.640127 53.4132 0 0 0 1 
Seq_Frame0015_DriverToReference-SequenceTransformStatus = OK
Seq_Frame0015_Timestamp = 1.563
Seq_Frame0016_DriverToReference-SequenceTransform =-0.624925 0.772083 0.115573 34.0255 0.556521 0.336755 0.759526 27.3622 0.547497 0.538965 -0.640127 53.4132 0 0 0 1 
Seq_Frame0016_DriverToReference-SequenceTransformStatus = OK
Seq_Frame0016_Timestamp = 1.668
Seq_Frame0017_DriverToReference-SequenceTransform =-0.624925 0.772083 0.115573 34.0255 0.556521 0.336755 0.759526 27.3622 0.547497 0.538965 -0.640127 53.4132 0 0 0 1 
Seq_Frame0017_DriverToReference-SequenceTransformStatus = OK
Seq_Frame0017_Timestamp = 1.768
Seq_Frame0018_DriverToReference-SequenceTransform =-0.624925 0.772083 0.115573 34.0255 0.556521 0.336755 0.759526 27.3622 0.547497 0.538965 -0.640127 53.4132 0 0 0 1 
Seq_Frame0018_DriverToReference-SequenceTransformStatus = OK
Seq_Frame0018_Timestamp = 1.869
Seq_Frame0019_DriverToReference-SequenceTransform =-0.624925 0.772083 0.115573 34.0255 0.556521 0.336755 0.759526 27.3622 0.547497 0.538965 -0.640127 53.4132 0 0 0 1 
Seq_Frame0019_DriverToReference-SequenceTransformStatus = OK
Seq_Frame0019_Timestamp = 1.974
Seq_Frame0020_DriverToReference-SequenceTransform =-0.624925 0.772083 0.115573 34.0255 0.556521 0.336755 0.759526 27.3622 0.547497 0.538965 -0.640127 53.4132 0 0 0 1 
Seq_Frame0020_DriverToReference-SequenceTransformStatus = OK
Seq_Frame0020_Timestamp = 2.085
Seq_Frame0021_DriverToReference-SequenceTransform =-0.624925 0.772083 0.115573 34.0255 0.556521 0.336755 0.759526 27.3622 0.547497 0.538965 -0.640127 53.4132 0 0 0 1 
Seq_Frame0021_DriverToReference-SequenceTransformStatus = OK
Seq_Frame0021_Timestamp = 2.192
Seq_Frame0022_DriverToReference-SequenceTransform =-0.624925 0.772083 0.115573 34.0255 0.556521 0.336755 0.759526 27.3622 0.547497 0.538965 -0.640127 53.4132 0 0 0 1 
Seq_Frame0022_DriverToReference-SequenceTransformStatus = OK
Seq_Frame0022_Timestamp = 2.293
Seq_Frame0023_DriverToReference-SequenceTransform =-0.624925 0.772083 0.115573 34.0255 0.556521 0.336755 0.759526 27.3622 0.547497 0.538965 -0.640127 53.4132 0 0 0 1 
Seq_Frame0023_DriverToReference-SequenceTransformStatus = OK
Seq_Frame0023_Timestamp = 2.393
Seq_Frame0024_DriverToReference-SequenceTransform =-0.624925 0.772083 0.115573 34.0255 0.556521 0.336755 0.759526 27.3622 0.547497 0.538965 -0.640127 53.4132 0 0 0 1 
Seq_Frame0024_DriverToReference-SequenceTransformStatus = OK
Seq_Frame0024_Timestamp = 2.494
Seq_Frame0025_DriverToReference-SequenceTransform =-0.624925 0.772083 0.115573 34.0255 0.556521 0.336755 0.759526 27.3622 0.547497 0.538965 -0.640127 53.4132 0 0 0 1 
Seq_Frame0025_DriverToReference-SequenceTransformStatus = OK
Seq_Frame0025_Timestamp = 2.603
Seq_Frame0026_DriverToReference-SequenceTransform =-0.624925 0.772083 0.115573 34.0255 0.556521 0.336755 0.759526 27.3622 0.547497 0.538965 -0.640127 53.4132 0 0 0 1 
Seq_Frame0026_DriverToReference-SequenceTransformStatus = OK
Seq_Frame0026_Timestamp = 2.709
Seq_Frame0027_DriverToReference-SequenceTransform =-0.624925 0.772083 0.115573 34.0255 0.556521 0.336755 0.759526 27.3622 0.547497 0.538965 -0.640127 53.4132 0 0 0 1 
Seq_Frame0027_DriverToReference-SequenceTransformStatus = OK
Seq_Frame0027_Timestamp = 2.819
Seq_Frame0028_DriverToReference-SequenceTransform =-0.624925 0.772083 0.115573 34.0255 0.556521 0.336755 0.759526 27.3622 0.547497 0.538965 -0.640127 53.4132 0 0 0 1 
Seq_Frame0028_DriverToReference-SequenceTransformStatus = OK
Seq_Frame0028_Timestamp = 2.919
Seq_Frame0029_DriverToReference-SequenceTransform =-0.624925 0.772083 0.115573 34.0255 0.556521 0.336755 0.759526 27.3622 0.547497 0.538965 -0.640127 53.4132 0 0 0 1 
Seq_Frame0029_DriverToReference-SequenceTransformStatus = OK
Seq_Frame0029_Timestamp = 3.024
Seq_Frame0030_DriverToReference-SequenceTransform =-0.624925 0.772083 0.115573 34.0255 0.556521 0.336755 0.759526 27.3622 0.547497 0.538965 -0.640127 53.4132 0 0 0 1 
Seq_Frame0030_DriverToReference-SequenceTransformStatus = OK
Seq_Frame0030_Timestamp = 3.128
Seq_Frame0031_DriverToReference-SequenceTransform =-0.624925 0.772083 0.115573 34.0255 0.556521 0.336755 0.759526 27.3622 0.547497 0.538965 -0.640127 53.4132 0 0 0 1 
Seq_Frame0031_DriverToReference-SequenceTransformStatus = OK
Seq_Frame0031_Timestamp = 3.229
Seq_Frame0032_DriverToReference-SequenceTransform =-0.624925 0.772083 0.115573 34.0255 0.556521 0.336755 0.759526 27.3622 0.547497 0.538965 -0.640127 53.4132 0 0 0 1 
Seq_Frame0032_DriverToReference-SequenceTransformStatus = OK
Seq_Frame0032_Timestamp = 3.334
Seq_Frame0033_DriverToReference-SequenceTransform =-0.624925 0.772083 0.115573 34.0255 0.556521 0.336755 0.759526 27.3622 0.547497 0.538965 -0.640127 53.4132 0 0 0 1 
Seq_Frame0033_DriverToReference-SequenceTransformStatus = OK
Seq_Frame0033_Timestamp = 3.443
Seq_Frame0034_DriverToReference-SequenceTransform =-0.624925 0.772083 0.115573 34.0255 0.556521 0.336755 0.759526 27.3622 0.547497 0.538965 -0.640127 53.4132 0 0 0 1 
Seq_Frame0034_DriverToReference-SequenceTransformStatus = OK
Seq_Frame0034_Timestamp = 3.554
Seq_Frame0035_DriverToReference-SequenceTransform =-0.624925 0.772083 0.115573 34.0255 0.556521 0.336755 0.759526 27.3622 0.547497 0.538965 -0.640127 53.4132 0 0 0 1 
Seq_Frame0035_DriverToReference-SequenceTransformStatus = OK
Seq_Frame0035_Timestamp = 3.658
Seq_Frame0036_DriverToReference-SequenceTransform =-0.624925 0.772083 0.115573 34.0255 0.556521 0.336755 0.759526 27.3622 0.547497 0.538965 -0.640127 53.4132 0 0 0 1 
Seq_Frame0036_DriverToReference-SequenceTransformStatus = OK
Seq_Frame0036_Timestamp = 3.758
Seq_Frame0037_DriverToReference-SequenceTransform =-0.624925 0.772083 0.115573 34.0255 0.556521 0.336755 0.759526 27.3622 0.547497 0.538965 -0.640127 53.4132 0 0 0 1 
Seq_Frame0037_DriverToReference-SequenceTransformStatus = OK
Seq_Frame0037_Timestamp = 3.863
Seq_Frame0038_DriverToReference-SequenceTransform =-0.624925 0.772083 0.115573 34.0255 0.556521 0.336755 0.759526 27.3622 0.547497 0.538965 -0.640127 53.4132 0 0 0 1 
Seq_Frame0038_DriverToReference-SequenceTransformStatus = OK
Seq_Frame0038_Timestamp = 3.969
Seq_Frame0039_DriverToReference-SequenceTransform =-0.624925 0.772083 0.115573 34.0255 0.556521 0.336755 0.759526 27.3622 0.547497 0.538965 -0.640127 53.4132 0 0 0 1 
Seq_Frame0039_DriverToReference-SequenceTransformStatus = OK
Seq_Frame0039_Timestamp = 4.079
Seq_Frame0040_DriverToReference-SequenceTransform =-0.624925 0.772083 0.115573 34.0255 0.556521 0.336755 0.759526 27.3622 0.547497 0.538965 -0.640127 53.4132 0 0 0 1 
Seq_Frame0040_DriverToReference-SequenceTransformStatus = OK
Seq_Frame0040_Timestamp = 4.188
Seq_Frame0041_DriverToReference-SequenceTransform =-0.624925 0.772083 0.115573 34.0255 0.556521 0.336755 0.759526 27.3622 0.547497 0.538965 -0.640127 53.4132 0 0 0 1 
Seq_Frame0041_DriverToReference-SequenceTransformStatus = OK
Seq_Frame0041_Timestamp = 4.293
Seq_Frame0042_DriverToReference-SequenceTransform =-0.624925 0.772083 0.115573 34.0255 0.556521 0.336755 0.759526 27.3622 0.547497 0.538965 -0.640127 53.4132 0 0 0 1 
Seq_Frame0042_DriverToReference-SequenceTransformStatus = OK
Seq_Frame0042_Timestamp = 4.393
Seq_Frame0043_DriverToReference-SequenceTransform =-0.624925 0.772083 0.115573 34.0255 0.556521 0.336755 0.759526 27.3622 0.547497 0.538965 -0.640127 53.4132 0 0 0 1 
Seq_Frame0043_DriverToReference-SequenceTransformStatus = OK
Seq_Frame0043_Timestamp = 4.494
Seq_Frame0044_DriverToReference-SequenceTransform =-0.624925 0.772083 0.115573 34.0255 0.556521 0.336755 0.759526 27.3622 0.547497 0.538965 -0.640127 53.4132 0 0 0 1 
Seq_Frame0044_DriverToReference-SequenceTransformStatus = OK
Seq_Frame0044_Timestamp = 4.598
Seq_Frame0045_DriverToReference-SequenceTransform =-0.624925 0.772083 0.115573 34.0255 0.556521 0.336755 0.759526 27.3622 0.547497 0.538965 -0.640127 53.4132 0 0 0 1 
Seq_Frame0045_DriverToReference-SequenceTransformStatus = OK
Seq_Frame0045_Timestamp = 4.703
Seq_Frame0046_DriverToReference-SequenceTransform =-0.624925 0.772083 0.115573 34.0255 0.556521 0.336755 0.759526 27.3622 0.547497 0.538965 -0.640127 53.4132 0 0 0 1 
Seq_Frame0046_DriverToReference-SequenceTransformStatus = OK
Seq_Frame0046_Timestamp = 4.813
Seq_Frame0047_DriverToReference-SequenceTransform =-0.624925 0.772083 0.115573 34.0255 0.556521 0.336755 0.759526 27.3622 0.547497 0.538965 -0.640127 53.4132 0 0 0 1 
Seq_Frame0047_DriverToReference-SequenceTransformStatus = OK
Seq_Frame0047_Timestamp = 4.919
Seq_Frame0048_DriverToReference-SequenceTransform =-0.624925 0.772083 0.115573 34.0255 0.556521 0.336755 0.759526 27.3622 0.547497 0.538965 -0.640127 53.4132 0 0 0 1 
Seq_Frame0048_DriverToReference-SequenceTransformStatus = OK
Seq_Frame0048_Timestamp = 5.029
Seq_Frame0049_DriverToReference-SequenceTransform =-0.624925 0.772083 0.115573 34.0255 0.556521 0.336755 0.759526 27.3622 0.547497 0.538965 -0.640127 53.4132 0 0 0 1 
Seq_Frame0049_DriverToReference-SequenceTransformStatus = OK
Seq_Frame0049_Timestamp = 5.134
Seq_Frame0050_DriverToReference-SequenceTransform =-0.624925 0.772083 0.115573 34.0255 0.556521 0.336755 0.759526 27.3622 0.547497 0.538965 -0.640127 53.4132 0 0 0 1 
Seq_Frame0050_DriverToReference-SequenceTransformStatus = OK
Seq_Frame0050_Timestamp = 5.238
Seq_Frame0051_DriverToReference-SequenceTransform =-0.624925 0.772083 0.115573 34.0255 0.556521 0.336755 0.759526 27.3622 0.547497 0.538965 -0.640127 53.4132 0 0 0 1 
Seq_Frame0051_DriverToReference-SequenceTransformStatus = OK
Seq_Frame0051_Timestamp = 5.344
Seq_Frame0052_DriverToReference-SequenceTransform =-0.624925 0.772083 0.115573 34.0255 0.556521 0.336755 0.759526 27.3622 0.547497 0.538965 -0.640127 53.4132 0 0 0 1 
Seq_Frame0052_DriverToReference-SequenceTransformStatus = OK
Seq_Frame0052_Timestamp = 5.449
Seq_Frame0053_DriverToReference-SequenceTransform =-0.624925 0.772083 0.115573 34.0255 0.556521 0.336755 0.759526 27.3622 0.547497 0.538965 -0.640127 53.4132 0 0 0 1 
Seq_Frame0053_DriverToReference-SequenceTransformStatus = OK
Seq_Frame0053_Timestamp = 5.558
Seq_Frame0054_DriverToReference-SequenceTransform =-0.624925 0.772083 0.115573 34.0255 0.556521 0.336755 0.759526 27.3622 0.547497 0.538965 -0.640127 53.4132 0 0 0 1 
Seq_Frame0054_DriverToReference-SequenceTransformStatus = OK
Seq_Frame0054_Timestamp = 5.659
Seq_Frame0055_DriverToReference-SequenceTransform =-0.624925 0.772083 0.115573 34.0255 0.556521 0.336755 0.759526 27.3622 0.547497 0.538965 -0.640127 53.4132 0 0 0 1 
Seq_Frame0055_DriverToReference-SequenceTransformStatus = OK
Seq_Frame0055_Timestamp = 5.767
Seq_Frame0056_DriverToReference-SequenceTransform =-0.624925 0.772083 0.115573 34.0255 0.556521 0.336755 0.759526 27.3622 0.547497 0.538965 -0.640127 53.4132 0 0 0 1 
Seq_Frame0056_DriverToReference-SequenceTransformStatus = OK
Seq_Frame0056_Timestamp = 5.868
Seq_Frame0057_DriverToReference-SequenceTransform =-0.624925 0.772083 0.115573 34.0255 0.556521 0.336755 0.759526 27.3622 0.547497 0.538965 -0.640127 53.4132 0 0 0 1 
Seq_Frame0057_DriverToReference-SequenceTransformStatus = OK
Seq_Frame0057_Timestamp = 5.974
Seq_Frame0058_DriverToReference-SequenceTransform =-0.624925 0.772083 0.115573 34.0255 0.556521 0.336755 0.759526 27.3622 0.547497 0.538965 -0.640127 53.4132 0 0 0 1 
Seq_Frame0058_DriverToReference-SequenceTransformStatus = OK
Seq_Frame0058_Timestamp = 6.074
Seq_Frame0059_DriverToReference-SequenceTransform =-0.624925 0.772083 0.115573 34.0255 0.556521 0.336755 0.759526 27.3622 0.547497 0.538965 -0.640127 53.4132 0 0 0 1 
Seq_Frame0059_DriverToReference-SequenceTransformStatus = OK
Seq_Frame0059_Timestamp = 6.183
Seq_Frame0060_DriverToReference-SequenceTransform =-0.624925 0.772083 0.115573 34.0255 0.556521 0.336755 0.759526 27.3622 0.547497 0.538965 -0.640127 53.4132 0 0 0 1 
Seq_Frame0060_DriverToReference-SequenceTransformStatus = OK
Seq_Frame0060_Timestamp = 6.288
Seq_Frame0061_DriverToReference-SequenceTransform =-0.624925 0.772083 0.115573 34.0255 0.556521 0.336755 0.759526 27.3622 0.547497 0.538965 -0.640127 53.4132 0 0 0 1 
Seq_Frame0061_DriverToReference-SequenceTransformStatus = OK
Seq_Frame0061_Timestamp = 6.393
Seq_Frame0062_DriverToReference-SequenceTransform =-0.624925 0.772083 0.115573 34.0255 0.556521 0.336755 0.759526 27.3622 0.547497 0.538965 -0.640127 53.4132 0 0 0 1 
Seq_Frame0062_DriverToReference-SequenceTransformStatus = OK
Seq_Frame0062_Timestamp = 6.494
Seq_Frame0063_DriverToReference-SequenceTransform =-0.624925 0.772083 0.115573 34.0255 0.556521 0.336755 0.759526 27.3622 0.547497 0.538965 -0.640127 53.4132 0 0 0 1 
Seq_Frame0063_DriverToReference-SequenceTransformStatus = OK
Seq_Frame0063_Timestamp = 6.601
Seq_Frame0064_DriverToReference-SequenceTransform =-0.624925 0.772083 0.115573 34.0255 0.556521 0.336755 0.759526 27.3622 0.547497 0.538965 -0.640127 53.4132 0 0 0 1 
Seq_Frame0064_DriverToReference-SequenceTransformStatus = OK
Seq_Frame0064_Timestamp = 6.705
Seq_Frame0065_DriverToReference-SequenceTransform =-0.624925 0.772083 0.115573 34.0255 0.556521 0.336755 0.759526 27.3622 0.547497 0.538965 -0.640127 53.4132 0 0 0 1 
Seq_Frame0065_DriverToReference-SequenceTransformStatus = OK
Seq_Frame0065_Timestamp = 6.808
Seq_Frame0066_DriverToReference-SequenceTransform =-0.624925 0.772083 0.115573 34.0255 0.556521 0.336755 0.759526 27.3622 0.547497 0.538965 -0.640127 53.4132 0 0 0 1 
Seq_Frame0066_DriverToReference-SequenceTransformStatus = OK
Seq_Frame0066_Timestamp = 6.909
Seq_Frame0067_DriverToReference-SequenceTransform =-0.624925 0.772083 0.115573 34.0255 0.556521 0.336755 0.759526 27.3622 0.547497 0.538965 -0.640127 53.4132 0 0 0 1 
Seq_Frame0067_DriverToReference-SequenceTransformStatus = OK
Seq_Frame0067_Timestamp = 7.019
Seq_Frame0068_DriverToReference-SequenceTransform =-0.624925 0.772083 0.115573 34.0255 0.556521 0.336755 0.759526 27.3622 0.547497 0.538965 -0.640127 53.4132 0 0 0 1 
Seq_Frame0068_DriverToReference-SequenceTransformStatus = OK
Seq_Frame0068_Timestamp = 7.129
Seq_Frame0069_DriverToReference-SequenceTransform =-0.624925 0.772083 0.115573 34.0255 0.556521 0.336755 0.759526 27.3622 0.547497 0.538965 -0.640127 53.4132 0 0 0 1 
Seq_Frame0069_DriverToReference-SequenceTransformStatus = OK
Seq_Frame0069_Timestamp = 7.233
Seq_Frame0070_DriverToReference-SequenceTransform =-0.624925 0.772083 0.115573 34.0255 0.556521 0.336755 0.759526 27.3622 0.547497 0.538965 -0.640127 53.4132 0 0 0 1 
Seq_Frame0070_DriverToReference-SequenceTransformStatus = OK
Seq_Frame0070_Timestamp = 7.333
Seq_Frame0071_DriverToReference-SequenceTransform =-0.624925 0.772083 0.115573 34.0255 0.556521 0.336755 0.759526 27.3622 0.547497 0.538965 -0.640127 53.4132 0 0 0 1 
Seq_Frame0071_DriverToReference-SequenceTransformStatus = OK
Seq_Frame0071_Timestamp = 7.438
Seq_Frame0072_DriverToReference-SequenceTransform =-0.624925 0.772083 0.115573 34.0255 0.556521 0.336755 0.759526 27.3622 0.547497 0.538965 -0.640127 53.4132 0 0 0 1 
Seq_Frame0072_DriverToReference-SequenceTransformStatus = OK
Seq_Frame0072_Timestamp = 7.543
Seq_Frame0073_DriverToReference-SequenceTransform =-0.624925 0.772083 0.115573 34.0255 0.556521 0.336755 0.759526 27.3622 0.547497 0.538965 -0.640127 53.4132 0 0 0 1 
Seq_Frame0073_DriverToReference-SequenceTransformStatus = OK
Seq_Frame0073_Timestamp = 7.643
Seq_Frame0074_DriverToReference-SequenceTransform =-0.624925 0.772083 0.115573 34.0255 0.556521 0.336755 0.759526 27.3622 0.547497 0.538965 -0.640127 53.4132 0 0 0 1 
Seq_Frame0074_DriverToReference-SequenceTransformStatus = OK
Seq_Frame0074_Timestamp = 7.744
Seq_Frame0075_DriverToReference-SequenceTransform =-0.624925 0.772083 0.115573 34.0255 0.556521 0.336755 0.759526 27.3622 0.547497 0.538965 -0.640127 53.4132 0 0 0 1 
Seq_Frame0075_DriverToReference-SequenceTransformStatus = OK
Seq_Frame0075_Timestamp = 7.853
Seq_Frame0076_DriverToReference-SequenceTransform =-0.624925 0.772083 0.115573 34.0255 0.556521 0.336755 0.759526 27.3622 0.547497 0.538965 -0.640127 53.4132 0 0 0 1 
Seq_Frame0076_DriverToReference-SequenceTransformStatus = OK
Seq_Frame0076_Timestamp = 7.958
Seq_Frame0077_DriverToReference-SequenceTransform =-0.624925 0.772083 0.115573 34.0255 0.556521 0.336755 0.759526 27.3622 0.547497 0.538965 -0.640127 53.4132 0 0 0 1 
Seq_Frame0077_DriverToReference-SequenceTransformStatus = OK
Seq_Frame0077_Timestamp = 8.068
Seq_Frame0078_DriverToReference-SequenceTransform =-0.624925 0.772083 0.115573 34.0255 0.556521 0.336755 0.759526 27.3622 0.547497 0.538965 -0.640127 53.4132 0 0 0 1 
Seq_Frame0078_DriverToReference-SequenceTransformStatus = OK
Seq_Frame0078_Timestamp = 8.173
Seq_Frame0079_DriverToReference-SequenceTransform =-0.624925 0.772083 0.115573 34.0255 0.556521 0.336755 0.759526 27.3622 0.547497 0.538965 -0.640127 53.4132 0 0 0 1 
Seq_Frame0079_DriverToReference-SequenceTransformStatus = OK
Seq_Frame0079_Timestamp = 8.284
Seq_Frame0080_DriverToReference-SequenceTransform =-0.624925 0.772083 0.115573 34.0255 0.556521 0.336755 0.759526 27.3622 0.547497 0.538965 -0.640127 53.4132 0 0 0 1 
Seq_Frame0080_DriverToReference-SequenceTransformStatus = OK
Seq_Frame0080_Timestamp = 8.393
Seq_Frame0081_DriverToReference-SequenceTransform =-0.624925 0.772083 0.115573 34.0255 0.556521 0.336755 0.759526 27.3622 0.547497 0.538965 -0.640127 53.4132 0 0 0 1 
Seq_Frame0081_DriverToReference-SequenceTransformStatus = OK
Seq_Frame0081_Timestamp = 8.498
Seq_Frame0082_DriverToReference-SequenceTransform =-0.624925 0.772083 0.115573 34.0255 0.556521 0.336755 0.759526 27.3622 0.547497 0.538965 -0.640127 53.4132 0 0 0 1 
Seq_Frame0082_DriverToReference-SequenceTransformStatus = OK
Seq_Frame0082_Timestamp = 8.601
Seq_Frame0083_DriverToReference-SequenceTransform =-0.624925 0.772083 0.115573 34.0255 0.556521 0.336755 0.759526 27.3622 0.547497 0.538965 -0.640127 53.4132 0 0 0 1 
Seq_Frame0083_DriverToReference-SequenceTransformStatus = OK
Seq_Frame0083_Timestamp = 8.703
Seq_Frame0084_DriverToReference-SequenceTransform =-0.624925 0.772083 0.115573 34.0255 0.556521 0.336755 0.759526 27.3622 0.547497 0.538965 -0.640127 53.4132 0 0 0 1 
Seq_Frame0084_DriverToReference-SequenceTransformStatus = OK
Seq_Frame0084_Timestamp = 8.81
Seq_Frame0085_DriverToReference-SequenceTransform =-0.624925 0.772083 0.115573 34.0255 0.556521 0.336755 0.759526 27.3622 0.547497 0.538965 -0.640127 53.4132 0 0 0 1 
Seq_Frame0085_DriverToReference-SequenceTransformStatus = OK
Seq_Frame0085_Timestamp = 8.917
Seq_Frame0086_DriverToReference-SequenceTransform =-0.624925 0.772083 0.115573 34.0255 0.556521 0.336755 0.759526 27.3622 0.547497 0.538965 -0.640127 53.4132 0 0 0 1 
Seq_Frame0086_DriverToReference-SequenceTransformStatus = OK
Seq_Frame0086_Timestamp = 9.023
Seq_Frame0087_DriverToReference-SequenceTransform =-0.624925 0.772083 0.115573 34.0255 0.556521 0.336755 0.759526 27.3622 0.547497 0.538965 -0.640127 53.4132 0 0 0 1 
Seq_Frame0087_DriverToReference-SequenceTransformStatus = OK
Seq_Frame0087_Timestamp = 9.123
Seq_Frame0088_DriverToReference-SequenceTransform =-0.624925 0.772083 0.115573 34.0255 0.556521 0.336755 0.759526 27.3622 0.547497 0.538965 -0.640127 53.4132 0 0 0 1 
Seq_Frame0088_DriverToReference-SequenceTransformStatus = OK
Seq_Frame0088_Timestamp = 9.233
Seq_Frame0089_DriverToReference-SequenceTransform =-0.624925 0.772083 0.115573 34.0255 0.556521 0.336755 0.759526 27.3622 0.547497 0.538965 -0.640127 53.4132 0 0 0 1 
Seq_Frame0089_DriverToReference-SequenceTransformStatus = OK
Seq_Frame0089_Timestamp = 9.334
Seq_Frame0090_DriverToReference-SequenceTransform =-0.624925 0.772083 0.115573 34.0255 0.556521 0.336755 0.759526 27.3622 0.547497 0.538965 -0.640127 53.4132 0 0 0 1 
Seq_Frame0090_DriverToReference-SequenceTransformStatus = OK
Seq_Frame0090_Timestamp = 9.444
Seq_Frame0091_DriverToReference-SequenceTransform =-0.624925 0.772083 0.115573 34.0255 0.556521 0.336755 0.759526 27.3622 0.547497 0.538965 -0.640127 53.4132 0 0 0 1 
Seq_Frame0091_DriverToReference-SequenceTransformStatus = OK
Seq_Frame0091_Timestamp = 9.554
Seq_Frame0092_DriverToReference-SequenceTransform =-0.624925 0.772083 0.115573 34.0255 0.556521 0.336755 0.759526 27.3622 0.547497 0.538965 -0.640127 53.4132 0 0 0 1 
Seq_Frame0092_DriverToReference-SequenceTransformStatus = OK
Seq_Frame0092_Timestamp = 9.658
Seq_Frame0093_DriverToReference-SequenceTransform =-0.624925 0.772083 0.115573 34.0255 0.556521 0.336755 0.759526 27.3622 0.547497 0.538965 -0.640127 53.4132 0 0 0 1 
Seq_Frame0093_DriverToReference-SequenceTransformStatus = OK
Seq_Frame0093_Timestamp = 9.76
Seq_Frame0094_DriverToReference-SequenceTransform =-0.624925 0.772083 0.115573 34.0255 0.556521 0.336755 0.759526 27.3622 0.547497 0.538965 -0.640127 53.4132 0 0 0 1 
Seq_Frame0094_DriverToReference-SequenceTransformStatus = OK
Seq_Frame0094_Timestamp = 9.868
Seq_Frame0095_DriverToReference-SequenceTransform =-0.624925 0.772083 0.115573 34.0255 0.556521 0.336755 0.759526 27.3622 0.547497 0.538965 -0.640127 53.4132 0 0 0 1 
Seq_Frame0095_DriverToReference-SequenceTransformStatus = OK
Seq_Frame0095_Timestamp = 9.974
Seq_Frame0096_DriverToReference-SequenceTransform =-0.624925 0.772083 0.115573 34.0255 0.556521 0.336755 0.759526 27.3622 0.547497 0.538965 -0.640127 53.4132 0 0 0 1 
Seq_Frame0096_DriverToReference-SequenceTransformStatus = OK
Seq_Frame0096_Timestamp = 10.074
Seq_Frame0097_DriverToReference-SequenceTransform =-0.624925 0.772083 0.115573 34.0255 0.556521 0.336755 0.759526 27.3622 0.547497 0.538965 -0.640127 53.4132 0 0 0 1 
Seq_Frame0097_DriverToReference-SequenceTransformStatus = OK
Seq_Frame0097_Timestamp = 10.179
Seq_Frame0098_DriverToReference-SequenceTransform =-0.624925 0.772083 0.115573 34.0255 0.556521 0.336755 0.759526 27.3622 0.547497 0.538965 -0.640127 53.4132 0 0 0 1 
Seq_Frame0098_DriverToReference-SequenceTransformStatus = OK
Seq_Frame0098_Timestamp = 10.283
Seq_Frame0099_DriverToReference-SequenceTransform =-0.624925 0.772083 0.115573 34.0255 0.556521 0.336755 0.759526 27.3622 0.547497 0.538965 -0.640127 53.4132 0 0 0 1 
Seq_Frame0099_DriverToReference-SequenceTransformStatus = OK
Seq_Frame0099_Timestamp = 10.383
Seq_Frame0100_DriverToReference-SequenceTransform =-0.624925 0.772083 0.115573 34.0255 0.556521 0.336755 0.759526 27.3622 0.547497 0.538965 -0.640127 53.4132 0 0 0 1 
Seq_Frame0100_DriverToReference-SequenceTransformStatus = OK
Seq_Frame0100_Timestamp = 10.484
Seq_Frame0101_DriverToReference-SequenceTransform =-0.624925 0.772083 0.115573 34.0255 0.556521 0.336755 0.759526 27.3622 0.547497 0.538965 -0.640127 53.4132 0 0 0 1 
Seq_Frame0101_DriverToReference-SequenceTransformStatus = OK
Seq_Frame0101_Timestamp = 10.593
Seq_Frame0102_DriverToReference-SequenceTransform =-0.624925 0.772083 0.115573 34.0255 0.556521 0.336755 0.759526 27.3622 0.547497 0.538965 -0.640127 53.4132 0 0 0 1 
Seq_Frame0102_DriverToReference-SequenceTransformStatus = OK
Seq_Frame0102_Timestamp = 10.694
Seq_Frame0103_DriverToReference-SequenceTransform =-0.624925 0.772083 0.115573 34.0255 0.556521 0.336755 0.759526 27.3622 0.547497 0.538965 -0.640127 53.4132 0 0 0 1 
Seq_Frame0103_DriverToReference-SequenceTransformStatus = OK
Seq_Frame0103_Timestamp = 10.799
Seq_Frame0104_DriverToReference-SequenceTransform =-0.624925 0.772083 0.115573 34.0255 0.556521 0.336755 0.759526 27.3622 0.547497 0.538965 -0.640127 53.4132 0 0 0 1 
Seq_Frame0104_DriverToReference-SequenceTransformStatus = OK
Seq_Frame0104_Timestamp = 10.903
Seq_Frame0105_DriverToReference-SequenceTransform =-0.624925 0.772083 0.115573 34.0255 0.556521 0.336755 0.759526 27.3622 0.547497 0.538965 -0.640127 53.4132 0 0 0 1 
Seq_Frame0105_DriverToReference-SequenceTransformStatus = OK
Seq_Frame0105_Timestamp = 11.014
Seq_Frame0106_DriverToReference-SequenceTransform =-0.624925 0.772083 0.115573 34.0255 0.556521 0.336755 0.759526 27.3622 0.547497 0.538965 -0.640127 53.4132 0 0 0 1 
Seq_Frame0106_DriverToReference-SequenceTransformStatus = OK
Seq_Frame0106_Timestamp = 11.119
Seq_Frame0107_DriverToReference-SequenceTransform =-0.624925 0.772083 0.115573 34.0255 0.556521 0.336755 0.759526 27.3622 0.547497 0.538965 -0.640127 53.4132 0 0 0 1 
Seq_Frame0107_DriverToReference-SequenceTransformStatus = OK
Seq_Frame0107_Timestamp = 11.228
Seq_Frame0108_DriverToReference-SequenceTransform =-0.624925 0.772083 0.115573 34.0255 0.556521 0.336755 0.759526 27.3622 0.547497 0.538965 -0.640127 53.4132 0 0 0 1 
Seq_Frame0108_DriverToReference-SequenceTransformStatus = OK
Seq_Frame0108_Timestamp = 11.333
Seq_Frame0109_DriverToReference-SequenceTransform =-0.624925 0.772083 0.115573 34.0255 0.556521 0.336755 0.759526 27.3622 0.547497 0.538965 -0.640127 53.4132 0 0 0 1 
Seq_Frame0109_DriverToReference-SequenceTransformStatus = OK
Seq_Frame0109_Timestamp = 11.443
Seq_Frame0110_DriverToReference-SequenceTransform =-0.624925 0.772083 0.115573 34.0255 0.556521 0.336755 0.759526 27.3622 0.547497 0.538965 -0.640127 53.4132 0 0 0 1 
Seq_Frame0110_DriverToReference-SequenceTransformStatus = OK
Seq_Frame0110_Timestamp = 11.548
Seq_Frame0111_DriverToReference-SequenceTransform =-0.624925 0.772083 0.115573 34.0255 0.556521 0.336755 0.759526 27.3622 0.547497 0.538965 -0.640127 53.4132 0 0 0 1 
Seq_Frame0111_DriverToReference-SequenceTransformStatus = OK
Seq_Frame0111_Timestamp = 11.65
Seq_Frame0112_DriverToReference-SequenceTransform =-0.624925 0.772083 0.115573 34.0255 0.556521 0.336755 0.759526 27.3622 0.547497 0.538965 -0.640127 53.4132 0 0 0 1 
Seq_Frame0112_DriverToReference-SequenceTransformStatus = OK
Seq_Frame0112_Timestamp = 11.753
Seq_Frame0113_DriverToReference-SequenceTransform =-0.624925 0.772083 0.115573 34.0255 0.556521 0.336755 0.759526 27.3622 0.547497 0.538965 -0.640127 53.4132 0 0 0 1 
Seq_Frame0113_DriverToReference-SequenceTransformStatus = OK
Seq_Frame0113_Timestamp = 11.859
Seq_Frame0114_DriverToReference-SequenceTransform =-0.624925 0.772083 0.115573 34.0255 0.556521 0.336755 0.759526 27.3622 0.547497 0.538965 -0.640127 53.4132 0 0 0 1 
Seq_Frame0114_DriverToReference-SequenceTransformStatus = OK
Seq_Frame0114_Timestamp = 11.964
Seq_Frame0115_DriverToReference-SequenceTransform =-0.624925 0.772083 0.115573 34.0255 0.556521 0.336755 0.759526 27.3622 0.547497 0.538965 -0.640127 53.4132 0 0 0 1 
Seq_Frame0115_DriverToReference-SequenceTransformStatus = OK
Seq_Frame0115_Timestamp = 12.064
Seq_Frame0116_DriverToReference-SequenceTransform =-0.624925 0.772083 0.115573 34.0255 0.556521 0.336755 0.759526 27.3622 0.547497 0.538965 -0.640127 53.4132 0 0 0 1 
Seq_Frame0116_DriverToReference-SequenceTransformStatus = OK
Seq_Frame0116_Timestamp = 12.173
Seq_Frame0117_DriverToReference-SequenceTransform =-0.624925 0.772083 0.115573 34.0255 0.556521 0.336755 0.759526 27.3622 0.547497 0.538965 -0.640127 53.4132 0 0 0 1 
Seq_Frame0117_DriverToReference-SequenceTransformStatus = OK
Seq_Frame0117_Timestamp = 12.274
Seq_Frame0118_DriverToReference-SequenceTransform =-0.624925 0.772083 0.115573 34.0255 0.556521 0.336755 0.759526 27.3622 0.547497 0.538965 -0.640127 53.4132 0 0 0 1 
Seq_Frame0118_DriverToReference-SequenceTransformStatus = OK
Seq_Frame0118_Timestamp = 12.379
Seq_Frame0119_DriverToReference-SequenceTransform =-0.624925 0.772083 0.115573 34.0255 0.556521 0.336755 0.759526 27.3622 0.547497 0.538965 -0.640127 53.4132 0 0 0 1 
Seq_Frame0119_DriverToReference-SequenceTransformStatus = OK
Seq_Frame0119_Timestamp = 12.483
Seq_Frame0120_DriverToReference-SequenceTransform =-0.624925 0.772083 0.115573 34.0255 0.556521 0.336755 0.759526 27.3622 0.547497 0.538965 -0.640127 53.4132 0 0 0 1 
Seq_Frame0120_DriverToReference-SequenceTransformStatus = OK
Seq_Frame0120_Timestamp = 12.584
Seq_Frame0121_DriverToReference-SequenceTransform =-0.624925 0.772083 0.115573 34.0255 0.556521 0.336755 0.759526 27.3622 0.547497 0.538965 -0.640127 53.4132 0 0 0 1 
Seq_Frame0121_DriverToReference-SequenceTransformStatus = OK
Seq_Frame0121_Timestamp = 12.694
Seq_Frame0122_DriverToReference-SequenceTransform =-0.624925 0.772083 0.115573 34.0255 0.556521 0.336755 0.759526 27.3622 0.547497 0.538965 -0.640127 53.4132 0 0 0 1 
Seq_Frame0122_DriverToReference-SequenceTransformStatus = OK
Seq_Frame0122_Timestamp = 12.804
Seq_Frame0123_DriverToReference-SequenceTransform =-0.624925 0.772083 0.115573 34.0255 0.556521 0.336755 0.759526 27.3622 0.547497 0.538965 -0.640127 53.4132 0 0 0 1 
Seq_Frame0123_DriverToReference-SequenceTransformStatus = OK
Seq_Frame0123_Timestamp = 12.908
Seq_Frame0124_DriverToReference-SequenceTransform =-0.624925 0.772083 0.115573 34.0255 0.556521 0.336755 0.759526 27.3622 0.547497 0.538965 -0.640127 53.4132 0 0 0 1 
Seq_Frame0124_DriverToReference-SequenceTransformStatus = OK
Seq_Frame0124_Timestamp = 13.018
Seq_Frame0125_DriverToReference-SequenceTransform =-0.624925 0.772083 0.115573 34.0255 0.556521 0.336755 0.759526 27.3622 0.547497 0.538965 -0.640127 53.4132 0 0 0 1 
Seq_Frame0125_DriverToReference-SequenceTransformStatus = OK
Seq_Frame0125_Timestamp = 13.123
Seq_Frame0126_DriverToReference-SequenceTransform =-0.624925 0.772083 0.115573 34.0255 0.556521 0.336755 0.759526 27.3622 0.547497 0.538965 -0.640127 53.4132 0 0 0 1 
Seq_Frame0126_DriverToReference-SequenceTransformStatus = OK
Seq_Frame0126_Timestamp = 13.233
Seq_Frame0127_DriverToReference-SequenceTransform =-0.624925 0.772083 0.115573 34.0255 0.556521 0.336755 0.759526 27.3622 0.547497 0.538965 -0.640127 53.4132 0 0 0 1 
Seq_Frame0127_DriverToReference-SequenceTransformStatus = OK
Seq_Frame0127_Timestamp = 13.339
Seq_Frame0128_DriverToReference-SequenceTransform =-0.624925 0.772083 0.115573 34.0255 0.556521 0.336755 0.759526 27.3622 0.547497 0.538965 -0.640127 53.4132 0 0 0 1 
Seq_Frame0128_DriverToReference-SequenceTransformStatus = OK
Seq_Frame0128_Timestamp = 13.448
Seq_Frame0129_DriverToReference-SequenceTransform =-0.624925 0.772083 0.115573 34.0255 0.556521 0.336755 0.759526 27.3622 0.547497 0.538965 -0.640127 53.4132 0 0 0 1 
Seq_Frame0129_DriverToReference-SequenceTransformStatus = OK
Seq_Frame0129_Timestamp = 13.549
Seq_Frame0130_DriverToReference-SequenceTransform =-0.624925 0.772083 0.115573 34.0255 0.556521 0.336755 0.759526 27.3622 0.547497 0.538965 -0.640127 53.4132 0 0 0 1 
Seq_Frame0130_DriverToReference-SequenceTransformStatus = OK
Seq_Frame0130_Timestamp = 13.649
Seq_Frame0131_DriverToReference-SequenceTransform =-0.292879 -0.708447 -0.642125 47.954 -0.908735 -0.00261282 0.417365 113.57 -0.297359 0.705759 -0.643026 132.253 0 0 0 1 
Seq_Frame0131_DriverToReference-SequenceTransformStatus = OK
Seq_Frame0131_Timestamp = 13.759
Seq_Frame0132_DriverToReference-SequenceTransform =-0.271398 -0.718147 -0.640787 44.891 -0.898997 -0.0486183 0.435248 117.8 -0.343726 0.694191 -0.632417 131.317 0 0 0 1 
Seq_Frame0132_DriverToReference-SequenceTransformStatus = OK
Seq_Frame0132_Timestamp = 13.859
Seq_Frame0133_DriverToReference-SequenceTransform =-0.253017 -0.729403 -0.635573 44.8475 -0.903929 -0.0559111 0.424013 121.447 -0.344812 0.681795 -0.645182 131.033 0 0 0 1 
Seq_Frame0133_DriverToReference-SequenceTransformStatus = OK
Seq_Frame0133_Timestamp = 13.967
Seq_Frame0134_DriverToReference-SequenceTransform =-0.27773 -0.712445 -0.644428 44.437 -0.878898 -0.0823705 0.469844 122.436 -0.38782 0.696876 -0.60329 130.535 0 0 0 1 
Seq_Frame0134_DriverToReference-SequenceTransformStatus = OK
Seq_Frame0134_Timestamp = 14.076
Seq_Frame0135_DriverToReference-SequenceTransform =-0.232613 -0.733871 -0.63822 52.821 -0.907461 -0.0722911 0.41387 124.477 -0.349865 0.675431 -0.649144 126.795 0 0 0 1 
Seq_Frame0135_DriverToReference-SequenceTransformStatus = OK
Seq_Frame0135_Timestamp = 14.179
Seq_Frame0136_DriverToReference-SequenceTransform =-0.237939 -0.708133 -0.66478 62.6265 -0.903404 -0.0900169 0.419235 126.813 -0.356716 0.700317 -0.618312 124.566 0 0 0 1 
Seq_Frame0136_DriverToReference-SequenceTransformStatus = OK
Seq_Frame0136_Timestamp = 14.283
Seq_Frame0137_DriverToReference-SequenceTransform =-0.236922 -0.600792 -0.76349 72.6814 -0.938639 -0.0611956 0.339428 129.141 -0.250648 0.79706 -0.549429 113.257 0 0 0 1 
Seq_Frame0137_DriverToReference-SequenceTransformStatus = OK
Seq_Frame0137_Timestamp = 14.383
Seq_Frame0138_DriverToReference-SequenceTransform =-0.190408 -0.595338 -0.780588 74.9286 -0.964831 -0.033306 0.260752 129.758 -0.181234 0.802785 -0.568059 108.909 0 0 0 1 
Seq_Frame0138_DriverToReference-SequenceTransformStatus = OK
Seq_Frame0138_Timestamp = 14.484
Seq_Frame0139_DriverToReference-SequenceTransform =-0.190408 -0.595338 -0.780588 74.9286 -0.964831 -0.033306 0.260752 129.758 -0.181234 0.802785 -0.568059 108.909 0 0 0 1 
Seq_Frame0139_DriverToReference-SequenceTransformStatus = OK
Seq_Frame0139_Timestamp = 14.585
Seq_Frame0140_DriverToReference-SequenceTransform =-0.190408 -0.595338 -0.780588 74.9286 -0.964831 -0.033306 0.260752 129.758 -0.181234 0.802785 -0.568059 108.909 0 0 0 1 
Seq_Frame0140_DriverToReference-SequenceTransformStatus = OK
Seq_Frame0140_Timestamp = 14.694
Seq_Frame0141_DriverToReference-SequenceTransform =-0.190408 -0.595338 -0.780588 74.9286 -0.964831 -0.033306 0.260752 129.758 -0.181234 0.802785 -0.568059 108.909 0 0 0 1 
Seq_Frame0141_DriverToReference-SequenceTransformStatus = OK
Seq_Frame0141_Timestamp = 14.798
Seq_Frame0142_DriverToReference-SequenceTransform =-0.190408 -0.595338 -0.780588 74.9286 -0.964831 -0.033306 0.260752 129.758 -0.181234 0.802785 -0.568059 108.909 0 0 0 1 
Seq_Frame0142_DriverToReference-SequenceTransformStatus = OK
Seq_Frame0142_Timestamp = 14.899
Seq_Frame0143_DriverToReference-SequenceTransform =-0.190408 -0.595338 -0.780588 74.9286 -0.964831 -0.033306 0.260752 129.758 -0.181234 0.802785 -0.568059 108.909 0 0 0 1 
Seq_Frame0143_DriverToReference-SequenceTransformStatus = OK
Seq_Frame0143_Timestamp = 15.003
Seq_Frame0144_DriverToReference-SequenceTransform =-0.190408 -0.595338 -0.780588 74.9286 -0.964831 -0.033306 0.260752 129.758 -0.181234 0.802785 -0.568059 108.909 0 0 0 1 
Seq_Frame0144_DriverToReference-SequenceTransformStatus = OK
Seq_Frame0144_Timestamp = 15.108
Seq_Frame0145_DriverToReference-SequenceTransform =-0.190408 -0.595338 -0.780588 74.9286 -0.964831 -0.033306 0.260752 129.758 -0.181234 0.802785 -0.568059 108.909 0 0 0 1 
Seq_Frame0145_DriverToReference-SequenceTransformStatus = OK
Seq_Frame0145_Timestamp = 15.208
Seq_Frame0146_DriverToReference-SequenceTransform =-0.190408 -0.595338 -0.780588 74.9286 -0.964831 -0.033306 0.260752 129.758 -0.181234 0.802785 -0.568059 108.909 0 0 0 1 
Seq_Frame0146_DriverToReference-SequenceTransformStatus = OK
Seq_Frame0146_Timestamp = 15.319
Seq_Frame0147_DriverToReference-SequenceTransform =-0.190408 -0.595338 -0.780588 74.9286 -0.964831 -0.033306 0.260752 129.758 -0.181234 0.802785 -0.568059 108.909 0 0 0 1 
Seq_Frame0147_DriverToReference-SequenceTransformStatus = OK
Seq_Frame0147_Timestamp = 15.419
Seq_Frame0148_DriverToReference-SequenceTransform =-0.190408 -0.595338 -0.780588 74.9286 -0.964831 -0.033306 0.260752 129.758 -0.181234 0.802785 -0.568059 108.909 0 0 0 1 
Seq_Frame0148_DriverToReference-SequenceTransformStatus = OK
Seq_Frame0148_Timestamp = 15.523
Seq_Frame0149_DriverToReference-SequenceTransform =-0.190408 -0.595338 -0.780588 74.9286 -0.964831 -0.033306 0.260752 129.758 -0.181234 0.802785 -0.568059 108.909 0 0 0 1 
Seq_Frame0149_DriverToReference-SequenceTransformStatus = OK
Seq_Frame0149_Timestamp = 15.623
Seq_Frame0150_DriverToReference-SequenceTransform =-0.190408 -0.595338 -0.780588 74.9286 -0.964831 -0.033306 0.260752 129.758 -0.181234 0.802785 -0.568059 108.909 0 0 0 1 
Seq_Frame0150_DriverToReference-SequenceTransformStatus = OK
Seq_Frame0150_Timestamp = 15.733
Seq_Frame0151_DriverToReference-SequenceTransform =-0.190408 -0.595338 -0.780588 74.9286 -0.964831 -0.033306 0.260752 129.758 -0.181234 0.802785 -0.568059 108.909 0 0 0 1 
Seq_Frame0151_DriverToReference-SequenceTransformStatus = OK
Seq_Frame0151_Timestamp = 15.833
