ObjectType = Image
NDims = 3
AnatomicalOrientation = RAI
BinaryData = True
CompressedData = False
DimSize = 0 0 2887
ElementSpacing = 1 1 1
Offset = 0 0 0
TransformMatrix = 1 0 0 0 1 0 0 0 1
ElementType = MET_UCHAR
Kinds = domain domain list
Seq_Frame0000_ForcepToReference-SequenceTransform =0.447963 0.844784 -0.292693 147.193 0.894043 -0.424738 0.142426 24.3656 -0.00399842 -0.325481 -0.94554 35.9199 0 0 0 1 
Seq_Frame0000_ForcepToReference-SequenceTransformStatus = OK
Seq_Frame0000_Timestamp = 0.00999999
Seq_Frame0001_ForcepToReference-SequenceTransform =0.448723 0.844782 -0.291534 147.202 0.893663 -0.425527 0.142453 24.3931 -0.00371415 -0.324455 -0.945894 35.9001 0 0 0 1 
Seq_Frame0001_ForcepToReference-SequenceTransformStatus = OK
Seq_Frame0001_Timestamp = 0.113
Seq_Frame0002_ForcepToReference-SequenceTransform =0.4477 0.844746 -0.293205 147.202 0.894172 -0.424636 0.141917 24.3581 -0.00462181 -0.325712 -0.945458 35.977 0 0 0 1 
Seq_Frame0002_ForcepToReference-SequenceTransformStatus = OK
Seq_Frame0002_Timestamp = 0.218
Seq_Frame0003_ForcepToReference-SequenceTransform =0.44861 0.844595 -0.292248 147.203 0.893721 -0.425171 0.14315 24.4251 -0.00335132 -0.325407 -0.945568 35.8748 0 0 0 1 
Seq_Frame0003_ForcepToReference-SequenceTransformStatus = OK
Seq_Frame0003_Timestamp = 0.319
Seq_Frame0004_ForcepToReference-SequenceTransform =0.447981 0.844793 -0.292639 147.207 0.89403 -0.42508 0.141483 24.475 -0.00487067 -0.325009 -0.945698 35.8264 0 0 0 1 
Seq_Frame0004_ForcepToReference-SequenceTransformStatus = OK
Seq_Frame0004_Timestamp = 0.429
Seq_Frame0005_ForcepToReference-SequenceTransform =0.447417 0.844798 -0.293486 147.191 0.894312 -0.424411 0.141707 24.3963 -0.00484443 -0.32587 -0.945402 35.9464 0 0 0 1 
Seq_Frame0005_ForcepToReference-SequenceTransformStatus = OK
Seq_Frame0005_Timestamp = 0.53
Seq_Frame0006_ForcepToReference-SequenceTransform =0.448097 0.844666 -0.292828 147.203 0.893977 -0.424774 0.142734 24.3918 -0.00382291 -0.32574 -0.945452 35.8589 0 0 0 1 
Seq_Frame0006_ForcepToReference-SequenceTransformStatus = OK
Seq_Frame0006_Timestamp = 0.633
Seq_Frame0007_ForcepToReference-SequenceTransform =0.447584 0.844743 -0.293389 147.198 0.894231 -0.42441 0.14222 24.4045 -0.00437743 -0.326013 -0.945355 35.936 0 0 0 1 
Seq_Frame0007_ForcepToReference-SequenceTransformStatus = OK
Seq_Frame0007_Timestamp = 0.734
Seq_Frame0008_ForcepToReference-SequenceTransform =0.448061 0.844801 -0.292496 147.196 0.893993 -0.424956 0.142088 24.4322 -0.00426189 -0.325153 -0.945652 35.8346 0 0 0 1 
Seq_Frame0008_ForcepToReference-SequenceTransformStatus = OK
Seq_Frame0008_Timestamp = 0.843
Seq_Frame0009_ForcepToReference-SequenceTransform =0.447498 0.84453 -0.294134 147.203 0.894273 -0.424314 0.142247 24.4175 -0.00467343 -0.326691 -0.94512 36.0151 0 0 0 1 
Seq_Frame0009_ForcepToReference-SequenceTransformStatus = OK
Seq_Frame0009_Timestamp = 0.944
Seq_Frame0010_ForcepToReference-SequenceTransform =0.447512 0.844885 -0.293092 147.193 0.894264 -0.424628 0.14136 24.393 -0.00502193 -0.325362 -0.945576 35.9471 0 0 0 1 
Seq_Frame0010_ForcepToReference-SequenceTransformStatus = OK
Seq_Frame0010_Timestamp = 1.044
Seq_Frame0011_ForcepToReference-SequenceTransform =0.448808 0.844635 -0.291828 147.197 0.893622 -0.425399 0.143092 24.4431 -0.0032832 -0.325004 -0.945707 35.8608 0 0 0 1 
Seq_Frame0011_ForcepToReference-SequenceTransformStatus = OK
Seq_Frame0011_Timestamp = 1.153
Seq_Frame0012_ForcepToReference-SequenceTransform =0.447772 0.844661 -0.293341 147.208 0.894134 -0.424825 0.141592 24.3728 -0.0050212 -0.325687 -0.945464 35.951 0 0 0 1 
Seq_Frame0012_ForcepToReference-SequenceTransformStatus = OK
Seq_Frame0012_Timestamp = 1.258
Seq_Frame0013_ForcepToReference-SequenceTransform =0.448052 0.844759 -0.29263 147.191 0.893998 -0.42489 0.142253 24.3409 -0.00416646 -0.325347 -0.945586 35.9856 0 0 0 1 
Seq_Frame0013_ForcepToReference-SequenceTransformStatus = OK
Seq_Frame0013_Timestamp = 1.359
Seq_Frame0014_ForcepToReference-SequenceTransform =0.449308 0.844718 -0.290817 147.197 0.893373 -0.425844 0.143327 24.3468 -0.00277229 -0.324206 -0.945983 35.9537 0 0 0 1 
Seq_Frame0014_ForcepToReference-SequenceTransformStatus = OK
Seq_Frame0014_Timestamp = 1.46
Seq_Frame0015_ForcepToReference-SequenceTransform =0.449046 0.844856 -0.290819 147.192 0.893501 -0.425946 0.142218 24.4137 -0.00371936 -0.32371 -0.946149 35.8684 0 0 0 1 
Seq_Frame0015_ForcepToReference-SequenceTransformStatus = OK
Seq_Frame0015_Timestamp = 1.563
Seq_Frame0016_ForcepToReference-SequenceTransform =0.448132 0.84483 -0.292302 147.194 0.893958 -0.425009 0.14215 24.3037 -0.00413852 -0.325008 -0.945702 35.9993 0 0 0 1 
Seq_Frame0016_ForcepToReference-SequenceTransformStatus = OK
Seq_Frame0016_Timestamp = 1.668
Seq_Frame0017_ForcepToReference-SequenceTransform =0.447446 0.844844 -0.293309 147.187 0.894297 -0.424486 0.141575 24.375 -0.00489685 -0.325653 -0.945477 35.8663 0 0 0 1 
Seq_Frame0017_ForcepToReference-SequenceTransformStatus = OK
Seq_Frame0017_Timestamp = 1.768
Seq_Frame0018_ForcepToReference-SequenceTransform =0.448927 0.844645 -0.291614 147.203 0.893564 -0.425399 0.143457 24.3409 -0.00288243 -0.324978 -0.945717 35.9058 0 0 0 1 
Seq_Frame0018_ForcepToReference-SequenceTransformStatus = OK
Seq_Frame0018_Timestamp = 1.869
Seq_Frame0019_ForcepToReference-SequenceTransform =0.448797 0.844891 -0.291101 147.189 0.893626 -0.425628 0.142384 24.3528 -0.00360214 -0.324037 -0.946038 35.9453 0 0 0 1 
Seq_Frame0019_ForcepToReference-SequenceTransformStatus = OK
Seq_Frame0019_Timestamp = 1.974
Seq_Frame0020_ForcepToReference-SequenceTransform =0.448224 0.844853 -0.292094 147.193 0.893913 -0.425066 0.142266 24.3196 -0.00396583 -0.324874 -0.945749 35.9586 0 0 0 1 
Seq_Frame0020_ForcepToReference-SequenceTransformStatus = OK
Seq_Frame0020_Timestamp = 2.085
Seq_Frame0021_ForcepToReference-SequenceTransform =0.447789 0.844888 -0.292658 147.192 0.89413 -0.424619 0.142234 24.3849 -0.00409593 -0.325365 -0.94558 35.8968 0 0 0 1 
Seq_Frame0021_ForcepToReference-SequenceTransformStatus = OK
Seq_Frame0021_Timestamp = 2.192
Seq_Frame0022_ForcepToReference-SequenceTransform =0.447296 0.844661 -0.294066 147.192 0.89438 -0.423651 0.143541 24.3464 -0.00333742 -0.327212 -0.944945 35.9124 0 0 0 1 
Seq_Frame0022_ForcepToReference-SequenceTransformStatus = OK
Seq_Frame0022_Timestamp = 2.293
Seq_Frame0023_ForcepToReference-SequenceTransform =0.447168 0.844977 -0.29335 147.191 0.894439 -0.424026 0.142058 24.3826 -0.00435262 -0.325907 -0.945392 35.8651 0 0 0 1 
Seq_Frame0023_ForcepToReference-SequenceTransformStatus = OK
Seq_Frame0023_Timestamp = 2.393
Seq_Frame0024_ForcepToReference-SequenceTransform =0.4479 0.845037 -0.29206 147.196 0.894075 -0.424798 0.142048 24.3611 -0.00403035 -0.324746 -0.945793 35.9233 0 0 0 1 
Seq_Frame0024_ForcepToReference-SequenceTransformStatus = OK
Seq_Frame0024_Timestamp = 2.494
Seq_Frame0025_ForcepToReference-SequenceTransform =0.448364 0.844762 -0.292142 147.182 0.893845 -0.424994 0.142906 24.3406 -0.00343695 -0.325204 -0.945638 35.9313 0 0 0 1 
Seq_Frame0025_ForcepToReference-SequenceTransformStatus = OK
Seq_Frame0025_Timestamp = 2.603
Seq_Frame0026_ForcepToReference-SequenceTransform =0.448822 0.844746 -0.291484 147.185 0.893614 -0.425549 0.142693 24.2954 -0.00350121 -0.324518 -0.945873 35.9733 0 0 0 1 
Seq_Frame0026_ForcepToReference-SequenceTransformStatus = OK
Seq_Frame0026_Timestamp = 2.709
Seq_Frame0027_ForcepToReference-SequenceTransform =0.447868 0.844723 -0.293015 147.188 0.89409 -0.424657 0.14237 24.3696 -0.00416786 -0.325745 -0.945448 35.8977 0 0 0 1 
Seq_Frame0027_ForcepToReference-SequenceTransformStatus = OK
Seq_Frame0027_Timestamp = 2.819
Seq_Frame0028_ForcepToReference-SequenceTransform =0.448974 0.844837 -0.290986 147.185 0.89354 -0.425609 0.14298 24.3582 -0.00305142 -0.324202 -0.945983 35.9546 0 0 0 1 
Seq_Frame0028_ForcepToReference-SequenceTransformStatus = OK
Seq_Frame0028_Timestamp = 2.919
Seq_Frame0029_ForcepToReference-SequenceTransform =0.448456 0.844601 -0.292467 147.2 0.8938 -0.424899 0.143468 24.3123 -0.00309561 -0.325746 -0.945452 35.9388 0 0 0 1 
Seq_Frame0029_ForcepToReference-SequenceTransformStatus = OK
Seq_Frame0029_Timestamp = 3.024
Seq_Frame0030_ForcepToReference-SequenceTransform =0.447912 0.844696 -0.293024 147.183 0.89407 -0.42456 0.142787 24.3723 -0.0037942 -0.32594 -0.945383 35.9153 0 0 0 1 
Seq_Frame0030_ForcepToReference-SequenceTransformStatus = OK
Seq_Frame0030_Timestamp = 3.128
Seq_Frame0031_ForcepToReference-SequenceTransform =0.448086 0.844714 -0.292708 147.193 0.893983 -0.424735 0.14281 24.3668 -0.00368969 -0.325667 -0.945477 35.9547 0 0 0 1 
Seq_Frame0031_ForcepToReference-SequenceTransformStatus = OK
Seq_Frame0031_Timestamp = 3.229
Seq_Frame0032_ForcepToReference-SequenceTransform =0.448913 0.844742 -0.291357 147.188 0.89357 -0.42551 0.143084 24.3358 -0.00310678 -0.32458 -0.945853 35.934 0 0 0 1 
Seq_Frame0032_ForcepToReference-SequenceTransformStatus = OK
Seq_Frame0032_Timestamp = 3.334
Seq_Frame0033_ForcepToReference-SequenceTransform =0.448999 0.844849 -0.290914 147.191 0.893526 -0.425753 0.142637 24.3539 -0.00335112 -0.323983 -0.946057 35.8986 0 0 0 1 
Seq_Frame0033_ForcepToReference-SequenceTransformStatus = OK
Seq_Frame0033_Timestamp = 3.443
Seq_Frame0034_ForcepToReference-SequenceTransform =0.448417 0.844808 -0.291929 147.191 0.893818 -0.4251 0.142758 24.3611 -0.00349574 -0.324946 -0.945726 35.9442 0 0 0 1 
Seq_Frame0034_ForcepToReference-SequenceTransformStatus = OK
Seq_Frame0034_Timestamp = 3.554
Seq_Frame0035_ForcepToReference-SequenceTransform =0.448749 0.844693 -0.29175 147.201 0.893654 -0.425154 0.143622 24.322 -0.00272212 -0.325174 -0.94565 35.9249 0 0 0 1 
Seq_Frame0035_ForcepToReference-SequenceTransformStatus = OK
Seq_Frame0035_Timestamp = 3.658
Seq_Frame0036_ForcepToReference-SequenceTransform =0.447254 0.844789 -0.293761 147.198 0.894396 -0.424053 0.142248 24.3331 -0.00440096 -0.32636 -0.945235 35.9892 0 0 0 1 
Seq_Frame0036_ForcepToReference-SequenceTransformStatus = OK
Seq_Frame0036_Timestamp = 3.758
Seq_Frame0037_ForcepToReference-SequenceTransform =0.447875 0.844828 -0.2927 147.2 0.894087 -0.424655 0.142393 24.3179 -0.00399939 -0.325474 -0.945543 35.9678 0 0 0 1 
Seq_Frame0037_ForcepToReference-SequenceTransformStatus = OK
Seq_Frame0037_Timestamp = 3.863
Seq_Frame0038_ForcepToReference-SequenceTransform =0.448595 0.84474 -0.291851 147.194 0.893728 -0.425305 0.142711 24.3446 -0.00357203 -0.324854 -0.945757 35.9135 0 0 0 1 
Seq_Frame0038_ForcepToReference-SequenceTransformStatus = OK
Seq_Frame0038_Timestamp = 3.969
Seq_Frame0039_ForcepToReference-SequenceTransform =0.448289 0.844741 -0.292317 147.205 0.893881 -0.425 0.14266 24.3111 -0.00372425 -0.325249 -0.945621 35.9658 0 0 0 1 
Seq_Frame0039_ForcepToReference-SequenceTransformStatus = OK
Seq_Frame0039_Timestamp = 4.079
Seq_Frame0040_ForcepToReference-SequenceTransform =0.445066 0.845181 -0.295949 147.185 0.895436 -0.423926 0.135948 24.9724 -0.0105598 -0.325509 -0.94548 35.5553 0 0 0 1 
Seq_Frame0040_ForcepToReference-SequenceTransformStatus = OK
Seq_Frame0040_Timestamp = 4.188
Seq_Frame0041_ForcepToReference-SequenceTransform =0.449006 0.844905 -0.290738 147.197 0.893521 -0.425932 0.142135 24.4293 -0.00374454 -0.3236 -0.946186 35.915 0 0 0 1 
Seq_Frame0041_ForcepToReference-SequenceTransformStatus = OK
Seq_Frame0041_Timestamp = 4.293
Seq_Frame0042_ForcepToReference-SequenceTransform =0.447639 0.844682 -0.293481 147.206 0.894204 -0.42439 0.142449 24.3403 -0.00422679 -0.326198 -0.945292 35.9642 0 0 0 1 
Seq_Frame0042_ForcepToReference-SequenceTransformStatus = OK
Seq_Frame0042_Timestamp = 4.393
Seq_Frame0043_ForcepToReference-SequenceTransform =0.447422 0.844768 -0.293564 147.2 0.89431 -0.424411 0.141723 24.3975 -0.00486889 -0.325947 -0.945375 35.8945 0 0 0 1 
Seq_Frame0043_ForcepToReference-SequenceTransformStatus = OK
Seq_Frame0043_Timestamp = 4.494
Seq_Frame0044_ForcepToReference-SequenceTransform =0.448181 0.844789 -0.292344 147.192 0.893933 -0.425038 0.142216 24.3687 -0.00411528 -0.325075 -0.945679 35.9169 0 0 0 1 
Seq_Frame0044_ForcepToReference-SequenceTransformStatus = OK
Seq_Frame0044_Timestamp = 4.598
Seq_Frame0045_ForcepToReference-SequenceTransform =0.44843 0.844715 -0.292177 147.19 0.89381 -0.425132 0.142708 24.3744 -0.00366593 -0.325145 -0.945657 35.8906 0 0 0 1 
Seq_Frame0045_ForcepToReference-SequenceTransformStatus = OK
Seq_Frame0045_Timestamp = 4.703
Seq_Frame0046_ForcepToReference-SequenceTransform =0.447695 0.844598 -0.293638 147.194 0.894179 -0.424224 0.143103 24.3288 -0.00370384 -0.326631 -0.945145 35.938 0 0 0 1 
Seq_Frame0046_ForcepToReference-SequenceTransformStatus = OK
Seq_Frame0046_Timestamp = 4.813
Seq_Frame0047_ForcepToReference-SequenceTransform =0.449394 0.844104 -0.292461 147.211 0.893334 -0.424443 0.147658 24.0366 0.000505528 -0.327622 -0.944809 36.1512 0 0 0 1 
Seq_Frame0047_ForcepToReference-SequenceTransformStatus = OK
Seq_Frame0047_Timestamp = 4.919
Seq_Frame0048_ForcepToReference-SequenceTransform =0.44863 0.845063 -0.29086 147.159 0.893707 -0.425808 0.141336 24.5033 -0.00441315 -0.323351 -0.946269 35.8358 0 0 0 1 
Seq_Frame0048_ForcepToReference-SequenceTransformStatus = OK
Seq_Frame0048_Timestamp = 5.029
Seq_Frame0049_ForcepToReference-SequenceTransform =0.448445 0.844638 -0.292376 147.178 0.893806 -0.424805 0.143706 24.3383 -0.00282274 -0.325772 -0.945444 35.9733 0 0 0 1 
Seq_Frame0049_ForcepToReference-SequenceTransformStatus = OK
Seq_Frame0049_Timestamp = 5.134
Seq_Frame0050_ForcepToReference-SequenceTransform =0.449701 0.843924 -0.292508 147.278 0.893178 -0.424507 0.148413 23.916 0.00107791 -0.328003 -0.944676 36.19 0 0 0 1 
Seq_Frame0050_ForcepToReference-SequenceTransformStatus = OK
Seq_Frame0050_Timestamp = 5.238
Seq_Frame0051_ForcepToReference-SequenceTransform =0.449149 0.844494 -0.29171 147.215 0.893456 -0.425064 0.145113 24.184 -0.00144856 -0.325808 -0.945435 36.0378 0 0 0 1 
Seq_Frame0051_ForcepToReference-SequenceTransformStatus = OK
Seq_Frame0051_Timestamp = 5.344
Seq_Frame0052_ForcepToReference-SequenceTransform =0.448604 0.844431 -0.292731 147.193 0.89373 -0.424116 0.146189 24.1075 -0.000705004 -0.327203 -0.944954 36.0727 0 0 0 1 
Seq_Frame0052_ForcepToReference-SequenceTransformStatus = OK
Seq_Frame0052_Timestamp = 5.449
Seq_Frame0053_ForcepToReference-SequenceTransform =0.448843 0.844531 -0.292073 147.191 0.89361 -0.424581 0.145575 24.1048 -0.00106609 -0.32634 -0.945252 36.0699 0 0 0 1 
Seq_Frame0053_ForcepToReference-SequenceTransformStatus = OK
Seq_Frame0053_Timestamp = 5.558
Seq_Frame0054_ForcepToReference-SequenceTransform =0.449383 0.844776 -0.290533 147.194 0.893336 -0.425781 0.143739 24.2012 -0.00227558 -0.324137 -0.946007 35.9615 0 0 0 1 
Seq_Frame0054_ForcepToReference-SequenceTransformStatus = OK
Seq_Frame0054_Timestamp = 5.659
Seq_Frame0055_ForcepToReference-SequenceTransform =0.44907 0.84491 -0.290624 147.19 0.893493 -0.425515 0.14355 24.2136 -0.00237753 -0.324134 -0.946008 35.9772 0 0 0 1 
Seq_Frame0055_ForcepToReference-SequenceTransformStatus = OK
Seq_Frame0055_Timestamp = 5.767
Seq_Frame0056_ForcepToReference-SequenceTransform =0.44819 0.844869 -0.292099 147.179 0.893932 -0.42479 0.142962 24.3003 -0.00329654 -0.325191 -0.945643 35.9178 0 0 0 1 
Seq_Frame0056_ForcepToReference-SequenceTransformStatus = OK
Seq_Frame0056_Timestamp = 5.868
Seq_Frame0057_ForcepToReference-SequenceTransform =0.449356 0.845074 -0.289706 147.182 0.893349 -0.426024 0.14294 24.28 -0.00262669 -0.32304 -0.946382 35.9667 0 0 0 1 
Seq_Frame0057_ForcepToReference-SequenceTransformStatus = OK
Seq_Frame0057_Timestamp = 5.974
Seq_Frame0058_ForcepToReference-SequenceTransform =0.448834 0.844783 -0.291357 147.179 0.893612 -0.425213 0.143707 24.3668 -0.00248752 -0.324861 -0.945758 35.897 0 0 0 1 
Seq_Frame0058_ForcepToReference-SequenceTransformStatus = OK
Seq_Frame0058_Timestamp = 6.074
Seq_Frame0059_ForcepToReference-SequenceTransform =0.448445 0.844984 -0.291373 147.178 0.893804 -0.425137 0.142732 24.317 -0.00326738 -0.324438 -0.945901 35.9381 0 0 0 1 
Seq_Frame0059_ForcepToReference-SequenceTransformStatus = OK
Seq_Frame0059_Timestamp = 6.183
Seq_Frame0060_ForcepToReference-SequenceTransform =0.448151 0.84507 -0.291579 147.159 0.893949 -0.425104 0.141921 24.4481 -0.00401779 -0.324259 -0.94596 35.8891 0 0 0 1 
Seq_Frame0060_ForcepToReference-SequenceTransformStatus = OK
Seq_Frame0060_Timestamp = 6.288
Seq_Frame0061_ForcepToReference-SequenceTransform =0.448076 0.845089 -0.291638 147.166 0.893988 -0.424937 0.142178 24.4515 -0.00377497 -0.324427 -0.945903 35.8674 0 0 0 1 
Seq_Frame0061_ForcepToReference-SequenceTransformStatus = OK
Seq_Frame0061_Timestamp = 6.393
Seq_Frame0062_ForcepToReference-SequenceTransform =0.448035 0.84514 -0.291551 147.146 0.894006 -0.425052 0.141717 24.4158 -0.00415326 -0.324143 -0.945999 35.9123 0 0 0 1 
Seq_Frame0062_ForcepToReference-SequenceTransformStatus = OK
Seq_Frame0062_Timestamp = 6.494
Seq_Frame0063_ForcepToReference-SequenceTransform =0.447424 0.845317 -0.291977 147.127 0.894305 -0.424886 0.140318 24.5482 -0.00544323 -0.323898 -0.946076 35.8067 0 0 0 1 
Seq_Frame0063_ForcepToReference-SequenceTransformStatus = OK
Seq_Frame0063_Timestamp = 6.601
Seq_Frame0064_ForcepToReference-SequenceTransform =0.449178 0.844876 -0.290558 147.178 0.89344 -0.425564 0.143739 24.3572 -0.00220969 -0.32416 -0.946 35.9025 0 0 0 1 
Seq_Frame0064_ForcepToReference-SequenceTransformStatus = OK
Seq_Frame0064_Timestamp = 6.705
Seq_Frame0065_ForcepToReference-SequenceTransform =0.448548 0.845136 -0.290776 147.15 0.893753 -0.425347 0.142431 24.3483 -0.00330728 -0.323769 -0.94613 35.9761 0 0 0 1 
Seq_Frame0065_ForcepToReference-SequenceTransformStatus = OK
Seq_Frame0065_Timestamp = 6.808
Seq_Frame0066_ForcepToReference-SequenceTransform =0.447982 0.845062 -0.29186 147.155 0.894034 -0.42488 0.14206 24.4256 -0.00395614 -0.324573 -0.945853 35.8959 0 0 0 1 
Seq_Frame0066_ForcepToReference-SequenceTransformStatus = OK
Seq_Frame0066_Timestamp = 6.909
Seq_Frame0067_ForcepToReference-SequenceTransform =0.448094 0.845079 -0.291639 147.151 0.893978 -0.425001 0.142047 24.3877 -0.003906 -0.324369 -0.945923 35.8699 0 0 0 1 
Seq_Frame0067_ForcepToReference-SequenceTransformStatus = OK
Seq_Frame0067_Timestamp = 7.019
Seq_Frame0068_ForcepToReference-SequenceTransform =0.447557 0.845338 -0.291714 147.139 0.894239 -0.425047 0.140257 24.4786 -0.0054278 -0.323635 -0.946166 35.8572 0 0 0 1 
Seq_Frame0068_ForcepToReference-SequenceTransformStatus = OK
Seq_Frame0068_Timestamp = 7.129
Seq_Frame0069_ForcepToReference-SequenceTransform =0.447638 0.845223 -0.291923 147.149 0.894203 -0.424816 0.141185 24.4619 -0.00468062 -0.324238 -0.945964 35.8816 0 0 0 1 
Seq_Frame0069_ForcepToReference-SequenceTransformStatus = OK
Seq_Frame0069_Timestamp = 7.233
Seq_Frame0070_ForcepToReference-SequenceTransform =0.448287 0.845189 -0.291022 147.141 0.893879 -0.425461 0.141292 24.5044 -0.00439975 -0.323478 -0.946225 35.8349 0 0 0 1 
Seq_Frame0070_ForcepToReference-SequenceTransformStatus = OK
Seq_Frame0070_Timestamp = 7.333
Seq_Frame0071_ForcepToReference-SequenceTransform =0.448056 0.845479 -0.290536 147.139 0.893988 -0.425772 0.139655 24.6014 -0.00562684 -0.322308 -0.946618 35.804 0 0 0 1 
Seq_Frame0071_ForcepToReference-SequenceTransformStatus = OK
Seq_Frame0071_Timestamp = 7.438
Seq_Frame0072_ForcepToReference-SequenceTransform =0.44708 0.845331 -0.292463 147.126 0.894475 -0.424639 0.139989 24.5621 -0.00585463 -0.324187 -0.945975 35.8387 0 0 0 1 
Seq_Frame0072_ForcepToReference-SequenceTransformStatus = OK
Seq_Frame0072_Timestamp = 7.543
Seq_Frame0073_ForcepToReference-SequenceTransform =0.447327 0.845307 -0.292155 147.15 0.894355 -0.424687 0.140604 24.5005 -0.00522151 -0.324186 -0.945979 35.8207 0 0 0 1 
Seq_Frame0073_ForcepToReference-SequenceTransformStatus = OK
Seq_Frame0073_Timestamp = 7.643
Seq_Frame0074_ForcepToReference-SequenceTransform =0.447738 0.845087 -0.292162 147.162 0.894154 -0.424763 0.141653 24.4207 -0.00439096 -0.324661 -0.94582 35.8757 0 0 0 1 
Seq_Frame0074_ForcepToReference-SequenceTransformStatus = OK
Seq_Frame0074_Timestamp = 7.744
Seq_Frame0075_ForcepToReference-SequenceTransform =0.44783 0.845179 -0.291754 147.153 0.894108 -0.424903 0.141521 24.4407 -0.00435686 -0.324237 -0.945966 35.9223 0 0 0 1 
Seq_Frame0075_ForcepToReference-SequenceTransformStatus = OK
Seq_Frame0075_Timestamp = 7.853
Seq_Frame0076_ForcepToReference-SequenceTransform =0.447281 0.845261 -0.292359 147.157 0.894377 -0.424656 0.140558 24.4381 -0.00534397 -0.324348 -0.945923 35.8782 0 0 0 1 
Seq_Frame0076_ForcepToReference-SequenceTransformStatus = OK
Seq_Frame0076_Timestamp = 7.958
Seq_Frame0077_ForcepToReference-SequenceTransform =0.447867 0.845121 -0.291865 147.159 0.894089 -0.424952 0.141496 24.454 -0.00444744 -0.324324 -0.945935 35.8684 0 0 0 1 
Seq_Frame0077_ForcepToReference-SequenceTransformStatus = OK
Seq_Frame0077_Timestamp = 8.068
Seq_Frame0078_ForcepToReference-SequenceTransform =0.447692 0.845188 -0.291939 147.181 0.894174 -0.424985 0.14086 24.5189 -0.0050167 -0.324106 -0.946008 35.8194 0 0 0 1 
Seq_Frame0078_ForcepToReference-SequenceTransformStatus = OK
Seq_Frame0078_Timestamp = 8.173
Seq_Frame0079_ForcepToReference-SequenceTransform =0.448642 0.84486 -0.291431 147.202 0.893706 -0.425232 0.143061 24.3523 -0.00305931 -0.324637 -0.945834 35.9139 0 0 0 1 
Seq_Frame0079_ForcepToReference-SequenceTransformStatus = OK
Seq_Frame0079_Timestamp = 8.284
Seq_Frame0080_ForcepToReference-SequenceTransform =0.45122 0.843914 -0.29019 147.222 0.892406 -0.425455 0.15033 23.7722 0.00340267 -0.3268 -0.945088 36.3307 0 0 0 1 
Seq_Frame0080_ForcepToReference-SequenceTransformStatus = OK
Seq_Frame0080_Timestamp = 8.393
Seq_Frame0081_ForcepToReference-SequenceTransform =0.45018 0.843665 -0.292517 147.268 0.892934 -0.4244 0.150178 23.7865 0.00255598 -0.328806 -0.944394 36.2942 0 0 0 1 
Seq_Frame0081_ForcepToReference-SequenceTransformStatus = OK
Seq_Frame0081_Timestamp = 8.498
Seq_Frame0082_ForcepToReference-SequenceTransform =0.449089 0.843783 -0.293851 147.289 0.893486 -0.423557 0.149275 23.7547 0.00149249 -0.32959 -0.944123 36.3139 0 0 0 1 
Seq_Frame0082_ForcepToReference-SequenceTransformStatus = OK
Seq_Frame0082_Timestamp = 8.601
Seq_Frame0083_ForcepToReference-SequenceTransform =0.450475 0.843486 -0.292581 147.306 0.892782 -0.424296 0.151372 23.6371 0.00353913 -0.3294 -0.944184 36.3543 0 0 0 1 
Seq_Frame0083_ForcepToReference-SequenceTransformStatus = OK
Seq_Frame0083_Timestamp = 8.703
Seq_Frame0084_ForcepToReference-SequenceTransform =0.450704 0.843404 -0.292465 147.31 0.892665 -0.424442 0.151649 23.6354 0.00376678 -0.329422 -0.944175 36.3476 0 0 0 1 
Seq_Frame0084_ForcepToReference-SequenceTransformStatus = OK
Seq_Frame0084_Timestamp = 8.81
Seq_Frame0085_ForcepToReference-SequenceTransform =0.449855 0.8435 -0.293493 147.311 0.893098 -0.42393 0.15053 23.6964 0.00255178 -0.329835 -0.944035 36.3262 0 0 0 1 
Seq_Frame0085_ForcepToReference-SequenceTransformStatus = OK
Seq_Frame0085_Timestamp = 8.917
Seq_Frame0086_ForcepToReference-SequenceTransform =0.447275 0.845464 -0.29178 147.127 0.894361 -0.42569 0.1375 24.8438 -0.00795634 -0.322457 -0.946551 35.6271 0 0 0 1 
Seq_Frame0086_ForcepToReference-SequenceTransformStatus = OK
Seq_Frame0086_Timestamp = 9.023
Seq_Frame0087_ForcepToReference-SequenceTransform =0.446316 0.84634 -0.290706 146.981 0.894816 -0.425829 0.134068 25.1483 -0.0103235 -0.319965 -0.947373 35.6003 0 0 0 1 
Seq_Frame0087_ForcepToReference-SequenceTransformStatus = OK
Seq_Frame0087_Timestamp = 9.123
Seq_Frame0088_ForcepToReference-SequenceTransform =0.447783 0.844517 -0.293737 147.201 0.894139 -0.423885 0.144352 24.2209 -0.00260318 -0.327279 -0.944924 36.0263 0 0 0 1 
Seq_Frame0088_ForcepToReference-SequenceTransformStatus = OK
Seq_Frame0088_Timestamp = 9.233
Seq_Frame0089_ForcepToReference-SequenceTransform =0.449518 0.844111 -0.292251 147.217 0.89327 -0.424159 0.148857 23.8252 0.00169113 -0.327973 -0.944686 36.2901 0 0 0 1 
Seq_Frame0089_ForcepToReference-SequenceTransformStatus = OK
Seq_Frame0089_Timestamp = 9.334
Seq_Frame0090_ForcepToReference-SequenceTransform =0.451215 0.844252 -0.289211 147.212 0.892409 -0.425627 0.149826 23.7328 0.00339518 -0.325698 -0.945468 36.369 0 0 0 1 
Seq_Frame0090_ForcepToReference-SequenceTransformStatus = OK
Seq_Frame0090_Timestamp = 9.444
Seq_Frame0091_ForcepToReference-SequenceTransform =0.449875 0.844063 -0.291839 147.209 0.893087 -0.424101 0.150116 23.7356 0.00293792 -0.328171 -0.944614 36.3367 0 0 0 1 
Seq_Frame0091_ForcepToReference-SequenceTransformStatus = OK
Seq_Frame0091_Timestamp = 9.554
Seq_Frame0092_ForcepToReference-SequenceTransform =0.450013 0.84409 -0.291549 147.201 0.893018 -0.424309 0.149938 23.7848 0.00285466 -0.327833 -0.944732 36.3701 0 0 0 1 
Seq_Frame0092_ForcepToReference-SequenceTransformStatus = OK
Seq_Frame0092_Timestamp = 9.658
Seq_Frame0093_ForcepToReference-SequenceTransform =0.450481 0.844193 -0.290523 147.203 0.892782 -0.424999 0.149387 23.9004 0.0026395 -0.32667 -0.945135 36.2969 0 0 0 1 
Seq_Frame0093_ForcepToReference-SequenceTransformStatus = OK
Seq_Frame0093_Timestamp = 9.76
Seq_Frame0094_ForcepToReference-SequenceTransform =0.448977 0.844275 -0.292606 147.198 0.893543 -0.423874 0.148028 23.9268 0.000948152 -0.327917 -0.944706 36.25 0 0 0 1 
Seq_Frame0094_ForcepToReference-SequenceTransformStatus = OK
Seq_Frame0094_Timestamp = 9.868
Seq_Frame0095_ForcepToReference-SequenceTransform =0.449543 0.84437 -0.291463 147.2 0.893258 -0.424709 0.147351 24.0396 0.000631709 -0.326592 -0.945165 36.1987 0 0 0 1 
Seq_Frame0095_ForcepToReference-SequenceTransformStatus = OK
Seq_Frame0095_Timestamp = 9.974
Seq_Frame0096_ForcepToReference-SequenceTransform =0.448837 0.844608 -0.291861 147.204 0.893613 -0.424614 0.145461 24.1025 -0.00107052 -0.326099 -0.945335 36.1263 0 0 0 1 
Seq_Frame0096_ForcepToReference-SequenceTransformStatus = OK
Seq_Frame0096_Timestamp = 10.074
Seq_Frame0097_ForcepToReference-SequenceTransform =0.448585 0.844532 -0.292468 147.193 0.893739 -0.424488 0.145056 24.1929 -0.00164495 -0.326459 -0.94521 36.0547 0 0 0 1 
Seq_Frame0097_ForcepToReference-SequenceTransformStatus = OK
Seq_Frame0097_Timestamp = 10.179
Seq_Frame0098_ForcepToReference-SequenceTransform =0.448303 0.844625 -0.292631 147.2 0.89388 -0.424337 0.144628 24.2321 -0.00201771 -0.326414 -0.945225 36.002 0 0 0 1 
Seq_Frame0098_ForcepToReference-SequenceTransformStatus = OK
Seq_Frame0098_Timestamp = 10.283
Seq_Frame0099_ForcepToReference-SequenceTransform =0.447796 0.844738 -0.29308 147.195 0.894132 -0.424027 0.143979 24.2074 -0.00264879 -0.326525 -0.945185 36.0403 0 0 0 1 
Seq_Frame0099_ForcepToReference-SequenceTransformStatus = OK
Seq_Frame0099_Timestamp = 10.383
Seq_Frame0100_ForcepToReference-SequenceTransform =0.448322 0.844727 -0.292308 147.203 0.893869 -0.424602 0.143916 24.2339 -0.002545 -0.325806 -0.945433 35.9767 0 0 0 1 
Seq_Frame0100_ForcepToReference-SequenceTransformStatus = OK
Seq_Frame0100_Timestamp = 10.484
Seq_Frame0101_ForcepToReference-SequenceTransform =0.449075 0.844541 -0.291689 147.201 0.893494 -0.424783 0.1457 24.1782 -0.000854849 -0.326052 -0.945351 36.0221 0 0 0 1 
Seq_Frame0101_ForcepToReference-SequenceTransformStatus = OK
Seq_Frame0101_Timestamp = 10.593
Seq_Frame0102_ForcepToReference-SequenceTransform =0.447957 0.844738 -0.292836 147.194 0.894051 -0.424282 0.143729 24.1948 -0.00283133 -0.326195 -0.945298 36.0006 0 0 0 1 
Seq_Frame0102_ForcepToReference-SequenceTransformStatus = OK
Seq_Frame0102_Timestamp = 10.694
Seq_Frame0103_ForcepToReference-SequenceTransform =0.449451 0.844595 -0.290952 147.194 0.893305 -0.425257 0.145475 24.1696 -0.000862007 -0.325293 -0.945613 36.0843 0 0 0 1 
Seq_Frame0103_ForcepToReference-SequenceTransformStatus = OK
Seq_Frame0103_Timestamp = 10.799
Seq_Frame0104_ForcepToReference-SequenceTransform =0.449231 0.844785 -0.290739 147.198 0.893414 -0.425366 0.144482 24.2025 -0.00161414 -0.324657 -0.945831 36.0309 0 0 0 1 
Seq_Frame0104_ForcepToReference-SequenceTransformStatus = OK
Seq_Frame0104_Timestamp = 10.903
Seq_Frame0105_ForcepToReference-SequenceTransform =0.44772 0.844733 -0.29321 147.194 0.894168 -0.424143 0.143408 24.259 -0.00322141 -0.326386 -0.945231 36.0012 0 0 0 1 
Seq_Frame0105_ForcepToReference-SequenceTransformStatus = OK
Seq_Frame0105_Timestamp = 11.014
Seq_Frame0106_ForcepToReference-SequenceTransform =0.448449 0.844833 -0.291807 147.2 0.893804 -0.424935 0.143334 24.3041 -0.00290579 -0.325096 -0.945676 36.0033 0 0 0 1 
Seq_Frame0106_ForcepToReference-SequenceTransformStatus = OK
Seq_Frame0106_Timestamp = 11.119
Seq_Frame0107_ForcepToReference-SequenceTransform =0.448775 0.844875 -0.291182 147.191 0.893642 -0.425112 0.14382 24.265 -0.00227515 -0.324755 -0.945795 36.0188 0 0 0 1 
Seq_Frame0107_ForcepToReference-SequenceTransformStatus = OK
Seq_Frame0107_Timestamp = 11.228
Seq_Frame0108_ForcepToReference-SequenceTransform =0.447478 0.844623 -0.293897 147.189 0.894291 -0.423657 0.144079 24.2756 -0.00281883 -0.327302 -0.944916 36.01 0 0 0 1 
Seq_Frame0108_ForcepToReference-SequenceTransformStatus = OK
Seq_Frame0108_Timestamp = 11.333
Seq_Frame0109_ForcepToReference-SequenceTransform =0.448713 0.844641 -0.291954 147.191 0.893674 -0.424632 0.145028 24.223 -0.00147655 -0.325988 -0.945373 36.0268 0 0 0 1 
Seq_Frame0109_ForcepToReference-SequenceTransformStatus = OK
Seq_Frame0109_Timestamp = 11.443
Seq_Frame0110_ForcepToReference-SequenceTransform =0.448163 0.844741 -0.29251 147.19 0.893949 -0.424351 0.144161 24.2032 -0.00234795 -0.326097 -0.945333 36.0776 0 0 0 1 
Seq_Frame0110_ForcepToReference-SequenceTransformStatus = OK
Seq_Frame0110_Timestamp = 11.548
Seq_Frame0111_ForcepToReference-SequenceTransform =0.448705 0.844832 -0.291416 147.185 0.893678 -0.424852 0.144365 24.1939 -0.00184466 -0.325209 -0.94564 36.0868 0 0 0 1 
Seq_Frame0111_ForcepToReference-SequenceTransformStatus = OK
Seq_Frame0111_Timestamp = 11.65
Seq_Frame0112_ForcepToReference-SequenceTransform =0.448044 0.844697 -0.292822 147.188 0.894008 -0.42421 0.144204 24.2195 -0.00240973 -0.326394 -0.945231 36.005 0 0 0 1 
Seq_Frame0112_ForcepToReference-SequenceTransformStatus = OK
Seq_Frame0112_Timestamp = 11.753
Seq_Frame0113_ForcepToReference-SequenceTransform =0.449558 0.844665 -0.290584 147.188 0.893251 -0.425429 0.145304 24.1563 -0.000889567 -0.324887 -0.945752 36.0108 0 0 0 1 
Seq_Frame0113_ForcepToReference-SequenceTransformStatus = OK
Seq_Frame0113_Timestamp = 11.859
Seq_Frame0114_ForcepToReference-SequenceTransform =0.449407 0.844673 -0.290793 147.196 0.893326 -0.425378 0.144989 24.0287 -0.00122853 -0.324932 -0.945737 36.0876 0 0 0 1 
Seq_Frame0114_ForcepToReference-SequenceTransformStatus = OK
Seq_Frame0114_Timestamp = 11.964
Seq_Frame0115_ForcepToReference-SequenceTransform =0.448069 0.844754 -0.292619 147.195 0.893993 -0.424574 0.143225 24.3203 -0.00324894 -0.325774 -0.945442 35.927 0 0 0 1 
Seq_Frame0115_ForcepToReference-SequenceTransformStatus = OK
Seq_Frame0115_Timestamp = 12.064
Seq_Frame0116_ForcepToReference-SequenceTransform =0.44737 0.845076 -0.292758 147.171 0.894332 -0.42475 0.140565 24.6416 -0.00556062 -0.324707 -0.945798 35.7477 0 0 0 1 
Seq_Frame0116_ForcepToReference-SequenceTransformStatus = OK
Seq_Frame0116_Timestamp = 12.173
Seq_Frame0117_ForcepToReference-SequenceTransform =0.448211 0.845429 -0.290444 147.123 0.893914 -0.425679 0.140408 24.6438 -0.0049311 -0.322564 -0.946535 35.7657 0 0 0 1 
Seq_Frame0117_ForcepToReference-SequenceTransformStatus = OK
Seq_Frame0117_Timestamp = 12.274
Seq_Frame0118_ForcepToReference-SequenceTransform =0.446447 0.84575 -0.292219 147.058 0.894779 -0.424694 0.137863 24.7759 -0.00750569 -0.32302 -0.946362 35.764 0 0 0 1 
Seq_Frame0118_ForcepToReference-SequenceTransformStatus = OK
Seq_Frame0118_Timestamp = 12.379
Seq_Frame0119_ForcepToReference-SequenceTransform =0.448122 0.845397 -0.290674 147.124 0.893959 -0.425571 0.140453 24.5623 -0.00496385 -0.32279 -0.946458 35.8627 0 0 0 1 
Seq_Frame0119_ForcepToReference-SequenceTransformStatus = OK
Seq_Frame0119_Timestamp = 12.483
Seq_Frame0120_ForcepToReference-SequenceTransform =0.448224 0.845067 -0.291474 147.141 0.893912 -0.425203 0.141856 24.4904 -0.00405735 -0.324135 -0.946002 35.8697 0 0 0 1 
Seq_Frame0120_ForcepToReference-SequenceTransformStatus = OK
Seq_Frame0120_Timestamp = 12.584
Seq_Frame0121_ForcepToReference-SequenceTransform =0.448739 0.844586 -0.292074 147.2 0.893661 -0.424783 0.144672 24.1877 -0.00187959 -0.325935 -0.94539 36.0513 0 0 0 1 
Seq_Frame0121_ForcepToReference-SequenceTransformStatus = OK
Seq_Frame0121_Timestamp = 12.694
Seq_Frame0122_ForcepToReference-SequenceTransform =0.4505 0.843909 -0.291319 147.209 0.89277 -0.424597 0.150597 23.7623 0.00339716 -0.327925 -0.944698 36.3868 0 0 0 1 
Seq_Frame0122_ForcepToReference-SequenceTransformStatus = OK
Seq_Frame0122_Timestamp = 12.804
Seq_Frame0123_ForcepToReference-SequenceTransform =0.449473 0.844887 -0.29007 147.203 0.893291 -0.425882 0.14372 24.2331 -0.00210844 -0.323715 -0.946152 35.9976 0 0 0 1 
Seq_Frame0123_ForcepToReference-SequenceTransformStatus = OK
Seq_Frame0123_Timestamp = 12.908
Seq_Frame0124_ForcepToReference-SequenceTransform =0.448009 0.844786 -0.292617 147.198 0.894021 -0.424691 0.142699 24.3113 -0.0037221 -0.325537 -0.945522 35.9566 0 0 0 1 
Seq_Frame0124_ForcepToReference-SequenceTransformStatus = OK
Seq_Frame0124_Timestamp = 13.018
Seq_Frame0125_ForcepToReference-SequenceTransform =0.448685 0.844731 -0.291738 147.201 0.893685 -0.425256 0.143127 24.3489 -0.00315945 -0.324941 -0.945729 35.9059 0 0 0 1 
Seq_Frame0125_ForcepToReference-SequenceTransformStatus = OK
Seq_Frame0125_Timestamp = 13.123
Seq_Frame0126_ForcepToReference-SequenceTransform =0.44991 0.84513 -0.28868 147.181 0.893069 -0.426765 0.142475 24.3008 -0.00278903 -0.321912 -0.946765 35.9178 0 0 0 1 
Seq_Frame0126_ForcepToReference-SequenceTransformStatus = OK
Seq_Frame0126_Timestamp = 13.233
Seq_Frame0127_ForcepToReference-SequenceTransform =0.449329 0.84492 -0.290197 147.193 0.893362 -0.425918 0.14317 24.3319 -0.002633 -0.323581 -0.946197 35.8696 0 0 0 1 
Seq_Frame0127_ForcepToReference-SequenceTransformStatus = OK
Seq_Frame0127_Timestamp = 13.339
Seq_Frame0128_ForcepToReference-SequenceTransform =0.448347 0.844944 -0.291641 147.194 0.893851 -0.425259 0.142075 24.3126 -0.0039772 -0.324382 -0.945918 35.9481 0 0 0 1 
Seq_Frame0128_ForcepToReference-SequenceTransformStatus = OK
Seq_Frame0128_Timestamp = 13.448
Seq_Frame0129_ForcepToReference-SequenceTransform =0.448473 0.844689 -0.292184 147.207 0.89379 -0.425057 0.14306 24.3034 -0.00335359 -0.32531 -0.945601 35.9526 0 0 0 1 
Seq_Frame0129_ForcepToReference-SequenceTransformStatus = OK
Seq_Frame0129_Timestamp = 13.549
Seq_Frame0130_ForcepToReference-SequenceTransform =0.447474 0.84484 -0.293279 147.209 0.894283 -0.424539 0.141508 24.3815 -0.00495703 -0.325595 -0.945496 35.8893 0 0 0 1 
Seq_Frame0130_ForcepToReference-SequenceTransformStatus = OK
Seq_Frame0130_Timestamp = 13.649
Seq_Frame0131_ForcepToReference-SequenceTransform =0.448261 0.844682 -0.292531 147.205 0.893895 -0.424905 0.142852 24.3779 -0.00363286 -0.325527 -0.945526 35.8694 0 0 0 1 
Seq_Frame0131_ForcepToReference-SequenceTransformStatus = OK
Seq_Frame0131_Timestamp = 13.759
Seq_Frame0132_ForcepToReference-SequenceTransform =0.448591 0.844531 -0.29246 147.206 0.893732 -0.42499 0.143619 24.3495 -0.00300184 -0.325807 -0.945432 35.9542 0 0 0 1 
Seq_Frame0132_ForcepToReference-SequenceTransformStatus = OK
Seq_Frame0132_Timestamp = 13.859
Seq_Frame0133_ForcepToReference-SequenceTransform =0.448113 0.844634 -0.292897 147.214 0.89397 -0.424696 0.14301 24.3611 -0.00360093 -0.325926 -0.945388 35.8831 0 0 0 1 
Seq_Frame0133_ForcepToReference-SequenceTransformStatus = OK
Seq_Frame0133_Timestamp = 13.967
Seq_Frame0134_ForcepToReference-SequenceTransform =0.447669 0.844618 -0.29362 147.209 0.89419 -0.424351 0.142657 24.3362 -0.00410715 -0.326415 -0.945218 35.9457 0 0 0 1 
Seq_Frame0134_ForcepToReference-SequenceTransformStatus = OK
Seq_Frame0134_Timestamp = 14.076
Seq_Frame0135_ForcepToReference-SequenceTransform =0.44834 0.844705 -0.292344 147.207 0.893856 -0.425027 0.142739 24.3378 -0.00368161 -0.325309 -0.945601 35.9314 0 0 0 1 
Seq_Frame0135_ForcepToReference-SequenceTransformStatus = OK
Seq_Frame0135_Timestamp = 14.179
Seq_Frame0136_ForcepToReference-SequenceTransform =0.448738 0.84465 -0.291892 147.208 0.893658 -0.425242 0.143332 24.359 -0.00305921 -0.32517 -0.945651 35.8813 0 0 0 1 
Seq_Frame0136_ForcepToReference-SequenceTransformStatus = OK
Seq_Frame0136_Timestamp = 14.283
Seq_Frame0137_ForcepToReference-SequenceTransform =0.447653 0.8446 -0.293698 147.217 0.894199 -0.42422 0.142986 24.3103 -0.00382662 -0.326633 -0.945144 35.9473 0 0 0 1 
Seq_Frame0137_ForcepToReference-SequenceTransformStatus = OK
Seq_Frame0137_Timestamp = 14.383
Seq_Frame0138_ForcepToReference-SequenceTransform =0.44738 0.844662 -0.293934 147.213 0.894331 -0.424275 0.141996 24.3604 -0.00476997 -0.3264 -0.94522 35.9281 0 0 0 1 
Seq_Frame0138_ForcepToReference-SequenceTransformStatus = OK
Seq_Frame0138_Timestamp = 14.484
Seq_Frame0139_ForcepToReference-SequenceTransform =0.448476 0.844552 -0.292578 147.206 0.89379 -0.424827 0.143739 24.2803 -0.00290034 -0.325966 -0.945377 35.9886 0 0 0 1 
Seq_Frame0139_ForcepToReference-SequenceTransformStatus = OK
Seq_Frame0139_Timestamp = 14.585
Seq_Frame0140_ForcepToReference-SequenceTransform =0.449183 0.844596 -0.291364 147.215 0.893437 -0.425466 0.144046 24.2807 -0.00230471 -0.325018 -0.945705 35.9594 0 0 0 1 
Seq_Frame0140_ForcepToReference-SequenceTransformStatus = OK
Seq_Frame0140_Timestamp = 14.694
Seq_Frame0141_ForcepToReference-SequenceTransform =0.446726 0.844483 -0.29544 147.221 0.894661 -0.423238 0.143009 24.2562 -0.00427243 -0.328204 -0.944597 35.9611 0 0 0 1 
Seq_Frame0141_ForcepToReference-SequenceTransformStatus = OK
Seq_Frame0141_Timestamp = 14.798
Seq_Frame0142_ForcepToReference-SequenceTransform =0.448798 0.844697 -0.291663 147.202 0.893629 -0.425224 0.143568 24.2809 -0.00275099 -0.325071 -0.945685 35.9701 0 0 0 1 
Seq_Frame0142_ForcepToReference-SequenceTransformStatus = OK
Seq_Frame0142_Timestamp = 14.899
Seq_Frame0143_ForcepToReference-SequenceTransform =0.449913 0.844779 -0.289702 147.212 0.893069 -0.42643 0.143475 24.3058 -0.00233304 -0.323275 -0.946302 35.8731 0 0 0 1 
Seq_Frame0143_ForcepToReference-SequenceTransformStatus = OK
Seq_Frame0143_Timestamp = 15.003
Seq_Frame0144_ForcepToReference-SequenceTransform =0.448319 0.844887 -0.291847 147.212 0.893865 -0.425169 0.142256 24.3196 -0.0038944 -0.324648 -0.945827 35.8677 0 0 0 1 
Seq_Frame0144_ForcepToReference-SequenceTransformStatus = OK
Seq_Frame0144_Timestamp = 15.108
Seq_Frame0145_ForcepToReference-SequenceTransform =0.448546 0.844845 -0.291623 147.201 0.893754 -0.425183 0.14291 24.3072 -0.0032567 -0.324741 -0.945797 35.9226 0 0 0 1 
Seq_Frame0145_ForcepToReference-SequenceTransformStatus = OK
Seq_Frame0145_Timestamp = 15.208
Seq_Frame0146_ForcepToReference-SequenceTransform =0.449521 0.844824 -0.290177 147.204 0.893266 -0.426063 0.143337 24.2681 -0.00253967 -0.323639 -0.946177 35.9492 0 0 0 1 
Seq_Frame0146_ForcepToReference-SequenceTransformStatus = OK
Seq_Frame0146_Timestamp = 15.319
Seq_Frame0147_ForcepToReference-SequenceTransform =0.449816 0.844678 -0.290146 147.193 0.89312 -0.425949 0.144582 24.2528 -0.0014621 -0.32417 -0.945998 35.9855 0 0 0 1 
Seq_Frame0147_ForcepToReference-SequenceTransformStatus = OK
Seq_Frame0147_Timestamp = 15.419
Seq_Frame0148_ForcepToReference-SequenceTransform =0.44847 0.844898 -0.291585 147.199 0.89379 -0.425273 0.142415 24.2892 -0.0036767 -0.324485 -0.945884 35.9433 0 0 0 1 
Seq_Frame0148_ForcepToReference-SequenceTransformStatus = OK
Seq_Frame0148_Timestamp = 15.523
Seq_Frame0149_ForcepToReference-SequenceTransform =0.449363 0.844731 -0.290694 147.192 0.893347 -0.425658 0.144038 24.2612 -0.00206255 -0.324416 -0.945912 36.0056 0 0 0 1 
Seq_Frame0149_ForcepToReference-SequenceTransformStatus = OK
Seq_Frame0149_Timestamp = 15.623
Seq_Frame0150_ForcepToReference-SequenceTransform =0.449644 0.844882 -0.289819 147.186 0.893204 -0.426312 0.142986 24.2859 -0.00274765 -0.32316 -0.94634 35.9893 0 0 0 1 
