ObjectType = Image
NDims = 3
AnatomicalOrientation = RAI
BinaryData = True
CompressedData = False
DimSize = 0 0 3491
ElementSpacing = 1 1 1
Offset = 0 0 0
TransformMatrix = 1 0 0 0 1 0 0 0 1
ElementType = MET_UCHAR
Kinds = domain domain list
Seq_Frame0000_DriverTipToDriver-SequenceTransform =0.967846 3.03577e-17 -0.251544 12.993 -0.25151 -0.0162913 -0.967718 -77.3729 -0.00409798 0.999867 -0.0157675 -11.5659 0 0 0 1 
Seq_Frame0000_DriverTipToDriver-SequenceTransformStatus = OK
Seq_Frame0000_Timestamp = 0.00300002
Seq_Frame0001_DriverTipToDriver-SequenceTransform =0.967846 3.03577e-17 -0.251544 12.993 -0.25151 -0.0162913 -0.967718 -77.3729 -0.00409798 0.999867 -0.0157675 -11.5659 0 0 0 1 
Seq_Frame0001_DriverTipToDriver-SequenceTransformStatus = OK
Seq_Frame0001_Timestamp = 0.112
Seq_Frame0002_DriverTipToDriver-SequenceTransform =0.967846 3.03577e-17 -0.251544 12.993 -0.25151 -0.0162913 -0.967718 -77.3729 -0.00409798 0.999867 -0.0157675 -11.5659 0 0 0 1 
Seq_Frame0002_DriverTipToDriver-SequenceTransformStatus = OK
Seq_Frame0002_Timestamp = 0.218
Seq_Frame0003_DriverTipToDriver-SequenceTransform =0.967846 3.03577e-17 -0.251544 12.993 -0.25151 -0.0162913 -0.967718 -77.3729 -0.00409798 0.999867 -0.0157675 -11.5659 0 0 0 1 
Seq_Frame0003_DriverTipToDriver-SequenceTransformStatus = OK
Seq_Frame0003_Timestamp = 0.334
Seq_Frame0004_DriverTipToDriver-SequenceTransform =0.967846 3.03577e-17 -0.251544 12.993 -0.25151 -0.0162913 -0.967718 -77.3729 -0.00409798 0.999867 -0.0157675 -11.5659 0 0 0 1 
Seq_Frame0004_DriverTipToDriver-SequenceTransformStatus = OK
Seq_Frame0004_Timestamp = 0.437
Seq_Frame0005_DriverTipToDriver-SequenceTransform =0.967846 3.03577e-17 -0.251544 12.993 -0.25151 -0.0162913 -0.967718 -77.3729 -0.00409798 0.999867 -0.0157675 -11.5659 0 0 0 1 
Seq_Frame0005_DriverTipToDriver-SequenceTransformStatus = OK
Seq_Frame0005_Timestamp = 0.542
Seq_Frame0006_DriverTipToDriver-SequenceTransform =0.967846 3.03577e-17 -0.251544 12.993 -0.25151 -0.0162913 -0.967718 -77.3729 -0.00409798 0.999867 -0.0157675 -11.5659 0 0 0 1 
Seq_Frame0006_DriverTipToDriver-SequenceTransformStatus = OK
Seq_Frame0006_Timestamp = 0.647
Seq_Frame0007_DriverTipToDriver-SequenceTransform =0.967846 3.03577e-17 -0.251544 12.993 -0.25151 -0.0162913 -0.967718 -77.3729 -0.00409798 0.999867 -0.0157675 -11.5659 0 0 0 1 
Seq_Frame0007_DriverTipToDriver-SequenceTransformStatus = OK
Seq_Frame0007_Timestamp = 0.751
Seq_Frame0008_DriverTipToDriver-SequenceTransform =0.967846 3.03577e-17 -0.251544 12.993 -0.25151 -0.0162913 -0.967718 -77.3729 -0.00409798 0.999867 -0.0157675 -11.5659 0 0 0 1 
Seq_Frame0008_DriverTipToDriver-SequenceTransformStatus = OK
Seq_Frame0008_Timestamp = 0.854
Seq_Frame0009_DriverTipToDriver-SequenceTransform =0.967846 3.03577e-17 -0.251544 12.993 -0.25151 -0.0162913 -0.967718 -77.3729 -0.00409798 0.999867 -0.0157675 -11.5659 0 0 0 1 
Seq_Frame0009_DriverTipToDriver-SequenceTransformStatus = OK
Seq_Frame0009_Timestamp = 0.963
Seq_Frame0010_DriverTipToDriver-SequenceTransform =0.967846 3.03577e-17 -0.251544 12.993 -0.25151 -0.0162913 -0.967718 -77.3729 -0.00409798 0.999867 -0.0157675 -11.5659 0 0 0 1 
Seq_Frame0010_DriverTipToDriver-SequenceTransformStatus = OK
Seq_Frame0010_Timestamp = 1.067
Seq_Frame0011_DriverTipToDriver-SequenceTransform =0.967846 3.03577e-17 -0.251544 12.993 -0.25151 -0.0162913 -0.967718 -77.3729 -0.00409798 0.999867 -0.0157675 -11.5659 0 0 0 1 
Seq_Frame0011_DriverTipToDriver-SequenceTransformStatus = OK
Seq_Frame0011_Timestamp = 1.172
Seq_Frame0012_DriverTipToDriver-SequenceTransform =0.967846 3.03577e-17 -0.251544 12.993 -0.25151 -0.0162913 -0.967718 -77.3729 -0.00409798 0.999867 -0.0157675 -11.5659 0 0 0 1 
Seq_Frame0012_DriverTipToDriver-SequenceTransformStatus = OK
Seq_Frame0012_Timestamp = 1.278
Seq_Frame0013_DriverTipToDriver-SequenceTransform =0.967846 3.03577e-17 -0.251544 12.993 -0.25151 -0.0162913 -0.967718 -77.3729 -0.00409798 0.999867 -0.0157675 -11.5659 0 0 0 1 
Seq_Frame0013_DriverTipToDriver-SequenceTransformStatus = OK
Seq_Frame0013_Timestamp = 1.391
Seq_Frame0014_DriverTipToDriver-SequenceTransform =0.967846 3.03577e-17 -0.251544 12.993 -0.25151 -0.0162913 -0.967718 -77.3729 -0.00409798 0.999867 -0.0157675 -11.5659 0 0 0 1 
Seq_Frame0014_DriverTipToDriver-SequenceTransformStatus = OK
Seq_Frame0014_Timestamp = 1.492
Seq_Frame0015_DriverTipToDriver-SequenceTransform =0.967846 3.03577e-17 -0.251544 12.993 -0.25151 -0.0162913 -0.967718 -77.3729 -0.00409798 0.999867 -0.0157675 -11.5659 0 0 0 1 
Seq_Frame0015_DriverTipToDriver-SequenceTransformStatus = OK
Seq_Frame0015_Timestamp = 1.593
Seq_Frame0016_DriverTipToDriver-SequenceTransform =0.967846 3.03577e-17 -0.251544 12.993 -0.25151 -0.0162913 -0.967718 -77.3729 -0.00409798 0.999867 -0.0157675 -11.5659 0 0 0 1 
Seq_Frame0016_DriverTipToDriver-SequenceTransformStatus = OK
Seq_Frame0016_Timestamp = 1.693
Seq_Frame0017_DriverTipToDriver-SequenceTransform =0.967846 3.03577e-17 -0.251544 12.993 -0.25151 -0.0162913 -0.967718 -77.3729 -0.00409798 0.999867 -0.0157675 -11.5659 0 0 0 1 
Seq_Frame0017_DriverTipToDriver-SequenceTransformStatus = OK
Seq_Frame0017_Timestamp = 1.802
Seq_Frame0018_DriverTipToDriver-SequenceTransform =0.967846 3.03577e-17 -0.251544 12.993 -0.25151 -0.0162913 -0.967718 -77.3729 -0.00409798 0.999867 -0.0157675 -11.5659 0 0 0 1 
Seq_Frame0018_DriverTipToDriver-SequenceTransformStatus = OK
Seq_Frame0018_Timestamp = 1.903
Seq_Frame0019_DriverTipToDriver-SequenceTransform =0.967846 3.03577e-17 -0.251544 12.993 -0.25151 -0.0162913 -0.967718 -77.3729 -0.00409798 0.999867 -0.0157675 -11.5659 0 0 0 1 
Seq_Frame0019_DriverTipToDriver-SequenceTransformStatus = OK
Seq_Frame0019_Timestamp = 2.012
Seq_Frame0020_DriverTipToDriver-SequenceTransform =0.967846 3.03577e-17 -0.251544 12.993 -0.25151 -0.0162913 -0.967718 -77.3729 -0.00409798 0.999867 -0.0157675 -11.5659 0 0 0 1 
Seq_Frame0020_DriverTipToDriver-SequenceTransformStatus = OK
Seq_Frame0020_Timestamp = 2.113
Seq_Frame0021_DriverTipToDriver-SequenceTransform =0.967846 3.03577e-17 -0.251544 12.993 -0.25151 -0.0162913 -0.967718 -77.3729 -0.00409798 0.999867 -0.0157675 -11.5659 0 0 0 1 
Seq_Frame0021_DriverTipToDriver-SequenceTransformStatus = OK
Seq_Frame0021_Timestamp = 2.214
Seq_Frame0022_DriverTipToDriver-SequenceTransform =0.967846 3.03577e-17 -0.251544 12.993 -0.25151 -0.0162913 -0.967718 -77.3729 -0.00409798 0.999867 -0.0157675 -11.5659 0 0 0 1 
Seq_Frame0022_DriverTipToDriver-SequenceTransformStatus = OK
Seq_Frame0022_Timestamp = 2.317
Seq_Frame0023_DriverTipToDriver-SequenceTransform =0.967846 3.03577e-17 -0.251544 12.993 -0.25151 -0.0162913 -0.967718 -77.3729 -0.00409798 0.999867 -0.0157675 -11.5659 0 0 0 1 
Seq_Frame0023_DriverTipToDriver-SequenceTransformStatus = OK
Seq_Frame0023_Timestamp = 2.418
Seq_Frame0024_DriverTipToDriver-SequenceTransform =0.967846 3.03577e-17 -0.251544 12.993 -0.25151 -0.0162913 -0.967718 -77.3729 -0.00409798 0.999867 -0.0157675 -11.5659 0 0 0 1 
Seq_Frame0024_DriverTipToDriver-SequenceTransformStatus = OK
Seq_Frame0024_Timestamp = 2.526
Seq_Frame0025_DriverTipToDriver-SequenceTransform =0.967846 3.03577e-17 -0.251544 12.993 -0.25151 -0.0162913 -0.967718 -77.3729 -0.00409798 0.999867 -0.0157675 -11.5659 0 0 0 1 
Seq_Frame0025_DriverTipToDriver-SequenceTransformStatus = OK
Seq_Frame0025_Timestamp = 2.627
Seq_Frame0026_DriverTipToDriver-SequenceTransform =0.967846 3.03577e-17 -0.251544 12.993 -0.25151 -0.0162913 -0.967718 -77.3729 -0.00409798 0.999867 -0.0157675 -11.5659 0 0 0 1 
Seq_Frame0026_DriverTipToDriver-SequenceTransformStatus = OK
Seq_Frame0026_Timestamp = 2.733
Seq_Frame0027_DriverTipToDriver-SequenceTransform =0.967846 3.03577e-17 -0.251544 12.993 -0.25151 -0.0162913 -0.967718 -77.3729 -0.00409798 0.999867 -0.0157675 -11.5659 0 0 0 1 
Seq_Frame0027_DriverTipToDriver-SequenceTransformStatus = OK
Seq_Frame0027_Timestamp = 2.835
Seq_Frame0028_DriverTipToDriver-SequenceTransform =0.967846 3.03577e-17 -0.251544 12.993 -0.25151 -0.0162913 -0.967718 -77.3729 -0.00409798 0.999867 -0.0157675 -11.5659 0 0 0 1 
Seq_Frame0028_DriverTipToDriver-SequenceTransformStatus = OK
Seq_Frame0028_Timestamp = 2.948
Seq_Frame0029_DriverTipToDriver-SequenceTransform =0.967846 3.03577e-17 -0.251544 12.993 -0.25151 -0.0162913 -0.967718 -77.3729 -0.00409798 0.999867 -0.0157675 -11.5659 0 0 0 1 
Seq_Frame0029_DriverTipToDriver-SequenceTransformStatus = OK
Seq_Frame0029_Timestamp = 3.054
Seq_Frame0030_DriverTipToDriver-SequenceTransform =0.967846 3.03577e-17 -0.251544 12.993 -0.25151 -0.0162913 -0.967718 -77.3729 -0.00409798 0.999867 -0.0157675 -11.5659 0 0 0 1 
Seq_Frame0030_DriverTipToDriver-SequenceTransformStatus = OK
Seq_Frame0030_Timestamp = 3.155
Seq_Frame0031_DriverTipToDriver-SequenceTransform =0.967846 3.03577e-17 -0.251544 12.993 -0.25151 -0.0162913 -0.967718 -77.3729 -0.00409798 0.999867 -0.0157675 -11.5659 0 0 0 1 
Seq_Frame0031_DriverTipToDriver-SequenceTransformStatus = OK
Seq_Frame0031_Timestamp = 3.264
Seq_Frame0032_DriverTipToDriver-SequenceTransform =0.967846 3.03577e-17 -0.251544 12.993 -0.25151 -0.0162913 -0.967718 -77.3729 -0.00409798 0.999867 -0.0157675 -11.5659 0 0 0 1 
Seq_Frame0032_DriverTipToDriver-SequenceTransformStatus = OK
Seq_Frame0032_Timestamp = 3.368
Seq_Frame0033_DriverTipToDriver-SequenceTransform =0.967846 3.03577e-17 -0.251544 12.993 -0.25151 -0.0162913 -0.967718 -77.3729 -0.00409798 0.999867 -0.0157675 -11.5659 0 0 0 1 
Seq_Frame0033_DriverTipToDriver-SequenceTransformStatus = OK
Seq_Frame0033_Timestamp = 3.469
Seq_Frame0034_DriverTipToDriver-SequenceTransform =0.967846 3.03577e-17 -0.251544 12.993 -0.25151 -0.0162913 -0.967718 -77.3729 -0.00409798 0.999867 -0.0157675 -11.5659 0 0 0 1 
Seq_Frame0034_DriverTipToDriver-SequenceTransformStatus = OK
Seq_Frame0034_Timestamp = 3.578
Seq_Frame0035_DriverTipToDriver-SequenceTransform =0.967846 3.03577e-17 -0.251544 12.993 -0.25151 -0.0162913 -0.967718 -77.3729 -0.00409798 0.999867 -0.0157675 -11.5659 0 0 0 1 
Seq_Frame0035_DriverTipToDriver-SequenceTransformStatus = OK
Seq_Frame0035_Timestamp = 3.685
Seq_Frame0036_DriverTipToDriver-SequenceTransform =0.967846 3.03577e-17 -0.251544 12.993 -0.25151 -0.0162913 -0.967718 -77.3729 -0.00409798 0.999867 -0.0157675 -11.5659 0 0 0 1 
Seq_Frame0036_DriverTipToDriver-SequenceTransformStatus = OK
Seq_Frame0036_Timestamp = 3.787
Seq_Frame0037_DriverTipToDriver-SequenceTransform =0.967846 3.03577e-17 -0.251544 12.993 -0.25151 -0.0162913 -0.967718 -77.3729 -0.00409798 0.999867 -0.0157675 -11.5659 0 0 0 1 
Seq_Frame0037_DriverTipToDriver-SequenceTransformStatus = OK
Seq_Frame0037_Timestamp = 3.893
Seq_Frame0038_DriverTipToDriver-SequenceTransform =0.967846 3.03577e-17 -0.251544 12.993 -0.25151 -0.0162913 -0.967718 -77.3729 -0.00409798 0.999867 -0.0157675 -11.5659 0 0 0 1 
Seq_Frame0038_DriverTipToDriver-SequenceTransformStatus = OK
Seq_Frame0038_Timestamp = 4.001
Seq_Frame0039_DriverTipToDriver-SequenceTransform =0.967846 3.03577e-17 -0.251544 12.993 -0.25151 -0.0162913 -0.967718 -77.3729 -0.00409798 0.999867 -0.0157675 -11.5659 0 0 0 1 
Seq_Frame0039_DriverTipToDriver-SequenceTransformStatus = OK
Seq_Frame0039_Timestamp = 4.102
Seq_Frame0040_DriverTipToDriver-SequenceTransform =0.967846 3.03577e-17 -0.251544 12.993 -0.25151 -0.0162913 -0.967718 -77.3729 -0.00409798 0.999867 -0.0157675 -11.5659 0 0 0 1 
Seq_Frame0040_DriverTipToDriver-SequenceTransformStatus = OK
Seq_Frame0040_Timestamp = 4.202
Seq_Frame0041_DriverTipToDriver-SequenceTransform =0.967846 3.03577e-17 -0.251544 12.993 -0.25151 -0.0162913 -0.967718 -77.3729 -0.00409798 0.999867 -0.0157675 -11.5659 0 0 0 1 
Seq_Frame0041_DriverTipToDriver-SequenceTransformStatus = OK
Seq_Frame0041_Timestamp = 4.303
Seq_Frame0042_DriverTipToDriver-SequenceTransform =0.967846 3.03577e-17 -0.251544 12.993 -0.25151 -0.0162913 -0.967718 -77.3729 -0.00409798 0.999867 -0.0157675 -11.5659 0 0 0 1 
Seq_Frame0042_DriverTipToDriver-SequenceTransformStatus = OK
Seq_Frame0042_Timestamp = 4.407
Seq_Frame0043_DriverTipToDriver-SequenceTransform =0.967846 3.03577e-17 -0.251544 12.993 -0.25151 -0.0162913 -0.967718 -77.3729 -0.00409798 0.999867 -0.0157675 -11.5659 0 0 0 1 
Seq_Frame0043_DriverTipToDriver-SequenceTransformStatus = OK
Seq_Frame0043_Timestamp = 4.527
Seq_Frame0044_DriverTipToDriver-SequenceTransform =0.967846 3.03577e-17 -0.251544 12.993 -0.25151 -0.0162913 -0.967718 -77.3729 -0.00409798 0.999867 -0.0157675 -11.5659 0 0 0 1 
Seq_Frame0044_DriverTipToDriver-SequenceTransformStatus = OK
Seq_Frame0044_Timestamp = 4.627
Seq_Frame0045_DriverTipToDriver-SequenceTransform =0.967846 3.03577e-17 -0.251544 12.993 -0.25151 -0.0162913 -0.967718 -77.3729 -0.00409798 0.999867 -0.0157675 -11.5659 0 0 0 1 
Seq_Frame0045_DriverTipToDriver-SequenceTransformStatus = OK
Seq_Frame0045_Timestamp = 4.734
Seq_Frame0046_DriverTipToDriver-SequenceTransform =0.967846 3.03577e-17 -0.251544 12.993 -0.25151 -0.0162913 -0.967718 -77.3729 -0.00409798 0.999867 -0.0157675 -11.5659 0 0 0 1 
Seq_Frame0046_DriverTipToDriver-SequenceTransformStatus = OK
Seq_Frame0046_Timestamp = 4.835
Seq_Frame0047_DriverTipToDriver-SequenceTransform =0.967846 3.03577e-17 -0.251544 12.993 -0.25151 -0.0162913 -0.967718 -77.3729 -0.00409798 0.999867 -0.0157675 -11.5659 0 0 0 1 
Seq_Frame0047_DriverTipToDriver-SequenceTransformStatus = OK
Seq_Frame0047_Timestamp = 4.938
Seq_Frame0048_DriverTipToDriver-SequenceTransform =0.967846 3.03577e-17 -0.251544 12.993 -0.25151 -0.0162913 -0.967718 -77.3729 -0.00409798 0.999867 -0.0157675 -11.5659 0 0 0 1 
Seq_Frame0048_DriverTipToDriver-SequenceTransformStatus = OK
Seq_Frame0048_Timestamp = 5.042
Seq_Frame0049_DriverTipToDriver-SequenceTransform =0.967846 3.03577e-17 -0.251544 12.993 -0.25151 -0.0162913 -0.967718 -77.3729 -0.00409798 0.999867 -0.0157675 -11.5659 0 0 0 1 
Seq_Frame0049_DriverTipToDriver-SequenceTransformStatus = OK
Seq_Frame0049_Timestamp = 5.143
Seq_Frame0050_DriverTipToDriver-SequenceTransform =0.967846 3.03577e-17 -0.251544 12.993 -0.25151 -0.0162913 -0.967718 -77.3729 -0.00409798 0.999867 -0.0157675 -11.5659 0 0 0 1 
Seq_Frame0050_DriverTipToDriver-SequenceTransformStatus = OK
Seq_Frame0050_Timestamp = 5.251
Seq_Frame0051_DriverTipToDriver-SequenceTransform =0.967846 3.03577e-17 -0.251544 12.993 -0.25151 -0.0162913 -0.967718 -77.3729 -0.00409798 0.999867 -0.0157675 -11.5659 0 0 0 1 
Seq_Frame0051_DriverTipToDriver-SequenceTransformStatus = OK
Seq_Frame0051_Timestamp = 5.352
Seq_Frame0052_DriverTipToDriver-SequenceTransform =0.967846 3.03577e-17 -0.251544 12.993 -0.25151 -0.0162913 -0.967718 -77.3729 -0.00409798 0.999867 -0.0157675 -11.5659 0 0 0 1 
Seq_Frame0052_DriverTipToDriver-SequenceTransformStatus = OK
Seq_Frame0052_Timestamp = 5.452
Seq_Frame0053_DriverTipToDriver-SequenceTransform =0.967846 3.03577e-17 -0.251544 12.993 -0.25151 -0.0162913 -0.967718 -77.3729 -0.00409798 0.999867 -0.0157675 -11.5659 0 0 0 1 
Seq_Frame0053_DriverTipToDriver-SequenceTransformStatus = OK
Seq_Frame0053_Timestamp = 5.56
Seq_Frame0054_DriverTipToDriver-SequenceTransform =0.967846 3.03577e-17 -0.251544 12.993 -0.25151 -0.0162913 -0.967718 -77.3729 -0.00409798 0.999867 -0.0157675 -11.5659 0 0 0 1 
Seq_Frame0054_DriverTipToDriver-SequenceTransformStatus = OK
Seq_Frame0054_Timestamp = 5.673
Seq_Frame0055_DriverTipToDriver-SequenceTransform =0.967846 3.03577e-17 -0.251544 12.993 -0.25151 -0.0162913 -0.967718 -77.3729 -0.00409798 0.999867 -0.0157675 -11.5659 0 0 0 1 
Seq_Frame0055_DriverTipToDriver-SequenceTransformStatus = OK
Seq_Frame0055_Timestamp = 5.778
Seq_Frame0056_DriverTipToDriver-SequenceTransform =0.967846 3.03577e-17 -0.251544 12.993 -0.25151 -0.0162913 -0.967718 -77.3729 -0.00409798 0.999867 -0.0157675 -11.5659 0 0 0 1 
Seq_Frame0056_DriverTipToDriver-SequenceTransformStatus = OK
Seq_Frame0056_Timestamp = 5.882
Seq_Frame0057_DriverTipToDriver-SequenceTransform =0.967846 3.03577e-17 -0.251544 12.993 -0.25151 -0.0162913 -0.967718 -77.3729 -0.00409798 0.999867 -0.0157675 -11.5659 0 0 0 1 
Seq_Frame0057_DriverTipToDriver-SequenceTransformStatus = OK
Seq_Frame0057_Timestamp = 5.987
Seq_Frame0058_DriverTipToDriver-SequenceTransform =0.967846 3.03577e-17 -0.251544 12.993 -0.25151 -0.0162913 -0.967718 -77.3729 -0.00409798 0.999867 -0.0157675 -11.5659 0 0 0 1 
Seq_Frame0058_DriverTipToDriver-SequenceTransformStatus = OK
Seq_Frame0058_Timestamp = 6.093
Seq_Frame0059_DriverTipToDriver-SequenceTransform =0.967846 3.03577e-17 -0.251544 12.993 -0.25151 -0.0162913 -0.967718 -77.3729 -0.00409798 0.999867 -0.0157675 -11.5659 0 0 0 1 
Seq_Frame0059_DriverTipToDriver-SequenceTransformStatus = OK
Seq_Frame0059_Timestamp = 6.201
Seq_Frame0060_DriverTipToDriver-SequenceTransform =0.967846 3.03577e-17 -0.251544 12.993 -0.25151 -0.0162913 -0.967718 -77.3729 -0.00409798 0.999867 -0.0157675 -11.5659 0 0 0 1 
Seq_Frame0060_DriverTipToDriver-SequenceTransformStatus = OK
Seq_Frame0060_Timestamp = 6.301
Seq_Frame0061_DriverTipToDriver-SequenceTransform =0.967846 3.03577e-17 -0.251544 12.993 -0.25151 -0.0162913 -0.967718 -77.3729 -0.00409798 0.999867 -0.0157675 -11.5659 0 0 0 1 
Seq_Frame0061_DriverTipToDriver-SequenceTransformStatus = OK
Seq_Frame0061_Timestamp = 6.406
Seq_Frame0062_DriverTipToDriver-SequenceTransform =0.967846 3.03577e-17 -0.251544 12.993 -0.25151 -0.0162913 -0.967718 -77.3729 -0.00409798 0.999867 -0.0157675 -11.5659 0 0 0 1 
Seq_Frame0062_DriverTipToDriver-SequenceTransformStatus = OK
Seq_Frame0062_Timestamp = 6.514
Seq_Frame0063_DriverTipToDriver-SequenceTransform =0.967846 3.03577e-17 -0.251544 12.993 -0.25151 -0.0162913 -0.967718 -77.3729 -0.00409798 0.999867 -0.0157675 -11.5659 0 0 0 1 
Seq_Frame0063_DriverTipToDriver-SequenceTransformStatus = OK
Seq_Frame0063_Timestamp = 6.618
Seq_Frame0064_DriverTipToDriver-SequenceTransform =0.967846 3.03577e-17 -0.251544 12.993 -0.25151 -0.0162913 -0.967718 -77.3729 -0.00409798 0.999867 -0.0157675 -11.5659 0 0 0 1 
Seq_Frame0064_DriverTipToDriver-SequenceTransformStatus = OK
Seq_Frame0064_Timestamp = 6.723
Seq_Frame0065_DriverTipToDriver-SequenceTransform =0.967846 3.03577e-17 -0.251544 12.993 -0.25151 -0.0162913 -0.967718 -77.3729 -0.00409798 0.999867 -0.0157675 -11.5659 0 0 0 1 
Seq_Frame0065_DriverTipToDriver-SequenceTransformStatus = OK
Seq_Frame0065_Timestamp = 6.83
Seq_Frame0066_DriverTipToDriver-SequenceTransform =0.967846 3.03577e-17 -0.251544 12.993 -0.25151 -0.0162913 -0.967718 -77.3729 -0.00409798 0.999867 -0.0157675 -11.5659 0 0 0 1 
Seq_Frame0066_DriverTipToDriver-SequenceTransformStatus = OK
Seq_Frame0066_Timestamp = 6.935
Seq_Frame0067_DriverTipToDriver-SequenceTransform =0.967846 3.03577e-17 -0.251544 12.993 -0.25151 -0.0162913 -0.967718 -77.3729 -0.00409798 0.999867 -0.0157675 -11.5659 0 0 0 1 
Seq_Frame0067_DriverTipToDriver-SequenceTransformStatus = OK
Seq_Frame0067_Timestamp = 7.043
Seq_Frame0068_DriverTipToDriver-SequenceTransform =0.967846 3.03577e-17 -0.251544 12.993 -0.25151 -0.0162913 -0.967718 -77.3729 -0.00409798 0.999867 -0.0157675 -11.5659 0 0 0 1 
Seq_Frame0068_DriverTipToDriver-SequenceTransformStatus = OK
Seq_Frame0068_Timestamp = 7.149
Seq_Frame0069_DriverTipToDriver-SequenceTransform =0.967846 3.03577e-17 -0.251544 12.993 -0.25151 -0.0162913 -0.967718 -77.3729 -0.00409798 0.999867 -0.0157675 -11.5659 0 0 0 1 
Seq_Frame0069_DriverTipToDriver-SequenceTransformStatus = OK
Seq_Frame0069_Timestamp = 7.252
Seq_Frame0070_DriverTipToDriver-SequenceTransform =0.967846 3.03577e-17 -0.251544 12.993 -0.25151 -0.0162913 -0.967718 -77.3729 -0.00409798 0.999867 -0.0157675 -11.5659 0 0 0 1 
Seq_Frame0070_DriverTipToDriver-SequenceTransformStatus = OK
Seq_Frame0070_Timestamp = 7.359
Seq_Frame0071_DriverTipToDriver-SequenceTransform =0.967846 3.03577e-17 -0.251544 12.993 -0.25151 -0.0162913 -0.967718 -77.3729 -0.00409798 0.999867 -0.0157675 -11.5659 0 0 0 1 
Seq_Frame0071_DriverTipToDriver-SequenceTransformStatus = OK
Seq_Frame0071_Timestamp = 7.467
Seq_Frame0072_DriverTipToDriver-SequenceTransform =0.967846 3.03577e-17 -0.251544 12.993 -0.25151 -0.0162913 -0.967718 -77.3729 -0.00409798 0.999867 -0.0157675 -11.5659 0 0 0 1 
Seq_Frame0072_DriverTipToDriver-SequenceTransformStatus = OK
Seq_Frame0072_Timestamp = 7.574
Seq_Frame0073_DriverTipToDriver-SequenceTransform =0.967846 3.03577e-17 -0.251544 12.993 -0.25151 -0.0162913 -0.967718 -77.3729 -0.00409798 0.999867 -0.0157675 -11.5659 0 0 0 1 
Seq_Frame0073_DriverTipToDriver-SequenceTransformStatus = OK
Seq_Frame0073_Timestamp = 7.68
Seq_Frame0074_DriverTipToDriver-SequenceTransform =0.967846 3.03577e-17 -0.251544 12.993 -0.25151 -0.0162913 -0.967718 -77.3729 -0.00409798 0.999867 -0.0157675 -11.5659 0 0 0 1 
Seq_Frame0074_DriverTipToDriver-SequenceTransformStatus = OK
Seq_Frame0074_Timestamp = 7.783
Seq_Frame0075_DriverTipToDriver-SequenceTransform =0.967846 3.03577e-17 -0.251544 12.993 -0.25151 -0.0162913 -0.967718 -77.3729 -0.00409798 0.999867 -0.0157675 -11.5659 0 0 0 1 
Seq_Frame0075_DriverTipToDriver-SequenceTransformStatus = OK
Seq_Frame0075_Timestamp = 7.89
Seq_Frame0076_DriverTipToDriver-SequenceTransform =0.967846 3.03577e-17 -0.251544 12.993 -0.25151 -0.0162913 -0.967718 -77.3729 -0.00409798 0.999867 -0.0157675 -11.5659 0 0 0 1 
Seq_Frame0076_DriverTipToDriver-SequenceTransformStatus = OK
Seq_Frame0076_Timestamp = 7.997
Seq_Frame0077_DriverTipToDriver-SequenceTransform =0.967846 3.03577e-17 -0.251544 12.993 -0.25151 -0.0162913 -0.967718 -77.3729 -0.00409798 0.999867 -0.0157675 -11.5659 0 0 0 1 
Seq_Frame0077_DriverTipToDriver-SequenceTransformStatus = OK
Seq_Frame0077_Timestamp = 8.101
Seq_Frame0078_DriverTipToDriver-SequenceTransform =0.967846 3.03577e-17 -0.251544 12.993 -0.25151 -0.0162913 -0.967718 -77.3729 -0.00409798 0.999867 -0.0157675 -11.5659 0 0 0 1 
Seq_Frame0078_DriverTipToDriver-SequenceTransformStatus = OK
Seq_Frame0078_Timestamp = 8.208
Seq_Frame0079_DriverTipToDriver-SequenceTransform =0.967846 3.03577e-17 -0.251544 12.993 -0.25151 -0.0162913 -0.967718 -77.3729 -0.00409798 0.999867 -0.0157675 -11.5659 0 0 0 1 
Seq_Frame0079_DriverTipToDriver-SequenceTransformStatus = OK
Seq_Frame0079_Timestamp = 8.312
Seq_Frame0080_DriverTipToDriver-SequenceTransform =0.967846 3.03577e-17 -0.251544 12.993 -0.25151 -0.0162913 -0.967718 -77.3729 -0.00409798 0.999867 -0.0157675 -11.5659 0 0 0 1 
Seq_Frame0080_DriverTipToDriver-SequenceTransformStatus = OK
Seq_Frame0080_Timestamp = 8.419
Seq_Frame0081_DriverTipToDriver-SequenceTransform =0.967846 3.03577e-17 -0.251544 12.993 -0.25151 -0.0162913 -0.967718 -77.3729 -0.00409798 0.999867 -0.0157675 -11.5659 0 0 0 1 
Seq_Frame0081_DriverTipToDriver-SequenceTransformStatus = OK
Seq_Frame0081_Timestamp = 8.524
Seq_Frame0082_DriverTipToDriver-SequenceTransform =0.967846 3.03577e-17 -0.251544 12.993 -0.25151 -0.0162913 -0.967718 -77.3729 -0.00409798 0.999867 -0.0157675 -11.5659 0 0 0 1 
Seq_Frame0082_DriverTipToDriver-SequenceTransformStatus = OK
Seq_Frame0082_Timestamp = 8.628
Seq_Frame0083_DriverTipToDriver-SequenceTransform =0.967846 3.03577e-17 -0.251544 12.993 -0.25151 -0.0162913 -0.967718 -77.3729 -0.00409798 0.999867 -0.0157675 -11.5659 0 0 0 1 
Seq_Frame0083_DriverTipToDriver-SequenceTransformStatus = OK
Seq_Frame0083_Timestamp = 8.736
Seq_Frame0084_DriverTipToDriver-SequenceTransform =0.967846 3.03577e-17 -0.251544 12.993 -0.25151 -0.0162913 -0.967718 -77.3729 -0.00409798 0.999867 -0.0157675 -11.5659 0 0 0 1 
Seq_Frame0084_DriverTipToDriver-SequenceTransformStatus = OK
Seq_Frame0084_Timestamp = 8.842
Seq_Frame0085_DriverTipToDriver-SequenceTransform =0.967846 3.03577e-17 -0.251544 12.993 -0.25151 -0.0162913 -0.967718 -77.3729 -0.00409798 0.999867 -0.0157675 -11.5659 0 0 0 1 
Seq_Frame0085_DriverTipToDriver-SequenceTransformStatus = OK
Seq_Frame0085_Timestamp = 8.95
Seq_Frame0086_DriverTipToDriver-SequenceTransform =0.967846 3.03577e-17 -0.251544 12.993 -0.25151 -0.0162913 -0.967718 -77.3729 -0.00409798 0.999867 -0.0157675 -11.5659 0 0 0 1 
Seq_Frame0086_DriverTipToDriver-SequenceTransformStatus = OK
Seq_Frame0086_Timestamp = 9.056
Seq_Frame0087_DriverTipToDriver-SequenceTransform =0.967846 3.03577e-17 -0.251544 12.993 -0.25151 -0.0162913 -0.967718 -77.3729 -0.00409798 0.999867 -0.0157675 -11.5659 0 0 0 1 
Seq_Frame0087_DriverTipToDriver-SequenceTransformStatus = OK
Seq_Frame0087_Timestamp = 9.164
Seq_Frame0088_DriverTipToDriver-SequenceTransform =0.967846 3.03577e-17 -0.251544 12.993 -0.25151 -0.0162913 -0.967718 -77.3729 -0.00409798 0.999867 -0.0157675 -11.5659 0 0 0 1 
Seq_Frame0088_DriverTipToDriver-SequenceTransformStatus = OK
Seq_Frame0088_Timestamp = 9.275
Seq_Frame0089_DriverTipToDriver-SequenceTransform =0.967846 3.03577e-17 -0.251544 12.993 -0.25151 -0.0162913 -0.967718 -77.3729 -0.00409798 0.999867 -0.0157675 -11.5659 0 0 0 1 
Seq_Frame0089_DriverTipToDriver-SequenceTransformStatus = OK
Seq_Frame0089_Timestamp = 9.379
Seq_Frame0090_DriverTipToDriver-SequenceTransform =0.967846 3.03577e-17 -0.251544 12.993 -0.25151 -0.0162913 -0.967718 -77.3729 -0.00409798 0.999867 -0.0157675 -11.5659 0 0 0 1 
Seq_Frame0090_DriverTipToDriver-SequenceTransformStatus = OK
Seq_Frame0090_Timestamp = 9.489
Seq_Frame0091_DriverTipToDriver-SequenceTransform =0.967846 3.03577e-17 -0.251544 12.993 -0.25151 -0.0162913 -0.967718 -77.3729 -0.00409798 0.999867 -0.0157675 -11.5659 0 0 0 1 
Seq_Frame0091_DriverTipToDriver-SequenceTransformStatus = OK
Seq_Frame0091_Timestamp = 9.593
Seq_Frame0092_DriverTipToDriver-SequenceTransform =0.967846 3.03577e-17 -0.251544 12.993 -0.25151 -0.0162913 -0.967718 -77.3729 -0.00409798 0.999867 -0.0157675 -11.5659 0 0 0 1 
Seq_Frame0092_DriverTipToDriver-SequenceTransformStatus = OK
Seq_Frame0092_Timestamp = 9.7
Seq_Frame0093_DriverTipToDriver-SequenceTransform =0.967846 3.03577e-17 -0.251544 12.993 -0.25151 -0.0162913 -0.967718 -77.3729 -0.00409798 0.999867 -0.0157675 -11.5659 0 0 0 1 
Seq_Frame0093_DriverTipToDriver-SequenceTransformStatus = OK
Seq_Frame0093_Timestamp = 9.804
Seq_Frame0094_DriverTipToDriver-SequenceTransform =0.967846 3.03577e-17 -0.251544 12.993 -0.25151 -0.0162913 -0.967718 -77.3729 -0.00409798 0.999867 -0.0157675 -11.5659 0 0 0 1 
Seq_Frame0094_DriverTipToDriver-SequenceTransformStatus = OK
Seq_Frame0094_Timestamp = 9.918
Seq_Frame0095_DriverTipToDriver-SequenceTransform =0.967846 3.03577e-17 -0.251544 12.993 -0.25151 -0.0162913 -0.967718 -77.3729 -0.00409798 0.999867 -0.0157675 -11.5659 0 0 0 1 
Seq_Frame0095_DriverTipToDriver-SequenceTransformStatus = OK
Seq_Frame0095_Timestamp = 10.026
Seq_Frame0096_DriverTipToDriver-SequenceTransform =0.967846 3.03577e-17 -0.251544 12.993 -0.25151 -0.0162913 -0.967718 -77.3729 -0.00409798 0.999867 -0.0157675 -11.5659 0 0 0 1 
Seq_Frame0096_DriverTipToDriver-SequenceTransformStatus = OK
Seq_Frame0096_Timestamp = 10.132
Seq_Frame0097_DriverTipToDriver-SequenceTransform =0.967846 3.03577e-17 -0.251544 12.993 -0.25151 -0.0162913 -0.967718 -77.3729 -0.00409798 0.999867 -0.0157675 -11.5659 0 0 0 1 
Seq_Frame0097_DriverTipToDriver-SequenceTransformStatus = OK
Seq_Frame0097_Timestamp = 10.241
Seq_Frame0098_DriverTipToDriver-SequenceTransform =0.967846 3.03577e-17 -0.251544 12.993 -0.25151 -0.0162913 -0.967718 -77.3729 -0.00409798 0.999867 -0.0157675 -11.5659 0 0 0 1 
Seq_Frame0098_DriverTipToDriver-SequenceTransformStatus = OK
Seq_Frame0098_Timestamp = 10.348
Seq_Frame0099_DriverTipToDriver-SequenceTransform =0.967846 3.03577e-17 -0.251544 12.993 -0.25151 -0.0162913 -0.967718 -77.3729 -0.00409798 0.999867 -0.0157675 -11.5659 0 0 0 1 
Seq_Frame0099_DriverTipToDriver-SequenceTransformStatus = OK
Seq_Frame0099_Timestamp = 10.459
Seq_Frame0100_DriverTipToDriver-SequenceTransform =0.967846 3.03577e-17 -0.251544 12.993 -0.25151 -0.0162913 -0.967718 -77.3729 -0.00409798 0.999867 -0.0157675 -11.5659 0 0 0 1 
Seq_Frame0100_DriverTipToDriver-SequenceTransformStatus = OK
Seq_Frame0100_Timestamp = 10.565
Seq_Frame0101_DriverTipToDriver-SequenceTransform =0.967846 3.03577e-17 -0.251544 12.993 -0.25151 -0.0162913 -0.967718 -77.3729 -0.00409798 0.999867 -0.0157675 -11.5659 0 0 0 1 
Seq_Frame0101_DriverTipToDriver-SequenceTransformStatus = OK
Seq_Frame0101_Timestamp = 10.668
Seq_Frame0102_DriverTipToDriver-SequenceTransform =0.967846 3.03577e-17 -0.251544 12.993 -0.25151 -0.0162913 -0.967718 -77.3729 -0.00409798 0.999867 -0.0157675 -11.5659 0 0 0 1 
Seq_Frame0102_DriverTipToDriver-SequenceTransformStatus = OK
Seq_Frame0102_Timestamp = 10.773
Seq_Frame0103_DriverTipToDriver-SequenceTransform =0.967846 3.03577e-17 -0.251544 12.993 -0.25151 -0.0162913 -0.967718 -77.3729 -0.00409798 0.999867 -0.0157675 -11.5659 0 0 0 1 
Seq_Frame0103_DriverTipToDriver-SequenceTransformStatus = OK
Seq_Frame0103_Timestamp = 10.882
Seq_Frame0104_DriverTipToDriver-SequenceTransform =0.967846 3.03577e-17 -0.251544 12.993 -0.25151 -0.0162913 -0.967718 -77.3729 -0.00409798 0.999867 -0.0157675 -11.5659 0 0 0 1 
Seq_Frame0104_DriverTipToDriver-SequenceTransformStatus = OK
Seq_Frame0104_Timestamp = 10.988
Seq_Frame0105_DriverTipToDriver-SequenceTransform =0.967846 3.03577e-17 -0.251544 12.993 -0.25151 -0.0162913 -0.967718 -77.3729 -0.00409798 0.999867 -0.0157675 -11.5659 0 0 0 1 
Seq_Frame0105_DriverTipToDriver-SequenceTransformStatus = OK
Seq_Frame0105_Timestamp = 11.095
Seq_Frame0106_DriverTipToDriver-SequenceTransform =0.967846 3.03577e-17 -0.251544 12.993 -0.25151 -0.0162913 -0.967718 -77.3729 -0.00409798 0.999867 -0.0157675 -11.5659 0 0 0 1 
Seq_Frame0106_DriverTipToDriver-SequenceTransformStatus = OK
Seq_Frame0106_Timestamp = 11.199
Seq_Frame0107_DriverTipToDriver-SequenceTransform =0.967846 3.03577e-17 -0.251544 12.993 -0.25151 -0.0162913 -0.967718 -77.3729 -0.00409798 0.999867 -0.0157675 -11.5659 0 0 0 1 
Seq_Frame0107_DriverTipToDriver-SequenceTransformStatus = OK
Seq_Frame0107_Timestamp = 11.309
Seq_Frame0108_DriverTipToDriver-SequenceTransform =0.967846 3.03577e-17 -0.251544 12.993 -0.25151 -0.0162913 -0.967718 -77.3729 -0.00409798 0.999867 -0.0157675 -11.5659 0 0 0 1 
Seq_Frame0108_DriverTipToDriver-SequenceTransformStatus = OK
Seq_Frame0108_Timestamp = 11.416
Seq_Frame0109_DriverTipToDriver-SequenceTransform =0.967846 3.03577e-17 -0.251544 12.993 -0.25151 -0.0162913 -0.967718 -77.3729 -0.00409798 0.999867 -0.0157675 -11.5659 0 0 0 1 
Seq_Frame0109_DriverTipToDriver-SequenceTransformStatus = OK
Seq_Frame0109_Timestamp = 11.519
Seq_Frame0110_DriverTipToDriver-SequenceTransform =0.967846 3.03577e-17 -0.251544 12.993 -0.25151 -0.0162913 -0.967718 -77.3729 -0.00409798 0.999867 -0.0157675 -11.5659 0 0 0 1 
Seq_Frame0110_DriverTipToDriver-SequenceTransformStatus = OK
Seq_Frame0110_Timestamp = 11.631
Seq_Frame0111_DriverTipToDriver-SequenceTransform =0.967846 3.03577e-17 -0.251544 12.993 -0.25151 -0.0162913 -0.967718 -77.3729 -0.00409798 0.999867 -0.0157675 -11.5659 0 0 0 1 
Seq_Frame0111_DriverTipToDriver-SequenceTransformStatus = OK
Seq_Frame0111_Timestamp = 11.736
Seq_Frame0112_DriverTipToDriver-SequenceTransform =0.967846 3.03577e-17 -0.251544 12.993 -0.25151 -0.0162913 -0.967718 -77.3729 -0.00409798 0.999867 -0.0157675 -11.5659 0 0 0 1 
Seq_Frame0112_DriverTipToDriver-SequenceTransformStatus = OK
Seq_Frame0112_Timestamp = 11.849
Seq_Frame0113_DriverTipToDriver-SequenceTransform =0.967846 3.03577e-17 -0.251544 12.993 -0.25151 -0.0162913 -0.967718 -77.3729 -0.00409798 0.999867 -0.0157675 -11.5659 0 0 0 1 
Seq_Frame0113_DriverTipToDriver-SequenceTransformStatus = OK
Seq_Frame0113_Timestamp = 11.956
Seq_Frame0114_DriverTipToDriver-SequenceTransform =0.967846 3.03577e-17 -0.251544 12.993 -0.25151 -0.0162913 -0.967718 -77.3729 -0.00409798 0.999867 -0.0157675 -11.5659 0 0 0 1 
Seq_Frame0114_DriverTipToDriver-SequenceTransformStatus = OK
Seq_Frame0114_Timestamp = 12.064
Seq_Frame0115_DriverTipToDriver-SequenceTransform =0.967846 3.03577e-17 -0.251544 12.993 -0.25151 -0.0162913 -0.967718 -77.3729 -0.00409798 0.999867 -0.0157675 -11.5659 0 0 0 1 
Seq_Frame0115_DriverTipToDriver-SequenceTransformStatus = OK
Seq_Frame0115_Timestamp = 12.172
Seq_Frame0116_DriverTipToDriver-SequenceTransform =0.967846 3.03577e-17 -0.251544 12.993 -0.25151 -0.0162913 -0.967718 -77.3729 -0.00409798 0.999867 -0.0157675 -11.5659 0 0 0 1 
Seq_Frame0116_DriverTipToDriver-SequenceTransformStatus = OK
Seq_Frame0116_Timestamp = 12.28
Seq_Frame0117_DriverTipToDriver-SequenceTransform =0.967846 3.03577e-17 -0.251544 12.993 -0.25151 -0.0162913 -0.967718 -77.3729 -0.00409798 0.999867 -0.0157675 -11.5659 0 0 0 1 
Seq_Frame0117_DriverTipToDriver-SequenceTransformStatus = OK
Seq_Frame0117_Timestamp = 12.387
Seq_Frame0118_DriverTipToDriver-SequenceTransform =0.967846 3.03577e-17 -0.251544 12.993 -0.25151 -0.0162913 -0.967718 -77.3729 -0.00409798 0.999867 -0.0157675 -11.5659 0 0 0 1 
Seq_Frame0118_DriverTipToDriver-SequenceTransformStatus = OK
Seq_Frame0118_Timestamp = 12.492
Seq_Frame0119_DriverTipToDriver-SequenceTransform =0.967846 3.03577e-17 -0.251544 12.993 -0.25151 -0.0162913 -0.967718 -77.3729 -0.00409798 0.999867 -0.0157675 -11.5659 0 0 0 1 
Seq_Frame0119_DriverTipToDriver-SequenceTransformStatus = OK
Seq_Frame0119_Timestamp = 12.602
Seq_Frame0120_DriverTipToDriver-SequenceTransform =0.967846 3.03577e-17 -0.251544 12.993 -0.25151 -0.0162913 -0.967718 -77.3729 -0.00409798 0.999867 -0.0157675 -11.5659 0 0 0 1 
Seq_Frame0120_DriverTipToDriver-SequenceTransformStatus = OK
Seq_Frame0120_Timestamp = 12.708
Seq_Frame0121_DriverTipToDriver-SequenceTransform =0.967846 3.03577e-17 -0.251544 12.993 -0.25151 -0.0162913 -0.967718 -77.3729 -0.00409798 0.999867 -0.0157675 -11.5659 0 0 0 1 
Seq_Frame0121_DriverTipToDriver-SequenceTransformStatus = OK
Seq_Frame0121_Timestamp = 12.815
Seq_Frame0122_DriverTipToDriver-SequenceTransform =0.967846 3.03577e-17 -0.251544 12.993 -0.25151 -0.0162913 -0.967718 -77.3729 -0.00409798 0.999867 -0.0157675 -11.5659 0 0 0 1 
Seq_Frame0122_DriverTipToDriver-SequenceTransformStatus = OK
Seq_Frame0122_Timestamp = 12.92
Seq_Frame0123_DriverTipToDriver-SequenceTransform =0.967846 3.03577e-17 -0.251544 12.993 -0.25151 -0.0162913 -0.967718 -77.3729 -0.00409798 0.999867 -0.0157675 -11.5659 0 0 0 1 
Seq_Frame0123_DriverTipToDriver-SequenceTransformStatus = OK
Seq_Frame0123_Timestamp = 13.029
Seq_Frame0124_DriverTipToDriver-SequenceTransform =0.967846 3.03577e-17 -0.251544 12.993 -0.25151 -0.0162913 -0.967718 -77.3729 -0.00409798 0.999867 -0.0157675 -11.5659 0 0 0 1 
Seq_Frame0124_DriverTipToDriver-SequenceTransformStatus = OK
Seq_Frame0124_Timestamp = 13.133
Seq_Frame0125_DriverTipToDriver-SequenceTransform =0.967846 3.03577e-17 -0.251544 12.993 -0.25151 -0.0162913 -0.967718 -77.3729 -0.00409798 0.999867 -0.0157675 -11.5659 0 0 0 1 
Seq_Frame0125_DriverTipToDriver-SequenceTransformStatus = OK
Seq_Frame0125_Timestamp = 13.239
Seq_Frame0126_DriverTipToDriver-SequenceTransform =0.967846 3.03577e-17 -0.251544 12.993 -0.25151 -0.0162913 -0.967718 -77.3729 -0.00409798 0.999867 -0.0157675 -11.5659 0 0 0 1 
Seq_Frame0126_DriverTipToDriver-SequenceTransformStatus = OK
Seq_Frame0126_Timestamp = 13.349
Seq_Frame0127_DriverTipToDriver-SequenceTransform =0.967846 3.03577e-17 -0.251544 12.993 -0.25151 -0.0162913 -0.967718 -77.3729 -0.00409798 0.999867 -0.0157675 -11.5659 0 0 0 1 
Seq_Frame0127_DriverTipToDriver-SequenceTransformStatus = OK
Seq_Frame0127_Timestamp = 13.453
Seq_Frame0128_DriverTipToDriver-SequenceTransform =0.967846 3.03577e-17 -0.251544 12.993 -0.25151 -0.0162913 -0.967718 -77.3729 -0.00409798 0.999867 -0.0157675 -11.5659 0 0 0 1 
Seq_Frame0128_DriverTipToDriver-SequenceTransformStatus = OK
Seq_Frame0128_Timestamp = 13.563
Seq_Frame0129_DriverTipToDriver-SequenceTransform =0.967846 3.03577e-17 -0.251544 12.993 -0.25151 -0.0162913 -0.967718 -77.3729 -0.00409798 0.999867 -0.0157675 -11.5659 0 0 0 1 
Seq_Frame0129_DriverTipToDriver-SequenceTransformStatus = OK
Seq_Frame0129_Timestamp = 13.668
Seq_Frame0130_DriverTipToDriver-SequenceTransform =0.967846 3.03577e-17 -0.251544 12.993 -0.25151 -0.0162913 -0.967718 -77.3729 -0.00409798 0.999867 -0.0157675 -11.5659 0 0 0 1 
Seq_Frame0130_DriverTipToDriver-SequenceTransformStatus = OK
Seq_Frame0130_Timestamp = 13.778
Seq_Frame0131_DriverTipToDriver-SequenceTransform =0.967846 3.03577e-17 -0.251544 12.993 -0.25151 -0.0162913 -0.967718 -77.3729 -0.00409798 0.999867 -0.0157675 -11.5659 0 0 0 1 
Seq_Frame0131_DriverTipToDriver-SequenceTransformStatus = OK
Seq_Frame0131_Timestamp = 13.881
Seq_Frame0132_DriverTipToDriver-SequenceTransform =0.967846 3.03577e-17 -0.251544 12.993 -0.25151 -0.0162913 -0.967718 -77.3729 -0.00409798 0.999867 -0.0157675 -11.5659 0 0 0 1 
Seq_Frame0132_DriverTipToDriver-SequenceTransformStatus = OK
Seq_Frame0132_Timestamp = 13.993
Seq_Frame0133_DriverTipToDriver-SequenceTransform =0.967846 3.03577e-17 -0.251544 12.993 -0.25151 -0.0162913 -0.967718 -77.3729 -0.00409798 0.999867 -0.0157675 -11.5659 0 0 0 1 
Seq_Frame0133_DriverTipToDriver-SequenceTransformStatus = OK
Seq_Frame0133_Timestamp = 14.094
Seq_Frame0134_DriverTipToDriver-SequenceTransform =0.967846 3.03577e-17 -0.251544 12.993 -0.25151 -0.0162913 -0.967718 -77.3729 -0.00409798 0.999867 -0.0157675 -11.5659 0 0 0 1 
Seq_Frame0134_DriverTipToDriver-SequenceTransformStatus = OK
Seq_Frame0134_Timestamp = 14.21
Seq_Frame0135_DriverTipToDriver-SequenceTransform =0.967846 3.03577e-17 -0.251544 12.993 -0.25151 -0.0162913 -0.967718 -77.3729 -0.00409798 0.999867 -0.0157675 -11.5659 0 0 0 1 
Seq_Frame0135_DriverTipToDriver-SequenceTransformStatus = OK
Seq_Frame0135_Timestamp = 14.325
Seq_Frame0136_DriverTipToDriver-SequenceTransform =0.967846 3.03577e-17 -0.251544 12.993 -0.25151 -0.0162913 -0.967718 -77.3729 -0.00409798 0.999867 -0.0157675 -11.5659 0 0 0 1 
Seq_Frame0136_DriverTipToDriver-SequenceTransformStatus = OK
Seq_Frame0136_Timestamp = 14.433
Seq_Frame0137_DriverTipToDriver-SequenceTransform =0.967846 3.03577e-17 -0.251544 12.993 -0.25151 -0.0162913 -0.967718 -77.3729 -0.00409798 0.999867 -0.0157675 -11.5659 0 0 0 1 
Seq_Frame0137_DriverTipToDriver-SequenceTransformStatus = OK
Seq_Frame0137_Timestamp = 14.541
Seq_Frame0138_DriverTipToDriver-SequenceTransform =0.967846 3.03577e-17 -0.251544 12.993 -0.25151 -0.0162913 -0.967718 -77.3729 -0.00409798 0.999867 -0.0157675 -11.5659 0 0 0 1 
Seq_Frame0138_DriverTipToDriver-SequenceTransformStatus = OK
Seq_Frame0138_Timestamp = 14.646
Seq_Frame0139_DriverTipToDriver-SequenceTransform =0.967846 3.03577e-17 -0.251544 12.993 -0.25151 -0.0162913 -0.967718 -77.3729 -0.00409798 0.999867 -0.0157675 -11.5659 0 0 0 1 
Seq_Frame0139_DriverTipToDriver-SequenceTransformStatus = OK
Seq_Frame0139_Timestamp = 15.767
Seq_Frame0140_DriverTipToDriver-SequenceTransform =0.967846 3.03577e-17 -0.251544 12.993 -0.25151 -0.0162913 -0.967718 -77.3729 -0.00409798 0.999867 -0.0157675 -11.5659 0 0 0 1 
Seq_Frame0140_DriverTipToDriver-SequenceTransformStatus = OK
Seq_Frame0140_Timestamp = 15.875
Seq_Frame0141_DriverTipToDriver-SequenceTransform =0.967846 3.03577e-17 -0.251544 12.993 -0.25151 -0.0162913 -0.967718 -77.3729 -0.00409798 0.999867 -0.0157675 -11.5659 0 0 0 1 
Seq_Frame0141_DriverTipToDriver-SequenceTransformStatus = OK
Seq_Frame0141_Timestamp = 15.978
Seq_Frame0142_DriverTipToDriver-SequenceTransform =0.967846 3.03577e-17 -0.251544 12.993 -0.25151 -0.0162913 -0.967718 -77.3729 -0.00409798 0.999867 -0.0157675 -11.5659 0 0 0 1 
Seq_Frame0142_DriverTipToDriver-SequenceTransformStatus = OK
Seq_Frame0142_Timestamp = 16.083
Seq_Frame0143_DriverTipToDriver-SequenceTransform =0.967846 3.03577e-17 -0.251544 12.993 -0.25151 -0.0162913 -0.967718 -77.3729 -0.00409798 0.999867 -0.0157675 -11.5659 0 0 0 1 
Seq_Frame0143_DriverTipToDriver-SequenceTransformStatus = OK
Seq_Frame0143_Timestamp = 16.192
Seq_Frame0144_DriverTipToDriver-SequenceTransform =0.967846 3.03577e-17 -0.251544 12.993 -0.25151 -0.0162913 -0.967718 -77.3729 -0.00409798 0.999867 -0.0157675 -11.5659 0 0 0 1 
Seq_Frame0144_DriverTipToDriver-SequenceTransformStatus = OK
Seq_Frame0144_Timestamp = 16.298
Seq_Frame0145_DriverTipToDriver-SequenceTransform =0.967846 3.03577e-17 -0.251544 12.993 -0.25151 -0.0162913 -0.967718 -77.3729 -0.00409798 0.999867 -0.0157675 -11.5659 0 0 0 1 
Seq_Frame0145_DriverTipToDriver-SequenceTransformStatus = OK
Seq_Frame0145_Timestamp = 16.406
