ObjectType = Image
NDims = 3
AnatomicalOrientation = RAI
BinaryData = True
CompressedData = False
DimSize = 0 0 3491
ElementSpacing = 1 1 1
Offset = 0 0 0
TransformMatrix = 1 0 0 0 1 0 0 0 1
ElementType = MET_UCHAR
Kinds = domain domain list
Seq_Frame0000_DriverToReference-SequenceTransform =-0.931417 -0.348414 0.105211 111.222 -0.102609 0.528734 0.842563 26.9917 -0.34919 0.773982 -0.528222 46.1737 0 0 0 1 
Seq_Frame0000_DriverToReference-SequenceTransformStatus = OK
Seq_Frame0000_Timestamp = 0.00300002
Seq_Frame0001_DriverToReference-SequenceTransform =-0.934776 -0.34181 0.096742 111.392 -0.106677 0.529864 0.841347 26.9557 -0.338841 0.776151 -0.531767 46.456 0 0 0 1 
Seq_Frame0001_DriverToReference-SequenceTransformStatus = OK
Seq_Frame0001_Timestamp = 0.112
Seq_Frame0002_DriverToReference-SequenceTransform =-0.939439 -0.332223 0.0841498 111.538 -0.112812 0.531624 0.839434 26.8819 -0.323616 0.779104 -0.536907 46.85 0 0 0 1 
Seq_Frame0002_DriverToReference-SequenceTransformStatus = OK
Seq_Frame0002_Timestamp = 0.218
Seq_Frame0003_DriverToReference-SequenceTransform =-0.956649 -0.27488 0.0962466 110.793 -0.071992 0.543401 0.836381 27.2997 -0.282205 0.793194 -0.539633 45.6631 0 0 0 1 
Seq_Frame0003_DriverToReference-SequenceTransformStatus = OK
Seq_Frame0003_Timestamp = 0.334
Seq_Frame0004_DriverToReference-SequenceTransform =-0.948497 -0.246348 0.199164 108.89 0.0239034 0.571252 0.820426 27.9654 -0.315883 0.782933 -0.535943 45.0463 0 0 0 1 
Seq_Frame0004_DriverToReference-SequenceTransformStatus = OK
Seq_Frame0004_Timestamp = 0.437
Seq_Frame0005_DriverToReference-SequenceTransform =-0.948497 -0.246348 0.199164 108.89 0.0239034 0.571252 0.820426 27.9654 -0.315883 0.782933 -0.535943 45.0463 0 0 0 1 
Seq_Frame0005_DriverToReference-SequenceTransformStatus = OK
Seq_Frame0005_Timestamp = 0.542
Seq_Frame0006_DriverToReference-SequenceTransform =-0.948497 -0.246348 0.199164 108.89 0.0239034 0.571252 0.820426 27.9654 -0.315883 0.782933 -0.535943 45.0463 0 0 0 1 
Seq_Frame0006_DriverToReference-SequenceTransformStatus = OK
Seq_Frame0006_Timestamp = 0.647
Seq_Frame0007_DriverToReference-SequenceTransform =-0.948497 -0.246348 0.199164 108.89 0.0239034 0.571252 0.820426 27.9654 -0.315883 0.782933 -0.535943 45.0463 0 0 0 1 
Seq_Frame0007_DriverToReference-SequenceTransformStatus = OK
Seq_Frame0007_Timestamp = 0.751
Seq_Frame0008_DriverToReference-SequenceTransform =-0.948497 -0.246348 0.199164 108.89 0.0239034 0.571252 0.820426 27.9654 -0.315883 0.782933 -0.535943 45.0463 0 0 0 1 
Seq_Frame0008_DriverToReference-SequenceTransformStatus = OK
Seq_Frame0008_Timestamp = 0.854
Seq_Frame0009_DriverToReference-SequenceTransform =-0.948497 -0.246348 0.199164 108.89 0.0239034 0.571252 0.820426 27.9654 -0.315883 0.782933 -0.535943 45.0463 0 0 0 1 
Seq_Frame0009_DriverToReference-SequenceTransformStatus = OK
Seq_Frame0009_Timestamp = 0.963
Seq_Frame0010_DriverToReference-SequenceTransform =-0.48094 -0.7814 -0.397632 88.3719 -0.767838 0.156458 0.621245 187.232 -0.423228 0.604098 -0.675236 57.9249 0 0 0 1 
Seq_Frame0010_DriverToReference-SequenceTransformStatus = OK
Seq_Frame0010_Timestamp = 1.067
Seq_Frame0011_DriverToReference-SequenceTransform =-0.37234 -0.844138 -0.385738 86.8275 -0.775759 0.0549175 0.628635 221.957 -0.509471 0.533306 -0.675296 77.4967 0 0 0 1 
Seq_Frame0011_DriverToReference-SequenceTransformStatus = OK
Seq_Frame0011_Timestamp = 1.172
Seq_Frame0012_DriverToReference-SequenceTransform =-0.337976 -0.827169 -0.448958 84.6255 -0.792969 -0.00666372 0.609226 234.438 -0.506924 0.561914 -0.653667 83.4111 0 0 0 1 
Seq_Frame0012_DriverToReference-SequenceTransformStatus = OK
Seq_Frame0012_Timestamp = 1.278
Seq_Frame0013_DriverToReference-SequenceTransform =-0.285811 -0.849459 -0.443545 87.2925 -0.790115 -0.0530123 0.610661 238.346 -0.542245 0.524985 -0.656019 92.6778 0 0 0 1 
Seq_Frame0013_DriverToReference-SequenceTransformStatus = OK
Seq_Frame0013_Timestamp = 1.391
Seq_Frame0014_DriverToReference-SequenceTransform =-0.26893 -0.945623 -0.182958 94.3149 -0.697907 0.0604079 0.713636 235.053 -0.663778 0.319606 -0.676203 105.907 0 0 0 1 
Seq_Frame0014_DriverToReference-SequenceTransformStatus = OK
Seq_Frame0014_Timestamp = 1.492
Seq_Frame0015_DriverToReference-SequenceTransform =-0.255442 -0.947749 -0.191104 96.5829 -0.708738 0.0491163 0.70376 235.689 -0.657602 0.315212 -0.684252 106.43 0 0 0 1 
Seq_Frame0015_DriverToReference-SequenceTransformStatus = OK
Seq_Frame0015_Timestamp = 1.593
Seq_Frame0016_DriverToReference-SequenceTransform =-0.145725 -0.948237 -0.282153 96.0373 -0.796241 -0.0568525 0.602302 243.503 -0.587167 0.312432 -0.746741 105.305 0 0 0 1 
Seq_Frame0016_DriverToReference-SequenceTransformStatus = OK
Seq_Frame0016_Timestamp = 1.693
Seq_Frame0017_DriverToReference-SequenceTransform =-0.122001 -0.929632 -0.347708 99.8852 -0.849618 -0.0832867 0.520781 249.06 -0.513094 0.358955 -0.779671 104.653 0 0 0 1 
Seq_Frame0017_DriverToReference-SequenceTransformStatus = OK
Seq_Frame0017_Timestamp = 1.802
Seq_Frame0018_DriverToReference-SequenceTransform =-0.0828347 -0.892781 -0.44281 100.838 -0.792116 -0.210644 0.572871 252.796 -0.604724 0.398211 -0.689737 109.573 0 0 0 1 
Seq_Frame0018_DriverToReference-SequenceTransformStatus = OK
Seq_Frame0018_Timestamp = 1.903
Seq_Frame0019_DriverToReference-SequenceTransform =-0.0213943 -0.81922 -0.57308 99.559 -0.728573 -0.379755 0.57006 264.24 -0.684634 0.429726 -0.588737 112.763 0 0 0 1 
Seq_Frame0019_DriverToReference-SequenceTransformStatus = OK
Seq_Frame0019_Timestamp = 2.012
Seq_Frame0020_DriverToReference-SequenceTransform =-0.0462473 -0.759659 -0.648675 93.1728 -0.671433 -0.457163 0.58325 268.964 -0.739621 0.462516 -0.488917 118.339 0 0 0 1 
Seq_Frame0020_DriverToReference-SequenceTransformStatus = OK
Seq_Frame0020_Timestamp = 2.113
Seq_Frame0021_DriverToReference-SequenceTransform =-0.0816569 -0.796767 -0.598745 90.6502 -0.595076 -0.442939 0.670589 270.789 -0.79951 0.411057 -0.437968 123.055 0 0 0 1 
Seq_Frame0021_DriverToReference-SequenceTransformStatus = OK
Seq_Frame0021_Timestamp = 2.214
Seq_Frame0022_DriverToReference-SequenceTransform =-0.0338391 -0.733534 -0.67881 82.8575 -0.657774 -0.495013 0.567711 279.827 -0.752455 0.465714 -0.465749 121.081 0 0 0 1 
Seq_Frame0022_DriverToReference-SequenceTransformStatus = OK
Seq_Frame0022_Timestamp = 2.317
Seq_Frame0023_DriverToReference-SequenceTransform =-0.0417557 -0.603011 -0.79664 79.6195 -0.785034 -0.473417 0.399497 286.014 -0.618044 0.64207 -0.453616 112.389 0 0 0 1 
Seq_Frame0023_DriverToReference-SequenceTransformStatus = OK
Seq_Frame0023_Timestamp = 2.418
Seq_Frame0024_DriverToReference-SequenceTransform =-0.0711545 -0.666708 -0.741915 81.9995 -0.805947 -0.399811 0.436578 288.126 -0.587695 0.629009 -0.508883 113.234 0 0 0 1 
Seq_Frame0024_DriverToReference-SequenceTransformStatus = OK
Seq_Frame0024_Timestamp = 2.526
Seq_Frame0025_DriverToReference-SequenceTransform =-0.0459451 -0.706134 -0.706586 83.0078 -0.783205 -0.413592 0.464254 286.635 -0.620064 0.574732 -0.534045 114.852 0 0 0 1 
Seq_Frame0025_DriverToReference-SequenceTransformStatus = OK
Seq_Frame0025_Timestamp = 2.627
Seq_Frame0026_DriverToReference-SequenceTransform =0.0896968 -0.73376 -0.673462 78.0726 -0.850451 -0.408347 0.331639 288.162 -0.51835 0.543 -0.660655 117.336 0 0 0 1 
Seq_Frame0026_DriverToReference-SequenceTransformStatus = OK
Seq_Frame0026_Timestamp = 2.733
Seq_Frame0027_DriverToReference-SequenceTransform =0.396755 -0.479114 -0.782966 71.6623 -0.88065 -0.439282 -0.177448 285.393 -0.258925 0.759922 -0.596219 114.712 0 0 0 1 
Seq_Frame0027_DriverToReference-SequenceTransformStatus = OK
Seq_Frame0027_Timestamp = 2.835
Seq_Frame0028_DriverToReference-SequenceTransform =0.328119 -0.411511 -0.850292 84.6089 -0.895505 -0.422016 -0.141326 289.553 -0.300679 0.807813 -0.506982 126.679 0 0 0 1 
Seq_Frame0028_DriverToReference-SequenceTransformStatus = OK
Seq_Frame0028_Timestamp = 2.948
Seq_Frame0029_DriverToReference-SequenceTransform =0.450425 -0.263696 -0.852984 88.8004 -0.836849 -0.457631 -0.30043 288.917 -0.31113 0.84914 -0.426802 136.7 0 0 0 1 
Seq_Frame0029_DriverToReference-SequenceTransformStatus = OK
Seq_Frame0029_Timestamp = 3.054
Seq_Frame0030_DriverToReference-SequenceTransform =0.55624 -0.254824 -0.790988 98.1234 -0.807405 -0.391024 -0.441812 275.372 -0.196711 0.884401 -0.423249 144.59 0 0 0 1 
Seq_Frame0030_DriverToReference-SequenceTransformStatus = OK
Seq_Frame0030_Timestamp = 3.155
Seq_Frame0031_DriverToReference-SequenceTransform =0.561164 -0.0955633 -0.822169 100.405 -0.780405 -0.392065 -0.487087 261.186 -0.275796 0.914961 -0.294591 154.529 0 0 0 1 
Seq_Frame0031_DriverToReference-SequenceTransformStatus = OK
Seq_Frame0031_Timestamp = 3.264
Seq_Frame0032_DriverToReference-SequenceTransform =0.472081 0.032665 -0.88095 107.92 -0.734384 -0.538238 -0.413497 254.241 -0.487667 0.84216 -0.230103 167.2 0 0 0 1 
Seq_Frame0032_DriverToReference-SequenceTransformStatus = OK
Seq_Frame0032_Timestamp = 3.368
Seq_Frame0033_DriverToReference-SequenceTransform =0.677656 0.259429 -0.688098 106.845 -0.601587 -0.342579 -0.721618 235.936 -0.422937 0.90296 -0.0760809 167.67 0 0 0 1 
Seq_Frame0033_DriverToReference-SequenceTransformStatus = OK
Seq_Frame0033_Timestamp = 3.469
Seq_Frame0034_DriverToReference-SequenceTransform =0.709722 0.267897 -0.651557 106.696 -0.579641 -0.303585 -0.756209 233.483 -0.400389 0.914367 -0.0601772 168.35 0 0 0 1 
Seq_Frame0034_DriverToReference-SequenceTransformStatus = OK
Seq_Frame0034_Timestamp = 3.578
Seq_Frame0035_DriverToReference-SequenceTransform =0.709722 0.267897 -0.651557 106.696 -0.579641 -0.303585 -0.756209 233.483 -0.400389 0.914367 -0.0601772 168.35 0 0 0 1 
Seq_Frame0035_DriverToReference-SequenceTransformStatus = OK
Seq_Frame0035_Timestamp = 3.685
Seq_Frame0036_DriverToReference-SequenceTransform =0.709722 0.267897 -0.651557 106.696 -0.579641 -0.303585 -0.756209 233.483 -0.400389 0.914367 -0.0601772 168.35 0 0 0 1 
Seq_Frame0036_DriverToReference-SequenceTransformStatus = OK
Seq_Frame0036_Timestamp = 3.787
Seq_Frame0037_DriverToReference-SequenceTransform =0.709722 0.267897 -0.651557 106.696 -0.579641 -0.303585 -0.756209 233.483 -0.400389 0.914367 -0.0601772 168.35 0 0 0 1 
Seq_Frame0037_DriverToReference-SequenceTransformStatus = OK
Seq_Frame0037_Timestamp = 3.893
Seq_Frame0038_DriverToReference-SequenceTransform =0.709722 0.267897 -0.651557 106.696 -0.579641 -0.303585 -0.756209 233.483 -0.400389 0.914367 -0.0601772 168.35 0 0 0 1 
Seq_Frame0038_DriverToReference-SequenceTransformStatus = OK
Seq_Frame0038_Timestamp = 4.001
Seq_Frame0039_DriverToReference-SequenceTransform =0.709722 0.267897 -0.651557 106.696 -0.579641 -0.303585 -0.756209 233.483 -0.400389 0.914367 -0.0601772 168.35 0 0 0 1 
Seq_Frame0039_DriverToReference-SequenceTransformStatus = OK
Seq_Frame0039_Timestamp = 4.102
Seq_Frame0040_DriverToReference-SequenceTransform =0.709722 0.267897 -0.651557 106.696 -0.579641 -0.303585 -0.756209 233.483 -0.400389 0.914367 -0.0601772 168.35 0 0 0 1 
Seq_Frame0040_DriverToReference-SequenceTransformStatus = OK
Seq_Frame0040_Timestamp = 4.202
Seq_Frame0041_DriverToReference-SequenceTransform =0.709722 0.267897 -0.651557 106.696 -0.579641 -0.303585 -0.756209 233.483 -0.400389 0.914367 -0.0601772 168.35 0 0 0 1 
Seq_Frame0041_DriverToReference-SequenceTransformStatus = OK
Seq_Frame0041_Timestamp = 4.303
Seq_Frame0042_DriverToReference-SequenceTransform =0.709722 0.267897 -0.651557 106.696 -0.579641 -0.303585 -0.756209 233.483 -0.400389 0.914367 -0.0601772 168.35 0 0 0 1 
Seq_Frame0042_DriverToReference-SequenceTransformStatus = OK
Seq_Frame0042_Timestamp = 4.407
Seq_Frame0043_DriverToReference-SequenceTransform =0.709722 0.267897 -0.651557 106.696 -0.579641 -0.303585 -0.756209 233.483 -0.400389 0.914367 -0.0601772 168.35 0 0 0 1 
Seq_Frame0043_DriverToReference-SequenceTransformStatus = OK
Seq_Frame0043_Timestamp = 4.527
Seq_Frame0044_DriverToReference-SequenceTransform =0.709722 0.267897 -0.651557 106.696 -0.579641 -0.303585 -0.756209 233.483 -0.400389 0.914367 -0.0601772 168.35 0 0 0 1 
Seq_Frame0044_DriverToReference-SequenceTransformStatus = OK
Seq_Frame0044_Timestamp = 4.627
Seq_Frame0045_DriverToReference-SequenceTransform =0.709722 0.267897 -0.651557 106.696 -0.579641 -0.303585 -0.756209 233.483 -0.400389 0.914367 -0.0601772 168.35 0 0 0 1 
Seq_Frame0045_DriverToReference-SequenceTransformStatus = OK
Seq_Frame0045_Timestamp = 4.734
Seq_Frame0046_DriverToReference-SequenceTransform =0.709722 0.267897 -0.651557 106.696 -0.579641 -0.303585 -0.756209 233.483 -0.400389 0.914367 -0.0601772 168.35 0 0 0 1 
Seq_Frame0046_DriverToReference-SequenceTransformStatus = OK
Seq_Frame0046_Timestamp = 4.835
Seq_Frame0047_DriverToReference-SequenceTransform =0.709722 0.267897 -0.651557 106.696 -0.579641 -0.303585 -0.756209 233.483 -0.400389 0.914367 -0.0601772 168.35 0 0 0 1 
Seq_Frame0047_DriverToReference-SequenceTransformStatus = OK
Seq_Frame0047_Timestamp = 4.938
Seq_Frame0048_DriverToReference-SequenceTransform =0.709722 0.267897 -0.651557 106.696 -0.579641 -0.303585 -0.756209 233.483 -0.400389 0.914367 -0.0601772 168.35 0 0 0 1 
Seq_Frame0048_DriverToReference-SequenceTransformStatus = OK
Seq_Frame0048_Timestamp = 5.042
Seq_Frame0049_DriverToReference-SequenceTransform =0.709722 0.267897 -0.651557 106.696 -0.579641 -0.303585 -0.756209 233.483 -0.400389 0.914367 -0.0601772 168.35 0 0 0 1 
Seq_Frame0049_DriverToReference-SequenceTransformStatus = OK
Seq_Frame0049_Timestamp = 5.143
Seq_Frame0050_DriverToReference-SequenceTransform =0.709722 0.267897 -0.651557 106.696 -0.579641 -0.303585 -0.756209 233.483 -0.400389 0.914367 -0.0601772 168.35 0 0 0 1 
Seq_Frame0050_DriverToReference-SequenceTransformStatus = OK
Seq_Frame0050_Timestamp = 5.251
Seq_Frame0051_DriverToReference-SequenceTransform =0.709722 0.267897 -0.651557 106.696 -0.579641 -0.303585 -0.756209 233.483 -0.400389 0.914367 -0.0601772 168.35 0 0 0 1 
Seq_Frame0051_DriverToReference-SequenceTransformStatus = OK
Seq_Frame0051_Timestamp = 5.352
Seq_Frame0052_DriverToReference-SequenceTransform =0.709722 0.267897 -0.651557 106.696 -0.579641 -0.303585 -0.756209 233.483 -0.400389 0.914367 -0.0601772 168.35 0 0 0 1 
Seq_Frame0052_DriverToReference-SequenceTransformStatus = OK
Seq_Frame0052_Timestamp = 5.452
Seq_Frame0053_DriverToReference-SequenceTransform =0.709722 0.267897 -0.651557 106.696 -0.579641 -0.303585 -0.756209 233.483 -0.400389 0.914367 -0.0601772 168.35 0 0 0 1 
Seq_Frame0053_DriverToReference-SequenceTransformStatus = OK
Seq_Frame0053_Timestamp = 5.56
Seq_Frame0054_DriverToReference-SequenceTransform =0.709722 0.267897 -0.651557 106.696 -0.579641 -0.303585 -0.756209 233.483 -0.400389 0.914367 -0.0601772 168.35 0 0 0 1 
Seq_Frame0054_DriverToReference-SequenceTransformStatus = OK
Seq_Frame0054_Timestamp = 5.673
Seq_Frame0055_DriverToReference-SequenceTransform =0.709722 0.267897 -0.651557 106.696 -0.579641 -0.303585 -0.756209 233.483 -0.400389 0.914367 -0.0601772 168.35 0 0 0 1 
Seq_Frame0055_DriverToReference-SequenceTransformStatus = OK
Seq_Frame0055_Timestamp = 5.778
Seq_Frame0056_DriverToReference-SequenceTransform =0.709722 0.267897 -0.651557 106.696 -0.579641 -0.303585 -0.756209 233.483 -0.400389 0.914367 -0.0601772 168.35 0 0 0 1 
Seq_Frame0056_DriverToReference-SequenceTransformStatus = OK
Seq_Frame0056_Timestamp = 5.882
Seq_Frame0057_DriverToReference-SequenceTransform =0.709722 0.267897 -0.651557 106.696 -0.579641 -0.303585 -0.756209 233.483 -0.400389 0.914367 -0.0601772 168.35 0 0 0 1 
Seq_Frame0057_DriverToReference-SequenceTransformStatus = OK
Seq_Frame0057_Timestamp = 5.987
Seq_Frame0058_DriverToReference-SequenceTransform =0.709722 0.267897 -0.651557 106.696 -0.579641 -0.303585 -0.756209 233.483 -0.400389 0.914367 -0.0601772 168.35 0 0 0 1 
Seq_Frame0058_DriverToReference-SequenceTransformStatus = OK
Seq_Frame0058_Timestamp = 6.093
Seq_Frame0059_DriverToReference-SequenceTransform =0.709722 0.267897 -0.651557 106.696 -0.579641 -0.303585 -0.756209 233.483 -0.400389 0.914367 -0.0601772 168.35 0 0 0 1 
Seq_Frame0059_DriverToReference-SequenceTransformStatus = OK
Seq_Frame0059_Timestamp = 6.201
Seq_Frame0060_DriverToReference-SequenceTransform =0.709722 0.267897 -0.651557 106.696 -0.579641 -0.303585 -0.756209 233.483 -0.400389 0.914367 -0.0601772 168.35 0 0 0 1 
Seq_Frame0060_DriverToReference-SequenceTransformStatus = OK
Seq_Frame0060_Timestamp = 6.301
Seq_Frame0061_DriverToReference-SequenceTransform =0.709722 0.267897 -0.651557 106.696 -0.579641 -0.303585 -0.756209 233.483 -0.400389 0.914367 -0.0601772 168.35 0 0 0 1 
Seq_Frame0061_DriverToReference-SequenceTransformStatus = OK
Seq_Frame0061_Timestamp = 6.406
Seq_Frame0062_DriverToReference-SequenceTransform =0.709722 0.267897 -0.651557 106.696 -0.579641 -0.303585 -0.756209 233.483 -0.400389 0.914367 -0.0601772 168.35 0 0 0 1 
Seq_Frame0062_DriverToReference-SequenceTransformStatus = OK
Seq_Frame0062_Timestamp = 6.514
Seq_Frame0063_DriverToReference-SequenceTransform =0.709722 0.267897 -0.651557 106.696 -0.579641 -0.303585 -0.756209 233.483 -0.400389 0.914367 -0.0601772 168.35 0 0 0 1 
Seq_Frame0063_DriverToReference-SequenceTransformStatus = OK
Seq_Frame0063_Timestamp = 6.618
Seq_Frame0064_DriverToReference-SequenceTransform =0.709722 0.267897 -0.651557 106.696 -0.579641 -0.303585 -0.756209 233.483 -0.400389 0.914367 -0.0601772 168.35 0 0 0 1 
Seq_Frame0064_DriverToReference-SequenceTransformStatus = OK
Seq_Frame0064_Timestamp = 6.723
Seq_Frame0065_DriverToReference-SequenceTransform =0.709722 0.267897 -0.651557 106.696 -0.579641 -0.303585 -0.756209 233.483 -0.400389 0.914367 -0.0601772 168.35 0 0 0 1 
Seq_Frame0065_DriverToReference-SequenceTransformStatus = OK
Seq_Frame0065_Timestamp = 6.83
Seq_Frame0066_DriverToReference-SequenceTransform =0.709722 0.267897 -0.651557 106.696 -0.579641 -0.303585 -0.756209 233.483 -0.400389 0.914367 -0.0601772 168.35 0 0 0 1 
Seq_Frame0066_DriverToReference-SequenceTransformStatus = OK
Seq_Frame0066_Timestamp = 6.935
Seq_Frame0067_DriverToReference-SequenceTransform =0.709722 0.267897 -0.651557 106.696 -0.579641 -0.303585 -0.756209 233.483 -0.400389 0.914367 -0.0601772 168.35 0 0 0 1 
Seq_Frame0067_DriverToReference-SequenceTransformStatus = OK
Seq_Frame0067_Timestamp = 7.043
Seq_Frame0068_DriverToReference-SequenceTransform =0.709722 0.267897 -0.651557 106.696 -0.579641 -0.303585 -0.756209 233.483 -0.400389 0.914367 -0.0601772 168.35 0 0 0 1 
Seq_Frame0068_DriverToReference-SequenceTransformStatus = OK
Seq_Frame0068_Timestamp = 7.149
Seq_Frame0069_DriverToReference-SequenceTransform =0.709722 0.267897 -0.651557 106.696 -0.579641 -0.303585 -0.756209 233.483 -0.400389 0.914367 -0.0601772 168.35 0 0 0 1 
Seq_Frame0069_DriverToReference-SequenceTransformStatus = OK
Seq_Frame0069_Timestamp = 7.252
Seq_Frame0070_DriverToReference-SequenceTransform =0.709722 0.267897 -0.651557 106.696 -0.579641 -0.303585 -0.756209 233.483 -0.400389 0.914367 -0.0601772 168.35 0 0 0 1 
Seq_Frame0070_DriverToReference-SequenceTransformStatus = OK
Seq_Frame0070_Timestamp = 7.359
Seq_Frame0071_DriverToReference-SequenceTransform =0.709722 0.267897 -0.651557 106.696 -0.579641 -0.303585 -0.756209 233.483 -0.400389 0.914367 -0.0601772 168.35 0 0 0 1 
Seq_Frame0071_DriverToReference-SequenceTransformStatus = OK
Seq_Frame0071_Timestamp = 7.467
Seq_Frame0072_DriverToReference-SequenceTransform =0.709722 0.267897 -0.651557 106.696 -0.579641 -0.303585 -0.756209 233.483 -0.400389 0.914367 -0.0601772 168.35 0 0 0 1 
Seq_Frame0072_DriverToReference-SequenceTransformStatus = OK
Seq_Frame0072_Timestamp = 7.574
Seq_Frame0073_DriverToReference-SequenceTransform =0.709722 0.267897 -0.651557 106.696 -0.579641 -0.303585 -0.756209 233.483 -0.400389 0.914367 -0.0601772 168.35 0 0 0 1 
Seq_Frame0073_DriverToReference-SequenceTransformStatus = OK
Seq_Frame0073_Timestamp = 7.68
Seq_Frame0074_DriverToReference-SequenceTransform =0.709722 0.267897 -0.651557 106.696 -0.579641 -0.303585 -0.756209 233.483 -0.400389 0.914367 -0.0601772 168.35 0 0 0 1 
Seq_Frame0074_DriverToReference-SequenceTransformStatus = OK
Seq_Frame0074_Timestamp = 7.783
Seq_Frame0075_DriverToReference-SequenceTransform =0.709722 0.267897 -0.651557 106.696 -0.579641 -0.303585 -0.756209 233.483 -0.400389 0.914367 -0.0601772 168.35 0 0 0 1 
Seq_Frame0075_DriverToReference-SequenceTransformStatus = OK
Seq_Frame0075_Timestamp = 7.89
Seq_Frame0076_DriverToReference-SequenceTransform =0.709722 0.267897 -0.651557 106.696 -0.579641 -0.303585 -0.756209 233.483 -0.400389 0.914367 -0.0601772 168.35 0 0 0 1 
Seq_Frame0076_DriverToReference-SequenceTransformStatus = OK
Seq_Frame0076_Timestamp = 7.997
Seq_Frame0077_DriverToReference-SequenceTransform =0.709722 0.267897 -0.651557 106.696 -0.579641 -0.303585 -0.756209 233.483 -0.400389 0.914367 -0.0601772 168.35 0 0 0 1 
Seq_Frame0077_DriverToReference-SequenceTransformStatus = OK
Seq_Frame0077_Timestamp = 8.101
Seq_Frame0078_DriverToReference-SequenceTransform =0.709722 0.267897 -0.651557 106.696 -0.579641 -0.303585 -0.756209 233.483 -0.400389 0.914367 -0.0601772 168.35 0 0 0 1 
Seq_Frame0078_DriverToReference-SequenceTransformStatus = OK
Seq_Frame0078_Timestamp = 8.208
Seq_Frame0079_DriverToReference-SequenceTransform =0.709722 0.267897 -0.651557 106.696 -0.579641 -0.303585 -0.756209 233.483 -0.400389 0.914367 -0.0601772 168.35 0 0 0 1 
Seq_Frame0079_DriverToReference-SequenceTransformStatus = OK
Seq_Frame0079_Timestamp = 8.312
Seq_Frame0080_DriverToReference-SequenceTransform =0.709722 0.267897 -0.651557 106.696 -0.579641 -0.303585 -0.756209 233.483 -0.400389 0.914367 -0.0601772 168.35 0 0 0 1 
Seq_Frame0080_DriverToReference-SequenceTransformStatus = OK
Seq_Frame0080_Timestamp = 8.419
Seq_Frame0081_DriverToReference-SequenceTransform =0.709722 0.267897 -0.651557 106.696 -0.579641 -0.303585 -0.756209 233.483 -0.400389 0.914367 -0.0601772 168.35 0 0 0 1 
Seq_Frame0081_DriverToReference-SequenceTransformStatus = OK
Seq_Frame0081_Timestamp = 8.524
Seq_Frame0082_DriverToReference-SequenceTransform =0.709722 0.267897 -0.651557 106.696 -0.579641 -0.303585 -0.756209 233.483 -0.400389 0.914367 -0.0601772 168.35 0 0 0 1 
Seq_Frame0082_DriverToReference-SequenceTransformStatus = OK
Seq_Frame0082_Timestamp = 8.628
Seq_Frame0083_DriverToReference-SequenceTransform =0.709722 0.267897 -0.651557 106.696 -0.579641 -0.303585 -0.756209 233.483 -0.400389 0.914367 -0.0601772 168.35 0 0 0 1 
Seq_Frame0083_DriverToReference-SequenceTransformStatus = OK
Seq_Frame0083_Timestamp = 8.736
Seq_Frame0084_DriverToReference-SequenceTransform =0.709722 0.267897 -0.651557 106.696 -0.579641 -0.303585 -0.756209 233.483 -0.400389 0.914367 -0.0601772 168.35 0 0 0 1 
Seq_Frame0084_DriverToReference-SequenceTransformStatus = OK
Seq_Frame0084_Timestamp = 8.842
Seq_Frame0085_DriverToReference-SequenceTransform =0.709722 0.267897 -0.651557 106.696 -0.579641 -0.303585 -0.756209 233.483 -0.400389 0.914367 -0.0601772 168.35 0 0 0 1 
Seq_Frame0085_DriverToReference-SequenceTransformStatus = OK
Seq_Frame0085_Timestamp = 8.95
Seq_Frame0086_DriverToReference-SequenceTransform =0.709722 0.267897 -0.651557 106.696 -0.579641 -0.303585 -0.756209 233.483 -0.400389 0.914367 -0.0601772 168.35 0 0 0 1 
Seq_Frame0086_DriverToReference-SequenceTransformStatus = OK
Seq_Frame0086_Timestamp = 9.056
Seq_Frame0087_DriverToReference-SequenceTransform =0.709722 0.267897 -0.651557 106.696 -0.579641 -0.303585 -0.756209 233.483 -0.400389 0.914367 -0.0601772 168.35 0 0 0 1 
Seq_Frame0087_DriverToReference-SequenceTransformStatus = OK
Seq_Frame0087_Timestamp = 9.164
Seq_Frame0088_DriverToReference-SequenceTransform =0.709722 0.267897 -0.651557 106.696 -0.579641 -0.303585 -0.756209 233.483 -0.400389 0.914367 -0.0601772 168.35 0 0 0 1 
Seq_Frame0088_DriverToReference-SequenceTransformStatus = OK
Seq_Frame0088_Timestamp = 9.275
Seq_Frame0089_DriverToReference-SequenceTransform =0.709722 0.267897 -0.651557 106.696 -0.579641 -0.303585 -0.756209 233.483 -0.400389 0.914367 -0.0601772 168.35 0 0 0 1 
Seq_Frame0089_DriverToReference-SequenceTransformStatus = OK
Seq_Frame0089_Timestamp = 9.379
Seq_Frame0090_DriverToReference-SequenceTransform =0.709722 0.267897 -0.651557 106.696 -0.579641 -0.303585 -0.756209 233.483 -0.400389 0.914367 -0.0601772 168.35 0 0 0 1 
Seq_Frame0090_DriverToReference-SequenceTransformStatus = OK
Seq_Frame0090_Timestamp = 9.489
Seq_Frame0091_DriverToReference-SequenceTransform =0.709722 0.267897 -0.651557 106.696 -0.579641 -0.303585 -0.756209 233.483 -0.400389 0.914367 -0.0601772 168.35 0 0 0 1 
Seq_Frame0091_DriverToReference-SequenceTransformStatus = OK
Seq_Frame0091_Timestamp = 9.593
Seq_Frame0092_DriverToReference-SequenceTransform =0.709722 0.267897 -0.651557 106.696 -0.579641 -0.303585 -0.756209 233.483 -0.400389 0.914367 -0.0601772 168.35 0 0 0 1 
Seq_Frame0092_DriverToReference-SequenceTransformStatus = OK
Seq_Frame0092_Timestamp = 9.7
Seq_Frame0093_DriverToReference-SequenceTransform =0.709722 0.267897 -0.651557 106.696 -0.579641 -0.303585 -0.756209 233.483 -0.400389 0.914367 -0.0601772 168.35 0 0 0 1 
Seq_Frame0093_DriverToReference-SequenceTransformStatus = OK
Seq_Frame0093_Timestamp = 9.804
Seq_Frame0094_DriverToReference-SequenceTransform =-0.488078 -0.788004 0.375273 87.5061 -0.36815 0.575715 0.730081 239.425 -0.791357 0.21818 -0.571097 190.765 0 0 0 1 
Seq_Frame0094_DriverToReference-SequenceTransformStatus = OK
Seq_Frame0094_Timestamp = 9.918
Seq_Frame0095_DriverToReference-SequenceTransform =-0.544061 -0.765359 0.343836 64.0983 -0.450577 0.612201 0.649762 231.095 -0.707798 0.198586 -0.677928 174.256 0 0 0 1 
Seq_Frame0095_DriverToReference-SequenceTransformStatus = OK
Seq_Frame0095_Timestamp = 10.026
Seq_Frame0096_DriverToReference-SequenceTransform =-0.560373 -0.770344 0.304226 53.9561 -0.486248 0.603341 0.632094 222.872 -0.670481 0.206279 -0.712674 169.839 0 0 0 1 
Seq_Frame0096_DriverToReference-SequenceTransformStatus = OK
Seq_Frame0096_Timestamp = 10.132
Seq_Frame0097_DriverToReference-SequenceTransform =-0.560373 -0.770344 0.304226 53.9561 -0.486248 0.603341 0.632094 222.872 -0.670481 0.206279 -0.712674 169.839 0 0 0 1 
Seq_Frame0097_DriverToReference-SequenceTransformStatus = OK
Seq_Frame0097_Timestamp = 10.241
Seq_Frame0098_DriverToReference-SequenceTransform =-0.560373 -0.770344 0.304226 53.9561 -0.486248 0.603341 0.632094 222.872 -0.670481 0.206279 -0.712674 169.839 0 0 0 1 
Seq_Frame0098_DriverToReference-SequenceTransformStatus = OK
Seq_Frame0098_Timestamp = 10.348
Seq_Frame0099_DriverToReference-SequenceTransform =-0.560373 -0.770344 0.304226 53.9561 -0.486248 0.603341 0.632094 222.872 -0.670481 0.206279 -0.712674 169.839 0 0 0 1 
Seq_Frame0099_DriverToReference-SequenceTransformStatus = OK
Seq_Frame0099_Timestamp = 10.459
Seq_Frame0100_DriverToReference-SequenceTransform =-0.560373 -0.770344 0.304226 53.9561 -0.486248 0.603341 0.632094 222.872 -0.670481 0.206279 -0.712674 169.839 0 0 0 1 
Seq_Frame0100_DriverToReference-SequenceTransformStatus = OK
Seq_Frame0100_Timestamp = 10.565
Seq_Frame0101_DriverToReference-SequenceTransform =-0.560373 -0.770344 0.304226 53.9561 -0.486248 0.603341 0.632094 222.872 -0.670481 0.206279 -0.712674 169.839 0 0 0 1 
Seq_Frame0101_DriverToReference-SequenceTransformStatus = OK
Seq_Frame0101_Timestamp = 10.668
Seq_Frame0102_DriverToReference-SequenceTransform =-0.560373 -0.770344 0.304226 53.9561 -0.486248 0.603341 0.632094 222.872 -0.670481 0.206279 -0.712674 169.839 0 0 0 1 
Seq_Frame0102_DriverToReference-SequenceTransformStatus = OK
Seq_Frame0102_Timestamp = 10.773
Seq_Frame0103_DriverToReference-SequenceTransform =-0.612119 -0.75929 0.220882 -10.0562 -0.618141 0.633651 0.465176 202.344 -0.493166 0.148206 -0.857218 137.043 0 0 0 1 
Seq_Frame0103_DriverToReference-SequenceTransformStatus = OK
Seq_Frame0103_Timestamp = 10.882
Seq_Frame0104_DriverToReference-SequenceTransform =-0.584765 -0.804243 0.106033 -18.6116 -0.727508 0.577757 0.370039 172.399 -0.358863 0.139246 -0.922945 122.277 0 0 0 1 
Seq_Frame0104_DriverToReference-SequenceTransformStatus = OK
Seq_Frame0104_Timestamp = 10.988
Seq_Frame0105_DriverToReference-SequenceTransform =-0.598616 -0.800225 0.0360415 -34.11 -0.751145 0.576395 0.321793 156.816 -0.278281 0.165558 -0.946124 126.655 0 0 0 1 
Seq_Frame0105_DriverToReference-SequenceTransformStatus = OK
Seq_Frame0105_Timestamp = 11.095
Seq_Frame0106_DriverToReference-SequenceTransform =-0.591572 -0.80352 0.0663168 -39.7242 -0.763139 0.584578 0.275476 147.83 -0.260118 0.112355 -0.959018 127.295 0 0 0 1 
Seq_Frame0106_DriverToReference-SequenceTransformStatus = OK
Seq_Frame0106_Timestamp = 11.199
Seq_Frame0107_DriverToReference-SequenceTransform =-0.569431 -0.802989 -0.175948 -36.8487 -0.806879 0.505059 0.306369 138.197 -0.157147 0.316424 -0.935511 127.016 0 0 0 1 
Seq_Frame0107_DriverToReference-SequenceTransformStatus = OK
Seq_Frame0107_Timestamp = 11.309
Seq_Frame0108_DriverToReference-SequenceTransform =-0.560824 -0.778044 -0.283062 -36.8338 -0.820694 0.477302 0.314077 132.925 -0.109259 0.408449 -0.906218 126.872 0 0 0 1 
Seq_Frame0108_DriverToReference-SequenceTransformStatus = OK
Seq_Frame0108_Timestamp = 11.416
Seq_Frame0109_DriverToReference-SequenceTransform =-0.563013 -0.719375 -0.406836 -36.903 -0.823919 0.450085 0.344357 131.843 -0.0646115 0.529077 -0.84611 125.104 0 0 0 1 
Seq_Frame0109_DriverToReference-SequenceTransformStatus = OK
Seq_Frame0109_Timestamp = 11.519
Seq_Frame0110_DriverToReference-SequenceTransform =-0.563013 -0.719375 -0.406836 -36.903 -0.823919 0.450085 0.344357 131.843 -0.0646115 0.529077 -0.84611 125.104 0 0 0 1 
Seq_Frame0110_DriverToReference-SequenceTransformStatus = OK
Seq_Frame0110_Timestamp = 11.631
Seq_Frame0111_DriverToReference-SequenceTransform =-0.563013 -0.719375 -0.406836 -36.903 -0.823919 0.450085 0.344357 131.843 -0.0646115 0.529077 -0.84611 125.104 0 0 0 1 
Seq_Frame0111_DriverToReference-SequenceTransformStatus = OK
Seq_Frame0111_Timestamp = 11.736
Seq_Frame0112_DriverToReference-SequenceTransform =-0.563013 -0.719375 -0.406836 -36.903 -0.823919 0.450085 0.344357 131.843 -0.0646115 0.529077 -0.84611 125.104 0 0 0 1 
Seq_Frame0112_DriverToReference-SequenceTransformStatus = OK
Seq_Frame0112_Timestamp = 11.849
Seq_Frame0113_DriverToReference-SequenceTransform =-0.563013 -0.719375 -0.406836 -36.903 -0.823919 0.450085 0.344357 131.843 -0.0646115 0.529077 -0.84611 125.104 0 0 0 1 
Seq_Frame0113_DriverToReference-SequenceTransformStatus = OK
Seq_Frame0113_Timestamp = 11.956
Seq_Frame0114_DriverToReference-SequenceTransform =-0.563013 -0.719375 -0.406836 -36.903 -0.823919 0.450085 0.344357 131.843 -0.0646115 0.529077 -0.84611 125.104 0 0 0 1 
Seq_Frame0114_DriverToReference-SequenceTransformStatus = OK
Seq_Frame0114_Timestamp = 12.064
Seq_Frame0115_DriverToReference-SequenceTransform =-0.563013 -0.719375 -0.406836 -36.903 -0.823919 0.450085 0.344357 131.843 -0.0646115 0.529077 -0.84611 125.104 0 0 0 1 
Seq_Frame0115_DriverToReference-SequenceTransformStatus = OK
Seq_Frame0115_Timestamp = 12.172
Seq_Frame0116_DriverToReference-SequenceTransform =-0.563013 -0.719375 -0.406836 -36.903 -0.823919 0.450085 0.344357 131.843 -0.0646115 0.529077 -0.84611 125.104 0 0 0 1 
Seq_Frame0116_DriverToReference-SequenceTransformStatus = OK
Seq_Frame0116_Timestamp = 12.28
Seq_Frame0117_DriverToReference-SequenceTransform =-0.563013 -0.719375 -0.406836 -36.903 -0.823919 0.450085 0.344357 131.843 -0.0646115 0.529077 -0.84611 125.104 0 0 0 1 
Seq_Frame0117_DriverToReference-SequenceTransformStatus = OK
Seq_Frame0117_Timestamp = 12.387
Seq_Frame0118_DriverToReference-SequenceTransform =-0.563013 -0.719375 -0.406836 -36.903 -0.823919 0.450085 0.344357 131.843 -0.0646115 0.529077 -0.84611 125.104 0 0 0 1 
Seq_Frame0118_DriverToReference-SequenceTransformStatus = OK
Seq_Frame0118_Timestamp = 12.492
Seq_Frame0119_DriverToReference-SequenceTransform =-0.563013 -0.719375 -0.406836 -36.903 -0.823919 0.450085 0.344357 131.843 -0.0646115 0.529077 -0.84611 125.104 0 0 0 1 
Seq_Frame0119_DriverToReference-SequenceTransformStatus = OK
Seq_Frame0119_Timestamp = 12.602
Seq_Frame0120_DriverToReference-SequenceTransform =-0.563013 -0.719375 -0.406836 -36.903 -0.823919 0.450085 0.344357 131.843 -0.0646115 0.529077 -0.84611 125.104 0 0 0 1 
Seq_Frame0120_DriverToReference-SequenceTransformStatus = OK
Seq_Frame0120_Timestamp = 12.708
Seq_Frame0121_DriverToReference-SequenceTransform =-0.563013 -0.719375 -0.406836 -36.903 -0.823919 0.450085 0.344357 131.843 -0.0646115 0.529077 -0.84611 125.104 0 0 0 1 
Seq_Frame0121_DriverToReference-SequenceTransformStatus = OK
Seq_Frame0121_Timestamp = 12.815
Seq_Frame0122_DriverToReference-SequenceTransform =-0.563013 -0.719375 -0.406836 -36.903 -0.823919 0.450085 0.344357 131.843 -0.0646115 0.529077 -0.84611 125.104 0 0 0 1 
Seq_Frame0122_DriverToReference-SequenceTransformStatus = OK
Seq_Frame0122_Timestamp = 12.92
Seq_Frame0123_DriverToReference-SequenceTransform =-0.563013 -0.719375 -0.406836 -36.903 -0.823919 0.450085 0.344357 131.843 -0.0646115 0.529077 -0.84611 125.104 0 0 0 1 
Seq_Frame0123_DriverToReference-SequenceTransformStatus = OK
Seq_Frame0123_Timestamp = 13.029
Seq_Frame0124_DriverToReference-SequenceTransform =-0.563013 -0.719375 -0.406836 -36.903 -0.823919 0.450085 0.344357 131.843 -0.0646115 0.529077 -0.84611 125.104 0 0 0 1 
Seq_Frame0124_DriverToReference-SequenceTransformStatus = OK
Seq_Frame0124_Timestamp = 13.133
Seq_Frame0125_DriverToReference-SequenceTransform =-0.563013 -0.719375 -0.406836 -36.903 -0.823919 0.450085 0.344357 131.843 -0.0646115 0.529077 -0.84611 125.104 0 0 0 1 
Seq_Frame0125_DriverToReference-SequenceTransformStatus = OK
Seq_Frame0125_Timestamp = 13.239
Seq_Frame0126_DriverToReference-SequenceTransform =-0.563013 -0.719375 -0.406836 -36.903 -0.823919 0.450085 0.344357 131.843 -0.0646115 0.529077 -0.84611 125.104 0 0 0 1 
Seq_Frame0126_DriverToReference-SequenceTransformStatus = OK
Seq_Frame0126_Timestamp = 13.349
Seq_Frame0127_DriverToReference-SequenceTransform =-0.563013 -0.719375 -0.406836 -36.903 -0.823919 0.450085 0.344357 131.843 -0.0646115 0.529077 -0.84611 125.104 0 0 0 1 
Seq_Frame0127_DriverToReference-SequenceTransformStatus = OK
Seq_Frame0127_Timestamp = 13.453
Seq_Frame0128_DriverToReference-SequenceTransform =-0.563013 -0.719375 -0.406836 -36.903 -0.823919 0.450085 0.344357 131.843 -0.0646115 0.529077 -0.84611 125.104 0 0 0 1 
Seq_Frame0128_DriverToReference-SequenceTransformStatus = OK
Seq_Frame0128_Timestamp = 13.563
Seq_Frame0129_DriverToReference-SequenceTransform =-0.563013 -0.719375 -0.406836 -36.903 -0.823919 0.450085 0.344357 131.843 -0.0646115 0.529077 -0.84611 125.104 0 0 0 1 
Seq_Frame0129_DriverToReference-SequenceTransformStatus = OK
Seq_Frame0129_Timestamp = 13.668
Seq_Frame0130_DriverToReference-SequenceTransform =-0.563013 -0.719375 -0.406836 -36.903 -0.823919 0.450085 0.344357 131.843 -0.0646115 0.529077 -0.84611 125.104 0 0 0 1 
Seq_Frame0130_DriverToReference-SequenceTransformStatus = OK
Seq_Frame0130_Timestamp = 13.778
Seq_Frame0131_DriverToReference-SequenceTransform =-0.563013 -0.719375 -0.406836 -36.903 -0.823919 0.450085 0.344357 131.843 -0.0646115 0.529077 -0.84611 125.104 0 0 0 1 
Seq_Frame0131_DriverToReference-SequenceTransformStatus = OK
Seq_Frame0131_Timestamp = 13.881
Seq_Frame0132_DriverToReference-SequenceTransform =-0.563013 -0.719375 -0.406836 -36.903 -0.823919 0.450085 0.344357 131.843 -0.0646115 0.529077 -0.84611 125.104 0 0 0 1 
Seq_Frame0132_DriverToReference-SequenceTransformStatus = OK
Seq_Frame0132_Timestamp = 13.993
Seq_Frame0133_DriverToReference-SequenceTransform =-0.563013 -0.719375 -0.406836 -36.903 -0.823919 0.450085 0.344357 131.843 -0.0646115 0.529077 -0.84611 125.104 0 0 0 1 
Seq_Frame0133_DriverToReference-SequenceTransformStatus = OK
Seq_Frame0133_Timestamp = 14.094
Seq_Frame0134_DriverToReference-SequenceTransform =-0.563013 -0.719375 -0.406836 -36.903 -0.823919 0.450085 0.344357 131.843 -0.0646115 0.529077 -0.84611 125.104 0 0 0 1 
Seq_Frame0134_DriverToReference-SequenceTransformStatus = OK
Seq_Frame0134_Timestamp = 14.21
Seq_Frame0135_DriverToReference-SequenceTransform =-0.563013 -0.719375 -0.406836 -36.903 -0.823919 0.450085 0.344357 131.843 -0.0646115 0.529077 -0.84611 125.104 0 0 0 1 
Seq_Frame0135_DriverToReference-SequenceTransformStatus = OK
Seq_Frame0135_Timestamp = 14.325
Seq_Frame0136_DriverToReference-SequenceTransform =-0.563013 -0.719375 -0.406836 -36.903 -0.823919 0.450085 0.344357 131.843 -0.0646115 0.529077 -0.84611 125.104 0 0 0 1 
Seq_Frame0136_DriverToReference-SequenceTransformStatus = OK
Seq_Frame0136_Timestamp = 14.433
Seq_Frame0137_DriverToReference-SequenceTransform =-0.563013 -0.719375 -0.406836 -36.903 -0.823919 0.450085 0.344357 131.843 -0.0646115 0.529077 -0.84611 125.104 0 0 0 1 
Seq_Frame0137_DriverToReference-SequenceTransformStatus = OK
Seq_Frame0137_Timestamp = 14.541
Seq_Frame0138_DriverToReference-SequenceTransform =-0.563013 -0.719375 -0.406836 -36.903 -0.823919 0.450085 0.344357 131.843 -0.0646115 0.529077 -0.84611 125.104 0 0 0 1 
Seq_Frame0138_DriverToReference-SequenceTransformStatus = OK
Seq_Frame0138_Timestamp = 14.646
Seq_Frame0139_DriverToReference-SequenceTransform =-0.563013 -0.719375 -0.406836 -36.903 -0.823919 0.450085 0.344357 131.843 -0.0646115 0.529077 -0.84611 125.104 0 0 0 1 
Seq_Frame0139_DriverToReference-SequenceTransformStatus = OK
Seq_Frame0139_Timestamp = 15.767
Seq_Frame0140_DriverToReference-SequenceTransform =-0.563013 -0.719375 -0.406836 -36.903 -0.823919 0.450085 0.344357 131.843 -0.0646115 0.529077 -0.84611 125.104 0 0 0 1 
Seq_Frame0140_DriverToReference-SequenceTransformStatus = OK
Seq_Frame0140_Timestamp = 15.875
Seq_Frame0141_DriverToReference-SequenceTransform =-0.563013 -0.719375 -0.406836 -36.903 -0.823919 0.450085 0.344357 131.843 -0.0646115 0.529077 -0.84611 125.104 0 0 0 1 
Seq_Frame0141_DriverToReference-SequenceTransformStatus = OK
Seq_Frame0141_Timestamp = 15.978
Seq_Frame0142_DriverToReference-SequenceTransform =-0.563013 -0.719375 -0.406836 -36.903 -0.823919 0.450085 0.344357 131.843 -0.0646115 0.529077 -0.84611 125.104 0 0 0 1 
Seq_Frame0142_DriverToReference-SequenceTransformStatus = OK
Seq_Frame0142_Timestamp = 16.083
Seq_Frame0143_DriverToReference-SequenceTransform =-0.563013 -0.719375 -0.406836 -36.903 -0.823919 0.450085 0.344357 131.843 -0.0646115 0.529077 -0.84611 125.104 0 0 0 1 
Seq_Frame0143_DriverToReference-SequenceTransformStatus = OK
Seq_Frame0143_Timestamp = 16.192
Seq_Frame0144_DriverToReference-SequenceTransform =-0.563013 -0.719375 -0.406836 -36.903 -0.823919 0.450085 0.344357 131.843 -0.0646115 0.529077 -0.84611 125.104 0 0 0 1 
Seq_Frame0144_DriverToReference-SequenceTransformStatus = OK
Seq_Frame0144_Timestamp = 16.298
Seq_Frame0145_DriverToReference-SequenceTransform =-0.563013 -0.719375 -0.406836 -36.903 -0.823919 0.450085 0.344357 131.843 -0.0646115 0.529077 -0.84611 125.104 0 0 0 1 
Seq_Frame0145_DriverToReference-SequenceTransformStatus = OK
Seq_Frame0145_Timestamp = 16.406
Seq_Frame0146_DriverToReference-SequenceTransform =-0.563013 -0.719375 -0.406836 -36.903 -0.823919 0.450085 0.344357 131.843 -0.0646115 0.529077 -0.84611 125.104 0 0 0 1 
Seq_Frame0146_DriverToReference-SequenceTransformStatus = OK
Seq_Frame0146_Timestamp = 16.51
Seq_Frame0147_DriverToReference-SequenceTransform =-0.563013 -0.719375 -0.406836 -36.903 -0.823919 0.450085 0.344357 131.843 -0.0646115 0.529077 -0.84611 125.104 0 0 0 1 
Seq_Frame0147_DriverToReference-SequenceTransformStatus = OK
Seq_Frame0147_Timestamp = 16.617
Seq_Frame0148_DriverToReference-SequenceTransform =-0.563013 -0.719375 -0.406836 -36.903 -0.823919 0.450085 0.344357 131.843 -0.0646115 0.529077 -0.84611 125.104 0 0 0 1 
Seq_Frame0148_DriverToReference-SequenceTransformStatus = OK
Seq_Frame0148_Timestamp = 16.724
Seq_Frame0149_DriverToReference-SequenceTransform =-0.563013 -0.719375 -0.406836 -36.903 -0.823919 0.450085 0.344357 131.843 -0.0646115 0.529077 -0.84611 125.104 0 0 0 1 
Seq_Frame0149_DriverToReference-SequenceTransformStatus = OK
Seq_Frame0149_Timestamp = 16.828
