ObjectType = Image
NDims = 3
AnatomicalOrientation = RAI
BinaryData = True
CompressedData = False
DimSize = 0 0 3491
ElementSpacing = 1 1 1
Offset = 0 0 0
TransformMatrix = 1 0 0 0 1 0 0 0 1
ElementType = MET_UCHAR
Kinds = domain domain list
Seq_Frame0000_ForcepToReference-SequenceTransform =0.582212 -0.398113 -0.708897 32.5936 0.365309 -0.650851 0.665539 -24.9058 -0.726346 -0.646452 -0.233499 -35.8964 0 0 0 1 
Seq_Frame0000_ForcepToReference-SequenceTransformStatus = OK
Seq_Frame0000_Timestamp = 0.00300002
Seq_Frame0001_ForcepToReference-SequenceTransform =0.581753 -0.398403 -0.709111 32.5956 0.365199 -0.651059 0.665396 -24.9074 -0.726769 -0.646063 -0.233259 -35.9081 0 0 0 1 
Seq_Frame0001_ForcepToReference-SequenceTransformStatus = OK
Seq_Frame0001_Timestamp = 0.112
Seq_Frame0002_ForcepToReference-SequenceTransform =0.582303 -0.398343 -0.708693 32.6017 0.365997 -0.649945 0.666047 -24.8832 -0.725926 -0.647221 -0.232672 -35.9806 0 0 0 1 
Seq_Frame0002_ForcepToReference-SequenceTransformStatus = OK
Seq_Frame0002_Timestamp = 0.218
Seq_Frame0003_ForcepToReference-SequenceTransform =0.582043 -0.39851 -0.708813 32.6058 0.366775 -0.649313 0.666235 -24.8797 -0.725742 -0.647752 -0.231764 -35.9893 0 0 0 1 
Seq_Frame0003_ForcepToReference-SequenceTransformStatus = OK
Seq_Frame0003_Timestamp = 0.334
Seq_Frame0004_ForcepToReference-SequenceTransform =0.582451 -0.398233 -0.708633 32.6097 0.366472 -0.649501 0.666218 -24.8893 -0.725568 -0.647734 -0.232361 -35.9686 0 0 0 1 
Seq_Frame0004_ForcepToReference-SequenceTransformStatus = OK
Seq_Frame0004_Timestamp = 0.437
Seq_Frame0005_ForcepToReference-SequenceTransform =0.584038 -0.397459 -0.707761 32.6193 0.365725 -0.649562 0.666569 -24.9112 -0.724669 -0.648148 -0.234008 -35.9178 0 0 0 1 
Seq_Frame0005_ForcepToReference-SequenceTransformStatus = OK
Seq_Frame0005_Timestamp = 0.542
Seq_Frame0006_ForcepToReference-SequenceTransform =0.583184 -0.397148 -0.708639 32.6124 0.367069 -0.649371 0.666016 -24.9356 -0.724677 -0.64853 -0.232922 -35.8636 0 0 0 1 
Seq_Frame0006_ForcepToReference-SequenceTransformStatus = OK
Seq_Frame0006_Timestamp = 0.647
Seq_Frame0007_ForcepToReference-SequenceTransform =0.582824 -0.397962 -0.708479 32.6125 0.366909 -0.649052 0.666415 -24.9019 -0.725048 -0.64835 -0.232267 -35.9468 0 0 0 1 
Seq_Frame0007_ForcepToReference-SequenceTransformStatus = OK
Seq_Frame0007_Timestamp = 0.751
Seq_Frame0008_ForcepToReference-SequenceTransform =0.581913 -0.398181 -0.709104 32.6087 0.366741 -0.64976 0.665817 -24.9145 -0.725863 -0.647506 -0.232075 -35.9693 0 0 0 1 
Seq_Frame0008_ForcepToReference-SequenceTransformStatus = OK
Seq_Frame0008_Timestamp = 0.854
Seq_Frame0009_ForcepToReference-SequenceTransform =0.582394 -0.397825 -0.70891 32.6158 0.367317 -0.649178 0.666068 -24.9123 -0.725187 -0.648308 -0.231949 -35.877 0 0 0 1 
Seq_Frame0009_ForcepToReference-SequenceTransformStatus = OK
Seq_Frame0009_Timestamp = 0.963
Seq_Frame0010_ForcepToReference-SequenceTransform =0.57706 -0.402747 -0.710491 32.5682 0.360453 -0.655041 0.664075 -24.7858 -0.732855 -0.639309 -0.232826 -36.2156 0 0 0 1 
Seq_Frame0010_ForcepToReference-SequenceTransformStatus = OK
Seq_Frame0010_Timestamp = 1.067
Seq_Frame0011_ForcepToReference-SequenceTransform =0.582442 -0.399143 -0.708128 32.5923 0.366027 -0.649049 0.666903 -24.8474 -0.7258 -0.647627 -0.231936 -36.009 0 0 0 1 
Seq_Frame0011_ForcepToReference-SequenceTransformStatus = OK
Seq_Frame0011_Timestamp = 1.172
Seq_Frame0012_ForcepToReference-SequenceTransform =0.583195 -0.398151 -0.708068 32.6056 0.366778 -0.648679 0.66685 -24.8775 -0.724815 -0.648608 -0.232273 -36.0247 0 0 0 1 
Seq_Frame0012_ForcepToReference-SequenceTransformStatus = OK
Seq_Frame0012_Timestamp = 1.278
Seq_Frame0013_ForcepToReference-SequenceTransform =0.583819 -0.39793 -0.707677 32.6184 0.367491 -0.647721 0.667389 -24.8943 -0.723952 -0.649699 -0.231916 -35.9483 0 0 0 1 
Seq_Frame0013_ForcepToReference-SequenceTransformStatus = OK
Seq_Frame0013_Timestamp = 1.391
Seq_Frame0014_ForcepToReference-SequenceTransform =0.583895 -0.397871 -0.707648 32.6074 0.366893 -0.648249 0.667205 -24.9008 -0.724193 -0.649209 -0.232534 -35.9639 0 0 0 1 
Seq_Frame0014_ForcepToReference-SequenceTransformStatus = OK
Seq_Frame0014_Timestamp = 1.492
Seq_Frame0015_ForcepToReference-SequenceTransform =0.583876 -0.39755 -0.707844 32.61 0.366819 -0.648634 0.666871 -24.9065 -0.724246 -0.649021 -0.232894 -35.9658 0 0 0 1 
Seq_Frame0015_ForcepToReference-SequenceTransformStatus = OK
Seq_Frame0015_Timestamp = 1.593
Seq_Frame0016_ForcepToReference-SequenceTransform =0.584613 -0.397713 -0.707143 32.6112 0.366007 -0.648585 0.667366 -24.899 -0.724062 -0.64897 -0.233606 -35.9517 0 0 0 1 
Seq_Frame0016_ForcepToReference-SequenceTransformStatus = OK
Seq_Frame0016_Timestamp = 1.693
Seq_Frame0017_ForcepToReference-SequenceTransform =0.584564 -0.397727 -0.707176 32.6201 0.36752 -0.647255 0.667825 -24.8954 -0.723335 -0.650288 -0.232189 -35.9523 0 0 0 1 
Seq_Frame0017_ForcepToReference-SequenceTransformStatus = OK
Seq_Frame0017_Timestamp = 1.802
Seq_Frame0018_ForcepToReference-SequenceTransform =0.584834 -0.397582 -0.707035 32.6171 0.366969 -0.647658 0.667737 -24.8957 -0.723397 -0.649975 -0.232872 -35.931 0 0 0 1 
Seq_Frame0018_ForcepToReference-SequenceTransformStatus = OK
Seq_Frame0018_Timestamp = 1.903
Seq_Frame0019_ForcepToReference-SequenceTransform =0.583579 -0.398049 -0.707808 32.6097 0.365519 -0.649577 0.666668 -24.8825 -0.725142 -0.64777 -0.233586 -35.9469 0 0 0 1 
Seq_Frame0019_ForcepToReference-SequenceTransformStatus = OK
Seq_Frame0019_Timestamp = 2.012
Seq_Frame0020_ForcepToReference-SequenceTransform =0.58236 -0.398648 -0.708475 32.5795 0.3649 -0.650588 0.666021 -24.8452 -0.726433 -0.646386 -0.23341 -36.0827 0 0 0 1 
Seq_Frame0020_ForcepToReference-SequenceTransformStatus = OK
Seq_Frame0020_Timestamp = 2.113
Seq_Frame0021_ForcepToReference-SequenceTransform =0.58275 -0.398281 -0.708361 32.5831 0.365882 -0.649731 0.666318 -24.8573 -0.725626 -0.647473 -0.232907 -36.0811 0 0 0 1 
Seq_Frame0021_ForcepToReference-SequenceTransformStatus = OK
Seq_Frame0021_Timestamp = 2.214
Seq_Frame0022_ForcepToReference-SequenceTransform =0.582939 -0.398707 -0.707965 32.5849 0.364303 -0.650579 0.666356 -24.8506 -0.726268 -0.646359 -0.233998 -36.0328 0 0 0 1 
Seq_Frame0022_ForcepToReference-SequenceTransformStatus = OK
Seq_Frame0022_Timestamp = 2.317
Seq_Frame0023_ForcepToReference-SequenceTransform =0.583643 -0.398447 -0.707532 32.6005 0.366148 -0.648586 0.667287 -24.8548 -0.724774 -0.648518 -0.232652 -36.0244 0 0 0 1 
Seq_Frame0023_ForcepToReference-SequenceTransformStatus = OK
Seq_Frame0023_Timestamp = 2.418
Seq_Frame0024_ForcepToReference-SequenceTransform =0.583808 -0.398268 -0.707496 32.5982 0.367598 -0.647316 0.667723 -24.8348 -0.723906 -0.649896 -0.231506 -36.0203 0 0 0 1 
Seq_Frame0024_ForcepToReference-SequenceTransformStatus = OK
Seq_Frame0024_Timestamp = 2.526
Seq_Frame0025_ForcepToReference-SequenceTransform =0.583086 -0.398636 -0.707884 32.6025 0.367659 -0.647524 0.667487 -24.83 -0.724457 -0.649463 -0.231 -36.0743 0 0 0 1 
Seq_Frame0025_ForcepToReference-SequenceTransformStatus = OK
Seq_Frame0025_Timestamp = 2.627
Seq_Frame0026_ForcepToReference-SequenceTransform =0.584509 -0.397576 -0.707307 32.6105 0.366575 -0.648293 0.667337 -24.8666 -0.723859 -0.649346 -0.233192 -35.9532 0 0 0 1 
Seq_Frame0026_ForcepToReference-SequenceTransformStatus = OK
Seq_Frame0026_Timestamp = 2.733
Seq_Frame0027_ForcepToReference-SequenceTransform =0.583751 -0.398335 -0.707506 32.6004 0.366819 -0.648 0.667488 -24.848 -0.724347 -0.649173 -0.232154 -36.016 0 0 0 1 
Seq_Frame0027_ForcepToReference-SequenceTransformStatus = OK
Seq_Frame0027_Timestamp = 2.835
Seq_Frame0028_ForcepToReference-SequenceTransform =0.585219 -0.398082 -0.706434 32.602 0.367156 -0.64669 0.668572 -24.7986 -0.722991 -0.650633 -0.232297 -36.2005 0 0 0 1 
Seq_Frame0028_ForcepToReference-SequenceTransformStatus = OK
Seq_Frame0028_Timestamp = 2.948
Seq_Frame0029_ForcepToReference-SequenceTransform =0.584961 -0.397559 -0.706943 32.6038 0.366669 -0.647842 0.667723 -24.8452 -0.723447 -0.649806 -0.23319 -36.0373 0 0 0 1 
Seq_Frame0029_ForcepToReference-SequenceTransformStatus = OK
Seq_Frame0029_Timestamp = 3.054
Seq_Frame0030_ForcepToReference-SequenceTransform =0.584296 -0.397672 -0.707428 32.5913 0.365843 -0.649037 0.667015 -24.8661 -0.724401 -0.648542 -0.233745 -36.0116 0 0 0 1 
Seq_Frame0030_ForcepToReference-SequenceTransformStatus = OK
Seq_Frame0030_Timestamp = 3.155
Seq_Frame0031_ForcepToReference-SequenceTransform =0.585308 -0.397988 -0.706413 32.6093 0.366827 -0.646998 0.668454 -24.8184 -0.723085 -0.650384 -0.2327 -36.1015 0 0 0 1 
Seq_Frame0031_ForcepToReference-SequenceTransformStatus = OK
Seq_Frame0031_Timestamp = 3.264
Seq_Frame0032_ForcepToReference-SequenceTransform =0.584203 -0.398297 -0.707154 32.6116 0.367451 -0.647085 0.668027 -24.8322 -0.723662 -0.650108 -0.231674 -36.0893 0 0 0 1 
Seq_Frame0032_ForcepToReference-SequenceTransformStatus = OK
Seq_Frame0032_Timestamp = 3.368
Seq_Frame0033_ForcepToReference-SequenceTransform =0.584505 -0.397971 -0.707088 32.628 0.367506 -0.647088 0.667995 -24.8391 -0.72339 -0.650305 -0.23197 -36.0494 0 0 0 1 
Seq_Frame0033_ForcepToReference-SequenceTransformStatus = OK
Seq_Frame0033_Timestamp = 3.469
Seq_Frame0034_ForcepToReference-SequenceTransform =0.585314 -0.398347 -0.706207 32.6222 0.367498 -0.646051 0.669002 -24.7965 -0.72274 -0.651105 -0.231751 -36.1391 0 0 0 1 
Seq_Frame0034_ForcepToReference-SequenceTransformStatus = OK
Seq_Frame0034_Timestamp = 3.578
Seq_Frame0035_ForcepToReference-SequenceTransform =0.58717 -0.396094 -0.705933 32.6699 0.367063 -0.646991 0.668332 -24.8922 -0.721455 -0.651546 -0.234502 -36.1338 0 0 0 1 
Seq_Frame0035_ForcepToReference-SequenceTransformStatus = OK
Seq_Frame0035_Timestamp = 3.685
Seq_Frame0036_ForcepToReference-SequenceTransform =0.586152 -0.401925 -0.703479 32.4243 0.38002 -0.630453 0.676841 -24.4582 -0.715549 -0.664068 -0.216801 -35.695 0 0 0 1 
Seq_Frame0036_ForcepToReference-SequenceTransformStatus = OK
Seq_Frame0036_Timestamp = 3.787
Seq_Frame0037_ForcepToReference-SequenceTransform =0.585918 -0.395351 -0.707388 32.673 0.359075 -0.655888 0.663985 -24.9297 -0.726475 -0.643046 -0.242336 -36.2152 0 0 0 1 
Seq_Frame0037_ForcepToReference-SequenceTransformStatus = OK
Seq_Frame0037_Timestamp = 3.893
Seq_Frame0038_ForcepToReference-SequenceTransform =0.585035 -0.397752 -0.706773 32.6276 0.367461 -0.646884 0.668216 -24.8322 -0.722985 -0.650641 -0.232291 -36.0808 0 0 0 1 
Seq_Frame0038_ForcepToReference-SequenceTransformStatus = OK
Seq_Frame0038_Timestamp = 4.001
Seq_Frame0039_ForcepToReference-SequenceTransform =0.585266 -0.397101 -0.706947 32.5998 0.366142 -0.648488 0.667385 -24.8475 -0.723466 -0.649441 -0.234143 -36.1144 0 0 0 1 
Seq_Frame0039_ForcepToReference-SequenceTransformStatus = OK
Seq_Frame0039_Timestamp = 4.102
Seq_Frame0040_ForcepToReference-SequenceTransform =0.587092 -0.397709 -0.70509 32.6226 0.365337 -0.647084 0.669187 -24.8094 -0.722394 -0.650469 -0.2346 -36.1373 0 0 0 1 
Seq_Frame0040_ForcepToReference-SequenceTransformStatus = OK
Seq_Frame0040_Timestamp = 4.202
Seq_Frame0041_ForcepToReference-SequenceTransform =0.584542 -0.397316 -0.707425 32.6167 0.365542 -0.649435 0.666793 -24.8869 -0.724355 -0.648362 -0.234386 -36.0339 0 0 0 1 
Seq_Frame0041_ForcepToReference-SequenceTransformStatus = OK
Seq_Frame0041_Timestamp = 4.303
Seq_Frame0042_ForcepToReference-SequenceTransform =0.58422 -0.397853 -0.70739 32.6068 0.366761 -0.648109 0.667413 -24.8659 -0.723998 -0.649359 -0.232721 -36.0205 0 0 0 1 
Seq_Frame0042_ForcepToReference-SequenceTransformStatus = OK
Seq_Frame0042_Timestamp = 4.407
Seq_Frame0043_ForcepToReference-SequenceTransform =0.583583 -0.398169 -0.707737 32.6022 0.366755 -0.648355 0.667178 -24.8565 -0.724515 -0.64892 -0.232339 -36.054 0 0 0 1 
Seq_Frame0043_ForcepToReference-SequenceTransformStatus = OK
Seq_Frame0043_Timestamp = 4.527
Seq_Frame0044_ForcepToReference-SequenceTransform =0.583656 -0.398141 -0.707693 32.6072 0.36675 -0.648324 0.667211 -24.8602 -0.724458 -0.648968 -0.23238 -36.0075 0 0 0 1 
Seq_Frame0044_ForcepToReference-SequenceTransformStatus = OK
Seq_Frame0044_Timestamp = 4.627
Seq_Frame0045_ForcepToReference-SequenceTransform =0.583379 -0.398284 -0.707841 32.6049 0.366318 -0.64881 0.666976 -24.8634 -0.7249 -0.648395 -0.232603 -35.9865 0 0 0 1 
Seq_Frame0045_ForcepToReference-SequenceTransformStatus = OK
Seq_Frame0045_Timestamp = 4.734
Seq_Frame0046_ForcepToReference-SequenceTransform =0.582796 -0.398092 -0.708429 32.5914 0.365963 -0.649798 0.666208 -24.8872 -0.725548 -0.647522 -0.233012 -35.973 0 0 0 1 
Seq_Frame0046_ForcepToReference-SequenceTransformStatus = OK
Seq_Frame0046_Timestamp = 4.835
Seq_Frame0047_ForcepToReference-SequenceTransform =0.58385 -0.397911 -0.707663 32.6195 0.368048 -0.647213 0.667575 -24.8706 -0.723644 -0.650217 -0.231425 -35.9539 0 0 0 1 
Seq_Frame0047_ForcepToReference-SequenceTransformStatus = OK
Seq_Frame0047_Timestamp = 4.938
Seq_Frame0048_ForcepToReference-SequenceTransform =0.582366 -0.398669 -0.708458 32.6263 0.36876 -0.647114 0.667278 -24.8673 -0.724476 -0.649851 -0.229844 -35.9108 0 0 0 1 
Seq_Frame0048_ForcepToReference-SequenceTransformStatus = OK
Seq_Frame0048_Timestamp = 5.042
Seq_Frame0049_ForcepToReference-SequenceTransform =0.582448 -0.398824 -0.708303 32.6132 0.36847 -0.647159 0.667394 -24.8613 -0.724558 -0.649711 -0.229982 -35.9935 0 0 0 1 
Seq_Frame0049_ForcepToReference-SequenceTransformStatus = OK
Seq_Frame0049_Timestamp = 5.143
Seq_Frame0050_ForcepToReference-SequenceTransform =0.583286 -0.398061 -0.708043 32.6264 0.368057 -0.64754 0.667252 -24.8871 -0.724093 -0.649799 -0.231192 -35.9485 0 0 0 1 
Seq_Frame0050_ForcepToReference-SequenceTransformStatus = OK
Seq_Frame0050_Timestamp = 5.251
Seq_Frame0051_ForcepToReference-SequenceTransform =0.583437 -0.397927 -0.707994 32.6229 0.366925 -0.648555 0.666891 -24.8742 -0.724546 -0.648869 -0.232382 -36.0102 0 0 0 1 
Seq_Frame0051_ForcepToReference-SequenceTransformStatus = OK
Seq_Frame0051_Timestamp = 5.352
Seq_Frame0052_ForcepToReference-SequenceTransform =0.582921 -0.398188 -0.708272 32.6034 0.365679 -0.649856 0.666307 -24.8661 -0.725591 -0.647405 -0.233206 -36.0636 0 0 0 1 
Seq_Frame0052_ForcepToReference-SequenceTransformStatus = OK
Seq_Frame0052_Timestamp = 5.452
Seq_Frame0053_ForcepToReference-SequenceTransform =0.584496 -0.397222 -0.707516 32.6198 0.367322 -0.647967 0.667243 -24.8975 -0.72349 -0.649887 -0.232826 -35.9586 0 0 0 1 
Seq_Frame0053_ForcepToReference-SequenceTransformStatus = OK
Seq_Frame0053_Timestamp = 5.56
Seq_Frame0054_ForcepToReference-SequenceTransform =0.582767 -0.39827 -0.708353 32.6054 0.367093 -0.648645 0.66671 -24.8691 -0.725 -0.648568 -0.231807 -36.0304 0 0 0 1 
Seq_Frame0054_ForcepToReference-SequenceTransformStatus = OK
Seq_Frame0054_Timestamp = 5.673
Seq_Frame0055_ForcepToReference-SequenceTransform =0.584421 -0.39772 -0.707298 32.6169 0.366502 -0.648297 0.667374 -24.8735 -0.723967 -0.649254 -0.233113 -35.9972 0 0 0 1 
Seq_Frame0055_ForcepToReference-SequenceTransformStatus = OK
Seq_Frame0055_Timestamp = 5.778
Seq_Frame0056_ForcepToReference-SequenceTransform =0.583671 -0.398173 -0.707663 32.6121 0.366873 -0.648171 0.667292 -24.8553 -0.724384 -0.649102 -0.23224 -36.022 0 0 0 1 
Seq_Frame0056_ForcepToReference-SequenceTransformStatus = OK
Seq_Frame0056_Timestamp = 5.882
Seq_Frame0057_ForcepToReference-SequenceTransform =0.583918 -0.39796 -0.707579 32.6102 0.366753 -0.64827 0.667261 -24.8631 -0.724246 -0.649133 -0.232583 -36.0476 0 0 0 1 
Seq_Frame0057_ForcepToReference-SequenceTransformStatus = OK
Seq_Frame0057_Timestamp = 5.987
Seq_Frame0058_ForcepToReference-SequenceTransform =0.585171 -0.397691 -0.706694 32.6192 0.366002 -0.648137 0.667803 -24.8476 -0.723614 -0.64943 -0.233716 -36.0815 0 0 0 1 
Seq_Frame0058_ForcepToReference-SequenceTransformStatus = OK
Seq_Frame0058_Timestamp = 6.093
Seq_Frame0059_ForcepToReference-SequenceTransform =0.584685 -0.397766 -0.707054 32.6224 0.366881 -0.64769 0.667755 -24.8617 -0.723562 -0.649831 -0.232762 -36.0433 0 0 0 1 
Seq_Frame0059_ForcepToReference-SequenceTransformStatus = OK
Seq_Frame0059_Timestamp = 6.201
Seq_Frame0060_ForcepToReference-SequenceTransform =0.584653 -0.397753 -0.707088 32.62 0.366615 -0.647968 0.667631 -24.8566 -0.723723 -0.649561 -0.233014 -36.0472 0 0 0 1 
Seq_Frame0060_ForcepToReference-SequenceTransformStatus = OK
Seq_Frame0060_Timestamp = 6.301
Seq_Frame0061_ForcepToReference-SequenceTransform =0.582823 -0.398463 -0.708198 32.6109 0.367438 -0.648108 0.667042 -24.8476 -0.724781 -0.648986 -0.231322 -36.0883 0 0 0 1 
Seq_Frame0061_ForcepToReference-SequenceTransformStatus = OK
Seq_Frame0061_Timestamp = 6.406
Seq_Frame0062_ForcepToReference-SequenceTransform =0.585074 -0.397376 -0.706952 32.6101 0.367968 -0.64675 0.668067 -24.8622 -0.722695 -0.651005 -0.232175 -36.0346 0 0 0 1 
Seq_Frame0062_ForcepToReference-SequenceTransformStatus = OK
Seq_Frame0062_Timestamp = 6.514
Seq_Frame0063_ForcepToReference-SequenceTransform =0.584287 -0.397998 -0.707252 32.6031 0.366691 -0.647978 0.667579 -24.8494 -0.723979 -0.649401 -0.232663 -36.052 0 0 0 1 
Seq_Frame0063_ForcepToReference-SequenceTransformStatus = OK
Seq_Frame0063_Timestamp = 6.618
Seq_Frame0064_ForcepToReference-SequenceTransform =0.584266 -0.398045 -0.707244 32.6076 0.367195 -0.6475 0.667766 -24.845 -0.723742 -0.649849 -0.232152 -36.0357 0 0 0 1 
Seq_Frame0064_ForcepToReference-SequenceTransformStatus = OK
Seq_Frame0064_Timestamp = 6.723
Seq_Frame0065_ForcepToReference-SequenceTransform =0.58388 -0.397953 -0.707614 32.6081 0.366346 -0.648673 0.667093 -24.8523 -0.724482 -0.648734 -0.232959 -36.0654 0 0 0 1 
Seq_Frame0065_ForcepToReference-SequenceTransformStatus = OK
Seq_Frame0065_Timestamp = 6.83
Seq_Frame0066_ForcepToReference-SequenceTransform =0.582808 -0.398203 -0.708357 32.6036 0.365234 -0.650334 0.666086 -24.8743 -0.725906 -0.646916 -0.233582 -36.0889 0 0 0 1 
Seq_Frame0066_ForcepToReference-SequenceTransformStatus = OK
Seq_Frame0066_Timestamp = 6.935
Seq_Frame0067_ForcepToReference-SequenceTransform =0.583259 -0.398132 -0.708026 32.6229 0.366325 -0.649048 0.66674 -24.8911 -0.724993 -0.64825 -0.232717 -36.0186 0 0 0 1 
Seq_Frame0067_ForcepToReference-SequenceTransformStatus = OK
Seq_Frame0067_Timestamp = 7.043
Seq_Frame0068_ForcepToReference-SequenceTransform =0.58373 -0.397938 -0.707747 32.6233 0.366011 -0.649116 0.666847 -24.8782 -0.724773 -0.648301 -0.233258 -36.0435 0 0 0 1 
Seq_Frame0068_ForcepToReference-SequenceTransformStatus = OK
Seq_Frame0068_Timestamp = 7.149
Seq_Frame0069_ForcepToReference-SequenceTransform =0.583625 -0.398083 -0.707751 32.6149 0.365747 -0.649302 0.66681 -24.8849 -0.72499 -0.648025 -0.233351 -36.0344 0 0 0 1 
Seq_Frame0069_ForcepToReference-SequenceTransformStatus = OK
Seq_Frame0069_Timestamp = 7.252
Seq_Frame0070_ForcepToReference-SequenceTransform =0.583874 -0.39796 -0.707615 32.6166 0.365542 -0.649392 0.666835 -24.8826 -0.724893 -0.648011 -0.233692 -36.009 0 0 0 1 
Seq_Frame0070_ForcepToReference-SequenceTransformStatus = OK
Seq_Frame0070_Timestamp = 7.359
Seq_Frame0071_ForcepToReference-SequenceTransform =0.584006 -0.398006 -0.70748 32.6209 0.366362 -0.648503 0.66725 -24.8821 -0.724373 -0.648872 -0.232915 -35.9988 0 0 0 1 
Seq_Frame0071_ForcepToReference-SequenceTransformStatus = OK
Seq_Frame0071_Timestamp = 7.467
Seq_Frame0072_ForcepToReference-SequenceTransform =0.583378 -0.398196 -0.707891 32.6202 0.366858 -0.64841 0.667068 -24.874 -0.724628 -0.648848 -0.232187 -35.977 0 0 0 1 
Seq_Frame0072_ForcepToReference-SequenceTransformStatus = OK
Seq_Frame0072_Timestamp = 7.574
Seq_Frame0073_ForcepToReference-SequenceTransform =0.58247 -0.398446 -0.708498 32.6114 0.366752 -0.649035 0.666518 -24.8684 -0.725411 -0.64807 -0.231913 -35.9963 0 0 0 1 
Seq_Frame0073_ForcepToReference-SequenceTransformStatus = OK
Seq_Frame0073_Timestamp = 7.68
Seq_Frame0074_ForcepToReference-SequenceTransform =0.583201 -0.398286 -0.707986 32.6002 0.36572 -0.649493 0.66664 -24.8801 -0.725345 -0.64771 -0.233124 -35.9653 0 0 0 1 
Seq_Frame0074_ForcepToReference-SequenceTransformStatus = OK
Seq_Frame0074_Timestamp = 7.783
Seq_Frame0075_ForcepToReference-SequenceTransform =0.583909 -0.398166 -0.70747 32.6155 0.36662 -0.648203 0.6674 -24.8617 -0.72432 -0.649073 -0.232516 -36.0386 0 0 0 1 
Seq_Frame0075_ForcepToReference-SequenceTransformStatus = OK
Seq_Frame0075_Timestamp = 7.89
Seq_Frame0076_ForcepToReference-SequenceTransform =0.586038 -0.397861 -0.705879 32.6383 0.366719 -0.646594 0.668905 -24.8191 -0.722548 -0.650863 -0.233025 -36.206 0 0 0 1 
Seq_Frame0076_ForcepToReference-SequenceTransformStatus = OK
Seq_Frame0076_Timestamp = 7.997
Seq_Frame0077_ForcepToReference-SequenceTransform =0.587627 -0.397284 -0.704883 32.6306 0.365368 -0.647 0.669251 -24.809 -0.721942 -0.650812 -0.23504 -36.2302 0 0 0 1 
Seq_Frame0077_ForcepToReference-SequenceTransformStatus = OK
Seq_Frame0077_Timestamp = 8.101
Seq_Frame0078_ForcepToReference-SequenceTransform =0.584987 -0.397345 -0.707041 32.6007 0.365819 -0.648784 0.667275 -24.8624 -0.723855 -0.648997 -0.234174 -36.0152 0 0 0 1 
Seq_Frame0078_ForcepToReference-SequenceTransformStatus = OK
Seq_Frame0078_Timestamp = 8.208
Seq_Frame0079_ForcepToReference-SequenceTransform =0.582833 -0.398312 -0.708274 32.5905 0.366714 -0.648888 0.666682 -24.8638 -0.725138 -0.648299 -0.232127 -35.9944 0 0 0 1 
Seq_Frame0079_ForcepToReference-SequenceTransformStatus = OK
Seq_Frame0079_Timestamp = 8.312
Seq_Frame0080_ForcepToReference-SequenceTransform =0.580965 -0.399375 -0.70921 32.5833 0.368178 -0.648151 0.666592 -24.839 -0.725895 -0.648382 -0.229512 -36.0069 0 0 0 1 
Seq_Frame0080_ForcepToReference-SequenceTransformStatus = OK
Seq_Frame0080_Timestamp = 8.419
Seq_Frame0081_ForcepToReference-SequenceTransform =0.58199 -0.399317 -0.708402 32.6112 0.368259 -0.647271 0.667402 -24.8342 -0.725034 -0.649297 -0.229653 -35.9803 0 0 0 1 
Seq_Frame0081_ForcepToReference-SequenceTransformStatus = OK
Seq_Frame0081_Timestamp = 8.524
Seq_Frame0082_ForcepToReference-SequenceTransform =0.582635 -0.399174 -0.707952 32.6088 0.368629 -0.646529 0.667917 -24.8347 -0.724327 -0.650124 -0.229543 -35.9872 0 0 0 1 
Seq_Frame0082_ForcepToReference-SequenceTransformStatus = OK
Seq_Frame0082_Timestamp = 8.628
Seq_Frame0083_ForcepToReference-SequenceTransform =0.583529 -0.398713 -0.707476 32.6196 0.367763 -0.646984 0.667954 -24.8386 -0.724047 -0.649954 -0.230902 -36.056 0 0 0 1 
Seq_Frame0083_ForcepToReference-SequenceTransformStatus = OK
Seq_Frame0083_Timestamp = 8.736
Seq_Frame0084_ForcepToReference-SequenceTransform =0.582837 -0.398351 -0.70825 32.6204 0.367693 -0.647973 0.667032 -24.8524 -0.72464 -0.64919 -0.231192 -36.0705 0 0 0 1 
Seq_Frame0084_ForcepToReference-SequenceTransformStatus = OK
Seq_Frame0084_Timestamp = 8.842
Seq_Frame0085_ForcepToReference-SequenceTransform =0.582919 -0.39796 -0.708402 32.6162 0.366419 -0.649411 0.666335 -24.8896 -0.725219 -0.647991 -0.232734 -36.0543 0 0 0 1 
Seq_Frame0085_ForcepToReference-SequenceTransformStatus = OK
Seq_Frame0085_Timestamp = 8.95
Seq_Frame0086_ForcepToReference-SequenceTransform =0.582552 -0.398603 -0.708342 32.6304 0.367729 -0.647944 0.667041 -24.8771 -0.72485 -0.649065 -0.230883 -36.0017 0 0 0 1 
Seq_Frame0086_ForcepToReference-SequenceTransformStatus = OK
Seq_Frame0086_Timestamp = 9.056
Seq_Frame0087_ForcepToReference-SequenceTransform =0.584157 -0.397356 -0.70772 32.6209 0.364599 -0.650564 0.666208 -24.9271 -0.72514 -0.647205 -0.235156 -35.8382 0 0 0 1 
Seq_Frame0087_ForcepToReference-SequenceTransformStatus = OK
Seq_Frame0087_Timestamp = 9.164
Seq_Frame0088_ForcepToReference-SequenceTransform =0.581537 -0.398767 -0.709083 32.6072 0.367117 -0.64919 0.666166 -24.8811 -0.725975 -0.647717 -0.231134 -35.9524 0 0 0 1 
Seq_Frame0088_ForcepToReference-SequenceTransformStatus = OK
Seq_Frame0088_Timestamp = 9.275
Seq_Frame0089_ForcepToReference-SequenceTransform =0.582349 -0.398385 -0.708632 32.6041 0.366836 -0.64912 0.66639 -24.8752 -0.725467 -0.648023 -0.231872 -35.9803 0 0 0 1 
Seq_Frame0089_ForcepToReference-SequenceTransformStatus = OK
Seq_Frame0089_Timestamp = 9.379
Seq_Frame0090_ForcepToReference-SequenceTransform =0.584846 -0.398453 -0.706535 32.6165 0.369017 -0.64498 0.669199 -24.7986 -0.722345 -0.652102 -0.230178 -36.142 0 0 0 1 
Seq_Frame0090_ForcepToReference-SequenceTransformStatus = OK
Seq_Frame0090_Timestamp = 9.489
Seq_Frame0091_ForcepToReference-SequenceTransform =0.583304 -0.396592 -0.708852 32.6323 0.36594 -0.650801 0.665241 -24.9233 -0.725151 -0.647435 -0.234486 -36.0694 0 0 0 1 
Seq_Frame0091_ForcepToReference-SequenceTransformStatus = OK
Seq_Frame0091_Timestamp = 9.593
Seq_Frame0092_ForcepToReference-SequenceTransform =0.583096 -0.398374 -0.708023 32.6046 0.367731 -0.647698 0.667278 -24.863 -0.724412 -0.649449 -0.231176 -35.9647 0 0 0 1 
Seq_Frame0092_ForcepToReference-SequenceTransformStatus = OK
Seq_Frame0092_Timestamp = 9.7
Seq_Frame0093_ForcepToReference-SequenceTransform =0.583181 -0.398086 -0.708116 32.6123 0.36604 -0.649411 0.666543 -24.8742 -0.7252 -0.647914 -0.233008 -35.9747 0 0 0 1 
Seq_Frame0093_ForcepToReference-SequenceTransformStatus = OK
Seq_Frame0093_Timestamp = 9.804
Seq_Frame0094_ForcepToReference-SequenceTransform =0.58295 -0.397937 -0.708389 32.6125 0.366522 -0.649316 0.666371 -24.8749 -0.725142 -0.648101 -0.232666 -35.9981 0 0 0 1 
Seq_Frame0094_ForcepToReference-SequenceTransformStatus = OK
Seq_Frame0094_Timestamp = 9.918
Seq_Frame0095_ForcepToReference-SequenceTransform =0.582405 -0.397879 -0.708871 32.6109 0.366931 -0.649463 0.666003 -24.8831 -0.725373 -0.64799 -0.232256 -35.9959 0 0 0 1 
Seq_Frame0095_ForcepToReference-SequenceTransformStatus = OK
Seq_Frame0095_Timestamp = 10.026
Seq_Frame0096_ForcepToReference-SequenceTransform =0.583087 -0.397972 -0.708257 32.6293 0.365688 -0.649912 0.666248 -24.8935 -0.725453 -0.647482 -0.233421 -35.9969 0 0 0 1 
Seq_Frame0096_ForcepToReference-SequenceTransformStatus = OK
Seq_Frame0096_Timestamp = 10.132
Seq_Frame0097_ForcepToReference-SequenceTransform =0.584606 -0.398012 -0.706981 32.6185 0.366381 -0.647972 0.667755 -24.8407 -0.723879 -0.649398 -0.232985 -36.0593 0 0 0 1 
Seq_Frame0097_ForcepToReference-SequenceTransformStatus = OK
Seq_Frame0097_Timestamp = 10.241
Seq_Frame0098_ForcepToReference-SequenceTransform =0.584303 -0.397976 -0.707251 32.6197 0.366864 -0.64783 0.667628 -24.8501 -0.723879 -0.649562 -0.232526 -36.0303 0 0 0 1 
Seq_Frame0098_ForcepToReference-SequenceTransformStatus = OK
Seq_Frame0098_Timestamp = 10.348
Seq_Frame0099_ForcepToReference-SequenceTransform =0.583295 -0.39853 -0.707772 32.6009 0.367272 -0.647795 0.667438 -24.8433 -0.724485 -0.649258 -0.231487 -36.0226 0 0 0 1 
Seq_Frame0099_ForcepToReference-SequenceTransformStatus = OK
Seq_Frame0099_Timestamp = 10.459
Seq_Frame0100_ForcepToReference-SequenceTransform =0.584786 -0.398245 -0.706701 32.6058 0.366432 -0.647554 0.668132 -24.8295 -0.723708 -0.649672 -0.232751 -36.0236 0 0 0 1 
Seq_Frame0100_ForcepToReference-SequenceTransformStatus = OK
Seq_Frame0100_Timestamp = 10.565
Seq_Frame0101_ForcepToReference-SequenceTransform =0.584937 -0.398081 -0.706668 32.604 0.36675 -0.647296 0.668208 -24.8371 -0.723425 -0.65003 -0.232632 -35.9989 0 0 0 1 
Seq_Frame0101_ForcepToReference-SequenceTransformStatus = OK
Seq_Frame0101_Timestamp = 10.668
Seq_Frame0102_ForcepToReference-SequenceTransform =0.584158 -0.398245 -0.70722 32.6008 0.366589 -0.647946 0.667667 -24.8335 -0.724135 -0.649282 -0.23251 -36.017 0 0 0 1 
Seq_Frame0102_ForcepToReference-SequenceTransformStatus = OK
Seq_Frame0102_Timestamp = 10.773
Seq_Frame0103_ForcepToReference-SequenceTransform =0.583779 -0.398114 -0.707606 32.6075 0.367072 -0.647957 0.667391 -24.8507 -0.724196 -0.649351 -0.232127 -35.964 0 0 0 1 
Seq_Frame0103_ForcepToReference-SequenceTransformStatus = OK
Seq_Frame0103_Timestamp = 10.882
Seq_Frame0104_ForcepToReference-SequenceTransform =0.582605 -0.398158 -0.708549 32.619 0.366965 -0.649001 0.666434 -24.8749 -0.725195 -0.648281 -0.232001 -35.9624 0 0 0 1 
Seq_Frame0104_ForcepToReference-SequenceTransformStatus = OK
Seq_Frame0104_Timestamp = 10.988
Seq_Frame0105_ForcepToReference-SequenceTransform =0.582531 -0.397803 -0.708809 32.6162 0.367514 -0.648906 0.666224 -24.879 -0.724976 -0.648594 -0.23181 -35.9887 0 0 0 1 
Seq_Frame0105_ForcepToReference-SequenceTransformStatus = OK
Seq_Frame0105_Timestamp = 11.095
Seq_Frame0106_ForcepToReference-SequenceTransform =0.582192 -0.398792 -0.708532 32.6005 0.367871 -0.647943 0.666964 -24.8462 -0.725068 -0.648949 -0.230523 -35.9871 0 0 0 1 
Seq_Frame0106_ForcepToReference-SequenceTransformStatus = OK
Seq_Frame0106_Timestamp = 11.199
Seq_Frame0107_ForcepToReference-SequenceTransform =0.583634 -0.397965 -0.70781 32.6144 0.366465 -0.648764 0.66694 -24.8669 -0.72462 -0.648637 -0.2328 -35.9843 0 0 0 1 
Seq_Frame0107_ForcepToReference-SequenceTransformStatus = OK
Seq_Frame0107_Timestamp = 11.309
Seq_Frame0108_ForcepToReference-SequenceTransform =0.582862 -0.398045 -0.708401 32.6164 0.366149 -0.649621 0.666279 -24.8785 -0.725401 -0.647729 -0.232896 -35.9925 0 0 0 1 
Seq_Frame0108_ForcepToReference-SequenceTransformStatus = OK
Seq_Frame0108_Timestamp = 11.416
Seq_Frame0109_ForcepToReference-SequenceTransform =0.582416 -0.398249 -0.708653 32.6156 0.366495 -0.649494 0.666212 -24.8645 -0.725584 -0.647731 -0.23232 -36.0193 0 0 0 1 
Seq_Frame0109_ForcepToReference-SequenceTransformStatus = OK
Seq_Frame0109_Timestamp = 11.519
Seq_Frame0110_ForcepToReference-SequenceTransform =0.583327 -0.397666 -0.708231 32.6167 0.365771 -0.649924 0.666191 -24.8966 -0.725218 -0.647658 -0.233664 -35.968 0 0 0 1 
Seq_Frame0110_ForcepToReference-SequenceTransformStatus = OK
Seq_Frame0110_Timestamp = 11.631
Seq_Frame0111_ForcepToReference-SequenceTransform =0.583272 -0.397846 -0.708176 32.6208 0.365663 -0.649898 0.666276 -24.8784 -0.725317 -0.647573 -0.233589 -36.0147 0 0 0 1 
Seq_Frame0111_ForcepToReference-SequenceTransformStatus = OK
Seq_Frame0111_Timestamp = 11.736
Seq_Frame0112_ForcepToReference-SequenceTransform =0.583167 -0.397578 -0.708413 32.6211 0.365234 -0.650621 0.665805 -24.8718 -0.725617 -0.647012 -0.234211 -36.0647 0 0 0 1 
Seq_Frame0112_ForcepToReference-SequenceTransformStatus = OK
Seq_Frame0112_Timestamp = 11.849
Seq_Frame0113_ForcepToReference-SequenceTransform =0.582553 -0.398205 -0.708565 32.6111 0.36646 -0.649452 0.666272 -24.8547 -0.725492 -0.6478 -0.232414 -36.0441 0 0 0 1 
Seq_Frame0113_ForcepToReference-SequenceTransformStatus = OK
Seq_Frame0113_Timestamp = 11.956
Seq_Frame0114_ForcepToReference-SequenceTransform =0.582638 -0.398043 -0.708587 32.6221 0.366675 -0.649342 0.666262 -24.8687 -0.725316 -0.64801 -0.232379 -36.042 0 0 0 1 
Seq_Frame0114_ForcepToReference-SequenceTransformStatus = OK
Seq_Frame0114_Timestamp = 12.064
Seq_Frame0115_ForcepToReference-SequenceTransform =0.583024 -0.397914 -0.708342 32.6087 0.365872 -0.649856 0.666202 -24.869 -0.725411 -0.647574 -0.233296 -36.0314 0 0 0 1 
Seq_Frame0115_ForcepToReference-SequenceTransformStatus = OK
Seq_Frame0115_Timestamp = 12.172
Seq_Frame0116_ForcepToReference-SequenceTransform =0.582538 -0.398013 -0.708686 32.6116 0.366382 -0.649716 0.666059 -24.8621 -0.725544 -0.647654 -0.232659 -36.0124 0 0 0 1 
Seq_Frame0116_ForcepToReference-SequenceTransformStatus = OK
Seq_Frame0116_Timestamp = 12.28
Seq_Frame0117_ForcepToReference-SequenceTransform =0.582425 -0.397931 -0.708825 32.6133 0.366225 -0.650027 0.665841 -24.8665 -0.725714 -0.647391 -0.23286 -36.0269 0 0 0 1 
Seq_Frame0117_ForcepToReference-SequenceTransformStatus = OK
Seq_Frame0117_Timestamp = 12.387
Seq_Frame0118_ForcepToReference-SequenceTransform =0.582362 -0.398109 -0.708776 32.6157 0.365468 -0.650587 0.66571 -24.8661 -0.726146 -0.646719 -0.233381 -36.0363 0 0 0 1 
Seq_Frame0118_ForcepToReference-SequenceTransformStatus = OK
Seq_Frame0118_Timestamp = 12.492
Seq_Frame0119_ForcepToReference-SequenceTransform =0.581971 -0.398254 -0.709016 32.6144 0.366432 -0.649919 0.665832 -24.8538 -0.725974 -0.647301 -0.232301 -36.0705 0 0 0 1 
Seq_Frame0119_ForcepToReference-SequenceTransformStatus = OK
Seq_Frame0119_Timestamp = 12.602
Seq_Frame0120_ForcepToReference-SequenceTransform =0.581673 -0.398366 -0.709198 32.6005 0.365563 -0.650837 0.665413 -24.8476 -0.72665 -0.646309 -0.232946 -36.1146 0 0 0 1 
Seq_Frame0120_ForcepToReference-SequenceTransformStatus = OK
Seq_Frame0120_Timestamp = 12.708
Seq_Frame0121_ForcepToReference-SequenceTransform =0.581149 -0.39856 -0.709518 32.6057 0.365065 -0.651535 0.665004 -24.8581 -0.727319 -0.645486 -0.233139 -36.0786 0 0 0 1 
Seq_Frame0121_ForcepToReference-SequenceTransformStatus = OK
Seq_Frame0121_Timestamp = 12.815
Seq_Frame0122_ForcepToReference-SequenceTransform =0.581347 -0.39848 -0.7094 32.6027 0.365697 -0.650883 0.665295 -24.8616 -0.726843 -0.646193 -0.232666 -36.052 0 0 0 1 
Seq_Frame0122_ForcepToReference-SequenceTransformStatus = OK
Seq_Frame0122_Timestamp = 12.92
Seq_Frame0123_ForcepToReference-SequenceTransform =0.58164 -0.398358 -0.709229 32.592 0.364819 -0.651534 0.66514 -24.8692 -0.72705 -0.645612 -0.23363 -36.0629 0 0 0 1 
Seq_Frame0123_ForcepToReference-SequenceTransformStatus = OK
Seq_Frame0123_Timestamp = 13.029
Seq_Frame0124_ForcepToReference-SequenceTransform =0.581762 -0.39813 -0.709257 32.6024 0.365498 -0.651041 0.665249 -24.8631 -0.726611 -0.646249 -0.233236 -36.1046 0 0 0 1 
Seq_Frame0124_ForcepToReference-SequenceTransformStatus = OK
Seq_Frame0124_Timestamp = 13.133
Seq_Frame0125_ForcepToReference-SequenceTransform =0.581465 -0.398479 -0.709304 32.6056 0.36519 -0.651236 0.665228 -24.862 -0.727004 -0.645838 -0.23315 -36.0886 0 0 0 1 
Seq_Frame0125_ForcepToReference-SequenceTransformStatus = OK
Seq_Frame0125_Timestamp = 13.239
Seq_Frame0126_ForcepToReference-SequenceTransform =0.581499 -0.398393 -0.709325 32.5972 0.365125 -0.651346 0.665156 -24.8614 -0.72701 -0.645779 -0.233294 -36.0964 0 0 0 1 
Seq_Frame0126_ForcepToReference-SequenceTransformStatus = OK
Seq_Frame0126_Timestamp = 13.349
Seq_Frame0127_ForcepToReference-SequenceTransform =0.582685 -0.397878 -0.708641 32.6126 0.36458 -0.651325 0.665475 -24.8702 -0.726333 -0.646119 -0.234459 -36.0524 0 0 0 1 
Seq_Frame0127_ForcepToReference-SequenceTransformStatus = OK
Seq_Frame0127_Timestamp = 13.453
Seq_Frame0128_ForcepToReference-SequenceTransform =0.582497 -0.398197 -0.708616 32.6062 0.364922 -0.650879 0.665724 -24.8483 -0.726313 -0.646372 -0.233824 -36.0838 0 0 0 1 
Seq_Frame0128_ForcepToReference-SequenceTransformStatus = OK
Seq_Frame0128_Timestamp = 13.563
Seq_Frame0129_ForcepToReference-SequenceTransform =0.582484 -0.398031 -0.70872 32.611 0.365113 -0.650874 0.665624 -24.8522 -0.726226 -0.646478 -0.233797 -36.0613 0 0 0 1 
Seq_Frame0129_ForcepToReference-SequenceTransformStatus = OK
Seq_Frame0129_Timestamp = 13.668
Seq_Frame0130_ForcepToReference-SequenceTransform =0.582062 -0.398134 -0.709008 32.6089 0.365874 -0.650452 0.665618 -24.8463 -0.726182 -0.646839 -0.232937 -36.0948 0 0 0 1 
Seq_Frame0130_ForcepToReference-SequenceTransformStatus = OK
Seq_Frame0130_Timestamp = 13.778
Seq_Frame0131_ForcepToReference-SequenceTransform =0.58191 -0.3984 -0.708984 32.5949 0.364636 -0.651432 0.66534 -24.8487 -0.726926 -0.645689 -0.233804 -36.0791 0 0 0 1 
Seq_Frame0131_ForcepToReference-SequenceTransformStatus = OK
Seq_Frame0131_Timestamp = 13.881
Seq_Frame0132_ForcepToReference-SequenceTransform =0.58158 -0.398118 -0.709413 32.6019 0.365218 -0.651454 0.664999 -24.8597 -0.726898 -0.645841 -0.233473 -36.063 0 0 0 1 
Seq_Frame0132_ForcepToReference-SequenceTransformStatus = OK
Seq_Frame0132_Timestamp = 13.993
Seq_Frame0133_ForcepToReference-SequenceTransform =0.582608 -0.397795 -0.70875 32.6222 0.366018 -0.650186 0.6658 -24.8674 -0.725671 -0.647316 -0.233203 -36.0405 0 0 0 1 
Seq_Frame0133_ForcepToReference-SequenceTransformStatus = OK
Seq_Frame0133_Timestamp = 14.094
Seq_Frame0134_ForcepToReference-SequenceTransform =0.582464 -0.397929 -0.708793 32.6294 0.367254 -0.649077 0.666201 -24.8786 -0.725162 -0.648346 -0.231923 -36.0418 0 0 0 1 
Seq_Frame0134_ForcepToReference-SequenceTransformStatus = OK
Seq_Frame0134_Timestamp = 14.21
Seq_Frame0135_ForcepToReference-SequenceTransform =0.582775 -0.398005 -0.708495 32.6233 0.367069 -0.648909 0.666467 -24.8755 -0.725006 -0.648467 -0.232073 -36.0239 0 0 0 1 
Seq_Frame0135_ForcepToReference-SequenceTransformStatus = OK
Seq_Frame0135_Timestamp = 14.325
Seq_Frame0136_ForcepToReference-SequenceTransform =0.582406 -0.397981 -0.708812 32.6236 0.367057 -0.649253 0.666138 -24.8776 -0.725308 -0.648137 -0.232048 -36.0372 0 0 0 1 
Seq_Frame0136_ForcepToReference-SequenceTransformStatus = OK
Seq_Frame0136_Timestamp = 14.433
Seq_Frame0137_ForcepToReference-SequenceTransform =0.583693 -0.397746 -0.707885 32.6209 0.366926 -0.648507 0.666936 -24.8697 -0.724339 -0.649027 -0.232586 -36.0218 0 0 0 1 
Seq_Frame0137_ForcepToReference-SequenceTransformStatus = OK
Seq_Frame0137_Timestamp = 14.541
Seq_Frame0138_ForcepToReference-SequenceTransform =0.581467 -0.39887 -0.709083 32.6109 0.368094 -0.64828 0.666513 -24.8531 -0.725536 -0.648565 -0.230132 -36.0313 0 0 0 1 
Seq_Frame0138_ForcepToReference-SequenceTransformStatus = OK
Seq_Frame0138_Timestamp = 14.646
Seq_Frame0139_ForcepToReference-SequenceTransform =0.0441035 -0.571549 -0.819382 -3.11757 0.998942 0.035925 0.0287094 143.677 0.0130275 -0.819781 0.572529 -43.1354 0 0 0 1 
Seq_Frame0139_ForcepToReference-SequenceTransformStatus = OK
Seq_Frame0139_Timestamp = 15.767
Seq_Frame0140_ForcepToReference-SequenceTransform =0.060911 -0.692666 -0.718682 -29.0428 0.981225 -0.0904513 0.170339 143.759 -0.182994 -0.715565 0.674152 -53.4053 0 0 0 1 
Seq_Frame0140_ForcepToReference-SequenceTransformStatus = OK
Seq_Frame0140_Timestamp = 15.875
Seq_Frame0141_ForcepToReference-SequenceTransform =0.373862 -0.837728 -0.398045 -43.2921 0.832693 0.114161 0.541839 134.226 -0.408472 -0.534022 0.740251 -48.5587 0 0 0 1 
Seq_Frame0141_ForcepToReference-SequenceTransformStatus = OK
Seq_Frame0141_Timestamp = 15.978
Seq_Frame0142_ForcepToReference-SequenceTransform =0.165029 -0.831131 -0.531024 -59.7491 0.969839 0.0388267 0.240633 156.057 -0.17938 -0.554719 0.812471 -23.7969 0 0 0 1 
Seq_Frame0142_ForcepToReference-SequenceTransformStatus = OK
Seq_Frame0142_Timestamp = 16.083
Seq_Frame0143_ForcepToReference-SequenceTransform =0.145337 -0.730354 -0.667428 -55.8569 0.987107 0.0613195 0.147848 154.908 -0.0670552 -0.680311 0.72985 -10.1188 0 0 0 1 
Seq_Frame0143_ForcepToReference-SequenceTransformStatus = OK
Seq_Frame0143_Timestamp = 16.192
Seq_Frame0144_ForcepToReference-SequenceTransform =0.233225 -0.755216 -0.612581 -54.4451 0.96321 0.0929038 0.252182 146.251 -0.133541 -0.648859 0.749099 -11.0744 0 0 0 1 
Seq_Frame0144_ForcepToReference-SequenceTransformStatus = OK
Seq_Frame0144_Timestamp = 16.298
Seq_Frame0145_ForcepToReference-SequenceTransform =0.224316 -0.74411 -0.629272 -51.7996 0.970547 0.112362 0.213103 146.092 -0.0878659 -0.65854 0.747398 -5.14258 0 0 0 1 
Seq_Frame0145_ForcepToReference-SequenceTransformStatus = OK
Seq_Frame0145_Timestamp = 16.406
Seq_Frame0146_ForcepToReference-SequenceTransform =0.222733 -0.696082 -0.682539 -45.7999 0.974833 0.165892 0.148933 144.515 0.00955784 -0.698533 0.715514 4.3525 0 0 0 1 
Seq_Frame0146_ForcepToReference-SequenceTransformStatus = OK
Seq_Frame0146_Timestamp = 16.51
Seq_Frame0147_ForcepToReference-SequenceTransform =0.254676 -0.68457 -0.683011 -43.2649 0.967025 0.179059 0.181109 143.865 -0.00168172 -0.706613 0.707598 4.57105 0 0 0 1 
Seq_Frame0147_ForcepToReference-SequenceTransformStatus = OK
Seq_Frame0147_Timestamp = 16.617
Seq_Frame0148_ForcepToReference-SequenceTransform =0.261946 -0.665539 -0.698887 -40.2518 0.965027 0.17289 0.197056 144.472 -0.0103176 -0.726063 0.687551 6.56961 0 0 0 1 
Seq_Frame0148_ForcepToReference-SequenceTransformStatus = OK
Seq_Frame0148_Timestamp = 16.724
Seq_Frame0149_ForcepToReference-SequenceTransform =0.281302 -0.648936 -0.706931 -36.6225 0.959611 0.187211 0.209996 144.034 -0.00392868 -0.737451 0.675389 6.67441 0 0 0 1 
Seq_Frame0149_ForcepToReference-SequenceTransformStatus = OK
Seq_Frame0149_Timestamp = 16.828
