ObjectType = Image
NDims = 3
AnatomicalOrientation = RAI
BinaryData = True
CompressedData = False
DimSize = 0 0 1383
ElementSpacing = 1 1 1
Offset = 0 0 0
TransformMatrix = 1 0 0 0 1 0 0 0 1
ElementType = MET_UCHAR
Kinds = domain domain list
Seq_Frame0000_DriverToReference-SequenceTransform =-0.977055 -0.176112 0.119786 -0.282873 0.00269822 0.552126 0.833757 86.0293 -0.212972 0.814949 -0.538982 132.868 0 0 0 1 
Seq_Frame0000_DriverToReference-SequenceTransformStatus = OK
Seq_Frame0000_Timestamp = 0.00200009
Seq_Frame0001_DriverToReference-SequenceTransform =-0.976928 -0.176573 0.120142 -0.236038 0.00230902 0.553776 0.832662 86.1004 -0.213558 0.813728 -0.540591 132.898 0 0 0 1 
Seq_Frame0001_DriverToReference-SequenceTransformStatus = OK
Seq_Frame0001_Timestamp = 0.118
Seq_Frame0002_DriverToReference-SequenceTransform =-0.97685 -0.176974 0.120186 -0.401473 0.00246964 0.552443 0.833547 86.243 -0.213912 0.814547 -0.539216 132.655 0 0 0 1 
Seq_Frame0002_DriverToReference-SequenceTransformStatus = OK
Seq_Frame0002_Timestamp = 0.226
Seq_Frame0003_DriverToReference-SequenceTransform =-0.977189 -0.175932 0.118953 -0.370489 0.00164143 0.553843 0.832619 86.2065 -0.212365 0.813822 -0.540921 132.702 0 0 0 1 
Seq_Frame0003_DriverToReference-SequenceTransformStatus = OK
Seq_Frame0003_Timestamp = 0.332
Seq_Frame0004_DriverToReference-SequenceTransform =-0.976741 -0.177073 0.120925 -0.379813 0.00313139 0.552111 0.833765 86.069 -0.214401 0.81475 -0.538715 132.865 0 0 0 1 
Seq_Frame0004_DriverToReference-SequenceTransformStatus = OK
Seq_Frame0004_Timestamp = 0.436
Seq_Frame0005_DriverToReference-SequenceTransform =-0.975773 -0.180403 0.123785 -0.456397 0.00379707 0.551729 0.834015 86.2327 -0.218754 0.814278 -0.537677 132.535 0 0 0 1 
Seq_Frame0005_DriverToReference-SequenceTransformStatus = OK
Seq_Frame0005_Timestamp = 0.543
Seq_Frame0006_DriverToReference-SequenceTransform =-0.976988 -0.17719 0.118734 -0.344568 0.000432124 0.555023 0.831835 86.2601 -0.213293 0.812744 -0.542175 132.709 0 0 0 1 
Seq_Frame0006_DriverToReference-SequenceTransformStatus = OK
Seq_Frame0006_Timestamp = 0.652
Seq_Frame0007_DriverToReference-SequenceTransform =-0.976604 -0.180093 0.117519 -0.430432 -0.00272514 0.556807 0.830637 86.2597 -0.215028 0.810883 -0.544271 132.738 0 0 0 1 
Seq_Frame0007_DriverToReference-SequenceTransformStatus = OK
Seq_Frame0007_Timestamp = 0.757
Seq_Frame0008_DriverToReference-SequenceTransform =-0.975845 -0.182649 0.119857 -0.507958 -0.00192889 0.555817 0.831303 86.241 -0.218455 0.810991 -0.542743 132.641 0 0 0 1 
Seq_Frame0008_DriverToReference-SequenceTransformStatus = OK
Seq_Frame0008_Timestamp = 0.868
Seq_Frame0009_DriverToReference-SequenceTransform =-0.976006 -0.181593 0.120152 -0.458944 -0.000981589 0.555465 0.831539 86.1739 -0.217742 0.811469 -0.542316 132.781 0 0 0 1 
Seq_Frame0009_DriverToReference-SequenceTransformStatus = OK
Seq_Frame0009_Timestamp = 0.972
Seq_Frame0010_DriverToReference-SequenceTransform =-0.975928 -0.182103 0.12001 -0.466272 -0.00136126 0.55535 0.831616 86.1825 -0.218087 0.811434 -0.54223 132.76 0 0 0 1 
Seq_Frame0010_DriverToReference-SequenceTransformStatus = OK
Seq_Frame0010_Timestamp = 1.076
Seq_Frame0011_DriverToReference-SequenceTransform =-0.98513 -0.124639 0.11825 0.40998 0.0280068 0.562564 0.826279 85.4023 -0.16951 0.817304 -0.550708 132.261 0 0 0 1 
Seq_Frame0011_DriverToReference-SequenceTransformStatus = OK
Seq_Frame0011_Timestamp = 1.187
Seq_Frame0012_DriverToReference-SequenceTransform =-0.986414 -0.120544 0.111608 0.421846 0.0250229 0.561208 0.827297 85.4225 -0.162361 0.81885 -0.550567 132.034 0 0 0 1 
Seq_Frame0012_DriverToReference-SequenceTransformStatus = OK
Seq_Frame0012_Timestamp = 1.292
Seq_Frame0013_DriverToReference-SequenceTransform =-0.991622 -0.110178 0.0674303 -1.37404 -0.00649577 0.563882 0.82583 86.6674 -0.129011 0.818473 -0.559873 131.854 0 0 0 1 
Seq_Frame0013_DriverToReference-SequenceTransformStatus = OK
Seq_Frame0013_Timestamp = 1.397
Seq_Frame0014_DriverToReference-SequenceTransform =-0.999133 -0.0268313 0.031837 -4.73303 0.0112535 0.562169 0.826946 86.7243 -0.0400858 0.826587 -0.56138 131.31 0 0 0 1 
Seq_Frame0014_DriverToReference-SequenceTransformStatus = OK
Seq_Frame0014_Timestamp = 1.506
Seq_Frame0015_DriverToReference-SequenceTransform =-0.998788 -0.0115046 0.0478568 -6.56175 0.0322925 0.58062 0.813534 87.0904 -0.037146 0.814093 -0.579545 130.461 0 0 0 1 
Seq_Frame0015_DriverToReference-SequenceTransformStatus = OK
Seq_Frame0015_Timestamp = 1.617
Seq_Frame0016_DriverToReference-SequenceTransform =-0.999542 -0.0143736 -0.0266289 -6.55555 -0.0298008 0.620366 0.783746 90.9693 0.00525445 0.784181 -0.62051 130.146 0 0 0 1 
Seq_Frame0016_DriverToReference-SequenceTransformStatus = OK
Seq_Frame0016_Timestamp = 1.722
Seq_Frame0017_DriverToReference-SequenceTransform =-0.98876 0.0268938 -0.147073 -3.67014 -0.0934486 0.65671 0.748331 102.171 0.11671 0.753663 -0.646815 129.74 0 0 0 1 
Seq_Frame0017_DriverToReference-SequenceTransformStatus = OK
Seq_Frame0017_Timestamp = 1.832
Seq_Frame0018_DriverToReference-SequenceTransform =-0.913818 0.127975 -0.385434 -0.459908 -0.219095 0.643757 0.733195 115.705 0.341956 0.754453 -0.560238 130.23 0 0 0 1 
Seq_Frame0018_DriverToReference-SequenceTransformStatus = OK
Seq_Frame0018_Timestamp = 1.936
Seq_Frame0019_DriverToReference-SequenceTransform =-0.777038 0.118094 -0.618276 4.4962 -0.384109 0.689198 0.614383 144.901 0.49867 0.714884 -0.490172 126.351 0 0 0 1 
Seq_Frame0019_DriverToReference-SequenceTransformStatus = OK
Seq_Frame0019_Timestamp = 2.042
Seq_Frame0020_DriverToReference-SequenceTransform =-0.798924 0.0984815 -0.593314 16.4278 -0.412993 0.627313 0.660239 166.427 0.437215 0.772515 -0.460503 126.466 0 0 0 1 
Seq_Frame0020_DriverToReference-SequenceTransformStatus = OK
Seq_Frame0020_Timestamp = 2.152
Seq_Frame0021_DriverToReference-SequenceTransform =-0.709708 0.0151507 -0.704333 27.2281 -0.520789 0.662007 0.539004 182.263 0.47444 0.749344 -0.461942 129.521 0 0 0 1 
Seq_Frame0021_DriverToReference-SequenceTransformStatus = OK
Seq_Frame0021_Timestamp = 2.257
Seq_Frame0022_DriverToReference-SequenceTransform =-0.682521 0.00732611 -0.730829 35.9442 -0.586746 0.590715 0.553883 199.234 0.435769 0.806847 -0.398876 129.58 0 0 0 1 
Seq_Frame0022_DriverToReference-SequenceTransformStatus = OK
Seq_Frame0022_Timestamp = 2.367
Seq_Frame0023_DriverToReference-SequenceTransform =-0.570258 -0.0902515 -0.816493 44.2037 -0.70708 0.559867 0.431956 223.998 0.418143 0.823653 -0.383084 127.015 0 0 0 1 
Seq_Frame0023_DriverToReference-SequenceTransformStatus = OK
Seq_Frame0023_Timestamp = 2.476
Seq_Frame0024_DriverToReference-SequenceTransform =-0.581314 -0.226387 -0.781552 55.3102 -0.744555 0.535418 0.398705 249.913 0.328195 0.813681 -0.479803 131.134 0 0 0 1 
Seq_Frame0024_DriverToReference-SequenceTransformStatus = OK
Seq_Frame0024_Timestamp = 2.583
Seq_Frame0025_DriverToReference-SequenceTransform =-0.591414 -0.30966 -0.74454 67.5718 -0.750529 0.549001 0.367837 264.378 0.294849 0.776343 -0.557096 141.037 0 0 0 1 
Seq_Frame0025_DriverToReference-SequenceTransformStatus = OK
Seq_Frame0025_Timestamp = 2.685
Seq_Frame0026_DriverToReference-SequenceTransform =-0.606101 -0.305874 -0.734223 77.5952 -0.743832 0.544907 0.387027 274.781 0.281702 0.780716 -0.557787 150.432 0 0 0 1 
Seq_Frame0026_DriverToReference-SequenceTransformStatus = OK
Seq_Frame0026_Timestamp = 2.797
Seq_Frame0027_DriverToReference-SequenceTransform =-0.707807 -0.276524 -0.650033 89.7765 -0.662039 0.580643 0.473875 276.45 0.2464 0.76576 -0.594053 156.055 0 0 0 1 
Seq_Frame0027_DriverToReference-SequenceTransformStatus = OK
Seq_Frame0027_Timestamp = 2.901
Seq_Frame0028_DriverToReference-SequenceTransform =-0.651675 -0.369988 -0.66214 86.8237 -0.692302 0.646803 0.319943 276.779 0.309899 0.6669 -0.677648 151.892 0 0 0 1 
Seq_Frame0028_DriverToReference-SequenceTransformStatus = OK
Seq_Frame0028_Timestamp = 3.007
Seq_Frame0029_DriverToReference-SequenceTransform =-0.633461 -0.389189 -0.668774 87.2232 -0.734177 0.575258 0.360642 274.404 0.24436 0.719451 -0.650137 158.989 0 0 0 1 
Seq_Frame0029_DriverToReference-SequenceTransformStatus = OK
Seq_Frame0029_Timestamp = 3.117
Seq_Frame0030_DriverToReference-SequenceTransform =-0.624657 -0.356864 -0.694588 90.2827 -0.731589 0.578504 0.360709 272.626 0.273097 0.733472 -0.622444 159.213 0 0 0 1 
Seq_Frame0030_DriverToReference-SequenceTransformStatus = OK
Seq_Frame0030_Timestamp = 3.222
Seq_Frame0031_DriverToReference-SequenceTransform =-0.46022 -0.370174 -0.80695 86.1898 -0.817699 0.530749 0.222879 275.283 0.345783 0.762415 -0.546952 163.386 0 0 0 1 
Seq_Frame0031_DriverToReference-SequenceTransformStatus = OK
Seq_Frame0031_Timestamp = 3.332
Seq_Frame0032_DriverToReference-SequenceTransform =-0.340333 -0.418514 -0.842033 82.0419 -0.866168 0.488051 0.107514 274.887 0.365959 0.765932 -0.528604 174.373 0 0 0 1 
Seq_Frame0032_DriverToReference-SequenceTransformStatus = OK
Seq_Frame0032_Timestamp = 3.437
Seq_Frame0033_DriverToReference-SequenceTransform =-0.244062 -0.528903 -0.812832 78.6464 -0.89739 0.440895 -0.0174352 263.602 0.367595 0.725171 -0.582238 177.705 0 0 0 1 
Seq_Frame0033_DriverToReference-SequenceTransformStatus = OK
Seq_Frame0033_Timestamp = 3.546
Seq_Frame0034_DriverToReference-SequenceTransform =-0.282053 -0.595412 -0.752283 79.9489 -0.901178 0.433419 -0.00516103 259.298 0.329127 0.676485 -0.658819 175.805 0 0 0 1 
Seq_Frame0034_DriverToReference-SequenceTransformStatus = OK
Seq_Frame0034_Timestamp = 3.652
Seq_Frame0035_DriverToReference-SequenceTransform =-0.257321 -0.552154 -0.79304 74.994 -0.911772 0.410576 0.00998292 261.908 0.320091 0.72564 -0.609088 175.205 0 0 0 1 
Seq_Frame0035_DriverToReference-SequenceTransformStatus = OK
Seq_Frame0035_Timestamp = 3.762
Seq_Frame0036_DriverToReference-SequenceTransform =-0.274821 -0.549504 -0.788999 69.7233 -0.902175 0.431143 0.0139691 263.843 0.332496 0.715654 -0.614236 170.247 0 0 0 1 
Seq_Frame0036_DriverToReference-SequenceTransformStatus = OK
Seq_Frame0036_Timestamp = 3.877
Seq_Frame0037_DriverToReference-SequenceTransform =-0.300242 -0.557509 -0.773976 81.7253 -0.910925 0.408292 0.0592677 255.517 0.282966 0.722829 -0.630436 186.091 0 0 0 1 
Seq_Frame0037_DriverToReference-SequenceTransformStatus = OK
Seq_Frame0037_Timestamp = 4.347
Seq_Frame0038_DriverToReference-SequenceTransform =-0.359423 -0.599115 -0.715455 88.8504 -0.90115 0.421968 0.0993585 275.72 0.242372 0.680444 -0.691557 178.347 0 0 0 1 
Seq_Frame0038_DriverToReference-SequenceTransformStatus = OK
Seq_Frame0038_Timestamp = 4.457
Seq_Frame0039_DriverToReference-SequenceTransform =-0.552356 -0.648752 -0.523472 106.613 -0.823927 0.520303 0.224565 291.254 0.126678 0.555342 -0.821917 188.917 0 0 0 1 
Seq_Frame0039_DriverToReference-SequenceTransformStatus = OK
Seq_Frame0039_Timestamp = 4.562
Seq_Frame0040_DriverToReference-SequenceTransform =-0.556426 -0.615931 -0.557691 99.309 -0.80578 0.563784 0.181292 293.16 0.202754 0.550251 -0.810009 205.788 0 0 0 1 
Seq_Frame0040_DriverToReference-SequenceTransformStatus = OK
Seq_Frame0040_Timestamp = 4.676
Seq_Frame0041_DriverToReference-SequenceTransform =-0.736886 -0.438828 -0.514226 77.0929 -0.610466 0.758718 0.227327 276.408 0.290395 0.481432 -0.826979 223.496 0 0 0 1 
Seq_Frame0041_DriverToReference-SequenceTransformStatus = OK
Seq_Frame0041_Timestamp = 4.782
Seq_Frame0042_DriverToReference-SequenceTransform =-0.884594 -0.249513 -0.394 59.0043 -0.343733 0.919801 0.189245 256.853 0.315183 0.302836 -0.899417 233.231 0 0 0 1 
Seq_Frame0042_DriverToReference-SequenceTransformStatus = OK
Seq_Frame0042_Timestamp = 4.891
Seq_Frame0043_DriverToReference-SequenceTransform =-0.881207 -0.137768 -0.45221 42.7392 -0.246825 0.949934 0.191577 241.482 0.403177 0.280436 -0.871094 235.533 0 0 0 1 
Seq_Frame0043_DriverToReference-SequenceTransformStatus = OK
Seq_Frame0043_Timestamp = 4.997
Seq_Frame0044_DriverToReference-SequenceTransform =-0.203216 -0.255427 -0.94523 13.3792 -0.457725 0.878177 -0.138901 243.138 0.865558 0.404429 -0.295375 236.696 0 0 0 1 
Seq_Frame0044_DriverToReference-SequenceTransformStatus = OK
Seq_Frame0044_Timestamp = 5.107
Seq_Frame0045_DriverToReference-SequenceTransform =0.210929 -0.248117 -0.945488 10.3973 -0.464918 0.825378 -0.320316 233.412 0.859861 0.507138 0.0587429 245.608 0 0 0 1 
Seq_Frame0045_DriverToReference-SequenceTransformStatus = OK
Seq_Frame0045_Timestamp = 5.212
Seq_Frame0046_DriverToReference-SequenceTransform =0.210929 -0.248117 -0.945488 10.3973 -0.464918 0.825378 -0.320316 233.412 0.859861 0.507138 0.0587429 245.608 0 0 0 1 
Seq_Frame0046_DriverToReference-SequenceTransformStatus = OK
Seq_Frame0046_Timestamp = 5.318
Seq_Frame0047_DriverToReference-SequenceTransform =0.210929 -0.248117 -0.945488 10.3973 -0.464918 0.825378 -0.320316 233.412 0.859861 0.507138 0.0587429 245.608 0 0 0 1 
Seq_Frame0047_DriverToReference-SequenceTransformStatus = OK
Seq_Frame0047_Timestamp = 5.435
Seq_Frame0048_DriverToReference-SequenceTransform =0.210929 -0.248117 -0.945488 10.3973 -0.464918 0.825378 -0.320316 233.412 0.859861 0.507138 0.0587429 245.608 0 0 0 1 
Seq_Frame0048_DriverToReference-SequenceTransformStatus = OK
Seq_Frame0048_Timestamp = 5.535
Seq_Frame0049_DriverToReference-SequenceTransform =0.210929 -0.248117 -0.945488 10.3973 -0.464918 0.825378 -0.320316 233.412 0.859861 0.507138 0.0587429 245.608 0 0 0 1 
Seq_Frame0049_DriverToReference-SequenceTransformStatus = OK
Seq_Frame0049_Timestamp = 5.641
Seq_Frame0050_DriverToReference-SequenceTransform =0.210929 -0.248117 -0.945488 10.3973 -0.464918 0.825378 -0.320316 233.412 0.859861 0.507138 0.0587429 245.608 0 0 0 1 
Seq_Frame0050_DriverToReference-SequenceTransformStatus = OK
Seq_Frame0050_Timestamp = 5.751
Seq_Frame0051_DriverToReference-SequenceTransform =0.210929 -0.248117 -0.945488 10.3973 -0.464918 0.825378 -0.320316 233.412 0.859861 0.507138 0.0587429 245.608 0 0 0 1 
Seq_Frame0051_DriverToReference-SequenceTransformStatus = OK
Seq_Frame0051_Timestamp = 5.86
Seq_Frame0052_DriverToReference-SequenceTransform =0.210929 -0.248117 -0.945488 10.3973 -0.464918 0.825378 -0.320316 233.412 0.859861 0.507138 0.0587429 245.608 0 0 0 1 
Seq_Frame0052_DriverToReference-SequenceTransformStatus = OK
Seq_Frame0052_Timestamp = 5.966
Seq_Frame0053_DriverToReference-SequenceTransform =0.210929 -0.248117 -0.945488 10.3973 -0.464918 0.825378 -0.320316 233.412 0.859861 0.507138 0.0587429 245.608 0 0 0 1 
Seq_Frame0053_DriverToReference-SequenceTransformStatus = OK
Seq_Frame0053_Timestamp = 6.078
Seq_Frame0054_DriverToReference-SequenceTransform =0.210929 -0.248117 -0.945488 10.3973 -0.464918 0.825378 -0.320316 233.412 0.859861 0.507138 0.0587429 245.608 0 0 0 1 
Seq_Frame0054_DriverToReference-SequenceTransformStatus = OK
Seq_Frame0054_Timestamp = 6.181
Seq_Frame0055_DriverToReference-SequenceTransform =0.210929 -0.248117 -0.945488 10.3973 -0.464918 0.825378 -0.320316 233.412 0.859861 0.507138 0.0587429 245.608 0 0 0 1 
Seq_Frame0055_DriverToReference-SequenceTransformStatus = OK
Seq_Frame0055_Timestamp = 6.307
Seq_Frame0056_DriverToReference-SequenceTransform =0.210929 -0.248117 -0.945488 10.3973 -0.464918 0.825378 -0.320316 233.412 0.859861 0.507138 0.0587429 245.608 0 0 0 1 
Seq_Frame0056_DriverToReference-SequenceTransformStatus = OK
Seq_Frame0056_Timestamp = 6.432
Seq_Frame0057_DriverToReference-SequenceTransform =0.210929 -0.248117 -0.945488 10.3973 -0.464918 0.825378 -0.320316 233.412 0.859861 0.507138 0.0587429 245.608 0 0 0 1 
Seq_Frame0057_DriverToReference-SequenceTransformStatus = OK
Seq_Frame0057_Timestamp = 6.542
Seq_Frame0058_DriverToReference-SequenceTransform =0.210929 -0.248117 -0.945488 10.3973 -0.464918 0.825378 -0.320316 233.412 0.859861 0.507138 0.0587429 245.608 0 0 0 1 
Seq_Frame0058_DriverToReference-SequenceTransformStatus = OK
Seq_Frame0058_Timestamp = 6.647
Seq_Frame0059_DriverToReference-SequenceTransform =0.210929 -0.248117 -0.945488 10.3973 -0.464918 0.825378 -0.320316 233.412 0.859861 0.507138 0.0587429 245.608 0 0 0 1 
Seq_Frame0059_DriverToReference-SequenceTransformStatus = OK
Seq_Frame0059_Timestamp = 6.752
Seq_Frame0060_DriverToReference-SequenceTransform =0.210929 -0.248117 -0.945488 10.3973 -0.464918 0.825378 -0.320316 233.412 0.859861 0.507138 0.0587429 245.608 0 0 0 1 
Seq_Frame0060_DriverToReference-SequenceTransformStatus = OK
Seq_Frame0060_Timestamp = 9.237
Seq_Frame0061_DriverToReference-SequenceTransform =0.210929 -0.248117 -0.945488 10.3973 -0.464918 0.825378 -0.320316 233.412 0.859861 0.507138 0.0587429 245.608 0 0 0 1 
Seq_Frame0061_DriverToReference-SequenceTransformStatus = OK
Seq_Frame0061_Timestamp = 9.343
Seq_Frame0062_DriverToReference-SequenceTransform =0.210929 -0.248117 -0.945488 10.3973 -0.464918 0.825378 -0.320316 233.412 0.859861 0.507138 0.0587429 245.608 0 0 0 1 
Seq_Frame0062_DriverToReference-SequenceTransformStatus = OK
Seq_Frame0062_Timestamp = 9.452
Seq_Frame0063_DriverToReference-SequenceTransform =0.210929 -0.248117 -0.945488 10.3973 -0.464918 0.825378 -0.320316 233.412 0.859861 0.507138 0.0587429 245.608 0 0 0 1 
Seq_Frame0063_DriverToReference-SequenceTransformStatus = OK
Seq_Frame0063_Timestamp = 9.559
Seq_Frame0064_DriverToReference-SequenceTransform =0.194797 -0.478849 0.856013 -1.47474 -0.26758 0.813684 0.516061 255.271 -0.943639 -0.329579 0.0303727 235.22 0 0 0 1 
Seq_Frame0064_DriverToReference-SequenceTransformStatus = OK
Seq_Frame0064_Timestamp = 9.668
Seq_Frame0065_DriverToReference-SequenceTransform =0.194797 -0.478849 0.856013 -1.47474 -0.26758 0.813684 0.516061 255.271 -0.943639 -0.329579 0.0303727 235.22 0 0 0 1 
Seq_Frame0065_DriverToReference-SequenceTransformStatus = OK
Seq_Frame0065_Timestamp = 9.776
Seq_Frame0066_DriverToReference-SequenceTransform =0.194797 -0.478849 0.856013 -1.47474 -0.26758 0.813684 0.516061 255.271 -0.943639 -0.329579 0.0303727 235.22 0 0 0 1 
Seq_Frame0066_DriverToReference-SequenceTransformStatus = OK
Seq_Frame0066_Timestamp = 9.882
Seq_Frame0067_DriverToReference-SequenceTransform =0.194797 -0.478849 0.856013 -1.47474 -0.26758 0.813684 0.516061 255.271 -0.943639 -0.329579 0.0303727 235.22 0 0 0 1 
Seq_Frame0067_DriverToReference-SequenceTransformStatus = OK
Seq_Frame0067_Timestamp = 9.991
Seq_Frame0068_DriverToReference-SequenceTransform =0.194797 -0.478849 0.856013 -1.47474 -0.26758 0.813684 0.516061 255.271 -0.943639 -0.329579 0.0303727 235.22 0 0 0 1 
Seq_Frame0068_DriverToReference-SequenceTransformStatus = OK
Seq_Frame0068_Timestamp = 10.092
Seq_Frame0069_DriverToReference-SequenceTransform =0.194797 -0.478849 0.856013 -1.47474 -0.26758 0.813684 0.516061 255.271 -0.943639 -0.329579 0.0303727 235.22 0 0 0 1 
Seq_Frame0069_DriverToReference-SequenceTransformStatus = OK
Seq_Frame0069_Timestamp = 10.202
Seq_Frame0070_DriverToReference-SequenceTransform =0.194797 -0.478849 0.856013 -1.47474 -0.26758 0.813684 0.516061 255.271 -0.943639 -0.329579 0.0303727 235.22 0 0 0 1 
Seq_Frame0070_DriverToReference-SequenceTransformStatus = OK
Seq_Frame0070_Timestamp = 10.307
Seq_Frame0071_DriverToReference-SequenceTransform =0.194797 -0.478849 0.856013 -1.47474 -0.26758 0.813684 0.516061 255.271 -0.943639 -0.329579 0.0303727 235.22 0 0 0 1 
Seq_Frame0071_DriverToReference-SequenceTransformStatus = OK
Seq_Frame0071_Timestamp = 10.411
Seq_Frame0072_DriverToReference-SequenceTransform =0.194797 -0.478849 0.856013 -1.47474 -0.26758 0.813684 0.516061 255.271 -0.943639 -0.329579 0.0303727 235.22 0 0 0 1 
Seq_Frame0072_DriverToReference-SequenceTransformStatus = OK
Seq_Frame0072_Timestamp = 10.517
Seq_Frame0073_DriverToReference-SequenceTransform =0.194797 -0.478849 0.856013 -1.47474 -0.26758 0.813684 0.516061 255.271 -0.943639 -0.329579 0.0303727 235.22 0 0 0 1 
Seq_Frame0073_DriverToReference-SequenceTransformStatus = OK
Seq_Frame0073_Timestamp = 10.626
Seq_Frame0074_DriverToReference-SequenceTransform =0.194797 -0.478849 0.856013 -1.47474 -0.26758 0.813684 0.516061 255.271 -0.943639 -0.329579 0.0303727 235.22 0 0 0 1 
Seq_Frame0074_DriverToReference-SequenceTransformStatus = OK
Seq_Frame0074_Timestamp = 10.737
Seq_Frame0075_DriverToReference-SequenceTransform =0.194797 -0.478849 0.856013 -1.47474 -0.26758 0.813684 0.516061 255.271 -0.943639 -0.329579 0.0303727 235.22 0 0 0 1 
Seq_Frame0075_DriverToReference-SequenceTransformStatus = OK
Seq_Frame0075_Timestamp = 10.846
Seq_Frame0076_DriverToReference-SequenceTransform =0.194797 -0.478849 0.856013 -1.47474 -0.26758 0.813684 0.516061 255.271 -0.943639 -0.329579 0.0303727 235.22 0 0 0 1 
Seq_Frame0076_DriverToReference-SequenceTransformStatus = OK
Seq_Frame0076_Timestamp = 10.952
Seq_Frame0077_DriverToReference-SequenceTransform =0.194797 -0.478849 0.856013 -1.47474 -0.26758 0.813684 0.516061 255.271 -0.943639 -0.329579 0.0303727 235.22 0 0 0 1 
Seq_Frame0077_DriverToReference-SequenceTransformStatus = OK
Seq_Frame0077_Timestamp = 11.062
Seq_Frame0078_DriverToReference-SequenceTransform =0.194797 -0.478849 0.856013 -1.47474 -0.26758 0.813684 0.516061 255.271 -0.943639 -0.329579 0.0303727 235.22 0 0 0 1 
Seq_Frame0078_DriverToReference-SequenceTransformStatus = OK
Seq_Frame0078_Timestamp = 11.166
Seq_Frame0079_DriverToReference-SequenceTransform =0.194797 -0.478849 0.856013 -1.47474 -0.26758 0.813684 0.516061 255.271 -0.943639 -0.329579 0.0303727 235.22 0 0 0 1 
Seq_Frame0079_DriverToReference-SequenceTransformStatus = OK
Seq_Frame0079_Timestamp = 11.277
Seq_Frame0080_DriverToReference-SequenceTransform =0.194797 -0.478849 0.856013 -1.47474 -0.26758 0.813684 0.516061 255.271 -0.943639 -0.329579 0.0303727 235.22 0 0 0 1 
Seq_Frame0080_DriverToReference-SequenceTransformStatus = OK
Seq_Frame0080_Timestamp = 11.386
Seq_Frame0081_DriverToReference-SequenceTransform =0.194797 -0.478849 0.856013 -1.47474 -0.26758 0.813684 0.516061 255.271 -0.943639 -0.329579 0.0303727 235.22 0 0 0 1 
Seq_Frame0081_DriverToReference-SequenceTransformStatus = OK
Seq_Frame0081_Timestamp = 11.492
Seq_Frame0082_DriverToReference-SequenceTransform =0.194797 -0.478849 0.856013 -1.47474 -0.26758 0.813684 0.516061 255.271 -0.943639 -0.329579 0.0303727 235.22 0 0 0 1 
Seq_Frame0082_DriverToReference-SequenceTransformStatus = OK
Seq_Frame0082_Timestamp = 11.601
Seq_Frame0083_DriverToReference-SequenceTransform =0.194797 -0.478849 0.856013 -1.47474 -0.26758 0.813684 0.516061 255.271 -0.943639 -0.329579 0.0303727 235.22 0 0 0 1 
Seq_Frame0083_DriverToReference-SequenceTransformStatus = OK
Seq_Frame0083_Timestamp = 11.877
Seq_Frame0084_DriverToReference-SequenceTransform =0.194797 -0.478849 0.856013 -1.47474 -0.26758 0.813684 0.516061 255.271 -0.943639 -0.329579 0.0303727 235.22 0 0 0 1 
Seq_Frame0084_DriverToReference-SequenceTransformStatus = OK
Seq_Frame0084_Timestamp = 11.983
Seq_Frame0085_DriverToReference-SequenceTransform =0.194797 -0.478849 0.856013 -1.47474 -0.26758 0.813684 0.516061 255.271 -0.943639 -0.329579 0.0303727 235.22 0 0 0 1 
Seq_Frame0085_DriverToReference-SequenceTransformStatus = OK
Seq_Frame0085_Timestamp = 12.091
Seq_Frame0086_DriverToReference-SequenceTransform =0.194797 -0.478849 0.856013 -1.47474 -0.26758 0.813684 0.516061 255.271 -0.943639 -0.329579 0.0303727 235.22 0 0 0 1 
Seq_Frame0086_DriverToReference-SequenceTransformStatus = OK
Seq_Frame0086_Timestamp = 12.197
Seq_Frame0087_DriverToReference-SequenceTransform =0.194797 -0.478849 0.856013 -1.47474 -0.26758 0.813684 0.516061 255.271 -0.943639 -0.329579 0.0303727 235.22 0 0 0 1 
Seq_Frame0087_DriverToReference-SequenceTransformStatus = OK
Seq_Frame0087_Timestamp = 12.306
Seq_Frame0088_DriverToReference-SequenceTransform =0.194797 -0.478849 0.856013 -1.47474 -0.26758 0.813684 0.516061 255.271 -0.943639 -0.329579 0.0303727 235.22 0 0 0 1 
Seq_Frame0088_DriverToReference-SequenceTransformStatus = OK
Seq_Frame0088_Timestamp = 12.412
Seq_Frame0089_DriverToReference-SequenceTransform =0.194797 -0.478849 0.856013 -1.47474 -0.26758 0.813684 0.516061 255.271 -0.943639 -0.329579 0.0303727 235.22 0 0 0 1 
Seq_Frame0089_DriverToReference-SequenceTransformStatus = OK
Seq_Frame0089_Timestamp = 12.516
Seq_Frame0090_DriverToReference-SequenceTransform =0.194797 -0.478849 0.856013 -1.47474 -0.26758 0.813684 0.516061 255.271 -0.943639 -0.329579 0.0303727 235.22 0 0 0 1 
Seq_Frame0090_DriverToReference-SequenceTransformStatus = OK
Seq_Frame0090_Timestamp = 12.618
Seq_Frame0091_DriverToReference-SequenceTransform =0.194797 -0.478849 0.856013 -1.47474 -0.26758 0.813684 0.516061 255.271 -0.943639 -0.329579 0.0303727 235.22 0 0 0 1 
Seq_Frame0091_DriverToReference-SequenceTransformStatus = OK
Seq_Frame0091_Timestamp = 12.731
Seq_Frame0092_DriverToReference-SequenceTransform =0.194797 -0.478849 0.856013 -1.47474 -0.26758 0.813684 0.516061 255.271 -0.943639 -0.329579 0.0303727 235.22 0 0 0 1 
Seq_Frame0092_DriverToReference-SequenceTransformStatus = OK
Seq_Frame0092_Timestamp = 12.837
Seq_Frame0093_DriverToReference-SequenceTransform =0.194797 -0.478849 0.856013 -1.47474 -0.26758 0.813684 0.516061 255.271 -0.943639 -0.329579 0.0303727 235.22 0 0 0 1 
Seq_Frame0093_DriverToReference-SequenceTransformStatus = OK
Seq_Frame0093_Timestamp = 13.861
Seq_Frame0094_DriverToReference-SequenceTransform =0.194797 -0.478849 0.856013 -1.47474 -0.26758 0.813684 0.516061 255.271 -0.943639 -0.329579 0.0303727 235.22 0 0 0 1 
Seq_Frame0094_DriverToReference-SequenceTransformStatus = OK
Seq_Frame0094_Timestamp = 13.968
Seq_Frame0095_DriverToReference-SequenceTransform =0.194797 -0.478849 0.856013 -1.47474 -0.26758 0.813684 0.516061 255.271 -0.943639 -0.329579 0.0303727 235.22 0 0 0 1 
Seq_Frame0095_DriverToReference-SequenceTransformStatus = OK
Seq_Frame0095_Timestamp = 14.084
Seq_Frame0096_DriverToReference-SequenceTransform =0.194797 -0.478849 0.856013 -1.47474 -0.26758 0.813684 0.516061 255.271 -0.943639 -0.329579 0.0303727 235.22 0 0 0 1 
Seq_Frame0096_DriverToReference-SequenceTransformStatus = OK
Seq_Frame0096_Timestamp = 14.197
Seq_Frame0097_DriverToReference-SequenceTransform =0.194797 -0.478849 0.856013 -1.47474 -0.26758 0.813684 0.516061 255.271 -0.943639 -0.329579 0.0303727 235.22 0 0 0 1 
Seq_Frame0097_DriverToReference-SequenceTransformStatus = OK
Seq_Frame0097_Timestamp = 14.307
Seq_Frame0098_DriverToReference-SequenceTransform =0.194797 -0.478849 0.856013 -1.47474 -0.26758 0.813684 0.516061 255.271 -0.943639 -0.329579 0.0303727 235.22 0 0 0 1 
Seq_Frame0098_DriverToReference-SequenceTransformStatus = OK
Seq_Frame0098_Timestamp = 14.417
Seq_Frame0099_DriverToReference-SequenceTransform =0.194797 -0.478849 0.856013 -1.47474 -0.26758 0.813684 0.516061 255.271 -0.943639 -0.329579 0.0303727 235.22 0 0 0 1 
Seq_Frame0099_DriverToReference-SequenceTransformStatus = OK
Seq_Frame0099_Timestamp = 14.534
Seq_Frame0100_DriverToReference-SequenceTransform =0.194797 -0.478849 0.856013 -1.47474 -0.26758 0.813684 0.516061 255.271 -0.943639 -0.329579 0.0303727 235.22 0 0 0 1 
Seq_Frame0100_DriverToReference-SequenceTransformStatus = OK
Seq_Frame0100_Timestamp = 14.645
Seq_Frame0101_DriverToReference-SequenceTransform =0.194797 -0.478849 0.856013 -1.47474 -0.26758 0.813684 0.516061 255.271 -0.943639 -0.329579 0.0303727 235.22 0 0 0 1 
Seq_Frame0101_DriverToReference-SequenceTransformStatus = OK
Seq_Frame0101_Timestamp = 14.752
Seq_Frame0102_DriverToReference-SequenceTransform =0.194797 -0.478849 0.856013 -1.47474 -0.26758 0.813684 0.516061 255.271 -0.943639 -0.329579 0.0303727 235.22 0 0 0 1 
Seq_Frame0102_DriverToReference-SequenceTransformStatus = OK
Seq_Frame0102_Timestamp = 14.861
Seq_Frame0103_DriverToReference-SequenceTransform =0.194797 -0.478849 0.856013 -1.47474 -0.26758 0.813684 0.516061 255.271 -0.943639 -0.329579 0.0303727 235.22 0 0 0 1 
Seq_Frame0103_DriverToReference-SequenceTransformStatus = OK
Seq_Frame0103_Timestamp = 14.968
Seq_Frame0104_DriverToReference-SequenceTransform =0.194797 -0.478849 0.856013 -1.47474 -0.26758 0.813684 0.516061 255.271 -0.943639 -0.329579 0.0303727 235.22 0 0 0 1 
Seq_Frame0104_DriverToReference-SequenceTransformStatus = OK
Seq_Frame0104_Timestamp = 15.121
Seq_Frame0105_DriverToReference-SequenceTransform =0.194797 -0.478849 0.856013 -1.47474 -0.26758 0.813684 0.516061 255.271 -0.943639 -0.329579 0.0303727 235.22 0 0 0 1 
Seq_Frame0105_DriverToReference-SequenceTransformStatus = OK
Seq_Frame0105_Timestamp = 15.226
Seq_Frame0106_DriverToReference-SequenceTransform =0.194797 -0.478849 0.856013 -1.47474 -0.26758 0.813684 0.516061 255.271 -0.943639 -0.329579 0.0303727 235.22 0 0 0 1 
Seq_Frame0106_DriverToReference-SequenceTransformStatus = OK
Seq_Frame0106_Timestamp = 15.337
Seq_Frame0107_DriverToReference-SequenceTransform =0.194797 -0.478849 0.856013 -1.47474 -0.26758 0.813684 0.516061 255.271 -0.943639 -0.329579 0.0303727 235.22 0 0 0 1 
Seq_Frame0107_DriverToReference-SequenceTransformStatus = OK
Seq_Frame0107_Timestamp = 15.443
Seq_Frame0108_DriverToReference-SequenceTransform =0.194797 -0.478849 0.856013 -1.47474 -0.26758 0.813684 0.516061 255.271 -0.943639 -0.329579 0.0303727 235.22 0 0 0 1 
Seq_Frame0108_DriverToReference-SequenceTransformStatus = OK
Seq_Frame0108_Timestamp = 15.547
Seq_Frame0109_DriverToReference-SequenceTransform =0.194797 -0.478849 0.856013 -1.47474 -0.26758 0.813684 0.516061 255.271 -0.943639 -0.329579 0.0303727 235.22 0 0 0 1 
Seq_Frame0109_DriverToReference-SequenceTransformStatus = OK
Seq_Frame0109_Timestamp = 15.656
Seq_Frame0110_DriverToReference-SequenceTransform =0.194797 -0.478849 0.856013 -1.47474 -0.26758 0.813684 0.516061 255.271 -0.943639 -0.329579 0.0303727 235.22 0 0 0 1 
Seq_Frame0110_DriverToReference-SequenceTransformStatus = OK
Seq_Frame0110_Timestamp = 15.767
Seq_Frame0111_DriverToReference-SequenceTransform =0.194797 -0.478849 0.856013 -1.47474 -0.26758 0.813684 0.516061 255.271 -0.943639 -0.329579 0.0303727 235.22 0 0 0 1 
Seq_Frame0111_DriverToReference-SequenceTransformStatus = OK
Seq_Frame0111_Timestamp = 15.868
Seq_Frame0112_DriverToReference-SequenceTransform =0.194797 -0.478849 0.856013 -1.47474 -0.26758 0.813684 0.516061 255.271 -0.943639 -0.329579 0.0303727 235.22 0 0 0 1 
Seq_Frame0112_DriverToReference-SequenceTransformStatus = OK
Seq_Frame0112_Timestamp = 15.993
Seq_Frame0113_DriverToReference-SequenceTransform =0.194797 -0.478849 0.856013 -1.47474 -0.26758 0.813684 0.516061 255.271 -0.943639 -0.329579 0.0303727 235.22 0 0 0 1 
Seq_Frame0113_DriverToReference-SequenceTransformStatus = OK
Seq_Frame0113_Timestamp = 16.101
Seq_Frame0114_DriverToReference-SequenceTransform =0.194797 -0.478849 0.856013 -1.47474 -0.26758 0.813684 0.516061 255.271 -0.943639 -0.329579 0.0303727 235.22 0 0 0 1 
Seq_Frame0114_DriverToReference-SequenceTransformStatus = OK
Seq_Frame0114_Timestamp = 16.21
Seq_Frame0115_DriverToReference-SequenceTransform =0.194797 -0.478849 0.856013 -1.47474 -0.26758 0.813684 0.516061 255.271 -0.943639 -0.329579 0.0303727 235.22 0 0 0 1 
Seq_Frame0115_DriverToReference-SequenceTransformStatus = OK
Seq_Frame0115_Timestamp = 16.316
Seq_Frame0116_DriverToReference-SequenceTransform =0.194797 -0.478849 0.856013 -1.47474 -0.26758 0.813684 0.516061 255.271 -0.943639 -0.329579 0.0303727 235.22 0 0 0 1 
Seq_Frame0116_DriverToReference-SequenceTransformStatus = OK
Seq_Frame0116_Timestamp = 16.427
Seq_Frame0117_DriverToReference-SequenceTransform =0.194797 -0.478849 0.856013 -1.47474 -0.26758 0.813684 0.516061 255.271 -0.943639 -0.329579 0.0303727 235.22 0 0 0 1 
Seq_Frame0117_DriverToReference-SequenceTransformStatus = OK
Seq_Frame0117_Timestamp = 16.531
Seq_Frame0118_DriverToReference-SequenceTransform =0.194797 -0.478849 0.856013 -1.47474 -0.26758 0.813684 0.516061 255.271 -0.943639 -0.329579 0.0303727 235.22 0 0 0 1 
Seq_Frame0118_DriverToReference-SequenceTransformStatus = OK
Seq_Frame0118_Timestamp = 16.634
Seq_Frame0119_DriverToReference-SequenceTransform =0.194797 -0.478849 0.856013 -1.47474 -0.26758 0.813684 0.516061 255.271 -0.943639 -0.329579 0.0303727 235.22 0 0 0 1 
Seq_Frame0119_DriverToReference-SequenceTransformStatus = OK
Seq_Frame0119_Timestamp = 16.746
Seq_Frame0120_DriverToReference-SequenceTransform =0.194797 -0.478849 0.856013 -1.47474 -0.26758 0.813684 0.516061 255.271 -0.943639 -0.329579 0.0303727 235.22 0 0 0 1 
Seq_Frame0120_DriverToReference-SequenceTransformStatus = OK
Seq_Frame0120_Timestamp = 16.857
Seq_Frame0121_DriverToReference-SequenceTransform =0.194797 -0.478849 0.856013 -1.47474 -0.26758 0.813684 0.516061 255.271 -0.943639 -0.329579 0.0303727 235.22 0 0 0 1 
Seq_Frame0121_DriverToReference-SequenceTransformStatus = OK
Seq_Frame0121_Timestamp = 16.969
Seq_Frame0122_DriverToReference-SequenceTransform =0.194797 -0.478849 0.856013 -1.47474 -0.26758 0.813684 0.516061 255.271 -0.943639 -0.329579 0.0303727 235.22 0 0 0 1 
Seq_Frame0122_DriverToReference-SequenceTransformStatus = OK
Seq_Frame0122_Timestamp = 17.072
Seq_Frame0123_DriverToReference-SequenceTransform =0.194797 -0.478849 0.856013 -1.47474 -0.26758 0.813684 0.516061 255.271 -0.943639 -0.329579 0.0303727 235.22 0 0 0 1 
Seq_Frame0123_DriverToReference-SequenceTransformStatus = OK
Seq_Frame0123_Timestamp = 17.177
Seq_Frame0124_DriverToReference-SequenceTransform =0.194797 -0.478849 0.856013 -1.47474 -0.26758 0.813684 0.516061 255.271 -0.943639 -0.329579 0.0303727 235.22 0 0 0 1 
Seq_Frame0124_DriverToReference-SequenceTransformStatus = OK
Seq_Frame0124_Timestamp = 17.281
Seq_Frame0125_DriverToReference-SequenceTransform =0.194797 -0.478849 0.856013 -1.47474 -0.26758 0.813684 0.516061 255.271 -0.943639 -0.329579 0.0303727 235.22 0 0 0 1 
Seq_Frame0125_DriverToReference-SequenceTransformStatus = OK
Seq_Frame0125_Timestamp = 17.387
Seq_Frame0126_DriverToReference-SequenceTransform =0.194797 -0.478849 0.856013 -1.47474 -0.26758 0.813684 0.516061 255.271 -0.943639 -0.329579 0.0303727 235.22 0 0 0 1 
Seq_Frame0126_DriverToReference-SequenceTransformStatus = OK
Seq_Frame0126_Timestamp = 17.497
Seq_Frame0127_DriverToReference-SequenceTransform =0.194797 -0.478849 0.856013 -1.47474 -0.26758 0.813684 0.516061 255.271 -0.943639 -0.329579 0.0303727 235.22 0 0 0 1 
Seq_Frame0127_DriverToReference-SequenceTransformStatus = OK
Seq_Frame0127_Timestamp = 17.607
Seq_Frame0128_DriverToReference-SequenceTransform =0.194797 -0.478849 0.856013 -1.47474 -0.26758 0.813684 0.516061 255.271 -0.943639 -0.329579 0.0303727 235.22 0 0 0 1 
Seq_Frame0128_DriverToReference-SequenceTransformStatus = OK
Seq_Frame0128_Timestamp = 17.712
Seq_Frame0129_DriverToReference-SequenceTransform =0.194797 -0.478849 0.856013 -1.47474 -0.26758 0.813684 0.516061 255.271 -0.943639 -0.329579 0.0303727 235.22 0 0 0 1 
Seq_Frame0129_DriverToReference-SequenceTransformStatus = OK
Seq_Frame0129_Timestamp = 17.823
Seq_Frame0130_DriverToReference-SequenceTransform =0.194797 -0.478849 0.856013 -1.47474 -0.26758 0.813684 0.516061 255.271 -0.943639 -0.329579 0.0303727 235.22 0 0 0 1 
Seq_Frame0130_DriverToReference-SequenceTransformStatus = OK
Seq_Frame0130_Timestamp = 17.927
Seq_Frame0131_DriverToReference-SequenceTransform =0.194797 -0.478849 0.856013 -1.47474 -0.26758 0.813684 0.516061 255.271 -0.943639 -0.329579 0.0303727 235.22 0 0 0 1 
Seq_Frame0131_DriverToReference-SequenceTransformStatus = OK
Seq_Frame0131_Timestamp = 18.028
Seq_Frame0132_DriverToReference-SequenceTransform =0.194797 -0.478849 0.856013 -1.47474 -0.26758 0.813684 0.516061 255.271 -0.943639 -0.329579 0.0303727 235.22 0 0 0 1 
Seq_Frame0132_DriverToReference-SequenceTransformStatus = OK
Seq_Frame0132_Timestamp = 18.137
Seq_Frame0133_DriverToReference-SequenceTransform =0.194797 -0.478849 0.856013 -1.47474 -0.26758 0.813684 0.516061 255.271 -0.943639 -0.329579 0.0303727 235.22 0 0 0 1 
Seq_Frame0133_DriverToReference-SequenceTransformStatus = OK
Seq_Frame0133_Timestamp = 18.242
Seq_Frame0134_DriverToReference-SequenceTransform =0.194797 -0.478849 0.856013 -1.47474 -0.26758 0.813684 0.516061 255.271 -0.943639 -0.329579 0.0303727 235.22 0 0 0 1 
Seq_Frame0134_DriverToReference-SequenceTransformStatus = OK
Seq_Frame0134_Timestamp = 18.347
Seq_Frame0135_DriverToReference-SequenceTransform =0.194797 -0.478849 0.856013 -1.47474 -0.26758 0.813684 0.516061 255.271 -0.943639 -0.329579 0.0303727 235.22 0 0 0 1 
Seq_Frame0135_DriverToReference-SequenceTransformStatus = OK
Seq_Frame0135_Timestamp = 18.457
Seq_Frame0136_DriverToReference-SequenceTransform =0.194797 -0.478849 0.856013 -1.47474 -0.26758 0.813684 0.516061 255.271 -0.943639 -0.329579 0.0303727 235.22 0 0 0 1 
Seq_Frame0136_DriverToReference-SequenceTransformStatus = OK
Seq_Frame0136_Timestamp = 18.561
Seq_Frame0137_DriverToReference-SequenceTransform =0.194797 -0.478849 0.856013 -1.47474 -0.26758 0.813684 0.516061 255.271 -0.943639 -0.329579 0.0303727 235.22 0 0 0 1 
Seq_Frame0137_DriverToReference-SequenceTransformStatus = OK
Seq_Frame0137_Timestamp = 19.382
Seq_Frame0138_DriverToReference-SequenceTransform =0.194797 -0.478849 0.856013 -1.47474 -0.26758 0.813684 0.516061 255.271 -0.943639 -0.329579 0.0303727 235.22 0 0 0 1 
Seq_Frame0138_DriverToReference-SequenceTransformStatus = OK
Seq_Frame0138_Timestamp = 19.485
Seq_Frame0139_DriverToReference-SequenceTransform =0.194797 -0.478849 0.856013 -1.47474 -0.26758 0.813684 0.516061 255.271 -0.943639 -0.329579 0.0303727 235.22 0 0 0 1 
Seq_Frame0139_DriverToReference-SequenceTransformStatus = OK
Seq_Frame0139_Timestamp = 19.592
Seq_Frame0140_DriverToReference-SequenceTransform =0.194797 -0.478849 0.856013 -1.47474 -0.26758 0.813684 0.516061 255.271 -0.943639 -0.329579 0.0303727 235.22 0 0 0 1 
Seq_Frame0140_DriverToReference-SequenceTransformStatus = OK
Seq_Frame0140_Timestamp = 19.703
Seq_Frame0141_DriverToReference-SequenceTransform =0.194797 -0.478849 0.856013 -1.47474 -0.26758 0.813684 0.516061 255.271 -0.943639 -0.329579 0.0303727 235.22 0 0 0 1 
Seq_Frame0141_DriverToReference-SequenceTransformStatus = OK
Seq_Frame0141_Timestamp = 19.807
Seq_Frame0142_DriverToReference-SequenceTransform =0.194797 -0.478849 0.856013 -1.47474 -0.26758 0.813684 0.516061 255.271 -0.943639 -0.329579 0.0303727 235.22 0 0 0 1 
Seq_Frame0142_DriverToReference-SequenceTransformStatus = OK
Seq_Frame0142_Timestamp = 19.912
Seq_Frame0143_DriverToReference-SequenceTransform =0.194797 -0.478849 0.856013 -1.47474 -0.26758 0.813684 0.516061 255.271 -0.943639 -0.329579 0.0303727 235.22 0 0 0 1 
Seq_Frame0143_DriverToReference-SequenceTransformStatus = OK
Seq_Frame0143_Timestamp = 20.022
Seq_Frame0144_DriverToReference-SequenceTransform =0.194797 -0.478849 0.856013 -1.47474 -0.26758 0.813684 0.516061 255.271 -0.943639 -0.329579 0.0303727 235.22 0 0 0 1 
Seq_Frame0144_DriverToReference-SequenceTransformStatus = OK
Seq_Frame0144_Timestamp = 20.126
Seq_Frame0145_DriverToReference-SequenceTransform =0.194797 -0.478849 0.856013 -1.47474 -0.26758 0.813684 0.516061 255.271 -0.943639 -0.329579 0.0303727 235.22 0 0 0 1 
Seq_Frame0145_DriverToReference-SequenceTransformStatus = OK
Seq_Frame0145_Timestamp = 20.235
Seq_Frame0146_DriverToReference-SequenceTransform =0.194797 -0.478849 0.856013 -1.47474 -0.26758 0.813684 0.516061 255.271 -0.943639 -0.329579 0.0303727 235.22 0 0 0 1 
Seq_Frame0146_DriverToReference-SequenceTransformStatus = OK
Seq_Frame0146_Timestamp = 20.346
Seq_Frame0147_DriverToReference-SequenceTransform =0.194797 -0.478849 0.856013 -1.47474 -0.26758 0.813684 0.516061 255.271 -0.943639 -0.329579 0.0303727 235.22 0 0 0 1 
Seq_Frame0147_DriverToReference-SequenceTransformStatus = OK
Seq_Frame0147_Timestamp = 20.447
Seq_Frame0148_DriverToReference-SequenceTransform =0.194797 -0.478849 0.856013 -1.47474 -0.26758 0.813684 0.516061 255.271 -0.943639 -0.329579 0.0303727 235.22 0 0 0 1 
Seq_Frame0148_DriverToReference-SequenceTransformStatus = OK
Seq_Frame0148_Timestamp = 20.552
Seq_Frame0149_DriverToReference-SequenceTransform =0.194797 -0.478849 0.856013 -1.47474 -0.26758 0.813684 0.516061 255.271 -0.943639 -0.329579 0.0303727 235.22 0 0 0 1 
Seq_Frame0149_DriverToReference-SequenceTransformStatus = OK
Seq_Frame0149_Timestamp = 20.666
Seq_Frame0150_DriverToReference-SequenceTransform =0.194797 -0.478849 0.856013 -1.47474 -0.26758 0.813684 0.516061 255.271 -0.943639 -0.329579 0.0303727 235.22 0 0 0 1 
Seq_Frame0150_DriverToReference-SequenceTransformStatus = OK
Seq_Frame0150_Timestamp = 20.776
