ObjectType = Image
NDims = 3
AnatomicalOrientation = RAI
BinaryData = True
CompressedData = False
DimSize = 0 0 1383
ElementSpacing = 1 1 1
Offset = 0 0 0
TransformMatrix = 1 0 0 0 1 0 0 0 1
ElementType = MET_UCHAR
Kinds = domain domain list
Seq_Frame0000_ForcepToReference-SequenceTransform =0.441754 0.889413 -0.117468 78.0857 -0.89095 0.419581 -0.173667 -3.35452 -0.105175 0.181376 0.977773 12.2812 0 0 0 1 
Seq_Frame0000_ForcepToReference-SequenceTransformStatus = OK
Seq_Frame0000_Timestamp = 0.00200009
Seq_Frame0001_ForcepToReference-SequenceTransform =0.442852 0.889112 -0.115597 78.0915 -0.890231 0.420704 -0.174635 -3.30177 -0.106638 0.180246 0.977824 12.1949 0 0 0 1 
Seq_Frame0001_ForcepToReference-SequenceTransformStatus = OK
Seq_Frame0001_Timestamp = 0.118
Seq_Frame0002_ForcepToReference-SequenceTransform =0.44196 0.889242 -0.117982 78.0817 -0.891018 0.419975 -0.172357 -3.30102 -0.103718 0.1813 0.977943 12.2924 0 0 0 1 
Seq_Frame0002_ForcepToReference-SequenceTransformStatus = OK
Seq_Frame0002_Timestamp = 0.226
Seq_Frame0003_ForcepToReference-SequenceTransform =0.442296 0.88916 -0.117342 78.0792 -0.89066 0.420089 -0.173923 -3.33071 -0.105351 0.181437 0.977743 12.3055 0 0 0 1 
Seq_Frame0003_ForcepToReference-SequenceTransformStatus = OK
Seq_Frame0003_Timestamp = 0.332
Seq_Frame0004_ForcepToReference-SequenceTransform =0.44317 0.888937 -0.115722 78.0643 -0.890022 0.420899 -0.17523 -3.32766 -0.107061 0.180651 0.977703 12.2342 0 0 0 1 
Seq_Frame0004_ForcepToReference-SequenceTransformStatus = OK
Seq_Frame0004_Timestamp = 0.436
Seq_Frame0005_ForcepToReference-SequenceTransform =0.442814 0.888945 -0.117016 78.0756 -0.89036 0.420579 -0.174275 -3.28256 -0.105707 0.181358 0.977719 12.2185 0 0 0 1 
Seq_Frame0005_ForcepToReference-SequenceTransformStatus = OK
Seq_Frame0005_Timestamp = 0.543
Seq_Frame0006_ForcepToReference-SequenceTransform =0.442234 0.88915 -0.117646 78.0629 -0.890864 0.420273 -0.172428 -3.2769 -0.103871 0.18106 0.977971 12.1741 0 0 0 1 
Seq_Frame0006_ForcepToReference-SequenceTransformStatus = OK
Seq_Frame0006_Timestamp = 0.652
Seq_Frame0007_ForcepToReference-SequenceTransform =0.442576 0.889124 -0.116554 78.0661 -0.890521 0.420511 -0.173618 -3.29166 -0.105355 0.180633 0.977892 12.1992 0 0 0 1 
Seq_Frame0007_ForcepToReference-SequenceTransformStatus = OK
Seq_Frame0007_Timestamp = 0.757
Seq_Frame0008_ForcepToReference-SequenceTransform =0.443251 0.888881 -0.115837 78.073 -0.890059 0.421087 -0.174586 -3.29748 -0.106409 0.180487 0.977804 12.2098 0 0 0 1 
Seq_Frame0008_ForcepToReference-SequenceTransformStatus = OK
Seq_Frame0008_Timestamp = 0.868
Seq_Frame0009_ForcepToReference-SequenceTransform =0.442361 0.889155 -0.117137 78.0699 -0.890567 0.420087 -0.174404 -3.31872 -0.105865 0.181468 0.977682 12.2268 0 0 0 1 
Seq_Frame0009_ForcepToReference-SequenceTransformStatus = OK
Seq_Frame0009_Timestamp = 0.972
Seq_Frame0010_ForcepToReference-SequenceTransform =0.442565 0.889158 -0.116334 78.0811 -0.890463 0.420437 -0.174093 -3.32761 -0.105885 0.180639 0.977833 12.2469 0 0 0 1 
Seq_Frame0010_ForcepToReference-SequenceTransformStatus = OK
Seq_Frame0010_Timestamp = 1.076
Seq_Frame0011_ForcepToReference-SequenceTransform =0.441845 0.889347 -0.117617 78.0842 -0.890792 0.419446 -0.174799 -3.37513 -0.106123 0.182007 0.977554 12.2838 0 0 0 1 
Seq_Frame0011_ForcepToReference-SequenceTransformStatus = OK
Seq_Frame0011_Timestamp = 1.187
Seq_Frame0012_ForcepToReference-SequenceTransform =0.44266 0.889201 -0.115642 78.0967 -0.890191 0.420285 -0.17584 -3.34943 -0.107755 0.180781 0.977603 12.2453 0 0 0 1 
Seq_Frame0012_ForcepToReference-SequenceTransformStatus = OK
Seq_Frame0012_Timestamp = 1.292
Seq_Frame0013_ForcepToReference-SequenceTransform =0.442271 0.889293 -0.116422 78.0858 -0.890425 0.419825 -0.175754 -3.35367 -0.10742 0.181396 0.977526 12.2157 0 0 0 1 
Seq_Frame0013_ForcepToReference-SequenceTransformStatus = OK
Seq_Frame0013_Timestamp = 1.397
Seq_Frame0014_ForcepToReference-SequenceTransform =0.441933 0.889449 -0.116512 78.0841 -0.890687 0.419643 -0.17486 -3.38731 -0.106636 0.181052 0.977675 12.2433 0 0 0 1 
Seq_Frame0014_ForcepToReference-SequenceTransformStatus = OK
Seq_Frame0014_Timestamp = 1.506
Seq_Frame0015_ForcepToReference-SequenceTransform =0.441939 0.889443 -0.116538 78.0959 -0.890696 0.419663 -0.174766 -3.36334 -0.106538 0.181036 0.977689 12.2451 0 0 0 1 
Seq_Frame0015_ForcepToReference-SequenceTransformStatus = OK
Seq_Frame0015_Timestamp = 1.617
Seq_Frame0016_ForcepToReference-SequenceTransform =0.441861 0.889415 -0.117049 78.1096 -0.890712 0.41945 -0.175195 -3.36939 -0.106725 0.181669 0.977551 12.2874 0 0 0 1 
Seq_Frame0016_ForcepToReference-SequenceTransformStatus = OK
Seq_Frame0016_Timestamp = 1.722
Seq_Frame0017_ForcepToReference-SequenceTransform =0.442942 0.888968 -0.116357 78.0881 -0.890173 0.42062 -0.175129 -3.302 -0.106742 0.181149 0.977646 12.2384 0 0 0 1 
Seq_Frame0017_ForcepToReference-SequenceTransformStatus = OK
Seq_Frame0017_Timestamp = 1.832
Seq_Frame0018_ForcepToReference-SequenceTransform =0.442906 0.888921 -0.116846 78.0598 -0.890336 0.420737 -0.17402 -3.28765 -0.105529 0.181106 0.977785 12.1961 0 0 0 1 
Seq_Frame0018_ForcepToReference-SequenceTransformStatus = OK
Seq_Frame0018_Timestamp = 1.936
Seq_Frame0019_ForcepToReference-SequenceTransform =0.441874 0.889181 -0.118767 78.0579 -0.891036 0.419695 -0.172951 -3.28343 -0.103939 0.182248 0.977744 12.2302 0 0 0 1 
Seq_Frame0019_ForcepToReference-SequenceTransformStatus = OK
Seq_Frame0019_Timestamp = 2.042
Seq_Frame0020_ForcepToReference-SequenceTransform =0.442624 0.889144 -0.11622 78.0777 -0.890457 0.420555 -0.173836 -3.33808 -0.105688 0.180433 0.977893 12.2423 0 0 0 1 
Seq_Frame0020_ForcepToReference-SequenceTransformStatus = OK
Seq_Frame0020_Timestamp = 2.152
Seq_Frame0021_ForcepToReference-SequenceTransform =0.443517 0.88875 -0.115829 78.0744 -0.889961 0.421401 -0.174332 -3.27127 -0.106127 0.180402 0.977851 12.1364 0 0 0 1 
Seq_Frame0021_ForcepToReference-SequenceTransformStatus = OK
Seq_Frame0021_Timestamp = 2.257
Seq_Frame0022_ForcepToReference-SequenceTransform =0.443018 0.888855 -0.116926 78.064 -0.890275 0.420819 -0.174129 -3.28012 -0.105571 0.181239 0.977756 12.1665 0 0 0 1 
Seq_Frame0022_ForcepToReference-SequenceTransformStatus = OK
Seq_Frame0022_Timestamp = 2.367
Seq_Frame0023_ForcepToReference-SequenceTransform =0.442656 0.889043 -0.116868 78.0803 -0.890472 0.420511 -0.173871 -3.32358 -0.105435 0.181032 0.977809 12.2705 0 0 0 1 
Seq_Frame0023_ForcepToReference-SequenceTransformStatus = OK
Seq_Frame0023_Timestamp = 2.476
Seq_Frame0024_ForcepToReference-SequenceTransform =0.442815 0.889029 -0.116374 78.0671 -0.890214 0.420456 -0.175316 -3.2928 -0.106931 0.18123 0.97761 12.1908 0 0 0 1 
Seq_Frame0024_ForcepToReference-SequenceTransformStatus = OK
Seq_Frame0024_Timestamp = 2.583
Seq_Frame0025_ForcepToReference-SequenceTransform =0.442875 0.888899 -0.117133 78.067 -0.890394 0.420724 -0.17375 -3.30282 -0.105165 0.181244 0.977799 12.2084 0 0 0 1 
Seq_Frame0025_ForcepToReference-SequenceTransformStatus = OK
Seq_Frame0025_Timestamp = 2.685
Seq_Frame0026_ForcepToReference-SequenceTransform =0.44206 0.889177 -0.118098 78.0663 -0.890653 0.419501 -0.175374 -3.38736 -0.106396 0.182711 0.977393 12.2932 0 0 0 1 
Seq_Frame0026_ForcepToReference-SequenceTransformStatus = OK
Seq_Frame0026_Timestamp = 2.797
Seq_Frame0027_ForcepToReference-SequenceTransform =0.442606 0.888937 -0.117858 78.0597 -0.890389 0.420085 -0.175314 -3.34962 -0.106333 0.182535 0.977433 12.2575 0 0 0 1 
Seq_Frame0027_ForcepToReference-SequenceTransformStatus = OK
Seq_Frame0027_Timestamp = 2.901
Seq_Frame0028_ForcepToReference-SequenceTransform =0.442032 0.889153 -0.11838 78.065 -0.890817 0.419679 -0.174108 -3.35017 -0.105127 0.182417 0.977585 12.2432 0 0 0 1 
Seq_Frame0028_ForcepToReference-SequenceTransformStatus = OK
Seq_Frame0028_Timestamp = 3.007
Seq_Frame0029_ForcepToReference-SequenceTransform =0.441897 0.889163 -0.118814 78.0525 -0.890919 0.419524 -0.173962 -3.33642 -0.104835 0.182727 0.977558 12.1857 0 0 0 1 
Seq_Frame0029_ForcepToReference-SequenceTransformStatus = OK
Seq_Frame0029_Timestamp = 3.117
Seq_Frame0030_ForcepToReference-SequenceTransform =0.443413 0.88872 -0.116455 78.0616 -0.890156 0.421425 -0.173271 -3.30131 -0.104912 0.180493 0.977965 12.2148 0 0 0 1 
Seq_Frame0030_ForcepToReference-SequenceTransformStatus = OK
Seq_Frame0030_Timestamp = 3.222
Seq_Frame0031_ForcepToReference-SequenceTransform =0.442667 0.888922 -0.11774 78.0712 -0.890573 0.420537 -0.173285 -3.31135 -0.104523 0.181563 0.977809 12.2607 0 0 0 1 
Seq_Frame0031_ForcepToReference-SequenceTransformStatus = OK
Seq_Frame0031_Timestamp = 3.332
Seq_Frame0032_ForcepToReference-SequenceTransform =0.442802 0.888959 -0.116953 78.0707 -0.890386 0.420614 -0.174058 -3.34548 -0.105538 0.181207 0.977766 12.2427 0 0 0 1 
Seq_Frame0032_ForcepToReference-SequenceTransformStatus = OK
Seq_Frame0032_Timestamp = 3.437
Seq_Frame0033_ForcepToReference-SequenceTransform =0.442746 0.888916 -0.11749 78.0634 -0.890343 0.420332 -0.174959 -3.3218 -0.106139 0.182068 0.977541 12.2254 0 0 0 1 
Seq_Frame0033_ForcepToReference-SequenceTransformStatus = OK
Seq_Frame0033_Timestamp = 3.546
Seq_Frame0034_ForcepToReference-SequenceTransform =0.442489 0.889079 -0.117228 78.0608 -0.890762 0.42064 -0.172059 -3.30539 -0.103663 0.180556 0.978087 12.2286 0 0 0 1 
Seq_Frame0034_ForcepToReference-SequenceTransformStatus = OK
Seq_Frame0034_Timestamp = 3.652
Seq_Frame0035_ForcepToReference-SequenceTransform =0.443311 0.888829 -0.116011 78.0621 -0.890175 0.421358 -0.173334 -3.27727 -0.105183 0.180111 0.978006 12.2306 0 0 0 1 
Seq_Frame0035_ForcepToReference-SequenceTransformStatus = OK
Seq_Frame0035_Timestamp = 3.762
Seq_Frame0036_ForcepToReference-SequenceTransform =0.448159 0.885673 -0.121399 77.7443 -0.889679 0.428619 -0.157346 -2.46041 -0.087323 0.178522 0.980053 11.8298 0 0 0 1 
Seq_Frame0036_ForcepToReference-SequenceTransformStatus = OK
Seq_Frame0036_Timestamp = 3.877
Seq_Frame0037_ForcepToReference-SequenceTransform =0.697721 0.716348 0.00556981 85.6047 -0.695094 0.675098 0.247158 18.8638 0.173291 -0.176319 0.968959 10.5032 0 0 0 1 
Seq_Frame0037_ForcepToReference-SequenceTransformStatus = OK
Seq_Frame0037_Timestamp = 4.347
Seq_Frame0038_ForcepToReference-SequenceTransform =0.937417 0.132131 -0.322165 91.4371 0.261128 0.345296 0.901434 64.6514 0.230349 -0.929146 0.289183 -23.3803 0 0 0 1 
Seq_Frame0038_ForcepToReference-SequenceTransformStatus = OK
Seq_Frame0038_Timestamp = 4.457
Seq_Frame0039_ForcepToReference-SequenceTransform =0.76139 -0.111364 -0.638658 89.3034 0.648221 0.116006 0.752563 133.396 -0.00972046 -0.986986 0.160515 -38.7023 0 0 0 1 
Seq_Frame0039_ForcepToReference-SequenceTransformStatus = OK
Seq_Frame0039_Timestamp = 4.562
Seq_Frame0040_ForcepToReference-SequenceTransform =0.726802 -0.133023 -0.673843 87.066 0.683336 0.0409707 0.728953 141.188 -0.0693601 -0.990266 0.120677 -39.9843 0 0 0 1 
Seq_Frame0040_ForcepToReference-SequenceTransformStatus = OK
Seq_Frame0040_Timestamp = 4.676
Seq_Frame0041_ForcepToReference-SequenceTransform =0.0979912 0.00943412 -0.995143 51.8004 0.799977 -0.595557 0.0731274 179.094 -0.591974 -0.803257 -0.0659064 -15.7851 0 0 0 1 
Seq_Frame0041_ForcepToReference-SequenceTransformStatus = OK
Seq_Frame0041_Timestamp = 4.782
Seq_Frame0042_ForcepToReference-SequenceTransform =-0.033186 -0.189523 -0.981315 33.2519 0.618233 -0.775364 0.12884 155.489 -0.785294 -0.602406 0.142901 -3.7219 0 0 0 1 
Seq_Frame0042_ForcepToReference-SequenceTransformStatus = OK
Seq_Frame0042_Timestamp = 4.891
Seq_Frame0043_ForcepToReference-SequenceTransform =-0.146614 -0.547003 -0.824192 5.43505 0.474114 -0.770116 0.426774 134.785 -0.86817 -0.32819 0.372252 12.916 0 0 0 1 
Seq_Frame0043_ForcepToReference-SequenceTransformStatus = OK
Seq_Frame0043_Timestamp = 4.997
Seq_Frame0044_ForcepToReference-SequenceTransform =-0.0371284 -0.599543 -0.799481 -0.43401 0.526484 -0.691731 0.49429 136.066 -0.849374 -0.402562 0.341333 14.3658 0 0 0 1 
Seq_Frame0044_ForcepToReference-SequenceTransformStatus = OK
Seq_Frame0044_Timestamp = 5.107
Seq_Frame0045_ForcepToReference-SequenceTransform =-0.0052885 -0.710665 -0.703511 -10.2739 0.439807 -0.633477 0.636613 126.308 -0.898077 -0.306042 0.315905 8.78192 0 0 0 1 
Seq_Frame0045_ForcepToReference-SequenceTransformStatus = OK
Seq_Frame0045_Timestamp = 5.212
Seq_Frame0046_ForcepToReference-SequenceTransform =0.00669589 -0.693979 -0.719964 -12.0148 0.432226 -0.647242 0.627901 128.14 -0.901741 -0.315391 0.295622 7.25413 0 0 0 1 
Seq_Frame0046_ForcepToReference-SequenceTransformStatus = OK
Seq_Frame0046_Timestamp = 5.318
Seq_Frame0047_ForcepToReference-SequenceTransform =0.00355275 -0.694358 -0.719621 -13.0559 0.438227 -0.645763 0.625257 128.116 -0.898857 -0.317579 0.301992 5.18856 0 0 0 1 
Seq_Frame0047_ForcepToReference-SequenceTransformStatus = OK
Seq_Frame0047_Timestamp = 5.435
Seq_Frame0048_ForcepToReference-SequenceTransform =0.00492517 -0.692152 -0.721735 -12.6776 0.438022 -0.647327 0.623783 127.503 -0.898951 -0.319208 0.299989 4.30818 0 0 0 1 
Seq_Frame0048_ForcepToReference-SequenceTransformStatus = OK
Seq_Frame0048_Timestamp = 5.535
Seq_Frame0049_ForcepToReference-SequenceTransform =0.012593 -0.696261 -0.717679 -12.5248 0.469107 -0.629734 0.619172 130.585 -0.883052 -0.344465 0.318691 5.83741 0 0 0 1 
Seq_Frame0049_ForcepToReference-SequenceTransformStatus = OK
Seq_Frame0049_Timestamp = 5.641
Seq_Frame0050_ForcepToReference-SequenceTransform =0.0167016 -0.702968 -0.711025 -14.1039 0.521103 -0.600789 0.606221 134.916 -0.85333 -0.380642 0.356285 5.72639 0 0 0 1 
Seq_Frame0050_ForcepToReference-SequenceTransformStatus = OK
Seq_Frame0050_Timestamp = 5.751
Seq_Frame0051_ForcepToReference-SequenceTransform =0.0112764 -0.71636 -0.69764 -16.6384 0.576147 -0.565576 0.590066 139.581 -0.817268 -0.408597 0.406351 4.96228 0 0 0 1 
Seq_Frame0051_ForcepToReference-SequenceTransformStatus = OK
Seq_Frame0051_Timestamp = 5.86
Seq_Frame0052_ForcepToReference-SequenceTransform =-0.100405 -0.708758 -0.69827 -19.9857 0.712003 -0.541396 0.447149 153.44 -0.694961 -0.452274 0.558996 7.35139 0 0 0 1 
Seq_Frame0052_ForcepToReference-SequenceTransformStatus = OK
Seq_Frame0052_Timestamp = 5.966
Seq_Frame0053_ForcepToReference-SequenceTransform =-0.148418 -0.707824 -0.69062 -21.0464 0.765908 -0.524048 0.372504 164.878 -0.625586 -0.473665 0.619906 13.4311 0 0 0 1 
Seq_Frame0053_ForcepToReference-SequenceTransformStatus = OK
Seq_Frame0053_Timestamp = 6.078
Seq_Frame0054_ForcepToReference-SequenceTransform =-0.221337 -0.693449 -0.685666 -20.6204 0.844814 -0.487564 0.220387 181.776 -0.487134 -0.530481 0.693752 26.2067 0 0 0 1 
Seq_Frame0054_ForcepToReference-SequenceTransformStatus = OK
Seq_Frame0054_Timestamp = 6.181
Seq_Frame0055_ForcepToReference-SequenceTransform =-0.290313 -0.680852 -0.672427 -16.7082 0.901712 -0.429886 0.0459673 214.614 -0.320364 -0.592991 0.738735 41.5541 0 0 0 1 
Seq_Frame0055_ForcepToReference-SequenceTransformStatus = OK
Seq_Frame0055_Timestamp = 6.307
Seq_Frame0056_ForcepToReference-SequenceTransform =-0.198413 0.226015 0.953703 -14.3544 -0.135751 0.957333 -0.255117 244.568 -0.970672 -0.180085 -0.159266 56.2125 0 0 0 1 
Seq_Frame0056_ForcepToReference-SequenceTransformStatus = OK
Seq_Frame0056_Timestamp = 6.432
Seq_Frame0057_ForcepToReference-SequenceTransform =-0.187541 0.323806 0.92735 -6.88284 -0.137171 0.926217 -0.351151 251.356 -0.972632 -0.193061 -0.129287 68.9143 0 0 0 1 
Seq_Frame0057_ForcepToReference-SequenceTransformStatus = OK
Seq_Frame0057_Timestamp = 6.542
Seq_Frame0058_ForcepToReference-SequenceTransform =-0.143038 0.255711 0.956113 -3.13643 -0.0483701 0.963086 -0.264813 256.866 -0.988534 -0.0841256 -0.12539 79.0225 0 0 0 1 
Seq_Frame0058_ForcepToReference-SequenceTransformStatus = OK
Seq_Frame0058_Timestamp = 6.647
Seq_Frame0059_ForcepToReference-SequenceTransform =-0.082266 0.233746 0.968811 1.84208 -0.0443127 0.970287 -0.237865 256.492 -0.995625 -0.0624988 -0.0694637 86.7212 0 0 0 1 
Seq_Frame0059_ForcepToReference-SequenceTransformStatus = OK
Seq_Frame0059_Timestamp = 6.752
Seq_Frame0060_ForcepToReference-SequenceTransform =-0.0982358 -0.441289 -0.891972 27.9557 0.818973 -0.545048 0.179458 204.739 -0.565361 -0.712872 0.414947 50.0141 0 0 0 1 
Seq_Frame0060_ForcepToReference-SequenceTransformStatus = OK
Seq_Frame0060_Timestamp = 9.237
Seq_Frame0061_ForcepToReference-SequenceTransform =-0.0310889 -0.481309 -0.876 34.611 0.691686 -0.64303 0.328759 178.52 -0.721529 -0.595696 0.352906 40.4144 0 0 0 1 
Seq_Frame0061_ForcepToReference-SequenceTransformStatus = OK
Seq_Frame0061_Timestamp = 9.343
Seq_Frame0062_ForcepToReference-SequenceTransform =0.0429082 -0.506528 -0.861155 40.004 0.444313 -0.762346 0.470548 146.279 -0.894844 -0.402813 0.192346 37.9648 0 0 0 1 
Seq_Frame0062_ForcepToReference-SequenceTransformStatus = OK
Seq_Frame0062_Timestamp = 9.452
Seq_Frame0063_ForcepToReference-SequenceTransform =0.175728 -0.520059 -0.835858 46.7713 0.146141 -0.825881 0.544576 123.285 -0.973531 -0.21785 -0.0691281 50.4836 0 0 0 1 
Seq_Frame0063_ForcepToReference-SequenceTransformStatus = OK
Seq_Frame0063_Timestamp = 9.559
Seq_Frame0064_ForcepToReference-SequenceTransform =0.267138 -0.527615 -0.806387 54.2342 -0.0419482 -0.842371 0.537263 116.557 -0.962745 -0.109697 -0.247162 70.3 0 0 0 1 
Seq_Frame0064_ForcepToReference-SequenceTransformStatus = OK
Seq_Frame0064_Timestamp = 9.668
Seq_Frame0065_ForcepToReference-SequenceTransform =0.307371 -0.542169 -0.782033 58.4399 -0.159121 -0.83953 0.519489 112.665 -0.938192 -0.035238 -0.344318 83.4964 0 0 0 1 
Seq_Frame0065_ForcepToReference-SequenceTransformStatus = OK
Seq_Frame0065_Timestamp = 9.776
Seq_Frame0066_ForcepToReference-SequenceTransform =0.306713 -0.538835 -0.784592 59.4746 -0.166293 -0.84198 0.51324 116.356 -0.937162 -0.0269456 -0.347851 87.6273 0 0 0 1 
Seq_Frame0066_ForcepToReference-SequenceTransformStatus = OK
Seq_Frame0066_Timestamp = 9.882
Seq_Frame0067_ForcepToReference-SequenceTransform =0.29661 -0.532724 -0.792608 59.8731 -0.17323 -0.846202 0.503919 119.947 -0.939156 -0.0121644 -0.343276 88.2824 0 0 0 1 
Seq_Frame0067_ForcepToReference-SequenceTransformStatus = OK
Seq_Frame0067_Timestamp = 9.991
Seq_Frame0068_ForcepToReference-SequenceTransform =0.301831 -0.530215 -0.792319 60.157 -0.181477 -0.847837 0.498235 120.399 -0.93593 -0.00659432 -0.352125 89.9332 0 0 0 1 
Seq_Frame0068_ForcepToReference-SequenceTransformStatus = OK
Seq_Frame0068_Timestamp = 10.092
Seq_Frame0069_ForcepToReference-SequenceTransform =0.312243 -0.533292 -0.786196 60.2573 -0.186796 -0.845882 0.499591 118.953 -0.931457 -0.00913567 -0.363738 92.5206 0 0 0 1 
Seq_Frame0069_ForcepToReference-SequenceTransformStatus = OK
Seq_Frame0069_Timestamp = 10.202
Seq_Frame0070_ForcepToReference-SequenceTransform =0.313109 -0.537246 -0.783154 60.2468 -0.16902 -0.842976 0.510709 117.606 -0.934556 -0.0275383 -0.354749 92.8194 0 0 0 1 
Seq_Frame0070_ForcepToReference-SequenceTransformStatus = OK
Seq_Frame0070_Timestamp = 10.307
Seq_Frame0071_ForcepToReference-SequenceTransform =0.325266 -0.532257 -0.781604 60.6271 -0.198664 -0.846566 0.49382 117.276 -0.924519 -0.00534647 -0.381099 92.9977 0 0 0 1 
Seq_Frame0071_ForcepToReference-SequenceTransformStatus = OK
Seq_Frame0071_Timestamp = 10.411
Seq_Frame0072_ForcepToReference-SequenceTransform =0.319887 -0.530271 -0.785166 59.942 -0.201141 -0.847828 0.490643 118.584 -0.925859 0.000979002 -0.377868 92.5155 0 0 0 1 
Seq_Frame0072_ForcepToReference-SequenceTransformStatus = OK
Seq_Frame0072_Timestamp = 10.517
Seq_Frame0073_ForcepToReference-SequenceTransform =0.310864 -0.526021 -0.791622 59.0901 -0.189416 -0.850467 0.490741 118.809 -0.931389 -0.00260788 -0.364016 90.2573 0 0 0 1 
Seq_Frame0073_ForcepToReference-SequenceTransformStatus = OK
Seq_Frame0073_Timestamp = 10.626
Seq_Frame0074_ForcepToReference-SequenceTransform =0.273957 -0.514576 -0.812502 57.564 -0.135018 -0.857035 0.497254 121.887 -0.952217 -0.0265236 -0.304268 84.1624 0 0 0 1 
Seq_Frame0074_ForcepToReference-SequenceTransformStatus = OK
Seq_Frame0074_Timestamp = 10.737
Seq_Frame0075_ForcepToReference-SequenceTransform =0.210901 -0.531239 -0.820552 52.7686 -0.0408081 -0.843486 0.535599 130.781 -0.976655 -0.0794733 -0.199571 69.6166 0 0 0 1 
Seq_Frame0075_ForcepToReference-SequenceTransformStatus = OK
Seq_Frame0075_Timestamp = 10.846
Seq_Frame0076_ForcepToReference-SequenceTransform =0.133006 -0.577887 -0.805206 44.1913 0.0323153 -0.809463 0.58628 133.653 -0.990588 -0.104 -0.0889893 48.4189 0 0 0 1 
Seq_Frame0076_ForcepToReference-SequenceTransformStatus = OK
Seq_Frame0076_Timestamp = 10.952
Seq_Frame0077_ForcepToReference-SequenceTransform =0.283907 -0.64034 -0.713696 41.9709 0.200232 -0.68832 0.697225 133.487 -0.937712 -0.340852 -0.0672018 16.3662 0 0 0 1 
Seq_Frame0077_ForcepToReference-SequenceTransformStatus = OK
Seq_Frame0077_Timestamp = 11.062
Seq_Frame0078_ForcepToReference-SequenceTransform =0.206855 -0.662909 -0.719557 36.3996 0.333622 -0.64359 0.688831 141.437 -0.919732 -0.382548 0.0880312 -6.48596 0 0 0 1 
Seq_Frame0078_ForcepToReference-SequenceTransformStatus = OK
Seq_Frame0078_Timestamp = 11.166
Seq_Frame0079_ForcepToReference-SequenceTransform =0.031536 -0.612978 -0.78947 40.8258 0.499514 -0.674484 0.543651 154.215 -0.865732 -0.411496 0.28492 -18.076 0 0 0 1 
Seq_Frame0079_ForcepToReference-SequenceTransformStatus = OK
Seq_Frame0079_Timestamp = 11.277
Seq_Frame0080_ForcepToReference-SequenceTransform =-0.00881568 -0.526765 -0.849965 51.8853 0.591199 -0.688277 0.420427 164.015 -0.806478 -0.498792 0.31749 -19.6266 0 0 0 1 
Seq_Frame0080_ForcepToReference-SequenceTransformStatus = OK
Seq_Frame0080_Timestamp = 11.386
Seq_Frame0081_ForcepToReference-SequenceTransform =-0.0724008 -0.463687 -0.883036 63.8056 0.680992 -0.669844 0.295904 169.735 -0.728703 -0.579917 0.364265 -23.3825 0 0 0 1 
Seq_Frame0081_ForcepToReference-SequenceTransformStatus = OK
Seq_Frame0081_Timestamp = 11.492
Seq_Frame0082_ForcepToReference-SequenceTransform =0.0358086 -0.437725 -0.898396 79.6234 0.808197 -0.51609 0.283668 161.87 -0.587822 -0.736239 0.335287 -27.1916 0 0 0 1 
Seq_Frame0082_ForcepToReference-SequenceTransformStatus = OK
Seq_Frame0082_Timestamp = 11.601
Seq_Frame0083_ForcepToReference-SequenceTransform =-0.433942 -0.350488 -0.829971 75.8878 0.822599 -0.529867 -0.20633 163.587 -0.367458 -0.772269 0.518243 2.30373 0 0 0 1 
Seq_Frame0083_ForcepToReference-SequenceTransformStatus = OK
Seq_Frame0083_Timestamp = 11.877
Seq_Frame0084_ForcepToReference-SequenceTransform =-0.415154 -0.457849 -0.786143 76.7152 0.81726 -0.567317 -0.101182 161.688 -0.399666 -0.684489 0.609706 1.06614 0 0 0 1 
Seq_Frame0084_ForcepToReference-SequenceTransformStatus = OK
Seq_Frame0084_Timestamp = 11.983
Seq_Frame0085_ForcepToReference-SequenceTransform =-0.278131 -0.505691 -0.816652 83.3715 0.810865 -0.579375 0.0826027 156.787 -0.514919 -0.63922 0.571189 2.08071 0 0 0 1 
Seq_Frame0085_ForcepToReference-SequenceTransformStatus = OK
Seq_Frame0085_Timestamp = 12.091
Seq_Frame0086_ForcepToReference-SequenceTransform =-0.265952 -0.567348 -0.77935 82.2834 0.853438 -0.514495 0.0833049 167.19 -0.448234 -0.642971 0.621027 3.28766 0 0 0 1 
Seq_Frame0086_ForcepToReference-SequenceTransformStatus = OK
Seq_Frame0086_Timestamp = 12.197
Seq_Frame0087_ForcepToReference-SequenceTransform =-0.288905 -0.59994 -0.746061 82.9726 0.88323 -0.4677 0.0340756 179.889 -0.369376 -0.649099 0.665005 9.05361 0 0 0 1 
Seq_Frame0087_ForcepToReference-SequenceTransformStatus = OK
Seq_Frame0087_Timestamp = 12.306
Seq_Frame0088_ForcepToReference-SequenceTransform =-0.265109 -0.602048 -0.753163 86.6174 0.90415 -0.426608 0.0227572 187.037 -0.335006 -0.67494 0.65744 15.5705 0 0 0 1 
Seq_Frame0088_ForcepToReference-SequenceTransformStatus = OK
Seq_Frame0088_Timestamp = 12.412
Seq_Frame0089_ForcepToReference-SequenceTransform =-0.272858 -0.623736 -0.732463 86.7755 0.926598 -0.375173 -0.0256951 193.067 -0.258774 -0.68571 0.680322 19.3917 0 0 0 1 
Seq_Frame0089_ForcepToReference-SequenceTransformStatus = OK
Seq_Frame0089_Timestamp = 12.516
Seq_Frame0090_ForcepToReference-SequenceTransform =-0.246452 -0.626356 -0.739554 89.28 0.933908 -0.357412 -0.00851346 192.644 -0.258993 -0.692773 0.673044 22.8833 0 0 0 1 
Seq_Frame0090_ForcepToReference-SequenceTransformStatus = OK
Seq_Frame0090_Timestamp = 12.618
Seq_Frame0091_ForcepToReference-SequenceTransform =-0.24944 -0.584002 -0.772477 92.6724 0.933122 -0.358268 -0.0304583 191.076 -0.258966 -0.728413 0.634311 25.8369 0 0 0 1 
Seq_Frame0091_ForcepToReference-SequenceTransformStatus = OK
Seq_Frame0091_Timestamp = 12.731
Seq_Frame0092_ForcepToReference-SequenceTransform =-0.266941 -0.514518 -0.81487 95.6969 0.919995 -0.387838 -0.0564934 188.614 -0.286971 -0.764757 0.576884 25.2651 0 0 0 1 
Seq_Frame0092_ForcepToReference-SequenceTransformStatus = OK
Seq_Frame0092_Timestamp = 12.837
Seq_Frame0093_ForcepToReference-SequenceTransform =-0.564068 -0.298427 -0.769915 83.0963 0.765686 -0.538089 -0.3524 178.154 -0.309116 -0.78829 0.53202 3.80781 0 0 0 1 
Seq_Frame0093_ForcepToReference-SequenceTransformStatus = OK
Seq_Frame0093_Timestamp = 13.861
Seq_Frame0094_ForcepToReference-SequenceTransform =-0.676009 -0.347821 -0.64964 67.5729 0.660025 -0.677831 -0.323901 161.469 -0.327686 -0.647739 0.687791 -8.06022 0 0 0 1 
Seq_Frame0094_ForcepToReference-SequenceTransformStatus = OK
Seq_Frame0094_Timestamp = 13.968
Seq_Frame0095_ForcepToReference-SequenceTransform =-0.783868 -0.209874 -0.584383 59.6345 0.420002 -0.87239 -0.250067 142.46 -0.457328 -0.441462 0.771987 -21.5432 0 0 0 1 
Seq_Frame0095_ForcepToReference-SequenceTransformStatus = OK
Seq_Frame0095_Timestamp = 14.084
Seq_Frame0096_ForcepToReference-SequenceTransform =-0.55324 -0.283662 -0.783238 72.8011 0.370469 -0.92592 0.0736551 139.688 -0.746109 -0.249417 0.617344 -37.585 0 0 0 1 
Seq_Frame0096_ForcepToReference-SequenceTransformStatus = OK
Seq_Frame0096_Timestamp = 14.197
Seq_Frame0097_ForcepToReference-SequenceTransform =-0.317251 -0.26933 -0.909293 83.9986 0.321204 -0.932669 0.164187 144.675 -0.892289 -0.23998 0.3824 -40.4834 0 0 0 1 
Seq_Frame0097_ForcepToReference-SequenceTransformStatus = OK
Seq_Frame0097_Timestamp = 14.307
Seq_Frame0098_ForcepToReference-SequenceTransform =-0.389112 -0.262744 -0.882925 75.0934 0.530513 -0.847477 0.0183935 171.253 -0.753092 -0.461246 0.469153 -40.6232 0 0 0 1 
Seq_Frame0098_ForcepToReference-SequenceTransformStatus = OK
Seq_Frame0098_Timestamp = 14.417
Seq_Frame0099_ForcepToReference-SequenceTransform =0.026272 -0.437495 -0.898837 86.9087 0.603613 -0.709785 0.36312 171.412 -0.796845 -0.552089 0.24543 -38.5479 0 0 0 1 
Seq_Frame0099_ForcepToReference-SequenceTransformStatus = OK
Seq_Frame0099_Timestamp = 14.534
Seq_Frame0100_ForcepToReference-SequenceTransform =0.324941 -0.632759 -0.702872 87.9135 0.472129 -0.535432 0.70029 158.11 -0.819455 -0.559399 0.12476 -34.2057 0 0 0 1 
Seq_Frame0100_ForcepToReference-SequenceTransformStatus = OK
Seq_Frame0100_Timestamp = 14.645
Seq_Frame0101_ForcepToReference-SequenceTransform =0.253451 -0.654004 -0.71277 82.1499 0.542716 -0.513806 0.664426 166.482 -0.800763 -0.555232 0.224714 -32.8052 0 0 0 1 
Seq_Frame0101_ForcepToReference-SequenceTransformStatus = OK
Seq_Frame0101_Timestamp = 14.752
Seq_Frame0102_ForcepToReference-SequenceTransform =0.216809 -0.66892 -0.711013 82.9554 0.546405 -0.520408 0.656214 158.855 -0.808972 -0.530774 0.252673 -29.5878 0 0 0 1 
Seq_Frame0102_ForcepToReference-SequenceTransformStatus = OK
Seq_Frame0102_Timestamp = 14.861
Seq_Frame0103_ForcepToReference-SequenceTransform =0.219841 -0.76491 -0.605461 81.7019 0.711734 -0.298692 0.635782 160.6 -0.667162 -0.570698 0.478747 -19.1027 0 0 0 1 
Seq_Frame0103_ForcepToReference-SequenceTransformStatus = OK
Seq_Frame0103_Timestamp = 14.968
Seq_Frame0104_ForcepToReference-SequenceTransform =0.333701 -0.807819 -0.485872 86.3083 0.785305 -0.0468998 0.617331 155.04 -0.521479 -0.587561 0.618734 -1.86048 0 0 0 1 
Seq_Frame0104_ForcepToReference-SequenceTransformStatus = OK
Seq_Frame0104_Timestamp = 15.121
Seq_Frame0105_ForcepToReference-SequenceTransform =0.320251 -0.806915 -0.496314 84.9442 0.875036 0.051226 0.48134 153.4 -0.362976 -0.588442 0.722485 6.06778 0 0 0 1 
Seq_Frame0105_ForcepToReference-SequenceTransformStatus = OK
Seq_Frame0105_Timestamp = 15.226
Seq_Frame0106_ForcepToReference-SequenceTransform =0.331089 -0.866895 -0.372658 87.2651 0.844853 0.0964564 0.526231 150.64 -0.420242 -0.48907 0.764334 14.9996 0 0 0 1 
Seq_Frame0106_ForcepToReference-SequenceTransformStatus = OK
Seq_Frame0106_Timestamp = 15.337
Seq_Frame0107_ForcepToReference-SequenceTransform =0.34376 -0.874954 -0.341006 91.1198 0.83796 0.121906 0.531942 149.125 -0.423854 -0.46861 0.775083 20.5324 0 0 0 1 
Seq_Frame0107_ForcepToReference-SequenceTransformStatus = OK
Seq_Frame0107_Timestamp = 15.443
Seq_Frame0108_ForcepToReference-SequenceTransform =-0.547602 0.736082 0.397887 91.0585 -0.187628 0.355391 -0.915693 147.529 -0.815431 -0.57609 -0.0565032 23.6387 0 0 0 1 
Seq_Frame0108_ForcepToReference-SequenceTransformStatus = OK
Seq_Frame0108_Timestamp = 15.547
Seq_Frame0109_ForcepToReference-SequenceTransform =-0.494646 0.772111 0.398961 89.9792 -0.15439 0.373687 -0.914616 147.893 -0.855271 -0.514007 -0.0656373 22.3764 0 0 0 1 
Seq_Frame0109_ForcepToReference-SequenceTransformStatus = OK
Seq_Frame0109_Timestamp = 15.656
Seq_Frame0110_ForcepToReference-SequenceTransform =-0.53093 0.744791 0.404227 90.3086 -0.166183 0.37624 -0.911497 147.517 -0.830961 -0.551117 -0.0759854 23.4404 0 0 0 1 
Seq_Frame0110_ForcepToReference-SequenceTransformStatus = OK
Seq_Frame0110_Timestamp = 15.767
Seq_Frame0111_ForcepToReference-SequenceTransform =-0.584928 0.704321 0.402233 87.9657 -0.216191 0.342591 -0.914272 147.71 -0.781742 -0.621742 -0.0481236 20.6424 0 0 0 1 
Seq_Frame0111_ForcepToReference-SequenceTransformStatus = OK
Seq_Frame0111_Timestamp = 15.868
Seq_Frame0112_ForcepToReference-SequenceTransform =-0.554025 0.733736 0.393304 89.084 -0.193702 0.345855 -0.918076 149.688 -0.809652 -0.584821 -0.0494858 19.9441 0 0 0 1 
Seq_Frame0112_ForcepToReference-SequenceTransformStatus = OK
Seq_Frame0112_Timestamp = 15.993
Seq_Frame0113_ForcepToReference-SequenceTransform =-0.524453 0.790192 0.317089 91.317 -0.195701 0.250571 -0.948111 155.847 -0.828644 -0.559295 0.0232287 20.9513 0 0 0 1 
Seq_Frame0113_ForcepToReference-SequenceTransformStatus = OK
Seq_Frame0113_Timestamp = 16.101
Seq_Frame0114_ForcepToReference-SequenceTransform =-0.541245 0.776317 0.323089 92.1392 -0.179739 0.268541 -0.946351 156.939 -0.821431 -0.570279 -0.00581217 22.6875 0 0 0 1 
Seq_Frame0114_ForcepToReference-SequenceTransformStatus = OK
Seq_Frame0114_Timestamp = 16.21
Seq_Frame0115_ForcepToReference-SequenceTransform =-0.546851 0.766214 0.337447 92.176 -0.16653 0.295453 -0.940731 157.266 -0.820501 -0.570635 -0.0339707 25.8534 0 0 0 1 
Seq_Frame0115_ForcepToReference-SequenceTransformStatus = OK
Seq_Frame0115_Timestamp = 16.316
Seq_Frame0116_ForcepToReference-SequenceTransform =-0.549242 0.761975 0.343114 92.3961 -0.141384 0.319939 -0.93683 156.421 -0.823616 -0.563057 -0.0679931 26.4764 0 0 0 1 
Seq_Frame0116_ForcepToReference-SequenceTransformStatus = OK
Seq_Frame0116_Timestamp = 16.427
Seq_Frame0117_ForcepToReference-SequenceTransform =-0.514503 0.764277 0.388804 92.5614 -0.112667 0.389238 -0.914221 154.235 -0.850055 -0.514175 -0.114155 26.43 0 0 0 1 
Seq_Frame0117_ForcepToReference-SequenceTransformStatus = OK
Seq_Frame0117_Timestamp = 16.531
Seq_Frame0118_ForcepToReference-SequenceTransform =-0.533717 0.753218 0.384458 93.462 -0.120317 0.382365 -0.916145 152.132 -0.83706 -0.535219 -0.11345 26.6289 0 0 0 1 
Seq_Frame0118_ForcepToReference-SequenceTransformStatus = OK
Seq_Frame0118_Timestamp = 16.634
Seq_Frame0119_ForcepToReference-SequenceTransform =-0.5811 0.719922 0.37952 93.4267 -0.135788 0.374031 -0.917422 151.058 -0.802424 -0.584648 -0.119592 28.2498 0 0 0 1 
Seq_Frame0119_ForcepToReference-SequenceTransformStatus = OK
Seq_Frame0119_Timestamp = 16.746
Seq_Frame0120_ForcepToReference-SequenceTransform =-0.560151 0.734942 0.382219 92.8301 -0.123969 0.381833 -0.915879 150.832 -0.819062 -0.560414 -0.122774 27.271 0 0 0 1 
Seq_Frame0120_ForcepToReference-SequenceTransformStatus = OK
Seq_Frame0120_Timestamp = 16.857
Seq_Frame0121_ForcepToReference-SequenceTransform =-0.554944 0.739296 0.381417 92.626 -0.125448 0.378882 -0.916903 150.659 -0.822375 -0.556677 -0.117515 26.536 0 0 0 1 
Seq_Frame0121_ForcepToReference-SequenceTransformStatus = OK
Seq_Frame0121_Timestamp = 16.969
Seq_Frame0122_ForcepToReference-SequenceTransform =-0.556926 0.738574 0.379923 92.6205 -0.121994 0.379726 -0.91702 150.882 -0.821554 -0.55706 -0.121377 26.7585 0 0 0 1 
Seq_Frame0122_ForcepToReference-SequenceTransformStatus = OK
Seq_Frame0122_Timestamp = 17.072
Seq_Frame0123_ForcepToReference-SequenceTransform =-0.560452 0.737116 0.377563 92.8481 -0.12481 0.37551 -0.918376 150.589 -0.818728 -0.561829 -0.118456 26.5332 0 0 0 1 
Seq_Frame0123_ForcepToReference-SequenceTransformStatus = OK
Seq_Frame0123_Timestamp = 17.177
Seq_Frame0124_ForcepToReference-SequenceTransform =-0.561267 0.737075 0.37643 92.8281 -0.124142 0.374705 -0.918795 150.41 -0.818271 -0.56242 -0.118807 26.7254 0 0 0 1 
Seq_Frame0124_ForcepToReference-SequenceTransformStatus = OK
Seq_Frame0124_Timestamp = 17.281
Seq_Frame0125_ForcepToReference-SequenceTransform =-0.560116 0.737808 0.37671 92.6387 -0.124635 0.374507 -0.918809 150.484 -0.818985 -0.561591 -0.117811 26.5678 0 0 0 1 
Seq_Frame0125_ForcepToReference-SequenceTransformStatus = OK
Seq_Frame0125_Timestamp = 17.387
Seq_Frame0126_ForcepToReference-SequenceTransform =-0.562088 0.736214 0.376891 92.748 -0.125278 0.374646 -0.918665 150.526 -0.817535 -0.563587 -0.118352 26.5674 0 0 0 1 
Seq_Frame0126_ForcepToReference-SequenceTransformStatus = OK
Seq_Frame0126_Timestamp = 17.497
Seq_Frame0127_ForcepToReference-SequenceTransform =-0.606591 0.701941 0.373263 92.9734 -0.143668 0.364991 -0.919859 150.331 -0.781925 -0.611604 -0.120554 28.712 0 0 0 1 
Seq_Frame0127_ForcepToReference-SequenceTransformStatus = OK
Seq_Frame0127_Timestamp = 17.607
Seq_Frame0128_ForcepToReference-SequenceTransform =-0.638129 0.675917 0.368684 91.7166 -0.161223 0.35093 -0.922418 150.981 -0.752861 -0.648062 -0.114965 26.0065 0 0 0 1 
Seq_Frame0128_ForcepToReference-SequenceTransformStatus = OK
Seq_Frame0128_Timestamp = 17.712
Seq_Frame0129_ForcepToReference-SequenceTransform =-0.607153 0.696972 0.38157 85.8808 -0.200281 0.33047 -0.922321 152.817 -0.768929 -0.636412 -0.0610561 11.98 0 0 0 1 
Seq_Frame0129_ForcepToReference-SequenceTransformStatus = OK
Seq_Frame0129_Timestamp = 17.823
Seq_Frame0130_ForcepToReference-SequenceTransform =-0.622863 0.717262 0.312372 79.2614 -0.369279 0.0824497 -0.925654 144.193 -0.689691 -0.691908 0.213515 -10.2732 0 0 0 1 
Seq_Frame0130_ForcepToReference-SequenceTransformStatus = OK
Seq_Frame0130_Timestamp = 17.927
Seq_Frame0131_ForcepToReference-SequenceTransform =0.311341 -0.943345 -0.114745 66.3639 0.438535 0.0355025 0.898013 124.606 -0.843062 -0.329908 0.424743 -26.5364 0 0 0 1 
Seq_Frame0131_ForcepToReference-SequenceTransformStatus = OK
Seq_Frame0131_Timestamp = 18.028
Seq_Frame0132_ForcepToReference-SequenceTransform =0.237387 -0.964908 -0.11225 48.4852 0.357548 -0.0206519 0.933666 119.25 -0.90322 -0.261775 0.340099 -32.5974 0 0 0 1 
Seq_Frame0132_ForcepToReference-SequenceTransformStatus = OK
Seq_Frame0132_Timestamp = 18.137
Seq_Frame0133_ForcepToReference-SequenceTransform =0.200064 -0.973594 -0.109954 32.1171 0.283769 -0.0498351 0.957597 116.267 -0.93779 -0.222782 0.266306 -33.3484 0 0 0 1 
Seq_Frame0133_ForcepToReference-SequenceTransformStatus = OK
Seq_Frame0133_Timestamp = 18.242
Seq_Frame0134_ForcepToReference-SequenceTransform =0.145835 -0.982213 -0.118277 15.6234 0.276567 -0.0743117 0.958117 125.724 -0.949865 -0.172439 0.26081 -32.4536 0 0 0 1 
Seq_Frame0134_ForcepToReference-SequenceTransformStatus = OK
Seq_Frame0134_Timestamp = 18.347
Seq_Frame0135_ForcepToReference-SequenceTransform =0.0478018 -0.988549 -0.143128 -8.96796 0.292665 -0.123142 0.948253 150.961 -0.955019 -0.0872169 0.283428 -33.2463 0 0 0 1 
Seq_Frame0135_ForcepToReference-SequenceTransformStatus = OK
Seq_Frame0135_Timestamp = 18.457
Seq_Frame0136_ForcepToReference-SequenceTransform =-0.00962053 -0.988876 -0.148431 -34.2286 0.389536 -0.140418 0.910244 179.269 -0.920961 -0.049062 0.386553 -29.5057 0 0 0 1 
Seq_Frame0136_ForcepToReference-SequenceTransformStatus = OK
Seq_Frame0136_Timestamp = 18.561
Seq_Frame0137_ForcepToReference-SequenceTransform =-0.141892 -0.986337 -0.0837017 -142.175 0.341621 -0.128156 0.931059 180.855 -0.929065 0.103516 0.355138 -16.3213 0 0 0 1 
Seq_Frame0137_ForcepToReference-SequenceTransformStatus = OK
Seq_Frame0137_Timestamp = 19.382
Seq_Frame0138_ForcepToReference-SequenceTransform =-0.102472 -0.989891 -0.09806 -125.68 0.347609 -0.127998 0.928862 171.818 -0.932023 0.0610957 0.357212 -19.6033 0 0 0 1 
Seq_Frame0138_ForcepToReference-SequenceTransformStatus = OK
Seq_Frame0138_Timestamp = 19.485
Seq_Frame0139_ForcepToReference-SequenceTransform =-0.0649411 -0.990577 -0.120579 -105.53 0.368478 -0.136099 0.91962 165.747 -0.927365 0.0152904 0.373844 -24.2763 0 0 0 1 
Seq_Frame0139_ForcepToReference-SequenceTransformStatus = OK
Seq_Frame0139_Timestamp = 19.592
Seq_Frame0140_ForcepToReference-SequenceTransform =-0.0362647 -0.989803 -0.13775 -83.8634 0.371364 -0.141317 0.91767 153 -0.927779 -0.0178764 0.372702 -28.3248 0 0 0 1 
Seq_Frame0140_ForcepToReference-SequenceTransformStatus = OK
Seq_Frame0140_Timestamp = 19.703
Seq_Frame0141_ForcepToReference-SequenceTransform =-0.0153322 -0.989314 -0.14499 -61.3644 0.354873 -0.140951 0.924228 138.422 -0.934789 -0.0372825 0.353242 -34.2932 0 0 0 1 
Seq_Frame0141_ForcepToReference-SequenceTransformStatus = OK
Seq_Frame0141_Timestamp = 19.807
Seq_Frame0142_ForcepToReference-SequenceTransform =-0.0168913 -0.98584 -0.166838 -34.172 0.344556 -0.162381 0.924615 127.663 -0.938614 -0.0418673 0.34242 -45.128 0 0 0 1 
Seq_Frame0142_ForcepToReference-SequenceTransformStatus = OK
Seq_Frame0142_Timestamp = 19.912
Seq_Frame0143_ForcepToReference-SequenceTransform =0.022989 -0.978524 -0.204846 -7.49901 0.381062 -0.180856 0.906688 124.46 -0.924264 -0.098903 0.368721 -54.6843 0 0 0 1 
Seq_Frame0143_ForcepToReference-SequenceTransformStatus = OK
Seq_Frame0143_Timestamp = 20.022
Seq_Frame0144_ForcepToReference-SequenceTransform =-0.00138034 -0.973433 -0.228967 -3.16495 0.335029 -0.216185 0.917071 116.223 -0.942207 -0.0754449 0.326427 -57.1931 0 0 0 1 
Seq_Frame0144_ForcepToReference-SequenceTransformStatus = OK
Seq_Frame0144_Timestamp = 20.126
Seq_Frame0145_ForcepToReference-SequenceTransform =-0.0106487 -0.977385 -0.211198 -18.9334 0.322801 -0.203262 0.924383 108.034 -0.946407 -0.0583315 0.317666 -46.9559 0 0 0 1 
Seq_Frame0145_ForcepToReference-SequenceTransformStatus = OK
Seq_Frame0145_Timestamp = 20.235
Seq_Frame0146_ForcepToReference-SequenceTransform =-0.0212392 -0.980344 -0.196147 -24.4054 0.272034 -0.194456 0.942435 102.352 -0.962053 -0.0333422 0.270817 -38.5781 0 0 0 1 
Seq_Frame0146_ForcepToReference-SequenceTransformStatus = OK
Seq_Frame0146_Timestamp = 20.346
Seq_Frame0147_ForcepToReference-SequenceTransform =-0.00241693 -0.980125 -0.198364 -19.962 0.270142 -0.19163 0.943558 103.766 -0.962817 -0.0513061 0.265236 -30.4362 0 0 0 1 
Seq_Frame0147_ForcepToReference-SequenceTransformStatus = OK
Seq_Frame0147_Timestamp = 20.447
Seq_Frame0148_ForcepToReference-SequenceTransform =0.0591971 -0.983265 -0.172295 -15.0379 0.331761 -0.143408 0.932399 109.123 -0.941504 -0.112356 0.31772 -20.5946 0 0 0 1 
Seq_Frame0148_ForcepToReference-SequenceTransformStatus = OK
Seq_Frame0148_Timestamp = 20.552
Seq_Frame0149_ForcepToReference-SequenceTransform =0.130248 -0.977928 -0.163378 -1.60419 0.465961 -0.0850757 0.880706 125.218 -0.875166 -0.190838 0.444595 -12.3542 0 0 0 1 
Seq_Frame0149_ForcepToReference-SequenceTransformStatus = OK
Seq_Frame0149_Timestamp = 20.666
