ObjectType = Image
NDims = 3
AnatomicalOrientation = RAI
BinaryData = True
CompressedData = False
DimSize = 0 0 4380
ElementSpacing = 1 1 1
Offset = 0 0 0
TransformMatrix = 1 0 0 0 1 0 0 0 1
ElementType = MET_UCHAR
Kinds = domain domain list
Seq_Frame0000_DriverToReference-SequenceTransform =0.606004 0.787821 -0.109984 51.6087 -0.482104 0.253775 -0.838554 55.8497 -0.63272 0.561191 0.533601 88.4951 0 0 0 1 
Seq_Frame0000_DriverToReference-SequenceTransformStatus = OK
Seq_Frame0000_Timestamp = 0.00399995
Seq_Frame0001_DriverToReference-SequenceTransform =0.600478 0.792839 -0.104079 51.6306 -0.485118 0.257723 -0.835607 55.9667 -0.635678 0.552254 0.539378 88.6105 0 0 0 1 
Seq_Frame0001_DriverToReference-SequenceTransformStatus = OK
Seq_Frame0001_Timestamp = 0.109
Seq_Frame0002_DriverToReference-SequenceTransform =0.59966 0.79361 -0.102912 51.6155 -0.48543 0.258493 -0.835188 56.0686 -0.636212 0.550785 0.54025 88.4575 0 0 0 1 
Seq_Frame0002_DriverToReference-SequenceTransformStatus = OK
Seq_Frame0002_Timestamp = 0.21
Seq_Frame0003_DriverToReference-SequenceTransform =0.603846 0.790084 -0.105538 51.5758 -0.482152 0.256606 -0.837665 55.9796 -0.634744 0.556706 0.535891 88.4294 0 0 0 1 
Seq_Frame0003_DriverToReference-SequenceTransformStatus = OK
Seq_Frame0003_Timestamp = 0.312
Seq_Frame0004_DriverToReference-SequenceTransform =0.606527 0.787331 -0.110615 51.5594 -0.483211 0.254557 -0.83768 55.9216 -0.631373 0.561526 0.534842 88.4331 0 0 0 1 
Seq_Frame0004_DriverToReference-SequenceTransformStatus = OK
Seq_Frame0004_Timestamp = 0.418
Seq_Frame0005_DriverToReference-SequenceTransform =0.600365 0.792943 -0.103938 51.6605 -0.48491 0.257592 -0.835768 55.9255 -0.635943 0.552167 0.539156 88.6594 0 0 0 1 
Seq_Frame0005_DriverToReference-SequenceTransformStatus = OK
Seq_Frame0005_Timestamp = 0.519
Seq_Frame0006_DriverToReference-SequenceTransform =0.60581 0.788066 -0.109297 51.6308 -0.482151 0.254373 -0.838347 55.927 -0.63287 0.560576 0.534068 88.3889 0 0 0 1 
Seq_Frame0006_DriverToReference-SequenceTransformStatus = OK
Seq_Frame0006_Timestamp = 0.62
Seq_Frame0007_DriverToReference-SequenceTransform =0.605122 0.78868 -0.108678 51.5916 -0.484434 0.256432 -0.836401 55.9138 -0.631784 0.558772 0.537236 88.5185 0 0 0 1 
Seq_Frame0007_DriverToReference-SequenceTransformStatus = OK
Seq_Frame0007_Timestamp = 0.72
Seq_Frame0008_DriverToReference-SequenceTransform =0.599879 0.79342 -0.103102 51.5995 -0.485796 0.258806 -0.834879 56.0392 -0.635726 0.550913 0.540692 88.5955 0 0 0 1 
Seq_Frame0008_DriverToReference-SequenceTransformStatus = OK
Seq_Frame0008_Timestamp = 0.824
Seq_Frame0009_DriverToReference-SequenceTransform =0.605977 0.788034 -0.108598 51.6132 -0.483616 0.256565 -0.836834 56.0463 -0.631591 0.559622 0.536578 88.3749 0 0 0 1 
Seq_Frame0009_DriverToReference-SequenceTransformStatus = OK
Seq_Frame0009_Timestamp = 0.926
Seq_Frame0010_DriverToReference-SequenceTransform =0.605924 0.787887 -0.109954 51.606 -0.482139 0.253766 -0.838537 55.8389 -0.63277 0.561103 0.533634 88.5066 0 0 0 1 
Seq_Frame0010_DriverToReference-SequenceTransformStatus = OK
Seq_Frame0010_Timestamp = 1.029
Seq_Frame0011_DriverToReference-SequenceTransform =0.604721 0.788927 -0.109118 51.6379 -0.481295 0.252832 -0.839304 55.7938 -0.634561 0.560063 0.532599 88.618 0 0 0 1 
Seq_Frame0011_DriverToReference-SequenceTransformStatus = OK
Seq_Frame0011_Timestamp = 1.134
Seq_Frame0012_DriverToReference-SequenceTransform =0.600721 0.792511 -0.105171 51.6427 -0.484438 0.256198 -0.83647 55.8076 -0.635967 0.553434 0.537826 88.617 0 0 0 1 
Seq_Frame0012_DriverToReference-SequenceTransformStatus = OK
Seq_Frame0012_Timestamp = 1.235
Seq_Frame0013_DriverToReference-SequenceTransform =0.60367 0.789991 -0.10722 51.6434 -0.482382 0.254866 -0.838064 55.8332 -0.634736 0.557635 0.534933 88.6101 0 0 0 1 
Seq_Frame0013_DriverToReference-SequenceTransformStatus = OK
Seq_Frame0013_Timestamp = 1.335
Seq_Frame0014_DriverToReference-SequenceTransform =0.606074 0.787771 -0.109962 51.6128 -0.482316 0.25405 -0.838349 55.8543 -0.632492 0.561138 0.533928 88.525 0 0 0 1 
Seq_Frame0014_DriverToReference-SequenceTransformStatus = OK
Seq_Frame0014_Timestamp = 1.444
Seq_Frame0015_DriverToReference-SequenceTransform =0.599195 0.794033 -0.102355 51.6699 -0.485273 0.258527 -0.835269 56.0179 -0.63677 0.55016 0.54023 88.6032 0 0 0 1 
Seq_Frame0015_DriverToReference-SequenceTransformStatus = OK
Seq_Frame0015_Timestamp = 1.545
Seq_Frame0016_DriverToReference-SequenceTransform =0.606482 0.786926 -0.113698 51.7967 -0.480181 0.248531 -0.841224 55.9134 -0.633724 0.564783 0.528597 88.567 0 0 0 1 
Seq_Frame0016_DriverToReference-SequenceTransformStatus = OK
Seq_Frame0016_Timestamp = 1.654
Seq_Frame0017_DriverToReference-SequenceTransform =0.59004 0.800375 -0.106076 51.8736 -0.508828 0.266627 -0.818538 55.7521 -0.626855 0.536945 0.564574 87.4832 0 0 0 1 
Seq_Frame0017_DriverToReference-SequenceTransformStatus = OK
Seq_Frame0017_Timestamp = 1.759
Seq_Frame0018_DriverToReference-SequenceTransform =-0.876677 -0.473106 -0.0872274 52.0869 -0.375301 0.559143 0.739262 55.7504 -0.300977 0.68083 -0.667745 91.8131 0 0 0 1 
Seq_Frame0018_DriverToReference-SequenceTransformStatus = OK
Seq_Frame0018_Timestamp = 1.861
Seq_Frame0019_DriverToReference-SequenceTransform =-0.770226 -0.424754 -0.475748 51.4648 -0.577322 0.78134 0.237081 56.4043 0.27102 0.457265 -0.847028 93.4674 0 0 0 1 
Seq_Frame0019_DriverToReference-SequenceTransformStatus = OK
Seq_Frame0019_Timestamp = 1.969
Seq_Frame0020_DriverToReference-SequenceTransform =0.625769 0.76093 -0.171461 51.3163 -0.575849 0.302409 -0.75957 56.5247 -0.526128 0.574051 0.627419 82.7086 0 0 0 1 
Seq_Frame0020_DriverToReference-SequenceTransformStatus = OK
Seq_Frame0020_Timestamp = 2.069
Seq_Frame0021_DriverToReference-SequenceTransform =0.569229 0.818657 -0.0760166 52.1751 -0.470575 0.248587 -0.846619 55.1483 -0.674194 0.517691 0.526743 90.0906 0 0 0 1 
Seq_Frame0021_DriverToReference-SequenceTransformStatus = OK
Seq_Frame0021_Timestamp = 2.17
Seq_Frame0022_DriverToReference-SequenceTransform =0.589468 0.80342 -0.083929 51.8956 -0.457567 0.246469 -0.854333 55.4014 -0.665702 0.542006 0.512904 90.7509 0 0 0 1 
Seq_Frame0022_DriverToReference-SequenceTransformStatus = OK
Seq_Frame0022_Timestamp = 2.28
Seq_Frame0023_DriverToReference-SequenceTransform =0.589468 0.80342 -0.083929 51.8956 -0.457567 0.246469 -0.854333 55.4014 -0.665702 0.542006 0.512904 90.7509 0 0 0 1 
Seq_Frame0023_DriverToReference-SequenceTransformStatus = OK
Seq_Frame0023_Timestamp = 2.389
Seq_Frame0024_DriverToReference-SequenceTransform =0.589468 0.80342 -0.083929 51.8956 -0.457567 0.246469 -0.854333 55.4014 -0.665702 0.542006 0.512904 90.7509 0 0 0 1 
Seq_Frame0024_DriverToReference-SequenceTransformStatus = OK
Seq_Frame0024_Timestamp = 2.494
Seq_Frame0025_DriverToReference-SequenceTransform =0.589468 0.80342 -0.083929 51.8956 -0.457567 0.246469 -0.854333 55.4014 -0.665702 0.542006 0.512904 90.7509 0 0 0 1 
Seq_Frame0025_DriverToReference-SequenceTransformStatus = OK
Seq_Frame0025_Timestamp = 2.611
Seq_Frame0026_DriverToReference-SequenceTransform =0.589468 0.80342 -0.083929 51.8956 -0.457567 0.246469 -0.854333 55.4014 -0.665702 0.542006 0.512904 90.7509 0 0 0 1 
Seq_Frame0026_DriverToReference-SequenceTransformStatus = OK
Seq_Frame0026_Timestamp = 2.718
Seq_Frame0027_DriverToReference-SequenceTransform =0.589468 0.80342 -0.083929 51.8956 -0.457567 0.246469 -0.854333 55.4014 -0.665702 0.542006 0.512904 90.7509 0 0 0 1 
Seq_Frame0027_DriverToReference-SequenceTransformStatus = OK
Seq_Frame0027_Timestamp = 2.819
Seq_Frame0028_DriverToReference-SequenceTransform =0.589468 0.80342 -0.083929 51.8956 -0.457567 0.246469 -0.854333 55.4014 -0.665702 0.542006 0.512904 90.7509 0 0 0 1 
Seq_Frame0028_DriverToReference-SequenceTransformStatus = OK
Seq_Frame0028_Timestamp = 2.928
Seq_Frame0029_DriverToReference-SequenceTransform =-0.827429 -0.553453 0.0951405 50.954 -0.268898 0.539206 0.798092 55.4557 -0.493007 0.634781 -0.594977 86.1473 0 0 0 1 
Seq_Frame0029_DriverToReference-SequenceTransformStatus = OK
Seq_Frame0029_Timestamp = 3.034
Seq_Frame0030_DriverToReference-SequenceTransform =-0.819486 -0.563112 0.106525 50.9203 -0.228096 0.490994 0.840772 55.8384 -0.525752 0.664703 -0.530806 88.0048 0 0 0 1 
Seq_Frame0030_DriverToReference-SequenceTransformStatus = OK
Seq_Frame0030_Timestamp = 3.134
Seq_Frame0031_DriverToReference-SequenceTransform =-0.820554 -0.561905 0.10466 50.9367 -0.229232 0.491265 0.840304 55.9052 -0.523587 0.665524 -0.531916 87.9151 0 0 0 1 
Seq_Frame0031_DriverToReference-SequenceTransformStatus = OK
Seq_Frame0031_Timestamp = 3.235
Seq_Frame0032_DriverToReference-SequenceTransform =-0.818344 -0.564197 0.109517 50.912 -0.225763 0.490807 0.841511 55.7088 -0.52853 0.66392 -0.529024 88.1071 0 0 0 1 
Seq_Frame0032_DriverToReference-SequenceTransformStatus = OK
Seq_Frame0032_Timestamp = 3.344
Seq_Frame0033_DriverToReference-SequenceTransform =-0.816512 -0.56596 0.114005 50.9697 -0.226653 0.495858 0.838304 55.7009 -0.530977 0.658646 -0.53315 88.3937 0 0 0 1 
Seq_Frame0033_DriverToReference-SequenceTransformStatus = OK
Seq_Frame0033_Timestamp = 3.45
Seq_Frame0034_DriverToReference-SequenceTransform =-0.818937 -0.563398 0.109201 50.935 -0.22796 0.493986 0.839054 55.7671 -0.526666 0.662239 -0.532976 88.2661 0 0 0 1 
Seq_Frame0034_DriverToReference-SequenceTransformStatus = OK
Seq_Frame0034_Timestamp = 3.554
Seq_Frame0035_DriverToReference-SequenceTransform =-0.818077 -0.564439 0.110261 50.8724 -0.226751 0.492755 0.840105 55.7568 -0.52852 0.662269 -0.531099 88.1491 0 0 0 1 
Seq_Frame0035_DriverToReference-SequenceTransformStatus = OK
Seq_Frame0035_Timestamp = 3.654
Seq_Frame0036_DriverToReference-SequenceTransform =-0.817034 -0.566721 0.106219 50.6789 -0.229315 0.488405 0.841947 55.7457 -0.529027 0.663542 -0.529001 88.5571 0 0 0 1 
Seq_Frame0036_DriverToReference-SequenceTransformStatus = OK
Seq_Frame0036_Timestamp = 3.759
Seq_Frame0037_DriverToReference-SequenceTransform =-0.802105 -0.587276 0.108325 50.6993 -0.239165 0.482116 0.842831 55.1167 -0.5472 0.650131 -0.527164 87.1516 0 0 0 1 
Seq_Frame0037_DriverToReference-SequenceTransformStatus = OK
Seq_Frame0037_Timestamp = 3.86
Seq_Frame0038_DriverToReference-SequenceTransform =-0.837055 -0.542194 0.073243 51.9087 -0.26882 0.524172 0.808071 55.9637 -0.476523 0.656711 -0.584514 83.2556 0 0 0 1 
Seq_Frame0038_DriverToReference-SequenceTransformStatus = OK
Seq_Frame0038_Timestamp = 3.96
Seq_Frame0039_DriverToReference-SequenceTransform =-0.843898 -0.528121 0.0944725 52.3023 -0.27496 0.576947 0.769109 60.8058 -0.460688 0.623073 -0.632096 82.3926 0 0 0 1 
Seq_Frame0039_DriverToReference-SequenceTransformStatus = OK
Seq_Frame0039_Timestamp = 4.061
Seq_Frame0040_DriverToReference-SequenceTransform =-0.867441 -0.475725 0.145714 51.7344 -0.230204 0.643388 0.730108 66.7595 -0.441081 0.599781 -0.667615 83.5209 0 0 0 1 
Seq_Frame0040_DriverToReference-SequenceTransformStatus = OK
Seq_Frame0040_Timestamp = 4.165
Seq_Frame0041_DriverToReference-SequenceTransform =-0.868174 -0.439515 0.230433 51.5296 -0.181074 0.712883 0.677502 75.0861 -0.462045 0.546465 -0.698492 83.5986 0 0 0 1 
Seq_Frame0041_DriverToReference-SequenceTransformStatus = OK
Seq_Frame0041_Timestamp = 4.277
Seq_Frame0042_DriverToReference-SequenceTransform =-0.879126 -0.395747 0.26556 50.8994 -0.1614 0.771503 0.615413 85.7432 -0.448428 0.498164 -0.742122 86.0111 0 0 0 1 
Seq_Frame0042_DriverToReference-SequenceTransformStatus = OK
Seq_Frame0042_Timestamp = 4.379
Seq_Frame0043_DriverToReference-SequenceTransform =-0.913396 -0.333005 0.234128 49.24 -0.130865 0.784829 0.605737 100.942 -0.385464 0.522639 -0.760438 85.4178 0 0 0 1 
Seq_Frame0043_DriverToReference-SequenceTransformStatus = OK
Seq_Frame0043_Timestamp = 4.485
Seq_Frame0044_DriverToReference-SequenceTransform =-0.930316 -0.308381 0.198528 47.6688 -0.0853987 0.708566 0.700457 119.31 -0.356678 0.634693 -0.685526 80.7664 0 0 0 1 
Seq_Frame0044_DriverToReference-SequenceTransformStatus = OK
Seq_Frame0044_Timestamp = 4.585
Seq_Frame0045_DriverToReference-SequenceTransform =-0.919614 -0.344449 0.188853 43.2637 -0.0356022 0.55186 0.833176 143.257 -0.391207 0.759477 -0.519761 75.7896 0 0 0 1 
Seq_Frame0045_DriverToReference-SequenceTransformStatus = OK
Seq_Frame0045_Timestamp = 4.686
Seq_Frame0046_DriverToReference-SequenceTransform =-0.903295 -0.425724 0.0530768 37.3204 -0.160845 0.450748 0.878041 173.322 -0.397727 0.784593 -0.475634 70.9526 0 0 0 1 
Seq_Frame0046_DriverToReference-SequenceTransformStatus = OK
Seq_Frame0046_Timestamp = 4.794
Seq_Frame0047_DriverToReference-SequenceTransform =-0.871025 -0.482308 0.0932446 35.184 -0.1426 0.429891 0.891549 187.845 -0.470086 0.763264 -0.443223 70.1448 0 0 0 1 
Seq_Frame0047_DriverToReference-SequenceTransformStatus = OK
Seq_Frame0047_Timestamp = 4.894
Seq_Frame0048_DriverToReference-SequenceTransform =-0.847951 -0.521844 0.0930518 34.0938 -0.129832 0.374663 0.918026 199.754 -0.513929 0.76636 -0.385448 70.9875 0 0 0 1 
Seq_Frame0048_DriverToReference-SequenceTransformStatus = OK
Seq_Frame0048_Timestamp = 5.005
Seq_Frame0049_DriverToReference-SequenceTransform =-0.847196 -0.519144 0.112912 34.8991 -0.0753123 0.327733 0.941764 206.158 -0.525916 0.789354 -0.316752 72.414 0 0 0 1 
Seq_Frame0049_DriverToReference-SequenceTransformStatus = OK
Seq_Frame0049_Timestamp = 5.109
Seq_Frame0050_DriverToReference-SequenceTransform =-0.867785 -0.481394 0.123325 36.2183 -0.0189365 0.280022 0.959807 212.86 -0.496579 0.830571 -0.252114 72.4359 0 0 0 1 
Seq_Frame0050_DriverToReference-SequenceTransformStatus = OK
Seq_Frame0050_Timestamp = 5.214
Seq_Frame0051_DriverToReference-SequenceTransform =-0.843893 -0.522316 0.122596 34.9064 -0.0204106 0.259596 0.965502 224.717 -0.536123 0.812278 -0.229732 75.5111 0 0 0 1 
Seq_Frame0051_DriverToReference-SequenceTransformStatus = OK
Seq_Frame0051_Timestamp = 5.319
Seq_Frame0052_DriverToReference-SequenceTransform =-0.796388 -0.578613 0.175995 30.575 -0.0114772 0.30541 0.952152 239.465 -0.604678 0.756262 -0.249865 76.8149 0 0 0 1 
Seq_Frame0052_DriverToReference-SequenceTransformStatus = OK
Seq_Frame0052_Timestamp = 5.435
Seq_Frame0053_DriverToReference-SequenceTransform =-0.724148 -0.634532 0.270146 25.8919 0.0596622 0.332608 0.941176 248.947 -0.687059 0.697668 -0.203 83.1005 0 0 0 1 
Seq_Frame0053_DriverToReference-SequenceTransformStatus = OK
Seq_Frame0053_Timestamp = 5.536
Seq_Frame0054_DriverToReference-SequenceTransform =-0.663697 -0.658191 0.355374 23.4707 0.156986 0.341948 0.926513 248.771 -0.731342 0.670713 -0.123624 92.732 0 0 0 1 
Seq_Frame0054_DriverToReference-SequenceTransformStatus = OK
Seq_Frame0054_Timestamp = 5.644
Seq_Frame0055_DriverToReference-SequenceTransform =0.555921 0.640949 -0.529278 42.2741 -0.154031 -0.546278 -0.82332 245.112 -0.816839 0.539226 -0.204961 129.545 0 0 0 1 
Seq_Frame0055_DriverToReference-SequenceTransformStatus = OK
Seq_Frame0055_Timestamp = 5.745
Seq_Frame0056_DriverToReference-SequenceTransform =0.487821 0.679095 -0.548507 45.6556 -0.140813 -0.558898 -0.817193 244.883 -0.861512 0.475881 -0.177017 130.961 0 0 0 1 
Seq_Frame0056_DriverToReference-SequenceTransformStatus = OK
Seq_Frame0056_Timestamp = 5.854
Seq_Frame0057_DriverToReference-SequenceTransform =0.487821 0.679095 -0.548507 45.6556 -0.140813 -0.558898 -0.817193 244.883 -0.861512 0.475881 -0.177017 130.961 0 0 0 1 
Seq_Frame0057_DriverToReference-SequenceTransformStatus = OK
Seq_Frame0057_Timestamp = 5.959
Seq_Frame0058_DriverToReference-SequenceTransform =0.487821 0.679095 -0.548507 45.6556 -0.140813 -0.558898 -0.817193 244.883 -0.861512 0.475881 -0.177017 130.961 0 0 0 1 
Seq_Frame0058_DriverToReference-SequenceTransformStatus = OK
Seq_Frame0058_Timestamp = 6.059
Seq_Frame0059_DriverToReference-SequenceTransform =0.487821 0.679095 -0.548507 45.6556 -0.140813 -0.558898 -0.817193 244.883 -0.861512 0.475881 -0.177017 130.961 0 0 0 1 
Seq_Frame0059_DriverToReference-SequenceTransformStatus = OK
Seq_Frame0059_Timestamp = 6.16
Seq_Frame0060_DriverToReference-SequenceTransform =0.487821 0.679095 -0.548507 45.6556 -0.140813 -0.558898 -0.817193 244.883 -0.861512 0.475881 -0.177017 130.961 0 0 0 1 
Seq_Frame0060_DriverToReference-SequenceTransformStatus = OK
Seq_Frame0060_Timestamp = 6.26
Seq_Frame0061_DriverToReference-SequenceTransform =0.487821 0.679095 -0.548507 45.6556 -0.140813 -0.558898 -0.817193 244.883 -0.861512 0.475881 -0.177017 130.961 0 0 0 1 
Seq_Frame0061_DriverToReference-SequenceTransformStatus = OK
Seq_Frame0061_Timestamp = 6.368
Seq_Frame0062_DriverToReference-SequenceTransform =0.487821 0.679095 -0.548507 45.6556 -0.140813 -0.558898 -0.817193 244.883 -0.861512 0.475881 -0.177017 130.961 0 0 0 1 
Seq_Frame0062_DriverToReference-SequenceTransformStatus = OK
Seq_Frame0062_Timestamp = 6.469
Seq_Frame0063_DriverToReference-SequenceTransform =0.487821 0.679095 -0.548507 45.6556 -0.140813 -0.558898 -0.817193 244.883 -0.861512 0.475881 -0.177017 130.961 0 0 0 1 
Seq_Frame0063_DriverToReference-SequenceTransformStatus = OK
Seq_Frame0063_Timestamp = 6.574
Seq_Frame0064_DriverToReference-SequenceTransform =0.487821 0.679095 -0.548507 45.6556 -0.140813 -0.558898 -0.817193 244.883 -0.861512 0.475881 -0.177017 130.961 0 0 0 1 
Seq_Frame0064_DriverToReference-SequenceTransformStatus = OK
Seq_Frame0064_Timestamp = 6.674
Seq_Frame0065_DriverToReference-SequenceTransform =0.487821 0.679095 -0.548507 45.6556 -0.140813 -0.558898 -0.817193 244.883 -0.861512 0.475881 -0.177017 130.961 0 0 0 1 
Seq_Frame0065_DriverToReference-SequenceTransformStatus = OK
Seq_Frame0065_Timestamp = 6.784
Seq_Frame0066_DriverToReference-SequenceTransform =0.487821 0.679095 -0.548507 45.6556 -0.140813 -0.558898 -0.817193 244.883 -0.861512 0.475881 -0.177017 130.961 0 0 0 1 
Seq_Frame0066_DriverToReference-SequenceTransformStatus = OK
Seq_Frame0066_Timestamp = 6.885
Seq_Frame0067_DriverToReference-SequenceTransform =0.487821 0.679095 -0.548507 45.6556 -0.140813 -0.558898 -0.817193 244.883 -0.861512 0.475881 -0.177017 130.961 0 0 0 1 
Seq_Frame0067_DriverToReference-SequenceTransformStatus = OK
Seq_Frame0067_Timestamp = 6.993
Seq_Frame0068_DriverToReference-SequenceTransform =-0.762589 -0.638905 -0.101284 84.4424 -0.21365 0.100972 0.971678 331.678 -0.610583 0.76263 -0.213502 185.255 0 0 0 1 
Seq_Frame0068_DriverToReference-SequenceTransformStatus = OK
Seq_Frame0068_Timestamp = 7.094
Seq_Frame0069_DriverToReference-SequenceTransform =-0.720129 -0.682277 -0.126145 82.4367 -0.243057 0.0777747 0.966889 333.364 -0.649876 0.726945 -0.22184 184.859 0 0 0 1 
Seq_Frame0069_DriverToReference-SequenceTransformStatus = OK
Seq_Frame0069_Timestamp = 7.194
Seq_Frame0070_DriverToReference-SequenceTransform =-0.720129 -0.682277 -0.126145 82.4367 -0.243057 0.0777747 0.966889 333.364 -0.649876 0.726945 -0.22184 184.859 0 0 0 1 
Seq_Frame0070_DriverToReference-SequenceTransformStatus = OK
Seq_Frame0070_Timestamp = 7.296
Seq_Frame0071_DriverToReference-SequenceTransform =-0.396398 -0.672494 -0.624996 58.6068 -0.802128 -0.0774756 0.592105 360.323 -0.446609 0.736036 -0.508715 168.166 0 0 0 1 
Seq_Frame0071_DriverToReference-SequenceTransformStatus = OK
Seq_Frame0071_Timestamp = 7.404
Seq_Frame0072_DriverToReference-SequenceTransform =-0.421868 -0.663631 -0.617756 62.3624 -0.79013 -0.0650618 0.609476 360.16 -0.444659 0.745226 -0.496907 169.793 0 0 0 1 
Seq_Frame0072_DriverToReference-SequenceTransformStatus = OK
Seq_Frame0072_Timestamp = 7.505
Seq_Frame0073_DriverToReference-SequenceTransform =-0.409578 -0.675362 -0.613296 62.9583 -0.760838 -0.118054 0.638113 364.856 -0.503359 0.727976 -0.465489 173.368 0 0 0 1 
Seq_Frame0073_DriverToReference-SequenceTransformStatus = OK
Seq_Frame0073_Timestamp = 7.609
Seq_Frame0074_DriverToReference-SequenceTransform =-0.401412 -0.690484 -0.601748 63.234 -0.754409 -0.123292 0.644722 365.566 -0.519361 0.712763 -0.471416 173.897 0 0 0 1 
Seq_Frame0074_DriverToReference-SequenceTransformStatus = OK
Seq_Frame0074_Timestamp = 7.714
Seq_Frame0075_DriverToReference-SequenceTransform =-0.401412 -0.690484 -0.601748 63.234 -0.754409 -0.123292 0.644722 365.566 -0.519361 0.712763 -0.471416 173.897 0 0 0 1 
Seq_Frame0075_DriverToReference-SequenceTransformStatus = OK
Seq_Frame0075_Timestamp = 7.819
Seq_Frame0076_DriverToReference-SequenceTransform =-0.401412 -0.690484 -0.601748 63.234 -0.754409 -0.123292 0.644722 365.566 -0.519361 0.712763 -0.471416 173.897 0 0 0 1 
Seq_Frame0076_DriverToReference-SequenceTransformStatus = OK
Seq_Frame0076_Timestamp = 7.926
Seq_Frame0077_DriverToReference-SequenceTransform =-0.401412 -0.690484 -0.601748 63.234 -0.754409 -0.123292 0.644722 365.566 -0.519361 0.712763 -0.471416 173.897 0 0 0 1 
Seq_Frame0077_DriverToReference-SequenceTransformStatus = OK
Seq_Frame0077_Timestamp = 8.034
Seq_Frame0078_DriverToReference-SequenceTransform =-0.401412 -0.690484 -0.601748 63.234 -0.754409 -0.123292 0.644722 365.566 -0.519361 0.712763 -0.471416 173.897 0 0 0 1 
Seq_Frame0078_DriverToReference-SequenceTransformStatus = OK
Seq_Frame0078_Timestamp = 8.134
Seq_Frame0079_DriverToReference-SequenceTransform =-0.0421463 -0.87474 -0.482756 70.4347 -0.769544 -0.279739 0.574063 360.553 -0.637202 0.395696 -0.661361 207.448 0 0 0 1 
Seq_Frame0079_DriverToReference-SequenceTransformStatus = OK
Seq_Frame0079_Timestamp = 8.235
Seq_Frame0080_DriverToReference-SequenceTransform =0.172981 -0.697516 -0.695377 69.858 -0.796582 -0.514302 0.317727 361.355 -0.579253 0.498965 -0.644593 218.698 0 0 0 1 
Seq_Frame0080_DriverToReference-SequenceTransformStatus = OK
Seq_Frame0080_Timestamp = 8.335
Seq_Frame0081_DriverToReference-SequenceTransform =0.278363 -0.587369 -0.759942 77.1362 -0.857369 -0.508595 0.0790497 362.453 -0.432934 0.629547 -0.645166 234.713 0 0 0 1 
Seq_Frame0081_DriverToReference-SequenceTransformStatus = OK
Seq_Frame0081_Timestamp = 8.443
Seq_Frame0082_DriverToReference-SequenceTransform =0.313697 -0.605107 -0.731738 85.3366 -0.939383 -0.310099 -0.14628 357.944 -0.138396 0.73327 -0.665704 240.474 0 0 0 1 
Seq_Frame0082_DriverToReference-SequenceTransformStatus = OK
Seq_Frame0082_Timestamp = 8.545
Seq_Frame0083_DriverToReference-SequenceTransform =0.214833 -0.63782 -0.739617 94.3075 -0.975528 -0.176445 -0.131197 358.075 -0.0468221 0.749702 -0.660117 243.006 0 0 0 1 
Seq_Frame0083_DriverToReference-SequenceTransformStatus = OK
Seq_Frame0083_Timestamp = 8.649
Seq_Frame0084_DriverToReference-SequenceTransform =0.170711 -0.637542 -0.751265 93.7999 -0.982424 -0.168557 -0.0801959 357.016 -0.0755028 0.751751 -0.655111 242.057 0 0 0 1 
Seq_Frame0084_DriverToReference-SequenceTransformStatus = OK
Seq_Frame0084_Timestamp = 8.749
Seq_Frame0085_DriverToReference-SequenceTransform =0.138457 -0.630254 -0.763943 91.6829 -0.988754 -0.131992 -0.0703079 356.111 -0.0565225 0.765087 -0.641442 240.774 0 0 0 1 
Seq_Frame0085_DriverToReference-SequenceTransformStatus = OK
Seq_Frame0085_Timestamp = 8.85
Seq_Frame0086_DriverToReference-SequenceTransform =0.105191 -0.623324 -0.774857 91.8084 -0.989714 -0.141589 -0.020459 354.488 -0.0969588 0.769039 -0.631806 242.105 0 0 0 1 
Seq_Frame0086_DriverToReference-SequenceTransformStatus = OK
Seq_Frame0086_Timestamp = 8.954
Seq_Frame0087_DriverToReference-SequenceTransform =0.0822842 -0.64643 -0.758524 94.0525 -0.992835 -0.119346 -0.00599331 352.246 -0.0866523 0.753582 -0.651618 245.476 0 0 0 1 
Seq_Frame0087_DriverToReference-SequenceTransformStatus = OK
Seq_Frame0087_Timestamp = 9.059
Seq_Frame0088_DriverToReference-SequenceTransform =0.0469027 -0.638318 -0.768343 97.094 -0.9967 -0.0809233 0.00638629 350.486 -0.0662533 0.765507 -0.640007 248.745 0 0 0 1 
Seq_Frame0088_DriverToReference-SequenceTransformStatus = OK
Seq_Frame0088_Timestamp = 9.16
Seq_Frame0089_DriverToReference-SequenceTransform =0.0332487 -0.639213 -0.76831 97.8853 -0.997761 -0.06586 0.0116156 347.704 -0.0580258 0.766204 -0.639972 250.644 0 0 0 1 
Seq_Frame0089_DriverToReference-SequenceTransformStatus = OK
Seq_Frame0089_Timestamp = 9.26
Seq_Frame0090_DriverToReference-SequenceTransform =0.0311899 -0.63325 -0.773319 100.208 -0.995733 -0.0869122 0.0310096 345.101 -0.0868476 0.769052 -0.633259 252.318 0 0 0 1 
Seq_Frame0090_DriverToReference-SequenceTransformStatus = OK
Seq_Frame0090_Timestamp = 9.371
Seq_Frame0091_DriverToReference-SequenceTransform =0.0362786 -0.642476 -0.765447 104.787 -0.99599 -0.085921 0.0249122 341.851 -0.0817734 0.761474 -0.643017 254.433 0 0 0 1 
Seq_Frame0091_DriverToReference-SequenceTransformStatus = OK
Seq_Frame0091_Timestamp = 9.475
Seq_Frame0092_DriverToReference-SequenceTransform =0.0615916 -0.657061 -0.751317 107.488 -0.997437 -0.06799 -0.0223076 338.232 -0.0364246 0.750765 -0.659564 254.295 0 0 0 1 
Seq_Frame0092_DriverToReference-SequenceTransformStatus = OK
Seq_Frame0092_Timestamp = 9.575
Seq_Frame0093_DriverToReference-SequenceTransform =0.0678634 -0.656303 -0.751439 109.072 -0.996701 -0.0782068 -0.0217078 334.799 -0.0445208 0.750433 -0.659445 251.47 0 0 0 1 
Seq_Frame0093_DriverToReference-SequenceTransformStatus = OK
Seq_Frame0093_Timestamp = 9.676
Seq_Frame0094_DriverToReference-SequenceTransform =0.0775069 -0.651315 -0.754839 112.795 -0.996337 -0.0780284 -0.0349769 332.897 -0.0361178 0.754785 -0.654977 250.077 0 0 0 1 
Seq_Frame0094_DriverToReference-SequenceTransformStatus = OK
Seq_Frame0094_Timestamp = 9.785
Seq_Frame0095_DriverToReference-SequenceTransform =0.070028 -0.653981 -0.753263 116.646 -0.995429 -0.0949695 -0.010089 329.921 -0.064939 0.750527 -0.657642 249.164 0 0 0 1 
Seq_Frame0095_DriverToReference-SequenceTransformStatus = OK
Seq_Frame0095_Timestamp = 9.885
Seq_Frame0096_DriverToReference-SequenceTransform =0.0787887 -0.671647 -0.73667 119.348 -0.995874 -0.0864002 -0.0277373 327.893 -0.0450187 0.735816 -0.675683 246.987 0 0 0 1 
Seq_Frame0096_DriverToReference-SequenceTransformStatus = OK
Seq_Frame0096_Timestamp = 9.986
Seq_Frame0097_DriverToReference-SequenceTransform =0.0719365 -0.677908 -0.731618 125.856 -0.995949 -0.0884932 -0.0159302 325.912 -0.053944 0.729801 -0.681528 247.928 0 0 0 1 
Seq_Frame0097_DriverToReference-SequenceTransformStatus = OK
Seq_Frame0097_Timestamp = 10.089
Seq_Frame0098_DriverToReference-SequenceTransform =0.0725101 -0.690845 -0.719358 133.879 -0.995657 -0.0923654 -0.0116562 321.376 -0.0583911 0.717079 -0.694542 252.301 0 0 0 1 
Seq_Frame0098_DriverToReference-SequenceTransformStatus = OK
Seq_Frame0098_Timestamp = 10.201
Seq_Frame0099_DriverToReference-SequenceTransform =0.0798208 -0.704442 -0.705259 137.364 -0.996174 -0.0816367 -0.0312041 318.069 -0.0355935 0.705051 -0.708263 254.01 0 0 0 1 
Seq_Frame0099_DriverToReference-SequenceTransformStatus = OK
Seq_Frame0099_Timestamp = 10.309
Seq_Frame0100_DriverToReference-SequenceTransform =0.0552997 -0.695499 -0.716396 136.459 -0.997139 -0.0755047 -0.00366846 315.136 -0.0515398 0.714549 -0.697684 253.097 0 0 0 1 
Seq_Frame0100_DriverToReference-SequenceTransformStatus = OK
Seq_Frame0100_Timestamp = 10.41
Seq_Frame0101_DriverToReference-SequenceTransform =0.0482888 -0.695172 -0.71722 134.383 -0.99686 -0.0786564 0.00912211 315.263 -0.0627554 0.714527 -0.696787 253.668 0 0 0 1 
Seq_Frame0101_DriverToReference-SequenceTransformStatus = OK
Seq_Frame0101_Timestamp = 10.518
Seq_Frame0102_DriverToReference-SequenceTransform =0.0479449 -0.693113 -0.719233 134.098 -0.998298 -0.0571937 -0.011431 315.899 -0.0332126 0.718556 -0.694675 255.316 0 0 0 1 
Seq_Frame0102_DriverToReference-SequenceTransformStatus = OK
Seq_Frame0102_Timestamp = 10.624
Seq_Frame0103_DriverToReference-SequenceTransform =0.043326 -0.687724 -0.724678 131.481 -0.998527 -0.0535124 -0.00891496 316.376 -0.0326482 0.723997 -0.68903 254.442 0 0 0 1 
Seq_Frame0103_DriverToReference-SequenceTransformStatus = OK
Seq_Frame0103_Timestamp = 10.729
Seq_Frame0104_DriverToReference-SequenceTransform =0.0355253 -0.696893 -0.716295 129.99 -0.998186 -0.0596004 0.00848009 316.759 -0.0486012 0.714694 -0.697746 254.634 0 0 0 1 
Seq_Frame0104_DriverToReference-SequenceTransformStatus = OK
Seq_Frame0104_Timestamp = 10.829
Seq_Frame0105_DriverToReference-SequenceTransform =0.00329373 -0.678265 -0.73481 128.675 -0.997505 -0.0540472 0.045417 318.631 -0.0705192 0.732827 -0.676751 253.66 0 0 0 1 
Seq_Frame0105_DriverToReference-SequenceTransformStatus = OK
Seq_Frame0105_Timestamp = 10.934
Seq_Frame0106_DriverToReference-SequenceTransform =-0.0360357 -0.673688 -0.738137 123.772 -0.99453 -0.0482871 0.0926238 320.45 -0.098042 0.737437 -0.668263 252.437 0 0 0 1 
Seq_Frame0106_DriverToReference-SequenceTransformStatus = OK
Seq_Frame0106_Timestamp = 11.035
Seq_Frame0107_DriverToReference-SequenceTransform =-0.137332 -0.671347 -0.728308 117.339 -0.968292 -0.0639196 0.241505 329.492 -0.208687 0.738381 -0.641282 252.118 0 0 0 1 
Seq_Frame0107_DriverToReference-SequenceTransformStatus = OK
Seq_Frame0107_Timestamp = 11.139
Seq_Frame0108_DriverToReference-SequenceTransform =-0.218105 -0.791991 -0.570245 111.775 -0.891473 -0.0760861 0.44664 341.174 -0.397122 0.605773 -0.689444 253.427 0 0 0 1 
Seq_Frame0108_DriverToReference-SequenceTransformStatus = OK
Seq_Frame0108_Timestamp = 11.239
Seq_Frame0109_DriverToReference-SequenceTransform =-0.237123 -0.799939 -0.551244 110.975 -0.871499 -0.0755652 0.484541 342.203 -0.429258 0.595304 -0.679228 253.241 0 0 0 1 
Seq_Frame0109_DriverToReference-SequenceTransformStatus = OK
Seq_Frame0109_Timestamp = 11.351
Seq_Frame0110_DriverToReference-SequenceTransform =-0.387939 -0.792654 -0.470323 76.8462 -0.848678 0.10816 0.517732 351.911 -0.359512 0.600001 -0.714668 224.279 0 0 0 1 
Seq_Frame0110_DriverToReference-SequenceTransformStatus = OK
Seq_Frame0110_Timestamp = 11.529
Seq_Frame0111_DriverToReference-SequenceTransform =-0.365671 -0.855821 -0.365863 65.663 -0.838101 0.131801 0.529354 352.524 -0.404811 0.500199 -0.76546 219.439 0 0 0 1 
Seq_Frame0111_DriverToReference-SequenceTransformStatus = OK
Seq_Frame0111_Timestamp = 11.635
Seq_Frame0112_DriverToReference-SequenceTransform =-0.0171084 -0.977829 -0.208703 80.0987 -0.786956 -0.115591 0.606085 372.693 -0.616772 0.174609 -0.767531 202.412 0 0 0 1 
Seq_Frame0112_DriverToReference-SequenceTransformStatus = OK
Seq_Frame0112_Timestamp = 12.875
Seq_Frame0113_DriverToReference-SequenceTransform =-0.00601958 -0.980115 -0.198338 85.2115 -0.767195 -0.122689 0.629571 369.119 -0.641386 0.155953 -0.751201 203.872 0 0 0 1 
Seq_Frame0113_DriverToReference-SequenceTransformStatus = OK
Seq_Frame0113_Timestamp = 12.977
Seq_Frame0114_DriverToReference-SequenceTransform =0.0294443 -0.977444 -0.20913 88.2709 -0.778445 -0.153666 0.608613 370.137 -0.627022 0.144876 -0.765411 206.174 0 0 0 1 
Seq_Frame0114_DriverToReference-SequenceTransformStatus = OK
Seq_Frame0114_Timestamp = 13.084
Seq_Frame0115_DriverToReference-SequenceTransform =0.0616436 -0.973792 -0.218925 91.5393 -0.787516 -0.182211 0.588743 369.188 -0.613204 0.136115 -0.778109 208.93 0 0 0 1 
Seq_Frame0115_DriverToReference-SequenceTransformStatus = OK
Seq_Frame0115_Timestamp = 13.185
Seq_Frame0116_DriverToReference-SequenceTransform =0.098429 -0.970793 -0.218797 92.3074 -0.803325 -0.20728 0.558305 366.732 -0.587351 0.120811 -0.800265 209.34 0 0 0 1 
Seq_Frame0116_DriverToReference-SequenceTransformStatus = OK
Seq_Frame0116_Timestamp = 13.295
Seq_Frame0117_DriverToReference-SequenceTransform =0.141851 -0.956221 -0.25597 88.0907 -0.799945 -0.263046 0.539347 364.405 -0.583067 0.128255 -0.802237 206.537 0 0 0 1 
Seq_Frame0117_DriverToReference-SequenceTransformStatus = OK
Seq_Frame0117_Timestamp = 13.399
Seq_Frame0118_DriverToReference-SequenceTransform =0.168963 -0.944092 -0.283092 83.8126 -0.802259 -0.298587 0.516939 363.158 -0.572566 0.139769 -0.807857 204.508 0 0 0 1 
Seq_Frame0118_DriverToReference-SequenceTransformStatus = OK
Seq_Frame0118_Timestamp = 13.499
Seq_Frame0119_DriverToReference-SequenceTransform =0.185937 -0.933287 -0.307252 80.9559 -0.838017 -0.313891 0.446318 362.189 -0.512986 0.174496 -0.840474 203.68 0 0 0 1 
Seq_Frame0119_DriverToReference-SequenceTransformStatus = OK
Seq_Frame0119_Timestamp = 13.604
Seq_Frame0120_DriverToReference-SequenceTransform =0.202679 -0.937601 -0.282534 80.7032 -0.84575 -0.313033 0.432107 360.78 -0.493586 0.151374 -0.856422 202.352 0 0 0 1 
Seq_Frame0120_DriverToReference-SequenceTransformStatus = OK
Seq_Frame0120_Timestamp = 13.709
Seq_Frame0121_DriverToReference-SequenceTransform =0.197057 -0.949457 -0.244338 86.7274 -0.840819 -0.291836 0.455911 358.155 -0.504174 0.115603 -0.855829 202.351 0 0 0 1 
Seq_Frame0121_DriverToReference-SequenceTransformStatus = OK
Seq_Frame0121_Timestamp = 13.809
Seq_Frame0122_DriverToReference-SequenceTransform =0.124561 -0.975789 -0.179779 90.1759 -0.771188 -0.209217 0.601247 355.224 -0.624303 0.0637516 -0.778576 207.586 0 0 0 1 
Seq_Frame0122_DriverToReference-SequenceTransformStatus = OK
Seq_Frame0122_Timestamp = 13.91
Seq_Frame0123_DriverToReference-SequenceTransform =0.101822 -0.975841 -0.193305 78.0173 -0.745117 -0.203557 0.63511 355.223 -0.659115 0.0793662 -0.747843 201.322 0 0 0 1 
Seq_Frame0123_DriverToReference-SequenceTransformStatus = OK
Seq_Frame0123_Timestamp = 14.02
Seq_Frame0124_DriverToReference-SequenceTransform =0.163452 -0.969751 -0.181293 71.8285 -0.734274 -0.242312 0.634134 362.072 -0.658881 0.0294687 -0.751669 200.282 0 0 0 1 
Seq_Frame0124_DriverToReference-SequenceTransformStatus = OK
Seq_Frame0124_Timestamp = 14.124
Seq_Frame0125_DriverToReference-SequenceTransform =0.145896 -0.970768 -0.190588 67.5746 -0.736172 -0.235228 0.634602 357.862 -0.660883 0.0477198 -0.748971 201.66 0 0 0 1 
Seq_Frame0125_DriverToReference-SequenceTransformStatus = OK
Seq_Frame0125_Timestamp = 14.225
Seq_Frame0126_DriverToReference-SequenceTransform =0.220669 -0.956691 -0.189862 60.1729 -0.70835 -0.291011 0.64308 359.018 -0.670481 -0.00741962 -0.74189 202.254 0 0 0 1 
Seq_Frame0126_DriverToReference-SequenceTransformStatus = OK
Seq_Frame0126_Timestamp = 14.325
Seq_Frame0127_DriverToReference-SequenceTransform =0.243364 -0.943061 -0.226738 54.0922 -0.666503 -0.332429 0.667282 359.992 -0.704662 -0.0112711 -0.709454 200.388 0 0 0 1 
Seq_Frame0127_DriverToReference-SequenceTransformStatus = OK
Seq_Frame0127_Timestamp = 14.429
Seq_Frame0128_DriverToReference-SequenceTransform =0.205841 -0.945602 -0.251924 49.7486 -0.673918 -0.32364 0.664147 354.789 -0.709552 0.0330678 -0.703877 201.23 0 0 0 1 
Seq_Frame0128_DriverToReference-SequenceTransformStatus = OK
Seq_Frame0128_Timestamp = 14.535
Seq_Frame0129_DriverToReference-SequenceTransform =0.24989 -0.935839 -0.248516 51.7154 -0.666266 -0.352425 0.65718 353.119 -0.702599 0.00135547 -0.711585 201.356 0 0 0 1 
Seq_Frame0129_DriverToReference-SequenceTransformStatus = OK
Seq_Frame0129_Timestamp = 14.644
Seq_Frame0130_DriverToReference-SequenceTransform =0.270578 -0.940841 -0.203975 63.2217 -0.703953 -0.337891 0.624724 352.609 -0.656687 -0.0254473 -0.753734 208.238 0 0 0 1 
Seq_Frame0130_DriverToReference-SequenceTransformStatus = OK
Seq_Frame0130_Timestamp = 14.75
Seq_Frame0131_DriverToReference-SequenceTransform =0.192189 -0.949716 -0.24719 67.9914 -0.750431 -0.304542 0.586607 351.816 -0.632389 0.07276 -0.771226 220.576 0 0 0 1 
Seq_Frame0131_DriverToReference-SequenceTransformStatus = OK
Seq_Frame0131_Timestamp = 14.859
Seq_Frame0132_DriverToReference-SequenceTransform =-0.156651 -0.845178 -0.511013 74.3307 -0.911403 -0.0756456 0.404503 347.939 -0.380533 0.529104 -0.758448 222.169 0 0 0 1 
Seq_Frame0132_DriverToReference-SequenceTransformStatus = OK
Seq_Frame0132_Timestamp = 14.96
Seq_Frame0133_DriverToReference-SequenceTransform =-0.0318845 -0.799581 -0.599712 54.9222 -0.99923 0.0117629 0.0374422 339.151 -0.0228837 0.600444 -0.79934 237.602 0 0 0 1 
Seq_Frame0133_DriverToReference-SequenceTransformStatus = OK
Seq_Frame0133_Timestamp = 15.066
Seq_Frame0134_DriverToReference-SequenceTransform =-0.0162385 -0.466072 -0.884598 49.703 -0.948756 0.286427 -0.133495 334.365 0.315591 0.8371 -0.44684 242.571 0 0 0 1 
Seq_Frame0134_DriverToReference-SequenceTransformStatus = OK
Seq_Frame0134_Timestamp = 15.169
Seq_Frame0135_DriverToReference-SequenceTransform =-0.20829 -0.492941 -0.844763 63.6692 -0.899489 0.435735 -0.0324792 335.462 0.384103 0.75309 -0.534154 250.7 0 0 0 1 
Seq_Frame0135_DriverToReference-SequenceTransformStatus = OK
Seq_Frame0135_Timestamp = 15.269
Seq_Frame0136_DriverToReference-SequenceTransform =-0.234103 -0.561349 -0.793778 74.5338 -0.878996 0.471069 -0.0738982 338.641 0.415407 0.680427 -0.603702 254.871 0 0 0 1 
Seq_Frame0136_DriverToReference-SequenceTransformStatus = OK
Seq_Frame0136_Timestamp = 15.379
Seq_Frame0137_DriverToReference-SequenceTransform =-0.223967 -0.5303 -0.817692 77.16 -0.888544 0.455809 -0.0522342 340.269 0.400411 0.714857 -0.573281 256.195 0 0 0 1 
Seq_Frame0137_DriverToReference-SequenceTransformStatus = OK
Seq_Frame0137_Timestamp = 15.48
Seq_Frame0138_DriverToReference-SequenceTransform =-0.165726 -0.599842 -0.782767 87.1489 -0.934993 0.347952 -0.0686837 333.87 0.313564 0.720499 -0.618513 257.773 0 0 0 1 
Seq_Frame0138_DriverToReference-SequenceTransformStatus = OK
Seq_Frame0138_Timestamp = 15.584
Seq_Frame0139_DriverToReference-SequenceTransform =-0.0291601 -0.595632 -0.802728 90.7307 -0.965798 0.223789 -0.130969 324.403 0.257651 0.771454 -0.581786 254.802 0 0 0 1 
Seq_Frame0139_DriverToReference-SequenceTransformStatus = OK
Seq_Frame0139_Timestamp = 15.694
Seq_Frame0140_DriverToReference-SequenceTransform =0.0249814 -0.518041 -0.854991 91.2105 -0.966609 0.205672 -0.15286 319.107 0.255036 0.83026 -0.495605 249.843 0 0 0 1 
Seq_Frame0140_DriverToReference-SequenceTransformStatus = OK
Seq_Frame0140_Timestamp = 15.795
Seq_Frame0141_DriverToReference-SequenceTransform =0.076263 -0.392696 -0.916501 88.3149 -0.972834 0.172195 -0.154732 319.186 0.21858 0.903404 -0.368896 246.238 0 0 0 1 
Seq_Frame0141_DriverToReference-SequenceTransformStatus = OK
Seq_Frame0141_Timestamp = 15.899
Seq_Frame0142_DriverToReference-SequenceTransform =0.0827565 -0.335529 -0.938388 86.8248 -0.971521 0.182627 -0.150979 319.424 0.222033 0.924158 -0.31086 245.266 0 0 0 1 
Seq_Frame0142_DriverToReference-SequenceTransformStatus = OK
Seq_Frame0142_Timestamp = 15.999
Seq_Frame0143_DriverToReference-SequenceTransform =0.0827565 -0.335529 -0.938388 86.8248 -0.971521 0.182627 -0.150979 319.424 0.222033 0.924158 -0.31086 245.266 0 0 0 1 
Seq_Frame0143_DriverToReference-SequenceTransformStatus = OK
Seq_Frame0143_Timestamp = 16.102
Seq_Frame0144_DriverToReference-SequenceTransform =0.0827565 -0.335529 -0.938388 86.8248 -0.971521 0.182627 -0.150979 319.424 0.222033 0.924158 -0.31086 245.266 0 0 0 1 
Seq_Frame0144_DriverToReference-SequenceTransformStatus = OK
Seq_Frame0144_Timestamp = 16.209
Seq_Frame0145_DriverToReference-SequenceTransform =0.0827565 -0.335529 -0.938388 86.8248 -0.971521 0.182627 -0.150979 319.424 0.222033 0.924158 -0.31086 245.266 0 0 0 1 
Seq_Frame0145_DriverToReference-SequenceTransformStatus = OK
Seq_Frame0145_Timestamp = 16.309
Seq_Frame0146_DriverToReference-SequenceTransform =0.0827565 -0.335529 -0.938388 86.8248 -0.971521 0.182627 -0.150979 319.424 0.222033 0.924158 -0.31086 245.266 0 0 0 1 
Seq_Frame0146_DriverToReference-SequenceTransformStatus = OK
Seq_Frame0146_Timestamp = 16.41
Seq_Frame0147_DriverToReference-SequenceTransform =-0.0200929 -0.439703 -0.897919 94.7643 -0.999592 0.0270707 0.00911185 336.345 0.0203008 0.897735 -0.440067 233.621 0 0 0 1 
Seq_Frame0147_DriverToReference-SequenceTransformStatus = OK
Seq_Frame0147_Timestamp = 16.51
Seq_Frame0148_DriverToReference-SequenceTransform =-0.0465267 -0.455369 -0.889086 98.9174 -0.997407 0.0701019 0.0162907 335.776 0.0549084 0.887539 -0.457449 224.623 0 0 0 1 
Seq_Frame0148_DriverToReference-SequenceTransformStatus = OK
Seq_Frame0148_Timestamp = 16.618
Seq_Frame0149_DriverToReference-SequenceTransform =-0.107732 -0.390386 -0.914326 92.6101 -0.990554 0.120622 0.0652126 337.941 0.0848298 0.912715 -0.399693 214.556 0 0 0 1 
Seq_Frame0149_DriverToReference-SequenceTransformStatus = OK
Seq_Frame0149_Timestamp = 16.719
Seq_Frame0150_DriverToReference-SequenceTransform =-0.186868 -0.404368 -0.895303 84.7042 -0.977108 0.170839 0.126781 337.531 0.101687 0.898499 -0.427036 207.914 0 0 0 1 
