ObjectType = Image
NDims = 3
AnatomicalOrientation = RAI
BinaryData = True
CompressedData = False
DimSize = 0 0 1932
ElementSpacing = 1 1 1
Offset = 0 0 0
TransformMatrix = 1 0 0 0 1 0 0 0 1
ElementType = MET_UCHAR
Kinds = domain domain list
Seq_Frame0000_DriverToReference-SequenceTransform =-0.822589 0.542336 0.170935 -64.8223 0.42285 0.382418 0.821556 201.736 0.380191 0.748083 -0.543899 248.511 0 0 0 1 
Seq_Frame0000_DriverToReference-SequenceTransformStatus = OK
Seq_Frame0000_Timestamp = 0.00200009
Seq_Frame0001_DriverToReference-SequenceTransform =-0.822589 0.542336 0.170935 -64.8223 0.42285 0.382418 0.821556 201.736 0.380191 0.748083 -0.543899 248.511 0 0 0 1 
Seq_Frame0001_DriverToReference-SequenceTransformStatus = OK
Seq_Frame0001_Timestamp = 0.108
Seq_Frame0002_DriverToReference-SequenceTransform =-0.822589 0.542336 0.170935 -64.8223 0.42285 0.382418 0.821556 201.736 0.380191 0.748083 -0.543899 248.511 0 0 0 1 
Seq_Frame0002_DriverToReference-SequenceTransformStatus = OK
Seq_Frame0002_Timestamp = 0.212
Seq_Frame0003_DriverToReference-SequenceTransform =-0.822589 0.542336 0.170935 -64.8223 0.42285 0.382418 0.821556 201.736 0.380191 0.748083 -0.543899 248.511 0 0 0 1 
Seq_Frame0003_DriverToReference-SequenceTransformStatus = OK
Seq_Frame0003_Timestamp = 0.317
Seq_Frame0004_DriverToReference-SequenceTransform =-0.822589 0.542336 0.170935 -64.8223 0.42285 0.382418 0.821556 201.736 0.380191 0.748083 -0.543899 248.511 0 0 0 1 
Seq_Frame0004_DriverToReference-SequenceTransformStatus = OK
Seq_Frame0004_Timestamp = 0.427
Seq_Frame0005_DriverToReference-SequenceTransform =-0.822589 0.542336 0.170935 -64.8223 0.42285 0.382418 0.821556 201.736 0.380191 0.748083 -0.543899 248.511 0 0 0 1 
Seq_Frame0005_DriverToReference-SequenceTransformStatus = OK
Seq_Frame0005_Timestamp = 0.532
Seq_Frame0006_DriverToReference-SequenceTransform =-0.822589 0.542336 0.170935 -64.8223 0.42285 0.382418 0.821556 201.736 0.380191 0.748083 -0.543899 248.511 0 0 0 1 
Seq_Frame0006_DriverToReference-SequenceTransformStatus = OK
Seq_Frame0006_Timestamp = 0.648
Seq_Frame0007_DriverToReference-SequenceTransform =-0.822589 0.542336 0.170935 -64.8223 0.42285 0.382418 0.821556 201.736 0.380191 0.748083 -0.543899 248.511 0 0 0 1 
Seq_Frame0007_DriverToReference-SequenceTransformStatus = OK
Seq_Frame0007_Timestamp = 0.749
Seq_Frame0008_DriverToReference-SequenceTransform =-0.822589 0.542336 0.170935 -64.8223 0.42285 0.382418 0.821556 201.736 0.380191 0.748083 -0.543899 248.511 0 0 0 1 
Seq_Frame0008_DriverToReference-SequenceTransformStatus = OK
Seq_Frame0008_Timestamp = 0.852
Seq_Frame0009_DriverToReference-SequenceTransform =-0.822589 0.542336 0.170935 -64.8223 0.42285 0.382418 0.821556 201.736 0.380191 0.748083 -0.543899 248.511 0 0 0 1 
Seq_Frame0009_DriverToReference-SequenceTransformStatus = OK
Seq_Frame0009_Timestamp = 0.956
Seq_Frame0010_DriverToReference-SequenceTransform =-0.822589 0.542336 0.170935 -64.8223 0.42285 0.382418 0.821556 201.736 0.380191 0.748083 -0.543899 248.511 0 0 0 1 
Seq_Frame0010_DriverToReference-SequenceTransformStatus = OK
Seq_Frame0010_Timestamp = 1.065
Seq_Frame0011_DriverToReference-SequenceTransform =-0.822589 0.542336 0.170935 -64.8223 0.42285 0.382418 0.821556 201.736 0.380191 0.748083 -0.543899 248.511 0 0 0 1 
Seq_Frame0011_DriverToReference-SequenceTransformStatus = OK
Seq_Frame0011_Timestamp = 1.174
Seq_Frame0012_DriverToReference-SequenceTransform =-0.822589 0.542336 0.170935 -64.8223 0.42285 0.382418 0.821556 201.736 0.380191 0.748083 -0.543899 248.511 0 0 0 1 
Seq_Frame0012_DriverToReference-SequenceTransformStatus = OK
Seq_Frame0012_Timestamp = 1.283
Seq_Frame0013_DriverToReference-SequenceTransform =-0.822589 0.542336 0.170935 -64.8223 0.42285 0.382418 0.821556 201.736 0.380191 0.748083 -0.543899 248.511 0 0 0 1 
Seq_Frame0013_DriverToReference-SequenceTransformStatus = OK
Seq_Frame0013_Timestamp = 1.398
Seq_Frame0014_DriverToReference-SequenceTransform =-0.822589 0.542336 0.170935 -64.8223 0.42285 0.382418 0.821556 201.736 0.380191 0.748083 -0.543899 248.511 0 0 0 1 
Seq_Frame0014_DriverToReference-SequenceTransformStatus = OK
Seq_Frame0014_Timestamp = 1.677
Seq_Frame0015_DriverToReference-SequenceTransform =-0.822589 0.542336 0.170935 -64.8223 0.42285 0.382418 0.821556 201.736 0.380191 0.748083 -0.543899 248.511 0 0 0 1 
Seq_Frame0015_DriverToReference-SequenceTransformStatus = OK
Seq_Frame0015_Timestamp = 1.782
Seq_Frame0016_DriverToReference-SequenceTransform =-0.822589 0.542336 0.170935 -64.8223 0.42285 0.382418 0.821556 201.736 0.380191 0.748083 -0.543899 248.511 0 0 0 1 
Seq_Frame0016_DriverToReference-SequenceTransformStatus = OK
Seq_Frame0016_Timestamp = 1.892
Seq_Frame0017_DriverToReference-SequenceTransform =-0.822589 0.542336 0.170935 -64.8223 0.42285 0.382418 0.821556 201.736 0.380191 0.748083 -0.543899 248.511 0 0 0 1 
Seq_Frame0017_DriverToReference-SequenceTransformStatus = OK
Seq_Frame0017_Timestamp = 1.997
Seq_Frame0018_DriverToReference-SequenceTransform =-0.822589 0.542336 0.170935 -64.8223 0.42285 0.382418 0.821556 201.736 0.380191 0.748083 -0.543899 248.511 0 0 0 1 
Seq_Frame0018_DriverToReference-SequenceTransformStatus = OK
Seq_Frame0018_Timestamp = 2.107
Seq_Frame0019_DriverToReference-SequenceTransform =-0.822589 0.542336 0.170935 -64.8223 0.42285 0.382418 0.821556 201.736 0.380191 0.748083 -0.543899 248.511 0 0 0 1 
Seq_Frame0019_DriverToReference-SequenceTransformStatus = OK
Seq_Frame0019_Timestamp = 2.212
Seq_Frame0020_DriverToReference-SequenceTransform =-0.822589 0.542336 0.170935 -64.8223 0.42285 0.382418 0.821556 201.736 0.380191 0.748083 -0.543899 248.511 0 0 0 1 
Seq_Frame0020_DriverToReference-SequenceTransformStatus = OK
Seq_Frame0020_Timestamp = 2.318
Seq_Frame0021_DriverToReference-SequenceTransform =-0.822589 0.542336 0.170935 -64.8223 0.42285 0.382418 0.821556 201.736 0.380191 0.748083 -0.543899 248.511 0 0 0 1 
Seq_Frame0021_DriverToReference-SequenceTransformStatus = OK
Seq_Frame0021_Timestamp = 2.422
Seq_Frame0022_DriverToReference-SequenceTransform =-0.822589 0.542336 0.170935 -64.8223 0.42285 0.382418 0.821556 201.736 0.380191 0.748083 -0.543899 248.511 0 0 0 1 
Seq_Frame0022_DriverToReference-SequenceTransformStatus = OK
Seq_Frame0022_Timestamp = 2.532
Seq_Frame0023_DriverToReference-SequenceTransform =-0.822589 0.542336 0.170935 -64.8223 0.42285 0.382418 0.821556 201.736 0.380191 0.748083 -0.543899 248.511 0 0 0 1 
Seq_Frame0023_DriverToReference-SequenceTransformStatus = OK
Seq_Frame0023_Timestamp = 2.64
Seq_Frame0024_DriverToReference-SequenceTransform =-0.822589 0.542336 0.170935 -64.8223 0.42285 0.382418 0.821556 201.736 0.380191 0.748083 -0.543899 248.511 0 0 0 1 
Seq_Frame0024_DriverToReference-SequenceTransformStatus = OK
Seq_Frame0024_Timestamp = 2.747
Seq_Frame0025_DriverToReference-SequenceTransform =-0.822589 0.542336 0.170935 -64.8223 0.42285 0.382418 0.821556 201.736 0.380191 0.748083 -0.543899 248.511 0 0 0 1 
Seq_Frame0025_DriverToReference-SequenceTransformStatus = OK
Seq_Frame0025_Timestamp = 2.852
Seq_Frame0026_DriverToReference-SequenceTransform =-0.822589 0.542336 0.170935 -64.8223 0.42285 0.382418 0.821556 201.736 0.380191 0.748083 -0.543899 248.511 0 0 0 1 
Seq_Frame0026_DriverToReference-SequenceTransformStatus = OK
Seq_Frame0026_Timestamp = 2.957
Seq_Frame0027_DriverToReference-SequenceTransform =-0.822589 0.542336 0.170935 -64.8223 0.42285 0.382418 0.821556 201.736 0.380191 0.748083 -0.543899 248.511 0 0 0 1 
Seq_Frame0027_DriverToReference-SequenceTransformStatus = OK
Seq_Frame0027_Timestamp = 3.062
Seq_Frame0028_DriverToReference-SequenceTransform =-0.822589 0.542336 0.170935 -64.8223 0.42285 0.382418 0.821556 201.736 0.380191 0.748083 -0.543899 248.511 0 0 0 1 
Seq_Frame0028_DriverToReference-SequenceTransformStatus = OK
Seq_Frame0028_Timestamp = 3.166
Seq_Frame0029_DriverToReference-SequenceTransform =-0.822589 0.542336 0.170935 -64.8223 0.42285 0.382418 0.821556 201.736 0.380191 0.748083 -0.543899 248.511 0 0 0 1 
Seq_Frame0029_DriverToReference-SequenceTransformStatus = OK
Seq_Frame0029_Timestamp = 3.277
Seq_Frame0030_DriverToReference-SequenceTransform =-0.822589 0.542336 0.170935 -64.8223 0.42285 0.382418 0.821556 201.736 0.380191 0.748083 -0.543899 248.511 0 0 0 1 
Seq_Frame0030_DriverToReference-SequenceTransformStatus = OK
Seq_Frame0030_Timestamp = 3.383
Seq_Frame0031_DriverToReference-SequenceTransform =-0.822589 0.542336 0.170935 -64.8223 0.42285 0.382418 0.821556 201.736 0.380191 0.748083 -0.543899 248.511 0 0 0 1 
Seq_Frame0031_DriverToReference-SequenceTransformStatus = OK
Seq_Frame0031_Timestamp = 3.488
Seq_Frame0032_DriverToReference-SequenceTransform =-0.822589 0.542336 0.170935 -64.8223 0.42285 0.382418 0.821556 201.736 0.380191 0.748083 -0.543899 248.511 0 0 0 1 
Seq_Frame0032_DriverToReference-SequenceTransformStatus = OK
Seq_Frame0032_Timestamp = 3.59
Seq_Frame0033_DriverToReference-SequenceTransform =-0.822589 0.542336 0.170935 -64.8223 0.42285 0.382418 0.821556 201.736 0.380191 0.748083 -0.543899 248.511 0 0 0 1 
Seq_Frame0033_DriverToReference-SequenceTransformStatus = OK
Seq_Frame0033_Timestamp = 3.703
Seq_Frame0034_DriverToReference-SequenceTransform =-0.822589 0.542336 0.170935 -64.8223 0.42285 0.382418 0.821556 201.736 0.380191 0.748083 -0.543899 248.511 0 0 0 1 
Seq_Frame0034_DriverToReference-SequenceTransformStatus = OK
Seq_Frame0034_Timestamp = 3.808
Seq_Frame0035_DriverToReference-SequenceTransform =-0.822589 0.542336 0.170935 -64.8223 0.42285 0.382418 0.821556 201.736 0.380191 0.748083 -0.543899 248.511 0 0 0 1 
Seq_Frame0035_DriverToReference-SequenceTransformStatus = OK
Seq_Frame0035_Timestamp = 3.917
Seq_Frame0036_DriverToReference-SequenceTransform =-0.822589 0.542336 0.170935 -64.8223 0.42285 0.382418 0.821556 201.736 0.380191 0.748083 -0.543899 248.511 0 0 0 1 
Seq_Frame0036_DriverToReference-SequenceTransformStatus = OK
Seq_Frame0036_Timestamp = 4.192
Seq_Frame0037_DriverToReference-SequenceTransform =-0.822589 0.542336 0.170935 -64.8223 0.42285 0.382418 0.821556 201.736 0.380191 0.748083 -0.543899 248.511 0 0 0 1 
Seq_Frame0037_DriverToReference-SequenceTransformStatus = OK
Seq_Frame0037_Timestamp = 4.307
Seq_Frame0038_DriverToReference-SequenceTransform =-0.822589 0.542336 0.170935 -64.8223 0.42285 0.382418 0.821556 201.736 0.380191 0.748083 -0.543899 248.511 0 0 0 1 
Seq_Frame0038_DriverToReference-SequenceTransformStatus = OK
Seq_Frame0038_Timestamp = 4.412
Seq_Frame0039_DriverToReference-SequenceTransform =-0.822589 0.542336 0.170935 -64.8223 0.42285 0.382418 0.821556 201.736 0.380191 0.748083 -0.543899 248.511 0 0 0 1 
Seq_Frame0039_DriverToReference-SequenceTransformStatus = OK
Seq_Frame0039_Timestamp = 4.517
Seq_Frame0040_DriverToReference-SequenceTransform =-0.822589 0.542336 0.170935 -64.8223 0.42285 0.382418 0.821556 201.736 0.380191 0.748083 -0.543899 248.511 0 0 0 1 
Seq_Frame0040_DriverToReference-SequenceTransformStatus = OK
Seq_Frame0040_Timestamp = 4.622
Seq_Frame0041_DriverToReference-SequenceTransform =-0.822589 0.542336 0.170935 -64.8223 0.42285 0.382418 0.821556 201.736 0.380191 0.748083 -0.543899 248.511 0 0 0 1 
Seq_Frame0041_DriverToReference-SequenceTransformStatus = OK
Seq_Frame0041_Timestamp = 4.733
Seq_Frame0042_DriverToReference-SequenceTransform =-0.0282947 -0.0960581 0.994973 39.078 -0.396603 0.914752 0.0770348 258.484 -0.917554 -0.39243 -0.0639796 224.941 0 0 0 1 
Seq_Frame0042_DriverToReference-SequenceTransformStatus = OK
Seq_Frame0042_Timestamp = 4.838
Seq_Frame0043_DriverToReference-SequenceTransform =0.0601706 0.172067 0.983246 56.3996 -0.28665 0.946519 -0.148098 268.458 -0.956144 -0.272937 0.106276 223.652 0 0 0 1 
Seq_Frame0043_DriverToReference-SequenceTransformStatus = OK
Seq_Frame0043_Timestamp = 4.944
Seq_Frame0044_DriverToReference-SequenceTransform =0.0950291 0.326685 0.940344 65.5311 -0.22858 0.92654 -0.298789 272.83 -0.968876 -0.18655 0.162722 223.543 0 0 0 1 
Seq_Frame0044_DriverToReference-SequenceTransformStatus = OK
Seq_Frame0044_Timestamp = 5.057
Seq_Frame0045_DriverToReference-SequenceTransform =-0.426697 -0.0878026 -0.900123 71.4053 -0.878356 0.277338 0.389325 274.855 0.215455 0.956752 -0.195461 223.166 0 0 0 1 
Seq_Frame0045_DriverToReference-SequenceTransformStatus = OK
Seq_Frame0045_Timestamp = 5.172
Seq_Frame0046_DriverToReference-SequenceTransform =-0.426697 -0.0878026 -0.900123 71.4053 -0.878356 0.277338 0.389325 274.855 0.215455 0.956752 -0.195461 223.166 0 0 0 1 
Seq_Frame0046_DriverToReference-SequenceTransformStatus = OK
Seq_Frame0046_Timestamp = 5.29
Seq_Frame0047_DriverToReference-SequenceTransform =-0.426697 -0.0878026 -0.900123 71.4053 -0.878356 0.277338 0.389325 274.855 0.215455 0.956752 -0.195461 223.166 0 0 0 1 
Seq_Frame0047_DriverToReference-SequenceTransformStatus = OK
Seq_Frame0047_Timestamp = 5.402
Seq_Frame0048_DriverToReference-SequenceTransform =-0.426697 -0.0878026 -0.900123 71.4053 -0.878356 0.277338 0.389325 274.855 0.215455 0.956752 -0.195461 223.166 0 0 0 1 
Seq_Frame0048_DriverToReference-SequenceTransformStatus = OK
Seq_Frame0048_Timestamp = 5.507
Seq_Frame0049_DriverToReference-SequenceTransform =-0.426697 -0.0878026 -0.900123 71.4053 -0.878356 0.277338 0.389325 274.855 0.215455 0.956752 -0.195461 223.166 0 0 0 1 
Seq_Frame0049_DriverToReference-SequenceTransformStatus = OK
Seq_Frame0049_Timestamp = 5.612
Seq_Frame0050_DriverToReference-SequenceTransform =-0.426697 -0.0878026 -0.900123 71.4053 -0.878356 0.277338 0.389325 274.855 0.215455 0.956752 -0.195461 223.166 0 0 0 1 
Seq_Frame0050_DriverToReference-SequenceTransformStatus = OK
Seq_Frame0050_Timestamp = 6.148
Seq_Frame0051_DriverToReference-SequenceTransform =-0.426697 -0.0878026 -0.900123 71.4053 -0.878356 0.277338 0.389325 274.855 0.215455 0.956752 -0.195461 223.166 0 0 0 1 
Seq_Frame0051_DriverToReference-SequenceTransformStatus = OK
Seq_Frame0051_Timestamp = 6.257
Seq_Frame0052_DriverToReference-SequenceTransform =-0.426697 -0.0878026 -0.900123 71.4053 -0.878356 0.277338 0.389325 274.855 0.215455 0.956752 -0.195461 223.166 0 0 0 1 
Seq_Frame0052_DriverToReference-SequenceTransformStatus = OK
Seq_Frame0052_Timestamp = 7.562
Seq_Frame0053_DriverToReference-SequenceTransform =-0.426697 -0.0878026 -0.900123 71.4053 -0.878356 0.277338 0.389325 274.855 0.215455 0.956752 -0.195461 223.166 0 0 0 1 
Seq_Frame0053_DriverToReference-SequenceTransformStatus = OK
Seq_Frame0053_Timestamp = 7.667
Seq_Frame0054_DriverToReference-SequenceTransform =-0.426697 -0.0878026 -0.900123 71.4053 -0.878356 0.277338 0.389325 274.855 0.215455 0.956752 -0.195461 223.166 0 0 0 1 
Seq_Frame0054_DriverToReference-SequenceTransformStatus = OK
Seq_Frame0054_Timestamp = 7.772
Seq_Frame0055_DriverToReference-SequenceTransform =-0.646962 -0.103052 -0.755526 58.6282 -0.742986 0.308039 0.594208 313.938 0.171497 0.945776 -0.275856 208.203 0 0 0 1 
Seq_Frame0055_DriverToReference-SequenceTransformStatus = OK
Seq_Frame0055_Timestamp = 7.997
Seq_Frame0056_DriverToReference-SequenceTransform =-0.646962 -0.103052 -0.755526 58.6282 -0.742986 0.308039 0.594208 313.938 0.171497 0.945776 -0.275856 208.203 0 0 0 1 
Seq_Frame0056_DriverToReference-SequenceTransformStatus = OK
Seq_Frame0056_Timestamp = 8.489
Seq_Frame0057_DriverToReference-SequenceTransform =0.423967 0.0269091 0.905278 2.89901 -0.4686 0.861882 0.19384 267.95 -0.775026 -0.506395 0.378019 205.703 0 0 0 1 
Seq_Frame0057_DriverToReference-SequenceTransformStatus = OK
Seq_Frame0057_Timestamp = 10.677
Seq_Frame0058_DriverToReference-SequenceTransform =0.47444 0.158435 0.865913 17.3803 -0.36736 0.929555 0.0312002 279.695 -0.79997 -0.332905 0.499221 219.198 0 0 0 1 
Seq_Frame0058_DriverToReference-SequenceTransformStatus = OK
Seq_Frame0058_Timestamp = 10.782
Seq_Frame0059_DriverToReference-SequenceTransform =0.693996 0.135075 0.707195 26.067 -0.282449 0.954581 0.094851 289.943 -0.662263 -0.265573 0.700627 219.1 0 0 0 1 
Seq_Frame0059_DriverToReference-SequenceTransformStatus = OK
Seq_Frame0059_Timestamp = 10.89
Seq_Frame0060_DriverToReference-SequenceTransform =0.423589 -0.148028 0.893678 6.66507 -0.356786 0.879549 0.314799 281.826 -0.832632 -0.452197 0.319753 209.05 0 0 0 1 
Seq_Frame0060_DriverToReference-SequenceTransformStatus = OK
Seq_Frame0060_Timestamp = 10.997
Seq_Frame0061_DriverToReference-SequenceTransform =0.498207 -0.210848 0.841031 6.71175 -0.12971 0.940943 0.312733 292.707 -0.857301 -0.264896 0.441435 209.538 0 0 0 1 
Seq_Frame0061_DriverToReference-SequenceTransformStatus = OK
Seq_Frame0061_Timestamp = 11.107
Seq_Frame0062_DriverToReference-SequenceTransform =0.589977 -0.22002 0.776864 7.08735 0.147806 0.975328 0.16398 303.561 -0.793776 0.0180807 0.607941 222.888 0 0 0 1 
Seq_Frame0062_DriverToReference-SequenceTransformStatus = OK
Seq_Frame0062_Timestamp = 11.212
Seq_Frame0063_DriverToReference-SequenceTransform =0.527985 -0.312499 0.789668 0.302352 0.231982 0.947545 0.21987 302.452 -0.816955 0.0671004 0.572784 229.806 0 0 0 1 
Seq_Frame0063_DriverToReference-SequenceTransformStatus = OK
Seq_Frame0063_Timestamp = 11.314
Seq_Frame0064_DriverToReference-SequenceTransform =0.626693 -0.227737 0.745246 7.41517 0.227303 0.968177 0.104719 302.842 -0.745379 0.10377 0.658515 235.24 0 0 0 1 
Seq_Frame0064_DriverToReference-SequenceTransformStatus = OK
Seq_Frame0064_Timestamp = 11.428
Seq_Frame0065_DriverToReference-SequenceTransform =0.628548 -0.0120685 0.777677 20.6468 0.10168 0.992573 -0.0667779 303.826 -0.771096 0.121047 0.625107 243.51 0 0 0 1 
Seq_Frame0065_DriverToReference-SequenceTransformStatus = OK
Seq_Frame0065_Timestamp = 11.532
Seq_Frame0066_DriverToReference-SequenceTransform =0.719392 0.103315 0.686877 31.9066 -0.0416415 0.993513 -0.105825 295.004 -0.693355 0.0475268 0.719028 240.979 0 0 0 1 
Seq_Frame0066_DriverToReference-SequenceTransformStatus = OK
Seq_Frame0066_Timestamp = 11.64
Seq_Frame0067_DriverToReference-SequenceTransform =0.650188 0.00581146 0.759751 28.9576 -0.123026 0.98758 0.09773 292.009 -0.749747 -0.157012 0.642828 234.19 0 0 0 1 
Seq_Frame0067_DriverToReference-SequenceTransformStatus = OK
Seq_Frame0067_Timestamp = 11.757
Seq_Frame0068_DriverToReference-SequenceTransform =0.600594 -0.10842 0.792169 25.6502 -0.176424 0.948373 0.263557 288.608 -0.779847 -0.298048 0.55046 233.127 0 0 0 1 
Seq_Frame0068_DriverToReference-SequenceTransformStatus = OK
Seq_Frame0068_Timestamp = 11.858
Seq_Frame0069_DriverToReference-SequenceTransform =0.564422 -0.0679806 0.822683 25.6901 -0.291781 0.915841 0.275862 283.654 -0.7722 -0.395745 0.497085 235.308 0 0 0 1 
Seq_Frame0069_DriverToReference-SequenceTransformStatus = OK
Seq_Frame0069_Timestamp = 11.966
Seq_Frame0070_DriverToReference-SequenceTransform =0.612743 -0.0475874 0.788848 24.9112 -0.217747 0.949382 0.226408 286.975 -0.759692 -0.310499 0.571365 239.645 0 0 0 1 
Seq_Frame0070_DriverToReference-SequenceTransformStatus = OK
Seq_Frame0070_Timestamp = 12.073
Seq_Frame0071_DriverToReference-SequenceTransform =0.534479 -0.0829001 0.841106 19.6973 -0.277425 0.922831 0.267244 282.766 -0.798353 -0.37618 0.470235 239.222 0 0 0 1 
Seq_Frame0071_DriverToReference-SequenceTransformStatus = OK
Seq_Frame0071_Timestamp = 12.182
Seq_Frame0072_DriverToReference-SequenceTransform =0.506885 -0.138269 0.850852 15.589 -0.311196 0.891135 0.330206 281.084 -0.803881 -0.432158 0.408674 238.808 0 0 0 1 
Seq_Frame0072_DriverToReference-SequenceTransformStatus = OK
Seq_Frame0072_Timestamp = 12.288
Seq_Frame0073_DriverToReference-SequenceTransform =0.468234 -0.253574 0.846438 9.31799 -0.348809 0.827095 0.440735 276.172 -0.811843 -0.501612 0.298825 238.263 0 0 0 1 
Seq_Frame0073_DriverToReference-SequenceTransformStatus = OK
Seq_Frame0073_Timestamp = 12.397
Seq_Frame0074_DriverToReference-SequenceTransform =0.464392 -0.231705 0.854782 9.11086 -0.348152 0.839701 0.416764 274.582 -0.814328 -0.491136 0.309282 238.822 0 0 0 1 
Seq_Frame0074_DriverToReference-SequenceTransformStatus = OK
Seq_Frame0074_Timestamp = 12.5
Seq_Frame0075_DriverToReference-SequenceTransform =0.473833 -0.221305 0.852353 9.74631 -0.35014 0.840762 0.412942 274.107 -0.808012 -0.494109 0.320893 239.618 0 0 0 1 
Seq_Frame0075_DriverToReference-SequenceTransformStatus = OK
Seq_Frame0075_Timestamp = 12.607
Seq_Frame0076_DriverToReference-SequenceTransform =0.473627 -0.217146 0.853537 10.4443 -0.333013 0.853028 0.401804 275.059 -0.815341 -0.474544 0.331704 239.971 0 0 0 1 
Seq_Frame0076_DriverToReference-SequenceTransformStatus = OK
Seq_Frame0076_Timestamp = 12.713
Seq_Frame0077_DriverToReference-SequenceTransform =0.488027 -0.218282 0.845093 10.7728 -0.337487 0.845727 0.413338 275.042 -0.804943 -0.486928 0.33907 240.577 0 0 0 1 
Seq_Frame0077_DriverToReference-SequenceTransformStatus = OK
Seq_Frame0077_Timestamp = 12.822
Seq_Frame0078_DriverToReference-SequenceTransform =0.486198 -0.222528 0.84504 11.1317 -0.340166 0.842559 0.417591 274.697 -0.804922 -0.490486 0.333954 241.415 0 0 0 1 
Seq_Frame0078_DriverToReference-SequenceTransformStatus = OK
Seq_Frame0078_Timestamp = 12.927
Seq_Frame0079_DriverToReference-SequenceTransform =0.490104 -0.218132 0.843929 12.2353 -0.331455 0.848817 0.411884 274.627 -0.806186 -0.48159 0.343707 241.383 0 0 0 1 
Seq_Frame0079_DriverToReference-SequenceTransformStatus = OK
Seq_Frame0079_Timestamp = 13.037
Seq_Frame0080_DriverToReference-SequenceTransform =0.488143 -0.233841 0.840854 12.2637 -0.321927 0.847259 0.422511 274.472 -0.811221 -0.476939 0.338303 241.771 0 0 0 1 
Seq_Frame0080_DriverToReference-SequenceTransformStatus = OK
Seq_Frame0080_Timestamp = 13.14
Seq_Frame0081_DriverToReference-SequenceTransform =0.503323 -0.244667 0.828736 12.918 -0.314236 0.841584 0.439308 274.392 -0.804936 -0.481533 0.346705 242.19 0 0 0 1 
Seq_Frame0081_DriverToReference-SequenceTransformStatus = OK
Seq_Frame0081_Timestamp = 13.247
Seq_Frame0082_DriverToReference-SequenceTransform =0.507157 -0.243537 0.82673 13.0963 -0.308531 0.844371 0.438002 274.019 -0.804736 -0.477208 0.35309 241.912 0 0 0 1 
Seq_Frame0082_DriverToReference-SequenceTransformStatus = OK
Seq_Frame0082_Timestamp = 13.349
Seq_Frame0083_DriverToReference-SequenceTransform =0.486855 -0.20969 0.84794 11.7252 -0.364631 0.833341 0.415436 272.37 -0.793736 -0.511442 0.329257 241.903 0 0 0 1 
Seq_Frame0083_DriverToReference-SequenceTransformStatus = OK
Seq_Frame0083_Timestamp = 13.462
Seq_Frame0084_DriverToReference-SequenceTransform =0.400847 -0.140926 0.905241 9.1892 -0.474078 0.813609 0.336586 271.84 -0.783946 -0.564075 0.259322 240.796 0 0 0 1 
Seq_Frame0084_DriverToReference-SequenceTransformStatus = OK
Seq_Frame0084_Timestamp = 13.567
Seq_Frame0085_DriverToReference-SequenceTransform =0.400847 -0.140926 0.905241 9.1892 -0.474078 0.813609 0.336586 271.84 -0.783946 -0.564075 0.259322 240.796 0 0 0 1 
Seq_Frame0085_DriverToReference-SequenceTransformStatus = OK
Seq_Frame0085_Timestamp = 13.677
Seq_Frame0086_DriverToReference-SequenceTransform =0.400847 -0.140926 0.905241 9.1892 -0.474078 0.813609 0.336586 271.84 -0.783946 -0.564075 0.259322 240.796 0 0 0 1 
Seq_Frame0086_DriverToReference-SequenceTransformStatus = OK
Seq_Frame0086_Timestamp = 13.783
Seq_Frame0087_DriverToReference-SequenceTransform =0.400847 -0.140926 0.905241 9.1892 -0.474078 0.813609 0.336586 271.84 -0.783946 -0.564075 0.259322 240.796 0 0 0 1 
Seq_Frame0087_DriverToReference-SequenceTransformStatus = OK
Seq_Frame0087_Timestamp = 13.883
Seq_Frame0088_DriverToReference-SequenceTransform =0.400847 -0.140926 0.905241 9.1892 -0.474078 0.813609 0.336586 271.84 -0.783946 -0.564075 0.259322 240.796 0 0 0 1 
Seq_Frame0088_DriverToReference-SequenceTransformStatus = OK
Seq_Frame0088_Timestamp = 13.997
Seq_Frame0089_DriverToReference-SequenceTransform =0.400847 -0.140926 0.905241 9.1892 -0.474078 0.813609 0.336586 271.84 -0.783946 -0.564075 0.259322 240.796 0 0 0 1 
Seq_Frame0089_DriverToReference-SequenceTransformStatus = OK
Seq_Frame0089_Timestamp = 14.107
Seq_Frame0090_DriverToReference-SequenceTransform =0.400847 -0.140926 0.905241 9.1892 -0.474078 0.813609 0.336586 271.84 -0.783946 -0.564075 0.259322 240.796 0 0 0 1 
Seq_Frame0090_DriverToReference-SequenceTransformStatus = OK
Seq_Frame0090_Timestamp = 14.212
Seq_Frame0091_DriverToReference-SequenceTransform =0.400847 -0.140926 0.905241 9.1892 -0.474078 0.813609 0.336586 271.84 -0.783946 -0.564075 0.259322 240.796 0 0 0 1 
Seq_Frame0091_DriverToReference-SequenceTransformStatus = OK
Seq_Frame0091_Timestamp = 14.322
Seq_Frame0092_DriverToReference-SequenceTransform =0.400847 -0.140926 0.905241 9.1892 -0.474078 0.813609 0.336586 271.84 -0.783946 -0.564075 0.259322 240.796 0 0 0 1 
Seq_Frame0092_DriverToReference-SequenceTransformStatus = OK
Seq_Frame0092_Timestamp = 14.427
Seq_Frame0093_DriverToReference-SequenceTransform =0.400847 -0.140926 0.905241 9.1892 -0.474078 0.813609 0.336586 271.84 -0.783946 -0.564075 0.259322 240.796 0 0 0 1 
Seq_Frame0093_DriverToReference-SequenceTransformStatus = OK
Seq_Frame0093_Timestamp = 14.532
Seq_Frame0094_DriverToReference-SequenceTransform =0.400847 -0.140926 0.905241 9.1892 -0.474078 0.813609 0.336586 271.84 -0.783946 -0.564075 0.259322 240.796 0 0 0 1 
Seq_Frame0094_DriverToReference-SequenceTransformStatus = OK
Seq_Frame0094_Timestamp = 14.647
Seq_Frame0095_DriverToReference-SequenceTransform =0.400847 -0.140926 0.905241 9.1892 -0.474078 0.813609 0.336586 271.84 -0.783946 -0.564075 0.259322 240.796 0 0 0 1 
Seq_Frame0095_DriverToReference-SequenceTransformStatus = OK
Seq_Frame0095_Timestamp = 14.752
Seq_Frame0096_DriverToReference-SequenceTransform =0.400847 -0.140926 0.905241 9.1892 -0.474078 0.813609 0.336586 271.84 -0.783946 -0.564075 0.259322 240.796 0 0 0 1 
Seq_Frame0096_DriverToReference-SequenceTransformStatus = OK
Seq_Frame0096_Timestamp = 14.862
Seq_Frame0097_DriverToReference-SequenceTransform =0.400847 -0.140926 0.905241 9.1892 -0.474078 0.813609 0.336586 271.84 -0.783946 -0.564075 0.259322 240.796 0 0 0 1 
Seq_Frame0097_DriverToReference-SequenceTransformStatus = OK
Seq_Frame0097_Timestamp = 14.972
Seq_Frame0098_DriverToReference-SequenceTransform =0.400847 -0.140926 0.905241 9.1892 -0.474078 0.813609 0.336586 271.84 -0.783946 -0.564075 0.259322 240.796 0 0 0 1 
Seq_Frame0098_DriverToReference-SequenceTransformStatus = OK
Seq_Frame0098_Timestamp = 15.083
Seq_Frame0099_DriverToReference-SequenceTransform =0.400847 -0.140926 0.905241 9.1892 -0.474078 0.813609 0.336586 271.84 -0.783946 -0.564075 0.259322 240.796 0 0 0 1 
Seq_Frame0099_DriverToReference-SequenceTransformStatus = OK
Seq_Frame0099_Timestamp = 15.187
Seq_Frame0100_DriverToReference-SequenceTransform =0.400847 -0.140926 0.905241 9.1892 -0.474078 0.813609 0.336586 271.84 -0.783946 -0.564075 0.259322 240.796 0 0 0 1 
Seq_Frame0100_DriverToReference-SequenceTransformStatus = OK
Seq_Frame0100_Timestamp = 15.29
Seq_Frame0101_DriverToReference-SequenceTransform =0.400847 -0.140926 0.905241 9.1892 -0.474078 0.813609 0.336586 271.84 -0.783946 -0.564075 0.259322 240.796 0 0 0 1 
Seq_Frame0101_DriverToReference-SequenceTransformStatus = OK
Seq_Frame0101_Timestamp = 15.397
Seq_Frame0102_DriverToReference-SequenceTransform =0.400847 -0.140926 0.905241 9.1892 -0.474078 0.813609 0.336586 271.84 -0.783946 -0.564075 0.259322 240.796 0 0 0 1 
Seq_Frame0102_DriverToReference-SequenceTransformStatus = OK
Seq_Frame0102_Timestamp = 15.507
Seq_Frame0103_DriverToReference-SequenceTransform =0.400847 -0.140926 0.905241 9.1892 -0.474078 0.813609 0.336586 271.84 -0.783946 -0.564075 0.259322 240.796 0 0 0 1 
Seq_Frame0103_DriverToReference-SequenceTransformStatus = OK
Seq_Frame0103_Timestamp = 15.613
Seq_Frame0104_DriverToReference-SequenceTransform =0.400847 -0.140926 0.905241 9.1892 -0.474078 0.813609 0.336586 271.84 -0.783946 -0.564075 0.259322 240.796 0 0 0 1 
Seq_Frame0104_DriverToReference-SequenceTransformStatus = OK
Seq_Frame0104_Timestamp = 15.715
Seq_Frame0105_DriverToReference-SequenceTransform =0.400847 -0.140926 0.905241 9.1892 -0.474078 0.813609 0.336586 271.84 -0.783946 -0.564075 0.259322 240.796 0 0 0 1 
Seq_Frame0105_DriverToReference-SequenceTransformStatus = OK
Seq_Frame0105_Timestamp = 15.828
Seq_Frame0106_DriverToReference-SequenceTransform =0.400847 -0.140926 0.905241 9.1892 -0.474078 0.813609 0.336586 271.84 -0.783946 -0.564075 0.259322 240.796 0 0 0 1 
Seq_Frame0106_DriverToReference-SequenceTransformStatus = OK
Seq_Frame0106_Timestamp = 15.932
Seq_Frame0107_DriverToReference-SequenceTransform =0.400847 -0.140926 0.905241 9.1892 -0.474078 0.813609 0.336586 271.84 -0.783946 -0.564075 0.259322 240.796 0 0 0 1 
Seq_Frame0107_DriverToReference-SequenceTransformStatus = OK
Seq_Frame0107_Timestamp = 16.041
Seq_Frame0108_DriverToReference-SequenceTransform =0.400847 -0.140926 0.905241 9.1892 -0.474078 0.813609 0.336586 271.84 -0.783946 -0.564075 0.259322 240.796 0 0 0 1 
Seq_Frame0108_DriverToReference-SequenceTransformStatus = OK
Seq_Frame0108_Timestamp = 16.147
Seq_Frame0109_DriverToReference-SequenceTransform =0.400847 -0.140926 0.905241 9.1892 -0.474078 0.813609 0.336586 271.84 -0.783946 -0.564075 0.259322 240.796 0 0 0 1 
Seq_Frame0109_DriverToReference-SequenceTransformStatus = OK
Seq_Frame0109_Timestamp = 16.253
Seq_Frame0110_DriverToReference-SequenceTransform =0.337033 0.130188 0.932448 12.6675 -0.58481 0.80511 0.09897 268.287 -0.737839 -0.578661 0.347484 237.465 0 0 0 1 
Seq_Frame0110_DriverToReference-SequenceTransformStatus = OK
Seq_Frame0110_Timestamp = 16.357
Seq_Frame0111_DriverToReference-SequenceTransform =0.333565 0.128656 0.933907 13.102 -0.583601 0.80618 0.0973852 268.089 -0.740368 -0.577513 0.343997 238.005 0 0 0 1 
Seq_Frame0111_DriverToReference-SequenceTransformStatus = OK
Seq_Frame0111_Timestamp = 16.467
Seq_Frame0112_DriverToReference-SequenceTransform =0.312643 0.114221 0.942978 12.821 -0.581841 0.807727 0.09507 268.494 -0.75081 -0.578386 0.318988 238.683 0 0 0 1 
Seq_Frame0112_DriverToReference-SequenceTransformStatus = OK
Seq_Frame0112_Timestamp = 16.574
Seq_Frame0113_DriverToReference-SequenceTransform =0.311585 0.109794 0.943854 13.1568 -0.585412 0.804587 0.0996624 267.914 -0.74847 -0.583596 0.314973 238.306 0 0 0 1 
Seq_Frame0113_DriverToReference-SequenceTransformStatus = OK
Seq_Frame0113_Timestamp = 16.682
Seq_Frame0114_DriverToReference-SequenceTransform =0.309327 0.102081 0.945461 12.9564 -0.589628 0.800627 0.106466 267.253 -0.746094 -0.590403 0.307845 238.904 0 0 0 1 
Seq_Frame0114_DriverToReference-SequenceTransformStatus = OK
Seq_Frame0114_Timestamp = 16.798
Seq_Frame0115_DriverToReference-SequenceTransform =0.31456 0.104074 0.943515 12.8035 -0.5903 0.799848 0.108574 267.172 -0.743369 -0.59111 0.313035 238.433 0 0 0 1 
Seq_Frame0115_DriverToReference-SequenceTransformStatus = OK
Seq_Frame0115_Timestamp = 16.912
Seq_Frame0116_DriverToReference-SequenceTransform =0.31456 0.104074 0.943515 12.8035 -0.5903 0.799848 0.108574 267.172 -0.743369 -0.59111 0.313035 238.433 0 0 0 1 
Seq_Frame0116_DriverToReference-SequenceTransformStatus = OK
Seq_Frame0116_Timestamp = 17.022
Seq_Frame0117_DriverToReference-SequenceTransform =0.31456 0.104074 0.943515 12.8035 -0.5903 0.799848 0.108574 267.172 -0.743369 -0.59111 0.313035 238.433 0 0 0 1 
Seq_Frame0117_DriverToReference-SequenceTransformStatus = OK
Seq_Frame0117_Timestamp = 17.127
Seq_Frame0118_DriverToReference-SequenceTransform =0.31456 0.104074 0.943515 12.8035 -0.5903 0.799848 0.108574 267.172 -0.743369 -0.59111 0.313035 238.433 0 0 0 1 
Seq_Frame0118_DriverToReference-SequenceTransformStatus = OK
Seq_Frame0118_Timestamp = 17.237
Seq_Frame0119_DriverToReference-SequenceTransform =-0.469561 0.0313677 -0.882343 -27.0261 -0.533457 0.786242 0.311844 242.623 0.703517 0.617121 -0.352456 181.13 0 0 0 1 
Seq_Frame0119_DriverToReference-SequenceTransformStatus = OK
Seq_Frame0119_Timestamp = 17.343
Seq_Frame0120_DriverToReference-SequenceTransform =-0.575135 0.0463992 -0.816741 -22.2002 -0.478328 0.790862 0.381759 251.21 0.663643 0.610233 -0.432658 178.686 0 0 0 1 
Seq_Frame0120_DriverToReference-SequenceTransformStatus = OK
Seq_Frame0120_Timestamp = 17.452
Seq_Frame0121_DriverToReference-SequenceTransform =-0.443912 0.0184015 -0.895881 -25.4731 -0.58414 0.75221 0.304894 253.958 0.679501 0.658666 -0.323166 173.47 0 0 0 1 
Seq_Frame0121_DriverToReference-SequenceTransformStatus = OK
Seq_Frame0121_Timestamp = 17.557
Seq_Frame0122_DriverToReference-SequenceTransform =-0.47484 -0.0213558 -0.879813 -23.5978 -0.569069 0.770041 0.288439 249.94 0.671332 0.637636 -0.3778 173.782 0 0 0 1 
Seq_Frame0122_DriverToReference-SequenceTransformStatus = OK
Seq_Frame0122_Timestamp = 17.667
Seq_Frame0123_DriverToReference-SequenceTransform =-0.492109 -0.0414239 -0.869547 -19.6079 -0.554282 0.785135 0.276286 249.503 0.671267 0.617938 -0.409333 173.677 0 0 0 1 
Seq_Frame0123_DriverToReference-SequenceTransformStatus = OK
Seq_Frame0123_Timestamp = 17.772
Seq_Frame0124_DriverToReference-SequenceTransform =-0.506414 -0.0160578 -0.862141 -20.9673 -0.559397 0.767001 0.314299 247.936 0.656216 0.641445 -0.397403 172.414 0 0 0 1 
Seq_Frame0124_DriverToReference-SequenceTransformStatus = OK
Seq_Frame0124_Timestamp = 17.882
Seq_Frame0125_DriverToReference-SequenceTransform =-0.493746 0.021565 -0.869339 -22.1441 -0.521106 0.792983 0.315637 248.265 0.696177 0.608862 -0.380295 172.114 0 0 0 1 
Seq_Frame0125_DriverToReference-SequenceTransformStatus = OK
Seq_Frame0125_Timestamp = 17.987
Seq_Frame0126_DriverToReference-SequenceTransform =-0.513345 -0.0084519 -0.858141 -23.6504 -0.549639 0.771185 0.321202 247.289 0.659071 0.636555 -0.400529 172.433 0 0 0 1 
Seq_Frame0126_DriverToReference-SequenceTransformStatus = OK
Seq_Frame0126_Timestamp = 18.097
Seq_Frame0127_DriverToReference-SequenceTransform =-0.526334 -0.00540203 -0.850261 -23.8738 -0.534881 0.77944 0.326154 245.344 0.660965 0.626454 -0.413135 169.558 0 0 0 1 
Seq_Frame0127_DriverToReference-SequenceTransformStatus = OK
Seq_Frame0127_Timestamp = 18.207
Seq_Frame0128_DriverToReference-SequenceTransform =-0.501024 -0.011866 -0.865352 -25.1989 -0.577628 0.749176 0.324164 244.566 0.644454 0.662265 -0.382209 165.489 0 0 0 1 
Seq_Frame0128_DriverToReference-SequenceTransformStatus = OK
Seq_Frame0128_Timestamp = 18.312
Seq_Frame0129_DriverToReference-SequenceTransform =-0.506081 -0.0254055 -0.862111 -23.9076 -0.552854 0.776763 0.301649 245.215 0.661993 0.62928 -0.407151 165.028 0 0 0 1 
Seq_Frame0129_DriverToReference-SequenceTransformStatus = OK
Seq_Frame0129_Timestamp = 18.423
Seq_Frame0130_DriverToReference-SequenceTransform =-0.508228 -0.0364269 -0.860452 -23.3548 -0.569698 0.763495 0.304171 245.376 0.645871 0.644786 -0.408782 164.285 0 0 0 1 
Seq_Frame0130_DriverToReference-SequenceTransformStatus = OK
Seq_Frame0130_Timestamp = 18.527
Seq_Frame0131_DriverToReference-SequenceTransform =-0.465674 -0.0688561 -0.882274 -20.7691 -0.581109 0.775699 0.246177 244.202 0.667428 0.627335 -0.401236 167.603 0 0 0 1 
Seq_Frame0131_DriverToReference-SequenceTransformStatus = OK
Seq_Frame0131_Timestamp = 18.633
Seq_Frame0132_DriverToReference-SequenceTransform =-0.568226 -0.0871547 -0.818244 -17.2785 -0.552443 0.777369 0.300841 246.639 0.609857 0.622978 -0.489869 164.057 0 0 0 1 
Seq_Frame0132_DriverToReference-SequenceTransformStatus = OK
Seq_Frame0132_Timestamp = 18.737
Seq_Frame0133_DriverToReference-SequenceTransform =-0.492627 -0.0709421 -0.867344 -15.3905 -0.56778 0.781519 0.258561 245.557 0.659503 0.619835 -0.425277 166.277 0 0 0 1 
Seq_Frame0133_DriverToReference-SequenceTransformStatus = OK
Seq_Frame0133_Timestamp = 18.847
Seq_Frame0134_DriverToReference-SequenceTransform =-0.501858 -0.0797452 -0.861266 -14.8691 -0.570294 0.779152 0.260167 244.85 0.65031 0.621742 -0.436502 164.604 0 0 0 1 
Seq_Frame0134_DriverToReference-SequenceTransformStatus = OK
Seq_Frame0134_Timestamp = 18.952
Seq_Frame0135_DriverToReference-SequenceTransform =-0.441426 -0.0942284 -0.892337 -15.1075 -0.593445 0.776572 0.211565 242.964 0.673028 0.622943 -0.398718 165.771 0 0 0 1 
Seq_Frame0135_DriverToReference-SequenceTransformStatus = OK
Seq_Frame0135_Timestamp = 19.063
Seq_Frame0136_DriverToReference-SequenceTransform =-0.425835 -0.11172 -0.897877 -15.2226 -0.586513 0.789707 0.179904 241.892 0.688961 0.603226 -0.40181 166.403 0 0 0 1 
Seq_Frame0136_DriverToReference-SequenceTransformStatus = OK
Seq_Frame0136_Timestamp = 19.165
Seq_Frame0137_DriverToReference-SequenceTransform =-0.43162 -0.116322 -0.894524 -15.3722 -0.585714 0.790313 0.179844 241.688 0.686034 0.60156 -0.409246 166.547 0 0 0 1 
Seq_Frame0137_DriverToReference-SequenceTransformStatus = OK
Seq_Frame0137_Timestamp = 19.277
Seq_Frame0138_DriverToReference-SequenceTransform =-0.43162 -0.116322 -0.894524 -15.3722 -0.585714 0.790313 0.179844 241.688 0.686034 0.60156 -0.409246 166.547 0 0 0 1 
Seq_Frame0138_DriverToReference-SequenceTransformStatus = OK
Seq_Frame0138_Timestamp = 19.382
Seq_Frame0139_DriverToReference-SequenceTransform =-0.43162 -0.116322 -0.894524 -15.3722 -0.585714 0.790313 0.179844 241.688 0.686034 0.60156 -0.409246 166.547 0 0 0 1 
Seq_Frame0139_DriverToReference-SequenceTransformStatus = OK
Seq_Frame0139_Timestamp = 19.488
Seq_Frame0140_DriverToReference-SequenceTransform =-0.43162 -0.116322 -0.894524 -15.3722 -0.585714 0.790313 0.179844 241.688 0.686034 0.60156 -0.409246 166.547 0 0 0 1 
Seq_Frame0140_DriverToReference-SequenceTransformStatus = OK
Seq_Frame0140_Timestamp = 19.598
Seq_Frame0141_DriverToReference-SequenceTransform =-0.43162 -0.116322 -0.894524 -15.3722 -0.585714 0.790313 0.179844 241.688 0.686034 0.60156 -0.409246 166.547 0 0 0 1 
Seq_Frame0141_DriverToReference-SequenceTransformStatus = OK
Seq_Frame0141_Timestamp = 19.703
Seq_Frame0142_DriverToReference-SequenceTransform =-0.43162 -0.116322 -0.894524 -15.3722 -0.585714 0.790313 0.179844 241.688 0.686034 0.60156 -0.409246 166.547 0 0 0 1 
Seq_Frame0142_DriverToReference-SequenceTransformStatus = OK
Seq_Frame0142_Timestamp = 19.812
Seq_Frame0143_DriverToReference-SequenceTransform =-0.43162 -0.116322 -0.894524 -15.3722 -0.585714 0.790313 0.179844 241.688 0.686034 0.60156 -0.409246 166.547 0 0 0 1 
Seq_Frame0143_DriverToReference-SequenceTransformStatus = OK
Seq_Frame0143_Timestamp = 19.915
Seq_Frame0144_DriverToReference-SequenceTransform =-0.43162 -0.116322 -0.894524 -15.3722 -0.585714 0.790313 0.179844 241.688 0.686034 0.60156 -0.409246 166.547 0 0 0 1 
Seq_Frame0144_DriverToReference-SequenceTransformStatus = OK
Seq_Frame0144_Timestamp = 20.027
Seq_Frame0145_DriverToReference-SequenceTransform =-0.43162 -0.116322 -0.894524 -15.3722 -0.585714 0.790313 0.179844 241.688 0.686034 0.60156 -0.409246 166.547 0 0 0 1 
Seq_Frame0145_DriverToReference-SequenceTransformStatus = OK
Seq_Frame0145_Timestamp = 20.132
Seq_Frame0146_DriverToReference-SequenceTransform =-0.43162 -0.116322 -0.894524 -15.3722 -0.585714 0.790313 0.179844 241.688 0.686034 0.60156 -0.409246 166.547 0 0 0 1 
Seq_Frame0146_DriverToReference-SequenceTransformStatus = OK
Seq_Frame0146_Timestamp = 20.238
Seq_Frame0147_DriverToReference-SequenceTransform =-0.43162 -0.116322 -0.894524 -15.3722 -0.585714 0.790313 0.179844 241.688 0.686034 0.60156 -0.409246 166.547 0 0 0 1 
Seq_Frame0147_DriverToReference-SequenceTransformStatus = OK
Seq_Frame0147_Timestamp = 20.341
Seq_Frame0148_DriverToReference-SequenceTransform =-0.43162 -0.116322 -0.894524 -15.3722 -0.585714 0.790313 0.179844 241.688 0.686034 0.60156 -0.409246 166.547 0 0 0 1 
Seq_Frame0148_DriverToReference-SequenceTransformStatus = OK
Seq_Frame0148_Timestamp = 20.449
Seq_Frame0149_DriverToReference-SequenceTransform =-0.43162 -0.116322 -0.894524 -15.3722 -0.585714 0.790313 0.179844 241.688 0.686034 0.60156 -0.409246 166.547 0 0 0 1 
Seq_Frame0149_DriverToReference-SequenceTransformStatus = OK
Seq_Frame0149_Timestamp = 20.556
Seq_Frame0150_DriverToReference-SequenceTransform =-0.43162 -0.116322 -0.894524 -15.3722 -0.585714 0.790313 0.179844 241.688 0.686034 0.60156 -0.409246 166.547 0 0 0 1 
Seq_Frame0150_DriverToReference-SequenceTransformStatus = OK
Seq_Frame0150_Timestamp = 20.658
Seq_Frame0151_DriverToReference-SequenceTransform =-0.43162 -0.116322 -0.894524 -15.3722 -0.585714 0.790313 0.179844 241.688 0.686034 0.60156 -0.409246 166.547 0 0 0 1 
Seq_Frame0151_DriverToReference-SequenceTransformStatus = OK
