ObjectType = Image
NDims = 3
AnatomicalOrientation = RAI
BinaryData = True
CompressedData = False
DimSize = 0 0 1932
ElementSpacing = 1 1 1
Offset = 0 0 0
TransformMatrix = 1 0 0 0 1 0 0 0 1
ElementType = MET_UCHAR
Kinds = domain domain list
Seq_Frame0000_ForcepToReference-SequenceTransform =0.784673 -0.184533 -0.591808 -60.1655 0.297959 -0.724891 0.621091 73.6277 -0.543608 -0.663687 -0.513819 121.001 0 0 0 1 
Seq_Frame0000_ForcepToReference-SequenceTransformStatus = OK
Seq_Frame0000_Timestamp = 0.00200009
Seq_Frame0001_ForcepToReference-SequenceTransform =0.783589 -0.186331 -0.59268 -60.0833 0.296117 -0.726627 0.619942 73.5727 -0.546172 -0.661282 -0.514201 120.95 0 0 0 1 
Seq_Frame0001_ForcepToReference-SequenceTransformStatus = OK
Seq_Frame0001_Timestamp = 0.108
Seq_Frame0002_ForcepToReference-SequenceTransform =0.783085 -0.186771 -0.593207 -60.1094 0.296085 -0.726842 0.619705 73.5736 -0.546911 -0.660921 -0.513879 120.987 0 0 0 1 
Seq_Frame0002_ForcepToReference-SequenceTransformStatus = OK
Seq_Frame0002_Timestamp = 0.212
Seq_Frame0003_ForcepToReference-SequenceTransform =0.784626 -0.186311 -0.591312 -60.1142 0.29536 -0.726247 0.620748 73.5257 -0.54509 -0.661705 -0.514803 120.929 0 0 0 1 
Seq_Frame0003_ForcepToReference-SequenceTransformStatus = OK
Seq_Frame0003_Timestamp = 0.317
Seq_Frame0004_ForcepToReference-SequenceTransform =0.784507 -0.184996 -0.591883 -60.111 0.297549 -0.725118 0.621023 73.6128 -0.544072 -0.663311 -0.513814 121.023 0 0 0 1 
Seq_Frame0004_ForcepToReference-SequenceTransformStatus = OK
Seq_Frame0004_Timestamp = 0.427
Seq_Frame0005_ForcepToReference-SequenceTransform =0.784267 -0.186065 -0.591867 -60.0623 0.295447 -0.726858 0.619991 73.5973 -0.545561 -0.661103 -0.515078 120.997 0 0 0 1 
Seq_Frame0005_ForcepToReference-SequenceTransformStatus = OK
Seq_Frame0005_Timestamp = 0.532
Seq_Frame0006_ForcepToReference-SequenceTransform =0.784601 -0.185746 -0.591523 -60.1561 0.296631 -0.725328 0.621216 73.5346 -0.544437 -0.662871 -0.513995 120.931 0 0 0 1 
Seq_Frame0006_ForcepToReference-SequenceTransformStatus = OK
Seq_Frame0006_Timestamp = 0.648
Seq_Frame0007_ForcepToReference-SequenceTransform =0.783881 -0.185985 -0.592403 -60.1095 0.296274 -0.726429 0.620099 73.6075 -0.545667 -0.661597 -0.514331 120.906 0 0 0 1 
Seq_Frame0007_ForcepToReference-SequenceTransformStatus = OK
Seq_Frame0007_Timestamp = 0.749
Seq_Frame0008_ForcepToReference-SequenceTransform =0.786633 -0.184184 -0.589309 -60.0696 0.298695 -0.721818 0.624308 73.7096 -0.540361 -0.667125 -0.512791 120.971 0 0 0 1 
Seq_Frame0008_ForcepToReference-SequenceTransformStatus = OK
Seq_Frame0008_Timestamp = 0.852
Seq_Frame0009_ForcepToReference-SequenceTransform =0.786542 -0.178091 -0.591299 -59.3115 0.301612 -0.724752 0.619488 73.8464 -0.53887 -0.665596 -0.516334 121.433 0 0 0 1 
Seq_Frame0009_ForcepToReference-SequenceTransformStatus = OK
Seq_Frame0009_Timestamp = 0.956
Seq_Frame0010_ForcepToReference-SequenceTransform =0.676505 0.120137 -0.726573 -52.8929 0.393149 -0.893167 0.218374 86.3819 -0.622716 -0.433382 -0.651463 126.281 0 0 0 1 
Seq_Frame0010_ForcepToReference-SequenceTransformStatus = OK
Seq_Frame0010_Timestamp = 1.065
Seq_Frame0011_ForcepToReference-SequenceTransform =0.475082 0.138898 -0.86891 -63.0628 0.322336 -0.946296 0.0249712 88.5248 -0.818777 -0.291945 -0.49434 110.868 0 0 0 1 
Seq_Frame0011_ForcepToReference-SequenceTransformStatus = OK
Seq_Frame0011_Timestamp = 1.174
Seq_Frame0012_ForcepToReference-SequenceTransform =0.459153 0.0132949 -0.888258 -70.1658 0.271638 -0.954098 0.126133 89.85 -0.845808 -0.299199 -0.441689 94.2673 0 0 0 1 
Seq_Frame0012_ForcepToReference-SequenceTransformStatus = OK
Seq_Frame0012_Timestamp = 1.283
Seq_Frame0013_ForcepToReference-SequenceTransform =0.309544 -0.0797902 -0.947532 -71.6198 0.423734 -0.88049 0.212572 115.71 -0.851253 -0.467301 -0.238741 66.3937 0 0 0 1 
Seq_Frame0013_ForcepToReference-SequenceTransformStatus = OK
Seq_Frame0013_Timestamp = 1.398
Seq_Frame0014_ForcepToReference-SequenceTransform =0.0224021 -0.401123 -0.91575 -80.5152 0.797146 -0.545648 0.258509 168.27 -0.603371 -0.735778 0.30753 41.6885 0 0 0 1 
Seq_Frame0014_ForcepToReference-SequenceTransformStatus = OK
Seq_Frame0014_Timestamp = 1.677
Seq_Frame0015_ForcepToReference-SequenceTransform =-0.234477 -0.756694 -0.610274 -107.294 0.915118 -0.383624 0.124063 186.277 -0.327994 -0.529383 0.782415 58.1459 0 0 0 1 
Seq_Frame0015_ForcepToReference-SequenceTransformStatus = OK
Seq_Frame0015_Timestamp = 1.782
Seq_Frame0016_ForcepToReference-SequenceTransform =-0.242374 -0.695525 -0.676387 -102.618 0.88462 -0.444707 0.140298 186.286 -0.398375 -0.564341 0.723061 54.0179 0 0 0 1 
Seq_Frame0016_ForcepToReference-SequenceTransformStatus = OK
Seq_Frame0016_Timestamp = 1.892
Seq_Frame0017_ForcepToReference-SequenceTransform =-0.266738 -0.702339 -0.659978 -107.651 0.902669 -0.422005 0.0842671 187.378 -0.337698 -0.573264 0.746544 55.1661 0 0 0 1 
Seq_Frame0017_ForcepToReference-SequenceTransformStatus = OK
Seq_Frame0017_Timestamp = 1.997
Seq_Frame0018_ForcepToReference-SequenceTransform =-0.273494 -0.684054 -0.676218 -112.418 0.909029 -0.413629 0.0507694 190.117 -0.314433 -0.600817 0.73495 57.6605 0 0 0 1 
Seq_Frame0018_ForcepToReference-SequenceTransformStatus = OK
Seq_Frame0018_Timestamp = 2.107
Seq_Frame0019_ForcepToReference-SequenceTransform =-0.287301 -0.694174 -0.659985 -115.805 0.891439 -0.445861 0.0809012 186.166 -0.350421 -0.565094 0.74691 57.8267 0 0 0 1 
Seq_Frame0019_ForcepToReference-SequenceTransformStatus = OK
Seq_Frame0019_Timestamp = 2.212
Seq_Frame0020_ForcepToReference-SequenceTransform =-0.309841 -0.697228 -0.646429 -117.9 0.894611 -0.444026 0.0501219 187.604 -0.321978 -0.562773 0.761326 56.3047 0 0 0 1 
Seq_Frame0020_ForcepToReference-SequenceTransformStatus = OK
Seq_Frame0020_Timestamp = 2.318
Seq_Frame0021_ForcepToReference-SequenceTransform =-0.313204 -0.695447 -0.646728 -120.692 0.890138 -0.452321 0.05531 188.387 -0.330994 -0.558354 0.760713 54.2757 0 0 0 1 
Seq_Frame0021_ForcepToReference-SequenceTransformStatus = OK
Seq_Frame0021_Timestamp = 2.422
Seq_Frame0022_ForcepToReference-SequenceTransform =-0.323572 -0.693954 -0.643218 -123.009 0.877827 -0.473884 0.0696713 184.002 -0.353159 -0.54209 0.762507 52.8609 0 0 0 1 
Seq_Frame0022_ForcepToReference-SequenceTransformStatus = OK
Seq_Frame0022_Timestamp = 2.532
Seq_Frame0023_ForcepToReference-SequenceTransform =-0.314134 -0.704099 -0.636839 -122.674 0.873272 -0.477455 0.0971223 180.001 -0.372446 -0.525625 0.764855 51.2221 0 0 0 1 
Seq_Frame0023_ForcepToReference-SequenceTransformStatus = OK
Seq_Frame0023_Timestamp = 2.64
Seq_Frame0024_ForcepToReference-SequenceTransform =-0.320006 -0.70119 -0.637126 -122.76 0.864767 -0.490881 0.105898 177.711 -0.387008 -0.517077 0.76345 49.5736 0 0 0 1 
Seq_Frame0024_ForcepToReference-SequenceTransformStatus = OK
Seq_Frame0024_Timestamp = 2.747
Seq_Frame0025_ForcepToReference-SequenceTransform =-0.332157 -0.706989 -0.62437 -123.717 0.851708 -0.509247 0.123534 175.316 -0.405297 -0.490748 0.771298 48.2237 0 0 0 1 
Seq_Frame0025_ForcepToReference-SequenceTransformStatus = OK
Seq_Frame0025_Timestamp = 2.852
Seq_Frame0026_ForcepToReference-SequenceTransform =-0.332093 -0.704166 -0.627586 -124.21 0.844141 -0.518751 0.135364 174.015 -0.42088 -0.484818 0.766689 47.3996 0 0 0 1 
Seq_Frame0026_ForcepToReference-SequenceTransformStatus = OK
Seq_Frame0026_Timestamp = 2.957
Seq_Frame0027_ForcepToReference-SequenceTransform =-0.3272 -0.691396 -0.644136 -124.601 0.842695 -0.52192 0.132152 174.778 -0.427557 -0.49957 0.753409 47.1421 0 0 0 1 
Seq_Frame0027_ForcepToReference-SequenceTransformStatus = OK
Seq_Frame0027_Timestamp = 3.062
Seq_Frame0028_ForcepToReference-SequenceTransform =-0.324273 -0.693653 -0.643189 -124.167 0.851155 -0.510639 0.121581 176.467 -0.412773 -0.508029 0.755993 46.9342 0 0 0 1 
Seq_Frame0028_ForcepToReference-SequenceTransformStatus = OK
Seq_Frame0028_Timestamp = 3.166
Seq_Frame0029_ForcepToReference-SequenceTransform =-0.307763 -0.686108 -0.659194 -123.21 0.852015 -0.507111 0.13003 178.273 -0.423499 -0.521626 0.740645 48.4134 0 0 0 1 
Seq_Frame0029_ForcepToReference-SequenceTransformStatus = OK
Seq_Frame0029_Timestamp = 3.277
Seq_Frame0030_ForcepToReference-SequenceTransform =-0.312766 -0.699138 -0.642948 -124.042 0.854822 -0.502284 0.130347 177.153 -0.414073 -0.508838 0.754736 47.3607 0 0 0 1 
Seq_Frame0030_ForcepToReference-SequenceTransformStatus = OK
Seq_Frame0030_Timestamp = 3.383
Seq_Frame0031_ForcepToReference-SequenceTransform =-0.30868 -0.702208 -0.641577 -124.478 0.847264 -0.509538 0.15005 175.743 -0.432274 -0.497268 0.752239 46.8883 0 0 0 1 
Seq_Frame0031_ForcepToReference-SequenceTransformStatus = OK
Seq_Frame0031_Timestamp = 3.488
Seq_Frame0032_ForcepToReference-SequenceTransform =-0.299358 -0.698519 -0.649966 -123.617 0.853031 -0.501118 0.145668 175.667 -0.427462 -0.510834 0.745872 45.8768 0 0 0 1 
Seq_Frame0032_ForcepToReference-SequenceTransformStatus = OK
Seq_Frame0032_Timestamp = 3.59
Seq_Frame0033_ForcepToReference-SequenceTransform =-0.293784 -0.696722 -0.654422 -122.868 0.857551 -0.494544 0.141536 177.853 -0.422252 -0.51962 0.742764 46.1547 0 0 0 1 
Seq_Frame0033_ForcepToReference-SequenceTransformStatus = OK
Seq_Frame0033_Timestamp = 3.703
Seq_Frame0034_ForcepToReference-SequenceTransform =-0.268326 -0.680131 -0.682219 -120.68 0.865562 -0.481077 0.139168 180.724 -0.422852 -0.55316 0.717781 47.7974 0 0 0 1 
Seq_Frame0034_ForcepToReference-SequenceTransformStatus = OK
Seq_Frame0034_Timestamp = 3.808
Seq_Frame0035_ForcepToReference-SequenceTransform =0.156494 -0.70645 -0.690245 -94.8457 0.854363 -0.253815 0.453477 188.418 -0.495554 -0.660686 0.563844 50.1271 0 0 0 1 
Seq_Frame0035_ForcepToReference-SequenceTransformStatus = OK
Seq_Frame0035_Timestamp = 3.917
Seq_Frame0036_ForcepToReference-SequenceTransform =0.118833 -0.316342 -0.941173 -69.965 0.986751 -0.0678288 0.147386 256.749 -0.110463 -0.946217 0.30409 73.9398 0 0 0 1 
Seq_Frame0036_ForcepToReference-SequenceTransformStatus = OK
Seq_Frame0036_Timestamp = 4.192
Seq_Frame0037_ForcepToReference-SequenceTransform =0.116388 -0.346129 -0.93094 -66.9514 0.992887 0.0642118 0.100258 260.463 0.025075 -0.935987 0.35114 78.7596 0 0 0 1 
Seq_Frame0037_ForcepToReference-SequenceTransformStatus = OK
Seq_Frame0037_Timestamp = 4.307
Seq_Frame0038_ForcepToReference-SequenceTransform =0.118505 -0.374238 -0.919729 -67.7303 0.991875 0.0877712 0.092087 262.798 0.0462633 -0.923169 0.381599 79.0973 0 0 0 1 
Seq_Frame0038_ForcepToReference-SequenceTransformStatus = OK
Seq_Frame0038_Timestamp = 4.412
Seq_Frame0039_ForcepToReference-SequenceTransform =0.136698 -0.348101 -0.927437 -69.3011 0.990209 0.0747288 0.117902 261.663 0.0282645 -0.934474 0.354908 78.9811 0 0 0 1 
Seq_Frame0039_ForcepToReference-SequenceTransformStatus = OK
Seq_Frame0039_Timestamp = 4.517
Seq_Frame0040_ForcepToReference-SequenceTransform =0.154838 -0.346029 -0.925359 -71.5743 0.987928 0.0497093 0.14672 259.646 -0.00477031 -0.936906 0.349549 76.9841 0 0 0 1 
Seq_Frame0040_ForcepToReference-SequenceTransformStatus = OK
Seq_Frame0040_Timestamp = 4.622
Seq_Frame0041_ForcepToReference-SequenceTransform =0.149186 -0.351006 -0.924412 -72.9291 0.988809 0.0535735 0.139237 258.711 0.000651078 -0.934839 0.355071 74.9316 0 0 0 1 
Seq_Frame0041_ForcepToReference-SequenceTransformStatus = OK
Seq_Frame0041_Timestamp = 4.733
Seq_Frame0042_ForcepToReference-SequenceTransform =0.144715 -0.359584 -0.921822 -74.4594 0.989456 0.0581492 0.13265 258.983 0.0059044 -0.931299 0.364208 73.3477 0 0 0 1 
Seq_Frame0042_ForcepToReference-SequenceTransformStatus = OK
Seq_Frame0042_Timestamp = 4.838
Seq_Frame0043_ForcepToReference-SequenceTransform =0.146661 -0.364008 -0.919777 -75.9291 0.989173 0.0589727 0.134387 257.957 0.00532367 -0.929527 0.368715 70.8575 0 0 0 1 
Seq_Frame0043_ForcepToReference-SequenceTransformStatus = OK
Seq_Frame0043_Timestamp = 4.944
Seq_Frame0044_ForcepToReference-SequenceTransform =0.151292 -0.376957 -0.913791 -77.5104 0.988489 0.0581529 0.13967 257.863 0.000489791 -0.924403 0.381416 70.4839 0 0 0 1 
Seq_Frame0044_ForcepToReference-SequenceTransformStatus = OK
Seq_Frame0044_Timestamp = 5.057
Seq_Frame0045_ForcepToReference-SequenceTransform =0.156203 -0.365659 -0.917548 -78.0216 0.98771 0.0527798 0.147114 256.47 -0.00536549 -0.929251 0.369409 70.696 0 0 0 1 
Seq_Frame0045_ForcepToReference-SequenceTransformStatus = OK
Seq_Frame0045_Timestamp = 5.172
Seq_Frame0046_ForcepToReference-SequenceTransform =0.155853 -0.379468 -0.911984 -79.0804 0.987513 0.0383679 0.152796 254.771 -0.0229901 -0.924409 0.380709 68.7157 0 0 0 1 
Seq_Frame0046_ForcepToReference-SequenceTransformStatus = OK
Seq_Frame0046_Timestamp = 5.29
Seq_Frame0047_ForcepToReference-SequenceTransform =0.139569 -0.363812 -0.920957 -79.4434 0.990183 0.0440754 0.132649 252.89 -0.00766761 -0.930429 0.366392 66.6881 0 0 0 1 
Seq_Frame0047_ForcepToReference-SequenceTransformStatus = OK
Seq_Frame0047_Timestamp = 5.402
Seq_Frame0048_ForcepToReference-SequenceTransform =0.166469 -0.343019 -0.92446 -79.0772 0.985683 0.032441 0.165456 250.595 -0.0267642 -0.938768 0.343508 63.7096 0 0 0 1 
Seq_Frame0048_ForcepToReference-SequenceTransformStatus = OK
Seq_Frame0048_Timestamp = 5.507
Seq_Frame0049_ForcepToReference-SequenceTransform =0.206977 -0.304078 -0.929891 -80.5266 0.963908 -0.0993056 0.247022 242.631 -0.167457 -0.947457 0.272549 57.0603 0 0 0 1 
Seq_Frame0049_ForcepToReference-SequenceTransformStatus = OK
Seq_Frame0049_Timestamp = 5.612
Seq_Frame0050_ForcepToReference-SequenceTransform =0.478501 0.578439 0.66064 -25.6258 -0.0421266 0.766619 -0.640719 260.505 -0.877076 0.278754 0.391195 66.7906 0 0 0 1 
Seq_Frame0050_ForcepToReference-SequenceTransformStatus = OK
Seq_Frame0050_Timestamp = 6.148
Seq_Frame0051_ForcepToReference-SequenceTransform =0.104493 -0.019973 -0.994325 -0.961922 0.992809 -0.056625 0.105471 271.105 -0.0584103 -0.998196 0.0139124 81.2405 0 0 0 1 
Seq_Frame0051_ForcepToReference-SequenceTransformStatus = OK
Seq_Frame0051_Timestamp = 6.257
Seq_Frame0052_ForcepToReference-SequenceTransform =0.850019 0.395097 0.348377 45.9024 -0.181318 0.840413 -0.510715 245.48 -0.494562 0.37095 0.786005 139.74 0 0 0 1 
Seq_Frame0052_ForcepToReference-SequenceTransformStatus = OK
Seq_Frame0052_Timestamp = 7.562
Seq_Frame0053_ForcepToReference-SequenceTransform =0.82838 0.382422 0.409317 39.7002 -0.129388 0.841573 -0.524418 251.058 -0.545019 0.381457 0.746622 136.428 0 0 0 1 
Seq_Frame0053_ForcepToReference-SequenceTransformStatus = OK
Seq_Frame0053_Timestamp = 7.667
Seq_Frame0054_ForcepToReference-SequenceTransform =0.810576 0.364493 0.45838 29.7742 -0.0121657 0.793018 -0.609076 253.514 -0.585507 0.488126 0.647236 134.153 0 0 0 1 
Seq_Frame0054_ForcepToReference-SequenceTransformStatus = OK
Seq_Frame0054_Timestamp = 7.772
Seq_Frame0055_ForcepToReference-SequenceTransform =0.810576 0.364493 0.45838 29.7742 -0.0121657 0.793018 -0.609076 253.514 -0.585507 0.488126 0.647236 134.153 0 0 0 1 
Seq_Frame0055_ForcepToReference-SequenceTransformStatus = OK
Seq_Frame0055_Timestamp = 7.997
Seq_Frame0056_ForcepToReference-SequenceTransform =0.679269 0.38618 0.624066 -13.7246 -0.0983685 0.890591 -0.444039 284.269 -0.727267 0.240233 0.642939 75.0008 0 0 0 1 
Seq_Frame0056_ForcepToReference-SequenceTransformStatus = OK
Seq_Frame0056_Timestamp = 8.489
Seq_Frame0057_ForcepToReference-SequenceTransform =0.679269 0.38618 0.624066 -13.7246 -0.0983685 0.890591 -0.444039 284.269 -0.727267 0.240233 0.642939 75.0008 0 0 0 1 
Seq_Frame0057_ForcepToReference-SequenceTransformStatus = OK
Seq_Frame0057_Timestamp = 10.677
Seq_Frame0058_ForcepToReference-SequenceTransform =-0.127875 0.668938 0.732236 -90.4822 -0.629201 0.515985 -0.581262 187.133 -0.766651 -0.535053 0.354915 20.6458 0 0 0 1 
Seq_Frame0058_ForcepToReference-SequenceTransformStatus = OK
Seq_Frame0058_Timestamp = 10.782
Seq_Frame0059_ForcepToReference-SequenceTransform =-0.00489557 0.649915 0.759991 -90.0347 -0.647964 0.576803 -0.497434 177.579 -0.761655 -0.494882 0.418298 25.9049 0 0 0 1 
Seq_Frame0059_ForcepToReference-SequenceTransformStatus = OK
Seq_Frame0059_Timestamp = 10.89
Seq_Frame0060_ForcepToReference-SequenceTransform =-0.0149623 0.68825 0.725319 -91.0618 -0.64602 0.547014 -0.532385 171.501 -0.763174 -0.476536 0.436439 25.1144 0 0 0 1 
Seq_Frame0060_ForcepToReference-SequenceTransformStatus = OK
Seq_Frame0060_Timestamp = 10.997
Seq_Frame0061_ForcepToReference-SequenceTransform =-0.0390862 0.555276 0.830747 -95.1338 -0.703675 0.574976 -0.417425 175.865 -0.709446 -0.600892 0.36826 26.2208 0 0 0 1 
Seq_Frame0061_ForcepToReference-SequenceTransformStatus = OK
Seq_Frame0061_Timestamp = 11.107
Seq_Frame0062_ForcepToReference-SequenceTransform =-0.131868 0.550617 0.824276 -102.183 -0.78092 0.454466 -0.428515 168.514 -0.610553 -0.700201 0.370058 27.2089 0 0 0 1 
Seq_Frame0062_ForcepToReference-SequenceTransformStatus = OK
Seq_Frame0062_Timestamp = 11.212
Seq_Frame0063_ForcepToReference-SequenceTransform =-0.19647 0.521222 0.830498 -114.172 -0.944821 0.1258 -0.302468 133.484 -0.26213 -0.844098 0.467746 38.9124 0 0 0 1 
Seq_Frame0063_ForcepToReference-SequenceTransformStatus = OK
Seq_Frame0063_Timestamp = 11.314
Seq_Frame0064_ForcepToReference-SequenceTransform =-0.128482 0.440208 0.888656 -126.032 -0.99171 -0.0586503 -0.114329 132.297 0.00179143 -0.895978 0.444094 71.9711 0 0 0 1 
Seq_Frame0064_ForcepToReference-SequenceTransformStatus = OK
Seq_Frame0064_Timestamp = 11.428
Seq_Frame0065_ForcepToReference-SequenceTransform =-0.0502758 0.358879 0.932029 -134.241 -0.997616 -0.0622082 -0.0298604 137.664 0.0472635 -0.931309 0.361151 75.2483 0 0 0 1 
Seq_Frame0065_ForcepToReference-SequenceTransformStatus = OK
Seq_Frame0065_Timestamp = 11.532
Seq_Frame0066_ForcepToReference-SequenceTransform =-0.0367863 0.2831 0.958385 -137.126 -0.990368 0.117772 -0.072803 143.769 -0.133482 -0.951832 0.276041 64.8645 0 0 0 1 
Seq_Frame0066_ForcepToReference-SequenceTransformStatus = OK
Seq_Frame0066_Timestamp = 11.64
Seq_Frame0067_ForcepToReference-SequenceTransform =-0.545039 0.168628 0.821278 -153.367 -0.223112 0.915072 -0.335953 201.653 -0.808179 -0.366344 -0.461127 64.7122 0 0 0 1 
Seq_Frame0067_ForcepToReference-SequenceTransformStatus = OK
Seq_Frame0067_Timestamp = 11.757
Seq_Frame0068_ForcepToReference-SequenceTransform =-0.424106 0.264981 0.865979 -134.89 -0.307228 0.857429 -0.412827 195.18 -0.851907 -0.441135 -0.282231 48.8504 0 0 0 1 
Seq_Frame0068_ForcepToReference-SequenceTransformStatus = OK
Seq_Frame0068_Timestamp = 11.858
Seq_Frame0069_ForcepToReference-SequenceTransform =-0.357711 0.40511 0.841385 -112.083 -0.281756 0.812191 -0.510841 198.995 -0.890312 -0.419799 -0.176388 48.3952 0 0 0 1 
Seq_Frame0069_ForcepToReference-SequenceTransformStatus = OK
Seq_Frame0069_Timestamp = 11.966
Seq_Frame0070_ForcepToReference-SequenceTransform =-0.293907 0.440229 0.84842 -93.9833 -0.344355 0.779251 -0.523629 189.536 -0.891649 -0.446056 -0.0774324 44.0834 0 0 0 1 
Seq_Frame0070_ForcepToReference-SequenceTransformStatus = OK
Seq_Frame0070_Timestamp = 12.073
Seq_Frame0071_ForcepToReference-SequenceTransform =-0.350739 0.573876 0.740033 -81.3266 -0.434707 0.600164 -0.671441 173.652 -0.829465 -0.557198 0.0389668 41.7543 0 0 0 1 
Seq_Frame0071_ForcepToReference-SequenceTransformStatus = OK
Seq_Frame0071_Timestamp = 12.182
Seq_Frame0072_ForcepToReference-SequenceTransform =-0.45098 0.655181 0.606099 -72.7634 -0.402849 0.45655 -0.793269 168.25 -0.796449 -0.601914 0.0580439 45.7135 0 0 0 1 
Seq_Frame0072_ForcepToReference-SequenceTransformStatus = OK
Seq_Frame0072_Timestamp = 12.288
Seq_Frame0073_ForcepToReference-SequenceTransform =-0.488659 0.678006 0.549108 -70.2443 -0.406011 0.380355 -0.830954 161.017 -0.772248 -0.628998 0.089414 48.1567 0 0 0 1 
Seq_Frame0073_ForcepToReference-SequenceTransformStatus = OK
Seq_Frame0073_Timestamp = 12.397
Seq_Frame0074_ForcepToReference-SequenceTransform =-0.510244 0.676421 0.531136 -69.2225 -0.371151 0.38392 -0.845489 158.113 -0.775821 -0.628537 0.0551619 48.2718 0 0 0 1 
Seq_Frame0074_ForcepToReference-SequenceTransformStatus = OK
Seq_Frame0074_Timestamp = 12.5
Seq_Frame0075_ForcepToReference-SequenceTransform =-0.499625 0.687656 0.526787 -66.4235 -0.298736 0.434042 -0.84992 163.491 -0.8131 -0.582012 -0.0114305 51.1658 0 0 0 1 
Seq_Frame0075_ForcepToReference-SequenceTransformStatus = OK
Seq_Frame0075_Timestamp = 12.607
Seq_Frame0076_ForcepToReference-SequenceTransform =-0.474114 0.691925 0.544477 -63.045 -0.270157 0.474245 -0.837918 168.617 -0.837992 -0.544363 -0.0379172 52.883 0 0 0 1 
Seq_Frame0076_ForcepToReference-SequenceTransformStatus = OK
Seq_Frame0076_Timestamp = 12.713
Seq_Frame0077_ForcepToReference-SequenceTransform =-0.424032 0.676554 0.602057 -59.6702 -0.278873 0.534938 -0.797541 171.797 -0.861642 -0.50608 -0.0381583 55.2212 0 0 0 1 
Seq_Frame0077_ForcepToReference-SequenceTransformStatus = OK
Seq_Frame0077_Timestamp = 12.822
Seq_Frame0078_ForcepToReference-SequenceTransform =-0.344056 0.651403 0.67624 -56.5025 -0.277672 0.617409 -0.736006 174.45 -0.896953 -0.441 -0.0315471 58.0699 0 0 0 1 
Seq_Frame0078_ForcepToReference-SequenceTransformStatus = OK
Seq_Frame0078_Timestamp = 12.927
Seq_Frame0079_ForcepToReference-SequenceTransform =-0.286747 0.628672 0.722875 -55.2284 -0.287535 0.663295 -0.690915 175.603 -0.913838 -0.40597 -0.00943301 59.3658 0 0 0 1 
Seq_Frame0079_ForcepToReference-SequenceTransformStatus = OK
Seq_Frame0079_Timestamp = 13.037
Seq_Frame0080_ForcepToReference-SequenceTransform =-0.249812 0.599302 0.760547 -55.7281 -0.29517 0.700935 -0.649281 175.509 -0.922209 -0.386689 0.00179377 59.3968 0 0 0 1 
Seq_Frame0080_ForcepToReference-SequenceTransformStatus = OK
Seq_Frame0080_Timestamp = 13.14
Seq_Frame0081_ForcepToReference-SequenceTransform =-0.253749 0.619485 0.742866 -54.8699 -0.370669 0.647097 -0.666236 166.737 -0.89343 -0.444414 0.0654236 56.9577 0 0 0 1 
Seq_Frame0081_ForcepToReference-SequenceTransformStatus = OK
Seq_Frame0081_Timestamp = 13.247
Seq_Frame0082_ForcepToReference-SequenceTransform =-0.255356 0.61107 0.749258 -56.5313 -0.392304 0.642804 -0.657952 164.15 -0.88368 -0.461949 0.0755815 56.235 0 0 0 1 
Seq_Frame0082_ForcepToReference-SequenceTransformStatus = OK
Seq_Frame0082_Timestamp = 13.349
Seq_Frame0083_ForcepToReference-SequenceTransform =-0.22949 0.618241 0.75174 -54.8668 -0.428351 0.629382 -0.648378 160.571 -0.873985 -0.470804 0.120387 54.9343 0 0 0 1 
Seq_Frame0083_ForcepToReference-SequenceTransformStatus = OK
Seq_Frame0083_Timestamp = 13.462
Seq_Frame0084_ForcepToReference-SequenceTransform =-0.224115 0.614149 0.756699 -55.3645 -0.470866 0.611571 -0.635819 159.265 -0.853263 -0.498801 0.15212 50.088 0 0 0 1 
Seq_Frame0084_ForcepToReference-SequenceTransformStatus = OK
Seq_Frame0084_Timestamp = 13.567
Seq_Frame0085_ForcepToReference-SequenceTransform =-0.223454 0.612207 0.758466 -55.1835 -0.462183 0.618551 -0.635438 162.841 -0.85817 -0.492541 0.144734 48.3184 0 0 0 1 
Seq_Frame0085_ForcepToReference-SequenceTransformStatus = OK
Seq_Frame0085_Timestamp = 13.677
Seq_Frame0086_ForcepToReference-SequenceTransform =-0.225252 0.659553 0.717113 -51.6767 -0.381234 0.617677 -0.687848 169.053 -0.896617 -0.428327 0.112311 52.3755 0 0 0 1 
Seq_Frame0086_ForcepToReference-SequenceTransformStatus = OK
Seq_Frame0086_Timestamp = 13.783
Seq_Frame0087_ForcepToReference-SequenceTransform =-0.224941 0.720538 0.655916 -49.5626 -0.366533 0.56115 -0.742135 169.879 -0.902804 -0.407351 0.137876 53.3244 0 0 0 1 
Seq_Frame0087_ForcepToReference-SequenceTransformStatus = OK
Seq_Frame0087_Timestamp = 13.883
Seq_Frame0088_ForcepToReference-SequenceTransform =-0.235111 0.718919 0.654124 -57.4813 -0.324859 0.576164 -0.750001 171.31 -0.916073 -0.388832 0.0980846 57.6979 0 0 0 1 
Seq_Frame0088_ForcepToReference-SequenceTransformStatus = OK
Seq_Frame0088_Timestamp = 13.997
Seq_Frame0089_ForcepToReference-SequenceTransform =-0.24911 0.703819 0.665269 -61.7802 -0.302241 0.596119 -0.743836 176.081 -0.920106 -0.386369 0.0642239 61.8079 0 0 0 1 
Seq_Frame0089_ForcepToReference-SequenceTransformStatus = OK
Seq_Frame0089_Timestamp = 14.107
Seq_Frame0090_ForcepToReference-SequenceTransform =-0.227281 0.646518 0.728257 -65.1632 -0.196769 0.701915 -0.684542 189.228 -0.953743 -0.298882 -0.0323169 70.8839 0 0 0 1 
Seq_Frame0090_ForcepToReference-SequenceTransformStatus = OK
Seq_Frame0090_Timestamp = 14.212
Seq_Frame0091_ForcepToReference-SequenceTransform =-0.215725 0.624107 0.750968 -65.7603 -0.156371 0.73707 -0.657477 194.63 -0.963852 -0.259264 -0.0614126 75.8933 0 0 0 1 
Seq_Frame0091_ForcepToReference-SequenceTransformStatus = OK
Seq_Frame0091_Timestamp = 14.322
Seq_Frame0092_ForcepToReference-SequenceTransform =-0.257395 0.636022 0.727477 -67.4412 -0.0684445 0.738953 -0.670272 198.657 -0.963879 -0.222317 -0.146671 79.5254 0 0 0 1 
Seq_Frame0092_ForcepToReference-SequenceTransformStatus = OK
Seq_Frame0092_Timestamp = 14.427
Seq_Frame0093_ForcepToReference-SequenceTransform =-0.31128 0.619731 0.720443 -71.3801 0.0126557 0.760744 -0.648929 205.18 -0.950234 -0.192881 -0.244647 86.6018 0 0 0 1 
Seq_Frame0093_ForcepToReference-SequenceTransformStatus = OK
Seq_Frame0093_Timestamp = 14.532
Seq_Frame0094_ForcepToReference-SequenceTransform =-0.349597 0.597712 0.721472 -74.8632 0.0480123 0.780481 -0.623334 210.645 -0.935669 -0.183276 -0.301552 94.0044 0 0 0 1 
Seq_Frame0094_ForcepToReference-SequenceTransformStatus = OK
Seq_Frame0094_Timestamp = 14.647
Seq_Frame0095_ForcepToReference-SequenceTransform =-0.349337 0.578038 0.737452 -78.827 -0.0189146 0.782527 -0.62233 206.841 -0.936806 -0.231352 -0.262432 91.5285 0 0 0 1 
Seq_Frame0095_ForcepToReference-SequenceTransformStatus = OK
Seq_Frame0095_Timestamp = 14.752
Seq_Frame0096_ForcepToReference-SequenceTransform =-0.366161 0.540415 0.757547 -83.3642 -0.0973472 0.787372 -0.608744 211.842 -0.925446 -0.296643 -0.235697 88.713 0 0 0 1 
Seq_Frame0096_ForcepToReference-SequenceTransformStatus = OK
Seq_Frame0096_Timestamp = 14.862
Seq_Frame0097_ForcepToReference-SequenceTransform =-0.397265 0.54255 0.740148 -85.6569 -0.106531 0.773805 -0.624401 215.021 -0.9115 -0.326902 -0.249607 82.5722 0 0 0 1 
Seq_Frame0097_ForcepToReference-SequenceTransformStatus = OK
Seq_Frame0097_Timestamp = 14.972
Seq_Frame0098_ForcepToReference-SequenceTransform =-0.392178 0.565259 0.725726 -91.3482 -0.0729018 0.767348 -0.637073 214.84 -0.916996 -0.302753 -0.259729 73.4248 0 0 0 1 
Seq_Frame0098_ForcepToReference-SequenceTransformStatus = OK
Seq_Frame0098_Timestamp = 15.083
Seq_Frame0099_ForcepToReference-SequenceTransform =-0.412383 0.565087 0.714574 -93.6301 -0.0799689 0.758894 -0.646286 208.078 -0.907494 -0.323661 -0.267765 61.7061 0 0 0 1 
Seq_Frame0099_ForcepToReference-SequenceTransformStatus = OK
Seq_Frame0099_Timestamp = 15.187
Seq_Frame0100_ForcepToReference-SequenceTransform =-0.344216 0.562464 0.751764 -84.3187 0.0496148 0.810472 -0.583672 203.816 -0.937579 -0.16361 -0.306884 53.7037 0 0 0 1 
Seq_Frame0100_ForcepToReference-SequenceTransformStatus = OK
Seq_Frame0100_Timestamp = 15.29
Seq_Frame0101_ForcepToReference-SequenceTransform =-0.119926 0.515523 0.848442 -68.6888 0.196631 0.850014 -0.488685 201.449 -0.973115 0.108224 -0.203307 57.0242 0 0 0 1 
Seq_Frame0101_ForcepToReference-SequenceTransformStatus = OK
Seq_Frame0101_Timestamp = 15.397
Seq_Frame0102_ForcepToReference-SequenceTransform =0.00959427 0.453062 0.891427 -64.937 0.169441 0.87784 -0.44798 195.507 -0.985494 0.155343 -0.0683453 59.0514 0 0 0 1 
Seq_Frame0102_ForcepToReference-SequenceTransformStatus = OK
Seq_Frame0102_Timestamp = 15.507
Seq_Frame0103_ForcepToReference-SequenceTransform =0.0550903 0.39325 0.917779 -66.5786 0.226872 0.890204 -0.395053 193.143 -0.972365 0.229982 -0.040176 62.5901 0 0 0 1 
Seq_Frame0103_ForcepToReference-SequenceTransformStatus = OK
Seq_Frame0103_Timestamp = 15.613
Seq_Frame0104_ForcepToReference-SequenceTransform =0.0474965 0.375565 0.925578 -68.683 0.251855 0.892183 -0.374938 193.591 -0.966599 0.25092 -0.0522122 63.7267 0 0 0 1 
Seq_Frame0104_ForcepToReference-SequenceTransformStatus = OK
Seq_Frame0104_Timestamp = 15.715
Seq_Frame0105_ForcepToReference-SequenceTransform =0.0235022 0.367212 0.92984 -70.3065 0.268916 0.893494 -0.359655 193.691 -0.962877 0.258502 -0.07775 64.9182 0 0 0 1 
Seq_Frame0105_ForcepToReference-SequenceTransformStatus = OK
Seq_Frame0105_Timestamp = 15.828
Seq_Frame0106_ForcepToReference-SequenceTransform =0.00246379 0.353163 0.935558 -71.9796 0.268557 0.900959 -0.340809 192.397 -0.963261 0.25209 -0.0926246 63.2531 0 0 0 1 
Seq_Frame0106_ForcepToReference-SequenceTransformStatus = OK
Seq_Frame0106_Timestamp = 15.932
Seq_Frame0107_ForcepToReference-SequenceTransform =0.0257692 0.345907 0.937915 -72.6629 0.248214 0.906631 -0.341189 191.886 -0.968362 0.241596 -0.0624958 62.8768 0 0 0 1 
Seq_Frame0107_ForcepToReference-SequenceTransformStatus = OK
Seq_Frame0107_Timestamp = 16.041
Seq_Frame0108_ForcepToReference-SequenceTransform =0.0370358 0.364303 0.930544 -70.7262 0.221608 0.905003 -0.363124 191.514 -0.974432 0.219665 -0.0472151 61.7667 0 0 0 1 
Seq_Frame0108_ForcepToReference-SequenceTransformStatus = OK
Seq_Frame0108_Timestamp = 16.147
Seq_Frame0109_ForcepToReference-SequenceTransform =0.0767344 0.405138 0.91103 -65.6404 0.134032 0.901239 -0.412073 188.135 -0.988002 0.153727 0.0148547 54.892 0 0 0 1 
Seq_Frame0109_ForcepToReference-SequenceTransformStatus = OK
Seq_Frame0109_Timestamp = 16.253
Seq_Frame0110_ForcepToReference-SequenceTransform =0.081158 0.440573 0.894041 -62.0534 0.0571816 0.893464 -0.445479 183.875 -0.99506 0.0872769 0.0473192 48.4559 0 0 0 1 
Seq_Frame0110_ForcepToReference-SequenceTransformStatus = OK
Seq_Frame0110_Timestamp = 16.357
Seq_Frame0111_ForcepToReference-SequenceTransform =0.0831424 0.439749 0.894264 -62.4737 0.0655491 0.893014 -0.445229 183.169 -0.99438 0.0956356 0.0454223 47.4614 0 0 0 1 
Seq_Frame0111_ForcepToReference-SequenceTransformStatus = OK
Seq_Frame0111_Timestamp = 16.467
Seq_Frame0112_ForcepToReference-SequenceTransform =0.0656281 0.43147 0.899737 -65.1695 0.0517406 0.898996 -0.434889 184.714 -0.996502 0.0750939 0.0366749 44.948 0 0 0 1 
Seq_Frame0112_ForcepToReference-SequenceTransformStatus = OK
Seq_Frame0112_Timestamp = 16.574
Seq_Frame0113_ForcepToReference-SequenceTransform =0.0474276 0.414578 0.908777 -68.4153 0.0465175 0.907897 -0.416604 186.768 -0.997791 0.0620326 0.0237743 41.3583 0 0 0 1 
Seq_Frame0113_ForcepToReference-SequenceTransformStatus = OK
Seq_Frame0113_Timestamp = 16.682
Seq_Frame0114_ForcepToReference-SequenceTransform =0.00264012 0.387852 0.921718 -72.7738 0.0214822 0.921486 -0.387816 189.379 -0.999766 0.0208244 -0.00589908 34.6016 0 0 0 1 
Seq_Frame0114_ForcepToReference-SequenceTransformStatus = OK
Seq_Frame0114_Timestamp = 16.798
Seq_Frame0115_ForcepToReference-SequenceTransform =-0.0672474 0.337688 0.938853 -78.1879 0.0635982 0.94052 -0.333732 201.603 -0.995707 0.0372667 -0.0847239 27.4594 0 0 0 1 
Seq_Frame0115_ForcepToReference-SequenceTransformStatus = OK
Seq_Frame0115_Timestamp = 16.912
Seq_Frame0116_ForcepToReference-SequenceTransform =-0.103235 0.34146 0.93421 -78.2608 0.115198 0.937012 -0.329754 229.626 -0.987963 0.0735769 -0.136068 40.4812 0 0 0 1 
Seq_Frame0116_ForcepToReference-SequenceTransformStatus = OK
Seq_Frame0116_Timestamp = 17.022
Seq_Frame0117_ForcepToReference-SequenceTransform =-0.37773 0.393919 0.837943 -78.0043 0.460344 0.865109 -0.199174 264.923 -0.80337 0.310508 -0.508115 75.3493 0 0 0 1 
Seq_Frame0117_ForcepToReference-SequenceTransformStatus = OK
Seq_Frame0117_Timestamp = 17.127
Seq_Frame0118_ForcepToReference-SequenceTransform =-0.248498 0.292023 0.923564 -86.6495 0.519197 0.845089 -0.127512 281.541 -0.81773 0.447826 -0.361621 111.695 0 0 0 1 
Seq_Frame0118_ForcepToReference-SequenceTransformStatus = OK
Seq_Frame0118_Timestamp = 17.237
Seq_Frame0119_ForcepToReference-SequenceTransform =-0.355574 0.270882 0.894533 -94.0433 0.603927 0.797039 -0.00129954 288.188 -0.71333 0.539771 -0.446999 132.9 0 0 0 1 
Seq_Frame0119_ForcepToReference-SequenceTransformStatus = OK
Seq_Frame0119_Timestamp = 17.343
Seq_Frame0120_ForcepToReference-SequenceTransform =-0.387645 0.258005 0.884966 -97.5554 0.632758 0.772607 0.051922 289.607 -0.670335 0.580097 -0.462752 147.084 0 0 0 1 
Seq_Frame0120_ForcepToReference-SequenceTransformStatus = OK
Seq_Frame0120_Timestamp = 17.452
Seq_Frame0121_ForcepToReference-SequenceTransform =-0.409574 0.250077 0.877331 -97.5154 0.684312 0.720195 0.114178 287.985 -0.603296 0.647133 -0.466104 157.663 0 0 0 1 
Seq_Frame0121_ForcepToReference-SequenceTransformStatus = OK
Seq_Frame0121_Timestamp = 17.557
Seq_Frame0122_ForcepToReference-SequenceTransform =-0.437036 0.24628 0.86507 -98.0923 0.714133 0.679732 0.167267 286.026 -0.546821 0.690877 -0.472944 167.168 0 0 0 1 
Seq_Frame0122_ForcepToReference-SequenceTransformStatus = OK
Seq_Frame0122_Timestamp = 17.667
Seq_Frame0123_ForcepToReference-SequenceTransform =-0.445196 0.24396 0.861559 -98.3981 0.726691 0.660612 0.188445 283.984 -0.523183 0.709983 -0.471385 173.464 0 0 0 1 
Seq_Frame0123_ForcepToReference-SequenceTransformStatus = OK
Seq_Frame0123_Timestamp = 17.772
Seq_Frame0124_ForcepToReference-SequenceTransform =-0.446393 0.235011 0.863425 -98.7291 0.739437 0.640284 0.208016 283.006 -0.503951 0.731305 -0.459594 177.341 0 0 0 1 
Seq_Frame0124_ForcepToReference-SequenceTransformStatus = OK
Seq_Frame0124_Timestamp = 17.882
Seq_Frame0125_ForcepToReference-SequenceTransform =-0.452152 0.243694 0.858005 -98.4772 0.744807 0.632412 0.212879 282.747 -0.490735 0.735301 -0.467451 177.256 0 0 0 1 
Seq_Frame0125_ForcepToReference-SequenceTransformStatus = OK
Seq_Frame0125_Timestamp = 17.987
Seq_Frame0126_ForcepToReference-SequenceTransform =-0.446619 0.243724 0.860889 -97.7493 0.756022 0.617377 0.217431 281.521 -0.4785 0.74796 -0.459994 175.673 0 0 0 1 
Seq_Frame0126_ForcepToReference-SequenceTransformStatus = OK
Seq_Frame0126_Timestamp = 18.097
Seq_Frame0127_ForcepToReference-SequenceTransform =-0.423585 0.226097 0.877186 -97.026 0.752261 0.627272 0.201579 281.405 -0.504658 0.745259 -0.435787 174.661 0 0 0 1 
Seq_Frame0127_ForcepToReference-SequenceTransformStatus = OK
Seq_Frame0127_Timestamp = 18.207
Seq_Frame0128_ForcepToReference-SequenceTransform =-0.433161 0.232374 0.870847 -95.4246 0.747346 0.632695 0.202906 280.499 -0.50383 0.738715 -0.447723 173.108 0 0 0 1 
Seq_Frame0128_ForcepToReference-SequenceTransformStatus = OK
Seq_Frame0128_Timestamp = 18.312
Seq_Frame0129_ForcepToReference-SequenceTransform =-0.442252 0.232113 0.866335 -93.922 0.749344 0.626409 0.214699 280.436 -0.492845 0.744134 -0.450963 172.369 0 0 0 1 
Seq_Frame0129_ForcepToReference-SequenceTransformStatus = OK
Seq_Frame0129_Timestamp = 18.423
Seq_Frame0130_ForcepToReference-SequenceTransform =-0.428279 0.220868 0.876239 -92.3896 0.763685 0.606837 0.220305 280.483 -0.483075 0.763523 -0.428569 175.371 0 0 0 1 
Seq_Frame0130_ForcepToReference-SequenceTransformStatus = OK
Seq_Frame0130_Timestamp = 18.527
Seq_Frame0131_ForcepToReference-SequenceTransform =-0.437039 0.220344 0.872035 -90.8634 0.772899 0.587873 0.238812 279.961 -0.460025 0.778366 -0.427227 176.819 0 0 0 1 
Seq_Frame0131_ForcepToReference-SequenceTransformStatus = OK
Seq_Frame0131_Timestamp = 18.633
Seq_Frame0132_ForcepToReference-SequenceTransform =-0.435939 0.213504 0.874284 -88.8963 0.774375 0.583993 0.243508 280.404 -0.458586 0.783178 -0.419918 176.6 0 0 0 1 
Seq_Frame0132_ForcepToReference-SequenceTransformStatus = OK
Seq_Frame0132_Timestamp = 18.737
Seq_Frame0133_ForcepToReference-SequenceTransform =-0.44669 0.212814 0.86901 -87.3013 0.780819 0.566926 0.262522 280.487 -0.436796 0.795805 -0.419409 180.347 0 0 0 1 
Seq_Frame0133_ForcepToReference-SequenceTransformStatus = OK
Seq_Frame0133_Timestamp = 18.847
Seq_Frame0134_ForcepToReference-SequenceTransform =-0.444365 0.204602 0.872168 -86.0385 0.788082 0.552227 0.271976 280.903 -0.425988 0.808197 -0.406634 180.234 0 0 0 1 
Seq_Frame0134_ForcepToReference-SequenceTransformStatus = OK
Seq_Frame0134_Timestamp = 18.952
Seq_Frame0135_ForcepToReference-SequenceTransform =-0.415229 0.182916 0.891138 -84.0152 0.802409 0.535188 0.264033 279.405 -0.428631 0.824691 -0.368999 182.38 0 0 0 1 
Seq_Frame0135_ForcepToReference-SequenceTransformStatus = OK
Seq_Frame0135_Timestamp = 19.063
Seq_Frame0136_ForcepToReference-SequenceTransform =-0.406294 0.190499 0.893664 -82.4714 0.801897 0.543203 0.248781 278.245 -0.438048 0.817705 -0.373461 185.091 0 0 0 1 
Seq_Frame0136_ForcepToReference-SequenceTransformStatus = OK
Seq_Frame0136_Timestamp = 19.165
Seq_Frame0137_ForcepToReference-SequenceTransform =-0.396072 0.189464 0.89846 -81.9369 0.800327 0.550888 0.236643 276.783 -0.450115 0.812789 -0.369824 185.844 0 0 0 1 
Seq_Frame0137_ForcepToReference-SequenceTransformStatus = OK
Seq_Frame0137_Timestamp = 19.277
Seq_Frame0138_ForcepToReference-SequenceTransform =-0.423358 0.20523 0.882411 -81.5268 0.795663 0.549995 0.253822 277.265 -0.433229 0.809559 -0.396139 184.389 0 0 0 1 
Seq_Frame0138_ForcepToReference-SequenceTransformStatus = OK
Seq_Frame0138_Timestamp = 19.382
Seq_Frame0139_ForcepToReference-SequenceTransform =-0.366336 0.198229 0.909122 -80.7962 0.703998 0.697921 0.131502 283.733 -0.608428 0.688194 -0.395227 164.127 0 0 0 1 
Seq_Frame0139_ForcepToReference-SequenceTransformStatus = OK
Seq_Frame0139_Timestamp = 19.488
Seq_Frame0140_ForcepToReference-SequenceTransform =-0.359262 0.20302 0.910886 -82.0463 0.65409 0.750971 0.0906013 290.892 -0.665655 0.628351 -0.402589 159.739 0 0 0 1 
Seq_Frame0140_ForcepToReference-SequenceTransformStatus = OK
Seq_Frame0140_Timestamp = 19.598
Seq_Frame0141_ForcepToReference-SequenceTransform =-0.389473 0.192486 0.9007 -84.261 0.665433 0.734929 0.130682 294.323 -0.636796 0.650252 -0.414322 162.62 0 0 0 1 
Seq_Frame0141_ForcepToReference-SequenceTransformStatus = OK
Seq_Frame0141_Timestamp = 19.703
Seq_Frame0142_ForcepToReference-SequenceTransform =-0.432947 0.17964 0.883338 -88.8849 0.630679 0.760519 0.154449 298.165 -0.644051 0.623971 -0.442559 154.781 0 0 0 1 
Seq_Frame0142_ForcepToReference-SequenceTransformStatus = OK
Seq_Frame0142_Timestamp = 19.812
Seq_Frame0143_ForcepToReference-SequenceTransform =-0.439721 0.105947 0.891864 -102.339 0.333688 0.941209 0.0527111 301.235 -0.833845 0.320782 -0.449222 115.871 0 0 0 1 
Seq_Frame0143_ForcepToReference-SequenceTransformStatus = OK
Seq_Frame0143_Timestamp = 19.915
Seq_Frame0144_ForcepToReference-SequenceTransform =-0.515013 -0.00781094 0.857147 -115.785 -0.140077 0.987283 -0.0751676 277.32 -0.84566 -0.158779 -0.509558 69.3314 0 0 0 1 
Seq_Frame0144_ForcepToReference-SequenceTransformStatus = OK
Seq_Frame0144_Timestamp = 20.027
Seq_Frame0145_ForcepToReference-SequenceTransform =-0.575589 -0.0680743 0.8149 -119.749 -0.397791 0.893983 -0.206291 244.322 -0.714464 -0.442899 -0.541647 42.6568 0 0 0 1 
Seq_Frame0145_ForcepToReference-SequenceTransformStatus = OK
Seq_Frame0145_Timestamp = 20.132
Seq_Frame0146_ForcepToReference-SequenceTransform =-0.557942 -0.0869649 0.825311 -120.052 -0.49 0.837155 -0.243046 231.982 -0.669776 -0.540008 -0.509697 40.3505 0 0 0 1 
Seq_Frame0146_ForcepToReference-SequenceTransformStatus = OK
Seq_Frame0146_Timestamp = 20.238
Seq_Frame0147_ForcepToReference-SequenceTransform =-0.514009 -0.0798347 0.854062 -116.357 -0.579008 0.766903 -0.276783 224.82 -0.632886 -0.636778 -0.44042 40.0567 0 0 0 1 
Seq_Frame0147_ForcepToReference-SequenceTransformStatus = OK
Seq_Frame0147_Timestamp = 20.341
Seq_Frame0148_ForcepToReference-SequenceTransform =-0.510146 -0.0933017 0.855012 -115.209 -0.614104 0.735525 -0.286144 220 -0.602186 -0.671042 -0.432522 38.5849 0 0 0 1 
Seq_Frame0148_ForcepToReference-SequenceTransformStatus = OK
Seq_Frame0148_Timestamp = 20.449
Seq_Frame0149_ForcepToReference-SequenceTransform =-0.518714 -0.106371 0.848305 -113.959 -0.6177 0.732628 -0.285839 220.65 -0.591086 -0.672266 -0.44573 39.776 0 0 0 1 
Seq_Frame0149_ForcepToReference-SequenceTransformStatus = OK
Seq_Frame0149_Timestamp = 20.556
Seq_Frame0150_ForcepToReference-SequenceTransform =-0.52643 -0.114368 0.842491 -113.293 -0.602856 0.74895 -0.275024 220.295 -0.59953 -0.652682 -0.463217 41.6552 0 0 0 1 
