ObjectType = Image
NDims = 3
AnatomicalOrientation = RAI
BinaryData = True
CompressedData = False
DimSize = 0 0 1870
ElementSpacing = 1 1 1
Offset = 0 0 0
TransformMatrix = 1 0 0 0 1 0 0 0 1
ElementType = MET_UCHAR
Kinds = domain domain list
Seq_Frame0000_DriverToReference-SequenceTransform =0.509673 0.857589 -0.0690953 7.76131 -0.474195 0.21299 -0.854268 93.966 -0.717895 0.468162 0.51522 139.728 0 0 0 1 
Seq_Frame0000_DriverToReference-SequenceTransformStatus = OK
Seq_Frame0000_Timestamp = 0.00300002
Seq_Frame0001_DriverToReference-SequenceTransform =0.509925 0.85745 -0.0689566 7.76953 -0.473648 0.212953 -0.854581 94.012 -0.718076 0.468434 0.51472 139.657 0 0 0 1 
Seq_Frame0001_DriverToReference-SequenceTransformStatus = OK
Seq_Frame0001_Timestamp = 0.11
Seq_Frame0002_DriverToReference-SequenceTransform =0.510811 0.856699 -0.071692 7.75401 -0.472827 0.210318 -0.855688 93.8644 -0.717988 0.470992 0.512502 139.738 0 0 0 1 
Seq_Frame0002_DriverToReference-SequenceTransformStatus = OK
Seq_Frame0002_Timestamp = 0.222
Seq_Frame0003_DriverToReference-SequenceTransform =0.506265 0.859933 -0.064893 7.82961 -0.473309 0.214169 -0.854465 94.0442 -0.720884 0.4633 0.51544 139.912 0 0 0 1 
Seq_Frame0003_DriverToReference-SequenceTransformStatus = OK
Seq_Frame0003_Timestamp = 0.331
Seq_Frame0004_DriverToReference-SequenceTransform =0.538979 0.831715 -0.133235 7.49451 -0.466271 0.162868 -0.86952 93.5517 -0.701494 0.530776 0.475587 137.619 0 0 0 1 
Seq_Frame0004_DriverToReference-SequenceTransformStatus = OK
Seq_Frame0004_Timestamp = 0.437
Seq_Frame0005_DriverToReference-SequenceTransform =0.538979 0.831715 -0.133235 7.49451 -0.466271 0.162868 -0.86952 93.5517 -0.701494 0.530776 0.475587 137.619 0 0 0 1 
Seq_Frame0005_DriverToReference-SequenceTransformStatus = OK
Seq_Frame0005_Timestamp = 1.357
Seq_Frame0006_DriverToReference-SequenceTransform =0.538979 0.831715 -0.133235 7.49451 -0.466271 0.162868 -0.86952 93.5517 -0.701494 0.530776 0.475587 137.619 0 0 0 1 
Seq_Frame0006_DriverToReference-SequenceTransformStatus = OK
Seq_Frame0006_Timestamp = 1.461
Seq_Frame0007_DriverToReference-SequenceTransform =0.538979 0.831715 -0.133235 7.49451 -0.466271 0.162868 -0.86952 93.5517 -0.701494 0.530776 0.475587 137.619 0 0 0 1 
Seq_Frame0007_DriverToReference-SequenceTransformStatus = OK
Seq_Frame0007_Timestamp = 1.566
Seq_Frame0008_DriverToReference-SequenceTransform =0.538979 0.831715 -0.133235 7.49451 -0.466271 0.162868 -0.86952 93.5517 -0.701494 0.530776 0.475587 137.619 0 0 0 1 
Seq_Frame0008_DriverToReference-SequenceTransformStatus = OK
Seq_Frame0008_Timestamp = 1.677
Seq_Frame0009_DriverToReference-SequenceTransform =0.538979 0.831715 -0.133235 7.49451 -0.466271 0.162868 -0.86952 93.5517 -0.701494 0.530776 0.475587 137.619 0 0 0 1 
Seq_Frame0009_DriverToReference-SequenceTransformStatus = OK
Seq_Frame0009_Timestamp = 1.781
Seq_Frame0010_DriverToReference-SequenceTransform =0.538979 0.831715 -0.133235 7.49451 -0.466271 0.162868 -0.86952 93.5517 -0.701494 0.530776 0.475587 137.619 0 0 0 1 
Seq_Frame0010_DriverToReference-SequenceTransformStatus = OK
Seq_Frame0010_Timestamp = 2.026
Seq_Frame0011_DriverToReference-SequenceTransform =0.538979 0.831715 -0.133235 7.49451 -0.466271 0.162868 -0.86952 93.5517 -0.701494 0.530776 0.475587 137.619 0 0 0 1 
Seq_Frame0011_DriverToReference-SequenceTransformStatus = OK
Seq_Frame0011_Timestamp = 2.135
Seq_Frame0012_DriverToReference-SequenceTransform =0.538979 0.831715 -0.133235 7.49451 -0.466271 0.162868 -0.86952 93.5517 -0.701494 0.530776 0.475587 137.619 0 0 0 1 
Seq_Frame0012_DriverToReference-SequenceTransformStatus = OK
Seq_Frame0012_Timestamp = 2.241
Seq_Frame0013_DriverToReference-SequenceTransform =0.538979 0.831715 -0.133235 7.49451 -0.466271 0.162868 -0.86952 93.5517 -0.701494 0.530776 0.475587 137.619 0 0 0 1 
Seq_Frame0013_DriverToReference-SequenceTransformStatus = OK
Seq_Frame0013_Timestamp = 2.671
Seq_Frame0014_DriverToReference-SequenceTransform =0.538979 0.831715 -0.133235 7.49451 -0.466271 0.162868 -0.86952 93.5517 -0.701494 0.530776 0.475587 137.619 0 0 0 1 
Seq_Frame0014_DriverToReference-SequenceTransformStatus = OK
Seq_Frame0014_Timestamp = 2.777
Seq_Frame0015_DriverToReference-SequenceTransform =0.538979 0.831715 -0.133235 7.49451 -0.466271 0.162868 -0.86952 93.5517 -0.701494 0.530776 0.475587 137.619 0 0 0 1 
Seq_Frame0015_DriverToReference-SequenceTransformStatus = OK
Seq_Frame0015_Timestamp = 2.887
Seq_Frame0016_DriverToReference-SequenceTransform =0.538979 0.831715 -0.133235 7.49451 -0.466271 0.162868 -0.86952 93.5517 -0.701494 0.530776 0.475587 137.619 0 0 0 1 
Seq_Frame0016_DriverToReference-SequenceTransformStatus = OK
Seq_Frame0016_Timestamp = 3.002
Seq_Frame0017_DriverToReference-SequenceTransform =0.538979 0.831715 -0.133235 7.49451 -0.466271 0.162868 -0.86952 93.5517 -0.701494 0.530776 0.475587 137.619 0 0 0 1 
Seq_Frame0017_DriverToReference-SequenceTransformStatus = OK
Seq_Frame0017_Timestamp = 3.106
Seq_Frame0018_DriverToReference-SequenceTransform =0.538979 0.831715 -0.133235 7.49451 -0.466271 0.162868 -0.86952 93.5517 -0.701494 0.530776 0.475587 137.619 0 0 0 1 
Seq_Frame0018_DriverToReference-SequenceTransformStatus = OK
Seq_Frame0018_Timestamp = 3.211
Seq_Frame0019_DriverToReference-SequenceTransform =0.538979 0.831715 -0.133235 7.49451 -0.466271 0.162868 -0.86952 93.5517 -0.701494 0.530776 0.475587 137.619 0 0 0 1 
Seq_Frame0019_DriverToReference-SequenceTransformStatus = OK
Seq_Frame0019_Timestamp = 3.317
Seq_Frame0020_DriverToReference-SequenceTransform =0.538979 0.831715 -0.133235 7.49451 -0.466271 0.162868 -0.86952 93.5517 -0.701494 0.530776 0.475587 137.619 0 0 0 1 
Seq_Frame0020_DriverToReference-SequenceTransformStatus = OK
Seq_Frame0020_Timestamp = 3.428
Seq_Frame0021_DriverToReference-SequenceTransform =0.538979 0.831715 -0.133235 7.49451 -0.466271 0.162868 -0.86952 93.5517 -0.701494 0.530776 0.475587 137.619 0 0 0 1 
Seq_Frame0021_DriverToReference-SequenceTransformStatus = OK
Seq_Frame0021_Timestamp = 3.532
Seq_Frame0022_DriverToReference-SequenceTransform =0.538979 0.831715 -0.133235 7.49451 -0.466271 0.162868 -0.86952 93.5517 -0.701494 0.530776 0.475587 137.619 0 0 0 1 
Seq_Frame0022_DriverToReference-SequenceTransformStatus = OK
Seq_Frame0022_Timestamp = 3.641
Seq_Frame0023_DriverToReference-SequenceTransform =0.538979 0.831715 -0.133235 7.49451 -0.466271 0.162868 -0.86952 93.5517 -0.701494 0.530776 0.475587 137.619 0 0 0 1 
Seq_Frame0023_DriverToReference-SequenceTransformStatus = OK
Seq_Frame0023_Timestamp = 3.747
Seq_Frame0024_DriverToReference-SequenceTransform =0.538979 0.831715 -0.133235 7.49451 -0.466271 0.162868 -0.86952 93.5517 -0.701494 0.530776 0.475587 137.619 0 0 0 1 
Seq_Frame0024_DriverToReference-SequenceTransformStatus = OK
Seq_Frame0024_Timestamp = 3.856
Seq_Frame0025_DriverToReference-SequenceTransform =0.538979 0.831715 -0.133235 7.49451 -0.466271 0.162868 -0.86952 93.5517 -0.701494 0.530776 0.475587 137.619 0 0 0 1 
Seq_Frame0025_DriverToReference-SequenceTransformStatus = OK
Seq_Frame0025_Timestamp = 3.967
Seq_Frame0026_DriverToReference-SequenceTransform =0.538979 0.831715 -0.133235 7.49451 -0.466271 0.162868 -0.86952 93.5517 -0.701494 0.530776 0.475587 137.619 0 0 0 1 
Seq_Frame0026_DriverToReference-SequenceTransformStatus = OK
Seq_Frame0026_Timestamp = 4.076
Seq_Frame0027_DriverToReference-SequenceTransform =0.538979 0.831715 -0.133235 7.49451 -0.466271 0.162868 -0.86952 93.5517 -0.701494 0.530776 0.475587 137.619 0 0 0 1 
Seq_Frame0027_DriverToReference-SequenceTransformStatus = OK
Seq_Frame0027_Timestamp = 4.182
Seq_Frame0028_DriverToReference-SequenceTransform =0.538979 0.831715 -0.133235 7.49451 -0.466271 0.162868 -0.86952 93.5517 -0.701494 0.530776 0.475587 137.619 0 0 0 1 
Seq_Frame0028_DriverToReference-SequenceTransformStatus = OK
Seq_Frame0028_Timestamp = 4.286
Seq_Frame0029_DriverToReference-SequenceTransform =0.538979 0.831715 -0.133235 7.49451 -0.466271 0.162868 -0.86952 93.5517 -0.701494 0.530776 0.475587 137.619 0 0 0 1 
Seq_Frame0029_DriverToReference-SequenceTransformStatus = OK
Seq_Frame0029_Timestamp = 4.396
Seq_Frame0030_DriverToReference-SequenceTransform =0.538979 0.831715 -0.133235 7.49451 -0.466271 0.162868 -0.86952 93.5517 -0.701494 0.530776 0.475587 137.619 0 0 0 1 
Seq_Frame0030_DriverToReference-SequenceTransformStatus = OK
Seq_Frame0030_Timestamp = 4.502
Seq_Frame0031_DriverToReference-SequenceTransform =0.538979 0.831715 -0.133235 7.49451 -0.466271 0.162868 -0.86952 93.5517 -0.701494 0.530776 0.475587 137.619 0 0 0 1 
Seq_Frame0031_DriverToReference-SequenceTransformStatus = OK
Seq_Frame0031_Timestamp = 4.61
Seq_Frame0032_DriverToReference-SequenceTransform =0.538979 0.831715 -0.133235 7.49451 -0.466271 0.162868 -0.86952 93.5517 -0.701494 0.530776 0.475587 137.619 0 0 0 1 
Seq_Frame0032_DriverToReference-SequenceTransformStatus = OK
Seq_Frame0032_Timestamp = 4.718
Seq_Frame0033_DriverToReference-SequenceTransform =0.32014 0.940914 0.110411 26.3886 -0.701689 0.313805 -0.639655 106.21 -0.636508 0.127305 0.760691 120.158 0 0 0 1 
Seq_Frame0033_DriverToReference-SequenceTransformStatus = OK
Seq_Frame0033_Timestamp = 4.827
Seq_Frame0034_DriverToReference-SequenceTransform =0.31966 0.93574 0.149023 33.0621 -0.769773 0.348166 -0.535005 109.574 -0.55251 0.0563059 0.831602 116.949 0 0 0 1 
Seq_Frame0034_DriverToReference-SequenceTransformStatus = OK
Seq_Frame0034_Timestamp = 4.931
Seq_Frame0035_DriverToReference-SequenceTransform =0.31692 0.94513 0.0793201 39.7565 -0.823485 0.315692 -0.471392 114.559 -0.470567 0.0840746 0.87835 112.007 0 0 0 1 
Seq_Frame0035_DriverToReference-SequenceTransformStatus = OK
Seq_Frame0035_Timestamp = 5.037
Seq_Frame0036_DriverToReference-SequenceTransform =0.138295 0.934554 0.327846 46.6735 -0.804055 0.299218 -0.513774 124.1 -0.578247 -0.192554 0.792813 107.891 0 0 0 1 
Seq_Frame0036_DriverToReference-SequenceTransformStatus = OK
Seq_Frame0036_Timestamp = 5.142
Seq_Frame0037_DriverToReference-SequenceTransform =0.138295 0.934554 0.327846 46.6735 -0.804055 0.299218 -0.513774 124.1 -0.578247 -0.192554 0.792813 107.891 0 0 0 1 
Seq_Frame0037_DriverToReference-SequenceTransformStatus = OK
Seq_Frame0037_Timestamp = 5.251
Seq_Frame0038_DriverToReference-SequenceTransform =0.138295 0.934554 0.327846 46.6735 -0.804055 0.299218 -0.513774 124.1 -0.578247 -0.192554 0.792813 107.891 0 0 0 1 
Seq_Frame0038_DriverToReference-SequenceTransformStatus = OK
Seq_Frame0038_Timestamp = 5.357
Seq_Frame0039_DriverToReference-SequenceTransform =0.138295 0.934554 0.327846 46.6735 -0.804055 0.299218 -0.513774 124.1 -0.578247 -0.192554 0.792813 107.891 0 0 0 1 
Seq_Frame0039_DriverToReference-SequenceTransformStatus = OK
Seq_Frame0039_Timestamp = 5.462
Seq_Frame0040_DriverToReference-SequenceTransform =0.215054 0.587256 -0.780309 105.316 0.144185 -0.80934 -0.569367 195.031 -0.9659 0.00993573 -0.258725 95.982 0 0 0 1 
Seq_Frame0040_DriverToReference-SequenceTransformStatus = OK
Seq_Frame0040_Timestamp = 5.571
Seq_Frame0041_DriverToReference-SequenceTransform =0.215054 0.587256 -0.780309 105.316 0.144185 -0.80934 -0.569367 195.031 -0.9659 0.00993573 -0.258725 95.982 0 0 0 1 
Seq_Frame0041_DriverToReference-SequenceTransformStatus = OK
Seq_Frame0041_Timestamp = 5.922
Seq_Frame0042_DriverToReference-SequenceTransform =0.215054 0.587256 -0.780309 105.316 0.144185 -0.80934 -0.569367 195.031 -0.9659 0.00993573 -0.258725 95.982 0 0 0 1 
Seq_Frame0042_DriverToReference-SequenceTransformStatus = OK
Seq_Frame0042_Timestamp = 6.032
Seq_Frame0043_DriverToReference-SequenceTransform =0.215054 0.587256 -0.780309 105.316 0.144185 -0.80934 -0.569367 195.031 -0.9659 0.00993573 -0.258725 95.982 0 0 0 1 
Seq_Frame0043_DriverToReference-SequenceTransformStatus = OK
Seq_Frame0043_Timestamp = 6.142
Seq_Frame0044_DriverToReference-SequenceTransform =0.215054 0.587256 -0.780309 105.316 0.144185 -0.80934 -0.569367 195.031 -0.9659 0.00993573 -0.258725 95.982 0 0 0 1 
Seq_Frame0044_DriverToReference-SequenceTransformStatus = OK
Seq_Frame0044_Timestamp = 6.246
Seq_Frame0045_DriverToReference-SequenceTransform =0.215054 0.587256 -0.780309 105.316 0.144185 -0.80934 -0.569367 195.031 -0.9659 0.00993573 -0.258725 95.982 0 0 0 1 
Seq_Frame0045_DriverToReference-SequenceTransformStatus = OK
Seq_Frame0045_Timestamp = 6.351
Seq_Frame0046_DriverToReference-SequenceTransform =0.215054 0.587256 -0.780309 105.316 0.144185 -0.80934 -0.569367 195.031 -0.9659 0.00993573 -0.258725 95.982 0 0 0 1 
Seq_Frame0046_DriverToReference-SequenceTransformStatus = OK
Seq_Frame0046_Timestamp = 6.461
Seq_Frame0047_DriverToReference-SequenceTransform =0.215054 0.587256 -0.780309 105.316 0.144185 -0.80934 -0.569367 195.031 -0.9659 0.00993573 -0.258725 95.982 0 0 0 1 
Seq_Frame0047_DriverToReference-SequenceTransformStatus = OK
Seq_Frame0047_Timestamp = 6.567
Seq_Frame0048_DriverToReference-SequenceTransform =0.215054 0.587256 -0.780309 105.316 0.144185 -0.80934 -0.569367 195.031 -0.9659 0.00993573 -0.258725 95.982 0 0 0 1 
Seq_Frame0048_DriverToReference-SequenceTransformStatus = OK
Seq_Frame0048_Timestamp = 6.676
Seq_Frame0049_DriverToReference-SequenceTransform =0.215054 0.587256 -0.780309 105.316 0.144185 -0.80934 -0.569367 195.031 -0.9659 0.00993573 -0.258725 95.982 0 0 0 1 
Seq_Frame0049_DriverToReference-SequenceTransformStatus = OK
Seq_Frame0049_Timestamp = 6.781
Seq_Frame0050_DriverToReference-SequenceTransform =0.215054 0.587256 -0.780309 105.316 0.144185 -0.80934 -0.569367 195.031 -0.9659 0.00993573 -0.258725 95.982 0 0 0 1 
Seq_Frame0050_DriverToReference-SequenceTransformStatus = OK
Seq_Frame0050_Timestamp = 7.612
Seq_Frame0051_DriverToReference-SequenceTransform =0.215054 0.587256 -0.780309 105.316 0.144185 -0.80934 -0.569367 195.031 -0.9659 0.00993573 -0.258725 95.982 0 0 0 1 
Seq_Frame0051_DriverToReference-SequenceTransformStatus = OK
Seq_Frame0051_Timestamp = 7.719
Seq_Frame0052_DriverToReference-SequenceTransform =0.215054 0.587256 -0.780309 105.316 0.144185 -0.80934 -0.569367 195.031 -0.9659 0.00993573 -0.258725 95.982 0 0 0 1 
Seq_Frame0052_DriverToReference-SequenceTransformStatus = OK
Seq_Frame0052_Timestamp = 7.827
Seq_Frame0053_DriverToReference-SequenceTransform =0.215054 0.587256 -0.780309 105.316 0.144185 -0.80934 -0.569367 195.031 -0.9659 0.00993573 -0.258725 95.982 0 0 0 1 
Seq_Frame0053_DriverToReference-SequenceTransformStatus = OK
Seq_Frame0053_Timestamp = 7.937
Seq_Frame0054_DriverToReference-SequenceTransform =0.215054 0.587256 -0.780309 105.316 0.144185 -0.80934 -0.569367 195.031 -0.9659 0.00993573 -0.258725 95.982 0 0 0 1 
Seq_Frame0054_DriverToReference-SequenceTransformStatus = OK
Seq_Frame0054_Timestamp = 8.742
Seq_Frame0055_DriverToReference-SequenceTransform =0.215054 0.587256 -0.780309 105.316 0.144185 -0.80934 -0.569367 195.031 -0.9659 0.00993573 -0.258725 95.982 0 0 0 1 
Seq_Frame0055_DriverToReference-SequenceTransformStatus = OK
Seq_Frame0055_Timestamp = 8.852
Seq_Frame0056_DriverToReference-SequenceTransform =0.215054 0.587256 -0.780309 105.316 0.144185 -0.80934 -0.569367 195.031 -0.9659 0.00993573 -0.258725 95.982 0 0 0 1 
Seq_Frame0056_DriverToReference-SequenceTransformStatus = OK
Seq_Frame0056_Timestamp = 8.956
Seq_Frame0057_DriverToReference-SequenceTransform =0.215054 0.587256 -0.780309 105.316 0.144185 -0.80934 -0.569367 195.031 -0.9659 0.00993573 -0.258725 95.982 0 0 0 1 
Seq_Frame0057_DriverToReference-SequenceTransformStatus = OK
Seq_Frame0057_Timestamp = 9.067
Seq_Frame0058_DriverToReference-SequenceTransform =0.215054 0.587256 -0.780309 105.316 0.144185 -0.80934 -0.569367 195.031 -0.9659 0.00993573 -0.258725 95.982 0 0 0 1 
Seq_Frame0058_DriverToReference-SequenceTransformStatus = OK
Seq_Frame0058_Timestamp = 9.171
Seq_Frame0059_DriverToReference-SequenceTransform =0.215054 0.587256 -0.780309 105.316 0.144185 -0.80934 -0.569367 195.031 -0.9659 0.00993573 -0.258725 95.982 0 0 0 1 
Seq_Frame0059_DriverToReference-SequenceTransformStatus = OK
Seq_Frame0059_Timestamp = 9.311
Seq_Frame0060_DriverToReference-SequenceTransform =0.215054 0.587256 -0.780309 105.316 0.144185 -0.80934 -0.569367 195.031 -0.9659 0.00993573 -0.258725 95.982 0 0 0 1 
Seq_Frame0060_DriverToReference-SequenceTransformStatus = OK
Seq_Frame0060_Timestamp = 9.817
Seq_Frame0061_DriverToReference-SequenceTransform =-0.700502 0.296357 -0.649207 44.7311 -0.567185 0.320915 0.758495 220.194 0.433125 0.899548 -0.0567122 104.612 0 0 0 1 
Seq_Frame0061_DriverToReference-SequenceTransformStatus = OK
Seq_Frame0061_Timestamp = 9.926
Seq_Frame0062_DriverToReference-SequenceTransform =-0.705066 0.259432 -0.659982 42.9809 -0.585536 0.312026 0.748189 223.473 0.400036 0.913967 -0.0680916 109.308 0 0 0 1 
Seq_Frame0062_DriverToReference-SequenceTransformStatus = OK
Seq_Frame0062_Timestamp = 10.031
Seq_Frame0063_DriverToReference-SequenceTransform =-0.71561 0.227874 -0.660285 41.5587 -0.570278 0.355249 0.740663 227.189 0.403344 0.906571 -0.124268 110.232 0 0 0 1 
Seq_Frame0063_DriverToReference-SequenceTransformStatus = OK
Seq_Frame0063_Timestamp = 10.141
Seq_Frame0064_DriverToReference-SequenceTransform =-0.735369 0.135529 -0.663976 37.5299 -0.56924 0.408085 0.713745 233.457 0.367692 0.902828 -0.222945 111.384 0 0 0 1 
Seq_Frame0064_DriverToReference-SequenceTransformStatus = OK
Seq_Frame0064_Timestamp = 10.247
Seq_Frame0065_DriverToReference-SequenceTransform =-0.705738 0.0527582 -0.706506 31.6003 -0.60802 0.466766 0.642216 241.577 0.363655 0.882806 -0.297337 115.883 0 0 0 1 
Seq_Frame0065_DriverToReference-SequenceTransformStatus = OK
Seq_Frame0065_Timestamp = 10.352
Seq_Frame0066_DriverToReference-SequenceTransform =-0.717739 0.00614034 -0.696285 28.86 -0.620055 0.44936 0.643123 245.677 0.316832 0.89333 -0.318716 123.781 0 0 0 1 
Seq_Frame0066_DriverToReference-SequenceTransformStatus = OK
Seq_Frame0066_Timestamp = 10.456
Seq_Frame0067_DriverToReference-SequenceTransform =-0.717342 -0.0230738 -0.696339 26.5922 -0.633764 0.436782 0.638408 248.048 0.289418 0.899271 -0.327946 127.983 0 0 0 1 
Seq_Frame0067_DriverToReference-SequenceTransformStatus = OK
Seq_Frame0067_Timestamp = 10.568
Seq_Frame0068_DriverToReference-SequenceTransform =-0.648615 0.00983953 -0.761053 25.4031 -0.678252 0.446241 0.583817 250.303 0.345358 0.894858 -0.282765 126.604 0 0 0 1 
Seq_Frame0068_DriverToReference-SequenceTransformStatus = OK
Seq_Frame0068_Timestamp = 10.671
Seq_Frame0069_DriverToReference-SequenceTransform =-0.54926 0.00741419 -0.835619 29.5044 -0.706842 0.529267 0.46931 247.132 0.445745 0.848423 -0.285465 123.335 0 0 0 1 
Seq_Frame0069_DriverToReference-SequenceTransformStatus = OK
Seq_Frame0069_Timestamp = 10.777
Seq_Frame0070_DriverToReference-SequenceTransform =-0.578719 -0.00769016 -0.815491 43.8067 -0.71225 0.491817 0.500816 254.918 0.397221 0.870664 -0.290102 119.957 0 0 0 1 
Seq_Frame0070_DriverToReference-SequenceTransformStatus = OK
Seq_Frame0070_Timestamp = 10.885
Seq_Frame0071_DriverToReference-SequenceTransform =-0.631223 0.0572595 -0.773485 51.1318 -0.654675 0.495408 0.570939 253.418 0.415883 0.866771 -0.275227 117.995 0 0 0 1 
Seq_Frame0071_DriverToReference-SequenceTransformStatus = OK
Seq_Frame0071_Timestamp = 10.992
Seq_Frame0072_DriverToReference-SequenceTransform =-0.7283 -0.030179 -0.684593 61.432 -0.610143 0.483327 0.62779 249.72 0.311936 0.87492 -0.37042 118.505 0 0 0 1 
Seq_Frame0072_DriverToReference-SequenceTransformStatus = OK
Seq_Frame0072_Timestamp = 11.097
Seq_Frame0073_DriverToReference-SequenceTransform =-0.784944 -0.0150501 -0.619383 67.6629 -0.539992 0.506755 0.672018 245.424 0.303762 0.861959 -0.405902 119.889 0 0 0 1 
Seq_Frame0073_DriverToReference-SequenceTransformStatus = OK
Seq_Frame0073_Timestamp = 11.211
Seq_Frame0074_DriverToReference-SequenceTransform =-0.838854 -0.0329174 -0.54336 73.0416 -0.477047 0.525247 0.704657 243.038 0.262203 0.850313 -0.456308 122.614 0 0 0 1 
Seq_Frame0074_DriverToReference-SequenceTransformStatus = OK
Seq_Frame0074_Timestamp = 11.312
Seq_Frame0075_DriverToReference-SequenceTransform =-0.835986 0.0171815 -0.548481 65.2751 -0.460003 0.523039 0.717514 242.615 0.299205 0.852135 -0.42935 120.963 0 0 0 1 
Seq_Frame0075_DriverToReference-SequenceTransformStatus = OK
Seq_Frame0075_Timestamp = 11.422
Seq_Frame0076_DriverToReference-SequenceTransform =-0.835198 0.0443302 -0.548159 49.1507 -0.44402 0.53375 0.719693 237.918 0.324484 0.84448 -0.426104 119.415 0 0 0 1 
Seq_Frame0076_DriverToReference-SequenceTransformStatus = OK
Seq_Frame0076_Timestamp = 11.527
Seq_Frame0077_DriverToReference-SequenceTransform =-0.843362 0.0146014 -0.537148 36.7425 -0.421392 0.602295 0.677989 230.989 0.333421 0.79814 -0.501799 119.683 0 0 0 1 
Seq_Frame0077_DriverToReference-SequenceTransformStatus = OK
Seq_Frame0077_Timestamp = 11.632
Seq_Frame0078_DriverToReference-SequenceTransform =-0.849939 0.00533644 -0.526855 32.4037 -0.417746 0.602541 0.680024 229.091 0.32108 0.79807 -0.509893 119.571 0 0 0 1 
Seq_Frame0078_DriverToReference-SequenceTransformStatus = OK
Seq_Frame0078_Timestamp = 11.737
Seq_Frame0079_DriverToReference-SequenceTransform =-0.815794 0.0170648 -0.578091 30.2782 -0.467889 0.568056 0.677046 230.775 0.339942 0.822813 -0.455432 118.509 0 0 0 1 
Seq_Frame0079_DriverToReference-SequenceTransformStatus = OK
Seq_Frame0079_Timestamp = 11.847
Seq_Frame0080_DriverToReference-SequenceTransform =-0.868012 0.0708235 -0.491467 36.211 -0.367247 0.57459 0.73142 228.974 0.334194 0.815371 -0.472741 118.759 0 0 0 1 
Seq_Frame0080_DriverToReference-SequenceTransformStatus = OK
Seq_Frame0080_Timestamp = 11.952
Seq_Frame0081_DriverToReference-SequenceTransform =-0.899417 0.0944911 -0.426755 38.8981 -0.305244 0.563043 0.76799 226.999 0.31285 0.821008 -0.477568 121.355 0 0 0 1 
Seq_Frame0081_DriverToReference-SequenceTransformStatus = OK
Seq_Frame0081_Timestamp = 12.061
Seq_Frame0082_DriverToReference-SequenceTransform =-0.907602 0.0988749 -0.408022 39.1578 -0.289989 0.555132 0.779574 226.955 0.303586 0.825865 -0.475166 121.147 0 0 0 1 
Seq_Frame0082_DriverToReference-SequenceTransformStatus = OK
Seq_Frame0082_Timestamp = 12.167
Seq_Frame0083_DriverToReference-SequenceTransform =0.00543931 0.943844 0.330346 38.2174 -0.608444 0.265287 -0.747943 231.977 -0.793578 -0.196928 0.575719 127.461 0 0 0 1 
Seq_Frame0083_DriverToReference-SequenceTransformStatus = OK
Seq_Frame0083_Timestamp = 12.276
Seq_Frame0084_DriverToReference-SequenceTransform =0.0748182 0.868779 0.489516 28.6208 -0.546719 0.446275 -0.708475 237.036 -0.833967 -0.214621 0.508367 126.75 0 0 0 1 
Seq_Frame0084_DriverToReference-SequenceTransformStatus = OK
Seq_Frame0084_Timestamp = 12.385
Seq_Frame0085_DriverToReference-SequenceTransform =0.0704163 0.713664 0.69694 21.5744 -0.453909 0.645074 -0.614692 236.054 -0.888261 -0.273063 0.369362 122.991 0 0 0 1 
Seq_Frame0085_DriverToReference-SequenceTransformStatus = OK
Seq_Frame0085_Timestamp = 12.491
Seq_Frame0086_DriverToReference-SequenceTransform =0.0469325 0.501563 0.863847 13.0612 -0.418504 0.795114 -0.438918 235.751 -0.907002 -0.340924 0.247223 126.507 0 0 0 1 
Seq_Frame0086_DriverToReference-SequenceTransformStatus = OK
Seq_Frame0086_Timestamp = 12.597
Seq_Frame0087_DriverToReference-SequenceTransform =0.0544788 0.464621 0.883832 11.2452 -0.414977 0.815621 -0.403184 236.338 -0.9082 -0.344805 0.237241 127.154 0 0 0 1 
Seq_Frame0087_DriverToReference-SequenceTransformStatus = OK
Seq_Frame0087_Timestamp = 12.702
Seq_Frame0088_DriverToReference-SequenceTransform =0.0544788 0.464621 0.883832 11.2452 -0.414977 0.815621 -0.403184 236.338 -0.9082 -0.344805 0.237241 127.154 0 0 0 1 
Seq_Frame0088_DriverToReference-SequenceTransformStatus = OK
Seq_Frame0088_Timestamp = 12.811
Seq_Frame0089_DriverToReference-SequenceTransform =-0.481319 -0.0764517 -0.873205 7.04083 -0.781709 0.488131 0.388148 242.277 0.396564 0.869416 -0.29471 127.443 0 0 0 1 
Seq_Frame0089_DriverToReference-SequenceTransformStatus = OK
Seq_Frame0089_Timestamp = 12.917
Seq_Frame0090_DriverToReference-SequenceTransform =-0.371251 -0.0855516 -0.924583 3.89649 -0.815706 0.505778 0.280734 245.952 0.443616 0.858411 -0.257556 132.044 0 0 0 1 
Seq_Frame0090_DriverToReference-SequenceTransformStatus = OK
Seq_Frame0090_Timestamp = 13.026
Seq_Frame0091_DriverToReference-SequenceTransform =-0.471541 -0.0872673 -0.877515 7.05224 -0.786321 0.492056 0.373603 244.633 0.399184 0.866178 -0.300645 127.536 0 0 0 1 
Seq_Frame0091_DriverToReference-SequenceTransformStatus = OK
Seq_Frame0091_Timestamp = 13.132
Seq_Frame0092_DriverToReference-SequenceTransform =-0.45284 -0.0592471 -0.889621 13.4643 -0.813753 0.435199 0.385237 251.645 0.364338 0.898383 -0.245288 125.879 0 0 0 1 
Seq_Frame0092_DriverToReference-SequenceTransformStatus = OK
Seq_Frame0092_Timestamp = 13.236
Seq_Frame0093_DriverToReference-SequenceTransform =-0.427755 -0.0145292 -0.903778 28.3816 -0.83615 0.386152 0.389539 266.573 0.343336 0.922321 -0.177327 123.418 0 0 0 1 
Seq_Frame0093_DriverToReference-SequenceTransformStatus = OK
Seq_Frame0093_Timestamp = 13.342
Seq_Frame0094_DriverToReference-SequenceTransform =-0.541758 -0.0753343 -0.837152 49.3524 -0.77608 0.427325 0.463781 272.775 0.322798 0.900954 -0.289972 125.349 0 0 0 1 
Seq_Frame0094_DriverToReference-SequenceTransformStatus = OK
Seq_Frame0094_Timestamp = 13.452
Seq_Frame0095_DriverToReference-SequenceTransform =-0.538683 -0.051427 -0.840938 53.9533 -0.798393 0.349911 0.490031 280.071 0.269052 0.93537 -0.22955 132.565 0 0 0 1 
Seq_Frame0095_DriverToReference-SequenceTransformStatus = OK
Seq_Frame0095_Timestamp = 13.556
Seq_Frame0096_DriverToReference-SequenceTransform =-0.609558 -0.0517618 -0.79105 59.8454 -0.766599 0.292635 0.571569 285.44 0.201903 0.954822 -0.218059 137.797 0 0 0 1 
Seq_Frame0096_DriverToReference-SequenceTransformStatus = OK
Seq_Frame0096_Timestamp = 13.666
Seq_Frame0097_DriverToReference-SequenceTransform =-0.650662 -0.0974095 -0.753094 63.383 -0.741762 0.293844 0.602864 284.621 0.162567 0.950877 -0.263448 138.952 0 0 0 1 
Seq_Frame0097_DriverToReference-SequenceTransformStatus = OK
Seq_Frame0097_Timestamp = 13.772
Seq_Frame0098_DriverToReference-SequenceTransform =-0.641808 -0.110554 -0.758855 61.8128 -0.744411 0.327525 0.581876 282.036 0.184215 0.938352 -0.292506 135.593 0 0 0 1 
Seq_Frame0098_DriverToReference-SequenceTransformStatus = OK
Seq_Frame0098_Timestamp = 13.877
Seq_Frame0099_DriverToReference-SequenceTransform =0.491138 0.582375 0.647783 71.74 -0.658462 0.735059 -0.161603 242.408 -0.570272 -0.347171 0.744487 142.577 0 0 0 1 
Seq_Frame0099_DriverToReference-SequenceTransformStatus = OK
Seq_Frame0099_Timestamp = 15.776
Seq_Frame0100_DriverToReference-SequenceTransform =0.491138 0.582375 0.647783 71.74 -0.658462 0.735059 -0.161603 242.408 -0.570272 -0.347171 0.744487 142.577 0 0 0 1 
Seq_Frame0100_DriverToReference-SequenceTransformStatus = OK
Seq_Frame0100_Timestamp = 15.927
Seq_Frame0101_DriverToReference-SequenceTransform =0.491138 0.582375 0.647783 71.74 -0.658462 0.735059 -0.161603 242.408 -0.570272 -0.347171 0.744487 142.577 0 0 0 1 
Seq_Frame0101_DriverToReference-SequenceTransformStatus = OK
Seq_Frame0101_Timestamp = 16.031
Seq_Frame0102_DriverToReference-SequenceTransform =0.491138 0.582375 0.647783 71.74 -0.658462 0.735059 -0.161603 242.408 -0.570272 -0.347171 0.744487 142.577 0 0 0 1 
Seq_Frame0102_DriverToReference-SequenceTransformStatus = OK
Seq_Frame0102_Timestamp = 16.137
Seq_Frame0103_DriverToReference-SequenceTransform =0.491138 0.582375 0.647783 71.74 -0.658462 0.735059 -0.161603 242.408 -0.570272 -0.347171 0.744487 142.577 0 0 0 1 
Seq_Frame0103_DriverToReference-SequenceTransformStatus = OK
Seq_Frame0103_Timestamp = 16.246
Seq_Frame0104_DriverToReference-SequenceTransform =0.491138 0.582375 0.647783 71.74 -0.658462 0.735059 -0.161603 242.408 -0.570272 -0.347171 0.744487 142.577 0 0 0 1 
Seq_Frame0104_DriverToReference-SequenceTransformStatus = OK
Seq_Frame0104_Timestamp = 16.351
Seq_Frame0105_DriverToReference-SequenceTransform =0.491138 0.582375 0.647783 71.74 -0.658462 0.735059 -0.161603 242.408 -0.570272 -0.347171 0.744487 142.577 0 0 0 1 
Seq_Frame0105_DriverToReference-SequenceTransformStatus = OK
Seq_Frame0105_Timestamp = 16.46
Seq_Frame0106_DriverToReference-SequenceTransform =0.491138 0.582375 0.647783 71.74 -0.658462 0.735059 -0.161603 242.408 -0.570272 -0.347171 0.744487 142.577 0 0 0 1 
Seq_Frame0106_DriverToReference-SequenceTransformStatus = OK
Seq_Frame0106_Timestamp = 16.567
Seq_Frame0107_DriverToReference-SequenceTransform =0.491138 0.582375 0.647783 71.74 -0.658462 0.735059 -0.161603 242.408 -0.570272 -0.347171 0.744487 142.577 0 0 0 1 
Seq_Frame0107_DriverToReference-SequenceTransformStatus = OK
Seq_Frame0107_Timestamp = 16.676
Seq_Frame0108_DriverToReference-SequenceTransform =0.491138 0.582375 0.647783 71.74 -0.658462 0.735059 -0.161603 242.408 -0.570272 -0.347171 0.744487 142.577 0 0 0 1 
Seq_Frame0108_DriverToReference-SequenceTransformStatus = OK
Seq_Frame0108_Timestamp = 16.782
Seq_Frame0109_DriverToReference-SequenceTransform =0.491138 0.582375 0.647783 71.74 -0.658462 0.735059 -0.161603 242.408 -0.570272 -0.347171 0.744487 142.577 0 0 0 1 
Seq_Frame0109_DriverToReference-SequenceTransformStatus = OK
Seq_Frame0109_Timestamp = 16.891
Seq_Frame0110_DriverToReference-SequenceTransform =0.491138 0.582375 0.647783 71.74 -0.658462 0.735059 -0.161603 242.408 -0.570272 -0.347171 0.744487 142.577 0 0 0 1 
Seq_Frame0110_DriverToReference-SequenceTransformStatus = OK
Seq_Frame0110_Timestamp = 16.997
Seq_Frame0111_DriverToReference-SequenceTransform =0.491138 0.582375 0.647783 71.74 -0.658462 0.735059 -0.161603 242.408 -0.570272 -0.347171 0.744487 142.577 0 0 0 1 
Seq_Frame0111_DriverToReference-SequenceTransformStatus = OK
Seq_Frame0111_Timestamp = 17.111
Seq_Frame0112_DriverToReference-SequenceTransform =0.491138 0.582375 0.647783 71.74 -0.658462 0.735059 -0.161603 242.408 -0.570272 -0.347171 0.744487 142.577 0 0 0 1 
Seq_Frame0112_DriverToReference-SequenceTransformStatus = OK
Seq_Frame0112_Timestamp = 17.217
Seq_Frame0113_DriverToReference-SequenceTransform =0.491138 0.582375 0.647783 71.74 -0.658462 0.735059 -0.161603 242.408 -0.570272 -0.347171 0.744487 142.577 0 0 0 1 
Seq_Frame0113_DriverToReference-SequenceTransformStatus = OK
Seq_Frame0113_Timestamp = 17.326
Seq_Frame0114_DriverToReference-SequenceTransform =0.491138 0.582375 0.647783 71.74 -0.658462 0.735059 -0.161603 242.408 -0.570272 -0.347171 0.744487 142.577 0 0 0 1 
Seq_Frame0114_DriverToReference-SequenceTransformStatus = OK
Seq_Frame0114_Timestamp = 17.431
Seq_Frame0115_DriverToReference-SequenceTransform =0.491138 0.582375 0.647783 71.74 -0.658462 0.735059 -0.161603 242.408 -0.570272 -0.347171 0.744487 142.577 0 0 0 1 
Seq_Frame0115_DriverToReference-SequenceTransformStatus = OK
Seq_Frame0115_Timestamp = 17.537
Seq_Frame0116_DriverToReference-SequenceTransform =0.491138 0.582375 0.647783 71.74 -0.658462 0.735059 -0.161603 242.408 -0.570272 -0.347171 0.744487 142.577 0 0 0 1 
Seq_Frame0116_DriverToReference-SequenceTransformStatus = OK
Seq_Frame0116_Timestamp = 17.642
Seq_Frame0117_DriverToReference-SequenceTransform =0.491138 0.582375 0.647783 71.74 -0.658462 0.735059 -0.161603 242.408 -0.570272 -0.347171 0.744487 142.577 0 0 0 1 
Seq_Frame0117_DriverToReference-SequenceTransformStatus = OK
Seq_Frame0117_Timestamp = 17.752
Seq_Frame0118_DriverToReference-SequenceTransform =0.491138 0.582375 0.647783 71.74 -0.658462 0.735059 -0.161603 242.408 -0.570272 -0.347171 0.744487 142.577 0 0 0 1 
Seq_Frame0118_DriverToReference-SequenceTransformStatus = OK
Seq_Frame0118_Timestamp = 17.857
Seq_Frame0119_DriverToReference-SequenceTransform =0.491138 0.582375 0.647783 71.74 -0.658462 0.735059 -0.161603 242.408 -0.570272 -0.347171 0.744487 142.577 0 0 0 1 
Seq_Frame0119_DriverToReference-SequenceTransformStatus = OK
Seq_Frame0119_Timestamp = 17.966
Seq_Frame0120_DriverToReference-SequenceTransform =0.491138 0.582375 0.647783 71.74 -0.658462 0.735059 -0.161603 242.408 -0.570272 -0.347171 0.744487 142.577 0 0 0 1 
Seq_Frame0120_DriverToReference-SequenceTransformStatus = OK
Seq_Frame0120_Timestamp = 18.077
Seq_Frame0121_DriverToReference-SequenceTransform =0.491138 0.582375 0.647783 71.74 -0.658462 0.735059 -0.161603 242.408 -0.570272 -0.347171 0.744487 142.577 0 0 0 1 
Seq_Frame0121_DriverToReference-SequenceTransformStatus = OK
Seq_Frame0121_Timestamp = 18.177
Seq_Frame0122_DriverToReference-SequenceTransform =0.491138 0.582375 0.647783 71.74 -0.658462 0.735059 -0.161603 242.408 -0.570272 -0.347171 0.744487 142.577 0 0 0 1 
Seq_Frame0122_DriverToReference-SequenceTransformStatus = OK
Seq_Frame0122_Timestamp = 18.281
Seq_Frame0123_DriverToReference-SequenceTransform =0.491138 0.582375 0.647783 71.74 -0.658462 0.735059 -0.161603 242.408 -0.570272 -0.347171 0.744487 142.577 0 0 0 1 
Seq_Frame0123_DriverToReference-SequenceTransformStatus = OK
Seq_Frame0123_Timestamp = 18.391
Seq_Frame0124_DriverToReference-SequenceTransform =0.491138 0.582375 0.647783 71.74 -0.658462 0.735059 -0.161603 242.408 -0.570272 -0.347171 0.744487 142.577 0 0 0 1 
Seq_Frame0124_DriverToReference-SequenceTransformStatus = OK
Seq_Frame0124_Timestamp = 18.51
Seq_Frame0125_DriverToReference-SequenceTransform =0.491138 0.582375 0.647783 71.74 -0.658462 0.735059 -0.161603 242.408 -0.570272 -0.347171 0.744487 142.577 0 0 0 1 
Seq_Frame0125_DriverToReference-SequenceTransformStatus = OK
Seq_Frame0125_Timestamp = 18.622
Seq_Frame0126_DriverToReference-SequenceTransform =0.491138 0.582375 0.647783 71.74 -0.658462 0.735059 -0.161603 242.408 -0.570272 -0.347171 0.744487 142.577 0 0 0 1 
Seq_Frame0126_DriverToReference-SequenceTransformStatus = OK
Seq_Frame0126_Timestamp = 18.731
Seq_Frame0127_DriverToReference-SequenceTransform =0.491138 0.582375 0.647783 71.74 -0.658462 0.735059 -0.161603 242.408 -0.570272 -0.347171 0.744487 142.577 0 0 0 1 
Seq_Frame0127_DriverToReference-SequenceTransformStatus = OK
Seq_Frame0127_Timestamp = 18.836
Seq_Frame0128_DriverToReference-SequenceTransform =0.491138 0.582375 0.647783 71.74 -0.658462 0.735059 -0.161603 242.408 -0.570272 -0.347171 0.744487 142.577 0 0 0 1 
Seq_Frame0128_DriverToReference-SequenceTransformStatus = OK
Seq_Frame0128_Timestamp = 18.946
Seq_Frame0129_DriverToReference-SequenceTransform =0.491138 0.582375 0.647783 71.74 -0.658462 0.735059 -0.161603 242.408 -0.570272 -0.347171 0.744487 142.577 0 0 0 1 
Seq_Frame0129_DriverToReference-SequenceTransformStatus = OK
Seq_Frame0129_Timestamp = 19.052
Seq_Frame0130_DriverToReference-SequenceTransform =0.491138 0.582375 0.647783 71.74 -0.658462 0.735059 -0.161603 242.408 -0.570272 -0.347171 0.744487 142.577 0 0 0 1 
Seq_Frame0130_DriverToReference-SequenceTransformStatus = OK
Seq_Frame0130_Timestamp = 19.161
Seq_Frame0131_DriverToReference-SequenceTransform =0.491138 0.582375 0.647783 71.74 -0.658462 0.735059 -0.161603 242.408 -0.570272 -0.347171 0.744487 142.577 0 0 0 1 
Seq_Frame0131_DriverToReference-SequenceTransformStatus = OK
Seq_Frame0131_Timestamp = 19.266
Seq_Frame0132_DriverToReference-SequenceTransform =0.491138 0.582375 0.647783 71.74 -0.658462 0.735059 -0.161603 242.408 -0.570272 -0.347171 0.744487 142.577 0 0 0 1 
Seq_Frame0132_DriverToReference-SequenceTransformStatus = OK
Seq_Frame0132_Timestamp = 19.371
Seq_Frame0133_DriverToReference-SequenceTransform =0.491138 0.582375 0.647783 71.74 -0.658462 0.735059 -0.161603 242.408 -0.570272 -0.347171 0.744487 142.577 0 0 0 1 
Seq_Frame0133_DriverToReference-SequenceTransformStatus = OK
Seq_Frame0133_Timestamp = 19.481
Seq_Frame0134_DriverToReference-SequenceTransform =0.491138 0.582375 0.647783 71.74 -0.658462 0.735059 -0.161603 242.408 -0.570272 -0.347171 0.744487 142.577 0 0 0 1 
Seq_Frame0134_DriverToReference-SequenceTransformStatus = OK
Seq_Frame0134_Timestamp = 19.587
Seq_Frame0135_DriverToReference-SequenceTransform =0.491138 0.582375 0.647783 71.74 -0.658462 0.735059 -0.161603 242.408 -0.570272 -0.347171 0.744487 142.577 0 0 0 1 
Seq_Frame0135_DriverToReference-SequenceTransformStatus = OK
Seq_Frame0135_Timestamp = 19.694
Seq_Frame0136_DriverToReference-SequenceTransform =0.491138 0.582375 0.647783 71.74 -0.658462 0.735059 -0.161603 242.408 -0.570272 -0.347171 0.744487 142.577 0 0 0 1 
Seq_Frame0136_DriverToReference-SequenceTransformStatus = OK
Seq_Frame0136_Timestamp = 19.802
Seq_Frame0137_DriverToReference-SequenceTransform =0.491138 0.582375 0.647783 71.74 -0.658462 0.735059 -0.161603 242.408 -0.570272 -0.347171 0.744487 142.577 0 0 0 1 
Seq_Frame0137_DriverToReference-SequenceTransformStatus = OK
Seq_Frame0137_Timestamp = 19.911
Seq_Frame0138_DriverToReference-SequenceTransform =0.491138 0.582375 0.647783 71.74 -0.658462 0.735059 -0.161603 242.408 -0.570272 -0.347171 0.744487 142.577 0 0 0 1 
Seq_Frame0138_DriverToReference-SequenceTransformStatus = OK
Seq_Frame0138_Timestamp = 20.017
Seq_Frame0139_DriverToReference-SequenceTransform =0.491138 0.582375 0.647783 71.74 -0.658462 0.735059 -0.161603 242.408 -0.570272 -0.347171 0.744487 142.577 0 0 0 1 
Seq_Frame0139_DriverToReference-SequenceTransformStatus = OK
Seq_Frame0139_Timestamp = 20.126
Seq_Frame0140_DriverToReference-SequenceTransform =0.491138 0.582375 0.647783 71.74 -0.658462 0.735059 -0.161603 242.408 -0.570272 -0.347171 0.744487 142.577 0 0 0 1 
Seq_Frame0140_DriverToReference-SequenceTransformStatus = OK
Seq_Frame0140_Timestamp = 20.232
Seq_Frame0141_DriverToReference-SequenceTransform =0.491138 0.582375 0.647783 71.74 -0.658462 0.735059 -0.161603 242.408 -0.570272 -0.347171 0.744487 142.577 0 0 0 1 
Seq_Frame0141_DriverToReference-SequenceTransformStatus = OK
Seq_Frame0141_Timestamp = 20.337
Seq_Frame0142_DriverToReference-SequenceTransform =0.491138 0.582375 0.647783 71.74 -0.658462 0.735059 -0.161603 242.408 -0.570272 -0.347171 0.744487 142.577 0 0 0 1 
Seq_Frame0142_DriverToReference-SequenceTransformStatus = OK
Seq_Frame0142_Timestamp = 20.444
Seq_Frame0143_DriverToReference-SequenceTransform =0.491138 0.582375 0.647783 71.74 -0.658462 0.735059 -0.161603 242.408 -0.570272 -0.347171 0.744487 142.577 0 0 0 1 
Seq_Frame0143_DriverToReference-SequenceTransformStatus = OK
Seq_Frame0143_Timestamp = 20.551
Seq_Frame0144_DriverToReference-SequenceTransform =0.491138 0.582375 0.647783 71.74 -0.658462 0.735059 -0.161603 242.408 -0.570272 -0.347171 0.744487 142.577 0 0 0 1 
Seq_Frame0144_DriverToReference-SequenceTransformStatus = OK
Seq_Frame0144_Timestamp = 20.656
Seq_Frame0145_DriverToReference-SequenceTransform =0.491138 0.582375 0.647783 71.74 -0.658462 0.735059 -0.161603 242.408 -0.570272 -0.347171 0.744487 142.577 0 0 0 1 
Seq_Frame0145_DriverToReference-SequenceTransformStatus = OK
Seq_Frame0145_Timestamp = 20.762
Seq_Frame0146_DriverToReference-SequenceTransform =0.491138 0.582375 0.647783 71.74 -0.658462 0.735059 -0.161603 242.408 -0.570272 -0.347171 0.744487 142.577 0 0 0 1 
Seq_Frame0146_DriverToReference-SequenceTransformStatus = OK
Seq_Frame0146_Timestamp = 20.871
Seq_Frame0147_DriverToReference-SequenceTransform =0.491138 0.582375 0.647783 71.74 -0.658462 0.735059 -0.161603 242.408 -0.570272 -0.347171 0.744487 142.577 0 0 0 1 
Seq_Frame0147_DriverToReference-SequenceTransformStatus = OK
Seq_Frame0147_Timestamp = 20.976
Seq_Frame0148_DriverToReference-SequenceTransform =0.491138 0.582375 0.647783 71.74 -0.658462 0.735059 -0.161603 242.408 -0.570272 -0.347171 0.744487 142.577 0 0 0 1 
Seq_Frame0148_DriverToReference-SequenceTransformStatus = OK
Seq_Frame0148_Timestamp = 21.146
Seq_Frame0149_DriverToReference-SequenceTransform =0.522316 -0.4576 0.719575 -0.448041 -0.0605671 0.821788 0.566565 245.417 -0.850599 -0.339508 0.401517 134.232 0 0 0 1 
Seq_Frame0149_DriverToReference-SequenceTransformStatus = OK
Seq_Frame0149_Timestamp = 21.266
Seq_Frame0150_DriverToReference-SequenceTransform =0.504213 -0.463434 0.728696 -3.58333 -0.0637867 0.821518 0.566603 244.926 -0.861221 -0.33217 0.384659 135.915 0 0 0 1 
Seq_Frame0150_DriverToReference-SequenceTransformStatus = OK
Seq_Frame0150_Timestamp = 21.372
Seq_Frame0151_DriverToReference-SequenceTransform =0.502872 -0.464769 0.728773 -4.01545 -0.0633704 0.821042 0.56734 244.552 -0.862035 -0.331482 0.383426 135.612 0 0 0 1 
Seq_Frame0151_DriverToReference-SequenceTransformStatus = OK
Seq_Frame0151_Timestamp = 21.494
