ObjectType = Image
NDims = 3
AnatomicalOrientation = RAI
BinaryData = True
CompressedData = False
DimSize = 0 0 1870
ElementSpacing = 1 1 1
Offset = 0 0 0
TransformMatrix = 1 0 0 0 1 0 0 0 1
ElementType = MET_UCHAR
Kinds = domain domain list
Seq_Frame0000_ForcepToReference-SequenceTransform =0.0665004 0.954719 0.289983 20.9611 -0.977 0.121318 -0.175367 -30.3026 -0.202606 -0.271651 0.940828 -26.6982 0 0 0 1 
Seq_Frame0000_ForcepToReference-SequenceTransformStatus = OK
Seq_Frame0000_Timestamp = 0.00300002
Seq_Frame0001_ForcepToReference-SequenceTransform =0.066505 0.955093 0.288748 20.9738 -0.977208 0.120816 -0.174551 -30.3409 -0.201597 -0.270558 0.941359 -26.6751 0 0 0 1 
Seq_Frame0001_ForcepToReference-SequenceTransformStatus = OK
Seq_Frame0001_Timestamp = 0.11
Seq_Frame0002_ForcepToReference-SequenceTransform =0.0658204 0.955064 0.288999 20.9492 -0.97715 0.120355 -0.175192 -30.2756 -0.202103 -0.270864 0.941163 -26.8112 0 0 0 1 
Seq_Frame0002_ForcepToReference-SequenceTransformStatus = OK
Seq_Frame0002_Timestamp = 0.222
Seq_Frame0003_ForcepToReference-SequenceTransform =0.0663632 0.955216 0.288371 20.9823 -0.977409 0.120356 -0.173742 -30.3301 -0.200669 -0.270326 0.941624 -26.6465 0 0 0 1 
Seq_Frame0003_ForcepToReference-SequenceTransformStatus = OK
Seq_Frame0003_Timestamp = 0.331
Seq_Frame0004_ForcepToReference-SequenceTransform =0.0646597 0.955578 0.287558 20.9538 -0.97645 0.120021 -0.179276 -30.2854 -0.205825 -0.269194 0.940835 -26.7451 0 0 0 1 
Seq_Frame0004_ForcepToReference-SequenceTransformStatus = OK
Seq_Frame0004_Timestamp = 0.437
Seq_Frame0005_ForcepToReference-SequenceTransform =0.536734 0.607692 0.585343 24.9423 -0.725105 0.686944 -0.0482829 49.2949 -0.431439 -0.39852 0.809347 -62.5917 0 0 0 1 
Seq_Frame0005_ForcepToReference-SequenceTransformStatus = OK
Seq_Frame0005_Timestamp = 1.357
Seq_Frame0006_ForcepToReference-SequenceTransform =0.776815 0.552401 0.302344 53.1704 -0.549635 0.82908 -0.102599 82.6319 -0.307343 -0.0864791 0.947661 -48.3969 0 0 0 1 
Seq_Frame0006_ForcepToReference-SequenceTransformStatus = OK
Seq_Frame0006_Timestamp = 1.461
Seq_Frame0007_ForcepToReference-SequenceTransform =0.761857 0.501264 0.410253 55.9881 -0.60487 0.777144 0.173722 76.5946 -0.231746 -0.380501 0.895272 -44.0315 0 0 0 1 
Seq_Frame0007_ForcepToReference-SequenceTransformStatus = OK
Seq_Frame0007_Timestamp = 1.566
Seq_Frame0008_ForcepToReference-SequenceTransform =0.910136 0.0729448 0.407839 59.0434 -0.259088 0.868363 0.42287 113.419 -0.323306 -0.490535 0.809227 -46.0887 0 0 0 1 
Seq_Frame0008_ForcepToReference-SequenceTransformStatus = OK
Seq_Frame0008_Timestamp = 1.677
Seq_Frame0009_ForcepToReference-SequenceTransform =0.881758 -0.193531 0.430172 57.6377 -0.114377 0.797023 0.59302 134.79 -0.457625 -0.572102 0.680646 -57.2463 0 0 0 1 
Seq_Frame0009_ForcepToReference-SequenceTransformStatus = OK
Seq_Frame0009_Timestamp = 1.781
Seq_Frame0010_ForcepToReference-SequenceTransform =-0.198601 -0.148615 -0.968747 55.4326 0.523857 -0.851489 0.0232318 129.911 -0.82833 -0.502871 0.24696 -97.0154 0 0 0 1 
Seq_Frame0010_ForcepToReference-SequenceTransformStatus = OK
Seq_Frame0010_Timestamp = 2.026
Seq_Frame0011_ForcepToReference-SequenceTransform =-0.255534 -0.134815 -0.957354 61.6025 0.469506 -0.882929 -0.000985129 121.402 -0.845143 -0.449736 0.288915 -109.433 0 0 0 1 
Seq_Frame0011_ForcepToReference-SequenceTransformStatus = OK
Seq_Frame0011_Timestamp = 2.135
Seq_Frame0012_ForcepToReference-SequenceTransform =-0.529529 -0.244437 -0.812311 48.364 0.695376 -0.673527 -0.250627 151.556 -0.485851 -0.697576 0.526628 -113.201 0 0 0 1 
Seq_Frame0012_ForcepToReference-SequenceTransformStatus = OK
Seq_Frame0012_Timestamp = 2.241
Seq_Frame0013_ForcepToReference-SequenceTransform =-0.237956 -0.420418 -0.875572 4.26138 0.958536 -0.247176 -0.141818 195.424 -0.156798 -0.873014 0.461802 -83.2423 0 0 0 1 
Seq_Frame0013_ForcepToReference-SequenceTransformStatus = OK
Seq_Frame0013_Timestamp = 2.671
Seq_Frame0014_ForcepToReference-SequenceTransform =-0.167426 -0.542023 -0.823517 -18.3912 0.97347 -0.223032 -0.0511178 186.94 -0.155963 -0.810227 0.564984 -87.2823 0 0 0 1 
Seq_Frame0014_ForcepToReference-SequenceTransformStatus = OK
Seq_Frame0014_Timestamp = 2.777
Seq_Frame0015_ForcepToReference-SequenceTransform =-0.151079 -0.617061 -0.772276 -40.1488 0.977288 -0.21068 -0.0228487 181.818 -0.148604 -0.758188 0.634876 -84.9193 0 0 0 1 
Seq_Frame0015_ForcepToReference-SequenceTransformStatus = OK
Seq_Frame0015_Timestamp = 2.887
Seq_Frame0016_ForcepToReference-SequenceTransform =-0.155829 0.487452 0.859132 -57.7049 -0.167745 0.844065 -0.509328 160.083 -0.973437 -0.223483 -0.0497617 -78.5575 0 0 0 1 
Seq_Frame0016_ForcepToReference-SequenceTransformStatus = OK
Seq_Frame0016_Timestamp = 3.002
Seq_Frame0017_ForcepToReference-SequenceTransform =-0.147715 0.525964 0.837581 -58.524 -0.184623 0.817322 -0.545802 156.631 -0.971645 -0.23526 -0.0236259 -74.1621 0 0 0 1 
Seq_Frame0017_ForcepToReference-SequenceTransformStatus = OK
Seq_Frame0017_Timestamp = 3.106
Seq_Frame0018_ForcepToReference-SequenceTransform =-0.171767 0.507082 0.844609 -63.0827 -0.178786 0.827068 -0.532911 160.537 -0.968778 -0.24254 -0.0514037 -76.1967 0 0 0 1 
Seq_Frame0018_ForcepToReference-SequenceTransformStatus = OK
Seq_Frame0018_Timestamp = 3.211
Seq_Frame0019_ForcepToReference-SequenceTransform =-0.184237 0.485922 0.854363 -68.162 -0.130191 0.849519 -0.511241 169.963 -0.974221 -0.20542 -0.0932504 -75.4704 0 0 0 1 
Seq_Frame0019_ForcepToReference-SequenceTransformStatus = OK
Seq_Frame0019_Timestamp = 3.317
Seq_Frame0020_ForcepToReference-SequenceTransform =-0.215259 0.491277 0.843985 -70.0068 -0.105786 0.847429 -0.520263 166.627 -0.970811 -0.201273 -0.130446 -77.8135 0 0 0 1 
Seq_Frame0020_ForcepToReference-SequenceTransformStatus = OK
Seq_Frame0020_Timestamp = 3.428
Seq_Frame0021_ForcepToReference-SequenceTransform =-0.188536 0.484696 0.854122 -69.9948 -0.224687 0.825361 -0.517972 152.982 -0.956018 -0.289567 -0.0467055 -86.1519 0 0 0 1 
Seq_Frame0021_ForcepToReference-SequenceTransformStatus = OK
Seq_Frame0021_Timestamp = 3.532
Seq_Frame0022_ForcepToReference-SequenceTransform =-0.165449 0.470824 0.866575 -70.5366 -0.266306 0.824715 -0.498925 154.478 -0.949583 -0.31332 -0.0110656 -85.5112 0 0 0 1 
Seq_Frame0022_ForcepToReference-SequenceTransformStatus = OK
Seq_Frame0022_Timestamp = 3.641
Seq_Frame0023_ForcepToReference-SequenceTransform =-0.175678 0.466033 0.867151 -71.0373 -0.239065 0.834287 -0.496803 160.58 -0.954979 -0.294583 -0.0351537 -82.4799 0 0 0 1 
Seq_Frame0023_ForcepToReference-SequenceTransformStatus = OK
Seq_Frame0023_Timestamp = 3.747
Seq_Frame0024_ForcepToReference-SequenceTransform =-0.152223 0.465109 0.872067 -73.533 -0.249609 0.835656 -0.48926 164.57 -0.956307 -0.292153 -0.0111108 -83.365 0 0 0 1 
Seq_Frame0024_ForcepToReference-SequenceTransformStatus = OK
Seq_Frame0024_Timestamp = 3.856
Seq_Frame0025_ForcepToReference-SequenceTransform =-0.175645 0.453663 0.873693 -76.6847 -0.219347 0.847145 -0.483975 167.917 -0.959706 -0.27665 -0.0492875 -84.3153 0 0 0 1 
Seq_Frame0025_ForcepToReference-SequenceTransformStatus = OK
Seq_Frame0025_Timestamp = 3.967
Seq_Frame0026_ForcepToReference-SequenceTransform =-0.172812 0.462669 0.869525 -75.3118 -0.213348 0.844265 -0.491629 165.198 -0.961571 -0.270471 -0.0471894 -85.0867 0 0 0 1 
Seq_Frame0026_ForcepToReference-SequenceTransformStatus = OK
Seq_Frame0026_Timestamp = 4.076
Seq_Frame0027_ForcepToReference-SequenceTransform =-0.151704 0.476637 0.865912 -72.9657 -0.232419 0.834287 -0.499947 162.011 -0.960712 -0.277098 -0.0157856 -84.3959 0 0 0 1 
Seq_Frame0027_ForcepToReference-SequenceTransformStatus = OK
Seq_Frame0027_Timestamp = 4.182
Seq_Frame0028_ForcepToReference-SequenceTransform =-0.120057 0.48232 0.867729 -73.0764 -0.250961 0.830918 -0.496582 162.471 -0.960523 -0.277385 0.0212862 -85.2354 0 0 0 1 
Seq_Frame0028_ForcepToReference-SequenceTransformStatus = OK
Seq_Frame0028_Timestamp = 4.286
Seq_Frame0029_ForcepToReference-SequenceTransform =-0.124483 0.467665 0.875096 -73.8991 -0.229317 0.844519 -0.483945 164.929 -0.965359 -0.260917 0.00211481 -84.3646 0 0 0 1 
Seq_Frame0029_ForcepToReference-SequenceTransformStatus = OK
Seq_Frame0029_Timestamp = 4.396
Seq_Frame0030_ForcepToReference-SequenceTransform =-0.13987 0.472017 0.870423 -74.2139 -0.222029 0.841728 -0.492135 161.775 -0.964956 -0.262094 -0.0129309 -86.8924 0 0 0 1 
Seq_Frame0030_ForcepToReference-SequenceTransformStatus = OK
Seq_Frame0030_Timestamp = 4.502
Seq_Frame0031_ForcepToReference-SequenceTransform =-0.170757 0.477508 0.861875 -74.6128 -0.240467 0.828076 -0.506424 156.069 -0.95552 -0.293728 -0.0265744 -91.6192 0 0 0 1 
Seq_Frame0031_ForcepToReference-SequenceTransformStatus = OK
Seq_Frame0031_Timestamp = 4.61
Seq_Frame0032_ForcepToReference-SequenceTransform =-0.187775 0.478396 0.857833 -74.0325 -0.256901 0.819045 -0.512998 150.211 -0.94802 -0.316706 -0.0308956 -94.9983 0 0 0 1 
Seq_Frame0032_ForcepToReference-SequenceTransformStatus = OK
Seq_Frame0032_Timestamp = 4.718
Seq_Frame0033_ForcepToReference-SequenceTransform =-0.185048 0.488136 0.852925 -72.0677 -0.263176 0.811598 -0.521582 147.98 -0.946835 -0.320987 -0.0217184 -94.8812 0 0 0 1 
Seq_Frame0033_ForcepToReference-SequenceTransformStatus = OK
Seq_Frame0033_Timestamp = 4.827
Seq_Frame0034_ForcepToReference-SequenceTransform =-0.190076 0.494356 0.848224 -70.993 -0.255329 0.809353 -0.528918 146.488 -0.947986 -0.317111 -0.0276155 -95.029 0 0 0 1 
Seq_Frame0034_ForcepToReference-SequenceTransformStatus = OK
Seq_Frame0034_Timestamp = 4.931
Seq_Frame0035_ForcepToReference-SequenceTransform =-0.188592 0.506439 0.841399 -70.5459 -0.248739 0.804203 -0.539803 143.627 -0.950033 -0.311091 -0.0256954 -96.2411 0 0 0 1 
Seq_Frame0035_ForcepToReference-SequenceTransformStatus = OK
Seq_Frame0035_Timestamp = 5.037
Seq_Frame0036_ForcepToReference-SequenceTransform =-0.263553 0.479921 0.836789 -68.157 -0.249223 0.804132 -0.539686 142.288 -0.931895 -0.350783 -0.0923245 -96.8933 0 0 0 1 
Seq_Frame0036_ForcepToReference-SequenceTransformStatus = OK
Seq_Frame0036_Timestamp = 5.142
Seq_Frame0037_ForcepToReference-SequenceTransform =-0.163589 0.460364 0.872527 -66.5641 -0.186059 0.854172 -0.485563 148.205 -0.968825 -0.241774 -0.0540781 -86.6139 0 0 0 1 
Seq_Frame0037_ForcepToReference-SequenceTransformStatus = OK
Seq_Frame0037_Timestamp = 5.251
Seq_Frame0038_ForcepToReference-SequenceTransform =-0.108979 0.463434 0.879405 -66.7134 -0.116287 0.872656 -0.474288 158.769 -0.987219 -0.15395 -0.0412095 -82.3006 0 0 0 1 
Seq_Frame0038_ForcepToReference-SequenceTransformStatus = OK
Seq_Frame0038_Timestamp = 5.357
Seq_Frame0039_ForcepToReference-SequenceTransform =-0.0755024 0.422743 0.903099 -65.0277 -0.0940894 0.898623 -0.428514 162.148 -0.992697 -0.117326 -0.0280725 -80.1024 0 0 0 1 
Seq_Frame0039_ForcepToReference-SequenceTransformStatus = OK
Seq_Frame0039_Timestamp = 5.462
Seq_Frame0040_ForcepToReference-SequenceTransform =0.0416696 0.458475 0.88773 -46.4425 -0.257716 0.863368 -0.433796 155.569 -0.965322 -0.210706 0.154132 -90.7047 0 0 0 1 
Seq_Frame0040_ForcepToReference-SequenceTransformStatus = OK
Seq_Frame0040_Timestamp = 5.571
Seq_Frame0041_ForcepToReference-SequenceTransform =0.0638113 0.42249 0.904118 -8.40309 -0.239426 0.885986 -0.397119 175.767 -0.968815 -0.191129 0.157691 -86.5311 0 0 0 1 
Seq_Frame0041_ForcepToReference-SequenceTransformStatus = OK
Seq_Frame0041_Timestamp = 5.922
Seq_Frame0042_ForcepToReference-SequenceTransform =-0.0207958 0.387961 0.921441 -31.6274 0.123302 0.9156 -0.382719 201.227 -0.992151 0.105657 -0.0668769 -52.4424 0 0 0 1 
Seq_Frame0042_ForcepToReference-SequenceTransformStatus = OK
Seq_Frame0042_Timestamp = 6.032
Seq_Frame0043_ForcepToReference-SequenceTransform =0.0217042 0.405325 0.913915 -27.5368 -0.0190601 0.914132 -0.404969 188.41 -0.999583 -0.00862981 0.027566 -65.2785 0 0 0 1 
Seq_Frame0043_ForcepToReference-SequenceTransformStatus = OK
Seq_Frame0043_Timestamp = 6.142
Seq_Frame0044_ForcepToReference-SequenceTransform =0.0736451 0.415622 0.906551 -22.0079 0.00246681 0.908941 -0.416918 186.784 -0.997281 0.0329403 0.0659138 -57.5047 0 0 0 1 
Seq_Frame0044_ForcepToReference-SequenceTransformStatus = OK
Seq_Frame0044_Timestamp = 6.246
Seq_Frame0045_ForcepToReference-SequenceTransform =0.127441 0.429268 0.894141 -18.3543 -0.0604745 0.903177 -0.424986 179.751 -0.990001 8.78234e-05 0.141061 -60.9334 0 0 0 1 
Seq_Frame0045_ForcepToReference-SequenceTransformStatus = OK
Seq_Frame0045_Timestamp = 6.351
Seq_Frame0046_ForcepToReference-SequenceTransform =0.114041 0.455187 0.883063 -17.2916 -0.0827087 0.890126 -0.448147 175.972 -0.990027 -0.0219299 0.139159 -61.139 0 0 0 1 
Seq_Frame0046_ForcepToReference-SequenceTransformStatus = OK
Seq_Frame0046_Timestamp = 6.461
Seq_Frame0047_ForcepToReference-SequenceTransform =0.105901 0.466011 0.878419 -15.1207 -0.078319 0.884551 -0.459822 174.335 -0.991288 -0.0201015 0.130172 -56.7138 0 0 0 1 
Seq_Frame0047_ForcepToReference-SequenceTransformStatus = OK
Seq_Frame0047_Timestamp = 6.567
Seq_Frame0048_ForcepToReference-SequenceTransform =0.110749 0.488807 0.865334 -9.96204 -0.100303 0.871741 -0.47959 168.457 -0.988774 -0.0336813 0.145573 -52.0782 0 0 0 1 
Seq_Frame0048_ForcepToReference-SequenceTransformStatus = OK
Seq_Frame0048_Timestamp = 6.676
Seq_Frame0049_ForcepToReference-SequenceTransform =0.142536 0.494807 0.857234 -7.38541 -0.121385 0.868278 -0.480998 167.02 -0.982318 -0.0354956 0.183823 -49.8289 0 0 0 1 
Seq_Frame0049_ForcepToReference-SequenceTransformStatus = OK
Seq_Frame0049_Timestamp = 6.781
Seq_Frame0050_ForcepToReference-SequenceTransform =0.454205 0.0636279 0.888622 -4.03312 -0.243984 0.968196 0.055383 197.478 -0.856837 -0.241965 0.455284 -10.2151 0 0 0 1 
Seq_Frame0050_ForcepToReference-SequenceTransformStatus = OK
Seq_Frame0050_Timestamp = 7.612
Seq_Frame0051_ForcepToReference-SequenceTransform =0.57988 0.175835 0.795501 14.5171 -0.366565 0.928324 0.062013 205.544 -0.727578 -0.327563 0.602771 13.6556 0 0 0 1 
Seq_Frame0051_ForcepToReference-SequenceTransformStatus = OK
Seq_Frame0051_Timestamp = 7.719
Seq_Frame0052_ForcepToReference-SequenceTransform =0.618449 0.325399 0.715288 29.4991 -0.495718 0.867825 0.0338142 195.46 -0.609741 -0.375493 0.698012 13.6699 0 0 0 1 
Seq_Frame0052_ForcepToReference-SequenceTransformStatus = OK
Seq_Frame0052_Timestamp = 7.827
Seq_Frame0053_ForcepToReference-SequenceTransform =0.569364 0.482223 0.665797 40.1827 -0.654443 0.756015 0.0120883 180.923 -0.497523 -0.442609 0.746035 13.9902 0 0 0 1 
Seq_Frame0053_ForcepToReference-SequenceTransformStatus = OK
Seq_Frame0053_Timestamp = 7.937
Seq_Frame0054_ForcepToReference-SequenceTransform =-0.0147741 -0.291001 -0.956609 23.7519 0.496356 -0.832646 0.245626 158.493 -0.867993 -0.471189 0.156742 5.77035 0 0 0 1 
Seq_Frame0054_ForcepToReference-SequenceTransformStatus = OK
Seq_Frame0054_Timestamp = 8.742
Seq_Frame0055_ForcepToReference-SequenceTransform =-0.0301115 -0.307391 -0.951107 23.2123 0.459392 -0.849341 0.259957 157.649 -0.887723 -0.429103 0.166788 4.23946 0 0 0 1 
Seq_Frame0055_ForcepToReference-SequenceTransformStatus = OK
Seq_Frame0055_Timestamp = 8.852
Seq_Frame0056_ForcepToReference-SequenceTransform =-0.0452119 -0.354187 -0.934081 19.5576 0.426041 -0.852576 0.30266 153.086 -0.903573 -0.384273 0.189445 4.08139 0 0 0 1 
Seq_Frame0056_ForcepToReference-SequenceTransformStatus = OK
Seq_Frame0056_Timestamp = 8.956
Seq_Frame0057_ForcepToReference-SequenceTransform =-0.0682053 -0.372831 -0.925389 17.2102 0.41958 -0.852253 0.31244 153.255 -0.905152 -0.366964 0.21456 5.57294 0 0 0 1 
Seq_Frame0057_ForcepToReference-SequenceTransformStatus = OK
Seq_Frame0057_Timestamp = 9.067
Seq_Frame0058_ForcepToReference-SequenceTransform =-0.0352771 -0.353275 -0.934854 19.5776 0.447437 -0.842028 0.301312 155.322 -0.89362 -0.407659 0.187772 8.57205 0 0 0 1 
Seq_Frame0058_ForcepToReference-SequenceTransformStatus = OK
Seq_Frame0058_Timestamp = 9.171
Seq_Frame0059_ForcepToReference-SequenceTransform =0.306729 0.417811 0.855191 15.0874 -0.864393 0.498396 0.0665333 160.085 -0.398425 -0.759628 0.514025 -1.5805 0 0 0 1 
Seq_Frame0059_ForcepToReference-SequenceTransformStatus = OK
Seq_Frame0059_Timestamp = 9.311
Seq_Frame0060_ForcepToReference-SequenceTransform =0.326723 0.485284 0.811019 17.5882 -0.833699 0.552193 0.00544804 158.955 -0.445195 -0.677925 0.584995 2.29462 0 0 0 1 
Seq_Frame0060_ForcepToReference-SequenceTransformStatus = OK
Seq_Frame0060_Timestamp = 9.817
Seq_Frame0061_ForcepToReference-SequenceTransform =0.367216 0.48894 0.791259 19.629 -0.838186 0.542742 0.0536199 160.295 -0.403232 -0.682912 0.609126 4.96951 0 0 0 1 
Seq_Frame0061_ForcepToReference-SequenceTransformStatus = OK
Seq_Frame0061_Timestamp = 9.926
Seq_Frame0062_ForcepToReference-SequenceTransform =0.38353 0.489095 0.783384 20.6167 -0.825542 0.561808 0.0534134 164.205 -0.413987 -0.667202 0.619238 8.41713 0 0 0 1 
Seq_Frame0062_ForcepToReference-SequenceTransformStatus = OK
Seq_Frame0062_Timestamp = 10.031
Seq_Frame0063_ForcepToReference-SequenceTransform =0.416721 0.500578 0.758792 22.5802 -0.832195 0.545957 0.0968642 164.728 -0.365779 -0.671828 0.64409 9.85657 0 0 0 1 
Seq_Frame0063_ForcepToReference-SequenceTransformStatus = OK
Seq_Frame0063_Timestamp = 10.141
Seq_Frame0064_ForcepToReference-SequenceTransform =0.465352 0.509553 0.723743 25.4679 -0.834451 0.525256 0.166728 166.446 -0.295193 -0.681515 0.669626 13.2982 0 0 0 1 
Seq_Frame0064_ForcepToReference-SequenceTransformStatus = OK
Seq_Frame0064_Timestamp = 10.247
Seq_Frame0065_ForcepToReference-SequenceTransform =0.506518 0.524554 0.684312 27.1344 -0.82183 0.533801 0.199127 171.936 -0.260833 -0.66325 0.701474 18.8839 0 0 0 1 
Seq_Frame0065_ForcepToReference-SequenceTransformStatus = OK
Seq_Frame0065_Timestamp = 10.352
Seq_Frame0066_ForcepToReference-SequenceTransform =0.530278 0.529574 0.662086 27.3596 -0.79781 0.575937 0.178315 180.135 -0.286889 -0.622775 0.727906 24.6034 0 0 0 1 
Seq_Frame0066_ForcepToReference-SequenceTransformStatus = OK
Seq_Frame0066_Timestamp = 10.456
Seq_Frame0067_ForcepToReference-SequenceTransform =0.534495 0.517556 0.66817 26.0506 -0.787607 0.591788 0.171645 184.262 -0.306579 -0.617999 0.723938 27.878 0 0 0 1 
Seq_Frame0067_ForcepToReference-SequenceTransformStatus = OK
Seq_Frame0067_Timestamp = 10.568
Seq_Frame0068_ForcepToReference-SequenceTransform =0.532311 0.515781 0.671278 25.3698 -0.782301 0.602728 0.15724 188.132 -0.323496 -0.608842 0.724335 26.6005 0 0 0 1 
Seq_Frame0068_ForcepToReference-SequenceTransformStatus = OK
Seq_Frame0068_Timestamp = 10.671
Seq_Frame0069_ForcepToReference-SequenceTransform =0.553287 0.515118 0.654619 25.4257 -0.759535 0.634652 0.142556 191.912 -0.342022 -0.576081 0.742396 20.112 0 0 0 1 
Seq_Frame0069_ForcepToReference-SequenceTransformStatus = OK
Seq_Frame0069_Timestamp = 10.777
Seq_Frame0070_ForcepToReference-SequenceTransform =0.512973 0.551863 0.6575 24.5084 -0.750799 0.659755 0.0320085 184.498 -0.416125 -0.51007 0.752774 9.71273 0 0 0 1 
Seq_Frame0070_ForcepToReference-SequenceTransformStatus = OK
Seq_Frame0070_Timestamp = 10.885
Seq_Frame0071_ForcepToReference-SequenceTransform =0.478771 0.569431 0.668226 24.666 -0.784962 0.618536 0.0353226 175.945 -0.393208 -0.541444 0.743119 6.15805 0 0 0 1 
Seq_Frame0071_ForcepToReference-SequenceTransformStatus = OK
Seq_Frame0071_Timestamp = 10.992
Seq_Frame0072_ForcepToReference-SequenceTransform =0.455739 0.578837 0.676203 24.7636 -0.799666 0.599907 0.025422 171.673 -0.390944 -0.552322 0.736277 6.05628 0 0 0 1 
Seq_Frame0072_ForcepToReference-SequenceTransformStatus = OK
Seq_Frame0072_Timestamp = 11.097
Seq_Frame0073_ForcepToReference-SequenceTransform =0.434853 0.57018 0.696992 23.7625 -0.805983 0.591639 0.018857 167.783 -0.401616 -0.569963 0.716831 3.05579 0 0 0 1 
Seq_Frame0073_ForcepToReference-SequenceTransformStatus = OK
Seq_Frame0073_Timestamp = 11.211
Seq_Frame0074_ForcepToReference-SequenceTransform =0.429141 0.602812 0.672648 26.9142 -0.815832 0.578285 0.00224425 163.052 -0.387629 -0.549731 0.739959 4.73398 0 0 0 1 
Seq_Frame0074_ForcepToReference-SequenceTransformStatus = OK
Seq_Frame0074_Timestamp = 11.312
Seq_Frame0075_ForcepToReference-SequenceTransform =0.463029 0.615609 0.637675 33.3073 -0.825237 0.561929 0.0567367 160.176 -0.323401 -0.552504 0.768213 14.8591 0 0 0 1 
Seq_Frame0075_ForcepToReference-SequenceTransformStatus = OK
Seq_Frame0075_Timestamp = 11.422
Seq_Frame0076_ForcepToReference-SequenceTransform =0.531207 0.576866 0.62052 37.5512 -0.811687 0.556451 0.177555 161.009 -0.242864 -0.597987 0.763825 22.6126 0 0 0 1 
Seq_Frame0076_ForcepToReference-SequenceTransformStatus = OK
Seq_Frame0076_Timestamp = 11.527
Seq_Frame0077_ForcepToReference-SequenceTransform =0.585615 0.547549 0.5977 36.8618 -0.791681 0.544688 0.276689 165.864 -0.174059 -0.635221 0.752461 23.4375 0 0 0 1 
Seq_Frame0077_ForcepToReference-SequenceTransformStatus = OK
Seq_Frame0077_Timestamp = 11.632
Seq_Frame0078_ForcepToReference-SequenceTransform =0.546644 0.568225 0.615061 35.9802 -0.810656 0.543148 0.218694 164.077 -0.209802 -0.618151 0.757544 25.0368 0 0 0 1 
Seq_Frame0078_ForcepToReference-SequenceTransformStatus = OK
Seq_Frame0078_Timestamp = 11.737
Seq_Frame0079_ForcepToReference-SequenceTransform =0.560393 0.528425 0.637751 33.3232 -0.798275 0.54982 0.245877 164.941 -0.220721 -0.646888 0.729944 22.2039 0 0 0 1 
Seq_Frame0079_ForcepToReference-SequenceTransformStatus = OK
Seq_Frame0079_Timestamp = 11.847
Seq_Frame0080_ForcepToReference-SequenceTransform =0.589702 0.535327 0.604712 33.8006 -0.796148 0.511088 0.32394 164.142 -0.135648 -0.672469 0.727589 21.5507 0 0 0 1 
Seq_Frame0080_ForcepToReference-SequenceTransformStatus = OK
Seq_Frame0080_Timestamp = 11.952
Seq_Frame0081_ForcepToReference-SequenceTransform =0.595163 0.554121 0.582005 34.7535 -0.794664 0.513559 0.323676 164.377 -0.119538 -0.655139 0.745992 23.4294 0 0 0 1 
Seq_Frame0081_ForcepToReference-SequenceTransformStatus = OK
Seq_Frame0081_Timestamp = 12.061
Seq_Frame0082_ForcepToReference-SequenceTransform =0.615885 0.557848 0.55632 35.7799 -0.782326 0.516414 0.348257 164.619 -0.0930171 -0.64971 0.75447 26.0153 0 0 0 1 
Seq_Frame0082_ForcepToReference-SequenceTransformStatus = OK
Seq_Frame0082_Timestamp = 12.167
Seq_Frame0083_ForcepToReference-SequenceTransform =0.628006 0.565704 0.534404 38.0363 -0.776848 0.496311 0.387533 166.322 -0.046002 -0.658524 0.751152 30.6828 0 0 0 1 
Seq_Frame0083_ForcepToReference-SequenceTransformStatus = OK
Seq_Frame0083_Timestamp = 12.276
Seq_Frame0084_ForcepToReference-SequenceTransform =0.602108 0.576985 0.551864 38.506 -0.791028 0.524901 0.314251 167.374 -0.108356 -0.625753 0.772459 32.7996 0 0 0 1 
Seq_Frame0084_ForcepToReference-SequenceTransformStatus = OK
Seq_Frame0084_Timestamp = 12.385
Seq_Frame0085_ForcepToReference-SequenceTransform =0.591496 0.55033 0.589297 35.1033 -0.791116 0.537313 0.292285 166.391 -0.155784 -0.639087 0.753193 25.3138 0 0 0 1 
Seq_Frame0085_ForcepToReference-SequenceTransformStatus = OK
Seq_Frame0085_Timestamp = 12.491
Seq_Frame0086_ForcepToReference-SequenceTransform =0.596861 0.533393 0.599374 32.5691 -0.78213 0.553422 0.286351 168.939 -0.178969 -0.6397 0.747498 22.3749 0 0 0 1 
Seq_Frame0086_ForcepToReference-SequenceTransformStatus = OK
Seq_Frame0086_Timestamp = 12.597
Seq_Frame0087_ForcepToReference-SequenceTransform =0.600511 0.534759 0.594491 32.3816 -0.77987 0.555891 0.28773 169.125 -0.176606 -0.636411 0.750861 21.8861 0 0 0 1 
Seq_Frame0087_ForcepToReference-SequenceTransformStatus = OK
Seq_Frame0087_Timestamp = 12.702
Seq_Frame0088_ForcepToReference-SequenceTransform =0.614063 0.545961 0.569959 33.2369 -0.77479 0.554619 0.303477 170.091 -0.150424 -0.627952 0.763577 24.0247 0 0 0 1 
Seq_Frame0088_ForcepToReference-SequenceTransformStatus = OK
Seq_Frame0088_Timestamp = 12.811
Seq_Frame0089_ForcepToReference-SequenceTransform =0.629514 0.54761 0.551213 33.5405 -0.764635 0.562622 0.314308 174.19 -0.138007 -0.619338 0.7729 28.3583 0 0 0 1 
Seq_Frame0089_ForcepToReference-SequenceTransformStatus = OK
Seq_Frame0089_Timestamp = 12.917
Seq_Frame0090_ForcepToReference-SequenceTransform =0.645235 0.549013 0.531279 34.4109 -0.753919 0.570079 0.326521 177.911 -0.123607 -0.611224 0.781746 32.4313 0 0 0 1 
Seq_Frame0090_ForcepToReference-SequenceTransformStatus = OK
Seq_Frame0090_Timestamp = 13.026
Seq_Frame0091_ForcepToReference-SequenceTransform =0.660588 0.51603 0.545286 34.2884 -0.736655 0.585607 0.338235 176.485 -0.144784 -0.625122 0.766981 31.2087 0 0 0 1 
Seq_Frame0091_ForcepToReference-SequenceTransformStatus = OK
Seq_Frame0091_Timestamp = 13.132
Seq_Frame0092_ForcepToReference-SequenceTransform =0.630699 0.508723 0.58602 32.0402 -0.745179 0.607816 0.274349 175.437 -0.216625 -0.609722 0.762439 20.5836 0 0 0 1 
Seq_Frame0092_ForcepToReference-SequenceTransformStatus = OK
Seq_Frame0092_Timestamp = 13.236
Seq_Frame0093_ForcepToReference-SequenceTransform =0.5286 0.416624 0.739599 22.8883 -0.6526 0.756635 0.0402006 185.232 -0.542858 -0.503913 0.671846 -15.633 0 0 0 1 
Seq_Frame0093_ForcepToReference-SequenceTransformStatus = OK
Seq_Frame0093_Timestamp = 13.342
Seq_Frame0094_ForcepToReference-SequenceTransform =0.489149 0.416171 0.766508 21.5817 -0.501771 0.853102 -0.142979 195.459 -0.713413 -0.314674 0.626117 -34.9255 0 0 0 1 
Seq_Frame0094_ForcepToReference-SequenceTransformStatus = OK
Seq_Frame0094_Timestamp = 13.452
Seq_Frame0095_ForcepToReference-SequenceTransform =0.489149 0.416171 0.766508 21.5817 -0.501771 0.853102 -0.142979 195.459 -0.713413 -0.314674 0.626117 -34.9255 0 0 0 1 
Seq_Frame0095_ForcepToReference-SequenceTransformStatus = OK
Seq_Frame0095_Timestamp = 13.556
Seq_Frame0096_ForcepToReference-SequenceTransform =0.489149 0.416171 0.766508 21.5817 -0.501771 0.853102 -0.142979 195.459 -0.713413 -0.314674 0.626117 -34.9255 0 0 0 1 
Seq_Frame0096_ForcepToReference-SequenceTransformStatus = OK
Seq_Frame0096_Timestamp = 13.666
Seq_Frame0097_ForcepToReference-SequenceTransform =0.489149 0.416171 0.766508 21.5817 -0.501771 0.853102 -0.142979 195.459 -0.713413 -0.314674 0.626117 -34.9255 0 0 0 1 
Seq_Frame0097_ForcepToReference-SequenceTransformStatus = OK
Seq_Frame0097_Timestamp = 13.772
Seq_Frame0098_ForcepToReference-SequenceTransform =0.489149 0.416171 0.766508 21.5817 -0.501771 0.853102 -0.142979 195.459 -0.713413 -0.314674 0.626117 -34.9255 0 0 0 1 
Seq_Frame0098_ForcepToReference-SequenceTransformStatus = OK
Seq_Frame0098_Timestamp = 13.877
Seq_Frame0099_ForcepToReference-SequenceTransform =-0.426354 -0.655497 -0.623334 57.2167 0.702291 0.194432 -0.684824 205.52 0.570096 -0.72974 0.377452 -3.98438 0 0 0 1 
Seq_Frame0099_ForcepToReference-SequenceTransformStatus = OK
Seq_Frame0099_Timestamp = 15.776
Seq_Frame0100_ForcepToReference-SequenceTransform =-0.47938 0.209237 0.852299 -2.32338 0.511583 0.855716 0.077667 241.31 -0.713076 0.473254 -0.517256 33.932 0 0 0 1 
Seq_Frame0100_ForcepToReference-SequenceTransformStatus = OK
Seq_Frame0100_Timestamp = 15.927
Seq_Frame0101_ForcepToReference-SequenceTransform =-0.463255 0.118384 0.878283 -31.56 0.630535 0.740433 0.232776 257.845 -0.622753 0.661622 -0.417655 74.2303 0 0 0 1 
Seq_Frame0101_ForcepToReference-SequenceTransformStatus = OK
Seq_Frame0101_Timestamp = 16.031
Seq_Frame0102_ForcepToReference-SequenceTransform =-0.516897 0.160847 0.8408 -42.423 0.678838 0.675399 0.288122 265.56 -0.521532 0.719697 -0.458302 97.0726 0 0 0 1 
Seq_Frame0102_ForcepToReference-SequenceTransformStatus = OK
Seq_Frame0102_Timestamp = 16.137
Seq_Frame0103_ForcepToReference-SequenceTransform =-0.541129 0.206714 0.815137 -45.1155 0.697385 0.651979 0.297621 267.017 -0.46993 0.729516 -0.496964 112.4 0 0 0 1 
Seq_Frame0103_ForcepToReference-SequenceTransformStatus = OK
Seq_Frame0103_Timestamp = 16.246
Seq_Frame0104_ForcepToReference-SequenceTransform =-0.544044 0.224843 0.80837 -45.8996 0.718443 0.6225 0.310377 266.635 -0.433424 0.749626 -0.500204 123.018 0 0 0 1 
Seq_Frame0104_ForcepToReference-SequenceTransformStatus = OK
Seq_Frame0104_Timestamp = 16.351
Seq_Frame0105_ForcepToReference-SequenceTransform =-0.554647 0.233134 0.798759 -45.8756 0.722252 0.611561 0.323025 268.414 -0.413181 0.75607 -0.507582 126.93 0 0 0 1 
Seq_Frame0105_ForcepToReference-SequenceTransformStatus = OK
Seq_Frame0105_Timestamp = 16.46
Seq_Frame0106_ForcepToReference-SequenceTransform =-0.546675 0.238842 0.802559 -43.5978 0.742441 0.581468 0.33268 267.176 -0.387204 0.777721 -0.4952 134.191 0 0 0 1 
Seq_Frame0106_ForcepToReference-SequenceTransformStatus = OK
Seq_Frame0106_Timestamp = 16.567
Seq_Frame0107_ForcepToReference-SequenceTransform =-0.523413 0.231185 0.820118 -41.935 0.744498 0.592226 0.308207 264.3 -0.414442 0.771895 -0.482095 139.797 0 0 0 1 
Seq_Frame0107_ForcepToReference-SequenceTransformStatus = OK
Seq_Frame0107_Timestamp = 16.676
Seq_Frame0108_ForcepToReference-SequenceTransform =-0.50979 0.217799 0.832272 -40.6469 0.751761 0.583157 0.307867 261.854 -0.418293 0.782618 -0.461021 144.434 0 0 0 1 
Seq_Frame0108_ForcepToReference-SequenceTransformStatus = OK
Seq_Frame0108_Timestamp = 16.782
Seq_Frame0109_ForcepToReference-SequenceTransform =-0.506769 0.237632 0.828684 -39.2857 0.744259 0.605692 0.281453 261.327 -0.435044 0.759387 -0.483805 144.757 0 0 0 1 
Seq_Frame0109_ForcepToReference-SequenceTransformStatus = OK
Seq_Frame0109_Timestamp = 16.891
Seq_Frame0110_ForcepToReference-SequenceTransform =-0.499627 0.219246 0.838036 -40.5168 0.745884 0.600836 0.287497 261.901 -0.440489 0.768718 -0.463726 141.982 0 0 0 1 
Seq_Frame0110_ForcepToReference-SequenceTransformStatus = OK
Seq_Frame0110_Timestamp = 16.997
Seq_Frame0111_ForcepToReference-SequenceTransform =-0.482012 0.226796 0.846302 -38.8639 0.742458 0.618595 0.257093 260.82 -0.465211 0.752266 -0.466557 141.143 0 0 0 1 
Seq_Frame0111_ForcepToReference-SequenceTransformStatus = OK
Seq_Frame0111_Timestamp = 17.111
Seq_Frame0112_ForcepToReference-SequenceTransform =-0.479826 0.214023 0.850859 -39.0069 0.743769 0.613627 0.265085 260.77 -0.465376 0.760037 -0.453618 141.169 0 0 0 1 
Seq_Frame0112_ForcepToReference-SequenceTransformStatus = OK
Seq_Frame0112_Timestamp = 17.217
Seq_Frame0113_ForcepToReference-SequenceTransform =-0.473454 0.212415 0.854822 -39.3973 0.735329 0.629585 0.250826 261.175 -0.484904 0.74733 -0.454275 141.413 0 0 0 1 
Seq_Frame0113_ForcepToReference-SequenceTransformStatus = OK
Seq_Frame0113_Timestamp = 17.326
Seq_Frame0114_ForcepToReference-SequenceTransform =-0.500505 0.229417 0.834783 -39.3032 0.737558 0.617905 0.272398 261.459 -0.453324 0.752038 -0.478474 140.233 0 0 0 1 
Seq_Frame0114_ForcepToReference-SequenceTransformStatus = OK
Seq_Frame0114_Timestamp = 17.431
Seq_Frame0115_ForcepToReference-SequenceTransform =-0.498755 0.214526 0.839775 -40.2985 0.741412 0.607447 0.28516 262.248 -0.448945 0.764844 -0.462019 140.011 0 0 0 1 
Seq_Frame0115_ForcepToReference-SequenceTransformStatus = OK
Seq_Frame0115_Timestamp = 17.537
Seq_Frame0116_ForcepToReference-SequenceTransform =-0.482984 0.213411 0.849225 -40.492 0.736079 0.624234 0.261763 261.558 -0.474252 0.751524 -0.458582 140.084 0 0 0 1 
Seq_Frame0116_ForcepToReference-SequenceTransformStatus = OK
Seq_Frame0116_Timestamp = 17.642
Seq_Frame0117_ForcepToReference-SequenceTransform =-0.483482 0.212946 0.849058 -40.3467 0.740398 0.616916 0.266883 261.94 -0.466965 0.757674 -0.455932 141.388 0 0 0 1 
Seq_Frame0117_ForcepToReference-SequenceTransformStatus = OK
Seq_Frame0117_Timestamp = 17.752
Seq_Frame0118_ForcepToReference-SequenceTransform =-0.487782 0.20894 0.847592 -39.9104 0.746871 0.602548 0.281283 262.323 -0.451944 0.770247 -0.449963 141.004 0 0 0 1 
Seq_Frame0118_ForcepToReference-SequenceTransformStatus = OK
Seq_Frame0118_Timestamp = 17.857
Seq_Frame0119_ForcepToReference-SequenceTransform =-0.472005 0.21447 0.85511 -38.7286 0.739455 0.624443 0.251549 261.369 -0.480018 0.751049 -0.453331 138.982 0 0 0 1 
Seq_Frame0119_ForcepToReference-SequenceTransformStatus = OK
Seq_Frame0119_Timestamp = 17.966
Seq_Frame0120_ForcepToReference-SequenceTransform =-0.47542 0.211483 0.853962 -38.8125 0.741091 0.619354 0.2592 261.029 -0.474088 0.756092 -0.451182 140.549 0 0 0 1 
Seq_Frame0120_ForcepToReference-SequenceTransformStatus = OK
Seq_Frame0120_Timestamp = 18.077
Seq_Frame0121_ForcepToReference-SequenceTransform =-0.47662 0.214386 0.852568 -38.8861 0.73983 0.621661 0.257273 261.281 -0.474852 0.753377 -0.454905 140.252 0 0 0 1 
Seq_Frame0121_ForcepToReference-SequenceTransformStatus = OK
Seq_Frame0121_Timestamp = 18.177
Seq_Frame0122_ForcepToReference-SequenceTransform =-0.480085 0.220575 0.849037 -38.333 0.737974 0.624811 0.254963 261.145 -0.474249 0.748972 -0.462741 140.721 0 0 0 1 
Seq_Frame0122_ForcepToReference-SequenceTransformStatus = OK
Seq_Frame0122_Timestamp = 18.281
Seq_Frame0123_ForcepToReference-SequenceTransform =-0.467914 0.227597 0.853965 -37.4848 0.729975 0.644225 0.228279 261.212 -0.49819 0.730188 -0.467582 140.638 0 0 0 1 
Seq_Frame0123_ForcepToReference-SequenceTransformStatus = OK
Seq_Frame0123_Timestamp = 18.391
Seq_Frame0124_ForcepToReference-SequenceTransform =-0.448346 0.218359 0.866779 -37.1168 0.734403 0.642768 0.217949 261.382 -0.509546 0.734282 -0.448546 140.866 0 0 0 1 
Seq_Frame0124_ForcepToReference-SequenceTransformStatus = OK
Seq_Frame0124_Timestamp = 18.51
Seq_Frame0125_ForcepToReference-SequenceTransform =-0.462637 0.230482 0.856063 -36.6982 0.735591 0.638775 0.22555 262.299 -0.494847 0.73406 -0.465062 140.974 0 0 0 1 
Seq_Frame0125_ForcepToReference-SequenceTransformStatus = OK
Seq_Frame0125_Timestamp = 18.622
Seq_Frame0126_ForcepToReference-SequenceTransform =-0.462186 0.234749 0.855147 -36.236 0.738946 0.635069 0.225047 262.389 -0.490248 0.735921 -0.466987 140.982 0 0 0 1 
Seq_Frame0126_ForcepToReference-SequenceTransformStatus = OK
Seq_Frame0126_Timestamp = 18.731
Seq_Frame0127_ForcepToReference-SequenceTransform =-0.463001 0.246401 0.85142 -35.13 0.737912 0.639311 0.216258 261.947 -0.491036 0.728401 -0.477824 140.174 0 0 0 1 
Seq_Frame0127_ForcepToReference-SequenceTransformStatus = OK
Seq_Frame0127_Timestamp = 18.836
Seq_Frame0128_ForcepToReference-SequenceTransform =-0.456694 0.24366 0.855606 -34.3282 0.740287 0.637455 0.213606 261.418 -0.493363 0.730946 -0.471499 140.446 0 0 0 1 
Seq_Frame0128_ForcepToReference-SequenceTransformStatus = OK
Seq_Frame0128_Timestamp = 18.946
Seq_Frame0129_ForcepToReference-SequenceTransform =-0.455153 0.244199 0.856273 -34.0903 0.741521 0.636328 0.212683 261.176 -0.492933 0.731747 -0.470705 139.562 0 0 0 1 
Seq_Frame0129_ForcepToReference-SequenceTransformStatus = OK
Seq_Frame0129_Timestamp = 19.052
Seq_Frame0130_ForcepToReference-SequenceTransform =-0.457455 0.244995 0.854817 -34.4996 0.73818 0.640613 0.211434 261.692 -0.495807 0.727731 -0.473902 140.715 0 0 0 1 
Seq_Frame0130_ForcepToReference-SequenceTransformStatus = OK
Seq_Frame0130_Timestamp = 19.161
Seq_Frame0131_ForcepToReference-SequenceTransform =-0.437703 0.238596 0.866884 -35.2039 0.732425 0.653842 0.189853 262.975 -0.521507 0.718027 -0.460942 141.462 0 0 0 1 
Seq_Frame0131_ForcepToReference-SequenceTransformStatus = OK
Seq_Frame0131_Timestamp = 19.266
Seq_Frame0132_ForcepToReference-SequenceTransform =-0.446579 0.245696 0.860349 -35.1011 0.724741 0.663219 0.18679 263.209 -0.524707 0.706947 -0.474246 142.224 0 0 0 1 
Seq_Frame0132_ForcepToReference-SequenceTransformStatus = OK
Seq_Frame0132_Timestamp = 19.371
Seq_Frame0133_ForcepToReference-SequenceTransform =-0.462495 0.250119 0.850611 -34.8595 0.734585 0.645313 0.209657 262.939 -0.496471 0.721812 -0.482187 142.397 0 0 0 1 
Seq_Frame0133_ForcepToReference-SequenceTransformStatus = OK
Seq_Frame0133_Timestamp = 19.481
Seq_Frame0134_ForcepToReference-SequenceTransform =-0.437625 0.245374 0.86503 -33.9996 0.742692 0.640938 0.193925 262.384 -0.506846 0.727317 -0.462727 142.548 0 0 0 1 
Seq_Frame0134_ForcepToReference-SequenceTransformStatus = OK
Seq_Frame0134_Timestamp = 19.587
Seq_Frame0135_ForcepToReference-SequenceTransform =-0.441356 0.24415 0.863479 -34.0011 0.742616 0.639548 0.198746 261.874 -0.503712 0.728951 -0.463578 142.925 0 0 0 1 
Seq_Frame0135_ForcepToReference-SequenceTransformStatus = OK
Seq_Frame0135_Timestamp = 19.694
Seq_Frame0136_ForcepToReference-SequenceTransform =-0.438671 0.245275 0.864528 -34.0588 0.742971 0.640176 0.195368 261.996 -0.505531 0.728022 -0.463058 142.863 0 0 0 1 
Seq_Frame0136_ForcepToReference-SequenceTransformStatus = OK
Seq_Frame0136_Timestamp = 19.802
Seq_Frame0137_ForcepToReference-SequenceTransform =-0.436084 0.236912 0.868161 -33.9676 0.747818 0.632058 0.203153 261.404 -0.500599 0.737818 -0.452797 142.871 0 0 0 1 
Seq_Frame0137_ForcepToReference-SequenceTransformStatus = OK
Seq_Frame0137_Timestamp = 19.911
Seq_Frame0138_ForcepToReference-SequenceTransform =-0.435881 0.237207 0.868182 -33.9349 0.747752 0.632294 0.202661 261.113 -0.500874 0.737521 -0.452977 142.688 0 0 0 1 
Seq_Frame0138_ForcepToReference-SequenceTransformStatus = OK
Seq_Frame0138_Timestamp = 20.017
Seq_Frame0139_ForcepToReference-SequenceTransform =-0.43929 0.237696 0.866329 -33.8618 0.747329 0.631849 0.205587 261.053 -0.498521 0.737745 -0.455202 142.112 0 0 0 1 
Seq_Frame0139_ForcepToReference-SequenceTransformStatus = OK
Seq_Frame0139_Timestamp = 20.126
Seq_Frame0140_ForcepToReference-SequenceTransform =-0.466041 0.26256 0.844907 -33.336 0.751199 0.621952 0.221077 261.146 -0.467446 0.737725 -0.48709 141.863 0 0 0 1 
Seq_Frame0140_ForcepToReference-SequenceTransformStatus = OK
Seq_Frame0140_Timestamp = 20.232
Seq_Frame0141_ForcepToReference-SequenceTransform =-0.448423 0.254486 0.856828 -33.4737 0.740613 0.642472 0.196781 260.699 -0.50041 0.722818 -0.476575 140.161 0 0 0 1 
Seq_Frame0141_ForcepToReference-SequenceTransformStatus = OK
Seq_Frame0141_Timestamp = 20.337
Seq_Frame0142_ForcepToReference-SequenceTransform =-0.46776 0.24006 0.85063 -35.1957 0.728598 0.649544 0.217344 259.526 -0.500346 0.721432 -0.478738 140.778 0 0 0 1 
Seq_Frame0142_ForcepToReference-SequenceTransformStatus = OK
Seq_Frame0142_Timestamp = 20.444
Seq_Frame0143_ForcepToReference-SequenceTransform =-0.467364 0.215857 0.857308 -38.1027 0.691903 0.692947 0.20272 262.509 -0.55031 0.687918 -0.47321 134.093 0 0 0 1 
Seq_Frame0143_ForcepToReference-SequenceTransformStatus = OK
Seq_Frame0143_Timestamp = 20.551
Seq_Frame0144_ForcepToReference-SequenceTransform =-0.492683 0.179708 0.851451 -43.1602 0.601259 0.777632 0.183784 270.053 -0.629087 0.60249 -0.491177 109.145 0 0 0 1 
Seq_Frame0144_ForcepToReference-SequenceTransformStatus = OK
Seq_Frame0144_Timestamp = 20.656
Seq_Frame0145_ForcepToReference-SequenceTransform =-0.50014 0.137262 0.854997 -50.5181 0.438792 0.891382 0.113573 278.146 -0.74654 0.431968 -0.506045 82.0855 0 0 0 1 
Seq_Frame0145_ForcepToReference-SequenceTransformStatus = OK
Seq_Frame0145_Timestamp = 20.762
Seq_Frame0146_ForcepToReference-SequenceTransform =-0.508988 0.0907582 0.855976 -56.8296 0.248355 0.967619 0.0450833 282.522 -0.824167 0.235533 -0.515047 53.7262 0 0 0 1 
Seq_Frame0146_ForcepToReference-SequenceTransformStatus = OK
Seq_Frame0146_Timestamp = 20.871
Seq_Frame0147_ForcepToReference-SequenceTransform =-0.397124 0.111619 0.910952 -50.2572 -0.127274 0.976288 -0.175109 265.163 -0.908897 -0.185481 -0.373502 6.73833 0 0 0 1 
Seq_Frame0147_ForcepToReference-SequenceTransformStatus = OK
Seq_Frame0147_Timestamp = 20.976
Seq_Frame0148_ForcepToReference-SequenceTransform =-0.165064 0.256968 0.952219 -27.8571 -0.712977 0.636007 -0.295226 205.688 -0.681481 -0.727642 0.0782308 -38.0059 0 0 0 1 
Seq_Frame0148_ForcepToReference-SequenceTransformStatus = OK
Seq_Frame0148_Timestamp = 21.146
Seq_Frame0149_ForcepToReference-SequenceTransform =-0.0889314 0.264905 0.960165 -16.7674 -0.87532 0.439215 -0.20225 182.482 -0.475296 -0.858438 0.192816 -35.4173 0 0 0 1 
Seq_Frame0149_ForcepToReference-SequenceTransformStatus = OK
Seq_Frame0149_Timestamp = 21.266
Seq_Frame0150_ForcepToReference-SequenceTransform =-0.08102 0.243811 0.966433 -15.9845 -0.892878 0.413156 -0.179085 178.823 -0.44295 -0.877415 0.18422 -31.2002 0 0 0 1 
Seq_Frame0150_ForcepToReference-SequenceTransformStatus = OK
Seq_Frame0150_Timestamp = 21.372
