ObjectType = Image
NDims = 3
AnatomicalOrientation = RAI
BinaryData = True
CompressedData = False
DimSize = 0 0 3149
ElementSpacing = 1 1 1
Offset = 0 0 0
TransformMatrix = 1 0 0 0 1 0 0 0 1
ElementType = MET_UCHAR
Kinds = domain domain list
Seq_Frame0000_DriverToReference-SequenceTransform =-0.170381 -0.93828 -0.301 88.1687 0.2496 -0.3366 0.907965 28.8738 -0.953242 0.0795699 0.291545 50.7492 0 0 0 1 
Seq_Frame0000_DriverToReference-SequenceTransformStatus = OK
Seq_Frame0000_Timestamp = 2.208
Seq_Frame0001_DriverToReference-SequenceTransform =-0.170381 -0.93828 -0.301 88.1687 0.2496 -0.3366 0.907965 28.8738 -0.953242 0.0795699 0.291545 50.7492 0 0 0 1 
Seq_Frame0001_DriverToReference-SequenceTransformStatus = OK
Seq_Frame0001_Timestamp = 2.319
Seq_Frame0002_DriverToReference-SequenceTransform =-0.170381 -0.93828 -0.301 88.1687 0.2496 -0.3366 0.907965 28.8738 -0.953242 0.0795699 0.291545 50.7492 0 0 0 1 
Seq_Frame0002_DriverToReference-SequenceTransformStatus = OK
Seq_Frame0002_Timestamp = 2.452
Seq_Frame0003_DriverToReference-SequenceTransform =-0.170381 -0.93828 -0.301 88.1687 0.2496 -0.3366 0.907965 28.8738 -0.953242 0.0795699 0.291545 50.7492 0 0 0 1 
Seq_Frame0003_DriverToReference-SequenceTransformStatus = OK
Seq_Frame0003_Timestamp = 2.561
Seq_Frame0004_DriverToReference-SequenceTransform =-0.170381 -0.93828 -0.301 88.1687 0.2496 -0.3366 0.907965 28.8738 -0.953242 0.0795699 0.291545 50.7492 0 0 0 1 
Seq_Frame0004_DriverToReference-SequenceTransformStatus = OK
Seq_Frame0004_Timestamp = 2.668
Seq_Frame0005_DriverToReference-SequenceTransform =-0.170381 -0.93828 -0.301 88.1687 0.2496 -0.3366 0.907965 28.8738 -0.953242 0.0795699 0.291545 50.7492 0 0 0 1 
Seq_Frame0005_DriverToReference-SequenceTransformStatus = OK
Seq_Frame0005_Timestamp = 2.769
Seq_Frame0006_DriverToReference-SequenceTransform =-0.170381 -0.93828 -0.301 88.1687 0.2496 -0.3366 0.907965 28.8738 -0.953242 0.0795699 0.291545 50.7492 0 0 0 1 
Seq_Frame0006_DriverToReference-SequenceTransformStatus = OK
Seq_Frame0006_Timestamp = 2.871
Seq_Frame0007_DriverToReference-SequenceTransform =-0.170381 -0.93828 -0.301 88.1687 0.2496 -0.3366 0.907965 28.8738 -0.953242 0.0795699 0.291545 50.7492 0 0 0 1 
Seq_Frame0007_DriverToReference-SequenceTransformStatus = OK
Seq_Frame0007_Timestamp = 2.973
Seq_Frame0008_DriverToReference-SequenceTransform =-0.170381 -0.93828 -0.301 88.1687 0.2496 -0.3366 0.907965 28.8738 -0.953242 0.0795699 0.291545 50.7492 0 0 0 1 
Seq_Frame0008_DriverToReference-SequenceTransformStatus = OK
Seq_Frame0008_Timestamp = 3.077
Seq_Frame0009_DriverToReference-SequenceTransform =-0.170381 -0.93828 -0.301 88.1687 0.2496 -0.3366 0.907965 28.8738 -0.953242 0.0795699 0.291545 50.7492 0 0 0 1 
Seq_Frame0009_DriverToReference-SequenceTransformStatus = OK
Seq_Frame0009_Timestamp = 3.184
Seq_Frame0010_DriverToReference-SequenceTransform =-0.170381 -0.93828 -0.301 88.1687 0.2496 -0.3366 0.907965 28.8738 -0.953242 0.0795699 0.291545 50.7492 0 0 0 1 
Seq_Frame0010_DriverToReference-SequenceTransformStatus = OK
Seq_Frame0010_Timestamp = 3.289
Seq_Frame0011_DriverToReference-SequenceTransform =-0.170381 -0.93828 -0.301 88.1687 0.2496 -0.3366 0.907965 28.8738 -0.953242 0.0795699 0.291545 50.7492 0 0 0 1 
Seq_Frame0011_DriverToReference-SequenceTransformStatus = OK
Seq_Frame0011_Timestamp = 3.393
Seq_Frame0012_DriverToReference-SequenceTransform =-0.170381 -0.93828 -0.301 88.1687 0.2496 -0.3366 0.907965 28.8738 -0.953242 0.0795699 0.291545 50.7492 0 0 0 1 
Seq_Frame0012_DriverToReference-SequenceTransformStatus = OK
Seq_Frame0012_Timestamp = 4.393
Seq_Frame0013_DriverToReference-SequenceTransform =-0.170381 -0.93828 -0.301 88.1687 0.2496 -0.3366 0.907965 28.8738 -0.953242 0.0795699 0.291545 50.7492 0 0 0 1 
Seq_Frame0013_DriverToReference-SequenceTransformStatus = OK
Seq_Frame0013_Timestamp = 4.501
Seq_Frame0014_DriverToReference-SequenceTransform =-0.170381 -0.93828 -0.301 88.1687 0.2496 -0.3366 0.907965 28.8738 -0.953242 0.0795699 0.291545 50.7492 0 0 0 1 
Seq_Frame0014_DriverToReference-SequenceTransformStatus = OK
Seq_Frame0014_Timestamp = 4.604
Seq_Frame0015_DriverToReference-SequenceTransform =-0.170381 -0.93828 -0.301 88.1687 0.2496 -0.3366 0.907965 28.8738 -0.953242 0.0795699 0.291545 50.7492 0 0 0 1 
Seq_Frame0015_DriverToReference-SequenceTransformStatus = OK
Seq_Frame0015_Timestamp = 4.713
Seq_Frame0016_DriverToReference-SequenceTransform =-0.170381 -0.93828 -0.301 88.1687 0.2496 -0.3366 0.907965 28.8738 -0.953242 0.0795699 0.291545 50.7492 0 0 0 1 
Seq_Frame0016_DriverToReference-SequenceTransformStatus = OK
Seq_Frame0016_Timestamp = 4.863
Seq_Frame0017_DriverToReference-SequenceTransform =-0.170381 -0.93828 -0.301 88.1687 0.2496 -0.3366 0.907965 28.8738 -0.953242 0.0795699 0.291545 50.7492 0 0 0 1 
Seq_Frame0017_DriverToReference-SequenceTransformStatus = OK
Seq_Frame0017_Timestamp = 4.968
Seq_Frame0018_DriverToReference-SequenceTransform =0.995714 0.0909297 -0.0168745 74.2717 -0.0876777 0.986185 0.140543 260.662 0.0294209 -0.138461 0.989931 65.6392 0 0 0 1 
Seq_Frame0018_DriverToReference-SequenceTransformStatus = OK
Seq_Frame0018_Timestamp = 5.077
Seq_Frame0019_DriverToReference-SequenceTransform =0.81222 0.49519 -0.308359 112.689 -0.392815 0.855067 0.338463 255.088 0.431271 -0.153778 0.889021 82.1501 0 0 0 1 
Seq_Frame0019_DriverToReference-SequenceTransformStatus = OK
Seq_Frame0019_Timestamp = 5.184
Seq_Frame0020_DriverToReference-SequenceTransform =0.935806 0.222779 -0.273199 122.299 -0.132622 0.940551 0.31269 270.219 0.326618 -0.256385 0.909718 97.022 0 0 0 1 
Seq_Frame0020_DriverToReference-SequenceTransformStatus = OK
Seq_Frame0020_Timestamp = 5.289
Seq_Frame0021_DriverToReference-SequenceTransform =0.999013 0.0408649 -0.0174065 122.693 -0.0309414 0.921411 0.387356 285.123 0.0318678 -0.386435 0.921766 114.262 0 0 0 1 
Seq_Frame0021_DriverToReference-SequenceTransformStatus = OK
Seq_Frame0021_Timestamp = 5.394
Seq_Frame0022_DriverToReference-SequenceTransform =0.991668 0.0848172 -0.0969595 118.54 -0.0379875 0.91173 0.409031 294.698 0.123094 -0.401939 0.907355 142.079 0 0 0 1 
Seq_Frame0022_DriverToReference-SequenceTransformStatus = OK
Seq_Frame0022_Timestamp = 5.499
Seq_Frame0023_DriverToReference-SequenceTransform =0.978652 -0.00395041 -0.205489 99.36 0.0861494 0.915628 0.392689 295.705 0.1866 -0.402008 0.896421 168.199 0 0 0 1 
Seq_Frame0023_DriverToReference-SequenceTransformStatus = OK
Seq_Frame0023_Timestamp = 5.604
Seq_Frame0024_DriverToReference-SequenceTransform =0.981482 -0.123368 -0.146535 95.1463 0.184727 0.811976 0.553688 277.099 0.0506757 -0.570504 0.81973 184.98 0 0 0 1 
Seq_Frame0024_DriverToReference-SequenceTransformStatus = OK
Seq_Frame0024_Timestamp = 5.71
Seq_Frame0025_DriverToReference-SequenceTransform =0.967088 -0.232588 -0.103165 94.7131 0.230977 0.632437 0.739373 270.726 -0.106724 -0.738868 0.665345 202.973 0 0 0 1 
Seq_Frame0025_DriverToReference-SequenceTransformStatus = OK
Seq_Frame0025_Timestamp = 5.816
Seq_Frame0026_DriverToReference-SequenceTransform =0.942008 -0.335587 0.00135085 81.0527 0.150858 0.427054 0.891553 258.105 -0.299771 -0.839647 0.452914 225.751 0 0 0 1 
Seq_Frame0026_DriverToReference-SequenceTransformStatus = OK
Seq_Frame0026_Timestamp = 5.926
Seq_Frame0027_DriverToReference-SequenceTransform =-0.0706798 -0.319335 -0.945002 92.0693 -0.69034 -0.668182 0.277424 266.2 -0.720024 0.671981 -0.173223 266.144 0 0 0 1 
Seq_Frame0027_DriverToReference-SequenceTransformStatus = OK
Seq_Frame0027_Timestamp = 8.033
Seq_Frame0028_DriverToReference-SequenceTransform =-0.261084 0.128343 -0.956746 89.7537 -0.566497 -0.822877 0.0442051 280.173 -0.781611 0.553535 0.287546 242.42 0 0 0 1 
Seq_Frame0028_DriverToReference-SequenceTransformStatus = OK
Seq_Frame0028_Timestamp = 8.138
Seq_Frame0029_DriverToReference-SequenceTransform =-0.238483 0.510525 -0.82613 79.7445 -0.66098 -0.708565 -0.247064 275.468 -0.711499 0.487135 0.506428 231.393 0 0 0 1 
Seq_Frame0029_DriverToReference-SequenceTransformStatus = OK
Seq_Frame0029_Timestamp = 8.248
Seq_Frame0030_DriverToReference-SequenceTransform =-0.241589 0.716169 -0.654781 74.8599 -0.724138 -0.58223 -0.369637 257.604 -0.645955 0.384852 0.659265 221.296 0 0 0 1 
Seq_Frame0030_DriverToReference-SequenceTransformStatus = OK
Seq_Frame0030_Timestamp = 8.353
Seq_Frame0031_DriverToReference-SequenceTransform =-0.283881 0.512706 -0.810274 70.4244 -0.692615 -0.694029 -0.196492 256.361 -0.663096 0.505427 0.552129 205.209 0 0 0 1 
Seq_Frame0031_DriverToReference-SequenceTransformStatus = OK
Seq_Frame0031_Timestamp = 8.459
Seq_Frame0032_DriverToReference-SequenceTransform =-0.160256 0.31936 -0.933985 73.1003 -0.653771 -0.743255 -0.141967 261.426 -0.739528 0.587861 0.3279 196.583 0 0 0 1 
Seq_Frame0032_DriverToReference-SequenceTransformStatus = OK
Seq_Frame0032_Timestamp = 8.583
Seq_Frame0033_DriverToReference-SequenceTransform =-0.160256 0.31936 -0.933985 73.1003 -0.653771 -0.743255 -0.141967 261.426 -0.739528 0.587861 0.3279 196.583 0 0 0 1 
Seq_Frame0033_DriverToReference-SequenceTransformStatus = OK
Seq_Frame0033_Timestamp = 8.902
Seq_Frame0034_DriverToReference-SequenceTransform =-0.160256 0.31936 -0.933985 73.1003 -0.653771 -0.743255 -0.141967 261.426 -0.739528 0.587861 0.3279 196.583 0 0 0 1 
Seq_Frame0034_DriverToReference-SequenceTransformStatus = OK
Seq_Frame0034_Timestamp = 9.128
Seq_Frame0035_DriverToReference-SequenceTransform =-0.160256 0.31936 -0.933985 73.1003 -0.653771 -0.743255 -0.141967 261.426 -0.739528 0.587861 0.3279 196.583 0 0 0 1 
Seq_Frame0035_DriverToReference-SequenceTransformStatus = OK
Seq_Frame0035_Timestamp = 9.239
Seq_Frame0036_DriverToReference-SequenceTransform =-0.160256 0.31936 -0.933985 73.1003 -0.653771 -0.743255 -0.141967 261.426 -0.739528 0.587861 0.3279 196.583 0 0 0 1 
Seq_Frame0036_DriverToReference-SequenceTransformStatus = OK
Seq_Frame0036_Timestamp = 9.343
Seq_Frame0037_DriverToReference-SequenceTransform =0.149701 0.276353 -0.949325 38.4515 -0.650039 -0.695961 -0.305103 232.078 -0.745009 0.662773 0.0754538 139.898 0 0 0 1 
Seq_Frame0037_DriverToReference-SequenceTransformStatus = OK
Seq_Frame0037_Timestamp = 9.973
Seq_Frame0038_DriverToReference-SequenceTransform =0.107193 0.316714 -0.942445 38.5652 -0.666611 -0.680389 -0.304468 228.49 -0.737659 0.66088 0.138192 140.001 0 0 0 1 
Seq_Frame0038_DriverToReference-SequenceTransformStatus = OK
Seq_Frame0038_Timestamp = 10.082
Seq_Frame0039_DriverToReference-SequenceTransform =0.117683 0.311633 -0.942887 39.6959 -0.650225 -0.693462 -0.310351 224.659 -0.750572 0.649612 0.121023 141.827 0 0 0 1 
Seq_Frame0039_DriverToReference-SequenceTransformStatus = OK
Seq_Frame0039_Timestamp = 10.187
Seq_Frame0040_DriverToReference-SequenceTransform =0.0439683 0.372941 -0.926813 40.0109 -0.705519 -0.645236 -0.293108 222.515 -0.707325 0.666772 0.234748 143.572 0 0 0 1 
Seq_Frame0040_DriverToReference-SequenceTransformStatus = OK
Seq_Frame0040_Timestamp = 10.296
Seq_Frame0041_DriverToReference-SequenceTransform =0.0812968 0.343457 -0.935643 42.3493 -0.702022 -0.646639 -0.298367 220.686 -0.7075 0.681099 0.188545 143.693 0 0 0 1 
Seq_Frame0041_DriverToReference-SequenceTransformStatus = OK
Seq_Frame0041_Timestamp = 10.404
Seq_Frame0042_DriverToReference-SequenceTransform =-0.0418592 0.444703 -0.894699 43.1564 -0.750266 -0.605358 -0.265787 220.644 -0.65981 0.660137 0.358985 145.716 0 0 0 1 
Seq_Frame0042_DriverToReference-SequenceTransformStatus = OK
Seq_Frame0042_Timestamp = 10.509
Seq_Frame0043_DriverToReference-SequenceTransform =-0.0527881 0.501148 -0.86375 41.4915 -0.759788 -0.581451 -0.290924 218.119 -0.648024 0.640909 0.41146 149.37 0 0 0 1 
Seq_Frame0043_DriverToReference-SequenceTransformStatus = OK
Seq_Frame0043_Timestamp = 10.613
Seq_Frame0044_DriverToReference-SequenceTransform =-0.0833677 0.530548 -0.843545 40.7612 -0.772826 -0.568826 -0.281385 217.155 -0.629119 0.628455 0.457443 154.315 0 0 0 1 
Seq_Frame0044_DriverToReference-SequenceTransformStatus = OK
Seq_Frame0044_Timestamp = 10.718
Seq_Frame0045_DriverToReference-SequenceTransform =-0.106853 0.548843 -0.829068 40.2962 -0.752068 -0.59004 -0.293678 215.211 -0.650366 0.592135 0.475815 157.022 0 0 0 1 
Seq_Frame0045_DriverToReference-SequenceTransformStatus = OK
Seq_Frame0045_Timestamp = 10.823
Seq_Frame0046_DriverToReference-SequenceTransform =-0.131889 0.579892 -0.803947 39.8427 -0.77361 -0.567309 -0.282291 214.194 -0.619785 0.58471 0.523432 159.266 0 0 0 1 
Seq_Frame0046_DriverToReference-SequenceTransformStatus = OK
Seq_Frame0046_Timestamp = 10.927
Seq_Frame0047_DriverToReference-SequenceTransform =-0.129799 0.580485 -0.803859 40.5612 -0.764377 -0.574973 -0.291777 215.256 -0.63157 0.576579 0.51834 160.219 0 0 0 1 
Seq_Frame0047_DriverToReference-SequenceTransformStatus = OK
Seq_Frame0047_Timestamp = 11.036
Seq_Frame0048_DriverToReference-SequenceTransform =-0.131067 0.569903 -0.811192 41.4491 -0.754771 -0.58788 -0.291063 216.778 -0.642761 0.574116 0.507198 161.837 0 0 0 1 
Seq_Frame0048_DriverToReference-SequenceTransformStatus = OK
Seq_Frame0048_Timestamp = 11.147
Seq_Frame0049_DriverToReference-SequenceTransform =-0.137986 0.562839 -0.814968 41.1334 -0.759209 -0.588531 -0.27791 216.942 -0.636052 0.580383 0.508521 163.972 0 0 0 1 
Seq_Frame0049_DriverToReference-SequenceTransformStatus = OK
Seq_Frame0049_Timestamp = 11.254
Seq_Frame0050_DriverToReference-SequenceTransform =-0.119006 0.584939 -0.802299 42.8237 -0.777555 -0.557401 -0.291054 216.965 -0.617451 0.589194 0.521157 164.415 0 0 0 1 
Seq_Frame0050_DriverToReference-SequenceTransformStatus = OK
Seq_Frame0050_Timestamp = 11.355
Seq_Frame0051_DriverToReference-SequenceTransform =-0.130054 0.577714 -0.805812 43.93 -0.763352 -0.576994 -0.290466 218.001 -0.632755 0.577342 0.51604 165.237 0 0 0 1 
Seq_Frame0051_DriverToReference-SequenceTransformStatus = OK
Seq_Frame0051_Timestamp = 11.463
Seq_Frame0052_DriverToReference-SequenceTransform =-0.133857 0.592486 -0.794382 44.5942 -0.768549 -0.568122 -0.294227 216.424 -0.625631 0.571137 0.531402 166.973 0 0 0 1 
Seq_Frame0052_DriverToReference-SequenceTransformStatus = OK
Seq_Frame0052_Timestamp = 11.578
Seq_Frame0053_DriverToReference-SequenceTransform =-0.158387 0.613401 -0.773727 44.6825 -0.766312 -0.570516 -0.295429 215.953 -0.62264 0.546124 0.560418 168.179 0 0 0 1 
Seq_Frame0053_DriverToReference-SequenceTransformStatus = OK
Seq_Frame0053_Timestamp = 11.681
Seq_Frame0054_DriverToReference-SequenceTransform =-0.161153 0.612657 -0.773745 45.0634 -0.773377 -0.565441 -0.286644 216.185 -0.613122 0.552202 0.564937 169.075 0 0 0 1 
Seq_Frame0054_DriverToReference-SequenceTransformStatus = OK
Seq_Frame0054_Timestamp = 11.79
Seq_Frame0055_DriverToReference-SequenceTransform =-0.171552 0.60557 -0.777081 45.9099 -0.773277 -0.571498 -0.27465 216.863 -0.61042 0.553782 0.566315 170.547 0 0 0 1 
Seq_Frame0055_DriverToReference-SequenceTransformStatus = OK
Seq_Frame0055_Timestamp = 11.894
Seq_Frame0056_DriverToReference-SequenceTransform =-0.16236 0.569722 -0.80564 46.1814 -0.764619 -0.588721 -0.262231 218.445 -0.623696 0.573432 0.531206 170.623 0 0 0 1 
Seq_Frame0056_DriverToReference-SequenceTransformStatus = OK
Seq_Frame0056_Timestamp = 11.998
Seq_Frame0057_DriverToReference-SequenceTransform =-0.164445 0.572338 -0.80336 46.3536 -0.770488 -0.583056 -0.257671 218.681 -0.615879 0.576606 0.53686 170.698 0 0 0 1 
Seq_Frame0057_DriverToReference-SequenceTransformStatus = OK
Seq_Frame0057_Timestamp = 12.104
Seq_Frame0058_DriverToReference-SequenceTransform =-0.158468 0.574701 -0.802874 47.7691 -0.778776 -0.572613 -0.256168 219.605 -0.606957 0.584665 0.538304 170.353 0 0 0 1 
Seq_Frame0058_DriverToReference-SequenceTransformStatus = OK
Seq_Frame0058_Timestamp = 12.208
Seq_Frame0059_DriverToReference-SequenceTransform =-0.174137 0.592038 -0.786872 48.0665 -0.762824 -0.586425 -0.272407 218.578 -0.622717 0.552808 0.553739 172.224 0 0 0 1 
Seq_Frame0059_DriverToReference-SequenceTransformStatus = OK
Seq_Frame0059_Timestamp = 12.32
Seq_Frame0060_DriverToReference-SequenceTransform =-0.188033 0.589605 -0.7855 48.0471 -0.75936 -0.594501 -0.264464 218.072 -0.622909 0.546749 0.559508 173.455 0 0 0 1 
Seq_Frame0060_DriverToReference-SequenceTransformStatus = OK
Seq_Frame0060_Timestamp = 12.428
Seq_Frame0061_DriverToReference-SequenceTransform =-0.219219 0.597109 -0.771624 45.6295 -0.759189 -0.601149 -0.249504 218.506 -0.612842 0.531112 0.585102 174.068 0 0 0 1 
Seq_Frame0061_DriverToReference-SequenceTransformStatus = OK
Seq_Frame0061_Timestamp = 12.534
Seq_Frame0062_DriverToReference-SequenceTransform =-0.201283 0.595818 -0.777487 46.6209 -0.77119 -0.585781 -0.249254 218.086 -0.603947 0.54942 0.577396 173.481 0 0 0 1 
Seq_Frame0062_DriverToReference-SequenceTransformStatus = OK
Seq_Frame0062_Timestamp = 12.645
Seq_Frame0063_DriverToReference-SequenceTransform =-0.209767 0.568511 -0.795483 50.8593 -0.79188 -0.576005 -0.202839 212.498 -0.573519 0.587378 0.571019 175.303 0 0 0 1 
Seq_Frame0063_DriverToReference-SequenceTransformStatus = OK
Seq_Frame0063_Timestamp = 12.758
Seq_Frame0064_DriverToReference-SequenceTransform =-0.253 0.518682 -0.816676 51.2 -0.783858 -0.604673 -0.141202 211.882 -0.567061 0.604434 0.559555 177.49 0 0 0 1 
Seq_Frame0064_DriverToReference-SequenceTransformStatus = OK
Seq_Frame0064_Timestamp = 12.863
Seq_Frame0065_DriverToReference-SequenceTransform =-0.352145 0.369913 -0.859743 48.0847 -0.740695 -0.671688 0.014383 218.075 -0.572159 0.641872 0.510524 178.383 0 0 0 1 
Seq_Frame0065_DriverToReference-SequenceTransformStatus = OK
Seq_Frame0065_Timestamp = 12.968
Seq_Frame0066_DriverToReference-SequenceTransform =-0.404851 0.248721 -0.879905 45.8918 -0.68437 -0.720607 0.111191 226.852 -0.60641 0.647197 0.461956 179.01 0 0 0 1 
Seq_Frame0066_DriverToReference-SequenceTransformStatus = OK
Seq_Frame0066_Timestamp = 13.074
Seq_Frame0067_DriverToReference-SequenceTransform =-0.495854 0.192175 -0.846875 29.4494 -0.661803 -0.715044 0.225232 223.622 -0.562269 0.672147 0.481739 187.27 0 0 0 1 
Seq_Frame0067_DriverToReference-SequenceTransformStatus = OK
Seq_Frame0067_Timestamp = 13.178
Seq_Frame0068_DriverToReference-SequenceTransform =-0.555493 0.216488 -0.802845 19.2374 -0.652296 -0.712243 0.25927 219.289 -0.515692 0.667715 0.53686 188.391 0 0 0 1 
Seq_Frame0068_DriverToReference-SequenceTransformStatus = OK
Seq_Frame0068_Timestamp = 13.288
Seq_Frame0069_DriverToReference-SequenceTransform =-0.555493 0.216488 -0.802845 19.2374 -0.652296 -0.712243 0.25927 219.289 -0.515692 0.667715 0.53686 188.391 0 0 0 1 
Seq_Frame0069_DriverToReference-SequenceTransformStatus = OK
Seq_Frame0069_Timestamp = 13.393
Seq_Frame0070_DriverToReference-SequenceTransform =-0.555493 0.216488 -0.802845 19.2374 -0.652296 -0.712243 0.25927 219.289 -0.515692 0.667715 0.53686 188.391 0 0 0 1 
Seq_Frame0070_DriverToReference-SequenceTransformStatus = OK
Seq_Frame0070_Timestamp = 13.725
Seq_Frame0071_DriverToReference-SequenceTransform =-0.555493 0.216488 -0.802845 19.2374 -0.652296 -0.712243 0.25927 219.289 -0.515692 0.667715 0.53686 188.391 0 0 0 1 
Seq_Frame0071_DriverToReference-SequenceTransformStatus = OK
Seq_Frame0071_Timestamp = 13.835
Seq_Frame0072_DriverToReference-SequenceTransform =-0.555493 0.216488 -0.802845 19.2374 -0.652296 -0.712243 0.25927 219.289 -0.515692 0.667715 0.53686 188.391 0 0 0 1 
Seq_Frame0072_DriverToReference-SequenceTransformStatus = OK
Seq_Frame0072_Timestamp = 13.938
Seq_Frame0073_DriverToReference-SequenceTransform =-0.555493 0.216488 -0.802845 19.2374 -0.652296 -0.712243 0.25927 219.289 -0.515692 0.667715 0.53686 188.391 0 0 0 1 
Seq_Frame0073_DriverToReference-SequenceTransformStatus = OK
Seq_Frame0073_Timestamp = 14.043
Seq_Frame0074_DriverToReference-SequenceTransform =-0.555493 0.216488 -0.802845 19.2374 -0.652296 -0.712243 0.25927 219.289 -0.515692 0.667715 0.53686 188.391 0 0 0 1 
Seq_Frame0074_DriverToReference-SequenceTransformStatus = OK
Seq_Frame0074_Timestamp = 14.647
Seq_Frame0075_DriverToReference-SequenceTransform =-0.555493 0.216488 -0.802845 19.2374 -0.652296 -0.712243 0.25927 219.289 -0.515692 0.667715 0.53686 188.391 0 0 0 1 
Seq_Frame0075_DriverToReference-SequenceTransformStatus = OK
Seq_Frame0075_Timestamp = 14.77
Seq_Frame0076_DriverToReference-SequenceTransform =-0.555493 0.216488 -0.802845 19.2374 -0.652296 -0.712243 0.25927 219.289 -0.515692 0.667715 0.53686 188.391 0 0 0 1 
Seq_Frame0076_DriverToReference-SequenceTransformStatus = OK
Seq_Frame0076_Timestamp = 15.106
Seq_Frame0077_DriverToReference-SequenceTransform =-0.555493 0.216488 -0.802845 19.2374 -0.652296 -0.712243 0.25927 219.289 -0.515692 0.667715 0.53686 188.391 0 0 0 1 
Seq_Frame0077_DriverToReference-SequenceTransformStatus = OK
Seq_Frame0077_Timestamp = 16.139
Seq_Frame0078_DriverToReference-SequenceTransform =-0.555493 0.216488 -0.802845 19.2374 -0.652296 -0.712243 0.25927 219.289 -0.515692 0.667715 0.53686 188.391 0 0 0 1 
Seq_Frame0078_DriverToReference-SequenceTransformStatus = OK
Seq_Frame0078_Timestamp = 16.254
Seq_Frame0079_DriverToReference-SequenceTransform =0.518665 -0.848264 0.106931 63.4344 0.81665 0.454497 -0.35569 233.944 0.253119 0.271809 0.928467 238.231 0 0 0 1 
Seq_Frame0079_DriverToReference-SequenceTransformStatus = OK
Seq_Frame0079_Timestamp = 16.422
Seq_Frame0080_DriverToReference-SequenceTransform =-0.427308 -0.0936161 -0.899247 63.1818 -0.540947 -0.770475 0.33726 240.638 -0.72442 0.630558 0.278589 224.682 0 0 0 1 
Seq_Frame0080_DriverToReference-SequenceTransformStatus = OK
Seq_Frame0080_Timestamp = 16.636
Seq_Frame0081_DriverToReference-SequenceTransform =-0.324786 -0.225728 -0.918456 62.4878 -0.520432 -0.768207 0.372838 242.109 -0.789724 0.599086 0.132027 222.11 0 0 0 1 
Seq_Frame0081_DriverToReference-SequenceTransformStatus = OK
Seq_Frame0081_Timestamp = 17.084
Seq_Frame0082_DriverToReference-SequenceTransform =0.650196 0.640463 0.40872 103.991 -0.757264 0.502664 0.41699 294.676 0.0616179 -0.580634 0.81183 193.978 0 0 0 1 
Seq_Frame0082_DriverToReference-SequenceTransformStatus = OK
Seq_Frame0082_Timestamp = 17.213
Seq_Frame0083_DriverToReference-SequenceTransform =0.604708 0.717629 0.345452 107.578 -0.743428 0.352984 0.568083 277.935 0.285733 -0.600343 0.746957 191.894 0 0 0 1 
Seq_Frame0083_DriverToReference-SequenceTransformStatus = OK
Seq_Frame0083_Timestamp = 17.337
Seq_Frame0084_DriverToReference-SequenceTransform =0.763961 0.509955 0.395359 83.3014 -0.632253 0.469179 0.616545 278.149 0.128916 -0.720983 0.680855 185.731 0 0 0 1 
Seq_Frame0084_DriverToReference-SequenceTransformStatus = OK
Seq_Frame0084_Timestamp = 17.456
Seq_Frame0085_DriverToReference-SequenceTransform =0.723434 0.609991 0.323349 73.4947 -0.663092 0.483502 0.571432 285.464 0.192229 -0.627804 0.754262 176.213 0 0 0 1 
Seq_Frame0085_DriverToReference-SequenceTransformStatus = OK
Seq_Frame0085_Timestamp = 17.578
Seq_Frame0086_DriverToReference-SequenceTransform =0.685494 0.697541 0.208649 69.4 -0.67332 0.498316 0.546188 287.319 0.277015 -0.514896 0.811261 172.062 0 0 0 1 
Seq_Frame0086_DriverToReference-SequenceTransformStatus = OK
Seq_Frame0086_Timestamp = 17.688
Seq_Frame0087_DriverToReference-SequenceTransform =0.685494 0.697541 0.208649 69.4 -0.67332 0.498316 0.546188 287.319 0.277015 -0.514896 0.811261 172.062 0 0 0 1 
Seq_Frame0087_DriverToReference-SequenceTransformStatus = OK
Seq_Frame0087_Timestamp = 17.791
Seq_Frame0088_DriverToReference-SequenceTransform =0.685494 0.697541 0.208649 69.4 -0.67332 0.498316 0.546188 287.319 0.277015 -0.514896 0.811261 172.062 0 0 0 1 
Seq_Frame0088_DriverToReference-SequenceTransformStatus = OK
Seq_Frame0088_Timestamp = 17.913
Seq_Frame0089_DriverToReference-SequenceTransform =0.685494 0.697541 0.208649 69.4 -0.67332 0.498316 0.546188 287.319 0.277015 -0.514896 0.811261 172.062 0 0 0 1 
Seq_Frame0089_DriverToReference-SequenceTransformStatus = OK
Seq_Frame0089_Timestamp = 18.023
Seq_Frame0090_DriverToReference-SequenceTransform =0.685494 0.697541 0.208649 69.4 -0.67332 0.498316 0.546188 287.319 0.277015 -0.514896 0.811261 172.062 0 0 0 1 
Seq_Frame0090_DriverToReference-SequenceTransformStatus = OK
Seq_Frame0090_Timestamp = 18.147
Seq_Frame0091_DriverToReference-SequenceTransform =0.685494 0.697541 0.208649 69.4 -0.67332 0.498316 0.546188 287.319 0.277015 -0.514896 0.811261 172.062 0 0 0 1 
Seq_Frame0091_DriverToReference-SequenceTransformStatus = OK
Seq_Frame0091_Timestamp = 18.272
Seq_Frame0092_DriverToReference-SequenceTransform =-0.369932 -0.556415 -0.744011 68.3058 -0.639711 -0.428189 0.638298 203.344 -0.673736 0.712079 -0.197544 183.784 0 0 0 1 
Seq_Frame0092_DriverToReference-SequenceTransformStatus = OK
Seq_Frame0092_Timestamp = 20.79
Seq_Frame0093_DriverToReference-SequenceTransform =0.399277 -0.869898 -0.289579 66.1259 -0.718919 -0.493072 0.489935 220.247 -0.568976 0.0125641 -0.822258 172.609 0 0 0 1 
Seq_Frame0093_DriverToReference-SequenceTransformStatus = OK
Seq_Frame0093_Timestamp = 20.958
Seq_Frame0094_DriverToReference-SequenceTransform =0.881283 -0.0283715 0.471736 33.4111 -0.430081 -0.461891 0.775685 236.215 0.195884 -0.886483 -0.419259 210.149 0 0 0 1 
Seq_Frame0094_DriverToReference-SequenceTransformStatus = OK
Seq_Frame0094_Timestamp = 21.265
Seq_Frame0095_DriverToReference-SequenceTransform =0.87161 -0.473178 0.128061 27.5718 -0.0893478 0.103517 0.990606 246.558 -0.481989 -0.874864 0.0479492 260.155 0 0 0 1 
Seq_Frame0095_DriverToReference-SequenceTransformStatus = OK
Seq_Frame0095_Timestamp = 22.192
Seq_Frame0096_DriverToReference-SequenceTransform =-0.3798 0.545862 -0.746851 31.9825 -0.911334 -0.359388 0.200775 247.008 -0.158814 0.756885 0.633959 264.758 0 0 0 1 
Seq_Frame0096_DriverToReference-SequenceTransformStatus = OK
Seq_Frame0096_Timestamp = 22.359
Seq_Frame0097_DriverToReference-SequenceTransform =-0.359166 0.4596 -0.812261 35.6689 -0.916304 -0.338873 0.213428 247.922 -0.177162 0.820934 0.542845 263.504 0 0 0 1 
Seq_Frame0097_DriverToReference-SequenceTransformStatus = OK
Seq_Frame0097_Timestamp = 22.481
Seq_Frame0098_DriverToReference-SequenceTransform =-0.387948 0.321294 -0.863867 39.6497 -0.856647 -0.471524 0.209333 247.17 -0.340077 0.82124 0.458163 245.825 0 0 0 1 
Seq_Frame0098_DriverToReference-SequenceTransformStatus = OK
Seq_Frame0098_Timestamp = 22.699
Seq_Frame0099_DriverToReference-SequenceTransform =-0.410752 0.207478 -0.887826 39.5561 -0.800051 -0.549029 0.241839 243.741 -0.437266 0.809642 0.391508 236.705 0 0 0 1 
Seq_Frame0099_DriverToReference-SequenceTransformStatus = OK
Seq_Frame0099_Timestamp = 22.802
Seq_Frame0100_DriverToReference-SequenceTransform =0.0183797 -0.651732 -0.758226 62.5763 -0.897868 -0.344401 0.274265 240.209 -0.439881 0.675746 -0.591499 224.128 0 0 0 1 
Seq_Frame0100_DriverToReference-SequenceTransformStatus = OK
Seq_Frame0100_Timestamp = 23.134
Seq_Frame0101_DriverToReference-SequenceTransform =-0.0131763 -0.770273 -0.637578 64.525 -0.883727 -0.289351 0.367835 235.223 -0.467817 0.568292 -0.676898 220.747 0 0 0 1 
Seq_Frame0101_DriverToReference-SequenceTransformStatus = OK
Seq_Frame0101_Timestamp = 23.236
Seq_Frame0102_DriverToReference-SequenceTransform =-0.0887745 -0.692724 -0.715718 64.0457 -0.958109 -0.13705 0.251486 230.516 -0.2723 0.708061 -0.651538 214.334 0 0 0 1 
Seq_Frame0102_DriverToReference-SequenceTransformStatus = OK
Seq_Frame0102_Timestamp = 23.895
Seq_Frame0103_DriverToReference-SequenceTransform =-0.0887745 -0.692724 -0.715718 64.0457 -0.958109 -0.13705 0.251486 230.516 -0.2723 0.708061 -0.651538 214.334 0 0 0 1 
Seq_Frame0103_DriverToReference-SequenceTransformStatus = OK
Seq_Frame0103_Timestamp = 24.484
Seq_Frame0104_DriverToReference-SequenceTransform =-0.0887745 -0.692724 -0.715718 64.0457 -0.958109 -0.13705 0.251486 230.516 -0.2723 0.708061 -0.651538 214.334 0 0 0 1 
Seq_Frame0104_DriverToReference-SequenceTransformStatus = OK
Seq_Frame0104_Timestamp = 24.822
Seq_Frame0105_DriverToReference-SequenceTransform =-0.0887745 -0.692724 -0.715718 64.0457 -0.958109 -0.13705 0.251486 230.516 -0.2723 0.708061 -0.651538 214.334 0 0 0 1 
Seq_Frame0105_DriverToReference-SequenceTransformStatus = OK
Seq_Frame0105_Timestamp = 24.922
Seq_Frame0106_DriverToReference-SequenceTransform =-0.0887745 -0.692724 -0.715718 64.0457 -0.958109 -0.13705 0.251486 230.516 -0.2723 0.708061 -0.651538 214.334 0 0 0 1 
Seq_Frame0106_DriverToReference-SequenceTransformStatus = OK
Seq_Frame0106_Timestamp = 25.028
Seq_Frame0107_DriverToReference-SequenceTransform =-0.0887745 -0.692724 -0.715718 64.0457 -0.958109 -0.13705 0.251486 230.516 -0.2723 0.708061 -0.651538 214.334 0 0 0 1 
Seq_Frame0107_DriverToReference-SequenceTransformStatus = OK
Seq_Frame0107_Timestamp = 25.288
Seq_Frame0108_DriverToReference-SequenceTransform =-0.251859 -0.39322 -0.884277 59.0881 -0.961967 0.0018614 0.273159 218.447 -0.105765 0.919443 -0.378733 196.157 0 0 0 1 
Seq_Frame0108_DriverToReference-SequenceTransformStatus = OK
Seq_Frame0108_Timestamp = 27.119
Seq_Frame0109_DriverToReference-SequenceTransform =0.267184 0.963323 0.0249205 59.7894 -0.85421 0.224792 0.468822 221.491 0.446025 -0.146549 0.882941 205.292 0 0 0 1 
Seq_Frame0109_DriverToReference-SequenceTransformStatus = OK
Seq_Frame0109_Timestamp = 27.249
Seq_Frame0110_DriverToReference-SequenceTransform =-0.15259 -0.589303 -0.793371 60.704 -0.341524 -0.721873 0.601881 236.811 -0.927404 0.362796 -0.0911107 210.448 0 0 0 1 
Seq_Frame0110_DriverToReference-SequenceTransformStatus = OK
Seq_Frame0110_Timestamp = 27.35
Seq_Frame0111_DriverToReference-SequenceTransform =-0.114996 -0.408145 -0.905645 60.9825 -0.359852 -0.832654 0.420944 250.263 -0.925896 0.374305 -0.0511202 199.771 0 0 0 1 
Seq_Frame0111_DriverToReference-SequenceTransformStatus = OK
Seq_Frame0111_Timestamp = 27.46
Seq_Frame0112_DriverToReference-SequenceTransform =-0.0953966 -0.275734 -0.956489 60.1133 -0.426793 -0.856744 0.289547 251.737 -0.899304 0.435845 -0.0359509 189.279 0 0 0 1 
Seq_Frame0112_DriverToReference-SequenceTransformStatus = OK
Seq_Frame0112_Timestamp = 27.575
Seq_Frame0113_DriverToReference-SequenceTransform =-0.129173 -0.230317 -0.964504 57.1285 -0.443343 -0.856615 0.263929 249.9 -0.886996 0.461698 0.00854207 183.111 0 0 0 1 
Seq_Frame0113_DriverToReference-SequenceTransformStatus = OK
Seq_Frame0113_Timestamp = 27.676
Seq_Frame0114_DriverToReference-SequenceTransform =-0.236531 -0.241268 -0.941192 65.1367 -0.419536 -0.848364 0.322905 257.237 -0.876381 0.471241 0.0994439 177.884 0 0 0 1 
Seq_Frame0114_DriverToReference-SequenceTransformStatus = OK
Seq_Frame0114_Timestamp = 27.779
Seq_Frame0115_DriverToReference-SequenceTransform =-0.420731 -0.348743 -0.837475 70.6856 -0.291697 -0.822128 0.488895 263.273 -0.85901 0.449982 0.244167 181.882 0 0 0 1 
Seq_Frame0115_DriverToReference-SequenceTransformStatus = OK
Seq_Frame0115_Timestamp = 27.883
Seq_Frame0116_DriverToReference-SequenceTransform =-0.556171 -0.346095 -0.755574 65.8541 -0.218742 -0.81614 0.534852 273.775 -0.801764 0.462745 0.378208 181.398 0 0 0 1 
Seq_Frame0116_DriverToReference-SequenceTransformStatus = OK
Seq_Frame0116_Timestamp = 27.99
Seq_Frame0117_DriverToReference-SequenceTransform =-0.614951 -0.419744 -0.667571 55.6403 -0.136025 -0.77741 0.61411 285.194 -0.776745 0.468453 0.420973 173.588 0 0 0 1 
Seq_Frame0117_DriverToReference-SequenceTransformStatus = OK
Seq_Frame0117_Timestamp = 28.103
Seq_Frame0118_DriverToReference-SequenceTransform =-0.732916 -0.389682 -0.557657 44.1291 -0.0294303 -0.800772 0.598246 293.444 -0.679682 0.454877 0.57543 171.334 0 0 0 1 
Seq_Frame0118_DriverToReference-SequenceTransformStatus = OK
Seq_Frame0118_Timestamp = 28.206
Seq_Frame0119_DriverToReference-SequenceTransform =0.540809 0.207197 0.815227 35.2737 -0.755382 0.545993 0.36234 295.188 -0.370032 -0.811764 0.451791 166.604 0 0 0 1 
Seq_Frame0119_DriverToReference-SequenceTransformStatus = OK
Seq_Frame0119_Timestamp = 28.321
Seq_Frame0120_DriverToReference-SequenceTransform =0.539764 0.200371 0.817622 34.8151 -0.748792 0.558088 0.357557 291.377 -0.384661 -0.805226 0.451273 160.024 0 0 0 1 
Seq_Frame0120_DriverToReference-SequenceTransformStatus = OK
Seq_Frame0120_Timestamp = 28.427
Seq_Frame0121_DriverToReference-SequenceTransform =0.534175 0.131762 0.835042 31.224 -0.752567 0.524086 0.39872 287.913 -0.385098 -0.841411 0.379113 159.552 0 0 0 1 
Seq_Frame0121_DriverToReference-SequenceTransformStatus = OK
Seq_Frame0121_Timestamp = 28.539
Seq_Frame0122_DriverToReference-SequenceTransform =0.550831 0.124916 0.825216 28.3071 -0.731591 0.548137 0.405363 284.625 -0.401695 -0.827007 0.393319 159.004 0 0 0 1 
Seq_Frame0122_DriverToReference-SequenceTransformStatus = OK
Seq_Frame0122_Timestamp = 28.644
Seq_Frame0123_DriverToReference-SequenceTransform =-0.724793 0.688847 0.0128218 26.9071 0.509335 0.523196 0.68326 282.106 0.463953 0.501753 -0.730063 161.333 0 0 0 1 
Seq_Frame0123_DriverToReference-SequenceTransformStatus = OK
Seq_Frame0123_Timestamp = 28.77
Seq_Frame0124_DriverToReference-SequenceTransform =-0.724793 0.688847 0.0128218 26.9071 0.509335 0.523196 0.68326 282.106 0.463953 0.501753 -0.730063 161.333 0 0 0 1 
Seq_Frame0124_DriverToReference-SequenceTransformStatus = OK
Seq_Frame0124_Timestamp = 28.897
Seq_Frame0125_DriverToReference-SequenceTransform =-0.724793 0.688847 0.0128218 26.9071 0.509335 0.523196 0.68326 282.106 0.463953 0.501753 -0.730063 161.333 0 0 0 1 
Seq_Frame0125_DriverToReference-SequenceTransformStatus = OK
Seq_Frame0125_Timestamp = 28.997
Seq_Frame0126_DriverToReference-SequenceTransform =-0.724793 0.688847 0.0128218 26.9071 0.509335 0.523196 0.68326 282.106 0.463953 0.501753 -0.730063 161.333 0 0 0 1 
Seq_Frame0126_DriverToReference-SequenceTransformStatus = OK
Seq_Frame0126_Timestamp = 29.099
Seq_Frame0127_DriverToReference-SequenceTransform =-0.724793 0.688847 0.0128218 26.9071 0.509335 0.523196 0.68326 282.106 0.463953 0.501753 -0.730063 161.333 0 0 0 1 
Seq_Frame0127_DriverToReference-SequenceTransformStatus = OK
Seq_Frame0127_Timestamp = 29.207
Seq_Frame0128_DriverToReference-SequenceTransform =-0.724793 0.688847 0.0128218 26.9071 0.509335 0.523196 0.68326 282.106 0.463953 0.501753 -0.730063 161.333 0 0 0 1 
Seq_Frame0128_DriverToReference-SequenceTransformStatus = OK
Seq_Frame0128_Timestamp = 29.312
Seq_Frame0129_DriverToReference-SequenceTransform =-0.724793 0.688847 0.0128218 26.9071 0.509335 0.523196 0.68326 282.106 0.463953 0.501753 -0.730063 161.333 0 0 0 1 
Seq_Frame0129_DriverToReference-SequenceTransformStatus = OK
Seq_Frame0129_Timestamp = 29.419
Seq_Frame0130_DriverToReference-SequenceTransform =-0.724793 0.688847 0.0128218 26.9071 0.509335 0.523196 0.68326 282.106 0.463953 0.501753 -0.730063 161.333 0 0 0 1 
Seq_Frame0130_DriverToReference-SequenceTransformStatus = OK
Seq_Frame0130_Timestamp = 29.537
Seq_Frame0131_DriverToReference-SequenceTransform =-0.724793 0.688847 0.0128218 26.9071 0.509335 0.523196 0.68326 282.106 0.463953 0.501753 -0.730063 161.333 0 0 0 1 
Seq_Frame0131_DriverToReference-SequenceTransformStatus = OK
Seq_Frame0131_Timestamp = 29.651
Seq_Frame0132_DriverToReference-SequenceTransform =-0.724793 0.688847 0.0128218 26.9071 0.509335 0.523196 0.68326 282.106 0.463953 0.501753 -0.730063 161.333 0 0 0 1 
Seq_Frame0132_DriverToReference-SequenceTransformStatus = OK
Seq_Frame0132_Timestamp = 29.78
Seq_Frame0133_DriverToReference-SequenceTransform =-0.724793 0.688847 0.0128218 26.9071 0.509335 0.523196 0.68326 282.106 0.463953 0.501753 -0.730063 161.333 0 0 0 1 
Seq_Frame0133_DriverToReference-SequenceTransformStatus = OK
Seq_Frame0133_Timestamp = 29.902
Seq_Frame0134_DriverToReference-SequenceTransform =-0.724793 0.688847 0.0128218 26.9071 0.509335 0.523196 0.68326 282.106 0.463953 0.501753 -0.730063 161.333 0 0 0 1 
Seq_Frame0134_DriverToReference-SequenceTransformStatus = OK
Seq_Frame0134_Timestamp = 30.023
Seq_Frame0135_DriverToReference-SequenceTransform =-0.724793 0.688847 0.0128218 26.9071 0.509335 0.523196 0.68326 282.106 0.463953 0.501753 -0.730063 161.333 0 0 0 1 
Seq_Frame0135_DriverToReference-SequenceTransformStatus = OK
Seq_Frame0135_Timestamp = 30.131
Seq_Frame0136_DriverToReference-SequenceTransform =-0.724793 0.688847 0.0128218 26.9071 0.509335 0.523196 0.68326 282.106 0.463953 0.501753 -0.730063 161.333 0 0 0 1 
Seq_Frame0136_DriverToReference-SequenceTransformStatus = OK
Seq_Frame0136_Timestamp = 30.233
Seq_Frame0137_DriverToReference-SequenceTransform =-0.724793 0.688847 0.0128218 26.9071 0.509335 0.523196 0.68326 282.106 0.463953 0.501753 -0.730063 161.333 0 0 0 1 
Seq_Frame0137_DriverToReference-SequenceTransformStatus = OK
Seq_Frame0137_Timestamp = 30.336
Seq_Frame0138_DriverToReference-SequenceTransform =-0.724793 0.688847 0.0128218 26.9071 0.509335 0.523196 0.68326 282.106 0.463953 0.501753 -0.730063 161.333 0 0 0 1 
Seq_Frame0138_DriverToReference-SequenceTransformStatus = OK
Seq_Frame0138_Timestamp = 30.455
Seq_Frame0139_DriverToReference-SequenceTransform =-0.932596 0.342384 -0.114184 29.7284 0.155691 0.66705 0.728563 256.961 0.325615 0.661677 -0.675394 164.083 0 0 0 1 
Seq_Frame0139_DriverToReference-SequenceTransformStatus = OK
Seq_Frame0139_Timestamp = 30.601
Seq_Frame0140_DriverToReference-SequenceTransform =0.871855 0.348008 0.344614 50.1021 -0.481395 0.738438 0.472195 255.634 -0.0901488 -0.577581 0.811341 144.814 0 0 0 1 
Seq_Frame0140_DriverToReference-SequenceTransformStatus = OK
Seq_Frame0140_Timestamp = 30.707
Seq_Frame0141_DriverToReference-SequenceTransform =0.865289 0.399035 0.303391 49.1007 -0.496174 0.767905 0.405133 260.231 -0.0713132 -0.501092 0.862451 139.436 0 0 0 1 
Seq_Frame0141_DriverToReference-SequenceTransformStatus = OK
Seq_Frame0141_Timestamp = 30.815
Seq_Frame0142_DriverToReference-SequenceTransform =0.872772 0.370037 0.318342 48.0413 -0.480383 0.766845 0.425655 260.912 -0.0866106 -0.524425 0.84704 138.957 0 0 0 1 
Seq_Frame0142_DriverToReference-SequenceTransformStatus = OK
Seq_Frame0142_Timestamp = 30.923
Seq_Frame0143_DriverToReference-SequenceTransform =0.86635 0.394371 0.306447 47.2395 -0.494266 0.765086 0.412729 260.306 -0.0716897 -0.509034 0.857756 138.621 0 0 0 1 
Seq_Frame0143_DriverToReference-SequenceTransformStatus = OK
Seq_Frame0143_Timestamp = 31.034
Seq_Frame0144_DriverToReference-SequenceTransform =0.870927 0.381778 0.309405 46.1843 -0.485182 0.767988 0.418083 258.73 -0.078005 -0.514237 0.854093 138.447 0 0 0 1 
Seq_Frame0144_DriverToReference-SequenceTransformStatus = OK
Seq_Frame0144_Timestamp = 31.154
Seq_Frame0145_DriverToReference-SequenceTransform =0.881232 0.349507 0.318237 45.6377 -0.462986 0.773903 0.432109 258.187 -0.0952591 -0.528128 0.843805 139.244 0 0 0 1 
Seq_Frame0145_DriverToReference-SequenceTransformStatus = OK
Seq_Frame0145_Timestamp = 31.254
Seq_Frame0146_DriverToReference-SequenceTransform =0.886408 0.343226 0.310608 45.0251 -0.454681 0.771479 0.445068 257.257 -0.0868689 -0.535739 0.839903 137.683 0 0 0 1 
Seq_Frame0146_DriverToReference-SequenceTransformStatus = OK
Seq_Frame0146_Timestamp = 31.37
Seq_Frame0147_DriverToReference-SequenceTransform =0.882511 0.351206 0.312777 42.8316 -0.462946 0.76584 0.446285 256.895 -0.0827987 -0.53865 0.838451 137.744 0 0 0 1 
Seq_Frame0147_DriverToReference-SequenceTransformStatus = OK
Seq_Frame0147_Timestamp = 31.476
Seq_Frame0148_DriverToReference-SequenceTransform =0.884706 0.350199 0.307661 42.1382 -0.45986 0.763728 0.453043 256.391 -0.0763139 -0.542291 0.836718 137.931 0 0 0 1 
Seq_Frame0148_DriverToReference-SequenceTransformStatus = OK
Seq_Frame0148_Timestamp = 31.585
Seq_Frame0149_DriverToReference-SequenceTransform =0.885963 0.335951 0.319697 40.9913 -0.454699 0.764846 0.456355 256.508 -0.0912057 -0.54968 0.830382 139.191 0 0 0 1 
Seq_Frame0149_DriverToReference-SequenceTransformStatus = OK
Seq_Frame0149_Timestamp = 31.706
Seq_Frame0150_DriverToReference-SequenceTransform =0.882323 0.343161 0.322097 40.8073 -0.461953 0.762363 0.453212 256.783 -0.0900299 -0.548674 0.831175 139.058 0 0 0 1 
Seq_Frame0150_DriverToReference-SequenceTransformStatus = OK
Seq_Frame0150_Timestamp = 31.813
Seq_Frame0151_DriverToReference-SequenceTransform =0.880569 0.35542 0.313488 40.4042 -0.467416 0.760528 0.450688 256.767 -0.0782334 -0.543391 0.835826 138.977 0 0 0 1 
Seq_Frame0151_DriverToReference-SequenceTransformStatus = OK
