ObjectType = Image
NDims = 3
AnatomicalOrientation = RAI
BinaryData = True
CompressedData = False
DimSize = 0 0 3149
ElementSpacing = 1 1 1
Offset = 0 0 0
TransformMatrix = 1 0 0 0 1 0 0 0 1
ElementType = MET_UCHAR
Kinds = domain domain list
Seq_Frame0000_ForcepToReference-SequenceTransform =0.242111 0.73467 0.633752 15.2434 -0.652693 0.606622 -0.453874 135.067 -0.717896 -0.303758 0.626384 -100.888 0 0 0 1 
Seq_Frame0000_ForcepToReference-SequenceTransformStatus = OK
Seq_Frame0000_Timestamp = 2.208
Seq_Frame0001_ForcepToReference-SequenceTransform =0.697455 0.354106 0.62303 24.1484 -0.412004 0.909478 -0.0556917 150.253 -0.586353 -0.217848 0.780213 -91.8393 0 0 0 1 
Seq_Frame0001_ForcepToReference-SequenceTransformStatus = OK
Seq_Frame0001_Timestamp = 2.319
Seq_Frame0002_ForcepToReference-SequenceTransform =0.714707 0.0747507 0.695418 21.1645 -0.238934 0.960551 0.142311 173.274 -0.657347 -0.26787 0.704373 -77.5541 0 0 0 1 
Seq_Frame0002_ForcepToReference-SequenceTransformStatus = OK
Seq_Frame0002_Timestamp = 2.452
Seq_Frame0003_ForcepToReference-SequenceTransform =0.85431 -0.242755 0.459592 29.0734 -0.0325202 0.857535 0.513397 158.992 -0.518745 -0.453546 0.724706 -76.3143 0 0 0 1 
Seq_Frame0003_ForcepToReference-SequenceTransformStatus = OK
Seq_Frame0003_Timestamp = 2.561
Seq_Frame0004_ForcepToReference-SequenceTransform =0.86611 -0.351319 0.355567 22.0952 0.175075 0.879497 0.442532 178.161 -0.46819 -0.321031 0.823248 -71.4454 0 0 0 1 
Seq_Frame0004_ForcepToReference-SequenceTransformStatus = OK
Seq_Frame0004_Timestamp = 2.668
Seq_Frame0005_ForcepToReference-SequenceTransform =0.862909 -0.319337 0.391677 22.0715 0.165653 0.910963 0.377764 179.863 -0.477437 -0.261094 0.838978 -68.0419 0 0 0 1 
Seq_Frame0005_ForcepToReference-SequenceTransformStatus = OK
Seq_Frame0005_Timestamp = 2.769
Seq_Frame0006_ForcepToReference-SequenceTransform =0.875455 -0.284519 0.390675 19.2924 0.184118 0.943734 0.274713 183.905 -0.446854 -0.168569 0.878582 -62.2832 0 0 0 1 
Seq_Frame0006_ForcepToReference-SequenceTransformStatus = OK
Seq_Frame0006_Timestamp = 2.871
Seq_Frame0007_ForcepToReference-SequenceTransform =0.889949 -0.204799 0.407491 23.5125 0.143305 0.973821 0.176454 187.459 -0.432961 -0.0986398 0.895999 -57.1578 0 0 0 1 
Seq_Frame0007_ForcepToReference-SequenceTransformStatus = OK
Seq_Frame0007_Timestamp = 2.973
Seq_Frame0008_ForcepToReference-SequenceTransform =0.848651 -0.32081 0.420562 14.9556 0.186438 0.925475 0.329752 182.638 -0.495008 -0.201436 0.845216 -64.8969 0 0 0 1 
Seq_Frame0008_ForcepToReference-SequenceTransformStatus = OK
Seq_Frame0008_Timestamp = 3.077
Seq_Frame0009_ForcepToReference-SequenceTransform =0.835701 -0.375681 0.400583 11.1129 0.228496 0.901138 0.36843 181.905 -0.499393 -0.216366 0.838924 -69.0843 0 0 0 1 
Seq_Frame0009_ForcepToReference-SequenceTransformStatus = OK
Seq_Frame0009_Timestamp = 3.184
Seq_Frame0010_ForcepToReference-SequenceTransform =-0.536265 0.663125 -0.522193 8.17765 0.496711 -0.252266 -0.830446 182.383 -0.682421 -0.704718 -0.1941 -72.9536 0 0 0 1 
Seq_Frame0010_ForcepToReference-SequenceTransformStatus = OK
Seq_Frame0010_Timestamp = 3.289
Seq_Frame0011_ForcepToReference-SequenceTransform =-0.591784 0.709745 -0.382171 4.0556 0.40318 -0.14993 -0.902755 188.265 -0.698024 -0.68832 -0.197429 -72.421 0 0 0 1 
Seq_Frame0011_ForcepToReference-SequenceTransformStatus = OK
Seq_Frame0011_Timestamp = 3.393
Seq_Frame0012_ForcepToReference-SequenceTransform =0.902326 -0.423953 -0.0779193 42.5219 0.429445 0.868546 0.247397 200.842 -0.0372083 -0.256695 0.965776 -19.6737 0 0 0 1 
Seq_Frame0012_ForcepToReference-SequenceTransformStatus = OK
Seq_Frame0012_Timestamp = 4.393
Seq_Frame0013_ForcepToReference-SequenceTransform =0.914863 -0.403707 -0.00687707 44.6565 0.395931 0.893642 0.211289 202.932 -0.079153 -0.196023 0.9774 -13.5368 0 0 0 1 
Seq_Frame0013_ForcepToReference-SequenceTransformStatus = OK
Seq_Frame0013_Timestamp = 4.501
Seq_Frame0014_ForcepToReference-SequenceTransform =0.909846 -0.414096 -0.0265284 44.9522 0.409926 0.887089 0.212213 200.72 -0.0643435 -0.203956 0.976863 -12.8805 0 0 0 1 
Seq_Frame0014_ForcepToReference-SequenceTransformStatus = OK
Seq_Frame0014_Timestamp = 4.604
Seq_Frame0015_ForcepToReference-SequenceTransform =0.344453 0.286274 -0.894091 54.2704 0.762944 -0.640322 0.0889065 241.762 -0.547055 -0.712765 -0.438972 47.152 0 0 0 1 
Seq_Frame0015_ForcepToReference-SequenceTransformStatus = OK
Seq_Frame0015_Timestamp = 4.713
Seq_Frame0016_ForcepToReference-SequenceTransform =0.680007 -0.627452 0.379335 59.5512 0.629557 0.234468 -0.740731 242.075 0.375831 0.742515 0.554457 63.8296 0 0 0 1 
Seq_Frame0016_ForcepToReference-SequenceTransformStatus = OK
Seq_Frame0016_Timestamp = 4.863
Seq_Frame0017_ForcepToReference-SequenceTransform =0.596145 -0.727763 0.339074 66.8433 0.695048 0.256397 -0.671691 243.933 0.401894 0.636098 0.65868 68.9985 0 0 0 1 
Seq_Frame0017_ForcepToReference-SequenceTransformStatus = OK
Seq_Frame0017_Timestamp = 4.968
Seq_Frame0018_ForcepToReference-SequenceTransform =0.909728 -0.393192 0.133397 40.4068 0.318718 0.867213 0.382571 185.39 -0.266107 -0.305519 0.914246 -19.8894 0 0 0 1 
Seq_Frame0018_ForcepToReference-SequenceTransformStatus = OK
Seq_Frame0018_Timestamp = 5.077
Seq_Frame0019_ForcepToReference-SequenceTransform =0.90981 -0.397998 0.117661 21.5404 0.341736 0.879283 0.33178 186.641 -0.235505 -0.261648 0.93599 -30.2699 0 0 0 1 
Seq_Frame0019_ForcepToReference-SequenceTransformStatus = OK
Seq_Frame0019_Timestamp = 5.184
Seq_Frame0020_ForcepToReference-SequenceTransform =0.86513 -0.459818 0.200294 1.72217 0.356989 0.845051 0.398054 187.848 -0.352291 -0.272866 0.895229 -37.2816 0 0 0 1 
Seq_Frame0020_ForcepToReference-SequenceTransformStatus = OK
Seq_Frame0020_Timestamp = 5.289
Seq_Frame0021_ForcepToReference-SequenceTransform =0.867557 -0.414254 0.275206 -12.4871 0.341978 0.898669 0.274672 194.08 -0.361103 -0.144179 0.921313 -31.456 0 0 0 1 
Seq_Frame0021_ForcepToReference-SequenceTransformStatus = OK
Seq_Frame0021_Timestamp = 5.394
Seq_Frame0022_ForcepToReference-SequenceTransform =0.860632 -0.326837 0.390499 -12.7805 0.249102 0.939043 0.23695 191.327 -0.444139 -0.106653 0.889587 -25.7747 0 0 0 1 
Seq_Frame0022_ForcepToReference-SequenceTransformStatus = OK
Seq_Frame0022_Timestamp = 5.499
Seq_Frame0023_ForcepToReference-SequenceTransform =0.809646 -0.560574 0.173872 -11.2089 0.341322 0.690712 0.637508 170.041 -0.477466 -0.456809 0.750568 -29.9315 0 0 0 1 
Seq_Frame0023_ForcepToReference-SequenceTransformStatus = OK
Seq_Frame0023_Timestamp = 5.604
Seq_Frame0024_ForcepToReference-SequenceTransform =0.721956 -0.61133 0.324121 -16.1399 0.250499 0.667568 0.701144 172.772 -0.645003 -0.425003 0.635093 -22.562 0 0 0 1 
Seq_Frame0024_ForcepToReference-SequenceTransformStatus = OK
Seq_Frame0024_Timestamp = 5.71
Seq_Frame0025_ForcepToReference-SequenceTransform =0.680455 -0.60414 0.414724 -16.667 0.239223 0.718084 0.65355 176.939 -0.692642 -0.3455 0.633148 -17.1635 0 0 0 1 
Seq_Frame0025_ForcepToReference-SequenceTransformStatus = OK
Seq_Frame0025_Timestamp = 5.816
Seq_Frame0026_ForcepToReference-SequenceTransform =0.680455 -0.60414 0.414724 -16.667 0.239223 0.718084 0.65355 176.939 -0.692642 -0.3455 0.633148 -17.1635 0 0 0 1 
Seq_Frame0026_ForcepToReference-SequenceTransformStatus = OK
Seq_Frame0026_Timestamp = 5.926
Seq_Frame0027_ForcepToReference-SequenceTransform =0.680455 -0.60414 0.414724 -16.667 0.239223 0.718084 0.65355 176.939 -0.692642 -0.3455 0.633148 -17.1635 0 0 0 1 
Seq_Frame0027_ForcepToReference-SequenceTransformStatus = OK
Seq_Frame0027_Timestamp = 8.033
Seq_Frame0028_ForcepToReference-SequenceTransform =0.680455 -0.60414 0.414724 -16.667 0.239223 0.718084 0.65355 176.939 -0.692642 -0.3455 0.633148 -17.1635 0 0 0 1 
Seq_Frame0028_ForcepToReference-SequenceTransformStatus = OK
Seq_Frame0028_Timestamp = 8.138
Seq_Frame0029_ForcepToReference-SequenceTransform =0.680455 -0.60414 0.414724 -16.667 0.239223 0.718084 0.65355 176.939 -0.692642 -0.3455 0.633148 -17.1635 0 0 0 1 
Seq_Frame0029_ForcepToReference-SequenceTransformStatus = OK
Seq_Frame0029_Timestamp = 8.248
Seq_Frame0030_ForcepToReference-SequenceTransform =0.24993 0.607842 0.753699 101.741 -0.701289 0.650354 -0.291947 179.047 -0.667629 -0.455595 0.588816 34.8754 0 0 0 1 
Seq_Frame0030_ForcepToReference-SequenceTransformStatus = OK
Seq_Frame0030_Timestamp = 8.353
Seq_Frame0031_ForcepToReference-SequenceTransform =0.213952 0.559847 0.800497 88.7984 -0.625777 0.707797 -0.327761 191.063 -0.750085 -0.430808 0.501774 11.668 0 0 0 1 
Seq_Frame0031_ForcepToReference-SequenceTransformStatus = OK
Seq_Frame0031_Timestamp = 8.459
Seq_Frame0032_ForcepToReference-SequenceTransform =0.209253 0.47135 0.856763 74.6055 -0.434537 0.829721 -0.350343 225.586 -0.876009 -0.298985 0.37844 -11.1537 0 0 0 1 
Seq_Frame0032_ForcepToReference-SequenceTransformStatus = OK
Seq_Frame0032_Timestamp = 8.583
Seq_Frame0033_ForcepToReference-SequenceTransform =-0.0179864 0.488461 0.8724 88.4444 0.028328 0.87244 -0.4879 353.651 -0.999437 0.0159378 -0.0295292 -29.8927 0 0 0 1 
Seq_Frame0033_ForcepToReference-SequenceTransformStatus = OK
Seq_Frame0033_Timestamp = 8.902
Seq_Frame0034_ForcepToReference-SequenceTransform =0.12985 -0.527366 -0.839657 101.888 0.987635 0.143811 0.0624109 323.066 0.0878386 -0.837379 0.539519 -10.6685 0 0 0 1 
Seq_Frame0034_ForcepToReference-SequenceTransformStatus = OK
Seq_Frame0034_Timestamp = 9.128
Seq_Frame0035_ForcepToReference-SequenceTransform =0.187767 -0.544389 -0.817547 99.1617 0.982182 0.110746 0.151835 304.585 0.00788319 -0.83149 0.555484 -10.767 0 0 0 1 
Seq_Frame0035_ForcepToReference-SequenceTransformStatus = OK
Seq_Frame0035_Timestamp = 9.239
Seq_Frame0036_ForcepToReference-SequenceTransform =0.0145247 0.742621 0.669554 102.496 -0.0833022 0.668196 -0.739307 281.952 -0.996418 -0.0450371 0.0715673 -11.2858 0 0 0 1 
Seq_Frame0036_ForcepToReference-SequenceTransformStatus = OK
Seq_Frame0036_Timestamp = 9.343
Seq_Frame0037_ForcepToReference-SequenceTransform =0.00251495 0.791539 0.611113 108.525 -0.357257 0.571496 -0.738756 256.334 -0.934003 -0.216466 0.28422 -18.0712 0 0 0 1 
Seq_Frame0037_ForcepToReference-SequenceTransformStatus = OK
Seq_Frame0037_Timestamp = 9.973
Seq_Frame0038_ForcepToReference-SequenceTransform =0.00251495 0.791539 0.611113 108.525 -0.357257 0.571496 -0.738756 256.334 -0.934003 -0.216466 0.28422 -18.0712 0 0 0 1 
Seq_Frame0038_ForcepToReference-SequenceTransformStatus = OK
Seq_Frame0038_Timestamp = 10.082
Seq_Frame0039_ForcepToReference-SequenceTransform =0.0310135 0.945489 0.324174 137.004 -0.861263 0.189863 -0.471359 144.943 -0.507213 -0.264581 0.820202 -1.84289 0 0 0 1 
Seq_Frame0039_ForcepToReference-SequenceTransformStatus = OK
Seq_Frame0039_Timestamp = 10.187
Seq_Frame0040_ForcepToReference-SequenceTransform =0.0340704 0.946491 0.320928 138.277 -0.866363 0.188059 -0.462654 140.637 -0.498251 -0.262277 0.826412 1.41765 0 0 0 1 
Seq_Frame0040_ForcepToReference-SequenceTransformStatus = OK
Seq_Frame0040_Timestamp = 10.296
Seq_Frame0041_ForcepToReference-SequenceTransform =0.0450055 0.956113 0.289522 140.231 -0.882516 0.173859 -0.436965 135.839 -0.468124 -0.235842 0.85161 5.60127 0 0 0 1 
Seq_Frame0041_ForcepToReference-SequenceTransformStatus = OK
Seq_Frame0041_Timestamp = 10.404
Seq_Frame0042_ForcepToReference-SequenceTransform =0.0513505 0.964999 0.257179 142.025 -0.897557 0.15751 -0.411804 129.853 -0.437899 -0.209686 0.874229 9.92001 0 0 0 1 
Seq_Frame0042_ForcepToReference-SequenceTransformStatus = OK
Seq_Frame0042_Timestamp = 10.509
Seq_Frame0043_ForcepToReference-SequenceTransform =0.0512617 0.973425 0.223196 143.562 -0.926894 0.129578 -0.352247 123.557 -0.371807 -0.188822 0.908904 15.9076 0 0 0 1 
Seq_Frame0043_ForcepToReference-SequenceTransformStatus = OK
Seq_Frame0043_Timestamp = 10.613
Seq_Frame0044_ForcepToReference-SequenceTransform =0.05071 0.976818 0.207979 144.466 -0.939322 0.117391 -0.322326 119.268 -0.339269 -0.179014 0.923499 20.6118 0 0 0 1 
Seq_Frame0044_ForcepToReference-SequenceTransformStatus = OK
Seq_Frame0044_Timestamp = 10.718
Seq_Frame0045_ForcepToReference-SequenceTransform =0.0513095 0.982092 0.181278 145.837 -0.947508 0.105232 -0.301919 116.647 -0.315589 -0.156271 0.93594 24.7893 0 0 0 1 
Seq_Frame0045_ForcepToReference-SequenceTransformStatus = OK
Seq_Frame0045_Timestamp = 10.823
Seq_Frame0046_ForcepToReference-SequenceTransform =0.0601841 0.981458 0.181986 146.873 -0.94571 0.1144 -0.304211 115.97 -0.319389 -0.153797 0.93506 27.1041 0 0 0 1 
Seq_Frame0046_ForcepToReference-SequenceTransformStatus = OK
Seq_Frame0046_Timestamp = 10.927
Seq_Frame0047_ForcepToReference-SequenceTransform =0.0637904 0.985613 0.156516 148.103 -0.950961 0.107599 -0.289993 116.012 -0.302662 -0.130342 0.944144 28.9049 0 0 0 1 
Seq_Frame0047_ForcepToReference-SequenceTransformStatus = OK
Seq_Frame0047_Timestamp = 11.036
Seq_Frame0048_ForcepToReference-SequenceTransform =0.0630024 0.985697 0.156306 149.446 -0.955837 0.104644 -0.274637 114.823 -0.287066 -0.132101 0.948758 32.0847 0 0 0 1 
Seq_Frame0048_ForcepToReference-SequenceTransformStatus = OK
Seq_Frame0048_Timestamp = 11.147
Seq_Frame0049_ForcepToReference-SequenceTransform =0.0645013 0.988136 0.139382 150.662 -0.950696 0.103304 -0.292413 112.413 -0.303343 -0.113648 0.94608 33.9192 0 0 0 1 
Seq_Frame0049_ForcepToReference-SequenceTransformStatus = OK
Seq_Frame0049_Timestamp = 11.254
Seq_Frame0050_ForcepToReference-SequenceTransform =0.0543821 0.991309 0.119791 151.565 -0.959517 0.0850829 -0.268491 111.173 -0.276349 -0.100341 0.955805 36.8105 0 0 0 1 
Seq_Frame0050_ForcepToReference-SequenceTransformStatus = OK
Seq_Frame0050_Timestamp = 11.355
Seq_Frame0051_ForcepToReference-SequenceTransform =0.0501466 0.992505 0.111444 152.746 -0.95677 0.0797471 -0.279698 109.529 -0.286489 -0.0926 0.953598 39.1281 0 0 0 1 
Seq_Frame0051_ForcepToReference-SequenceTransformStatus = OK
Seq_Frame0051_Timestamp = 11.463
Seq_Frame0052_ForcepToReference-SequenceTransform =0.0481599 0.994752 0.0902678 153.812 -0.957598 0.0716829 -0.279046 109.131 -0.284053 -0.0730015 0.956026 40.3522 0 0 0 1 
Seq_Frame0052_ForcepToReference-SequenceTransformStatus = OK
Seq_Frame0052_Timestamp = 11.578
Seq_Frame0053_ForcepToReference-SequenceTransform =0.0472945 0.994917 0.0889009 154.711 -0.956703 0.0707072 -0.282348 109.357 -0.287199 -0.0716982 0.955184 41.9349 0 0 0 1 
Seq_Frame0053_ForcepToReference-SequenceTransformStatus = OK
Seq_Frame0053_Timestamp = 11.681
Seq_Frame0054_ForcepToReference-SequenceTransform =0.0480012 0.996196 0.0727268 155.711 -0.956021 0.0669127 -0.285562 109.645 -0.289342 -0.055821 0.955597 42.8166 0 0 0 1 
Seq_Frame0054_ForcepToReference-SequenceTransformStatus = OK
Seq_Frame0054_Timestamp = 11.79
Seq_Frame0055_ForcepToReference-SequenceTransform =0.0544707 0.995269 0.080452 156.903 -0.950219 0.0764225 -0.302066 110.128 -0.306786 -0.0599932 0.949886 44.2443 0 0 0 1 
Seq_Frame0055_ForcepToReference-SequenceTransformStatus = OK
Seq_Frame0055_Timestamp = 11.894
Seq_Frame0056_ForcepToReference-SequenceTransform =0.0543496 0.997018 0.0547795 157.697 -0.955688 0.0678356 -0.286459 110.245 -0.289321 -0.0367832 0.956525 44.8709 0 0 0 1 
Seq_Frame0056_ForcepToReference-SequenceTransformStatus = OK
Seq_Frame0056_Timestamp = 11.998
Seq_Frame0057_ForcepToReference-SequenceTransform =0.0575929 0.996777 0.0558434 158.134 -0.955179 0.071286 -0.287318 110.868 -0.290372 -0.036793 0.956206 45.2474 0 0 0 1 
Seq_Frame0057_ForcepToReference-SequenceTransformStatus = OK
Seq_Frame0057_Timestamp = 12.104
Seq_Frame0058_ForcepToReference-SequenceTransform =0.0567046 0.997153 0.0496997 158.755 -0.954518 0.0687402 -0.29012 111.712 -0.292711 -0.0309881 0.955699 46.5633 0 0 0 1 
Seq_Frame0058_ForcepToReference-SequenceTransformStatus = OK
Seq_Frame0058_Timestamp = 12.208
Seq_Frame0059_ForcepToReference-SequenceTransform =0.0582685 0.997394 0.0425468 159.285 -0.952688 0.0682911 -0.296177 111.976 -0.298311 -0.023276 0.954185 48.1265 0 0 0 1 
Seq_Frame0059_ForcepToReference-SequenceTransformStatus = OK
Seq_Frame0059_Timestamp = 12.32
Seq_Frame0060_ForcepToReference-SequenceTransform =0.0614142 0.997506 0.0347906 159.448 -0.95199 0.0690141 -0.298249 112.399 -0.299906 -0.0148036 0.953854 47.6728 0 0 0 1 
Seq_Frame0060_ForcepToReference-SequenceTransformStatus = OK
Seq_Frame0060_Timestamp = 12.428
Seq_Frame0061_ForcepToReference-SequenceTransform =0.0617335 0.996973 0.0472699 159.26 -0.95159 0.073079 -0.298558 111.786 -0.301108 -0.0265505 0.95322 47.8023 0 0 0 1 
Seq_Frame0061_ForcepToReference-SequenceTransformStatus = OK
Seq_Frame0061_Timestamp = 12.534
Seq_Frame0062_ForcepToReference-SequenceTransform =0.0636506 0.997001 0.0440215 158.879 -0.948841 0.0741281 -0.306929 111.682 -0.309272 -0.0222332 0.950714 47.1945 0 0 0 1 
Seq_Frame0062_ForcepToReference-SequenceTransformStatus = OK
Seq_Frame0062_Timestamp = 12.645
Seq_Frame0063_ForcepToReference-SequenceTransform =0.0570835 0.988743 0.138307 152.284 -0.931773 0.102511 -0.348269 109.291 -0.358526 -0.108991 0.927135 36.6647 0 0 0 1 
Seq_Frame0063_ForcepToReference-SequenceTransformStatus = OK
Seq_Frame0063_Timestamp = 12.758
Seq_Frame0064_ForcepToReference-SequenceTransform =0.0395664 0.975487 0.216469 141.255 -0.920339 0.119941 -0.372278 110.543 -0.389116 -0.184495 0.902524 24.6465 0 0 0 1 
Seq_Frame0064_ForcepToReference-SequenceTransformStatus = OK
Seq_Frame0064_Timestamp = 12.863
Seq_Frame0065_ForcepToReference-SequenceTransform =0.0324879 0.970538 0.238747 130.678 -0.881575 0.140377 -0.450688 122.967 -0.470925 -0.195832 0.860163 16.7634 0 0 0 1 
Seq_Frame0065_ForcepToReference-SequenceTransformStatus = OK
Seq_Frame0065_Timestamp = 12.968
Seq_Frame0066_ForcepToReference-SequenceTransform =0.0324879 0.970538 0.238747 130.678 -0.881575 0.140377 -0.450688 122.967 -0.470925 -0.195832 0.860163 16.7634 0 0 0 1 
Seq_Frame0066_ForcepToReference-SequenceTransformStatus = OK
Seq_Frame0066_Timestamp = 13.074
Seq_Frame0067_ForcepToReference-SequenceTransform =-0.0958727 0.753846 0.650019 39.3395 -0.693578 0.417809 -0.586843 171.312 -0.713973 -0.507101 0.482795 5.45584 0 0 0 1 
Seq_Frame0067_ForcepToReference-SequenceTransformStatus = OK
Seq_Frame0067_Timestamp = 13.178
Seq_Frame0068_ForcepToReference-SequenceTransform =-0.139695 0.605269 0.783668 4.054 -0.665398 0.528721 -0.526972 180.026 -0.733301 -0.595066 0.328885 -1.00339 0 0 0 1 
Seq_Frame0068_ForcepToReference-SequenceTransformStatus = OK
Seq_Frame0068_Timestamp = 13.288
Seq_Frame0069_ForcepToReference-SequenceTransform =-0.141514 0.674476 0.724607 6.90253 -0.674045 0.470431 -0.569524 173.289 -0.725008 -0.569014 0.388055 1.36679 0 0 0 1 
Seq_Frame0069_ForcepToReference-SequenceTransformStatus = OK
Seq_Frame0069_Timestamp = 13.393
Seq_Frame0070_ForcepToReference-SequenceTransform =0.449255 -0.669507 -0.59155 55.3915 0.741908 -0.0893118 0.664527 180.975 -0.497737 -0.737417 0.456589 55.7958 0 0 0 1 
Seq_Frame0070_ForcepToReference-SequenceTransformStatus = OK
Seq_Frame0070_Timestamp = 13.725
Seq_Frame0071_ForcepToReference-SequenceTransform =0.426149 -0.718682 -0.549447 56.256 0.77249 -0.0269962 0.634452 184.642 -0.470803 -0.694814 0.543671 67.0211 0 0 0 1 
Seq_Frame0071_ForcepToReference-SequenceTransformStatus = OK
Seq_Frame0071_Timestamp = 13.835
Seq_Frame0072_ForcepToReference-SequenceTransform =0.410945 -0.702971 -0.580479 57.5564 0.819169 0.00528231 0.573527 188.567 -0.400107 -0.711199 0.578023 75.0792 0 0 0 1 
Seq_Frame0072_ForcepToReference-SequenceTransformStatus = OK
Seq_Frame0072_Timestamp = 13.938
Seq_Frame0073_ForcepToReference-SequenceTransform =0.401782 -0.716763 -0.569932 59.4256 0.836451 0.0339367 0.54699 191.246 -0.37272 -0.696491 0.613172 82.6242 0 0 0 1 
Seq_Frame0073_ForcepToReference-SequenceTransformStatus = OK
Seq_Frame0073_Timestamp = 14.043
Seq_Frame0074_ForcepToReference-SequenceTransform =0.476629 -0.700399 -0.531288 63.1306 0.839616 0.183583 0.511217 206.342 -0.26052 -0.689738 0.675567 100.501 0 0 0 1 
Seq_Frame0074_ForcepToReference-SequenceTransformStatus = OK
Seq_Frame0074_Timestamp = 14.647
Seq_Frame0075_ForcepToReference-SequenceTransform =0.350695 -0.728432 -0.588557 52.1498 0.887441 0.0577704 0.457287 195.338 -0.299101 -0.682678 0.6667 88.6857 0 0 0 1 
Seq_Frame0075_ForcepToReference-SequenceTransformStatus = OK
Seq_Frame0075_Timestamp = 14.77
Seq_Frame0076_ForcepToReference-SequenceTransform =-0.230105 0.771013 0.593793 41.6167 -0.167872 0.569572 -0.804616 192.577 -0.958577 -0.284827 -0.0016302 80.7771 0 0 0 1 
Seq_Frame0076_ForcepToReference-SequenceTransformStatus = OK
Seq_Frame0076_Timestamp = 15.106
Seq_Frame0077_ForcepToReference-SequenceTransform =-0.00804116 0.492111 0.870495 48.1847 -0.02382 0.870182 -0.492154 215.415 -0.999684 -0.0246927 0.00472483 110.492 0 0 0 1 
Seq_Frame0077_ForcepToReference-SequenceTransformStatus = OK
Seq_Frame0077_Timestamp = 16.139
Seq_Frame0078_ForcepToReference-SequenceTransform =-0.0681372 -0.531655 -0.844216 55.0486 0.980628 -0.191448 0.0414197 209.75 -0.183645 -0.82504 0.534401 103.6 0 0 0 1 
Seq_Frame0078_ForcepToReference-SequenceTransformStatus = OK
Seq_Frame0078_Timestamp = 16.254
Seq_Frame0079_ForcepToReference-SequenceTransform =-0.0681372 -0.531655 -0.844216 55.0486 0.980628 -0.191448 0.0414197 209.75 -0.183645 -0.82504 0.534401 103.6 0 0 0 1 
Seq_Frame0079_ForcepToReference-SequenceTransformStatus = OK
Seq_Frame0079_Timestamp = 16.422
Seq_Frame0080_ForcepToReference-SequenceTransform =-0.481876 0.19665 -0.853888 72.9579 -0.860225 0.0792852 0.503712 230.949 0.166756 0.977263 0.130958 200.825 0 0 0 1 
Seq_Frame0080_ForcepToReference-SequenceTransformStatus = OK
Seq_Frame0080_Timestamp = 16.636
Seq_Frame0081_ForcepToReference-SequenceTransform =0.252365 -0.185051 0.949772 6.65718 -0.184736 0.954275 0.235015 226.148 -0.949834 -0.234767 0.20664 23.5483 0 0 0 1 
Seq_Frame0081_ForcepToReference-SequenceTransformStatus = OK
Seq_Frame0081_Timestamp = 17.084
Seq_Frame0082_ForcepToReference-SequenceTransform =0.280576 -0.228607 0.93221 4.50679 -0.180531 0.94132 0.285177 230.839 -0.942701 -0.248307 0.222841 19.3328 0 0 0 1 
Seq_Frame0082_ForcepToReference-SequenceTransformStatus = OK
Seq_Frame0082_Timestamp = 17.213
Seq_Frame0083_ForcepToReference-SequenceTransform =-0.761225 -0.037793 -0.647386 -0.0456164 0.53948 -0.590882 -0.59985 240.335 -0.359859 -0.805872 0.470182 15.0856 0 0 0 1 
Seq_Frame0083_ForcepToReference-SequenceTransformStatus = OK
Seq_Frame0083_Timestamp = 17.337
Seq_Frame0084_ForcepToReference-SequenceTransform =-0.761225 -0.037793 -0.647386 -0.0456164 0.53948 -0.590882 -0.59985 240.335 -0.359859 -0.805872 0.470182 15.0856 0 0 0 1 
Seq_Frame0084_ForcepToReference-SequenceTransformStatus = OK
Seq_Frame0084_Timestamp = 17.456
Seq_Frame0085_ForcepToReference-SequenceTransform =-0.761225 -0.037793 -0.647386 -0.0456164 0.53948 -0.590882 -0.59985 240.335 -0.359859 -0.805872 0.470182 15.0856 0 0 0 1 
Seq_Frame0085_ForcepToReference-SequenceTransformStatus = OK
Seq_Frame0085_Timestamp = 17.578
Seq_Frame0086_ForcepToReference-SequenceTransform =-0.0302707 -0.0937577 0.995135 -3.38622 0.166999 0.981123 0.0975174 283.034 -0.985492 0.169139 -0.0140418 37.2763 0 0 0 1 
Seq_Frame0086_ForcepToReference-SequenceTransformStatus = OK
Seq_Frame0086_Timestamp = 17.688
Seq_Frame0087_ForcepToReference-SequenceTransform =-0.0312646 -0.087185 0.995701 -1.90033 0.207598 0.973898 0.0917944 284.625 -0.977715 0.209575 -0.0123491 45.497 0 0 0 1 
Seq_Frame0087_ForcepToReference-SequenceTransformStatus = OK
Seq_Frame0087_Timestamp = 17.791
Seq_Frame0088_ForcepToReference-SequenceTransform =-0.0917633 -0.0537447 0.994329 -1.40396 0.266983 0.960655 0.0765635 282.94 -0.959323 0.272495 -0.073804 53.7861 0 0 0 1 
Seq_Frame0088_ForcepToReference-SequenceTransformStatus = OK
Seq_Frame0088_Timestamp = 17.913
Seq_Frame0089_ForcepToReference-SequenceTransform =-0.0111107 -0.0584441 0.998229 -4.55371 0.321324 0.945135 0.058912 281.636 -0.946904 0.321409 0.0082784 64.6083 0 0 0 1 
Seq_Frame0089_ForcepToReference-SequenceTransformStatus = OK
Seq_Frame0089_Timestamp = 18.023
Seq_Frame0090_ForcepToReference-SequenceTransform =0.00204819 -0.0392691 0.999227 -4.79589 0.309321 0.950249 0.0367102 280.787 -0.950956 0.309006 0.014093 68.89 0 0 0 1 
Seq_Frame0090_ForcepToReference-SequenceTransformStatus = OK
Seq_Frame0090_Timestamp = 18.147
Seq_Frame0091_ForcepToReference-SequenceTransform =-0.0781401 0.0420845 0.996054 -5.90388 0.311382 0.950155 -0.0157174 272.154 -0.947067 0.308925 -0.0873496 73.1535 0 0 0 1 
Seq_Frame0091_ForcepToReference-SequenceTransformStatus = OK
Seq_Frame0091_Timestamp = 18.272
Seq_Frame0092_ForcepToReference-SequenceTransform =-0.117706 0.0813683 0.989709 -5.55255 0.293557 0.954947 -0.0435977 269.969 -0.948667 0.285404 -0.136289 74.7185 0 0 0 1 
Seq_Frame0092_ForcepToReference-SequenceTransformStatus = OK
Seq_Frame0092_Timestamp = 20.79
Seq_Frame0093_ForcepToReference-SequenceTransform =-0.117706 0.0813683 0.989709 -5.55255 0.293557 0.954947 -0.0435977 269.969 -0.948667 0.285404 -0.136289 74.7185 0 0 0 1 
Seq_Frame0093_ForcepToReference-SequenceTransformStatus = OK
Seq_Frame0093_Timestamp = 20.958
Seq_Frame0094_ForcepToReference-SequenceTransform =-0.117706 0.0813683 0.989709 -5.55255 0.293557 0.954947 -0.0435977 269.969 -0.948667 0.285404 -0.136289 74.7185 0 0 0 1 
Seq_Frame0094_ForcepToReference-SequenceTransformStatus = OK
Seq_Frame0094_Timestamp = 21.265
Seq_Frame0095_ForcepToReference-SequenceTransform =-0.117706 0.0813683 0.989709 -5.55255 0.293557 0.954947 -0.0435977 269.969 -0.948667 0.285404 -0.136289 74.7185 0 0 0 1 
Seq_Frame0095_ForcepToReference-SequenceTransformStatus = OK
Seq_Frame0095_Timestamp = 22.192
Seq_Frame0096_ForcepToReference-SequenceTransform =-0.117706 0.0813683 0.989709 -5.55255 0.293557 0.954947 -0.0435977 269.969 -0.948667 0.285404 -0.136289 74.7185 0 0 0 1 
Seq_Frame0096_ForcepToReference-SequenceTransformStatus = OK
Seq_Frame0096_Timestamp = 22.359
Seq_Frame0097_ForcepToReference-SequenceTransform =-0.117706 0.0813683 0.989709 -5.55255 0.293557 0.954947 -0.0435977 269.969 -0.948667 0.285404 -0.136289 74.7185 0 0 0 1 
Seq_Frame0097_ForcepToReference-SequenceTransformStatus = OK
Seq_Frame0097_Timestamp = 22.481
Seq_Frame0098_ForcepToReference-SequenceTransform =-0.117706 0.0813683 0.989709 -5.55255 0.293557 0.954947 -0.0435977 269.969 -0.948667 0.285404 -0.136289 74.7185 0 0 0 1 
Seq_Frame0098_ForcepToReference-SequenceTransformStatus = OK
Seq_Frame0098_Timestamp = 22.699
Seq_Frame0099_ForcepToReference-SequenceTransform =-0.117706 0.0813683 0.989709 -5.55255 0.293557 0.954947 -0.0435977 269.969 -0.948667 0.285404 -0.136289 74.7185 0 0 0 1 
Seq_Frame0099_ForcepToReference-SequenceTransformStatus = OK
Seq_Frame0099_Timestamp = 22.802
Seq_Frame0100_ForcepToReference-SequenceTransform =-0.117706 0.0813683 0.989709 -5.55255 0.293557 0.954947 -0.0435977 269.969 -0.948667 0.285404 -0.136289 74.7185 0 0 0 1 
Seq_Frame0100_ForcepToReference-SequenceTransformStatus = OK
Seq_Frame0100_Timestamp = 23.134
Seq_Frame0101_ForcepToReference-SequenceTransform =-0.117706 0.0813683 0.989709 -5.55255 0.293557 0.954947 -0.0435977 269.969 -0.948667 0.285404 -0.136289 74.7185 0 0 0 1 
Seq_Frame0101_ForcepToReference-SequenceTransformStatus = OK
Seq_Frame0101_Timestamp = 23.236
Seq_Frame0102_ForcepToReference-SequenceTransform =0.0633611 0.401802 0.913532 40.1273 -0.0229237 0.915716 -0.401172 250.581 -0.997727 0.00447715 0.0672316 85.033 0 0 0 1 
Seq_Frame0102_ForcepToReference-SequenceTransformStatus = OK
Seq_Frame0102_Timestamp = 23.895
Seq_Frame0103_ForcepToReference-SequenceTransform =-0.0472657 0.534002 0.844161 47.9814 0.149321 0.839387 -0.522622 249.483 -0.987659 0.101349 -0.119412 114.152 0 0 0 1 
Seq_Frame0103_ForcepToReference-SequenceTransformStatus = OK
Seq_Frame0103_Timestamp = 24.484
Seq_Frame0104_ForcepToReference-SequenceTransform =-0.111353 -0.483778 -0.868078 48.6441 0.936189 0.241978 -0.254943 249.115 0.333391 -0.841074 0.425963 132.724 0 0 0 1 
Seq_Frame0104_ForcepToReference-SequenceTransformStatus = OK
Seq_Frame0104_Timestamp = 24.822
Seq_Frame0105_ForcepToReference-SequenceTransform =-0.103587 -0.485493 -0.868082 49.8354 0.941251 0.234203 -0.243301 246.665 0.321428 -0.842286 0.43271 136.948 0 0 0 1 
Seq_Frame0105_ForcepToReference-SequenceTransformStatus = OK
Seq_Frame0105_Timestamp = 24.922
Seq_Frame0106_ForcepToReference-SequenceTransform =-0.0565958 -0.519927 -0.852334 50.183 0.958835 0.209632 -0.191544 244.975 0.278265 -0.828088 0.48666 133.641 0 0 0 1 
Seq_Frame0106_ForcepToReference-SequenceTransformStatus = OK
Seq_Frame0106_Timestamp = 25.028
Seq_Frame0107_ForcepToReference-SequenceTransform =-0.000717813 -0.519063 -0.854736 50.0292 0.995697 0.0788338 -0.0487103 239.23 0.0926658 -0.851093 0.516773 130.931 0 0 0 1 
Seq_Frame0107_ForcepToReference-SequenceTransformStatus = OK
Seq_Frame0107_Timestamp = 25.288
Seq_Frame0108_ForcepToReference-SequenceTransform =-0.0044052 -0.513385 -0.858147 49.7173 0.995128 0.0822729 -0.0543279 239.195 0.0984934 -0.854206 0.510521 131.504 0 0 0 1 
Seq_Frame0108_ForcepToReference-SequenceTransformStatus = OK
Seq_Frame0108_Timestamp = 27.119
Seq_Frame0109_ForcepToReference-SequenceTransform =-0.132015 -0.625948 -0.76861 30.1854 0.897296 -0.404965 0.175681 189.173 -0.421227 -0.666478 0.615122 56.9234 0 0 0 1 
Seq_Frame0109_ForcepToReference-SequenceTransformStatus = OK
Seq_Frame0109_Timestamp = 27.249
Seq_Frame0110_ForcepToReference-SequenceTransform =-0.145401 0.463017 0.874342 27.7919 -0.699842 0.576537 -0.421694 162.748 -0.699342 -0.673216 0.24021 38.6596 0 0 0 1 
Seq_Frame0110_ForcepToReference-SequenceTransformStatus = OK
Seq_Frame0110_Timestamp = 27.35
Seq_Frame0111_ForcepToReference-SequenceTransform =-0.171767 0.423536 0.889446 23.7351 -0.809365 0.454051 -0.372512 147.487 -0.561626 -0.783872 0.264804 29.8075 0 0 0 1 
Seq_Frame0111_ForcepToReference-SequenceTransformStatus = OK
Seq_Frame0111_Timestamp = 27.46
Seq_Frame0112_ForcepToReference-SequenceTransform =-0.20291 0.355295 0.912465 21.3772 -0.880464 0.341578 -0.328797 134.123 -0.428498 -0.870109 0.243515 25.6308 0 0 0 1 
Seq_Frame0112_ForcepToReference-SequenceTransformStatus = OK
Seq_Frame0112_Timestamp = 27.575
Seq_Frame0113_ForcepToReference-SequenceTransform =-0.0285385 0.400064 0.916043 31.2964 -0.975157 0.190246 -0.113466 119.848 -0.219667 -0.896524 0.384696 26.7882 0 0 0 1 
Seq_Frame0113_ForcepToReference-SequenceTransformStatus = OK
Seq_Frame0113_Timestamp = 27.676
Seq_Frame0114_ForcepToReference-SequenceTransform =0.218912 0.414588 0.883286 52.517 -0.963165 0.236707 0.127606 111.296 -0.156177 -0.878684 0.451135 30.414 0 0 0 1 
Seq_Frame0114_ForcepToReference-SequenceTransformStatus = OK
Seq_Frame0114_Timestamp = 27.779
Seq_Frame0115_ForcepToReference-SequenceTransform =0.512579 0.426203 0.745395 74.2106 -0.857401 0.300686 0.417675 121.663 -0.0461152 -0.853193 0.519552 26.0736 0 0 0 1 
Seq_Frame0115_ForcepToReference-SequenceTransformStatus = OK
Seq_Frame0115_Timestamp = 27.883
Seq_Frame0116_ForcepToReference-SequenceTransform =0.707113 0.497545 0.502435 95.814 -0.702325 0.411749 0.580691 145.136 0.0820425 -0.763487 0.640591 30.9683 0 0 0 1 
Seq_Frame0116_ForcepToReference-SequenceTransformStatus = OK
Seq_Frame0116_Timestamp = 27.99
Seq_Frame0117_ForcepToReference-SequenceTransform =0.840946 0.453661 0.294962 114.001 -0.524236 0.547928 0.651883 173.386 0.134116 -0.702828 0.698603 41.3443 0 0 0 1 
Seq_Frame0117_ForcepToReference-SequenceTransformStatus = OK
Seq_Frame0117_Timestamp = 28.103
Seq_Frame0118_ForcepToReference-SequenceTransform =0.867819 0.467647 0.167917 120.736 -0.456501 0.616942 0.641084 184.186 0.196206 -0.633 0.748875 45.6043 0 0 0 1 
Seq_Frame0118_ForcepToReference-SequenceTransformStatus = OK
Seq_Frame0118_Timestamp = 28.206
Seq_Frame0119_ForcepToReference-SequenceTransform =0.893516 0.442242 0.0777857 121.918 -0.382678 0.65934 0.64717 194.77 0.234918 -0.608023 0.758367 49.4489 0 0 0 1 
Seq_Frame0119_ForcepToReference-SequenceTransformStatus = OK
Seq_Frame0119_Timestamp = 28.321
Seq_Frame0120_ForcepToReference-SequenceTransform =0.904663 0.425852 0.0153434 119.943 -0.327954 0.672797 0.663167 201.539 0.272088 -0.604974 0.748314 49.8652 0 0 0 1 
Seq_Frame0120_ForcepToReference-SequenceTransformStatus = OK
Seq_Frame0120_Timestamp = 28.427
Seq_Frame0121_ForcepToReference-SequenceTransform =0.917428 0.397634 0.014607 117.897 -0.304943 0.679038 0.66777 203.499 0.255609 -0.617085 0.744224 48.9304 0 0 0 1 
Seq_Frame0121_ForcepToReference-SequenceTransformStatus = OK
Seq_Frame0121_Timestamp = 28.539
Seq_Frame0122_ForcepToReference-SequenceTransform =0.917661 0.397311 0.00647346 116.823 -0.29982 0.681612 0.667467 202.811 0.26078 -0.614449 0.744611 49.8245 0 0 0 1 
Seq_Frame0122_ForcepToReference-SequenceTransformStatus = OK
Seq_Frame0122_Timestamp = 28.644
Seq_Frame0123_ForcepToReference-SequenceTransform =0.922663 0.385607 0.000785054 115.825 -0.289102 0.690401 0.663149 205.091 0.255173 -0.61209 0.748487 51.8371 0 0 0 1 
Seq_Frame0123_ForcepToReference-SequenceTransformStatus = OK
Seq_Frame0123_Timestamp = 28.77
Seq_Frame0124_ForcepToReference-SequenceTransform =0.931711 0.36313 -0.00709048 115 -0.271447 0.709179 0.650678 209.059 0.241309 -0.604319 0.759321 53.4053 0 0 0 1 
Seq_Frame0124_ForcepToReference-SequenceTransformStatus = OK
Seq_Frame0124_Timestamp = 28.897
Seq_Frame0125_ForcepToReference-SequenceTransform =0.930828 0.365121 -0.0156644 115.081 -0.269272 0.714192 0.646082 208.973 0.247085 -0.597173 0.763107 55.3233 0 0 0 1 
Seq_Frame0125_ForcepToReference-SequenceTransformStatus = OK
Seq_Frame0125_Timestamp = 28.997
Seq_Frame0126_ForcepToReference-SequenceTransform =0.935196 0.352926 -0.0291909 113.226 -0.248978 0.713887 0.654504 209.291 0.25183 -0.604821 0.755495 56.392 0 0 0 1 
Seq_Frame0126_ForcepToReference-SequenceTransformStatus = OK
Seq_Frame0126_Timestamp = 29.099
Seq_Frame0127_ForcepToReference-SequenceTransform =0.940947 0.338144 -0.0166315 112.444 -0.243101 0.709029 0.661951 208.961 0.235627 -0.618818 0.749362 56.4787 0 0 0 1 
Seq_Frame0127_ForcepToReference-SequenceTransformStatus = OK
Seq_Frame0127_Timestamp = 29.207
Seq_Frame0128_ForcepToReference-SequenceTransform =0.944014 0.329012 -0.0242458 112.699 -0.231541 0.71311 0.661713 209.889 0.235001 -0.619052 0.749365 56.1023 0 0 0 1 
Seq_Frame0128_ForcepToReference-SequenceTransformStatus = OK
Seq_Frame0128_Timestamp = 29.312
Seq_Frame0129_ForcepToReference-SequenceTransform =0.937574 0.343682 -0.0532635 114.63 -0.227695 0.722354 0.652962 212.011 0.262887 -0.600072 0.755516 58.662 0 0 0 1 
Seq_Frame0129_ForcepToReference-SequenceTransformStatus = OK
Seq_Frame0129_Timestamp = 29.419
Seq_Frame0130_ForcepToReference-SequenceTransform =0.941225 0.330569 -0.0694248 113.566 -0.20745 0.727921 0.653526 214.777 0.266571 -0.600713 0.753714 58.5482 0 0 0 1 
Seq_Frame0130_ForcepToReference-SequenceTransformStatus = OK
Seq_Frame0130_Timestamp = 29.537
Seq_Frame0131_ForcepToReference-SequenceTransform =0.943659 0.323688 -0.0688058 112.471 -0.206056 0.737447 0.643205 215.546 0.258938 -0.592789 0.762596 59.2814 0 0 0 1 
Seq_Frame0131_ForcepToReference-SequenceTransformStatus = OK
Seq_Frame0131_Timestamp = 29.651
Seq_Frame0132_ForcepToReference-SequenceTransform =0.942979 0.324191 -0.0754408 112 -0.202813 0.739336 0.642066 214.669 0.263928 -0.590155 0.762928 58.997 0 0 0 1 
Seq_Frame0132_ForcepToReference-SequenceTransformStatus = OK
Seq_Frame0132_Timestamp = 29.78
Seq_Frame0133_ForcepToReference-SequenceTransform =0.945261 0.320238 -0.0626901 110.945 -0.205952 0.734498 0.646604 212.693 0.253113 -0.598298 0.760246 57.4053 0 0 0 1 
Seq_Frame0133_ForcepToReference-SequenceTransformStatus = OK
Seq_Frame0133_Timestamp = 29.902
Seq_Frame0134_ForcepToReference-SequenceTransform =0.945766 0.316267 -0.074178 107.836 -0.199486 0.745658 0.635767 213.802 0.256384 -0.586489 0.768308 60.014 0 0 0 1 
Seq_Frame0134_ForcepToReference-SequenceTransformStatus = OK
Seq_Frame0134_Timestamp = 30.023
Seq_Frame0135_ForcepToReference-SequenceTransform =0.936361 0.350202 -0.0242331 109.662 -0.243688 0.698149 0.673204 205.495 0.252676 -0.624457 0.739059 53.3155 0 0 0 1 
Seq_Frame0135_ForcepToReference-SequenceTransformStatus = OK
Seq_Frame0135_Timestamp = 30.131
Seq_Frame0136_ForcepToReference-SequenceTransform =0.933046 0.353306 0.0678185 111.361 -0.298248 0.654237 0.694998 196.404 0.201177 -0.668692 0.715807 39.6404 0 0 0 1 
Seq_Frame0136_ForcepToReference-SequenceTransformStatus = OK
Seq_Frame0136_Timestamp = 30.233
Seq_Frame0137_ForcepToReference-SequenceTransform =0.923075 0.230439 0.307946 101.14 -0.381752 0.646525 0.660508 191.009 -0.0468879 -0.727257 0.684762 6.34811 0 0 0 1 
Seq_Frame0137_ForcepToReference-SequenceTransformStatus = OK
Seq_Frame0137_Timestamp = 30.336
Seq_Frame0138_ForcepToReference-SequenceTransform =0.620275 -0.0630212 0.781849 49.6821 -0.443988 0.793508 0.416196 198.888 -0.646632 -0.605288 0.464213 -36.7648 0 0 0 1 
Seq_Frame0138_ForcepToReference-SequenceTransformStatus = OK
Seq_Frame0138_Timestamp = 30.455
Seq_Frame0139_ForcepToReference-SequenceTransform =0.0281348 -0.258561 0.965585 -27.127 -0.38148 0.890081 0.249458 206.272 -0.923949 -0.37537 -0.0735935 -25.7152 0 0 0 1 
Seq_Frame0139_ForcepToReference-SequenceTransformStatus = OK
Seq_Frame0139_Timestamp = 30.601
Seq_Frame0140_ForcepToReference-SequenceTransform =-0.0876594 -0.260359 0.961524 -42.2889 -0.372758 0.903687 0.210715 207.591 -0.923779 -0.339945 -0.176268 -12.763 0 0 0 1 
Seq_Frame0140_ForcepToReference-SequenceTransformStatus = OK
Seq_Frame0140_Timestamp = 30.707
Seq_Frame0141_ForcepToReference-SequenceTransform =-0.143339 -0.301306 0.942692 -43.8648 -0.295047 0.922224 0.249901 219.511 -0.94467 -0.242318 -0.22109 -2.12625 0 0 0 1 
Seq_Frame0141_ForcepToReference-SequenceTransformStatus = OK
Seq_Frame0141_Timestamp = 30.815
Seq_Frame0142_ForcepToReference-SequenceTransform =-0.129585 -0.325253 0.936706 -44.0979 -0.249166 0.925041 0.286733 223.708 -0.959752 -0.196239 -0.200914 1.31212 0 0 0 1 
Seq_Frame0142_ForcepToReference-SequenceTransformStatus = OK
Seq_Frame0142_Timestamp = 30.923
Seq_Frame0143_ForcepToReference-SequenceTransform =-0.143958 -0.348868 0.926049 -43.9521 -0.242533 0.919694 0.308771 224.844 -0.959403 -0.180148 -0.217009 4.55019 0 0 0 1 
Seq_Frame0143_ForcepToReference-SequenceTransformStatus = OK
Seq_Frame0143_Timestamp = 31.034
Seq_Frame0144_ForcepToReference-SequenceTransform =-0.15797 -0.370418 0.915334 -44.0731 -0.251439 0.911507 0.325475 224.908 -0.954895 -0.178735 -0.237128 4.85497 0 0 0 1 
Seq_Frame0144_ForcepToReference-SequenceTransformStatus = OK
Seq_Frame0144_Timestamp = 31.154
Seq_Frame0145_ForcepToReference-SequenceTransform =-0.158971 -0.356892 0.920519 -43.1605 -0.272163 0.912091 0.306623 224.654 -0.949029 -0.201787 -0.242129 5.04841 0 0 0 1 
Seq_Frame0145_ForcepToReference-SequenceTransformStatus = OK
Seq_Frame0145_Timestamp = 31.254
Seq_Frame0146_ForcepToReference-SequenceTransform =-0.150287 -0.341198 0.9279 -43.8689 -0.320887 0.904581 0.280651 223.848 -0.935118 -0.255573 -0.245433 4.15496 0 0 0 1 
Seq_Frame0146_ForcepToReference-SequenceTransformStatus = OK
Seq_Frame0146_Timestamp = 31.37
Seq_Frame0147_ForcepToReference-SequenceTransform =-0.179367 -0.343528 0.921855 -44.5508 -0.327767 0.904382 0.273243 222.614 -0.927576 -0.253142 -0.274813 3.04168 0 0 0 1 
Seq_Frame0147_ForcepToReference-SequenceTransformStatus = OK
Seq_Frame0147_Timestamp = 31.476
Seq_Frame0148_ForcepToReference-SequenceTransform =-0.210327 -0.360214 0.90885 -46.8503 -0.304836 0.907461 0.289118 223.392 -0.928891 -0.216241 -0.30067 4.40326 0 0 0 1 
Seq_Frame0148_ForcepToReference-SequenceTransformStatus = OK
Seq_Frame0148_Timestamp = 31.585
Seq_Frame0149_ForcepToReference-SequenceTransform =-0.172064 -0.345889 0.922364 -47.3311 -0.332168 0.901864 0.276236 223.525 -0.927393 -0.258849 -0.270071 4.78973 0 0 0 1 
Seq_Frame0149_ForcepToReference-SequenceTransformStatus = OK
Seq_Frame0149_Timestamp = 31.706
Seq_Frame0150_ForcepToReference-SequenceTransform =-0.170487 -0.35255 0.920132 -47.556 -0.318328 0.903438 0.287172 224.202 -0.932524 -0.243944 -0.26625 5.03342 0 0 0 1 
Seq_Frame0150_ForcepToReference-SequenceTransformStatus = OK
