ObjectType = Image
NDims = 3
AnatomicalOrientation = RAI
BinaryData = True
CompressedData = False
DimSize = 0 0 1458
ElementSpacing = 1 1 1
Offset = 0 0 0
TransformMatrix = 1 0 0 0 1 0 0 0 1
ElementType = MET_UCHAR
Kinds = domain domain list
Seq_Frame0000_DriverToReference-SequenceTransform =0.290154 0.953202 0.0849531 59.5496 -0.956509 0.286081 0.0569991 22.8499 0.0300282 -0.0977969 0.994753 42.2096 0 0 0 1 
Seq_Frame0000_DriverToReference-SequenceTransformStatus = OK
Seq_Frame0000_Timestamp = 0.00199986
Seq_Frame0001_DriverToReference-SequenceTransform =0.29172 0.952662 0.0856409 59.5952 -0.955974 0.287407 0.0592577 23.0443 0.0318388 -0.0991571 0.994562 42.2303 0 0 0 1 
Seq_Frame0001_DriverToReference-SequenceTransformStatus = OK
Seq_Frame0001_Timestamp = 0.103
Seq_Frame0002_DriverToReference-SequenceTransform =0.289662 0.953431 0.0840511 59.5786 -0.956604 0.285476 0.0584135 22.9537 0.0316987 -0.0973238 0.994748 42.214 0 0 0 1 
Seq_Frame0002_DriverToReference-SequenceTransformStatus = OK
Seq_Frame0002_Timestamp = 0.204
Seq_Frame0003_DriverToReference-SequenceTransform =0.289313 0.953582 0.0835393 59.5734 -0.956697 0.285123 0.0586195 22.9401 0.0320796 -0.0968812 0.994779 42.2384 0 0 0 1 
Seq_Frame0003_DriverToReference-SequenceTransformStatus = OK
Seq_Frame0003_Timestamp = 0.305
Seq_Frame0004_DriverToReference-SequenceTransform =0.302046 0.951071 0.0650511 58.8384 -0.952654 0.298641 0.0571307 23.0545 0.0349085 -0.0792273 0.996245 42.5467 0 0 0 1 
Seq_Frame0004_DriverToReference-SequenceTransformStatus = OK
Seq_Frame0004_Timestamp = 0.409
Seq_Frame0005_DriverToReference-SequenceTransform =0.337423 0.941338 0.00524743 56.3189 -0.939785 0.336534 0.0595815 22.9606 0.0543204 -0.0250356 0.99821 42.3011 0 0 0 1 
Seq_Frame0005_DriverToReference-SequenceTransformStatus = OK
Seq_Frame0005_Timestamp = 0.511
Seq_Frame0006_DriverToReference-SequenceTransform =0.337935 0.940873 -0.0236186 53.515 -0.938738 0.338759 0.0633514 21.9947 0.0676066 0.000763046 0.997712 40.5105 0 0 0 1 
Seq_Frame0006_DriverToReference-SequenceTransformStatus = OK
Seq_Frame0006_Timestamp = 0.618
Seq_Frame0007_DriverToReference-SequenceTransform =0.225194 0.944362 0.239725 48.5335 -0.974165 0.213939 0.0723347 18.8534 0.0170235 -0.249822 0.968142 35.6753 0 0 0 1 
Seq_Frame0007_DriverToReference-SequenceTransformStatus = OK
Seq_Frame0007_Timestamp = 0.727
Seq_Frame0008_DriverToReference-SequenceTransform =0.160919 0.782429 0.60159 44.2864 -0.986938 0.122883 0.104174 28.7643 0.00758299 -0.610496 0.791983 31.4408 0 0 0 1 
Seq_Frame0008_DriverToReference-SequenceTransformStatus = OK
Seq_Frame0008_Timestamp = 0.831
Seq_Frame0009_DriverToReference-SequenceTransform =0.354647 0.594986 0.721261 54.3009 -0.918831 0.364617 0.151012 55.5256 -0.173134 -0.716273 0.676001 25.9467 0 0 0 1 
Seq_Frame0009_DriverToReference-SequenceTransformStatus = OK
Seq_Frame0009_Timestamp = 0.933
Seq_Frame0010_DriverToReference-SequenceTransform =0.495579 0.458316 0.737799 60.8843 -0.790701 0.589584 0.164868 94.3146 -0.359433 -0.665084 0.654577 27.743 0 0 0 1 
Seq_Frame0010_DriverToReference-SequenceTransformStatus = OK
Seq_Frame0010_Timestamp = 1.035
Seq_Frame0011_DriverToReference-SequenceTransform =0.830446 0.341232 0.440363 67.0666 -0.487839 0.827132 0.279043 202.43 -0.26902 -0.446556 0.853355 66.544 0 0 0 1 
Seq_Frame0011_DriverToReference-SequenceTransformStatus = OK
Seq_Frame0011_Timestamp = 1.253
Seq_Frame0012_DriverToReference-SequenceTransform =0.724416 0.553742 0.410599 52.0976 -0.589917 0.806131 -0.0463787 249.644 -0.356678 -0.208622 0.910636 97.3763 0 0 0 1 
Seq_Frame0012_DriverToReference-SequenceTransformStatus = OK
Seq_Frame0012_Timestamp = 1.354
Seq_Frame0013_DriverToReference-SequenceTransform =0.692608 0.613452 0.379435 48.8694 -0.619398 0.775386 -0.122977 256.365 -0.369649 -0.149846 0.917009 105.922 0 0 0 1 
Seq_Frame0013_DriverToReference-SequenceTransformStatus = OK
Seq_Frame0013_Timestamp = 1.464
Seq_Frame0014_DriverToReference-SequenceTransform =0.692608 0.613452 0.379435 48.8694 -0.619398 0.775386 -0.122977 256.365 -0.369649 -0.149846 0.917009 105.922 0 0 0 1 
Seq_Frame0014_DriverToReference-SequenceTransformStatus = OK
Seq_Frame0014_Timestamp = 1.583
Seq_Frame0015_DriverToReference-SequenceTransform =0.692608 0.613452 0.379435 48.8694 -0.619398 0.775386 -0.122977 256.365 -0.369649 -0.149846 0.917009 105.922 0 0 0 1 
Seq_Frame0015_DriverToReference-SequenceTransformStatus = OK
Seq_Frame0015_Timestamp = 1.686
Seq_Frame0016_DriverToReference-SequenceTransform =0.692608 0.613452 0.379435 48.8694 -0.619398 0.775386 -0.122977 256.365 -0.369649 -0.149846 0.917009 105.922 0 0 0 1 
Seq_Frame0016_DriverToReference-SequenceTransformStatus = OK
Seq_Frame0016_Timestamp = 1.786
Seq_Frame0017_DriverToReference-SequenceTransform =0.692608 0.613452 0.379435 48.8694 -0.619398 0.775386 -0.122977 256.365 -0.369649 -0.149846 0.917009 105.922 0 0 0 1 
Seq_Frame0017_DriverToReference-SequenceTransformStatus = OK
Seq_Frame0017_Timestamp = 1.893
Seq_Frame0018_DriverToReference-SequenceTransform =0.692608 0.613452 0.379435 48.8694 -0.619398 0.775386 -0.122977 256.365 -0.369649 -0.149846 0.917009 105.922 0 0 0 1 
Seq_Frame0018_DriverToReference-SequenceTransformStatus = OK
Seq_Frame0018_Timestamp = 1.993
Seq_Frame0019_DriverToReference-SequenceTransform =0.260421 -0.528426 -0.808051 30.8532 0.364686 -0.721093 0.589092 314.173 -0.893972 -0.448097 0.00492202 231.768 0 0 0 1 
Seq_Frame0019_DriverToReference-SequenceTransformStatus = OK
Seq_Frame0019_Timestamp = 2.094
Seq_Frame0020_DriverToReference-SequenceTransform =0.379036 -0.51817 -0.766702 32.288 0.265368 -0.732864 0.626491 314.581 -0.886517 -0.440921 -0.140276 241.351 0 0 0 1 
Seq_Frame0020_DriverToReference-SequenceTransformStatus = OK
Seq_Frame0020_Timestamp = 2.194
Seq_Frame0021_DriverToReference-SequenceTransform =0.407762 -0.503405 -0.761783 33.055 0.231399 -0.750086 0.619537 313.492 -0.883281 -0.4289 -0.189369 246.782 0 0 0 1 
Seq_Frame0021_DriverToReference-SequenceTransformStatus = OK
Seq_Frame0021_Timestamp = 2.302
Seq_Frame0022_DriverToReference-SequenceTransform =0.427119 -0.41945 -0.801018 31.6295 0.245497 -0.798817 0.549202 320.512 -0.87023 -0.431222 -0.238216 251.04 0 0 0 1 
Seq_Frame0022_DriverToReference-SequenceTransformStatus = OK
Seq_Frame0022_Timestamp = 2.415
Seq_Frame0023_DriverToReference-SequenceTransform =0.504229 -0.52139 -0.688408 33.8279 0.254554 -0.672008 0.695419 306.457 -0.8252 -0.525887 -0.206124 256.421 0 0 0 1 
Seq_Frame0023_DriverToReference-SequenceTransformStatus = OK
Seq_Frame0023_Timestamp = 2.518
Seq_Frame0024_DriverToReference-SequenceTransform =0.504515 -0.476654 -0.719906 30.8695 0.154997 -0.770255 0.618614 309.628 -0.849376 -0.423684 -0.314725 256.764 0 0 0 1 
Seq_Frame0024_DriverToReference-SequenceTransformStatus = OK
Seq_Frame0024_Timestamp = 2.618
Seq_Frame0025_DriverToReference-SequenceTransform =0.494988 -0.489194 -0.718106 27.5628 0.0690197 -0.801706 0.59372 305.444 -0.866154 -0.343447 -0.363071 262.317 0 0 0 1 
Seq_Frame0025_DriverToReference-SequenceTransformStatus = OK
Seq_Frame0025_Timestamp = 2.728
Seq_Frame0026_DriverToReference-SequenceTransform =0.467953 -0.396385 -0.789873 24.1852 0.149677 -0.845311 0.51288 306.48 -0.870986 -0.35823 -0.336236 261.999 0 0 0 1 
Seq_Frame0026_DriverToReference-SequenceTransformStatus = OK
Seq_Frame0026_Timestamp = 2.844
Seq_Frame0027_DriverToReference-SequenceTransform =0.504678 -0.240296 -0.829191 28.9823 0.222467 -0.891845 0.393855 314.196 -0.834151 -0.383238 -0.396636 263.857 0 0 0 1 
Seq_Frame0027_DriverToReference-SequenceTransformStatus = OK
Seq_Frame0027_Timestamp = 2.949
Seq_Frame0028_DriverToReference-SequenceTransform =0.148857 0.189411 -0.970549 31.7547 0.341808 -0.930841 -0.129237 331.492 -0.927906 -0.312504 -0.203304 267.396 0 0 0 1 
Seq_Frame0028_DriverToReference-SequenceTransformStatus = OK
Seq_Frame0028_Timestamp = 3.052
Seq_Frame0029_DriverToReference-SequenceTransform =-0.0528111 0.619432 -0.783272 35.2437 0.218178 -0.75826 -0.614362 340.128 -0.974479 -0.203338 -0.0951019 273.957 0 0 0 1 
Seq_Frame0029_DriverToReference-SequenceTransformStatus = OK
Seq_Frame0029_Timestamp = 3.158
Seq_Frame0030_DriverToReference-SequenceTransform =0.00523999 0.71913 -0.694856 54.8785 0.146696 -0.687901 -0.710826 343.941 -0.989168 -0.0982075 -0.109098 284.415 0 0 0 1 
Seq_Frame0030_DriverToReference-SequenceTransformStatus = OK
Seq_Frame0030_Timestamp = 3.259
Seq_Frame0031_DriverToReference-SequenceTransform =0.00458729 0.684184 -0.729295 68.7586 0.0832921 -0.72703 -0.681535 339.811 -0.996515 -0.0576181 -0.0603222 289.638 0 0 0 1 
Seq_Frame0031_DriverToReference-SequenceTransformStatus = OK
Seq_Frame0031_Timestamp = 3.359
Seq_Frame0032_DriverToReference-SequenceTransform =-0.0137907 0.691154 -0.722576 70.6217 0.0246208 -0.72219 -0.691256 334.355 -0.999602 -0.0273233 -0.0070573 293.212 0 0 0 1 
Seq_Frame0032_DriverToReference-SequenceTransformStatus = OK
Seq_Frame0032_Timestamp = 3.46
Seq_Frame0033_DriverToReference-SequenceTransform =-0.0523903 0.676785 -0.734314 72.8677 -0.0131139 -0.735727 -0.677151 332.269 -0.998541 -0.0258464 0.0474203 298.435 0 0 0 1 
Seq_Frame0033_DriverToReference-SequenceTransformStatus = OK
Seq_Frame0033_Timestamp = 3.568
Seq_Frame0034_DriverToReference-SequenceTransform =-0.052329 0.648058 -0.759791 76.8131 -0.0298828 -0.761509 -0.647465 334.11 -0.998183 -0.0111765 0.0592148 299.195 0 0 0 1 
Seq_Frame0034_DriverToReference-SequenceTransformStatus = OK
Seq_Frame0034_Timestamp = 3.669
Seq_Frame0035_DriverToReference-SequenceTransform =-0.0901236 0.663676 -0.742571 73.3243 -0.0375761 -0.74734 -0.663378 333.629 -0.995221 -0.0318831 0.0922913 300.172 0 0 0 1 
Seq_Frame0035_DriverToReference-SequenceTransformStatus = OK
Seq_Frame0035_Timestamp = 3.778
Seq_Frame0036_DriverToReference-SequenceTransform =-0.118025 0.683119 -0.720707 69.6499 -0.0736568 -0.729803 -0.679678 334.049 -0.990275 -0.0271338 0.136451 299.346 0 0 0 1 
Seq_Frame0036_DriverToReference-SequenceTransformStatus = OK
Seq_Frame0036_Timestamp = 3.878
Seq_Frame0037_DriverToReference-SequenceTransform =-0.122337 0.677715 -0.725077 69.4557 -0.0791303 -0.734899 -0.673544 333.958 -0.989329 -0.025024 0.143533 298.588 0 0 0 1 
Seq_Frame0037_DriverToReference-SequenceTransformStatus = OK
Seq_Frame0037_Timestamp = 3.979
Seq_Frame0038_DriverToReference-SequenceTransform =-0.154647 0.683737 -0.713154 65.3756 -0.100286 -0.728973 -0.677156 332.1 -0.982867 -0.0332009 0.181303 296.985 0 0 0 1 
Seq_Frame0038_DriverToReference-SequenceTransformStatus = OK
Seq_Frame0038_Timestamp = 4.093
Seq_Frame0039_DriverToReference-SequenceTransform =-0.19607 0.842423 -0.501876 55.5718 -0.381173 -0.537037 -0.752528 320.146 -0.903473 0.0437529 0.426406 298.418 0 0 0 1 
Seq_Frame0039_DriverToReference-SequenceTransformStatus = OK
Seq_Frame0039_Timestamp = 4.203
Seq_Frame0040_DriverToReference-SequenceTransform =-0.199866 0.848606 -0.489817 54.4675 -0.394818 -0.527273 -0.752397 319.348 -0.896756 0.0430097 0.44043 298.372 0 0 0 1 
Seq_Frame0040_DriverToReference-SequenceTransformStatus = OK
Seq_Frame0040_Timestamp = 4.303
Seq_Frame0041_DriverToReference-SequenceTransform =-0.199866 0.848606 -0.489817 54.4675 -0.394818 -0.527273 -0.752397 319.348 -0.896756 0.0430097 0.44043 298.372 0 0 0 1 
Seq_Frame0041_DriverToReference-SequenceTransformStatus = OK
Seq_Frame0041_Timestamp = 4.869
Seq_Frame0042_DriverToReference-SequenceTransform =-0.199866 0.848606 -0.489817 54.4675 -0.394818 -0.527273 -0.752397 319.348 -0.896756 0.0430097 0.44043 298.372 0 0 0 1 
Seq_Frame0042_DriverToReference-SequenceTransformStatus = OK
Seq_Frame0042_Timestamp = 4.97
Seq_Frame0043_DriverToReference-SequenceTransform =-0.199866 0.848606 -0.489817 54.4675 -0.394818 -0.527273 -0.752397 319.348 -0.896756 0.0430097 0.44043 298.372 0 0 0 1 
Seq_Frame0043_DriverToReference-SequenceTransformStatus = OK
Seq_Frame0043_Timestamp = 5.283
Seq_Frame0044_DriverToReference-SequenceTransform =-0.199866 0.848606 -0.489817 54.4675 -0.394818 -0.527273 -0.752397 319.348 -0.896756 0.0430097 0.44043 298.372 0 0 0 1 
Seq_Frame0044_DriverToReference-SequenceTransformStatus = OK
Seq_Frame0044_Timestamp = 5.386
Seq_Frame0045_DriverToReference-SequenceTransform =-0.199866 0.848606 -0.489817 54.4675 -0.394818 -0.527273 -0.752397 319.348 -0.896756 0.0430097 0.44043 298.372 0 0 0 1 
Seq_Frame0045_DriverToReference-SequenceTransformStatus = OK
Seq_Frame0045_Timestamp = 5.492
Seq_Frame0046_DriverToReference-SequenceTransform =-0.199866 0.848606 -0.489817 54.4675 -0.394818 -0.527273 -0.752397 319.348 -0.896756 0.0430097 0.44043 298.372 0 0 0 1 
Seq_Frame0046_DriverToReference-SequenceTransformStatus = OK
Seq_Frame0046_Timestamp = 5.593
Seq_Frame0047_DriverToReference-SequenceTransform =-0.199866 0.848606 -0.489817 54.4675 -0.394818 -0.527273 -0.752397 319.348 -0.896756 0.0430097 0.44043 298.372 0 0 0 1 
Seq_Frame0047_DriverToReference-SequenceTransformStatus = OK
Seq_Frame0047_Timestamp = 5.703
Seq_Frame0048_DriverToReference-SequenceTransform =-0.199866 0.848606 -0.489817 54.4675 -0.394818 -0.527273 -0.752397 319.348 -0.896756 0.0430097 0.44043 298.372 0 0 0 1 
Seq_Frame0048_DriverToReference-SequenceTransformStatus = OK
Seq_Frame0048_Timestamp = 5.803
Seq_Frame0049_DriverToReference-SequenceTransform =-0.199866 0.848606 -0.489817 54.4675 -0.394818 -0.527273 -0.752397 319.348 -0.896756 0.0430097 0.44043 298.372 0 0 0 1 
Seq_Frame0049_DriverToReference-SequenceTransformStatus = OK
Seq_Frame0049_Timestamp = 5.904
Seq_Frame0050_DriverToReference-SequenceTransform =-0.199866 0.848606 -0.489817 54.4675 -0.394818 -0.527273 -0.752397 319.348 -0.896756 0.0430097 0.44043 298.372 0 0 0 1 
Seq_Frame0050_DriverToReference-SequenceTransformStatus = OK
Seq_Frame0050_Timestamp = 6.008
Seq_Frame0051_DriverToReference-SequenceTransform =-0.199866 0.848606 -0.489817 54.4675 -0.394818 -0.527273 -0.752397 319.348 -0.896756 0.0430097 0.44043 298.372 0 0 0 1 
Seq_Frame0051_DriverToReference-SequenceTransformStatus = OK
Seq_Frame0051_Timestamp = 6.108
Seq_Frame0052_DriverToReference-SequenceTransform =-0.199866 0.848606 -0.489817 54.4675 -0.394818 -0.527273 -0.752397 319.348 -0.896756 0.0430097 0.44043 298.372 0 0 0 1 
Seq_Frame0052_DriverToReference-SequenceTransformStatus = OK
Seq_Frame0052_Timestamp = 6.212
Seq_Frame0053_DriverToReference-SequenceTransform =-0.199866 0.848606 -0.489817 54.4675 -0.394818 -0.527273 -0.752397 319.348 -0.896756 0.0430097 0.44043 298.372 0 0 0 1 
Seq_Frame0053_DriverToReference-SequenceTransformStatus = OK
Seq_Frame0053_Timestamp = 6.313
Seq_Frame0054_DriverToReference-SequenceTransform =-0.199866 0.848606 -0.489817 54.4675 -0.394818 -0.527273 -0.752397 319.348 -0.896756 0.0430097 0.44043 298.372 0 0 0 1 
Seq_Frame0054_DriverToReference-SequenceTransformStatus = OK
Seq_Frame0054_Timestamp = 6.418
Seq_Frame0055_DriverToReference-SequenceTransform =-0.199866 0.848606 -0.489817 54.4675 -0.394818 -0.527273 -0.752397 319.348 -0.896756 0.0430097 0.44043 298.372 0 0 0 1 
Seq_Frame0055_DriverToReference-SequenceTransformStatus = OK
Seq_Frame0055_Timestamp = 6.519
Seq_Frame0056_DriverToReference-SequenceTransform =-0.199866 0.848606 -0.489817 54.4675 -0.394818 -0.527273 -0.752397 319.348 -0.896756 0.0430097 0.44043 298.372 0 0 0 1 
Seq_Frame0056_DriverToReference-SequenceTransformStatus = OK
Seq_Frame0056_Timestamp = 6.626
Seq_Frame0057_DriverToReference-SequenceTransform =-0.199866 0.848606 -0.489817 54.4675 -0.394818 -0.527273 -0.752397 319.348 -0.896756 0.0430097 0.44043 298.372 0 0 0 1 
Seq_Frame0057_DriverToReference-SequenceTransformStatus = OK
Seq_Frame0057_Timestamp = 6.728
Seq_Frame0058_DriverToReference-SequenceTransform =-0.199866 0.848606 -0.489817 54.4675 -0.394818 -0.527273 -0.752397 319.348 -0.896756 0.0430097 0.44043 298.372 0 0 0 1 
Seq_Frame0058_DriverToReference-SequenceTransformStatus = OK
Seq_Frame0058_Timestamp = 6.829
Seq_Frame0059_DriverToReference-SequenceTransform =-0.199866 0.848606 -0.489817 54.4675 -0.394818 -0.527273 -0.752397 319.348 -0.896756 0.0430097 0.44043 298.372 0 0 0 1 
Seq_Frame0059_DriverToReference-SequenceTransformStatus = OK
Seq_Frame0059_Timestamp = 6.939
Seq_Frame0060_DriverToReference-SequenceTransform =-0.199866 0.848606 -0.489817 54.4675 -0.394818 -0.527273 -0.752397 319.348 -0.896756 0.0430097 0.44043 298.372 0 0 0 1 
Seq_Frame0060_DriverToReference-SequenceTransformStatus = OK
Seq_Frame0060_Timestamp = 7.042
Seq_Frame0061_DriverToReference-SequenceTransform =-0.199866 0.848606 -0.489817 54.4675 -0.394818 -0.527273 -0.752397 319.348 -0.896756 0.0430097 0.44043 298.372 0 0 0 1 
Seq_Frame0061_DriverToReference-SequenceTransformStatus = OK
Seq_Frame0061_Timestamp = 7.688
Seq_Frame0062_DriverToReference-SequenceTransform =-0.199866 0.848606 -0.489817 54.4675 -0.394818 -0.527273 -0.752397 319.348 -0.896756 0.0430097 0.44043 298.372 0 0 0 1 
Seq_Frame0062_DriverToReference-SequenceTransformStatus = OK
Seq_Frame0062_Timestamp = 7.794
Seq_Frame0063_DriverToReference-SequenceTransform =-0.199866 0.848606 -0.489817 54.4675 -0.394818 -0.527273 -0.752397 319.348 -0.896756 0.0430097 0.44043 298.372 0 0 0 1 
Seq_Frame0063_DriverToReference-SequenceTransformStatus = OK
Seq_Frame0063_Timestamp = 8.058
Seq_Frame0064_DriverToReference-SequenceTransform =-0.199866 0.848606 -0.489817 54.4675 -0.394818 -0.527273 -0.752397 319.348 -0.896756 0.0430097 0.44043 298.372 0 0 0 1 
Seq_Frame0064_DriverToReference-SequenceTransformStatus = OK
Seq_Frame0064_Timestamp = 8.158
Seq_Frame0065_DriverToReference-SequenceTransform =-0.199866 0.848606 -0.489817 54.4675 -0.394818 -0.527273 -0.752397 319.348 -0.896756 0.0430097 0.44043 298.372 0 0 0 1 
Seq_Frame0065_DriverToReference-SequenceTransformStatus = OK
Seq_Frame0065_Timestamp = 38.108
Seq_Frame0066_DriverToReference-SequenceTransform =-0.199866 0.848606 -0.489817 54.4675 -0.394818 -0.527273 -0.752397 319.348 -0.896756 0.0430097 0.44043 298.372 0 0 0 1 
Seq_Frame0066_DriverToReference-SequenceTransformStatus = OK
Seq_Frame0066_Timestamp = 38.218
Seq_Frame0067_DriverToReference-SequenceTransform =-0.199866 0.848606 -0.489817 54.4675 -0.394818 -0.527273 -0.752397 319.348 -0.896756 0.0430097 0.44043 298.372 0 0 0 1 
Seq_Frame0067_DriverToReference-SequenceTransformStatus = OK
Seq_Frame0067_Timestamp = 38.319
Seq_Frame0068_DriverToReference-SequenceTransform =-0.199866 0.848606 -0.489817 54.4675 -0.394818 -0.527273 -0.752397 319.348 -0.896756 0.0430097 0.44043 298.372 0 0 0 1 
Seq_Frame0068_DriverToReference-SequenceTransformStatus = OK
Seq_Frame0068_Timestamp = 38.423
Seq_Frame0069_DriverToReference-SequenceTransform =-0.199866 0.848606 -0.489817 54.4675 -0.394818 -0.527273 -0.752397 319.348 -0.896756 0.0430097 0.44043 298.372 0 0 0 1 
Seq_Frame0069_DriverToReference-SequenceTransformStatus = OK
Seq_Frame0069_Timestamp = 38.523
Seq_Frame0070_DriverToReference-SequenceTransform =-0.199866 0.848606 -0.489817 54.4675 -0.394818 -0.527273 -0.752397 319.348 -0.896756 0.0430097 0.44043 298.372 0 0 0 1 
Seq_Frame0070_DriverToReference-SequenceTransformStatus = OK
Seq_Frame0070_Timestamp = 38.633
Seq_Frame0071_DriverToReference-SequenceTransform =-0.199866 0.848606 -0.489817 54.4675 -0.394818 -0.527273 -0.752397 319.348 -0.896756 0.0430097 0.44043 298.372 0 0 0 1 
Seq_Frame0071_DriverToReference-SequenceTransformStatus = OK
Seq_Frame0071_Timestamp = 38.744
Seq_Frame0072_DriverToReference-SequenceTransform =-0.199866 0.848606 -0.489817 54.4675 -0.394818 -0.527273 -0.752397 319.348 -0.896756 0.0430097 0.44043 298.372 0 0 0 1 
Seq_Frame0072_DriverToReference-SequenceTransformStatus = OK
Seq_Frame0072_Timestamp = 38.847
Seq_Frame0073_DriverToReference-SequenceTransform =-0.199866 0.848606 -0.489817 54.4675 -0.394818 -0.527273 -0.752397 319.348 -0.896756 0.0430097 0.44043 298.372 0 0 0 1 
Seq_Frame0073_DriverToReference-SequenceTransformStatus = OK
Seq_Frame0073_Timestamp = 38.949
Seq_Frame0074_DriverToReference-SequenceTransform =-0.199866 0.848606 -0.489817 54.4675 -0.394818 -0.527273 -0.752397 319.348 -0.896756 0.0430097 0.44043 298.372 0 0 0 1 
Seq_Frame0074_DriverToReference-SequenceTransformStatus = OK
Seq_Frame0074_Timestamp = 39.06
Seq_Frame0075_DriverToReference-SequenceTransform =-0.199866 0.848606 -0.489817 54.4675 -0.394818 -0.527273 -0.752397 319.348 -0.896756 0.0430097 0.44043 298.372 0 0 0 1 
Seq_Frame0075_DriverToReference-SequenceTransformStatus = OK
Seq_Frame0075_Timestamp = 39.163
Seq_Frame0076_DriverToReference-SequenceTransform =-0.199866 0.848606 -0.489817 54.4675 -0.394818 -0.527273 -0.752397 319.348 -0.896756 0.0430097 0.44043 298.372 0 0 0 1 
Seq_Frame0076_DriverToReference-SequenceTransformStatus = OK
Seq_Frame0076_Timestamp = 39.264
Seq_Frame0077_DriverToReference-SequenceTransform =-0.199866 0.848606 -0.489817 54.4675 -0.394818 -0.527273 -0.752397 319.348 -0.896756 0.0430097 0.44043 298.372 0 0 0 1 
Seq_Frame0077_DriverToReference-SequenceTransformStatus = OK
Seq_Frame0077_Timestamp = 39.373
Seq_Frame0078_DriverToReference-SequenceTransform =-0.199866 0.848606 -0.489817 54.4675 -0.394818 -0.527273 -0.752397 319.348 -0.896756 0.0430097 0.44043 298.372 0 0 0 1 
Seq_Frame0078_DriverToReference-SequenceTransformStatus = OK
Seq_Frame0078_Timestamp = 39.473
Seq_Frame0079_DriverToReference-SequenceTransform =-0.199866 0.848606 -0.489817 54.4675 -0.394818 -0.527273 -0.752397 319.348 -0.896756 0.0430097 0.44043 298.372 0 0 0 1 
Seq_Frame0079_DriverToReference-SequenceTransformStatus = OK
Seq_Frame0079_Timestamp = 39.574
Seq_Frame0080_DriverToReference-SequenceTransform =-0.199866 0.848606 -0.489817 54.4675 -0.394818 -0.527273 -0.752397 319.348 -0.896756 0.0430097 0.44043 298.372 0 0 0 1 
Seq_Frame0080_DriverToReference-SequenceTransformStatus = OK
Seq_Frame0080_Timestamp = 39.678
Seq_Frame0081_DriverToReference-SequenceTransform =-0.199866 0.848606 -0.489817 54.4675 -0.394818 -0.527273 -0.752397 319.348 -0.896756 0.0430097 0.44043 298.372 0 0 0 1 
Seq_Frame0081_DriverToReference-SequenceTransformStatus = OK
Seq_Frame0081_Timestamp = 39.789
Seq_Frame0082_DriverToReference-SequenceTransform =-0.199866 0.848606 -0.489817 54.4675 -0.394818 -0.527273 -0.752397 319.348 -0.896756 0.0430097 0.44043 298.372 0 0 0 1 
Seq_Frame0082_DriverToReference-SequenceTransformStatus = OK
Seq_Frame0082_Timestamp = 39.892
Seq_Frame0083_DriverToReference-SequenceTransform =-0.199866 0.848606 -0.489817 54.4675 -0.394818 -0.527273 -0.752397 319.348 -0.896756 0.0430097 0.44043 298.372 0 0 0 1 
Seq_Frame0083_DriverToReference-SequenceTransformStatus = OK
Seq_Frame0083_Timestamp = 39.993
Seq_Frame0084_DriverToReference-SequenceTransform =-0.199866 0.848606 -0.489817 54.4675 -0.394818 -0.527273 -0.752397 319.348 -0.896756 0.0430097 0.44043 298.372 0 0 0 1 
Seq_Frame0084_DriverToReference-SequenceTransformStatus = OK
Seq_Frame0084_Timestamp = 40.597
Seq_Frame0085_DriverToReference-SequenceTransform =-0.199866 0.848606 -0.489817 54.4675 -0.394818 -0.527273 -0.752397 319.348 -0.896756 0.0430097 0.44043 298.372 0 0 0 1 
Seq_Frame0085_DriverToReference-SequenceTransformStatus = OK
Seq_Frame0085_Timestamp = 40.698
Seq_Frame0086_DriverToReference-SequenceTransform =-0.199866 0.848606 -0.489817 54.4675 -0.394818 -0.527273 -0.752397 319.348 -0.896756 0.0430097 0.44043 298.372 0 0 0 1 
Seq_Frame0086_DriverToReference-SequenceTransformStatus = OK
Seq_Frame0086_Timestamp = 40.807
Seq_Frame0087_DriverToReference-SequenceTransform =0.71256 -0.573093 0.40475 71.5235 0.180867 0.707431 0.683248 254.36 -0.677898 -0.413649 0.607741 227.121 0 0 0 1 
Seq_Frame0087_DriverToReference-SequenceTransformStatus = OK
Seq_Frame0087_Timestamp = 40.908
Seq_Frame0088_DriverToReference-SequenceTransform =0.680067 -0.687206 0.255453 94.3372 0.282579 0.567204 0.773581 263.918 -0.676504 -0.453902 0.579927 248.737 0 0 0 1 
Seq_Frame0088_DriverToReference-SequenceTransformStatus = OK
Seq_Frame0088_Timestamp = 41.223
Seq_Frame0089_DriverToReference-SequenceTransform =-0.641031 0.646063 -0.414345 82.3278 -0.484598 -0.759331 -0.43426 262.148 -0.595184 -0.0775835 0.799835 253.923 0 0 0 1 
Seq_Frame0089_DriverToReference-SequenceTransformStatus = OK
Seq_Frame0089_Timestamp = 41.623
Seq_Frame0090_DriverToReference-SequenceTransform =-0.678881 0.576695 -0.454471 92.2492 -0.334477 -0.793905 -0.507779 268.906 -0.65364 -0.192711 0.731859 259.676 0 0 0 1 
Seq_Frame0090_DriverToReference-SequenceTransformStatus = OK
Seq_Frame0090_Timestamp = 41.723
Seq_Frame0091_DriverToReference-SequenceTransform =-0.684089 0.552993 -0.475627 93.6643 -0.257596 -0.793227 -0.551757 270.805 -0.682397 -0.254932 0.685087 262.702 0 0 0 1 
Seq_Frame0091_DriverToReference-SequenceTransformStatus = OK
Seq_Frame0091_Timestamp = 41.908
Seq_Frame0092_DriverToReference-SequenceTransform =-0.684089 0.552993 -0.475627 93.6643 -0.257596 -0.793227 -0.551757 270.805 -0.682397 -0.254932 0.685087 262.702 0 0 0 1 
Seq_Frame0092_DriverToReference-SequenceTransformStatus = OK
Seq_Frame0092_Timestamp = 42.009
Seq_Frame0093_DriverToReference-SequenceTransform =-0.779054 0.549374 -0.302097 67.2584 -0.31828 -0.761693 -0.564377 261.494 -0.540159 -0.343529 0.768255 253.655 0 0 0 1 
Seq_Frame0093_DriverToReference-SequenceTransformStatus = OK
Seq_Frame0093_Timestamp = 42.109
Seq_Frame0094_DriverToReference-SequenceTransform =-0.780937 0.546011 -0.303331 65.7937 -0.331522 -0.773918 -0.539577 259.044 -0.529368 -0.320815 0.785396 248.693 0 0 0 1 
Seq_Frame0094_DriverToReference-SequenceTransformStatus = OK
Seq_Frame0094_Timestamp = 42.213
Seq_Frame0095_DriverToReference-SequenceTransform =-0.780152 0.547209 -0.303191 66.0546 -0.338482 -0.776804 -0.531041 256.127 -0.526111 -0.311669 0.791246 249.244 0 0 0 1 
Seq_Frame0095_DriverToReference-SequenceTransformStatus = OK
Seq_Frame0095_Timestamp = 42.314
Seq_Frame0096_DriverToReference-SequenceTransform =-0.78172 0.542822 -0.307015 65.0607 -0.340479 -0.783945 -0.519138 254.061 -0.522483 -0.301288 0.797645 245.89 0 0 0 1 
Seq_Frame0096_DriverToReference-SequenceTransformStatus = OK
Seq_Frame0096_Timestamp = 42.418
Seq_Frame0097_DriverToReference-SequenceTransform =-0.793451 0.523777 -0.309988 65.3775 -0.310516 -0.786415 -0.533978 251.186 -0.523464 -0.327429 0.786623 245.054 0 0 0 1 
Seq_Frame0097_DriverToReference-SequenceTransformStatus = OK
Seq_Frame0097_Timestamp = 42.524
Seq_Frame0098_DriverToReference-SequenceTransform =-0.792496 0.530914 -0.300134 66.7974 -0.306553 -0.772206 -0.556528 249.952 -0.527233 -0.34904 0.774723 244.127 0 0 0 1 
Seq_Frame0098_DriverToReference-SequenceTransformStatus = OK
Seq_Frame0098_Timestamp = 42.635
Seq_Frame0099_DriverToReference-SequenceTransform =-0.797399 0.532956 -0.283042 66.9107 -0.316172 -0.768487 -0.556294 250.381 -0.513994 -0.354098 0.781297 244.132 0 0 0 1 
Seq_Frame0099_DriverToReference-SequenceTransformStatus = OK
Seq_Frame0099_Timestamp = 42.738
Seq_Frame0100_DriverToReference-SequenceTransform =0.565948 -0.595396 0.570269 69.028 0.364039 0.801092 0.475108 251.435 -0.739715 -0.0612863 0.670124 245.645 0 0 0 1 
Seq_Frame0100_DriverToReference-SequenceTransformStatus = OK
Seq_Frame0100_Timestamp = 42.848
Seq_Frame0101_DriverToReference-SequenceTransform =0.566175 -0.622565 0.540239 66.8321 0.325453 0.770992 0.547404 249.041 -0.757315 -0.134104 0.639133 243.376 0 0 0 1 
Seq_Frame0101_DriverToReference-SequenceTransformStatus = OK
Seq_Frame0101_Timestamp = 42.949
Seq_Frame0102_DriverToReference-SequenceTransform =0.537175 -0.673983 0.507139 66.1246 0.343052 0.723854 0.598624 246.156 -0.770557 -0.147591 0.620047 236.663 0 0 0 1 
Seq_Frame0102_DriverToReference-SequenceTransformStatus = OK
Seq_Frame0102_Timestamp = 43.049
Seq_Frame0103_DriverToReference-SequenceTransform =0.501355 -0.726995 0.469171 64.947 0.370607 0.670416 0.642801 245.753 -0.781853 -0.148393 0.605546 232.424 0 0 0 1 
Seq_Frame0103_DriverToReference-SequenceTransformStatus = OK
Seq_Frame0103_Timestamp = 43.155
Seq_Frame0104_DriverToReference-SequenceTransform =0.49712 -0.736674 0.458456 64.8317 0.36104 0.656076 0.662732 244.576 -0.789 -0.163936 0.592118 232.601 0 0 0 1 
Seq_Frame0104_DriverToReference-SequenceTransformStatus = OK
Seq_Frame0104_Timestamp = 43.258
Seq_Frame0105_DriverToReference-SequenceTransform =0.49712 -0.736674 0.458456 64.8317 0.36104 0.656076 0.662732 244.576 -0.789 -0.163936 0.592118 232.601 0 0 0 1 
Seq_Frame0105_DriverToReference-SequenceTransformStatus = OK
Seq_Frame0105_Timestamp = 43.368
Seq_Frame0106_DriverToReference-SequenceTransform =0.49712 -0.736674 0.458456 64.8317 0.36104 0.656076 0.662732 244.576 -0.789 -0.163936 0.592118 232.601 0 0 0 1 
Seq_Frame0106_DriverToReference-SequenceTransformStatus = OK
Seq_Frame0106_Timestamp = 43.469
Seq_Frame0107_DriverToReference-SequenceTransform =0.49712 -0.736674 0.458456 64.8317 0.36104 0.656076 0.662732 244.576 -0.789 -0.163936 0.592118 232.601 0 0 0 1 
Seq_Frame0107_DriverToReference-SequenceTransformStatus = OK
Seq_Frame0107_Timestamp = 43.569
Seq_Frame0108_DriverToReference-SequenceTransform =0.49712 -0.736674 0.458456 64.8317 0.36104 0.656076 0.662732 244.576 -0.789 -0.163936 0.592118 232.601 0 0 0 1 
Seq_Frame0108_DriverToReference-SequenceTransformStatus = OK
Seq_Frame0108_Timestamp = 43.672
Seq_Frame0109_DriverToReference-SequenceTransform =0.49712 -0.736674 0.458456 64.8317 0.36104 0.656076 0.662732 244.576 -0.789 -0.163936 0.592118 232.601 0 0 0 1 
Seq_Frame0109_DriverToReference-SequenceTransformStatus = OK
Seq_Frame0109_Timestamp = 43.773
Seq_Frame0110_DriverToReference-SequenceTransform =0.49712 -0.736674 0.458456 64.8317 0.36104 0.656076 0.662732 244.576 -0.789 -0.163936 0.592118 232.601 0 0 0 1 
Seq_Frame0110_DriverToReference-SequenceTransformStatus = OK
Seq_Frame0110_Timestamp = 43.876
Seq_Frame0111_DriverToReference-SequenceTransform =0.49712 -0.736674 0.458456 64.8317 0.36104 0.656076 0.662732 244.576 -0.789 -0.163936 0.592118 232.601 0 0 0 1 
Seq_Frame0111_DriverToReference-SequenceTransformStatus = OK
Seq_Frame0111_Timestamp = 43.978
Seq_Frame0112_DriverToReference-SequenceTransform =0.49712 -0.736674 0.458456 64.8317 0.36104 0.656076 0.662732 244.576 -0.789 -0.163936 0.592118 232.601 0 0 0 1 
Seq_Frame0112_DriverToReference-SequenceTransformStatus = OK
Seq_Frame0112_Timestamp = 44.083
Seq_Frame0113_DriverToReference-SequenceTransform =0.49712 -0.736674 0.458456 64.8317 0.36104 0.656076 0.662732 244.576 -0.789 -0.163936 0.592118 232.601 0 0 0 1 
Seq_Frame0113_DriverToReference-SequenceTransformStatus = OK
Seq_Frame0113_Timestamp = 44.184
Seq_Frame0114_DriverToReference-SequenceTransform =0.49712 -0.736674 0.458456 64.8317 0.36104 0.656076 0.662732 244.576 -0.789 -0.163936 0.592118 232.601 0 0 0 1 
Seq_Frame0114_DriverToReference-SequenceTransformStatus = OK
Seq_Frame0114_Timestamp = 44.288
Seq_Frame0115_DriverToReference-SequenceTransform =0.49712 -0.736674 0.458456 64.8317 0.36104 0.656076 0.662732 244.576 -0.789 -0.163936 0.592118 232.601 0 0 0 1 
Seq_Frame0115_DriverToReference-SequenceTransformStatus = OK
Seq_Frame0115_Timestamp = 44.388
Seq_Frame0116_DriverToReference-SequenceTransform =0.49712 -0.736674 0.458456 64.8317 0.36104 0.656076 0.662732 244.576 -0.789 -0.163936 0.592118 232.601 0 0 0 1 
Seq_Frame0116_DriverToReference-SequenceTransformStatus = OK
Seq_Frame0116_Timestamp = 44.498
Seq_Frame0117_DriverToReference-SequenceTransform =0.49712 -0.736674 0.458456 64.8317 0.36104 0.656076 0.662732 244.576 -0.789 -0.163936 0.592118 232.601 0 0 0 1 
Seq_Frame0117_DriverToReference-SequenceTransformStatus = OK
Seq_Frame0117_Timestamp = 44.598
Seq_Frame0118_DriverToReference-SequenceTransform =0.49712 -0.736674 0.458456 64.8317 0.36104 0.656076 0.662732 244.576 -0.789 -0.163936 0.592118 232.601 0 0 0 1 
Seq_Frame0118_DriverToReference-SequenceTransformStatus = OK
Seq_Frame0118_Timestamp = 44.699
Seq_Frame0119_DriverToReference-SequenceTransform =-0.848296 0.494532 0.189292 98.6296 -0.500962 -0.6337 -0.589458 196.674 -0.171551 -0.594864 0.785307 198.95 0 0 0 1 
Seq_Frame0119_DriverToReference-SequenceTransformStatus = OK
Seq_Frame0119_Timestamp = 44.799
Seq_Frame0120_DriverToReference-SequenceTransform =-0.822535 0.561158 0.0924016 106.218 -0.510472 -0.656863 -0.554933 195.746 -0.25071 -0.50362 0.826748 191.854 0 0 0 1 
Seq_Frame0120_DriverToReference-SequenceTransformStatus = OK
Seq_Frame0120_Timestamp = 44.9
Seq_Frame0121_DriverToReference-SequenceTransform =-0.77786 0.616141 0.123711 112.292 -0.570726 -0.610198 -0.549482 188.75 -0.26307 -0.498025 0.826296 191.146 0 0 0 1 
Seq_Frame0121_DriverToReference-SequenceTransformStatus = OK
Seq_Frame0121_Timestamp = 45
Seq_Frame0122_DriverToReference-SequenceTransform =-0.764146 0.628332 0.145875 112.963 -0.595341 -0.599945 -0.534449 186.619 -0.248294 -0.495242 0.832517 192.838 0 0 0 1 
Seq_Frame0122_DriverToReference-SequenceTransformStatus = OK
Seq_Frame0122_Timestamp = 45.108
Seq_Frame0123_DriverToReference-SequenceTransform =-0.764146 0.628332 0.145875 112.963 -0.595341 -0.599945 -0.534449 186.619 -0.248294 -0.495242 0.832517 192.838 0 0 0 1 
Seq_Frame0123_DriverToReference-SequenceTransformStatus = OK
Seq_Frame0123_Timestamp = 45.213
Seq_Frame0124_DriverToReference-SequenceTransform =-0.764146 0.628332 0.145875 112.963 -0.595341 -0.599945 -0.534449 186.619 -0.248294 -0.495242 0.832517 192.838 0 0 0 1 
Seq_Frame0124_DriverToReference-SequenceTransformStatus = OK
Seq_Frame0124_Timestamp = 45.324
Seq_Frame0125_DriverToReference-SequenceTransform =-0.764146 0.628332 0.145875 112.963 -0.595341 -0.599945 -0.534449 186.619 -0.248294 -0.495242 0.832517 192.838 0 0 0 1 
Seq_Frame0125_DriverToReference-SequenceTransformStatus = OK
Seq_Frame0125_Timestamp = 45.424
Seq_Frame0126_DriverToReference-SequenceTransform =-0.764146 0.628332 0.145875 112.963 -0.595341 -0.599945 -0.534449 186.619 -0.248294 -0.495242 0.832517 192.838 0 0 0 1 
Seq_Frame0126_DriverToReference-SequenceTransformStatus = OK
Seq_Frame0126_Timestamp = 45.533
Seq_Frame0127_DriverToReference-SequenceTransform =-0.764146 0.628332 0.145875 112.963 -0.595341 -0.599945 -0.534449 186.619 -0.248294 -0.495242 0.832517 192.838 0 0 0 1 
Seq_Frame0127_DriverToReference-SequenceTransformStatus = OK
Seq_Frame0127_Timestamp = 45.643
Seq_Frame0128_DriverToReference-SequenceTransform =-0.764146 0.628332 0.145875 112.963 -0.595341 -0.599945 -0.534449 186.619 -0.248294 -0.495242 0.832517 192.838 0 0 0 1 
Seq_Frame0128_DriverToReference-SequenceTransformStatus = OK
Seq_Frame0128_Timestamp = 45.747
Seq_Frame0129_DriverToReference-SequenceTransform =-0.764146 0.628332 0.145875 112.963 -0.595341 -0.599945 -0.534449 186.619 -0.248294 -0.495242 0.832517 192.838 0 0 0 1 
Seq_Frame0129_DriverToReference-SequenceTransformStatus = OK
Seq_Frame0129_Timestamp = 45.848
Seq_Frame0130_DriverToReference-SequenceTransform =-0.764146 0.628332 0.145875 112.963 -0.595341 -0.599945 -0.534449 186.619 -0.248294 -0.495242 0.832517 192.838 0 0 0 1 
Seq_Frame0130_DriverToReference-SequenceTransformStatus = OK
Seq_Frame0130_Timestamp = 45.953
Seq_Frame0131_DriverToReference-SequenceTransform =-0.764146 0.628332 0.145875 112.963 -0.595341 -0.599945 -0.534449 186.619 -0.248294 -0.495242 0.832517 192.838 0 0 0 1 
Seq_Frame0131_DriverToReference-SequenceTransformStatus = OK
Seq_Frame0131_Timestamp = 46.053
Seq_Frame0132_DriverToReference-SequenceTransform =-0.764146 0.628332 0.145875 112.963 -0.595341 -0.599945 -0.534449 186.619 -0.248294 -0.495242 0.832517 192.838 0 0 0 1 
Seq_Frame0132_DriverToReference-SequenceTransformStatus = OK
Seq_Frame0132_Timestamp = 46.158
Seq_Frame0133_DriverToReference-SequenceTransform =-0.764146 0.628332 0.145875 112.963 -0.595341 -0.599945 -0.534449 186.619 -0.248294 -0.495242 0.832517 192.838 0 0 0 1 
Seq_Frame0133_DriverToReference-SequenceTransformStatus = OK
Seq_Frame0133_Timestamp = 46.259
Seq_Frame0134_DriverToReference-SequenceTransform =-0.764146 0.628332 0.145875 112.963 -0.595341 -0.599945 -0.534449 186.619 -0.248294 -0.495242 0.832517 192.838 0 0 0 1 
Seq_Frame0134_DriverToReference-SequenceTransformStatus = OK
Seq_Frame0134_Timestamp = 46.359
Seq_Frame0135_DriverToReference-SequenceTransform =-0.764146 0.628332 0.145875 112.963 -0.595341 -0.599945 -0.534449 186.619 -0.248294 -0.495242 0.832517 192.838 0 0 0 1 
Seq_Frame0135_DriverToReference-SequenceTransformStatus = OK
Seq_Frame0135_Timestamp = 46.463
Seq_Frame0136_DriverToReference-SequenceTransform =-0.0362353 -0.896087 0.442397 134.137 0.510619 0.363936 0.778986 171.573 -0.859043 0.254123 0.444372 210.945 0 0 0 1 
Seq_Frame0136_DriverToReference-SequenceTransformStatus = OK
Seq_Frame0136_Timestamp = 46.573
Seq_Frame0137_DriverToReference-SequenceTransform =-0.26053 -0.880053 0.397028 135.888 0.519824 0.21867 0.825813 166.054 -0.813577 0.421534 0.400502 217.105 0 0 0 1 
Seq_Frame0137_DriverToReference-SequenceTransformStatus = OK
Seq_Frame0137_Timestamp = 46.676
Seq_Frame0138_DriverToReference-SequenceTransform =-0.492675 -0.782113 0.381538 141.181 0.438945 0.155228 0.885004 161.305 -0.751398 0.603493 0.266828 226.767 0 0 0 1 
Seq_Frame0138_DriverToReference-SequenceTransformStatus = OK
Seq_Frame0138_Timestamp = 46.778
Seq_Frame0139_DriverToReference-SequenceTransform =-0.700892 -0.603511 0.380165 148.081 0.263228 0.27651 0.924258 162.595 -0.662919 0.747875 -0.0349429 227.436 0 0 0 1 
Seq_Frame0139_DriverToReference-SequenceTransformStatus = OK
Seq_Frame0139_Timestamp = 46.883
Seq_Frame0140_DriverToReference-SequenceTransform =-0.703332 -0.592568 0.392667 148.748 0.253213 0.307309 0.917303 163.105 -0.664234 0.744597 -0.0660949 226.696 0 0 0 1 
Seq_Frame0140_DriverToReference-SequenceTransformStatus = OK
Seq_Frame0140_Timestamp = 46.983
Seq_Frame0141_DriverToReference-SequenceTransform =-0.703332 -0.592568 0.392667 148.748 0.253213 0.307309 0.917303 163.105 -0.664234 0.744597 -0.0660949 226.696 0 0 0 1 
Seq_Frame0141_DriverToReference-SequenceTransformStatus = OK
Seq_Frame0141_Timestamp = 47.094
Seq_Frame0142_DriverToReference-SequenceTransform =-0.703332 -0.592568 0.392667 148.748 0.253213 0.307309 0.917303 163.105 -0.664234 0.744597 -0.0660949 226.696 0 0 0 1 
Seq_Frame0142_DriverToReference-SequenceTransformStatus = OK
Seq_Frame0142_Timestamp = 47.194
Seq_Frame0143_DriverToReference-SequenceTransform =-0.542312 -0.0980287 0.834439 156.528 -0.776338 -0.321274 -0.542294 167.236 0.321244 -0.941899 0.0981272 220.56 0 0 0 1 
Seq_Frame0143_DriverToReference-SequenceTransformStatus = OK
Seq_Frame0143_Timestamp = 47.298
Seq_Frame0144_DriverToReference-SequenceTransform =-0.623226 -0.0634127 0.779466 154.866 -0.735376 -0.291626 -0.611699 164.711 0.266102 -0.954428 0.135117 218.009 0 0 0 1 
Seq_Frame0144_DriverToReference-SequenceTransformStatus = OK
Seq_Frame0144_Timestamp = 47.4
Seq_Frame0145_DriverToReference-SequenceTransform =-0.621376 -0.119627 0.774327 154.246 -0.727546 -0.278713 -0.626894 163.399 0.290809 -0.952895 0.0861512 217.833 0 0 0 1 
Seq_Frame0145_DriverToReference-SequenceTransformStatus = OK
Seq_Frame0145_Timestamp = 47.5
Seq_Frame0146_DriverToReference-SequenceTransform =-0.591969 -0.23962 0.769516 154.06 -0.724159 -0.260979 -0.638344 161.755 0.353788 -0.935132 -0.0190314 216.289 0 0 0 1 
Seq_Frame0146_DriverToReference-SequenceTransformStatus = OK
Seq_Frame0146_Timestamp = 47.608
Seq_Frame0147_DriverToReference-SequenceTransform =-0.591969 -0.23962 0.769516 154.06 -0.724159 -0.260979 -0.638344 161.755 0.353788 -0.935132 -0.0190314 216.289 0 0 0 1 
Seq_Frame0147_DriverToReference-SequenceTransformStatus = OK
Seq_Frame0147_Timestamp = 47.714
Seq_Frame0148_DriverToReference-SequenceTransform =-0.591969 -0.23962 0.769516 154.06 -0.724159 -0.260979 -0.638344 161.755 0.353788 -0.935132 -0.0190314 216.289 0 0 0 1 
Seq_Frame0148_DriverToReference-SequenceTransformStatus = OK
Seq_Frame0148_Timestamp = 47.818
Seq_Frame0149_DriverToReference-SequenceTransform =-0.591969 -0.23962 0.769516 154.06 -0.724159 -0.260979 -0.638344 161.755 0.353788 -0.935132 -0.0190314 216.289 0 0 0 1 
Seq_Frame0149_DriverToReference-SequenceTransformStatus = OK
Seq_Frame0149_Timestamp = 47.923
Seq_Frame0150_DriverToReference-SequenceTransform =-0.591969 -0.23962 0.769516 154.06 -0.724159 -0.260979 -0.638344 161.755 0.353788 -0.935132 -0.0190314 216.289 0 0 0 1 
Seq_Frame0150_DriverToReference-SequenceTransformStatus = OK
