ObjectType = Image
NDims = 3
AnatomicalOrientation = RAI
BinaryData = True
CompressedData = False
DimSize = 0 0 1458
ElementSpacing = 1 1 1
Offset = 0 0 0
TransformMatrix = 1 0 0 0 1 0 0 0 1
ElementType = MET_UCHAR
Kinds = domain domain list
Seq_Frame0000_ForcepToReference-SequenceTransform =0.613413 -0.303724 -0.729024 -86.29 0.413895 -0.662541 0.624284 -53.5852 -0.672618 -0.684684 -0.280701 -74.8056 0 0 0 1 
Seq_Frame0000_ForcepToReference-SequenceTransformStatus = OK
Seq_Frame0000_Timestamp = 0.00199986
Seq_Frame0001_ForcepToReference-SequenceTransform =0.611058 -0.303954 -0.730904 -86.2913 0.413469 -0.664816 0.622144 -53.8917 -0.67502 -0.682371 -0.280565 -74.4611 0 0 0 1 
Seq_Frame0001_ForcepToReference-SequenceTransformStatus = OK
Seq_Frame0001_Timestamp = 0.103
Seq_Frame0002_ForcepToReference-SequenceTransform =0.613327 -0.303313 -0.729267 -86.2691 0.413084 -0.663792 0.623492 -53.8221 -0.673195 -0.683653 -0.281828 -74.6093 0 0 0 1 
Seq_Frame0002_ForcepToReference-SequenceTransformStatus = OK
Seq_Frame0002_Timestamp = 0.204
Seq_Frame0003_ForcepToReference-SequenceTransform =0.613043 -0.30345 -0.729449 -86.2667 0.413827 -0.663167 0.623664 -53.7946 -0.672997 -0.684199 -0.280974 -74.6173 0 0 0 1 
Seq_Frame0003_ForcepToReference-SequenceTransformStatus = OK
Seq_Frame0003_Timestamp = 0.305
Seq_Frame0004_ForcepToReference-SequenceTransform =0.61328 -0.303624 -0.729178 -86.312 0.413455 -0.663189 0.623887 -53.8381 -0.67301 -0.684099 -0.281186 -74.3941 0 0 0 1 
Seq_Frame0004_ForcepToReference-SequenceTransformStatus = OK
Seq_Frame0004_Timestamp = 0.409
Seq_Frame0005_ForcepToReference-SequenceTransform =0.611081 -0.306848 -0.729674 -86.3763 0.412748 -0.663055 0.624497 -53.8175 -0.67544 -0.68279 -0.278529 -74.5765 0 0 0 1 
Seq_Frame0005_ForcepToReference-SequenceTransformStatus = OK
Seq_Frame0005_Timestamp = 0.511
Seq_Frame0006_ForcepToReference-SequenceTransform =0.651293 -0.24311 -0.718829 -76.655 0.442334 -0.648072 0.619954 -49.5253 -0.61657 -0.721734 -0.314549 -70.1162 0 0 0 1 
Seq_Frame0006_ForcepToReference-SequenceTransformStatus = OK
Seq_Frame0006_Timestamp = 0.618
Seq_Frame0007_ForcepToReference-SequenceTransform =0.725094 -0.152072 -0.67165 -67.834 0.481423 -0.585453 0.652286 -43.9345 -0.492414 -0.796316 -0.351298 -66.5472 0 0 0 1 
Seq_Frame0007_ForcepToReference-SequenceTransformStatus = OK
Seq_Frame0007_Timestamp = 0.727
Seq_Frame0008_ForcepToReference-SequenceTransform =0.839077 0.0266315 -0.543361 -53.1019 0.516206 -0.354216 0.779783 -21.6936 -0.1717 -0.934784 -0.310962 -53.5729 0 0 0 1 
Seq_Frame0008_ForcepToReference-SequenceTransformStatus = OK
Seq_Frame0008_Timestamp = 0.831
Seq_Frame0009_ForcepToReference-SequenceTransform =0.846803 0.060669 -0.528435 -53.0672 0.525499 -0.24916 0.813493 -16.5347 -0.0823109 -0.96656 -0.242871 -54.3452 0 0 0 1 
Seq_Frame0009_ForcepToReference-SequenceTransformStatus = OK
Seq_Frame0009_Timestamp = 0.933
Seq_Frame0010_ForcepToReference-SequenceTransform =0.892253 -0.11552 -0.436509 -66.4983 0.285335 -0.604991 0.743351 -41.1786 -0.349956 -0.787808 -0.506843 -62.0898 0 0 0 1 
Seq_Frame0010_ForcepToReference-SequenceTransformStatus = OK
Seq_Frame0010_Timestamp = 1.035
Seq_Frame0011_ForcepToReference-SequenceTransform =0.873287 -0.0626909 -0.483156 -62.9524 0.289504 -0.730852 0.618097 -20.8629 -0.391865 -0.679651 -0.620094 -64.7169 0 0 0 1 
Seq_Frame0011_ForcepToReference-SequenceTransformStatus = OK
Seq_Frame0011_Timestamp = 1.253
Seq_Frame0012_ForcepToReference-SequenceTransform =-0.427797 -0.181729 -0.885418 -125.665 0.781116 -0.567228 -0.260981 181.185 -0.454806 -0.803261 0.384609 -50.8737 0 0 0 1 
Seq_Frame0012_ForcepToReference-SequenceTransformStatus = OK
Seq_Frame0012_Timestamp = 1.354
Seq_Frame0013_ForcepToReference-SequenceTransform =-0.726923 -0.192086 -0.659308 -128.539 0.467052 -0.842127 -0.269602 200.697 -0.503434 -0.503911 0.701875 2.56973 0 0 0 1 
Seq_Frame0013_ForcepToReference-SequenceTransformStatus = OK
Seq_Frame0013_Timestamp = 1.464
Seq_Frame0014_ForcepToReference-SequenceTransform =-0.659951 -0.134066 -0.73925 -102.733 0.253993 -0.965829 -0.0515901 213.992 -0.707073 -0.221812 0.671452 40.0433 0 0 0 1 
Seq_Frame0014_ForcepToReference-SequenceTransformStatus = OK
Seq_Frame0014_Timestamp = 1.583
Seq_Frame0015_ForcepToReference-SequenceTransform =-0.673884 -0.113041 -0.730138 -96.4721 0.398597 -0.8877 -0.230453 256.908 -0.622093 -0.446329 0.643265 66.0825 0 0 0 1 
Seq_Frame0015_ForcepToReference-SequenceTransformStatus = OK
Seq_Frame0015_Timestamp = 1.686
Seq_Frame0016_ForcepToReference-SequenceTransform =-0.546342 -0.147333 -0.824502 -77.2064 0.500049 -0.847088 -0.17998 272.525 -0.671909 -0.510622 0.536473 90.339 0 0 0 1 
Seq_Frame0016_ForcepToReference-SequenceTransformStatus = OK
Seq_Frame0016_Timestamp = 1.786
Seq_Frame0017_ForcepToReference-SequenceTransform =-0.518671 -0.148391 -0.841998 -65.9734 0.46934 -0.872585 -0.135333 274.355 -0.714633 -0.465377 0.522231 110.639 0 0 0 1 
Seq_Frame0017_ForcepToReference-SequenceTransformStatus = OK
Seq_Frame0017_Timestamp = 1.893
Seq_Frame0018_ForcepToReference-SequenceTransform =-0.564647 -0.101872 -0.819021 -62.8973 0.419131 -0.890261 -0.178224 277.907 -0.710987 -0.443911 0.545381 125.152 0 0 0 1 
Seq_Frame0018_ForcepToReference-SequenceTransformStatus = OK
Seq_Frame0018_Timestamp = 1.993
Seq_Frame0019_ForcepToReference-SequenceTransform =-0.61766 -0.0578168 -0.784317 -60.8058 0.365878 -0.90392 -0.2215 282.112 -0.696154 -0.423776 0.579469 134.124 0 0 0 1 
Seq_Frame0019_ForcepToReference-SequenceTransformStatus = OK
Seq_Frame0019_Timestamp = 2.094
Seq_Frame0020_ForcepToReference-SequenceTransform =-0.640406 -0.0326408 -0.767343 -59.2834 0.332568 -0.912359 -0.238744 287.028 -0.6923 -0.408087 0.595136 140.254 0 0 0 1 
Seq_Frame0020_ForcepToReference-SequenceTransformStatus = OK
Seq_Frame0020_Timestamp = 2.194
Seq_Frame0021_ForcepToReference-SequenceTransform =-0.643033 -0.00592281 -0.765816 -55.3134 0.333268 -0.902487 -0.272856 291.406 -0.689523 -0.430677 0.582302 147.645 0 0 0 1 
Seq_Frame0021_ForcepToReference-SequenceTransformStatus = OK
Seq_Frame0021_Timestamp = 2.302
Seq_Frame0022_ForcepToReference-SequenceTransform =-0.646263 0.0129808 -0.763004 -53.9964 0.317421 -0.904681 -0.284246 290.571 -0.693965 -0.425892 0.580542 149.3 0 0 0 1 
Seq_Frame0022_ForcepToReference-SequenceTransformStatus = OK
Seq_Frame0022_Timestamp = 2.415
Seq_Frame0023_ForcepToReference-SequenceTransform =-0.64342 0.0363747 -0.764649 -53.3817 0.304388 -0.904355 -0.29915 290.048 -0.702395 -0.425229 0.570808 150.173 0 0 0 1 
Seq_Frame0023_ForcepToReference-SequenceTransformStatus = OK
Seq_Frame0023_Timestamp = 2.518
Seq_Frame0024_ForcepToReference-SequenceTransform =-0.609498 0.0379675 -0.791878 -51.8195 0.309219 -0.908356 -0.281554 284.618 -0.729997 -0.416471 0.541901 152.266 0 0 0 1 
Seq_Frame0024_ForcepToReference-SequenceTransformStatus = OK
Seq_Frame0024_Timestamp = 2.618
Seq_Frame0025_ForcepToReference-SequenceTransform =-0.598273 0.0571269 -0.799254 -53.2291 0.326556 -0.893482 -0.308302 284.227 -0.731731 -0.44545 0.515891 159.642 0 0 0 1 
Seq_Frame0025_ForcepToReference-SequenceTransformStatus = OK
Seq_Frame0025_Timestamp = 2.728
Seq_Frame0026_ForcepToReference-SequenceTransform =-0.574609 0.0469423 -0.81708 -55.5997 0.398284 -0.856123 -0.329277 282.692 -0.714978 -0.514636 0.47324 157.138 0 0 0 1 
Seq_Frame0026_ForcepToReference-SequenceTransformStatus = OK
Seq_Frame0026_Timestamp = 2.844
Seq_Frame0027_ForcepToReference-SequenceTransform =-0.549574 -0.00497135 -0.835431 -60.0277 0.478142 -0.821887 -0.309647 279.091 -0.68509 -0.569628 0.454065 151.307 0 0 0 1 
Seq_Frame0027_ForcepToReference-SequenceTransformStatus = OK
Seq_Frame0027_Timestamp = 2.949
Seq_Frame0028_ForcepToReference-SequenceTransform =-0.408099 -0.203077 -0.890064 -59.4141 0.606821 -0.78874 -0.0982717 271.43 -0.682073 -0.580214 0.445116 132.16 0 0 0 1 
Seq_Frame0028_ForcepToReference-SequenceTransformStatus = OK
Seq_Frame0028_Timestamp = 3.052
Seq_Frame0029_ForcepToReference-SequenceTransform =-0.253747 -0.371278 -0.893177 -61.9585 0.815332 -0.578924 0.00901644 275.197 -0.520429 -0.725948 0.449615 125.53 0 0 0 1 
Seq_Frame0029_ForcepToReference-SequenceTransformStatus = OK
Seq_Frame0029_Timestamp = 3.158
Seq_Frame0030_ForcepToReference-SequenceTransform =-0.629111 -0.50029 -0.59492 -82.5346 0.777218 -0.416978 -0.471234 281.363 -0.0123147 -0.758841 0.651159 138.68 0 0 0 1 
Seq_Frame0030_ForcepToReference-SequenceTransformStatus = OK
Seq_Frame0030_Timestamp = 3.259
Seq_Frame0031_ForcepToReference-SequenceTransform =-0.349793 -0.536275 -0.76815 -37.8423 0.905028 -0.405254 -0.1292 258.206 -0.24201 -0.740391 0.627099 128.946 0 0 0 1 
Seq_Frame0031_ForcepToReference-SequenceTransformStatus = OK
Seq_Frame0031_Timestamp = 3.359
Seq_Frame0032_ForcepToReference-SequenceTransform =-0.415706 -0.455946 -0.786957 -28.0481 0.894435 -0.361777 -0.262875 248.527 -0.164846 -0.813161 0.558207 143.371 0 0 0 1 
Seq_Frame0032_ForcepToReference-SequenceTransformStatus = OK
Seq_Frame0032_Timestamp = 3.46
Seq_Frame0033_ForcepToReference-SequenceTransform =-0.427836 -0.448603 -0.784673 -28.5764 0.892194 -0.348612 -0.287157 245.868 -0.144727 -0.822937 0.54939 146.208 0 0 0 1 
Seq_Frame0033_ForcepToReference-SequenceTransformStatus = OK
Seq_Frame0033_Timestamp = 3.568
Seq_Frame0034_ForcepToReference-SequenceTransform =-0.418478 -0.506007 -0.75421 -27.684 0.903533 -0.316265 -0.289145 244.028 -0.0922213 -0.802454 0.589544 149.145 0 0 0 1 
Seq_Frame0034_ForcepToReference-SequenceTransformStatus = OK
Seq_Frame0034_Timestamp = 3.669
Seq_Frame0035_ForcepToReference-SequenceTransform =-0.426765 -0.510278 -0.746651 -26.9957 0.902994 -0.285841 -0.320775 244.708 -0.049739 -0.811117 0.582765 151.809 0 0 0 1 
Seq_Frame0035_ForcepToReference-SequenceTransformStatus = OK
Seq_Frame0035_Timestamp = 3.778
Seq_Frame0036_ForcepToReference-SequenceTransform =-0.39237 -0.517554 -0.760384 -24.543 0.918564 -0.263454 -0.294674 243.79 -0.0478165 -0.814082 0.578778 154.706 0 0 0 1 
Seq_Frame0036_ForcepToReference-SequenceTransformStatus = OK
Seq_Frame0036_Timestamp = 3.878
Seq_Frame0037_ForcepToReference-SequenceTransform =-0.372854 -0.550735 -0.746774 -24.4352 0.92752 -0.243945 -0.283192 244.19 -0.0262084 -0.798237 0.601773 154.882 0 0 0 1 
Seq_Frame0037_ForcepToReference-SequenceTransformStatus = OK
Seq_Frame0037_Timestamp = 3.979
Seq_Frame0038_ForcepToReference-SequenceTransform =-0.404703 -0.520497 -0.751863 -23.9824 0.914446 -0.228668 -0.333915 246.085 0.00187479 -0.822675 0.568509 156.107 0 0 0 1 
Seq_Frame0038_ForcepToReference-SequenceTransformStatus = OK
Seq_Frame0038_Timestamp = 4.093
Seq_Frame0039_ForcepToReference-SequenceTransform =-0.375873 -0.514388 -0.770795 -18.2676 0.92663 -0.216495 -0.307387 244.844 -0.00875694 -0.82978 0.558022 154.017 0 0 0 1 
Seq_Frame0039_ForcepToReference-SequenceTransformStatus = OK
Seq_Frame0039_Timestamp = 4.203
Seq_Frame0040_ForcepToReference-SequenceTransform =-0.0681101 -0.495947 0.865677 40.5024 0.996967 -0.0665841 0.0402937 311.733 0.0376568 0.865796 0.498978 305.975 0 0 0 1 
Seq_Frame0040_ForcepToReference-SequenceTransformStatus = OK
Seq_Frame0040_Timestamp = 4.303
Seq_Frame0041_ForcepToReference-SequenceTransform =0.451186 0.0403484 0.891517 28.0618 0.268766 0.946454 -0.178854 323.027 -0.850997 0.320306 0.416183 146.987 0 0 0 1 
Seq_Frame0041_ForcepToReference-SequenceTransformStatus = OK
Seq_Frame0041_Timestamp = 4.869
Seq_Frame0042_ForcepToReference-SequenceTransform =0.451856 0.0405958 0.891167 29.2438 0.266892 0.947058 -0.178466 325.811 -0.851232 0.318486 0.417099 149.698 0 0 0 1 
Seq_Frame0042_ForcepToReference-SequenceTransformStatus = OK
Seq_Frame0042_Timestamp = 4.97
Seq_Frame0043_ForcepToReference-SequenceTransform =-0.482817 -0.0592398 -0.873715 29.7147 0.874747 0.0144256 -0.484366 327.893 0.0412976 -0.99814 0.0448549 152.59 0 0 0 1 
Seq_Frame0043_ForcepToReference-SequenceTransformStatus = OK
Seq_Frame0043_Timestamp = 5.283
Seq_Frame0044_ForcepToReference-SequenceTransform =-0.47815 -0.0506848 -0.876815 29.4413 0.877285 0.0199071 -0.479557 326.917 0.0417611 -0.998516 0.0349464 152.934 0 0 0 1 
Seq_Frame0044_ForcepToReference-SequenceTransformStatus = OK
Seq_Frame0044_Timestamp = 5.386
Seq_Frame0045_ForcepToReference-SequenceTransform =-0.48088 -0.0535548 -0.875149 29.6341 0.8758 0.0179805 -0.482338 327.636 0.0415672 -0.998403 0.0382568 153.387 0 0 0 1 
Seq_Frame0045_ForcepToReference-SequenceTransformStatus = OK
Seq_Frame0045_Timestamp = 5.492
Seq_Frame0046_ForcepToReference-SequenceTransform =-0.47873 -0.0553609 -0.876215 30.4055 0.876732 0.0226751 -0.480445 328.109 0.0464661 -0.998209 0.0376814 153.251 0 0 0 1 
Seq_Frame0046_ForcepToReference-SequenceTransformStatus = OK
Seq_Frame0046_Timestamp = 5.593
Seq_Frame0047_ForcepToReference-SequenceTransform =-0.479755 -0.0661817 -0.874903 30.6185 0.873616 0.0565078 -0.483324 328.254 0.0814261 -0.996206 0.0307075 152.675 0 0 0 1 
Seq_Frame0047_ForcepToReference-SequenceTransformStatus = OK
Seq_Frame0047_Timestamp = 5.703
Seq_Frame0048_ForcepToReference-SequenceTransform =-0.481446 -0.0843609 -0.872406 30.3521 0.871872 0.0557841 -0.486546 328.201 0.0897119 -0.994873 0.0466949 152.765 0 0 0 1 
Seq_Frame0048_ForcepToReference-SequenceTransformStatus = OK
Seq_Frame0048_Timestamp = 5.803
Seq_Frame0049_ForcepToReference-SequenceTransform =-0.485019 -0.0674906 -0.871895 29.625 0.871274 0.0483208 -0.488413 329.97 0.075094 -0.996549 0.0353662 152.322 0 0 0 1 
Seq_Frame0049_ForcepToReference-SequenceTransformStatus = OK
Seq_Frame0049_Timestamp = 5.904
Seq_Frame0050_ForcepToReference-SequenceTransform =-0.489397 -0.0662783 -0.869539 29.1629 0.867429 0.0656417 -0.493213 330.783 0.0897673 -0.99564 0.0253668 152.952 0 0 0 1 
Seq_Frame0050_ForcepToReference-SequenceTransformStatus = OK
Seq_Frame0050_Timestamp = 6.008
Seq_Frame0051_ForcepToReference-SequenceTransform =-0.49878 -0.0828011 -0.862764 28.0596 0.862115 0.05517 -0.5037 331.797 0.0893056 -0.995038 0.0438664 150.417 0 0 0 1 
Seq_Frame0051_ForcepToReference-SequenceTransformStatus = OK
Seq_Frame0051_Timestamp = 6.108
Seq_Frame0052_ForcepToReference-SequenceTransform =-0.495365 -0.056054 -0.866874 28.3358 0.864909 0.0611195 -0.498194 333.9 0.0809087 -0.996555 0.0182051 152.864 0 0 0 1 
Seq_Frame0052_ForcepToReference-SequenceTransformStatus = OK
Seq_Frame0052_Timestamp = 6.212
Seq_Frame0053_ForcepToReference-SequenceTransform =-0.496531 -0.055568 -0.866239 28.3062 0.86392 0.0652366 -0.499386 334.159 0.0842603 -0.996321 0.0156143 152.934 0 0 0 1 
Seq_Frame0053_ForcepToReference-SequenceTransformStatus = OK
Seq_Frame0053_Timestamp = 6.313
Seq_Frame0054_ForcepToReference-SequenceTransform =-0.494655 -0.0527516 -0.867487 28.147 0.865952 0.0548242 -0.497113 334.294 0.0737828 -0.997102 0.0185613 153.49 0 0 0 1 
Seq_Frame0054_ForcepToReference-SequenceTransformStatus = OK
Seq_Frame0054_Timestamp = 6.418
Seq_Frame0055_ForcepToReference-SequenceTransform =-0.495152 -0.0516108 -0.867272 28.0513 0.865642 0.0558139 -0.497543 334.881 0.0740844 -0.997106 0.0170401 154.183 0 0 0 1 
Seq_Frame0055_ForcepToReference-SequenceTransformStatus = OK
Seq_Frame0055_Timestamp = 6.519
Seq_Frame0056_ForcepToReference-SequenceTransform =-0.497249 -0.0527857 -0.866 27.9452 0.863727 0.0641858 -0.499856 335.75 0.0819702 -0.996541 0.0136761 154.191 0 0 0 1 
Seq_Frame0056_ForcepToReference-SequenceTransformStatus = OK
Seq_Frame0056_Timestamp = 6.626
Seq_Frame0057_ForcepToReference-SequenceTransform =-0.499235 -0.066097 -0.863942 27.6676 0.860929 0.0747081 -0.50321 335.939 0.0978041 -0.995013 0.019608 153.247 0 0 0 1 
Seq_Frame0057_ForcepToReference-SequenceTransformStatus = OK
Seq_Frame0057_Timestamp = 6.728
Seq_Frame0058_ForcepToReference-SequenceTransform =-0.497694 -0.0720285 -0.864357 27.3916 0.860814 0.0811125 -0.502414 336.614 0.106298 -0.994099 0.021634 153.014 0 0 0 1 
Seq_Frame0058_ForcepToReference-SequenceTransformStatus = OK
Seq_Frame0058_Timestamp = 6.829
Seq_Frame0059_ForcepToReference-SequenceTransform =-0.508242 -0.124035 -0.852236 25.7386 0.853924 0.0559087 -0.517385 337.452 0.111821 -0.990702 0.0775013 151.089 0 0 0 1 
Seq_Frame0059_ForcepToReference-SequenceTransformStatus = OK
Seq_Frame0059_Timestamp = 6.939
Seq_Frame0060_ForcepToReference-SequenceTransform =-0.540287 -0.189497 -0.819866 20.5802 0.838949 -0.0457756 -0.542282 338.649 0.0652311 -0.980814 0.183711 140.76 0 0 0 1 
Seq_Frame0060_ForcepToReference-SequenceTransformStatus = OK
Seq_Frame0060_Timestamp = 7.042
Seq_Frame0061_ForcepToReference-SequenceTransform =-0.050587 0.0168897 0.998577 8.12937 -0.238755 0.970661 -0.0285127 253.225 -0.969761 -0.239858 -0.0450703 24.0911 0 0 0 1 
Seq_Frame0061_ForcepToReference-SequenceTransformStatus = OK
Seq_Frame0061_Timestamp = 7.688
Seq_Frame0062_ForcepToReference-SequenceTransform =-0.00327066 0.0414242 0.999136 19.9527 -0.214601 0.975834 -0.0411606 243.212 -0.976696 -0.21455 0.00569807 28.8364 0 0 0 1 
Seq_Frame0062_ForcepToReference-SequenceTransformStatus = OK
Seq_Frame0062_Timestamp = 7.794
Seq_Frame0063_ForcepToReference-SequenceTransform =-0.571061 -0.324807 -0.753916 33.2939 0.705513 -0.66372 -0.248449 231.535 -0.419691 -0.673777 0.608181 50.8235 0 0 0 1 
Seq_Frame0063_ForcepToReference-SequenceTransformStatus = OK
Seq_Frame0063_Timestamp = 8.058
Seq_Frame0064_ForcepToReference-SequenceTransform =-0.564933 -0.351892 -0.746339 30.2413 0.746251 -0.603836 -0.280164 236.576 -0.352079 -0.71523 0.603727 47.9139 0 0 0 1 
Seq_Frame0064_ForcepToReference-SequenceTransformStatus = OK
Seq_Frame0064_Timestamp = 8.158
Seq_Frame0065_ForcepToReference-SequenceTransform =-0.42507 -0.877186 -0.223294 -93.3697 0.9028 -0.393056 -0.174523 245.732 0.0653225 -0.275774 0.959 -62.3528 0 0 0 1 
Seq_Frame0065_ForcepToReference-SequenceTransformStatus = OK
Seq_Frame0065_Timestamp = 38.108
Seq_Frame0066_ForcepToReference-SequenceTransform =-0.408556 -0.885307 -0.222069 -98.4371 0.907826 -0.368954 -0.19931 244.616 0.0945171 -0.283029 0.954443 -64.9376 0 0 0 1 
Seq_Frame0066_ForcepToReference-SequenceTransformStatus = OK
Seq_Frame0066_Timestamp = 38.218
Seq_Frame0067_ForcepToReference-SequenceTransform =-0.400624 -0.88996 -0.217879 -103.625 0.911648 -0.363397 -0.191937 242.465 0.0916401 -0.275523 0.956916 -68.8023 0 0 0 1 
Seq_Frame0067_ForcepToReference-SequenceTransformStatus = OK
Seq_Frame0067_Timestamp = 38.319
Seq_Frame0068_ForcepToReference-SequenceTransform =-0.397738 -0.896295 -0.19611 -113.037 0.913651 -0.36736 -0.174038 241.255 0.0839467 -0.248398 0.965014 -76.7911 0 0 0 1 
Seq_Frame0068_ForcepToReference-SequenceTransformStatus = OK
Seq_Frame0068_Timestamp = 38.423
Seq_Frame0069_ForcepToReference-SequenceTransform =-0.387234 -0.901637 -0.192614 -118.269 0.915596 -0.351522 -0.195236 241.184 0.108324 -0.251958 0.961656 -80.0021 0 0 0 1 
Seq_Frame0069_ForcepToReference-SequenceTransformStatus = OK
Seq_Frame0069_Timestamp = 38.523
Seq_Frame0070_ForcepToReference-SequenceTransform =-0.378405 -0.904593 -0.196269 -120.15 0.920668 -0.345868 -0.180956 239.797 0.095808 -0.249173 0.963708 -78.6177 0 0 0 1 
Seq_Frame0070_ForcepToReference-SequenceTransformStatus = OK
Seq_Frame0070_Timestamp = 38.633
Seq_Frame0071_ForcepToReference-SequenceTransform =-0.36799 -0.912704 -0.177635 -127.062 0.923005 -0.335459 -0.188489 237.962 0.112446 -0.23332 0.965877 -82.6235 0 0 0 1 
Seq_Frame0071_ForcepToReference-SequenceTransformStatus = OK
Seq_Frame0071_Timestamp = 38.744
Seq_Frame0072_ForcepToReference-SequenceTransform =-0.368574 -0.917235 -0.151109 -133.297 0.922378 -0.340627 -0.182185 239.486 0.115634 -0.206528 0.971584 -86.9466 0 0 0 1 
Seq_Frame0072_ForcepToReference-SequenceTransformStatus = OK
Seq_Frame0072_Timestamp = 38.847
Seq_Frame0073_ForcepToReference-SequenceTransform =-0.370545 -0.916544 -0.15048 -138.177 0.922358 -0.344038 -0.175763 239.818 0.109324 -0.203925 0.972863 -90.2687 0 0 0 1 
Seq_Frame0073_ForcepToReference-SequenceTransformStatus = OK
Seq_Frame0073_Timestamp = 38.949
Seq_Frame0074_ForcepToReference-SequenceTransform =-0.369197 -0.917532 -0.147745 -142.778 0.923732 -0.344841 -0.166747 237.036 0.102047 -0.198039 0.974868 -93.3732 0 0 0 1 
Seq_Frame0074_ForcepToReference-SequenceTransformStatus = OK
Seq_Frame0074_Timestamp = 39.06
Seq_Frame0075_ForcepToReference-SequenceTransform =-0.366003 -0.918275 -0.151037 -145.265 0.925036 -0.341244 -0.166916 236.145 0.101734 -0.200807 0.974334 -94.3677 0 0 0 1 
Seq_Frame0075_ForcepToReference-SequenceTransformStatus = OK
Seq_Frame0075_Timestamp = 39.163
Seq_Frame0076_ForcepToReference-SequenceTransform =-0.36626 -0.920534 -0.135907 -150.528 0.924229 -0.34294 -0.167908 235.382 0.107957 -0.187107 0.976389 -97.878 0 0 0 1 
Seq_Frame0076_ForcepToReference-SequenceTransformStatus = OK
Seq_Frame0076_Timestamp = 39.264
Seq_Frame0077_ForcepToReference-SequenceTransform =-0.359373 -0.924995 -0.123432 -154.31 0.926921 -0.33851 -0.161954 233.427 0.108024 -0.172613 0.979048 -99.5509 0 0 0 1 
Seq_Frame0077_ForcepToReference-SequenceTransformStatus = OK
Seq_Frame0077_Timestamp = 39.373
Seq_Frame0078_ForcepToReference-SequenceTransform =-0.357878 -0.923622 -0.137279 -153.874 0.927078 -0.333885 -0.170431 231.107 0.111578 -0.188262 0.97576 -97.607 0 0 0 1 
Seq_Frame0078_ForcepToReference-SequenceTransformStatus = OK
Seq_Frame0078_Timestamp = 39.473
Seq_Frame0079_ForcepToReference-SequenceTransform =-0.356912 -0.926152 -0.12189 -154.933 0.928454 -0.337334 -0.155497 228.33 0.102896 -0.168668 0.980287 -97.9106 0 0 0 1 
Seq_Frame0079_ForcepToReference-SequenceTransformStatus = OK
Seq_Frame0079_Timestamp = 39.574
Seq_Frame0080_ForcepToReference-SequenceTransform =-0.344625 -0.933597 -0.098131 -150.826 0.937494 -0.336898 -0.0872003 222.997 0.0483497 -0.122049 0.991346 -99.1082 0 0 0 1 
Seq_Frame0080_ForcepToReference-SequenceTransformStatus = OK
Seq_Frame0080_Timestamp = 39.678
Seq_Frame0081_ForcepToReference-SequenceTransform =-0.288529 -0.941303 -0.175211 -129.364 0.956852 -0.290054 -0.0174161 212.05 -0.0344268 -0.172676 0.984377 -102.156 0 0 0 1 
Seq_Frame0081_ForcepToReference-SequenceTransformStatus = OK
Seq_Frame0081_Timestamp = 39.789
Seq_Frame0082_ForcepToReference-SequenceTransform =-0.244009 -0.937073 -0.249709 -106.158 0.965819 -0.258048 0.0245927 199.06 -0.0874821 -0.235173 0.968009 -103.605 0 0 0 1 
Seq_Frame0082_ForcepToReference-SequenceTransformStatus = OK
Seq_Frame0082_Timestamp = 39.892
Seq_Frame0083_ForcepToReference-SequenceTransform =-0.194097 -0.916687 -0.349302 -75.2541 0.975022 -0.219465 0.0341599 186.632 -0.107973 -0.333947 0.936387 -100.33 0 0 0 1 
Seq_Frame0083_ForcepToReference-SequenceTransformStatus = OK
Seq_Frame0083_Timestamp = 39.993
Seq_Frame0084_ForcepToReference-SequenceTransform =-0.0396383 0.45162 0.89133 8.03186 -0.172934 0.875469 -0.451274 186.691 -0.984136 -0.172028 0.0433982 29.0506 0 0 0 1 
Seq_Frame0084_ForcepToReference-SequenceTransformStatus = OK
Seq_Frame0084_Timestamp = 40.597
Seq_Frame0085_ForcepToReference-SequenceTransform =0.0344395 -0.670861 -0.740783 -4.46936 0.948504 -0.2116 0.235724 168.884 -0.314888 -0.710754 0.629027 27.5023 0 0 0 1 
Seq_Frame0085_ForcepToReference-SequenceTransformStatus = OK
Seq_Frame0085_Timestamp = 40.698
Seq_Frame0086_ForcepToReference-SequenceTransform =-0.302272 -0.570219 -0.76386 -27.7137 0.939863 -0.311975 -0.139031 172.72 -0.159027 -0.759949 0.630229 30.0649 0 0 0 1 
Seq_Frame0086_ForcepToReference-SequenceTransformStatus = OK
Seq_Frame0086_Timestamp = 40.807
Seq_Frame0087_ForcepToReference-SequenceTransform =-0.488043 -0.439986 -0.753808 -26.7577 0.872815 -0.248947 -0.419786 182.631 -0.00295823 -0.862808 0.505523 31.707 0 0 0 1 
Seq_Frame0087_ForcepToReference-SequenceTransformStatus = OK
Seq_Frame0087_Timestamp = 40.908
Seq_Frame0088_ForcepToReference-SequenceTransform =-0.492228 -0.427844 -0.758064 -25.0572 0.870461 -0.238687 -0.430496 182.583 0.0032453 -0.871767 0.48991 31.1788 0 0 0 1 
Seq_Frame0088_ForcepToReference-SequenceTransformStatus = OK
Seq_Frame0088_Timestamp = 41.223
Seq_Frame0089_ForcepToReference-SequenceTransform =-0.492228 -0.427844 -0.758064 -25.0572 0.870461 -0.238687 -0.430496 182.583 0.0032453 -0.871767 0.48991 31.1788 0 0 0 1 
Seq_Frame0089_ForcepToReference-SequenceTransformStatus = OK
Seq_Frame0089_Timestamp = 41.623
Seq_Frame0090_ForcepToReference-SequenceTransform =-0.492228 -0.427844 -0.758064 -25.0572 0.870461 -0.238687 -0.430496 182.583 0.0032453 -0.871767 0.48991 31.1788 0 0 0 1 
Seq_Frame0090_ForcepToReference-SequenceTransformStatus = OK
Seq_Frame0090_Timestamp = 41.723
Seq_Frame0091_ForcepToReference-SequenceTransform =0.510616 -0.643824 -0.569879 -160.976 0.52662 -0.289747 0.799199 27.0527 -0.679664 -0.708193 0.191101 -52.1634 0 0 0 1 
Seq_Frame0091_ForcepToReference-SequenceTransformStatus = OK
Seq_Frame0091_Timestamp = 41.908
Seq_Frame0092_ForcepToReference-SequenceTransform =0.664438 -0.563915 -0.490431 -157.729 0.349713 -0.345345 0.870883 2.95942 -0.660472 -0.750158 -0.0322515 -30.9374 0 0 0 1 
Seq_Frame0092_ForcepToReference-SequenceTransformStatus = OK
Seq_Frame0092_Timestamp = 42.009
Seq_Frame0093_ForcepToReference-SequenceTransform =0.688102 -0.541428 -0.483085 -155.617 0.191309 -0.506836 0.840547 -14.2976 -0.69994 -0.670801 -0.245174 -19.4444 0 0 0 1 
Seq_Frame0093_ForcepToReference-SequenceTransformStatus = OK
Seq_Frame0093_Timestamp = 42.109
Seq_Frame0094_ForcepToReference-SequenceTransform =0.732948 -0.488986 -0.472948 -149.891 0.21719 -0.490635 0.843863 -21.0671 -0.644683 -0.721228 -0.253407 -30.4326 0 0 0 1 
Seq_Frame0094_ForcepToReference-SequenceTransformStatus = OK
Seq_Frame0094_Timestamp = 42.213
Seq_Frame0095_ForcepToReference-SequenceTransform =0.734839 -0.521199 -0.434009 -149.784 0.202144 -0.44252 0.873678 -30.2647 -0.647418 -0.729745 -0.219824 -45.139 0 0 0 1 
Seq_Frame0095_ForcepToReference-SequenceTransformStatus = OK
Seq_Frame0095_Timestamp = 42.314
Seq_Frame0096_ForcepToReference-SequenceTransform =0.76245 -0.470032 -0.444679 -134.499 0.239875 -0.432943 0.868919 -43.2695 -0.60094 -0.769175 -0.217348 -66.0517 0 0 0 1 
Seq_Frame0096_ForcepToReference-SequenceTransformStatus = OK
Seq_Frame0096_Timestamp = 42.418
Seq_Frame0097_ForcepToReference-SequenceTransform =0.774293 -0.408803 -0.483063 -110.358 0.270745 -0.475952 0.83676 -57.551 -0.571985 -0.778684 -0.257845 -85.3052 0 0 0 1 
Seq_Frame0097_ForcepToReference-SequenceTransformStatus = OK
Seq_Frame0097_Timestamp = 42.524
Seq_Frame0098_ForcepToReference-SequenceTransform =0.799004 -0.26288 -0.54082 -81.3838 0.377195 -0.481332 0.791229 -63.7934 -0.468313 -0.83619 -0.28543 -96.3059 0 0 0 1 
Seq_Frame0098_ForcepToReference-SequenceTransformStatus = OK
Seq_Frame0098_Timestamp = 42.635
Seq_Frame0099_ForcepToReference-SequenceTransform =0.697345 -0.247958 -0.672478 -71.0403 0.444654 -0.586198 0.677241 -66.8468 -0.562133 -0.77129 -0.298526 -97.1428 0 0 0 1 
Seq_Frame0099_ForcepToReference-SequenceTransformStatus = OK
Seq_Frame0099_Timestamp = 42.738
Seq_Frame0100_ForcepToReference-SequenceTransform =0.63634 -0.244029 -0.731793 -68.431 0.429218 -0.676232 0.598734 -69.4103 -0.64097 -0.695097 -0.325572 -97.227 0 0 0 1 
Seq_Frame0100_ForcepToReference-SequenceTransformStatus = OK
Seq_Frame0100_Timestamp = 42.848
Seq_Frame0101_ForcepToReference-SequenceTransform =0.635676 -0.241808 -0.733106 -68.1734 0.428553 -0.679349 0.595674 -69.9068 -0.642073 -0.692831 -0.328218 -97.4002 0 0 0 1 
Seq_Frame0101_ForcepToReference-SequenceTransformStatus = OK
Seq_Frame0101_Timestamp = 42.949
Seq_Frame0102_ForcepToReference-SequenceTransform =0.634173 -0.243979 -0.733688 -68.381 0.428988 -0.678432 0.596405 -69.7409 -0.643268 -0.692968 -0.325579 -96.817 0 0 0 1 
Seq_Frame0102_ForcepToReference-SequenceTransformStatus = OK
Seq_Frame0102_Timestamp = 43.049
Seq_Frame0103_ForcepToReference-SequenceTransform =0.635244 -0.243669 -0.732864 -68.4075 0.428924 -0.677813 0.597155 -69.6764 -0.642253 -0.693683 -0.326061 -96.9373 0 0 0 1 
Seq_Frame0103_ForcepToReference-SequenceTransformStatus = OK
Seq_Frame0103_Timestamp = 43.155
Seq_Frame0104_ForcepToReference-SequenceTransform =0.635355 -0.243746 -0.732743 -68.3705 0.429419 -0.677118 0.597588 -69.524 -0.641813 -0.694334 -0.325541 -97.0718 0 0 0 1 
Seq_Frame0104_ForcepToReference-SequenceTransformStatus = OK
Seq_Frame0104_Timestamp = 43.258
Seq_Frame0105_ForcepToReference-SequenceTransform =0.634603 -0.243845 -0.733362 -68.4038 0.429775 -0.677314 0.597108 -69.5923 -0.642318 -0.694107 -0.325027 -97.0079 0 0 0 1 
Seq_Frame0105_ForcepToReference-SequenceTransformStatus = OK
Seq_Frame0105_Timestamp = 43.368
Seq_Frame0106_ForcepToReference-SequenceTransform =0.63422 -0.244353 -0.733524 -68.4685 0.429952 -0.677047 0.597285 -69.5351 -0.642578 -0.694189 -0.324337 -97.0848 0 0 0 1 
Seq_Frame0106_ForcepToReference-SequenceTransformStatus = OK
Seq_Frame0106_Timestamp = 43.469
Seq_Frame0107_ForcepToReference-SequenceTransform =0.635769 -0.243927 -0.732323 -68.4201 0.429494 -0.676522 0.598207 -69.3968 -0.641352 -0.69485 -0.325347 -97.1942 0 0 0 1 
Seq_Frame0107_ForcepToReference-SequenceTransformStatus = OK
Seq_Frame0107_Timestamp = 43.569
Seq_Frame0108_ForcepToReference-SequenceTransform =0.636556 -0.243684 -0.73172 -68.3842 0.428957 -0.676606 0.598498 -69.387 -0.640931 -0.694854 -0.326167 -97.2234 0 0 0 1 
Seq_Frame0108_ForcepToReference-SequenceTransformStatus = OK
Seq_Frame0108_Timestamp = 43.672
Seq_Frame0109_ForcepToReference-SequenceTransform =0.63538 -0.243833 -0.732692 -68.3677 0.42979 -0.676623 0.597881 -69.4745 -0.64154 -0.694786 -0.325115 -97.095 0 0 0 1 
Seq_Frame0109_ForcepToReference-SequenceTransformStatus = OK
Seq_Frame0109_Timestamp = 43.773
Seq_Frame0110_ForcepToReference-SequenceTransform =0.634667 -0.244008 -0.733252 -68.4089 0.429411 -0.677518 0.597139 -69.575 -0.642498 -0.693851 -0.325218 -96.9961 0 0 0 1 
Seq_Frame0110_ForcepToReference-SequenceTransformStatus = OK
Seq_Frame0110_Timestamp = 43.876
Seq_Frame0111_ForcepToReference-SequenceTransform =0.634969 -0.243805 -0.733058 -68.3934 0.429846 -0.676947 0.597473 -69.5741 -0.641909 -0.694479 -0.325042 -96.9925 0 0 0 1 
Seq_Frame0111_ForcepToReference-SequenceTransformStatus = OK
Seq_Frame0111_Timestamp = 43.978
Seq_Frame0112_ForcepToReference-SequenceTransform =0.635608 -0.244064 -0.732417 -68.3803 0.429647 -0.676387 0.598251 -69.3685 -0.64141 -0.694933 -0.325056 -97.1824 0 0 0 1 
Seq_Frame0112_ForcepToReference-SequenceTransformStatus = OK
Seq_Frame0112_Timestamp = 44.083
Seq_Frame0113_ForcepToReference-SequenceTransform =0.635971 -0.244152 -0.732073 -68.4247 0.429752 -0.67588 0.598747 -69.23 -0.640979 -0.695396 -0.324915 -97.3663 0 0 0 1 
Seq_Frame0113_ForcepToReference-SequenceTransformStatus = OK
Seq_Frame0113_Timestamp = 44.184
Seq_Frame0114_ForcepToReference-SequenceTransform =0.636278 -0.244237 -0.731778 -68.4084 0.430824 -0.674372 0.599677 -69.1065 -0.639954 -0.696829 -0.323864 -97.479 0 0 0 1 
Seq_Frame0114_ForcepToReference-SequenceTransformStatus = OK
Seq_Frame0114_Timestamp = 44.288
Seq_Frame0115_ForcepToReference-SequenceTransform =0.637264 -0.243716 -0.731093 -68.3398 0.430289 -0.674501 0.599916 -69.0811 -0.639332 -0.696886 -0.324967 -97.5104 0 0 0 1 
Seq_Frame0115_ForcepToReference-SequenceTransformStatus = OK
Seq_Frame0115_Timestamp = 44.388
Seq_Frame0116_ForcepToReference-SequenceTransform =0.636262 -0.243777 -0.731945 -68.3831 0.430087 -0.675565 0.598863 -69.3531 -0.640466 -0.695834 -0.324991 -97.2427 0 0 0 1 
Seq_Frame0116_ForcepToReference-SequenceTransformStatus = OK
Seq_Frame0116_Timestamp = 44.498
Seq_Frame0117_ForcepToReference-SequenceTransform =0.634423 -0.244084 -0.733437 -68.415 0.429921 -0.67712 0.597224 -69.5574 -0.642398 -0.694212 -0.324644 -97.0662 0 0 0 1 
Seq_Frame0117_ForcepToReference-SequenceTransformStatus = OK
Seq_Frame0117_Timestamp = 44.598
Seq_Frame0118_ForcepToReference-SequenceTransform =0.634951 -0.243775 -0.733083 -68.4041 0.429373 -0.6775 0.597188 -69.5745 -0.642243 -0.693951 -0.325509 -97.0355 0 0 0 1 
Seq_Frame0118_ForcepToReference-SequenceTransformStatus = OK
Seq_Frame0118_Timestamp = 44.699
Seq_Frame0119_ForcepToReference-SequenceTransform =0.635508 -0.244152 -0.732475 -68.4069 0.42987 -0.676162 0.598345 -69.3271 -0.641358 -0.695122 -0.324753 -97.1922 0 0 0 1 
Seq_Frame0119_ForcepToReference-SequenceTransformStatus = OK
Seq_Frame0119_Timestamp = 44.799
Seq_Frame0120_ForcepToReference-SequenceTransform =0.635867 -0.244162 -0.73216 -68.424 0.429837 -0.675871 0.598697 -69.3778 -0.641025 -0.695401 -0.324814 -97.1194 0 0 0 1 
Seq_Frame0120_ForcepToReference-SequenceTransformStatus = OK
Seq_Frame0120_Timestamp = 44.9
Seq_Frame0121_ForcepToReference-SequenceTransform =0.635241 -0.244317 -0.732652 -68.4447 0.430007 -0.676116 0.598299 -69.3844 -0.641532 -0.695109 -0.324438 -97.0834 0 0 0 1 
Seq_Frame0121_ForcepToReference-SequenceTransformStatus = OK
Seq_Frame0121_Timestamp = 45
Seq_Frame0122_ForcepToReference-SequenceTransform =0.636212 -0.244395 -0.731782 -68.4583 0.429489 -0.675753 0.59908 -69.2797 -0.640916 -0.695435 -0.324957 -97.1313 0 0 0 1 
Seq_Frame0122_ForcepToReference-SequenceTransformStatus = OK
Seq_Frame0122_Timestamp = 45.108
Seq_Frame0123_ForcepToReference-SequenceTransform =0.635039 -0.244594 -0.732734 -68.4386 0.429532 -0.676583 0.598113 -69.3593 -0.64205 -0.694557 -0.324595 -97.1001 0 0 0 1 
Seq_Frame0123_ForcepToReference-SequenceTransformStatus = OK
Seq_Frame0123_Timestamp = 45.213
Seq_Frame0124_ForcepToReference-SequenceTransform =0.635412 -0.244299 -0.732509 -68.4234 0.42967 -0.676344 0.598283 -69.3615 -0.641589 -0.694893 -0.324789 -97.1651 0 0 0 1 
Seq_Frame0124_ForcepToReference-SequenceTransformStatus = OK
Seq_Frame0124_Timestamp = 45.324
Seq_Frame0125_ForcepToReference-SequenceTransform =0.635292 -0.244415 -0.732574 -68.4225 0.430011 -0.675986 0.598442 -69.2955 -0.641479 -0.6952 -0.324348 -97.1994 0 0 0 1 
Seq_Frame0125_ForcepToReference-SequenceTransformStatus = OK
Seq_Frame0125_Timestamp = 45.424
Seq_Frame0126_ForcepToReference-SequenceTransform =0.635337 -0.24419 -0.73261 -68.4241 0.430055 -0.676082 0.598302 -69.3634 -0.641404 -0.695186 -0.324525 -97.189 0 0 0 1 
Seq_Frame0126_ForcepToReference-SequenceTransformStatus = OK
Seq_Frame0126_Timestamp = 45.533
Seq_Frame0127_ForcepToReference-SequenceTransform =0.633428 -0.244376 -0.7342 -68.448 0.429598 -0.678104 0.596339 -69.6555 -0.643595 -0.693149 -0.324547 -96.9331 0 0 0 1 
Seq_Frame0127_ForcepToReference-SequenceTransformStatus = OK
Seq_Frame0127_Timestamp = 45.643
Seq_Frame0128_ForcepToReference-SequenceTransform =0.634216 -0.244277 -0.733552 -68.4537 0.429652 -0.677436 0.597059 -69.5541 -0.642782 -0.693837 -0.324687 -97.0248 0 0 0 1 
Seq_Frame0128_ForcepToReference-SequenceTransformStatus = OK
Seq_Frame0128_Timestamp = 45.747
Seq_Frame0129_ForcepToReference-SequenceTransform =0.634355 -0.244035 -0.733513 -68.4131 0.429727 -0.677431 0.597012 -69.5912 -0.642596 -0.693927 -0.324863 -97.044 0 0 0 1 
Seq_Frame0129_ForcepToReference-SequenceTransformStatus = OK
Seq_Frame0129_Timestamp = 45.848
Seq_Frame0130_ForcepToReference-SequenceTransform =0.635316 -0.243666 -0.732803 -68.375 0.429238 -0.677413 0.597383 -69.6354 -0.641972 -0.694074 -0.325781 -96.949 0 0 0 1 
Seq_Frame0130_ForcepToReference-SequenceTransformStatus = OK
Seq_Frame0130_Timestamp = 45.953
Seq_Frame0131_ForcepToReference-SequenceTransform =0.634605 -0.244557 -0.733122 -68.4645 0.430484 -0.675965 0.598126 -69.3774 -0.641841 -0.695171 -0.323693 -97.1208 0 0 0 1 
Seq_Frame0131_ForcepToReference-SequenceTransformStatus = OK
Seq_Frame0131_Timestamp = 46.053
Seq_Frame0132_ForcepToReference-SequenceTransform =0.635918 -0.243971 -0.732179 -68.3954 0.430383 -0.67539 0.598848 -69.3546 -0.640608 -0.695936 -0.324491 -97.1487 0 0 0 1 
Seq_Frame0132_ForcepToReference-SequenceTransformStatus = OK
Seq_Frame0132_Timestamp = 46.158
Seq_Frame0133_ForcepToReference-SequenceTransform =0.635979 -0.244183 -0.732056 -68.4314 0.429748 -0.675852 0.598783 -69.3062 -0.640974 -0.695413 -0.324891 -97.2094 0 0 0 1 
Seq_Frame0133_ForcepToReference-SequenceTransformStatus = OK
Seq_Frame0133_Timestamp = 46.259
Seq_Frame0134_ForcepToReference-SequenceTransform =0.635682 -0.244644 -0.732159 -68.4623 0.430386 -0.675046 0.599234 -69.1992 -0.64084 -0.696033 -0.323823 -97.189 0 0 0 1 
Seq_Frame0134_ForcepToReference-SequenceTransformStatus = OK
Seq_Frame0134_Timestamp = 46.359
Seq_Frame0135_ForcepToReference-SequenceTransform =0.635495 -0.244141 -0.73249 -68.396 0.429828 -0.676229 0.5983 -69.327 -0.6414 -0.695061 -0.324801 -97.2271 0 0 0 1 
Seq_Frame0135_ForcepToReference-SequenceTransformStatus = OK
Seq_Frame0135_Timestamp = 46.463
Seq_Frame0136_ForcepToReference-SequenceTransform =0.636087 -0.243522 -0.732182 -68.338 0.430397 -0.675592 0.59861 -69.4099 -0.640431 -0.695897 -0.324924 -97.1856 0 0 0 1 
Seq_Frame0136_ForcepToReference-SequenceTransformStatus = OK
Seq_Frame0136_Timestamp = 46.573
Seq_Frame0137_ForcepToReference-SequenceTransform =0.63528 -0.243974 -0.732732 -68.4157 0.430104 -0.676256 0.598071 -69.4425 -0.641428 -0.695093 -0.324678 -97.1836 0 0 0 1 
Seq_Frame0137_ForcepToReference-SequenceTransformStatus = OK
Seq_Frame0137_Timestamp = 46.676
Seq_Frame0138_ForcepToReference-SequenceTransform =0.634864 -0.244418 -0.732945 -68.4323 0.429879 -0.676505 0.59795 -69.3856 -0.641991 -0.694695 -0.324419 -97.177 0 0 0 1 
Seq_Frame0138_ForcepToReference-SequenceTransformStatus = OK
Seq_Frame0138_Timestamp = 46.778
Seq_Frame0139_ForcepToReference-SequenceTransform =0.635506 -0.243975 -0.732536 -68.4293 0.42935 -0.676872 0.597915 -69.4705 -0.641709 -0.694493 -0.325406 -97.162 0 0 0 1 
Seq_Frame0139_ForcepToReference-SequenceTransformStatus = OK
Seq_Frame0139_Timestamp = 46.883
Seq_Frame0140_ForcepToReference-SequenceTransform =0.635441 -0.244045 -0.732569 -68.4341 0.429761 -0.676427 0.598124 -69.4267 -0.641499 -0.694901 -0.324948 -97.1619 0 0 0 1 
Seq_Frame0140_ForcepToReference-SequenceTransformStatus = OK
Seq_Frame0140_Timestamp = 46.983
Seq_Frame0141_ForcepToReference-SequenceTransform =0.634792 -0.244084 -0.733118 -68.4077 0.430352 -0.676329 0.597809 -69.4884 -0.641745 -0.694983 -0.324286 -97.0674 0 0 0 1 
Seq_Frame0141_ForcepToReference-SequenceTransformStatus = OK
Seq_Frame0141_Timestamp = 47.094
Seq_Frame0142_ForcepToReference-SequenceTransform =0.635061 -0.244088 -0.732884 -68.387 0.429948 -0.676525 0.597878 -69.444 -0.641749 -0.694791 -0.324689 -97.1288 0 0 0 1 
Seq_Frame0142_ForcepToReference-SequenceTransformStatus = OK
Seq_Frame0142_Timestamp = 47.194
Seq_Frame0143_ForcepToReference-SequenceTransform =0.63465 -0.244412 -0.733132 -68.4415 0.430585 -0.675935 0.598087 -69.382 -0.641729 -0.695252 -0.323742 -97.1733 0 0 0 1 
Seq_Frame0143_ForcepToReference-SequenceTransformStatus = OK
Seq_Frame0143_Timestamp = 47.298
Seq_Frame0144_ForcepToReference-SequenceTransform =0.635674 -0.244013 -0.732377 -68.4114 0.429869 -0.676131 0.598381 -69.4208 -0.641196 -0.695201 -0.324905 -97.1185 0 0 0 1 
Seq_Frame0144_ForcepToReference-SequenceTransformStatus = OK
Seq_Frame0144_Timestamp = 47.4
Seq_Frame0145_ForcepToReference-SequenceTransform =0.635424 -0.244045 -0.732583 -68.4007 0.429676 -0.676534 0.598064 -69.4151 -0.641572 -0.694798 -0.325026 -97.1552 0 0 0 1 
Seq_Frame0145_ForcepToReference-SequenceTransformStatus = OK
Seq_Frame0145_Timestamp = 47.5
Seq_Frame0146_ForcepToReference-SequenceTransform =0.634568 -0.244363 -0.733219 -68.4305 0.430534 -0.676102 0.597935 -69.4319 -0.641844 -0.695106 -0.323826 -97.1001 0 0 0 1 
Seq_Frame0146_ForcepToReference-SequenceTransformStatus = OK
Seq_Frame0146_Timestamp = 47.608
Seq_Frame0147_ForcepToReference-SequenceTransform =0.634931 -0.24424 -0.732945 -68.4168 0.43006 -0.676395 0.597945 -69.4272 -0.641803 -0.694864 -0.324426 -97.1211 0 0 0 1 
Seq_Frame0147_ForcepToReference-SequenceTransformStatus = OK
Seq_Frame0147_Timestamp = 47.714
Seq_Frame0148_ForcepToReference-SequenceTransform =0.635173 -0.24435 -0.732699 -68.4179 0.43046 -0.675658 0.59849 -69.3614 -0.641295 -0.695542 -0.323977 -97.147 0 0 0 1 
Seq_Frame0148_ForcepToReference-SequenceTransformStatus = OK
Seq_Frame0148_Timestamp = 47.818
