ObjectType = Image
NDims = 3
AnatomicalOrientation = RAI
BinaryData = True
CompressedData = False
DimSize = 0 0 4679
ElementSpacing = 1 1 1
Offset = 0 0 0
TransformMatrix = 1 0 0 0 1 0 0 0 1
ElementType = MET_UCHAR
Kinds = domain domain list
Seq_Frame0000_ForcepToReference-SequenceTransform =0.0382354 -0.932506 -0.359124 8.3895 -0.0994311 0.354053 -0.929925 62.0457 0.99431 0.0712642 -0.0791828 106.984 0 0 0 1 
Seq_Frame0000_ForcepToReference-SequenceTransformStatus = OK
Seq_Frame0000_Timestamp = 0.00600004
Seq_Frame0001_ForcepToReference-SequenceTransform =0.0361904 -0.932394 -0.359628 8.3967 -0.0966734 0.354909 -0.929889 62.0986 0.994658 0.0684195 -0.0772934 106.944 0 0 0 1 
Seq_Frame0001_ForcepToReference-SequenceTransformStatus = OK
Seq_Frame0001_Timestamp = 0.107
Seq_Frame0002_ForcepToReference-SequenceTransform =0.0366601 -0.932399 -0.359567 8.38174 -0.0986926 0.354671 -0.929768 62.072 0.994442 0.0695719 -0.0790186 106.985 0 0 0 1 
Seq_Frame0002_ForcepToReference-SequenceTransformStatus = OK
Seq_Frame0002_Timestamp = 0.217
Seq_Frame0003_ForcepToReference-SequenceTransform =0.0365289 -0.932393 -0.359595 8.4029 -0.0971015 0.354821 -0.929878 62.0778 0.994604 0.0688846 -0.0775756 106.955 0 0 0 1 
Seq_Frame0003_ForcepToReference-SequenceTransformStatus = OK
Seq_Frame0003_Timestamp = 0.322
Seq_Frame0004_ForcepToReference-SequenceTransform =0.0347221 -0.932158 -0.360384 8.37351 -0.0968002 0.355769 -0.929547 62.0066 0.994698 0.0671611 -0.0778799 106.974 0 0 0 1 
Seq_Frame0004_ForcepToReference-SequenceTransformStatus = OK
Seq_Frame0004_Timestamp = 0.429
Seq_Frame0005_ForcepToReference-SequenceTransform =0.0365423 -0.932336 -0.359742 8.37754 -0.0965806 0.355002 -0.929863 62.0696 0.994654 0.0687234 -0.077073 106.969 0 0 0 1 
Seq_Frame0005_ForcepToReference-SequenceTransformStatus = OK
Seq_Frame0005_Timestamp = 0.537
Seq_Frame0006_ForcepToReference-SequenceTransform =0.0366922 -0.932319 -0.359771 8.37205 -0.0972524 0.354973 -0.929804 62.0519 0.994583 0.0691052 -0.0776455 106.986 0 0 0 1 
Seq_Frame0006_ForcepToReference-SequenceTransformStatus = OK
Seq_Frame0006_Timestamp = 0.642
Seq_Frame0007_ForcepToReference-SequenceTransform =0.0363783 -0.932365 -0.359683 8.37688 -0.0980706 0.354854 -0.929764 62.0618 0.994514 0.0690976 -0.0785286 106.96 0 0 0 1 
Seq_Frame0007_ForcepToReference-SequenceTransformStatus = OK
Seq_Frame0007_Timestamp = 0.747
Seq_Frame0008_ForcepToReference-SequenceTransform =0.0349713 -0.932195 -0.360264 8.40409 -0.0945644 0.355781 -0.929773 62.0514 0.994904 0.0665835 -0.0757103 106.928 0 0 0 1 
Seq_Frame0008_ForcepToReference-SequenceTransformStatus = OK
Seq_Frame0008_Timestamp = 0.852
Seq_Frame0009_ForcepToReference-SequenceTransform =0.0382424 -0.932566 -0.358967 8.38206 -0.0960777 0.354134 -0.930246 62.1517 0.994639 0.0700636 -0.0760559 106.98 0 0 0 1 
Seq_Frame0009_ForcepToReference-SequenceTransformStatus = OK
Seq_Frame0009_Timestamp = 0.957
Seq_Frame0010_ForcepToReference-SequenceTransform =0.0368025 -0.932395 -0.359561 8.3669 -0.0964456 0.354812 -0.92995 62.0941 0.994658 0.0689026 -0.0768675 106.984 0 0 0 1 
Seq_Frame0010_ForcepToReference-SequenceTransformStatus = OK
Seq_Frame0010_Timestamp = 1.067
Seq_Frame0011_ForcepToReference-SequenceTransform =0.037912 -0.932529 -0.3591 8.38796 -0.0955881 0.354327 -0.930223 62.1573 0.994699 0.0695924 -0.0757054 106.942 0 0 0 1 
Seq_Frame0011_ForcepToReference-SequenceTransformStatus = OK
Seq_Frame0011_Timestamp = 1.172
Seq_Frame0012_ForcepToReference-SequenceTransform =0.0371678 -0.932492 -0.359273 8.34834 -0.0968427 0.354468 -0.93004 62.1528 0.994605 0.0693605 -0.0771302 107.036 0 0 0 1 
Seq_Frame0012_ForcepToReference-SequenceTransformStatus = OK
Seq_Frame0012_Timestamp = 1.277
Seq_Frame0013_ForcepToReference-SequenceTransform =0.0380223 -0.932553 -0.359025 8.34731 -0.097945 0.354076 -0.930073 62.1096 0.994465 0.0705282 -0.0778761 107.07 0 0 0 1 
Seq_Frame0013_ForcepToReference-SequenceTransformStatus = OK
Seq_Frame0013_Timestamp = 1.382
Seq_Frame0014_ForcepToReference-SequenceTransform =0.039554 -0.932646 -0.358619 8.39496 -0.0990112 0.353475 -0.930189 62.0824 0.9943 0.0722999 -0.078361 107.099 0 0 0 1 
Seq_Frame0014_ForcepToReference-SequenceTransformStatus = OK
Seq_Frame0014_Timestamp = 1.492
Seq_Frame0015_ForcepToReference-SequenceTransform =0.0442161 -0.932684 -0.357975 8.44292 -0.102823 0.352174 -0.930269 61.8894 0.993716 0.0779411 -0.08033 107.524 0 0 0 1 
Seq_Frame0015_ForcepToReference-SequenceTransformStatus = OK
Seq_Frame0015_Timestamp = 1.597
Seq_Frame0016_ForcepToReference-SequenceTransform =0.0420115 -0.93214 -0.359654 8.39851 -0.1032 0.353998 -0.929535 61.7802 0.993773 0.0761674 -0.0813249 107.344 0 0 0 1 
Seq_Frame0016_ForcepToReference-SequenceTransformStatus = OK
Seq_Frame0016_Timestamp = 1.707
Seq_Frame0017_ForcepToReference-SequenceTransform =0.0399389 -0.93215 -0.359862 8.40938 -0.104009 0.354315 -0.929324 61.7721 0.993774 0.0745451 -0.0828011 107.395 0 0 0 1 
Seq_Frame0017_ForcepToReference-SequenceTransformStatus = OK
Seq_Frame0017_Timestamp = 1.812
Seq_Frame0018_ForcepToReference-SequenceTransform =0.0382775 -0.932221 -0.359861 8.35729 -0.100604 0.3547 -0.929552 61.9819 0.99419 0.0717843 -0.0802078 107.175 0 0 0 1 
Seq_Frame0018_ForcepToReference-SequenceTransformStatus = OK
Seq_Frame0018_Timestamp = 1.922
Seq_Frame0019_ForcepToReference-SequenceTransform =0.0410214 -0.93262 -0.358522 8.46276 -0.098322 0.353314 -0.930324 62.1572 0.994309 0.0734138 -0.0772036 107.059 0 0 0 1 
Seq_Frame0019_ForcepToReference-SequenceTransformStatus = OK
Seq_Frame0019_Timestamp = 2.027
Seq_Frame0020_ForcepToReference-SequenceTransform =0.0391009 -0.932397 -0.359314 8.41102 -0.0984652 0.354243 -0.929955 62.0961 0.994372 0.0717421 -0.0779575 107.107 0 0 0 1 
Seq_Frame0020_ForcepToReference-SequenceTransformStatus = OK
Seq_Frame0020_Timestamp = 2.137
Seq_Frame0021_ForcepToReference-SequenceTransform =0.0395638 -0.932582 -0.358783 8.45543 -0.0975455 0.353744 -0.930242 62.2094 0.994444 0.0718015 -0.0769737 107.06 0 0 0 1 
Seq_Frame0021_ForcepToReference-SequenceTransformStatus = OK
Seq_Frame0021_Timestamp = 2.243
Seq_Frame0022_ForcepToReference-SequenceTransform =0.0377591 -0.932345 -0.359592 8.44926 -0.0987669 0.354605 -0.929785 62.1259 0.994394 0.0706237 -0.0786953 107.131 0 0 0 1 
Seq_Frame0022_ForcepToReference-SequenceTransformStatus = OK
Seq_Frame0022_Timestamp = 2.352
Seq_Frame0023_ForcepToReference-SequenceTransform =0.0388982 -0.932424 -0.359266 8.42349 -0.0990261 0.354172 -0.929923 62.0421 0.994324 0.0717491 -0.0785577 107.172 0 0 0 1 
Seq_Frame0023_ForcepToReference-SequenceTransformStatus = OK
Seq_Frame0023_Timestamp = 2.459
Seq_Frame0024_ForcepToReference-SequenceTransform =0.0595214 -0.940499 -0.334542 8.28798 -0.192799 0.317995 -0.928282 61.1088 0.979431 0.119752 -0.1624 108.463 0 0 0 1 
Seq_Frame0024_ForcepToReference-SequenceTransformStatus = OK
Seq_Frame0024_Timestamp = 2.567
Seq_Frame0025_ForcepToReference-SequenceTransform =0.0595214 -0.940499 -0.334542 8.28798 -0.192799 0.317995 -0.928282 61.1088 0.979431 0.119752 -0.1624 108.463 0 0 0 1 
Seq_Frame0025_ForcepToReference-SequenceTransformStatus = OK
Seq_Frame0025_Timestamp = 2.672
Seq_Frame0026_ForcepToReference-SequenceTransform =0.0595214 -0.940499 -0.334542 8.28798 -0.192799 0.317995 -0.928282 61.1088 0.979431 0.119752 -0.1624 108.463 0 0 0 1 
Seq_Frame0026_ForcepToReference-SequenceTransformStatus = OK
Seq_Frame0026_Timestamp = 2.777
Seq_Frame0027_ForcepToReference-SequenceTransform =0.0595214 -0.940499 -0.334542 8.28798 -0.192799 0.317995 -0.928282 61.1088 0.979431 0.119752 -0.1624 108.463 0 0 0 1 
Seq_Frame0027_ForcepToReference-SequenceTransformStatus = OK
Seq_Frame0027_Timestamp = 2.887
Seq_Frame0028_ForcepToReference-SequenceTransform =0.0595214 -0.940499 -0.334542 8.28798 -0.192799 0.317995 -0.928282 61.1088 0.979431 0.119752 -0.1624 108.463 0 0 0 1 
Seq_Frame0028_ForcepToReference-SequenceTransformStatus = OK
Seq_Frame0028_Timestamp = 2.997
Seq_Frame0029_ForcepToReference-SequenceTransform =0.0595214 -0.940499 -0.334542 8.28798 -0.192799 0.317995 -0.928282 61.1088 0.979431 0.119752 -0.1624 108.463 0 0 0 1 
Seq_Frame0029_ForcepToReference-SequenceTransformStatus = OK
Seq_Frame0029_Timestamp = 3.121
Seq_Frame0030_ForcepToReference-SequenceTransform =0.0595214 -0.940499 -0.334542 8.28798 -0.192799 0.317995 -0.928282 61.1088 0.979431 0.119752 -0.1624 108.463 0 0 0 1 
Seq_Frame0030_ForcepToReference-SequenceTransformStatus = OK
Seq_Frame0030_Timestamp = 3.227
Seq_Frame0031_ForcepToReference-SequenceTransform =0.0595214 -0.940499 -0.334542 8.28798 -0.192799 0.317995 -0.928282 61.1088 0.979431 0.119752 -0.1624 108.463 0 0 0 1 
Seq_Frame0031_ForcepToReference-SequenceTransformStatus = OK
Seq_Frame0031_Timestamp = 3.332
Seq_Frame0032_ForcepToReference-SequenceTransform =0.0595214 -0.940499 -0.334542 8.28798 -0.192799 0.317995 -0.928282 61.1088 0.979431 0.119752 -0.1624 108.463 0 0 0 1 
Seq_Frame0032_ForcepToReference-SequenceTransformStatus = OK
Seq_Frame0032_Timestamp = 3.437
Seq_Frame0033_ForcepToReference-SequenceTransform =0.0595214 -0.940499 -0.334542 8.28798 -0.192799 0.317995 -0.928282 61.1088 0.979431 0.119752 -0.1624 108.463 0 0 0 1 
Seq_Frame0033_ForcepToReference-SequenceTransformStatus = OK
Seq_Frame0033_Timestamp = 3.547
Seq_Frame0034_ForcepToReference-SequenceTransform =0.0595214 -0.940499 -0.334542 8.28798 -0.192799 0.317995 -0.928282 61.1088 0.979431 0.119752 -0.1624 108.463 0 0 0 1 
Seq_Frame0034_ForcepToReference-SequenceTransformStatus = OK
Seq_Frame0034_Timestamp = 3.652
Seq_Frame0035_ForcepToReference-SequenceTransform =0.0595214 -0.940499 -0.334542 8.28798 -0.192799 0.317995 -0.928282 61.1088 0.979431 0.119752 -0.1624 108.463 0 0 0 1 
Seq_Frame0035_ForcepToReference-SequenceTransformStatus = OK
Seq_Frame0035_Timestamp = 3.757
Seq_Frame0036_ForcepToReference-SequenceTransform =0.0595214 -0.940499 -0.334542 8.28798 -0.192799 0.317995 -0.928282 61.1088 0.979431 0.119752 -0.1624 108.463 0 0 0 1 
Seq_Frame0036_ForcepToReference-SequenceTransformStatus = OK
Seq_Frame0036_Timestamp = 3.862
Seq_Frame0037_ForcepToReference-SequenceTransform =0.0595214 -0.940499 -0.334542 8.28798 -0.192799 0.317995 -0.928282 61.1088 0.979431 0.119752 -0.1624 108.463 0 0 0 1 
Seq_Frame0037_ForcepToReference-SequenceTransformStatus = OK
Seq_Frame0037_Timestamp = 3.972
Seq_Frame0038_ForcepToReference-SequenceTransform =0.0595214 -0.940499 -0.334542 8.28798 -0.192799 0.317995 -0.928282 61.1088 0.979431 0.119752 -0.1624 108.463 0 0 0 1 
Seq_Frame0038_ForcepToReference-SequenceTransformStatus = OK
Seq_Frame0038_Timestamp = 4.082
Seq_Frame0039_ForcepToReference-SequenceTransform =0.0595214 -0.940499 -0.334542 8.28798 -0.192799 0.317995 -0.928282 61.1088 0.979431 0.119752 -0.1624 108.463 0 0 0 1 
Seq_Frame0039_ForcepToReference-SequenceTransformStatus = OK
Seq_Frame0039_Timestamp = 4.186
Seq_Frame0040_ForcepToReference-SequenceTransform =0.0595214 -0.940499 -0.334542 8.28798 -0.192799 0.317995 -0.928282 61.1088 0.979431 0.119752 -0.1624 108.463 0 0 0 1 
Seq_Frame0040_ForcepToReference-SequenceTransformStatus = OK
Seq_Frame0040_Timestamp = 4.297
Seq_Frame0041_ForcepToReference-SequenceTransform =0.0595214 -0.940499 -0.334542 8.28798 -0.192799 0.317995 -0.928282 61.1088 0.979431 0.119752 -0.1624 108.463 0 0 0 1 
Seq_Frame0041_ForcepToReference-SequenceTransformStatus = OK
Seq_Frame0041_Timestamp = 4.401
Seq_Frame0042_ForcepToReference-SequenceTransform =0.0595214 -0.940499 -0.334542 8.28798 -0.192799 0.317995 -0.928282 61.1088 0.979431 0.119752 -0.1624 108.463 0 0 0 1 
Seq_Frame0042_ForcepToReference-SequenceTransformStatus = OK
Seq_Frame0042_Timestamp = 4.506
Seq_Frame0043_ForcepToReference-SequenceTransform =0.0595214 -0.940499 -0.334542 8.28798 -0.192799 0.317995 -0.928282 61.1088 0.979431 0.119752 -0.1624 108.463 0 0 0 1 
Seq_Frame0043_ForcepToReference-SequenceTransformStatus = OK
Seq_Frame0043_Timestamp = 4.612
Seq_Frame0044_ForcepToReference-SequenceTransform =0.0595214 -0.940499 -0.334542 8.28798 -0.192799 0.317995 -0.928282 61.1088 0.979431 0.119752 -0.1624 108.463 0 0 0 1 
Seq_Frame0044_ForcepToReference-SequenceTransformStatus = OK
Seq_Frame0044_Timestamp = 4.721
Seq_Frame0045_ForcepToReference-SequenceTransform =0.0595214 -0.940499 -0.334542 8.28798 -0.192799 0.317995 -0.928282 61.1088 0.979431 0.119752 -0.1624 108.463 0 0 0 1 
Seq_Frame0045_ForcepToReference-SequenceTransformStatus = OK
Seq_Frame0045_Timestamp = 4.827
Seq_Frame0046_ForcepToReference-SequenceTransform =0.0595214 -0.940499 -0.334542 8.28798 -0.192799 0.317995 -0.928282 61.1088 0.979431 0.119752 -0.1624 108.463 0 0 0 1 
Seq_Frame0046_ForcepToReference-SequenceTransformStatus = OK
Seq_Frame0046_Timestamp = 4.936
Seq_Frame0047_ForcepToReference-SequenceTransform =0.0379728 -0.932016 -0.360424 8.41518 -0.0963668 0.355587 -0.929662 62.0298 0.994621 0.0700347 -0.0763127 107.045 0 0 0 1 
Seq_Frame0047_ForcepToReference-SequenceTransformStatus = OK
Seq_Frame0047_Timestamp = 5.042
Seq_Frame0048_ForcepToReference-SequenceTransform =0.0374776 -0.932166 -0.360086 8.41739 -0.100383 0.355004 -0.92946 61.9463 0.994243 0.0709803 -0.0802685 107.168 0 0 0 1 
Seq_Frame0048_ForcepToReference-SequenceTransformStatus = OK
Seq_Frame0048_Timestamp = 5.151
Seq_Frame0049_ForcepToReference-SequenceTransform =0.0390467 -0.932441 -0.359207 8.46266 -0.0991374 0.354092 -0.929941 62.1022 0.994307 0.071922 -0.0786136 107.039 0 0 0 1 
Seq_Frame0049_ForcepToReference-SequenceTransformStatus = OK
Seq_Frame0049_Timestamp = 5.257
Seq_Frame0050_ForcepToReference-SequenceTransform =0.0388634 -0.932505 -0.35906 8.46755 -0.0957174 0.354205 -0.930256 62.1762 0.99465 0.0705212 -0.0754914 107.206 0 0 0 1 
Seq_Frame0050_ForcepToReference-SequenceTransformStatus = OK
Seq_Frame0050_Timestamp = 5.367
Seq_Frame0051_ForcepToReference-SequenceTransform =0.0393111 -0.932617 -0.358721 8.4777 -0.0960992 0.353806 -0.930369 62.1838 0.994595 0.0710467 -0.0757151 107.227 0 0 0 1 
Seq_Frame0051_ForcepToReference-SequenceTransformStatus = OK
Seq_Frame0051_Timestamp = 5.472
Seq_Frame0052_ForcepToReference-SequenceTransform =0.0409578 -0.932673 -0.35839 8.47171 -0.0971094 0.353277 -0.930465 62.1777 0.994431 0.0729129 -0.0761019 107.14 0 0 0 1 
Seq_Frame0052_ForcepToReference-SequenceTransformStatus = OK
Seq_Frame0052_Timestamp = 5.582
Seq_Frame0053_ForcepToReference-SequenceTransform =0.0393852 -0.932591 -0.35878 8.45974 -0.0954076 0.353908 -0.930401 62.228 0.994659 0.0708744 -0.0750375 107.134 0 0 0 1 
Seq_Frame0053_ForcepToReference-SequenceTransformStatus = OK
Seq_Frame0053_Timestamp = 5.687
Seq_Frame0054_ForcepToReference-SequenceTransform =0.0416208 -0.932582 -0.358552 8.45877 -0.0962648 0.35345 -0.930487 62.1175 0.994485 0.0732435 -0.0750639 107.19 0 0 0 1 
Seq_Frame0054_ForcepToReference-SequenceTransformStatus = OK
Seq_Frame0054_Timestamp = 5.797
Seq_Frame0055_ForcepToReference-SequenceTransform =0.0399662 -0.932509 -0.358928 8.45185 -0.100814 0.353619 -0.929941 62.0977 0.994102 0.0733511 -0.079877 107.205 0 0 0 1 
Seq_Frame0055_ForcepToReference-SequenceTransformStatus = OK
Seq_Frame0055_Timestamp = 5.902
Seq_Frame0056_ForcepToReference-SequenceTransform =0.038267 -0.932324 -0.359593 8.42957 -0.0974669 0.354659 -0.929902 62.1166 0.994503 0.070633 -0.077299 107.091 0 0 0 1 
Seq_Frame0056_ForcepToReference-SequenceTransformStatus = OK
Seq_Frame0056_Timestamp = 6.007
Seq_Frame0057_ForcepToReference-SequenceTransform =0.0375324 -0.932229 -0.359918 8.43026 -0.0978511 0.355012 -0.929727 62.0363 0.994493 0.0701132 -0.0778951 107.098 0 0 0 1 
Seq_Frame0057_ForcepToReference-SequenceTransformStatus = OK
Seq_Frame0057_Timestamp = 6.117
Seq_Frame0058_ForcepToReference-SequenceTransform =0.0380916 -0.932426 -0.359347 8.4424 -0.102316 0.354079 -0.929602 62.0058 0.994022 0.0721771 -0.0819151 107.249 0 0 0 1 
Seq_Frame0058_ForcepToReference-SequenceTransformStatus = OK
Seq_Frame0058_Timestamp = 6.222
Seq_Frame0059_ForcepToReference-SequenceTransform =0.038581 -0.932437 -0.359268 8.42453 -0.100229 0.354112 -0.929817 62.0596 0.994216 0.0718823 -0.0797952 107.142 0 0 0 1 
Seq_Frame0059_ForcepToReference-SequenceTransformStatus = OK
Seq_Frame0059_Timestamp = 6.332
Seq_Frame0060_ForcepToReference-SequenceTransform =0.0413514 -0.932379 -0.35911 8.41742 -0.0981895 0.353885 -0.93012 62.028 0.994308 0.0737226 -0.0769161 107.164 0 0 0 1 
Seq_Frame0060_ForcepToReference-SequenceTransformStatus = OK
Seq_Frame0060_Timestamp = 6.437
Seq_Frame0061_ForcepToReference-SequenceTransform =0.0414523 -0.932431 -0.358963 8.41038 -0.0958235 0.353905 -0.930359 62.0456 0.994535 0.0729626 -0.0746786 107.156 0 0 0 1 
Seq_Frame0061_ForcepToReference-SequenceTransformStatus = OK
Seq_Frame0061_Timestamp = 6.542
Seq_Frame0062_ForcepToReference-SequenceTransform =0.0389642 -0.932379 -0.359376 8.38667 -0.0952919 0.354543 -0.930171 62.1194 0.994686 0.070489 -0.0750337 107.069 0 0 0 1 
Seq_Frame0062_ForcepToReference-SequenceTransformStatus = OK
Seq_Frame0062_Timestamp = 6.647
Seq_Frame0063_ForcepToReference-SequenceTransform =0.0395237 -0.93369 -0.355893 7.89668 -0.0838458 0.351816 -0.932306 63.3929 0.995695 0.0666884 -0.0643809 105.808 0 0 0 1 
Seq_Frame0063_ForcepToReference-SequenceTransformStatus = OK
Seq_Frame0063_Timestamp = 7.507
Seq_Frame0064_ForcepToReference-SequenceTransform =0.0395237 -0.93369 -0.355893 7.89668 -0.0838458 0.351816 -0.932306 63.3929 0.995695 0.0666884 -0.0643809 105.808 0 0 0 1 
Seq_Frame0064_ForcepToReference-SequenceTransformStatus = OK
Seq_Frame0064_Timestamp = 7.612
Seq_Frame0065_ForcepToReference-SequenceTransform =0.0424836 -0.932241 -0.359336 8.45225 -0.101463 0.353776 -0.929811 61.975 0.993932 0.0759611 -0.0795585 107.46 0 0 0 1 
Seq_Frame0065_ForcepToReference-SequenceTransformStatus = OK
Seq_Frame0065_Timestamp = 7.722
Seq_Frame0066_ForcepToReference-SequenceTransform =0.0421064 -0.932157 -0.359598 8.43293 -0.0981971 0.354314 -0.929957 61.7668 0.994276 0.0744686 -0.0766163 107.379 0 0 0 1 
Seq_Frame0066_ForcepToReference-SequenceTransformStatus = OK
Seq_Frame0066_Timestamp = 7.827
Seq_Frame0067_ForcepToReference-SequenceTransform =0.0407806 -0.932123 -0.359837 8.41878 -0.0967789 0.354759 -0.929936 61.9225 0.99447 0.072748 -0.0757426 107.33 0 0 0 1 
Seq_Frame0067_ForcepToReference-SequenceTransformStatus = OK
Seq_Frame0067_Timestamp = 7.932
Seq_Frame0068_ForcepToReference-SequenceTransform =0.0407503 -0.932135 -0.359809 8.40095 -0.0966913 0.35474 -0.929952 61.8325 0.99448 0.0726862 -0.0756736 107.385 0 0 0 1 
Seq_Frame0068_ForcepToReference-SequenceTransformStatus = OK
Seq_Frame0068_Timestamp = 8.037
Seq_Frame0069_ForcepToReference-SequenceTransform =0.0401906 -0.932114 -0.359928 8.39943 -0.0982788 0.354785 -0.929768 61.8563 0.994347 0.0727413 -0.077348 107.317 0 0 0 1 
Seq_Frame0069_ForcepToReference-SequenceTransformStatus = OK
Seq_Frame0069_Timestamp = 8.143
Seq_Frame0070_ForcepToReference-SequenceTransform =0.0400326 -0.932107 -0.359964 8.41198 -0.0980462 0.35485 -0.929768 61.8309 0.994376 0.0725141 -0.077184 107.309 0 0 0 1 
Seq_Frame0070_ForcepToReference-SequenceTransformStatus = OK
Seq_Frame0070_Timestamp = 8.247
Seq_Frame0071_ForcepToReference-SequenceTransform =0.0410765 -0.932153 -0.359727 8.43746 -0.0970378 0.354608 -0.929966 61.8376 0.994433 0.0731069 -0.075888 107.323 0 0 0 1 
Seq_Frame0071_ForcepToReference-SequenceTransformStatus = OK
Seq_Frame0071_Timestamp = 8.352
Seq_Frame0072_ForcepToReference-SequenceTransform =0.0392668 -0.931935 -0.360493 8.41547 -0.0999883 0.355296 -0.929391 61.8322 0.994213 0.0725393 -0.0792313 107.339 0 0 0 1 
Seq_Frame0072_ForcepToReference-SequenceTransformStatus = OK
Seq_Frame0072_Timestamp = 8.462
Seq_Frame0073_ForcepToReference-SequenceTransform =0.0395882 -0.932042 -0.360181 8.42465 -0.100187 0.354945 -0.929503 61.895 0.994181 0.0728828 -0.0793267 107.282 0 0 0 1 
Seq_Frame0073_ForcepToReference-SequenceTransformStatus = OK
Seq_Frame0073_Timestamp = 8.572
Seq_Frame0074_ForcepToReference-SequenceTransform =0.040861 -0.932186 -0.359666 8.40084 -0.0971087 0.354558 -0.929978 61.8546 0.994435 0.0729266 -0.0760357 107.295 0 0 0 1 
Seq_Frame0074_ForcepToReference-SequenceTransformStatus = OK
Seq_Frame0074_Timestamp = 8.677
Seq_Frame0075_ForcepToReference-SequenceTransform =0.0416216 -0.932211 -0.359514 8.43168 -0.096632 0.354383 -0.930094 61.8643 0.99445 0.0734526 -0.0753314 107.379 0 0 0 1 
Seq_Frame0075_ForcepToReference-SequenceTransformStatus = OK
Seq_Frame0075_Timestamp = 8.783
Seq_Frame0076_ForcepToReference-SequenceTransform =0.0417979 -0.932153 -0.359644 8.42181 -0.0974467 0.354439 -0.929988 61.9106 0.994363 0.0739176 -0.0760204 107.32 0 0 0 1 
Seq_Frame0076_ForcepToReference-SequenceTransformStatus = OK
Seq_Frame0076_Timestamp = 8.892
Seq_Frame0077_ForcepToReference-SequenceTransform =0.0423148 -0.932182 -0.359507 8.41745 -0.0974525 0.354263 -0.930054 61.9381 0.99434 0.07439 -0.075853 107.297 0 0 0 1 
Seq_Frame0077_ForcepToReference-SequenceTransformStatus = OK
Seq_Frame0077_Timestamp = 8.997
Seq_Frame0078_ForcepToReference-SequenceTransform =0.0400153 -0.932108 -0.359963 8.40165 -0.098393 0.354825 -0.929741 61.8301 0.994343 0.0726217 -0.0775145 107.28 0 0 0 1 
Seq_Frame0078_ForcepToReference-SequenceTransformStatus = OK
Seq_Frame0078_Timestamp = 9.107
Seq_Frame0079_ForcepToReference-SequenceTransform =0.0413694 -0.932258 -0.359422 8.41058 -0.0962224 0.354341 -0.930153 61.898 0.9945 0.0730643 -0.0750451 107.333 0 0 0 1 
Seq_Frame0079_ForcepToReference-SequenceTransformStatus = OK
Seq_Frame0079_Timestamp = 9.212
Seq_Frame0080_ForcepToReference-SequenceTransform =0.0419628 -0.932232 -0.359421 8.43193 -0.0965581 0.35427 -0.930145 61.8379 0.994442 0.0737364 -0.0751484 107.406 0 0 0 1 
Seq_Frame0080_ForcepToReference-SequenceTransformStatus = OK
Seq_Frame0080_Timestamp = 9.317
Seq_Frame0081_ForcepToReference-SequenceTransform =0.0407245 -0.932126 -0.359836 8.42042 -0.09553 0.354853 -0.930029 61.8813 0.994593 0.07225 -0.0745948 107.312 0 0 0 1 
Seq_Frame0081_ForcepToReference-SequenceTransformStatus = OK
Seq_Frame0081_Timestamp = 9.427
Seq_Frame0082_ForcepToReference-SequenceTransform =0.040886 -0.932245 -0.359511 8.39933 -0.0958056 0.354496 -0.930137 61.8962 0.99456 0.0724727 -0.0748203 107.334 0 0 0 1 
Seq_Frame0082_ForcepToReference-SequenceTransformStatus = OK
Seq_Frame0082_Timestamp = 9.531
Seq_Frame0083_ForcepToReference-SequenceTransform =0.0408461 -0.932161 -0.359733 8.41608 -0.0944931 0.354816 -0.930149 61.8882 0.994687 0.0719852 -0.0735899 107.302 0 0 0 1 
Seq_Frame0083_ForcepToReference-SequenceTransformStatus = OK
Seq_Frame0083_Timestamp = 9.636
Seq_Frame0084_ForcepToReference-SequenceTransform =0.0408445 -0.932028 -0.360076 8.41997 -0.0967913 0.354991 -0.929846 61.9017 0.994466 0.0728313 -0.0757128 107.297 0 0 0 1 
Seq_Frame0084_ForcepToReference-SequenceTransformStatus = OK
Seq_Frame0084_Timestamp = 9.742
Seq_Frame0085_ForcepToReference-SequenceTransform =0.0390083 -0.932039 -0.360253 8.39392 -0.0946334 0.355461 -0.929888 61.8749 0.994748 0.0703653 -0.074336 107.358 0 0 0 1 
Seq_Frame0085_ForcepToReference-SequenceTransformStatus = OK
Seq_Frame0085_Timestamp = 9.851
Seq_Frame0086_ForcepToReference-SequenceTransform =0.0403569 -0.93213 -0.359869 8.41173 -0.0920174 0.355165 -0.930264 61.8633 0.994939 0.0706568 -0.0714388 107.227 0 0 0 1 
Seq_Frame0086_ForcepToReference-SequenceTransformStatus = OK
Seq_Frame0086_Timestamp = 9.957
Seq_Frame0087_ForcepToReference-SequenceTransform =0.0371556 -0.932044 -0.360436 8.38005 -0.0875045 0.356265 -0.930279 61.9272 0.995471 0.0661048 -0.0683208 107.091 0 0 0 1 
Seq_Frame0087_ForcepToReference-SequenceTransformStatus = OK
Seq_Frame0087_Timestamp = 10.068
Seq_Frame0088_ForcepToReference-SequenceTransform =0.0364489 -0.932001 -0.360617 8.38089 -0.0865584 0.356556 -0.930255 61.9791 0.99558 0.0651213 -0.0676765 107.027 0 0 0 1 
Seq_Frame0088_ForcepToReference-SequenceTransformStatus = OK
Seq_Frame0088_Timestamp = 10.172
Seq_Frame0089_ForcepToReference-SequenceTransform =0.0360983 -0.931943 -0.360805 8.40214 -0.0877025 0.356693 -0.930096 61.9241 0.995492 0.0652184 -0.0688577 107.061 0 0 0 1 
Seq_Frame0089_ForcepToReference-SequenceTransformStatus = OK
Seq_Frame0089_Timestamp = 10.281
Seq_Frame0090_ForcepToReference-SequenceTransform =0.0377342 -0.932056 -0.360345 8.37146 -0.0889861 0.356035 -0.930226 61.9031 0.995318 0.067167 -0.0695053 107.125 0 0 0 1 
Seq_Frame0090_ForcepToReference-SequenceTransformStatus = OK
Seq_Frame0090_Timestamp = 10.386
Seq_Frame0091_ForcepToReference-SequenceTransform =0.0371546 -0.931916 -0.360766 8.40036 -0.0898209 0.356439 -0.929991 61.8746 0.995265 0.0669578 -0.0704622 107.158 0 0 0 1 
Seq_Frame0091_ForcepToReference-SequenceTransformStatus = OK
Seq_Frame0091_Timestamp = 10.497
Seq_Frame0092_ForcepToReference-SequenceTransform =0.0387344 -0.932188 -0.359895 8.38556 -0.0887128 0.355535 -0.930443 61.9805 0.995304 0.0679675 -0.0689256 107.109 0 0 0 1 
Seq_Frame0092_ForcepToReference-SequenceTransformStatus = OK
Seq_Frame0092_Timestamp = 10.606
Seq_Frame0093_ForcepToReference-SequenceTransform =0.0378985 -0.932113 -0.360178 8.40259 -0.0911501 0.35571 -0.930141 61.9115 0.995116 0.0680812 -0.0714813 107.169 0 0 0 1 
Seq_Frame0093_ForcepToReference-SequenceTransformStatus = OK
Seq_Frame0093_Timestamp = 10.712
Seq_Frame0094_ForcepToReference-SequenceTransform =0.0388776 -0.93218 -0.3599 8.40536 -0.090866 0.355382 -0.930294 61.9071 0.995104 0.0688703 -0.0708871 107.152 0 0 0 1 
Seq_Frame0094_ForcepToReference-SequenceTransformStatus = OK
Seq_Frame0094_Timestamp = 10.822
Seq_Frame0095_ForcepToReference-SequenceTransform =0.0388583 -0.932098 -0.360117 8.39503 -0.0908401 0.355601 -0.930213 61.909 0.995107 0.0688595 -0.0708538 107.169 0 0 0 1 
Seq_Frame0095_ForcepToReference-SequenceTransformStatus = OK
Seq_Frame0095_Timestamp = 10.926
Seq_Frame0096_ForcepToReference-SequenceTransform =0.0386312 -0.932106 -0.360118 8.39625 -0.0915335 0.355571 -0.930156 61.8872 0.995052 0.068896 -0.0715828 107.243 0 0 0 1 
Seq_Frame0096_ForcepToReference-SequenceTransformStatus = OK
Seq_Frame0096_Timestamp = 11.032
Seq_Frame0097_ForcepToReference-SequenceTransform =0.0387134 -0.932065 -0.360217 8.42394 -0.0936214 0.355519 -0.929969 61.9275 0.994855 0.0697263 -0.0734978 107.185 0 0 0 1 
Seq_Frame0097_ForcepToReference-SequenceTransformStatus = OK
Seq_Frame0097_Timestamp = 11.142
Seq_Frame0098_ForcepToReference-SequenceTransform =0.038268 -0.93213 -0.360097 8.40386 -0.0916194 0.35557 -0.930148 61.9421 0.995059 0.0685867 -0.0717942 107.147 0 0 0 1 
Seq_Frame0098_ForcepToReference-SequenceTransformStatus = OK
Seq_Frame0098_Timestamp = 11.247
Seq_Frame0099_ForcepToReference-SequenceTransform =0.038056 -0.932106 -0.360181 8.40114 -0.0917243 0.355662 -0.930103 61.8979 0.995057 0.0684334 -0.0719617 107.206 0 0 0 1 
Seq_Frame0099_ForcepToReference-SequenceTransformStatus = OK
Seq_Frame0099_Timestamp = 11.352
Seq_Frame0100_ForcepToReference-SequenceTransform =0.040198 -0.932257 -0.359558 8.40803 -0.0929054 0.354802 -0.930314 61.8913 0.994863 0.0708016 -0.0723493 107.237 0 0 0 1 
Seq_Frame0100_ForcepToReference-SequenceTransformStatus = OK
Seq_Frame0100_Timestamp = 11.457
Seq_Frame0101_ForcepToReference-SequenceTransform =0.0406065 -0.932224 -0.359595 8.41184 -0.0946648 0.354684 -0.930182 61.9178 0.994681 0.0718125 -0.0738464 107.269 0 0 0 1 
Seq_Frame0101_ForcepToReference-SequenceTransformStatus = OK
Seq_Frame0101_Timestamp = 11.567
Seq_Frame0102_ForcepToReference-SequenceTransform =0.0411405 -0.93221 -0.359572 8.43393 -0.0969422 0.354455 -0.930034 61.8553 0.994439 0.0731198 -0.075788 107.332 0 0 0 1 
Seq_Frame0102_ForcepToReference-SequenceTransformStatus = OK
Seq_Frame0102_Timestamp = 11.672
Seq_Frame0103_ForcepToReference-SequenceTransform =0.0411046 -0.932244 -0.359487 8.43259 -0.0962363 0.354425 -0.930119 61.8832 0.994509 0.0728279 -0.0751472 107.328 0 0 0 1 
Seq_Frame0103_ForcepToReference-SequenceTransformStatus = OK
Seq_Frame0103_Timestamp = 11.777
Seq_Frame0104_ForcepToReference-SequenceTransform =0.0415113 -0.932299 -0.359298 8.44532 -0.098618 0.354028 -0.930021 61.8866 0.994259 0.0740396 -0.0772453 107.379 0 0 0 1 
Seq_Frame0104_ForcepToReference-SequenceTransformStatus = OK
Seq_Frame0104_Timestamp = 11.885
Seq_Frame0105_ForcepToReference-SequenceTransform =0.0367651 -0.932072 -0.360404 8.41978 -0.0908269 0.356038 -0.930047 61.8673 0.995188 0.0669276 -0.0715674 107.151 0 0 0 1 
Seq_Frame0105_ForcepToReference-SequenceTransformStatus = OK
Seq_Frame0105_Timestamp = 11.987
Seq_Frame0106_ForcepToReference-SequenceTransform =0.0401047 -0.932108 -0.359954 8.49936 -0.0982621 0.354819 -0.929757 61.6254 0.994352 0.0726575 -0.0773609 107.523 0 0 0 1 
Seq_Frame0106_ForcepToReference-SequenceTransformStatus = OK
Seq_Frame0106_Timestamp = 12.098
Seq_Frame0107_ForcepToReference-SequenceTransform =0.0384085 -0.932204 -0.359889 8.41895 -0.101501 0.354652 -0.929473 61.8931 0.994094 0.0722288 -0.0809981 107.218 0 0 0 1 
Seq_Frame0107_ForcepToReference-SequenceTransformStatus = OK
Seq_Frame0107_Timestamp = 12.202
Seq_Frame0108_ForcepToReference-SequenceTransform =0.0373444 -0.931799 -0.36105 8.43388 -0.103313 0.355766 -0.928847 62.0471 0.993948 0.0719886 -0.0829814 107.096 0 0 0 1 
Seq_Frame0108_ForcepToReference-SequenceTransformStatus = OK
Seq_Frame0108_Timestamp = 12.307
Seq_Frame0109_ForcepToReference-SequenceTransform =0.0411119 -0.932271 -0.359417 8.4325 -0.0963795 0.354344 -0.930135 62.0219 0.994495 0.07288 -0.0752841 107.277 0 0 0 1 
Seq_Frame0109_ForcepToReference-SequenceTransformStatus = OK
Seq_Frame0109_Timestamp = 12.417
Seq_Frame0110_ForcepToReference-SequenceTransform =0.0369344 -0.932095 -0.360326 8.41533 -0.0929926 0.355802 -0.929923 62.0493 0.994982 0.0678538 -0.0735366 107.025 0 0 0 1 
Seq_Frame0110_ForcepToReference-SequenceTransformStatus = OK
Seq_Frame0110_Timestamp = 12.522
Seq_Frame0111_ForcepToReference-SequenceTransform =0.0422642 -0.93252 -0.358636 8.435 -0.109364 0.352482 -0.929406 61.9547 0.993103 0.0785024 -0.0870866 107.593 0 0 0 1 
Seq_Frame0111_ForcepToReference-SequenceTransformStatus = OK
Seq_Frame0111_Timestamp = 12.632
Seq_Frame0112_ForcepToReference-SequenceTransform =0.0605652 -0.935561 -0.347933 8.50133 -0.173155 0.33344 -0.926733 61.28 0.983031 0.116374 -0.141803 108.51 0 0 0 1 
Seq_Frame0112_ForcepToReference-SequenceTransformStatus = OK
Seq_Frame0112_Timestamp = 12.737
Seq_Frame0113_ForcepToReference-SequenceTransform =0.0605652 -0.935561 -0.347933 8.50133 -0.173155 0.33344 -0.926733 61.28 0.983031 0.116374 -0.141803 108.51 0 0 0 1 
Seq_Frame0113_ForcepToReference-SequenceTransformStatus = OK
Seq_Frame0113_Timestamp = 12.842
Seq_Frame0114_ForcepToReference-SequenceTransform =0.0605652 -0.935561 -0.347933 8.50133 -0.173155 0.33344 -0.926733 61.28 0.983031 0.116374 -0.141803 108.51 0 0 0 1 
Seq_Frame0114_ForcepToReference-SequenceTransformStatus = OK
Seq_Frame0114_Timestamp = 12.947
Seq_Frame0115_ForcepToReference-SequenceTransform =0.0605652 -0.935561 -0.347933 8.50133 -0.173155 0.33344 -0.926733 61.28 0.983031 0.116374 -0.141803 108.51 0 0 0 1 
Seq_Frame0115_ForcepToReference-SequenceTransformStatus = OK
Seq_Frame0115_Timestamp = 13.052
Seq_Frame0116_ForcepToReference-SequenceTransform =0.0605652 -0.935561 -0.347933 8.50133 -0.173155 0.33344 -0.926733 61.28 0.983031 0.116374 -0.141803 108.51 0 0 0 1 
Seq_Frame0116_ForcepToReference-SequenceTransformStatus = OK
Seq_Frame0116_Timestamp = 13.157
Seq_Frame0117_ForcepToReference-SequenceTransform =0.0605652 -0.935561 -0.347933 8.50133 -0.173155 0.33344 -0.926733 61.28 0.983031 0.116374 -0.141803 108.51 0 0 0 1 
Seq_Frame0117_ForcepToReference-SequenceTransformStatus = OK
Seq_Frame0117_Timestamp = 13.267
Seq_Frame0118_ForcepToReference-SequenceTransform =0.0605652 -0.935561 -0.347933 8.50133 -0.173155 0.33344 -0.926733 61.28 0.983031 0.116374 -0.141803 108.51 0 0 0 1 
Seq_Frame0118_ForcepToReference-SequenceTransformStatus = OK
Seq_Frame0118_Timestamp = 13.401
Seq_Frame0119_ForcepToReference-SequenceTransform =0.0605652 -0.935561 -0.347933 8.50133 -0.173155 0.33344 -0.926733 61.28 0.983031 0.116374 -0.141803 108.51 0 0 0 1 
Seq_Frame0119_ForcepToReference-SequenceTransformStatus = OK
Seq_Frame0119_Timestamp = 13.506
Seq_Frame0120_ForcepToReference-SequenceTransform =0.0605652 -0.935561 -0.347933 8.50133 -0.173155 0.33344 -0.926733 61.28 0.983031 0.116374 -0.141803 108.51 0 0 0 1 
Seq_Frame0120_ForcepToReference-SequenceTransformStatus = OK
Seq_Frame0120_Timestamp = 13.612
Seq_Frame0121_ForcepToReference-SequenceTransform =0.0605652 -0.935561 -0.347933 8.50133 -0.173155 0.33344 -0.926733 61.28 0.983031 0.116374 -0.141803 108.51 0 0 0 1 
Seq_Frame0121_ForcepToReference-SequenceTransformStatus = OK
Seq_Frame0121_Timestamp = 13.721
Seq_Frame0122_ForcepToReference-SequenceTransform =0.0605652 -0.935561 -0.347933 8.50133 -0.173155 0.33344 -0.926733 61.28 0.983031 0.116374 -0.141803 108.51 0 0 0 1 
Seq_Frame0122_ForcepToReference-SequenceTransformStatus = OK
Seq_Frame0122_Timestamp = 13.827
Seq_Frame0123_ForcepToReference-SequenceTransform =0.0605652 -0.935561 -0.347933 8.50133 -0.173155 0.33344 -0.926733 61.28 0.983031 0.116374 -0.141803 108.51 0 0 0 1 
Seq_Frame0123_ForcepToReference-SequenceTransformStatus = OK
Seq_Frame0123_Timestamp = 13.936
Seq_Frame0124_ForcepToReference-SequenceTransform =0.0605652 -0.935561 -0.347933 8.50133 -0.173155 0.33344 -0.926733 61.28 0.983031 0.116374 -0.141803 108.51 0 0 0 1 
Seq_Frame0124_ForcepToReference-SequenceTransformStatus = OK
Seq_Frame0124_Timestamp = 14.042
Seq_Frame0125_ForcepToReference-SequenceTransform =0.0605652 -0.935561 -0.347933 8.50133 -0.173155 0.33344 -0.926733 61.28 0.983031 0.116374 -0.141803 108.51 0 0 0 1 
Seq_Frame0125_ForcepToReference-SequenceTransformStatus = OK
Seq_Frame0125_Timestamp = 14.152
Seq_Frame0126_ForcepToReference-SequenceTransform =0.0605652 -0.935561 -0.347933 8.50133 -0.173155 0.33344 -0.926733 61.28 0.983031 0.116374 -0.141803 108.51 0 0 0 1 
Seq_Frame0126_ForcepToReference-SequenceTransformStatus = OK
Seq_Frame0126_Timestamp = 14.257
Seq_Frame0127_ForcepToReference-SequenceTransform =0.0605652 -0.935561 -0.347933 8.50133 -0.173155 0.33344 -0.926733 61.28 0.983031 0.116374 -0.141803 108.51 0 0 0 1 
Seq_Frame0127_ForcepToReference-SequenceTransformStatus = OK
Seq_Frame0127_Timestamp = 14.361
Seq_Frame0128_ForcepToReference-SequenceTransform =0.0605652 -0.935561 -0.347933 8.50133 -0.173155 0.33344 -0.926733 61.28 0.983031 0.116374 -0.141803 108.51 0 0 0 1 
Seq_Frame0128_ForcepToReference-SequenceTransformStatus = OK
Seq_Frame0128_Timestamp = 14.467
Seq_Frame0129_ForcepToReference-SequenceTransform =0.0605652 -0.935561 -0.347933 8.50133 -0.173155 0.33344 -0.926733 61.28 0.983031 0.116374 -0.141803 108.51 0 0 0 1 
Seq_Frame0129_ForcepToReference-SequenceTransformStatus = OK
Seq_Frame0129_Timestamp = 14.577
Seq_Frame0130_ForcepToReference-SequenceTransform =-0.471772 -0.685279 -0.554819 44.9033 0.750263 -0.642549 0.155676 152.168 -0.463181 -0.342817 0.817276 0.586156 0 0 0 1 
Seq_Frame0130_ForcepToReference-SequenceTransformStatus = OK
Seq_Frame0130_Timestamp = 14.682
Seq_Frame0131_ForcepToReference-SequenceTransform =-0.321779 -0.742375 -0.587654 63.4469 0.749837 -0.578773 0.320572 153.023 -0.578103 -0.337491 0.742898 16.6787 0 0 0 1 
Seq_Frame0131_ForcepToReference-SequenceTransformStatus = OK
Seq_Frame0131_Timestamp = 14.787
Seq_Frame0132_ForcepToReference-SequenceTransform =-0.321779 -0.742375 -0.587654 63.4469 0.749837 -0.578773 0.320572 153.023 -0.578103 -0.337491 0.742898 16.6787 0 0 0 1 
Seq_Frame0132_ForcepToReference-SequenceTransformStatus = OK
Seq_Frame0132_Timestamp = 15.151
Seq_Frame0133_ForcepToReference-SequenceTransform =-0.321779 -0.742375 -0.587654 63.4469 0.749837 -0.578773 0.320572 153.023 -0.578103 -0.337491 0.742898 16.6787 0 0 0 1 
Seq_Frame0133_ForcepToReference-SequenceTransformStatus = OK
Seq_Frame0133_Timestamp = 15.257
Seq_Frame0134_ForcepToReference-SequenceTransform =-0.321779 -0.742375 -0.587654 63.4469 0.749837 -0.578773 0.320572 153.023 -0.578103 -0.337491 0.742898 16.6787 0 0 0 1 
Seq_Frame0134_ForcepToReference-SequenceTransformStatus = OK
Seq_Frame0134_Timestamp = 15.362
Seq_Frame0135_ForcepToReference-SequenceTransform =-0.321779 -0.742375 -0.587654 63.4469 0.749837 -0.578773 0.320572 153.023 -0.578103 -0.337491 0.742898 16.6787 0 0 0 1 
Seq_Frame0135_ForcepToReference-SequenceTransformStatus = OK
Seq_Frame0135_Timestamp = 15.996
Seq_Frame0136_ForcepToReference-SequenceTransform =-0.321779 -0.742375 -0.587654 63.4469 0.749837 -0.578773 0.320572 153.023 -0.578103 -0.337491 0.742898 16.6787 0 0 0 1 
Seq_Frame0136_ForcepToReference-SequenceTransformStatus = OK
Seq_Frame0136_Timestamp = 16.107
Seq_Frame0137_ForcepToReference-SequenceTransform =-0.321779 -0.742375 -0.587654 63.4469 0.749837 -0.578773 0.320572 153.023 -0.578103 -0.337491 0.742898 16.6787 0 0 0 1 
Seq_Frame0137_ForcepToReference-SequenceTransformStatus = OK
Seq_Frame0137_Timestamp = 16.212
Seq_Frame0138_ForcepToReference-SequenceTransform =-0.321779 -0.742375 -0.587654 63.4469 0.749837 -0.578773 0.320572 153.023 -0.578103 -0.337491 0.742898 16.6787 0 0 0 1 
Seq_Frame0138_ForcepToReference-SequenceTransformStatus = OK
Seq_Frame0138_Timestamp = 16.317
Seq_Frame0139_ForcepToReference-SequenceTransform =-0.260545 -0.950807 0.16758 33.9929 -0.266489 0.237656 0.934079 187.574 -0.927955 0.198711 -0.315299 191.001 0 0 0 1 
Seq_Frame0139_ForcepToReference-SequenceTransformStatus = OK
Seq_Frame0139_Timestamp = 17.582
Seq_Frame0140_ForcepToReference-SequenceTransform =-0.310522 -0.934154 0.175875 32.6487 -0.263957 0.262483 0.928132 185.492 -0.913183 0.241782 -0.328084 188.87 0 0 0 1 
Seq_Frame0140_ForcepToReference-SequenceTransformStatus = OK
Seq_Frame0140_Timestamp = 17.687
Seq_Frame0141_ForcepToReference-SequenceTransform =-0.267057 -0.933706 0.238483 33.1755 -0.262899 0.308673 0.914114 185.254 -0.927127 0.181424 -0.327903 189.585 0 0 0 1 
Seq_Frame0141_ForcepToReference-SequenceTransformStatus = OK
Seq_Frame0141_Timestamp = 17.792
Seq_Frame0142_ForcepToReference-SequenceTransform =-0.228465 -0.856379 -0.463053 41.9791 0.754494 -0.456335 0.471696 120.978 -0.615258 -0.241605 0.75039 1.19936 0 0 0 1 
Seq_Frame0142_ForcepToReference-SequenceTransformStatus = OK
Seq_Frame0142_Timestamp = 17.902
Seq_Frame0143_ForcepToReference-SequenceTransform =-0.471144 -0.851514 -0.230103 26.2351 0.783025 -0.523862 0.335322 120.96 -0.406073 -0.0221916 0.913571 0.501377 0 0 0 1 
Seq_Frame0143_ForcepToReference-SequenceTransformStatus = OK
Seq_Frame0143_Timestamp = 18.007
Seq_Frame0144_ForcepToReference-SequenceTransform =-0.471144 -0.851514 -0.230103 26.2351 0.783025 -0.523862 0.335322 120.96 -0.406073 -0.0221916 0.913571 0.501377 0 0 0 1 
Seq_Frame0144_ForcepToReference-SequenceTransformStatus = OK
Seq_Frame0144_Timestamp = 18.117
Seq_Frame0145_ForcepToReference-SequenceTransform =0.085873 -0.716489 -0.692292 43.7414 0.417924 -0.604866 0.677847 106.812 -0.904414 -0.347535 0.247497 -14.6732 0 0 0 1 
Seq_Frame0145_ForcepToReference-SequenceTransformStatus = OK
Seq_Frame0145_Timestamp = 18.222
Seq_Frame0146_ForcepToReference-SequenceTransform =-0.321917 -0.461027 -0.826936 45.7312 0.459509 -0.839741 0.289285 120.432 -0.827781 -0.286859 0.482173 -16.6479 0 0 0 1 
Seq_Frame0146_ForcepToReference-SequenceTransformStatus = OK
Seq_Frame0146_Timestamp = 18.372
Seq_Frame0147_ForcepToReference-SequenceTransform =-0.20124 -0.530239 -0.82362 48.1017 0.48991 -0.782586 0.384119 118.748 -0.848228 -0.326199 0.417257 -16.697 0 0 0 1 
Seq_Frame0147_ForcepToReference-SequenceTransformStatus = OK
Seq_Frame0147_Timestamp = 18.477
Seq_Frame0148_ForcepToReference-SequenceTransform =-0.331316 -0.871457 0.361652 34.9778 -0.203735 0.440336 0.874412 183.63 -0.921261 0.216025 -0.323436 189.036 0 0 0 1 
Seq_Frame0148_ForcepToReference-SequenceTransformStatus = OK
Seq_Frame0148_Timestamp = 18.606
Seq_Frame0149_ForcepToReference-SequenceTransform =-0.145524 -0.876485 0.458909 34.8179 -0.24628 0.481338 0.841225 183.85 -0.958211 0.00939894 -0.285907 192.769 0 0 0 1 
Seq_Frame0149_ForcepToReference-SequenceTransformStatus = OK
Seq_Frame0149_Timestamp = 18.716
