ObjectType = Image
NDims = 3
AnatomicalOrientation = RAI
BinaryData = True
CompressedData = False
DimSize = 0 0 3042
ElementSpacing = 1 1 1
Offset = 0 0 0
TransformMatrix = 1 0 0 0 1 0 0 0 1
ElementType = MET_UCHAR
Kinds = domain domain list
Seq_Frame0000_ForcepToReference-SequenceTransform =0.533851 -0.495704 -0.68504 34.9143 0.332914 -0.621496 0.709162 -21.3365 -0.777285 -0.606646 -0.166759 -30.9737 0 0 0 1 
Seq_Frame0000_ForcepToReference-SequenceTransformStatus = OK
Seq_Frame0000_Timestamp = 0.0079999
Seq_Frame0001_ForcepToReference-SequenceTransform =0.53381 -0.4956 -0.685147 34.9245 0.333936 -0.620838 0.709258 -21.3418 -0.776874 -0.607405 -0.165911 -30.9652 0 0 0 1 
Seq_Frame0001_ForcepToReference-SequenceTransformStatus = OK
Seq_Frame0001_Timestamp = 0.109
Seq_Frame0002_ForcepToReference-SequenceTransform =0.533561 -0.496023 -0.685035 34.9078 0.332227 -0.621935 0.709099 -21.3172 -0.777777 -0.605935 -0.167048 -30.9904 0 0 0 1 
Seq_Frame0002_ForcepToReference-SequenceTransformStatus = OK
Seq_Frame0002_Timestamp = 0.218
Seq_Frame0003_ForcepToReference-SequenceTransform =0.533964 -0.495847 -0.684849 34.9279 0.333639 -0.620691 0.709526 -21.3517 -0.776896 -0.607354 -0.165993 -30.9629 0 0 0 1 
Seq_Frame0003_ForcepToReference-SequenceTransformStatus = OK
Seq_Frame0003_Timestamp = 0.323
Seq_Frame0004_ForcepToReference-SequenceTransform =0.534378 -0.495455 -0.68481 34.9301 0.333326 -0.621006 0.709398 -21.36 -0.776746 -0.607352 -0.166704 -30.9323 0 0 0 1 
Seq_Frame0004_ForcepToReference-SequenceTransformStatus = OK
Seq_Frame0004_Timestamp = 0.433
Seq_Frame0005_ForcepToReference-SequenceTransform =0.533047 -0.495766 -0.685622 34.9142 0.328855 -0.625232 0.707771 -21.3616 -0.779561 -0.602745 -0.170243 -30.958 0 0 0 1 
Seq_Frame0005_ForcepToReference-SequenceTransformStatus = OK
Seq_Frame0005_Timestamp = 0.538
Seq_Frame0006_ForcepToReference-SequenceTransform =0.533255 -0.495816 -0.685423 34.9109 0.331841 -0.622696 0.708612 -21.3613 -0.778152 -0.605323 -0.167524 -30.9086 0 0 0 1 
Seq_Frame0006_ForcepToReference-SequenceTransformStatus = OK
Seq_Frame0006_Timestamp = 0.643
Seq_Frame0007_ForcepToReference-SequenceTransform =0.53476 -0.496412 -0.683818 34.9045 0.334525 -0.618763 0.710792 -21.2737 -0.775967 -0.608857 -0.164828 -31.0522 0 0 0 1 
Seq_Frame0007_ForcepToReference-SequenceTransformStatus = OK
Seq_Frame0007_Timestamp = 0.764
Seq_Frame0008_ForcepToReference-SequenceTransform =0.53446 -0.4955 -0.684714 34.9173 0.332775 -0.621324 0.709378 -21.3442 -0.776926 -0.60699 -0.167183 -30.9709 0 0 0 1 
Seq_Frame0008_ForcepToReference-SequenceTransformStatus = OK
Seq_Frame0008_Timestamp = 0.878
Seq_Frame0009_ForcepToReference-SequenceTransform =0.534238 -0.495089 -0.685184 34.9317 0.332418 -0.622208 0.708771 -21.3637 -0.777231 -0.60642 -0.16783 -30.9727 0 0 0 1 
Seq_Frame0009_ForcepToReference-SequenceTransformStatus = OK
Seq_Frame0009_Timestamp = 0.988
Seq_Frame0010_ForcepToReference-SequenceTransform =0.534685 -0.494882 -0.684984 34.9354 0.332693 -0.621845 0.70896 -21.3599 -0.776806 -0.60696 -0.167848 -30.9995 0 0 0 1 
Seq_Frame0010_ForcepToReference-SequenceTransformStatus = OK
Seq_Frame0010_Timestamp = 1.093
Seq_Frame0011_ForcepToReference-SequenceTransform =0.534647 -0.495212 -0.684775 34.9279 0.3326 -0.621607 0.709212 -21.3473 -0.776872 -0.606935 -0.167633 -31.0105 0 0 0 1 
Seq_Frame0011_ForcepToReference-SequenceTransformStatus = OK
Seq_Frame0011_Timestamp = 1.203
Seq_Frame0012_ForcepToReference-SequenceTransform =0.533736 -0.49589 -0.684995 34.9025 0.333454 -0.620974 0.709365 -21.3344 -0.777132 -0.607028 -0.16608 -30.9841 0 0 0 1 
Seq_Frame0012_ForcepToReference-SequenceTransformStatus = OK
Seq_Frame0012_Timestamp = 1.308
Seq_Frame0013_ForcepToReference-SequenceTransform =0.533777 -0.496052 -0.684846 34.9064 0.334193 -0.620197 0.709698 -21.3235 -0.776787 -0.607691 -0.16527 -30.9692 0 0 0 1 
Seq_Frame0013_ForcepToReference-SequenceTransformStatus = OK
Seq_Frame0013_Timestamp = 1.419
Seq_Frame0014_ForcepToReference-SequenceTransform =0.53339 -0.495935 -0.685232 34.9044 0.334595 -0.620317 0.709404 -21.3137 -0.776879 -0.607664 -0.164933 -31.0114 0 0 0 1 
Seq_Frame0014_ForcepToReference-SequenceTransformStatus = OK
Seq_Frame0014_Timestamp = 1.531
Seq_Frame0015_ForcepToReference-SequenceTransform =0.53428 -0.4958 -0.684637 34.9198 0.332373 -0.621473 0.709436 -21.3617 -0.777222 -0.606592 -0.16725 -30.9262 0 0 0 1 
Seq_Frame0015_ForcepToReference-SequenceTransformStatus = OK
Seq_Frame0015_Timestamp = 1.649
Seq_Frame0016_ForcepToReference-SequenceTransform =0.533775 -0.495769 -0.685053 34.9222 0.33276 -0.62161 0.709134 -21.3513 -0.777403 -0.606476 -0.166827 -30.9614 0 0 0 1 
Seq_Frame0016_ForcepToReference-SequenceTransformStatus = OK
Seq_Frame0016_Timestamp = 1.754
Seq_Frame0017_ForcepToReference-SequenceTransform =0.533788 -0.495879 -0.684963 34.9117 0.333708 -0.620746 0.709445 -21.3338 -0.776988 -0.607271 -0.165868 -30.9853 0 0 0 1 
Seq_Frame0017_ForcepToReference-SequenceTransformStatus = OK
Seq_Frame0017_Timestamp = 1.858
Seq_Frame0018_ForcepToReference-SequenceTransform =0.533444 -0.496026 -0.685124 34.9138 0.333967 -0.620669 0.709391 -21.3301 -0.777112 -0.60723 -0.165436 -30.9663 0 0 0 1 
Seq_Frame0018_ForcepToReference-SequenceTransformStatus = OK
Seq_Frame0018_Timestamp = 1.969
Seq_Frame0019_ForcepToReference-SequenceTransform =0.534062 -0.495551 -0.684987 34.9127 0.332901 -0.621495 0.709169 -21.3278 -0.777146 -0.606773 -0.166948 -30.9995 0 0 0 1 
Seq_Frame0019_ForcepToReference-SequenceTransformStatus = OK
Seq_Frame0019_Timestamp = 2.078
Seq_Frame0020_ForcepToReference-SequenceTransform =0.53359 -0.496104 -0.684954 34.9038 0.333308 -0.620985 0.709424 -21.3209 -0.777295 -0.606843 -0.165996 -30.995 0 0 0 1 
Seq_Frame0020_ForcepToReference-SequenceTransformStatus = OK
Seq_Frame0020_Timestamp = 2.183
Seq_Frame0021_ForcepToReference-SequenceTransform =0.532421 -0.495748 -0.686121 34.9091 0.333972 -0.62178 0.708416 -21.3542 -0.777812 -0.60632 -0.165483 -30.9443 0 0 0 1 
Seq_Frame0021_ForcepToReference-SequenceTransformStatus = OK
Seq_Frame0021_Timestamp = 2.289
Seq_Frame0022_ForcepToReference-SequenceTransform =0.518322 0.0670474 -0.852553 41.966 0.706328 0.528467 0.470982 126.523 0.482124 -0.846302 0.226559 -31.3257 0 0 0 1 
Seq_Frame0022_ForcepToReference-SequenceTransformStatus = OK
Seq_Frame0022_Timestamp = 2.958
Seq_Frame0023_ForcepToReference-SequenceTransform =-0.131714 -0.554503 -0.821692 -73.0573 0.891624 -0.428508 0.146247 157.629 -0.433196 -0.713377 0.550848 -89.927 0 0 0 1 
Seq_Frame0023_ForcepToReference-SequenceTransformStatus = OK
Seq_Frame0023_Timestamp = 3.068
Seq_Frame0024_ForcepToReference-SequenceTransform =-0.372331 -0.649477 -0.662985 -116.189 0.705539 -0.662178 0.252457 137.164 -0.602979 -0.373765 0.704781 -89.7501 0 0 0 1 
Seq_Frame0024_ForcepToReference-SequenceTransformStatus = OK
Seq_Frame0024_Timestamp = 3.173
Seq_Frame0025_ForcepToReference-SequenceTransform =-0.384864 -0.823289 -0.417223 -211.006 0.477149 -0.564424 0.673613 90.9697 -0.790068 0.0601719 0.610059 -38.6286 0 0 0 1 
Seq_Frame0025_ForcepToReference-SequenceTransformStatus = OK
Seq_Frame0025_Timestamp = 3.283
Seq_Frame0026_ForcepToReference-SequenceTransform =-0.26718 -0.914648 -0.30337 -224.462 0.412764 -0.393096 0.821645 92.1213 -0.87077 0.0943076 0.482561 -22.7119 0 0 0 1 
Seq_Frame0026_ForcepToReference-SequenceTransformStatus = OK
Seq_Frame0026_Timestamp = 3.394
Seq_Frame0027_ForcepToReference-SequenceTransform =-0.038418 -0.822712 -0.567159 -200.721 0.389623 -0.534989 0.749654 95.2207 -0.920173 -0.192178 0.3411 -23.9792 0 0 0 1 
Seq_Frame0027_ForcepToReference-SequenceTransformStatus = OK
Seq_Frame0027_Timestamp = 3.499
Seq_Frame0028_ForcepToReference-SequenceTransform =0.0648264 -0.789024 -0.610933 -197.166 0.595336 -0.460755 0.65824 119.092 -0.800857 -0.406382 0.439865 -36.4107 0 0 0 1 
Seq_Frame0028_ForcepToReference-SequenceTransformStatus = OK
Seq_Frame0028_Timestamp = 3.608
Seq_Frame0029_ForcepToReference-SequenceTransform =0.0648264 -0.789024 -0.610933 -197.166 0.595336 -0.460755 0.65824 119.092 -0.800857 -0.406382 0.439865 -36.4107 0 0 0 1 
Seq_Frame0029_ForcepToReference-SequenceTransformStatus = OK
Seq_Frame0029_Timestamp = 3.718
Seq_Frame0030_ForcepToReference-SequenceTransform =0.0648264 -0.789024 -0.610933 -197.166 0.595336 -0.460755 0.65824 119.092 -0.800857 -0.406382 0.439865 -36.4107 0 0 0 1 
Seq_Frame0030_ForcepToReference-SequenceTransformStatus = OK
Seq_Frame0030_Timestamp = 3.828
Seq_Frame0031_ForcepToReference-SequenceTransform =0.0648264 -0.789024 -0.610933 -197.166 0.595336 -0.460755 0.65824 119.092 -0.800857 -0.406382 0.439865 -36.4107 0 0 0 1 
Seq_Frame0031_ForcepToReference-SequenceTransformStatus = OK
Seq_Frame0031_Timestamp = 3.938
Seq_Frame0032_ForcepToReference-SequenceTransform =0.0648264 -0.789024 -0.610933 -197.166 0.595336 -0.460755 0.65824 119.092 -0.800857 -0.406382 0.439865 -36.4107 0 0 0 1 
Seq_Frame0032_ForcepToReference-SequenceTransformStatus = OK
Seq_Frame0032_Timestamp = 4.048
Seq_Frame0033_ForcepToReference-SequenceTransform =-0.721484 0.0363 -0.691479 -195.667 0.0139064 -0.997664 -0.0668833 97.7577 -0.692292 -0.0578712 0.719294 -88.7992 0 0 0 1 
Seq_Frame0033_ForcepToReference-SequenceTransformStatus = OK
Seq_Frame0033_Timestamp = 4.158
Seq_Frame0034_ForcepToReference-SequenceTransform =-0.859074 -0.0489331 -0.509507 -207.019 -0.0413225 -0.98554 0.164325 80.8696 -0.51018 0.162221 0.84463 -76.7635 0 0 0 1 
Seq_Frame0034_ForcepToReference-SequenceTransformStatus = OK
Seq_Frame0034_Timestamp = 4.268
Seq_Frame0035_ForcepToReference-SequenceTransform =-0.825013 -0.35599 -0.438891 -223.103 0.221391 -0.918165 0.328571 67.6175 -0.519942 0.173909 0.836311 -72.0332 0 0 0 1 
Seq_Frame0035_ForcepToReference-SequenceTransformStatus = OK
Seq_Frame0035_Timestamp = 4.378
Seq_Frame0036_ForcepToReference-SequenceTransform =-0.546714 -0.550618 -0.630812 -204.906 0.202368 -0.817927 0.538557 56.7934 -0.812497 0.16678 0.558599 -73.4956 0 0 0 1 
Seq_Frame0036_ForcepToReference-SequenceTransformStatus = OK
Seq_Frame0036_Timestamp = 4.483
Seq_Frame0037_ForcepToReference-SequenceTransform =-0.456969 -0.619169 -0.638599 -201.474 0.346021 -0.785137 0.513643 73.3747 -0.81942 0.0137509 0.573029 -81.1469 0 0 0 1 
Seq_Frame0037_ForcepToReference-SequenceTransformStatus = OK
Seq_Frame0037_Timestamp = 4.59
Seq_Frame0038_ForcepToReference-SequenceTransform =-0.37564 -0.734947 -0.564578 -206.011 0.40752 -0.678125 0.611616 85.3476 -0.832359 -0.000329152 0.554236 -81.8818 0 0 0 1 
Seq_Frame0038_ForcepToReference-SequenceTransformStatus = OK
Seq_Frame0038_Timestamp = 4.703
Seq_Frame0039_ForcepToReference-SequenceTransform =-0.37564 -0.734947 -0.564578 -206.011 0.40752 -0.678125 0.611616 85.3476 -0.832359 -0.000329152 0.554236 -81.8818 0 0 0 1 
Seq_Frame0039_ForcepToReference-SequenceTransformStatus = OK
Seq_Frame0039_Timestamp = 4.808
Seq_Frame0040_ForcepToReference-SequenceTransform =-0.37564 -0.734947 -0.564578 -206.011 0.40752 -0.678125 0.611616 85.3476 -0.832359 -0.000329152 0.554236 -81.8818 0 0 0 1 
Seq_Frame0040_ForcepToReference-SequenceTransformStatus = OK
Seq_Frame0040_Timestamp = 4.931
Seq_Frame0041_ForcepToReference-SequenceTransform =-0.00755083 -0.971919 0.235196 -223.717 0.18283 0.229896 0.955888 92.609 -0.983115 0.0502186 0.17596 -57.0445 0 0 0 1 
Seq_Frame0041_ForcepToReference-SequenceTransformStatus = OK
Seq_Frame0041_Timestamp = 5.034
Seq_Frame0042_ForcepToReference-SequenceTransform =0.165069 -0.910313 0.379581 -209.313 0.510906 0.408121 0.756579 123.221 -0.843639 0.0690428 0.532453 -38.2322 0 0 0 1 
Seq_Frame0042_ForcepToReference-SequenceTransformStatus = OK
Seq_Frame0042_Timestamp = 5.138
Seq_Frame0043_ForcepToReference-SequenceTransform =0.311225 -0.840632 0.443257 -200.405 0.6848 0.521776 0.508722 147.035 -0.658929 0.145216 0.738055 -22.0588 0 0 0 1 
Seq_Frame0043_ForcepToReference-SequenceTransformStatus = OK
Seq_Frame0043_Timestamp = 5.242
Seq_Frame0044_ForcepToReference-SequenceTransform =0.311225 -0.840632 0.443257 -200.405 0.6848 0.521776 0.508722 147.035 -0.658929 0.145216 0.738055 -22.0588 0 0 0 1 
Seq_Frame0044_ForcepToReference-SequenceTransformStatus = OK
Seq_Frame0044_Timestamp = 5.348
Seq_Frame0045_ForcepToReference-SequenceTransform =0.311225 -0.840632 0.443257 -200.405 0.6848 0.521776 0.508722 147.035 -0.658929 0.145216 0.738055 -22.0588 0 0 0 1 
Seq_Frame0045_ForcepToReference-SequenceTransformStatus = OK
Seq_Frame0045_Timestamp = 5.457
Seq_Frame0046_ForcepToReference-SequenceTransform =0.311225 -0.840632 0.443257 -200.405 0.6848 0.521776 0.508722 147.035 -0.658929 0.145216 0.738055 -22.0588 0 0 0 1 
Seq_Frame0046_ForcepToReference-SequenceTransformStatus = OK
Seq_Frame0046_Timestamp = 5.557
Seq_Frame0047_ForcepToReference-SequenceTransform =0.550856 -0.755562 0.354519 -171.614 0.742699 0.637552 0.204756 161.025 -0.38073 0.15051 0.912355 20.0539 0 0 0 1 
Seq_Frame0047_ForcepToReference-SequenceTransformStatus = OK
Seq_Frame0047_Timestamp = 5.663
Seq_Frame0048_ForcepToReference-SequenceTransform =0.596153 -0.767985 0.234097 -167.622 0.774671 0.626818 0.0835745 163.696 -0.21092 0.131525 0.968614 26.9757 0 0 0 1 
Seq_Frame0048_ForcepToReference-SequenceTransformStatus = OK
Seq_Frame0048_Timestamp = 5.768
Seq_Frame0049_ForcepToReference-SequenceTransform =0.512396 -0.790296 0.33598 -176.535 0.789181 0.587611 0.178624 164.683 -0.338591 0.173623 0.924776 23.0109 0 0 0 1 
Seq_Frame0049_ForcepToReference-SequenceTransformStatus = OK
Seq_Frame0049_Timestamp = 5.882
Seq_Frame0050_ForcepToReference-SequenceTransform =0.474603 -0.790239 0.387651 -178.417 0.794122 0.574379 0.198642 163.721 -0.379634 0.213566 0.900149 23.6482 0 0 0 1 
Seq_Frame0050_ForcepToReference-SequenceTransformStatus = OK
Seq_Frame0050_Timestamp = 5.983
Seq_Frame0051_ForcepToReference-SequenceTransform =0.474603 -0.790239 0.387651 -178.417 0.794122 0.574379 0.198642 163.721 -0.379634 0.213566 0.900149 23.6482 0 0 0 1 
Seq_Frame0051_ForcepToReference-SequenceTransformStatus = OK
Seq_Frame0051_Timestamp = 6.093
Seq_Frame0052_ForcepToReference-SequenceTransform =0.584523 -0.766107 0.267233 -168.572 0.775268 0.624509 0.0945944 163.062 -0.239359 0.151885 0.958978 30.4264 0 0 0 1 
Seq_Frame0052_ForcepToReference-SequenceTransformStatus = OK
Seq_Frame0052_Timestamp = 6.199
Seq_Frame0053_ForcepToReference-SequenceTransform =0.568069 -0.78589 0.244285 -170.016 0.799752 0.59718 0.0614189 164.767 -0.194151 0.160477 0.967756 33.1329 0 0 0 1 
Seq_Frame0053_ForcepToReference-SequenceTransformStatus = OK
Seq_Frame0053_Timestamp = 6.302
Seq_Frame0054_ForcepToReference-SequenceTransform =0.510634 -0.833291 0.211847 -175.362 0.833112 0.540441 0.117678 160.553 -0.212551 0.116401 0.970192 29.7055 0 0 0 1 
Seq_Frame0054_ForcepToReference-SequenceTransformStatus = OK
Seq_Frame0054_Timestamp = 6.408
Seq_Frame0055_ForcepToReference-SequenceTransform =0.465578 -0.868047 0.172426 -176.16 0.782447 0.494774 0.378121 144.986 -0.413539 -0.0411311 0.909557 10.7064 0 0 0 1 
Seq_Frame0055_ForcepToReference-SequenceTransformStatus = OK
Seq_Frame0055_Timestamp = 6.513
Seq_Frame0056_ForcepToReference-SequenceTransform =-0.662924 0.747213 0.0469554 -161.927 0.315595 0.335766 -0.887503 149.298 -0.678919 -0.573528 -0.458404 11.4813 0 0 0 1 
Seq_Frame0056_ForcepToReference-SequenceTransformStatus = OK
Seq_Frame0056_Timestamp = 6.614
Seq_Frame0057_ForcepToReference-SequenceTransform =-0.613545 0.776561 0.143235 -157.153 0.351555 0.431039 -0.831032 166.303 -0.707087 -0.45952 -0.537466 14.1494 0 0 0 1 
Seq_Frame0057_ForcepToReference-SequenceTransformStatus = OK
Seq_Frame0057_Timestamp = 6.723
Seq_Frame0058_ForcepToReference-SequenceTransform =-0.58155 0.724723 0.369562 -151.574 0.424041 0.657733 -0.622557 219.436 -0.694255 -0.205338 -0.689816 30.2741 0 0 0 1 
Seq_Frame0058_ForcepToReference-SequenceTransformStatus = OK
Seq_Frame0058_Timestamp = 6.828
Seq_Frame0059_ForcepToReference-SequenceTransform =-0.619353 0.640685 0.453789 -151.66 0.473417 0.765855 -0.435136 255.533 -0.626322 -0.0546711 -0.777645 44.5213 0 0 0 1 
Seq_Frame0059_ForcepToReference-SequenceTransformStatus = OK
Seq_Frame0059_Timestamp = 6.934
Seq_Frame0060_ForcepToReference-SequenceTransform =-0.639683 0.576831 0.508008 -148.312 0.491775 0.815082 -0.306264 282.231 -0.590731 0.053914 -0.805065 59.1375 0 0 0 1 
Seq_Frame0060_ForcepToReference-SequenceTransformStatus = OK
Seq_Frame0060_Timestamp = 7.038
Seq_Frame0061_ForcepToReference-SequenceTransform =-0.602538 0.528108 0.598373 -136.051 0.542478 0.820935 -0.17828 304.988 -0.585376 0.217183 -0.781131 86.8412 0 0 0 1 
Seq_Frame0061_ForcepToReference-SequenceTransformStatus = OK
Seq_Frame0061_Timestamp = 7.144
Seq_Frame0062_ForcepToReference-SequenceTransform =-0.627496 0.480435 0.612724 -133.447 0.550792 0.830115 -0.0868189 321.962 -0.550342 0.283005 -0.785514 105.671 0 0 0 1 
Seq_Frame0062_ForcepToReference-SequenceTransformStatus = OK
Seq_Frame0062_Timestamp = 7.248
Seq_Frame0063_ForcepToReference-SequenceTransform =-0.601444 0.378098 0.70378 -138 0.58612 0.807441 0.0671048 333.073 -0.542889 0.452859 -0.707241 118.866 0 0 0 1 
Seq_Frame0063_ForcepToReference-SequenceTransformStatus = OK
Seq_Frame0063_Timestamp = 7.358
Seq_Frame0064_ForcepToReference-SequenceTransform =-0.584116 0.320067 0.745899 -140.786 0.597232 0.7918 0.127931 339.561 -0.549657 0.520201 -0.653657 127.557 0 0 0 1 
Seq_Frame0064_ForcepToReference-SequenceTransformStatus = OK
Seq_Frame0064_Timestamp = 7.462
Seq_Frame0065_ForcepToReference-SequenceTransform =-0.554602 0.297109 0.777267 -140.409 0.604521 0.785744 0.130994 341.455 -0.571813 0.542524 -0.615384 131.755 0 0 0 1 
Seq_Frame0065_ForcepToReference-SequenceTransformStatus = OK
Seq_Frame0065_Timestamp = 7.573
Seq_Frame0066_ForcepToReference-SequenceTransform =-0.549809 0.290771 0.783047 -139.161 0.606964 0.783114 0.135378 342.629 -0.573851 0.549714 -0.60705 133.228 0 0 0 1 
Seq_Frame0066_ForcepToReference-SequenceTransformStatus = OK
Seq_Frame0066_Timestamp = 7.677
Seq_Frame0067_ForcepToReference-SequenceTransform =-0.541071 0.278749 0.793436 -136.445 0.611233 0.778357 0.143369 343.617 -0.577612 0.562548 -0.591527 135.461 0 0 0 1 
Seq_Frame0067_ForcepToReference-SequenceTransformStatus = OK
Seq_Frame0067_Timestamp = 7.788
Seq_Frame0068_ForcepToReference-SequenceTransform =-0.535856 0.287967 0.793684 -133.518 0.604933 0.786722 0.122979 344.324 -0.588995 0.546024 -0.595771 136.478 0 0 0 1 
Seq_Frame0068_ForcepToReference-SequenceTransformStatus = OK
Seq_Frame0068_Timestamp = 7.889
Seq_Frame0069_ForcepToReference-SequenceTransform =-0.558002 0.327659 0.762413 -130.425 0.612442 0.782551 0.111927 343.407 -0.559953 0.529389 -0.637337 135.032 0 0 0 1 
Seq_Frame0069_ForcepToReference-SequenceTransformStatus = OK
Seq_Frame0069_Timestamp = 8.003
Seq_Frame0070_ForcepToReference-SequenceTransform =-0.545306 0.327384 0.771661 -128.993 0.620818 0.776289 0.109363 342.867 -0.563228 0.538697 -0.626561 134.904 0 0 0 1 
Seq_Frame0070_ForcepToReference-SequenceTransformStatus = OK
Seq_Frame0070_Timestamp = 8.114
Seq_Frame0071_ForcepToReference-SequenceTransform =-0.548438 0.343307 0.762467 -126.043 0.594569 0.801257 0.0668969 341.507 -0.587966 0.490028 -0.643559 128.811 0 0 0 1 
Seq_Frame0071_ForcepToReference-SequenceTransformStatus = OK
Seq_Frame0071_Timestamp = 8.228
Seq_Frame0072_ForcepToReference-SequenceTransform =-0.522094 0.327828 0.787367 -122.386 0.532258 0.846582 0.000450943 339.947 -0.666423 0.419318 -0.616485 113.321 0 0 0 1 
Seq_Frame0072_ForcepToReference-SequenceTransformStatus = OK
Seq_Frame0072_Timestamp = 8.348
Seq_Frame0073_ForcepToReference-SequenceTransform =-0.577654 0.254815 0.77549 -130.845 0.441434 0.896642 0.0341959 335.85 -0.686623 0.362081 -0.630433 104.18 0 0 0 1 
Seq_Frame0073_ForcepToReference-SequenceTransformStatus = OK
Seq_Frame0073_Timestamp = 8.448
Seq_Frame0074_ForcepToReference-SequenceTransform =-0.582207 0.0906464 0.807972 -144.717 0.364995 0.917138 0.160114 334.869 -0.726508 0.388125 -0.567049 94.0808 0 0 0 1 
Seq_Frame0074_ForcepToReference-SequenceTransformStatus = OK
Seq_Frame0074_Timestamp = 8.563
Seq_Frame0075_ForcepToReference-SequenceTransform =-0.381686 0.200846 0.902206 -121.794 -0.00393188 0.975744 -0.21888 316.699 -0.924284 -0.0870909 -0.371638 24.3981 0 0 0 1 
Seq_Frame0075_ForcepToReference-SequenceTransformStatus = OK
Seq_Frame0075_Timestamp = 8.668
Seq_Frame0076_ForcepToReference-SequenceTransform =0.0802388 -0.52433 -0.847726 -46.5379 0.613363 -0.644415 0.456635 228.823 -0.785715 -0.556603 0.269897 -5.5318 0 0 0 1 
Seq_Frame0076_ForcepToReference-SequenceTransformStatus = OK
Seq_Frame0076_Timestamp = 8.778
Seq_Frame0077_ForcepToReference-SequenceTransform =0.157165 -0.401679 -0.902194 -29.4288 0.448307 -0.784978 0.427588 214.472 -0.879955 -0.471661 0.0567044 11.7804 0 0 0 1 
Seq_Frame0077_ForcepToReference-SequenceTransformStatus = OK
Seq_Frame0077_Timestamp = 8.888
Seq_Frame0078_ForcepToReference-SequenceTransform =-0.0192073 -0.527748 -0.849184 -42.5099 0.43351 -0.769746 0.468573 207.839 -0.900944 -0.35913 0.243568 10.0585 0 0 0 1 
Seq_Frame0078_ForcepToReference-SequenceTransformStatus = OK
Seq_Frame0078_Timestamp = 8.998
Seq_Frame0079_ForcepToReference-SequenceTransform =-0.0330873 -0.520336 -0.85332 -41.6872 0.399929 -0.789347 0.46582 207.685 -0.915949 -0.325854 0.234215 16.6071 0 0 0 1 
Seq_Frame0079_ForcepToReference-SequenceTransformStatus = OK
Seq_Frame0079_Timestamp = 9.106
Seq_Frame0080_ForcepToReference-SequenceTransform =-0.112512 -0.523538 -0.844541 -45.8034 0.413772 -0.797426 0.439208 212.899 -0.903401 -0.300031 0.306345 18.5611 0 0 0 1 
Seq_Frame0080_ForcepToReference-SequenceTransformStatus = OK
Seq_Frame0080_Timestamp = 9.213
Seq_Frame0081_ForcepToReference-SequenceTransform =-0.11326 -0.541487 -0.833045 -47.1391 0.42613 -0.783884 0.451595 212.781 -0.897544 -0.303838 0.319527 18.624 0 0 0 1 
Seq_Frame0081_ForcepToReference-SequenceTransformStatus = OK
Seq_Frame0081_Timestamp = 9.318
Seq_Frame0082_ForcepToReference-SequenceTransform =-0.085989 -0.567754 -0.818695 -47.8079 0.446252 -0.756647 0.477854 213.505 -0.890767 -0.324254 0.318424 19.6879 0 0 0 1 
Seq_Frame0082_ForcepToReference-SequenceTransformStatus = OK
Seq_Frame0082_Timestamp = 9.427
Seq_Frame0083_ForcepToReference-SequenceTransform =-0.0801501 -0.577037 -0.812776 -48.2006 0.45504 -0.746657 0.485223 215.2 -0.886856 -0.330955 0.32242 20.4357 0 0 0 1 
Seq_Frame0083_ForcepToReference-SequenceTransformStatus = OK
Seq_Frame0083_Timestamp = 9.531
Seq_Frame0084_ForcepToReference-SequenceTransform =-0.0951821 -0.599062 -0.795025 -50.2748 0.470553 -0.730867 0.494382 215.712 -0.877223 -0.327045 0.351456 20.717 0 0 0 1 
Seq_Frame0084_ForcepToReference-SequenceTransformStatus = OK
Seq_Frame0084_Timestamp = 9.638
Seq_Frame0085_ForcepToReference-SequenceTransform =-0.0571682 -0.620459 -0.782152 -49.8212 0.483055 -0.702815 0.522216 216.184 -0.873722 -0.347968 0.339895 21.314 0 0 0 1 
Seq_Frame0085_ForcepToReference-SequenceTransformStatus = OK
Seq_Frame0085_Timestamp = 9.739
Seq_Frame0086_ForcepToReference-SequenceTransform =-0.0893593 -0.61056 -0.786913 -51.0166 0.546907 -0.690386 0.473561 225.326 -0.83241 -0.388051 0.395612 22.5529 0 0 0 1 
Seq_Frame0086_ForcepToReference-SequenceTransformStatus = OK
Seq_Frame0086_Timestamp = 9.848
Seq_Frame0087_ForcepToReference-SequenceTransform =-0.0384753 -0.604385 -0.795763 -46.9916 0.571142 -0.666753 0.478787 226.442 -0.819949 -0.436072 0.370843 22.9099 0 0 0 1 
Seq_Frame0087_ForcepToReference-SequenceTransformStatus = OK
Seq_Frame0087_Timestamp = 9.953
Seq_Frame0088_ForcepToReference-SequenceTransform =-0.0278042 -0.639702 -0.76812 -50.1157 0.638644 -0.602509 0.478661 231.709 -0.769 -0.477247 0.425294 23.3399 0 0 0 1 
Seq_Frame0088_ForcepToReference-SequenceTransformStatus = OK
Seq_Frame0088_Timestamp = 10.063
Seq_Frame0089_ForcepToReference-SequenceTransform =-0.0504413 -0.721459 -0.690617 -58.2941 0.641278 -0.553516 0.531398 228.535 -0.765649 -0.416073 0.490576 17.9868 0 0 0 1 
Seq_Frame0089_ForcepToReference-SequenceTransformStatus = OK
Seq_Frame0089_Timestamp = 10.173
Seq_Frame0090_ForcepToReference-SequenceTransform =0.922716 -0.17792 0.341963 -3.58156 0.362814 0.70055 -0.614488 318.738 -0.130233 0.691068 0.710961 146.357 0 0 0 1 
Seq_Frame0090_ForcepToReference-SequenceTransformStatus = OK
Seq_Frame0090_Timestamp = 10.408
Seq_Frame0091_ForcepToReference-SequenceTransform =-0.837084 -0.261584 0.480483 -150.848 -0.533212 0.586568 -0.609609 246.987 -0.122372 -0.766493 -0.630486 40.2162 0 0 0 1 
Seq_Frame0091_ForcepToReference-SequenceTransformStatus = OK
Seq_Frame0091_Timestamp = 10.549
Seq_Frame0092_ForcepToReference-SequenceTransform =-0.892697 -0.2979 0.338154 -152.606 -0.445666 0.694938 -0.564307 271.465 -0.0668887 -0.654459 -0.753133 60.0941 0 0 0 1 
Seq_Frame0092_ForcepToReference-SequenceTransformStatus = OK
Seq_Frame0092_Timestamp = 10.659
Seq_Frame0093_ForcepToReference-SequenceTransform =-0.925135 -0.326576 0.193581 -154.949 -0.37961 0.802038 -0.46112 289.186 -0.00466825 -0.500084 -0.865965 79.8414 0 0 0 1 
Seq_Frame0093_ForcepToReference-SequenceTransformStatus = OK
Seq_Frame0093_Timestamp = 11.088
Seq_Frame0094_ForcepToReference-SequenceTransform =-0.920396 -0.334285 0.202791 -156.855 -0.390951 0.793896 -0.465711 288.49 -0.00531501 -0.507921 -0.861388 80.7127 0 0 0 1 
Seq_Frame0094_ForcepToReference-SequenceTransformStatus = OK
Seq_Frame0094_Timestamp = 11.193
Seq_Frame0095_ForcepToReference-SequenceTransform =-0.926341 -0.323822 0.192438 -155.635 -0.376592 0.807613 -0.453807 289.446 -0.00846265 -0.49285 -0.870073 82.599 0 0 0 1 
Seq_Frame0095_ForcepToReference-SequenceTransformStatus = OK
Seq_Frame0095_Timestamp = 11.306
Seq_Frame0096_ForcepToReference-SequenceTransform =-0.936575 -0.329856 0.118419 -154.832 -0.34771 0.832251 -0.431805 289.105 0.043879 -0.445593 -0.89416 87.9734 0 0 0 1 
Seq_Frame0096_ForcepToReference-SequenceTransformStatus = OK
Seq_Frame0096_Timestamp = 11.407
Seq_Frame0097_ForcepToReference-SequenceTransform =-0.948727 -0.292797 0.119109 -153.108 -0.314148 0.831593 -0.458 290.091 0.0350507 -0.471935 -0.880936 85.2098 0 0 0 1 
Seq_Frame0097_ForcepToReference-SequenceTransformStatus = OK
Seq_Frame0097_Timestamp = 11.513
Seq_Frame0098_ForcepToReference-SequenceTransform =-0.962321 -0.249869 0.10726 -150.201 -0.271901 0.888625 -0.369344 296.377 -0.00302613 -0.384591 -0.923082 89.1867 0 0 0 1 
Seq_Frame0098_ForcepToReference-SequenceTransformStatus = OK
Seq_Frame0098_Timestamp = 11.623
Seq_Frame0099_ForcepToReference-SequenceTransform =-0.970749 -0.203658 0.127163 -148.215 -0.230383 0.939233 -0.254488 300.937 -0.0676072 -0.27634 -0.958679 94.0989 0 0 0 1 
Seq_Frame0099_ForcepToReference-SequenceTransformStatus = OK
Seq_Frame0099_Timestamp = 11.729
Seq_Frame0100_ForcepToReference-SequenceTransform =-0.972895 -0.176374 0.149558 -149.261 -0.199185 0.967704 -0.154513 302.507 -0.117476 -0.180115 -0.976605 97.6011 0 0 0 1 
Seq_Frame0100_ForcepToReference-SequenceTransformStatus = OK
Seq_Frame0100_Timestamp = 11.839
Seq_Frame0101_ForcepToReference-SequenceTransform =-0.974424 -0.171421 0.145299 -153.541 -0.190775 0.972749 -0.131772 302.191 -0.118751 -0.156121 -0.980574 98.0694 0 0 0 1 
Seq_Frame0101_ForcepToReference-SequenceTransformStatus = OK
Seq_Frame0101_Timestamp = 11.944
Seq_Frame0102_ForcepToReference-SequenceTransform =-0.968103 -0.171902 0.182279 -155.429 -0.20123 0.966896 -0.156902 302.564 -0.149273 -0.188577 -0.970647 94.9135 0 0 0 1 
Seq_Frame0102_ForcepToReference-SequenceTransformStatus = OK
Seq_Frame0102_Timestamp = 12.053
Seq_Frame0103_ForcepToReference-SequenceTransform =-0.962488 -0.132714 0.236651 -154.105 -0.185429 0.958478 -0.216646 303.184 -0.198073 -0.252401 -0.947133 88.7483 0 0 0 1 
Seq_Frame0103_ForcepToReference-SequenceTransformStatus = OK
Seq_Frame0103_Timestamp = 12.158
Seq_Frame0104_ForcepToReference-SequenceTransform =-0.958413 -0.0951628 0.26905 -152.373 -0.171902 0.945049 -0.278087 305.872 -0.227802 -0.312773 -0.922106 83.4613 0 0 0 1 
Seq_Frame0104_ForcepToReference-SequenceTransformStatus = OK
Seq_Frame0104_Timestamp = 12.263
Seq_Frame0105_ForcepToReference-SequenceTransform =-0.969003 -0.0930269 0.228866 -150.822 -0.157868 0.945742 -0.283989 308.428 -0.190029 -0.311317 -0.931113 86.1669 0 0 0 1 
Seq_Frame0105_ForcepToReference-SequenceTransformStatus = OK
Seq_Frame0105_Timestamp = 12.368
Seq_Frame0106_ForcepToReference-SequenceTransform =-0.972245 -0.10845 0.20731 -151.147 -0.174579 0.926181 -0.334231 308.544 -0.155759 -0.361147 -0.919409 84.9867 0 0 0 1 
Seq_Frame0106_ForcepToReference-SequenceTransformStatus = OK
Seq_Frame0106_Timestamp = 12.472
Seq_Frame0107_ForcepToReference-SequenceTransform =-0.984589 -0.125688 0.121605 -152.729 -0.162234 0.916082 -0.366707 308.573 -0.0653095 -0.380784 -0.922355 85.3294 0 0 0 1 
Seq_Frame0107_ForcepToReference-SequenceTransformStatus = OK
Seq_Frame0107_Timestamp = 12.578
Seq_Frame0108_ForcepToReference-SequenceTransform =-0.992477 -0.10419 0.0642984 -148.024 -0.119266 0.941424 -0.31543 313.573 -0.0276675 -0.320726 -0.946768 93.9433 0 0 0 1 
Seq_Frame0108_ForcepToReference-SequenceTransformStatus = OK
Seq_Frame0108_Timestamp = 12.682
Seq_Frame0109_ForcepToReference-SequenceTransform =-0.994411 -0.100392 0.0326917 -145.383 -0.105572 0.941429 -0.320259 314.136 0.00137446 -0.321921 -0.946766 98.1279 0 0 0 1 
Seq_Frame0109_ForcepToReference-SequenceTransformStatus = OK
Seq_Frame0109_Timestamp = 12.787
Seq_Frame0110_ForcepToReference-SequenceTransform =-0.992318 -0.117155 0.0397422 -146.126 -0.123667 0.930673 -0.344316 314.649 0.00335146 -0.346586 -0.938012 98.1038 0 0 0 1 
Seq_Frame0110_ForcepToReference-SequenceTransformStatus = OK
Seq_Frame0110_Timestamp = 12.893
Seq_Frame0111_ForcepToReference-SequenceTransform =-0.993385 -0.112195 0.0244672 -145.78 -0.113983 0.93754 -0.328673 316.206 0.0139366 -0.329288 -0.944127 98.8668 0 0 0 1 
Seq_Frame0111_ForcepToReference-SequenceTransformStatus = OK
Seq_Frame0111_Timestamp = 13.002
Seq_Frame0112_ForcepToReference-SequenceTransform =-0.991504 -0.127297 0.0267587 -147.169 -0.128739 0.930848 -0.341977 316.38 0.0186244 -0.342516 -0.939327 99.2422 0 0 0 1 
Seq_Frame0112_ForcepToReference-SequenceTransformStatus = OK
Seq_Frame0112_Timestamp = 13.108
Seq_Frame0113_ForcepToReference-SequenceTransform =-0.991291 -0.127892 0.0313884 -147.729 -0.130876 0.930379 -0.342442 316.694 0.0145924 -0.343568 -0.939015 99.9128 0 0 0 1 
Seq_Frame0113_ForcepToReference-SequenceTransformStatus = OK
Seq_Frame0113_Timestamp = 13.218
Seq_Frame0114_ForcepToReference-SequenceTransform =-0.991112 -0.129597 0.0300205 -148.19 -0.132006 0.930205 -0.34248 316.199 0.016459 -0.343399 -0.939045 100.601 0 0 0 1 
Seq_Frame0114_ForcepToReference-SequenceTransformStatus = OK
Seq_Frame0114_Timestamp = 13.333
Seq_Frame0115_ForcepToReference-SequenceTransform =-0.991949 -0.123685 0.0271988 -147.981 -0.125647 0.934352 -0.333466 315.637 0.0158316 -0.334199 -0.94237 99.9902 0 0 0 1 
Seq_Frame0115_ForcepToReference-SequenceTransformStatus = OK
Seq_Frame0115_Timestamp = 13.443
Seq_Frame0116_ForcepToReference-SequenceTransform =-0.991677 -0.121942 0.0413199 -147.767 -0.128713 0.931033 -0.341484 315.299 0.00317103 -0.34396 -0.938979 99.6261 0 0 0 1 
Seq_Frame0116_ForcepToReference-SequenceTransformStatus = OK
Seq_Frame0116_Timestamp = 13.553
Seq_Frame0117_ForcepToReference-SequenceTransform =-0.991916 -0.11775 0.0472931 -146.497 -0.126859 0.928752 -0.34832 314.628 -0.00290873 -0.351504 -0.936182 100.38 0 0 0 1 
Seq_Frame0117_ForcepToReference-SequenceTransformStatus = OK
Seq_Frame0117_Timestamp = 13.663
Seq_Frame0118_ForcepToReference-SequenceTransform =-0.99238 -0.0900556 0.0840919 -143.254 -0.113979 0.930197 -0.348917 311.832 -0.0468001 -0.355843 -0.933373 95.6198 0 0 0 1 
Seq_Frame0118_ForcepToReference-SequenceTransformStatus = OK
Seq_Frame0118_Timestamp = 13.768
Seq_Frame0119_ForcepToReference-SequenceTransform =-0.980013 -0.131147 0.149583 -144.786 -0.179671 0.906305 -0.382531 309.7 -0.0854001 -0.401761 -0.911754 86.5079 0 0 0 1 
Seq_Frame0119_ForcepToReference-SequenceTransformStatus = OK
Seq_Frame0119_Timestamp = 13.878
Seq_Frame0120_ForcepToReference-SequenceTransform =-0.964204 -0.18677 0.188223 -144.149 -0.235124 0.930378 -0.281269 308.843 -0.122586 -0.315457 -0.940989 86.9144 0 0 0 1 
Seq_Frame0120_ForcepToReference-SequenceTransformStatus = OK
Seq_Frame0120_Timestamp = 13.988
Seq_Frame0121_ForcepToReference-SequenceTransform =-0.912902 -0.0888619 0.39839 -123.964 -0.29329 0.821616 -0.488803 284.209 -0.283887 -0.563073 -0.776117 44.394 0 0 0 1 
Seq_Frame0121_ForcepToReference-SequenceTransformStatus = OK
Seq_Frame0121_Timestamp = 14.089
Seq_Frame0122_ForcepToReference-SequenceTransform =-0.783963 0.189 0.591339 -82.6554 -0.394835 0.583261 -0.709867 237.429 -0.47907 -0.789991 -0.382631 9.88491 0 0 0 1 
Seq_Frame0122_ForcepToReference-SequenceTransformStatus = OK
Seq_Frame0122_Timestamp = 14.398
Seq_Frame0123_ForcepToReference-SequenceTransform =-0.645444 0.59775 0.475497 17.5839 -0.360208 0.310748 -0.879594 148.723 -0.673537 -0.739006 0.014744 15.5534 0 0 0 1 
Seq_Frame0123_ForcepToReference-SequenceTransformStatus = OK
Seq_Frame0123_Timestamp = 14.503
Seq_Frame0124_ForcepToReference-SequenceTransform =-0.572949 0.633719 0.51974 22.7339 -0.281603 0.443324 -0.850978 149.451 -0.769694 -0.633928 -0.0755448 28.5299 0 0 0 1 
Seq_Frame0124_ForcepToReference-SequenceTransformStatus = OK
Seq_Frame0124_Timestamp = 14.613
Seq_Frame0125_ForcepToReference-SequenceTransform =-0.602878 0.610511 0.513629 21.5375 -0.246232 0.469975 -0.84764 154.278 -0.758886 -0.637495 -0.133011 35.7757 0 0 0 1 
Seq_Frame0125_ForcepToReference-SequenceTransformStatus = OK
Seq_Frame0125_Timestamp = 14.718
Seq_Frame0126_ForcepToReference-SequenceTransform =-0.574867 0.592845 0.56397 23.1458 -0.137581 0.609397 -0.780837 166.152 -0.806597 -0.526469 -0.268758 42.6451 0 0 0 1 
Seq_Frame0126_ForcepToReference-SequenceTransformStatus = OK
Seq_Frame0126_Timestamp = 14.823
Seq_Frame0127_ForcepToReference-SequenceTransform =-0.561622 0.600997 0.568668 26.2254 -0.156484 0.597742 -0.786268 163.644 -0.812462 -0.530573 -0.241658 42.7569 0 0 0 1 
Seq_Frame0127_ForcepToReference-SequenceTransformStatus = OK
Seq_Frame0127_Timestamp = 14.928
Seq_Frame0128_ForcepToReference-SequenceTransform =-0.52543 0.619186 0.583551 29.2878 -0.160839 0.601207 -0.782739 162.809 -0.835497 -0.505132 -0.216303 42.7513 0 0 0 1 
Seq_Frame0128_ForcepToReference-SequenceTransformStatus = OK
Seq_Frame0128_Timestamp = 15.031
Seq_Frame0129_ForcepToReference-SequenceTransform =-0.551682 0.638425 0.536713 31.0761 -0.22499 0.50573 -0.832836 153.553 -0.803136 -0.580216 -0.135363 38.1942 0 0 0 1 
Seq_Frame0129_ForcepToReference-SequenceTransformStatus = OK
Seq_Frame0129_Timestamp = 15.138
Seq_Frame0130_ForcepToReference-SequenceTransform =-0.599274 0.655188 0.459999 33.6136 -0.248009 0.394393 -0.884842 146.862 -0.761158 -0.644347 -0.0738571 34.6001 0 0 0 1 
Seq_Frame0130_ForcepToReference-SequenceTransformStatus = OK
Seq_Frame0130_Timestamp = 15.243
Seq_Frame0131_ForcepToReference-SequenceTransform =-0.579844 0.708373 0.402479 40.5931 -0.279116 0.291394 -0.914978 136.253 -0.765425 -0.642882 0.0287554 28.621 0 0 0 1 
Seq_Frame0131_ForcepToReference-SequenceTransformStatus = OK
Seq_Frame0131_Timestamp = 15.352
Seq_Frame0132_ForcepToReference-SequenceTransform =-0.567711 0.701686 0.430513 41.0521 -0.292156 0.317187 -0.90224 137.395 -0.769642 -0.637988 0.0249309 27.5428 0 0 0 1 
Seq_Frame0132_ForcepToReference-SequenceTransformStatus = OK
Seq_Frame0132_Timestamp = 15.458
Seq_Frame0133_ForcepToReference-SequenceTransform =0.293863 -0.916013 -0.273066 36.3949 0.742084 0.0385757 0.669196 130.969 -0.602459 -0.39929 0.691094 24.3901 0 0 0 1 
Seq_Frame0133_ForcepToReference-SequenceTransformStatus = OK
Seq_Frame0133_Timestamp = 15.567
Seq_Frame0134_ForcepToReference-SequenceTransform =0.286695 -0.922077 -0.259962 34.836 0.713597 0.0244863 0.700128 126.263 -0.639207 -0.386231 0.665011 22.9205 0 0 0 1 
Seq_Frame0134_ForcepToReference-SequenceTransformStatus = OK
Seq_Frame0134_Timestamp = 15.678
Seq_Frame0135_ForcepToReference-SequenceTransform =0.272455 -0.929816 -0.247406 31.6378 0.71177 0.0217543 0.702075 126.059 -0.647419 -0.36738 0.667743 23.6539 0 0 0 1 
Seq_Frame0135_ForcepToReference-SequenceTransformStatus = OK
Seq_Frame0135_Timestamp = 15.782
Seq_Frame0136_ForcepToReference-SequenceTransform =0.252327 -0.943683 -0.213995 27.301 0.728901 0.0399131 0.683455 128.663 -0.636423 -0.328435 0.697922 27.6265 0 0 0 1 
Seq_Frame0136_ForcepToReference-SequenceTransformStatus = OK
Seq_Frame0136_Timestamp = 15.893
Seq_Frame0137_ForcepToReference-SequenceTransform =0.246269 -0.934393 -0.257413 29.2513 0.768185 0.0262372 0.63969 134.536 -0.590968 -0.355276 0.724249 28.2719 0 0 0 1 
Seq_Frame0137_ForcepToReference-SequenceTransformStatus = OK
Seq_Frame0137_Timestamp = 16.002
Seq_Frame0138_ForcepToReference-SequenceTransform =0.184527 -0.908821 -0.374157 32.7672 0.856138 -0.0383261 0.515324 148.628 -0.482677 -0.415421 0.771004 26.9697 0 0 0 1 
Seq_Frame0138_ForcepToReference-SequenceTransformStatus = OK
Seq_Frame0138_Timestamp = 16.108
Seq_Frame0139_ForcepToReference-SequenceTransform =0.0112747 -0.904282 -0.426786 22.5958 0.968272 -0.0966843 0.230436 175.528 -0.249642 -0.415844 0.874501 23.1006 0 0 0 1 
Seq_Frame0139_ForcepToReference-SequenceTransformStatus = OK
Seq_Frame0139_Timestamp = 16.217
Seq_Frame0140_ForcepToReference-SequenceTransform =-0.0977494 -0.704053 -0.703388 31.6065 0.788272 -0.486212 0.377126 152.179 -0.607513 -0.517597 0.602512 -30.9639 0 0 0 1 
Seq_Frame0140_ForcepToReference-SequenceTransformStatus = OK
Seq_Frame0140_Timestamp = 16.398
Seq_Frame0141_ForcepToReference-SequenceTransform =-0.11219 -0.404929 -0.907439 54.1662 0.441053 -0.838613 0.319688 122.042 -0.890441 -0.364363 0.27268 -33.217 0 0 0 1 
Seq_Frame0141_ForcepToReference-SequenceTransformStatus = OK
Seq_Frame0141_Timestamp = 16.508
Seq_Frame0142_ForcepToReference-SequenceTransform =-0.320376 -0.303725 -0.897279 37.6839 0.314003 -0.927704 0.201908 133.751 -0.893734 -0.217062 0.392585 -28.7332 0 0 0 1 
Seq_Frame0142_ForcepToReference-SequenceTransformStatus = OK
Seq_Frame0142_Timestamp = 16.618
Seq_Frame0143_ForcepToReference-SequenceTransform =-0.132243 -0.184713 -0.973855 56.5686 0.0645784 -0.982002 0.177489 128.241 -0.989111 -0.0394185 0.141791 -7.19697 0 0 0 1 
Seq_Frame0143_ForcepToReference-SequenceTransformStatus = OK
Seq_Frame0143_Timestamp = 16.723
Seq_Frame0144_ForcepToReference-SequenceTransform =-0.395212 -0.000281528 -0.91859 45.6734 0.0934342 -0.994826 -0.0398941 146.74 -0.913826 -0.101594 0.393194 -16.9381 0 0 0 1 
Seq_Frame0144_ForcepToReference-SequenceTransformStatus = OK
Seq_Frame0144_Timestamp = 16.828
Seq_Frame0145_ForcepToReference-SequenceTransform =0.704392 0.0118534 0.709713 45.8772 -0.632925 0.463092 0.620445 157.873 -0.321308 -0.886231 0.3337 -15.7036 0 0 0 1 
Seq_Frame0145_ForcepToReference-SequenceTransformStatus = OK
Seq_Frame0145_Timestamp = 16.953
Seq_Frame0146_ForcepToReference-SequenceTransform =0.579568 0.473457 0.663279 65.3617 -0.764512 0.597716 0.241367 159.115 -0.282176 -0.646973 0.70838 -10.1305 0 0 0 1 
Seq_Frame0146_ForcepToReference-SequenceTransformStatus = OK
Seq_Frame0146_Timestamp = 17.064
Seq_Frame0147_ForcepToReference-SequenceTransform =0.110977 0.518691 0.847729 37.6939 -0.828103 0.519882 -0.209686 149.655 -0.549481 -0.678736 0.487224 -12.1566 0 0 0 1 
Seq_Frame0147_ForcepToReference-SequenceTransformStatus = OK
Seq_Frame0147_Timestamp = 17.173
Seq_Frame0148_ForcepToReference-SequenceTransform =-0.236121 0.573241 0.784628 35.9453 -0.636519 0.518869 -0.57063 150.984 -0.734228 -0.634168 0.242363 3.9972 0 0 0 1 
Seq_Frame0148_ForcepToReference-SequenceTransformStatus = OK
Seq_Frame0148_Timestamp = 17.278
Seq_Frame0149_ForcepToReference-SequenceTransform =-0.396161 0.632122 0.665941 38.2501 -0.461084 0.490241 -0.739639 148.082 -0.794014 -0.600071 0.0972463 19.6392 0 0 0 1 
Seq_Frame0149_ForcepToReference-SequenceTransformStatus = OK
Seq_Frame0149_Timestamp = 17.389
