ObjectType = Image
NDims = 3
AnatomicalOrientation = RAI
BinaryData = True
CompressedData = False
DimSize = 0 0 477
ElementSpacing = 1 1 1
Offset = 0 0 0
TransformMatrix = 1 0 0 0 1 0 0 0 1
ElementType = MET_UCHAR
Kinds = domain domain list
Seq_Frame0000_DriverToReference-SequenceTransform =-0.833685 -0.538782 0.121176 4.04905 -0.197726 0.4961 0.845452 63.2493 -0.515629 0.680881 -0.520122 98.7382 0 0 0 1 
Seq_Frame0000_DriverToReference-SequenceTransformStatus = OK
Seq_Frame0000_Timestamp = 0.00200009
Seq_Frame0001_DriverToReference-SequenceTransform =-0.832014 -0.540798 0.123657 4.01402 -0.197231 0.496701 0.845215 63.2386 -0.518511 0.678841 -0.519924 98.7131 0 0 0 1 
Seq_Frame0001_DriverToReference-SequenceTransformStatus = OK
Seq_Frame0001_Timestamp = 0.114
Seq_Frame0002_DriverToReference-SequenceTransform =-0.834054 -0.538334 0.120626 4.07993 -0.197521 0.49555 0.845822 63.2029 -0.515111 0.681635 -0.519648 98.7896 0 0 0 1 
Seq_Frame0002_DriverToReference-SequenceTransformStatus = OK
Seq_Frame0002_Timestamp = 0.219
Seq_Frame0003_DriverToReference-SequenceTransform =-0.833069 -0.53943 0.122517 4.05954 -0.194974 0.493605 0.847549 63.18 -0.517669 0.682179 -0.516382 98.7951 0 0 0 1 
Seq_Frame0003_DriverToReference-SequenceTransformStatus = OK
Seq_Frame0003_Timestamp = 0.329
Seq_Frame0004_DriverToReference-SequenceTransform =-0.833548 -0.538879 0.121687 4.04098 -0.196108 0.494549 0.846737 63.1901 -0.516469 0.681931 -0.517909 98.8224 0 0 0 1 
Seq_Frame0004_DriverToReference-SequenceTransformStatus = OK
Seq_Frame0004_Timestamp = 0.437
Seq_Frame0005_DriverToReference-SequenceTransform =-0.832889 -0.539623 0.122888 4.04215 -0.195562 0.494681 0.846786 63.1904 -0.517736 0.681247 -0.517545 98.7715 0 0 0 1 
Seq_Frame0005_DriverToReference-SequenceTransformStatus = OK
Seq_Frame0005_Timestamp = 0.544
Seq_Frame0006_DriverToReference-SequenceTransform =-0.834296 -0.537995 0.120461 4.09741 -0.196174 0.49389 0.847106 63.2159 -0.515233 0.683106 -0.517592 98.8289 0 0 0 1 
Seq_Frame0006_DriverToReference-SequenceTransformStatus = OK
Seq_Frame0006_Timestamp = 0.649
Seq_Frame0007_DriverToReference-SequenceTransform =-0.796315 -0.592784 0.120374 2.73904 -0.226537 0.476787 0.849326 63.7312 -0.560859 0.649062 -0.51396 98.8864 0 0 0 1 
Seq_Frame0007_DriverToReference-SequenceTransformStatus = OK
Seq_Frame0007_Timestamp = 0.76
Seq_Frame0008_DriverToReference-SequenceTransform =-0.732541 -0.672404 0.106098 0.338481 -0.277471 0.437269 0.855457 64.5382 -0.621606 0.597218 -0.50689 100.153 0 0 0 1 
Seq_Frame0008_DriverToReference-SequenceTransformStatus = OK
Seq_Frame0008_Timestamp = 0.865
Seq_Frame0009_DriverToReference-SequenceTransform =-0.739372 -0.661781 0.124 -0.43276 -0.260875 0.451358 0.853358 63.1597 -0.620704 0.598601 -0.506363 98.1682 0 0 0 1 
Seq_Frame0009_DriverToReference-SequenceTransformStatus = OK
Seq_Frame0009_Timestamp = 0.974
Seq_Frame0010_DriverToReference-SequenceTransform =-0.759468 -0.639825 0.117611 -0.458693 -0.258241 0.462445 0.848208 62.5836 -0.597093 0.613815 -0.516441 97.1225 0 0 0 1 
Seq_Frame0010_DriverToReference-SequenceTransformStatus = OK
Seq_Frame0010_Timestamp = 1.079
Seq_Frame0011_DriverToReference-SequenceTransform =-0.800549 -0.593755 0.0810906 0.621884 -0.3079 0.523624 0.794365 64.6977 -0.51412 0.61096 -0.602004 95.4085 0 0 0 1 
Seq_Frame0011_DriverToReference-SequenceTransformStatus = OK
Seq_Frame0011_Timestamp = 1.19
Seq_Frame0012_DriverToReference-SequenceTransform =-0.789586 -0.611938 0.0456707 1.86479 -0.376378 0.541734 0.751575 69.6268 -0.484658 0.576243 -0.658065 96.2785 0 0 0 1 
Seq_Frame0012_DriverToReference-SequenceTransformStatus = OK
Seq_Frame0012_Timestamp = 1.296
Seq_Frame0013_DriverToReference-SequenceTransform =-0.782973 -0.62074 0.04044 5.84978 -0.41357 0.568016 0.71156 72.8728 -0.464664 0.540408 -0.70146 94.6727 0 0 0 1 
Seq_Frame0013_DriverToReference-SequenceTransformStatus = OK
Seq_Frame0013_Timestamp = 1.405
Seq_Frame0014_DriverToReference-SequenceTransform =-0.821048 -0.570626 0.0163131 10.3252 -0.405668 0.603326 0.686608 72.2181 -0.401639 0.55712 -0.726845 91.4012 0 0 0 1 
Seq_Frame0014_DriverToReference-SequenceTransformStatus = OK
Seq_Frame0014_Timestamp = 1.514
Seq_Frame0015_DriverToReference-SequenceTransform =-0.846832 -0.530747 -0.0344097 14.9692 -0.444629 0.670955 0.593401 75.131 -0.291858 0.51781 -0.804171 87.5713 0 0 0 1 
Seq_Frame0015_DriverToReference-SequenceTransformStatus = OK
Seq_Frame0015_Timestamp = 1.62
Seq_Frame0016_DriverToReference-SequenceTransform =-0.887122 -0.407065 -0.217516 14.1612 -0.461535 0.782313 0.418295 83.4593 -0.000107629 0.47147 -0.881882 83.9217 0 0 0 1 
Seq_Frame0016_DriverToReference-SequenceTransformStatus = OK
Seq_Frame0016_Timestamp = 1.729
Seq_Frame0017_DriverToReference-SequenceTransform =-0.914963 -0.358972 -0.184339 14.3581 -0.39829 0.729909 0.555516 99.8149 -0.064864 0.581698 -0.810815 85.8002 0 0 0 1 
Seq_Frame0017_DriverToReference-SequenceTransformStatus = OK
Seq_Frame0017_Timestamp = 1.83
Seq_Frame0018_DriverToReference-SequenceTransform =-0.948106 -0.265704 -0.174634 7.87083 -0.312007 0.671727 0.671888 134.214 -0.0612172 0.691508 -0.71977 85.9145 0 0 0 1 
Seq_Frame0018_DriverToReference-SequenceTransformStatus = OK
Seq_Frame0018_Timestamp = 1.939
Seq_Frame0019_DriverToReference-SequenceTransform =-0.970224 -0.198604 -0.138643 -6.47818 -0.229864 0.574584 0.785503 177.846 -0.0763422 0.793983 -0.603128 94.1528 0 0 0 1 
Seq_Frame0019_DriverToReference-SequenceTransformStatus = OK
Seq_Frame0019_Timestamp = 2.045
Seq_Frame0020_DriverToReference-SequenceTransform =-0.953333 -0.185452 -0.238251 -16.1174 -0.299413 0.479213 0.82505 209.719 -0.0388337 0.857883 -0.512376 106.995 0 0 0 1 
Seq_Frame0020_DriverToReference-SequenceTransformStatus = OK
Seq_Frame0020_Timestamp = 2.151
Seq_Frame0021_DriverToReference-SequenceTransform =-0.834354 -0.342889 -0.431601 -21.6754 -0.550845 0.489458 0.676018 233.959 -0.0205485 0.801784 -0.59726 120.431 0 0 0 1 
Seq_Frame0021_DriverToReference-SequenceTransformStatus = OK
Seq_Frame0021_Timestamp = 2.259
Seq_Frame0022_DriverToReference-SequenceTransform =-0.763644 -0.480023 -0.43177 -20.0799 -0.642266 0.496534 0.583908 251.307 -0.065901 0.723209 -0.687478 137.949 0 0 0 1 
Seq_Frame0022_DriverToReference-SequenceTransformStatus = OK
Seq_Frame0022_Timestamp = 2.364
Seq_Frame0023_DriverToReference-SequenceTransform =-0.771117 -0.491722 -0.404461 -15.1855 -0.622339 0.447979 0.641879 253.735 -0.134435 0.746675 -0.651462 150.918 0 0 0 1 
Seq_Frame0023_DriverToReference-SequenceTransformStatus = OK
Seq_Frame0023_Timestamp = 2.474
Seq_Frame0024_DriverToReference-SequenceTransform =-0.725449 -0.505605 -0.466998 -15.9053 -0.68467 0.460757 0.564739 256.891 -0.0703624 0.729429 -0.680428 156.491 0 0 0 1 
Seq_Frame0024_DriverToReference-SequenceTransformStatus = OK
Seq_Frame0024_Timestamp = 2.579
Seq_Frame0025_DriverToReference-SequenceTransform =-0.748651 -0.512368 -0.420714 -11.9331 -0.618825 0.312391 0.72074 262.463 -0.237857 0.799932 -0.550939 178.882 0 0 0 1 
Seq_Frame0025_DriverToReference-SequenceTransformStatus = OK
Seq_Frame0025_Timestamp = 2.694
Seq_Frame0026_DriverToReference-SequenceTransform =-0.695832 -0.567653 -0.439986 -10.6944 -0.648748 0.233953 0.72415 265.443 -0.30813 0.789326 -0.531055 195.778 0 0 0 1 
Seq_Frame0026_DriverToReference-SequenceTransformStatus = OK
Seq_Frame0026_Timestamp = 2.795
Seq_Frame0027_DriverToReference-SequenceTransform =-0.653703 -0.608082 -0.450454 -9.35911 -0.689256 0.232694 0.686133 265.936 -0.312407 0.759006 -0.571237 200.228 0 0 0 1 
Seq_Frame0027_DriverToReference-SequenceTransformStatus = OK
Seq_Frame0027_Timestamp = 2.904
Seq_Frame0028_DriverToReference-SequenceTransform =-0.66534 -0.646319 -0.373623 -6.56887 -0.660183 0.27573 0.698664 266.852 -0.348541 0.711509 -0.610142 204.298 0 0 0 1 
Seq_Frame0028_DriverToReference-SequenceTransformStatus = OK
Seq_Frame0028_Timestamp = 3.009
Seq_Frame0029_DriverToReference-SequenceTransform =-0.62614 -0.686038 -0.37054 -5.70914 -0.7228 0.332479 0.60582 269.64 -0.292419 0.647155 -0.704047 209.141 0 0 0 1 
Seq_Frame0029_DriverToReference-SequenceTransformStatus = OK
Seq_Frame0029_Timestamp = 3.119
Seq_Frame0030_DriverToReference-SequenceTransform =-0.594041 -0.709681 -0.378771 -6.10099 -0.781603 0.397814 0.480459 273.323 -0.190292 0.581461 -0.791007 212.462 0 0 0 1 
Seq_Frame0030_DriverToReference-SequenceTransformStatus = OK
Seq_Frame0030_Timestamp = 3.224
Seq_Frame0031_DriverToReference-SequenceTransform =-0.494444 -0.751 -0.437634 2.12459 -0.863384 0.366145 0.347139 279.752 -0.100463 0.549487 -0.82944 217.048 0 0 0 1 
Seq_Frame0031_DriverToReference-SequenceTransformStatus = OK
Seq_Frame0031_Timestamp = 3.334
Seq_Frame0032_DriverToReference-SequenceTransform =-0.536972 -0.741146 -0.402945 18.3314 -0.833621 0.392924 0.388184 284.69 -0.129374 0.544347 -0.828824 228.791 0 0 0 1 
Seq_Frame0032_DriverToReference-SequenceTransformStatus = OK
Seq_Frame0032_Timestamp = 3.439
Seq_Frame0033_DriverToReference-SequenceTransform =-0.552475 -0.736301 -0.390682 30.12 -0.816957 0.385326 0.429076 294.12 -0.16539 0.556223 -0.814409 241.642 0 0 0 1 
Seq_Frame0033_DriverToReference-SequenceTransformStatus = OK
Seq_Frame0033_Timestamp = 3.55
Seq_Frame0034_DriverToReference-SequenceTransform =-0.57343 -0.722016 -0.387132 36.0446 -0.80386 0.404697 0.435923 300.403 -0.158072 0.561172 -0.812465 252.365 0 0 0 1 
Seq_Frame0034_DriverToReference-SequenceTransformStatus = OK
Seq_Frame0034_Timestamp = 3.654
Seq_Frame0035_DriverToReference-SequenceTransform =-0.590994 -0.706393 -0.389532 38.139 -0.79792 0.440954 0.410953 300.783 -0.118529 0.553687 -0.824246 262.267 0 0 0 1 
Seq_Frame0035_DriverToReference-SequenceTransformStatus = OK
Seq_Frame0035_Timestamp = 3.764
Seq_Frame0036_DriverToReference-SequenceTransform =-0.594271 -0.710776 -0.37635 39.9746 -0.794883 0.4478 0.409433 295.722 -0.122485 0.542468 -0.831099 268.301 0 0 0 1 
Seq_Frame0036_DriverToReference-SequenceTransformStatus = OK
Seq_Frame0036_Timestamp = 7.699
Seq_Frame0037_DriverToReference-SequenceTransform =-0.594271 -0.710776 -0.37635 39.9746 -0.794883 0.4478 0.409433 295.722 -0.122485 0.542468 -0.831099 268.301 0 0 0 1 
Seq_Frame0037_DriverToReference-SequenceTransformStatus = OK
Seq_Frame0037_Timestamp = 7.817
Seq_Frame0038_DriverToReference-SequenceTransform =-0.594271 -0.710776 -0.37635 39.9746 -0.794883 0.4478 0.409433 295.722 -0.122485 0.542468 -0.831099 268.301 0 0 0 1 
Seq_Frame0038_DriverToReference-SequenceTransformStatus = OK
Seq_Frame0038_Timestamp = 7.92
Seq_Frame0039_DriverToReference-SequenceTransform =-0.594271 -0.710776 -0.37635 39.9746 -0.794883 0.4478 0.409433 295.722 -0.122485 0.542468 -0.831099 268.301 0 0 0 1 
Seq_Frame0039_DriverToReference-SequenceTransformStatus = OK
Seq_Frame0039_Timestamp = 8.049
Seq_Frame0040_DriverToReference-SequenceTransform =-0.594271 -0.710776 -0.37635 39.9746 -0.794883 0.4478 0.409433 295.722 -0.122485 0.542468 -0.831099 268.301 0 0 0 1 
Seq_Frame0040_DriverToReference-SequenceTransformStatus = OK
Seq_Frame0040_Timestamp = 8.162
Seq_Frame0041_DriverToReference-SequenceTransform =-0.594271 -0.710776 -0.37635 39.9746 -0.794883 0.4478 0.409433 295.722 -0.122485 0.542468 -0.831099 268.301 0 0 0 1 
Seq_Frame0041_DriverToReference-SequenceTransformStatus = OK
Seq_Frame0041_Timestamp = 9.349
Seq_Frame0042_DriverToReference-SequenceTransform =-0.594271 -0.710776 -0.37635 39.9746 -0.794883 0.4478 0.409433 295.722 -0.122485 0.542468 -0.831099 268.301 0 0 0 1 
Seq_Frame0042_DriverToReference-SequenceTransformStatus = OK
Seq_Frame0042_Timestamp = 10.309
Seq_Frame0043_DriverToReference-SequenceTransform =-0.594271 -0.710776 -0.37635 39.9746 -0.794883 0.4478 0.409433 295.722 -0.122485 0.542468 -0.831099 268.301 0 0 0 1 
Seq_Frame0043_DriverToReference-SequenceTransformStatus = OK
Seq_Frame0043_Timestamp = 10.415
Seq_Frame0044_DriverToReference-SequenceTransform =-0.594271 -0.710776 -0.37635 39.9746 -0.794883 0.4478 0.409433 295.722 -0.122485 0.542468 -0.831099 268.301 0 0 0 1 
Seq_Frame0044_DriverToReference-SequenceTransformStatus = OK
Seq_Frame0044_Timestamp = 10.544
Seq_Frame0045_DriverToReference-SequenceTransform =-0.594271 -0.710776 -0.37635 39.9746 -0.794883 0.4478 0.409433 295.722 -0.122485 0.542468 -0.831099 268.301 0 0 0 1 
Seq_Frame0045_DriverToReference-SequenceTransformStatus = OK
Seq_Frame0045_Timestamp = 10.714
Seq_Frame0046_DriverToReference-SequenceTransform =-0.594271 -0.710776 -0.37635 39.9746 -0.794883 0.4478 0.409433 295.722 -0.122485 0.542468 -0.831099 268.301 0 0 0 1 
Seq_Frame0046_DriverToReference-SequenceTransformStatus = OK
Seq_Frame0046_Timestamp = 10.83
Seq_Frame0047_DriverToReference-SequenceTransform =-0.394735 -0.55039 0.7357 25.6418 0.911402 -0.13318 0.389372 249.415 -0.116326 0.824217 0.554197 177.124 0 0 0 1 
Seq_Frame0047_DriverToReference-SequenceTransformStatus = OK
Seq_Frame0047_Timestamp = 10.956
Seq_Frame0048_DriverToReference-SequenceTransform =-0.394735 -0.55039 0.7357 25.6418 0.911402 -0.13318 0.389372 249.415 -0.116326 0.824217 0.554197 177.124 0 0 0 1 
Seq_Frame0048_DriverToReference-SequenceTransformStatus = OK
Seq_Frame0048_Timestamp = 11.085
Seq_Frame0049_DriverToReference-SequenceTransform =-0.394735 -0.55039 0.7357 25.6418 0.911402 -0.13318 0.389372 249.415 -0.116326 0.824217 0.554197 177.124 0 0 0 1 
Seq_Frame0049_DriverToReference-SequenceTransformStatus = OK
Seq_Frame0049_Timestamp = 11.204
Seq_Frame0050_DriverToReference-SequenceTransform =-0.394735 -0.55039 0.7357 25.6418 0.911402 -0.13318 0.389372 249.415 -0.116326 0.824217 0.554197 177.124 0 0 0 1 
Seq_Frame0050_DriverToReference-SequenceTransformStatus = OK
Seq_Frame0050_Timestamp = 11.31
Seq_Frame0051_DriverToReference-SequenceTransform =-0.394735 -0.55039 0.7357 25.6418 0.911402 -0.13318 0.389372 249.415 -0.116326 0.824217 0.554197 177.124 0 0 0 1 
Seq_Frame0051_DriverToReference-SequenceTransformStatus = OK
Seq_Frame0051_Timestamp = 11.416
Seq_Frame0052_DriverToReference-SequenceTransform =-0.394735 -0.55039 0.7357 25.6418 0.911402 -0.13318 0.389372 249.415 -0.116326 0.824217 0.554197 177.124 0 0 0 1 
Seq_Frame0052_DriverToReference-SequenceTransformStatus = OK
Seq_Frame0052_Timestamp = 11.521
Seq_Frame0053_DriverToReference-SequenceTransform =-0.394735 -0.55039 0.7357 25.6418 0.911402 -0.13318 0.389372 249.415 -0.116326 0.824217 0.554197 177.124 0 0 0 1 
Seq_Frame0053_DriverToReference-SequenceTransformStatus = OK
Seq_Frame0053_Timestamp = 11.624
Seq_Frame0054_DriverToReference-SequenceTransform =-0.394735 -0.55039 0.7357 25.6418 0.911402 -0.13318 0.389372 249.415 -0.116326 0.824217 0.554197 177.124 0 0 0 1 
Seq_Frame0054_DriverToReference-SequenceTransformStatus = OK
Seq_Frame0054_Timestamp = 11.746
Seq_Frame0055_DriverToReference-SequenceTransform =-0.394735 -0.55039 0.7357 25.6418 0.911402 -0.13318 0.389372 249.415 -0.116326 0.824217 0.554197 177.124 0 0 0 1 
Seq_Frame0055_DriverToReference-SequenceTransformStatus = OK
Seq_Frame0055_Timestamp = 11.866
Seq_Frame0056_DriverToReference-SequenceTransform =-0.394735 -0.55039 0.7357 25.6418 0.911402 -0.13318 0.389372 249.415 -0.116326 0.824217 0.554197 177.124 0 0 0 1 
Seq_Frame0056_DriverToReference-SequenceTransformStatus = OK
Seq_Frame0056_Timestamp = 11.97
Seq_Frame0057_DriverToReference-SequenceTransform =-0.394735 -0.55039 0.7357 25.6418 0.911402 -0.13318 0.389372 249.415 -0.116326 0.824217 0.554197 177.124 0 0 0 1 
Seq_Frame0057_DriverToReference-SequenceTransformStatus = OK
Seq_Frame0057_Timestamp = 12.077
Seq_Frame0058_DriverToReference-SequenceTransform =-0.282437 -0.273469 -0.91948 46.1445 -0.893106 0.424807 0.147991 424.622 0.350131 0.862991 -0.364218 -61.2057 0 0 0 1 
Seq_Frame0058_DriverToReference-SequenceTransformStatus = OK
Seq_Frame0058_Timestamp = 34.818
Seq_Frame0059_DriverToReference-SequenceTransform =-0.303633 -0.27377 -0.91261 51.9636 -0.872404 0.464949 0.150778 420.988 0.383038 0.841946 -0.380012 -41.3736 0 0 0 1 
Seq_Frame0059_DriverToReference-SequenceTransformStatus = OK
Seq_Frame0059_Timestamp = 34.943
Seq_Frame0060_DriverToReference-SequenceTransform =-0.334319 -0.24616 -0.909745 51.7944 -0.850171 0.495364 0.17839 405.365 0.406743 0.833078 -0.374888 -14.0825 0 0 0 1 
Seq_Frame0060_DriverToReference-SequenceTransformStatus = OK
Seq_Frame0060_Timestamp = 35.069
Seq_Frame0061_DriverToReference-SequenceTransform =-0.372672 -0.217767 -0.902049 50.9064 -0.824599 0.523565 0.214279 388.832 0.425619 0.823685 -0.374689 5.81076 0 0 0 1 
Seq_Frame0061_DriverToReference-SequenceTransformStatus = OK
Seq_Frame0061_Timestamp = 35.186
Seq_Frame0062_DriverToReference-SequenceTransform =-0.372672 -0.217767 -0.902049 50.9064 -0.824599 0.523565 0.214279 388.832 0.425619 0.823685 -0.374689 5.81076 0 0 0 1 
Seq_Frame0062_DriverToReference-SequenceTransformStatus = OK
Seq_Frame0062_Timestamp = 35.294
Seq_Frame0063_DriverToReference-SequenceTransform =-0.372672 -0.217767 -0.902049 50.9064 -0.824599 0.523565 0.214279 388.832 0.425619 0.823685 -0.374689 5.81076 0 0 0 1 
Seq_Frame0063_DriverToReference-SequenceTransformStatus = OK
Seq_Frame0063_Timestamp = 35.414
Seq_Frame0064_DriverToReference-SequenceTransform =-0.372672 -0.217767 -0.902049 50.9064 -0.824599 0.523565 0.214279 388.832 0.425619 0.823685 -0.374689 5.81076 0 0 0 1 
Seq_Frame0064_DriverToReference-SequenceTransformStatus = OK
Seq_Frame0064_Timestamp = 35.535
Seq_Frame0065_DriverToReference-SequenceTransform =-0.372672 -0.217767 -0.902049 50.9064 -0.824599 0.523565 0.214279 388.832 0.425619 0.823685 -0.374689 5.81076 0 0 0 1 
Seq_Frame0065_DriverToReference-SequenceTransformStatus = OK
Seq_Frame0065_Timestamp = 35.644
Seq_Frame0066_DriverToReference-SequenceTransform =-0.372672 -0.217767 -0.902049 50.9064 -0.824599 0.523565 0.214279 388.832 0.425619 0.823685 -0.374689 5.81076 0 0 0 1 
Seq_Frame0066_DriverToReference-SequenceTransformStatus = OK
Seq_Frame0066_Timestamp = 35.762
Seq_Frame0067_DriverToReference-SequenceTransform =-0.372672 -0.217767 -0.902049 50.9064 -0.824599 0.523565 0.214279 388.832 0.425619 0.823685 -0.374689 5.81076 0 0 0 1 
Seq_Frame0067_DriverToReference-SequenceTransformStatus = OK
Seq_Frame0067_Timestamp = 36.569
Seq_Frame0068_DriverToReference-SequenceTransform =-0.372672 -0.217767 -0.902049 50.9064 -0.824599 0.523565 0.214279 388.832 0.425619 0.823685 -0.374689 5.81076 0 0 0 1 
Seq_Frame0068_DriverToReference-SequenceTransformStatus = OK
Seq_Frame0068_Timestamp = 36.692
Seq_Frame0069_DriverToReference-SequenceTransform =-0.372672 -0.217767 -0.902049 50.9064 -0.824599 0.523565 0.214279 388.832 0.425619 0.823685 -0.374689 5.81076 0 0 0 1 
Seq_Frame0069_DriverToReference-SequenceTransformStatus = OK
Seq_Frame0069_Timestamp = 36.991
Seq_Frame0070_DriverToReference-SequenceTransform =-0.372672 -0.217767 -0.902049 50.9064 -0.824599 0.523565 0.214279 388.832 0.425619 0.823685 -0.374689 5.81076 0 0 0 1 
Seq_Frame0070_DriverToReference-SequenceTransformStatus = OK
Seq_Frame0070_Timestamp = 37.612
Seq_Frame0071_DriverToReference-SequenceTransform =-0.372672 -0.217767 -0.902049 50.9064 -0.824599 0.523565 0.214279 388.832 0.425619 0.823685 -0.374689 5.81076 0 0 0 1 
Seq_Frame0071_DriverToReference-SequenceTransformStatus = OK
Seq_Frame0071_Timestamp = 37.718
Seq_Frame0072_DriverToReference-SequenceTransform =-0.372672 -0.217767 -0.902049 50.9064 -0.824599 0.523565 0.214279 388.832 0.425619 0.823685 -0.374689 5.81076 0 0 0 1 
Seq_Frame0072_DriverToReference-SequenceTransformStatus = OK
Seq_Frame0072_Timestamp = 37.84
Seq_Frame0073_DriverToReference-SequenceTransform =-0.372672 -0.217767 -0.902049 50.9064 -0.824599 0.523565 0.214279 388.832 0.425619 0.823685 -0.374689 5.81076 0 0 0 1 
Seq_Frame0073_DriverToReference-SequenceTransformStatus = OK
Seq_Frame0073_Timestamp = 37.948
Seq_Frame0074_DriverToReference-SequenceTransform =-0.372672 -0.217767 -0.902049 50.9064 -0.824599 0.523565 0.214279 388.832 0.425619 0.823685 -0.374689 5.81076 0 0 0 1 
Seq_Frame0074_DriverToReference-SequenceTransformStatus = OK
Seq_Frame0074_Timestamp = 38.052
Seq_Frame0075_DriverToReference-SequenceTransform =-0.372672 -0.217767 -0.902049 50.9064 -0.824599 0.523565 0.214279 388.832 0.425619 0.823685 -0.374689 5.81076 0 0 0 1 
Seq_Frame0075_DriverToReference-SequenceTransformStatus = OK
Seq_Frame0075_Timestamp = 38.164
Seq_Frame0076_DriverToReference-SequenceTransform =-0.372672 -0.217767 -0.902049 50.9064 -0.824599 0.523565 0.214279 388.832 0.425619 0.823685 -0.374689 5.81076 0 0 0 1 
Seq_Frame0076_DriverToReference-SequenceTransformStatus = OK
Seq_Frame0076_Timestamp = 38.283
Seq_Frame0077_DriverToReference-SequenceTransform =-0.372672 -0.217767 -0.902049 50.9064 -0.824599 0.523565 0.214279 388.832 0.425619 0.823685 -0.374689 5.81076 0 0 0 1 
Seq_Frame0077_DriverToReference-SequenceTransformStatus = OK
Seq_Frame0077_Timestamp = 39.696
Seq_Frame0078_DriverToReference-SequenceTransform =-0.372672 -0.217767 -0.902049 50.9064 -0.824599 0.523565 0.214279 388.832 0.425619 0.823685 -0.374689 5.81076 0 0 0 1 
Seq_Frame0078_DriverToReference-SequenceTransformStatus = OK
Seq_Frame0078_Timestamp = 39.819
Seq_Frame0079_DriverToReference-SequenceTransform =-0.372672 -0.217767 -0.902049 50.9064 -0.824599 0.523565 0.214279 388.832 0.425619 0.823685 -0.374689 5.81076 0 0 0 1 
Seq_Frame0079_DriverToReference-SequenceTransformStatus = OK
Seq_Frame0079_Timestamp = 39.922
Seq_Frame0080_DriverToReference-SequenceTransform =-0.372672 -0.217767 -0.902049 50.9064 -0.824599 0.523565 0.214279 388.832 0.425619 0.823685 -0.374689 5.81076 0 0 0 1 
Seq_Frame0080_DriverToReference-SequenceTransformStatus = OK
Seq_Frame0080_Timestamp = 40.043
Seq_Frame0081_DriverToReference-SequenceTransform =-0.372672 -0.217767 -0.902049 50.9064 -0.824599 0.523565 0.214279 388.832 0.425619 0.823685 -0.374689 5.81076 0 0 0 1 
Seq_Frame0081_DriverToReference-SequenceTransformStatus = OK
Seq_Frame0081_Timestamp = 40.164
Seq_Frame0082_DriverToReference-SequenceTransform =-0.372672 -0.217767 -0.902049 50.9064 -0.824599 0.523565 0.214279 388.832 0.425619 0.823685 -0.374689 5.81076 0 0 0 1 
Seq_Frame0082_DriverToReference-SequenceTransformStatus = OK
Seq_Frame0082_Timestamp = 40.532
Seq_Frame0083_DriverToReference-SequenceTransform =-0.372672 -0.217767 -0.902049 50.9064 -0.824599 0.523565 0.214279 388.832 0.425619 0.823685 -0.374689 5.81076 0 0 0 1 
Seq_Frame0083_DriverToReference-SequenceTransformStatus = OK
Seq_Frame0083_Timestamp = 40.655
Seq_Frame0084_DriverToReference-SequenceTransform =-0.372672 -0.217767 -0.902049 50.9064 -0.824599 0.523565 0.214279 388.832 0.425619 0.823685 -0.374689 5.81076 0 0 0 1 
Seq_Frame0084_DriverToReference-SequenceTransformStatus = OK
Seq_Frame0084_Timestamp = 40.775
Seq_Frame0085_DriverToReference-SequenceTransform =-0.372672 -0.217767 -0.902049 50.9064 -0.824599 0.523565 0.214279 388.832 0.425619 0.823685 -0.374689 5.81076 0 0 0 1 
Seq_Frame0085_DriverToReference-SequenceTransformStatus = OK
Seq_Frame0085_Timestamp = 40.897
Seq_Frame0086_DriverToReference-SequenceTransform =-0.372672 -0.217767 -0.902049 50.9064 -0.824599 0.523565 0.214279 388.832 0.425619 0.823685 -0.374689 5.81076 0 0 0 1 
Seq_Frame0086_DriverToReference-SequenceTransformStatus = OK
Seq_Frame0086_Timestamp = 41.016
Seq_Frame0087_DriverToReference-SequenceTransform =-0.372672 -0.217767 -0.902049 50.9064 -0.824599 0.523565 0.214279 388.832 0.425619 0.823685 -0.374689 5.81076 0 0 0 1 
Seq_Frame0087_DriverToReference-SequenceTransformStatus = OK
Seq_Frame0087_Timestamp = 41.136
Seq_Frame0088_DriverToReference-SequenceTransform =-0.372672 -0.217767 -0.902049 50.9064 -0.824599 0.523565 0.214279 388.832 0.425619 0.823685 -0.374689 5.81076 0 0 0 1 
Seq_Frame0088_DriverToReference-SequenceTransformStatus = OK
Seq_Frame0088_Timestamp = 41.244
Seq_Frame0089_DriverToReference-SequenceTransform =-0.372672 -0.217767 -0.902049 50.9064 -0.824599 0.523565 0.214279 388.832 0.425619 0.823685 -0.374689 5.81076 0 0 0 1 
Seq_Frame0089_DriverToReference-SequenceTransformStatus = OK
Seq_Frame0089_Timestamp = 41.363
Seq_Frame0090_DriverToReference-SequenceTransform =-0.372672 -0.217767 -0.902049 50.9064 -0.824599 0.523565 0.214279 388.832 0.425619 0.823685 -0.374689 5.81076 0 0 0 1 
Seq_Frame0090_DriverToReference-SequenceTransformStatus = OK
Seq_Frame0090_Timestamp = 41.471
Seq_Frame0091_DriverToReference-SequenceTransform =-0.372672 -0.217767 -0.902049 50.9064 -0.824599 0.523565 0.214279 388.832 0.425619 0.823685 -0.374689 5.81076 0 0 0 1 
Seq_Frame0091_DriverToReference-SequenceTransformStatus = OK
Seq_Frame0091_Timestamp = 41.59
Seq_Frame0092_DriverToReference-SequenceTransform =-0.372672 -0.217767 -0.902049 50.9064 -0.824599 0.523565 0.214279 388.832 0.425619 0.823685 -0.374689 5.81076 0 0 0 1 
Seq_Frame0092_DriverToReference-SequenceTransformStatus = OK
Seq_Frame0092_Timestamp = 41.713
Seq_Frame0093_DriverToReference-SequenceTransform =-0.372672 -0.217767 -0.902049 50.9064 -0.824599 0.523565 0.214279 388.832 0.425619 0.823685 -0.374689 5.81076 0 0 0 1 
Seq_Frame0093_DriverToReference-SequenceTransformStatus = OK
Seq_Frame0093_Timestamp = 41.837
Seq_Frame0094_DriverToReference-SequenceTransform =-0.372672 -0.217767 -0.902049 50.9064 -0.824599 0.523565 0.214279 388.832 0.425619 0.823685 -0.374689 5.81076 0 0 0 1 
Seq_Frame0094_DriverToReference-SequenceTransformStatus = OK
Seq_Frame0094_Timestamp = 41.959
Seq_Frame0095_DriverToReference-SequenceTransform =-0.372672 -0.217767 -0.902049 50.9064 -0.824599 0.523565 0.214279 388.832 0.425619 0.823685 -0.374689 5.81076 0 0 0 1 
Seq_Frame0095_DriverToReference-SequenceTransformStatus = OK
Seq_Frame0095_Timestamp = 42.082
Seq_Frame0096_DriverToReference-SequenceTransform =-0.372672 -0.217767 -0.902049 50.9064 -0.824599 0.523565 0.214279 388.832 0.425619 0.823685 -0.374689 5.81076 0 0 0 1 
Seq_Frame0096_DriverToReference-SequenceTransformStatus = OK
Seq_Frame0096_Timestamp = 42.201
Seq_Frame0097_DriverToReference-SequenceTransform =-0.372672 -0.217767 -0.902049 50.9064 -0.824599 0.523565 0.214279 388.832 0.425619 0.823685 -0.374689 5.81076 0 0 0 1 
Seq_Frame0097_DriverToReference-SequenceTransformStatus = OK
Seq_Frame0097_Timestamp = 42.322
Seq_Frame0098_DriverToReference-SequenceTransform =-0.372672 -0.217767 -0.902049 50.9064 -0.824599 0.523565 0.214279 388.832 0.425619 0.823685 -0.374689 5.81076 0 0 0 1 
Seq_Frame0098_DriverToReference-SequenceTransformStatus = OK
Seq_Frame0098_Timestamp = 42.443
Seq_Frame0099_DriverToReference-SequenceTransform =-0.372672 -0.217767 -0.902049 50.9064 -0.824599 0.523565 0.214279 388.832 0.425619 0.823685 -0.374689 5.81076 0 0 0 1 
Seq_Frame0099_DriverToReference-SequenceTransformStatus = OK
Seq_Frame0099_Timestamp = 42.567
Seq_Frame0100_DriverToReference-SequenceTransform =-0.372672 -0.217767 -0.902049 50.9064 -0.824599 0.523565 0.214279 388.832 0.425619 0.823685 -0.374689 5.81076 0 0 0 1 
Seq_Frame0100_DriverToReference-SequenceTransformStatus = OK
Seq_Frame0100_Timestamp = 42.671
Seq_Frame0101_DriverToReference-SequenceTransform =-0.372672 -0.217767 -0.902049 50.9064 -0.824599 0.523565 0.214279 388.832 0.425619 0.823685 -0.374689 5.81076 0 0 0 1 
Seq_Frame0101_DriverToReference-SequenceTransformStatus = OK
Seq_Frame0101_Timestamp = 42.793
Seq_Frame0102_DriverToReference-SequenceTransform =-0.372672 -0.217767 -0.902049 50.9064 -0.824599 0.523565 0.214279 388.832 0.425619 0.823685 -0.374689 5.81076 0 0 0 1 
Seq_Frame0102_DriverToReference-SequenceTransformStatus = OK
Seq_Frame0102_Timestamp = 42.898
Seq_Frame0103_DriverToReference-SequenceTransform =-0.372672 -0.217767 -0.902049 50.9064 -0.824599 0.523565 0.214279 388.832 0.425619 0.823685 -0.374689 5.81076 0 0 0 1 
Seq_Frame0103_DriverToReference-SequenceTransformStatus = OK
Seq_Frame0103_Timestamp = 43.023
Seq_Frame0104_DriverToReference-SequenceTransform =-0.372672 -0.217767 -0.902049 50.9064 -0.824599 0.523565 0.214279 388.832 0.425619 0.823685 -0.374689 5.81076 0 0 0 1 
Seq_Frame0104_DriverToReference-SequenceTransformStatus = OK
Seq_Frame0104_Timestamp = 43.141
Seq_Frame0105_DriverToReference-SequenceTransform =-0.372672 -0.217767 -0.902049 50.9064 -0.824599 0.523565 0.214279 388.832 0.425619 0.823685 -0.374689 5.81076 0 0 0 1 
Seq_Frame0105_DriverToReference-SequenceTransformStatus = OK
Seq_Frame0105_Timestamp = 43.247
Seq_Frame0106_DriverToReference-SequenceTransform =-0.372672 -0.217767 -0.902049 50.9064 -0.824599 0.523565 0.214279 388.832 0.425619 0.823685 -0.374689 5.81076 0 0 0 1 
Seq_Frame0106_DriverToReference-SequenceTransformStatus = OK
Seq_Frame0106_Timestamp = 43.372
Seq_Frame0107_DriverToReference-SequenceTransform =-0.372672 -0.217767 -0.902049 50.9064 -0.824599 0.523565 0.214279 388.832 0.425619 0.823685 -0.374689 5.81076 0 0 0 1 
Seq_Frame0107_DriverToReference-SequenceTransformStatus = OK
Seq_Frame0107_Timestamp = 43.493
Seq_Frame0108_DriverToReference-SequenceTransform =-0.372672 -0.217767 -0.902049 50.9064 -0.824599 0.523565 0.214279 388.832 0.425619 0.823685 -0.374689 5.81076 0 0 0 1 
Seq_Frame0108_DriverToReference-SequenceTransformStatus = OK
Seq_Frame0108_Timestamp = 43.613
Seq_Frame0109_DriverToReference-SequenceTransform =-0.372672 -0.217767 -0.902049 50.9064 -0.824599 0.523565 0.214279 388.832 0.425619 0.823685 -0.374689 5.81076 0 0 0 1 
Seq_Frame0109_DriverToReference-SequenceTransformStatus = OK
Seq_Frame0109_Timestamp = 43.719
Seq_Frame0110_DriverToReference-SequenceTransform =-0.372672 -0.217767 -0.902049 50.9064 -0.824599 0.523565 0.214279 388.832 0.425619 0.823685 -0.374689 5.81076 0 0 0 1 
Seq_Frame0110_DriverToReference-SequenceTransformStatus = OK
Seq_Frame0110_Timestamp = 43.899
Seq_Frame0111_DriverToReference-SequenceTransform =-0.372672 -0.217767 -0.902049 50.9064 -0.824599 0.523565 0.214279 388.832 0.425619 0.823685 -0.374689 5.81076 0 0 0 1 
Seq_Frame0111_DriverToReference-SequenceTransformStatus = OK
Seq_Frame0111_Timestamp = 44.021
Seq_Frame0112_DriverToReference-SequenceTransform =-0.372672 -0.217767 -0.902049 50.9064 -0.824599 0.523565 0.214279 388.832 0.425619 0.823685 -0.374689 5.81076 0 0 0 1 
Seq_Frame0112_DriverToReference-SequenceTransformStatus = OK
Seq_Frame0112_Timestamp = 44.139
Seq_Frame0113_DriverToReference-SequenceTransform =-0.372672 -0.217767 -0.902049 50.9064 -0.824599 0.523565 0.214279 388.832 0.425619 0.823685 -0.374689 5.81076 0 0 0 1 
Seq_Frame0113_DriverToReference-SequenceTransformStatus = OK
Seq_Frame0113_Timestamp = 44.26
Seq_Frame0114_DriverToReference-SequenceTransform =-0.372672 -0.217767 -0.902049 50.9064 -0.824599 0.523565 0.214279 388.832 0.425619 0.823685 -0.374689 5.81076 0 0 0 1 
Seq_Frame0114_DriverToReference-SequenceTransformStatus = OK
Seq_Frame0114_Timestamp = 44.367
Seq_Frame0115_DriverToReference-SequenceTransform =-0.372672 -0.217767 -0.902049 50.9064 -0.824599 0.523565 0.214279 388.832 0.425619 0.823685 -0.374689 5.81076 0 0 0 1 
Seq_Frame0115_DriverToReference-SequenceTransformStatus = OK
Seq_Frame0115_Timestamp = 44.488
Seq_Frame0116_DriverToReference-SequenceTransform =-0.372672 -0.217767 -0.902049 50.9064 -0.824599 0.523565 0.214279 388.832 0.425619 0.823685 -0.374689 5.81076 0 0 0 1 
Seq_Frame0116_DriverToReference-SequenceTransformStatus = OK
Seq_Frame0116_Timestamp = 44.607
Seq_Frame0117_DriverToReference-SequenceTransform =-0.372672 -0.217767 -0.902049 50.9064 -0.824599 0.523565 0.214279 388.832 0.425619 0.823685 -0.374689 5.81076 0 0 0 1 
Seq_Frame0117_DriverToReference-SequenceTransformStatus = OK
Seq_Frame0117_Timestamp = 44.713
Seq_Frame0118_DriverToReference-SequenceTransform =-0.372672 -0.217767 -0.902049 50.9064 -0.824599 0.523565 0.214279 388.832 0.425619 0.823685 -0.374689 5.81076 0 0 0 1 
Seq_Frame0118_DriverToReference-SequenceTransformStatus = OK
Seq_Frame0118_Timestamp = 44.834
Seq_Frame0119_DriverToReference-SequenceTransform =-0.372672 -0.217767 -0.902049 50.9064 -0.824599 0.523565 0.214279 388.832 0.425619 0.823685 -0.374689 5.81076 0 0 0 1 
Seq_Frame0119_DriverToReference-SequenceTransformStatus = OK
Seq_Frame0119_Timestamp = 44.938
Seq_Frame0120_DriverToReference-SequenceTransform =-0.372672 -0.217767 -0.902049 50.9064 -0.824599 0.523565 0.214279 388.832 0.425619 0.823685 -0.374689 5.81076 0 0 0 1 
Seq_Frame0120_DriverToReference-SequenceTransformStatus = OK
Seq_Frame0120_Timestamp = 45.044
Seq_Frame0121_DriverToReference-SequenceTransform =-0.372672 -0.217767 -0.902049 50.9064 -0.824599 0.523565 0.214279 388.832 0.425619 0.823685 -0.374689 5.81076 0 0 0 1 
Seq_Frame0121_DriverToReference-SequenceTransformStatus = OK
Seq_Frame0121_Timestamp = 45.167
Seq_Frame0122_DriverToReference-SequenceTransform =-0.372672 -0.217767 -0.902049 50.9064 -0.824599 0.523565 0.214279 388.832 0.425619 0.823685 -0.374689 5.81076 0 0 0 1 
Seq_Frame0122_DriverToReference-SequenceTransformStatus = OK
Seq_Frame0122_Timestamp = 45.286
Seq_Frame0123_DriverToReference-SequenceTransform =-0.372672 -0.217767 -0.902049 50.9064 -0.824599 0.523565 0.214279 388.832 0.425619 0.823685 -0.374689 5.81076 0 0 0 1 
Seq_Frame0123_DriverToReference-SequenceTransformStatus = OK
Seq_Frame0123_Timestamp = 45.405
Seq_Frame0124_DriverToReference-SequenceTransform =-0.372672 -0.217767 -0.902049 50.9064 -0.824599 0.523565 0.214279 388.832 0.425619 0.823685 -0.374689 5.81076 0 0 0 1 
Seq_Frame0124_DriverToReference-SequenceTransformStatus = OK
Seq_Frame0124_Timestamp = 45.513
Seq_Frame0125_DriverToReference-SequenceTransform =-0.372672 -0.217767 -0.902049 50.9064 -0.824599 0.523565 0.214279 388.832 0.425619 0.823685 -0.374689 5.81076 0 0 0 1 
Seq_Frame0125_DriverToReference-SequenceTransformStatus = OK
Seq_Frame0125_Timestamp = 45.634
Seq_Frame0126_DriverToReference-SequenceTransform =-0.372672 -0.217767 -0.902049 50.9064 -0.824599 0.523565 0.214279 388.832 0.425619 0.823685 -0.374689 5.81076 0 0 0 1 
Seq_Frame0126_DriverToReference-SequenceTransformStatus = OK
Seq_Frame0126_Timestamp = 45.752
Seq_Frame0127_DriverToReference-SequenceTransform =-0.372672 -0.217767 -0.902049 50.9064 -0.824599 0.523565 0.214279 388.832 0.425619 0.823685 -0.374689 5.81076 0 0 0 1 
Seq_Frame0127_DriverToReference-SequenceTransformStatus = OK
Seq_Frame0127_Timestamp = 45.863
Seq_Frame0128_DriverToReference-SequenceTransform =-0.372672 -0.217767 -0.902049 50.9064 -0.824599 0.523565 0.214279 388.832 0.425619 0.823685 -0.374689 5.81076 0 0 0 1 
Seq_Frame0128_DriverToReference-SequenceTransformStatus = OK
Seq_Frame0128_Timestamp = 45.982
Seq_Frame0129_DriverToReference-SequenceTransform =-0.372672 -0.217767 -0.902049 50.9064 -0.824599 0.523565 0.214279 388.832 0.425619 0.823685 -0.374689 5.81076 0 0 0 1 
Seq_Frame0129_DriverToReference-SequenceTransformStatus = OK
Seq_Frame0129_Timestamp = 46.103
Seq_Frame0130_DriverToReference-SequenceTransform =-0.372672 -0.217767 -0.902049 50.9064 -0.824599 0.523565 0.214279 388.832 0.425619 0.823685 -0.374689 5.81076 0 0 0 1 
Seq_Frame0130_DriverToReference-SequenceTransformStatus = OK
Seq_Frame0130_Timestamp = 46.211
Seq_Frame0131_DriverToReference-SequenceTransform =-0.372672 -0.217767 -0.902049 50.9064 -0.824599 0.523565 0.214279 388.832 0.425619 0.823685 -0.374689 5.81076 0 0 0 1 
Seq_Frame0131_DriverToReference-SequenceTransformStatus = OK
Seq_Frame0131_Timestamp = 46.329
Seq_Frame0132_DriverToReference-SequenceTransform =-0.372672 -0.217767 -0.902049 50.9064 -0.824599 0.523565 0.214279 388.832 0.425619 0.823685 -0.374689 5.81076 0 0 0 1 
Seq_Frame0132_DriverToReference-SequenceTransformStatus = OK
Seq_Frame0132_Timestamp = 46.449
Seq_Frame0133_DriverToReference-SequenceTransform =-0.372672 -0.217767 -0.902049 50.9064 -0.824599 0.523565 0.214279 388.832 0.425619 0.823685 -0.374689 5.81076 0 0 0 1 
Seq_Frame0133_DriverToReference-SequenceTransformStatus = OK
Seq_Frame0133_Timestamp = 46.556
Seq_Frame0134_DriverToReference-SequenceTransform =-0.372672 -0.217767 -0.902049 50.9064 -0.824599 0.523565 0.214279 388.832 0.425619 0.823685 -0.374689 5.81076 0 0 0 1 
Seq_Frame0134_DriverToReference-SequenceTransformStatus = OK
Seq_Frame0134_Timestamp = 46.677
Seq_Frame0135_DriverToReference-SequenceTransform =-0.372672 -0.217767 -0.902049 50.9064 -0.824599 0.523565 0.214279 388.832 0.425619 0.823685 -0.374689 5.81076 0 0 0 1 
Seq_Frame0135_DriverToReference-SequenceTransformStatus = OK
Seq_Frame0135_Timestamp = 46.798
Seq_Frame0136_DriverToReference-SequenceTransform =-0.372672 -0.217767 -0.902049 50.9064 -0.824599 0.523565 0.214279 388.832 0.425619 0.823685 -0.374689 5.81076 0 0 0 1 
Seq_Frame0136_DriverToReference-SequenceTransformStatus = OK
Seq_Frame0136_Timestamp = 46.905
Seq_Frame0137_DriverToReference-SequenceTransform =-0.372672 -0.217767 -0.902049 50.9064 -0.824599 0.523565 0.214279 388.832 0.425619 0.823685 -0.374689 5.81076 0 0 0 1 
Seq_Frame0137_DriverToReference-SequenceTransformStatus = OK
Seq_Frame0137_Timestamp = 47.026
Seq_Frame0138_DriverToReference-SequenceTransform =-0.372672 -0.217767 -0.902049 50.9064 -0.824599 0.523565 0.214279 388.832 0.425619 0.823685 -0.374689 5.81076 0 0 0 1 
Seq_Frame0138_DriverToReference-SequenceTransformStatus = OK
Seq_Frame0138_Timestamp = 47.147
Seq_Frame0139_DriverToReference-SequenceTransform =-0.372672 -0.217767 -0.902049 50.9064 -0.824599 0.523565 0.214279 388.832 0.425619 0.823685 -0.374689 5.81076 0 0 0 1 
Seq_Frame0139_DriverToReference-SequenceTransformStatus = OK
Seq_Frame0139_Timestamp = 47.266
Seq_Frame0140_DriverToReference-SequenceTransform =-0.372672 -0.217767 -0.902049 50.9064 -0.824599 0.523565 0.214279 388.832 0.425619 0.823685 -0.374689 5.81076 0 0 0 1 
Seq_Frame0140_DriverToReference-SequenceTransformStatus = OK
Seq_Frame0140_Timestamp = 47.373
Seq_Frame0141_DriverToReference-SequenceTransform =-0.372672 -0.217767 -0.902049 50.9064 -0.824599 0.523565 0.214279 388.832 0.425619 0.823685 -0.374689 5.81076 0 0 0 1 
Seq_Frame0141_DriverToReference-SequenceTransformStatus = OK
Seq_Frame0141_Timestamp = 47.495
Seq_Frame0142_DriverToReference-SequenceTransform =-0.372672 -0.217767 -0.902049 50.9064 -0.824599 0.523565 0.214279 388.832 0.425619 0.823685 -0.374689 5.81076 0 0 0 1 
Seq_Frame0142_DriverToReference-SequenceTransformStatus = OK
Seq_Frame0142_Timestamp = 47.619
Seq_Frame0143_DriverToReference-SequenceTransform =-0.372672 -0.217767 -0.902049 50.9064 -0.824599 0.523565 0.214279 388.832 0.425619 0.823685 -0.374689 5.81076 0 0 0 1 
Seq_Frame0143_DriverToReference-SequenceTransformStatus = OK
Seq_Frame0143_Timestamp = 47.743
Seq_Frame0144_DriverToReference-SequenceTransform =-0.372672 -0.217767 -0.902049 50.9064 -0.824599 0.523565 0.214279 388.832 0.425619 0.823685 -0.374689 5.81076 0 0 0 1 
Seq_Frame0144_DriverToReference-SequenceTransformStatus = OK
Seq_Frame0144_Timestamp = 47.865
Seq_Frame0145_DriverToReference-SequenceTransform =-0.372672 -0.217767 -0.902049 50.9064 -0.824599 0.523565 0.214279 388.832 0.425619 0.823685 -0.374689 5.81076 0 0 0 1 
Seq_Frame0145_DriverToReference-SequenceTransformStatus = OK
Seq_Frame0145_Timestamp = 47.969
Seq_Frame0146_DriverToReference-SequenceTransform =-0.372672 -0.217767 -0.902049 50.9064 -0.824599 0.523565 0.214279 388.832 0.425619 0.823685 -0.374689 5.81076 0 0 0 1 
Seq_Frame0146_DriverToReference-SequenceTransformStatus = OK
Seq_Frame0146_Timestamp = 48.09
Seq_Frame0147_DriverToReference-SequenceTransform =-0.372672 -0.217767 -0.902049 50.9064 -0.824599 0.523565 0.214279 388.832 0.425619 0.823685 -0.374689 5.81076 0 0 0 1 
Seq_Frame0147_DriverToReference-SequenceTransformStatus = OK
Seq_Frame0147_Timestamp = 48.269
Seq_Frame0148_DriverToReference-SequenceTransform =-0.372672 -0.217767 -0.902049 50.9064 -0.824599 0.523565 0.214279 388.832 0.425619 0.823685 -0.374689 5.81076 0 0 0 1 
Seq_Frame0148_DriverToReference-SequenceTransformStatus = OK
Seq_Frame0148_Timestamp = 48.389
Seq_Frame0149_DriverToReference-SequenceTransform =-0.372672 -0.217767 -0.902049 50.9064 -0.824599 0.523565 0.214279 388.832 0.425619 0.823685 -0.374689 5.81076 0 0 0 1 
Seq_Frame0149_DriverToReference-SequenceTransformStatus = OK
Seq_Frame0149_Timestamp = 48.86
Seq_Frame0150_DriverToReference-SequenceTransform =-0.372672 -0.217767 -0.902049 50.9064 -0.824599 0.523565 0.214279 388.832 0.425619 0.823685 -0.374689 5.81076 0 0 0 1 
Seq_Frame0150_DriverToReference-SequenceTransformStatus = OK
Seq_Frame0150_Timestamp = 48.984
