ObjectType = Image
NDims = 3
AnatomicalOrientation = RAI
BinaryData = True
CompressedData = False
DimSize = 0 0 477
ElementSpacing = 1 1 1
Offset = 0 0 0
TransformMatrix = 1 0 0 0 1 0 0 0 1
ElementType = MET_UCHAR
Kinds = domain domain list
Seq_Frame0000_ForcepToReference-SequenceTransform =0.690366 0.00408773 -0.723449 36.0105 0.5157 -0.704113 0.488138 -11.8163 -0.507394 -0.710077 -0.488203 -16.5551 0 0 0 1 
Seq_Frame0000_ForcepToReference-SequenceTransformStatus = OK
Seq_Frame0000_Timestamp = 0.00200009
Seq_Frame0001_ForcepToReference-SequenceTransform =0.690655 0.00400607 -0.723173 35.9984 0.515576 -0.703957 0.488493 -11.816 -0.507126 -0.710231 -0.488257 -16.5622 0 0 0 1 
Seq_Frame0001_ForcepToReference-SequenceTransformStatus = OK
Seq_Frame0001_Timestamp = 0.114
Seq_Frame0002_ForcepToReference-SequenceTransform =0.689023 0.00339617 -0.724732 35.992 0.515877 -0.704662 0.487157 -11.8023 -0.509037 -0.709535 -0.487281 -16.6023 0 0 0 1 
Seq_Frame0002_ForcepToReference-SequenceTransformStatus = OK
Seq_Frame0002_Timestamp = 0.219
Seq_Frame0003_ForcepToReference-SequenceTransform =0.689762 0.0038311 -0.724026 36.0023 0.515911 -0.704213 0.48777 -11.8063 -0.508 -0.709978 -0.487716 -16.5636 0 0 0 1 
Seq_Frame0003_ForcepToReference-SequenceTransformStatus = OK
Seq_Frame0003_Timestamp = 0.329
Seq_Frame0004_ForcepToReference-SequenceTransform =0.689796 0.00390845 -0.723993 36.0099 0.516598 -0.703272 0.488401 -11.8162 -0.507255 -0.71091 -0.487133 -16.5557 0 0 0 1 
Seq_Frame0004_ForcepToReference-SequenceTransformStatus = OK
Seq_Frame0004_Timestamp = 0.437
Seq_Frame0005_ForcepToReference-SequenceTransform =0.689221 0.00361618 -0.724542 35.9983 0.516107 -0.704304 0.487432 -11.8137 -0.508535 -0.70989 -0.487288 -16.5537 0 0 0 1 
Seq_Frame0005_ForcepToReference-SequenceTransformStatus = OK
Seq_Frame0005_Timestamp = 0.544
Seq_Frame0006_ForcepToReference-SequenceTransform =0.689076 0.00352714 -0.72468 35.9934 0.516021 -0.704499 0.48724 -11.8002 -0.508818 -0.709696 -0.487274 -16.5575 0 0 0 1 
Seq_Frame0006_ForcepToReference-SequenceTransformStatus = OK
Seq_Frame0006_Timestamp = 0.649
Seq_Frame0007_ForcepToReference-SequenceTransform =0.688315 0.00320752 -0.725405 35.9954 0.51672 -0.704024 0.487187 -11.7868 -0.50914 -0.710169 -0.486248 -16.6007 0 0 0 1 
Seq_Frame0007_ForcepToReference-SequenceTransformStatus = OK
Seq_Frame0007_Timestamp = 0.76
Seq_Frame0008_ForcepToReference-SequenceTransform =0.689333 0.00363485 -0.724435 35.9951 0.516872 -0.703142 0.488299 -11.795 -0.507606 -0.71104 -0.486578 -16.5649 0 0 0 1 
Seq_Frame0008_ForcepToReference-SequenceTransformStatus = OK
Seq_Frame0008_Timestamp = 0.865
Seq_Frame0009_ForcepToReference-SequenceTransform =0.689652 0.00363176 -0.724132 36.0007 0.515907 -0.704188 0.48781 -11.8089 -0.508154 -0.710004 -0.487519 -16.575 0 0 0 1 
Seq_Frame0009_ForcepToReference-SequenceTransformStatus = OK
Seq_Frame0009_Timestamp = 0.974
Seq_Frame0010_ForcepToReference-SequenceTransform =0.689653 0.0034876 -0.724131 36.0022 0.516457 -0.703321 0.488479 -11.8205 -0.507593 -0.710864 -0.486849 -16.5265 0 0 0 1 
Seq_Frame0010_ForcepToReference-SequenceTransformStatus = OK
Seq_Frame0010_Timestamp = 1.079
Seq_Frame0011_ForcepToReference-SequenceTransform =0.689539 0.00349979 -0.72424 35.9962 0.515955 -0.704139 0.487831 -11.8049 -0.508258 -0.710054 -0.487337 -16.5692 0 0 0 1 
Seq_Frame0011_ForcepToReference-SequenceTransformStatus = OK
Seq_Frame0011_Timestamp = 1.19
Seq_Frame0012_ForcepToReference-SequenceTransform =0.69048 0.003718 -0.723342 35.999 0.515439 -0.70412 0.488403 -11.8065 -0.507504 -0.710071 -0.488097 -16.5704 0 0 0 1 
Seq_Frame0012_ForcepToReference-SequenceTransformStatus = OK
Seq_Frame0012_Timestamp = 1.296
Seq_Frame0013_ForcepToReference-SequenceTransform =0.690816 0.00415552 -0.723019 36 0.515007 -0.704703 0.488018 -11.8146 -0.507485 -0.70949 -0.48896 -16.5595 0 0 0 1 
Seq_Frame0013_ForcepToReference-SequenceTransformStatus = OK
Seq_Frame0013_Timestamp = 1.405
Seq_Frame0014_ForcepToReference-SequenceTransform =0.689551 0.00405938 -0.724226 35.9953 0.515681 -0.704886 0.48704 -11.7958 -0.50852 -0.709309 -0.488148 -16.6073 0 0 0 1 
Seq_Frame0014_ForcepToReference-SequenceTransformStatus = OK
Seq_Frame0014_Timestamp = 1.514
Seq_Frame0015_ForcepToReference-SequenceTransform =0.689047 0.00319932 -0.724709 35.9811 0.516791 -0.703231 0.488256 -11.8006 -0.508076 -0.710954 -0.486213 -16.554 0 0 0 1 
Seq_Frame0015_ForcepToReference-SequenceTransformStatus = OK
Seq_Frame0015_Timestamp = 1.62
Seq_Frame0016_ForcepToReference-SequenceTransform =0.689993 0.00331162 -0.723809 36.0041 0.515789 -0.703817 0.488471 -11.818 -0.507811 -0.710374 -0.487336 -16.5236 0 0 0 1 
Seq_Frame0016_ForcepToReference-SequenceTransformStatus = OK
Seq_Frame0016_Timestamp = 1.729
Seq_Frame0017_ForcepToReference-SequenceTransform =0.689316 0.00325311 -0.724454 35.9952 0.516939 -0.702807 0.48871 -11.8035 -0.507561 -0.711374 -0.486138 -16.5279 0 0 0 1 
Seq_Frame0017_ForcepToReference-SequenceTransformStatus = OK
Seq_Frame0017_Timestamp = 1.83
Seq_Frame0018_ForcepToReference-SequenceTransform =0.688902 0.00340696 -0.724846 36.0032 0.516692 -0.703646 0.487763 -11.8335 -0.508373 -0.710543 -0.486503 -16.4964 0 0 0 1 
Seq_Frame0018_ForcepToReference-SequenceTransformStatus = OK
Seq_Frame0018_Timestamp = 1.939
Seq_Frame0019_ForcepToReference-SequenceTransform =0.689061 0.00306501 -0.724697 35.9948 0.516718 -0.70323 0.488335 -11.8104 -0.508132 -0.710956 -0.486152 -16.4902 0 0 0 1 
Seq_Frame0019_ForcepToReference-SequenceTransformStatus = OK
Seq_Frame0019_Timestamp = 2.045
Seq_Frame0020_ForcepToReference-SequenceTransform =0.689461 0.00295804 -0.724317 35.9896 0.515832 -0.704019 0.488134 -11.8122 -0.508489 -0.710175 -0.486919 -16.4972 0 0 0 1 
Seq_Frame0020_ForcepToReference-SequenceTransformStatus = OK
Seq_Frame0020_Timestamp = 2.151
Seq_Frame0021_ForcepToReference-SequenceTransform =0.690477 0.00359292 -0.723346 36.0016 0.515748 -0.703606 0.488818 -11.8056 -0.507194 -0.710581 -0.487677 -16.5658 0 0 0 1 
Seq_Frame0021_ForcepToReference-SequenceTransformStatus = OK
Seq_Frame0021_Timestamp = 2.259
Seq_Frame0022_ForcepToReference-SequenceTransform =0.68932 0.00325518 -0.724449 36.0015 0.516252 -0.703764 0.488057 -11.8058 -0.508253 -0.710426 -0.4868 -16.5059 0 0 0 1 
Seq_Frame0022_ForcepToReference-SequenceTransformStatus = OK
Seq_Frame0022_Timestamp = 2.364
Seq_Frame0023_ForcepToReference-SequenceTransform =0.689157 0.00312639 -0.724606 35.9871 0.516892 -0.702937 0.488571 -11.8016 -0.507825 -0.711245 -0.48605 -16.55 0 0 0 1 
Seq_Frame0023_ForcepToReference-SequenceTransformStatus = OK
Seq_Frame0023_Timestamp = 2.474
Seq_Frame0024_ForcepToReference-SequenceTransform =0.690136 0.00337601 -0.723672 35.9977 0.51564 -0.703933 0.488461 -11.8176 -0.507768 -0.710258 -0.48755 -16.5178 0 0 0 1 
Seq_Frame0024_ForcepToReference-SequenceTransformStatus = OK
Seq_Frame0024_Timestamp = 2.579
Seq_Frame0025_ForcepToReference-SequenceTransform =0.689668 0.00333964 -0.724118 36.0033 0.516393 -0.703297 0.488582 -11.8206 -0.507638 -0.710889 -0.486766 -16.5163 0 0 0 1 
Seq_Frame0025_ForcepToReference-SequenceTransformStatus = OK
Seq_Frame0025_Timestamp = 2.694
Seq_Frame0026_ForcepToReference-SequenceTransform =0.68903 0.00296599 -0.724726 35.9908 0.516741 -0.703159 0.488412 -11.7888 -0.508149 -0.711026 -0.486031 -16.561 0 0 0 1 
Seq_Frame0026_ForcepToReference-SequenceTransformStatus = OK
Seq_Frame0026_Timestamp = 2.795
Seq_Frame0027_ForcepToReference-SequenceTransform =0.688344 0.00279341 -0.725379 35.9981 0.516639 -0.703831 0.487551 -11.8093 -0.509183 -0.710362 -0.485921 -16.4933 0 0 0 1 
Seq_Frame0027_ForcepToReference-SequenceTransformStatus = OK
Seq_Frame0027_Timestamp = 2.904
Seq_Frame0028_ForcepToReference-SequenceTransform =0.690263 0.00345243 -0.723551 36.0005 0.516137 -0.703168 0.489037 -11.8109 -0.507089 -0.711015 -0.487153 -16.5179 0 0 0 1 
Seq_Frame0028_ForcepToReference-SequenceTransformStatus = OK
Seq_Frame0028_Timestamp = 3.009
Seq_Frame0029_ForcepToReference-SequenceTransform =0.689523 0.00299798 -0.724257 35.9968 0.516154 -0.703537 0.488488 -11.8167 -0.508077 -0.710653 -0.486652 -16.4861 0 0 0 1 
Seq_Frame0029_ForcepToReference-SequenceTransformStatus = OK
Seq_Frame0029_Timestamp = 3.119
Seq_Frame0030_ForcepToReference-SequenceTransform =0.689491 0.00310019 -0.724288 35.998 0.515976 -0.703885 0.488175 -11.8042 -0.508301 -0.710308 -0.486922 -16.5153 0 0 0 1 
Seq_Frame0030_ForcepToReference-SequenceTransformStatus = OK
Seq_Frame0030_Timestamp = 3.224
Seq_Frame0031_ForcepToReference-SequenceTransform =0.689457 0.00343168 -0.724319 35.9995 0.517332 -0.702241 0.489106 -11.8003 -0.506968 -0.711931 -0.48594 -16.5297 0 0 0 1 
Seq_Frame0031_ForcepToReference-SequenceTransformStatus = OK
Seq_Frame0031_Timestamp = 3.334
Seq_Frame0032_ForcepToReference-SequenceTransform =0.689318 0.00323293 -0.724451 36.0033 0.516164 -0.703874 0.487991 -11.816 -0.508345 -0.710317 -0.486862 -16.5002 0 0 0 1 
Seq_Frame0032_ForcepToReference-SequenceTransformStatus = OK
Seq_Frame0032_Timestamp = 3.439
Seq_Frame0033_ForcepToReference-SequenceTransform =0.690943 0.00362423 -0.7229 35.9853 0.515755 -0.703176 0.489429 -11.8116 -0.506552 -0.711007 -0.487723 -16.5218 0 0 0 1 
Seq_Frame0033_ForcepToReference-SequenceTransformStatus = OK
Seq_Frame0033_Timestamp = 3.55
Seq_Frame0034_ForcepToReference-SequenceTransform =0.690682 0.00353339 -0.72315 36.0091 0.515801 -0.703297 0.489206 -11.7983 -0.506861 -0.710887 -0.487577 -16.5467 0 0 0 1 
Seq_Frame0034_ForcepToReference-SequenceTransformStatus = OK
Seq_Frame0034_Timestamp = 3.654
Seq_Frame0035_ForcepToReference-SequenceTransform =0.689584 0.00321851 -0.724199 36.0051 0.516126 -0.703668 0.48833 -11.8147 -0.508023 -0.710522 -0.486899 -16.5245 0 0 0 1 
Seq_Frame0035_ForcepToReference-SequenceTransformStatus = OK
Seq_Frame0035_Timestamp = 3.764
Seq_Frame0036_ForcepToReference-SequenceTransform =0.0484379 -0.121348 -0.991427 -14.1363 0.67793 -0.724957 0.121854 117.22 -0.733529 -0.678021 0.0471502 -91.7269 0 0 0 1 
Seq_Frame0036_ForcepToReference-SequenceTransformStatus = OK
Seq_Frame0036_Timestamp = 7.699
Seq_Frame0037_ForcepToReference-SequenceTransform =-0.214038 -0.112189 -0.970361 -43.6256 0.538072 -0.84263 -0.0212645 141.952 -0.81527 -0.526676 0.240721 -86.0559 0 0 0 1 
Seq_Frame0037_ForcepToReference-SequenceTransformStatus = OK
Seq_Frame0037_Timestamp = 7.817
Seq_Frame0038_ForcepToReference-SequenceTransform =-0.361342 -0.134847 -0.922631 -54.894 0.464122 -0.884212 -0.0525382 158.261 -0.808717 -0.447198 0.382088 -72.1107 0 0 0 1 
Seq_Frame0038_ForcepToReference-SequenceTransformStatus = OK
Seq_Frame0038_Timestamp = 7.92
Seq_Frame0039_ForcepToReference-SequenceTransform =-0.541546 -0.115532 -0.832695 -67.0174 0.386399 -0.91389 -0.124499 172.495 -0.746608 -0.389174 0.539555 -61.4126 0 0 0 1 
Seq_Frame0039_ForcepToReference-SequenceTransformStatus = OK
Seq_Frame0039_Timestamp = 8.049
Seq_Frame0040_ForcepToReference-SequenceTransform =-0.640444 -0.0664955 -0.76512 -67.6619 0.281482 -0.947243 -0.153291 172.217 -0.714562 -0.313542 0.625374 -50.3402 0 0 0 1 
Seq_Frame0040_ForcepToReference-SequenceTransformStatus = OK
Seq_Frame0040_Timestamp = 8.162
Seq_Frame0041_ForcepToReference-SequenceTransform =-0.5984 0.193913 -0.777377 -22.3343 0.113987 -0.939794 -0.322171 213.947 -0.793047 -0.281398 0.540269 -6.36713 0 0 0 1 
Seq_Frame0041_ForcepToReference-SequenceTransformStatus = OK
Seq_Frame0041_Timestamp = 9.349
Seq_Frame0042_ForcepToReference-SequenceTransform =-0.639443 0.238943 -0.730766 22.7637 0.0660237 -0.929903 -0.36183 236.307 -0.765998 -0.279617 0.578844 20.0947 0 0 0 1 
Seq_Frame0042_ForcepToReference-SequenceTransformStatus = OK
Seq_Frame0042_Timestamp = 10.309
Seq_Frame0043_ForcepToReference-SequenceTransform =-0.629411 0.251082 -0.735391 24.0537 0.120159 -0.903531 -0.411332 244.773 -0.767726 -0.347261 0.538522 10.9061 0 0 0 1 
Seq_Frame0043_ForcepToReference-SequenceTransformStatus = OK
Seq_Frame0043_Timestamp = 10.415
Seq_Frame0044_ForcepToReference-SequenceTransform =-0.67032 0.242727 -0.701252 10.3255 0.142686 -0.8852 -0.442789 252.642 -0.728225 -0.396869 0.558734 1.31905 0 0 0 1 
Seq_Frame0044_ForcepToReference-SequenceTransformStatus = OK
Seq_Frame0044_Timestamp = 10.544
Seq_Frame0045_ForcepToReference-SequenceTransform =-0.714301 0.582577 -0.387788 -15.5502 0.699615 0.608454 -0.374598 299.163 0.0177188 -0.538877 -0.842198 177.655 0 0 0 1 
Seq_Frame0045_ForcepToReference-SequenceTransformStatus = OK
Seq_Frame0045_Timestamp = 10.714
Seq_Frame0046_ForcepToReference-SequenceTransform =-0.756002 0.0300019 -0.653881 -1.40059 0.443328 -0.711483 -0.545209 245.362 -0.481582 -0.702063 0.524582 -17.4339 0 0 0 1 
Seq_Frame0046_ForcepToReference-SequenceTransformStatus = OK
Seq_Frame0046_Timestamp = 10.83
Seq_Frame0047_ForcepToReference-SequenceTransform =-0.747774 -0.0522894 -0.661892 5.52186 0.498367 -0.702902 -0.507502 228.158 -0.438708 -0.709362 0.551671 -19.9482 0 0 0 1 
Seq_Frame0047_ForcepToReference-SequenceTransformStatus = OK
Seq_Frame0047_Timestamp = 10.956
Seq_Frame0048_ForcepToReference-SequenceTransform =-0.619226 -0.204019 -0.758245 -12.1378 0.644836 -0.683136 -0.3428 163.809 -0.448047 -0.701214 0.554574 -10.8989 0 0 0 1 
Seq_Frame0048_ForcepToReference-SequenceTransformStatus = OK
Seq_Frame0048_Timestamp = 11.085
Seq_Frame0049_ForcepToReference-SequenceTransform =-0.524702 -0.203802 -0.826531 -6.26698 0.6156 -0.761452 -0.203043 136.457 -0.587983 -0.615349 0.524996 8.39263 0 0 0 1 
Seq_Frame0049_ForcepToReference-SequenceTransformStatus = OK
Seq_Frame0049_Timestamp = 11.204
Seq_Frame0050_ForcepToReference-SequenceTransform =-0.517863 -0.198998 -0.831996 -0.362827 0.603163 -0.77462 -0.190155 130.793 -0.60664 -0.600303 0.521176 15.6413 0 0 0 1 
Seq_Frame0050_ForcepToReference-SequenceTransformStatus = OK
Seq_Frame0050_Timestamp = 11.31
Seq_Frame0051_ForcepToReference-SequenceTransform =-0.475727 -0.209137 -0.854369 4.31223 0.615276 -0.773259 -0.153314 128.921 -0.628585 -0.598608 0.496537 18.9858 0 0 0 1 
Seq_Frame0051_ForcepToReference-SequenceTransformStatus = OK
Seq_Frame0051_Timestamp = 11.416
Seq_Frame0052_ForcepToReference-SequenceTransform =-0.46345 -0.230078 -0.855733 6.32362 0.603282 -0.789263 -0.11452 127.134 -0.64905 -0.569323 0.504585 21.6852 0 0 0 1 
Seq_Frame0052_ForcepToReference-SequenceTransformStatus = OK
Seq_Frame0052_Timestamp = 11.521
Seq_Frame0053_ForcepToReference-SequenceTransform =-0.45736 -0.218327 -0.862065 8.15391 0.576105 -0.811211 -0.100198 125.455 -0.67744 -0.542466 0.496795 23.8476 0 0 0 1 
Seq_Frame0053_ForcepToReference-SequenceTransformStatus = OK
Seq_Frame0053_Timestamp = 11.624
Seq_Frame0054_ForcepToReference-SequenceTransform =-0.427044 -0.134001 -0.894247 12.8321 0.53142 -0.837335 -0.128305 125.257 -0.731591 -0.530013 0.42879 26.334 0 0 0 1 
Seq_Frame0054_ForcepToReference-SequenceTransformStatus = OK
Seq_Frame0054_Timestamp = 11.746
Seq_Frame0055_ForcepToReference-SequenceTransform =-0.350275 -0.0497957 -0.935322 19.7894 0.505638 -0.850631 -0.144073 127.549 -0.78844 -0.523399 0.323133 31.8645 0 0 0 1 
Seq_Frame0055_ForcepToReference-SequenceTransformStatus = OK
Seq_Frame0055_Timestamp = 11.866
Seq_Frame0056_ForcepToReference-SequenceTransform =-0.980205 -0.0630942 0.187665 42.4973 -0.169288 0.75861 -0.629168 201.332 -0.102668 -0.648483 -0.754274 183.673 0 0 0 1 
Seq_Frame0056_ForcepToReference-SequenceTransformStatus = OK
Seq_Frame0056_Timestamp = 11.97
Seq_Frame0057_ForcepToReference-SequenceTransform =-0.978383 -0.0701792 0.194529 44.2586 -0.175935 0.776851 -0.604607 200.466 -0.108689 -0.625762 -0.772405 178.489 0 0 0 1 
Seq_Frame0057_ForcepToReference-SequenceTransformStatus = OK
Seq_Frame0057_Timestamp = 12.077
Seq_Frame0058_ForcepToReference-SequenceTransform =0.0038344 0.00983363 0.999944 29.2134 -0.273078 0.961955 -0.00841289 155.438 -0.961984 -0.27303 0.00637387 -20.6218 0 0 0 1 
Seq_Frame0058_ForcepToReference-SequenceTransformStatus = OK
Seq_Frame0058_Timestamp = 34.818
Seq_Frame0059_ForcepToReference-SequenceTransform =-0.180472 0.0392114 0.982798 9.73057 -0.326222 0.94026 -0.0974187 165.318 -0.927906 -0.338192 -0.156899 -51.806 0 0 0 1 
Seq_Frame0059_ForcepToReference-SequenceTransformStatus = OK
Seq_Frame0059_Timestamp = 34.943
Seq_Frame0060_ForcepToReference-SequenceTransform =-0.307313 -0.0290359 0.951165 -20.0226 -0.342813 0.935801 -0.082193 183.803 -0.887715 -0.351331 -0.297537 -70.6337 0 0 0 1 
Seq_Frame0060_ForcepToReference-SequenceTransformStatus = OK
Seq_Frame0060_Timestamp = 35.069
Seq_Frame0061_ForcepToReference-SequenceTransform =-0.419578 -0.0953172 0.902701 -45.7426 -0.36205 0.929517 -0.0701331 197.075 -0.832391 -0.356249 -0.424515 -79.3916 0 0 0 1 
Seq_Frame0061_ForcepToReference-SequenceTransformStatus = OK
Seq_Frame0061_Timestamp = 35.186
Seq_Frame0062_ForcepToReference-SequenceTransform =-0.47508 -0.148392 0.86734 -64.5003 -0.426133 0.901185 -0.0792289 203.159 -0.769877 -0.407242 -0.491369 -80.5756 0 0 0 1 
Seq_Frame0062_ForcepToReference-SequenceTransformStatus = OK
Seq_Frame0062_Timestamp = 35.294
Seq_Frame0063_ForcepToReference-SequenceTransform =-0.402025 -0.144213 0.904201 -70.5607 -0.545352 0.830966 -0.109941 202.629 -0.735505 -0.537306 -0.412716 -78.6208 0 0 0 1 
Seq_Frame0063_ForcepToReference-SequenceTransformStatus = OK
Seq_Frame0063_Timestamp = 35.414
Seq_Frame0064_ForcepToReference-SequenceTransform =-0.314859 -0.176458 0.932591 -69.0411 -0.63219 0.771877 -0.0673902 199.98 -0.707954 -0.610793 -0.354587 -78.262 0 0 0 1 
Seq_Frame0064_ForcepToReference-SequenceTransformStatus = OK
Seq_Frame0064_Timestamp = 35.535
Seq_Frame0065_ForcepToReference-SequenceTransform =-0.264808 -0.190609 0.945275 -61.3187 -0.726715 0.68379 -0.0656988 192.599 -0.633847 -0.704343 -0.319592 -71.7083 0 0 0 1 
Seq_Frame0065_ForcepToReference-SequenceTransformStatus = OK
Seq_Frame0065_Timestamp = 35.644
Seq_Frame0066_ForcepToReference-SequenceTransform =-0.178899 -0.0891444 0.979821 -51.4069 -0.826594 0.553745 -0.100542 180.975 -0.533608 -0.827901 -0.17275 -66.545 0 0 0 1 
Seq_Frame0066_ForcepToReference-SequenceTransformStatus = OK
Seq_Frame0066_Timestamp = 35.762
Seq_Frame0067_ForcepToReference-SequenceTransform =-0.365681 -0.623897 -0.690674 -14.0971 0.68934 -0.680149 0.249415 162.198 -0.62537 -0.384903 0.678794 -63.2556 0 0 0 1 
Seq_Frame0067_ForcepToReference-SequenceTransformStatus = OK
Seq_Frame0067_Timestamp = 36.569
Seq_Frame0068_ForcepToReference-SequenceTransform =0.13549 -0.649902 -0.747844 -6.5583 0.778396 -0.397161 0.486172 111.211 -0.612978 -0.64799 0.45207 -75.897 0 0 0 1 
Seq_Frame0068_ForcepToReference-SequenceTransformStatus = OK
Seq_Frame0068_Timestamp = 36.692
Seq_Frame0069_ForcepToReference-SequenceTransform =0.579084 -0.322576 -0.748737 3.37193 0.606967 -0.442555 0.660102 23.8576 -0.54429 -0.836714 -0.0604837 -63.5762 0 0 0 1 
Seq_Frame0069_ForcepToReference-SequenceTransformStatus = OK
Seq_Frame0069_Timestamp = 36.991
Seq_Frame0070_ForcepToReference-SequenceTransform =0.794564 -0.172362 -0.582202 23.5032 0.427512 -0.522081 0.738014 -14.3911 -0.431163 -0.835298 -0.34114 -29.9359 0 0 0 1 
Seq_Frame0070_ForcepToReference-SequenceTransformStatus = OK
Seq_Frame0070_Timestamp = 37.612
Seq_Frame0071_ForcepToReference-SequenceTransform =0.80741 -0.151887 -0.570105 25.2941 0.416576 -0.537508 0.733178 -16.0285 -0.417796 -0.829467 -0.370716 -28.1598 0 0 0 1 
Seq_Frame0071_ForcepToReference-SequenceTransformStatus = OK
Seq_Frame0071_Timestamp = 37.718
Seq_Frame0072_ForcepToReference-SequenceTransform =0.805469 -0.148717 -0.573675 25.3272 0.425579 -0.528514 0.734545 -15.8112 -0.412435 -0.835797 -0.362411 -28.2253 0 0 0 1 
Seq_Frame0072_ForcepToReference-SequenceTransformStatus = OK
Seq_Frame0072_Timestamp = 37.84
Seq_Frame0073_ForcepToReference-SequenceTransform =0.728204 -0.153396 -0.667974 23.6369 0.448335 -0.63055 0.633563 -18.5235 -0.518377 -0.760839 -0.390396 -28.3599 0 0 0 1 
Seq_Frame0073_ForcepToReference-SequenceTransformStatus = OK
Seq_Frame0073_Timestamp = 37.948
Seq_Frame0074_ForcepToReference-SequenceTransform =0.750407 -0.132954 -0.647466 21.948 0.471289 -0.579188 0.665153 -16.394 -0.463439 -0.804279 -0.371967 -27.6464 0 0 0 1 
Seq_Frame0074_ForcepToReference-SequenceTransformStatus = OK
Seq_Frame0074_Timestamp = 38.052
Seq_Frame0075_ForcepToReference-SequenceTransform =0.772426 -0.112632 -0.625038 22.1182 0.466893 -0.566463 0.679066 -15.5752 -0.430545 -0.816354 -0.384964 -28.5348 0 0 0 1 
Seq_Frame0075_ForcepToReference-SequenceTransformStatus = OK
Seq_Frame0075_Timestamp = 38.164
Seq_Frame0076_ForcepToReference-SequenceTransform =0.772563 -0.109455 -0.625432 22.7265 0.489028 -0.525682 0.696068 -14.3751 -0.404967 -0.84361 -0.352596 -28.143 0 0 0 1 
Seq_Frame0076_ForcepToReference-SequenceTransformStatus = OK
Seq_Frame0076_Timestamp = 38.283
Seq_Frame0077_ForcepToReference-SequenceTransform =0.174016 0.978229 -0.113076 34.7222 -0.737721 0.0534399 -0.672987 -6.54626 -0.652292 0.200529 0.73096 -33.0717 0 0 0 1 
Seq_Frame0077_ForcepToReference-SequenceTransformStatus = OK
Seq_Frame0077_Timestamp = 39.696
Seq_Frame0078_ForcepToReference-SequenceTransform =0.211628 0.97243 -0.0979429 36.6091 -0.776646 0.106486 -0.620871 -10.7418 -0.593325 0.207461 0.77777 -29.3775 0 0 0 1 
Seq_Frame0078_ForcepToReference-SequenceTransformStatus = OK
Seq_Frame0078_Timestamp = 39.819
Seq_Frame0079_ForcepToReference-SequenceTransform =0.252438 0.965306 -0.0667791 35.9967 -0.776311 0.16085 -0.609483 -10.2711 -0.577596 0.205698 0.789982 -26.8032 0 0 0 1 
Seq_Frame0079_ForcepToReference-SequenceTransformStatus = OK
Seq_Frame0079_Timestamp = 39.922
Seq_Frame0080_ForcepToReference-SequenceTransform =0.309048 0.950808 -0.0212957 33.9502 -0.778178 0.239937 -0.580405 -9.42305 -0.546744 0.195945 0.81405 -21.7147 0 0 0 1 
Seq_Frame0080_ForcepToReference-SequenceTransformStatus = OK
Seq_Frame0080_Timestamp = 40.043
Seq_Frame0081_ForcepToReference-SequenceTransform =0.357215 0.931257 0.0718163 33.0197 -0.822435 0.350052 -0.448402 -13.589 -0.442717 0.101112 0.890942 -21.9348 0 0 0 1 
Seq_Frame0081_ForcepToReference-SequenceTransformStatus = OK
Seq_Frame0081_Timestamp = 40.164
Seq_Frame0082_ForcepToReference-SequenceTransform =0.383897 0.913036 0.137801 34.441 -0.857572 0.407875 -0.313382 -16.3358 -0.342335 0.00213223 0.939576 -23.3396 0 0 0 1 
Seq_Frame0082_ForcepToReference-SequenceTransformStatus = OK
Seq_Frame0082_Timestamp = 40.532
Seq_Frame0083_ForcepToReference-SequenceTransform =0.383768 0.912537 0.141418 34.3076 -0.858323 0.408988 -0.309855 -16.2918 -0.340592 -0.00246948 0.940208 -23.1277 0 0 0 1 
Seq_Frame0083_ForcepToReference-SequenceTransformStatus = OK
Seq_Frame0083_Timestamp = 40.655
Seq_Frame0084_ForcepToReference-SequenceTransform =0.384786 0.912843 0.136589 34.3638 -0.85629 0.408282 -0.316344 -16.2986 -0.344539 0.00476469 0.93876 -23.1101 0 0 0 1 
Seq_Frame0084_ForcepToReference-SequenceTransformStatus = OK
Seq_Frame0084_Timestamp = 40.775
Seq_Frame0085_ForcepToReference-SequenceTransform =0.383571 0.913595 0.134971 34.378 -0.857472 0.406592 -0.315316 -16.2786 -0.342949 0.00521238 0.939339 -23.2368 0 0 0 1 
Seq_Frame0085_ForcepToReference-SequenceTransformStatus = OK
Seq_Frame0085_Timestamp = 40.897
Seq_Frame0086_ForcepToReference-SequenceTransform =0.385165 0.913125 0.133606 34.383 -0.855161 0.407578 -0.320282 -16.2473 -0.346912 0.00910698 0.937853 -23.1493 0 0 0 1 
Seq_Frame0086_ForcepToReference-SequenceTransformStatus = OK
Seq_Frame0086_Timestamp = 41.016
Seq_Frame0087_ForcepToReference-SequenceTransform =0.383896 0.913512 0.134609 34.386 -0.856324 0.406753 -0.318215 -16.271 -0.345446 0.00689217 0.938413 -23.1807 0 0 0 1 
Seq_Frame0087_ForcepToReference-SequenceTransformStatus = OK
Seq_Frame0087_Timestamp = 41.136
Seq_Frame0088_ForcepToReference-SequenceTransform =0.383601 0.913905 0.132768 34.3961 -0.857657 0.405862 -0.315753 -16.2272 -0.342454 0.00725365 0.939507 -23.2611 0 0 0 1 
Seq_Frame0088_ForcepToReference-SequenceTransformStatus = OK
Seq_Frame0088_Timestamp = 41.244
Seq_Frame0089_ForcepToReference-SequenceTransform =0.383544 0.91355 0.135353 34.3674 -0.857113 0.406693 -0.316162 -16.2611 -0.343877 0.00524974 0.939 -23.2576 0 0 0 1 
Seq_Frame0089_ForcepToReference-SequenceTransformStatus = OK
Seq_Frame0089_Timestamp = 41.363
Seq_Frame0090_ForcepToReference-SequenceTransform =0.384439 0.913053 0.136164 34.3541 -0.856086 0.407803 -0.317512 -16.298 -0.345433 0.00549523 0.938427 -23.0797 0 0 0 1 
Seq_Frame0090_ForcepToReference-SequenceTransformStatus = OK
Seq_Frame0090_Timestamp = 41.471
Seq_Frame0091_ForcepToReference-SequenceTransform =0.384264 0.912887 0.137766 34.337 -0.856545 0.4082 -0.315759 -16.2865 -0.344488 0.00333155 0.938785 -23.0952 0 0 0 1 
Seq_Frame0091_ForcepToReference-SequenceTransformStatus = OK
Seq_Frame0091_Timestamp = 41.59
Seq_Frame0092_ForcepToReference-SequenceTransform =0.384766 0.912728 0.137413 34.3416 -0.856154 0.408547 -0.316369 -16.3078 -0.344899 0.0040814 0.938631 -23.0679 0 0 0 1 
Seq_Frame0092_ForcepToReference-SequenceTransformStatus = OK
Seq_Frame0092_Timestamp = 41.713
Seq_Frame0093_ForcepToReference-SequenceTransform =0.384794 0.912887 0.136279 34.3472 -0.856316 0.408182 -0.316401 -16.3245 -0.344465 0.00505133 0.938786 -23.0602 0 0 0 1 
Seq_Frame0093_ForcepToReference-SequenceTransformStatus = OK
Seq_Frame0093_Timestamp = 41.837
Seq_Frame0094_ForcepToReference-SequenceTransform =0.384404 0.91282 0.137814 34.3346 -0.856756 0.40835 -0.314992 -16.292 -0.343807 0.00301135 0.939036 -23.1109 0 0 0 1 
Seq_Frame0094_ForcepToReference-SequenceTransformStatus = OK
Seq_Frame0094_Timestamp = 41.959
Seq_Frame0095_ForcepToReference-SequenceTransform =0.384553 0.912924 0.13671 34.3531 -0.85659 0.408108 -0.315756 -16.2958 -0.344053 0.00432035 0.93894 -23.1136 0 0 0 1 
Seq_Frame0095_ForcepToReference-SequenceTransformStatus = OK
Seq_Frame0095_Timestamp = 42.082
Seq_Frame0096_ForcepToReference-SequenceTransform =0.384259 0.913451 0.133986 34.3606 -0.856537 0.406884 -0.317475 -16.3738 -0.344514 0.00722914 0.938753 -22.944 0 0 0 1 
Seq_Frame0096_ForcepToReference-SequenceTransformStatus = OK
Seq_Frame0096_Timestamp = 42.201
Seq_Frame0097_ForcepToReference-SequenceTransform =0.380943 0.914534 0.136051 34.3705 -0.859357 0.404503 -0.312862 -16.2832 -0.341156 0.00226622 0.940004 -23.3987 0 0 0 1 
Seq_Frame0097_ForcepToReference-SequenceTransformStatus = OK
Seq_Frame0097_Timestamp = 42.322
Seq_Frame0098_ForcepToReference-SequenceTransform =0.38338 0.913776 0.134286 34.3637 -0.856856 0.406163 -0.317538 -16.2844 -0.344701 0.00667341 0.938689 -23.2241 0 0 0 1 
Seq_Frame0098_ForcepToReference-SequenceTransformStatus = OK
Seq_Frame0098_Timestamp = 42.443
Seq_Frame0099_ForcepToReference-SequenceTransform =0.383897 0.913276 0.136198 34.3522 -0.855779 0.407299 -0.318983 -16.2861 -0.346792 0.00590137 0.937923 -23.1158 0 0 0 1 
Seq_Frame0099_ForcepToReference-SequenceTransformStatus = OK
Seq_Frame0099_Timestamp = 42.567
Seq_Frame0100_ForcepToReference-SequenceTransform =0.383685 0.913356 0.13626 34.3583 -0.855738 0.407119 -0.319321 -16.2689 -0.347128 0.00591549 0.937799 -23.1457 0 0 0 1 
Seq_Frame0100_ForcepToReference-SequenceTransformStatus = OK
Seq_Frame0100_Timestamp = 42.671
Seq_Frame0101_ForcepToReference-SequenceTransform =0.38344 0.913305 0.13729 34.3494 -0.856827 0.407261 -0.316207 -16.2654 -0.344706 0.00361225 0.938704 -23.1798 0 0 0 1 
Seq_Frame0101_ForcepToReference-SequenceTransformStatus = OK
Seq_Frame0101_Timestamp = 42.793
Seq_Frame0102_ForcepToReference-SequenceTransform =0.38316 0.913449 0.137112 34.3412 -0.857162 0.406939 -0.315713 -16.2757 -0.344184 0.00344166 0.938896 -23.1609 0 0 0 1 
Seq_Frame0102_ForcepToReference-SequenceTransformStatus = OK
Seq_Frame0102_Timestamp = 42.898
Seq_Frame0103_ForcepToReference-SequenceTransform =0.383551 0.91334 0.136739 34.3257 -0.856689 0.407174 -0.316691 -16.2726 -0.344924 0.00432459 0.938621 -23.117 0 0 0 1 
Seq_Frame0103_ForcepToReference-SequenceTransformStatus = OK
Seq_Frame0103_Timestamp = 43.023
Seq_Frame0104_ForcepToReference-SequenceTransform =0.38363 0.913273 0.136971 34.3446 -0.857069 0.407333 -0.315455 -16.2794 -0.34389 0.00362413 0.939003 -23.1651 0 0 0 1 
Seq_Frame0104_ForcepToReference-SequenceTransformStatus = OK
Seq_Frame0104_Timestamp = 43.141
Seq_Frame0105_ForcepToReference-SequenceTransform =0.383708 0.913224 0.137079 34.3446 -0.856438 0.407436 -0.317033 -16.2912 -0.345373 0.00424865 0.938456 -23.1017 0 0 0 1 
Seq_Frame0105_ForcepToReference-SequenceTransformStatus = OK
Seq_Frame0105_Timestamp = 43.247
Seq_Frame0106_ForcepToReference-SequenceTransform =0.383705 0.913384 0.136014 34.3615 -0.856652 0.407066 -0.31693 -16.2782 -0.344845 0.00509057 0.938646 -23.1692 0 0 0 1 
Seq_Frame0106_ForcepToReference-SequenceTransformStatus = OK
Seq_Frame0106_Timestamp = 43.372
Seq_Frame0107_ForcepToReference-SequenceTransform =0.383987 0.91312 0.136992 34.3433 -0.856568 0.407671 -0.31638 -16.3019 -0.344741 0.00414339 0.938689 -23.1114 0 0 0 1 
Seq_Frame0107_ForcepToReference-SequenceTransformStatus = OK
Seq_Frame0107_Timestamp = 43.493
Seq_Frame0108_ForcepToReference-SequenceTransform =0.384101 0.913156 0.136425 34.3265 -0.856692 0.407584 -0.316154 -16.3177 -0.344303 0.00456097 0.938848 -23.0448 0 0 0 1 
Seq_Frame0108_ForcepToReference-SequenceTransformStatus = OK
Seq_Frame0108_Timestamp = 43.613
Seq_Frame0109_ForcepToReference-SequenceTransform =0.380838 0.913953 0.14019 34.159 -0.852077 0.40577 -0.33063 -16.2742 -0.359065 0.00646367 0.93329 -22.6018 0 0 0 1 
Seq_Frame0109_ForcepToReference-SequenceTransformStatus = OK
Seq_Frame0109_Timestamp = 43.719
Seq_Frame0110_ForcepToReference-SequenceTransform =0.382185 0.913628 0.138633 34.1996 -0.854311 0.406517 -0.323877 -16.208 -0.352259 0.00534495 0.935887 -22.7612 0 0 0 1 
Seq_Frame0110_ForcepToReference-SequenceTransformStatus = OK
Seq_Frame0110_Timestamp = 43.899
Seq_Frame0111_ForcepToReference-SequenceTransform =0.384436 0.913145 0.135554 34.3534 -0.85573 0.407582 -0.318753 -16.3021 -0.346317 0.00654274 0.938095 -23.0698 0 0 0 1 
Seq_Frame0111_ForcepToReference-SequenceTransformStatus = OK
Seq_Frame0111_Timestamp = 44.021
Seq_Frame0112_ForcepToReference-SequenceTransform =0.383915 0.913082 0.137442 34.3593 -0.856739 0.407761 -0.3158 -16.3165 -0.344395 0.00348824 0.938818 -23.1385 0 0 0 1 
Seq_Frame0112_ForcepToReference-SequenceTransformStatus = OK
Seq_Frame0112_Timestamp = 44.139
Seq_Frame0113_ForcepToReference-SequenceTransform =0.384925 0.913132 0.134247 34.3973 -0.855609 0.407586 -0.319072 -16.3586 -0.346072 0.00795628 0.938174 -23.1547 0 0 0 1 
Seq_Frame0113_ForcepToReference-SequenceTransformStatus = OK
Seq_Frame0113_Timestamp = 44.26
Seq_Frame0114_ForcepToReference-SequenceTransform =0.384592 0.913195 0.134772 34.3761 -0.856842 0.407478 -0.315885 -16.3144 -0.343381 0.0060083 0.939177 -23.169 0 0 0 1 
Seq_Frame0114_ForcepToReference-SequenceTransformStatus = OK
Seq_Frame0114_Timestamp = 44.367
Seq_Frame0115_ForcepToReference-SequenceTransform =0.384399 0.913716 0.131761 34.3508 -0.855939 0.406226 -0.31992 -16.3092 -0.345841 0.0101974 0.938238 -23.1403 0 0 0 1 
Seq_Frame0115_ForcepToReference-SequenceTransformStatus = OK
Seq_Frame0115_Timestamp = 44.488
Seq_Frame0116_ForcepToReference-SequenceTransform =0.384133 0.913442 0.134404 34.3423 -0.856116 0.406902 -0.318585 -16.3516 -0.345698 0.00731391 0.938317 -23.129 0 0 0 1 
Seq_Frame0116_ForcepToReference-SequenceTransformStatus = OK
Seq_Frame0116_Timestamp = 44.607
Seq_Frame0117_ForcepToReference-SequenceTransform =0.384022 0.912641 0.14005 34.3097 -0.856569 0.408761 -0.314967 -16.3415 -0.344699 0.000991732 0.938713 -23.0975 0 0 0 1 
Seq_Frame0117_ForcepToReference-SequenceTransformStatus = OK
Seq_Frame0117_Timestamp = 44.713
Seq_Frame0118_ForcepToReference-SequenceTransform =0.382908 0.913185 0.139548 34.3184 -0.858084 0.407545 -0.31241 -16.3636 -0.34216 -0.000119816 0.939642 -23.1027 0 0 0 1 
Seq_Frame0118_ForcepToReference-SequenceTransformStatus = OK
Seq_Frame0118_Timestamp = 44.834
Seq_Frame0119_ForcepToReference-SequenceTransform =0.382534 0.913581 0.137974 34.3178 -0.858602 0.406655 -0.312144 -16.3719 -0.341277 0.000940538 0.939962 -23.0513 0 0 0 1 
Seq_Frame0119_ForcepToReference-SequenceTransformStatus = OK
Seq_Frame0119_Timestamp = 44.938
Seq_Frame0120_ForcepToReference-SequenceTransform =0.382141 0.914063 0.135859 34.3189 -0.859162 0.405565 -0.312022 -16.3864 -0.340308 0.0025116 0.940311 -22.9537 0 0 0 1 
Seq_Frame0120_ForcepToReference-SequenceTransformStatus = OK
Seq_Frame0120_Timestamp = 45.044
Seq_Frame0121_ForcepToReference-SequenceTransform =0.382305 0.914118 0.135021 34.3208 -0.858905 0.405431 -0.312902 -16.383 -0.340771 0.00365344 0.940139 -22.932 0 0 0 1 
Seq_Frame0121_ForcepToReference-SequenceTransformStatus = OK
Seq_Frame0121_Timestamp = 45.167
Seq_Frame0122_ForcepToReference-SequenceTransform =0.382402 0.913827 0.136709 34.3136 -0.859049 0.406101 -0.311637 -16.382 -0.3403 0.00173045 0.940315 -23.0284 0 0 0 1 
Seq_Frame0122_ForcepToReference-SequenceTransformStatus = OK
Seq_Frame0122_Timestamp = 45.286
Seq_Frame0123_ForcepToReference-SequenceTransform =0.383501 0.912881 0.139915 34.3099 -0.857292 0.408226 -0.313689 -16.3453 -0.343478 0.000352345 0.939161 -23.1015 0 0 0 1 
Seq_Frame0123_ForcepToReference-SequenceTransformStatus = OK
Seq_Frame0123_Timestamp = 45.405
Seq_Frame0124_ForcepToReference-SequenceTransform =0.383641 0.913154 0.137725 34.3201 -0.856854 0.407602 -0.315692 -16.3341 -0.344412 0.003102 0.938813 -23.06 0 0 0 1 
Seq_Frame0124_ForcepToReference-SequenceTransformStatus = OK
Seq_Frame0124_Timestamp = 45.513
Seq_Frame0125_ForcepToReference-SequenceTransform =0.383581 0.913449 0.135932 34.3564 -0.857707 0.406935 -0.314234 -16.303 -0.342352 0.003944 0.939564 -23.2717 0 0 0 1 
Seq_Frame0125_ForcepToReference-SequenceTransformStatus = OK
Seq_Frame0125_Timestamp = 45.634
Seq_Frame0126_ForcepToReference-SequenceTransform =0.383926 0.913135 0.137058 34.3564 -0.85686 0.40764 -0.315627 -16.3131 -0.344081 0.00373767 0.938933 -23.1306 0 0 0 1 
Seq_Frame0126_ForcepToReference-SequenceTransformStatus = OK
Seq_Frame0126_Timestamp = 45.752
Seq_Frame0127_ForcepToReference-SequenceTransform =0.383997 0.913229 0.136232 34.3644 -0.856273 0.407412 -0.317509 -16.2915 -0.345461 0.00527055 0.938418 -23.1298 0 0 0 1 
Seq_Frame0127_ForcepToReference-SequenceTransformStatus = OK
Seq_Frame0127_Timestamp = 45.863
Seq_Frame0128_ForcepToReference-SequenceTransform =0.384186 0.913111 0.136489 34.3836 -0.856457 0.407684 -0.316662 -16.2977 -0.344792 0.00476007 0.938667 -23.1936 0 0 0 1 
Seq_Frame0128_ForcepToReference-SequenceTransformStatus = OK
Seq_Frame0128_Timestamp = 45.982
Seq_Frame0129_ForcepToReference-SequenceTransform =0.386901 0.911756 0.13787 34.4271 -0.860436 0.410727 -0.301585 -16.2647 -0.331599 -0.00194492 0.943419 -23.3541 0 0 0 1 
Seq_Frame0129_ForcepToReference-SequenceTransformStatus = OK
Seq_Frame0129_Timestamp = 46.103
Seq_Frame0130_ForcepToReference-SequenceTransform =0.387624 0.911616 0.136761 34.4284 -0.864133 0.411004 -0.29043 -16.1838 -0.32097 -0.0056021 0.947073 -23.5151 0 0 0 1 
Seq_Frame0130_ForcepToReference-SequenceTransformStatus = OK
Seq_Frame0130_Timestamp = 46.211
Seq_Frame0131_ForcepToReference-SequenceTransform =0.387195 0.911816 0.136642 34.4318 -0.862054 0.410589 -0.297118 -16.2307 -0.327021 -0.00274978 0.945013 -23.4411 0 0 0 1 
Seq_Frame0131_ForcepToReference-SequenceTransformStatus = OK
Seq_Frame0131_Timestamp = 46.329
Seq_Frame0132_ForcepToReference-SequenceTransform =0.385558 0.912672 0.135552 34.4324 -0.858113 0.408677 -0.310846 -16.3128 -0.339097 0.00353027 0.940745 -23.3168 0 0 0 1 
Seq_Frame0132_ForcepToReference-SequenceTransformStatus = OK
Seq_Frame0132_Timestamp = 46.449
Seq_Frame0133_ForcepToReference-SequenceTransform =0.384899 0.912969 0.135429 34.4492 -0.85786 0.408009 -0.312417 -16.3199 -0.340483 0.00407033 0.940242 -23.3723 0 0 0 1 
Seq_Frame0133_ForcepToReference-SequenceTransformStatus = OK
Seq_Frame0133_Timestamp = 46.556
Seq_Frame0134_ForcepToReference-SequenceTransform =0.386798 0.912032 0.136331 34.4401 -0.862188 0.410112 -0.297387 -16.243 -0.327138 -0.00251393 0.944973 -23.4979 0 0 0 1 
Seq_Frame0134_ForcepToReference-SequenceTransformStatus = OK
Seq_Frame0134_Timestamp = 46.677
Seq_Frame0135_ForcepToReference-SequenceTransform =0.387423 0.911437 0.13851 34.4286 -0.863706 0.411382 -0.291164 -16.2207 -0.322358 -0.00682859 0.946593 -23.4379 0 0 0 1 
Seq_Frame0135_ForcepToReference-SequenceTransformStatus = OK
Seq_Frame0135_Timestamp = 46.798
Seq_Frame0136_ForcepToReference-SequenceTransform =0.387669 0.911213 0.139298 34.42 -0.864871 0.411834 -0.287039 -16.1832 -0.318921 -0.00919827 0.947737 -23.4867 0 0 0 1 
Seq_Frame0136_ForcepToReference-SequenceTransformStatus = OK
Seq_Frame0136_Timestamp = 46.905
Seq_Frame0137_ForcepToReference-SequenceTransform =0.388061 0.911027 0.139423 34.4222 -0.86509 0.412233 -0.285803 -16.1662 -0.317849 -0.00970451 0.948092 -23.4984 0 0 0 1 
Seq_Frame0137_ForcepToReference-SequenceTransformStatus = OK
Seq_Frame0137_Timestamp = 47.026
Seq_Frame0138_ForcepToReference-SequenceTransform =0.386977 0.911796 0.137396 34.4467 -0.862885 0.410619 -0.294655 -16.2154 -0.325082 -0.00453253 0.945675 -23.515 0 0 0 1 
Seq_Frame0138_ForcepToReference-SequenceTransformStatus = OK
Seq_Frame0138_Timestamp = 47.147
Seq_Frame0139_ForcepToReference-SequenceTransform =0.384354 0.913191 0.135474 34.4506 -0.858459 0.407517 -0.311413 -16.3198 -0.339588 0.00339398 0.940568 -23.4004 0 0 0 1 
Seq_Frame0139_ForcepToReference-SequenceTransformStatus = OK
Seq_Frame0139_Timestamp = 47.266
Seq_Frame0140_ForcepToReference-SequenceTransform =0.38392 0.913524 0.134458 34.4315 -0.857304 0.406742 -0.31558 -16.3179 -0.342979 0.00588558 0.939324 -23.2694 0 0 0 1 
Seq_Frame0140_ForcepToReference-SequenceTransformStatus = OK
Seq_Frame0140_Timestamp = 47.373
Seq_Frame0141_ForcepToReference-SequenceTransform =0.384853 0.912845 0.136387 34.4352 -0.857428 0.408289 -0.313237 -16.3261 -0.341622 0.00360798 0.93983 -23.287 0 0 0 1 
Seq_Frame0141_ForcepToReference-SequenceTransformStatus = OK
Seq_Frame0141_Timestamp = 47.495
Seq_Frame0142_ForcepToReference-SequenceTransform =0.385848 0.912618 0.135089 34.4657 -0.857946 0.408792 -0.311155 -16.327 -0.339189 0.00415977 0.940709 -23.4127 0 0 0 1 
Seq_Frame0142_ForcepToReference-SequenceTransformStatus = OK
Seq_Frame0142_Timestamp = 47.619
Seq_Frame0143_ForcepToReference-SequenceTransform =0.385639 0.912561 0.13607 34.4643 -0.857125 0.408919 -0.313245 -16.3406 -0.341497 0.00417066 0.939874 -23.3731 0 0 0 1 
Seq_Frame0143_ForcepToReference-SequenceTransformStatus = OK
Seq_Frame0143_Timestamp = 47.743
Seq_Frame0144_ForcepToReference-SequenceTransform =0.382406 0.91407 0.135061 34.2763 -0.854063 0.405451 -0.325862 -16.2151 -0.352621 0.00926056 0.93572 -22.9394 0 0 0 1 
Seq_Frame0144_ForcepToReference-SequenceTransformStatus = OK
Seq_Frame0144_Timestamp = 47.865
Seq_Frame0145_ForcepToReference-SequenceTransform =0.381198 0.914462 0.135818 34.2694 -0.853615 0.404568 -0.328125 -16.252 -0.355006 0.00914452 0.934819 -22.9668 0 0 0 1 
Seq_Frame0145_ForcepToReference-SequenceTransformStatus = OK
Seq_Frame0145_Timestamp = 47.969
Seq_Frame0146_ForcepToReference-SequenceTransform =0.383136 0.913547 0.136525 34.418 -0.856393 0.406703 -0.318095 -16.3298 -0.34612 0.00495444 0.938177 -23.2578 0 0 0 1 
Seq_Frame0146_ForcepToReference-SequenceTransformStatus = OK
Seq_Frame0146_Timestamp = 48.09
Seq_Frame0147_ForcepToReference-SequenceTransform =0.385607 0.912742 0.134944 34.4036 -0.861066 0.408537 -0.302759 -16.2851 -0.33147 0.000550789 0.943466 -23.4174 0 0 0 1 
Seq_Frame0147_ForcepToReference-SequenceTransformStatus = OK
Seq_Frame0147_Timestamp = 48.269
Seq_Frame0148_ForcepToReference-SequenceTransform =0.383375 0.913022 0.139336 34.0757 -0.863397 0.40786 -0.296979 -15.8929 -0.327978 -0.00644777 0.944663 -22.9094 0 0 0 1 
Seq_Frame0148_ForcepToReference-SequenceTransformStatus = OK
Seq_Frame0148_Timestamp = 48.389
Seq_Frame0149_ForcepToReference-SequenceTransform =0.382906 0.913338 0.138552 34.1197 -0.858502 0.407202 -0.311706 -16.0267 -0.341111 0.000407024 0.940023 -22.7554 0 0 0 1 
Seq_Frame0149_ForcepToReference-SequenceTransformStatus = OK
