ObjectType = Image
NDims = 3
AnatomicalOrientation = RAI
BinaryData = True
CompressedData = False
DimSize = 0 0 1945
ElementSpacing = 1 1 1
Offset = 0 0 0
TransformMatrix = 1 0 0 0 1 0 0 0 1
ElementType = MET_UCHAR
Kinds = domain domain list
Seq_Frame0000_ForcepToReference-SequenceTransform =-0.360501 0.736867 0.571897 5.96931 0.931105 0.247795 0.267658 18.3966 0.0555152 0.628987 -0.775431 25.3098 0 0 0 1 
Seq_Frame0000_ForcepToReference-SequenceTransformStatus = OK
Seq_Frame0000_Timestamp = 4.415
Seq_Frame0001_ForcepToReference-SequenceTransform =-0.359787 0.737286 0.571807 6.03246 0.930944 0.242669 0.272864 17.989 0.0624191 0.630493 -0.773681 25.5509 0 0 0 1 
Seq_Frame0001_ForcepToReference-SequenceTransformStatus = OK
Seq_Frame0001_Timestamp = 4.52
Seq_Frame0002_ForcepToReference-SequenceTransform =-0.359361 0.737207 0.572177 6.0295 0.930826 0.239468 0.276077 17.7886 0.066508 0.631808 -0.772266 25.86 0 0 0 1 
Seq_Frame0002_ForcepToReference-SequenceTransformStatus = OK
Seq_Frame0002_Timestamp = 4.63
Seq_Frame0003_ForcepToReference-SequenceTransform =-0.35903 0.734934 0.575299 6.00877 0.931577 0.244467 0.269072 18.0587 0.0571083 0.63254 -0.772419 25.4926 0 0 0 1 
Seq_Frame0003_ForcepToReference-SequenceTransformStatus = OK
Seq_Frame0003_Timestamp = 4.74
Seq_Frame0004_ForcepToReference-SequenceTransform =-0.359524 0.737235 0.572037 6.01781 0.931268 0.244707 0.269925 18.0743 0.0590169 0.629764 -0.774541 25.4294 0 0 0 1 
Seq_Frame0004_ForcepToReference-SequenceTransformStatus = OK
Seq_Frame0004_Timestamp = 4.845
Seq_Frame0005_ForcepToReference-SequenceTransform =-0.360741 0.738787 0.569262 6.00582 0.930753 0.246098 0.270433 18.0658 0.0596987 0.627399 -0.776406 25.479 0 0 0 1 
Seq_Frame0005_ForcepToReference-SequenceTransformStatus = OK
Seq_Frame0005_Timestamp = 4.95
Seq_Frame0006_ForcepToReference-SequenceTransform =-0.360168 0.736624 0.57242 6.02054 0.931017 0.244981 0.270541 18.1115 0.0590545 0.630373 -0.774043 25.4257 0 0 0 1 
Seq_Frame0006_ForcepToReference-SequenceTransformStatus = OK
Seq_Frame0006_Timestamp = 5.055
Seq_Frame0007_ForcepToReference-SequenceTransform =-0.361216 0.737439 0.570707 6.04332 0.930677 0.247047 0.269829 18.1411 0.0579914 0.62861 -0.775555 25.4552 0 0 0 1 
Seq_Frame0007_ForcepToReference-SequenceTransformStatus = OK
Seq_Frame0007_Timestamp = 5.16
Seq_Frame0008_ForcepToReference-SequenceTransform =-0.360127 0.736726 0.572314 6.02175 0.930799 0.242577 0.27344 18.1108 0.0626205 0.631182 -0.773103 25.4266 0 0 0 1 
Seq_Frame0008_ForcepToReference-SequenceTransformStatus = OK
Seq_Frame0008_Timestamp = 5.27
Seq_Frame0009_ForcepToReference-SequenceTransform =-0.359148 0.735647 0.574313 6.00607 0.931081 0.240206 0.27457 18.0721 0.0640337 0.633344 -0.771217 25.4431 0 0 0 1 
Seq_Frame0009_ForcepToReference-SequenceTransformStatus = OK
Seq_Frame0009_Timestamp = 5.375
Seq_Frame0010_ForcepToReference-SequenceTransform =-0.358653 0.735486 0.574828 5.99659 0.931421 0.241178 0.272558 18.0613 0.0618268 0.633161 -0.771547 25.3149 0 0 0 1 
Seq_Frame0010_ForcepToReference-SequenceTransformStatus = OK
Seq_Frame0010_Timestamp = 5.486
Seq_Frame0011_ForcepToReference-SequenceTransform =-0.359623 0.734467 0.575526 6.02137 0.931665 0.248467 0.265075 18.0927 0.0516898 0.631524 -0.773631 25.4388 0 0 0 1 
Seq_Frame0011_ForcepToReference-SequenceTransformStatus = OK
Seq_Frame0011_Timestamp = 5.59
Seq_Frame0012_ForcepToReference-SequenceTransform =-0.36084 0.735396 0.573574 5.97303 0.930918 0.246781 0.269242 18.1797 0.0564522 0.631104 -0.773642 25.205 0 0 0 1 
Seq_Frame0012_ForcepToReference-SequenceTransformStatus = OK
Seq_Frame0012_Timestamp = 5.701
Seq_Frame0013_ForcepToReference-SequenceTransform =-0.360157 0.736743 0.572273 6.03105 0.930944 0.244213 0.271485 18.1279 0.0602584 0.630531 -0.773821 25.3281 0 0 0 1 
Seq_Frame0013_ForcepToReference-SequenceTransformStatus = OK
Seq_Frame0013_Timestamp = 5.805
Seq_Frame0014_ForcepToReference-SequenceTransform =-0.360447 0.737286 0.571391 6.0121 0.930996 0.24649 0.269239 18.1456 0.0576641 0.629009 -0.775257 25.3527 0 0 0 1 
Seq_Frame0014_ForcepToReference-SequenceTransformStatus = OK
Seq_Frame0014_Timestamp = 5.91
Seq_Frame0015_ForcepToReference-SequenceTransform =-0.360524 0.737345 0.571266 6.02929 0.931169 0.248867 0.266439 18.0766 0.0542883 0.628002 -0.776316 25.5563 0 0 0 1 
Seq_Frame0015_ForcepToReference-SequenceTransformStatus = OK
Seq_Frame0015_Timestamp = 6.015
Seq_Frame0016_ForcepToReference-SequenceTransform =-0.360406 0.736872 0.571951 6.04874 0.931257 0.249036 0.265972 18.0735 0.0535512 0.628491 -0.775971 25.6218 0 0 0 1 
Seq_Frame0016_ForcepToReference-SequenceTransformStatus = OK
Seq_Frame0016_Timestamp = 6.125
Seq_Frame0017_ForcepToReference-SequenceTransform =-0.359917 0.736788 0.572366 6.03569 0.931348 0.24741 0.26717 18.0698 0.0552388 0.629231 -0.775253 25.5496 0 0 0 1 
Seq_Frame0017_ForcepToReference-SequenceTransformStatus = OK
Seq_Frame0017_Timestamp = 6.23
Seq_Frame0018_ForcepToReference-SequenceTransform =-0.359532 0.736109 0.573481 6.02812 0.931403 0.245695 0.268555 18.0855 0.0567846 0.630696 -0.773949 25.5311 0 0 0 1 
Seq_Frame0018_ForcepToReference-SequenceTransformStatus = OK
Seq_Frame0018_Timestamp = 6.34
Seq_Frame0019_ForcepToReference-SequenceTransform =-0.359379 0.734808 0.575243 6.01579 0.931437 0.244665 0.269377 18.1077 0.0571982 0.632611 -0.772355 25.4779 0 0 0 1 
Seq_Frame0019_ForcepToReference-SequenceTransformStatus = OK
Seq_Frame0019_Timestamp = 6.446
Seq_Frame0020_ForcepToReference-SequenceTransform =-0.359341 0.734578 0.57556 6.01494 0.931302 0.242896 0.271438 18.1076 0.0595916 0.633559 -0.771396 25.4465 0 0 0 1 
Seq_Frame0020_ForcepToReference-SequenceTransformStatus = OK
Seq_Frame0020_Timestamp = 6.555
Seq_Frame0021_ForcepToReference-SequenceTransform =-0.359032 0.733896 0.576622 6.01925 0.931537 0.243548 0.270043 18.1219 0.0577485 0.634099 -0.771093 25.4031 0 0 0 1 
Seq_Frame0021_ForcepToReference-SequenceTransformStatus = OK
Seq_Frame0021_Timestamp = 6.66
Seq_Frame0022_ForcepToReference-SequenceTransform =-0.360166 0.734568 0.575057 6.03531 0.931073 0.244609 0.270684 18.137 0.058172 0.632911 -0.772036 25.444 0 0 0 1 
Seq_Frame0022_ForcepToReference-SequenceTransformStatus = OK
Seq_Frame0022_Timestamp = 6.765
Seq_Frame0023_ForcepToReference-SequenceTransform =-0.359814 0.734527 0.575329 6.01456 0.931208 0.244256 0.270538 18.1435 0.0581897 0.633094 -0.771884 25.3167 0 0 0 1 
Seq_Frame0023_ForcepToReference-SequenceTransformStatus = OK
Seq_Frame0023_Timestamp = 6.875
Seq_Frame0024_ForcepToReference-SequenceTransform =-0.359422 0.733671 0.576666 6.02097 0.931365 0.24356 0.270624 18.1466 0.0580965 0.634354 -0.770856 25.3494 0 0 0 1 
Seq_Frame0024_ForcepToReference-SequenceTransformStatus = OK
Seq_Frame0024_Timestamp = 6.979
Seq_Frame0025_ForcepToReference-SequenceTransform =-0.359184 0.733321 0.577258 6.02483 0.931439 0.242991 0.27088 18.1385 0.0583738 0.634977 -0.770323 25.3703 0 0 0 1 
Seq_Frame0025_ForcepToReference-SequenceTransformStatus = OK
Seq_Frame0025_Timestamp = 7.085
Seq_Frame0026_ForcepToReference-SequenceTransform =-0.359041 0.733435 0.577203 6.01658 0.931407 0.241969 0.271905 18.1344 0.0597595 0.635236 -0.770003 25.327 0 0 0 1 
Seq_Frame0026_ForcepToReference-SequenceTransformStatus = OK
Seq_Frame0026_Timestamp = 7.19
Seq_Frame0027_ForcepToReference-SequenceTransform =-0.359189 0.733341 0.57723 6.02905 0.93149 0.243585 0.270171 18.144 0.0575226 0.634726 -0.770593 25.3398 0 0 0 1 
Seq_Frame0027_ForcepToReference-SequenceTransformStatus = OK
Seq_Frame0027_Timestamp = 7.295
Seq_Frame0028_ForcepToReference-SequenceTransform =-0.359094 0.733424 0.577183 6.02054 0.931437 0.242559 0.271274 18.1433 0.0589578 0.635023 -0.77024 25.3271 0 0 0 1 
Seq_Frame0028_ForcepToReference-SequenceTransformStatus = OK
Seq_Frame0028_Timestamp = 7.405
Seq_Frame0029_ForcepToReference-SequenceTransform =-0.358894 0.73323 0.577555 6.00363 0.931468 0.241786 0.271859 18.1478 0.0596903 0.635542 -0.769755 25.2779 0 0 0 1 
Seq_Frame0029_ForcepToReference-SequenceTransformStatus = OK
Seq_Frame0029_Timestamp = 7.51
Seq_Frame0030_ForcepToReference-SequenceTransform =-0.358819 0.73309 0.577779 6.01558 0.93143 0.240947 0.272732 18.1415 0.0607227 0.636022 -0.769278 25.3359 0 0 0 1 
Seq_Frame0030_ForcepToReference-SequenceTransformStatus = OK
Seq_Frame0030_Timestamp = 7.62
Seq_Frame0031_ForcepToReference-SequenceTransform =-0.358842 0.73305 0.577814 6.01791 0.931529 0.2421 0.271368 18.1579 0.0590374 0.635629 -0.769734 25.2828 0 0 0 1 
Seq_Frame0031_ForcepToReference-SequenceTransformStatus = OK
Seq_Frame0031_Timestamp = 7.725
Seq_Frame0032_ForcepToReference-SequenceTransform =-0.358734 0.732944 0.578017 6.0143 0.931559 0.241827 0.271508 18.1457 0.0592198 0.635856 -0.769532 25.3025 0 0 0 1 
Seq_Frame0032_ForcepToReference-SequenceTransformStatus = OK
Seq_Frame0032_Timestamp = 7.83
Seq_Frame0033_ForcepToReference-SequenceTransform =-0.35918 0.733638 0.576858 6.02068 0.931436 0.243083 0.270809 18.1524 0.0584512 0.634575 -0.770648 25.2913 0 0 0 1 
Seq_Frame0033_ForcepToReference-SequenceTransformStatus = OK
Seq_Frame0033_Timestamp = 7.94
Seq_Frame0034_ForcepToReference-SequenceTransform =-0.359515 0.733553 0.576757 6.01813 0.931315 0.24343 0.270916 18.1614 0.0583312 0.634541 -0.770685 25.2962 0 0 0 1 
Seq_Frame0034_ForcepToReference-SequenceTransformStatus = OK
Seq_Frame0034_Timestamp = 8.045
Seq_Frame0035_ForcepToReference-SequenceTransform =-0.359572 0.733975 0.576184 6.01838 0.931277 0.243519 0.270963 18.1412 0.058568 0.634018 -0.771097 25.3088 0 0 0 1 
Seq_Frame0035_ForcepToReference-SequenceTransformStatus = OK
Seq_Frame0035_Timestamp = 8.154
Seq_Frame0036_ForcepToReference-SequenceTransform =-0.359779 0.733797 0.576283 6.01801 0.931308 0.244836 0.269668 18.1628 0.0567869 0.633718 -0.771477 25.2898 0 0 0 1 
Seq_Frame0036_ForcepToReference-SequenceTransformStatus = OK
Seq_Frame0036_Timestamp = 8.26
Seq_Frame0037_ForcepToReference-SequenceTransform =-0.360254 0.734462 0.575137 6.01873 0.931043 0.244685 0.270718 18.1617 0.0581045 0.633005 -0.771964 25.3073 0 0 0 1 
Seq_Frame0037_ForcepToReference-SequenceTransformStatus = OK
Seq_Frame0037_Timestamp = 8.37
Seq_Frame0038_ForcepToReference-SequenceTransform =-0.359882 0.734329 0.57554 6.02202 0.9312 0.244429 0.270408 18.1411 0.0578894 0.633258 -0.771773 25.3531 0 0 0 1 
Seq_Frame0038_ForcepToReference-SequenceTransformStatus = OK
Seq_Frame0038_Timestamp = 8.475
Seq_Frame0039_ForcepToReference-SequenceTransform =-0.359379 0.733092 0.577428 6.02847 0.931541 0.245035 0.268679 18.1394 0.055476 0.634456 -0.770966 25.4284 0 0 0 1 
Seq_Frame0039_ForcepToReference-SequenceTransformStatus = OK
Seq_Frame0039_Timestamp = 8.585
Seq_Frame0040_ForcepToReference-SequenceTransform =-0.359946 0.734585 0.575173 6.02291 0.931195 0.244825 0.270066 18.1508 0.0575697 0.632808 -0.772166 25.3282 0 0 0 1 
Seq_Frame0040_ForcepToReference-SequenceTransformStatus = OK
Seq_Frame0040_Timestamp = 8.69
Seq_Frame0041_ForcepToReference-SequenceTransform =-0.360556 0.73487 0.574427 6.02574 0.930931 0.245201 0.270637 18.1509 0.0580328 0.632331 -0.772521 25.3556 0 0 0 1 
Seq_Frame0041_ForcepToReference-SequenceTransformStatus = OK
Seq_Frame0041_Timestamp = 8.8
Seq_Frame0042_ForcepToReference-SequenceTransform =-0.360295 0.734895 0.574557 6.02083 0.931013 0.244771 0.270745 18.1336 0.0583343 0.632468 -0.772386 25.3557 0 0 0 1 
Seq_Frame0042_ForcepToReference-SequenceTransformStatus = OK
Seq_Frame0042_Timestamp = 8.905
Seq_Frame0043_ForcepToReference-SequenceTransform =-0.359904 0.734236 0.575644 6.02389 0.931076 0.243165 0.27197 18.1363 0.0597132 0.633852 -0.771146 25.3441 0 0 0 1 
Seq_Frame0043_ForcepToReference-SequenceTransformStatus = OK
Seq_Frame0043_Timestamp = 9.015
Seq_Frame0044_ForcepToReference-SequenceTransform =-0.360096 0.734281 0.575467 6.017 0.931112 0.244539 0.270613 18.1286 0.0579819 0.63327 -0.771756 25.3674 0 0 0 1 
Seq_Frame0044_ForcepToReference-SequenceTransformStatus = OK
Seq_Frame0044_Timestamp = 9.12
Seq_Frame0045_ForcepToReference-SequenceTransform =-0.360922 0.734733 0.574371 6.0311 0.930915 0.246872 0.269169 18.1642 0.0559717 0.63184 -0.773075 25.3546 0 0 0 1 
Seq_Frame0045_ForcepToReference-SequenceTransformStatus = OK
Seq_Frame0045_Timestamp = 9.225
Seq_Frame0046_ForcepToReference-SequenceTransform =-0.360297 0.734698 0.574808 6.02435 0.931029 0.244862 0.270607 18.1317 0.0580655 0.632662 -0.772248 25.3942 0 0 0 1 
Seq_Frame0046_ForcepToReference-SequenceTransformStatus = OK
Seq_Frame0046_Timestamp = 9.33
Seq_Frame0047_ForcepToReference-SequenceTransform =-0.360317 0.734495 0.575056 6.03823 0.931011 0.244681 0.27083 18.1326 0.0582186 0.632968 -0.771986 25.4081 0 0 0 1 
Seq_Frame0047_ForcepToReference-SequenceTransformStatus = OK
Seq_Frame0047_Timestamp = 9.44
Seq_Frame0048_ForcepToReference-SequenceTransform =-0.360577 0.734564 0.574804 6.03688 0.930941 0.245281 0.27053 18.1477 0.0577332 0.632655 -0.772278 25.3937 0 0 0 1 
Seq_Frame0048_ForcepToReference-SequenceTransformStatus = OK
Seq_Frame0048_Timestamp = 9.545
Seq_Frame0049_ForcepToReference-SequenceTransform =-0.360177 0.734532 0.575095 6.03137 0.931039 0.244281 0.271097 18.1321 0.0586445 0.633079 -0.771863 25.3863 0 0 0 1 
Seq_Frame0049_ForcepToReference-SequenceTransformStatus = OK
Seq_Frame0049_Timestamp = 9.655
Seq_Frame0050_ForcepToReference-SequenceTransform =-0.360397 0.73498 0.574386 6.02806 0.930906 0.24418 0.271644 18.1192 0.0593995 0.632599 -0.772198 25.4376 0 0 0 1 
Seq_Frame0050_ForcepToReference-SequenceTransformStatus = OK
Seq_Frame0050_Timestamp = 9.76
Seq_Frame0051_ForcepToReference-SequenceTransform =-0.360437 0.735342 0.573896 6.01948 0.930995 0.245514 0.270133 18.1305 0.0577405 0.63166 -0.773092 25.3955 0 0 0 1 
Seq_Frame0051_ForcepToReference-SequenceTransformStatus = OK
Seq_Frame0051_Timestamp = 9.871
Seq_Frame0052_ForcepToReference-SequenceTransform =-0.360668 0.735564 0.573467 6.01475 0.930917 0.245954 0.270002 18.1409 0.0575571 0.631231 -0.773456 25.389 0 0 0 1 
Seq_Frame0052_ForcepToReference-SequenceTransformStatus = OK
Seq_Frame0052_Timestamp = 9.975
Seq_Frame0053_ForcepToReference-SequenceTransform =-0.36047 0.736514 0.572371 6.03848 0.931149 0.247957 0.267357 18.1321 0.0549882 0.629336 -0.775185 25.4887 0 0 0 1 
Seq_Frame0053_ForcepToReference-SequenceTransformStatus = OK
Seq_Frame0053_Timestamp = 10.086
Seq_Frame0054_ForcepToReference-SequenceTransform =-0.363143 0.736643 0.570512 5.97442 0.930212 0.251654 0.267164 18.0782 0.0532329 0.627716 -0.77662 25.3316 0 0 0 1 
Seq_Frame0054_ForcepToReference-SequenceTransformStatus = OK
Seq_Frame0054_Timestamp = 10.19
Seq_Frame0055_ForcepToReference-SequenceTransform =-0.368832 0.736992 0.566397 5.89745 0.92828 0.260896 0.26501 18.0158 0.0475394 0.623519 -0.780361 25.056 0 0 0 1 
Seq_Frame0055_ForcepToReference-SequenceTransformStatus = OK
Seq_Frame0055_Timestamp = 10.301
Seq_Frame0056_ForcepToReference-SequenceTransform =-0.37655 0.719986 0.582949 7.00813 0.925444 0.263823 0.27194 18.2687 0.0419978 0.641885 -0.76565 25.5224 0 0 0 1 
Seq_Frame0056_ForcepToReference-SequenceTransformStatus = OK
Seq_Frame0056_Timestamp = 10.405
Seq_Frame0057_ForcepToReference-SequenceTransform =-0.345165 0.764114 0.544968 18.2825 0.937139 0.248852 0.244631 19.9956 0.0513093 0.595149 -0.801976 27.296 0 0 0 1 
Seq_Frame0057_ForcepToReference-SequenceTransformStatus = OK
Seq_Frame0057_Timestamp = 10.514
Seq_Frame0058_ForcepToReference-SequenceTransform =-0.367828 0.762298 0.532545 22.5436 0.929365 0.282056 0.23817 24.1621 0.0313489 0.582534 -0.812201 31.5563 0 0 0 1 
Seq_Frame0058_ForcepToReference-SequenceTransformStatus = OK
Seq_Frame0058_Timestamp = 10.62
Seq_Frame0059_ForcepToReference-SequenceTransform =-0.35137 0.736658 0.577818 27.2284 0.933387 0.227505 0.277545 27.9229 0.0729992 0.636849 -0.767525 42.3829 0 0 0 1 
Seq_Frame0059_ForcepToReference-SequenceTransformStatus = OK
Seq_Frame0059_Timestamp = 11.05
Seq_Frame0060_ForcepToReference-SequenceTransform =-0.355585 0.741157 0.569426 27.5147 0.932881 0.244034 0.264917 29.4513 0.057386 0.625408 -0.778185 42.0054 0 0 0 1 
Seq_Frame0060_ForcepToReference-SequenceTransformStatus = OK
Seq_Frame0060_Timestamp = 11.155
Seq_Frame0061_ForcepToReference-SequenceTransform =-0.355447 0.741363 0.569244 27.5183 0.932993 0.244665 0.263937 29.4675 0.0563985 0.624916 -0.778652 41.97 0 0 0 1 
Seq_Frame0061_ForcepToReference-SequenceTransformStatus = OK
Seq_Frame0061_Timestamp = 11.265
Seq_Frame0062_ForcepToReference-SequenceTransform =-0.355737 0.742053 0.568163 27.5053 0.932852 0.244905 0.264215 29.4639 0.0569152 0.624003 -0.779347 42.0003 0 0 0 1 
Seq_Frame0062_ForcepToReference-SequenceTransformStatus = OK
Seq_Frame0062_Timestamp = 11.37
Seq_Frame0063_ForcepToReference-SequenceTransform =-0.355406 0.741581 0.568985 27.5065 0.933016 0.244806 0.263727 29.4469 0.0562838 0.624602 -0.778912 41.9935 0 0 0 1 
Seq_Frame0063_ForcepToReference-SequenceTransformStatus = OK
Seq_Frame0063_Timestamp = 11.476
Seq_Frame0064_ForcepToReference-SequenceTransform =-0.3558 0.741586 0.568732 27.5025 0.932805 0.244501 0.264752 29.4664 0.0572807 0.624715 -0.778749 41.9646 0 0 0 1 
Seq_Frame0064_ForcepToReference-SequenceTransformStatus = OK
Seq_Frame0064_Timestamp = 11.586
Seq_Frame0065_ForcepToReference-SequenceTransform =-0.355623 0.740887 0.569753 27.5048 0.932923 0.244575 0.264268 29.459 0.0564453 0.625516 -0.778167 42.0052 0 0 0 1 
Seq_Frame0065_ForcepToReference-SequenceTransformStatus = OK
Seq_Frame0065_Timestamp = 11.695
Seq_Frame0066_ForcepToReference-SequenceTransform =-0.356296 0.742071 0.567788 27.5049 0.932703 0.246142 0.26359 29.4366 0.0558463 0.623494 -0.779831 42.0836 0 0 0 1 
Seq_Frame0066_ForcepToReference-SequenceTransformStatus = OK
Seq_Frame0066_Timestamp = 11.803
Seq_Frame0067_ForcepToReference-SequenceTransform =-0.35629 0.741267 0.568842 27.479 0.932783 0.24665 0.262829 29.4507 0.0545215 0.62425 -0.77932 42.0531 0 0 0 1 
Seq_Frame0067_ForcepToReference-SequenceTransformStatus = OK
Seq_Frame0067_Timestamp = 11.913
Seq_Frame0068_ForcepToReference-SequenceTransform =-0.356888 0.742104 0.567373 27.5035 0.932692 0.249184 0.260756 29.4679 0.0521277 0.622245 -0.781085 42.1111 0 0 0 1 
Seq_Frame0068_ForcepToReference-SequenceTransformStatus = OK
Seq_Frame0068_Timestamp = 12.02
Seq_Frame0069_ForcepToReference-SequenceTransform =-0.356321 0.741774 0.568161 27.4885 0.932693 0.246028 0.263729 29.4259 0.0558441 0.623892 -0.779512 42.1076 0 0 0 1 
Seq_Frame0069_ForcepToReference-SequenceTransformStatus = OK
Seq_Frame0069_Timestamp = 12.13
Seq_Frame0070_ForcepToReference-SequenceTransform =-0.356121 0.741738 0.568333 27.48 0.932736 0.245457 0.26411 29.4234 0.0563989 0.62416 -0.779259 42.11 0 0 0 1 
Seq_Frame0070_ForcepToReference-SequenceTransformStatus = OK
Seq_Frame0070_Timestamp = 12.23
Seq_Frame0071_ForcepToReference-SequenceTransform =-0.355657 0.741446 0.569004 27.4883 0.932905 0.24481 0.264112 29.3724 0.0565271 0.624761 -0.778768 42.1647 0 0 0 1 
Seq_Frame0071_ForcepToReference-SequenceTransformStatus = OK
Seq_Frame0071_Timestamp = 12.34
Seq_Frame0072_ForcepToReference-SequenceTransform =-0.35719 0.742342 0.566872 27.4839 0.93248 0.248439 0.262221 29.476 0.0538247 0.622259 -0.780959 42.035 0 0 0 1 
Seq_Frame0072_ForcepToReference-SequenceTransformStatus = OK
Seq_Frame0072_Timestamp = 12.444
Seq_Frame0073_ForcepToReference-SequenceTransform =-0.356973 0.742246 0.567135 27.4964 0.93253 0.24782 0.262627 29.4731 0.0543866 0.622621 -0.780631 42.0928 0 0 0 1 
Seq_Frame0073_ForcepToReference-SequenceTransformStatus = OK
Seq_Frame0073_Timestamp = 12.55
Seq_Frame0074_ForcepToReference-SequenceTransform =-0.355405 0.741451 0.569156 27.4761 0.933051 0.245132 0.263298 29.3652 0.0557039 0.624629 -0.778933 42.1135 0 0 0 1 
Seq_Frame0074_ForcepToReference-SequenceTransformStatus = OK
Seq_Frame0074_Timestamp = 12.66
Seq_Frame0075_ForcepToReference-SequenceTransform =-0.355512 0.741811 0.568619 27.4642 0.932906 0.244246 0.264632 29.3528 0.0574241 0.624548 -0.778872 42.1348 0 0 0 1 
Seq_Frame0075_ForcepToReference-SequenceTransformStatus = OK
Seq_Frame0075_Timestamp = 12.772
Seq_Frame0076_ForcepToReference-SequenceTransform =-0.357252 0.742996 0.565975 27.4869 0.932366 0.247781 0.263244 29.4734 0.0553518 0.62174 -0.781265 42.0344 0 0 0 1 
Seq_Frame0076_ForcepToReference-SequenceTransformStatus = OK
Seq_Frame0076_Timestamp = 12.876
Seq_Frame0077_ForcepToReference-SequenceTransform =-0.357139 0.742648 0.566503 27.4961 0.932352 0.246877 0.264141 29.4637 0.0563066 0.622516 -0.780579 42.0703 0 0 0 1 
Seq_Frame0077_ForcepToReference-SequenceTransformStatus = OK
Seq_Frame0077_Timestamp = 12.98
Seq_Frame0078_ForcepToReference-SequenceTransform =-0.356269 0.742396 0.567381 27.4722 0.932684 0.245944 0.263842 29.4084 0.0563314 0.623185 -0.780043 42.0487 0 0 0 1 
Seq_Frame0078_ForcepToReference-SequenceTransformStatus = OK
Seq_Frame0078_Timestamp = 13.085
Seq_Frame0079_ForcepToReference-SequenceTransform =-0.355563 0.741877 0.568501 27.4682 0.93287 0.244141 0.264856 29.362 0.0576963 0.624511 -0.778882 42.0971 0 0 0 1 
Seq_Frame0079_ForcepToReference-SequenceTransformStatus = OK
Seq_Frame0079_Timestamp = 13.19
Seq_Frame0080_ForcepToReference-SequenceTransform =-0.355802 0.74214 0.568007 27.4797 0.932858 0.245348 0.263782 29.3886 0.0564042 0.623724 -0.779607 42.0598 0 0 0 1 
Seq_Frame0080_ForcepToReference-SequenceTransformStatus = OK
Seq_Frame0080_Timestamp = 13.295
Seq_Frame0081_ForcepToReference-SequenceTransform =-0.355331 0.741527 0.569102 27.4625 0.933144 0.245837 0.26231 29.3444 0.0546036 0.624261 -0.779305 42.1055 0 0 0 1 
Seq_Frame0081_ForcepToReference-SequenceTransformStatus = OK
Seq_Frame0081_Timestamp = 13.406
Seq_Frame0082_ForcepToReference-SequenceTransform =-0.356359 0.74247 0.567227 27.4906 0.932733 0.246996 0.262683 29.4224 0.0549315 0.622681 -0.780546 42.0848 0 0 0 1 
Seq_Frame0082_ForcepToReference-SequenceTransformStatus = OK
Seq_Frame0082_Timestamp = 13.511
Seq_Frame0083_ForcepToReference-SequenceTransform =-0.355359 0.74192 0.568573 27.4748 0.933061 0.245221 0.26318 29.3278 0.0558322 0.624036 -0.779398 42.1246 0 0 0 1 
Seq_Frame0083_ForcepToReference-SequenceTransformStatus = OK
Seq_Frame0083_Timestamp = 13.615
Seq_Frame0084_ForcepToReference-SequenceTransform =-0.356006 0.742509 0.567398 27.4769 0.9328 0.245931 0.263441 29.3556 0.0560665 0.623056 -0.780165 42.1169 0 0 0 1 
Seq_Frame0084_ForcepToReference-SequenceTransformStatus = OK
Seq_Frame0084_Timestamp = 13.72
Seq_Frame0085_ForcepToReference-SequenceTransform =-0.356469 0.742559 0.567042 27.4815 0.932711 0.24737 0.262408 29.4227 0.0545843 0.622426 -0.780773 42.0477 0 0 0 1 
Seq_Frame0085_ForcepToReference-SequenceTransformStatus = OK
Seq_Frame0085_Timestamp = 13.825
Seq_Frame0086_ForcepToReference-SequenceTransform =-0.355167 0.741805 0.568842 27.4694 0.933132 0.244967 0.263165 29.3168 0.0558695 0.624272 -0.779207 42.0934 0 0 0 1 
Seq_Frame0086_ForcepToReference-SequenceTransformStatus = OK
Seq_Frame0086_Timestamp = 13.93
Seq_Frame0087_ForcepToReference-SequenceTransform =-0.355776 0.742314 0.567797 27.4609 0.932924 0.246038 0.262901 29.3331 0.0554558 0.623246 -0.780057 42.1221 0 0 0 1 
Seq_Frame0087_ForcepToReference-SequenceTransformStatus = OK
Seq_Frame0087_Timestamp = 14.04
Seq_Frame0088_ForcepToReference-SequenceTransform =-0.35567 0.742483 0.567642 27.4708 0.93282 0.244427 0.264767 29.3327 0.057838 0.623678 -0.779539 42.1195 0 0 0 1 
Seq_Frame0088_ForcepToReference-SequenceTransformStatus = OK
Seq_Frame0088_Timestamp = 14.15
Seq_Frame0089_ForcepToReference-SequenceTransform =-0.354889 0.741284 0.569695 27.4527 0.93321 0.244165 0.263633 29.3256 0.0563274 0.625205 -0.778425 42.0702 0 0 0 1 
Seq_Frame0089_ForcepToReference-SequenceTransformStatus = OK
Seq_Frame0089_Timestamp = 14.255
Seq_Frame0090_ForcepToReference-SequenceTransform =-0.354853 0.741683 0.569198 27.4639 0.933136 0.243356 0.264641 29.2894 0.0577618 0.625048 -0.778446 42.1444 0 0 0 1 
Seq_Frame0090_ForcepToReference-SequenceTransformStatus = OK
Seq_Frame0090_Timestamp = 14.36
Seq_Frame0091_ForcepToReference-SequenceTransform =-0.355453 0.742209 0.568136 27.4664 0.932981 0.244955 0.263709 29.3525 0.0565596 0.623796 -0.779538 42.073 0 0 0 1 
Seq_Frame0091_ForcepToReference-SequenceTransformStatus = OK
Seq_Frame0091_Timestamp = 14.465
Seq_Frame0092_ForcepToReference-SequenceTransform =-0.355803 0.742166 0.567974 27.4704 0.932957 0.246474 0.262379 29.3703 0.0547375 0.62325 -0.780105 42.0848 0 0 0 1 
Seq_Frame0092_ForcepToReference-SequenceTransformStatus = OK
Seq_Frame0092_Timestamp = 14.568
Seq_Frame0093_ForcepToReference-SequenceTransform =-0.355929 0.742453 0.56752 27.4723 0.932818 0.245711 0.263583 29.3579 0.0562522 0.62321 -0.780029 42.0856 0 0 0 1 
Seq_Frame0093_ForcepToReference-SequenceTransformStatus = OK
Seq_Frame0093_Timestamp = 14.68
Seq_Frame0094_ForcepToReference-SequenceTransform =-0.355646 0.742481 0.56766 27.4619 0.932899 0.245165 0.263806 29.3412 0.0567004 0.623392 -0.779851 42.1145 0 0 0 1 
Seq_Frame0094_ForcepToReference-SequenceTransformStatus = OK
Seq_Frame0094_Timestamp = 14.785
Seq_Frame0095_ForcepToReference-SequenceTransform =-0.355448 0.741917 0.568521 27.4638 0.933124 0.246408 0.261843 29.3536 0.0541784 0.623572 -0.779886 42.1188 0 0 0 1 
Seq_Frame0095_ForcepToReference-SequenceTransformStatus = OK
Seq_Frame0095_Timestamp = 14.889
Seq_Frame0096_ForcepToReference-SequenceTransform =-0.35464 0.741748 0.569245 27.4631 0.933313 0.244243 0.263198 29.2791 0.0561922 0.624624 -0.778901 42.1555 0 0 0 1 
Seq_Frame0096_ForcepToReference-SequenceTransformStatus = OK
Seq_Frame0096_Timestamp = 14.995
Seq_Frame0097_ForcepToReference-SequenceTransform =-0.355635 0.743174 0.566759 27.4673 0.932874 0.245159 0.263899 29.3025 0.0571765 0.622567 -0.780475 42.1475 0 0 0 1 
Seq_Frame0097_ForcepToReference-SequenceTransformStatus = OK
Seq_Frame0097_Timestamp = 15.1
Seq_Frame0098_ForcepToReference-SequenceTransform =-0.355814 0.742781 0.567162 27.4568 0.93287 0.245845 0.263274 29.3387 0.0561207 0.622766 -0.780393 42.109 0 0 0 1 
Seq_Frame0098_ForcepToReference-SequenceTransformStatus = OK
Seq_Frame0098_Timestamp = 15.21
Seq_Frame0099_ForcepToReference-SequenceTransform =-0.355671 0.742579 0.567516 27.4607 0.932869 0.245002 0.264065 29.3329 0.0570465 0.623338 -0.779869 42.1018 0 0 0 1 
Seq_Frame0099_ForcepToReference-SequenceTransformStatus = OK
Seq_Frame0099_Timestamp = 15.316
Seq_Frame0100_ForcepToReference-SequenceTransform =-0.35544 0.742993 0.567119 27.457 0.932956 0.244979 0.263776 29.3037 0.0570512 0.622854 -0.780255 42.138 0 0 0 1 
Seq_Frame0100_ForcepToReference-SequenceTransformStatus = OK
Seq_Frame0100_Timestamp = 15.421
Seq_Frame0101_ForcepToReference-SequenceTransform =-0.355807 0.742877 0.567041 27.4665 0.932881 0.245967 0.263123 29.3271 0.0559946 0.622603 -0.780532 42.1329 0 0 0 1 
Seq_Frame0101_ForcepToReference-SequenceTransformStatus = OK
Seq_Frame0101_Timestamp = 15.525
Seq_Frame0102_ForcepToReference-SequenceTransform =-0.354924 0.742308 0.568338 27.4558 0.93321 0.244824 0.263019 29.2881 0.0560983 0.623731 -0.779623 42.13 0 0 0 1 
Seq_Frame0102_ForcepToReference-SequenceTransformStatus = OK
Seq_Frame0102_Timestamp = 15.635
Seq_Frame0103_ForcepToReference-SequenceTransform =-0.355996 0.743154 0.566559 27.4685 0.932686 0.244936 0.264768 29.3365 0.0579928 0.622678 -0.780326 42.1313 0 0 0 1 
Seq_Frame0103_ForcepToReference-SequenceTransformStatus = OK
Seq_Frame0103_Timestamp = 15.74
Seq_Frame0104_ForcepToReference-SequenceTransform =-0.355476 0.742621 0.567583 27.4682 0.932938 0.244787 0.264018 29.313 0.0571283 0.623372 -0.779835 42.159 0 0 0 1 
Seq_Frame0104_ForcepToReference-SequenceTransformStatus = OK
Seq_Frame0104_Timestamp = 15.853
Seq_Frame0105_ForcepToReference-SequenceTransform =-0.355057 0.742598 0.567875 27.4539 0.933094 0.244351 0.263872 29.2949 0.0571904 0.62357 -0.779672 42.1073 0 0 0 1 
Seq_Frame0105_ForcepToReference-SequenceTransformStatus = OK
Seq_Frame0105_Timestamp = 15.96
Seq_Frame0106_ForcepToReference-SequenceTransform =-0.355221 0.74258 0.567796 27.4626 0.933081 0.245043 0.263275 29.3037 0.0563679 0.623321 -0.779932 42.1257 0 0 0 1 
Seq_Frame0106_ForcepToReference-SequenceTransformStatus = OK
Seq_Frame0106_Timestamp = 16.073
Seq_Frame0107_ForcepToReference-SequenceTransform =-0.355101 0.74253 0.567937 27.4535 0.933169 0.245376 0.262654 29.2918 0.0556703 0.62325 -0.780039 42.107 0 0 0 1 
Seq_Frame0107_ForcepToReference-SequenceTransformStatus = OK
Seq_Frame0107_Timestamp = 16.192
Seq_Frame0108_ForcepToReference-SequenceTransform =-0.355001 0.742591 0.567919 27.4581 0.933086 0.243989 0.264233 29.2889 0.0576511 0.623721 -0.779518 42.1354 0 0 0 1 
Seq_Frame0108_ForcepToReference-SequenceTransformStatus = OK
Seq_Frame0108_Timestamp = 16.311
Seq_Frame0109_ForcepToReference-SequenceTransform =-0.355907 0.742852 0.567011 27.4708 0.932808 0.245668 0.263659 29.3493 0.0565635 0.622751 -0.780373 42.1083 0 0 0 1 
Seq_Frame0109_ForcepToReference-SequenceTransformStatus = OK
Seq_Frame0109_Timestamp = 16.43
Seq_Frame0110_ForcepToReference-SequenceTransform =-0.355431 0.742733 0.567464 27.4615 0.93299 0.245179 0.263473 29.3067 0.05656 0.623085 -0.780107 42.1422 0 0 0 1 
Seq_Frame0110_ForcepToReference-SequenceTransformStatus = OK
Seq_Frame0110_Timestamp = 16.54
Seq_Frame0111_ForcepToReference-SequenceTransform =-0.356226 0.743346 0.566162 27.4767 0.932713 0.246489 0.263229 29.351 0.056118 0.621836 -0.781134 42.1536 0 0 0 1 
Seq_Frame0111_ForcepToReference-SequenceTransformStatus = OK
Seq_Frame0111_Timestamp = 16.645
Seq_Frame0112_ForcepToReference-SequenceTransform =-0.355905 0.742701 0.56721 27.4694 0.932828 0.245813 0.263452 29.3409 0.0562386 0.622873 -0.780299 42.1375 0 0 0 1 
Seq_Frame0112_ForcepToReference-SequenceTransformStatus = OK
Seq_Frame0112_Timestamp = 16.755
Seq_Frame0113_ForcepToReference-SequenceTransform =-0.355606 0.742579 0.567557 27.4493 0.932884 0.244844 0.264157 29.3418 0.0571945 0.623401 -0.779808 42.1045 0 0 0 1 
Seq_Frame0113_ForcepToReference-SequenceTransformStatus = OK
Seq_Frame0113_Timestamp = 16.861
Seq_Frame0114_ForcepToReference-SequenceTransform =-0.35544 0.742068 0.568328 27.4467 0.933067 0.245782 0.262636 29.3368 0.0552091 0.623639 -0.77976 42.0853 0 0 0 1 
Seq_Frame0114_ForcepToReference-SequenceTransformStatus = OK
Seq_Frame0114_Timestamp = 16.966
Seq_Frame0115_ForcepToReference-SequenceTransform =-0.35614 0.743001 0.56667 27.465 0.932787 0.246703 0.262767 29.3632 0.0554366 0.622164 -0.780922 42.0838 0 0 0 1 
Seq_Frame0115_ForcepToReference-SequenceTransformStatus = OK
Seq_Frame0115_Timestamp = 17.07
Seq_Frame0116_ForcepToReference-SequenceTransform =-0.355626 0.742244 0.567983 27.4663 0.932935 0.24534 0.263518 29.3339 0.0562453 0.623605 -0.779714 42.1378 0 0 0 1 
Seq_Frame0116_ForcepToReference-SequenceTransformStatus = OK
Seq_Frame0116_Timestamp = 17.176
Seq_Frame0117_ForcepToReference-SequenceTransform =-0.356819 0.743382 0.565742 27.4806 0.93254 0.247647 0.262755 29.4104 0.055223 0.621333 -0.781598 42.1213 0 0 0 1 
Seq_Frame0117_ForcepToReference-SequenceTransformStatus = OK
Seq_Frame0117_Timestamp = 17.285
Seq_Frame0118_ForcepToReference-SequenceTransform =-0.356318 0.742835 0.566775 27.4824 0.932788 0.247571 0.261946 29.3899 0.054266 0.622017 -0.781121 42.1231 0 0 0 1 
Seq_Frame0118_ForcepToReference-SequenceTransformStatus = OK
Seq_Frame0118_Timestamp = 17.39
Seq_Frame0119_ForcepToReference-SequenceTransform =-0.356376 0.742679 0.566943 27.486 0.932856 0.248605 0.26072 29.3993 0.0526867 0.62179 -0.78141 42.1122 0 0 0 1 
Seq_Frame0119_ForcepToReference-SequenceTransformStatus = OK
Seq_Frame0119_Timestamp = 17.495
Seq_Frame0120_ForcepToReference-SequenceTransform =-0.35669 0.74317 0.566101 27.4813 0.932633 0.247921 0.262167 29.4161 0.0544868 0.621477 -0.781536 42.0973 0 0 0 1 
Seq_Frame0120_ForcepToReference-SequenceTransformStatus = OK
Seq_Frame0120_Timestamp = 17.601
Seq_Frame0121_ForcepToReference-SequenceTransform =-0.356863 0.743293 0.565831 27.4757 0.932468 0.247028 0.263593 29.4139 0.0561505 0.621686 -0.781251 42.1137 0 0 0 1 
Seq_Frame0121_ForcepToReference-SequenceTransformStatus = OK
Seq_Frame0121_Timestamp = 17.705
Seq_Frame0122_ForcepToReference-SequenceTransform =-0.356227 0.742388 0.567418 27.4828 0.93284 0.247479 0.261849 29.3932 0.0539695 0.622587 -0.780687 42.0965 0 0 0 1 
Seq_Frame0122_ForcepToReference-SequenceTransformStatus = OK
Seq_Frame0122_Timestamp = 17.812
Seq_Frame0123_ForcepToReference-SequenceTransform =-0.356098 0.74239 0.567495 27.4766 0.932832 0.246709 0.262603 29.3827 0.0549476 0.62289 -0.780378 42.0888 0 0 0 1 
Seq_Frame0123_ForcepToReference-SequenceTransformStatus = OK
Seq_Frame0123_Timestamp = 17.926
Seq_Frame0124_ForcepToReference-SequenceTransform =-0.35673 0.743113 0.566151 27.489 0.932551 0.247183 0.263153 29.4153 0.05561 0.621839 -0.781168 42.0725 0 0 0 1 
Seq_Frame0124_ForcepToReference-SequenceTransformStatus = OK
Seq_Frame0124_Timestamp = 18.052
Seq_Frame0125_ForcepToReference-SequenceTransform =-0.356295 0.742513 0.567212 27.4814 0.932786 0.247278 0.26223 29.401 0.0544506 0.622518 -0.780709 42.1198 0 0 0 1 
Seq_Frame0125_ForcepToReference-SequenceTransformStatus = OK
Seq_Frame0125_Timestamp = 18.179
Seq_Frame0126_ForcepToReference-SequenceTransform =-0.356705 0.74317 0.566091 27.4863 0.932586 0.247467 0.262762 29.3947 0.055188 0.621657 -0.781343 42.114 0 0 0 1 
Seq_Frame0126_ForcepToReference-SequenceTransformStatus = OK
Seq_Frame0126_Timestamp = 18.302
Seq_Frame0127_ForcepToReference-SequenceTransform =-0.356597 0.742979 0.566411 27.4907 0.932604 0.247027 0.263109 29.407 0.0555655 0.622061 -0.780995 42.1355 0 0 0 1 
Seq_Frame0127_ForcepToReference-SequenceTransformStatus = OK
Seq_Frame0127_Timestamp = 18.415
Seq_Frame0128_ForcepToReference-SequenceTransform =-0.356375 0.742432 0.567267 27.4854 0.932694 0.246618 0.263176 29.3943 0.0554921 0.622875 -0.780351 42.1071 0 0 0 1 
Seq_Frame0128_ForcepToReference-SequenceTransformStatus = OK
Seq_Frame0128_Timestamp = 18.528
Seq_Frame0129_ForcepToReference-SequenceTransform =-0.35739 0.743504 0.565221 27.486 0.932299 0.24798 0.263296 29.451 0.0555982 0.621054 -0.781793 42.1095 0 0 0 1 
Seq_Frame0129_ForcepToReference-SequenceTransformStatus = OK
Seq_Frame0129_Timestamp = 18.628
Seq_Frame0130_ForcepToReference-SequenceTransform =-0.356172 0.742972 0.566687 27.4912 0.932695 0.245836 0.263904 29.3324 0.0567609 0.622542 -0.780526 42.181 0 0 0 1 
Seq_Frame0130_ForcepToReference-SequenceTransformStatus = OK
Seq_Frame0130_Timestamp = 18.736
Seq_Frame0131_ForcepToReference-SequenceTransform =-0.356668 0.743292 0.565954 27.4909 0.932611 0.247623 0.262524 29.3939 0.0549882 0.621449 -0.781522 42.079 0 0 0 1 
Seq_Frame0131_ForcepToReference-SequenceTransformStatus = OK
Seq_Frame0131_Timestamp = 18.863
Seq_Frame0132_ForcepToReference-SequenceTransform =-0.356447 0.742852 0.566672 27.4789 0.932678 0.247012 0.262864 29.4031 0.0552945 0.622219 -0.780888 42.0896 0 0 0 1 
Seq_Frame0132_ForcepToReference-SequenceTransformStatus = OK
Seq_Frame0132_Timestamp = 18.979
Seq_Frame0133_ForcepToReference-SequenceTransform =-0.35577 0.741949 0.568278 27.4711 0.933 0.246695 0.262018 29.339 0.0542125 0.623421 -0.780004 42.0939 0 0 0 1 
Seq_Frame0133_ForcepToReference-SequenceTransformStatus = OK
Seq_Frame0133_Timestamp = 19.079
Seq_Frame0134_ForcepToReference-SequenceTransform =-0.355926 0.743252 0.566474 27.4925 0.93288 0.246754 0.262387 29.4305 0.0552394 0.621843 -0.781192 41.9656 0 0 0 1 
Seq_Frame0134_ForcepToReference-SequenceTransformStatus = OK
Seq_Frame0134_Timestamp = 19.197
Seq_Frame0135_ForcepToReference-SequenceTransform =-0.355106 0.742563 0.567891 27.4894 0.932895 0.242459 0.26631 29.3515 0.0600615 0.62435 -0.778832 42.0101 0 0 0 1 
Seq_Frame0135_ForcepToReference-SequenceTransformStatus = OK
Seq_Frame0135_Timestamp = 19.317
Seq_Frame0136_ForcepToReference-SequenceTransform =-0.356648 0.743194 0.566096 27.5037 0.932677 0.24822 0.261726 29.4338 0.0539962 0.621329 -0.781687 42.1003 0 0 0 1 
Seq_Frame0136_ForcepToReference-SequenceTransformStatus = OK
Seq_Frame0136_Timestamp = 19.443
Seq_Frame0137_ForcepToReference-SequenceTransform =-0.355567 0.742719 0.567398 27.4786 0.93275 0.243286 0.266061 29.4323 0.0595688 0.623844 -0.779276 41.9721 0 0 0 1 
Seq_Frame0137_ForcepToReference-SequenceTransformStatus = OK
Seq_Frame0137_Timestamp = 19.553
Seq_Frame0138_ForcepToReference-SequenceTransform =-0.355165 0.742153 0.56839 27.4884 0.93291 0.242711 0.266028 29.3843 0.0594787 0.624741 -0.778564 42.1003 0 0 0 1 
Seq_Frame0138_ForcepToReference-SequenceTransformStatus = OK
Seq_Frame0138_Timestamp = 19.661
Seq_Frame0139_ForcepToReference-SequenceTransform =-0.356952 0.742798 0.566424 27.481 0.932512 0.247755 0.262753 29.5195 0.0548384 0.621988 -0.781104 41.9231 0 0 0 1 
Seq_Frame0139_ForcepToReference-SequenceTransformStatus = OK
Seq_Frame0139_Timestamp = 19.77
Seq_Frame0140_ForcepToReference-SequenceTransform =-0.355253 0.742869 0.567398 27.5054 0.932987 0.244306 0.264293 29.3495 0.0577162 0.623265 -0.779878 42.0728 0 0 0 1 
Seq_Frame0140_ForcepToReference-SequenceTransformStatus = OK
Seq_Frame0140_Timestamp = 19.887
Seq_Frame0141_ForcepToReference-SequenceTransform =-0.355506 0.742608 0.567581 27.477 0.9329 0.244519 0.264403 29.4133 0.0575633 0.623493 -0.779707 42.0354 0 0 0 1 
Seq_Frame0141_ForcepToReference-SequenceTransformStatus = OK
Seq_Frame0141_Timestamp = 19.997
Seq_Frame0142_ForcepToReference-SequenceTransform =-0.356017 0.742776 0.567041 27.4919 0.932792 0.246022 0.263385 29.4462 0.0561314 0.622701 -0.780444 42.0454 0 0 0 1 
Seq_Frame0142_ForcepToReference-SequenceTransformStatus = OK
Seq_Frame0142_Timestamp = 20.12
Seq_Frame0143_ForcepToReference-SequenceTransform =-0.356606 0.742786 0.566658 27.5014 0.932568 0.246572 0.263666 29.5187 0.056126 0.622472 -0.780627 41.9618 0 0 0 1 
Seq_Frame0143_ForcepToReference-SequenceTransformStatus = OK
Seq_Frame0143_Timestamp = 20.243
Seq_Frame0144_ForcepToReference-SequenceTransform =-0.356507 0.742873 0.566607 27.5009 0.932547 0.245881 0.264383 29.491 0.0570855 0.622642 -0.780422 42.0082 0 0 0 1 
Seq_Frame0144_ForcepToReference-SequenceTransformStatus = OK
Seq_Frame0144_Timestamp = 20.367
Seq_Frame0145_ForcepToReference-SequenceTransform =-0.356421 0.743021 0.566467 27.5124 0.932596 0.246043 0.26406 29.4922 0.0568266 0.622401 -0.780633 42.0326 0 0 0 1 
Seq_Frame0145_ForcepToReference-SequenceTransformStatus = OK
Seq_Frame0145_Timestamp = 20.473
Seq_Frame0146_ForcepToReference-SequenceTransform =-0.356598 0.743307 0.565979 27.5149 0.932556 0.246642 0.263644 29.4831 0.0563743 0.621822 -0.781127 42.0315 0 0 0 1 
Seq_Frame0146_ForcepToReference-SequenceTransformStatus = OK
Seq_Frame0146_Timestamp = 20.585
Seq_Frame0147_ForcepToReference-SequenceTransform =-0.356407 0.743213 0.566223 27.5087 0.932594 0.246049 0.26406 29.4684 0.0569341 0.62217 -0.780809 42.026 0 0 0 1 
Seq_Frame0147_ForcepToReference-SequenceTransformStatus = OK
Seq_Frame0147_Timestamp = 20.716
Seq_Frame0148_ForcepToReference-SequenceTransform =-0.355933 0.742685 0.567213 27.4918 0.932827 0.24593 0.263349 29.4399 0.0560902 0.622846 -0.780331 42.021 0 0 0 1 
Seq_Frame0148_ForcepToReference-SequenceTransformStatus = OK
Seq_Frame0148_Timestamp = 20.83
Seq_Frame0149_ForcepToReference-SequenceTransform =-0.355844 0.742907 0.566978 27.4999 0.932755 0.244796 0.264657 29.4214 0.0578212 0.623028 -0.78006 42.0399 0 0 0 1 
Seq_Frame0149_ForcepToReference-SequenceTransformStatus = OK
Seq_Frame0149_Timestamp = 20.941
Seq_Frame0150_ForcepToReference-SequenceTransform =-0.355927 0.743084 0.566694 27.4901 0.93278 0.245572 0.263849 29.4018 0.0568975 0.622512 -0.780539 42.0233 0 0 0 1 
Seq_Frame0150_ForcepToReference-SequenceTransformStatus = OK
Seq_Frame0150_Timestamp = 21.051
Seq_Frame0151_ForcepToReference-SequenceTransform =-0.355084 0.741985 0.568659 27.4828 0.933299 0.246522 0.261112 29.3339 0.0535542 0.623446 -0.78003 42.0777 0 0 0 1 
Seq_Frame0151_ForcepToReference-SequenceTransformStatus = OK
Seq_Frame0151_Timestamp = 21.155
Seq_Frame0152_ForcepToReference-SequenceTransform =-0.356353 0.742855 0.566726 27.4706 0.93267 0.24644 0.263427 29.4678 0.0560244 0.622442 -0.780658 42.0016 0 0 0 1 
Seq_Frame0152_ForcepToReference-SequenceTransformStatus = OK
