ObjectType = Image
NDims = 3
AnatomicalOrientation = RAI
BinaryData = True
CompressedData = False
DimSize = 0 0 1750
ElementSpacing = 1 1 1
Offset = 0 0 0
TransformMatrix = 1 0 0 0 1 0 0 0 1
ElementType = MET_UCHAR
Kinds = domain domain list
Seq_Frame0000_DriverToReference-SequenceTransform =-0.95288 -0.263528 0.150242 27.8331 -0.0313306 0.578129 0.815343 44.4532 -0.301726 0.772217 -0.559144 72.0263 0 0 0 1 
Seq_Frame0000_DriverToReference-SequenceTransformStatus = OK
Seq_Frame0000_Timestamp = 0.013
Seq_Frame0001_DriverToReference-SequenceTransform =-0.953017 -0.262941 0.150403 27.8523 -0.030313 0.576805 0.81632 44.3654 -0.301397 0.773407 -0.557675 72.0971 0 0 0 1 
Seq_Frame0001_DriverToReference-SequenceTransformStatus = OK
Seq_Frame0001_Timestamp = 0.115
Seq_Frame0002_DriverToReference-SequenceTransform =-0.952986 -0.262943 0.150592 27.8578 -0.0300973 0.576664 0.816427 44.3373 -0.301515 0.773511 -0.557467 72.1163 0 0 0 1 
Seq_Frame0002_DriverToReference-SequenceTransformStatus = OK
Seq_Frame0002_Timestamp = 0.226
Seq_Frame0003_DriverToReference-SequenceTransform =-0.922026 -0.307192 0.235589 28.2604 0.010872 0.587768 0.808957 44.7761 -0.386976 0.74844 -0.538597 70.3363 0 0 0 1 
Seq_Frame0003_DriverToReference-SequenceTransformStatus = OK
Seq_Frame0003_Timestamp = 0.327
Seq_Frame0004_DriverToReference-SequenceTransform =-0.922026 -0.307192 0.235589 28.2604 0.010872 0.587768 0.808957 44.7761 -0.386976 0.74844 -0.538597 70.3363 0 0 0 1 
Seq_Frame0004_DriverToReference-SequenceTransformStatus = OK
Seq_Frame0004_Timestamp = 0.428
Seq_Frame0005_DriverToReference-SequenceTransform =-0.922026 -0.307192 0.235589 28.2604 0.010872 0.587768 0.808957 44.7761 -0.386976 0.74844 -0.538597 70.3363 0 0 0 1 
Seq_Frame0005_DriverToReference-SequenceTransformStatus = OK
Seq_Frame0005_Timestamp = 0.542
Seq_Frame0006_DriverToReference-SequenceTransform =-0.922026 -0.307192 0.235589 28.2604 0.010872 0.587768 0.808957 44.7761 -0.386976 0.74844 -0.538597 70.3363 0 0 0 1 
Seq_Frame0006_DriverToReference-SequenceTransformStatus = OK
Seq_Frame0006_Timestamp = 0.642
Seq_Frame0007_DriverToReference-SequenceTransform =-0.922026 -0.307192 0.235589 28.2604 0.010872 0.587768 0.808957 44.7761 -0.386976 0.74844 -0.538597 70.3363 0 0 0 1 
Seq_Frame0007_DriverToReference-SequenceTransformStatus = OK
Seq_Frame0007_Timestamp = 0.755
Seq_Frame0008_DriverToReference-SequenceTransform =-0.922026 -0.307192 0.235589 28.2604 0.010872 0.587768 0.808957 44.7761 -0.386976 0.74844 -0.538597 70.3363 0 0 0 1 
Seq_Frame0008_DriverToReference-SequenceTransformStatus = OK
Seq_Frame0008_Timestamp = 0.858
Seq_Frame0009_DriverToReference-SequenceTransform =-0.922026 -0.307192 0.235589 28.2604 0.010872 0.587768 0.808957 44.7761 -0.386976 0.74844 -0.538597 70.3363 0 0 0 1 
Seq_Frame0009_DriverToReference-SequenceTransformStatus = OK
Seq_Frame0009_Timestamp = 0.962
Seq_Frame0010_DriverToReference-SequenceTransform =-0.922026 -0.307192 0.235589 28.2604 0.010872 0.587768 0.808957 44.7761 -0.386976 0.74844 -0.538597 70.3363 0 0 0 1 
Seq_Frame0010_DriverToReference-SequenceTransformStatus = OK
Seq_Frame0010_Timestamp = 1.062
Seq_Frame0011_DriverToReference-SequenceTransform =0.819341 -0.0645057 0.569665 -15.3342 0.0273499 0.996917 0.0735483 160.155 -0.572653 -0.0446809 0.818579 41.7304 0 0 0 1 
Seq_Frame0011_DriverToReference-SequenceTransformStatus = OK
Seq_Frame0011_Timestamp = 1.169
Seq_Frame0012_DriverToReference-SequenceTransform =0.819341 -0.0645057 0.569665 -15.3342 0.0273499 0.996917 0.0735483 160.155 -0.572653 -0.0446809 0.818579 41.7304 0 0 0 1 
Seq_Frame0012_DriverToReference-SequenceTransformStatus = OK
Seq_Frame0012_Timestamp = 1.272
Seq_Frame0013_DriverToReference-SequenceTransform =0.819341 -0.0645057 0.569665 -15.3342 0.0273499 0.996917 0.0735483 160.155 -0.572653 -0.0446809 0.818579 41.7304 0 0 0 1 
Seq_Frame0013_DriverToReference-SequenceTransformStatus = OK
Seq_Frame0013_Timestamp = 1.372
Seq_Frame0014_DriverToReference-SequenceTransform =0.819341 -0.0645057 0.569665 -15.3342 0.0273499 0.996917 0.0735483 160.155 -0.572653 -0.0446809 0.818579 41.7304 0 0 0 1 
Seq_Frame0014_DriverToReference-SequenceTransformStatus = OK
Seq_Frame0014_Timestamp = 1.482
Seq_Frame0015_DriverToReference-SequenceTransform =0.819341 -0.0645057 0.569665 -15.3342 0.0273499 0.996917 0.0735483 160.155 -0.572653 -0.0446809 0.818579 41.7304 0 0 0 1 
Seq_Frame0015_DriverToReference-SequenceTransformStatus = OK
Seq_Frame0015_Timestamp = 1.586
Seq_Frame0016_DriverToReference-SequenceTransform =0.819341 -0.0645057 0.569665 -15.3342 0.0273499 0.996917 0.0735483 160.155 -0.572653 -0.0446809 0.818579 41.7304 0 0 0 1 
Seq_Frame0016_DriverToReference-SequenceTransformStatus = OK
Seq_Frame0016_Timestamp = 1.687
Seq_Frame0017_DriverToReference-SequenceTransform =0.819341 -0.0645057 0.569665 -15.3342 0.0273499 0.996917 0.0735483 160.155 -0.572653 -0.0446809 0.818579 41.7304 0 0 0 1 
Seq_Frame0017_DriverToReference-SequenceTransformStatus = OK
Seq_Frame0017_Timestamp = 1.793
Seq_Frame0018_DriverToReference-SequenceTransform =0.819341 -0.0645057 0.569665 -15.3342 0.0273499 0.996917 0.0735483 160.155 -0.572653 -0.0446809 0.818579 41.7304 0 0 0 1 
Seq_Frame0018_DriverToReference-SequenceTransformStatus = OK
Seq_Frame0018_Timestamp = 1.898
Seq_Frame0019_DriverToReference-SequenceTransform =0.819341 -0.0645057 0.569665 -15.3342 0.0273499 0.996917 0.0735483 160.155 -0.572653 -0.0446809 0.818579 41.7304 0 0 0 1 
Seq_Frame0019_DriverToReference-SequenceTransformStatus = OK
Seq_Frame0019_Timestamp = 2.008
Seq_Frame0020_DriverToReference-SequenceTransform =0.819341 -0.0645057 0.569665 -15.3342 0.0273499 0.996917 0.0735483 160.155 -0.572653 -0.0446809 0.818579 41.7304 0 0 0 1 
Seq_Frame0020_DriverToReference-SequenceTransformStatus = OK
Seq_Frame0020_Timestamp = 2.108
Seq_Frame0021_DriverToReference-SequenceTransform =0.819341 -0.0645057 0.569665 -15.3342 0.0273499 0.996917 0.0735483 160.155 -0.572653 -0.0446809 0.818579 41.7304 0 0 0 1 
Seq_Frame0021_DriverToReference-SequenceTransformStatus = OK
Seq_Frame0021_Timestamp = 2.213
Seq_Frame0022_DriverToReference-SequenceTransform =0.819341 -0.0645057 0.569665 -15.3342 0.0273499 0.996917 0.0735483 160.155 -0.572653 -0.0446809 0.818579 41.7304 0 0 0 1 
Seq_Frame0022_DriverToReference-SequenceTransformStatus = OK
Seq_Frame0022_Timestamp = 2.313
Seq_Frame0023_DriverToReference-SequenceTransform =0.819341 -0.0645057 0.569665 -15.3342 0.0273499 0.996917 0.0735483 160.155 -0.572653 -0.0446809 0.818579 41.7304 0 0 0 1 
Seq_Frame0023_DriverToReference-SequenceTransformStatus = OK
Seq_Frame0023_Timestamp = 2.417
Seq_Frame0024_DriverToReference-SequenceTransform =0.819341 -0.0645057 0.569665 -15.3342 0.0273499 0.996917 0.0735483 160.155 -0.572653 -0.0446809 0.818579 41.7304 0 0 0 1 
Seq_Frame0024_DriverToReference-SequenceTransformStatus = OK
Seq_Frame0024_Timestamp = 2.522
Seq_Frame0025_DriverToReference-SequenceTransform =0.819341 -0.0645057 0.569665 -15.3342 0.0273499 0.996917 0.0735483 160.155 -0.572653 -0.0446809 0.818579 41.7304 0 0 0 1 
Seq_Frame0025_DriverToReference-SequenceTransformStatus = OK
Seq_Frame0025_Timestamp = 2.622
Seq_Frame0026_DriverToReference-SequenceTransform =0.819341 -0.0645057 0.569665 -15.3342 0.0273499 0.996917 0.0735483 160.155 -0.572653 -0.0446809 0.818579 41.7304 0 0 0 1 
Seq_Frame0026_DriverToReference-SequenceTransformStatus = OK
Seq_Frame0026_Timestamp = 2.736
Seq_Frame0027_DriverToReference-SequenceTransform =0.819341 -0.0645057 0.569665 -15.3342 0.0273499 0.996917 0.0735483 160.155 -0.572653 -0.0446809 0.818579 41.7304 0 0 0 1 
Seq_Frame0027_DriverToReference-SequenceTransformStatus = OK
Seq_Frame0027_Timestamp = 2.837
Seq_Frame0028_DriverToReference-SequenceTransform =0.819341 -0.0645057 0.569665 -15.3342 0.0273499 0.996917 0.0735483 160.155 -0.572653 -0.0446809 0.818579 41.7304 0 0 0 1 
Seq_Frame0028_DriverToReference-SequenceTransformStatus = OK
Seq_Frame0028_Timestamp = 2.937
Seq_Frame0029_DriverToReference-SequenceTransform =0.819341 -0.0645057 0.569665 -15.3342 0.0273499 0.996917 0.0735483 160.155 -0.572653 -0.0446809 0.818579 41.7304 0 0 0 1 
Seq_Frame0029_DriverToReference-SequenceTransformStatus = OK
Seq_Frame0029_Timestamp = 3.047
Seq_Frame0030_DriverToReference-SequenceTransform =0.819341 -0.0645057 0.569665 -15.3342 0.0273499 0.996917 0.0735483 160.155 -0.572653 -0.0446809 0.818579 41.7304 0 0 0 1 
Seq_Frame0030_DriverToReference-SequenceTransformStatus = OK
Seq_Frame0030_Timestamp = 3.148
Seq_Frame0031_DriverToReference-SequenceTransform =0.819341 -0.0645057 0.569665 -15.3342 0.0273499 0.996917 0.0735483 160.155 -0.572653 -0.0446809 0.818579 41.7304 0 0 0 1 
Seq_Frame0031_DriverToReference-SequenceTransformStatus = OK
Seq_Frame0031_Timestamp = 3.253
Seq_Frame0032_DriverToReference-SequenceTransform =0.819341 -0.0645057 0.569665 -15.3342 0.0273499 0.996917 0.0735483 160.155 -0.572653 -0.0446809 0.818579 41.7304 0 0 0 1 
Seq_Frame0032_DriverToReference-SequenceTransformStatus = OK
Seq_Frame0032_Timestamp = 3.357
Seq_Frame0033_DriverToReference-SequenceTransform =0.819341 -0.0645057 0.569665 -15.3342 0.0273499 0.996917 0.0735483 160.155 -0.572653 -0.0446809 0.818579 41.7304 0 0 0 1 
Seq_Frame0033_DriverToReference-SequenceTransformStatus = OK
Seq_Frame0033_Timestamp = 3.463
Seq_Frame0034_DriverToReference-SequenceTransform =0.819341 -0.0645057 0.569665 -15.3342 0.0273499 0.996917 0.0735483 160.155 -0.572653 -0.0446809 0.818579 41.7304 0 0 0 1 
Seq_Frame0034_DriverToReference-SequenceTransformStatus = OK
Seq_Frame0034_Timestamp = 3.563
Seq_Frame0035_DriverToReference-SequenceTransform =0.819341 -0.0645057 0.569665 -15.3342 0.0273499 0.996917 0.0735483 160.155 -0.572653 -0.0446809 0.818579 41.7304 0 0 0 1 
Seq_Frame0035_DriverToReference-SequenceTransformStatus = OK
Seq_Frame0035_Timestamp = 3.672
Seq_Frame0036_DriverToReference-SequenceTransform =0.819341 -0.0645057 0.569665 -15.3342 0.0273499 0.996917 0.0735483 160.155 -0.572653 -0.0446809 0.818579 41.7304 0 0 0 1 
Seq_Frame0036_DriverToReference-SequenceTransformStatus = OK
Seq_Frame0036_Timestamp = 3.777
Seq_Frame0037_DriverToReference-SequenceTransform =0.819341 -0.0645057 0.569665 -15.3342 0.0273499 0.996917 0.0735483 160.155 -0.572653 -0.0446809 0.818579 41.7304 0 0 0 1 
Seq_Frame0037_DriverToReference-SequenceTransformStatus = OK
Seq_Frame0037_Timestamp = 3.882
Seq_Frame0038_DriverToReference-SequenceTransform =0.819341 -0.0645057 0.569665 -15.3342 0.0273499 0.996917 0.0735483 160.155 -0.572653 -0.0446809 0.818579 41.7304 0 0 0 1 
Seq_Frame0038_DriverToReference-SequenceTransformStatus = OK
Seq_Frame0038_Timestamp = 3.987
Seq_Frame0039_DriverToReference-SequenceTransform =0.819341 -0.0645057 0.569665 -15.3342 0.0273499 0.996917 0.0735483 160.155 -0.572653 -0.0446809 0.818579 41.7304 0 0 0 1 
Seq_Frame0039_DriverToReference-SequenceTransformStatus = OK
Seq_Frame0039_Timestamp = 4.092
Seq_Frame0040_DriverToReference-SequenceTransform =0.819341 -0.0645057 0.569665 -15.3342 0.0273499 0.996917 0.0735483 160.155 -0.572653 -0.0446809 0.818579 41.7304 0 0 0 1 
Seq_Frame0040_DriverToReference-SequenceTransformStatus = OK
Seq_Frame0040_Timestamp = 4.197
Seq_Frame0041_DriverToReference-SequenceTransform =0.819341 -0.0645057 0.569665 -15.3342 0.0273499 0.996917 0.0735483 160.155 -0.572653 -0.0446809 0.818579 41.7304 0 0 0 1 
Seq_Frame0041_DriverToReference-SequenceTransformStatus = OK
Seq_Frame0041_Timestamp = 4.302
Seq_Frame0042_DriverToReference-SequenceTransform =0.819341 -0.0645057 0.569665 -15.3342 0.0273499 0.996917 0.0735483 160.155 -0.572653 -0.0446809 0.818579 41.7304 0 0 0 1 
Seq_Frame0042_DriverToReference-SequenceTransformStatus = OK
Seq_Frame0042_Timestamp = 4.411
Seq_Frame0043_DriverToReference-SequenceTransform =0.819341 -0.0645057 0.569665 -15.3342 0.0273499 0.996917 0.0735483 160.155 -0.572653 -0.0446809 0.818579 41.7304 0 0 0 1 
Seq_Frame0043_DriverToReference-SequenceTransformStatus = OK
Seq_Frame0043_Timestamp = 4.513
Seq_Frame0044_DriverToReference-SequenceTransform =0.819341 -0.0645057 0.569665 -15.3342 0.0273499 0.996917 0.0735483 160.155 -0.572653 -0.0446809 0.818579 41.7304 0 0 0 1 
Seq_Frame0044_DriverToReference-SequenceTransformStatus = OK
Seq_Frame0044_Timestamp = 4.623
Seq_Frame0045_DriverToReference-SequenceTransform =0.819341 -0.0645057 0.569665 -15.3342 0.0273499 0.996917 0.0735483 160.155 -0.572653 -0.0446809 0.818579 41.7304 0 0 0 1 
Seq_Frame0045_DriverToReference-SequenceTransformStatus = OK
Seq_Frame0045_Timestamp = 4.723
Seq_Frame0046_DriverToReference-SequenceTransform =0.819341 -0.0645057 0.569665 -15.3342 0.0273499 0.996917 0.0735483 160.155 -0.572653 -0.0446809 0.818579 41.7304 0 0 0 1 
Seq_Frame0046_DriverToReference-SequenceTransformStatus = OK
Seq_Frame0046_Timestamp = 4.827
Seq_Frame0047_DriverToReference-SequenceTransform =0.819341 -0.0645057 0.569665 -15.3342 0.0273499 0.996917 0.0735483 160.155 -0.572653 -0.0446809 0.818579 41.7304 0 0 0 1 
Seq_Frame0047_DriverToReference-SequenceTransformStatus = OK
Seq_Frame0047_Timestamp = 4.928
Seq_Frame0048_DriverToReference-SequenceTransform =0.819341 -0.0645057 0.569665 -15.3342 0.0273499 0.996917 0.0735483 160.155 -0.572653 -0.0446809 0.818579 41.7304 0 0 0 1 
Seq_Frame0048_DriverToReference-SequenceTransformStatus = OK
Seq_Frame0048_Timestamp = 5.032
Seq_Frame0049_DriverToReference-SequenceTransform =0.819341 -0.0645057 0.569665 -15.3342 0.0273499 0.996917 0.0735483 160.155 -0.572653 -0.0446809 0.818579 41.7304 0 0 0 1 
Seq_Frame0049_DriverToReference-SequenceTransformStatus = OK
Seq_Frame0049_Timestamp = 5.133
Seq_Frame0050_DriverToReference-SequenceTransform =0.819341 -0.0645057 0.569665 -15.3342 0.0273499 0.996917 0.0735483 160.155 -0.572653 -0.0446809 0.818579 41.7304 0 0 0 1 
Seq_Frame0050_DriverToReference-SequenceTransformStatus = OK
Seq_Frame0050_Timestamp = 5.238
Seq_Frame0051_DriverToReference-SequenceTransform =0.819341 -0.0645057 0.569665 -15.3342 0.0273499 0.996917 0.0735483 160.155 -0.572653 -0.0446809 0.818579 41.7304 0 0 0 1 
Seq_Frame0051_DriverToReference-SequenceTransformStatus = OK
Seq_Frame0051_Timestamp = 5.342
Seq_Frame0052_DriverToReference-SequenceTransform =0.819341 -0.0645057 0.569665 -15.3342 0.0273499 0.996917 0.0735483 160.155 -0.572653 -0.0446809 0.818579 41.7304 0 0 0 1 
Seq_Frame0052_DriverToReference-SequenceTransformStatus = OK
Seq_Frame0052_Timestamp = 5.457
Seq_Frame0053_DriverToReference-SequenceTransform =0.819341 -0.0645057 0.569665 -15.3342 0.0273499 0.996917 0.0735483 160.155 -0.572653 -0.0446809 0.818579 41.7304 0 0 0 1 
Seq_Frame0053_DriverToReference-SequenceTransformStatus = OK
Seq_Frame0053_Timestamp = 5.567
Seq_Frame0054_DriverToReference-SequenceTransform =0.819341 -0.0645057 0.569665 -15.3342 0.0273499 0.996917 0.0735483 160.155 -0.572653 -0.0446809 0.818579 41.7304 0 0 0 1 
Seq_Frame0054_DriverToReference-SequenceTransformStatus = OK
Seq_Frame0054_Timestamp = 5.672
Seq_Frame0055_DriverToReference-SequenceTransform =0.868159 0.426258 -0.254174 -82.4115 -0.483808 0.612789 -0.624835 232.76 -0.110586 0.665427 0.738226 154.977 0 0 0 1 
Seq_Frame0055_DriverToReference-SequenceTransformStatus = OK
Seq_Frame0055_Timestamp = 5.773
Seq_Frame0056_DriverToReference-SequenceTransform =0.845988 0.4883 -0.214166 -80.7597 -0.496924 0.57641 -0.648705 230.75 -0.193315 0.655221 0.730284 157.455 0 0 0 1 
Seq_Frame0056_DriverToReference-SequenceTransformStatus = OK
Seq_Frame0056_Timestamp = 5.882
Seq_Frame0057_DriverToReference-SequenceTransform =0.845988 0.4883 -0.214166 -80.7597 -0.496924 0.57641 -0.648705 230.75 -0.193315 0.655221 0.730284 157.455 0 0 0 1 
Seq_Frame0057_DriverToReference-SequenceTransformStatus = OK
Seq_Frame0057_Timestamp = 5.983
Seq_Frame0058_DriverToReference-SequenceTransform =0.845988 0.4883 -0.214166 -80.7597 -0.496924 0.57641 -0.648705 230.75 -0.193315 0.655221 0.730284 157.455 0 0 0 1 
Seq_Frame0058_DriverToReference-SequenceTransformStatus = OK
Seq_Frame0058_Timestamp = 6.094
Seq_Frame0059_DriverToReference-SequenceTransform =0.845988 0.4883 -0.214166 -80.7597 -0.496924 0.57641 -0.648705 230.75 -0.193315 0.655221 0.730284 157.455 0 0 0 1 
Seq_Frame0059_DriverToReference-SequenceTransformStatus = OK
Seq_Frame0059_Timestamp = 6.197
Seq_Frame0060_DriverToReference-SequenceTransform =0.845988 0.4883 -0.214166 -80.7597 -0.496924 0.57641 -0.648705 230.75 -0.193315 0.655221 0.730284 157.455 0 0 0 1 
Seq_Frame0060_DriverToReference-SequenceTransformStatus = OK
Seq_Frame0060_Timestamp = 6.298
Seq_Frame0061_DriverToReference-SequenceTransform =0.845988 0.4883 -0.214166 -80.7597 -0.496924 0.57641 -0.648705 230.75 -0.193315 0.655221 0.730284 157.455 0 0 0 1 
Seq_Frame0061_DriverToReference-SequenceTransformStatus = OK
Seq_Frame0061_Timestamp = 6.409
Seq_Frame0062_DriverToReference-SequenceTransform =0.845988 0.4883 -0.214166 -80.7597 -0.496924 0.57641 -0.648705 230.75 -0.193315 0.655221 0.730284 157.455 0 0 0 1 
Seq_Frame0062_DriverToReference-SequenceTransformStatus = OK
Seq_Frame0062_Timestamp = 6.514
Seq_Frame0063_DriverToReference-SequenceTransform =0.845988 0.4883 -0.214166 -80.7597 -0.496924 0.57641 -0.648705 230.75 -0.193315 0.655221 0.730284 157.455 0 0 0 1 
Seq_Frame0063_DriverToReference-SequenceTransformStatus = OK
Seq_Frame0063_Timestamp = 6.622
Seq_Frame0064_DriverToReference-SequenceTransform =0.845988 0.4883 -0.214166 -80.7597 -0.496924 0.57641 -0.648705 230.75 -0.193315 0.655221 0.730284 157.455 0 0 0 1 
Seq_Frame0064_DriverToReference-SequenceTransformStatus = OK
Seq_Frame0064_Timestamp = 6.73
Seq_Frame0065_DriverToReference-SequenceTransform =0.845988 0.4883 -0.214166 -80.7597 -0.496924 0.57641 -0.648705 230.75 -0.193315 0.655221 0.730284 157.455 0 0 0 1 
Seq_Frame0065_DriverToReference-SequenceTransformStatus = OK
Seq_Frame0065_Timestamp = 6.836
Seq_Frame0066_DriverToReference-SequenceTransform =0.845988 0.4883 -0.214166 -80.7597 -0.496924 0.57641 -0.648705 230.75 -0.193315 0.655221 0.730284 157.455 0 0 0 1 
Seq_Frame0066_DriverToReference-SequenceTransformStatus = OK
Seq_Frame0066_Timestamp = 6.943
Seq_Frame0067_DriverToReference-SequenceTransform =0.845988 0.4883 -0.214166 -80.7597 -0.496924 0.57641 -0.648705 230.75 -0.193315 0.655221 0.730284 157.455 0 0 0 1 
Seq_Frame0067_DriverToReference-SequenceTransformStatus = OK
Seq_Frame0067_Timestamp = 7.046
Seq_Frame0068_DriverToReference-SequenceTransform =0.845988 0.4883 -0.214166 -80.7597 -0.496924 0.57641 -0.648705 230.75 -0.193315 0.655221 0.730284 157.455 0 0 0 1 
Seq_Frame0068_DriverToReference-SequenceTransformStatus = OK
Seq_Frame0068_Timestamp = 7.153
Seq_Frame0069_DriverToReference-SequenceTransform =0.845988 0.4883 -0.214166 -80.7597 -0.496924 0.57641 -0.648705 230.75 -0.193315 0.655221 0.730284 157.455 0 0 0 1 
Seq_Frame0069_DriverToReference-SequenceTransformStatus = OK
Seq_Frame0069_Timestamp = 7.257
Seq_Frame0070_DriverToReference-SequenceTransform =0.845988 0.4883 -0.214166 -80.7597 -0.496924 0.57641 -0.648705 230.75 -0.193315 0.655221 0.730284 157.455 0 0 0 1 
Seq_Frame0070_DriverToReference-SequenceTransformStatus = OK
Seq_Frame0070_Timestamp = 7.362
Seq_Frame0071_DriverToReference-SequenceTransform =0.845988 0.4883 -0.214166 -80.7597 -0.496924 0.57641 -0.648705 230.75 -0.193315 0.655221 0.730284 157.455 0 0 0 1 
Seq_Frame0071_DriverToReference-SequenceTransformStatus = OK
Seq_Frame0071_Timestamp = 7.469
Seq_Frame0072_DriverToReference-SequenceTransform =0.845988 0.4883 -0.214166 -80.7597 -0.496924 0.57641 -0.648705 230.75 -0.193315 0.655221 0.730284 157.455 0 0 0 1 
Seq_Frame0072_DriverToReference-SequenceTransformStatus = OK
Seq_Frame0072_Timestamp = 7.574
Seq_Frame0073_DriverToReference-SequenceTransform =0.845988 0.4883 -0.214166 -80.7597 -0.496924 0.57641 -0.648705 230.75 -0.193315 0.655221 0.730284 157.455 0 0 0 1 
Seq_Frame0073_DriverToReference-SequenceTransformStatus = OK
Seq_Frame0073_Timestamp = 7.68
Seq_Frame0074_DriverToReference-SequenceTransform =-0.368965 -0.418118 -0.830086 64.927 -0.881751 0.439876 0.170362 256.682 0.293903 0.794787 -0.530975 155.1 0 0 0 1 
Seq_Frame0074_DriverToReference-SequenceTransformStatus = OK
Seq_Frame0074_Timestamp = 7.787
Seq_Frame0075_DriverToReference-SequenceTransform =-0.353955 -0.596461 -0.720382 93.5107 -0.931362 0.295064 0.213311 264.171 0.0853266 0.746439 -0.659961 157.93 0 0 0 1 
Seq_Frame0075_DriverToReference-SequenceTransformStatus = OK
Seq_Frame0075_Timestamp = 7.891
Seq_Frame0076_DriverToReference-SequenceTransform =-0.344463 -0.697214 -0.62868 107.202 -0.937584 0.289569 0.192579 273.627 0.0477775 0.655776 -0.753442 160.132 0 0 0 1 
Seq_Frame0076_DriverToReference-SequenceTransformStatus = OK
Seq_Frame0076_Timestamp = 7.998
Seq_Frame0077_DriverToReference-SequenceTransform =-0.352338 -0.704361 -0.616225 109.745 -0.934555 0.29974 0.191739 278.642 0.0496541 0.643453 -0.763874 165.916 0 0 0 1 
Seq_Frame0077_DriverToReference-SequenceTransformStatus = OK
Seq_Frame0077_Timestamp = 8.101
Seq_Frame0078_DriverToReference-SequenceTransform =-0.341814 -0.722322 -0.601177 110.894 -0.938341 0.297561 0.175993 278.197 0.0517635 0.624266 -0.779495 171.444 0 0 0 1 
Seq_Frame0078_DriverToReference-SequenceTransformStatus = OK
Seq_Frame0078_Timestamp = 8.206
Seq_Frame0079_DriverToReference-SequenceTransform =-0.267404 -0.723927 -0.635944 106.865 -0.961879 0.23979 0.13149 288.144 0.0573042 0.646862 -0.760451 171.978 0 0 0 1 
Seq_Frame0079_DriverToReference-SequenceTransformStatus = OK
Seq_Frame0079_Timestamp = 8.316
Seq_Frame0080_DriverToReference-SequenceTransform =-0.235729 -0.737485 -0.632889 107.85 -0.970929 0.206583 0.120914 298.252 0.0415718 0.642993 -0.764743 175.894 0 0 0 1 
Seq_Frame0080_DriverToReference-SequenceTransformStatus = OK
Seq_Frame0080_Timestamp = 8.422
Seq_Frame0081_DriverToReference-SequenceTransform =-0.251202 -0.721035 -0.64576 100.989 -0.967523 0.206504 0.145793 302.606 0.0282299 0.661411 -0.749492 173.555 0 0 0 1 
Seq_Frame0081_DriverToReference-SequenceTransformStatus = OK
Seq_Frame0081_Timestamp = 8.533
Seq_Frame0082_DriverToReference-SequenceTransform =-0.19773 -0.6943 -0.691991 78.8677 -0.980129 0.151406 0.128152 304.402 0.0157963 0.70358 -0.710441 164.458 0 0 0 1 
Seq_Frame0082_DriverToReference-SequenceTransformStatus = OK
Seq_Frame0082_Timestamp = 8.637
Seq_Frame0083_DriverToReference-SequenceTransform =-0.146252 -0.665101 -0.732292 51.7284 -0.987301 0.144552 0.0658925 300.581 0.0620294 0.732629 -0.677795 157.943 0 0 0 1 
Seq_Frame0083_DriverToReference-SequenceTransformStatus = OK
Seq_Frame0083_Timestamp = 8.749
Seq_Frame0084_DriverToReference-SequenceTransform =-0.220802 -0.690471 -0.688837 35.9886 -0.972825 0.206393 0.10495 302.277 0.0697056 0.693291 -0.717279 154.88 0 0 0 1 
Seq_Frame0084_DriverToReference-SequenceTransformStatus = OK
Seq_Frame0084_Timestamp = 8.853
Seq_Frame0085_DriverToReference-SequenceTransform =-0.28848 -0.684392 -0.669616 22.589 -0.951301 0.284228 0.119334 298.498 0.108653 0.671432 -0.733057 155.495 0 0 0 1 
Seq_Frame0085_DriverToReference-SequenceTransformStatus = OK
Seq_Frame0085_Timestamp = 8.965
Seq_Frame0086_DriverToReference-SequenceTransform =-0.264961 -0.71126 -0.65108 5.26638 -0.954756 0.288079 0.0738379 285.136 0.135044 0.641187 -0.755409 145.605 0 0 0 1 
Seq_Frame0086_DriverToReference-SequenceTransformStatus = OK
Seq_Frame0086_Timestamp = 9.071
Seq_Frame0087_DriverToReference-SequenceTransform =-0.116382 -0.835081 -0.537675 -11.1705 -0.985026 0.166376 -0.0451907 269.664 0.127194 0.524364 -0.84194 123.726 0 0 0 1 
Seq_Frame0087_DriverToReference-SequenceTransformStatus = OK
Seq_Frame0087_Timestamp = 9.176
Seq_Frame0088_DriverToReference-SequenceTransform =0.0682687 -0.901231 -0.427927 -7.8491 -0.949872 0.0724539 -0.304127 259.444 0.305094 0.427238 -0.851108 109.924 0 0 0 1 
Seq_Frame0088_DriverToReference-SequenceTransformStatus = OK
Seq_Frame0088_Timestamp = 9.283
Seq_Frame0089_DriverToReference-SequenceTransform =0.0582686 -0.92065 -0.386016 1.58845 -0.987389 0.00386557 -0.158264 255.091 0.147198 0.39037 -0.908815 100.687 0 0 0 1 
Seq_Frame0089_DriverToReference-SequenceTransformStatus = OK
Seq_Frame0089_Timestamp = 9.391
Seq_Frame0090_DriverToReference-SequenceTransform =0.00469851 -0.912682 -0.408643 12.5065 -0.997899 0.0221269 -0.0608929 249.459 0.0646179 0.408071 -0.910661 103.127 0 0 0 1 
Seq_Frame0090_DriverToReference-SequenceTransformStatus = OK
Seq_Frame0090_Timestamp = 9.498
Seq_Frame0091_DriverToReference-SequenceTransform =-0.170696 -0.943008 -0.285655 33.4484 -0.985323 0.162958 0.0508294 245.808 -0.00138279 0.290139 -0.956984 108.658 0 0 0 1 
Seq_Frame0091_DriverToReference-SequenceTransformStatus = OK
Seq_Frame0091_Timestamp = 9.602
Seq_Frame0092_DriverToReference-SequenceTransform =-0.26828 -0.939881 -0.211304 51.6237 -0.962875 0.254799 0.0891574 243.065 -0.0299573 0.227379 -0.973346 112.502 0 0 0 1 
Seq_Frame0092_DriverToReference-SequenceTransformStatus = OK
Seq_Frame0092_Timestamp = 9.707
Seq_Frame0093_DriverToReference-SequenceTransform =-0.287591 -0.943803 -0.162872 67.5809 -0.956689 0.275074 0.0952895 244.581 -0.0451327 0.183222 -0.982035 112.924 0 0 0 1 
Seq_Frame0093_DriverToReference-SequenceTransformStatus = OK
Seq_Frame0093_Timestamp = 9.813
Seq_Frame0094_DriverToReference-SequenceTransform =-0.374256 -0.916864 -0.138898 78.69 -0.927213 0.36766 0.0714248 243.432 -0.0144195 0.15552 -0.987728 109.667 0 0 0 1 
Seq_Frame0094_DriverToReference-SequenceTransformStatus = OK
Seq_Frame0094_Timestamp = 9.918
Seq_Frame0095_DriverToReference-SequenceTransform =-0.455984 -0.884627 -0.0975363 82.6938 -0.889613 0.449865 0.0788032 237.72 -0.0258333 0.122703 -0.992107 103.651 0 0 0 1 
Seq_Frame0095_DriverToReference-SequenceTransformStatus = OK
Seq_Frame0095_Timestamp = 10.023
Seq_Frame0096_DriverToReference-SequenceTransform =-0.501338 -0.8565 -0.122748 80.1001 -0.864986 0.499628 0.0465916 232.719 0.0214228 0.129534 -0.991344 97.0251 0 0 0 1 
Seq_Frame0096_DriverToReference-SequenceTransformStatus = OK
Seq_Frame0096_Timestamp = 10.129
Seq_Frame0097_DriverToReference-SequenceTransform =-0.54375 -0.83765 -0.0517543 76.0301 -0.83629 0.535632 0.117119 230.602 -0.0703833 0.106965 -0.991768 95.6799 0 0 0 1 
Seq_Frame0097_DriverToReference-SequenceTransformStatus = OK
Seq_Frame0097_Timestamp = 10.239
Seq_Frame0098_DriverToReference-SequenceTransform =-0.532682 -0.842228 -0.0830713 67.5707 -0.840637 0.515202 0.167019 230.901 -0.09787 0.158801 -0.982448 97.3769 0 0 0 1 
Seq_Frame0098_DriverToReference-SequenceTransformStatus = OK
Seq_Frame0098_Timestamp = 10.35
Seq_Frame0099_DriverToReference-SequenceTransform =-0.501917 -0.857436 -0.113503 54.5893 -0.844159 0.457058 0.280166 234.003 -0.188347 0.236435 -0.953218 94.6089 0 0 0 1 
Seq_Frame0099_DriverToReference-SequenceTransformStatus = OK
Seq_Frame0099_Timestamp = 10.455
Seq_Frame0100_DriverToReference-SequenceTransform =-0.514336 -0.841614 -0.164754 41.3238 -0.820432 0.426949 0.380272 231.246 -0.249701 0.330756 -0.910082 90.366 0 0 0 1 
Seq_Frame0100_DriverToReference-SequenceTransformStatus = OK
Seq_Frame0100_Timestamp = 10.569
Seq_Frame0101_DriverToReference-SequenceTransform =-0.550249 -0.823469 -0.138295 28.9949 -0.77785 0.445289 0.443472 223.138 -0.303604 0.351593 -0.885555 83.6832 0 0 0 1 
Seq_Frame0101_DriverToReference-SequenceTransformStatus = OK
Seq_Frame0101_Timestamp = 10.673
Seq_Frame0102_DriverToReference-SequenceTransform =-0.635566 -0.76461 -0.1069 20.5237 -0.717018 0.533242 0.44893 209.797 -0.286253 0.361973 -0.88715 77.5476 0 0 0 1 
Seq_Frame0102_DriverToReference-SequenceTransformStatus = OK
Seq_Frame0102_Timestamp = 10.782
Seq_Frame0103_DriverToReference-SequenceTransform =-0.681061 -0.730917 -0.0437803 13.9892 -0.679986 0.60916 0.408097 198.536 -0.271616 0.307709 -0.911888 71.1843 0 0 0 1 
Seq_Frame0103_DriverToReference-SequenceTransformStatus = OK
Seq_Frame0103_Timestamp = 10.888
Seq_Frame0104_DriverToReference-SequenceTransform =-0.719355 -0.685168 -0.114338 8.72087 -0.683673 0.669203 0.291131 191.596 -0.122959 0.287596 -0.949826 66.1876 0 0 0 1 
Seq_Frame0104_DriverToReference-SequenceTransformStatus = OK
Seq_Frame0104_Timestamp = 10.997
Seq_Frame0105_DriverToReference-SequenceTransform =-0.705635 -0.694821 -0.138933 10.0553 -0.70683 0.676484 0.206786 188.784 -0.0496937 0.244118 -0.968472 66.2259 0 0 0 1 
Seq_Frame0105_DriverToReference-SequenceTransformStatus = OK
Seq_Frame0105_Timestamp = 11.103
Seq_Frame0106_DriverToReference-SequenceTransform =-0.723032 -0.688809 0.0525976 13.2758 -0.653457 0.706645 0.271379 185.632 -0.224096 0.161845 -0.961034 66.2206 0 0 0 1 
Seq_Frame0106_DriverToReference-SequenceTransformStatus = OK
Seq_Frame0106_Timestamp = 11.206
Seq_Frame0107_DriverToReference-SequenceTransform =-0.740427 -0.659016 0.132156 13.3521 -0.60465 0.738952 0.297236 183.142 -0.29354 0.140173 -0.945614 69.7078 0 0 0 1 
Seq_Frame0107_DriverToReference-SequenceTransformStatus = OK
Seq_Frame0107_Timestamp = 11.315
Seq_Frame0108_DriverToReference-SequenceTransform =-0.716189 -0.686177 0.127413 14.559 -0.619091 0.708911 0.337892 184.017 -0.322179 0.163114 -0.932521 74.7844 0 0 0 1 
Seq_Frame0108_DriverToReference-SequenceTransformStatus = OK
Seq_Frame0108_Timestamp = 11.422
Seq_Frame0109_DriverToReference-SequenceTransform =-0.668041 -0.727583 0.156024 20.0471 -0.653531 0.673934 0.344543 183.352 -0.355834 0.128203 -0.925714 87.8655 0 0 0 1 
Seq_Frame0109_DriverToReference-SequenceTransformStatus = OK
Seq_Frame0109_Timestamp = 11.526
Seq_Frame0110_DriverToReference-SequenceTransform =-0.562121 -0.82548 0.0510197 16.2131 -0.753016 0.536335 0.381198 195.796 -0.342035 0.175861 -0.923085 93.4015 0 0 0 1 
Seq_Frame0110_DriverToReference-SequenceTransformStatus = OK
Seq_Frame0110_Timestamp = 11.631
Seq_Frame0111_DriverToReference-SequenceTransform =-0.408303 -0.91272 0.015183 13.8373 -0.799187 0.365453 0.477225 209.042 -0.441122 0.182718 -0.87865 96.832 0 0 0 1 
Seq_Frame0111_DriverToReference-SequenceTransformStatus = OK
Seq_Frame0111_Timestamp = 11.74
Seq_Frame0112_DriverToReference-SequenceTransform =-0.32615 -0.944515 -0.0389447 17.3356 -0.8256 0.264537 0.498402 217.829 -0.460446 0.194707 -0.866071 96.2727 0 0 0 1 
Seq_Frame0112_DriverToReference-SequenceTransformStatus = OK
Seq_Frame0112_Timestamp = 11.846
Seq_Frame0113_DriverToReference-SequenceTransform =-0.276906 -0.953586 -0.118308 22.7039 -0.857814 0.18984 0.477615 226.399 -0.432987 0.23374 -0.870567 97.1448 0 0 0 1 
Seq_Frame0113_DriverToReference-SequenceTransformStatus = OK
Seq_Frame0113_Timestamp = 11.953
Seq_Frame0114_DriverToReference-SequenceTransform =-0.242135 -0.924858 -0.293271 28.7138 -0.930025 0.135118 0.341755 235.681 -0.276448 0.3555 -0.892858 97.4781 0 0 0 1 
Seq_Frame0114_DriverToReference-SequenceTransformStatus = OK
Seq_Frame0114_Timestamp = 12.061
Seq_Frame0115_DriverToReference-SequenceTransform =-0.190667 -0.845819 -0.498234 43.8548 -0.981652 0.165413 0.0948535 247.08 0.00218529 0.507178 -0.861839 111.553 0 0 0 1 
Seq_Frame0115_DriverToReference-SequenceTransformStatus = OK
Seq_Frame0115_Timestamp = 12.169
Seq_Frame0116_DriverToReference-SequenceTransform =-0.195951 -0.741865 -0.64128 60.8773 -0.927667 0.352217 -0.124002 252.46 0.317863 0.570596 -0.757221 139.377 0 0 0 1 
Seq_Frame0116_DriverToReference-SequenceTransformStatus = OK
Seq_Frame0116_Timestamp = 12.276
Seq_Frame0117_DriverToReference-SequenceTransform =0.214213 -0.583851 -0.783091 50.1329 -0.74629 0.41942 -0.516854 239.683 0.630209 0.69513 -0.345877 164.207 0 0 0 1 
Seq_Frame0117_DriverToReference-SequenceTransformStatus = OK
Seq_Frame0117_Timestamp = 12.381
Seq_Frame0118_DriverToReference-SequenceTransform =0.214213 -0.583851 -0.783091 50.1329 -0.74629 0.41942 -0.516854 239.683 0.630209 0.69513 -0.345877 164.207 0 0 0 1 
Seq_Frame0118_DriverToReference-SequenceTransformStatus = OK
Seq_Frame0118_Timestamp = 12.496
Seq_Frame0119_DriverToReference-SequenceTransform =0.214213 -0.583851 -0.783091 50.1329 -0.74629 0.41942 -0.516854 239.683 0.630209 0.69513 -0.345877 164.207 0 0 0 1 
Seq_Frame0119_DriverToReference-SequenceTransformStatus = OK
Seq_Frame0119_Timestamp = 12.601
Seq_Frame0120_DriverToReference-SequenceTransform =0.214213 -0.583851 -0.783091 50.1329 -0.74629 0.41942 -0.516854 239.683 0.630209 0.69513 -0.345877 164.207 0 0 0 1 
Seq_Frame0120_DriverToReference-SequenceTransformStatus = OK
Seq_Frame0120_Timestamp = 12.701
Seq_Frame0121_DriverToReference-SequenceTransform =0.214213 -0.583851 -0.783091 50.1329 -0.74629 0.41942 -0.516854 239.683 0.630209 0.69513 -0.345877 164.207 0 0 0 1 
Seq_Frame0121_DriverToReference-SequenceTransformStatus = OK
Seq_Frame0121_Timestamp = 12.804
Seq_Frame0122_DriverToReference-SequenceTransform =0.214213 -0.583851 -0.783091 50.1329 -0.74629 0.41942 -0.516854 239.683 0.630209 0.69513 -0.345877 164.207 0 0 0 1 
Seq_Frame0122_DriverToReference-SequenceTransformStatus = OK
Seq_Frame0122_Timestamp = 12.91
Seq_Frame0123_DriverToReference-SequenceTransform =0.214213 -0.583851 -0.783091 50.1329 -0.74629 0.41942 -0.516854 239.683 0.630209 0.69513 -0.345877 164.207 0 0 0 1 
Seq_Frame0123_DriverToReference-SequenceTransformStatus = OK
Seq_Frame0123_Timestamp = 13.018
Seq_Frame0124_DriverToReference-SequenceTransform =0.214213 -0.583851 -0.783091 50.1329 -0.74629 0.41942 -0.516854 239.683 0.630209 0.69513 -0.345877 164.207 0 0 0 1 
Seq_Frame0124_DriverToReference-SequenceTransformStatus = OK
Seq_Frame0124_Timestamp = 13.124
Seq_Frame0125_DriverToReference-SequenceTransform =0.214213 -0.583851 -0.783091 50.1329 -0.74629 0.41942 -0.516854 239.683 0.630209 0.69513 -0.345877 164.207 0 0 0 1 
Seq_Frame0125_DriverToReference-SequenceTransformStatus = OK
Seq_Frame0125_Timestamp = 13.233
Seq_Frame0126_DriverToReference-SequenceTransform =0.214213 -0.583851 -0.783091 50.1329 -0.74629 0.41942 -0.516854 239.683 0.630209 0.69513 -0.345877 164.207 0 0 0 1 
Seq_Frame0126_DriverToReference-SequenceTransformStatus = OK
Seq_Frame0126_Timestamp = 13.336
Seq_Frame0127_DriverToReference-SequenceTransform =0.214213 -0.583851 -0.783091 50.1329 -0.74629 0.41942 -0.516854 239.683 0.630209 0.69513 -0.345877 164.207 0 0 0 1 
Seq_Frame0127_DriverToReference-SequenceTransformStatus = OK
Seq_Frame0127_Timestamp = 13.441
Seq_Frame0128_DriverToReference-SequenceTransform =0.214213 -0.583851 -0.783091 50.1329 -0.74629 0.41942 -0.516854 239.683 0.630209 0.69513 -0.345877 164.207 0 0 0 1 
Seq_Frame0128_DriverToReference-SequenceTransformStatus = OK
Seq_Frame0128_Timestamp = 13.549
Seq_Frame0129_DriverToReference-SequenceTransform =0.214213 -0.583851 -0.783091 50.1329 -0.74629 0.41942 -0.516854 239.683 0.630209 0.69513 -0.345877 164.207 0 0 0 1 
Seq_Frame0129_DriverToReference-SequenceTransformStatus = OK
Seq_Frame0129_Timestamp = 13.653
Seq_Frame0130_DriverToReference-SequenceTransform =0.214213 -0.583851 -0.783091 50.1329 -0.74629 0.41942 -0.516854 239.683 0.630209 0.69513 -0.345877 164.207 0 0 0 1 
Seq_Frame0130_DriverToReference-SequenceTransformStatus = OK
Seq_Frame0130_Timestamp = 13.758
Seq_Frame0131_DriverToReference-SequenceTransform =0.214213 -0.583851 -0.783091 50.1329 -0.74629 0.41942 -0.516854 239.683 0.630209 0.69513 -0.345877 164.207 0 0 0 1 
Seq_Frame0131_DriverToReference-SequenceTransformStatus = OK
Seq_Frame0131_Timestamp = 13.865
Seq_Frame0132_DriverToReference-SequenceTransform =0.214213 -0.583851 -0.783091 50.1329 -0.74629 0.41942 -0.516854 239.683 0.630209 0.69513 -0.345877 164.207 0 0 0 1 
Seq_Frame0132_DriverToReference-SequenceTransformStatus = OK
Seq_Frame0132_Timestamp = 13.968
Seq_Frame0133_DriverToReference-SequenceTransform =0.214213 -0.583851 -0.783091 50.1329 -0.74629 0.41942 -0.516854 239.683 0.630209 0.69513 -0.345877 164.207 0 0 0 1 
Seq_Frame0133_DriverToReference-SequenceTransformStatus = OK
Seq_Frame0133_Timestamp = 14.076
Seq_Frame0134_DriverToReference-SequenceTransform =0.214213 -0.583851 -0.783091 50.1329 -0.74629 0.41942 -0.516854 239.683 0.630209 0.69513 -0.345877 164.207 0 0 0 1 
Seq_Frame0134_DriverToReference-SequenceTransformStatus = OK
Seq_Frame0134_Timestamp = 14.18
Seq_Frame0135_DriverToReference-SequenceTransform =0.214213 -0.583851 -0.783091 50.1329 -0.74629 0.41942 -0.516854 239.683 0.630209 0.69513 -0.345877 164.207 0 0 0 1 
Seq_Frame0135_DriverToReference-SequenceTransformStatus = OK
Seq_Frame0135_Timestamp = 14.291
Seq_Frame0136_DriverToReference-SequenceTransform =0.214213 -0.583851 -0.783091 50.1329 -0.74629 0.41942 -0.516854 239.683 0.630209 0.69513 -0.345877 164.207 0 0 0 1 
Seq_Frame0136_DriverToReference-SequenceTransformStatus = OK
Seq_Frame0136_Timestamp = 14.4
Seq_Frame0137_DriverToReference-SequenceTransform =0.214213 -0.583851 -0.783091 50.1329 -0.74629 0.41942 -0.516854 239.683 0.630209 0.69513 -0.345877 164.207 0 0 0 1 
Seq_Frame0137_DriverToReference-SequenceTransformStatus = OK
Seq_Frame0137_Timestamp = 14.508
Seq_Frame0138_DriverToReference-SequenceTransform =0.214213 -0.583851 -0.783091 50.1329 -0.74629 0.41942 -0.516854 239.683 0.630209 0.69513 -0.345877 164.207 0 0 0 1 
Seq_Frame0138_DriverToReference-SequenceTransformStatus = OK
Seq_Frame0138_Timestamp = 14.617
Seq_Frame0139_DriverToReference-SequenceTransform =0.214213 -0.583851 -0.783091 50.1329 -0.74629 0.41942 -0.516854 239.683 0.630209 0.69513 -0.345877 164.207 0 0 0 1 
Seq_Frame0139_DriverToReference-SequenceTransformStatus = OK
Seq_Frame0139_Timestamp = 14.72
Seq_Frame0140_DriverToReference-SequenceTransform =0.214213 -0.583851 -0.783091 50.1329 -0.74629 0.41942 -0.516854 239.683 0.630209 0.69513 -0.345877 164.207 0 0 0 1 
Seq_Frame0140_DriverToReference-SequenceTransformStatus = OK
Seq_Frame0140_Timestamp = 14.827
Seq_Frame0141_DriverToReference-SequenceTransform =0.214213 -0.583851 -0.783091 50.1329 -0.74629 0.41942 -0.516854 239.683 0.630209 0.69513 -0.345877 164.207 0 0 0 1 
Seq_Frame0141_DriverToReference-SequenceTransformStatus = OK
Seq_Frame0141_Timestamp = 14.93
Seq_Frame0142_DriverToReference-SequenceTransform =0.214213 -0.583851 -0.783091 50.1329 -0.74629 0.41942 -0.516854 239.683 0.630209 0.69513 -0.345877 164.207 0 0 0 1 
Seq_Frame0142_DriverToReference-SequenceTransformStatus = OK
Seq_Frame0142_Timestamp = 15.036
Seq_Frame0143_DriverToReference-SequenceTransform =0.214213 -0.583851 -0.783091 50.1329 -0.74629 0.41942 -0.516854 239.683 0.630209 0.69513 -0.345877 164.207 0 0 0 1 
Seq_Frame0143_DriverToReference-SequenceTransformStatus = OK
Seq_Frame0143_Timestamp = 15.142
Seq_Frame0144_DriverToReference-SequenceTransform =0.214213 -0.583851 -0.783091 50.1329 -0.74629 0.41942 -0.516854 239.683 0.630209 0.69513 -0.345877 164.207 0 0 0 1 
Seq_Frame0144_DriverToReference-SequenceTransformStatus = OK
Seq_Frame0144_Timestamp = 15.246
Seq_Frame0145_DriverToReference-SequenceTransform =0.214213 -0.583851 -0.783091 50.1329 -0.74629 0.41942 -0.516854 239.683 0.630209 0.69513 -0.345877 164.207 0 0 0 1 
Seq_Frame0145_DriverToReference-SequenceTransformStatus = OK
Seq_Frame0145_Timestamp = 15.352
Seq_Frame0146_DriverToReference-SequenceTransform =0.214213 -0.583851 -0.783091 50.1329 -0.74629 0.41942 -0.516854 239.683 0.630209 0.69513 -0.345877 164.207 0 0 0 1 
Seq_Frame0146_DriverToReference-SequenceTransformStatus = OK
Seq_Frame0146_Timestamp = 15.459
Seq_Frame0147_DriverToReference-SequenceTransform =0.214213 -0.583851 -0.783091 50.1329 -0.74629 0.41942 -0.516854 239.683 0.630209 0.69513 -0.345877 164.207 0 0 0 1 
Seq_Frame0147_DriverToReference-SequenceTransformStatus = OK
Seq_Frame0147_Timestamp = 15.563
Seq_Frame0148_DriverToReference-SequenceTransform =0.214213 -0.583851 -0.783091 50.1329 -0.74629 0.41942 -0.516854 239.683 0.630209 0.69513 -0.345877 164.207 0 0 0 1 
Seq_Frame0148_DriverToReference-SequenceTransformStatus = OK
Seq_Frame0148_Timestamp = 15.669
Seq_Frame0149_DriverToReference-SequenceTransform =0.214213 -0.583851 -0.783091 50.1329 -0.74629 0.41942 -0.516854 239.683 0.630209 0.69513 -0.345877 164.207 0 0 0 1 
Seq_Frame0149_DriverToReference-SequenceTransformStatus = OK
Seq_Frame0149_Timestamp = 15.773
Seq_Frame0150_DriverToReference-SequenceTransform =0.214213 -0.583851 -0.783091 50.1329 -0.74629 0.41942 -0.516854 239.683 0.630209 0.69513 -0.345877 164.207 0 0 0 1 
Seq_Frame0150_DriverToReference-SequenceTransformStatus = OK
Seq_Frame0150_Timestamp = 15.878
