ObjectType = Image
NDims = 3
AnatomicalOrientation = RAI
BinaryData = True
CompressedData = False
DimSize = 0 0 1750
ElementSpacing = 1 1 1
Offset = 0 0 0
TransformMatrix = 1 0 0 0 1 0 0 0 1
ElementType = MET_UCHAR
Kinds = domain domain list
Seq_Frame0000_ForcepToReference-SequenceTransform =-0.745741 -0.175632 0.642669 87.6277 -0.562879 -0.349963 -0.748795 0.273637 0.356423 -0.920152 0.162122 16.9764 0 0 0 1 
Seq_Frame0000_ForcepToReference-SequenceTransformStatus = OK
Seq_Frame0000_Timestamp = 0.013
Seq_Frame0001_ForcepToReference-SequenceTransform =-0.746356 -0.175622 0.641957 87.6348 -0.562982 -0.347852 -0.7497 0.214373 0.35497 -0.920954 0.16075 17.03 0 0 0 1 
Seq_Frame0001_ForcepToReference-SequenceTransformStatus = OK
Seq_Frame0001_Timestamp = 0.115
Seq_Frame0002_ForcepToReference-SequenceTransform =-0.745191 -0.17644 0.643086 87.6275 -0.563709 -0.348533 -0.748837 0.197689 0.356261 -0.92054 0.160263 17.0239 0 0 0 1 
Seq_Frame0002_ForcepToReference-SequenceTransformStatus = OK
Seq_Frame0002_Timestamp = 0.226
Seq_Frame0003_ForcepToReference-SequenceTransform =-0.745939 -0.175857 0.642378 87.626 -0.563262 -0.348115 -0.749368 0.204134 0.355403 -0.92081 0.160619 17.0232 0 0 0 1 
Seq_Frame0003_ForcepToReference-SequenceTransformStatus = OK
Seq_Frame0003_Timestamp = 0.327
Seq_Frame0004_ForcepToReference-SequenceTransform =-0.746097 -0.175666 0.642246 87.6238 -0.563056 -0.348393 -0.749393 0.208234 0.355397 -0.920741 0.161025 16.9998 0 0 0 1 
Seq_Frame0004_ForcepToReference-SequenceTransformStatus = OK
Seq_Frame0004_Timestamp = 0.428
Seq_Frame0005_ForcepToReference-SequenceTransform =-0.746448 -0.175545 0.641872 87.6265 -0.56305 -0.347488 -0.749818 0.206803 0.354669 -0.921106 0.160541 17.0026 0 0 0 1 
Seq_Frame0005_ForcepToReference-SequenceTransformStatus = OK
Seq_Frame0005_Timestamp = 0.542
Seq_Frame0006_ForcepToReference-SequenceTransform =-0.746213 -0.175524 0.642151 87.6329 -0.562969 -0.348434 -0.74944 0.20342 0.355292 -0.920752 0.161191 17.0246 0 0 0 1 
Seq_Frame0006_ForcepToReference-SequenceTransformStatus = OK
Seq_Frame0006_Timestamp = 0.642
Seq_Frame0007_ForcepToReference-SequenceTransform =-0.746333 -0.175191 0.642102 87.6283 -0.562629 -0.34934 -0.749273 0.226723 0.355578 -0.920472 0.162156 16.9883 0 0 0 1 
Seq_Frame0007_ForcepToReference-SequenceTransformStatus = OK
Seq_Frame0007_Timestamp = 0.755
Seq_Frame0008_ForcepToReference-SequenceTransform =-0.746143 -0.175073 0.642356 87.6275 -0.562352 -0.350769 -0.748814 0.240348 0.356415 -0.919951 0.163271 16.9505 0 0 0 1 
Seq_Frame0008_ForcepToReference-SequenceTransformStatus = OK
Seq_Frame0008_Timestamp = 0.858
Seq_Frame0009_ForcepToReference-SequenceTransform =-0.747758 -0.174749 0.640563 87.6356 -0.56161 -0.348178 -0.750578 0.302883 0.354192 -0.920997 0.162212 16.9203 0 0 0 1 
Seq_Frame0009_ForcepToReference-SequenceTransformStatus = OK
Seq_Frame0009_Timestamp = 0.962
Seq_Frame0010_ForcepToReference-SequenceTransform =-0.745866 -0.175663 0.642516 87.6404 -0.562614 -0.350235 -0.748866 0.338838 0.356579 -0.920042 0.162398 16.9615 0 0 0 1 
Seq_Frame0010_ForcepToReference-SequenceTransformStatus = OK
Seq_Frame0010_Timestamp = 1.062
Seq_Frame0011_ForcepToReference-SequenceTransform =-0.748217 -0.174027 0.640224 87.6291 -0.56157 -0.347727 -0.750816 0.245779 0.353285 -0.921304 0.162447 16.9151 0 0 0 1 
Seq_Frame0011_ForcepToReference-SequenceTransformStatus = OK
Seq_Frame0011_Timestamp = 1.169
Seq_Frame0012_ForcepToReference-SequenceTransform =-0.748192 -0.174734 0.64006 87.6347 -0.561906 -0.346097 -0.751318 0.228539 0.352803 -0.921784 0.160763 16.982 0 0 0 1 
Seq_Frame0012_ForcepToReference-SequenceTransformStatus = OK
Seq_Frame0012_Timestamp = 1.272
Seq_Frame0013_ForcepToReference-SequenceTransform =-0.746167 -0.175899 0.642101 87.6485 -0.563014 -0.348017 -0.749599 0.249661 0.355316 -0.920839 0.160645 17.0008 0 0 0 1 
Seq_Frame0013_ForcepToReference-SequenceTransformStatus = OK
Seq_Frame0013_Timestamp = 1.372
Seq_Frame0014_ForcepToReference-SequenceTransform =-0.745873 -0.176213 0.642356 87.6397 -0.563146 -0.348197 -0.749416 0.261703 0.355724 -0.92071 0.160478 17.0026 0 0 0 1 
Seq_Frame0014_ForcepToReference-SequenceTransformStatus = OK
Seq_Frame0014_Timestamp = 1.482
Seq_Frame0015_ForcepToReference-SequenceTransform =-0.746354 -0.175735 0.641929 87.6385 -0.562997 -0.347688 -0.749765 0.220903 0.354951 -0.920994 0.16056 16.9892 0 0 0 1 
Seq_Frame0015_ForcepToReference-SequenceTransformStatus = OK
Seq_Frame0015_Timestamp = 1.586
Seq_Frame0016_ForcepToReference-SequenceTransform =-0.74653 -0.175859 0.641691 87.6319 -0.563271 -0.346298 -0.750202 0.186772 0.354146 -0.921494 0.159465 17.069 0 0 0 1 
Seq_Frame0016_ForcepToReference-SequenceTransformStatus = OK
Seq_Frame0016_Timestamp = 1.687
Seq_Frame0017_ForcepToReference-SequenceTransform =-0.746391 -0.175571 0.641931 87.6442 -0.562696 -0.34855 -0.749591 0.187766 0.355352 -0.920699 0.161361 17.0481 0 0 0 1 
Seq_Frame0017_ForcepToReference-SequenceTransformStatus = OK
Seq_Frame0017_Timestamp = 1.793
Seq_Frame0018_ForcepToReference-SequenceTransform =-0.745755 -0.176074 0.642532 87.6416 -0.563335 -0.348227 -0.749261 0.246406 0.355672 -0.920726 0.160503 17.0286 0 0 0 1 
Seq_Frame0018_ForcepToReference-SequenceTransformStatus = OK
Seq_Frame0018_Timestamp = 1.898
Seq_Frame0019_ForcepToReference-SequenceTransform =-0.745908 -0.175512 0.642508 87.6337 -0.562877 -0.349608 -0.748962 0.228579 0.356078 -0.92031 0.161984 17.0126 0 0 0 1 
Seq_Frame0019_ForcepToReference-SequenceTransformStatus = OK
Seq_Frame0019_Timestamp = 2.008
Seq_Frame0020_ForcepToReference-SequenceTransform =-0.745822 -0.175833 0.64252 87.6362 -0.56299 -0.349197 -0.749068 0.26448 0.356077 -0.920404 0.161447 16.9949 0 0 0 1 
Seq_Frame0020_ForcepToReference-SequenceTransformStatus = OK
Seq_Frame0020_Timestamp = 2.108
Seq_Frame0021_ForcepToReference-SequenceTransform =-0.745843 -0.175839 0.642494 87.6368 -0.563084 -0.348886 -0.749143 0.268901 0.355885 -0.920521 0.161202 17.007 0 0 0 1 
Seq_Frame0021_ForcepToReference-SequenceTransformStatus = OK
Seq_Frame0021_Timestamp = 2.213
Seq_Frame0022_ForcepToReference-SequenceTransform =-0.746678 -0.175027 0.641746 87.6363 -0.562401 -0.349078 -0.749566 0.274097 0.355214 -0.920603 0.162213 17.0023 0 0 0 1 
Seq_Frame0022_ForcepToReference-SequenceTransformStatus = OK
Seq_Frame0022_Timestamp = 2.313
Seq_Frame0023_ForcepToReference-SequenceTransform =-0.746434 -0.175391 0.64193 87.6419 -0.562569 -0.348955 -0.749497 0.27308 0.35546 -0.92058 0.161802 16.9847 0 0 0 1 
Seq_Frame0023_ForcepToReference-SequenceTransformStatus = OK
Seq_Frame0023_Timestamp = 2.417
Seq_Frame0024_ForcepToReference-SequenceTransform =-0.746087 -0.175686 0.642253 87.6361 -0.562962 -0.348643 -0.749348 0.216383 0.355567 -0.920642 0.161214 17.0129 0 0 0 1 
Seq_Frame0024_ForcepToReference-SequenceTransformStatus = OK
Seq_Frame0024_Timestamp = 2.522
Seq_Frame0025_ForcepToReference-SequenceTransform =-0.745766 -0.176201 0.642485 87.6459 -0.56311 -0.34863 -0.749242 0.22054 0.356006 -0.920549 0.160776 17.0063 0 0 0 1 
Seq_Frame0025_ForcepToReference-SequenceTransformStatus = OK
Seq_Frame0025_Timestamp = 2.622
Seq_Frame0026_ForcepToReference-SequenceTransform =-0.746197 -0.175984 0.642044 87.6472 -0.563023 -0.347806 -0.749691 0.224098 0.35524 -0.920902 0.160449 16.998 0 0 0 1 
Seq_Frame0026_ForcepToReference-SequenceTransformStatus = OK
Seq_Frame0026_Timestamp = 2.736
Seq_Frame0027_ForcepToReference-SequenceTransform =-0.746206 -0.175992 0.642031 87.6418 -0.563024 -0.347767 -0.749708 0.205424 0.355219 -0.920915 0.160418 17 0 0 0 1 
Seq_Frame0027_ForcepToReference-SequenceTransformStatus = OK
Seq_Frame0027_Timestamp = 2.837
Seq_Frame0028_ForcepToReference-SequenceTransform =-0.746822 -0.175627 0.641414 87.6457 -0.562695 -0.347176 -0.750229 0.180112 0.354444 -0.921208 0.160454 17.0367 0 0 0 1 
Seq_Frame0028_ForcepToReference-SequenceTransformStatus = OK
Seq_Frame0028_Timestamp = 2.937
Seq_Frame0029_ForcepToReference-SequenceTransform =-0.745517 -0.17625 0.64276 87.65 -0.563329 -0.348755 -0.74902 0.203351 0.356181 -0.920492 0.160716 17.0203 0 0 0 1 
Seq_Frame0029_ForcepToReference-SequenceTransformStatus = OK
Seq_Frame0029_Timestamp = 3.047
Seq_Frame0030_ForcepToReference-SequenceTransform =-0.745788 -0.176346 0.64242 87.649 -0.563286 -0.34794 -0.749431 0.202423 0.355682 -0.920782 0.160156 17.0034 0 0 0 1 
Seq_Frame0030_ForcepToReference-SequenceTransformStatus = OK
Seq_Frame0030_Timestamp = 3.148
Seq_Frame0031_ForcepToReference-SequenceTransform =-0.746585 -0.175431 0.641743 87.6458 -0.562652 -0.348237 -0.749769 0.201381 0.355012 -0.920845 0.161282 17.0339 0 0 0 1 
Seq_Frame0031_ForcepToReference-SequenceTransformStatus = OK
Seq_Frame0031_Timestamp = 3.253
Seq_Frame0032_ForcepToReference-SequenceTransform =-0.746059 -0.175833 0.642245 87.6453 -0.562858 -0.348825 -0.749341 0.216585 0.35579 -0.920545 0.161275 16.9858 0 0 0 1 
Seq_Frame0032_ForcepToReference-SequenceTransformStatus = OK
Seq_Frame0032_Timestamp = 3.357
Seq_Frame0033_ForcepToReference-SequenceTransform =-0.745648 -0.176316 0.64259 87.6454 -0.563417 -0.348055 -0.749278 0.224715 0.355767 -0.920744 0.160187 17.027 0 0 0 1 
Seq_Frame0033_ForcepToReference-SequenceTransformStatus = OK
Seq_Frame0033_Timestamp = 3.463
Seq_Frame0034_ForcepToReference-SequenceTransform =-0.745844 -0.17626 0.642377 87.6455 -0.563356 -0.347686 -0.749496 0.181563 0.355452 -0.920895 0.160022 17.0677 0 0 0 1 
Seq_Frame0034_ForcepToReference-SequenceTransformStatus = OK
Seq_Frame0034_Timestamp = 3.563
Seq_Frame0035_ForcepToReference-SequenceTransform =-0.746286 -0.175684 0.642022 87.6431 -0.562743 -0.348611 -0.749527 0.211983 0.355495 -0.920655 0.161299 17.0132 0 0 0 1 
Seq_Frame0035_ForcepToReference-SequenceTransformStatus = OK
Seq_Frame0035_Timestamp = 3.672
Seq_Frame0036_ForcepToReference-SequenceTransform =-0.74614 -0.176007 0.642104 87.6426 -0.563112 -0.34772 -0.749663 0.205128 0.355218 -0.92093 0.160336 17.0264 0 0 0 1 
Seq_Frame0036_ForcepToReference-SequenceTransformStatus = OK
Seq_Frame0036_Timestamp = 3.777
Seq_Frame0037_ForcepToReference-SequenceTransform =-0.745604 -0.176308 0.642643 87.6418 -0.563391 -0.348267 -0.7492 0.242083 0.355901 -0.920666 0.160339 17.0118 0 0 0 1 
Seq_Frame0037_ForcepToReference-SequenceTransformStatus = OK
Seq_Frame0037_Timestamp = 3.882
Seq_Frame0038_ForcepToReference-SequenceTransform =-0.746179 -0.175655 0.642155 87.6394 -0.562673 -0.34915 -0.749328 0.208942 0.355832 -0.920456 0.161692 16.9985 0 0 0 1 
Seq_Frame0038_ForcepToReference-SequenceTransformStatus = OK
Seq_Frame0038_Timestamp = 3.987
Seq_Frame0039_ForcepToReference-SequenceTransform =-0.745712 -0.176281 0.642526 87.6446 -0.563379 -0.348004 -0.749331 0.250531 0.355694 -0.92077 0.160197 17.0062 0 0 0 1 
Seq_Frame0039_ForcepToReference-SequenceTransformStatus = OK
Seq_Frame0039_Timestamp = 4.092
Seq_Frame0040_ForcepToReference-SequenceTransform =-0.746191 -0.175797 0.642101 87.6495 -0.562874 -0.348426 -0.749515 0.228794 0.355487 -0.920703 0.161041 16.9941 0 0 0 1 
Seq_Frame0040_ForcepToReference-SequenceTransformStatus = OK
Seq_Frame0040_Timestamp = 4.197
Seq_Frame0041_ForcepToReference-SequenceTransform =-0.746496 -0.17565 0.641787 87.6467 -0.562846 -0.347748 -0.74985 0.224884 0.354891 -0.920988 0.160729 17.0272 0 0 0 1 
Seq_Frame0041_ForcepToReference-SequenceTransformStatus = OK
Seq_Frame0041_Timestamp = 4.302
Seq_Frame0042_ForcepToReference-SequenceTransform =-0.745873 -0.176131 0.642379 87.6379 -0.563225 -0.34809 -0.749407 0.202479 0.355599 -0.920767 0.16043 17.0607 0 0 0 1 
Seq_Frame0042_ForcepToReference-SequenceTransformStatus = OK
Seq_Frame0042_Timestamp = 4.411
Seq_Frame0043_ForcepToReference-SequenceTransform =-0.745601 -0.176435 0.642612 87.6443 -0.563372 -0.348177 -0.749256 0.237643 0.355938 -0.920675 0.160203 16.9759 0 0 0 1 
Seq_Frame0043_ForcepToReference-SequenceTransformStatus = OK
Seq_Frame0043_Timestamp = 4.513
Seq_Frame0044_ForcepToReference-SequenceTransform =-0.74604 -0.17585 0.642263 87.6377 -0.562978 -0.348552 -0.749378 0.256898 0.35564 -0.920646 0.161034 17.0072 0 0 0 1 
Seq_Frame0044_ForcepToReference-SequenceTransformStatus = OK
Seq_Frame0044_Timestamp = 4.623
Seq_Frame0045_ForcepToReference-SequenceTransform =-0.745849 -0.175939 0.64246 87.6394 -0.563197 -0.348457 -0.749257 0.253039 0.355694 -0.920664 0.160808 16.9966 0 0 0 1 
Seq_Frame0045_ForcepToReference-SequenceTransformStatus = OK
Seq_Frame0045_Timestamp = 4.723
Seq_Frame0046_ForcepToReference-SequenceTransform =-0.745548 -0.176284 0.642715 87.6341 -0.563338 -0.3486 -0.749085 0.228888 0.356103 -0.920544 0.160591 17.0471 0 0 0 1 
Seq_Frame0046_ForcepToReference-SequenceTransformStatus = OK
Seq_Frame0046_Timestamp = 4.827
Seq_Frame0047_ForcepToReference-SequenceTransform =-0.745928 -0.176093 0.642326 87.6375 -0.563121 -0.348237 -0.749417 0.22322 0.355649 -0.920718 0.160598 17.0147 0 0 0 1 
Seq_Frame0047_ForcepToReference-SequenceTransformStatus = OK
Seq_Frame0047_Timestamp = 4.928
Seq_Frame0048_ForcepToReference-SequenceTransform =-0.745903 -0.175914 0.642404 87.6433 -0.563055 -0.348691 -0.749255 0.215629 0.355805 -0.920581 0.161041 17.0151 0 0 0 1 
Seq_Frame0048_ForcepToReference-SequenceTransformStatus = OK
Seq_Frame0048_Timestamp = 5.032
Seq_Frame0049_ForcepToReference-SequenceTransform =-0.745907 -0.176125 0.642342 87.6363 -0.56329 -0.347827 -0.74948 0.23547 0.355426 -0.920867 0.160237 17.0358 0 0 0 1 
Seq_Frame0049_ForcepToReference-SequenceTransformStatus = OK
Seq_Frame0049_Timestamp = 5.133
Seq_Frame0050_ForcepToReference-SequenceTransform =-0.746677 -0.175638 0.64158 87.6409 -0.562928 -0.347001 -0.750135 0.257227 0.354381 -0.921272 0.160226 16.9939 0 0 0 1 
Seq_Frame0050_ForcepToReference-SequenceTransformStatus = OK
Seq_Frame0050_Timestamp = 5.238
Seq_Frame0051_ForcepToReference-SequenceTransform =-0.746454 -0.175825 0.641789 87.6481 -0.562933 -0.347448 -0.749925 0.229958 0.354843 -0.921068 0.160376 16.9785 0 0 0 1 
Seq_Frame0051_ForcepToReference-SequenceTransformStatus = OK
Seq_Frame0051_Timestamp = 5.342
Seq_Frame0052_ForcepToReference-SequenceTransform =-0.746465 -0.17569 0.641813 87.6467 -0.562868 -0.347741 -0.749838 0.240609 0.354923 -0.920983 0.160686 17.0189 0 0 0 1 
Seq_Frame0052_ForcepToReference-SequenceTransformStatus = OK
Seq_Frame0052_Timestamp = 5.457
Seq_Frame0053_ForcepToReference-SequenceTransform =-0.746024 -0.176153 0.642198 87.6378 -0.563233 -0.347585 -0.749635 0.235921 0.355269 -0.920953 0.160091 16.9778 0 0 0 1 
Seq_Frame0053_ForcepToReference-SequenceTransformStatus = OK
Seq_Frame0053_Timestamp = 5.567
Seq_Frame0054_ForcepToReference-SequenceTransform =-0.746167 -0.175878 0.642107 87.6466 -0.563104 -0.34781 -0.749628 0.220154 0.355175 -0.920921 0.160486 17.0028 0 0 0 1 
Seq_Frame0054_ForcepToReference-SequenceTransformStatus = OK
Seq_Frame0054_Timestamp = 5.672
Seq_Frame0055_ForcepToReference-SequenceTransform =-0.74599 -0.176196 0.642226 87.6456 -0.563228 -0.347653 -0.749608 0.230633 0.355349 -0.920919 0.160108 17.0284 0 0 0 1 
Seq_Frame0055_ForcepToReference-SequenceTransformStatus = OK
Seq_Frame0055_Timestamp = 5.773
Seq_Frame0056_ForcepToReference-SequenceTransform =-0.745983 -0.176155 0.642245 87.6412 -0.563248 -0.347668 -0.749586 0.213518 0.355332 -0.920921 0.160136 17.0286 0 0 0 1 
Seq_Frame0056_ForcepToReference-SequenceTransformStatus = OK
Seq_Frame0056_Timestamp = 5.882
Seq_Frame0057_ForcepToReference-SequenceTransform =-0.745474 -0.176638 0.642704 87.6486 -0.563579 -0.347787 -0.749281 0.199239 0.355876 -0.920784 0.159716 17.0169 0 0 0 1 
Seq_Frame0057_ForcepToReference-SequenceTransformStatus = OK
Seq_Frame0057_Timestamp = 5.983
Seq_Frame0058_ForcepToReference-SequenceTransform =-0.746114 -0.175697 0.642219 87.6454 -0.56286 -0.348816 -0.749344 0.207331 0.355674 -0.920575 0.161364 17.0158 0 0 0 1 
Seq_Frame0058_ForcepToReference-SequenceTransformStatus = OK
Seq_Frame0058_Timestamp = 6.094
Seq_Frame0059_ForcepToReference-SequenceTransform =-0.745621 -0.176495 0.642572 87.6477 -0.563487 -0.347747 -0.74937 0.212141 0.355712 -0.920827 0.159834 17.0055 0 0 0 1 
Seq_Frame0059_ForcepToReference-SequenceTransformStatus = OK
Seq_Frame0059_Timestamp = 6.197
Seq_Frame0060_ForcepToReference-SequenceTransform =-0.746236 -0.175895 0.642023 87.6429 -0.563053 -0.347714 -0.749711 0.181424 0.35511 -0.920954 0.160438 17.0731 0 0 0 1 
Seq_Frame0060_ForcepToReference-SequenceTransformStatus = OK
Seq_Frame0060_Timestamp = 6.298
Seq_Frame0061_ForcepToReference-SequenceTransform =-0.746098 -0.176065 0.642137 87.6356 -0.563173 -0.347621 -0.749663 0.187294 0.35521 -0.920956 0.160204 17.0656 0 0 0 1 
Seq_Frame0061_ForcepToReference-SequenceTransformStatus = OK
Seq_Frame0061_Timestamp = 6.409
Seq_Frame0062_ForcepToReference-SequenceTransform =-0.745912 -0.175894 0.642399 87.6453 -0.562939 -0.348987 -0.749204 0.231431 0.35597 -0.920472 0.161296 17.0041 0 0 0 1 
Seq_Frame0062_ForcepToReference-SequenceTransformStatus = OK
Seq_Frame0062_Timestamp = 6.514
Seq_Frame0063_ForcepToReference-SequenceTransform =-0.746167 -0.175961 0.642084 87.6409 -0.5631 -0.347723 -0.749672 0.226368 0.355181 -0.920938 0.160376 17.0285 0 0 0 1 
Seq_Frame0063_ForcepToReference-SequenceTransformStatus = OK
Seq_Frame0063_Timestamp = 6.622
Seq_Frame0064_ForcepToReference-SequenceTransform =-0.746353 -0.17545 0.642008 87.6373 -0.562799 -0.348536 -0.74952 0.192041 0.355266 -0.920728 0.161388 17.0981 0 0 0 1 
Seq_Frame0064_ForcepToReference-SequenceTransformStatus = OK
Seq_Frame0064_Timestamp = 6.73
Seq_Frame0065_ForcepToReference-SequenceTransform =-0.746047 -0.176126 0.642178 87.6478 -0.562997 -0.348158 -0.749546 0.233726 0.355595 -0.920742 0.160584 16.9777 0 0 0 1 
Seq_Frame0065_ForcepToReference-SequenceTransformStatus = OK
Seq_Frame0065_Timestamp = 6.836
Seq_Frame0066_ForcepToReference-SequenceTransform =-0.746815 -0.176079 0.641298 87.6256 -0.563315 -0.345056 -0.750741 0.0614559 0.353474 -0.921918 0.158505 17.153 0 0 0 1 
Seq_Frame0066_ForcepToReference-SequenceTransformStatus = OK
Seq_Frame0066_Timestamp = 6.943
Seq_Frame0067_ForcepToReference-SequenceTransform =-0.745949 -0.176173 0.64228 87.6501 -0.563158 -0.347986 -0.749506 0.248302 0.355547 -0.920798 0.160367 17.0112 0 0 0 1 
Seq_Frame0067_ForcepToReference-SequenceTransformStatus = OK
Seq_Frame0067_Timestamp = 7.046
Seq_Frame0068_ForcepToReference-SequenceTransform =-0.746595 -0.175634 0.641676 87.6478 -0.56264 -0.348002 -0.749888 0.190127 0.35501 -0.920895 0.160998 17.073 0 0 0 1 
Seq_Frame0068_ForcepToReference-SequenceTransformStatus = OK
Seq_Frame0068_Timestamp = 7.153
Seq_Frame0069_ForcepToReference-SequenceTransform =-0.74492 -0.177079 0.643224 87.6674 -0.563762 -0.348467 -0.748828 0.22264 0.356744 -0.920442 0.15975 17.028 0 0 0 1 
Seq_Frame0069_ForcepToReference-SequenceTransformStatus = OK
Seq_Frame0069_Timestamp = 7.257
Seq_Frame0070_ForcepToReference-SequenceTransform =-0.745899 -0.176146 0.642345 87.6594 -0.563017 -0.348532 -0.749358 0.225339 0.355874 -0.920597 0.160796 17.0404 0 0 0 1 
Seq_Frame0070_ForcepToReference-SequenceTransformStatus = OK
Seq_Frame0070_Timestamp = 7.362
Seq_Frame0071_ForcepToReference-SequenceTransform =-0.745615 -0.176128 0.642679 87.6501 -0.563166 -0.349024 -0.749017 0.281495 0.356233 -0.920414 0.161048 16.9946 0 0 0 1 
Seq_Frame0071_ForcepToReference-SequenceTransformStatus = OK
Seq_Frame0071_Timestamp = 7.469
Seq_Frame0072_ForcepToReference-SequenceTransform =-0.745602 -0.176004 0.642728 87.6445 -0.563193 -0.349137 -0.748944 0.255551 0.356218 -0.920394 0.161193 16.9612 0 0 0 1 
Seq_Frame0072_ForcepToReference-SequenceTransformStatus = OK
Seq_Frame0072_Timestamp = 7.574
Seq_Frame0073_ForcepToReference-SequenceTransform =-0.745727 -0.176402 0.642475 87.6596 -0.563541 -0.347398 -0.749491 0.210124 0.355406 -0.920976 0.159654 17.0296 0 0 0 1 
Seq_Frame0073_ForcepToReference-SequenceTransformStatus = OK
Seq_Frame0073_Timestamp = 7.68
Seq_Frame0074_ForcepToReference-SequenceTransform =-0.746399 -0.176162 0.64176 87.659 -0.563299 -0.346268 -0.750195 0.133471 0.354376 -0.921448 0.159222 17.1145 0 0 0 1 
Seq_Frame0074_ForcepToReference-SequenceTransformStatus = OK
Seq_Frame0074_Timestamp = 7.787
Seq_Frame0075_ForcepToReference-SequenceTransform =-0.746537 -0.175853 0.641684 87.6566 -0.563097 -0.346737 -0.75013 0.101776 0.354408 -0.92133 0.15983 17.1173 0 0 0 1 
Seq_Frame0075_ForcepToReference-SequenceTransformStatus = OK
Seq_Frame0075_Timestamp = 7.891
Seq_Frame0076_ForcepToReference-SequenceTransform =-0.743724 -0.175194 0.645122 87.6098 -0.563101 -0.355908 -0.74582 0.268073 0.360267 -0.917952 0.166045 16.7517 0 0 0 1 
Seq_Frame0076_ForcepToReference-SequenceTransformStatus = OK
Seq_Frame0076_Timestamp = 7.998
Seq_Frame0077_ForcepToReference-SequenceTransform =-0.749286 -0.177552 0.638001 87.7323 -0.563363 -0.335538 -0.755008 0.14717 0.348127 -0.925143 0.151388 17.3413 0 0 0 1 
Seq_Frame0077_ForcepToReference-SequenceTransformStatus = OK
Seq_Frame0077_Timestamp = 8.101
Seq_Frame0078_ForcepToReference-SequenceTransform =-0.748597 -0.179091 0.63838 87.7326 -0.565061 -0.331367 -0.75558 -0.00598502 0.346856 -0.926349 0.146863 17.5481 0 0 0 1 
Seq_Frame0078_ForcepToReference-SequenceTransformStatus = OK
Seq_Frame0078_Timestamp = 8.206
Seq_Frame0079_ForcepToReference-SequenceTransform =-0.710292 -0.254379 0.656336 79.2981 -0.635615 -0.168859 -0.753313 10.4749 0.302455 -0.952249 -0.041748 18.9137 0 0 0 1 
Seq_Frame0079_ForcepToReference-SequenceTransformStatus = OK
Seq_Frame0079_Timestamp = 8.316
Seq_Frame0080_ForcepToReference-SequenceTransform =-0.626561 -0.446147 0.639041 74.6686 -0.711396 -0.00751721 -0.702751 25.3217 0.318334 -0.894928 -0.312678 21.8751 0 0 0 1 
Seq_Frame0080_ForcepToReference-SequenceTransformStatus = OK
Seq_Frame0080_Timestamp = 8.422
Seq_Frame0081_ForcepToReference-SequenceTransform =-0.626561 -0.446147 0.639041 74.6686 -0.711396 -0.00751721 -0.702751 25.3217 0.318334 -0.894928 -0.312678 21.8751 0 0 0 1 
Seq_Frame0081_ForcepToReference-SequenceTransformStatus = OK
Seq_Frame0081_Timestamp = 8.533
Seq_Frame0082_ForcepToReference-SequenceTransform =-0.626561 -0.446147 0.639041 74.6686 -0.711396 -0.00751721 -0.702751 25.3217 0.318334 -0.894928 -0.312678 21.8751 0 0 0 1 
Seq_Frame0082_ForcepToReference-SequenceTransformStatus = OK
Seq_Frame0082_Timestamp = 8.637
Seq_Frame0083_ForcepToReference-SequenceTransform =-0.626561 -0.446147 0.639041 74.6686 -0.711396 -0.00751721 -0.702751 25.3217 0.318334 -0.894928 -0.312678 21.8751 0 0 0 1 
Seq_Frame0083_ForcepToReference-SequenceTransformStatus = OK
Seq_Frame0083_Timestamp = 8.749
Seq_Frame0084_ForcepToReference-SequenceTransform =-0.626561 -0.446147 0.639041 74.6686 -0.711396 -0.00751721 -0.702751 25.3217 0.318334 -0.894928 -0.312678 21.8751 0 0 0 1 
Seq_Frame0084_ForcepToReference-SequenceTransformStatus = OK
Seq_Frame0084_Timestamp = 8.853
Seq_Frame0085_ForcepToReference-SequenceTransform =-0.626561 -0.446147 0.639041 74.6686 -0.711396 -0.00751721 -0.702751 25.3217 0.318334 -0.894928 -0.312678 21.8751 0 0 0 1 
Seq_Frame0085_ForcepToReference-SequenceTransformStatus = OK
Seq_Frame0085_Timestamp = 8.965
Seq_Frame0086_ForcepToReference-SequenceTransform =-0.626561 -0.446147 0.639041 74.6686 -0.711396 -0.00751721 -0.702751 25.3217 0.318334 -0.894928 -0.312678 21.8751 0 0 0 1 
Seq_Frame0086_ForcepToReference-SequenceTransformStatus = OK
Seq_Frame0086_Timestamp = 9.071
Seq_Frame0087_ForcepToReference-SequenceTransform =-0.626561 -0.446147 0.639041 74.6686 -0.711396 -0.00751721 -0.702751 25.3217 0.318334 -0.894928 -0.312678 21.8751 0 0 0 1 
Seq_Frame0087_ForcepToReference-SequenceTransformStatus = OK
Seq_Frame0087_Timestamp = 9.176
Seq_Frame0088_ForcepToReference-SequenceTransform =-0.626561 -0.446147 0.639041 74.6686 -0.711396 -0.00751721 -0.702751 25.3217 0.318334 -0.894928 -0.312678 21.8751 0 0 0 1 
Seq_Frame0088_ForcepToReference-SequenceTransformStatus = OK
Seq_Frame0088_Timestamp = 9.283
Seq_Frame0089_ForcepToReference-SequenceTransform =-0.626561 -0.446147 0.639041 74.6686 -0.711396 -0.00751721 -0.702751 25.3217 0.318334 -0.894928 -0.312678 21.8751 0 0 0 1 
Seq_Frame0089_ForcepToReference-SequenceTransformStatus = OK
Seq_Frame0089_Timestamp = 9.391
Seq_Frame0090_ForcepToReference-SequenceTransform =-0.626561 -0.446147 0.639041 74.6686 -0.711396 -0.00751721 -0.702751 25.3217 0.318334 -0.894928 -0.312678 21.8751 0 0 0 1 
Seq_Frame0090_ForcepToReference-SequenceTransformStatus = OK
Seq_Frame0090_Timestamp = 9.498
Seq_Frame0091_ForcepToReference-SequenceTransform =-0.626561 -0.446147 0.639041 74.6686 -0.711396 -0.00751721 -0.702751 25.3217 0.318334 -0.894928 -0.312678 21.8751 0 0 0 1 
Seq_Frame0091_ForcepToReference-SequenceTransformStatus = OK
Seq_Frame0091_Timestamp = 9.602
Seq_Frame0092_ForcepToReference-SequenceTransform =-0.626561 -0.446147 0.639041 74.6686 -0.711396 -0.00751721 -0.702751 25.3217 0.318334 -0.894928 -0.312678 21.8751 0 0 0 1 
Seq_Frame0092_ForcepToReference-SequenceTransformStatus = OK
Seq_Frame0092_Timestamp = 9.707
Seq_Frame0093_ForcepToReference-SequenceTransform =-0.626561 -0.446147 0.639041 74.6686 -0.711396 -0.00751721 -0.702751 25.3217 0.318334 -0.894928 -0.312678 21.8751 0 0 0 1 
Seq_Frame0093_ForcepToReference-SequenceTransformStatus = OK
Seq_Frame0093_Timestamp = 9.813
Seq_Frame0094_ForcepToReference-SequenceTransform =-0.694084 -0.547618 0.467292 -66.8563 -0.711727 0.619495 -0.331165 229.138 -0.108133 -0.562441 -0.819736 120.36 0 0 0 1 
Seq_Frame0094_ForcepToReference-SequenceTransformStatus = OK
Seq_Frame0094_Timestamp = 9.918
Seq_Frame0095_ForcepToReference-SequenceTransform =-0.694084 -0.547618 0.467292 -66.8563 -0.711727 0.619495 -0.331165 229.138 -0.108133 -0.562441 -0.819736 120.36 0 0 0 1 
Seq_Frame0095_ForcepToReference-SequenceTransformStatus = OK
Seq_Frame0095_Timestamp = 10.023
Seq_Frame0096_ForcepToReference-SequenceTransform =-0.694084 -0.547618 0.467292 -66.8563 -0.711727 0.619495 -0.331165 229.138 -0.108133 -0.562441 -0.819736 120.36 0 0 0 1 
Seq_Frame0096_ForcepToReference-SequenceTransformStatus = OK
Seq_Frame0096_Timestamp = 10.129
Seq_Frame0097_ForcepToReference-SequenceTransform =-0.752261 -0.396143 0.526474 -70.1822 -0.658665 0.471871 -0.586087 226.957 -0.0162536 -0.78766 -0.615896 80.9817 0 0 0 1 
Seq_Frame0097_ForcepToReference-SequenceTransformStatus = OK
Seq_Frame0097_Timestamp = 10.239
Seq_Frame0098_ForcepToReference-SequenceTransform =-0.637132 -0.700807 0.32083 -73.9824 0.750782 -0.470154 0.463985 228.286 -0.174324 0.536493 0.825703 79.7939 0 0 0 1 
Seq_Frame0098_ForcepToReference-SequenceTransformStatus = OK
Seq_Frame0098_Timestamp = 10.35
Seq_Frame0099_ForcepToReference-SequenceTransform =-0.637132 -0.700807 0.32083 -73.9824 0.750782 -0.470154 0.463985 228.286 -0.174324 0.536493 0.825703 79.7939 0 0 0 1 
Seq_Frame0099_ForcepToReference-SequenceTransformStatus = OK
Seq_Frame0099_Timestamp = 10.455
Seq_Frame0100_ForcepToReference-SequenceTransform =-0.637132 -0.700807 0.32083 -73.9824 0.750782 -0.470154 0.463985 228.286 -0.174324 0.536493 0.825703 79.7939 0 0 0 1 
Seq_Frame0100_ForcepToReference-SequenceTransformStatus = OK
Seq_Frame0100_Timestamp = 10.569
Seq_Frame0101_ForcepToReference-SequenceTransform =-0.637132 -0.700807 0.32083 -73.9824 0.750782 -0.470154 0.463985 228.286 -0.174324 0.536493 0.825703 79.7939 0 0 0 1 
Seq_Frame0101_ForcepToReference-SequenceTransformStatus = OK
Seq_Frame0101_Timestamp = 10.673
Seq_Frame0102_ForcepToReference-SequenceTransform =-0.637132 -0.700807 0.32083 -73.9824 0.750782 -0.470154 0.463985 228.286 -0.174324 0.536493 0.825703 79.7939 0 0 0 1 
Seq_Frame0102_ForcepToReference-SequenceTransformStatus = OK
Seq_Frame0102_Timestamp = 10.782
Seq_Frame0103_ForcepToReference-SequenceTransform =-0.637132 -0.700807 0.32083 -73.9824 0.750782 -0.470154 0.463985 228.286 -0.174324 0.536493 0.825703 79.7939 0 0 0 1 
Seq_Frame0103_ForcepToReference-SequenceTransformStatus = OK
Seq_Frame0103_Timestamp = 10.888
Seq_Frame0104_ForcepToReference-SequenceTransform =-0.637132 -0.700807 0.32083 -73.9824 0.750782 -0.470154 0.463985 228.286 -0.174324 0.536493 0.825703 79.7939 0 0 0 1 
Seq_Frame0104_ForcepToReference-SequenceTransformStatus = OK
Seq_Frame0104_Timestamp = 10.997
Seq_Frame0105_ForcepToReference-SequenceTransform =-0.637132 -0.700807 0.32083 -73.9824 0.750782 -0.470154 0.463985 228.286 -0.174324 0.536493 0.825703 79.7939 0 0 0 1 
Seq_Frame0105_ForcepToReference-SequenceTransformStatus = OK
Seq_Frame0105_Timestamp = 11.103
Seq_Frame0106_ForcepToReference-SequenceTransform =-0.637132 -0.700807 0.32083 -73.9824 0.750782 -0.470154 0.463985 228.286 -0.174324 0.536493 0.825703 79.7939 0 0 0 1 
Seq_Frame0106_ForcepToReference-SequenceTransformStatus = OK
Seq_Frame0106_Timestamp = 11.206
Seq_Frame0107_ForcepToReference-SequenceTransform =-0.464256 -0.863446 -0.197301 -112.87 0.846371 -0.366849 -0.386106 238.693 0.261002 -0.346242 0.901108 18.8731 0 0 0 1 
Seq_Frame0107_ForcepToReference-SequenceTransformStatus = OK
Seq_Frame0107_Timestamp = 11.315
Seq_Frame0108_ForcepToReference-SequenceTransform =-0.459563 -0.84799 -0.264036 -111.075 0.887197 -0.452049 -0.0923748 226.836 -0.0410241 -0.276704 0.960079 0.992307 0 0 0 1 
Seq_Frame0108_ForcepToReference-SequenceTransformStatus = OK
Seq_Frame0108_Timestamp = 11.422
Seq_Frame0109_ForcepToReference-SequenceTransform =-0.427271 -0.824114 -0.371854 -106.093 0.834865 -0.517497 0.187608 214.461 -0.347044 -0.230288 0.909136 -17.6719 0 0 0 1 
Seq_Frame0109_ForcepToReference-SequenceTransformStatus = OK
Seq_Frame0109_Timestamp = 11.526
Seq_Frame0110_ForcepToReference-SequenceTransform =-0.357903 -0.784984 -0.505674 -100.036 0.767936 -0.555527 0.318847 202.477 -0.531206 -0.274208 0.801642 -19.271 0 0 0 1 
Seq_Frame0110_ForcepToReference-SequenceTransformStatus = OK
Seq_Frame0110_Timestamp = 11.631
Seq_Frame0111_ForcepToReference-SequenceTransform =-0.319219 -0.805135 -0.499856 -97.3292 0.742757 -0.540139 0.395678 198.037 -0.588566 -0.244964 0.770443 -20.8352 0 0 0 1 
Seq_Frame0111_ForcepToReference-SequenceTransformStatus = OK
Seq_Frame0111_Timestamp = 11.74
Seq_Frame0112_ForcepToReference-SequenceTransform =-0.319219 -0.805135 -0.499856 -97.3292 0.742757 -0.540139 0.395678 198.037 -0.588566 -0.244964 0.770443 -20.8352 0 0 0 1 
Seq_Frame0112_ForcepToReference-SequenceTransformStatus = OK
Seq_Frame0112_Timestamp = 11.846
Seq_Frame0113_ForcepToReference-SequenceTransform =-0.319219 -0.805135 -0.499856 -97.3292 0.742757 -0.540139 0.395678 198.037 -0.588566 -0.244964 0.770443 -20.8352 0 0 0 1 
Seq_Frame0113_ForcepToReference-SequenceTransformStatus = OK
Seq_Frame0113_Timestamp = 11.953
Seq_Frame0114_ForcepToReference-SequenceTransform =-0.514037 -0.636116 -0.575433 -84.2853 0.69172 -0.704116 0.160452 206.196 -0.507237 -0.31556 0.801955 -20.0074 0 0 0 1 
Seq_Frame0114_ForcepToReference-SequenceTransformStatus = OK
Seq_Frame0114_Timestamp = 12.061
Seq_Frame0115_ForcepToReference-SequenceTransform =-0.509664 -0.670324 -0.53936 -95.3131 0.720888 -0.6749 0.157577 206.779 -0.469641 -0.308507 0.8272 -27.3245 0 0 0 1 
Seq_Frame0115_ForcepToReference-SequenceTransformStatus = OK
Seq_Frame0115_Timestamp = 12.169
Seq_Frame0116_ForcepToReference-SequenceTransform =-0.556395 -0.688822 -0.464702 -108.856 0.783674 -0.620913 -0.017935 200.589 -0.276186 -0.374154 0.885285 -22.6047 0 0 0 1 
Seq_Frame0116_ForcepToReference-SequenceTransformStatus = OK
Seq_Frame0116_Timestamp = 12.276
Seq_Frame0117_ForcepToReference-SequenceTransform =-0.555621 -0.723318 -0.409996 -117.627 0.787464 -0.616047 0.0196748 179.789 -0.266808 -0.311925 0.911875 -9.05873 0 0 0 1 
Seq_Frame0117_ForcepToReference-SequenceTransformStatus = OK
Seq_Frame0117_Timestamp = 12.381
Seq_Frame0118_ForcepToReference-SequenceTransform =-0.492148 -0.801476 -0.339746 -123.886 0.809621 -0.564824 0.159648 162.93 -0.319851 -0.196495 0.926868 7.57392 0 0 0 1 
Seq_Frame0118_ForcepToReference-SequenceTransformStatus = OK
Seq_Frame0118_Timestamp = 12.496
Seq_Frame0119_ForcepToReference-SequenceTransform =-0.385702 -0.845429 -0.369436 -121.408 0.819471 -0.497894 0.283845 154.47 -0.423911 -0.193263 0.884844 13.8649 0 0 0 1 
Seq_Frame0119_ForcepToReference-SequenceTransformStatus = OK
Seq_Frame0119_Timestamp = 12.601
Seq_Frame0120_ForcepToReference-SequenceTransform =-0.395503 -0.856765 -0.330955 -124.121 0.85403 -0.475637 0.210719 159.276 -0.337951 -0.199306 0.919819 18.0856 0 0 0 1 
Seq_Frame0120_ForcepToReference-SequenceTransformStatus = OK
Seq_Frame0120_Timestamp = 12.701
Seq_Frame0121_ForcepToReference-SequenceTransform =-0.364214 -0.882746 -0.296829 -130.386 0.873291 -0.434453 0.220485 161.928 -0.32359 -0.178915 0.929128 14.3062 0 0 0 1 
Seq_Frame0121_ForcepToReference-SequenceTransformStatus = OK
Seq_Frame0121_Timestamp = 12.804
Seq_Frame0122_ForcepToReference-SequenceTransform =-0.328285 -0.886693 -0.325583 -132.909 0.887699 -0.407414 0.214486 164.464 -0.32283 -0.218608 0.920864 17.7539 0 0 0 1 
Seq_Frame0122_ForcepToReference-SequenceTransformStatus = OK
Seq_Frame0122_Timestamp = 12.91
Seq_Frame0123_ForcepToReference-SequenceTransform =-0.318345 -0.869148 -0.378468 -130.178 0.871704 -0.425286 0.243441 163.279 -0.372543 -0.252414 0.893028 27.6565 0 0 0 1 
Seq_Frame0123_ForcepToReference-SequenceTransformStatus = OK
Seq_Frame0123_Timestamp = 13.018
Seq_Frame0124_ForcepToReference-SequenceTransform =-0.333686 -0.850166 -0.407273 -125.044 0.864058 -0.448574 0.228442 167.957 -0.376905 -0.275679 0.884276 34.2052 0 0 0 1 
Seq_Frame0124_ForcepToReference-SequenceTransformStatus = OK
Seq_Frame0124_Timestamp = 13.124
Seq_Frame0125_ForcepToReference-SequenceTransform =-0.351031 -0.838414 -0.416941 -122.364 0.859364 -0.465292 0.212125 172.728 -0.371848 -0.283842 0.883834 36.4766 0 0 0 1 
Seq_Frame0125_ForcepToReference-SequenceTransformStatus = OK
Seq_Frame0125_Timestamp = 13.233
Seq_Frame0126_ForcepToReference-SequenceTransform =-0.354961 -0.831072 -0.428161 -120.709 0.85446 -0.474236 0.212128 173.954 -0.379343 -0.290549 0.878453 38.0481 0 0 0 1 
Seq_Frame0126_ForcepToReference-SequenceTransformStatus = OK
Seq_Frame0126_Timestamp = 13.336
Seq_Frame0127_ForcepToReference-SequenceTransform =-0.350193 -0.830734 -0.43272 -119.627 0.849748 -0.476118 0.226362 173.197 -0.394072 -0.288432 0.872648 40.1269 0 0 0 1 
Seq_Frame0127_ForcepToReference-SequenceTransformStatus = OK
Seq_Frame0127_Timestamp = 13.441
Seq_Frame0128_ForcepToReference-SequenceTransform =-0.35013 -0.819926 -0.452912 -118.554 0.83905 -0.489483 0.237492 171.835 -0.416419 -0.296862 0.859342 41.4354 0 0 0 1 
Seq_Frame0128_ForcepToReference-SequenceTransformStatus = OK
Seq_Frame0128_Timestamp = 13.549
Seq_Frame0129_ForcepToReference-SequenceTransform =-0.348186 -0.810717 -0.470643 -117.331 0.830097 -0.499916 0.247028 170.937 -0.435552 -0.304668 0.847037 42.6565 0 0 0 1 
Seq_Frame0129_ForcepToReference-SequenceTransformStatus = OK
Seq_Frame0129_Timestamp = 13.653
Seq_Frame0130_ForcepToReference-SequenceTransform =-0.348143 -0.806858 -0.47726 -117.007 0.822617 -0.507089 0.25722 169.278 -0.449553 -0.303052 0.840275 43.1816 0 0 0 1 
Seq_Frame0130_ForcepToReference-SequenceTransformStatus = OK
Seq_Frame0130_Timestamp = 13.758
Seq_Frame0131_ForcepToReference-SequenceTransform =-0.342242 -0.800915 -0.49133 -117.377 0.811239 -0.515706 0.275571 167.098 -0.474091 -0.304273 0.82623 42.0907 0 0 0 1 
Seq_Frame0131_ForcepToReference-SequenceTransformStatus = OK
Seq_Frame0131_Timestamp = 13.865
Seq_Frame0132_ForcepToReference-SequenceTransform =-0.346156 -0.80519 -0.481503 -118.983 0.805204 -0.518375 0.287982 164.252 -0.481479 -0.288022 0.827781 39.5373 0 0 0 1 
Seq_Frame0132_ForcepToReference-SequenceTransformStatus = OK
Seq_Frame0132_Timestamp = 13.968
Seq_Frame0133_ForcepToReference-SequenceTransform =-0.346115 -0.815351 -0.464119 -120.39 0.798466 -0.515741 0.310585 160.621 -0.492601 -0.263085 0.829536 37.0458 0 0 0 1 
Seq_Frame0133_ForcepToReference-SequenceTransformStatus = OK
Seq_Frame0133_Timestamp = 14.076
Seq_Frame0134_ForcepToReference-SequenceTransform =-0.344706 -0.815541 -0.464835 -121.552 0.789833 -0.519582 0.325881 157.679 -0.507289 -0.254809 0.823244 36.3197 0 0 0 1 
Seq_Frame0134_ForcepToReference-SequenceTransformStatus = OK
Seq_Frame0134_Timestamp = 14.18
Seq_Frame0135_ForcepToReference-SequenceTransform =-0.340813 -0.817738 -0.463845 -121.994 0.791421 -0.515859 0.327935 155.799 -0.507444 -0.255332 0.822986 35.1717 0 0 0 1 
Seq_Frame0135_ForcepToReference-SequenceTransformStatus = OK
Seq_Frame0135_Timestamp = 14.291
Seq_Frame0136_ForcepToReference-SequenceTransform =-0.347821 -0.821574 -0.451704 -122.533 0.788491 -0.516992 0.333169 155.698 -0.50725 -0.240281 0.827625 33.5903 0 0 0 1 
Seq_Frame0136_ForcepToReference-SequenceTransformStatus = OK
Seq_Frame0136_Timestamp = 14.4
Seq_Frame0137_ForcepToReference-SequenceTransform =-0.347573 -0.823493 -0.448388 -123.121 0.789831 -0.514851 0.333311 156.298 -0.505332 -0.2383 0.829369 32.9516 0 0 0 1 
Seq_Frame0137_ForcepToReference-SequenceTransformStatus = OK
Seq_Frame0137_Timestamp = 14.508
Seq_Frame0138_ForcepToReference-SequenceTransform =-0.358096 -0.828866 -0.429823 -123.967 0.78627 -0.51597 0.339931 157.628 -0.503534 -0.216229 0.83648 31.4282 0 0 0 1 
Seq_Frame0138_ForcepToReference-SequenceTransformStatus = OK
Seq_Frame0138_Timestamp = 14.617
Seq_Frame0139_ForcepToReference-SequenceTransform =-0.362856 -0.829709 -0.424168 -123.835 0.795577 -0.512838 0.322574 160.688 -0.485172 -0.22041 0.846184 30.7143 0 0 0 1 
Seq_Frame0139_ForcepToReference-SequenceTransformStatus = OK
Seq_Frame0139_Timestamp = 14.72
Seq_Frame0140_ForcepToReference-SequenceTransform =-0.338329 -0.831315 -0.440963 -119.476 0.803016 -0.499355 0.325283 163.331 -0.49061 -0.244048 0.836506 29.9289 0 0 0 1 
Seq_Frame0140_ForcepToReference-SequenceTransformStatus = OK
Seq_Frame0140_Timestamp = 14.827
Seq_Frame0141_ForcepToReference-SequenceTransform =-0.303685 -0.839098 -0.451321 -110.635 0.812285 -0.47559 0.337648 166.387 -0.497964 -0.264063 0.826016 27.9767 0 0 0 1 
Seq_Frame0141_ForcepToReference-SequenceTransformStatus = OK
Seq_Frame0141_Timestamp = 14.93
Seq_Frame0142_ForcepToReference-SequenceTransform =-0.282488 -0.851254 -0.442229 -101.266 0.81974 -0.453653 0.349608 173.542 -0.498224 -0.263752 0.825959 25.4415 0 0 0 1 
Seq_Frame0142_ForcepToReference-SequenceTransformStatus = OK
Seq_Frame0142_Timestamp = 15.036
Seq_Frame0143_ForcepToReference-SequenceTransform =-0.278556 -0.873819 -0.398556 -93.7181 0.824328 -0.430473 0.367662 179.813 -0.492838 -0.226127 0.840225 18.7737 0 0 0 1 
Seq_Frame0143_ForcepToReference-SequenceTransformStatus = OK
Seq_Frame0143_Timestamp = 15.142
Seq_Frame0144_ForcepToReference-SequenceTransform =-0.294 -0.889634 -0.34945 -88.8874 0.843859 -0.413287 0.342194 185.526 -0.448851 -0.194281 0.872232 20.938 0 0 0 1 
Seq_Frame0144_ForcepToReference-SequenceTransformStatus = OK
Seq_Frame0144_Timestamp = 15.246
Seq_Frame0145_ForcepToReference-SequenceTransform =-0.30791 -0.910019 -0.277591 -87.3468 0.883565 -0.381717 0.271302 192.154 -0.352851 -0.161733 0.921596 27.3648 0 0 0 1 
Seq_Frame0145_ForcepToReference-SequenceTransformStatus = OK
Seq_Frame0145_Timestamp = 15.352
Seq_Frame0146_ForcepToReference-SequenceTransform =-0.296025 -0.911533 -0.285442 -83.685 0.896977 -0.368005 0.244957 195.58 -0.328331 -0.183522 0.926563 33.4215 0 0 0 1 
Seq_Frame0146_ForcepToReference-SequenceTransformStatus = OK
Seq_Frame0146_Timestamp = 15.459
Seq_Frame0147_ForcepToReference-SequenceTransform =-0.297394 -0.91353 -0.277523 -82.6752 0.908669 -0.360036 0.211411 198.593 -0.293048 -0.189304 0.937169 36.6499 0 0 0 1 
Seq_Frame0147_ForcepToReference-SequenceTransformStatus = OK
Seq_Frame0147_Timestamp = 15.563
Seq_Frame0148_ForcepToReference-SequenceTransform =-0.298566 -0.92121 -0.249459 -83.3156 0.919172 -0.347901 0.184627 201.075 -0.256867 -0.174172 0.950623 39.0274 0 0 0 1 
Seq_Frame0148_ForcepToReference-SequenceTransformStatus = OK
Seq_Frame0148_Timestamp = 15.669
Seq_Frame0149_ForcepToReference-SequenceTransform =-0.297284 -0.93013 -0.215594 -85.3167 0.932541 -0.331319 0.14351 204.11 -0.204913 -0.158387 0.96588 41.6729 0 0 0 1 
Seq_Frame0149_ForcepToReference-SequenceTransformStatus = OK
Seq_Frame0149_Timestamp = 15.773
