ObjectType = Image
NDims = 3
AnatomicalOrientation = RAI
BinaryData = True
CompressedData = False
DimSize = 0 0 4679
ElementSpacing = 1 1 1
Offset = 0 0 0
TransformMatrix = 1 0 0 0 1 0 0 0 1
ElementType = MET_UCHAR
Kinds = domain domain list
Seq_Frame0000_DriverToReference-SequenceTransform =-0.938004 -0.328316 0.111164 125.724 -0.10282 0.569815 0.815315 23.9308 -0.331024 0.753339 -0.568246 43.6606 0 0 0 1 
Seq_Frame0000_DriverToReference-SequenceTransformStatus = OK
Seq_Frame0000_Timestamp = 0.00600004
Seq_Frame0001_DriverToReference-SequenceTransform =-0.937998 -0.328363 0.111076 125.719 -0.102732 0.569369 0.815638 23.9804 -0.331069 0.753655 -0.5678 43.6317 0 0 0 1 
Seq_Frame0001_DriverToReference-SequenceTransformStatus = OK
Seq_Frame0001_Timestamp = 0.107
Seq_Frame0002_DriverToReference-SequenceTransform =-0.937709 -0.328871 0.112009 125.7 -0.101889 0.568542 0.81632 23.9277 -0.332146 0.754058 -0.566635 43.6808 0 0 0 1 
Seq_Frame0002_DriverToReference-SequenceTransformStatus = OK
Seq_Frame0002_Timestamp = 0.217
Seq_Frame0003_DriverToReference-SequenceTransform =-0.93784 -0.328519 0.111944 125.721 -0.101544 0.568154 0.816634 23.9388 -0.33188 0.754505 -0.566196 43.6645 0 0 0 1 
Seq_Frame0003_DriverToReference-SequenceTransformStatus = OK
Seq_Frame0003_Timestamp = 0.322
Seq_Frame0004_DriverToReference-SequenceTransform =-0.937743 -0.328676 0.1123 125.709 -0.101498 0.568519 0.816385 23.869 -0.33217 0.754161 -0.566484 43.735 0 0 0 1 
Seq_Frame0004_DriverToReference-SequenceTransformStatus = OK
Seq_Frame0004_Timestamp = 0.429
Seq_Frame0005_DriverToReference-SequenceTransform =-0.938405 -0.327421 0.110413 125.719 -0.10236 0.568612 0.816213 23.9328 -0.330028 0.754636 -0.567103 43.6856 0 0 0 1 
Seq_Frame0005_DriverToReference-SequenceTransformStatus = OK
Seq_Frame0005_Timestamp = 0.537
Seq_Frame0006_DriverToReference-SequenceTransform =-0.937927 -0.32843 0.111477 125.707 -0.102268 0.569009 0.815947 23.9234 -0.331413 0.753898 -0.567277 43.694 0 0 0 1 
Seq_Frame0006_DriverToReference-SequenceTransformStatus = OK
Seq_Frame0006_Timestamp = 0.642
Seq_Frame0007_DriverToReference-SequenceTransform =-0.937816 -0.328544 0.112067 125.72 -0.101928 0.569233 0.815834 23.9373 -0.33183 0.753679 -0.567324 43.719 0 0 0 1 
Seq_Frame0007_DriverToReference-SequenceTransformStatus = OK
Seq_Frame0007_Timestamp = 0.747
Seq_Frame0008_DriverToReference-SequenceTransform =-0.938286 -0.327873 0.110087 125.698 -0.103499 0.569892 0.815175 23.9767 -0.330011 0.753473 -0.568656 43.5892 0 0 0 1 
Seq_Frame0008_DriverToReference-SequenceTransformStatus = OK
Seq_Frame0008_Timestamp = 0.852
Seq_Frame0009_DriverToReference-SequenceTransform =-0.93794 -0.328568 0.110956 125.706 -0.102705 0.568768 0.81606 24.0079 -0.331239 0.75402 -0.567216 43.5994 0 0 0 1 
Seq_Frame0009_DriverToReference-SequenceTransformStatus = OK
Seq_Frame0009_Timestamp = 0.957
Seq_Frame0010_DriverToReference-SequenceTransform =-0.937782 -0.328799 0.111609 125.709 -0.102481 0.569204 0.815784 23.965 -0.331758 0.75359 -0.567485 43.6385 0 0 0 1 
Seq_Frame0010_DriverToReference-SequenceTransformStatus = OK
Seq_Frame0010_Timestamp = 1.067
Seq_Frame0011_DriverToReference-SequenceTransform =-0.938013 -0.328504 0.110534 125.703 -0.103331 0.569451 0.815505 24.0367 -0.33084 0.753532 -0.568097 43.5472 0 0 0 1 
Seq_Frame0011_DriverToReference-SequenceTransformStatus = OK
Seq_Frame0011_Timestamp = 1.172
Seq_Frame0012_DriverToReference-SequenceTransform =-0.93736 -0.329692 0.112515 125.676 -0.102189 0.569004 0.815961 23.9891 -0.333037 0.753351 -0.567052 43.6248 0 0 0 1 
Seq_Frame0012_DriverToReference-SequenceTransformStatus = OK
Seq_Frame0012_Timestamp = 1.277
Seq_Frame0013_DriverToReference-SequenceTransform =-0.937928 -0.328475 0.111333 125.696 -0.102216 0.568538 0.816282 23.9469 -0.331426 0.754234 -0.566823 43.6878 0 0 0 1 
Seq_Frame0013_DriverToReference-SequenceTransformStatus = OK
Seq_Frame0013_Timestamp = 1.382
Seq_Frame0014_DriverToReference-SequenceTransform =-0.937995 -0.328421 0.11093 125.697 -0.102704 0.568929 0.815948 23.9644 -0.331086 0.753962 -0.567383 43.6131 0 0 0 1 
Seq_Frame0014_DriverToReference-SequenceTransformStatus = OK
Seq_Frame0014_Timestamp = 1.492
Seq_Frame0015_DriverToReference-SequenceTransform =-0.938251 -0.32785 0.110452 125.729 -0.102631 0.568668 0.81614 23.8483 -0.330382 0.754408 -0.567201 43.7291 0 0 0 1 
Seq_Frame0015_DriverToReference-SequenceTransformStatus = OK
Seq_Frame0015_Timestamp = 1.597
Seq_Frame0016_DriverToReference-SequenceTransform =-0.939158 -0.325618 0.109336 125.745 -0.101341 0.56682 0.817585 23.6667 -0.328195 0.756762 -0.565332 43.8867 0 0 0 1 
Seq_Frame0016_DriverToReference-SequenceTransformStatus = OK
Seq_Frame0016_Timestamp = 1.707
Seq_Frame0017_DriverToReference-SequenceTransform =-0.937976 -0.328079 0.1121 125.739 -0.100875 0.567595 0.817104 23.6557 -0.331702 0.755116 -0.565486 43.8573 0 0 0 1 
Seq_Frame0017_DriverToReference-SequenceTransformStatus = OK
Seq_Frame0017_Timestamp = 1.812
Seq_Frame0018_DriverToReference-SequenceTransform =-0.938504 -0.32727 0.11002 125.722 -0.102631 0.568677 0.816133 23.7947 -0.329662 0.754653 -0.567294 43.7938 0 0 0 1 
Seq_Frame0018_DriverToReference-SequenceTransformStatus = OK
Seq_Frame0018_Timestamp = 1.922
Seq_Frame0019_DriverToReference-SequenceTransform =-0.939695 -0.325097 0.106234 125.787 -0.104712 0.569165 0.815528 24.0324 -0.32559 0.755224 -0.568883 43.6213 0 0 0 1 
Seq_Frame0019_DriverToReference-SequenceTransformStatus = OK
Seq_Frame0019_Timestamp = 2.027
Seq_Frame0020_DriverToReference-SequenceTransform =-0.938093 -0.328238 0.110635 125.726 -0.102873 0.569003 0.815875 23.9421 -0.330753 0.753986 -0.567545 43.6727 0 0 0 1 
Seq_Frame0020_DriverToReference-SequenceTransformStatus = OK
Seq_Frame0020_Timestamp = 2.137
Seq_Frame0021_DriverToReference-SequenceTransform =-0.938672 -0.327292 0.108514 125.743 -0.104112 0.569036 0.815695 24.081 -0.328719 0.754372 -0.568213 43.5766 0 0 0 1 
Seq_Frame0021_DriverToReference-SequenceTransformStatus = OK
Seq_Frame0021_Timestamp = 2.243
Seq_Frame0022_DriverToReference-SequenceTransform =-0.938162 -0.328135 0.110356 125.719 -0.103371 0.56974 0.815298 23.9889 -0.330402 0.753474 -0.568428 43.6107 0 0 0 1 
Seq_Frame0022_DriverToReference-SequenceTransformStatus = OK
Seq_Frame0022_Timestamp = 2.352
Seq_Frame0023_DriverToReference-SequenceTransform =-0.938076 -0.328235 0.110797 125.719 -0.102524 0.568535 0.816246 23.886 -0.330912 0.754341 -0.566981 43.6992 0 0 0 1 
Seq_Frame0023_DriverToReference-SequenceTransformStatus = OK
Seq_Frame0023_Timestamp = 2.459
Seq_Frame0024_DriverToReference-SequenceTransform =-0.939398 -0.325593 0.107338 125.77 -0.103949 0.568869 0.815833 23.9113 -0.32669 0.755234 -0.568239 43.7292 0 0 0 1 
Seq_Frame0024_DriverToReference-SequenceTransformStatus = OK
Seq_Frame0024_Timestamp = 2.567
Seq_Frame0025_DriverToReference-SequenceTransform =-0.938397 -0.327582 0.110003 125.726 -0.10292 0.568837 0.815985 23.8757 -0.329876 0.754397 -0.56751 43.738 0 0 0 1 
Seq_Frame0025_DriverToReference-SequenceTransformStatus = OK
Seq_Frame0025_Timestamp = 2.672
Seq_Frame0026_DriverToReference-SequenceTransform =-0.938411 -0.327661 0.109648 125.749 -0.103493 0.569324 0.815573 23.9119 -0.329657 0.753995 -0.568171 43.7315 0 0 0 1 
Seq_Frame0026_DriverToReference-SequenceTransformStatus = OK
Seq_Frame0026_Timestamp = 2.777
Seq_Frame0027_DriverToReference-SequenceTransform =-0.934847 -0.335402 0.116479 125.756 -0.102136 0.568234 0.816504 23.7762 -0.340044 0.751409 -0.565468 43.6695 0 0 0 1 
Seq_Frame0027_DriverToReference-SequenceTransformStatus = OK
Seq_Frame0027_Timestamp = 2.887
Seq_Frame0028_DriverToReference-SequenceTransform =-0.923894 -0.352874 0.147984 125.671 -0.0871574 0.570636 0.816565 24.0307 -0.37259 0.741522 -0.557963 42.7772 0 0 0 1 
Seq_Frame0028_DriverToReference-SequenceTransformStatus = OK
Seq_Frame0028_Timestamp = 2.997
Seq_Frame0029_DriverToReference-SequenceTransform =-0.942314 -0.320132 0.0977697 126.023 -0.10888 0.56935 0.814853 23.9338 -0.316526 0.757203 -0.571363 43.9699 0 0 0 1 
Seq_Frame0029_DriverToReference-SequenceTransformStatus = OK
Seq_Frame0029_Timestamp = 3.121
Seq_Frame0030_DriverToReference-SequenceTransform =-0.941313 -0.322014 0.101178 125.953 -0.106731 0.568337 0.815844 23.8694 -0.320217 0.757166 -0.569352 43.9718 0 0 0 1 
Seq_Frame0030_DriverToReference-SequenceTransformStatus = OK
Seq_Frame0030_Timestamp = 3.227
Seq_Frame0031_DriverToReference-SequenceTransform =-0.944254 -0.309003 0.113588 125.596 -0.0901944 0.574628 0.813429 24.0507 -0.316623 0.757839 -0.570465 43.7434 0 0 0 1 
Seq_Frame0031_DriverToReference-SequenceTransformStatus = OK
Seq_Frame0031_Timestamp = 3.332
Seq_Frame0032_DriverToReference-SequenceTransform =-0.953921 -0.284229 0.096172 126.531 -0.0986482 0.599763 0.794074 24.4271 -0.283379 0.747996 -0.600165 43.7574 0 0 0 1 
Seq_Frame0032_DriverToReference-SequenceTransformStatus = OK
Seq_Frame0032_Timestamp = 3.437
Seq_Frame0033_DriverToReference-SequenceTransform =-0.961226 -0.266037 0.0725837 127.359 -0.107197 0.602995 0.79051 24.9389 -0.254073 0.752078 -0.608133 44.898 0 0 0 1 
Seq_Frame0033_DriverToReference-SequenceTransformStatus = OK
Seq_Frame0033_Timestamp = 3.547
Seq_Frame0034_DriverToReference-SequenceTransform =-0.963495 -0.246772 0.103836 126.552 -0.0643675 0.58998 0.804848 24.9297 -0.259875 0.768783 -0.584327 44.8598 0 0 0 1 
Seq_Frame0034_DriverToReference-SequenceTransformStatus = OK
Seq_Frame0034_Timestamp = 3.652
Seq_Frame0035_DriverToReference-SequenceTransform =-0.945019 -0.256703 0.202591 127.327 0.0129409 0.589671 0.80754 25.323 -0.32676 0.765762 -0.553928 44.0585 0 0 0 1 
Seq_Frame0035_DriverToReference-SequenceTransformStatus = OK
Seq_Frame0035_Timestamp = 3.757
Seq_Frame0036_DriverToReference-SequenceTransform =-0.921875 -0.274026 0.273963 127.98 0.0578338 0.601802 0.796549 26.0412 -0.383147 0.750163 -0.538938 42.6947 0 0 0 1 
Seq_Frame0036_DriverToReference-SequenceTransformStatus = OK
Seq_Frame0036_Timestamp = 3.862
Seq_Frame0037_DriverToReference-SequenceTransform =-0.907945 -0.288017 0.304435 129.68 0.0672938 0.616803 0.784236 26.5528 -0.41365 0.73253 -0.540642 42.2515 0 0 0 1 
Seq_Frame0037_DriverToReference-SequenceTransformStatus = OK
Seq_Frame0037_Timestamp = 3.972
Seq_Frame0038_DriverToReference-SequenceTransform =-0.877319 -0.339018 0.339674 130.442 0.0717316 0.607204 0.791302 26.8439 -0.474517 0.718589 -0.508393 41.4923 0 0 0 1 
Seq_Frame0038_DriverToReference-SequenceTransformStatus = OK
Seq_Frame0038_Timestamp = 4.082
Seq_Frame0039_DriverToReference-SequenceTransform =-0.876951 -0.323807 0.355113 130.09 0.0891917 0.616428 0.782343 27.0874 -0.47223 0.71775 -0.511697 41.811 0 0 0 1 
Seq_Frame0039_DriverToReference-SequenceTransformStatus = OK
Seq_Frame0039_Timestamp = 4.186
Seq_Frame0040_DriverToReference-SequenceTransform =-0.870251 -0.291081 0.39741 128.774 0.134583 0.635564 0.760227 27.87 -0.473867 0.715073 -0.513926 41.4418 0 0 0 1 
Seq_Frame0040_DriverToReference-SequenceTransformStatus = OK
Seq_Frame0040_Timestamp = 4.297
Seq_Frame0041_DriverToReference-SequenceTransform =-0.848736 -0.309249 0.428966 127.28 0.183943 0.587882 0.787756 29.5926 -0.495794 0.747503 -0.442073 42.3324 0 0 0 1 
Seq_Frame0041_DriverToReference-SequenceTransformStatus = OK
Seq_Frame0041_Timestamp = 4.401
Seq_Frame0042_DriverToReference-SequenceTransform =-0.902988 -0.276123 0.329195 127.546 0.146306 0.522781 0.839818 40.1726 -0.40399 0.806509 -0.431666 33.6495 0 0 0 1 
Seq_Frame0042_DriverToReference-SequenceTransformStatus = OK
Seq_Frame0042_Timestamp = 4.506
Seq_Frame0043_DriverToReference-SequenceTransform =-0.956663 -0.233423 0.174097 127.104 0.0333127 0.506213 0.861765 62.1157 -0.289286 0.830218 -0.476499 21.1741 0 0 0 1 
Seq_Frame0043_DriverToReference-SequenceTransformStatus = OK
Seq_Frame0043_Timestamp = 4.612
Seq_Frame0044_DriverToReference-SequenceTransform =-0.960949 -0.23091 0.152505 123.04 -0.000929356 0.553793 0.832654 83.6225 -0.276724 0.799996 -0.532382 20.6927 0 0 0 1 
Seq_Frame0044_DriverToReference-SequenceTransformStatus = OK
Seq_Frame0044_Timestamp = 4.721
Seq_Frame0045_DriverToReference-SequenceTransform =-0.953038 -0.290449 0.0857792 116.612 -0.0801135 0.514933 0.853479 118.942 -0.292063 0.806525 -0.51402 27.2464 0 0 0 1 
Seq_Frame0045_DriverToReference-SequenceTransformStatus = OK
Seq_Frame0045_Timestamp = 4.827
Seq_Frame0046_DriverToReference-SequenceTransform =-0.928063 -0.370216 0.0404935 108.892 -0.173815 0.526732 0.832071 150.711 -0.329375 0.765175 -0.553189 42.9902 0 0 0 1 
Seq_Frame0046_DriverToReference-SequenceTransformStatus = OK
Seq_Frame0046_Timestamp = 4.936
Seq_Frame0047_DriverToReference-SequenceTransform =-0.910545 -0.411635 0.0382727 102.449 -0.195323 0.509949 0.837736 168.888 -0.364358 0.755321 -0.544733 60.3782 0 0 0 1 
Seq_Frame0047_DriverToReference-SequenceTransformStatus = OK
Seq_Frame0047_Timestamp = 5.042
Seq_Frame0048_DriverToReference-SequenceTransform =-0.891114 -0.452609 0.0325654 95.2234 -0.226902 0.506582 0.8318 181.513 -0.392977 0.73384 -0.55412 77.1441 0 0 0 1 
Seq_Frame0048_DriverToReference-SequenceTransformStatus = OK
Seq_Frame0048_Timestamp = 5.151
Seq_Frame0049_DriverToReference-SequenceTransform =-0.894768 -0.441281 -0.0682767 84.5658 -0.356852 0.614746 0.70338 189.935 -0.268415 0.653727 -0.707527 74.8214 0 0 0 1 
Seq_Frame0049_DriverToReference-SequenceTransformStatus = OK
Seq_Frame0049_Timestamp = 5.257
Seq_Frame0050_DriverToReference-SequenceTransform =-0.865357 -0.496235 0.0700616 77.3751 -0.373029 0.731149 0.571201 189.456 -0.334675 0.468157 -0.817815 84.2283 0 0 0 1 
Seq_Frame0050_DriverToReference-SequenceTransformStatus = OK
Seq_Frame0050_Timestamp = 5.367
Seq_Frame0051_DriverToReference-SequenceTransform =-0.858476 -0.512681 0.0133108 70.1211 -0.411386 0.703894 0.579047 193.43 -0.306236 0.491622 -0.815186 89.6131 0 0 0 1 
Seq_Frame0051_DriverToReference-SequenceTransformStatus = OK
Seq_Frame0051_Timestamp = 5.472
Seq_Frame0052_DriverToReference-SequenceTransform =-0.833612 -0.545954 0.0838176 66.934 -0.387518 0.686206 0.61559 191.252 -0.3936 0.480682 -0.783597 94.9018 0 0 0 1 
Seq_Frame0052_DriverToReference-SequenceTransformStatus = OK
Seq_Frame0052_Timestamp = 5.582
Seq_Frame0053_DriverToReference-SequenceTransform =-0.83508 -0.521227 0.175965 69.1063 -0.331351 0.73189 0.595436 185.323 -0.439144 0.43893 -0.783896 99.9517 0 0 0 1 
Seq_Frame0053_DriverToReference-SequenceTransformStatus = OK
Seq_Frame0053_Timestamp = 5.687
Seq_Frame0054_DriverToReference-SequenceTransform =-0.741442 -0.651556 0.160431 72.0131 -0.439218 0.651993 0.618056 195.172 -0.507298 0.387788 -0.76959 104.286 0 0 0 1 
Seq_Frame0054_DriverToReference-SequenceTransformStatus = OK
Seq_Frame0054_Timestamp = 5.797
Seq_Frame0055_DriverToReference-SequenceTransform =-0.671978 -0.725029 0.150927 86.4529 -0.496648 0.592366 0.634384 204.598 -0.549351 0.351335 -0.758141 108.757 0 0 0 1 
Seq_Frame0055_DriverToReference-SequenceTransformStatus = OK
Seq_Frame0055_Timestamp = 5.902
Seq_Frame0056_DriverToReference-SequenceTransform =-0.733177 -0.671059 -0.110145 101.847 -0.622491 0.597062 0.505986 212.423 -0.273783 0.439541 -0.85548 105.67 0 0 0 1 
Seq_Frame0056_DriverToReference-SequenceTransformStatus = OK
Seq_Frame0056_Timestamp = 6.007
Seq_Frame0057_DriverToReference-SequenceTransform =-0.789466 -0.588244 -0.175247 102.315 -0.581746 0.626049 0.519263 215.252 -0.19574 0.51189 -0.836454 103.055 0 0 0 1 
Seq_Frame0057_DriverToReference-SequenceTransformStatus = OK
Seq_Frame0057_Timestamp = 6.117
Seq_Frame0058_DriverToReference-SequenceTransform =-0.795143 -0.562179 -0.227383 87.2691 -0.584426 0.610321 0.534747 216.424 -0.161847 0.558089 -0.813844 104.325 0 0 0 1 
Seq_Frame0058_DriverToReference-SequenceTransformStatus = OK
Seq_Frame0058_Timestamp = 6.222
Seq_Frame0059_DriverToReference-SequenceTransform =-0.901879 -0.390293 -0.185162 70.1853 -0.42594 0.731953 0.531808 201.332 -0.0720311 0.558495 -0.826374 104.065 0 0 0 1 
Seq_Frame0059_DriverToReference-SequenceTransformStatus = OK
Seq_Frame0059_Timestamp = 6.332
Seq_Frame0060_DriverToReference-SequenceTransform =-0.945361 -0.284659 -0.158938 58.9896 -0.324938 0.782891 0.530563 191.988 -0.0265985 0.553219 -0.832611 103.13 0 0 0 1 
Seq_Frame0060_DriverToReference-SequenceTransformStatus = OK
Seq_Frame0060_Timestamp = 6.437
Seq_Frame0061_DriverToReference-SequenceTransform =-0.93456 -0.266586 -0.235649 51.7357 -0.354021 0.762971 0.540874 188.891 0.0356037 0.588904 -0.807419 103.1 0 0 0 1 
Seq_Frame0061_DriverToReference-SequenceTransformStatus = OK
Seq_Frame0061_Timestamp = 6.542
Seq_Frame0062_DriverToReference-SequenceTransform =-0.923236 -0.258798 -0.284006 49.6131 -0.378444 0.740297 0.555644 189.714 0.0664493 0.620471 -0.781409 102.03 0 0 0 1 
Seq_Frame0062_DriverToReference-SequenceTransformStatus = OK
Seq_Frame0062_Timestamp = 6.647
Seq_Frame0063_DriverToReference-SequenceTransform =-0.945745 -0.0160754 -0.324511 16.1345 -0.228512 0.742922 0.629165 176.542 0.230972 0.669185 -0.706289 100.487 0 0 0 1 
Seq_Frame0063_DriverToReference-SequenceTransformStatus = OK
Seq_Frame0063_Timestamp = 7.507
Seq_Frame0064_DriverToReference-SequenceTransform =-0.960082 -0.00267171 -0.279706 18.4235 -0.192842 0.730658 0.654944 181.519 0.20262 0.682739 -0.702006 100.8 0 0 0 1 
Seq_Frame0064_DriverToReference-SequenceTransformStatus = OK
Seq_Frame0064_Timestamp = 7.612
Seq_Frame0065_DriverToReference-SequenceTransform =-0.957874 0.00721928 -0.287099 21.8278 -0.196502 0.712566 0.673526 184.55 0.209439 0.701568 -0.681129 100.378 0 0 0 1 
Seq_Frame0065_DriverToReference-SequenceTransformStatus = OK
Seq_Frame0065_Timestamp = 7.722
Seq_Frame0066_DriverToReference-SequenceTransform =-0.974458 0.00316878 -0.224547 25.7452 -0.157475 0.703221 0.693312 185.332 0.160103 0.710964 -0.684761 101.565 0 0 0 1 
Seq_Frame0066_DriverToReference-SequenceTransformStatus = OK
Seq_Frame0066_Timestamp = 7.827
Seq_Frame0067_DriverToReference-SequenceTransform =-0.970564 -0.00454177 -0.240801 26.7763 -0.177807 0.6879 0.703689 188.42 0.162451 0.725792 -0.668458 101.721 0 0 0 1 
Seq_Frame0067_DriverToReference-SequenceTransformStatus = OK
Seq_Frame0067_Timestamp = 7.932
Seq_Frame0068_DriverToReference-SequenceTransform =-0.973336 0.00267254 -0.22937 27.0241 -0.167422 0.675261 0.718326 190.255 0.156804 0.737574 -0.656808 102.469 0 0 0 1 
Seq_Frame0068_DriverToReference-SequenceTransformStatus = OK
Seq_Frame0068_Timestamp = 8.037
Seq_Frame0069_DriverToReference-SequenceTransform =-0.977237 0.0427842 -0.207791 31.065 -0.120168 0.695549 0.708358 192.047 0.174836 0.717204 -0.674575 102.265 0 0 0 1 
Seq_Frame0069_DriverToReference-SequenceTransformStatus = OK
Seq_Frame0069_Timestamp = 8.143
Seq_Frame0070_DriverToReference-SequenceTransform =-0.983535 0.0617275 -0.169847 29.263 -0.078846 0.699112 0.710651 190.919 0.162609 0.712343 -0.682735 101.732 0 0 0 1 
Seq_Frame0070_DriverToReference-SequenceTransformStatus = OK
Seq_Frame0070_Timestamp = 8.247
Seq_Frame0071_DriverToReference-SequenceTransform =-0.981814 0.0856337 -0.169433 27.7851 -0.0642353 0.689996 0.720957 190.495 0.178646 0.718729 -0.671947 101.832 0 0 0 1 
Seq_Frame0071_DriverToReference-SequenceTransformStatus = OK
Seq_Frame0071_Timestamp = 8.352
Seq_Frame0072_DriverToReference-SequenceTransform =-0.983281 0.0813054 -0.162935 30.2547 -0.0614177 0.694272 0.717088 189.426 0.171425 0.715106 -0.677671 102.196 0 0 0 1 
Seq_Frame0072_DriverToReference-SequenceTransformStatus = OK
Seq_Frame0072_Timestamp = 8.462
Seq_Frame0073_DriverToReference-SequenceTransform =-0.984303 0.0517924 -0.168718 29.8733 -0.085169 0.697899 0.711114 188.277 0.154579 0.714321 -0.682533 102.008 0 0 0 1 
Seq_Frame0073_DriverToReference-SequenceTransformStatus = OK
Seq_Frame0073_Timestamp = 8.572
Seq_Frame0074_DriverToReference-SequenceTransform =-0.985715 0.041792 -0.163154 29.5625 -0.0890252 0.69304 0.715381 185.747 0.142969 0.719687 -0.67942 102.157 0 0 0 1 
Seq_Frame0074_DriverToReference-SequenceTransformStatus = OK
Seq_Frame0074_Timestamp = 8.677
Seq_Frame0075_DriverToReference-SequenceTransform =-0.979032 0.0282973 -0.201731 30.57 -0.125626 0.695693 0.707269 187.611 0.160357 0.717781 -0.677551 102.253 0 0 0 1 
Seq_Frame0075_DriverToReference-SequenceTransformStatus = OK
Seq_Frame0075_Timestamp = 8.783
Seq_Frame0076_DriverToReference-SequenceTransform =-0.980175 0.0283113 -0.196102 28.9973 -0.124717 0.680904 0.721676 188.216 0.153958 0.731825 -0.663874 101.378 0 0 0 1 
Seq_Frame0076_DriverToReference-SequenceTransformStatus = OK
Seq_Frame0076_Timestamp = 8.892
Seq_Frame0077_DriverToReference-SequenceTransform =-0.974552 0.0174938 -0.223479 26.9847 -0.151265 0.684427 0.713217 188.577 0.165432 0.728872 -0.664363 101.808 0 0 0 1 
Seq_Frame0077_DriverToReference-SequenceTransformStatus = OK
Seq_Frame0077_Timestamp = 8.997
Seq_Frame0078_DriverToReference-SequenceTransform =-0.968213 0.0113858 -0.249867 23.0905 -0.176529 0.676612 0.714866 188.847 0.177202 0.736252 -0.653095 102.373 0 0 0 1 
Seq_Frame0078_DriverToReference-SequenceTransformStatus = OK
Seq_Frame0078_Timestamp = 9.107
Seq_Frame0079_DriverToReference-SequenceTransform =-0.973627 -0.00279406 -0.228129 24.4333 -0.169155 0.679817 0.713607 188.155 0.153092 0.733377 -0.66236 102.174 0 0 0 1 
Seq_Frame0079_DriverToReference-SequenceTransformStatus = OK
Seq_Frame0079_Timestamp = 9.212
Seq_Frame0080_DriverToReference-SequenceTransform =-0.972962 -0.000333538 -0.230966 24.5055 -0.170372 0.676221 0.716728 189.822 0.155945 0.736699 -0.657994 102.131 0 0 0 1 
Seq_Frame0080_DriverToReference-SequenceTransformStatus = OK
Seq_Frame0080_Timestamp = 9.317
Seq_Frame0081_DriverToReference-SequenceTransform =-0.969112 0.00543902 -0.246562 23.3559 -0.179539 0.669859 0.720455 191.132 0.16908 0.742469 -0.648192 101.613 0 0 0 1 
Seq_Frame0081_DriverToReference-SequenceTransformStatus = OK
Seq_Frame0081_Timestamp = 9.427
Seq_Frame0082_DriverToReference-SequenceTransform =-0.968134 0.00246208 -0.250422 24.6394 -0.182192 0.679144 0.711034 190.668 0.171823 0.734001 -0.657054 102.592 0 0 0 1 
Seq_Frame0082_DriverToReference-SequenceTransformStatus = OK
Seq_Frame0082_Timestamp = 9.531
Seq_Frame0083_DriverToReference-SequenceTransform =-0.968332 0.0117315 -0.249391 24.345 -0.17699 0.672268 0.71884 191.98 0.176091 0.740215 -0.648902 102.809 0 0 0 1 
Seq_Frame0083_DriverToReference-SequenceTransformStatus = OK
Seq_Frame0083_Timestamp = 9.636
Seq_Frame0084_DriverToReference-SequenceTransform =-0.972134 0.0419273 -0.230646 28.1375 -0.139198 0.688415 0.711835 193.592 0.188626 0.724104 -0.663396 102.488 0 0 0 1 
Seq_Frame0084_DriverToReference-SequenceTransformStatus = OK
Seq_Frame0084_Timestamp = 9.742
Seq_Frame0085_DriverToReference-SequenceTransform =-0.970803 0.0355048 -0.237235 25.9529 -0.149714 0.683035 0.714877 191.679 0.187421 0.729523 -0.657777 102.502 0 0 0 1 
Seq_Frame0085_DriverToReference-SequenceTransformStatus = OK
Seq_Frame0085_Timestamp = 9.851
Seq_Frame0086_DriverToReference-SequenceTransform =-0.971624 0.0437921 -0.23244 25.7909 -0.140405 0.68406 0.715786 191.424 0.190348 0.72811 -0.6585 102.643 0 0 0 1 
Seq_Frame0086_DriverToReference-SequenceTransformStatus = OK
Seq_Frame0086_Timestamp = 9.957
Seq_Frame0087_DriverToReference-SequenceTransform =-0.971641 0.0656029 -0.22718 26.5968 -0.118867 0.695023 0.709094 192.206 0.204414 0.715989 -0.667514 103.244 0 0 0 1 
Seq_Frame0087_DriverToReference-SequenceTransformStatus = OK
Seq_Frame0087_Timestamp = 10.068
Seq_Frame0088_DriverToReference-SequenceTransform =-0.97225 0.100363 -0.211324 24.9849 -0.0844261 0.691911 0.717029 192.44 0.218181 0.714973 -0.664237 103.401 0 0 0 1 
Seq_Frame0088_DriverToReference-SequenceTransformStatus = OK
Seq_Frame0088_Timestamp = 10.172
Seq_Frame0089_DriverToReference-SequenceTransform =-0.97496 0.103618 -0.196765 24.6906 -0.0699566 0.696984 0.713666 191.482 0.211091 0.709561 -0.672282 103.919 0 0 0 1 
Seq_Frame0089_DriverToReference-SequenceTransformStatus = OK
Seq_Frame0089_Timestamp = 10.281
Seq_Frame0090_DriverToReference-SequenceTransform =-0.978122 0.102663 -0.180938 25.957 -0.0588982 0.697506 0.714154 190.729 0.199522 0.709187 -0.676199 104.24 0 0 0 1 
Seq_Frame0090_DriverToReference-SequenceTransformStatus = OK
Seq_Frame0090_Timestamp = 10.386
Seq_Frame0091_DriverToReference-SequenceTransform =-0.978415 0.119593 -0.168529 25.5751 -0.0395153 0.692204 0.720619 190.699 0.202837 0.711724 -0.672537 104.213 0 0 0 1 
Seq_Frame0091_DriverToReference-SequenceTransformStatus = OK
Seq_Frame0091_Timestamp = 10.497
Seq_Frame0092_DriverToReference-SequenceTransform =-0.979854 0.12915 -0.152335 25.4751 -0.021019 0.691842 0.721743 191.444 0.198605 0.710405 -0.67519 104.432 0 0 0 1 
Seq_Frame0092_DriverToReference-SequenceTransformStatus = OK
Seq_Frame0092_Timestamp = 10.606
Seq_Frame0093_DriverToReference-SequenceTransform =-0.977109 0.144794 -0.155863 24.3354 -0.0125063 0.692281 0.72152 192.147 0.212372 0.706952 -0.674623 104.504 0 0 0 1 
Seq_Frame0093_DriverToReference-SequenceTransformStatus = OK
Seq_Frame0093_Timestamp = 10.712
Seq_Frame0094_DriverToReference-SequenceTransform =-0.97574 0.143161 -0.165639 25.0957 -0.0194193 0.696999 0.716809 191.335 0.218069 0.702636 -0.67731 105.353 0 0 0 1 
Seq_Frame0094_DriverToReference-SequenceTransformStatus = OK
Seq_Frame0094_Timestamp = 10.822
Seq_Frame0095_DriverToReference-SequenceTransform =-0.977393 0.147965 -0.151026 24.8728 -0.00647803 0.693016 0.720893 190.082 0.211331 0.705575 -0.67639 105.223 0 0 0 1 
Seq_Frame0095_DriverToReference-SequenceTransformStatus = OK
Seq_Frame0095_Timestamp = 10.926
Seq_Frame0096_DriverToReference-SequenceTransform =-0.983088 0.133974 -0.124857 25.416 0.00476222 0.700248 0.713884 189.849 0.183072 0.701216 -0.689043 104.748 0 0 0 1 
Seq_Frame0096_DriverToReference-SequenceTransformStatus = OK
Seq_Frame0096_Timestamp = 11.032
Seq_Frame0097_DriverToReference-SequenceTransform =-0.982355 0.1192 -0.144119 25.0619 -0.021956 0.691749 0.721804 189.871 0.185733 0.712232 -0.676926 104.749 0 0 0 1 
Seq_Frame0097_DriverToReference-SequenceTransformStatus = OK
Seq_Frame0097_Timestamp = 11.142
Seq_Frame0098_DriverToReference-SequenceTransform =-0.986848 0.088413 -0.135328 24.6042 -0.0360551 0.695692 0.717434 188.671 0.157577 0.712878 -0.683355 104.785 0 0 0 1 
Seq_Frame0098_DriverToReference-SequenceTransformStatus = OK
Seq_Frame0098_Timestamp = 11.247
Seq_Frame0099_DriverToReference-SequenceTransform =-0.988289 0.0679662 -0.136625 24.7328 -0.0513725 0.69488 0.717288 187.686 0.143689 0.715907 -0.68325 105.41 0 0 0 1 
Seq_Frame0099_DriverToReference-SequenceTransformStatus = OK
Seq_Frame0099_Timestamp = 11.352
Seq_Frame0100_DriverToReference-SequenceTransform =-0.992226 0.0382379 -0.118425 25.4546 -0.0572909 0.704426 0.707461 186.878 0.110474 0.708746 -0.69676 105.044 0 0 0 1 
Seq_Frame0100_DriverToReference-SequenceTransformStatus = OK
Seq_Frame0100_Timestamp = 11.457
Seq_Frame0101_DriverToReference-SequenceTransform =-0.988939 0.0433054 -0.141858 24.24 -0.0729986 0.69046 0.719677 187.902 0.129113 0.722073 -0.679662 104.614 0 0 0 1 
Seq_Frame0101_DriverToReference-SequenceTransformStatus = OK
Seq_Frame0101_Timestamp = 11.567
Seq_Frame0102_DriverToReference-SequenceTransform =-0.987451 0.0305609 -0.154938 23.8301 -0.0921614 0.685185 0.722515 187.894 0.128242 0.727728 -0.67377 104.416 0 0 0 1 
Seq_Frame0102_DriverToReference-SequenceTransformStatus = OK
Seq_Frame0102_Timestamp = 11.672
Seq_Frame0103_DriverToReference-SequenceTransform =-0.98317 0.0085701 -0.182493 23.5824 -0.12881 0.675851 0.725695 188.105 0.129557 0.736988 -0.663373 104.143 0 0 0 1 
Seq_Frame0103_DriverToReference-SequenceTransformStatus = OK
Seq_Frame0103_Timestamp = 11.777
Seq_Frame0104_DriverToReference-SequenceTransform =-0.973163 -0.0185185 -0.22937 21.0041 -0.182341 0.670097 0.719529 188 0.140375 0.742042 -0.655491 103.651 0 0 0 1 
Seq_Frame0104_DriverToReference-SequenceTransformStatus = OK
Seq_Frame0104_Timestamp = 11.885
Seq_Frame0105_DriverToReference-SequenceTransform =-0.921332 -0.138162 -0.363399 17.0892 -0.358704 0.662563 0.657527 189.366 0.149929 0.736154 -0.659999 104.372 0 0 0 1 
Seq_Frame0105_DriverToReference-SequenceTransformStatus = OK
Seq_Frame0105_Timestamp = 11.987
Seq_Frame0106_DriverToReference-SequenceTransform =-0.765585 -0.307118 -0.565295 6.4155 -0.620638 0.583923 0.523299 193.428 0.169374 0.751474 -0.637652 106.008 0 0 0 1 
Seq_Frame0106_DriverToReference-SequenceTransformStatus = OK
Seq_Frame0106_Timestamp = 12.098
Seq_Frame0107_DriverToReference-SequenceTransform =-0.549141 -0.432749 -0.714963 -2.42892 -0.81313 0.474263 0.337481 196.198 0.193036 0.766683 -0.612319 108.218 0 0 0 1 
Seq_Frame0107_DriverToReference-SequenceTransformStatus = OK
Seq_Frame0107_Timestamp = 12.202
Seq_Frame0108_DriverToReference-SequenceTransform =-0.400296 -0.499129 -0.768527 -5.21544 -0.894182 0.396244 0.208399 203.66 0.200506 0.770624 -0.604926 117.113 0 0 0 1 
Seq_Frame0108_DriverToReference-SequenceTransformStatus = OK
Seq_Frame0108_Timestamp = 12.307
Seq_Frame0109_DriverToReference-SequenceTransform =-0.257737 -0.546354 -0.796912 -5.69768 -0.937917 0.339618 0.0705028 215.523 0.232126 0.765609 -0.599967 131.255 0 0 0 1 
Seq_Frame0109_DriverToReference-SequenceTransformStatus = OK
Seq_Frame0109_Timestamp = 12.417
Seq_Frame0110_DriverToReference-SequenceTransform =-0.318457 -0.572417 -0.755595 3.01095 -0.919861 0.379166 0.100444 225.094 0.229 0.727029 -0.647292 144.384 0 0 0 1 
Seq_Frame0110_DriverToReference-SequenceTransformStatus = OK
Seq_Frame0110_Timestamp = 12.522
Seq_Frame0111_DriverToReference-SequenceTransform =-0.33054 -0.579991 -0.744549 2.18926 -0.924684 0.356953 0.13245 241.431 0.188949 0.732253 -0.654296 161.412 0 0 0 1 
Seq_Frame0111_DriverToReference-SequenceTransformStatus = OK
Seq_Frame0111_Timestamp = 12.632
Seq_Frame0112_DriverToReference-SequenceTransform =-0.346232 -0.509079 -0.788011 -17.5238 -0.930412 0.293985 0.218876 270.392 0.120239 0.808957 -0.57544 178.182 0 0 0 1 
Seq_Frame0112_DriverToReference-SequenceTransformStatus = OK
Seq_Frame0112_Timestamp = 12.737
Seq_Frame0113_DriverToReference-SequenceTransform =-0.478269 -0.464675 -0.745209 -16.2434 -0.875698 0.316511 0.364656 290.841 0.0664198 0.826981 -0.558292 189.218 0 0 0 1 
Seq_Frame0113_DriverToReference-SequenceTransformStatus = OK
Seq_Frame0113_Timestamp = 12.842
Seq_Frame0114_DriverToReference-SequenceTransform =-0.700084 -0.42269 -0.575513 17.0665 -0.71377 0.437246 0.547128 277.081 0.0203749 0.793819 -0.607812 187.743 0 0 0 1 
Seq_Frame0114_DriverToReference-SequenceTransformStatus = OK
Seq_Frame0114_Timestamp = 12.947
Seq_Frame0115_DriverToReference-SequenceTransform =-0.86387 -0.409755 -0.292966 46.2206 -0.497714 0.604853 0.621637 257.944 -0.0775174 0.682827 -0.726456 182.439 0 0 0 1 
Seq_Frame0115_DriverToReference-SequenceTransformStatus = OK
Seq_Frame0115_Timestamp = 13.052
Seq_Frame0116_DriverToReference-SequenceTransform =-0.930512 -0.365911 -0.0160008 71.4028 -0.298562 0.732489 0.611818 234.123 -0.21215 0.574081 -0.790837 180.743 0 0 0 1 
Seq_Frame0116_DriverToReference-SequenceTransformStatus = OK
Seq_Frame0116_Timestamp = 13.157
Seq_Frame0117_DriverToReference-SequenceTransform =-0.914589 -0.359411 0.185341 81.7377 -0.200462 0.801007 0.564094 217.886 -0.351201 0.47876 -0.804641 182.999 0 0 0 1 
Seq_Frame0117_DriverToReference-SequenceTransformStatus = OK
Seq_Frame0117_Timestamp = 13.267
Seq_Frame0118_DriverToReference-SequenceTransform =-0.884949 -0.397763 0.242177 74.1684 -0.205981 0.800737 0.562487 210.953 -0.417657 0.447888 -0.790543 182.75 0 0 0 1 
Seq_Frame0118_DriverToReference-SequenceTransformStatus = OK
Seq_Frame0118_Timestamp = 13.401
Seq_Frame0119_DriverToReference-SequenceTransform =-0.858596 -0.441513 0.260535 67.3726 -0.234783 0.790432 0.565768 211.026 -0.455729 0.424598 -0.782322 184.97 0 0 0 1 
Seq_Frame0119_DriverToReference-SequenceTransformStatus = OK
Seq_Frame0119_Timestamp = 13.506
Seq_Frame0120_DriverToReference-SequenceTransform =-0.829387 -0.48336 0.280143 65.8661 -0.253138 0.772153 0.582839 212.8 -0.498034 0.412484 -0.76277 192.761 0 0 0 1 
Seq_Frame0120_DriverToReference-SequenceTransformStatus = OK
Seq_Frame0120_Timestamp = 13.612
Seq_Frame0121_DriverToReference-SequenceTransform =-0.83861 -0.483353 0.251202 66.5373 -0.277131 0.775578 0.567165 213.738 -0.468968 0.406015 -0.78436 202.342 0 0 0 1 
Seq_Frame0121_DriverToReference-SequenceTransformStatus = OK
Seq_Frame0121_Timestamp = 13.721
Seq_Frame0122_DriverToReference-SequenceTransform =-0.823055 -0.497975 0.273132 71.7566 -0.287885 0.780323 0.555174 214.206 -0.489594 0.378309 -0.785608 209.052 0 0 0 1 
Seq_Frame0122_DriverToReference-SequenceTransformStatus = OK
Seq_Frame0122_Timestamp = 13.827
Seq_Frame0123_DriverToReference-SequenceTransform =-0.820258 -0.506707 0.265376 79.6165 -0.289676 0.768046 0.571133 216.208 -0.493219 0.391604 -0.776777 207.939 0 0 0 1 
Seq_Frame0123_DriverToReference-SequenceTransformStatus = OK
Seq_Frame0123_Timestamp = 13.936
Seq_Frame0124_DriverToReference-SequenceTransform =-0.831271 -0.502544 0.237567 86.3669 -0.295885 0.761837 0.576244 217.323 -0.470575 0.408722 -0.781988 204.128 0 0 0 1 
Seq_Frame0124_DriverToReference-SequenceTransformStatus = OK
Seq_Frame0124_Timestamp = 14.042
Seq_Frame0125_DriverToReference-SequenceTransform =-0.831733 -0.495632 0.250139 87.6062 -0.276268 0.76031 0.587882 218.545 -0.481556 0.419855 -0.769302 203.181 0 0 0 1 
Seq_Frame0125_DriverToReference-SequenceTransformStatus = OK
Seq_Frame0125_Timestamp = 14.152
Seq_Frame0126_DriverToReference-SequenceTransform =-0.838312 -0.478095 0.262028 82.0914 -0.253487 0.767312 0.589047 218.313 -0.482678 0.427384 -0.764438 204.887 0 0 0 1 
Seq_Frame0126_DriverToReference-SequenceTransformStatus = OK
Seq_Frame0126_Timestamp = 14.257
Seq_Frame0127_DriverToReference-SequenceTransform =-0.84334 -0.46157 0.275193 77.9812 -0.229605 0.772501 0.59205 220.127 -0.485859 0.436114 -0.75746 208.999 0 0 0 1 
Seq_Frame0127_DriverToReference-SequenceTransformStatus = OK
Seq_Frame0127_Timestamp = 14.361
Seq_Frame0128_DriverToReference-SequenceTransform =-0.820567 -0.475963 0.316431 77.267 -0.23772 0.787691 0.568359 219.344 -0.519768 0.391155 -0.759499 214.325 0 0 0 1 
Seq_Frame0128_DriverToReference-SequenceTransformStatus = OK
Seq_Frame0128_Timestamp = 14.467
Seq_Frame0129_DriverToReference-SequenceTransform =-0.838867 -0.45878 0.292954 79.9456 -0.2332 0.789192 0.568149 217.924 -0.491853 0.408285 -0.769015 216.66 0 0 0 1 
Seq_Frame0129_DriverToReference-SequenceTransformStatus = OK
Seq_Frame0129_Timestamp = 14.577
Seq_Frame0130_DriverToReference-SequenceTransform =-0.860002 -0.435846 0.265397 81.1189 -0.199616 0.765982 0.611085 215.59 -0.469628 0.472557 -0.745747 215.334 0 0 0 1 
Seq_Frame0130_DriverToReference-SequenceTransformStatus = OK
Seq_Frame0130_Timestamp = 14.682
Seq_Frame0131_DriverToReference-SequenceTransform =-0.823968 -0.461233 0.329152 86.0496 -0.222775 0.797797 0.56026 214.897 -0.521007 0.388309 -0.76011 222.939 0 0 0 1 
Seq_Frame0131_DriverToReference-SequenceTransformStatus = OK
Seq_Frame0131_Timestamp = 14.787
Seq_Frame0132_DriverToReference-SequenceTransform =-0.820864 -0.419312 0.387762 89.3116 -0.275671 0.885516 0.373988 214.879 -0.500187 0.200099 -0.84248 241.081 0 0 0 1 
Seq_Frame0132_DriverToReference-SequenceTransformStatus = OK
Seq_Frame0132_Timestamp = 15.151
Seq_Frame0133_DriverToReference-SequenceTransform =-0.869544 -0.40856 0.277438 87.7103 -0.224315 0.827229 0.515145 215.059 -0.439972 0.385708 -0.810958 237.571 0 0 0 1 
Seq_Frame0133_DriverToReference-SequenceTransformStatus = OK
Seq_Frame0133_Timestamp = 15.257
Seq_Frame0134_DriverToReference-SequenceTransform =-0.851465 -0.392234 0.34808 85.5012 -0.151793 0.819679 0.552345 212.895 -0.501962 0.417466 -0.757467 237.116 0 0 0 1 
Seq_Frame0134_DriverToReference-SequenceTransformStatus = OK
Seq_Frame0134_Timestamp = 15.362
Seq_Frame0135_DriverToReference-SequenceTransform =-0.844919 -0.52375 0.108622 75.4247 -0.426592 0.782314 0.453877 214.752 -0.322694 0.337152 -0.884419 225.948 0 0 0 1 
Seq_Frame0135_DriverToReference-SequenceTransformStatus = OK
Seq_Frame0135_Timestamp = 15.996
Seq_Frame0136_DriverToReference-SequenceTransform =-0.756689 -0.650377 -0.0665643 65.6213 -0.641143 0.718295 0.270162 219.366 -0.127894 0.247106 -0.960511 215.315 0 0 0 1 
Seq_Frame0136_DriverToReference-SequenceTransformStatus = OK
Seq_Frame0136_Timestamp = 16.107
Seq_Frame0137_DriverToReference-SequenceTransform =-0.642042 -0.73038 -0.23308 59.7293 -0.75513 0.654994 0.0275873 214.463 0.132517 0.193718 -0.972066 212.515 0 0 0 1 
Seq_Frame0137_DriverToReference-SequenceTransformStatus = OK
Seq_Frame0137_Timestamp = 16.212
Seq_Frame0138_DriverToReference-SequenceTransform =-0.754363 -0.563237 -0.337196 65.8474 -0.655094 0.678992 0.331394 215.761 0.0423004 0.470886 -0.881179 211.157 0 0 0 1 
Seq_Frame0138_DriverToReference-SequenceTransformStatus = OK
Seq_Frame0138_Timestamp = 16.317
Seq_Frame0139_DriverToReference-SequenceTransform =-0.79155 -0.609389 -0.0457581 70.7652 -0.537331 0.658374 0.527086 213.624 -0.291075 0.441802 -0.848579 216.968 0 0 0 1 
Seq_Frame0139_DriverToReference-SequenceTransformStatus = OK
Seq_Frame0139_Timestamp = 17.582
Seq_Frame0140_DriverToReference-SequenceTransform =-0.79155 -0.609389 -0.0457581 70.7652 -0.537331 0.658374 0.527086 213.624 -0.291075 0.441802 -0.848579 216.968 0 0 0 1 
Seq_Frame0140_DriverToReference-SequenceTransformStatus = OK
Seq_Frame0140_Timestamp = 17.687
Seq_Frame0141_DriverToReference-SequenceTransform =-0.79155 -0.609389 -0.0457581 70.7652 -0.537331 0.658374 0.527086 213.624 -0.291075 0.441802 -0.848579 216.968 0 0 0 1 
Seq_Frame0141_DriverToReference-SequenceTransformStatus = OK
Seq_Frame0141_Timestamp = 17.792
Seq_Frame0142_DriverToReference-SequenceTransform =0.825659 -0.246564 0.507438 30.9673 -0.442861 -0.84048 0.312197 185.581 0.349515 -0.482493 -0.803144 193.445 0 0 0 1 
Seq_Frame0142_DriverToReference-SequenceTransformStatus = OK
Seq_Frame0142_Timestamp = 17.902
Seq_Frame0143_DriverToReference-SequenceTransform =0.872233 -0.273636 0.40538 32.6416 -0.424905 -0.834417 0.351003 185.665 0.242209 -0.478405 -0.844076 192.661 0 0 0 1 
Seq_Frame0143_DriverToReference-SequenceTransformStatus = OK
Seq_Frame0143_Timestamp = 18.007
Seq_Frame0144_DriverToReference-SequenceTransform =-0.155905 0.916731 -0.367828 41.5322 0.0355964 -0.366925 -0.929569 163.719 -0.98713 -0.158018 0.024573 157.468 0 0 0 1 
Seq_Frame0144_DriverToReference-SequenceTransformStatus = OK
Seq_Frame0144_Timestamp = 18.117
Seq_Frame0145_DriverToReference-SequenceTransform =-0.152109 0.916912 -0.368966 41.1209 0.0333038 -0.368343 -0.929093 163.937 -0.987802 -0.153612 0.0254916 155.254 0 0 0 1 
Seq_Frame0145_DriverToReference-SequenceTransformStatus = OK
Seq_Frame0145_Timestamp = 18.222
Seq_Frame0146_DriverToReference-SequenceTransform =-0.152109 0.916912 -0.368966 41.1209 0.0333038 -0.368343 -0.929093 163.937 -0.987802 -0.153612 0.0254916 155.254 0 0 0 1 
Seq_Frame0146_DriverToReference-SequenceTransformStatus = OK
Seq_Frame0146_Timestamp = 18.372
Seq_Frame0147_DriverToReference-SequenceTransform =-0.152109 0.916912 -0.368966 41.1209 0.0333038 -0.368343 -0.929093 163.937 -0.987802 -0.153612 0.0254916 155.254 0 0 0 1 
Seq_Frame0147_DriverToReference-SequenceTransformStatus = OK
Seq_Frame0147_Timestamp = 18.477
Seq_Frame0148_DriverToReference-SequenceTransform =-0.152109 0.916912 -0.368966 41.1209 0.0333038 -0.368343 -0.929093 163.937 -0.987802 -0.153612 0.0254916 155.254 0 0 0 1 
Seq_Frame0148_DriverToReference-SequenceTransformStatus = OK
Seq_Frame0148_Timestamp = 18.606
Seq_Frame0149_DriverToReference-SequenceTransform =-0.152109 0.916912 -0.368966 41.1209 0.0333038 -0.368343 -0.929093 163.937 -0.987802 -0.153612 0.0254916 155.254 0 0 0 1 
Seq_Frame0149_DriverToReference-SequenceTransformStatus = OK
Seq_Frame0149_Timestamp = 18.716
Seq_Frame0150_DriverToReference-SequenceTransform =-0.152109 0.916912 -0.368966 41.1209 0.0333038 -0.368343 -0.929093 163.937 -0.987802 -0.153612 0.0254916 155.254 0 0 0 1 
Seq_Frame0150_DriverToReference-SequenceTransformStatus = OK
Seq_Frame0150_Timestamp = 18.821
