ObjectType = Image
NDims = 3
AnatomicalOrientation = RAI
BinaryData = True
CompressedData = False
DimSize = 0 0 1948
ElementSpacing = 1 1 1
Offset = 0 0 0
TransformMatrix = 1 0 0 0 1 0 0 0 1
ElementType = MET_UCHAR
Kinds = domain domain list
Seq_Frame0000_DriverToReference-SequenceTransform =0.49452 0.784796 -0.373557 44.4367 -0.835093 0.548171 0.0461289 46.4561 0.240975 0.289144 0.926459 75.2533 0 0 0 1 
Seq_Frame0000_DriverToReference-SequenceTransformStatus = OK
Seq_Frame0000_Timestamp = 0.00200009
Seq_Frame0001_DriverToReference-SequenceTransform =0.496043 0.785195 -0.37069 44.4656 -0.834484 0.549077 0.0463799 46.4327 0.239954 0.286328 0.927598 75.3273 0 0 0 1 
Seq_Frame0001_DriverToReference-SequenceTransformStatus = OK
Seq_Frame0001_Timestamp = 0.108
Seq_Frame0002_DriverToReference-SequenceTransform =0.496725 0.785434 -0.369266 44.4788 -0.834067 0.549645 0.0471411 46.4536 0.239991 0.284576 0.928127 75.3167 0 0 0 1 
Seq_Frame0002_DriverToReference-SequenceTransformStatus = OK
Seq_Frame0002_Timestamp = 0.211
Seq_Frame0003_DriverToReference-SequenceTransform =0.495323 0.784689 -0.372718 44.4173 -0.833385 0.550327 0.0510862 46.4722 0.245203 0.285313 0.926537 75.1329 0 0 0 1 
Seq_Frame0003_DriverToReference-SequenceTransformStatus = OK
Seq_Frame0003_Timestamp = 0.313
Seq_Frame0004_DriverToReference-SequenceTransform =0.494424 0.784453 -0.374405 44.4403 -0.833882 0.549636 0.0504044 46.4664 0.245326 0.287288 0.925894 75.2413 0 0 0 1 
Seq_Frame0004_DriverToReference-SequenceTransformStatus = OK
Seq_Frame0004_Timestamp = 0.418
Seq_Frame0005_DriverToReference-SequenceTransform =0.494162 0.785437 -0.372683 44.5197 -0.836378 0.546485 0.0427262 45.9406 0.237225 0.290591 0.926974 75.6858 0 0 0 1 
Seq_Frame0005_DriverToReference-SequenceTransformStatus = OK
Seq_Frame0005_Timestamp = 0.518
Seq_Frame0006_DriverToReference-SequenceTransform =0.49253 0.795441 -0.353112 46.8349 -0.841086 0.539294 0.0416762 45.6359 0.223582 0.276471 0.934652 76.5643 0 0 0 1 
Seq_Frame0006_DriverToReference-SequenceTransformStatus = OK
Seq_Frame0006_Timestamp = 1.073
Seq_Frame0007_DriverToReference-SequenceTransform =0.49253 0.795441 -0.353112 46.8349 -0.841086 0.539294 0.0416762 45.6359 0.223582 0.276471 0.934652 76.5643 0 0 0 1 
Seq_Frame0007_DriverToReference-SequenceTransformStatus = OK
Seq_Frame0007_Timestamp = 1.173
Seq_Frame0008_DriverToReference-SequenceTransform =0.49253 0.795441 -0.353112 46.8349 -0.841086 0.539294 0.0416762 45.6359 0.223582 0.276471 0.934652 76.5643 0 0 0 1 
Seq_Frame0008_DriverToReference-SequenceTransformStatus = OK
Seq_Frame0008_Timestamp = 1.274
Seq_Frame0009_DriverToReference-SequenceTransform =0.49253 0.795441 -0.353112 46.8349 -0.841086 0.539294 0.0416762 45.6359 0.223582 0.276471 0.934652 76.5643 0 0 0 1 
Seq_Frame0009_DriverToReference-SequenceTransformStatus = OK
Seq_Frame0009_Timestamp = 1.493
Seq_Frame0010_DriverToReference-SequenceTransform =0.49253 0.795441 -0.353112 46.8349 -0.841086 0.539294 0.0416762 45.6359 0.223582 0.276471 0.934652 76.5643 0 0 0 1 
Seq_Frame0010_DriverToReference-SequenceTransformStatus = OK
Seq_Frame0010_Timestamp = 1.603
Seq_Frame0011_DriverToReference-SequenceTransform =0.0851105 -0.0787504 -0.993255 24.3412 0.472614 -0.8744 0.109825 185.163 -0.87715 -0.478773 -0.037202 66.3089 0 0 0 1 
Seq_Frame0011_DriverToReference-SequenceTransformStatus = OK
Seq_Frame0011_Timestamp = 1.703
Seq_Frame0012_DriverToReference-SequenceTransform =0.0452348 0.0728815 -0.996314 5.81425 0.489475 -0.87103 -0.0414936 241.349 -0.870843 -0.485794 -0.0750745 89.3273 0 0 0 1 
Seq_Frame0012_DriverToReference-SequenceTransformStatus = OK
Seq_Frame0012_Timestamp = 1.804
Seq_Frame0013_DriverToReference-SequenceTransform =0.0745018 0.101333 -0.992059 -5.01471 0.57373 -0.818044 -0.0404726 272.475 -0.815649 -0.566159 -0.119084 124.789 0 0 0 1 
Seq_Frame0013_DriverToReference-SequenceTransformStatus = OK
Seq_Frame0013_Timestamp = 1.911
Seq_Frame0014_DriverToReference-SequenceTransform =0.0885602 0.0886069 -0.992122 -6.14948 0.597096 -0.801961 -0.0183246 278.132 -0.797266 -0.590769 -0.123929 135.762 0 0 0 1 
Seq_Frame0014_DriverToReference-SequenceTransformStatus = OK
Seq_Frame0014_Timestamp = 2.019
Seq_Frame0015_DriverToReference-SequenceTransform =0.189044 0.160128 -0.968825 -10.2884 0.449798 -0.891145 -0.0595215 291.316 -0.872894 -0.424523 -0.240491 160.621 0 0 0 1 
Seq_Frame0015_DriverToReference-SequenceTransformStatus = OK
Seq_Frame0015_Timestamp = 2.134
Seq_Frame0016_DriverToReference-SequenceTransform =0.30817 0.14358 -0.940434 -10.3702 0.486357 -0.873373 0.0260324 296.267 -0.817612 -0.465409 -0.338978 170.271 0 0 0 1 
Seq_Frame0016_DriverToReference-SequenceTransformStatus = OK
Seq_Frame0016_Timestamp = 2.238
Seq_Frame0017_DriverToReference-SequenceTransform =0.276969 0.127748 -0.952349 -10.4316 0.497658 -0.866906 0.0284461 297.908 -0.821964 -0.481823 -0.303681 172.096 0 0 0 1 
Seq_Frame0017_DriverToReference-SequenceTransformStatus = OK
Seq_Frame0017_Timestamp = 2.343
Seq_Frame0018_DriverToReference-SequenceTransform =0.276969 0.127748 -0.952349 -10.4316 0.497658 -0.866906 0.0284461 297.908 -0.821964 -0.481823 -0.303681 172.096 0 0 0 1 
Seq_Frame0018_DriverToReference-SequenceTransformStatus = OK
Seq_Frame0018_Timestamp = 2.452
Seq_Frame0019_DriverToReference-SequenceTransform =0.391422 0.195049 -0.899302 -2.88288 0.534173 -0.843927 0.0494606 291.596 -0.749299 -0.499743 -0.434522 180.173 0 0 0 1 
Seq_Frame0019_DriverToReference-SequenceTransformStatus = OK
Seq_Frame0019_Timestamp = 2.558
Seq_Frame0020_DriverToReference-SequenceTransform =0.244616 0.42429 -0.87186 1.23204 0.561952 -0.794803 -0.229124 301.029 -0.790172 -0.433896 -0.432853 176.13 0 0 0 1 
Seq_Frame0020_DriverToReference-SequenceTransformStatus = OK
Seq_Frame0020_Timestamp = 2.664
Seq_Frame0021_DriverToReference-SequenceTransform =0.301393 0.443301 -0.844184 11.2287 0.419561 -0.856693 -0.300077 298.216 -0.85623 -0.263745 -0.444193 176.028 0 0 0 1 
Seq_Frame0021_DriverToReference-SequenceTransformStatus = OK
Seq_Frame0021_Timestamp = 2.774
Seq_Frame0022_DriverToReference-SequenceTransform =0.095442 0.513404 -0.852823 13.0332 0.298909 -0.831978 -0.467403 306.753 -0.949497 -0.210307 -0.232867 163.716 0 0 0 1 
Seq_Frame0022_DriverToReference-SequenceTransformStatus = OK
Seq_Frame0022_Timestamp = 2.874
Seq_Frame0023_DriverToReference-SequenceTransform =-0.0371689 0.488007 -0.872048 24.8806 0.261023 -0.837615 -0.479863 309.924 -0.964617 -0.245461 -0.096248 162.4 0 0 0 1 
Seq_Frame0023_DriverToReference-SequenceTransformStatus = OK
Seq_Frame0023_Timestamp = 2.983
Seq_Frame0024_DriverToReference-SequenceTransform =-0.117506 0.470693 -0.874437 47.632 0.161995 -0.859658 -0.484506 305.185 -0.97977 -0.198587 0.0247654 162.687 0 0 0 1 
Seq_Frame0024_DriverToReference-SequenceTransformStatus = OK
Seq_Frame0024_Timestamp = 3.088
Seq_Frame0025_DriverToReference-SequenceTransform =-0.119519 0.466568 -0.876373 73.6404 0.118428 -0.869698 -0.479166 302.494 -0.985743 -0.161057 0.0486907 161.638 0 0 0 1 
Seq_Frame0025_DriverToReference-SequenceTransformStatus = OK
Seq_Frame0025_Timestamp = 3.194
Seq_Frame0026_DriverToReference-SequenceTransform =-0.126664 0.518102 -0.845888 90.3342 -0.0514769 -0.855041 -0.516 295.122 -0.990609 -0.0218149 0.134973 167.573 0 0 0 1 
Seq_Frame0026_DriverToReference-SequenceTransformStatus = OK
Seq_Frame0026_Timestamp = 3.302
Seq_Frame0027_DriverToReference-SequenceTransform =-0.147979 0.6404 -0.753651 88.0339 -0.276562 -0.758434 -0.590162 291.721 -0.949534 0.1211 0.289343 167.594 0 0 0 1 
Seq_Frame0027_DriverToReference-SequenceTransformStatus = OK
Seq_Frame0027_Timestamp = 3.613
Seq_Frame0028_DriverToReference-SequenceTransform =-0.147979 0.6404 -0.753651 88.0339 -0.276562 -0.758434 -0.590162 291.721 -0.949534 0.1211 0.289343 167.594 0 0 0 1 
Seq_Frame0028_DriverToReference-SequenceTransformStatus = OK
Seq_Frame0028_Timestamp = 3.714
Seq_Frame0029_DriverToReference-SequenceTransform =0.302372 -0.570621 0.76352 38.799 0.948611 0.258563 -0.182434 258.974 -0.0933167 0.779446 0.61948 243.008 0 0 0 1 
Seq_Frame0029_DriverToReference-SequenceTransformStatus = OK
Seq_Frame0029_Timestamp = 3.819
Seq_Frame0030_DriverToReference-SequenceTransform =0.290476 -0.625098 0.724483 38.0103 0.950443 0.27617 -0.142788 258.036 -0.110825 0.730056 0.674341 245.613 0 0 0 1 
Seq_Frame0030_DriverToReference-SequenceTransformStatus = OK
Seq_Frame0030_Timestamp = 6.313
Seq_Frame0031_DriverToReference-SequenceTransform =0.290476 -0.625098 0.724483 38.0103 0.950443 0.27617 -0.142788 258.036 -0.110825 0.730056 0.674341 245.613 0 0 0 1 
Seq_Frame0031_DriverToReference-SequenceTransformStatus = OK
Seq_Frame0031_Timestamp = 6.418
Seq_Frame0032_DriverToReference-SequenceTransform =0.290476 -0.625098 0.724483 38.0103 0.950443 0.27617 -0.142788 258.036 -0.110825 0.730056 0.674341 245.613 0 0 0 1 
Seq_Frame0032_DriverToReference-SequenceTransformStatus = OK
Seq_Frame0032_Timestamp = 6.518
Seq_Frame0033_DriverToReference-SequenceTransform =0.290476 -0.625098 0.724483 38.0103 0.950443 0.27617 -0.142788 258.036 -0.110825 0.730056 0.674341 245.613 0 0 0 1 
Seq_Frame0033_DriverToReference-SequenceTransformStatus = OK
Seq_Frame0033_Timestamp = 6.62
Seq_Frame0034_DriverToReference-SequenceTransform =0.290476 -0.625098 0.724483 38.0103 0.950443 0.27617 -0.142788 258.036 -0.110825 0.730056 0.674341 245.613 0 0 0 1 
Seq_Frame0034_DriverToReference-SequenceTransformStatus = OK
Seq_Frame0034_Timestamp = 6.728
Seq_Frame0035_DriverToReference-SequenceTransform =0.290476 -0.625098 0.724483 38.0103 0.950443 0.27617 -0.142788 258.036 -0.110825 0.730056 0.674341 245.613 0 0 0 1 
Seq_Frame0035_DriverToReference-SequenceTransformStatus = OK
Seq_Frame0035_Timestamp = 6.834
Seq_Frame0036_DriverToReference-SequenceTransform =0.290476 -0.625098 0.724483 38.0103 0.950443 0.27617 -0.142788 258.036 -0.110825 0.730056 0.674341 245.613 0 0 0 1 
Seq_Frame0036_DriverToReference-SequenceTransformStatus = OK
Seq_Frame0036_Timestamp = 6.936
Seq_Frame0037_DriverToReference-SequenceTransform =0.290476 -0.625098 0.724483 38.0103 0.950443 0.27617 -0.142788 258.036 -0.110825 0.730056 0.674341 245.613 0 0 0 1 
Seq_Frame0037_DriverToReference-SequenceTransformStatus = OK
Seq_Frame0037_Timestamp = 7.044
Seq_Frame0038_DriverToReference-SequenceTransform =0.290476 -0.625098 0.724483 38.0103 0.950443 0.27617 -0.142788 258.036 -0.110825 0.730056 0.674341 245.613 0 0 0 1 
Seq_Frame0038_DriverToReference-SequenceTransformStatus = OK
Seq_Frame0038_Timestamp = 7.148
Seq_Frame0039_DriverToReference-SequenceTransform =0.290476 -0.625098 0.724483 38.0103 0.950443 0.27617 -0.142788 258.036 -0.110825 0.730056 0.674341 245.613 0 0 0 1 
Seq_Frame0039_DriverToReference-SequenceTransformStatus = OK
Seq_Frame0039_Timestamp = 7.253
Seq_Frame0040_DriverToReference-SequenceTransform =0.290476 -0.625098 0.724483 38.0103 0.950443 0.27617 -0.142788 258.036 -0.110825 0.730056 0.674341 245.613 0 0 0 1 
Seq_Frame0040_DriverToReference-SequenceTransformStatus = OK
Seq_Frame0040_Timestamp = 7.36
Seq_Frame0041_DriverToReference-SequenceTransform =0.290476 -0.625098 0.724483 38.0103 0.950443 0.27617 -0.142788 258.036 -0.110825 0.730056 0.674341 245.613 0 0 0 1 
Seq_Frame0041_DriverToReference-SequenceTransformStatus = OK
Seq_Frame0041_Timestamp = 7.466
Seq_Frame0042_DriverToReference-SequenceTransform =0.290476 -0.625098 0.724483 38.0103 0.950443 0.27617 -0.142788 258.036 -0.110825 0.730056 0.674341 245.613 0 0 0 1 
Seq_Frame0042_DriverToReference-SequenceTransformStatus = OK
Seq_Frame0042_Timestamp = 7.575
Seq_Frame0043_DriverToReference-SequenceTransform =0.290476 -0.625098 0.724483 38.0103 0.950443 0.27617 -0.142788 258.036 -0.110825 0.730056 0.674341 245.613 0 0 0 1 
Seq_Frame0043_DriverToReference-SequenceTransformStatus = OK
Seq_Frame0043_Timestamp = 7.68
Seq_Frame0044_DriverToReference-SequenceTransform =0.290476 -0.625098 0.724483 38.0103 0.950443 0.27617 -0.142788 258.036 -0.110825 0.730056 0.674341 245.613 0 0 0 1 
Seq_Frame0044_DriverToReference-SequenceTransformStatus = OK
Seq_Frame0044_Timestamp = 7.785
Seq_Frame0045_DriverToReference-SequenceTransform =0.290476 -0.625098 0.724483 38.0103 0.950443 0.27617 -0.142788 258.036 -0.110825 0.730056 0.674341 245.613 0 0 0 1 
Seq_Frame0045_DriverToReference-SequenceTransformStatus = OK
Seq_Frame0045_Timestamp = 7.893
Seq_Frame0046_DriverToReference-SequenceTransform =0.290476 -0.625098 0.724483 38.0103 0.950443 0.27617 -0.142788 258.036 -0.110825 0.730056 0.674341 245.613 0 0 0 1 
Seq_Frame0046_DriverToReference-SequenceTransformStatus = OK
Seq_Frame0046_Timestamp = 7.999
Seq_Frame0047_DriverToReference-SequenceTransform =0.290476 -0.625098 0.724483 38.0103 0.950443 0.27617 -0.142788 258.036 -0.110825 0.730056 0.674341 245.613 0 0 0 1 
Seq_Frame0047_DriverToReference-SequenceTransformStatus = OK
Seq_Frame0047_Timestamp = 8.109
Seq_Frame0048_DriverToReference-SequenceTransform =0.290476 -0.625098 0.724483 38.0103 0.950443 0.27617 -0.142788 258.036 -0.110825 0.730056 0.674341 245.613 0 0 0 1 
Seq_Frame0048_DriverToReference-SequenceTransformStatus = OK
Seq_Frame0048_Timestamp = 8.214
Seq_Frame0049_DriverToReference-SequenceTransform =0.290476 -0.625098 0.724483 38.0103 0.950443 0.27617 -0.142788 258.036 -0.110825 0.730056 0.674341 245.613 0 0 0 1 
Seq_Frame0049_DriverToReference-SequenceTransformStatus = OK
Seq_Frame0049_Timestamp = 8.861
Seq_Frame0050_DriverToReference-SequenceTransform =0.290476 -0.625098 0.724483 38.0103 0.950443 0.27617 -0.142788 258.036 -0.110825 0.730056 0.674341 245.613 0 0 0 1 
Seq_Frame0050_DriverToReference-SequenceTransformStatus = OK
Seq_Frame0050_Timestamp = 8.967
Seq_Frame0051_DriverToReference-SequenceTransform =0.290476 -0.625098 0.724483 38.0103 0.950443 0.27617 -0.142788 258.036 -0.110825 0.730056 0.674341 245.613 0 0 0 1 
Seq_Frame0051_DriverToReference-SequenceTransformStatus = OK
Seq_Frame0051_Timestamp = 9.072
Seq_Frame0052_DriverToReference-SequenceTransform =0.290476 -0.625098 0.724483 38.0103 0.950443 0.27617 -0.142788 258.036 -0.110825 0.730056 0.674341 245.613 0 0 0 1 
Seq_Frame0052_DriverToReference-SequenceTransformStatus = OK
Seq_Frame0052_Timestamp = 9.18
Seq_Frame0053_DriverToReference-SequenceTransform =0.290476 -0.625098 0.724483 38.0103 0.950443 0.27617 -0.142788 258.036 -0.110825 0.730056 0.674341 245.613 0 0 0 1 
Seq_Frame0053_DriverToReference-SequenceTransformStatus = OK
Seq_Frame0053_Timestamp = 11.086
Seq_Frame0054_DriverToReference-SequenceTransform =0.290476 -0.625098 0.724483 38.0103 0.950443 0.27617 -0.142788 258.036 -0.110825 0.730056 0.674341 245.613 0 0 0 1 
Seq_Frame0054_DriverToReference-SequenceTransformStatus = OK
Seq_Frame0054_Timestamp = 11.194
Seq_Frame0055_DriverToReference-SequenceTransform =0.290476 -0.625098 0.724483 38.0103 0.950443 0.27617 -0.142788 258.036 -0.110825 0.730056 0.674341 245.613 0 0 0 1 
Seq_Frame0055_DriverToReference-SequenceTransformStatus = OK
Seq_Frame0055_Timestamp = 11.298
Seq_Frame0056_DriverToReference-SequenceTransform =0.290476 -0.625098 0.724483 38.0103 0.950443 0.27617 -0.142788 258.036 -0.110825 0.730056 0.674341 245.613 0 0 0 1 
Seq_Frame0056_DriverToReference-SequenceTransformStatus = OK
Seq_Frame0056_Timestamp = 11.407
Seq_Frame0057_DriverToReference-SequenceTransform =0.290476 -0.625098 0.724483 38.0103 0.950443 0.27617 -0.142788 258.036 -0.110825 0.730056 0.674341 245.613 0 0 0 1 
Seq_Frame0057_DriverToReference-SequenceTransformStatus = OK
Seq_Frame0057_Timestamp = 11.51
Seq_Frame0058_DriverToReference-SequenceTransform =0.290476 -0.625098 0.724483 38.0103 0.950443 0.27617 -0.142788 258.036 -0.110825 0.730056 0.674341 245.613 0 0 0 1 
Seq_Frame0058_DriverToReference-SequenceTransformStatus = OK
Seq_Frame0058_Timestamp = 11.62
Seq_Frame0059_DriverToReference-SequenceTransform =0.290476 -0.625098 0.724483 38.0103 0.950443 0.27617 -0.142788 258.036 -0.110825 0.730056 0.674341 245.613 0 0 0 1 
Seq_Frame0059_DriverToReference-SequenceTransformStatus = OK
Seq_Frame0059_Timestamp = 11.723
Seq_Frame0060_DriverToReference-SequenceTransform =0.290476 -0.625098 0.724483 38.0103 0.950443 0.27617 -0.142788 258.036 -0.110825 0.730056 0.674341 245.613 0 0 0 1 
Seq_Frame0060_DriverToReference-SequenceTransformStatus = OK
Seq_Frame0060_Timestamp = 13.06
Seq_Frame0061_DriverToReference-SequenceTransform =0.290476 -0.625098 0.724483 38.0103 0.950443 0.27617 -0.142788 258.036 -0.110825 0.730056 0.674341 245.613 0 0 0 1 
Seq_Frame0061_DriverToReference-SequenceTransformStatus = OK
Seq_Frame0061_Timestamp = 13.166
Seq_Frame0062_DriverToReference-SequenceTransform =0.290476 -0.625098 0.724483 38.0103 0.950443 0.27617 -0.142788 258.036 -0.110825 0.730056 0.674341 245.613 0 0 0 1 
Seq_Frame0062_DriverToReference-SequenceTransformStatus = OK
Seq_Frame0062_Timestamp = 13.276
Seq_Frame0063_DriverToReference-SequenceTransform =0.290476 -0.625098 0.724483 38.0103 0.950443 0.27617 -0.142788 258.036 -0.110825 0.730056 0.674341 245.613 0 0 0 1 
Seq_Frame0063_DriverToReference-SequenceTransformStatus = OK
Seq_Frame0063_Timestamp = 13.379
Seq_Frame0064_DriverToReference-SequenceTransform =0.290476 -0.625098 0.724483 38.0103 0.950443 0.27617 -0.142788 258.036 -0.110825 0.730056 0.674341 245.613 0 0 0 1 
Seq_Frame0064_DriverToReference-SequenceTransformStatus = OK
Seq_Frame0064_Timestamp = 13.485
Seq_Frame0065_DriverToReference-SequenceTransform =0.290476 -0.625098 0.724483 38.0103 0.950443 0.27617 -0.142788 258.036 -0.110825 0.730056 0.674341 245.613 0 0 0 1 
Seq_Frame0065_DriverToReference-SequenceTransformStatus = OK
Seq_Frame0065_Timestamp = 13.594
Seq_Frame0066_DriverToReference-SequenceTransform =0.290476 -0.625098 0.724483 38.0103 0.950443 0.27617 -0.142788 258.036 -0.110825 0.730056 0.674341 245.613 0 0 0 1 
Seq_Frame0066_DriverToReference-SequenceTransformStatus = OK
Seq_Frame0066_Timestamp = 13.699
Seq_Frame0067_DriverToReference-SequenceTransform =0.290476 -0.625098 0.724483 38.0103 0.950443 0.27617 -0.142788 258.036 -0.110825 0.730056 0.674341 245.613 0 0 0 1 
Seq_Frame0067_DriverToReference-SequenceTransformStatus = OK
Seq_Frame0067_Timestamp = 13.806
Seq_Frame0068_DriverToReference-SequenceTransform =0.290476 -0.625098 0.724483 38.0103 0.950443 0.27617 -0.142788 258.036 -0.110825 0.730056 0.674341 245.613 0 0 0 1 
Seq_Frame0068_DriverToReference-SequenceTransformStatus = OK
Seq_Frame0068_Timestamp = 13.91
Seq_Frame0069_DriverToReference-SequenceTransform =0.290476 -0.625098 0.724483 38.0103 0.950443 0.27617 -0.142788 258.036 -0.110825 0.730056 0.674341 245.613 0 0 0 1 
Seq_Frame0069_DriverToReference-SequenceTransformStatus = OK
Seq_Frame0069_Timestamp = 14.016
Seq_Frame0070_DriverToReference-SequenceTransform =0.290476 -0.625098 0.724483 38.0103 0.950443 0.27617 -0.142788 258.036 -0.110825 0.730056 0.674341 245.613 0 0 0 1 
Seq_Frame0070_DriverToReference-SequenceTransformStatus = OK
Seq_Frame0070_Timestamp = 14.123
Seq_Frame0071_DriverToReference-SequenceTransform =0.290476 -0.625098 0.724483 38.0103 0.950443 0.27617 -0.142788 258.036 -0.110825 0.730056 0.674341 245.613 0 0 0 1 
Seq_Frame0071_DriverToReference-SequenceTransformStatus = OK
Seq_Frame0071_Timestamp = 14.226
Seq_Frame0072_DriverToReference-SequenceTransform =0.290476 -0.625098 0.724483 38.0103 0.950443 0.27617 -0.142788 258.036 -0.110825 0.730056 0.674341 245.613 0 0 0 1 
Seq_Frame0072_DriverToReference-SequenceTransformStatus = OK
Seq_Frame0072_Timestamp = 14.332
Seq_Frame0073_DriverToReference-SequenceTransform =0.290476 -0.625098 0.724483 38.0103 0.950443 0.27617 -0.142788 258.036 -0.110825 0.730056 0.674341 245.613 0 0 0 1 
Seq_Frame0073_DriverToReference-SequenceTransformStatus = OK
Seq_Frame0073_Timestamp = 14.439
Seq_Frame0074_DriverToReference-SequenceTransform =0.290476 -0.625098 0.724483 38.0103 0.950443 0.27617 -0.142788 258.036 -0.110825 0.730056 0.674341 245.613 0 0 0 1 
Seq_Frame0074_DriverToReference-SequenceTransformStatus = OK
Seq_Frame0074_Timestamp = 14.543
Seq_Frame0075_DriverToReference-SequenceTransform =0.290476 -0.625098 0.724483 38.0103 0.950443 0.27617 -0.142788 258.036 -0.110825 0.730056 0.674341 245.613 0 0 0 1 
Seq_Frame0075_DriverToReference-SequenceTransformStatus = OK
Seq_Frame0075_Timestamp = 14.652
Seq_Frame0076_DriverToReference-SequenceTransform =0.290476 -0.625098 0.724483 38.0103 0.950443 0.27617 -0.142788 258.036 -0.110825 0.730056 0.674341 245.613 0 0 0 1 
Seq_Frame0076_DriverToReference-SequenceTransformStatus = OK
Seq_Frame0076_Timestamp = 14.762
Seq_Frame0077_DriverToReference-SequenceTransform =0.290476 -0.625098 0.724483 38.0103 0.950443 0.27617 -0.142788 258.036 -0.110825 0.730056 0.674341 245.613 0 0 0 1 
Seq_Frame0077_DriverToReference-SequenceTransformStatus = OK
Seq_Frame0077_Timestamp = 14.865
Seq_Frame0078_DriverToReference-SequenceTransform =0.290476 -0.625098 0.724483 38.0103 0.950443 0.27617 -0.142788 258.036 -0.110825 0.730056 0.674341 245.613 0 0 0 1 
Seq_Frame0078_DriverToReference-SequenceTransformStatus = OK
Seq_Frame0078_Timestamp = 14.971
Seq_Frame0079_DriverToReference-SequenceTransform =0.290476 -0.625098 0.724483 38.0103 0.950443 0.27617 -0.142788 258.036 -0.110825 0.730056 0.674341 245.613 0 0 0 1 
Seq_Frame0079_DriverToReference-SequenceTransformStatus = OK
Seq_Frame0079_Timestamp = 15.079
Seq_Frame0080_DriverToReference-SequenceTransform =0.290476 -0.625098 0.724483 38.0103 0.950443 0.27617 -0.142788 258.036 -0.110825 0.730056 0.674341 245.613 0 0 0 1 
Seq_Frame0080_DriverToReference-SequenceTransformStatus = OK
Seq_Frame0080_Timestamp = 15.182
Seq_Frame0081_DriverToReference-SequenceTransform =0.290476 -0.625098 0.724483 38.0103 0.950443 0.27617 -0.142788 258.036 -0.110825 0.730056 0.674341 245.613 0 0 0 1 
Seq_Frame0081_DriverToReference-SequenceTransformStatus = OK
Seq_Frame0081_Timestamp = 15.289
Seq_Frame0082_DriverToReference-SequenceTransform =0.290476 -0.625098 0.724483 38.0103 0.950443 0.27617 -0.142788 258.036 -0.110825 0.730056 0.674341 245.613 0 0 0 1 
Seq_Frame0082_DriverToReference-SequenceTransformStatus = OK
Seq_Frame0082_Timestamp = 15.394
Seq_Frame0083_DriverToReference-SequenceTransform =0.290476 -0.625098 0.724483 38.0103 0.950443 0.27617 -0.142788 258.036 -0.110825 0.730056 0.674341 245.613 0 0 0 1 
Seq_Frame0083_DriverToReference-SequenceTransformStatus = OK
Seq_Frame0083_Timestamp = 15.498
Seq_Frame0084_DriverToReference-SequenceTransform =0.290476 -0.625098 0.724483 38.0103 0.950443 0.27617 -0.142788 258.036 -0.110825 0.730056 0.674341 245.613 0 0 0 1 
Seq_Frame0084_DriverToReference-SequenceTransformStatus = OK
Seq_Frame0084_Timestamp = 15.607
Seq_Frame0085_DriverToReference-SequenceTransform =0.290476 -0.625098 0.724483 38.0103 0.950443 0.27617 -0.142788 258.036 -0.110825 0.730056 0.674341 245.613 0 0 0 1 
Seq_Frame0085_DriverToReference-SequenceTransformStatus = OK
Seq_Frame0085_Timestamp = 15.71
Seq_Frame0086_DriverToReference-SequenceTransform =0.290476 -0.625098 0.724483 38.0103 0.950443 0.27617 -0.142788 258.036 -0.110825 0.730056 0.674341 245.613 0 0 0 1 
Seq_Frame0086_DriverToReference-SequenceTransformStatus = OK
Seq_Frame0086_Timestamp = 15.817
Seq_Frame0087_DriverToReference-SequenceTransform =0.290476 -0.625098 0.724483 38.0103 0.950443 0.27617 -0.142788 258.036 -0.110825 0.730056 0.674341 245.613 0 0 0 1 
Seq_Frame0087_DriverToReference-SequenceTransformStatus = OK
Seq_Frame0087_Timestamp = 15.923
Seq_Frame0088_DriverToReference-SequenceTransform =0.290476 -0.625098 0.724483 38.0103 0.950443 0.27617 -0.142788 258.036 -0.110825 0.730056 0.674341 245.613 0 0 0 1 
Seq_Frame0088_DriverToReference-SequenceTransformStatus = OK
Seq_Frame0088_Timestamp = 16.029
Seq_Frame0089_DriverToReference-SequenceTransform =0.290476 -0.625098 0.724483 38.0103 0.950443 0.27617 -0.142788 258.036 -0.110825 0.730056 0.674341 245.613 0 0 0 1 
Seq_Frame0089_DriverToReference-SequenceTransformStatus = OK
Seq_Frame0089_Timestamp = 16.137
Seq_Frame0090_DriverToReference-SequenceTransform =0.290476 -0.625098 0.724483 38.0103 0.950443 0.27617 -0.142788 258.036 -0.110825 0.730056 0.674341 245.613 0 0 0 1 
Seq_Frame0090_DriverToReference-SequenceTransformStatus = OK
Seq_Frame0090_Timestamp = 16.348
Seq_Frame0091_DriverToReference-SequenceTransform =0.290476 -0.625098 0.724483 38.0103 0.950443 0.27617 -0.142788 258.036 -0.110825 0.730056 0.674341 245.613 0 0 0 1 
Seq_Frame0091_DriverToReference-SequenceTransformStatus = OK
Seq_Frame0091_Timestamp = 16.456
Seq_Frame0092_DriverToReference-SequenceTransform =0.865384 -0.437364 -0.244587 55.1248 0.250393 -0.0453831 0.96708 202.249 -0.434066 -0.898139 0.0702392 227.474 0 0 0 1 
Seq_Frame0092_DriverToReference-SequenceTransformStatus = OK
Seq_Frame0092_Timestamp = 19.545
Seq_Frame0093_DriverToReference-SequenceTransform =-0.219315 -0.600084 0.769286 50.4469 0.967277 -0.0306323 0.251865 200.751 -0.127575 0.799351 0.587166 238.583 0 0 0 1 
Seq_Frame0093_DriverToReference-SequenceTransformStatus = OK
Seq_Frame0093_Timestamp = 35.473
Seq_Frame0094_DriverToReference-SequenceTransform =0.958913 0.267934 0.0932611 80.6125 -0.218348 0.48712 0.845599 216.403 0.181135 -0.83122 0.525608 199.568 0 0 0 1 
Seq_Frame0094_DriverToReference-SequenceTransformStatus = OK
Seq_Frame0094_Timestamp = 36.383
Seq_Frame0095_DriverToReference-SequenceTransform =0.938293 0.312831 0.147456 81.506 -0.311366 0.578555 0.753873 217.982 0.150523 -0.753267 0.640259 200.22 0 0 0 1 
Seq_Frame0095_DriverToReference-SequenceTransformStatus = OK
Seq_Frame0095_Timestamp = 36.488
Seq_Frame0096_DriverToReference-SequenceTransform =0.957759 0.248438 0.144833 81.4161 -0.259564 0.530032 0.807275 225.594 0.123791 -0.810768 0.572128 197.514 0 0 0 1 
Seq_Frame0096_DriverToReference-SequenceTransformStatus = OK
Seq_Frame0096_Timestamp = 36.594
Seq_Frame0097_DriverToReference-SequenceTransform =0.959697 0.278258 -0.0394287 86.8996 -0.0757941 0.391363 0.91711 236.46 0.270624 -0.877159 0.39668 199.972 0 0 0 1 
Seq_Frame0097_DriverToReference-SequenceTransformStatus = OK
Seq_Frame0097_Timestamp = 36.699
Seq_Frame0098_DriverToReference-SequenceTransform =0.955671 0.257273 0.143191 92.729 -0.272354 0.587628 0.761917 249.795 0.111877 -0.76714 0.631648 188.136 0 0 0 1 
Seq_Frame0098_DriverToReference-SequenceTransformStatus = OK
Seq_Frame0098_Timestamp = 36.807
Seq_Frame0099_DriverToReference-SequenceTransform =-0.163357 -0.0721333 -0.983926 104.493 -0.544077 -0.825365 0.150839 263.018 -0.822979 0.559972 0.0955829 191.647 0 0 0 1 
Seq_Frame0099_DriverToReference-SequenceTransformStatus = OK
Seq_Frame0099_Timestamp = 36.91
Seq_Frame0100_DriverToReference-SequenceTransform =-0.170479 -0.122265 -0.977746 114.018 -0.486625 -0.852378 0.191436 274.519 -0.856816 0.508432 0.085815 194.076 0 0 0 1 
Seq_Frame0100_DriverToReference-SequenceTransformStatus = OK
Seq_Frame0100_Timestamp = 37.017
Seq_Frame0101_DriverToReference-SequenceTransform =-0.140501 -0.184054 -0.972822 125.119 -0.412053 -0.882562 0.226488 288.43 -0.900262 0.432676 0.0481609 197.027 0 0 0 1 
Seq_Frame0101_DriverToReference-SequenceTransformStatus = OK
Seq_Frame0101_Timestamp = 37.123
Seq_Frame0102_DriverToReference-SequenceTransform =-0.133809 -0.220928 -0.966067 134.482 -0.335757 -0.907072 0.253942 303.576 -0.932396 0.358344 0.0471961 198.056 0 0 0 1 
Seq_Frame0102_DriverToReference-SequenceTransformStatus = OK
Seq_Frame0102_Timestamp = 37.227
Seq_Frame0103_DriverToReference-SequenceTransform =-0.118068 -0.228187 -0.966432 145.68 -0.299326 -0.919792 0.253743 319.26 -0.946818 0.319238 0.0402958 199.97 0 0 0 1 
Seq_Frame0103_DriverToReference-SequenceTransformStatus = OK
Seq_Frame0103_Timestamp = 37.333
Seq_Frame0104_DriverToReference-SequenceTransform =-0.109999 -0.214622 -0.970483 154.866 -0.298633 -0.924157 0.238226 332.089 -0.948008 0.316022 0.0375631 200.517 0 0 0 1 
Seq_Frame0104_DriverToReference-SequenceTransformStatus = OK
Seq_Frame0104_Timestamp = 37.44
Seq_Frame0105_DriverToReference-SequenceTransform =-0.109402 -0.199807 -0.973709 164.374 -0.270876 -0.936521 0.22261 345.374 -0.956377 0.288108 0.0483347 200.692 0 0 0 1 
Seq_Frame0105_DriverToReference-SequenceTransformStatus = OK
Seq_Frame0105_Timestamp = 37.545
Seq_Frame0106_DriverToReference-SequenceTransform =-0.0834154 -0.192832 -0.97768 173.585 -0.242582 -0.947657 0.207608 356.889 -0.966538 0.254486 0.0322715 200.613 0 0 0 1 
Seq_Frame0106_DriverToReference-SequenceTransformStatus = OK
Seq_Frame0106_Timestamp = 37.651
Seq_Frame0107_DriverToReference-SequenceTransform =-0.0881307 -0.164684 -0.982401 183.214 -0.235937 -0.954723 0.18121 369.659 -0.967764 0.247755 0.0452854 200.355 0 0 0 1 
Seq_Frame0107_DriverToReference-SequenceTransformStatus = OK
Seq_Frame0107_Timestamp = 37.755
Seq_Frame0108_DriverToReference-SequenceTransform =-0.0772758 -0.141025 -0.986985 192.521 -0.223126 -0.962391 0.154981 380.457 -0.971722 0.232199 0.0429031 200.025 0 0 0 1 
Seq_Frame0108_DriverToReference-SequenceTransformStatus = OK
Seq_Frame0108_Timestamp = 37.863
Seq_Frame0109_DriverToReference-SequenceTransform =-0.0721129 -0.0989865 -0.992472 200.952 -0.231836 -0.966145 0.113206 393.565 -0.970078 0.238254 0.046723 200.734 0 0 0 1 
Seq_Frame0109_DriverToReference-SequenceTransformStatus = OK
Seq_Frame0109_Timestamp = 37.97
Seq_Frame0110_DriverToReference-SequenceTransform =-0.0612093 -0.0787956 -0.99501 207.267 -0.239134 -0.966688 0.0912634 401.36 -0.969055 0.243527 0.0403276 201.559 0 0 0 1 
Seq_Frame0110_DriverToReference-SequenceTransformStatus = OK
Seq_Frame0110_Timestamp = 38.075
Seq_Frame0111_DriverToReference-SequenceTransform =-0.0393421 -0.0859987 -0.995518 213.08 -0.215023 -0.97222 0.0924836 405.445 -0.975816 0.217698 0.0197574 200.649 0 0 0 1 
Seq_Frame0111_DriverToReference-SequenceTransformStatus = OK
Seq_Frame0111_Timestamp = 38.183
Seq_Frame0112_DriverToReference-SequenceTransform =-0.0208626 -0.0877648 -0.995923 219.685 -0.204449 -0.974714 0.0901787 412.013 -0.978655 0.205497 0.00239166 201.563 0 0 0 1 
Seq_Frame0112_DriverToReference-SequenceTransformStatus = OK
Seq_Frame0112_Timestamp = 38.288
Seq_Frame0113_DriverToReference-SequenceTransform =-0.000301814 -0.0615407 -0.998105 226.934 -0.197141 -0.978513 0.0603923 424.018 -0.980375 0.196786 -0.0118369 202.295 0 0 0 1 
Seq_Frame0113_DriverToReference-SequenceTransformStatus = OK
Seq_Frame0113_Timestamp = 38.394
Seq_Frame0114_DriverToReference-SequenceTransform =0.0094001 -0.0368686 -0.999276 233.719 -0.206947 -0.977757 0.0341279 432.929 -0.978307 0.206476 -0.0168209 203.191 0 0 0 1 
Seq_Frame0114_DriverToReference-SequenceTransformStatus = OK
Seq_Frame0114_Timestamp = 38.503
Seq_Frame0115_DriverToReference-SequenceTransform =0.0662518 -0.0330392 -0.997256 243.174 -0.163529 -0.986297 0.0218123 446.935 -0.984311 0.161635 -0.0707468 205.602 0 0 0 1 
Seq_Frame0115_DriverToReference-SequenceTransformStatus = OK
Seq_Frame0115_Timestamp = 38.607
Seq_Frame0116_DriverToReference-SequenceTransform =0.0999 -0.0141616 -0.994897 252.132 -0.148901 -0.988852 -0.000876026 459.955 -0.983793 0.148229 -0.100895 210.059 0 0 0 1 
Seq_Frame0116_DriverToReference-SequenceTransformStatus = OK
Seq_Frame0116_Timestamp = 38.715
Seq_Frame0117_DriverToReference-SequenceTransform =0.114117 -0.00355883 -0.993461 260.079 -0.134427 -0.990852 -0.0118918 468.608 -0.984331 0.134905 -0.113551 214.462 0 0 0 1 
Seq_Frame0117_DriverToReference-SequenceTransformStatus = OK
Seq_Frame0117_Timestamp = 38.82
Seq_Frame0118_DriverToReference-SequenceTransform =0.0939991 0.0322887 -0.995049 262.601 -0.186148 -0.981278 -0.0494266 468.258 -0.978015 0.189872 -0.0862288 216.035 0 0 0 1 
Seq_Frame0118_DriverToReference-SequenceTransformStatus = OK
Seq_Frame0118_Timestamp = 38.927
Seq_Frame0119_DriverToReference-SequenceTransform =0.100722 0.0361221 -0.994259 259.994 -0.181936 -0.981821 -0.0541009 462.723 -0.978138 0.18634 -0.0923186 212.626 0 0 0 1 
Seq_Frame0119_DriverToReference-SequenceTransformStatus = OK
Seq_Frame0119_Timestamp = 39.034
Seq_Frame0120_DriverToReference-SequenceTransform =0.101386 0.035158 -0.994226 263.367 -0.172962 -0.983533 -0.0524176 469.09 -0.979696 0.177277 -0.0936353 213.44 0 0 0 1 
Seq_Frame0120_DriverToReference-SequenceTransformStatus = OK
Seq_Frame0120_Timestamp = 39.141
Seq_Frame0121_DriverToReference-SequenceTransform =0.137686 0.0302705 -0.990013 265.092 -0.156655 -0.986287 -0.0519434 472.725 -0.978009 0.162242 -0.131056 212.806 0 0 0 1 
Seq_Frame0121_DriverToReference-SequenceTransformStatus = OK
Seq_Frame0121_Timestamp = 39.246
Seq_Frame0122_DriverToReference-SequenceTransform =0.117279 0.0403698 -0.992278 266.774 -0.154077 -0.986335 -0.0583386 476.487 -0.981074 0.159729 -0.109456 213.355 0 0 0 1 
Seq_Frame0122_DriverToReference-SequenceTransformStatus = OK
Seq_Frame0122_Timestamp = 39.353
Seq_Frame0123_DriverToReference-SequenceTransform =0.139803 0.0390147 -0.98941 268.765 -0.139331 -0.988507 -0.0586665 480.395 -0.980327 0.146057 -0.132761 213.488 0 0 0 1 
Seq_Frame0123_DriverToReference-SequenceTransformStatus = OK
Seq_Frame0123_Timestamp = 39.46
Seq_Frame0124_DriverToReference-SequenceTransform =0.144562 0.0460068 -0.988426 268.893 -0.134826 -0.988686 -0.0657379 482.891 -0.980267 0.142769 -0.136724 211.603 0 0 0 1 
Seq_Frame0124_DriverToReference-SequenceTransformStatus = OK
Seq_Frame0124_Timestamp = 39.563
Seq_Frame0125_DriverToReference-SequenceTransform =0.130542 0.0684843 -0.989075 271.16 -0.172466 -0.980833 -0.0906762 484.37 -0.976327 0.182419 -0.116228 211.957 0 0 0 1 
Seq_Frame0125_DriverToReference-SequenceTransformStatus = OK
Seq_Frame0125_Timestamp = 39.67
Seq_Frame0126_DriverToReference-SequenceTransform =0.146713 0.0682657 -0.986821 273.98 -0.156822 -0.983394 -0.0913438 486.926 -0.976669 0.168157 -0.133571 212.748 0 0 0 1 
Seq_Frame0126_DriverToReference-SequenceTransformStatus = OK
Seq_Frame0126_Timestamp = 39.774
Seq_Frame0127_DriverToReference-SequenceTransform =0.166221 0.057711 -0.984398 276.272 -0.129765 -0.988324 -0.0798528 488.089 -0.977513 0.141014 -0.156791 212.816 0 0 0 1 
Seq_Frame0127_DriverToReference-SequenceTransformStatus = OK
Seq_Frame0127_Timestamp = 39.881
Seq_Frame0128_DriverToReference-SequenceTransform =0.166741 0.0621413 -0.984041 278.863 -0.128057 -0.988194 -0.0841023 489.595 -0.97765 0.140037 -0.156815 213.899 0 0 0 1 
Seq_Frame0128_DriverToReference-SequenceTransformStatus = OK
Seq_Frame0128_Timestamp = 39.986
Seq_Frame0129_DriverToReference-SequenceTransform =0.183636 0.0624566 -0.981008 281.926 -0.119381 -0.989175 -0.0853236 491.31 -0.975718 0.132782 -0.174192 214.29 0 0 0 1 
Seq_Frame0129_DriverToReference-SequenceTransformStatus = OK
Seq_Frame0129_Timestamp = 40.093
Seq_Frame0130_DriverToReference-SequenceTransform =0.185318 0.0805048 -0.979376 284.728 -0.143822 -0.983685 -0.108073 489.084 -0.972097 0.160883 -0.170716 214.225 0 0 0 1 
Seq_Frame0130_DriverToReference-SequenceTransformStatus = OK
Seq_Frame0130_Timestamp = 40.198
Seq_Frame0131_DriverToReference-SequenceTransform =0.192144 0.0906334 -0.977173 284.735 -0.161016 -0.979321 -0.122494 482.789 -0.968067 0.180877 -0.173577 210.043 0 0 0 1 
Seq_Frame0131_DriverToReference-SequenceTransformStatus = OK
Seq_Frame0131_Timestamp = 40.305
Seq_Frame0132_DriverToReference-SequenceTransform =0.185922 0.0853557 -0.97885 283.862 -0.152323 -0.981672 -0.114534 478.305 -0.970686 0.170396 -0.169512 204.962 0 0 0 1 
Seq_Frame0132_DriverToReference-SequenceTransformStatus = OK
Seq_Frame0132_Timestamp = 40.41
Seq_Frame0133_DriverToReference-SequenceTransform =0.139016 0.0999322 -0.985235 278.078 -0.17621 -0.976522 -0.123912 473.68 -0.974487 0.190834 -0.118143 201.019 0 0 0 1 
Seq_Frame0133_DriverToReference-SequenceTransformStatus = OK
Seq_Frame0133_Timestamp = 40.52
Seq_Frame0134_DriverToReference-SequenceTransform =0.115826 0.107001 -0.987489 272.581 -0.184747 -0.974511 -0.127265 469.02 -0.975937 0.197176 -0.0931058 199.475 0 0 0 1 
Seq_Frame0134_DriverToReference-SequenceTransformStatus = OK
Seq_Frame0134_Timestamp = 40.623
Seq_Frame0135_DriverToReference-SequenceTransform =0.108851 0.0865689 -0.990281 272.594 -0.168361 -0.980203 -0.104194 459.862 -0.979697 0.178066 -0.0921211 200.642 0 0 0 1 
Seq_Frame0135_DriverToReference-SequenceTransformStatus = OK
Seq_Frame0135_Timestamp = 40.734
Seq_Frame0136_DriverToReference-SequenceTransform =0.0959272 0.0812585 -0.992066 276.795 -0.172984 -0.980136 -0.0970079 454.997 -0.980242 0.180918 -0.0799652 200.353 0 0 0 1 
Seq_Frame0136_DriverToReference-SequenceTransformStatus = OK
Seq_Frame0136_Timestamp = 40.839
Seq_Frame0137_DriverToReference-SequenceTransform =0.0959262 0.063128 -0.993385 279.937 -0.155759 -0.984741 -0.0776195 450.974 -0.983126 0.162174 -0.0846297 198.517 0 0 0 1 
Seq_Frame0137_DriverToReference-SequenceTransformStatus = OK
Seq_Frame0137_Timestamp = 40.949
Seq_Frame0138_DriverToReference-SequenceTransform =0.0678271 0.0807349 -0.994425 282.32 -0.190626 -0.977309 -0.0923474 449.441 -0.979317 0.195827 -0.0508979 195.732 0 0 0 1 
Seq_Frame0138_DriverToReference-SequenceTransformStatus = OK
Seq_Frame0138_Timestamp = 41.053
Seq_Frame0139_DriverToReference-SequenceTransform =0.0572473 0.0744066 -0.995583 282.692 -0.185747 -0.979014 -0.0838489 448.605 -0.980929 0.189726 -0.0422251 194.434 0 0 0 1 
Seq_Frame0139_DriverToReference-SequenceTransformStatus = OK
Seq_Frame0139_Timestamp = 41.158
Seq_Frame0140_DriverToReference-SequenceTransform =0.0689973 0.073139 -0.994932 281.623 -0.179619 -0.9801 -0.084505 448.595 -0.981314 0.184539 -0.0544871 196.552 0 0 0 1 
Seq_Frame0140_DriverToReference-SequenceTransformStatus = OK
Seq_Frame0140_Timestamp = 41.266
Seq_Frame0141_DriverToReference-SequenceTransform =0.0733481 0.0678374 -0.994997 279.88 -0.178296 -0.980719 -0.0800074 448.091 -0.981239 0.183272 -0.0598387 198.036 0 0 0 1 
Seq_Frame0141_DriverToReference-SequenceTransformStatus = OK
Seq_Frame0141_Timestamp = 41.369
Seq_Frame0142_DriverToReference-SequenceTransform =0.0587558 0.0688389 -0.995896 279.087 -0.183581 -0.97986 -0.0785613 444.892 -0.981247 0.187443 -0.044935 199.776 0 0 0 1 
Seq_Frame0142_DriverToReference-SequenceTransformStatus = OK
Seq_Frame0142_Timestamp = 41.478
Seq_Frame0143_DriverToReference-SequenceTransform =0.051772 0.0555284 -0.997114 280.12 -0.176158 -0.982289 -0.0638493 439.683 -0.982999 0.178956 -0.0410733 199.931 0 0 0 1 
Seq_Frame0143_DriverToReference-SequenceTransformStatus = OK
Seq_Frame0143_Timestamp = 41.583
Seq_Frame0144_DriverToReference-SequenceTransform =0.052931 0.0422475 -0.997704 280.684 -0.168285 -0.984438 -0.0506138 435.838 -0.984316 0.170578 -0.0449977 199.365 0 0 0 1 
Seq_Frame0144_DriverToReference-SequenceTransformStatus = OK
Seq_Frame0144_Timestamp = 41.686
Seq_Frame0145_DriverToReference-SequenceTransform =0.0517315 0.0394639 -0.997881 280.628 -0.159749 -0.986025 -0.0472767 435.918 -0.985801 0.161856 -0.0447042 198.757 0 0 0 1 
Seq_Frame0145_DriverToReference-SequenceTransformStatus = OK
Seq_Frame0145_Timestamp = 41.793
Seq_Frame0146_DriverToReference-SequenceTransform =0.0485971 0.0514846 -0.997491 279.806 -0.184689 -0.980986 -0.0596307 435.153 -0.981595 0.187123 -0.0381644 198.578 0 0 0 1 
Seq_Frame0146_DriverToReference-SequenceTransformStatus = OK
Seq_Frame0146_Timestamp = 41.898
Seq_Frame0147_DriverToReference-SequenceTransform =0.0475029 0.0392916 -0.998098 280.19 -0.170189 -0.984297 -0.0468482 433.098 -0.984266 0.172091 -0.04007 199.546 0 0 0 1 
Seq_Frame0147_DriverToReference-SequenceTransformStatus = OK
Seq_Frame0147_Timestamp = 42.003
Seq_Frame0148_DriverToReference-SequenceTransform =0.0564199 0.0432535 -0.99747 275.686 -0.182761 -0.981733 -0.0529086 431.841 -0.981537 0.185284 -0.0474842 201.524 0 0 0 1 
Seq_Frame0148_DriverToReference-SequenceTransformStatus = OK
Seq_Frame0148_Timestamp = 42.112
Seq_Frame0149_DriverToReference-SequenceTransform =0.0562319 0.042957 -0.997493 268.291 -0.1889 -0.980572 -0.0528772 430.517 -0.980385 0.1914 -0.0470248 202.717 0 0 0 1 
Seq_Frame0149_DriverToReference-SequenceTransformStatus = OK
Seq_Frame0149_Timestamp = 42.216
Seq_Frame0150_DriverToReference-SequenceTransform =0.0214086 0.0555582 -0.998226 260.836 -0.215094 -0.974817 -0.0588684 427.713 -0.976359 0.215973 -0.00891921 199.945 0 0 0 1 
Seq_Frame0150_DriverToReference-SequenceTransformStatus = OK
Seq_Frame0150_Timestamp = 42.325
