ObjectType = Image
NDims = 3
AnatomicalOrientation = RAI
BinaryData = True
CompressedData = False
DimSize = 0 0 1948
ElementSpacing = 1 1 1
Offset = 0 0 0
TransformMatrix = 1 0 0 0 1 0 0 0 1
ElementType = MET_UCHAR
Kinds = domain domain list
Seq_Frame0000_ForcepToReference-SequenceTransform =0.175043 0.943158 0.282511 -71.0184 -0.895923 0.271571 -0.351526 -71.3106 -0.408267 -0.191576 0.892534 -100.095 0 0 0 1 
Seq_Frame0000_ForcepToReference-SequenceTransformStatus = OK
Seq_Frame0000_Timestamp = 0.00200009
Seq_Frame0001_ForcepToReference-SequenceTransform =0.174993 0.943529 0.2813 -71.0315 -0.895726 0.271171 -0.352336 -71.256 -0.40872 -0.190311 0.892597 -100.137 0 0 0 1 
Seq_Frame0001_ForcepToReference-SequenceTransformStatus = OK
Seq_Frame0001_Timestamp = 0.108
Seq_Frame0002_ForcepToReference-SequenceTransform =0.175196 0.943109 0.28258 -71.0294 -0.895406 0.271964 -0.352539 -71.3085 -0.409335 -0.191261 0.892112 -100.043 0 0 0 1 
Seq_Frame0002_ForcepToReference-SequenceTransformStatus = OK
Seq_Frame0002_Timestamp = 0.211
Seq_Frame0003_ForcepToReference-SequenceTransform =0.175088 0.943205 0.282325 -70.996 -0.896217 0.271401 -0.350908 -71.3529 -0.407602 -0.191585 0.892836 -99.9849 0 0 0 1 
Seq_Frame0003_ForcepToReference-SequenceTransformStatus = OK
Seq_Frame0003_Timestamp = 0.313
Seq_Frame0004_ForcepToReference-SequenceTransform =0.175049 0.942795 0.283716 -71.0578 -0.895748 0.272108 -0.351557 -71.33 -0.408647 -0.192599 0.89214 -99.973 0 0 0 1 
Seq_Frame0004_ForcepToReference-SequenceTransformStatus = OK
Seq_Frame0004_Timestamp = 0.418
Seq_Frame0005_ForcepToReference-SequenceTransform =0.173933 0.943143 0.283245 -71.1343 -0.894084 0.271801 -0.356004 -70.7586 -0.412749 -0.191324 0.890524 -100.194 0 0 0 1 
Seq_Frame0005_ForcepToReference-SequenceTransformStatus = OK
Seq_Frame0005_Timestamp = 0.518
Seq_Frame0006_ForcepToReference-SequenceTransform =0.168743 0.944206 0.282844 -71.5672 -0.887175 0.270529 -0.37381 -68.8502 -0.429471 -0.187855 0.883326 -100.344 0 0 0 1 
Seq_Frame0006_ForcepToReference-SequenceTransformStatus = OK
Seq_Frame0006_Timestamp = 1.073
Seq_Frame0007_ForcepToReference-SequenceTransform =0.180982 0.943198 0.278609 -70.393 -0.898214 0.273901 -0.343787 -72.4081 -0.40057 -0.188031 0.896765 -100.45 0 0 0 1 
Seq_Frame0007_ForcepToReference-SequenceTransformStatus = OK
Seq_Frame0007_Timestamp = 1.173
Seq_Frame0008_ForcepToReference-SequenceTransform =0.170896 0.943795 0.282924 -71.4614 -0.889421 0.271322 -0.367852 -69.5404 -0.42394 -0.188774 0.885799 -100.325 0 0 0 1 
Seq_Frame0008_ForcepToReference-SequenceTransformStatus = OK
Seq_Frame0008_Timestamp = 1.274
Seq_Frame0009_ForcepToReference-SequenceTransform =0.169814 0.943867 0.283334 -71.5164 -0.886838 0.271742 -0.373731 -69.0021 -0.429747 -0.187806 0.883202 -100.463 0 0 0 1 
Seq_Frame0009_ForcepToReference-SequenceTransformStatus = OK
Seq_Frame0009_Timestamp = 1.493
Seq_Frame0010_ForcepToReference-SequenceTransform =0.174998 0.943101 0.282731 -71.0219 -0.896054 0.271556 -0.351206 -71.3111 -0.408 -0.191882 0.89259 -99.9644 0 0 0 1 
Seq_Frame0010_ForcepToReference-SequenceTransformStatus = OK
Seq_Frame0010_Timestamp = 1.603
Seq_Frame0011_ForcepToReference-SequenceTransform =0.175656 0.942824 0.283247 -70.982 -0.895885 0.272363 -0.35101 -71.4222 -0.408087 -0.1921 0.892504 -99.9781 0 0 0 1 
Seq_Frame0011_ForcepToReference-SequenceTransformStatus = OK
Seq_Frame0011_Timestamp = 1.703
Seq_Frame0012_ForcepToReference-SequenceTransform =0.174172 0.944232 0.279447 -70.9403 -0.894302 0.270461 -0.356476 -70.7786 -0.412175 -0.187822 0.891535 -100.593 0 0 0 1 
Seq_Frame0012_ForcepToReference-SequenceTransformStatus = OK
Seq_Frame0012_Timestamp = 1.804
Seq_Frame0013_ForcepToReference-SequenceTransform =0.175271 0.943524 0.281144 -70.9847 -0.895372 0.271504 -0.352979 -71.275 -0.409376 -0.189862 0.892392 -100.15 0 0 0 1 
Seq_Frame0013_ForcepToReference-SequenceTransformStatus = OK
Seq_Frame0013_Timestamp = 1.911
Seq_Frame0014_ForcepToReference-SequenceTransform =0.17532 0.943307 0.281843 -70.9732 -0.895807 0.271603 -0.351798 -71.3534 -0.408402 -0.190799 0.892638 -100.097 0 0 0 1 
Seq_Frame0014_ForcepToReference-SequenceTransformStatus = OK
Seq_Frame0014_Timestamp = 2.019
Seq_Frame0015_ForcepToReference-SequenceTransform =0.174494 0.943263 0.2825 -71.0596 -0.895599 0.271272 -0.352581 -71.163 -0.409211 -0.191483 0.892121 -100.014 0 0 0 1 
Seq_Frame0015_ForcepToReference-SequenceTransformStatus = OK
Seq_Frame0015_Timestamp = 2.134
Seq_Frame0016_ForcepToReference-SequenceTransform =0.173866 0.943248 0.282938 -71.1535 -0.895247 0.271089 -0.353614 -71.0319 -0.410247 -0.191818 0.891573 -99.9668 0 0 0 1 
Seq_Frame0016_ForcepToReference-SequenceTransformStatus = OK
Seq_Frame0016_Timestamp = 2.238
Seq_Frame0017_ForcepToReference-SequenceTransform =0.175121 0.942916 0.283271 -70.995 -0.895431 0.27215 -0.352333 -71.2592 -0.409313 -0.191948 0.891975 -100.058 0 0 0 1 
Seq_Frame0017_ForcepToReference-SequenceTransformStatus = OK
Seq_Frame0017_Timestamp = 2.343
Seq_Frame0018_ForcepToReference-SequenceTransform =0.17461 0.942959 0.283441 -71.1147 -0.895765 0.27164 -0.351876 -71.2549 -0.408798 -0.192456 0.892101 -99.9421 0 0 0 1 
Seq_Frame0018_ForcepToReference-SequenceTransformStatus = OK
Seq_Frame0018_Timestamp = 2.452
Seq_Frame0019_ForcepToReference-SequenceTransform =0.175582 0.942514 0.284322 -70.9847 -0.896251 0.272529 -0.349946 -71.432 -0.407315 -0.19338 0.89258 -99.9817 0 0 0 1 
Seq_Frame0019_ForcepToReference-SequenceTransformStatus = OK
Seq_Frame0019_Timestamp = 2.558
Seq_Frame0020_ForcepToReference-SequenceTransform =0.175083 0.943214 0.2823 -70.9886 -0.895549 0.2717 -0.352378 -71.253 -0.409069 -0.191118 0.892265 -100.156 0 0 0 1 
Seq_Frame0020_ForcepToReference-SequenceTransformStatus = OK
Seq_Frame0020_Timestamp = 2.664
Seq_Frame0021_ForcepToReference-SequenceTransform =0.171404 0.943554 0.283418 -71.4034 -0.89079 0.271314 -0.36453 -69.8126 -0.420849 -0.189984 0.887013 -100.226 0 0 0 1 
Seq_Frame0021_ForcepToReference-SequenceTransformStatus = OK
Seq_Frame0021_Timestamp = 2.774
Seq_Frame0022_ForcepToReference-SequenceTransform =0.175188 0.94265 0.284113 -71.0343 -0.89544 0.272514 -0.352026 -71.3291 -0.409263 -0.192736 0.891828 -100.023 0 0 0 1 
Seq_Frame0022_ForcepToReference-SequenceTransformStatus = OK
Seq_Frame0022_Timestamp = 2.874
Seq_Frame0023_ForcepToReference-SequenceTransform =0.197048 0.944583 0.262555 -70.665 -0.891053 0.284244 -0.353877 -71.2437 -0.408896 -0.16422 0.897684 -100.156 0 0 0 1 
Seq_Frame0023_ForcepToReference-SequenceTransformStatus = OK
Seq_Frame0023_Timestamp = 2.983
Seq_Frame0024_ForcepToReference-SequenceTransform =0.316489 0.931282 0.180412 -65.7769 -0.871667 0.360541 -0.331975 -67.2095 -0.374208 -0.0521927 0.925875 -94.2423 0 0 0 1 
Seq_Frame0024_ForcepToReference-SequenceTransformStatus = OK
Seq_Frame0024_Timestamp = 3.088
Seq_Frame0025_ForcepToReference-SequenceTransform =0.383874 0.919556 -0.0840113 -59.102 -0.748951 0.25685 -0.610819 -55.5917 -0.540104 0.297398 0.787301 -91.2521 0 0 0 1 
Seq_Frame0025_ForcepToReference-SequenceTransformStatus = OK
Seq_Frame0025_Timestamp = 3.194
Seq_Frame0026_ForcepToReference-SequenceTransform =0.861205 -0.034209 -0.507106 -66.5631 0.507474 0.113296 0.854187 -33.6154 0.0282319 -0.992972 0.114931 -105.701 0 0 0 1 
Seq_Frame0026_ForcepToReference-SequenceTransformStatus = OK
Seq_Frame0026_Timestamp = 3.302
Seq_Frame0027_ForcepToReference-SequenceTransform =0.187887 0.195991 -0.962438 -75.2887 0.785952 -0.617669 0.0276515 105.448 -0.589048 -0.761625 -0.270091 -102.374 0 0 0 1 
Seq_Frame0027_ForcepToReference-SequenceTransformStatus = OK
Seq_Frame0027_Timestamp = 3.613
Seq_Frame0028_ForcepToReference-SequenceTransform =0.0357634 0.427112 -0.903491 -64.7726 0.804138 -0.549086 -0.227741 160.714 -0.593365 -0.718387 -0.363094 -64.7609 0 0 0 1 
Seq_Frame0028_ForcepToReference-SequenceTransformStatus = OK
Seq_Frame0028_Timestamp = 3.714
Seq_Frame0029_ForcepToReference-SequenceTransform =-0.116824 0.366545 -0.923037 -57.8889 0.797348 -0.519481 -0.307206 191.291 -0.592105 -0.771871 -0.231576 -42.2244 0 0 0 1 
Seq_Frame0029_ForcepToReference-SequenceTransformStatus = OK
Seq_Frame0029_Timestamp = 3.819
Seq_Frame0030_ForcepToReference-SequenceTransform =-0.501078 0.356725 -0.788459 80.7628 0.634418 -0.468241 -0.615031 230.126 -0.588586 -0.808392 0.00831272 82.0788 0 0 0 1 
Seq_Frame0030_ForcepToReference-SequenceTransformStatus = OK
Seq_Frame0030_Timestamp = 6.313
Seq_Frame0031_ForcepToReference-SequenceTransform =-0.445071 0.442204 -0.778696 85.0495 0.584612 -0.515218 -0.626721 231.49 -0.678337 -0.73417 -0.0292092 84.1466 0 0 0 1 
Seq_Frame0031_ForcepToReference-SequenceTransformStatus = OK
Seq_Frame0031_Timestamp = 6.418
Seq_Frame0032_ForcepToReference-SequenceTransform =-0.38992 0.529164 -0.753623 90.8371 0.506114 -0.560555 -0.655459 235.172 -0.769292 -0.636996 -0.0492457 85.1223 0 0 0 1 
Seq_Frame0032_ForcepToReference-SequenceTransformStatus = OK
Seq_Frame0032_Timestamp = 6.518
Seq_Frame0033_ForcepToReference-SequenceTransform =-0.250328 0.619522 -0.743995 95.3063 0.482451 -0.58643 -0.650646 243.945 -0.839391 -0.521816 -0.152089 89.9153 0 0 0 1 
Seq_Frame0033_ForcepToReference-SequenceTransformStatus = OK
Seq_Frame0033_Timestamp = 6.62
Seq_Frame0034_ForcepToReference-SequenceTransform =-0.17553 0.663692 -0.727119 96.6551 0.485787 -0.584011 -0.65034 250.896 -0.856271 -0.467379 -0.219901 97.2308 0 0 0 1 
Seq_Frame0034_ForcepToReference-SequenceTransformStatus = OK
Seq_Frame0034_Timestamp = 6.728
Seq_Frame0035_ForcepToReference-SequenceTransform =-0.144349 0.679301 -0.719523 98.155 0.496884 -0.579059 -0.646373 252.035 -0.855728 -0.450823 -0.253947 102.673 0 0 0 1 
Seq_Frame0035_ForcepToReference-SequenceTransformStatus = OK
Seq_Frame0035_Timestamp = 6.834
Seq_Frame0036_ForcepToReference-SequenceTransform =-0.132478 0.683401 -0.717923 98.8973 0.499411 -0.579627 -0.643911 252.148 -0.856176 -0.443843 -0.26451 107.124 0 0 0 1 
Seq_Frame0036_ForcepToReference-SequenceTransformStatus = OK
Seq_Frame0036_Timestamp = 6.936
Seq_Frame0037_ForcepToReference-SequenceTransform =-0.109778 0.698372 -0.707266 97.5808 0.493416 -0.57941 -0.648709 254.492 -0.862838 -0.420191 -0.280981 113.109 0 0 0 1 
Seq_Frame0037_ForcepToReference-SequenceTransformStatus = OK
Seq_Frame0037_Timestamp = 7.044
Seq_Frame0038_ForcepToReference-SequenceTransform =-0.0865397 0.706369 -0.702534 97.9642 0.473077 -0.591465 -0.652968 255.459 -0.876761 -0.38886 -0.282982 115.542 0 0 0 1 
Seq_Frame0038_ForcepToReference-SequenceTransformStatus = OK
Seq_Frame0038_Timestamp = 7.148
Seq_Frame0039_ForcepToReference-SequenceTransform =-0.0839506 0.708047 -0.701157 97.1981 0.491641 -0.582605 -0.647195 256.47 -0.866742 -0.39905 -0.299195 116.462 0 0 0 1 
Seq_Frame0039_ForcepToReference-SequenceTransformStatus = OK
Seq_Frame0039_Timestamp = 7.253
Seq_Frame0040_ForcepToReference-SequenceTransform =-0.0959626 0.710353 -0.697273 97.9911 0.471118 -0.584662 -0.660468 255.412 -0.876835 -0.391878 -0.278554 117.051 0 0 0 1 
Seq_Frame0040_ForcepToReference-SequenceTransformStatus = OK
Seq_Frame0040_Timestamp = 7.36
Seq_Frame0041_ForcepToReference-SequenceTransform =-0.074726 0.716036 -0.694052 97.7661 0.485765 -0.581699 -0.652425 255.421 -0.870889 -0.385899 -0.304357 119.507 0 0 0 1 
Seq_Frame0041_ForcepToReference-SequenceTransformStatus = OK
Seq_Frame0041_Timestamp = 7.466
Seq_Frame0042_ForcepToReference-SequenceTransform =-0.04223 0.705684 -0.707268 99.419 0.501364 -0.597349 -0.625947 255.305 -0.864205 -0.381032 -0.328578 120.443 0 0 0 1 
Seq_Frame0042_ForcepToReference-SequenceTransformStatus = OK
Seq_Frame0042_Timestamp = 7.575
Seq_Frame0043_ForcepToReference-SequenceTransform =-0.0367774 0.70285 -0.710387 99.3931 0.501769 -0.601774 -0.621366 255.922 -0.86422 -0.379302 -0.330536 119.773 0 0 0 1 
Seq_Frame0043_ForcepToReference-SequenceTransformStatus = OK
Seq_Frame0043_Timestamp = 7.68
Seq_Frame0044_ForcepToReference-SequenceTransform =-0.0514684 0.679618 -0.731758 99.6036 0.515831 -0.609329 -0.602193 256.278 -0.855143 -0.408457 -0.319207 116.177 0 0 0 1 
Seq_Frame0044_ForcepToReference-SequenceTransformStatus = OK
Seq_Frame0044_Timestamp = 7.785
Seq_Frame0045_ForcepToReference-SequenceTransform =-0.0767054 0.654826 -0.751877 98.374 0.546389 -0.603179 -0.581063 256.698 -0.834011 -0.455388 -0.311523 112.914 0 0 0 1 
Seq_Frame0045_ForcepToReference-SequenceTransformStatus = OK
Seq_Frame0045_Timestamp = 7.893
Seq_Frame0046_ForcepToReference-SequenceTransform =-0.0747129 0.662463 -0.745359 94.5543 0.562324 -0.589287 -0.580115 259.77 -0.823535 -0.462475 -0.328492 111.25 0 0 0 1 
Seq_Frame0046_ForcepToReference-SequenceTransformStatus = OK
Seq_Frame0046_Timestamp = 7.999
Seq_Frame0047_ForcepToReference-SequenceTransform =-0.146379 0.617428 -0.772888 92.1575 0.605767 -0.561734 -0.563473 263.451 -0.782061 -0.55067 -0.291791 108.631 0 0 0 1 
Seq_Frame0047_ForcepToReference-SequenceTransformStatus = OK
Seq_Frame0047_Timestamp = 8.109
Seq_Frame0048_ForcepToReference-SequenceTransform =-0.22378 0.534867 -0.814764 86.7711 0.6771 -0.515978 -0.524693 267.513 -0.701041 -0.669092 -0.246692 99.2583 0 0 0 1 
Seq_Frame0048_ForcepToReference-SequenceTransformStatus = OK
Seq_Frame0048_Timestamp = 8.214
Seq_Frame0049_ForcepToReference-SequenceTransform =-0.375115 -0.452412 -0.809081 23.646 0.925457 -0.232758 -0.29892 256.046 -0.0530856 -0.860899 0.505999 84.3375 0 0 0 1 
Seq_Frame0049_ForcepToReference-SequenceTransformStatus = OK
Seq_Frame0049_Timestamp = 8.861
Seq_Frame0050_ForcepToReference-SequenceTransform =-0.388362 -0.429401 -0.815346 19.9111 0.921275 -0.200787 -0.333073 255.921 -0.0206892 -0.880511 0.473575 90.7893 0 0 0 1 
Seq_Frame0050_ForcepToReference-SequenceTransformStatus = OK
Seq_Frame0050_Timestamp = 8.967
Seq_Frame0051_ForcepToReference-SequenceTransform =-0.395868 -0.428707 -0.812095 18.7938 0.917961 -0.209042 -0.337119 257.762 -0.0252368 -0.878926 0.47629 95.0516 0 0 0 1 
Seq_Frame0051_ForcepToReference-SequenceTransformStatus = OK
Seq_Frame0051_Timestamp = 9.072
Seq_Frame0052_ForcepToReference-SequenceTransform =-0.388252 -0.411338 -0.824658 20.925 0.919815 -0.227908 -0.319372 256.586 -0.0565763 -0.88253 0.46684 95.9592 0 0 0 1 
Seq_Frame0052_ForcepToReference-SequenceTransformStatus = OK
Seq_Frame0052_Timestamp = 9.18
Seq_Frame0053_ForcepToReference-SequenceTransform =-0.667291 0.457336 -0.587849 114.34 0.546326 -0.235883 -0.803671 255.394 -0.506211 -0.85744 -0.092452 77.5837 0 0 0 1 
Seq_Frame0053_ForcepToReference-SequenceTransformStatus = OK
Seq_Frame0053_Timestamp = 11.086
Seq_Frame0054_ForcepToReference-SequenceTransform =-0.631399 0.616367 -0.47056 126.481 0.505989 -0.132369 -0.852323 251.91 -0.587631 -0.776254 -0.228297 93.024 0 0 0 1 
Seq_Frame0054_ForcepToReference-SequenceTransformStatus = OK
Seq_Frame0054_Timestamp = 11.194
Seq_Frame0055_ForcepToReference-SequenceTransform =-0.600113 0.679557 -0.421979 126.682 0.484697 -0.11074 -0.867643 243.392 -0.636344 -0.725216 -0.262923 98.9648 0 0 0 1 
Seq_Frame0055_ForcepToReference-SequenceTransformStatus = OK
Seq_Frame0055_Timestamp = 11.298
Seq_Frame0056_ForcepToReference-SequenceTransform =-0.590425 0.696348 -0.40804 126.289 0.467083 -0.117495 -0.876372 231.513 -0.658203 -0.708021 -0.25588 102.164 0 0 0 1 
Seq_Frame0056_ForcepToReference-SequenceTransformStatus = OK
Seq_Frame0056_Timestamp = 11.407
Seq_Frame0057_ForcepToReference-SequenceTransform =-0.590508 0.662766 -0.460479 129.657 0.490168 -0.158738 -0.857051 231.241 -0.641121 -0.731808 -0.231131 101.218 0 0 0 1 
Seq_Frame0057_ForcepToReference-SequenceTransformStatus = OK
Seq_Frame0057_Timestamp = 11.51
Seq_Frame0058_ForcepToReference-SequenceTransform =-0.580429 0.613285 -0.535709 129.81 0.56871 -0.165548 -0.805706 232.176 -0.582813 -0.772318 -0.252692 106.915 0 0 0 1 
Seq_Frame0058_ForcepToReference-SequenceTransformStatus = OK
Seq_Frame0058_Timestamp = 11.62
Seq_Frame0059_ForcepToReference-SequenceTransform =-0.639214 0.478109 -0.602343 125.366 0.596452 -0.186194 -0.780754 229.03 -0.485438 -0.858338 -0.166151 108.26 0 0 0 1 
Seq_Frame0059_ForcepToReference-SequenceTransformStatus = OK
Seq_Frame0059_Timestamp = 11.723
Seq_Frame0060_ForcepToReference-SequenceTransform =-0.747388 0.439728 -0.498047 107.701 0.482618 -0.155867 -0.86185 226.882 -0.456608 -0.884503 -0.0957275 111.511 0 0 0 1 
Seq_Frame0060_ForcepToReference-SequenceTransformStatus = OK
Seq_Frame0060_Timestamp = 13.06
Seq_Frame0061_ForcepToReference-SequenceTransform =-0.752114 0.443297 -0.487659 107.799 0.468575 -0.16063 -0.868698 226.404 -0.463424 -0.881865 -0.0869056 111.52 0 0 0 1 
Seq_Frame0061_ForcepToReference-SequenceTransformStatus = OK
Seq_Frame0061_Timestamp = 13.166
Seq_Frame0062_ForcepToReference-SequenceTransform =-0.74776 0.449488 -0.488688 107.813 0.476838 -0.148629 -0.866334 226.568 -0.46204 -0.880835 -0.103194 112.92 0 0 0 1 
Seq_Frame0062_ForcepToReference-SequenceTransformStatus = OK
Seq_Frame0062_Timestamp = 13.276
Seq_Frame0063_ForcepToReference-SequenceTransform =-0.718694 0.494999 -0.488318 107.651 0.504383 -0.112275 -0.856149 226.807 -0.478619 -0.861609 -0.168978 114.209 0 0 0 1 
Seq_Frame0063_ForcepToReference-SequenceTransformStatus = OK
Seq_Frame0063_Timestamp = 13.379
Seq_Frame0064_ForcepToReference-SequenceTransform =-0.718723 0.508535 -0.474162 108.356 0.493674 -0.106986 -0.863041 226.775 -0.489615 -0.854369 -0.174157 114.793 0 0 0 1 
Seq_Frame0064_ForcepToReference-SequenceTransformStatus = OK
Seq_Frame0064_Timestamp = 13.485
Seq_Frame0065_ForcepToReference-SequenceTransform =-0.713989 0.520382 -0.468425 108.809 0.494041 -0.0996267 -0.863712 227.042 -0.496128 -0.848102 -0.185958 115.254 0 0 0 1 
Seq_Frame0065_ForcepToReference-SequenceTransformStatus = OK
Seq_Frame0065_Timestamp = 13.594
Seq_Frame0066_ForcepToReference-SequenceTransform =-0.713043 0.523424 -0.466473 109.16 0.495137 -0.0951195 -0.863592 227.089 -0.496395 -0.846747 -0.191342 115.337 0 0 0 1 
Seq_Frame0066_ForcepToReference-SequenceTransformStatus = OK
Seq_Frame0066_Timestamp = 13.699
Seq_Frame0067_ForcepToReference-SequenceTransform =-0.712242 0.513385 -0.478693 110.579 0.499343 -0.108711 -0.859557 226.378 -0.493323 -0.851245 -0.178927 114.983 0 0 0 1 
Seq_Frame0067_ForcepToReference-SequenceTransformStatus = OK
Seq_Frame0067_Timestamp = 13.806
Seq_Frame0068_ForcepToReference-SequenceTransform =-0.714615 0.510055 -0.478717 110.635 0.496249 -0.112676 -0.860838 225.743 -0.493014 -0.85273 -0.172594 114.87 0 0 0 1 
Seq_Frame0068_ForcepToReference-SequenceTransformStatus = OK
Seq_Frame0068_Timestamp = 13.91
Seq_Frame0069_ForcepToReference-SequenceTransform =-0.70887 0.51422 -0.482785 111.116 0.50354 -0.110363 -0.856894 224.259 -0.493914 -0.850528 -0.180698 115.429 0 0 0 1 
Seq_Frame0069_ForcepToReference-SequenceTransformStatus = OK
Seq_Frame0069_Timestamp = 14.016
Seq_Frame0070_ForcepToReference-SequenceTransform =-0.715473 0.50854 -0.479046 111.618 0.495867 -0.113388 -0.860964 223.211 -0.492153 -0.85354 -0.171042 116.017 0 0 0 1 
Seq_Frame0070_ForcepToReference-SequenceTransformStatus = OK
Seq_Frame0070_Timestamp = 14.123
Seq_Frame0071_ForcepToReference-SequenceTransform =-0.694757 0.51676 -0.500272 113.155 0.529246 -0.103696 -0.842108 223.239 -0.487044 -0.849827 -0.20145 118.347 0 0 0 1 
Seq_Frame0071_ForcepToReference-SequenceTransformStatus = OK
Seq_Frame0071_Timestamp = 14.226
Seq_Frame0072_ForcepToReference-SequenceTransform =-0.693844 0.514672 -0.50368 113.701 0.53431 -0.10099 -0.839234 223.917 -0.482797 -0.851419 -0.204923 118.854 0 0 0 1 
Seq_Frame0072_ForcepToReference-SequenceTransformStatus = OK
Seq_Frame0072_Timestamp = 14.332
Seq_Frame0073_ForcepToReference-SequenceTransform =-0.6943 0.517912 -0.499714 113.225 0.532212 -0.0979121 -0.84093 223.682 -0.484456 -0.849812 -0.207659 119.066 0 0 0 1 
Seq_Frame0073_ForcepToReference-SequenceTransformStatus = OK
Seq_Frame0073_Timestamp = 14.439
Seq_Frame0074_ForcepToReference-SequenceTransform =-0.691845 0.522114 -0.498746 112.712 0.5335 -0.0958131 -0.840356 223.704 -0.486548 -0.847477 -0.21226 118.378 0 0 0 1 
Seq_Frame0074_ForcepToReference-SequenceTransformStatus = OK
Seq_Frame0074_Timestamp = 14.543
Seq_Frame0075_ForcepToReference-SequenceTransform =-0.690768 0.519928 -0.502508 113 0.538811 -0.093333 -0.837241 223.687 -0.482205 -0.849096 -0.215671 118.844 0 0 0 1 
Seq_Frame0075_ForcepToReference-SequenceTransformStatus = OK
Seq_Frame0075_Timestamp = 14.652
Seq_Frame0076_ForcepToReference-SequenceTransform =-0.709045 0.508563 -0.488486 112.173 0.517379 -0.0955029 -0.850411 223.102 -0.479139 -0.855712 -0.195404 118.264 0 0 0 1 
Seq_Frame0076_ForcepToReference-SequenceTransformStatus = OK
Seq_Frame0076_Timestamp = 14.762
Seq_Frame0077_ForcepToReference-SequenceTransform =-0.715591 0.506046 -0.481504 111.55 0.504612 -0.102143 -0.857283 222.571 -0.483007 -0.856437 -0.182264 118.043 0 0 0 1 
Seq_Frame0077_ForcepToReference-SequenceTransformStatus = OK
Seq_Frame0077_Timestamp = 14.865
Seq_Frame0078_ForcepToReference-SequenceTransform =-0.711316 0.514578 -0.478788 110.877 0.510335 -0.0902891 -0.855223 221.998 -0.483308 -0.852676 -0.198383 118.94 0 0 0 1 
Seq_Frame0078_ForcepToReference-SequenceTransformStatus = OK
Seq_Frame0078_Timestamp = 14.971
Seq_Frame0079_ForcepToReference-SequenceTransform =-0.71038 0.514623 -0.480128 111.33 0.508646 -0.0961148 -0.855594 221.974 -0.486456 -0.852012 -0.193483 118.906 0 0 0 1 
Seq_Frame0079_ForcepToReference-SequenceTransformStatus = OK
Seq_Frame0079_Timestamp = 15.079
Seq_Frame0080_ForcepToReference-SequenceTransform =-0.717098 0.502986 -0.482469 111.069 0.503225 -0.105292 -0.857717 220.696 -0.48222 -0.857857 -0.17761 117.925 0 0 0 1 
Seq_Frame0080_ForcepToReference-SequenceTransformStatus = OK
Seq_Frame0080_Timestamp = 15.182
Seq_Frame0081_ForcepToReference-SequenceTransform =-0.717699 0.51094 -0.473126 110.133 0.488261 -0.115197 -0.865061 219.345 -0.496497 -0.851862 -0.166796 116.029 0 0 0 1 
Seq_Frame0081_ForcepToReference-SequenceTransformStatus = OK
Seq_Frame0081_Timestamp = 15.289
Seq_Frame0082_ForcepToReference-SequenceTransform =-0.716856 0.515194 -0.469779 110.049 0.486733 -0.112642 -0.866258 219.649 -0.499208 -0.849639 -0.170013 116.647 0 0 0 1 
Seq_Frame0082_ForcepToReference-SequenceTransformStatus = OK
Seq_Frame0082_Timestamp = 15.394
Seq_Frame0083_ForcepToReference-SequenceTransform =-0.730261 0.501374 -0.464051 109.748 0.477616 -0.110995 -0.871529 219.831 -0.488469 -0.858082 -0.158409 116.901 0 0 0 1 
Seq_Frame0083_ForcepToReference-SequenceTransformStatus = OK
Seq_Frame0083_Timestamp = 15.498
Seq_Frame0084_ForcepToReference-SequenceTransform =-0.718245 0.515055 -0.467807 109.576 0.484252 -0.112752 -0.867633 218.974 -0.499624 -0.849709 -0.168433 116.706 0 0 0 1 
Seq_Frame0084_ForcepToReference-SequenceTransformStatus = OK
Seq_Frame0084_Timestamp = 15.607
Seq_Frame0085_ForcepToReference-SequenceTransform =-0.724906 0.509934 -0.463119 108.879 0.471319 -0.123135 -0.873325 219.107 -0.502364 -0.851355 -0.15108 114.658 0 0 0 1 
Seq_Frame0085_ForcepToReference-SequenceTransformStatus = OK
Seq_Frame0085_Timestamp = 15.71
Seq_Frame0086_ForcepToReference-SequenceTransform =-0.72866 0.502577 -0.465265 109.093 0.465594 -0.134709 -0.874686 219.117 -0.502272 -0.853973 -0.13584 112.882 0 0 0 1 
Seq_Frame0086_ForcepToReference-SequenceTransformStatus = OK
Seq_Frame0086_Timestamp = 15.817
Seq_Frame0087_ForcepToReference-SequenceTransform =-0.71443 0.503127 -0.486264 111.248 0.487908 -0.139912 -0.861609 221.005 -0.501533 -0.852812 -0.145522 113.225 0 0 0 1 
Seq_Frame0087_ForcepToReference-SequenceTransformStatus = OK
Seq_Frame0087_Timestamp = 15.923
Seq_Frame0088_ForcepToReference-SequenceTransform =-0.731035 0.489591 -0.475277 108.454 0.48461 -0.11782 -0.866759 220.285 -0.480354 -0.863956 -0.15113 113.836 0 0 0 1 
Seq_Frame0088_ForcepToReference-SequenceTransformStatus = OK
Seq_Frame0088_Timestamp = 16.029
Seq_Frame0089_ForcepToReference-SequenceTransform =-0.773321 0.42203 -0.473143 106.244 0.457892 -0.144407 -0.877201 218.452 -0.43853 -0.895007 -0.0815715 111.742 0 0 0 1 
Seq_Frame0089_ForcepToReference-SequenceTransformStatus = OK
Seq_Frame0089_Timestamp = 16.137
Seq_Frame0090_ForcepToReference-SequenceTransform =-0.716446 0.429413 -0.549827 110.162 0.517028 -0.202316 -0.831716 236.349 -0.468388 -0.880155 -0.0770695 94.9997 0 0 0 1 
Seq_Frame0090_ForcepToReference-SequenceTransformStatus = OK
Seq_Frame0090_Timestamp = 16.348
Seq_Frame0091_ForcepToReference-SequenceTransform =-0.726321 0.41282 -0.549579 99.7977 0.5337 -0.165153 -0.829391 232.391 -0.433154 -0.895714 -0.100368 101.66 0 0 0 1 
Seq_Frame0091_ForcepToReference-SequenceTransformStatus = OK
Seq_Frame0091_Timestamp = 16.456
Seq_Frame0092_ForcepToReference-SequenceTransform =-0.726321 0.41282 -0.549579 99.7977 0.5337 -0.165153 -0.829391 232.391 -0.433154 -0.895714 -0.100368 101.66 0 0 0 1 
Seq_Frame0092_ForcepToReference-SequenceTransformStatus = OK
Seq_Frame0092_Timestamp = 19.545
Seq_Frame0093_ForcepToReference-SequenceTransform =-0.325504 0.637585 -0.698235 70.4771 0.746115 -0.280418 -0.603885 206.082 -0.580826 -0.717531 -0.384435 158.572 0 0 0 1 
Seq_Frame0093_ForcepToReference-SequenceTransformStatus = OK
Seq_Frame0093_Timestamp = 35.473
Seq_Frame0094_ForcepToReference-SequenceTransform =-0.308329 0.58392 -0.750979 71.4318 0.819742 -0.237451 -0.52119 205.766 -0.482654 -0.776308 -0.405451 157.938 0 0 0 1 
Seq_Frame0094_ForcepToReference-SequenceTransformStatus = OK
Seq_Frame0094_Timestamp = 36.383
Seq_Frame0095_ForcepToReference-SequenceTransform =-0.308329 0.58392 -0.750979 71.4318 0.819742 -0.237451 -0.52119 205.766 -0.482654 -0.776308 -0.405451 157.938 0 0 0 1 
Seq_Frame0095_ForcepToReference-SequenceTransformStatus = OK
Seq_Frame0095_Timestamp = 36.488
Seq_Frame0096_ForcepToReference-SequenceTransform =-0.308329 0.58392 -0.750979 71.4318 0.819742 -0.237451 -0.52119 205.766 -0.482654 -0.776308 -0.405451 157.938 0 0 0 1 
Seq_Frame0096_ForcepToReference-SequenceTransformStatus = OK
Seq_Frame0096_Timestamp = 36.594
Seq_Frame0097_ForcepToReference-SequenceTransform =-0.308329 0.58392 -0.750979 71.4318 0.819742 -0.237451 -0.52119 205.766 -0.482654 -0.776308 -0.405451 157.938 0 0 0 1 
Seq_Frame0097_ForcepToReference-SequenceTransformStatus = OK
Seq_Frame0097_Timestamp = 36.699
Seq_Frame0098_ForcepToReference-SequenceTransform =-0.308329 0.58392 -0.750979 71.4318 0.819742 -0.237451 -0.52119 205.766 -0.482654 -0.776308 -0.405451 157.938 0 0 0 1 
Seq_Frame0098_ForcepToReference-SequenceTransformStatus = OK
Seq_Frame0098_Timestamp = 36.807
Seq_Frame0099_ForcepToReference-SequenceTransform =-0.164281 0.298816 -0.940064 58.2068 0.450304 0.870633 0.198054 202.99 0.877632 -0.390778 -0.277586 73.2552 0 0 0 1 
Seq_Frame0099_ForcepToReference-SequenceTransformStatus = OK
Seq_Frame0099_Timestamp = 36.91
Seq_Frame0100_ForcepToReference-SequenceTransform =-0.164281 0.298816 -0.940064 58.2068 0.450304 0.870633 0.198054 202.99 0.877632 -0.390778 -0.277586 73.2552 0 0 0 1 
Seq_Frame0100_ForcepToReference-SequenceTransformStatus = OK
Seq_Frame0100_Timestamp = 37.017
Seq_Frame0101_ForcepToReference-SequenceTransform =-0.164281 0.298816 -0.940064 58.2068 0.450304 0.870633 0.198054 202.99 0.877632 -0.390778 -0.277586 73.2552 0 0 0 1 
Seq_Frame0101_ForcepToReference-SequenceTransformStatus = OK
Seq_Frame0101_Timestamp = 37.123
Seq_Frame0102_ForcepToReference-SequenceTransform =-0.164281 0.298816 -0.940064 58.2068 0.450304 0.870633 0.198054 202.99 0.877632 -0.390778 -0.277586 73.2552 0 0 0 1 
Seq_Frame0102_ForcepToReference-SequenceTransformStatus = OK
Seq_Frame0102_Timestamp = 37.227
Seq_Frame0103_ForcepToReference-SequenceTransform =-0.164281 0.298816 -0.940064 58.2068 0.450304 0.870633 0.198054 202.99 0.877632 -0.390778 -0.277586 73.2552 0 0 0 1 
Seq_Frame0103_ForcepToReference-SequenceTransformStatus = OK
Seq_Frame0103_Timestamp = 37.333
Seq_Frame0104_ForcepToReference-SequenceTransform =-0.164281 0.298816 -0.940064 58.2068 0.450304 0.870633 0.198054 202.99 0.877632 -0.390778 -0.277586 73.2552 0 0 0 1 
Seq_Frame0104_ForcepToReference-SequenceTransformStatus = OK
Seq_Frame0104_Timestamp = 37.44
Seq_Frame0105_ForcepToReference-SequenceTransform =-0.164281 0.298816 -0.940064 58.2068 0.450304 0.870633 0.198054 202.99 0.877632 -0.390778 -0.277586 73.2552 0 0 0 1 
Seq_Frame0105_ForcepToReference-SequenceTransformStatus = OK
Seq_Frame0105_Timestamp = 37.545
Seq_Frame0106_ForcepToReference-SequenceTransform =-0.164281 0.298816 -0.940064 58.2068 0.450304 0.870633 0.198054 202.99 0.877632 -0.390778 -0.277586 73.2552 0 0 0 1 
Seq_Frame0106_ForcepToReference-SequenceTransformStatus = OK
Seq_Frame0106_Timestamp = 37.651
Seq_Frame0107_ForcepToReference-SequenceTransform =-0.164281 0.298816 -0.940064 58.2068 0.450304 0.870633 0.198054 202.99 0.877632 -0.390778 -0.277586 73.2552 0 0 0 1 
Seq_Frame0107_ForcepToReference-SequenceTransformStatus = OK
Seq_Frame0107_Timestamp = 37.755
Seq_Frame0108_ForcepToReference-SequenceTransform =-0.164281 0.298816 -0.940064 58.2068 0.450304 0.870633 0.198054 202.99 0.877632 -0.390778 -0.277586 73.2552 0 0 0 1 
Seq_Frame0108_ForcepToReference-SequenceTransformStatus = OK
Seq_Frame0108_Timestamp = 37.863
Seq_Frame0109_ForcepToReference-SequenceTransform =-0.164281 0.298816 -0.940064 58.2068 0.450304 0.870633 0.198054 202.99 0.877632 -0.390778 -0.277586 73.2552 0 0 0 1 
Seq_Frame0109_ForcepToReference-SequenceTransformStatus = OK
Seq_Frame0109_Timestamp = 37.97
Seq_Frame0110_ForcepToReference-SequenceTransform =-0.164281 0.298816 -0.940064 58.2068 0.450304 0.870633 0.198054 202.99 0.877632 -0.390778 -0.277586 73.2552 0 0 0 1 
Seq_Frame0110_ForcepToReference-SequenceTransformStatus = OK
Seq_Frame0110_Timestamp = 38.075
Seq_Frame0111_ForcepToReference-SequenceTransform =-0.164281 0.298816 -0.940064 58.2068 0.450304 0.870633 0.198054 202.99 0.877632 -0.390778 -0.277586 73.2552 0 0 0 1 
Seq_Frame0111_ForcepToReference-SequenceTransformStatus = OK
Seq_Frame0111_Timestamp = 38.183
Seq_Frame0112_ForcepToReference-SequenceTransform =-0.164281 0.298816 -0.940064 58.2068 0.450304 0.870633 0.198054 202.99 0.877632 -0.390778 -0.277586 73.2552 0 0 0 1 
Seq_Frame0112_ForcepToReference-SequenceTransformStatus = OK
Seq_Frame0112_Timestamp = 38.288
Seq_Frame0113_ForcepToReference-SequenceTransform =-0.164281 0.298816 -0.940064 58.2068 0.450304 0.870633 0.198054 202.99 0.877632 -0.390778 -0.277586 73.2552 0 0 0 1 
Seq_Frame0113_ForcepToReference-SequenceTransformStatus = OK
Seq_Frame0113_Timestamp = 38.394
Seq_Frame0114_ForcepToReference-SequenceTransform =-0.164281 0.298816 -0.940064 58.2068 0.450304 0.870633 0.198054 202.99 0.877632 -0.390778 -0.277586 73.2552 0 0 0 1 
Seq_Frame0114_ForcepToReference-SequenceTransformStatus = OK
Seq_Frame0114_Timestamp = 38.503
Seq_Frame0115_ForcepToReference-SequenceTransform =-0.164281 0.298816 -0.940064 58.2068 0.450304 0.870633 0.198054 202.99 0.877632 -0.390778 -0.277586 73.2552 0 0 0 1 
Seq_Frame0115_ForcepToReference-SequenceTransformStatus = OK
Seq_Frame0115_Timestamp = 38.607
Seq_Frame0116_ForcepToReference-SequenceTransform =-0.164281 0.298816 -0.940064 58.2068 0.450304 0.870633 0.198054 202.99 0.877632 -0.390778 -0.277586 73.2552 0 0 0 1 
Seq_Frame0116_ForcepToReference-SequenceTransformStatus = OK
Seq_Frame0116_Timestamp = 38.715
Seq_Frame0117_ForcepToReference-SequenceTransform =-0.164281 0.298816 -0.940064 58.2068 0.450304 0.870633 0.198054 202.99 0.877632 -0.390778 -0.277586 73.2552 0 0 0 1 
Seq_Frame0117_ForcepToReference-SequenceTransformStatus = OK
Seq_Frame0117_Timestamp = 38.82
Seq_Frame0118_ForcepToReference-SequenceTransform =-0.164281 0.298816 -0.940064 58.2068 0.450304 0.870633 0.198054 202.99 0.877632 -0.390778 -0.277586 73.2552 0 0 0 1 
Seq_Frame0118_ForcepToReference-SequenceTransformStatus = OK
Seq_Frame0118_Timestamp = 38.927
Seq_Frame0119_ForcepToReference-SequenceTransform =-0.164281 0.298816 -0.940064 58.2068 0.450304 0.870633 0.198054 202.99 0.877632 -0.390778 -0.277586 73.2552 0 0 0 1 
Seq_Frame0119_ForcepToReference-SequenceTransformStatus = OK
Seq_Frame0119_Timestamp = 39.034
Seq_Frame0120_ForcepToReference-SequenceTransform =-0.164281 0.298816 -0.940064 58.2068 0.450304 0.870633 0.198054 202.99 0.877632 -0.390778 -0.277586 73.2552 0 0 0 1 
Seq_Frame0120_ForcepToReference-SequenceTransformStatus = OK
Seq_Frame0120_Timestamp = 39.141
Seq_Frame0121_ForcepToReference-SequenceTransform =-0.164281 0.298816 -0.940064 58.2068 0.450304 0.870633 0.198054 202.99 0.877632 -0.390778 -0.277586 73.2552 0 0 0 1 
Seq_Frame0121_ForcepToReference-SequenceTransformStatus = OK
Seq_Frame0121_Timestamp = 39.246
Seq_Frame0122_ForcepToReference-SequenceTransform =-0.164281 0.298816 -0.940064 58.2068 0.450304 0.870633 0.198054 202.99 0.877632 -0.390778 -0.277586 73.2552 0 0 0 1 
Seq_Frame0122_ForcepToReference-SequenceTransformStatus = OK
Seq_Frame0122_Timestamp = 39.353
Seq_Frame0123_ForcepToReference-SequenceTransform =-0.164281 0.298816 -0.940064 58.2068 0.450304 0.870633 0.198054 202.99 0.877632 -0.390778 -0.277586 73.2552 0 0 0 1 
Seq_Frame0123_ForcepToReference-SequenceTransformStatus = OK
Seq_Frame0123_Timestamp = 39.46
Seq_Frame0124_ForcepToReference-SequenceTransform =-0.164281 0.298816 -0.940064 58.2068 0.450304 0.870633 0.198054 202.99 0.877632 -0.390778 -0.277586 73.2552 0 0 0 1 
Seq_Frame0124_ForcepToReference-SequenceTransformStatus = OK
Seq_Frame0124_Timestamp = 39.563
Seq_Frame0125_ForcepToReference-SequenceTransform =-0.164281 0.298816 -0.940064 58.2068 0.450304 0.870633 0.198054 202.99 0.877632 -0.390778 -0.277586 73.2552 0 0 0 1 
Seq_Frame0125_ForcepToReference-SequenceTransformStatus = OK
Seq_Frame0125_Timestamp = 39.67
Seq_Frame0126_ForcepToReference-SequenceTransform =-0.164281 0.298816 -0.940064 58.2068 0.450304 0.870633 0.198054 202.99 0.877632 -0.390778 -0.277586 73.2552 0 0 0 1 
Seq_Frame0126_ForcepToReference-SequenceTransformStatus = OK
Seq_Frame0126_Timestamp = 39.774
Seq_Frame0127_ForcepToReference-SequenceTransform =-0.164281 0.298816 -0.940064 58.2068 0.450304 0.870633 0.198054 202.99 0.877632 -0.390778 -0.277586 73.2552 0 0 0 1 
Seq_Frame0127_ForcepToReference-SequenceTransformStatus = OK
Seq_Frame0127_Timestamp = 39.881
Seq_Frame0128_ForcepToReference-SequenceTransform =-0.164281 0.298816 -0.940064 58.2068 0.450304 0.870633 0.198054 202.99 0.877632 -0.390778 -0.277586 73.2552 0 0 0 1 
Seq_Frame0128_ForcepToReference-SequenceTransformStatus = OK
Seq_Frame0128_Timestamp = 39.986
Seq_Frame0129_ForcepToReference-SequenceTransform =-0.164281 0.298816 -0.940064 58.2068 0.450304 0.870633 0.198054 202.99 0.877632 -0.390778 -0.277586 73.2552 0 0 0 1 
Seq_Frame0129_ForcepToReference-SequenceTransformStatus = OK
Seq_Frame0129_Timestamp = 40.093
Seq_Frame0130_ForcepToReference-SequenceTransform =-0.164281 0.298816 -0.940064 58.2068 0.450304 0.870633 0.198054 202.99 0.877632 -0.390778 -0.277586 73.2552 0 0 0 1 
Seq_Frame0130_ForcepToReference-SequenceTransformStatus = OK
Seq_Frame0130_Timestamp = 40.198
Seq_Frame0131_ForcepToReference-SequenceTransform =-0.164281 0.298816 -0.940064 58.2068 0.450304 0.870633 0.198054 202.99 0.877632 -0.390778 -0.277586 73.2552 0 0 0 1 
Seq_Frame0131_ForcepToReference-SequenceTransformStatus = OK
Seq_Frame0131_Timestamp = 40.305
Seq_Frame0132_ForcepToReference-SequenceTransform =-0.164281 0.298816 -0.940064 58.2068 0.450304 0.870633 0.198054 202.99 0.877632 -0.390778 -0.277586 73.2552 0 0 0 1 
Seq_Frame0132_ForcepToReference-SequenceTransformStatus = OK
Seq_Frame0132_Timestamp = 40.41
Seq_Frame0133_ForcepToReference-SequenceTransform =-0.164281 0.298816 -0.940064 58.2068 0.450304 0.870633 0.198054 202.99 0.877632 -0.390778 -0.277586 73.2552 0 0 0 1 
Seq_Frame0133_ForcepToReference-SequenceTransformStatus = OK
Seq_Frame0133_Timestamp = 40.52
Seq_Frame0134_ForcepToReference-SequenceTransform =-0.164281 0.298816 -0.940064 58.2068 0.450304 0.870633 0.198054 202.99 0.877632 -0.390778 -0.277586 73.2552 0 0 0 1 
Seq_Frame0134_ForcepToReference-SequenceTransformStatus = OK
Seq_Frame0134_Timestamp = 40.623
Seq_Frame0135_ForcepToReference-SequenceTransform =-0.164281 0.298816 -0.940064 58.2068 0.450304 0.870633 0.198054 202.99 0.877632 -0.390778 -0.277586 73.2552 0 0 0 1 
Seq_Frame0135_ForcepToReference-SequenceTransformStatus = OK
Seq_Frame0135_Timestamp = 40.734
Seq_Frame0136_ForcepToReference-SequenceTransform =-0.164281 0.298816 -0.940064 58.2068 0.450304 0.870633 0.198054 202.99 0.877632 -0.390778 -0.277586 73.2552 0 0 0 1 
Seq_Frame0136_ForcepToReference-SequenceTransformStatus = OK
Seq_Frame0136_Timestamp = 40.839
Seq_Frame0137_ForcepToReference-SequenceTransform =-0.545506 -0.558543 -0.624862 30.1129 0.820281 -0.508764 -0.26134 204.64 -0.171938 -0.655125 0.735696 79.7301 0 0 0 1 
Seq_Frame0137_ForcepToReference-SequenceTransformStatus = OK
Seq_Frame0137_Timestamp = 40.949
Seq_Frame0138_ForcepToReference-SequenceTransform =-0.604882 -0.479377 -0.635858 41.7408 0.782457 -0.506118 -0.362775 212.485 -0.147913 -0.716968 0.681233 88.4331 0 0 0 1 
Seq_Frame0138_ForcepToReference-SequenceTransformStatus = OK
Seq_Frame0138_Timestamp = 41.053
Seq_Frame0139_ForcepToReference-SequenceTransform =-0.604882 -0.479377 -0.635858 41.7408 0.782457 -0.506118 -0.362775 212.485 -0.147913 -0.716968 0.681233 88.4331 0 0 0 1 
Seq_Frame0139_ForcepToReference-SequenceTransformStatus = OK
Seq_Frame0139_Timestamp = 41.158
Seq_Frame0140_ForcepToReference-SequenceTransform =-0.604882 -0.479377 -0.635858 41.7408 0.782457 -0.506118 -0.362775 212.485 -0.147913 -0.716968 0.681233 88.4331 0 0 0 1 
Seq_Frame0140_ForcepToReference-SequenceTransformStatus = OK
Seq_Frame0140_Timestamp = 41.266
Seq_Frame0141_ForcepToReference-SequenceTransform =-0.604882 -0.479377 -0.635858 41.7408 0.782457 -0.506118 -0.362775 212.485 -0.147913 -0.716968 0.681233 88.4331 0 0 0 1 
Seq_Frame0141_ForcepToReference-SequenceTransformStatus = OK
Seq_Frame0141_Timestamp = 41.369
Seq_Frame0142_ForcepToReference-SequenceTransform =-0.604882 -0.479377 -0.635858 41.7408 0.782457 -0.506118 -0.362775 212.485 -0.147913 -0.716968 0.681233 88.4331 0 0 0 1 
Seq_Frame0142_ForcepToReference-SequenceTransformStatus = OK
Seq_Frame0142_Timestamp = 41.478
Seq_Frame0143_ForcepToReference-SequenceTransform =-0.604882 -0.479377 -0.635858 41.7408 0.782457 -0.506118 -0.362775 212.485 -0.147913 -0.716968 0.681233 88.4331 0 0 0 1 
Seq_Frame0143_ForcepToReference-SequenceTransformStatus = OK
Seq_Frame0143_Timestamp = 41.583
Seq_Frame0144_ForcepToReference-SequenceTransform =-0.604882 -0.479377 -0.635858 41.7408 0.782457 -0.506118 -0.362775 212.485 -0.147913 -0.716968 0.681233 88.4331 0 0 0 1 
Seq_Frame0144_ForcepToReference-SequenceTransformStatus = OK
Seq_Frame0144_Timestamp = 41.686
Seq_Frame0145_ForcepToReference-SequenceTransform =-0.604882 -0.479377 -0.635858 41.7408 0.782457 -0.506118 -0.362775 212.485 -0.147913 -0.716968 0.681233 88.4331 0 0 0 1 
Seq_Frame0145_ForcepToReference-SequenceTransformStatus = OK
Seq_Frame0145_Timestamp = 41.793
Seq_Frame0146_ForcepToReference-SequenceTransform =-0.604882 -0.479377 -0.635858 41.7408 0.782457 -0.506118 -0.362775 212.485 -0.147913 -0.716968 0.681233 88.4331 0 0 0 1 
Seq_Frame0146_ForcepToReference-SequenceTransformStatus = OK
Seq_Frame0146_Timestamp = 41.898
Seq_Frame0147_ForcepToReference-SequenceTransform =-0.604882 -0.479377 -0.635858 41.7408 0.782457 -0.506118 -0.362775 212.485 -0.147913 -0.716968 0.681233 88.4331 0 0 0 1 
Seq_Frame0147_ForcepToReference-SequenceTransformStatus = OK
Seq_Frame0147_Timestamp = 42.003
Seq_Frame0148_ForcepToReference-SequenceTransform =-0.604882 -0.479377 -0.635858 41.7408 0.782457 -0.506118 -0.362775 212.485 -0.147913 -0.716968 0.681233 88.4331 0 0 0 1 
Seq_Frame0148_ForcepToReference-SequenceTransformStatus = OK
Seq_Frame0148_Timestamp = 42.112
Seq_Frame0149_ForcepToReference-SequenceTransform =-0.604882 -0.479377 -0.635858 41.7408 0.782457 -0.506118 -0.362775 212.485 -0.147913 -0.716968 0.681233 88.4331 0 0 0 1 
Seq_Frame0149_ForcepToReference-SequenceTransformStatus = OK
Seq_Frame0149_Timestamp = 42.216
Seq_Frame0150_ForcepToReference-SequenceTransform =-0.604882 -0.479377 -0.635858 41.7408 0.782457 -0.506118 -0.362775 212.485 -0.147913 -0.716968 0.681233 88.4331 0 0 0 1 
