ObjectType = Image
NDims = 3
AnatomicalOrientation = RAI
BinaryData = True
CompressedData = False
DimSize = 0 0 2871
ElementSpacing = 1 1 1
Offset = 0 0 0
TransformMatrix = 1 0 0 0 1 0 0 0 1
ElementType = MET_UCHAR
Kinds = domain domain list
Seq_Frame0000_DriverToReference-SequenceTransform =0.352232 0.935858 -0.0101374 59.7944 -0.933729 0.352129 0.0644606 36.221 0.0638956 -0.0132395 0.997869 62.3995 0 0 0 1 
Seq_Frame0000_DriverToReference-SequenceTransformStatus = OK
Seq_Frame0000_Timestamp = 0.00499988
Seq_Frame0001_DriverToReference-SequenceTransform =0.352861 0.935631 -0.009151 59.7939 -0.933383 0.352664 0.0665162 36.2259 0.0654619 -0.0149296 0.997743 62.3715 0 0 0 1 
Seq_Frame0001_DriverToReference-SequenceTransformStatus = OK
Seq_Frame0001_Timestamp = 0.111
Seq_Frame0002_DriverToReference-SequenceTransform =0.352637 0.935699 -0.0107135 59.7741 -0.933394 0.352536 0.0670344 36.2739 0.0665009 -0.0136389 0.997693 62.2967 0 0 0 1 
Seq_Frame0002_DriverToReference-SequenceTransformStatus = OK
Seq_Frame0002_Timestamp = 0.219
Seq_Frame0003_DriverToReference-SequenceTransform =0.354337 0.935102 -0.00540134 59.796 -0.932957 0.353905 0.065892 36.2742 0.0635273 -0.0183088 0.997812 62.4573 0 0 0 1 
Seq_Frame0003_DriverToReference-SequenceTransformStatus = OK
Seq_Frame0003_Timestamp = 0.329
Seq_Frame0004_DriverToReference-SequenceTransform =0.355003 0.934839 -0.00700829 59.8221 -0.932442 0.354613 0.0692879 36.4696 0.0672582 -0.0180626 0.997572 62.2757 0 0 0 1 
Seq_Frame0004_DriverToReference-SequenceTransformStatus = OK
Seq_Frame0004_Timestamp = 0.431
Seq_Frame0005_DriverToReference-SequenceTransform =0.352176 0.935882 -0.00983857 59.7773 -0.933772 0.352057 0.0642282 36.1509 0.0635737 -0.0134326 0.997887 62.3959 0 0 0 1 
Seq_Frame0005_DriverToReference-SequenceTransformStatus = OK
Seq_Frame0005_Timestamp = 0.537
Seq_Frame0006_DriverToReference-SequenceTransform =0.352685 0.935708 -0.00795852 59.6918 -0.933812 0.352491 0.0611936 35.8138 0.0600646 -0.0141503 0.998094 62.6326 0 0 0 1 
Seq_Frame0006_DriverToReference-SequenceTransformStatus = OK
Seq_Frame0006_Timestamp = 0.642
Seq_Frame0007_DriverToReference-SequenceTransform =0.359157 0.933276 -0.00106475 59.3558 -0.931234 0.358446 0.0657268 36.299 0.0617229 -0.0226147 0.997837 62.2743 0 0 0 1 
Seq_Frame0007_DriverToReference-SequenceTransformStatus = OK
Seq_Frame0007_Timestamp = 0.752
Seq_Frame0008_DriverToReference-SequenceTransform =0.337719 0.941051 0.0191999 56.2205 -0.939359 0.33568 0.0701674 38.3145 0.0595861 -0.0417324 0.99735 63.8913 0 0 0 1 
Seq_Frame0008_DriverToReference-SequenceTransformStatus = OK
Seq_Frame0008_Timestamp = 0.855
Seq_Frame0009_DriverToReference-SequenceTransform =0.254634 0.966688 0.0259781 54.6036 -0.965007 0.252268 0.0715639 35.1194 0.0626265 -0.0432917 0.997098 57.4584 0 0 0 1 
Seq_Frame0009_DriverToReference-SequenceTransformStatus = OK
Seq_Frame0009_Timestamp = 0.961
Seq_Frame0010_DriverToReference-SequenceTransform =0.220648 0.975228 -0.0156402 53.5412 -0.972233 0.221195 0.0763931 36.6722 0.0779603 -0.00165004 0.996955 58.9565 0 0 0 1 
Seq_Frame0010_DriverToReference-SequenceTransformStatus = OK
Seq_Frame0010_Timestamp = 1.066
Seq_Frame0011_DriverToReference-SequenceTransform =0.166432 0.985578 -0.0306067 53.2316 -0.983051 0.168266 0.0727886 37.8342 0.0768888 0.0179736 0.996878 59.6459 0 0 0 1 
Seq_Frame0011_DriverToReference-SequenceTransformStatus = OK
Seq_Frame0011_Timestamp = 1.17
Seq_Frame0012_DriverToReference-SequenceTransform =0.0818122 0.996062 -0.0341725 54.4932 -0.992932 0.0844174 0.083428 38.9149 0.0859842 0.0271055 0.995928 60.2119 0 0 0 1 
Seq_Frame0012_DriverToReference-SequenceTransformStatus = OK
Seq_Frame0012_Timestamp = 1.27
Seq_Frame0013_DriverToReference-SequenceTransform =0.0576815 0.99562 -0.0735754 58.0255 -0.993696 0.064354 0.0918004 38.7052 0.0961332 0.0678164 0.993056 60.3616 0 0 0 1 
Seq_Frame0013_DriverToReference-SequenceTransformStatus = OK
Seq_Frame0013_Timestamp = 1.377
Seq_Frame0014_DriverToReference-SequenceTransform =-0.166078 -0.2804 -0.945407 61.8077 -0.206305 0.947385 -0.244745 37.3807 0.96429 0.154395 -0.215188 56.0324 0 0 0 1 
Seq_Frame0014_DriverToReference-SequenceTransformStatus = OK
Seq_Frame0014_Timestamp = 1.477
Seq_Frame0015_DriverToReference-SequenceTransform =-0.0063929 0.988433 -0.151521 63.5575 -0.996355 -0.0191854 -0.0831165 42.7905 -0.0850621 0.150437 0.984953 57.7631 0 0 0 1 
Seq_Frame0015_DriverToReference-SequenceTransformStatus = OK
Seq_Frame0015_Timestamp = 1.586
Seq_Frame0016_DriverToReference-SequenceTransform =-0.0355137 0.994519 -0.0983413 61.1756 -0.997852 -0.0407076 -0.0513223 51.2019 -0.0550442 0.0963074 0.993828 48.5396 0 0 0 1 
Seq_Frame0016_DriverToReference-SequenceTransformStatus = OK
Seq_Frame0016_Timestamp = 1.692
Seq_Frame0017_DriverToReference-SequenceTransform =0.0850358 0.993346 0.077666 58.2965 -0.986731 0.0947771 -0.131834 81.1481 -0.138318 -0.0654248 0.988225 33.1633 0 0 0 1 
Seq_Frame0017_DriverToReference-SequenceTransformStatus = OK
Seq_Frame0017_Timestamp = 1.808
Seq_Frame0018_DriverToReference-SequenceTransform =0.262702 0.954142 0.143527 49.9062 -0.898274 0.296155 -0.324649 140.936 -0.352267 -0.0436405 0.934881 46.7759 0 0 0 1 
Seq_Frame0018_DriverToReference-SequenceTransformStatus = OK
Seq_Frame0018_Timestamp = 1.916
Seq_Frame0019_DriverToReference-SequenceTransform =0.262702 0.954142 0.143527 49.9062 -0.898274 0.296155 -0.324649 140.936 -0.352267 -0.0436405 0.934881 46.7759 0 0 0 1 
Seq_Frame0019_DriverToReference-SequenceTransformStatus = OK
Seq_Frame0019_Timestamp = 2.026
Seq_Frame0020_DriverToReference-SequenceTransform =0.262702 0.954142 0.143527 49.9062 -0.898274 0.296155 -0.324649 140.936 -0.352267 -0.0436405 0.934881 46.7759 0 0 0 1 
Seq_Frame0020_DriverToReference-SequenceTransformStatus = OK
Seq_Frame0020_Timestamp = 2.136
Seq_Frame0021_DriverToReference-SequenceTransform =0.262702 0.954142 0.143527 49.9062 -0.898274 0.296155 -0.324649 140.936 -0.352267 -0.0436405 0.934881 46.7759 0 0 0 1 
Seq_Frame0021_DriverToReference-SequenceTransformStatus = OK
Seq_Frame0021_Timestamp = 2.237
Seq_Frame0022_DriverToReference-SequenceTransform =0.262702 0.954142 0.143527 49.9062 -0.898274 0.296155 -0.324649 140.936 -0.352267 -0.0436405 0.934881 46.7759 0 0 0 1 
Seq_Frame0022_DriverToReference-SequenceTransformStatus = OK
Seq_Frame0022_Timestamp = 2.351
Seq_Frame0023_DriverToReference-SequenceTransform =0.262702 0.954142 0.143527 49.9062 -0.898274 0.296155 -0.324649 140.936 -0.352267 -0.0436405 0.934881 46.7759 0 0 0 1 
Seq_Frame0023_DriverToReference-SequenceTransformStatus = OK
Seq_Frame0023_Timestamp = 2.455
Seq_Frame0024_DriverToReference-SequenceTransform =0.262702 0.954142 0.143527 49.9062 -0.898274 0.296155 -0.324649 140.936 -0.352267 -0.0436405 0.934881 46.7759 0 0 0 1 
Seq_Frame0024_DriverToReference-SequenceTransformStatus = OK
Seq_Frame0024_Timestamp = 2.561
Seq_Frame0025_DriverToReference-SequenceTransform =0.262702 0.954142 0.143527 49.9062 -0.898274 0.296155 -0.324649 140.936 -0.352267 -0.0436405 0.934881 46.7759 0 0 0 1 
Seq_Frame0025_DriverToReference-SequenceTransformStatus = OK
Seq_Frame0025_Timestamp = 2.661
Seq_Frame0026_DriverToReference-SequenceTransform =0.262702 0.954142 0.143527 49.9062 -0.898274 0.296155 -0.324649 140.936 -0.352267 -0.0436405 0.934881 46.7759 0 0 0 1 
Seq_Frame0026_DriverToReference-SequenceTransformStatus = OK
Seq_Frame0026_Timestamp = 2.769
Seq_Frame0027_DriverToReference-SequenceTransform =0.262702 0.954142 0.143527 49.9062 -0.898274 0.296155 -0.324649 140.936 -0.352267 -0.0436405 0.934881 46.7759 0 0 0 1 
Seq_Frame0027_DriverToReference-SequenceTransformStatus = OK
Seq_Frame0027_Timestamp = 2.871
Seq_Frame0028_DriverToReference-SequenceTransform =0.262702 0.954142 0.143527 49.9062 -0.898274 0.296155 -0.324649 140.936 -0.352267 -0.0436405 0.934881 46.7759 0 0 0 1 
Seq_Frame0028_DriverToReference-SequenceTransformStatus = OK
Seq_Frame0028_Timestamp = 2.976
Seq_Frame0029_DriverToReference-SequenceTransform =0.262702 0.954142 0.143527 49.9062 -0.898274 0.296155 -0.324649 140.936 -0.352267 -0.0436405 0.934881 46.7759 0 0 0 1 
Seq_Frame0029_DriverToReference-SequenceTransformStatus = OK
Seq_Frame0029_Timestamp = 3.077
Seq_Frame0030_DriverToReference-SequenceTransform =0.262702 0.954142 0.143527 49.9062 -0.898274 0.296155 -0.324649 140.936 -0.352267 -0.0436405 0.934881 46.7759 0 0 0 1 
Seq_Frame0030_DriverToReference-SequenceTransformStatus = OK
Seq_Frame0030_Timestamp = 3.186
Seq_Frame0031_DriverToReference-SequenceTransform =0.262702 0.954142 0.143527 49.9062 -0.898274 0.296155 -0.324649 140.936 -0.352267 -0.0436405 0.934881 46.7759 0 0 0 1 
Seq_Frame0031_DriverToReference-SequenceTransformStatus = OK
Seq_Frame0031_Timestamp = 3.291
Seq_Frame0032_DriverToReference-SequenceTransform =-0.153885 0.163906 -0.9744 -0.295345 0.369156 -0.905199 -0.210566 333.427 -0.916539 -0.392108 0.0787894 224.484 0 0 0 1 
Seq_Frame0032_DriverToReference-SequenceTransformStatus = OK
Seq_Frame0032_Timestamp = 3.392
Seq_Frame0033_DriverToReference-SequenceTransform =-0.278809 0.18202 -0.942939 15.1471 0.321117 -0.907687 -0.270163 320.721 -0.905069 -0.378118 0.194622 208.047 0 0 0 1 
Seq_Frame0033_DriverToReference-SequenceTransformStatus = OK
Seq_Frame0033_Timestamp = 3.496
Seq_Frame0034_DriverToReference-SequenceTransform =-0.363238 0.280465 -0.88848 22.3138 0.194751 -0.909694 -0.366782 305.708 -0.911115 -0.306261 0.275815 196.729 0 0 0 1 
Seq_Frame0034_DriverToReference-SequenceTransformStatus = OK
Seq_Frame0034_Timestamp = 3.602
Seq_Frame0035_DriverToReference-SequenceTransform =-0.373432 0.250611 -0.893165 25.4225 0.208613 -0.915469 -0.34409 295.962 -0.903897 -0.31482 0.289584 190.254 0 0 0 1 
Seq_Frame0035_DriverToReference-SequenceTransformStatus = OK
Seq_Frame0035_Timestamp = 3.71
Seq_Frame0036_DriverToReference-SequenceTransform =-0.415246 0.25352 -0.873669 23.8537 0.165806 -0.923205 -0.3467 291.003 -0.894471 -0.288826 0.341322 191.461 0 0 0 1 
Seq_Frame0036_DriverToReference-SequenceTransformStatus = OK
Seq_Frame0036_Timestamp = 3.816
Seq_Frame0037_DriverToReference-SequenceTransform =-0.432475 0.254596 -0.864955 25.2039 0.200912 -0.907976 -0.367714 296.922 -0.878977 -0.332807 0.341526 195.588 0 0 0 1 
Seq_Frame0037_DriverToReference-SequenceTransformStatus = OK
Seq_Frame0037_Timestamp = 3.926
Seq_Frame0038_DriverToReference-SequenceTransform =-0.390208 0.252717 -0.885365 33.2859 0.284483 -0.881451 -0.37698 307.239 -0.875675 -0.398971 0.272056 211.714 0 0 0 1 
Seq_Frame0038_DriverToReference-SequenceTransformStatus = OK
Seq_Frame0038_Timestamp = 4.031
Seq_Frame0039_DriverToReference-SequenceTransform =-0.358236 0.299896 -0.884154 34.9449 0.25419 -0.879903 -0.401445 332.813 -0.898362 -0.368555 0.238982 215.057 0 0 0 1 
Seq_Frame0039_DriverToReference-SequenceTransformStatus = OK
Seq_Frame0039_Timestamp = 4.216
Seq_Frame0040_DriverToReference-SequenceTransform =-0.336759 0.274199 -0.900782 37.0732 0.251754 -0.895611 -0.366743 334.829 -0.907311 -0.35028 0.232575 227.322 0 0 0 1 
Seq_Frame0040_DriverToReference-SequenceTransformStatus = OK
Seq_Frame0040_Timestamp = 4.317
Seq_Frame0041_DriverToReference-SequenceTransform =-0.348725 0.29819 -0.888523 34.369 0.271796 -0.87512 -0.400366 344.229 -0.896949 -0.381114 0.224129 240.552 0 0 0 1 
Seq_Frame0041_DriverToReference-SequenceTransformStatus = OK
Seq_Frame0041_Timestamp = 4.422
Seq_Frame0042_DriverToReference-SequenceTransform =-0.322037 0.317741 -0.891814 40.1121 0.261128 -0.875645 -0.406274 347.305 -0.910002 -0.363713 0.199019 253.31 0 0 0 1 
Seq_Frame0042_DriverToReference-SequenceTransformStatus = OK
Seq_Frame0042_Timestamp = 4.538
Seq_Frame0043_DriverToReference-SequenceTransform =-0.280476 0.340672 -0.897371 45.5834 0.272984 -0.86798 -0.414837 347.124 -0.920224 -0.36132 0.15045 262.789 0 0 0 1 
Seq_Frame0043_DriverToReference-SequenceTransformStatus = OK
Seq_Frame0043_Timestamp = 4.641
Seq_Frame0044_DriverToReference-SequenceTransform =-0.25634 0.353345 -0.899687 50.3071 0.264563 -0.869595 -0.416906 347.082 -0.929675 -0.344894 0.12943 267.342 0 0 0 1 
Seq_Frame0044_DriverToReference-SequenceTransformStatus = OK
Seq_Frame0044_Timestamp = 4.741
Seq_Frame0045_DriverToReference-SequenceTransform =-0.227523 0.357457 -0.905791 53.8127 0.271453 -0.870032 -0.411531 342.888 -0.935172 -0.339513 0.10092 269.401 0 0 0 1 
Seq_Frame0045_DriverToReference-SequenceTransformStatus = OK
Seq_Frame0045_Timestamp = 4.847
Seq_Frame0046_DriverToReference-SequenceTransform =-0.216887 0.359409 -0.907626 55.9519 0.270119 -0.871359 -0.409596 338.558 -0.938081 -0.334003 0.0919035 268.631 0 0 0 1 
Seq_Frame0046_DriverToReference-SequenceTransformStatus = OK
Seq_Frame0046_Timestamp = 4.951
Seq_Frame0047_DriverToReference-SequenceTransform =-0.207463 0.361643 -0.908941 57.897 0.266659 -0.873063 -0.408232 335.799 -0.941197 -0.327071 0.084693 266.177 0 0 0 1 
Seq_Frame0047_DriverToReference-SequenceTransformStatus = OK
Seq_Frame0047_Timestamp = 5.053
Seq_Frame0048_DriverToReference-SequenceTransform =-0.194438 0.361534 -0.911859 59.8309 0.26556 -0.875484 -0.403739 331.8 -0.944284 -0.320656 0.0742187 264.098 0 0 0 1 
Seq_Frame0048_DriverToReference-SequenceTransformStatus = OK
Seq_Frame0048_Timestamp = 5.157
Seq_Frame0049_DriverToReference-SequenceTransform =-0.188593 0.370455 -0.909503 61.1961 0.240854 -0.880389 -0.40854 329.53 -0.952062 -0.296105 0.0768098 263.41 0 0 0 1 
Seq_Frame0049_DriverToReference-SequenceTransformStatus = OK
Seq_Frame0049_Timestamp = 5.262
Seq_Frame0050_DriverToReference-SequenceTransform =-0.18803 0.354373 -0.916005 62.0853 0.258276 -0.881975 -0.394224 327.882 -0.947596 -0.310708 0.0743116 262.998 0 0 0 1 
Seq_Frame0050_DriverToReference-SequenceTransformStatus = OK
Seq_Frame0050_Timestamp = 5.366
Seq_Frame0051_DriverToReference-SequenceTransform =-0.178166 0.35776 -0.916659 63.0134 0.25588 -0.882671 -0.394229 327.104 -0.950149 -0.304793 0.0657186 263.78 0 0 0 1 
Seq_Frame0051_DriverToReference-SequenceTransformStatus = OK
Seq_Frame0051_Timestamp = 5.471
Seq_Frame0052_DriverToReference-SequenceTransform =-0.17809 0.349522 -0.919847 65.0658 0.262209 -0.884136 -0.386718 327.157 -0.948436 -0.310063 0.0658078 265.198 0 0 0 1 
Seq_Frame0052_DriverToReference-SequenceTransformStatus = OK
Seq_Frame0052_Timestamp = 5.576
Seq_Frame0053_DriverToReference-SequenceTransform =-0.175377 0.356133 -0.91783 67.4441 0.243784 -0.887536 -0.39096 326.681 -0.953841 -0.292317 0.0688339 267.498 0 0 0 1 
Seq_Frame0053_DriverToReference-SequenceTransformStatus = OK
Seq_Frame0053_Timestamp = 5.682
Seq_Frame0054_DriverToReference-SequenceTransform =-0.174265 0.358114 -0.917271 68.5724 0.240508 -0.887833 -0.392313 325.979 -0.954876 -0.288977 0.0685891 268.8 0 0 0 1 
Seq_Frame0054_DriverToReference-SequenceTransformStatus = OK
Seq_Frame0054_Timestamp = 5.787
Seq_Frame0055_DriverToReference-SequenceTransform =-0.175809 0.352258 -0.919242 69.216 0.245933 -0.888461 -0.387498 326.344 -0.953209 -0.294198 0.0695671 269.823 0 0 0 1 
Seq_Frame0055_DriverToReference-SequenceTransformStatus = OK
Seq_Frame0055_Timestamp = 5.897
Seq_Frame0056_DriverToReference-SequenceTransform =-0.164452 0.354636 -0.920429 69.8209 0.24572 -0.888987 -0.386425 326.423 -0.955289 -0.289716 0.0590544 270.485 0 0 0 1 
Seq_Frame0056_DriverToReference-SequenceTransformStatus = OK
Seq_Frame0056_Timestamp = 5.997
Seq_Frame0057_DriverToReference-SequenceTransform =-0.166537 0.345186 -0.923641 70.5462 0.258867 -0.888559 -0.37875 326.481 -0.951448 -0.302176 0.0586203 270.239 0 0 0 1 
Seq_Frame0057_DriverToReference-SequenceTransformStatus = OK
Seq_Frame0057_Timestamp = 6.113
Seq_Frame0058_DriverToReference-SequenceTransform =-0.166403 0.34673 -0.923086 70.2614 0.255563 -0.888985 -0.379991 327.29 -0.952364 -0.299138 0.0593181 271.037 0 0 0 1 
Seq_Frame0058_DriverToReference-SequenceTransformStatus = OK
Seq_Frame0058_Timestamp = 6.222
Seq_Frame0059_DriverToReference-SequenceTransform =-0.16695 0.347887 -0.922552 70.5781 0.25625 -0.888221 -0.381314 328.323 -0.952084 -0.300064 0.0591425 271.181 0 0 0 1 
Seq_Frame0059_DriverToReference-SequenceTransformStatus = OK
Seq_Frame0059_Timestamp = 6.323
Seq_Frame0060_DriverToReference-SequenceTransform =-0.165829 0.324497 -0.931237 71.3667 0.278293 -0.890532 -0.359869 326.545 -0.946073 -0.318834 0.0573704 271.236 0 0 0 1 
Seq_Frame0060_DriverToReference-SequenceTransformStatus = OK
Seq_Frame0060_Timestamp = 6.429
Seq_Frame0061_DriverToReference-SequenceTransform =-0.171307 0.313831 -0.933897 71.0436 0.279179 -0.893593 -0.351497 325.897 -0.944835 -0.320938 0.065464 271.444 0 0 0 1 
Seq_Frame0061_DriverToReference-SequenceTransformStatus = OK
Seq_Frame0061_Timestamp = 6.532
Seq_Frame0062_DriverToReference-SequenceTransform =-0.183818 0.315073 -0.931096 71.1742 0.26294 -0.896957 -0.355431 326.368 -0.94714 -0.310157 0.0820317 271.87 0 0 0 1 
Seq_Frame0062_DriverToReference-SequenceTransformStatus = OK
Seq_Frame0062_Timestamp = 6.632
Seq_Frame0063_DriverToReference-SequenceTransform =-0.181761 0.313965 -0.931874 71.7405 0.269717 -0.895397 -0.354283 326.536 -0.94563 -0.315737 0.0780664 272.204 0 0 0 1 
Seq_Frame0063_DriverToReference-SequenceTransformStatus = OK
Seq_Frame0063_Timestamp = 6.739
Seq_Frame0064_DriverToReference-SequenceTransform =-0.184431 0.33301 -0.924711 72.887 0.235852 -0.898364 -0.370562 326.335 -0.954127 -0.286438 0.0871452 272.718 0 0 0 1 
Seq_Frame0064_DriverToReference-SequenceTransformStatus = OK
Seq_Frame0064_Timestamp = 6.842
Seq_Frame0065_DriverToReference-SequenceTransform =-0.184281 0.321536 -0.928792 73.4851 0.249023 -0.898869 -0.360586 324.325 -0.950804 -0.29774 0.085575 271.623 0 0 0 1 
Seq_Frame0065_DriverToReference-SequenceTransformStatus = OK
Seq_Frame0065_Timestamp = 6.948
Seq_Frame0066_DriverToReference-SequenceTransform =-0.187606 0.313491 -0.930874 75.0773 0.249786 -0.901319 -0.353879 322.042 -0.949953 -0.29891 0.0907875 270.254 0 0 0 1 
Seq_Frame0066_DriverToReference-SequenceTransformStatus = OK
Seq_Frame0066_Timestamp = 7.055
Seq_Frame0067_DriverToReference-SequenceTransform =-0.171655 0.302431 -0.937587 76.7344 0.262008 -0.903423 -0.33938 321.167 -0.949677 -0.303912 0.0758378 269.138 0 0 0 1 
Seq_Frame0067_DriverToReference-SequenceTransformStatus = OK
Seq_Frame0067_Timestamp = 7.159
Seq_Frame0068_DriverToReference-SequenceTransform =-0.165562 0.305733 -0.937612 77.3409 0.252299 -0.905963 -0.339964 320.679 -0.95338 -0.292844 0.0728573 268.604 0 0 0 1 
Seq_Frame0068_DriverToReference-SequenceTransformStatus = OK
Seq_Frame0068_Timestamp = 7.264
Seq_Frame0069_DriverToReference-SequenceTransform =-0.137165 0.294933 -0.945622 81.1323 0.256544 -0.911494 -0.321501 319.823 -0.95675 -0.286693 0.0493619 267.584 0 0 0 1 
Seq_Frame0069_DriverToReference-SequenceTransformStatus = OK
Seq_Frame0069_Timestamp = 7.373
Seq_Frame0070_DriverToReference-SequenceTransform =-0.128904 0.293644 -0.947184 81.1467 0.267602 -0.909417 -0.318354 319.47 -0.954868 -0.294505 0.0386483 267.206 0 0 0 1 
Seq_Frame0070_DriverToReference-SequenceTransformStatus = OK
Seq_Frame0070_Timestamp = 7.479
Seq_Frame0071_DriverToReference-SequenceTransform =-0.131531 0.296622 -0.945894 82.8535 0.242914 -0.915448 -0.320853 319.006 -0.961089 -0.271973 0.0483558 267.943 0 0 0 1 
Seq_Frame0071_DriverToReference-SequenceTransformStatus = OK
Seq_Frame0071_Timestamp = 7.583
Seq_Frame0072_DriverToReference-SequenceTransform =-0.129501 0.296789 -0.946121 83.0818 0.236453 -0.917388 -0.320141 318.858 -0.962974 -0.265172 0.0486253 267.634 0 0 0 1 
Seq_Frame0072_DriverToReference-SequenceTransformStatus = OK
Seq_Frame0072_Timestamp = 7.687
Seq_Frame0073_DriverToReference-SequenceTransform =-0.110208 0.287679 -0.951365 83.7577 0.263568 -0.914467 -0.307054 318.701 -0.958325 -0.284589 0.0249587 266.886 0 0 0 1 
Seq_Frame0073_DriverToReference-SequenceTransformStatus = OK
Seq_Frame0073_Timestamp = 7.794
Seq_Frame0074_DriverToReference-SequenceTransform =-0.116704 0.292332 -0.949169 85.4125 0.251296 -0.915909 -0.312986 319.37 -0.960849 -0.275049 0.0334287 268.538 0 0 0 1 
Seq_Frame0074_DriverToReference-SequenceTransformStatus = OK
Seq_Frame0074_Timestamp = 7.903
Seq_Frame0075_DriverToReference-SequenceTransform =-0.120612 0.284871 -0.950948 85.7286 0.244874 -0.919801 -0.306599 320.417 -0.962024 -0.269842 0.0411821 269.273 0 0 0 1 
Seq_Frame0075_DriverToReference-SequenceTransformStatus = OK
Seq_Frame0075_Timestamp = 8.006
Seq_Frame0076_DriverToReference-SequenceTransform =-0.112068 0.267806 -0.956933 85.6984 0.262768 -0.920734 -0.288449 321.159 -0.958329 -0.283777 0.0328138 269.615 0 0 0 1 
Seq_Frame0076_DriverToReference-SequenceTransformStatus = OK
Seq_Frame0076_Timestamp = 8.112
Seq_Frame0077_DriverToReference-SequenceTransform =-0.113548 0.280163 -0.953213 86.6493 0.239207 -0.923487 -0.29992 321.285 -0.964306 -0.26207 0.0378434 270.065 0 0 0 1 
Seq_Frame0077_DriverToReference-SequenceTransformStatus = OK
Seq_Frame0077_Timestamp = 8.217
Seq_Frame0078_DriverToReference-SequenceTransform =-0.115571 0.273511 -0.954901 86.6327 0.240676 -0.924985 -0.294071 321.564 -0.9637 -0.263807 0.0410736 269.785 0 0 0 1 
Seq_Frame0078_DriverToReference-SequenceTransformStatus = OK
Seq_Frame0078_Timestamp = 8.322
Seq_Frame0079_DriverToReference-SequenceTransform =-0.116992 0.274014 -0.954583 86.5232 0.239048 -0.925155 -0.294863 321.424 -0.963934 -0.262688 0.0427333 269.878 0 0 0 1 
Seq_Frame0079_DriverToReference-SequenceTransformStatus = OK
Seq_Frame0079_Timestamp = 8.43
Seq_Frame0080_DriverToReference-SequenceTransform =-0.11065 0.264676 -0.957968 86.8752 0.257231 -0.923416 -0.284841 321.772 -0.959994 -0.277937 0.0340933 269.989 0 0 0 1 
Seq_Frame0080_DriverToReference-SequenceTransformStatus = OK
Seq_Frame0080_Timestamp = 8.536
Seq_Frame0081_DriverToReference-SequenceTransform =-0.117049 0.274935 -0.954311 86.4508 0.237733 -0.925223 -0.295713 321.848 -0.964252 -0.261485 0.0429355 269.735 0 0 0 1 
Seq_Frame0081_DriverToReference-SequenceTransformStatus = OK
Seq_Frame0081_Timestamp = 8.646
Seq_Frame0082_DriverToReference-SequenceTransform =-0.118827 0.276866 -0.953533 86.5685 0.241567 -0.923421 -0.298226 321.792 -0.963081 -0.265779 0.0428457 269.594 0 0 0 1 
Seq_Frame0082_DriverToReference-SequenceTransformStatus = OK
Seq_Frame0082_Timestamp = 8.753
Seq_Frame0083_DriverToReference-SequenceTransform =-0.128945 0.287656 -0.949014 86.4896 0.228132 -0.922729 -0.310686 321.176 -0.965054 -0.256562 0.0533579 269.973 0 0 0 1 
Seq_Frame0083_DriverToReference-SequenceTransformStatus = OK
Seq_Frame0083_Timestamp = 8.863
Seq_Frame0084_DriverToReference-SequenceTransform =-0.123596 0.286693 -0.950016 86.835 0.230909 -0.922768 -0.308512 320.878 -0.965093 -0.257498 0.0478507 270.105 0 0 0 1 
Seq_Frame0084_DriverToReference-SequenceTransformStatus = OK
Seq_Frame0084_Timestamp = 8.969
Seq_Frame0085_DriverToReference-SequenceTransform =-0.118235 0.282727 -0.951886 86.8575 0.238138 -0.922562 -0.303596 321.173 -0.964008 -0.262575 0.0417508 269.64 0 0 0 1 
Seq_Frame0085_DriverToReference-SequenceTransformStatus = OK
Seq_Frame0085_Timestamp = 9.075
Seq_Frame0086_DriverToReference-SequenceTransform =-0.131034 0.28724 -0.948853 86.3311 0.221936 -0.924315 -0.310461 321.123 -0.966217 -0.251266 0.0573681 269.417 0 0 0 1 
Seq_Frame0086_DriverToReference-SequenceTransformStatus = OK
Seq_Frame0086_Timestamp = 9.182
Seq_Frame0087_DriverToReference-SequenceTransform =-0.124844 0.288653 -0.949259 86.6483 0.225873 -0.923354 -0.310482 321.222 -0.966124 -0.253174 0.050076 269.549 0 0 0 1 
Seq_Frame0087_DriverToReference-SequenceTransformStatus = OK
Seq_Frame0087_Timestamp = 9.285
Seq_Frame0088_DriverToReference-SequenceTransform =-0.124433 0.266807 -0.955683 87.0212 0.241715 -0.926001 -0.289993 322.139 -0.962336 -0.267087 0.0507343 269.786 0 0 0 1 
Seq_Frame0088_DriverToReference-SequenceTransformStatus = OK
Seq_Frame0088_Timestamp = 9.39
Seq_Frame0089_DriverToReference-SequenceTransform =-0.108662 0.252224 -0.961549 85.9786 0.263951 -0.925234 -0.272527 323.119 -0.958396 -0.283415 0.0339627 269.656 0 0 0 1 
Seq_Frame0089_DriverToReference-SequenceTransformStatus = OK
Seq_Frame0089_Timestamp = 9.495
Seq_Frame0090_DriverToReference-SequenceTransform =-0.12332 0.243643 -0.961993 85.9226 0.245077 -0.931888 -0.267436 323.875 -0.961629 -0.268742 0.0552091 270.35 0 0 0 1 
Seq_Frame0090_DriverToReference-SequenceTransformStatus = OK
Seq_Frame0090_Timestamp = 9.601
Seq_Frame0091_DriverToReference-SequenceTransform =-0.125101 0.241244 -0.962368 85.7967 0.239049 -0.934082 -0.265228 323.788 -0.962915 -0.263233 0.0591853 270.065 0 0 0 1 
Seq_Frame0091_DriverToReference-SequenceTransformStatus = OK
Seq_Frame0091_Timestamp = 9.708
Seq_Frame0092_DriverToReference-SequenceTransform =-0.130227 0.237943 -0.962509 86.0758 0.238901 -0.934644 -0.263378 323.608 -0.962272 -0.264243 0.0648709 270.199 0 0 0 1 
Seq_Frame0092_DriverToReference-SequenceTransformStatus = OK
Seq_Frame0092_Timestamp = 9.816
Seq_Frame0093_DriverToReference-SequenceTransform =-0.130957 0.239972 -0.961906 86.2127 0.235588 -0.934936 -0.265317 323.554 -0.962989 -0.261359 0.065902 270.08 0 0 0 1 
Seq_Frame0093_DriverToReference-SequenceTransformStatus = OK
Seq_Frame0093_Timestamp = 9.923
Seq_Frame0094_DriverToReference-SequenceTransform =-0.130659 0.244803 -0.960729 86.4336 0.238343 -0.932861 -0.270116 323.177 -0.962352 -0.264276 0.0635401 269.39 0 0 0 1 
Seq_Frame0094_DriverToReference-SequenceTransformStatus = OK
Seq_Frame0094_Timestamp = 10.031
Seq_Frame0095_DriverToReference-SequenceTransform =-0.1322 0.250213 -0.959123 86.3872 0.228712 -0.933806 -0.275132 323.094 -0.964476 -0.255735 0.0662222 269.175 0 0 0 1 
Seq_Frame0095_DriverToReference-SequenceTransformStatus = OK
Seq_Frame0095_Timestamp = 10.136
Seq_Frame0096_DriverToReference-SequenceTransform =-0.132289 0.253727 -0.958187 86.4289 0.222286 -0.934468 -0.278135 322.467 -0.965965 -0.249786 0.0672203 269.01 0 0 0 1 
Seq_Frame0096_DriverToReference-SequenceTransformStatus = OK
Seq_Frame0096_Timestamp = 10.242
Seq_Frame0097_DriverToReference-SequenceTransform =-0.134213 0.249528 -0.959022 87.106 0.223881 -0.93512 -0.274641 322.217 -0.965331 -0.251567 0.0696404 269.003 0 0 0 1 
Seq_Frame0097_DriverToReference-SequenceTransformStatus = OK
Seq_Frame0097_Timestamp = 10.349
Seq_Frame0098_DriverToReference-SequenceTransform =-0.122054 0.248542 -0.9609 87.3409 0.222344 -0.936686 -0.270521 321.392 -0.967298 -0.246668 0.0590641 267.893 0 0 0 1 
Seq_Frame0098_DriverToReference-SequenceTransformStatus = OK
Seq_Frame0098_Timestamp = 10.457
Seq_Frame0099_DriverToReference-SequenceTransform =-0.138859 0.242331 -0.960205 87.3327 0.19955 -0.942863 -0.266813 319.443 -0.969999 -0.228658 0.0825682 266.269 0 0 0 1 
Seq_Frame0099_DriverToReference-SequenceTransformStatus = OK
Seq_Frame0099_Timestamp = 10.565
Seq_Frame0100_DriverToReference-SequenceTransform =-0.160573 0.22729 -0.960497 84.6178 0.134832 -0.958951 -0.249465 314.822 -0.977771 -0.169563 0.123336 261.136 0 0 0 1 
Seq_Frame0100_DriverToReference-SequenceTransformStatus = OK
Seq_Frame0100_Timestamp = 10.673
Seq_Frame0101_DriverToReference-SequenceTransform =-0.31897 0.356294 -0.878244 70.0014 -0.000601097 -0.926724 -0.375743 311.265 -0.947765 -0.119323 0.295811 247.58 0 0 0 1 
Seq_Frame0101_DriverToReference-SequenceTransformStatus = OK
Seq_Frame0101_Timestamp = 10.783
Seq_Frame0102_DriverToReference-SequenceTransform =-0.496063 0.588935 -0.638026 43.7026 -0.231272 -0.797885 -0.556681 308.107 -0.83692 -0.128591 0.532005 230.373 0 0 0 1 
Seq_Frame0102_DriverToReference-SequenceTransformStatus = OK
Seq_Frame0102_Timestamp = 10.889
Seq_Frame0103_DriverToReference-SequenceTransform =-0.482222 0.815045 -0.321189 19.6873 -0.526402 -0.562646 -0.63744 287.572 -0.700259 -0.138313 0.700362 219.294 0 0 0 1 
Seq_Frame0103_DriverToReference-SequenceTransformStatus = OK
Seq_Frame0103_Timestamp = 10.997
Seq_Frame0104_DriverToReference-SequenceTransform =-0.351384 0.924101 -0.15022 10.6388 -0.74232 -0.372772 -0.556778 270.318 -0.570517 -0.0841316 0.816965 220.607 0 0 0 1 
Seq_Frame0104_DriverToReference-SequenceTransformStatus = OK
Seq_Frame0104_Timestamp = 11.145
Seq_Frame0105_DriverToReference-SequenceTransform =-0.351384 0.924101 -0.15022 10.6388 -0.74232 -0.372772 -0.556778 270.318 -0.570517 -0.0841316 0.816965 220.607 0 0 0 1 
Seq_Frame0105_DriverToReference-SequenceTransformStatus = OK
Seq_Frame0105_Timestamp = 11.254
Seq_Frame0106_DriverToReference-SequenceTransform =-0.351384 0.924101 -0.15022 10.6388 -0.74232 -0.372772 -0.556778 270.318 -0.570517 -0.0841316 0.816965 220.607 0 0 0 1 
Seq_Frame0106_DriverToReference-SequenceTransformStatus = OK
Seq_Frame0106_Timestamp = 11.357
Seq_Frame0107_DriverToReference-SequenceTransform =-0.351384 0.924101 -0.15022 10.6388 -0.74232 -0.372772 -0.556778 270.318 -0.570517 -0.0841316 0.816965 220.607 0 0 0 1 
Seq_Frame0107_DriverToReference-SequenceTransformStatus = OK
Seq_Frame0107_Timestamp = 11.47
Seq_Frame0108_DriverToReference-SequenceTransform =-0.351384 0.924101 -0.15022 10.6388 -0.74232 -0.372772 -0.556778 270.318 -0.570517 -0.0841316 0.816965 220.607 0 0 0 1 
Seq_Frame0108_DriverToReference-SequenceTransformStatus = OK
Seq_Frame0108_Timestamp = 11.57
Seq_Frame0109_DriverToReference-SequenceTransform =-0.351384 0.924101 -0.15022 10.6388 -0.74232 -0.372772 -0.556778 270.318 -0.570517 -0.0841316 0.816965 220.607 0 0 0 1 
Seq_Frame0109_DriverToReference-SequenceTransformStatus = OK
Seq_Frame0109_Timestamp = 11.678
Seq_Frame0110_DriverToReference-SequenceTransform =-0.351384 0.924101 -0.15022 10.6388 -0.74232 -0.372772 -0.556778 270.318 -0.570517 -0.0841316 0.816965 220.607 0 0 0 1 
Seq_Frame0110_DriverToReference-SequenceTransformStatus = OK
Seq_Frame0110_Timestamp = 11.781
Seq_Frame0111_DriverToReference-SequenceTransform =-0.351384 0.924101 -0.15022 10.6388 -0.74232 -0.372772 -0.556778 270.318 -0.570517 -0.0841316 0.816965 220.607 0 0 0 1 
Seq_Frame0111_DriverToReference-SequenceTransformStatus = OK
Seq_Frame0111_Timestamp = 11.888
Seq_Frame0112_DriverToReference-SequenceTransform =-0.351384 0.924101 -0.15022 10.6388 -0.74232 -0.372772 -0.556778 270.318 -0.570517 -0.0841316 0.816965 220.607 0 0 0 1 
Seq_Frame0112_DriverToReference-SequenceTransformStatus = OK
Seq_Frame0112_Timestamp = 11.997
Seq_Frame0113_DriverToReference-SequenceTransform =-0.351384 0.924101 -0.15022 10.6388 -0.74232 -0.372772 -0.556778 270.318 -0.570517 -0.0841316 0.816965 220.607 0 0 0 1 
Seq_Frame0113_DriverToReference-SequenceTransformStatus = OK
Seq_Frame0113_Timestamp = 12.102
Seq_Frame0114_DriverToReference-SequenceTransform =-0.351384 0.924101 -0.15022 10.6388 -0.74232 -0.372772 -0.556778 270.318 -0.570517 -0.0841316 0.816965 220.607 0 0 0 1 
Seq_Frame0114_DriverToReference-SequenceTransformStatus = OK
Seq_Frame0114_Timestamp = 12.21
Seq_Frame0115_DriverToReference-SequenceTransform =-0.351384 0.924101 -0.15022 10.6388 -0.74232 -0.372772 -0.556778 270.318 -0.570517 -0.0841316 0.816965 220.607 0 0 0 1 
Seq_Frame0115_DriverToReference-SequenceTransformStatus = OK
Seq_Frame0115_Timestamp = 12.317
Seq_Frame0116_DriverToReference-SequenceTransform =-0.351384 0.924101 -0.15022 10.6388 -0.74232 -0.372772 -0.556778 270.318 -0.570517 -0.0841316 0.816965 220.607 0 0 0 1 
Seq_Frame0116_DriverToReference-SequenceTransformStatus = OK
Seq_Frame0116_Timestamp = 12.426
Seq_Frame0117_DriverToReference-SequenceTransform =-0.351384 0.924101 -0.15022 10.6388 -0.74232 -0.372772 -0.556778 270.318 -0.570517 -0.0841316 0.816965 220.607 0 0 0 1 
Seq_Frame0117_DriverToReference-SequenceTransformStatus = OK
Seq_Frame0117_Timestamp = 12.532
Seq_Frame0118_DriverToReference-SequenceTransform =-0.351384 0.924101 -0.15022 10.6388 -0.74232 -0.372772 -0.556778 270.318 -0.570517 -0.0841316 0.816965 220.607 0 0 0 1 
Seq_Frame0118_DriverToReference-SequenceTransformStatus = OK
Seq_Frame0118_Timestamp = 12.638
Seq_Frame0119_DriverToReference-SequenceTransform =-0.351384 0.924101 -0.15022 10.6388 -0.74232 -0.372772 -0.556778 270.318 -0.570517 -0.0841316 0.816965 220.607 0 0 0 1 
Seq_Frame0119_DriverToReference-SequenceTransformStatus = OK
Seq_Frame0119_Timestamp = 12.746
Seq_Frame0120_DriverToReference-SequenceTransform =-0.351384 0.924101 -0.15022 10.6388 -0.74232 -0.372772 -0.556778 270.318 -0.570517 -0.0841316 0.816965 220.607 0 0 0 1 
Seq_Frame0120_DriverToReference-SequenceTransformStatus = OK
Seq_Frame0120_Timestamp = 12.849
Seq_Frame0121_DriverToReference-SequenceTransform =-0.351384 0.924101 -0.15022 10.6388 -0.74232 -0.372772 -0.556778 270.318 -0.570517 -0.0841316 0.816965 220.607 0 0 0 1 
Seq_Frame0121_DriverToReference-SequenceTransformStatus = OK
Seq_Frame0121_Timestamp = 12.957
Seq_Frame0122_DriverToReference-SequenceTransform =-0.351384 0.924101 -0.15022 10.6388 -0.74232 -0.372772 -0.556778 270.318 -0.570517 -0.0841316 0.816965 220.607 0 0 0 1 
Seq_Frame0122_DriverToReference-SequenceTransformStatus = OK
Seq_Frame0122_Timestamp = 13.06
Seq_Frame0123_DriverToReference-SequenceTransform =-0.351384 0.924101 -0.15022 10.6388 -0.74232 -0.372772 -0.556778 270.318 -0.570517 -0.0841316 0.816965 220.607 0 0 0 1 
Seq_Frame0123_DriverToReference-SequenceTransformStatus = OK
Seq_Frame0123_Timestamp = 13.166
Seq_Frame0124_DriverToReference-SequenceTransform =-0.351384 0.924101 -0.15022 10.6388 -0.74232 -0.372772 -0.556778 270.318 -0.570517 -0.0841316 0.816965 220.607 0 0 0 1 
Seq_Frame0124_DriverToReference-SequenceTransformStatus = OK
Seq_Frame0124_Timestamp = 13.273
Seq_Frame0125_DriverToReference-SequenceTransform =-0.351384 0.924101 -0.15022 10.6388 -0.74232 -0.372772 -0.556778 270.318 -0.570517 -0.0841316 0.816965 220.607 0 0 0 1 
Seq_Frame0125_DriverToReference-SequenceTransformStatus = OK
Seq_Frame0125_Timestamp = 13.378
Seq_Frame0126_DriverToReference-SequenceTransform =-0.351384 0.924101 -0.15022 10.6388 -0.74232 -0.372772 -0.556778 270.318 -0.570517 -0.0841316 0.816965 220.607 0 0 0 1 
Seq_Frame0126_DriverToReference-SequenceTransformStatus = OK
Seq_Frame0126_Timestamp = 13.486
Seq_Frame0127_DriverToReference-SequenceTransform =-0.351384 0.924101 -0.15022 10.6388 -0.74232 -0.372772 -0.556778 270.318 -0.570517 -0.0841316 0.816965 220.607 0 0 0 1 
Seq_Frame0127_DriverToReference-SequenceTransformStatus = OK
Seq_Frame0127_Timestamp = 13.59
Seq_Frame0128_DriverToReference-SequenceTransform =-0.351384 0.924101 -0.15022 10.6388 -0.74232 -0.372772 -0.556778 270.318 -0.570517 -0.0841316 0.816965 220.607 0 0 0 1 
Seq_Frame0128_DriverToReference-SequenceTransformStatus = OK
Seq_Frame0128_Timestamp = 13.699
Seq_Frame0129_DriverToReference-SequenceTransform =-0.351384 0.924101 -0.15022 10.6388 -0.74232 -0.372772 -0.556778 270.318 -0.570517 -0.0841316 0.816965 220.607 0 0 0 1 
Seq_Frame0129_DriverToReference-SequenceTransformStatus = OK
Seq_Frame0129_Timestamp = 13.806
Seq_Frame0130_DriverToReference-SequenceTransform =-0.351384 0.924101 -0.15022 10.6388 -0.74232 -0.372772 -0.556778 270.318 -0.570517 -0.0841316 0.816965 220.607 0 0 0 1 
Seq_Frame0130_DriverToReference-SequenceTransformStatus = OK
Seq_Frame0130_Timestamp = 13.913
Seq_Frame0131_DriverToReference-SequenceTransform =-0.351384 0.924101 -0.15022 10.6388 -0.74232 -0.372772 -0.556778 270.318 -0.570517 -0.0841316 0.816965 220.607 0 0 0 1 
Seq_Frame0131_DriverToReference-SequenceTransformStatus = OK
Seq_Frame0131_Timestamp = 14.02
Seq_Frame0132_DriverToReference-SequenceTransform =-0.351384 0.924101 -0.15022 10.6388 -0.74232 -0.372772 -0.556778 270.318 -0.570517 -0.0841316 0.816965 220.607 0 0 0 1 
Seq_Frame0132_DriverToReference-SequenceTransformStatus = OK
Seq_Frame0132_Timestamp = 14.123
Seq_Frame0133_DriverToReference-SequenceTransform =-0.351384 0.924101 -0.15022 10.6388 -0.74232 -0.372772 -0.556778 270.318 -0.570517 -0.0841316 0.816965 220.607 0 0 0 1 
Seq_Frame0133_DriverToReference-SequenceTransformStatus = OK
Seq_Frame0133_Timestamp = 14.229
Seq_Frame0134_DriverToReference-SequenceTransform =-0.351384 0.924101 -0.15022 10.6388 -0.74232 -0.372772 -0.556778 270.318 -0.570517 -0.0841316 0.816965 220.607 0 0 0 1 
Seq_Frame0134_DriverToReference-SequenceTransformStatus = OK
Seq_Frame0134_Timestamp = 14.336
Seq_Frame0135_DriverToReference-SequenceTransform =-0.351384 0.924101 -0.15022 10.6388 -0.74232 -0.372772 -0.556778 270.318 -0.570517 -0.0841316 0.816965 220.607 0 0 0 1 
Seq_Frame0135_DriverToReference-SequenceTransformStatus = OK
Seq_Frame0135_Timestamp = 14.47
Seq_Frame0136_DriverToReference-SequenceTransform =-0.351384 0.924101 -0.15022 10.6388 -0.74232 -0.372772 -0.556778 270.318 -0.570517 -0.0841316 0.816965 220.607 0 0 0 1 
Seq_Frame0136_DriverToReference-SequenceTransformStatus = OK
Seq_Frame0136_Timestamp = 14.575
Seq_Frame0137_DriverToReference-SequenceTransform =-0.351384 0.924101 -0.15022 10.6388 -0.74232 -0.372772 -0.556778 270.318 -0.570517 -0.0841316 0.816965 220.607 0 0 0 1 
Seq_Frame0137_DriverToReference-SequenceTransformStatus = OK
Seq_Frame0137_Timestamp = 14.682
Seq_Frame0138_DriverToReference-SequenceTransform =-0.351384 0.924101 -0.15022 10.6388 -0.74232 -0.372772 -0.556778 270.318 -0.570517 -0.0841316 0.816965 220.607 0 0 0 1 
Seq_Frame0138_DriverToReference-SequenceTransformStatus = OK
Seq_Frame0138_Timestamp = 14.787
Seq_Frame0139_DriverToReference-SequenceTransform =-0.351384 0.924101 -0.15022 10.6388 -0.74232 -0.372772 -0.556778 270.318 -0.570517 -0.0841316 0.816965 220.607 0 0 0 1 
Seq_Frame0139_DriverToReference-SequenceTransformStatus = OK
Seq_Frame0139_Timestamp = 14.896
Seq_Frame0140_DriverToReference-SequenceTransform =-0.351384 0.924101 -0.15022 10.6388 -0.74232 -0.372772 -0.556778 270.318 -0.570517 -0.0841316 0.816965 220.607 0 0 0 1 
Seq_Frame0140_DriverToReference-SequenceTransformStatus = OK
Seq_Frame0140_Timestamp = 15
Seq_Frame0141_DriverToReference-SequenceTransform =-0.351384 0.924101 -0.15022 10.6388 -0.74232 -0.372772 -0.556778 270.318 -0.570517 -0.0841316 0.816965 220.607 0 0 0 1 
Seq_Frame0141_DriverToReference-SequenceTransformStatus = OK
Seq_Frame0141_Timestamp = 15.105
Seq_Frame0142_DriverToReference-SequenceTransform =-0.351384 0.924101 -0.15022 10.6388 -0.74232 -0.372772 -0.556778 270.318 -0.570517 -0.0841316 0.816965 220.607 0 0 0 1 
Seq_Frame0142_DriverToReference-SequenceTransformStatus = OK
Seq_Frame0142_Timestamp = 15.214
Seq_Frame0143_DriverToReference-SequenceTransform =-0.351384 0.924101 -0.15022 10.6388 -0.74232 -0.372772 -0.556778 270.318 -0.570517 -0.0841316 0.816965 220.607 0 0 0 1 
Seq_Frame0143_DriverToReference-SequenceTransformStatus = OK
Seq_Frame0143_Timestamp = 15.32
Seq_Frame0144_DriverToReference-SequenceTransform =-0.351384 0.924101 -0.15022 10.6388 -0.74232 -0.372772 -0.556778 270.318 -0.570517 -0.0841316 0.816965 220.607 0 0 0 1 
Seq_Frame0144_DriverToReference-SequenceTransformStatus = OK
Seq_Frame0144_Timestamp = 15.432
Seq_Frame0145_DriverToReference-SequenceTransform =-0.351384 0.924101 -0.15022 10.6388 -0.74232 -0.372772 -0.556778 270.318 -0.570517 -0.0841316 0.816965 220.607 0 0 0 1 
Seq_Frame0145_DriverToReference-SequenceTransformStatus = OK
Seq_Frame0145_Timestamp = 15.537
Seq_Frame0146_DriverToReference-SequenceTransform =-0.351384 0.924101 -0.15022 10.6388 -0.74232 -0.372772 -0.556778 270.318 -0.570517 -0.0841316 0.816965 220.607 0 0 0 1 
Seq_Frame0146_DriverToReference-SequenceTransformStatus = OK
Seq_Frame0146_Timestamp = 15.645
Seq_Frame0147_DriverToReference-SequenceTransform =-0.351384 0.924101 -0.15022 10.6388 -0.74232 -0.372772 -0.556778 270.318 -0.570517 -0.0841316 0.816965 220.607 0 0 0 1 
Seq_Frame0147_DriverToReference-SequenceTransformStatus = OK
Seq_Frame0147_Timestamp = 15.749
Seq_Frame0148_DriverToReference-SequenceTransform =-0.351384 0.924101 -0.15022 10.6388 -0.74232 -0.372772 -0.556778 270.318 -0.570517 -0.0841316 0.816965 220.607 0 0 0 1 
Seq_Frame0148_DriverToReference-SequenceTransformStatus = OK
Seq_Frame0148_Timestamp = 15.852
Seq_Frame0149_DriverToReference-SequenceTransform =-0.351384 0.924101 -0.15022 10.6388 -0.74232 -0.372772 -0.556778 270.318 -0.570517 -0.0841316 0.816965 220.607 0 0 0 1 
Seq_Frame0149_DriverToReference-SequenceTransformStatus = OK
Seq_Frame0149_Timestamp = 15.963
