ObjectType = Image
NDims = 3
AnatomicalOrientation = RAI
BinaryData = True
CompressedData = False
DimSize = 0 0 2871
ElementSpacing = 1 1 1
Offset = 0 0 0
TransformMatrix = 1 0 0 0 1 0 0 0 1
ElementType = MET_UCHAR
Kinds = domain domain list
Seq_Frame0000_ForcepToReference-SequenceTransform =0.695518 0.269675 -0.66598 -17.5762 0.63138 -0.671803 0.38735 -69.6075 -0.342949 -0.689895 -0.637519 -97.4059 0 0 0 1 
Seq_Frame0000_ForcepToReference-SequenceTransformStatus = OK
Seq_Frame0000_Timestamp = 0.00499988
Seq_Frame0001_ForcepToReference-SequenceTransform =0.695837 0.269679 -0.665645 -17.5882 0.630977 -0.672242 0.387244 -69.6319 -0.343043 -0.689466 -0.637932 -97.3746 0 0 0 1 
Seq_Frame0001_ForcepToReference-SequenceTransformStatus = OK
Seq_Frame0001_Timestamp = 0.111
Seq_Frame0002_ForcepToReference-SequenceTransform =0.695743 0.269812 -0.66569 -17.5702 0.630761 -0.672863 0.386518 -69.6682 -0.343631 -0.688808 -0.638327 -97.3899 0 0 0 1 
Seq_Frame0002_ForcepToReference-SequenceTransformStatus = OK
Seq_Frame0002_Timestamp = 0.219
Seq_Frame0003_ForcepToReference-SequenceTransform =0.695623 0.269812 -0.665816 -17.5706 0.631059 -0.672404 0.386828 -69.6906 -0.343326 -0.689256 -0.638007 -97.35 0 0 0 1 
Seq_Frame0003_ForcepToReference-SequenceTransformStatus = OK
Seq_Frame0003_Timestamp = 0.329
Seq_Frame0004_ForcepToReference-SequenceTransform =0.69507 0.269944 -0.66634 -17.5597 0.630829 -0.673583 0.38515 -69.9503 -0.344866 -0.688052 -0.638476 -97.1027 0 0 0 1 
Seq_Frame0004_ForcepToReference-SequenceTransformStatus = OK
Seq_Frame0004_Timestamp = 0.431
Seq_Frame0005_ForcepToReference-SequenceTransform =0.695652 0.269628 -0.66586 -17.5795 0.63134 -0.671699 0.387596 -69.5279 -0.34275 -0.690016 -0.637496 -97.5467 0 0 0 1 
Seq_Frame0005_ForcepToReference-SequenceTransformStatus = OK
Seq_Frame0005_Timestamp = 0.537
Seq_Frame0006_ForcepToReference-SequenceTransform =0.697736 0.269918 -0.663558 -17.5165 0.63116 -0.669759 0.39123 -69.1542 -0.338823 -0.691786 -0.637676 -97.8818 0 0 0 1 
Seq_Frame0006_ForcepToReference-SequenceTransformStatus = OK
Seq_Frame0006_Timestamp = 0.642
Seq_Frame0007_ForcepToReference-SequenceTransform =0.697136 0.273241 -0.662828 -17.2422 0.631402 -0.671932 0.38709 -69.8491 -0.339607 -0.688365 -0.640953 -97.8574 0 0 0 1 
Seq_Frame0007_ForcepToReference-SequenceTransformStatus = OK
Seq_Frame0007_Timestamp = 0.752
Seq_Frame0008_ForcepToReference-SequenceTransform =0.691522 0.274423 -0.668199 -17.1112 0.634084 -0.67372 0.379525 -70.3336 -0.346028 -0.686144 -0.639899 -97.91 0 0 0 1 
Seq_Frame0008_ForcepToReference-SequenceTransformStatus = OK
Seq_Frame0008_Timestamp = 0.855
Seq_Frame0009_ForcepToReference-SequenceTransform =0.696285 0.276494 -0.662373 -17.0311 0.631008 -0.675604 0.381298 -70.441 -0.342075 -0.683455 -0.644883 -97.6718 0 0 0 1 
Seq_Frame0009_ForcepToReference-SequenceTransformStatus = OK
Seq_Frame0009_Timestamp = 0.961
Seq_Frame0010_ForcepToReference-SequenceTransform =0.696381 0.275931 -0.662507 -17.0048 0.631338 -0.674508 0.382688 -70.1752 -0.341271 -0.684763 -0.64392 -97.8833 0 0 0 1 
Seq_Frame0010_ForcepToReference-SequenceTransformStatus = OK
Seq_Frame0010_Timestamp = 1.066
Seq_Frame0011_ForcepToReference-SequenceTransform =0.696035 0.275105 -0.663214 -17.1273 0.632108 -0.672884 0.384274 -69.9589 -0.34055 -0.686691 -0.642247 -97.9423 0 0 0 1 
Seq_Frame0011_ForcepToReference-SequenceTransformStatus = OK
Seq_Frame0011_Timestamp = 1.17
Seq_Frame0012_ForcepToReference-SequenceTransform =0.695233 0.274675 -0.664232 -17.1317 0.631859 -0.674068 0.382606 -70.154 -0.342645 -0.685701 -0.64219 -97.7791 0 0 0 1 
Seq_Frame0012_ForcepToReference-SequenceTransformStatus = OK
Seq_Frame0012_Timestamp = 1.27
Seq_Frame0013_ForcepToReference-SequenceTransform =0.69555 0.271393 -0.665249 -17.4183 0.631399 -0.672725 0.385715 -69.828 -0.34285 -0.688321 -0.639271 -97.4971 0 0 0 1 
Seq_Frame0013_ForcepToReference-SequenceTransformStatus = OK
Seq_Frame0013_Timestamp = 1.377
Seq_Frame0014_ForcepToReference-SequenceTransform =0.697038 0.270558 -0.664031 -17.5162 0.630192 -0.672926 0.387335 -69.512 -0.342047 -0.688454 -0.639558 -97.6692 0 0 0 1 
Seq_Frame0014_ForcepToReference-SequenceTransformStatus = OK
Seq_Frame0014_Timestamp = 1.477
Seq_Frame0015_ForcepToReference-SequenceTransform =0.696653 0.271881 -0.663894 -17.4 0.630119 -0.674292 0.385072 -69.7626 -0.342965 -0.686593 -0.641065 -97.5778 0 0 0 1 
Seq_Frame0015_ForcepToReference-SequenceTransformStatus = OK
Seq_Frame0015_Timestamp = 1.586
Seq_Frame0016_ForcepToReference-SequenceTransform =0.697152 0.271034 -0.663716 -17.4536 0.633008 -0.667334 0.392385 -69.1513 -0.336571 -0.69369 -0.636801 -97.9073 0 0 0 1 
Seq_Frame0016_ForcepToReference-SequenceTransformStatus = OK
Seq_Frame0016_Timestamp = 1.692
Seq_Frame0017_ForcepToReference-SequenceTransform =0.695614 0.270175 -0.665678 -17.5397 0.631122 -0.6725 0.38656 -69.7084 -0.34323 -0.689021 -0.638313 -97.4493 0 0 0 1 
Seq_Frame0017_ForcepToReference-SequenceTransformStatus = OK
Seq_Frame0017_Timestamp = 1.808
Seq_Frame0018_ForcepToReference-SequenceTransform =0.695471 0.270152 -0.665836 -17.5486 0.630667 -0.673563 0.385449 -69.8095 -0.344353 -0.68799 -0.63882 -97.2887 0 0 0 1 
Seq_Frame0018_ForcepToReference-SequenceTransformStatus = OK
Seq_Frame0018_Timestamp = 1.916
Seq_Frame0019_ForcepToReference-SequenceTransform =0.695711 0.270277 -0.665535 -17.5088 0.630844 -0.673003 0.386138 -69.7687 -0.343543 -0.688489 -0.638718 -97.3265 0 0 0 1 
Seq_Frame0019_ForcepToReference-SequenceTransformStatus = OK
Seq_Frame0019_Timestamp = 2.026
Seq_Frame0020_ForcepToReference-SequenceTransform =0.694767 0.271043 -0.666209 -17.4587 0.631768 -0.672692 0.385169 -69.8891 -0.343757 -0.688492 -0.6386 -97.4998 0 0 0 1 
Seq_Frame0020_ForcepToReference-SequenceTransformStatus = OK
Seq_Frame0020_Timestamp = 2.136
Seq_Frame0021_ForcepToReference-SequenceTransform =0.695599 0.270167 -0.665697 -17.5394 0.630861 -0.673036 0.386053 -69.7322 -0.343739 -0.6885 -0.638601 -97.4359 0 0 0 1 
Seq_Frame0021_ForcepToReference-SequenceTransformStatus = OK
Seq_Frame0021_Timestamp = 2.237
Seq_Frame0022_ForcepToReference-SequenceTransform =0.695 0.270961 -0.666 -17.4372 0.631212 -0.673488 0.384689 -69.9101 -0.344307 -0.687745 -0.639108 -97.4301 0 0 0 1 
Seq_Frame0022_ForcepToReference-SequenceTransformStatus = OK
Seq_Frame0022_Timestamp = 2.351
Seq_Frame0023_ForcepToReference-SequenceTransform =0.694973 0.271323 -0.66588 -17.4345 0.631285 -0.673582 0.384406 -69.9606 -0.344226 -0.687511 -0.639403 -97.4184 0 0 0 1 
Seq_Frame0023_ForcepToReference-SequenceTransformStatus = OK
Seq_Frame0023_Timestamp = 2.455
Seq_Frame0024_ForcepToReference-SequenceTransform =0.695422 0.27307 -0.664697 -17.2799 0.630417 -0.6758 0.381927 -70.3613 -0.34491 -0.684636 -0.642114 -97.4948 0 0 0 1 
Seq_Frame0024_ForcepToReference-SequenceTransformStatus = OK
Seq_Frame0024_Timestamp = 2.561
Seq_Frame0025_ForcepToReference-SequenceTransform =0.695376 0.273023 -0.664763 -17.2448 0.630487 -0.675687 0.382012 -70.3031 -0.344874 -0.684767 -0.641994 -97.4387 0 0 0 1 
Seq_Frame0025_ForcepToReference-SequenceTransformStatus = OK
Seq_Frame0025_Timestamp = 2.661
Seq_Frame0026_ForcepToReference-SequenceTransform =0.694726 0.270645 -0.666413 -17.4746 0.631616 -0.672812 0.385207 -69.8522 -0.344116 -0.688531 -0.638365 -97.4715 0 0 0 1 
Seq_Frame0026_ForcepToReference-SequenceTransformStatus = OK
Seq_Frame0026_Timestamp = 2.769
Seq_Frame0027_ForcepToReference-SequenceTransform =0.695609 0.270028 -0.665742 -17.5508 0.631014 -0.672636 0.386499 -69.7396 -0.343436 -0.688945 -0.638284 -97.3805 0 0 0 1 
Seq_Frame0027_ForcepToReference-SequenceTransformStatus = OK
Seq_Frame0027_Timestamp = 2.871
Seq_Frame0028_ForcepToReference-SequenceTransform =0.696371 0.270327 -0.664824 -17.5397 0.630348 -0.673258 0.386503 -69.7558 -0.343116 -0.68822 -0.639237 -97.3865 0 0 0 1 
Seq_Frame0028_ForcepToReference-SequenceTransformStatus = OK
Seq_Frame0028_Timestamp = 2.976
Seq_Frame0029_ForcepToReference-SequenceTransform =0.69505 0.270241 -0.66624 -17.5269 0.631488 -0.67246 0.386031 -69.7646 -0.343699 -0.689033 -0.638047 -97.3719 0 0 0 1 
Seq_Frame0029_ForcepToReference-SequenceTransformStatus = OK
Seq_Frame0029_Timestamp = 3.077
Seq_Frame0030_ForcepToReference-SequenceTransform =0.695173 0.269825 -0.66628 -17.5827 0.631416 -0.672221 0.386565 -69.6959 -0.343583 -0.68943 -0.637681 -97.4549 0 0 0 1 
Seq_Frame0030_ForcepToReference-SequenceTransformStatus = OK
Seq_Frame0030_Timestamp = 3.186
Seq_Frame0031_ForcepToReference-SequenceTransform =0.695662 0.270458 -0.665512 -17.5329 0.630851 -0.67315 0.385869 -69.7986 -0.343628 -0.688274 -0.638904 -97.3802 0 0 0 1 
Seq_Frame0031_ForcepToReference-SequenceTransformStatus = OK
Seq_Frame0031_Timestamp = 3.291
Seq_Frame0032_ForcepToReference-SequenceTransform =0.696153 0.270268 -0.665076 -17.5354 0.630759 -0.672653 0.386885 -69.7062 -0.342803 -0.688834 -0.638744 -97.4065 0 0 0 1 
Seq_Frame0032_ForcepToReference-SequenceTransformStatus = OK
Seq_Frame0032_Timestamp = 3.392
Seq_Frame0033_ForcepToReference-SequenceTransform =0.694591 0.269579 -0.666986 -17.5942 0.631664 -0.672256 0.386099 -69.7187 -0.344301 -0.689492 -0.637226 -97.3886 0 0 0 1 
Seq_Frame0033_ForcepToReference-SequenceTransformStatus = OK
Seq_Frame0033_Timestamp = 3.496
Seq_Frame0034_ForcepToReference-SequenceTransform =0.695696 0.26973 -0.665773 -17.6056 0.630943 -0.672506 0.386842 -69.7497 -0.343393 -0.689189 -0.638044 -97.4062 0 0 0 1 
Seq_Frame0034_ForcepToReference-SequenceTransformStatus = OK
Seq_Frame0034_Timestamp = 3.602
Seq_Frame0035_ForcepToReference-SequenceTransform =0.684511 0.374337 -0.625553 -11.4984 0.673429 -0.653307 0.345953 -73.1714 -0.279175 -0.658074 -0.699285 -102.305 0 0 0 1 
Seq_Frame0035_ForcepToReference-SequenceTransformStatus = OK
Seq_Frame0035_Timestamp = 3.71
Seq_Frame0036_ForcepToReference-SequenceTransform =0.699092 0.334138 -0.632157 -12.6792 0.682081 -0.576927 0.449357 -70.3311 -0.214561 -0.745324 -0.631234 -101.323 0 0 0 1 
Seq_Frame0036_ForcepToReference-SequenceTransformStatus = OK
Seq_Frame0036_Timestamp = 3.816
Seq_Frame0037_ForcepToReference-SequenceTransform =0.789971 0.285364 -0.542691 -24.2173 0.607105 -0.240121 0.757473 -56.7051 0.0858441 -0.927852 -0.362935 -105.511 0 0 0 1 
Seq_Frame0037_ForcepToReference-SequenceTransformStatus = OK
Seq_Frame0037_Timestamp = 3.926
Seq_Frame0038_ForcepToReference-SequenceTransform =0.789971 0.285364 -0.542691 -24.2173 0.607105 -0.240121 0.757473 -56.7051 0.0858441 -0.927852 -0.362935 -105.511 0 0 0 1 
Seq_Frame0038_ForcepToReference-SequenceTransformStatus = OK
Seq_Frame0038_Timestamp = 4.031
Seq_Frame0039_ForcepToReference-SequenceTransform =0.491385 0.444257 0.749117 -116.404 -0.657311 0.753457 -0.0156665 73.8361 -0.571387 -0.484704 0.662253 -120.663 0 0 0 1 
Seq_Frame0039_ForcepToReference-SequenceTransformStatus = OK
Seq_Frame0039_Timestamp = 4.216
Seq_Frame0040_ForcepToReference-SequenceTransform =0.247566 0.441664 0.862348 -137.755 -0.525748 0.808854 -0.263333 114.202 -0.813818 -0.388185 0.432449 -69.0099 0 0 0 1 
Seq_Frame0040_ForcepToReference-SequenceTransformStatus = OK
Seq_Frame0040_Timestamp = 4.317
Seq_Frame0041_ForcepToReference-SequenceTransform =-0.178462 0.338597 0.923852 -174.678 -0.420345 0.822699 -0.382723 124.679 -0.889641 -0.456639 -0.00449272 -54.3651 0 0 0 1 
Seq_Frame0041_ForcepToReference-SequenceTransformStatus = OK
Seq_Frame0041_Timestamp = 4.422
Seq_Frame0042_ForcepToReference-SequenceTransform =-0.362085 0.394345 0.844622 -184.824 -0.228525 0.8409 -0.490574 133.245 -0.903698 -0.370647 -0.21436 -52.4791 0 0 0 1 
Seq_Frame0042_ForcepToReference-SequenceTransformStatus = OK
Seq_Frame0042_Timestamp = 4.538
Seq_Frame0043_ForcepToReference-SequenceTransform =-0.413457 0.415072 0.810413 -179.024 -0.117119 0.858414 -0.499409 136.092 -0.90296 -0.301399 -0.306304 -40.8674 0 0 0 1 
Seq_Frame0043_ForcepToReference-SequenceTransformStatus = OK
Seq_Frame0043_Timestamp = 4.641
Seq_Frame0044_ForcepToReference-SequenceTransform =-0.429432 0.454044 0.780661 -169.629 -0.0807343 0.841663 -0.533934 131.652 -0.899483 -0.292315 -0.32478 -32.9726 0 0 0 1 
Seq_Frame0044_ForcepToReference-SequenceTransformStatus = OK
Seq_Frame0044_Timestamp = 4.741
Seq_Frame0045_ForcepToReference-SequenceTransform =-0.447648 0.463569 0.764666 -165.794 -0.0194567 0.849879 -0.526619 129.252 -0.893998 -0.250618 -0.371427 -25.7847 0 0 0 1 
Seq_Frame0045_ForcepToReference-SequenceTransformStatus = OK
Seq_Frame0045_Timestamp = 4.847
Seq_Frame0046_ForcepToReference-SequenceTransform =-0.477407 0.463242 0.746652 -168.086 0.00242114 0.850431 -0.526081 127.038 -0.878679 -0.249347 -0.407123 -22.5045 0 0 0 1 
Seq_Frame0046_ForcepToReference-SequenceTransformStatus = OK
Seq_Frame0046_Timestamp = 4.951
Seq_Frame0047_ForcepToReference-SequenceTransform =-0.503623 0.462269 0.729844 -169.078 -0.00470809 0.84332 -0.537391 127.703 -0.863911 -0.274078 -0.422539 -21.8502 0 0 0 1 
Seq_Frame0047_ForcepToReference-SequenceTransformStatus = OK
Seq_Frame0047_Timestamp = 5.053
Seq_Frame0048_ForcepToReference-SequenceTransform =-0.543148 0.499133 0.675172 -164.989 0.065348 0.826814 -0.558667 128.628 -0.83709 -0.259318 -0.4817 -18.188 0 0 0 1 
Seq_Frame0048_ForcepToReference-SequenceTransformStatus = OK
Seq_Frame0048_Timestamp = 5.157
Seq_Frame0049_ForcepToReference-SequenceTransform =-0.579788 0.521995 0.625594 -162.91 0.083934 0.801999 -0.591399 127.949 -0.810433 -0.290377 -0.508802 -17.0775 0 0 0 1 
Seq_Frame0049_ForcepToReference-SequenceTransformStatus = OK
Seq_Frame0049_Timestamp = 5.262
Seq_Frame0050_ForcepToReference-SequenceTransform =-0.631198 0.523574 0.572241 -162.689 0.0615677 0.769277 -0.635942 126.348 -0.773175 -0.366174 -0.517801 -17.4738 0 0 0 1 
Seq_Frame0050_ForcepToReference-SequenceTransformStatus = OK
Seq_Frame0050_Timestamp = 5.366
Seq_Frame0051_ForcepToReference-SequenceTransform =-0.646695 0.551488 0.526922 -160.098 0.0927477 0.742549 -0.663339 126.325 -0.757089 -0.380107 -0.531352 -16.1247 0 0 0 1 
Seq_Frame0051_ForcepToReference-SequenceTransformStatus = OK
Seq_Frame0051_Timestamp = 5.471
Seq_Frame0052_ForcepToReference-SequenceTransform =-0.651188 0.571222 0.499659 -157.95 0.1084 0.721643 -0.683726 126.214 -0.751135 -0.391071 -0.531846 -15.505 0 0 0 1 
Seq_Frame0052_ForcepToReference-SequenceTransformStatus = OK
Seq_Frame0052_Timestamp = 5.576
Seq_Frame0053_ForcepToReference-SequenceTransform =-0.659123 0.565631 0.4956 -158.142 0.0789516 0.707415 -0.702375 125.607 -0.74788 -0.423823 -0.510931 -16.9827 0 0 0 1 
Seq_Frame0053_ForcepToReference-SequenceTransformStatus = OK
Seq_Frame0053_Timestamp = 5.682
Seq_Frame0054_ForcepToReference-SequenceTransform =-0.665201 0.572266 0.479603 -156.678 0.0865509 0.697096 -0.711735 125.184 -0.741631 -0.431937 -0.513239 -16.317 0 0 0 1 
Seq_Frame0054_ForcepToReference-SequenceTransformStatus = OK
Seq_Frame0054_Timestamp = 5.787
Seq_Frame0055_ForcepToReference-SequenceTransform =-0.666079 0.578069 0.471354 -155.41 0.0972705 0.693867 -0.713504 125.336 -0.739511 -0.429401 -0.518399 -15.9128 0 0 0 1 
Seq_Frame0055_ForcepToReference-SequenceTransformStatus = OK
Seq_Frame0055_Timestamp = 5.897
Seq_Frame0056_ForcepToReference-SequenceTransform =-0.683077 0.570988 0.455388 -154.694 0.0912703 0.685373 -0.72245 125.58 -0.724621 -0.451925 -0.520276 -15.2753 0 0 0 1 
Seq_Frame0056_ForcepToReference-SequenceTransformStatus = OK
Seq_Frame0056_Timestamp = 5.997
Seq_Frame0057_ForcepToReference-SequenceTransform =-0.682869 0.558727 0.470653 -155.363 0.0752926 0.694648 -0.715398 123.741 -0.726651 -0.453087 -0.516422 -16.2038 0 0 0 1 
Seq_Frame0057_ForcepToReference-SequenceTransformStatus = OK
Seq_Frame0057_Timestamp = 6.113
Seq_Frame0058_ForcepToReference-SequenceTransform =-0.684685 0.568561 0.45601 -157.457 0.0991453 0.692507 -0.714566 125.841 -0.722064 -0.444041 -0.53052 -17.4991 0 0 0 1 
Seq_Frame0058_ForcepToReference-SequenceTransformStatus = OK
Seq_Frame0058_Timestamp = 6.222
Seq_Frame0059_ForcepToReference-SequenceTransform =-0.717535 0.540566 0.439239 -162.733 0.103945 0.706661 -0.699876 133.521 -0.688722 -0.456529 -0.563243 -19.1802 0 0 0 1 
Seq_Frame0059_ForcepToReference-SequenceTransformStatus = OK
Seq_Frame0059_Timestamp = 6.323
Seq_Frame0060_ForcepToReference-SequenceTransform =-0.701426 0.571378 0.426062 -160.419 0.164342 0.711326 -0.68338 138.196 -0.693537 -0.40932 -0.592843 -15.1698 0 0 0 1 
Seq_Frame0060_ForcepToReference-SequenceTransformStatus = OK
Seq_Frame0060_Timestamp = 6.429
Seq_Frame0061_ForcepToReference-SequenceTransform =-0.675463 0.595518 0.434866 -156.12 0.201462 0.716332 -0.668043 136.327 -0.70934 -0.36363 -0.60383 -9.55593 0 0 0 1 
Seq_Frame0061_ForcepToReference-SequenceTransformStatus = OK
Seq_Frame0061_Timestamp = 6.532
Seq_Frame0062_ForcepToReference-SequenceTransform =-0.691495 0.588783 0.418532 -155.844 0.192824 0.7088 -0.678544 134.634 -0.69617 -0.388507 -0.603663 -8.18388 0 0 0 1 
Seq_Frame0062_ForcepToReference-SequenceTransformStatus = OK
Seq_Frame0062_Timestamp = 6.632
Seq_Frame0063_ForcepToReference-SequenceTransform =-0.690277 0.590228 0.418508 -156.173 0.207625 0.715668 -0.666867 133.408 -0.693116 -0.37343 -0.616555 -7.98244 0 0 0 1 
Seq_Frame0063_ForcepToReference-SequenceTransformStatus = OK
Seq_Frame0063_Timestamp = 6.739
Seq_Frame0064_ForcepToReference-SequenceTransform =-0.693559 0.583545 0.422434 -155.971 0.193673 0.715836 -0.670872 132.903 -0.693878 -0.383476 -0.609492 -7.59342 0 0 0 1 
Seq_Frame0064_ForcepToReference-SequenceTransformStatus = OK
Seq_Frame0064_Timestamp = 6.842
Seq_Frame0065_ForcepToReference-SequenceTransform =-0.693491 0.580353 0.426921 -156.093 0.197738 0.723126 -0.661807 133.077 -0.692799 -0.374538 -0.616239 -6.92492 0 0 0 1 
Seq_Frame0065_ForcepToReference-SequenceTransformStatus = OK
Seq_Frame0065_Timestamp = 6.948
Seq_Frame0066_ForcepToReference-SequenceTransform =-0.691057 0.5655 0.450167 -156.853 0.190589 0.743331 -0.641198 132.322 -0.69722 -0.357307 -0.621462 -6.92844 0 0 0 1 
Seq_Frame0066_ForcepToReference-SequenceTransformStatus = OK
Seq_Frame0066_Timestamp = 7.055
Seq_Frame0067_ForcepToReference-SequenceTransform =-0.682189 0.556426 0.47435 -157.625 0.178226 0.755725 -0.63017 131.129 -0.709122 -0.345354 -0.614717 -7.89995 0 0 0 1 
Seq_Frame0067_ForcepToReference-SequenceTransformStatus = OK
Seq_Frame0067_Timestamp = 7.159
Seq_Frame0068_ForcepToReference-SequenceTransform =-0.684084 0.559884 0.467502 -158.727 0.135214 0.72717 -0.673009 128.874 -0.716761 -0.397182 -0.57315 -10.4113 0 0 0 1 
Seq_Frame0068_ForcepToReference-SequenceTransformStatus = OK
Seq_Frame0068_Timestamp = 7.264
Seq_Frame0069_ForcepToReference-SequenceTransform =-0.696127 0.533201 0.480733 -161.582 0.0765348 0.720921 -0.688778 127.415 -0.713827 -0.442684 -0.542661 -12.8926 0 0 0 1 
Seq_Frame0069_ForcepToReference-SequenceTransformStatus = OK
Seq_Frame0069_Timestamp = 7.373
Seq_Frame0070_ForcepToReference-SequenceTransform =-0.689974 0.529396 0.493635 -163.102 0.0747619 0.730447 -0.678866 128.094 -0.719963 -0.431494 -0.543568 -15.4706 0 0 0 1 
Seq_Frame0070_ForcepToReference-SequenceTransformStatus = OK
Seq_Frame0070_Timestamp = 7.479
Seq_Frame0071_ForcepToReference-SequenceTransform =-0.70019 0.51153 0.498067 -164.767 0.0272195 0.716234 -0.697329 126.789 -0.713437 -0.474706 -0.515424 -17.6051 0 0 0 1 
Seq_Frame0071_ForcepToReference-SequenceTransformStatus = OK
Seq_Frame0071_Timestamp = 7.583
Seq_Frame0072_ForcepToReference-SequenceTransform =-0.698865 0.484323 0.526327 -164.882 -0.0379957 0.709682 -0.703496 126.182 -0.714244 -0.511647 -0.47757 -21.3091 0 0 0 1 
Seq_Frame0072_ForcepToReference-SequenceTransformStatus = OK
Seq_Frame0072_Timestamp = 7.687
Seq_Frame0073_ForcepToReference-SequenceTransform =-0.708452 0.443935 0.548651 -162.889 -0.1058 0.701802 -0.704472 128.709 -0.697784 -0.557132 -0.450225 -25.0501 0 0 0 1 
Seq_Frame0073_ForcepToReference-SequenceTransformStatus = OK
Seq_Frame0073_Timestamp = 7.794
Seq_Frame0074_ForcepToReference-SequenceTransform =-0.716307 0.457494 0.526881 -160.453 -0.0697115 0.70438 -0.706392 134.94 -0.694294 -0.542723 -0.47266 -27.7164 0 0 0 1 
Seq_Frame0074_ForcepToReference-SequenceTransformStatus = OK
Seq_Frame0074_Timestamp = 7.903
Seq_Frame0075_ForcepToReference-SequenceTransform =-0.715446 0.493448 0.494618 -154.608 0.0319266 0.730294 -0.682386 136.637 -0.697938 -0.472419 -0.53824 -24.2615 0 0 0 1 
Seq_Frame0075_ForcepToReference-SequenceTransformStatus = OK
Seq_Frame0075_Timestamp = 8.006
Seq_Frame0076_ForcepToReference-SequenceTransform =-0.687627 0.504111 0.522534 -149.347 0.0325961 0.740388 -0.671389 128.325 -0.725332 -0.444633 -0.525542 -20.8406 0 0 0 1 
Seq_Frame0076_ForcepToReference-SequenceTransformStatus = OK
Seq_Frame0076_Timestamp = 8.112
Seq_Frame0077_ForcepToReference-SequenceTransform =-0.674425 0.514167 0.529889 -148.8 0.0391326 0.741556 -0.669748 123.646 -0.737305 -0.430959 -0.520245 -23.2439 0 0 0 1 
Seq_Frame0077_ForcepToReference-SequenceTransformStatus = OK
Seq_Frame0077_Timestamp = 8.217
Seq_Frame0078_ForcepToReference-SequenceTransform =-0.655996 0.540631 0.526676 -147.49 0.0295043 0.715636 -0.69785 123.495 -0.754188 -0.442247 -0.485405 -23.7478 0 0 0 1 
Seq_Frame0078_ForcepToReference-SequenceTransformStatus = OK
Seq_Frame0078_Timestamp = 8.322
Seq_Frame0079_ForcepToReference-SequenceTransform =-0.664104 0.546491 0.510209 -149.972 0.0266459 0.699293 -0.714338 127.088 -0.747165 -0.4608 -0.478965 -23.2562 0 0 0 1 
Seq_Frame0079_ForcepToReference-SequenceTransformStatus = OK
Seq_Frame0079_Timestamp = 8.43
Seq_Frame0080_ForcepToReference-SequenceTransform =-0.654004 0.562491 0.505848 -151.273 0.027599 0.685973 -0.727103 127.844 -0.755988 -0.461567 -0.464153 -24.5729 0 0 0 1 
Seq_Frame0080_ForcepToReference-SequenceTransformStatus = OK
Seq_Frame0080_Timestamp = 8.536
Seq_Frame0081_ForcepToReference-SequenceTransform =-0.655445 0.568494 0.497199 -149.306 0.0133579 0.666953 -0.74498 125.471 -0.755125 -0.481651 -0.444745 -23.9461 0 0 0 1 
Seq_Frame0081_ForcepToReference-SequenceTransformStatus = OK
Seq_Frame0081_Timestamp = 8.646
Seq_Frame0082_ForcepToReference-SequenceTransform =-0.640002 0.59188 0.489976 -147.594 0.0309216 0.657002 -0.753254 124.277 -0.767751 -0.466933 -0.438784 -24.4106 0 0 0 1 
Seq_Frame0082_ForcepToReference-SequenceTransformStatus = OK
Seq_Frame0082_Timestamp = 8.753
Seq_Frame0083_ForcepToReference-SequenceTransform =-0.64015 0.605915 0.472308 -145.282 0.0356542 0.637553 -0.769581 122.897 -0.767422 -0.475808 -0.429733 -23.0931 0 0 0 1 
Seq_Frame0083_ForcepToReference-SequenceTransformStatus = OK
Seq_Frame0083_Timestamp = 8.863
Seq_Frame0084_ForcepToReference-SequenceTransform =-0.638515 0.615791 0.461627 -145.584 0.0568014 0.635891 -0.769686 123.413 -0.76751 -0.465235 -0.441004 -23.4172 0 0 0 1 
Seq_Frame0084_ForcepToReference-SequenceTransformStatus = OK
Seq_Frame0084_Timestamp = 8.969
Seq_Frame0085_ForcepToReference-SequenceTransform =-0.658542 0.60105 0.452837 -148.745 0.0336304 0.624645 -0.780184 124.121 -0.751792 -0.498555 -0.431569 -24.5916 0 0 0 1 
Seq_Frame0085_ForcepToReference-SequenceTransformStatus = OK
Seq_Frame0085_Timestamp = 9.075
Seq_Frame0086_ForcepToReference-SequenceTransform =-0.653165 0.591856 0.472315 -151.354 -0.000764957 0.623237 -0.782033 121.046 -0.757215 -0.511158 -0.406624 -25.9885 0 0 0 1 
Seq_Frame0086_ForcepToReference-SequenceTransformStatus = OK
Seq_Frame0086_Timestamp = 9.182
Seq_Frame0087_ForcepToReference-SequenceTransform =-0.652268 0.584956 0.48205 -153.342 0.006565 0.640295 -0.768101 123.829 -0.75796 -0.497843 -0.421485 -26.5549 0 0 0 1 
Seq_Frame0087_ForcepToReference-SequenceTransformStatus = OK
Seq_Frame0087_Timestamp = 9.285
Seq_Frame0088_ForcepToReference-SequenceTransform =-0.67296 0.576776 0.463092 -155.077 0.0731209 0.674879 -0.734297 132.255 -0.736056 -0.460291 -0.496341 -24.4331 0 0 0 1 
Seq_Frame0088_ForcepToReference-SequenceTransformStatus = OK
Seq_Frame0088_Timestamp = 9.39
Seq_Frame0089_ForcepToReference-SequenceTransform =-0.652285 0.571366 0.498061 -154.755 0.132967 0.733161 -0.666929 138.7 -0.74622 -0.368802 -0.554203 -19.0161 0 0 0 1 
Seq_Frame0089_ForcepToReference-SequenceTransformStatus = OK
Seq_Frame0089_Timestamp = 9.495
Seq_Frame0090_ForcepToReference-SequenceTransform =-0.629639 0.581072 0.515664 -152.217 0.130991 0.733658 -0.666774 139.587 -0.765765 -0.35228 -0.538055 -15.7781 0 0 0 1 
Seq_Frame0090_ForcepToReference-SequenceTransformStatus = OK
Seq_Frame0090_Timestamp = 9.601
Seq_Frame0091_ForcepToReference-SequenceTransform =-0.608092 0.594266 0.526377 -149.894 0.123857 0.725954 -0.676499 137.297 -0.784145 -0.346178 -0.51505 -15.706 0 0 0 1 
Seq_Frame0091_ForcepToReference-SequenceTransformStatus = OK
Seq_Frame0091_Timestamp = 9.708
Seq_Frame0092_ForcepToReference-SequenceTransform =-0.608874 0.59582 0.523708 -148.919 0.117798 0.720783 -0.683078 134.874 -0.784472 -0.354217 -0.509052 -15.5801 0 0 0 1 
Seq_Frame0092_ForcepToReference-SequenceTransformStatus = OK
Seq_Frame0092_Timestamp = 9.816
Seq_Frame0093_ForcepToReference-SequenceTransform =-0.596911 0.60963 0.521583 -147.991 0.128848 0.714505 -0.687663 133.932 -0.791894 -0.343269 -0.505045 -16.3216 0 0 0 1 
Seq_Frame0093_ForcepToReference-SequenceTransformStatus = OK
Seq_Frame0093_Timestamp = 9.923
Seq_Frame0094_ForcepToReference-SequenceTransform =-0.600217 0.615876 0.51033 -148.305 0.120302 0.700297 -0.703642 131.251 -0.790739 -0.360944 -0.494421 -16.6861 0 0 0 1 
Seq_Frame0094_ForcepToReference-SequenceTransformStatus = OK
Seq_Frame0094_Timestamp = 10.031
Seq_Frame0095_ForcepToReference-SequenceTransform =-0.612927 0.613849 0.497504 -149.532 0.114199 0.691851 -0.712952 130.004 -0.781844 -0.380173 -0.494155 -16.3508 0 0 0 1 
Seq_Frame0095_ForcepToReference-SequenceTransformStatus = OK
Seq_Frame0095_Timestamp = 10.136
Seq_Frame0096_ForcepToReference-SequenceTransform =-0.613969 0.608254 0.503059 -150.412 0.0964957 0.690383 -0.71698 127.457 -0.78341 -0.39166 -0.482568 -17.2665 0 0 0 1 
Seq_Frame0096_ForcepToReference-SequenceTransformStatus = OK
Seq_Frame0096_Timestamp = 10.242
Seq_Frame0097_ForcepToReference-SequenceTransform =-0.624168 0.584168 0.518808 -153.177 0.0709736 0.703689 -0.706954 125.054 -0.77806 -0.404436 -0.480681 -18.2335 0 0 0 1 
Seq_Frame0097_ForcepToReference-SequenceTransformStatus = OK
Seq_Frame0097_Timestamp = 10.349
Seq_Frame0098_ForcepToReference-SequenceTransform =-0.622075 0.563854 0.543223 -154.939 0.00761411 0.698132 -0.715928 123.568 -0.78292 -0.441225 -0.438584 -21.8939 0 0 0 1 
Seq_Frame0098_ForcepToReference-SequenceTransformStatus = OK
Seq_Frame0098_Timestamp = 10.457
Seq_Frame0099_ForcepToReference-SequenceTransform =-0.620597 0.506658 0.598462 -155.083 -0.102568 0.704209 -0.702545 131.3 -0.777393 -0.49738 -0.385063 -28.7411 0 0 0 1 
Seq_Frame0099_ForcepToReference-SequenceTransformStatus = OK
Seq_Frame0099_Timestamp = 10.565
Seq_Frame0100_ForcepToReference-SequenceTransform =-0.585358 0.462949 0.665608 -146.656 -0.187164 0.721623 -0.666506 150.084 -0.788876 -0.514722 -0.33576 -35.4071 0 0 0 1 
Seq_Frame0100_ForcepToReference-SequenceTransformStatus = OK
Seq_Frame0100_Timestamp = 10.673
Seq_Frame0101_ForcepToReference-SequenceTransform =-0.564062 0.436452 0.700959 -133.457 -0.2447 0.72241 -0.646719 169.701 -0.788642 -0.536314 -0.300685 -42.8161 0 0 0 1 
Seq_Frame0101_ForcepToReference-SequenceTransformStatus = OK
Seq_Frame0101_Timestamp = 10.783
Seq_Frame0102_ForcepToReference-SequenceTransform =-0.53755 0.435822 0.721872 -118.571 -0.305392 0.697339 -0.648424 190.458 -0.785987 -0.569015 -0.241758 -49.3214 0 0 0 1 
Seq_Frame0102_ForcepToReference-SequenceTransformStatus = OK
Seq_Frame0102_Timestamp = 10.889
Seq_Frame0103_ForcepToReference-SequenceTransform =-0.566899 0.442462 0.694876 -103.838 -0.279867 0.6899 -0.667617 214.481 -0.77479 -0.572944 -0.267274 -47.6301 0 0 0 1 
Seq_Frame0103_ForcepToReference-SequenceTransformStatus = OK
Seq_Frame0103_Timestamp = 10.997
Seq_Frame0104_ForcepToReference-SequenceTransform =0.0341165 -0.992193 -0.119954 -86.1289 0.951163 -0.00461001 0.308654 228.442 -0.306797 -0.124626 0.94358 -42.8248 0 0 0 1 
Seq_Frame0104_ForcepToReference-SequenceTransformStatus = OK
Seq_Frame0104_Timestamp = 11.145
Seq_Frame0105_ForcepToReference-SequenceTransform =-0.07178 -0.968505 -0.238423 -71.5869 0.898084 -0.166751 0.406988 235.59 -0.433927 -0.18491 0.881768 -31.8713 0 0 0 1 
Seq_Frame0105_ForcepToReference-SequenceTransformStatus = OK
Seq_Frame0105_Timestamp = 11.254
Seq_Frame0106_ForcepToReference-SequenceTransform =-0.0649825 -0.954632 -0.29061 -57.6138 0.879745 -0.192259 0.43484 244.256 -0.470985 -0.227406 0.852326 -18.4846 0 0 0 1 
Seq_Frame0106_ForcepToReference-SequenceTransformStatus = OK
Seq_Frame0106_Timestamp = 11.357
Seq_Frame0107_ForcepToReference-SequenceTransform =-0.0583397 -0.946097 -0.318584 -40.2669 0.863996 -0.207722 0.458652 249.088 -0.500107 -0.248498 0.829543 -7.11886 0 0 0 1 
Seq_Frame0107_ForcepToReference-SequenceTransformStatus = OK
Seq_Frame0107_Timestamp = 11.47
Seq_Frame0108_ForcepToReference-SequenceTransform =-0.0523231 -0.931858 -0.359031 -28.9361 0.863824 -0.222627 0.451935 250.531 -0.50107 -0.286493 0.81661 -0.093315 0 0 0 1 
Seq_Frame0108_ForcepToReference-SequenceTransformStatus = OK
Seq_Frame0108_Timestamp = 11.57
Seq_Frame0109_ForcepToReference-SequenceTransform =-0.0528907 -0.921532 -0.384684 -18.2509 0.865318 -0.234568 0.442947 251.993 -0.498425 -0.309446 0.809825 7.59312 0 0 0 1 
Seq_Frame0109_ForcepToReference-SequenceTransformStatus = OK
Seq_Frame0109_Timestamp = 11.678
Seq_Frame0110_ForcepToReference-SequenceTransform =-0.0475764 -0.907947 -0.416377 -10.4914 0.872873 -0.240451 0.424589 252.223 -0.485623 -0.343243 0.803962 11.1612 0 0 0 1 
Seq_Frame0110_ForcepToReference-SequenceTransformStatus = OK
Seq_Frame0110_Timestamp = 11.781
Seq_Frame0111_ForcepToReference-SequenceTransform =-0.0368891 -0.898558 -0.437302 -3.44989 0.873661 -0.241438 0.422403 251.338 -0.485135 -0.366472 0.793941 13.0615 0 0 0 1 
Seq_Frame0111_ForcepToReference-SequenceTransformStatus = OK
Seq_Frame0111_Timestamp = 11.888
Seq_Frame0112_ForcepToReference-SequenceTransform =-0.0304312 -0.882527 -0.469277 2.19961 0.876048 -0.249604 0.412598 253.292 -0.481262 -0.398553 0.780731 15.5014 0 0 0 1 
Seq_Frame0112_ForcepToReference-SequenceTransformStatus = OK
Seq_Frame0112_Timestamp = 11.997
Seq_Frame0113_ForcepToReference-SequenceTransform =-0.0309702 -0.865024 -0.500773 7.67069 0.885331 -0.256287 0.387951 256.525 -0.463929 -0.431335 0.77377 17.676 0 0 0 1 
Seq_Frame0113_ForcepToReference-SequenceTransformStatus = OK
Seq_Frame0113_Timestamp = 12.102
Seq_Frame0114_ForcepToReference-SequenceTransform =-0.0213553 -0.844467 -0.535182 14.1029 0.878904 -0.270999 0.39254 257.163 -0.47652 -0.461991 0.747993 22.3781 0 0 0 1 
Seq_Frame0114_ForcepToReference-SequenceTransformStatus = OK
Seq_Frame0114_Timestamp = 12.21
Seq_Frame0115_ForcepToReference-SequenceTransform =0.000871419 -0.803109 -0.595831 21.1511 0.874722 -0.288143 0.389661 254.254 -0.484625 -0.521526 0.702246 27.7471 0 0 0 1 
Seq_Frame0115_ForcepToReference-SequenceTransformStatus = OK
Seq_Frame0115_Timestamp = 12.317
Seq_Frame0116_ForcepToReference-SequenceTransform =0.0195782 -0.775241 -0.631362 27.6517 0.862483 -0.306311 0.402861 249.541 -0.505708 -0.552426 0.662635 33.5246 0 0 0 1 
Seq_Frame0116_ForcepToReference-SequenceTransformStatus = OK
Seq_Frame0116_Timestamp = 12.426
Seq_Frame0117_ForcepToReference-SequenceTransform =0.0260781 -0.766903 -0.641233 32.2617 0.865804 -0.303317 0.397973 247.644 -0.499704 -0.56556 0.656078 36.5113 0 0 0 1 
Seq_Frame0117_ForcepToReference-SequenceTransformStatus = OK
Seq_Frame0117_Timestamp = 12.532
Seq_Frame0118_ForcepToReference-SequenceTransform =0.0307843 -0.765998 -0.642105 34.4595 0.865885 -0.300466 0.399953 246.684 -0.499294 -0.568302 0.654017 36.4102 0 0 0 1 
Seq_Frame0118_ForcepToReference-SequenceTransformStatus = OK
Seq_Frame0118_Timestamp = 12.638
Seq_Frame0119_ForcepToReference-SequenceTransform =0.0269741 -0.765557 -0.642802 36.5002 0.867923 -0.301105 0.395027 247.385 -0.495966 -0.568558 0.656322 36.1419 0 0 0 1 
Seq_Frame0119_ForcepToReference-SequenceTransformStatus = OK
Seq_Frame0119_Timestamp = 12.746
Seq_Frame0120_ForcepToReference-SequenceTransform =0.0298874 -0.753407 -0.656875 38.3835 0.870407 -0.303477 0.387677 247.471 -0.491425 -0.583335 0.6467 36.3871 0 0 0 1 
Seq_Frame0120_ForcepToReference-SequenceTransformStatus = OK
Seq_Frame0120_Timestamp = 12.849
Seq_Frame0121_ForcepToReference-SequenceTransform =0.0306922 -0.749827 -0.660922 39.6211 0.871604 -0.303582 0.384895 246.882 -0.489248 -0.587876 0.644234 35.8483 0 0 0 1 
Seq_Frame0121_ForcepToReference-SequenceTransformStatus = OK
Seq_Frame0121_Timestamp = 12.957
Seq_Frame0122_ForcepToReference-SequenceTransform =0.0315489 -0.750173 -0.660489 40.2967 0.872449 -0.301762 0.38441 246.48 -0.487685 -0.588371 0.644968 35.9783 0 0 0 1 
Seq_Frame0122_ForcepToReference-SequenceTransformStatus = OK
Seq_Frame0122_Timestamp = 13.06
Seq_Frame0123_ForcepToReference-SequenceTransform =0.0319161 -0.75019 -0.660452 40.0435 0.875826 -0.297387 0.380118 247.003 -0.48157 -0.590573 0.647544 35.6496 0 0 0 1 
Seq_Frame0123_ForcepToReference-SequenceTransformStatus = OK
Seq_Frame0123_Timestamp = 13.166
Seq_Frame0124_ForcepToReference-SequenceTransform =0.0258791 -0.753237 -0.65724 39.1939 0.879783 -0.29502 0.372753 248.75 -0.474671 -0.587875 0.65505 35.0776 0 0 0 1 
Seq_Frame0124_ForcepToReference-SequenceTransformStatus = OK
Seq_Frame0124_Timestamp = 13.273
Seq_Frame0125_ForcepToReference-SequenceTransform =0.0256737 -0.762284 -0.646733 38.817 0.875943 -0.294603 0.382011 248.711 -0.481731 -0.57631 0.660154 35.849 0 0 0 1 
Seq_Frame0125_ForcepToReference-SequenceTransformStatus = OK
Seq_Frame0125_Timestamp = 13.378
Seq_Frame0126_ForcepToReference-SequenceTransform =0.0276377 -0.760118 -0.649197 38.2545 0.873569 -0.29733 0.385321 248.62 -0.485915 -0.577768 0.655798 35.4495 0 0 0 1 
Seq_Frame0126_ForcepToReference-SequenceTransformStatus = OK
Seq_Frame0126_Timestamp = 13.486
Seq_Frame0127_ForcepToReference-SequenceTransform =0.0292529 -0.752427 -0.658025 38.1336 0.876617 -0.297008 0.378588 249.187 -0.480298 -0.587911 0.650903 35.732 0 0 0 1 
Seq_Frame0127_ForcepToReference-SequenceTransformStatus = OK
Seq_Frame0127_Timestamp = 13.59
Seq_Frame0128_ForcepToReference-SequenceTransform =0.0286973 -0.75113 -0.65953 38.3516 0.874625 -0.300575 0.380377 250.358 -0.483951 -0.587757 0.648331 36.1103 0 0 0 1 
Seq_Frame0128_ForcepToReference-SequenceTransformStatus = OK
Seq_Frame0128_Timestamp = 13.699
Seq_Frame0129_ForcepToReference-SequenceTransform =0.0244124 -0.746989 -0.664388 38.518 0.877475 -0.302422 0.372262 251.8 -0.479001 -0.592072 0.648081 35.7383 0 0 0 1 
Seq_Frame0129_ForcepToReference-SequenceTransformStatus = OK
Seq_Frame0129_Timestamp = 13.806
Seq_Frame0130_ForcepToReference-SequenceTransform =0.0231534 -0.74553 -0.66607 38.7587 0.8785 -0.302833 0.369498 253.514 -0.47718 -0.593698 0.647937 35.5824 0 0 0 1 
Seq_Frame0130_ForcepToReference-SequenceTransformStatus = OK
Seq_Frame0130_Timestamp = 13.913
Seq_Frame0131_ForcepToReference-SequenceTransform =0.0177712 -0.752812 -0.657996 39.2072 0.876994 -0.304314 0.371852 254.489 -0.480172 -0.583667 0.654804 35.9786 0 0 0 1 
Seq_Frame0131_ForcepToReference-SequenceTransformStatus = OK
Seq_Frame0131_Timestamp = 14.02
Seq_Frame0132_ForcepToReference-SequenceTransform =0.0194147 -0.744537 -0.667298 38.9221 0.880546 -0.303394 0.364131 256.229 -0.473563 -0.594656 0.649709 35.2544 0 0 0 1 
Seq_Frame0132_ForcepToReference-SequenceTransformStatus = OK
Seq_Frame0132_Timestamp = 14.123
Seq_Frame0133_ForcepToReference-SequenceTransform =0.0124707 -0.746507 -0.665261 38.7489 0.881331 -0.306069 0.359969 257.723 -0.472335 -0.590804 0.654103 35.0851 0 0 0 1 
Seq_Frame0133_ForcepToReference-SequenceTransformStatus = OK
Seq_Frame0133_Timestamp = 14.229
Seq_Frame0134_ForcepToReference-SequenceTransform =-0.04131 -0.802756 -0.594875 39.1253 0.842096 -0.34841 0.411685 258.922 -0.537743 -0.483935 0.690391 39.7132 0 0 0 1 
Seq_Frame0134_ForcepToReference-SequenceTransformStatus = OK
Seq_Frame0134_Timestamp = 14.336
Seq_Frame0135_ForcepToReference-SequenceTransform =-0.274927 0.54259 0.793733 39.7578 -0.490771 0.630701 -0.601132 259.986 -0.826776 -0.554808 0.0928908 39.399 0 0 0 1 
Seq_Frame0135_ForcepToReference-SequenceTransformStatus = OK
Seq_Frame0135_Timestamp = 14.47
Seq_Frame0136_ForcepToReference-SequenceTransform =-0.268307 0.543453 0.795406 40.3566 -0.483561 0.638142 -0.599119 260.502 -0.833175 -0.545375 0.0915754 39.2931 0 0 0 1 
Seq_Frame0136_ForcepToReference-SequenceTransformStatus = OK
Seq_Frame0136_Timestamp = 14.575
Seq_Frame0137_ForcepToReference-SequenceTransform =-0.308814 0.514909 0.799689 41.1815 -0.513723 0.617294 -0.59585 261.172 -0.800452 -0.594825 0.0738914 42.1242 0 0 0 1 
Seq_Frame0137_ForcepToReference-SequenceTransformStatus = OK
Seq_Frame0137_Timestamp = 14.682
Seq_Frame0138_ForcepToReference-SequenceTransform =-0.294945 0.530351 0.794818 42.1915 -0.499733 0.623371 -0.601395 260.456 -0.814416 -0.574575 0.0811738 41.1475 0 0 0 1 
Seq_Frame0138_ForcepToReference-SequenceTransformStatus = OK
Seq_Frame0138_Timestamp = 14.787
Seq_Frame0139_ForcepToReference-SequenceTransform =-0.249304 0.557546 0.791827 43.0261 -0.473077 0.643331 -0.601933 260.481 -0.845012 -0.524659 0.103377 40.0201 0 0 0 1 
Seq_Frame0139_ForcepToReference-SequenceTransformStatus = OK
Seq_Frame0139_Timestamp = 14.896
Seq_Frame0140_ForcepToReference-SequenceTransform =-0.238962 0.563324 0.790925 42.9249 -0.462935 0.649908 -0.602753 261.351 -0.853574 -0.510182 0.105479 39.2877 0 0 0 1 
Seq_Frame0140_ForcepToReference-SequenceTransformStatus = OK
Seq_Frame0140_Timestamp = 15
Seq_Frame0141_ForcepToReference-SequenceTransform =-0.232814 0.564468 0.791943 43.0053 -0.457705 0.654898 -0.601344 261.638 -0.858081 -0.502478 0.105891 39.2221 0 0 0 1 
Seq_Frame0141_ForcepToReference-SequenceTransformStatus = OK
Seq_Frame0141_Timestamp = 15.105
Seq_Frame0142_ForcepToReference-SequenceTransform =-0.210994 0.573938 0.79125 42.8641 -0.445787 0.663893 -0.600433 262.306 -0.869917 -0.479417 0.115776 39.0191 0 0 0 1 
Seq_Frame0142_ForcepToReference-SequenceTransformStatus = OK
Seq_Frame0142_Timestamp = 15.214
Seq_Frame0143_ForcepToReference-SequenceTransform =-0.156104 0.59992 0.784683 42.5951 -0.412101 0.68242 -0.603718 263.228 -0.897666 -0.417611 0.140699 38.1932 0 0 0 1 
Seq_Frame0143_ForcepToReference-SequenceTransformStatus = OK
Seq_Frame0143_Timestamp = 15.32
Seq_Frame0144_ForcepToReference-SequenceTransform =-0.154988 0.5997 0.785072 42.132 -0.404719 0.686387 -0.604215 263.149 -0.901211 -0.41138 0.136328 37.87 0 0 0 1 
Seq_Frame0144_ForcepToReference-SequenceTransformStatus = OK
Seq_Frame0144_Timestamp = 15.432
Seq_Frame0145_ForcepToReference-SequenceTransform =-0.144905 0.602723 0.784683 41.8522 -0.407607 0.686271 -0.602403 263.079 -0.901587 -0.407134 0.14623 37.469 0 0 0 1 
Seq_Frame0145_ForcepToReference-SequenceTransformStatus = OK
Seq_Frame0145_Timestamp = 15.537
Seq_Frame0146_ForcepToReference-SequenceTransform =-0.143743 0.601116 0.786128 41.3346 -0.413122 0.685399 -0.599632 263.378 -0.89926 -0.41096 0.149813 37.1951 0 0 0 1 
Seq_Frame0146_ForcepToReference-SequenceTransformStatus = OK
Seq_Frame0146_Timestamp = 15.645
Seq_Frame0147_ForcepToReference-SequenceTransform =-0.145063 0.600019 0.786723 40.7551 -0.414645 0.685075 -0.59895 263.823 -0.898346 -0.413096 0.149415 36.5758 0 0 0 1 
Seq_Frame0147_ForcepToReference-SequenceTransformStatus = OK
Seq_Frame0147_Timestamp = 15.749
Seq_Frame0148_ForcepToReference-SequenceTransform =-0.154404 0.595651 0.788263 40.556 -0.422062 0.681605 -0.597727 264.771 -0.893321 -0.424988 0.14616 37.7548 0 0 0 1 
Seq_Frame0148_ForcepToReference-SequenceTransformStatus = OK
Seq_Frame0148_Timestamp = 15.852
Seq_Frame0149_ForcepToReference-SequenceTransform =-0.136792 0.602361 0.786415 40.8046 -0.411061 0.687784 -0.598316 265.176 -0.901286 -0.40511 0.153524 37.4713 0 0 0 1 
Seq_Frame0149_ForcepToReference-SequenceTransformStatus = OK
Seq_Frame0149_Timestamp = 15.963
