ObjectType = Image
NDims = 3
AnatomicalOrientation = RAI
BinaryData = True
CompressedData = False
DimSize = 0 0 2393
ElementSpacing = 1 1 1
Offset = 0 0 0
TransformMatrix = 1 0 0 0 1 0 0 0 1
ElementType = MET_UCHAR
Kinds = domain domain list
Seq_Frame0000_DriverToReference-SequenceTransform =-0.804609 -0.575797 0.145127 30.5865 -0.205504 0.499314 0.841697 59.931 -0.55711 0.647413 -0.520082 93.475 0 0 0 1 
Seq_Frame0000_DriverToReference-SequenceTransformStatus = OK
Seq_Frame0000_Timestamp = 0.0190001
Seq_Frame0001_DriverToReference-SequenceTransform =-0.804941 -0.575438 0.144711 30.6165 -0.205366 0.498998 0.841918 59.8921 -0.556682 0.647975 -0.519839 93.4897 0 0 0 1 
Seq_Frame0001_DriverToReference-SequenceTransformStatus = OK
Seq_Frame0001_Timestamp = 0.129
Seq_Frame0002_DriverToReference-SequenceTransform =-0.803833 -0.576612 0.146188 30.5762 -0.204367 0.49849 0.842462 59.8909 -0.558647 0.647323 -0.518543 93.4203 0 0 0 1 
Seq_Frame0002_DriverToReference-SequenceTransformStatus = OK
Seq_Frame0002_Timestamp = 0.239
Seq_Frame0003_DriverToReference-SequenceTransform =-0.801998 -0.578659 0.148164 30.534 -0.204136 0.498627 0.842436 59.9469 -0.561362 0.645387 -0.518024 93.2213 0 0 0 1 
Seq_Frame0003_DriverToReference-SequenceTransformStatus = OK
Seq_Frame0003_Timestamp = 0.342
Seq_Frame0004_DriverToReference-SequenceTransform =-0.803709 -0.576793 0.146155 30.616 -0.205629 0.499735 0.841416 59.8686 -0.558362 0.6462 -0.520247 93.6016 0 0 0 1 
Seq_Frame0004_DriverToReference-SequenceTransformStatus = OK
Seq_Frame0004_Timestamp = 0.447
Seq_Frame0005_DriverToReference-SequenceTransform =-0.805125 -0.575187 0.144682 30.6138 -0.205081 0.498875 0.84206 59.8822 -0.55652 0.648293 -0.519617 93.5577 0 0 0 1 
Seq_Frame0005_DriverToReference-SequenceTransformStatus = OK
Seq_Frame0005_Timestamp = 0.554
Seq_Frame0006_DriverToReference-SequenceTransform =-0.800738 -0.580124 0.149245 30.4808 -0.20663 0.501363 0.840202 60.1048 -0.562248 0.641943 -0.521332 93.2688 0 0 0 1 
Seq_Frame0006_DriverToReference-SequenceTransformStatus = OK
Seq_Frame0006_Timestamp = 0.663
Seq_Frame0007_DriverToReference-SequenceTransform =-0.803355 -0.577159 0.146657 30.582 -0.206249 0.500701 0.84069 59.9343 -0.558643 0.645124 -0.521279 93.5838 0 0 0 1 
Seq_Frame0007_DriverToReference-SequenceTransformStatus = OK
Seq_Frame0007_Timestamp = 0.769
Seq_Frame0008_DriverToReference-SequenceTransform =-0.803037 -0.577434 0.147314 30.6194 -0.206002 0.500942 0.840607 59.8552 -0.559191 0.644692 -0.521227 93.6589 0 0 0 1 
Seq_Frame0008_DriverToReference-SequenceTransformStatus = OK
Seq_Frame0008_Timestamp = 0.873
Seq_Frame0009_DriverToReference-SequenceTransform =-0.804857 -0.57553 0.144812 30.5677 -0.20451 0.498034 0.842697 59.7462 -0.557118 0.648635 -0.518548 93.6004 0 0 0 1 
Seq_Frame0009_DriverToReference-SequenceTransformStatus = OK
Seq_Frame0009_Timestamp = 0.984
Seq_Frame0010_DriverToReference-SequenceTransform =-0.802499 -0.578116 0.147569 30.4871 -0.205045 0.499482 0.841709 59.7518 -0.560314 0.645213 -0.519374 93.652 0 0 0 1 
Seq_Frame0010_DriverToReference-SequenceTransformStatus = OK
Seq_Frame0010_Timestamp = 1.089
Seq_Frame0011_DriverToReference-SequenceTransform =-0.78504 -0.603905 0.137879 30.9877 -0.222072 0.482167 0.847466 59.3445 -0.57827 0.634676 -0.512631 92.4567 0 0 0 1 
Seq_Frame0011_DriverToReference-SequenceTransformStatus = OK
Seq_Frame0011_Timestamp = 1.194
Seq_Frame0012_DriverToReference-SequenceTransform =-0.793091 -0.592277 0.142179 33.2118 -0.217151 0.49302 0.842483 59.7913 -0.56908 0.637291 -0.519623 93.1128 0 0 0 1 
Seq_Frame0012_DriverToReference-SequenceTransformStatus = OK
Seq_Frame0012_Timestamp = 1.304
Seq_Frame0013_DriverToReference-SequenceTransform =-0.785516 -0.595153 0.169581 35.6122 -0.236902 0.542352 0.806059 64.1001 -0.571701 0.592998 -0.56702 91.1532 0 0 0 1 
Seq_Frame0013_DriverToReference-SequenceTransformStatus = OK
Seq_Frame0013_Timestamp = 1.409
Seq_Frame0014_DriverToReference-SequenceTransform =-0.799139 -0.577628 0.166501 37.4746 -0.293327 0.616443 0.730724 70.026 -0.524725 0.535111 -0.662058 84.6038 0 0 0 1 
Seq_Frame0014_DriverToReference-SequenceTransformStatus = OK
Seq_Frame0014_Timestamp = 1.517
Seq_Frame0015_DriverToReference-SequenceTransform =-0.814216 -0.562406 0.144055 38.2663 -0.359727 0.683484 0.635174 75.623 -0.455685 0.465348 -0.758816 77.2603 0 0 0 1 
Seq_Frame0015_DriverToReference-SequenceTransformStatus = OK
Seq_Frame0015_Timestamp = 1.624
Seq_Frame0016_DriverToReference-SequenceTransform =-0.808646 -0.572092 0.137125 39.0291 -0.431108 0.734861 0.523569 81.9196 -0.400298 0.364266 -0.840876 70.8439 0 0 0 1 
Seq_Frame0016_DriverToReference-SequenceTransformStatus = OK
Seq_Frame0016_Timestamp = 1.729
Seq_Frame0017_DriverToReference-SequenceTransform =-0.8075 -0.578449 0.115498 38.6977 -0.484486 0.762092 0.429522 85.5073 -0.336477 0.290882 -0.89564 65.6969 0 0 0 1 
Seq_Frame0017_DriverToReference-SequenceTransformStatus = OK
Seq_Frame0017_Timestamp = 1.833
Seq_Frame0018_DriverToReference-SequenceTransform =-0.790159 -0.60892 0.0697545 35.7628 -0.575225 0.776055 0.258566 94.6225 -0.211579 0.164184 -0.963472 61.0088 0 0 0 1 
Seq_Frame0018_DriverToReference-SequenceTransformStatus = OK
Seq_Frame0018_Timestamp = 1.939
Seq_Frame0019_DriverToReference-SequenceTransform =-0.756787 -0.653278 0.0223761 28.2497 -0.601002 0.708873 0.369183 114.235 -0.257041 0.265945 -0.929087 59.139 0 0 0 1 
Seq_Frame0019_DriverToReference-SequenceTransformStatus = OK
Seq_Frame0019_Timestamp = 2.048
Seq_Frame0020_DriverToReference-SequenceTransform =-0.727066 -0.630929 -0.270747 14.0219 -0.681661 0.710433 0.174994 142.86 0.0819389 0.311789 -0.946612 64.6616 0 0 0 1 
Seq_Frame0020_DriverToReference-SequenceTransformStatus = OK
Seq_Frame0020_Timestamp = 2.151
Seq_Frame0021_DriverToReference-SequenceTransform =-0.709912 -0.700441 -0.0735407 -2.59657 -0.671958 0.642343 0.368603 171.507 -0.210946 0.311092 -0.926673 71.0004 0 0 0 1 
Seq_Frame0021_DriverToReference-SequenceTransformStatus = OK
Seq_Frame0021_Timestamp = 2.258
Seq_Frame0022_DriverToReference-SequenceTransform =-0.700946 -0.680801 -0.212567 -15.0978 -0.694888 0.584769 0.418541 188.531 -0.16064 0.441085 -0.882971 74.004 0 0 0 1 
Seq_Frame0022_DriverToReference-SequenceTransformStatus = OK
Seq_Frame0022_Timestamp = 2.364
Seq_Frame0023_DriverToReference-SequenceTransform =-0.676411 -0.667266 -0.311808 -19.5723 -0.728823 0.545332 0.414041 200.308 -0.106237 0.507315 -0.855187 75.5273 0 0 0 1 
Seq_Frame0023_DriverToReference-SequenceTransformStatus = OK
Seq_Frame0023_Timestamp = 2.468
Seq_Frame0024_DriverToReference-SequenceTransform =-0.699231 -0.676155 -0.232141 -13.2189 -0.688789 0.550236 0.472028 213.535 -0.191432 0.489953 -0.85047 89.6558 0 0 0 1 
Seq_Frame0024_DriverToReference-SequenceTransformStatus = OK
Seq_Frame0024_Timestamp = 2.573
Seq_Frame0025_DriverToReference-SequenceTransform =-0.59222 -0.745049 -0.306882 7.83773 -0.788369 0.457021 0.411833 252.44 -0.166584 0.485832 -0.858031 117.1 0 0 0 1 
Seq_Frame0025_DriverToReference-SequenceTransformStatus = OK
Seq_Frame0025_Timestamp = 2.679
Seq_Frame0026_DriverToReference-SequenceTransform =-0.420247 -0.831246 -0.363898 31.8675 -0.898094 0.323704 0.297729 292.876 -0.129691 0.451935 -0.882573 159.696 0 0 0 1 
Seq_Frame0026_DriverToReference-SequenceTransformStatus = OK
Seq_Frame0026_Timestamp = 2.783
Seq_Frame0027_DriverToReference-SequenceTransform =-0.38445 -0.837022 -0.389349 58.4883 -0.908827 0.269178 0.318713 318.84 -0.161966 0.476379 -0.864193 214.358 0 0 0 1 
Seq_Frame0027_DriverToReference-SequenceTransformStatus = OK
Seq_Frame0027_Timestamp = 2.894
Seq_Frame0028_DriverToReference-SequenceTransform =-0.377365 -0.868327 -0.321876 72.6155 -0.907031 0.276457 0.317596 329.225 -0.186793 0.4118 -0.891924 255.95 0 0 0 1 
Seq_Frame0028_DriverToReference-SequenceTransformStatus = OK
Seq_Frame0028_Timestamp = 2.998
Seq_Frame0029_DriverToReference-SequenceTransform =-0.37183 -0.876921 -0.304552 74.9825 -0.916968 0.295855 0.267655 328.754 -0.144609 0.378786 -0.914117 280.476 0 0 0 1 
Seq_Frame0029_DriverToReference-SequenceTransformStatus = OK
Seq_Frame0029_Timestamp = 3.103
Seq_Frame0030_DriverToReference-SequenceTransform =-0.27945 -0.882187 -0.379016 73.2746 -0.958952 0.236639 0.156246 328.289 -0.0481487 0.407121 -0.912104 289.749 0 0 0 1 
Seq_Frame0030_DriverToReference-SequenceTransformStatus = OK
Seq_Frame0030_Timestamp = 3.208
Seq_Frame0031_DriverToReference-SequenceTransform =-0.179629 -0.882881 -0.433884 71.2143 -0.981893 0.133938 0.133964 329.558 -0.060161 0.450091 -0.890954 291.312 0 0 0 1 
Seq_Frame0031_DriverToReference-SequenceTransformStatus = OK
Seq_Frame0031_Timestamp = 3.313
Seq_Frame0032_DriverToReference-SequenceTransform =-0.0903515 -0.864837 -0.493855 67.3377 -0.995476 0.0930557 0.019165 329.05 0.0293815 0.493353 -0.869333 290.498 0 0 0 1 
Seq_Frame0032_DriverToReference-SequenceTransformStatus = OK
Seq_Frame0032_Timestamp = 3.418
Seq_Frame0033_DriverToReference-SequenceTransform =-0.0678857 -0.860244 -0.505343 68.2657 -0.997674 0.0616925 0.0290044 329.6 0.00622505 0.506137 -0.862431 292.933 0 0 0 1 
Seq_Frame0033_DriverToReference-SequenceTransformStatus = OK
Seq_Frame0033_Timestamp = 3.529
Seq_Frame0034_DriverToReference-SequenceTransform =-0.0426766 -0.866374 -0.497568 71.7862 -0.999089 0.0365866 0.0219869 328.949 -0.000844608 0.498053 -0.867146 297.4 0 0 0 1 
Seq_Frame0034_DriverToReference-SequenceTransformStatus = OK
Seq_Frame0034_Timestamp = 3.634
Seq_Frame0035_DriverToReference-SequenceTransform =-0.0228939 -0.877017 -0.479913 73.1809 -0.998886 0.000256611 0.0471822 330.869 -0.0412564 0.480459 -0.876046 300.008 0 0 0 1 
Seq_Frame0035_DriverToReference-SequenceTransformStatus = OK
Seq_Frame0035_Timestamp = 3.744
Seq_Frame0036_DriverToReference-SequenceTransform =-0.0943988 -0.851724 -0.515417 70.2729 -0.98656 0.0106753 0.163048 339.743 -0.13337 0.523882 -0.841285 298.363 0 0 0 1 
Seq_Frame0036_DriverToReference-SequenceTransformStatus = OK
Seq_Frame0036_Timestamp = 3.85
Seq_Frame0037_DriverToReference-SequenceTransform =-0.557637 -0.744985 -0.366113 57.709 -0.669034 0.14229 0.729484 366.771 -0.49136 0.651729 -0.577767 291.391 0 0 0 1 
Seq_Frame0037_DriverToReference-SequenceTransformStatus = OK
Seq_Frame0037_Timestamp = 3.954
Seq_Frame0038_DriverToReference-SequenceTransform =-0.775763 -0.610078 -0.161236 43.2109 -0.374769 0.239865 0.895552 391.696 -0.507682 0.755162 -0.414717 276.359 0 0 0 1 
Seq_Frame0038_DriverToReference-SequenceTransformStatus = OK
Seq_Frame0038_Timestamp = 4.067
Seq_Frame0039_DriverToReference-SequenceTransform =-0.831849 -0.55321 -0.0445713 36.6022 -0.247205 0.297417 0.922189 404.338 -0.496908 0.77814 -0.384162 269.437 0 0 0 1 
Seq_Frame0039_DriverToReference-SequenceTransformStatus = OK
Seq_Frame0039_Timestamp = 4.169
Seq_Frame0040_DriverToReference-SequenceTransform =-0.822939 -0.568127 -0.00208007 36.6971 -0.210048 0.300851 0.930252 407.189 -0.527875 0.765977 -0.366916 268.29 0 0 0 1 
Seq_Frame0040_DriverToReference-SequenceTransformStatus = OK
Seq_Frame0040_Timestamp = 4.279
Seq_Frame0041_DriverToReference-SequenceTransform =-0.910307 -0.413472 -0.0195422 47.3327 -0.180484 0.353984 0.917671 408.275 -0.372514 0.838889 -0.39686 271.713 0 0 0 1 
Seq_Frame0041_DriverToReference-SequenceTransformStatus = OK
Seq_Frame0041_Timestamp = 4.384
Seq_Frame0042_DriverToReference-SequenceTransform =-0.889249 -0.456344 -0.0314035 46.9713 -0.212786 0.351916 0.911525 405.701 -0.404917 0.817255 -0.410045 271.737 0 0 0 1 
Seq_Frame0042_DriverToReference-SequenceTransformStatus = OK
Seq_Frame0042_Timestamp = 4.488
Seq_Frame0043_DriverToReference-SequenceTransform =-0.868161 -0.495746 0.0230574 49.5556 -0.205093 0.400696 0.892961 400.609 -0.451921 0.770505 -0.449543 272.404 0 0 0 1 
Seq_Frame0043_DriverToReference-SequenceTransformStatus = OK
Seq_Frame0043_Timestamp = 4.594
Seq_Frame0044_DriverToReference-SequenceTransform =-0.834082 -0.549851 0.0444007 49.3096 -0.262005 0.465697 0.845269 394.944 -0.485449 0.69339 -0.532493 274.309 0 0 0 1 
Seq_Frame0044_DriverToReference-SequenceTransformStatus = OK
Seq_Frame0044_Timestamp = 4.7
Seq_Frame0045_DriverToReference-SequenceTransform =-0.707553 -0.693679 -0.134825 51.1148 -0.533969 0.399853 0.74498 392.151 -0.462867 0.599105 -0.65332 275.751 0 0 0 1 
Seq_Frame0045_DriverToReference-SequenceTransformStatus = OK
Seq_Frame0045_Timestamp = 4.809
Seq_Frame0046_DriverToReference-SequenceTransform =-0.611888 -0.727388 -0.310644 56.2062 -0.729152 0.366572 0.577895 387.721 -0.30648 0.580114 -0.754678 277.038 0 0 0 1 
Seq_Frame0046_DriverToReference-SequenceTransformStatus = OK
Seq_Frame0046_Timestamp = 4.913
Seq_Frame0047_DriverToReference-SequenceTransform =-0.45582 -0.735939 -0.500621 59.6199 -0.886953 0.328524 0.324632 381.582 -0.0744427 0.592001 -0.802491 272.121 0 0 0 1 
Seq_Frame0047_DriverToReference-SequenceTransformStatus = OK
Seq_Frame0047_Timestamp = 5.024
Seq_Frame0048_DriverToReference-SequenceTransform =-0.359441 -0.700066 -0.617016 66.1409 -0.923302 0.362698 0.12635 377.533 0.135338 0.615107 -0.776741 268.014 0 0 0 1 
Seq_Frame0048_DriverToReference-SequenceTransformStatus = OK
Seq_Frame0048_Timestamp = 5.129
Seq_Frame0049_DriverToReference-SequenceTransform =-0.242371 -0.678786 -0.693185 64.2372 -0.919992 0.387635 -0.0579097 364.807 0.308011 0.623689 -0.71843 261.859 0 0 0 1 
Seq_Frame0049_DriverToReference-SequenceTransformStatus = OK
Seq_Frame0049_Timestamp = 5.238
Seq_Frame0050_DriverToReference-SequenceTransform =-0.0817501 -0.614455 -0.784705 32.775 -0.798738 0.511301 -0.317157 332.423 0.596099 0.600846 -0.532587 251.748 0 0 0 1 
Seq_Frame0050_DriverToReference-SequenceTransformStatus = OK
Seq_Frame0050_Timestamp = 5.344
Seq_Frame0051_DriverToReference-SequenceTransform =0.0354526 -0.580769 -0.813296 20.5905 -0.736751 0.534668 -0.413918 320.862 0.675234 0.613871 -0.408927 249.027 0 0 0 1 
Seq_Frame0051_DriverToReference-SequenceTransformStatus = OK
Seq_Frame0051_Timestamp = 5.449
Seq_Frame0052_DriverToReference-SequenceTransform =0.0354526 -0.580769 -0.813296 20.5905 -0.736751 0.534668 -0.413918 320.862 0.675234 0.613871 -0.408927 249.027 0 0 0 1 
Seq_Frame0052_DriverToReference-SequenceTransformStatus = OK
Seq_Frame0052_Timestamp = 5.553
Seq_Frame0053_DriverToReference-SequenceTransform =0.0354526 -0.580769 -0.813296 20.5905 -0.736751 0.534668 -0.413918 320.862 0.675234 0.613871 -0.408927 249.027 0 0 0 1 
Seq_Frame0053_DriverToReference-SequenceTransformStatus = OK
Seq_Frame0053_Timestamp = 5.658
Seq_Frame0054_DriverToReference-SequenceTransform =0.0354526 -0.580769 -0.813296 20.5905 -0.736751 0.534668 -0.413918 320.862 0.675234 0.613871 -0.408927 249.027 0 0 0 1 
Seq_Frame0054_DriverToReference-SequenceTransformStatus = OK
Seq_Frame0054_Timestamp = 5.768
Seq_Frame0055_DriverToReference-SequenceTransform =0.0354526 -0.580769 -0.813296 20.5905 -0.736751 0.534668 -0.413918 320.862 0.675234 0.613871 -0.408927 249.027 0 0 0 1 
Seq_Frame0055_DriverToReference-SequenceTransformStatus = OK
Seq_Frame0055_Timestamp = 5.875
Seq_Frame0056_DriverToReference-SequenceTransform =0.0354526 -0.580769 -0.813296 20.5905 -0.736751 0.534668 -0.413918 320.862 0.675234 0.613871 -0.408927 249.027 0 0 0 1 
Seq_Frame0056_DriverToReference-SequenceTransformStatus = OK
Seq_Frame0056_Timestamp = 5.978
Seq_Frame0057_DriverToReference-SequenceTransform =0.0354526 -0.580769 -0.813296 20.5905 -0.736751 0.534668 -0.413918 320.862 0.675234 0.613871 -0.408927 249.027 0 0 0 1 
Seq_Frame0057_DriverToReference-SequenceTransformStatus = OK
Seq_Frame0057_Timestamp = 6.083
Seq_Frame0058_DriverToReference-SequenceTransform =0.0354526 -0.580769 -0.813296 20.5905 -0.736751 0.534668 -0.413918 320.862 0.675234 0.613871 -0.408927 249.027 0 0 0 1 
Seq_Frame0058_DriverToReference-SequenceTransformStatus = OK
Seq_Frame0058_Timestamp = 6.192
Seq_Frame0059_DriverToReference-SequenceTransform =0.0354526 -0.580769 -0.813296 20.5905 -0.736751 0.534668 -0.413918 320.862 0.675234 0.613871 -0.408927 249.027 0 0 0 1 
Seq_Frame0059_DriverToReference-SequenceTransformStatus = OK
Seq_Frame0059_Timestamp = 6.303
Seq_Frame0060_DriverToReference-SequenceTransform =0.0354526 -0.580769 -0.813296 20.5905 -0.736751 0.534668 -0.413918 320.862 0.675234 0.613871 -0.408927 249.027 0 0 0 1 
Seq_Frame0060_DriverToReference-SequenceTransformStatus = OK
Seq_Frame0060_Timestamp = 6.408
Seq_Frame0061_DriverToReference-SequenceTransform =0.0354526 -0.580769 -0.813296 20.5905 -0.736751 0.534668 -0.413918 320.862 0.675234 0.613871 -0.408927 249.027 0 0 0 1 
Seq_Frame0061_DriverToReference-SequenceTransformStatus = OK
Seq_Frame0061_Timestamp = 6.519
Seq_Frame0062_DriverToReference-SequenceTransform =0.0354526 -0.580769 -0.813296 20.5905 -0.736751 0.534668 -0.413918 320.862 0.675234 0.613871 -0.408927 249.027 0 0 0 1 
Seq_Frame0062_DriverToReference-SequenceTransformStatus = OK
Seq_Frame0062_Timestamp = 6.624
Seq_Frame0063_DriverToReference-SequenceTransform =0.0354526 -0.580769 -0.813296 20.5905 -0.736751 0.534668 -0.413918 320.862 0.675234 0.613871 -0.408927 249.027 0 0 0 1 
Seq_Frame0063_DriverToReference-SequenceTransformStatus = OK
Seq_Frame0063_Timestamp = 6.728
Seq_Frame0064_DriverToReference-SequenceTransform =0.0354526 -0.580769 -0.813296 20.5905 -0.736751 0.534668 -0.413918 320.862 0.675234 0.613871 -0.408927 249.027 0 0 0 1 
Seq_Frame0064_DriverToReference-SequenceTransformStatus = OK
Seq_Frame0064_Timestamp = 6.834
Seq_Frame0065_DriverToReference-SequenceTransform =0.0354526 -0.580769 -0.813296 20.5905 -0.736751 0.534668 -0.413918 320.862 0.675234 0.613871 -0.408927 249.027 0 0 0 1 
Seq_Frame0065_DriverToReference-SequenceTransformStatus = OK
Seq_Frame0065_Timestamp = 6.943
Seq_Frame0066_DriverToReference-SequenceTransform =0.0354526 -0.580769 -0.813296 20.5905 -0.736751 0.534668 -0.413918 320.862 0.675234 0.613871 -0.408927 249.027 0 0 0 1 
Seq_Frame0066_DriverToReference-SequenceTransformStatus = OK
Seq_Frame0066_Timestamp = 7.049
Seq_Frame0067_DriverToReference-SequenceTransform =0.0354526 -0.580769 -0.813296 20.5905 -0.736751 0.534668 -0.413918 320.862 0.675234 0.613871 -0.408927 249.027 0 0 0 1 
Seq_Frame0067_DriverToReference-SequenceTransformStatus = OK
Seq_Frame0067_Timestamp = 7.153
Seq_Frame0068_DriverToReference-SequenceTransform =0.0354526 -0.580769 -0.813296 20.5905 -0.736751 0.534668 -0.413918 320.862 0.675234 0.613871 -0.408927 249.027 0 0 0 1 
Seq_Frame0068_DriverToReference-SequenceTransformStatus = OK
Seq_Frame0068_Timestamp = 7.259
Seq_Frame0069_DriverToReference-SequenceTransform =0.0354526 -0.580769 -0.813296 20.5905 -0.736751 0.534668 -0.413918 320.862 0.675234 0.613871 -0.408927 249.027 0 0 0 1 
Seq_Frame0069_DriverToReference-SequenceTransformStatus = OK
Seq_Frame0069_Timestamp = 7.368
Seq_Frame0070_DriverToReference-SequenceTransform =0.0354526 -0.580769 -0.813296 20.5905 -0.736751 0.534668 -0.413918 320.862 0.675234 0.613871 -0.408927 249.027 0 0 0 1 
Seq_Frame0070_DriverToReference-SequenceTransformStatus = OK
Seq_Frame0070_Timestamp = 7.483
Seq_Frame0071_DriverToReference-SequenceTransform =0.0354526 -0.580769 -0.813296 20.5905 -0.736751 0.534668 -0.413918 320.862 0.675234 0.613871 -0.408927 249.027 0 0 0 1 
Seq_Frame0071_DriverToReference-SequenceTransformStatus = OK
Seq_Frame0071_Timestamp = 7.598
Seq_Frame0072_DriverToReference-SequenceTransform =0.0354526 -0.580769 -0.813296 20.5905 -0.736751 0.534668 -0.413918 320.862 0.675234 0.613871 -0.408927 249.027 0 0 0 1 
Seq_Frame0072_DriverToReference-SequenceTransformStatus = OK
Seq_Frame0072_Timestamp = 7.703
Seq_Frame0073_DriverToReference-SequenceTransform =0.0354526 -0.580769 -0.813296 20.5905 -0.736751 0.534668 -0.413918 320.862 0.675234 0.613871 -0.408927 249.027 0 0 0 1 
Seq_Frame0073_DriverToReference-SequenceTransformStatus = OK
Seq_Frame0073_Timestamp = 7.809
Seq_Frame0074_DriverToReference-SequenceTransform =0.0354526 -0.580769 -0.813296 20.5905 -0.736751 0.534668 -0.413918 320.862 0.675234 0.613871 -0.408927 249.027 0 0 0 1 
Seq_Frame0074_DriverToReference-SequenceTransformStatus = OK
Seq_Frame0074_Timestamp = 7.919
Seq_Frame0075_DriverToReference-SequenceTransform =0.0354526 -0.580769 -0.813296 20.5905 -0.736751 0.534668 -0.413918 320.862 0.675234 0.613871 -0.408927 249.027 0 0 0 1 
Seq_Frame0075_DriverToReference-SequenceTransformStatus = OK
Seq_Frame0075_Timestamp = 8.023
Seq_Frame0076_DriverToReference-SequenceTransform =0.0354526 -0.580769 -0.813296 20.5905 -0.736751 0.534668 -0.413918 320.862 0.675234 0.613871 -0.408927 249.027 0 0 0 1 
Seq_Frame0076_DriverToReference-SequenceTransformStatus = OK
Seq_Frame0076_Timestamp = 8.128
Seq_Frame0077_DriverToReference-SequenceTransform =0.0354526 -0.580769 -0.813296 20.5905 -0.736751 0.534668 -0.413918 320.862 0.675234 0.613871 -0.408927 249.027 0 0 0 1 
Seq_Frame0077_DriverToReference-SequenceTransformStatus = OK
Seq_Frame0077_Timestamp = 8.235
Seq_Frame0078_DriverToReference-SequenceTransform =0.0354526 -0.580769 -0.813296 20.5905 -0.736751 0.534668 -0.413918 320.862 0.675234 0.613871 -0.408927 249.027 0 0 0 1 
Seq_Frame0078_DriverToReference-SequenceTransformStatus = OK
Seq_Frame0078_Timestamp = 8.344
Seq_Frame0079_DriverToReference-SequenceTransform =0.0354526 -0.580769 -0.813296 20.5905 -0.736751 0.534668 -0.413918 320.862 0.675234 0.613871 -0.408927 249.027 0 0 0 1 
Seq_Frame0079_DriverToReference-SequenceTransformStatus = OK
Seq_Frame0079_Timestamp = 8.449
Seq_Frame0080_DriverToReference-SequenceTransform =0.0354526 -0.580769 -0.813296 20.5905 -0.736751 0.534668 -0.413918 320.862 0.675234 0.613871 -0.408927 249.027 0 0 0 1 
Seq_Frame0080_DriverToReference-SequenceTransformStatus = OK
Seq_Frame0080_Timestamp = 8.553
Seq_Frame0081_DriverToReference-SequenceTransform =0.0354526 -0.580769 -0.813296 20.5905 -0.736751 0.534668 -0.413918 320.862 0.675234 0.613871 -0.408927 249.027 0 0 0 1 
Seq_Frame0081_DriverToReference-SequenceTransformStatus = OK
Seq_Frame0081_Timestamp = 8.658
Seq_Frame0082_DriverToReference-SequenceTransform =0.0354526 -0.580769 -0.813296 20.5905 -0.736751 0.534668 -0.413918 320.862 0.675234 0.613871 -0.408927 249.027 0 0 0 1 
Seq_Frame0082_DriverToReference-SequenceTransformStatus = OK
Seq_Frame0082_Timestamp = 8.763
Seq_Frame0083_DriverToReference-SequenceTransform =0.0354526 -0.580769 -0.813296 20.5905 -0.736751 0.534668 -0.413918 320.862 0.675234 0.613871 -0.408927 249.027 0 0 0 1 
Seq_Frame0083_DriverToReference-SequenceTransformStatus = OK
Seq_Frame0083_Timestamp = 8.869
Seq_Frame0084_DriverToReference-SequenceTransform =0.0354526 -0.580769 -0.813296 20.5905 -0.736751 0.534668 -0.413918 320.862 0.675234 0.613871 -0.408927 249.027 0 0 0 1 
Seq_Frame0084_DriverToReference-SequenceTransformStatus = OK
Seq_Frame0084_Timestamp = 8.984
Seq_Frame0085_DriverToReference-SequenceTransform =0.0354526 -0.580769 -0.813296 20.5905 -0.736751 0.534668 -0.413918 320.862 0.675234 0.613871 -0.408927 249.027 0 0 0 1 
Seq_Frame0085_DriverToReference-SequenceTransformStatus = OK
Seq_Frame0085_Timestamp = 9.084
Seq_Frame0086_DriverToReference-SequenceTransform =0.0354526 -0.580769 -0.813296 20.5905 -0.736751 0.534668 -0.413918 320.862 0.675234 0.613871 -0.408927 249.027 0 0 0 1 
Seq_Frame0086_DriverToReference-SequenceTransformStatus = OK
Seq_Frame0086_Timestamp = 9.189
Seq_Frame0087_DriverToReference-SequenceTransform =0.0354526 -0.580769 -0.813296 20.5905 -0.736751 0.534668 -0.413918 320.862 0.675234 0.613871 -0.408927 249.027 0 0 0 1 
Seq_Frame0087_DriverToReference-SequenceTransformStatus = OK
Seq_Frame0087_Timestamp = 9.294
Seq_Frame0088_DriverToReference-SequenceTransform =0.0354526 -0.580769 -0.813296 20.5905 -0.736751 0.534668 -0.413918 320.862 0.675234 0.613871 -0.408927 249.027 0 0 0 1 
Seq_Frame0088_DriverToReference-SequenceTransformStatus = OK
Seq_Frame0088_Timestamp = 9.404
Seq_Frame0089_DriverToReference-SequenceTransform =0.0354526 -0.580769 -0.813296 20.5905 -0.736751 0.534668 -0.413918 320.862 0.675234 0.613871 -0.408927 249.027 0 0 0 1 
Seq_Frame0089_DriverToReference-SequenceTransformStatus = OK
Seq_Frame0089_Timestamp = 9.509
Seq_Frame0090_DriverToReference-SequenceTransform =0.0354526 -0.580769 -0.813296 20.5905 -0.736751 0.534668 -0.413918 320.862 0.675234 0.613871 -0.408927 249.027 0 0 0 1 
Seq_Frame0090_DriverToReference-SequenceTransformStatus = OK
Seq_Frame0090_Timestamp = 9.613
Seq_Frame0091_DriverToReference-SequenceTransform =0.0354526 -0.580769 -0.813296 20.5905 -0.736751 0.534668 -0.413918 320.862 0.675234 0.613871 -0.408927 249.027 0 0 0 1 
Seq_Frame0091_DriverToReference-SequenceTransformStatus = OK
Seq_Frame0091_Timestamp = 9.723
Seq_Frame0092_DriverToReference-SequenceTransform =0.0354526 -0.580769 -0.813296 20.5905 -0.736751 0.534668 -0.413918 320.862 0.675234 0.613871 -0.408927 249.027 0 0 0 1 
Seq_Frame0092_DriverToReference-SequenceTransformStatus = OK
Seq_Frame0092_Timestamp = 9.829
Seq_Frame0093_DriverToReference-SequenceTransform =0.0354526 -0.580769 -0.813296 20.5905 -0.736751 0.534668 -0.413918 320.862 0.675234 0.613871 -0.408927 249.027 0 0 0 1 
Seq_Frame0093_DriverToReference-SequenceTransformStatus = OK
Seq_Frame0093_Timestamp = 9.938
Seq_Frame0094_DriverToReference-SequenceTransform =0.0354526 -0.580769 -0.813296 20.5905 -0.736751 0.534668 -0.413918 320.862 0.675234 0.613871 -0.408927 249.027 0 0 0 1 
Seq_Frame0094_DriverToReference-SequenceTransformStatus = OK
Seq_Frame0094_Timestamp = 10.044
Seq_Frame0095_DriverToReference-SequenceTransform =0.0354526 -0.580769 -0.813296 20.5905 -0.736751 0.534668 -0.413918 320.862 0.675234 0.613871 -0.408927 249.027 0 0 0 1 
Seq_Frame0095_DriverToReference-SequenceTransformStatus = OK
Seq_Frame0095_Timestamp = 10.153
Seq_Frame0096_DriverToReference-SequenceTransform =0.0354526 -0.580769 -0.813296 20.5905 -0.736751 0.534668 -0.413918 320.862 0.675234 0.613871 -0.408927 249.027 0 0 0 1 
Seq_Frame0096_DriverToReference-SequenceTransformStatus = OK
Seq_Frame0096_Timestamp = 10.259
Seq_Frame0097_DriverToReference-SequenceTransform =0.0354526 -0.580769 -0.813296 20.5905 -0.736751 0.534668 -0.413918 320.862 0.675234 0.613871 -0.408927 249.027 0 0 0 1 
Seq_Frame0097_DriverToReference-SequenceTransformStatus = OK
Seq_Frame0097_Timestamp = 10.375
Seq_Frame0098_DriverToReference-SequenceTransform =0.0354526 -0.580769 -0.813296 20.5905 -0.736751 0.534668 -0.413918 320.862 0.675234 0.613871 -0.408927 249.027 0 0 0 1 
Seq_Frame0098_DriverToReference-SequenceTransformStatus = OK
Seq_Frame0098_Timestamp = 10.475
Seq_Frame0099_DriverToReference-SequenceTransform =0.0354526 -0.580769 -0.813296 20.5905 -0.736751 0.534668 -0.413918 320.862 0.675234 0.613871 -0.408927 249.027 0 0 0 1 
Seq_Frame0099_DriverToReference-SequenceTransformStatus = OK
Seq_Frame0099_Timestamp = 10.578
Seq_Frame0100_DriverToReference-SequenceTransform =0.0354526 -0.580769 -0.813296 20.5905 -0.736751 0.534668 -0.413918 320.862 0.675234 0.613871 -0.408927 249.027 0 0 0 1 
Seq_Frame0100_DriverToReference-SequenceTransformStatus = OK
Seq_Frame0100_Timestamp = 10.683
Seq_Frame0101_DriverToReference-SequenceTransform =0.0354526 -0.580769 -0.813296 20.5905 -0.736751 0.534668 -0.413918 320.862 0.675234 0.613871 -0.408927 249.027 0 0 0 1 
Seq_Frame0101_DriverToReference-SequenceTransformStatus = OK
Seq_Frame0101_Timestamp = 10.788
Seq_Frame0102_DriverToReference-SequenceTransform =0.0354526 -0.580769 -0.813296 20.5905 -0.736751 0.534668 -0.413918 320.862 0.675234 0.613871 -0.408927 249.027 0 0 0 1 
Seq_Frame0102_DriverToReference-SequenceTransformStatus = OK
Seq_Frame0102_Timestamp = 10.894
Seq_Frame0103_DriverToReference-SequenceTransform =0.0354526 -0.580769 -0.813296 20.5905 -0.736751 0.534668 -0.413918 320.862 0.675234 0.613871 -0.408927 249.027 0 0 0 1 
Seq_Frame0103_DriverToReference-SequenceTransformStatus = OK
Seq_Frame0103_Timestamp = 10.998
Seq_Frame0104_DriverToReference-SequenceTransform =0.0354526 -0.580769 -0.813296 20.5905 -0.736751 0.534668 -0.413918 320.862 0.675234 0.613871 -0.408927 249.027 0 0 0 1 
Seq_Frame0104_DriverToReference-SequenceTransformStatus = OK
Seq_Frame0104_Timestamp = 11.103
Seq_Frame0105_DriverToReference-SequenceTransform =0.0354526 -0.580769 -0.813296 20.5905 -0.736751 0.534668 -0.413918 320.862 0.675234 0.613871 -0.408927 249.027 0 0 0 1 
Seq_Frame0105_DriverToReference-SequenceTransformStatus = OK
Seq_Frame0105_Timestamp = 11.214
Seq_Frame0106_DriverToReference-SequenceTransform =0.0354526 -0.580769 -0.813296 20.5905 -0.736751 0.534668 -0.413918 320.862 0.675234 0.613871 -0.408927 249.027 0 0 0 1 
Seq_Frame0106_DriverToReference-SequenceTransformStatus = OK
Seq_Frame0106_Timestamp = 11.318
Seq_Frame0107_DriverToReference-SequenceTransform =0.0354526 -0.580769 -0.813296 20.5905 -0.736751 0.534668 -0.413918 320.862 0.675234 0.613871 -0.408927 249.027 0 0 0 1 
Seq_Frame0107_DriverToReference-SequenceTransformStatus = OK
Seq_Frame0107_Timestamp = 11.429
Seq_Frame0108_DriverToReference-SequenceTransform =0.0354526 -0.580769 -0.813296 20.5905 -0.736751 0.534668 -0.413918 320.862 0.675234 0.613871 -0.408927 249.027 0 0 0 1 
Seq_Frame0108_DriverToReference-SequenceTransformStatus = OK
Seq_Frame0108_Timestamp = 11.534
Seq_Frame0109_DriverToReference-SequenceTransform =0.0354526 -0.580769 -0.813296 20.5905 -0.736751 0.534668 -0.413918 320.862 0.675234 0.613871 -0.408927 249.027 0 0 0 1 
Seq_Frame0109_DriverToReference-SequenceTransformStatus = OK
Seq_Frame0109_Timestamp = 11.639
Seq_Frame0110_DriverToReference-SequenceTransform =0.0354526 -0.580769 -0.813296 20.5905 -0.736751 0.534668 -0.413918 320.862 0.675234 0.613871 -0.408927 249.027 0 0 0 1 
Seq_Frame0110_DriverToReference-SequenceTransformStatus = OK
Seq_Frame0110_Timestamp = 11.742
Seq_Frame0111_DriverToReference-SequenceTransform =0.0354526 -0.580769 -0.813296 20.5905 -0.736751 0.534668 -0.413918 320.862 0.675234 0.613871 -0.408927 249.027 0 0 0 1 
Seq_Frame0111_DriverToReference-SequenceTransformStatus = OK
Seq_Frame0111_Timestamp = 11.849
Seq_Frame0112_DriverToReference-SequenceTransform =0.0354526 -0.580769 -0.813296 20.5905 -0.736751 0.534668 -0.413918 320.862 0.675234 0.613871 -0.408927 249.027 0 0 0 1 
Seq_Frame0112_DriverToReference-SequenceTransformStatus = OK
Seq_Frame0112_Timestamp = 11.959
Seq_Frame0113_DriverToReference-SequenceTransform =0.0354526 -0.580769 -0.813296 20.5905 -0.736751 0.534668 -0.413918 320.862 0.675234 0.613871 -0.408927 249.027 0 0 0 1 
Seq_Frame0113_DriverToReference-SequenceTransformStatus = OK
Seq_Frame0113_Timestamp = 12.064
Seq_Frame0114_DriverToReference-SequenceTransform =0.0354526 -0.580769 -0.813296 20.5905 -0.736751 0.534668 -0.413918 320.862 0.675234 0.613871 -0.408927 249.027 0 0 0 1 
Seq_Frame0114_DriverToReference-SequenceTransformStatus = OK
Seq_Frame0114_Timestamp = 12.184
Seq_Frame0115_DriverToReference-SequenceTransform =0.0354526 -0.580769 -0.813296 20.5905 -0.736751 0.534668 -0.413918 320.862 0.675234 0.613871 -0.408927 249.027 0 0 0 1 
Seq_Frame0115_DriverToReference-SequenceTransformStatus = OK
Seq_Frame0115_Timestamp = 12.294
Seq_Frame0116_DriverToReference-SequenceTransform =0.0354526 -0.580769 -0.813296 20.5905 -0.736751 0.534668 -0.413918 320.862 0.675234 0.613871 -0.408927 249.027 0 0 0 1 
Seq_Frame0116_DriverToReference-SequenceTransformStatus = OK
Seq_Frame0116_Timestamp = 12.398
Seq_Frame0117_DriverToReference-SequenceTransform =0.0354526 -0.580769 -0.813296 20.5905 -0.736751 0.534668 -0.413918 320.862 0.675234 0.613871 -0.408927 249.027 0 0 0 1 
Seq_Frame0117_DriverToReference-SequenceTransformStatus = OK
Seq_Frame0117_Timestamp = 12.503
Seq_Frame0118_DriverToReference-SequenceTransform =0.0354526 -0.580769 -0.813296 20.5905 -0.736751 0.534668 -0.413918 320.862 0.675234 0.613871 -0.408927 249.027 0 0 0 1 
Seq_Frame0118_DriverToReference-SequenceTransformStatus = OK
Seq_Frame0118_Timestamp = 12.608
Seq_Frame0119_DriverToReference-SequenceTransform =0.0354526 -0.580769 -0.813296 20.5905 -0.736751 0.534668 -0.413918 320.862 0.675234 0.613871 -0.408927 249.027 0 0 0 1 
Seq_Frame0119_DriverToReference-SequenceTransformStatus = OK
Seq_Frame0119_Timestamp = 12.713
Seq_Frame0120_DriverToReference-SequenceTransform =0.0354526 -0.580769 -0.813296 20.5905 -0.736751 0.534668 -0.413918 320.862 0.675234 0.613871 -0.408927 249.027 0 0 0 1 
Seq_Frame0120_DriverToReference-SequenceTransformStatus = OK
Seq_Frame0120_Timestamp = 12.818
Seq_Frame0121_DriverToReference-SequenceTransform =0.0354526 -0.580769 -0.813296 20.5905 -0.736751 0.534668 -0.413918 320.862 0.675234 0.613871 -0.408927 249.027 0 0 0 1 
Seq_Frame0121_DriverToReference-SequenceTransformStatus = OK
Seq_Frame0121_Timestamp = 12.928
Seq_Frame0122_DriverToReference-SequenceTransform =0.0354526 -0.580769 -0.813296 20.5905 -0.736751 0.534668 -0.413918 320.862 0.675234 0.613871 -0.408927 249.027 0 0 0 1 
Seq_Frame0122_DriverToReference-SequenceTransformStatus = OK
Seq_Frame0122_Timestamp = 13.034
Seq_Frame0123_DriverToReference-SequenceTransform =0.0354526 -0.580769 -0.813296 20.5905 -0.736751 0.534668 -0.413918 320.862 0.675234 0.613871 -0.408927 249.027 0 0 0 1 
Seq_Frame0123_DriverToReference-SequenceTransformStatus = OK
Seq_Frame0123_Timestamp = 13.138
Seq_Frame0124_DriverToReference-SequenceTransform =0.0354526 -0.580769 -0.813296 20.5905 -0.736751 0.534668 -0.413918 320.862 0.675234 0.613871 -0.408927 249.027 0 0 0 1 
Seq_Frame0124_DriverToReference-SequenceTransformStatus = OK
Seq_Frame0124_Timestamp = 13.249
Seq_Frame0125_DriverToReference-SequenceTransform =0.0354526 -0.580769 -0.813296 20.5905 -0.736751 0.534668 -0.413918 320.862 0.675234 0.613871 -0.408927 249.027 0 0 0 1 
Seq_Frame0125_DriverToReference-SequenceTransformStatus = OK
Seq_Frame0125_Timestamp = 13.353
Seq_Frame0126_DriverToReference-SequenceTransform =0.0354526 -0.580769 -0.813296 20.5905 -0.736751 0.534668 -0.413918 320.862 0.675234 0.613871 -0.408927 249.027 0 0 0 1 
Seq_Frame0126_DriverToReference-SequenceTransformStatus = OK
Seq_Frame0126_Timestamp = 13.458
Seq_Frame0127_DriverToReference-SequenceTransform =0.0354526 -0.580769 -0.813296 20.5905 -0.736751 0.534668 -0.413918 320.862 0.675234 0.613871 -0.408927 249.027 0 0 0 1 
Seq_Frame0127_DriverToReference-SequenceTransformStatus = OK
Seq_Frame0127_Timestamp = 13.563
Seq_Frame0128_DriverToReference-SequenceTransform =0.0354526 -0.580769 -0.813296 20.5905 -0.736751 0.534668 -0.413918 320.862 0.675234 0.613871 -0.408927 249.027 0 0 0 1 
Seq_Frame0128_DriverToReference-SequenceTransformStatus = OK
Seq_Frame0128_Timestamp = 13.669
Seq_Frame0129_DriverToReference-SequenceTransform =0.770191 0.320004 0.551728 114.023 0.145044 0.754491 -0.640083 215.205 -0.621103 0.573011 0.534687 228.018 0 0 0 1 
Seq_Frame0129_DriverToReference-SequenceTransformStatus = OK
Seq_Frame0129_Timestamp = 15.279
Seq_Frame0130_DriverToReference-SequenceTransform =-0.391982 -0.736756 -0.550945 109.904 -0.768825 -0.0665469 0.635988 213.358 -0.505231 0.672876 -0.540351 223.14 0 0 0 1 
Seq_Frame0130_DriverToReference-SequenceTransformStatus = OK
Seq_Frame0130_Timestamp = 15.384
Seq_Frame0131_DriverToReference-SequenceTransform =-0.396854 -0.730363 -0.555947 106.249 -0.754416 -0.0854676 0.650809 215.232 -0.522842 0.677691 -0.517079 219.728 0 0 0 1 
Seq_Frame0131_DriverToReference-SequenceTransformStatus = OK
Seq_Frame0131_Timestamp = 15.493
Seq_Frame0132_DriverToReference-SequenceTransform =-0.386973 -0.737006 -0.554143 104.557 -0.749407 -0.0987744 0.6547 218.276 -0.537253 0.66863 -0.514095 218.653 0 0 0 1 
Seq_Frame0132_DriverToReference-SequenceTransformStatus = OK
Seq_Frame0132_Timestamp = 15.599
Seq_Frame0133_DriverToReference-SequenceTransform =-0.386329 -0.73104 -0.562433 106.865 -0.750994 -0.104713 0.651954 219.684 -0.535498 0.674253 -0.508552 218.458 0 0 0 1 
Seq_Frame0133_DriverToReference-SequenceTransformStatus = OK
Seq_Frame0133_Timestamp = 15.703
Seq_Frame0134_DriverToReference-SequenceTransform =-0.393903 -0.727396 -0.561904 107.784 -0.748282 -0.101237 0.65561 217.365 -0.533774 0.678709 -0.50442 216.54 0 0 0 1 
Seq_Frame0134_DriverToReference-SequenceTransformStatus = OK
Seq_Frame0134_Timestamp = 15.814
Seq_Frame0135_DriverToReference-SequenceTransform =-0.416925 -0.714388 -0.561981 107.207 -0.742104 -0.0894684 0.664287 213.784 -0.524838 0.694007 -0.492848 215.883 0 0 0 1 
Seq_Frame0135_DriverToReference-SequenceTransformStatus = OK
Seq_Frame0135_Timestamp = 15.918
Seq_Frame0136_DriverToReference-SequenceTransform =-0.416925 -0.714388 -0.561981 107.207 -0.742104 -0.0894684 0.664287 213.784 -0.524838 0.694007 -0.492848 215.883 0 0 0 1 
Seq_Frame0136_DriverToReference-SequenceTransformStatus = OK
Seq_Frame0136_Timestamp = 16.029
Seq_Frame0137_DriverToReference-SequenceTransform =0.747067 0.364433 0.555949 113.892 0.144034 0.727721 -0.670579 199.186 -0.648957 0.581043 0.491166 224.04 0 0 0 1 
Seq_Frame0137_DriverToReference-SequenceTransformStatus = OK
Seq_Frame0137_Timestamp = 16.229
Seq_Frame0138_DriverToReference-SequenceTransform =0.907245 0.219603 0.358723 104.242 0.0612241 0.774841 -0.629184 198.214 -0.416124 0.592787 0.689525 210.451 0 0 0 1 
Seq_Frame0138_DriverToReference-SequenceTransformStatus = OK
Seq_Frame0138_Timestamp = 16.638
Seq_Frame0139_DriverToReference-SequenceTransform =0.907245 0.219603 0.358723 104.242 0.0612241 0.774841 -0.629184 198.214 -0.416124 0.592787 0.689525 210.451 0 0 0 1 
Seq_Frame0139_DriverToReference-SequenceTransformStatus = OK
Seq_Frame0139_Timestamp = 17.328
Seq_Frame0140_DriverToReference-SequenceTransform =0.907245 0.219603 0.358723 104.242 0.0612241 0.774841 -0.629184 198.214 -0.416124 0.592787 0.689525 210.451 0 0 0 1 
Seq_Frame0140_DriverToReference-SequenceTransformStatus = OK
Seq_Frame0140_Timestamp = 17.438
Seq_Frame0141_DriverToReference-SequenceTransform =0.907245 0.219603 0.358723 104.242 0.0612241 0.774841 -0.629184 198.214 -0.416124 0.592787 0.689525 210.451 0 0 0 1 
Seq_Frame0141_DriverToReference-SequenceTransformStatus = OK
Seq_Frame0141_Timestamp = 17.603
Seq_Frame0142_DriverToReference-SequenceTransform =0.907245 0.219603 0.358723 104.242 0.0612241 0.774841 -0.629184 198.214 -0.416124 0.592787 0.689525 210.451 0 0 0 1 
Seq_Frame0142_DriverToReference-SequenceTransformStatus = OK
Seq_Frame0142_Timestamp = 17.714
Seq_Frame0143_DriverToReference-SequenceTransform =0.907245 0.219603 0.358723 104.242 0.0612241 0.774841 -0.629184 198.214 -0.416124 0.592787 0.689525 210.451 0 0 0 1 
Seq_Frame0143_DriverToReference-SequenceTransformStatus = OK
Seq_Frame0143_Timestamp = 18.428
Seq_Frame0144_DriverToReference-SequenceTransform =0.907245 0.219603 0.358723 104.242 0.0612241 0.774841 -0.629184 198.214 -0.416124 0.592787 0.689525 210.451 0 0 0 1 
Seq_Frame0144_DriverToReference-SequenceTransformStatus = OK
Seq_Frame0144_Timestamp = 18.538
Seq_Frame0145_DriverToReference-SequenceTransform =0.907245 0.219603 0.358723 104.242 0.0612241 0.774841 -0.629184 198.214 -0.416124 0.592787 0.689525 210.451 0 0 0 1 
Seq_Frame0145_DriverToReference-SequenceTransformStatus = OK
Seq_Frame0145_Timestamp = 18.644
Seq_Frame0146_DriverToReference-SequenceTransform =0.907245 0.219603 0.358723 104.242 0.0612241 0.774841 -0.629184 198.214 -0.416124 0.592787 0.689525 210.451 0 0 0 1 
Seq_Frame0146_DriverToReference-SequenceTransformStatus = OK
Seq_Frame0146_Timestamp = 18.748
Seq_Frame0147_DriverToReference-SequenceTransform =0.907245 0.219603 0.358723 104.242 0.0612241 0.774841 -0.629184 198.214 -0.416124 0.592787 0.689525 210.451 0 0 0 1 
Seq_Frame0147_DriverToReference-SequenceTransformStatus = OK
Seq_Frame0147_Timestamp = 18.933
Seq_Frame0148_DriverToReference-SequenceTransform =0.907245 0.219603 0.358723 104.242 0.0612241 0.774841 -0.629184 198.214 -0.416124 0.592787 0.689525 210.451 0 0 0 1 
Seq_Frame0148_DriverToReference-SequenceTransformStatus = OK
Seq_Frame0148_Timestamp = 19.039
Seq_Frame0149_DriverToReference-SequenceTransform =0.907245 0.219603 0.358723 104.242 0.0612241 0.774841 -0.629184 198.214 -0.416124 0.592787 0.689525 210.451 0 0 0 1 
Seq_Frame0149_DriverToReference-SequenceTransformStatus = OK
Seq_Frame0149_Timestamp = 19.142
Seq_Frame0150_DriverToReference-SequenceTransform =0.907245 0.219603 0.358723 104.242 0.0612241 0.774841 -0.629184 198.214 -0.416124 0.592787 0.689525 210.451 0 0 0 1 
