ObjectType = Image
NDims = 3
AnatomicalOrientation = RAI
BinaryData = True
CompressedData = False
DimSize = 0 0 2393
ElementSpacing = 1 1 1
Offset = 0 0 0
TransformMatrix = 1 0 0 0 1 0 0 0 1
ElementType = MET_UCHAR
Kinds = domain domain list
Seq_Frame0000_ForcepToReference-SequenceTransform =0.618112 -0.303163 -0.725279 32.1694 0.399892 -0.67307 0.622144 -37.9783 -0.676775 -0.674588 -0.294801 -54.2246 0 0 0 1 
Seq_Frame0000_ForcepToReference-SequenceTransformStatus = OK
Seq_Frame0000_Timestamp = 0.0190001
Seq_Frame0001_ForcepToReference-SequenceTransform =0.618373 -0.303182 -0.725049 32.1665 0.400043 -0.67268 0.622469 -37.9765 -0.676447 -0.674968 -0.294681 -54.1975 0 0 0 1 
Seq_Frame0001_ForcepToReference-SequenceTransformStatus = OK
Seq_Frame0001_Timestamp = 0.129
Seq_Frame0002_ForcepToReference-SequenceTransform =0.617743 -0.30331 -0.725531 32.1673 0.399858 -0.673292 0.621925 -37.9828 -0.677131 -0.6743 -0.29464 -54.1921 0 0 0 1 
Seq_Frame0002_ForcepToReference-SequenceTransformStatus = OK
Seq_Frame0002_Timestamp = 0.239
Seq_Frame0003_ForcepToReference-SequenceTransform =0.617183 -0.303557 -0.725905 32.1576 0.40026 -0.673159 0.621811 -37.9706 -0.677405 -0.674322 -0.29396 -54.2249 0 0 0 1 
Seq_Frame0003_ForcepToReference-SequenceTransformStatus = OK
Seq_Frame0003_Timestamp = 0.342
Seq_Frame0004_ForcepToReference-SequenceTransform =0.616676 -0.303579 -0.726326 32.1701 0.401154 -0.672681 0.621752 -37.9902 -0.677337 -0.674788 -0.293045 -54.149 0 0 0 1 
Seq_Frame0004_ForcepToReference-SequenceTransformStatus = OK
Seq_Frame0004_Timestamp = 0.447
Seq_Frame0005_ForcepToReference-SequenceTransform =0.618296 -0.303399 -0.725024 32.1651 0.399317 -0.673284 0.622282 -37.966 -0.676947 -0.674268 -0.295136 -54.1655 0 0 0 1 
Seq_Frame0005_ForcepToReference-SequenceTransformStatus = OK
Seq_Frame0005_Timestamp = 0.554
Seq_Frame0006_ForcepToReference-SequenceTransform =0.617655 -0.302822 -0.725811 32.1915 0.398856 -0.674782 0.620953 -38.046 -0.677803 -0.673029 -0.296 -54.1848 0 0 0 1 
Seq_Frame0006_ForcepToReference-SequenceTransformStatus = OK
Seq_Frame0006_Timestamp = 0.663
Seq_Frame0007_ForcepToReference-SequenceTransform =0.617717 -0.303066 -0.725656 32.1674 0.400351 -0.673034 0.621888 -37.9836 -0.676864 -0.674668 -0.294412 -54.2074 0 0 0 1 
Seq_Frame0007_ForcepToReference-SequenceTransformStatus = OK
Seq_Frame0007_Timestamp = 0.769
Seq_Frame0008_ForcepToReference-SequenceTransform =0.617781 -0.30341 -0.725457 32.158 0.400207 -0.672826 0.622205 -37.9638 -0.67689 -0.67472 -0.294232 -54.1766 0 0 0 1 
Seq_Frame0008_ForcepToReference-SequenceTransformStatus = OK
Seq_Frame0008_Timestamp = 0.873
Seq_Frame0009_ForcepToReference-SequenceTransform =0.617917 -0.303139 -0.725455 32.1752 0.400969 -0.672183 0.62241 -37.9641 -0.676315 -0.675483 -0.293804 -54.1626 0 0 0 1 
Seq_Frame0009_ForcepToReference-SequenceTransformStatus = OK
Seq_Frame0009_Timestamp = 0.984
Seq_Frame0010_ForcepToReference-SequenceTransform =0.618131 -0.302584 -0.725505 32.1852 0.401464 -0.671981 0.622309 -37.9645 -0.675826 -0.675932 -0.293895 -54.2225 0 0 0 1 
Seq_Frame0010_ForcepToReference-SequenceTransformStatus = OK
Seq_Frame0010_Timestamp = 1.089
Seq_Frame0011_ForcepToReference-SequenceTransform =0.618502 -0.302592 -0.725185 32.1952 0.399864 -0.673254 0.621963 -37.9913 -0.676434 -0.674661 -0.295414 -54.2087 0 0 0 1 
Seq_Frame0011_ForcepToReference-SequenceTransformStatus = OK
Seq_Frame0011_Timestamp = 1.194
Seq_Frame0012_ForcepToReference-SequenceTransform =0.617102 -0.3034 -0.726039 32.1791 0.400794 -0.67283 0.621823 -37.9808 -0.677162 -0.674721 -0.293604 -54.211 0 0 0 1 
Seq_Frame0012_ForcepToReference-SequenceTransformStatus = OK
Seq_Frame0012_Timestamp = 1.304
Seq_Frame0013_ForcepToReference-SequenceTransform =0.616829 -0.303467 -0.726243 32.1956 0.402311 -0.671493 0.622289 -37.9604 -0.676511 -0.676022 -0.292108 -54.2025 0 0 0 1 
Seq_Frame0013_ForcepToReference-SequenceTransformStatus = OK
Seq_Frame0013_Timestamp = 1.409
Seq_Frame0014_ForcepToReference-SequenceTransform =0.617431 -0.303131 -0.725872 32.1862 0.400511 -0.673062 0.621755 -37.9965 -0.67703 -0.674611 -0.294162 -54.1929 0 0 0 1 
Seq_Frame0014_ForcepToReference-SequenceTransformStatus = OK
Seq_Frame0014_Timestamp = 1.517
Seq_Frame0015_ForcepToReference-SequenceTransform =0.618183 -0.303083 -0.725252 32.2023 0.399685 -0.673284 0.622045 -37.9926 -0.676832 -0.67441 -0.295076 -54.1939 0 0 0 1 
Seq_Frame0015_ForcepToReference-SequenceTransformStatus = OK
Seq_Frame0015_Timestamp = 1.624
Seq_Frame0016_ForcepToReference-SequenceTransform =0.617444 -0.303242 -0.725815 32.1933 0.399782 -0.673682 0.621552 -38.0018 -0.67745 -0.673941 -0.29473 -54.1658 0 0 0 1 
Seq_Frame0016_ForcepToReference-SequenceTransformStatus = OK
Seq_Frame0016_Timestamp = 1.729
Seq_Frame0017_ForcepToReference-SequenceTransform =0.618047 -0.303083 -0.725368 32.1813 0.40003 -0.673056 0.62207 -37.9983 -0.676752 -0.674638 -0.294738 -54.1855 0 0 0 1 
Seq_Frame0017_ForcepToReference-SequenceTransformStatus = OK
Seq_Frame0017_Timestamp = 1.833
Seq_Frame0018_ForcepToReference-SequenceTransform =0.618201 -0.303195 -0.725189 32.1673 0.399559 -0.673298 0.622111 -37.9662 -0.67689 -0.674346 -0.295089 -54.2366 0 0 0 1 
Seq_Frame0018_ForcepToReference-SequenceTransformStatus = OK
Seq_Frame0018_Timestamp = 1.939
Seq_Frame0019_ForcepToReference-SequenceTransform =0.618325 -0.303101 -0.725124 32.1849 0.399907 -0.672926 0.62229 -37.9862 -0.676571 -0.67476 -0.294874 -54.1918 0 0 0 1 
Seq_Frame0019_ForcepToReference-SequenceTransformStatus = OK
Seq_Frame0019_Timestamp = 2.048
Seq_Frame0020_ForcepToReference-SequenceTransform =0.617694 -0.302997 -0.725704 32.1896 0.399746 -0.673715 0.62154 -38.015 -0.677242 -0.674019 -0.295028 -54.1806 0 0 0 1 
Seq_Frame0020_ForcepToReference-SequenceTransformStatus = OK
Seq_Frame0020_Timestamp = 2.151
Seq_Frame0021_ForcepToReference-SequenceTransform =0.617757 -0.303158 -0.725583 32.1838 0.399735 -0.673534 0.621743 -38.0028 -0.677191 -0.674127 -0.294897 -54.1858 0 0 0 1 
Seq_Frame0021_ForcepToReference-SequenceTransformStatus = OK
Seq_Frame0021_Timestamp = 2.258
Seq_Frame0022_ForcepToReference-SequenceTransform =0.61859 -0.302923 -0.724971 32.1907 0.399939 -0.672819 0.622385 -38 -0.67631 -0.674945 -0.295049 -54.1907 0 0 0 1 
Seq_Frame0022_ForcepToReference-SequenceTransformStatus = OK
Seq_Frame0022_Timestamp = 2.364
Seq_Frame0023_ForcepToReference-SequenceTransform =0.617584 -0.303071 -0.725767 32.1948 0.400215 -0.673278 0.621711 -38.0205 -0.677065 -0.674422 -0.294512 -54.1375 0 0 0 1 
Seq_Frame0023_ForcepToReference-SequenceTransformStatus = OK
Seq_Frame0023_Timestamp = 2.468
Seq_Frame0024_ForcepToReference-SequenceTransform =0.617773 -0.302928 -0.725666 32.1932 0.399609 -0.673842 0.62149 -38.0257 -0.677251 -0.673923 -0.295229 -54.1827 0 0 0 1 
Seq_Frame0024_ForcepToReference-SequenceTransformStatus = OK
Seq_Frame0024_Timestamp = 2.573
Seq_Frame0025_ForcepToReference-SequenceTransform =0.617955 -0.303369 -0.725327 32.1639 0.400452 -0.672469 0.622433 -37.9536 -0.676587 -0.675095 -0.294071 -54.2102 0 0 0 1 
Seq_Frame0025_ForcepToReference-SequenceTransformStatus = OK
Seq_Frame0025_Timestamp = 2.679
Seq_Frame0026_ForcepToReference-SequenceTransform =0.618177 -0.302985 -0.725298 32.1832 0.399753 -0.673305 0.621978 -38.0026 -0.676797 -0.674433 -0.295102 -54.2027 0 0 0 1 
Seq_Frame0026_ForcepToReference-SequenceTransformStatus = OK
Seq_Frame0026_Timestamp = 2.783
Seq_Frame0027_ForcepToReference-SequenceTransform =0.618618 -0.302901 -0.724957 32.1819 0.399454 -0.673299 0.622178 -38.0008 -0.676571 -0.674477 -0.295519 -54.2199 0 0 0 1 
Seq_Frame0027_ForcepToReference-SequenceTransformStatus = OK
Seq_Frame0027_Timestamp = 2.894
Seq_Frame0028_ForcepToReference-SequenceTransform =0.617619 -0.303295 -0.725644 32.1741 0.399836 -0.673434 0.621786 -37.9935 -0.677258 -0.674165 -0.294657 -54.184 0 0 0 1 
Seq_Frame0028_ForcepToReference-SequenceTransformStatus = OK
Seq_Frame0028_Timestamp = 2.998
Seq_Frame0029_ForcepToReference-SequenceTransform =0.618181 -0.302988 -0.725294 32.1903 0.400021 -0.673033 0.622101 -38.0102 -0.676636 -0.674704 -0.294854 -54.18 0 0 0 1 
Seq_Frame0029_ForcepToReference-SequenceTransformStatus = OK
Seq_Frame0029_Timestamp = 3.103
Seq_Frame0030_ForcepToReference-SequenceTransform =0.617493 -0.303253 -0.725769 32.1691 0.400206 -0.673209 0.621791 -37.9843 -0.677154 -0.674409 -0.294338 -54.2155 0 0 0 1 
Seq_Frame0030_ForcepToReference-SequenceTransformStatus = OK
Seq_Frame0030_Timestamp = 3.208
Seq_Frame0031_ForcepToReference-SequenceTransform =0.618023 -0.303035 -0.725409 32.1783 0.400567 -0.672583 0.622236 -37.987 -0.676457 -0.675131 -0.294286 -54.212 0 0 0 1 
Seq_Frame0031_ForcepToReference-SequenceTransformStatus = OK
Seq_Frame0031_Timestamp = 3.313
Seq_Frame0032_ForcepToReference-SequenceTransform =0.618493 -0.302979 -0.725031 32.201 0.400133 -0.672662 0.622431 -38.0003 -0.676285 -0.675077 -0.294804 -54.1596 0 0 0 1 
Seq_Frame0032_ForcepToReference-SequenceTransformStatus = OK
Seq_Frame0032_Timestamp = 3.418
Seq_Frame0033_ForcepToReference-SequenceTransform =0.618056 -0.303079 -0.725362 32.1866 0.399757 -0.673324 0.621955 -37.9971 -0.676906 -0.674372 -0.294994 -54.2056 0 0 0 1 
Seq_Frame0033_ForcepToReference-SequenceTransformStatus = OK
Seq_Frame0033_Timestamp = 3.529
Seq_Frame0034_ForcepToReference-SequenceTransform =0.61766 -0.303331 -0.725594 32.1718 0.39992 -0.673284 0.621894 -37.9831 -0.67717 -0.674299 -0.294553 -54.2278 0 0 0 1 
Seq_Frame0034_ForcepToReference-SequenceTransformStatus = OK
Seq_Frame0034_Timestamp = 3.634
Seq_Frame0035_ForcepToReference-SequenceTransform =0.617294 -0.303298 -0.725919 32.1819 0.399993 -0.673551 0.621558 -38.0015 -0.677461 -0.674047 -0.294462 -54.1917 0 0 0 1 
Seq_Frame0035_ForcepToReference-SequenceTransformStatus = OK
Seq_Frame0035_Timestamp = 3.744
Seq_Frame0036_ForcepToReference-SequenceTransform =0.618334 -0.303184 -0.725081 32.1798 0.399134 -0.673618 0.622038 -37.9908 -0.677019 -0.674032 -0.29551 -54.1995 0 0 0 1 
Seq_Frame0036_ForcepToReference-SequenceTransformStatus = OK
Seq_Frame0036_Timestamp = 3.85
Seq_Frame0037_ForcepToReference-SequenceTransform =0.618107 -0.303116 -0.725303 32.1864 0.399393 -0.673611 0.621879 -38.0102 -0.677073 -0.674069 -0.295301 -54.1608 0 0 0 1 
Seq_Frame0037_ForcepToReference-SequenceTransformStatus = OK
Seq_Frame0037_Timestamp = 3.954
Seq_Frame0038_ForcepToReference-SequenceTransform =0.617782 -0.303463 -0.725435 32.1743 0.39961 -0.673376 0.621994 -37.9941 -0.677243 -0.674147 -0.294733 -54.1629 0 0 0 1 
Seq_Frame0038_ForcepToReference-SequenceTransformStatus = OK
Seq_Frame0038_Timestamp = 4.067
Seq_Frame0039_ForcepToReference-SequenceTransform =0.61799 -0.303444 -0.725266 32.1735 0.399865 -0.672961 0.62228 -37.9686 -0.676902 -0.674571 -0.294546 -54.217 0 0 0 1 
Seq_Frame0039_ForcepToReference-SequenceTransformStatus = OK
Seq_Frame0039_Timestamp = 4.169
Seq_Frame0040_ForcepToReference-SequenceTransform =0.617801 -0.303728 -0.725307 32.1707 0.400708 -0.672037 0.622736 -37.9281 -0.676575 -0.675364 -0.293479 -54.2545 0 0 0 1 
Seq_Frame0040_ForcepToReference-SequenceTransformStatus = OK
Seq_Frame0040_Timestamp = 4.279
Seq_Frame0041_ForcepToReference-SequenceTransform =0.617782 -0.303439 -0.725445 32.1745 0.400411 -0.672598 0.62232 -37.966 -0.676769 -0.674935 -0.294018 -54.2005 0 0 0 1 
Seq_Frame0041_ForcepToReference-SequenceTransformStatus = OK
Seq_Frame0041_Timestamp = 4.384
Seq_Frame0042_ForcepToReference-SequenceTransform =0.618024 -0.303456 -0.725231 32.1749 0.400412 -0.672375 0.622561 -37.956 -0.676547 -0.675149 -0.294037 -54.217 0 0 0 1 
Seq_Frame0042_ForcepToReference-SequenceTransformStatus = OK
Seq_Frame0042_Timestamp = 4.488
Seq_Frame0043_ForcepToReference-SequenceTransform =0.617091 -0.303544 -0.725989 32.1742 0.401022 -0.672489 0.622044 -37.9683 -0.677037 -0.674996 -0.29326 -54.2012 0 0 0 1 
Seq_Frame0043_ForcepToReference-SequenceTransformStatus = OK
Seq_Frame0043_Timestamp = 4.594
Seq_Frame0044_ForcepToReference-SequenceTransform =0.618123 -0.303397 -0.725172 32.1812 0.399992 -0.67276 0.622415 -37.9796 -0.676705 -0.674792 -0.294493 -54.1725 0 0 0 1 
Seq_Frame0044_ForcepToReference-SequenceTransformStatus = OK
Seq_Frame0044_Timestamp = 4.7
Seq_Frame0045_ForcepToReference-SequenceTransform =0.617769 -0.303251 -0.725535 32.1745 0.399675 -0.673504 0.621813 -37.9872 -0.677216 -0.674115 -0.294868 -54.1914 0 0 0 1 
Seq_Frame0045_ForcepToReference-SequenceTransformStatus = OK
Seq_Frame0045_Timestamp = 4.809
Seq_Frame0046_ForcepToReference-SequenceTransform =0.617712 -0.303272 -0.725574 32.176 0.399309 -0.673898 0.621621 -37.9912 -0.677484 -0.673711 -0.295176 -54.2011 0 0 0 1 
Seq_Frame0046_ForcepToReference-SequenceTransformStatus = OK
Seq_Frame0046_Timestamp = 4.913
Seq_Frame0047_ForcepToReference-SequenceTransform =0.617343 -0.303356 -0.725854 32.1851 0.400222 -0.673233 0.621755 -37.9928 -0.677282 -0.674338 -0.294206 -54.1744 0 0 0 1 
Seq_Frame0047_ForcepToReference-SequenceTransformStatus = OK
Seq_Frame0047_Timestamp = 5.024
Seq_Frame0048_ForcepToReference-SequenceTransform =0.617467 -0.303269 -0.725784 32.1845 0.400361 -0.673063 0.62185 -37.9938 -0.677086 -0.674548 -0.294177 -54.1808 0 0 0 1 
Seq_Frame0048_ForcepToReference-SequenceTransformStatus = OK
Seq_Frame0048_Timestamp = 5.129
Seq_Frame0049_ForcepToReference-SequenceTransform =0.617611 -0.303243 -0.725672 32.1853 0.39961 -0.67371 0.621633 -38.0081 -0.677398 -0.673913 -0.294912 -54.1684 0 0 0 1 
Seq_Frame0049_ForcepToReference-SequenceTransformStatus = OK
Seq_Frame0049_Timestamp = 5.238
Seq_Frame0050_ForcepToReference-SequenceTransform =0.617038 -0.303374 -0.726105 32.1715 0.399963 -0.673734 0.621379 -38.0101 -0.677712 -0.67383 -0.294381 -54.1794 0 0 0 1 
Seq_Frame0050_ForcepToReference-SequenceTransformStatus = OK
Seq_Frame0050_Timestamp = 5.344
Seq_Frame0051_ForcepToReference-SequenceTransform =0.617763 -0.303091 -0.725607 32.1886 0.399921 -0.673402 0.621766 -38.0125 -0.677077 -0.674289 -0.29479 -54.1772 0 0 0 1 
Seq_Frame0051_ForcepToReference-SequenceTransformStatus = OK
Seq_Frame0051_Timestamp = 5.449
Seq_Frame0052_ForcepToReference-SequenceTransform =0.617346 -0.303189 -0.725921 32.1827 0.400361 -0.673235 0.621664 -38.0015 -0.677197 -0.674412 -0.294234 -54.1972 0 0 0 1 
Seq_Frame0052_ForcepToReference-SequenceTransformStatus = OK
Seq_Frame0052_Timestamp = 5.553
Seq_Frame0053_ForcepToReference-SequenceTransform =0.617703 -0.303124 -0.725644 32.1725 0.399544 -0.673799 0.621578 -38.0087 -0.677353 -0.673877 -0.295097 -54.2006 0 0 0 1 
Seq_Frame0053_ForcepToReference-SequenceTransformStatus = OK
Seq_Frame0053_Timestamp = 5.658
Seq_Frame0054_ForcepToReference-SequenceTransform =0.617914 -0.303101 -0.725474 32.1847 0.399564 -0.673619 0.62176 -38.0154 -0.677149 -0.674067 -0.29513 -54.1815 0 0 0 1 
Seq_Frame0054_ForcepToReference-SequenceTransformStatus = OK
Seq_Frame0054_Timestamp = 5.768
Seq_Frame0055_ForcepToReference-SequenceTransform =0.617378 -0.303217 -0.725882 32.1791 0.399932 -0.673611 0.621533 -38.0028 -0.677421 -0.674024 -0.294606 -54.1891 0 0 0 1 
Seq_Frame0055_ForcepToReference-SequenceTransformStatus = OK
Seq_Frame0055_Timestamp = 5.875
Seq_Frame0056_ForcepToReference-SequenceTransform =0.618131 -0.303132 -0.725276 32.1888 0.399163 -0.673807 0.621815 -38.0057 -0.677188 -0.673866 -0.295501 -54.1796 0 0 0 1 
Seq_Frame0056_ForcepToReference-SequenceTransformStatus = OK
Seq_Frame0056_Timestamp = 5.978
Seq_Frame0057_ForcepToReference-SequenceTransform =0.617852 -0.303056 -0.725545 32.1841 0.399935 -0.673341 0.621823 -38.0023 -0.676986 -0.674366 -0.294822 -54.2011 0 0 0 1 
Seq_Frame0057_ForcepToReference-SequenceTransformStatus = OK
Seq_Frame0057_Timestamp = 6.083
Seq_Frame0058_ForcepToReference-SequenceTransform =0.617699 -0.303301 -0.725573 32.1631 0.399953 -0.673243 0.621917 -37.985 -0.677115 -0.674353 -0.294556 -54.2283 0 0 0 1 
Seq_Frame0058_ForcepToReference-SequenceTransformStatus = OK
Seq_Frame0058_Timestamp = 6.192
Seq_Frame0059_ForcepToReference-SequenceTransform =0.618083 -0.30317 -0.725301 32.173 0.399899 -0.673081 0.622127 -37.9918 -0.676797 -0.674573 -0.294782 -54.1719 0 0 0 1 
Seq_Frame0059_ForcepToReference-SequenceTransformStatus = OK
Seq_Frame0059_Timestamp = 6.303
Seq_Frame0060_ForcepToReference-SequenceTransform =0.617277 -0.303456 -0.725867 32.1603 0.400213 -0.673212 0.621784 -37.9906 -0.677347 -0.674314 -0.294112 -54.2036 0 0 0 1 
Seq_Frame0060_ForcepToReference-SequenceTransformStatus = OK
Seq_Frame0060_Timestamp = 6.408
Seq_Frame0061_ForcepToReference-SequenceTransform =0.617422 -0.30335 -0.725788 32.1726 0.400237 -0.673155 0.62183 -37.9979 -0.677201 -0.674419 -0.294209 -54.1868 0 0 0 1 
Seq_Frame0061_ForcepToReference-SequenceTransformStatus = OK
Seq_Frame0061_Timestamp = 6.519
Seq_Frame0062_ForcepToReference-SequenceTransform =0.618207 -0.303082 -0.725232 32.1841 0.399749 -0.6732 0.622095 -38.0051 -0.676772 -0.674494 -0.295021 -54.1719 0 0 0 1 
Seq_Frame0062_ForcepToReference-SequenceTransformStatus = OK
Seq_Frame0062_Timestamp = 6.624
Seq_Frame0063_ForcepToReference-SequenceTransform =0.617936 -0.303085 -0.725462 32.1876 0.400372 -0.672809 0.622118 -37.9947 -0.676652 -0.674883 -0.294406 -54.1841 0 0 0 1 
Seq_Frame0063_ForcepToReference-SequenceTransformStatus = OK
Seq_Frame0063_Timestamp = 6.728
Seq_Frame0064_ForcepToReference-SequenceTransform =0.617135 -0.303299 -0.726054 32.1837 0.399981 -0.673698 0.621406 -38.0088 -0.677613 -0.6739 -0.294449 -54.1699 0 0 0 1 
Seq_Frame0064_ForcepToReference-SequenceTransformStatus = OK
Seq_Frame0064_Timestamp = 6.834
Seq_Frame0065_ForcepToReference-SequenceTransform =0.618404 -0.30298 -0.725106 32.1859 0.399002 -0.673864 0.621856 -38.0091 -0.677033 -0.673877 -0.29583 -54.1757 0 0 0 1 
Seq_Frame0065_ForcepToReference-SequenceTransformStatus = OK
Seq_Frame0065_Timestamp = 6.943
Seq_Frame0066_ForcepToReference-SequenceTransform =0.618214 -0.303047 -0.72524 32.1935 0.39978 -0.673194 0.622082 -37.9973 -0.676747 -0.674517 -0.295026 -54.1815 0 0 0 1 
Seq_Frame0066_ForcepToReference-SequenceTransformStatus = OK
Seq_Frame0066_Timestamp = 7.049
Seq_Frame0067_ForcepToReference-SequenceTransform =0.617792 -0.303288 -0.725499 32.1787 0.400069 -0.67306 0.622041 -37.9947 -0.676962 -0.674542 -0.294475 -54.1756 0 0 0 1 
Seq_Frame0067_ForcepToReference-SequenceTransformStatus = OK
Seq_Frame0067_Timestamp = 7.153
Seq_Frame0068_ForcepToReference-SequenceTransform =0.616978 -0.303603 -0.72606 32.1387 0.399712 -0.673839 0.621426 -37.9966 -0.677915 -0.673622 -0.29439 -54.2248 0 0 0 1 
Seq_Frame0068_ForcepToReference-SequenceTransformStatus = OK
Seq_Frame0068_Timestamp = 7.259
Seq_Frame0069_ForcepToReference-SequenceTransform =0.617355 -0.303245 -0.725889 32.1806 0.40021 -0.673329 0.621659 -38.0085 -0.677277 -0.674292 -0.294321 -54.1308 0 0 0 1 
Seq_Frame0069_ForcepToReference-SequenceTransformStatus = OK
Seq_Frame0069_Timestamp = 7.368
Seq_Frame0070_ForcepToReference-SequenceTransform =0.617624 -0.303241 -0.725663 32.1731 0.399796 -0.673516 0.621723 -37.9986 -0.677277 -0.674108 -0.294745 -54.2171 0 0 0 1 
Seq_Frame0070_ForcepToReference-SequenceTransformStatus = OK
Seq_Frame0070_Timestamp = 7.483
Seq_Frame0071_ForcepToReference-SequenceTransform =0.617493 -0.303099 -0.725833 32.1768 0.400371 -0.673176 0.621721 -37.9989 -0.677056 -0.674511 -0.294329 -54.2165 0 0 0 1 
Seq_Frame0071_ForcepToReference-SequenceTransformStatus = OK
Seq_Frame0071_Timestamp = 7.598
Seq_Frame0072_ForcepToReference-SequenceTransform =0.618341 -0.303245 -0.72505 32.186 0.399131 -0.673562 0.6221 -37.9962 -0.677015 -0.67406 -0.295456 -54.1515 0 0 0 1 
Seq_Frame0072_ForcepToReference-SequenceTransformStatus = OK
Seq_Frame0072_Timestamp = 7.703
Seq_Frame0073_ForcepToReference-SequenceTransform =0.617816 -0.303169 -0.725529 32.1662 0.400009 -0.673201 0.621927 -37.9965 -0.676976 -0.674454 -0.294644 -54.1847 0 0 0 1 
Seq_Frame0073_ForcepToReference-SequenceTransformStatus = OK
Seq_Frame0073_Timestamp = 7.809
Seq_Frame0074_ForcepToReference-SequenceTransform =0.617496 -0.303136 -0.725814 32.1788 0.400474 -0.673039 0.621803 -38.0048 -0.676993 -0.674631 -0.294201 -54.158 0 0 0 1 
Seq_Frame0074_ForcepToReference-SequenceTransformStatus = OK
Seq_Frame0074_Timestamp = 7.919
Seq_Frame0075_ForcepToReference-SequenceTransform =0.616983 -0.303431 -0.726128 32.1777 0.400366 -0.673331 0.621556 -37.9994 -0.677524 -0.674206 -0.29395 -54.1681 0 0 0 1 
Seq_Frame0075_ForcepToReference-SequenceTransformStatus = OK
Seq_Frame0075_Timestamp = 8.023
Seq_Frame0076_ForcepToReference-SequenceTransform =0.618157 -0.303215 -0.725219 32.1658 0.399477 -0.6734 0.622053 -37.9943 -0.676978 -0.674235 -0.295139 -54.1881 0 0 0 1 
Seq_Frame0076_ForcepToReference-SequenceTransformStatus = OK
Seq_Frame0076_Timestamp = 8.128
Seq_Frame0077_ForcepToReference-SequenceTransform =0.617296 -0.303421 -0.725866 32.1767 0.400586 -0.672854 0.621931 -37.9904 -0.677109 -0.674687 -0.293804 -54.175 0 0 0 1 
Seq_Frame0077_ForcepToReference-SequenceTransformStatus = OK
Seq_Frame0077_Timestamp = 8.235
Seq_Frame0078_ForcepToReference-SequenceTransform =0.617431 -0.303447 -0.72574 32.1692 0.400478 -0.672825 0.622032 -37.9892 -0.67705 -0.674705 -0.293899 -54.1873 0 0 0 1 
Seq_Frame0078_ForcepToReference-SequenceTransformStatus = OK
Seq_Frame0078_Timestamp = 8.344
Seq_Frame0079_ForcepToReference-SequenceTransform =0.617825 -0.303367 -0.725438 32.1647 0.399467 -0.673563 0.621883 -37.9905 -0.677287 -0.674004 -0.294959 -54.1772 0 0 0 1 
Seq_Frame0079_ForcepToReference-SequenceTransformStatus = OK
Seq_Frame0079_Timestamp = 8.449
Seq_Frame0080_ForcepToReference-SequenceTransform =0.618648 -0.302975 -0.724901 32.1777 0.400014 -0.672652 0.622518 -37.9812 -0.676213 -0.67509 -0.29494 -54.2023 0 0 0 1 
Seq_Frame0080_ForcepToReference-SequenceTransformStatus = OK
Seq_Frame0080_Timestamp = 8.553
Seq_Frame0081_ForcepToReference-SequenceTransform =0.616922 -0.303587 -0.726115 32.1709 0.400715 -0.672904 0.621795 -37.9776 -0.677374 -0.674564 -0.293477 -54.1667 0 0 0 1 
Seq_Frame0081_ForcepToReference-SequenceTransformStatus = OK
Seq_Frame0081_Timestamp = 8.658
Seq_Frame0082_ForcepToReference-SequenceTransform =0.61843 -0.303269 -0.724963 32.1709 0.399427 -0.67317 0.622334 -37.9869 -0.676758 -0.674441 -0.295175 -54.1531 0 0 0 1 
Seq_Frame0082_ForcepToReference-SequenceTransformStatus = OK
Seq_Frame0082_Timestamp = 8.763
Seq_Frame0083_ForcepToReference-SequenceTransform =0.617445 -0.303423 -0.725738 32.1682 0.400332 -0.672978 0.62196 -37.9691 -0.677123 -0.674562 -0.294057 -54.2036 0 0 0 1 
Seq_Frame0083_ForcepToReference-SequenceTransformStatus = OK
Seq_Frame0083_Timestamp = 8.869
Seq_Frame0084_ForcepToReference-SequenceTransform =0.616918 -0.303589 -0.726116 32.1545 0.400806 -0.672813 0.621834 -37.9692 -0.677323 -0.674652 -0.29339 -54.1865 0 0 0 1 
Seq_Frame0084_ForcepToReference-SequenceTransformStatus = OK
Seq_Frame0084_Timestamp = 8.984
Seq_Frame0085_ForcepToReference-SequenceTransform =0.617534 -0.303595 -0.725591 32.1596 0.400803 -0.672285 0.622406 -37.955 -0.676763 -0.675176 -0.293477 -54.1735 0 0 0 1 
Seq_Frame0085_ForcepToReference-SequenceTransformStatus = OK
Seq_Frame0085_Timestamp = 9.084
Seq_Frame0086_ForcepToReference-SequenceTransform =0.616828 -0.303559 -0.726206 32.1647 0.400386 -0.673334 0.62154 -37.9826 -0.677653 -0.674146 -0.293791 -54.1604 0 0 0 1 
Seq_Frame0086_ForcepToReference-SequenceTransformStatus = OK
Seq_Frame0086_Timestamp = 9.189
Seq_Frame0087_ForcepToReference-SequenceTransform =0.61729 -0.303534 -0.725824 32.1524 0.400857 -0.672492 0.622148 -37.9567 -0.676954 -0.674997 -0.293449 -54.2104 0 0 0 1 
Seq_Frame0087_ForcepToReference-SequenceTransformStatus = OK
Seq_Frame0087_Timestamp = 9.294
Seq_Frame0088_ForcepToReference-SequenceTransform =0.617855 -0.303487 -0.725362 32.1617 0.400122 -0.672783 0.622307 -37.9584 -0.676873 -0.674729 -0.294251 -54.1901 0 0 0 1 
Seq_Frame0088_ForcepToReference-SequenceTransformStatus = OK
Seq_Frame0088_Timestamp = 9.404
Seq_Frame0089_ForcepToReference-SequenceTransform =0.617209 -0.303697 -0.725825 32.1674 0.401119 -0.672161 0.622337 -37.9496 -0.676873 -0.675254 -0.293045 -54.2008 0 0 0 1 
Seq_Frame0089_ForcepToReference-SequenceTransformStatus = OK
Seq_Frame0089_Timestamp = 9.509
Seq_Frame0090_ForcepToReference-SequenceTransform =0.617667 -0.303463 -0.725533 32.1706 0.400128 -0.672958 0.622114 -37.9758 -0.677041 -0.674565 -0.29424 -54.1879 0 0 0 1 
Seq_Frame0090_ForcepToReference-SequenceTransformStatus = OK
Seq_Frame0090_Timestamp = 9.613
Seq_Frame0091_ForcepToReference-SequenceTransform =0.61746 -0.303388 -0.72574 32.1547 0.400115 -0.673212 0.621847 -37.9813 -0.677238 -0.674345 -0.294291 -54.1861 0 0 0 1 
Seq_Frame0091_ForcepToReference-SequenceTransformStatus = OK
Seq_Frame0091_Timestamp = 9.723
Seq_Frame0092_ForcepToReference-SequenceTransform =0.617721 -0.303413 -0.725508 32.1671 0.400413 -0.67267 0.622241 -37.9774 -0.676823 -0.674874 -0.294032 -54.1614 0 0 0 1 
Seq_Frame0092_ForcepToReference-SequenceTransformStatus = OK
Seq_Frame0092_Timestamp = 9.829
Seq_Frame0093_ForcepToReference-SequenceTransform =0.617428 -0.303613 -0.725674 32.1603 0.400301 -0.672862 0.622106 -37.9645 -0.677157 -0.674594 -0.293907 -54.1679 0 0 0 1 
Seq_Frame0093_ForcepToReference-SequenceTransformStatus = OK
Seq_Frame0093_Timestamp = 9.938
Seq_Frame0094_ForcepToReference-SequenceTransform =0.617994 -0.30325 -0.725344 32.1736 0.40076 -0.672231 0.622493 -37.9706 -0.676369 -0.675385 -0.293904 -54.1722 0 0 0 1 
Seq_Frame0094_ForcepToReference-SequenceTransformStatus = OK
Seq_Frame0094_Timestamp = 10.044
Seq_Frame0095_ForcepToReference-SequenceTransform =0.617651 -0.303609 -0.725485 32.1686 0.400306 -0.672669 0.622311 -37.9656 -0.676951 -0.674787 -0.293938 -54.1507 0 0 0 1 
Seq_Frame0095_ForcepToReference-SequenceTransformStatus = OK
Seq_Frame0095_Timestamp = 10.153
Seq_Frame0096_ForcepToReference-SequenceTransform =0.617861 -0.303507 -0.725349 32.1637 0.400691 -0.672192 0.622579 -37.9551 -0.676531 -0.675308 -0.293709 -54.1746 0 0 0 1 
Seq_Frame0096_ForcepToReference-SequenceTransformStatus = OK
Seq_Frame0096_Timestamp = 10.259
Seq_Frame0097_ForcepToReference-SequenceTransform =0.617638 -0.303493 -0.725545 32.1627 0.400552 -0.672534 0.622299 -37.956 -0.676817 -0.674974 -0.293818 -54.1648 0 0 0 1 
Seq_Frame0097_ForcepToReference-SequenceTransformStatus = OK
Seq_Frame0097_Timestamp = 10.375
Seq_Frame0098_ForcepToReference-SequenceTransform =0.618239 -0.30359 -0.724992 32.1558 0.400116 -0.672371 0.622755 -37.9332 -0.676526 -0.675093 -0.294215 -54.2006 0 0 0 1 
Seq_Frame0098_ForcepToReference-SequenceTransformStatus = OK
Seq_Frame0098_Timestamp = 10.475
Seq_Frame0099_ForcepToReference-SequenceTransform =0.616868 -0.303659 -0.72613 32.1592 0.401388 -0.672217 0.622103 -37.9697 -0.677024 -0.675216 -0.292784 -54.1535 0 0 0 1 
Seq_Frame0099_ForcepToReference-SequenceTransformStatus = OK
Seq_Frame0099_Timestamp = 10.578
Seq_Frame0100_ForcepToReference-SequenceTransform =0.617185 -0.303591 -0.725889 32.1592 0.401093 -0.672298 0.622205 -37.9522 -0.67691 -0.675165 -0.293164 -54.1942 0 0 0 1 
Seq_Frame0100_ForcepToReference-SequenceTransformStatus = OK
Seq_Frame0100_Timestamp = 10.683
Seq_Frame0101_ForcepToReference-SequenceTransform =0.618617 -0.303197 -0.724834 32.1804 0.399508 -0.672992 0.622475 -37.9744 -0.676541 -0.67465 -0.295194 -54.1513 0 0 0 1 
Seq_Frame0101_ForcepToReference-SequenceTransformStatus = OK
Seq_Frame0101_Timestamp = 10.788
Seq_Frame0102_ForcepToReference-SequenceTransform =0.618258 -0.303281 -0.725105 32.1702 0.398788 -0.673944 0.621907 -37.9905 -0.677293 -0.673662 -0.295727 -54.1828 0 0 0 1 
Seq_Frame0102_ForcepToReference-SequenceTransformStatus = OK
Seq_Frame0102_Timestamp = 10.894
Seq_Frame0103_ForcepToReference-SequenceTransform =0.617868 -0.303366 -0.725402 32.1689 0.399502 -0.673493 0.621937 -37.9949 -0.677228 -0.674074 -0.294935 -54.1683 0 0 0 1 
Seq_Frame0103_ForcepToReference-SequenceTransformStatus = OK
Seq_Frame0103_Timestamp = 10.998
Seq_Frame0104_ForcepToReference-SequenceTransform =0.616882 -0.303582 -0.726151 32.1674 0.400788 -0.67287 0.621784 -37.984 -0.677367 -0.6746 -0.293409 -54.1642 0 0 0 1 
Seq_Frame0104_ForcepToReference-SequenceTransformStatus = OK
Seq_Frame0104_Timestamp = 11.103
Seq_Frame0105_ForcepToReference-SequenceTransform =0.61799 -0.303393 -0.725287 32.1518 0.399115 -0.67375 0.621906 -37.9824 -0.677344 -0.673805 -0.295283 -54.1695 0 0 0 1 
Seq_Frame0105_ForcepToReference-SequenceTransformStatus = OK
Seq_Frame0105_Timestamp = 11.214
Seq_Frame0106_ForcepToReference-SequenceTransform =0.617856 -0.303402 -0.725397 32.1539 0.399584 -0.673391 0.621995 -37.9745 -0.67719 -0.674161 -0.294824 -54.1968 0 0 0 1 
Seq_Frame0106_ForcepToReference-SequenceTransformStatus = OK
Seq_Frame0106_Timestamp = 11.318
Seq_Frame0107_ForcepToReference-SequenceTransform =0.618327 -0.303152 -0.725101 32.185 0.400282 -0.672506 0.622503 -37.975 -0.676348 -0.675155 -0.294482 -54.1676 0 0 0 1 
Seq_Frame0107_ForcepToReference-SequenceTransformStatus = OK
Seq_Frame0107_Timestamp = 11.429
Seq_Frame0108_ForcepToReference-SequenceTransform =0.617695 -0.303396 -0.725537 32.1598 0.400258 -0.672862 0.622133 -37.971 -0.676939 -0.674691 -0.294187 -54.1646 0 0 0 1 
Seq_Frame0108_ForcepToReference-SequenceTransformStatus = OK
Seq_Frame0108_Timestamp = 11.534
Seq_Frame0109_ForcepToReference-SequenceTransform =0.61744 -0.303722 -0.725617 32.1458 0.400506 -0.672553 0.622308 -37.939 -0.677025 -0.674852 -0.293619 -54.1917 0 0 0 1 
Seq_Frame0109_ForcepToReference-SequenceTransformStatus = OK
Seq_Frame0109_Timestamp = 11.639
Seq_Frame0110_ForcepToReference-SequenceTransform =0.617498 -0.30373 -0.725565 32.1516 0.400293 -0.67271 0.622276 -37.9591 -0.677098 -0.674693 -0.293816 -54.1535 0 0 0 1 
Seq_Frame0110_ForcepToReference-SequenceTransformStatus = OK
Seq_Frame0110_Timestamp = 11.742
Seq_Frame0111_ForcepToReference-SequenceTransform =0.618243 -0.303354 -0.725088 32.158 0.39974 -0.672946 0.622376 -37.9697 -0.676745 -0.674626 -0.294782 -54.1789 0 0 0 1 
Seq_Frame0111_ForcepToReference-SequenceTransformStatus = OK
Seq_Frame0111_Timestamp = 11.849
Seq_Frame0112_ForcepToReference-SequenceTransform =0.617391 -0.303522 -0.725743 32.1569 0.400156 -0.673115 0.621926 -37.9688 -0.677277 -0.674381 -0.294119 -54.2205 0 0 0 1 
Seq_Frame0112_ForcepToReference-SequenceTransformStatus = OK
Seq_Frame0112_Timestamp = 11.959
Seq_Frame0113_ForcepToReference-SequenceTransform =0.616717 -0.303663 -0.726257 32.1689 0.401066 -0.672663 0.621828 -37.978 -0.677352 -0.674769 -0.293054 -54.1991 0 0 0 1 
Seq_Frame0113_ForcepToReference-SequenceTransformStatus = OK
Seq_Frame0113_Timestamp = 12.064
Seq_Frame0114_ForcepToReference-SequenceTransform =0.61774 -0.303485 -0.725461 32.1672 0.399993 -0.673011 0.622142 -37.9763 -0.677055 -0.674502 -0.294354 -54.1811 0 0 0 1 
Seq_Frame0114_ForcepToReference-SequenceTransformStatus = OK
Seq_Frame0114_Timestamp = 12.184
Seq_Frame0115_ForcepToReference-SequenceTransform =0.617659 -0.303262 -0.725624 32.1792 0.399775 -0.673489 0.621766 -37.9918 -0.677258 -0.674125 -0.29475 -54.1985 0 0 0 1 
Seq_Frame0115_ForcepToReference-SequenceTransformStatus = OK
Seq_Frame0115_Timestamp = 12.294
Seq_Frame0116_ForcepToReference-SequenceTransform =0.618065 -0.303235 -0.725289 32.1699 0.399736 -0.673204 0.622099 -37.9864 -0.67691 -0.674422 -0.29487 -54.2065 0 0 0 1 
Seq_Frame0116_ForcepToReference-SequenceTransformStatus = OK
Seq_Frame0116_Timestamp = 12.398
Seq_Frame0117_ForcepToReference-SequenceTransform =0.618155 -0.303069 -0.725282 32.1821 0.400241 -0.672766 0.622248 -37.9948 -0.67653 -0.674933 -0.294573 -54.1908 0 0 0 1 
Seq_Frame0117_ForcepToReference-SequenceTransformStatus = OK
Seq_Frame0117_Timestamp = 12.503
Seq_Frame0118_ForcepToReference-SequenceTransform =0.617065 -0.303321 -0.726104 32.1719 0.400101 -0.67362 0.621414 -37.9942 -0.677606 -0.673968 -0.294308 -54.2248 0 0 0 1 
Seq_Frame0118_ForcepToReference-SequenceTransformStatus = OK
Seq_Frame0118_Timestamp = 12.608
Seq_Frame0119_ForcepToReference-SequenceTransform =0.617344 -0.303167 -0.725931 32.1788 0.400034 -0.67358 0.6215 -38.0115 -0.677391 -0.674077 -0.294553 -54.1817 0 0 0 1 
Seq_Frame0119_ForcepToReference-SequenceTransformStatus = OK
Seq_Frame0119_Timestamp = 12.713
Seq_Frame0120_ForcepToReference-SequenceTransform =0.617477 -0.30318 -0.725813 32.1858 0.399936 -0.673554 0.621592 -38.0047 -0.677328 -0.674097 -0.294652 -54.177 0 0 0 1 
Seq_Frame0120_ForcepToReference-SequenceTransformStatus = OK
Seq_Frame0120_Timestamp = 12.818
Seq_Frame0121_ForcepToReference-SequenceTransform =0.617711 -0.303317 -0.725557 32.1727 0.399703 -0.673469 0.621834 -37.9997 -0.677252 -0.67412 -0.294772 -54.1799 0 0 0 1 
Seq_Frame0121_ForcepToReference-SequenceTransformStatus = OK
Seq_Frame0121_Timestamp = 12.928
Seq_Frame0122_ForcepToReference-SequenceTransform =0.617452 -0.303334 -0.72577 32.1823 0.400113 -0.673267 0.621788 -38.0007 -0.677246 -0.674314 -0.294343 -54.1693 0 0 0 1 
Seq_Frame0122_ForcepToReference-SequenceTransformStatus = OK
Seq_Frame0122_Timestamp = 13.034
Seq_Frame0123_ForcepToReference-SequenceTransform =0.617035 -0.30328 -0.726147 32.1829 0.400492 -0.673292 0.621518 -38.0077 -0.677403 -0.674314 -0.293983 -54.1602 0 0 0 1 
Seq_Frame0123_ForcepToReference-SequenceTransformStatus = OK
Seq_Frame0123_Timestamp = 13.138
Seq_Frame0124_ForcepToReference-SequenceTransform =0.617749 -0.30305 -0.725636 32.1883 0.400264 -0.673107 0.621865 -38.0159 -0.676887 -0.674602 -0.294511 -54.1416 0 0 0 1 
Seq_Frame0124_ForcepToReference-SequenceTransformStatus = OK
Seq_Frame0124_Timestamp = 13.249
Seq_Frame0125_ForcepToReference-SequenceTransform =0.617847 -0.303176 -0.725499 32.1801 0.399048 -0.674125 0.621544 -38.0091 -0.677514 -0.673528 -0.295524 -54.1689 0 0 0 1 
Seq_Frame0125_ForcepToReference-SequenceTransformStatus = OK
Seq_Frame0125_Timestamp = 13.353
Seq_Frame0126_ForcepToReference-SequenceTransform =0.617831 -0.303063 -0.72556 32.1846 0.399385 -0.6739 0.621571 -38.0065 -0.67733 -0.673804 -0.295317 -54.2124 0 0 0 1 
Seq_Frame0126_ForcepToReference-SequenceTransformStatus = OK
Seq_Frame0126_Timestamp = 13.458
Seq_Frame0127_ForcepToReference-SequenceTransform =0.617581 -0.303187 -0.725721 32.1933 0.400256 -0.67314 0.621834 -38.0074 -0.677044 -0.674507 -0.294366 -54.1776 0 0 0 1 
Seq_Frame0127_ForcepToReference-SequenceTransformStatus = OK
Seq_Frame0127_Timestamp = 13.563
Seq_Frame0128_ForcepToReference-SequenceTransform =0.617786 -0.302201 -0.725958 32.2246 0.398295 -0.675759 0.620251 -38.0974 -0.678013 -0.672328 -0.29711 -54.1873 0 0 0 1 
Seq_Frame0128_ForcepToReference-SequenceTransformStatus = OK
Seq_Frame0128_Timestamp = 13.669
Seq_Frame0129_ForcepToReference-SequenceTransform =0.507097 0.58487 0.633072 18.0084 -0.616174 0.759594 -0.208197 125.013 -0.602646 -0.284506 0.74557 -98.5692 0 0 0 1 
Seq_Frame0129_ForcepToReference-SequenceTransformStatus = OK
Seq_Frame0129_Timestamp = 15.279
Seq_Frame0130_ForcepToReference-SequenceTransform =0.600406 0.234862 0.76443 -6.25832 -0.421428 0.90532 0.0528524 179.443 -0.679641 -0.353885 0.642537 -80.231 0 0 0 1 
Seq_Frame0130_ForcepToReference-SequenceTransformStatus = OK
Seq_Frame0130_Timestamp = 15.384
Seq_Frame0131_ForcepToReference-SequenceTransform =0.627398 0.12678 0.768309 -12.1157 -0.37179 0.915705 0.152501 206.284 -0.68421 -0.381329 0.621647 -57.4694 0 0 0 1 
Seq_Frame0131_ForcepToReference-SequenceTransformStatus = OK
Seq_Frame0131_Timestamp = 15.493
Seq_Frame0132_ForcepToReference-SequenceTransform =0.650481 -0.0401434 0.758461 -19.4792 -0.284869 0.912809 0.292626 224.789 -0.704077 -0.406409 0.58233 -43.6353 0 0 0 1 
Seq_Frame0132_ForcepToReference-SequenceTransformStatus = OK
Seq_Frame0132_Timestamp = 15.599
Seq_Frame0133_ForcepToReference-SequenceTransform =0.668702 0.0567164 0.741364 -8.277 -0.392766 0.873564 0.28744 222.937 -0.631326 -0.483394 0.60643 -37.7161 0 0 0 1 
Seq_Frame0133_ForcepToReference-SequenceTransformStatus = OK
Seq_Frame0133_Timestamp = 15.703
Seq_Frame0134_ForcepToReference-SequenceTransform =0.384546 -0.0192833 0.922905 -10.7307 -0.247838 0.960918 0.123344 227.641 -0.889214 -0.276162 0.364738 -30.578 0 0 0 1 
Seq_Frame0134_ForcepToReference-SequenceTransformStatus = OK
Seq_Frame0134_Timestamp = 15.814
Seq_Frame0135_ForcepToReference-SequenceTransform =-0.112497 0.0695694 0.991214 -4.36109 -0.185297 0.978579 -0.0897127 216.797 -0.976222 -0.193761 -0.0971964 -3.78482 0 0 0 1 
Seq_Frame0135_ForcepToReference-SequenceTransformStatus = OK
Seq_Frame0135_Timestamp = 15.918
Seq_Frame0136_ForcepToReference-SequenceTransform =-0.24533 -0.588865 -0.770098 31.6448 0.90764 -0.418608 0.0309469 185.868 -0.340593 -0.691379 0.637174 7.18648 0 0 0 1 
Seq_Frame0136_ForcepToReference-SequenceTransformStatus = OK
Seq_Frame0136_Timestamp = 16.029
Seq_Frame0137_ForcepToReference-SequenceTransform =-0.143025 -0.61146 -0.778242 43.9293 0.928137 -0.355905 0.109059 183.444 -0.343666 -0.706717 0.618421 19.8713 0 0 0 1 
Seq_Frame0137_ForcepToReference-SequenceTransformStatus = OK
Seq_Frame0137_Timestamp = 16.229
Seq_Frame0138_ForcepToReference-SequenceTransform =-0.143025 -0.61146 -0.778242 43.9293 0.928137 -0.355905 0.109059 183.444 -0.343666 -0.706717 0.618421 19.8713 0 0 0 1 
Seq_Frame0138_ForcepToReference-SequenceTransformStatus = OK
Seq_Frame0138_Timestamp = 16.638
Seq_Frame0139_ForcepToReference-SequenceTransform =0.386783 -0.789996 -0.475716 64.1956 0.92217 0.332215 0.198081 195.716 0.0015567 -0.515305 0.857006 44.3721 0 0 0 1 
Seq_Frame0139_ForcepToReference-SequenceTransformStatus = OK
Seq_Frame0139_Timestamp = 17.328
Seq_Frame0140_ForcepToReference-SequenceTransform =0.425963 -0.774156 -0.468229 66.7002 0.894002 0.280655 0.349275 188.814 -0.138983 -0.567376 0.811645 37.7955 0 0 0 1 
Seq_Frame0140_ForcepToReference-SequenceTransformStatus = OK
Seq_Frame0140_Timestamp = 17.438
Seq_Frame0141_ForcepToReference-SequenceTransform =-0.360785 0.654598 0.664331 48.6669 -0.0251272 0.705225 -0.708539 185.263 -0.93231 -0.272323 -0.237987 26.7569 0 0 0 1 
Seq_Frame0141_ForcepToReference-SequenceTransformStatus = OK
Seq_Frame0141_Timestamp = 17.603
Seq_Frame0142_ForcepToReference-SequenceTransform =-0.0976054 0.436448 0.89442 38.5155 -0.143425 0.883161 -0.446605 179.648 -0.984836 -0.171873 -0.0236039 23.3821 0 0 0 1 
Seq_Frame0142_ForcepToReference-SequenceTransformStatus = OK
Seq_Frame0142_Timestamp = 17.714
Seq_Frame0143_ForcepToReference-SequenceTransform =-0.175802 0.232394 0.956602 31.3281 -0.229254 0.935353 -0.269364 162.87 -0.957359 -0.266659 -0.11116 10.8296 0 0 0 1 
Seq_Frame0143_ForcepToReference-SequenceTransformStatus = OK
Seq_Frame0143_Timestamp = 18.428
Seq_Frame0144_ForcepToReference-SequenceTransform =-0.0615469 0.22741 0.971852 32.828 -0.260856 0.936191 -0.235585 162.553 -0.963414 -0.268013 0.00170159 13.0976 0 0 0 1 
Seq_Frame0144_ForcepToReference-SequenceTransformStatus = OK
Seq_Frame0144_Timestamp = 18.538
Seq_Frame0145_ForcepToReference-SequenceTransform =-0.0795765 0.206171 0.975275 34.6504 -0.166757 0.961837 -0.216937 163.048 -0.982782 -0.179897 -0.0421591 17.8829 0 0 0 1 
Seq_Frame0145_ForcepToReference-SequenceTransformStatus = OK
Seq_Frame0145_Timestamp = 18.644
Seq_Frame0146_ForcepToReference-SequenceTransform =-0.11888 0.244781 0.962263 36.3887 -0.118864 0.958658 -0.258548 161.714 -0.985768 -0.145114 -0.0848693 20.3949 0 0 0 1 
Seq_Frame0146_ForcepToReference-SequenceTransformStatus = OK
Seq_Frame0146_Timestamp = 18.748
Seq_Frame0147_ForcepToReference-SequenceTransform =-0.0517683 -0.687882 -0.723974 45.9101 0.940135 -0.278094 0.197005 153.569 -0.336849 -0.670435 0.661098 11.8205 0 0 0 1 
Seq_Frame0147_ForcepToReference-SequenceTransformStatus = OK
Seq_Frame0147_Timestamp = 18.933
Seq_Frame0148_ForcepToReference-SequenceTransform =-0.189948 0.723642 0.663522 44.2182 -0.50302 0.508655 -0.698743 134.777 -0.843143 -0.46649 0.267388 -13.0392 0 0 0 1 
Seq_Frame0148_ForcepToReference-SequenceTransformStatus = OK
Seq_Frame0148_Timestamp = 19.039
Seq_Frame0149_ForcepToReference-SequenceTransform =-0.242338 0.701008 0.670716 37.144 -0.521196 0.489031 -0.699431 127.257 -0.818308 -0.519073 0.246852 -21.3946 0 0 0 1 
Seq_Frame0149_ForcepToReference-SequenceTransformStatus = OK
Seq_Frame0149_Timestamp = 19.142
