ObjectType = Image
NDims = 3
AnatomicalOrientation = RAI
BinaryData = True
CompressedData = False
DimSize = 0 0 1628
ElementSpacing = 1 1 1
Offset = 0 0 0
TransformMatrix = 1 0 0 0 1 0 0 0 1
ElementType = MET_UCHAR
Kinds = domain domain list
Seq_Frame0000_ForcepToReference-SequenceTransform =0.0244445 0.95163 0.306273 35.3706 -0.974653 0.0908366 -0.204451 -25.1333 -0.222382 -0.293513 0.929729 -19.7346 0 0 0 1 
Seq_Frame0000_ForcepToReference-SequenceTransformStatus = OK
Seq_Frame0000_Timestamp = 0.00500011
Seq_Frame0001_ForcepToReference-SequenceTransform =0.0239444 0.951861 0.305594 35.3523 -0.974082 0.0909882 -0.207086 -25.1321 -0.224922 -0.292716 0.929369 -19.7946 0 0 0 1 
Seq_Frame0001_ForcepToReference-SequenceTransformStatus = OK
Seq_Frame0001_Timestamp = 0.116
Seq_Frame0002_ForcepToReference-SequenceTransform =0.0240404 0.951603 0.306388 35.3616 -0.97436 0.0908835 -0.20582 -25.1186 -0.223705 -0.293585 0.929389 -19.8117 0 0 0 1 
Seq_Frame0002_ForcepToReference-SequenceTransformStatus = OK
Seq_Frame0002_Timestamp = 0.217
Seq_Frame0003_ForcepToReference-SequenceTransform =0.0243925 0.951826 0.305668 35.3714 -0.974695 0.0906044 -0.204354 -25.1317 -0.222204 -0.292948 0.92995 -19.8606 0 0 0 1 
Seq_Frame0003_ForcepToReference-SequenceTransformStatus = OK
Seq_Frame0003_Timestamp = 0.329
Seq_Frame0004_ForcepToReference-SequenceTransform =0.0227617 0.952023 0.305179 35.3375 -0.973606 0.0904505 -0.209549 -25.114 -0.227099 -0.292355 0.928954 -19.8775 0 0 0 1 
Seq_Frame0004_ForcepToReference-SequenceTransformStatus = OK
Seq_Frame0004_Timestamp = 0.437
Seq_Frame0005_ForcepToReference-SequenceTransform =0.0243944 0.95165 0.306213 35.3676 -0.974763 0.090633 -0.204015 -25.1071 -0.221904 -0.293509 0.929845 -19.8602 0 0 0 1 
Seq_Frame0005_ForcepToReference-SequenceTransformStatus = OK
Seq_Frame0005_Timestamp = 0.543
Seq_Frame0006_ForcepToReference-SequenceTransform =0.0252693 0.951245 0.307398 35.3922 -0.974917 0.0914674 -0.202905 -25.1356 -0.221129 -0.29456 0.929697 -19.7304 0 0 0 1 
Seq_Frame0006_ForcepToReference-SequenceTransformStatus = OK
Seq_Frame0006_Timestamp = 0.652
Seq_Frame0007_ForcepToReference-SequenceTransform =0.0253517 0.950766 0.308872 35.3643 -0.97441 0.0925304 -0.204848 -25.118 -0.223343 -0.295775 0.928782 -19.8617 0 0 0 1 
Seq_Frame0007_ForcepToReference-SequenceTransformStatus = OK
Seq_Frame0007_Timestamp = 0.752
Seq_Frame0008_ForcepToReference-SequenceTransform =0.0255398 0.950606 0.309348 35.3628 -0.973518 0.0939748 -0.208404 -25.1036 -0.227181 -0.295834 0.927831 -19.9115 0 0 0 1 
Seq_Frame0008_ForcepToReference-SequenceTransformStatus = OK
Seq_Frame0008_Timestamp = 0.854
Seq_Frame0009_ForcepToReference-SequenceTransform =0.0246725 0.951037 0.30809 35.3584 -0.974184 0.0920516 -0.206138 -25.1255 -0.224405 -0.29505 0.928756 -19.8492 0 0 0 1 
Seq_Frame0009_ForcepToReference-SequenceTransformStatus = OK
Seq_Frame0009_Timestamp = 0.961
Seq_Frame0010_ForcepToReference-SequenceTransform =0.0244128 0.951023 0.308156 35.3434 -0.974406 0.0915395 -0.205312 -25.1074 -0.223465 -0.295257 0.928917 -19.9522 0 0 0 1 
Seq_Frame0010_ForcepToReference-SequenceTransformStatus = OK
Seq_Frame0010_Timestamp = 1.069
Seq_Frame0011_ForcepToReference-SequenceTransform =0.024545 0.95151 0.306638 35.3631 -0.974112 0.0917164 -0.206626 -25.1353 -0.224731 -0.293628 0.929128 -19.8152 0 0 0 1 
Seq_Frame0011_ForcepToReference-SequenceTransformStatus = OK
Seq_Frame0011_Timestamp = 1.17
Seq_Frame0012_ForcepToReference-SequenceTransform =0.0238817 0.951802 0.305783 35.3639 -0.974714 0.0901448 -0.204466 -25.1326 -0.222175 -0.293168 0.929887 -19.8344 0 0 0 1 
Seq_Frame0012_ForcepToReference-SequenceTransformStatus = OK
Seq_Frame0012_Timestamp = 1.271
Seq_Frame0013_ForcepToReference-SequenceTransform =0.0248145 0.951296 0.307279 35.371 -0.974892 0.0910675 -0.203205 -25.1221 -0.221291 -0.294522 0.92967 -19.8038 0 0 0 1 
Seq_Frame0013_ForcepToReference-SequenceTransformStatus = OK
Seq_Frame0013_Timestamp = 1.379
Seq_Frame0014_ForcepToReference-SequenceTransform =0.0246567 0.951073 0.307979 35.3698 -0.975324 0.0904959 -0.201377 -25.1098 -0.219395 -0.295415 0.929837 -19.8756 0 0 0 1 
Seq_Frame0014_ForcepToReference-SequenceTransformStatus = OK
Seq_Frame0014_Timestamp = 1.48
Seq_Frame0015_ForcepToReference-SequenceTransform =0.0245026 0.950867 0.308628 35.3759 -0.975184 0.0906847 -0.201973 -25.1124 -0.220038 -0.29602 0.929492 -19.8416 0 0 0 1 
Seq_Frame0015_ForcepToReference-SequenceTransformStatus = OK
Seq_Frame0015_Timestamp = 1.58
Seq_Frame0016_ForcepToReference-SequenceTransform =0.0241785 0.952525 0.303499 35.4034 -0.973701 0.0912336 -0.208763 -25.1298 -0.226542 -0.29047 0.929681 -19.6768 0 0 0 1 
Seq_Frame0016_ForcepToReference-SequenceTransformStatus = OK
Seq_Frame0016_Timestamp = 1.681
Seq_Frame0017_ForcepToReference-SequenceTransform =0.0249518 0.951987 0.30512 35.3878 -0.974519 0.0912202 -0.204918 -25.1408 -0.222912 -0.292232 0.930006 -19.6351 0 0 0 1 
Seq_Frame0017_ForcepToReference-SequenceTransformStatus = OK
Seq_Frame0017_Timestamp = 1.783
Seq_Frame0018_ForcepToReference-SequenceTransform =0.0250619 0.951128 0.307779 35.3659 -0.973893 0.0927141 -0.207211 -25.1385 -0.22562 -0.294551 0.92862 -19.726 0 0 0 1 
Seq_Frame0018_ForcepToReference-SequenceTransformStatus = OK
Seq_Frame0018_Timestamp = 1.885
Seq_Frame0019_ForcepToReference-SequenceTransform =0.0244425 0.951899 0.305436 35.3627 -0.973596 0.0920311 -0.208905 -25.1576 -0.226966 -0.292265 0.929014 -19.7346 0 0 0 1 
Seq_Frame0019_ForcepToReference-SequenceTransformStatus = OK
Seq_Frame0019_Timestamp = 1.986
Seq_Frame0020_ForcepToReference-SequenceTransform =0.024237 0.952084 0.304876 35.3622 -0.973446 0.0919158 -0.209653 -25.1596 -0.22763 -0.291699 0.92903 -19.7311 0 0 0 1 
Seq_Frame0020_ForcepToReference-SequenceTransformStatus = OK
Seq_Frame0020_Timestamp = 2.087
Seq_Frame0021_ForcepToReference-SequenceTransform =0.024808 0.95168 0.306089 35.3623 -0.973769 0.0922782 -0.207986 -25.1484 -0.226181 -0.2929 0.929006 -19.7361 0 0 0 1 
Seq_Frame0021_ForcepToReference-SequenceTransformStatus = OK
Seq_Frame0021_Timestamp = 2.188
Seq_Frame0022_ForcepToReference-SequenceTransform =0.024192 0.952171 0.304607 35.3661 -0.973736 0.0914443 -0.208511 -25.1522 -0.226393 -0.291562 0.929375 -19.7114 0 0 0 1 
Seq_Frame0022_ForcepToReference-SequenceTransformStatus = OK
Seq_Frame0022_Timestamp = 2.295
Seq_Frame0023_ForcepToReference-SequenceTransform =0.0239554 0.9525 0.303595 35.392 -0.974853 0.0895588 -0.20406 -25.1975 -0.221557 -0.291073 0.930693 -19.5578 0 0 0 1 
Seq_Frame0023_ForcepToReference-SequenceTransformStatus = OK
Seq_Frame0023_Timestamp = 2.397
Seq_Frame0024_ForcepToReference-SequenceTransform =0.024796 0.951761 0.305838 35.3713 -0.973779 0.0921998 -0.207974 -25.1555 -0.226139 -0.292662 0.929091 -19.735 0 0 0 1 
Seq_Frame0024_ForcepToReference-SequenceTransformStatus = OK
Seq_Frame0024_Timestamp = 2.498
Seq_Frame0025_ForcepToReference-SequenceTransform =0.0252215 0.951652 0.306141 35.3966 -0.974128 0.0921943 -0.206336 -25.1802 -0.224584 -0.293016 0.929356 -19.6544 0 0 0 1 
Seq_Frame0025_ForcepToReference-SequenceTransformStatus = OK
Seq_Frame0025_Timestamp = 2.601
Seq_Frame0026_ForcepToReference-SequenceTransform =0.0249063 0.952259 0.304275 35.3932 -0.973877 0.0918308 -0.207678 -25.1776 -0.225705 -0.291154 0.92967 -19.6439 0 0 0 1 
Seq_Frame0026_ForcepToReference-SequenceTransformStatus = OK
Seq_Frame0026_Timestamp = 2.709
Seq_Frame0027_ForcepToReference-SequenceTransform =0.0248292 0.951843 0.30558 35.3754 -0.973968 0.0919285 -0.207208 -25.151 -0.225321 -0.292481 0.929347 -19.7303 0 0 0 1 
Seq_Frame0027_ForcepToReference-SequenceTransformStatus = OK
Seq_Frame0027_Timestamp = 2.811
Seq_Frame0028_ForcepToReference-SequenceTransform =0.025539 0.951506 0.306567 35.3789 -0.97378 0.0930252 -0.207605 -25.1398 -0.226056 -0.293227 0.928933 -19.7145 0 0 0 1 
Seq_Frame0028_ForcepToReference-SequenceTransformStatus = OK
Seq_Frame0028_Timestamp = 2.929
Seq_Frame0029_ForcepToReference-SequenceTransform =0.024593 0.952047 0.304961 35.3788 -0.973849 0.0917357 -0.207852 -25.1589 -0.225861 -0.291875 0.929406 -19.6429 0 0 0 1 
Seq_Frame0029_ForcepToReference-SequenceTransformStatus = OK
Seq_Frame0029_Timestamp = 3.035
Seq_Frame0030_ForcepToReference-SequenceTransform =0.0246724 0.951804 0.305713 35.3765 -0.973746 0.092105 -0.208173 -25.1469 -0.226298 -0.292551 0.929087 -19.6902 0 0 0 1 
Seq_Frame0030_ForcepToReference-SequenceTransformStatus = OK
Seq_Frame0030_Timestamp = 3.143
Seq_Frame0031_ForcepToReference-SequenceTransform =0.0247194 0.95141 0.306934 35.3758 -0.974309 0.0916785 -0.20571 -25.1597 -0.223854 -0.293964 0.929233 -19.6546 0 0 0 1 
Seq_Frame0031_ForcepToReference-SequenceTransformStatus = OK
Seq_Frame0031_Timestamp = 3.246
Seq_Frame0032_ForcepToReference-SequenceTransform =0.0234337 0.952308 0.304239 35.3741 -0.973609 0.0908448 -0.209365 -25.1838 -0.227018 -0.291303 0.929304 -19.6307 0 0 0 1 
Seq_Frame0032_ForcepToReference-SequenceTransformStatus = OK
Seq_Frame0032_Timestamp = 3.352
Seq_Frame0033_ForcepToReference-SequenceTransform =0.0236168 0.952297 0.304258 35.3751 -0.97302 0.0917649 -0.211688 -25.179 -0.22951 -0.29105 0.928771 -19.6249 0 0 0 1 
Seq_Frame0033_ForcepToReference-SequenceTransformStatus = OK
Seq_Frame0033_Timestamp = 3.452
Seq_Frame0034_ForcepToReference-SequenceTransform =0.0245131 0.951165 0.307708 35.3477 -0.973706 0.0924504 -0.208207 -25.1269 -0.226487 -0.294513 0.928421 -19.7337 0 0 0 1 
Seq_Frame0034_ForcepToReference-SequenceTransformStatus = OK
Seq_Frame0034_Timestamp = 3.556
Seq_Frame0035_ForcepToReference-SequenceTransform =0.0237711 0.951892 0.30551 35.368 -0.973386 0.0917134 -0.210019 -25.1794 -0.227935 -0.292386 0.928739 -19.5973 0 0 0 1 
Seq_Frame0035_ForcepToReference-SequenceTransformStatus = OK
Seq_Frame0035_Timestamp = 3.668
Seq_Frame0036_ForcepToReference-SequenceTransform =0.0238396 0.951805 0.305776 35.3666 -0.973098 0.0922022 -0.211136 -25.1964 -0.229153 -0.292517 0.928398 -19.614 0 0 0 1 
Seq_Frame0036_ForcepToReference-SequenceTransformStatus = OK
Seq_Frame0036_Timestamp = 3.769
Seq_Frame0037_ForcepToReference-SequenceTransform =0.0244401 0.95196 0.305246 35.3817 -0.9732 0.0924952 -0.21054 -25.2151 -0.22866 -0.29192 0.928707 -19.5595 0 0 0 1 
Seq_Frame0037_ForcepToReference-SequenceTransformStatus = OK
Seq_Frame0037_Timestamp = 3.878
Seq_Frame0038_ForcepToReference-SequenceTransform =0.024628 0.952374 0.303937 35.3914 -0.973457 0.0920471 -0.209547 -25.2281 -0.227543 -0.290708 0.929361 -19.5433 0 0 0 1 
Seq_Frame0038_ForcepToReference-SequenceTransformStatus = OK
Seq_Frame0038_Timestamp = 3.987
Seq_Frame0039_ForcepToReference-SequenceTransform =0.0246696 0.952268 0.304266 35.3776 -0.973319 0.0923326 -0.21006 -25.2202 -0.228127 -0.290965 0.929138 -19.6001 0 0 0 1 
Seq_Frame0039_ForcepToReference-SequenceTransformStatus = OK
Seq_Frame0039_Timestamp = 4.094
Seq_Frame0040_ForcepToReference-SequenceTransform =0.0252509 0.951736 0.305876 35.3816 -0.974357 0.0918644 -0.205402 -25.1818 -0.223587 -0.292846 0.929651 -19.6571 0 0 0 1 
Seq_Frame0040_ForcepToReference-SequenceTransformStatus = OK
Seq_Frame0040_Timestamp = 4.195
Seq_Frame0041_ForcepToReference-SequenceTransform =0.0249578 0.951919 0.305332 35.3778 -0.974199 0.0916898 -0.206226 -25.157 -0.224306 -0.292307 0.929647 -19.6802 0 0 0 1 
Seq_Frame0041_ForcepToReference-SequenceTransformStatus = OK
Seq_Frame0041_Timestamp = 4.295
Seq_Frame0042_ForcepToReference-SequenceTransform =0.0248627 0.951856 0.305535 35.3799 -0.97364 0.0923737 -0.208549 -25.1622 -0.226732 -0.292296 0.929062 -19.6377 0 0 0 1 
Seq_Frame0042_ForcepToReference-SequenceTransformStatus = OK
Seq_Frame0042_Timestamp = 4.396
Seq_Frame0043_ForcepToReference-SequenceTransform =0.0247701 0.951916 0.305355 35.3779 -0.974096 0.0916609 -0.206727 -25.162 -0.224776 -0.292324 0.929528 -19.6677 0 0 0 1 
Seq_Frame0043_ForcepToReference-SequenceTransformStatus = OK
Seq_Frame0043_Timestamp = 4.503
Seq_Frame0044_ForcepToReference-SequenceTransform =0.0253681 0.951558 0.306421 35.3904 -0.974241 0.0922392 -0.205784 -25.1552 -0.224079 -0.293307 0.929387 -19.6681 0 0 0 1 
Seq_Frame0044_ForcepToReference-SequenceTransformStatus = OK
Seq_Frame0044_Timestamp = 4.611
Seq_Frame0045_ForcepToReference-SequenceTransform =0.0247584 0.951897 0.305417 35.3812 -0.974101 0.0916574 -0.206705 -25.1827 -0.224756 -0.292389 0.929513 -19.645 0 0 0 1 
Seq_Frame0045_ForcepToReference-SequenceTransformStatus = OK
Seq_Frame0045_Timestamp = 4.721
Seq_Frame0046_ForcepToReference-SequenceTransform =0.0252574 0.951441 0.306792 35.3835 -0.974129 0.0923661 -0.206253 -25.1709 -0.224575 -0.293646 0.92916 -19.6297 0 0 0 1 
Seq_Frame0046_ForcepToReference-SequenceTransformStatus = OK
Seq_Frame0046_Timestamp = 4.824
Seq_Frame0047_ForcepToReference-SequenceTransform =0.0245578 0.951831 0.305637 35.3783 -0.97407 0.0915648 -0.20689 -25.1856 -0.22491 -0.292631 0.929399 -19.5968 0 0 0 1 
Seq_Frame0047_ForcepToReference-SequenceTransformStatus = OK
Seq_Frame0047_Timestamp = 4.925
Seq_Frame0048_ForcepToReference-SequenceTransform =0.0249755 0.951809 0.305673 35.3729 -0.973983 0.0920613 -0.207081 -25.1659 -0.225242 -0.292549 0.929345 -19.6636 0 0 0 1 
Seq_Frame0048_ForcepToReference-SequenceTransformStatus = OK
Seq_Frame0048_Timestamp = 5.026
Seq_Frame0049_ForcepToReference-SequenceTransform =0.0253714 0.951647 0.306144 35.3774 -0.97425 0.0921707 -0.205772 -25.1725 -0.22404 -0.29304 0.92948 -19.6354 0 0 0 1 
Seq_Frame0049_ForcepToReference-SequenceTransformStatus = OK
Seq_Frame0049_Timestamp = 5.128
Seq_Frame0050_ForcepToReference-SequenceTransform =0.0250328 0.951838 0.305576 35.3795 -0.973902 0.0921968 -0.207402 -25.1744 -0.225586 -0.292409 0.929305 -19.6418 0 0 0 1 
Seq_Frame0050_ForcepToReference-SequenceTransformStatus = OK
Seq_Frame0050_Timestamp = 5.229
Seq_Frame0051_ForcepToReference-SequenceTransform =0.025078 0.951496 0.306638 35.3764 -0.974193 0.092089 -0.206078 -25.1652 -0.224321 -0.293557 0.929249 -19.6698 0 0 0 1 
Seq_Frame0051_ForcepToReference-SequenceTransformStatus = OK
Seq_Frame0051_Timestamp = 5.333
Seq_Frame0052_ForcepToReference-SequenceTransform =0.0251162 0.951896 0.305389 35.3848 -0.974283 0.0917347 -0.205808 -25.1732 -0.223923 -0.292366 0.929721 -19.6346 0 0 0 1 
Seq_Frame0052_ForcepToReference-SequenceTransformStatus = OK
Seq_Frame0052_Timestamp = 5.436
Seq_Frame0053_ForcepToReference-SequenceTransform =0.0251743 0.951828 0.305596 35.3753 -0.973839 0.0924098 -0.207603 -25.1787 -0.225842 -0.292375 0.929253 -19.6849 0 0 0 1 
Seq_Frame0053_ForcepToReference-SequenceTransformStatus = OK
Seq_Frame0053_Timestamp = 5.541
Seq_Frame0054_ForcepToReference-SequenceTransform =0.0250158 0.951936 0.305275 35.3738 -0.973935 0.0920731 -0.207302 -25.184 -0.225445 -0.292132 0.929426 -19.6512 0 0 0 1 
Seq_Frame0054_ForcepToReference-SequenceTransformStatus = OK
Seq_Frame0054_Timestamp = 5.645
Seq_Frame0055_ForcepToReference-SequenceTransform =0.0251067 0.95162 0.306249 35.3799 -0.973793 0.0925505 -0.207753 -25.167 -0.226046 -0.293007 0.929005 -19.6597 0 0 0 1 
Seq_Frame0055_ForcepToReference-SequenceTransformStatus = OK
Seq_Frame0055_Timestamp = 5.751
Seq_Frame0056_ForcepToReference-SequenceTransform =0.0246045 0.951958 0.305239 35.3769 -0.973742 0.0919448 -0.20826 -25.1749 -0.22632 -0.2921 0.929224 -19.6591 0 0 0 1 
Seq_Frame0056_ForcepToReference-SequenceTransformStatus = OK
Seq_Frame0056_Timestamp = 5.853
Seq_Frame0057_ForcepToReference-SequenceTransform =0.0244288 0.95208 0.304872 35.3759 -0.973905 0.0914966 -0.207696 -25.1654 -0.225638 -0.291843 0.92947 -19.6858 0 0 0 1 
Seq_Frame0057_ForcepToReference-SequenceTransformStatus = OK
Seq_Frame0057_Timestamp = 5.954
Seq_Frame0058_ForcepToReference-SequenceTransform =0.0244171 0.952118 0.304755 35.372 -0.973778 0.0916238 -0.208232 -25.1744 -0.226184 -0.291679 0.929389 -19.6818 0 0 0 1 
Seq_Frame0058_ForcepToReference-SequenceTransformStatus = OK
Seq_Frame0058_Timestamp = 6.054
Seq_Frame0059_ForcepToReference-SequenceTransform =0.0243776 0.951902 0.305432 35.3671 -0.973751 0.0917718 -0.208296 -25.1553 -0.226307 -0.292337 0.929153 -19.7304 0 0 0 1 
Seq_Frame0059_ForcepToReference-SequenceTransformStatus = OK
Seq_Frame0059_Timestamp = 6.155
Seq_Frame0060_ForcepToReference-SequenceTransform =0.0246839 0.951834 0.30562 35.3776 -0.973939 0.0918443 -0.207381 -25.1594 -0.225462 -0.292536 0.929295 -19.7015 0 0 0 1 
Seq_Frame0060_ForcepToReference-SequenceTransformStatus = OK
Seq_Frame0060_Timestamp = 6.255
Seq_Frame0061_ForcepToReference-SequenceTransform =0.0241111 0.95239 0.303927 35.369 -0.973639 0.0913465 -0.209004 -25.1642 -0.226816 -0.290876 0.929487 -19.7185 0 0 0 1 
Seq_Frame0061_ForcepToReference-SequenceTransformStatus = OK
Seq_Frame0061_Timestamp = 6.358
Seq_Frame0062_ForcepToReference-SequenceTransform =0.024646 0.951953 0.30525 35.3755 -0.973714 0.0920206 -0.208357 -25.167 -0.226435 -0.292092 0.929198 -19.7047 0 0 0 1 
Seq_Frame0062_ForcepToReference-SequenceTransformStatus = OK
Seq_Frame0062_Timestamp = 6.462
Seq_Frame0063_ForcepToReference-SequenceTransform =0.0239886 0.952162 0.30465 35.3639 -0.973706 0.0913093 -0.20871 -25.1554 -0.226543 -0.291633 0.929316 -19.7534 0 0 0 1 
Seq_Frame0063_ForcepToReference-SequenceTransformStatus = OK
Seq_Frame0063_Timestamp = 6.569
Seq_Frame0064_ForcepToReference-SequenceTransform =0.0246805 0.951849 0.305574 35.3769 -0.97349 0.0924107 -0.209229 -25.1529 -0.227392 -0.292309 0.928896 -19.7131 0 0 0 1 
Seq_Frame0064_ForcepToReference-SequenceTransformStatus = OK
Seq_Frame0064_Timestamp = 6.669
Seq_Frame0065_ForcepToReference-SequenceTransform =0.0246353 0.952109 0.304766 35.3773 -0.973946 0.0916054 -0.207454 -25.1599 -0.225437 -0.291715 0.929559 -19.6979 0 0 0 1 
Seq_Frame0065_ForcepToReference-SequenceTransformStatus = OK
Seq_Frame0065_Timestamp = 6.77
Seq_Frame0066_ForcepToReference-SequenceTransform =0.0244411 0.952015 0.305073 35.3718 -0.973846 0.0916273 -0.207913 -25.168 -0.225889 -0.292013 0.929356 -19.7054 0 0 0 1 
Seq_Frame0066_ForcepToReference-SequenceTransformStatus = OK
Seq_Frame0066_Timestamp = 6.87
Seq_Frame0067_ForcepToReference-SequenceTransform =0.0246533 0.951899 0.30542 35.3765 -0.974013 0.0916775 -0.207108 -25.1573 -0.225146 -0.292377 0.929422 -19.7117 0 0 0 1 
Seq_Frame0067_ForcepToReference-SequenceTransformStatus = OK
Seq_Frame0067_Timestamp = 6.979
Seq_Frame0068_ForcepToReference-SequenceTransform =0.0248103 0.951657 0.306158 35.3741 -0.973499 0.0926452 -0.209087 -25.1561 -0.227343 -0.292857 0.928736 -19.7157 0 0 0 1 
Seq_Frame0068_ForcepToReference-SequenceTransformStatus = OK
Seq_Frame0068_Timestamp = 7.08
Seq_Frame0069_ForcepToReference-SequenceTransform =0.0246518 0.95207 0.304887 35.3754 -0.973708 0.0919545 -0.208417 -25.1535 -0.226463 -0.291733 0.929304 -19.7 0 0 0 1 
Seq_Frame0069_ForcepToReference-SequenceTransformStatus = OK
Seq_Frame0069_Timestamp = 7.188
Seq_Frame0070_ForcepToReference-SequenceTransform =0.0244633 0.951965 0.305227 35.3655 -0.973574 0.0920318 -0.209006 -25.1609 -0.227057 -0.292048 0.92906 -19.7236 0 0 0 1 
Seq_Frame0070_ForcepToReference-SequenceTransformStatus = OK
Seq_Frame0070_Timestamp = 7.294
Seq_Frame0071_ForcepToReference-SequenceTransform =0.0244906 0.951948 0.30528 35.3881 -0.973771 0.091814 -0.208183 -25.1659 -0.226208 -0.292174 0.929228 -19.6962 0 0 0 1 
Seq_Frame0071_ForcepToReference-SequenceTransformStatus = OK
Seq_Frame0071_Timestamp = 7.401
Seq_Frame0072_ForcepToReference-SequenceTransform =0.0246695 0.951913 0.305375 35.367 -0.97376 0.0920093 -0.208146 -25.1535 -0.226234 -0.292227 0.929205 -19.7177 0 0 0 1 
Seq_Frame0072_ForcepToReference-SequenceTransformStatus = OK
Seq_Frame0072_Timestamp = 7.501
Seq_Frame0073_ForcepToReference-SequenceTransform =0.0247664 0.951819 0.305658 35.3753 -0.973761 0.0921573 -0.208077 -25.165 -0.22622 -0.292485 0.929127 -19.6858 0 0 0 1 
Seq_Frame0073_ForcepToReference-SequenceTransformStatus = OK
Seq_Frame0073_Timestamp = 7.61
Seq_Frame0074_ForcepToReference-SequenceTransform =0.0241332 0.952172 0.304607 35.3705 -0.97346 0.091745 -0.209661 -25.1687 -0.22758 -0.291463 0.929116 -19.7061 0 0 0 1 
Seq_Frame0074_ForcepToReference-SequenceTransformStatus = OK
Seq_Frame0074_Timestamp = 7.712
Seq_Frame0075_ForcepToReference-SequenceTransform =0.0245737 0.952013 0.305069 35.3754 -0.973822 0.0917769 -0.207961 -25.1659 -0.22598 -0.291973 0.929347 -19.6745 0 0 0 1 
Seq_Frame0075_ForcepToReference-SequenceTransformStatus = OK
Seq_Frame0075_Timestamp = 7.813
Seq_Frame0076_ForcepToReference-SequenceTransform =0.0247351 0.951853 0.305556 35.3781 -0.97387 0.0919665 -0.207653 -25.1739 -0.225756 -0.292436 0.929255 -19.6352 0 0 0 1 
Seq_Frame0076_ForcepToReference-SequenceTransformStatus = OK
Seq_Frame0076_Timestamp = 7.915
Seq_Frame0077_ForcepToReference-SequenceTransform =0.0231472 0.953147 0.301622 35.3632 -0.973607 0.0900126 -0.209729 -25.1481 -0.227052 -0.288807 0.930074 -19.7957 0 0 0 1 
Seq_Frame0077_ForcepToReference-SequenceTransformStatus = OK
Seq_Frame0077_Timestamp = 8.016
Seq_Frame0078_ForcepToReference-SequenceTransform =0.0245814 0.952062 0.304915 35.3815 -0.973895 0.0916565 -0.207674 -25.1575 -0.225666 -0.29185 0.929461 -19.6991 0 0 0 1 
Seq_Frame0078_ForcepToReference-SequenceTransformStatus = OK
Seq_Frame0078_Timestamp = 8.117
Seq_Frame0079_ForcepToReference-SequenceTransform =0.0171006 0.950939 0.308906 35.2586 -0.966104 0.0953079 -0.239914 -25.2768 -0.257585 -0.294333 0.920336 -19.2732 0 0 0 1 
Seq_Frame0079_ForcepToReference-SequenceTransformStatus = OK
Seq_Frame0079_Timestamp = 8.743
Seq_Frame0080_ForcepToReference-SequenceTransform =0.0171006 0.950939 0.308906 35.2586 -0.966104 0.0953079 -0.239914 -25.2768 -0.257585 -0.294333 0.920336 -19.2732 0 0 0 1 
Seq_Frame0080_ForcepToReference-SequenceTransformStatus = OK
Seq_Frame0080_Timestamp = 8.845
Seq_Frame0081_ForcepToReference-SequenceTransform =0.0171006 0.950939 0.308906 35.2586 -0.966104 0.0953079 -0.239914 -25.2768 -0.257585 -0.294333 0.920336 -19.2732 0 0 0 1 
Seq_Frame0081_ForcepToReference-SequenceTransformStatus = OK
Seq_Frame0081_Timestamp = 8.953
Seq_Frame0082_ForcepToReference-SequenceTransform =0.500589 -0.784508 -0.366003 -1.36752 0.504285 -0.0793871 0.85988 142.257 -0.703639 -0.615016 0.355875 -3.55766 0 0 0 1 
Seq_Frame0082_ForcepToReference-SequenceTransformStatus = OK
Seq_Frame0082_Timestamp = 9.071
Seq_Frame0083_ForcepToReference-SequenceTransform =0.590628 -0.785989 -0.182701 -0.148064 0.428194 0.113364 0.896548 143.873 -0.683965 -0.607758 0.403511 21.8349 0 0 0 1 
Seq_Frame0083_ForcepToReference-SequenceTransformStatus = OK
Seq_Frame0083_Timestamp = 9.172
Seq_Frame0084_ForcepToReference-SequenceTransform =0.545514 -0.833438 -0.0882893 1.72098 0.520823 0.254579 0.814821 155.075 -0.656626 -0.49048 0.57295 37.0243 0 0 0 1 
Seq_Frame0084_ForcepToReference-SequenceTransformStatus = OK
Seq_Frame0084_Timestamp = 9.273
Seq_Frame0085_ForcepToReference-SequenceTransform =0.5633 -0.823753 0.0642157 1.31327 0.556515 0.435704 0.707427 173.538 -0.610724 -0.362757 0.703863 53.2186 0 0 0 1 
Seq_Frame0085_ForcepToReference-SequenceTransformStatus = OK
Seq_Frame0085_Timestamp = 9.375
Seq_Frame0086_ForcepToReference-SequenceTransform =0.61358 -0.78326 0.100118 5.46403 0.573656 0.529287 0.625119 181.71 -0.542622 -0.326127 0.774082 64.4098 0 0 0 1 
Seq_Frame0086_ForcepToReference-SequenceTransformStatus = OK
Seq_Frame0086_Timestamp = 9.48
Seq_Frame0087_ForcepToReference-SequenceTransform =0.61366 -0.77928 0.127065 6.62995 0.604055 0.566991 0.560034 188.079 -0.508468 -0.266916 0.818667 72.7399 0 0 0 1 
Seq_Frame0087_ForcepToReference-SequenceTransformStatus = OK
Seq_Frame0087_Timestamp = 9.58
Seq_Frame0088_ForcepToReference-SequenceTransform =0.66014 -0.728559 0.182802 13.0474 0.587889 0.652614 0.477998 193.343 -0.467548 -0.208078 0.859129 78.4276 0 0 0 1 
Seq_Frame0088_ForcepToReference-SequenceTransformStatus = OK
Seq_Frame0088_Timestamp = 9.686
Seq_Frame0089_ForcepToReference-SequenceTransform =0.734577 -0.647381 0.203213 22.8745 0.568886 0.750843 0.335563 204.585 -0.369818 -0.130892 0.919838 87.8837 0 0 0 1 
Seq_Frame0089_ForcepToReference-SequenceTransformStatus = OK
Seq_Frame0089_Timestamp = 9.787
Seq_Frame0090_ForcepToReference-SequenceTransform =0.77101 -0.616438 0.159837 28.859 0.568613 0.779406 0.26307 209.963 -0.286744 -0.111945 0.951444 93.627 0 0 0 1 
Seq_Frame0090_ForcepToReference-SequenceTransformStatus = OK
Seq_Frame0090_Timestamp = 9.887
Seq_Frame0091_ForcepToReference-SequenceTransform =0.76885 -0.630705 0.105263 34.0096 0.606374 0.771402 0.193 220.814 -0.202927 -0.0845597 0.975536 104.106 0 0 0 1 
Seq_Frame0091_ForcepToReference-SequenceTransformStatus = OK
Seq_Frame0091_Timestamp = 9.993
Seq_Frame0092_ForcepToReference-SequenceTransform =0.707403 -0.695725 0.124686 32.9404 0.637205 0.704076 0.313445 221.388 -0.30586 -0.142281 0.941385 102.236 0 0 0 1 
Seq_Frame0092_ForcepToReference-SequenceTransformStatus = OK
Seq_Frame0092_Timestamp = 10.094
Seq_Frame0093_ForcepToReference-SequenceTransform =0.727449 -0.684378 0.0494389 33.5731 0.664774 0.720792 0.196299 225.113 -0.169978 -0.109932 0.979297 107.942 0 0 0 1 
Seq_Frame0093_ForcepToReference-SequenceTransformStatus = OK
Seq_Frame0093_Timestamp = 10.195
Seq_Frame0094_ForcepToReference-SequenceTransform =0.715405 -0.6987 -0.00370105 33.7509 0.690905 0.706614 0.152797 226.429 -0.104144 -0.111869 0.988251 110.194 0 0 0 1 
Seq_Frame0094_ForcepToReference-SequenceTransformStatus = OK
Seq_Frame0094_Timestamp = 10.295
Seq_Frame0095_ForcepToReference-SequenceTransform =0.677358 -0.735125 -0.0278803 25.685 0.726282 0.662219 0.184335 219.624 -0.117046 -0.14511 0.982468 100.762 0 0 0 1 
Seq_Frame0095_ForcepToReference-SequenceTransformStatus = OK
Seq_Frame0095_Timestamp = 10.404
Seq_Frame0096_ForcepToReference-SequenceTransform =0.627881 -0.778039 -0.0205229 14.2746 0.721488 0.571949 0.390295 200.348 -0.291927 -0.259866 0.920461 81.3072 0 0 0 1 
Seq_Frame0096_ForcepToReference-SequenceTransformStatus = OK
Seq_Frame0096_Timestamp = 10.505
Seq_Frame0097_ForcepToReference-SequenceTransform =0.555886 -0.831044 -0.0188497 2.79861 0.69918 0.455177 0.551327 182.355 -0.449597 -0.319654 0.834076 64.858 0 0 0 1 
Seq_Frame0097_ForcepToReference-SequenceTransformStatus = OK
Seq_Frame0097_Timestamp = 10.61
Seq_Frame0098_ForcepToReference-SequenceTransform =0.496035 -0.867657 -0.0334873 -4.30079 0.660186 0.351813 0.663612 169.407 -0.564007 -0.351283 0.747327 51.0656 0 0 0 1 
Seq_Frame0098_ForcepToReference-SequenceTransformStatus = OK
Seq_Frame0098_Timestamp = 10.711
Seq_Frame0099_ForcepToReference-SequenceTransform =0.521265 -0.849372 -0.0827636 0.0575093 0.707165 0.375622 0.59902 176.437 -0.477703 -0.370776 0.796445 52.4738 0 0 0 1 
Seq_Frame0099_ForcepToReference-SequenceTransformStatus = OK
Seq_Frame0099_Timestamp = 10.817
Seq_Frame0100_ForcepToReference-SequenceTransform =0.519466 -0.837618 -0.168971 5.69695 0.763297 0.365976 0.53239 186.722 -0.3841 -0.405534 0.829463 63.6183 0 0 0 1 
Seq_Frame0100_ForcepToReference-SequenceTransformStatus = OK
Seq_Frame0100_Timestamp = 10.919
Seq_Frame0101_ForcepToReference-SequenceTransform =0.484378 -0.840747 -0.241914 7.90726 0.839232 0.368429 0.399936 196.887 -0.247117 -0.396742 0.884041 74.3157 0 0 0 1 
Seq_Frame0101_ForcepToReference-SequenceTransformStatus = OK
Seq_Frame0101_Timestamp = 11.02
Seq_Frame0102_ForcepToReference-SequenceTransform =0.441907 -0.843806 -0.304482 9.90949 0.882886 0.349005 0.314178 203.063 -0.15884 -0.40766 0.899212 85.0439 0 0 0 1 
Seq_Frame0102_ForcepToReference-SequenceTransformStatus = OK
Seq_Frame0102_Timestamp = 11.121
Seq_Frame0103_ForcepToReference-SequenceTransform =0.447109 -0.814881 -0.368867 13.7591 0.886903 0.45743 0.0644984 213.762 0.116172 -0.355987 0.927242 98.3252 0 0 0 1 
Seq_Frame0103_ForcepToReference-SequenceTransformStatus = OK
Seq_Frame0103_Timestamp = 11.222
Seq_Frame0104_ForcepToReference-SequenceTransform =0.491427 -0.758822 -0.427422 23.5373 0.82974 0.557053 -0.0349707 214.559 0.264633 -0.337463 0.903376 97.154 0 0 0 1 
Seq_Frame0104_ForcepToReference-SequenceTransformStatus = OK
Seq_Frame0104_Timestamp = 11.593
Seq_Frame0105_ForcepToReference-SequenceTransform =0.476582 -0.801479 -0.361249 20.7188 0.869225 0.368082 0.330097 201.053 -0.131597 -0.471325 0.872087 80.4372 0 0 0 1 
Seq_Frame0105_ForcepToReference-SequenceTransformStatus = OK
Seq_Frame0105_Timestamp = 11.694
Seq_Frame0106_ForcepToReference-SequenceTransform =0.4594 -0.835123 -0.302526 14.9473 0.831898 0.285177 0.476046 183.3 -0.311283 -0.470366 0.825747 64.5132 0 0 0 1 
Seq_Frame0106_ForcepToReference-SequenceTransformStatus = OK
Seq_Frame0106_Timestamp = 11.799
Seq_Frame0107_ForcepToReference-SequenceTransform =0.433881 -0.859451 -0.270355 7.62462 0.810398 0.241156 0.533947 177.086 -0.393703 -0.450764 0.80113 50.9005 0 0 0 1 
Seq_Frame0107_ForcepToReference-SequenceTransformStatus = OK
Seq_Frame0107_Timestamp = 11.91
Seq_Frame0108_ForcepToReference-SequenceTransform =0.42064 -0.827153 -0.372665 7.29442 0.876022 0.263513 0.403913 192.244 -0.235896 -0.496365 0.835449 58.9585 0 0 0 1 
Seq_Frame0108_ForcepToReference-SequenceTransformStatus = OK
Seq_Frame0108_Timestamp = 12.02
Seq_Frame0109_ForcepToReference-SequenceTransform =0.221349 -0.815514 -0.534734 -0.321324 0.971506 0.136754 0.193584 207.702 -0.0847436 -0.562347 0.822547 74.5239 0 0 0 1 
Seq_Frame0109_ForcepToReference-SequenceTransformStatus = OK
Seq_Frame0109_Timestamp = 12.122
Seq_Frame0110_ForcepToReference-SequenceTransform =0.866698 -0.322679 0.380413 41.3014 0.487721 0.70822 -0.510443 250.289 -0.104707 0.627935 0.77119 215.683 0 0 0 1 
Seq_Frame0110_ForcepToReference-SequenceTransformStatus = OK
Seq_Frame0110_Timestamp = 12.222
Seq_Frame0111_ForcepToReference-SequenceTransform =0.103913 -0.729999 -0.675502 18.9377 0.987905 -0.00283714 0.155036 205.315 -0.115093 -0.683442 0.720875 85.0232 0 0 0 1 
Seq_Frame0111_ForcepToReference-SequenceTransformStatus = OK
Seq_Frame0111_Timestamp = 12.938
Seq_Frame0112_ForcepToReference-SequenceTransform =0.10255 -0.763641 -0.637445 16.3462 0.9465 -0.122207 0.298669 189.435 -0.305976 -0.63397 0.710254 64.1181 0 0 0 1 
Seq_Frame0112_ForcepToReference-SequenceTransformStatus = OK
Seq_Frame0112_Timestamp = 13.038
Seq_Frame0113_ForcepToReference-SequenceTransform =0.0952837 -0.77751 -0.62161 13.8963 0.833954 -0.278621 0.476331 171.928 -0.543546 -0.563781 0.621859 43.2778 0 0 0 1 
Seq_Frame0113_ForcepToReference-SequenceTransformStatus = OK
Seq_Frame0113_Timestamp = 13.14
Seq_Frame0114_ForcepToReference-SequenceTransform =0.0700039 -0.771783 -0.632021 11.7332 0.733324 -0.389704 0.557106 161.066 -0.676266 -0.502475 0.538686 32.6651 0 0 0 1 
Seq_Frame0114_ForcepToReference-SequenceTransformStatus = OK
Seq_Frame0114_Timestamp = 13.242
Seq_Frame0115_ForcepToReference-SequenceTransform =0.0411954 -0.732616 -0.679394 11.7415 0.660267 -0.490383 0.568834 155.291 -0.749901 -0.472015 0.46352 31.4311 0 0 0 1 
Seq_Frame0115_ForcepToReference-SequenceTransformStatus = OK
Seq_Frame0115_Timestamp = 13.354
Seq_Frame0116_ForcepToReference-SequenceTransform =0.0215073 -0.707138 -0.706748 11.5835 0.645612 -0.529932 0.549871 156.532 -0.763363 -0.468111 0.445139 33.5641 0 0 0 1 
Seq_Frame0116_ForcepToReference-SequenceTransformStatus = OK
Seq_Frame0116_Timestamp = 13.46
Seq_Frame0117_ForcepToReference-SequenceTransform =0.0114669 -0.684348 -0.729065 12.7103 0.639439 -0.555529 0.531513 158.984 -0.768757 -0.472287 0.431228 35.5118 0 0 0 1 
Seq_Frame0117_ForcepToReference-SequenceTransformStatus = OK
Seq_Frame0117_Timestamp = 13.572
Seq_Frame0118_ForcepToReference-SequenceTransform =0.0117263 -0.674233 -0.738425 12.9822 0.641776 -0.56123 0.522633 159.759 -0.766803 -0.480032 0.426125 35.6972 0 0 0 1 
Seq_Frame0118_ForcepToReference-SequenceTransformStatus = OK
Seq_Frame0118_Timestamp = 13.686
Seq_Frame0119_ForcepToReference-SequenceTransform =0.0224082 -0.663566 -0.747782 14.0666 0.641216 -0.564323 0.519983 160.121 -0.767034 -0.491142 0.412843 37.7652 0 0 0 1 
Seq_Frame0119_ForcepToReference-SequenceTransformStatus = OK
Seq_Frame0119_Timestamp = 13.792
Seq_Frame0120_ForcepToReference-SequenceTransform =0.0235142 -0.66364 -0.747682 15.3243 0.632775 -0.56913 0.525059 160.071 -0.773978 -0.485461 0.406553 39.0818 0 0 0 1 
Seq_Frame0120_ForcepToReference-SequenceTransformStatus = OK
Seq_Frame0120_Timestamp = 13.894
Seq_Frame0121_ForcepToReference-SequenceTransform =0.0359615 -0.65693 -0.753093 16.176 0.634131 -0.567433 0.525259 159.952 -0.772389 -0.496449 0.396174 40.3909 0 0 0 1 
Seq_Frame0121_ForcepToReference-SequenceTransformStatus = OK
Seq_Frame0121_Timestamp = 14.002
Seq_Frame0122_ForcepToReference-SequenceTransform =0.0444049 -0.654146 -0.755064 16.5983 0.62763 -0.569762 0.530521 158.723 -0.777244 -0.497458 0.385261 40.0961 0 0 0 1 
Seq_Frame0122_ForcepToReference-SequenceTransformStatus = OK
Seq_Frame0122_Timestamp = 14.107
Seq_Frame0123_ForcepToReference-SequenceTransform =0.0394479 -0.655278 -0.754357 17.4165 0.624165 -0.57338 0.53071 158.471 -0.780296 -0.491779 0.386383 42.0387 0 0 0 1 
Seq_Frame0123_ForcepToReference-SequenceTransformStatus = OK
Seq_Frame0123_Timestamp = 14.212
Seq_Frame0124_ForcepToReference-SequenceTransform =0.040268 -0.654574 -0.754925 17.999 0.627855 -0.571171 0.528736 159.385 -0.777288 -0.495275 0.387977 43.5472 0 0 0 1 
Seq_Frame0124_ForcepToReference-SequenceTransformStatus = OK
Seq_Frame0124_Timestamp = 14.328
Seq_Frame0125_ForcepToReference-SequenceTransform =0.0443023 -0.652568 -0.756434 18.0191 0.627246 -0.57116 0.52947 158.777 -0.77756 -0.497927 0.384017 43.4696 0 0 0 1 
Seq_Frame0125_ForcepToReference-SequenceTransformStatus = OK
Seq_Frame0125_Timestamp = 14.429
Seq_Frame0126_ForcepToReference-SequenceTransform =0.0424006 -0.653172 -0.756021 18.8483 0.626886 -0.571818 0.529186 158.572 -0.777957 -0.496377 0.385219 45.119 0 0 0 1 
Seq_Frame0126_ForcepToReference-SequenceTransformStatus = OK
Seq_Frame0126_Timestamp = 14.536
Seq_Frame0127_ForcepToReference-SequenceTransform =0.0555795 -0.656558 -0.752225 19.0619 0.631348 -0.560543 0.535903 157.881 -0.773506 -0.504701 0.383362 46.0175 0 0 0 1 
Seq_Frame0127_ForcepToReference-SequenceTransformStatus = OK
Seq_Frame0127_Timestamp = 14.637
Seq_Frame0128_ForcepToReference-SequenceTransform =0.0696245 -0.65049 -0.756317 20.1017 0.636371 -0.554897 0.535836 157.703 -0.768234 -0.518606 0.375319 47.3221 0 0 0 1 
Seq_Frame0128_ForcepToReference-SequenceTransformStatus = OK
Seq_Frame0128_Timestamp = 14.739
Seq_Frame0129_ForcepToReference-SequenceTransform =0.0736269 -0.654016 -0.752889 21.2988 0.630778 -0.554209 0.543113 156.222 -0.772462 -0.514893 0.371734 49.404 0 0 0 1 
Seq_Frame0129_ForcepToReference-SequenceTransformStatus = OK
Seq_Frame0129_Timestamp = 14.846
Seq_Frame0130_ForcepToReference-SequenceTransform =0.0889517 -0.656447 -0.749109 23.0114 0.617091 -0.55404 0.558783 153.864 -0.781848 -0.511973 0.355805 51.0244 0 0 0 1 
Seq_Frame0130_ForcepToReference-SequenceTransformStatus = OK
Seq_Frame0130_Timestamp = 14.952
Seq_Frame0131_ForcepToReference-SequenceTransform =0.0974506 -0.672449 -0.7337 22.6427 0.596721 -0.550524 0.583821 151.7 -0.796509 -0.494708 0.347616 50.6409 0 0 0 1 
Seq_Frame0131_ForcepToReference-SequenceTransformStatus = OK
Seq_Frame0131_Timestamp = 15.059
Seq_Frame0132_ForcepToReference-SequenceTransform =0.074472 -0.701587 -0.708681 20.225 0.578757 -0.548316 0.603647 147.813 -0.812092 -0.455109 0.365215 44.8497 0 0 0 1 
Seq_Frame0132_ForcepToReference-SequenceTransformStatus = OK
Seq_Frame0132_Timestamp = 15.162
Seq_Frame0133_ForcepToReference-SequenceTransform =0.0303741 -0.780089 -0.624931 9.3286 0.60732 -0.482172 0.631405 146.93 -0.793876 -0.398711 0.459119 29.4354 0 0 0 1 
Seq_Frame0133_ForcepToReference-SequenceTransformStatus = OK
Seq_Frame0133_Timestamp = 15.262
Seq_Frame0134_ForcepToReference-SequenceTransform =-0.0193316 -0.892967 -0.449706 -14.0376 0.723119 -0.323105 0.610494 165.26 -0.690453 -0.313389 0.651967 12.5406 0 0 0 1 
Seq_Frame0134_ForcepToReference-SequenceTransformStatus = OK
Seq_Frame0134_Timestamp = 15.364
Seq_Frame0135_ForcepToReference-SequenceTransform =0.027361 -0.9035 -0.427714 -20.5294 0.811771 -0.229605 0.536945 189.21 -0.583335 -0.361897 0.727152 16.0026 0 0 0 1 
Seq_Frame0135_ForcepToReference-SequenceTransformStatus = OK
Seq_Frame0135_Timestamp = 15.468
Seq_Frame0136_ForcepToReference-SequenceTransform =0.119475 -0.889838 -0.440357 -9.64016 0.873413 -0.116702 0.47279 205.284 -0.472097 -0.4411 0.763253 22.1981 0 0 0 1 
Seq_Frame0136_ForcepToReference-SequenceTransformStatus = OK
Seq_Frame0136_Timestamp = 15.568
Seq_Frame0137_ForcepToReference-SequenceTransform =0.174148 -0.878316 -0.445235 -0.994772 0.908377 -0.0312675 0.416981 211.423 -0.380162 -0.477058 0.792397 16.6802 0 0 0 1 
Seq_Frame0137_ForcepToReference-SequenceTransformStatus = OK
Seq_Frame0137_Timestamp = 15.677
Seq_Frame0138_ForcepToReference-SequenceTransform =0.213858 -0.906556 -0.363896 -1.81005 0.867615 0.00508832 0.497211 193.382 -0.448898 -0.422055 0.787629 -1.34466 0 0 0 1 
Seq_Frame0138_ForcepToReference-SequenceTransformStatus = OK
Seq_Frame0138_Timestamp = 15.778
Seq_Frame0139_ForcepToReference-SequenceTransform =0.229916 -0.918814 -0.320811 5.16137 0.848625 0.0279074 0.528258 184.038 -0.476418 -0.393703 0.786145 -2.97186 0 0 0 1 
Seq_Frame0139_ForcepToReference-SequenceTransformStatus = OK
Seq_Frame0139_Timestamp = 15.886
Seq_Frame0140_ForcepToReference-SequenceTransform =0.226466 -0.915828 -0.331622 15.4084 0.839868 0.0111791 0.542675 184.67 -0.49329 -0.401416 0.771706 5.17951 0 0 0 1 
Seq_Frame0140_ForcepToReference-SequenceTransformStatus = OK
Seq_Frame0140_Timestamp = 15.987
Seq_Frame0141_ForcepToReference-SequenceTransform =0.241294 -0.906856 -0.345527 28.9477 0.839234 0.0162084 0.543528 188.38 -0.487301 -0.421129 0.764976 18.6413 0 0 0 1 
Seq_Frame0141_ForcepToReference-SequenceTransformStatus = OK
Seq_Frame0141_Timestamp = 16.091
Seq_Frame0142_ForcepToReference-SequenceTransform =0.248554 -0.887692 -0.387588 42.4058 0.85436 0.0123795 0.519534 193.457 -0.456388 -0.460271 0.761485 29.5998 0 0 0 1 
Seq_Frame0142_ForcepToReference-SequenceTransformStatus = OK
Seq_Frame0142_Timestamp = 16.195
Seq_Frame0143_ForcepToReference-SequenceTransform =0.263458 -0.870249 -0.416241 55.02 0.854674 0.0104762 0.51906 193.527 -0.447351 -0.492501 0.746539 38.2132 0 0 0 1 
Seq_Frame0143_ForcepToReference-SequenceTransformStatus = OK
Seq_Frame0143_Timestamp = 16.295
Seq_Frame0144_ForcepToReference-SequenceTransform =0.300514 -0.838297 -0.454916 65.2835 0.815953 -0.0210141 0.577736 186.196 -0.493874 -0.544808 0.677696 47.6735 0 0 0 1 
Seq_Frame0144_ForcepToReference-SequenceTransformStatus = OK
Seq_Frame0144_Timestamp = 16.398
Seq_Frame0145_ForcepToReference-SequenceTransform =0.317976 -0.837494 -0.444404 73.3852 0.803934 -0.0102969 0.594629 181.086 -0.502574 -0.546349 0.670016 52.0859 0 0 0 1 
Seq_Frame0145_ForcepToReference-SequenceTransformStatus = OK
Seq_Frame0145_Timestamp = 16.498
Seq_Frame0146_ForcepToReference-SequenceTransform =0.329869 -0.829489 -0.450704 76.1636 0.824062 0.0200957 0.566143 180.284 -0.460552 -0.558161 0.69018 51.6648 0 0 0 1 
Seq_Frame0146_ForcepToReference-SequenceTransformStatus = OK
Seq_Frame0146_Timestamp = 23.158
Seq_Frame0147_ForcepToReference-SequenceTransform =0.329869 -0.829489 -0.450704 76.1636 0.824062 0.0200957 0.566143 180.284 -0.460552 -0.558161 0.69018 51.6648 0 0 0 1 
Seq_Frame0147_ForcepToReference-SequenceTransformStatus = OK
Seq_Frame0147_Timestamp = 23.263
Seq_Frame0148_ForcepToReference-SequenceTransform =0.329869 -0.829489 -0.450704 76.1636 0.824062 0.0200957 0.566143 180.284 -0.460552 -0.558161 0.69018 51.6648 0 0 0 1 
Seq_Frame0148_ForcepToReference-SequenceTransformStatus = OK
Seq_Frame0148_Timestamp = 23.364
Seq_Frame0149_ForcepToReference-SequenceTransform =0.329869 -0.829489 -0.450704 76.1636 0.824062 0.0200957 0.566143 180.284 -0.460552 -0.558161 0.69018 51.6648 0 0 0 1 
Seq_Frame0149_ForcepToReference-SequenceTransformStatus = OK
Seq_Frame0149_Timestamp = 23.467
Seq_Frame0150_ForcepToReference-SequenceTransform =0.329869 -0.829489 -0.450704 76.1636 0.824062 0.0200957 0.566143 180.284 -0.460552 -0.558161 0.69018 51.6648 0 0 0 1 
