ObjectType = Image
NDims = 3
AnatomicalOrientation = RAI
BinaryData = True
CompressedData = False
DimSize = 0 0 5644
ElementSpacing = 1 1 1
Offset = 0 0 0
TransformMatrix = 1 0 0 0 1 0 0 0 1
ElementType = MET_UCHAR
Kinds = domain domain list
Seq_Frame0000_DriverToReference-SequenceTransform =0.132041 -0.895225 -0.425602 39.5716 -0.952595 -0.233326 0.195246 295.964 -0.274093 0.379646 -0.883596 195.06 0 0 0 1 
Seq_Frame0000_DriverToReference-SequenceTransformStatus = OK
Seq_Frame0000_Timestamp = 2.366
Seq_Frame0001_DriverToReference-SequenceTransform =0.103333 -0.83073 -0.547001 49.066 -0.965071 -0.21685 0.14702 312.398 -0.240751 0.512702 -0.824121 203.134 0 0 0 1 
Seq_Frame0001_DriverToReference-SequenceTransformStatus = OK
Seq_Frame0001_Timestamp = 2.471
Seq_Frame0002_DriverToReference-SequenceTransform =-0.01931 -0.827028 -0.561829 70.1306 -0.976346 -0.105437 0.188763 310.82 -0.21535 0.552185 -0.805429 224.476 0 0 0 1 
Seq_Frame0002_DriverToReference-SequenceTransformStatus = OK
Seq_Frame0002_Timestamp = 2.575
Seq_Frame0003_DriverToReference-SequenceTransform =-0.0442984 -0.86201 -0.504952 75.3985 -0.972566 -0.0783311 0.219041 321.708 -0.228369 0.500802 -0.834892 222.113 0 0 0 1 
Seq_Frame0003_DriverToReference-SequenceTransformStatus = OK
Seq_Frame0003_Timestamp = 2.681
Seq_Frame0004_DriverToReference-SequenceTransform =-0.0491195 -0.866099 -0.497453 72.6036 -0.961674 -0.093506 0.257758 329.677 -0.269759 0.491049 -0.828312 223.32 0 0 0 1 
Seq_Frame0004_DriverToReference-SequenceTransformStatus = OK
Seq_Frame0004_Timestamp = 2.791
Seq_Frame0005_DriverToReference-SequenceTransform =-0.00334041 -0.840765 -0.54139 65.8164 -0.958189 -0.15221 0.242291 334.065 -0.286115 0.519563 -0.805104 224.191 0 0 0 1 
Seq_Frame0005_DriverToReference-SequenceTransformStatus = OK
Seq_Frame0005_Timestamp = 2.897
Seq_Frame0006_DriverToReference-SequenceTransform =0.0380784 -0.835703 -0.54786 64.5097 -0.965032 -0.173048 0.196893 329.515 -0.25935 0.521205 -0.81307 226.863 0 0 0 1 
Seq_Frame0006_DriverToReference-SequenceTransformStatus = OK
Seq_Frame0006_Timestamp = 3
Seq_Frame0007_DriverToReference-SequenceTransform =-0.0270004 -0.81071 -0.584825 65.6046 -0.989607 -0.0609848 0.130228 320.091 -0.141243 0.582263 -0.800637 231.359 0 0 0 1 
Seq_Frame0007_DriverToReference-SequenceTransformStatus = OK
Seq_Frame0007_Timestamp = 3.109
Seq_Frame0008_DriverToReference-SequenceTransform =-0.362354 -0.770421 -0.524548 57.6904 -0.932013 0.303846 0.19756 310.707 0.00717717 0.560472 -0.828142 245.156 0 0 0 1 
Seq_Frame0008_DriverToReference-SequenceTransformStatus = OK
Seq_Frame0008_Timestamp = 3.216
Seq_Frame0009_DriverToReference-SequenceTransform =-0.212185 -0.696158 -0.685814 35.2585 -0.937295 0.343551 -0.0587416 307.264 0.276506 0.630346 -0.725402 266.235 0 0 0 1 
Seq_Frame0009_DriverToReference-SequenceTransformStatus = OK
Seq_Frame0009_Timestamp = 3.318
Seq_Frame0010_DriverToReference-SequenceTransform =0.403005 -0.577237 -0.7102 37.8898 -0.82841 0.0997606 -0.551167 308.932 0.389004 0.81046 -0.437984 281.657 0 0 0 1 
Seq_Frame0010_DriverToReference-SequenceTransformStatus = OK
Seq_Frame0010_Timestamp = 3.426
Seq_Frame0011_DriverToReference-SequenceTransform =0.743117 -0.29429 -0.600975 40.9182 -0.636914 -0.0356224 -0.770112 305.451 0.205228 0.955052 -0.213909 280.582 0 0 0 1 
Seq_Frame0011_DriverToReference-SequenceTransformStatus = OK
Seq_Frame0011_Timestamp = 3.53
Seq_Frame0012_DriverToReference-SequenceTransform =0.743117 -0.29429 -0.600975 40.9182 -0.636914 -0.0356224 -0.770112 305.451 0.205228 0.955052 -0.213909 280.582 0 0 0 1 
Seq_Frame0012_DriverToReference-SequenceTransformStatus = OK
Seq_Frame0012_Timestamp = 3.636
Seq_Frame0013_DriverToReference-SequenceTransform =0.743117 -0.29429 -0.600975 40.9182 -0.636914 -0.0356224 -0.770112 305.451 0.205228 0.955052 -0.213909 280.582 0 0 0 1 
Seq_Frame0013_DriverToReference-SequenceTransformStatus = OK
Seq_Frame0013_Timestamp = 3.821
Seq_Frame0014_DriverToReference-SequenceTransform =-0.355717 -0.75497 0.550895 39.1847 -0.29961 0.650457 0.697954 300.017 -0.885268 0.0832204 -0.457575 250.383 0 0 0 1 
Seq_Frame0014_DriverToReference-SequenceTransformStatus = OK
Seq_Frame0014_Timestamp = 3.925
Seq_Frame0015_DriverToReference-SequenceTransform =-0.355717 -0.75497 0.550895 39.1847 -0.29961 0.650457 0.697954 300.017 -0.885268 0.0832204 -0.457575 250.383 0 0 0 1 
Seq_Frame0015_DriverToReference-SequenceTransformStatus = OK
Seq_Frame0015_Timestamp = 4.031
Seq_Frame0016_DriverToReference-SequenceTransform =-0.0241423 -0.490919 -0.870871 77.7079 -0.955915 -0.243674 0.163861 364.856 -0.292651 0.836434 -0.463394 261.993 0 0 0 1 
Seq_Frame0016_DriverToReference-SequenceTransformStatus = OK
Seq_Frame0016_Timestamp = 4.136
Seq_Frame0017_DriverToReference-SequenceTransform =0.0977777 -0.653901 -0.750235 88.2695 -0.935252 -0.318075 0.155342 358.487 -0.340209 0.686471 -0.642663 271.375 0 0 0 1 
Seq_Frame0017_DriverToReference-SequenceTransformStatus = OK
Seq_Frame0017_Timestamp = 4.242
Seq_Frame0018_DriverToReference-SequenceTransform =0.146729 -0.646244 -0.748892 90.2017 -0.936886 -0.333688 0.104389 355.083 -0.317357 0.68631 -0.654419 274.741 0 0 0 1 
Seq_Frame0018_DriverToReference-SequenceTransformStatus = OK
Seq_Frame0018_Timestamp = 4.351
Seq_Frame0019_DriverToReference-SequenceTransform =0.141327 -0.675926 -0.723291 97.0217 -0.936889 -0.327337 0.122838 357.927 -0.319789 0.660284 -0.67953 283.137 0 0 0 1 
Seq_Frame0019_DriverToReference-SequenceTransformStatus = OK
Seq_Frame0019_Timestamp = 4.456
Seq_Frame0020_DriverToReference-SequenceTransform =0.191368 -0.688828 -0.69921 103.733 -0.931719 -0.351519 0.0912947 357.664 -0.308672 0.633996 -0.709063 294.298 0 0 0 1 
Seq_Frame0020_DriverToReference-SequenceTransformStatus = OK
Seq_Frame0020_Timestamp = 4.559
Seq_Frame0021_DriverToReference-SequenceTransform =0.216404 -0.688837 -0.691862 104.408 -0.92147 -0.378261 0.0883846 355.556 -0.322587 0.618403 -0.7166 299.214 0 0 0 1 
Seq_Frame0021_DriverToReference-SequenceTransformStatus = OK
Seq_Frame0021_Timestamp = 4.666
Seq_Frame0022_DriverToReference-SequenceTransform =0.251282 -0.654466 -0.713114 97.48 -0.913806 -0.40329 0.0481223 353.159 -0.319086 0.639555 -0.699395 299.779 0 0 0 1 
Seq_Frame0022_DriverToReference-SequenceTransformStatus = OK
Seq_Frame0022_Timestamp = 4.768
Seq_Frame0023_DriverToReference-SequenceTransform =0.241667 -0.654527 -0.716374 98.3455 -0.924784 -0.378948 0.0342585 352.579 -0.293892 0.654212 -0.696875 300.611 0 0 0 1 
Seq_Frame0023_DriverToReference-SequenceTransformStatus = OK
Seq_Frame0023_Timestamp = 4.876
Seq_Frame0024_DriverToReference-SequenceTransform =0.202902 -0.67203 -0.712185 103.005 -0.921879 -0.376291 0.0924306 354.182 -0.330105 0.637794 -0.69588 302.29 0 0 0 1 
Seq_Frame0024_DriverToReference-SequenceTransformStatus = OK
Seq_Frame0024_Timestamp = 4.981
Seq_Frame0025_DriverToReference-SequenceTransform =0.200046 -0.687051 -0.698529 105.901 -0.930773 -0.355928 0.0835232 356.12 -0.306011 0.633463 -0.710691 305.328 0 0 0 1 
Seq_Frame0025_DriverToReference-SequenceTransformStatus = OK
Seq_Frame0025_Timestamp = 5.086
Seq_Frame0026_DriverToReference-SequenceTransform =0.194122 -0.693493 -0.693818 106.261 -0.928641 -0.357843 0.0978526 356.655 -0.316138 0.625313 -0.713471 305.954 0 0 0 1 
Seq_Frame0026_DriverToReference-SequenceTransformStatus = OK
Seq_Frame0026_Timestamp = 5.191
Seq_Frame0027_DriverToReference-SequenceTransform =0.181298 -0.684425 -0.706183 107.719 -0.934076 -0.344466 0.0940476 357.723 -0.307624 0.642578 -0.701756 307.147 0 0 0 1 
Seq_Frame0027_DriverToReference-SequenceTransformStatus = OK
Seq_Frame0027_Timestamp = 5.296
Seq_Frame0028_DriverToReference-SequenceTransform =0.166019 -0.689991 -0.704522 107.908 -0.925629 -0.355416 0.129963 358.564 -0.340072 0.630549 -0.697681 307.508 0 0 0 1 
Seq_Frame0028_DriverToReference-SequenceTransformStatus = OK
Seq_Frame0028_Timestamp = 5.401
Seq_Frame0029_DriverToReference-SequenceTransform =0.166699 -0.705922 -0.688393 109.62 -0.924945 -0.35383 0.138858 359.004 -0.341597 0.613578 -0.711922 307.513 0 0 0 1 
Seq_Frame0029_DriverToReference-SequenceTransformStatus = OK
Seq_Frame0029_Timestamp = 5.511
Seq_Frame0030_DriverToReference-SequenceTransform =0.159232 -0.703331 -0.692799 109.509 -0.930226 -0.341918 0.133313 358.137 -0.330643 0.623232 -0.708701 307.277 0 0 0 1 
Seq_Frame0030_DriverToReference-SequenceTransformStatus = OK
Seq_Frame0030_Timestamp = 5.616
Seq_Frame0031_DriverToReference-SequenceTransform =0.158587 -0.701732 -0.694566 109.262 -0.929942 -0.342526 0.133731 357.655 -0.33175 0.624699 -0.70689 306.581 0 0 0 1 
Seq_Frame0031_DriverToReference-SequenceTransformStatus = OK
Seq_Frame0031_Timestamp = 5.726
Seq_Frame0032_DriverToReference-SequenceTransform =0.159594 -0.703445 -0.6926 109.629 -0.931744 -0.339143 0.129754 357.312 -0.326165 0.624617 -0.709556 307.028 0 0 0 1 
Seq_Frame0032_DriverToReference-SequenceTransformStatus = OK
Seq_Frame0032_Timestamp = 5.831
Seq_Frame0033_DriverToReference-SequenceTransform =0.152011 -0.709957 -0.687643 110.423 -0.938185 -0.32254 0.12561 357.367 -0.31097 0.626042 -0.715101 307.518 0 0 0 1 
Seq_Frame0033_DriverToReference-SequenceTransformStatus = OK
Seq_Frame0033_Timestamp = 5.941
Seq_Frame0034_DriverToReference-SequenceTransform =0.149859 -0.709445 -0.688644 110.23 -0.937234 -0.323738 0.129561 357.291 -0.314857 0.626004 -0.713431 307.023 0 0 0 1 
Seq_Frame0034_DriverToReference-SequenceTransformStatus = OK
Seq_Frame0034_Timestamp = 6.047
Seq_Frame0035_DriverToReference-SequenceTransform =0.142609 -0.70675 -0.692941 110.112 -0.933961 -0.32787 0.142193 357.151 -0.32769 0.626901 -0.706834 306.855 0 0 0 1 
Seq_Frame0035_DriverToReference-SequenceTransformStatus = OK
Seq_Frame0035_Timestamp = 6.15
Seq_Frame0036_DriverToReference-SequenceTransform =0.148295 -0.709119 -0.689318 110.361 -0.941348 -0.314852 0.121381 357.575 -0.303106 0.630888 -0.714218 306.803 0 0 0 1 
Seq_Frame0036_DriverToReference-SequenceTransformStatus = OK
Seq_Frame0036_Timestamp = 6.256
Seq_Frame0037_DriverToReference-SequenceTransform =0.149826 -0.710067 -0.68801 110.316 -0.940369 -0.317271 0.122662 357.613 -0.305383 0.628605 -0.71526 307.149 0 0 0 1 
Seq_Frame0037_DriverToReference-SequenceTransformStatus = OK
Seq_Frame0037_Timestamp = 6.361
Seq_Frame0038_DriverToReference-SequenceTransform =0.139908 -0.711405 -0.688715 110.371 -0.934958 -0.323922 0.144663 357.632 -0.326004 0.62368 -0.710454 307.283 0 0 0 1 
Seq_Frame0038_DriverToReference-SequenceTransformStatus = OK
Seq_Frame0038_Timestamp = 6.471
Seq_Frame0039_DriverToReference-SequenceTransform =0.142774 -0.71464 -0.684767 110.703 -0.939356 -0.315799 0.13372 358.281 -0.311811 0.624148 -0.716389 307.295 0 0 0 1 
Seq_Frame0039_DriverToReference-SequenceTransformStatus = OK
Seq_Frame0039_Timestamp = 6.576
Seq_Frame0040_DriverToReference-SequenceTransform =0.145549 -0.718151 -0.680496 111.287 -0.938928 -0.317049 0.133769 358.849 -0.311816 0.619467 -0.720438 307.75 0 0 0 1 
Seq_Frame0040_DriverToReference-SequenceTransformStatus = OK
Seq_Frame0040_Timestamp = 6.684
Seq_Frame0041_DriverToReference-SequenceTransform =0.144832 -0.719252 -0.679486 111.388 -0.936644 -0.321019 0.140162 358.77 -0.31894 0.616136 -0.720176 308.27 0 0 0 1 
Seq_Frame0041_DriverToReference-SequenceTransformStatus = OK
Seq_Frame0041_Timestamp = 6.791
Seq_Frame0042_DriverToReference-SequenceTransform =0.146611 -0.717833 -0.680603 111.236 -0.934864 -0.325434 0.141854 359.197 -0.323319 0.615474 -0.718788 308.574 0 0 0 1 
Seq_Frame0042_DriverToReference-SequenceTransformStatus = OK
Seq_Frame0042_Timestamp = 6.896
Seq_Frame0043_DriverToReference-SequenceTransform =0.14782 -0.717483 -0.680711 111.038 -0.932245 -0.330912 0.146346 359.394 -0.330256 0.612957 -0.717785 308.745 0 0 0 1 
Seq_Frame0043_DriverToReference-SequenceTransformStatus = OK
Seq_Frame0043_Timestamp = 7.001
Seq_Frame0044_DriverToReference-SequenceTransform =0.148716 -0.716984 -0.681041 111.22 -0.934412 -0.3273 0.140531 359.091 -0.323663 0.615474 -0.718633 308.665 0 0 0 1 
Seq_Frame0044_DriverToReference-SequenceTransformStatus = OK
Seq_Frame0044_Timestamp = 7.111
Seq_Frame0045_DriverToReference-SequenceTransform =0.155623 -0.717126 -0.679346 111.309 -0.939386 -0.320137 0.122748 358.53 -0.30551 0.619066 -0.723479 308.829 0 0 0 1 
Seq_Frame0045_DriverToReference-SequenceTransformStatus = OK
Seq_Frame0045_Timestamp = 7.216
Seq_Frame0046_DriverToReference-SequenceTransform =0.149388 -0.720718 -0.676941 112.577 -0.933385 -0.328719 0.143997 356.964 -0.326305 0.610335 -0.721814 307.176 0 0 0 1 
Seq_Frame0046_DriverToReference-SequenceTransformStatus = OK
Seq_Frame0046_Timestamp = 7.321
Seq_Frame0047_DriverToReference-SequenceTransform =0.177724 -0.716813 -0.674235 111.538 -0.944695 -0.316168 0.0871193 350.158 -0.27562 0.621463 -0.73336 295.087 0 0 0 1 
Seq_Frame0047_DriverToReference-SequenceTransformStatus = OK
Seq_Frame0047_Timestamp = 7.427
Seq_Frame0048_DriverToReference-SequenceTransform =0.283379 -0.631658 -0.721599 104.541 -0.948063 -0.297876 -0.111566 333.627 -0.144475 0.715736 -0.683263 267.688 0 0 0 1 
Seq_Frame0048_DriverToReference-SequenceTransformStatus = OK
Seq_Frame0048_Timestamp = 7.531
Seq_Frame0049_DriverToReference-SequenceTransform =0.497551 -0.516713 -0.696743 101.383 -0.860196 -0.190358 -0.473103 309.636 0.111828 0.834728 -0.539187 241.488 0 0 0 1 
Seq_Frame0049_DriverToReference-SequenceTransformStatus = OK
Seq_Frame0049_Timestamp = 7.634
Seq_Frame0050_DriverToReference-SequenceTransform =0.669012 -0.325584 -0.668145 94.5746 -0.732877 -0.139297 -0.665949 296.089 0.123752 0.935196 -0.331805 233.701 0 0 0 1 
Seq_Frame0050_DriverToReference-SequenceTransformStatus = OK
Seq_Frame0050_Timestamp = 7.741
Seq_Frame0051_DriverToReference-SequenceTransform =0.669012 -0.325584 -0.668145 94.5746 -0.732877 -0.139297 -0.665949 296.089 0.123752 0.935196 -0.331805 233.701 0 0 0 1 
Seq_Frame0051_DriverToReference-SequenceTransformStatus = OK
Seq_Frame0051_Timestamp = 7.846
Seq_Frame0052_DriverToReference-SequenceTransform =0.669012 -0.325584 -0.668145 94.5746 -0.732877 -0.139297 -0.665949 296.089 0.123752 0.935196 -0.331805 233.701 0 0 0 1 
Seq_Frame0052_DriverToReference-SequenceTransformStatus = OK
Seq_Frame0052_Timestamp = 7.951
Seq_Frame0053_DriverToReference-SequenceTransform =0.669012 -0.325584 -0.668145 94.5746 -0.732877 -0.139297 -0.665949 296.089 0.123752 0.935196 -0.331805 233.701 0 0 0 1 
Seq_Frame0053_DriverToReference-SequenceTransformStatus = OK
Seq_Frame0053_Timestamp = 8.756
Seq_Frame0054_DriverToReference-SequenceTransform =0.334824 -0.375948 -0.864035 121.874 -0.935101 -0.245549 -0.255523 294.236 -0.1161 0.893515 -0.433765 173.616 0 0 0 1 
Seq_Frame0054_DriverToReference-SequenceTransformStatus = OK
Seq_Frame0054_Timestamp = 8.865
Seq_Frame0055_DriverToReference-SequenceTransform =-0.0772389 -0.581399 -0.809944 147.392 -0.953742 -0.193642 0.229953 319.355 -0.290534 0.790239 -0.539548 171.944 0 0 0 1 
Seq_Frame0055_DriverToReference-SequenceTransformStatus = OK
Seq_Frame0055_Timestamp = 8.971
Seq_Frame0056_DriverToReference-SequenceTransform =-0.142129 -0.619753 -0.77182 153.124 -0.956945 -0.113338 0.267227 324.283 -0.253091 0.77657 -0.576961 170.586 0 0 0 1 
Seq_Frame0056_DriverToReference-SequenceTransformStatus = OK
Seq_Frame0056_Timestamp = 9.081
Seq_Frame0057_DriverToReference-SequenceTransform =-0.158191 -0.601693 -0.782906 154.387 -0.967417 -0.0642974 0.244888 324.598 -0.197686 0.796135 -0.571916 170.805 0 0 0 1 
Seq_Frame0057_DriverToReference-SequenceTransformStatus = OK
Seq_Frame0057_Timestamp = 9.186
Seq_Frame0058_DriverToReference-SequenceTransform =-0.249845 -0.66173 -0.706888 161.013 -0.949845 0.0256966 0.311662 320.281 -0.188071 0.749302 -0.634961 166.466 0 0 0 1 
Seq_Frame0058_DriverToReference-SequenceTransformStatus = OK
Seq_Frame0058_Timestamp = 9.296
Seq_Frame0059_DriverToReference-SequenceTransform =-0.293592 -0.745234 -0.59869 166.752 -0.933951 0.0900894 0.34586 316.668 -0.203811 0.660689 -0.722462 168.763 0 0 0 1 
Seq_Frame0059_DriverToReference-SequenceTransformStatus = OK
Seq_Frame0059_Timestamp = 9.401
Seq_Frame0060_DriverToReference-SequenceTransform =-0.130155 -0.510322 -0.850077 147.83 -0.988081 -0.00431337 0.153874 315.839 -0.0821918 0.859972 -0.503679 162.458 0 0 0 1 
Seq_Frame0060_DriverToReference-SequenceTransformStatus = OK
Seq_Frame0060_Timestamp = 9.506
Seq_Frame0061_DriverToReference-SequenceTransform =-0.114824 -0.420328 -0.900078 140.865 -0.992343 0.00703486 0.12331 325.837 -0.0454986 0.907345 -0.417917 165.612 0 0 0 1 
Seq_Frame0061_DriverToReference-SequenceTransformStatus = OK
Seq_Frame0061_Timestamp = 9.616
Seq_Frame0062_DriverToReference-SequenceTransform =-0.306324 -0.468359 -0.828737 150.272 -0.946851 0.0601237 0.316003 339.824 -0.0981763 0.88149 -0.461884 171.568 0 0 0 1 
Seq_Frame0062_DriverToReference-SequenceTransformStatus = OK
Seq_Frame0062_Timestamp = 9.721
Seq_Frame0063_DriverToReference-SequenceTransform =-0.5226 -0.480799 -0.704075 161.21 -0.84333 0.170212 0.509727 348.917 -0.125234 0.860151 -0.494425 178.189 0 0 0 1 
Seq_Frame0063_DriverToReference-SequenceTransformStatus = OK
Seq_Frame0063_Timestamp = 9.831
Seq_Frame0064_DriverToReference-SequenceTransform =-0.651243 -0.498804 -0.571907 175.774 -0.74674 0.287011 0.600004 350.663 -0.135141 0.817814 -0.559391 185.223 0 0 0 1 
Seq_Frame0064_DriverToReference-SequenceTransformStatus = OK
Seq_Frame0064_Timestamp = 9.935
Seq_Frame0065_DriverToReference-SequenceTransform =-0.561941 -0.525653 -0.63868 166.077 -0.814369 0.216218 0.538566 352.242 -0.145005 0.822763 -0.549577 183.472 0 0 0 1 
Seq_Frame0065_DriverToReference-SequenceTransformStatus = OK
Seq_Frame0065_Timestamp = 10.041
Seq_Frame0066_DriverToReference-SequenceTransform =0.0283465 -0.471424 -0.881451 119.846 -0.997814 -0.0660137 0.0032173 346.055 -0.0597046 0.879433 -0.472264 173.382 0 0 0 1 
Seq_Frame0066_DriverToReference-SequenceTransformStatus = OK
Seq_Frame0066_Timestamp = 10.147
Seq_Frame0067_DriverToReference-SequenceTransform =0.433527 -0.235008 -0.869957 98.1938 -0.900824 -0.138608 -0.411466 325.901 -0.0238852 0.96206 -0.271791 170.122 0 0 0 1 
Seq_Frame0067_DriverToReference-SequenceTransformStatus = OK
Seq_Frame0067_Timestamp = 10.251
Seq_Frame0068_DriverToReference-SequenceTransform =0.433527 -0.235008 -0.869957 98.1938 -0.900824 -0.138608 -0.411466 325.901 -0.0238852 0.96206 -0.271791 170.122 0 0 0 1 
Seq_Frame0068_DriverToReference-SequenceTransformStatus = OK
Seq_Frame0068_Timestamp = 10.356
Seq_Frame0069_DriverToReference-SequenceTransform =0.433527 -0.235008 -0.869957 98.1938 -0.900824 -0.138608 -0.411466 325.901 -0.0238852 0.96206 -0.271791 170.122 0 0 0 1 
Seq_Frame0069_DriverToReference-SequenceTransformStatus = OK
Seq_Frame0069_Timestamp = 10.459
Seq_Frame0070_DriverToReference-SequenceTransform =0.433527 -0.235008 -0.869957 98.1938 -0.900824 -0.138608 -0.411466 325.901 -0.0238852 0.96206 -0.271791 170.122 0 0 0 1 
Seq_Frame0070_DriverToReference-SequenceTransformStatus = OK
Seq_Frame0070_Timestamp = 10.566
Seq_Frame0071_DriverToReference-SequenceTransform =0.433527 -0.235008 -0.869957 98.1938 -0.900824 -0.138608 -0.411466 325.901 -0.0238852 0.96206 -0.271791 170.122 0 0 0 1 
Seq_Frame0071_DriverToReference-SequenceTransformStatus = OK
Seq_Frame0071_Timestamp = 10.671
Seq_Frame0072_DriverToReference-SequenceTransform =0.433527 -0.235008 -0.869957 98.1938 -0.900824 -0.138608 -0.411466 325.901 -0.0238852 0.96206 -0.271791 170.122 0 0 0 1 
Seq_Frame0072_DriverToReference-SequenceTransformStatus = OK
Seq_Frame0072_Timestamp = 10.776
Seq_Frame0073_DriverToReference-SequenceTransform =0.433527 -0.235008 -0.869957 98.1938 -0.900824 -0.138608 -0.411466 325.901 -0.0238852 0.96206 -0.271791 170.122 0 0 0 1 
Seq_Frame0073_DriverToReference-SequenceTransformStatus = OK
Seq_Frame0073_Timestamp = 10.885
Seq_Frame0074_DriverToReference-SequenceTransform =0.433527 -0.235008 -0.869957 98.1938 -0.900824 -0.138608 -0.411466 325.901 -0.0238852 0.96206 -0.271791 170.122 0 0 0 1 
Seq_Frame0074_DriverToReference-SequenceTransformStatus = OK
Seq_Frame0074_Timestamp = 10.99
Seq_Frame0075_DriverToReference-SequenceTransform =0.433527 -0.235008 -0.869957 98.1938 -0.900824 -0.138608 -0.411466 325.901 -0.0238852 0.96206 -0.271791 170.122 0 0 0 1 
Seq_Frame0075_DriverToReference-SequenceTransformStatus = OK
Seq_Frame0075_Timestamp = 11.096
Seq_Frame0076_DriverToReference-SequenceTransform =0.433527 -0.235008 -0.869957 98.1938 -0.900824 -0.138608 -0.411466 325.901 -0.0238852 0.96206 -0.271791 170.122 0 0 0 1 
Seq_Frame0076_DriverToReference-SequenceTransformStatus = OK
Seq_Frame0076_Timestamp = 11.205
Seq_Frame0077_DriverToReference-SequenceTransform =0.433527 -0.235008 -0.869957 98.1938 -0.900824 -0.138608 -0.411466 325.901 -0.0238852 0.96206 -0.271791 170.122 0 0 0 1 
Seq_Frame0077_DriverToReference-SequenceTransformStatus = OK
Seq_Frame0077_Timestamp = 11.315
Seq_Frame0078_DriverToReference-SequenceTransform =-0.600519 -0.769031 -0.219014 167.016 -0.676626 0.342769 0.651679 338.598 -0.42609 0.539537 -0.726187 183.209 0 0 0 1 
Seq_Frame0078_DriverToReference-SequenceTransformStatus = OK
Seq_Frame0078_Timestamp = 11.421
Seq_Frame0079_DriverToReference-SequenceTransform =0.153472 -0.726464 -0.669848 125.868 -0.971884 -0.233474 0.0305342 332.989 -0.178574 0.646328 -0.74187 172.816 0 0 0 1 
Seq_Frame0079_DriverToReference-SequenceTransformStatus = OK
Seq_Frame0079_Timestamp = 11.526
Seq_Frame0080_DriverToReference-SequenceTransform =0.657809 -0.305802 -0.688311 111.68 -0.741739 -0.421728 -0.521506 299.047 -0.130803 0.853599 -0.504242 176.748 0 0 0 1 
Seq_Frame0080_DriverToReference-SequenceTransformStatus = OK
Seq_Frame0080_Timestamp = 11.631
Seq_Frame0081_DriverToReference-SequenceTransform =0.787609 -0.106823 -0.606845 99.6594 -0.570287 -0.499321 -0.652266 286.26 -0.233334 0.859806 -0.45419 177.52 0 0 0 1 
Seq_Frame0081_DriverToReference-SequenceTransformStatus = OK
Seq_Frame0081_Timestamp = 11.734
Seq_Frame0082_DriverToReference-SequenceTransform =0.85822 0.361227 -0.364655 85.5628 -0.160313 -0.486257 -0.858984 244.985 -0.487604 0.795657 -0.359406 191.216 0 0 0 1 
Seq_Frame0082_DriverToReference-SequenceTransformStatus = OK
Seq_Frame0082_Timestamp = 11.846
Seq_Frame0083_DriverToReference-SequenceTransform =0.808491 0.543314 -0.226169 94.172 0.00962509 -0.396465 -0.917999 218.951 -0.588431 0.740017 -0.325768 195.288 0 0 0 1 
Seq_Frame0083_DriverToReference-SequenceTransformStatus = OK
Seq_Frame0083_Timestamp = 11.96
Seq_Frame0084_DriverToReference-SequenceTransform =0.80354 0.555626 -0.213551 91.1141 -0.00743173 -0.349365 -0.936957 209.908 -0.595205 0.754469 -0.276599 193.32 0 0 0 1 
Seq_Frame0084_DriverToReference-SequenceTransformStatus = OK
Seq_Frame0084_Timestamp = 12.067
Seq_Frame0085_DriverToReference-SequenceTransform =0.854437 0.461002 -0.239612 84.1255 -0.150718 -0.221425 -0.96346 206.763 -0.497213 0.85933 -0.119713 189.301 0 0 0 1 
Seq_Frame0085_DriverToReference-SequenceTransformStatus = OK
Seq_Frame0085_Timestamp = 12.181
Seq_Frame0086_DriverToReference-SequenceTransform =0.816486 0.519334 -0.252276 82.599 -0.165402 -0.208236 -0.963992 205.811 -0.553166 0.828813 -0.084123 188.81 0 0 0 1 
Seq_Frame0086_DriverToReference-SequenceTransformStatus = OK
Seq_Frame0086_Timestamp = 12.816
Seq_Frame0087_DriverToReference-SequenceTransform =0.816486 0.519334 -0.252276 82.599 -0.165402 -0.208236 -0.963992 205.811 -0.553166 0.828813 -0.084123 188.81 0 0 0 1 
Seq_Frame0087_DriverToReference-SequenceTransformStatus = OK
Seq_Frame0087_Timestamp = 12.921
Seq_Frame0088_DriverToReference-SequenceTransform =0.816486 0.519334 -0.252276 82.599 -0.165402 -0.208236 -0.963992 205.811 -0.553166 0.828813 -0.084123 188.81 0 0 0 1 
Seq_Frame0088_DriverToReference-SequenceTransformStatus = OK
Seq_Frame0088_Timestamp = 13.026
Seq_Frame0089_DriverToReference-SequenceTransform =0.816486 0.519334 -0.252276 82.599 -0.165402 -0.208236 -0.963992 205.811 -0.553166 0.828813 -0.084123 188.81 0 0 0 1 
Seq_Frame0089_DriverToReference-SequenceTransformStatus = OK
Seq_Frame0089_Timestamp = 13.131
Seq_Frame0090_DriverToReference-SequenceTransform =0.816486 0.519334 -0.252276 82.599 -0.165402 -0.208236 -0.963992 205.811 -0.553166 0.828813 -0.084123 188.81 0 0 0 1 
Seq_Frame0090_DriverToReference-SequenceTransformStatus = OK
Seq_Frame0090_Timestamp = 13.236
Seq_Frame0091_DriverToReference-SequenceTransform =0.816486 0.519334 -0.252276 82.599 -0.165402 -0.208236 -0.963992 205.811 -0.553166 0.828813 -0.084123 188.81 0 0 0 1 
Seq_Frame0091_DriverToReference-SequenceTransformStatus = OK
Seq_Frame0091_Timestamp = 13.66
Seq_Frame0092_DriverToReference-SequenceTransform =0.816486 0.519334 -0.252276 82.599 -0.165402 -0.208236 -0.963992 205.811 -0.553166 0.828813 -0.084123 188.81 0 0 0 1 
Seq_Frame0092_DriverToReference-SequenceTransformStatus = OK
Seq_Frame0092_Timestamp = 13.766
Seq_Frame0093_DriverToReference-SequenceTransform =0.816486 0.519334 -0.252276 82.599 -0.165402 -0.208236 -0.963992 205.811 -0.553166 0.828813 -0.084123 188.81 0 0 0 1 
Seq_Frame0093_DriverToReference-SequenceTransformStatus = OK
Seq_Frame0093_Timestamp = 13.871
Seq_Frame0094_DriverToReference-SequenceTransform =0.816486 0.519334 -0.252276 82.599 -0.165402 -0.208236 -0.963992 205.811 -0.553166 0.828813 -0.084123 188.81 0 0 0 1 
Seq_Frame0094_DriverToReference-SequenceTransformStatus = OK
Seq_Frame0094_Timestamp = 13.976
Seq_Frame0095_DriverToReference-SequenceTransform =0.816486 0.519334 -0.252276 82.599 -0.165402 -0.208236 -0.963992 205.811 -0.553166 0.828813 -0.084123 188.81 0 0 0 1 
Seq_Frame0095_DriverToReference-SequenceTransformStatus = OK
Seq_Frame0095_Timestamp = 14.081
Seq_Frame0096_DriverToReference-SequenceTransform =0.816486 0.519334 -0.252276 82.599 -0.165402 -0.208236 -0.963992 205.811 -0.553166 0.828813 -0.084123 188.81 0 0 0 1 
Seq_Frame0096_DriverToReference-SequenceTransformStatus = OK
Seq_Frame0096_Timestamp = 14.191
Seq_Frame0097_DriverToReference-SequenceTransform =0.816486 0.519334 -0.252276 82.599 -0.165402 -0.208236 -0.963992 205.811 -0.553166 0.828813 -0.084123 188.81 0 0 0 1 
Seq_Frame0097_DriverToReference-SequenceTransformStatus = OK
Seq_Frame0097_Timestamp = 14.293
Seq_Frame0098_DriverToReference-SequenceTransform =0.816486 0.519334 -0.252276 82.599 -0.165402 -0.208236 -0.963992 205.811 -0.553166 0.828813 -0.084123 188.81 0 0 0 1 
Seq_Frame0098_DriverToReference-SequenceTransformStatus = OK
Seq_Frame0098_Timestamp = 14.394
Seq_Frame0099_DriverToReference-SequenceTransform =0.816486 0.519334 -0.252276 82.599 -0.165402 -0.208236 -0.963992 205.811 -0.553166 0.828813 -0.084123 188.81 0 0 0 1 
Seq_Frame0099_DriverToReference-SequenceTransformStatus = OK
Seq_Frame0099_Timestamp = 14.506
Seq_Frame0100_DriverToReference-SequenceTransform =0.816486 0.519334 -0.252276 82.599 -0.165402 -0.208236 -0.963992 205.811 -0.553166 0.828813 -0.084123 188.81 0 0 0 1 
Seq_Frame0100_DriverToReference-SequenceTransformStatus = OK
Seq_Frame0100_Timestamp = 14.836
Seq_Frame0101_DriverToReference-SequenceTransform =0.816486 0.519334 -0.252276 82.599 -0.165402 -0.208236 -0.963992 205.811 -0.553166 0.828813 -0.084123 188.81 0 0 0 1 
Seq_Frame0101_DriverToReference-SequenceTransformStatus = OK
Seq_Frame0101_Timestamp = 14.941
Seq_Frame0102_DriverToReference-SequenceTransform =0.816486 0.519334 -0.252276 82.599 -0.165402 -0.208236 -0.963992 205.811 -0.553166 0.828813 -0.084123 188.81 0 0 0 1 
Seq_Frame0102_DriverToReference-SequenceTransformStatus = OK
Seq_Frame0102_Timestamp = 15.047
Seq_Frame0103_DriverToReference-SequenceTransform =0.816486 0.519334 -0.252276 82.599 -0.165402 -0.208236 -0.963992 205.811 -0.553166 0.828813 -0.084123 188.81 0 0 0 1 
Seq_Frame0103_DriverToReference-SequenceTransformStatus = OK
Seq_Frame0103_Timestamp = 15.171
Seq_Frame0104_DriverToReference-SequenceTransform =0.816486 0.519334 -0.252276 82.599 -0.165402 -0.208236 -0.963992 205.811 -0.553166 0.828813 -0.084123 188.81 0 0 0 1 
Seq_Frame0104_DriverToReference-SequenceTransformStatus = OK
Seq_Frame0104_Timestamp = 15.275
Seq_Frame0105_DriverToReference-SequenceTransform =0.816486 0.519334 -0.252276 82.599 -0.165402 -0.208236 -0.963992 205.811 -0.553166 0.828813 -0.084123 188.81 0 0 0 1 
Seq_Frame0105_DriverToReference-SequenceTransformStatus = OK
Seq_Frame0105_Timestamp = 15.381
Seq_Frame0106_DriverToReference-SequenceTransform =0.816486 0.519334 -0.252276 82.599 -0.165402 -0.208236 -0.963992 205.811 -0.553166 0.828813 -0.084123 188.81 0 0 0 1 
Seq_Frame0106_DriverToReference-SequenceTransformStatus = OK
Seq_Frame0106_Timestamp = 15.486
Seq_Frame0107_DriverToReference-SequenceTransform =0.816486 0.519334 -0.252276 82.599 -0.165402 -0.208236 -0.963992 205.811 -0.553166 0.828813 -0.084123 188.81 0 0 0 1 
Seq_Frame0107_DriverToReference-SequenceTransformStatus = OK
Seq_Frame0107_Timestamp = 15.591
Seq_Frame0108_DriverToReference-SequenceTransform =0.816486 0.519334 -0.252276 82.599 -0.165402 -0.208236 -0.963992 205.811 -0.553166 0.828813 -0.084123 188.81 0 0 0 1 
Seq_Frame0108_DriverToReference-SequenceTransformStatus = OK
Seq_Frame0108_Timestamp = 15.7
Seq_Frame0109_DriverToReference-SequenceTransform =0.816486 0.519334 -0.252276 82.599 -0.165402 -0.208236 -0.963992 205.811 -0.553166 0.828813 -0.084123 188.81 0 0 0 1 
Seq_Frame0109_DriverToReference-SequenceTransformStatus = OK
Seq_Frame0109_Timestamp = 15.806
Seq_Frame0110_DriverToReference-SequenceTransform =0.816486 0.519334 -0.252276 82.599 -0.165402 -0.208236 -0.963992 205.811 -0.553166 0.828813 -0.084123 188.81 0 0 0 1 
Seq_Frame0110_DriverToReference-SequenceTransformStatus = OK
Seq_Frame0110_Timestamp = 15.916
Seq_Frame0111_DriverToReference-SequenceTransform =0.816486 0.519334 -0.252276 82.599 -0.165402 -0.208236 -0.963992 205.811 -0.553166 0.828813 -0.084123 188.81 0 0 0 1 
Seq_Frame0111_DriverToReference-SequenceTransformStatus = OK
Seq_Frame0111_Timestamp = 16.026
Seq_Frame0112_DriverToReference-SequenceTransform =0.816486 0.519334 -0.252276 82.599 -0.165402 -0.208236 -0.963992 205.811 -0.553166 0.828813 -0.084123 188.81 0 0 0 1 
Seq_Frame0112_DriverToReference-SequenceTransformStatus = OK
Seq_Frame0112_Timestamp = 16.131
Seq_Frame0113_DriverToReference-SequenceTransform =0.816486 0.519334 -0.252276 82.599 -0.165402 -0.208236 -0.963992 205.811 -0.553166 0.828813 -0.084123 188.81 0 0 0 1 
Seq_Frame0113_DriverToReference-SequenceTransformStatus = OK
Seq_Frame0113_Timestamp = 16.234
Seq_Frame0114_DriverToReference-SequenceTransform =0.816486 0.519334 -0.252276 82.599 -0.165402 -0.208236 -0.963992 205.811 -0.553166 0.828813 -0.084123 188.81 0 0 0 1 
Seq_Frame0114_DriverToReference-SequenceTransformStatus = OK
Seq_Frame0114_Timestamp = 16.485
Seq_Frame0115_DriverToReference-SequenceTransform =0.816486 0.519334 -0.252276 82.599 -0.165402 -0.208236 -0.963992 205.811 -0.553166 0.828813 -0.084123 188.81 0 0 0 1 
Seq_Frame0115_DriverToReference-SequenceTransformStatus = OK
Seq_Frame0115_Timestamp = 16.895
Seq_Frame0116_DriverToReference-SequenceTransform =0.816486 0.519334 -0.252276 82.599 -0.165402 -0.208236 -0.963992 205.811 -0.553166 0.828813 -0.084123 188.81 0 0 0 1 
Seq_Frame0116_DriverToReference-SequenceTransformStatus = OK
Seq_Frame0116_Timestamp = 17.001
Seq_Frame0117_DriverToReference-SequenceTransform =0.816486 0.519334 -0.252276 82.599 -0.165402 -0.208236 -0.963992 205.811 -0.553166 0.828813 -0.084123 188.81 0 0 0 1 
Seq_Frame0117_DriverToReference-SequenceTransformStatus = OK
Seq_Frame0117_Timestamp = 17.106
Seq_Frame0118_DriverToReference-SequenceTransform =0.816486 0.519334 -0.252276 82.599 -0.165402 -0.208236 -0.963992 205.811 -0.553166 0.828813 -0.084123 188.81 0 0 0 1 
Seq_Frame0118_DriverToReference-SequenceTransformStatus = OK
Seq_Frame0118_Timestamp = 17.217
Seq_Frame0119_DriverToReference-SequenceTransform =0.816486 0.519334 -0.252276 82.599 -0.165402 -0.208236 -0.963992 205.811 -0.553166 0.828813 -0.084123 188.81 0 0 0 1 
Seq_Frame0119_DriverToReference-SequenceTransformStatus = OK
Seq_Frame0119_Timestamp = 17.32
Seq_Frame0120_DriverToReference-SequenceTransform =0.816486 0.519334 -0.252276 82.599 -0.165402 -0.208236 -0.963992 205.811 -0.553166 0.828813 -0.084123 188.81 0 0 0 1 
Seq_Frame0120_DriverToReference-SequenceTransformStatus = OK
Seq_Frame0120_Timestamp = 17.426
Seq_Frame0121_DriverToReference-SequenceTransform =0.816486 0.519334 -0.252276 82.599 -0.165402 -0.208236 -0.963992 205.811 -0.553166 0.828813 -0.084123 188.81 0 0 0 1 
Seq_Frame0121_DriverToReference-SequenceTransformStatus = OK
Seq_Frame0121_Timestamp = 17.53
Seq_Frame0122_DriverToReference-SequenceTransform =0.816486 0.519334 -0.252276 82.599 -0.165402 -0.208236 -0.963992 205.811 -0.553166 0.828813 -0.084123 188.81 0 0 0 1 
Seq_Frame0122_DriverToReference-SequenceTransformStatus = OK
Seq_Frame0122_Timestamp = 17.636
Seq_Frame0123_DriverToReference-SequenceTransform =0.816486 0.519334 -0.252276 82.599 -0.165402 -0.208236 -0.963992 205.811 -0.553166 0.828813 -0.084123 188.81 0 0 0 1 
Seq_Frame0123_DriverToReference-SequenceTransformStatus = OK
Seq_Frame0123_Timestamp = 17.746
Seq_Frame0124_DriverToReference-SequenceTransform =0.816486 0.519334 -0.252276 82.599 -0.165402 -0.208236 -0.963992 205.811 -0.553166 0.828813 -0.084123 188.81 0 0 0 1 
Seq_Frame0124_DriverToReference-SequenceTransformStatus = OK
Seq_Frame0124_Timestamp = 17.851
Seq_Frame0125_DriverToReference-SequenceTransform =0.816486 0.519334 -0.252276 82.599 -0.165402 -0.208236 -0.963992 205.811 -0.553166 0.828813 -0.084123 188.81 0 0 0 1 
Seq_Frame0125_DriverToReference-SequenceTransformStatus = OK
Seq_Frame0125_Timestamp = 17.96
Seq_Frame0126_DriverToReference-SequenceTransform =0.816486 0.519334 -0.252276 82.599 -0.165402 -0.208236 -0.963992 205.811 -0.553166 0.828813 -0.084123 188.81 0 0 0 1 
Seq_Frame0126_DriverToReference-SequenceTransformStatus = OK
Seq_Frame0126_Timestamp = 18.066
Seq_Frame0127_DriverToReference-SequenceTransform =0.816486 0.519334 -0.252276 82.599 -0.165402 -0.208236 -0.963992 205.811 -0.553166 0.828813 -0.084123 188.81 0 0 0 1 
Seq_Frame0127_DriverToReference-SequenceTransformStatus = OK
Seq_Frame0127_Timestamp = 18.19
Seq_Frame0128_DriverToReference-SequenceTransform =0.816486 0.519334 -0.252276 82.599 -0.165402 -0.208236 -0.963992 205.811 -0.553166 0.828813 -0.084123 188.81 0 0 0 1 
Seq_Frame0128_DriverToReference-SequenceTransformStatus = OK
Seq_Frame0128_Timestamp = 18.296
Seq_Frame0129_DriverToReference-SequenceTransform =0.816486 0.519334 -0.252276 82.599 -0.165402 -0.208236 -0.963992 205.811 -0.553166 0.828813 -0.084123 188.81 0 0 0 1 
Seq_Frame0129_DriverToReference-SequenceTransformStatus = OK
Seq_Frame0129_Timestamp = 18.496
Seq_Frame0130_DriverToReference-SequenceTransform =0.816486 0.519334 -0.252276 82.599 -0.165402 -0.208236 -0.963992 205.811 -0.553166 0.828813 -0.084123 188.81 0 0 0 1 
Seq_Frame0130_DriverToReference-SequenceTransformStatus = OK
Seq_Frame0130_Timestamp = 19.39
Seq_Frame0131_DriverToReference-SequenceTransform =0.816486 0.519334 -0.252276 82.599 -0.165402 -0.208236 -0.963992 205.811 -0.553166 0.828813 -0.084123 188.81 0 0 0 1 
Seq_Frame0131_DriverToReference-SequenceTransformStatus = OK
Seq_Frame0131_Timestamp = 19.496
Seq_Frame0132_DriverToReference-SequenceTransform =0.816486 0.519334 -0.252276 82.599 -0.165402 -0.208236 -0.963992 205.811 -0.553166 0.828813 -0.084123 188.81 0 0 0 1 
Seq_Frame0132_DriverToReference-SequenceTransformStatus = OK
Seq_Frame0132_Timestamp = 19.605
Seq_Frame0133_DriverToReference-SequenceTransform =0.816486 0.519334 -0.252276 82.599 -0.165402 -0.208236 -0.963992 205.811 -0.553166 0.828813 -0.084123 188.81 0 0 0 1 
Seq_Frame0133_DriverToReference-SequenceTransformStatus = OK
Seq_Frame0133_Timestamp = 19.709
Seq_Frame0134_DriverToReference-SequenceTransform =0.816486 0.519334 -0.252276 82.599 -0.165402 -0.208236 -0.963992 205.811 -0.553166 0.828813 -0.084123 188.81 0 0 0 1 
Seq_Frame0134_DriverToReference-SequenceTransformStatus = OK
Seq_Frame0134_Timestamp = 19.818
Seq_Frame0135_DriverToReference-SequenceTransform =0.816486 0.519334 -0.252276 82.599 -0.165402 -0.208236 -0.963992 205.811 -0.553166 0.828813 -0.084123 188.81 0 0 0 1 
Seq_Frame0135_DriverToReference-SequenceTransformStatus = OK
Seq_Frame0135_Timestamp = 20.161
Seq_Frame0136_DriverToReference-SequenceTransform =0.0244744 0.427625 -0.903625 86.5138 0.384004 -0.838574 -0.386439 270.871 -0.923007 -0.337538 -0.184733 239.89 0 0 0 1 
Seq_Frame0136_DriverToReference-SequenceTransformStatus = OK
Seq_Frame0136_Timestamp = 20.286
Seq_Frame0137_DriverToReference-SequenceTransform =-0.0661112 0.454321 -0.888382 79.567 0.469135 -0.771634 -0.429528 259.155 -0.880649 -0.445167 -0.162124 230.681 0 0 0 1 
Seq_Frame0137_DriverToReference-SequenceTransformStatus = OK
Seq_Frame0137_Timestamp = 22.126
Seq_Frame0138_DriverToReference-SequenceTransform =-0.0661112 0.454321 -0.888382 79.567 0.469135 -0.771634 -0.429528 259.155 -0.880649 -0.445167 -0.162124 230.681 0 0 0 1 
Seq_Frame0138_DriverToReference-SequenceTransformStatus = OK
Seq_Frame0138_Timestamp = 22.23
Seq_Frame0139_DriverToReference-SequenceTransform =-0.0661112 0.454321 -0.888382 79.567 0.469135 -0.771634 -0.429528 259.155 -0.880649 -0.445167 -0.162124 230.681 0 0 0 1 
Seq_Frame0139_DriverToReference-SequenceTransformStatus = OK
Seq_Frame0139_Timestamp = 24.036
Seq_Frame0140_DriverToReference-SequenceTransform =-0.0661112 0.454321 -0.888382 79.567 0.469135 -0.771634 -0.429528 259.155 -0.880649 -0.445167 -0.162124 230.681 0 0 0 1 
Seq_Frame0140_DriverToReference-SequenceTransformStatus = OK
Seq_Frame0140_Timestamp = 24.144
Seq_Frame0141_DriverToReference-SequenceTransform =-0.0661112 0.454321 -0.888382 79.567 0.469135 -0.771634 -0.429528 259.155 -0.880649 -0.445167 -0.162124 230.681 0 0 0 1 
Seq_Frame0141_DriverToReference-SequenceTransformStatus = OK
Seq_Frame0141_Timestamp = 24.976
Seq_Frame0142_DriverToReference-SequenceTransform =-0.0661112 0.454321 -0.888382 79.567 0.469135 -0.771634 -0.429528 259.155 -0.880649 -0.445167 -0.162124 230.681 0 0 0 1 
Seq_Frame0142_DriverToReference-SequenceTransformStatus = OK
Seq_Frame0142_Timestamp = 25.08
Seq_Frame0143_DriverToReference-SequenceTransform =-0.0661112 0.454321 -0.888382 79.567 0.469135 -0.771634 -0.429528 259.155 -0.880649 -0.445167 -0.162124 230.681 0 0 0 1 
Seq_Frame0143_DriverToReference-SequenceTransformStatus = OK
Seq_Frame0143_Timestamp = 27.226
Seq_Frame0144_DriverToReference-SequenceTransform =-0.0661112 0.454321 -0.888382 79.567 0.469135 -0.771634 -0.429528 259.155 -0.880649 -0.445167 -0.162124 230.681 0 0 0 1 
Seq_Frame0144_DriverToReference-SequenceTransformStatus = OK
Seq_Frame0144_Timestamp = 27.331
Seq_Frame0145_DriverToReference-SequenceTransform =-0.0661112 0.454321 -0.888382 79.567 0.469135 -0.771634 -0.429528 259.155 -0.880649 -0.445167 -0.162124 230.681 0 0 0 1 
Seq_Frame0145_DriverToReference-SequenceTransformStatus = OK
Seq_Frame0145_Timestamp = 27.996
Seq_Frame0146_DriverToReference-SequenceTransform =-0.0661112 0.454321 -0.888382 79.567 0.469135 -0.771634 -0.429528 259.155 -0.880649 -0.445167 -0.162124 230.681 0 0 0 1 
Seq_Frame0146_DriverToReference-SequenceTransformStatus = OK
Seq_Frame0146_Timestamp = 28.105
Seq_Frame0147_DriverToReference-SequenceTransform =-0.0661112 0.454321 -0.888382 79.567 0.469135 -0.771634 -0.429528 259.155 -0.880649 -0.445167 -0.162124 230.681 0 0 0 1 
Seq_Frame0147_DriverToReference-SequenceTransformStatus = OK
Seq_Frame0147_Timestamp = 28.212
Seq_Frame0148_DriverToReference-SequenceTransform =-0.0661112 0.454321 -0.888382 79.567 0.469135 -0.771634 -0.429528 259.155 -0.880649 -0.445167 -0.162124 230.681 0 0 0 1 
Seq_Frame0148_DriverToReference-SequenceTransformStatus = OK
Seq_Frame0148_Timestamp = 28.336
Seq_Frame0149_DriverToReference-SequenceTransform =-0.0661112 0.454321 -0.888382 79.567 0.469135 -0.771634 -0.429528 259.155 -0.880649 -0.445167 -0.162124 230.681 0 0 0 1 
Seq_Frame0149_DriverToReference-SequenceTransformStatus = OK
Seq_Frame0149_Timestamp = 28.776
Seq_Frame0150_DriverToReference-SequenceTransform =-0.0661112 0.454321 -0.888382 79.567 0.469135 -0.771634 -0.429528 259.155 -0.880649 -0.445167 -0.162124 230.681 0 0 0 1 
