ObjectType = Image
NDims = 3
AnatomicalOrientation = RAI
BinaryData = True
CompressedData = False
DimSize = 0 0 1934
ElementSpacing = 1 1 1
Offset = 0 0 0
TransformMatrix = 1 0 0 0 1 0 0 0 1
ElementType = MET_UCHAR
Kinds = domain domain list
Seq_Frame0000_DriverToReference-SequenceTransform =-0.991344 0.0729018 0.109191 -64.6504 0.131161 0.586918 0.798951 107.627 -0.00584146 0.806357 -0.5914 167.131 0 0 0 1 
Seq_Frame0000_DriverToReference-SequenceTransformStatus = OK
Seq_Frame0000_Timestamp = 0.00300002
Seq_Frame0001_DriverToReference-SequenceTransform =-0.98816 0.090797 0.123679 -65.9589 0.153429 0.585471 0.796042 106.203 -0.000132372 0.805592 -0.59247 164.906 0 0 0 1 
Seq_Frame0001_DriverToReference-SequenceTransformStatus = OK
Seq_Frame0001_Timestamp = 0.11
Seq_Frame0002_DriverToReference-SequenceTransform =-0.98413 0.123623 0.127305 -66.9103 0.176193 0.595437 0.783843 104.715 0.0210991 0.793834 -0.607769 162.722 0 0 0 1 
Seq_Frame0002_DriverToReference-SequenceTransformStatus = OK
Seq_Frame0002_Timestamp = 0.212
Seq_Frame0003_DriverToReference-SequenceTransform =-0.982396 0.142875 0.120349 -66.517 0.182014 0.587067 0.788811 104.357 0.0420484 0.796831 -0.602738 163.132 0 0 0 1 
Seq_Frame0003_DriverToReference-SequenceTransformStatus = OK
Seq_Frame0003_Timestamp = 0.322
Seq_Frame0004_DriverToReference-SequenceTransform =-0.97765 0.170055 0.123616 -65.1442 0.202394 0.602192 0.77227 106.358 0.0568875 0.78003 -0.623151 164.358 0 0 0 1 
Seq_Frame0004_DriverToReference-SequenceTransformStatus = OK
Seq_Frame0004_Timestamp = 0.427
Seq_Frame0005_DriverToReference-SequenceTransform =-0.971437 0.22322 0.0805201 -64.3529 0.205241 0.62004 0.757249 110.951 0.119107 0.752146 -0.648144 166.741 0 0 0 1 
Seq_Frame0005_DriverToReference-SequenceTransformStatus = OK
Seq_Frame0005_Timestamp = 0.528
Seq_Frame0006_DriverToReference-SequenceTransform =-0.971071 0.237286 0.0267534 -60.3885 0.181853 0.662262 0.726869 118.478 0.154758 0.710707 -0.686255 168.825 0 0 0 1 
Seq_Frame0006_DriverToReference-SequenceTransformStatus = OK
Seq_Frame0006_Timestamp = 0.633
Seq_Frame0007_DriverToReference-SequenceTransform =-0.980134 0.198322 0.00254709 -54.5482 0.141782 0.69161 0.708219 124.001 0.138694 0.69451 -0.705988 172.228 0 0 0 1 
Seq_Frame0007_DriverToReference-SequenceTransformStatus = OK
Seq_Frame0007_Timestamp = 0.737
Seq_Frame0008_DriverToReference-SequenceTransform =-0.982442 0.185303 -0.0217057 -51.3588 0.115627 0.696038 0.708633 128.672 0.14642 0.693681 -0.705243 177.089 0 0 0 1 
Seq_Frame0008_DriverToReference-SequenceTransformStatus = OK
Seq_Frame0008_Timestamp = 0.842
Seq_Frame0009_DriverToReference-SequenceTransform =-0.985199 0.163448 -0.0516417 -50.8415 0.0799535 0.704675 0.705011 134.041 0.151624 0.690447 -0.707314 181.11 0 0 0 1 
Seq_Frame0009_DriverToReference-SequenceTransformStatus = OK
Seq_Frame0009_Timestamp = 0.942
Seq_Frame0010_DriverToReference-SequenceTransform =-0.983277 0.0934125 -0.156334 -49.1372 -0.0336668 0.7504 0.660127 143.059 0.178977 0.654351 -0.734706 186.578 0 0 0 1 
Seq_Frame0010_DriverToReference-SequenceTransformStatus = OK
Seq_Frame0010_Timestamp = 1.043
Seq_Frame0011_DriverToReference-SequenceTransform =-0.937541 0.0753162 -0.339623 -52.7113 -0.156896 0.779799 0.60605 156.782 0.310483 0.621482 -0.719277 186.563 0 0 0 1 
Seq_Frame0011_DriverToReference-SequenceTransformStatus = OK
Seq_Frame0011_Timestamp = 1.143
Seq_Frame0012_DriverToReference-SequenceTransform =-0.839726 0.120293 -0.529519 -63.1029 -0.292879 0.720819 0.628206 178.463 0.457256 0.682605 -0.570059 179.285 0 0 0 1 
Seq_Frame0012_DriverToReference-SequenceTransformStatus = OK
Seq_Frame0012_Timestamp = 1.247
Seq_Frame0013_DriverToReference-SequenceTransform =-0.741558 0.17942 -0.646452 -72.0149 -0.396726 0.659771 0.638209 201.038 0.541018 0.729733 -0.418077 175.669 0 0 0 1 
Seq_Frame0013_DriverToReference-SequenceTransformStatus = OK
Seq_Frame0013_Timestamp = 1.352
Seq_Frame0014_DriverToReference-SequenceTransform =-0.739056 0.202727 -0.642416 -72.2212 -0.377357 0.665386 0.644099 216.245 0.558031 0.718445 -0.415257 175.863 0 0 0 1 
Seq_Frame0014_DriverToReference-SequenceTransformStatus = OK
Seq_Frame0014_Timestamp = 1.452
Seq_Frame0015_DriverToReference-SequenceTransform =-0.726922 0.324152 -0.6054 -75.5875 -0.359711 0.571229 0.737771 232.73 0.584972 0.754071 -0.298638 174.166 0 0 0 1 
Seq_Frame0015_DriverToReference-SequenceTransformStatus = OK
Seq_Frame0015_Timestamp = 1.559
Seq_Frame0016_DriverToReference-SequenceTransform =-0.726922 0.324152 -0.6054 -75.5875 -0.359711 0.571229 0.737771 232.73 0.584972 0.754071 -0.298638 174.166 0 0 0 1 
Seq_Frame0016_DriverToReference-SequenceTransformStatus = OK
Seq_Frame0016_Timestamp = 1.673
Seq_Frame0017_DriverToReference-SequenceTransform =-0.726922 0.324152 -0.6054 -75.5875 -0.359711 0.571229 0.737771 232.73 0.584972 0.754071 -0.298638 174.166 0 0 0 1 
Seq_Frame0017_DriverToReference-SequenceTransformStatus = OK
Seq_Frame0017_Timestamp = 1.778
Seq_Frame0018_DriverToReference-SequenceTransform =-0.726922 0.324152 -0.6054 -75.5875 -0.359711 0.571229 0.737771 232.73 0.584972 0.754071 -0.298638 174.166 0 0 0 1 
Seq_Frame0018_DriverToReference-SequenceTransformStatus = OK
Seq_Frame0018_Timestamp = 1.883
Seq_Frame0019_DriverToReference-SequenceTransform =-0.726922 0.324152 -0.6054 -75.5875 -0.359711 0.571229 0.737771 232.73 0.584972 0.754071 -0.298638 174.166 0 0 0 1 
Seq_Frame0019_DriverToReference-SequenceTransformStatus = OK
Seq_Frame0019_Timestamp = 1.993
Seq_Frame0020_DriverToReference-SequenceTransform =-0.726922 0.324152 -0.6054 -75.5875 -0.359711 0.571229 0.737771 232.73 0.584972 0.754071 -0.298638 174.166 0 0 0 1 
Seq_Frame0020_DriverToReference-SequenceTransformStatus = OK
Seq_Frame0020_Timestamp = 2.096
Seq_Frame0021_DriverToReference-SequenceTransform =-0.726922 0.324152 -0.6054 -75.5875 -0.359711 0.571229 0.737771 232.73 0.584972 0.754071 -0.298638 174.166 0 0 0 1 
Seq_Frame0021_DriverToReference-SequenceTransformStatus = OK
Seq_Frame0021_Timestamp = 2.197
Seq_Frame0022_DriverToReference-SequenceTransform =-0.671228 0.171722 -0.721086 -11.9449 -0.574542 0.494125 0.652489 271.367 0.468353 0.852263 -0.233009 190.551 0 0 0 1 
Seq_Frame0022_DriverToReference-SequenceTransformStatus = OK
Seq_Frame0022_Timestamp = 2.302
Seq_Frame0023_DriverToReference-SequenceTransform =-0.696122 0.116128 -0.708469 -5.69448 -0.568593 0.513306 0.642821 272.808 0.438311 0.850313 -0.291294 193.338 0 0 0 1 
Seq_Frame0023_DriverToReference-SequenceTransformStatus = OK
Seq_Frame0023_Timestamp = 2.412
Seq_Frame0024_DriverToReference-SequenceTransform =-0.7105 0.108439 -0.695291 1.44209 -0.540096 0.549344 0.637587 270.42 0.451094 0.82853 -0.331742 194.52 0 0 0 1 
Seq_Frame0024_DriverToReference-SequenceTransformStatus = OK
Seq_Frame0024_Timestamp = 2.517
Seq_Frame0025_DriverToReference-SequenceTransform =-0.706926 0.0558723 -0.705077 6.19017 -0.534932 0.609928 0.584667 270.355 0.462713 0.790485 -0.401286 195.33 0 0 0 1 
Seq_Frame0025_DriverToReference-SequenceTransformStatus = OK
Seq_Frame0025_Timestamp = 2.617
Seq_Frame0026_DriverToReference-SequenceTransform =-0.676215 0.027588 -0.736188 10.1723 -0.55756 0.633989 0.535897 269.104 0.481519 0.77285 -0.413331 196.437 0 0 0 1 
Seq_Frame0026_DriverToReference-SequenceTransformStatus = OK
Seq_Frame0026_Timestamp = 2.724
Seq_Frame0027_DriverToReference-SequenceTransform =-0.606713 0.0403634 -0.793896 8.83582 -0.599933 0.631964 0.490613 267.283 0.521517 0.773946 -0.359205 197.024 0 0 0 1 
Seq_Frame0027_DriverToReference-SequenceTransformStatus = OK
Seq_Frame0027_Timestamp = 2.829
Seq_Frame0028_DriverToReference-SequenceTransform =-0.560486 0.0950467 -0.822692 10.9465 -0.644992 0.573002 0.505622 276.008 0.519462 0.814024 -0.259855 196.44 0 0 0 1 
Seq_Frame0028_DriverToReference-SequenceTransformStatus = OK
Seq_Frame0028_Timestamp = 2.932
Seq_Frame0029_DriverToReference-SequenceTransform =-0.519197 0.0612347 -0.852458 16.5597 -0.709513 0.525187 0.469861 287.98 0.476472 0.848781 -0.229229 198.507 0 0 0 1 
Seq_Frame0029_DriverToReference-SequenceTransformStatus = OK
Seq_Frame0029_Timestamp = 3.038
Seq_Frame0030_DriverToReference-SequenceTransform =-0.520273 -0.0339173 -0.853326 24.1027 -0.770007 0.45076 0.451558 297.582 0.36933 0.892001 -0.260635 203.819 0 0 0 1 
Seq_Frame0030_DriverToReference-SequenceTransformStatus = OK
Seq_Frame0030_Timestamp = 3.142
Seq_Frame0031_DriverToReference-SequenceTransform =-0.525493 -0.0074802 -0.850765 23.7155 -0.770999 0.427004 0.47247 302.598 0.359746 0.904219 -0.230155 199.848 0 0 0 1 
Seq_Frame0031_DriverToReference-SequenceTransformStatus = OK
Seq_Frame0031_Timestamp = 3.242
Seq_Frame0032_DriverToReference-SequenceTransform =-0.479403 0.0570228 -0.87574 21.4564 -0.772857 0.445328 0.452079 305.341 0.415771 0.89355 -0.169421 194.497 0 0 0 1 
Seq_Frame0032_DriverToReference-SequenceTransformStatus = OK
Seq_Frame0032_Timestamp = 3.344
Seq_Frame0033_DriverToReference-SequenceTransform =-0.45938 0.0126503 -0.88815 26.9223 -0.801022 0.426192 0.420385 309.684 0.38384 0.904544 -0.185651 194.19 0 0 0 1 
Seq_Frame0033_DriverToReference-SequenceTransformStatus = OK
Seq_Frame0033_Timestamp = 3.447
Seq_Frame0034_DriverToReference-SequenceTransform =-0.449642 -0.0335246 -0.89258 34.614 -0.823034 0.403809 0.399441 311.187 0.34704 0.914229 -0.209161 198.665 0 0 0 1 
Seq_Frame0034_DriverToReference-SequenceTransformStatus = OK
Seq_Frame0034_Timestamp = 3.548
Seq_Frame0035_DriverToReference-SequenceTransform =-0.464852 -0.0165789 -0.885233 41.6282 -0.790823 0.457368 0.40671 307.817 0.398135 0.889123 -0.22572 196.931 0 0 0 1 
Seq_Frame0035_DriverToReference-SequenceTransformStatus = OK
Seq_Frame0035_Timestamp = 3.651
Seq_Frame0036_DriverToReference-SequenceTransform =-0.41232 -0.0671336 -0.908562 48.187 -0.841328 0.410658 0.351464 312.621 0.349514 0.909314 -0.225804 201.51 0 0 0 1 
Seq_Frame0036_DriverToReference-SequenceTransformStatus = OK
Seq_Frame0036_Timestamp = 3.763
Seq_Frame0037_DriverToReference-SequenceTransform =-0.361759 -0.0807338 -0.928769 50.5337 -0.89556 0.306913 0.322145 315.512 0.259043 0.948307 -0.18333 206.9 0 0 0 1 
Seq_Frame0037_DriverToReference-SequenceTransformStatus = OK
Seq_Frame0037_Timestamp = 3.868
Seq_Frame0038_DriverToReference-SequenceTransform =-0.361759 -0.0807338 -0.928769 50.5337 -0.89556 0.306913 0.322145 315.512 0.259043 0.948307 -0.18333 206.9 0 0 0 1 
Seq_Frame0038_DriverToReference-SequenceTransformStatus = OK
Seq_Frame0038_Timestamp = 3.977
Seq_Frame0039_DriverToReference-SequenceTransform =-0.361759 -0.0807338 -0.928769 50.5337 -0.89556 0.306913 0.322145 315.512 0.259043 0.948307 -0.18333 206.9 0 0 0 1 
Seq_Frame0039_DriverToReference-SequenceTransformStatus = OK
Seq_Frame0039_Timestamp = 4.077
Seq_Frame0040_DriverToReference-SequenceTransform =-0.149415 0.73635 -0.659897 16.9945 -0.134144 0.646122 0.751353 292.662 0.979633 0.200784 0.00223615 179.408 0 0 0 1 
Seq_Frame0040_DriverToReference-SequenceTransformStatus = OK
Seq_Frame0040_Timestamp = 6.677
Seq_Frame0041_DriverToReference-SequenceTransform =-0.235553 0.705368 -0.668559 26.7398 -0.260166 0.617042 0.742679 304.923 0.936391 0.348877 0.0381668 181.806 0 0 0 1 
Seq_Frame0041_DriverToReference-SequenceTransformStatus = OK
Seq_Frame0041_Timestamp = 6.778
Seq_Frame0042_DriverToReference-SequenceTransform =-0.234749 0.704213 -0.670057 28.3102 -0.249754 0.622483 0.741713 306.121 0.939423 0.341466 0.0297527 181.304 0 0 0 1 
Seq_Frame0042_DriverToReference-SequenceTransformStatus = OK
Seq_Frame0042_Timestamp = 6.887
Seq_Frame0043_DriverToReference-SequenceTransform =-0.234749 0.704213 -0.670057 28.3102 -0.249754 0.622483 0.741713 306.121 0.939423 0.341466 0.0297527 181.304 0 0 0 1 
Seq_Frame0043_DriverToReference-SequenceTransformStatus = OK
Seq_Frame0043_Timestamp = 6.992
Seq_Frame0044_DriverToReference-SequenceTransform =-0.234749 0.704213 -0.670057 28.3102 -0.249754 0.622483 0.741713 306.121 0.939423 0.341466 0.0297527 181.304 0 0 0 1 
Seq_Frame0044_DriverToReference-SequenceTransformStatus = OK
Seq_Frame0044_Timestamp = 7.097
Seq_Frame0045_DriverToReference-SequenceTransform =-0.234749 0.704213 -0.670057 28.3102 -0.249754 0.622483 0.741713 306.121 0.939423 0.341466 0.0297527 181.304 0 0 0 1 
Seq_Frame0045_DriverToReference-SequenceTransformStatus = OK
Seq_Frame0045_Timestamp = 7.198
Seq_Frame0046_DriverToReference-SequenceTransform =-0.234749 0.704213 -0.670057 28.3102 -0.249754 0.622483 0.741713 306.121 0.939423 0.341466 0.0297527 181.304 0 0 0 1 
Seq_Frame0046_DriverToReference-SequenceTransformStatus = OK
Seq_Frame0046_Timestamp = 7.302
Seq_Frame0047_DriverToReference-SequenceTransform =-0.234749 0.704213 -0.670057 28.3102 -0.249754 0.622483 0.741713 306.121 0.939423 0.341466 0.0297527 181.304 0 0 0 1 
Seq_Frame0047_DriverToReference-SequenceTransformStatus = OK
Seq_Frame0047_Timestamp = 7.403
Seq_Frame0048_DriverToReference-SequenceTransform =-0.234749 0.704213 -0.670057 28.3102 -0.249754 0.622483 0.741713 306.121 0.939423 0.341466 0.0297527 181.304 0 0 0 1 
Seq_Frame0048_DriverToReference-SequenceTransformStatus = OK
Seq_Frame0048_Timestamp = 7.957
Seq_Frame0049_DriverToReference-SequenceTransform =-0.234749 0.704213 -0.670057 28.3102 -0.249754 0.622483 0.741713 306.121 0.939423 0.341466 0.0297527 181.304 0 0 0 1 
Seq_Frame0049_DriverToReference-SequenceTransformStatus = OK
Seq_Frame0049_Timestamp = 8.057
Seq_Frame0050_DriverToReference-SequenceTransform =-0.234749 0.704213 -0.670057 28.3102 -0.249754 0.622483 0.741713 306.121 0.939423 0.341466 0.0297527 181.304 0 0 0 1 
Seq_Frame0050_DriverToReference-SequenceTransformStatus = OK
Seq_Frame0050_Timestamp = 8.158
Seq_Frame0051_DriverToReference-SequenceTransform =-0.234749 0.704213 -0.670057 28.3102 -0.249754 0.622483 0.741713 306.121 0.939423 0.341466 0.0297527 181.304 0 0 0 1 
Seq_Frame0051_DriverToReference-SequenceTransformStatus = OK
Seq_Frame0051_Timestamp = 8.259
Seq_Frame0052_DriverToReference-SequenceTransform =-0.234749 0.704213 -0.670057 28.3102 -0.249754 0.622483 0.741713 306.121 0.939423 0.341466 0.0297527 181.304 0 0 0 1 
Seq_Frame0052_DriverToReference-SequenceTransformStatus = OK
Seq_Frame0052_Timestamp = 8.368
Seq_Frame0053_DriverToReference-SequenceTransform =-0.234749 0.704213 -0.670057 28.3102 -0.249754 0.622483 0.741713 306.121 0.939423 0.341466 0.0297527 181.304 0 0 0 1 
Seq_Frame0053_DriverToReference-SequenceTransformStatus = OK
Seq_Frame0053_Timestamp = 8.477
Seq_Frame0054_DriverToReference-SequenceTransform =-0.234749 0.704213 -0.670057 28.3102 -0.249754 0.622483 0.741713 306.121 0.939423 0.341466 0.0297527 181.304 0 0 0 1 
Seq_Frame0054_DriverToReference-SequenceTransformStatus = OK
Seq_Frame0054_Timestamp = 8.578
Seq_Frame0055_DriverToReference-SequenceTransform =-0.234749 0.704213 -0.670057 28.3102 -0.249754 0.622483 0.741713 306.121 0.939423 0.341466 0.0297527 181.304 0 0 0 1 
Seq_Frame0055_DriverToReference-SequenceTransformStatus = OK
Seq_Frame0055_Timestamp = 8.682
Seq_Frame0056_DriverToReference-SequenceTransform =-0.234749 0.704213 -0.670057 28.3102 -0.249754 0.622483 0.741713 306.121 0.939423 0.341466 0.0297527 181.304 0 0 0 1 
Seq_Frame0056_DriverToReference-SequenceTransformStatus = OK
Seq_Frame0056_Timestamp = 8.988
Seq_Frame0057_DriverToReference-SequenceTransform =-0.234749 0.704213 -0.670057 28.3102 -0.249754 0.622483 0.741713 306.121 0.939423 0.341466 0.0297527 181.304 0 0 0 1 
Seq_Frame0057_DriverToReference-SequenceTransformStatus = OK
Seq_Frame0057_Timestamp = 9.094
Seq_Frame0058_DriverToReference-SequenceTransform =-0.234749 0.704213 -0.670057 28.3102 -0.249754 0.622483 0.741713 306.121 0.939423 0.341466 0.0297527 181.304 0 0 0 1 
Seq_Frame0058_DriverToReference-SequenceTransformStatus = OK
Seq_Frame0058_Timestamp = 9.199
Seq_Frame0059_DriverToReference-SequenceTransform =-0.234749 0.704213 -0.670057 28.3102 -0.249754 0.622483 0.741713 306.121 0.939423 0.341466 0.0297527 181.304 0 0 0 1 
Seq_Frame0059_DriverToReference-SequenceTransformStatus = OK
Seq_Frame0059_Timestamp = 9.308
Seq_Frame0060_DriverToReference-SequenceTransform =-0.234749 0.704213 -0.670057 28.3102 -0.249754 0.622483 0.741713 306.121 0.939423 0.341466 0.0297527 181.304 0 0 0 1 
Seq_Frame0060_DriverToReference-SequenceTransformStatus = OK
Seq_Frame0060_Timestamp = 9.417
Seq_Frame0061_DriverToReference-SequenceTransform =-0.234749 0.704213 -0.670057 28.3102 -0.249754 0.622483 0.741713 306.121 0.939423 0.341466 0.0297527 181.304 0 0 0 1 
Seq_Frame0061_DriverToReference-SequenceTransformStatus = OK
Seq_Frame0061_Timestamp = 9.518
Seq_Frame0062_DriverToReference-SequenceTransform =-0.234749 0.704213 -0.670057 28.3102 -0.249754 0.622483 0.741713 306.121 0.939423 0.341466 0.0297527 181.304 0 0 0 1 
Seq_Frame0062_DriverToReference-SequenceTransformStatus = OK
Seq_Frame0062_Timestamp = 9.628
Seq_Frame0063_DriverToReference-SequenceTransform =-0.234749 0.704213 -0.670057 28.3102 -0.249754 0.622483 0.741713 306.121 0.939423 0.341466 0.0297527 181.304 0 0 0 1 
Seq_Frame0063_DriverToReference-SequenceTransformStatus = OK
Seq_Frame0063_Timestamp = 9.735
Seq_Frame0064_DriverToReference-SequenceTransform =-0.234749 0.704213 -0.670057 28.3102 -0.249754 0.622483 0.741713 306.121 0.939423 0.341466 0.0297527 181.304 0 0 0 1 
Seq_Frame0064_DriverToReference-SequenceTransformStatus = OK
Seq_Frame0064_Timestamp = 9.842
Seq_Frame0065_DriverToReference-SequenceTransform =-0.234749 0.704213 -0.670057 28.3102 -0.249754 0.622483 0.741713 306.121 0.939423 0.341466 0.0297527 181.304 0 0 0 1 
Seq_Frame0065_DriverToReference-SequenceTransformStatus = OK
Seq_Frame0065_Timestamp = 9.942
Seq_Frame0066_DriverToReference-SequenceTransform =-0.234749 0.704213 -0.670057 28.3102 -0.249754 0.622483 0.741713 306.121 0.939423 0.341466 0.0297527 181.304 0 0 0 1 
Seq_Frame0066_DriverToReference-SequenceTransformStatus = OK
Seq_Frame0066_Timestamp = 10.043
Seq_Frame0067_DriverToReference-SequenceTransform =-0.234749 0.704213 -0.670057 28.3102 -0.249754 0.622483 0.741713 306.121 0.939423 0.341466 0.0297527 181.304 0 0 0 1 
Seq_Frame0067_DriverToReference-SequenceTransformStatus = OK
Seq_Frame0067_Timestamp = 10.143
Seq_Frame0068_DriverToReference-SequenceTransform =-0.234749 0.704213 -0.670057 28.3102 -0.249754 0.622483 0.741713 306.121 0.939423 0.341466 0.0297527 181.304 0 0 0 1 
Seq_Frame0068_DriverToReference-SequenceTransformStatus = OK
Seq_Frame0068_Timestamp = 10.252
Seq_Frame0069_DriverToReference-SequenceTransform =-0.234749 0.704213 -0.670057 28.3102 -0.249754 0.622483 0.741713 306.121 0.939423 0.341466 0.0297527 181.304 0 0 0 1 
Seq_Frame0069_DriverToReference-SequenceTransformStatus = OK
Seq_Frame0069_Timestamp = 10.362
Seq_Frame0070_DriverToReference-SequenceTransform =-0.234749 0.704213 -0.670057 28.3102 -0.249754 0.622483 0.741713 306.121 0.939423 0.341466 0.0297527 181.304 0 0 0 1 
Seq_Frame0070_DriverToReference-SequenceTransformStatus = OK
Seq_Frame0070_Timestamp = 10.467
Seq_Frame0071_DriverToReference-SequenceTransform =-0.234749 0.704213 -0.670057 28.3102 -0.249754 0.622483 0.741713 306.121 0.939423 0.341466 0.0297527 181.304 0 0 0 1 
Seq_Frame0071_DriverToReference-SequenceTransformStatus = OK
Seq_Frame0071_Timestamp = 10.567
Seq_Frame0072_DriverToReference-SequenceTransform =-0.234749 0.704213 -0.670057 28.3102 -0.249754 0.622483 0.741713 306.121 0.939423 0.341466 0.0297527 181.304 0 0 0 1 
Seq_Frame0072_DriverToReference-SequenceTransformStatus = OK
Seq_Frame0072_Timestamp = 10.678
Seq_Frame0073_DriverToReference-SequenceTransform =-0.234749 0.704213 -0.670057 28.3102 -0.249754 0.622483 0.741713 306.121 0.939423 0.341466 0.0297527 181.304 0 0 0 1 
Seq_Frame0073_DriverToReference-SequenceTransformStatus = OK
Seq_Frame0073_Timestamp = 10.778
Seq_Frame0074_DriverToReference-SequenceTransform =0.0388391 -0.997928 0.0512906 -33.7992 0.340044 -0.0350663 -0.939756 185.365 0.939607 0.0539403 0.337977 70.0298 0 0 0 1 
Seq_Frame0074_DriverToReference-SequenceTransformStatus = OK
Seq_Frame0074_Timestamp = 10.882
Seq_Frame0075_DriverToReference-SequenceTransform =0.0353834 -0.999373 -0.000844799 -34.4485 0.217287 0.00851825 -0.976071 189.762 0.975466 0.0343531 0.217452 68.4837 0 0 0 1 
Seq_Frame0075_DriverToReference-SequenceTransformStatus = OK
Seq_Frame0075_Timestamp = 11.257
Seq_Frame0076_DriverToReference-SequenceTransform =0.271981 0.346782 0.897646 124.571 -0.727905 0.684278 -0.0438028 360.915 -0.629429 -0.641487 0.438535 202.707 0 0 0 1 
Seq_Frame0076_DriverToReference-SequenceTransformStatus = OK
Seq_Frame0076_Timestamp = 11.357
Seq_Frame0077_DriverToReference-SequenceTransform =0.0941265 0.453638 0.886201 89.4162 -0.750022 0.617677 -0.236521 352.971 -0.654681 -0.642407 0.398378 181.479 0 0 0 1 
Seq_Frame0077_DriverToReference-SequenceTransformStatus = OK
Seq_Frame0077_Timestamp = 11.46
Seq_Frame0078_DriverToReference-SequenceTransform =0.14298 0.263649 0.953963 77.5514 -0.792596 0.607761 -0.0491739 316.712 -0.592746 -0.749077 0.295865 182.088 0 0 0 1 
Seq_Frame0078_DriverToReference-SequenceTransformStatus = OK
Seq_Frame0078_Timestamp = 11.567
Seq_Frame0079_DriverToReference-SequenceTransform =0.0477493 0.274336 0.960448 78.8553 -0.88499 0.457473 -0.0866718 301.276 -0.463156 -0.845848 0.264629 192.872 0 0 0 1 
Seq_Frame0079_DriverToReference-SequenceTransformStatus = OK
Seq_Frame0079_Timestamp = 11.668
Seq_Frame0080_DriverToReference-SequenceTransform =0.00649168 0.191563 0.981459 74.5132 -0.939356 0.337707 -0.0597011 283.689 -0.342882 -0.921552 0.182138 205.782 0 0 0 1 
Seq_Frame0080_DriverToReference-SequenceTransformStatus = OK
Seq_Frame0080_Timestamp = 11.768
Seq_Frame0081_DriverToReference-SequenceTransform =0.0285296 0.158363 0.986969 75.9619 -0.957162 0.28895 -0.0186952 274.645 -0.288146 -0.944155 0.159822 214.31 0 0 0 1 
Seq_Frame0081_DriverToReference-SequenceTransformStatus = OK
Seq_Frame0081_Timestamp = 11.869
Seq_Frame0082_DriverToReference-SequenceTransform =0.0285296 0.158363 0.986969 75.9619 -0.957162 0.28895 -0.0186952 274.645 -0.288146 -0.944155 0.159822 214.31 0 0 0 1 
Seq_Frame0082_DriverToReference-SequenceTransformStatus = OK
Seq_Frame0082_Timestamp = 11.977
Seq_Frame0083_DriverToReference-SequenceTransform =0.0285296 0.158363 0.986969 75.9619 -0.957162 0.28895 -0.0186952 274.645 -0.288146 -0.944155 0.159822 214.31 0 0 0 1 
Seq_Frame0083_DriverToReference-SequenceTransformStatus = OK
Seq_Frame0083_Timestamp = 12.082
Seq_Frame0084_DriverToReference-SequenceTransform =0.0285296 0.158363 0.986969 75.9619 -0.957162 0.28895 -0.0186952 274.645 -0.288146 -0.944155 0.159822 214.31 0 0 0 1 
Seq_Frame0084_DriverToReference-SequenceTransformStatus = OK
Seq_Frame0084_Timestamp = 12.187
Seq_Frame0085_DriverToReference-SequenceTransform =0.0998177 0.181851 0.978247 92.8195 -0.904721 0.4258 0.0131614 303.932 -0.414144 -0.886355 0.207027 209.417 0 0 0 1 
Seq_Frame0085_DriverToReference-SequenceTransformStatus = OK
Seq_Frame0085_Timestamp = 12.292
Seq_Frame0086_DriverToReference-SequenceTransform =-0.0772958 0.305708 0.948983 92.2187 -0.91277 0.36122 -0.190711 312.467 -0.401093 -0.880944 0.25112 198.524 0 0 0 1 
Seq_Frame0086_DriverToReference-SequenceTransformStatus = OK
Seq_Frame0086_Timestamp = 12.393
Seq_Frame0087_DriverToReference-SequenceTransform =-0.192913 0.454927 0.869383 99.0799 -0.902709 0.264986 -0.338968 311.978 -0.38458 -0.850191 0.359547 185.212 0 0 0 1 
Seq_Frame0087_DriverToReference-SequenceTransformStatus = OK
Seq_Frame0087_Timestamp = 12.503
Seq_Frame0088_DriverToReference-SequenceTransform =-0.185299 0.446686 0.875292 100.931 -0.920939 0.231812 -0.313263 297.808 -0.342834 -0.864138 0.368417 181.778 0 0 0 1 
Seq_Frame0088_DriverToReference-SequenceTransformStatus = OK
Seq_Frame0088_Timestamp = 12.603
Seq_Frame0089_DriverToReference-SequenceTransform =-0.183445 0.447133 0.875454 100.429 -0.933528 0.199805 -0.297663 285.139 -0.308015 -0.871866 0.380758 183.177 0 0 0 1 
Seq_Frame0089_DriverToReference-SequenceTransformStatus = OK
Seq_Frame0089_Timestamp = 12.712
Seq_Frame0090_DriverToReference-SequenceTransform =-0.1962 0.45592 0.868126 100.701 -0.933686 0.183603 -0.307441 277.951 -0.299559 -0.870877 0.389664 184.359 0 0 0 1 
Seq_Frame0090_DriverToReference-SequenceTransformStatus = OK
Seq_Frame0090_Timestamp = 12.817
Seq_Frame0091_DriverToReference-SequenceTransform =-0.178924 0.442646 0.878664 99.0384 -0.933609 0.205389 -0.293582 272.91 -0.310421 -0.872857 0.376509 181.929 0 0 0 1 
Seq_Frame0091_DriverToReference-SequenceTransformStatus = OK
Seq_Frame0091_Timestamp = 12.927
Seq_Frame0092_DriverToReference-SequenceTransform =-0.164262 0.430408 0.887562 98.5576 -0.930094 0.23211 -0.284692 271.294 -0.328545 -0.872281 0.362194 178.855 0 0 0 1 
Seq_Frame0092_DriverToReference-SequenceTransformStatus = OK
Seq_Frame0092_Timestamp = 13.037
Seq_Frame0093_DriverToReference-SequenceTransform =-0.179715 0.35231 0.918466 93.2266 -0.935347 0.227978 -0.270467 264.552 -0.304679 -0.907691 0.288561 181.753 0 0 0 1 
Seq_Frame0093_DriverToReference-SequenceTransformStatus = OK
Seq_Frame0093_Timestamp = 13.142
Seq_Frame0094_DriverToReference-SequenceTransform =-0.162583 0.296332 0.941145 90.8669 -0.892932 0.361641 -0.268121 262.827 -0.419809 -0.88397 0.205808 187.569 0 0 0 1 
Seq_Frame0094_DriverToReference-SequenceTransformStatus = OK
Seq_Frame0094_Timestamp = 13.242
Seq_Frame0095_DriverToReference-SequenceTransform =-0.177094 0.30404 0.936054 91.178 -0.880088 0.376808 -0.288897 265.816 -0.440548 -0.874972 0.200851 190.151 0 0 0 1 
Seq_Frame0095_DriverToReference-SequenceTransformStatus = OK
Seq_Frame0095_Timestamp = 13.344
Seq_Frame0096_DriverToReference-SequenceTransform =-0.1591 0.351623 0.922523 97.4679 -0.848579 0.42887 -0.309813 275.107 -0.504579 -0.832125 0.230147 189.048 0 0 0 1 
Seq_Frame0096_DriverToReference-SequenceTransformStatus = OK
Seq_Frame0096_Timestamp = 13.452
Seq_Frame0097_DriverToReference-SequenceTransform =-0.0219676 0.450744 0.892383 112.616 -0.810099 0.515057 -0.280098 286.242 -0.585881 -0.729072 0.353833 187.839 0 0 0 1 
Seq_Frame0097_DriverToReference-SequenceTransformStatus = OK
Seq_Frame0097_Timestamp = 13.562
Seq_Frame0098_DriverToReference-SequenceTransform =0.0957396 0.466471 0.87934 131.645 -0.792105 0.570699 -0.216502 292.075 -0.60283 -0.675801 0.424132 192.054 0 0 0 1 
Seq_Frame0098_DriverToReference-SequenceTransformStatus = OK
Seq_Frame0098_Timestamp = 13.667
Seq_Frame0099_DriverToReference-SequenceTransform =0.178614 0.461826 0.8688 150.195 -0.792938 0.590348 -0.150792 295.956 -0.582534 -0.661971 0.471644 205.322 0 0 0 1 
Seq_Frame0099_DriverToReference-SequenceTransformStatus = OK
Seq_Frame0099_Timestamp = 13.773
Seq_Frame0100_DriverToReference-SequenceTransform =0.217222 0.465594 0.857926 159.803 -0.812163 0.573767 -0.105747 302.039 -0.541485 -0.673805 0.502773 228.998 0 0 0 1 
Seq_Frame0100_DriverToReference-SequenceTransformStatus = OK
Seq_Frame0100_Timestamp = 13.873
Seq_Frame0101_DriverToReference-SequenceTransform =0.210145 0.437012 0.874562 155.295 -0.857003 0.512846 -0.0503397 306.563 -0.470515 -0.738924 0.482293 256.811 0 0 0 1 
Seq_Frame0101_DriverToReference-SequenceTransformStatus = OK
Seq_Frame0101_Timestamp = 13.977
Seq_Frame0102_DriverToReference-SequenceTransform =0.2378 0.381764 0.893145 150.91 -0.890978 0.451903 0.0440624 312.994 -0.386793 -0.806251 0.447606 282.345 0 0 0 1 
Seq_Frame0102_DriverToReference-SequenceTransformStatus = OK
Seq_Frame0102_Timestamp = 14.082
Seq_Frame0103_DriverToReference-SequenceTransform =0.27851 0.369102 0.886677 155.729 -0.897034 0.429831 0.102835 325.233 -0.343165 -0.82402 0.450809 294.826 0 0 0 1 
Seq_Frame0103_DriverToReference-SequenceTransformStatus = OK
Seq_Frame0103_Timestamp = 14.185
Seq_Frame0104_DriverToReference-SequenceTransform =0.138696 0.548286 0.824709 161.844 -0.951807 0.303821 -0.0419169 343.389 -0.273546 -0.77915 0.564001 295.091 0 0 0 1 
Seq_Frame0104_DriverToReference-SequenceTransformStatus = OK
Seq_Frame0104_Timestamp = 14.292
Seq_Frame0105_DriverToReference-SequenceTransform =0.0762532 0.616635 0.783547 163.555 -0.949916 0.283777 -0.130882 359.587 -0.303059 -0.734324 0.607391 285.201 0 0 0 1 
Seq_Frame0105_DriverToReference-SequenceTransformStatus = OK
Seq_Frame0105_Timestamp = 14.393
Seq_Frame0106_DriverToReference-SequenceTransform =0.0700158 0.599871 0.797028 143.454 -0.887356 0.402478 -0.224968 382.549 -0.455738 -0.691496 0.560479 243.06 0 0 0 1 
Seq_Frame0106_DriverToReference-SequenceTransformStatus = OK
Seq_Frame0106_Timestamp = 14.503
Seq_Frame0107_DriverToReference-SequenceTransform =0.0706783 0.59365 0.801614 98.0722 -0.838665 0.470444 -0.274451 376.095 -0.540043 -0.652887 0.531124 199.057 0 0 0 1 
Seq_Frame0107_DriverToReference-SequenceTransformStatus = OK
Seq_Frame0107_Timestamp = 14.607
Seq_Frame0108_DriverToReference-SequenceTransform =0.0501493 0.583305 0.810704 64.0055 -0.843968 0.458793 -0.277897 343.307 -0.534044 -0.670272 0.515299 181.738 0 0 0 1 
Seq_Frame0108_DriverToReference-SequenceTransformStatus = OK
Seq_Frame0108_Timestamp = 14.712
Seq_Frame0109_DriverToReference-SequenceTransform =0.12801 0.561295 0.817656 64.1128 -0.898481 0.414716 -0.144026 294.341 -0.419936 -0.716211 0.557401 182.851 0 0 0 1 
Seq_Frame0109_DriverToReference-SequenceTransformStatus = OK
Seq_Frame0109_Timestamp = 14.818
Seq_Frame0110_DriverToReference-SequenceTransform =0.224682 0.509144 0.830837 72.2937 -0.897092 0.440979 -0.0276366 278.304 -0.380453 -0.739127 0.555829 191.237 0 0 0 1 
Seq_Frame0110_DriverToReference-SequenceTransformStatus = OK
Seq_Frame0110_Timestamp = 14.927
Seq_Frame0111_DriverToReference-SequenceTransform =0.24795 0.462099 0.85146 71.4641 -0.883438 0.468539 0.00297953 274.176 -0.397565 -0.752951 0.52441 191.132 0 0 0 1 
Seq_Frame0111_DriverToReference-SequenceTransformStatus = OK
Seq_Frame0111_Timestamp = 15.037
Seq_Frame0112_DriverToReference-SequenceTransform =0.280912 0.441451 0.852179 73.4452 -0.878125 0.476529 0.0426107 266.812 -0.387278 -0.76029 0.521512 191.313 0 0 0 1 
Seq_Frame0112_DriverToReference-SequenceTransformStatus = OK
Seq_Frame0112_Timestamp = 15.137
Seq_Frame0113_DriverToReference-SequenceTransform =0.290013 0.419319 0.86027 76.2292 -0.874567 0.481139 0.0603119 262.974 -0.38862 -0.769855 0.506259 191.919 0 0 0 1 
Seq_Frame0113_DriverToReference-SequenceTransformStatus = OK
Seq_Frame0113_Timestamp = 15.243
Seq_Frame0114_DriverToReference-SequenceTransform =0.303209 0.411693 0.859403 77.9816 -0.860285 0.506144 0.0610543 261.157 -0.409846 -0.757844 0.50764 192.183 0 0 0 1 
Seq_Frame0114_DriverToReference-SequenceTransformStatus = OK
Seq_Frame0114_Timestamp = 15.354
Seq_Frame0115_DriverToReference-SequenceTransform =-0.452074 -0.287907 -0.844239 78.6723 -0.474215 0.879212 -0.0459004 256.273 0.75548 0.379601 -0.533998 189.86 0 0 0 1 
Seq_Frame0115_DriverToReference-SequenceTransformStatus = OK
Seq_Frame0115_Timestamp = 15.455
Seq_Frame0116_DriverToReference-SequenceTransform =-0.427576 -0.315444 -0.847157 78.5825 -0.503872 0.861225 -0.0663682 254.221 0.750528 0.398481 -0.527182 188.816 0 0 0 1 
Seq_Frame0116_DriverToReference-SequenceTransformStatus = OK
Seq_Frame0116_Timestamp = 15.557
Seq_Frame0117_DriverToReference-SequenceTransform =-0.320819 -0.323012 -0.890359 76.9777 -0.506378 0.852913 -0.126967 250.65 0.80041 0.410125 -0.437197 191.585 0 0 0 1 
Seq_Frame0117_DriverToReference-SequenceTransformStatus = OK
Seq_Frame0117_Timestamp = 15.66
Seq_Frame0118_DriverToReference-SequenceTransform =-0.302964 -0.334213 -0.892477 75.8085 -0.505292 0.850352 -0.146909 249.656 0.808018 0.406453 -0.426501 192.854 0 0 0 1 
Seq_Frame0118_DriverToReference-SequenceTransformStatus = OK
Seq_Frame0118_Timestamp = 15.762
Seq_Frame0119_DriverToReference-SequenceTransform =-0.350841 -0.340292 -0.872417 76.7803 -0.530112 0.840158 -0.114526 251.011 0.77194 0.422299 -0.475155 192.505 0 0 0 1 
Seq_Frame0119_DriverToReference-SequenceTransformStatus = OK
Seq_Frame0119_Timestamp = 15.864
Seq_Frame0120_DriverToReference-SequenceTransform =-0.33421 -0.348969 -0.875514 77.2218 -0.524637 0.84059 -0.134779 251.199 0.782982 0.414282 -0.464015 193.208 0 0 0 1 
Seq_Frame0120_DriverToReference-SequenceTransformStatus = OK
Seq_Frame0120_Timestamp = 15.967
Seq_Frame0121_DriverToReference-SequenceTransform =-0.303579 -0.342149 -0.889255 76.0839 -0.509095 0.847155 -0.152153 250.588 0.805396 0.406524 -0.431365 193.678 0 0 0 1 
Seq_Frame0121_DriverToReference-SequenceTransformStatus = OK
Seq_Frame0121_Timestamp = 16.067
Seq_Frame0122_DriverToReference-SequenceTransform =-0.28606 -0.336238 -0.897281 75.716 -0.489885 0.856102 -0.164628 250.705 0.823518 0.392471 -0.409615 193.376 0 0 0 1 
Seq_Frame0122_DriverToReference-SequenceTransformStatus = OK
Seq_Frame0122_Timestamp = 16.178
Seq_Frame0123_DriverToReference-SequenceTransform =-0.269804 -0.333069 -0.903477 73.0306 -0.587591 0.800277 -0.119553 248.668 0.762851 0.498619 -0.411627 198.813 0 0 0 1 
Seq_Frame0123_DriverToReference-SequenceTransformStatus = OK
Seq_Frame0123_Timestamp = 16.278
Seq_Frame0124_DriverToReference-SequenceTransform =-0.254532 -0.338769 -0.905786 72.445 -0.583636 0.800641 -0.135439 248.543 0.771092 0.494176 -0.401506 199.082 0 0 0 1 
Seq_Frame0124_DriverToReference-SequenceTransformStatus = OK
Seq_Frame0124_Timestamp = 16.382
Seq_Frame0125_DriverToReference-SequenceTransform =-0.254532 -0.338769 -0.905786 72.445 -0.583636 0.800641 -0.135439 248.543 0.771092 0.494176 -0.401506 199.082 0 0 0 1 
Seq_Frame0125_DriverToReference-SequenceTransformStatus = OK
Seq_Frame0125_Timestamp = 16.482
Seq_Frame0126_DriverToReference-SequenceTransform =-0.254532 -0.338769 -0.905786 72.445 -0.583636 0.800641 -0.135439 248.543 0.771092 0.494176 -0.401506 199.082 0 0 0 1 
Seq_Frame0126_DriverToReference-SequenceTransformStatus = OK
Seq_Frame0126_Timestamp = 16.588
Seq_Frame0127_DriverToReference-SequenceTransform =-0.254532 -0.338769 -0.905786 72.445 -0.583636 0.800641 -0.135439 248.543 0.771092 0.494176 -0.401506 199.082 0 0 0 1 
Seq_Frame0127_DriverToReference-SequenceTransformStatus = OK
Seq_Frame0127_Timestamp = 16.692
Seq_Frame0128_DriverToReference-SequenceTransform =-0.254532 -0.338769 -0.905786 72.445 -0.583636 0.800641 -0.135439 248.543 0.771092 0.494176 -0.401506 199.082 0 0 0 1 
Seq_Frame0128_DriverToReference-SequenceTransformStatus = OK
Seq_Frame0128_Timestamp = 16.803
Seq_Frame0129_DriverToReference-SequenceTransform =-0.254532 -0.338769 -0.905786 72.445 -0.583636 0.800641 -0.135439 248.543 0.771092 0.494176 -0.401506 199.082 0 0 0 1 
Seq_Frame0129_DriverToReference-SequenceTransformStatus = OK
Seq_Frame0129_Timestamp = 16.907
Seq_Frame0130_DriverToReference-SequenceTransform =-0.254532 -0.338769 -0.905786 72.445 -0.583636 0.800641 -0.135439 248.543 0.771092 0.494176 -0.401506 199.082 0 0 0 1 
Seq_Frame0130_DriverToReference-SequenceTransformStatus = OK
Seq_Frame0130_Timestamp = 17.018
Seq_Frame0131_DriverToReference-SequenceTransform =-0.254532 -0.338769 -0.905786 72.445 -0.583636 0.800641 -0.135439 248.543 0.771092 0.494176 -0.401506 199.082 0 0 0 1 
Seq_Frame0131_DriverToReference-SequenceTransformStatus = OK
Seq_Frame0131_Timestamp = 17.126
Seq_Frame0132_DriverToReference-SequenceTransform =-0.254532 -0.338769 -0.905786 72.445 -0.583636 0.800641 -0.135439 248.543 0.771092 0.494176 -0.401506 199.082 0 0 0 1 
Seq_Frame0132_DriverToReference-SequenceTransformStatus = OK
Seq_Frame0132_Timestamp = 17.231
Seq_Frame0133_DriverToReference-SequenceTransform =-0.254532 -0.338769 -0.905786 72.445 -0.583636 0.800641 -0.135439 248.543 0.771092 0.494176 -0.401506 199.082 0 0 0 1 
Seq_Frame0133_DriverToReference-SequenceTransformStatus = OK
Seq_Frame0133_Timestamp = 17.332
Seq_Frame0134_DriverToReference-SequenceTransform =-0.254532 -0.338769 -0.905786 72.445 -0.583636 0.800641 -0.135439 248.543 0.771092 0.494176 -0.401506 199.082 0 0 0 1 
Seq_Frame0134_DriverToReference-SequenceTransformStatus = OK
Seq_Frame0134_Timestamp = 17.432
Seq_Frame0135_DriverToReference-SequenceTransform =-0.254532 -0.338769 -0.905786 72.445 -0.583636 0.800641 -0.135439 248.543 0.771092 0.494176 -0.401506 199.082 0 0 0 1 
Seq_Frame0135_DriverToReference-SequenceTransformStatus = OK
Seq_Frame0135_Timestamp = 17.542
Seq_Frame0136_DriverToReference-SequenceTransform =-0.254532 -0.338769 -0.905786 72.445 -0.583636 0.800641 -0.135439 248.543 0.771092 0.494176 -0.401506 199.082 0 0 0 1 
Seq_Frame0136_DriverToReference-SequenceTransformStatus = OK
Seq_Frame0136_Timestamp = 17.647
Seq_Frame0137_DriverToReference-SequenceTransform =-0.254532 -0.338769 -0.905786 72.445 -0.583636 0.800641 -0.135439 248.543 0.771092 0.494176 -0.401506 199.082 0 0 0 1 
Seq_Frame0137_DriverToReference-SequenceTransformStatus = OK
Seq_Frame0137_Timestamp = 17.748
Seq_Frame0138_DriverToReference-SequenceTransform =-0.254532 -0.338769 -0.905786 72.445 -0.583636 0.800641 -0.135439 248.543 0.771092 0.494176 -0.401506 199.082 0 0 0 1 
Seq_Frame0138_DriverToReference-SequenceTransformStatus = OK
Seq_Frame0138_Timestamp = 17.852
Seq_Frame0139_DriverToReference-SequenceTransform =-0.254532 -0.338769 -0.905786 72.445 -0.583636 0.800641 -0.135439 248.543 0.771092 0.494176 -0.401506 199.082 0 0 0 1 
Seq_Frame0139_DriverToReference-SequenceTransformStatus = OK
Seq_Frame0139_Timestamp = 17.957
Seq_Frame0140_DriverToReference-SequenceTransform =-0.254532 -0.338769 -0.905786 72.445 -0.583636 0.800641 -0.135439 248.543 0.771092 0.494176 -0.401506 199.082 0 0 0 1 
Seq_Frame0140_DriverToReference-SequenceTransformStatus = OK
Seq_Frame0140_Timestamp = 18.057
Seq_Frame0141_DriverToReference-SequenceTransform =-0.254532 -0.338769 -0.905786 72.445 -0.583636 0.800641 -0.135439 248.543 0.771092 0.494176 -0.401506 199.082 0 0 0 1 
Seq_Frame0141_DriverToReference-SequenceTransformStatus = OK
Seq_Frame0141_Timestamp = 18.168
Seq_Frame0142_DriverToReference-SequenceTransform =-0.254532 -0.338769 -0.905786 72.445 -0.583636 0.800641 -0.135439 248.543 0.771092 0.494176 -0.401506 199.082 0 0 0 1 
Seq_Frame0142_DriverToReference-SequenceTransformStatus = OK
Seq_Frame0142_Timestamp = 18.272
Seq_Frame0143_DriverToReference-SequenceTransform =-0.254532 -0.338769 -0.905786 72.445 -0.583636 0.800641 -0.135439 248.543 0.771092 0.494176 -0.401506 199.082 0 0 0 1 
Seq_Frame0143_DriverToReference-SequenceTransformStatus = OK
Seq_Frame0143_Timestamp = 18.382
Seq_Frame0144_DriverToReference-SequenceTransform =-0.254532 -0.338769 -0.905786 72.445 -0.583636 0.800641 -0.135439 248.543 0.771092 0.494176 -0.401506 199.082 0 0 0 1 
Seq_Frame0144_DriverToReference-SequenceTransformStatus = OK
Seq_Frame0144_Timestamp = 18.482
Seq_Frame0145_DriverToReference-SequenceTransform =-0.254532 -0.338769 -0.905786 72.445 -0.583636 0.800641 -0.135439 248.543 0.771092 0.494176 -0.401506 199.082 0 0 0 1 
Seq_Frame0145_DriverToReference-SequenceTransformStatus = OK
Seq_Frame0145_Timestamp = 18.592
Seq_Frame0146_DriverToReference-SequenceTransform =-0.254532 -0.338769 -0.905786 72.445 -0.583636 0.800641 -0.135439 248.543 0.771092 0.494176 -0.401506 199.082 0 0 0 1 
Seq_Frame0146_DriverToReference-SequenceTransformStatus = OK
Seq_Frame0146_Timestamp = 18.693
Seq_Frame0147_DriverToReference-SequenceTransform =-0.254532 -0.338769 -0.905786 72.445 -0.583636 0.800641 -0.135439 248.543 0.771092 0.494176 -0.401506 199.082 0 0 0 1 
Seq_Frame0147_DriverToReference-SequenceTransformStatus = OK
Seq_Frame0147_Timestamp = 18.81
Seq_Frame0148_DriverToReference-SequenceTransform =-0.254532 -0.338769 -0.905786 72.445 -0.583636 0.800641 -0.135439 248.543 0.771092 0.494176 -0.401506 199.082 0 0 0 1 
Seq_Frame0148_DriverToReference-SequenceTransformStatus = OK
Seq_Frame0148_Timestamp = 18.918
Seq_Frame0149_DriverToReference-SequenceTransform =-0.254532 -0.338769 -0.905786 72.445 -0.583636 0.800641 -0.135439 248.543 0.771092 0.494176 -0.401506 199.082 0 0 0 1 
Seq_Frame0149_DriverToReference-SequenceTransformStatus = OK
Seq_Frame0149_Timestamp = 19.026
Seq_Frame0150_DriverToReference-SequenceTransform =-0.254532 -0.338769 -0.905786 72.445 -0.583636 0.800641 -0.135439 248.543 0.771092 0.494176 -0.401506 199.082 0 0 0 1 
Seq_Frame0150_DriverToReference-SequenceTransformStatus = OK
Seq_Frame0150_Timestamp = 19.127
