ObjectType = Image
NDims = 3
AnatomicalOrientation = RAI
BinaryData = True
CompressedData = False
DimSize = 0 0 1934
ElementSpacing = 1 1 1
Offset = 0 0 0
TransformMatrix = 1 0 0 0 1 0 0 0 1
ElementType = MET_UCHAR
Kinds = domain domain list
Seq_Frame0000_ForcepToReference-SequenceTransform =0.305869 -0.797565 -0.519937 -135.812 0.213874 -0.474592 0.853827 41.1507 -0.92774 -0.37236 0.0254158 62.7298 0 0 0 1 
Seq_Frame0000_ForcepToReference-SequenceTransformStatus = OK
Seq_Frame0000_Timestamp = 0.00300002
Seq_Frame0001_ForcepToReference-SequenceTransform =0.304827 -0.797764 -0.520244 -135.795 0.212833 -0.475368 0.853655 41.1202 -0.928323 -0.370942 0.0248854 62.8055 0 0 0 1 
Seq_Frame0001_ForcepToReference-SequenceTransformStatus = OK
Seq_Frame0001_Timestamp = 0.11
Seq_Frame0002_ForcepToReference-SequenceTransform =0.305685 -0.797638 -0.519934 -135.803 0.214873 -0.474194 0.853798 41.1361 -0.92757 -0.372713 0.0264368 62.7979 0 0 0 1 
Seq_Frame0002_ForcepToReference-SequenceTransformStatus = OK
Seq_Frame0002_Timestamp = 0.212
Seq_Frame0003_ForcepToReference-SequenceTransform =0.309573 -0.796992 -0.518622 -135.782 0.217002 -0.471807 0.854581 41.1312 -0.925783 -0.377097 0.0268903 62.8815 0 0 0 1 
Seq_Frame0003_ForcepToReference-SequenceTransformStatus = OK
Seq_Frame0003_Timestamp = 0.322
Seq_Frame0004_ForcepToReference-SequenceTransform =0.305009 -0.797803 -0.520077 -135.771 0.213703 -0.474837 0.853734 41.1154 -0.928063 -0.371538 0.0256631 62.8782 0 0 0 1 
Seq_Frame0004_ForcepToReference-SequenceTransformStatus = OK
Seq_Frame0004_Timestamp = 0.427
Seq_Frame0005_ForcepToReference-SequenceTransform =0.305369 -0.797858 -0.519782 -135.762 0.214102 -0.47435 0.853904 41.113 -0.927853 -0.372042 0.025971 62.8886 0 0 0 1 
Seq_Frame0005_ForcepToReference-SequenceTransformStatus = OK
Seq_Frame0005_Timestamp = 0.528
Seq_Frame0006_ForcepToReference-SequenceTransform =0.304171 -0.798233 -0.519908 -135.749 0.214463 -0.474377 0.853799 41.1437 -0.928162 -0.371202 0.0268998 62.8548 0 0 0 1 
Seq_Frame0006_ForcepToReference-SequenceTransformStatus = OK
Seq_Frame0006_Timestamp = 0.633
Seq_Frame0007_ForcepToReference-SequenceTransform =0.304785 -0.797911 -0.520043 -135.753 0.21388 -0.474737 0.853745 41.133 -0.928096 -0.371435 0.0259644 62.8475 0 0 0 1 
Seq_Frame0007_ForcepToReference-SequenceTransformStatus = OK
Seq_Frame0007_Timestamp = 0.737
Seq_Frame0008_ForcepToReference-SequenceTransform =0.309541 -0.796969 -0.518676 -135.755 0.214782 -0.472768 0.85461 41.1511 -0.926311 -0.375939 0.0248339 62.8894 0 0 0 1 
Seq_Frame0008_ForcepToReference-SequenceTransformStatus = OK
Seq_Frame0008_Timestamp = 0.842
Seq_Frame0009_ForcepToReference-SequenceTransform =0.309003 -0.79717 -0.518688 -135.785 0.213873 -0.473165 0.854619 41.1774 -0.926701 -0.375013 0.0242837 62.7857 0 0 0 1 
Seq_Frame0009_ForcepToReference-SequenceTransformStatus = OK
Seq_Frame0009_Timestamp = 0.942
Seq_Frame0010_ForcepToReference-SequenceTransform =0.304849 -0.797992 -0.51988 -135.77 0.213419 -0.474744 0.853856 41.1574 -0.928181 -0.371249 0.0255812 62.8208 0 0 0 1 
Seq_Frame0010_ForcepToReference-SequenceTransformStatus = OK
Seq_Frame0010_Timestamp = 1.043
Seq_Frame0011_ForcepToReference-SequenceTransform =0.305433 -0.797859 -0.519743 -135.776 0.212323 -0.475019 0.853977 41.16 -0.92824 -0.371186 0.0243175 62.8051 0 0 0 1 
Seq_Frame0011_ForcepToReference-SequenceTransformStatus = OK
Seq_Frame0011_Timestamp = 1.143
Seq_Frame0012_ForcepToReference-SequenceTransform =0.305759 -0.797827 -0.519599 -135.788 0.212394 -0.474827 0.854065 41.172 -0.928116 -0.371498 0.0242714 62.7626 0 0 0 1 
Seq_Frame0012_ForcepToReference-SequenceTransformStatus = OK
Seq_Frame0012_Timestamp = 1.247
Seq_Frame0013_ForcepToReference-SequenceTransform =0.309551 -0.796989 -0.518639 -135.779 0.21532 -0.472511 0.854618 41.1853 -0.926183 -0.376221 0.0253415 62.775 0 0 0 1 
Seq_Frame0013_ForcepToReference-SequenceTransformStatus = OK
Seq_Frame0013_Timestamp = 1.352
Seq_Frame0014_ForcepToReference-SequenceTransform =0.305362 -0.797868 -0.519769 -135.756 0.21286 -0.474834 0.853946 41.1658 -0.92814 -0.371401 0.0248378 62.804 0 0 0 1 
Seq_Frame0014_ForcepToReference-SequenceTransformStatus = OK
Seq_Frame0014_Timestamp = 1.452
Seq_Frame0015_ForcepToReference-SequenceTransform =0.30584 -0.797707 -0.519736 -135.774 0.212973 -0.474739 0.85397 41.1483 -0.927957 -0.371868 0.0246957 62.8212 0 0 0 1 
Seq_Frame0015_ForcepToReference-SequenceTransformStatus = OK
Seq_Frame0015_Timestamp = 1.559
Seq_Frame0016_ForcepToReference-SequenceTransform =0.309243 -0.797169 -0.518546 -135.756 0.215621 -0.472297 0.85466 41.1593 -0.926216 -0.376107 0.0258315 62.892 0 0 0 1 
Seq_Frame0016_ForcepToReference-SequenceTransformStatus = OK
Seq_Frame0016_Timestamp = 1.673
Seq_Frame0017_ForcepToReference-SequenceTransform =0.305435 -0.797812 -0.519813 -135.748 0.212996 -0.474825 0.853917 41.1304 -0.928085 -0.371535 0.0249028 62.8862 0 0 0 1 
Seq_Frame0017_ForcepToReference-SequenceTransformStatus = OK
Seq_Frame0017_Timestamp = 1.778
Seq_Frame0018_ForcepToReference-SequenceTransform =0.2989 -0.798828 -0.522047 -135.806 0.209197 -0.478899 0.85258 41.1736 -0.931072 -0.364046 0.0239698 62.5053 0 0 0 1 
Seq_Frame0018_ForcepToReference-SequenceTransformStatus = OK
Seq_Frame0018_Timestamp = 1.883
Seq_Frame0019_ForcepToReference-SequenceTransform =0.306073 -0.797514 -0.519895 -135.799 0.211721 -0.475405 0.853911 41.158 -0.928167 -0.371432 0.0233418 62.7458 0 0 0 1 
Seq_Frame0019_ForcepToReference-SequenceTransformStatus = OK
Seq_Frame0019_Timestamp = 1.993
Seq_Frame0020_ForcepToReference-SequenceTransform =0.309399 -0.797107 -0.518549 -135.745 0.214633 -0.472697 0.854687 41.1454 -0.926394 -0.375737 0.0248335 62.9025 0 0 0 1 
Seq_Frame0020_ForcepToReference-SequenceTransformStatus = OK
Seq_Frame0020_Timestamp = 2.096
Seq_Frame0021_ForcepToReference-SequenceTransform =0.308427 -0.797375 -0.518715 -135.741 0.215378 -0.472602 0.854553 41.1447 -0.926545 -0.375287 0.0259739 62.9164 0 0 0 1 
Seq_Frame0021_ForcepToReference-SequenceTransformStatus = OK
Seq_Frame0021_Timestamp = 2.197
Seq_Frame0022_ForcepToReference-SequenceTransform =0.306084 -0.797847 -0.519377 -135.763 0.214423 -0.473767 0.854147 41.1614 -0.927542 -0.372808 0.0260642 62.8071 0 0 0 1 
Seq_Frame0022_ForcepToReference-SequenceTransformStatus = OK
Seq_Frame0022_Timestamp = 2.302
Seq_Frame0023_ForcepToReference-SequenceTransform =0.306788 -0.797554 -0.519411 -135.735 0.214296 -0.473833 0.854142 41.1334 -0.927339 -0.373348 0.0255466 62.856 0 0 0 1 
Seq_Frame0023_ForcepToReference-SequenceTransformStatus = OK
Seq_Frame0023_Timestamp = 2.412
Seq_Frame0024_ForcepToReference-SequenceTransform =0.306233 -0.797583 -0.519695 -135.738 0.213627 -0.474422 0.853983 41.1226 -0.927677 -0.372539 0.0251015 62.8942 0 0 0 1 
Seq_Frame0024_ForcepToReference-SequenceTransformStatus = OK
Seq_Frame0024_Timestamp = 2.517
Seq_Frame0025_ForcepToReference-SequenceTransform =0.306691 -0.797434 -0.519654 -135.761 0.214023 -0.474206 0.854004 41.1395 -0.927434 -0.373134 0.0252344 62.8778 0 0 0 1 
Seq_Frame0025_ForcepToReference-SequenceTransformStatus = OK
Seq_Frame0025_Timestamp = 2.617
Seq_Frame0026_ForcepToReference-SequenceTransform =0.309485 -0.796874 -0.518856 -135.735 0.215374 -0.472723 0.854487 41.1135 -0.926193 -0.376199 0.0253253 62.9738 0 0 0 1 
Seq_Frame0026_ForcepToReference-SequenceTransformStatus = OK
Seq_Frame0026_Timestamp = 2.724
Seq_Frame0027_ForcepToReference-SequenceTransform =0.308688 -0.797016 -0.519112 -135.732 0.215937 -0.472793 0.854306 41.1158 -0.926328 -0.375809 0.0261596 62.9595 0 0 0 1 
Seq_Frame0027_ForcepToReference-SequenceTransformStatus = OK
Seq_Frame0027_Timestamp = 2.829
Seq_Frame0028_ForcepToReference-SequenceTransform =0.305178 -0.797764 -0.520037 -135.748 0.213859 -0.474726 0.853756 41.1168 -0.927971 -0.371762 0.0257327 62.888 0 0 0 1 
Seq_Frame0028_ForcepToReference-SequenceTransformStatus = OK
Seq_Frame0028_Timestamp = 2.932
Seq_Frame0029_ForcepToReference-SequenceTransform =0.305473 -0.797744 -0.519895 -135.73 0.213259 -0.474806 0.853862 41.1111 -0.928012 -0.371704 0.0250855 62.9463 0 0 0 1 
Seq_Frame0029_ForcepToReference-SequenceTransformStatus = OK
Seq_Frame0029_Timestamp = 3.038
Seq_Frame0030_ForcepToReference-SequenceTransform =0.305352 -0.797763 -0.519938 -135.741 0.214593 -0.47432 0.853797 41.1194 -0.927745 -0.372284 0.0263596 62.9183 0 0 0 1 
Seq_Frame0030_ForcepToReference-SequenceTransformStatus = OK
Seq_Frame0030_Timestamp = 3.142
Seq_Frame0031_ForcepToReference-SequenceTransform =0.304448 -0.797908 -0.520244 -135.744 0.214484 -0.474719 0.853603 41.1164 -0.928067 -0.371462 0.0266113 62.9088 0 0 0 1 
Seq_Frame0031_ForcepToReference-SequenceTransformStatus = OK
Seq_Frame0031_Timestamp = 3.242
Seq_Frame0032_ForcepToReference-SequenceTransform =0.305463 -0.797711 -0.519952 -135.758 0.214505 -0.474367 0.853794 41.14 -0.927728 -0.372335 0.0262113 62.8465 0 0 0 1 
Seq_Frame0032_ForcepToReference-SequenceTransformStatus = OK
Seq_Frame0032_Timestamp = 3.344
Seq_Frame0033_ForcepToReference-SequenceTransform =0.309081 -0.792645 -0.52553 -136.116 0.214829 -0.480114 0.850493 42.7099 -0.926454 -0.375771 0.0218891 64.8691 0 0 0 1 
Seq_Frame0033_ForcepToReference-SequenceTransformStatus = OK
Seq_Frame0033_Timestamp = 3.447
Seq_Frame0034_ForcepToReference-SequenceTransform =0.170586 -0.693346 -0.700123 -135.927 0.300129 -0.640213 0.707142 46.9676 -0.938522 -0.330755 0.0988819 64.3999 0 0 0 1 
Seq_Frame0034_ForcepToReference-SequenceTransformStatus = OK
Seq_Frame0034_Timestamp = 3.548
Seq_Frame0035_ForcepToReference-SequenceTransform =-0.187052 -0.485357 -0.854073 -145.964 0.388667 -0.83504 0.389418 58.9136 -0.902191 -0.259109 0.344838 58.9188 0 0 0 1 
Seq_Frame0035_ForcepToReference-SequenceTransformStatus = OK
Seq_Frame0035_Timestamp = 3.651
Seq_Frame0036_ForcepToReference-SequenceTransform =-0.287106 -0.457229 -0.841731 -148.775 0.393964 -0.857331 0.331326 60.925 -0.873134 -0.236486 0.426276 57.4192 0 0 0 1 
Seq_Frame0036_ForcepToReference-SequenceTransformStatus = OK
Seq_Frame0036_Timestamp = 3.763
Seq_Frame0037_ForcepToReference-SequenceTransform =-0.670075 -0.0139612 -0.742162 -144.354 0.323524 -0.905356 -0.275069 129.16 -0.66808 -0.424424 0.611173 34.8567 0 0 0 1 
Seq_Frame0037_ForcepToReference-SequenceTransformStatus = OK
Seq_Frame0037_Timestamp = 3.868
Seq_Frame0038_ForcepToReference-SequenceTransform =-0.714187 0.661978 0.227425 -133.725 -0.437424 -0.168448 -0.883338 168.824 -0.546441 -0.73035 0.409868 22.2503 0 0 0 1 
Seq_Frame0038_ForcepToReference-SequenceTransformStatus = OK
Seq_Frame0038_Timestamp = 3.977
Seq_Frame0039_ForcepToReference-SequenceTransform =-0.707723 0.617896 0.342538 -117.993 -0.41869 0.0237034 -0.90782 191.136 -0.569057 -0.785903 0.241931 17.3262 0 0 0 1 
Seq_Frame0039_ForcepToReference-SequenceTransformStatus = OK
Seq_Frame0039_Timestamp = 4.077
Seq_Frame0040_ForcepToReference-SequenceTransform =-0.708036 0.583125 0.398308 -111.999 -0.411732 0.117362 -0.903716 198.103 -0.573726 -0.80386 0.156994 18.0334 0 0 0 1 
Seq_Frame0040_ForcepToReference-SequenceTransformStatus = OK
Seq_Frame0040_Timestamp = 6.677
Seq_Frame0041_ForcepToReference-SequenceTransform =-0.708036 0.583125 0.398308 -111.999 -0.411732 0.117362 -0.903716 198.103 -0.573726 -0.80386 0.156994 18.0334 0 0 0 1 
Seq_Frame0041_ForcepToReference-SequenceTransformStatus = OK
Seq_Frame0041_Timestamp = 6.778
Seq_Frame0042_ForcepToReference-SequenceTransform =-0.559178 0.538298 0.630519 -31.7996 -0.537021 0.344229 -0.77014 205.658 -0.631608 -0.769247 0.096592 46.8768 0 0 0 1 
Seq_Frame0042_ForcepToReference-SequenceTransformStatus = OK
Seq_Frame0042_Timestamp = 6.887
Seq_Frame0043_ForcepToReference-SequenceTransform =-0.58332 0.639531 0.500737 -21.5553 -0.537729 0.157983 -0.828184 190.876 -0.608757 -0.752358 0.25174 52.6494 0 0 0 1 
Seq_Frame0043_ForcepToReference-SequenceTransformStatus = OK
Seq_Frame0043_Timestamp = 6.992
Seq_Frame0044_ForcepToReference-SequenceTransform =-0.573672 0.662235 0.482022 -17.0945 -0.519749 0.160519 -0.839104 185.382 -0.633057 -0.731901 0.25211 57.9177 0 0 0 1 
Seq_Frame0044_ForcepToReference-SequenceTransformStatus = OK
Seq_Frame0044_Timestamp = 7.097
Seq_Frame0045_ForcepToReference-SequenceTransform =-0.56825 0.682642 0.459448 -16.3833 -0.520223 0.134571 -0.843362 180.688 -0.637542 -0.718256 0.278656 62.2539 0 0 0 1 
Seq_Frame0045_ForcepToReference-SequenceTransformStatus = OK
Seq_Frame0045_Timestamp = 7.198
Seq_Frame0046_ForcepToReference-SequenceTransform =-0.577023 0.681352 0.450338 -20.8718 -0.519566 0.119202 -0.846075 177.668 -0.630156 -0.722185 0.285225 63.5619 0 0 0 1 
Seq_Frame0046_ForcepToReference-SequenceTransformStatus = OK
Seq_Frame0046_Timestamp = 7.302
Seq_Frame0047_ForcepToReference-SequenceTransform =-0.686823 0.563564 0.458988 -43.0757 -0.462105 0.148845 -0.874245 181.518 -0.561011 -0.812552 0.158196 51.2002 0 0 0 1 
Seq_Frame0047_ForcepToReference-SequenceTransformStatus = OK
Seq_Frame0047_Timestamp = 7.403
Seq_Frame0048_ForcepToReference-SequenceTransform =-0.653305 0.305434 0.69275 -54.8031 -0.722386 0.0223931 -0.691127 194.102 -0.226607 -0.95195 0.206012 56.9133 0 0 0 1 
Seq_Frame0048_ForcepToReference-SequenceTransformStatus = OK
Seq_Frame0048_Timestamp = 7.957
Seq_Frame0049_ForcepToReference-SequenceTransform =-0.631321 0.284924 0.721285 -39.5444 -0.772514 -0.149215 -0.617217 175.438 -0.0682334 -0.946865 0.31431 75.2757 0 0 0 1 
Seq_Frame0049_ForcepToReference-SequenceTransformStatus = OK
Seq_Frame0049_Timestamp = 8.057
Seq_Frame0050_ForcepToReference-SequenceTransform =-0.636051 0.210181 0.742471 -35.9289 -0.771531 -0.189903 -0.607187 169.45 0.0133789 -0.959042 0.282949 80.1209 0 0 0 1 
Seq_Frame0050_ForcepToReference-SequenceTransformStatus = OK
Seq_Frame0050_Timestamp = 8.158
Seq_Frame0051_ForcepToReference-SequenceTransform =-0.642409 0.199298 0.739994 -32.7515 -0.766038 -0.195063 -0.612483 167.255 0.0222789 -0.960328 0.27798 81.9636 0 0 0 1 
Seq_Frame0051_ForcepToReference-SequenceTransformStatus = OK
Seq_Frame0051_Timestamp = 8.259
Seq_Frame0052_ForcepToReference-SequenceTransform =-0.639031 0.165052 0.751263 -33.7196 -0.757209 0.0366636 -0.652143 183.068 -0.135182 -0.985603 0.10155 77.7179 0 0 0 1 
Seq_Frame0052_ForcepToReference-SequenceTransformStatus = OK
Seq_Frame0052_Timestamp = 8.368
Seq_Frame0053_ForcepToReference-SequenceTransform =-0.646692 0.112731 0.754374 -42.008 -0.490619 0.695792 -0.524563 228.67 -0.584022 -0.709342 -0.394655 73.9299 0 0 0 1 
Seq_Frame0053_ForcepToReference-SequenceTransformStatus = OK
Seq_Frame0053_Timestamp = 8.477
Seq_Frame0054_ForcepToReference-SequenceTransform =-0.57953 0.163723 0.798336 -38.7129 -0.281158 0.879299 -0.384426 238.292 -0.764915 -0.447245 -0.463548 75.5636 0 0 0 1 
Seq_Frame0054_ForcepToReference-SequenceTransformStatus = OK
Seq_Frame0054_Timestamp = 8.578
Seq_Frame0055_ForcepToReference-SequenceTransform =-0.573961 0.276299 0.770862 -32.3908 -0.565469 0.547152 -0.617146 213.737 -0.592295 -0.790116 -0.157805 60.444 0 0 0 1 
Seq_Frame0055_ForcepToReference-SequenceTransformStatus = OK
Seq_Frame0055_Timestamp = 8.682
Seq_Frame0056_ForcepToReference-SequenceTransform =-0.239279 -0.948263 -0.208667 -26.5709 0.394753 -0.291356 0.871368 174.664 -0.887082 0.126128 0.444046 64.3544 0 0 0 1 
Seq_Frame0056_ForcepToReference-SequenceTransformStatus = OK
Seq_Frame0056_Timestamp = 8.988
Seq_Frame0057_ForcepToReference-SequenceTransform =-0.251428 -0.945324 -0.207717 -21.3658 0.39553 -0.296227 0.869371 173.908 -0.883369 0.136425 0.448384 72.1497 0 0 0 1 
Seq_Frame0057_ForcepToReference-SequenceTransformStatus = OK
Seq_Frame0057_Timestamp = 9.094
Seq_Frame0058_ForcepToReference-SequenceTransform =-0.313801 -0.937436 -0.150807 -23.0826 0.626039 -0.323691 0.709436 177.064 -0.713866 0.12821 0.688446 78.7858 0 0 0 1 
Seq_Frame0058_ForcepToReference-SequenceTransformStatus = OK
Seq_Frame0058_Timestamp = 9.199
Seq_Frame0059_ForcepToReference-SequenceTransform =-0.337636 -0.924753 -0.175597 -23.3767 0.291368 -0.280068 0.914695 169.804 -0.895046 0.25767 0.364005 80.1104 0 0 0 1 
Seq_Frame0059_ForcepToReference-SequenceTransformStatus = OK
Seq_Frame0059_Timestamp = 9.308
Seq_Frame0060_ForcepToReference-SequenceTransform =-0.341813 -0.929453 -0.138858 -25.1357 0.249981 -0.232359 0.939957 166.693 -0.90591 0.286577 0.311769 79.5509 0 0 0 1 
Seq_Frame0060_ForcepToReference-SequenceTransformStatus = OK
Seq_Frame0060_Timestamp = 9.417
Seq_Frame0061_ForcepToReference-SequenceTransform =-0.349083 -0.929767 -0.116935 -27.8236 0.210483 -0.199392 0.957048 161.718 -0.913147 0.309477 0.265304 81.8235 0 0 0 1 
Seq_Frame0061_ForcepToReference-SequenceTransformStatus = OK
Seq_Frame0061_Timestamp = 9.518
Seq_Frame0062_ForcepToReference-SequenceTransform =-0.364927 -0.925376 -0.102509 -28.81 0.120921 -0.156278 0.980283 151.964 -0.92315 0.345336 0.168927 89.183 0 0 0 1 
Seq_Frame0062_ForcepToReference-SequenceTransformStatus = OK
Seq_Frame0062_Timestamp = 9.628
Seq_Frame0063_ForcepToReference-SequenceTransform =-0.360359 -0.929911 -0.0735284 -29.0986 0.104251 -0.118479 0.987469 150.045 -0.92697 0.348178 0.139639 93.3096 0 0 0 1 
Seq_Frame0063_ForcepToReference-SequenceTransformStatus = OK
Seq_Frame0063_Timestamp = 9.735
Seq_Frame0064_ForcepToReference-SequenceTransform =-0.381449 -0.922671 -0.0563417 -31.2082 0.118736 -0.109351 0.986886 151.071 -0.916732 0.369757 0.151266 93.5311 0 0 0 1 
Seq_Frame0064_ForcepToReference-SequenceTransformStatus = OK
Seq_Frame0064_Timestamp = 9.842
Seq_Frame0065_ForcepToReference-SequenceTransform =-0.379244 -0.923714 -0.0540974 -31.4682 0.132112 -0.111921 0.984896 152.896 -0.915817 0.366368 0.164479 93.1261 0 0 0 1 
Seq_Frame0065_ForcepToReference-SequenceTransformStatus = OK
Seq_Frame0065_Timestamp = 9.942
Seq_Frame0066_ForcepToReference-SequenceTransform =-0.378362 -0.923157 -0.067994 -31.1905 0.154587 -0.13544 0.978652 156.17 -0.912658 0.359773 0.193953 91.3064 0 0 0 1 
Seq_Frame0066_ForcepToReference-SequenceTransformStatus = OK
Seq_Frame0066_Timestamp = 10.043
Seq_Frame0067_ForcepToReference-SequenceTransform =-0.386798 -0.919253 -0.0732211 -31.3824 0.156807 -0.14381 0.977103 157.106 -0.908735 0.36646 0.199771 91.3638 0 0 0 1 
Seq_Frame0067_ForcepToReference-SequenceTransformStatus = OK
Seq_Frame0067_Timestamp = 10.143
Seq_Frame0068_ForcepToReference-SequenceTransform =-0.386433 -0.918933 -0.0789471 -31.1282 0.166083 -0.153527 0.974087 159.12 -0.907241 0.363308 0.211947 89.9626 0 0 0 1 
Seq_Frame0068_ForcepToReference-SequenceTransformStatus = OK
Seq_Frame0068_Timestamp = 10.252
Seq_Frame0069_ForcepToReference-SequenceTransform =-0.379506 -0.922393 -0.0718755 -31.362 0.213606 -0.162943 0.963235 162.992 -0.900193 0.350201 0.258866 88.0534 0 0 0 1 
Seq_Frame0069_ForcepToReference-SequenceTransformStatus = OK
Seq_Frame0069_Timestamp = 10.362
Seq_Frame0070_ForcepToReference-SequenceTransform =-0.390215 -0.917289 -0.079457 -31.9764 0.264095 -0.194182 0.944747 166.613 -0.882035 0.34767 0.318024 85.6495 0 0 0 1 
Seq_Frame0070_ForcepToReference-SequenceTransformStatus = OK
Seq_Frame0070_Timestamp = 10.467
Seq_Frame0071_ForcepToReference-SequenceTransform =-0.370849 -0.924573 -0.0873836 -31.443 0.286875 -0.203539 0.936095 169.752 -0.883274 0.322082 0.340719 83.4232 0 0 0 1 
Seq_Frame0071_ForcepToReference-SequenceTransformStatus = OK
Seq_Frame0071_Timestamp = 10.567
Seq_Frame0072_ForcepToReference-SequenceTransform =-0.355684 -0.930809 -0.0841603 -32.3648 0.326562 -0.208148 0.921972 173.405 -0.875698 0.300447 0.378001 81.6336 0 0 0 1 
Seq_Frame0072_ForcepToReference-SequenceTransformStatus = OK
Seq_Frame0072_Timestamp = 10.678
Seq_Frame0073_ForcepToReference-SequenceTransform =-0.361023 -0.929751 -0.0722871 -33.1667 0.355569 -0.208898 0.911006 178.308 -0.862109 0.303191 0.406008 76.8827 0 0 0 1 
Seq_Frame0073_ForcepToReference-SequenceTransformStatus = OK
Seq_Frame0073_Timestamp = 10.778
Seq_Frame0074_ForcepToReference-SequenceTransform =-0.357827 -0.93085 -0.0740096 -33.5071 0.380042 -0.21757 0.899017 180.12 -0.852952 0.293566 0.431615 76.0544 0 0 0 1 
Seq_Frame0074_ForcepToReference-SequenceTransformStatus = OK
Seq_Frame0074_Timestamp = 10.882
Seq_Frame0075_ForcepToReference-SequenceTransform =-0.702656 0.302769 -0.643898 104.875 0.706402 0.405286 -0.580293 313.931 0.0852681 -0.862597 -0.498653 243.213 0 0 0 1 
Seq_Frame0075_ForcepToReference-SequenceTransformStatus = OK
Seq_Frame0075_Timestamp = 11.257
Seq_Frame0076_ForcepToReference-SequenceTransform =-0.72017 0.341745 -0.603792 108.009 0.692402 0.40919 -0.594259 317.525 0.0439806 -0.846034 -0.531311 239.762 0 0 0 1 
Seq_Frame0076_ForcepToReference-SequenceTransformStatus = OK
Seq_Frame0076_Timestamp = 11.357
Seq_Frame0077_ForcepToReference-SequenceTransform =-0.72017 0.341745 -0.603792 108.009 0.692402 0.40919 -0.594259 317.525 0.0439806 -0.846034 -0.531311 239.762 0 0 0 1 
Seq_Frame0077_ForcepToReference-SequenceTransformStatus = OK
Seq_Frame0077_Timestamp = 11.46
Seq_Frame0078_ForcepToReference-SequenceTransform =-0.72017 0.341745 -0.603792 108.009 0.692402 0.40919 -0.594259 317.525 0.0439806 -0.846034 -0.531311 239.762 0 0 0 1 
Seq_Frame0078_ForcepToReference-SequenceTransformStatus = OK
Seq_Frame0078_Timestamp = 11.567
Seq_Frame0079_ForcepToReference-SequenceTransform =-0.270991 -0.958973 0.0832798 -21.2788 0.84024 -0.193451 0.506531 243.254 -0.469639 0.207241 0.85819 80.8167 0 0 0 1 
Seq_Frame0079_ForcepToReference-SequenceTransformStatus = OK
Seq_Frame0079_Timestamp = 11.668
Seq_Frame0080_ForcepToReference-SequenceTransform =-0.273827 -0.958617 0.0779277 -21.2774 0.846601 -0.201794 0.492489 245.842 -0.456383 0.20083 0.866823 80.5798 0 0 0 1 
Seq_Frame0080_ForcepToReference-SequenceTransformStatus = OK
Seq_Frame0080_Timestamp = 11.768
Seq_Frame0081_ForcepToReference-SequenceTransform =-0.279196 -0.9561 0.0890087 -23.1571 0.856926 -0.20626 0.472372 247.685 -0.433275 0.208158 0.876894 80.1395 0 0 0 1 
Seq_Frame0081_ForcepToReference-SequenceTransformStatus = OK
Seq_Frame0081_Timestamp = 11.869
Seq_Frame0082_ForcepToReference-SequenceTransform =-0.275953 -0.953645 0.120044 -24.6939 0.869681 -0.19455 0.453658 248.985 -0.409274 0.229588 0.883054 79.7099 0 0 0 1 
Seq_Frame0082_ForcepToReference-SequenceTransformStatus = OK
Seq_Frame0082_Timestamp = 11.977
Seq_Frame0083_ForcepToReference-SequenceTransform =-0.272448 -0.955395 0.113986 -23.694 0.871488 -0.194825 0.450058 250.246 -0.407776 0.221955 0.885695 81.09 0 0 0 1 
Seq_Frame0083_ForcepToReference-SequenceTransformStatus = OK
Seq_Frame0083_Timestamp = 12.082
Seq_Frame0084_ForcepToReference-SequenceTransform =-0.258649 -0.961969 0.0878412 -22.2204 0.881302 -0.197769 0.429178 252.066 -0.395484 0.188421 0.898938 82.6779 0 0 0 1 
Seq_Frame0084_ForcepToReference-SequenceTransformStatus = OK
Seq_Frame0084_Timestamp = 12.187
Seq_Frame0085_ForcepToReference-SequenceTransform =-0.245804 -0.965096 0.0903838 -21.2703 0.89979 -0.1925 0.391562 255.487 -0.360496 0.177574 0.915702 85.2362 0 0 0 1 
Seq_Frame0085_ForcepToReference-SequenceTransformStatus = OK
Seq_Frame0085_Timestamp = 12.292
Seq_Frame0086_ForcepToReference-SequenceTransform =-0.251567 -0.963983 0.0863177 -20.3215 0.901281 -0.200831 0.383875 258.673 -0.352714 0.174367 0.919342 87.1702 0 0 0 1 
Seq_Frame0086_ForcepToReference-SequenceTransformStatus = OK
Seq_Frame0086_Timestamp = 12.393
Seq_Frame0087_ForcepToReference-SequenceTransform =-0.249308 -0.963951 0.0929711 -20.0992 0.909791 -0.200235 0.363574 261.203 -0.331851 0.175226 0.926915 88.9419 0 0 0 1 
Seq_Frame0087_ForcepToReference-SequenceTransformStatus = OK
Seq_Frame0087_Timestamp = 12.503
Seq_Frame0088_ForcepToReference-SequenceTransform =-0.249457 -0.964586 0.085701 -19.8674 0.912332 -0.204423 0.35477 262.331 -0.324687 0.166688 0.931018 89.0572 0 0 0 1 
Seq_Frame0088_ForcepToReference-SequenceTransformStatus = OK
Seq_Frame0088_Timestamp = 12.603
Seq_Frame0089_ForcepToReference-SequenceTransform =-0.249576 -0.96441 0.087326 -19.946 0.910411 -0.20296 0.360498 261.394 -0.329944 0.169474 0.928663 88.6708 0 0 0 1 
Seq_Frame0089_ForcepToReference-SequenceTransformStatus = OK
Seq_Frame0089_Timestamp = 12.712
Seq_Frame0090_ForcepToReference-SequenceTransform =-0.244736 -0.965112 0.093074 -20.0391 0.913383 -0.197276 0.35611 261.343 -0.325325 0.172165 0.929797 88.9172 0 0 0 1 
Seq_Frame0090_ForcepToReference-SequenceTransformStatus = OK
Seq_Frame0090_Timestamp = 12.817
Seq_Frame0091_ForcepToReference-SequenceTransform =-0.24497 -0.965489 0.0884292 -20.1009 0.910632 -0.197824 0.362788 261.632 -0.332774 0.169399 0.927667 88.246 0 0 0 1 
Seq_Frame0091_ForcepToReference-SequenceTransformStatus = OK
Seq_Frame0091_Timestamp = 12.927
Seq_Frame0092_ForcepToReference-SequenceTransform =-0.242857 -0.965275 0.0962483 -19.9323 0.910712 -0.192701 0.365335 261.435 -0.334102 0.176379 0.925887 88.1705 0 0 0 1 
Seq_Frame0092_ForcepToReference-SequenceTransformStatus = OK
Seq_Frame0092_Timestamp = 13.037
Seq_Frame0093_ForcepToReference-SequenceTransform =-0.242239 -0.967349 0.0745405 -19.4646 0.907677 -0.198817 0.369587 261.48 -0.3427 0.157187 0.926201 87.4415 0 0 0 1 
Seq_Frame0093_ForcepToReference-SequenceTransformStatus = OK
Seq_Frame0093_Timestamp = 13.142
Seq_Frame0094_ForcepToReference-SequenceTransform =-0.239055 -0.968343 0.0718698 -19.4216 0.908342 -0.196855 0.369004 260.955 -0.343174 0.153494 0.926645 87.1792 0 0 0 1 
Seq_Frame0094_ForcepToReference-SequenceTransformStatus = OK
Seq_Frame0094_Timestamp = 13.242
Seq_Frame0095_ForcepToReference-SequenceTransform =-0.241416 -0.967245 0.0784573 -19.4151 0.902821 -0.194216 0.38366 259.897 -0.355856 0.163455 0.920135 87.0962 0 0 0 1 
Seq_Frame0095_ForcepToReference-SequenceTransformStatus = OK
Seq_Frame0095_Timestamp = 13.344
Seq_Frame0096_ForcepToReference-SequenceTransform =-0.237406 -0.967495 0.0871339 -19.8568 0.903654 -0.187044 0.385257 257.997 -0.356437 0.170201 0.918686 86.0356 0 0 0 1 
Seq_Frame0096_ForcepToReference-SequenceTransformStatus = OK
Seq_Frame0096_Timestamp = 13.452
Seq_Frame0097_ForcepToReference-SequenceTransform =-0.232797 -0.970114 0.0684428 -19.2366 0.901875 -0.189016 0.388453 256.973 -0.363906 0.152157 0.918923 85.7248 0 0 0 1 
Seq_Frame0097_ForcepToReference-SequenceTransformStatus = OK
Seq_Frame0097_Timestamp = 13.562
Seq_Frame0098_ForcepToReference-SequenceTransform =-0.234717 -0.970379 0.0572104 -18.9683 0.900942 -0.195069 0.387622 256.905 -0.364981 0.142525 0.920041 86.6734 0 0 0 1 
Seq_Frame0098_ForcepToReference-SequenceTransformStatus = OK
Seq_Frame0098_Timestamp = 13.667
Seq_Frame0099_ForcepToReference-SequenceTransform =-0.233431 -0.969561 0.0739013 -20.7167 0.903717 -0.188271 0.384512 256.337 -0.358894 0.156543 0.920157 85.458 0 0 0 1 
Seq_Frame0099_ForcepToReference-SequenceTransformStatus = OK
Seq_Frame0099_Timestamp = 13.773
Seq_Frame0100_ForcepToReference-SequenceTransform =-0.228831 -0.96927 0.0902873 -22.9453 0.910981 -0.180526 0.370842 254.742 -0.343147 0.16711 0.924297 83.2978 0 0 0 1 
Seq_Frame0100_ForcepToReference-SequenceTransformStatus = OK
Seq_Frame0100_Timestamp = 13.873
Seq_Frame0101_ForcepToReference-SequenceTransform =-0.22835 -0.967151 0.111688 -23.6257 0.91548 -0.174269 0.362666 254.293 -0.331289 0.185063 0.925202 82.4554 0 0 0 1 
Seq_Frame0101_ForcepToReference-SequenceTransformStatus = OK
Seq_Frame0101_Timestamp = 13.977
Seq_Frame0102_ForcepToReference-SequenceTransform =-0.225182 -0.966853 0.120368 -23.6137 0.918065 -0.169186 0.358514 254.284 -0.326265 0.191236 0.925732 82.5074 0 0 0 1 
Seq_Frame0102_ForcepToReference-SequenceTransformStatus = OK
Seq_Frame0102_Timestamp = 14.082
Seq_Frame0103_ForcepToReference-SequenceTransform =-0.231047 -0.965916 0.116723 -22.898 0.917806 -0.176567 0.355608 256.36 -0.322878 0.189291 0.927318 84.5783 0 0 0 1 
Seq_Frame0103_ForcepToReference-SequenceTransformStatus = OK
Seq_Frame0103_Timestamp = 14.185
Seq_Frame0104_ForcepToReference-SequenceTransform =-0.233367 -0.96447 0.123843 -22.1035 0.922308 -0.1792 0.342397 259.247 -0.308039 0.194126 0.931358 86.8053 0 0 0 1 
Seq_Frame0104_ForcepToReference-SequenceTransformStatus = OK
Seq_Frame0104_Timestamp = 14.292
Seq_Frame0105_ForcepToReference-SequenceTransform =-0.23269 -0.964553 0.124471 -22.0136 0.926698 -0.181062 0.329313 261.125 -0.295103 0.191975 0.935981 87.8423 0 0 0 1 
Seq_Frame0105_ForcepToReference-SequenceTransformStatus = OK
Seq_Frame0105_Timestamp = 14.393
Seq_Frame0106_ForcepToReference-SequenceTransform =-0.22552 -0.965342 0.131364 -21.4188 0.936154 -0.177393 0.303557 264.889 -0.269733 0.191435 0.943714 90.2969 0 0 0 1 
Seq_Frame0106_ForcepToReference-SequenceTransformStatus = OK
Seq_Frame0106_Timestamp = 14.503
Seq_Frame0107_ForcepToReference-SequenceTransform =-0.214633 -0.966093 0.143515 -21.1564 0.950224 -0.172572 0.259411 269.275 -0.225848 0.19205 0.955044 92.8994 0 0 0 1 
Seq_Frame0107_ForcepToReference-SequenceTransformStatus = OK
Seq_Frame0107_Timestamp = 14.607
Seq_Frame0108_ForcepToReference-SequenceTransform =-0.21186 -0.967893 0.135273 -20.9531 0.954928 -0.175571 0.239347 271.127 -0.207912 0.179884 0.961465 94.8448 0 0 0 1 
Seq_Frame0108_ForcepToReference-SequenceTransformStatus = OK
Seq_Frame0108_Timestamp = 14.712
Seq_Frame0109_ForcepToReference-SequenceTransform =-0.207539 -0.960375 0.186031 -22.2553 0.955644 -0.158423 0.248286 270.19 -0.208976 0.229308 0.950656 93.8991 0 0 0 1 
Seq_Frame0109_ForcepToReference-SequenceTransformStatus = OK
Seq_Frame0109_Timestamp = 14.818
Seq_Frame0110_ForcepToReference-SequenceTransform =-0.19117 -0.941294 0.278242 -22.4655 0.960448 -0.120913 0.250839 268.523 -0.20247 0.31519 0.927179 91.022 0 0 0 1 
Seq_Frame0110_ForcepToReference-SequenceTransformStatus = OK
Seq_Frame0110_Timestamp = 14.927
Seq_Frame0111_ForcepToReference-SequenceTransform =-0.19117 -0.941294 0.278242 -22.4655 0.960448 -0.120913 0.250839 268.523 -0.20247 0.31519 0.927179 91.022 0 0 0 1 
Seq_Frame0111_ForcepToReference-SequenceTransformStatus = OK
Seq_Frame0111_Timestamp = 15.037
Seq_Frame0112_ForcepToReference-SequenceTransform =-0.19117 -0.941294 0.278242 -22.4655 0.960448 -0.120913 0.250839 268.523 -0.20247 0.31519 0.927179 91.022 0 0 0 1 
Seq_Frame0112_ForcepToReference-SequenceTransformStatus = OK
Seq_Frame0112_Timestamp = 15.137
Seq_Frame0113_ForcepToReference-SequenceTransform =-0.19117 -0.941294 0.278242 -22.4655 0.960448 -0.120913 0.250839 268.523 -0.20247 0.31519 0.927179 91.022 0 0 0 1 
Seq_Frame0113_ForcepToReference-SequenceTransformStatus = OK
Seq_Frame0113_Timestamp = 15.243
Seq_Frame0114_ForcepToReference-SequenceTransform =-0.641905 0.640027 -0.422284 78.6605 0.722213 0.319619 -0.613394 259.428 -0.257618 -0.69872 -0.667401 193.673 0 0 0 1 
Seq_Frame0114_ForcepToReference-SequenceTransformStatus = OK
Seq_Frame0114_Timestamp = 15.354
Seq_Frame0115_ForcepToReference-SequenceTransform =-0.192596 -0.963262 0.187173 -17.33 0.9489 -0.134228 0.285608 264.358 -0.249991 0.232616 0.939891 92.9184 0 0 0 1 
Seq_Frame0115_ForcepToReference-SequenceTransformStatus = OK
Seq_Frame0115_Timestamp = 15.455
Seq_Frame0116_ForcepToReference-SequenceTransform =-0.193048 -0.966785 0.167508 -17.0339 0.947711 -0.13951 0.28702 264.028 -0.254118 0.214158 0.943165 93.1212 0 0 0 1 
Seq_Frame0116_ForcepToReference-SequenceTransformStatus = OK
Seq_Frame0116_Timestamp = 15.557
Seq_Frame0117_ForcepToReference-SequenceTransform =-0.192717 -0.968889 0.155286 -16.6165 0.946955 -0.142161 0.288212 263.194 -0.25717 0.202592 0.944892 93.2935 0 0 0 1 
Seq_Frame0117_ForcepToReference-SequenceTransformStatus = OK
Seq_Frame0117_Timestamp = 15.66
Seq_Frame0118_ForcepToReference-SequenceTransform =-0.195124 -0.968371 0.155512 -16.528 0.94634 -0.144242 0.289198 262.954 -0.257619 0.203597 0.944553 93.4895 0 0 0 1 
Seq_Frame0118_ForcepToReference-SequenceTransformStatus = OK
Seq_Frame0118_Timestamp = 15.762
Seq_Frame0119_ForcepToReference-SequenceTransform =-0.197929 -0.967912 0.154824 -16.8062 0.943326 -0.145165 0.298434 262.512 -0.266383 0.205119 0.941789 93.1134 0 0 0 1 
Seq_Frame0119_ForcepToReference-SequenceTransformStatus = OK
Seq_Frame0119_Timestamp = 15.864
Seq_Frame0120_ForcepToReference-SequenceTransform =-0.203899 -0.967211 0.151419 -16.6423 0.93916 -0.14958 0.3092 262.403 -0.276412 0.205252 0.938865 93.393 0 0 0 1 
Seq_Frame0120_ForcepToReference-SequenceTransformStatus = OK
Seq_Frame0120_Timestamp = 15.967
Seq_Frame0121_ForcepToReference-SequenceTransform =-0.194829 -0.968486 0.155166 -16.3153 0.945659 -0.143488 0.29179 262.855 -0.26033 0.203583 0.943813 93.9569 0 0 0 1 
Seq_Frame0121_ForcepToReference-SequenceTransformStatus = OK
Seq_Frame0121_Timestamp = 16.067
Seq_Frame0122_ForcepToReference-SequenceTransform =-0.189266 -0.968476 0.161963 -16.3336 0.948455 -0.137611 0.285476 263.404 -0.254189 0.207646 0.944601 94.128 0 0 0 1 
Seq_Frame0122_ForcepToReference-SequenceTransformStatus = OK
Seq_Frame0122_Timestamp = 16.178
Seq_Frame0123_ForcepToReference-SequenceTransform =-0.186523 -0.969744 0.157501 -15.3033 0.949298 -0.136603 0.283149 264.305 -0.253067 0.202329 0.946055 94.7802 0 0 0 1 
Seq_Frame0123_ForcepToReference-SequenceTransformStatus = OK
Seq_Frame0123_Timestamp = 16.278
Seq_Frame0124_ForcepToReference-SequenceTransform =-0.168506 -0.973689 0.153411 -13.2866 0.957977 -0.125118 0.258121 266.497 -0.232135 0.190459 0.953855 95.8228 0 0 0 1 
Seq_Frame0124_ForcepToReference-SequenceTransformStatus = OK
Seq_Frame0124_Timestamp = 16.382
Seq_Frame0125_ForcepToReference-SequenceTransform =-0.144194 -0.978249 0.149122 -11.2344 0.971232 -0.111048 0.210656 270.5 -0.189515 0.175207 0.966119 98.1712 0 0 0 1 
Seq_Frame0125_ForcepToReference-SequenceTransformStatus = OK
Seq_Frame0125_Timestamp = 16.482
Seq_Frame0126_ForcepToReference-SequenceTransform =-0.145319 -0.983009 0.112139 -9.92166 0.975937 -0.123797 0.179502 272.953 -0.16257 0.135526 0.977345 99.9103 0 0 0 1 
Seq_Frame0126_ForcepToReference-SequenceTransformStatus = OK
Seq_Frame0126_Timestamp = 16.588
Seq_Frame0127_ForcepToReference-SequenceTransform =-0.176864 -0.97931 0.0983423 -10.2446 0.977134 -0.162729 0.136849 272.765 -0.118014 0.120297 0.985698 100.029 0 0 0 1 
Seq_Frame0127_ForcepToReference-SequenceTransformStatus = OK
Seq_Frame0127_Timestamp = 16.692
Seq_Frame0128_ForcepToReference-SequenceTransform =-0.197093 -0.95471 0.222899 -16.4787 0.975597 -0.16855 0.14072 268.403 -0.0967769 0.245194 0.964632 90.5563 0 0 0 1 
Seq_Frame0128_ForcepToReference-SequenceTransformStatus = OK
Seq_Frame0128_Timestamp = 16.803
Seq_Frame0129_ForcepToReference-SequenceTransform =-0.187268 -0.962165 0.197914 -21.7167 0.970839 -0.150587 0.186536 262.257 -0.149675 0.227075 0.962307 81.9207 0 0 0 1 
Seq_Frame0129_ForcepToReference-SequenceTransformStatus = OK
Seq_Frame0129_Timestamp = 16.907
Seq_Frame0130_ForcepToReference-SequenceTransform =-0.165662 -0.986122 0.010896 -20.7226 0.95364 -0.157371 0.256527 251.494 -0.251252 0.0528877 0.966476 73.9369 0 0 0 1 
Seq_Frame0130_ForcepToReference-SequenceTransformStatus = OK
Seq_Frame0130_Timestamp = 17.018
Seq_Frame0131_ForcepToReference-SequenceTransform =-0.156175 -0.986917 0.0400482 -16.4148 0.941713 -0.136546 0.307459 244.298 -0.297968 0.0857314 0.950718 70.0981 0 0 0 1 
Seq_Frame0131_ForcepToReference-SequenceTransformStatus = OK
Seq_Frame0131_Timestamp = 17.126
Seq_Frame0132_ForcepToReference-SequenceTransform =-0.152123 -0.987674 -0.0368632 -9.90322 0.910178 -0.154531 0.384314 235.72 -0.385273 0.0249108 0.922466 74.9606 0 0 0 1 
Seq_Frame0132_ForcepToReference-SequenceTransformStatus = OK
Seq_Frame0132_Timestamp = 17.231
Seq_Frame0133_ForcepToReference-SequenceTransform =-0.0952659 -0.987517 -0.125439 -3.5237 0.895629 -0.14003 0.422185 228.652 -0.43448 -0.0721273 0.897789 80.7045 0 0 0 1 
Seq_Frame0133_ForcepToReference-SequenceTransformStatus = OK
Seq_Frame0133_Timestamp = 17.332
Seq_Frame0134_ForcepToReference-SequenceTransform =-0.0925861 -0.990497 -0.101708 1.80685 0.903979 -0.126441 0.408455 225.966 -0.417433 -0.0541246 0.907094 83.6901 0 0 0 1 
Seq_Frame0134_ForcepToReference-SequenceTransformStatus = OK
Seq_Frame0134_Timestamp = 17.432
Seq_Frame0135_ForcepToReference-SequenceTransform =-0.0817331 -0.991979 -0.0964216 7.09246 0.917763 -0.112634 0.380822 225.928 -0.388628 -0.0573664 0.919607 87.5466 0 0 0 1 
Seq_Frame0135_ForcepToReference-SequenceTransformStatus = OK
Seq_Frame0135_Timestamp = 17.542
Seq_Frame0136_ForcepToReference-SequenceTransform =-0.064739 -0.98565 -0.155892 11.9932 0.926714 -0.117328 0.356979 227.577 -0.370147 -0.121357 0.921012 91.4402 0 0 0 1 
Seq_Frame0136_ForcepToReference-SequenceTransformStatus = OK
Seq_Frame0136_Timestamp = 17.647
Seq_Frame0137_ForcepToReference-SequenceTransform =-0.0474154 -0.9845 -0.168853 15.9113 0.930765 -0.104899 0.350246 227.749 -0.36253 -0.140556 0.921312 93.7052 0 0 0 1 
Seq_Frame0137_ForcepToReference-SequenceTransformStatus = OK
Seq_Frame0137_Timestamp = 17.748
Seq_Frame0138_ForcepToReference-SequenceTransform =-0.0283054 -0.984837 -0.171155 19.7759 0.939295 -0.0847767 0.332471 229.244 -0.34194 -0.151354 0.927453 96.153 0 0 0 1 
Seq_Frame0138_ForcepToReference-SequenceTransformStatus = OK
Seq_Frame0138_Timestamp = 17.852
Seq_Frame0139_ForcepToReference-SequenceTransform =-0.0143186 -0.984897 -0.172551 23.5293 0.947364 -0.0685625 0.312731 230.059 -0.319839 -0.15899 0.934037 98.851 0 0 0 1 
Seq_Frame0139_ForcepToReference-SequenceTransformStatus = OK
Seq_Frame0139_Timestamp = 17.957
Seq_Frame0140_ForcepToReference-SequenceTransform =0.00156124 -0.990652 -0.136402 26.5917 0.954449 -0.0392225 0.295786 229.618 -0.298371 -0.130651 0.945465 100.759 0 0 0 1 
Seq_Frame0140_ForcepToReference-SequenceTransformStatus = OK
Seq_Frame0140_Timestamp = 18.057
Seq_Frame0141_ForcepToReference-SequenceTransform =0.0119677 -0.992816 -0.119049 28.1782 0.957255 -0.0230344 0.288327 229.395 -0.288998 -0.117411 0.950103 101.738 0 0 0 1 
Seq_Frame0141_ForcepToReference-SequenceTransformStatus = OK
Seq_Frame0141_Timestamp = 18.168
Seq_Frame0142_ForcepToReference-SequenceTransform =0.0131458 -0.992351 -0.122744 28.2959 0.956017 -0.0234987 0.29237 228.791 -0.293018 -0.121189 0.948395 101.484 0 0 0 1 
Seq_Frame0142_ForcepToReference-SequenceTransformStatus = OK
Seq_Frame0142_Timestamp = 18.272
Seq_Frame0143_ForcepToReference-SequenceTransform =0.0234148 -0.992468 -0.120245 29.6555 0.957241 -0.0124336 0.289024 227.898 -0.288342 -0.121871 0.94974 102.585 0 0 0 1 
Seq_Frame0143_ForcepToReference-SequenceTransformStatus = OK
Seq_Frame0143_Timestamp = 18.382
Seq_Frame0144_ForcepToReference-SequenceTransform =0.0342072 -0.990218 -0.135273 30.8078 0.954937 -0.0075454 0.296714 227.083 -0.294832 -0.139327 0.945337 102.95 0 0 0 1 
Seq_Frame0144_ForcepToReference-SequenceTransformStatus = OK
Seq_Frame0144_Timestamp = 18.482
Seq_Frame0145_ForcepToReference-SequenceTransform =0.0305091 -0.990784 -0.131973 30.4548 0.951228 -0.01177 0.308265 226.215 -0.306977 -0.134941 0.942102 103.238 0 0 0 1 
Seq_Frame0145_ForcepToReference-SequenceTransformStatus = OK
Seq_Frame0145_Timestamp = 18.592
Seq_Frame0146_ForcepToReference-SequenceTransform =0.0225501 -0.987503 -0.155977 28.7725 0.941264 -0.0316069 0.336188 224.027 -0.336917 -0.154396 0.928789 103.098 0 0 0 1 
Seq_Frame0146_ForcepToReference-SequenceTransformStatus = OK
Seq_Frame0146_Timestamp = 18.693
Seq_Frame0147_ForcepToReference-SequenceTransform =0.0203961 -0.984284 -0.175413 26.8212 0.93703 -0.0423647 0.34667 222.005 -0.348653 -0.171438 0.921439 102.965 0 0 0 1 
Seq_Frame0147_ForcepToReference-SequenceTransformStatus = OK
Seq_Frame0147_Timestamp = 18.81
Seq_Frame0148_ForcepToReference-SequenceTransform =0.0162634 -0.987392 -0.157454 25.4942 0.928521 -0.0435044 0.368723 220.082 -0.370924 -0.152196 0.916107 102.075 0 0 0 1 
Seq_Frame0148_ForcepToReference-SequenceTransformStatus = OK
Seq_Frame0148_Timestamp = 18.918
Seq_Frame0149_ForcepToReference-SequenceTransform =0.024392 -0.986463 -0.162157 24.6769 0.922995 -0.0400895 0.382719 218.724 -0.384039 -0.159005 0.909523 101.856 0 0 0 1 
Seq_Frame0149_ForcepToReference-SequenceTransformStatus = OK
Seq_Frame0149_Timestamp = 19.026
Seq_Frame0150_ForcepToReference-SequenceTransform =0.00773646 -0.993519 -0.113398 24.217 0.918076 -0.0378888 0.39459 217.597 -0.396329 -0.107161 0.911833 102.197 0 0 0 1 
