ObjectType = Image
NDims = 3
AnatomicalOrientation = RAI
BinaryData = True
CompressedData = False
DimSize = 0 0 2077
ElementSpacing = 1 1 1
Offset = 0 0 0
TransformMatrix = 1 0 0 0 1 0 0 0 1
ElementType = MET_UCHAR
Kinds = domain domain list
Seq_Frame0000_DriverToReference-SequenceTransform =-0.842751 -0.402735 -0.357176 -283.574 -0.402831 0.0317027 0.914725 92.8684 -0.357069 0.914767 -0.188952 -149.736 0 0 0 1 
Seq_Frame0000_DriverToReference-SequenceTransformStatus = OK
Seq_Frame0000_Timestamp = 0.00200009
Seq_Frame0001_DriverToReference-SequenceTransform =-0.842751 -0.402735 -0.357176 -283.574 -0.402831 0.0317027 0.914725 92.8684 -0.357069 0.914767 -0.188952 -149.736 0 0 0 1 
Seq_Frame0001_DriverToReference-SequenceTransformStatus = OK
Seq_Frame0001_Timestamp = 0.112
Seq_Frame0002_DriverToReference-SequenceTransform =-0.842751 -0.402735 -0.357176 -283.574 -0.402831 0.0317027 0.914725 92.8684 -0.357069 0.914767 -0.188952 -149.736 0 0 0 1 
Seq_Frame0002_DriverToReference-SequenceTransformStatus = OK
Seq_Frame0002_Timestamp = 0.215
Seq_Frame0003_DriverToReference-SequenceTransform =-0.842751 -0.402735 -0.357176 -283.574 -0.402831 0.0317027 0.914725 92.8684 -0.357069 0.914767 -0.188952 -149.736 0 0 0 1 
Seq_Frame0003_DriverToReference-SequenceTransformStatus = OK
Seq_Frame0003_Timestamp = 0.32
Seq_Frame0004_DriverToReference-SequenceTransform =-0.842751 -0.402735 -0.357176 -283.574 -0.402831 0.0317027 0.914725 92.8684 -0.357069 0.914767 -0.188952 -149.736 0 0 0 1 
Seq_Frame0004_DriverToReference-SequenceTransformStatus = OK
Seq_Frame0004_Timestamp = 0.43
Seq_Frame0005_DriverToReference-SequenceTransform =-0.842751 -0.402735 -0.357176 -283.574 -0.402831 0.0317027 0.914725 92.8684 -0.357069 0.914767 -0.188952 -149.736 0 0 0 1 
Seq_Frame0005_DriverToReference-SequenceTransformStatus = OK
Seq_Frame0005_Timestamp = 0.54
Seq_Frame0006_DriverToReference-SequenceTransform =-0.842751 -0.402735 -0.357176 -283.574 -0.402831 0.0317027 0.914725 92.8684 -0.357069 0.914767 -0.188952 -149.736 0 0 0 1 
Seq_Frame0006_DriverToReference-SequenceTransformStatus = OK
Seq_Frame0006_Timestamp = 0.644
Seq_Frame0007_DriverToReference-SequenceTransform =-0.842751 -0.402735 -0.357176 -283.574 -0.402831 0.0317027 0.914725 92.8684 -0.357069 0.914767 -0.188952 -149.736 0 0 0 1 
Seq_Frame0007_DriverToReference-SequenceTransformStatus = OK
Seq_Frame0007_Timestamp = 0.75
Seq_Frame0008_DriverToReference-SequenceTransform =-0.842751 -0.402735 -0.357176 -283.574 -0.402831 0.0317027 0.914725 92.8684 -0.357069 0.914767 -0.188952 -149.736 0 0 0 1 
Seq_Frame0008_DriverToReference-SequenceTransformStatus = OK
Seq_Frame0008_Timestamp = 0.856
Seq_Frame0009_DriverToReference-SequenceTransform =-0.842751 -0.402735 -0.357176 -283.574 -0.402831 0.0317027 0.914725 92.8684 -0.357069 0.914767 -0.188952 -149.736 0 0 0 1 
Seq_Frame0009_DriverToReference-SequenceTransformStatus = OK
Seq_Frame0009_Timestamp = 0.96
Seq_Frame0010_DriverToReference-SequenceTransform =-0.842751 -0.402735 -0.357176 -283.574 -0.402831 0.0317027 0.914725 92.8684 -0.357069 0.914767 -0.188952 -149.736 0 0 0 1 
Seq_Frame0010_DriverToReference-SequenceTransformStatus = OK
Seq_Frame0010_Timestamp = 1.067
Seq_Frame0011_DriverToReference-SequenceTransform =-0.842751 -0.402735 -0.357176 -283.574 -0.402831 0.0317027 0.914725 92.8684 -0.357069 0.914767 -0.188952 -149.736 0 0 0 1 
Seq_Frame0011_DriverToReference-SequenceTransformStatus = OK
Seq_Frame0011_Timestamp = 1.175
Seq_Frame0012_DriverToReference-SequenceTransform =-0.842751 -0.402735 -0.357176 -283.574 -0.402831 0.0317027 0.914725 92.8684 -0.357069 0.914767 -0.188952 -149.736 0 0 0 1 
Seq_Frame0012_DriverToReference-SequenceTransformStatus = OK
Seq_Frame0012_Timestamp = 1.281
Seq_Frame0013_DriverToReference-SequenceTransform =-0.842751 -0.402735 -0.357176 -283.574 -0.402831 0.0317027 0.914725 92.8684 -0.357069 0.914767 -0.188952 -149.736 0 0 0 1 
Seq_Frame0013_DriverToReference-SequenceTransformStatus = OK
Seq_Frame0013_Timestamp = 1.386
Seq_Frame0014_DriverToReference-SequenceTransform =-0.842751 -0.402735 -0.357176 -283.574 -0.402831 0.0317027 0.914725 92.8684 -0.357069 0.914767 -0.188952 -149.736 0 0 0 1 
Seq_Frame0014_DriverToReference-SequenceTransformStatus = OK
Seq_Frame0014_Timestamp = 1.5
Seq_Frame0015_DriverToReference-SequenceTransform =-0.842751 -0.402735 -0.357176 -283.574 -0.402831 0.0317027 0.914725 92.8684 -0.357069 0.914767 -0.188952 -149.736 0 0 0 1 
Seq_Frame0015_DriverToReference-SequenceTransformStatus = OK
Seq_Frame0015_Timestamp = 1.601
Seq_Frame0016_DriverToReference-SequenceTransform =-0.842751 -0.402735 -0.357176 -283.574 -0.402831 0.0317027 0.914725 92.8684 -0.357069 0.914767 -0.188952 -149.736 0 0 0 1 
Seq_Frame0016_DriverToReference-SequenceTransformStatus = OK
Seq_Frame0016_Timestamp = 1.706
Seq_Frame0017_DriverToReference-SequenceTransform =-0.842751 -0.402735 -0.357176 -283.574 -0.402831 0.0317027 0.914725 92.8684 -0.357069 0.914767 -0.188952 -149.736 0 0 0 1 
Seq_Frame0017_DriverToReference-SequenceTransformStatus = OK
Seq_Frame0017_Timestamp = 1.815
Seq_Frame0018_DriverToReference-SequenceTransform =-0.842751 -0.402735 -0.357176 -283.574 -0.402831 0.0317027 0.914725 92.8684 -0.357069 0.914767 -0.188952 -149.736 0 0 0 1 
Seq_Frame0018_DriverToReference-SequenceTransformStatus = OK
Seq_Frame0018_Timestamp = 1.921
Seq_Frame0019_DriverToReference-SequenceTransform =-0.842751 -0.402735 -0.357176 -283.574 -0.402831 0.0317027 0.914725 92.8684 -0.357069 0.914767 -0.188952 -149.736 0 0 0 1 
Seq_Frame0019_DriverToReference-SequenceTransformStatus = OK
Seq_Frame0019_Timestamp = 2.026
Seq_Frame0020_DriverToReference-SequenceTransform =-0.842751 -0.402735 -0.357176 -283.574 -0.402831 0.0317027 0.914725 92.8684 -0.357069 0.914767 -0.188952 -149.736 0 0 0 1 
Seq_Frame0020_DriverToReference-SequenceTransformStatus = OK
Seq_Frame0020_Timestamp = 2.127
Seq_Frame0021_DriverToReference-SequenceTransform =-0.842751 -0.402735 -0.357176 -283.574 -0.402831 0.0317027 0.914725 92.8684 -0.357069 0.914767 -0.188952 -149.736 0 0 0 1 
Seq_Frame0021_DriverToReference-SequenceTransformStatus = OK
Seq_Frame0021_Timestamp = 2.24
Seq_Frame0022_DriverToReference-SequenceTransform =-0.842751 -0.402735 -0.357176 -283.574 -0.402831 0.0317027 0.914725 92.8684 -0.357069 0.914767 -0.188952 -149.736 0 0 0 1 
Seq_Frame0022_DriverToReference-SequenceTransformStatus = OK
Seq_Frame0022_Timestamp = 2.343
Seq_Frame0023_DriverToReference-SequenceTransform =-0.842751 -0.402735 -0.357176 -283.574 -0.402831 0.0317027 0.914725 92.8684 -0.357069 0.914767 -0.188952 -149.736 0 0 0 1 
Seq_Frame0023_DriverToReference-SequenceTransformStatus = OK
Seq_Frame0023_Timestamp = 2.457
Seq_Frame0024_DriverToReference-SequenceTransform =-0.842751 -0.402735 -0.357176 -283.574 -0.402831 0.0317027 0.914725 92.8684 -0.357069 0.914767 -0.188952 -149.736 0 0 0 1 
Seq_Frame0024_DriverToReference-SequenceTransformStatus = OK
Seq_Frame0024_Timestamp = 2.56
Seq_Frame0025_DriverToReference-SequenceTransform =-0.842751 -0.402735 -0.357176 -283.574 -0.402831 0.0317027 0.914725 92.8684 -0.357069 0.914767 -0.188952 -149.736 0 0 0 1 
Seq_Frame0025_DriverToReference-SequenceTransformStatus = OK
Seq_Frame0025_Timestamp = 2.665
Seq_Frame0026_DriverToReference-SequenceTransform =-0.842751 -0.402735 -0.357176 -283.574 -0.402831 0.0317027 0.914725 92.8684 -0.357069 0.914767 -0.188952 -149.736 0 0 0 1 
Seq_Frame0026_DriverToReference-SequenceTransformStatus = OK
Seq_Frame0026_Timestamp = 2.776
Seq_Frame0027_DriverToReference-SequenceTransform =-0.842751 -0.402735 -0.357176 -283.574 -0.402831 0.0317027 0.914725 92.8684 -0.357069 0.914767 -0.188952 -149.736 0 0 0 1 
Seq_Frame0027_DriverToReference-SequenceTransformStatus = OK
Seq_Frame0027_Timestamp = 2.88
Seq_Frame0028_DriverToReference-SequenceTransform =-0.842751 -0.402735 -0.357176 -283.574 -0.402831 0.0317027 0.914725 92.8684 -0.357069 0.914767 -0.188952 -149.736 0 0 0 1 
Seq_Frame0028_DriverToReference-SequenceTransformStatus = OK
Seq_Frame0028_Timestamp = 2.987
Seq_Frame0029_DriverToReference-SequenceTransform =-0.842751 -0.402735 -0.357176 -283.574 -0.402831 0.0317027 0.914725 92.8684 -0.357069 0.914767 -0.188952 -149.736 0 0 0 1 
Seq_Frame0029_DriverToReference-SequenceTransformStatus = OK
Seq_Frame0029_Timestamp = 3.092
Seq_Frame0030_DriverToReference-SequenceTransform =-0.83531 -0.537562 0.115253 43.7599 -0.261953 0.573466 0.77622 69.7104 -0.483361 0.618194 -0.619838 105.602 0 0 0 1 
Seq_Frame0030_DriverToReference-SequenceTransformStatus = OK
Seq_Frame0030_Timestamp = 3.205
Seq_Frame0031_DriverToReference-SequenceTransform =-0.944527 -0.317012 0.0858589 36.0079 -0.15088 0.651021 0.743913 70.7161 -0.291725 0.689692 -0.662738 106.62 0 0 0 1 
Seq_Frame0031_DriverToReference-SequenceTransformStatus = OK
Seq_Frame0031_Timestamp = 3.32
Seq_Frame0032_DriverToReference-SequenceTransform =-0.989234 -0.1443 0.0243711 29.737 -0.083445 0.692991 0.716101 72.4772 -0.120223 0.706358 -0.697571 108.847 0 0 0 1 
Seq_Frame0032_DriverToReference-SequenceTransformStatus = OK
Seq_Frame0032_Timestamp = 3.427
Seq_Frame0033_DriverToReference-SequenceTransform =-0.997084 0.0761613 0.00487209 23.5248 0.0561403 0.688734 0.722838 75.8756 0.0516967 0.721003 -0.691001 113.516 0 0 0 1 
Seq_Frame0033_DriverToReference-SequenceTransformStatus = OK
Seq_Frame0033_Timestamp = 3.537
Seq_Frame0034_DriverToReference-SequenceTransform =-0.966108 0.235381 0.105976 17.262 0.229727 0.59674 0.768848 77.6509 0.117732 0.767135 -0.630589 119.056 0 0 0 1 
Seq_Frame0034_DriverToReference-SequenceTransformStatus = OK
Seq_Frame0034_Timestamp = 3.65
Seq_Frame0035_DriverToReference-SequenceTransform =-0.966108 0.235381 0.105976 17.262 0.229727 0.59674 0.768848 77.6509 0.117732 0.767135 -0.630589 119.056 0 0 0 1 
Seq_Frame0035_DriverToReference-SequenceTransformStatus = OK
Seq_Frame0035_Timestamp = 3.768
Seq_Frame0036_DriverToReference-SequenceTransform =-0.966108 0.235381 0.105976 17.262 0.229727 0.59674 0.768848 77.6509 0.117732 0.767135 -0.630589 119.056 0 0 0 1 
Seq_Frame0036_DriverToReference-SequenceTransformStatus = OK
Seq_Frame0036_Timestamp = 3.877
Seq_Frame0037_DriverToReference-SequenceTransform =-0.966108 0.235381 0.105976 17.262 0.229727 0.59674 0.768848 77.6509 0.117732 0.767135 -0.630589 119.056 0 0 0 1 
Seq_Frame0037_DriverToReference-SequenceTransformStatus = OK
Seq_Frame0037_Timestamp = 3.985
Seq_Frame0038_DriverToReference-SequenceTransform =-0.966108 0.235381 0.105976 17.262 0.229727 0.59674 0.768848 77.6509 0.117732 0.767135 -0.630589 119.056 0 0 0 1 
Seq_Frame0038_DriverToReference-SequenceTransformStatus = OK
Seq_Frame0038_Timestamp = 4.096
Seq_Frame0039_DriverToReference-SequenceTransform =-0.966108 0.235381 0.105976 17.262 0.229727 0.59674 0.768848 77.6509 0.117732 0.767135 -0.630589 119.056 0 0 0 1 
Seq_Frame0039_DriverToReference-SequenceTransformStatus = OK
Seq_Frame0039_Timestamp = 4.2
Seq_Frame0040_DriverToReference-SequenceTransform =-0.966108 0.235381 0.105976 17.262 0.229727 0.59674 0.768848 77.6509 0.117732 0.767135 -0.630589 119.056 0 0 0 1 
Seq_Frame0040_DriverToReference-SequenceTransformStatus = OK
Seq_Frame0040_Timestamp = 4.305
Seq_Frame0041_DriverToReference-SequenceTransform =-0.966108 0.235381 0.105976 17.262 0.229727 0.59674 0.768848 77.6509 0.117732 0.767135 -0.630589 119.056 0 0 0 1 
Seq_Frame0041_DriverToReference-SequenceTransformStatus = OK
Seq_Frame0041_Timestamp = 4.416
Seq_Frame0042_DriverToReference-SequenceTransform =-0.966108 0.235381 0.105976 17.262 0.229727 0.59674 0.768848 77.6509 0.117732 0.767135 -0.630589 119.056 0 0 0 1 
Seq_Frame0042_DriverToReference-SequenceTransformStatus = OK
Seq_Frame0042_Timestamp = 4.534
Seq_Frame0043_DriverToReference-SequenceTransform =-0.966108 0.235381 0.105976 17.262 0.229727 0.59674 0.768848 77.6509 0.117732 0.767135 -0.630589 119.056 0 0 0 1 
Seq_Frame0043_DriverToReference-SequenceTransformStatus = OK
Seq_Frame0043_Timestamp = 4.646
Seq_Frame0044_DriverToReference-SequenceTransform =-0.966108 0.235381 0.105976 17.262 0.229727 0.59674 0.768848 77.6509 0.117732 0.767135 -0.630589 119.056 0 0 0 1 
Seq_Frame0044_DriverToReference-SequenceTransformStatus = OK
Seq_Frame0044_Timestamp = 4.755
Seq_Frame0045_DriverToReference-SequenceTransform =-0.966108 0.235381 0.105976 17.262 0.229727 0.59674 0.768848 77.6509 0.117732 0.767135 -0.630589 119.056 0 0 0 1 
Seq_Frame0045_DriverToReference-SequenceTransformStatus = OK
Seq_Frame0045_Timestamp = 4.859
Seq_Frame0046_DriverToReference-SequenceTransform =-0.966108 0.235381 0.105976 17.262 0.229727 0.59674 0.768848 77.6509 0.117732 0.767135 -0.630589 119.056 0 0 0 1 
Seq_Frame0046_DriverToReference-SequenceTransformStatus = OK
Seq_Frame0046_Timestamp = 4.966
Seq_Frame0047_DriverToReference-SequenceTransform =-0.966108 0.235381 0.105976 17.262 0.229727 0.59674 0.768848 77.6509 0.117732 0.767135 -0.630589 119.056 0 0 0 1 
Seq_Frame0047_DriverToReference-SequenceTransformStatus = OK
Seq_Frame0047_Timestamp = 5.071
Seq_Frame0048_DriverToReference-SequenceTransform =-0.966108 0.235381 0.105976 17.262 0.229727 0.59674 0.768848 77.6509 0.117732 0.767135 -0.630589 119.056 0 0 0 1 
Seq_Frame0048_DriverToReference-SequenceTransformStatus = OK
Seq_Frame0048_Timestamp = 5.18
Seq_Frame0049_DriverToReference-SequenceTransform =-0.966108 0.235381 0.105976 17.262 0.229727 0.59674 0.768848 77.6509 0.117732 0.767135 -0.630589 119.056 0 0 0 1 
Seq_Frame0049_DriverToReference-SequenceTransformStatus = OK
Seq_Frame0049_Timestamp = 5.284
Seq_Frame0050_DriverToReference-SequenceTransform =-0.966108 0.235381 0.105976 17.262 0.229727 0.59674 0.768848 77.6509 0.117732 0.767135 -0.630589 119.056 0 0 0 1 
Seq_Frame0050_DriverToReference-SequenceTransformStatus = OK
Seq_Frame0050_Timestamp = 5.396
Seq_Frame0051_DriverToReference-SequenceTransform =-0.966108 0.235381 0.105976 17.262 0.229727 0.59674 0.768848 77.6509 0.117732 0.767135 -0.630589 119.056 0 0 0 1 
Seq_Frame0051_DriverToReference-SequenceTransformStatus = OK
Seq_Frame0051_Timestamp = 5.5
Seq_Frame0052_DriverToReference-SequenceTransform =-0.966108 0.235381 0.105976 17.262 0.229727 0.59674 0.768848 77.6509 0.117732 0.767135 -0.630589 119.056 0 0 0 1 
Seq_Frame0052_DriverToReference-SequenceTransformStatus = OK
Seq_Frame0052_Timestamp = 5.606
Seq_Frame0053_DriverToReference-SequenceTransform =-0.966108 0.235381 0.105976 17.262 0.229727 0.59674 0.768848 77.6509 0.117732 0.767135 -0.630589 119.056 0 0 0 1 
Seq_Frame0053_DriverToReference-SequenceTransformStatus = OK
Seq_Frame0053_Timestamp = 5.711
Seq_Frame0054_DriverToReference-SequenceTransform =-0.966108 0.235381 0.105976 17.262 0.229727 0.59674 0.768848 77.6509 0.117732 0.767135 -0.630589 119.056 0 0 0 1 
Seq_Frame0054_DriverToReference-SequenceTransformStatus = OK
Seq_Frame0054_Timestamp = 5.816
Seq_Frame0055_DriverToReference-SequenceTransform =-0.966108 0.235381 0.105976 17.262 0.229727 0.59674 0.768848 77.6509 0.117732 0.767135 -0.630589 119.056 0 0 0 1 
Seq_Frame0055_DriverToReference-SequenceTransformStatus = OK
Seq_Frame0055_Timestamp = 5.921
Seq_Frame0056_DriverToReference-SequenceTransform =-0.966108 0.235381 0.105976 17.262 0.229727 0.59674 0.768848 77.6509 0.117732 0.767135 -0.630589 119.056 0 0 0 1 
Seq_Frame0056_DriverToReference-SequenceTransformStatus = OK
Seq_Frame0056_Timestamp = 6.027
Seq_Frame0057_DriverToReference-SequenceTransform =-0.966108 0.235381 0.105976 17.262 0.229727 0.59674 0.768848 77.6509 0.117732 0.767135 -0.630589 119.056 0 0 0 1 
Seq_Frame0057_DriverToReference-SequenceTransformStatus = OK
Seq_Frame0057_Timestamp = 6.135
Seq_Frame0058_DriverToReference-SequenceTransform =-0.966108 0.235381 0.105976 17.262 0.229727 0.59674 0.768848 77.6509 0.117732 0.767135 -0.630589 119.056 0 0 0 1 
Seq_Frame0058_DriverToReference-SequenceTransformStatus = OK
Seq_Frame0058_Timestamp = 6.24
Seq_Frame0059_DriverToReference-SequenceTransform =-0.966108 0.235381 0.105976 17.262 0.229727 0.59674 0.768848 77.6509 0.117732 0.767135 -0.630589 119.056 0 0 0 1 
Seq_Frame0059_DriverToReference-SequenceTransformStatus = OK
Seq_Frame0059_Timestamp = 6.346
Seq_Frame0060_DriverToReference-SequenceTransform =-0.966108 0.235381 0.105976 17.262 0.229727 0.59674 0.768848 77.6509 0.117732 0.767135 -0.630589 119.056 0 0 0 1 
Seq_Frame0060_DriverToReference-SequenceTransformStatus = OK
Seq_Frame0060_Timestamp = 6.455
Seq_Frame0061_DriverToReference-SequenceTransform =-0.966108 0.235381 0.105976 17.262 0.229727 0.59674 0.768848 77.6509 0.117732 0.767135 -0.630589 119.056 0 0 0 1 
Seq_Frame0061_DriverToReference-SequenceTransformStatus = OK
Seq_Frame0061_Timestamp = 6.559
Seq_Frame0062_DriverToReference-SequenceTransform =-0.966108 0.235381 0.105976 17.262 0.229727 0.59674 0.768848 77.6509 0.117732 0.767135 -0.630589 119.056 0 0 0 1 
Seq_Frame0062_DriverToReference-SequenceTransformStatus = OK
Seq_Frame0062_Timestamp = 6.666
Seq_Frame0063_DriverToReference-SequenceTransform =-0.966108 0.235381 0.105976 17.262 0.229727 0.59674 0.768848 77.6509 0.117732 0.767135 -0.630589 119.056 0 0 0 1 
Seq_Frame0063_DriverToReference-SequenceTransformStatus = OK
Seq_Frame0063_Timestamp = 6.768
Seq_Frame0064_DriverToReference-SequenceTransform =-0.966108 0.235381 0.105976 17.262 0.229727 0.59674 0.768848 77.6509 0.117732 0.767135 -0.630589 119.056 0 0 0 1 
Seq_Frame0064_DriverToReference-SequenceTransformStatus = OK
Seq_Frame0064_Timestamp = 6.876
Seq_Frame0065_DriverToReference-SequenceTransform =-0.966108 0.235381 0.105976 17.262 0.229727 0.59674 0.768848 77.6509 0.117732 0.767135 -0.630589 119.056 0 0 0 1 
Seq_Frame0065_DriverToReference-SequenceTransformStatus = OK
Seq_Frame0065_Timestamp = 6.985
Seq_Frame0066_DriverToReference-SequenceTransform =-0.966108 0.235381 0.105976 17.262 0.229727 0.59674 0.768848 77.6509 0.117732 0.767135 -0.630589 119.056 0 0 0 1 
Seq_Frame0066_DriverToReference-SequenceTransformStatus = OK
Seq_Frame0066_Timestamp = 7.092
Seq_Frame0067_DriverToReference-SequenceTransform =-0.966108 0.235381 0.105976 17.262 0.229727 0.59674 0.768848 77.6509 0.117732 0.767135 -0.630589 119.056 0 0 0 1 
Seq_Frame0067_DriverToReference-SequenceTransformStatus = OK
Seq_Frame0067_Timestamp = 7.195
Seq_Frame0068_DriverToReference-SequenceTransform =-0.966108 0.235381 0.105976 17.262 0.229727 0.59674 0.768848 77.6509 0.117732 0.767135 -0.630589 119.056 0 0 0 1 
Seq_Frame0068_DriverToReference-SequenceTransformStatus = OK
Seq_Frame0068_Timestamp = 7.3
Seq_Frame0069_DriverToReference-SequenceTransform =-0.966108 0.235381 0.105976 17.262 0.229727 0.59674 0.768848 77.6509 0.117732 0.767135 -0.630589 119.056 0 0 0 1 
Seq_Frame0069_DriverToReference-SequenceTransformStatus = OK
Seq_Frame0069_Timestamp = 7.411
Seq_Frame0070_DriverToReference-SequenceTransform =-0.966108 0.235381 0.105976 17.262 0.229727 0.59674 0.768848 77.6509 0.117732 0.767135 -0.630589 119.056 0 0 0 1 
Seq_Frame0070_DriverToReference-SequenceTransformStatus = OK
Seq_Frame0070_Timestamp = 7.516
Seq_Frame0071_DriverToReference-SequenceTransform =-0.966108 0.235381 0.105976 17.262 0.229727 0.59674 0.768848 77.6509 0.117732 0.767135 -0.630589 119.056 0 0 0 1 
Seq_Frame0071_DriverToReference-SequenceTransformStatus = OK
Seq_Frame0071_Timestamp = 7.626
Seq_Frame0072_DriverToReference-SequenceTransform =-0.966108 0.235381 0.105976 17.262 0.229727 0.59674 0.768848 77.6509 0.117732 0.767135 -0.630589 119.056 0 0 0 1 
Seq_Frame0072_DriverToReference-SequenceTransformStatus = OK
Seq_Frame0072_Timestamp = 7.73
Seq_Frame0073_DriverToReference-SequenceTransform =-0.966108 0.235381 0.105976 17.262 0.229727 0.59674 0.768848 77.6509 0.117732 0.767135 -0.630589 119.056 0 0 0 1 
Seq_Frame0073_DriverToReference-SequenceTransformStatus = OK
Seq_Frame0073_Timestamp = 7.841
Seq_Frame0074_DriverToReference-SequenceTransform =-0.966108 0.235381 0.105976 17.262 0.229727 0.59674 0.768848 77.6509 0.117732 0.767135 -0.630589 119.056 0 0 0 1 
Seq_Frame0074_DriverToReference-SequenceTransformStatus = OK
Seq_Frame0074_Timestamp = 7.945
Seq_Frame0075_DriverToReference-SequenceTransform =-0.966108 0.235381 0.105976 17.262 0.229727 0.59674 0.768848 77.6509 0.117732 0.767135 -0.630589 119.056 0 0 0 1 
Seq_Frame0075_DriverToReference-SequenceTransformStatus = OK
Seq_Frame0075_Timestamp = 8.056
Seq_Frame0076_DriverToReference-SequenceTransform =-0.966108 0.235381 0.105976 17.262 0.229727 0.59674 0.768848 77.6509 0.117732 0.767135 -0.630589 119.056 0 0 0 1 
Seq_Frame0076_DriverToReference-SequenceTransformStatus = OK
Seq_Frame0076_Timestamp = 8.163
Seq_Frame0077_DriverToReference-SequenceTransform =-0.966108 0.235381 0.105976 17.262 0.229727 0.59674 0.768848 77.6509 0.117732 0.767135 -0.630589 119.056 0 0 0 1 
Seq_Frame0077_DriverToReference-SequenceTransformStatus = OK
Seq_Frame0077_Timestamp = 8.265
Seq_Frame0078_DriverToReference-SequenceTransform =-0.966108 0.235381 0.105976 17.262 0.229727 0.59674 0.768848 77.6509 0.117732 0.767135 -0.630589 119.056 0 0 0 1 
Seq_Frame0078_DriverToReference-SequenceTransformStatus = OK
Seq_Frame0078_Timestamp = 8.375
Seq_Frame0079_DriverToReference-SequenceTransform =-0.966108 0.235381 0.105976 17.262 0.229727 0.59674 0.768848 77.6509 0.117732 0.767135 -0.630589 119.056 0 0 0 1 
Seq_Frame0079_DriverToReference-SequenceTransformStatus = OK
Seq_Frame0079_Timestamp = 8.476
Seq_Frame0080_DriverToReference-SequenceTransform =-0.966108 0.235381 0.105976 17.262 0.229727 0.59674 0.768848 77.6509 0.117732 0.767135 -0.630589 119.056 0 0 0 1 
Seq_Frame0080_DriverToReference-SequenceTransformStatus = OK
Seq_Frame0080_Timestamp = 8.6
Seq_Frame0081_DriverToReference-SequenceTransform =-0.966108 0.235381 0.105976 17.262 0.229727 0.59674 0.768848 77.6509 0.117732 0.767135 -0.630589 119.056 0 0 0 1 
Seq_Frame0081_DriverToReference-SequenceTransformStatus = OK
Seq_Frame0081_Timestamp = 8.721
Seq_Frame0082_DriverToReference-SequenceTransform =-0.966108 0.235381 0.105976 17.262 0.229727 0.59674 0.768848 77.6509 0.117732 0.767135 -0.630589 119.056 0 0 0 1 
Seq_Frame0082_DriverToReference-SequenceTransformStatus = OK
Seq_Frame0082_Timestamp = 8.845
Seq_Frame0083_DriverToReference-SequenceTransform =-0.966108 0.235381 0.105976 17.262 0.229727 0.59674 0.768848 77.6509 0.117732 0.767135 -0.630589 119.056 0 0 0 1 
Seq_Frame0083_DriverToReference-SequenceTransformStatus = OK
Seq_Frame0083_Timestamp = 8.973
Seq_Frame0084_DriverToReference-SequenceTransform =-0.966108 0.235381 0.105976 17.262 0.229727 0.59674 0.768848 77.6509 0.117732 0.767135 -0.630589 119.056 0 0 0 1 
Seq_Frame0084_DriverToReference-SequenceTransformStatus = OK
Seq_Frame0084_Timestamp = 9.096
Seq_Frame0085_DriverToReference-SequenceTransform =-0.966108 0.235381 0.105976 17.262 0.229727 0.59674 0.768848 77.6509 0.117732 0.767135 -0.630589 119.056 0 0 0 1 
Seq_Frame0085_DriverToReference-SequenceTransformStatus = OK
Seq_Frame0085_Timestamp = 9.22
Seq_Frame0086_DriverToReference-SequenceTransform =-0.966108 0.235381 0.105976 17.262 0.229727 0.59674 0.768848 77.6509 0.117732 0.767135 -0.630589 119.056 0 0 0 1 
Seq_Frame0086_DriverToReference-SequenceTransformStatus = OK
Seq_Frame0086_Timestamp = 9.345
Seq_Frame0087_DriverToReference-SequenceTransform =-0.966108 0.235381 0.105976 17.262 0.229727 0.59674 0.768848 77.6509 0.117732 0.767135 -0.630589 119.056 0 0 0 1 
Seq_Frame0087_DriverToReference-SequenceTransformStatus = OK
Seq_Frame0087_Timestamp = 9.448
Seq_Frame0088_DriverToReference-SequenceTransform =-0.966108 0.235381 0.105976 17.262 0.229727 0.59674 0.768848 77.6509 0.117732 0.767135 -0.630589 119.056 0 0 0 1 
Seq_Frame0088_DriverToReference-SequenceTransformStatus = OK
Seq_Frame0088_Timestamp = 9.554
Seq_Frame0089_DriverToReference-SequenceTransform =-0.966108 0.235381 0.105976 17.262 0.229727 0.59674 0.768848 77.6509 0.117732 0.767135 -0.630589 119.056 0 0 0 1 
Seq_Frame0089_DriverToReference-SequenceTransformStatus = OK
Seq_Frame0089_Timestamp = 9.665
Seq_Frame0090_DriverToReference-SequenceTransform =-0.966108 0.235381 0.105976 17.262 0.229727 0.59674 0.768848 77.6509 0.117732 0.767135 -0.630589 119.056 0 0 0 1 
Seq_Frame0090_DriverToReference-SequenceTransformStatus = OK
Seq_Frame0090_Timestamp = 9.786
Seq_Frame0091_DriverToReference-SequenceTransform =-0.966108 0.235381 0.105976 17.262 0.229727 0.59674 0.768848 77.6509 0.117732 0.767135 -0.630589 119.056 0 0 0 1 
Seq_Frame0091_DriverToReference-SequenceTransformStatus = OK
Seq_Frame0091_Timestamp = 9.912
Seq_Frame0092_DriverToReference-SequenceTransform =-0.966108 0.235381 0.105976 17.262 0.229727 0.59674 0.768848 77.6509 0.117732 0.767135 -0.630589 119.056 0 0 0 1 
Seq_Frame0092_DriverToReference-SequenceTransformStatus = OK
Seq_Frame0092_Timestamp = 10.035
Seq_Frame0093_DriverToReference-SequenceTransform =-0.966108 0.235381 0.105976 17.262 0.229727 0.59674 0.768848 77.6509 0.117732 0.767135 -0.630589 119.056 0 0 0 1 
Seq_Frame0093_DriverToReference-SequenceTransformStatus = OK
Seq_Frame0093_Timestamp = 10.157
Seq_Frame0094_DriverToReference-SequenceTransform =-0.966108 0.235381 0.105976 17.262 0.229727 0.59674 0.768848 77.6509 0.117732 0.767135 -0.630589 119.056 0 0 0 1 
Seq_Frame0094_DriverToReference-SequenceTransformStatus = OK
Seq_Frame0094_Timestamp = 10.262
Seq_Frame0095_DriverToReference-SequenceTransform =-0.966108 0.235381 0.105976 17.262 0.229727 0.59674 0.768848 77.6509 0.117732 0.767135 -0.630589 119.056 0 0 0 1 
Seq_Frame0095_DriverToReference-SequenceTransformStatus = OK
Seq_Frame0095_Timestamp = 10.375
Seq_Frame0096_DriverToReference-SequenceTransform =-0.966108 0.235381 0.105976 17.262 0.229727 0.59674 0.768848 77.6509 0.117732 0.767135 -0.630589 119.056 0 0 0 1 
Seq_Frame0096_DriverToReference-SequenceTransformStatus = OK
Seq_Frame0096_Timestamp = 10.478
Seq_Frame0097_DriverToReference-SequenceTransform =-0.966108 0.235381 0.105976 17.262 0.229727 0.59674 0.768848 77.6509 0.117732 0.767135 -0.630589 119.056 0 0 0 1 
Seq_Frame0097_DriverToReference-SequenceTransformStatus = OK
Seq_Frame0097_Timestamp = 10.583
Seq_Frame0098_DriverToReference-SequenceTransform =-0.966108 0.235381 0.105976 17.262 0.229727 0.59674 0.768848 77.6509 0.117732 0.767135 -0.630589 119.056 0 0 0 1 
Seq_Frame0098_DriverToReference-SequenceTransformStatus = OK
Seq_Frame0098_Timestamp = 10.695
Seq_Frame0099_DriverToReference-SequenceTransform =-0.966108 0.235381 0.105976 17.262 0.229727 0.59674 0.768848 77.6509 0.117732 0.767135 -0.630589 119.056 0 0 0 1 
Seq_Frame0099_DriverToReference-SequenceTransformStatus = OK
Seq_Frame0099_Timestamp = 10.816
Seq_Frame0100_DriverToReference-SequenceTransform =-0.966108 0.235381 0.105976 17.262 0.229727 0.59674 0.768848 77.6509 0.117732 0.767135 -0.630589 119.056 0 0 0 1 
Seq_Frame0100_DriverToReference-SequenceTransformStatus = OK
Seq_Frame0100_Timestamp = 10.97
Seq_Frame0101_DriverToReference-SequenceTransform =-0.966108 0.235381 0.105976 17.262 0.229727 0.59674 0.768848 77.6509 0.117732 0.767135 -0.630589 119.056 0 0 0 1 
Seq_Frame0101_DriverToReference-SequenceTransformStatus = OK
Seq_Frame0101_Timestamp = 11.142
Seq_Frame0102_DriverToReference-SequenceTransform =-0.966108 0.235381 0.105976 17.262 0.229727 0.59674 0.768848 77.6509 0.117732 0.767135 -0.630589 119.056 0 0 0 1 
Seq_Frame0102_DriverToReference-SequenceTransformStatus = OK
Seq_Frame0102_Timestamp = 11.244
Seq_Frame0103_DriverToReference-SequenceTransform =-0.966108 0.235381 0.105976 17.262 0.229727 0.59674 0.768848 77.6509 0.117732 0.767135 -0.630589 119.056 0 0 0 1 
Seq_Frame0103_DriverToReference-SequenceTransformStatus = OK
Seq_Frame0103_Timestamp = 11.356
Seq_Frame0104_DriverToReference-SequenceTransform =-0.966108 0.235381 0.105976 17.262 0.229727 0.59674 0.768848 77.6509 0.117732 0.767135 -0.630589 119.056 0 0 0 1 
Seq_Frame0104_DriverToReference-SequenceTransformStatus = OK
Seq_Frame0104_Timestamp = 11.475
Seq_Frame0105_DriverToReference-SequenceTransform =-0.966108 0.235381 0.105976 17.262 0.229727 0.59674 0.768848 77.6509 0.117732 0.767135 -0.630589 119.056 0 0 0 1 
Seq_Frame0105_DriverToReference-SequenceTransformStatus = OK
Seq_Frame0105_Timestamp = 11.604
Seq_Frame0106_DriverToReference-SequenceTransform =-0.966108 0.235381 0.105976 17.262 0.229727 0.59674 0.768848 77.6509 0.117732 0.767135 -0.630589 119.056 0 0 0 1 
Seq_Frame0106_DriverToReference-SequenceTransformStatus = OK
Seq_Frame0106_Timestamp = 11.727
Seq_Frame0107_DriverToReference-SequenceTransform =-0.966108 0.235381 0.105976 17.262 0.229727 0.59674 0.768848 77.6509 0.117732 0.767135 -0.630589 119.056 0 0 0 1 
Seq_Frame0107_DriverToReference-SequenceTransformStatus = OK
Seq_Frame0107_Timestamp = 11.851
Seq_Frame0108_DriverToReference-SequenceTransform =-0.966108 0.235381 0.105976 17.262 0.229727 0.59674 0.768848 77.6509 0.117732 0.767135 -0.630589 119.056 0 0 0 1 
Seq_Frame0108_DriverToReference-SequenceTransformStatus = OK
Seq_Frame0108_Timestamp = 11.974
Seq_Frame0109_DriverToReference-SequenceTransform =-0.966108 0.235381 0.105976 17.262 0.229727 0.59674 0.768848 77.6509 0.117732 0.767135 -0.630589 119.056 0 0 0 1 
Seq_Frame0109_DriverToReference-SequenceTransformStatus = OK
Seq_Frame0109_Timestamp = 12.103
Seq_Frame0110_DriverToReference-SequenceTransform =-0.966108 0.235381 0.105976 17.262 0.229727 0.59674 0.768848 77.6509 0.117732 0.767135 -0.630589 119.056 0 0 0 1 
Seq_Frame0110_DriverToReference-SequenceTransformStatus = OK
Seq_Frame0110_Timestamp = 12.226
Seq_Frame0111_DriverToReference-SequenceTransform =-0.966108 0.235381 0.105976 17.262 0.229727 0.59674 0.768848 77.6509 0.117732 0.767135 -0.630589 119.056 0 0 0 1 
Seq_Frame0111_DriverToReference-SequenceTransformStatus = OK
Seq_Frame0111_Timestamp = 12.35
Seq_Frame0112_DriverToReference-SequenceTransform =-0.966108 0.235381 0.105976 17.262 0.229727 0.59674 0.768848 77.6509 0.117732 0.767135 -0.630589 119.056 0 0 0 1 
Seq_Frame0112_DriverToReference-SequenceTransformStatus = OK
Seq_Frame0112_Timestamp = 12.474
Seq_Frame0113_DriverToReference-SequenceTransform =-0.966108 0.235381 0.105976 17.262 0.229727 0.59674 0.768848 77.6509 0.117732 0.767135 -0.630589 119.056 0 0 0 1 
Seq_Frame0113_DriverToReference-SequenceTransformStatus = OK
Seq_Frame0113_Timestamp = 12.598
Seq_Frame0114_DriverToReference-SequenceTransform =-0.966108 0.235381 0.105976 17.262 0.229727 0.59674 0.768848 77.6509 0.117732 0.767135 -0.630589 119.056 0 0 0 1 
Seq_Frame0114_DriverToReference-SequenceTransformStatus = OK
Seq_Frame0114_Timestamp = 12.709
Seq_Frame0115_DriverToReference-SequenceTransform =-0.966108 0.235381 0.105976 17.262 0.229727 0.59674 0.768848 77.6509 0.117732 0.767135 -0.630589 119.056 0 0 0 1 
Seq_Frame0115_DriverToReference-SequenceTransformStatus = OK
Seq_Frame0115_Timestamp = 12.825
Seq_Frame0116_DriverToReference-SequenceTransform =-0.966108 0.235381 0.105976 17.262 0.229727 0.59674 0.768848 77.6509 0.117732 0.767135 -0.630589 119.056 0 0 0 1 
Seq_Frame0116_DriverToReference-SequenceTransformStatus = OK
Seq_Frame0116_Timestamp = 12.944
Seq_Frame0117_DriverToReference-SequenceTransform =-0.966108 0.235381 0.105976 17.262 0.229727 0.59674 0.768848 77.6509 0.117732 0.767135 -0.630589 119.056 0 0 0 1 
Seq_Frame0117_DriverToReference-SequenceTransformStatus = OK
Seq_Frame0117_Timestamp = 13.048
Seq_Frame0118_DriverToReference-SequenceTransform =-0.966108 0.235381 0.105976 17.262 0.229727 0.59674 0.768848 77.6509 0.117732 0.767135 -0.630589 119.056 0 0 0 1 
Seq_Frame0118_DriverToReference-SequenceTransformStatus = OK
Seq_Frame0118_Timestamp = 13.157
Seq_Frame0119_DriverToReference-SequenceTransform =-0.966108 0.235381 0.105976 17.262 0.229727 0.59674 0.768848 77.6509 0.117732 0.767135 -0.630589 119.056 0 0 0 1 
Seq_Frame0119_DriverToReference-SequenceTransformStatus = OK
Seq_Frame0119_Timestamp = 13.285
Seq_Frame0120_DriverToReference-SequenceTransform =-0.966108 0.235381 0.105976 17.262 0.229727 0.59674 0.768848 77.6509 0.117732 0.767135 -0.630589 119.056 0 0 0 1 
Seq_Frame0120_DriverToReference-SequenceTransformStatus = OK
Seq_Frame0120_Timestamp = 13.412
Seq_Frame0121_DriverToReference-SequenceTransform =-0.966108 0.235381 0.105976 17.262 0.229727 0.59674 0.768848 77.6509 0.117732 0.767135 -0.630589 119.056 0 0 0 1 
Seq_Frame0121_DriverToReference-SequenceTransformStatus = OK
Seq_Frame0121_Timestamp = 13.6
Seq_Frame0122_DriverToReference-SequenceTransform =-0.966108 0.235381 0.105976 17.262 0.229727 0.59674 0.768848 77.6509 0.117732 0.767135 -0.630589 119.056 0 0 0 1 
Seq_Frame0122_DriverToReference-SequenceTransformStatus = OK
Seq_Frame0122_Timestamp = 13.724
Seq_Frame0123_DriverToReference-SequenceTransform =-0.966108 0.235381 0.105976 17.262 0.229727 0.59674 0.768848 77.6509 0.117732 0.767135 -0.630589 119.056 0 0 0 1 
Seq_Frame0123_DriverToReference-SequenceTransformStatus = OK
Seq_Frame0123_Timestamp = 13.825
Seq_Frame0124_DriverToReference-SequenceTransform =-0.966108 0.235381 0.105976 17.262 0.229727 0.59674 0.768848 77.6509 0.117732 0.767135 -0.630589 119.056 0 0 0 1 
Seq_Frame0124_DriverToReference-SequenceTransformStatus = OK
Seq_Frame0124_Timestamp = 13.944
Seq_Frame0125_DriverToReference-SequenceTransform =-0.966108 0.235381 0.105976 17.262 0.229727 0.59674 0.768848 77.6509 0.117732 0.767135 -0.630589 119.056 0 0 0 1 
Seq_Frame0125_DriverToReference-SequenceTransformStatus = OK
Seq_Frame0125_Timestamp = 14.073
Seq_Frame0126_DriverToReference-SequenceTransform =-0.966108 0.235381 0.105976 17.262 0.229727 0.59674 0.768848 77.6509 0.117732 0.767135 -0.630589 119.056 0 0 0 1 
Seq_Frame0126_DriverToReference-SequenceTransformStatus = OK
Seq_Frame0126_Timestamp = 14.177
Seq_Frame0127_DriverToReference-SequenceTransform =-0.966108 0.235381 0.105976 17.262 0.229727 0.59674 0.768848 77.6509 0.117732 0.767135 -0.630589 119.056 0 0 0 1 
Seq_Frame0127_DriverToReference-SequenceTransformStatus = OK
Seq_Frame0127_Timestamp = 14.29
Seq_Frame0128_DriverToReference-SequenceTransform =-0.966108 0.235381 0.105976 17.262 0.229727 0.59674 0.768848 77.6509 0.117732 0.767135 -0.630589 119.056 0 0 0 1 
Seq_Frame0128_DriverToReference-SequenceTransformStatus = OK
Seq_Frame0128_Timestamp = 14.472
Seq_Frame0129_DriverToReference-SequenceTransform =-0.966108 0.235381 0.105976 17.262 0.229727 0.59674 0.768848 77.6509 0.117732 0.767135 -0.630589 119.056 0 0 0 1 
Seq_Frame0129_DriverToReference-SequenceTransformStatus = OK
Seq_Frame0129_Timestamp = 14.573
Seq_Frame0130_DriverToReference-SequenceTransform =-0.966108 0.235381 0.105976 17.262 0.229727 0.59674 0.768848 77.6509 0.117732 0.767135 -0.630589 119.056 0 0 0 1 
Seq_Frame0130_DriverToReference-SequenceTransformStatus = OK
Seq_Frame0130_Timestamp = 14.679
Seq_Frame0131_DriverToReference-SequenceTransform =-0.966108 0.235381 0.105976 17.262 0.229727 0.59674 0.768848 77.6509 0.117732 0.767135 -0.630589 119.056 0 0 0 1 
Seq_Frame0131_DriverToReference-SequenceTransformStatus = OK
Seq_Frame0131_Timestamp = 14.787
Seq_Frame0132_DriverToReference-SequenceTransform =-0.966108 0.235381 0.105976 17.262 0.229727 0.59674 0.768848 77.6509 0.117732 0.767135 -0.630589 119.056 0 0 0 1 
Seq_Frame0132_DriverToReference-SequenceTransformStatus = OK
Seq_Frame0132_Timestamp = 14.887
Seq_Frame0133_DriverToReference-SequenceTransform =-0.966108 0.235381 0.105976 17.262 0.229727 0.59674 0.768848 77.6509 0.117732 0.767135 -0.630589 119.056 0 0 0 1 
Seq_Frame0133_DriverToReference-SequenceTransformStatus = OK
Seq_Frame0133_Timestamp = 15.01
Seq_Frame0134_DriverToReference-SequenceTransform =-0.966108 0.235381 0.105976 17.262 0.229727 0.59674 0.768848 77.6509 0.117732 0.767135 -0.630589 119.056 0 0 0 1 
Seq_Frame0134_DriverToReference-SequenceTransformStatus = OK
Seq_Frame0134_Timestamp = 15.128
Seq_Frame0135_DriverToReference-SequenceTransform =-0.966108 0.235381 0.105976 17.262 0.229727 0.59674 0.768848 77.6509 0.117732 0.767135 -0.630589 119.056 0 0 0 1 
Seq_Frame0135_DriverToReference-SequenceTransformStatus = OK
Seq_Frame0135_Timestamp = 15.251
Seq_Frame0136_DriverToReference-SequenceTransform =-0.966108 0.235381 0.105976 17.262 0.229727 0.59674 0.768848 77.6509 0.117732 0.767135 -0.630589 119.056 0 0 0 1 
Seq_Frame0136_DriverToReference-SequenceTransformStatus = OK
Seq_Frame0136_Timestamp = 15.371
Seq_Frame0137_DriverToReference-SequenceTransform =-0.966108 0.235381 0.105976 17.262 0.229727 0.59674 0.768848 77.6509 0.117732 0.767135 -0.630589 119.056 0 0 0 1 
Seq_Frame0137_DriverToReference-SequenceTransformStatus = OK
Seq_Frame0137_Timestamp = 15.491
Seq_Frame0138_DriverToReference-SequenceTransform =-0.966108 0.235381 0.105976 17.262 0.229727 0.59674 0.768848 77.6509 0.117732 0.767135 -0.630589 119.056 0 0 0 1 
Seq_Frame0138_DriverToReference-SequenceTransformStatus = OK
Seq_Frame0138_Timestamp = 15.607
Seq_Frame0139_DriverToReference-SequenceTransform =-0.966108 0.235381 0.105976 17.262 0.229727 0.59674 0.768848 77.6509 0.117732 0.767135 -0.630589 119.056 0 0 0 1 
Seq_Frame0139_DriverToReference-SequenceTransformStatus = OK
Seq_Frame0139_Timestamp = 15.728
Seq_Frame0140_DriverToReference-SequenceTransform =-0.966108 0.235381 0.105976 17.262 0.229727 0.59674 0.768848 77.6509 0.117732 0.767135 -0.630589 119.056 0 0 0 1 
Seq_Frame0140_DriverToReference-SequenceTransformStatus = OK
Seq_Frame0140_Timestamp = 15.828
Seq_Frame0141_DriverToReference-SequenceTransform =-0.966108 0.235381 0.105976 17.262 0.229727 0.59674 0.768848 77.6509 0.117732 0.767135 -0.630589 119.056 0 0 0 1 
Seq_Frame0141_DriverToReference-SequenceTransformStatus = OK
Seq_Frame0141_Timestamp = 15.932
Seq_Frame0142_DriverToReference-SequenceTransform =-0.966108 0.235381 0.105976 17.262 0.229727 0.59674 0.768848 77.6509 0.117732 0.767135 -0.630589 119.056 0 0 0 1 
Seq_Frame0142_DriverToReference-SequenceTransformStatus = OK
Seq_Frame0142_Timestamp = 16.047
Seq_Frame0143_DriverToReference-SequenceTransform =-0.966108 0.235381 0.105976 17.262 0.229727 0.59674 0.768848 77.6509 0.117732 0.767135 -0.630589 119.056 0 0 0 1 
Seq_Frame0143_DriverToReference-SequenceTransformStatus = OK
Seq_Frame0143_Timestamp = 16.157
Seq_Frame0144_DriverToReference-SequenceTransform =-0.966108 0.235381 0.105976 17.262 0.229727 0.59674 0.768848 77.6509 0.117732 0.767135 -0.630589 119.056 0 0 0 1 
Seq_Frame0144_DriverToReference-SequenceTransformStatus = OK
Seq_Frame0144_Timestamp = 16.287
Seq_Frame0145_DriverToReference-SequenceTransform =-0.966108 0.235381 0.105976 17.262 0.229727 0.59674 0.768848 77.6509 0.117732 0.767135 -0.630589 119.056 0 0 0 1 
Seq_Frame0145_DriverToReference-SequenceTransformStatus = OK
Seq_Frame0145_Timestamp = 16.41
Seq_Frame0146_DriverToReference-SequenceTransform =-0.966108 0.235381 0.105976 17.262 0.229727 0.59674 0.768848 77.6509 0.117732 0.767135 -0.630589 119.056 0 0 0 1 
Seq_Frame0146_DriverToReference-SequenceTransformStatus = OK
Seq_Frame0146_Timestamp = 16.569
Seq_Frame0147_DriverToReference-SequenceTransform =-0.966108 0.235381 0.105976 17.262 0.229727 0.59674 0.768848 77.6509 0.117732 0.767135 -0.630589 119.056 0 0 0 1 
Seq_Frame0147_DriverToReference-SequenceTransformStatus = OK
Seq_Frame0147_Timestamp = 16.697
Seq_Frame0148_DriverToReference-SequenceTransform =-0.966108 0.235381 0.105976 17.262 0.229727 0.59674 0.768848 77.6509 0.117732 0.767135 -0.630589 119.056 0 0 0 1 
Seq_Frame0148_DriverToReference-SequenceTransformStatus = OK
Seq_Frame0148_Timestamp = 16.812
Seq_Frame0149_DriverToReference-SequenceTransform =-0.966108 0.235381 0.105976 17.262 0.229727 0.59674 0.768848 77.6509 0.117732 0.767135 -0.630589 119.056 0 0 0 1 
Seq_Frame0149_DriverToReference-SequenceTransformStatus = OK
Seq_Frame0149_Timestamp = 16.943
Seq_Frame0150_DriverToReference-SequenceTransform =-0.966108 0.235381 0.105976 17.262 0.229727 0.59674 0.768848 77.6509 0.117732 0.767135 -0.630589 119.056 0 0 0 1 
Seq_Frame0150_DriverToReference-SequenceTransformStatus = OK
Seq_Frame0150_Timestamp = 17.051
Seq_Frame0151_DriverToReference-SequenceTransform =-0.966108 0.235381 0.105976 17.262 0.229727 0.59674 0.768848 77.6509 0.117732 0.767135 -0.630589 119.056 0 0 0 1 
Seq_Frame0151_DriverToReference-SequenceTransformStatus = OK
Seq_Frame0151_Timestamp = 17.186
Seq_Frame0152_DriverToReference-SequenceTransform =-0.966108 0.235381 0.105976 17.262 0.229727 0.59674 0.768848 77.6509 0.117732 0.767135 -0.630589 119.056 0 0 0 1 
