ObjectType = Image
NDims = 3
AnatomicalOrientation = RAI
BinaryData = True
CompressedData = False
DimSize = 0 0 2077
ElementSpacing = 1 1 1
Offset = 0 0 0
TransformMatrix = 1 0 0 0 1 0 0 0 1
ElementType = MET_UCHAR
Kinds = domain domain list
Seq_Frame0000_ForcepToReference-SequenceTransform =0.587306 0.664333 -0.462312 78.5477 0.8029 -0.550268 0.229254 7.7399 -0.102095 -0.505832 -0.856569 12.7159 0 0 0 1 
Seq_Frame0000_ForcepToReference-SequenceTransformStatus = OK
Seq_Frame0000_Timestamp = 0.00200009
Seq_Frame0001_ForcepToReference-SequenceTransform =0.586885 0.664367 -0.462799 78.5452 0.803133 -0.550164 0.228686 7.71075 -0.102683 -0.505901 -0.856458 12.7654 0 0 0 1 
Seq_Frame0001_ForcepToReference-SequenceTransformStatus = OK
Seq_Frame0001_Timestamp = 0.112
Seq_Frame0002_ForcepToReference-SequenceTransform =0.587169 0.664505 -0.46224 78.5388 0.80298 -0.550293 0.228912 7.7046 -0.102255 -0.505579 -0.856699 12.7512 0 0 0 1 
Seq_Frame0002_ForcepToReference-SequenceTransformStatus = OK
Seq_Frame0002_Timestamp = 0.215
Seq_Frame0003_ForcepToReference-SequenceTransform =0.587275 0.664526 -0.462075 78.5316 0.802876 -0.550559 0.228638 7.72043 -0.102463 -0.505262 -0.856861 12.6762 0 0 0 1 
Seq_Frame0003_ForcepToReference-SequenceTransformStatus = OK
Seq_Frame0003_Timestamp = 0.32
Seq_Frame0004_ForcepToReference-SequenceTransform =0.587305 0.664624 -0.461895 78.535 0.802862 -0.550602 0.228582 7.73655 -0.1024 -0.505086 -0.856973 12.7225 0 0 0 1 
Seq_Frame0004_ForcepToReference-SequenceTransformStatus = OK
Seq_Frame0004_Timestamp = 0.43
Seq_Frame0005_ForcepToReference-SequenceTransform =0.587076 0.664758 -0.461995 78.5425 0.802972 -0.550683 0.227999 7.74018 -0.102849 -0.504822 -0.857074 12.7052 0 0 0 1 
Seq_Frame0005_ForcepToReference-SequenceTransformStatus = OK
Seq_Frame0005_Timestamp = 0.54
Seq_Frame0006_ForcepToReference-SequenceTransform =0.587604 0.664648 -0.461481 78.5358 0.802703 -0.550667 0.228984 7.71884 -0.101929 -0.504984 -0.857089 12.7284 0 0 0 1 
Seq_Frame0006_ForcepToReference-SequenceTransformStatus = OK
Seq_Frame0006_Timestamp = 0.644
Seq_Frame0007_ForcepToReference-SequenceTransform =0.585777 0.664373 -0.464192 78.5432 0.803725 -0.549936 0.227149 7.76854 -0.104364 -0.506141 -0.856113 12.7017 0 0 0 1 
Seq_Frame0007_ForcepToReference-SequenceTransformStatus = OK
Seq_Frame0007_Timestamp = 0.75
Seq_Frame0008_ForcepToReference-SequenceTransform =0.588256 0.664223 -0.461262 78.542 0.802382 -0.550438 0.230655 7.68927 -0.100689 -0.505792 -0.856759 12.824 0 0 0 1 
Seq_Frame0008_ForcepToReference-SequenceTransformStatus = OK
Seq_Frame0008_Timestamp = 0.856
Seq_Frame0009_ForcepToReference-SequenceTransform =0.587972 0.664562 -0.461136 78.5463 0.802516 -0.550643 0.229695 7.68827 -0.101275 -0.505124 -0.857084 12.8272 0 0 0 1 
Seq_Frame0009_ForcepToReference-SequenceTransformStatus = OK
Seq_Frame0009_Timestamp = 0.96
Seq_Frame0010_ForcepToReference-SequenceTransform =0.586563 0.664604 -0.462866 78.5383 0.803327 -0.550108 0.228139 7.72647 -0.103004 -0.50565 -0.856568 12.735 0 0 0 1 
Seq_Frame0010_ForcepToReference-SequenceTransformStatus = OK
Seq_Frame0010_Timestamp = 1.067
Seq_Frame0011_ForcepToReference-SequenceTransform =0.586649 0.66449 -0.462921 78.5292 0.80332 -0.549875 0.228723 7.73895 -0.102565 -0.506054 -0.856382 12.6925 0 0 0 1 
Seq_Frame0011_ForcepToReference-SequenceTransformStatus = OK
Seq_Frame0011_Timestamp = 1.175
Seq_Frame0012_ForcepToReference-SequenceTransform =0.586453 0.664506 -0.463146 78.5399 0.803358 -0.550171 0.227877 7.77747 -0.103384 -0.505712 -0.856486 12.6929 0 0 0 1 
Seq_Frame0012_ForcepToReference-SequenceTransformStatus = OK
Seq_Frame0012_Timestamp = 1.281
Seq_Frame0013_ForcepToReference-SequenceTransform =0.586538 0.664713 -0.462741 78.5156 0.803292 -0.55039 0.227579 7.71073 -0.103413 -0.505201 -0.856784 12.7183 0 0 0 1 
Seq_Frame0013_ForcepToReference-SequenceTransformStatus = OK
Seq_Frame0013_Timestamp = 1.386
Seq_Frame0014_ForcepToReference-SequenceTransform =0.587653 0.664707 -0.461334 78.5626 0.802829 -0.549945 0.230273 7.6388 -0.100645 -0.505693 -0.856823 12.7629 0 0 0 1 
Seq_Frame0014_ForcepToReference-SequenceTransformStatus = OK
Seq_Frame0014_Timestamp = 1.5
Seq_Frame0015_ForcepToReference-SequenceTransform =0.586481 0.664134 -0.463643 78.5415 0.803358 -0.54992 0.228482 7.73797 -0.103224 -0.506472 -0.856055 12.712 0 0 0 1 
Seq_Frame0015_ForcepToReference-SequenceTransformStatus = OK
Seq_Frame0015_Timestamp = 1.601
Seq_Frame0016_ForcepToReference-SequenceTransform =0.588165 0.665075 -0.460149 78.5353 0.802203 -0.551972 0.227589 7.7511 -0.102625 -0.502993 -0.858176 12.7005 0 0 0 1 
Seq_Frame0016_ForcepToReference-SequenceTransformStatus = OK
Seq_Frame0016_Timestamp = 1.706
Seq_Frame0017_ForcepToReference-SequenceTransform =0.587773 0.664956 -0.460822 78.5342 0.80258 -0.551014 0.228581 7.6871 -0.101923 -0.5042 -0.857551 12.8075 0 0 0 1 
Seq_Frame0017_ForcepToReference-SequenceTransformStatus = OK
Seq_Frame0017_Timestamp = 1.815
Seq_Frame0018_ForcepToReference-SequenceTransform =0.587334 0.664478 -0.462069 78.5314 0.802991 -0.549818 0.230012 7.67407 -0.101216 -0.506131 -0.856497 12.8031 0 0 0 1 
Seq_Frame0018_ForcepToReference-SequenceTransformStatus = OK
Seq_Frame0018_Timestamp = 1.921
Seq_Frame0019_ForcepToReference-SequenceTransform =0.587237 0.664281 -0.462475 78.5337 0.802966 -0.550081 0.229469 7.7574 -0.101967 -0.506105 -0.856423 12.6719 0 0 0 1 
Seq_Frame0019_ForcepToReference-SequenceTransformStatus = OK
Seq_Frame0019_Timestamp = 2.026
Seq_Frame0020_ForcepToReference-SequenceTransform =0.58719 0.664537 -0.462168 78.5394 0.802928 -0.550514 0.228562 7.70771 -0.102542 -0.505297 -0.856831 12.7738 0 0 0 1 
Seq_Frame0020_ForcepToReference-SequenceTransformStatus = OK
Seq_Frame0020_Timestamp = 2.127
Seq_Frame0021_ForcepToReference-SequenceTransform =0.588185 0.664685 -0.460686 78.532 0.802339 -0.551058 0.229318 7.66387 -0.101441 -0.504508 -0.857427 12.7558 0 0 0 1 
Seq_Frame0021_ForcepToReference-SequenceTransformStatus = OK
Seq_Frame0021_Timestamp = 2.24
Seq_Frame0022_ForcepToReference-SequenceTransform =0.587813 0.664558 -0.461345 78.5319 0.802582 -0.550711 0.229305 7.7114 -0.101681 -0.505055 -0.857077 12.7247 0 0 0 1 
Seq_Frame0022_ForcepToReference-SequenceTransformStatus = OK
Seq_Frame0022_Timestamp = 2.343
Seq_Frame0023_ForcepToReference-SequenceTransform =0.587741 0.664743 -0.461169 78.5342 0.802606 -0.550856 0.228868 7.68941 -0.101899 -0.504652 -0.857288 12.7852 0 0 0 1 
Seq_Frame0023_ForcepToReference-SequenceTransformStatus = OK
Seq_Frame0023_Timestamp = 2.457
Seq_Frame0024_ForcepToReference-SequenceTransform =0.58751 0.664402 -0.461954 78.5516 0.802787 -0.550359 0.22943 7.70016 -0.101807 -0.505643 -0.856715 12.7643 0 0 0 1 
Seq_Frame0024_ForcepToReference-SequenceTransformStatus = OK
Seq_Frame0024_Timestamp = 2.56
Seq_Frame0025_ForcepToReference-SequenceTransform =0.58741 0.664687 -0.461671 78.5406 0.802809 -0.55064 0.228678 7.69324 -0.102216 -0.504961 -0.857068 12.7958 0 0 0 1 
Seq_Frame0025_ForcepToReference-SequenceTransformStatus = OK
Seq_Frame0025_Timestamp = 2.665
Seq_Frame0026_ForcepToReference-SequenceTransform =0.587638 0.664812 -0.461201 78.544 0.802551 -0.551414 0.227715 7.74087 -0.102925 -0.503951 -0.857578 12.7303 0 0 0 1 
Seq_Frame0026_ForcepToReference-SequenceTransformStatus = OK
Seq_Frame0026_Timestamp = 2.776
Seq_Frame0027_ForcepToReference-SequenceTransform =0.587142 0.664421 -0.462394 78.5486 0.802968 -0.550376 0.228754 7.71878 -0.102502 -0.505599 -0.856658 12.7594 0 0 0 1 
Seq_Frame0027_ForcepToReference-SequenceTransformStatus = OK
Seq_Frame0027_Timestamp = 2.88
Seq_Frame0028_ForcepToReference-SequenceTransform =0.587495 0.664573 -0.461728 78.5418 0.802752 -0.550656 0.22884 7.72907 -0.102173 -0.505095 -0.856995 12.71 0 0 0 1 
Seq_Frame0028_ForcepToReference-SequenceTransformStatus = OK
Seq_Frame0028_Timestamp = 2.987
Seq_Frame0029_ForcepToReference-SequenceTransform =0.587825 0.664733 -0.461076 78.5402 0.80259 -0.550723 0.229245 7.70304 -0.101539 -0.504811 -0.857237 12.7423 0 0 0 1 
Seq_Frame0029_ForcepToReference-SequenceTransformStatus = OK
Seq_Frame0029_Timestamp = 3.092
Seq_Frame0030_ForcepToReference-SequenceTransform =0.586991 0.664611 -0.462314 78.5409 0.802992 -0.550718 0.227844 7.7614 -0.103177 -0.504977 -0.856944 12.6414 0 0 0 1 
Seq_Frame0030_ForcepToReference-SequenceTransformStatus = OK
Seq_Frame0030_Timestamp = 3.205
Seq_Frame0031_ForcepToReference-SequenceTransform =0.586909 0.664696 -0.462296 78.5283 0.80331 -0.549388 0.229925 7.70524 -0.10115 -0.506312 -0.856398 12.7512 0 0 0 1 
Seq_Frame0031_ForcepToReference-SequenceTransformStatus = OK
Seq_Frame0031_Timestamp = 3.32
Seq_Frame0032_ForcepToReference-SequenceTransform =0.586032 0.664162 -0.464172 78.548 0.803896 -0.54837 0.230308 7.69914 -0.101576 -0.508113 -0.85528 12.7719 0 0 0 1 
Seq_Frame0032_ForcepToReference-SequenceTransformStatus = OK
Seq_Frame0032_Timestamp = 3.427
Seq_Frame0033_ForcepToReference-SequenceTransform =0.586959 0.664844 -0.462019 78.5322 0.803271 -0.54953 0.229722 7.71776 -0.101164 -0.505964 -0.856602 12.7791 0 0 0 1 
Seq_Frame0033_ForcepToReference-SequenceTransformStatus = OK
Seq_Frame0033_Timestamp = 3.537
Seq_Frame0034_ForcepToReference-SequenceTransform =0.587062 0.664607 -0.462229 78.5466 0.80314 -0.549812 0.229506 7.66968 -0.101608 -0.505969 -0.856546 12.8543 0 0 0 1 
Seq_Frame0034_ForcepToReference-SequenceTransformStatus = OK
Seq_Frame0034_Timestamp = 3.65
Seq_Frame0035_ForcepToReference-SequenceTransform =0.58626 0.664772 -0.46301 78.5378 0.803589 -0.549638 0.228349 7.75262 -0.102687 -0.505941 -0.856434 12.7339 0 0 0 1 
Seq_Frame0035_ForcepToReference-SequenceTransformStatus = OK
Seq_Frame0035_Timestamp = 3.768
Seq_Frame0036_ForcepToReference-SequenceTransform =0.586632 0.664505 -0.462921 78.5594 0.803415 -0.549455 0.229398 7.67682 -0.101918 -0.50649 -0.856201 12.8255 0 0 0 1 
Seq_Frame0036_ForcepToReference-SequenceTransformStatus = OK
Seq_Frame0036_Timestamp = 3.877
Seq_Frame0037_ForcepToReference-SequenceTransform =0.586893 0.664695 -0.462318 78.5359 0.803328 -0.549338 0.229983 7.7278 -0.101101 -0.506368 -0.85637 12.7212 0 0 0 1 
Seq_Frame0037_ForcepToReference-SequenceTransformStatus = OK
Seq_Frame0037_Timestamp = 3.985
Seq_Frame0038_ForcepToReference-SequenceTransform =0.587041 0.664698 -0.462124 78.5277 0.803311 -0.549051 0.230725 7.69394 -0.100367 -0.506675 -0.856275 12.7975 0 0 0 1 
Seq_Frame0038_ForcepToReference-SequenceTransformStatus = OK
Seq_Frame0038_Timestamp = 4.096
Seq_Frame0039_ForcepToReference-SequenceTransform =0.58723 0.66466 -0.461939 78.5398 0.803098 -0.54963 0.230089 7.67161 -0.100965 -0.506098 -0.856546 12.8409 0 0 0 1 
Seq_Frame0039_ForcepToReference-SequenceTransformStatus = OK
Seq_Frame0039_Timestamp = 4.2
Seq_Frame0040_ForcepToReference-SequenceTransform =0.587056 0.664408 -0.462523 78.5504 0.803254 -0.549159 0.230667 7.70459 -0.100742 -0.506937 -0.856076 12.8245 0 0 0 1 
Seq_Frame0040_ForcepToReference-SequenceTransformStatus = OK
Seq_Frame0040_Timestamp = 4.305
Seq_Frame0041_ForcepToReference-SequenceTransform =0.587166 0.664495 -0.462259 78.5421 0.803136 -0.549519 0.23022 7.618 -0.10104 -0.506434 -0.856339 12.8313 0 0 0 1 
Seq_Frame0041_ForcepToReference-SequenceTransformStatus = OK
Seq_Frame0041_Timestamp = 4.416
Seq_Frame0042_ForcepToReference-SequenceTransform =0.587237 0.66467 -0.461916 78.5226 0.803356 -0.548308 0.232328 7.57459 -0.0988505 -0.507515 -0.855954 12.8497 0 0 0 1 
Seq_Frame0042_ForcepToReference-SequenceTransformStatus = OK
Seq_Frame0042_Timestamp = 4.534
Seq_Frame0043_ForcepToReference-SequenceTransform =0.585659 0.664255 -0.464509 78.5387 0.804129 -0.548174 0.229958 7.68824 -0.101881 -0.508203 -0.85519 12.7549 0 0 0 1 
Seq_Frame0043_ForcepToReference-SequenceTransformStatus = OK
Seq_Frame0043_Timestamp = 4.646
Seq_Frame0044_ForcepToReference-SequenceTransform =0.587313 0.664569 -0.461964 78.5608 0.802994 -0.549897 0.229812 7.661 -0.101306 -0.505926 -0.856607 12.846 0 0 0 1 
Seq_Frame0044_ForcepToReference-SequenceTransformStatus = OK
Seq_Frame0044_Timestamp = 4.755
Seq_Frame0045_ForcepToReference-SequenceTransform =0.586463 0.66477 -0.462754 78.5351 0.803662 -0.548773 0.230165 7.67626 -0.100941 -0.506881 -0.856086 12.8478 0 0 0 1 
Seq_Frame0045_ForcepToReference-SequenceTransformStatus = OK
Seq_Frame0045_Timestamp = 4.859
Seq_Frame0046_ForcepToReference-SequenceTransform =0.585832 0.664462 -0.463994 78.5291 0.803961 -0.54869 0.229318 7.71673 -0.102216 -0.507375 -0.855642 12.7942 0 0 0 1 
Seq_Frame0046_ForcepToReference-SequenceTransformStatus = OK
Seq_Frame0046_Timestamp = 4.966
Seq_Frame0047_ForcepToReference-SequenceTransform =0.586117 0.66472 -0.463265 78.5279 0.80373 -0.549264 0.228751 7.73814 -0.102399 -0.506414 -0.856189 12.7557 0 0 0 1 
Seq_Frame0047_ForcepToReference-SequenceTransformStatus = OK
Seq_Frame0047_Timestamp = 5.071
Seq_Frame0048_ForcepToReference-SequenceTransform =0.585369 0.664649 -0.464312 78.5209 0.804229 -0.548584 0.228629 7.75105 -0.102756 -0.507246 -0.855654 12.7075 0 0 0 1 
Seq_Frame0048_ForcepToReference-SequenceTransformStatus = OK
Seq_Frame0048_Timestamp = 5.18
Seq_Frame0049_ForcepToReference-SequenceTransform =0.58488 0.664798 -0.464713 78.5213 0.804406 -0.548966 0.227085 7.77608 -0.104147 -0.506635 -0.855847 12.7047 0 0 0 1 
Seq_Frame0049_ForcepToReference-SequenceTransformStatus = OK
Seq_Frame0049_Timestamp = 5.284
Seq_Frame0050_ForcepToReference-SequenceTransform =0.585998 0.6646 -0.463586 78.5265 0.803899 -0.548654 0.229617 7.72418 -0.101745 -0.507232 -0.855782 12.7086 0 0 0 1 
Seq_Frame0050_ForcepToReference-SequenceTransformStatus = OK
Seq_Frame0050_Timestamp = 5.396
Seq_Frame0051_ForcepToReference-SequenceTransform =0.586239 0.664586 -0.463302 78.5482 0.803623 -0.549427 0.228735 7.73496 -0.102536 -0.506414 -0.856173 12.7723 0 0 0 1 
Seq_Frame0051_ForcepToReference-SequenceTransformStatus = OK
Seq_Frame0051_Timestamp = 5.5
Seq_Frame0052_ForcepToReference-SequenceTransform =0.586506 0.664446 -0.463165 78.5418 0.803539 -0.549117 0.229771 7.701 -0.101662 -0.506934 -0.855969 12.7378 0 0 0 1 
Seq_Frame0052_ForcepToReference-SequenceTransformStatus = OK
Seq_Frame0052_Timestamp = 5.606
Seq_Frame0053_ForcepToReference-SequenceTransform =0.586139 0.664662 -0.46332 78.5352 0.803784 -0.548913 0.229403 7.71324 -0.101847 -0.506871 -0.855984 12.7617 0 0 0 1 
Seq_Frame0053_ForcepToReference-SequenceTransformStatus = OK
Seq_Frame0053_Timestamp = 5.711
Seq_Frame0054_ForcepToReference-SequenceTransform =0.586051 0.664506 -0.463655 78.5359 0.803911 -0.548416 0.230145 7.71289 -0.101343 -0.507614 -0.855604 12.7296 0 0 0 1 
Seq_Frame0054_ForcepToReference-SequenceTransformStatus = OK
Seq_Frame0054_Timestamp = 5.816
Seq_Frame0055_ForcepToReference-SequenceTransform =0.586422 0.664529 -0.463153 78.5389 0.803618 -0.548972 0.229841 7.69948 -0.101522 -0.506982 -0.855957 12.78 0 0 0 1 
Seq_Frame0055_ForcepToReference-SequenceTransformStatus = OK
Seq_Frame0055_Timestamp = 5.921
Seq_Frame0056_ForcepToReference-SequenceTransform =0.585995 0.664578 -0.463622 78.5343 0.803908 -0.548609 0.229697 7.67292 -0.101696 -0.507311 -0.855742 12.7802 0 0 0 1 
Seq_Frame0056_ForcepToReference-SequenceTransformStatus = OK
Seq_Frame0056_Timestamp = 6.027
Seq_Frame0057_ForcepToReference-SequenceTransform =0.586831 0.664526 -0.462639 78.535 0.80339 -0.549098 0.230341 7.65641 -0.100967 -0.50685 -0.856101 12.8124 0 0 0 1 
Seq_Frame0057_ForcepToReference-SequenceTransformStatus = OK
Seq_Frame0057_Timestamp = 6.135
Seq_Frame0058_ForcepToReference-SequenceTransform =0.587256 0.664636 -0.46194 78.5343 0.803073 -0.549678 0.230061 7.68211 -0.101011 -0.506076 -0.856553 12.7902 0 0 0 1 
Seq_Frame0058_ForcepToReference-SequenceTransformStatus = OK
Seq_Frame0058_Timestamp = 6.24
Seq_Frame0059_ForcepToReference-SequenceTransform =0.585923 0.66431 -0.464097 78.5424 0.803967 -0.548357 0.23009 7.69399 -0.101639 -0.507934 -0.855379 12.803 0 0 0 1 
Seq_Frame0059_ForcepToReference-SequenceTransformStatus = OK
Seq_Frame0059_Timestamp = 6.346
Seq_Frame0060_ForcepToReference-SequenceTransform =0.586082 0.66423 -0.464011 78.5405 0.803888 -0.548322 0.23045 7.68037 -0.101356 -0.508075 -0.855328 12.7684 0 0 0 1 
Seq_Frame0060_ForcepToReference-SequenceTransformStatus = OK
Seq_Frame0060_Timestamp = 6.455
Seq_Frame0061_ForcepToReference-SequenceTransform =0.586531 0.664853 -0.462549 78.5136 0.80352 -0.549352 0.229276 7.72965 -0.101668 -0.506146 -0.856435 12.7337 0 0 0 1 
Seq_Frame0061_ForcepToReference-SequenceTransformStatus = OK
Seq_Frame0061_Timestamp = 6.559
Seq_Frame0062_ForcepToReference-SequenceTransform =0.586215 0.664985 -0.462761 78.4966 0.803643 -0.549582 0.22829 7.79433 -0.102516 -0.505721 -0.856584 12.6907 0 0 0 1 
Seq_Frame0062_ForcepToReference-SequenceTransformStatus = OK
Seq_Frame0062_Timestamp = 6.666
Seq_Frame0063_ForcepToReference-SequenceTransform =0.586293 0.664177 -0.46382 78.5168 0.803902 -0.547693 0.231893 7.58434 -0.100013 -0.508823 -0.855042 12.9334 0 0 0 1 
Seq_Frame0063_ForcepToReference-SequenceTransformStatus = OK
Seq_Frame0063_Timestamp = 6.768
Seq_Frame0064_ForcepToReference-SequenceTransform =0.585071 0.666142 -0.462544 78.4655 0.80418 -0.550263 0.224733 7.90292 -0.104817 -0.503453 -0.857641 12.4548 0 0 0 1 
Seq_Frame0064_ForcepToReference-SequenceTransformStatus = OK
Seq_Frame0064_Timestamp = 6.876
Seq_Frame0065_ForcepToReference-SequenceTransform =0.586718 0.664676 -0.462567 78.5432 0.803336 -0.549722 0.229035 7.71383 -0.10205 -0.505975 -0.85649 12.7828 0 0 0 1 
Seq_Frame0065_ForcepToReference-SequenceTransformStatus = OK
Seq_Frame0065_Timestamp = 6.985
Seq_Frame0066_ForcepToReference-SequenceTransform =0.586336 0.666112 -0.460982 78.4925 0.803231 -0.55185 0.224236 7.85649 -0.105027 -0.501753 -0.858611 12.5412 0 0 0 1 
Seq_Frame0066_ForcepToReference-SequenceTransformStatus = OK
Seq_Frame0066_Timestamp = 7.092
Seq_Frame0067_ForcepToReference-SequenceTransform =0.586637 0.664467 -0.462968 78.5441 0.803484 -0.549078 0.230057 7.68982 -0.10134 -0.506948 -0.855999 12.7697 0 0 0 1 
Seq_Frame0067_ForcepToReference-SequenceTransformStatus = OK
Seq_Frame0067_Timestamp = 7.195
Seq_Frame0068_ForcepToReference-SequenceTransform =0.586016 0.664593 -0.463574 78.5339 0.803841 -0.548897 0.229243 7.70572 -0.102101 -0.50698 -0.85589 12.6954 0 0 0 1 
Seq_Frame0068_ForcepToReference-SequenceTransformStatus = OK
Seq_Frame0068_Timestamp = 7.3
Seq_Frame0069_ForcepToReference-SequenceTransform =0.586472 0.664931 -0.462513 78.5473 0.803446 -0.549904 0.228211 7.79049 -0.102594 -0.505443 -0.856739 12.6262 0 0 0 1 
Seq_Frame0069_ForcepToReference-SequenceTransformStatus = OK
Seq_Frame0069_Timestamp = 7.411
Seq_Frame0070_ForcepToReference-SequenceTransform =0.586657 0.66533 -0.461702 78.5318 0.80318 -0.550955 0.226607 7.82782 -0.103609 -0.503771 -0.857602 12.53 0 0 0 1 
Seq_Frame0070_ForcepToReference-SequenceTransformStatus = OK
Seq_Frame0070_Timestamp = 7.516
Seq_Frame0071_ForcepToReference-SequenceTransform =0.587123 0.665586 -0.460741 78.5258 0.802979 -0.550945 0.227344 7.78078 -0.102526 -0.503444 -0.857924 12.596 0 0 0 1 
Seq_Frame0071_ForcepToReference-SequenceTransformStatus = OK
Seq_Frame0071_Timestamp = 7.626
Seq_Frame0072_ForcepToReference-SequenceTransform =0.58558 0.665541 -0.462765 78.5332 0.80386 -0.550319 0.225739 7.83835 -0.10443 -0.504186 -0.857258 12.5379 0 0 0 1 
Seq_Frame0072_ForcepToReference-SequenceTransformStatus = OK
Seq_Frame0072_Timestamp = 7.73
Seq_Frame0073_ForcepToReference-SequenceTransform =0.585886 0.665541 -0.462377 78.5217 0.803763 -0.550062 0.226708 7.82086 -0.103453 -0.504467 -0.857211 12.53 0 0 0 1 
Seq_Frame0073_ForcepToReference-SequenceTransformStatus = OK
Seq_Frame0073_Timestamp = 7.841
Seq_Frame0074_ForcepToReference-SequenceTransform =0.586577 0.665407 -0.461693 78.538 0.803314 -0.550529 0.227164 7.77344 -0.103019 -0.504134 -0.857459 12.6332 0 0 0 1 
Seq_Frame0074_ForcepToReference-SequenceTransformStatus = OK
Seq_Frame0074_Timestamp = 7.945
Seq_Frame0075_ForcepToReference-SequenceTransform =0.585895 0.665291 -0.462726 78.5343 0.803797 -0.54975 0.227343 7.7964 -0.103135 -0.505137 -0.856855 12.5988 0 0 0 1 
Seq_Frame0075_ForcepToReference-SequenceTransformStatus = OK
Seq_Frame0075_Timestamp = 8.056
Seq_Frame0076_ForcepToReference-SequenceTransform =0.586071 0.665328 -0.46245 78.5431 0.803656 -0.550037 0.227148 7.7911 -0.103237 -0.504775 -0.857055 12.6436 0 0 0 1 
Seq_Frame0076_ForcepToReference-SequenceTransformStatus = OK
Seq_Frame0076_Timestamp = 8.163
Seq_Frame0077_ForcepToReference-SequenceTransform =0.585313 0.665129 -0.463694 78.5468 0.804149 -0.549347 0.227073 7.75699 -0.103697 -0.505788 -0.856403 12.7107 0 0 0 1 
Seq_Frame0077_ForcepToReference-SequenceTransformStatus = OK
Seq_Frame0077_Timestamp = 8.265
Seq_Frame0078_ForcepToReference-SequenceTransform =0.585001 0.665451 -0.463627 78.5273 0.804277 -0.549626 0.225943 7.79356 -0.104467 -0.505061 -0.856738 12.624 0 0 0 1 
Seq_Frame0078_ForcepToReference-SequenceTransformStatus = OK
Seq_Frame0078_Timestamp = 8.375
Seq_Frame0079_ForcepToReference-SequenceTransform =0.585745 0.664841 -0.463562 78.5378 0.803991 -0.54894 0.228612 7.72936 -0.102477 -0.506608 -0.856065 12.7169 0 0 0 1 
Seq_Frame0079_ForcepToReference-SequenceTransformStatus = OK
Seq_Frame0079_Timestamp = 8.476
Seq_Frame0080_ForcepToReference-SequenceTransform =0.586015 0.664958 -0.463053 78.5388 0.803716 -0.549696 0.22776 7.73218 -0.103088 -0.505634 -0.856567 12.7174 0 0 0 1 
Seq_Frame0080_ForcepToReference-SequenceTransformStatus = OK
Seq_Frame0080_Timestamp = 8.6
Seq_Frame0081_ForcepToReference-SequenceTransform =0.587075 0.66461 -0.462207 78.5424 0.80321 -0.54943 0.230173 7.65393 -0.100975 -0.506378 -0.856379 12.8105 0 0 0 1 
Seq_Frame0081_ForcepToReference-SequenceTransformStatus = OK
Seq_Frame0081_Timestamp = 8.721
Seq_Frame0082_ForcepToReference-SequenceTransform =0.586559 0.664567 -0.462923 78.5467 0.803451 -0.549485 0.229199 7.72664 -0.102051 -0.506375 -0.856253 12.7381 0 0 0 1 
Seq_Frame0082_ForcepToReference-SequenceTransformStatus = OK
Seq_Frame0082_Timestamp = 8.845
Seq_Frame0083_ForcepToReference-SequenceTransform =0.586159 0.66459 -0.463399 78.5504 0.803653 -0.549475 0.228513 7.73857 -0.102759 -0.506357 -0.856179 12.7505 0 0 0 1 
Seq_Frame0083_ForcepToReference-SequenceTransformStatus = OK
Seq_Frame0083_Timestamp = 8.973
Seq_Frame0084_ForcepToReference-SequenceTransform =0.585941 0.665119 -0.462914 78.5328 0.803694 -0.550063 0.226951 7.73699 -0.103683 -0.505021 -0.856857 12.6869 0 0 0 1 
Seq_Frame0084_ForcepToReference-SequenceTransformStatus = OK
Seq_Frame0084_Timestamp = 9.096
Seq_Frame0085_ForcepToReference-SequenceTransform =0.58694 0.664691 -0.462263 78.5373 0.803244 -0.549639 0.229558 7.69757 -0.101493 -0.506047 -0.856514 12.7569 0 0 0 1 
Seq_Frame0085_ForcepToReference-SequenceTransformStatus = OK
Seq_Frame0085_Timestamp = 9.22
Seq_Frame0086_ForcepToReference-SequenceTransform =0.58679 0.664525 -0.462692 78.545 0.803357 -0.54936 0.229826 7.71552 -0.101459 -0.506567 -0.85621 12.7591 0 0 0 1 
Seq_Frame0086_ForcepToReference-SequenceTransformStatus = OK
Seq_Frame0086_Timestamp = 9.345
Seq_Frame0087_ForcepToReference-SequenceTransform =0.587963 0.664536 -0.461185 78.5329 0.802654 -0.549962 0.230843 7.67156 -0.10023 -0.5059 -0.856749 12.7428 0 0 0 1 
Seq_Frame0087_ForcepToReference-SequenceTransformStatus = OK
Seq_Frame0087_Timestamp = 9.448
Seq_Frame0088_ForcepToReference-SequenceTransform =0.586853 0.664395 -0.462798 78.5529 0.803374 -0.549055 0.230497 7.70409 -0.100961 -0.507068 -0.855972 12.8068 0 0 0 1 
Seq_Frame0088_ForcepToReference-SequenceTransformStatus = OK
Seq_Frame0088_Timestamp = 9.554
Seq_Frame0089_ForcepToReference-SequenceTransform =0.586271 0.664504 -0.46338 78.5366 0.803749 -0.548679 0.230084 7.71332 -0.101355 -0.507333 -0.855769 12.7145 0 0 0 1 
Seq_Frame0089_ForcepToReference-SequenceTransformStatus = OK
Seq_Frame0089_Timestamp = 9.665
Seq_Frame0090_ForcepToReference-SequenceTransform =0.586491 0.664424 -0.463216 78.5443 0.803553 -0.549074 0.229825 7.70461 -0.101639 -0.507009 -0.855927 12.7486 0 0 0 1 
Seq_Frame0090_ForcepToReference-SequenceTransformStatus = OK
Seq_Frame0090_Timestamp = 9.786
Seq_Frame0091_ForcepToReference-SequenceTransform =0.586179 0.664684 -0.463239 78.5404 0.803775 -0.548872 0.229535 7.66942 -0.101691 -0.506888 -0.855993 12.7978 0 0 0 1 
Seq_Frame0091_ForcepToReference-SequenceTransformStatus = OK
Seq_Frame0091_Timestamp = 9.912
Seq_Frame0092_ForcepToReference-SequenceTransform =0.587442 0.664847 -0.461401 78.5472 0.802869 -0.550342 0.229184 7.71855 -0.101556 -0.505077 -0.857079 12.783 0 0 0 1 
Seq_Frame0092_ForcepToReference-SequenceTransformStatus = OK
Seq_Frame0092_Timestamp = 10.035
Seq_Frame0093_ForcepToReference-SequenceTransform =0.585817 0.664801 -0.463528 78.5445 0.803905 -0.549171 0.228359 7.71124 -0.102743 -0.506409 -0.856151 12.7761 0 0 0 1 
Seq_Frame0093_ForcepToReference-SequenceTransformStatus = OK
Seq_Frame0093_Timestamp = 10.157
Seq_Frame0094_ForcepToReference-SequenceTransform =0.585706 0.664679 -0.463842 78.5437 0.803962 -0.549097 0.228337 7.69553 -0.102923 -0.50665 -0.855986 12.7636 0 0 0 1 
Seq_Frame0094_ForcepToReference-SequenceTransformStatus = OK
Seq_Frame0094_Timestamp = 10.262
Seq_Frame0095_ForcepToReference-SequenceTransform =0.585603 0.664379 -0.464402 78.544 0.804173 -0.548154 0.229854 7.66672 -0.101854 -0.508063 -0.855276 12.8241 0 0 0 1 
Seq_Frame0095_ForcepToReference-SequenceTransformStatus = OK
Seq_Frame0095_Timestamp = 10.375
Seq_Frame0096_ForcepToReference-SequenceTransform =0.587599 0.664917 -0.4611 78.526 0.802859 -0.550034 0.229954 7.69596 -0.10072 -0.505319 -0.857035 12.7518 0 0 0 1 
Seq_Frame0096_ForcepToReference-SequenceTransformStatus = OK
Seq_Frame0096_Timestamp = 10.478
Seq_Frame0097_ForcepToReference-SequenceTransform =0.586164 0.6646 -0.463378 78.5436 0.80368 -0.549334 0.228757 7.66722 -0.102518 -0.506497 -0.856126 12.849 0 0 0 1 
Seq_Frame0097_ForcepToReference-SequenceTransformStatus = OK
Seq_Frame0097_Timestamp = 10.583
Seq_Frame0098_ForcepToReference-SequenceTransform =0.586814 0.664615 -0.462532 78.5414 0.803397 -0.54915 0.230191 7.67549 -0.101011 -0.506676 -0.856199 12.8092 0 0 0 1 
Seq_Frame0098_ForcepToReference-SequenceTransformStatus = OK
Seq_Frame0098_Timestamp = 10.695
Seq_Frame0099_ForcepToReference-SequenceTransform =0.586693 0.6645 -0.462851 78.5419 0.803435 -0.549205 0.229928 7.66536 -0.101413 -0.506768 -0.856097 12.789 0 0 0 1 
Seq_Frame0099_ForcepToReference-SequenceTransformStatus = OK
Seq_Frame0099_Timestamp = 10.816
Seq_Frame0100_ForcepToReference-SequenceTransform =0.586508 0.664794 -0.462664 78.5263 0.803491 -0.549528 0.228959 7.72003 -0.102036 -0.506033 -0.856458 12.749 0 0 0 1 
Seq_Frame0100_ForcepToReference-SequenceTransformStatus = OK
Seq_Frame0100_Timestamp = 10.97
Seq_Frame0101_ForcepToReference-SequenceTransform =0.586766 0.664627 -0.462575 78.5383 0.803357 -0.549474 0.229556 7.69212 -0.101604 -0.506309 -0.856346 12.7878 0 0 0 1 
Seq_Frame0101_ForcepToReference-SequenceTransformStatus = OK
Seq_Frame0101_Timestamp = 11.142
Seq_Frame0102_ForcepToReference-SequenceTransform =0.586193 0.664248 -0.463845 78.5435 0.803809 -0.548448 0.230426 7.66943 -0.101335 -0.507917 -0.855425 12.7842 0 0 0 1 
Seq_Frame0102_ForcepToReference-SequenceTransformStatus = OK
Seq_Frame0102_Timestamp = 11.244
Seq_Frame0103_ForcepToReference-SequenceTransform =0.586289 0.664585 -0.46324 78.542 0.803616 -0.549342 0.228967 7.71427 -0.102309 -0.506508 -0.856144 12.7764 0 0 0 1 
Seq_Frame0103_ForcepToReference-SequenceTransformStatus = OK
Seq_Frame0103_Timestamp = 11.356
Seq_Frame0104_ForcepToReference-SequenceTransform =0.586695 0.664509 -0.462835 78.5362 0.803477 -0.548989 0.230294 7.6906 -0.101059 -0.506989 -0.856008 12.7513 0 0 0 1 
Seq_Frame0104_ForcepToReference-SequenceTransformStatus = OK
Seq_Frame0104_Timestamp = 11.475
Seq_Frame0105_ForcepToReference-SequenceTransform =0.586343 0.66471 -0.462993 78.5325 0.803555 -0.549571 0.228629 7.75473 -0.102475 -0.506096 -0.856368 12.6713 0 0 0 1 
Seq_Frame0105_ForcepToReference-SequenceTransformStatus = OK
Seq_Frame0105_Timestamp = 11.604
Seq_Frame0106_ForcepToReference-SequenceTransform =0.586407 0.664708 -0.462915 78.5366 0.803514 -0.549618 0.228661 7.73086 -0.102434 -0.506047 -0.856402 12.7365 0 0 0 1 
Seq_Frame0106_ForcepToReference-SequenceTransformStatus = OK
Seq_Frame0106_Timestamp = 11.727
Seq_Frame0107_ForcepToReference-SequenceTransform =0.586503 0.664762 -0.462715 78.5424 0.8034 -0.549971 0.22821 7.75081 -0.102775 -0.505591 -0.85663 12.7405 0 0 0 1 
Seq_Frame0107_ForcepToReference-SequenceTransformStatus = OK
Seq_Frame0107_Timestamp = 11.851
Seq_Frame0108_ForcepToReference-SequenceTransform =0.585911 0.664115 -0.464392 78.5331 0.803784 -0.549201 0.228714 7.78067 -0.103152 -0.507277 -0.855587 12.5553 0 0 0 1 
Seq_Frame0108_ForcepToReference-SequenceTransformStatus = OK
Seq_Frame0108_Timestamp = 11.974
Seq_Frame0109_ForcepToReference-SequenceTransform =0.585323 0.664434 -0.464677 78.5438 0.804199 -0.548738 0.228366 7.74822 -0.103252 -0.507361 -0.855526 12.7088 0 0 0 1 
Seq_Frame0109_ForcepToReference-SequenceTransformStatus = OK
Seq_Frame0109_Timestamp = 12.103
Seq_Frame0110_ForcepToReference-SequenceTransform =0.586099 0.664806 -0.463164 78.5328 0.803663 -0.549678 0.22799 7.75384 -0.103021 -0.505853 -0.856446 12.7043 0 0 0 1 
Seq_Frame0110_ForcepToReference-SequenceTransformStatus = OK
Seq_Frame0110_Timestamp = 12.226
Seq_Frame0111_ForcepToReference-SequenceTransform =0.587154 0.66495 -0.461619 78.5381 0.803012 -0.550392 0.228562 7.7578 -0.102089 -0.504887 -0.857127 12.7273 0 0 0 1 
Seq_Frame0111_ForcepToReference-SequenceTransformStatus = OK
Seq_Frame0111_Timestamp = 12.35
Seq_Frame0112_ForcepToReference-SequenceTransform =0.58614 0.664609 -0.463395 78.5385 0.803732 -0.54914 0.22904 7.71345 -0.102247 -0.506695 -0.856041 12.7594 0 0 0 1 
Seq_Frame0112_ForcepToReference-SequenceTransformStatus = OK
Seq_Frame0112_Timestamp = 12.474
Seq_Frame0113_ForcepToReference-SequenceTransform =0.585718 0.664352 -0.464296 78.5518 0.803996 -0.548737 0.22908 7.72441 -0.102587 -0.507469 -0.855542 12.7713 0 0 0 1 
Seq_Frame0113_ForcepToReference-SequenceTransformStatus = OK
Seq_Frame0113_Timestamp = 12.598
Seq_Frame0114_ForcepToReference-SequenceTransform =0.585771 0.664747 -0.463663 78.5441 0.803884 -0.549357 0.227984 7.75199 -0.103165 -0.506278 -0.856177 12.7503 0 0 0 1 
Seq_Frame0114_ForcepToReference-SequenceTransformStatus = OK
Seq_Frame0114_Timestamp = 12.709
Seq_Frame0115_ForcepToReference-SequenceTransform =0.586954 0.664531 -0.462476 78.5467 0.803225 -0.549618 0.229673 7.72112 -0.10156 -0.506279 -0.856368 12.7788 0 0 0 1 
Seq_Frame0115_ForcepToReference-SequenceTransformStatus = OK
Seq_Frame0115_Timestamp = 12.825
Seq_Frame0116_ForcepToReference-SequenceTransform =0.586524 0.664639 -0.462865 78.5362 0.803499 -0.54937 0.229309 7.7298 -0.101876 -0.506407 -0.856256 12.7267 0 0 0 1 
Seq_Frame0116_ForcepToReference-SequenceTransformStatus = OK
Seq_Frame0116_Timestamp = 12.944
Seq_Frame0117_ForcepToReference-SequenceTransform =0.586472 0.664576 -0.463022 78.5371 0.803517 -0.549379 0.229223 7.70766 -0.102038 -0.506478 -0.856194 12.748 0 0 0 1 
Seq_Frame0117_ForcepToReference-SequenceTransformStatus = OK
Seq_Frame0117_Timestamp = 13.048
Seq_Frame0118_ForcepToReference-SequenceTransform =0.585789 0.664529 -0.463953 78.5395 0.803942 -0.548921 0.22883 7.75871 -0.102609 -0.507037 -0.855795 12.716 0 0 0 1 
Seq_Frame0118_ForcepToReference-SequenceTransformStatus = OK
Seq_Frame0118_Timestamp = 13.157
Seq_Frame0119_ForcepToReference-SequenceTransform =0.586369 0.664536 -0.46321 78.5365 0.803629 -0.549056 0.229606 7.72293 -0.101746 -0.506883 -0.855989 12.7248 0 0 0 1 
Seq_Frame0119_ForcepToReference-SequenceTransformStatus = OK
Seq_Frame0119_Timestamp = 13.285
Seq_Frame0120_ForcepToReference-SequenceTransform =0.585909 0.664675 -0.463591 78.5393 0.803875 -0.549029 0.228805 7.70083 -0.102444 -0.506729 -0.855997 12.7622 0 0 0 1 
Seq_Frame0120_ForcepToReference-SequenceTransformStatus = OK
Seq_Frame0120_Timestamp = 13.412
Seq_Frame0121_ForcepToReference-SequenceTransform =0.58678 0.66455 -0.462668 78.5381 0.803385 -0.549259 0.229971 7.70626 -0.101298 -0.506643 -0.856184 12.7619 0 0 0 1 
Seq_Frame0121_ForcepToReference-SequenceTransformStatus = OK
Seq_Frame0121_Timestamp = 13.6
Seq_Frame0122_ForcepToReference-SequenceTransform =0.585949 0.664416 -0.463912 78.5449 0.8039 -0.54868 0.229553 7.71672 -0.10202 -0.507445 -0.855623 12.7804 0 0 0 1 
Seq_Frame0122_ForcepToReference-SequenceTransformStatus = OK
Seq_Frame0122_Timestamp = 13.724
Seq_Frame0123_ForcepToReference-SequenceTransform =0.58693 0.664612 -0.46239 78.5455 0.80325 -0.549596 0.22964 7.72166 -0.101506 -0.506197 -0.856424 12.7478 0 0 0 1 
Seq_Frame0123_ForcepToReference-SequenceTransformStatus = OK
Seq_Frame0123_Timestamp = 13.825
Seq_Frame0124_ForcepToReference-SequenceTransform =0.586037 0.6646 -0.463538 78.5408 0.803804 -0.549034 0.229045 7.71014 -0.102275 -0.506822 -0.855962 12.7549 0 0 0 1 
Seq_Frame0124_ForcepToReference-SequenceTransformStatus = OK
Seq_Frame0124_Timestamp = 13.944
Seq_Frame0125_ForcepToReference-SequenceTransform =0.586368 0.66464 -0.463063 78.5394 0.803559 -0.549458 0.228888 7.7409 -0.102305 -0.50631 -0.856261 12.7415 0 0 0 1 
Seq_Frame0125_ForcepToReference-SequenceTransformStatus = OK
Seq_Frame0125_Timestamp = 14.073
Seq_Frame0126_ForcepToReference-SequenceTransform =0.586381 0.664606 -0.463095 78.5341 0.803652 -0.548946 0.229787 7.72655 -0.101496 -0.506909 -0.856003 12.7394 0 0 0 1 
Seq_Frame0126_ForcepToReference-SequenceTransformStatus = OK
Seq_Frame0126_Timestamp = 14.177
Seq_Frame0127_ForcepToReference-SequenceTransform =0.586605 0.664686 -0.462696 78.5318 0.803452 -0.549426 0.229337 7.71262 -0.10178 -0.506284 -0.85634 12.7467 0 0 0 1 
Seq_Frame0127_ForcepToReference-SequenceTransformStatus = OK
Seq_Frame0127_Timestamp = 14.29
Seq_Frame0128_ForcepToReference-SequenceTransform =0.586028 0.66451 -0.463679 78.5423 0.803838 -0.548844 0.229381 7.70699 -0.102061 -0.507146 -0.855796 12.7652 0 0 0 1 
Seq_Frame0128_ForcepToReference-SequenceTransformStatus = OK
Seq_Frame0128_Timestamp = 14.472
Seq_Frame0129_ForcepToReference-SequenceTransform =0.587123 0.664732 -0.461972 78.5392 0.803161 -0.54962 0.229893 7.71524 -0.101092 -0.506014 -0.856581 12.758 0 0 0 1 
Seq_Frame0129_ForcepToReference-SequenceTransformStatus = OK
Seq_Frame0129_Timestamp = 14.573
Seq_Frame0130_ForcepToReference-SequenceTransform =0.586268 0.66504 -0.462615 78.5517 0.803475 -0.55031 0.227129 7.72574 -0.103532 -0.504857 -0.856971 12.8185 0 0 0 1 
Seq_Frame0130_ForcepToReference-SequenceTransformStatus = OK
Seq_Frame0130_Timestamp = 14.679
Seq_Frame0131_ForcepToReference-SequenceTransform =0.586868 0.664639 -0.46243 78.5368 0.803286 -0.549581 0.229548 7.69968 -0.101576 -0.506178 -0.856426 12.764 0 0 0 1 
Seq_Frame0131_ForcepToReference-SequenceTransformStatus = OK
Seq_Frame0131_Timestamp = 14.787
Seq_Frame0132_ForcepToReference-SequenceTransform =0.586032 0.664632 -0.463498 78.5459 0.803812 -0.549021 0.229048 7.68317 -0.102238 -0.506795 -0.855983 12.805 0 0 0 1 
Seq_Frame0132_ForcepToReference-SequenceTransformStatus = OK
Seq_Frame0132_Timestamp = 14.887
Seq_Frame0133_ForcepToReference-SequenceTransform =0.585786 0.664442 -0.464081 78.5516 0.803963 -0.548783 0.229088 7.71409 -0.102464 -0.507301 -0.855656 12.7879 0 0 0 1 
Seq_Frame0133_ForcepToReference-SequenceTransformStatus = OK
Seq_Frame0133_Timestamp = 15.01
Seq_Frame0134_ForcepToReference-SequenceTransform =0.586079 0.664584 -0.463508 78.5428 0.803849 -0.5487 0.229687 7.67255 -0.101681 -0.507205 -0.855806 12.7949 0 0 0 1 
Seq_Frame0134_ForcepToReference-SequenceTransformStatus = OK
Seq_Frame0134_Timestamp = 15.128
Seq_Frame0135_ForcepToReference-SequenceTransform =0.585375 0.664259 -0.464861 78.5573 0.80425 -0.548273 0.2293 7.72566 -0.102556 -0.508092 -0.855176 12.7908 0 0 0 1 
Seq_Frame0135_ForcepToReference-SequenceTransformStatus = OK
Seq_Frame0135_Timestamp = 15.251
Seq_Frame0136_ForcepToReference-SequenceTransform =0.585676 0.664714 -0.46383 78.5441 0.803963 -0.549185 0.228123 7.73835 -0.103092 -0.506509 -0.85605 12.7609 0 0 0 1 
Seq_Frame0136_ForcepToReference-SequenceTransformStatus = OK
Seq_Frame0136_Timestamp = 15.371
Seq_Frame0137_ForcepToReference-SequenceTransform =0.585851 0.664523 -0.463883 78.546 0.803929 -0.548833 0.229087 7.70078 -0.102361 -0.50714 -0.855764 12.7957 0 0 0 1 
Seq_Frame0137_ForcepToReference-SequenceTransformStatus = OK
Seq_Frame0137_Timestamp = 15.491
Seq_Frame0138_ForcepToReference-SequenceTransform =0.586244 0.664424 -0.463528 78.5514 0.803652 -0.549192 0.229196 7.75321 -0.102283 -0.50688 -0.855927 12.7547 0 0 0 1 
Seq_Frame0138_ForcepToReference-SequenceTransformStatus = OK
Seq_Frame0138_Timestamp = 15.607
Seq_Frame0139_ForcepToReference-SequenceTransform =0.586459 0.664497 -0.463152 78.5489 0.803554 -0.549188 0.229551 7.73712 -0.101822 -0.50679 -0.856035 12.7881 0 0 0 1 
Seq_Frame0139_ForcepToReference-SequenceTransformStatus = OK
Seq_Frame0139_Timestamp = 15.728
Seq_Frame0140_ForcepToReference-SequenceTransform =0.587057 0.664653 -0.462169 78.5426 0.803123 -0.549931 0.229278 7.70977 -0.101771 -0.505778 -0.856639 12.8155 0 0 0 1 
Seq_Frame0140_ForcepToReference-SequenceTransformStatus = OK
Seq_Frame0140_Timestamp = 15.828
Seq_Frame0141_ForcepToReference-SequenceTransform =0.586189 0.664286 -0.463796 78.5431 0.803783 -0.54861 0.230133 7.72735 -0.101569 -0.507693 -0.85553 12.7493 0 0 0 1 
Seq_Frame0141_ForcepToReference-SequenceTransformStatus = OK
Seq_Frame0141_Timestamp = 15.932
Seq_Frame0142_ForcepToReference-SequenceTransform =0.586101 0.664649 -0.463387 78.5428 0.803733 -0.549253 0.228768 7.74589 -0.102466 -0.50652 -0.856118 12.7759 0 0 0 1 
Seq_Frame0142_ForcepToReference-SequenceTransformStatus = OK
Seq_Frame0142_Timestamp = 16.047
Seq_Frame0143_ForcepToReference-SequenceTransform =0.586376 0.664602 -0.463106 78.5268 0.803622 -0.549107 0.229509 7.7461 -0.101762 -0.50674 -0.856072 12.6967 0 0 0 1 
Seq_Frame0143_ForcepToReference-SequenceTransformStatus = OK
Seq_Frame0143_Timestamp = 16.157
Seq_Frame0144_ForcepToReference-SequenceTransform =0.585684 0.664865 -0.463604 78.543 0.803941 -0.549348 0.227807 7.7557 -0.103219 -0.506133 -0.856256 12.7168 0 0 0 1 
Seq_Frame0144_ForcepToReference-SequenceTransformStatus = OK
Seq_Frame0144_Timestamp = 16.287
Seq_Frame0145_ForcepToReference-SequenceTransform =0.586441 0.664584 -0.463049 78.5365 0.803608 -0.549005 0.2298 7.7109 -0.101494 -0.506874 -0.856024 12.7154 0 0 0 1 
Seq_Frame0145_ForcepToReference-SequenceTransformStatus = OK
Seq_Frame0145_Timestamp = 16.41
Seq_Frame0146_ForcepToReference-SequenceTransform =0.586634 0.664624 -0.462748 78.5434 0.803419 -0.549488 0.229305 7.69615 -0.101873 -0.506299 -0.85632 12.7995 0 0 0 1 
Seq_Frame0146_ForcepToReference-SequenceTransformStatus = OK
Seq_Frame0146_Timestamp = 16.569
Seq_Frame0147_ForcepToReference-SequenceTransform =0.58608 0.664295 -0.463921 78.5442 0.803836 -0.548618 0.229927 7.72871 -0.101777 -0.507672 -0.855518 12.7402 0 0 0 1 
Seq_Frame0147_ForcepToReference-SequenceTransformStatus = OK
Seq_Frame0147_Timestamp = 16.697
Seq_Frame0148_ForcepToReference-SequenceTransform =0.586436 0.664694 -0.462898 78.5157 0.803702 -0.548602 0.230434 7.64833 -0.100779 -0.507167 -0.855935 12.7709 0 0 0 1 
Seq_Frame0148_ForcepToReference-SequenceTransformStatus = OK
Seq_Frame0148_Timestamp = 16.812
Seq_Frame0149_ForcepToReference-SequenceTransform =0.586261 0.664496 -0.463405 78.5285 0.803775 -0.548575 0.230244 7.63527 -0.101216 -0.507456 -0.855712 12.768 0 0 0 1 
Seq_Frame0149_ForcepToReference-SequenceTransformStatus = OK
Seq_Frame0149_Timestamp = 16.943
Seq_Frame0150_ForcepToReference-SequenceTransform =0.587236 0.664856 -0.46165 78.532 0.802936 -0.550518 0.228524 7.72194 -0.102211 -0.504873 -0.857121 12.7569 0 0 0 1 
Seq_Frame0150_ForcepToReference-SequenceTransformStatus = OK
Seq_Frame0150_Timestamp = 17.051
Seq_Frame0151_ForcepToReference-SequenceTransform =0.586116 0.664824 -0.463116 78.5442 0.803637 -0.549775 0.227849 7.75593 -0.10313 -0.505723 -0.856509 12.7808 0 0 0 1 
