ObjectType = Image
NDims = 3
AnatomicalOrientation = RAI
BinaryData = True
CompressedData = False
DimSize = 0 0 2226
ElementSpacing = 1 1 1
Offset = 0 0 0
TransformMatrix = 1 0 0 0 1 0 0 0 1
ElementType = MET_UCHAR
Kinds = domain domain list
Seq_Frame0000_DriverToReference-SequenceTransform =-0.485248 0.715702 -0.502299 -22.8311 -0.174827 0.48345 0.857736 234.2 0.856721 0.50403 -0.109469 228.694 0 0 0 1 
Seq_Frame0000_DriverToReference-SequenceTransformStatus = OK
Seq_Frame0000_Timestamp = 0.00199986
Seq_Frame0001_DriverToReference-SequenceTransform =-0.485248 0.715702 -0.502299 -22.8311 -0.174827 0.48345 0.857736 234.2 0.856721 0.50403 -0.109469 228.694 0 0 0 1 
Seq_Frame0001_DriverToReference-SequenceTransformStatus = OK
Seq_Frame0001_Timestamp = 0.107
Seq_Frame0002_DriverToReference-SequenceTransform =-0.485248 0.715702 -0.502299 -22.8311 -0.174827 0.48345 0.857736 234.2 0.856721 0.50403 -0.109469 228.694 0 0 0 1 
Seq_Frame0002_DriverToReference-SequenceTransformStatus = OK
Seq_Frame0002_Timestamp = 0.212
Seq_Frame0003_DriverToReference-SequenceTransform =-0.485248 0.715702 -0.502299 -22.8311 -0.174827 0.48345 0.857736 234.2 0.856721 0.50403 -0.109469 228.694 0 0 0 1 
Seq_Frame0003_DriverToReference-SequenceTransformStatus = OK
Seq_Frame0003_Timestamp = 0.326
Seq_Frame0004_DriverToReference-SequenceTransform =-0.485248 0.715702 -0.502299 -22.8311 -0.174827 0.48345 0.857736 234.2 0.856721 0.50403 -0.109469 228.694 0 0 0 1 
Seq_Frame0004_DriverToReference-SequenceTransformStatus = OK
Seq_Frame0004_Timestamp = 0.43
Seq_Frame0005_DriverToReference-SequenceTransform =-0.0610738 0.305422 0.950256 -75.5981 -0.345569 0.886685 -0.3072 300.637 -0.936404 -0.347141 0.0513914 257.399 0 0 0 1 
Seq_Frame0005_DriverToReference-SequenceTransformStatus = OK
Seq_Frame0005_Timestamp = 0.537
Seq_Frame0006_DriverToReference-SequenceTransform =-0.0927999 0.288244 0.953049 -75.3445 -0.359179 0.88304 -0.302044 303.096 -0.928643 -0.370345 0.0215854 256.786 0 0 0 1 
Seq_Frame0006_DriverToReference-SequenceTransformStatus = OK
Seq_Frame0006_Timestamp = 0.647
Seq_Frame0007_DriverToReference-SequenceTransform =-0.0927999 0.288244 0.953049 -75.3445 -0.359179 0.88304 -0.302044 303.096 -0.928643 -0.370345 0.0215854 256.786 0 0 0 1 
Seq_Frame0007_DriverToReference-SequenceTransformStatus = OK
Seq_Frame0007_Timestamp = 0.757
Seq_Frame0008_DriverToReference-SequenceTransform =-0.0927999 0.288244 0.953049 -75.3445 -0.359179 0.88304 -0.302044 303.096 -0.928643 -0.370345 0.0215854 256.786 0 0 0 1 
Seq_Frame0008_DriverToReference-SequenceTransformStatus = OK
Seq_Frame0008_Timestamp = 0.866
Seq_Frame0009_DriverToReference-SequenceTransform =-0.0927999 0.288244 0.953049 -75.3445 -0.359179 0.88304 -0.302044 303.096 -0.928643 -0.370345 0.0215854 256.786 0 0 0 1 
Seq_Frame0009_DriverToReference-SequenceTransformStatus = OK
Seq_Frame0009_Timestamp = 0.972
Seq_Frame0010_DriverToReference-SequenceTransform =-0.0927999 0.288244 0.953049 -75.3445 -0.359179 0.88304 -0.302044 303.096 -0.928643 -0.370345 0.0215854 256.786 0 0 0 1 
Seq_Frame0010_DriverToReference-SequenceTransformStatus = OK
Seq_Frame0010_Timestamp = 1.082
Seq_Frame0011_DriverToReference-SequenceTransform =-0.0927999 0.288244 0.953049 -75.3445 -0.359179 0.88304 -0.302044 303.096 -0.928643 -0.370345 0.0215854 256.786 0 0 0 1 
Seq_Frame0011_DriverToReference-SequenceTransformStatus = OK
Seq_Frame0011_Timestamp = 1.186
Seq_Frame0012_DriverToReference-SequenceTransform =-0.0927999 0.288244 0.953049 -75.3445 -0.359179 0.88304 -0.302044 303.096 -0.928643 -0.370345 0.0215854 256.786 0 0 0 1 
Seq_Frame0012_DriverToReference-SequenceTransformStatus = OK
Seq_Frame0012_Timestamp = 1.292
Seq_Frame0013_DriverToReference-SequenceTransform =-0.0927999 0.288244 0.953049 -75.3445 -0.359179 0.88304 -0.302044 303.096 -0.928643 -0.370345 0.0215854 256.786 0 0 0 1 
Seq_Frame0013_DriverToReference-SequenceTransformStatus = OK
Seq_Frame0013_Timestamp = 1.401
Seq_Frame0014_DriverToReference-SequenceTransform =-0.0927999 0.288244 0.953049 -75.3445 -0.359179 0.88304 -0.302044 303.096 -0.928643 -0.370345 0.0215854 256.786 0 0 0 1 
Seq_Frame0014_DriverToReference-SequenceTransformStatus = OK
Seq_Frame0014_Timestamp = 1.507
Seq_Frame0015_DriverToReference-SequenceTransform =-0.0927999 0.288244 0.953049 -75.3445 -0.359179 0.88304 -0.302044 303.096 -0.928643 -0.370345 0.0215854 256.786 0 0 0 1 
Seq_Frame0015_DriverToReference-SequenceTransformStatus = OK
Seq_Frame0015_Timestamp = 1.622
Seq_Frame0016_DriverToReference-SequenceTransform =-0.0927999 0.288244 0.953049 -75.3445 -0.359179 0.88304 -0.302044 303.096 -0.928643 -0.370345 0.0215854 256.786 0 0 0 1 
Seq_Frame0016_DriverToReference-SequenceTransformStatus = OK
Seq_Frame0016_Timestamp = 1.726
Seq_Frame0017_DriverToReference-SequenceTransform =-0.0927999 0.288244 0.953049 -75.3445 -0.359179 0.88304 -0.302044 303.096 -0.928643 -0.370345 0.0215854 256.786 0 0 0 1 
Seq_Frame0017_DriverToReference-SequenceTransformStatus = OK
Seq_Frame0017_Timestamp = 1.832
Seq_Frame0018_DriverToReference-SequenceTransform =-0.0927999 0.288244 0.953049 -75.3445 -0.359179 0.88304 -0.302044 303.096 -0.928643 -0.370345 0.0215854 256.786 0 0 0 1 
Seq_Frame0018_DriverToReference-SequenceTransformStatus = OK
Seq_Frame0018_Timestamp = 1.942
Seq_Frame0019_DriverToReference-SequenceTransform =-0.0927999 0.288244 0.953049 -75.3445 -0.359179 0.88304 -0.302044 303.096 -0.928643 -0.370345 0.0215854 256.786 0 0 0 1 
Seq_Frame0019_DriverToReference-SequenceTransformStatus = OK
Seq_Frame0019_Timestamp = 2.047
Seq_Frame0020_DriverToReference-SequenceTransform =-0.0927999 0.288244 0.953049 -75.3445 -0.359179 0.88304 -0.302044 303.096 -0.928643 -0.370345 0.0215854 256.786 0 0 0 1 
Seq_Frame0020_DriverToReference-SequenceTransformStatus = OK
Seq_Frame0020_Timestamp = 2.157
Seq_Frame0021_DriverToReference-SequenceTransform =-0.0927999 0.288244 0.953049 -75.3445 -0.359179 0.88304 -0.302044 303.096 -0.928643 -0.370345 0.0215854 256.786 0 0 0 1 
Seq_Frame0021_DriverToReference-SequenceTransformStatus = OK
Seq_Frame0021_Timestamp = 2.261
Seq_Frame0022_DriverToReference-SequenceTransform =-0.0927999 0.288244 0.953049 -75.3445 -0.359179 0.88304 -0.302044 303.096 -0.928643 -0.370345 0.0215854 256.786 0 0 0 1 
Seq_Frame0022_DriverToReference-SequenceTransformStatus = OK
Seq_Frame0022_Timestamp = 2.372
Seq_Frame0023_DriverToReference-SequenceTransform =-0.0927999 0.288244 0.953049 -75.3445 -0.359179 0.88304 -0.302044 303.096 -0.928643 -0.370345 0.0215854 256.786 0 0 0 1 
Seq_Frame0023_DriverToReference-SequenceTransformStatus = OK
Seq_Frame0023_Timestamp = 2.476
Seq_Frame0024_DriverToReference-SequenceTransform =-0.0927999 0.288244 0.953049 -75.3445 -0.359179 0.88304 -0.302044 303.096 -0.928643 -0.370345 0.0215854 256.786 0 0 0 1 
Seq_Frame0024_DriverToReference-SequenceTransformStatus = OK
Seq_Frame0024_Timestamp = 2.587
Seq_Frame0025_DriverToReference-SequenceTransform =-0.0927999 0.288244 0.953049 -75.3445 -0.359179 0.88304 -0.302044 303.096 -0.928643 -0.370345 0.0215854 256.786 0 0 0 1 
Seq_Frame0025_DriverToReference-SequenceTransformStatus = OK
Seq_Frame0025_Timestamp = 2.692
Seq_Frame0026_DriverToReference-SequenceTransform =-0.0927999 0.288244 0.953049 -75.3445 -0.359179 0.88304 -0.302044 303.096 -0.928643 -0.370345 0.0215854 256.786 0 0 0 1 
Seq_Frame0026_DriverToReference-SequenceTransformStatus = OK
Seq_Frame0026_Timestamp = 2.801
Seq_Frame0027_DriverToReference-SequenceTransform =-0.0927999 0.288244 0.953049 -75.3445 -0.359179 0.88304 -0.302044 303.096 -0.928643 -0.370345 0.0215854 256.786 0 0 0 1 
Seq_Frame0027_DriverToReference-SequenceTransformStatus = OK
Seq_Frame0027_Timestamp = 2.907
Seq_Frame0028_DriverToReference-SequenceTransform =-0.0927999 0.288244 0.953049 -75.3445 -0.359179 0.88304 -0.302044 303.096 -0.928643 -0.370345 0.0215854 256.786 0 0 0 1 
Seq_Frame0028_DriverToReference-SequenceTransformStatus = OK
Seq_Frame0028_Timestamp = 3.016
Seq_Frame0029_DriverToReference-SequenceTransform =-0.0927999 0.288244 0.953049 -75.3445 -0.359179 0.88304 -0.302044 303.096 -0.928643 -0.370345 0.0215854 256.786 0 0 0 1 
Seq_Frame0029_DriverToReference-SequenceTransformStatus = OK
Seq_Frame0029_Timestamp = 3.122
Seq_Frame0030_DriverToReference-SequenceTransform =-0.0927999 0.288244 0.953049 -75.3445 -0.359179 0.88304 -0.302044 303.096 -0.928643 -0.370345 0.0215854 256.786 0 0 0 1 
Seq_Frame0030_DriverToReference-SequenceTransformStatus = OK
Seq_Frame0030_Timestamp = 3.232
Seq_Frame0031_DriverToReference-SequenceTransform =-0.0927999 0.288244 0.953049 -75.3445 -0.359179 0.88304 -0.302044 303.096 -0.928643 -0.370345 0.0215854 256.786 0 0 0 1 
Seq_Frame0031_DriverToReference-SequenceTransformStatus = OK
Seq_Frame0031_Timestamp = 3.342
Seq_Frame0032_DriverToReference-SequenceTransform =0.224633 -0.612832 -0.757613 1.05587 -0.946955 -0.320653 -0.0213973 271.891 -0.229818 0.722232 -0.652354 157.535 0 0 0 1 
Seq_Frame0032_DriverToReference-SequenceTransformStatus = OK
Seq_Frame0032_Timestamp = 3.45
Seq_Frame0033_DriverToReference-SequenceTransform =0.376402 -0.491356 -0.785424 -15.6494 -0.903847 -0.380907 -0.194861 264.671 -0.203427 0.783249 -0.587485 152.482 0 0 0 1 
Seq_Frame0033_DriverToReference-SequenceTransformStatus = OK
Seq_Frame0033_Timestamp = 3.562
Seq_Frame0034_DriverToReference-SequenceTransform =0.623684 -0.641204 -0.447075 -26.084 -0.781616 -0.5187 -0.34645 258.968 -0.00975204 0.565516 -0.82468 146.755 0 0 0 1 
Seq_Frame0034_DriverToReference-SequenceTransformStatus = OK
Seq_Frame0034_Timestamp = 3.712
Seq_Frame0035_DriverToReference-SequenceTransform =0.623684 -0.641204 -0.447075 -26.084 -0.781616 -0.5187 -0.34645 258.968 -0.00975204 0.565516 -0.82468 146.755 0 0 0 1 
Seq_Frame0035_DriverToReference-SequenceTransformStatus = OK
Seq_Frame0035_Timestamp = 3.821
Seq_Frame0036_DriverToReference-SequenceTransform =0.623684 -0.641204 -0.447075 -26.084 -0.781616 -0.5187 -0.34645 258.968 -0.00975204 0.565516 -0.82468 146.755 0 0 0 1 
Seq_Frame0036_DriverToReference-SequenceTransformStatus = OK
Seq_Frame0036_Timestamp = 4.507
Seq_Frame0037_DriverToReference-SequenceTransform =0.594658 -0.440673 -0.672451 -26.1404 -0.788258 -0.484161 -0.379785 260.934 -0.158214 0.755907 -0.635274 150.83 0 0 0 1 
Seq_Frame0037_DriverToReference-SequenceTransformStatus = OK
Seq_Frame0037_Timestamp = 4.626
Seq_Frame0038_DriverToReference-SequenceTransform =0.625339 -0.573527 -0.529167 8.42417 -0.76704 -0.576483 -0.281634 275.106 -0.143531 0.582009 -0.800416 151.561 0 0 0 1 
Seq_Frame0038_DriverToReference-SequenceTransformStatus = OK
Seq_Frame0038_Timestamp = 4.742
Seq_Frame0039_DriverToReference-SequenceTransform =0.639694 -0.532337 -0.554445 36.882 -0.748202 -0.596462 -0.290564 280.292 -0.176027 0.600709 -0.779848 159.221 0 0 0 1 
Seq_Frame0039_DriverToReference-SequenceTransformStatus = OK
Seq_Frame0039_Timestamp = 4.847
Seq_Frame0040_DriverToReference-SequenceTransform =0.681526 -0.499115 -0.53517 58.9962 -0.719622 -0.589926 -0.36624 279.219 -0.132914 0.634722 -0.761224 169.876 0 0 0 1 
Seq_Frame0040_DriverToReference-SequenceTransformStatus = OK
Seq_Frame0040_Timestamp = 4.957
Seq_Frame0041_DriverToReference-SequenceTransform =0.705982 -0.55099 -0.444971 79.7989 -0.705957 -0.59777 -0.379863 281.567 -0.0566899 0.582307 -0.81099 177.073 0 0 0 1 
Seq_Frame0041_DriverToReference-SequenceTransformStatus = OK
Seq_Frame0041_Timestamp = 5.062
Seq_Frame0042_DriverToReference-SequenceTransform =0.731797 -0.589964 -0.341198 95.8647 -0.681368 -0.622647 -0.384771 287.746 0.0145555 0.514055 -0.857634 180.653 0 0 0 1 
Seq_Frame0042_DriverToReference-SequenceTransformStatus = OK
Seq_Frame0042_Timestamp = 5.167
Seq_Frame0043_DriverToReference-SequenceTransform =0.729594 -0.587898 -0.349384 105.307 -0.683554 -0.61111 -0.399122 292.146 0.0211306 0.53002 -0.847722 185.344 0 0 0 1 
Seq_Frame0043_DriverToReference-SequenceTransformStatus = OK
Seq_Frame0043_Timestamp = 5.271
Seq_Frame0044_DriverToReference-SequenceTransform =0.714276 -0.591194 -0.374565 112.073 -0.699678 -0.590879 -0.401638 296.085 0.0161233 0.548956 -0.835696 187.919 0 0 0 1 
Seq_Frame0044_DriverToReference-SequenceTransformStatus = OK
Seq_Frame0044_Timestamp = 5.382
Seq_Frame0045_DriverToReference-SequenceTransform =0.70254 -0.61451 -0.358908 118.581 -0.710663 -0.579342 -0.399151 297.457 0.0373518 0.535482 -0.84372 191.858 0 0 0 1 
Seq_Frame0045_DriverToReference-SequenceTransformStatus = OK
Seq_Frame0045_Timestamp = 5.492
Seq_Frame0046_DriverToReference-SequenceTransform =0.69406 -0.608351 -0.384953 122.978 -0.71947 -0.567293 -0.400676 297.905 0.0253708 0.555055 -0.831426 193.88 0 0 0 1 
Seq_Frame0046_DriverToReference-SequenceTransformStatus = OK
Seq_Frame0046_Timestamp = 5.596
Seq_Frame0047_DriverToReference-SequenceTransform =0.694185 -0.597884 -0.400802 124.709 -0.719637 -0.564753 -0.403951 298.187 0.015162 0.568849 -0.822302 194.741 0 0 0 1 
Seq_Frame0047_DriverToReference-SequenceTransformStatus = OK
Seq_Frame0047_Timestamp = 5.707
Seq_Frame0048_DriverToReference-SequenceTransform =0.701685 -0.597466 -0.388165 124.886 -0.711766 -0.563309 -0.41961 298.487 0.032046 0.570717 -0.820521 195.8 0 0 0 1 
Seq_Frame0048_DriverToReference-SequenceTransformStatus = OK
Seq_Frame0048_Timestamp = 5.812
Seq_Frame0049_DriverToReference-SequenceTransform =0.701402 -0.606534 -0.37437 123.504 -0.711568 -0.565422 -0.417095 298.339 0.0413056 0.558941 -0.828178 194.868 0 0 0 1 
Seq_Frame0049_DriverToReference-SequenceTransformStatus = OK
Seq_Frame0049_Timestamp = 5.922
Seq_Frame0050_DriverToReference-SequenceTransform =0.701401 -0.607819 -0.372281 121.237 -0.710974 -0.559595 -0.425876 301.903 0.0505288 0.563391 -0.824643 190.399 0 0 0 1 
Seq_Frame0050_DriverToReference-SequenceTransformStatus = OK
Seq_Frame0050_Timestamp = 6.032
Seq_Frame0051_DriverToReference-SequenceTransform =0.699756 -0.611546 -0.36926 121.582 -0.711857 -0.553487 -0.432334 301.656 0.0600118 0.565388 -0.822639 192.533 0 0 0 1 
Seq_Frame0051_DriverToReference-SequenceTransformStatus = OK
Seq_Frame0051_Timestamp = 6.142
Seq_Frame0052_DriverToReference-SequenceTransform =0.692199 -0.607776 -0.38919 122.312 -0.721177 -0.561847 -0.405256 300.142 0.0276396 0.561193 -0.827224 195.435 0 0 0 1 
Seq_Frame0052_DriverToReference-SequenceTransformStatus = OK
Seq_Frame0052_Timestamp = 6.247
Seq_Frame0053_DriverToReference-SequenceTransform =0.689104 -0.613044 -0.38641 122.211 -0.724131 -0.56212 -0.399569 300.309 0.0277439 0.555156 -0.831283 195.178 0 0 0 1 
Seq_Frame0053_DriverToReference-SequenceTransformStatus = OK
Seq_Frame0053_Timestamp = 6.357
Seq_Frame0054_DriverToReference-SequenceTransform =0.687358 -0.614673 -0.386933 122.127 -0.725842 -0.562013 -0.396604 300.374 0.0263208 0.553461 -0.832459 195.334 0 0 0 1 
Seq_Frame0054_DriverToReference-SequenceTransformStatus = OK
Seq_Frame0054_Timestamp = 6.462
Seq_Frame0055_DriverToReference-SequenceTransform =0.686709 -0.612741 -0.391126 121.681 -0.726283 -0.555579 -0.404777 302.127 0.0307223 0.562032 -0.826544 192.768 0 0 0 1 
Seq_Frame0055_DriverToReference-SequenceTransformStatus = OK
Seq_Frame0055_Timestamp = 6.572
Seq_Frame0056_DriverToReference-SequenceTransform =0.694371 -0.611499 -0.379364 121.734 -0.717495 -0.547854 -0.430182 300.825 0.0552194 0.570898 -0.819162 193.844 0 0 0 1 
Seq_Frame0056_DriverToReference-SequenceTransformStatus = OK
Seq_Frame0056_Timestamp = 6.677
Seq_Frame0057_DriverToReference-SequenceTransform =0.688429 -0.607878 -0.395663 121.64 -0.724496 -0.55059 -0.414676 300.396 0.0342248 0.572131 -0.819448 193.139 0 0 0 1 
Seq_Frame0057_DriverToReference-SequenceTransformStatus = OK
Seq_Frame0057_Timestamp = 6.787
Seq_Frame0058_DriverToReference-SequenceTransform =0.690808 -0.609591 -0.388824 120.895 -0.722076 -0.553896 -0.414494 300.687 0.0373039 0.567096 -0.822806 192.83 0 0 0 1 
Seq_Frame0058_DriverToReference-SequenceTransformStatus = OK
Seq_Frame0058_Timestamp = 6.892
Seq_Frame0059_DriverToReference-SequenceTransform =0.690349 -0.608611 -0.391167 120.578 -0.722326 -0.549338 -0.420087 300.964 0.0407863 0.572556 -0.81885 193.996 0 0 0 1 
Seq_Frame0059_DriverToReference-SequenceTransformStatus = OK
Seq_Frame0059_Timestamp = 6.997
Seq_Frame0060_DriverToReference-SequenceTransform =0.689649 -0.611373 -0.388083 120.296 -0.723198 -0.554101 -0.412259 301.836 0.0370069 0.564974 -0.824278 194.019 0 0 0 1 
Seq_Frame0060_DriverToReference-SequenceTransformStatus = OK
Seq_Frame0060_Timestamp = 7.102
Seq_Frame0061_DriverToReference-SequenceTransform =0.686878 -0.612631 -0.391 120.201 -0.725777 -0.550054 -0.413144 301.912 0.0380339 0.567559 -0.822454 194.233 0 0 0 1 
Seq_Frame0061_DriverToReference-SequenceTransformStatus = OK
Seq_Frame0061_Timestamp = 7.207
Seq_Frame0062_DriverToReference-SequenceTransform =0.657829 -0.621215 -0.425857 118.143 -0.7526 -0.520221 -0.403688 297.621 0.0292369 0.586057 -0.809742 194.206 0 0 0 1 
Seq_Frame0062_DriverToReference-SequenceTransformStatus = OK
Seq_Frame0062_Timestamp = 7.311
Seq_Frame0063_DriverToReference-SequenceTransform =0.545606 -0.691366 -0.473631 104.465 -0.837244 -0.425038 -0.344041 287.055 0.0365474 0.584256 -0.810746 194.395 0 0 0 1 
Seq_Frame0063_DriverToReference-SequenceTransformStatus = OK
Seq_Frame0063_Timestamp = 7.416
Seq_Frame0064_DriverToReference-SequenceTransform =0.359054 -0.492937 -0.792523 72.1164 -0.932479 -0.153506 -0.326983 272.826 0.0395252 0.856416 -0.514771 197.351 0 0 0 1 
Seq_Frame0064_DriverToReference-SequenceTransformStatus = OK
Seq_Frame0064_Timestamp = 7.527
Seq_Frame0065_DriverToReference-SequenceTransform =0.0759806 -0.463521 -0.882823 47.3453 -0.980265 0.127331 -0.151221 270.87 0.182504 0.87689 -0.444698 200.977 0 0 0 1 
Seq_Frame0065_DriverToReference-SequenceTransformStatus = OK
Seq_Frame0065_Timestamp = 7.637
Seq_Frame0066_DriverToReference-SequenceTransform =-0.158241 -0.392849 -0.905886 33.7986 -0.948106 0.316696 0.0282765 274.95 0.275782 0.86335 -0.422576 202.862 0 0 0 1 
Seq_Frame0066_DriverToReference-SequenceTransformStatus = OK
Seq_Frame0066_Timestamp = 7.741
Seq_Frame0067_DriverToReference-SequenceTransform =-0.343676 -0.350805 -0.871104 22.4192 -0.889676 0.418557 0.182445 281.434 0.300604 0.837703 -0.455951 200.812 0 0 0 1 
Seq_Frame0067_DriverToReference-SequenceTransformStatus = OK
Seq_Frame0067_Timestamp = 7.847
Seq_Frame0068_DriverToReference-SequenceTransform =-0.531757 -0.387764 -0.75291 3.87077 -0.820473 0.456217 0.344514 292.313 0.2099 0.80094 -0.560747 193.912 0 0 0 1 
Seq_Frame0068_DriverToReference-SequenceTransformStatus = OK
Seq_Frame0068_Timestamp = 7.962
Seq_Frame0069_DriverToReference-SequenceTransform =-0.717095 -0.349551 -0.602983 -30.8485 -0.684061 0.518752 0.512793 286.908 0.133551 0.780199 -0.611109 194.462 0 0 0 1 
Seq_Frame0069_DriverToReference-SequenceTransformStatus = OK
Seq_Frame0069_Timestamp = 8.067
Seq_Frame0070_DriverToReference-SequenceTransform =-0.786315 -0.327886 -0.523641 -55.8394 -0.617148 0.456536 0.640861 293.08 0.0289313 0.827082 -0.561336 188.602 0 0 0 1 
Seq_Frame0070_DriverToReference-SequenceTransformStatus = OK
Seq_Frame0070_Timestamp = 8.177
Seq_Frame0071_DriverToReference-SequenceTransform =-0.859885 -0.356537 -0.36535 -58.6131 -0.500187 0.445388 0.742592 304.49 -0.102039 0.821286 -0.561317 177.408 0 0 0 1 
Seq_Frame0071_DriverToReference-SequenceTransformStatus = OK
Seq_Frame0071_Timestamp = 8.288
Seq_Frame0072_DriverToReference-SequenceTransform =-0.948283 -0.295734 -0.115326 -56.6869 -0.269751 0.55929 0.783856 293.001 -0.167312 0.774427 -0.61014 172.938 0 0 0 1 
Seq_Frame0072_DriverToReference-SequenceTransformStatus = OK
Seq_Frame0072_Timestamp = 8.392
Seq_Frame0073_DriverToReference-SequenceTransform =-0.974893 -0.219773 -0.0358352 -65.8882 -0.163505 0.597265 0.785201 286.327 -0.151162 0.771346 -0.618203 168.856 0 0 0 1 
Seq_Frame0073_DriverToReference-SequenceTransformStatus = OK
Seq_Frame0073_Timestamp = 8.497
Seq_Frame0074_DriverToReference-SequenceTransform =-0.980225 -0.197337 -0.0147068 -74.1794 -0.125137 0.560581 0.81859 289.266 -0.153293 0.804243 -0.57419 166.289 0 0 0 1 
Seq_Frame0074_DriverToReference-SequenceTransformStatus = OK
Seq_Frame0074_Timestamp = 8.602
Seq_Frame0075_DriverToReference-SequenceTransform =-0.982076 -0.188354 0.00700411 -76.8859 -0.104888 0.577007 0.809976 290.961 -0.156604 0.794724 -0.586421 164.338 0 0 0 1 
Seq_Frame0075_DriverToReference-SequenceTransformStatus = OK
Seq_Frame0075_Timestamp = 8.708
Seq_Frame0076_DriverToReference-SequenceTransform =-0.97826 -0.206591 0.0181202 -76.5162 -0.105363 0.570366 0.814605 291.874 -0.178625 0.794986 -0.579733 164.913 0 0 0 1 
Seq_Frame0076_DriverToReference-SequenceTransformStatus = OK
Seq_Frame0076_Timestamp = 8.816
Seq_Frame0077_DriverToReference-SequenceTransform =-0.97709 -0.212807 0.00289382 -78.8111 -0.11829 0.554326 0.823851 295.174 -0.176925 0.804634 -0.566799 164.035 0 0 0 1 
Seq_Frame0077_DriverToReference-SequenceTransformStatus = OK
Seq_Frame0077_Timestamp = 8.922
Seq_Frame0078_DriverToReference-SequenceTransform =-0.973934 -0.226805 0.00357565 -78.9854 -0.124505 0.547688 0.827367 296.759 -0.189609 0.805356 -0.56165 163.812 0 0 0 1 
Seq_Frame0078_DriverToReference-SequenceTransformStatus = OK
Seq_Frame0078_Timestamp = 9.032
Seq_Frame0079_DriverToReference-SequenceTransform =-0.9722 -0.234152 -0.000407754 -78.9053 -0.129615 0.536709 0.833753 297.684 -0.195006 0.810627 -0.552138 163.135 0 0 0 1 
Seq_Frame0079_DriverToReference-SequenceTransformStatus = OK
Seq_Frame0079_Timestamp = 9.142
Seq_Frame0080_DriverToReference-SequenceTransform =-0.972014 -0.234882 -0.00440478 -79.0652 -0.1329 0.534325 0.834766 298.197 -0.193718 0.81199 -0.550587 162.752 0 0 0 1 
Seq_Frame0080_DriverToReference-SequenceTransformStatus = OK
Seq_Frame0080_Timestamp = 9.251
Seq_Frame0081_DriverToReference-SequenceTransform =-0.968949 -0.247158 -0.00705993 -78.8432 -0.142112 0.53331 0.833897 297.816 -0.202339 0.809008 -0.551874 162.511 0 0 0 1 
Seq_Frame0081_DriverToReference-SequenceTransformStatus = OK
Seq_Frame0081_Timestamp = 9.358
Seq_Frame0082_DriverToReference-SequenceTransform =-0.967838 -0.25084 -0.0192256 -78.7094 -0.156937 0.542259 0.825425 298.06 -0.196624 0.801894 -0.564184 162.229 0 0 0 1 
Seq_Frame0082_DriverToReference-SequenceTransformStatus = OK
Seq_Frame0082_Timestamp = 9.472
Seq_Frame0083_DriverToReference-SequenceTransform =-0.965736 -0.257402 -0.0331374 -78.9412 -0.171819 0.538435 0.824965 297.165 -0.194505 0.802392 -0.564212 162.122 0 0 0 1 
Seq_Frame0083_DriverToReference-SequenceTransformStatus = OK
Seq_Frame0083_Timestamp = 9.577
Seq_Frame0084_DriverToReference-SequenceTransform =-0.956693 -0.289805 -0.0274259 -79.6016 -0.191261 0.554756 0.809731 294.955 -0.219449 0.77991 -0.586159 161.57 0 0 0 1 
Seq_Frame0084_DriverToReference-SequenceTransformStatus = OK
Seq_Frame0084_Timestamp = 9.688
Seq_Frame0085_DriverToReference-SequenceTransform =-0.951018 -0.306954 -0.0366679 -80.0347 -0.205995 0.540801 0.815537 293.823 -0.230502 0.783143 -0.577542 162.209 0 0 0 1 
Seq_Frame0085_DriverToReference-SequenceTransformStatus = OK
Seq_Frame0085_Timestamp = 9.792
Seq_Frame0086_DriverToReference-SequenceTransform =-0.948097 -0.314982 -0.0435724 -80.5414 -0.214917 0.533765 0.817866 293.619 -0.234355 0.784781 -0.573756 162.592 0 0 0 1 
Seq_Frame0086_DriverToReference-SequenceTransformStatus = OK
Seq_Frame0086_Timestamp = 9.902
Seq_Frame0087_DriverToReference-SequenceTransform =-0.953145 -0.299576 -0.0420526 -79.6764 -0.206457 0.542576 0.81424 294.242 -0.22111 0.784771 -0.579004 162.576 0 0 0 1 
Seq_Frame0087_DriverToReference-SequenceTransformStatus = OK
Seq_Frame0087_Timestamp = 10.013
Seq_Frame0088_DriverToReference-SequenceTransform =-0.956092 -0.288381 -0.0521965 -79.3546 -0.205921 0.534319 0.819817 294.15 -0.20853 0.794568 -0.570242 163.21 0 0 0 1 
Seq_Frame0088_DriverToReference-SequenceTransformStatus = OK
Seq_Frame0088_Timestamp = 10.117
Seq_Frame0089_DriverToReference-SequenceTransform =-0.954634 -0.295329 -0.038146 -79.0926 -0.198582 0.535914 0.820586 294.381 -0.2219 0.790934 -0.570249 163.12 0 0 0 1 
Seq_Frame0089_DriverToReference-SequenceTransformStatus = OK
Seq_Frame0089_Timestamp = 10.222
Seq_Frame0090_DriverToReference-SequenceTransform =-0.956958 -0.287738 -0.0379329 -78.6422 -0.194633 0.539298 0.819314 293.929 -0.21529 0.791432 -0.572088 163.26 0 0 0 1 
Seq_Frame0090_DriverToReference-SequenceTransformStatus = OK
Seq_Frame0090_Timestamp = 10.332
Seq_Frame0091_DriverToReference-SequenceTransform =-0.961118 -0.270769 -0.0541868 -78.2226 -0.199728 0.546149 0.81353 293.893 -0.190684 0.792721 -0.578993 163.194 0 0 0 1 
Seq_Frame0091_DriverToReference-SequenceTransformStatus = OK
Seq_Frame0091_Timestamp = 10.434
Seq_Frame0092_DriverToReference-SequenceTransform =-0.958096 -0.278839 -0.0655812 -79.3358 -0.211238 0.533142 0.81923 293.58 -0.193469 0.798755 -0.569702 163.202 0 0 0 1 
Seq_Frame0092_DriverToReference-SequenceTransformStatus = OK
Seq_Frame0092_Timestamp = 10.537
Seq_Frame0093_DriverToReference-SequenceTransform =-0.960808 -0.265874 -0.0784836 -78.9046 -0.216972 0.545021 0.809861 293.229 -0.172546 0.795149 -0.581348 162.143 0 0 0 1 
Seq_Frame0093_DriverToReference-SequenceTransformStatus = OK
Seq_Frame0093_Timestamp = 10.647
Seq_Frame0094_DriverToReference-SequenceTransform =-0.960016 -0.26822 -0.0801752 -79.8688 -0.216628 0.530355 0.819632 294.117 -0.177321 0.804227 -0.567253 161.834 0 0 0 1 
Seq_Frame0094_DriverToReference-SequenceTransformStatus = OK
Seq_Frame0094_Timestamp = 10.752
Seq_Frame0095_DriverToReference-SequenceTransform =-0.961168 -0.266353 -0.0722013 -80.3707 -0.207981 0.527188 0.823904 295.141 -0.181385 0.806926 -0.562112 161.77 0 0 0 1 
Seq_Frame0095_DriverToReference-SequenceTransformStatus = OK
Seq_Frame0095_Timestamp = 10.862
Seq_Frame0096_DriverToReference-SequenceTransform =-0.962948 -0.261883 -0.0644111 -80.2147 -0.199569 0.531314 0.823334 295.578 -0.181395 0.805682 -0.563891 161.679 0 0 0 1 
Seq_Frame0096_DriverToReference-SequenceTransformStatus = OK
Seq_Frame0096_Timestamp = 10.971
Seq_Frame0097_DriverToReference-SequenceTransform =-0.962473 -0.262936 -0.0671629 -80.0483 -0.202109 0.529343 0.823983 295.435 -0.181103 0.806635 -0.56262 162.179 0 0 0 1 
Seq_Frame0097_DriverToReference-SequenceTransformStatus = OK
Seq_Frame0097_Timestamp = 11.078
Seq_Frame0098_DriverToReference-SequenceTransform =-0.956241 -0.282155 -0.0774091 -80.5992 -0.221213 0.524064 0.822449 294.931 -0.191491 0.803583 -0.563548 162.365 0 0 0 1 
Seq_Frame0098_DriverToReference-SequenceTransformStatus = OK
Seq_Frame0098_Timestamp = 11.187
Seq_Frame0099_DriverToReference-SequenceTransform =-0.954232 -0.289428 -0.0753205 -79.2845 -0.21935 0.506122 0.834102 294.495 -0.203291 0.812449 -0.546443 162.522 0 0 0 1 
Seq_Frame0099_DriverToReference-SequenceTransformStatus = OK
Seq_Frame0099_Timestamp = 11.297
Seq_Frame0100_DriverToReference-SequenceTransform =-0.961979 -0.26473 -0.0671836 -77.3395 -0.201266 0.520826 0.829598 293.369 -0.184628 0.811578 -0.554305 162.912 0 0 0 1 
Seq_Frame0100_DriverToReference-SequenceTransformStatus = OK
Seq_Frame0100_Timestamp = 11.407
Seq_Frame0101_DriverToReference-SequenceTransform =-0.967916 -0.239364 -0.0764445 -76.3219 -0.194954 0.523432 0.829465 290.558 -0.158531 0.817755 -0.553303 161.601 0 0 0 1 
Seq_Frame0101_DriverToReference-SequenceTransformStatus = OK
Seq_Frame0101_Timestamp = 11.517
Seq_Frame0102_DriverToReference-SequenceTransform =-0.968262 -0.244504 -0.051832 -74.7011 -0.177511 0.526739 0.831286 289.902 -0.175951 0.814103 -0.553423 163.177 0 0 0 1 
Seq_Frame0102_DriverToReference-SequenceTransformStatus = OK
Seq_Frame0102_Timestamp = 11.622
Seq_Frame0103_DriverToReference-SequenceTransform =-0.965394 -0.250952 -0.0709717 -72.6103 -0.195438 0.515969 0.834015 290.867 -0.172679 0.819023 -0.547159 163.931 0 0 0 1 
Seq_Frame0103_DriverToReference-SequenceTransformStatus = OK
Seq_Frame0103_Timestamp = 11.727
Seq_Frame0104_DriverToReference-SequenceTransform =-0.960434 -0.245527 -0.131465 -69.2706 -0.240248 0.491614 0.837016 292.133 -0.14088 0.835483 -0.53115 169.474 0 0 0 1 
Seq_Frame0104_DriverToReference-SequenceTransformStatus = OK
Seq_Frame0104_Timestamp = 11.838
Seq_Frame0105_DriverToReference-SequenceTransform =-0.929978 -0.19195 -0.313522 -67.7609 -0.367543 0.468562 0.803344 290.701 -0.00729781 0.862325 -0.506302 177.853 0 0 0 1 
Seq_Frame0105_DriverToReference-SequenceTransformStatus = OK
Seq_Frame0105_Timestamp = 11.947
Seq_Frame0106_DriverToReference-SequenceTransform =-0.836094 -0.143692 -0.529432 -67.9792 -0.537871 0.404531 0.739628 293.321 0.107893 0.903165 -0.415514 191.433 0 0 0 1 
Seq_Frame0106_DriverToReference-SequenceTransformStatus = OK
Seq_Frame0106_Timestamp = 12.052
Seq_Frame0107_DriverToReference-SequenceTransform =-0.686913 -0.0704032 -0.723321 -67.1782 -0.673102 0.436907 0.596696 295.241 0.274015 0.896747 -0.347506 204.516 0 0 0 1 
Seq_Frame0107_DriverToReference-SequenceTransformStatus = OK
Seq_Frame0107_Timestamp = 12.157
Seq_Frame0108_DriverToReference-SequenceTransform =-0.514959 0.0233512 -0.856897 -66.9729 -0.727711 0.516408 0.451396 296.694 0.453049 0.856024 -0.248936 210.144 0 0 0 1 
Seq_Frame0108_DriverToReference-SequenceTransformStatus = OK
Seq_Frame0108_Timestamp = 12.267
Seq_Frame0109_DriverToReference-SequenceTransform =-0.494091 0.0313243 -0.868845 -66.8056 -0.737854 0.513449 0.438111 296.577 0.459831 0.857548 -0.230578 210.671 0 0 0 1 
Seq_Frame0109_DriverToReference-SequenceTransformStatus = OK
Seq_Frame0109_Timestamp = 12.372
Seq_Frame0110_DriverToReference-SequenceTransform =-0.494091 0.0313243 -0.868845 -66.8056 -0.737854 0.513449 0.438111 296.577 0.459831 0.857548 -0.230578 210.671 0 0 0 1 
Seq_Frame0110_DriverToReference-SequenceTransformStatus = OK
Seq_Frame0110_Timestamp = 12.481
Seq_Frame0111_DriverToReference-SequenceTransform =-0.494091 0.0313243 -0.868845 -66.8056 -0.737854 0.513449 0.438111 296.577 0.459831 0.857548 -0.230578 210.671 0 0 0 1 
Seq_Frame0111_DriverToReference-SequenceTransformStatus = OK
Seq_Frame0111_Timestamp = 12.587
Seq_Frame0112_DriverToReference-SequenceTransform =-0.494091 0.0313243 -0.868845 -66.8056 -0.737854 0.513449 0.438111 296.577 0.459831 0.857548 -0.230578 210.671 0 0 0 1 
Seq_Frame0112_DriverToReference-SequenceTransformStatus = OK
Seq_Frame0112_Timestamp = 12.697
Seq_Frame0113_DriverToReference-SequenceTransform =-0.494091 0.0313243 -0.868845 -66.8056 -0.737854 0.513449 0.438111 296.577 0.459831 0.857548 -0.230578 210.671 0 0 0 1 
Seq_Frame0113_DriverToReference-SequenceTransformStatus = OK
Seq_Frame0113_Timestamp = 12.802
Seq_Frame0114_DriverToReference-SequenceTransform =-0.494091 0.0313243 -0.868845 -66.8056 -0.737854 0.513449 0.438111 296.577 0.459831 0.857548 -0.230578 210.671 0 0 0 1 
Seq_Frame0114_DriverToReference-SequenceTransformStatus = OK
Seq_Frame0114_Timestamp = 12.912
Seq_Frame0115_DriverToReference-SequenceTransform =-0.494091 0.0313243 -0.868845 -66.8056 -0.737854 0.513449 0.438111 296.577 0.459831 0.857548 -0.230578 210.671 0 0 0 1 
Seq_Frame0115_DriverToReference-SequenceTransformStatus = OK
Seq_Frame0115_Timestamp = 13.017
Seq_Frame0116_DriverToReference-SequenceTransform =-0.494091 0.0313243 -0.868845 -66.8056 -0.737854 0.513449 0.438111 296.577 0.459831 0.857548 -0.230578 210.671 0 0 0 1 
Seq_Frame0116_DriverToReference-SequenceTransformStatus = OK
Seq_Frame0116_Timestamp = 13.118
Seq_Frame0117_DriverToReference-SequenceTransform =-0.494091 0.0313243 -0.868845 -66.8056 -0.737854 0.513449 0.438111 296.577 0.459831 0.857548 -0.230578 210.671 0 0 0 1 
Seq_Frame0117_DriverToReference-SequenceTransformStatus = OK
Seq_Frame0117_Timestamp = 13.222
Seq_Frame0118_DriverToReference-SequenceTransform =-0.494091 0.0313243 -0.868845 -66.8056 -0.737854 0.513449 0.438111 296.577 0.459831 0.857548 -0.230578 210.671 0 0 0 1 
Seq_Frame0118_DriverToReference-SequenceTransformStatus = OK
Seq_Frame0118_Timestamp = 13.332
Seq_Frame0119_DriverToReference-SequenceTransform =-0.494091 0.0313243 -0.868845 -66.8056 -0.737854 0.513449 0.438111 296.577 0.459831 0.857548 -0.230578 210.671 0 0 0 1 
Seq_Frame0119_DriverToReference-SequenceTransformStatus = OK
Seq_Frame0119_Timestamp = 13.437
Seq_Frame0120_DriverToReference-SequenceTransform =-0.494091 0.0313243 -0.868845 -66.8056 -0.737854 0.513449 0.438111 296.577 0.459831 0.857548 -0.230578 210.671 0 0 0 1 
Seq_Frame0120_DriverToReference-SequenceTransformStatus = OK
Seq_Frame0120_Timestamp = 13.546
Seq_Frame0121_DriverToReference-SequenceTransform =-0.494091 0.0313243 -0.868845 -66.8056 -0.737854 0.513449 0.438111 296.577 0.459831 0.857548 -0.230578 210.671 0 0 0 1 
Seq_Frame0121_DriverToReference-SequenceTransformStatus = OK
Seq_Frame0121_Timestamp = 13.657
Seq_Frame0122_DriverToReference-SequenceTransform =-0.494091 0.0313243 -0.868845 -66.8056 -0.737854 0.513449 0.438111 296.577 0.459831 0.857548 -0.230578 210.671 0 0 0 1 
Seq_Frame0122_DriverToReference-SequenceTransformStatus = OK
Seq_Frame0122_Timestamp = 13.761
Seq_Frame0123_DriverToReference-SequenceTransform =-0.494091 0.0313243 -0.868845 -66.8056 -0.737854 0.513449 0.438111 296.577 0.459831 0.857548 -0.230578 210.671 0 0 0 1 
Seq_Frame0123_DriverToReference-SequenceTransformStatus = OK
Seq_Frame0123_Timestamp = 13.872
Seq_Frame0124_DriverToReference-SequenceTransform =-0.494091 0.0313243 -0.868845 -66.8056 -0.737854 0.513449 0.438111 296.577 0.459831 0.857548 -0.230578 210.671 0 0 0 1 
Seq_Frame0124_DriverToReference-SequenceTransformStatus = OK
Seq_Frame0124_Timestamp = 13.976
Seq_Frame0125_DriverToReference-SequenceTransform =-0.494091 0.0313243 -0.868845 -66.8056 -0.737854 0.513449 0.438111 296.577 0.459831 0.857548 -0.230578 210.671 0 0 0 1 
Seq_Frame0125_DriverToReference-SequenceTransformStatus = OK
Seq_Frame0125_Timestamp = 14.087
Seq_Frame0126_DriverToReference-SequenceTransform =-0.494091 0.0313243 -0.868845 -66.8056 -0.737854 0.513449 0.438111 296.577 0.459831 0.857548 -0.230578 210.671 0 0 0 1 
Seq_Frame0126_DriverToReference-SequenceTransformStatus = OK
Seq_Frame0126_Timestamp = 14.192
Seq_Frame0127_DriverToReference-SequenceTransform =-0.494091 0.0313243 -0.868845 -66.8056 -0.737854 0.513449 0.438111 296.577 0.459831 0.857548 -0.230578 210.671 0 0 0 1 
Seq_Frame0127_DriverToReference-SequenceTransformStatus = OK
Seq_Frame0127_Timestamp = 14.302
Seq_Frame0128_DriverToReference-SequenceTransform =-0.494091 0.0313243 -0.868845 -66.8056 -0.737854 0.513449 0.438111 296.577 0.459831 0.857548 -0.230578 210.671 0 0 0 1 
Seq_Frame0128_DriverToReference-SequenceTransformStatus = OK
Seq_Frame0128_Timestamp = 14.407
Seq_Frame0129_DriverToReference-SequenceTransform =-0.494091 0.0313243 -0.868845 -66.8056 -0.737854 0.513449 0.438111 296.577 0.459831 0.857548 -0.230578 210.671 0 0 0 1 
Seq_Frame0129_DriverToReference-SequenceTransformStatus = OK
Seq_Frame0129_Timestamp = 14.517
Seq_Frame0130_DriverToReference-SequenceTransform =-0.494091 0.0313243 -0.868845 -66.8056 -0.737854 0.513449 0.438111 296.577 0.459831 0.857548 -0.230578 210.671 0 0 0 1 
Seq_Frame0130_DriverToReference-SequenceTransformStatus = OK
Seq_Frame0130_Timestamp = 14.622
Seq_Frame0131_DriverToReference-SequenceTransform =-0.864553 0.36307 -0.34746 -43.0774 -0.0697972 0.597953 0.798487 340.819 0.497671 0.714586 -0.491621 243.698 0 0 0 1 
Seq_Frame0131_DriverToReference-SequenceTransformStatus = OK
Seq_Frame0131_Timestamp = 14.732
Seq_Frame0132_DriverToReference-SequenceTransform =-0.885956 0.394631 -0.243616 -44.7895 0.0352621 0.581094 0.813072 330.251 0.462427 0.711755 -0.528739 236.099 0 0 0 1 
Seq_Frame0132_DriverToReference-SequenceTransformStatus = OK
Seq_Frame0132_Timestamp = 14.837
Seq_Frame0133_DriverToReference-SequenceTransform =-0.911351 0.373136 -0.173808 -47.7375 0.0717031 0.559692 0.825593 319.659 0.405337 0.739942 -0.536831 230.057 0 0 0 1 
Seq_Frame0133_DriverToReference-SequenceTransformStatus = OK
Seq_Frame0133_Timestamp = 14.947
Seq_Frame0134_DriverToReference-SequenceTransform =-0.8953 0.41344 -0.165849 -49.164 0.112663 0.570356 0.813634 314.288 0.430982 0.709762 -0.557219 228.407 0 0 0 1 
Seq_Frame0134_DriverToReference-SequenceTransformStatus = OK
Seq_Frame0134_Timestamp = 15.051
Seq_Frame0135_DriverToReference-SequenceTransform =-0.884237 0.444057 -0.1447 -51.6796 0.149799 0.563112 0.81269 310.602 0.442364 0.696935 -0.564443 230.737 0 0 0 1 
Seq_Frame0135_DriverToReference-SequenceTransformStatus = OK
Seq_Frame0135_Timestamp = 15.162
Seq_Frame0136_DriverToReference-SequenceTransform =-0.883052 0.457992 -0.102289 -50.3374 0.190421 0.548926 0.813892 307.779 0.428905 0.699231 -0.571941 232.204 0 0 0 1 
Seq_Frame0136_DriverToReference-SequenceTransformStatus = OK
Seq_Frame0136_Timestamp = 15.272
Seq_Frame0137_DriverToReference-SequenceTransform =-0.877157 0.469327 -0.101624 -48.2466 0.191697 0.536263 0.821994 308.015 0.440282 0.701537 -0.560355 233.107 0 0 0 1 
Seq_Frame0137_DriverToReference-SequenceTransformStatus = OK
Seq_Frame0137_Timestamp = 15.382
Seq_Frame0138_DriverToReference-SequenceTransform =-0.866184 0.493739 -0.0771175 -48.4077 0.216184 0.50936 0.832957 308.561 0.450544 0.704823 -0.547938 233.914 0 0 0 1 
Seq_Frame0138_DriverToReference-SequenceTransformStatus = OK
Seq_Frame0138_Timestamp = 15.487
Seq_Frame0139_DriverToReference-SequenceTransform =-0.850336 0.524931 -0.037098 -48.3421 0.253766 0.470791 0.844961 309.852 0.461011 0.709086 -0.53354 234.407 0 0 0 1 
Seq_Frame0139_DriverToReference-SequenceTransformStatus = OK
Seq_Frame0139_Timestamp = 15.597
Seq_Frame0140_DriverToReference-SequenceTransform =-0.846722 0.531433 -0.0253093 -48.0655 0.268126 0.467322 0.842448 308.982 0.459532 0.706533 -0.538183 234.809 0 0 0 1 
Seq_Frame0140_DriverToReference-SequenceTransformStatus = OK
Seq_Frame0140_Timestamp = 15.707
Seq_Frame0141_DriverToReference-SequenceTransform =-0.856147 0.514297 -0.0501041 -43.4446 0.242446 0.485433 0.839985 305.172 0.456324 0.707003 -0.540291 236.77 0 0 0 1 
Seq_Frame0141_DriverToReference-SequenceTransformStatus = OK
Seq_Frame0141_Timestamp = 15.813
Seq_Frame0142_DriverToReference-SequenceTransform =-0.888733 0.441962 -0.121753 -22.6809 0.139887 0.514375 0.846079 297.778 0.436562 0.734906 -0.518967 239.466 0 0 0 1 
Seq_Frame0142_DriverToReference-SequenceTransformStatus = OK
Seq_Frame0142_Timestamp = 15.922
Seq_Frame0143_DriverToReference-SequenceTransform =-0.949504 0.278399 -0.144697 7.99838 0.0268737 0.531642 0.846542 302.962 0.312603 0.799907 -0.512278 247.589 0 0 0 1 
Seq_Frame0143_DriverToReference-SequenceTransformStatus = OK
Seq_Frame0143_Timestamp = 16.026
Seq_Frame0144_DriverToReference-SequenceTransform =-0.945562 0.117896 -0.303338 30.9924 -0.176496 0.597332 0.782332 319.84 0.273427 0.793281 -0.544006 250.121 0 0 0 1 
Seq_Frame0144_DriverToReference-SequenceTransformStatus = OK
Seq_Frame0144_Timestamp = 16.136
Seq_Frame0145_DriverToReference-SequenceTransform =-0.749195 -0.01546 -0.662169 32.2444 -0.521817 0.629505 0.5757 332.428 0.407939 0.776842 -0.47969 252.035 0 0 0 1 
Seq_Frame0145_DriverToReference-SequenceTransformStatus = OK
Seq_Frame0145_Timestamp = 16.247
Seq_Frame0146_DriverToReference-SequenceTransform =-0.581559 -0.128269 -0.803328 38.4791 -0.683871 0.611892 0.397377 340.42 0.440579 0.780471 -0.443571 255.462 0 0 0 1 
Seq_Frame0146_DriverToReference-SequenceTransformStatus = OK
Seq_Frame0146_Timestamp = 16.351
Seq_Frame0147_DriverToReference-SequenceTransform =-0.5812 -0.195486 -0.789932 48.893 -0.721149 0.573479 0.388672 342.971 0.37703 0.795554 -0.474281 259.69 0 0 0 1 
Seq_Frame0147_DriverToReference-SequenceTransformStatus = OK
Seq_Frame0147_Timestamp = 16.462
Seq_Frame0148_DriverToReference-SequenceTransform =-0.569772 -0.213957 -0.793462 50.239 -0.736898 0.560418 0.378037 344.21 0.363787 0.800096 -0.476975 264.14 0 0 0 1 
Seq_Frame0148_DriverToReference-SequenceTransformStatus = OK
Seq_Frame0148_Timestamp = 16.571
Seq_Frame0149_DriverToReference-SequenceTransform =-0.587651 -0.219688 -0.778719 53.3426 -0.740223 0.534585 0.407786 343.886 0.326706 0.816061 -0.476767 269.047 0 0 0 1 
Seq_Frame0149_DriverToReference-SequenceTransformStatus = OK
Seq_Frame0149_Timestamp = 16.677
