ObjectType = Image
NDims = 3
AnatomicalOrientation = RAI
BinaryData = True
CompressedData = False
DimSize = 0 0 1656
ElementSpacing = 1 1 1
Offset = 0 0 0
TransformMatrix = 1 0 0 0 1 0 0 0 1
ElementType = MET_UCHAR
Kinds = domain domain list
Seq_Frame0000_ForcepToReference-SequenceTransform =0.616172 -0.309118 -0.724415 58.8773 0.395169 -0.674282 0.623847 -6.58861 -0.681303 -0.670664 -0.29332 -8.44365 0 0 0 1 
Seq_Frame0000_ForcepToReference-SequenceTransformStatus = OK
Seq_Frame0000_Timestamp = 0.00400019
Seq_Frame0001_ForcepToReference-SequenceTransform =0.617084 -0.308936 -0.723717 58.8837 0.394696 -0.674131 0.624309 -6.58783 -0.680752 -0.670899 -0.29406 -8.41948 0 0 0 1 
Seq_Frame0001_ForcepToReference-SequenceTransformStatus = OK
Seq_Frame0001_Timestamp = 0.105
Seq_Frame0002_ForcepToReference-SequenceTransform =0.616925 -0.309021 -0.723816 58.8848 0.394779 -0.674111 0.624279 -6.60546 -0.680848 -0.67088 -0.293881 -8.38044 0 0 0 1 
Seq_Frame0002_ForcepToReference-SequenceTransformStatus = OK
Seq_Frame0002_Timestamp = 0.217
Seq_Frame0003_ForcepToReference-SequenceTransform =0.6168 -0.308977 -0.723941 58.8808 0.395012 -0.674024 0.624224 -6.58644 -0.680825 -0.670987 -0.293688 -8.4564 0 0 0 1 
Seq_Frame0003_ForcepToReference-SequenceTransformStatus = OK
Seq_Frame0003_Timestamp = 0.329
Seq_Frame0004_ForcepToReference-SequenceTransform =0.617069 -0.308071 -0.724098 58.8989 0.395159 -0.674432 0.623691 -6.54478 -0.680496 -0.670995 -0.294434 -8.35168 0 0 0 1 
Seq_Frame0004_ForcepToReference-SequenceTransformStatus = OK
Seq_Frame0004_Timestamp = 0.433
Seq_Frame0005_ForcepToReference-SequenceTransform =0.616736 -0.308887 -0.724034 58.8835 0.394883 -0.674284 0.624026 -6.58446 -0.680958 -0.670768 -0.293881 -8.44213 0 0 0 1 
Seq_Frame0005_ForcepToReference-SequenceTransformStatus = OK
Seq_Frame0005_Timestamp = 0.544
Seq_Frame0006_ForcepToReference-SequenceTransform =0.615283 -0.309545 -0.724989 58.8758 0.394691 -0.675136 0.623226 -6.5748 -0.682383 -0.669607 -0.293225 -8.46014 0 0 0 1 
Seq_Frame0006_ForcepToReference-SequenceTransformStatus = OK
Seq_Frame0006_Timestamp = 0.654
Seq_Frame0007_ForcepToReference-SequenceTransform =0.615923 -0.309207 -0.724589 58.8821 0.395267 -0.674319 0.623745 -6.56466 -0.681471 -0.670585 -0.293109 -8.4737 0 0 0 1 
Seq_Frame0007_ForcepToReference-SequenceTransformStatus = OK
Seq_Frame0007_Timestamp = 0.763
Seq_Frame0008_ForcepToReference-SequenceTransform =0.616823 -0.308756 -0.724016 58.8852 0.395247 -0.673965 0.624141 -6.58815 -0.680668 -0.671149 -0.293682 -8.38792 0 0 0 1 
Seq_Frame0008_ForcepToReference-SequenceTransformStatus = OK
Seq_Frame0008_Timestamp = 0.87
Seq_Frame0009_ForcepToReference-SequenceTransform =0.616466 -0.30905 -0.724194 58.8962 0.395201 -0.674059 0.624068 -6.58855 -0.681018 -0.670919 -0.293398 -8.42256 0 0 0 1 
Seq_Frame0009_ForcepToReference-SequenceTransformStatus = OK
Seq_Frame0009_Timestamp = 0.976
Seq_Frame0010_ForcepToReference-SequenceTransform =0.616084 -0.30917 -0.724469 58.8852 0.395698 -0.673791 0.624042 -6.59501 -0.681076 -0.671133 -0.292774 -8.41775 0 0 0 1 
Seq_Frame0010_ForcepToReference-SequenceTransformStatus = OK
Seq_Frame0010_Timestamp = 1.079
Seq_Frame0011_ForcepToReference-SequenceTransform =0.616692 -0.308819 -0.724101 58.8974 0.395088 -0.674179 0.62401 -6.58564 -0.680879 -0.670905 -0.29375 -8.42301 0 0 0 1 
Seq_Frame0011_ForcepToReference-SequenceTransformStatus = OK
Seq_Frame0011_Timestamp = 1.215
Seq_Frame0012_ForcepToReference-SequenceTransform =0.616836 -0.308978 -0.72391 58.8868 0.396049 -0.67297 0.624705 -6.61257 -0.68019 -0.672045 -0.292742 -8.40865 0 0 0 1 
Seq_Frame0012_ForcepToReference-SequenceTransformStatus = OK
Seq_Frame0012_Timestamp = 1.332
Seq_Frame0013_ForcepToReference-SequenceTransform =0.616393 -0.309197 -0.724194 58.874 0.396119 -0.67309 0.624532 -6.61297 -0.680551 -0.671824 -0.292409 -8.40999 0 0 0 1 
Seq_Frame0013_ForcepToReference-SequenceTransformStatus = OK
Seq_Frame0013_Timestamp = 1.432
Seq_Frame0014_ForcepToReference-SequenceTransform =0.615311 -0.309468 -0.724998 58.883 0.395076 -0.674801 0.623345 -6.57828 -0.682134 -0.66998 -0.292949 -8.47815 0 0 0 1 
Seq_Frame0014_ForcepToReference-SequenceTransformStatus = OK
Seq_Frame0014_Timestamp = 1.533
Seq_Frame0015_ForcepToReference-SequenceTransform =0.616081 -0.309206 -0.724455 58.882 0.39527 -0.674184 0.623889 -6.597 -0.681327 -0.670722 -0.293132 -8.40063 0 0 0 1 
Seq_Frame0015_ForcepToReference-SequenceTransformStatus = OK
Seq_Frame0015_Timestamp = 1.641
Seq_Frame0016_ForcepToReference-SequenceTransform =0.615516 -0.309382 -0.724861 58.88 0.396916 -0.67289 0.624241 -6.58359 -0.680881 -0.671939 -0.291376 -8.41919 0 0 0 1 
Seq_Frame0016_ForcepToReference-SequenceTransformStatus = OK
Seq_Frame0016_Timestamp = 1.743
Seq_Frame0017_ForcepToReference-SequenceTransform =0.616629 -0.309016 -0.72407 58.9069 0.394565 -0.674577 0.623911 -6.61834 -0.681239 -0.670414 -0.294037 -8.39685 0 0 0 1 
Seq_Frame0017_ForcepToReference-SequenceTransformStatus = OK
Seq_Frame0017_Timestamp = 1.851
Seq_Frame0018_ForcepToReference-SequenceTransform =0.616513 -0.308915 -0.724212 58.8886 0.395759 -0.673587 0.624224 -6.60434 -0.680652 -0.671456 -0.293019 -8.36426 0 0 0 1 
Seq_Frame0018_ForcepToReference-SequenceTransformStatus = OK
Seq_Frame0018_Timestamp = 1.96
Seq_Frame0019_ForcepToReference-SequenceTransform =0.617158 -0.308678 -0.723764 58.8983 0.394605 -0.67438 0.624098 -6.58218 -0.680738 -0.670768 -0.294393 -8.44987 0 0 0 1 
Seq_Frame0019_ForcepToReference-SequenceTransformStatus = OK
Seq_Frame0019_Timestamp = 2.067
Seq_Frame0020_ForcepToReference-SequenceTransform =0.616777 -0.308965 -0.723966 58.899 0.395697 -0.673379 0.624488 -6.58997 -0.680448 -0.671641 -0.293068 -8.42574 0 0 0 1 
Seq_Frame0020_ForcepToReference-SequenceTransformStatus = OK
Seq_Frame0020_Timestamp = 2.17
Seq_Frame0021_ForcepToReference-SequenceTransform =0.616529 -0.308739 -0.724274 58.8931 0.39574 -0.673744 0.624067 -6.58361 -0.680649 -0.671379 -0.293202 -8.41448 0 0 0 1 
Seq_Frame0021_ForcepToReference-SequenceTransformStatus = OK
Seq_Frame0021_Timestamp = 2.279
Seq_Frame0022_ForcepToReference-SequenceTransform =0.615849 -0.309074 -0.724709 58.8786 0.396009 -0.673766 0.623872 -6.59484 -0.681107 -0.671202 -0.292542 -8.39427 0 0 0 1 
Seq_Frame0022_ForcepToReference-SequenceTransformStatus = OK
Seq_Frame0022_Timestamp = 2.386
Seq_Frame0023_ForcepToReference-SequenceTransform =0.616318 -0.30902 -0.724333 58.8951 0.395199 -0.674213 0.623903 -6.59582 -0.681154 -0.670778 -0.293405 -8.43035 0 0 0 1 
Seq_Frame0023_ForcepToReference-SequenceTransformStatus = OK
Seq_Frame0023_Timestamp = 2.494
Seq_Frame0024_ForcepToReference-SequenceTransform =0.616335 -0.309541 -0.724096 58.867 0.395969 -0.67299 0.624734 -6.62274 -0.68069 -0.671766 -0.292219 -8.35968 0 0 0 1 
Seq_Frame0024_ForcepToReference-SequenceTransformStatus = OK
Seq_Frame0024_Timestamp = 2.605
Seq_Frame0025_ForcepToReference-SequenceTransform =0.61736 -0.308552 -0.723645 58.921 0.394586 -0.674335 0.624159 -6.62259 -0.680564 -0.670871 -0.294557 -8.37808 0 0 0 1 
Seq_Frame0025_ForcepToReference-SequenceTransformStatus = OK
Seq_Frame0025_Timestamp = 2.706
Seq_Frame0026_ForcepToReference-SequenceTransform =0.616278 -0.309076 -0.724343 58.9071 0.394027 -0.675351 0.623413 -6.5832 -0.681868 -0.669607 -0.29442 -8.50242 0 0 0 1 
Seq_Frame0026_ForcepToReference-SequenceTransformStatus = OK
Seq_Frame0026_Timestamp = 2.813
Seq_Frame0027_ForcepToReference-SequenceTransform =0.61604 -0.308815 -0.724657 58.9154 0.395208 -0.674616 0.623461 -6.5829 -0.6814 -0.670467 -0.293544 -8.44958 0 0 0 1 
Seq_Frame0027_ForcepToReference-SequenceTransformStatus = OK
Seq_Frame0027_Timestamp = 2.919
Seq_Frame0028_ForcepToReference-SequenceTransform =0.615906 -0.30911 -0.724645 58.8815 0.395693 -0.673998 0.623821 -6.57695 -0.681239 -0.670953 -0.292807 -8.40983 0 0 0 1 
Seq_Frame0028_ForcepToReference-SequenceTransformStatus = OK
Seq_Frame0028_Timestamp = 3.024
Seq_Frame0029_ForcepToReference-SequenceTransform =0.614139 -0.309352 -0.726041 58.8844 0.395423 -0.675547 0.622316 -6.53698 -0.68299 -0.669281 -0.292555 -8.44563 0 0 0 1 
Seq_Frame0029_ForcepToReference-SequenceTransformStatus = OK
Seq_Frame0029_Timestamp = 3.126
Seq_Frame0030_ForcepToReference-SequenceTransform =0.616638 -0.314283 -0.721792 59.016 0.40451 -0.660074 0.632989 -6.98603 -0.675373 -0.682297 -0.279896 -8.01668 0 0 0 1 
Seq_Frame0030_ForcepToReference-SequenceTransformStatus = OK
Seq_Frame0030_Timestamp = 4.006
Seq_Frame0031_ForcepToReference-SequenceTransform =0.25808 -0.378665 -0.888824 47.6828 0.370102 -0.811059 0.452998 74.2188 -0.892423 -0.445865 -0.0691736 -35.3275 0 0 0 1 
Seq_Frame0031_ForcepToReference-SequenceTransformStatus = OK
Seq_Frame0031_Timestamp = 4.114
Seq_Frame0032_ForcepToReference-SequenceTransform =0.343436 -0.172994 -0.923106 61.9172 0.00777983 -0.982332 0.186987 73.8091 -0.939144 -0.0713998 -0.336023 2.61605 0 0 0 1 
Seq_Frame0032_ForcepToReference-SequenceTransformStatus = OK
Seq_Frame0032_Timestamp = 4.215
Seq_Frame0033_ForcepToReference-SequenceTransform =0.00734381 -0.1193 -0.992831 55.4034 -0.224023 -0.967818 0.114637 88.0264 -0.974556 0.221575 -0.0338334 18.9588 0 0 0 1 
Seq_Frame0033_ForcepToReference-SequenceTransformStatus = OK
Seq_Frame0033_Timestamp = 4.316
Seq_Frame0034_ForcepToReference-SequenceTransform =-0.0432411 -0.274169 -0.960709 50.3176 -0.00717592 -0.961498 0.274717 125.304 -0.999039 0.0187731 0.0396089 27.9727 0 0 0 1 
Seq_Frame0034_ForcepToReference-SequenceTransformStatus = OK
Seq_Frame0034_Timestamp = 4.416
Seq_Frame0035_ForcepToReference-SequenceTransform =0.113638 -0.37379 -0.920525 63.8813 0.307705 -0.867729 0.390338 165.614 -0.944672 -0.327607 0.01641 46.3353 0 0 0 1 
Seq_Frame0035_ForcepToReference-SequenceTransformStatus = OK
Seq_Frame0035_Timestamp = 4.517
Seq_Frame0036_ForcepToReference-SequenceTransform =0.512505 -0.58818 -0.625606 72.1552 0.420877 -0.462981 0.780071 187.326 -0.748466 -0.663094 0.0102707 64.4299 0 0 0 1 
Seq_Frame0036_ForcepToReference-SequenceTransformStatus = OK
Seq_Frame0036_Timestamp = 4.619
Seq_Frame0037_ForcepToReference-SequenceTransform =0.787232 -0.543884 -0.290612 80.2273 0.495626 0.277653 0.82296 249.78 -0.366906 -0.791896 0.488141 96.6418 0 0 0 1 
Seq_Frame0037_ForcepToReference-SequenceTransformStatus = OK
Seq_Frame0037_Timestamp = 4.72
Seq_Frame0038_ForcepToReference-SequenceTransform =0.809926 -0.557642 -0.181808 78.8271 0.503899 0.502913 0.702257 274.445 -0.300175 -0.660389 0.688318 109.251 0 0 0 1 
Seq_Frame0038_ForcepToReference-SequenceTransformStatus = OK
Seq_Frame0038_Timestamp = 4.875
Seq_Frame0039_ForcepToReference-SequenceTransform =0.461458 -0.837205 -0.293503 31.6939 0.875405 0.376021 0.303766 355.068 -0.143951 -0.397109 0.906412 121.256 0 0 0 1 
Seq_Frame0039_ForcepToReference-SequenceTransformStatus = OK
Seq_Frame0039_Timestamp = 4.976
Seq_Frame0040_ForcepToReference-SequenceTransform =0.0895154 -0.479371 -0.873035 45.4323 0.763383 -0.529982 0.369278 275.688 -0.639714 -0.699516 0.318502 98.817 0 0 0 1 
Seq_Frame0040_ForcepToReference-SequenceTransformStatus = OK
Seq_Frame0040_Timestamp = 5.456
Seq_Frame0041_ForcepToReference-SequenceTransform =0.046514 -0.667888 -0.742807 41.2915 0.793028 -0.427474 0.434019 272.173 -0.607407 -0.609254 0.509771 99.0273 0 0 0 1 
Seq_Frame0041_ForcepToReference-SequenceTransformStatus = OK
Seq_Frame0041_Timestamp = 5.569
Seq_Frame0042_ForcepToReference-SequenceTransform =0.160562 -0.872069 -0.462294 44.0383 0.873602 -0.0924341 0.477782 270.991 -0.45939 -0.480575 0.747 116.389 0 0 0 1 
Seq_Frame0042_ForcepToReference-SequenceTransformStatus = OK
Seq_Frame0042_Timestamp = 5.676
Seq_Frame0043_ForcepToReference-SequenceTransform =0.0811397 -0.974916 -0.207254 44.852 0.964692 0.024541 0.262236 268.877 -0.250572 -0.221214 0.942485 148.182 0 0 0 1 
Seq_Frame0043_ForcepToReference-SequenceTransformStatus = OK
Seq_Frame0043_Timestamp = 5.785
Seq_Frame0044_ForcepToReference-SequenceTransform =0.0989811 -0.985187 -0.140036 55.0731 0.97117 0.0649707 0.229363 257.216 -0.216867 -0.158702 0.963215 158.903 0 0 0 1 
Seq_Frame0044_ForcepToReference-SequenceTransformStatus = OK
Seq_Frame0044_Timestamp = 5.895
Seq_Frame0045_ForcepToReference-SequenceTransform =0.228218 -0.966782 -0.115109 67.4132 0.937358 0.186218 0.294418 252.269 -0.263203 -0.17509 0.948719 163.409 0 0 0 1 
Seq_Frame0045_ForcepToReference-SequenceTransformStatus = OK
Seq_Frame0045_Timestamp = 5.996
Seq_Frame0046_ForcepToReference-SequenceTransform =0.301136 -0.953501 -0.0123459 72.8711 0.92481 0.28887 0.247551 254.713 -0.232474 -0.0859641 0.968796 171.997 0 0 0 1 
Seq_Frame0046_ForcepToReference-SequenceTransformStatus = OK
Seq_Frame0046_Timestamp = 6.099
Seq_Frame0047_ForcepToReference-SequenceTransform =0.291678 -0.955954 0.0327979 73.5705 0.895487 0.284959 0.341909 248.31 -0.336195 -0.0703571 0.939161 172.117 0 0 0 1 
Seq_Frame0047_ForcepToReference-SequenceTransformStatus = OK
Seq_Frame0047_Timestamp = 6.224
Seq_Frame0048_ForcepToReference-SequenceTransform =0.3164 -0.948612 0.00511591 76.8772 0.905244 0.303539 0.297318 252.09 -0.283592 -0.0894404 0.954765 173.6 0 0 0 1 
Seq_Frame0048_ForcepToReference-SequenceTransformStatus = OK
Seq_Frame0048_Timestamp = 6.336
Seq_Frame0049_ForcepToReference-SequenceTransform =0.303336 -0.945611 -0.117502 84.4851 0.942271 0.279317 0.18468 261.239 -0.141815 -0.166739 0.975749 180.268 0 0 0 1 
Seq_Frame0049_ForcepToReference-SequenceTransformStatus = OK
Seq_Frame0049_Timestamp = 6.447
Seq_Frame0050_ForcepToReference-SequenceTransform =0.260856 -0.933031 -0.247804 91.2779 0.96536 0.253681 0.0610489 269.506 0.00590249 -0.255145 0.966885 187.447 0 0 0 1 
Seq_Frame0050_ForcepToReference-SequenceTransformStatus = OK
Seq_Frame0050_Timestamp = 6.554
Seq_Frame0051_ForcepToReference-SequenceTransform =0.268874 -0.919888 -0.285503 95.2701 0.963037 0.251731 0.0958721 267.276 -0.0163218 -0.300727 0.95357 183.008 0 0 0 1 
Seq_Frame0051_ForcepToReference-SequenceTransformStatus = OK
Seq_Frame0051_Timestamp = 6.663
Seq_Frame0052_ForcepToReference-SequenceTransform =0.280156 -0.913476 -0.295084 96.3873 0.954235 0.231496 0.189329 260.911 -0.104637 -0.334621 0.936525 169.567 0 0 0 1 
Seq_Frame0052_ForcepToReference-SequenceTransformStatus = OK
Seq_Frame0052_Timestamp = 6.781
Seq_Frame0053_ForcepToReference-SequenceTransform =0.296495 -0.893341 -0.337687 98.75 0.935051 0.199586 0.292992 247.845 -0.194344 -0.402625 0.894496 155.244 0 0 0 1 
Seq_Frame0053_ForcepToReference-SequenceTransformStatus = OK
Seq_Frame0053_Timestamp = 6.903
Seq_Frame0054_ForcepToReference-SequenceTransform =0.248242 -0.913845 -0.321346 95.8813 0.952756 0.170396 0.251439 253.422 -0.17502 -0.368583 0.91297 158.137 0 0 0 1 
Seq_Frame0054_ForcepToReference-SequenceTransformStatus = OK
Seq_Frame0054_Timestamp = 7.016
Seq_Frame0055_ForcepToReference-SequenceTransform =0.229398 -0.932929 -0.277526 92.4901 0.968832 0.19147 0.157175 263.438 -0.0934953 -0.304932 0.947774 165.285 0 0 0 1 
Seq_Frame0055_ForcepToReference-SequenceTransformStatus = OK
Seq_Frame0055_Timestamp = 7.118
Seq_Frame0056_ForcepToReference-SequenceTransform =0.27031 -0.929873 -0.249538 94.7769 0.961042 0.245064 0.127839 266.342 -0.0577215 -0.274372 0.95989 173.711 0 0 0 1 
Seq_Frame0056_ForcepToReference-SequenceTransformStatus = OK
Seq_Frame0056_Timestamp = 7.218
Seq_Frame0057_ForcepToReference-SequenceTransform =0.323219 -0.910194 -0.258991 98.5727 0.944259 0.292126 0.151784 265.244 -0.0624952 -0.293614 0.953879 179.622 0 0 0 1 
Seq_Frame0057_ForcepToReference-SequenceTransformStatus = OK
Seq_Frame0057_Timestamp = 7.338
Seq_Frame0058_ForcepToReference-SequenceTransform =0.308053 -0.923036 -0.230453 94.4876 0.950653 0.289255 0.112205 273.182 -0.0369096 -0.253646 0.966593 178.726 0 0 0 1 
Seq_Frame0058_ForcepToReference-SequenceTransformStatus = OK
Seq_Frame0058_Timestamp = 7.454
Seq_Frame0059_ForcepToReference-SequenceTransform =0.299784 -0.923803 -0.238154 93.3059 0.953938 0.293283 0.0631472 275.158 0.011511 -0.246115 0.969172 179.441 0 0 0 1 
Seq_Frame0059_ForcepToReference-SequenceTransformStatus = OK
Seq_Frame0059_Timestamp = 7.563
Seq_Frame0060_ForcepToReference-SequenceTransform =0.326748 -0.909477 -0.257073 97.425 0.944736 0.32197 0.0617177 269.775 0.0266389 -0.263032 0.964419 184.245 0 0 0 1 
Seq_Frame0060_ForcepToReference-SequenceTransformStatus = OK
Seq_Frame0060_Timestamp = 7.67
Seq_Frame0061_ForcepToReference-SequenceTransform =0.320215 -0.906419 -0.275441 98.1725 0.944978 0.326156 0.0252761 272.694 0.066926 -0.268379 0.960986 187.808 0 0 0 1 
Seq_Frame0061_ForcepToReference-SequenceTransformStatus = OK
Seq_Frame0061_Timestamp = 7.797
Seq_Frame0062_ForcepToReference-SequenceTransform =0.30336 -0.898005 -0.318685 100.018 0.944688 0.327183 -0.0226912 275.348 0.124645 -0.294174 0.947589 190.829 0 0 0 1 
Seq_Frame0062_ForcepToReference-SequenceTransformStatus = OK
Seq_Frame0062_Timestamp = 7.916
Seq_Frame0063_ForcepToReference-SequenceTransform =0.301356 -0.884417 -0.356358 103.278 0.940117 0.338016 -0.0438798 276.609 0.159263 -0.321795 0.933319 192.485 0 0 0 1 
Seq_Frame0063_ForcepToReference-SequenceTransformStatus = OK
Seq_Frame0063_Timestamp = 8.02
Seq_Frame0064_ForcepToReference-SequenceTransform =0.28721 -0.884659 -0.367273 102.671 0.944217 0.32598 -0.0468122 276.374 0.161137 -0.33334 0.928935 192.243 0 0 0 1 
Seq_Frame0064_ForcepToReference-SequenceTransformStatus = OK
Seq_Frame0064_Timestamp = 8.141
Seq_Frame0065_ForcepToReference-SequenceTransform =0.29349 -0.885598 -0.359972 101.898 0.953061 0.300378 0.038058 270.045 0.0744234 -0.354245 0.932187 183.676 0 0 0 1 
Seq_Frame0065_ForcepToReference-SequenceTransformStatus = OK
Seq_Frame0065_Timestamp = 8.253
Seq_Frame0066_ForcepToReference-SequenceTransform =0.303818 -0.889809 -0.34049 99.5291 0.942728 0.229125 0.242417 254.561 -0.13769 -0.39464 0.90846 161.57 0 0 0 1 
Seq_Frame0066_ForcepToReference-SequenceTransformStatus = OK
Seq_Frame0066_Timestamp = 8.362
Seq_Frame0067_ForcepToReference-SequenceTransform =0.311516 -0.902544 -0.297273 93.4101 0.88311 0.15948 0.441228 233.434 -0.350819 -0.399975 0.846727 132.372 0 0 0 1 
Seq_Frame0067_ForcepToReference-SequenceTransformStatus = OK
Seq_Frame0067_Timestamp = 8.471
Seq_Frame0068_ForcepToReference-SequenceTransform =0.281369 -0.919542 -0.274359 84.6964 0.811676 0.0755499 0.579201 223.443 -0.511872 -0.38566 0.767628 112.933 0 0 0 1 
Seq_Frame0068_ForcepToReference-SequenceTransformStatus = OK
Seq_Frame0068_Timestamp = 8.579
Seq_Frame0069_ForcepToReference-SequenceTransform =0.173134 -0.963809 -0.202723 72.1409 0.793033 0.0143608 0.609009 228.401 -0.584057 -0.266206 0.766819 99.6786 0 0 0 1 
Seq_Frame0069_ForcepToReference-SequenceTransformStatus = OK
Seq_Frame0069_Timestamp = 8.706
Seq_Frame0070_ForcepToReference-SequenceTransform =0.173134 -0.963809 -0.202723 72.1409 0.793033 0.0143608 0.609009 228.401 -0.584057 -0.266206 0.766819 99.6786 0 0 0 1 
Seq_Frame0070_ForcepToReference-SequenceTransformStatus = OK
Seq_Frame0070_Timestamp = 8.813
Seq_Frame0071_ForcepToReference-SequenceTransform =-0.0196099 -0.977875 0.20827 22.1152 0.931914 0.0575762 0.358079 291.827 -0.362148 0.201111 0.910166 70.646 0 0 0 1 
Seq_Frame0071_ForcepToReference-SequenceTransformStatus = OK
Seq_Frame0071_Timestamp = 8.915
Seq_Frame0072_ForcepToReference-SequenceTransform =0.0231259 -0.895185 0.445093 -23.3354 0.998354 -0.00269275 -0.0572876 345.727 0.0524816 0.445686 0.89365 96.0517 0 0 0 1 
Seq_Frame0072_ForcepToReference-SequenceTransformStatus = OK
Seq_Frame0072_Timestamp = 9.158
Seq_Frame0073_ForcepToReference-SequenceTransform =-0.0426726 -0.893003 0.448023 -39.7742 0.99629 -0.0715801 -0.0477809 353.014 0.074738 0.444322 0.892744 102.513 0 0 0 1 
Seq_Frame0073_ForcepToReference-SequenceTransformStatus = OK
Seq_Frame0073_Timestamp = 9.258
Seq_Frame0074_ForcepToReference-SequenceTransform =-0.0754066 -0.890652 0.448389 -55.1515 0.993044 -0.107857 -0.047237 355.653 0.0904334 0.441708 0.892589 102.594 0 0 0 1 
Seq_Frame0074_ForcepToReference-SequenceTransformStatus = OK
Seq_Frame0074_Timestamp = 9.379
Seq_Frame0075_ForcepToReference-SequenceTransform =-0.0767304 -0.877268 0.473829 -64.4913 0.99116 -0.118703 -0.0592659 356.48 0.108237 0.465092 0.87862 103.596 0 0 0 1 
Seq_Frame0075_ForcepToReference-SequenceTransformStatus = OK
Seq_Frame0075_Timestamp = 9.506
Seq_Frame0076_ForcepToReference-SequenceTransform =-0.0899462 -0.879203 0.467879 -68.3711 0.98947 -0.132373 -0.0585279 356.715 0.113393 0.457688 0.881852 104.451 0 0 0 1 
Seq_Frame0076_ForcepToReference-SequenceTransformStatus = OK
Seq_Frame0076_Timestamp = 9.612
Seq_Frame0077_ForcepToReference-SequenceTransform =-0.0702443 -0.877102 0.47514 -71.6936 0.987551 -0.128351 -0.090935 357.269 0.140744 0.462837 0.875199 103.395 0 0 0 1 
Seq_Frame0077_ForcepToReference-SequenceTransformStatus = OK
Seq_Frame0077_Timestamp = 9.728
Seq_Frame0078_ForcepToReference-SequenceTransform =-0.0669347 -0.87587 0.477883 -73.1215 0.989396 -0.120141 -0.0816169 357.183 0.128899 0.467352 0.874624 102.574 0 0 0 1 
Seq_Frame0078_ForcepToReference-SequenceTransformStatus = OK
Seq_Frame0078_Timestamp = 9.836
Seq_Frame0079_ForcepToReference-SequenceTransform =-0.0799874 -0.880121 0.467963 -73.2863 0.990287 -0.123726 -0.0634307 357.667 0.113726 0.458344 0.881469 104.523 0 0 0 1 
Seq_Frame0079_ForcepToReference-SequenceTransformStatus = OK
Seq_Frame0079_Timestamp = 9.962
Seq_Frame0080_ForcepToReference-SequenceTransform =-0.075944 -0.882241 0.464633 -74.7176 0.990142 -0.121726 -0.0692946 358.33 0.117692 0.45479 0.882788 105.015 0 0 0 1 
Seq_Frame0080_ForcepToReference-SequenceTransformStatus = OK
Seq_Frame0080_Timestamp = 10.07
Seq_Frame0081_ForcepToReference-SequenceTransform =-0.0681582 -0.880684 0.468775 -74.8611 0.990308 -0.116714 -0.0752828 358.956 0.121013 0.459101 0.880104 105.372 0 0 0 1 
Seq_Frame0081_ForcepToReference-SequenceTransformStatus = OK
Seq_Frame0081_Timestamp = 10.171
Seq_Frame0082_ForcepToReference-SequenceTransform =-0.0959742 -0.889696 0.446352 -75.8513 0.989251 -0.134955 -0.0562926 358.815 0.110321 0.436152 0.893085 106.26 0 0 0 1 
Seq_Frame0082_ForcepToReference-SequenceTransformStatus = OK
Seq_Frame0082_Timestamp = 10.276
Seq_Frame0083_ForcepToReference-SequenceTransform =-0.077647 -0.889183 0.450916 -75.986 0.988644 -0.127041 -0.0802755 357.95 0.128664 0.439562 0.888949 104.605 0 0 0 1 
Seq_Frame0083_ForcepToReference-SequenceTransformStatus = OK
Seq_Frame0083_Timestamp = 10.387
Seq_Frame0084_ForcepToReference-SequenceTransform =-0.105296 -0.885539 0.452475 -75.38 0.988506 -0.142841 -0.0495161 360.09 0.10848 0.442061 0.890401 105.751 0 0 0 1 
Seq_Frame0084_ForcepToReference-SequenceTransformStatus = OK
Seq_Frame0084_Timestamp = 10.507
Seq_Frame0085_ForcepToReference-SequenceTransform =-0.0732557 -0.872729 0.482678 -76.0782 0.987998 -0.1295 -0.084201 358.325 0.135991 0.470716 0.871741 104.943 0 0 0 1 
Seq_Frame0085_ForcepToReference-SequenceTransformStatus = OK
Seq_Frame0085_Timestamp = 10.621
Seq_Frame0086_ForcepToReference-SequenceTransform =-0.0531892 -0.87112 0.488181 -76.003 0.986501 -0.121662 -0.109613 357.836 0.154879 0.47576 0.865832 105.13 0 0 0 1 
Seq_Frame0086_ForcepToReference-SequenceTransformStatus = OK
Seq_Frame0086_Timestamp = 10.745
Seq_Frame0087_ForcepToReference-SequenceTransform =-0.0407866 -0.864836 0.500395 -75.5737 0.981792 -0.127681 -0.140647 358.721 0.185527 0.485547 0.854297 107.951 0 0 0 1 
Seq_Frame0087_ForcepToReference-SequenceTransformStatus = OK
Seq_Frame0087_Timestamp = 10.872
Seq_Frame0088_ForcepToReference-SequenceTransform =-0.0170106 -0.84546 0.533768 -76.9284 0.972252 -0.138559 -0.188485 359.074 0.233315 0.515751 0.824357 111.777 0 0 0 1 
Seq_Frame0088_ForcepToReference-SequenceTransformStatus = OK
Seq_Frame0088_Timestamp = 10.996
Seq_Frame0089_ForcepToReference-SequenceTransform =-0.0256564 -0.840001 0.541979 -78.4674 0.971315 -0.14916 -0.185199 359.064 0.236409 0.52168 0.819732 113.897 0 0 0 1 
Seq_Frame0089_ForcepToReference-SequenceTransformStatus = OK
Seq_Frame0089_Timestamp = 11.123
Seq_Frame0090_ForcepToReference-SequenceTransform =-0.028276 -0.84336 0.536604 -79.5172 0.966788 -0.159485 -0.199712 359.287 0.254009 0.513135 0.819861 113.468 0 0 0 1 
Seq_Frame0090_ForcepToReference-SequenceTransformStatus = OK
Seq_Frame0090_Timestamp = 11.248
Seq_Frame0091_ForcepToReference-SequenceTransform =-0.0470631 -0.851326 0.522521 -80.2244 0.967994 -0.167969 -0.18648 359.405 0.246522 0.497021 0.831984 114.543 0 0 0 1 
Seq_Frame0091_ForcepToReference-SequenceTransformStatus = OK
Seq_Frame0091_Timestamp = 11.374
Seq_Frame0092_ForcepToReference-SequenceTransform =-0.0465678 -0.850584 0.523773 -80.5703 0.967818 -0.168232 -0.187154 359.082 0.247306 0.498201 0.831045 115.326 0 0 0 1 
Seq_Frame0092_ForcepToReference-SequenceTransformStatus = OK
Seq_Frame0092_Timestamp = 11.486
Seq_Frame0093_ForcepToReference-SequenceTransform =-0.0392148 -0.850532 0.52446 -80.3979 0.967129 -0.164277 -0.194098 358.802 0.251243 0.499609 0.829016 114.712 0 0 0 1 
Seq_Frame0093_ForcepToReference-SequenceTransformStatus = OK
Seq_Frame0093_Timestamp = 11.593
Seq_Frame0094_ForcepToReference-SequenceTransform =-0.0171741 -0.845382 0.533886 -80.8502 0.963197 -0.157244 -0.218003 358.384 0.268246 0.510494 0.81697 113.65 0 0 0 1 
Seq_Frame0094_ForcepToReference-SequenceTransformStatus = OK
Seq_Frame0094_Timestamp = 11.703
Seq_Frame0095_ForcepToReference-SequenceTransform =-0.0278929 -0.84539 0.533421 -80.7002 0.96334 -0.165176 -0.211405 357.04 0.266829 0.50797 0.819005 116.59 0 0 0 1 
Seq_Frame0095_ForcepToReference-SequenceTransformStatus = OK
Seq_Frame0095_Timestamp = 11.813
Seq_Frame0096_ForcepToReference-SequenceTransform =-0.0353303 -0.87021 0.491412 -78.4116 0.949779 -0.182218 -0.254393 353.859 0.310919 0.457746 0.832945 112.13 0 0 0 1 
Seq_Frame0096_ForcepToReference-SequenceTransformStatus = OK
Seq_Frame0096_Timestamp = 11.936
Seq_Frame0097_ForcepToReference-SequenceTransform =-0.0855792 -0.916512 0.390745 -76.3168 0.953986 -0.188498 -0.233194 345.162 0.287379 0.352808 0.890471 101.099 0 0 0 1 
Seq_Frame0097_ForcepToReference-SequenceTransformStatus = OK
Seq_Frame0097_Timestamp = 12.037
Seq_Frame0098_ForcepToReference-SequenceTransform =-0.162574 -0.95048 0.264873 -75.0175 0.977418 -0.191861 -0.0885594 333.204 0.134993 0.244495 0.960208 78.2969 0 0 0 1 
Seq_Frame0098_ForcepToReference-SequenceTransformStatus = OK
Seq_Frame0098_Timestamp = 12.144
Seq_Frame0099_ForcepToReference-SequenceTransform =-0.368049 -0.925111 -0.0933231 -67.9463 0.840086 -0.373871 0.393035 285.214 -0.398492 0.066257 0.914775 28.581 0 0 0 1 
Seq_Frame0099_ForcepToReference-SequenceTransformStatus = OK
Seq_Frame0099_Timestamp = 12.253
Seq_Frame0100_ForcepToReference-SequenceTransform =-0.297973 -0.670971 -0.678977 -31.0137 0.0305457 -0.717626 0.695759 171.403 -0.954085 0.186577 0.234328 20.945 0 0 0 1 
Seq_Frame0100_ForcepToReference-SequenceTransformStatus = OK
Seq_Frame0100_Timestamp = 12.359
Seq_Frame0101_ForcepToReference-SequenceTransform =0.175259 -0.666145 -0.724938 11.5996 -0.614127 -0.649488 0.448345 105.607 -0.769501 0.366627 -0.522927 94.2949 0 0 0 1 
Seq_Frame0101_ForcepToReference-SequenceTransformStatus = OK
Seq_Frame0101_Timestamp = 12.472
Seq_Frame0102_ForcepToReference-SequenceTransform =0.357297 -0.656128 -0.664707 22.0197 -0.514815 -0.732162 0.445987 110.643 -0.779297 0.182852 -0.599384 104.487 0 0 0 1 
Seq_Frame0102_ForcepToReference-SequenceTransformStatus = OK
Seq_Frame0102_Timestamp = 12.597
Seq_Frame0103_ForcepToReference-SequenceTransform =0.36374 -0.472149 -0.802974 38.5455 -0.359263 -0.866437 0.346723 128.785 -0.859432 0.162362 -0.484784 98.9936 0 0 0 1 
Seq_Frame0103_ForcepToReference-SequenceTransformStatus = OK
Seq_Frame0103_Timestamp = 12.723
Seq_Frame0104_ForcepToReference-SequenceTransform =0.496714 0.208404 -0.842521 72.9025 0.206459 -0.97125 -0.118527 178.526 -0.843 -0.115072 -0.525461 90.6918 0 0 0 1 
Seq_Frame0104_ForcepToReference-SequenceTransformStatus = OK
Seq_Frame0104_Timestamp = 12.849
Seq_Frame0105_ForcepToReference-SequenceTransform =0.144198 -0.145033 -0.978863 44.0952 0.457101 -0.867577 0.19588 186.48 -0.877648 -0.475684 -0.0588079 32.4778 0 0 0 1 
Seq_Frame0105_ForcepToReference-SequenceTransformStatus = OK
Seq_Frame0105_Timestamp = 12.974
Seq_Frame0106_ForcepToReference-SequenceTransform =-0.568202 0.256961 0.78174 -54.5313 -0.26962 0.839419 -0.471891 273.377 -0.777465 -0.478902 -0.407678 31.9734 0 0 0 1 
Seq_Frame0106_ForcepToReference-SequenceTransformStatus = OK
Seq_Frame0106_Timestamp = 13.237
Seq_Frame0107_ForcepToReference-SequenceTransform =-0.407756 -0.895086 -0.180434 -72.0933 0.905907 -0.42131 0.0427816 269.197 -0.114312 -0.146012 0.982656 39.1251 0 0 0 1 
Seq_Frame0107_ForcepToReference-SequenceTransformStatus = OK
Seq_Frame0107_Timestamp = 13.347
Seq_Frame0108_ForcepToReference-SequenceTransform =-0.438147 -0.897103 -0.0568632 -81.1245 0.898637 -0.43868 -0.00340363 270.747 -0.0218914 -0.0525907 0.998376 43.5057 0 0 0 1 
Seq_Frame0108_ForcepToReference-SequenceTransformStatus = OK
Seq_Frame0108_Timestamp = 13.476
Seq_Frame0109_ForcepToReference-SequenceTransform =-0.470441 -0.881904 -0.0305083 -86.8081 0.881651 -0.471198 0.0257732 267.993 -0.0371049 -0.0147729 0.999202 44.4231 0 0 0 1 
Seq_Frame0109_ForcepToReference-SequenceTransformStatus = OK
Seq_Frame0109_Timestamp = 13.585
Seq_Frame0110_ForcepToReference-SequenceTransform =-0.544319 -0.837656 -0.04526 -93.2347 0.838854 -0.543921 -0.0217721 270.47 -0.00638031 -0.0498175 0.998738 50.07 0 0 0 1 
Seq_Frame0110_ForcepToReference-SequenceTransformStatus = OK
Seq_Frame0110_Timestamp = 13.697
Seq_Frame0111_ForcepToReference-SequenceTransform =-0.596361 -0.799194 -0.0751209 -94.4925 0.802592 -0.592006 -0.0733147 272.833 0.0141206 -0.104013 0.994476 50.9679 0 0 0 1 
Seq_Frame0111_ForcepToReference-SequenceTransformStatus = OK
Seq_Frame0111_Timestamp = 13.822
Seq_Frame0112_ForcepToReference-SequenceTransform =-0.607516 -0.789322 -0.0888521 -94.4555 0.794234 -0.605166 -0.054469 272.707 -0.0107766 -0.10366 0.994554 48.4355 0 0 0 1 
Seq_Frame0112_ForcepToReference-SequenceTransformStatus = OK
Seq_Frame0112_Timestamp = 13.947
Seq_Frame0113_ForcepToReference-SequenceTransform =-0.603108 -0.792489 -0.0906804 -94.2006 0.797203 -0.602701 -0.0349096 270.568 -0.0269877 -0.0933449 0.995268 46.2853 0 0 0 1 
Seq_Frame0113_ForcepToReference-SequenceTransformStatus = OK
Seq_Frame0113_Timestamp = 14.074
Seq_Frame0114_ForcepToReference-SequenceTransform =-0.585396 -0.806244 -0.0853352 -92.8122 0.806637 -0.589778 0.0387107 266.093 -0.0815391 -0.0461735 0.9956 40.3618 0 0 0 1 
Seq_Frame0114_ForcepToReference-SequenceTransformStatus = OK
Seq_Frame0114_Timestamp = 14.199
Seq_Frame0115_ForcepToReference-SequenceTransform =-0.544672 -0.824661 -0.152533 -89.1677 0.828484 -0.557328 0.0547714 264.442 -0.130179 -0.0965391 0.986779 35.9004 0 0 0 1 
Seq_Frame0115_ForcepToReference-SequenceTransformStatus = OK
Seq_Frame0115_Timestamp = 14.324
Seq_Frame0116_ForcepToReference-SequenceTransform =-0.480459 -0.867336 -0.12995 -88.178 0.869313 -0.490578 0.06023 272.692 -0.11599 -0.0840296 0.989689 37.6764 0 0 0 1 
Seq_Frame0116_ForcepToReference-SequenceTransformStatus = OK
Seq_Frame0116_Timestamp = 14.448
Seq_Frame0117_ForcepToReference-SequenceTransform =-0.387246 -0.919465 -0.068006 -86.5284 0.917887 -0.391418 0.0653842 282.457 -0.0867372 -0.037102 0.99554 39.3619 0 0 0 1 
Seq_Frame0117_ForcepToReference-SequenceTransformStatus = OK
Seq_Frame0117_Timestamp = 14.575
Seq_Frame0118_ForcepToReference-SequenceTransform =-0.351938 -0.93374 -0.0653376 -86.1148 0.932825 -0.355646 0.057914 289.955 -0.0773137 -0.0405664 0.996181 42.5475 0 0 0 1 
Seq_Frame0118_ForcepToReference-SequenceTransformStatus = OK
Seq_Frame0118_Timestamp = 14.701
Seq_Frame0119_ForcepToReference-SequenceTransform =-0.313201 -0.94897 -0.0368992 -86.3394 0.948882 -0.314299 0.0289822 293.764 -0.0391007 -0.0259357 0.998899 43.4572 0 0 0 1 
Seq_Frame0119_ForcepToReference-SequenceTransformStatus = OK
Seq_Frame0119_Timestamp = 14.81
Seq_Frame0120_ForcepToReference-SequenceTransform =-0.273645 -0.961807 -0.00673661 -86.455 0.961767 -0.273539 -0.0134167 297.167 0.0110615 -0.0101505 0.999887 45.0309 0 0 0 1 
Seq_Frame0120_ForcepToReference-SequenceTransformStatus = OK
Seq_Frame0120_Timestamp = 14.937
Seq_Frame0121_ForcepToReference-SequenceTransform =-0.236669 -0.971339 0.0220925 -88.7355 0.966181 -0.237687 -0.0999943 307.648 0.102379 -0.0023202 0.994743 54.7182 0 0 0 1 
Seq_Frame0121_ForcepToReference-SequenceTransformStatus = OK
Seq_Frame0121_Timestamp = 15.061
Seq_Frame0122_ForcepToReference-SequenceTransform =-0.210732 -0.976609 0.0427286 -88.2712 0.958191 -0.215018 -0.188778 315.157 0.193549 0.00116066 0.98109 63.1256 0 0 0 1 
Seq_Frame0122_ForcepToReference-SequenceTransformStatus = OK
Seq_Frame0122_Timestamp = 15.17
Seq_Frame0123_ForcepToReference-SequenceTransform =-0.213271 -0.976106 0.0416369 -89.7207 0.958744 -0.217295 -0.183281 316.761 0.187949 0.000830736 0.982178 65.0399 0 0 0 1 
Seq_Frame0123_ForcepToReference-SequenceTransformStatus = OK
Seq_Frame0123_Timestamp = 15.298
Seq_Frame0124_ForcepToReference-SequenceTransform =-0.207079 -0.97683 0.0540584 -92.4936 0.955536 -0.213803 -0.203073 320.196 0.209926 0.00960265 0.97767 66.4289 0 0 0 1 
Seq_Frame0124_ForcepToReference-SequenceTransformStatus = OK
Seq_Frame0124_Timestamp = 15.424
Seq_Frame0125_ForcepToReference-SequenceTransform =-0.191989 -0.978417 0.0764254 -93.7794 0.961248 -0.203175 -0.186339 320.642 0.197845 0.0376889 0.979509 67.4145 0 0 0 1 
Seq_Frame0125_ForcepToReference-SequenceTransformStatus = OK
Seq_Frame0125_Timestamp = 15.547
Seq_Frame0126_ForcepToReference-SequenceTransform =-0.155914 -0.982051 0.106147 -95.1231 0.952033 -0.178047 -0.248863 323.023 0.263295 0.0622548 0.962705 69.7741 0 0 0 1 
Seq_Frame0126_ForcepToReference-SequenceTransformStatus = OK
Seq_Frame0126_Timestamp = 15.673
Seq_Frame0127_ForcepToReference-SequenceTransform =-0.156385 -0.982255 0.103532 -95.7013 0.963597 -0.174743 -0.20235 323.312 0.216851 0.0681189 0.973825 69.2981 0 0 0 1 
Seq_Frame0127_ForcepToReference-SequenceTransformStatus = OK
Seq_Frame0127_Timestamp = 15.78
Seq_Frame0128_ForcepToReference-SequenceTransform =-0.121782 -0.984881 0.123199 -95.7879 0.958307 -0.148996 -0.24382 323.841 0.258489 0.0883692 0.961964 69.3843 0 0 0 1 
Seq_Frame0128_ForcepToReference-SequenceTransformStatus = OK
Seq_Frame0128_Timestamp = 15.894
Seq_Frame0129_ForcepToReference-SequenceTransform =-0.137255 -0.985388 0.100854 -95.8949 0.962533 -0.156721 -0.221289 324.686 0.233861 0.0667026 0.969979 68.8471 0 0 0 1 
Seq_Frame0129_ForcepToReference-SequenceTransformStatus = OK
Seq_Frame0129_Timestamp = 15.999
Seq_Frame0130_ForcepToReference-SequenceTransform =-0.126169 -0.985261 0.115512 -96.6381 0.957032 -0.15154 -0.247235 326.581 0.261096 0.0793552 0.962046 71.2073 0 0 0 1 
Seq_Frame0130_ForcepToReference-SequenceTransformStatus = OK
Seq_Frame0130_Timestamp = 16.111
Seq_Frame0131_ForcepToReference-SequenceTransform =-0.126235 -0.985964 0.109268 -96.3591 0.959131 -0.149429 -0.240288 327.596 0.253243 0.0744699 0.964532 71.9258 0 0 0 1 
Seq_Frame0131_ForcepToReference-SequenceTransformStatus = OK
Seq_Frame0131_Timestamp = 16.222
Seq_Frame0132_ForcepToReference-SequenceTransform =-0.124545 -0.985751 0.113064 -97.062 0.959602 -0.148641 -0.238894 328.849 0.252296 0.078743 0.964441 73.3776 0 0 0 1 
Seq_Frame0132_ForcepToReference-SequenceTransformStatus = OK
Seq_Frame0132_Timestamp = 16.347
Seq_Frame0133_ForcepToReference-SequenceTransform =-0.101414 -0.986533 0.128327 -96.6695 0.944634 -0.135953 -0.298636 330.387 0.312061 0.090936 0.9457 76.5357 0 0 0 1 
Seq_Frame0133_ForcepToReference-SequenceTransformStatus = OK
Seq_Frame0133_Timestamp = 16.475
Seq_Frame0134_ForcepToReference-SequenceTransform =-0.0871788 -0.985364 0.146486 -96.9545 0.942235 -0.129298 -0.308991 330.599 0.323409 0.111087 0.939716 77.0671 0 0 0 1 
Seq_Frame0134_ForcepToReference-SequenceTransformStatus = OK
Seq_Frame0134_Timestamp = 16.599
Seq_Frame0135_ForcepToReference-SequenceTransform =-0.0648335 -0.980128 0.187472 -95.9379 0.944792 -0.120759 -0.304607 330.998 0.321192 0.157373 0.933846 78.7937 0 0 0 1 
Seq_Frame0135_ForcepToReference-SequenceTransformStatus = OK
Seq_Frame0135_Timestamp = 16.724
Seq_Frame0136_ForcepToReference-SequenceTransform =-0.0541368 -0.981645 0.182874 -93.9063 0.952271 -0.105855 -0.286313 329.394 0.300415 0.158646 0.940522 76.3371 0 0 0 1 
Seq_Frame0136_ForcepToReference-SequenceTransformStatus = OK
Seq_Frame0136_Timestamp = 16.847
Seq_Frame0137_ForcepToReference-SequenceTransform =-0.0685224 -0.978444 0.194811 -96.303 0.954088 -0.121341 -0.273849 325.426 0.291584 0.167102 0.941836 73.302 0 0 0 1 
Seq_Frame0137_ForcepToReference-SequenceTransformStatus = OK
Seq_Frame0137_Timestamp = 16.96
Seq_Frame0138_ForcepToReference-SequenceTransform =-0.145603 -0.984443 0.0983457 -98.5057 0.977651 -0.158407 -0.138225 320.095 0.151653 0.0760218 0.985506 59.8144 0 0 0 1 
Seq_Frame0138_ForcepToReference-SequenceTransformStatus = OK
Seq_Frame0138_Timestamp = 17.07
Seq_Frame0139_ForcepToReference-SequenceTransform =-0.198951 -0.979565 0.029508 -99.021 0.977558 -0.200491 -0.0646841 315.331 0.0692784 0.0159768 0.997469 50.6877 0 0 0 1 
Seq_Frame0139_ForcepToReference-SequenceTransformStatus = OK
Seq_Frame0139_Timestamp = 17.177
Seq_Frame0140_ForcepToReference-SequenceTransform =-0.256814 -0.962896 -0.0829382 -95.8498 0.963567 -0.248463 -0.0990215 310.486 0.0747403 -0.105347 0.991623 43.6682 0 0 0 1 
Seq_Frame0140_ForcepToReference-SequenceTransformStatus = OK
Seq_Frame0140_Timestamp = 17.29
Seq_Frame0141_ForcepToReference-SequenceTransform =-0.296985 -0.940525 -0.164962 -94.8002 0.950974 -0.275708 -0.140121 305.617 0.0863058 -0.198488 0.976296 34.7905 0 0 0 1 
Seq_Frame0141_ForcepToReference-SequenceTransformStatus = OK
Seq_Frame0141_Timestamp = 17.415
Seq_Frame0142_ForcepToReference-SequenceTransform =-0.358962 -0.931258 -0.0624897 -98.0007 0.903433 -0.32986 -0.273865 301.033 0.234426 -0.154762 0.959736 40.766 0 0 0 1 
Seq_Frame0142_ForcepToReference-SequenceTransformStatus = OK
Seq_Frame0142_Timestamp = 17.54
Seq_Frame0143_ForcepToReference-SequenceTransform =-0.397458 -0.909335 -0.123036 -85.731 0.912557 -0.377629 -0.156962 271.315 0.0962691 -0.174663 0.979911 32.456 0 0 0 1 
Seq_Frame0143_ForcepToReference-SequenceTransformStatus = OK
Seq_Frame0143_Timestamp = 17.667
Seq_Frame0144_ForcepToReference-SequenceTransform =-0.574042 0.564604 0.593042 5.91542 -0.012002 0.718379 -0.695548 210.884 -0.818738 -0.406392 -0.405604 38.7381 0 0 0 1 
Seq_Frame0144_ForcepToReference-SequenceTransformStatus = OK
Seq_Frame0144_Timestamp = 17.992
Seq_Frame0145_ForcepToReference-SequenceTransform =0.123092 -0.909467 -0.397137 18.3541 0.934052 -0.0290162 0.355956 179.488 -0.335254 -0.414762 0.845918 31.5843 0 0 0 1 
Seq_Frame0145_ForcepToReference-SequenceTransformStatus = OK
Seq_Frame0145_Timestamp = 18.102
Seq_Frame0146_ForcepToReference-SequenceTransform =-0.560437 0.566796 0.603865 21.0846 -0.304375 0.537145 -0.786658 156.062 -0.770238 -0.624674 -0.128517 25.6707 0 0 0 1 
Seq_Frame0146_ForcepToReference-SequenceTransformStatus = OK
Seq_Frame0146_Timestamp = 18.202
Seq_Frame0147_ForcepToReference-SequenceTransform =-0.575866 0.573669 0.582479 24.5013 -0.313797 0.502803 -0.805432 144.627 -0.754924 -0.646601 -0.109532 32.3939 0 0 0 1 
Seq_Frame0147_ForcepToReference-SequenceTransformStatus = OK
Seq_Frame0147_Timestamp = 18.325
Seq_Frame0148_ForcepToReference-SequenceTransform =-0.55768 0.592107 0.581724 27.0421 -0.328968 0.485775 -0.809816 141.389 -0.762085 -0.642987 -0.0761224 31.461 0 0 0 1 
Seq_Frame0148_ForcepToReference-SequenceTransformStatus = OK
Seq_Frame0148_Timestamp = 18.436
Seq_Frame0149_ForcepToReference-SequenceTransform =-0.561283 0.598193 0.57195 26.8551 -0.294113 0.501795 -0.813449 145.06 -0.773601 -0.624793 -0.105712 34.7116 0 0 0 1 
Seq_Frame0149_ForcepToReference-SequenceTransformStatus = OK
Seq_Frame0149_Timestamp = 18.558
