ObjectType = Image
NDims = 3
AnatomicalOrientation = RAI
BinaryData = True
CompressedData = False
DimSize = 0 0 2065
ElementSpacing = 1 1 1
Offset = 0 0 0
TransformMatrix = 1 0 0 0 1 0 0 0 1
ElementType = MET_UCHAR
Kinds = domain domain list
Seq_Frame0000_DriverToReference-SequenceTransform =-0.852433 -0.496118 0.165 67.3263 -0.301367 0.724125 0.620339 64.3456 -0.427242 0.479072 -0.766782 68.1211 0 0 0 1 
Seq_Frame0000_DriverToReference-SequenceTransformStatus = OK
Seq_Frame0000_Timestamp = 0.00199986
Seq_Frame0001_DriverToReference-SequenceTransform =-0.852433 -0.496118 0.165 67.3263 -0.301367 0.724125 0.620339 64.3456 -0.427242 0.479072 -0.766782 68.1211 0 0 0 1 
Seq_Frame0001_DriverToReference-SequenceTransformStatus = OK
Seq_Frame0001_Timestamp = 0.113
Seq_Frame0002_DriverToReference-SequenceTransform =-0.852433 -0.496118 0.165 67.3263 -0.301367 0.724125 0.620339 64.3456 -0.427242 0.479072 -0.766782 68.1211 0 0 0 1 
Seq_Frame0002_DriverToReference-SequenceTransformStatus = OK
Seq_Frame0002_Timestamp = 0.224
Seq_Frame0003_DriverToReference-SequenceTransform =-0.852433 -0.496118 0.165 67.3263 -0.301367 0.724125 0.620339 64.3456 -0.427242 0.479072 -0.766782 68.1211 0 0 0 1 
Seq_Frame0003_DriverToReference-SequenceTransformStatus = OK
Seq_Frame0003_Timestamp = 0.333
Seq_Frame0004_DriverToReference-SequenceTransform =-0.852433 -0.496118 0.165 67.3263 -0.301367 0.724125 0.620339 64.3456 -0.427242 0.479072 -0.766782 68.1211 0 0 0 1 
Seq_Frame0004_DriverToReference-SequenceTransformStatus = OK
Seq_Frame0004_Timestamp = 0.445
Seq_Frame0005_DriverToReference-SequenceTransform =-0.852433 -0.496118 0.165 67.3263 -0.301367 0.724125 0.620339 64.3456 -0.427242 0.479072 -0.766782 68.1211 0 0 0 1 
Seq_Frame0005_DriverToReference-SequenceTransformStatus = OK
Seq_Frame0005_Timestamp = 0.548
Seq_Frame0006_DriverToReference-SequenceTransform =-0.852433 -0.496118 0.165 67.3263 -0.301367 0.724125 0.620339 64.3456 -0.427242 0.479072 -0.766782 68.1211 0 0 0 1 
Seq_Frame0006_DriverToReference-SequenceTransformStatus = OK
Seq_Frame0006_Timestamp = 0.654
Seq_Frame0007_DriverToReference-SequenceTransform =-0.852433 -0.496118 0.165 67.3263 -0.301367 0.724125 0.620339 64.3456 -0.427242 0.479072 -0.766782 68.1211 0 0 0 1 
Seq_Frame0007_DriverToReference-SequenceTransformStatus = OK
Seq_Frame0007_Timestamp = 0.763
Seq_Frame0008_DriverToReference-SequenceTransform =-0.852433 -0.496118 0.165 67.3263 -0.301367 0.724125 0.620339 64.3456 -0.427242 0.479072 -0.766782 68.1211 0 0 0 1 
Seq_Frame0008_DriverToReference-SequenceTransformStatus = OK
Seq_Frame0008_Timestamp = 0.989
Seq_Frame0009_DriverToReference-SequenceTransform =-0.852433 -0.496118 0.165 67.3263 -0.301367 0.724125 0.620339 64.3456 -0.427242 0.479072 -0.766782 68.1211 0 0 0 1 
Seq_Frame0009_DriverToReference-SequenceTransformStatus = OK
Seq_Frame0009_Timestamp = 1.094
Seq_Frame0010_DriverToReference-SequenceTransform =-0.852433 -0.496118 0.165 67.3263 -0.301367 0.724125 0.620339 64.3456 -0.427242 0.479072 -0.766782 68.1211 0 0 0 1 
Seq_Frame0010_DriverToReference-SequenceTransformStatus = OK
Seq_Frame0010_Timestamp = 1.204
Seq_Frame0011_DriverToReference-SequenceTransform =-0.852433 -0.496118 0.165 67.3263 -0.301367 0.724125 0.620339 64.3456 -0.427242 0.479072 -0.766782 68.1211 0 0 0 1 
Seq_Frame0011_DriverToReference-SequenceTransformStatus = OK
Seq_Frame0011_Timestamp = 1.32
Seq_Frame0012_DriverToReference-SequenceTransform =-0.852433 -0.496118 0.165 67.3263 -0.301367 0.724125 0.620339 64.3456 -0.427242 0.479072 -0.766782 68.1211 0 0 0 1 
Seq_Frame0012_DriverToReference-SequenceTransformStatus = OK
Seq_Frame0012_Timestamp = 1.441
Seq_Frame0013_DriverToReference-SequenceTransform =-0.852433 -0.496118 0.165 67.3263 -0.301367 0.724125 0.620339 64.3456 -0.427242 0.479072 -0.766782 68.1211 0 0 0 1 
Seq_Frame0013_DriverToReference-SequenceTransformStatus = OK
Seq_Frame0013_Timestamp = 1.554
Seq_Frame0014_DriverToReference-SequenceTransform =-0.852433 -0.496118 0.165 67.3263 -0.301367 0.724125 0.620339 64.3456 -0.427242 0.479072 -0.766782 68.1211 0 0 0 1 
Seq_Frame0014_DriverToReference-SequenceTransformStatus = OK
Seq_Frame0014_Timestamp = 1.672
Seq_Frame0015_DriverToReference-SequenceTransform =-0.852433 -0.496118 0.165 67.3263 -0.301367 0.724125 0.620339 64.3456 -0.427242 0.479072 -0.766782 68.1211 0 0 0 1 
Seq_Frame0015_DriverToReference-SequenceTransformStatus = OK
Seq_Frame0015_Timestamp = 1.784
Seq_Frame0016_DriverToReference-SequenceTransform =-0.852433 -0.496118 0.165 67.3263 -0.301367 0.724125 0.620339 64.3456 -0.427242 0.479072 -0.766782 68.1211 0 0 0 1 
Seq_Frame0016_DriverToReference-SequenceTransformStatus = OK
Seq_Frame0016_Timestamp = 1.895
Seq_Frame0017_DriverToReference-SequenceTransform =-0.852433 -0.496118 0.165 67.3263 -0.301367 0.724125 0.620339 64.3456 -0.427242 0.479072 -0.766782 68.1211 0 0 0 1 
Seq_Frame0017_DriverToReference-SequenceTransformStatus = OK
Seq_Frame0017_Timestamp = 1.999
Seq_Frame0018_DriverToReference-SequenceTransform =-0.852433 -0.496118 0.165 67.3263 -0.301367 0.724125 0.620339 64.3456 -0.427242 0.479072 -0.766782 68.1211 0 0 0 1 
Seq_Frame0018_DriverToReference-SequenceTransformStatus = OK
Seq_Frame0018_Timestamp = 2.109
Seq_Frame0019_DriverToReference-SequenceTransform =-0.852433 -0.496118 0.165 67.3263 -0.301367 0.724125 0.620339 64.3456 -0.427242 0.479072 -0.766782 68.1211 0 0 0 1 
Seq_Frame0019_DriverToReference-SequenceTransformStatus = OK
Seq_Frame0019_Timestamp = 2.214
Seq_Frame0020_DriverToReference-SequenceTransform =-0.852433 -0.496118 0.165 67.3263 -0.301367 0.724125 0.620339 64.3456 -0.427242 0.479072 -0.766782 68.1211 0 0 0 1 
Seq_Frame0020_DriverToReference-SequenceTransformStatus = OK
Seq_Frame0020_Timestamp = 2.321
Seq_Frame0021_DriverToReference-SequenceTransform =-0.852433 -0.496118 0.165 67.3263 -0.301367 0.724125 0.620339 64.3456 -0.427242 0.479072 -0.766782 68.1211 0 0 0 1 
Seq_Frame0021_DriverToReference-SequenceTransformStatus = OK
Seq_Frame0021_Timestamp = 2.428
Seq_Frame0022_DriverToReference-SequenceTransform =-0.852433 -0.496118 0.165 67.3263 -0.301367 0.724125 0.620339 64.3456 -0.427242 0.479072 -0.766782 68.1211 0 0 0 1 
Seq_Frame0022_DriverToReference-SequenceTransformStatus = OK
Seq_Frame0022_Timestamp = 2.534
Seq_Frame0023_DriverToReference-SequenceTransform =-0.852433 -0.496118 0.165 67.3263 -0.301367 0.724125 0.620339 64.3456 -0.427242 0.479072 -0.766782 68.1211 0 0 0 1 
Seq_Frame0023_DriverToReference-SequenceTransformStatus = OK
Seq_Frame0023_Timestamp = 2.639
Seq_Frame0024_DriverToReference-SequenceTransform =-0.852433 -0.496118 0.165 67.3263 -0.301367 0.724125 0.620339 64.3456 -0.427242 0.479072 -0.766782 68.1211 0 0 0 1 
Seq_Frame0024_DriverToReference-SequenceTransformStatus = OK
Seq_Frame0024_Timestamp = 2.749
Seq_Frame0025_DriverToReference-SequenceTransform =-0.852433 -0.496118 0.165 67.3263 -0.301367 0.724125 0.620339 64.3456 -0.427242 0.479072 -0.766782 68.1211 0 0 0 1 
Seq_Frame0025_DriverToReference-SequenceTransformStatus = OK
Seq_Frame0025_Timestamp = 2.851
Seq_Frame0026_DriverToReference-SequenceTransform =-0.852433 -0.496118 0.165 67.3263 -0.301367 0.724125 0.620339 64.3456 -0.427242 0.479072 -0.766782 68.1211 0 0 0 1 
Seq_Frame0026_DriverToReference-SequenceTransformStatus = OK
Seq_Frame0026_Timestamp = 2.963
Seq_Frame0027_DriverToReference-SequenceTransform =-0.852433 -0.496118 0.165 67.3263 -0.301367 0.724125 0.620339 64.3456 -0.427242 0.479072 -0.766782 68.1211 0 0 0 1 
Seq_Frame0027_DriverToReference-SequenceTransformStatus = OK
Seq_Frame0027_Timestamp = 3.069
Seq_Frame0028_DriverToReference-SequenceTransform =-0.852433 -0.496118 0.165 67.3263 -0.301367 0.724125 0.620339 64.3456 -0.427242 0.479072 -0.766782 68.1211 0 0 0 1 
Seq_Frame0028_DriverToReference-SequenceTransformStatus = OK
Seq_Frame0028_Timestamp = 3.179
Seq_Frame0029_DriverToReference-SequenceTransform =-0.852433 -0.496118 0.165 67.3263 -0.301367 0.724125 0.620339 64.3456 -0.427242 0.479072 -0.766782 68.1211 0 0 0 1 
Seq_Frame0029_DriverToReference-SequenceTransformStatus = OK
Seq_Frame0029_Timestamp = 3.284
Seq_Frame0030_DriverToReference-SequenceTransform =-0.852433 -0.496118 0.165 67.3263 -0.301367 0.724125 0.620339 64.3456 -0.427242 0.479072 -0.766782 68.1211 0 0 0 1 
Seq_Frame0030_DriverToReference-SequenceTransformStatus = OK
Seq_Frame0030_Timestamp = 3.394
Seq_Frame0031_DriverToReference-SequenceTransform =-0.852433 -0.496118 0.165 67.3263 -0.301367 0.724125 0.620339 64.3456 -0.427242 0.479072 -0.766782 68.1211 0 0 0 1 
Seq_Frame0031_DriverToReference-SequenceTransformStatus = OK
Seq_Frame0031_Timestamp = 3.499
Seq_Frame0032_DriverToReference-SequenceTransform =-0.852433 -0.496118 0.165 67.3263 -0.301367 0.724125 0.620339 64.3456 -0.427242 0.479072 -0.766782 68.1211 0 0 0 1 
Seq_Frame0032_DriverToReference-SequenceTransformStatus = OK
Seq_Frame0032_Timestamp = 3.608
Seq_Frame0033_DriverToReference-SequenceTransform =-0.852433 -0.496118 0.165 67.3263 -0.301367 0.724125 0.620339 64.3456 -0.427242 0.479072 -0.766782 68.1211 0 0 0 1 
Seq_Frame0033_DriverToReference-SequenceTransformStatus = OK
Seq_Frame0033_Timestamp = 3.714
Seq_Frame0034_DriverToReference-SequenceTransform =-0.852433 -0.496118 0.165 67.3263 -0.301367 0.724125 0.620339 64.3456 -0.427242 0.479072 -0.766782 68.1211 0 0 0 1 
Seq_Frame0034_DriverToReference-SequenceTransformStatus = OK
Seq_Frame0034_Timestamp = 3.819
Seq_Frame0035_DriverToReference-SequenceTransform =-0.852433 -0.496118 0.165 67.3263 -0.301367 0.724125 0.620339 64.3456 -0.427242 0.479072 -0.766782 68.1211 0 0 0 1 
Seq_Frame0035_DriverToReference-SequenceTransformStatus = OK
Seq_Frame0035_Timestamp = 3.924
Seq_Frame0036_DriverToReference-SequenceTransform =-0.852433 -0.496118 0.165 67.3263 -0.301367 0.724125 0.620339 64.3456 -0.427242 0.479072 -0.766782 68.1211 0 0 0 1 
Seq_Frame0036_DriverToReference-SequenceTransformStatus = OK
Seq_Frame0036_Timestamp = 4.034
Seq_Frame0037_DriverToReference-SequenceTransform =-0.852433 -0.496118 0.165 67.3263 -0.301367 0.724125 0.620339 64.3456 -0.427242 0.479072 -0.766782 68.1211 0 0 0 1 
Seq_Frame0037_DriverToReference-SequenceTransformStatus = OK
Seq_Frame0037_Timestamp = 4.139
Seq_Frame0038_DriverToReference-SequenceTransform =-0.852433 -0.496118 0.165 67.3263 -0.301367 0.724125 0.620339 64.3456 -0.427242 0.479072 -0.766782 68.1211 0 0 0 1 
Seq_Frame0038_DriverToReference-SequenceTransformStatus = OK
Seq_Frame0038_Timestamp = 4.25
Seq_Frame0039_DriverToReference-SequenceTransform =-0.852433 -0.496118 0.165 67.3263 -0.301367 0.724125 0.620339 64.3456 -0.427242 0.479072 -0.766782 68.1211 0 0 0 1 
Seq_Frame0039_DriverToReference-SequenceTransformStatus = OK
Seq_Frame0039_Timestamp = 4.353
Seq_Frame0040_DriverToReference-SequenceTransform =-0.852433 -0.496118 0.165 67.3263 -0.301367 0.724125 0.620339 64.3456 -0.427242 0.479072 -0.766782 68.1211 0 0 0 1 
Seq_Frame0040_DriverToReference-SequenceTransformStatus = OK
Seq_Frame0040_Timestamp = 4.459
Seq_Frame0041_DriverToReference-SequenceTransform =-0.852433 -0.496118 0.165 67.3263 -0.301367 0.724125 0.620339 64.3456 -0.427242 0.479072 -0.766782 68.1211 0 0 0 1 
Seq_Frame0041_DriverToReference-SequenceTransformStatus = OK
Seq_Frame0041_Timestamp = 4.564
Seq_Frame0042_DriverToReference-SequenceTransform =-0.852433 -0.496118 0.165 67.3263 -0.301367 0.724125 0.620339 64.3456 -0.427242 0.479072 -0.766782 68.1211 0 0 0 1 
Seq_Frame0042_DriverToReference-SequenceTransformStatus = OK
Seq_Frame0042_Timestamp = 4.669
Seq_Frame0043_DriverToReference-SequenceTransform =-0.852433 -0.496118 0.165 67.3263 -0.301367 0.724125 0.620339 64.3456 -0.427242 0.479072 -0.766782 68.1211 0 0 0 1 
Seq_Frame0043_DriverToReference-SequenceTransformStatus = OK
Seq_Frame0043_Timestamp = 4.777
Seq_Frame0044_DriverToReference-SequenceTransform =-0.852433 -0.496118 0.165 67.3263 -0.301367 0.724125 0.620339 64.3456 -0.427242 0.479072 -0.766782 68.1211 0 0 0 1 
Seq_Frame0044_DriverToReference-SequenceTransformStatus = OK
Seq_Frame0044_Timestamp = 4.884
Seq_Frame0045_DriverToReference-SequenceTransform =-0.852433 -0.496118 0.165 67.3263 -0.301367 0.724125 0.620339 64.3456 -0.427242 0.479072 -0.766782 68.1211 0 0 0 1 
Seq_Frame0045_DriverToReference-SequenceTransformStatus = OK
Seq_Frame0045_Timestamp = 4.993
Seq_Frame0046_DriverToReference-SequenceTransform =-0.852433 -0.496118 0.165 67.3263 -0.301367 0.724125 0.620339 64.3456 -0.427242 0.479072 -0.766782 68.1211 0 0 0 1 
Seq_Frame0046_DriverToReference-SequenceTransformStatus = OK
Seq_Frame0046_Timestamp = 5.099
Seq_Frame0047_DriverToReference-SequenceTransform =-0.852433 -0.496118 0.165 67.3263 -0.301367 0.724125 0.620339 64.3456 -0.427242 0.479072 -0.766782 68.1211 0 0 0 1 
Seq_Frame0047_DriverToReference-SequenceTransformStatus = OK
Seq_Frame0047_Timestamp = 5.206
Seq_Frame0048_DriverToReference-SequenceTransform =-0.852433 -0.496118 0.165 67.3263 -0.301367 0.724125 0.620339 64.3456 -0.427242 0.479072 -0.766782 68.1211 0 0 0 1 
Seq_Frame0048_DriverToReference-SequenceTransformStatus = OK
Seq_Frame0048_Timestamp = 5.317
Seq_Frame0049_DriverToReference-SequenceTransform =-0.852433 -0.496118 0.165 67.3263 -0.301367 0.724125 0.620339 64.3456 -0.427242 0.479072 -0.766782 68.1211 0 0 0 1 
Seq_Frame0049_DriverToReference-SequenceTransformStatus = OK
Seq_Frame0049_Timestamp = 5.419
Seq_Frame0050_DriverToReference-SequenceTransform =-0.852433 -0.496118 0.165 67.3263 -0.301367 0.724125 0.620339 64.3456 -0.427242 0.479072 -0.766782 68.1211 0 0 0 1 
Seq_Frame0050_DriverToReference-SequenceTransformStatus = OK
Seq_Frame0050_Timestamp = 5.525
Seq_Frame0051_DriverToReference-SequenceTransform =-0.852433 -0.496118 0.165 67.3263 -0.301367 0.724125 0.620339 64.3456 -0.427242 0.479072 -0.766782 68.1211 0 0 0 1 
Seq_Frame0051_DriverToReference-SequenceTransformStatus = OK
Seq_Frame0051_Timestamp = 5.634
Seq_Frame0052_DriverToReference-SequenceTransform =-0.852433 -0.496118 0.165 67.3263 -0.301367 0.724125 0.620339 64.3456 -0.427242 0.479072 -0.766782 68.1211 0 0 0 1 
Seq_Frame0052_DriverToReference-SequenceTransformStatus = OK
Seq_Frame0052_Timestamp = 5.739
Seq_Frame0053_DriverToReference-SequenceTransform =-0.852433 -0.496118 0.165 67.3263 -0.301367 0.724125 0.620339 64.3456 -0.427242 0.479072 -0.766782 68.1211 0 0 0 1 
Seq_Frame0053_DriverToReference-SequenceTransformStatus = OK
Seq_Frame0053_Timestamp = 5.842
Seq_Frame0054_DriverToReference-SequenceTransform =-0.852433 -0.496118 0.165 67.3263 -0.301367 0.724125 0.620339 64.3456 -0.427242 0.479072 -0.766782 68.1211 0 0 0 1 
Seq_Frame0054_DriverToReference-SequenceTransformStatus = OK
Seq_Frame0054_Timestamp = 5.948
Seq_Frame0055_DriverToReference-SequenceTransform =-0.852433 -0.496118 0.165 67.3263 -0.301367 0.724125 0.620339 64.3456 -0.427242 0.479072 -0.766782 68.1211 0 0 0 1 
Seq_Frame0055_DriverToReference-SequenceTransformStatus = OK
Seq_Frame0055_Timestamp = 6.059
Seq_Frame0056_DriverToReference-SequenceTransform =-0.852433 -0.496118 0.165 67.3263 -0.301367 0.724125 0.620339 64.3456 -0.427242 0.479072 -0.766782 68.1211 0 0 0 1 
Seq_Frame0056_DriverToReference-SequenceTransformStatus = OK
Seq_Frame0056_Timestamp = 6.164
Seq_Frame0057_DriverToReference-SequenceTransform =-0.852433 -0.496118 0.165 67.3263 -0.301367 0.724125 0.620339 64.3456 -0.427242 0.479072 -0.766782 68.1211 0 0 0 1 
Seq_Frame0057_DriverToReference-SequenceTransformStatus = OK
Seq_Frame0057_Timestamp = 6.268
Seq_Frame0058_DriverToReference-SequenceTransform =-0.852433 -0.496118 0.165 67.3263 -0.301367 0.724125 0.620339 64.3456 -0.427242 0.479072 -0.766782 68.1211 0 0 0 1 
Seq_Frame0058_DriverToReference-SequenceTransformStatus = OK
Seq_Frame0058_Timestamp = 6.374
Seq_Frame0059_DriverToReference-SequenceTransform =-0.852433 -0.496118 0.165 67.3263 -0.301367 0.724125 0.620339 64.3456 -0.427242 0.479072 -0.766782 68.1211 0 0 0 1 
Seq_Frame0059_DriverToReference-SequenceTransformStatus = OK
Seq_Frame0059_Timestamp = 6.479
Seq_Frame0060_DriverToReference-SequenceTransform =-0.852433 -0.496118 0.165 67.3263 -0.301367 0.724125 0.620339 64.3456 -0.427242 0.479072 -0.766782 68.1211 0 0 0 1 
Seq_Frame0060_DriverToReference-SequenceTransformStatus = OK
Seq_Frame0060_Timestamp = 6.589
Seq_Frame0061_DriverToReference-SequenceTransform =-0.852433 -0.496118 0.165 67.3263 -0.301367 0.724125 0.620339 64.3456 -0.427242 0.479072 -0.766782 68.1211 0 0 0 1 
Seq_Frame0061_DriverToReference-SequenceTransformStatus = OK
Seq_Frame0061_Timestamp = 6.697
Seq_Frame0062_DriverToReference-SequenceTransform =-0.852433 -0.496118 0.165 67.3263 -0.301367 0.724125 0.620339 64.3456 -0.427242 0.479072 -0.766782 68.1211 0 0 0 1 
Seq_Frame0062_DriverToReference-SequenceTransformStatus = OK
Seq_Frame0062_Timestamp = 6.802
Seq_Frame0063_DriverToReference-SequenceTransform =-0.852433 -0.496118 0.165 67.3263 -0.301367 0.724125 0.620339 64.3456 -0.427242 0.479072 -0.766782 68.1211 0 0 0 1 
Seq_Frame0063_DriverToReference-SequenceTransformStatus = OK
Seq_Frame0063_Timestamp = 6.909
Seq_Frame0064_DriverToReference-SequenceTransform =-0.852433 -0.496118 0.165 67.3263 -0.301367 0.724125 0.620339 64.3456 -0.427242 0.479072 -0.766782 68.1211 0 0 0 1 
Seq_Frame0064_DriverToReference-SequenceTransformStatus = OK
Seq_Frame0064_Timestamp = 7.014
Seq_Frame0065_DriverToReference-SequenceTransform =-0.852433 -0.496118 0.165 67.3263 -0.301367 0.724125 0.620339 64.3456 -0.427242 0.479072 -0.766782 68.1211 0 0 0 1 
Seq_Frame0065_DriverToReference-SequenceTransformStatus = OK
Seq_Frame0065_Timestamp = 7.124
Seq_Frame0066_DriverToReference-SequenceTransform =-0.852433 -0.496118 0.165 67.3263 -0.301367 0.724125 0.620339 64.3456 -0.427242 0.479072 -0.766782 68.1211 0 0 0 1 
Seq_Frame0066_DriverToReference-SequenceTransformStatus = OK
Seq_Frame0066_Timestamp = 7.226
Seq_Frame0067_DriverToReference-SequenceTransform =-0.852433 -0.496118 0.165 67.3263 -0.301367 0.724125 0.620339 64.3456 -0.427242 0.479072 -0.766782 68.1211 0 0 0 1 
Seq_Frame0067_DriverToReference-SequenceTransformStatus = OK
Seq_Frame0067_Timestamp = 7.33
Seq_Frame0068_DriverToReference-SequenceTransform =-0.852433 -0.496118 0.165 67.3263 -0.301367 0.724125 0.620339 64.3456 -0.427242 0.479072 -0.766782 68.1211 0 0 0 1 
Seq_Frame0068_DriverToReference-SequenceTransformStatus = OK
Seq_Frame0068_Timestamp = 7.439
Seq_Frame0069_DriverToReference-SequenceTransform =-0.852433 -0.496118 0.165 67.3263 -0.301367 0.724125 0.620339 64.3456 -0.427242 0.479072 -0.766782 68.1211 0 0 0 1 
Seq_Frame0069_DriverToReference-SequenceTransformStatus = OK
Seq_Frame0069_Timestamp = 7.545
Seq_Frame0070_DriverToReference-SequenceTransform =-0.852433 -0.496118 0.165 67.3263 -0.301367 0.724125 0.620339 64.3456 -0.427242 0.479072 -0.766782 68.1211 0 0 0 1 
Seq_Frame0070_DriverToReference-SequenceTransformStatus = OK
Seq_Frame0070_Timestamp = 7.649
Seq_Frame0071_DriverToReference-SequenceTransform =-0.852433 -0.496118 0.165 67.3263 -0.301367 0.724125 0.620339 64.3456 -0.427242 0.479072 -0.766782 68.1211 0 0 0 1 
Seq_Frame0071_DriverToReference-SequenceTransformStatus = OK
Seq_Frame0071_Timestamp = 7.76
Seq_Frame0072_DriverToReference-SequenceTransform =-0.852433 -0.496118 0.165 67.3263 -0.301367 0.724125 0.620339 64.3456 -0.427242 0.479072 -0.766782 68.1211 0 0 0 1 
Seq_Frame0072_DriverToReference-SequenceTransformStatus = OK
Seq_Frame0072_Timestamp = 7.864
Seq_Frame0073_DriverToReference-SequenceTransform =-0.852433 -0.496118 0.165 67.3263 -0.301367 0.724125 0.620339 64.3456 -0.427242 0.479072 -0.766782 68.1211 0 0 0 1 
Seq_Frame0073_DriverToReference-SequenceTransformStatus = OK
Seq_Frame0073_Timestamp = 7.968
Seq_Frame0074_DriverToReference-SequenceTransform =-0.852433 -0.496118 0.165 67.3263 -0.301367 0.724125 0.620339 64.3456 -0.427242 0.479072 -0.766782 68.1211 0 0 0 1 
Seq_Frame0074_DriverToReference-SequenceTransformStatus = OK
Seq_Frame0074_Timestamp = 8.078
Seq_Frame0075_DriverToReference-SequenceTransform =-0.852433 -0.496118 0.165 67.3263 -0.301367 0.724125 0.620339 64.3456 -0.427242 0.479072 -0.766782 68.1211 0 0 0 1 
Seq_Frame0075_DriverToReference-SequenceTransformStatus = OK
Seq_Frame0075_Timestamp = 8.189
Seq_Frame0076_DriverToReference-SequenceTransform =-0.852433 -0.496118 0.165 67.3263 -0.301367 0.724125 0.620339 64.3456 -0.427242 0.479072 -0.766782 68.1211 0 0 0 1 
Seq_Frame0076_DriverToReference-SequenceTransformStatus = OK
Seq_Frame0076_Timestamp = 8.295
Seq_Frame0077_DriverToReference-SequenceTransform =-0.852433 -0.496118 0.165 67.3263 -0.301367 0.724125 0.620339 64.3456 -0.427242 0.479072 -0.766782 68.1211 0 0 0 1 
Seq_Frame0077_DriverToReference-SequenceTransformStatus = OK
Seq_Frame0077_Timestamp = 8.399
Seq_Frame0078_DriverToReference-SequenceTransform =-0.852433 -0.496118 0.165 67.3263 -0.301367 0.724125 0.620339 64.3456 -0.427242 0.479072 -0.766782 68.1211 0 0 0 1 
Seq_Frame0078_DriverToReference-SequenceTransformStatus = OK
Seq_Frame0078_Timestamp = 8.501
Seq_Frame0079_DriverToReference-SequenceTransform =-0.852433 -0.496118 0.165 67.3263 -0.301367 0.724125 0.620339 64.3456 -0.427242 0.479072 -0.766782 68.1211 0 0 0 1 
Seq_Frame0079_DriverToReference-SequenceTransformStatus = OK
Seq_Frame0079_Timestamp = 8.609
Seq_Frame0080_DriverToReference-SequenceTransform =-0.852433 -0.496118 0.165 67.3263 -0.301367 0.724125 0.620339 64.3456 -0.427242 0.479072 -0.766782 68.1211 0 0 0 1 
Seq_Frame0080_DriverToReference-SequenceTransformStatus = OK
Seq_Frame0080_Timestamp = 8.714
Seq_Frame0081_DriverToReference-SequenceTransform =-0.852433 -0.496118 0.165 67.3263 -0.301367 0.724125 0.620339 64.3456 -0.427242 0.479072 -0.766782 68.1211 0 0 0 1 
Seq_Frame0081_DriverToReference-SequenceTransformStatus = OK
Seq_Frame0081_Timestamp = 8.819
Seq_Frame0082_DriverToReference-SequenceTransform =-0.852433 -0.496118 0.165 67.3263 -0.301367 0.724125 0.620339 64.3456 -0.427242 0.479072 -0.766782 68.1211 0 0 0 1 
Seq_Frame0082_DriverToReference-SequenceTransformStatus = OK
Seq_Frame0082_Timestamp = 8.924
Seq_Frame0083_DriverToReference-SequenceTransform =-0.852433 -0.496118 0.165 67.3263 -0.301367 0.724125 0.620339 64.3456 -0.427242 0.479072 -0.766782 68.1211 0 0 0 1 
Seq_Frame0083_DriverToReference-SequenceTransformStatus = OK
Seq_Frame0083_Timestamp = 9.034
Seq_Frame0084_DriverToReference-SequenceTransform =-0.852433 -0.496118 0.165 67.3263 -0.301367 0.724125 0.620339 64.3456 -0.427242 0.479072 -0.766782 68.1211 0 0 0 1 
Seq_Frame0084_DriverToReference-SequenceTransformStatus = OK
Seq_Frame0084_Timestamp = 9.139
Seq_Frame0085_DriverToReference-SequenceTransform =-0.852433 -0.496118 0.165 67.3263 -0.301367 0.724125 0.620339 64.3456 -0.427242 0.479072 -0.766782 68.1211 0 0 0 1 
Seq_Frame0085_DriverToReference-SequenceTransformStatus = OK
Seq_Frame0085_Timestamp = 9.249
Seq_Frame0086_DriverToReference-SequenceTransform =-0.852433 -0.496118 0.165 67.3263 -0.301367 0.724125 0.620339 64.3456 -0.427242 0.479072 -0.766782 68.1211 0 0 0 1 
Seq_Frame0086_DriverToReference-SequenceTransformStatus = OK
Seq_Frame0086_Timestamp = 9.35
Seq_Frame0087_DriverToReference-SequenceTransform =-0.852433 -0.496118 0.165 67.3263 -0.301367 0.724125 0.620339 64.3456 -0.427242 0.479072 -0.766782 68.1211 0 0 0 1 
Seq_Frame0087_DriverToReference-SequenceTransformStatus = OK
Seq_Frame0087_Timestamp = 9.459
Seq_Frame0088_DriverToReference-SequenceTransform =-0.852433 -0.496118 0.165 67.3263 -0.301367 0.724125 0.620339 64.3456 -0.427242 0.479072 -0.766782 68.1211 0 0 0 1 
Seq_Frame0088_DriverToReference-SequenceTransformStatus = OK
Seq_Frame0088_Timestamp = 9.564
Seq_Frame0089_DriverToReference-SequenceTransform =-0.852433 -0.496118 0.165 67.3263 -0.301367 0.724125 0.620339 64.3456 -0.427242 0.479072 -0.766782 68.1211 0 0 0 1 
Seq_Frame0089_DriverToReference-SequenceTransformStatus = OK
Seq_Frame0089_Timestamp = 9.667
Seq_Frame0090_DriverToReference-SequenceTransform =-0.852433 -0.496118 0.165 67.3263 -0.301367 0.724125 0.620339 64.3456 -0.427242 0.479072 -0.766782 68.1211 0 0 0 1 
Seq_Frame0090_DriverToReference-SequenceTransformStatus = OK
Seq_Frame0090_Timestamp = 9.775
Seq_Frame0091_DriverToReference-SequenceTransform =-0.852433 -0.496118 0.165 67.3263 -0.301367 0.724125 0.620339 64.3456 -0.427242 0.479072 -0.766782 68.1211 0 0 0 1 
Seq_Frame0091_DriverToReference-SequenceTransformStatus = OK
Seq_Frame0091_Timestamp = 9.879
Seq_Frame0092_DriverToReference-SequenceTransform =-0.852433 -0.496118 0.165 67.3263 -0.301367 0.724125 0.620339 64.3456 -0.427242 0.479072 -0.766782 68.1211 0 0 0 1 
Seq_Frame0092_DriverToReference-SequenceTransformStatus = OK
Seq_Frame0092_Timestamp = 9.988
Seq_Frame0093_DriverToReference-SequenceTransform =-0.852433 -0.496118 0.165 67.3263 -0.301367 0.724125 0.620339 64.3456 -0.427242 0.479072 -0.766782 68.1211 0 0 0 1 
Seq_Frame0093_DriverToReference-SequenceTransformStatus = OK
Seq_Frame0093_Timestamp = 10.092
Seq_Frame0094_DriverToReference-SequenceTransform =-0.852433 -0.496118 0.165 67.3263 -0.301367 0.724125 0.620339 64.3456 -0.427242 0.479072 -0.766782 68.1211 0 0 0 1 
Seq_Frame0094_DriverToReference-SequenceTransformStatus = OK
Seq_Frame0094_Timestamp = 10.201
Seq_Frame0095_DriverToReference-SequenceTransform =-0.852433 -0.496118 0.165 67.3263 -0.301367 0.724125 0.620339 64.3456 -0.427242 0.479072 -0.766782 68.1211 0 0 0 1 
Seq_Frame0095_DriverToReference-SequenceTransformStatus = OK
Seq_Frame0095_Timestamp = 10.308
Seq_Frame0096_DriverToReference-SequenceTransform =-0.852433 -0.496118 0.165 67.3263 -0.301367 0.724125 0.620339 64.3456 -0.427242 0.479072 -0.766782 68.1211 0 0 0 1 
Seq_Frame0096_DriverToReference-SequenceTransformStatus = OK
Seq_Frame0096_Timestamp = 10.419
Seq_Frame0097_DriverToReference-SequenceTransform =-0.852433 -0.496118 0.165 67.3263 -0.301367 0.724125 0.620339 64.3456 -0.427242 0.479072 -0.766782 68.1211 0 0 0 1 
Seq_Frame0097_DriverToReference-SequenceTransformStatus = OK
Seq_Frame0097_Timestamp = 10.524
Seq_Frame0098_DriverToReference-SequenceTransform =-0.852433 -0.496118 0.165 67.3263 -0.301367 0.724125 0.620339 64.3456 -0.427242 0.479072 -0.766782 68.1211 0 0 0 1 
Seq_Frame0098_DriverToReference-SequenceTransformStatus = OK
Seq_Frame0098_Timestamp = 10.629
Seq_Frame0099_DriverToReference-SequenceTransform =-0.852433 -0.496118 0.165 67.3263 -0.301367 0.724125 0.620339 64.3456 -0.427242 0.479072 -0.766782 68.1211 0 0 0 1 
Seq_Frame0099_DriverToReference-SequenceTransformStatus = OK
Seq_Frame0099_Timestamp = 10.734
Seq_Frame0100_DriverToReference-SequenceTransform =-0.852433 -0.496118 0.165 67.3263 -0.301367 0.724125 0.620339 64.3456 -0.427242 0.479072 -0.766782 68.1211 0 0 0 1 
Seq_Frame0100_DriverToReference-SequenceTransformStatus = OK
Seq_Frame0100_Timestamp = 10.844
Seq_Frame0101_DriverToReference-SequenceTransform =-0.852433 -0.496118 0.165 67.3263 -0.301367 0.724125 0.620339 64.3456 -0.427242 0.479072 -0.766782 68.1211 0 0 0 1 
Seq_Frame0101_DriverToReference-SequenceTransformStatus = OK
Seq_Frame0101_Timestamp = 10.949
Seq_Frame0102_DriverToReference-SequenceTransform =-0.852433 -0.496118 0.165 67.3263 -0.301367 0.724125 0.620339 64.3456 -0.427242 0.479072 -0.766782 68.1211 0 0 0 1 
Seq_Frame0102_DriverToReference-SequenceTransformStatus = OK
Seq_Frame0102_Timestamp = 11.059
Seq_Frame0103_DriverToReference-SequenceTransform =-0.852433 -0.496118 0.165 67.3263 -0.301367 0.724125 0.620339 64.3456 -0.427242 0.479072 -0.766782 68.1211 0 0 0 1 
Seq_Frame0103_DriverToReference-SequenceTransformStatus = OK
Seq_Frame0103_Timestamp = 11.163
Seq_Frame0104_DriverToReference-SequenceTransform =-0.852433 -0.496118 0.165 67.3263 -0.301367 0.724125 0.620339 64.3456 -0.427242 0.479072 -0.766782 68.1211 0 0 0 1 
Seq_Frame0104_DriverToReference-SequenceTransformStatus = OK
Seq_Frame0104_Timestamp = 11.275
Seq_Frame0105_DriverToReference-SequenceTransform =-0.852433 -0.496118 0.165 67.3263 -0.301367 0.724125 0.620339 64.3456 -0.427242 0.479072 -0.766782 68.1211 0 0 0 1 
Seq_Frame0105_DriverToReference-SequenceTransformStatus = OK
Seq_Frame0105_Timestamp = 11.379
Seq_Frame0106_DriverToReference-SequenceTransform =-0.852433 -0.496118 0.165 67.3263 -0.301367 0.724125 0.620339 64.3456 -0.427242 0.479072 -0.766782 68.1211 0 0 0 1 
Seq_Frame0106_DriverToReference-SequenceTransformStatus = OK
Seq_Frame0106_Timestamp = 11.484
Seq_Frame0107_DriverToReference-SequenceTransform =-0.852433 -0.496118 0.165 67.3263 -0.301367 0.724125 0.620339 64.3456 -0.427242 0.479072 -0.766782 68.1211 0 0 0 1 
Seq_Frame0107_DriverToReference-SequenceTransformStatus = OK
Seq_Frame0107_Timestamp = 11.589
Seq_Frame0108_DriverToReference-SequenceTransform =-0.852433 -0.496118 0.165 67.3263 -0.301367 0.724125 0.620339 64.3456 -0.427242 0.479072 -0.766782 68.1211 0 0 0 1 
Seq_Frame0108_DriverToReference-SequenceTransformStatus = OK
Seq_Frame0108_Timestamp = 11.694
Seq_Frame0109_DriverToReference-SequenceTransform =-0.852433 -0.496118 0.165 67.3263 -0.301367 0.724125 0.620339 64.3456 -0.427242 0.479072 -0.766782 68.1211 0 0 0 1 
Seq_Frame0109_DriverToReference-SequenceTransformStatus = OK
Seq_Frame0109_Timestamp = 11.802
Seq_Frame0110_DriverToReference-SequenceTransform =-0.852433 -0.496118 0.165 67.3263 -0.301367 0.724125 0.620339 64.3456 -0.427242 0.479072 -0.766782 68.1211 0 0 0 1 
Seq_Frame0110_DriverToReference-SequenceTransformStatus = OK
Seq_Frame0110_Timestamp = 11.902
Seq_Frame0111_DriverToReference-SequenceTransform =-0.852433 -0.496118 0.165 67.3263 -0.301367 0.724125 0.620339 64.3456 -0.427242 0.479072 -0.766782 68.1211 0 0 0 1 
Seq_Frame0111_DriverToReference-SequenceTransformStatus = OK
Seq_Frame0111_Timestamp = 12.01
Seq_Frame0112_DriverToReference-SequenceTransform =-0.852433 -0.496118 0.165 67.3263 -0.301367 0.724125 0.620339 64.3456 -0.427242 0.479072 -0.766782 68.1211 0 0 0 1 
Seq_Frame0112_DriverToReference-SequenceTransformStatus = OK
Seq_Frame0112_Timestamp = 12.116
Seq_Frame0113_DriverToReference-SequenceTransform =-0.852433 -0.496118 0.165 67.3263 -0.301367 0.724125 0.620339 64.3456 -0.427242 0.479072 -0.766782 68.1211 0 0 0 1 
Seq_Frame0113_DriverToReference-SequenceTransformStatus = OK
Seq_Frame0113_Timestamp = 12.217
Seq_Frame0114_DriverToReference-SequenceTransform =-0.852433 -0.496118 0.165 67.3263 -0.301367 0.724125 0.620339 64.3456 -0.427242 0.479072 -0.766782 68.1211 0 0 0 1 
Seq_Frame0114_DriverToReference-SequenceTransformStatus = OK
Seq_Frame0114_Timestamp = 12.317
Seq_Frame0115_DriverToReference-SequenceTransform =-0.852433 -0.496118 0.165 67.3263 -0.301367 0.724125 0.620339 64.3456 -0.427242 0.479072 -0.766782 68.1211 0 0 0 1 
Seq_Frame0115_DriverToReference-SequenceTransformStatus = OK
Seq_Frame0115_Timestamp = 12.426
Seq_Frame0116_DriverToReference-SequenceTransform =-0.852433 -0.496118 0.165 67.3263 -0.301367 0.724125 0.620339 64.3456 -0.427242 0.479072 -0.766782 68.1211 0 0 0 1 
Seq_Frame0116_DriverToReference-SequenceTransformStatus = OK
Seq_Frame0116_Timestamp = 12.536
Seq_Frame0117_DriverToReference-SequenceTransform =-0.852433 -0.496118 0.165 67.3263 -0.301367 0.724125 0.620339 64.3456 -0.427242 0.479072 -0.766782 68.1211 0 0 0 1 
Seq_Frame0117_DriverToReference-SequenceTransformStatus = OK
Seq_Frame0117_Timestamp = 12.647
Seq_Frame0118_DriverToReference-SequenceTransform =-0.852433 -0.496118 0.165 67.3263 -0.301367 0.724125 0.620339 64.3456 -0.427242 0.479072 -0.766782 68.1211 0 0 0 1 
Seq_Frame0118_DriverToReference-SequenceTransformStatus = OK
Seq_Frame0118_Timestamp = 12.773
Seq_Frame0119_DriverToReference-SequenceTransform =-0.852433 -0.496118 0.165 67.3263 -0.301367 0.724125 0.620339 64.3456 -0.427242 0.479072 -0.766782 68.1211 0 0 0 1 
Seq_Frame0119_DriverToReference-SequenceTransformStatus = OK
Seq_Frame0119_Timestamp = 12.898
Seq_Frame0120_DriverToReference-SequenceTransform =-0.852433 -0.496118 0.165 67.3263 -0.301367 0.724125 0.620339 64.3456 -0.427242 0.479072 -0.766782 68.1211 0 0 0 1 
Seq_Frame0120_DriverToReference-SequenceTransformStatus = OK
Seq_Frame0120_Timestamp = 13.025
Seq_Frame0121_DriverToReference-SequenceTransform =-0.852433 -0.496118 0.165 67.3263 -0.301367 0.724125 0.620339 64.3456 -0.427242 0.479072 -0.766782 68.1211 0 0 0 1 
Seq_Frame0121_DriverToReference-SequenceTransformStatus = OK
Seq_Frame0121_Timestamp = 13.15
Seq_Frame0122_DriverToReference-SequenceTransform =-0.852433 -0.496118 0.165 67.3263 -0.301367 0.724125 0.620339 64.3456 -0.427242 0.479072 -0.766782 68.1211 0 0 0 1 
Seq_Frame0122_DriverToReference-SequenceTransformStatus = OK
Seq_Frame0122_Timestamp = 13.276
Seq_Frame0123_DriverToReference-SequenceTransform =-0.852433 -0.496118 0.165 67.3263 -0.301367 0.724125 0.620339 64.3456 -0.427242 0.479072 -0.766782 68.1211 0 0 0 1 
Seq_Frame0123_DriverToReference-SequenceTransformStatus = OK
Seq_Frame0123_Timestamp = 13.401
Seq_Frame0124_DriverToReference-SequenceTransform =-0.852433 -0.496118 0.165 67.3263 -0.301367 0.724125 0.620339 64.3456 -0.427242 0.479072 -0.766782 68.1211 0 0 0 1 
Seq_Frame0124_DriverToReference-SequenceTransformStatus = OK
Seq_Frame0124_Timestamp = 13.527
Seq_Frame0125_DriverToReference-SequenceTransform =-0.852433 -0.496118 0.165 67.3263 -0.301367 0.724125 0.620339 64.3456 -0.427242 0.479072 -0.766782 68.1211 0 0 0 1 
Seq_Frame0125_DriverToReference-SequenceTransformStatus = OK
Seq_Frame0125_Timestamp = 13.654
Seq_Frame0126_DriverToReference-SequenceTransform =-0.852433 -0.496118 0.165 67.3263 -0.301367 0.724125 0.620339 64.3456 -0.427242 0.479072 -0.766782 68.1211 0 0 0 1 
Seq_Frame0126_DriverToReference-SequenceTransformStatus = OK
Seq_Frame0126_Timestamp = 13.779
Seq_Frame0127_DriverToReference-SequenceTransform =-0.852433 -0.496118 0.165 67.3263 -0.301367 0.724125 0.620339 64.3456 -0.427242 0.479072 -0.766782 68.1211 0 0 0 1 
Seq_Frame0127_DriverToReference-SequenceTransformStatus = OK
Seq_Frame0127_Timestamp = 13.9
Seq_Frame0128_DriverToReference-SequenceTransform =-0.852433 -0.496118 0.165 67.3263 -0.301367 0.724125 0.620339 64.3456 -0.427242 0.479072 -0.766782 68.1211 0 0 0 1 
Seq_Frame0128_DriverToReference-SequenceTransformStatus = OK
Seq_Frame0128_Timestamp = 14.008
Seq_Frame0129_DriverToReference-SequenceTransform =-0.852433 -0.496118 0.165 67.3263 -0.301367 0.724125 0.620339 64.3456 -0.427242 0.479072 -0.766782 68.1211 0 0 0 1 
Seq_Frame0129_DriverToReference-SequenceTransformStatus = OK
Seq_Frame0129_Timestamp = 14.134
Seq_Frame0130_DriverToReference-SequenceTransform =-0.852433 -0.496118 0.165 67.3263 -0.301367 0.724125 0.620339 64.3456 -0.427242 0.479072 -0.766782 68.1211 0 0 0 1 
Seq_Frame0130_DriverToReference-SequenceTransformStatus = OK
Seq_Frame0130_Timestamp = 14.234
Seq_Frame0131_DriverToReference-SequenceTransform =-0.852433 -0.496118 0.165 67.3263 -0.301367 0.724125 0.620339 64.3456 -0.427242 0.479072 -0.766782 68.1211 0 0 0 1 
Seq_Frame0131_DriverToReference-SequenceTransformStatus = OK
Seq_Frame0131_Timestamp = 14.359
Seq_Frame0132_DriverToReference-SequenceTransform =-0.852433 -0.496118 0.165 67.3263 -0.301367 0.724125 0.620339 64.3456 -0.427242 0.479072 -0.766782 68.1211 0 0 0 1 
Seq_Frame0132_DriverToReference-SequenceTransformStatus = OK
Seq_Frame0132_Timestamp = 14.492
Seq_Frame0133_DriverToReference-SequenceTransform =-0.852433 -0.496118 0.165 67.3263 -0.301367 0.724125 0.620339 64.3456 -0.427242 0.479072 -0.766782 68.1211 0 0 0 1 
Seq_Frame0133_DriverToReference-SequenceTransformStatus = OK
Seq_Frame0133_Timestamp = 14.597
Seq_Frame0134_DriverToReference-SequenceTransform =-0.852433 -0.496118 0.165 67.3263 -0.301367 0.724125 0.620339 64.3456 -0.427242 0.479072 -0.766782 68.1211 0 0 0 1 
Seq_Frame0134_DriverToReference-SequenceTransformStatus = OK
Seq_Frame0134_Timestamp = 14.716
Seq_Frame0135_DriverToReference-SequenceTransform =-0.852433 -0.496118 0.165 67.3263 -0.301367 0.724125 0.620339 64.3456 -0.427242 0.479072 -0.766782 68.1211 0 0 0 1 
Seq_Frame0135_DriverToReference-SequenceTransformStatus = OK
Seq_Frame0135_Timestamp = 14.847
Seq_Frame0136_DriverToReference-SequenceTransform =-0.852433 -0.496118 0.165 67.3263 -0.301367 0.724125 0.620339 64.3456 -0.427242 0.479072 -0.766782 68.1211 0 0 0 1 
Seq_Frame0136_DriverToReference-SequenceTransformStatus = OK
Seq_Frame0136_Timestamp = 14.968
Seq_Frame0137_DriverToReference-SequenceTransform =-0.852433 -0.496118 0.165 67.3263 -0.301367 0.724125 0.620339 64.3456 -0.427242 0.479072 -0.766782 68.1211 0 0 0 1 
Seq_Frame0137_DriverToReference-SequenceTransformStatus = OK
Seq_Frame0137_Timestamp = 15.094
Seq_Frame0138_DriverToReference-SequenceTransform =-0.852433 -0.496118 0.165 67.3263 -0.301367 0.724125 0.620339 64.3456 -0.427242 0.479072 -0.766782 68.1211 0 0 0 1 
Seq_Frame0138_DriverToReference-SequenceTransformStatus = OK
Seq_Frame0138_Timestamp = 15.206
Seq_Frame0139_DriverToReference-SequenceTransform =-0.852433 -0.496118 0.165 67.3263 -0.301367 0.724125 0.620339 64.3456 -0.427242 0.479072 -0.766782 68.1211 0 0 0 1 
Seq_Frame0139_DriverToReference-SequenceTransformStatus = OK
Seq_Frame0139_Timestamp = 15.324
Seq_Frame0140_DriverToReference-SequenceTransform =-0.852433 -0.496118 0.165 67.3263 -0.301367 0.724125 0.620339 64.3456 -0.427242 0.479072 -0.766782 68.1211 0 0 0 1 
Seq_Frame0140_DriverToReference-SequenceTransformStatus = OK
Seq_Frame0140_Timestamp = 15.449
Seq_Frame0141_DriverToReference-SequenceTransform =-0.852433 -0.496118 0.165 67.3263 -0.301367 0.724125 0.620339 64.3456 -0.427242 0.479072 -0.766782 68.1211 0 0 0 1 
Seq_Frame0141_DriverToReference-SequenceTransformStatus = OK
Seq_Frame0141_Timestamp = 15.556
Seq_Frame0142_DriverToReference-SequenceTransform =-0.852433 -0.496118 0.165 67.3263 -0.301367 0.724125 0.620339 64.3456 -0.427242 0.479072 -0.766782 68.1211 0 0 0 1 
Seq_Frame0142_DriverToReference-SequenceTransformStatus = OK
Seq_Frame0142_Timestamp = 15.673
Seq_Frame0143_DriverToReference-SequenceTransform =-0.852433 -0.496118 0.165 67.3263 -0.301367 0.724125 0.620339 64.3456 -0.427242 0.479072 -0.766782 68.1211 0 0 0 1 
Seq_Frame0143_DriverToReference-SequenceTransformStatus = OK
Seq_Frame0143_Timestamp = 15.784
Seq_Frame0144_DriverToReference-SequenceTransform =-0.852433 -0.496118 0.165 67.3263 -0.301367 0.724125 0.620339 64.3456 -0.427242 0.479072 -0.766782 68.1211 0 0 0 1 
Seq_Frame0144_DriverToReference-SequenceTransformStatus = OK
Seq_Frame0144_Timestamp = 15.906
Seq_Frame0145_DriverToReference-SequenceTransform =-0.852433 -0.496118 0.165 67.3263 -0.301367 0.724125 0.620339 64.3456 -0.427242 0.479072 -0.766782 68.1211 0 0 0 1 
Seq_Frame0145_DriverToReference-SequenceTransformStatus = OK
Seq_Frame0145_Timestamp = 16.03
Seq_Frame0146_DriverToReference-SequenceTransform =-0.852433 -0.496118 0.165 67.3263 -0.301367 0.724125 0.620339 64.3456 -0.427242 0.479072 -0.766782 68.1211 0 0 0 1 
Seq_Frame0146_DriverToReference-SequenceTransformStatus = OK
Seq_Frame0146_Timestamp = 16.142
Seq_Frame0147_DriverToReference-SequenceTransform =-0.852433 -0.496118 0.165 67.3263 -0.301367 0.724125 0.620339 64.3456 -0.427242 0.479072 -0.766782 68.1211 0 0 0 1 
Seq_Frame0147_DriverToReference-SequenceTransformStatus = OK
Seq_Frame0147_Timestamp = 16.254
Seq_Frame0148_DriverToReference-SequenceTransform =-0.852433 -0.496118 0.165 67.3263 -0.301367 0.724125 0.620339 64.3456 -0.427242 0.479072 -0.766782 68.1211 0 0 0 1 
Seq_Frame0148_DriverToReference-SequenceTransformStatus = OK
Seq_Frame0148_Timestamp = 16.384
Seq_Frame0149_DriverToReference-SequenceTransform =-0.852433 -0.496118 0.165 67.3263 -0.301367 0.724125 0.620339 64.3456 -0.427242 0.479072 -0.766782 68.1211 0 0 0 1 
Seq_Frame0149_DriverToReference-SequenceTransformStatus = OK
Seq_Frame0149_Timestamp = 16.49
Seq_Frame0150_DriverToReference-SequenceTransform =-0.852433 -0.496118 0.165 67.3263 -0.301367 0.724125 0.620339 64.3456 -0.427242 0.479072 -0.766782 68.1211 0 0 0 1 
Seq_Frame0150_DriverToReference-SequenceTransformStatus = OK
Seq_Frame0150_Timestamp = 16.599
Seq_Frame0151_DriverToReference-SequenceTransform =-0.852433 -0.496118 0.165 67.3263 -0.301367 0.724125 0.620339 64.3456 -0.427242 0.479072 -0.766782 68.1211 0 0 0 1 
Seq_Frame0151_DriverToReference-SequenceTransformStatus = OK
Seq_Frame0151_Timestamp = 16.706
Seq_Frame0152_DriverToReference-SequenceTransform =-0.852433 -0.496118 0.165 67.3263 -0.301367 0.724125 0.620339 64.3456 -0.427242 0.479072 -0.766782 68.1211 0 0 0 1 
