ObjectType = Image
NDims = 3
AnatomicalOrientation = RAI
BinaryData = True
CompressedData = False
DimSize = 0 0 2065
ElementSpacing = 1 1 1
Offset = 0 0 0
TransformMatrix = 1 0 0 0 1 0 0 0 1
ElementType = MET_UCHAR
Kinds = domain domain list
Seq_Frame0000_ForcepToReference-SequenceTransform =0.558297 -0.444713 -0.700382 30.2888 0.366445 -0.625205 0.689084 -48.6984 -0.744327 -0.641364 -0.186087 -70.7811 0 0 0 1 
Seq_Frame0000_ForcepToReference-SequenceTransformStatus = OK
Seq_Frame0000_Timestamp = 0.00199986
Seq_Frame0001_ForcepToReference-SequenceTransform =0.557566 -0.444567 -0.701056 30.2793 0.366057 -0.626301 0.688295 -48.7304 -0.745065 -0.640396 -0.186467 -70.7187 0 0 0 1 
Seq_Frame0001_ForcepToReference-SequenceTransformStatus = OK
Seq_Frame0001_Timestamp = 0.113
Seq_Frame0002_ForcepToReference-SequenceTransform =0.55762 -0.444295 -0.701186 30.2776 0.366383 -0.626241 0.688175 -48.8376 -0.744865 -0.640643 -0.186423 -70.6486 0 0 0 1 
Seq_Frame0002_ForcepToReference-SequenceTransformStatus = OK
Seq_Frame0002_Timestamp = 0.224
Seq_Frame0003_ForcepToReference-SequenceTransform =0.556961 -0.44501 -0.701257 30.2802 0.364702 -0.627538 0.687887 -48.7743 -0.746182 -0.638875 -0.187218 -70.7301 0 0 0 1 
Seq_Frame0003_ForcepToReference-SequenceTransformStatus = OK
Seq_Frame0003_Timestamp = 0.333
Seq_Frame0004_ForcepToReference-SequenceTransform =0.558505 -0.443961 -0.700693 30.334 0.364513 -0.62743 0.688085 -48.8159 -0.745119 -0.639711 -0.188593 -70.7828 0 0 0 1 
Seq_Frame0004_ForcepToReference-SequenceTransformStatus = OK
Seq_Frame0004_Timestamp = 0.445
Seq_Frame0005_ForcepToReference-SequenceTransform =0.558728 -0.442186 -0.701637 30.461 0.363525 -0.62983 0.686414 -49.0766 -0.745434 -0.638581 -0.191158 -70.7511 0 0 0 1 
Seq_Frame0005_ForcepToReference-SequenceTransformStatus = OK
Seq_Frame0005_Timestamp = 0.548
Seq_Frame0006_ForcepToReference-SequenceTransform =0.558793 -0.441113 -0.70226 30.5301 0.361772 -0.632322 0.685047 -49.2171 -0.746238 -0.636858 -0.193755 -70.7588 0 0 0 1 
Seq_Frame0006_ForcepToReference-SequenceTransformStatus = OK
Seq_Frame0006_Timestamp = 0.654
Seq_Frame0007_ForcepToReference-SequenceTransform =0.558012 -0.447773 -0.698657 30.0466 0.382004 -0.608806 0.69529 -47.6843 -0.736678 -0.65487 -0.16867 -71.0218 0 0 0 1 
Seq_Frame0007_ForcepToReference-SequenceTransformStatus = OK
Seq_Frame0007_Timestamp = 0.763
Seq_Frame0008_ForcepToReference-SequenceTransform =0.55527 -0.449638 -0.699643 29.9527 0.376936 -0.613826 0.69364 -47.9345 -0.741346 -0.648878 -0.171355 -70.8037 0 0 0 1 
Seq_Frame0008_ForcepToReference-SequenceTransformStatus = OK
Seq_Frame0008_Timestamp = 0.989
Seq_Frame0009_ForcepToReference-SequenceTransform =0.557437 -0.444097 -0.701457 30.3217 0.368012 -0.625188 0.688264 -48.7042 -0.744198 -0.641809 -0.18507 -70.8049 0 0 0 1 
Seq_Frame0009_ForcepToReference-SequenceTransformStatus = OK
Seq_Frame0009_Timestamp = 1.094
Seq_Frame0010_ForcepToReference-SequenceTransform =0.557715 -0.444261 -0.701132 30.3068 0.367778 -0.624994 0.688565 -48.6995 -0.744106 -0.641884 -0.185179 -70.7872 0 0 0 1 
Seq_Frame0010_ForcepToReference-SequenceTransformStatus = OK
Seq_Frame0010_Timestamp = 1.204
Seq_Frame0011_ForcepToReference-SequenceTransform =0.557546 -0.443965 -0.701454 30.3135 0.368502 -0.624802 0.688352 -48.7059 -0.743874 -0.642275 -0.184753 -70.7294 0 0 0 1 
Seq_Frame0011_ForcepToReference-SequenceTransformStatus = OK
Seq_Frame0011_Timestamp = 1.32
Seq_Frame0012_ForcepToReference-SequenceTransform =0.558014 -0.442502 -0.702006 30.4356 0.36336 -0.63026 0.686107 -49.0356 -0.746049 -0.637938 -0.190906 -70.7546 0 0 0 1 
Seq_Frame0012_ForcepToReference-SequenceTransformStatus = OK
Seq_Frame0012_Timestamp = 1.441
Seq_Frame0013_ForcepToReference-SequenceTransform =0.557617 -0.442484 -0.702333 30.4523 0.363016 -0.630902 0.685698 -49.0919 -0.746514 -0.637315 -0.191173 -70.7569 0 0 0 1 
Seq_Frame0013_ForcepToReference-SequenceTransformStatus = OK
Seq_Frame0013_Timestamp = 1.554
Seq_Frame0014_ForcepToReference-SequenceTransform =0.556647 -0.445088 -0.701456 30.2015 0.364729 -0.627702 0.687723 -48.834 -0.746402 -0.638661 -0.187072 -70.7516 0 0 0 1 
Seq_Frame0014_ForcepToReference-SequenceTransformStatus = OK
Seq_Frame0014_Timestamp = 1.672
Seq_Frame0015_ForcepToReference-SequenceTransform =0.556805 -0.44497 -0.701405 30.2684 0.366035 -0.626565 0.688066 -48.7653 -0.745645 -0.639857 -0.186 -70.7378 0 0 0 1 
Seq_Frame0015_ForcepToReference-SequenceTransformStatus = OK
Seq_Frame0015_Timestamp = 1.784
Seq_Frame0016_ForcepToReference-SequenceTransform =0.557162 -0.444799 -0.70123 30.3028 0.365747 -0.626679 0.688115 -48.7789 -0.745519 -0.639865 -0.186478 -70.7164 0 0 0 1 
Seq_Frame0016_ForcepToReference-SequenceTransformStatus = OK
Seq_Frame0016_Timestamp = 1.895
Seq_Frame0017_ForcepToReference-SequenceTransform =0.558089 -0.444795 -0.700496 30.2709 0.365587 -0.626039 0.688782 -48.7216 -0.744904 -0.640494 -0.186775 -70.7722 0 0 0 1 
Seq_Frame0017_ForcepToReference-SequenceTransformStatus = OK
Seq_Frame0017_Timestamp = 1.999
Seq_Frame0018_ForcepToReference-SequenceTransform =0.557296 -0.445006 -0.700993 30.2815 0.364903 -0.627087 0.688191 -48.7572 -0.745833 -0.639321 -0.187089 -70.7424 0 0 0 1 
Seq_Frame0018_ForcepToReference-SequenceTransformStatus = OK
Seq_Frame0018_Timestamp = 2.109
Seq_Frame0019_ForcepToReference-SequenceTransform =0.55665 -0.444825 -0.701621 30.2891 0.365925 -0.626933 0.687789 -48.7688 -0.745815 -0.639598 -0.18621 -70.7841 0 0 0 1 
Seq_Frame0019_ForcepToReference-SequenceTransformStatus = OK
Seq_Frame0019_Timestamp = 2.214
Seq_Frame0020_ForcepToReference-SequenceTransform =0.558071 -0.444581 -0.700646 30.2871 0.365578 -0.626273 0.688574 -48.7503 -0.744923 -0.640414 -0.186976 -70.7682 0 0 0 1 
Seq_Frame0020_ForcepToReference-SequenceTransformStatus = OK
Seq_Frame0020_Timestamp = 2.321
Seq_Frame0021_ForcepToReference-SequenceTransform =0.558142 -0.444536 -0.700618 30.2768 0.365902 -0.625979 0.68867 -48.7566 -0.744711 -0.640733 -0.186728 -70.71 0 0 0 1 
Seq_Frame0021_ForcepToReference-SequenceTransformStatus = OK
Seq_Frame0021_Timestamp = 2.428
Seq_Frame0022_ForcepToReference-SequenceTransform =0.556752 -0.444798 -0.701556 30.2449 0.365589 -0.627161 0.68776 -48.8112 -0.745903 -0.639393 -0.18656 -70.6303 0 0 0 1 
Seq_Frame0022_ForcepToReference-SequenceTransformStatus = OK
Seq_Frame0022_Timestamp = 2.534
Seq_Frame0023_ForcepToReference-SequenceTransform =0.556458 -0.44483 -0.701769 30.2811 0.366022 -0.627005 0.687672 -48.8177 -0.74591 -0.639524 -0.186084 -70.6939 0 0 0 1 
Seq_Frame0023_ForcepToReference-SequenceTransformStatus = OK
Seq_Frame0023_Timestamp = 2.639
Seq_Frame0024_ForcepToReference-SequenceTransform =0.55495 -0.444951 -0.702886 30.2576 0.365555 -0.628549 0.68651 -48.8998 -0.747261 -0.637922 -0.186159 -70.6218 0 0 0 1 
Seq_Frame0024_ForcepToReference-SequenceTransformStatus = OK
Seq_Frame0024_Timestamp = 2.749
Seq_Frame0025_ForcepToReference-SequenceTransform =0.556564 -0.444788 -0.701712 30.2551 0.365346 -0.627537 0.687546 -48.8412 -0.746163 -0.639031 -0.186763 -70.6621 0 0 0 1 
Seq_Frame0025_ForcepToReference-SequenceTransformStatus = OK
Seq_Frame0025_Timestamp = 2.851
Seq_Frame0026_ForcepToReference-SequenceTransform =0.555074 -0.44531 -0.702561 30.2157 0.365974 -0.627737 0.687029 -48.7909 -0.746964 -0.638471 -0.185469 -70.6357 0 0 0 1 
Seq_Frame0026_ForcepToReference-SequenceTransformStatus = OK
Seq_Frame0026_Timestamp = 2.963
Seq_Frame0027_ForcepToReference-SequenceTransform =0.556751 -0.444964 -0.701452 30.2069 0.365353 -0.627202 0.687848 -48.8074 -0.74602 -0.639238 -0.186626 -70.6091 0 0 0 1 
Seq_Frame0027_ForcepToReference-SequenceTransformStatus = OK
Seq_Frame0027_Timestamp = 3.069
Seq_Frame0028_ForcepToReference-SequenceTransform =0.557728 -0.444385 -0.701043 30.2762 0.364516 -0.627666 0.687869 -48.8709 -0.7457 -0.639185 -0.188082 -70.621 0 0 0 1 
Seq_Frame0028_ForcepToReference-SequenceTransformStatus = OK
Seq_Frame0028_Timestamp = 3.179
Seq_Frame0029_ForcepToReference-SequenceTransform =0.557093 -0.444495 -0.701478 30.292 0.363482 -0.628975 0.68722 -48.9154 -0.746678 -0.63782 -0.188832 -70.687 0 0 0 1 
Seq_Frame0029_ForcepToReference-SequenceTransformStatus = OK
Seq_Frame0029_Timestamp = 3.284
Seq_Frame0030_ForcepToReference-SequenceTransform =0.556515 -0.444575 -0.701886 30.304 0.363492 -0.629372 0.686851 -48.9331 -0.747105 -0.637372 -0.188655 -70.6527 0 0 0 1 
Seq_Frame0030_ForcepToReference-SequenceTransformStatus = OK
Seq_Frame0030_Timestamp = 3.394
Seq_Frame0031_ForcepToReference-SequenceTransform =0.556689 -0.444648 -0.701702 30.2686 0.365479 -0.627456 0.687549 -48.8587 -0.746005 -0.639208 -0.186788 -70.6696 0 0 0 1 
Seq_Frame0031_ForcepToReference-SequenceTransformStatus = OK
Seq_Frame0031_Timestamp = 3.499
Seq_Frame0032_ForcepToReference-SequenceTransform =0.556886 -0.444924 -0.701371 30.2314 0.365285 -0.627186 0.687899 -48.8188 -0.745953 -0.639281 -0.186747 -70.6405 0 0 0 1 
Seq_Frame0032_ForcepToReference-SequenceTransformStatus = OK
Seq_Frame0032_Timestamp = 3.608
Seq_Frame0033_ForcepToReference-SequenceTransform =0.557982 -0.44478 -0.70059 30.2306 0.364904 -0.626731 0.688515 -48.7735 -0.74532 -0.639827 -0.187403 -70.6962 0 0 0 1 
Seq_Frame0033_ForcepToReference-SequenceTransformStatus = OK
Seq_Frame0033_Timestamp = 3.714
Seq_Frame0034_ForcepToReference-SequenceTransform =0.55687 -0.444932 -0.701378 30.2369 0.364584 -0.627792 0.687718 -48.8295 -0.746307 -0.638681 -0.187383 -70.6637 0 0 0 1 
Seq_Frame0034_ForcepToReference-SequenceTransformStatus = OK
Seq_Frame0034_Timestamp = 3.819
Seq_Frame0035_ForcepToReference-SequenceTransform =0.556472 -0.444603 -0.701902 30.2508 0.364581 -0.628449 0.687118 -48.8978 -0.746605 -0.638263 -0.187621 -70.6327 0 0 0 1 
Seq_Frame0035_ForcepToReference-SequenceTransformStatus = OK
Seq_Frame0035_Timestamp = 3.924
Seq_Frame0036_ForcepToReference-SequenceTransform =0.557654 -0.444846 -0.700809 30.2649 0.364557 -0.62724 0.688236 -48.8037 -0.745735 -0.639282 -0.187612 -70.6802 0 0 0 1 
Seq_Frame0036_ForcepToReference-SequenceTransformStatus = OK
Seq_Frame0036_Timestamp = 4.034
Seq_Frame0037_ForcepToReference-SequenceTransform =0.558232 -0.444982 -0.700263 30.2832 0.36543 -0.625869 0.68902 -48.72 -0.744874 -0.64053 -0.18677 -70.7914 0 0 0 1 
Seq_Frame0037_ForcepToReference-SequenceTransformStatus = OK
Seq_Frame0037_Timestamp = 4.139
Seq_Frame0038_ForcepToReference-SequenceTransform =0.558066 -0.444918 -0.700436 30.2847 0.365518 -0.625997 0.688857 -48.7211 -0.744956 -0.64045 -0.186722 -70.8086 0 0 0 1 
Seq_Frame0038_ForcepToReference-SequenceTransformStatus = OK
Seq_Frame0038_Timestamp = 4.25
Seq_Frame0039_ForcepToReference-SequenceTransform =0.558703 -0.4449 -0.699939 30.2859 0.365122 -0.625815 0.689232 -48.6857 -0.744672 -0.64064 -0.187202 -70.8055 0 0 0 1 
Seq_Frame0039_ForcepToReference-SequenceTransformStatus = OK
Seq_Frame0039_Timestamp = 4.353
Seq_Frame0040_ForcepToReference-SequenceTransform =0.558737 -0.444789 -0.699983 30.2854 0.365121 -0.625898 0.689158 -48.7301 -0.744647 -0.640637 -0.187311 -70.7928 0 0 0 1 
Seq_Frame0040_ForcepToReference-SequenceTransformStatus = OK
Seq_Frame0040_Timestamp = 4.459
Seq_Frame0041_ForcepToReference-SequenceTransform =0.558363 -0.444859 -0.700237 30.2625 0.365713 -0.625636 0.689082 -48.7146 -0.744637 -0.640844 -0.186641 -70.7929 0 0 0 1 
Seq_Frame0041_ForcepToReference-SequenceTransformStatus = OK
Seq_Frame0041_Timestamp = 4.564
Seq_Frame0042_ForcepToReference-SequenceTransform =0.558724 -0.444804 -0.699984 30.2773 0.365388 -0.625664 0.689229 -48.6983 -0.744526 -0.640854 -0.187047 -70.7841 0 0 0 1 
Seq_Frame0042_ForcepToReference-SequenceTransformStatus = OK
Seq_Frame0042_Timestamp = 4.669
Seq_Frame0043_ForcepToReference-SequenceTransform =0.558229 -0.444767 -0.700402 30.2804 0.365168 -0.626308 0.68876 -48.7356 -0.745005 -0.64025 -0.187208 -70.7893 0 0 0 1 
Seq_Frame0043_ForcepToReference-SequenceTransformStatus = OK
Seq_Frame0043_Timestamp = 4.777
Seq_Frame0044_ForcepToReference-SequenceTransform =0.5586 -0.444825 -0.700069 30.2828 0.364828 -0.62623 0.689011 -48.7165 -0.744894 -0.640286 -0.187527 -70.8111 0 0 0 1 
Seq_Frame0044_ForcepToReference-SequenceTransformStatus = OK
Seq_Frame0044_Timestamp = 4.884
Seq_Frame0045_ForcepToReference-SequenceTransform =0.55724 -0.445254 -0.70088 30.2638 0.365757 -0.626159 0.688583 -48.6946 -0.745457 -0.640058 -0.186066 -70.8319 0 0 0 1 
Seq_Frame0045_ForcepToReference-SequenceTransformStatus = OK
Seq_Frame0045_Timestamp = 4.993
Seq_Frame0046_ForcepToReference-SequenceTransform =0.558205 -0.444834 -0.700379 30.2732 0.365413 -0.626053 0.688862 -48.7178 -0.744903 -0.640453 -0.186918 -70.8115 0 0 0 1 
Seq_Frame0046_ForcepToReference-SequenceTransformStatus = OK
Seq_Frame0046_Timestamp = 5.099
Seq_Frame0047_ForcepToReference-SequenceTransform =0.558643 -0.444783 -0.700062 30.2848 0.364697 -0.626348 0.688973 -48.7413 -0.744926 -0.6402 -0.187694 -70.7937 0 0 0 1 
Seq_Frame0047_ForcepToReference-SequenceTransformStatus = OK
Seq_Frame0047_Timestamp = 5.206
Seq_Frame0048_ForcepToReference-SequenceTransform =0.558483 -0.444797 -0.70018 30.274 0.364607 -0.626547 0.688841 -48.746 -0.74509 -0.639996 -0.187739 -70.7843 0 0 0 1 
Seq_Frame0048_ForcepToReference-SequenceTransformStatus = OK
Seq_Frame0048_Timestamp = 5.317
Seq_Frame0049_ForcepToReference-SequenceTransform =0.558254 -0.444859 -0.700323 30.2697 0.365543 -0.625874 0.688956 -48.7382 -0.744803 -0.64061 -0.186782 -70.7603 0 0 0 1 
Seq_Frame0049_ForcepToReference-SequenceTransformStatus = OK
Seq_Frame0049_Timestamp = 5.419
Seq_Frame0050_ForcepToReference-SequenceTransform =0.558502 -0.444721 -0.700214 30.2901 0.364958 -0.626304 0.688875 -48.7412 -0.744904 -0.640287 -0.187487 -70.7898 0 0 0 1 
Seq_Frame0050_ForcepToReference-SequenceTransformStatus = OK
Seq_Frame0050_Timestamp = 5.525
Seq_Frame0051_ForcepToReference-SequenceTransform =0.557591 -0.444982 -0.700773 30.2733 0.3656 -0.626264 0.68857 -48.7257 -0.745271 -0.640144 -0.186514 -70.767 0 0 0 1 
Seq_Frame0051_ForcepToReference-SequenceTransformStatus = OK
Seq_Frame0051_Timestamp = 5.634
Seq_Frame0052_ForcepToReference-SequenceTransform =0.557616 -0.444898 -0.700807 30.2692 0.365313 -0.626573 0.688442 -48.7367 -0.745393 -0.6399 -0.18686 -70.7922 0 0 0 1 
Seq_Frame0052_ForcepToReference-SequenceTransformStatus = OK
Seq_Frame0052_Timestamp = 5.739
Seq_Frame0053_ForcepToReference-SequenceTransform =0.558022 -0.44491 -0.700476 30.2751 0.364302 -0.627086 0.688511 -48.7811 -0.745584 -0.639389 -0.187846 -70.7437 0 0 0 1 
Seq_Frame0053_ForcepToReference-SequenceTransformStatus = OK
Seq_Frame0053_Timestamp = 5.842
Seq_Frame0054_ForcepToReference-SequenceTransform =0.557609 -0.444925 -0.700795 30.2632 0.365103 -0.626731 0.688409 -48.7867 -0.745501 -0.639726 -0.187028 -70.7317 0 0 0 1 
Seq_Frame0054_ForcepToReference-SequenceTransformStatus = OK
Seq_Frame0054_Timestamp = 5.948
Seq_Frame0055_ForcepToReference-SequenceTransform =0.55752 -0.444948 -0.700851 30.2569 0.365435 -0.626499 0.688445 -48.7598 -0.745405 -0.639937 -0.186687 -70.7507 0 0 0 1 
Seq_Frame0055_ForcepToReference-SequenceTransformStatus = OK
Seq_Frame0055_Timestamp = 6.059
Seq_Frame0056_ForcepToReference-SequenceTransform =0.557591 -0.444864 -0.700848 30.2622 0.365 -0.626895 0.688314 -48.7811 -0.745565 -0.639608 -0.187175 -70.7516 0 0 0 1 
Seq_Frame0056_ForcepToReference-SequenceTransformStatus = OK
Seq_Frame0056_Timestamp = 6.164
Seq_Frame0057_ForcepToReference-SequenceTransform =0.55771 -0.444878 -0.700745 30.2701 0.365223 -0.62659 0.688474 -48.7496 -0.745366 -0.639898 -0.186976 -70.7402 0 0 0 1 
Seq_Frame0057_ForcepToReference-SequenceTransformStatus = OK
Seq_Frame0057_Timestamp = 6.268
Seq_Frame0058_ForcepToReference-SequenceTransform =0.557315 -0.444718 -0.70116 30.2697 0.365239 -0.627066 0.688033 -48.8069 -0.745654 -0.639542 -0.187045 -70.7429 0 0 0 1 
Seq_Frame0058_ForcepToReference-SequenceTransformStatus = OK
Seq_Frame0058_Timestamp = 6.374
Seq_Frame0059_ForcepToReference-SequenceTransform =0.55798 -0.444735 -0.70062 30.2777 0.364873 -0.626803 0.688466 -48.7759 -0.745336 -0.639788 -0.187472 -70.7552 0 0 0 1 
Seq_Frame0059_ForcepToReference-SequenceTransformStatus = OK
Seq_Frame0059_Timestamp = 6.479
Seq_Frame0060_ForcepToReference-SequenceTransform =0.557487 -0.444863 -0.700932 30.2584 0.364855 -0.627109 0.688197 -48.784 -0.745713 -0.6394 -0.187295 -70.7362 0 0 0 1 
Seq_Frame0060_ForcepToReference-SequenceTransformStatus = OK
Seq_Frame0060_Timestamp = 6.589
Seq_Frame0061_ForcepToReference-SequenceTransform =0.558015 -0.44485 -0.70052 30.2753 0.36472 -0.626792 0.688557 -48.7606 -0.745385 -0.639718 -0.187514 -70.7604 0 0 0 1 
Seq_Frame0061_ForcepToReference-SequenceTransformStatus = OK
Seq_Frame0061_Timestamp = 6.697
Seq_Frame0062_ForcepToReference-SequenceTransform =0.557727 -0.445034 -0.700632 30.2524 0.364806 -0.62678 0.688522 -48.7303 -0.745558 -0.639602 -0.187221 -70.8158 0 0 0 1 
Seq_Frame0062_ForcepToReference-SequenceTransformStatus = OK
Seq_Frame0062_Timestamp = 6.802
Seq_Frame0063_ForcepToReference-SequenceTransform =0.557292 -0.44483 -0.701108 30.2809 0.365662 -0.626613 0.68822 -48.7858 -0.745464 -0.639908 -0.186549 -70.7361 0 0 0 1 
Seq_Frame0063_ForcepToReference-SequenceTransformStatus = OK
Seq_Frame0063_Timestamp = 6.909
Seq_Frame0064_ForcepToReference-SequenceTransform =0.558023 -0.44486 -0.700507 30.275 0.364696 -0.626796 0.688566 -48.7742 -0.745391 -0.639708 -0.187528 -70.751 0 0 0 1 
Seq_Frame0064_ForcepToReference-SequenceTransformStatus = OK
Seq_Frame0064_Timestamp = 7.014
Seq_Frame0065_ForcepToReference-SequenceTransform =0.557973 -0.444751 -0.700616 30.2791 0.365686 -0.626096 0.688678 -48.7622 -0.744943 -0.640469 -0.186706 -70.7296 0 0 0 1 
Seq_Frame0065_ForcepToReference-SequenceTransformStatus = OK
Seq_Frame0065_Timestamp = 7.124
Seq_Frame0066_ForcepToReference-SequenceTransform =0.557458 -0.444988 -0.700875 30.2647 0.365619 -0.626355 0.688478 -48.743 -0.745361 -0.640051 -0.18647 -70.7319 0 0 0 1 
Seq_Frame0066_ForcepToReference-SequenceTransformStatus = OK
Seq_Frame0066_Timestamp = 7.226
Seq_Frame0067_ForcepToReference-SequenceTransform =0.557616 -0.444942 -0.700779 30.2692 0.365198 -0.626629 0.688452 -48.7606 -0.74545 -0.639815 -0.186926 -70.7562 0 0 0 1 
Seq_Frame0067_ForcepToReference-SequenceTransformStatus = OK
Seq_Frame0067_Timestamp = 7.33
Seq_Frame0068_ForcepToReference-SequenceTransform =0.55749 -0.444906 -0.700902 30.2763 0.365112 -0.626843 0.688302 -48.7682 -0.745586 -0.63963 -0.187018 -70.7617 0 0 0 1 
Seq_Frame0068_ForcepToReference-SequenceTransformStatus = OK
Seq_Frame0068_Timestamp = 7.439
Seq_Frame0069_ForcepToReference-SequenceTransform =0.558081 -0.444771 -0.700517 30.286 0.365128 -0.626465 0.688639 -48.7593 -0.745136 -0.640095 -0.18722 -70.7874 0 0 0 1 
Seq_Frame0069_ForcepToReference-SequenceTransformStatus = OK
Seq_Frame0069_Timestamp = 7.545
Seq_Frame0070_ForcepToReference-SequenceTransform =0.558125 -0.444647 -0.700561 30.2722 0.365699 -0.626059 0.688705 -48.7546 -0.744823 -0.640578 -0.186812 -70.7632 0 0 0 1 
Seq_Frame0070_ForcepToReference-SequenceTransformStatus = OK
Seq_Frame0070_Timestamp = 7.649
Seq_Frame0071_ForcepToReference-SequenceTransform =0.557837 -0.444771 -0.700712 30.2958 0.365278 -0.626541 0.68849 -48.7603 -0.745245 -0.64002 -0.187043 -70.8045 0 0 0 1 
Seq_Frame0071_ForcepToReference-SequenceTransformStatus = OK
Seq_Frame0071_Timestamp = 7.76
Seq_Frame0072_ForcepToReference-SequenceTransform =0.55701 -0.445113 -0.701152 30.2674 0.36506 -0.62709 0.688106 -48.7565 -0.74597 -0.639244 -0.186802 -70.7997 0 0 0 1 
Seq_Frame0072_ForcepToReference-SequenceTransformStatus = OK
Seq_Frame0072_Timestamp = 7.864
Seq_Frame0073_ForcepToReference-SequenceTransform =0.55784 -0.444775 -0.700706 30.2755 0.365226 -0.626579 0.688483 -48.766 -0.745268 -0.639979 -0.187088 -70.7622 0 0 0 1 
Seq_Frame0073_ForcepToReference-SequenceTransformStatus = OK
Seq_Frame0073_Timestamp = 7.968
Seq_Frame0074_ForcepToReference-SequenceTransform =0.557194 -0.444532 -0.701375 30.2818 0.364994 -0.627562 0.687711 -48.8635 -0.745865 -0.639186 -0.187422 -70.6472 0 0 0 1 
Seq_Frame0074_ForcepToReference-SequenceTransformStatus = OK
Seq_Frame0074_Timestamp = 8.078
Seq_Frame0075_ForcepToReference-SequenceTransform =0.557644 -0.444674 -0.700927 30.271 0.365508 -0.626601 0.688313 -48.7989 -0.745277 -0.640028 -0.186888 -70.7036 0 0 0 1 
Seq_Frame0075_ForcepToReference-SequenceTransformStatus = OK
Seq_Frame0075_Timestamp = 8.189
Seq_Frame0076_ForcepToReference-SequenceTransform =0.55732 -0.445043 -0.70095 30.25 0.365003 -0.626946 0.688267 -48.7767 -0.745766 -0.639434 -0.186968 -70.7282 0 0 0 1 
Seq_Frame0076_ForcepToReference-SequenceTransformStatus = OK
Seq_Frame0076_Timestamp = 8.295
Seq_Frame0077_ForcepToReference-SequenceTransform =0.557439 -0.444889 -0.700954 30.2638 0.364532 -0.627401 0.688102 -48.8156 -0.745908 -0.639095 -0.187561 -70.6857 0 0 0 1 
Seq_Frame0077_ForcepToReference-SequenceTransformStatus = OK
Seq_Frame0077_Timestamp = 8.399
Seq_Frame0078_ForcepToReference-SequenceTransform =0.556866 -0.444832 -0.701444 30.2651 0.364954 -0.627576 0.687719 -48.8332 -0.746129 -0.638962 -0.187133 -70.6878 0 0 0 1 
Seq_Frame0078_ForcepToReference-SequenceTransformStatus = OK
Seq_Frame0078_Timestamp = 8.501
Seq_Frame0079_ForcepToReference-SequenceTransform =0.557889 -0.444717 -0.700704 30.2617 0.364973 -0.626811 0.688405 -48.8024 -0.745355 -0.639792 -0.187381 -70.7021 0 0 0 1 
Seq_Frame0079_ForcepToReference-SequenceTransformStatus = OK
Seq_Frame0079_Timestamp = 8.609
Seq_Frame0080_ForcepToReference-SequenceTransform =0.557743 -0.444662 -0.700855 30.2679 0.36555 -0.626493 0.688389 -48.7842 -0.745181 -0.640142 -0.186876 -70.7228 0 0 0 1 
Seq_Frame0080_ForcepToReference-SequenceTransformStatus = OK
Seq_Frame0080_Timestamp = 8.714
Seq_Frame0081_ForcepToReference-SequenceTransform =0.557734 -0.444685 -0.700848 30.272 0.365278 -0.626712 0.688334 -48.7942 -0.745322 -0.639912 -0.187106 -70.7309 0 0 0 1 
Seq_Frame0081_ForcepToReference-SequenceTransformStatus = OK
Seq_Frame0081_Timestamp = 8.819
Seq_Frame0082_ForcepToReference-SequenceTransform =0.556854 -0.44483 -0.701456 30.2678 0.364778 -0.627739 0.687663 -48.8145 -0.746224 -0.638804 -0.187294 -70.7294 0 0 0 1 
Seq_Frame0082_ForcepToReference-SequenceTransformStatus = OK
Seq_Frame0082_Timestamp = 8.924
Seq_Frame0083_ForcepToReference-SequenceTransform =0.556671 -0.445028 -0.701475 30.2791 0.364999 -0.627509 0.687756 -48.8217 -0.746252 -0.638892 -0.186881 -70.7066 0 0 0 1 
Seq_Frame0083_ForcepToReference-SequenceTransformStatus = OK
Seq_Frame0083_Timestamp = 9.034
Seq_Frame0084_ForcepToReference-SequenceTransform =0.557703 -0.444681 -0.700875 30.2788 0.364413 -0.627484 0.688089 -48.8033 -0.745768 -0.639158 -0.187902 -70.7305 0 0 0 1 
Seq_Frame0084_ForcepToReference-SequenceTransformStatus = OK
Seq_Frame0084_Timestamp = 9.139
Seq_Frame0085_ForcepToReference-SequenceTransform =0.557699 -0.444532 -0.700974 30.2988 0.364667 -0.627417 0.688016 -48.8187 -0.745647 -0.639328 -0.187803 -70.7009 0 0 0 1 
Seq_Frame0085_ForcepToReference-SequenceTransformStatus = OK
Seq_Frame0085_Timestamp = 9.249
Seq_Frame0086_ForcepToReference-SequenceTransform =0.556484 -0.444904 -0.701702 30.263 0.365119 -0.627685 0.687532 -48.8107 -0.746333 -0.638805 -0.186854 -70.7417 0 0 0 1 
Seq_Frame0086_ForcepToReference-SequenceTransformStatus = OK
Seq_Frame0086_Timestamp = 9.35
Seq_Frame0087_ForcepToReference-SequenceTransform =0.556885 -0.444986 -0.701332 30.2716 0.366002 -0.62651 0.688133 -48.7593 -0.745601 -0.6399 -0.186028 -70.7774 0 0 0 1 
Seq_Frame0087_ForcepToReference-SequenceTransformStatus = OK
Seq_Frame0087_Timestamp = 9.459
Seq_Frame0088_ForcepToReference-SequenceTransform =0.55802 -0.444773 -0.700564 30.2671 0.364892 -0.626717 0.688535 -48.7689 -0.745297 -0.639847 -0.187427 -70.7605 0 0 0 1 
Seq_Frame0088_ForcepToReference-SequenceTransformStatus = OK
Seq_Frame0088_Timestamp = 9.564
Seq_Frame0089_ForcepToReference-SequenceTransform =0.557279 -0.444896 -0.701077 30.2719 0.365742 -0.626491 0.688289 -48.7571 -0.745435 -0.639982 -0.186413 -70.7738 0 0 0 1 
Seq_Frame0089_ForcepToReference-SequenceTransformStatus = OK
Seq_Frame0089_Timestamp = 9.667
Seq_Frame0090_ForcepToReference-SequenceTransform =0.557789 -0.444893 -0.700672 30.2828 0.364996 -0.626704 0.688491 -48.7661 -0.745419 -0.639775 -0.187184 -70.7544 0 0 0 1 
Seq_Frame0090_ForcepToReference-SequenceTransformStatus = OK
Seq_Frame0090_Timestamp = 9.775
Seq_Frame0091_ForcepToReference-SequenceTransform =0.557355 -0.444862 -0.701037 30.2601 0.364842 -0.627232 0.688092 -48.7814 -0.745819 -0.639279 -0.187286 -70.7719 0 0 0 1 
Seq_Frame0091_ForcepToReference-SequenceTransformStatus = OK
Seq_Frame0091_Timestamp = 9.879
Seq_Frame0092_ForcepToReference-SequenceTransform =0.558139 -0.444687 -0.700524 30.2916 0.365183 -0.62645 0.688623 -48.7613 -0.745066 -0.640167 -0.187254 -70.7916 0 0 0 1 
Seq_Frame0092_ForcepToReference-SequenceTransformStatus = OK
Seq_Frame0092_Timestamp = 9.988
Seq_Frame0093_ForcepToReference-SequenceTransform =0.5572 -0.444892 -0.701141 30.2708 0.366299 -0.626082 0.688365 -48.7415 -0.74522 -0.640384 -0.18589 -70.7725 0 0 0 1 
Seq_Frame0093_ForcepToReference-SequenceTransformStatus = OK
Seq_Frame0093_Timestamp = 10.092
Seq_Frame0094_ForcepToReference-SequenceTransform =0.556808 -0.444799 -0.701511 30.2659 0.366106 -0.626669 0.687933 -48.7713 -0.745607 -0.639875 -0.186091 -70.7807 0 0 0 1 
Seq_Frame0094_ForcepToReference-SequenceTransformStatus = OK
Seq_Frame0094_Timestamp = 10.201
Seq_Frame0095_ForcepToReference-SequenceTransform =0.556972 -0.444887 -0.701326 30.28 0.365079 -0.627326 0.68788 -48.7838 -0.745989 -0.639169 -0.186984 -70.7766 0 0 0 1 
Seq_Frame0095_ForcepToReference-SequenceTransformStatus = OK
Seq_Frame0095_Timestamp = 10.308
Seq_Frame0096_ForcepToReference-SequenceTransform =0.557152 -0.445006 -0.701107 30.2742 0.365586 -0.626624 0.688251 -48.7577 -0.745606 -0.639776 -0.186437 -70.7851 0 0 0 1 
Seq_Frame0096_ForcepToReference-SequenceTransformStatus = OK
Seq_Frame0096_Timestamp = 10.419
Seq_Frame0097_ForcepToReference-SequenceTransform =0.557803 -0.444687 -0.700792 30.2966 0.365952 -0.626073 0.688558 -48.7601 -0.74494 -0.640536 -0.186491 -70.7698 0 0 0 1 
Seq_Frame0097_ForcepToReference-SequenceTransformStatus = OK
Seq_Frame0097_Timestamp = 10.524
Seq_Frame0098_ForcepToReference-SequenceTransform =0.557277 -0.444706 -0.701198 30.2812 0.365962 -0.62649 0.688173 -48.7768 -0.745328 -0.640115 -0.186383 -70.7641 0 0 0 1 
Seq_Frame0098_ForcepToReference-SequenceTransformStatus = OK
Seq_Frame0098_Timestamp = 10.629
Seq_Frame0099_ForcepToReference-SequenceTransform =0.557703 -0.444585 -0.700936 30.3032 0.366239 -0.626011 0.688462 -48.7872 -0.744873 -0.640667 -0.186303 -70.7453 0 0 0 1 
Seq_Frame0099_ForcepToReference-SequenceTransformStatus = OK
Seq_Frame0099_Timestamp = 10.734
Seq_Frame0100_ForcepToReference-SequenceTransform =0.55839 -0.444743 -0.700289 30.2776 0.364752 -0.626553 0.688757 -48.7766 -0.745088 -0.640027 -0.187641 -70.7515 0 0 0 1 
Seq_Frame0100_ForcepToReference-SequenceTransformStatus = OK
Seq_Frame0100_Timestamp = 10.844
Seq_Frame0101_ForcepToReference-SequenceTransform =0.557391 -0.44514 -0.700832 30.2686 0.36455 -0.627179 0.688295 -48.7434 -0.745935 -0.639138 -0.187308 -70.7575 0 0 0 1 
Seq_Frame0101_ForcepToReference-SequenceTransformStatus = OK
Seq_Frame0101_Timestamp = 10.949
Seq_Frame0102_ForcepToReference-SequenceTransform =0.557655 -0.444748 -0.700871 30.2787 0.365277 -0.626719 0.688329 -48.786 -0.745382 -0.639862 -0.187036 -70.7188 0 0 0 1 
Seq_Frame0102_ForcepToReference-SequenceTransformStatus = OK
Seq_Frame0102_Timestamp = 11.059
Seq_Frame0103_ForcepToReference-SequenceTransform =0.558257 -0.444231 -0.700719 30.3083 0.365772 -0.626291 0.688455 -48.8372 -0.744687 -0.640639 -0.187144 -70.6891 0 0 0 1 
Seq_Frame0103_ForcepToReference-SequenceTransformStatus = OK
Seq_Frame0103_Timestamp = 11.163
Seq_Frame0104_ForcepToReference-SequenceTransform =0.557026 -0.444747 -0.701371 30.2913 0.36612 -0.626525 0.688057 -48.784 -0.745438 -0.640052 -0.18616 -70.7338 0 0 0 1 
Seq_Frame0104_ForcepToReference-SequenceTransformStatus = OK
Seq_Frame0104_Timestamp = 11.275
Seq_Frame0105_ForcepToReference-SequenceTransform =0.557279 -0.444887 -0.701081 30.2737 0.36567 -0.62656 0.688264 -48.7677 -0.74547 -0.63992 -0.186487 -70.7824 0 0 0 1 
Seq_Frame0105_ForcepToReference-SequenceTransformStatus = OK
Seq_Frame0105_Timestamp = 11.379
Seq_Frame0106_ForcepToReference-SequenceTransform =0.557209 -0.44475 -0.701224 30.2643 0.365373 -0.627009 0.688013 -48.7895 -0.745668 -0.639576 -0.186876 -70.7315 0 0 0 1 
Seq_Frame0106_ForcepToReference-SequenceTransformStatus = OK
Seq_Frame0106_Timestamp = 11.484
Seq_Frame0107_ForcepToReference-SequenceTransform =0.557051 -0.444545 -0.70148 30.2822 0.365963 -0.626838 0.687856 -48.82 -0.745497 -0.639886 -0.186494 -70.698 0 0 0 1 
Seq_Frame0107_ForcepToReference-SequenceTransformStatus = OK
Seq_Frame0107_Timestamp = 11.589
Seq_Frame0108_ForcepToReference-SequenceTransform =0.557423 -0.444697 -0.701088 30.2714 0.365911 -0.626419 0.688265 -48.7572 -0.745244 -0.64019 -0.18646 -70.7681 0 0 0 1 
Seq_Frame0108_ForcepToReference-SequenceTransformStatus = OK
Seq_Frame0108_Timestamp = 11.694
Seq_Frame0109_ForcepToReference-SequenceTransform =0.557517 -0.44485 -0.700916 30.2471 0.365033 -0.626943 0.688254 -48.7704 -0.745604 -0.639571 -0.187146 -70.7879 0 0 0 1 
Seq_Frame0109_ForcepToReference-SequenceTransformStatus = OK
Seq_Frame0109_Timestamp = 11.802
Seq_Frame0110_ForcepToReference-SequenceTransform =0.557945 -0.444881 -0.700556 30.2682 0.364513 -0.626999 0.688479 -48.7885 -0.745539 -0.639495 -0.187665 -70.7622 0 0 0 1 
Seq_Frame0110_ForcepToReference-SequenceTransformStatus = OK
Seq_Frame0110_Timestamp = 11.902
Seq_Frame0111_ForcepToReference-SequenceTransform =0.55697 -0.44485 -0.701351 30.2682 0.364737 -0.627657 0.68776 -48.8077 -0.746158 -0.63887 -0.187333 -70.7004 0 0 0 1 
Seq_Frame0111_ForcepToReference-SequenceTransformStatus = OK
Seq_Frame0111_Timestamp = 12.01
Seq_Frame0112_ForcepToReference-SequenceTransform =0.556459 -0.444968 -0.701682 30.2664 0.365952 -0.62693 0.687778 -48.7856 -0.745944 -0.639502 -0.186023 -70.7348 0 0 0 1 
Seq_Frame0112_ForcepToReference-SequenceTransformStatus = OK
Seq_Frame0112_Timestamp = 12.116
Seq_Frame0113_ForcepToReference-SequenceTransform =0.556248 -0.445255 -0.701667 30.2404 0.365283 -0.627398 0.687706 -48.7599 -0.746429 -0.638842 -0.186345 -70.7519 0 0 0 1 
Seq_Frame0113_ForcepToReference-SequenceTransformStatus = OK
Seq_Frame0113_Timestamp = 12.217
Seq_Frame0114_ForcepToReference-SequenceTransform =0.557273 -0.444697 -0.701207 30.2823 0.366876 -0.625716 0.68839 -48.7636 -0.744882 -0.640877 -0.185546 -70.7429 0 0 0 1 
Seq_Frame0114_ForcepToReference-SequenceTransformStatus = OK
Seq_Frame0114_Timestamp = 12.317
Seq_Frame0115_ForcepToReference-SequenceTransform =0.557576 -0.444611 -0.70102 30.281 0.365648 -0.6266 0.68824 -48.7855 -0.745259 -0.640073 -0.186806 -70.7529 0 0 0 1 
Seq_Frame0115_ForcepToReference-SequenceTransformStatus = OK
Seq_Frame0115_Timestamp = 12.426
Seq_Frame0116_ForcepToReference-SequenceTransform =0.558615 -0.444843 -0.700046 30.2691 0.364078 -0.626843 0.68885 -48.7547 -0.745249 -0.639674 -0.188207 -70.7835 0 0 0 1 
Seq_Frame0116_ForcepToReference-SequenceTransformStatus = OK
Seq_Frame0116_Timestamp = 12.536
Seq_Frame0117_ForcepToReference-SequenceTransform =0.557624 -0.444963 -0.700759 30.2491 0.365365 -0.626457 0.68852 -48.7324 -0.745362 -0.639968 -0.186754 -70.7769 0 0 0 1 
Seq_Frame0117_ForcepToReference-SequenceTransformStatus = OK
Seq_Frame0117_Timestamp = 12.647
Seq_Frame0118_ForcepToReference-SequenceTransform =0.557649 -0.444883 -0.70079 30.2623 0.365878 -0.626074 0.688596 -48.7414 -0.745091 -0.640399 -0.186357 -70.7917 0 0 0 1 
Seq_Frame0118_ForcepToReference-SequenceTransformStatus = OK
Seq_Frame0118_Timestamp = 12.773
Seq_Frame0119_ForcepToReference-SequenceTransform =0.557269 -0.445027 -0.701001 30.2766 0.365508 -0.626571 0.68834 -48.7296 -0.745557 -0.639812 -0.186508 -70.7918 0 0 0 1 
Seq_Frame0119_ForcepToReference-SequenceTransformStatus = OK
Seq_Frame0119_Timestamp = 12.898
Seq_Frame0120_ForcepToReference-SequenceTransform =0.556966 -0.444903 -0.70132 30.276 0.365975 -0.626547 0.688114 -48.7337 -0.745554 -0.639922 -0.186143 -70.7862 0 0 0 1 
Seq_Frame0120_ForcepToReference-SequenceTransformStatus = OK
Seq_Frame0120_Timestamp = 13.025
Seq_Frame0121_ForcepToReference-SequenceTransform =0.557478 -0.444905 -0.700912 30.2655 0.366267 -0.625862 0.688582 -48.748 -0.745028 -0.64059 -0.185951 -70.7073 0 0 0 1 
Seq_Frame0121_ForcepToReference-SequenceTransformStatus = OK
Seq_Frame0121_Timestamp = 13.15
Seq_Frame0122_ForcepToReference-SequenceTransform =0.557252 -0.444807 -0.701154 30.2805 0.366218 -0.626191 0.688309 -48.773 -0.745221 -0.640337 -0.18605 -70.7224 0 0 0 1 
Seq_Frame0122_ForcepToReference-SequenceTransformStatus = OK
Seq_Frame0122_Timestamp = 13.276
Seq_Frame0123_ForcepToReference-SequenceTransform =0.557786 -0.444771 -0.700753 30.2787 0.366039 -0.62593 0.688641 -48.7381 -0.74491 -0.640617 -0.186331 -70.7292 0 0 0 1 
Seq_Frame0123_ForcepToReference-SequenceTransformStatus = OK
Seq_Frame0123_Timestamp = 13.401
Seq_Frame0124_ForcepToReference-SequenceTransform =0.558302 -0.444497 -0.700515 30.2965 0.365174 -0.626507 0.688576 -48.778 -0.744947 -0.640243 -0.187461 -70.7409 0 0 0 1 
Seq_Frame0124_ForcepToReference-SequenceTransformStatus = OK
Seq_Frame0124_Timestamp = 13.527
Seq_Frame0125_ForcepToReference-SequenceTransform =0.557384 -0.444779 -0.701066 30.2858 0.366312 -0.626027 0.688408 -48.7451 -0.745076 -0.640517 -0.18601 -70.7713 0 0 0 1 
Seq_Frame0125_ForcepToReference-SequenceTransformStatus = OK
Seq_Frame0125_Timestamp = 13.654
Seq_Frame0126_ForcepToReference-SequenceTransform =0.557641 -0.444695 -0.700916 30.2809 0.365774 -0.626356 0.688395 -48.7747 -0.745149 -0.640254 -0.186624 -70.7499 0 0 0 1 
Seq_Frame0126_ForcepToReference-SequenceTransformStatus = OK
Seq_Frame0126_Timestamp = 13.779
Seq_Frame0127_ForcepToReference-SequenceTransform =0.557486 -0.444791 -0.700979 30.2837 0.365942 -0.626248 0.688404 -48.7652 -0.745182 -0.640293 -0.186356 -70.7281 0 0 0 1 
Seq_Frame0127_ForcepToReference-SequenceTransformStatus = OK
Seq_Frame0127_Timestamp = 13.9
Seq_Frame0128_ForcepToReference-SequenceTransform =0.557477 -0.444706 -0.701039 30.2578 0.365179 -0.626993 0.68813 -48.7988 -0.745562 -0.639622 -0.187137 -70.7277 0 0 0 1 
Seq_Frame0128_ForcepToReference-SequenceTransformStatus = OK
Seq_Frame0128_Timestamp = 14.008
Seq_Frame0129_ForcepToReference-SequenceTransform =0.5564 -0.444799 -0.701835 30.2744 0.365801 -0.627274 0.687544 -48.8342 -0.746062 -0.639282 -0.186308 -70.6875 0 0 0 1 
Seq_Frame0129_ForcepToReference-SequenceTransformStatus = OK
Seq_Frame0129_Timestamp = 14.134
Seq_Frame0130_ForcepToReference-SequenceTransform =0.556588 -0.444942 -0.701596 30.2603 0.365218 -0.627476 0.68767 -48.8138 -0.746208 -0.638984 -0.186744 -70.6785 0 0 0 1 
Seq_Frame0130_ForcepToReference-SequenceTransformStatus = OK
Seq_Frame0130_Timestamp = 14.234
Seq_Frame0131_ForcepToReference-SequenceTransform =0.557354 -0.444562 -0.701228 30.2702 0.364977 -0.627411 0.687857 -48.8528 -0.745754 -0.639312 -0.187435 -70.6734 0 0 0 1 
Seq_Frame0131_ForcepToReference-SequenceTransformStatus = OK
Seq_Frame0131_Timestamp = 14.359
Seq_Frame0132_ForcepToReference-SequenceTransform =0.558188 -0.444624 -0.700526 30.2715 0.366673 -0.625189 0.688977 -48.7111 -0.744297 -0.641442 -0.185942 -70.8051 0 0 0 1 
Seq_Frame0132_ForcepToReference-SequenceTransformStatus = OK
Seq_Frame0132_Timestamp = 14.492
Seq_Frame0133_ForcepToReference-SequenceTransform =0.559148 -0.444615 -0.699765 30.284 0.364914 -0.625899 0.689267 -48.7056 -0.74444 -0.640756 -0.187724 -70.8344 0 0 0 1 
Seq_Frame0133_ForcepToReference-SequenceTransformStatus = OK
Seq_Frame0133_Timestamp = 14.597
Seq_Frame0134_ForcepToReference-SequenceTransform =0.55767 -0.444955 -0.700728 30.2403 0.365044 -0.626702 0.688468 -48.7393 -0.745484 -0.639734 -0.187064 -70.7816 0 0 0 1 
Seq_Frame0134_ForcepToReference-SequenceTransformStatus = OK
Seq_Frame0134_Timestamp = 14.716
Seq_Frame0135_ForcepToReference-SequenceTransform =0.558414 -0.444602 -0.700359 30.2541 0.364642 -0.626766 0.688622 -48.7858 -0.745124 -0.639917 -0.187874 -70.7201 0 0 0 1 
Seq_Frame0135_ForcepToReference-SequenceTransformStatus = OK
Seq_Frame0135_Timestamp = 14.847
Seq_Frame0136_ForcepToReference-SequenceTransform =0.557445 -0.44481 -0.700999 30.2497 0.364603 -0.627412 0.688055 -48.8244 -0.745869 -0.639139 -0.187568 -70.679 0 0 0 1 
Seq_Frame0136_ForcepToReference-SequenceTransformStatus = OK
Seq_Frame0136_Timestamp = 14.968
Seq_Frame0137_ForcepToReference-SequenceTransform =0.557592 -0.44502 -0.700748 30.2468 0.364993 -0.626747 0.688453 -48.7673 -0.745568 -0.639644 -0.18704 -70.6806 0 0 0 1 
Seq_Frame0137_ForcepToReference-SequenceTransformStatus = OK
Seq_Frame0137_Timestamp = 15.094
Seq_Frame0138_ForcepToReference-SequenceTransform =0.557646 -0.444657 -0.700935 30.2512 0.365025 -0.62703 0.688178 -48.8217 -0.745511 -0.639619 -0.18735 -70.666 0 0 0 1 
Seq_Frame0138_ForcepToReference-SequenceTransformStatus = OK
Seq_Frame0138_Timestamp = 15.206
Seq_Frame0139_ForcepToReference-SequenceTransform =0.557493 -0.444735 -0.701008 30.2508 0.36516 -0.626968 0.688164 -48.7773 -0.74556 -0.639626 -0.187131 -70.711 0 0 0 1 
Seq_Frame0139_ForcepToReference-SequenceTransformStatus = OK
Seq_Frame0139_Timestamp = 15.324
Seq_Frame0140_ForcepToReference-SequenceTransform =0.556897 -0.444881 -0.701389 30.2475 0.365265 -0.627236 0.687864 -48.8069 -0.745954 -0.639262 -0.186806 -70.7113 0 0 0 1 
Seq_Frame0140_ForcepToReference-SequenceTransformStatus = OK
Seq_Frame0140_Timestamp = 15.449
Seq_Frame0141_ForcepToReference-SequenceTransform =0.557323 -0.444736 -0.701143 30.2598 0.366265 -0.626162 0.688311 -48.7839 -0.745145 -0.640415 -0.186083 -70.6789 0 0 0 1 
Seq_Frame0141_ForcepToReference-SequenceTransformStatus = OK
Seq_Frame0141_Timestamp = 15.556
Seq_Frame0142_ForcepToReference-SequenceTransform =0.557471 -0.44485 -0.700952 30.2575 0.364592 -0.62736 0.688108 -48.7964 -0.745854 -0.639162 -0.187546 -70.7149 0 0 0 1 
Seq_Frame0142_ForcepToReference-SequenceTransformStatus = OK
Seq_Frame0142_Timestamp = 15.673
Seq_Frame0143_ForcepToReference-SequenceTransform =0.556252 -0.445133 -0.701741 30.2608 0.365889 -0.626995 0.687751 -48.7612 -0.746129 -0.639323 -0.185898 -70.7068 0 0 0 1 
Seq_Frame0143_ForcepToReference-SequenceTransformStatus = OK
Seq_Frame0143_Timestamp = 15.784
Seq_Frame0144_ForcepToReference-SequenceTransform =0.557458 -0.444575 -0.701138 30.2567 0.366537 -0.625972 0.688338 -48.808 -0.74491 -0.640712 -0.186 -70.6632 0 0 0 1 
Seq_Frame0144_ForcepToReference-SequenceTransformStatus = OK
Seq_Frame0144_Timestamp = 15.906
Seq_Frame0145_ForcepToReference-SequenceTransform =0.557489 -0.444575 -0.701112 30.2579 0.365327 -0.626984 0.68806 -48.7987 -0.745481 -0.639721 -0.187122 -70.6867 0 0 0 1 
Seq_Frame0145_ForcepToReference-SequenceTransformStatus = OK
Seq_Frame0145_Timestamp = 16.03
Seq_Frame0146_ForcepToReference-SequenceTransform =0.557797 -0.445063 -0.700558 30.2509 0.364221 -0.627195 0.688455 -48.7735 -0.745792 -0.639176 -0.187746 -70.7564 0 0 0 1 
Seq_Frame0146_ForcepToReference-SequenceTransformStatus = OK
Seq_Frame0146_Timestamp = 16.142
Seq_Frame0147_ForcepToReference-SequenceTransform =0.557475 -0.44482 -0.700969 30.2712 0.364945 -0.627085 0.688172 -48.7834 -0.745679 -0.639453 -0.187249 -70.7333 0 0 0 1 
Seq_Frame0147_ForcepToReference-SequenceTransformStatus = OK
Seq_Frame0147_Timestamp = 16.254
Seq_Frame0148_ForcepToReference-SequenceTransform =0.556437 -0.44517 -0.701571 30.2496 0.364428 -0.628055 0.68756 -48.8244 -0.746707 -0.638255 -0.187241 -70.6828 0 0 0 1 
Seq_Frame0148_ForcepToReference-SequenceTransformStatus = OK
Seq_Frame0148_Timestamp = 16.384
Seq_Frame0149_ForcepToReference-SequenceTransform =0.557393 -0.444656 -0.701138 30.2551 0.3654 -0.626924 0.688077 -48.824 -0.745517 -0.639725 -0.186965 -70.6572 0 0 0 1 
Seq_Frame0149_ForcepToReference-SequenceTransformStatus = OK
Seq_Frame0149_Timestamp = 16.49
