ObjectType = Image
NDims = 3
AnatomicalOrientation = RAI
BinaryData = True
CompressedData = False
DimSize = 0 0 631
ElementSpacing = 1 1 1
Offset = 0 0 0
TransformMatrix = 1 0 0 0 1 0 0 0 1
ElementType = MET_UCHAR
Kinds = domain domain list
Seq_Frame0000_DriverToReference-SequenceTransform =-0.844525 -0.528052 0.089101 12.9503 -0.210998 0.481035 0.850932 78.3018 -0.492197 0.699833 -0.517664 120.014 0 0 0 1 
Seq_Frame0000_DriverToReference-SequenceTransformStatus = OK
Seq_Frame0000_Timestamp = 0.00200009
Seq_Frame0001_DriverToReference-SequenceTransform =-0.844843 -0.527674 0.0883144 13.0103 -0.211299 0.480737 0.851026 78.3039 -0.49152 0.700323 -0.517645 120.008 0 0 0 1 
Seq_Frame0001_DriverToReference-SequenceTransformStatus = OK
Seq_Frame0001_Timestamp = 0.108
Seq_Frame0002_DriverToReference-SequenceTransform =-0.844705 -0.527656 0.089742 12.9088 -0.21033 0.481424 0.850877 78.3499 -0.492174 0.699864 -0.517643 119.936 0 0 0 1 
Seq_Frame0002_DriverToReference-SequenceTransformStatus = OK
Seq_Frame0002_Timestamp = 0.217
Seq_Frame0003_DriverToReference-SequenceTransform =-0.845084 -0.527251 0.0885403 12.9626 -0.211591 0.481927 0.850279 78.3711 -0.49098 0.699823 -0.518831 119.977 0 0 0 1 
Seq_Frame0003_DriverToReference-SequenceTransformStatus = OK
Seq_Frame0003_Timestamp = 0.323
Seq_Frame0004_DriverToReference-SequenceTransform =-0.845608 -0.526542 0.0877472 13.0228 -0.212683 0.483102 0.84934 78.3657 -0.489604 0.699547 -0.520502 120.004 0 0 0 1 
Seq_Frame0004_DriverToReference-SequenceTransformStatus = OK
Seq_Frame0004_Timestamp = 0.433
Seq_Frame0005_DriverToReference-SequenceTransform =-0.841354 -0.532119 0.0947286 12.5535 -0.208208 0.480833 0.851733 78.3345 -0.498772 0.696885 -0.515342 119.817 0 0 0 1 
Seq_Frame0005_DriverToReference-SequenceTransformStatus = OK
Seq_Frame0005_Timestamp = 0.55
Seq_Frame0006_DriverToReference-SequenceTransform =-0.831877 -0.545134 0.103964 12.8371 -0.205709 0.476887 0.854554 78.0362 -0.515426 0.689498 -0.50885 119.55 0 0 0 1 
Seq_Frame0006_DriverToReference-SequenceTransformStatus = OK
Seq_Frame0006_Timestamp = 0.653
Seq_Frame0007_DriverToReference-SequenceTransform =-0.767406 -0.637626 0.0672351 9.84433 -0.27817 0.425588 0.861102 76.9648 -0.577675 0.642112 -0.503967 117.868 0 0 0 1 
Seq_Frame0007_DriverToReference-SequenceTransformStatus = OK
Seq_Frame0007_Timestamp = 0.758
Seq_Frame0008_DriverToReference-SequenceTransform =-0.788169 -0.613111 0.053706 11.2565 -0.288075 0.44462 0.848131 74.7722 -0.543877 0.652999 -0.527058 113.012 0 0 0 1 
Seq_Frame0008_DriverToReference-SequenceTransformStatus = OK
Seq_Frame0008_Timestamp = 0.863
Seq_Frame0009_DriverToReference-SequenceTransform =-0.778947 -0.627081 0.00339645 10.8126 -0.348093 0.436886 0.829434 78.2013 -0.521607 0.644903 -0.558594 114.78 0 0 0 1 
Seq_Frame0009_DriverToReference-SequenceTransformStatus = OK
Seq_Frame0009_Timestamp = 0.973
Seq_Frame0010_DriverToReference-SequenceTransform =-0.866377 -0.477977 -0.144665 15.5536 -0.430405 0.567769 0.701705 89.8575 -0.253262 0.670206 -0.697626 107.301 0 0 0 1 
Seq_Frame0010_DriverToReference-SequenceTransformStatus = OK
Seq_Frame0010_Timestamp = 1.084
Seq_Frame0011_DriverToReference-SequenceTransform =-0.74965 -0.50967 -0.42221 22.0744 -0.661646 0.592341 0.459735 117.022 0.0157792 0.623995 -0.781269 106.511 0 0 0 1 
Seq_Frame0011_DriverToReference-SequenceTransformStatus = OK
Seq_Frame0011_Timestamp = 1.21
Seq_Frame0012_DriverToReference-SequenceTransform =-0.622918 -0.274224 -0.732649 15.2951 -0.638798 0.718915 0.27404 140.314 0.451565 0.638719 -0.622998 102.508 0 0 0 1 
Seq_Frame0012_DriverToReference-SequenceTransformStatus = OK
Seq_Frame0012_Timestamp = 1.324
Seq_Frame0013_DriverToReference-SequenceTransform =-0.654017 -0.2955 -0.696377 20.8153 -0.666721 0.660094 0.346061 167.715 0.357413 0.690619 -0.628729 101.05 0 0 0 1 
Seq_Frame0013_DriverToReference-SequenceTransformStatus = OK
Seq_Frame0013_Timestamp = 1.433
Seq_Frame0014_DriverToReference-SequenceTransform =-0.564748 -0.361932 -0.741664 28.5758 -0.729774 0.638653 0.244032 185.763 0.385343 0.679064 -0.624806 104.048 0 0 0 1 
Seq_Frame0014_DriverToReference-SequenceTransformStatus = OK
Seq_Frame0014_Timestamp = 1.539
Seq_Frame0015_DriverToReference-SequenceTransform =-0.412281 -0.296365 -0.861506 33.3247 -0.777583 0.607225 0.163229 200.813 0.474752 0.737188 -0.480795 101.484 0 0 0 1 
Seq_Frame0015_DriverToReference-SequenceTransformStatus = OK
Seq_Frame0015_Timestamp = 1.648
Seq_Frame0016_DriverToReference-SequenceTransform =-0.335999 -0.346762 -0.875706 35.2417 -0.774805 0.630402 0.0476581 218.77 0.53552 0.694514 -0.480487 97.5542 0 0 0 1 
Seq_Frame0016_DriverToReference-SequenceTransformStatus = OK
Seq_Frame0016_Timestamp = 1.754
Seq_Frame0017_DriverToReference-SequenceTransform =-0.257571 -0.433933 -0.863342 38.3118 -0.762225 0.640382 -0.0944652 233.075 0.593861 0.633729 -0.495698 99.6926 0 0 0 1 
Seq_Frame0017_DriverToReference-SequenceTransformStatus = OK
Seq_Frame0017_Timestamp = 1.86
Seq_Frame0018_DriverToReference-SequenceTransform =-0.348752 -0.412761 -0.841428 49.2928 -0.80269 0.594998 0.0408201 233.46 0.483799 0.689641 -0.538826 109.596 0 0 0 1 
Seq_Frame0018_DriverToReference-SequenceTransformStatus = OK
Seq_Frame0018_Timestamp = 1.969
Seq_Frame0019_DriverToReference-SequenceTransform =-0.424438 -0.48505 -0.764578 53.8742 -0.849716 0.50507 0.151283 233.437 0.312785 0.713884 -0.626526 118.46 0 0 0 1 
Seq_Frame0019_DriverToReference-SequenceTransformStatus = OK
Seq_Frame0019_Timestamp = 2.076
Seq_Frame0020_DriverToReference-SequenceTransform =-0.330154 -0.538378 -0.775337 50.9086 -0.8864 0.459198 0.0585889 234.542 0.32449 0.706602 -0.628824 121.187 0 0 0 1 
Seq_Frame0020_DriverToReference-SequenceTransformStatus = OK
Seq_Frame0020_Timestamp = 2.183
Seq_Frame0021_DriverToReference-SequenceTransform =-0.282399 -0.592416 -0.754516 52.0635 -0.893744 0.448238 -0.0174301 232.798 0.348529 0.669422 -0.65605 123.275 0 0 0 1 
Seq_Frame0021_DriverToReference-SequenceTransformStatus = OK
Seq_Frame0021_Timestamp = 2.284
Seq_Frame0022_DriverToReference-SequenceTransform =-0.245978 -0.619759 -0.745248 53.1471 -0.919217 0.393051 -0.0234679 228.809 0.307465 0.679272 -0.666375 127.077 0 0 0 1 
Seq_Frame0022_DriverToReference-SequenceTransformStatus = OK
Seq_Frame0022_Timestamp = 2.384
Seq_Frame0023_DriverToReference-SequenceTransform =-0.260458 -0.603486 -0.753636 54.5356 -0.906731 0.421037 -0.0237841 230.436 0.331662 0.67715 -0.656862 130.345 0 0 0 1 
Seq_Frame0023_DriverToReference-SequenceTransformStatus = OK
Seq_Frame0023_Timestamp = 2.493
Seq_Frame0024_DriverToReference-SequenceTransform =-0.260458 -0.603486 -0.753636 54.5356 -0.906731 0.421037 -0.0237841 230.436 0.331662 0.67715 -0.656862 130.345 0 0 0 1 
Seq_Frame0024_DriverToReference-SequenceTransformStatus = OK
Seq_Frame0024_Timestamp = 2.598
Seq_Frame0025_DriverToReference-SequenceTransform =-0.303634 -0.731048 -0.611044 55.9082 -0.952309 0.253199 0.170287 227.296 0.0302277 0.633608 -0.773064 136.053 0 0 0 1 
Seq_Frame0025_DriverToReference-SequenceTransformStatus = OK
Seq_Frame0025_Timestamp = 2.709
Seq_Frame0026_DriverToReference-SequenceTransform =-0.408325 -0.786691 -0.463021 65.8451 -0.910084 0.311471 0.273375 229.657 -0.0708437 0.533014 -0.843136 137.615 0 0 0 1 
Seq_Frame0026_DriverToReference-SequenceTransformStatus = OK
Seq_Frame0026_Timestamp = 2.823
Seq_Frame0027_DriverToReference-SequenceTransform =-0.52774 -0.74995 -0.398829 72.5246 -0.849241 0.456593 0.265167 249.005 -0.0167594 0.478641 -0.877851 133.512 0 0 0 1 
Seq_Frame0027_DriverToReference-SequenceTransformStatus = OK
Seq_Frame0027_Timestamp = 3.619
Seq_Frame0028_DriverToReference-SequenceTransform =-0.531021 -0.758562 -0.377625 72.7152 -0.844797 0.43931 0.305492 246.335 -0.06584 0.481239 -0.874113 143.39 0 0 0 1 
Seq_Frame0028_DriverToReference-SequenceTransformStatus = OK
Seq_Frame0028_Timestamp = 3.723
Seq_Frame0029_DriverToReference-SequenceTransform =-0.52869 -0.756038 -0.385867 72.4953 -0.847491 0.444789 0.289693 247.988 -0.0473898 0.480176 -0.875891 143.67 0 0 0 1 
Seq_Frame0029_DriverToReference-SequenceTransformStatus = OK
Seq_Frame0029_Timestamp = 3.833
Seq_Frame0030_DriverToReference-SequenceTransform =-0.532198 -0.752928 -0.387123 72.8613 -0.844789 0.442229 0.301271 249.788 -0.0556381 0.487374 -0.871419 144.045 0 0 0 1 
Seq_Frame0030_DriverToReference-SequenceTransformStatus = OK
Seq_Frame0030_Timestamp = 3.938
Seq_Frame0031_DriverToReference-SequenceTransform =-0.532013 -0.751122 -0.390867 73.1096 -0.845231 0.443584 0.298024 251.737 -0.0504699 0.488925 -0.870864 144.5 0 0 0 1 
Seq_Frame0031_DriverToReference-SequenceTransformStatus = OK
Seq_Frame0031_Timestamp = 4.048
Seq_Frame0032_DriverToReference-SequenceTransform =-0.528168 -0.756839 -0.385011 73.1033 -0.847054 0.437844 0.301317 252.049 -0.0594737 0.485271 -0.872339 145.385 0 0 0 1 
Seq_Frame0032_DriverToReference-SequenceTransformStatus = OK
Seq_Frame0032_Timestamp = 4.153
Seq_Frame0033_DriverToReference-SequenceTransform =-0.525466 -0.765736 -0.370856 73.7876 -0.845441 0.421021 0.328589 253.746 -0.0954742 0.486199 -0.868617 144.932 0 0 0 1 
Seq_Frame0033_DriverToReference-SequenceTransformStatus = OK
Seq_Frame0033_Timestamp = 4.268
Seq_Frame0034_DriverToReference-SequenceTransform =-0.5324 -0.758128 -0.376553 73.5582 -0.842754 0.432954 0.31987 255.389 -0.0794729 0.48764 -0.86942 144.879 0 0 0 1 
Seq_Frame0034_DriverToReference-SequenceTransformStatus = OK
Seq_Frame0034_Timestamp = 4.377
Seq_Frame0035_DriverToReference-SequenceTransform =-0.538861 -0.751156 -0.381306 72.7508 -0.839164 0.439047 0.321001 254.887 -0.0737102 0.492953 -0.866928 144.948 0 0 0 1 
Seq_Frame0035_DriverToReference-SequenceTransformStatus = OK
Seq_Frame0035_Timestamp = 4.484
Seq_Frame0036_DriverToReference-SequenceTransform =-0.545917 -0.74353 -0.386183 73.6199 -0.836354 0.456176 0.303999 253.867 -0.049865 0.488944 -0.870889 146.03 0 0 0 1 
Seq_Frame0036_DriverToReference-SequenceTransformStatus = OK
Seq_Frame0036_Timestamp = 4.588
Seq_Frame0037_DriverToReference-SequenceTransform =-0.566427 -0.746633 -0.348853 72.8442 -0.818177 0.458768 0.346582 251.792 -0.0987272 0.481737 -0.870737 145.374 0 0 0 1 
Seq_Frame0037_DriverToReference-SequenceTransformStatus = OK
Seq_Frame0037_Timestamp = 4.698
Seq_Frame0038_DriverToReference-SequenceTransform =-0.572089 -0.746039 -0.340793 72.8477 -0.814213 0.466497 0.345598 249.296 -0.098851 0.475191 -0.874313 145.523 0 0 0 1 
Seq_Frame0038_DriverToReference-SequenceTransformStatus = OK
Seq_Frame0038_Timestamp = 4.808
Seq_Frame0039_DriverToReference-SequenceTransform =-0.581326 -0.737909 -0.342855 74.2687 -0.808773 0.47786 0.342837 247.605 -0.0891454 0.476592 -0.874593 145.972 0 0 0 1 
Seq_Frame0039_DriverToReference-SequenceTransformStatus = OK
Seq_Frame0039_Timestamp = 4.909
Seq_Frame0040_DriverToReference-SequenceTransform =-0.595486 -0.729979 -0.335452 75.8297 -0.799254 0.496122 0.3392 245.114 -0.0811837 0.470099 -0.878872 145.957 0 0 0 1 
Seq_Frame0040_DriverToReference-SequenceTransformStatus = OK
Seq_Frame0040_Timestamp = 5.018
Seq_Frame0041_DriverToReference-SequenceTransform =-0.603934 -0.728508 -0.323328 74.8735 -0.793121 0.509148 0.334256 241.299 -0.0788859 0.458307 -0.885286 145.715 0 0 0 1 
Seq_Frame0041_DriverToReference-SequenceTransformStatus = OK
Seq_Frame0041_Timestamp = 5.118
Seq_Frame0042_DriverToReference-SequenceTransform =-0.60658 -0.727513 -0.320603 74.4899 -0.791445 0.51436 0.330225 238.977 -0.0753373 0.454047 -0.887787 145.833 0 0 0 1 
Seq_Frame0042_DriverToReference-SequenceTransformStatus = OK
Seq_Frame0042_Timestamp = 5.226
Seq_Frame0043_DriverToReference-SequenceTransform =-0.603117 -0.721084 -0.34101 76.1224 -0.796781 0.524649 0.299805 239.559 -0.0372738 0.452527 -0.890971 146.505 0 0 0 1 
Seq_Frame0043_DriverToReference-SequenceTransformStatus = OK
Seq_Frame0043_Timestamp = 5.333
Seq_Frame0044_DriverToReference-SequenceTransform =-0.609958 -0.727768 -0.313538 77.1627 -0.788552 0.518319 0.330956 239.719 -0.0783469 0.44911 -0.890035 146.351 0 0 0 1 
Seq_Frame0044_DriverToReference-SequenceTransformStatus = OK
Seq_Frame0044_Timestamp = 5.443
Seq_Frame0045_DriverToReference-SequenceTransform =-0.616503 -0.724251 -0.308843 77.9211 -0.783081 0.523214 0.336201 240.71 -0.0819028 0.449118 -0.889711 146.547 0 0 0 1 
Seq_Frame0045_DriverToReference-SequenceTransformStatus = OK
Seq_Frame0045_Timestamp = 5.551
Seq_Frame0046_DriverToReference-SequenceTransform =-0.620423 -0.715668 -0.320772 75.8783 -0.78165 0.530884 0.327391 240.388 -0.0640109 0.453852 -0.888775 146.256 0 0 0 1 
Seq_Frame0046_DriverToReference-SequenceTransformStatus = OK
Seq_Frame0046_Timestamp = 5.659
Seq_Frame0047_DriverToReference-SequenceTransform =-0.611036 -0.721381 -0.325951 76.543 -0.789651 0.526564 0.314931 240.653 -0.0555513 0.449821 -0.891389 146.95 0 0 0 1 
Seq_Frame0047_DriverToReference-SequenceTransformStatus = OK
Seq_Frame0047_Timestamp = 5.763
Seq_Frame0048_DriverToReference-SequenceTransform =-0.605406 -0.727065 -0.323821 76.6909 -0.792785 0.514798 0.326306 243.325 -0.0705434 0.454268 -0.888068 147.172 0 0 0 1 
Seq_Frame0048_DriverToReference-SequenceTransformStatus = OK
Seq_Frame0048_Timestamp = 5.868
Seq_Frame0049_DriverToReference-SequenceTransform =-0.604647 -0.722286 -0.335716 73.8272 -0.792672 0.504443 0.342357 245.535 -0.0779296 0.473118 -0.877546 146.041 0 0 0 1 
Seq_Frame0049_DriverToReference-SequenceTransformStatus = OK
Seq_Frame0049_Timestamp = 5.975
Seq_Frame0050_DriverToReference-SequenceTransform =-0.603677 -0.729957 -0.320526 74.0361 -0.790173 0.494475 0.362105 248.028 -0.105829 0.471866 -0.875296 146.369 0 0 0 1 
Seq_Frame0050_DriverToReference-SequenceTransformStatus = OK
Seq_Frame0050_Timestamp = 6.083
Seq_Frame0051_DriverToReference-SequenceTransform =-0.611586 -0.731308 -0.301913 76.4916 -0.779093 0.49023 0.390754 253.228 -0.137755 0.474198 -0.869574 146.404 0 0 0 1 
Seq_Frame0051_DriverToReference-SequenceTransformStatus = OK
Seq_Frame0051_Timestamp = 6.184
Seq_Frame0052_DriverToReference-SequenceTransform =-0.673095 -0.692112 -0.260623 77.1388 -0.713744 0.515638 0.474012 263.894 -0.193683 0.505073 -0.841064 144.329 0 0 0 1 
Seq_Frame0052_DriverToReference-SequenceTransformStatus = OK
Seq_Frame0052_Timestamp = 6.298
Seq_Frame0053_DriverToReference-SequenceTransform =-0.736909 -0.654641 -0.168554 77.971 -0.601915 0.521944 0.604378 284.944 -0.307674 0.546827 -0.778664 138.358 0 0 0 1 
Seq_Frame0053_DriverToReference-SequenceTransformStatus = OK
Seq_Frame0053_Timestamp = 6.403
Seq_Frame0054_DriverToReference-SequenceTransform =-0.732011 -0.661142 -0.164471 79.5984 -0.568965 0.46045 0.68137 307.219 -0.374752 0.592349 -0.713221 134.56 0 0 0 1 
Seq_Frame0054_DriverToReference-SequenceTransformStatus = OK
Seq_Frame0054_Timestamp = 6.508
Seq_Frame0055_DriverToReference-SequenceTransform =-0.732011 -0.661142 -0.164471 79.5984 -0.568965 0.46045 0.68137 307.219 -0.374752 0.592349 -0.713221 134.56 0 0 0 1 
Seq_Frame0055_DriverToReference-SequenceTransformStatus = OK
Seq_Frame0055_Timestamp = 6.614
Seq_Frame0056_DriverToReference-SequenceTransform =-0.732011 -0.661142 -0.164471 79.5984 -0.568965 0.46045 0.68137 307.219 -0.374752 0.592349 -0.713221 134.56 0 0 0 1 
Seq_Frame0056_DriverToReference-SequenceTransformStatus = OK
Seq_Frame0056_Timestamp = 6.723
Seq_Frame0057_DriverToReference-SequenceTransform =-0.732011 -0.661142 -0.164471 79.5984 -0.568965 0.46045 0.68137 307.219 -0.374752 0.592349 -0.713221 134.56 0 0 0 1 
Seq_Frame0057_DriverToReference-SequenceTransformStatus = OK
Seq_Frame0057_Timestamp = 6.825
Seq_Frame0058_DriverToReference-SequenceTransform =-0.732011 -0.661142 -0.164471 79.5984 -0.568965 0.46045 0.68137 307.219 -0.374752 0.592349 -0.713221 134.56 0 0 0 1 
Seq_Frame0058_DriverToReference-SequenceTransformStatus = OK
Seq_Frame0058_Timestamp = 6.934
Seq_Frame0059_DriverToReference-SequenceTransform =-0.732011 -0.661142 -0.164471 79.5984 -0.568965 0.46045 0.68137 307.219 -0.374752 0.592349 -0.713221 134.56 0 0 0 1 
Seq_Frame0059_DriverToReference-SequenceTransformStatus = OK
Seq_Frame0059_Timestamp = 7.041
Seq_Frame0060_DriverToReference-SequenceTransform =-0.595562 -0.767673 -0.236609 86.0204 -0.678894 0.323539 0.65911 342.094 -0.429429 0.553174 -0.713856 136.365 0 0 0 1 
Seq_Frame0060_DriverToReference-SequenceTransformStatus = OK
Seq_Frame0060_Timestamp = 7.16
Seq_Frame0061_DriverToReference-SequenceTransform =-0.58603 -0.763313 -0.271886 87.4092 -0.704961 0.314863 0.635524 338.451 -0.399497 0.564106 -0.722625 135.686 0 0 0 1 
Seq_Frame0061_DriverToReference-SequenceTransformStatus = OK
Seq_Frame0061_Timestamp = 7.268
Seq_Frame0062_DriverToReference-SequenceTransform =-0.522361 -0.788991 -0.323468 85.796 -0.754573 0.250998 0.606317 334.161 -0.397189 0.560797 -0.726463 135.31 0 0 0 1 
Seq_Frame0062_DriverToReference-SequenceTransformStatus = OK
Seq_Frame0062_Timestamp = 7.368
Seq_Frame0063_DriverToReference-SequenceTransform =-0.503193 -0.785082 -0.36117 84.7527 -0.779846 0.232456 0.58121 331.641 -0.372341 0.574118 -0.729213 135.201 0 0 0 1 
Seq_Frame0063_DriverToReference-SequenceTransformStatus = OK
Seq_Frame0063_Timestamp = 7.469
Seq_Frame0064_DriverToReference-SequenceTransform =-0.499978 -0.783978 -0.367968 83.9022 -0.797689 0.251442 0.548151 330.774 -0.337216 0.567587 -0.751086 135.511 0 0 0 1 
Seq_Frame0064_DriverToReference-SequenceTransformStatus = OK
Seq_Frame0064_Timestamp = 7.583
Seq_Frame0065_DriverToReference-SequenceTransform =-0.510939 -0.775467 -0.370934 82.3884 -0.792215 0.257285 0.553353 329.336 -0.333671 0.576589 -0.745794 133.668 0 0 0 1 
Seq_Frame0065_DriverToReference-SequenceTransformStatus = OK
Seq_Frame0065_Timestamp = 7.688
Seq_Frame0066_DriverToReference-SequenceTransform =-0.504201 -0.778394 -0.37401 82.8683 -0.798406 0.2551 0.54541 327.588 -0.329134 0.573608 -0.750096 133.392 0 0 0 1 
Seq_Frame0066_DriverToReference-SequenceTransformStatus = OK
Seq_Frame0066_Timestamp = 7.793
Seq_Frame0067_DriverToReference-SequenceTransform =-0.493102 -0.762748 -0.418408 82.7914 -0.827216 0.26216 0.496977 325.473 -0.269378 0.591174 -0.760229 132.163 0 0 0 1 
Seq_Frame0067_DriverToReference-SequenceTransformStatus = OK
Seq_Frame0067_Timestamp = 7.9
Seq_Frame0068_DriverToReference-SequenceTransform =-0.486222 -0.735321 -0.472113 83.543 -0.855689 0.29112 0.427839 323.789 -0.177158 0.612007 -0.770755 130.508 0 0 0 1 
Seq_Frame0068_DriverToReference-SequenceTransformStatus = OK
Seq_Frame0068_Timestamp = 8.008
Seq_Frame0069_DriverToReference-SequenceTransform =-0.448331 -0.739599 -0.501989 82.6802 -0.884771 0.287264 0.36696 321.567 -0.1272 0.608665 -0.783165 128.861 0 0 0 1 
Seq_Frame0069_DriverToReference-SequenceTransformStatus = OK
Seq_Frame0069_Timestamp = 8.117
Seq_Frame0070_DriverToReference-SequenceTransform =-0.423953 -0.748988 -0.509196 81.9565 -0.90028 0.287182 0.327143 319.475 -0.0987944 0.597112 -0.796051 127.62 0 0 0 1 
Seq_Frame0070_DriverToReference-SequenceTransformStatus = OK
Seq_Frame0070_Timestamp = 8.223
Seq_Frame0071_DriverToReference-SequenceTransform =-0.359974 -0.748864 -0.556436 78.6699 -0.932786 0.30049 0.199038 315.944 0.0181511 0.590684 -0.806699 126.016 0 0 0 1 
Seq_Frame0071_DriverToReference-SequenceTransformStatus = OK
Seq_Frame0071_Timestamp = 8.328
Seq_Frame0072_DriverToReference-SequenceTransform =-0.29871 -0.747817 -0.59291 75.46 -0.951326 0.282696 0.122727 314.282 0.0758353 0.60071 -0.795862 125.164 0 0 0 1 
Seq_Frame0072_DriverToReference-SequenceTransformStatus = OK
Seq_Frame0072_Timestamp = 8.443
Seq_Frame0073_DriverToReference-SequenceTransform =-0.268894 -0.752241 -0.601522 73.0266 -0.9604 0.256735 0.108257 313.369 0.0729966 0.606812 -0.791487 123.892 0 0 0 1 
Seq_Frame0073_DriverToReference-SequenceTransformStatus = OK
Seq_Frame0073_Timestamp = 8.544
Seq_Frame0074_DriverToReference-SequenceTransform =-0.246207 -0.748302 -0.615976 71.716 -0.962084 0.265654 0.0618253 313.213 0.117372 0.607842 -0.785335 125.004 0 0 0 1 
Seq_Frame0074_DriverToReference-SequenceTransformStatus = OK
Seq_Frame0074_Timestamp = 8.653
Seq_Frame0075_DriverToReference-SequenceTransform =-0.275674 -0.756706 -0.592789 70.2997 -0.959778 0.25081 0.126178 314.153 0.0531974 0.60373 -0.795412 124.66 0 0 0 1 
Seq_Frame0075_DriverToReference-SequenceTransformStatus = OK
Seq_Frame0075_Timestamp = 8.758
Seq_Frame0076_DriverToReference-SequenceTransform =-0.289581 -0.745409 -0.600423 69.7623 -0.956393 0.250349 0.150461 315.537 0.0381602 0.617811 -0.7854 125.023 0 0 0 1 
Seq_Frame0076_DriverToReference-SequenceTransformStatus = OK
Seq_Frame0076_Timestamp = 8.863
Seq_Frame0077_DriverToReference-SequenceTransform =-0.277571 -0.744586 -0.60708 69.0589 -0.959324 0.248688 0.133608 315.05 0.0514913 0.619472 -0.783328 124.921 0 0 0 1 
Seq_Frame0077_DriverToReference-SequenceTransformStatus = OK
Seq_Frame0077_Timestamp = 8.973
Seq_Frame0078_DriverToReference-SequenceTransform =-0.24551 -0.73875 -0.627673 68.3935 -0.964634 0.250267 0.082754 312.91 0.0959514 0.625792 -0.774066 125.467 0 0 0 1 
Seq_Frame0078_DriverToReference-SequenceTransformStatus = OK
Seq_Frame0078_Timestamp = 9.076
Seq_Frame0079_DriverToReference-SequenceTransform =-0.212208 -0.744628 -0.632847 68.6177 -0.969701 0.240657 0.0419983 308.557 0.121026 0.622585 -0.773137 126.663 0 0 0 1 
Seq_Frame0079_DriverToReference-SequenceTransformStatus = OK
Seq_Frame0079_Timestamp = 9.188
Seq_Frame0080_DriverToReference-SequenceTransform =-0.202075 -0.757788 -0.620421 73.4279 -0.96707 0.254476 0.0041616 305.491 0.154729 0.600832 -0.784258 130.535 0 0 0 1 
Seq_Frame0080_DriverToReference-SequenceTransformStatus = OK
Seq_Frame0080_Timestamp = 9.299
Seq_Frame0081_DriverToReference-SequenceTransform =-0.183523 -0.754759 -0.629809 71.1787 -0.961645 0.270712 -0.044201 302.087 0.203858 0.59754 -0.775492 129.484 0 0 0 1 
Seq_Frame0081_DriverToReference-SequenceTransformStatus = OK
Seq_Frame0081_Timestamp = 9.408
Seq_Frame0082_DriverToReference-SequenceTransform =-0.131698 -0.808796 -0.573153 120.621 -0.934638 0.293974 -0.200079 310.083 0.330315 0.509341 -0.794647 160.946 0 0 0 1 
Seq_Frame0082_DriverToReference-SequenceTransformStatus = OK
Seq_Frame0082_Timestamp = 10.067
Seq_Frame0083_DriverToReference-SequenceTransform =-0.0950358 -0.83103 -0.548048 136.714 -0.918345 0.28567 -0.273926 313.384 0.384201 0.477264 -0.790321 166.392 0 0 0 1 
Seq_Frame0083_DriverToReference-SequenceTransformStatus = OK
Seq_Frame0083_Timestamp = 10.173
Seq_Frame0084_DriverToReference-SequenceTransform =-0.0652353 -0.851027 -0.521054 157.894 -0.901476 0.274165 -0.334925 315.912 0.427885 0.447868 -0.785066 168.623 0 0 0 1 
Seq_Frame0084_DriverToReference-SequenceTransformStatus = OK
Seq_Frame0084_Timestamp = 10.278
Seq_Frame0085_DriverToReference-SequenceTransform =-0.0119972 -0.893346 -0.449209 190.938 -0.895186 0.209761 -0.393245 337.167 0.44553 0.397408 -0.802228 177.307 0 0 0 1 
Seq_Frame0085_DriverToReference-SequenceTransformStatus = OK
Seq_Frame0085_Timestamp = 10.383
Seq_Frame0086_DriverToReference-SequenceTransform =0.0826707 -0.946187 -0.312883 235.156 -0.901 0.0632014 -0.429191 397.404 0.42587 0.317389 -0.847289 196.482 0 0 0 1 
Seq_Frame0086_DriverToReference-SequenceTransformStatus = OK
Seq_Frame0086_Timestamp = 10.493
Seq_Frame0087_DriverToReference-SequenceTransform =0.204484 -0.95851 -0.198609 259.26 -0.889142 -0.097017 -0.447229 473.751 0.409405 0.268043 -0.87209 205.124 0 0 0 1 
Seq_Frame0087_DriverToReference-SequenceTransformStatus = OK
Seq_Frame0087_Timestamp = 10.599
Seq_Frame0088_DriverToReference-SequenceTransform =0.222261 -0.940672 -0.256392 239.984 -0.876667 -0.0777314 -0.474777 490.272 0.42668 0.330294 -0.841932 183.375 0 0 0 1 
Seq_Frame0088_DriverToReference-SequenceTransformStatus = OK
Seq_Frame0088_Timestamp = 10.703
Seq_Frame0089_DriverToReference-SequenceTransform =0.07415 -0.906831 -0.414922 200.666 -0.881364 0.135073 -0.452717 424.603 0.466582 0.399266 -0.789232 167.244 0 0 0 1 
Seq_Frame0089_DriverToReference-SequenceTransformStatus = OK
Seq_Frame0089_Timestamp = 10.813
Seq_Frame0090_DriverToReference-SequenceTransform =-0.0145554 -0.872792 -0.487876 157.715 -0.820579 0.289233 -0.492945 348.715 0.571348 0.393166 -0.720404 167.885 0 0 0 1 
Seq_Frame0090_DriverToReference-SequenceTransformStatus = OK
Seq_Frame0090_Timestamp = 10.918
Seq_Frame0091_DriverToReference-SequenceTransform =-0.0265052 -0.810327 -0.585378 110.394 -0.728275 0.416785 -0.543972 278.282 0.684772 0.411898 -0.601188 174.32 0 0 0 1 
Seq_Frame0091_DriverToReference-SequenceTransformStatus = OK
Seq_Frame0091_Timestamp = 11.025
Seq_Frame0092_DriverToReference-SequenceTransform =-0.032632 -0.801912 -0.59655 101.827 -0.711188 0.438001 -0.549879 273.297 0.702244 0.406316 -0.584603 168.253 0 0 0 1 
Seq_Frame0092_DriverToReference-SequenceTransformStatus = OK
Seq_Frame0092_Timestamp = 11.648
Seq_Frame0093_DriverToReference-SequenceTransform =-0.032632 -0.801912 -0.59655 101.827 -0.711188 0.438001 -0.549879 273.297 0.702244 0.406316 -0.584603 168.253 0 0 0 1 
Seq_Frame0093_DriverToReference-SequenceTransformStatus = OK
Seq_Frame0093_Timestamp = 11.754
Seq_Frame0094_DriverToReference-SequenceTransform =-0.032632 -0.801912 -0.59655 101.827 -0.711188 0.438001 -0.549879 273.297 0.702244 0.406316 -0.584603 168.253 0 0 0 1 
Seq_Frame0094_DriverToReference-SequenceTransformStatus = OK
Seq_Frame0094_Timestamp = 11.86
Seq_Frame0095_DriverToReference-SequenceTransform =0.0782226 -0.782729 -0.617428 40.8057 -0.253796 0.583286 -0.771599 172.671 0.96409 0.217057 -0.153027 192.144 0 0 0 1 
Seq_Frame0095_DriverToReference-SequenceTransformStatus = OK
Seq_Frame0095_Timestamp = 11.976
Seq_Frame0096_DriverToReference-SequenceTransform =0.0644217 -0.798561 -0.598457 40.3756 -0.224758 0.572683 -0.788364 169.929 0.972283 0.185296 -0.14259 189.264 0 0 0 1 
Seq_Frame0096_DriverToReference-SequenceTransformStatus = OK
Seq_Frame0096_Timestamp = 12.078
Seq_Frame0097_DriverToReference-SequenceTransform =0.0955333 -0.818361 -0.566708 38.0364 -0.166972 0.548072 -0.819596 167.913 0.981322 0.172923 -0.0842847 190.049 0 0 0 1 
Seq_Frame0097_DriverToReference-SequenceTransformStatus = OK
Seq_Frame0097_Timestamp = 12.187
Seq_Frame0098_DriverToReference-SequenceTransform =0.0834445 -0.827898 -0.554637 37.4958 -0.153067 0.539324 -0.82807 167.792 0.984686 0.153995 -0.0817204 188.471 0 0 0 1 
Seq_Frame0098_DriverToReference-SequenceTransformStatus = OK
Seq_Frame0098_Timestamp = 12.293
Seq_Frame0099_DriverToReference-SequenceTransform =0.0834445 -0.827898 -0.554637 37.4958 -0.153067 0.539324 -0.82807 167.792 0.984686 0.153995 -0.0817204 188.471 0 0 0 1 
Seq_Frame0099_DriverToReference-SequenceTransformStatus = OK
Seq_Frame0099_Timestamp = 12.4
Seq_Frame0100_DriverToReference-SequenceTransform =0.0834445 -0.827898 -0.554637 37.4958 -0.153067 0.539324 -0.82807 167.792 0.984686 0.153995 -0.0817204 188.471 0 0 0 1 
Seq_Frame0100_DriverToReference-SequenceTransformStatus = OK
Seq_Frame0100_Timestamp = 12.508
Seq_Frame0101_DriverToReference-SequenceTransform =0.0834445 -0.827898 -0.554637 37.4958 -0.153067 0.539324 -0.82807 167.792 0.984686 0.153995 -0.0817204 188.471 0 0 0 1 
Seq_Frame0101_DriverToReference-SequenceTransformStatus = OK
Seq_Frame0101_Timestamp = 12.613
Seq_Frame0102_DriverToReference-SequenceTransform =0.0834445 -0.827898 -0.554637 37.4958 -0.153067 0.539324 -0.82807 167.792 0.984686 0.153995 -0.0817204 188.471 0 0 0 1 
Seq_Frame0102_DriverToReference-SequenceTransformStatus = OK
Seq_Frame0102_Timestamp = 12.717
Seq_Frame0103_DriverToReference-SequenceTransform =0.0834445 -0.827898 -0.554637 37.4958 -0.153067 0.539324 -0.82807 167.792 0.984686 0.153995 -0.0817204 188.471 0 0 0 1 
Seq_Frame0103_DriverToReference-SequenceTransformStatus = OK
Seq_Frame0103_Timestamp = 12.823
Seq_Frame0104_DriverToReference-SequenceTransform =0.0834445 -0.827898 -0.554637 37.4958 -0.153067 0.539324 -0.82807 167.792 0.984686 0.153995 -0.0817204 188.471 0 0 0 1 
Seq_Frame0104_DriverToReference-SequenceTransformStatus = OK
Seq_Frame0104_Timestamp = 12.929
Seq_Frame0105_DriverToReference-SequenceTransform =0.0834445 -0.827898 -0.554637 37.4958 -0.153067 0.539324 -0.82807 167.792 0.984686 0.153995 -0.0817204 188.471 0 0 0 1 
Seq_Frame0105_DriverToReference-SequenceTransformStatus = OK
Seq_Frame0105_Timestamp = 13.038
Seq_Frame0106_DriverToReference-SequenceTransform =0.0834445 -0.827898 -0.554637 37.4958 -0.153067 0.539324 -0.82807 167.792 0.984686 0.153995 -0.0817204 188.471 0 0 0 1 
Seq_Frame0106_DriverToReference-SequenceTransformStatus = OK
Seq_Frame0106_Timestamp = 13.148
Seq_Frame0107_DriverToReference-SequenceTransform =0.0834445 -0.827898 -0.554637 37.4958 -0.153067 0.539324 -0.82807 167.792 0.984686 0.153995 -0.0817204 188.471 0 0 0 1 
Seq_Frame0107_DriverToReference-SequenceTransformStatus = OK
Seq_Frame0107_Timestamp = 13.253
Seq_Frame0108_DriverToReference-SequenceTransform =0.0834445 -0.827898 -0.554637 37.4958 -0.153067 0.539324 -0.82807 167.792 0.984686 0.153995 -0.0817204 188.471 0 0 0 1 
Seq_Frame0108_DriverToReference-SequenceTransformStatus = OK
Seq_Frame0108_Timestamp = 13.358
Seq_Frame0109_DriverToReference-SequenceTransform =0.0834445 -0.827898 -0.554637 37.4958 -0.153067 0.539324 -0.82807 167.792 0.984686 0.153995 -0.0817204 188.471 0 0 0 1 
Seq_Frame0109_DriverToReference-SequenceTransformStatus = OK
Seq_Frame0109_Timestamp = 13.475
Seq_Frame0110_DriverToReference-SequenceTransform =0.0834445 -0.827898 -0.554637 37.4958 -0.153067 0.539324 -0.82807 167.792 0.984686 0.153995 -0.0817204 188.471 0 0 0 1 
Seq_Frame0110_DriverToReference-SequenceTransformStatus = OK
Seq_Frame0110_Timestamp = 13.592
Seq_Frame0111_DriverToReference-SequenceTransform =0.0834445 -0.827898 -0.554637 37.4958 -0.153067 0.539324 -0.82807 167.792 0.984686 0.153995 -0.0817204 188.471 0 0 0 1 
Seq_Frame0111_DriverToReference-SequenceTransformStatus = OK
Seq_Frame0111_Timestamp = 13.698
Seq_Frame0112_DriverToReference-SequenceTransform =0.0834445 -0.827898 -0.554637 37.4958 -0.153067 0.539324 -0.82807 167.792 0.984686 0.153995 -0.0817204 188.471 0 0 0 1 
Seq_Frame0112_DriverToReference-SequenceTransformStatus = OK
Seq_Frame0112_Timestamp = 13.803
Seq_Frame0113_DriverToReference-SequenceTransform =0.0834445 -0.827898 -0.554637 37.4958 -0.153067 0.539324 -0.82807 167.792 0.984686 0.153995 -0.0817204 188.471 0 0 0 1 
Seq_Frame0113_DriverToReference-SequenceTransformStatus = OK
Seq_Frame0113_Timestamp = 13.913
Seq_Frame0114_DriverToReference-SequenceTransform =0.0834445 -0.827898 -0.554637 37.4958 -0.153067 0.539324 -0.82807 167.792 0.984686 0.153995 -0.0817204 188.471 0 0 0 1 
Seq_Frame0114_DriverToReference-SequenceTransformStatus = OK
Seq_Frame0114_Timestamp = 14.019
Seq_Frame0115_DriverToReference-SequenceTransform =0.0834445 -0.827898 -0.554637 37.4958 -0.153067 0.539324 -0.82807 167.792 0.984686 0.153995 -0.0817204 188.471 0 0 0 1 
Seq_Frame0115_DriverToReference-SequenceTransformStatus = OK
Seq_Frame0115_Timestamp = 14.133
Seq_Frame0116_DriverToReference-SequenceTransform =0.0834445 -0.827898 -0.554637 37.4958 -0.153067 0.539324 -0.82807 167.792 0.984686 0.153995 -0.0817204 188.471 0 0 0 1 
Seq_Frame0116_DriverToReference-SequenceTransformStatus = OK
Seq_Frame0116_Timestamp = 14.238
Seq_Frame0117_DriverToReference-SequenceTransform =0.0834445 -0.827898 -0.554637 37.4958 -0.153067 0.539324 -0.82807 167.792 0.984686 0.153995 -0.0817204 188.471 0 0 0 1 
Seq_Frame0117_DriverToReference-SequenceTransformStatus = OK
Seq_Frame0117_Timestamp = 14.343
Seq_Frame0118_DriverToReference-SequenceTransform =0.0834445 -0.827898 -0.554637 37.4958 -0.153067 0.539324 -0.82807 167.792 0.984686 0.153995 -0.0817204 188.471 0 0 0 1 
Seq_Frame0118_DriverToReference-SequenceTransformStatus = OK
Seq_Frame0118_Timestamp = 14.448
Seq_Frame0119_DriverToReference-SequenceTransform =0.0834445 -0.827898 -0.554637 37.4958 -0.153067 0.539324 -0.82807 167.792 0.984686 0.153995 -0.0817204 188.471 0 0 0 1 
Seq_Frame0119_DriverToReference-SequenceTransformStatus = OK
Seq_Frame0119_Timestamp = 14.558
Seq_Frame0120_DriverToReference-SequenceTransform =0.0834445 -0.827898 -0.554637 37.4958 -0.153067 0.539324 -0.82807 167.792 0.984686 0.153995 -0.0817204 188.471 0 0 0 1 
Seq_Frame0120_DriverToReference-SequenceTransformStatus = OK
Seq_Frame0120_Timestamp = 14.669
Seq_Frame0121_DriverToReference-SequenceTransform =0.0834445 -0.827898 -0.554637 37.4958 -0.153067 0.539324 -0.82807 167.792 0.984686 0.153995 -0.0817204 188.471 0 0 0 1 
Seq_Frame0121_DriverToReference-SequenceTransformStatus = OK
Seq_Frame0121_Timestamp = 14.772
Seq_Frame0122_DriverToReference-SequenceTransform =0.0834445 -0.827898 -0.554637 37.4958 -0.153067 0.539324 -0.82807 167.792 0.984686 0.153995 -0.0817204 188.471 0 0 0 1 
Seq_Frame0122_DriverToReference-SequenceTransformStatus = OK
Seq_Frame0122_Timestamp = 14.878
Seq_Frame0123_DriverToReference-SequenceTransform =0.0834445 -0.827898 -0.554637 37.4958 -0.153067 0.539324 -0.82807 167.792 0.984686 0.153995 -0.0817204 188.471 0 0 0 1 
Seq_Frame0123_DriverToReference-SequenceTransformStatus = OK
Seq_Frame0123_Timestamp = 14.983
Seq_Frame0124_DriverToReference-SequenceTransform =0.0834445 -0.827898 -0.554637 37.4958 -0.153067 0.539324 -0.82807 167.792 0.984686 0.153995 -0.0817204 188.471 0 0 0 1 
Seq_Frame0124_DriverToReference-SequenceTransformStatus = OK
Seq_Frame0124_Timestamp = 15.093
Seq_Frame0125_DriverToReference-SequenceTransform =0.0834445 -0.827898 -0.554637 37.4958 -0.153067 0.539324 -0.82807 167.792 0.984686 0.153995 -0.0817204 188.471 0 0 0 1 
Seq_Frame0125_DriverToReference-SequenceTransformStatus = OK
Seq_Frame0125_Timestamp = 15.198
Seq_Frame0126_DriverToReference-SequenceTransform =0.0834445 -0.827898 -0.554637 37.4958 -0.153067 0.539324 -0.82807 167.792 0.984686 0.153995 -0.0817204 188.471 0 0 0 1 
Seq_Frame0126_DriverToReference-SequenceTransformStatus = OK
Seq_Frame0126_Timestamp = 15.307
Seq_Frame0127_DriverToReference-SequenceTransform =0.0834445 -0.827898 -0.554637 37.4958 -0.153067 0.539324 -0.82807 167.792 0.984686 0.153995 -0.0817204 188.471 0 0 0 1 
Seq_Frame0127_DriverToReference-SequenceTransformStatus = OK
Seq_Frame0127_Timestamp = 15.413
Seq_Frame0128_DriverToReference-SequenceTransform =0.0834445 -0.827898 -0.554637 37.4958 -0.153067 0.539324 -0.82807 167.792 0.984686 0.153995 -0.0817204 188.471 0 0 0 1 
Seq_Frame0128_DriverToReference-SequenceTransformStatus = OK
Seq_Frame0128_Timestamp = 15.518
Seq_Frame0129_DriverToReference-SequenceTransform =0.0834445 -0.827898 -0.554637 37.4958 -0.153067 0.539324 -0.82807 167.792 0.984686 0.153995 -0.0817204 188.471 0 0 0 1 
Seq_Frame0129_DriverToReference-SequenceTransformStatus = OK
Seq_Frame0129_Timestamp = 15.628
Seq_Frame0130_DriverToReference-SequenceTransform =0.0834445 -0.827898 -0.554637 37.4958 -0.153067 0.539324 -0.82807 167.792 0.984686 0.153995 -0.0817204 188.471 0 0 0 1 
Seq_Frame0130_DriverToReference-SequenceTransformStatus = OK
Seq_Frame0130_Timestamp = 15.734
Seq_Frame0131_DriverToReference-SequenceTransform =0.0834445 -0.827898 -0.554637 37.4958 -0.153067 0.539324 -0.82807 167.792 0.984686 0.153995 -0.0817204 188.471 0 0 0 1 
Seq_Frame0131_DriverToReference-SequenceTransformStatus = OK
Seq_Frame0131_Timestamp = 15.843
Seq_Frame0132_DriverToReference-SequenceTransform =0.0834445 -0.827898 -0.554637 37.4958 -0.153067 0.539324 -0.82807 167.792 0.984686 0.153995 -0.0817204 188.471 0 0 0 1 
Seq_Frame0132_DriverToReference-SequenceTransformStatus = OK
Seq_Frame0132_Timestamp = 15.959
Seq_Frame0133_DriverToReference-SequenceTransform =0.0834445 -0.827898 -0.554637 37.4958 -0.153067 0.539324 -0.82807 167.792 0.984686 0.153995 -0.0817204 188.471 0 0 0 1 
Seq_Frame0133_DriverToReference-SequenceTransformStatus = OK
Seq_Frame0133_Timestamp = 16.073
Seq_Frame0134_DriverToReference-SequenceTransform =0.0834445 -0.827898 -0.554637 37.4958 -0.153067 0.539324 -0.82807 167.792 0.984686 0.153995 -0.0817204 188.471 0 0 0 1 
Seq_Frame0134_DriverToReference-SequenceTransformStatus = OK
Seq_Frame0134_Timestamp = 16.184
Seq_Frame0135_DriverToReference-SequenceTransform =0.0834445 -0.827898 -0.554637 37.4958 -0.153067 0.539324 -0.82807 167.792 0.984686 0.153995 -0.0817204 188.471 0 0 0 1 
Seq_Frame0135_DriverToReference-SequenceTransformStatus = OK
Seq_Frame0135_Timestamp = 16.288
Seq_Frame0136_DriverToReference-SequenceTransform =-0.167994 -0.813892 -0.5562 34.8859 -0.0159753 0.566392 -0.823981 166.611 0.985659 -0.129539 -0.108153 165.589 0 0 0 1 
Seq_Frame0136_DriverToReference-SequenceTransformStatus = OK
Seq_Frame0136_Timestamp = 16.398
Seq_Frame0137_DriverToReference-SequenceTransform =-0.167994 -0.813892 -0.5562 34.8859 -0.0159753 0.566392 -0.823981 166.611 0.985659 -0.129539 -0.108153 165.589 0 0 0 1 
Seq_Frame0137_DriverToReference-SequenceTransformStatus = OK
Seq_Frame0137_Timestamp = 16.508
Seq_Frame0138_DriverToReference-SequenceTransform =-0.167994 -0.813892 -0.5562 34.8859 -0.0159753 0.566392 -0.823981 166.611 0.985659 -0.129539 -0.108153 165.589 0 0 0 1 
Seq_Frame0138_DriverToReference-SequenceTransformStatus = OK
Seq_Frame0138_Timestamp = 16.613
Seq_Frame0139_DriverToReference-SequenceTransform =-0.167994 -0.813892 -0.5562 34.8859 -0.0159753 0.566392 -0.823981 166.611 0.985659 -0.129539 -0.108153 165.589 0 0 0 1 
Seq_Frame0139_DriverToReference-SequenceTransformStatus = OK
Seq_Frame0139_Timestamp = 16.722
Seq_Frame0140_DriverToReference-SequenceTransform =-0.167994 -0.813892 -0.5562 34.8859 -0.0159753 0.566392 -0.823981 166.611 0.985659 -0.129539 -0.108153 165.589 0 0 0 1 
Seq_Frame0140_DriverToReference-SequenceTransformStatus = OK
Seq_Frame0140_Timestamp = 16.825
Seq_Frame0141_DriverToReference-SequenceTransform =-0.167994 -0.813892 -0.5562 34.8859 -0.0159753 0.566392 -0.823981 166.611 0.985659 -0.129539 -0.108153 165.589 0 0 0 1 
Seq_Frame0141_DriverToReference-SequenceTransformStatus = OK
Seq_Frame0141_Timestamp = 16.943
Seq_Frame0142_DriverToReference-SequenceTransform =-0.167994 -0.813892 -0.5562 34.8859 -0.0159753 0.566392 -0.823981 166.611 0.985659 -0.129539 -0.108153 165.589 0 0 0 1 
Seq_Frame0142_DriverToReference-SequenceTransformStatus = OK
Seq_Frame0142_Timestamp = 17.058
Seq_Frame0143_DriverToReference-SequenceTransform =-0.167994 -0.813892 -0.5562 34.8859 -0.0159753 0.566392 -0.823981 166.611 0.985659 -0.129539 -0.108153 165.589 0 0 0 1 
Seq_Frame0143_DriverToReference-SequenceTransformStatus = OK
Seq_Frame0143_Timestamp = 17.169
Seq_Frame0144_DriverToReference-SequenceTransform =-0.226155 -0.77869 -0.585232 34.5611 -0.157184 0.622097 -0.767 168.325 0.961326 -0.0814716 -0.263088 164.054 0 0 0 1 
Seq_Frame0144_DriverToReference-SequenceTransformStatus = OK
Seq_Frame0144_Timestamp = 17.272
Seq_Frame0145_DriverToReference-SequenceTransform =-0.226155 -0.77869 -0.585232 34.5611 -0.157184 0.622097 -0.767 168.325 0.961326 -0.0814716 -0.263088 164.054 0 0 0 1 
Seq_Frame0145_DriverToReference-SequenceTransformStatus = OK
Seq_Frame0145_Timestamp = 17.378
Seq_Frame0146_DriverToReference-SequenceTransform =-0.226155 -0.77869 -0.585232 34.5611 -0.157184 0.622097 -0.767 168.325 0.961326 -0.0814716 -0.263088 164.054 0 0 0 1 
Seq_Frame0146_DriverToReference-SequenceTransformStatus = OK
Seq_Frame0146_Timestamp = 17.483
Seq_Frame0147_DriverToReference-SequenceTransform =-0.226155 -0.77869 -0.585232 34.5611 -0.157184 0.622097 -0.767 168.325 0.961326 -0.0814716 -0.263088 164.054 0 0 0 1 
Seq_Frame0147_DriverToReference-SequenceTransformStatus = OK
Seq_Frame0147_Timestamp = 17.584
Seq_Frame0148_DriverToReference-SequenceTransform =-0.226155 -0.77869 -0.585232 34.5611 -0.157184 0.622097 -0.767 168.325 0.961326 -0.0814716 -0.263088 164.054 0 0 0 1 
Seq_Frame0148_DriverToReference-SequenceTransformStatus = OK
Seq_Frame0148_Timestamp = 17.698
Seq_Frame0149_DriverToReference-SequenceTransform =-0.226155 -0.77869 -0.585232 34.5611 -0.157184 0.622097 -0.767 168.325 0.961326 -0.0814716 -0.263088 164.054 0 0 0 1 
Seq_Frame0149_DriverToReference-SequenceTransformStatus = OK
Seq_Frame0149_Timestamp = 17.807
Seq_Frame0150_DriverToReference-SequenceTransform =-0.226155 -0.77869 -0.585232 34.5611 -0.157184 0.622097 -0.767 168.325 0.961326 -0.0814716 -0.263088 164.054 0 0 0 1 
