ObjectType = Image
NDims = 3
AnatomicalOrientation = RAI
BinaryData = True
CompressedData = False
DimSize = 0 0 631
ElementSpacing = 1 1 1
Offset = 0 0 0
TransformMatrix = 1 0 0 0 1 0 0 0 1
ElementType = MET_UCHAR
Kinds = domain domain list
Seq_Frame0000_ForcepToReference-SequenceTransform =0.67308 -0.116149 -0.730392 64.8386 0.458856 -0.70894 0.535589 0.706503 -0.580012 -0.695639 -0.423878 3.0604 0 0 0 1 
Seq_Frame0000_ForcepToReference-SequenceTransformStatus = OK
Seq_Frame0000_Timestamp = 0.00200009
Seq_Frame0001_ForcepToReference-SequenceTransform =0.672548 -0.116469 -0.730831 64.8358 0.459319 -0.708617 0.535619 0.732789 -0.580262 -0.695914 -0.423083 2.9799 0 0 0 1 
Seq_Frame0001_ForcepToReference-SequenceTransformStatus = OK
Seq_Frame0001_Timestamp = 0.108
Seq_Frame0002_ForcepToReference-SequenceTransform =0.672898 -0.116057 -0.730574 64.8261 0.457979 -0.710217 0.534646 0.710501 -0.580916 -0.69435 -0.424752 3.03305 0 0 0 1 
Seq_Frame0002_ForcepToReference-SequenceTransformStatus = OK
Seq_Frame0002_Timestamp = 0.217
Seq_Frame0003_ForcepToReference-SequenceTransform =0.673553 -0.116084 -0.729966 64.824 0.457809 -0.709826 0.53531 0.730308 -0.58029 -0.694745 -0.424962 3.01671 0 0 0 1 
Seq_Frame0003_ForcepToReference-SequenceTransformStatus = OK
Seq_Frame0003_Timestamp = 0.323
Seq_Frame0004_ForcepToReference-SequenceTransform =0.672901 -0.116441 -0.73051 64.8481 0.458518 -0.709288 0.535417 0.714987 -0.580487 -0.695235 -0.42389 2.98652 0 0 0 1 
Seq_Frame0004_ForcepToReference-SequenceTransformStatus = OK
Seq_Frame0004_Timestamp = 0.433
Seq_Frame0005_ForcepToReference-SequenceTransform =0.675085 -0.114059 -0.728869 64.8274 0.457824 -0.709947 0.535138 0.646756 -0.578496 -0.694958 -0.427056 3.15215 0 0 0 1 
Seq_Frame0005_ForcepToReference-SequenceTransformStatus = OK
Seq_Frame0005_Timestamp = 0.55
Seq_Frame0006_ForcepToReference-SequenceTransform =0.673837 -0.115514 -0.729794 64.8697 0.458691 -0.708937 0.535734 0.593241 -0.579263 -0.695748 -0.424723 2.99366 0 0 0 1 
Seq_Frame0006_ForcepToReference-SequenceTransformStatus = OK
Seq_Frame0006_Timestamp = 0.653
Seq_Frame0007_ForcepToReference-SequenceTransform =0.673763 -0.115913 -0.7298 64.8675 0.459279 -0.708003 0.536464 0.556777 -0.578884 -0.696631 -0.42379 3.00808 0 0 0 1 
Seq_Frame0007_ForcepToReference-SequenceTransformStatus = OK
Seq_Frame0007_Timestamp = 0.758
Seq_Frame0008_ForcepToReference-SequenceTransform =0.67449 -0.115193 -0.729242 64.8534 0.459066 -0.708145 0.53646 0.553487 -0.578205 -0.696607 -0.424756 3.08101 0 0 0 1 
Seq_Frame0008_ForcepToReference-SequenceTransformStatus = OK
Seq_Frame0008_Timestamp = 0.863
Seq_Frame0009_ForcepToReference-SequenceTransform =0.674576 -0.115414 -0.729127 64.8553 0.459142 -0.707814 0.536831 0.619658 -0.578044 -0.696906 -0.424484 3.03401 0 0 0 1 
Seq_Frame0009_ForcepToReference-SequenceTransformStatus = OK
Seq_Frame0009_Timestamp = 0.973
Seq_Frame0010_ForcepToReference-SequenceTransform =0.672598 -0.11682 -0.730729 64.8759 0.459897 -0.707623 0.536438 0.653076 -0.579747 -0.696867 -0.422221 3.09603 0 0 0 1 
Seq_Frame0010_ForcepToReference-SequenceTransformStatus = OK
Seq_Frame0010_Timestamp = 1.084
Seq_Frame0011_ForcepToReference-SequenceTransform =0.673712 -0.115836 -0.729859 64.8307 0.457963 -0.709684 0.535367 0.687965 -0.579984 -0.694932 -0.425074 3.03943 0 0 0 1 
Seq_Frame0011_ForcepToReference-SequenceTransformStatus = OK
Seq_Frame0011_Timestamp = 1.21
Seq_Frame0012_ForcepToReference-SequenceTransform =0.672405 -0.116341 -0.730983 64.8295 0.458638 -0.709653 0.534831 0.719282 -0.580967 -0.69488 -0.423816 3.01757 0 0 0 1 
Seq_Frame0012_ForcepToReference-SequenceTransformStatus = OK
Seq_Frame0012_Timestamp = 1.324
Seq_Frame0013_ForcepToReference-SequenceTransform =0.673504 -0.115863 -0.730046 64.8151 0.456873 -0.71115 0.534352 0.778322 -0.581085 -0.693427 -0.426028 2.91653 0 0 0 1 
Seq_Frame0013_ForcepToReference-SequenceTransformStatus = OK
Seq_Frame0013_Timestamp = 1.433
Seq_Frame0014_ForcepToReference-SequenceTransform =0.673113 -0.116326 -0.730333 64.8118 0.457452 -0.710462 0.534773 0.752 -0.581082 -0.694055 -0.425007 2.9651 0 0 0 1 
Seq_Frame0014_ForcepToReference-SequenceTransformStatus = OK
Seq_Frame0014_Timestamp = 1.539
Seq_Frame0015_ForcepToReference-SequenceTransform =0.673094 -0.116386 -0.730341 64.823 0.458135 -0.709618 0.535308 0.755551 -0.580566 -0.694907 -0.424319 2.97748 0 0 0 1 
Seq_Frame0015_ForcepToReference-SequenceTransformStatus = OK
Seq_Frame0015_Timestamp = 1.648
Seq_Frame0016_ForcepToReference-SequenceTransform =0.673625 -0.116357 -0.729856 64.8325 0.457591 -0.709825 0.5355 0.718211 -0.580379 -0.694702 -0.424912 3.03989 0 0 0 1 
Seq_Frame0016_ForcepToReference-SequenceTransformStatus = OK
Seq_Frame0016_Timestamp = 1.754
Seq_Frame0017_ForcepToReference-SequenceTransform =0.674227 -0.115931 -0.729368 64.8214 0.457451 -0.709776 0.535683 0.710489 -0.57979 -0.694822 -0.425518 3.05081 0 0 0 1 
Seq_Frame0017_ForcepToReference-SequenceTransformStatus = OK
Seq_Frame0017_Timestamp = 1.86
Seq_Frame0018_ForcepToReference-SequenceTransform =0.673549 -0.116426 -0.729915 64.8339 0.457473 -0.709982 0.535392 0.738536 -0.58056 -0.69453 -0.424946 3.02751 0 0 0 1 
Seq_Frame0018_ForcepToReference-SequenceTransformStatus = OK
Seq_Frame0018_Timestamp = 1.969
Seq_Frame0019_ForcepToReference-SequenceTransform =0.673488 -0.116561 -0.72995 64.8314 0.458215 -0.709048 0.535994 0.708794 -0.580046 -0.69546 -0.424126 3.0401 0 0 0 1 
Seq_Frame0019_ForcepToReference-SequenceTransformStatus = OK
Seq_Frame0019_Timestamp = 2.076
Seq_Frame0020_ForcepToReference-SequenceTransform =0.672885 -0.116628 -0.730495 64.8054 0.457969 -0.709822 0.535179 0.735095 -0.580939 -0.694658 -0.424217 2.93591 0 0 0 1 
Seq_Frame0020_ForcepToReference-SequenceTransformStatus = OK
Seq_Frame0020_Timestamp = 2.183
Seq_Frame0021_ForcepToReference-SequenceTransform =0.673292 -0.116213 -0.730186 64.8153 0.457839 -0.709925 0.535154 0.738114 -0.58057 -0.694623 -0.42478 2.98304 0 0 0 1 
Seq_Frame0021_ForcepToReference-SequenceTransformStatus = OK
Seq_Frame0021_Timestamp = 2.284
Seq_Frame0022_ForcepToReference-SequenceTransform =0.673822 -0.116454 -0.729659 64.8183 0.457495 -0.709695 0.535753 0.755695 -0.580225 -0.694818 -0.424931 2.95468 0 0 0 1 
Seq_Frame0022_ForcepToReference-SequenceTransformStatus = OK
Seq_Frame0022_Timestamp = 2.384
Seq_Frame0023_ForcepToReference-SequenceTransform =0.674718 -0.116007 -0.728902 64.8167 0.456719 -0.710164 0.535793 0.720705 -0.579796 -0.694413 -0.426178 2.98826 0 0 0 1 
Seq_Frame0023_ForcepToReference-SequenceTransformStatus = OK
Seq_Frame0023_Timestamp = 2.493
Seq_Frame0024_ForcepToReference-SequenceTransform =0.673117 -0.116186 -0.730352 64.8189 0.45791 -0.710013 0.534976 0.740127 -0.580716 -0.694537 -0.424719 2.98462 0 0 0 1 
Seq_Frame0024_ForcepToReference-SequenceTransformStatus = OK
Seq_Frame0024_Timestamp = 2.598
Seq_Frame0025_ForcepToReference-SequenceTransform =0.672965 -0.116189 -0.730491 64.8222 0.458502 -0.709436 0.535235 0.739432 -0.580426 -0.695126 -0.424153 3.00668 0 0 0 1 
Seq_Frame0025_ForcepToReference-SequenceTransformStatus = OK
Seq_Frame0025_Timestamp = 2.709
Seq_Frame0026_ForcepToReference-SequenceTransform =0.672938 -0.116105 -0.73053 64.816 0.457622 -0.710574 0.534478 0.728969 -0.581151 -0.693977 -0.42504 3.0054 0 0 0 1 
Seq_Frame0026_ForcepToReference-SequenceTransformStatus = OK
Seq_Frame0026_Timestamp = 2.823
Seq_Frame0027_ForcepToReference-SequenceTransform =0.665661 -0.124865 -0.735734 65.0563 0.429097 -0.742575 0.514255 2.05012 -0.61055 -0.658021 -0.440723 1.81257 0 0 0 1 
Seq_Frame0027_ForcepToReference-SequenceTransformStatus = OK
Seq_Frame0027_Timestamp = 3.619
Seq_Frame0028_ForcepToReference-SequenceTransform =0.675115 -0.113819 -0.72888 64.7838 0.457992 -0.709895 0.535063 0.670116 -0.578329 -0.69505 -0.427132 3.10218 0 0 0 1 
Seq_Frame0028_ForcepToReference-SequenceTransformStatus = OK
Seq_Frame0028_Timestamp = 3.723
Seq_Frame0029_ForcepToReference-SequenceTransform =0.673284 -0.115902 -0.730243 64.83 0.458212 -0.709714 0.535115 0.710583 -0.580285 -0.69489 -0.424731 3.0794 0 0 0 1 
Seq_Frame0029_ForcepToReference-SequenceTransformStatus = OK
Seq_Frame0029_Timestamp = 3.833
Seq_Frame0030_ForcepToReference-SequenceTransform =0.673455 -0.11615 -0.730046 64.8233 0.457755 -0.709929 0.535221 0.757755 -0.580447 -0.694629 -0.424937 2.96243 0 0 0 1 
Seq_Frame0030_ForcepToReference-SequenceTransformStatus = OK
Seq_Frame0030_Timestamp = 3.938
Seq_Frame0031_ForcepToReference-SequenceTransform =0.6736 -0.116307 -0.729887 64.8239 0.458013 -0.709378 0.535731 0.744237 -0.580075 -0.695166 -0.424567 2.95667 0 0 0 1 
Seq_Frame0031_ForcepToReference-SequenceTransformStatus = OK
Seq_Frame0031_Timestamp = 4.048
Seq_Frame0032_ForcepToReference-SequenceTransform =0.675317 -0.115435 -0.728438 64.8454 0.457571 -0.709035 0.536562 0.637371 -0.578426 -0.695661 -0.426004 3.24954 0 0 0 1 
Seq_Frame0032_ForcepToReference-SequenceTransformStatus = OK
Seq_Frame0032_Timestamp = 4.153
Seq_Frame0033_ForcepToReference-SequenceTransform =0.676425 -0.114919 -0.727491 64.8569 0.45449 -0.712129 0.53508 0.685684 -0.579558 -0.692579 -0.429472 3.11354 0 0 0 1 
Seq_Frame0033_ForcepToReference-SequenceTransformStatus = OK
Seq_Frame0033_Timestamp = 4.268
Seq_Frame0034_ForcepToReference-SequenceTransform =0.672629 -0.116253 -0.730791 64.8211 0.457963 -0.710329 0.534512 0.791564 -0.581241 -0.694203 -0.424548 2.91648 0 0 0 1 
Seq_Frame0034_ForcepToReference-SequenceTransformStatus = OK
Seq_Frame0034_Timestamp = 4.377
Seq_Frame0035_ForcepToReference-SequenceTransform =0.674289 -0.115903 -0.729315 64.8512 0.457692 -0.709452 0.535906 0.802295 -0.579527 -0.695158 -0.425328 2.93973 0 0 0 1 
Seq_Frame0035_ForcepToReference-SequenceTransformStatus = OK
Seq_Frame0035_Timestamp = 4.484
Seq_Frame0036_ForcepToReference-SequenceTransform =0.673381 -0.116144 -0.730116 64.8073 0.456826 -0.711109 0.534448 0.766885 -0.581264 -0.693423 -0.42579 2.93687 0 0 0 1 
Seq_Frame0036_ForcepToReference-SequenceTransformStatus = OK
Seq_Frame0036_Timestamp = 4.588
Seq_Frame0037_ForcepToReference-SequenceTransform =0.674254 -0.115493 -0.729413 64.8378 0.45749 -0.710027 0.535317 0.659725 -0.579728 -0.694639 -0.425901 3.22652 0 0 0 1 
Seq_Frame0037_ForcepToReference-SequenceTransformStatus = OK
Seq_Frame0037_Timestamp = 4.698
Seq_Frame0038_ForcepToReference-SequenceTransform =0.674864 -0.115467 -0.728852 64.8292 0.457321 -0.709712 0.53588 0.663218 -0.579151 -0.694965 -0.426154 3.20977 0 0 0 1 
Seq_Frame0038_ForcepToReference-SequenceTransformStatus = OK
Seq_Frame0038_Timestamp = 4.808
Seq_Frame0039_ForcepToReference-SequenceTransform =0.675354 -0.115298 -0.728426 64.8269 0.456149 -0.710809 0.535424 0.643574 -0.579505 -0.693871 -0.427454 3.21599 0 0 0 1 
Seq_Frame0039_ForcepToReference-SequenceTransformStatus = OK
Seq_Frame0039_Timestamp = 4.909
Seq_Frame0040_ForcepToReference-SequenceTransform =0.67345 -0.116158 -0.73005 64.8284 0.458079 -0.70954 0.535459 0.747688 -0.580197 -0.695025 -0.424631 2.98468 0 0 0 1 
Seq_Frame0040_ForcepToReference-SequenceTransformStatus = OK
Seq_Frame0040_Timestamp = 5.018
Seq_Frame0041_ForcepToReference-SequenceTransform =0.672689 -0.115352 -0.730878 64.8328 0.454658 -0.714859 0.531284 0.901833 -0.58376 -0.689688 -0.428432 2.95173 0 0 0 1 
Seq_Frame0041_ForcepToReference-SequenceTransformStatus = OK
Seq_Frame0041_Timestamp = 5.118
Seq_Frame0042_ForcepToReference-SequenceTransform =0.674489 -0.115501 -0.729194 64.8201 0.45741 -0.70991 0.535541 0.682726 -0.579518 -0.694757 -0.425995 3.16489 0 0 0 1 
Seq_Frame0042_ForcepToReference-SequenceTransformStatus = OK
Seq_Frame0042_Timestamp = 5.226
Seq_Frame0043_ForcepToReference-SequenceTransform =0.674164 -0.115722 -0.729459 64.8379 0.457653 -0.709742 0.535556 0.714728 -0.579704 -0.694892 -0.425522 3.0685 0 0 0 1 
Seq_Frame0043_ForcepToReference-SequenceTransformStatus = OK
Seq_Frame0043_Timestamp = 5.333
Seq_Frame0044_ForcepToReference-SequenceTransform =0.672505 -0.116384 -0.730884 64.8163 0.458492 -0.709708 0.534882 0.75411 -0.580966 -0.694816 -0.423921 2.9784 0 0 0 1 
Seq_Frame0044_ForcepToReference-SequenceTransformStatus = OK
Seq_Frame0044_Timestamp = 5.443
Seq_Frame0045_ForcepToReference-SequenceTransform =0.672487 -0.116148 -0.730938 64.8139 0.45774 -0.710794 0.534084 0.744371 -0.58158 -0.693744 -0.424834 2.98754 0 0 0 1 
Seq_Frame0045_ForcepToReference-SequenceTransformStatus = OK
Seq_Frame0045_Timestamp = 5.551
Seq_Frame0046_ForcepToReference-SequenceTransform =0.673409 -0.116259 -0.730072 64.8261 0.457378 -0.71034 0.534997 0.749048 -0.580797 -0.694191 -0.425175 2.9899 0 0 0 1 
Seq_Frame0046_ForcepToReference-SequenceTransformStatus = OK
Seq_Frame0046_Timestamp = 5.659
Seq_Frame0047_ForcepToReference-SequenceTransform =0.67383 -0.116162 -0.729699 64.8326 0.457677 -0.709685 0.535611 0.741065 -0.580073 -0.694877 -0.425042 3.01523 0 0 0 1 
Seq_Frame0047_ForcepToReference-SequenceTransformStatus = OK
Seq_Frame0047_Timestamp = 5.763
Seq_Frame0048_ForcepToReference-SequenceTransform =0.673514 -0.115601 -0.730079 64.8222 0.458994 -0.708794 0.535663 0.643748 -0.579399 -0.695879 -0.424323 3.18909 0 0 0 1 
Seq_Frame0048_ForcepToReference-SequenceTransformStatus = OK
Seq_Frame0048_Timestamp = 5.868
Seq_Frame0049_ForcepToReference-SequenceTransform =0.672648 -0.115719 -0.730858 64.8269 0.45633 -0.712647 0.532821 0.852449 -0.582501 -0.691913 -0.426554 2.95271 0 0 0 1 
Seq_Frame0049_ForcepToReference-SequenceTransformStatus = OK
Seq_Frame0049_Timestamp = 5.975
Seq_Frame0050_ForcepToReference-SequenceTransform =0.673678 -0.114644 -0.730079 64.7968 0.458221 -0.71028 0.534356 0.691512 -0.579821 -0.694521 -0.425968 3.08396 0 0 0 1 
Seq_Frame0050_ForcepToReference-SequenceTransformStatus = OK
Seq_Frame0050_Timestamp = 6.083
Seq_Frame0051_ForcepToReference-SequenceTransform =0.673734 -0.115366 -0.729913 64.8119 0.459954 -0.707618 0.536395 0.642565 -0.578381 -0.697114 -0.423684 3.05167 0 0 0 1 
Seq_Frame0051_ForcepToReference-SequenceTransformStatus = OK
Seq_Frame0051_Timestamp = 6.184
Seq_Frame0052_ForcepToReference-SequenceTransform =0.67348 -0.116235 -0.730009 64.8251 0.457359 -0.710318 0.535043 0.758718 -0.58073 -0.694217 -0.425224 2.95939 0 0 0 1 
Seq_Frame0052_ForcepToReference-SequenceTransformStatus = OK
Seq_Frame0052_Timestamp = 6.298
Seq_Frame0053_ForcepToReference-SequenceTransform =0.673383 -0.116038 -0.73013 64.8339 0.457856 -0.709954 0.535101 0.694308 -0.580451 -0.694623 -0.424942 3.11885 0 0 0 1 
Seq_Frame0053_ForcepToReference-SequenceTransformStatus = OK
Seq_Frame0053_Timestamp = 6.403
Seq_Frame0054_ForcepToReference-SequenceTransform =0.674982 -0.115462 -0.728744 64.8096 0.456941 -0.710067 0.535733 0.612068 -0.579314 -0.694603 -0.426523 3.24064 0 0 0 1 
Seq_Frame0054_ForcepToReference-SequenceTransformStatus = OK
Seq_Frame0054_Timestamp = 6.508
Seq_Frame0055_ForcepToReference-SequenceTransform =0.672998 -0.116008 -0.73049 64.7988 0.454912 -0.713815 0.532469 0.73922 -0.583206 -0.690659 -0.427623 3.02408 0 0 0 1 
Seq_Frame0055_ForcepToReference-SequenceTransformStatus = OK
Seq_Frame0055_Timestamp = 6.614
Seq_Frame0056_ForcepToReference-SequenceTransform =0.670498 -0.116333 -0.732734 64.7975 0.455812 -0.714661 0.530561 0.824852 -0.585378 -0.68973 -0.426153 2.94543 0 0 0 1 
Seq_Frame0056_ForcepToReference-SequenceTransformStatus = OK
Seq_Frame0056_Timestamp = 6.723
Seq_Frame0057_ForcepToReference-SequenceTransform =0.67112 -0.11618 -0.732188 64.7948 0.45541 -0.714715 0.530834 0.772578 -0.584978 -0.689699 -0.42675 3.05891 0 0 0 1 
Seq_Frame0057_ForcepToReference-SequenceTransformStatus = OK
Seq_Frame0057_Timestamp = 6.825
Seq_Frame0058_ForcepToReference-SequenceTransform =0.670008 -0.115936 -0.733245 64.7245 0.453446 -0.718138 0.527887 0.856161 -0.587772 -0.686175 -0.428587 2.76946 0 0 0 1 
Seq_Frame0058_ForcepToReference-SequenceTransformStatus = OK
Seq_Frame0058_Timestamp = 6.934
Seq_Frame0059_ForcepToReference-SequenceTransform =0.671215 -0.11578 -0.732165 64.7329 0.452591 -0.718232 0.528492 0.836828 -0.587053 -0.686103 -0.429688 2.83481 0 0 0 1 
Seq_Frame0059_ForcepToReference-SequenceTransformStatus = OK
Seq_Frame0059_Timestamp = 7.041
Seq_Frame0060_ForcepToReference-SequenceTransform =0.670608 -0.115875 -0.732705 64.7001 0.451556 -0.719881 0.527133 0.891959 -0.588542 -0.684357 -0.430434 2.65556 0 0 0 1 
Seq_Frame0060_ForcepToReference-SequenceTransformStatus = OK
Seq_Frame0060_Timestamp = 7.16
Seq_Frame0061_ForcepToReference-SequenceTransform =0.670638 -0.115775 -0.732694 64.7078 0.451279 -0.720249 0.526866 0.881075 -0.58872 -0.683986 -0.43078 2.69627 0 0 0 1 
Seq_Frame0061_ForcepToReference-SequenceTransformStatus = OK
Seq_Frame0061_Timestamp = 7.268
Seq_Frame0062_ForcepToReference-SequenceTransform =0.670889 -0.115716 -0.732474 64.7161 0.451667 -0.719631 0.527379 0.863734 -0.588137 -0.684647 -0.430527 2.72642 0 0 0 1 
Seq_Frame0062_ForcepToReference-SequenceTransformStatus = OK
Seq_Frame0062_Timestamp = 7.368
Seq_Frame0063_ForcepToReference-SequenceTransform =0.67168 -0.115575 -0.731771 64.7265 0.452789 -0.717757 0.528969 0.843361 -0.586369 -0.686635 -0.429771 2.78262 0 0 0 1 
Seq_Frame0063_ForcepToReference-SequenceTransformStatus = OK
Seq_Frame0063_Timestamp = 7.469
Seq_Frame0064_ForcepToReference-SequenceTransform =0.670387 -0.11631 -0.732839 64.7517 0.454907 -0.715837 0.529752 0.835825 -0.586209 -0.688512 -0.426978 2.8136 0 0 0 1 
Seq_Frame0064_ForcepToReference-SequenceTransformStatus = OK
Seq_Frame0064_Timestamp = 7.583
Seq_Frame0065_ForcepToReference-SequenceTransform =0.672059 -0.115912 -0.731369 64.7587 0.455054 -0.714525 0.531395 0.804708 -0.584176 -0.689941 -0.427457 2.86811 0 0 0 1 
Seq_Frame0065_ForcepToReference-SequenceTransformStatus = OK
Seq_Frame0065_Timestamp = 7.688
Seq_Frame0066_ForcepToReference-SequenceTransform =0.670956 -0.116219 -0.732333 64.7682 0.455857 -0.714299 0.531009 0.798319 -0.584818 -0.690123 -0.426284 2.89492 0 0 0 1 
Seq_Frame0066_ForcepToReference-SequenceTransformStatus = OK
Seq_Frame0066_Timestamp = 7.793
Seq_Frame0067_ForcepToReference-SequenceTransform =0.670558 -0.116277 -0.732688 64.7941 0.457469 -0.712693 0.53178 0.802032 -0.584016 -0.691771 -0.424709 2.9414 0 0 0 1 
Seq_Frame0067_ForcepToReference-SequenceTransformStatus = OK
Seq_Frame0067_Timestamp = 7.9
Seq_Frame0068_ForcepToReference-SequenceTransform =0.671817 -0.115999 -0.731578 64.8077 0.457454 -0.711826 0.532953 0.803328 -0.582579 -0.69271 -0.425152 2.9512 0 0 0 1 
Seq_Frame0068_ForcepToReference-SequenceTransformStatus = OK
Seq_Frame0068_Timestamp = 8.008
Seq_Frame0069_ForcepToReference-SequenceTransform =0.670502 -0.11626 -0.732741 64.7938 0.457926 -0.712212 0.532032 0.802682 -0.583721 -0.69227 -0.424301 2.94414 0 0 0 1 
Seq_Frame0069_ForcepToReference-SequenceTransformStatus = OK
Seq_Frame0069_Timestamp = 8.117
Seq_Frame0070_ForcepToReference-SequenceTransform =0.670608 -0.116343 -0.732632 64.8029 0.457757 -0.712262 0.532111 0.792173 -0.583733 -0.692205 -0.424392 2.97318 0 0 0 1 
Seq_Frame0070_ForcepToReference-SequenceTransformStatus = OK
Seq_Frame0070_Timestamp = 8.223
Seq_Frame0071_ForcepToReference-SequenceTransform =0.672059 -0.115752 -0.731395 64.8159 0.458032 -0.711109 0.533414 0.792832 -0.581845 -0.693488 -0.424889 3.0112 0 0 0 1 
Seq_Frame0071_ForcepToReference-SequenceTransformStatus = OK
Seq_Frame0071_Timestamp = 8.328
Seq_Frame0072_ForcepToReference-SequenceTransform =0.673829 -0.115089 -0.729869 64.8356 0.456842 -0.711471 0.533952 0.725116 -0.580733 -0.693227 -0.426832 3.22254 0 0 0 1 
Seq_Frame0072_ForcepToReference-SequenceTransformStatus = OK
Seq_Frame0072_Timestamp = 8.443
Seq_Frame0073_ForcepToReference-SequenceTransform =0.671281 -0.115832 -0.732096 64.8165 0.458124 -0.711616 0.532659 0.817765 -0.582671 -0.692954 -0.424628 2.98249 0 0 0 1 
Seq_Frame0073_ForcepToReference-SequenceTransformStatus = OK
Seq_Frame0073_Timestamp = 8.544
Seq_Frame0074_ForcepToReference-SequenceTransform =0.673028 -0.115151 -0.730598 64.8181 0.45742 -0.711434 0.533506 0.737897 -0.581206 -0.693255 -0.426143 3.16735 0 0 0 1 
Seq_Frame0074_ForcepToReference-SequenceTransformStatus = OK
Seq_Frame0074_Timestamp = 8.653
Seq_Frame0075_ForcepToReference-SequenceTransform =0.671191 -0.116008 -0.732151 64.8087 0.458133 -0.711554 0.532733 0.820159 -0.582767 -0.692988 -0.424442 2.97051 0 0 0 1 
Seq_Frame0075_ForcepToReference-SequenceTransformStatus = OK
Seq_Frame0075_Timestamp = 8.758
Seq_Frame0076_ForcepToReference-SequenceTransform =0.671353 -0.116243 -0.731965 64.8205 0.458446 -0.710871 0.533376 0.839973 -0.582334 -0.69365 -0.423954 2.94848 0 0 0 1 
Seq_Frame0076_ForcepToReference-SequenceTransformStatus = OK
Seq_Frame0076_Timestamp = 8.863
Seq_Frame0077_ForcepToReference-SequenceTransform =0.671624 -0.116315 -0.731705 64.8133 0.458357 -0.710688 0.533696 0.819638 -0.582091 -0.693825 -0.424001 2.96371 0 0 0 1 
Seq_Frame0077_ForcepToReference-SequenceTransformStatus = OK
Seq_Frame0077_Timestamp = 8.973
Seq_Frame0078_ForcepToReference-SequenceTransform =0.671689 -0.115783 -0.73173 64.8128 0.458641 -0.710682 0.53346 0.795821 -0.581792 -0.69392 -0.424255 3.00372 0 0 0 1 
Seq_Frame0078_ForcepToReference-SequenceTransformStatus = OK
Seq_Frame0078_Timestamp = 9.076
Seq_Frame0079_ForcepToReference-SequenceTransform =0.673521 -0.11512 -0.730148 64.8091 0.456737 -0.711841 0.533548 0.838238 -0.581172 -0.692841 -0.426861 2.92164 0 0 0 1 
Seq_Frame0079_ForcepToReference-SequenceTransformStatus = OK
Seq_Frame0079_Timestamp = 9.188
Seq_Frame0080_ForcepToReference-SequenceTransform =0.674274 -0.115869 -0.729334 64.8228 0.457312 -0.709946 0.535577 0.727828 -0.579844 -0.694659 -0.42571 3.00166 0 0 0 1 
Seq_Frame0080_ForcepToReference-SequenceTransformStatus = OK
Seq_Frame0080_Timestamp = 9.299
Seq_Frame0081_ForcepToReference-SequenceTransform =0.672979 -0.115895 -0.730525 64.8099 0.458034 -0.710199 0.534623 0.768732 -0.580778 -0.694396 -0.424865 2.94097 0 0 0 1 
Seq_Frame0081_ForcepToReference-SequenceTransformStatus = OK
Seq_Frame0081_Timestamp = 9.408
Seq_Frame0082_ForcepToReference-SequenceTransform =0.673946 -0.125137 -0.728106 65.1872 0.472119 -0.685098 0.554746 -0.450557 -0.568243 -0.717622 -0.402639 3.9697 0 0 0 1 
Seq_Frame0082_ForcepToReference-SequenceTransformStatus = OK
Seq_Frame0082_Timestamp = 10.067
Seq_Frame0083_ForcepToReference-SequenceTransform =0.673946 -0.125137 -0.728106 65.1872 0.472119 -0.685098 0.554746 -0.450557 -0.568243 -0.717622 -0.402639 3.9697 0 0 0 1 
Seq_Frame0083_ForcepToReference-SequenceTransformStatus = OK
Seq_Frame0083_Timestamp = 10.173
Seq_Frame0084_ForcepToReference-SequenceTransform =0.471352 0.587719 0.657582 84.4726 -0.578408 0.768861 -0.272575 158.5 -0.665787 -0.251871 0.702345 -48.9462 0 0 0 1 
Seq_Frame0084_ForcepToReference-SequenceTransformStatus = OK
Seq_Frame0084_Timestamp = 10.278
Seq_Frame0085_ForcepToReference-SequenceTransform =0.399384 0.45652 0.795035 88.1839 -0.588274 0.792739 -0.159683 165.089 -0.703154 -0.403924 0.585167 -54.8202 0 0 0 1 
Seq_Frame0085_ForcepToReference-SequenceTransformStatus = OK
Seq_Frame0085_Timestamp = 10.383
Seq_Frame0086_ForcepToReference-SequenceTransform =0.298154 0.295832 0.907517 75.656 -0.482884 0.86687 -0.123935 169.713 -0.823363 -0.401274 0.401313 -83.2288 0 0 0 1 
Seq_Frame0086_ForcepToReference-SequenceTransformStatus = OK
Seq_Frame0086_Timestamp = 10.493
Seq_Frame0087_ForcepToReference-SequenceTransform =0.255682 0.142041 0.956269 62.4198 -0.372595 0.927211 -0.038102 177.15 -0.892076 -0.34656 0.289995 -98.5857 0 0 0 1 
Seq_Frame0087_ForcepToReference-SequenceTransformStatus = OK
Seq_Frame0087_Timestamp = 10.599
Seq_Frame0088_ForcepToReference-SequenceTransform =0.278194 -0.139568 0.950331 49.8167 -0.199897 0.959312 0.199404 187.555 -0.939494 -0.245441 0.238976 -90.7065 0 0 0 1 
Seq_Frame0088_ForcepToReference-SequenceTransformStatus = OK
Seq_Frame0088_Timestamp = 10.703
Seq_Frame0089_ForcepToReference-SequenceTransform =0.315955 -0.558257 0.767151 46.0955 0.0846329 0.821931 0.563264 188.8 -0.944992 -0.11304 0.306941 -60.2718 0 0 0 1 
Seq_Frame0089_ForcepToReference-SequenceTransformStatus = OK
Seq_Frame0089_Timestamp = 10.813
Seq_Frame0090_ForcepToReference-SequenceTransform =0.437058 -0.721765 0.536689 62.9905 0.227774 0.666065 0.710265 177.172 -0.870114 -0.188184 0.455508 -37.3841 0 0 0 1 
Seq_Frame0090_ForcepToReference-SequenceTransformStatus = OK
Seq_Frame0090_Timestamp = 10.918
Seq_Frame0091_ForcepToReference-SequenceTransform =0.574611 -0.810474 0.113816 88.2599 0.424943 0.414302 0.804846 156.427 -0.699461 -0.414109 0.582467 -21.5802 0 0 0 1 
Seq_Frame0091_ForcepToReference-SequenceTransformStatus = OK
Seq_Frame0091_Timestamp = 11.025
Seq_Frame0092_ForcepToReference-SequenceTransform =0.592358 -0.784051 -0.185407 99.2892 0.708066 0.396827 0.584099 178.204 -0.384389 -0.477276 0.790223 52.9133 0 0 0 1 
Seq_Frame0092_ForcepToReference-SequenceTransformStatus = OK
Seq_Frame0092_Timestamp = 11.648
Seq_Frame0093_ForcepToReference-SequenceTransform =0.652484 -0.753161 -0.083743 101.455 0.653517 0.503301 0.565335 185.843 -0.38364 -0.423599 0.8206 57.84 0 0 0 1 
Seq_Frame0093_ForcepToReference-SequenceTransformStatus = OK
Seq_Frame0093_Timestamp = 11.754
Seq_Frame0094_ForcepToReference-SequenceTransform =0.593047 -0.794017 -0.133539 93.1103 0.712772 0.440581 0.545751 183.942 -0.374501 -0.418838 0.827239 63.0247 0 0 0 1 
Seq_Frame0094_ForcepToReference-SequenceTransformStatus = OK
Seq_Frame0094_Timestamp = 11.86
Seq_Frame0095_ForcepToReference-SequenceTransform =0.589783 -0.793747 -0.148736 92.2096 0.719647 0.433016 0.542776 185.546 -0.366422 -0.427157 0.826603 63.2442 0 0 0 1 
Seq_Frame0095_ForcepToReference-SequenceTransformStatus = OK
Seq_Frame0095_Timestamp = 11.976
Seq_Frame0096_ForcepToReference-SequenceTransform =0.602079 -0.790275 -0.113872 91.1653 0.699701 0.453533 0.55202 186.117 -0.384603 -0.412036 0.826019 61.602 0 0 0 1 
Seq_Frame0096_ForcepToReference-SequenceTransformStatus = OK
Seq_Frame0096_Timestamp = 12.078
Seq_Frame0097_ForcepToReference-SequenceTransform =0.602592 -0.788939 -0.120237 90.1468 0.709591 0.460739 0.533105 188.384 -0.365189 -0.406564 0.837462 63.6455 0 0 0 1 
Seq_Frame0097_ForcepToReference-SequenceTransformStatus = OK
Seq_Frame0097_Timestamp = 12.187
Seq_Frame0098_ForcepToReference-SequenceTransform =0.606754 -0.78983 -0.0895413 90.7992 0.700931 0.478502 0.528897 189.768 -0.374893 -0.383673 0.843949 64.2901 0 0 0 1 
Seq_Frame0098_ForcepToReference-SequenceTransformStatus = OK
Seq_Frame0098_Timestamp = 12.293
Seq_Frame0099_ForcepToReference-SequenceTransform =0.606246 -0.791038 -0.0820092 91.8937 0.696705 0.478545 0.534413 190.558 -0.383495 -0.381121 0.841236 64.2886 0 0 0 1 
Seq_Frame0099_ForcepToReference-SequenceTransformStatus = OK
Seq_Frame0099_Timestamp = 12.4
Seq_Frame0100_ForcepToReference-SequenceTransform =0.592747 -0.801578 -0.0782505 90.808 0.701021 0.465661 0.54012 190.333 -0.39651 -0.37501 0.837942 63.5205 0 0 0 1 
Seq_Frame0100_ForcepToReference-SequenceTransformStatus = OK
Seq_Frame0100_Timestamp = 12.508
Seq_Frame0101_ForcepToReference-SequenceTransform =0.584072 -0.808051 -0.076898 90.0241 0.706027 0.459006 0.539295 190.096 -0.400481 -0.369279 0.838599 62.9055 0 0 0 1 
Seq_Frame0101_ForcepToReference-SequenceTransformStatus = OK
Seq_Frame0101_Timestamp = 12.613
Seq_Frame0102_ForcepToReference-SequenceTransform =0.588564 -0.804127 -0.0834965 90.7848 0.702496 0.457578 0.545089 189.996 -0.400115 -0.379476 0.83421 62.5851 0 0 0 1 
Seq_Frame0102_ForcepToReference-SequenceTransformStatus = OK
Seq_Frame0102_Timestamp = 12.717
Seq_Frame0103_ForcepToReference-SequenceTransform =0.596366 -0.799543 -0.0712639 91.9565 0.695928 0.470747 0.542293 190.14 -0.400039 -0.373 0.837162 62.3928 0 0 0 1 
Seq_Frame0103_ForcepToReference-SequenceTransformStatus = OK
Seq_Frame0103_Timestamp = 12.823
Seq_Frame0104_ForcepToReference-SequenceTransform =0.5992 -0.797663 -0.0685101 92.2115 0.691906 0.472899 0.545557 189.907 -0.402772 -0.3743 0.835269 62.1594 0 0 0 1 
Seq_Frame0104_ForcepToReference-SequenceTransformStatus = OK
Seq_Frame0104_Timestamp = 12.929
Seq_Frame0105_ForcepToReference-SequenceTransform =0.607375 -0.791136 -0.0721102 93.2509 0.682881 0.473564 0.556247 189.666 -0.405918 -0.387093 0.827882 61.7549 0 0 0 1 
Seq_Frame0105_ForcepToReference-SequenceTransformStatus = OK
Seq_Frame0105_Timestamp = 13.038
Seq_Frame0106_ForcepToReference-SequenceTransform =0.612545 -0.78764 -0.0664262 94.1547 0.682322 0.484468 0.547474 189.983 -0.399031 -0.380676 0.834182 61.6873 0 0 0 1 
Seq_Frame0106_ForcepToReference-SequenceTransformStatus = OK
Seq_Frame0106_Timestamp = 13.148
Seq_Frame0107_ForcepToReference-SequenceTransform =0.623338 -0.778753 -0.0706626 95.288 0.678792 0.494028 0.543303 190.258 -0.388189 -0.386627 0.836558 61.8879 0 0 0 1 
Seq_Frame0107_ForcepToReference-SequenceTransformStatus = OK
Seq_Frame0107_Timestamp = 13.253
Seq_Frame0108_ForcepToReference-SequenceTransform =0.626712 -0.776529 -0.0650812 96.1292 0.672731 0.497004 0.548106 190.391 -0.393274 -0.387287 0.833873 62.051 0 0 0 1 
Seq_Frame0108_ForcepToReference-SequenceTransformStatus = OK
Seq_Frame0108_Timestamp = 13.358
Seq_Frame0109_ForcepToReference-SequenceTransform =0.634 -0.770707 -0.0636763 96.7884 0.668883 0.505182 0.545332 190.515 -0.388123 -0.388333 0.835798 61.8017 0 0 0 1 
Seq_Frame0109_ForcepToReference-SequenceTransformStatus = OK
Seq_Frame0109_Timestamp = 13.475
Seq_Frame0110_ForcepToReference-SequenceTransform =0.64032 -0.765983 -0.057096 97.6228 0.664392 0.515025 0.541601 190.713 -0.385451 -0.384732 0.838694 62.0635 0 0 0 1 
Seq_Frame0110_ForcepToReference-SequenceTransformStatus = OK
Seq_Frame0110_Timestamp = 13.592
Seq_Frame0111_ForcepToReference-SequenceTransform =0.641943 -0.764838 -0.0541494 97.9361 0.661203 0.516434 0.544157 190.786 -0.388227 -0.385121 0.837234 62.193 0 0 0 1 
Seq_Frame0111_ForcepToReference-SequenceTransformStatus = OK
Seq_Frame0111_Timestamp = 13.698
Seq_Frame0112_ForcepToReference-SequenceTransform =0.643846 -0.76354 -0.0496915 98.1075 0.658359 0.519719 0.544477 191.185 -0.389904 -0.383274 0.837303 62.026 0 0 0 1 
Seq_Frame0112_ForcepToReference-SequenceTransformStatus = OK
Seq_Frame0112_Timestamp = 13.803
Seq_Frame0113_ForcepToReference-SequenceTransform =0.64439 -0.763215 -0.0475892 98.0893 0.656036 0.519777 0.547219 191.11 -0.39291 -0.383843 0.835636 62.0203 0 0 0 1 
Seq_Frame0113_ForcepToReference-SequenceTransformStatus = OK
Seq_Frame0113_Timestamp = 13.913
Seq_Frame0114_ForcepToReference-SequenceTransform =0.648344 -0.76 -0.0452825 98.1963 0.653864 0.525359 0.544481 191.157 -0.390016 -0.382619 0.83755 62.3197 0 0 0 1 
Seq_Frame0114_ForcepToReference-SequenceTransformStatus = OK
Seq_Frame0114_Timestamp = 14.019
Seq_Frame0115_ForcepToReference-SequenceTransform =0.65141 -0.757488 -0.0433273 98.2773 0.650817 0.528499 0.545092 191.244 -0.390002 -0.383276 0.837256 62.1448 0 0 0 1 
Seq_Frame0115_ForcepToReference-SequenceTransformStatus = OK
Seq_Frame0115_Timestamp = 14.133
Seq_Frame0116_ForcepToReference-SequenceTransform =0.653908 -0.755649 -0.0374094 98.2453 0.648235 0.534088 0.542717 191.409 -0.390123 -0.379137 0.839082 62.1089 0 0 0 1 
Seq_Frame0116_ForcepToReference-SequenceTransformStatus = OK
Seq_Frame0116_Timestamp = 14.238
Seq_Frame0117_ForcepToReference-SequenceTransform =0.65805 -0.751982 -0.0386281 98.554 0.645347 0.536818 0.543464 191.557 -0.387939 -0.382555 0.838543 62.1305 0 0 0 1 
Seq_Frame0117_ForcepToReference-SequenceTransformStatus = OK
Seq_Frame0117_Timestamp = 14.343
Seq_Frame0118_ForcepToReference-SequenceTransform =0.658765 -0.751343 -0.0388866 98.5575 0.645244 0.537647 0.542766 191.325 -0.386896 -0.382646 0.838983 62.2935 0 0 0 1 
Seq_Frame0118_ForcepToReference-SequenceTransformStatus = OK
Seq_Frame0118_Timestamp = 14.448
Seq_Frame0119_ForcepToReference-SequenceTransform =0.660372 -0.749892 -0.0396458 98.6599 0.643061 0.537452 0.545543 191.393 -0.38779 -0.385756 0.837145 62.1914 0 0 0 1 
Seq_Frame0119_ForcepToReference-SequenceTransformStatus = OK
Seq_Frame0119_Timestamp = 14.558
Seq_Frame0120_ForcepToReference-SequenceTransform =0.661675 -0.748893 -0.0366659 98.7914 0.640908 0.539532 0.546024 191.438 -0.389131 -0.38479 0.836967 62.1543 0 0 0 1 
Seq_Frame0120_ForcepToReference-SequenceTransformStatus = OK
Seq_Frame0120_Timestamp = 14.669
Seq_Frame0121_ForcepToReference-SequenceTransform =0.661771 -0.748968 -0.0332627 98.5931 0.639776 0.541049 0.54585 191.386 -0.390827 -0.382508 0.837222 61.9899 0 0 0 1 
Seq_Frame0121_ForcepToReference-SequenceTransformStatus = OK
Seq_Frame0121_Timestamp = 14.772
Seq_Frame0122_ForcepToReference-SequenceTransform =0.663119 -0.7483 -0.0179017 97.6809 0.628779 0.543909 0.555698 191.092 -0.406092 -0.37975 0.831191 61.298 0 0 0 1 
Seq_Frame0122_ForcepToReference-SequenceTransformStatus = OK
Seq_Frame0122_Timestamp = 14.878
Seq_Frame0123_ForcepToReference-SequenceTransform =0.680233 -0.732788 -0.0174392 99.6176 0.60755 0.550348 0.572713 191.233 -0.41008 -0.400174 0.81957 56.9187 0 0 0 1 
Seq_Frame0123_ForcepToReference-SequenceTransformStatus = OK
Seq_Frame0123_Timestamp = 14.983
Seq_Frame0124_ForcepToReference-SequenceTransform =0.672015 -0.738974 -0.0481031 97.4881 0.63155 0.537981 0.55832 190.75 -0.386706 -0.405579 0.82823 58.8635 0 0 0 1 
Seq_Frame0124_ForcepToReference-SequenceTransformStatus = OK
Seq_Frame0124_Timestamp = 15.093
Seq_Frame0125_ForcepToReference-SequenceTransform =0.669053 -0.739892 -0.0701939 98.574 0.647571 0.534 0.543596 191.039 -0.364719 -0.40915 0.836407 61.7778 0 0 0 1 
Seq_Frame0125_ForcepToReference-SequenceTransformStatus = OK
Seq_Frame0125_Timestamp = 15.198
Seq_Frame0126_ForcepToReference-SequenceTransform =0.723434 -0.685619 -0.0810542 107.02 0.616037 0.588054 0.524109 191.683 -0.311675 -0.429091 0.847785 65.1388 0 0 0 1 
Seq_Frame0126_ForcepToReference-SequenceTransformStatus = OK
Seq_Frame0126_Timestamp = 15.307
Seq_Frame0127_ForcepToReference-SequenceTransform =0.757297 -0.647123 -0.0879402 113.665 0.602802 0.640832 0.475357 193.776 -0.251259 -0.412997 0.875387 71.903 0 0 0 1 
Seq_Frame0127_ForcepToReference-SequenceTransformStatus = OK
Seq_Frame0127_Timestamp = 15.413
Seq_Frame0128_ForcepToReference-SequenceTransform =0.787027 -0.610579 -0.088214 119.843 0.576831 0.67762 0.456176 194.347 -0.218756 -0.409908 0.885506 76.6725 0 0 0 1 
Seq_Frame0128_ForcepToReference-SequenceTransformStatus = OK
Seq_Frame0128_Timestamp = 15.518
Seq_Frame0129_ForcepToReference-SequenceTransform =0.818308 -0.566269 -0.0985491 126.722 0.539723 0.698055 0.470551 194.033 -0.197666 -0.438244 0.876852 74.6237 0 0 0 1 
Seq_Frame0129_ForcepToReference-SequenceTransformStatus = OK
Seq_Frame0129_Timestamp = 15.628
Seq_Frame0130_ForcepToReference-SequenceTransform =0.819531 -0.564123 -0.100667 126.673 0.537256 0.695311 0.477387 194.164 -0.19931 -0.445317 0.872908 72.7794 0 0 0 1 
Seq_Frame0130_ForcepToReference-SequenceTransformStatus = OK
Seq_Frame0130_Timestamp = 15.734
Seq_Frame0131_ForcepToReference-SequenceTransform =0.815265 -0.569667 -0.104037 125.172 0.54144 0.686139 0.485856 194.345 -0.205392 -0.452431 0.867825 70.7479 0 0 0 1 
Seq_Frame0131_ForcepToReference-SequenceTransformStatus = OK
Seq_Frame0131_Timestamp = 15.843
Seq_Frame0132_ForcepToReference-SequenceTransform =0.801367 -0.589141 -0.103553 122.282 0.556412 0.670618 0.490588 194.571 -0.219581 -0.450759 0.865217 70.1331 0 0 0 1 
Seq_Frame0132_ForcepToReference-SequenceTransformStatus = OK
Seq_Frame0132_Timestamp = 15.959
Seq_Frame0133_ForcepToReference-SequenceTransform =0.789216 -0.605944 -0.0998532 119.806 0.5691 0.660527 0.489723 194.773 -0.230789 -0.443323 0.866141 70.2568 0 0 0 1 
Seq_Frame0133_ForcepToReference-SequenceTransformStatus = OK
Seq_Frame0133_Timestamp = 16.073
Seq_Frame0134_ForcepToReference-SequenceTransform =0.784433 -0.612644 -0.0966082 118.639 0.573994 0.658109 0.487262 194.925 -0.234939 -0.437676 0.867896 70.2632 0 0 0 1 
Seq_Frame0134_ForcepToReference-SequenceTransformStatus = OK
Seq_Frame0134_Timestamp = 16.184
Seq_Frame0135_ForcepToReference-SequenceTransform =0.777874 -0.622152 -0.0885362 117.418 0.578548 0.653994 0.487415 195.317 -0.245344 -0.43037 0.86867 70.4845 0 0 0 1 
Seq_Frame0135_ForcepToReference-SequenceTransformStatus = OK
Seq_Frame0135_Timestamp = 16.288
Seq_Frame0136_ForcepToReference-SequenceTransform =0.769047 -0.633506 -0.0850658 115.087 0.587432 0.648023 0.484758 195.542 -0.251973 -0.422772 0.870502 70.6275 0 0 0 1 
Seq_Frame0136_ForcepToReference-SequenceTransformStatus = OK
Seq_Frame0136_Timestamp = 16.398
Seq_Frame0137_ForcepToReference-SequenceTransform =0.755719 -0.650708 -0.0739428 111.831 0.597349 0.638624 0.485112 196.213 -0.268445 -0.410779 0.87132 70.1937 0 0 0 1 
Seq_Frame0137_ForcepToReference-SequenceTransformStatus = OK
Seq_Frame0137_Timestamp = 16.508
Seq_Frame0138_ForcepToReference-SequenceTransform =0.755641 -0.651989 -0.0625835 111.278 0.594782 0.643031 0.482437 195.644 -0.274301 -0.401773 0.873692 70.4001 0 0 0 1 
Seq_Frame0138_ForcepToReference-SequenceTransformStatus = OK
Seq_Frame0138_Timestamp = 16.613
Seq_Frame0139_ForcepToReference-SequenceTransform =0.755739 -0.652191 -0.0592153 110.743 0.587148 0.634761 0.502331 195.455 -0.290028 -0.414399 0.862646 67.4031 0 0 0 1 
Seq_Frame0139_ForcepToReference-SequenceTransformStatus = OK
Seq_Frame0139_Timestamp = 16.722
Seq_Frame0140_ForcepToReference-SequenceTransform =0.750371 -0.655402 -0.0859805 108.69 0.595814 0.614277 0.517368 193.836 -0.286268 -0.439446 0.851433 64.2561 0 0 0 1 
Seq_Frame0140_ForcepToReference-SequenceTransformStatus = OK
Seq_Frame0140_Timestamp = 16.825
Seq_Frame0141_ForcepToReference-SequenceTransform =0.71414 -0.690879 -0.112651 103.291 0.632928 0.568553 0.5255 192.265 -0.299009 -0.44658 0.843303 63.5315 0 0 0 1 
Seq_Frame0141_ForcepToReference-SequenceTransformStatus = OK
Seq_Frame0141_Timestamp = 16.943
Seq_Frame0142_ForcepToReference-SequenceTransform =0.67635 -0.728671 -0.107657 95.706 0.658472 0.532635 0.53171 192.329 -0.3301 -0.43051 0.840057 62.5995 0 0 0 1 
Seq_Frame0142_ForcepToReference-SequenceTransformStatus = OK
Seq_Frame0142_Timestamp = 17.058
Seq_Frame0143_ForcepToReference-SequenceTransform =0.683741 -0.723697 -0.0935963 95.2962 0.650508 0.546362 0.527569 192.689 -0.330663 -0.421606 0.84434 62.7208 0 0 0 1 
Seq_Frame0143_ForcepToReference-SequenceTransformStatus = OK
Seq_Frame0143_Timestamp = 17.169
Seq_Frame0144_ForcepToReference-SequenceTransform =0.704052 -0.704575 -0.0887959 98.4243 0.634394 0.567818 0.524526 191.952 -0.319148 -0.425625 0.846751 63.466 0 0 0 1 
Seq_Frame0144_ForcepToReference-SequenceTransformStatus = OK
Seq_Frame0144_Timestamp = 17.272
Seq_Frame0145_ForcepToReference-SequenceTransform =0.715857 -0.693281 -0.0831311 100.759 0.619217 0.5753 0.534415 191.624 -0.322674 -0.434041 0.841124 63.2605 0 0 0 1 
Seq_Frame0145_ForcepToReference-SequenceTransformStatus = OK
Seq_Frame0145_Timestamp = 17.378
Seq_Frame0146_ForcepToReference-SequenceTransform =0.730278 -0.679096 -0.0743081 103.297 0.604458 0.591641 0.533471 191.106 -0.318314 -0.434498 0.842548 63.3744 0 0 0 1 
Seq_Frame0146_ForcepToReference-SequenceTransformStatus = OK
Seq_Frame0146_Timestamp = 17.483
Seq_Frame0147_ForcepToReference-SequenceTransform =0.738987 -0.669345 -0.0766469 104.943 0.596586 0.597275 0.536047 190.734 -0.313021 -0.441859 0.840701 63.483 0 0 0 1 
Seq_Frame0147_ForcepToReference-SequenceTransformStatus = OK
Seq_Frame0147_Timestamp = 17.584
Seq_Frame0148_ForcepToReference-SequenceTransform =0.7419 -0.665945 -0.0781193 105.588 0.594706 0.599731 0.535395 190.968 -0.309693 -0.443667 0.840981 63.296 0 0 0 1 
Seq_Frame0148_ForcepToReference-SequenceTransformStatus = OK
Seq_Frame0148_Timestamp = 17.698
Seq_Frame0149_ForcepToReference-SequenceTransform =0.744598 -0.66321 -0.0756693 105.912 0.59127 0.602689 0.535879 191.083 -0.309795 -0.443755 0.840897 62.5654 0 0 0 1 
Seq_Frame0149_ForcepToReference-SequenceTransformStatus = OK
Seq_Frame0149_Timestamp = 17.807
Seq_Frame0150_ForcepToReference-SequenceTransform =0.741585 -0.667573 -0.0663216 105.49 0.58757 0.598623 0.544438 190.107 -0.32375 -0.442715 0.836175 62.0565 0 0 0 1 
Seq_Frame0150_ForcepToReference-SequenceTransformStatus = OK
Seq_Frame0150_Timestamp = 17.909
