ObjectType = Image
NDims = 3
AnatomicalOrientation = RAI
BinaryData = True
CompressedData = False
DimSize = 0 0 5561
ElementSpacing = 1 1 1
Offset = 0 0 0
TransformMatrix = 1 0 0 0 1 0 0 0 1
ElementType = MET_UCHAR
Kinds = domain domain list
Seq_Frame0000_DriverToReference-SequenceTransform =0.66673 -0.283267 -0.68937 46.4131 -0.73879 -0.129203 -0.661435 271.878 0.0982945 0.950298 -0.295418 195.787 0 0 0 1 
Seq_Frame0000_DriverToReference-SequenceTransformStatus = OK
Seq_Frame0000_Timestamp = 0.000999928
Seq_Frame0001_DriverToReference-SequenceTransform =0.66673 -0.283267 -0.68937 46.4131 -0.73879 -0.129203 -0.661435 271.878 0.0982945 0.950298 -0.295418 195.787 0 0 0 1 
Seq_Frame0001_DriverToReference-SequenceTransformStatus = OK
Seq_Frame0001_Timestamp = 0.105
Seq_Frame0002_DriverToReference-SequenceTransform =0.66673 -0.283267 -0.68937 46.4131 -0.73879 -0.129203 -0.661435 271.878 0.0982945 0.950298 -0.295418 195.787 0 0 0 1 
Seq_Frame0002_DriverToReference-SequenceTransformStatus = OK
Seq_Frame0002_Timestamp = 0.209
Seq_Frame0003_DriverToReference-SequenceTransform =0.66673 -0.283267 -0.68937 46.4131 -0.73879 -0.129203 -0.661435 271.878 0.0982945 0.950298 -0.295418 195.787 0 0 0 1 
Seq_Frame0003_DriverToReference-SequenceTransformStatus = OK
Seq_Frame0003_Timestamp = 0.315
Seq_Frame0004_DriverToReference-SequenceTransform =0.66673 -0.283267 -0.68937 46.4131 -0.73879 -0.129203 -0.661435 271.878 0.0982945 0.950298 -0.295418 195.787 0 0 0 1 
Seq_Frame0004_DriverToReference-SequenceTransformStatus = OK
Seq_Frame0004_Timestamp = 0.417
Seq_Frame0005_DriverToReference-SequenceTransform =0.66673 -0.283267 -0.68937 46.4131 -0.73879 -0.129203 -0.661435 271.878 0.0982945 0.950298 -0.295418 195.787 0 0 0 1 
Seq_Frame0005_DriverToReference-SequenceTransformStatus = OK
Seq_Frame0005_Timestamp = 0.52
Seq_Frame0006_DriverToReference-SequenceTransform =0.66673 -0.283267 -0.68937 46.4131 -0.73879 -0.129203 -0.661435 271.878 0.0982945 0.950298 -0.295418 195.787 0 0 0 1 
Seq_Frame0006_DriverToReference-SequenceTransformStatus = OK
Seq_Frame0006_Timestamp = 0.625
Seq_Frame0007_DriverToReference-SequenceTransform =0.66673 -0.283267 -0.68937 46.4131 -0.73879 -0.129203 -0.661435 271.878 0.0982945 0.950298 -0.295418 195.787 0 0 0 1 
Seq_Frame0007_DriverToReference-SequenceTransformStatus = OK
Seq_Frame0007_Timestamp = 0.733
Seq_Frame0008_DriverToReference-SequenceTransform =0.66673 -0.283267 -0.68937 46.4131 -0.73879 -0.129203 -0.661435 271.878 0.0982945 0.950298 -0.295418 195.787 0 0 0 1 
Seq_Frame0008_DriverToReference-SequenceTransformStatus = OK
Seq_Frame0008_Timestamp = 0.836
Seq_Frame0009_DriverToReference-SequenceTransform =0.66673 -0.283267 -0.68937 46.4131 -0.73879 -0.129203 -0.661435 271.878 0.0982945 0.950298 -0.295418 195.787 0 0 0 1 
Seq_Frame0009_DriverToReference-SequenceTransformStatus = OK
Seq_Frame0009_Timestamp = 0.94
Seq_Frame0010_DriverToReference-SequenceTransform =0.66673 -0.283267 -0.68937 46.4131 -0.73879 -0.129203 -0.661435 271.878 0.0982945 0.950298 -0.295418 195.787 0 0 0 1 
Seq_Frame0010_DriverToReference-SequenceTransformStatus = OK
Seq_Frame0010_Timestamp = 1.049
Seq_Frame0011_DriverToReference-SequenceTransform =0.66673 -0.283267 -0.68937 46.4131 -0.73879 -0.129203 -0.661435 271.878 0.0982945 0.950298 -0.295418 195.787 0 0 0 1 
Seq_Frame0011_DriverToReference-SequenceTransformStatus = OK
Seq_Frame0011_Timestamp = 1.15
Seq_Frame0012_DriverToReference-SequenceTransform =0.66673 -0.283267 -0.68937 46.4131 -0.73879 -0.129203 -0.661435 271.878 0.0982945 0.950298 -0.295418 195.787 0 0 0 1 
Seq_Frame0012_DriverToReference-SequenceTransformStatus = OK
Seq_Frame0012_Timestamp = 1.26
Seq_Frame0013_DriverToReference-SequenceTransform =0.66673 -0.283267 -0.68937 46.4131 -0.73879 -0.129203 -0.661435 271.878 0.0982945 0.950298 -0.295418 195.787 0 0 0 1 
Seq_Frame0013_DriverToReference-SequenceTransformStatus = OK
Seq_Frame0013_Timestamp = 1.365
Seq_Frame0014_DriverToReference-SequenceTransform =0.66673 -0.283267 -0.68937 46.4131 -0.73879 -0.129203 -0.661435 271.878 0.0982945 0.950298 -0.295418 195.787 0 0 0 1 
Seq_Frame0014_DriverToReference-SequenceTransformStatus = OK
Seq_Frame0014_Timestamp = 1.47
Seq_Frame0015_DriverToReference-SequenceTransform =0.66673 -0.283267 -0.68937 46.4131 -0.73879 -0.129203 -0.661435 271.878 0.0982945 0.950298 -0.295418 195.787 0 0 0 1 
Seq_Frame0015_DriverToReference-SequenceTransformStatus = OK
Seq_Frame0015_Timestamp = 1.576
Seq_Frame0016_DriverToReference-SequenceTransform =0.66673 -0.283267 -0.68937 46.4131 -0.73879 -0.129203 -0.661435 271.878 0.0982945 0.950298 -0.295418 195.787 0 0 0 1 
Seq_Frame0016_DriverToReference-SequenceTransformStatus = OK
Seq_Frame0016_Timestamp = 1.685
Seq_Frame0017_DriverToReference-SequenceTransform =0.66673 -0.283267 -0.68937 46.4131 -0.73879 -0.129203 -0.661435 271.878 0.0982945 0.950298 -0.295418 195.787 0 0 0 1 
Seq_Frame0017_DriverToReference-SequenceTransformStatus = OK
Seq_Frame0017_Timestamp = 1.791
Seq_Frame0018_DriverToReference-SequenceTransform =0.66673 -0.283267 -0.68937 46.4131 -0.73879 -0.129203 -0.661435 271.878 0.0982945 0.950298 -0.295418 195.787 0 0 0 1 
Seq_Frame0018_DriverToReference-SequenceTransformStatus = OK
Seq_Frame0018_Timestamp = 1.9
Seq_Frame0019_DriverToReference-SequenceTransform =0.66673 -0.283267 -0.68937 46.4131 -0.73879 -0.129203 -0.661435 271.878 0.0982945 0.950298 -0.295418 195.787 0 0 0 1 
Seq_Frame0019_DriverToReference-SequenceTransformStatus = OK
Seq_Frame0019_Timestamp = 2.001
Seq_Frame0020_DriverToReference-SequenceTransform =0.66673 -0.283267 -0.68937 46.4131 -0.73879 -0.129203 -0.661435 271.878 0.0982945 0.950298 -0.295418 195.787 0 0 0 1 
Seq_Frame0020_DriverToReference-SequenceTransformStatus = OK
Seq_Frame0020_Timestamp = 2.105
Seq_Frame0021_DriverToReference-SequenceTransform =0.170333 -0.237287 0.95639 -2.11574 -0.442991 0.848524 0.289422 248.409 -0.880196 -0.472971 0.0394155 89.8254 0 0 0 1 
Seq_Frame0021_DriverToReference-SequenceTransformStatus = OK
Seq_Frame0021_Timestamp = 2.206
Seq_Frame0022_DriverToReference-SequenceTransform =0.184756 -0.161652 0.969399 -3.40966 -0.290219 0.933417 0.210964 274.65 -0.938956 -0.320314 0.12554 125.322 0 0 0 1 
Seq_Frame0022_DriverToReference-SequenceTransformStatus = OK
Seq_Frame0022_Timestamp = 2.317
Seq_Frame0023_DriverToReference-SequenceTransform =0.184756 -0.161652 0.969399 -3.40966 -0.290219 0.933417 0.210964 274.65 -0.938956 -0.320314 0.12554 125.322 0 0 0 1 
Seq_Frame0023_DriverToReference-SequenceTransformStatus = OK
Seq_Frame0023_Timestamp = 2.421
Seq_Frame0024_DriverToReference-SequenceTransform =0.184756 -0.161652 0.969399 -3.40966 -0.290219 0.933417 0.210964 274.65 -0.938956 -0.320314 0.12554 125.322 0 0 0 1 
Seq_Frame0024_DriverToReference-SequenceTransformStatus = OK
Seq_Frame0024_Timestamp = 2.525
Seq_Frame0025_DriverToReference-SequenceTransform =-0.11586 -0.491124 -0.86335 7.1504 -0.950755 0.306403 -0.0467102 315.867 0.287474 0.815423 -0.502439 243.505 0 0 0 1 
Seq_Frame0025_DriverToReference-SequenceTransformStatus = OK
Seq_Frame0025_Timestamp = 2.626
Seq_Frame0026_DriverToReference-SequenceTransform =-0.108101 -0.38979 -0.914537 5.57602 -0.955704 0.29407 -0.0123704 315.177 0.27376 0.872689 -0.404313 245.621 0 0 0 1 
Seq_Frame0026_DriverToReference-SequenceTransformStatus = OK
Seq_Frame0026_Timestamp = 2.73
Seq_Frame0027_DriverToReference-SequenceTransform =-0.13008 -0.23523 -0.963196 2.25179 -0.957534 0.281908 0.0604684 311.708 0.257309 0.930158 -0.261911 247.498 0 0 0 1 
Seq_Frame0027_DriverToReference-SequenceTransformStatus = OK
Seq_Frame0027_Timestamp = 2.84
Seq_Frame0028_DriverToReference-SequenceTransform =-0.233156 -0.169777 -0.957504 0.346313 -0.919601 0.358645 0.160334 312.144 0.316183 0.917905 -0.239747 249.882 0 0 0 1 
Seq_Frame0028_DriverToReference-SequenceTransformStatus = OK
Seq_Frame0028_Timestamp = 2.94
Seq_Frame0029_DriverToReference-SequenceTransform =-0.268082 -0.182487 -0.945955 0.225423 -0.902014 0.392425 0.179926 315.668 0.338382 0.901499 -0.269808 249.95 0 0 0 1 
Seq_Frame0029_DriverToReference-SequenceTransformStatus = OK
Seq_Frame0029_Timestamp = 3.041
Seq_Frame0030_DriverToReference-SequenceTransform =-0.28342 -0.208484 -0.936059 0.822364 -0.887867 0.425946 0.17396 316.883 0.362443 0.8804 -0.305828 248.777 0 0 0 1 
Seq_Frame0030_DriverToReference-SequenceTransformStatus = OK
Seq_Frame0030_Timestamp = 3.151
Seq_Frame0031_DriverToReference-SequenceTransform =-0.258305 -0.303765 -0.917064 2.99444 -0.903823 0.411209 0.118369 317.215 0.341149 0.859438 -0.380767 249.829 0 0 0 1 
Seq_Frame0031_DriverToReference-SequenceTransformStatus = OK
Seq_Frame0031_Timestamp = 3.26
Seq_Frame0032_DriverToReference-SequenceTransform =-0.325727 -0.411379 -0.851275 9.24484 -0.889152 0.439376 0.127892 318.88 0.321418 0.798571 -0.508896 253.943 0 0 0 1 
Seq_Frame0032_DriverToReference-SequenceTransformStatus = OK
Seq_Frame0032_Timestamp = 3.36
Seq_Frame0033_DriverToReference-SequenceTransform =-0.318089 -0.429125 -0.845382 7.30788 -0.911259 0.384421 0.14774 321.838 0.261584 0.817357 -0.513324 257.096 0 0 0 1 
Seq_Frame0033_DriverToReference-SequenceTransformStatus = OK
Seq_Frame0033_Timestamp = 3.466
Seq_Frame0034_DriverToReference-SequenceTransform =-0.311192 -0.409434 -0.857627 8.76071 -0.918878 0.359936 0.161583 326.499 0.242533 0.838338 -0.488229 260.631 0 0 0 1 
Seq_Frame0034_DriverToReference-SequenceTransformStatus = OK
Seq_Frame0034_Timestamp = 3.575
Seq_Frame0035_DriverToReference-SequenceTransform =-0.359111 -0.515248 -0.778177 19.0079 -0.928419 0.282338 0.241502 333.394 0.0952751 0.8092 -0.579757 272.885 0 0 0 1 
Seq_Frame0035_DriverToReference-SequenceTransformStatus = OK
Seq_Frame0035_Timestamp = 3.685
Seq_Frame0036_DriverToReference-SequenceTransform =-0.363819 -0.53252 -0.764237 27.6379 -0.928949 0.267754 0.25566 333.778 0.0684838 0.802951 -0.592098 275.255 0 0 0 1 
Seq_Frame0036_DriverToReference-SequenceTransformStatus = OK
Seq_Frame0036_Timestamp = 3.79
Seq_Frame0037_DriverToReference-SequenceTransform =-0.246337 -0.517781 -0.819281 29.6266 -0.964778 0.211519 0.156405 333.338 0.0923099 0.828953 -0.551649 272.615 0 0 0 1 
Seq_Frame0037_DriverToReference-SequenceTransformStatus = OK
Seq_Frame0037_Timestamp = 3.891
Seq_Frame0038_DriverToReference-SequenceTransform =0.00372056 -0.446308 -0.894872 15.2903 -0.981576 0.169326 -0.0885305 326.523 0.191037 0.878714 -0.437455 267.517 0 0 0 1 
Seq_Frame0038_DriverToReference-SequenceTransformStatus = OK
Seq_Frame0038_Timestamp = 4.001
Seq_Frame0039_DriverToReference-SequenceTransform =0.128186 -0.326523 -0.936457 2.95378 -0.978231 0.113748 -0.173566 321.739 0.163193 0.93832 -0.304834 266.369 0 0 0 1 
Seq_Frame0039_DriverToReference-SequenceTransformStatus = OK
Seq_Frame0039_Timestamp = 4.101
Seq_Frame0040_DriverToReference-SequenceTransform =0.13247 -0.343037 -0.929934 1.93859 -0.976179 0.117494 -0.182399 321.412 0.171832 0.931944 -0.319301 267.279 0 0 0 1 
Seq_Frame0040_DriverToReference-SequenceTransformStatus = OK
Seq_Frame0040_Timestamp = 4.209
Seq_Frame0041_DriverToReference-SequenceTransform =0.13247 -0.343037 -0.929934 1.93859 -0.976179 0.117494 -0.182399 321.412 0.171832 0.931944 -0.319301 267.279 0 0 0 1 
Seq_Frame0041_DriverToReference-SequenceTransformStatus = OK
Seq_Frame0041_Timestamp = 4.31
Seq_Frame0042_DriverToReference-SequenceTransform =0.13247 -0.343037 -0.929934 1.93859 -0.976179 0.117494 -0.182399 321.412 0.171832 0.931944 -0.319301 267.279 0 0 0 1 
Seq_Frame0042_DriverToReference-SequenceTransformStatus = OK
Seq_Frame0042_Timestamp = 4.417
Seq_Frame0043_DriverToReference-SequenceTransform =0.13247 -0.343037 -0.929934 1.93859 -0.976179 0.117494 -0.182399 321.412 0.171832 0.931944 -0.319301 267.279 0 0 0 1 
Seq_Frame0043_DriverToReference-SequenceTransformStatus = OK
Seq_Frame0043_Timestamp = 4.52
Seq_Frame0044_DriverToReference-SequenceTransform =0.13247 -0.343037 -0.929934 1.93859 -0.976179 0.117494 -0.182399 321.412 0.171832 0.931944 -0.319301 267.279 0 0 0 1 
Seq_Frame0044_DriverToReference-SequenceTransformStatus = OK
Seq_Frame0044_Timestamp = 4.625
Seq_Frame0045_DriverToReference-SequenceTransform =0.13247 -0.343037 -0.929934 1.93859 -0.976179 0.117494 -0.182399 321.412 0.171832 0.931944 -0.319301 267.279 0 0 0 1 
Seq_Frame0045_DriverToReference-SequenceTransformStatus = OK
Seq_Frame0045_Timestamp = 4.726
Seq_Frame0046_DriverToReference-SequenceTransform =0.13247 -0.343037 -0.929934 1.93859 -0.976179 0.117494 -0.182399 321.412 0.171832 0.931944 -0.319301 267.279 0 0 0 1 
Seq_Frame0046_DriverToReference-SequenceTransformStatus = OK
Seq_Frame0046_Timestamp = 4.83
Seq_Frame0047_DriverToReference-SequenceTransform =0.13247 -0.343037 -0.929934 1.93859 -0.976179 0.117494 -0.182399 321.412 0.171832 0.931944 -0.319301 267.279 0 0 0 1 
Seq_Frame0047_DriverToReference-SequenceTransformStatus = OK
Seq_Frame0047_Timestamp = 4.93
Seq_Frame0048_DriverToReference-SequenceTransform =0.13247 -0.343037 -0.929934 1.93859 -0.976179 0.117494 -0.182399 321.412 0.171832 0.931944 -0.319301 267.279 0 0 0 1 
Seq_Frame0048_DriverToReference-SequenceTransformStatus = OK
Seq_Frame0048_Timestamp = 5.035
Seq_Frame0049_DriverToReference-SequenceTransform =0.13247 -0.343037 -0.929934 1.93859 -0.976179 0.117494 -0.182399 321.412 0.171832 0.931944 -0.319301 267.279 0 0 0 1 
Seq_Frame0049_DriverToReference-SequenceTransformStatus = OK
Seq_Frame0049_Timestamp = 5.14
Seq_Frame0050_DriverToReference-SequenceTransform =0.13247 -0.343037 -0.929934 1.93859 -0.976179 0.117494 -0.182399 321.412 0.171832 0.931944 -0.319301 267.279 0 0 0 1 
Seq_Frame0050_DriverToReference-SequenceTransformStatus = OK
Seq_Frame0050_Timestamp = 5.245
Seq_Frame0051_DriverToReference-SequenceTransform =0.13247 -0.343037 -0.929934 1.93859 -0.976179 0.117494 -0.182399 321.412 0.171832 0.931944 -0.319301 267.279 0 0 0 1 
Seq_Frame0051_DriverToReference-SequenceTransformStatus = OK
Seq_Frame0051_Timestamp = 5.351
Seq_Frame0052_DriverToReference-SequenceTransform =0.13247 -0.343037 -0.929934 1.93859 -0.976179 0.117494 -0.182399 321.412 0.171832 0.931944 -0.319301 267.279 0 0 0 1 
Seq_Frame0052_DriverToReference-SequenceTransformStatus = OK
Seq_Frame0052_Timestamp = 5.458
Seq_Frame0053_DriverToReference-SequenceTransform =0.13247 -0.343037 -0.929934 1.93859 -0.976179 0.117494 -0.182399 321.412 0.171832 0.931944 -0.319301 267.279 0 0 0 1 
Seq_Frame0053_DriverToReference-SequenceTransformStatus = OK
Seq_Frame0053_Timestamp = 5.56
Seq_Frame0054_DriverToReference-SequenceTransform =0.167376 -0.376073 -0.911347 60.0839 -0.953292 0.174016 -0.246888 309.789 0.251437 0.910103 -0.329381 238.38 0 0 0 1 
Seq_Frame0054_DriverToReference-SequenceTransformStatus = OK
Seq_Frame0054_Timestamp = 5.666
Seq_Frame0055_DriverToReference-SequenceTransform =0.0985026 -0.479517 -0.871987 88.8563 -0.970376 0.147969 -0.190987 299.76 0.220608 0.864968 -0.450736 230.256 0 0 0 1 
Seq_Frame0055_DriverToReference-SequenceTransformStatus = OK
Seq_Frame0055_Timestamp = 5.767
Seq_Frame0056_DriverToReference-SequenceTransform =0.120852 -0.528943 -0.840008 94.4193 -0.972521 0.106545 -0.207007 292.926 0.198994 0.841942 -0.501532 227.153 0 0 0 1 
Seq_Frame0056_DriverToReference-SequenceTransformStatus = OK
Seq_Frame0056_Timestamp = 5.875
Seq_Frame0057_DriverToReference-SequenceTransform =0.171543 -0.515613 -0.839474 91.249 -0.969804 0.0615633 -0.235988 289.787 0.173359 0.854607 -0.489483 229.653 0 0 0 1 
Seq_Frame0057_DriverToReference-SequenceTransformStatus = OK
Seq_Frame0057_Timestamp = 5.976
Seq_Frame0058_DriverToReference-SequenceTransform =0.188736 -0.527451 -0.828356 92.623 -0.965235 0.0556911 -0.255384 287.806 0.180834 0.847758 -0.498603 230.141 0 0 0 1 
Seq_Frame0058_DriverToReference-SequenceTransformStatus = OK
Seq_Frame0058_Timestamp = 6.085
Seq_Frame0059_DriverToReference-SequenceTransform =0.204266 -0.52787 -0.824396 92.9418 -0.961035 0.0520891 -0.271475 286.289 0.186246 0.847726 -0.496661 230.515 0 0 0 1 
Seq_Frame0059_DriverToReference-SequenceTransformStatus = OK
Seq_Frame0059_Timestamp = 6.19
Seq_Frame0060_DriverToReference-SequenceTransform =0.238051 -0.501255 -0.83191 87.5915 -0.955253 0.0339993 -0.293831 285.664 0.175569 0.864631 -0.470732 232.445 0 0 0 1 
Seq_Frame0060_DriverToReference-SequenceTransformStatus = OK
Seq_Frame0060_Timestamp = 6.299
Seq_Frame0061_DriverToReference-SequenceTransform =0.274141 -0.469747 -0.839157 82.1764 -0.94652 0.0225764 -0.321853 285.317 0.170135 0.882512 -0.438436 234.934 0 0 0 1 
Seq_Frame0061_DriverToReference-SequenceTransformStatus = OK
Seq_Frame0061_Timestamp = 6.4
Seq_Frame0062_DriverToReference-SequenceTransform =0.327027 -0.427622 -0.842729 75.6689 -0.932345 -0.000458406 -0.36157 283.715 0.154229 0.903958 -0.398841 237.733 0 0 0 1 
Seq_Frame0062_DriverToReference-SequenceTransformStatus = OK
Seq_Frame0062_Timestamp = 6.51
Seq_Frame0063_DriverToReference-SequenceTransform =0.352661 -0.383801 -0.853421 71.5964 -0.925504 -0.0084586 -0.378644 282.443 0.138105 0.923377 -0.358192 239.726 0 0 0 1 
Seq_Frame0063_DriverToReference-SequenceTransformStatus = OK
Seq_Frame0063_Timestamp = 6.616
Seq_Frame0064_DriverToReference-SequenceTransform =0.366464 -0.365628 -0.855582 69.6993 -0.92259 -0.023659 -0.385055 280.818 0.120545 0.93046 -0.345995 240.177 0 0 0 1 
Seq_Frame0064_DriverToReference-SequenceTransformStatus = OK
Seq_Frame0064_Timestamp = 6.716
Seq_Frame0065_DriverToReference-SequenceTransform =0.375022 -0.33784 -0.863263 69.1764 -0.919824 -0.0198371 -0.39183 279.57 0.115251 0.940995 -0.318192 240.381 0 0 0 1 
Seq_Frame0065_DriverToReference-SequenceTransformStatus = OK
Seq_Frame0065_Timestamp = 6.817
Seq_Frame0066_DriverToReference-SequenceTransform =0.383727 -0.349819 -0.854623 68.277 -0.915046 -0.0194962 -0.402878 279.614 0.124272 0.936614 -0.327582 240.763 0 0 0 1 
Seq_Frame0066_DriverToReference-SequenceTransformStatus = OK
Seq_Frame0066_Timestamp = 6.917
Seq_Frame0067_DriverToReference-SequenceTransform =0.388314 -0.348441 -0.853113 68.1381 -0.912669 -0.0173606 -0.408331 278.952 0.127469 0.93717 -0.324752 241.107 0 0 0 1 
Seq_Frame0067_DriverToReference-SequenceTransformStatus = OK
Seq_Frame0067_Timestamp = 7.024
Seq_Frame0068_DriverToReference-SequenceTransform =0.380015 -0.333483 -0.862773 69.2345 -0.91869 -0.0274829 -0.394021 278.436 0.107688 0.942356 -0.316811 240.248 0 0 0 1 
Seq_Frame0068_DriverToReference-SequenceTransformStatus = OK
Seq_Frame0068_Timestamp = 7.125
Seq_Frame0069_DriverToReference-SequenceTransform =0.378752 -0.334824 -0.862809 69.3921 -0.919401 -0.0292886 -0.392228 278.865 0.106057 0.941825 -0.318931 240.151 0 0 0 1 
Seq_Frame0069_DriverToReference-SequenceTransformStatus = OK
Seq_Frame0069_Timestamp = 7.226
Seq_Frame0070_DriverToReference-SequenceTransform =0.376909 -0.336801 -0.862847 69.3236 -0.920489 -0.0324579 -0.389419 279.389 0.103151 0.941016 -0.322255 240.013 0 0 0 1 
Seq_Frame0070_DriverToReference-SequenceTransformStatus = OK
Seq_Frame0070_Timestamp = 7.327
Seq_Frame0071_DriverToReference-SequenceTransform =0.377374 -0.336585 -0.862728 69.2825 -0.92024 -0.0320075 -0.390043 279.482 0.103669 0.941109 -0.321818 239.955 0 0 0 1 
Seq_Frame0071_DriverToReference-SequenceTransformStatus = OK
Seq_Frame0071_Timestamp = 7.433
Seq_Frame0072_DriverToReference-SequenceTransform =0.381751 -0.362682 -0.850134 70.0784 -0.916179 -0.0270885 -0.399852 280.26 0.121991 0.931519 -0.342623 240.174 0 0 0 1 
Seq_Frame0072_DriverToReference-SequenceTransformStatus = OK
Seq_Frame0072_Timestamp = 7.534
Seq_Frame0073_DriverToReference-SequenceTransform =0.369701 -0.368881 -0.852788 71.8464 -0.923728 -0.0469019 -0.380167 280.508 0.100239 0.928293 -0.358085 239.802 0 0 0 1 
Seq_Frame0073_DriverToReference-SequenceTransformStatus = OK
Seq_Frame0073_Timestamp = 7.635
Seq_Frame0074_DriverToReference-SequenceTransform =0.361637 -0.389368 -0.84712 73.4128 -0.925309 -0.0386867 -0.377234 283.009 0.114111 0.92027 -0.374276 238.478 0 0 0 1 
Seq_Frame0074_DriverToReference-SequenceTransformStatus = OK
Seq_Frame0074_Timestamp = 7.735
Seq_Frame0075_DriverToReference-SequenceTransform =0.32883 -0.417877 -0.846906 80.022 -0.94112 -0.0704504 -0.33065 287.84 0.0785062 0.905768 -0.416439 234.722 0 0 0 1 
Seq_Frame0075_DriverToReference-SequenceTransformStatus = OK
Seq_Frame0075_Timestamp = 7.842
Seq_Frame0076_DriverToReference-SequenceTransform =0.329313 -0.402129 -0.85431 82.4584 -0.943374 -0.101817 -0.31572 291.663 0.0399769 0.909904 -0.412887 232.647 0 0 0 1 
Seq_Frame0076_DriverToReference-SequenceTransformStatus = OK
Seq_Frame0076_Timestamp = 7.951
Seq_Frame0077_DriverToReference-SequenceTransform =0.339718 -0.395035 -0.853545 85.2125 -0.940273 -0.121542 -0.317984 295.892 0.0218731 0.91059 -0.412731 230.097 0 0 0 1 
Seq_Frame0077_DriverToReference-SequenceTransformStatus = OK
Seq_Frame0077_Timestamp = 8.055
Seq_Frame0078_DriverToReference-SequenceTransform =0.322629 -0.426837 -0.84482 92.6863 -0.946204 -0.122177 -0.299618 298.023 0.0246709 0.896037 -0.443293 228.291 0 0 0 1 
Seq_Frame0078_DriverToReference-SequenceTransformStatus = OK
Seq_Frame0078_Timestamp = 8.159
Seq_Frame0079_DriverToReference-SequenceTransform =0.319851 -0.455913 -0.830565 95.9074 -0.945666 -0.099581 -0.309515 298.401 0.0584031 0.884436 -0.462992 228.357 0 0 0 1 
Seq_Frame0079_DriverToReference-SequenceTransformStatus = OK
Seq_Frame0079_Timestamp = 8.266
Seq_Frame0080_DriverToReference-SequenceTransform =0.327375 -0.439335 -0.836547 93.9547 -0.944302 -0.120787 -0.30611 298.13 0.0334406 0.890166 -0.454408 228.494 0 0 0 1 
Seq_Frame0080_DriverToReference-SequenceTransformStatus = OK
Seq_Frame0080_Timestamp = 8.375
Seq_Frame0081_DriverToReference-SequenceTransform =0.323134 -0.442409 -0.836576 93.7895 -0.945765 -0.119802 -0.301954 298.267 0.0333639 0.888776 -0.457127 228.644 0 0 0 1 
Seq_Frame0081_DriverToReference-SequenceTransformStatus = OK
Seq_Frame0081_Timestamp = 8.481
Seq_Frame0082_DriverToReference-SequenceTransform =0.316097 -0.440341 -0.840347 92.3091 -0.948421 -0.124166 -0.291686 297.751 0.0240986 0.889203 -0.456877 228.803 0 0 0 1 
Seq_Frame0082_DriverToReference-SequenceTransformStatus = OK
Seq_Frame0082_Timestamp = 8.581
Seq_Frame0083_DriverToReference-SequenceTransform =0.330273 -0.448174 -0.830699 91.4274 -0.943139 -0.121709 -0.309314 297.195 0.0375226 0.885623 -0.462887 229.472 0 0 0 1 
Seq_Frame0083_DriverToReference-SequenceTransformStatus = OK
Seq_Frame0083_Timestamp = 8.69
Seq_Frame0084_DriverToReference-SequenceTransform =0.32192 -0.45631 -0.829547 93.6873 -0.945667 -0.112746 -0.304964 296.612 0.0456297 0.882649 -0.467813 228.947 0 0 0 1 
Seq_Frame0084_DriverToReference-SequenceTransformStatus = OK
Seq_Frame0084_Timestamp = 8.799
Seq_Frame0085_DriverToReference-SequenceTransform =0.316522 -0.45973 -0.829736 92.7021 -0.947775 -0.117128 -0.296653 296.41 0.0391953 0.880301 -0.472794 229.737 0 0 0 1 
Seq_Frame0085_DriverToReference-SequenceTransformStatus = OK
Seq_Frame0085_Timestamp = 8.905
Seq_Frame0086_DriverToReference-SequenceTransform =0.311622 -0.459072 -0.831952 92.5041 -0.949375 -0.113811 -0.292804 296.177 0.0397329 0.881079 -0.471298 229.705 0 0 0 1 
Seq_Frame0086_DriverToReference-SequenceTransformStatus = OK
Seq_Frame0086_Timestamp = 9.011
Seq_Frame0087_DriverToReference-SequenceTransform =0.298934 -0.469103 -0.831012 92.8007 -0.953343 -0.108347 -0.281778 295.661 0.0421454 0.876472 -0.479604 229.27 0 0 0 1 
Seq_Frame0087_DriverToReference-SequenceTransformStatus = OK
Seq_Frame0087_Timestamp = 9.116
Seq_Frame0088_DriverToReference-SequenceTransform =0.308778 -0.475461 -0.823768 92.9788 -0.949166 -0.0983521 -0.299015 294.621 0.0611507 0.874222 -0.481661 229.326 0 0 0 1 
Seq_Frame0088_DriverToReference-SequenceTransformStatus = OK
Seq_Frame0088_Timestamp = 9.226
Seq_Frame0089_DriverToReference-SequenceTransform =0.314807 -0.473816 -0.822432 94.1748 -0.946734 -0.0948906 -0.307718 294.039 0.0677608 0.875496 -0.47845 230.021 0 0 0 1 
Seq_Frame0089_DriverToReference-SequenceTransformStatus = OK
Seq_Frame0089_Timestamp = 9.335
Seq_Frame0090_DriverToReference-SequenceTransform =0.302717 -0.469887 -0.829197 92.5997 -0.951625 -0.100956 -0.290203 293.062 0.0526502 0.876934 -0.477718 229.585 0 0 0 1 
Seq_Frame0090_DriverToReference-SequenceTransformStatus = OK
Seq_Frame0090_Timestamp = 9.44
Seq_Frame0091_DriverToReference-SequenceTransform =0.318008 -0.475229 -0.820383 92.3989 -0.945969 -0.101222 -0.308054 292.402 0.0633558 0.87402 -0.481742 230.186 0 0 0 1 
Seq_Frame0091_DriverToReference-SequenceTransformStatus = OK
Seq_Frame0091_Timestamp = 9.541
Seq_Frame0092_DriverToReference-SequenceTransform =0.323796 -0.472556 -0.819662 92.9809 -0.944148 -0.105388 -0.312214 292.421 0.0611565 0.874977 -0.480287 229.907 0 0 0 1 
Seq_Frame0092_DriverToReference-SequenceTransformStatus = OK
Seq_Frame0092_Timestamp = 9.651
Seq_Frame0093_DriverToReference-SequenceTransform =0.327992 -0.466394 -0.821522 89.9754 -0.942935 -0.108797 -0.3147 292.718 0.0573954 0.877861 -0.475464 230.952 0 0 0 1 
Seq_Frame0093_DriverToReference-SequenceTransformStatus = OK
Seq_Frame0093_Timestamp = 9.755
Seq_Frame0094_DriverToReference-SequenceTransform =0.33485 -0.454024 -0.825674 89.6316 -0.940657 -0.109797 -0.321105 292.905 0.0551329 0.884199 -0.463846 230.672 0 0 0 1 
Seq_Frame0094_DriverToReference-SequenceTransformStatus = OK
Seq_Frame0094_Timestamp = 9.856
Seq_Frame0095_DriverToReference-SequenceTransform =0.322388 -0.464701 -0.824693 89.1427 -0.945361 -0.113356 -0.305685 294.107 0.048568 0.878182 -0.475855 230.36 0 0 0 1 
Seq_Frame0095_DriverToReference-SequenceTransformStatus = OK
Seq_Frame0095_Timestamp = 9.965
Seq_Frame0096_DriverToReference-SequenceTransform =0.331541 -0.461594 -0.822807 88.768 -0.942257 -0.118337 -0.313285 294.843 0.0472422 0.879163 -0.474174 230.81 0 0 0 1 
Seq_Frame0096_DriverToReference-SequenceTransformStatus = OK
Seq_Frame0096_Timestamp = 10.065
Seq_Frame0097_DriverToReference-SequenceTransform =0.334508 -0.459968 -0.822517 89.1137 -0.941383 -0.1227 -0.314234 296.24 0.0436148 0.879417 -0.47405 230.768 0 0 0 1 
Seq_Frame0097_DriverToReference-SequenceTransformStatus = OK
Seq_Frame0097_Timestamp = 10.166
Seq_Frame0098_DriverToReference-SequenceTransform =0.340171 -0.45802 -0.821281 87.0359 -0.939353 -0.12502 -0.319353 297.609 0.043593 0.880107 -0.47277 231.448 0 0 0 1 
Seq_Frame0098_DriverToReference-SequenceTransformStatus = OK
Seq_Frame0098_Timestamp = 10.267
Seq_Frame0099_DriverToReference-SequenceTransform =0.350206 -0.443245 -0.82516 86.8536 -0.936133 -0.135716 -0.324402 299.545 0.0318022 0.886067 -0.462465 231.441 0 0 0 1 
Seq_Frame0099_DriverToReference-SequenceTransformStatus = OK
Seq_Frame0099_Timestamp = 10.37
Seq_Frame0100_DriverToReference-SequenceTransform =0.349032 -0.448201 -0.822978 88.118 -0.936746 -0.142375 -0.319743 301.515 0.0261374 0.882522 -0.469545 230.938 0 0 0 1 
Seq_Frame0100_DriverToReference-SequenceTransformStatus = OK
Seq_Frame0100_Timestamp = 10.475
Seq_Frame0101_DriverToReference-SequenceTransform =0.361886 -0.442973 -0.820252 88.529 -0.93163 -0.140488 -0.335155 303.039 0.0332288 0.885459 -0.463527 231.187 0 0 0 1 
Seq_Frame0101_DriverToReference-SequenceTransformStatus = OK
Seq_Frame0101_Timestamp = 10.575
Seq_Frame0102_DriverToReference-SequenceTransform =0.350666 -0.430468 -0.831703 89.1842 -0.936487 -0.156511 -0.31384 302.98 0.00492676 0.888933 -0.458011 230.574 0 0 0 1 
Seq_Frame0102_DriverToReference-SequenceTransformStatus = OK
Seq_Frame0102_Timestamp = 10.676
Seq_Frame0103_DriverToReference-SequenceTransform =0.352355 -0.43238 -0.829996 89.7738 -0.93586 -0.159393 -0.314262 303.61 0.00358499 0.887492 -0.460809 230.748 0 0 0 1 
Seq_Frame0103_DriverToReference-SequenceTransformStatus = OK
Seq_Frame0103_Timestamp = 10.784
Seq_Frame0104_DriverToReference-SequenceTransform =0.359116 -0.439522 -0.82332 90.9508 -0.933099 -0.151082 -0.326346 304.421 0.0190472 0.885435 -0.464373 230.599 0 0 0 1 
Seq_Frame0104_DriverToReference-SequenceTransformStatus = OK
Seq_Frame0104_Timestamp = 10.884
Seq_Frame0105_DriverToReference-SequenceTransform =0.31982 -0.522246 -0.790554 98.5294 -0.946532 -0.213395 -0.24195 305.009 -0.0423428 0.825665 -0.56257 230.194 0 0 0 1 
Seq_Frame0105_DriverToReference-SequenceTransformStatus = OK
Seq_Frame0105_Timestamp = 10.99
Seq_Frame0106_DriverToReference-SequenceTransform =0.296896 -0.624804 -0.72213 107.329 -0.950018 -0.269714 -0.157227 303.56 -0.0965321 0.732717 -0.673652 228.767 0 0 0 1 
Seq_Frame0106_DriverToReference-SequenceTransformStatus = OK
Seq_Frame0106_Timestamp = 11.101
Seq_Frame0107_DriverToReference-SequenceTransform =0.195595 -0.725606 -0.659726 113.572 -0.979395 -0.179019 -0.093474 300.678 -0.0502783 0.664415 -0.745671 222.662 0 0 0 1 
Seq_Frame0107_DriverToReference-SequenceTransformStatus = OK
Seq_Frame0107_Timestamp = 11.205
Seq_Frame0108_DriverToReference-SequenceTransform =0.152946 -0.711628 -0.685706 103.345 -0.985554 -0.160913 -0.0528304 299.994 -0.0727431 0.68388 -0.725959 217.319 0 0 0 1 
Seq_Frame0108_DriverToReference-SequenceTransformStatus = OK
Seq_Frame0108_Timestamp = 11.31
Seq_Frame0109_DriverToReference-SequenceTransform =0.113325 -0.700579 -0.704518 96.0486 -0.989247 -0.145546 -0.0143927 299.616 -0.0924567 0.698573 -0.70954 213.267 0 0 0 1 
Seq_Frame0109_DriverToReference-SequenceTransformStatus = OK
Seq_Frame0109_Timestamp = 11.416
Seq_Frame0110_DriverToReference-SequenceTransform =0.202299 -0.663457 -0.720347 95.6423 -0.975008 -0.205429 -0.0846116 300.845 -0.0918438 0.719461 -0.688434 213.665 0 0 0 1 
Seq_Frame0110_DriverToReference-SequenceTransformStatus = OK
Seq_Frame0110_Timestamp = 11.517
Seq_Frame0111_DriverToReference-SequenceTransform =0.258362 -0.678352 -0.687814 102.46 -0.96261 -0.240789 -0.124106 302.801 -0.0814305 0.694161 -0.715199 215.517 0 0 0 1 
Seq_Frame0111_DriverToReference-SequenceTransformStatus = OK
Seq_Frame0111_Timestamp = 11.621
Seq_Frame0112_DriverToReference-SequenceTransform =0.25021 -0.672396 -0.69662 103.061 -0.96202 -0.253769 -0.100591 303.831 -0.109143 0.695331 -0.710354 216.684 0 0 0 1 
Seq_Frame0112_DriverToReference-SequenceTransformStatus = OK
Seq_Frame0112_Timestamp = 11.725
Seq_Frame0113_DriverToReference-SequenceTransform =0.268515 -0.64677 -0.713855 98.5338 -0.959054 -0.248802 -0.135326 303.493 -0.0900834 0.720962 -0.687094 218.092 0 0 0 1 
Seq_Frame0113_DriverToReference-SequenceTransformStatus = OK
Seq_Frame0113_Timestamp = 11.825
Seq_Frame0114_DriverToReference-SequenceTransform =0.250652 -0.647349 -0.719801 99.725 -0.963765 -0.236964 -0.122494 303.371 -0.0912704 0.724422 -0.683288 218.227 0 0 0 1 
Seq_Frame0114_DriverToReference-SequenceTransformStatus = OK
Seq_Frame0114_Timestamp = 11.926
Seq_Frame0115_DriverToReference-SequenceTransform =0.260223 -0.66807 -0.697113 102.027 -0.963131 -0.230656 -0.138478 304.655 -0.0682809 0.707446 -0.703461 217.341 0 0 0 1 
Seq_Frame0115_DriverToReference-SequenceTransformStatus = OK
Seq_Frame0115_Timestamp = 12.03
Seq_Frame0116_DriverToReference-SequenceTransform =0.266155 -0.669525 -0.693468 103.325 -0.959927 -0.249597 -0.127444 307.189 -0.087761 0.699598 -0.709127 217.035 0 0 0 1 
Seq_Frame0116_DriverToReference-SequenceTransformStatus = OK
Seq_Frame0116_Timestamp = 12.13
Seq_Frame0117_DriverToReference-SequenceTransform =0.263807 -0.671274 -0.692674 103.394 -0.959365 -0.25714 -0.116181 308.364 -0.100125 0.695177 -0.711832 217.351 0 0 0 1 
Seq_Frame0117_DriverToReference-SequenceTransformStatus = OK
Seq_Frame0117_Timestamp = 12.231
Seq_Frame0118_DriverToReference-SequenceTransform =0.268741 -0.691086 -0.670953 102.981 -0.959379 -0.254137 -0.122503 309.294 -0.0858536 0.67662 -0.73131 217.908 0 0 0 1 
Seq_Frame0118_DriverToReference-SequenceTransformStatus = OK
Seq_Frame0118_Timestamp = 12.341
Seq_Frame0119_DriverToReference-SequenceTransform =0.264072 -0.673661 -0.690251 101.232 -0.958213 -0.264839 -0.108113 311.784 -0.109974 0.689957 -0.715448 217.622 0 0 0 1 
Seq_Frame0119_DriverToReference-SequenceTransformStatus = OK
Seq_Frame0119_Timestamp = 12.445
Seq_Frame0120_DriverToReference-SequenceTransform =0.283643 -0.672606 -0.683482 102.558 -0.954957 -0.262942 -0.137546 311.948 -0.0872021 0.69171 -0.716891 217.989 0 0 0 1 
Seq_Frame0120_DriverToReference-SequenceTransformStatus = OK
Seq_Frame0120_Timestamp = 12.545
Seq_Frame0121_DriverToReference-SequenceTransform =0.294088 -0.665865 -0.685664 101.301 -0.950673 -0.27784 -0.137936 312.136 -0.0986582 0.692408 -0.714729 218.511 0 0 0 1 
Seq_Frame0121_DriverToReference-SequenceTransformStatus = OK
Seq_Frame0121_Timestamp = 12.65
Seq_Frame0122_DriverToReference-SequenceTransform =0.299193 -0.665156 -0.684143 99.4929 -0.948721 -0.284038 -0.138745 315.743 -0.102036 0.690573 -0.716029 216.213 0 0 0 1 
Seq_Frame0122_DriverToReference-SequenceTransformStatus = OK
Seq_Frame0122_Timestamp = 12.755
Seq_Frame0123_DriverToReference-SequenceTransform =0.272609 -0.669568 -0.690915 104.966 -0.957596 -0.258416 -0.127399 304.978 -0.0932415 0.696348 -0.711622 227.198 0 0 0 1 
Seq_Frame0123_DriverToReference-SequenceTransformStatus = OK
Seq_Frame0123_Timestamp = 14.225
Seq_Frame0124_DriverToReference-SequenceTransform =0.262861 -0.669454 -0.694791 101.966 -0.958937 -0.260767 -0.111538 308.982 -0.106509 0.69558 -0.71051 221.477 0 0 0 1 
Seq_Frame0124_DriverToReference-SequenceTransformStatus = OK
Seq_Frame0124_Timestamp = 14.325
Seq_Frame0125_DriverToReference-SequenceTransform =0.258232 -0.667222 -0.698663 100.662 -0.959551 -0.261095 -0.105312 307.942 -0.112151 0.697598 -0.707657 221.249 0 0 0 1 
Seq_Frame0125_DriverToReference-SequenceTransformStatus = OK
Seq_Frame0125_Timestamp = 14.435
Seq_Frame0126_DriverToReference-SequenceTransform =0.27645 -0.663831 -0.694912 99.6864 -0.95674 -0.258338 -0.133827 306.941 -0.0906834 0.701847 -0.706532 222.196 0 0 0 1 
Seq_Frame0126_DriverToReference-SequenceTransformStatus = OK
Seq_Frame0126_Timestamp = 14.541
Seq_Frame0127_DriverToReference-SequenceTransform =0.271964 -0.660842 -0.699516 100.273 -0.956381 -0.266164 -0.120381 306.725 -0.106633 0.701744 -0.704404 221.891 0 0 0 1 
Seq_Frame0127_DriverToReference-SequenceTransformStatus = OK
Seq_Frame0127_Timestamp = 14.65
Seq_Frame0128_DriverToReference-SequenceTransform =0.302116 -0.668329 -0.679752 99.7456 -0.951141 -0.258983 -0.168104 307.673 -0.0636957 0.697327 -0.713918 222.698 0 0 0 1 
Seq_Frame0128_DriverToReference-SequenceTransformStatus = OK
Seq_Frame0128_Timestamp = 14.755
Seq_Frame0129_DriverToReference-SequenceTransform =0.282715 -0.649913 -0.705469 99.3559 -0.953192 -0.27257 -0.130885 308.503 -0.107225 0.70945 -0.696551 221.762 0 0 0 1 
Seq_Frame0129_DriverToReference-SequenceTransformStatus = OK
Seq_Frame0129_Timestamp = 14.865
Seq_Frame0130_DriverToReference-SequenceTransform =0.293853 -0.66234 -0.68917 100.568 -0.95146 -0.271709 -0.14456 308.682 -0.0915058 0.698197 -0.710033 222.127 0 0 0 1 
Seq_Frame0130_DriverToReference-SequenceTransformStatus = OK
Seq_Frame0130_Timestamp = 14.966
Seq_Frame0131_DriverToReference-SequenceTransform =0.307778 -0.659443 -0.685862 100.555 -0.948379 -0.270576 -0.165427 306.344 -0.0764879 0.701372 -0.708679 221.22 0 0 0 1 
Seq_Frame0131_DriverToReference-SequenceTransformStatus = OK
Seq_Frame0131_Timestamp = 15.07
Seq_Frame0132_DriverToReference-SequenceTransform =0.337918 -0.623308 -0.705194 100.885 -0.94089 -0.242183 -0.236799 299.83 -0.0231869 0.743529 -0.668302 220.005 0 0 0 1 
Seq_Frame0132_DriverToReference-SequenceTransformStatus = OK
Seq_Frame0132_Timestamp = 15.175
Seq_Frame0133_DriverToReference-SequenceTransform =0.339682 -0.616374 -0.710422 101.818 -0.939142 -0.1811 -0.291917 294.439 0.0512727 0.766346 -0.640379 219.699 0 0 0 1 
Seq_Frame0133_DriverToReference-SequenceTransformStatus = OK
Seq_Frame0133_Timestamp = 15.28
Seq_Frame0134_DriverToReference-SequenceTransform =0.326296 -0.604238 -0.72693 101.422 -0.940646 -0.1316 -0.312837 291.677 0.0933636 0.785861 -0.611314 219.438 0 0 0 1 
Seq_Frame0134_DriverToReference-SequenceTransformStatus = OK
Seq_Frame0134_Timestamp = 15.384
Seq_Frame0135_DriverToReference-SequenceTransform =0.321935 -0.57755 -0.750196 99.9851 -0.943598 -0.131002 -0.304076 290.361 0.0773422 0.805776 -0.587149 219.97 0 0 0 1 
Seq_Frame0135_DriverToReference-SequenceTransformStatus = OK
Seq_Frame0135_Timestamp = 15.49
Seq_Frame0136_DriverToReference-SequenceTransform =0.321038 -0.562301 -0.762071 99.6986 -0.944612 -0.132222 -0.300377 289.915 0.0681399 0.816293 -0.573604 220.034 0 0 0 1 
Seq_Frame0136_DriverToReference-SequenceTransformStatus = OK
Seq_Frame0136_Timestamp = 15.6
Seq_Frame0137_DriverToReference-SequenceTransform =0.31586 -0.567047 -0.760717 100.536 -0.946709 -0.135087 -0.292391 289.32 0.0630366 0.812532 -0.579498 220.058 0 0 0 1 
Seq_Frame0137_DriverToReference-SequenceTransformStatus = OK
Seq_Frame0137_Timestamp = 15.7
Seq_Frame0138_DriverToReference-SequenceTransform =0.309265 -0.577139 -0.755821 101.495 -0.948648 -0.131659 -0.287632 290.092 0.0664931 0.805963 -0.588219 220.074 0 0 0 1 
Seq_Frame0138_DriverToReference-SequenceTransformStatus = OK
Seq_Frame0138_Timestamp = 15.81
Seq_Frame0139_DriverToReference-SequenceTransform =0.288689 -0.59109 -0.753174 104.036 -0.953508 -0.106432 -0.281948 291.475 0.0864945 0.799553 -0.594334 217.929 0 0 0 1 
Seq_Frame0139_DriverToReference-SequenceTransformStatus = OK
Seq_Frame0139_Timestamp = 15.916
Seq_Frame0140_DriverToReference-SequenceTransform =0.293496 -0.596844 -0.746751 104.002 -0.949167 -0.0889783 -0.301935 291.728 0.113764 0.797408 -0.59262 217.027 0 0 0 1 
Seq_Frame0140_DriverToReference-SequenceTransformStatus = OK
Seq_Frame0140_Timestamp = 16.02
Seq_Frame0141_DriverToReference-SequenceTransform =0.291218 -0.598387 -0.746408 103.998 -0.951331 -0.0989315 -0.291859 292.084 0.100801 0.795076 -0.598075 216.751 0 0 0 1 
Seq_Frame0141_DriverToReference-SequenceTransformStatus = OK
Seq_Frame0141_Timestamp = 16.121
Seq_Frame0142_DriverToReference-SequenceTransform =0.294523 -0.595486 -0.747431 103.631 -0.949717 -0.0954114 -0.298219 292.003 0.106272 0.79768 -0.593644 217.15 0 0 0 1 
Seq_Frame0142_DriverToReference-SequenceTransformStatus = OK
Seq_Frame0142_Timestamp = 16.225
Seq_Frame0143_DriverToReference-SequenceTransform =0.298893 -0.592805 -0.747827 103.61 -0.948538 -0.0986679 -0.300899 292.024 0.104588 0.799279 -0.591789 216.924 0 0 0 1 
Seq_Frame0143_DriverToReference-SequenceTransformStatus = OK
Seq_Frame0143_Timestamp = 16.327
Seq_Frame0144_DriverToReference-SequenceTransform =0.303439 -0.599064 -0.740977 103.072 -0.946316 -0.0985499 -0.307852 292.196 0.1114 0.794614 -0.596808 216.947 0 0 0 1 
Seq_Frame0144_DriverToReference-SequenceTransformStatus = OK
Seq_Frame0144_Timestamp = 16.43
Seq_Frame0145_DriverToReference-SequenceTransform =0.305128 -0.604123 -0.736161 102.826 -0.945715 -0.101395 -0.308775 292.155 0.111895 0.790414 -0.602266 217.258 0 0 0 1 
Seq_Frame0145_DriverToReference-SequenceTransformStatus = OK
Seq_Frame0145_Timestamp = 16.535
Seq_Frame0146_DriverToReference-SequenceTransform =0.307691 -0.589686 -0.746723 102.407 -0.944716 -0.0958793 -0.313559 292.39 0.113306 0.801921 -0.586587 216.934 0 0 0 1 
Seq_Frame0146_DriverToReference-SequenceTransformStatus = OK
Seq_Frame0146_Timestamp = 16.641
Seq_Frame0147_DriverToReference-SequenceTransform =0.313027 -0.586152 -0.747289 102.032 -0.942131 -0.0922107 -0.322316 292.902 0.120018 0.804937 -0.581096 216.802 0 0 0 1 
Seq_Frame0147_DriverToReference-SequenceTransformStatus = OK
Seq_Frame0147_Timestamp = 16.75
Seq_Frame0148_DriverToReference-SequenceTransform =0.321676 -0.594836 -0.736678 101.486 -0.936997 -0.0880381 -0.338061 293.575 0.136235 0.799011 -0.58568 216.671 0 0 0 1 
Seq_Frame0148_DriverToReference-SequenceTransformStatus = OK
Seq_Frame0148_Timestamp = 16.852
Seq_Frame0149_DriverToReference-SequenceTransform =0.313217 -0.587875 -0.745854 101.345 -0.944052 -0.10735 -0.311837 293.279 0.103254 0.801797 -0.588609 216.691 0 0 0 1 
Seq_Frame0149_DriverToReference-SequenceTransformStatus = OK
Seq_Frame0149_Timestamp = 16.955
Seq_Frame0150_DriverToReference-SequenceTransform =0.312622 -0.576729 -0.754753 101.211 -0.945326 -0.111208 -0.306581 292.808 0.0928795 0.809331 -0.579962 216.887 0 0 0 1 
Seq_Frame0150_DriverToReference-SequenceTransformStatus = OK
