ObjectType = Image
NDims = 3
AnatomicalOrientation = RAI
BinaryData = True
CompressedData = False
DimSize = 0 0 5561
ElementSpacing = 1 1 1
Offset = 0 0 0
TransformMatrix = 1 0 0 0 1 0 0 0 1
ElementType = MET_UCHAR
Kinds = domain domain list
Seq_Frame0000_ForcepToReference-SequenceTransform =0.58919 -0.327334 -0.73872 43.1035 0.407743 -0.668861 0.621587 -27.6172 -0.697568 -0.667441 -0.260618 -40.3209 0 0 0 1 
Seq_Frame0000_ForcepToReference-SequenceTransformStatus = OK
Seq_Frame0000_Timestamp = 0.000999928
Seq_Frame0001_ForcepToReference-SequenceTransform =0.588316 -0.327649 -0.739277 43.0836 0.407168 -0.669847 0.620902 -27.6063 -0.69864 -0.666297 -0.260673 -40.3499 0 0 0 1 
Seq_Frame0001_ForcepToReference-SequenceTransformStatus = OK
Seq_Frame0001_Timestamp = 0.105
Seq_Frame0002_ForcepToReference-SequenceTransform =0.588087 -0.327622 -0.739471 43.0917 0.407464 -0.669771 0.62079 -27.6142 -0.69866 -0.666387 -0.260389 -40.3291 0 0 0 1 
Seq_Frame0002_ForcepToReference-SequenceTransformStatus = OK
Seq_Frame0002_Timestamp = 0.209
Seq_Frame0003_ForcepToReference-SequenceTransform =0.588586 -0.327419 -0.739164 43.1057 0.40743 -0.669574 0.621025 -27.6316 -0.698261 -0.666684 -0.260701 -40.2789 0 0 0 1 
Seq_Frame0003_ForcepToReference-SequenceTransformStatus = OK
Seq_Frame0003_Timestamp = 0.315
Seq_Frame0004_ForcepToReference-SequenceTransform =0.588714 -0.327497 -0.739028 43.0921 0.407019 -0.669798 0.621052 -27.6195 -0.698392 -0.66642 -0.261022 -40.3148 0 0 0 1 
Seq_Frame0004_ForcepToReference-SequenceTransformStatus = OK
Seq_Frame0004_Timestamp = 0.417
Seq_Frame0005_ForcepToReference-SequenceTransform =0.588938 -0.32753 -0.738835 43.088 0.40762 -0.669017 0.6215 -27.6008 -0.697853 -0.667188 -0.260502 -40.3392 0 0 0 1 
Seq_Frame0005_ForcepToReference-SequenceTransformStatus = OK
Seq_Frame0005_Timestamp = 0.52
Seq_Frame0006_ForcepToReference-SequenceTransform =0.588876 -0.327715 -0.738801 43.1011 0.408066 -0.668484 0.621781 -27.6048 -0.697644 -0.667632 -0.259925 -40.2923 0 0 0 1 
Seq_Frame0006_ForcepToReference-SequenceTransformStatus = OK
Seq_Frame0006_Timestamp = 0.625
Seq_Frame0007_ForcepToReference-SequenceTransform =0.588616 -0.327842 -0.738952 43.0675 0.407688 -0.668947 0.62153 -27.5795 -0.698084 -0.667105 -0.260096 -40.4225 0 0 0 1 
Seq_Frame0007_ForcepToReference-SequenceTransformStatus = OK
Seq_Frame0007_Timestamp = 0.733
Seq_Frame0008_ForcepToReference-SequenceTransform =0.589191 -0.327608 -0.738598 43.0896 0.407581 -0.668784 0.621776 -27.5878 -0.697662 -0.667383 -0.260515 -40.3733 0 0 0 1 
Seq_Frame0008_ForcepToReference-SequenceTransformStatus = OK
Seq_Frame0008_Timestamp = 0.836
Seq_Frame0009_ForcepToReference-SequenceTransform =0.58881 -0.327468 -0.738964 43.1013 0.40769 -0.669106 0.621359 -27.6108 -0.69792 -0.66713 -0.260471 -40.3396 0 0 0 1 
Seq_Frame0009_ForcepToReference-SequenceTransformStatus = OK
Seq_Frame0009_Timestamp = 0.94
Seq_Frame0010_ForcepToReference-SequenceTransform =0.589944 -0.327318 -0.738126 43.102 0.407681 -0.668327 0.622202 -27.6042 -0.696967 -0.667984 -0.260834 -40.3316 0 0 0 1 
Seq_Frame0010_ForcepToReference-SequenceTransformStatus = OK
Seq_Frame0010_Timestamp = 1.049
Seq_Frame0011_ForcepToReference-SequenceTransform =0.589425 -0.327307 -0.738545 43.0946 0.407229 -0.669187 0.621574 -27.5953 -0.697669 -0.667128 -0.261147 -40.366 0 0 0 1 
Seq_Frame0011_ForcepToReference-SequenceTransformStatus = OK
Seq_Frame0011_Timestamp = 1.15
Seq_Frame0012_ForcepToReference-SequenceTransform =0.588996 -0.327581 -0.738766 43.0914 0.407272 -0.66926 0.621467 -27.5976 -0.698007 -0.66692 -0.260777 -40.3302 0 0 0 1 
Seq_Frame0012_ForcepToReference-SequenceTransformStatus = OK
Seq_Frame0012_Timestamp = 1.26
Seq_Frame0013_ForcepToReference-SequenceTransform =0.588768 -0.327529 -0.73897 43.0752 0.407362 -0.669401 0.621256 -27.5783 -0.698147 -0.666804 -0.260699 -40.4018 0 0 0 1 
Seq_Frame0013_ForcepToReference-SequenceTransformStatus = OK
Seq_Frame0013_Timestamp = 1.365
Seq_Frame0014_ForcepToReference-SequenceTransform =0.588767 -0.327589 -0.738944 43.1111 0.407635 -0.66909 0.621412 -27.5891 -0.697987 -0.667087 -0.260401 -40.3691 0 0 0 1 
Seq_Frame0014_ForcepToReference-SequenceTransformStatus = OK
Seq_Frame0014_Timestamp = 1.47
Seq_Frame0015_ForcepToReference-SequenceTransform =0.589376 -0.327174 -0.738643 43.1115 0.407898 -0.668697 0.621661 -27.6263 -0.69732 -0.667683 -0.260661 -40.2813 0 0 0 1 
Seq_Frame0015_ForcepToReference-SequenceTransformStatus = OK
Seq_Frame0015_Timestamp = 1.576
Seq_Frame0016_ForcepToReference-SequenceTransform =0.588441 -0.327667 -0.739169 43.0738 0.407554 -0.669363 0.62117 -27.5834 -0.69831 -0.666774 -0.260339 -40.3829 0 0 0 1 
Seq_Frame0016_ForcepToReference-SequenceTransformStatus = OK
Seq_Frame0016_Timestamp = 1.685
Seq_Frame0017_ForcepToReference-SequenceTransform =0.589032 -0.32747 -0.738786 43.0831 0.407712 -0.668904 0.621562 -27.5919 -0.69772 -0.667331 -0.260492 -40.3772 0 0 0 1 
Seq_Frame0017_ForcepToReference-SequenceTransformStatus = OK
Seq_Frame0017_Timestamp = 1.791
Seq_Frame0018_ForcepToReference-SequenceTransform =0.589453 -0.32708 -0.738623 43.1004 0.407147 -0.669434 0.621361 -27.608 -0.697694 -0.666991 -0.261431 -40.3865 0 0 0 1 
Seq_Frame0018_ForcepToReference-SequenceTransformStatus = OK
Seq_Frame0018_Timestamp = 1.9
Seq_Frame0019_ForcepToReference-SequenceTransform =0.587272 -0.327235 -0.74029 43.0769 0.406238 -0.671912 0.619278 -27.6399 -0.700059 -0.664419 -0.261659 -40.2967 0 0 0 1 
Seq_Frame0019_ForcepToReference-SequenceTransformStatus = OK
Seq_Frame0019_Timestamp = 2.001
Seq_Frame0020_ForcepToReference-SequenceTransform =0.589512 -0.327458 -0.738408 43.0874 0.407454 -0.668774 0.621871 -27.5844 -0.697464 -0.667468 -0.260826 -40.3937 0 0 0 1 
Seq_Frame0020_ForcepToReference-SequenceTransformStatus = OK
Seq_Frame0020_Timestamp = 2.105
Seq_Frame0021_ForcepToReference-SequenceTransform =0.589003 -0.327576 -0.738762 43.0804 0.408287 -0.668287 0.621847 -27.5903 -0.697407 -0.667897 -0.259879 -40.3644 0 0 0 1 
Seq_Frame0021_ForcepToReference-SequenceTransformStatus = OK
Seq_Frame0021_Timestamp = 2.206
Seq_Frame0022_ForcepToReference-SequenceTransform =0.589118 -0.327759 -0.738589 43.0814 0.408096 -0.668223 0.622041 -27.5718 -0.697422 -0.667871 -0.259905 -40.37 0 0 0 1 
Seq_Frame0022_ForcepToReference-SequenceTransformStatus = OK
Seq_Frame0022_Timestamp = 2.317
Seq_Frame0023_ForcepToReference-SequenceTransform =0.589449 -0.327354 -0.738505 43.0982 0.407515 -0.668854 0.621744 -27.6084 -0.697483 -0.667438 -0.260854 -40.3607 0 0 0 1 
Seq_Frame0023_ForcepToReference-SequenceTransformStatus = OK
Seq_Frame0023_Timestamp = 2.421
Seq_Frame0024_ForcepToReference-SequenceTransform =0.589234 -0.327534 -0.738597 43.0846 0.407225 -0.669153 0.621612 -27.5876 -0.697833 -0.66705 -0.260908 -40.3905 0 0 0 1 
Seq_Frame0024_ForcepToReference-SequenceTransformStatus = OK
Seq_Frame0024_Timestamp = 2.525
Seq_Frame0025_ForcepToReference-SequenceTransform =0.588787 -0.32767 -0.738893 43.0938 0.407556 -0.669082 0.621472 -27.6078 -0.698017 -0.667055 -0.260403 -40.327 0 0 0 1 
Seq_Frame0025_ForcepToReference-SequenceTransformStatus = OK
Seq_Frame0025_Timestamp = 2.626
Seq_Frame0026_ForcepToReference-SequenceTransform =0.589029 -0.327421 -0.73881 43.0991 0.407047 -0.669582 0.621267 -27.6223 -0.69811 -0.666674 -0.261128 -40.3158 0 0 0 1 
Seq_Frame0026_ForcepToReference-SequenceTransformStatus = OK
Seq_Frame0026_Timestamp = 2.73
Seq_Frame0027_ForcepToReference-SequenceTransform =0.588751 -0.327565 -0.738968 43.0799 0.407259 -0.669482 0.621235 -27.6002 -0.698221 -0.666704 -0.260754 -40.3757 0 0 0 1 
Seq_Frame0027_ForcepToReference-SequenceTransformStatus = OK
Seq_Frame0027_Timestamp = 2.84
Seq_Frame0028_ForcepToReference-SequenceTransform =0.588461 -0.32764 -0.739166 43.085 0.40788 -0.669059 0.621284 -27.604 -0.698103 -0.667092 -0.260077 -40.3647 0 0 0 1 
Seq_Frame0028_ForcepToReference-SequenceTransformStatus = OK
Seq_Frame0028_Timestamp = 2.94
Seq_Frame0029_ForcepToReference-SequenceTransform =0.588315 -0.327712 -0.73925 43.077 0.407256 -0.669711 0.620991 -27.6061 -0.69859 -0.666402 -0.260539 -40.3519 0 0 0 1 
Seq_Frame0029_ForcepToReference-SequenceTransformStatus = OK
Seq_Frame0029_Timestamp = 3.041
Seq_Frame0030_ForcepToReference-SequenceTransform =0.588672 -0.327473 -0.739072 43.0963 0.407804 -0.669102 0.621287 -27.6133 -0.697969 -0.667131 -0.260336 -40.3452 0 0 0 1 
Seq_Frame0030_ForcepToReference-SequenceTransformStatus = OK
Seq_Frame0030_Timestamp = 3.151
Seq_Frame0031_ForcepToReference-SequenceTransform =0.589001 -0.327364 -0.738858 43.1019 0.407464 -0.669254 0.621347 -27.615 -0.69789 -0.667032 -0.260803 -40.3176 0 0 0 1 
Seq_Frame0031_ForcepToReference-SequenceTransformStatus = OK
Seq_Frame0031_Timestamp = 3.26
Seq_Frame0032_ForcepToReference-SequenceTransform =0.587899 -0.327894 -0.7395 43.0638 0.407402 -0.669752 0.620851 -27.5903 -0.698855 -0.666271 -0.260162 -40.4057 0 0 0 1 
Seq_Frame0032_ForcepToReference-SequenceTransformStatus = OK
Seq_Frame0032_Timestamp = 3.36
Seq_Frame0033_ForcepToReference-SequenceTransform =0.589079 -0.327363 -0.738796 43.1091 0.407604 -0.669058 0.621466 -27.6128 -0.697742 -0.667229 -0.260694 -40.3396 0 0 0 1 
Seq_Frame0033_ForcepToReference-SequenceTransformStatus = OK
Seq_Frame0033_Timestamp = 3.466
Seq_Frame0034_ForcepToReference-SequenceTransform =0.588934 -0.327555 -0.738827 43.0897 0.407187 -0.669413 0.621357 -27.6015 -0.698109 -0.666779 -0.260864 -40.3581 0 0 0 1 
Seq_Frame0034_ForcepToReference-SequenceTransformStatus = OK
Seq_Frame0034_Timestamp = 3.575
Seq_Frame0035_ForcepToReference-SequenceTransform =0.588458 -0.327591 -0.73919 43.0895 0.407414 -0.669548 0.621063 -27.6119 -0.698378 -0.666626 -0.260535 -40.3196 0 0 0 1 
Seq_Frame0035_ForcepToReference-SequenceTransformStatus = OK
Seq_Frame0035_Timestamp = 3.685
Seq_Frame0036_ForcepToReference-SequenceTransform =0.588712 -0.327545 -0.739008 43.0866 0.407254 -0.669536 0.621182 -27.6043 -0.698257 -0.666661 -0.260769 -40.3421 0 0 0 1 
Seq_Frame0036_ForcepToReference-SequenceTransformStatus = OK
Seq_Frame0036_Timestamp = 3.79
Seq_Frame0037_ForcepToReference-SequenceTransform =0.588467 -0.327573 -0.739191 43.0824 0.407674 -0.669308 0.621151 -27.5897 -0.698218 -0.666875 -0.260323 -40.3912 0 0 0 1 
Seq_Frame0037_ForcepToReference-SequenceTransformStatus = OK
Seq_Frame0037_Timestamp = 3.891
Seq_Frame0038_ForcepToReference-SequenceTransform =0.589388 -0.327401 -0.738533 43.0987 0.40726 -0.669108 0.621638 -27.5947 -0.697683 -0.66716 -0.261027 -40.369 0 0 0 1 
Seq_Frame0038_ForcepToReference-SequenceTransformStatus = OK
Seq_Frame0038_Timestamp = 4.001
Seq_Frame0039_ForcepToReference-SequenceTransform =0.588768 -0.327482 -0.738991 43.0796 0.407223 -0.669573 0.621162 -27.6021 -0.698228 -0.666654 -0.260865 -40.3723 0 0 0 1 
Seq_Frame0039_ForcepToReference-SequenceTransformStatus = OK
Seq_Frame0039_Timestamp = 4.101
Seq_Frame0040_ForcepToReference-SequenceTransform =0.588567 -0.327325 -0.739221 43.0897 0.40686 -0.670212 0.62071 -27.6215 -0.698609 -0.666089 -0.261289 -40.3603 0 0 0 1 
Seq_Frame0040_ForcepToReference-SequenceTransformStatus = OK
Seq_Frame0040_Timestamp = 4.209
Seq_Frame0041_ForcepToReference-SequenceTransform =0.588378 -0.327487 -0.739299 43.1003 0.407066 -0.670031 0.620771 -27.6266 -0.698648 -0.666191 -0.260923 -40.3006 0 0 0 1 
Seq_Frame0041_ForcepToReference-SequenceTransformStatus = OK
Seq_Frame0041_Timestamp = 4.31
Seq_Frame0042_ForcepToReference-SequenceTransform =0.58809 -0.327715 -0.739428 43.082 0.4083 -0.668892 0.621188 -27.5979 -0.69817 -0.667223 -0.259562 -40.3839 0 0 0 1 
Seq_Frame0042_ForcepToReference-SequenceTransformStatus = OK
Seq_Frame0042_Timestamp = 4.417
Seq_Frame0043_ForcepToReference-SequenceTransform =0.589003 -0.327473 -0.738807 43.1098 0.407692 -0.668943 0.621532 -27.6035 -0.697755 -0.667291 -0.260502 -40.3373 0 0 0 1 
Seq_Frame0043_ForcepToReference-SequenceTransformStatus = OK
Seq_Frame0043_Timestamp = 4.52
Seq_Frame0044_ForcepToReference-SequenceTransform =0.58964 -0.327361 -0.738349 43.0989 0.406832 -0.669347 0.621661 -27.5975 -0.69772 -0.66694 -0.261493 -40.3825 0 0 0 1 
Seq_Frame0044_ForcepToReference-SequenceTransformStatus = OK
Seq_Frame0044_Timestamp = 4.625
Seq_Frame0045_ForcepToReference-SequenceTransform =0.588687 -0.327698 -0.73896 43.0846 0.40783 -0.668876 0.621514 -27.5782 -0.697941 -0.667247 -0.260114 -40.3853 0 0 0 1 
Seq_Frame0045_ForcepToReference-SequenceTransformStatus = OK
Seq_Frame0045_Timestamp = 4.726
Seq_Frame0046_ForcepToReference-SequenceTransform =0.58995 -0.32734 -0.738111 43.1025 0.407309 -0.668659 0.622089 -27.596 -0.697179 -0.66764 -0.261147 -40.3724 0 0 0 1 
Seq_Frame0046_ForcepToReference-SequenceTransformStatus = OK
Seq_Frame0046_Timestamp = 4.83
Seq_Frame0047_ForcepToReference-SequenceTransform =0.589731 -0.327197 -0.738349 43.0973 0.407052 -0.669202 0.621673 -27.6076 -0.697514 -0.667166 -0.261464 -40.3793 0 0 0 1 
Seq_Frame0047_ForcepToReference-SequenceTransformStatus = OK
Seq_Frame0047_Timestamp = 4.93
Seq_Frame0048_ForcepToReference-SequenceTransform =0.589045 -0.327543 -0.738743 43.0867 0.408089 -0.668471 0.62178 -27.5916 -0.697488 -0.667729 -0.260093 -40.3975 0 0 0 1 
Seq_Frame0048_ForcepToReference-SequenceTransformStatus = OK
Seq_Frame0048_Timestamp = 5.035
Seq_Frame0049_ForcepToReference-SequenceTransform =0.590145 -0.327256 -0.737992 43.1102 0.407875 -0.668029 0.622394 -27.5891 -0.696682 -0.668312 -0.260755 -40.3715 0 0 0 1 
Seq_Frame0049_ForcepToReference-SequenceTransformStatus = OK
Seq_Frame0049_Timestamp = 5.14
Seq_Frame0050_ForcepToReference-SequenceTransform =0.589386 -0.327491 -0.738494 43.0962 0.407617 -0.668692 0.621852 -27.5995 -0.697476 -0.667534 -0.260626 -40.3612 0 0 0 1 
Seq_Frame0050_ForcepToReference-SequenceTransformStatus = OK
Seq_Frame0050_Timestamp = 5.245
Seq_Frame0051_ForcepToReference-SequenceTransform =0.589063 -0.327551 -0.738725 43.0825 0.407521 -0.668993 0.621591 -27.5908 -0.697805 -0.667203 -0.260595 -40.3961 0 0 0 1 
Seq_Frame0051_ForcepToReference-SequenceTransformStatus = OK
Seq_Frame0051_Timestamp = 5.351
Seq_Frame0052_ForcepToReference-SequenceTransform =0.588978 -0.32748 -0.738825 43.0981 0.408148 -0.668522 0.621686 -27.596 -0.69751 -0.667709 -0.260085 -40.3705 0 0 0 1 
Seq_Frame0052_ForcepToReference-SequenceTransformStatus = OK
Seq_Frame0052_Timestamp = 5.458
Seq_Frame0053_ForcepToReference-SequenceTransform =0.589853 -0.327278 -0.738216 43.1148 0.40798 -0.668147 0.622199 -27.6014 -0.696869 -0.668184 -0.260585 -40.3506 0 0 0 1 
Seq_Frame0053_ForcepToReference-SequenceTransformStatus = OK
Seq_Frame0053_Timestamp = 5.56
Seq_Frame0054_ForcepToReference-SequenceTransform =0.589692 -0.327281 -0.738343 43.0812 0.407131 -0.669087 0.621745 -27.5846 -0.697501 -0.667241 -0.261309 -40.4181 0 0 0 1 
Seq_Frame0054_ForcepToReference-SequenceTransformStatus = OK
Seq_Frame0054_Timestamp = 5.666
Seq_Frame0055_ForcepToReference-SequenceTransform =0.589308 -0.327337 -0.738625 43.0846 0.407684 -0.66882 0.62167 -27.605 -0.697502 -0.667481 -0.260691 -40.3837 0 0 0 1 
Seq_Frame0055_ForcepToReference-SequenceTransformStatus = OK
Seq_Frame0055_Timestamp = 5.767
Seq_Frame0056_ForcepToReference-SequenceTransform =0.589609 -0.327417 -0.738349 43.0748 0.407503 -0.668684 0.621935 -27.5963 -0.697354 -0.667578 -0.260839 -40.367 0 0 0 1 
Seq_Frame0056_ForcepToReference-SequenceTransformStatus = OK
Seq_Frame0056_Timestamp = 5.875
Seq_Frame0057_ForcepToReference-SequenceTransform =0.590935 -0.327143 -0.73741 43.0857 0.407338 -0.668001 0.622777 -27.5941 -0.696327 -0.668396 -0.261487 -40.3734 0 0 0 1 
Seq_Frame0057_ForcepToReference-SequenceTransformStatus = OK
Seq_Frame0057_Timestamp = 5.976
Seq_Frame0058_ForcepToReference-SequenceTransform =0.59058 -0.327284 -0.737632 43.0891 0.407664 -0.667856 0.622718 -27.585 -0.696437 -0.668471 -0.261 -40.35 0 0 0 1 
Seq_Frame0058_ForcepToReference-SequenceTransformStatus = OK
Seq_Frame0058_Timestamp = 6.085
Seq_Frame0059_ForcepToReference-SequenceTransform =0.591396 -0.326921 -0.737139 43.1018 0.407112 -0.668031 0.622892 -27.5983 -0.696068 -0.668474 -0.261978 -40.3686 0 0 0 1 
Seq_Frame0059_ForcepToReference-SequenceTransformStatus = OK
Seq_Frame0059_Timestamp = 6.19
Seq_Frame0060_ForcepToReference-SequenceTransform =0.59014 -0.32697 -0.738123 43.0984 0.407509 -0.668626 0.621994 -27.6045 -0.696901 -0.667855 -0.26134 -40.386 0 0 0 1 
Seq_Frame0060_ForcepToReference-SequenceTransformStatus = OK
Seq_Frame0060_Timestamp = 6.299
Seq_Frame0061_ForcepToReference-SequenceTransform =0.589898 -0.327194 -0.738217 43.0872 0.407677 -0.668471 0.62205 -27.5845 -0.697008 -0.6679 -0.26094 -40.4283 0 0 0 1 
Seq_Frame0061_ForcepToReference-SequenceTransformStatus = OK
Seq_Frame0061_Timestamp = 6.4
Seq_Frame0062_ForcepToReference-SequenceTransform =0.590497 -0.326892 -0.737872 43.0987 0.407896 -0.668031 0.622378 -27.5986 -0.696372 -0.668488 -0.261132 -40.4347 0 0 0 1 
Seq_Frame0062_ForcepToReference-SequenceTransformStatus = OK
Seq_Frame0062_Timestamp = 6.51
Seq_Frame0063_ForcepToReference-SequenceTransform =0.591 -0.32678 -0.737519 43.0829 0.407428 -0.668168 0.622539 -27.5831 -0.696219 -0.668406 -0.261747 -40.481 0 0 0 1 
Seq_Frame0063_ForcepToReference-SequenceTransformStatus = OK
Seq_Frame0063_Timestamp = 6.616
Seq_Frame0064_ForcepToReference-SequenceTransform =0.591932 -0.326384 -0.736947 43.0921 0.406515 -0.668624 0.622646 -27.5861 -0.695961 -0.668144 -0.2631 -40.5054 0 0 0 1 
Seq_Frame0064_ForcepToReference-SequenceTransformStatus = OK
Seq_Frame0064_Timestamp = 6.716
Seq_Frame0065_ForcepToReference-SequenceTransform =0.591428 -0.326629 -0.737243 43.0991 0.407528 -0.667852 0.622812 -27.5958 -0.695797 -0.668796 -0.261875 -40.432 0 0 0 1 
Seq_Frame0065_ForcepToReference-SequenceTransformStatus = OK
Seq_Frame0065_Timestamp = 6.817
Seq_Frame0066_ForcepToReference-SequenceTransform =0.59084 -0.326746 -0.737662 43.0948 0.407041 -0.668697 0.622223 -27.6055 -0.696581 -0.667893 -0.262094 -40.4492 0 0 0 1 
Seq_Frame0066_ForcepToReference-SequenceTransformStatus = OK
Seq_Frame0066_Timestamp = 6.917
Seq_Frame0067_ForcepToReference-SequenceTransform =0.590134 -0.327069 -0.738084 43.0839 0.407784 -0.668284 0.622181 -27.5824 -0.696745 -0.668149 -0.261004 -40.4778 0 0 0 1 
Seq_Frame0067_ForcepToReference-SequenceTransformStatus = OK
Seq_Frame0067_Timestamp = 7.024
Seq_Frame0068_ForcepToReference-SequenceTransform =0.590556 -0.326744 -0.73789 43.104 0.407843 -0.668159 0.622276 -27.6051 -0.696353 -0.668432 -0.261325 -40.4241 0 0 0 1 
Seq_Frame0068_ForcepToReference-SequenceTransformStatus = OK
Seq_Frame0068_Timestamp = 7.125
Seq_Frame0069_ForcepToReference-SequenceTransform =0.58963 -0.327071 -0.738486 43.089 0.407946 -0.668533 0.621806 -27.5975 -0.697077 -0.667898 -0.26076 -40.4466 0 0 0 1 
Seq_Frame0069_ForcepToReference-SequenceTransformStatus = OK
Seq_Frame0069_Timestamp = 7.226
Seq_Frame0070_ForcepToReference-SequenceTransform =0.589818 -0.326998 -0.738368 43.0918 0.407619 -0.668756 0.621781 -27.6004 -0.697109 -0.667711 -0.261154 -40.4288 0 0 0 1 
Seq_Frame0070_ForcepToReference-SequenceTransformStatus = OK
Seq_Frame0070_Timestamp = 7.327
Seq_Frame0071_ForcepToReference-SequenceTransform =0.59069 -0.326875 -0.737724 43.0961 0.407168 -0.668587 0.622258 -27.6101 -0.696634 -0.66794 -0.261835 -40.3937 0 0 0 1 
Seq_Frame0071_ForcepToReference-SequenceTransformStatus = OK
Seq_Frame0071_Timestamp = 7.433
Seq_Frame0072_ForcepToReference-SequenceTransform =0.590258 -0.326909 -0.738055 43.0881 0.407073 -0.668999 0.621878 -27.6124 -0.697056 -0.667511 -0.261806 -40.3904 0 0 0 1 
Seq_Frame0072_ForcepToReference-SequenceTransformStatus = OK
Seq_Frame0072_Timestamp = 7.534
Seq_Frame0073_ForcepToReference-SequenceTransform =0.590116 -0.327012 -0.738124 43.0864 0.407452 -0.668664 0.62199 -27.595 -0.696955 -0.667796 -0.261348 -40.4345 0 0 0 1 
Seq_Frame0073_ForcepToReference-SequenceTransformStatus = OK
Seq_Frame0073_Timestamp = 7.635
Seq_Frame0074_ForcepToReference-SequenceTransform =0.589938 -0.326562 -0.738465 43.134 0.407239 -0.66939 0.621348 -27.6476 -0.69723 -0.667289 -0.26191 -40.3986 0 0 0 1 
Seq_Frame0074_ForcepToReference-SequenceTransformStatus = OK
Seq_Frame0074_Timestamp = 7.735
Seq_Frame0075_ForcepToReference-SequenceTransform =0.5896 -0.326574 -0.738729 43.1124 0.407228 -0.669663 0.621061 -27.6383 -0.697522 -0.667009 -0.261843 -40.4538 0 0 0 1 
Seq_Frame0075_ForcepToReference-SequenceTransformStatus = OK
Seq_Frame0075_Timestamp = 7.842
Seq_Frame0076_ForcepToReference-SequenceTransform =0.590753 -0.326201 -0.737973 43.1193 0.405901 -0.670318 0.621223 -27.6468 -0.69732 -0.666534 -0.263587 -40.4358 0 0 0 1 
Seq_Frame0076_ForcepToReference-SequenceTransformStatus = OK
Seq_Frame0076_Timestamp = 7.951
Seq_Frame0077_ForcepToReference-SequenceTransform =0.590428 -0.326477 -0.738111 43.1018 0.407425 -0.668889 0.621765 -27.6189 -0.696706 -0.667833 -0.261916 -40.4679 0 0 0 1 
Seq_Frame0077_ForcepToReference-SequenceTransformStatus = OK
Seq_Frame0077_Timestamp = 8.055
Seq_Frame0078_ForcepToReference-SequenceTransform =0.590621 -0.326668 -0.737872 43.1127 0.4069 -0.669075 0.621909 -27.6277 -0.696849 -0.667553 -0.262249 -40.3932 0 0 0 1 
Seq_Frame0078_ForcepToReference-SequenceTransformStatus = OK
Seq_Frame0078_Timestamp = 8.159
Seq_Frame0079_ForcepToReference-SequenceTransform =0.59068 -0.326835 -0.737751 43.0846 0.406482 -0.669287 0.621954 -27.6075 -0.697044 -0.667258 -0.262482 -40.4445 0 0 0 1 
Seq_Frame0079_ForcepToReference-SequenceTransformStatus = OK
Seq_Frame0079_Timestamp = 8.266
Seq_Frame0080_ForcepToReference-SequenceTransform =0.590943 -0.327047 -0.737446 43.0808 0.407873 -0.667561 0.622898 -27.5763 -0.696007 -0.668881 -0.261097 -40.4343 0 0 0 1 
Seq_Frame0080_ForcepToReference-SequenceTransformStatus = OK
Seq_Frame0080_Timestamp = 8.375
Seq_Frame0081_ForcepToReference-SequenceTransform =0.591074 -0.326931 -0.737392 43.092 0.407244 -0.668157 0.622671 -27.5842 -0.696264 -0.668343 -0.26179 -40.4339 0 0 0 1 
Seq_Frame0081_ForcepToReference-SequenceTransformStatus = OK
Seq_Frame0081_Timestamp = 8.481
Seq_Frame0082_ForcepToReference-SequenceTransform =0.591189 -0.32693 -0.737301 43.0792 0.407829 -0.667503 0.622989 -27.5761 -0.695824 -0.668997 -0.261289 -40.4756 0 0 0 1 
Seq_Frame0082_ForcepToReference-SequenceTransformStatus = OK
Seq_Frame0082_Timestamp = 8.581
Seq_Frame0083_ForcepToReference-SequenceTransform =0.591561 -0.326683 -0.737112 43.1022 0.40644 -0.668744 0.622566 -27.5986 -0.696321 -0.667877 -0.262826 -40.4257 0 0 0 1 
Seq_Frame0083_ForcepToReference-SequenceTransformStatus = OK
Seq_Frame0083_Timestamp = 8.69
Seq_Frame0084_ForcepToReference-SequenceTransform =0.592182 -0.326517 -0.736686 43.1066 0.406131 -0.668676 0.62284 -27.6013 -0.695972 -0.668026 -0.263369 -40.4391 0 0 0 1 
Seq_Frame0084_ForcepToReference-SequenceTransformStatus = OK
Seq_Frame0084_Timestamp = 8.799
Seq_Frame0085_ForcepToReference-SequenceTransform =0.591208 -0.326865 -0.737315 43.089 0.407435 -0.667921 0.622799 -27.591 -0.696039 -0.668611 -0.261704 -40.426 0 0 0 1 
Seq_Frame0085_ForcepToReference-SequenceTransformStatus = OK
Seq_Frame0085_Timestamp = 8.905
Seq_Frame0086_ForcepToReference-SequenceTransform =0.592068 -0.326581 -0.73675 43.0874 0.40653 -0.668332 0.622949 -27.5923 -0.695837 -0.668339 -0.262933 -40.4592 0 0 0 1 
Seq_Frame0086_ForcepToReference-SequenceTransformStatus = OK
Seq_Frame0086_Timestamp = 9.011
Seq_Frame0087_ForcepToReference-SequenceTransform =0.591608 -0.326791 -0.737026 43.0924 0.406958 -0.668116 0.622901 -27.5984 -0.695978 -0.668452 -0.262273 -40.4012 0 0 0 1 
Seq_Frame0087_ForcepToReference-SequenceTransformStatus = OK
Seq_Frame0087_Timestamp = 9.116
Seq_Frame0088_ForcepToReference-SequenceTransform =0.590902 -0.326816 -0.737581 43.0897 0.406245 -0.669351 0.622041 -27.6058 -0.696993 -0.667204 -0.262754 -40.412 0 0 0 1 
Seq_Frame0088_ForcepToReference-SequenceTransformStatus = OK
Seq_Frame0088_Timestamp = 9.226
Seq_Frame0089_ForcepToReference-SequenceTransform =0.591773 -0.326751 -0.736912 43.0779 0.406549 -0.668409 0.622854 -27.5793 -0.696077 -0.668179 -0.262706 -40.469 0 0 0 1 
Seq_Frame0089_ForcepToReference-SequenceTransformStatus = OK
Seq_Frame0089_Timestamp = 9.335
Seq_Frame0090_ForcepToReference-SequenceTransform =0.591902 -0.326661 -0.736848 43.0926 0.406474 -0.668453 0.622856 -27.5868 -0.696011 -0.668179 -0.262879 -40.4463 0 0 0 1 
Seq_Frame0090_ForcepToReference-SequenceTransformStatus = OK
Seq_Frame0090_Timestamp = 9.44
Seq_Frame0091_ForcepToReference-SequenceTransform =0.591484 -0.32689 -0.737082 43.0732 0.406556 -0.66852 0.622731 -27.5792 -0.696318 -0.668 -0.26252 -40.4687 0 0 0 1 
Seq_Frame0091_ForcepToReference-SequenceTransformStatus = OK
Seq_Frame0091_Timestamp = 9.541
Seq_Frame0092_ForcepToReference-SequenceTransform =0.59081 -0.327078 -0.737539 43.0672 0.407848 -0.667667 0.6228 -27.5644 -0.696135 -0.66876 -0.261066 -40.5009 0 0 0 1 
Seq_Frame0092_ForcepToReference-SequenceTransformStatus = OK
Seq_Frame0092_Timestamp = 9.651
Seq_Frame0093_ForcepToReference-SequenceTransform =0.591874 -0.326804 -0.736806 43.0796 0.406133 -0.668681 0.622833 -27.5803 -0.696233 -0.667881 -0.263049 -40.4513 0 0 0 1 
Seq_Frame0093_ForcepToReference-SequenceTransformStatus = OK
Seq_Frame0093_Timestamp = 9.755
Seq_Frame0094_ForcepToReference-SequenceTransform =0.59078 -0.327116 -0.737546 43.0734 0.406966 -0.668505 0.622479 -27.5815 -0.696676 -0.667904 -0.261814 -40.4213 0 0 0 1 
Seq_Frame0094_ForcepToReference-SequenceTransformStatus = OK
Seq_Frame0094_Timestamp = 9.856
Seq_Frame0095_ForcepToReference-SequenceTransform =0.591464 -0.326802 -0.737136 43.0797 0.406559 -0.668607 0.622635 -27.5867 -0.696333 -0.667956 -0.262593 -40.447 0 0 0 1 
Seq_Frame0095_ForcepToReference-SequenceTransformStatus = OK
Seq_Frame0095_Timestamp = 9.965
Seq_Frame0096_ForcepToReference-SequenceTransform =0.591485 -0.326906 -0.737074 43.0944 0.406671 -0.668394 0.62279 -27.6025 -0.69625 -0.668118 -0.262401 -40.3846 0 0 0 1 
Seq_Frame0096_ForcepToReference-SequenceTransformStatus = OK
Seq_Frame0096_Timestamp = 10.065
Seq_Frame0097_ForcepToReference-SequenceTransform =0.59185 -0.326979 -0.736749 43.0769 0.407013 -0.667708 0.623302 -27.5717 -0.69574 -0.668768 -0.262098 -40.4196 0 0 0 1 
Seq_Frame0097_ForcepToReference-SequenceTransformStatus = OK
Seq_Frame0097_Timestamp = 10.166
Seq_Frame0098_ForcepToReference-SequenceTransform =0.591282 -0.327068 -0.737165 43.0667 0.406857 -0.668244 0.62283 -27.5748 -0.696314 -0.668189 -0.262051 -40.4536 0 0 0 1 
Seq_Frame0098_ForcepToReference-SequenceTransformStatus = OK
Seq_Frame0098_Timestamp = 10.267
Seq_Frame0099_ForcepToReference-SequenceTransform =0.592091 -0.326664 -0.736694 43.0999 0.406104 -0.668651 0.622884 -27.5953 -0.696066 -0.667979 -0.263243 -40.4126 0 0 0 1 
Seq_Frame0099_ForcepToReference-SequenceTransformStatus = OK
Seq_Frame0099_Timestamp = 10.37
Seq_Frame0100_ForcepToReference-SequenceTransform =0.591863 -0.326773 -0.73683 43.0986 0.406552 -0.668315 0.622953 -27.5925 -0.695998 -0.668262 -0.262701 -40.4373 0 0 0 1 
Seq_Frame0100_ForcepToReference-SequenceTransformStatus = OK
Seq_Frame0100_Timestamp = 10.475
Seq_Frame0101_ForcepToReference-SequenceTransform =0.590527 -0.327088 -0.737761 43.0919 0.407448 -0.668272 0.622414 -27.5888 -0.696609 -0.668151 -0.261362 -40.4591 0 0 0 1 
Seq_Frame0101_ForcepToReference-SequenceTransformStatus = OK
Seq_Frame0101_Timestamp = 10.575
Seq_Frame0102_ForcepToReference-SequenceTransform =0.591243 -0.326868 -0.737284 43.0946 0.406684 -0.668609 0.622551 -27.5953 -0.696447 -0.667921 -0.262379 -40.464 0 0 0 1 
Seq_Frame0102_ForcepToReference-SequenceTransformStatus = OK
Seq_Frame0102_Timestamp = 10.676
Seq_Frame0103_ForcepToReference-SequenceTransform =0.591763 -0.326706 -0.73694 43.1021 0.406864 -0.668153 0.622923 -27.5784 -0.695901 -0.668457 -0.262463 -40.49 0 0 0 1 
Seq_Frame0103_ForcepToReference-SequenceTransformStatus = OK
Seq_Frame0103_Timestamp = 10.784
Seq_Frame0104_ForcepToReference-SequenceTransform =0.592191 -0.326665 -0.736614 43.0889 0.406797 -0.667904 0.623233 -27.5876 -0.695576 -0.668726 -0.26264 -40.464 0 0 0 1 
Seq_Frame0104_ForcepToReference-SequenceTransformStatus = OK
Seq_Frame0104_Timestamp = 10.884
Seq_Frame0105_ForcepToReference-SequenceTransform =0.591214 -0.32695 -0.737272 43.0953 0.407342 -0.667934 0.622846 -27.5881 -0.696088 -0.668557 -0.261711 -40.4355 0 0 0 1 
Seq_Frame0105_ForcepToReference-SequenceTransformStatus = OK
Seq_Frame0105_Timestamp = 10.99
Seq_Frame0106_ForcepToReference-SequenceTransform =0.590818 -0.32691 -0.737607 43.0886 0.406669 -0.668934 0.622212 -27.5954 -0.696818 -0.667576 -0.262274 -40.4292 0 0 0 1 
Seq_Frame0106_ForcepToReference-SequenceTransformStatus = OK
Seq_Frame0106_Timestamp = 11.101
Seq_Frame0107_ForcepToReference-SequenceTransform =0.591456 -0.326879 -0.737109 43.0848 0.406854 -0.668266 0.622809 -27.59 -0.696168 -0.668259 -0.262258 -40.4243 0 0 0 1 
Seq_Frame0107_ForcepToReference-SequenceTransformStatus = OK
Seq_Frame0107_Timestamp = 11.205
Seq_Frame0108_ForcepToReference-SequenceTransform =0.590827 -0.327161 -0.737489 43.0753 0.407569 -0.667851 0.622786 -27.5747 -0.696284 -0.668536 -0.261244 -40.4119 0 0 0 1 
Seq_Frame0108_ForcepToReference-SequenceTransformStatus = OK
Seq_Frame0108_Timestamp = 11.31
Seq_Frame0109_ForcepToReference-SequenceTransform =0.590969 -0.327383 -0.737276 43.0746 0.407524 -0.667592 0.623093 -27.5732 -0.69619 -0.668686 -0.26111 -40.3738 0 0 0 1 
Seq_Frame0109_ForcepToReference-SequenceTransformStatus = OK
Seq_Frame0109_Timestamp = 11.416
Seq_Frame0110_ForcepToReference-SequenceTransform =0.591056 -0.326966 -0.737391 43.0991 0.407063 -0.668316 0.622619 -27.5981 -0.696385 -0.668167 -0.261917 -40.4044 0 0 0 1 
Seq_Frame0110_ForcepToReference-SequenceTransformStatus = OK
Seq_Frame0110_Timestamp = 11.517
Seq_Frame0111_ForcepToReference-SequenceTransform =0.589914 -0.327455 -0.738088 43.0845 0.407532 -0.668377 0.622246 -27.5884 -0.697079 -0.667866 -0.260836 -40.3639 0 0 0 1 
Seq_Frame0111_ForcepToReference-SequenceTransformStatus = OK
Seq_Frame0111_Timestamp = 11.621
Seq_Frame0112_ForcepToReference-SequenceTransform =0.590055 -0.327491 -0.737959 43.0654 0.407725 -0.668048 0.622473 -27.5779 -0.696847 -0.668178 -0.260659 -40.3765 0 0 0 1 
Seq_Frame0112_ForcepToReference-SequenceTransformStatus = OK
Seq_Frame0112_Timestamp = 11.725
Seq_Frame0113_ForcepToReference-SequenceTransform =0.590052 -0.327336 -0.738031 43.0709 0.407753 -0.668155 0.62234 -27.587 -0.696833 -0.668147 -0.260774 -40.4224 0 0 0 1 
Seq_Frame0113_ForcepToReference-SequenceTransformStatus = OK
Seq_Frame0113_Timestamp = 11.825
Seq_Frame0114_ForcepToReference-SequenceTransform =0.590386 -0.3271 -0.737869 43.0844 0.407357 -0.668463 0.622268 -27.5932 -0.696782 -0.667954 -0.261405 -40.4153 0 0 0 1 
Seq_Frame0114_ForcepToReference-SequenceTransformStatus = OK
Seq_Frame0114_Timestamp = 11.926
Seq_Frame0115_ForcepToReference-SequenceTransform =0.590099 -0.326901 -0.738186 43.098 0.407503 -0.668723 0.621893 -27.6063 -0.69694 -0.667791 -0.2614 -40.3973 0 0 0 1 
Seq_Frame0115_ForcepToReference-SequenceTransformStatus = OK
Seq_Frame0115_Timestamp = 12.03
Seq_Frame0116_ForcepToReference-SequenceTransform =0.590071 -0.326971 -0.738178 43.1071 0.407336 -0.668846 0.62187 -27.6023 -0.697061 -0.667634 -0.26148 -40.383 0 0 0 1 
Seq_Frame0116_ForcepToReference-SequenceTransformStatus = OK
Seq_Frame0116_Timestamp = 12.13
Seq_Frame0117_ForcepToReference-SequenceTransform =0.589796 -0.327359 -0.738226 43.0956 0.408784 -0.667353 0.622524 -27.5786 -0.696446 -0.668937 -0.259783 -40.431 0 0 0 1 
Seq_Frame0117_ForcepToReference-SequenceTransformStatus = OK
Seq_Frame0117_Timestamp = 12.231
Seq_Frame0118_ForcepToReference-SequenceTransform =0.590634 -0.327504 -0.737491 43.0953 0.408751 -0.666582 0.623371 -27.5603 -0.695754 -0.669634 -0.259838 -40.4144 0 0 0 1 
Seq_Frame0118_ForcepToReference-SequenceTransformStatus = OK
Seq_Frame0118_Timestamp = 12.341
Seq_Frame0119_ForcepToReference-SequenceTransform =0.589718 -0.326836 -0.738519 43.1073 0.408141 -0.668473 0.621743 -27.6177 -0.696888 -0.668073 -0.260816 -40.3819 0 0 0 1 
Seq_Frame0119_ForcepToReference-SequenceTransformStatus = OK
Seq_Frame0119_Timestamp = 12.445
Seq_Frame0120_ForcepToReference-SequenceTransform =0.590686 -0.32688 -0.737726 43.0978 0.406649 -0.669084 0.622064 -27.5995 -0.69694 -0.66744 -0.262293 -40.4029 0 0 0 1 
Seq_Frame0120_ForcepToReference-SequenceTransformStatus = OK
Seq_Frame0120_Timestamp = 12.545
Seq_Frame0121_ForcepToReference-SequenceTransform =0.590363 -0.327496 -0.737711 43.0887 0.408611 -0.666943 0.623076 -27.5527 -0.696066 -0.669278 -0.25992 -40.4616 0 0 0 1 
Seq_Frame0121_ForcepToReference-SequenceTransformStatus = OK
Seq_Frame0121_Timestamp = 12.65
Seq_Frame0122_ForcepToReference-SequenceTransform =0.591408 -0.323619 -0.738585 43.1872 0.404587 -0.673216 0.618942 -27.7352 -0.697529 -0.664869 -0.267213 -40.5978 0 0 0 1 
Seq_Frame0122_ForcepToReference-SequenceTransformStatus = OK
Seq_Frame0122_Timestamp = 12.755
Seq_Frame0123_ForcepToReference-SequenceTransform =0.100772 -0.922277 -0.373163 -15.9643 0.631993 -0.230338 0.739952 108.972 -0.768394 -0.310403 0.559661 -49.9991 0 0 0 1 
Seq_Frame0123_ForcepToReference-SequenceTransformStatus = OK
Seq_Frame0123_Timestamp = 14.225
Seq_Frame0124_ForcepToReference-SequenceTransform =-0.103371 -0.914428 -0.391325 -39.1012 0.504489 -0.387273 0.771694 123.773 -0.857208 -0.117649 0.501352 -40.5175 0 0 0 1 
Seq_Frame0124_ForcepToReference-SequenceTransformStatus = OK
Seq_Frame0124_Timestamp = 14.325
Seq_Frame0125_ForcepToReference-SequenceTransform =-0.180704 -0.881385 -0.43647 -54.2376 0.3763 -0.471967 0.797274 129.572 -0.908705 -0.0201731 0.416952 -27.836 0 0 0 1 
Seq_Frame0125_ForcepToReference-SequenceTransformStatus = OK
Seq_Frame0125_Timestamp = 14.435
Seq_Frame0126_ForcepToReference-SequenceTransform =-0.180704 -0.881385 -0.43647 -54.2376 0.3763 -0.471967 0.797274 129.572 -0.908705 -0.0201731 0.416952 -27.836 0 0 0 1 
Seq_Frame0126_ForcepToReference-SequenceTransformStatus = OK
Seq_Frame0126_Timestamp = 14.541
Seq_Frame0127_ForcepToReference-SequenceTransform =-0.180704 -0.881385 -0.43647 -54.2376 0.3763 -0.471967 0.797274 129.572 -0.908705 -0.0201731 0.416952 -27.836 0 0 0 1 
Seq_Frame0127_ForcepToReference-SequenceTransformStatus = OK
Seq_Frame0127_Timestamp = 14.65
Seq_Frame0128_ForcepToReference-SequenceTransform =-0.180704 -0.881385 -0.43647 -54.2376 0.3763 -0.471967 0.797274 129.572 -0.908705 -0.0201731 0.416952 -27.836 0 0 0 1 
Seq_Frame0128_ForcepToReference-SequenceTransformStatus = OK
Seq_Frame0128_Timestamp = 14.755
Seq_Frame0129_ForcepToReference-SequenceTransform =-0.180704 -0.881385 -0.43647 -54.2376 0.3763 -0.471967 0.797274 129.572 -0.908705 -0.0201731 0.416952 -27.836 0 0 0 1 
Seq_Frame0129_ForcepToReference-SequenceTransformStatus = OK
Seq_Frame0129_Timestamp = 14.865
Seq_Frame0130_ForcepToReference-SequenceTransform =-0.180704 -0.881385 -0.43647 -54.2376 0.3763 -0.471967 0.797274 129.572 -0.908705 -0.0201731 0.416952 -27.836 0 0 0 1 
Seq_Frame0130_ForcepToReference-SequenceTransformStatus = OK
Seq_Frame0130_Timestamp = 14.966
Seq_Frame0131_ForcepToReference-SequenceTransform =-0.180704 -0.881385 -0.43647 -54.2376 0.3763 -0.471967 0.797274 129.572 -0.908705 -0.0201731 0.416952 -27.836 0 0 0 1 
Seq_Frame0131_ForcepToReference-SequenceTransformStatus = OK
Seq_Frame0131_Timestamp = 15.07
Seq_Frame0132_ForcepToReference-SequenceTransform =-0.180704 -0.881385 -0.43647 -54.2376 0.3763 -0.471967 0.797274 129.572 -0.908705 -0.0201731 0.416952 -27.836 0 0 0 1 
Seq_Frame0132_ForcepToReference-SequenceTransformStatus = OK
Seq_Frame0132_Timestamp = 15.175
Seq_Frame0133_ForcepToReference-SequenceTransform =-0.180704 -0.881385 -0.43647 -54.2376 0.3763 -0.471967 0.797274 129.572 -0.908705 -0.0201731 0.416952 -27.836 0 0 0 1 
Seq_Frame0133_ForcepToReference-SequenceTransformStatus = OK
Seq_Frame0133_Timestamp = 15.28
Seq_Frame0134_ForcepToReference-SequenceTransform =-0.180704 -0.881385 -0.43647 -54.2376 0.3763 -0.471967 0.797274 129.572 -0.908705 -0.0201731 0.416952 -27.836 0 0 0 1 
Seq_Frame0134_ForcepToReference-SequenceTransformStatus = OK
Seq_Frame0134_Timestamp = 15.384
Seq_Frame0135_ForcepToReference-SequenceTransform =-0.180704 -0.881385 -0.43647 -54.2376 0.3763 -0.471967 0.797274 129.572 -0.908705 -0.0201731 0.416952 -27.836 0 0 0 1 
Seq_Frame0135_ForcepToReference-SequenceTransformStatus = OK
Seq_Frame0135_Timestamp = 15.49
Seq_Frame0136_ForcepToReference-SequenceTransform =-0.180704 -0.881385 -0.43647 -54.2376 0.3763 -0.471967 0.797274 129.572 -0.908705 -0.0201731 0.416952 -27.836 0 0 0 1 
Seq_Frame0136_ForcepToReference-SequenceTransformStatus = OK
Seq_Frame0136_Timestamp = 15.6
Seq_Frame0137_ForcepToReference-SequenceTransform =-0.180704 -0.881385 -0.43647 -54.2376 0.3763 -0.471967 0.797274 129.572 -0.908705 -0.0201731 0.416952 -27.836 0 0 0 1 
Seq_Frame0137_ForcepToReference-SequenceTransformStatus = OK
Seq_Frame0137_Timestamp = 15.7
Seq_Frame0138_ForcepToReference-SequenceTransform =-0.180704 -0.881385 -0.43647 -54.2376 0.3763 -0.471967 0.797274 129.572 -0.908705 -0.0201731 0.416952 -27.836 0 0 0 1 
Seq_Frame0138_ForcepToReference-SequenceTransformStatus = OK
Seq_Frame0138_Timestamp = 15.81
Seq_Frame0139_ForcepToReference-SequenceTransform =-0.0443194 -0.980282 -0.192571 -63.1995 0.988557 -0.0708546 0.133173 206.42 -0.144192 -0.184465 0.972204 37.5705 0 0 0 1 
Seq_Frame0139_ForcepToReference-SequenceTransformStatus = OK
Seq_Frame0139_Timestamp = 15.916
Seq_Frame0140_ForcepToReference-SequenceTransform =-0.0945564 -0.98222 -0.162184 -69.5721 0.947229 -0.138892 0.288905 195.778 -0.306295 -0.126307 0.94352 34.4198 0 0 0 1 
Seq_Frame0140_ForcepToReference-SequenceTransformStatus = OK
Seq_Frame0140_Timestamp = 16.02
Seq_Frame0141_ForcepToReference-SequenceTransform =-0.116655 -0.983329 -0.139484 -74.4198 0.929742 -0.157509 0.332822 190.843 -0.349243 -0.0908591 0.932617 31.1518 0 0 0 1 
Seq_Frame0141_ForcepToReference-SequenceTransformStatus = OK
Seq_Frame0141_Timestamp = 16.121
Seq_Frame0142_ForcepToReference-SequenceTransform =-0.169859 -0.980808 -0.0957215 -76.759 0.894391 -0.194216 0.40292 187.415 -0.413778 -0.0171728 0.910216 32.0445 0 0 0 1 
Seq_Frame0142_ForcepToReference-SequenceTransformStatus = OK
Seq_Frame0142_Timestamp = 16.225
Seq_Frame0143_ForcepToReference-SequenceTransform =-0.173762 -0.980157 -0.0953849 -77.0604 0.886057 -0.197877 0.419222 186.602 -0.429778 -0.0116716 0.902859 32.1673 0 0 0 1 
Seq_Frame0143_ForcepToReference-SequenceTransformStatus = OK
Seq_Frame0143_Timestamp = 16.327
Seq_Frame0144_ForcepToReference-SequenceTransform =-0.173762 -0.980157 -0.0953849 -77.0604 0.886057 -0.197877 0.419222 186.602 -0.429778 -0.0116716 0.902859 32.1673 0 0 0 1 
Seq_Frame0144_ForcepToReference-SequenceTransformStatus = OK
Seq_Frame0144_Timestamp = 16.43
Seq_Frame0145_ForcepToReference-SequenceTransform =-0.173762 -0.980157 -0.0953849 -77.0604 0.886057 -0.197877 0.419222 186.602 -0.429778 -0.0116716 0.902859 32.1673 0 0 0 1 
Seq_Frame0145_ForcepToReference-SequenceTransformStatus = OK
Seq_Frame0145_Timestamp = 16.535
Seq_Frame0146_ForcepToReference-SequenceTransform =-0.173762 -0.980157 -0.0953849 -77.0604 0.886057 -0.197877 0.419222 186.602 -0.429778 -0.0116716 0.902859 32.1673 0 0 0 1 
Seq_Frame0146_ForcepToReference-SequenceTransformStatus = OK
Seq_Frame0146_Timestamp = 16.641
Seq_Frame0147_ForcepToReference-SequenceTransform =-0.173762 -0.980157 -0.0953849 -77.0604 0.886057 -0.197877 0.419222 186.602 -0.429778 -0.0116716 0.902859 32.1673 0 0 0 1 
Seq_Frame0147_ForcepToReference-SequenceTransformStatus = OK
Seq_Frame0147_Timestamp = 16.75
Seq_Frame0148_ForcepToReference-SequenceTransform =-0.173762 -0.980157 -0.0953849 -77.0604 0.886057 -0.197877 0.419222 186.602 -0.429778 -0.0116716 0.902859 32.1673 0 0 0 1 
Seq_Frame0148_ForcepToReference-SequenceTransformStatus = OK
Seq_Frame0148_Timestamp = 16.852
Seq_Frame0149_ForcepToReference-SequenceTransform =-0.173762 -0.980157 -0.0953849 -77.0604 0.886057 -0.197877 0.419222 186.602 -0.429778 -0.0116716 0.902859 32.1673 0 0 0 1 
Seq_Frame0149_ForcepToReference-SequenceTransformStatus = OK
Seq_Frame0149_Timestamp = 16.955
