ObjectType = Image
NDims = 3
AnatomicalOrientation = RAI
BinaryData = True
CompressedData = False
DimSize = 0 0 1067
ElementSpacing = 1 1 1
Offset = 0 0 0
TransformMatrix = 1 0 0 0 1 0 0 0 1
ElementType = MET_UCHAR
Kinds = domain domain list
Seq_Frame0000_ForcepToReference-SequenceTransform =0.271778 0.333776 0.902624 78.3256 -0.895198 0.431926 0.109823 140.246 -0.353211 -0.837874 0.416184 12.9043 0 0 0 1 
Seq_Frame0000_ForcepToReference-SequenceTransformStatus = OK
Seq_Frame0000_Timestamp = 21.399
Seq_Frame0001_ForcepToReference-SequenceTransform =-0.243744 0.674874 0.696516 50.5084 -0.966687 -0.111198 -0.230547 111.846 -0.0781385 -0.729507 0.679495 7.53832 0 0 0 1 
Seq_Frame0001_ForcepToReference-SequenceTransformStatus = OK
Seq_Frame0001_Timestamp = 21.504
Seq_Frame0002_ForcepToReference-SequenceTransform =-0.0469131 0.551018 0.833173 37.4854 -0.957913 0.211658 -0.193917 120.721 -0.283199 -0.807205 0.517898 12.543 0 0 0 1 
Seq_Frame0002_ForcepToReference-SequenceTransformStatus = OK
Seq_Frame0002_Timestamp = 21.609
Seq_Frame0003_ForcepToReference-SequenceTransform =0.0605895 0.299219 0.952259 24.8604 -0.89315 0.442199 -0.0821196 133.033 -0.44566 -0.845534 0.29404 -0.120761 0 0 0 1 
Seq_Frame0003_ForcepToReference-SequenceTransformStatus = OK
Seq_Frame0003_Timestamp = 21.719
Seq_Frame0004_ForcepToReference-SequenceTransform =-0.605102 -0.455973 -0.652641 7.87763 0.589699 -0.807436 0.0173765 150.578 -0.534889 -0.374348 0.757468 -6.07679 0 0 0 1 
Seq_Frame0004_ForcepToReference-SequenceTransformStatus = OK
Seq_Frame0004_Timestamp = 21.829
Seq_Frame0005_ForcepToReference-SequenceTransform =0.00459152 0.695001 0.718994 55.6733 -0.986684 0.120046 -0.109739 103.604 -0.162581 -0.708917 0.686298 -13.4885 0 0 0 1 
Seq_Frame0005_ForcepToReference-SequenceTransformStatus = OK
Seq_Frame0005_Timestamp = 22.134
Seq_Frame0006_ForcepToReference-SequenceTransform =-0.114999 0.768739 0.629139 73.8455 -0.942259 0.116114 -0.314112 112.674 -0.314522 -0.628934 0.710998 -3.45267 0 0 0 1 
Seq_Frame0006_ForcepToReference-SequenceTransformStatus = OK
Seq_Frame0006_Timestamp = 22.239
Seq_Frame0007_ForcepToReference-SequenceTransform =-0.074455 0.659356 0.748135 86.6132 -0.810623 0.396934 -0.430505 135.345 -0.580816 -0.638508 0.504935 8.84869 0 0 0 1 
Seq_Frame0007_ForcepToReference-SequenceTransformStatus = OK
Seq_Frame0007_Timestamp = 22.344
Seq_Frame0008_ForcepToReference-SequenceTransform =0.356623 0.340825 0.869861 99.9184 -0.467483 0.871234 -0.149706 168.236 -0.808876 -0.353257 0.470031 28.1467 0 0 0 1 
Seq_Frame0008_ForcepToReference-SequenceTransformStatus = OK
Seq_Frame0008_Timestamp = 22.451
Seq_Frame0009_ForcepToReference-SequenceTransform =0.577449 -0.0287522 0.81592 105.422 -0.23745 0.950263 0.201536 182.672 -0.781134 -0.310118 0.541901 36.9688 0 0 0 1 
Seq_Frame0009_ForcepToReference-SequenceTransformStatus = OK
Seq_Frame0009_Timestamp = 22.619
Seq_Frame0010_ForcepToReference-SequenceTransform =-0.290269 0.111553 -0.950421 120.511 0.691275 -0.662342 -0.288864 182.414 -0.661727 -0.74085 0.115144 61.118 0 0 0 1 
Seq_Frame0010_ForcepToReference-SequenceTransformStatus = OK
Seq_Frame0010_Timestamp = 23.379
Seq_Frame0011_ForcepToReference-SequenceTransform =-0.292873 0.111988 -0.949571 119.163 0.693657 -0.658634 -0.291618 183.19 -0.658077 -0.744083 0.115215 61.4679 0 0 0 1 
Seq_Frame0011_ForcepToReference-SequenceTransformStatus = OK
Seq_Frame0011_Timestamp = 23.484
Seq_Frame0012_ForcepToReference-SequenceTransform =-0.463489 0.188264 -0.865872 101.832 0.664939 -0.571988 -0.480298 202.656 -0.585691 -0.798365 0.139927 52.7748 0 0 0 1 
Seq_Frame0012_ForcepToReference-SequenceTransformStatus = OK
Seq_Frame0012_Timestamp = 23.864
Seq_Frame0013_ForcepToReference-SequenceTransform =0.651716 -0.0664872 0.755544 102.716 -0.16598 0.959503 0.227607 200.242 -0.740079 -0.27374 0.614287 55.1045 0 0 0 1 
Seq_Frame0013_ForcepToReference-SequenceTransformStatus = OK
Seq_Frame0013_Timestamp = 24.199
Seq_Frame0014_ForcepToReference-SequenceTransform =-0.424649 0.138556 -0.894693 100.464 0.720392 -0.546847 -0.426607 200.994 -0.548369 -0.825688 0.132404 62.3149 0 0 0 1 
Seq_Frame0014_ForcepToReference-SequenceTransformStatus = OK
Seq_Frame0014_Timestamp = 24.668
Seq_Frame0015_ForcepToReference-SequenceTransform =-0.59411 0.45927 -0.660382 122.813 0.678772 -0.154289 -0.717957 221.158 -0.431626 -0.874795 -0.220075 105.739 0 0 0 1 
Seq_Frame0015_ForcepToReference-SequenceTransformStatus = OK
Seq_Frame0015_Timestamp = 28.599
Seq_Frame0016_ForcepToReference-SequenceTransform =-0.520442 0.544963 -0.657385 126.972 0.698968 -0.170339 -0.694571 218.963 -0.490494 -0.820975 -0.29226 103.848 0 0 0 1 
Seq_Frame0016_ForcepToReference-SequenceTransformStatus = OK
Seq_Frame0016_Timestamp = 28.701
Seq_Frame0017_ForcepToReference-SequenceTransform =-0.509313 0.544562 -0.666373 128.946 0.697277 -0.192706 -0.690412 216.647 -0.504386 -0.816283 -0.281563 103.246 0 0 0 1 
Seq_Frame0017_ForcepToReference-SequenceTransformStatus = OK
Seq_Frame0017_Timestamp = 28.809
Seq_Frame0018_ForcepToReference-SequenceTransform =-0.55661 0.472361 -0.683419 127.485 0.678092 -0.216956 -0.702226 214.565 -0.479975 -0.854287 -0.199544 101.755 0 0 0 1 
Seq_Frame0018_ForcepToReference-SequenceTransformStatus = OK
Seq_Frame0018_Timestamp = 28.914
Seq_Frame0019_ForcepToReference-SequenceTransform =0.08541 0.284272 0.954932 65.6363 -0.201206 0.943608 -0.262905 197.698 -0.975818 -0.169684 0.137791 94.5598 0 0 0 1 
Seq_Frame0019_ForcepToReference-SequenceTransformStatus = OK
Seq_Frame0019_Timestamp = 31.279
Seq_Frame0020_ForcepToReference-SequenceTransform =0.0640846 0.310431 0.948433 68.0544 -0.217777 0.931831 -0.290282 194.531 -0.973892 -0.187945 0.127321 92.9523 0 0 0 1 
Seq_Frame0020_ForcepToReference-SequenceTransformStatus = OK
Seq_Frame0020_Timestamp = 31.389
Seq_Frame0021_ForcepToReference-SequenceTransform =0.0447629 0.314047 0.948352 68.4219 -0.213881 0.930304 -0.297975 194.537 -0.975834 -0.189496 0.108812 92.7952 0 0 0 1 
Seq_Frame0021_ForcepToReference-SequenceTransformStatus = OK
Seq_Frame0021_Timestamp = 31.494
Seq_Frame0022_ForcepToReference-SequenceTransform =0.0536129 0.330179 0.942394 69.1309 -0.22904 0.922657 -0.310234 194.373 -0.97194 -0.199214 0.12509 92.4452 0 0 0 1 
Seq_Frame0022_ForcepToReference-SequenceTransformStatus = OK
Seq_Frame0022_Timestamp = 31.599
Seq_Frame0023_ForcepToReference-SequenceTransform =0.0522266 0.347444 0.936245 69.9618 -0.217838 0.918911 -0.32886 193.928 -0.974587 -0.186774 0.123678 90.9749 0 0 0 1 
Seq_Frame0023_ForcepToReference-SequenceTransformStatus = OK
Seq_Frame0023_Timestamp = 31.701
Seq_Frame0024_ForcepToReference-SequenceTransform =0.0398094 0.360978 0.931724 70.5365 -0.229917 0.910752 -0.343029 193.149 -0.972396 -0.200564 0.119252 89.7849 0 0 0 1 
Seq_Frame0024_ForcepToReference-SequenceTransformStatus = OK
Seq_Frame0024_Timestamp = 31.809
Seq_Frame0025_ForcepToReference-SequenceTransform =0.0524627 0.368528 0.928135 71.0045 -0.216007 0.9116 -0.349753 193.004 -0.974981 -0.182135 0.12743 89.4502 0 0 0 1 
Seq_Frame0025_ForcepToReference-SequenceTransformStatus = OK
Seq_Frame0025_Timestamp = 31.914
Seq_Frame0026_ForcepToReference-SequenceTransform =0.0306467 0.385727 0.922104 72.1998 -0.238915 0.898622 -0.367964 192.235 -0.970557 -0.209027 0.119696 88.6312 0 0 0 1 
Seq_Frame0026_ForcepToReference-SequenceTransformStatus = OK
Seq_Frame0026_Timestamp = 32.019
Seq_Frame0027_ForcepToReference-SequenceTransform =0.0176014 0.396923 0.917683 72.7232 -0.257273 0.888719 -0.37946 191.463 -0.966178 -0.229416 0.11776 89.24 0 0 0 1 
Seq_Frame0027_ForcepToReference-SequenceTransformStatus = OK
Seq_Frame0027_Timestamp = 32.125
Seq_Frame0028_ForcepToReference-SequenceTransform =0.00645571 0.405659 0.914002 73.7208 -0.268097 0.881261 -0.389234 190.531 -0.96337 -0.242529 0.114445 89.5105 0 0 0 1 
Seq_Frame0028_ForcepToReference-SequenceTransformStatus = OK
Seq_Frame0028_Timestamp = 32.234
Seq_Frame0029_ForcepToReference-SequenceTransform =0.012616 0.407681 0.913037 74.5508 -0.271164 0.880288 -0.389312 189.852 -0.962451 -0.242671 0.121654 89.1719 0 0 0 1 
Seq_Frame0029_ForcepToReference-SequenceTransformStatus = OK
Seq_Frame0029_Timestamp = 32.359
Seq_Frame0030_ForcepToReference-SequenceTransform =0.0149769 0.412907 0.91065 75.0472 -0.282305 0.875445 -0.392301 189.514 -0.959208 -0.251205 0.129677 89.3045 0 0 0 1 
Seq_Frame0030_ForcepToReference-SequenceTransformStatus = OK
Seq_Frame0030_Timestamp = 32.482
Seq_Frame0031_ForcepToReference-SequenceTransform =0.0417559 0.41912 0.90697 75.2706 -0.300734 0.870937 -0.388623 189.618 -0.952794 -0.256529 0.16241 88.6132 0 0 0 1 
Seq_Frame0031_ForcepToReference-SequenceTransformStatus = OK
Seq_Frame0031_Timestamp = 32.604
Seq_Frame0032_ForcepToReference-SequenceTransform =0.0531324 0.427024 0.902678 75.6486 -0.295186 0.870274 -0.39432 189.423 -0.953961 -0.245507 0.172291 88.5708 0 0 0 1 
Seq_Frame0032_ForcepToReference-SequenceTransformStatus = OK
Seq_Frame0032_Timestamp = 32.705
Seq_Frame0033_ForcepToReference-SequenceTransform =0.0300099 0.440899 0.897055 76.3741 -0.319976 0.854469 -0.409264 188.598 -0.94695 -0.274754 0.16672 88.6189 0 0 0 1 
Seq_Frame0033_ForcepToReference-SequenceTransformStatus = OK
Seq_Frame0033_Timestamp = 32.829
Seq_Frame0034_ForcepToReference-SequenceTransform =0.0244823 0.457043 0.889107 76.8333 -0.315695 0.847399 -0.42691 187.577 -0.948545 -0.270235 0.165033 89.0852 0 0 0 1 
Seq_Frame0034_ForcepToReference-SequenceTransformStatus = OK
Seq_Frame0034_Timestamp = 32.948
Seq_Frame0035_ForcepToReference-SequenceTransform =-0.0305085 0.485154 0.873897 78.6529 -0.339461 0.817308 -0.465589 185.439 -0.940125 -0.310859 0.139756 86.2009 0 0 0 1 
Seq_Frame0035_ForcepToReference-SequenceTransformStatus = OK
Seq_Frame0035_Timestamp = 33.072
Seq_Frame0036_ForcepToReference-SequenceTransform =-0.0495626 0.468268 0.882196 76.5432 -0.312268 0.831735 -0.459027 188.264 -0.9487 -0.298232 0.105002 88.9339 0 0 0 1 
Seq_Frame0036_ForcepToReference-SequenceTransformStatus = OK
Seq_Frame0036_Timestamp = 33.178
Seq_Frame0037_ForcepToReference-SequenceTransform =-0.0631938 0.478283 0.875929 75.717 -0.30871 0.82527 -0.472893 188.274 -0.949055 -0.300292 0.0954986 89.1171 0 0 0 1 
Seq_Frame0037_ForcepToReference-SequenceTransformStatus = OK
Seq_Frame0037_Timestamp = 33.289
Seq_Frame0038_ForcepToReference-SequenceTransform =-0.0865968 0.490494 0.867131 76.4209 -0.300144 0.817115 -0.492176 187.424 -0.949955 -0.302886 0.0764594 88.7991 0 0 0 1 
Seq_Frame0038_ForcepToReference-SequenceTransformStatus = OK
Seq_Frame0038_Timestamp = 33.416
Seq_Frame0039_ForcepToReference-SequenceTransform =-0.0964703 0.502337 0.859274 77.2373 -0.309193 0.805466 -0.505593 185.629 -0.946094 -0.314456 0.0776157 87.1358 0 0 0 1 
Seq_Frame0039_ForcepToReference-SequenceTransformStatus = OK
Seq_Frame0039_Timestamp = 33.517
Seq_Frame0040_ForcepToReference-SequenceTransform =-0.0704513 0.522765 0.849561 78.244 -0.332878 0.790535 -0.514049 185.162 -0.940334 -0.319015 0.118323 87.6894 0 0 0 1 
Seq_Frame0040_ForcepToReference-SequenceTransformStatus = OK
Seq_Frame0040_Timestamp = 33.63
Seq_Frame0041_ForcepToReference-SequenceTransform =-0.0889339 0.524538 0.846729 78.9438 -0.333872 0.785218 -0.5215 184.506 -0.938414 -0.329079 0.105296 86.8642 0 0 0 1 
Seq_Frame0041_ForcepToReference-SequenceTransformStatus = OK
Seq_Frame0041_Timestamp = 33.739
Seq_Frame0042_ForcepToReference-SequenceTransform =-0.0377275 0.538353 0.841874 79.152 -0.284818 0.801736 -0.52545 186.415 -0.957839 -0.259605 0.123085 84.7705 0 0 0 1 
Seq_Frame0042_ForcepToReference-SequenceTransformStatus = OK
Seq_Frame0042_Timestamp = 33.844
Seq_Frame0043_ForcepToReference-SequenceTransform =-0.131799 -0.532042 -0.836397 76.0815 0.959554 -0.280221 0.0270461 191.476 -0.248766 -0.799004 0.547456 85.7413 0 0 0 1 
Seq_Frame0043_ForcepToReference-SequenceTransformStatus = OK
Seq_Frame0043_Timestamp = 34.638
Seq_Frame0044_ForcepToReference-SequenceTransform =-0.136574 -0.57749 -0.804893 74.7174 0.937853 -0.337039 0.0826818 192.368 -0.319028 -0.74358 0.587631 89.9911 0 0 0 1 
Seq_Frame0044_ForcepToReference-SequenceTransformStatus = OK
Seq_Frame0044_Timestamp = 34.764
Seq_Frame0045_ForcepToReference-SequenceTransform =-0.13744 -0.573671 -0.807473 74.6855 0.939628 -0.333433 0.0769546 192.369 -0.313385 -0.748147 0.584864 89.2739 0 0 0 1 
Seq_Frame0045_ForcepToReference-SequenceTransformStatus = OK
Seq_Frame0045_Timestamp = 34.866
Seq_Frame0046_ForcepToReference-SequenceTransform =-0.135499 -0.576204 -0.805996 74.7918 0.93897 -0.334294 0.081132 192.198 -0.316188 -0.745813 0.586335 89.2071 0 0 0 1 
Seq_Frame0046_ForcepToReference-SequenceTransformStatus = OK
Seq_Frame0046_Timestamp = 34.976
Seq_Frame0047_ForcepToReference-SequenceTransform =-0.136942 -0.572615 -0.808306 74.6989 0.940154 -0.332161 0.0760283 192.448 -0.312023 -0.749521 0.583833 89.1634 0 0 0 1 
Seq_Frame0047_ForcepToReference-SequenceTransformStatus = OK
Seq_Frame0047_Timestamp = 35.085
Seq_Frame0048_ForcepToReference-SequenceTransform =-0.133612 -0.560621 -0.817222 75.0045 0.94684 -0.315716 0.06178 192.393 -0.292645 -0.765525 0.573002 88.6587 0 0 0 1 
Seq_Frame0048_ForcepToReference-SequenceTransformStatus = OK
Seq_Frame0048_Timestamp = 35.207
Seq_Frame0049_ForcepToReference-SequenceTransform =-0.147556 -0.56599 -0.8111 74.0875 0.947664 -0.315659 0.0478692 192.626 -0.283125 -0.761587 0.582946 89.7725 0 0 0 1 
Seq_Frame0049_ForcepToReference-SequenceTransformStatus = OK
Seq_Frame0049_Timestamp = 35.325
Seq_Frame0050_ForcepToReference-SequenceTransform =-0.136886 -0.578821 -0.803884 74.2201 0.944255 -0.321529 0.0707223 191.406 -0.299407 -0.74939 0.590567 89.5719 0 0 0 1 
Seq_Frame0050_ForcepToReference-SequenceTransformStatus = OK
Seq_Frame0050_Timestamp = 35.438
Seq_Frame0051_ForcepToReference-SequenceTransform =-0.119048 -0.576939 -0.808065 74.8826 0.943475 -0.319282 0.0889623 189.695 -0.309326 -0.751798 0.582338 88.4526 0 0 0 1 
Seq_Frame0051_ForcepToReference-SequenceTransformStatus = OK
Seq_Frame0051_Timestamp = 35.544
Seq_Frame0052_ForcepToReference-SequenceTransform =-0.0817023 -0.617241 -0.78252 77.384 0.920902 -0.347004 0.177561 184.154 -0.381136 -0.706117 0.59677 86.2537 0 0 0 1 
Seq_Frame0052_ForcepToReference-SequenceTransformStatus = OK
Seq_Frame0052_Timestamp = 35.65
Seq_Frame0053_ForcepToReference-SequenceTransform =-0.0568176 -0.635587 -0.769936 78.5866 0.893618 -0.376275 0.244673 180.527 -0.445219 -0.674126 0.589351 83.9483 0 0 0 1 
Seq_Frame0053_ForcepToReference-SequenceTransformStatus = OK
Seq_Frame0053_Timestamp = 35.76
Seq_Frame0054_ForcepToReference-SequenceTransform =-0.0521082 -0.644185 -0.763093 79.0005 0.897057 -0.365974 0.247691 180.229 -0.438831 -0.671631 0.596941 84.1552 0 0 0 1 
Seq_Frame0054_ForcepToReference-SequenceTransformStatus = OK
Seq_Frame0054_Timestamp = 35.883
Seq_Frame0055_ForcepToReference-SequenceTransform =-0.0595246 -0.636682 -0.768825 78.8961 0.901488 -0.365047 0.232508 180.981 -0.428691 -0.679247 0.595691 84.8086 0 0 0 1 
Seq_Frame0055_ForcepToReference-SequenceTransformStatus = OK
Seq_Frame0055_Timestamp = 35.993
Seq_Frame0056_ForcepToReference-SequenceTransform =-0.066041 -0.63516 -0.769552 78.8341 0.901591 -0.368424 0.226711 180.266 -0.427519 -0.678849 0.596985 85.2418 0 0 0 1 
Seq_Frame0056_ForcepToReference-SequenceTransformStatus = OK
Seq_Frame0056_Timestamp = 36.095
Seq_Frame0057_ForcepToReference-SequenceTransform =-0.0533284 -0.640234 -0.766327 80.1783 0.910401 -0.346474 0.22611 179.082 -0.410275 -0.685607 0.601347 84.9502 0 0 0 1 
Seq_Frame0057_ForcepToReference-SequenceTransformStatus = OK
Seq_Frame0057_Timestamp = 36.195
Seq_Frame0058_ForcepToReference-SequenceTransform =-0.0555503 -0.641377 -0.765212 80.2241 0.911386 -0.345582 0.223494 179.576 -0.407787 -0.684988 0.603739 86.032 0 0 0 1 
Seq_Frame0058_ForcepToReference-SequenceTransformStatus = OK
Seq_Frame0058_Timestamp = 36.319
Seq_Frame0059_ForcepToReference-SequenceTransform =-0.0662007 -0.653104 -0.754369 80.1919 0.9213 -0.330337 0.205143 179.654 -0.383176 -0.68142 0.623573 86.1714 0 0 0 1 
Seq_Frame0059_ForcepToReference-SequenceTransformStatus = OK
Seq_Frame0059_Timestamp = 36.443
Seq_Frame0060_ForcepToReference-SequenceTransform =-0.0665756 0.523013 0.849721 80.2132 -0.372443 0.777032 -0.507452 180.939 -0.925664 -0.350257 0.143061 87.2233 0 0 0 1 
Seq_Frame0060_ForcepToReference-SequenceTransformStatus = OK
Seq_Frame0060_Timestamp = 36.811
Seq_Frame0061_ForcepToReference-SequenceTransform =-0.0465443 0.525843 0.849307 80.1458 -0.388504 0.77376 -0.50036 181.846 -0.920271 -0.353248 0.168278 86.4954 0 0 0 1 
Seq_Frame0061_ForcepToReference-SequenceTransformStatus = OK
Seq_Frame0061_Timestamp = 36.919
Seq_Frame0062_ForcepToReference-SequenceTransform =-0.0421697 0.526458 0.849155 80.5871 -0.397475 0.770919 -0.497693 180.989 -0.916644 -0.358505 0.176745 85.9411 0 0 0 1 
Seq_Frame0062_ForcepToReference-SequenceTransformStatus = OK
Seq_Frame0062_Timestamp = 37.037
Seq_Frame0063_ForcepToReference-SequenceTransform =-0.0407182 0.527817 0.848382 79.4068 -0.383146 0.77593 -0.501131 182.267 -0.92279 -0.345459 0.170637 85.8006 0 0 0 1 
Seq_Frame0063_ForcepToReference-SequenceTransformStatus = OK
Seq_Frame0063_Timestamp = 37.188
Seq_Frame0064_ForcepToReference-SequenceTransform =-0.0525424 0.52617 0.848755 77.9761 -0.373653 0.777831 -0.505333 183.344 -0.926079 -0.343691 0.155736 85.8948 0 0 0 1 
Seq_Frame0064_ForcepToReference-SequenceTransformStatus = OK
Seq_Frame0064_Timestamp = 37.318
Seq_Frame0065_ForcepToReference-SequenceTransform =-0.0584958 0.518793 0.852896 77.625 -0.38143 0.777922 -0.499348 182.83 -0.922545 -0.35453 0.152378 85.9565 0 0 0 1 
Seq_Frame0065_ForcepToReference-SequenceTransformStatus = OK
Seq_Frame0065_Timestamp = 37.441
Seq_Frame0066_ForcepToReference-SequenceTransform =-0.0560583 0.517458 0.853871 77.6246 -0.403468 0.770536 -0.493444 182.233 -0.913275 -0.372171 0.165583 85.7464 0 0 0 1 
Seq_Frame0066_ForcepToReference-SequenceTransformStatus = OK
Seq_Frame0066_Timestamp = 37.553
Seq_Frame0067_ForcepToReference-SequenceTransform =-0.0380625 0.527293 0.848831 78.1999 -0.429556 0.758325 -0.490332 181.927 -0.902238 -0.383283 0.197638 85.61 0 0 0 1 
Seq_Frame0067_ForcepToReference-SequenceTransformStatus = OK
Seq_Frame0067_Timestamp = 37.672
Seq_Frame0068_ForcepToReference-SequenceTransform =-0.0543859 0.524685 0.849558 77.7896 -0.389182 0.772393 -0.501942 182.205 -0.919554 -0.357931 0.162191 84.8343 0 0 0 1 
Seq_Frame0068_ForcepToReference-SequenceTransformStatus = OK
Seq_Frame0068_Timestamp = 37.794
Seq_Frame0069_ForcepToReference-SequenceTransform =-0.0607671 0.523913 0.849601 77.8537 -0.400468 0.766867 -0.501538 181.797 -0.914294 -0.370715 0.16321 85.0997 0 0 0 1 
Seq_Frame0069_ForcepToReference-SequenceTransformStatus = OK
Seq_Frame0069_Timestamp = 37.92
Seq_Frame0070_ForcepToReference-SequenceTransform =-0.0576145 0.526694 0.8481 77.7693 -0.398771 0.766658 -0.503207 182.093 -0.915239 -0.36719 0.16586 84.8916 0 0 0 1 
Seq_Frame0070_ForcepToReference-SequenceTransformStatus = OK
Seq_Frame0070_Timestamp = 38.104
Seq_Frame0071_ForcepToReference-SequenceTransform =-0.0220118 0.540575 0.841008 77.9582 -0.368659 0.777542 -0.50943 182.686 -0.929304 -0.321259 0.182173 83.5209 0 0 0 1 
Seq_Frame0071_ForcepToReference-SequenceTransformStatus = OK
Seq_Frame0071_Timestamp = 38.205
Seq_Frame0072_ForcepToReference-SequenceTransform =-0.0563103 -0.598949 -0.798805 77.5461 0.919886 -0.342143 0.191695 182.555 -0.388122 -0.724015 0.570231 83.2786 0 0 0 1 
Seq_Frame0072_ForcepToReference-SequenceTransformStatus = OK
Seq_Frame0072_Timestamp = 38.312
Seq_Frame0073_ForcepToReference-SequenceTransform =-0.0591976 -0.598119 -0.799218 77.4762 0.920671 -0.342155 0.187869 182.67 -0.385825 -0.724695 0.570926 83.2036 0 0 0 1 
Seq_Frame0073_ForcepToReference-SequenceTransformStatus = OK
Seq_Frame0073_Timestamp = 38.508
Seq_Frame0074_ForcepToReference-SequenceTransform =-0.0680555 -0.605817 -0.792688 77.3612 0.917542 -0.350004 0.188718 182.839 -0.391773 -0.714481 0.579682 84.236 0 0 0 1 
Seq_Frame0074_ForcepToReference-SequenceTransformStatus = OK
Seq_Frame0074_Timestamp = 38.633
Seq_Frame0075_ForcepToReference-SequenceTransform =-0.0749818 -0.624178 -0.777676 77.6242 0.907846 -0.365369 0.20572 181.24 -0.412545 -0.690585 0.594053 85.3734 0 0 0 1 
Seq_Frame0075_ForcepToReference-SequenceTransformStatus = OK
Seq_Frame0075_Timestamp = 38.757
Seq_Frame0076_ForcepToReference-SequenceTransform =-0.0636986 -0.634458 -0.770328 79.3594 0.887853 -0.388494 0.246554 176.721 -0.455696 -0.668233 0.588052 83.2915 0 0 0 1 
Seq_Frame0076_ForcepToReference-SequenceTransformStatus = OK
Seq_Frame0076_Timestamp = 38.876
Seq_Frame0077_ForcepToReference-SequenceTransform =-0.0540922 -0.632538 -0.772638 81.2167 0.881214 -0.394144 0.260982 173.706 -0.469612 -0.666743 0.578722 83.4704 0 0 0 1 
Seq_Frame0077_ForcepToReference-SequenceTransformStatus = OK
Seq_Frame0077_Timestamp = 38.984
Seq_Frame0078_ForcepToReference-SequenceTransform =-0.07596 0.561287 0.824128 82.0081 -0.465869 0.71078 -0.527028 172.736 -0.881587 -0.423969 0.207495 81.5479 0 0 0 1 
Seq_Frame0078_ForcepToReference-SequenceTransformStatus = OK
Seq_Frame0078_Timestamp = 39.541
Seq_Frame0079_ForcepToReference-SequenceTransform =-0.0733877 0.558796 0.826052 82.2435 -0.469336 0.711482 -0.522989 173.287 -0.879965 -0.426077 0.210049 81.4369 0 0 0 1 
Seq_Frame0079_ForcepToReference-SequenceTransformStatus = OK
Seq_Frame0079_Timestamp = 39.657
Seq_Frame0080_ForcepToReference-SequenceTransform =-0.0800919 0.567438 0.819512 81.392 -0.459621 0.708511 -0.5355 172.607 -0.884496 -0.419554 0.204061 81.2569 0 0 0 1 
Seq_Frame0080_ForcepToReference-SequenceTransformStatus = OK
Seq_Frame0080_Timestamp = 39.826
Seq_Frame0081_ForcepToReference-SequenceTransform =-0.109072 0.54809 0.829277 80.1655 -0.489415 0.696522 -0.52472 172.856 -0.865203 -0.463092 0.192273 82.2214 0 0 0 1 
Seq_Frame0081_ForcepToReference-SequenceTransformStatus = OK
Seq_Frame0081_Timestamp = 40.074
Seq_Frame0082_ForcepToReference-SequenceTransform =-0.101905 0.550012 0.828916 79.6829 -0.486048 0.699497 -0.523891 173.005 -0.86797 -0.45628 0.19605 81.5401 0 0 0 1 
Seq_Frame0082_ForcepToReference-SequenceTransformStatus = OK
Seq_Frame0082_Timestamp = 40.186
Seq_Frame0083_ForcepToReference-SequenceTransform =-0.0914356 0.5596 0.823703 79.8506 -0.477871 0.701045 -0.529316 173.064 -0.873659 -0.442022 0.203316 80.7319 0 0 0 1 
Seq_Frame0083_ForcepToReference-SequenceTransformStatus = OK
Seq_Frame0083_Timestamp = 40.29
Seq_Frame0084_ForcepToReference-SequenceTransform =-0.0121641 0.597965 0.80143 80.6547 -0.408967 0.728413 -0.549692 173.441 -0.912468 -0.334445 0.235687 76.1998 0 0 0 1 
Seq_Frame0084_ForcepToReference-SequenceTransformStatus = OK
Seq_Frame0084_Timestamp = 40.403
Seq_Frame0085_ForcepToReference-SequenceTransform =-0.114978 0.562119 0.819025 77.1624 -0.47648 0.692247 -0.541998 172.256 -0.871635 -0.452567 0.188245 79.7298 0 0 0 1 
Seq_Frame0085_ForcepToReference-SequenceTransformStatus = OK
Seq_Frame0085_Timestamp = 40.519
Seq_Frame0086_ForcepToReference-SequenceTransform =-0.166273 0.550141 0.818351 71.8218 -0.503451 0.666225 -0.550165 169.86 -0.847874 -0.503477 0.166193 79.727 0 0 0 1 
Seq_Frame0086_ForcepToReference-SequenceTransformStatus = OK
Seq_Frame0086_Timestamp = 40.626
Seq_Frame0087_ForcepToReference-SequenceTransform =-0.196764 0.563388 0.80242 70.6575 -0.549922 0.614146 -0.566047 166.1 -0.811708 -0.552647 0.188978 73.0958 0 0 0 1 
Seq_Frame0087_ForcepToReference-SequenceTransformStatus = OK
Seq_Frame0087_Timestamp = 40.734
Seq_Frame0088_ForcepToReference-SequenceTransform =-0.205736 0.575981 0.79115 70.3521 -0.536763 0.609565 -0.583366 164.928 -0.818265 -0.544679 0.183756 71.4451 0 0 0 1 
Seq_Frame0088_ForcepToReference-SequenceTransformStatus = OK
Seq_Frame0088_Timestamp = 40.843
Seq_Frame0089_ForcepToReference-SequenceTransform =-0.199238 0.584382 0.786639 70.8271 -0.510214 0.623488 -0.592405 166.663 -0.836651 -0.519384 0.173938 74.3548 0 0 0 1 
Seq_Frame0089_ForcepToReference-SequenceTransformStatus = OK
Seq_Frame0089_Timestamp = 40.948
Seq_Frame0090_ForcepToReference-SequenceTransform =-0.189707 0.584142 0.78917 71.0916 -0.485282 0.642942 -0.59256 167.549 -0.85353 -0.495382 0.161503 75.7585 0 0 0 1 
Seq_Frame0090_ForcepToReference-SequenceTransformStatus = OK
Seq_Frame0090_Timestamp = 41.074
Seq_Frame0091_ForcepToReference-SequenceTransform =-0.19443 0.582144 0.789497 71.282 -0.485755 0.642099 -0.593086 167.325 -0.852196 -0.498816 0.157937 76.2877 0 0 0 1 
Seq_Frame0091_ForcepToReference-SequenceTransformStatus = OK
Seq_Frame0091_Timestamp = 41.193
Seq_Frame0092_ForcepToReference-SequenceTransform =-0.185938 0.577149 0.79519 70.8692 -0.47574 0.655231 -0.586808 168.431 -0.859709 -0.487413 0.15274 77.2311 0 0 0 1 
Seq_Frame0092_ForcepToReference-SequenceTransformStatus = OK
Seq_Frame0092_Timestamp = 41.314
Seq_Frame0093_ForcepToReference-SequenceTransform =-0.188054 0.577269 0.794605 70.8831 -0.4771 0.65348 -0.587656 168.204 -0.858493 -0.489617 0.152525 77.4051 0 0 0 1 
Seq_Frame0093_ForcepToReference-SequenceTransformStatus = OK
Seq_Frame0093_Timestamp = 41.415
Seq_Frame0094_ForcepToReference-SequenceTransform =-0.188084 0.577718 0.794271 71.2052 -0.47818 0.652518 -0.587847 168.078 -0.857886 -0.490369 0.153525 77.8555 0 0 0 1 
Seq_Frame0094_ForcepToReference-SequenceTransformStatus = OK
Seq_Frame0094_Timestamp = 41.521
Seq_Frame0095_ForcepToReference-SequenceTransform =-0.201882 0.576587 0.791702 71.7378 -0.484975 0.643437 -0.592274 167.383 -0.850907 -0.503525 0.149731 78.3002 0 0 0 1 
Seq_Frame0095_ForcepToReference-SequenceTransformStatus = OK
Seq_Frame0095_Timestamp = 41.641
Seq_Frame0096_ForcepToReference-SequenceTransform =-0.190379 0.583843 0.78923 72.4466 -0.473113 0.649851 -0.59486 167.967 -0.860186 -0.486643 0.152506 78.491 0 0 0 1 
Seq_Frame0096_ForcepToReference-SequenceTransformStatus = OK
Seq_Frame0096_Timestamp = 41.764
Seq_Frame0097_ForcepToReference-SequenceTransform =-0.17403 0.589384 0.788885 73.4998 -0.461484 0.658881 -0.594061 168.307 -0.869912 -0.467442 0.157326 78.8614 0 0 0 1 
Seq_Frame0097_ForcepToReference-SequenceTransformStatus = OK
Seq_Frame0097_Timestamp = 41.886
Seq_Frame0098_ForcepToReference-SequenceTransform =-0.167443 0.576572 0.799705 73.0635 -0.457781 0.672938 -0.581026 169.402 -0.873155 -0.463378 0.151265 79.748 0 0 0 1 
Seq_Frame0098_ForcepToReference-SequenceTransformStatus = OK
Seq_Frame0098_Timestamp = 42.01
Seq_Frame0099_ForcepToReference-SequenceTransform =-0.171854 0.567443 0.805279 72.6736 -0.453736 0.679978 -0.575981 169.334 -0.874408 -0.464369 0.140613 80.7653 0 0 0 1 
Seq_Frame0099_ForcepToReference-SequenceTransformStatus = OK
Seq_Frame0099_Timestamp = 42.132
Seq_Frame0100_ForcepToReference-SequenceTransform =-0.198393 0.571956 0.795932 73.3872 -0.452016 0.667164 -0.592092 166.354 -0.869668 -0.477241 0.126173 80.1831 0 0 0 1 
Seq_Frame0100_ForcepToReference-SequenceTransformStatus = OK
Seq_Frame0100_Timestamp = 42.367
Seq_Frame0101_ForcepToReference-SequenceTransform =-0.207991 0.526111 0.824589 71.8573 -0.49349 0.671424 -0.552864 168.433 -0.844516 -0.521917 0.11998 76.8394 0 0 0 1 
Seq_Frame0101_ForcepToReference-SequenceTransformStatus = OK
Seq_Frame0101_Timestamp = 42.51
Seq_Frame0102_ForcepToReference-SequenceTransform =-0.135237 0.552974 0.82215 72.0831 -0.461586 0.699067 -0.546116 170.451 -0.876726 -0.453348 0.160705 76.7943 0 0 0 1 
Seq_Frame0102_ForcepToReference-SequenceTransformStatus = OK
Seq_Frame0102_Timestamp = 42.624
Seq_Frame0103_ForcepToReference-SequenceTransform =-0.135147 0.538241 0.831884 71.9474 -0.450753 0.714278 -0.535377 172.27 -0.882359 -0.447329 0.146081 74.7584 0 0 0 1 
Seq_Frame0103_ForcepToReference-SequenceTransformStatus = OK
Seq_Frame0103_Timestamp = 42.734
Seq_Frame0104_ForcepToReference-SequenceTransform =-0.101426 0.545417 0.832005 76.3565 -0.473683 0.708957 -0.522498 167.223 -0.874835 -0.447102 0.186448 77.1989 0 0 0 1 
Seq_Frame0104_ForcepToReference-SequenceTransformStatus = OK
Seq_Frame0104_Timestamp = 42.859
Seq_Frame0105_ForcepToReference-SequenceTransform =-0.11592 0.617044 0.778344 83.235 -0.556437 0.608773 -0.565485 154.656 -0.822764 -0.49865 0.272777 71.7167 0 0 0 1 
Seq_Frame0105_ForcepToReference-SequenceTransformStatus = OK
Seq_Frame0105_Timestamp = 42.965
Seq_Frame0106_ForcepToReference-SequenceTransform =-0.080227 0.614353 0.784942 84.8496 -0.561016 0.623079 -0.545008 154.083 -0.823908 -0.484089 0.294674 70.3993 0 0 0 1 
Seq_Frame0106_ForcepToReference-SequenceTransformStatus = OK
Seq_Frame0106_Timestamp = 43.071
Seq_Frame0107_ForcepToReference-SequenceTransform =-0.0755329 0.616742 0.783533 85.9506 -0.564875 0.621068 -0.543315 153.173 -0.821712 -0.483636 0.301471 71.2975 0 0 0 1 
Seq_Frame0107_ForcepToReference-SequenceTransformStatus = OK
Seq_Frame0107_Timestamp = 43.193
Seq_Frame0108_ForcepToReference-SequenceTransform =-0.0892182 0.63865 0.764308 87.6928 -0.585859 0.58693 -0.558822 149.828 -0.805487 -0.497634 0.321794 69.5456 0 0 0 1 
Seq_Frame0108_ForcepToReference-SequenceTransformStatus = OK
Seq_Frame0108_Timestamp = 43.307
Seq_Frame0109_ForcepToReference-SequenceTransform =-0.103309 0.644722 0.757404 87.9328 -0.588917 0.574009 -0.568939 149.093 -0.801564 -0.504824 0.320388 69.7648 0 0 0 1 
Seq_Frame0109_ForcepToReference-SequenceTransformStatus = OK
Seq_Frame0109_Timestamp = 43.414
Seq_Frame0110_ForcepToReference-SequenceTransform =-0.110515 0.651515 0.750543 87.7829 -0.590125 0.564624 -0.57702 148.821 -0.799712 -0.506683 0.322076 69.6222 0 0 0 1 
Seq_Frame0110_ForcepToReference-SequenceTransformStatus = OK
Seq_Frame0110_Timestamp = 43.524
Seq_Frame0111_ForcepToReference-SequenceTransform =-0.113556 0.653107 0.748703 87.9716 -0.588847 0.562718 -0.580179 148.963 -0.800228 -0.506755 0.32068 69.915 0 0 0 1 
Seq_Frame0111_ForcepToReference-SequenceTransformStatus = OK
Seq_Frame0111_Timestamp = 43.634
Seq_Frame0112_ForcepToReference-SequenceTransform =-0.120436 0.653868 0.746962 87.7674 -0.587388 0.55965 -0.584608 149.219 -0.800294 -0.509165 0.316672 70.0024 0 0 0 1 
Seq_Frame0112_ForcepToReference-SequenceTransformStatus = OK
Seq_Frame0112_Timestamp = 43.762
Seq_Frame0113_ForcepToReference-SequenceTransform =-0.123731 0.654127 0.746196 87.7983 -0.588061 0.55737 -0.586109 149.575 -0.799297 -0.511328 0.315703 70.1196 0 0 0 1 
Seq_Frame0113_ForcepToReference-SequenceTransformStatus = OK
Seq_Frame0113_Timestamp = 43.885
Seq_Frame0114_ForcepToReference-SequenceTransform =-0.125425 0.658513 0.742044 87.8984 -0.58694 0.553762 -0.590634 149.377 -0.799856 -0.509616 0.317052 70.3593 0 0 0 1 
Seq_Frame0114_ForcepToReference-SequenceTransformStatus = OK
Seq_Frame0114_Timestamp = 44.01
Seq_Frame0115_ForcepToReference-SequenceTransform =-0.128978 0.661502 0.738769 87.9365 -0.5884 0.548622 -0.593969 149.051 -0.798217 -0.5113 0.318467 70.3808 0 0 0 1 
Seq_Frame0115_ForcepToReference-SequenceTransformStatus = OK
Seq_Frame0115_Timestamp = 44.136
Seq_Frame0116_ForcepToReference-SequenceTransform =-0.132687 0.667831 0.73239 88.368 -0.590135 0.540443 -0.599718 148.107 -0.796326 -0.511784 0.322401 70.4755 0 0 0 1 
Seq_Frame0116_ForcepToReference-SequenceTransformStatus = OK
Seq_Frame0116_Timestamp = 44.266
Seq_Frame0117_ForcepToReference-SequenceTransform =-0.134096 0.668332 0.731677 88.3723 -0.590499 0.539055 -0.600608 148.039 -0.79582 -0.512594 0.322365 70.4293 0 0 0 1 
Seq_Frame0117_ForcepToReference-SequenceTransformStatus = OK
Seq_Frame0117_Timestamp = 44.378
Seq_Frame0118_ForcepToReference-SequenceTransform =-0.139912 0.669074 0.729907 88.3313 -0.592035 0.534348 -0.603297 148.034 -0.793674 -0.516539 0.321354 70.3685 0 0 0 1 
Seq_Frame0118_ForcepToReference-SequenceTransformStatus = OK
Seq_Frame0118_Timestamp = 44.506
Seq_Frame0119_ForcepToReference-SequenceTransform =-0.141978 0.669131 0.729456 88.0949 -0.591164 0.533754 -0.604674 148.243 -0.793956 -0.517079 0.319785 70.476 0 0 0 1 
Seq_Frame0119_ForcepToReference-SequenceTransformStatus = OK
Seq_Frame0119_Timestamp = 44.631
Seq_Frame0120_ForcepToReference-SequenceTransform =-0.141138 0.669379 0.729392 87.985 -0.589798 0.534889 -0.605006 148.514 -0.795121 -0.515583 0.319305 70.4194 0 0 0 1 
Seq_Frame0120_ForcepToReference-SequenceTransformStatus = OK
Seq_Frame0120_Timestamp = 44.734
Seq_Frame0121_ForcepToReference-SequenceTransform =-0.143755 0.668142 0.730014 87.8795 -0.589793 0.534507 -0.605348 148.692 -0.794656 -0.517579 0.317228 70.5581 0 0 0 1 
Seq_Frame0121_ForcepToReference-SequenceTransformStatus = OK
Seq_Frame0121_Timestamp = 44.835
Seq_Frame0122_ForcepToReference-SequenceTransform =-0.144886 0.670649 0.727488 87.9489 -0.591074 0.530973 -0.607206 148.563 -0.793498 -0.517975 0.319472 70.2285 0 0 0 1 
Seq_Frame0122_ForcepToReference-SequenceTransformStatus = OK
Seq_Frame0122_Timestamp = 44.937
Seq_Frame0123_ForcepToReference-SequenceTransform =-0.152133 0.668543 0.727946 87.8405 -0.593247 0.527319 -0.60827 148.406 -0.790514 -0.52439 0.316389 70.2488 0 0 0 1 
Seq_Frame0123_ForcepToReference-SequenceTransformStatus = OK
Seq_Frame0123_Timestamp = 45.061
Seq_Frame0124_ForcepToReference-SequenceTransform =-0.150529 0.670706 0.726288 87.9091 -0.59304 0.526534 -0.609151 148.249 -0.790977 -0.522413 0.318497 70.098 0 0 0 1 
Seq_Frame0124_ForcepToReference-SequenceTransformStatus = OK
Seq_Frame0124_Timestamp = 45.184
Seq_Frame0125_ForcepToReference-SequenceTransform =-0.153604 0.669945 0.726346 87.9011 -0.593584 0.525103 -0.609856 148.223 -0.789977 -0.524824 0.317011 70.3243 0 0 0 1 
Seq_Frame0125_ForcepToReference-SequenceTransformStatus = OK
Seq_Frame0125_Timestamp = 45.309
Seq_Frame0126_ForcepToReference-SequenceTransform =-0.155312 0.669533 0.726363 87.8844 -0.592443 0.525254 -0.610835 148.352 -0.790499 -0.525199 0.315082 70.4325 0 0 0 1 
Seq_Frame0126_ForcepToReference-SequenceTransformStatus = OK
Seq_Frame0126_Timestamp = 45.422
Seq_Frame0127_ForcepToReference-SequenceTransform =-0.155177 0.66799 0.727811 87.7706 -0.590785 0.527725 -0.610311 148.527 -0.791766 -0.524686 0.312748 70.7249 0 0 0 1 
Seq_Frame0127_ForcepToReference-SequenceTransformStatus = OK
Seq_Frame0127_Timestamp = 45.534
Seq_Frame0128_ForcepToReference-SequenceTransform =-0.155107 0.667134 0.728611 87.6817 -0.590637 0.528579 -0.609715 148.69 -0.79189 -0.524916 0.312047 70.7803 0 0 0 1 
Seq_Frame0128_ForcepToReference-SequenceTransformStatus = OK
Seq_Frame0128_Timestamp = 45.638
Seq_Frame0129_ForcepToReference-SequenceTransform =-0.159461 0.6635 0.730986 87.4678 -0.591312 0.528741 -0.608919 148.786 -0.79052 -0.52934 0.308022 70.901 0 0 0 1 
Seq_Frame0129_ForcepToReference-SequenceTransformStatus = OK
Seq_Frame0129_Timestamp = 45.739
Seq_Frame0130_ForcepToReference-SequenceTransform =-0.160962 0.663944 0.730253 87.4958 -0.59211 0.526996 -0.609656 148.584 -0.789618 -0.530521 0.308302 70.9285 0 0 0 1 
Seq_Frame0130_ForcepToReference-SequenceTransformStatus = OK
Seq_Frame0130_Timestamp = 45.86
Seq_Frame0131_ForcepToReference-SequenceTransform =-0.158972 0.666795 0.728088 87.5802 -0.59177 0.525954 -0.610886 148.574 -0.790276 -0.527974 0.310977 70.6315 0 0 0 1 
Seq_Frame0131_ForcepToReference-SequenceTransformStatus = OK
Seq_Frame0131_Timestamp = 45.969
Seq_Frame0132_ForcepToReference-SequenceTransform =-0.163072 0.664053 0.729686 87.5013 -0.593165 0.525007 -0.610346 148.539 -0.788392 -0.532355 0.308279 70.7888 0 0 0 1 
Seq_Frame0132_ForcepToReference-SequenceTransformStatus = OK
Seq_Frame0132_Timestamp = 46.095
Seq_Frame0133_ForcepToReference-SequenceTransform =-0.161685 0.663648 0.730363 87.3801 -0.591157 0.527479 -0.610164 148.669 -0.790184 -0.530413 0.307035 70.9986 0 0 0 1 
Seq_Frame0133_ForcepToReference-SequenceTransformStatus = OK
Seq_Frame0133_Timestamp = 46.222
Seq_Frame0134_ForcepToReference-SequenceTransform =-0.16251 0.663124 0.730655 87.32 -0.591602 0.527154 -0.610014 148.688 -0.789682 -0.53139 0.306637 70.9095 0 0 0 1 
Seq_Frame0134_ForcepToReference-SequenceTransformStatus = OK
Seq_Frame0134_Timestamp = 46.342
Seq_Frame0135_ForcepToReference-SequenceTransform =-0.162602 0.663978 0.729859 87.2655 -0.590366 0.527218 -0.611153 148.733 -0.790587 -0.530259 0.306263 71.0473 0 0 0 1 
Seq_Frame0135_ForcepToReference-SequenceTransformStatus = OK
Seq_Frame0135_Timestamp = 46.448
Seq_Frame0136_ForcepToReference-SequenceTransform =-0.165827 0.66273 0.730267 87.2976 -0.592151 0.525241 -0.611129 148.592 -0.78858 -0.533771 0.305337 71.0848 0 0 0 1 
Seq_Frame0136_ForcepToReference-SequenceTransformStatus = OK
Seq_Frame0136_Timestamp = 46.556
Seq_Frame0137_ForcepToReference-SequenceTransform =-0.166194 0.666554 0.726695 87.2728 -0.59576 0.519371 -0.612637 148.35 -0.78578 -0.534752 0.31079 70.4785 0 0 0 1 
Seq_Frame0137_ForcepToReference-SequenceTransformStatus = OK
Seq_Frame0137_Timestamp = 46.687
Seq_Frame0138_ForcepToReference-SequenceTransform =-0.127873 0.642739 0.755338 85.8649 -0.583951 0.566794 -0.58116 152.148 -0.801655 -0.515394 0.302851 69.1969 0 0 0 1 
Seq_Frame0138_ForcepToReference-SequenceTransformStatus = OK
Seq_Frame0138_Timestamp = 46.805
Seq_Frame0139_ForcepToReference-SequenceTransform =-0.153593 0.597103 0.787323 81.2753 -0.580829 0.59004 -0.560794 161.548 -0.799404 -0.543434 0.256188 60.7621 0 0 0 1 
Seq_Frame0139_ForcepToReference-SequenceTransformStatus = OK
Seq_Frame0139_Timestamp = 46.93
Seq_Frame0140_ForcepToReference-SequenceTransform =-0.153927 0.598248 0.786388 81.3885 -0.566584 0.598588 -0.566282 160.042 -0.809499 -0.532721 0.246818 61.5128 0 0 0 1 
Seq_Frame0140_ForcepToReference-SequenceTransformStatus = OK
Seq_Frame0140_Timestamp = 47.051
Seq_Frame0141_ForcepToReference-SequenceTransform =-0.126023 0.600769 0.789427 82.1099 -0.513527 0.641347 -0.570056 163.027 -0.848769 -0.477232 0.227687 71.5689 0 0 0 1 
Seq_Frame0141_ForcepToReference-SequenceTransformStatus = OK
Seq_Frame0141_Timestamp = 47.177
Seq_Frame0142_ForcepToReference-SequenceTransform =-0.14901 0.615783 0.773697 82.3072 -0.494414 0.631211 -0.597601 164.635 -0.856359 -0.471576 0.210395 74.4853 0 0 0 1 
Seq_Frame0142_ForcepToReference-SequenceTransformStatus = OK
Seq_Frame0142_Timestamp = 47.284
Seq_Frame0143_ForcepToReference-SequenceTransform =-0.165869 0.623706 0.763858 82.5469 -0.502088 0.613262 -0.609768 162.85 -0.848761 -0.484665 0.211434 74.0271 0 0 0 1 
Seq_Frame0143_ForcepToReference-SequenceTransformStatus = OK
Seq_Frame0143_Timestamp = 47.403
Seq_Frame0144_ForcepToReference-SequenceTransform =-0.171114 0.620822 0.765049 82.4115 -0.503121 0.612567 -0.609615 162.945 -0.847106 -0.489226 0.20753 74.5465 0 0 0 1 
Seq_Frame0144_ForcepToReference-SequenceTransformStatus = OK
Seq_Frame0144_Timestamp = 47.522
Seq_Frame0145_ForcepToReference-SequenceTransform =-0.168929 0.618531 0.767387 82.1283 -0.502679 0.615641 -0.606878 163.103 -0.847807 -0.488268 0.206923 74.8174 0 0 0 1 
Seq_Frame0145_ForcepToReference-SequenceTransformStatus = OK
Seq_Frame0145_Timestamp = 47.632
Seq_Frame0146_ForcepToReference-SequenceTransform =-0.167604 0.620242 0.766295 82.153 -0.502939 0.614739 -0.607576 162.818 -0.847916 -0.487232 0.208911 74.3673 0 0 0 1 
Seq_Frame0146_ForcepToReference-SequenceTransformStatus = OK
Seq_Frame0146_Timestamp = 47.744
Seq_Frame0147_ForcepToReference-SequenceTransform =-0.166077 0.61721 0.769071 82.0073 -0.501607 0.61859 -0.604762 163.005 -0.849005 -0.486209 0.206863 74.8533 0 0 0 1 
Seq_Frame0147_ForcepToReference-SequenceTransformStatus = OK
Seq_Frame0147_Timestamp = 47.871
Seq_Frame0148_ForcepToReference-SequenceTransform =-0.166306 0.616572 0.769533 81.9338 -0.502243 0.618623 -0.6042 162.95 -0.848584 -0.486975 0.206788 74.7703 0 0 0 1 
Seq_Frame0148_ForcepToReference-SequenceTransformStatus = OK
Seq_Frame0148_Timestamp = 47.994
Seq_Frame0149_ForcepToReference-SequenceTransform =-0.150985 0.588944 0.793945 79.3627 -0.490891 0.652458 -0.577343 166.656 -0.858038 -0.47691 0.190596 73.8481 0 0 0 1 
Seq_Frame0149_ForcepToReference-SequenceTransformStatus = OK
Seq_Frame0149_Timestamp = 48.118
Seq_Frame0150_ForcepToReference-SequenceTransform =-0.204697 0.612114 0.763817 68.905 -0.4847 0.614562 -0.622398 178.861 -0.850391 -0.497625 0.170892 56.4002 0 0 0 1 
Seq_Frame0150_ForcepToReference-SequenceTransformStatus = OK
