ObjectType = Image
NDims = 3
AnatomicalOrientation = RAI
BinaryData = True
CompressedData = False
DimSize = 0 0 2868
ElementSpacing = 1 1 1
Offset = 0 0 0
TransformMatrix = 1 0 0 0 1 0 0 0 1
ElementType = MET_UCHAR
Kinds = domain domain list
Seq_Frame0000_DriverToReference-SequenceTransform =-0.753012 -0.650037 0.102098 50.0341 -0.269301 0.446024 0.853545 58.8489 -0.600375 0.615235 -0.510917 91.5844 0 0 0 1 
Seq_Frame0000_DriverToReference-SequenceTransformStatus = OK
Seq_Frame0000_Timestamp = 0.00699997
Seq_Frame0001_DriverToReference-SequenceTransform =-0.751371 -0.651719 0.103457 49.979 -0.268317 0.444976 0.854402 58.8819 -0.602866 0.614214 -0.509209 91.4344 0 0 0 1 
Seq_Frame0001_DriverToReference-SequenceTransformStatus = OK
Seq_Frame0001_Timestamp = 0.115
Seq_Frame0002_DriverToReference-SequenceTransform =-0.753854 -0.649285 0.100659 50.0158 -0.268356 0.444103 0.854844 58.7286 -0.599741 0.617415 -0.509029 91.6866 0 0 0 1 
Seq_Frame0002_DriverToReference-SequenceTransformStatus = OK
Seq_Frame0002_Timestamp = 0.22
Seq_Frame0003_DriverToReference-SequenceTransform =-0.754572 -0.648518 0.100224 50.0117 -0.268646 0.444632 0.854477 58.8577 -0.598707 0.61784 -0.509729 91.6292 0 0 0 1 
Seq_Frame0003_DriverToReference-SequenceTransformStatus = OK
Seq_Frame0003_Timestamp = 0.331
Seq_Frame0004_DriverToReference-SequenceTransform =-0.753571 -0.649488 0.101471 50.0114 -0.268843 0.445355 0.854039 58.8372 -0.599878 0.6163 -0.510217 91.4808 0 0 0 1 
Seq_Frame0004_DriverToReference-SequenceTransformStatus = OK
Seq_Frame0004_Timestamp = 0.435
Seq_Frame0005_DriverToReference-SequenceTransform =-0.750076 -0.653061 0.104396 49.9572 -0.266862 0.443299 0.855728 58.9041 -0.605121 0.614002 -0.506785 91.3429 0 0 0 1 
Seq_Frame0005_DriverToReference-SequenceTransformStatus = OK
Seq_Frame0005_Timestamp = 0.542
Seq_Frame0006_DriverToReference-SequenceTransform =-0.756795 -0.646471 0.0966213 50.0477 -0.271101 0.444936 0.853543 58.8206 -0.594782 0.619763 -0.511984 91.7592 0 0 0 1 
Seq_Frame0006_DriverToReference-SequenceTransformStatus = OK
Seq_Frame0006_Timestamp = 0.65
Seq_Frame0007_DriverToReference-SequenceTransform =-0.754806 -0.648462 0.098815 50.0493 -0.270971 0.445441 0.853321 58.7986 -0.597363 0.617316 -0.511936 91.7079 0 0 0 1 
Seq_Frame0007_DriverToReference-SequenceTransformStatus = OK
Seq_Frame0007_Timestamp = 0.754
Seq_Frame0008_DriverToReference-SequenceTransform =-0.749628 -0.653199 0.106719 49.9518 -0.265459 0.44443 0.855578 58.8988 -0.606292 0.613036 -0.506555 91.3068 0 0 0 1 
Seq_Frame0008_DriverToReference-SequenceTransformStatus = OK
Seq_Frame0008_Timestamp = 0.86
Seq_Frame0009_DriverToReference-SequenceTransform =-0.757276 -0.645997 0.0960257 50.0722 -0.272276 0.445923 0.852654 58.8205 -0.593632 0.619549 -0.513576 91.7184 0 0 0 1 
Seq_Frame0009_DriverToReference-SequenceTransformStatus = OK
Seq_Frame0009_Timestamp = 0.964
Seq_Frame0010_DriverToReference-SequenceTransform =-0.750599 -0.652275 0.105543 49.9875 -0.266959 0.445476 0.854567 58.8795 -0.604429 0.613261 -0.508504 91.326 0 0 0 1 
Seq_Frame0010_DriverToReference-SequenceTransformStatus = OK
Seq_Frame0010_Timestamp = 1.07
Seq_Frame0011_DriverToReference-SequenceTransform =-0.751857 -0.65129 0.102627 49.9826 -0.26759 0.443683 0.855302 58.9433 -0.602584 0.615603 -0.507864 91.3828 0 0 0 1 
Seq_Frame0011_DriverToReference-SequenceTransformStatus = OK
Seq_Frame0011_Timestamp = 1.175
Seq_Frame0012_DriverToReference-SequenceTransform =-0.755328 -0.647722 0.0996844 50.0852 -0.269844 0.446008 0.853382 58.8662 -0.597214 0.617684 -0.511666 91.7029 0 0 0 1 
Seq_Frame0012_DriverToReference-SequenceTransformStatus = OK
Seq_Frame0012_Timestamp = 1.28
Seq_Frame0013_DriverToReference-SequenceTransform =-0.758356 -0.64491 0.0948078 50.0475 -0.276371 0.449839 0.849273 59.1164 -0.590352 0.617849 -0.519372 91.3976 0 0 0 1 
Seq_Frame0013_DriverToReference-SequenceTransformStatus = OK
Seq_Frame0013_Timestamp = 1.397
Seq_Frame0014_DriverToReference-SequenceTransform =-0.754475 -0.648925 0.0983086 50.0276 -0.271474 0.444921 0.853433 59.0451 -0.597553 0.617205 -0.511848 91.4448 0 0 0 1 
Seq_Frame0014_DriverToReference-SequenceTransformStatus = OK
Seq_Frame0014_Timestamp = 1.506
Seq_Frame0015_DriverToReference-SequenceTransform =-0.76712 -0.635703 0.0860745 50.3555 -0.276859 0.449116 0.849496 58.7988 -0.578685 0.627835 -0.520526 92.3178 0 0 0 1 
Seq_Frame0015_DriverToReference-SequenceTransformStatus = OK
Seq_Frame0015_Timestamp = 1.614
Seq_Frame0016_DriverToReference-SequenceTransform =-0.76278 -0.640547 0.0886896 50.3109 -0.273795 0.44416 0.853087 58.6964 -0.585835 0.626435 -0.514176 92.161 0 0 0 1 
Seq_Frame0016_DriverToReference-SequenceTransformStatus = OK
Seq_Frame0016_Timestamp = 1.72
Seq_Frame0017_DriverToReference-SequenceTransform =-0.741295 -0.660297 0.12037 49.9286 -0.254468 0.442447 0.859934 58.615 -0.62107 0.606835 -0.496008 91.1679 0 0 0 1 
Seq_Frame0017_DriverToReference-SequenceTransformStatus = OK
Seq_Frame0017_Timestamp = 1.825
Seq_Frame0018_DriverToReference-SequenceTransform =-0.741295 -0.660297 0.12037 49.9286 -0.254468 0.442447 0.859934 58.615 -0.62107 0.606835 -0.496008 91.1679 0 0 0 1 
Seq_Frame0018_DriverToReference-SequenceTransformStatus = OK
Seq_Frame0018_Timestamp = 1.93
Seq_Frame0019_DriverToReference-SequenceTransform =-0.741295 -0.660297 0.12037 49.9286 -0.254468 0.442447 0.859934 58.615 -0.62107 0.606835 -0.496008 91.1679 0 0 0 1 
Seq_Frame0019_DriverToReference-SequenceTransformStatus = OK
Seq_Frame0019_Timestamp = 2.035
Seq_Frame0020_DriverToReference-SequenceTransform =-0.741295 -0.660297 0.12037 49.9286 -0.254468 0.442447 0.859934 58.615 -0.62107 0.606835 -0.496008 91.1679 0 0 0 1 
Seq_Frame0020_DriverToReference-SequenceTransformStatus = OK
Seq_Frame0020_Timestamp = 2.14
Seq_Frame0021_DriverToReference-SequenceTransform =-0.741295 -0.660297 0.12037 49.9286 -0.254468 0.442447 0.859934 58.615 -0.62107 0.606835 -0.496008 91.1679 0 0 0 1 
Seq_Frame0021_DriverToReference-SequenceTransformStatus = OK
Seq_Frame0021_Timestamp = 2.244
Seq_Frame0022_DriverToReference-SequenceTransform =-0.741295 -0.660297 0.12037 49.9286 -0.254468 0.442447 0.859934 58.615 -0.62107 0.606835 -0.496008 91.1679 0 0 0 1 
Seq_Frame0022_DriverToReference-SequenceTransformStatus = OK
Seq_Frame0022_Timestamp = 2.35
Seq_Frame0023_DriverToReference-SequenceTransform =-0.741295 -0.660297 0.12037 49.9286 -0.254468 0.442447 0.859934 58.615 -0.62107 0.606835 -0.496008 91.1679 0 0 0 1 
Seq_Frame0023_DriverToReference-SequenceTransformStatus = OK
Seq_Frame0023_Timestamp = 2.456
Seq_Frame0024_DriverToReference-SequenceTransform =0.715549 0.658488 0.233202 35.8024 -0.359648 0.633449 -0.685124 110.577 -0.598868 0.406369 0.690088 77.9528 0 0 0 1 
Seq_Frame0024_DriverToReference-SequenceTransformStatus = OK
Seq_Frame0024_Timestamp = 2.565
Seq_Frame0025_DriverToReference-SequenceTransform =0.706918 0.563738 0.427162 30.8771 -0.407152 0.818178 -0.405969 150.998 -0.578355 0.113067 0.807912 64.3995 0 0 0 1 
Seq_Frame0025_DriverToReference-SequenceTransformStatus = OK
Seq_Frame0025_Timestamp = 2.669
Seq_Frame0026_DriverToReference-SequenceTransform =0.731262 0.468718 0.495539 28.1231 -0.341737 0.880498 -0.328542 179.605 -0.590315 0.070906 0.804053 63.2166 0 0 0 1 
Seq_Frame0026_DriverToReference-SequenceTransformStatus = OK
Seq_Frame0026_Timestamp = 2.775
Seq_Frame0027_DriverToReference-SequenceTransform =0.715292 0.418314 0.559795 27.071 -0.306274 0.907674 -0.286921 192.018 -0.628135 0.0337815 0.777371 65.7695 0 0 0 1 
Seq_Frame0027_DriverToReference-SequenceTransformStatus = OK
Seq_Frame0027_Timestamp = 2.88
Seq_Frame0028_DriverToReference-SequenceTransform =0.698553 0.411023 0.585734 27.5976 -0.301156 0.911417 -0.280399 196.787 -0.649098 0.0194763 0.760455 71.5394 0 0 0 1 
Seq_Frame0028_DriverToReference-SequenceTransformStatus = OK
Seq_Frame0028_Timestamp = 2.99
Seq_Frame0029_DriverToReference-SequenceTransform =0.658351 0.4128 0.62942 27.1721 -0.310142 0.910689 -0.27287 201.032 -0.685847 -0.0155651 0.72758 75.5736 0 0 0 1 
Seq_Frame0029_DriverToReference-SequenceTransformStatus = OK
Seq_Frame0029_Timestamp = 3.095
Seq_Frame0030_DriverToReference-SequenceTransform =0.660419 0.425107 0.618975 26.4773 -0.294206 0.904899 -0.307573 203.712 -0.690861 0.0210206 0.722682 76.4688 0 0 0 1 
Seq_Frame0030_DriverToReference-SequenceTransformStatus = OK
Seq_Frame0030_Timestamp = 3.199
Seq_Frame0031_DriverToReference-SequenceTransform =0.671398 0.41801 0.611957 25.0427 -0.320377 0.90831 -0.268944 207.029 -0.668269 -0.0154887 0.743759 78.4724 0 0 0 1 
Seq_Frame0031_DriverToReference-SequenceTransformStatus = OK
Seq_Frame0031_Timestamp = 3.305
Seq_Frame0032_DriverToReference-SequenceTransform =0.68194 0.401277 0.611502 22.8204 -0.3194 0.915512 -0.244583 209.757 -0.657983 -0.0285232 0.752492 79.9942 0 0 0 1 
Seq_Frame0032_DriverToReference-SequenceTransformStatus = OK
Seq_Frame0032_Timestamp = 3.406
Seq_Frame0033_DriverToReference-SequenceTransform =0.733672 0.41056 0.541448 21.8903 -0.287817 0.909582 -0.299705 212.963 -0.615538 0.0640471 0.785501 83.4099 0 0 0 1 
Seq_Frame0033_DriverToReference-SequenceTransformStatus = OK
Seq_Frame0033_Timestamp = 3.506
Seq_Frame0034_DriverToReference-SequenceTransform =0.788323 0.400356 0.467185 23.1466 -0.240573 0.89945 -0.364848 218.634 -0.566279 0.175226 0.805372 90.8001 0 0 0 1 
Seq_Frame0034_DriverToReference-SequenceTransformStatus = OK
Seq_Frame0034_Timestamp = 3.607
Seq_Frame0035_DriverToReference-SequenceTransform =0.743865 0.56151 0.362451 32.3547 -0.405593 0.810318 -0.42294 212.801 -0.531186 0.167603 0.830512 102.593 0 0 0 1 
Seq_Frame0035_DriverToReference-SequenceTransformStatus = OK
Seq_Frame0035_Timestamp = 3.707
Seq_Frame0036_DriverToReference-SequenceTransform =0.656853 0.680428 0.324903 33.9563 -0.530664 0.723279 -0.441886 206.886 -0.535667 0.11784 0.836166 120.64 0 0 0 1 
Seq_Frame0036_DriverToReference-SequenceTransformStatus = OK
Seq_Frame0036_Timestamp = 3.82
Seq_Frame0037_DriverToReference-SequenceTransform =0.485995 0.758076 0.43489 -0.104367 -0.626545 0.649132 -0.431358 219.564 -0.609303 -0.0628405 0.790443 166.328 0 0 0 1 
Seq_Frame0037_DriverToReference-SequenceTransformStatus = OK
Seq_Frame0037_Timestamp = 4.674
Seq_Frame0038_DriverToReference-SequenceTransform =0.483145 0.761779 0.431583 -5.13761 -0.567302 0.647837 -0.508405 231.418 -0.666888 0.000795396 0.745158 170.229 0 0 0 1 
Seq_Frame0038_DriverToReference-SequenceTransformStatus = OK
Seq_Frame0038_Timestamp = 4.78
Seq_Frame0039_DriverToReference-SequenceTransform =-0.342636 -0.932672 -0.112801 39.1322 -0.848858 0.255902 0.462553 330.311 -0.402544 0.254239 -0.879387 301.378 0 0 0 1 
Seq_Frame0039_DriverToReference-SequenceTransformStatus = OK
Seq_Frame0039_Timestamp = 5.154
Seq_Frame0040_DriverToReference-SequenceTransform =-0.330334 -0.922271 -0.200738 37.5746 -0.845656 0.194731 0.496936 337.834 -0.41922 0.33391 -0.844251 313.175 0 0 0 1 
Seq_Frame0040_DriverToReference-SequenceTransformStatus = OK
Seq_Frame0040_Timestamp = 5.259
Seq_Frame0041_DriverToReference-SequenceTransform =-0.335036 -0.919903 -0.203787 42.8051 -0.834013 0.188914 0.518396 343.689 -0.438376 0.343642 -0.830504 325.23 0 0 0 1 
Seq_Frame0041_DriverToReference-SequenceTransformStatus = OK
Seq_Frame0041_Timestamp = 5.365
Seq_Frame0042_DriverToReference-SequenceTransform =-0.36808 -0.91484 -0.16609 49.7695 -0.810218 0.227951 0.539987 339.484 -0.456141 0.333327 -0.825123 332.135 0 0 0 1 
Seq_Frame0042_DriverToReference-SequenceTransformStatus = OK
Seq_Frame0042_Timestamp = 5.469
Seq_Frame0043_DriverToReference-SequenceTransform =-0.379544 -0.91328 -0.147868 52.4793 -0.790204 0.236883 0.565212 336.951 -0.481169 0.331369 -0.811585 334.014 0 0 0 1 
Seq_Frame0043_DriverToReference-SequenceTransformStatus = OK
Seq_Frame0043_Timestamp = 5.575
Seq_Frame0044_DriverToReference-SequenceTransform =-0.381174 -0.91538 -0.12956 55.5318 -0.780773 0.243692 0.575333 335.606 -0.495076 0.320459 -0.807593 337.152 0 0 0 1 
Seq_Frame0044_DriverToReference-SequenceTransformStatus = OK
Seq_Frame0044_Timestamp = 5.686
Seq_Frame0045_DriverToReference-SequenceTransform =-0.37836 -0.918687 -0.113389 57.9335 -0.776445 0.248289 0.579211 334.322 -0.503961 0.307191 -0.807253 339.794 0 0 0 1 
Seq_Frame0045_DriverToReference-SequenceTransformStatus = OK
Seq_Frame0045_Timestamp = 5.79
Seq_Frame0046_DriverToReference-SequenceTransform =-0.371184 -0.922581 -0.1052 59.4983 -0.775322 0.245589 0.581861 333.67 -0.510978 0.297541 -0.806455 341.586 0 0 0 1 
Seq_Frame0046_DriverToReference-SequenceTransformStatus = OK
Seq_Frame0046_Timestamp = 5.895
Seq_Frame0047_DriverToReference-SequenceTransform =-0.360828 -0.928524 -0.087449 60.8851 -0.774217 0.245939 0.583182 333.603 -0.519992 0.278133 -0.807621 342.539 0 0 0 1 
Seq_Frame0047_DriverToReference-SequenceTransformStatus = OK
Seq_Frame0047_Timestamp = 6.005
Seq_Frame0048_DriverToReference-SequenceTransform =-0.368894 -0.924802 -0.0930576 61.3466 -0.775636 0.251124 0.579073 333.033 -0.512158 0.285795 -0.809948 343.288 0 0 0 1 
Seq_Frame0048_DriverToReference-SequenceTransformStatus = OK
Seq_Frame0048_Timestamp = 6.109
Seq_Frame0049_DriverToReference-SequenceTransform =-0.368446 -0.925024 -0.0926153 61.2701 -0.777583 0.252043 0.576055 332.888 -0.509522 0.284261 -0.812147 343.125 0 0 0 1 
Seq_Frame0049_DriverToReference-SequenceTransformStatus = OK
Seq_Frame0049_Timestamp = 6.214
Seq_Frame0050_DriverToReference-SequenceTransform =-0.361489 -0.928065 -0.0895553 61.7729 -0.782286 0.249635 0.570711 331.643 -0.507301 0.276364 -0.816253 341.596 0 0 0 1 
Seq_Frame0050_DriverToReference-SequenceTransformStatus = OK
Seq_Frame0050_Timestamp = 6.319
Seq_Frame0051_DriverToReference-SequenceTransform =-0.350773 -0.932977 -0.0806986 63.8808 -0.806952 0.257413 0.531571 334.052 -0.475171 0.251581 -0.843161 346.835 0 0 0 1 
Seq_Frame0051_DriverToReference-SequenceTransformStatus = OK
Seq_Frame0051_Timestamp = 6.425
Seq_Frame0052_DriverToReference-SequenceTransform =-0.284183 -0.952979 0.105218 66.8113 -0.787963 0.294666 0.540636 334.754 -0.546219 0.0707319 -0.834651 355.56 0 0 0 1 
Seq_Frame0052_DriverToReference-SequenceTransformStatus = OK
Seq_Frame0052_Timestamp = 6.785
Seq_Frame0053_DriverToReference-SequenceTransform =0.867025 0.454907 0.20329 50.0601 -0.391974 0.8746 -0.285361 310.233 -0.30761 0.167731 0.936612 309.248 0 0 0 1 
Seq_Frame0053_DriverToReference-SequenceTransformStatus = OK
Seq_Frame0053_Timestamp = 7.72
Seq_Frame0054_DriverToReference-SequenceTransform =0.682702 0.500829 0.53206 34.0932 -0.439008 0.86322 -0.249245 304.605 -0.584114 -0.0634183 0.80919 275.861 0 0 0 1 
Seq_Frame0054_DriverToReference-SequenceTransformStatus = OK
Seq_Frame0054_Timestamp = 8.15
Seq_Frame0055_DriverToReference-SequenceTransform =-0.615612 -0.650566 -0.44473 80.8029 -0.785912 0.548365 0.285723 251.049 0.0579929 0.525414 -0.848868 202.687 0 0 0 1 
Seq_Frame0055_DriverToReference-SequenceTransformStatus = OK
Seq_Frame0055_Timestamp = 8.255
Seq_Frame0056_DriverToReference-SequenceTransform =-0.647155 -0.682179 -0.340327 85.5956 -0.758477 0.53115 0.377615 245.831 -0.0768363 0.502506 -0.861153 192.496 0 0 0 1 
Seq_Frame0056_DriverToReference-SequenceTransformStatus = OK
Seq_Frame0056_Timestamp = 8.36
Seq_Frame0057_DriverToReference-SequenceTransform =-0.614902 -0.679163 -0.400791 93.6844 -0.78751 0.555587 0.26674 246.906 0.0415142 0.479646 -0.87648 196.135 0 0 0 1 
Seq_Frame0057_DriverToReference-SequenceTransformStatus = OK
Seq_Frame0057_Timestamp = 8.469
Seq_Frame0058_DriverToReference-SequenceTransform =-0.690726 -0.629997 -0.354967 94.6473 -0.722156 0.57568 0.383515 246.93 -0.0372657 0.521245 -0.852593 199.763 0 0 0 1 
Seq_Frame0058_DriverToReference-SequenceTransformStatus = OK
Seq_Frame0058_Timestamp = 8.575
Seq_Frame0059_DriverToReference-SequenceTransform =-0.718111 -0.59526 -0.36053 92.552 -0.685098 0.513637 0.516544 244.952 -0.122296 0.617934 -0.77666 201.509 0 0 0 1 
Seq_Frame0059_DriverToReference-SequenceTransformStatus = OK
Seq_Frame0059_Timestamp = 10.4
Seq_Frame0060_DriverToReference-SequenceTransform =-0.389485 -0.392082 -0.833411 69.273 -0.788885 0.609025 0.0821574 222.678 0.475355 0.689464 -0.546513 181.334 0 0 0 1 
Seq_Frame0060_DriverToReference-SequenceTransformStatus = OK
Seq_Frame0060_Timestamp = 10.505
Seq_Frame0061_DriverToReference-SequenceTransform =-0.371967 -0.366976 -0.852625 70.1689 -0.79724 0.596771 0.0909501 225.882 0.475446 0.713578 -0.514547 183.27 0 0 0 1 
Seq_Frame0061_DriverToReference-SequenceTransformStatus = OK
Seq_Frame0061_Timestamp = 10.61
Seq_Frame0062_DriverToReference-SequenceTransform =-0.346096 -0.349062 -0.870846 68.0183 -0.794805 0.602279 0.0744632 230.457 0.4985 0.717924 -0.485883 184.656 0 0 0 1 
Seq_Frame0062_DriverToReference-SequenceTransformStatus = OK
Seq_Frame0062_Timestamp = 10.72
Seq_Frame0063_DriverToReference-SequenceTransform =-0.360776 -0.345331 -0.866364 65.2446 -0.783519 0.616105 0.0806984 233.171 0.505904 0.707927 -0.49285 185.791 0 0 0 1 
Seq_Frame0063_DriverToReference-SequenceTransformStatus = OK
Seq_Frame0063_Timestamp = 10.823
Seq_Frame0064_DriverToReference-SequenceTransform =-0.343943 -0.340386 -0.875123 66.726 -0.807099 0.583477 0.0902596 233.878 0.479891 0.737355 -0.475408 185.918 0 0 0 1 
Seq_Frame0064_DriverToReference-SequenceTransformStatus = OK
Seq_Frame0064_Timestamp = 10.932
Seq_Frame0065_DriverToReference-SequenceTransform =-0.374649 -0.36409 -0.852688 73.8979 -0.82041 0.558622 0.12194 243.921 0.431933 0.745238 -0.50799 184.48 0 0 0 1 
Seq_Frame0065_DriverToReference-SequenceTransformStatus = OK
Seq_Frame0065_Timestamp = 11.04
Seq_Frame0066_DriverToReference-SequenceTransform =-0.350473 -0.385372 -0.853614 80.4953 -0.848478 0.516549 0.115163 250.914 0.396553 0.764634 -0.508016 184.127 0 0 0 1 
Seq_Frame0066_DriverToReference-SequenceTransformStatus = OK
Seq_Frame0066_Timestamp = 11.148
Seq_Frame0067_DriverToReference-SequenceTransform =-0.347898 -0.380028 -0.857056 81.0981 -0.851571 0.510479 0.11932 249.847 0.392164 0.771356 -0.501216 185.765 0 0 0 1 
Seq_Frame0067_DriverToReference-SequenceTransformStatus = OK
Seq_Frame0067_Timestamp = 11.256
Seq_Frame0068_DriverToReference-SequenceTransform =-0.350222 -0.37783 -0.857082 80.7111 -0.843961 0.524198 0.113777 248.76 0.406293 0.763191 -0.50246 186.747 0 0 0 1 
Seq_Frame0068_DriverToReference-SequenceTransformStatus = OK
Seq_Frame0068_Timestamp = 11.36
Seq_Frame0069_DriverToReference-SequenceTransform =-0.374571 -0.44296 -0.814544 80.6712 -0.821016 0.566673 0.0693827 248.485 0.430847 0.694743 -0.575937 189.882 0 0 0 1 
Seq_Frame0069_DriverToReference-SequenceTransformStatus = OK
Seq_Frame0069_Timestamp = 11.465
Seq_Frame0070_DriverToReference-SequenceTransform =0.365462 0.283332 0.886657 81.1204 -0.463792 0.881314 -0.0904587 248.738 -0.807053 -0.378166 0.453493 187.392 0 0 0 1 
Seq_Frame0070_DriverToReference-SequenceTransformStatus = OK
Seq_Frame0070_Timestamp = 11.57
Seq_Frame0071_DriverToReference-SequenceTransform =0.365462 0.283332 0.886657 81.1204 -0.463792 0.881314 -0.0904587 248.738 -0.807053 -0.378166 0.453493 187.392 0 0 0 1 
Seq_Frame0071_DriverToReference-SequenceTransformStatus = OK
Seq_Frame0071_Timestamp = 11.78
Seq_Frame0072_DriverToReference-SequenceTransform =-0.366381 -0.375931 -0.851141 84.9169 -0.841993 0.523259 0.131331 244.798 0.395996 0.764772 -0.508243 183.925 0 0 0 1 
Seq_Frame0072_DriverToReference-SequenceTransformStatus = OK
Seq_Frame0072_Timestamp = 11.98
Seq_Frame0073_DriverToReference-SequenceTransform =-0.356392 -0.377477 -0.85469 86.7484 -0.847697 0.51533 0.125878 245.4 0.392931 0.76938 -0.503645 185.527 0 0 0 1 
Seq_Frame0073_DriverToReference-SequenceTransformStatus = OK
Seq_Frame0073_Timestamp = 12.09
Seq_Frame0074_DriverToReference-SequenceTransform =-0.366087 -0.387302 -0.846155 88.1574 -0.843944 0.521296 0.126524 246.126 0.392094 0.760426 -0.517701 186.468 0 0 0 1 
Seq_Frame0074_DriverToReference-SequenceTransformStatus = OK
Seq_Frame0074_Timestamp = 12.194
Seq_Frame0075_DriverToReference-SequenceTransform =-0.396158 -0.364452 -0.842754 86.5854 -0.845241 0.50327 0.179687 243.544 0.358645 0.783514 -0.507424 186.408 0 0 0 1 
Seq_Frame0075_DriverToReference-SequenceTransformStatus = OK
Seq_Frame0075_Timestamp = 12.3
Seq_Frame0076_DriverToReference-SequenceTransform =-0.3673 -0.287299 -0.884619 85.1584 -0.837603 0.515665 0.180305 244.444 0.404366 0.807185 -0.430047 183.846 0 0 0 1 
Seq_Frame0076_DriverToReference-SequenceTransformStatus = OK
Seq_Frame0076_Timestamp = 12.405
Seq_Frame0077_DriverToReference-SequenceTransform =-0.3673 -0.287299 -0.884619 85.1584 -0.837603 0.515665 0.180305 244.444 0.404366 0.807185 -0.430047 183.846 0 0 0 1 
Seq_Frame0077_DriverToReference-SequenceTransformStatus = OK
Seq_Frame0077_Timestamp = 14.379
Seq_Frame0078_DriverToReference-SequenceTransform =-0.353454 -0.360607 -0.863153 80.9836 -0.837282 0.533441 0.12 242.323 0.417169 0.765116 -0.490476 188.998 0 0 0 1 
Seq_Frame0078_DriverToReference-SequenceTransformStatus = OK
Seq_Frame0078_Timestamp = 14.485
Seq_Frame0079_DriverToReference-SequenceTransform =-0.356071 -0.355377 -0.864246 77.4646 -0.817593 0.566331 0.103975 240.453 0.452499 0.743623 -0.492208 189.646 0 0 0 1 
Seq_Frame0079_DriverToReference-SequenceTransformStatus = OK
Seq_Frame0079_Timestamp = 14.7
Seq_Frame0080_DriverToReference-SequenceTransform =-0.338182 -0.349704 -0.873694 77.3317 -0.828478 0.550995 0.100139 242.136 0.446382 0.757701 -0.476058 189.9 0 0 0 1 
Seq_Frame0080_DriverToReference-SequenceTransformStatus = OK
Seq_Frame0080_Timestamp = 14.805
Seq_Frame0081_DriverToReference-SequenceTransform =-0.362928 -0.345193 -0.86552 76.894 -0.816011 0.566205 0.11635 243.821 0.449899 0.748501 -0.487173 191.714 0 0 0 1 
Seq_Frame0081_DriverToReference-SequenceTransformStatus = OK
Seq_Frame0081_Timestamp = 14.906
Seq_Frame0082_DriverToReference-SequenceTransform =-0.344977 -0.339373 -0.87511 75.5561 -0.82791 0.549287 0.113353 242.173 0.442217 0.763616 -0.470462 191.615 0 0 0 1 
Seq_Frame0082_DriverToReference-SequenceTransformStatus = OK
Seq_Frame0082_Timestamp = 15.025
Seq_Frame0083_DriverToReference-SequenceTransform =-0.335713 -0.336958 -0.879634 74.9701 -0.827365 0.551885 0.104356 242.539 0.450293 0.762812 -0.464062 191.461 0 0 0 1 
Seq_Frame0083_DriverToReference-SequenceTransformStatus = OK
Seq_Frame0083_Timestamp = 15.13
Seq_Frame0084_DriverToReference-SequenceTransform =-0.331773 -0.341118 -0.879525 75.6551 -0.830078 0.54854 0.100374 242.708 0.448215 0.763376 -0.465145 192.021 0 0 0 1 
Seq_Frame0084_DriverToReference-SequenceTransformStatus = OK
Seq_Frame0084_Timestamp = 15.241
Seq_Frame0085_DriverToReference-SequenceTransform =-0.330648 -0.333368 -0.882914 75.2242 -0.828625 0.550336 0.102523 243.172 0.451721 0.765504 -0.458205 191.866 0 0 0 1 
Seq_Frame0085_DriverToReference-SequenceTransformStatus = OK
Seq_Frame0085_Timestamp = 15.345
Seq_Frame0086_DriverToReference-SequenceTransform =-0.342351 -0.326085 -0.881172 74.7214 -0.82598 0.551458 0.116836 243.291 0.447831 0.76783 -0.458132 192.11 0 0 0 1 
Seq_Frame0086_DriverToReference-SequenceTransformStatus = OK
Seq_Frame0086_Timestamp = 15.45
Seq_Frame0087_DriverToReference-SequenceTransform =-0.342759 -0.328858 -0.879982 73.7491 -0.824798 0.553749 0.114322 243.264 0.449694 0.764993 -0.461044 192.769 0 0 0 1 
Seq_Frame0087_DriverToReference-SequenceTransformStatus = OK
Seq_Frame0087_Timestamp = 15.555
Seq_Frame0088_DriverToReference-SequenceTransform =-0.349475 -0.327874 -0.877705 73.8387 -0.823347 0.554562 0.12067 243.82 0.447177 0.764827 -0.463759 192.451 0 0 0 1 
Seq_Frame0088_DriverToReference-SequenceTransformStatus = OK
Seq_Frame0088_Timestamp = 15.66
Seq_Frame0089_DriverToReference-SequenceTransform =-0.352878 -0.328712 -0.876028 73.8935 -0.822743 0.554902 0.123199 244.209 0.445613 0.76422 -0.466258 192.725 0 0 0 1 
Seq_Frame0089_DriverToReference-SequenceTransformStatus = OK
Seq_Frame0089_Timestamp = 15.765
Seq_Frame0090_DriverToReference-SequenceTransform =-0.320419 -0.32486 -0.88983 72.7945 -0.831472 0.546514 0.0998829 243.375 0.453857 0.771873 -0.445225 193.256 0 0 0 1 
Seq_Frame0090_DriverToReference-SequenceTransformStatus = OK
Seq_Frame0090_Timestamp = 15.87
Seq_Frame0091_DriverToReference-SequenceTransform =-0.318 -0.325345 -0.89052 72.7219 -0.8324 0.545446 0.0979716 243.194 0.453856 0.772424 -0.444269 193.373 0 0 0 1 
Seq_Frame0091_DriverToReference-SequenceTransformStatus = OK
Seq_Frame0091_Timestamp = 15.975
Seq_Frame0092_DriverToReference-SequenceTransform =-0.320529 -0.328368 -0.888502 72.5612 -0.830908 0.547839 0.0972848 243.22 0.454811 0.769446 -0.448442 192.802 0 0 0 1 
Seq_Frame0092_DriverToReference-SequenceTransformStatus = OK
Seq_Frame0092_Timestamp = 16.085
Seq_Frame0093_DriverToReference-SequenceTransform =-0.318173 -0.324598 -0.890731 72.8647 -0.834115 0.542397 0.100291 242.866 0.450575 0.774882 -0.443328 192.873 0 0 0 1 
Seq_Frame0093_DriverToReference-SequenceTransformStatus = OK
Seq_Frame0093_Timestamp = 16.195
Seq_Frame0094_DriverToReference-SequenceTransform =-0.31607 -0.326415 -0.890816 72.7019 -0.833952 0.543276 0.096826 242.485 0.452353 0.773502 -0.443928 193.244 0 0 0 1 
Seq_Frame0094_DriverToReference-SequenceTransformStatus = OK
Seq_Frame0094_Timestamp = 16.299
Seq_Frame0095_DriverToReference-SequenceTransform =-0.313922 -0.327562 -0.891154 72.637 -0.833747 0.54414 0.0936896 242.407 0.454224 0.772408 -0.443921 193.527 0 0 0 1 
Seq_Frame0095_DriverToReference-SequenceTransformStatus = OK
Seq_Frame0095_Timestamp = 16.405
Seq_Frame0096_DriverToReference-SequenceTransform =-0.322253 -0.324336 -0.889359 73.0686 -0.832394 0.544522 0.103033 242.793 0.450858 0.7735 -0.44545 193.354 0 0 0 1 
Seq_Frame0096_DriverToReference-SequenceTransformStatus = OK
Seq_Frame0096_Timestamp = 16.51
Seq_Frame0097_DriverToReference-SequenceTransform =-0.324815 -0.321463 -0.88947 72.8167 -0.831523 0.545161 0.106627 242.731 0.450628 0.774248 -0.44438 193.453 0 0 0 1 
Seq_Frame0097_DriverToReference-SequenceTransformStatus = OK
Seq_Frame0097_Timestamp = 16.614
Seq_Frame0098_DriverToReference-SequenceTransform =-0.325949 -0.323385 -0.888357 72.3452 -0.830055 0.54767 0.105192 242.84 0.45251 0.771673 -0.44694 193.946 0 0 0 1 
Seq_Frame0098_DriverToReference-SequenceTransformStatus = OK
Seq_Frame0098_Timestamp = 16.72
Seq_Frame0099_DriverToReference-SequenceTransform =-0.320996 -0.325311 -0.889457 72.4569 -0.832159 0.545284 0.100885 242.36 0.452188 0.772553 -0.445744 194.059 0 0 0 1 
Seq_Frame0099_DriverToReference-SequenceTransformStatus = OK
Seq_Frame0099_Timestamp = 16.826
Seq_Frame0100_DriverToReference-SequenceTransform =-0.328416 -0.316032 -0.890094 72.5113 -0.829638 0.546972 0.111904 241.644 0.451491 0.775206 -0.441827 194.369 0 0 0 1 
Seq_Frame0100_DriverToReference-SequenceTransformStatus = OK
Seq_Frame0100_Timestamp = 16.931
Seq_Frame0101_DriverToReference-SequenceTransform =-0.331416 -0.31698 -0.888644 72.6981 -0.829731 0.546275 0.114588 241.904 0.449121 0.775311 -0.444052 194.109 0 0 0 1 
Seq_Frame0101_DriverToReference-SequenceTransformStatus = OK
Seq_Frame0101_Timestamp = 17.041
Seq_Frame0102_DriverToReference-SequenceTransform =-0.313487 -0.316722 -0.895217 72.8661 -0.83503 0.540843 0.101065 241.497 0.452162 0.779215 -0.434019 194.716 0 0 0 1 
Seq_Frame0102_DriverToReference-SequenceTransformStatus = OK
Seq_Frame0102_Timestamp = 17.145
Seq_Frame0103_DriverToReference-SequenceTransform =-0.334656 -0.314886 -0.888174 72.4539 -0.826435 0.550939 0.116069 241.598 0.452781 0.772861 -0.444607 194.669 0 0 0 1 
Seq_Frame0103_DriverToReference-SequenceTransformStatus = OK
Seq_Frame0103_Timestamp = 17.247
Seq_Frame0104_DriverToReference-SequenceTransform =-0.323207 -0.317544 -0.891461 72.6254 -0.83213 0.543977 0.107929 241.525 0.450662 0.776695 -0.440055 194.352 0 0 0 1 
Seq_Frame0104_DriverToReference-SequenceTransformStatus = OK
Seq_Frame0104_Timestamp = 17.355
Seq_Frame0105_DriverToReference-SequenceTransform =-0.314583 -0.321408 -0.89316 72.8956 -0.834832 0.541498 0.0991783 241.396 0.451767 0.776838 -0.438667 194.546 0 0 0 1 
Seq_Frame0105_DriverToReference-SequenceTransformStatus = OK
Seq_Frame0105_Timestamp = 17.459
Seq_Frame0106_DriverToReference-SequenceTransform =-0.312539 -0.318929 -0.894765 72.9843 -0.835137 0.541088 0.0988467 241.43 0.452621 0.778144 -0.43546 194.849 0 0 0 1 
Seq_Frame0106_DriverToReference-SequenceTransformStatus = OK
Seq_Frame0106_Timestamp = 17.565
Seq_Frame0107_DriverToReference-SequenceTransform =-0.315966 -0.32072 -0.892919 73.0001 -0.833397 0.543618 0.0996461 241.162 0.453448 0.77564 -0.439052 194.939 0 0 0 1 
Seq_Frame0107_DriverToReference-SequenceTransformStatus = OK
Seq_Frame0107_Timestamp = 17.67
Seq_Frame0108_DriverToReference-SequenceTransform =-0.313956 -0.324709 -0.892186 73.2023 -0.831156 0.548213 0.0929587 240.979 0.458924 0.770731 -0.441999 194.859 0 0 0 1 
Seq_Frame0108_DriverToReference-SequenceTransformStatus = OK
Seq_Frame0108_Timestamp = 17.773
Seq_Frame0109_DriverToReference-SequenceTransform =-0.304277 -0.336944 -0.891002 72.4613 -0.828346 0.555464 0.0728234 242.357 0.470382 0.760216 -0.448121 195.335 0 0 0 1 
Seq_Frame0109_DriverToReference-SequenceTransformStatus = OK
Seq_Frame0109_Timestamp = 17.885
Seq_Frame0110_DriverToReference-SequenceTransform =-0.282045 -0.331731 -0.900225 71.379 -0.830238 0.554616 0.0557426 244.761 0.480787 0.763123 -0.431842 194.901 0 0 0 1 
Seq_Frame0110_DriverToReference-SequenceTransformStatus = OK
Seq_Frame0110_Timestamp = 17.991
Seq_Frame0111_DriverToReference-SequenceTransform =-0.23452 -0.363793 -0.901474 71.7308 -0.817036 0.57624 -0.0199903 245.563 0.526738 0.731848 -0.432372 199.621 0 0 0 1 
Seq_Frame0111_DriverToReference-SequenceTransformStatus = OK
Seq_Frame0111_Timestamp = 18.098
Seq_Frame0112_DriverToReference-SequenceTransform =-0.145851 -0.340461 -0.928878 67.3238 -0.807909 0.582882 -0.0867861 247.467 0.570973 0.737791 -0.360075 207.918 0 0 0 1 
Seq_Frame0112_DriverToReference-SequenceTransformStatus = OK
Seq_Frame0112_Timestamp = 18.199
Seq_Frame0113_DriverToReference-SequenceTransform =-0.0382193 -0.306352 -0.951151 63.2901 -0.804642 0.573844 -0.152494 250.461 0.592529 0.759508 -0.268435 209.534 0 0 0 1 
Seq_Frame0113_DriverToReference-SequenceTransformStatus = OK
Seq_Frame0113_Timestamp = 18.3
Seq_Frame0114_DriverToReference-SequenceTransform =-0.0382193 -0.306352 -0.951151 63.2901 -0.804642 0.573844 -0.152494 250.461 0.592529 0.759508 -0.268435 209.534 0 0 0 1 
Seq_Frame0114_DriverToReference-SequenceTransformStatus = OK
Seq_Frame0114_Timestamp = 20.419
Seq_Frame0115_DriverToReference-SequenceTransform =-0.0382193 -0.306352 -0.951151 63.2901 -0.804642 0.573844 -0.152494 250.461 0.592529 0.759508 -0.268435 209.534 0 0 0 1 
Seq_Frame0115_DriverToReference-SequenceTransformStatus = OK
Seq_Frame0115_Timestamp = 20.525
Seq_Frame0116_DriverToReference-SequenceTransform =-0.0382193 -0.306352 -0.951151 63.2901 -0.804642 0.573844 -0.152494 250.461 0.592529 0.759508 -0.268435 209.534 0 0 0 1 
Seq_Frame0116_DriverToReference-SequenceTransformStatus = OK
Seq_Frame0116_Timestamp = 20.63
Seq_Frame0117_DriverToReference-SequenceTransform =-0.0382193 -0.306352 -0.951151 63.2901 -0.804642 0.573844 -0.152494 250.461 0.592529 0.759508 -0.268435 209.534 0 0 0 1 
Seq_Frame0117_DriverToReference-SequenceTransformStatus = OK
Seq_Frame0117_Timestamp = 20.741
Seq_Frame0118_DriverToReference-SequenceTransform =0.312587 0.0203562 0.949671 85.7211 -0.574119 0.800542 0.171813 243.78 -0.756755 -0.59893 0.261926 193.711 0 0 0 1 
Seq_Frame0118_DriverToReference-SequenceTransformStatus = OK
Seq_Frame0118_Timestamp = 20.845
Seq_Frame0119_DriverToReference-SequenceTransform =0.34652 0.00854769 0.938004 80.9148 -0.57443 0.792471 0.204986 235.842 -0.741589 -0.609849 0.279517 196.41 0 0 0 1 
Seq_Frame0119_DriverToReference-SequenceTransformStatus = OK
Seq_Frame0119_Timestamp = 20.947
Seq_Frame0120_DriverToReference-SequenceTransform =0.364733 -0.0400206 0.930252 79.54 -0.560262 0.788542 0.253591 233.298 -0.743691 -0.613678 0.265185 198.942 0 0 0 1 
Seq_Frame0120_DriverToReference-SequenceTransformStatus = OK
Seq_Frame0120_Timestamp = 21.055
Seq_Frame0121_DriverToReference-SequenceTransform =0.364733 -0.0400206 0.930252 79.54 -0.560262 0.788542 0.253591 233.298 -0.743691 -0.613678 0.265185 198.942 0 0 0 1 
Seq_Frame0121_DriverToReference-SequenceTransformStatus = OK
Seq_Frame0121_Timestamp = 21.164
Seq_Frame0122_DriverToReference-SequenceTransform =0.364733 -0.0400206 0.930252 79.54 -0.560262 0.788542 0.253591 233.298 -0.743691 -0.613678 0.265185 198.942 0 0 0 1 
Seq_Frame0122_DriverToReference-SequenceTransformStatus = OK
Seq_Frame0122_Timestamp = 21.275
Seq_Frame0123_DriverToReference-SequenceTransform =0.364733 -0.0400206 0.930252 79.54 -0.560262 0.788542 0.253591 233.298 -0.743691 -0.613678 0.265185 198.942 0 0 0 1 
Seq_Frame0123_DriverToReference-SequenceTransformStatus = OK
Seq_Frame0123_Timestamp = 21.38
Seq_Frame0124_DriverToReference-SequenceTransform =0.364733 -0.0400206 0.930252 79.54 -0.560262 0.788542 0.253591 233.298 -0.743691 -0.613678 0.265185 198.942 0 0 0 1 
Seq_Frame0124_DriverToReference-SequenceTransformStatus = OK
Seq_Frame0124_Timestamp = 21.489
Seq_Frame0125_DriverToReference-SequenceTransform =0.364733 -0.0400206 0.930252 79.54 -0.560262 0.788542 0.253591 233.298 -0.743691 -0.613678 0.265185 198.942 0 0 0 1 
Seq_Frame0125_DriverToReference-SequenceTransformStatus = OK
Seq_Frame0125_Timestamp = 21.594
Seq_Frame0126_DriverToReference-SequenceTransform =0.364733 -0.0400206 0.930252 79.54 -0.560262 0.788542 0.253591 233.298 -0.743691 -0.613678 0.265185 198.942 0 0 0 1 
Seq_Frame0126_DriverToReference-SequenceTransformStatus = OK
Seq_Frame0126_Timestamp = 21.697
Seq_Frame0127_DriverToReference-SequenceTransform =0.364733 -0.0400206 0.930252 79.54 -0.560262 0.788542 0.253591 233.298 -0.743691 -0.613678 0.265185 198.942 0 0 0 1 
Seq_Frame0127_DriverToReference-SequenceTransformStatus = OK
Seq_Frame0127_Timestamp = 21.805
Seq_Frame0128_DriverToReference-SequenceTransform =0.364733 -0.0400206 0.930252 79.54 -0.560262 0.788542 0.253591 233.298 -0.743691 -0.613678 0.265185 198.942 0 0 0 1 
Seq_Frame0128_DriverToReference-SequenceTransformStatus = OK
Seq_Frame0128_Timestamp = 21.909
Seq_Frame0129_DriverToReference-SequenceTransform =0.364733 -0.0400206 0.930252 79.54 -0.560262 0.788542 0.253591 233.298 -0.743691 -0.613678 0.265185 198.942 0 0 0 1 
Seq_Frame0129_DriverToReference-SequenceTransformStatus = OK
Seq_Frame0129_Timestamp = 22.014
Seq_Frame0130_DriverToReference-SequenceTransform =0.364733 -0.0400206 0.930252 79.54 -0.560262 0.788542 0.253591 233.298 -0.743691 -0.613678 0.265185 198.942 0 0 0 1 
Seq_Frame0130_DriverToReference-SequenceTransformStatus = OK
Seq_Frame0130_Timestamp = 22.12
Seq_Frame0131_DriverToReference-SequenceTransform =0.364733 -0.0400206 0.930252 79.54 -0.560262 0.788542 0.253591 233.298 -0.743691 -0.613678 0.265185 198.942 0 0 0 1 
Seq_Frame0131_DriverToReference-SequenceTransformStatus = OK
Seq_Frame0131_Timestamp = 22.225
Seq_Frame0132_DriverToReference-SequenceTransform =0.364733 -0.0400206 0.930252 79.54 -0.560262 0.788542 0.253591 233.298 -0.743691 -0.613678 0.265185 198.942 0 0 0 1 
Seq_Frame0132_DriverToReference-SequenceTransformStatus = OK
Seq_Frame0132_Timestamp = 22.33
Seq_Frame0133_DriverToReference-SequenceTransform =0.364733 -0.0400206 0.930252 79.54 -0.560262 0.788542 0.253591 233.298 -0.743691 -0.613678 0.265185 198.942 0 0 0 1 
Seq_Frame0133_DriverToReference-SequenceTransformStatus = OK
Seq_Frame0133_Timestamp = 22.434
Seq_Frame0134_DriverToReference-SequenceTransform =0.364733 -0.0400206 0.930252 79.54 -0.560262 0.788542 0.253591 233.298 -0.743691 -0.613678 0.265185 198.942 0 0 0 1 
Seq_Frame0134_DriverToReference-SequenceTransformStatus = OK
Seq_Frame0134_Timestamp = 22.54
Seq_Frame0135_DriverToReference-SequenceTransform =0.364733 -0.0400206 0.930252 79.54 -0.560262 0.788542 0.253591 233.298 -0.743691 -0.613678 0.265185 198.942 0 0 0 1 
Seq_Frame0135_DriverToReference-SequenceTransformStatus = OK
Seq_Frame0135_Timestamp = 22.65
Seq_Frame0136_DriverToReference-SequenceTransform =0.364733 -0.0400206 0.930252 79.54 -0.560262 0.788542 0.253591 233.298 -0.743691 -0.613678 0.265185 198.942 0 0 0 1 
Seq_Frame0136_DriverToReference-SequenceTransformStatus = OK
Seq_Frame0136_Timestamp = 22.754
Seq_Frame0137_DriverToReference-SequenceTransform =-0.510091 0.54177 0.668052 77.4758 -0.153094 -0.821481 0.549301 227.567 0.846386 0.177919 0.501971 223.123 0 0 0 1 
Seq_Frame0137_DriverToReference-SequenceTransformStatus = OK
Seq_Frame0137_Timestamp = 22.86
Seq_Frame0138_DriverToReference-SequenceTransform =-0.373773 0.528536 0.762196 78.6334 -0.122186 -0.842653 0.52441 226.704 0.919437 0.10288 0.379541 222.948 0 0 0 1 
Seq_Frame0138_DriverToReference-SequenceTransformStatus = OK
Seq_Frame0138_Timestamp = 22.965
Seq_Frame0139_DriverToReference-SequenceTransform =-0.373773 0.528536 0.762196 78.6334 -0.122186 -0.842653 0.52441 226.704 0.919437 0.10288 0.379541 222.948 0 0 0 1 
Seq_Frame0139_DriverToReference-SequenceTransformStatus = OK
Seq_Frame0139_Timestamp = 23.085
Seq_Frame0140_DriverToReference-SequenceTransform =-0.373773 0.528536 0.762196 78.6334 -0.122186 -0.842653 0.52441 226.704 0.919437 0.10288 0.379541 222.948 0 0 0 1 
Seq_Frame0140_DriverToReference-SequenceTransformStatus = OK
Seq_Frame0140_Timestamp = 23.825
Seq_Frame0141_DriverToReference-SequenceTransform =-0.373773 0.528536 0.762196 78.6334 -0.122186 -0.842653 0.52441 226.704 0.919437 0.10288 0.379541 222.948 0 0 0 1 
Seq_Frame0141_DriverToReference-SequenceTransformStatus = OK
Seq_Frame0141_Timestamp = 23.935
Seq_Frame0142_DriverToReference-SequenceTransform =-0.373773 0.528536 0.762196 78.6334 -0.122186 -0.842653 0.52441 226.704 0.919437 0.10288 0.379541 222.948 0 0 0 1 
Seq_Frame0142_DriverToReference-SequenceTransformStatus = OK
Seq_Frame0142_Timestamp = 24.085
Seq_Frame0143_DriverToReference-SequenceTransform =-0.373773 0.528536 0.762196 78.6334 -0.122186 -0.842653 0.52441 226.704 0.919437 0.10288 0.379541 222.948 0 0 0 1 
Seq_Frame0143_DriverToReference-SequenceTransformStatus = OK
Seq_Frame0143_Timestamp = 24.19
Seq_Frame0144_DriverToReference-SequenceTransform =-0.373773 0.528536 0.762196 78.6334 -0.122186 -0.842653 0.52441 226.704 0.919437 0.10288 0.379541 222.948 0 0 0 1 
Seq_Frame0144_DriverToReference-SequenceTransformStatus = OK
Seq_Frame0144_Timestamp = 24.294
Seq_Frame0145_DriverToReference-SequenceTransform =-0.373773 0.528536 0.762196 78.6334 -0.122186 -0.842653 0.52441 226.704 0.919437 0.10288 0.379541 222.948 0 0 0 1 
Seq_Frame0145_DriverToReference-SequenceTransformStatus = OK
Seq_Frame0145_Timestamp = 24.4
Seq_Frame0146_DriverToReference-SequenceTransform =-0.373773 0.528536 0.762196 78.6334 -0.122186 -0.842653 0.52441 226.704 0.919437 0.10288 0.379541 222.948 0 0 0 1 
Seq_Frame0146_DriverToReference-SequenceTransformStatus = OK
Seq_Frame0146_Timestamp = 24.535
Seq_Frame0147_DriverToReference-SequenceTransform =-0.373773 0.528536 0.762196 78.6334 -0.122186 -0.842653 0.52441 226.704 0.919437 0.10288 0.379541 222.948 0 0 0 1 
Seq_Frame0147_DriverToReference-SequenceTransformStatus = OK
Seq_Frame0147_Timestamp = 24.642
Seq_Frame0148_DriverToReference-SequenceTransform =-0.373773 0.528536 0.762196 78.6334 -0.122186 -0.842653 0.52441 226.704 0.919437 0.10288 0.379541 222.948 0 0 0 1 
Seq_Frame0148_DriverToReference-SequenceTransformStatus = OK
Seq_Frame0148_Timestamp = 24.75
Seq_Frame0149_DriverToReference-SequenceTransform =-0.373773 0.528536 0.762196 78.6334 -0.122186 -0.842653 0.52441 226.704 0.919437 0.10288 0.379541 222.948 0 0 0 1 
Seq_Frame0149_DriverToReference-SequenceTransformStatus = OK
Seq_Frame0149_Timestamp = 24.86
Seq_Frame0150_DriverToReference-SequenceTransform =-0.373773 0.528536 0.762196 78.6334 -0.122186 -0.842653 0.52441 226.704 0.919437 0.10288 0.379541 222.948 0 0 0 1 
Seq_Frame0150_DriverToReference-SequenceTransformStatus = OK
Seq_Frame0150_Timestamp = 24.965
Seq_Frame0151_DriverToReference-SequenceTransform =-0.373773 0.528536 0.762196 78.6334 -0.122186 -0.842653 0.52441 226.704 0.919437 0.10288 0.379541 222.948 0 0 0 1 
