ObjectType = Image
NDims = 3
AnatomicalOrientation = RAI
BinaryData = True
CompressedData = False
DimSize = 0 0 1843
ElementSpacing = 1 1 1
Offset = 0 0 0
TransformMatrix = 1 0 0 0 1 0 0 0 1
ElementType = MET_UCHAR
Kinds = domain domain list
Seq_Frame0000_DriverToReference-SequenceTransform =-0.822589 0.542336 0.170935 -64.8223 0.42285 0.382418 0.821556 201.736 0.380191 0.748083 -0.543899 248.511 0 0 0 1 
Seq_Frame0000_DriverToReference-SequenceTransformStatus = OK
Seq_Frame0000_Timestamp = 0.0150001
Seq_Frame0001_DriverToReference-SequenceTransform =-0.822589 0.542336 0.170935 -64.8223 0.42285 0.382418 0.821556 201.736 0.380191 0.748083 -0.543899 248.511 0 0 0 1 
Seq_Frame0001_DriverToReference-SequenceTransformStatus = OK
Seq_Frame0001_Timestamp = 0.118
Seq_Frame0002_DriverToReference-SequenceTransform =-0.822589 0.542336 0.170935 -64.8223 0.42285 0.382418 0.821556 201.736 0.380191 0.748083 -0.543899 248.511 0 0 0 1 
Seq_Frame0002_DriverToReference-SequenceTransformStatus = OK
Seq_Frame0002_Timestamp = 0.218
Seq_Frame0003_DriverToReference-SequenceTransform =-0.822589 0.542336 0.170935 -64.8223 0.42285 0.382418 0.821556 201.736 0.380191 0.748083 -0.543899 248.511 0 0 0 1 
Seq_Frame0003_DriverToReference-SequenceTransformStatus = OK
Seq_Frame0003_Timestamp = 0.319
Seq_Frame0004_DriverToReference-SequenceTransform =-0.822589 0.542336 0.170935 -64.8223 0.42285 0.382418 0.821556 201.736 0.380191 0.748083 -0.543899 248.511 0 0 0 1 
Seq_Frame0004_DriverToReference-SequenceTransformStatus = OK
Seq_Frame0004_Timestamp = 0.429
Seq_Frame0005_DriverToReference-SequenceTransform =-0.822589 0.542336 0.170935 -64.8223 0.42285 0.382418 0.821556 201.736 0.380191 0.748083 -0.543899 248.511 0 0 0 1 
Seq_Frame0005_DriverToReference-SequenceTransformStatus = OK
Seq_Frame0005_Timestamp = 0.533
Seq_Frame0006_DriverToReference-SequenceTransform =-0.822589 0.542336 0.170935 -64.8223 0.42285 0.382418 0.821556 201.736 0.380191 0.748083 -0.543899 248.511 0 0 0 1 
Seq_Frame0006_DriverToReference-SequenceTransformStatus = OK
Seq_Frame0006_Timestamp = 0.638
Seq_Frame0007_DriverToReference-SequenceTransform =-0.822589 0.542336 0.170935 -64.8223 0.42285 0.382418 0.821556 201.736 0.380191 0.748083 -0.543899 248.511 0 0 0 1 
Seq_Frame0007_DriverToReference-SequenceTransformStatus = OK
Seq_Frame0007_Timestamp = 0.739
Seq_Frame0008_DriverToReference-SequenceTransform =-0.822589 0.542336 0.170935 -64.8223 0.42285 0.382418 0.821556 201.736 0.380191 0.748083 -0.543899 248.511 0 0 0 1 
Seq_Frame0008_DriverToReference-SequenceTransformStatus = OK
Seq_Frame0008_Timestamp = 0.846
Seq_Frame0009_DriverToReference-SequenceTransform =-0.822589 0.542336 0.170935 -64.8223 0.42285 0.382418 0.821556 201.736 0.380191 0.748083 -0.543899 248.511 0 0 0 1 
Seq_Frame0009_DriverToReference-SequenceTransformStatus = OK
Seq_Frame0009_Timestamp = 0.954
Seq_Frame0010_DriverToReference-SequenceTransform =-0.822589 0.542336 0.170935 -64.8223 0.42285 0.382418 0.821556 201.736 0.380191 0.748083 -0.543899 248.511 0 0 0 1 
Seq_Frame0010_DriverToReference-SequenceTransformStatus = OK
Seq_Frame0010_Timestamp = 1.058
Seq_Frame0011_DriverToReference-SequenceTransform =-0.822589 0.542336 0.170935 -64.8223 0.42285 0.382418 0.821556 201.736 0.380191 0.748083 -0.543899 248.511 0 0 0 1 
Seq_Frame0011_DriverToReference-SequenceTransformStatus = OK
Seq_Frame0011_Timestamp = 1.159
Seq_Frame0012_DriverToReference-SequenceTransform =-0.822589 0.542336 0.170935 -64.8223 0.42285 0.382418 0.821556 201.736 0.380191 0.748083 -0.543899 248.511 0 0 0 1 
Seq_Frame0012_DriverToReference-SequenceTransformStatus = OK
Seq_Frame0012_Timestamp = 1.262
Seq_Frame0013_DriverToReference-SequenceTransform =-0.822589 0.542336 0.170935 -64.8223 0.42285 0.382418 0.821556 201.736 0.380191 0.748083 -0.543899 248.511 0 0 0 1 
Seq_Frame0013_DriverToReference-SequenceTransformStatus = OK
Seq_Frame0013_Timestamp = 1.368
Seq_Frame0014_DriverToReference-SequenceTransform =-0.822589 0.542336 0.170935 -64.8223 0.42285 0.382418 0.821556 201.736 0.380191 0.748083 -0.543899 248.511 0 0 0 1 
Seq_Frame0014_DriverToReference-SequenceTransformStatus = OK
Seq_Frame0014_Timestamp = 1.468
Seq_Frame0015_DriverToReference-SequenceTransform =-0.822589 0.542336 0.170935 -64.8223 0.42285 0.382418 0.821556 201.736 0.380191 0.748083 -0.543899 248.511 0 0 0 1 
Seq_Frame0015_DriverToReference-SequenceTransformStatus = OK
Seq_Frame0015_Timestamp = 1.579
Seq_Frame0016_DriverToReference-SequenceTransform =-0.822589 0.542336 0.170935 -64.8223 0.42285 0.382418 0.821556 201.736 0.380191 0.748083 -0.543899 248.511 0 0 0 1 
Seq_Frame0016_DriverToReference-SequenceTransformStatus = OK
Seq_Frame0016_Timestamp = 1.684
Seq_Frame0017_DriverToReference-SequenceTransform =-0.822589 0.542336 0.170935 -64.8223 0.42285 0.382418 0.821556 201.736 0.380191 0.748083 -0.543899 248.511 0 0 0 1 
Seq_Frame0017_DriverToReference-SequenceTransformStatus = OK
Seq_Frame0017_Timestamp = 1.793
Seq_Frame0018_DriverToReference-SequenceTransform =-0.822589 0.542336 0.170935 -64.8223 0.42285 0.382418 0.821556 201.736 0.380191 0.748083 -0.543899 248.511 0 0 0 1 
Seq_Frame0018_DriverToReference-SequenceTransformStatus = OK
Seq_Frame0018_Timestamp = 1.893
Seq_Frame0019_DriverToReference-SequenceTransform =-0.822589 0.542336 0.170935 -64.8223 0.42285 0.382418 0.821556 201.736 0.380191 0.748083 -0.543899 248.511 0 0 0 1 
Seq_Frame0019_DriverToReference-SequenceTransformStatus = OK
Seq_Frame0019_Timestamp = 1.998
Seq_Frame0020_DriverToReference-SequenceTransform =-0.822589 0.542336 0.170935 -64.8223 0.42285 0.382418 0.821556 201.736 0.380191 0.748083 -0.543899 248.511 0 0 0 1 
Seq_Frame0020_DriverToReference-SequenceTransformStatus = OK
Seq_Frame0020_Timestamp = 2.103
Seq_Frame0021_DriverToReference-SequenceTransform =-0.822589 0.542336 0.170935 -64.8223 0.42285 0.382418 0.821556 201.736 0.380191 0.748083 -0.543899 248.511 0 0 0 1 
Seq_Frame0021_DriverToReference-SequenceTransformStatus = OK
Seq_Frame0021_Timestamp = 2.209
Seq_Frame0022_DriverToReference-SequenceTransform =-0.822589 0.542336 0.170935 -64.8223 0.42285 0.382418 0.821556 201.736 0.380191 0.748083 -0.543899 248.511 0 0 0 1 
Seq_Frame0022_DriverToReference-SequenceTransformStatus = OK
Seq_Frame0022_Timestamp = 2.313
Seq_Frame0023_DriverToReference-SequenceTransform =-0.822589 0.542336 0.170935 -64.8223 0.42285 0.382418 0.821556 201.736 0.380191 0.748083 -0.543899 248.511 0 0 0 1 
Seq_Frame0023_DriverToReference-SequenceTransformStatus = OK
Seq_Frame0023_Timestamp = 2.419
Seq_Frame0024_DriverToReference-SequenceTransform =-0.822589 0.542336 0.170935 -64.8223 0.42285 0.382418 0.821556 201.736 0.380191 0.748083 -0.543899 248.511 0 0 0 1 
Seq_Frame0024_DriverToReference-SequenceTransformStatus = OK
Seq_Frame0024_Timestamp = 2.523
Seq_Frame0025_DriverToReference-SequenceTransform =-0.822589 0.542336 0.170935 -64.8223 0.42285 0.382418 0.821556 201.736 0.380191 0.748083 -0.543899 248.511 0 0 0 1 
Seq_Frame0025_DriverToReference-SequenceTransformStatus = OK
Seq_Frame0025_Timestamp = 2.623
Seq_Frame0026_DriverToReference-SequenceTransform =-0.822589 0.542336 0.170935 -64.8223 0.42285 0.382418 0.821556 201.736 0.380191 0.748083 -0.543899 248.511 0 0 0 1 
Seq_Frame0026_DriverToReference-SequenceTransformStatus = OK
Seq_Frame0026_Timestamp = 2.724
Seq_Frame0027_DriverToReference-SequenceTransform =-0.166109 -0.165149 0.97218 6.64536 -0.322276 0.940831 0.104759 293.207 -0.931958 -0.295909 -0.209504 211.022 0 0 0 1 
Seq_Frame0027_DriverToReference-SequenceTransformStatus = OK
Seq_Frame0027_Timestamp = 2.829
Seq_Frame0028_DriverToReference-SequenceTransform =-0.138348 -0.0421621 0.989486 6.59184 -0.380486 0.924684 -0.0137981 298.522 -0.91438 -0.378395 -0.14397 205.227 0 0 0 1 
Seq_Frame0028_DriverToReference-SequenceTransformStatus = OK
Seq_Frame0028_Timestamp = 2.929
Seq_Frame0029_DriverToReference-SequenceTransform =-0.0808026 0.0776054 0.993704 2.6652 -0.446862 0.888335 -0.105713 301.398 -0.890946 -0.45259 -0.0371009 203.013 0 0 0 1 
Seq_Frame0029_DriverToReference-SequenceTransformStatus = OK
Seq_Frame0029_Timestamp = 3.033
Seq_Frame0030_DriverToReference-SequenceTransform =-0.0481304 0.213492 0.975759 -4.96909 -0.476531 0.85364 -0.210278 304.699 -0.877839 -0.4751 0.0606493 203.71 0 0 0 1 
Seq_Frame0030_DriverToReference-SequenceTransformStatus = OK
Seq_Frame0030_Timestamp = 3.138
Seq_Frame0031_DriverToReference-SequenceTransform =-0.0963233 0.255474 0.962006 -19.2665 -0.43172 0.860131 -0.271647 306.705 -0.89685 -0.441483 0.0274423 207.571 0 0 0 1 
Seq_Frame0031_DriverToReference-SequenceTransformStatus = OK
Seq_Frame0031_Timestamp = 3.238
Seq_Frame0032_DriverToReference-SequenceTransform =-0.0963233 0.255474 0.962006 -19.2665 -0.43172 0.860131 -0.271647 306.705 -0.89685 -0.441483 0.0274423 207.571 0 0 0 1 
Seq_Frame0032_DriverToReference-SequenceTransformStatus = OK
Seq_Frame0032_Timestamp = 3.339
Seq_Frame0033_DriverToReference-SequenceTransform =-0.0963233 0.255474 0.962006 -19.2665 -0.43172 0.860131 -0.271647 306.705 -0.89685 -0.441483 0.0274423 207.571 0 0 0 1 
Seq_Frame0033_DriverToReference-SequenceTransformStatus = OK
Seq_Frame0033_Timestamp = 3.446
Seq_Frame0034_DriverToReference-SequenceTransform =-0.0963233 0.255474 0.962006 -19.2665 -0.43172 0.860131 -0.271647 306.705 -0.89685 -0.441483 0.0274423 207.571 0 0 0 1 
Seq_Frame0034_DriverToReference-SequenceTransformStatus = OK
Seq_Frame0034_Timestamp = 3.553
Seq_Frame0035_DriverToReference-SequenceTransform =-0.683124 0.264961 -0.680542 -95.2053 -0.107841 0.885049 0.452834 214.299 0.722297 0.382732 -0.576024 129.388 0 0 0 1 
Seq_Frame0035_DriverToReference-SequenceTransformStatus = OK
Seq_Frame0035_Timestamp = 3.659
Seq_Frame0036_DriverToReference-SequenceTransform =-0.673576 0.312656 -0.669732 -106.907 0.0169774 0.91243 0.408882 185.277 0.738923 0.264043 -0.619899 106.235 0 0 0 1 
Seq_Frame0036_DriverToReference-SequenceTransformStatus = OK
Seq_Frame0036_Timestamp = 3.763
Seq_Frame0037_DriverToReference-SequenceTransform =-0.702652 0.334714 -0.627891 -112.65 0.0799907 0.914012 0.397723 160.839 0.707023 0.229236 -0.669006 92.8603 0 0 0 1 
Seq_Frame0037_DriverToReference-SequenceTransformStatus = OK
Seq_Frame0037_Timestamp = 3.863
Seq_Frame0038_DriverToReference-SequenceTransform =-0.73299 0.345769 -0.585807 -111.724 0.139135 0.919178 0.368446 139.458 0.665858 0.188561 -0.721857 84.0652 0 0 0 1 
Seq_Frame0038_DriverToReference-SequenceTransformStatus = OK
Seq_Frame0038_Timestamp = 3.971
Seq_Frame0039_DriverToReference-SequenceTransform =-0.739287 0.370425 -0.562352 -112.002 0.200533 0.918322 0.341278 126.277 0.642838 0.139532 -0.753186 77.7434 0 0 0 1 
Seq_Frame0039_DriverToReference-SequenceTransformStatus = OK
Seq_Frame0039_Timestamp = 4.078
Seq_Frame0040_DriverToReference-SequenceTransform =-0.750552 0.374311 -0.544576 -112.824 0.22139 0.918911 0.32648 117.927 0.622622 0.124477 -0.772559 74.916 0 0 0 1 
Seq_Frame0040_DriverToReference-SequenceTransformStatus = OK
Seq_Frame0040_Timestamp = 4.179
Seq_Frame0041_DriverToReference-SequenceTransform =-0.772194 0.370896 -0.5159 -110.857 0.237352 0.921549 0.307264 110.813 0.58939 0.114817 -0.799648 73.2678 0 0 0 1 
Seq_Frame0041_DriverToReference-SequenceTransformStatus = OK
Seq_Frame0041_Timestamp = 4.284
Seq_Frame0042_DriverToReference-SequenceTransform =-0.782421 0.391214 -0.484529 -108.256 0.266116 0.913471 0.307821 107.052 0.563027 0.111905 -0.818827 73.0956 0 0 0 1 
Seq_Frame0042_DriverToReference-SequenceTransformStatus = OK
Seq_Frame0042_Timestamp = 4.396
Seq_Frame0043_DriverToReference-SequenceTransform =-0.798061 0.399918 -0.450737 -107.534 0.277466 0.907886 0.314253 105.792 0.534893 0.125729 -0.835513 73.7201 0 0 0 1 
Seq_Frame0043_DriverToReference-SequenceTransformStatus = OK
Seq_Frame0043_Timestamp = 4.5
Seq_Frame0044_DriverToReference-SequenceTransform =-0.818195 0.385009 -0.426995 -108.48 0.247765 0.906291 0.342416 105.275 0.518815 0.174369 -0.836915 75.5134 0 0 0 1 
Seq_Frame0044_DriverToReference-SequenceTransformStatus = OK
Seq_Frame0044_Timestamp = 4.603
Seq_Frame0045_DriverToReference-SequenceTransform =-0.837304 0.338757 -0.429145 -110.76 0.177055 0.910627 0.373377 105.835 0.517275 0.236648 -0.82245 78.022 0 0 0 1 
Seq_Frame0045_DriverToReference-SequenceTransformStatus = OK
Seq_Frame0045_Timestamp = 4.713
Seq_Frame0046_DriverToReference-SequenceTransform =-0.849799 0.323641 -0.416051 -111.552 0.16571 0.913324 0.371994 106.176 0.500381 0.247176 -0.829772 79.2322 0 0 0 1 
Seq_Frame0046_DriverToReference-SequenceTransformStatus = OK
Seq_Frame0046_Timestamp = 4.814
Seq_Frame0047_DriverToReference-SequenceTransform =-0.851161 0.337322 -0.402167 -110.786 0.177388 0.905946 0.384442 109.563 0.494022 0.255883 -0.830943 79.2533 0 0 0 1 
Seq_Frame0047_DriverToReference-SequenceTransformStatus = OK
Seq_Frame0047_Timestamp = 4.929
Seq_Frame0048_DriverToReference-SequenceTransform =-0.849873 0.361209 -0.383725 -106.242 0.174556 0.879993 0.44175 124.203 0.497239 0.308449 -0.810933 80.2666 0 0 0 1 
Seq_Frame0048_DriverToReference-SequenceTransformStatus = OK
Seq_Frame0048_Timestamp = 5.044
Seq_Frame0049_DriverToReference-SequenceTransform =-0.855422 0.367492 -0.364971 -96.1735 0.150069 0.850303 0.504445 143.736 0.495715 0.376742 -0.782516 84.714 0 0 0 1 
Seq_Frame0049_DriverToReference-SequenceTransformStatus = OK
Seq_Frame0049_Timestamp = 5.153
Seq_Frame0050_DriverToReference-SequenceTransform =-0.860236 0.374403 -0.346145 -85.0406 0.125207 0.813173 0.568395 169.91 0.494285 0.445614 -0.746399 92.8836 0 0 0 1 
Seq_Frame0050_DriverToReference-SequenceTransformStatus = OK
Seq_Frame0050_Timestamp = 5.262
Seq_Frame0051_DriverToReference-SequenceTransform =-0.853535 0.4136 -0.316882 -69.783 0.142602 0.77039 0.621421 193.804 0.501142 0.485217 -0.716534 102.736 0 0 0 1 
Seq_Frame0051_DriverToReference-SequenceTransformStatus = OK
Seq_Frame0051_Timestamp = 5.364
Seq_Frame0052_DriverToReference-SequenceTransform =-0.858128 0.429764 -0.280925 -48.5713 0.152968 0.736299 0.65914 215.066 0.490119 0.522654 -0.697579 112.159 0 0 0 1 
Seq_Frame0052_DriverToReference-SequenceTransformStatus = OK
Seq_Frame0052_Timestamp = 5.478
Seq_Frame0053_DriverToReference-SequenceTransform =-0.859343 0.424658 -0.284948 -31.0541 0.127183 0.717151 0.685215 228.624 0.495332 0.552594 -0.670288 120.968 0 0 0 1 
Seq_Frame0053_DriverToReference-SequenceTransformStatus = OK
Seq_Frame0053_Timestamp = 5.579
Seq_Frame0054_DriverToReference-SequenceTransform =-0.872797 0.398545 -0.281759 -17.5543 0.103657 0.715462 0.690919 237.705 0.47695 0.573826 -0.665765 129.732 0 0 0 1 
Seq_Frame0054_DriverToReference-SequenceTransformStatus = OK
Seq_Frame0054_Timestamp = 5.679
Seq_Frame0055_DriverToReference-SequenceTransform =-0.864283 0.370103 -0.340645 -5.01958 0.0340196 0.718677 0.694511 245.498 0.501854 0.588665 -0.633731 139.82 0 0 0 1 
Seq_Frame0055_DriverToReference-SequenceTransformStatus = OK
Seq_Frame0055_Timestamp = 5.784
Seq_Frame0056_DriverToReference-SequenceTransform =-0.855544 0.283542 -0.433183 3.19462 -0.0796125 0.754696 0.651227 251.294 0.511572 0.59164 -0.623102 146.367 0 0 0 1 
Seq_Frame0056_DriverToReference-SequenceTransformStatus = OK
Seq_Frame0056_Timestamp = 5.894
Seq_Frame0057_DriverToReference-SequenceTransform =-0.83632 0.208838 -0.506908 8.17324 -0.173919 0.775788 0.606552 256.39 0.519925 0.595433 -0.612485 151.499 0 0 0 1 
Seq_Frame0057_DriverToReference-SequenceTransformStatus = OK
Seq_Frame0057_Timestamp = 5.994
Seq_Frame0058_DriverToReference-SequenceTransform =-0.78779 0.175849 -0.590309 10.3439 -0.230523 0.804554 0.547313 260.937 0.57118 0.567248 -0.593283 159.327 0 0 0 1 
Seq_Frame0058_DriverToReference-SequenceTransformStatus = OK
Seq_Frame0058_Timestamp = 6.099
Seq_Frame0059_DriverToReference-SequenceTransform =-0.695313 0.175998 -0.696825 11.6291 -0.299224 0.810639 0.503319 264.603 0.653456 0.558471 -0.510984 165.513 0 0 0 1 
Seq_Frame0059_DriverToReference-SequenceTransformStatus = OK
Seq_Frame0059_Timestamp = 6.208
Seq_Frame0060_DriverToReference-SequenceTransform =-0.826064 -0.299228 -0.477578 12.3237 0.214769 -0.950603 0.224118 270.284 -0.52105 0.0825665 0.849523 169.054 0 0 0 1 
Seq_Frame0060_DriverToReference-SequenceTransformStatus = OK
Seq_Frame0060_Timestamp = 6.319
Seq_Frame0061_DriverToReference-SequenceTransform =-0.826064 -0.299228 -0.477578 12.3237 0.214769 -0.950603 0.224118 270.284 -0.52105 0.0825665 0.849523 169.054 0 0 0 1 
Seq_Frame0061_DriverToReference-SequenceTransformStatus = OK
Seq_Frame0061_Timestamp = 6.488
Seq_Frame0062_DriverToReference-SequenceTransform =-0.586403 0.060616 -0.807749 36.3385 -0.495798 0.761719 0.417097 264.088 0.64056 0.645066 -0.41662 178.639 0 0 0 1 
Seq_Frame0062_DriverToReference-SequenceTransformStatus = OK
Seq_Frame0062_Timestamp = 7.598
Seq_Frame0063_DriverToReference-SequenceTransform =-0.591049 0.0163503 -0.80647 40.9667 -0.427003 0.841879 0.330012 262.935 0.684346 0.539419 -0.49061 181.692 0 0 0 1 
Seq_Frame0063_DriverToReference-SequenceTransformStatus = OK
Seq_Frame0063_Timestamp = 7.703
Seq_Frame0064_DriverToReference-SequenceTransform =-0.584353 0.0094679 -0.811444 46.2945 -0.447629 0.830287 0.332043 260.973 0.676875 0.557256 -0.480943 182.23 0 0 0 1 
Seq_Frame0064_DriverToReference-SequenceTransformStatus = OK
Seq_Frame0064_Timestamp = 7.804
Seq_Frame0065_DriverToReference-SequenceTransform =-0.58544 0.0111915 -0.810638 52.0575 -0.457827 0.82064 0.341971 259.625 0.66907 0.571335 -0.475312 183.576 0 0 0 1 
Seq_Frame0065_DriverToReference-SequenceTransformStatus = OK
Seq_Frame0065_Timestamp = 7.908
Seq_Frame0066_DriverToReference-SequenceTransform =-0.573273 -0.0163814 -0.819201 57.7882 -0.466529 0.828436 0.309909 257.37 0.673579 0.559844 -0.482563 184.931 0 0 0 1 
Seq_Frame0066_DriverToReference-SequenceTransformStatus = OK
Seq_Frame0066_Timestamp = 8.009
Seq_Frame0067_DriverToReference-SequenceTransform =-0.539065 -0.041831 -0.841225 62.8418 -0.491972 0.826313 0.274171 254.495 0.683647 0.561655 -0.466016 189.089 0 0 0 1 
Seq_Frame0067_DriverToReference-SequenceTransformStatus = OK
Seq_Frame0067_Timestamp = 8.119
Seq_Frame0068_DriverToReference-SequenceTransform =-0.524405 -0.0613731 -0.849254 67.5453 -0.489267 0.838015 0.241556 252.746 0.696863 0.542185 -0.469487 194 0 0 0 1 
Seq_Frame0068_DriverToReference-SequenceTransformStatus = OK
Seq_Frame0068_Timestamp = 8.224
Seq_Frame0069_DriverToReference-SequenceTransform =-0.364138 -0.175249 -0.914708 69.5493 -0.525313 0.849646 0.0463395 251.297 0.769058 0.497382 -0.401449 202.963 0 0 0 1 
Seq_Frame0069_DriverToReference-SequenceTransformStatus = OK
Seq_Frame0069_Timestamp = 8.329
Seq_Frame0070_DriverToReference-SequenceTransform =-0.0949212 -0.24235 -0.965534 64.8863 -0.571812 0.807217 -0.146397 243.996 0.814875 0.538208 -0.2152 208.824 0 0 0 1 
Seq_Frame0070_DriverToReference-SequenceTransformStatus = OK
Seq_Frame0070_Timestamp = 8.429
Seq_Frame0071_DriverToReference-SequenceTransform =-0.0949212 -0.24235 -0.965534 64.8863 -0.571812 0.807217 -0.146397 243.996 0.814875 0.538208 -0.2152 208.824 0 0 0 1 
Seq_Frame0071_DriverToReference-SequenceTransformStatus = OK
Seq_Frame0071_Timestamp = 8.903
Seq_Frame0072_DriverToReference-SequenceTransform =-0.0949212 -0.24235 -0.965534 64.8863 -0.571812 0.807217 -0.146397 243.996 0.814875 0.538208 -0.2152 208.824 0 0 0 1 
Seq_Frame0072_DriverToReference-SequenceTransformStatus = OK
Seq_Frame0072_Timestamp = 10.063
Seq_Frame0073_DriverToReference-SequenceTransform =-0.0949212 -0.24235 -0.965534 64.8863 -0.571812 0.807217 -0.146397 243.996 0.814875 0.538208 -0.2152 208.824 0 0 0 1 
Seq_Frame0073_DriverToReference-SequenceTransformStatus = OK
Seq_Frame0073_Timestamp = 10.163
Seq_Frame0074_DriverToReference-SequenceTransform =-0.0949212 -0.24235 -0.965534 64.8863 -0.571812 0.807217 -0.146397 243.996 0.814875 0.538208 -0.2152 208.824 0 0 0 1 
Seq_Frame0074_DriverToReference-SequenceTransformStatus = OK
Seq_Frame0074_Timestamp = 10.268
Seq_Frame0075_DriverToReference-SequenceTransform =-0.0949212 -0.24235 -0.965534 64.8863 -0.571812 0.807217 -0.146397 243.996 0.814875 0.538208 -0.2152 208.824 0 0 0 1 
Seq_Frame0075_DriverToReference-SequenceTransformStatus = OK
Seq_Frame0075_Timestamp = 10.37
Seq_Frame0076_DriverToReference-SequenceTransform =-0.0949212 -0.24235 -0.965534 64.8863 -0.571812 0.807217 -0.146397 243.996 0.814875 0.538208 -0.2152 208.824 0 0 0 1 
Seq_Frame0076_DriverToReference-SequenceTransformStatus = OK
Seq_Frame0076_Timestamp = 11.348
Seq_Frame0077_DriverToReference-SequenceTransform =-0.0949212 -0.24235 -0.965534 64.8863 -0.571812 0.807217 -0.146397 243.996 0.814875 0.538208 -0.2152 208.824 0 0 0 1 
Seq_Frame0077_DriverToReference-SequenceTransformStatus = OK
Seq_Frame0077_Timestamp = 11.659
Seq_Frame0078_DriverToReference-SequenceTransform =-0.0949212 -0.24235 -0.965534 64.8863 -0.571812 0.807217 -0.146397 243.996 0.814875 0.538208 -0.2152 208.824 0 0 0 1 
Seq_Frame0078_DriverToReference-SequenceTransformStatus = OK
Seq_Frame0078_Timestamp = 11.768
Seq_Frame0079_DriverToReference-SequenceTransform =-0.0949212 -0.24235 -0.965534 64.8863 -0.571812 0.807217 -0.146397 243.996 0.814875 0.538208 -0.2152 208.824 0 0 0 1 
Seq_Frame0079_DriverToReference-SequenceTransformStatus = OK
Seq_Frame0079_Timestamp = 11.869
Seq_Frame0080_DriverToReference-SequenceTransform =-0.0949212 -0.24235 -0.965534 64.8863 -0.571812 0.807217 -0.146397 243.996 0.814875 0.538208 -0.2152 208.824 0 0 0 1 
Seq_Frame0080_DriverToReference-SequenceTransformStatus = OK
Seq_Frame0080_Timestamp = 11.973
Seq_Frame0081_DriverToReference-SequenceTransform =-0.0949212 -0.24235 -0.965534 64.8863 -0.571812 0.807217 -0.146397 243.996 0.814875 0.538208 -0.2152 208.824 0 0 0 1 
Seq_Frame0081_DriverToReference-SequenceTransformStatus = OK
Seq_Frame0081_Timestamp = 12.074
Seq_Frame0082_DriverToReference-SequenceTransform =-0.0949212 -0.24235 -0.965534 64.8863 -0.571812 0.807217 -0.146397 243.996 0.814875 0.538208 -0.2152 208.824 0 0 0 1 
Seq_Frame0082_DriverToReference-SequenceTransformStatus = OK
Seq_Frame0082_Timestamp = 12.178
Seq_Frame0083_DriverToReference-SequenceTransform =-0.0949212 -0.24235 -0.965534 64.8863 -0.571812 0.807217 -0.146397 243.996 0.814875 0.538208 -0.2152 208.824 0 0 0 1 
Seq_Frame0083_DriverToReference-SequenceTransformStatus = OK
Seq_Frame0083_Timestamp = 12.283
Seq_Frame0084_DriverToReference-SequenceTransform =-0.0949212 -0.24235 -0.965534 64.8863 -0.571812 0.807217 -0.146397 243.996 0.814875 0.538208 -0.2152 208.824 0 0 0 1 
Seq_Frame0084_DriverToReference-SequenceTransformStatus = OK
Seq_Frame0084_Timestamp = 12.383
Seq_Frame0085_DriverToReference-SequenceTransform =-0.0949212 -0.24235 -0.965534 64.8863 -0.571812 0.807217 -0.146397 243.996 0.814875 0.538208 -0.2152 208.824 0 0 0 1 
Seq_Frame0085_DriverToReference-SequenceTransformStatus = OK
Seq_Frame0085_Timestamp = 12.484
Seq_Frame0086_DriverToReference-SequenceTransform =-0.0949212 -0.24235 -0.965534 64.8863 -0.571812 0.807217 -0.146397 243.996 0.814875 0.538208 -0.2152 208.824 0 0 0 1 
Seq_Frame0086_DriverToReference-SequenceTransformStatus = OK
Seq_Frame0086_Timestamp = 12.595
Seq_Frame0087_DriverToReference-SequenceTransform =-0.0949212 -0.24235 -0.965534 64.8863 -0.571812 0.807217 -0.146397 243.996 0.814875 0.538208 -0.2152 208.824 0 0 0 1 
Seq_Frame0087_DriverToReference-SequenceTransformStatus = OK
Seq_Frame0087_Timestamp = 12.696
Seq_Frame0088_DriverToReference-SequenceTransform =-0.0949212 -0.24235 -0.965534 64.8863 -0.571812 0.807217 -0.146397 243.996 0.814875 0.538208 -0.2152 208.824 0 0 0 1 
Seq_Frame0088_DriverToReference-SequenceTransformStatus = OK
Seq_Frame0088_Timestamp = 12.798
Seq_Frame0089_DriverToReference-SequenceTransform =-0.0949212 -0.24235 -0.965534 64.8863 -0.571812 0.807217 -0.146397 243.996 0.814875 0.538208 -0.2152 208.824 0 0 0 1 
Seq_Frame0089_DriverToReference-SequenceTransformStatus = OK
Seq_Frame0089_Timestamp = 12.899
Seq_Frame0090_DriverToReference-SequenceTransform =-0.0949212 -0.24235 -0.965534 64.8863 -0.571812 0.807217 -0.146397 243.996 0.814875 0.538208 -0.2152 208.824 0 0 0 1 
Seq_Frame0090_DriverToReference-SequenceTransformStatus = OK
Seq_Frame0090_Timestamp = 13
Seq_Frame0091_DriverToReference-SequenceTransform =-0.0949212 -0.24235 -0.965534 64.8863 -0.571812 0.807217 -0.146397 243.996 0.814875 0.538208 -0.2152 208.824 0 0 0 1 
Seq_Frame0091_DriverToReference-SequenceTransformStatus = OK
Seq_Frame0091_Timestamp = 13.103
Seq_Frame0092_DriverToReference-SequenceTransform =-0.0949212 -0.24235 -0.965534 64.8863 -0.571812 0.807217 -0.146397 243.996 0.814875 0.538208 -0.2152 208.824 0 0 0 1 
Seq_Frame0092_DriverToReference-SequenceTransformStatus = OK
Seq_Frame0092_Timestamp = 13.208
Seq_Frame0093_DriverToReference-SequenceTransform =-0.0949212 -0.24235 -0.965534 64.8863 -0.571812 0.807217 -0.146397 243.996 0.814875 0.538208 -0.2152 208.824 0 0 0 1 
Seq_Frame0093_DriverToReference-SequenceTransformStatus = OK
Seq_Frame0093_Timestamp = 13.318
Seq_Frame0094_DriverToReference-SequenceTransform =-0.0949212 -0.24235 -0.965534 64.8863 -0.571812 0.807217 -0.146397 243.996 0.814875 0.538208 -0.2152 208.824 0 0 0 1 
Seq_Frame0094_DriverToReference-SequenceTransformStatus = OK
Seq_Frame0094_Timestamp = 13.428
Seq_Frame0095_DriverToReference-SequenceTransform =-0.0949212 -0.24235 -0.965534 64.8863 -0.571812 0.807217 -0.146397 243.996 0.814875 0.538208 -0.2152 208.824 0 0 0 1 
Seq_Frame0095_DriverToReference-SequenceTransformStatus = OK
Seq_Frame0095_Timestamp = 13.529
Seq_Frame0096_DriverToReference-SequenceTransform =-0.0949212 -0.24235 -0.965534 64.8863 -0.571812 0.807217 -0.146397 243.996 0.814875 0.538208 -0.2152 208.824 0 0 0 1 
Seq_Frame0096_DriverToReference-SequenceTransformStatus = OK
Seq_Frame0096_Timestamp = 13.633
Seq_Frame0097_DriverToReference-SequenceTransform =-0.0949212 -0.24235 -0.965534 64.8863 -0.571812 0.807217 -0.146397 243.996 0.814875 0.538208 -0.2152 208.824 0 0 0 1 
Seq_Frame0097_DriverToReference-SequenceTransformStatus = OK
Seq_Frame0097_Timestamp = 13.734
Seq_Frame0098_DriverToReference-SequenceTransform =-0.0949212 -0.24235 -0.965534 64.8863 -0.571812 0.807217 -0.146397 243.996 0.814875 0.538208 -0.2152 208.824 0 0 0 1 
Seq_Frame0098_DriverToReference-SequenceTransformStatus = OK
Seq_Frame0098_Timestamp = 13.834
Seq_Frame0099_DriverToReference-SequenceTransform =-0.0949212 -0.24235 -0.965534 64.8863 -0.571812 0.807217 -0.146397 243.996 0.814875 0.538208 -0.2152 208.824 0 0 0 1 
Seq_Frame0099_DriverToReference-SequenceTransformStatus = OK
Seq_Frame0099_Timestamp = 13.937
Seq_Frame0100_DriverToReference-SequenceTransform =-0.0949212 -0.24235 -0.965534 64.8863 -0.571812 0.807217 -0.146397 243.996 0.814875 0.538208 -0.2152 208.824 0 0 0 1 
Seq_Frame0100_DriverToReference-SequenceTransformStatus = OK
Seq_Frame0100_Timestamp = 14.043
Seq_Frame0101_DriverToReference-SequenceTransform =-0.0949212 -0.24235 -0.965534 64.8863 -0.571812 0.807217 -0.146397 243.996 0.814875 0.538208 -0.2152 208.824 0 0 0 1 
Seq_Frame0101_DriverToReference-SequenceTransformStatus = OK
Seq_Frame0101_Timestamp = 14.144
Seq_Frame0102_DriverToReference-SequenceTransform =-0.0949212 -0.24235 -0.965534 64.8863 -0.571812 0.807217 -0.146397 243.996 0.814875 0.538208 -0.2152 208.824 0 0 0 1 
Seq_Frame0102_DriverToReference-SequenceTransformStatus = OK
Seq_Frame0102_Timestamp = 14.248
Seq_Frame0103_DriverToReference-SequenceTransform =-0.0949212 -0.24235 -0.965534 64.8863 -0.571812 0.807217 -0.146397 243.996 0.814875 0.538208 -0.2152 208.824 0 0 0 1 
Seq_Frame0103_DriverToReference-SequenceTransformStatus = OK
Seq_Frame0103_Timestamp = 14.358
Seq_Frame0104_DriverToReference-SequenceTransform =-0.0949212 -0.24235 -0.965534 64.8863 -0.571812 0.807217 -0.146397 243.996 0.814875 0.538208 -0.2152 208.824 0 0 0 1 
Seq_Frame0104_DriverToReference-SequenceTransformStatus = OK
Seq_Frame0104_Timestamp = 14.462
Seq_Frame0105_DriverToReference-SequenceTransform =-0.0949212 -0.24235 -0.965534 64.8863 -0.571812 0.807217 -0.146397 243.996 0.814875 0.538208 -0.2152 208.824 0 0 0 1 
Seq_Frame0105_DriverToReference-SequenceTransformStatus = OK
Seq_Frame0105_Timestamp = 14.568
Seq_Frame0106_DriverToReference-SequenceTransform =-0.0949212 -0.24235 -0.965534 64.8863 -0.571812 0.807217 -0.146397 243.996 0.814875 0.538208 -0.2152 208.824 0 0 0 1 
Seq_Frame0106_DriverToReference-SequenceTransformStatus = OK
Seq_Frame0106_Timestamp = 14.673
Seq_Frame0107_DriverToReference-SequenceTransform =-0.0949212 -0.24235 -0.965534 64.8863 -0.571812 0.807217 -0.146397 243.996 0.814875 0.538208 -0.2152 208.824 0 0 0 1 
Seq_Frame0107_DriverToReference-SequenceTransformStatus = OK
Seq_Frame0107_Timestamp = 14.78
Seq_Frame0108_DriverToReference-SequenceTransform =-0.0949212 -0.24235 -0.965534 64.8863 -0.571812 0.807217 -0.146397 243.996 0.814875 0.538208 -0.2152 208.824 0 0 0 1 
Seq_Frame0108_DriverToReference-SequenceTransformStatus = OK
Seq_Frame0108_Timestamp = 14.883
Seq_Frame0109_DriverToReference-SequenceTransform =-0.0949212 -0.24235 -0.965534 64.8863 -0.571812 0.807217 -0.146397 243.996 0.814875 0.538208 -0.2152 208.824 0 0 0 1 
Seq_Frame0109_DriverToReference-SequenceTransformStatus = OK
Seq_Frame0109_Timestamp = 14.993
Seq_Frame0110_DriverToReference-SequenceTransform =-0.0949212 -0.24235 -0.965534 64.8863 -0.571812 0.807217 -0.146397 243.996 0.814875 0.538208 -0.2152 208.824 0 0 0 1 
Seq_Frame0110_DriverToReference-SequenceTransformStatus = OK
Seq_Frame0110_Timestamp = 15.098
Seq_Frame0111_DriverToReference-SequenceTransform =-0.0949212 -0.24235 -0.965534 64.8863 -0.571812 0.807217 -0.146397 243.996 0.814875 0.538208 -0.2152 208.824 0 0 0 1 
Seq_Frame0111_DriverToReference-SequenceTransformStatus = OK
Seq_Frame0111_Timestamp = 15.203
Seq_Frame0112_DriverToReference-SequenceTransform =-0.0949212 -0.24235 -0.965534 64.8863 -0.571812 0.807217 -0.146397 243.996 0.814875 0.538208 -0.2152 208.824 0 0 0 1 
Seq_Frame0112_DriverToReference-SequenceTransformStatus = OK
Seq_Frame0112_Timestamp = 15.308
Seq_Frame0113_DriverToReference-SequenceTransform =-0.0949212 -0.24235 -0.965534 64.8863 -0.571812 0.807217 -0.146397 243.996 0.814875 0.538208 -0.2152 208.824 0 0 0 1 
Seq_Frame0113_DriverToReference-SequenceTransformStatus = OK
Seq_Frame0113_Timestamp = 15.409
Seq_Frame0114_DriverToReference-SequenceTransform =-0.0949212 -0.24235 -0.965534 64.8863 -0.571812 0.807217 -0.146397 243.996 0.814875 0.538208 -0.2152 208.824 0 0 0 1 
Seq_Frame0114_DriverToReference-SequenceTransformStatus = OK
Seq_Frame0114_Timestamp = 15.513
Seq_Frame0115_DriverToReference-SequenceTransform =-0.0949212 -0.24235 -0.965534 64.8863 -0.571812 0.807217 -0.146397 243.996 0.814875 0.538208 -0.2152 208.824 0 0 0 1 
Seq_Frame0115_DriverToReference-SequenceTransformStatus = OK
Seq_Frame0115_Timestamp = 17.083
Seq_Frame0116_DriverToReference-SequenceTransform =-0.0949212 -0.24235 -0.965534 64.8863 -0.571812 0.807217 -0.146397 243.996 0.814875 0.538208 -0.2152 208.824 0 0 0 1 
Seq_Frame0116_DriverToReference-SequenceTransformStatus = OK
Seq_Frame0116_Timestamp = 17.193
Seq_Frame0117_DriverToReference-SequenceTransform =-0.0949212 -0.24235 -0.965534 64.8863 -0.571812 0.807217 -0.146397 243.996 0.814875 0.538208 -0.2152 208.824 0 0 0 1 
Seq_Frame0117_DriverToReference-SequenceTransformStatus = OK
Seq_Frame0117_Timestamp = 17.298
Seq_Frame0118_DriverToReference-SequenceTransform =-0.0949212 -0.24235 -0.965534 64.8863 -0.571812 0.807217 -0.146397 243.996 0.814875 0.538208 -0.2152 208.824 0 0 0 1 
Seq_Frame0118_DriverToReference-SequenceTransformStatus = OK
Seq_Frame0118_Timestamp = 17.409
Seq_Frame0119_DriverToReference-SequenceTransform =-0.0949212 -0.24235 -0.965534 64.8863 -0.571812 0.807217 -0.146397 243.996 0.814875 0.538208 -0.2152 208.824 0 0 0 1 
Seq_Frame0119_DriverToReference-SequenceTransformStatus = OK
Seq_Frame0119_Timestamp = 17.512
Seq_Frame0120_DriverToReference-SequenceTransform =-0.0949212 -0.24235 -0.965534 64.8863 -0.571812 0.807217 -0.146397 243.996 0.814875 0.538208 -0.2152 208.824 0 0 0 1 
Seq_Frame0120_DriverToReference-SequenceTransformStatus = OK
Seq_Frame0120_Timestamp = 17.983
Seq_Frame0121_DriverToReference-SequenceTransform =-0.0949212 -0.24235 -0.965534 64.8863 -0.571812 0.807217 -0.146397 243.996 0.814875 0.538208 -0.2152 208.824 0 0 0 1 
Seq_Frame0121_DriverToReference-SequenceTransformStatus = OK
Seq_Frame0121_Timestamp = 18.093
Seq_Frame0122_DriverToReference-SequenceTransform =-0.0949212 -0.24235 -0.965534 64.8863 -0.571812 0.807217 -0.146397 243.996 0.814875 0.538208 -0.2152 208.824 0 0 0 1 
Seq_Frame0122_DriverToReference-SequenceTransformStatus = OK
Seq_Frame0122_Timestamp = 18.194
Seq_Frame0123_DriverToReference-SequenceTransform =-0.0949212 -0.24235 -0.965534 64.8863 -0.571812 0.807217 -0.146397 243.996 0.814875 0.538208 -0.2152 208.824 0 0 0 1 
Seq_Frame0123_DriverToReference-SequenceTransformStatus = OK
Seq_Frame0123_Timestamp = 18.759
Seq_Frame0124_DriverToReference-SequenceTransform =-0.0949212 -0.24235 -0.965534 64.8863 -0.571812 0.807217 -0.146397 243.996 0.814875 0.538208 -0.2152 208.824 0 0 0 1 
Seq_Frame0124_DriverToReference-SequenceTransformStatus = OK
Seq_Frame0124_Timestamp = 18.868
Seq_Frame0125_DriverToReference-SequenceTransform =-0.0949212 -0.24235 -0.965534 64.8863 -0.571812 0.807217 -0.146397 243.996 0.814875 0.538208 -0.2152 208.824 0 0 0 1 
Seq_Frame0125_DriverToReference-SequenceTransformStatus = OK
Seq_Frame0125_Timestamp = 19.908
Seq_Frame0126_DriverToReference-SequenceTransform =-0.0949212 -0.24235 -0.965534 64.8863 -0.571812 0.807217 -0.146397 243.996 0.814875 0.538208 -0.2152 208.824 0 0 0 1 
Seq_Frame0126_DriverToReference-SequenceTransformStatus = OK
Seq_Frame0126_Timestamp = 20.073
Seq_Frame0127_DriverToReference-SequenceTransform =-0.0949212 -0.24235 -0.965534 64.8863 -0.571812 0.807217 -0.146397 243.996 0.814875 0.538208 -0.2152 208.824 0 0 0 1 
Seq_Frame0127_DriverToReference-SequenceTransformStatus = OK
Seq_Frame0127_Timestamp = 20.593
Seq_Frame0128_DriverToReference-SequenceTransform =-0.0949212 -0.24235 -0.965534 64.8863 -0.571812 0.807217 -0.146397 243.996 0.814875 0.538208 -0.2152 208.824 0 0 0 1 
Seq_Frame0128_DriverToReference-SequenceTransformStatus = OK
Seq_Frame0128_Timestamp = 20.698
Seq_Frame0129_DriverToReference-SequenceTransform =-0.0949212 -0.24235 -0.965534 64.8863 -0.571812 0.807217 -0.146397 243.996 0.814875 0.538208 -0.2152 208.824 0 0 0 1 
Seq_Frame0129_DriverToReference-SequenceTransformStatus = OK
Seq_Frame0129_Timestamp = 20.823
Seq_Frame0130_DriverToReference-SequenceTransform =-0.0949212 -0.24235 -0.965534 64.8863 -0.571812 0.807217 -0.146397 243.996 0.814875 0.538208 -0.2152 208.824 0 0 0 1 
Seq_Frame0130_DriverToReference-SequenceTransformStatus = OK
Seq_Frame0130_Timestamp = 21.403
Seq_Frame0131_DriverToReference-SequenceTransform =-0.421868 -0.0870483 -0.902469 99.0796 -0.500562 0.85229 0.151784 243.575 0.755953 0.515775 -0.403127 170.824 0 0 0 1 
Seq_Frame0131_DriverToReference-SequenceTransformStatus = OK
Seq_Frame0131_Timestamp = 21.508
Seq_Frame0132_DriverToReference-SequenceTransform =-0.447224 -0.0713131 -0.891575 101.711 -0.496227 0.849116 0.180996 246.835 0.744143 0.52337 -0.415133 168.058 0 0 0 1 
Seq_Frame0132_DriverToReference-SequenceTransformStatus = OK
Seq_Frame0132_Timestamp = 21.612
Seq_Frame0133_DriverToReference-SequenceTransform =-0.46353 -0.0612537 -0.883961 104.916 -0.492126 0.847393 0.199341 252.001 0.736852 0.527421 -0.422937 165.991 0 0 0 1 
Seq_Frame0133_DriverToReference-SequenceTransformStatus = OK
Seq_Frame0133_Timestamp = 21.719
Seq_Frame0134_DriverToReference-SequenceTransform =-0.462621 -0.0443003 -0.885449 107.476 -0.501183 0.836913 0.219981 257.652 0.731299 0.54554 -0.409376 161.29 0 0 0 1 
Seq_Frame0134_DriverToReference-SequenceTransformStatus = OK
Seq_Frame0134_Timestamp = 21.824
Seq_Frame0135_DriverToReference-SequenceTransform =-0.46957 -0.050111 -0.881472 111.074 -0.513589 0.827589 0.226547 264.379 0.718144 0.559094 -0.414347 156.175 0 0 0 1 
Seq_Frame0135_DriverToReference-SequenceTransformStatus = OK
Seq_Frame0135_Timestamp = 21.933
Seq_Frame0136_DriverToReference-SequenceTransform =-0.474286 -0.050341 -0.878931 115.13 -0.532029 0.811825 0.240594 270.944 0.701426 0.581727 -0.41182 150.228 0 0 0 1 
Seq_Frame0136_DriverToReference-SequenceTransformStatus = OK
Seq_Frame0136_Timestamp = 22.034
Seq_Frame0137_DriverToReference-SequenceTransform =-0.457296 -0.0521984 -0.887781 118.95 -0.538927 0.810357 0.229955 277.061 0.707417 0.583607 -0.398704 145.249 0 0 0 1 
Seq_Frame0137_DriverToReference-SequenceTransformStatus = OK
Seq_Frame0137_Timestamp = 22.135
Seq_Frame0138_DriverToReference-SequenceTransform =-0.45727 -0.0581178 -0.887427 121.769 -0.547504 0.804741 0.229413 283.091 0.700816 0.590774 -0.399804 139.826 0 0 0 1 
Seq_Frame0138_DriverToReference-SequenceTransformStatus = OK
Seq_Frame0138_Timestamp = 22.238
Seq_Frame0139_DriverToReference-SequenceTransform =-0.441959 -0.0626257 -0.894846 123.521 -0.557051 0.801066 0.219061 287.055 0.703112 0.595291 -0.388924 136.261 0 0 0 1 
Seq_Frame0139_DriverToReference-SequenceTransformStatus = OK
Seq_Frame0139_Timestamp = 22.34
Seq_Frame0140_DriverToReference-SequenceTransform =-0.445716 -0.0647516 -0.892829 126.361 -0.56942 0.790094 0.226964 291.979 0.690723 0.609556 -0.389028 131.662 0 0 0 1 
Seq_Frame0140_DriverToReference-SequenceTransformStatus = OK
Seq_Frame0140_Timestamp = 22.453
Seq_Frame0141_DriverToReference-SequenceTransform =-0.45365 -0.0608397 -0.889101 129.069 -0.569586 0.787093 0.236762 298.887 0.685401 0.613826 -0.391718 124.739 0 0 0 1 
Seq_Frame0141_DriverToReference-SequenceTransformStatus = OK
Seq_Frame0141_Timestamp = 22.558
Seq_Frame0142_DriverToReference-SequenceTransform =-0.428661 -0.0627683 -0.901282 130.736 -0.593982 0.771259 0.228792 303.968 0.680761 0.63342 -0.367892 118.893 0 0 0 1 
Seq_Frame0142_DriverToReference-SequenceTransformStatus = OK
Seq_Frame0142_Timestamp = 22.662
Seq_Frame0143_DriverToReference-SequenceTransform =-0.419113 -0.0694095 -0.905277 134.306 -0.604736 0.765058 0.221314 309.744 0.677229 0.640209 -0.36262 114.877 0 0 0 1 
Seq_Frame0143_DriverToReference-SequenceTransformStatus = OK
Seq_Frame0143_Timestamp = 22.768
Seq_Frame0144_DriverToReference-SequenceTransform =-0.427798 -0.0641583 -0.901595 136.75 -0.605685 0.760748 0.233256 316.242 0.670921 0.645869 -0.364306 109.655 0 0 0 1 
Seq_Frame0144_DriverToReference-SequenceTransformStatus = OK
Seq_Frame0144_Timestamp = 22.87
Seq_Frame0145_DriverToReference-SequenceTransform =-0.407793 -0.0643705 -0.910803 138.143 -0.623689 0.748178 0.226366 322.19 0.666871 0.660368 -0.345249 104.282 0 0 0 1 
Seq_Frame0145_DriverToReference-SequenceTransformStatus = OK
Seq_Frame0145_Timestamp = 22.973
Seq_Frame0146_DriverToReference-SequenceTransform =-0.412522 -0.0592859 -0.909016 138.064 -0.622684 0.746702 0.233882 328.956 0.664898 0.662512 -0.344948 98.1178 0 0 0 1 
Seq_Frame0146_DriverToReference-SequenceTransformStatus = OK
Seq_Frame0146_Timestamp = 23.074
Seq_Frame0147_DriverToReference-SequenceTransform =-0.38013 -0.0529938 -0.923414 135.859 -0.648175 0.727468 0.225077 329.998 0.659826 0.684092 -0.310881 96.005 0 0 0 1 
Seq_Frame0147_DriverToReference-SequenceTransformStatus = OK
Seq_Frame0147_Timestamp = 23.184
Seq_Frame0148_DriverToReference-SequenceTransform =-0.374009 -0.0628921 -0.92529 135.694 -0.650618 0.728791 0.213448 328.169 0.660919 0.681842 -0.313493 98.0903 0 0 0 1 
Seq_Frame0148_DriverToReference-SequenceTransformStatus = OK
Seq_Frame0148_Timestamp = 23.284
Seq_Frame0149_DriverToReference-SequenceTransform =-0.384808 -0.0634034 -0.920816 135.848 -0.635183 0.742022 0.21435 322.836 0.669675 0.66737 -0.325809 101.303 0 0 0 1 
Seq_Frame0149_DriverToReference-SequenceTransformStatus = OK
Seq_Frame0149_Timestamp = 23.395
Seq_Frame0150_DriverToReference-SequenceTransform =-0.376161 -0.0573464 -0.924778 136.601 -0.640569 0.737235 0.21484 320.947 0.669458 0.673199 -0.314053 102.371 0 0 0 1 
Seq_Frame0150_DriverToReference-SequenceTransformStatus = OK
Seq_Frame0150_Timestamp = 23.499
Seq_Frame0151_DriverToReference-SequenceTransform =-0.392371 -0.0477344 -0.918567 138.139 -0.632455 0.739117 0.231748 323.042 0.667866 0.671884 -0.320198 102.489 0 0 0 1 
