ObjectType = Image
NDims = 3
AnatomicalOrientation = RAI
BinaryData = True
CompressedData = False
DimSize = 0 0 1843
ElementSpacing = 1 1 1
Offset = 0 0 0
TransformMatrix = 1 0 0 0 1 0 0 0 1
ElementType = MET_UCHAR
Kinds = domain domain list
Seq_Frame0000_ForcepTipToForcep-SequenceTransform =0.699526 5.55112e-17 -0.714607 -93.8638 -0.573602 0.596408 -0.561496 -77.4251 0.426198 0.802681 0.417203 64.7054 0 0 0 1 
Seq_Frame0000_ForcepTipToForcep-SequenceTransformStatus = OK
Seq_Frame0000_Timestamp = 0.0150001
Seq_Frame0001_ForcepTipToForcep-SequenceTransform =0.699526 5.55112e-17 -0.714607 -93.8638 -0.573602 0.596408 -0.561496 -77.4251 0.426198 0.802681 0.417203 64.7054 0 0 0 1 
Seq_Frame0001_ForcepTipToForcep-SequenceTransformStatus = OK
Seq_Frame0001_Timestamp = 0.118
Seq_Frame0002_ForcepTipToForcep-SequenceTransform =0.699526 5.55112e-17 -0.714607 -93.8638 -0.573602 0.596408 -0.561496 -77.4251 0.426198 0.802681 0.417203 64.7054 0 0 0 1 
Seq_Frame0002_ForcepTipToForcep-SequenceTransformStatus = OK
Seq_Frame0002_Timestamp = 0.218
Seq_Frame0003_ForcepTipToForcep-SequenceTransform =0.699526 5.55112e-17 -0.714607 -93.8638 -0.573602 0.596408 -0.561496 -77.4251 0.426198 0.802681 0.417203 64.7054 0 0 0 1 
Seq_Frame0003_ForcepTipToForcep-SequenceTransformStatus = OK
Seq_Frame0003_Timestamp = 0.319
Seq_Frame0004_ForcepTipToForcep-SequenceTransform =0.699526 5.55112e-17 -0.714607 -93.8638 -0.573602 0.596408 -0.561496 -77.4251 0.426198 0.802681 0.417203 64.7054 0 0 0 1 
Seq_Frame0004_ForcepTipToForcep-SequenceTransformStatus = OK
Seq_Frame0004_Timestamp = 0.429
Seq_Frame0005_ForcepTipToForcep-SequenceTransform =0.699526 5.55112e-17 -0.714607 -93.8638 -0.573602 0.596408 -0.561496 -77.4251 0.426198 0.802681 0.417203 64.7054 0 0 0 1 
Seq_Frame0005_ForcepTipToForcep-SequenceTransformStatus = OK
Seq_Frame0005_Timestamp = 0.533
Seq_Frame0006_ForcepTipToForcep-SequenceTransform =0.699526 5.55112e-17 -0.714607 -93.8638 -0.573602 0.596408 -0.561496 -77.4251 0.426198 0.802681 0.417203 64.7054 0 0 0 1 
Seq_Frame0006_ForcepTipToForcep-SequenceTransformStatus = OK
Seq_Frame0006_Timestamp = 0.638
Seq_Frame0007_ForcepTipToForcep-SequenceTransform =0.699526 5.55112e-17 -0.714607 -93.8638 -0.573602 0.596408 -0.561496 -77.4251 0.426198 0.802681 0.417203 64.7054 0 0 0 1 
Seq_Frame0007_ForcepTipToForcep-SequenceTransformStatus = OK
Seq_Frame0007_Timestamp = 0.739
Seq_Frame0008_ForcepTipToForcep-SequenceTransform =0.699526 5.55112e-17 -0.714607 -93.8638 -0.573602 0.596408 -0.561496 -77.4251 0.426198 0.802681 0.417203 64.7054 0 0 0 1 
Seq_Frame0008_ForcepTipToForcep-SequenceTransformStatus = OK
Seq_Frame0008_Timestamp = 0.846
Seq_Frame0009_ForcepTipToForcep-SequenceTransform =0.699526 5.55112e-17 -0.714607 -93.8638 -0.573602 0.596408 -0.561496 -77.4251 0.426198 0.802681 0.417203 64.7054 0 0 0 1 
Seq_Frame0009_ForcepTipToForcep-SequenceTransformStatus = OK
Seq_Frame0009_Timestamp = 0.954
Seq_Frame0010_ForcepTipToForcep-SequenceTransform =0.699526 5.55112e-17 -0.714607 -93.8638 -0.573602 0.596408 -0.561496 -77.4251 0.426198 0.802681 0.417203 64.7054 0 0 0 1 
Seq_Frame0010_ForcepTipToForcep-SequenceTransformStatus = OK
Seq_Frame0010_Timestamp = 1.058
Seq_Frame0011_ForcepTipToForcep-SequenceTransform =0.699526 5.55112e-17 -0.714607 -93.8638 -0.573602 0.596408 -0.561496 -77.4251 0.426198 0.802681 0.417203 64.7054 0 0 0 1 
Seq_Frame0011_ForcepTipToForcep-SequenceTransformStatus = OK
Seq_Frame0011_Timestamp = 1.159
Seq_Frame0012_ForcepTipToForcep-SequenceTransform =0.699526 5.55112e-17 -0.714607 -93.8638 -0.573602 0.596408 -0.561496 -77.4251 0.426198 0.802681 0.417203 64.7054 0 0 0 1 
Seq_Frame0012_ForcepTipToForcep-SequenceTransformStatus = OK
Seq_Frame0012_Timestamp = 1.262
Seq_Frame0013_ForcepTipToForcep-SequenceTransform =0.699526 5.55112e-17 -0.714607 -93.8638 -0.573602 0.596408 -0.561496 -77.4251 0.426198 0.802681 0.417203 64.7054 0 0 0 1 
Seq_Frame0013_ForcepTipToForcep-SequenceTransformStatus = OK
Seq_Frame0013_Timestamp = 1.368
Seq_Frame0014_ForcepTipToForcep-SequenceTransform =0.699526 5.55112e-17 -0.714607 -93.8638 -0.573602 0.596408 -0.561496 -77.4251 0.426198 0.802681 0.417203 64.7054 0 0 0 1 
Seq_Frame0014_ForcepTipToForcep-SequenceTransformStatus = OK
Seq_Frame0014_Timestamp = 1.468
Seq_Frame0015_ForcepTipToForcep-SequenceTransform =0.699526 5.55112e-17 -0.714607 -93.8638 -0.573602 0.596408 -0.561496 -77.4251 0.426198 0.802681 0.417203 64.7054 0 0 0 1 
Seq_Frame0015_ForcepTipToForcep-SequenceTransformStatus = OK
Seq_Frame0015_Timestamp = 1.579
Seq_Frame0016_ForcepTipToForcep-SequenceTransform =0.699526 5.55112e-17 -0.714607 -93.8638 -0.573602 0.596408 -0.561496 -77.4251 0.426198 0.802681 0.417203 64.7054 0 0 0 1 
Seq_Frame0016_ForcepTipToForcep-SequenceTransformStatus = OK
Seq_Frame0016_Timestamp = 1.684
Seq_Frame0017_ForcepTipToForcep-SequenceTransform =0.699526 5.55112e-17 -0.714607 -93.8638 -0.573602 0.596408 -0.561496 -77.4251 0.426198 0.802681 0.417203 64.7054 0 0 0 1 
Seq_Frame0017_ForcepTipToForcep-SequenceTransformStatus = OK
Seq_Frame0017_Timestamp = 1.793
Seq_Frame0018_ForcepTipToForcep-SequenceTransform =0.699526 5.55112e-17 -0.714607 -93.8638 -0.573602 0.596408 -0.561496 -77.4251 0.426198 0.802681 0.417203 64.7054 0 0 0 1 
Seq_Frame0018_ForcepTipToForcep-SequenceTransformStatus = OK
Seq_Frame0018_Timestamp = 1.893
Seq_Frame0019_ForcepTipToForcep-SequenceTransform =0.699526 5.55112e-17 -0.714607 -93.8638 -0.573602 0.596408 -0.561496 -77.4251 0.426198 0.802681 0.417203 64.7054 0 0 0 1 
Seq_Frame0019_ForcepTipToForcep-SequenceTransformStatus = OK
Seq_Frame0019_Timestamp = 1.998
Seq_Frame0020_ForcepTipToForcep-SequenceTransform =0.699526 5.55112e-17 -0.714607 -93.8638 -0.573602 0.596408 -0.561496 -77.4251 0.426198 0.802681 0.417203 64.7054 0 0 0 1 
Seq_Frame0020_ForcepTipToForcep-SequenceTransformStatus = OK
Seq_Frame0020_Timestamp = 2.103
Seq_Frame0021_ForcepTipToForcep-SequenceTransform =0.699526 5.55112e-17 -0.714607 -93.8638 -0.573602 0.596408 -0.561496 -77.4251 0.426198 0.802681 0.417203 64.7054 0 0 0 1 
Seq_Frame0021_ForcepTipToForcep-SequenceTransformStatus = OK
Seq_Frame0021_Timestamp = 2.209
Seq_Frame0022_ForcepTipToForcep-SequenceTransform =0.699526 5.55112e-17 -0.714607 -93.8638 -0.573602 0.596408 -0.561496 -77.4251 0.426198 0.802681 0.417203 64.7054 0 0 0 1 
Seq_Frame0022_ForcepTipToForcep-SequenceTransformStatus = OK
Seq_Frame0022_Timestamp = 2.313
Seq_Frame0023_ForcepTipToForcep-SequenceTransform =0.699526 5.55112e-17 -0.714607 -93.8638 -0.573602 0.596408 -0.561496 -77.4251 0.426198 0.802681 0.417203 64.7054 0 0 0 1 
Seq_Frame0023_ForcepTipToForcep-SequenceTransformStatus = OK
Seq_Frame0023_Timestamp = 2.419
Seq_Frame0024_ForcepTipToForcep-SequenceTransform =0.699526 5.55112e-17 -0.714607 -93.8638 -0.573602 0.596408 -0.561496 -77.4251 0.426198 0.802681 0.417203 64.7054 0 0 0 1 
Seq_Frame0024_ForcepTipToForcep-SequenceTransformStatus = OK
Seq_Frame0024_Timestamp = 2.523
Seq_Frame0025_ForcepTipToForcep-SequenceTransform =0.699526 5.55112e-17 -0.714607 -93.8638 -0.573602 0.596408 -0.561496 -77.4251 0.426198 0.802681 0.417203 64.7054 0 0 0 1 
Seq_Frame0025_ForcepTipToForcep-SequenceTransformStatus = OK
Seq_Frame0025_Timestamp = 2.623
Seq_Frame0026_ForcepTipToForcep-SequenceTransform =0.699526 5.55112e-17 -0.714607 -93.8638 -0.573602 0.596408 -0.561496 -77.4251 0.426198 0.802681 0.417203 64.7054 0 0 0 1 
Seq_Frame0026_ForcepTipToForcep-SequenceTransformStatus = OK
Seq_Frame0026_Timestamp = 2.724
Seq_Frame0027_ForcepTipToForcep-SequenceTransform =0.699526 5.55112e-17 -0.714607 -93.8638 -0.573602 0.596408 -0.561496 -77.4251 0.426198 0.802681 0.417203 64.7054 0 0 0 1 
Seq_Frame0027_ForcepTipToForcep-SequenceTransformStatus = OK
Seq_Frame0027_Timestamp = 2.829
Seq_Frame0028_ForcepTipToForcep-SequenceTransform =0.699526 5.55112e-17 -0.714607 -93.8638 -0.573602 0.596408 -0.561496 -77.4251 0.426198 0.802681 0.417203 64.7054 0 0 0 1 
Seq_Frame0028_ForcepTipToForcep-SequenceTransformStatus = OK
Seq_Frame0028_Timestamp = 2.929
Seq_Frame0029_ForcepTipToForcep-SequenceTransform =0.699526 5.55112e-17 -0.714607 -93.8638 -0.573602 0.596408 -0.561496 -77.4251 0.426198 0.802681 0.417203 64.7054 0 0 0 1 
Seq_Frame0029_ForcepTipToForcep-SequenceTransformStatus = OK
Seq_Frame0029_Timestamp = 3.033
Seq_Frame0030_ForcepTipToForcep-SequenceTransform =0.699526 5.55112e-17 -0.714607 -93.8638 -0.573602 0.596408 -0.561496 -77.4251 0.426198 0.802681 0.417203 64.7054 0 0 0 1 
Seq_Frame0030_ForcepTipToForcep-SequenceTransformStatus = OK
Seq_Frame0030_Timestamp = 3.138
Seq_Frame0031_ForcepTipToForcep-SequenceTransform =0.699526 5.55112e-17 -0.714607 -93.8638 -0.573602 0.596408 -0.561496 -77.4251 0.426198 0.802681 0.417203 64.7054 0 0 0 1 
Seq_Frame0031_ForcepTipToForcep-SequenceTransformStatus = OK
Seq_Frame0031_Timestamp = 3.238
Seq_Frame0032_ForcepTipToForcep-SequenceTransform =0.699526 5.55112e-17 -0.714607 -93.8638 -0.573602 0.596408 -0.561496 -77.4251 0.426198 0.802681 0.417203 64.7054 0 0 0 1 
Seq_Frame0032_ForcepTipToForcep-SequenceTransformStatus = OK
Seq_Frame0032_Timestamp = 3.339
Seq_Frame0033_ForcepTipToForcep-SequenceTransform =0.699526 5.55112e-17 -0.714607 -93.8638 -0.573602 0.596408 -0.561496 -77.4251 0.426198 0.802681 0.417203 64.7054 0 0 0 1 
Seq_Frame0033_ForcepTipToForcep-SequenceTransformStatus = OK
Seq_Frame0033_Timestamp = 3.446
Seq_Frame0034_ForcepTipToForcep-SequenceTransform =0.699526 5.55112e-17 -0.714607 -93.8638 -0.573602 0.596408 -0.561496 -77.4251 0.426198 0.802681 0.417203 64.7054 0 0 0 1 
Seq_Frame0034_ForcepTipToForcep-SequenceTransformStatus = OK
Seq_Frame0034_Timestamp = 3.553
Seq_Frame0035_ForcepTipToForcep-SequenceTransform =0.699526 5.55112e-17 -0.714607 -93.8638 -0.573602 0.596408 -0.561496 -77.4251 0.426198 0.802681 0.417203 64.7054 0 0 0 1 
Seq_Frame0035_ForcepTipToForcep-SequenceTransformStatus = OK
Seq_Frame0035_Timestamp = 3.659
Seq_Frame0036_ForcepTipToForcep-SequenceTransform =0.699526 5.55112e-17 -0.714607 -93.8638 -0.573602 0.596408 -0.561496 -77.4251 0.426198 0.802681 0.417203 64.7054 0 0 0 1 
Seq_Frame0036_ForcepTipToForcep-SequenceTransformStatus = OK
Seq_Frame0036_Timestamp = 3.763
Seq_Frame0037_ForcepTipToForcep-SequenceTransform =0.699526 5.55112e-17 -0.714607 -93.8638 -0.573602 0.596408 -0.561496 -77.4251 0.426198 0.802681 0.417203 64.7054 0 0 0 1 
Seq_Frame0037_ForcepTipToForcep-SequenceTransformStatus = OK
Seq_Frame0037_Timestamp = 3.863
Seq_Frame0038_ForcepTipToForcep-SequenceTransform =0.699526 5.55112e-17 -0.714607 -93.8638 -0.573602 0.596408 -0.561496 -77.4251 0.426198 0.802681 0.417203 64.7054 0 0 0 1 
Seq_Frame0038_ForcepTipToForcep-SequenceTransformStatus = OK
Seq_Frame0038_Timestamp = 3.971
Seq_Frame0039_ForcepTipToForcep-SequenceTransform =0.699526 5.55112e-17 -0.714607 -93.8638 -0.573602 0.596408 -0.561496 -77.4251 0.426198 0.802681 0.417203 64.7054 0 0 0 1 
Seq_Frame0039_ForcepTipToForcep-SequenceTransformStatus = OK
Seq_Frame0039_Timestamp = 4.078
Seq_Frame0040_ForcepTipToForcep-SequenceTransform =0.699526 5.55112e-17 -0.714607 -93.8638 -0.573602 0.596408 -0.561496 -77.4251 0.426198 0.802681 0.417203 64.7054 0 0 0 1 
Seq_Frame0040_ForcepTipToForcep-SequenceTransformStatus = OK
Seq_Frame0040_Timestamp = 4.179
Seq_Frame0041_ForcepTipToForcep-SequenceTransform =0.699526 5.55112e-17 -0.714607 -93.8638 -0.573602 0.596408 -0.561496 -77.4251 0.426198 0.802681 0.417203 64.7054 0 0 0 1 
Seq_Frame0041_ForcepTipToForcep-SequenceTransformStatus = OK
Seq_Frame0041_Timestamp = 4.284
Seq_Frame0042_ForcepTipToForcep-SequenceTransform =0.699526 5.55112e-17 -0.714607 -93.8638 -0.573602 0.596408 -0.561496 -77.4251 0.426198 0.802681 0.417203 64.7054 0 0 0 1 
Seq_Frame0042_ForcepTipToForcep-SequenceTransformStatus = OK
Seq_Frame0042_Timestamp = 4.396
Seq_Frame0043_ForcepTipToForcep-SequenceTransform =0.699526 5.55112e-17 -0.714607 -93.8638 -0.573602 0.596408 -0.561496 -77.4251 0.426198 0.802681 0.417203 64.7054 0 0 0 1 
Seq_Frame0043_ForcepTipToForcep-SequenceTransformStatus = OK
Seq_Frame0043_Timestamp = 4.5
Seq_Frame0044_ForcepTipToForcep-SequenceTransform =0.699526 5.55112e-17 -0.714607 -93.8638 -0.573602 0.596408 -0.561496 -77.4251 0.426198 0.802681 0.417203 64.7054 0 0 0 1 
Seq_Frame0044_ForcepTipToForcep-SequenceTransformStatus = OK
Seq_Frame0044_Timestamp = 4.603
Seq_Frame0045_ForcepTipToForcep-SequenceTransform =0.699526 5.55112e-17 -0.714607 -93.8638 -0.573602 0.596408 -0.561496 -77.4251 0.426198 0.802681 0.417203 64.7054 0 0 0 1 
Seq_Frame0045_ForcepTipToForcep-SequenceTransformStatus = OK
Seq_Frame0045_Timestamp = 4.713
Seq_Frame0046_ForcepTipToForcep-SequenceTransform =0.699526 5.55112e-17 -0.714607 -93.8638 -0.573602 0.596408 -0.561496 -77.4251 0.426198 0.802681 0.417203 64.7054 0 0 0 1 
Seq_Frame0046_ForcepTipToForcep-SequenceTransformStatus = OK
Seq_Frame0046_Timestamp = 4.814
Seq_Frame0047_ForcepTipToForcep-SequenceTransform =0.699526 5.55112e-17 -0.714607 -93.8638 -0.573602 0.596408 -0.561496 -77.4251 0.426198 0.802681 0.417203 64.7054 0 0 0 1 
Seq_Frame0047_ForcepTipToForcep-SequenceTransformStatus = OK
Seq_Frame0047_Timestamp = 4.929
Seq_Frame0048_ForcepTipToForcep-SequenceTransform =0.699526 5.55112e-17 -0.714607 -93.8638 -0.573602 0.596408 -0.561496 -77.4251 0.426198 0.802681 0.417203 64.7054 0 0 0 1 
Seq_Frame0048_ForcepTipToForcep-SequenceTransformStatus = OK
Seq_Frame0048_Timestamp = 5.044
Seq_Frame0049_ForcepTipToForcep-SequenceTransform =0.699526 5.55112e-17 -0.714607 -93.8638 -0.573602 0.596408 -0.561496 -77.4251 0.426198 0.802681 0.417203 64.7054 0 0 0 1 
Seq_Frame0049_ForcepTipToForcep-SequenceTransformStatus = OK
Seq_Frame0049_Timestamp = 5.153
Seq_Frame0050_ForcepTipToForcep-SequenceTransform =0.699526 5.55112e-17 -0.714607 -93.8638 -0.573602 0.596408 -0.561496 -77.4251 0.426198 0.802681 0.417203 64.7054 0 0 0 1 
Seq_Frame0050_ForcepTipToForcep-SequenceTransformStatus = OK
Seq_Frame0050_Timestamp = 5.262
Seq_Frame0051_ForcepTipToForcep-SequenceTransform =0.699526 5.55112e-17 -0.714607 -93.8638 -0.573602 0.596408 -0.561496 -77.4251 0.426198 0.802681 0.417203 64.7054 0 0 0 1 
Seq_Frame0051_ForcepTipToForcep-SequenceTransformStatus = OK
Seq_Frame0051_Timestamp = 5.364
Seq_Frame0052_ForcepTipToForcep-SequenceTransform =0.699526 5.55112e-17 -0.714607 -93.8638 -0.573602 0.596408 -0.561496 -77.4251 0.426198 0.802681 0.417203 64.7054 0 0 0 1 
Seq_Frame0052_ForcepTipToForcep-SequenceTransformStatus = OK
Seq_Frame0052_Timestamp = 5.478
Seq_Frame0053_ForcepTipToForcep-SequenceTransform =0.699526 5.55112e-17 -0.714607 -93.8638 -0.573602 0.596408 -0.561496 -77.4251 0.426198 0.802681 0.417203 64.7054 0 0 0 1 
Seq_Frame0053_ForcepTipToForcep-SequenceTransformStatus = OK
Seq_Frame0053_Timestamp = 5.579
Seq_Frame0054_ForcepTipToForcep-SequenceTransform =0.699526 5.55112e-17 -0.714607 -93.8638 -0.573602 0.596408 -0.561496 -77.4251 0.426198 0.802681 0.417203 64.7054 0 0 0 1 
Seq_Frame0054_ForcepTipToForcep-SequenceTransformStatus = OK
Seq_Frame0054_Timestamp = 5.679
Seq_Frame0055_ForcepTipToForcep-SequenceTransform =0.699526 5.55112e-17 -0.714607 -93.8638 -0.573602 0.596408 -0.561496 -77.4251 0.426198 0.802681 0.417203 64.7054 0 0 0 1 
Seq_Frame0055_ForcepTipToForcep-SequenceTransformStatus = OK
Seq_Frame0055_Timestamp = 5.784
Seq_Frame0056_ForcepTipToForcep-SequenceTransform =0.699526 5.55112e-17 -0.714607 -93.8638 -0.573602 0.596408 -0.561496 -77.4251 0.426198 0.802681 0.417203 64.7054 0 0 0 1 
Seq_Frame0056_ForcepTipToForcep-SequenceTransformStatus = OK
Seq_Frame0056_Timestamp = 5.894
Seq_Frame0057_ForcepTipToForcep-SequenceTransform =0.699526 5.55112e-17 -0.714607 -93.8638 -0.573602 0.596408 -0.561496 -77.4251 0.426198 0.802681 0.417203 64.7054 0 0 0 1 
Seq_Frame0057_ForcepTipToForcep-SequenceTransformStatus = OK
Seq_Frame0057_Timestamp = 5.994
Seq_Frame0058_ForcepTipToForcep-SequenceTransform =0.699526 5.55112e-17 -0.714607 -93.8638 -0.573602 0.596408 -0.561496 -77.4251 0.426198 0.802681 0.417203 64.7054 0 0 0 1 
Seq_Frame0058_ForcepTipToForcep-SequenceTransformStatus = OK
Seq_Frame0058_Timestamp = 6.099
Seq_Frame0059_ForcepTipToForcep-SequenceTransform =0.699526 5.55112e-17 -0.714607 -93.8638 -0.573602 0.596408 -0.561496 -77.4251 0.426198 0.802681 0.417203 64.7054 0 0 0 1 
Seq_Frame0059_ForcepTipToForcep-SequenceTransformStatus = OK
Seq_Frame0059_Timestamp = 6.208
Seq_Frame0060_ForcepTipToForcep-SequenceTransform =0.699526 5.55112e-17 -0.714607 -93.8638 -0.573602 0.596408 -0.561496 -77.4251 0.426198 0.802681 0.417203 64.7054 0 0 0 1 
Seq_Frame0060_ForcepTipToForcep-SequenceTransformStatus = OK
Seq_Frame0060_Timestamp = 6.319
Seq_Frame0061_ForcepTipToForcep-SequenceTransform =0.699526 5.55112e-17 -0.714607 -93.8638 -0.573602 0.596408 -0.561496 -77.4251 0.426198 0.802681 0.417203 64.7054 0 0 0 1 
Seq_Frame0061_ForcepTipToForcep-SequenceTransformStatus = OK
Seq_Frame0061_Timestamp = 6.488
Seq_Frame0062_ForcepTipToForcep-SequenceTransform =0.699526 5.55112e-17 -0.714607 -93.8638 -0.573602 0.596408 -0.561496 -77.4251 0.426198 0.802681 0.417203 64.7054 0 0 0 1 
Seq_Frame0062_ForcepTipToForcep-SequenceTransformStatus = OK
Seq_Frame0062_Timestamp = 7.598
Seq_Frame0063_ForcepTipToForcep-SequenceTransform =0.699526 5.55112e-17 -0.714607 -93.8638 -0.573602 0.596408 -0.561496 -77.4251 0.426198 0.802681 0.417203 64.7054 0 0 0 1 
Seq_Frame0063_ForcepTipToForcep-SequenceTransformStatus = OK
Seq_Frame0063_Timestamp = 7.703
Seq_Frame0064_ForcepTipToForcep-SequenceTransform =0.699526 5.55112e-17 -0.714607 -93.8638 -0.573602 0.596408 -0.561496 -77.4251 0.426198 0.802681 0.417203 64.7054 0 0 0 1 
Seq_Frame0064_ForcepTipToForcep-SequenceTransformStatus = OK
Seq_Frame0064_Timestamp = 7.804
Seq_Frame0065_ForcepTipToForcep-SequenceTransform =0.699526 5.55112e-17 -0.714607 -93.8638 -0.573602 0.596408 -0.561496 -77.4251 0.426198 0.802681 0.417203 64.7054 0 0 0 1 
Seq_Frame0065_ForcepTipToForcep-SequenceTransformStatus = OK
Seq_Frame0065_Timestamp = 7.908
Seq_Frame0066_ForcepTipToForcep-SequenceTransform =0.699526 5.55112e-17 -0.714607 -93.8638 -0.573602 0.596408 -0.561496 -77.4251 0.426198 0.802681 0.417203 64.7054 0 0 0 1 
Seq_Frame0066_ForcepTipToForcep-SequenceTransformStatus = OK
Seq_Frame0066_Timestamp = 8.009
Seq_Frame0067_ForcepTipToForcep-SequenceTransform =0.699526 5.55112e-17 -0.714607 -93.8638 -0.573602 0.596408 -0.561496 -77.4251 0.426198 0.802681 0.417203 64.7054 0 0 0 1 
Seq_Frame0067_ForcepTipToForcep-SequenceTransformStatus = OK
Seq_Frame0067_Timestamp = 8.119
Seq_Frame0068_ForcepTipToForcep-SequenceTransform =0.699526 5.55112e-17 -0.714607 -93.8638 -0.573602 0.596408 -0.561496 -77.4251 0.426198 0.802681 0.417203 64.7054 0 0 0 1 
Seq_Frame0068_ForcepTipToForcep-SequenceTransformStatus = OK
Seq_Frame0068_Timestamp = 8.224
Seq_Frame0069_ForcepTipToForcep-SequenceTransform =0.699526 5.55112e-17 -0.714607 -93.8638 -0.573602 0.596408 -0.561496 -77.4251 0.426198 0.802681 0.417203 64.7054 0 0 0 1 
Seq_Frame0069_ForcepTipToForcep-SequenceTransformStatus = OK
Seq_Frame0069_Timestamp = 8.329
Seq_Frame0070_ForcepTipToForcep-SequenceTransform =0.699526 5.55112e-17 -0.714607 -93.8638 -0.573602 0.596408 -0.561496 -77.4251 0.426198 0.802681 0.417203 64.7054 0 0 0 1 
Seq_Frame0070_ForcepTipToForcep-SequenceTransformStatus = OK
Seq_Frame0070_Timestamp = 8.429
Seq_Frame0071_ForcepTipToForcep-SequenceTransform =0.699526 5.55112e-17 -0.714607 -93.8638 -0.573602 0.596408 -0.561496 -77.4251 0.426198 0.802681 0.417203 64.7054 0 0 0 1 
Seq_Frame0071_ForcepTipToForcep-SequenceTransformStatus = OK
Seq_Frame0071_Timestamp = 8.903
Seq_Frame0072_ForcepTipToForcep-SequenceTransform =0.699526 5.55112e-17 -0.714607 -93.8638 -0.573602 0.596408 -0.561496 -77.4251 0.426198 0.802681 0.417203 64.7054 0 0 0 1 
Seq_Frame0072_ForcepTipToForcep-SequenceTransformStatus = OK
Seq_Frame0072_Timestamp = 10.063
Seq_Frame0073_ForcepTipToForcep-SequenceTransform =0.699526 5.55112e-17 -0.714607 -93.8638 -0.573602 0.596408 -0.561496 -77.4251 0.426198 0.802681 0.417203 64.7054 0 0 0 1 
Seq_Frame0073_ForcepTipToForcep-SequenceTransformStatus = OK
Seq_Frame0073_Timestamp = 10.163
Seq_Frame0074_ForcepTipToForcep-SequenceTransform =0.699526 5.55112e-17 -0.714607 -93.8638 -0.573602 0.596408 -0.561496 -77.4251 0.426198 0.802681 0.417203 64.7054 0 0 0 1 
Seq_Frame0074_ForcepTipToForcep-SequenceTransformStatus = OK
Seq_Frame0074_Timestamp = 10.268
Seq_Frame0075_ForcepTipToForcep-SequenceTransform =0.699526 5.55112e-17 -0.714607 -93.8638 -0.573602 0.596408 -0.561496 -77.4251 0.426198 0.802681 0.417203 64.7054 0 0 0 1 
Seq_Frame0075_ForcepTipToForcep-SequenceTransformStatus = OK
Seq_Frame0075_Timestamp = 10.37
Seq_Frame0076_ForcepTipToForcep-SequenceTransform =0.699526 5.55112e-17 -0.714607 -93.8638 -0.573602 0.596408 -0.561496 -77.4251 0.426198 0.802681 0.417203 64.7054 0 0 0 1 
Seq_Frame0076_ForcepTipToForcep-SequenceTransformStatus = OK
Seq_Frame0076_Timestamp = 11.348
Seq_Frame0077_ForcepTipToForcep-SequenceTransform =0.699526 5.55112e-17 -0.714607 -93.8638 -0.573602 0.596408 -0.561496 -77.4251 0.426198 0.802681 0.417203 64.7054 0 0 0 1 
Seq_Frame0077_ForcepTipToForcep-SequenceTransformStatus = OK
Seq_Frame0077_Timestamp = 11.659
Seq_Frame0078_ForcepTipToForcep-SequenceTransform =0.699526 5.55112e-17 -0.714607 -93.8638 -0.573602 0.596408 -0.561496 -77.4251 0.426198 0.802681 0.417203 64.7054 0 0 0 1 
Seq_Frame0078_ForcepTipToForcep-SequenceTransformStatus = OK
Seq_Frame0078_Timestamp = 11.768
Seq_Frame0079_ForcepTipToForcep-SequenceTransform =0.699526 5.55112e-17 -0.714607 -93.8638 -0.573602 0.596408 -0.561496 -77.4251 0.426198 0.802681 0.417203 64.7054 0 0 0 1 
Seq_Frame0079_ForcepTipToForcep-SequenceTransformStatus = OK
Seq_Frame0079_Timestamp = 11.869
Seq_Frame0080_ForcepTipToForcep-SequenceTransform =0.699526 5.55112e-17 -0.714607 -93.8638 -0.573602 0.596408 -0.561496 -77.4251 0.426198 0.802681 0.417203 64.7054 0 0 0 1 
Seq_Frame0080_ForcepTipToForcep-SequenceTransformStatus = OK
Seq_Frame0080_Timestamp = 11.973
Seq_Frame0081_ForcepTipToForcep-SequenceTransform =0.699526 5.55112e-17 -0.714607 -93.8638 -0.573602 0.596408 -0.561496 -77.4251 0.426198 0.802681 0.417203 64.7054 0 0 0 1 
Seq_Frame0081_ForcepTipToForcep-SequenceTransformStatus = OK
Seq_Frame0081_Timestamp = 12.074
Seq_Frame0082_ForcepTipToForcep-SequenceTransform =0.699526 5.55112e-17 -0.714607 -93.8638 -0.573602 0.596408 -0.561496 -77.4251 0.426198 0.802681 0.417203 64.7054 0 0 0 1 
Seq_Frame0082_ForcepTipToForcep-SequenceTransformStatus = OK
Seq_Frame0082_Timestamp = 12.178
Seq_Frame0083_ForcepTipToForcep-SequenceTransform =0.699526 5.55112e-17 -0.714607 -93.8638 -0.573602 0.596408 -0.561496 -77.4251 0.426198 0.802681 0.417203 64.7054 0 0 0 1 
Seq_Frame0083_ForcepTipToForcep-SequenceTransformStatus = OK
Seq_Frame0083_Timestamp = 12.283
Seq_Frame0084_ForcepTipToForcep-SequenceTransform =0.699526 5.55112e-17 -0.714607 -93.8638 -0.573602 0.596408 -0.561496 -77.4251 0.426198 0.802681 0.417203 64.7054 0 0 0 1 
Seq_Frame0084_ForcepTipToForcep-SequenceTransformStatus = OK
Seq_Frame0084_Timestamp = 12.383
Seq_Frame0085_ForcepTipToForcep-SequenceTransform =0.699526 5.55112e-17 -0.714607 -93.8638 -0.573602 0.596408 -0.561496 -77.4251 0.426198 0.802681 0.417203 64.7054 0 0 0 1 
Seq_Frame0085_ForcepTipToForcep-SequenceTransformStatus = OK
Seq_Frame0085_Timestamp = 12.484
Seq_Frame0086_ForcepTipToForcep-SequenceTransform =0.699526 5.55112e-17 -0.714607 -93.8638 -0.573602 0.596408 -0.561496 -77.4251 0.426198 0.802681 0.417203 64.7054 0 0 0 1 
Seq_Frame0086_ForcepTipToForcep-SequenceTransformStatus = OK
Seq_Frame0086_Timestamp = 12.595
Seq_Frame0087_ForcepTipToForcep-SequenceTransform =0.699526 5.55112e-17 -0.714607 -93.8638 -0.573602 0.596408 -0.561496 -77.4251 0.426198 0.802681 0.417203 64.7054 0 0 0 1 
Seq_Frame0087_ForcepTipToForcep-SequenceTransformStatus = OK
Seq_Frame0087_Timestamp = 12.696
Seq_Frame0088_ForcepTipToForcep-SequenceTransform =0.699526 5.55112e-17 -0.714607 -93.8638 -0.573602 0.596408 -0.561496 -77.4251 0.426198 0.802681 0.417203 64.7054 0 0 0 1 
Seq_Frame0088_ForcepTipToForcep-SequenceTransformStatus = OK
Seq_Frame0088_Timestamp = 12.798
Seq_Frame0089_ForcepTipToForcep-SequenceTransform =0.699526 5.55112e-17 -0.714607 -93.8638 -0.573602 0.596408 -0.561496 -77.4251 0.426198 0.802681 0.417203 64.7054 0 0 0 1 
Seq_Frame0089_ForcepTipToForcep-SequenceTransformStatus = OK
Seq_Frame0089_Timestamp = 12.899
Seq_Frame0090_ForcepTipToForcep-SequenceTransform =0.699526 5.55112e-17 -0.714607 -93.8638 -0.573602 0.596408 -0.561496 -77.4251 0.426198 0.802681 0.417203 64.7054 0 0 0 1 
Seq_Frame0090_ForcepTipToForcep-SequenceTransformStatus = OK
Seq_Frame0090_Timestamp = 13
Seq_Frame0091_ForcepTipToForcep-SequenceTransform =0.699526 5.55112e-17 -0.714607 -93.8638 -0.573602 0.596408 -0.561496 -77.4251 0.426198 0.802681 0.417203 64.7054 0 0 0 1 
Seq_Frame0091_ForcepTipToForcep-SequenceTransformStatus = OK
Seq_Frame0091_Timestamp = 13.103
Seq_Frame0092_ForcepTipToForcep-SequenceTransform =0.699526 5.55112e-17 -0.714607 -93.8638 -0.573602 0.596408 -0.561496 -77.4251 0.426198 0.802681 0.417203 64.7054 0 0 0 1 
Seq_Frame0092_ForcepTipToForcep-SequenceTransformStatus = OK
Seq_Frame0092_Timestamp = 13.208
Seq_Frame0093_ForcepTipToForcep-SequenceTransform =0.699526 5.55112e-17 -0.714607 -93.8638 -0.573602 0.596408 -0.561496 -77.4251 0.426198 0.802681 0.417203 64.7054 0 0 0 1 
Seq_Frame0093_ForcepTipToForcep-SequenceTransformStatus = OK
Seq_Frame0093_Timestamp = 13.318
Seq_Frame0094_ForcepTipToForcep-SequenceTransform =0.699526 5.55112e-17 -0.714607 -93.8638 -0.573602 0.596408 -0.561496 -77.4251 0.426198 0.802681 0.417203 64.7054 0 0 0 1 
Seq_Frame0094_ForcepTipToForcep-SequenceTransformStatus = OK
Seq_Frame0094_Timestamp = 13.428
Seq_Frame0095_ForcepTipToForcep-SequenceTransform =0.699526 5.55112e-17 -0.714607 -93.8638 -0.573602 0.596408 -0.561496 -77.4251 0.426198 0.802681 0.417203 64.7054 0 0 0 1 
Seq_Frame0095_ForcepTipToForcep-SequenceTransformStatus = OK
Seq_Frame0095_Timestamp = 13.529
Seq_Frame0096_ForcepTipToForcep-SequenceTransform =0.699526 5.55112e-17 -0.714607 -93.8638 -0.573602 0.596408 -0.561496 -77.4251 0.426198 0.802681 0.417203 64.7054 0 0 0 1 
Seq_Frame0096_ForcepTipToForcep-SequenceTransformStatus = OK
Seq_Frame0096_Timestamp = 13.633
Seq_Frame0097_ForcepTipToForcep-SequenceTransform =0.699526 5.55112e-17 -0.714607 -93.8638 -0.573602 0.596408 -0.561496 -77.4251 0.426198 0.802681 0.417203 64.7054 0 0 0 1 
Seq_Frame0097_ForcepTipToForcep-SequenceTransformStatus = OK
Seq_Frame0097_Timestamp = 13.734
Seq_Frame0098_ForcepTipToForcep-SequenceTransform =0.699526 5.55112e-17 -0.714607 -93.8638 -0.573602 0.596408 -0.561496 -77.4251 0.426198 0.802681 0.417203 64.7054 0 0 0 1 
Seq_Frame0098_ForcepTipToForcep-SequenceTransformStatus = OK
Seq_Frame0098_Timestamp = 13.834
Seq_Frame0099_ForcepTipToForcep-SequenceTransform =0.699526 5.55112e-17 -0.714607 -93.8638 -0.573602 0.596408 -0.561496 -77.4251 0.426198 0.802681 0.417203 64.7054 0 0 0 1 
Seq_Frame0099_ForcepTipToForcep-SequenceTransformStatus = OK
Seq_Frame0099_Timestamp = 13.937
Seq_Frame0100_ForcepTipToForcep-SequenceTransform =0.699526 5.55112e-17 -0.714607 -93.8638 -0.573602 0.596408 -0.561496 -77.4251 0.426198 0.802681 0.417203 64.7054 0 0 0 1 
Seq_Frame0100_ForcepTipToForcep-SequenceTransformStatus = OK
Seq_Frame0100_Timestamp = 14.043
Seq_Frame0101_ForcepTipToForcep-SequenceTransform =0.699526 5.55112e-17 -0.714607 -93.8638 -0.573602 0.596408 -0.561496 -77.4251 0.426198 0.802681 0.417203 64.7054 0 0 0 1 
Seq_Frame0101_ForcepTipToForcep-SequenceTransformStatus = OK
Seq_Frame0101_Timestamp = 14.144
Seq_Frame0102_ForcepTipToForcep-SequenceTransform =0.699526 5.55112e-17 -0.714607 -93.8638 -0.573602 0.596408 -0.561496 -77.4251 0.426198 0.802681 0.417203 64.7054 0 0 0 1 
Seq_Frame0102_ForcepTipToForcep-SequenceTransformStatus = OK
Seq_Frame0102_Timestamp = 14.248
Seq_Frame0103_ForcepTipToForcep-SequenceTransform =0.699526 5.55112e-17 -0.714607 -93.8638 -0.573602 0.596408 -0.561496 -77.4251 0.426198 0.802681 0.417203 64.7054 0 0 0 1 
Seq_Frame0103_ForcepTipToForcep-SequenceTransformStatus = OK
Seq_Frame0103_Timestamp = 14.358
Seq_Frame0104_ForcepTipToForcep-SequenceTransform =0.699526 5.55112e-17 -0.714607 -93.8638 -0.573602 0.596408 -0.561496 -77.4251 0.426198 0.802681 0.417203 64.7054 0 0 0 1 
Seq_Frame0104_ForcepTipToForcep-SequenceTransformStatus = OK
Seq_Frame0104_Timestamp = 14.462
Seq_Frame0105_ForcepTipToForcep-SequenceTransform =0.699526 5.55112e-17 -0.714607 -93.8638 -0.573602 0.596408 -0.561496 -77.4251 0.426198 0.802681 0.417203 64.7054 0 0 0 1 
Seq_Frame0105_ForcepTipToForcep-SequenceTransformStatus = OK
Seq_Frame0105_Timestamp = 14.568
Seq_Frame0106_ForcepTipToForcep-SequenceTransform =0.699526 5.55112e-17 -0.714607 -93.8638 -0.573602 0.596408 -0.561496 -77.4251 0.426198 0.802681 0.417203 64.7054 0 0 0 1 
Seq_Frame0106_ForcepTipToForcep-SequenceTransformStatus = OK
Seq_Frame0106_Timestamp = 14.673
Seq_Frame0107_ForcepTipToForcep-SequenceTransform =0.699526 5.55112e-17 -0.714607 -93.8638 -0.573602 0.596408 -0.561496 -77.4251 0.426198 0.802681 0.417203 64.7054 0 0 0 1 
Seq_Frame0107_ForcepTipToForcep-SequenceTransformStatus = OK
Seq_Frame0107_Timestamp = 14.78
Seq_Frame0108_ForcepTipToForcep-SequenceTransform =0.699526 5.55112e-17 -0.714607 -93.8638 -0.573602 0.596408 -0.561496 -77.4251 0.426198 0.802681 0.417203 64.7054 0 0 0 1 
Seq_Frame0108_ForcepTipToForcep-SequenceTransformStatus = OK
Seq_Frame0108_Timestamp = 14.883
Seq_Frame0109_ForcepTipToForcep-SequenceTransform =0.699526 5.55112e-17 -0.714607 -93.8638 -0.573602 0.596408 -0.561496 -77.4251 0.426198 0.802681 0.417203 64.7054 0 0 0 1 
Seq_Frame0109_ForcepTipToForcep-SequenceTransformStatus = OK
Seq_Frame0109_Timestamp = 14.993
Seq_Frame0110_ForcepTipToForcep-SequenceTransform =0.699526 5.55112e-17 -0.714607 -93.8638 -0.573602 0.596408 -0.561496 -77.4251 0.426198 0.802681 0.417203 64.7054 0 0 0 1 
Seq_Frame0110_ForcepTipToForcep-SequenceTransformStatus = OK
Seq_Frame0110_Timestamp = 15.098
Seq_Frame0111_ForcepTipToForcep-SequenceTransform =0.699526 5.55112e-17 -0.714607 -93.8638 -0.573602 0.596408 -0.561496 -77.4251 0.426198 0.802681 0.417203 64.7054 0 0 0 1 
Seq_Frame0111_ForcepTipToForcep-SequenceTransformStatus = OK
Seq_Frame0111_Timestamp = 15.203
Seq_Frame0112_ForcepTipToForcep-SequenceTransform =0.699526 5.55112e-17 -0.714607 -93.8638 -0.573602 0.596408 -0.561496 -77.4251 0.426198 0.802681 0.417203 64.7054 0 0 0 1 
Seq_Frame0112_ForcepTipToForcep-SequenceTransformStatus = OK
Seq_Frame0112_Timestamp = 15.308
Seq_Frame0113_ForcepTipToForcep-SequenceTransform =0.699526 5.55112e-17 -0.714607 -93.8638 -0.573602 0.596408 -0.561496 -77.4251 0.426198 0.802681 0.417203 64.7054 0 0 0 1 
Seq_Frame0113_ForcepTipToForcep-SequenceTransformStatus = OK
Seq_Frame0113_Timestamp = 15.409
Seq_Frame0114_ForcepTipToForcep-SequenceTransform =0.699526 5.55112e-17 -0.714607 -93.8638 -0.573602 0.596408 -0.561496 -77.4251 0.426198 0.802681 0.417203 64.7054 0 0 0 1 
Seq_Frame0114_ForcepTipToForcep-SequenceTransformStatus = OK
Seq_Frame0114_Timestamp = 15.513
Seq_Frame0115_ForcepTipToForcep-SequenceTransform =0.699526 5.55112e-17 -0.714607 -93.8638 -0.573602 0.596408 -0.561496 -77.4251 0.426198 0.802681 0.417203 64.7054 0 0 0 1 
Seq_Frame0115_ForcepTipToForcep-SequenceTransformStatus = OK
Seq_Frame0115_Timestamp = 17.083
Seq_Frame0116_ForcepTipToForcep-SequenceTransform =0.699526 5.55112e-17 -0.714607 -93.8638 -0.573602 0.596408 -0.561496 -77.4251 0.426198 0.802681 0.417203 64.7054 0 0 0 1 
Seq_Frame0116_ForcepTipToForcep-SequenceTransformStatus = OK
Seq_Frame0116_Timestamp = 17.193
Seq_Frame0117_ForcepTipToForcep-SequenceTransform =0.699526 5.55112e-17 -0.714607 -93.8638 -0.573602 0.596408 -0.561496 -77.4251 0.426198 0.802681 0.417203 64.7054 0 0 0 1 
Seq_Frame0117_ForcepTipToForcep-SequenceTransformStatus = OK
Seq_Frame0117_Timestamp = 17.298
Seq_Frame0118_ForcepTipToForcep-SequenceTransform =0.699526 5.55112e-17 -0.714607 -93.8638 -0.573602 0.596408 -0.561496 -77.4251 0.426198 0.802681 0.417203 64.7054 0 0 0 1 
Seq_Frame0118_ForcepTipToForcep-SequenceTransformStatus = OK
Seq_Frame0118_Timestamp = 17.409
Seq_Frame0119_ForcepTipToForcep-SequenceTransform =0.699526 5.55112e-17 -0.714607 -93.8638 -0.573602 0.596408 -0.561496 -77.4251 0.426198 0.802681 0.417203 64.7054 0 0 0 1 
Seq_Frame0119_ForcepTipToForcep-SequenceTransformStatus = OK
Seq_Frame0119_Timestamp = 17.512
Seq_Frame0120_ForcepTipToForcep-SequenceTransform =0.699526 5.55112e-17 -0.714607 -93.8638 -0.573602 0.596408 -0.561496 -77.4251 0.426198 0.802681 0.417203 64.7054 0 0 0 1 
Seq_Frame0120_ForcepTipToForcep-SequenceTransformStatus = OK
Seq_Frame0120_Timestamp = 17.983
Seq_Frame0121_ForcepTipToForcep-SequenceTransform =0.699526 5.55112e-17 -0.714607 -93.8638 -0.573602 0.596408 -0.561496 -77.4251 0.426198 0.802681 0.417203 64.7054 0 0 0 1 
Seq_Frame0121_ForcepTipToForcep-SequenceTransformStatus = OK
Seq_Frame0121_Timestamp = 18.093
Seq_Frame0122_ForcepTipToForcep-SequenceTransform =0.699526 5.55112e-17 -0.714607 -93.8638 -0.573602 0.596408 -0.561496 -77.4251 0.426198 0.802681 0.417203 64.7054 0 0 0 1 
Seq_Frame0122_ForcepTipToForcep-SequenceTransformStatus = OK
Seq_Frame0122_Timestamp = 18.194
Seq_Frame0123_ForcepTipToForcep-SequenceTransform =0.699526 5.55112e-17 -0.714607 -93.8638 -0.573602 0.596408 -0.561496 -77.4251 0.426198 0.802681 0.417203 64.7054 0 0 0 1 
Seq_Frame0123_ForcepTipToForcep-SequenceTransformStatus = OK
Seq_Frame0123_Timestamp = 18.759
Seq_Frame0124_ForcepTipToForcep-SequenceTransform =0.699526 5.55112e-17 -0.714607 -93.8638 -0.573602 0.596408 -0.561496 -77.4251 0.426198 0.802681 0.417203 64.7054 0 0 0 1 
Seq_Frame0124_ForcepTipToForcep-SequenceTransformStatus = OK
Seq_Frame0124_Timestamp = 18.868
Seq_Frame0125_ForcepTipToForcep-SequenceTransform =0.699526 5.55112e-17 -0.714607 -93.8638 -0.573602 0.596408 -0.561496 -77.4251 0.426198 0.802681 0.417203 64.7054 0 0 0 1 
Seq_Frame0125_ForcepTipToForcep-SequenceTransformStatus = OK
Seq_Frame0125_Timestamp = 19.908
Seq_Frame0126_ForcepTipToForcep-SequenceTransform =0.699526 5.55112e-17 -0.714607 -93.8638 -0.573602 0.596408 -0.561496 -77.4251 0.426198 0.802681 0.417203 64.7054 0 0 0 1 
Seq_Frame0126_ForcepTipToForcep-SequenceTransformStatus = OK
Seq_Frame0126_Timestamp = 20.073
Seq_Frame0127_ForcepTipToForcep-SequenceTransform =0.699526 5.55112e-17 -0.714607 -93.8638 -0.573602 0.596408 -0.561496 -77.4251 0.426198 0.802681 0.417203 64.7054 0 0 0 1 
Seq_Frame0127_ForcepTipToForcep-SequenceTransformStatus = OK
Seq_Frame0127_Timestamp = 20.593
Seq_Frame0128_ForcepTipToForcep-SequenceTransform =0.699526 5.55112e-17 -0.714607 -93.8638 -0.573602 0.596408 -0.561496 -77.4251 0.426198 0.802681 0.417203 64.7054 0 0 0 1 
Seq_Frame0128_ForcepTipToForcep-SequenceTransformStatus = OK
Seq_Frame0128_Timestamp = 20.698
Seq_Frame0129_ForcepTipToForcep-SequenceTransform =0.699526 5.55112e-17 -0.714607 -93.8638 -0.573602 0.596408 -0.561496 -77.4251 0.426198 0.802681 0.417203 64.7054 0 0 0 1 
Seq_Frame0129_ForcepTipToForcep-SequenceTransformStatus = OK
Seq_Frame0129_Timestamp = 20.823
Seq_Frame0130_ForcepTipToForcep-SequenceTransform =0.699526 5.55112e-17 -0.714607 -93.8638 -0.573602 0.596408 -0.561496 -77.4251 0.426198 0.802681 0.417203 64.7054 0 0 0 1 
Seq_Frame0130_ForcepTipToForcep-SequenceTransformStatus = OK
Seq_Frame0130_Timestamp = 21.403
Seq_Frame0131_ForcepTipToForcep-SequenceTransform =0.699526 5.55112e-17 -0.714607 -93.8638 -0.573602 0.596408 -0.561496 -77.4251 0.426198 0.802681 0.417203 64.7054 0 0 0 1 
Seq_Frame0131_ForcepTipToForcep-SequenceTransformStatus = OK
Seq_Frame0131_Timestamp = 21.508
Seq_Frame0132_ForcepTipToForcep-SequenceTransform =0.699526 5.55112e-17 -0.714607 -93.8638 -0.573602 0.596408 -0.561496 -77.4251 0.426198 0.802681 0.417203 64.7054 0 0 0 1 
Seq_Frame0132_ForcepTipToForcep-SequenceTransformStatus = OK
Seq_Frame0132_Timestamp = 21.612
Seq_Frame0133_ForcepTipToForcep-SequenceTransform =0.699526 5.55112e-17 -0.714607 -93.8638 -0.573602 0.596408 -0.561496 -77.4251 0.426198 0.802681 0.417203 64.7054 0 0 0 1 
Seq_Frame0133_ForcepTipToForcep-SequenceTransformStatus = OK
Seq_Frame0133_Timestamp = 21.719
Seq_Frame0134_ForcepTipToForcep-SequenceTransform =0.699526 5.55112e-17 -0.714607 -93.8638 -0.573602 0.596408 -0.561496 -77.4251 0.426198 0.802681 0.417203 64.7054 0 0 0 1 
Seq_Frame0134_ForcepTipToForcep-SequenceTransformStatus = OK
Seq_Frame0134_Timestamp = 21.824
Seq_Frame0135_ForcepTipToForcep-SequenceTransform =0.699526 5.55112e-17 -0.714607 -93.8638 -0.573602 0.596408 -0.561496 -77.4251 0.426198 0.802681 0.417203 64.7054 0 0 0 1 
Seq_Frame0135_ForcepTipToForcep-SequenceTransformStatus = OK
Seq_Frame0135_Timestamp = 21.933
Seq_Frame0136_ForcepTipToForcep-SequenceTransform =0.699526 5.55112e-17 -0.714607 -93.8638 -0.573602 0.596408 -0.561496 -77.4251 0.426198 0.802681 0.417203 64.7054 0 0 0 1 
Seq_Frame0136_ForcepTipToForcep-SequenceTransformStatus = OK
Seq_Frame0136_Timestamp = 22.034
Seq_Frame0137_ForcepTipToForcep-SequenceTransform =0.699526 5.55112e-17 -0.714607 -93.8638 -0.573602 0.596408 -0.561496 -77.4251 0.426198 0.802681 0.417203 64.7054 0 0 0 1 
Seq_Frame0137_ForcepTipToForcep-SequenceTransformStatus = OK
Seq_Frame0137_Timestamp = 22.135
Seq_Frame0138_ForcepTipToForcep-SequenceTransform =0.699526 5.55112e-17 -0.714607 -93.8638 -0.573602 0.596408 -0.561496 -77.4251 0.426198 0.802681 0.417203 64.7054 0 0 0 1 
Seq_Frame0138_ForcepTipToForcep-SequenceTransformStatus = OK
Seq_Frame0138_Timestamp = 22.238
Seq_Frame0139_ForcepTipToForcep-SequenceTransform =0.699526 5.55112e-17 -0.714607 -93.8638 -0.573602 0.596408 -0.561496 -77.4251 0.426198 0.802681 0.417203 64.7054 0 0 0 1 
Seq_Frame0139_ForcepTipToForcep-SequenceTransformStatus = OK
Seq_Frame0139_Timestamp = 22.34
Seq_Frame0140_ForcepTipToForcep-SequenceTransform =0.699526 5.55112e-17 -0.714607 -93.8638 -0.573602 0.596408 -0.561496 -77.4251 0.426198 0.802681 0.417203 64.7054 0 0 0 1 
Seq_Frame0140_ForcepTipToForcep-SequenceTransformStatus = OK
Seq_Frame0140_Timestamp = 22.453
Seq_Frame0141_ForcepTipToForcep-SequenceTransform =0.699526 5.55112e-17 -0.714607 -93.8638 -0.573602 0.596408 -0.561496 -77.4251 0.426198 0.802681 0.417203 64.7054 0 0 0 1 
Seq_Frame0141_ForcepTipToForcep-SequenceTransformStatus = OK
Seq_Frame0141_Timestamp = 22.558
Seq_Frame0142_ForcepTipToForcep-SequenceTransform =0.699526 5.55112e-17 -0.714607 -93.8638 -0.573602 0.596408 -0.561496 -77.4251 0.426198 0.802681 0.417203 64.7054 0 0 0 1 
Seq_Frame0142_ForcepTipToForcep-SequenceTransformStatus = OK
Seq_Frame0142_Timestamp = 22.662
Seq_Frame0143_ForcepTipToForcep-SequenceTransform =0.699526 5.55112e-17 -0.714607 -93.8638 -0.573602 0.596408 -0.561496 -77.4251 0.426198 0.802681 0.417203 64.7054 0 0 0 1 
Seq_Frame0143_ForcepTipToForcep-SequenceTransformStatus = OK
Seq_Frame0143_Timestamp = 22.768
Seq_Frame0144_ForcepTipToForcep-SequenceTransform =0.699526 5.55112e-17 -0.714607 -93.8638 -0.573602 0.596408 -0.561496 -77.4251 0.426198 0.802681 0.417203 64.7054 0 0 0 1 
Seq_Frame0144_ForcepTipToForcep-SequenceTransformStatus = OK
Seq_Frame0144_Timestamp = 22.87
Seq_Frame0145_ForcepTipToForcep-SequenceTransform =0.699526 5.55112e-17 -0.714607 -93.8638 -0.573602 0.596408 -0.561496 -77.4251 0.426198 0.802681 0.417203 64.7054 0 0 0 1 
Seq_Frame0145_ForcepTipToForcep-SequenceTransformStatus = OK
Seq_Frame0145_Timestamp = 22.973
Seq_Frame0146_ForcepTipToForcep-SequenceTransform =0.699526 5.55112e-17 -0.714607 -93.8638 -0.573602 0.596408 -0.561496 -77.4251 0.426198 0.802681 0.417203 64.7054 0 0 0 1 
Seq_Frame0146_ForcepTipToForcep-SequenceTransformStatus = OK
Seq_Frame0146_Timestamp = 23.074
Seq_Frame0147_ForcepTipToForcep-SequenceTransform =0.699526 5.55112e-17 -0.714607 -93.8638 -0.573602 0.596408 -0.561496 -77.4251 0.426198 0.802681 0.417203 64.7054 0 0 0 1 
Seq_Frame0147_ForcepTipToForcep-SequenceTransformStatus = OK
Seq_Frame0147_Timestamp = 23.184
Seq_Frame0148_ForcepTipToForcep-SequenceTransform =0.699526 5.55112e-17 -0.714607 -93.8638 -0.573602 0.596408 -0.561496 -77.4251 0.426198 0.802681 0.417203 64.7054 0 0 0 1 
Seq_Frame0148_ForcepTipToForcep-SequenceTransformStatus = OK
Seq_Frame0148_Timestamp = 23.284
