ObjectType = Image
NDims = 3
AnatomicalOrientation = RAI
BinaryData = True
CompressedData = False
DimSize = 0 0 1843
ElementSpacing = 1 1 1
Offset = 0 0 0
TransformMatrix = 1 0 0 0 1 0 0 0 1
ElementType = MET_UCHAR
Kinds = domain domain list
Seq_Frame0000_ForcepToReference-SequenceTransform =0.124129 -0.92268 -0.365039 -120.024 0.171571 -0.342386 0.923761 88.4793 -0.97732 -0.177296 0.115805 131.39 0 0 0 1 
Seq_Frame0000_ForcepToReference-SequenceTransformStatus = OK
Seq_Frame0000_Timestamp = 0.0150001
Seq_Frame0001_ForcepToReference-SequenceTransform =0.12497 -0.922498 -0.365213 -119.928 0.170343 -0.342684 0.923878 88.4322 -0.977428 -0.177668 0.114315 131.549 0 0 0 1 
Seq_Frame0001_ForcepToReference-SequenceTransformStatus = OK
Seq_Frame0001_Timestamp = 0.118
Seq_Frame0002_ForcepToReference-SequenceTransform =0.124393 -0.922582 -0.365196 -119.949 0.170879 -0.342637 0.923797 88.4253 -0.977408 -0.177318 0.115028 131.589 0 0 0 1 
Seq_Frame0002_ForcepToReference-SequenceTransformStatus = OK
Seq_Frame0002_Timestamp = 0.218
Seq_Frame0003_ForcepToReference-SequenceTransform =0.124641 -0.922625 -0.365005 -119.981 0.170498 -0.342485 0.923923 88.4528 -0.977443 -0.177391 0.114618 131.471 0 0 0 1 
Seq_Frame0003_ForcepToReference-SequenceTransformStatus = OK
Seq_Frame0003_Timestamp = 0.319
Seq_Frame0004_ForcepToReference-SequenceTransform =0.125623 -0.922633 -0.364647 -119.981 0.172197 -0.341701 0.923899 88.4277 -0.977019 -0.178854 0.115949 131.456 0 0 0 1 
Seq_Frame0004_ForcepToReference-SequenceTransformStatus = OK
Seq_Frame0004_Timestamp = 0.429
Seq_Frame0005_ForcepToReference-SequenceTransform =0.124416 -0.922665 -0.36498 -119.991 0.170482 -0.34249 0.923925 88.4448 -0.977475 -0.177173 0.114687 131.456 0 0 0 1 
Seq_Frame0005_ForcepToReference-SequenceTransformStatus = OK
Seq_Frame0005_Timestamp = 0.533
Seq_Frame0006_ForcepToReference-SequenceTransform =0.124963 -0.922618 -0.364911 -120.017 0.171311 -0.342206 0.923876 88.4656 -0.97726 -0.177963 0.115292 131.367 0 0 0 1 
Seq_Frame0006_ForcepToReference-SequenceTransformStatus = OK
Seq_Frame0006_Timestamp = 0.638
Seq_Frame0007_ForcepToReference-SequenceTransform =0.124499 -0.922735 -0.364774 -120.001 0.172259 -0.341951 0.923795 88.4646 -0.977152 -0.177847 0.116377 131.42 0 0 0 1 
Seq_Frame0007_ForcepToReference-SequenceTransformStatus = OK
Seq_Frame0007_Timestamp = 0.739
Seq_Frame0008_ForcepToReference-SequenceTransform =0.122725 -0.92267 -0.36554 -120.024 0.170612 -0.343226 0.923627 88.497 -0.977666 -0.175718 0.115296 131.361 0 0 0 1 
Seq_Frame0008_ForcepToReference-SequenceTransformStatus = OK
Seq_Frame0008_Timestamp = 0.846
Seq_Frame0009_ForcepToReference-SequenceTransform =0.123075 -0.922722 -0.36529 -120.016 0.171462 -0.342781 0.923635 88.4876 -0.977473 -0.17631 0.116024 131.359 0 0 0 1 
Seq_Frame0009_ForcepToReference-SequenceTransformStatus = OK
Seq_Frame0009_Timestamp = 0.954
Seq_Frame0010_ForcepToReference-SequenceTransform =0.124282 -0.922753 -0.364803 -120.007 0.171836 -0.342083 0.923824 88.4439 -0.977254 -0.177501 0.116048 131.439 0 0 0 1 
Seq_Frame0010_ForcepToReference-SequenceTransformStatus = OK
Seq_Frame0010_Timestamp = 1.058
Seq_Frame0011_ForcepToReference-SequenceTransform =0.124478 -0.922647 -0.365004 -120.012 0.17092 -0.342427 0.923867 88.4977 -0.97739 -0.177388 0.115074 131.369 0 0 0 1 
Seq_Frame0011_ForcepToReference-SequenceTransformStatus = OK
Seq_Frame0011_Timestamp = 1.159
Seq_Frame0012_ForcepToReference-SequenceTransform =0.124527 -0.922663 -0.364945 -119.984 0.174204 -0.341765 0.923499 88.4337 -0.976804 -0.178575 0.118172 131.475 0 0 0 1 
Seq_Frame0012_ForcepToReference-SequenceTransformStatus = OK
Seq_Frame0012_Timestamp = 1.262
Seq_Frame0013_ForcepToReference-SequenceTransform =0.126426 -0.921336 -0.367635 -119.919 0.175902 -0.343914 0.922378 88.4989 -0.976256 -0.18128 0.118585 131.348 0 0 0 1 
Seq_Frame0013_ForcepToReference-SequenceTransformStatus = OK
Seq_Frame0013_Timestamp = 1.368
Seq_Frame0014_ForcepToReference-SequenceTransform =0.125468 -0.921413 -0.36777 -119.94 0.175802 -0.344184 0.922297 88.5023 -0.976397 -0.180373 0.118802 131.357 0 0 0 1 
Seq_Frame0014_ForcepToReference-SequenceTransformStatus = OK
Seq_Frame0014_Timestamp = 1.468
Seq_Frame0015_ForcepToReference-SequenceTransform =0.126337 -0.921345 -0.367645 -119.898 0.174142 -0.34426 0.922583 88.4727 -0.976583 -0.180579 0.116952 131.44 0 0 0 1 
Seq_Frame0015_ForcepToReference-SequenceTransformStatus = OK
Seq_Frame0015_Timestamp = 1.579
Seq_Frame0016_ForcepToReference-SequenceTransform =0.125009 -0.921449 -0.367839 -119.86 0.175269 -0.344406 0.922315 88.4424 -0.976552 -0.179768 0.118447 131.488 0 0 0 1 
Seq_Frame0016_ForcepToReference-SequenceTransformStatus = OK
Seq_Frame0016_Timestamp = 1.684
Seq_Frame0017_ForcepToReference-SequenceTransform =0.125692 -0.9213 -0.367978 -119.89 0.174249 -0.344652 0.922417 88.4618 -0.976647 -0.18006 0.117216 131.444 0 0 0 1 
Seq_Frame0017_ForcepToReference-SequenceTransformStatus = OK
Seq_Frame0017_Timestamp = 1.793
Seq_Frame0018_ForcepToReference-SequenceTransform =0.12614 -0.921168 -0.368155 -119.889 0.174128 -0.344797 0.922385 88.4417 -0.97661 -0.180456 0.116909 131.45 0 0 0 1 
Seq_Frame0018_ForcepToReference-SequenceTransformStatus = OK
Seq_Frame0018_Timestamp = 1.893
Seq_Frame0019_ForcepToReference-SequenceTransform =0.131477 -0.91975 -0.369828 -119.119 0.177599 -0.345177 0.921581 88.4118 -0.975281 -0.186847 0.117964 131.208 0 0 0 1 
Seq_Frame0019_ForcepToReference-SequenceTransformStatus = OK
Seq_Frame0019_Timestamp = 1.998
Seq_Frame0020_ForcepToReference-SequenceTransform =0.138148 -0.916968 -0.374279 -117.209 0.179115 -0.34854 0.920021 87.9167 -0.974081 -0.194138 0.116093 130.601 0 0 0 1 
Seq_Frame0020_ForcepToReference-SequenceTransformStatus = OK
Seq_Frame0020_Timestamp = 2.103
Seq_Frame0021_ForcepToReference-SequenceTransform =0.140637 -0.917135 -0.37294 -116.242 0.171976 -0.348328 0.921462 88.5345 -0.975011 -0.193728 0.108738 131.281 0 0 0 1 
Seq_Frame0021_ForcepToReference-SequenceTransformStatus = OK
Seq_Frame0021_Timestamp = 2.209
Seq_Frame0022_ForcepToReference-SequenceTransform =0.17183 -0.894519 -0.412686 -116.253 0.182258 -0.382819 0.905666 89.2832 -0.96812 -0.230836 0.0972533 132.47 0 0 0 1 
Seq_Frame0022_ForcepToReference-SequenceTransformStatus = OK
Seq_Frame0022_Timestamp = 2.313
Seq_Frame0023_ForcepToReference-SequenceTransform =0.137609 -0.855579 -0.499048 -119.893 0.230153 -0.46243 0.856264 93.0839 -0.963376 -0.232687 0.13328 135.005 0 0 0 1 
Seq_Frame0023_ForcepToReference-SequenceTransformStatus = OK
Seq_Frame0023_Timestamp = 2.419
Seq_Frame0024_ForcepToReference-SequenceTransform =0.118587 -0.855503 -0.504036 -125.227 0.233482 -0.46936 0.851579 96.2026 -0.965103 -0.21867 0.144085 138.585 0 0 0 1 
Seq_Frame0024_ForcepToReference-SequenceTransformStatus = OK
Seq_Frame0024_Timestamp = 2.523
Seq_Frame0025_ForcepToReference-SequenceTransform =0.00877451 -0.754118 -0.656681 -126.811 0.363548 -0.609362 0.704636 107.473 -0.931534 -0.244918 0.268811 133.546 0 0 0 1 
Seq_Frame0025_ForcepToReference-SequenceTransformStatus = OK
Seq_Frame0025_Timestamp = 2.623
Seq_Frame0026_ForcepToReference-SequenceTransform =-0.0059088 -0.727429 -0.686157 -139.346 0.518272 -0.589047 0.620015 129.118 -0.855196 -0.351952 0.380486 124.384 0 0 0 1 
Seq_Frame0026_ForcepToReference-SequenceTransformStatus = OK
Seq_Frame0026_Timestamp = 2.724
Seq_Frame0027_ForcepToReference-SequenceTransform =-0.0107005 -0.675468 -0.737311 -154.656 0.580733 -0.604456 0.545328 141.318 -0.814024 -0.422345 0.398734 118.745 0 0 0 1 
Seq_Frame0027_ForcepToReference-SequenceTransformStatus = OK
Seq_Frame0027_Timestamp = 2.829
Seq_Frame0028_ForcepToReference-SequenceTransform =-0.0384426 -0.404297 -0.91382 -154.494 0.533801 -0.781387 0.323249 148.309 -0.844736 -0.475371 0.245853 107.584 0 0 0 1 
Seq_Frame0028_ForcepToReference-SequenceTransformStatus = OK
Seq_Frame0028_Timestamp = 2.929
Seq_Frame0029_ForcepToReference-SequenceTransform =0.178456 -0.306898 -0.934862 -147.461 0.626511 -0.697177 0.348466 164.969 -0.758708 -0.647887 0.0678594 89.6259 0 0 0 1 
Seq_Frame0029_ForcepToReference-SequenceTransformStatus = OK
Seq_Frame0029_Timestamp = 3.033
Seq_Frame0030_ForcepToReference-SequenceTransform =0.535525 -0.571788 -0.621507 -156.73 0.612607 -0.243555 0.751927 179.12 -0.581314 -0.783415 0.219852 65.6641 0 0 0 1 
Seq_Frame0030_ForcepToReference-SequenceTransformStatus = OK
Seq_Frame0030_Timestamp = 3.138
Seq_Frame0031_ForcepToReference-SequenceTransform =0.688538 -0.63311 -0.353677 -167.469 0.518178 0.0883131 0.850701 188.192 -0.507353 -0.769007 0.388871 41.8666 0 0 0 1 
Seq_Frame0031_ForcepToReference-SequenceTransformStatus = OK
Seq_Frame0031_Timestamp = 3.238
Seq_Frame0032_ForcepToReference-SequenceTransform =0.420616 -0.779277 -0.464552 -191.143 0.685782 -0.0621336 0.72515 189.426 -0.593958 -0.623591 0.50828 19.6682 0 0 0 1 
Seq_Frame0032_ForcepToReference-SequenceTransformStatus = OK
Seq_Frame0032_Timestamp = 3.339
Seq_Frame0033_ForcepToReference-SequenceTransform =0.251383 -0.838265 -0.483858 -209.786 0.708942 -0.180874 0.681679 183.26 -0.658945 -0.51439 0.548812 5.44746 0 0 0 1 
Seq_Frame0033_ForcepToReference-SequenceTransformStatus = OK
Seq_Frame0033_Timestamp = 3.446
Seq_Frame0034_ForcepToReference-SequenceTransform =0.18226 -0.842969 -0.506146 -226.02 0.790309 -0.18066 0.585469 185.672 -0.584973 -0.506719 0.633279 -5.07072 0 0 0 1 
Seq_Frame0034_ForcepToReference-SequenceTransformStatus = OK
Seq_Frame0034_Timestamp = 3.553
Seq_Frame0035_ForcepToReference-SequenceTransform =0.148465 -0.850832 -0.504026 -242.972 0.743823 -0.23979 0.623882 174.366 -0.651679 -0.467531 0.597268 -12.4994 0 0 0 1 
Seq_Frame0035_ForcepToReference-SequenceTransformStatus = OK
Seq_Frame0035_Timestamp = 3.659
Seq_Frame0036_ForcepToReference-SequenceTransform =0.179119 -0.885818 -0.42807 -254.963 0.746666 -0.160926 0.64544 172.845 -0.64063 -0.435236 0.632585 -14.8622 0 0 0 1 
Seq_Frame0036_ForcepToReference-SequenceTransformStatus = OK
Seq_Frame0036_Timestamp = 3.763
Seq_Frame0037_ForcepToReference-SequenceTransform =0.179119 -0.885818 -0.42807 -254.963 0.746666 -0.160926 0.64544 172.845 -0.64063 -0.435236 0.632585 -14.8622 0 0 0 1 
Seq_Frame0037_ForcepToReference-SequenceTransformStatus = OK
Seq_Frame0037_Timestamp = 3.863
Seq_Frame0038_ForcepToReference-SequenceTransform =0.179119 -0.885818 -0.42807 -254.963 0.746666 -0.160926 0.64544 172.845 -0.64063 -0.435236 0.632585 -14.8622 0 0 0 1 
Seq_Frame0038_ForcepToReference-SequenceTransformStatus = OK
Seq_Frame0038_Timestamp = 3.971
Seq_Frame0039_ForcepToReference-SequenceTransform =0.179119 -0.885818 -0.42807 -254.963 0.746666 -0.160926 0.64544 172.845 -0.64063 -0.435236 0.632585 -14.8622 0 0 0 1 
Seq_Frame0039_ForcepToReference-SequenceTransformStatus = OK
Seq_Frame0039_Timestamp = 4.078
Seq_Frame0040_ForcepToReference-SequenceTransform =0.0910922 -0.974653 -0.204338 -299.228 0.903899 -0.00519169 0.427714 167.804 -0.417934 -0.223662 0.880515 -13.8007 0 0 0 1 
Seq_Frame0040_ForcepToReference-SequenceTransformStatus = OK
Seq_Frame0040_Timestamp = 4.179
Seq_Frame0041_ForcepToReference-SequenceTransform =0.100186 -0.985156 -0.13939 -303.574 0.917225 0.0371579 0.396633 168.561 -0.385566 -0.167589 0.907333 -9.43761 0 0 0 1 
Seq_Frame0041_ForcepToReference-SequenceTransformStatus = OK
Seq_Frame0041_Timestamp = 4.284
Seq_Frame0042_ForcepToReference-SequenceTransform =0.0884391 -0.986231 -0.139741 -305.983 0.915639 0.0252612 0.401207 167.075 -0.392152 -0.163435 0.905266 -8.16481 0 0 0 1 
Seq_Frame0042_ForcepToReference-SequenceTransformStatus = OK
Seq_Frame0042_Timestamp = 4.396
Seq_Frame0043_ForcepToReference-SequenceTransform =0.0487346 -0.994708 -0.090446 -309.486 0.91732 0.00874897 0.398055 163.447 -0.395157 -0.102367 0.912892 -7.15284 0 0 0 1 
Seq_Frame0043_ForcepToReference-SequenceTransformStatus = OK
Seq_Frame0043_Timestamp = 4.5
Seq_Frame0044_ForcepToReference-SequenceTransform =0.0323644 -0.997959 -0.0550488 -311.5 0.917669 0.00784668 0.397269 160.284 -0.396026 -0.0633739 0.91605 -6.84439 0 0 0 1 
Seq_Frame0044_ForcepToReference-SequenceTransformStatus = OK
Seq_Frame0044_Timestamp = 4.603
Seq_Frame0045_ForcepToReference-SequenceTransform =0.0323644 -0.997959 -0.0550488 -311.5 0.917669 0.00784668 0.397269 160.284 -0.396026 -0.0633739 0.91605 -6.84439 0 0 0 1 
Seq_Frame0045_ForcepToReference-SequenceTransformStatus = OK
Seq_Frame0045_Timestamp = 4.713
Seq_Frame0046_ForcepToReference-SequenceTransform =0.0323644 -0.997959 -0.0550488 -311.5 0.917669 0.00784668 0.397269 160.284 -0.396026 -0.0633739 0.91605 -6.84439 0 0 0 1 
Seq_Frame0046_ForcepToReference-SequenceTransformStatus = OK
Seq_Frame0046_Timestamp = 4.814
Seq_Frame0047_ForcepToReference-SequenceTransform =0.0323644 -0.997959 -0.0550488 -311.5 0.917669 0.00784668 0.397269 160.284 -0.396026 -0.0633739 0.91605 -6.84439 0 0 0 1 
Seq_Frame0047_ForcepToReference-SequenceTransformStatus = OK
Seq_Frame0047_Timestamp = 4.929
Seq_Frame0048_ForcepToReference-SequenceTransform =-0.860357 0.266892 0.434229 -329.26 -0.42195 0.10494 -0.900526 121.366 -0.285911 -0.957996 0.0223292 -13.0766 0 0 0 1 
Seq_Frame0048_ForcepToReference-SequenceTransformStatus = OK
Seq_Frame0048_Timestamp = 5.044
Seq_Frame0049_ForcepToReference-SequenceTransform =-0.860357 0.266892 0.434229 -329.26 -0.42195 0.10494 -0.900526 121.366 -0.285911 -0.957996 0.0223292 -13.0766 0 0 0 1 
Seq_Frame0049_ForcepToReference-SequenceTransformStatus = OK
Seq_Frame0049_Timestamp = 5.153
Seq_Frame0050_ForcepToReference-SequenceTransform =-0.860357 0.266892 0.434229 -329.26 -0.42195 0.10494 -0.900526 121.366 -0.285911 -0.957996 0.0223292 -13.0766 0 0 0 1 
Seq_Frame0050_ForcepToReference-SequenceTransformStatus = OK
Seq_Frame0050_Timestamp = 5.262
Seq_Frame0051_ForcepToReference-SequenceTransform =-0.860357 0.266892 0.434229 -329.26 -0.42195 0.10494 -0.900526 121.366 -0.285911 -0.957996 0.0223292 -13.0766 0 0 0 1 
Seq_Frame0051_ForcepToReference-SequenceTransformStatus = OK
Seq_Frame0051_Timestamp = 5.364
Seq_Frame0052_ForcepToReference-SequenceTransform =-0.153701 -0.988073 0.00934944 -255.636 0.907926 -0.137487 0.395938 198.991 -0.389931 0.0693446 0.918229 -10.1758 0 0 0 1 
Seq_Frame0052_ForcepToReference-SequenceTransformStatus = OK
Seq_Frame0052_Timestamp = 5.478
Seq_Frame0053_ForcepToReference-SequenceTransform =-0.134289 -0.990794 -0.0171414 -223.125 0.953973 -0.133941 0.268318 221.293 -0.268144 0.0196798 0.963178 -12.6935 0 0 0 1 
Seq_Frame0053_ForcepToReference-SequenceTransformStatus = OK
Seq_Frame0053_Timestamp = 5.579
Seq_Frame0054_ForcepToReference-SequenceTransform =-0.157017 -0.971458 -0.177804 -191.739 0.952457 -0.196554 0.232793 237.194 -0.261097 -0.132798 0.956134 -12.1314 0 0 0 1 
Seq_Frame0054_ForcepToReference-SequenceTransformStatus = OK
Seq_Frame0054_Timestamp = 5.679
Seq_Frame0055_ForcepToReference-SequenceTransform =-0.15519 -0.943697 -0.29215 -159.281 0.957643 -0.216323 0.190064 253.042 -0.242562 -0.25028 0.937296 -7.2457 0 0 0 1 
Seq_Frame0055_ForcepToReference-SequenceTransformStatus = OK
Seq_Frame0055_Timestamp = 5.784
Seq_Frame0056_ForcepToReference-SequenceTransform =-0.14611 -0.938224 -0.313667 -132.294 0.977863 -0.184981 0.0978059 268.462 -0.149786 -0.292433 0.944483 0.647622 0 0 0 1 
Seq_Frame0056_ForcepToReference-SequenceTransformStatus = OK
Seq_Frame0056_Timestamp = 5.894
Seq_Frame0057_ForcepToReference-SequenceTransform =-0.16115 -0.893307 -0.419562 -111.216 0.977847 -0.202065 0.0546431 275.154 -0.133592 -0.401462 0.90608 10.5773 0 0 0 1 
Seq_Frame0057_ForcepToReference-SequenceTransformStatus = OK
Seq_Frame0057_Timestamp = 5.994
Seq_Frame0058_ForcepToReference-SequenceTransform =-0.194706 -0.87247 -0.448202 -99.7208 0.974114 -0.225505 0.0157974 277.119 -0.114855 -0.433524 0.893793 13.9088 0 0 0 1 
Seq_Frame0058_ForcepToReference-SequenceTransformStatus = OK
Seq_Frame0058_Timestamp = 6.099
Seq_Frame0059_ForcepToReference-SequenceTransform =-0.230589 -0.932609 -0.277612 -95.1214 0.9478 -0.279843 0.152848 261.307 -0.220235 -0.227876 0.948456 -3.37486 0 0 0 1 
Seq_Frame0059_ForcepToReference-SequenceTransformStatus = OK
Seq_Frame0059_Timestamp = 6.208
Seq_Frame0060_ForcepToReference-SequenceTransform =-0.260293 -0.869013 -0.420789 -80.2717 0.899692 -0.376473 0.220959 252.121 -0.350432 -0.321067 0.879837 -7.63438 0 0 0 1 
Seq_Frame0060_ForcepToReference-SequenceTransformStatus = OK
Seq_Frame0060_Timestamp = 6.319
Seq_Frame0061_ForcepToReference-SequenceTransform =-0.125353 -0.696587 -0.706437 -17.6814 0.806914 -0.485859 0.335904 236.907 -0.577215 -0.527927 0.622989 -7.7318 0 0 0 1 
Seq_Frame0061_ForcepToReference-SequenceTransformStatus = OK
Seq_Frame0061_Timestamp = 6.488
Seq_Frame0062_ForcepToReference-SequenceTransform =-0.148169 -0.71711 -0.681028 -16.9012 0.808415 -0.484487 0.334271 236.756 -0.569658 -0.501025 0.651508 -7.9484 0 0 0 1 
Seq_Frame0062_ForcepToReference-SequenceTransformStatus = OK
Seq_Frame0062_Timestamp = 7.598
Seq_Frame0063_ForcepToReference-SequenceTransform =0.0982982 -0.724559 -0.682167 34.6722 0.821576 -0.32773 0.466483 215.638 -0.561561 -0.606306 0.563065 4.33987 0 0 0 1 
Seq_Frame0063_ForcepToReference-SequenceTransformStatus = OK
Seq_Frame0063_Timestamp = 7.703
Seq_Frame0064_ForcepToReference-SequenceTransform =0.107852 -0.714865 -0.690895 42.4123 0.813864 -0.335627 0.47432 211.334 -0.570957 -0.613451 0.545605 4.97142 0 0 0 1 
Seq_Frame0064_ForcepToReference-SequenceTransformStatus = OK
Seq_Frame0064_Timestamp = 7.804
Seq_Frame0065_ForcepToReference-SequenceTransform =0.117092 -0.70673 -0.697727 50.1781 0.811114 -0.337334 0.477808 207.671 -0.573048 -0.621883 0.533739 5.07968 0 0 0 1 
Seq_Frame0065_ForcepToReference-SequenceTransformStatus = OK
Seq_Frame0065_Timestamp = 7.908
Seq_Frame0066_ForcepToReference-SequenceTransform =0.132253 -0.693452 -0.708261 59.562 0.799769 -0.347457 0.489533 200.71 -0.585558 -0.631187 0.50865 5.93446 0 0 0 1 
Seq_Frame0066_ForcepToReference-SequenceTransformStatus = OK
Seq_Frame0066_Timestamp = 8.009
Seq_Frame0067_ForcepToReference-SequenceTransform =0.154099 -0.67315 -0.723272 70.9171 0.78937 -0.356394 0.499878 191.472 -0.594263 -0.64796 0.476444 7.73952 0 0 0 1 
Seq_Frame0067_ForcepToReference-SequenceTransformStatus = OK
Seq_Frame0067_Timestamp = 8.119
Seq_Frame0068_ForcepToReference-SequenceTransform =0.17361 -0.661024 -0.730005 79.8761 0.780687 -0.359482 0.511176 184.361 -0.600323 -0.658651 0.453643 9.87827 0 0 0 1 
Seq_Frame0068_ForcepToReference-SequenceTransformStatus = OK
Seq_Frame0068_Timestamp = 8.224
Seq_Frame0069_ForcepToReference-SequenceTransform =0.17361 -0.661024 -0.730005 79.8761 0.780687 -0.359482 0.511176 184.361 -0.600323 -0.658651 0.453643 9.87827 0 0 0 1 
Seq_Frame0069_ForcepToReference-SequenceTransformStatus = OK
Seq_Frame0069_Timestamp = 8.329
Seq_Frame0070_ForcepToReference-SequenceTransform =-0.787765 0.303324 -0.536117 63.4152 0.60808 0.521856 -0.598252 239.923 0.0983115 -0.797284 -0.595545 212.807 0 0 0 1 
Seq_Frame0070_ForcepToReference-SequenceTransformStatus = OK
Seq_Frame0070_Timestamp = 8.429
Seq_Frame0071_ForcepToReference-SequenceTransform =0.189734 -0.507228 0.840667 63.2962 0.893848 0.443506 0.0658585 223.341 -0.406246 0.738933 0.537534 218.237 0 0 0 1 
Seq_Frame0071_ForcepToReference-SequenceTransformStatus = OK
Seq_Frame0071_Timestamp = 8.903
Seq_Frame0072_ForcepToReference-SequenceTransform =0.196372 -0.68662 -0.699993 106.111 0.84631 -0.241833 0.474632 176.079 -0.495173 -0.685616 0.533604 31.3001 0 0 0 1 
Seq_Frame0072_ForcepToReference-SequenceTransformStatus = OK
Seq_Frame0072_Timestamp = 10.063
Seq_Frame0073_ForcepToReference-SequenceTransform =0.186893 -0.725997 -0.661815 97.9741 0.897728 -0.147367 0.415172 187.131 -0.398944 -0.671723 0.624206 26.8792 0 0 0 1 
Seq_Frame0073_ForcepToReference-SequenceTransformStatus = OK
Seq_Frame0073_Timestamp = 10.163
Seq_Frame0074_ForcepToReference-SequenceTransform =0.223463 -0.774826 -0.591362 95.3553 0.870441 -0.11439 0.478799 189.686 -0.438632 -0.621739 0.648878 26.9272 0 0 0 1 
Seq_Frame0074_ForcepToReference-SequenceTransformStatus = OK
Seq_Frame0074_Timestamp = 10.268
Seq_Frame0075_ForcepToReference-SequenceTransform =-0.354366 0.670472 0.651838 88.6095 -0.191645 0.630204 -0.752406 210.702 -0.915258 -0.391549 -0.0948301 40.3269 0 0 0 1 
Seq_Frame0075_ForcepToReference-SequenceTransformStatus = OK
Seq_Frame0075_Timestamp = 10.37
Seq_Frame0076_ForcepToReference-SequenceTransform =-0.431824 0.638612 0.636948 80.6991 -0.130451 0.654539 -0.744689 202.288 -0.892474 -0.404665 -0.199338 55.587 0 0 0 1 
Seq_Frame0076_ForcepToReference-SequenceTransformStatus = OK
Seq_Frame0076_Timestamp = 11.348
Seq_Frame0077_ForcepToReference-SequenceTransform =0.241513 -0.808739 -0.536295 82.4274 0.96342 0.133677 0.232276 218.681 -0.11616 -0.572775 0.81144 55.6105 0 0 0 1 
Seq_Frame0077_ForcepToReference-SequenceTransformStatus = OK
Seq_Frame0077_Timestamp = 11.659
Seq_Frame0078_ForcepToReference-SequenceTransform =0.26757 -0.81776 -0.509584 86.8347 0.948138 0.129279 0.290381 220.19 -0.171584 -0.560853 0.80994 63.0645 0 0 0 1 
Seq_Frame0078_ForcepToReference-SequenceTransformStatus = OK
Seq_Frame0078_Timestamp = 11.768
Seq_Frame0079_ForcepToReference-SequenceTransform =0.343333 -0.816411 -0.464324 94.0649 0.914363 0.177574 0.363879 220.555 -0.214623 -0.549492 0.807463 69.6074 0 0 0 1 
Seq_Frame0079_ForcepToReference-SequenceTransformStatus = OK
Seq_Frame0079_Timestamp = 11.869
Seq_Frame0080_ForcepToReference-SequenceTransform =0.37719 -0.812014 -0.445378 97.7466 0.900666 0.20961 0.380611 220.897 -0.215706 -0.544699 0.810416 73.3202 0 0 0 1 
Seq_Frame0080_ForcepToReference-SequenceTransformStatus = OK
Seq_Frame0080_Timestamp = 11.973
Seq_Frame0081_ForcepToReference-SequenceTransform =0.41971 -0.808469 -0.412579 99.9115 0.886954 0.268782 0.375592 222.386 -0.192761 -0.523578 0.829885 74.8705 0 0 0 1 
Seq_Frame0081_ForcepToReference-SequenceTransformStatus = OK
Seq_Frame0081_Timestamp = 12.074
Seq_Frame0082_ForcepToReference-SequenceTransform =0.448508 -0.80602 -0.386228 103.271 0.870467 0.295869 0.39338 222.655 -0.2028 -0.512633 0.834314 77.0031 0 0 0 1 
Seq_Frame0082_ForcepToReference-SequenceTransformStatus = OK
Seq_Frame0082_Timestamp = 12.178
Seq_Frame0083_ForcepToReference-SequenceTransform =0.492707 -0.801562 -0.338729 107.89 0.836139 0.328254 0.439455 222.56 -0.241062 -0.499747 0.831951 77.8325 0 0 0 1 
Seq_Frame0083_ForcepToReference-SequenceTransformStatus = OK
Seq_Frame0083_Timestamp = 12.283
Seq_Frame0084_ForcepToReference-SequenceTransform =0.534951 -0.79177 -0.294834 112.695 0.812967 0.387375 0.43477 227.303 -0.230027 -0.472272 0.85091 83.6093 0 0 0 1 
Seq_Frame0084_ForcepToReference-SequenceTransformStatus = OK
Seq_Frame0084_Timestamp = 12.383
Seq_Frame0085_ForcepToReference-SequenceTransform =0.55419 -0.782017 -0.285171 114.401 0.804927 0.416201 0.422929 228.302 -0.21205 -0.463925 0.860121 85.6284 0 0 0 1 
Seq_Frame0085_ForcepToReference-SequenceTransformStatus = OK
Seq_Frame0085_Timestamp = 12.484
Seq_Frame0086_ForcepToReference-SequenceTransform =0.521473 -0.804746 -0.283637 106.167 0.818154 0.377201 0.433986 223.722 -0.24226 -0.458371 0.855106 81.9771 0 0 0 1 
Seq_Frame0086_ForcepToReference-SequenceTransformStatus = OK
Seq_Frame0086_Timestamp = 12.595
Seq_Frame0087_ForcepToReference-SequenceTransform =0.500916 -0.810926 -0.302461 100.182 0.840701 0.372837 0.392701 222.699 -0.205682 -0.450989 0.868506 80.478 0 0 0 1 
Seq_Frame0087_ForcepToReference-SequenceTransformStatus = OK
Seq_Frame0087_Timestamp = 12.696
Seq_Frame0088_ForcepToReference-SequenceTransform =0.486128 -0.818678 -0.305689 96.978 0.846602 0.354467 0.397011 220.403 -0.216668 -0.451795 0.865411 78.8679 0 0 0 1 
Seq_Frame0088_ForcepToReference-SequenceTransformStatus = OK
Seq_Frame0088_Timestamp = 12.798
Seq_Frame0089_ForcepToReference-SequenceTransform =0.463323 -0.844547 -0.268461 93.4888 0.844832 0.32948 0.421548 218.195 -0.267565 -0.422117 0.866156 78.0433 0 0 0 1 
Seq_Frame0089_ForcepToReference-SequenceTransformStatus = OK
Seq_Frame0089_Timestamp = 12.899
Seq_Frame0090_ForcepToReference-SequenceTransform =0.441327 -0.857557 -0.264247 90.3466 0.852106 0.308173 0.423018 218.534 -0.281328 -0.411855 0.866735 79.2207 0 0 0 1 
Seq_Frame0090_ForcepToReference-SequenceTransformStatus = OK
Seq_Frame0090_Timestamp = 13
Seq_Frame0091_ForcepToReference-SequenceTransform =0.436394 -0.866392 -0.242746 88.7093 0.847923 0.305758 0.433057 216.405 -0.300976 -0.394813 0.868065 77.7958 0 0 0 1 
Seq_Frame0091_ForcepToReference-SequenceTransformStatus = OK
Seq_Frame0091_Timestamp = 13.103
Seq_Frame0092_ForcepToReference-SequenceTransform =0.419883 -0.878041 -0.229658 86.4587 0.846866 0.288049 0.447041 215.947 -0.326367 -0.382194 0.86453 77.8029 0 0 0 1 
Seq_Frame0092_ForcepToReference-SequenceTransformStatus = OK
Seq_Frame0092_Timestamp = 13.208
Seq_Frame0093_ForcepToReference-SequenceTransform =0.410855 -0.884296 -0.221851 84.3361 0.85132 0.28503 0.440469 215.544 -0.326271 -0.369835 0.869925 78.6078 0 0 0 1 
Seq_Frame0093_ForcepToReference-SequenceTransformStatus = OK
Seq_Frame0093_Timestamp = 13.318
Seq_Frame0094_ForcepToReference-SequenceTransform =0.396299 -0.89314 -0.212714 82.6623 0.846867 0.266108 0.460438 213.38 -0.354631 -0.362611 0.861829 77.4771 0 0 0 1 
Seq_Frame0094_ForcepToReference-SequenceTransformStatus = OK
Seq_Frame0094_Timestamp = 13.428
Seq_Frame0095_ForcepToReference-SequenceTransform =0.392017 -0.892967 -0.221205 81.3901 0.845705 0.255165 0.468694 210.927 -0.362084 -0.37081 0.855216 76.3257 0 0 0 1 
Seq_Frame0095_ForcepToReference-SequenceTransformStatus = OK
Seq_Frame0095_Timestamp = 13.529
Seq_Frame0096_ForcepToReference-SequenceTransform =0.387935 -0.89548 -0.218225 80.154 0.840277 0.246323 0.482969 207.936 -0.378735 -0.37073 0.848009 74.5021 0 0 0 1 
Seq_Frame0096_ForcepToReference-SequenceTransformStatus = OK
Seq_Frame0096_Timestamp = 13.633
Seq_Frame0097_ForcepToReference-SequenceTransform =0.377328 -0.902 -0.209809 78.9571 0.840536 0.238466 0.48645 207.197 -0.388746 -0.359903 0.848143 74.5405 0 0 0 1 
Seq_Frame0097_ForcepToReference-SequenceTransformStatus = OK
Seq_Frame0097_Timestamp = 13.734
Seq_Frame0098_ForcepToReference-SequenceTransform =0.375351 -0.900933 -0.21779 77.6276 0.841626 0.232846 0.487287 205.695 -0.388301 -0.366201 0.845647 73.4973 0 0 0 1 
Seq_Frame0098_ForcepToReference-SequenceTransformStatus = OK
Seq_Frame0098_Timestamp = 13.834
Seq_Frame0099_ForcepToReference-SequenceTransform =0.360361 -0.908469 -0.211715 76.441 0.841309 0.218497 0.494428 205.215 -0.402913 -0.35629 0.843041 73.516 0 0 0 1 
Seq_Frame0099_ForcepToReference-SequenceTransformStatus = OK
Seq_Frame0099_Timestamp = 13.937
Seq_Frame0100_ForcepToReference-SequenceTransform =0.352347 -0.911328 -0.212916 75.2781 0.838116 0.206037 0.505085 203.346 -0.41643 -0.356414 0.836394 72.8919 0 0 0 1 
Seq_Frame0100_ForcepToReference-SequenceTransformStatus = OK
Seq_Frame0100_Timestamp = 14.043
Seq_Frame0101_ForcepToReference-SequenceTransform =0.347311 -0.913167 -0.213311 73.6566 0.838196 0.200306 0.507252 202.459 -0.420478 -0.35497 0.834982 72.4865 0 0 0 1 
Seq_Frame0101_ForcepToReference-SequenceTransformStatus = OK
Seq_Frame0101_Timestamp = 14.144
Seq_Frame0102_ForcepToReference-SequenceTransform =0.338927 -0.91672 -0.21155 72.209 0.842018 0.195262 0.50287 202.387 -0.419683 -0.348565 0.838074 72.728 0 0 0 1 
Seq_Frame0102_ForcepToReference-SequenceTransformStatus = OK
Seq_Frame0102_Timestamp = 14.248
Seq_Frame0103_ForcepToReference-SequenceTransform =0.327285 -0.92147 -0.209233 69.6097 0.844865 0.186196 0.501533 202.319 -0.423189 -0.340918 0.839456 72.9891 0 0 0 1 
Seq_Frame0103_ForcepToReference-SequenceTransformStatus = OK
Seq_Frame0103_Timestamp = 14.358
Seq_Frame0104_ForcepToReference-SequenceTransform =0.312462 -0.931484 -0.186292 67.2642 0.847325 0.184646 0.497942 203.071 -0.429427 -0.313438 0.846965 74.0564 0 0 0 1 
Seq_Frame0104_ForcepToReference-SequenceTransformStatus = OK
Seq_Frame0104_Timestamp = 14.462
Seq_Frame0105_ForcepToReference-SequenceTransform =0.335509 -0.914244 -0.227138 64.7303 0.86957 0.207825 0.447947 204.833 -0.362327 -0.347803 0.864727 72.7212 0 0 0 1 
Seq_Frame0105_ForcepToReference-SequenceTransformStatus = OK
Seq_Frame0105_Timestamp = 14.568
Seq_Frame0106_ForcepToReference-SequenceTransform =0.331473 -0.917596 -0.219417 61.5302 0.893456 0.230585 0.385443 208.2 -0.303087 -0.323803 0.896265 76.8271 0 0 0 1 
Seq_Frame0106_ForcepToReference-SequenceTransformStatus = OK
Seq_Frame0106_Timestamp = 14.673
Seq_Frame0107_ForcepToReference-SequenceTransform =0.320224 -0.924498 -0.206786 59.543 0.904681 0.233664 0.356306 210.134 -0.281085 -0.301174 0.9112 79.6658 0 0 0 1 
Seq_Frame0107_ForcepToReference-SequenceTransformStatus = OK
Seq_Frame0107_Timestamp = 14.78
Seq_Frame0108_ForcepToReference-SequenceTransform =0.306702 -0.93316 -0.187475 58.0484 0.898827 0.219159 0.379577 208.469 -0.313119 -0.284925 0.905966 79.5157 0 0 0 1 
Seq_Frame0108_ForcepToReference-SequenceTransformStatus = OK
Seq_Frame0108_Timestamp = 14.883
Seq_Frame0109_ForcepToReference-SequenceTransform =0.290557 -0.947535 -0.133244 58.1186 0.890805 0.217024 0.399208 211.45 -0.349347 -0.234688 0.907127 83.2261 0 0 0 1 
Seq_Frame0109_ForcepToReference-SequenceTransformStatus = OK
Seq_Frame0109_Timestamp = 14.993
Seq_Frame0110_ForcepToReference-SequenceTransform =0.285782 -0.950933 -0.118558 56.7317 0.888085 0.216327 0.405596 210.59 -0.360047 -0.221201 0.906331 83.1268 0 0 0 1 
Seq_Frame0110_ForcepToReference-SequenceTransformStatus = OK
Seq_Frame0110_Timestamp = 15.098
Seq_Frame0111_ForcepToReference-SequenceTransform =0.285798 -0.950652 -0.120751 56.6745 0.888976 0.215961 0.403835 210.496 -0.357829 -0.22276 0.906828 83.372 0 0 0 1 
Seq_Frame0111_ForcepToReference-SequenceTransformStatus = OK
Seq_Frame0111_Timestamp = 15.203
Seq_Frame0112_ForcepToReference-SequenceTransform =0.275578 -0.954096 -0.117297 55.7089 0.890406 0.207368 0.405186 210.119 -0.362262 -0.216102 0.906679 83.4336 0 0 0 1 
Seq_Frame0112_ForcepToReference-SequenceTransformStatus = OK
Seq_Frame0112_Timestamp = 15.308
Seq_Frame0113_ForcepToReference-SequenceTransform =0.276972 -0.953305 -0.1204 55.3534 0.892735 0.208956 0.399201 209.847 -0.355402 -0.218053 0.908924 83.0425 0 0 0 1 
Seq_Frame0113_ForcepToReference-SequenceTransformStatus = OK
Seq_Frame0113_Timestamp = 15.409
Seq_Frame0114_ForcepToReference-SequenceTransform =0.265504 -0.95758 -0.11202 56.025 0.897461 0.203026 0.391592 208.158 -0.352237 -0.204503 0.913295 83.0914 0 0 0 1 
Seq_Frame0114_ForcepToReference-SequenceTransformStatus = OK
Seq_Frame0114_Timestamp = 15.513
Seq_Frame0115_ForcepToReference-SequenceTransform =0.281052 -0.920573 -0.271208 54.402 0.880726 0.135155 0.453932 206.293 -0.381223 -0.366439 0.848759 71.0404 0 0 0 1 
Seq_Frame0115_ForcepToReference-SequenceTransformStatus = OK
Seq_Frame0115_Timestamp = 17.083
Seq_Frame0116_ForcepToReference-SequenceTransform =0.354615 -0.892765 -0.277884 54.9813 0.929014 0.302809 0.212696 205.799 -0.105742 -0.333584 0.936771 74.3033 0 0 0 1 
Seq_Frame0116_ForcepToReference-SequenceTransformStatus = OK
Seq_Frame0116_Timestamp = 17.193
Seq_Frame0117_ForcepToReference-SequenceTransform =0.349721 -0.906589 -0.236205 54.7811 0.928522 0.301863 0.216159 203.972 -0.124666 -0.294916 0.947356 75.2126 0 0 0 1 
Seq_Frame0117_ForcepToReference-SequenceTransformStatus = OK
Seq_Frame0117_Timestamp = 17.298
Seq_Frame0118_ForcepToReference-SequenceTransform =0.30599 -0.927292 -0.215639 53.862 0.918948 0.228485 0.321447 202.753 -0.248805 -0.29652 0.922047 75.8377 0 0 0 1 
Seq_Frame0118_ForcepToReference-SequenceTransformStatus = OK
Seq_Frame0118_Timestamp = 17.409
Seq_Frame0119_ForcepToReference-SequenceTransform =0.268679 -0.941894 -0.201612 53.1537 0.898713 0.169817 0.404324 202.713 -0.346593 -0.289824 0.892118 74.7806 0 0 0 1 
Seq_Frame0119_ForcepToReference-SequenceTransformStatus = OK
Seq_Frame0119_Timestamp = 17.512
Seq_Frame0120_ForcepToReference-SequenceTransform =0.186482 -0.947218 -0.260771 44.2445 0.897591 0.0563457 0.437214 199.545 -0.399444 -0.315599 0.860722 71.2944 0 0 0 1 
Seq_Frame0120_ForcepToReference-SequenceTransformStatus = OK
Seq_Frame0120_Timestamp = 17.983
Seq_Frame0121_ForcepToReference-SequenceTransform =0.175215 -0.948531 -0.263797 42.604 0.913714 0.0568834 0.402358 200.509 -0.366643 -0.311534 0.876653 71.3758 0 0 0 1 
Seq_Frame0121_ForcepToReference-SequenceTransformStatus = OK
Seq_Frame0121_Timestamp = 18.093
Seq_Frame0122_ForcepToReference-SequenceTransform =0.147746 -0.962128 -0.229089 40.6718 0.899876 0.0346653 0.434767 202.124 -0.41036 -0.270386 0.870917 72.0965 0 0 0 1 
Seq_Frame0122_ForcepToReference-SequenceTransformStatus = OK
Seq_Frame0122_Timestamp = 18.194
Seq_Frame0123_ForcepToReference-SequenceTransform =-0.660055 0.539751 0.522491 34.9579 -0.183695 0.558443 -0.808949 208.911 -0.728412 -0.629929 -0.269453 67.1823 0 0 0 1 
Seq_Frame0123_ForcepToReference-SequenceTransformStatus = OK
Seq_Frame0123_Timestamp = 18.759
Seq_Frame0124_ForcepToReference-SequenceTransform =-0.628634 0.548664 0.551168 35.6595 -0.178963 0.587638 -0.789084 211.782 -0.75683 -0.594684 -0.271218 67.0932 0 0 0 1 
Seq_Frame0124_ForcepToReference-SequenceTransformStatus = OK
Seq_Frame0124_Timestamp = 18.868
Seq_Frame0125_ForcepToReference-SequenceTransform =0.19072 -0.946946 -0.258687 39.7407 0.926914 0.0869584 0.365059 203.182 -0.323196 -0.309405 0.894322 64.6024 0 0 0 1 
Seq_Frame0125_ForcepToReference-SequenceTransformStatus = OK
Seq_Frame0125_Timestamp = 19.908
Seq_Frame0126_ForcepToReference-SequenceTransform =0.153914 -0.951028 -0.268061 36.3248 0.919885 0.0388744 0.390257 205.735 -0.360724 -0.306651 0.880819 59.0154 0 0 0 1 
Seq_Frame0126_ForcepToReference-SequenceTransformStatus = OK
Seq_Frame0126_Timestamp = 20.073
Seq_Frame0127_ForcepToReference-SequenceTransform =0.144515 -0.944909 -0.293703 47.0598 0.913582 0.0133931 0.406435 210.665 -0.380111 -0.327058 0.865187 76.5023 0 0 0 1 
Seq_Frame0127_ForcepToReference-SequenceTransformStatus = OK
Seq_Frame0127_Timestamp = 20.593
Seq_Frame0128_ForcepToReference-SequenceTransform =0.197456 -0.950637 -0.239373 48.0216 0.967955 0.150417 0.201093 214.891 -0.155161 -0.27141 0.949875 85.0731 0 0 0 1 
Seq_Frame0128_ForcepToReference-SequenceTransformStatus = OK
Seq_Frame0128_Timestamp = 20.698
Seq_Frame0129_ForcepToReference-SequenceTransform =0.523382 -0.745578 -0.412535 52.4006 0.0389105 0.504547 -0.862507 208.674 0.851209 0.435368 0.293081 99.2058 0 0 0 1 
Seq_Frame0129_ForcepToReference-SequenceTransformStatus = OK
Seq_Frame0129_Timestamp = 20.823
Seq_Frame0130_ForcepToReference-SequenceTransform =-0.647461 0.508542 0.567609 32.7899 -0.205191 0.600967 -0.772487 202.34 -0.733956 -0.616623 -0.284754 72.686 0 0 0 1 
Seq_Frame0130_ForcepToReference-SequenceTransformStatus = OK
Seq_Frame0130_Timestamp = 21.403
Seq_Frame0131_ForcepToReference-SequenceTransform =-0.647244 0.513222 0.56363 31.4856 -0.175202 0.619446 -0.765239 204.969 -0.741876 -0.594045 -0.311016 71.6908 0 0 0 1 
Seq_Frame0131_ForcepToReference-SequenceTransformStatus = OK
Seq_Frame0131_Timestamp = 21.508
Seq_Frame0132_ForcepToReference-SequenceTransform =-0.62643 0.531548 0.570124 35.3694 -0.176575 0.615635 -0.767994 205.347 -0.759214 -0.581764 -0.291794 73.9379 0 0 0 1 
Seq_Frame0132_ForcepToReference-SequenceTransformStatus = OK
Seq_Frame0132_Timestamp = 21.612
Seq_Frame0133_ForcepToReference-SequenceTransform =-0.625006 0.539431 0.564253 37.5982 -0.155496 0.622309 -0.767171 207.093 -0.764976 -0.567226 -0.305068 76.7223 0 0 0 1 
Seq_Frame0133_ForcepToReference-SequenceTransformStatus = OK
Seq_Frame0133_Timestamp = 21.719
Seq_Frame0134_ForcepToReference-SequenceTransform =-0.612584 0.553203 0.564542 40.0785 -0.12913 0.634602 -0.761975 209.883 -0.779786 -0.539672 -0.317312 79.3111 0 0 0 1 
Seq_Frame0134_ForcepToReference-SequenceTransformStatus = OK
Seq_Frame0134_Timestamp = 21.824
Seq_Frame0135_ForcepToReference-SequenceTransform =-0.614466 0.563708 0.551964 41.5874 -0.094139 0.642239 -0.760702 211.193 -0.783307 -0.519387 -0.341567 81.4213 0 0 0 1 
Seq_Frame0135_ForcepToReference-SequenceTransformStatus = OK
Seq_Frame0135_Timestamp = 21.933
Seq_Frame0136_ForcepToReference-SequenceTransform =-0.606504 0.574112 0.550044 43.2196 -0.0726589 0.648892 -0.757403 212.207 -0.791754 -0.499334 -0.351841 84.5473 0 0 0 1 
Seq_Frame0136_ForcepToReference-SequenceTransformStatus = OK
Seq_Frame0136_Timestamp = 22.034
Seq_Frame0137_ForcepToReference-SequenceTransform =-0.604626 0.576284 0.54984 43.583 -0.0734573 0.647026 -0.758921 212.334 -0.793115 -0.499253 -0.348877 84.8496 0 0 0 1 
Seq_Frame0137_ForcepToReference-SequenceTransformStatus = OK
Seq_Frame0137_Timestamp = 22.135
Seq_Frame0138_ForcepToReference-SequenceTransform =-0.601757 0.578095 0.551086 43.8961 -0.0703116 0.648973 -0.757556 212.88 -0.795579 -0.494612 -0.349877 85.3579 0 0 0 1 
Seq_Frame0138_ForcepToReference-SequenceTransformStatus = OK
Seq_Frame0138_Timestamp = 22.238
Seq_Frame0139_ForcepToReference-SequenceTransform =-0.596039 0.581641 0.553563 44.4933 -0.0607296 0.654777 -0.753378 213.66 -0.800656 -0.48266 -0.35495 86.0806 0 0 0 1 
Seq_Frame0139_ForcepToReference-SequenceTransformStatus = OK
Seq_Frame0139_Timestamp = 22.34
Seq_Frame0140_ForcepToReference-SequenceTransform =-0.596465 0.581783 0.552954 44.7136 -0.0542496 0.658123 -0.750953 214.496 -0.800804 -0.477914 -0.360986 86.9411 0 0 0 1 
Seq_Frame0140_ForcepToReference-SequenceTransformStatus = OK
Seq_Frame0140_Timestamp = 22.453
Seq_Frame0141_ForcepToReference-SequenceTransform =-0.596824 0.57996 0.55448 44.6456 -0.0530432 0.661021 -0.748491 215.219 -0.800617 -0.476128 -0.36375 87.631 0 0 0 1 
Seq_Frame0141_ForcepToReference-SequenceTransformStatus = OK
Seq_Frame0141_Timestamp = 22.558
Seq_Frame0142_ForcepToReference-SequenceTransform =-0.597879 0.579994 0.553306 44.6088 -0.049402 0.66229 -0.747617 215.398 -0.800063 -0.474319 -0.367317 87.7536 0 0 0 1 
Seq_Frame0142_ForcepToReference-SequenceTransformStatus = OK
Seq_Frame0142_Timestamp = 22.662
Seq_Frame0143_ForcepToReference-SequenceTransform =-0.599356 0.579315 0.552419 44.6265 -0.0411735 0.666883 -0.744024 215.782 -0.799423 -0.46868 -0.375848 88.3502 0 0 0 1 
Seq_Frame0143_ForcepToReference-SequenceTransformStatus = OK
Seq_Frame0143_Timestamp = 22.768
Seq_Frame0144_ForcepToReference-SequenceTransform =-0.594269 0.58053 0.556623 44.6892 -0.0423118 0.668563 -0.742451 216.116 -0.803152 -0.464768 -0.372743 88.5351 0 0 0 1 
Seq_Frame0144_ForcepToReference-SequenceTransformStatus = OK
Seq_Frame0144_Timestamp = 22.87
Seq_Frame0145_ForcepToReference-SequenceTransform =-0.592574 0.579911 0.55907 44.6885 -0.0338245 0.675526 -0.73656 217.176 -0.804806 -0.455376 -0.380684 89.3713 0 0 0 1 
Seq_Frame0145_ForcepToReference-SequenceTransformStatus = OK
Seq_Frame0145_Timestamp = 22.973
Seq_Frame0146_ForcepToReference-SequenceTransform =-0.597421 0.576942 0.556979 44.4626 -0.0267279 0.679839 -0.732874 217.888 -0.801482 -0.452721 -0.39073 89.7117 0 0 0 1 
Seq_Frame0146_ForcepToReference-SequenceTransformStatus = OK
Seq_Frame0146_Timestamp = 23.074
Seq_Frame0147_ForcepToReference-SequenceTransform =-0.59501 0.561648 0.574904 42.4012 -0.0226665 0.703294 -0.710537 220.658 -0.803398 -0.435808 -0.405737 89.6215 0 0 0 1 
Seq_Frame0147_ForcepToReference-SequenceTransformStatus = OK
Seq_Frame0147_Timestamp = 23.184
Seq_Frame0148_ForcepToReference-SequenceTransform =-0.600667 0.516472 0.610292 35.0091 -0.00351405 0.76163 -0.648003 226.787 -0.799492 -0.391378 -0.455671 89.1835 0 0 0 1 
Seq_Frame0148_ForcepToReference-SequenceTransformStatus = OK
Seq_Frame0148_Timestamp = 23.284
Seq_Frame0149_ForcepToReference-SequenceTransform =-0.687005 0.389478 0.613458 15.5929 -0.0915327 0.791116 -0.604778 236.789 -0.720864 -0.471637 -0.507851 79.0374 0 0 0 1 
Seq_Frame0149_ForcepToReference-SequenceTransformStatus = OK
Seq_Frame0149_Timestamp = 23.395
Seq_Frame0150_ForcepToReference-SequenceTransform =-0.69934 0.349908 0.623288 7.73748 -0.112881 0.806983 -0.579686 241.904 -0.70582 -0.475755 -0.524858 71.1189 0 0 0 1 
Seq_Frame0150_ForcepToReference-SequenceTransformStatus = OK
Seq_Frame0150_Timestamp = 23.499
