ObjectType = Image
NDims = 3
AnatomicalOrientation = RAI
BinaryData = True
CompressedData = False
DimSize = 0 0 2070
ElementSpacing = 1 1 1
Offset = 0 0 0
TransformMatrix = 1 0 0 0 1 0 0 0 1
ElementType = MET_UCHAR
Kinds = domain domain list
Seq_Frame0000_ForcepToReference-SequenceTransform =0.122494 -0.735227 -0.66666 55.2149 0.882879 -0.226106 0.411583 137.657 -0.453343 -0.638997 0.62142 24.6901 0 0 0 1 
Seq_Frame0000_ForcepToReference-SequenceTransformStatus = OK
Seq_Frame0000_Timestamp = 0.0739999
Seq_Frame0001_ForcepToReference-SequenceTransform =0.14513 -0.761439 -0.631782 55.2882 0.878581 -0.194472 0.436207 137.927 -0.455009 -0.618378 0.640762 24.4268 0 0 0 1 
Seq_Frame0001_ForcepToReference-SequenceTransformStatus = OK
Seq_Frame0001_Timestamp = 0.18
Seq_Frame0002_ForcepToReference-SequenceTransform =0.174991 -0.768603 -0.615327 56.7871 0.866405 -0.176653 0.467051 137.874 -0.467676 -0.614852 0.635008 27.4226 0 0 0 1 
Seq_Frame0002_ForcepToReference-SequenceTransformStatus = OK
Seq_Frame0002_Timestamp = 0.285
Seq_Frame0003_ForcepToReference-SequenceTransform =0.264037 -0.80729 -0.527794 58.2568 0.84147 -0.0746399 0.535124 138.938 -0.471395 -0.585415 0.659603 27.5201 0 0 0 1 
Seq_Frame0003_ForcepToReference-SequenceTransformStatus = OK
Seq_Frame0003_Timestamp = 0.387
Seq_Frame0004_ForcepToReference-SequenceTransform =0.315434 -0.816394 -0.483737 59.3859 0.829975 -0.00978124 0.557715 139.568 -0.460047 -0.577412 0.674501 29.0198 0 0 0 1 
Seq_Frame0004_ForcepToReference-SequenceTransformStatus = OK
Seq_Frame0004_Timestamp = 0.509
Seq_Frame0005_ForcepToReference-SequenceTransform =0.36493 -0.807016 -0.464274 62.8053 0.796081 0.0118886 0.605073 135.836 -0.482784 -0.590409 0.646789 27.938 0 0 0 1 
Seq_Frame0005_ForcepToReference-SequenceTransformStatus = OK
Seq_Frame0005_Timestamp = 0.611
Seq_Frame0006_ForcepToReference-SequenceTransform =0.403051 -0.804339 -0.436564 64.061 0.755464 0.0231711 0.65478 130.248 -0.51655 -0.593718 0.616989 26.8643 0 0 0 1 
Seq_Frame0006_ForcepToReference-SequenceTransformStatus = OK
Seq_Frame0006_Timestamp = 0.714
Seq_Frame0007_ForcepToReference-SequenceTransform =0.3899 -0.825414 -0.408252 60.1784 0.715893 -0.00715309 0.698173 120.511 -0.579202 -0.564483 0.588119 25.1028 0 0 0 1 
Seq_Frame0007_ForcepToReference-SequenceTransformStatus = OK
Seq_Frame0007_Timestamp = 0.819
Seq_Frame0008_ForcepToReference-SequenceTransform =0.397131 -0.822537 -0.407087 61.4077 0.663955 -0.048732 0.746183 108.424 -0.633601 -0.56662 0.526775 23.3843 0 0 0 1 
Seq_Frame0008_ForcepToReference-SequenceTransformStatus = OK
Seq_Frame0008_Timestamp = 0.925
Seq_Frame0009_ForcepToReference-SequenceTransform =0.389324 -0.826857 -0.405874 59.9001 0.656177 -0.0602665 0.752197 106.489 -0.64642 -0.559174 0.519101 22.8807 0 0 0 1 
Seq_Frame0009_ForcepToReference-SequenceTransformStatus = OK
Seq_Frame0009_Timestamp = 1.03
Seq_Frame0010_ForcepToReference-SequenceTransform =0.386276 -0.82668 -0.409135 59.093 0.656053 -0.0655578 0.751862 106.312 -0.648371 -0.558841 0.517022 22.6106 0 0 0 1 
Seq_Frame0010_ForcepToReference-SequenceTransformStatus = OK
Seq_Frame0010_Timestamp = 1.142
Seq_Frame0011_ForcepToReference-SequenceTransform =0.378348 -0.829517 -0.410798 58.4617 0.655489 -0.0732611 0.751643 105.032 -0.653596 -0.553656 0.51602 23.3504 0 0 0 1 
Seq_Frame0011_ForcepToReference-SequenceTransformStatus = OK
Seq_Frame0011_Timestamp = 1.245
Seq_Frame0012_ForcepToReference-SequenceTransform =0.379488 -0.827141 -0.41452 58.5579 0.652221 -0.0786012 0.753943 103.997 -0.656199 -0.55647 0.50965 23.0399 0 0 0 1 
Seq_Frame0012_ForcepToReference-SequenceTransformStatus = OK
Seq_Frame0012_Timestamp = 1.349
Seq_Frame0013_ForcepToReference-SequenceTransform =0.370861 -0.831394 -0.413819 58.7887 0.644681 -0.0902635 0.759104 102.654 -0.668467 -0.548303 0.502509 22.3544 0 0 0 1 
Seq_Frame0013_ForcepToReference-SequenceTransformStatus = OK
Seq_Frame0013_Timestamp = 1.455
Seq_Frame0014_ForcepToReference-SequenceTransform =0.386173 -0.819068 -0.424262 60.7015 0.62628 -0.104869 0.772512 100.463 -0.677232 -0.564031 0.472469 21.1581 0 0 0 1 
Seq_Frame0014_ForcepToReference-SequenceTransformStatus = OK
Seq_Frame0014_Timestamp = 1.568
Seq_Frame0015_ForcepToReference-SequenceTransform =0.294885 -0.816272 -0.496733 59.0658 0.67718 -0.188237 0.711333 104.305 -0.674144 -0.546139 0.497255 19.254 0 0 0 1 
Seq_Frame0015_ForcepToReference-SequenceTransformStatus = OK
Seq_Frame0015_Timestamp = 1.685
Seq_Frame0016_ForcepToReference-SequenceTransform =0.0839031 -0.839219 -0.537281 40.972 0.733351 -0.313045 0.60349 111.274 -0.674653 -0.44465 0.589176 12.5808 0 0 0 1 
Seq_Frame0016_ForcepToReference-SequenceTransformStatus = OK
Seq_Frame0016_Timestamp = 1.799
Seq_Frame0017_ForcepToReference-SequenceTransform =-0.371332 0.540937 0.754652 20.9856 -0.416557 0.629324 -0.656073 135.675 -0.829815 -0.557976 -0.00835729 20.2802 0 0 0 1 
Seq_Frame0017_ForcepToReference-SequenceTransformStatus = OK
Seq_Frame0017_Timestamp = 2.054
Seq_Frame0018_ForcepToReference-SequenceTransform =-0.368543 0.546659 0.751891 21.7915 -0.429904 0.616912 -0.659243 134.086 -0.824232 -0.566201 0.00765222 21.1674 0 0 0 1 
Seq_Frame0018_ForcepToReference-SequenceTransformStatus = OK
Seq_Frame0018_Timestamp = 2.159
Seq_Frame0019_ForcepToReference-SequenceTransform =-0.352321 0.545007 0.760813 22.5416 -0.43514 0.624328 -0.648743 133.06 -0.828567 -0.559626 0.0171909 22.3259 0 0 0 1 
Seq_Frame0019_ForcepToReference-SequenceTransformStatus = OK
Seq_Frame0019_Timestamp = 2.269
Seq_Frame0020_ForcepToReference-SequenceTransform =0.107269 -0.753852 -0.648229 43.1775 0.834562 -0.286088 0.470807 122.202 -0.540369 -0.59149 0.598448 23.8702 0 0 0 1 
Seq_Frame0020_ForcepToReference-SequenceTransformStatus = OK
Seq_Frame0020_Timestamp = 2.774
Seq_Frame0021_ForcepToReference-SequenceTransform =-0.206704 0.660008 0.722262 50.2934 -0.473357 0.578598 -0.664197 126.95 -0.856275 -0.47918 0.192821 24.609 0 0 0 1 
Seq_Frame0021_ForcepToReference-SequenceTransformStatus = OK
Seq_Frame0021_Timestamp = 2.945
Seq_Frame0022_ForcepToReference-SequenceTransform =-0.202695 0.607658 0.767897 51.6466 -0.492703 0.614399 -0.616245 128.062 -0.846261 -0.503255 0.174859 20.7004 0 0 0 1 
Seq_Frame0022_ForcepToReference-SequenceTransformStatus = OK
Seq_Frame0022_Timestamp = 3.051
Seq_Frame0023_ForcepToReference-SequenceTransform =-0.22285 0.552574 0.803119 43.8224 -0.471255 0.660117 -0.584948 134.283 -0.85338 -0.508829 0.113296 19.6028 0 0 0 1 
Seq_Frame0023_ForcepToReference-SequenceTransformStatus = OK
Seq_Frame0023_Timestamp = 3.167
Seq_Frame0024_ForcepToReference-SequenceTransform =-0.195054 0.55633 0.807744 37.1388 -0.438898 0.686991 -0.579147 137.687 -0.87711 -0.467482 0.110172 25.2783 0 0 0 1 
Seq_Frame0024_ForcepToReference-SequenceTransformStatus = OK
Seq_Frame0024_Timestamp = 3.28
Seq_Frame0025_ForcepToReference-SequenceTransform =-0.225155 0.533759 0.815112 34.2559 -0.379559 0.722451 -0.577926 140.542 -0.897352 -0.439506 0.0399294 27.7862 0 0 0 1 
Seq_Frame0025_ForcepToReference-SequenceTransformStatus = OK
Seq_Frame0025_Timestamp = 3.385
Seq_Frame0026_ForcepToReference-SequenceTransform =-0.23558 0.531865 0.813401 33.4481 -0.371669 0.724029 -0.581071 141.408 -0.897978 -0.439205 0.027111 27.7087 0 0 0 1 
Seq_Frame0026_ForcepToReference-SequenceTransformStatus = OK
Seq_Frame0026_Timestamp = 3.489
Seq_Frame0027_ForcepToReference-SequenceTransform =-0.238869 0.530651 0.813235 32.5752 -0.363634 0.727659 -0.58162 143.885 -0.900395 -0.434651 0.0191474 29.4609 0 0 0 1 
Seq_Frame0027_ForcepToReference-SequenceTransformStatus = OK
Seq_Frame0027_Timestamp = 3.592
Seq_Frame0028_ForcepToReference-SequenceTransform =-0.24074 0.523798 0.817117 30.5606 -0.318781 0.752502 -0.576298 146.957 -0.916746 -0.399219 -0.0141801 31.0329 0 0 0 1 
Seq_Frame0028_ForcepToReference-SequenceTransformStatus = OK
Seq_Frame0028_Timestamp = 3.7
Seq_Frame0029_ForcepToReference-SequenceTransform =-0.246941 0.517882 0.819035 29.9885 -0.326927 0.751131 -0.573516 146.21 -0.912216 -0.40939 -0.0161755 30.7571 0 0 0 1 
Seq_Frame0029_ForcepToReference-SequenceTransformStatus = OK
Seq_Frame0029_Timestamp = 3.805
Seq_Frame0030_ForcepToReference-SequenceTransform =-0.260227 0.521356 0.812693 29.7456 -0.316499 0.749129 -0.581922 146.664 -0.912201 -0.408648 -0.0299347 30.9869 0 0 0 1 
Seq_Frame0030_ForcepToReference-SequenceTransformStatus = OK
Seq_Frame0030_Timestamp = 3.914
Seq_Frame0031_ForcepToReference-SequenceTransform =-0.259041 0.523936 0.811412 29.7349 -0.330961 0.74108 -0.58418 145.666 -0.907393 -0.419872 -0.0185678 30.7898 0 0 0 1 
Seq_Frame0031_ForcepToReference-SequenceTransformStatus = OK
Seq_Frame0031_Timestamp = 4.02
Seq_Frame0032_ForcepToReference-SequenceTransform =-0.253774 0.510288 0.821709 30.0998 -0.306315 0.763398 -0.568678 146.561 -0.91748 -0.396018 -0.0374216 32.8121 0 0 0 1 
Seq_Frame0032_ForcepToReference-SequenceTransformStatus = OK
Seq_Frame0032_Timestamp = 4.134
Seq_Frame0033_ForcepToReference-SequenceTransform =-0.181552 0.516608 0.836753 46.7468 -0.406335 0.735447 -0.542226 142.575 -0.895506 -0.438444 0.0763936 26.7009 0 0 0 1 
Seq_Frame0033_ForcepToReference-SequenceTransformStatus = OK
Seq_Frame0033_Timestamp = 4.739
Seq_Frame0034_ForcepToReference-SequenceTransform =-0.0811913 0.578895 0.81135 55.6278 -0.336686 0.750256 -0.568997 141.717 -0.93811 -0.319368 0.133992 31.5899 0 0 0 1 
Seq_Frame0034_ForcepToReference-SequenceTransformStatus = OK
Seq_Frame0034_Timestamp = 4.844
Seq_Frame0035_ForcepToReference-SequenceTransform =-0.0523967 -0.65623 -0.752739 47.6891 0.914447 -0.334435 0.227904 141.188 -0.4013 -0.676399 0.617611 28.9517 0 0 0 1 
Seq_Frame0035_ForcepToReference-SequenceTransformStatus = OK
Seq_Frame0035_Timestamp = 4.964
Seq_Frame0036_ForcepToReference-SequenceTransform =-0.0917481 -0.705216 -0.703031 37.4919 0.958201 -0.254651 0.130394 148.495 -0.270984 -0.661682 0.699103 32.2085 0 0 0 1 
Seq_Frame0036_ForcepToReference-SequenceTransformStatus = OK
Seq_Frame0036_Timestamp = 5.07
Seq_Frame0037_ForcepToReference-SequenceTransform =-0.045539 -0.723199 -0.689136 35.2379 0.933238 -0.27689 0.228907 146.629 -0.35636 -0.632704 0.687527 30.1937 0 0 0 1 
Seq_Frame0037_ForcepToReference-SequenceTransformStatus = OK
Seq_Frame0037_Timestamp = 5.175
Seq_Frame0038_ForcepToReference-SequenceTransform =-0.0640953 -0.750124 -0.658184 26.4204 0.944978 -0.257633 0.201598 149.04 -0.320793 -0.609048 0.725363 33.1386 0 0 0 1 
Seq_Frame0038_ForcepToReference-SequenceTransformStatus = OK
Seq_Frame0038_Timestamp = 5.785
Seq_Frame0039_ForcepToReference-SequenceTransform =-0.0641277 -0.717325 -0.693782 27.1805 0.923496 -0.306135 0.231163 148.692 -0.37821 -0.625881 0.682078 32.4604 0 0 0 1 
Seq_Frame0039_ForcepToReference-SequenceTransformStatus = OK
Seq_Frame0039_Timestamp = 5.89
Seq_Frame0040_ForcepToReference-SequenceTransform =-0.0832 -0.727064 -0.68151 25.3887 0.931787 -0.299243 0.205491 148.653 -0.353342 -0.617925 0.702366 33.5556 0 0 0 1 
Seq_Frame0040_ForcepToReference-SequenceTransformStatus = OK
Seq_Frame0040_Timestamp = 5.994
Seq_Frame0041_ForcepToReference-SequenceTransform =-0.0882952 -0.734467 -0.672876 25.3132 0.930002 -0.302747 0.208423 147.945 -0.356791 -0.607373 0.709787 34.1644 0 0 0 1 
Seq_Frame0041_ForcepToReference-SequenceTransformStatus = OK
Seq_Frame0041_Timestamp = 6.099
Seq_Frame0042_ForcepToReference-SequenceTransform =-0.119473 -0.711511 -0.692443 30.1711 0.957788 -0.266274 0.108351 149.197 -0.261473 -0.650269 0.71329 36.5567 0 0 0 1 
Seq_Frame0042_ForcepToReference-SequenceTransformStatus = OK
Seq_Frame0042_Timestamp = 6.344
Seq_Frame0043_ForcepToReference-SequenceTransform =-0.072893 -0.666271 -0.742138 37.7829 0.934923 -0.304757 0.181774 145.802 -0.347282 -0.680592 0.645127 34.6603 0 0 0 1 
Seq_Frame0043_ForcepToReference-SequenceTransformStatus = OK
Seq_Frame0043_Timestamp = 6.449
Seq_Frame0044_ForcepToReference-SequenceTransform =-0.0499846 -0.646305 -0.76144 43.3912 0.921846 -0.323225 0.213836 144.468 -0.38432 -0.691242 0.61195 34.1447 0 0 0 1 
Seq_Frame0044_ForcepToReference-SequenceTransformStatus = OK
Seq_Frame0044_Timestamp = 6.555
Seq_Frame0045_ForcepToReference-SequenceTransform =-0.0905859 -0.705456 -0.702941 44.9908 0.92498 -0.321174 0.203124 145.066 -0.369061 -0.631807 0.681626 30.8434 0 0 0 1 
Seq_Frame0045_ForcepToReference-SequenceTransformStatus = OK
Seq_Frame0045_Timestamp = 6.665
Seq_Frame0046_ForcepToReference-SequenceTransform =0.0157149 0.516963 0.855863 48.8807 -0.450732 0.767727 -0.455451 139.54 -0.892521 -0.378607 0.245077 28.0992 0 0 0 1 
Seq_Frame0046_ForcepToReference-SequenceTransformStatus = OK
Seq_Frame0046_Timestamp = 7.295
Seq_Frame0047_ForcepToReference-SequenceTransform =-0.0316197 0.433262 0.900713 41.7038 -0.409616 0.816394 -0.407082 144.55 -0.91171 -0.381818 0.151657 23.6331 0 0 0 1 
Seq_Frame0047_ForcepToReference-SequenceTransformStatus = OK
Seq_Frame0047_Timestamp = 7.555
Seq_Frame0048_ForcepToReference-SequenceTransform =0.0239221 0.435369 0.899934 37.1037 -0.474504 0.797276 -0.373092 146.138 -0.879928 -0.418097 0.225657 17.2771 0 0 0 1 
Seq_Frame0048_ForcepToReference-SequenceTransformStatus = OK
Seq_Frame0048_Timestamp = 7.66
Seq_Frame0049_ForcepToReference-SequenceTransform =0.0289102 0.454066 0.890499 32.3834 -0.536482 0.758738 -0.369464 142.654 -0.843416 -0.467055 0.265533 7.46624 0 0 0 1 
Seq_Frame0049_ForcepToReference-SequenceTransformStatus = OK
Seq_Frame0049_Timestamp = 7.76
Seq_Frame0050_ForcepToReference-SequenceTransform =0.0472114 0.469423 0.881711 25.7514 -0.618733 0.706709 -0.343121 134.375 -0.784181 -0.529344 0.323812 -3.57605 0 0 0 1 
Seq_Frame0050_ForcepToReference-SequenceTransformStatus = OK
Seq_Frame0050_Timestamp = 7.865
Seq_Frame0051_ForcepToReference-SequenceTransform =0.0644109 0.478196 0.875888 25.3754 -0.687295 0.657617 -0.308488 125.424 -0.723517 -0.582124 0.37102 -10.4039 0 0 0 1 
Seq_Frame0051_ForcepToReference-SequenceTransformStatus = OK
Seq_Frame0051_Timestamp = 7.98
Seq_Frame0052_ForcepToReference-SequenceTransform =0.110684 0.490984 0.864109 29.5147 -0.699235 0.656335 -0.283363 125.91 -0.706272 -0.572851 0.415959 -4.86524 0 0 0 1 
Seq_Frame0052_ForcepToReference-SequenceTransformStatus = OK
Seq_Frame0052_Timestamp = 8.084
Seq_Frame0053_ForcepToReference-SequenceTransform =0.120256 0.533185 0.837408 35.8391 -0.709235 0.636375 -0.303336 121.491 -0.69464 -0.557441 0.454681 1.78762 0 0 0 1 
Seq_Frame0053_ForcepToReference-SequenceTransformStatus = OK
Seq_Frame0053_Timestamp = 8.195
Seq_Frame0054_ForcepToReference-SequenceTransform =0.133177 0.532402 0.835949 38.7937 -0.688372 0.656507 -0.308452 122.474 -0.713028 -0.534365 0.453922 3.66561 0 0 0 1 
Seq_Frame0054_ForcepToReference-SequenceTransformStatus = OK
Seq_Frame0054_Timestamp = 8.305
Seq_Frame0055_ForcepToReference-SequenceTransform =0.157633 0.521351 0.838657 41.076 -0.667019 0.682463 -0.29888 123.504 -0.728174 -0.512287 0.45533 2.41505 0 0 0 1 
Seq_Frame0055_ForcepToReference-SequenceTransformStatus = OK
Seq_Frame0055_Timestamp = 8.409
Seq_Frame0056_ForcepToReference-SequenceTransform =0.155372 0.506124 0.84835 41.599 -0.680661 0.677236 -0.279377 122.967 -0.715933 -0.534032 0.449722 -0.285181 0 0 0 1 
Seq_Frame0056_ForcepToReference-SequenceTransformStatus = OK
Seq_Frame0056_Timestamp = 8.52
Seq_Frame0057_ForcepToReference-SequenceTransform =0.142245 0.511198 0.84761 42.4759 -0.721764 0.639566 -0.2646 118.649 -0.677365 -0.574136 0.459939 -0.246412 0 0 0 1 
Seq_Frame0057_ForcepToReference-SequenceTransformStatus = OK
Seq_Frame0057_Timestamp = 8.63
Seq_Frame0058_ForcepToReference-SequenceTransform =0.05479 0.510073 0.858385 39.3325 -0.670433 0.655862 -0.346936 123.504 -0.739944 -0.556481 0.377904 3.02226 0 0 0 1 
Seq_Frame0058_ForcepToReference-SequenceTransformStatus = OK
Seq_Frame0058_Timestamp = 8.739
Seq_Frame0059_ForcepToReference-SequenceTransform =-0.0619165 0.513311 0.855966 36.0575 -0.543955 0.701697 -0.460145 135.231 -0.836827 -0.494098 0.235772 10.8717 0 0 0 1 
Seq_Frame0059_ForcepToReference-SequenceTransformStatus = OK
Seq_Frame0059_Timestamp = 8.846
Seq_Frame0060_ForcepToReference-SequenceTransform =-0.0715725 0.409134 0.909663 22.211 -0.433578 0.808568 -0.397779 150.243 -0.898269 -0.42288 0.11952 14.5111 0 0 0 1 
Seq_Frame0060_ForcepToReference-SequenceTransformStatus = OK
Seq_Frame0060_Timestamp = 8.959
Seq_Frame0061_ForcepToReference-SequenceTransform =-0.103849 -0.69759 -0.708931 20.8821 0.918573 -0.340579 0.200572 149.491 -0.381364 -0.630376 0.676156 24.3458 0 0 0 1 
Seq_Frame0061_ForcepToReference-SequenceTransformStatus = OK
Seq_Frame0061_Timestamp = 9.32
Seq_Frame0062_ForcepToReference-SequenceTransform =-0.105871 -0.682913 -0.722787 21.6371 0.911922 -0.356493 0.203251 149.264 -0.396472 -0.637607 0.660505 23.7691 0 0 0 1 
Seq_Frame0062_ForcepToReference-SequenceTransformStatus = OK
Seq_Frame0062_Timestamp = 9.424
Seq_Frame0063_ForcepToReference-SequenceTransform =-0.0917722 -0.669894 -0.736763 23.4004 0.914521 -0.349444 0.203814 149.298 -0.393992 -0.655081 0.644701 28.2333 0 0 0 1 
Seq_Frame0063_ForcepToReference-SequenceTransformStatus = OK
Seq_Frame0063_Timestamp = 9.535
Seq_Frame0064_ForcepToReference-SequenceTransform =-0.0927161 -0.665527 -0.740593 24.3971 0.9198 -0.342067 0.192244 149.286 -0.381276 -0.663373 0.643867 29.8988 0 0 0 1 
Seq_Frame0064_ForcepToReference-SequenceTransformStatus = OK
Seq_Frame0064_Timestamp = 9.639
Seq_Frame0065_ForcepToReference-SequenceTransform =-0.091508 -0.661124 -0.744676 25.5472 0.923512 -0.336073 0.184881 148.791 -0.372495 -0.670799 0.641309 32.017 0 0 0 1 
Seq_Frame0065_ForcepToReference-SequenceTransformStatus = OK
Seq_Frame0065_Timestamp = 9.745
Seq_Frame0066_ForcepToReference-SequenceTransform =-0.0760697 -0.652874 -0.753637 27.3129 0.919144 -0.338896 0.200809 147.528 -0.386507 -0.677425 0.625865 32.1496 0 0 0 1 
Seq_Frame0066_ForcepToReference-SequenceTransformStatus = OK
Seq_Frame0066_Timestamp = 9.855
Seq_Frame0067_ForcepToReference-SequenceTransform =-0.0756821 -0.65762 -0.749539 28.4987 0.918232 -0.339021 0.20473 147.316 -0.388743 -0.672757 0.629505 32.9195 0 0 0 1 
Seq_Frame0067_ForcepToReference-SequenceTransformStatus = OK
Seq_Frame0067_Timestamp = 9.959
Seq_Frame0068_ForcepToReference-SequenceTransform =-0.0644199 -0.664694 -0.744333 29.6116 0.916337 -0.334781 0.219655 145.731 -0.395193 -0.66791 0.63065 31.8549 0 0 0 1 
Seq_Frame0068_ForcepToReference-SequenceTransformStatus = OK
Seq_Frame0068_Timestamp = 10.064
Seq_Frame0069_ForcepToReference-SequenceTransform =-0.0678847 -0.661007 -0.747303 29.684 0.918478 -0.333903 0.211911 146.677 -0.389601 -0.671996 0.629787 31.7906 0 0 0 1 
Seq_Frame0069_ForcepToReference-SequenceTransformStatus = OK
Seq_Frame0069_Timestamp = 10.17
Seq_Frame0070_ForcepToReference-SequenceTransform =-0.0610189 -0.661723 -0.747262 29.7949 0.915645 -0.335128 0.221998 145.601 -0.39733 -0.67068 0.626352 31.4497 0 0 0 1 
Seq_Frame0070_ForcepToReference-SequenceTransformStatus = OK
Seq_Frame0070_Timestamp = 10.279
Seq_Frame0071_ForcepToReference-SequenceTransform =-0.0609751 -0.648546 -0.758729 29.9761 0.918561 -0.333886 0.211579 146.464 -0.390548 -0.684038 0.616088 32.8939 0 0 0 1 
Seq_Frame0071_ForcepToReference-SequenceTransformStatus = OK
Seq_Frame0071_Timestamp = 10.384
Seq_Frame0072_ForcepToReference-SequenceTransform =-0.0654923 -0.649769 -0.757305 29.7693 0.920464 -0.332386 0.205585 146.661 -0.3853 -0.683608 0.619858 32.9438 0 0 0 1 
Seq_Frame0072_ForcepToReference-SequenceTransformStatus = OK
Seq_Frame0072_Timestamp = 10.58
Seq_Frame0073_ForcepToReference-SequenceTransform =-0.0727059 -0.654324 -0.752711 28.839 0.924861 -0.326705 0.194667 146.643 -0.37329 -0.682 0.628912 32.6951 0 0 0 1 
Seq_Frame0073_ForcepToReference-SequenceTransformStatus = OK
Seq_Frame0073_Timestamp = 10.684
Seq_Frame0074_ForcepToReference-SequenceTransform =-0.0808202 -0.674955 -0.733419 26.9561 0.920377 -0.33298 0.205015 147.22 -0.38259 -0.658453 0.648124 29.8728 0 0 0 1 
Seq_Frame0074_ForcepToReference-SequenceTransformStatus = OK
Seq_Frame0074_Timestamp = 10.799
Seq_Frame0075_ForcepToReference-SequenceTransform =-0.111661 -0.68635 -0.718649 23.8703 0.916818 -0.35014 0.191952 149.723 -0.383374 -0.637437 0.668355 26.9558 0 0 0 1 
Seq_Frame0075_ForcepToReference-SequenceTransformStatus = OK
Seq_Frame0075_Timestamp = 10.905
Seq_Frame0076_ForcepToReference-SequenceTransform =-0.140628 -0.695486 -0.704644 21.0408 0.911586 -0.368659 0.18194 151.184 -0.38631 -0.616758 0.685838 23.6906 0 0 0 1 
Seq_Frame0076_ForcepToReference-SequenceTransformStatus = OK
Seq_Frame0076_Timestamp = 11.014
Seq_Frame0077_ForcepToReference-SequenceTransform =-0.120995 -0.685365 -0.718078 23.1059 0.915191 -0.357172 0.186692 148.266 -0.384429 -0.634589 0.670455 25.5967 0 0 0 1 
Seq_Frame0077_ForcepToReference-SequenceTransformStatus = OK
Seq_Frame0077_Timestamp = 11.121
Seq_Frame0078_ForcepToReference-SequenceTransform =-0.225025 0.482821 0.846314 26.5942 -0.383574 0.754557 -0.532462 140.176 -0.895676 -0.444441 0.0154032 22.1372 0 0 0 1 
Seq_Frame0078_ForcepToReference-SequenceTransformStatus = OK
Seq_Frame0078_Timestamp = 11.245
Seq_Frame0079_ForcepToReference-SequenceTransform =-0.121879 0.51474 0.848639 27.5743 -0.390165 0.761337 -0.517821 139.82 -0.912643 -0.394221 0.108042 22.7973 0 0 0 1 
Seq_Frame0079_ForcepToReference-SequenceTransformStatus = OK
Seq_Frame0079_Timestamp = 11.349
Seq_Frame0080_ForcepToReference-SequenceTransform =-0.1296 0.477597 0.868968 29.6923 -0.487252 0.732578 -0.475305 139.118 -0.863591 -0.485006 0.137768 9.15236 0 0 0 1 
Seq_Frame0080_ForcepToReference-SequenceTransformStatus = OK
Seq_Frame0080_Timestamp = 11.609
Seq_Frame0081_ForcepToReference-SequenceTransform =-0.106987 0.485071 0.867906 29.7132 -0.48965 0.734016 -0.470599 137.256 -0.865331 -0.475318 0.158985 0.62526 0 0 0 1 
Seq_Frame0081_ForcepToReference-SequenceTransformStatus = OK
Seq_Frame0081_Timestamp = 11.715
Seq_Frame0082_ForcepToReference-SequenceTransform =-0.190517 0.395636 0.898429 30.0454 -0.371273 0.818176 -0.439026 146.565 -0.908768 -0.417205 -0.00898716 17.8952 0 0 0 1 
Seq_Frame0082_ForcepToReference-SequenceTransformStatus = OK
Seq_Frame0082_Timestamp = 11.869
Seq_Frame0083_ForcepToReference-SequenceTransform =-0.257169 -0.682437 -0.68421 34.8245 0.944238 -0.328099 -0.0276545 151.016 -0.205616 -0.653169 0.72876 25.4933 0 0 0 1 
Seq_Frame0083_ForcepToReference-SequenceTransformStatus = OK
Seq_Frame0083_Timestamp = 12.014
Seq_Frame0084_ForcepToReference-SequenceTransform =-0.265617 -0.659623 -0.703097 35.4207 0.941172 -0.335448 -0.0408507 150.709 -0.208907 -0.672586 0.70992 27.7462 0 0 0 1 
Seq_Frame0084_ForcepToReference-SequenceTransformStatus = OK
Seq_Frame0084_Timestamp = 12.12
Seq_Frame0085_ForcepToReference-SequenceTransform =-0.310123 -0.641479 -0.701662 32.3985 0.920319 -0.387646 -0.0523688 147.445 -0.238403 -0.661994 0.710583 27.5803 0 0 0 1 
Seq_Frame0085_ForcepToReference-SequenceTransformStatus = OK
Seq_Frame0085_Timestamp = 12.229
Seq_Frame0086_ForcepToReference-SequenceTransform =-0.322585 -0.6602 -0.678288 28.9792 0.915952 -0.39843 -0.0478097 145.721 -0.238686 -0.636702 0.733239 29.3147 0 0 0 1 
Seq_Frame0086_ForcepToReference-SequenceTransformStatus = OK
Seq_Frame0086_Timestamp = 12.535
Seq_Frame0087_ForcepToReference-SequenceTransform =-0.220803 -0.688333 -0.690973 34.1443 0.934935 -0.35113 0.0510257 146.2 -0.277744 -0.634749 0.721077 30.6792 0 0 0 1 
Seq_Frame0087_ForcepToReference-SequenceTransformStatus = OK
Seq_Frame0087_Timestamp = 12.645
Seq_Frame0088_ForcepToReference-SequenceTransform =-0.209364 -0.716694 -0.665219 27.1491 0.930386 -0.355354 0.0900317 149.679 -0.300914 -0.600061 0.741201 33.4551 0 0 0 1 
Seq_Frame0088_ForcepToReference-SequenceTransformStatus = OK
Seq_Frame0088_Timestamp = 12.755
Seq_Frame0089_ForcepToReference-SequenceTransform =-0.292597 -0.724538 -0.624045 13.567 0.914213 -0.403295 0.0395911 144.154 -0.28036 -0.558925 0.780385 38.4195 0 0 0 1 
Seq_Frame0089_ForcepToReference-SequenceTransformStatus = OK
Seq_Frame0089_Timestamp = 12.91
Seq_Frame0090_ForcepToReference-SequenceTransform =-0.361836 -0.805294 -0.469656 7.56045 0.907974 -0.418628 0.0182705 145.601 -0.211324 -0.419825 0.88266 38.139 0 0 0 1 
Seq_Frame0090_ForcepToReference-SequenceTransformStatus = OK
Seq_Frame0090_Timestamp = 13.02
Seq_Frame0091_ForcepToReference-SequenceTransform =-0.362936 -0.75345 -0.548262 6.02657 0.906816 -0.420963 -0.0217806 146.059 -0.214387 -0.505077 0.836023 42.8985 0 0 0 1 
Seq_Frame0091_ForcepToReference-SequenceTransformStatus = OK
Seq_Frame0091_Timestamp = 13.13
Seq_Frame0092_ForcepToReference-SequenceTransform =-0.388335 -0.764468 -0.514573 3.81865 0.904062 -0.424223 -0.0520308 148.695 -0.178518 -0.485411 0.855866 45.5493 0 0 0 1 
Seq_Frame0092_ForcepToReference-SequenceTransformStatus = OK
Seq_Frame0092_Timestamp = 13.239
Seq_Frame0093_ForcepToReference-SequenceTransform =-0.377429 -0.740986 -0.555416 4.77631 0.900993 -0.432387 -0.0354121 145.683 -0.213914 -0.513791 0.830819 44.1611 0 0 0 1 
Seq_Frame0093_ForcepToReference-SequenceTransformStatus = OK
Seq_Frame0093_Timestamp = 13.35
Seq_Frame0094_ForcepToReference-SequenceTransform =-0.260682 -0.778197 -0.571363 19.6648 0.867773 -0.448242 0.214589 134.359 -0.423101 -0.439874 0.792147 24.2444 0 0 0 1 
Seq_Frame0094_ForcepToReference-SequenceTransformStatus = OK
Seq_Frame0094_Timestamp = 13.454
Seq_Frame0095_ForcepToReference-SequenceTransform =-0.310907 -0.756943 -0.574782 -3.36073 0.891025 -0.442598 0.100901 147.35 -0.330773 -0.480774 0.812062 20.7425 0 0 0 1 
Seq_Frame0095_ForcepToReference-SequenceTransformStatus = OK
Seq_Frame0095_Timestamp = 13.695
Seq_Frame0096_ForcepToReference-SequenceTransform =-0.417677 -0.623146 -0.661238 -10.3724 0.857681 -0.510602 -0.0605747 155.244 -0.299882 -0.592432 0.747727 29.3314 0 0 0 1 
Seq_Frame0096_ForcepToReference-SequenceTransformStatus = OK
Seq_Frame0096_Timestamp = 13.915
Seq_Frame0097_ForcepToReference-SequenceTransform =0.776819 -0.607356 0.166346 29.8193 0.623589 0.778711 -0.0688955 166.523 -0.0876912 0.157251 0.983658 160.576 0 0 0 1 
Seq_Frame0097_ForcepToReference-SequenceTransformStatus = OK
Seq_Frame0097_Timestamp = 14.144
Seq_Frame0098_ForcepToReference-SequenceTransform =-0.380508 -0.666569 -0.641015 5.66912 0.890724 -0.450535 -0.06024 150.058 -0.248646 -0.593889 0.765161 40.0517 0 0 0 1 
Seq_Frame0098_ForcepToReference-SequenceTransformStatus = OK
Seq_Frame0098_Timestamp = 14.505
Seq_Frame0099_ForcepToReference-SequenceTransform =-0.324612 -0.692976 -0.643748 3.12332 0.907466 -0.42009 -0.00537762 148.698 -0.266706 -0.585925 0.765219 37.8956 0 0 0 1 
Seq_Frame0099_ForcepToReference-SequenceTransformStatus = OK
Seq_Frame0099_Timestamp = 14.83
Seq_Frame0100_ForcepToReference-SequenceTransform =-0.314886 -0.715058 -0.62413 -0.878098 0.913448 -0.406921 0.00535136 150.011 -0.257798 -0.568425 0.781302 36.1192 0 0 0 1 
Seq_Frame0100_ForcepToReference-SequenceTransformStatus = OK
Seq_Frame0100_Timestamp = 14.939
Seq_Frame0101_ForcepToReference-SequenceTransform =-0.306906 -0.685495 -0.660231 -3.07561 0.910852 -0.412701 0.00508651 150.05 -0.275965 -0.599812 0.751045 35.4363 0 0 0 1 
Seq_Frame0101_ForcepToReference-SequenceTransformStatus = OK
Seq_Frame0101_Timestamp = 15.045
Seq_Frame0102_ForcepToReference-SequenceTransform =-0.328347 -0.692599 -0.642257 -3.96512 0.913705 -0.405264 -0.0300926 151.254 -0.239441 -0.596714 0.765898 37.0252 0 0 0 1 
Seq_Frame0102_ForcepToReference-SequenceTransformStatus = OK
Seq_Frame0102_Timestamp = 15.154
Seq_Frame0103_ForcepToReference-SequenceTransform =-0.326604 -0.676418 -0.660143 -4.44185 0.913794 -0.404425 -0.0377015 151.448 -0.241477 -0.615548 0.750193 38.0295 0 0 0 1 
Seq_Frame0103_ForcepToReference-SequenceTransformStatus = OK
Seq_Frame0103_Timestamp = 15.26
Seq_Frame0104_ForcepToReference-SequenceTransform =-0.328048 -0.668165 -0.667787 -4.3808 0.914121 -0.402823 -0.0460072 151.717 -0.23826 -0.625531 0.742929 38.9469 0 0 0 1 
Seq_Frame0104_ForcepToReference-SequenceTransformStatus = OK
Seq_Frame0104_Timestamp = 15.364
Seq_Frame0105_ForcepToReference-SequenceTransform =-0.295519 -0.630122 -0.718064 -2.77845 0.906242 -0.422755 -0.00198403 150.539 -0.302315 -0.651326 0.695975 38.8658 0 0 0 1 
Seq_Frame0105_ForcepToReference-SequenceTransformStatus = OK
Seq_Frame0105_Timestamp = 15.467
Seq_Frame0106_ForcepToReference-SequenceTransform =-0.355573 0.22592 0.906933 -5.00338 -0.323965 0.880401 -0.346325 151.163 -0.876707 -0.416958 -0.239856 32.47 0 0 0 1 
Seq_Frame0106_ForcepToReference-SequenceTransformStatus = OK
Seq_Frame0106_Timestamp = 15.864
Seq_Frame0107_ForcepToReference-SequenceTransform =-0.320539 0.22104 0.921084 -5.39119 -0.31502 0.892167 -0.323729 151.21 -0.893318 -0.393927 -0.216343 34.5231 0 0 0 1 
Seq_Frame0107_ForcepToReference-SequenceTransformStatus = OK
Seq_Frame0107_Timestamp = 15.97
Seq_Frame0108_ForcepToReference-SequenceTransform =-0.227086 0.257055 0.939337 -5.81899 -0.324422 0.889477 -0.32184 151.056 -0.918249 -0.377827 -0.118594 34.8424 0 0 0 1 
Seq_Frame0108_ForcepToReference-SequenceTransformStatus = OK
Seq_Frame0108_Timestamp = 16.079
Seq_Frame0109_ForcepToReference-SequenceTransform =-0.329683 -0.686419 -0.648181 -2.40391 0.91398 -0.404073 -0.036966 150.317 -0.236538 -0.604611 0.760589 38.5536 0 0 0 1 
Seq_Frame0109_ForcepToReference-SequenceTransformStatus = OK
Seq_Frame0109_Timestamp = 16.345
Seq_Frame0110_ForcepToReference-SequenceTransform =-0.345693 -0.739733 -0.577314 -1.49747 0.923217 -0.378167 -0.0682584 149.398 -0.167829 -0.556583 0.813664 37.1481 0 0 0 1 
Seq_Frame0110_ForcepToReference-SequenceTransformStatus = OK
Seq_Frame0110_Timestamp = 16.449
Seq_Frame0111_ForcepToReference-SequenceTransform =-0.340248 -0.727862 -0.595355 -1.20887 0.921722 -0.383504 -0.0579074 149.111 -0.186173 -0.568455 0.801373 37.8913 0 0 0 1 
Seq_Frame0111_ForcepToReference-SequenceTransformStatus = OK
Seq_Frame0111_Timestamp = 16.56
Seq_Frame0112_ForcepToReference-SequenceTransform =-0.332435 -0.716975 -0.612727 -1.4122 0.919123 -0.391929 -0.0400602 147.993 -0.211423 -0.576489 0.789279 37.1629 0 0 0 1 
Seq_Frame0112_ForcepToReference-SequenceTransformStatus = OK
Seq_Frame0112_Timestamp = 16.67
Seq_Frame0113_ForcepToReference-SequenceTransform =-0.320611 -0.66671 -0.672834 -1.62066 0.904985 -0.42533 -0.00977403 149.628 -0.27966 -0.612039 0.739729 36.6381 0 0 0 1 
Seq_Frame0113_ForcepToReference-SequenceTransformStatus = OK
Seq_Frame0113_Timestamp = 16.78
Seq_Frame0114_ForcepToReference-SequenceTransform =-0.335445 -0.705512 -0.624283 -3.2492 0.915019 -0.401639 -0.037767 150.623 -0.224091 -0.5839 0.780285 37.7506 0 0 0 1 
Seq_Frame0114_ForcepToReference-SequenceTransformStatus = OK
Seq_Frame0114_Timestamp = 16.889
Seq_Frame0115_ForcepToReference-SequenceTransform =-0.302713 -0.648232 -0.698685 -2.49649 0.910854 -0.412558 -0.0118709 150.215 -0.280553 -0.639994 0.715331 38.5357 0 0 0 1 
Seq_Frame0115_ForcepToReference-SequenceTransformStatus = OK
Seq_Frame0115_Timestamp = 17
Seq_Frame0116_ForcepToReference-SequenceTransform =-0.315702 -0.669758 -0.672128 -2.60202 0.914692 -0.403189 -0.027869 150.268 -0.252329 -0.623589 0.73991 38.6917 0 0 0 1 
Seq_Frame0116_ForcepToReference-SequenceTransformStatus = OK
Seq_Frame0116_Timestamp = 17.109
Seq_Frame0117_ForcepToReference-SequenceTransform =-0.31243 -0.647026 -0.695518 -3.06304 0.910636 -0.41243 -0.0253877 151.155 -0.270426 -0.641295 0.71806 37.2585 0 0 0 1 
Seq_Frame0117_ForcepToReference-SequenceTransformStatus = OK
Seq_Frame0117_Timestamp = 17.215
Seq_Frame0118_ForcepToReference-SequenceTransform =-0.31164 -0.65844 -0.685082 -1.43479 0.909278 -0.415959 -0.0138421 150.497 -0.275852 -0.627244 0.728334 36.9803 0 0 0 1 
Seq_Frame0118_ForcepToReference-SequenceTransformStatus = OK
Seq_Frame0118_Timestamp = 17.4
Seq_Frame0119_ForcepToReference-SequenceTransform =-0.287929 -0.766955 -0.573478 4.73504 0.946631 -0.318528 -0.0492893 144.736 -0.144866 -0.557064 0.817737 36.065 0 0 0 1 
Seq_Frame0119_ForcepToReference-SequenceTransformStatus = OK
Seq_Frame0119_Timestamp = 17.505
Seq_Frame0120_ForcepToReference-SequenceTransform =-0.216283 0.499722 0.838749 28.2054 -0.570933 0.632149 -0.523854 118.626 -0.791996 -0.59217 0.148584 20.7348 0 0 0 1 
Seq_Frame0120_ForcepToReference-SequenceTransformStatus = OK
Seq_Frame0120_Timestamp = 17.639
Seq_Frame0121_ForcepToReference-SequenceTransform =0.191004 -0.740349 -0.644516 49.16 0.712811 -0.346803 0.609613 97.9469 -0.674847 -0.575857 0.461488 20.1695 0 0 0 1 
Seq_Frame0121_ForcepToReference-SequenceTransformStatus = OK
Seq_Frame0121_Timestamp = 17.75
Seq_Frame0122_ForcepToReference-SequenceTransform =0.277978 -0.777323 -0.564356 49.0629 0.648556 -0.281513 0.707196 89.6611 -0.708593 -0.562601 0.425883 19.9146 0 0 0 1 
Seq_Frame0122_ForcepToReference-SequenceTransformStatus = OK
Seq_Frame0122_Timestamp = 17.86
Seq_Frame0123_ForcepToReference-SequenceTransform =0.348621 -0.759381 -0.549367 55.825 0.59072 -0.277048 0.757822 79.9954 -0.727677 -0.588715 0.351996 16.1142 0 0 0 1 
Seq_Frame0123_ForcepToReference-SequenceTransformStatus = OK
Seq_Frame0123_Timestamp = 17.964
Seq_Frame0124_ForcepToReference-SequenceTransform =0.358548 -0.644892 -0.67495 68.3289 0.55912 -0.430636 0.708475 69.2327 -0.747548 -0.6314 0.206169 10.049 0 0 0 1 
Seq_Frame0124_ForcepToReference-SequenceTransformStatus = OK
Seq_Frame0124_Timestamp = 18.069
Seq_Frame0125_ForcepToReference-SequenceTransform =0.551091 -0.412435 -0.725394 97.7031 0.525794 -0.503393 0.685665 69.2054 -0.647951 -0.759271 -0.0605593 21.9623 0 0 0 1 
Seq_Frame0125_ForcepToReference-SequenceTransformStatus = OK
Seq_Frame0125_Timestamp = 18.175
Seq_Frame0126_ForcepToReference-SequenceTransform =0.44473 -0.446991 -0.776153 94.1814 0.612799 -0.480143 0.627647 85.5473 -0.653217 -0.754759 0.0603811 16.7679 0 0 0 1 
Seq_Frame0126_ForcepToReference-SequenceTransformStatus = OK
Seq_Frame0126_Timestamp = 18.279
Seq_Frame0127_ForcepToReference-SequenceTransform =0.436057 -0.456772 -0.77538 92.4725 0.682422 -0.393837 0.615786 93.0346 -0.586648 -0.797654 0.139976 23.5844 0 0 0 1 
Seq_Frame0127_ForcepToReference-SequenceTransformStatus = OK
Seq_Frame0127_Timestamp = 18.389
Seq_Frame0128_ForcepToReference-SequenceTransform =0.431269 -0.498936 -0.751711 87.951 0.722464 -0.308084 0.618975 99.466 -0.540419 -0.810029 0.227597 28.5028 0 0 0 1 
Seq_Frame0128_ForcepToReference-SequenceTransformStatus = OK
Seq_Frame0128_Timestamp = 18.494
Seq_Frame0129_ForcepToReference-SequenceTransform =0.447552 -0.495489 -0.744438 88.1066 0.73864 -0.264433 0.62007 103.022 -0.504092 -0.827385 0.24764 30.2592 0 0 0 1 
Seq_Frame0129_ForcepToReference-SequenceTransformStatus = OK
Seq_Frame0129_Timestamp = 18.599
Seq_Frame0130_ForcepToReference-SequenceTransform =0.442043 -0.470467 -0.763714 89.8418 0.753692 -0.266838 0.600621 104.832 -0.48636 -0.841105 0.236634 31.303 0 0 0 1 
Seq_Frame0130_ForcepToReference-SequenceTransformStatus = OK
Seq_Frame0130_Timestamp = 18.704
Seq_Frame0131_ForcepToReference-SequenceTransform =0.347948 -0.54263 -0.764516 81.1255 0.750201 -0.327909 0.574173 103.796 -0.562255 -0.773323 0.292986 26.6661 0 0 0 1 
Seq_Frame0131_ForcepToReference-SequenceTransformStatus = OK
Seq_Frame0131_Timestamp = 18.81
Seq_Frame0132_ForcepToReference-SequenceTransform =0.320393 -0.536365 -0.780808 79.4067 0.768967 -0.334098 0.545039 107.012 -0.553207 -0.775042 0.305405 26.2714 0 0 0 1 
Seq_Frame0132_ForcepToReference-SequenceTransformStatus = OK
Seq_Frame0132_Timestamp = 18.914
Seq_Frame0133_ForcepToReference-SequenceTransform =0.299459 -0.526715 -0.795547 78.5728 0.781803 -0.34249 0.521041 109.076 -0.546907 -0.777992 0.309226 26.4812 0 0 0 1 
Seq_Frame0133_ForcepToReference-SequenceTransformStatus = OK
Seq_Frame0133_Timestamp = 19.025
Seq_Frame0134_ForcepToReference-SequenceTransform =0.286187 -0.521879 -0.803579 77.8911 0.794551 -0.339469 0.503438 111.375 -0.535524 -0.782562 0.317508 26.4194 0 0 0 1 
Seq_Frame0134_ForcepToReference-SequenceTransformStatus = OK
Seq_Frame0134_Timestamp = 19.135
Seq_Frame0135_ForcepToReference-SequenceTransform =0.272532 -0.520041 -0.809496 77.1904 0.820774 -0.313357 0.477638 116.929 -0.502052 -0.794585 0.341436 27.151 0 0 0 1 
Seq_Frame0135_ForcepToReference-SequenceTransformStatus = OK
Seq_Frame0135_Timestamp = 19.24
Seq_Frame0136_ForcepToReference-SequenceTransform =0.260343 -0.538287 -0.801541 75.8919 0.827862 -0.302755 0.472212 118.891 -0.496856 -0.786503 0.366807 26.7559 0 0 0 1 
Seq_Frame0136_ForcepToReference-SequenceTransformStatus = OK
Seq_Frame0136_Timestamp = 19.349
Seq_Frame0137_ForcepToReference-SequenceTransform =0.270875 -0.522103 -0.808724 77.0509 0.822747 -0.310562 0.476067 116.823 -0.499715 -0.79433 0.345435 26.7329 0 0 0 1 
Seq_Frame0137_ForcepToReference-SequenceTransformStatus = OK
Seq_Frame0137_Timestamp = 19.451
Seq_Frame0138_ForcepToReference-SequenceTransform =0.238078 -0.52023 -0.82017 76.6649 0.81954 -0.345574 0.457091 116.485 -0.521222 -0.780986 0.344076 25.9152 0 0 0 1 
Seq_Frame0138_ForcepToReference-SequenceTransformStatus = OK
Seq_Frame0138_Timestamp = 19.564
Seq_Frame0139_ForcepToReference-SequenceTransform =0.218371 -0.513019 -0.830136 76.0526 0.804782 -0.386457 0.45053 114.337 -0.551942 -0.766461 0.328478 23.6511 0 0 0 1 
Seq_Frame0139_ForcepToReference-SequenceTransformStatus = OK
Seq_Frame0139_Timestamp = 19.675
Seq_Frame0140_ForcepToReference-SequenceTransform =0.119525 -0.558289 -0.820992 65.4742 0.829818 -0.397819 0.391334 123.192 -0.545083 -0.728048 0.415729 20.9828 0 0 0 1 
Seq_Frame0140_ForcepToReference-SequenceTransformStatus = OK
Seq_Frame0140_Timestamp = 19.779
Seq_Frame0141_ForcepToReference-SequenceTransform =0.0589859 -0.562182 -0.824908 62.1454 0.875656 -0.367636 0.313162 133.699 -0.479319 -0.740807 0.470592 23.1413 0 0 0 1 
Seq_Frame0141_ForcepToReference-SequenceTransformStatus = OK
Seq_Frame0141_Timestamp = 19.889
Seq_Frame0142_ForcepToReference-SequenceTransform =0.0166316 -0.599271 -0.800373 56.571 0.892696 -0.35165 0.281844 138.346 -0.450353 -0.719177 0.529118 18.9898 0 0 0 1 
Seq_Frame0142_ForcepToReference-SequenceTransformStatus = OK
Seq_Frame0142_Timestamp = 19.995
Seq_Frame0143_ForcepToReference-SequenceTransform =-0.0497826 -0.611301 -0.789831 47.6978 0.92367 -0.329013 0.196426 141.775 -0.379941 -0.719764 0.58102 25.7094 0 0 0 1 
Seq_Frame0143_ForcepToReference-SequenceTransformStatus = OK
Seq_Frame0143_Timestamp = 21.105
Seq_Frame0144_ForcepToReference-SequenceTransform =-0.0396331 -0.63236 -0.77366 44.5154 0.939143 -0.287988 0.187279 147.473 -0.341232 -0.719155 0.60529 28.2243 0 0 0 1 
Seq_Frame0144_ForcepToReference-SequenceTransformStatus = OK
Seq_Frame0144_Timestamp = 21.209
Seq_Frame0145_ForcepToReference-SequenceTransform =-0.0372527 -0.632658 -0.773535 42.979 0.937413 -0.29031 0.192294 148.604 -0.346222 -0.717958 0.603877 29.3126 0 0 0 1 
Seq_Frame0145_ForcepToReference-SequenceTransformStatus = OK
Seq_Frame0145_Timestamp = 21.314
Seq_Frame0146_ForcepToReference-SequenceTransform =-0.0372955 -0.634194 -0.772274 42.8708 0.938374 -0.287952 0.19115 148.425 -0.343604 -0.717553 0.60585 29.7495 0 0 0 1 
Seq_Frame0146_ForcepToReference-SequenceTransformStatus = OK
Seq_Frame0146_Timestamp = 21.42
Seq_Frame0147_ForcepToReference-SequenceTransform =-0.0431442 -0.621739 -0.782035 42.9633 0.931914 -0.307184 0.192807 147.396 -0.360104 -0.720471 0.592661 28.9824 0 0 0 1 
Seq_Frame0147_ForcepToReference-SequenceTransformStatus = OK
Seq_Frame0147_Timestamp = 21.525
Seq_Frame0148_ForcepToReference-SequenceTransform =-0.0510118 -0.646984 -0.760795 41.9663 0.922314 -0.322709 0.212591 142.101 -0.383059 -0.690848 0.613185 26.4714 0 0 0 1 
Seq_Frame0148_ForcepToReference-SequenceTransformStatus = OK
Seq_Frame0148_Timestamp = 21.629
Seq_Frame0149_ForcepToReference-SequenceTransform =-0.058943 -0.649095 -0.758421 41.9415 0.928828 -0.314053 0.196596 143.302 -0.365793 -0.692854 0.621408 27.3808 0 0 0 1 
Seq_Frame0149_ForcepToReference-SequenceTransformStatus = OK
Seq_Frame0149_Timestamp = 21.736
Seq_Frame0150_ForcepToReference-SequenceTransform =-0.054775 -0.662678 -0.746899 43.5187 0.900619 -0.355779 0.249612 142.898 -0.431143 -0.658999 0.616308 22.2338 0 0 0 1 
Seq_Frame0150_ForcepToReference-SequenceTransformStatus = OK
