ObjectType = Image
NDims = 3
AnatomicalOrientation = RAI
BinaryData = True
CompressedData = False
DimSize = 0 0 2723
ElementSpacing = 1 1 1
Offset = 0 0 0
TransformMatrix = 1 0 0 0 1 0 0 0 1
ElementType = MET_UCHAR
Kinds = domain domain list
Seq_Frame0000_DriverToReference-SequenceTransform =-0.918104 -0.375276 0.127489 157.644 -0.102682 0.535901 0.838014 9.06497 -0.382808 0.756293 -0.530547 20.4648 0 0 0 1 
Seq_Frame0000_DriverToReference-SequenceTransformStatus = OK
Seq_Frame0000_Timestamp = 0.00100017
Seq_Frame0001_DriverToReference-SequenceTransform =-0.915547 -0.379079 0.134438 157.603 -0.0991845 0.536711 0.837917 9.01224 -0.389791 0.753817 -0.528982 20.4094 0 0 0 1 
Seq_Frame0001_DriverToReference-SequenceTransformStatus = OK
Seq_Frame0001_Timestamp = 0.102
Seq_Frame0002_DriverToReference-SequenceTransform =-0.919418 -0.372907 0.124943 157.727 -0.10404 0.537002 0.83714 9.0021 -0.37927 0.756683 -0.532527 20.6548 0 0 0 1 
Seq_Frame0002_DriverToReference-SequenceTransformStatus = OK
Seq_Frame0002_Timestamp = 0.206
Seq_Frame0003_DriverToReference-SequenceTransform =-0.917967 -0.375502 0.127806 157.667 -0.102986 0.536784 0.837411 9.06588 -0.383054 0.755553 -0.531422 20.5149 0 0 0 1 
Seq_Frame0003_DriverToReference-SequenceTransformStatus = OK
Seq_Frame0003_Timestamp = 0.312
Seq_Frame0004_DriverToReference-SequenceTransform =-0.920051 -0.371939 0.123158 157.726 -0.104859 0.536629 0.837277 9.04964 -0.377507 0.757423 -0.532727 20.5413 0 0 0 1 
Seq_Frame0004_DriverToReference-SequenceTransformStatus = OK
Seq_Frame0004_Timestamp = 0.416
Seq_Frame0005_DriverToReference-SequenceTransform =-0.919823 -0.372133 0.124271 157.73 -0.103827 0.536343 0.83759 8.99571 -0.378347 0.757531 -0.531978 20.6459 0 0 0 1 
Seq_Frame0005_DriverToReference-SequenceTransformStatus = OK
Seq_Frame0005_Timestamp = 0.517
Seq_Frame0006_DriverToReference-SequenceTransform =-0.920459 -0.37111 0.122612 157.741 -0.10501 0.537 0.837021 9.04916 -0.376469 0.757568 -0.533256 20.6366 0 0 0 1 
Seq_Frame0006_DriverToReference-SequenceTransformStatus = OK
Seq_Frame0006_Timestamp = 0.627
Seq_Frame0007_DriverToReference-SequenceTransform =-0.918397 -0.374429 0.127867 157.707 -0.102786 0.53786 0.836745 9.01802 -0.382076 0.755321 -0.532455 20.6327 0 0 0 1 
Seq_Frame0007_DriverToReference-SequenceTransformStatus = OK
Seq_Frame0007_Timestamp = 0.737
Seq_Frame0008_DriverToReference-SequenceTransform =-0.922666 -0.37017 0.107984 157.537 -0.107754 0.516405 0.849538 9.32461 -0.370237 0.772204 -0.516357 20.3593 0 0 0 1 
Seq_Frame0008_DriverToReference-SequenceTransformStatus = OK
Seq_Frame0008_Timestamp = 0.837
Seq_Frame0009_DriverToReference-SequenceTransform =-0.927329 -0.359562 0.103808 157.985 -0.108558 0.523888 0.844841 9.33564 -0.358157 0.772177 -0.524849 20.7997 0 0 0 1 
Seq_Frame0009_DriverToReference-SequenceTransformStatus = OK
Seq_Frame0009_Timestamp = 0.938
Seq_Frame0010_DriverToReference-SequenceTransform =-0.926331 -0.36341 0.0992218 158.014 -0.113484 0.520356 0.846375 9.84096 -0.359212 0.772763 -0.523263 21.0358 0 0 0 1 
Seq_Frame0010_DriverToReference-SequenceTransformStatus = OK
Seq_Frame0010_Timestamp = 1.047
Seq_Frame0011_DriverToReference-SequenceTransform =-0.933456 -0.336635 0.123844 159.861 -0.082353 0.537176 0.83944 9.11783 -0.349111 0.773381 -0.529153 20.6003 0 0 0 1 
Seq_Frame0011_DriverToReference-SequenceTransformStatus = OK
Seq_Frame0011_Timestamp = 1.151
Seq_Frame0012_DriverToReference-SequenceTransform =-0.93214 -0.325528 0.158575 161.748 -0.0737396 0.599412 0.797037 10.0845 -0.35451 0.731257 -0.582741 17.7635 0 0 0 1 
Seq_Frame0012_DriverToReference-SequenceTransformStatus = OK
Seq_Frame0012_Timestamp = 1.252
Seq_Frame0013_DriverToReference-SequenceTransform =-0.955963 -0.228731 0.183893 162.807 0.00893477 0.603609 0.797231 17.6609 -0.293351 0.763766 -0.574984 11.1767 0 0 0 1 
Seq_Frame0013_DriverToReference-SequenceTransformStatus = OK
Seq_Frame0013_Timestamp = 1.361
Seq_Frame0014_DriverToReference-SequenceTransform =-0.978033 -0.132146 0.161211 160.829 0.0676318 0.530377 0.84506 37.1126 -0.197174 0.8374 -0.509788 0.460853 0 0 0 1 
Seq_Frame0014_DriverToReference-SequenceTransformStatus = OK
Seq_Frame0014_Timestamp = 1.462
Seq_Frame0015_DriverToReference-SequenceTransform =-0.911929 -0.0264861 0.409492 133.025 0.358888 0.432361 0.827202 78.8254 -0.198957 0.901312 -0.384777 -5.94726 0 0 0 1 
Seq_Frame0015_DriverToReference-SequenceTransformStatus = OK
Seq_Frame0015_Timestamp = 1.567
Seq_Frame0016_DriverToReference-SequenceTransform =-0.805881 0.0842445 0.586054 99.4005 0.57326 0.35859 0.73674 113.366 -0.148087 0.929686 -0.337275 2.80229 0 0 0 1 
Seq_Frame0016_DriverToReference-SequenceTransformStatus = OK
Seq_Frame0016_Timestamp = 1.668
Seq_Frame0017_DriverToReference-SequenceTransform =-0.805881 0.0842445 0.586054 99.4005 0.57326 0.35859 0.73674 113.366 -0.148087 0.929686 -0.337275 2.80229 0 0 0 1 
Seq_Frame0017_DriverToReference-SequenceTransformStatus = OK
Seq_Frame0017_Timestamp = 1.776
Seq_Frame0018_DriverToReference-SequenceTransform =-0.805881 0.0842445 0.586054 99.4005 0.57326 0.35859 0.73674 113.366 -0.148087 0.929686 -0.337275 2.80229 0 0 0 1 
Seq_Frame0018_DriverToReference-SequenceTransformStatus = OK
Seq_Frame0018_Timestamp = 1.876
Seq_Frame0019_DriverToReference-SequenceTransform =-0.805881 0.0842445 0.586054 99.4005 0.57326 0.35859 0.73674 113.366 -0.148087 0.929686 -0.337275 2.80229 0 0 0 1 
Seq_Frame0019_DriverToReference-SequenceTransformStatus = OK
Seq_Frame0019_Timestamp = 1.981
Seq_Frame0020_DriverToReference-SequenceTransform =-0.805881 0.0842445 0.586054 99.4005 0.57326 0.35859 0.73674 113.366 -0.148087 0.929686 -0.337275 2.80229 0 0 0 1 
Seq_Frame0020_DriverToReference-SequenceTransformStatus = OK
Seq_Frame0020_Timestamp = 2.086
Seq_Frame0021_DriverToReference-SequenceTransform =-0.805881 0.0842445 0.586054 99.4005 0.57326 0.35859 0.73674 113.366 -0.148087 0.929686 -0.337275 2.80229 0 0 0 1 
Seq_Frame0021_DriverToReference-SequenceTransformStatus = OK
Seq_Frame0021_Timestamp = 2.186
Seq_Frame0022_DriverToReference-SequenceTransform =-0.805881 0.0842445 0.586054 99.4005 0.57326 0.35859 0.73674 113.366 -0.148087 0.929686 -0.337275 2.80229 0 0 0 1 
Seq_Frame0022_DriverToReference-SequenceTransformStatus = OK
Seq_Frame0022_Timestamp = 2.287
Seq_Frame0023_DriverToReference-SequenceTransform =-0.805881 0.0842445 0.586054 99.4005 0.57326 0.35859 0.73674 113.366 -0.148087 0.929686 -0.337275 2.80229 0 0 0 1 
Seq_Frame0023_DriverToReference-SequenceTransformStatus = OK
Seq_Frame0023_Timestamp = 2.396
Seq_Frame0024_DriverToReference-SequenceTransform =-0.805881 0.0842445 0.586054 99.4005 0.57326 0.35859 0.73674 113.366 -0.148087 0.929686 -0.337275 2.80229 0 0 0 1 
Seq_Frame0024_DriverToReference-SequenceTransformStatus = OK
Seq_Frame0024_Timestamp = 2.502
Seq_Frame0025_DriverToReference-SequenceTransform =-0.805881 0.0842445 0.586054 99.4005 0.57326 0.35859 0.73674 113.366 -0.148087 0.929686 -0.337275 2.80229 0 0 0 1 
Seq_Frame0025_DriverToReference-SequenceTransformStatus = OK
Seq_Frame0025_Timestamp = 2.617
Seq_Frame0026_DriverToReference-SequenceTransform =-0.805881 0.0842445 0.586054 99.4005 0.57326 0.35859 0.73674 113.366 -0.148087 0.929686 -0.337275 2.80229 0 0 0 1 
Seq_Frame0026_DriverToReference-SequenceTransformStatus = OK
Seq_Frame0026_Timestamp = 2.722
Seq_Frame0027_DriverToReference-SequenceTransform =-0.805881 0.0842445 0.586054 99.4005 0.57326 0.35859 0.73674 113.366 -0.148087 0.929686 -0.337275 2.80229 0 0 0 1 
Seq_Frame0027_DriverToReference-SequenceTransformStatus = OK
Seq_Frame0027_Timestamp = 2.832
Seq_Frame0028_DriverToReference-SequenceTransform =-0.805881 0.0842445 0.586054 99.4005 0.57326 0.35859 0.73674 113.366 -0.148087 0.929686 -0.337275 2.80229 0 0 0 1 
Seq_Frame0028_DriverToReference-SequenceTransformStatus = OK
Seq_Frame0028_Timestamp = 2.936
Seq_Frame0029_DriverToReference-SequenceTransform =-0.805881 0.0842445 0.586054 99.4005 0.57326 0.35859 0.73674 113.366 -0.148087 0.929686 -0.337275 2.80229 0 0 0 1 
Seq_Frame0029_DriverToReference-SequenceTransformStatus = OK
Seq_Frame0029_Timestamp = 3.046
Seq_Frame0030_DriverToReference-SequenceTransform =-0.805881 0.0842445 0.586054 99.4005 0.57326 0.35859 0.73674 113.366 -0.148087 0.929686 -0.337275 2.80229 0 0 0 1 
Seq_Frame0030_DriverToReference-SequenceTransformStatus = OK
Seq_Frame0030_Timestamp = 3.147
Seq_Frame0031_DriverToReference-SequenceTransform =-0.805881 0.0842445 0.586054 99.4005 0.57326 0.35859 0.73674 113.366 -0.148087 0.929686 -0.337275 2.80229 0 0 0 1 
Seq_Frame0031_DriverToReference-SequenceTransformStatus = OK
Seq_Frame0031_Timestamp = 3.252
Seq_Frame0032_DriverToReference-SequenceTransform =-0.805881 0.0842445 0.586054 99.4005 0.57326 0.35859 0.73674 113.366 -0.148087 0.929686 -0.337275 2.80229 0 0 0 1 
Seq_Frame0032_DriverToReference-SequenceTransformStatus = OK
Seq_Frame0032_Timestamp = 3.356
Seq_Frame0033_DriverToReference-SequenceTransform =-0.371418 -0.422198 -0.82692 33.7224 -0.925333 0.095225 0.367003 269.488 -0.0762044 0.901488 -0.426042 132.996 0 0 0 1 
Seq_Frame0033_DriverToReference-SequenceTransformStatus = OK
Seq_Frame0033_Timestamp = 3.457
Seq_Frame0034_DriverToReference-SequenceTransform =-0.481085 -0.636794 -0.602537 91.9684 -0.848281 0.164629 0.503306 304.832 -0.221307 0.753253 -0.619381 143.744 0 0 0 1 
Seq_Frame0034_DriverToReference-SequenceTransformStatus = OK
Seq_Frame0034_Timestamp = 3.557
Seq_Frame0035_DriverToReference-SequenceTransform =-0.511162 -0.716933 -0.474047 132.081 -0.837299 0.29087 0.462953 325.941 -0.194021 0.633563 -0.748969 169.763 0 0 0 1 
Seq_Frame0035_DriverToReference-SequenceTransformStatus = OK
Seq_Frame0035_Timestamp = 3.661
Seq_Frame0036_DriverToReference-SequenceTransform =-0.511419 -0.734752 -0.445636 135.654 -0.850642 0.359292 0.383819 333.86 -0.121898 0.575369 -0.808759 201.573 0 0 0 1 
Seq_Frame0036_DriverToReference-SequenceTransformStatus = OK
Seq_Frame0036_Timestamp = 3.762
Seq_Frame0037_DriverToReference-SequenceTransform =-0.618643 -0.705118 -0.34654 119.718 -0.779189 0.494087 0.385672 336.686 -0.100723 0.508614 -0.855083 238.504 0 0 0 1 
Seq_Frame0037_DriverToReference-SequenceTransformStatus = OK
Seq_Frame0037_Timestamp = 3.866
Seq_Frame0038_DriverToReference-SequenceTransform =-0.6899 -0.675969 -0.259044 97.5562 -0.712293 0.570047 0.409494 344.017 -0.129138 0.467025 -0.874763 264.841 0 0 0 1 
Seq_Frame0038_DriverToReference-SequenceTransformStatus = OK
Seq_Frame0038_Timestamp = 3.967
Seq_Frame0039_DriverToReference-SequenceTransform =-0.698875 -0.670946 -0.247799 80.2184 -0.689237 0.539181 0.483979 355.816 -0.191116 0.509034 -0.839261 281.94 0 0 0 1 
Seq_Frame0039_DriverToReference-SequenceTransformStatus = OK
Seq_Frame0039_Timestamp = 4.072
Seq_Frame0040_DriverToReference-SequenceTransform =-0.645278 -0.723484 -0.245333 74.0484 -0.724242 0.477151 0.497795 354.303 -0.243086 0.498897 -0.831872 293.957 0 0 0 1 
Seq_Frame0040_DriverToReference-SequenceTransformStatus = OK
Seq_Frame0040_Timestamp = 4.177
Seq_Frame0041_DriverToReference-SequenceTransform =-0.604335 -0.757605 -0.246604 69.1876 -0.746382 0.430059 0.5079 355.318 -0.278734 0.491002 -0.825363 299.885 0 0 0 1 
Seq_Frame0041_DriverToReference-SequenceTransformStatus = OK
Seq_Frame0041_Timestamp = 4.281
Seq_Frame0042_DriverToReference-SequenceTransform =-0.57681 -0.764595 -0.287548 62.8736 -0.781275 0.413571 0.467513 354.888 -0.238536 0.49432 -0.835911 304.639 0 0 0 1 
Seq_Frame0042_DriverToReference-SequenceTransformStatus = OK
Seq_Frame0042_Timestamp = 4.383
Seq_Frame0043_DriverToReference-SequenceTransform =-0.586844 -0.754569 -0.293666 60.4987 -0.779356 0.428032 0.457595 348.341 -0.219588 0.497406 -0.839266 305.518 0 0 0 1 
Seq_Frame0043_DriverToReference-SequenceTransformStatus = OK
Seq_Frame0043_Timestamp = 4.486
Seq_Frame0044_DriverToReference-SequenceTransform =-0.585872 -0.766014 -0.264531 58.0861 -0.772726 0.429664 0.467208 344.242 -0.244228 0.478134 -0.843647 299.416 0 0 0 1 
Seq_Frame0044_DriverToReference-SequenceTransformStatus = OK
Seq_Frame0044_Timestamp = 4.588
Seq_Frame0045_DriverToReference-SequenceTransform =-0.600944 -0.74345 -0.293509 55.3119 -0.771747 0.444129 0.455144 341.887 -0.208021 0.500031 -0.840653 291.963 0 0 0 1 
Seq_Frame0045_DriverToReference-SequenceTransformStatus = OK
Seq_Frame0045_Timestamp = 4.692
Seq_Frame0046_DriverToReference-SequenceTransform =-0.616045 -0.727259 -0.302627 50.9178 -0.760818 0.449819 0.467781 341.676 -0.204071 0.518418 -0.83042 285.175 0 0 0 1 
Seq_Frame0046_DriverToReference-SequenceTransformStatus = OK
Seq_Frame0046_Timestamp = 4.796
Seq_Frame0047_DriverToReference-SequenceTransform =-0.616649 -0.738328 -0.273158 51.5912 -0.758341 0.46396 0.457887 340.584 -0.211337 0.489503 -0.846005 283.969 0 0 0 1 
Seq_Frame0047_DriverToReference-SequenceTransformStatus = OK
Seq_Frame0047_Timestamp = 4.907
Seq_Frame0048_DriverToReference-SequenceTransform =-0.632624 -0.729849 -0.259051 53.4433 -0.749098 0.49176 0.443875 334.834 -0.196571 0.47486 -0.857827 282.947 0 0 0 1 
Seq_Frame0048_DriverToReference-SequenceTransformStatus = OK
Seq_Frame0048_Timestamp = 5.011
Seq_Frame0049_DriverToReference-SequenceTransform =-0.658763 -0.701064 -0.273022 51.1778 -0.737422 0.52974 0.419028 329.716 -0.149134 0.477373 -0.865953 279.442 0 0 0 1 
Seq_Frame0049_DriverToReference-SequenceTransformStatus = OK
Seq_Frame0049_Timestamp = 5.112
Seq_Frame0050_DriverToReference-SequenceTransform =-0.691235 -0.680337 -0.243589 51.0438 -0.708916 0.57307 0.41113 324.152 -0.140113 0.456872 -0.878428 274.963 0 0 0 1 
Seq_Frame0050_DriverToReference-SequenceTransformStatus = OK
Seq_Frame0050_Timestamp = 5.222
Seq_Frame0051_DriverToReference-SequenceTransform =-0.730844 -0.654668 -0.193072 52.8341 -0.664822 0.618753 0.418517 319.743 -0.154526 0.434229 -0.88745 270.066 0 0 0 1 
Seq_Frame0051_DriverToReference-SequenceTransformStatus = OK
Seq_Frame0051_Timestamp = 5.328
Seq_Frame0052_DriverToReference-SequenceTransform =-0.750769 -0.640068 -0.163275 52.4563 -0.642641 0.650545 0.404727 317.749 -0.152835 0.408784 -0.899743 265.424 0 0 0 1 
Seq_Frame0052_DriverToReference-SequenceTransformStatus = OK
Seq_Frame0052_Timestamp = 5.432
Seq_Frame0053_DriverToReference-SequenceTransform =-0.741868 -0.646839 -0.176723 51.586 -0.657327 0.649457 0.382266 321.021 -0.13249 0.399755 -0.906996 265.008 0 0 0 1 
Seq_Frame0053_DriverToReference-SequenceTransformStatus = OK
Seq_Frame0053_Timestamp = 5.536
Seq_Frame0054_DriverToReference-SequenceTransform =-0.734505 -0.651425 -0.190125 47.0437 -0.669831 0.651069 0.356981 322.116 -0.108762 0.389556 -0.914558 266.979 0 0 0 1 
Seq_Frame0054_DriverToReference-SequenceTransformStatus = OK
Seq_Frame0054_Timestamp = 5.647
Seq_Frame0055_DriverToReference-SequenceTransform =-0.734478 -0.655733 -0.174804 35.81 -0.668613 0.655119 0.351817 315.263 -0.116181 0.375278 -0.919602 269.24 0 0 0 1 
Seq_Frame0055_DriverToReference-SequenceTransformStatus = OK
Seq_Frame0055_Timestamp = 5.748
Seq_Frame0056_DriverToReference-SequenceTransform =-0.733021 -0.646172 -0.212467 21.0637 -0.678774 0.67462 0.290092 303.504 -0.0441156 0.356861 -0.933115 273.063 0 0 0 1 
Seq_Frame0056_DriverToReference-SequenceTransformStatus = OK
Seq_Frame0056_Timestamp = 5.857
Seq_Frame0057_DriverToReference-SequenceTransform =-0.735745 -0.658295 -0.159143 16.6872 -0.674164 0.689441 0.264903 293.198 -0.0646639 0.30219 -0.951052 275.127 0 0 0 1 
Seq_Frame0057_DriverToReference-SequenceTransformStatus = OK
Seq_Frame0057_Timestamp = 5.962
Seq_Frame0058_DriverToReference-SequenceTransform =-0.752866 -0.641455 -0.147408 16.4024 -0.654359 0.705407 0.272425 289.668 -0.0707654 0.301557 -0.950818 271.882 0 0 0 1 
Seq_Frame0058_DriverToReference-SequenceTransformStatus = OK
Seq_Frame0058_Timestamp = 6.066
Seq_Frame0059_DriverToReference-SequenceTransform =-0.757137 -0.636245 -0.148108 17.2931 -0.648866 0.706224 0.283231 289.246 -0.0756069 0.310547 -0.947546 267.55 0 0 0 1 
Seq_Frame0059_DriverToReference-SequenceTransformStatus = OK
Seq_Frame0059_Timestamp = 6.167
Seq_Frame0060_DriverToReference-SequenceTransform =-0.763294 -0.627096 -0.155347 18.6457 -0.642991 0.714015 0.277029 287.74 -0.0628041 0.311342 -0.94822 265.95 0 0 0 1 
Seq_Frame0060_DriverToReference-SequenceTransformStatus = OK
Seq_Frame0060_Timestamp = 6.271
Seq_Frame0061_DriverToReference-SequenceTransform =-0.770269 -0.61321 -0.1751 16.3319 -0.636885 0.725652 0.260398 285.573 -0.0326165 0.312095 -0.949491 263.571 0 0 0 1 
Seq_Frame0061_DriverToReference-SequenceTransformStatus = OK
Seq_Frame0061_Timestamp = 6.372
Seq_Frame0062_DriverToReference-SequenceTransform =-0.772283 -0.611789 -0.171153 15.5324 -0.63398 0.724991 0.26918 283.242 -0.0405969 0.316391 -0.94776 261.622 0 0 0 1 
Seq_Frame0062_DriverToReference-SequenceTransformStatus = OK
Seq_Frame0062_Timestamp = 6.472
Seq_Frame0063_DriverToReference-SequenceTransform =-0.771899 -0.611308 -0.174572 12.1199 -0.635516 0.734584 0.23771 277.537 -0.0170758 0.294431 -0.95552 256.605 0 0 0 1 
Seq_Frame0063_DriverToReference-SequenceTransformStatus = OK
Seq_Frame0063_Timestamp = 6.573
Seq_Frame0064_DriverToReference-SequenceTransform =-0.786971 -0.587074 -0.189794 0.268943 -0.616961 0.745753 0.25142 270.014 -0.00606261 0.314955 -0.949087 245.683 0 0 0 1 
Seq_Frame0064_DriverToReference-SequenceTransformStatus = OK
Seq_Frame0064_Timestamp = 6.676
Seq_Frame0065_DriverToReference-SequenceTransform =-0.801356 -0.586147 -0.119416 -5.57398 -0.593421 0.753814 0.282164 262.689 -0.075372 0.296977 -0.951905 237.191 0 0 0 1 
Seq_Frame0065_DriverToReference-SequenceTransformStatus = OK
Seq_Frame0065_Timestamp = 6.777
Seq_Frame0066_DriverToReference-SequenceTransform =-0.837012 -0.532457 -0.126093 -6.08233 -0.532388 0.739237 0.412422 255.173 -0.126384 0.412333 -0.902224 226.33 0 0 0 1 
Seq_Frame0066_DriverToReference-SequenceTransformStatus = OK
Seq_Frame0066_Timestamp = 6.887
Seq_Frame0067_DriverToReference-SequenceTransform =-0.822561 -0.568418 0.0171231 -5.27776 -0.494534 0.729859 0.471955 254.079 -0.280766 0.379744 -0.881456 221.874 0 0 0 1 
Seq_Frame0067_DriverToReference-SequenceTransformStatus = OK
Seq_Frame0067_Timestamp = 6.996
Seq_Frame0068_DriverToReference-SequenceTransform =-0.822561 -0.568418 0.0171231 -5.27776 -0.494534 0.729859 0.471955 254.079 -0.280766 0.379744 -0.881456 221.874 0 0 0 1 
Seq_Frame0068_DriverToReference-SequenceTransformStatus = OK
Seq_Frame0068_Timestamp = 7.096
Seq_Frame0069_DriverToReference-SequenceTransform =-0.822561 -0.568418 0.0171231 -5.27776 -0.494534 0.729859 0.471955 254.079 -0.280766 0.379744 -0.881456 221.874 0 0 0 1 
Seq_Frame0069_DriverToReference-SequenceTransformStatus = OK
Seq_Frame0069_Timestamp = 7.201
Seq_Frame0070_DriverToReference-SequenceTransform =-0.822561 -0.568418 0.0171231 -5.27776 -0.494534 0.729859 0.471955 254.079 -0.280766 0.379744 -0.881456 221.874 0 0 0 1 
Seq_Frame0070_DriverToReference-SequenceTransformStatus = OK
Seq_Frame0070_Timestamp = 7.302
Seq_Frame0071_DriverToReference-SequenceTransform =-0.822561 -0.568418 0.0171231 -5.27776 -0.494534 0.729859 0.471955 254.079 -0.280766 0.379744 -0.881456 221.874 0 0 0 1 
Seq_Frame0071_DriverToReference-SequenceTransformStatus = OK
Seq_Frame0071_Timestamp = 7.402
Seq_Frame0072_DriverToReference-SequenceTransform =-0.822561 -0.568418 0.0171231 -5.27776 -0.494534 0.729859 0.471955 254.079 -0.280766 0.379744 -0.881456 221.874 0 0 0 1 
Seq_Frame0072_DriverToReference-SequenceTransformStatus = OK
Seq_Frame0072_Timestamp = 7.507
Seq_Frame0073_DriverToReference-SequenceTransform =-0.822561 -0.568418 0.0171231 -5.27776 -0.494534 0.729859 0.471955 254.079 -0.280766 0.379744 -0.881456 221.874 0 0 0 1 
Seq_Frame0073_DriverToReference-SequenceTransformStatus = OK
Seq_Frame0073_Timestamp = 7.611
Seq_Frame0074_DriverToReference-SequenceTransform =-0.822561 -0.568418 0.0171231 -5.27776 -0.494534 0.729859 0.471955 254.079 -0.280766 0.379744 -0.881456 221.874 0 0 0 1 
Seq_Frame0074_DriverToReference-SequenceTransformStatus = OK
Seq_Frame0074_Timestamp = 7.715
Seq_Frame0075_DriverToReference-SequenceTransform =-0.822561 -0.568418 0.0171231 -5.27776 -0.494534 0.729859 0.471955 254.079 -0.280766 0.379744 -0.881456 221.874 0 0 0 1 
Seq_Frame0075_DriverToReference-SequenceTransformStatus = OK
Seq_Frame0075_Timestamp = 7.821
Seq_Frame0076_DriverToReference-SequenceTransform =-0.822561 -0.568418 0.0171231 -5.27776 -0.494534 0.729859 0.471955 254.079 -0.280766 0.379744 -0.881456 221.874 0 0 0 1 
Seq_Frame0076_DriverToReference-SequenceTransformStatus = OK
Seq_Frame0076_Timestamp = 7.922
Seq_Frame0077_DriverToReference-SequenceTransform =-0.822561 -0.568418 0.0171231 -5.27776 -0.494534 0.729859 0.471955 254.079 -0.280766 0.379744 -0.881456 221.874 0 0 0 1 
Seq_Frame0077_DriverToReference-SequenceTransformStatus = OK
Seq_Frame0077_Timestamp = 8.024
Seq_Frame0078_DriverToReference-SequenceTransform =-0.85566 -0.511477 0.0789784 34.4147 -0.416463 0.771082 0.481654 254.673 -0.307254 0.379241 -0.872795 218.028 0 0 0 1 
Seq_Frame0078_DriverToReference-SequenceTransformStatus = OK
Seq_Frame0078_Timestamp = 8.127
Seq_Frame0079_DriverToReference-SequenceTransform =-0.862342 -0.498314 0.0897182 47.4798 -0.413724 0.795628 0.442502 262.761 -0.291887 0.34447 -0.892268 225.877 0 0 0 1 
Seq_Frame0079_DriverToReference-SequenceTransformStatus = OK
Seq_Frame0079_Timestamp = 8.236
Seq_Frame0080_DriverToReference-SequenceTransform =-0.863974 -0.487616 0.125619 52.6912 -0.395331 0.811379 0.430555 264.35 -0.31187 0.322327 -0.89378 231.442 0 0 0 1 
Seq_Frame0080_DriverToReference-SequenceTransformStatus = OK
Seq_Frame0080_Timestamp = 8.351
Seq_Frame0081_DriverToReference-SequenceTransform =-0.872121 -0.481081 0.0892509 50.4272 -0.406249 0.813623 0.415909 265.415 -0.272702 0.326465 -0.905016 234.441 0 0 0 1 
Seq_Frame0081_DriverToReference-SequenceTransformStatus = OK
Seq_Frame0081_Timestamp = 8.452
Seq_Frame0082_DriverToReference-SequenceTransform =-0.867442 -0.490926 0.0808533 48.8564 -0.421195 0.811079 0.405888 268.628 -0.264839 0.318029 -0.910339 237.667 0 0 0 1 
Seq_Frame0082_DriverToReference-SequenceTransformStatus = OK
Seq_Frame0082_Timestamp = 8.557
Seq_Frame0083_DriverToReference-SequenceTransform =-0.845685 -0.529215 0.068905 52.933 -0.456389 0.784078 0.420631 273.295 -0.276631 0.324274 -0.904611 242.362 0 0 0 1 
Seq_Frame0083_DriverToReference-SequenceTransformStatus = OK
Seq_Frame0083_Timestamp = 8.661
Seq_Frame0084_DriverToReference-SequenceTransform =-0.821454 -0.56772 0.0539132 59.9563 -0.498259 0.760492 0.416401 276.698 -0.2774 0.315191 -0.907581 244.956 0 0 0 1 
Seq_Frame0084_DriverToReference-SequenceTransformStatus = OK
Seq_Frame0084_Timestamp = 8.761
Seq_Frame0085_DriverToReference-SequenceTransform =-0.808144 -0.587878 0.0361023 64.7547 -0.513805 0.733629 0.444739 278.716 -0.287938 0.340863 -0.894933 245.4 0 0 0 1 
Seq_Frame0085_DriverToReference-SequenceTransformStatus = OK
Seq_Frame0085_Timestamp = 8.871
Seq_Frame0086_DriverToReference-SequenceTransform =-0.788925 -0.611379 0.0617486 66.4394 -0.524773 0.722612 0.44994 280.464 -0.319704 0.322565 -0.890921 246.145 0 0 0 1 
Seq_Frame0086_DriverToReference-SequenceTransformStatus = OK
Seq_Frame0086_Timestamp = 8.971
Seq_Frame0087_DriverToReference-SequenceTransform =-0.786377 -0.617075 0.0288123 67.5252 -0.539758 0.709036 0.453794 283.949 -0.300453 0.341301 -0.890641 249.406 0 0 0 1 
Seq_Frame0087_DriverToReference-SequenceTransformStatus = OK
Seq_Frame0087_Timestamp = 9.076
Seq_Frame0088_DriverToReference-SequenceTransform =-0.776235 -0.629767 0.0292003 70.6163 -0.548143 0.69706 0.46222 284.395 -0.311445 0.342786 -0.886284 251.848 0 0 0 1 
Seq_Frame0088_DriverToReference-SequenceTransformStatus = OK
Seq_Frame0088_Timestamp = 9.183
Seq_Frame0089_DriverToReference-SequenceTransform =-0.769522 -0.638151 0.0244871 71.8944 -0.561076 0.693899 0.451328 281.843 -0.305007 0.333568 -0.892022 251.746 0 0 0 1 
Seq_Frame0089_DriverToReference-SequenceTransformStatus = OK
Seq_Frame0089_Timestamp = 9.286
Seq_Frame0090_DriverToReference-SequenceTransform =-0.790996 -0.611788 0.00636655 66.856 -0.544899 0.70917 0.447395 279.587 -0.278226 0.350419 -0.894314 248.779 0 0 0 1 
Seq_Frame0090_DriverToReference-SequenceTransformStatus = OK
Seq_Frame0090_Timestamp = 9.391
Seq_Frame0091_DriverToReference-SequenceTransform =-0.781175 -0.618739 -0.0832331 62.7747 -0.590589 0.689157 0.419842 282.853 -0.202412 0.377127 -0.903773 247.711 0 0 0 1 
Seq_Frame0091_DriverToReference-SequenceTransformStatus = OK
Seq_Frame0091_Timestamp = 9.496
Seq_Frame0092_DriverToReference-SequenceTransform =-0.753488 -0.651504 -0.088309 64.0977 -0.623784 0.665976 0.409108 285.297 -0.207724 0.363343 -0.908203 248.848 0 0 0 1 
Seq_Frame0092_DriverToReference-SequenceTransformStatus = OK
Seq_Frame0092_Timestamp = 9.606
Seq_Frame0093_DriverToReference-SequenceTransform =-0.744676 -0.660548 -0.0955771 62.9509 -0.633853 0.655079 0.41122 283.276 -0.20902 0.366807 -0.906512 248.872 0 0 0 1 
Seq_Frame0093_DriverToReference-SequenceTransformStatus = OK
Seq_Frame0093_Timestamp = 9.708
Seq_Frame0094_DriverToReference-SequenceTransform =-0.731836 -0.668886 -0.130413 57.777 -0.653939 0.635426 0.410608 282.06 -0.191782 0.385779 -0.902438 245.154 0 0 0 1 
Seq_Frame0094_DriverToReference-SequenceTransformStatus = OK
Seq_Frame0094_Timestamp = 9.811
Seq_Frame0095_DriverToReference-SequenceTransform =-0.716741 -0.684547 -0.13296 55.0353 -0.667401 0.618118 0.415338 281.229 -0.202134 0.386427 -0.899898 240.754 0 0 0 1 
Seq_Frame0095_DriverToReference-SequenceTransformStatus = OK
Seq_Frame0095_Timestamp = 9.912
Seq_Frame0096_DriverToReference-SequenceTransform =-0.695031 -0.702501 -0.153053 53.1701 -0.69171 0.595271 0.408889 282.205 -0.196137 0.390058 -0.899658 241.476 0 0 0 1 
Seq_Frame0096_DriverToReference-SequenceTransformStatus = OK
Seq_Frame0096_Timestamp = 10.013
Seq_Frame0097_DriverToReference-SequenceTransform =-0.682837 -0.717841 -0.13579 55.265 -0.690555 0.573518 0.440693 281.598 -0.23847 0.394692 -0.887328 245.237 0 0 0 1 
Seq_Frame0097_DriverToReference-SequenceTransformStatus = OK
Seq_Frame0097_Timestamp = 10.117
Seq_Frame0098_DriverToReference-SequenceTransform =-0.675641 -0.725727 -0.129727 57.8884 -0.690858 0.56184 0.455028 284.272 -0.257341 0.397059 -0.880977 245.827 0 0 0 1 
Seq_Frame0098_DriverToReference-SequenceTransformStatus = OK
Seq_Frame0098_Timestamp = 10.224
Seq_Frame0099_DriverToReference-SequenceTransform =-0.675506 -0.721695 -0.151158 59.0334 -0.694535 0.553922 0.459121 285.807 -0.247616 0.415123 -0.875419 246.789 0 0 0 1 
Seq_Frame0099_DriverToReference-SequenceTransformStatus = OK
Seq_Frame0099_Timestamp = 10.332
Seq_Frame0100_DriverToReference-SequenceTransform =-0.667774 -0.729626 -0.147388 58.8964 -0.694868 0.540032 0.474894 286.976 -0.266901 0.419537 -0.867613 246.89 0 0 0 1 
Seq_Frame0100_DriverToReference-SequenceTransformStatus = OK
Seq_Frame0100_Timestamp = 10.436
Seq_Frame0101_DriverToReference-SequenceTransform =-0.651333 -0.744133 -0.148428 58.0756 -0.706247 0.522993 0.477172 287.648 -0.277453 0.415625 -0.866185 248.297 0 0 0 1 
Seq_Frame0101_DriverToReference-SequenceTransformStatus = OK
Seq_Frame0101_Timestamp = 10.547
Seq_Frame0102_DriverToReference-SequenceTransform =-0.531484 -0.687066 -0.495445 59.9094 -0.817574 0.569081 0.0878632 289.646 0.22158 0.45176 -0.864184 258.55 0 0 0 1 
Seq_Frame0102_DriverToReference-SequenceTransformStatus = OK
Seq_Frame0102_Timestamp = 10.651
Seq_Frame0103_DriverToReference-SequenceTransform =-0.630417 -0.715701 -0.300576 59.7446 -0.773675 0.547752 0.318425 291.11 -0.0632555 0.433289 -0.899032 257.147 0 0 0 1 
Seq_Frame0103_DriverToReference-SequenceTransformStatus = OK
Seq_Frame0103_Timestamp = 10.817
Seq_Frame0104_DriverToReference-SequenceTransform =-0.630903 -0.760032 -0.155926 59.5832 -0.722724 0.502608 0.474399 290.21 -0.282189 0.411991 -0.866391 252.552 0 0 0 1 
Seq_Frame0104_DriverToReference-SequenceTransformStatus = OK
Seq_Frame0104_Timestamp = 10.921
Seq_Frame0105_DriverToReference-SequenceTransform =-0.63954 -0.732673 -0.232763 59.1651 -0.750532 0.52953 0.395348 290.031 -0.166406 0.427537 -0.88855 254.051 0 0 0 1 
Seq_Frame0105_DriverToReference-SequenceTransformStatus = OK
Seq_Frame0105_Timestamp = 11.033
Seq_Frame0106_DriverToReference-SequenceTransform =-0.640417 -0.718568 -0.271156 59.3903 -0.760068 0.542271 0.358104 290.117 -0.110282 0.435433 -0.893441 254.865 0 0 0 1 
Seq_Frame0106_DriverToReference-SequenceTransformStatus = OK
Seq_Frame0106_Timestamp = 11.133
Seq_Frame0107_DriverToReference-SequenceTransform =-0.640173 -0.70616 -0.302516 59.6939 -0.764924 0.549419 0.336201 290.641 -0.0712039 0.446629 -0.891882 255.742 0 0 0 1 
Seq_Frame0107_DriverToReference-SequenceTransformStatus = OK
Seq_Frame0107_Timestamp = 11.24
Seq_Frame0108_DriverToReference-SequenceTransform =-0.637572 -0.699038 -0.323801 59.8259 -0.769437 0.556896 0.312784 290.55 -0.0383246 0.448567 -0.892927 256.795 0 0 0 1 
Seq_Frame0108_DriverToReference-SequenceTransformStatus = OK
Seq_Frame0108_Timestamp = 11.346
Seq_Frame0109_DriverToReference-SequenceTransform =-0.630352 -0.684844 -0.365575 57.4499 -0.775773 0.573202 0.263848 289.232 0.0288534 0.44992 -0.892603 255.436 0 0 0 1 
Seq_Frame0109_DriverToReference-SequenceTransformStatus = OK
Seq_Frame0109_Timestamp = 11.606
Seq_Frame0110_DriverToReference-SequenceTransform =-0.642568 -0.716082 -0.27264 45.5282 -0.745388 0.501759 0.438902 286.932 -0.17749 0.485247 -0.856173 245.078 0 0 0 1 
Seq_Frame0110_DriverToReference-SequenceTransformStatus = OK
Seq_Frame0110_Timestamp = 11.707
Seq_Frame0111_DriverToReference-SequenceTransform =-0.692904 -0.676116 -0.250503 39.3566 -0.69917 0.545143 0.462579 285.065 -0.176197 0.495667 -0.850452 241.188 0 0 0 1 
Seq_Frame0111_DriverToReference-SequenceTransformStatus = OK
Seq_Frame0111_Timestamp = 11.811
Seq_Frame0112_DriverToReference-SequenceTransform =-0.763643 -0.577922 -0.287845 23.3541 -0.633534 0.584809 0.506589 289.662 -0.124435 0.569213 -0.812719 231.714 0 0 0 1 
Seq_Frame0112_DriverToReference-SequenceTransformStatus = OK
Seq_Frame0112_Timestamp = 11.912
Seq_Frame0113_DriverToReference-SequenceTransform =-0.787582 -0.338664 -0.514801 -0.369357 -0.599584 0.613922 0.513418 293.204 0.142172 0.713026 -0.686572 223.508 0 0 0 1 
Seq_Frame0113_DriverToReference-SequenceTransformStatus = OK
Seq_Frame0113_Timestamp = 12.023
Seq_Frame0114_DriverToReference-SequenceTransform =-0.787582 -0.338664 -0.514801 -0.369357 -0.599584 0.613922 0.513418 293.204 0.142172 0.713026 -0.686572 223.508 0 0 0 1 
Seq_Frame0114_DriverToReference-SequenceTransformStatus = OK
Seq_Frame0114_Timestamp = 12.187
Seq_Frame0115_DriverToReference-SequenceTransform =-0.716399 -0.296267 -0.631663 -3.20645 -0.63544 0.650894 0.415396 288.038 0.288078 0.698973 -0.654559 225.99 0 0 0 1 
Seq_Frame0115_DriverToReference-SequenceTransformStatus = OK
Seq_Frame0115_Timestamp = 12.296
Seq_Frame0116_DriverToReference-SequenceTransform =-0.516615 -0.192813 -0.834225 -7.34135 -0.693653 0.665433 0.275762 281.867 0.50195 0.721126 -0.477518 233.729 0 0 0 1 
Seq_Frame0116_DriverToReference-SequenceTransformStatus = OK
Seq_Frame0116_Timestamp = 12.402
Seq_Frame0117_DriverToReference-SequenceTransform =-0.495661 -0.168612 -0.851992 -7.03013 -0.68789 0.675082 0.266591 279.933 0.530214 0.718216 -0.450599 233.885 0 0 0 1 
Seq_Frame0117_DriverToReference-SequenceTransformStatus = OK
Seq_Frame0117_Timestamp = 12.511
Seq_Frame0118_DriverToReference-SequenceTransform =-0.495661 -0.168612 -0.851992 -7.03013 -0.68789 0.675082 0.266591 279.933 0.530214 0.718216 -0.450599 233.885 0 0 0 1 
Seq_Frame0118_DriverToReference-SequenceTransformStatus = OK
Seq_Frame0118_Timestamp = 12.615
Seq_Frame0119_DriverToReference-SequenceTransform =-0.495661 -0.168612 -0.851992 -7.03013 -0.68789 0.675082 0.266591 279.933 0.530214 0.718216 -0.450599 233.885 0 0 0 1 
Seq_Frame0119_DriverToReference-SequenceTransformStatus = OK
Seq_Frame0119_Timestamp = 12.721
Seq_Frame0120_DriverToReference-SequenceTransform =-0.495661 -0.168612 -0.851992 -7.03013 -0.68789 0.675082 0.266591 279.933 0.530214 0.718216 -0.450599 233.885 0 0 0 1 
Seq_Frame0120_DriverToReference-SequenceTransformStatus = OK
Seq_Frame0120_Timestamp = 12.822
Seq_Frame0121_DriverToReference-SequenceTransform =-0.495661 -0.168612 -0.851992 -7.03013 -0.68789 0.675082 0.266591 279.933 0.530214 0.718216 -0.450599 233.885 0 0 0 1 
Seq_Frame0121_DriverToReference-SequenceTransformStatus = OK
Seq_Frame0121_Timestamp = 12.927
Seq_Frame0122_DriverToReference-SequenceTransform =-0.495661 -0.168612 -0.851992 -7.03013 -0.68789 0.675082 0.266591 279.933 0.530214 0.718216 -0.450599 233.885 0 0 0 1 
Seq_Frame0122_DriverToReference-SequenceTransformStatus = OK
Seq_Frame0122_Timestamp = 13.027
Seq_Frame0123_DriverToReference-SequenceTransform =-0.671431 0.11463 -0.732147 25.2749 -0.245255 0.897919 0.365501 267.562 0.699307 0.424971 -0.574778 224.543 0 0 0 1 
Seq_Frame0123_DriverToReference-SequenceTransformStatus = OK
Seq_Frame0123_Timestamp = 13.137
Seq_Frame0124_DriverToReference-SequenceTransform =-0.812829 -0.00940425 -0.582426 34.0142 -0.263534 0.897627 0.353292 262.369 0.519479 0.440655 -0.732096 233.976 0 0 0 1 
Seq_Frame0124_DriverToReference-SequenceTransformStatus = OK
Seq_Frame0124_Timestamp = 13.241
Seq_Frame0125_DriverToReference-SequenceTransform =-0.876506 -0.0947135 -0.471982 57.9465 -0.315297 0.853835 0.41419 271.757 0.363765 0.511854 -0.778255 229.804 0 0 0 1 
Seq_Frame0125_DriverToReference-SequenceTransformStatus = OK
Seq_Frame0125_Timestamp = 13.346
Seq_Frame0126_DriverToReference-SequenceTransform =-0.858784 -0.097494 -0.502976 65.8107 -0.320993 0.867546 0.379904 277.7 0.399316 0.487707 -0.77633 234.149 0 0 0 1 
Seq_Frame0126_DriverToReference-SequenceTransformStatus = OK
Seq_Frame0126_Timestamp = 13.486
Seq_Frame0127_DriverToReference-SequenceTransform =-0.860641 -0.413489 -0.297194 67.5585 -0.503121 0.780496 0.371074 286.679 0.078524 0.468886 -0.879761 245.504 0 0 0 1 
Seq_Frame0127_DriverToReference-SequenceTransformStatus = OK
Seq_Frame0127_Timestamp = 13.711
Seq_Frame0128_DriverToReference-SequenceTransform =-0.824652 -0.421904 -0.376758 69.5327 -0.54821 0.76022 0.348614 287.489 0.139337 0.494028 -0.858209 254.116 0 0 0 1 
Seq_Frame0128_DriverToReference-SequenceTransformStatus = OK
Seq_Frame0128_Timestamp = 13.821
Seq_Frame0129_DriverToReference-SequenceTransform =-0.839882 -0.484187 -0.245277 70.5421 -0.541668 0.718956 0.435543 292.602 -0.0345413 0.498664 -0.866107 252.666 0 0 0 1 
Seq_Frame0129_DriverToReference-SequenceTransformStatus = OK
Seq_Frame0129_Timestamp = 13.926
Seq_Frame0130_DriverToReference-SequenceTransform =-0.797745 -0.447906 -0.403711 72.4211 -0.587205 0.729261 0.351239 294.712 0.137089 0.51726 -0.844777 258.339 0 0 0 1 
Seq_Frame0130_DriverToReference-SequenceTransformStatus = OK
Seq_Frame0130_Timestamp = 14.027
Seq_Frame0131_DriverToReference-SequenceTransform =-0.77796 -0.421485 -0.465971 74.3296 -0.594053 0.734962 0.327005 294.765 0.204643 0.531208 -0.822155 260.947 0 0 0 1 
Seq_Frame0131_DriverToReference-SequenceTransformStatus = OK
Seq_Frame0131_Timestamp = 14.132
Seq_Frame0132_DriverToReference-SequenceTransform =-0.788382 -0.438411 -0.431566 73.4279 -0.593492 0.726678 0.345985 294.161 0.161926 0.5289 -0.833094 260.035 0 0 0 1 
Seq_Frame0132_DriverToReference-SequenceTransformStatus = OK
Seq_Frame0132_Timestamp = 14.236
Seq_Frame0133_DriverToReference-SequenceTransform =-0.787455 -0.443732 -0.427805 73.0585 -0.595941 0.725326 0.344612 294.496 0.157382 0.526312 -0.835599 258.868 0 0 0 1 
Seq_Frame0133_DriverToReference-SequenceTransformStatus = OK
Seq_Frame0133_Timestamp = 14.811
Seq_Frame0134_DriverToReference-SequenceTransform =-0.826949 -0.208345 -0.522253 61.064 -0.456415 0.791191 0.407065 282.388 0.328391 0.574986 -0.749366 236.749 0 0 0 1 
Seq_Frame0134_DriverToReference-SequenceTransformStatus = OK
Seq_Frame0134_Timestamp = 14.912
Seq_Frame0135_DriverToReference-SequenceTransform =-0.88974 -0.149185 -0.431401 67.6002 -0.389326 0.741405 0.546575 284.269 0.238302 0.654265 -0.717739 212.277 0 0 0 1 
Seq_Frame0135_DriverToReference-SequenceTransformStatus = OK
Seq_Frame0135_Timestamp = 15.016
Seq_Frame0136_DriverToReference-SequenceTransform =-0.916348 -0.139506 -0.375292 71.1978 -0.369981 0.653316 0.660524 282.037 0.153037 0.744121 -0.650279 188.553 0 0 0 1 
Seq_Frame0136_DriverToReference-SequenceTransformStatus = OK
Seq_Frame0136_Timestamp = 15.117
Seq_Frame0137_DriverToReference-SequenceTransform =-0.851962 -0.144071 -0.503392 62.9973 -0.474266 0.619737 0.625298 278.596 0.221884 0.771472 -0.59632 171.494 0 0 0 1 
Seq_Frame0137_DriverToReference-SequenceTransformStatus = OK
Seq_Frame0137_Timestamp = 15.218
Seq_Frame0138_DriverToReference-SequenceTransform =-0.620043 -0.0844382 -0.780011 67.5312 -0.632338 0.642302 0.433125 276.073 0.46443 0.761787 -0.451648 163.739 0 0 0 1 
Seq_Frame0138_DriverToReference-SequenceTransformStatus = OK
Seq_Frame0138_Timestamp = 15.326
Seq_Frame0139_DriverToReference-SequenceTransform =-0.680263 -0.0468134 -0.731472 82.418 -0.554291 0.685828 0.471594 265.59 0.479587 0.726256 -0.492492 169.149 0 0 0 1 
Seq_Frame0139_DriverToReference-SequenceTransformStatus = OK
Seq_Frame0139_Timestamp = 15.427
Seq_Frame0140_DriverToReference-SequenceTransform =-0.773316 -0.122303 -0.622112 82.6975 -0.494003 0.731282 0.470305 253.996 0.39742 0.67102 -0.625931 181.949 0 0 0 1 
Seq_Frame0140_DriverToReference-SequenceTransformStatus = OK
Seq_Frame0140_Timestamp = 15.536
Seq_Frame0141_DriverToReference-SequenceTransform =-0.731642 -0.257617 -0.631137 67.2484 -0.620329 0.635494 0.459717 251.065 0.282653 0.72786 -0.624761 182.049 0 0 0 1 
Seq_Frame0141_DriverToReference-SequenceTransformStatus = OK
Seq_Frame0141_Timestamp = 15.637
Seq_Frame0142_DriverToReference-SequenceTransform =-0.686669 -0.24886 -0.683047 62.2045 -0.67765 0.559296 0.477471 253.091 0.263202 0.790732 -0.552692 185.225 0 0 0 1 
Seq_Frame0142_DriverToReference-SequenceTransformStatus = OK
Seq_Frame0142_Timestamp = 15.747
Seq_Frame0143_DriverToReference-SequenceTransform =-0.780341 -0.195902 -0.593877 55.2171 -0.594533 0.526867 0.607406 261.499 0.193902 0.827063 -0.527606 185.981 0 0 0 1 
Seq_Frame0143_DriverToReference-SequenceTransformStatus = OK
Seq_Frame0143_Timestamp = 15.847
Seq_Frame0144_DriverToReference-SequenceTransform =-0.723989 -0.101542 -0.682297 54.413 -0.613651 0.546587 0.569803 264.573 0.315076 0.831223 -0.458034 189.402 0 0 0 1 
Seq_Frame0144_DriverToReference-SequenceTransformStatus = OK
Seq_Frame0144_Timestamp = 15.952
Seq_Frame0145_DriverToReference-SequenceTransform =-0.768972 -0.0260058 -0.638753 54.5981 -0.487344 0.6705 0.559397 263.099 0.413737 0.741453 -0.52827 184.304 0 0 0 1 
Seq_Frame0145_DriverToReference-SequenceTransformStatus = OK
Seq_Frame0145_Timestamp = 16.061
Seq_Frame0146_DriverToReference-SequenceTransform =-0.730328 -0.0543267 -0.680933 58.0815 -0.48704 0.740367 0.463301 256.618 0.478971 0.670003 -0.56717 182.629 0 0 0 1 
Seq_Frame0146_DriverToReference-SequenceTransformStatus = OK
Seq_Frame0146_Timestamp = 16.167
Seq_Frame0147_DriverToReference-SequenceTransform =-0.681349 0.0232905 -0.731588 59.116 -0.45667 0.767581 0.449747 255.151 0.572028 0.640529 -0.512355 184.407 0 0 0 1 
Seq_Frame0147_DriverToReference-SequenceTransformStatus = OK
Seq_Frame0147_Timestamp = 16.276
Seq_Frame0148_DriverToReference-SequenceTransform =-0.795912 0.108227 -0.59566 61.2554 -0.377614 0.680303 0.628168 259.878 0.473214 0.724896 -0.500594 185.498 0 0 0 1 
Seq_Frame0148_DriverToReference-SequenceTransformStatus = OK
Seq_Frame0148_Timestamp = 16.376
Seq_Frame0149_DriverToReference-SequenceTransform =-0.848293 0.128473 -0.513707 64.997 -0.332965 0.624925 0.706118 266.377 0.411745 0.770041 -0.487343 186.588 0 0 0 1 
Seq_Frame0149_DriverToReference-SequenceTransformStatus = OK
Seq_Frame0149_Timestamp = 16.487
Seq_Frame0150_DriverToReference-SequenceTransform =-0.879699 0.149728 -0.451343 64.7325 -0.272749 0.618621 0.736828 272.498 0.389534 0.771291 -0.503363 186.865 0 0 0 1 
Seq_Frame0150_DriverToReference-SequenceTransformStatus = OK
Seq_Frame0150_Timestamp = 16.592
