ObjectType = Image
NDims = 3
AnatomicalOrientation = RAI
BinaryData = True
CompressedData = False
DimSize = 0 0 2723
ElementSpacing = 1 1 1
Offset = 0 0 0
TransformMatrix = 1 0 0 0 1 0 0 0 1
ElementType = MET_UCHAR
Kinds = domain domain list
Seq_Frame0000_ForcepToReference-SequenceTransform =0.155477 0.98609 0.0587737 54.6946 -0.959802 0.164871 -0.22715 14.7728 -0.23368 -0.0210944 0.972085 36.6269 0 0 0 1 
Seq_Frame0000_ForcepToReference-SequenceTransformStatus = OK
Seq_Frame0000_Timestamp = 0.00100017
Seq_Frame0001_ForcepToReference-SequenceTransform =0.155336 0.986069 0.0594863 54.7057 -0.959509 0.164928 -0.228345 14.6971 -0.234975 -0.0216073 0.971761 36.7343 0 0 0 1 
Seq_Frame0001_ForcepToReference-SequenceTransformStatus = OK
Seq_Frame0001_Timestamp = 0.102
Seq_Frame0002_ForcepToReference-SequenceTransform =0.155365 0.986072 0.0593611 54.692 -0.959725 0.164907 -0.227448 14.7338 -0.23407 -0.0216327 0.971979 36.6438 0 0 0 1 
Seq_Frame0002_ForcepToReference-SequenceTransformStatus = OK
Seq_Frame0002_Timestamp = 0.206
Seq_Frame0003_ForcepToReference-SequenceTransform =0.155414 0.986103 0.0587169 54.6933 -0.959703 0.164807 -0.227616 14.7616 -0.23413 -0.020976 0.971979 36.6489 0 0 0 1 
Seq_Frame0003_ForcepToReference-SequenceTransformStatus = OK
Seq_Frame0003_Timestamp = 0.312
Seq_Frame0004_ForcepToReference-SequenceTransform =0.155261 0.986145 0.0584036 54.7263 -0.959451 0.16461 -0.228819 14.7544 -0.235263 -0.0205086 0.971715 36.6357 0 0 0 1 
Seq_Frame0004_ForcepToReference-SequenceTransformStatus = OK
Seq_Frame0004_Timestamp = 0.416
Seq_Frame0005_ForcepToReference-SequenceTransform =0.155475 0.986038 0.0596397 54.7065 -0.959395 0.165107 -0.228696 14.732 -0.23535 -0.0216615 0.971669 36.6551 0 0 0 1 
Seq_Frame0005_ForcepToReference-SequenceTransformStatus = OK
Seq_Frame0005_Timestamp = 0.517
Seq_Frame0006_ForcepToReference-SequenceTransform =0.155496 0.986062 0.0591787 54.7022 -0.959704 0.164991 -0.227478 14.7509 -0.234071 -0.0214222 0.971983 36.6391 0 0 0 1 
Seq_Frame0006_ForcepToReference-SequenceTransformStatus = OK
Seq_Frame0006_Timestamp = 0.627
Seq_Frame0007_ForcepToReference-SequenceTransform =0.154974 0.986219 0.0579244 54.6993 -0.959799 0.164194 -0.227654 14.714 -0.234027 -0.0203152 0.972018 36.713 0 0 0 1 
Seq_Frame0007_ForcepToReference-SequenceTransformStatus = OK
Seq_Frame0007_Timestamp = 0.737
Seq_Frame0008_ForcepToReference-SequenceTransform =0.155272 0.986161 0.0581116 54.7061 -0.959742 0.164527 -0.227655 14.7495 -0.234065 -0.0204238 0.972006 36.6635 0 0 0 1 
Seq_Frame0008_ForcepToReference-SequenceTransformStatus = OK
Seq_Frame0008_Timestamp = 0.837
Seq_Frame0009_ForcepToReference-SequenceTransform =0.154945 0.986232 0.0577786 54.6958 -0.959725 0.164138 -0.228007 14.7028 -0.234351 -0.0201232 0.971944 36.694 0 0 0 1 
Seq_Frame0009_ForcepToReference-SequenceTransformStatus = OK
Seq_Frame0009_Timestamp = 0.938
Seq_Frame0010_ForcepToReference-SequenceTransform =0.155427 0.986121 0.0583767 54.7112 -0.959699 0.16474 -0.227678 14.7719 -0.234136 -0.0206368 0.971985 36.6382 0 0 0 1 
Seq_Frame0010_ForcepToReference-SequenceTransformStatus = OK
Seq_Frame0010_Timestamp = 1.047
Seq_Frame0011_ForcepToReference-SequenceTransform =0.15555 0.986071 0.0588976 54.7096 -0.959657 0.164983 -0.227681 14.7702 -0.234227 -0.0211057 0.971953 36.665 0 0 0 1 
Seq_Frame0011_ForcepToReference-SequenceTransformStatus = OK
Seq_Frame0011_Timestamp = 1.151
Seq_Frame0012_ForcepToReference-SequenceTransform =0.15561 0.985972 0.0603761 54.7218 -0.959158 0.165429 -0.229455 14.7048 -0.236224 -0.0222047 0.971445 36.6651 0 0 0 1 
Seq_Frame0012_ForcepToReference-SequenceTransformStatus = OK
Seq_Frame0012_Timestamp = 1.252
Seq_Frame0013_ForcepToReference-SequenceTransform =0.155339 0.986043 0.0599049 54.6774 -0.959828 0.164997 -0.226949 14.7505 -0.233666 -0.0222444 0.972062 36.5837 0 0 0 1 
Seq_Frame0013_ForcepToReference-SequenceTransformStatus = OK
Seq_Frame0013_Timestamp = 1.361
Seq_Frame0014_ForcepToReference-SequenceTransform =0.155502 0.985964 0.0607812 54.6814 -0.959214 0.165414 -0.229231 14.6885 -0.236067 -0.0226565 0.971473 36.6761 0 0 0 1 
Seq_Frame0014_ForcepToReference-SequenceTransformStatus = OK
Seq_Frame0014_Timestamp = 1.462
Seq_Frame0015_ForcepToReference-SequenceTransform =0.154789 0.98624 0.0580665 54.7092 -0.959982 0.164033 -0.226996 14.7224 -0.233397 -0.0206063 0.972163 36.7047 0 0 0 1 
Seq_Frame0015_ForcepToReference-SequenceTransformStatus = OK
Seq_Frame0015_Timestamp = 1.567
Seq_Frame0016_ForcepToReference-SequenceTransform =0.15373 0.986519 0.056102 54.678 -0.961171 0.162465 -0.223059 14.7004 -0.229167 -0.0196328 0.973189 36.7427 0 0 0 1 
Seq_Frame0016_ForcepToReference-SequenceTransformStatus = OK
Seq_Frame0016_Timestamp = 1.668
Seq_Frame0017_ForcepToReference-SequenceTransform =0.155921 0.985897 0.0607966 54.683 -0.959408 0.165801 -0.228138 14.7546 -0.235001 -0.0227571 0.971729 36.7142 0 0 0 1 
Seq_Frame0017_ForcepToReference-SequenceTransformStatus = OK
Seq_Frame0017_Timestamp = 1.776
Seq_Frame0018_ForcepToReference-SequenceTransform =0.155511 0.986014 0.0599442 54.6751 -0.960331 0.165122 -0.22472 14.8008 -0.231475 -0.0226199 0.972578 36.5747 0 0 0 1 
Seq_Frame0018_ForcepToReference-SequenceTransformStatus = OK
Seq_Frame0018_Timestamp = 1.876
Seq_Frame0019_ForcepToReference-SequenceTransform =0.154885 0.986258 0.0574932 54.6898 -0.960358 0.16396 -0.225455 14.7936 -0.231783 -0.0202947 0.972556 36.5784 0 0 0 1 
Seq_Frame0019_ForcepToReference-SequenceTransformStatus = OK
Seq_Frame0019_Timestamp = 1.981
Seq_Frame0020_ForcepToReference-SequenceTransform =0.156673 0.985796 0.0604897 54.7214 -0.960695 0.166323 -0.222266 15.0081 -0.22917 -0.0232889 0.973108 36.5466 0 0 0 1 
Seq_Frame0020_ForcepToReference-SequenceTransformStatus = OK
Seq_Frame0020_Timestamp = 2.086
Seq_Frame0021_ForcepToReference-SequenceTransform =0.155265 0.986165 0.0580615 54.6705 -0.960129 0.164475 -0.226055 14.7892 -0.232477 -0.020648 0.972383 36.585 0 0 0 1 
Seq_Frame0021_ForcepToReference-SequenceTransformStatus = OK
Seq_Frame0021_Timestamp = 2.186
Seq_Frame0022_ForcepToReference-SequenceTransform =0.155522 0.986091 0.0586374 54.6663 -0.96025 0.164842 -0.225271 14.837 -0.231804 -0.0212719 0.97253 36.5445 0 0 0 1 
Seq_Frame0022_ForcepToReference-SequenceTransformStatus = OK
Seq_Frame0022_Timestamp = 2.287
Seq_Frame0023_ForcepToReference-SequenceTransform =0.15481 0.986214 0.0584483 54.6568 -0.95997 0.164142 -0.226969 14.7184 -0.233433 -0.0209716 0.972147 36.5962 0 0 0 1 
Seq_Frame0023_ForcepToReference-SequenceTransformStatus = OK
Seq_Frame0023_Timestamp = 2.396
Seq_Frame0024_ForcepToReference-SequenceTransform =0.154441 0.986279 0.0583193 54.6736 -0.960694 0.163692 -0.224214 14.7444 -0.230684 -0.0213993 0.972793 36.6048 0 0 0 1 
Seq_Frame0024_ForcepToReference-SequenceTransformStatus = OK
Seq_Frame0024_Timestamp = 2.502
Seq_Frame0025_ForcepToReference-SequenceTransform =0.154998 0.986153 0.0589716 54.6964 -0.959829 0.164455 -0.227338 14.7467 -0.233889 -0.0213657 0.972029 36.6267 0 0 0 1 
Seq_Frame0025_ForcepToReference-SequenceTransformStatus = OK
Seq_Frame0025_Timestamp = 2.617
Seq_Frame0026_ForcepToReference-SequenceTransform =0.154658 0.986272 0.0578596 54.6899 -0.960254 0.163836 -0.225986 14.7431 -0.232363 -0.0206094 0.972411 36.6546 0 0 0 1 
Seq_Frame0026_ForcepToReference-SequenceTransformStatus = OK
Seq_Frame0026_Timestamp = 2.722
Seq_Frame0027_ForcepToReference-SequenceTransform =0.155023 0.986147 0.0590064 54.683 -0.960044 0.164468 -0.226422 14.7435 -0.23299 -0.0215481 0.97224 36.6838 0 0 0 1 
Seq_Frame0027_ForcepToReference-SequenceTransformStatus = OK
Seq_Frame0027_Timestamp = 2.832
Seq_Frame0028_ForcepToReference-SequenceTransform =0.154964 0.986174 0.0587177 54.681 -0.960024 0.164346 -0.226591 14.734 -0.233108 -0.021257 0.972218 36.6695 0 0 0 1 
Seq_Frame0028_ForcepToReference-SequenceTransformStatus = OK
Seq_Frame0028_Timestamp = 2.936
Seq_Frame0029_ForcepToReference-SequenceTransform =0.155245 0.986064 0.0598087 54.6979 -0.959636 0.164903 -0.227829 14.7306 -0.234516 -0.0220253 0.971863 36.6334 0 0 0 1 
Seq_Frame0029_ForcepToReference-SequenceTransformStatus = OK
Seq_Frame0029_Timestamp = 3.046
Seq_Frame0030_ForcepToReference-SequenceTransform =0.155196 0.986057 0.0600444 54.6972 -0.95961 0.164913 -0.227928 14.7099 -0.234653 -0.0222455 0.971825 36.6761 0 0 0 1 
Seq_Frame0030_ForcepToReference-SequenceTransformStatus = OK
Seq_Frame0030_Timestamp = 3.147
Seq_Frame0031_ForcepToReference-SequenceTransform =0.154747 0.986201 0.0588209 54.6892 -0.959912 0.164173 -0.227194 14.679 -0.233716 -0.0213052 0.972072 36.7138 0 0 0 1 
Seq_Frame0031_ForcepToReference-SequenceTransformStatus = OK
Seq_Frame0031_Timestamp = 3.252
Seq_Frame0032_ForcepToReference-SequenceTransform =0.154782 0.986225 0.0583354 54.6875 -0.959889 0.164096 -0.227344 14.7085 -0.233785 -0.0208068 0.972066 36.692 0 0 0 1 
Seq_Frame0032_ForcepToReference-SequenceTransformStatus = OK
Seq_Frame0032_Timestamp = 3.356
Seq_Frame0033_ForcepToReference-SequenceTransform =0.153982 0.986435 0.056874 54.6955 -0.95993 0.162988 -0.227967 14.6874 -0.234145 -0.0194923 0.972006 36.6829 0 0 0 1 
Seq_Frame0033_ForcepToReference-SequenceTransformStatus = OK
Seq_Frame0033_Timestamp = 3.457
Seq_Frame0034_ForcepToReference-SequenceTransform =0.153952 0.986475 0.0562638 54.6892 -0.960018 0.162811 -0.227723 14.7066 -0.233803 -0.018956 0.972099 36.6268 0 0 0 1 
Seq_Frame0034_ForcepToReference-SequenceTransformStatus = OK
Seq_Frame0034_Timestamp = 3.557
Seq_Frame0035_ForcepToReference-SequenceTransform =0.154927 0.986139 0.0593969 54.6975 -0.960026 0.164467 -0.226497 14.7141 -0.233126 -0.021932 0.972199 36.7444 0 0 0 1 
Seq_Frame0035_ForcepToReference-SequenceTransformStatus = OK
Seq_Frame0035_Timestamp = 3.661
Seq_Frame0036_ForcepToReference-SequenceTransform =0.155178 0.98613 0.0588915 54.6766 -0.960086 0.164586 -0.226154 14.7549 -0.23271 -0.0214467 0.97231 36.6814 0 0 0 1 
Seq_Frame0036_ForcepToReference-SequenceTransformStatus = OK
Seq_Frame0036_Timestamp = 3.762
Seq_Frame0037_ForcepToReference-SequenceTransform =0.154594 0.986252 0.0583757 54.7194 -0.959673 0.163945 -0.228363 14.648 -0.234794 -0.020718 0.971824 36.7383 0 0 0 1 
Seq_Frame0037_ForcepToReference-SequenceTransformStatus = OK
Seq_Frame0037_Timestamp = 3.866
Seq_Frame0038_ForcepToReference-SequenceTransform =0.155038 0.98614 0.0590845 54.7259 -0.959524 0.164547 -0.228556 14.668 -0.23511 -0.0212583 0.971736 36.7438 0 0 0 1 
Seq_Frame0038_ForcepToReference-SequenceTransformStatus = OK
Seq_Frame0038_Timestamp = 3.967
Seq_Frame0039_ForcepToReference-SequenceTransform =0.155692 0.986055 0.0587879 54.665 -0.959892 0.165072 -0.226626 14.8045 -0.23317 -0.0211462 0.972206 36.5899 0 0 0 1 
Seq_Frame0039_ForcepToReference-SequenceTransformStatus = OK
Seq_Frame0039_Timestamp = 4.072
Seq_Frame0040_ForcepToReference-SequenceTransform =0.155131 0.986151 0.0586649 54.695 -0.960186 0.16448 -0.225807 14.7876 -0.232329 -0.0212997 0.972404 36.6592 0 0 0 1 
Seq_Frame0040_ForcepToReference-SequenceTransformStatus = OK
Seq_Frame0040_Timestamp = 4.177
Seq_Frame0041_ForcepToReference-SequenceTransform =0.154797 0.986197 0.0587569 54.6889 -0.960395 0.164161 -0.225151 14.7698 -0.231689 -0.021577 0.972551 36.6206 0 0 0 1 
Seq_Frame0041_ForcepToReference-SequenceTransformStatus = OK
Seq_Frame0041_Timestamp = 4.281
Seq_Frame0042_ForcepToReference-SequenceTransform =0.155087 0.986115 0.0593656 54.7194 -0.959928 0.164622 -0.226799 14.7875 -0.233423 -0.021813 0.972131 36.5865 0 0 0 1 
Seq_Frame0042_ForcepToReference-SequenceTransformStatus = OK
Seq_Frame0042_Timestamp = 4.383
Seq_Frame0043_ForcepToReference-SequenceTransform =0.155135 0.986131 0.0589743 54.7167 -0.959827 0.164587 -0.22725 14.7189 -0.233805 -0.0213508 0.972049 36.7375 0 0 0 1 
Seq_Frame0043_ForcepToReference-SequenceTransformStatus = OK
Seq_Frame0043_Timestamp = 4.486
Seq_Frame0044_ForcepToReference-SequenceTransform =0.155341 0.986092 0.0590872 54.6907 -0.960073 0.164788 -0.226062 14.7832 -0.232655 -0.0216113 0.972319 36.6942 0 0 0 1 
Seq_Frame0044_ForcepToReference-SequenceTransformStatus = OK
Seq_Frame0044_Timestamp = 4.588
Seq_Frame0045_ForcepToReference-SequenceTransform =0.154072 0.986529 0.0549772 54.6836 -0.960358 0.162604 -0.226435 14.7844 -0.232324 -0.0179105 0.972474 36.6123 0 0 0 1 
Seq_Frame0045_ForcepToReference-SequenceTransformStatus = OK
Seq_Frame0045_Timestamp = 4.692
Seq_Frame0046_ForcepToReference-SequenceTransform =0.1547 0.986383 0.0558319 54.6664 -0.960263 0.16341 -0.226258 14.808 -0.232301 -0.0186111 0.972466 36.5578 0 0 0 1 
Seq_Frame0046_ForcepToReference-SequenceTransformStatus = OK
Seq_Frame0046_Timestamp = 4.796
Seq_Frame0047_ForcepToReference-SequenceTransform =0.155084 0.986214 0.0577113 54.6837 -0.960135 0.16422 -0.226211 14.7743 -0.23257 -0.0203289 0.972367 36.6639 0 0 0 1 
Seq_Frame0047_ForcepToReference-SequenceTransformStatus = OK
Seq_Frame0047_Timestamp = 4.907
Seq_Frame0048_ForcepToReference-SequenceTransform =0.155374 0.986067 0.0594239 54.7046 -0.95992 0.164912 -0.226623 14.7896 -0.233265 -0.0218307 0.972168 36.6025 0 0 0 1 
Seq_Frame0048_ForcepToReference-SequenceTransformStatus = OK
Seq_Frame0048_Timestamp = 5.011
Seq_Frame0049_ForcepToReference-SequenceTransform =0.155408 0.986062 0.0594082 54.7117 -0.960151 0.164918 -0.225636 14.806 -0.232289 -0.0219752 0.972399 36.6712 0 0 0 1 
Seq_Frame0049_ForcepToReference-SequenceTransformStatus = OK
Seq_Frame0049_Timestamp = 5.112
Seq_Frame0050_ForcepToReference-SequenceTransform =0.155421 0.986081 0.0590717 54.7046 -0.960115 0.164857 -0.225833 14.8069 -0.232428 -0.0216165 0.972373 36.6452 0 0 0 1 
Seq_Frame0050_ForcepToReference-SequenceTransformStatus = OK
Seq_Frame0050_Timestamp = 5.222
Seq_Frame0051_ForcepToReference-SequenceTransform =0.154854 0.986192 0.0586985 54.6871 -0.9601 0.16423 -0.226357 14.723 -0.232871 -0.0213041 0.972274 36.6859 0 0 0 1 
Seq_Frame0051_ForcepToReference-SequenceTransformStatus = OK
Seq_Frame0051_Timestamp = 5.328
Seq_Frame0052_ForcepToReference-SequenceTransform =0.154966 0.98616 0.0589377 54.7038 -0.960006 0.164401 -0.226628 14.7511 -0.233181 -0.0214608 0.972196 36.6749 0 0 0 1 
Seq_Frame0052_ForcepToReference-SequenceTransformStatus = OK
Seq_Frame0052_Timestamp = 5.432
Seq_Frame0053_ForcepToReference-SequenceTransform =0.154969 0.986194 0.0583643 54.6907 -0.959896 0.164281 -0.22718 14.7482 -0.233632 -0.0208179 0.972102 36.6885 0 0 0 1 
Seq_Frame0053_ForcepToReference-SequenceTransformStatus = OK
Seq_Frame0053_Timestamp = 5.536
Seq_Frame0054_ForcepToReference-SequenceTransform =0.155056 0.986111 0.0595259 54.6818 -0.959963 0.164626 -0.22665 14.7367 -0.233301 -0.0219994 0.972156 36.6453 0 0 0 1 
Seq_Frame0054_ForcepToReference-SequenceTransformStatus = OK
Seq_Frame0054_Timestamp = 5.647
Seq_Frame0055_ForcepToReference-SequenceTransform =0.155311 0.98609 0.0591958 54.6959 -0.96008 0.164783 -0.226036 14.7907 -0.232646 -0.0217269 0.972319 36.6273 0 0 0 1 
Seq_Frame0055_ForcepToReference-SequenceTransformStatus = OK
Seq_Frame0055_Timestamp = 5.748
Seq_Frame0056_ForcepToReference-SequenceTransform =0.15474 0.986198 0.0589006 54.7041 -0.959806 0.164193 -0.227625 14.7015 -0.234154 -0.0213105 0.971966 36.6912 0 0 0 1 
Seq_Frame0056_ForcepToReference-SequenceTransformStatus = OK
Seq_Frame0056_Timestamp = 5.857
Seq_Frame0057_ForcepToReference-SequenceTransform =0.154896 0.986157 0.0591658 54.7062 -0.959549 0.164428 -0.228538 14.6935 -0.235103 -0.0213727 0.971735 36.6969 0 0 0 1 
Seq_Frame0057_ForcepToReference-SequenceTransformStatus = OK
Seq_Frame0057_Timestamp = 5.962
Seq_Frame0058_ForcepToReference-SequenceTransform =0.154665 0.98631 0.0571959 54.6898 -0.959498 0.163753 -0.229233 14.6581 -0.235461 -0.0194251 0.97169 36.7038 0 0 0 1 
Seq_Frame0058_ForcepToReference-SequenceTransformStatus = OK
Seq_Frame0058_Timestamp = 6.066
Seq_Frame0059_ForcepToReference-SequenceTransform =0.154573 0.986293 0.0577407 54.6846 -0.959932 0.163755 -0.227409 14.6667 -0.233747 -0.0202759 0.972086 36.7156 0 0 0 1 
Seq_Frame0059_ForcepToReference-SequenceTransformStatus = OK
Seq_Frame0059_Timestamp = 6.167
Seq_Frame0060_ForcepToReference-SequenceTransform =0.154609 0.986222 0.0588432 54.6954 -0.95963 0.164071 -0.228454 14.6216 -0.234961 -0.0211465 0.971775 36.7743 0 0 0 1 
Seq_Frame0060_ForcepToReference-SequenceTransformStatus = OK
Seq_Frame0060_Timestamp = 6.271
Seq_Frame0061_ForcepToReference-SequenceTransform =0.155322 0.986066 0.0595823 54.7019 -0.959532 0.164934 -0.228244 14.6999 -0.234891 -0.0217199 0.971779 36.6674 0 0 0 1 
Seq_Frame0061_ForcepToReference-SequenceTransformStatus = OK
Seq_Frame0061_Timestamp = 6.372
Seq_Frame0062_ForcepToReference-SequenceTransform =0.154525 0.986256 0.0584965 54.6951 -0.959801 0.163895 -0.227862 14.6463 -0.234318 -0.0209346 0.971935 36.7189 0 0 0 1 
Seq_Frame0062_ForcepToReference-SequenceTransformStatus = OK
Seq_Frame0062_Timestamp = 6.472
Seq_Frame0063_ForcepToReference-SequenceTransform =0.154989 0.986162 0.0588395 54.683 -0.959843 0.164415 -0.227308 14.6982 -0.233837 -0.0212465 0.972044 36.7199 0 0 0 1 
Seq_Frame0063_ForcepToReference-SequenceTransformStatus = OK
Seq_Frame0063_Timestamp = 6.573
Seq_Frame0064_ForcepToReference-SequenceTransform =0.155387 0.986064 0.0594399 54.6833 -0.959747 0.164944 -0.22733 14.725 -0.233966 -0.021723 0.972002 36.6741 0 0 0 1 
Seq_Frame0064_ForcepToReference-SequenceTransformStatus = OK
Seq_Frame0064_Timestamp = 6.676
Seq_Frame0065_ForcepToReference-SequenceTransform =0.154742 0.986199 0.05887 54.6964 -0.960159 0.164156 -0.226158 14.7302 -0.232701 -0.0215284 0.97231 36.6777 0 0 0 1 
Seq_Frame0065_ForcepToReference-SequenceTransformStatus = OK
Seq_Frame0065_Timestamp = 6.777
Seq_Frame0066_ForcepToReference-SequenceTransform =0.155062 0.986104 0.0596255 54.6995 -0.960155 0.164636 -0.225827 14.7586 -0.232505 -0.0222326 0.972341 36.6555 0 0 0 1 
Seq_Frame0066_ForcepToReference-SequenceTransformStatus = OK
Seq_Frame0066_Timestamp = 6.887
Seq_Frame0067_ForcepToReference-SequenceTransform =0.154567 0.986288 0.0578292 54.6954 -0.960163 0.163749 -0.226437 14.719 -0.232802 -0.0205258 0.972308 36.7094 0 0 0 1 
Seq_Frame0067_ForcepToReference-SequenceTransformStatus = OK
Seq_Frame0067_Timestamp = 6.996
Seq_Frame0068_ForcepToReference-SequenceTransform =0.154043 0.986463 0.0562312 54.691 -0.960309 0.162867 -0.226454 14.7438 -0.232547 -0.0191157 0.972397 36.6394 0 0 0 1 
Seq_Frame0068_ForcepToReference-SequenceTransformStatus = OK
Seq_Frame0068_Timestamp = 7.096
Seq_Frame0069_ForcepToReference-SequenceTransform =0.154967 0.986239 0.057607 54.6943 -0.959926 0.164102 -0.227185 14.7188 -0.233513 -0.0200922 0.972146 36.6695 0 0 0 1 
Seq_Frame0069_ForcepToReference-SequenceTransformStatus = OK
Seq_Frame0069_Timestamp = 7.201
Seq_Frame0070_ForcepToReference-SequenceTransform =0.154812 0.986264 0.0575945 54.679 -0.96025 0.163923 -0.225942 14.7318 -0.23228 -0.0203265 0.972437 36.6683 0 0 0 1 
Seq_Frame0070_ForcepToReference-SequenceTransformStatus = OK
Seq_Frame0070_Timestamp = 7.302
Seq_Frame0071_ForcepToReference-SequenceTransform =0.15534 0.986121 0.0586092 54.7009 -0.959836 0.164699 -0.227134 14.7305 -0.233634 -0.0209722 0.972098 36.7066 0 0 0 1 
Seq_Frame0071_ForcepToReference-SequenceTransformStatus = OK
Seq_Frame0071_Timestamp = 7.402
Seq_Frame0072_ForcepToReference-SequenceTransform =0.155583 0.986067 0.0588643 54.6809 -0.959643 0.165008 -0.227722 14.769 -0.234262 -0.0210589 0.971945 36.6294 0 0 0 1 
Seq_Frame0072_ForcepToReference-SequenceTransformStatus = OK
Seq_Frame0072_Timestamp = 7.507
Seq_Frame0073_ForcepToReference-SequenceTransform =0.154989 0.986209 0.0580475 54.6817 -0.959843 0.164233 -0.227442 14.7488 -0.233839 -0.0204654 0.97206 36.5372 0 0 0 1 
Seq_Frame0073_ForcepToReference-SequenceTransformStatus = OK
Seq_Frame0073_Timestamp = 7.611
Seq_Frame0074_ForcepToReference-SequenceTransform =0.154387 0.986385 0.0566535 54.6853 -0.959914 0.163327 -0.227793 14.6933 -0.233944 -0.0192142 0.97206 36.6955 0 0 0 1 
Seq_Frame0074_ForcepToReference-SequenceTransformStatus = OK
Seq_Frame0074_Timestamp = 7.715
Seq_Frame0075_ForcepToReference-SequenceTransform =0.154121 0.986483 0.0556659 54.6898 -0.960426 0.162803 -0.226002 14.7034 -0.23201 -0.0186314 0.972535 36.7031 0 0 0 1 
Seq_Frame0075_ForcepToReference-SequenceTransformStatus = OK
Seq_Frame0075_Timestamp = 7.821
Seq_Frame0076_ForcepToReference-SequenceTransform =0.153948 0.986531 0.0552885 54.6806 -0.960232 0.162566 -0.226997 14.7391 -0.232927 -0.0181439 0.972325 36.6509 0 0 0 1 
Seq_Frame0076_ForcepToReference-SequenceTransformStatus = OK
Seq_Frame0076_Timestamp = 7.922
Seq_Frame0077_ForcepToReference-SequenceTransform =0.154393 0.986445 0.0555735 54.6897 -0.960062 0.163072 -0.227351 14.8014 -0.233332 -0.0182527 0.972226 36.5324 0 0 0 1 
Seq_Frame0077_ForcepToReference-SequenceTransformStatus = OK
Seq_Frame0077_Timestamp = 8.024
Seq_Frame0078_ForcepToReference-SequenceTransform =0.1547 0.986266 0.0578539 54.7134 -0.960062 0.163891 -0.226761 14.729 -0.233129 -0.0204634 0.972231 36.6994 0 0 0 1 
Seq_Frame0078_ForcepToReference-SequenceTransformStatus = OK
Seq_Frame0078_Timestamp = 8.127
Seq_Frame0079_ForcepToReference-SequenceTransform =0.155092 0.986111 0.0594311 54.7165 -0.95974 0.164659 -0.227565 14.7265 -0.23419 -0.0217449 0.971948 36.6893 0 0 0 1 
Seq_Frame0079_ForcepToReference-SequenceTransformStatus = OK
Seq_Frame0079_Timestamp = 8.236
Seq_Frame0080_ForcepToReference-SequenceTransform =0.154516 0.986252 0.0585723 54.7062 -0.959946 0.163891 -0.22725 14.6554 -0.233725 -0.0211124 0.972073 36.804 0 0 0 1 
Seq_Frame0080_ForcepToReference-SequenceTransformStatus = OK
Seq_Frame0080_Timestamp = 8.351
Seq_Frame0081_ForcepToReference-SequenceTransform =0.154732 0.986185 0.0591387 54.7021 -0.959669 0.164254 -0.228158 14.6528 -0.23472 -0.0214502 0.971826 36.7965 0 0 0 1 
Seq_Frame0081_ForcepToReference-SequenceTransformStatus = OK
Seq_Frame0081_Timestamp = 8.452
Seq_Frame0082_ForcepToReference-SequenceTransform =0.154715 0.98624 0.058258 54.7045 -0.960132 0.163992 -0.22639 14.7461 -0.232829 -0.0209095 0.972293 36.6603 0 0 0 1 
Seq_Frame0082_ForcepToReference-SequenceTransformStatus = OK
Seq_Frame0082_Timestamp = 8.557
Seq_Frame0083_ForcepToReference-SequenceTransform =0.154967 0.986156 0.0590017 54.6878 -0.960021 0.164415 -0.226556 14.7448 -0.23312 -0.0215343 0.97221 36.6374 0 0 0 1 
Seq_Frame0083_ForcepToReference-SequenceTransformStatus = OK
Seq_Frame0083_Timestamp = 8.661
Seq_Frame0084_ForcepToReference-SequenceTransform =0.156056 0.985895 0.0604815 54.7235 -0.960096 0.16579 -0.225233 14.8535 -0.232083 -0.0229191 0.972426 36.6661 0 0 0 1 
Seq_Frame0084_ForcepToReference-SequenceTransformStatus = OK
Seq_Frame0084_Timestamp = 8.761
Seq_Frame0085_ForcepToReference-SequenceTransform =0.155384 0.986112 0.0586422 54.6833 -0.959999 0.164734 -0.226417 14.7893 -0.232933 -0.0211149 0.972264 36.6076 0 0 0 1 
Seq_Frame0085_ForcepToReference-SequenceTransformStatus = OK
Seq_Frame0085_Timestamp = 8.871
Seq_Frame0086_ForcepToReference-SequenceTransform =0.155331 0.986084 0.0592569 54.7103 -0.959954 0.164828 -0.226537 14.7893 -0.233152 -0.0216958 0.972198 36.6443 0 0 0 1 
Seq_Frame0086_ForcepToReference-SequenceTransformStatus = OK
Seq_Frame0086_Timestamp = 8.971
Seq_Frame0087_ForcepToReference-SequenceTransform =0.154899 0.986149 0.0592919 54.7109 -0.959927 0.164425 -0.226945 14.7138 -0.233551 -0.0217624 0.972101 36.724 0 0 0 1 
Seq_Frame0087_ForcepToReference-SequenceTransformStatus = OK
Seq_Frame0087_Timestamp = 9.076
Seq_Frame0088_ForcepToReference-SequenceTransform =0.155168 0.986132 0.0588823 54.7164 -0.959956 0.164586 -0.226705 14.7579 -0.233252 -0.021347 0.972182 36.7092 0 0 0 1 
Seq_Frame0088_ForcepToReference-SequenceTransformStatus = OK
Seq_Frame0088_Timestamp = 9.183
Seq_Frame0089_ForcepToReference-SequenceTransform =0.1551 0.986154 0.0586802 54.7038 -0.960161 0.164456 -0.225931 14.79 -0.232453 -0.0213006 0.972374 36.6363 0 0 0 1 
Seq_Frame0089_ForcepToReference-SequenceTransformStatus = OK
Seq_Frame0089_Timestamp = 9.286
Seq_Frame0090_ForcepToReference-SequenceTransform =0.155035 0.986184 0.0583572 54.715 -0.959899 0.164343 -0.227124 14.7395 -0.233577 -0.0208048 0.972116 36.6726 0 0 0 1 
Seq_Frame0090_ForcepToReference-SequenceTransformStatus = OK
Seq_Frame0090_Timestamp = 9.391
Seq_Frame0091_ForcepToReference-SequenceTransform =0.155353 0.986085 0.0591744 54.6996 -0.959955 0.16483 -0.226531 14.7621 -0.233133 -0.0216125 0.972205 36.7152 0 0 0 1 
Seq_Frame0091_ForcepToReference-SequenceTransformStatus = OK
Seq_Frame0091_Timestamp = 9.496
Seq_Frame0092_ForcepToReference-SequenceTransform =0.155174 0.986119 0.0590746 54.7066 -0.960031 0.164629 -0.226358 14.7625 -0.232942 -0.0215884 0.972251 36.6609 0 0 0 1 
Seq_Frame0092_ForcepToReference-SequenceTransformStatus = OK
Seq_Frame0092_Timestamp = 9.606
Seq_Frame0093_ForcepToReference-SequenceTransform =0.155041 0.986141 0.0590593 54.7147 -0.960033 0.164498 -0.226443 14.7564 -0.23302 -0.021591 0.972232 36.6763 0 0 0 1 
Seq_Frame0093_ForcepToReference-SequenceTransformStatus = OK
Seq_Frame0093_Timestamp = 9.708
Seq_Frame0094_ForcepToReference-SequenceTransform =0.155061 0.98611 0.0595187 54.718 -0.959885 0.164636 -0.226969 14.7549 -0.233615 -0.0219371 0.972082 36.6489 0 0 0 1 
Seq_Frame0094_ForcepToReference-SequenceTransformStatus = OK
Seq_Frame0094_Timestamp = 9.811
Seq_Frame0095_ForcepToReference-SequenceTransform =0.155969 0.985963 0.0595866 54.7247 -0.960341 0.165478 -0.224414 14.8766 -0.231124 -0.0222218 0.97267 36.6434 0 0 0 1 
Seq_Frame0095_ForcepToReference-SequenceTransformStatus = OK
Seq_Frame0095_Timestamp = 9.912
Seq_Frame0096_ForcepToReference-SequenceTransform =0.234509 0.972021 -0.0134011 53.8523 -0.947936 0.2256 -0.22477 13.7616 -0.215458 0.065414 0.97432 35.3367 0 0 0 1 
Seq_Frame0096_ForcepToReference-SequenceTransformStatus = OK
Seq_Frame0096_Timestamp = 10.013
Seq_Frame0097_ForcepToReference-SequenceTransform =0.488641 0.864933 -0.114543 66.9132 -0.869872 0.472809 -0.140621 25.6773 -0.0674707 0.168351 0.983415 44.8296 0 0 0 1 
Seq_Frame0097_ForcepToReference-SequenceTransformStatus = OK
Seq_Frame0097_Timestamp = 10.117
Seq_Frame0098_ForcepToReference-SequenceTransform =0.595528 0.761766 0.255067 52.5032 -0.733896 0.645031 -0.212911 71.549 -0.326714 -0.060398 0.943191 2.03898 0 0 0 1 
Seq_Frame0098_ForcepToReference-SequenceTransformStatus = OK
Seq_Frame0098_Timestamp = 10.224
Seq_Frame0099_ForcepToReference-SequenceTransform =0.842108 0.303969 0.445485 43.9291 -0.332758 0.942903 -0.0143552 170.086 -0.424413 -0.13615 0.895174 -7.09479 0 0 0 1 
Seq_Frame0099_ForcepToReference-SequenceTransformStatus = OK
Seq_Frame0099_Timestamp = 10.332
Seq_Frame0100_ForcepToReference-SequenceTransform =0.590853 0.445339 0.67273 32.0877 -0.456637 0.872028 -0.176211 208.523 -0.665113 -0.203079 0.718598 8.33287 0 0 0 1 
Seq_Frame0100_ForcepToReference-SequenceTransformStatus = OK
Seq_Frame0100_Timestamp = 10.436
Seq_Frame0101_ForcepToReference-SequenceTransform =0.509683 0.503424 0.697701 32.4984 -0.589786 0.794856 -0.142678 190.501 -0.626399 -0.338774 0.702037 28.2293 0 0 0 1 
Seq_Frame0101_ForcepToReference-SequenceTransformStatus = OK
Seq_Frame0101_Timestamp = 10.547
Seq_Frame0102_ForcepToReference-SequenceTransform =0.547121 0.407632 0.731091 28.4743 -0.484594 0.866409 -0.120429 201.262 -0.682515 -0.288393 0.671567 34.18 0 0 0 1 
Seq_Frame0102_ForcepToReference-SequenceTransformStatus = OK
Seq_Frame0102_Timestamp = 10.651
Seq_Frame0103_ForcepToReference-SequenceTransform =0.547121 0.407632 0.731091 28.4743 -0.484594 0.866409 -0.120429 201.262 -0.682515 -0.288393 0.671567 34.18 0 0 0 1 
Seq_Frame0103_ForcepToReference-SequenceTransformStatus = OK
Seq_Frame0103_Timestamp = 10.817
Seq_Frame0104_ForcepToReference-SequenceTransform =0.560424 -0.54722 0.621671 -23.3903 0.547346 0.808053 0.21786 239.193 -0.62156 0.218175 0.752371 104.031 0 0 0 1 
Seq_Frame0104_ForcepToReference-SequenceTransformStatus = OK
Seq_Frame0104_Timestamp = 10.921
Seq_Frame0105_ForcepToReference-SequenceTransform =0.524739 -0.543208 0.655419 -24.0019 0.552773 0.80296 0.222929 238.543 -0.647372 0.245318 0.721615 106.829 0 0 0 1 
Seq_Frame0105_ForcepToReference-SequenceTransformStatus = OK
Seq_Frame0105_Timestamp = 11.033
Seq_Frame0106_ForcepToReference-SequenceTransform =-0.77326 0.370583 -0.514525 -18.0668 0.572163 0.0580325 -0.818084 236.627 -0.273309 -0.926985 -0.256908 113.444 0 0 0 1 
Seq_Frame0106_ForcepToReference-SequenceTransformStatus = OK
Seq_Frame0106_Timestamp = 11.133
Seq_Frame0107_ForcepToReference-SequenceTransform =-0.758646 0.392951 -0.51966 -15.0972 0.585247 0.0605783 -0.808589 234.55 -0.286256 -0.917562 -0.275931 115.263 0 0 0 1 
Seq_Frame0107_ForcepToReference-SequenceTransformStatus = OK
Seq_Frame0107_Timestamp = 11.24
Seq_Frame0108_ForcepToReference-SequenceTransform =-0.738559 0.378283 -0.558061 -11.842 0.612687 0.031192 -0.78971 231.875 -0.281327 -0.925164 -0.254806 115.117 0 0 0 1 
Seq_Frame0108_ForcepToReference-SequenceTransformStatus = OK
Seq_Frame0108_Timestamp = 11.346
Seq_Frame0109_ForcepToReference-SequenceTransform =-0.738559 0.378283 -0.558061 -11.842 0.612687 0.031192 -0.78971 231.875 -0.281327 -0.925164 -0.254806 115.117 0 0 0 1 
Seq_Frame0109_ForcepToReference-SequenceTransformStatus = OK
Seq_Frame0109_Timestamp = 11.606
Seq_Frame0110_ForcepToReference-SequenceTransform =-0.738559 0.378283 -0.558061 -11.842 0.612687 0.031192 -0.78971 231.875 -0.281327 -0.925164 -0.254806 115.117 0 0 0 1 
Seq_Frame0110_ForcepToReference-SequenceTransformStatus = OK
Seq_Frame0110_Timestamp = 11.707
Seq_Frame0111_ForcepToReference-SequenceTransform =-0.738559 0.378283 -0.558061 -11.842 0.612687 0.031192 -0.78971 231.875 -0.281327 -0.925164 -0.254806 115.117 0 0 0 1 
Seq_Frame0111_ForcepToReference-SequenceTransformStatus = OK
Seq_Frame0111_Timestamp = 11.811
Seq_Frame0112_ForcepToReference-SequenceTransform =0.32335 -0.598897 0.732644 -69.3754 -0.0396214 0.764988 0.642824 237.275 -0.945449 -0.236886 0.22363 36.088 0 0 0 1 
Seq_Frame0112_ForcepToReference-SequenceTransformStatus = OK
Seq_Frame0112_Timestamp = 11.912
Seq_Frame0113_ForcepToReference-SequenceTransform =0.283706 -0.673407 0.682667 -74.5867 -0.190942 0.65799 0.728417 226.707 -0.939709 -0.337006 0.0580937 26.5794 0 0 0 1 
Seq_Frame0113_ForcepToReference-SequenceTransformStatus = OK
Seq_Frame0113_Timestamp = 12.023
Seq_Frame0114_ForcepToReference-SequenceTransform =0.264093 -0.626452 0.733357 -70.2328 0.138019 0.777072 0.614092 256.259 -0.954571 -0.0609602 0.291682 49.6729 0 0 0 1 
Seq_Frame0114_ForcepToReference-SequenceTransformStatus = OK
Seq_Frame0114_Timestamp = 12.187
Seq_Frame0115_ForcepToReference-SequenceTransform =0.264093 -0.626452 0.733357 -70.2328 0.138019 0.777072 0.614092 256.259 -0.954571 -0.0609602 0.291682 49.6729 0 0 0 1 
Seq_Frame0115_ForcepToReference-SequenceTransformStatus = OK
Seq_Frame0115_Timestamp = 12.296
Seq_Frame0116_ForcepToReference-SequenceTransform =0.264093 -0.626452 0.733357 -70.2328 0.138019 0.777072 0.614092 256.259 -0.954571 -0.0609602 0.291682 49.6729 0 0 0 1 
Seq_Frame0116_ForcepToReference-SequenceTransformStatus = OK
Seq_Frame0116_Timestamp = 12.402
Seq_Frame0117_ForcepToReference-SequenceTransform =0.29906 -0.784128 0.543789 -83.3936 0.826787 0.497451 0.262613 304.894 -0.476431 0.371061 0.797074 121.506 0 0 0 1 
Seq_Frame0117_ForcepToReference-SequenceTransformStatus = OK
Seq_Frame0117_Timestamp = 12.511
Seq_Frame0118_ForcepToReference-SequenceTransform =0.293268 -0.838244 0.459719 -82.6777 0.87222 0.431481 0.230339 301.535 -0.39144 0.333425 0.857673 128.675 0 0 0 1 
Seq_Frame0118_ForcepToReference-SequenceTransformStatus = OK
Seq_Frame0118_Timestamp = 12.615
Seq_Frame0119_ForcepToReference-SequenceTransform =0.306196 -0.851059 0.426547 -78.8537 0.882458 0.421824 0.208165 295.624 -0.357088 0.31267 0.880185 133.112 0 0 0 1 
Seq_Frame0119_ForcepToReference-SequenceTransformStatus = OK
Seq_Frame0119_Timestamp = 12.721
Seq_Frame0120_ForcepToReference-SequenceTransform =0.291957 -0.877752 0.379885 -78.6957 0.894136 0.39149 0.217385 292.563 -0.339531 0.276202 0.899128 134.893 0 0 0 1 
Seq_Frame0120_ForcepToReference-SequenceTransformStatus = OK
Seq_Frame0120_Timestamp = 12.822
Seq_Frame0121_ForcepToReference-SequenceTransform =0.260541 -0.889893 0.374444 -79.8942 0.914509 0.351805 0.199767 293.783 -0.309503 0.290385 0.905475 140.111 0 0 0 1 
Seq_Frame0121_ForcepToReference-SequenceTransformStatus = OK
Seq_Frame0121_Timestamp = 12.927
Seq_Frame0122_ForcepToReference-SequenceTransform =0.283908 -0.868286 0.406787 -75.3644 0.90662 0.381197 0.18091 290.302 -0.312147 0.31744 0.895431 139.267 0 0 0 1 
Seq_Frame0122_ForcepToReference-SequenceTransformStatus = OK
Seq_Frame0122_Timestamp = 13.027
Seq_Frame0123_ForcepToReference-SequenceTransform =0.266187 -0.853815 0.447375 -77.258 0.895783 0.390513 0.212305 289.266 -0.355975 0.344237 0.868782 131.222 0 0 0 1 
Seq_Frame0123_ForcepToReference-SequenceTransformStatus = OK
Seq_Frame0123_Timestamp = 13.137
Seq_Frame0124_ForcepToReference-SequenceTransform =0.258574 -0.799398 0.542312 -72.4062 0.845513 0.458798 0.273152 284.835 -0.467169 0.387902 0.794535 120.116 0 0 0 1 
Seq_Frame0124_ForcepToReference-SequenceTransformStatus = OK
Seq_Frame0124_Timestamp = 13.241
Seq_Frame0125_ForcepToReference-SequenceTransform =0.248499 -0.671217 0.698367 -65.911 0.707403 0.618271 0.342522 283.462 -0.661686 0.408911 0.628461 105.78 0 0 0 1 
Seq_Frame0125_ForcepToReference-SequenceTransformStatus = OK
Seq_Frame0125_Timestamp = 13.346
Seq_Frame0126_ForcepToReference-SequenceTransform =0.22497 0.102212 0.96899 -22.5544 -0.43768 0.899105 0.0067752 239.769 -0.870531 -0.425631 0.247008 51.152 0 0 0 1 
Seq_Frame0126_ForcepToReference-SequenceTransformStatus = OK
Seq_Frame0126_Timestamp = 13.486
Seq_Frame0127_ForcepToReference-SequenceTransform =-0.200541 -0.36016 -0.911081 -4.21008 0.842267 -0.538362 0.0274264 230.665 -0.500369 -0.761874 0.411315 67.4768 0 0 0 1 
Seq_Frame0127_ForcepToReference-SequenceTransformStatus = OK
Seq_Frame0127_Timestamp = 13.711
Seq_Frame0128_ForcepToReference-SequenceTransform =-0.200541 -0.36016 -0.911081 -4.21008 0.842267 -0.538362 0.0274264 230.665 -0.500369 -0.761874 0.411315 67.4768 0 0 0 1 
Seq_Frame0128_ForcepToReference-SequenceTransformStatus = OK
Seq_Frame0128_Timestamp = 13.821
Seq_Frame0129_ForcepToReference-SequenceTransform =-0.200541 -0.36016 -0.911081 -4.21008 0.842267 -0.538362 0.0274264 230.665 -0.500369 -0.761874 0.411315 67.4768 0 0 0 1 
Seq_Frame0129_ForcepToReference-SequenceTransformStatus = OK
Seq_Frame0129_Timestamp = 13.926
Seq_Frame0130_ForcepToReference-SequenceTransform =-0.200541 -0.36016 -0.911081 -4.21008 0.842267 -0.538362 0.0274264 230.665 -0.500369 -0.761874 0.411315 67.4768 0 0 0 1 
Seq_Frame0130_ForcepToReference-SequenceTransformStatus = OK
Seq_Frame0130_Timestamp = 14.027
Seq_Frame0131_ForcepToReference-SequenceTransform =-0.200541 -0.36016 -0.911081 -4.21008 0.842267 -0.538362 0.0274264 230.665 -0.500369 -0.761874 0.411315 67.4768 0 0 0 1 
Seq_Frame0131_ForcepToReference-SequenceTransformStatus = OK
Seq_Frame0131_Timestamp = 14.132
Seq_Frame0132_ForcepToReference-SequenceTransform =-0.200541 -0.36016 -0.911081 -4.21008 0.842267 -0.538362 0.0274264 230.665 -0.500369 -0.761874 0.411315 67.4768 0 0 0 1 
Seq_Frame0132_ForcepToReference-SequenceTransformStatus = OK
Seq_Frame0132_Timestamp = 14.236
Seq_Frame0133_ForcepToReference-SequenceTransform =-0.428528 0.879258 -0.20801 62.7203 0.877418 0.350021 -0.328059 287.312 -0.21564 -0.323094 -0.921471 255.471 0 0 0 1 
Seq_Frame0133_ForcepToReference-SequenceTransformStatus = OK
Seq_Frame0133_Timestamp = 14.811
Seq_Frame0134_ForcepToReference-SequenceTransform =-0.35194 0.919505 -0.17507 60.2678 0.913729 0.296917 -0.277379 284.682 -0.20307 -0.257587 -0.944675 249.338 0 0 0 1 
Seq_Frame0134_ForcepToReference-SequenceTransformStatus = OK
Seq_Frame0134_Timestamp = 14.912
Seq_Frame0135_ForcepToReference-SequenceTransform =-0.35194 0.919505 -0.17507 60.2678 0.913729 0.296917 -0.277379 284.682 -0.20307 -0.257587 -0.944675 249.338 0 0 0 1 
Seq_Frame0135_ForcepToReference-SequenceTransformStatus = OK
Seq_Frame0135_Timestamp = 15.016
Seq_Frame0136_ForcepToReference-SequenceTransform =-0.35194 0.919505 -0.17507 60.2678 0.913729 0.296917 -0.277379 284.682 -0.20307 -0.257587 -0.944675 249.338 0 0 0 1 
Seq_Frame0136_ForcepToReference-SequenceTransformStatus = OK
Seq_Frame0136_Timestamp = 15.117
Seq_Frame0137_ForcepToReference-SequenceTransform =-0.35194 0.919505 -0.17507 60.2678 0.913729 0.296917 -0.277379 284.682 -0.20307 -0.257587 -0.944675 249.338 0 0 0 1 
Seq_Frame0137_ForcepToReference-SequenceTransformStatus = OK
Seq_Frame0137_Timestamp = 15.218
Seq_Frame0138_ForcepToReference-SequenceTransform =-0.35194 0.919505 -0.17507 60.2678 0.913729 0.296917 -0.277379 284.682 -0.20307 -0.257587 -0.944675 249.338 0 0 0 1 
Seq_Frame0138_ForcepToReference-SequenceTransformStatus = OK
Seq_Frame0138_Timestamp = 15.326
Seq_Frame0139_ForcepToReference-SequenceTransform =-0.35194 0.919505 -0.17507 60.2678 0.913729 0.296917 -0.277379 284.682 -0.20307 -0.257587 -0.944675 249.338 0 0 0 1 
Seq_Frame0139_ForcepToReference-SequenceTransformStatus = OK
Seq_Frame0139_Timestamp = 15.427
Seq_Frame0140_ForcepToReference-SequenceTransform =-0.35194 0.919505 -0.17507 60.2678 0.913729 0.296917 -0.277379 284.682 -0.20307 -0.257587 -0.944675 249.338 0 0 0 1 
Seq_Frame0140_ForcepToReference-SequenceTransformStatus = OK
Seq_Frame0140_Timestamp = 15.536
Seq_Frame0141_ForcepToReference-SequenceTransform =-0.35194 0.919505 -0.17507 60.2678 0.913729 0.296917 -0.277379 284.682 -0.20307 -0.257587 -0.944675 249.338 0 0 0 1 
Seq_Frame0141_ForcepToReference-SequenceTransformStatus = OK
Seq_Frame0141_Timestamp = 15.637
Seq_Frame0142_ForcepToReference-SequenceTransform =0.306387 -0.651076 0.694426 -28.8731 0.0826532 0.744951 0.661979 249.233 -0.948312 -0.145425 0.282057 6.29693 0 0 0 1 
Seq_Frame0142_ForcepToReference-SequenceTransformStatus = OK
Seq_Frame0142_Timestamp = 15.747
Seq_Frame0143_ForcepToReference-SequenceTransform =0.374826 -0.633943 0.676477 -21.5821 -0.0512568 0.714387 0.697871 232.817 -0.925677 -0.296254 0.235277 -4.91009 0 0 0 1 
Seq_Frame0143_ForcepToReference-SequenceTransformStatus = OK
Seq_Frame0143_Timestamp = 15.847
Seq_Frame0144_ForcepToReference-SequenceTransform =0.388227 -0.612413 0.688644 -16.818 -0.000200266 0.7472 0.6646 233.743 -0.921564 -0.258153 0.28996 2.73533 0 0 0 1 
Seq_Frame0144_ForcepToReference-SequenceTransformStatus = OK
Seq_Frame0144_Timestamp = 15.952
Seq_Frame0145_ForcepToReference-SequenceTransform =0.366862 -0.614079 0.698799 -17.7117 0.0967149 0.77228 0.627877 242.22 -0.925234 -0.16276 0.342711 14.7489 0 0 0 1 
Seq_Frame0145_ForcepToReference-SequenceTransformStatus = OK
Seq_Frame0145_Timestamp = 16.061
Seq_Frame0146_ForcepToReference-SequenceTransform =0.366862 -0.614079 0.698799 -17.7117 0.0967149 0.77228 0.627877 242.22 -0.925234 -0.16276 0.342711 14.7489 0 0 0 1 
Seq_Frame0146_ForcepToReference-SequenceTransformStatus = OK
Seq_Frame0146_Timestamp = 16.167
Seq_Frame0147_ForcepToReference-SequenceTransform =-0.26171 0.789302 -0.555436 57.0863 0.964487 0.235151 -0.120284 253.944 0.0356711 -0.567191 -0.822814 190.358 0 0 0 1 
Seq_Frame0147_ForcepToReference-SequenceTransformStatus = OK
Seq_Frame0147_Timestamp = 16.276
Seq_Frame0148_ForcepToReference-SequenceTransform =-0.186487 0.837196 -0.514125 56.4798 0.980902 0.188099 -0.0495007 255.952 0.0552648 -0.513538 -0.856286 189.659 0 0 0 1 
Seq_Frame0148_ForcepToReference-SequenceTransformStatus = OK
Seq_Frame0148_Timestamp = 16.376
Seq_Frame0149_ForcepToReference-SequenceTransform =-0.186487 0.837196 -0.514125 56.4798 0.980902 0.188099 -0.0495007 255.952 0.0552648 -0.513538 -0.856286 189.659 0 0 0 1 
Seq_Frame0149_ForcepToReference-SequenceTransformStatus = OK
Seq_Frame0149_Timestamp = 16.487
Seq_Frame0150_ForcepToReference-SequenceTransform =0.402052 -0.662883 0.631618 -24.5994 0.0419338 0.702434 0.710512 244.029 -0.914656 -0.259177 0.310212 9.61741 0 0 0 1 
Seq_Frame0150_ForcepToReference-SequenceTransformStatus = OK
Seq_Frame0150_Timestamp = 16.592
