ObjectType = Image
NDims = 3
AnatomicalOrientation = RAI
BinaryData = True
CompressedData = False
DimSize = 0 0 423
ElementSpacing = 1 1 1
Offset = 0 0 0
TransformMatrix = 1 0 0 0 1 0 0 0 1
ElementType = MET_UCHAR
Kinds = domain domain list
Seq_Frame0000_DriverToReference-SequenceTransform =-0.92213 -0.376368 0.0895765 26.4301 -0.133765 0.52742 0.839008 53.4027 -0.363021 0.761692 -0.536694 83.4321 0 0 0 1 
Seq_Frame0000_DriverToReference-SequenceTransformStatus = OK
Seq_Frame0000_Timestamp = 0.017
Seq_Frame0001_DriverToReference-SequenceTransform =-0.921164 -0.378875 0.0889458 26.1122 -0.138241 0.532195 0.835259 54.0093 -0.363795 0.757114 -0.542615 82.7484 0 0 0 1 
Seq_Frame0001_DriverToReference-SequenceTransformStatus = OK
Seq_Frame0001_Timestamp = 0.131
Seq_Frame0002_DriverToReference-SequenceTransform =-0.921791 -0.377314 0.0890803 26.2173 -0.136039 0.529965 0.837037 53.646 -0.363035 0.759455 -0.539846 83.0756 0 0 0 1 
Seq_Frame0002_DriverToReference-SequenceTransformStatus = OK
Seq_Frame0002_Timestamp = 0.242
Seq_Frame0003_DriverToReference-SequenceTransform =-0.924159 -0.370385 0.0935131 27.1522 -0.113004 0.498902 0.859259 48.7474 -0.36491 0.783525 -0.50292 86.9642 0 0 0 1 
Seq_Frame0003_DriverToReference-SequenceTransformStatus = OK
Seq_Frame0003_Timestamp = 0.345
Seq_Frame0004_DriverToReference-SequenceTransform =-0.937191 -0.324424 -0.128145 47.9601 -0.305518 0.586189 0.75036 142.73 -0.168317 0.742382 -0.648489 87.303 0 0 0 1 
Seq_Frame0004_DriverToReference-SequenceTransformStatus = OK
Seq_Frame0004_Timestamp = 1.116
Seq_Frame0005_DriverToReference-SequenceTransform =-0.931516 -0.301555 -0.203327 47.1181 -0.346308 0.564615 0.749187 171.603 -0.11112 0.768293 -0.630379 105.502 0 0 0 1 
Seq_Frame0005_DriverToReference-SequenceTransformStatus = OK
Seq_Frame0005_Timestamp = 1.225
Seq_Frame0006_DriverToReference-SequenceTransform =-0.914205 -0.289372 -0.283713 44.7287 -0.394735 0.47739 0.785037 201.834 -0.0917263 0.829676 -0.550658 122.859 0 0 0 1 
Seq_Frame0006_DriverToReference-SequenceTransformStatus = OK
Seq_Frame0006_Timestamp = 1.33
Seq_Frame0007_DriverToReference-SequenceTransform =-0.718127 -0.472794 -0.510646 42.3673 -0.695886 0.494199 0.521067 221.029 0.0060036 0.729544 -0.683908 141.812 0 0 0 1 
Seq_Frame0007_DriverToReference-SequenceTransformStatus = OK
Seq_Frame0007_Timestamp = 1.435
Seq_Frame0008_DriverToReference-SequenceTransform =-0.702813 -0.522758 -0.482471 41.8555 -0.711235 0.529796 0.462018 240.869 0.0140877 0.667862 -0.744152 160.763 0 0 0 1 
Seq_Frame0008_DriverToReference-SequenceTransformStatus = OK
Seq_Frame0008_Timestamp = 1.54
Seq_Frame0009_DriverToReference-SequenceTransform =-0.633775 -0.378789 -0.674425 37.377 -0.740253 0.549949 0.386758 256.32 0.2244 0.744362 -0.628944 181.826 0 0 0 1 
Seq_Frame0009_DriverToReference-SequenceTransformStatus = OK
Seq_Frame0009_Timestamp = 1.645
Seq_Frame0010_DriverToReference-SequenceTransform =-0.749944 -0.388986 -0.535046 39.5542 -0.653103 0.563871 0.505476 256.658 0.105074 0.728519 -0.676919 200.116 0 0 0 1 
Seq_Frame0010_DriverToReference-SequenceTransformStatus = OK
Seq_Frame0010_Timestamp = 1.755
Seq_Frame0011_DriverToReference-SequenceTransform =-0.763033 -0.363458 -0.53449 41.1421 -0.623543 0.631689 0.460611 256.151 0.170219 0.684739 -0.708632 203.875 0 0 0 1 
Seq_Frame0011_DriverToReference-SequenceTransformStatus = OK
Seq_Frame0011_Timestamp = 1.86
Seq_Frame0012_DriverToReference-SequenceTransform =-0.756357 -0.337323 -0.560479 40.2032 -0.618481 0.64784 0.444729 257.661 0.213084 0.68302 -0.698627 203.636 0 0 0 1 
Seq_Frame0012_DriverToReference-SequenceTransformStatus = OK
Seq_Frame0012_Timestamp = 1.965
Seq_Frame0013_DriverToReference-SequenceTransform =-0.778275 -0.356726 -0.516755 37.1953 -0.583926 0.71379 0.386696 258.793 0.23091 0.602702 -0.763826 204.608 0 0 0 1 
Seq_Frame0013_DriverToReference-SequenceTransformStatus = OK
Seq_Frame0013_Timestamp = 2.07
Seq_Frame0014_DriverToReference-SequenceTransform =-0.775635 -0.357059 -0.52048 34.2213 -0.576235 0.737085 0.35307 255.967 0.257571 0.573772 -0.777459 203.8 0 0 0 1 
Seq_Frame0014_DriverToReference-SequenceTransformStatus = OK
Seq_Frame0014_Timestamp = 2.181
Seq_Frame0015_DriverToReference-SequenceTransform =-0.752029 -0.407454 -0.518105 33.7286 -0.586299 0.772678 0.243355 248.095 0.301173 0.486775 -0.819967 204.404 0 0 0 1 
Seq_Frame0015_DriverToReference-SequenceTransformStatus = OK
Seq_Frame0015_Timestamp = 2.285
Seq_Frame0016_DriverToReference-SequenceTransform =-0.847445 -0.497702 -0.184739 49.6439 -0.519452 0.849197 0.0950502 236.715 0.109573 0.176513 -0.97818 222.932 0 0 0 1 
Seq_Frame0016_DriverToReference-SequenceTransformStatus = OK
Seq_Frame0016_Timestamp = 2.395
Seq_Frame0017_DriverToReference-SequenceTransform =-0.862846 -0.463279 -0.202159 46.3986 -0.498419 0.846359 0.187763 235.01 0.0841123 0.26277 -0.961185 222.666 0 0 0 1 
Seq_Frame0017_DriverToReference-SequenceTransformStatus = OK
Seq_Frame0017_Timestamp = 2.5
Seq_Frame0018_DriverToReference-SequenceTransform =-0.865373 -0.452221 -0.215927 42.8864 -0.49042 0.85283 0.179359 232.271 0.103039 0.261107 -0.959795 219.749 0 0 0 1 
Seq_Frame0018_DriverToReference-SequenceTransformStatus = OK
Seq_Frame0018_Timestamp = 2.61
Seq_Frame0019_DriverToReference-SequenceTransform =-0.910611 -0.359942 -0.203049 39.8366 -0.39786 0.89645 0.195156 230.757 0.111778 0.258496 -0.959524 216.549 0 0 0 1 
Seq_Frame0019_DriverToReference-SequenceTransformStatus = OK
Seq_Frame0019_Timestamp = 2.715
Seq_Frame0020_DriverToReference-SequenceTransform =-0.950616 -0.260847 -0.168193 30.3606 -0.296393 0.923748 0.242571 222.843 0.0920939 0.280443 -0.955442 206.815 0 0 0 1 
Seq_Frame0020_DriverToReference-SequenceTransformStatus = OK
Seq_Frame0020_Timestamp = 2.821
Seq_Frame0021_DriverToReference-SequenceTransform =-0.970029 -0.22001 -0.103147 33.555 -0.238676 0.942331 0.234619 211.28 0.0455798 0.252206 -0.9666 202.997 0 0 0 1 
Seq_Frame0021_DriverToReference-SequenceTransformStatus = OK
Seq_Frame0021_Timestamp = 2.925
Seq_Frame0022_DriverToReference-SequenceTransform =-0.982346 -0.183035 -0.03866 40.8445 -0.187073 0.961137 0.203027 208.198 -3.53921e-06 0.206675 -0.97841 207.753 0 0 0 1 
Seq_Frame0022_DriverToReference-SequenceTransformStatus = OK
Seq_Frame0022_Timestamp = 3.032
Seq_Frame0023_DriverToReference-SequenceTransform =-0.985399 -0.169276 0.0182657 45.6129 -0.163338 0.970168 0.179151 207.627 -0.0480467 0.173552 -0.983652 212.696 0 0 0 1 
Seq_Frame0023_DriverToReference-SequenceTransformStatus = OK
Seq_Frame0023_Timestamp = 3.14
Seq_Frame0024_DriverToReference-SequenceTransform =-0.985273 -0.166436 0.0392033 51.0557 -0.156583 0.970334 0.18421 208.368 -0.0686996 0.175358 -0.982105 215.099 0 0 0 1 
Seq_Frame0024_DriverToReference-SequenceTransformStatus = OK
Seq_Frame0024_Timestamp = 3.245
Seq_Frame0025_DriverToReference-SequenceTransform =-0.989464 -0.126278 0.0708092 53.8824 -0.107383 0.968174 0.226071 205.24 -0.0971035 0.216086 -0.971534 214.828 0 0 0 1 
Seq_Frame0025_DriverToReference-SequenceTransformStatus = OK
Seq_Frame0025_Timestamp = 3.35
Seq_Frame0026_DriverToReference-SequenceTransform =-0.986431 -0.126574 0.104556 55.8 -0.094506 0.95855 0.268796 202.548 -0.134244 0.255268 -0.957505 214.358 0 0 0 1 
Seq_Frame0026_DriverToReference-SequenceTransformStatus = OK
Seq_Frame0026_Timestamp = 3.455
Seq_Frame0027_DriverToReference-SequenceTransform =-0.980341 -0.150599 0.127479 56.1504 -0.103135 0.941918 0.319614 200.838 -0.168208 0.300183 -0.938934 216.807 0 0 0 1 
Seq_Frame0027_DriverToReference-SequenceTransformStatus = OK
Seq_Frame0027_Timestamp = 3.565
Seq_Frame0028_DriverToReference-SequenceTransform =-0.978903 -0.158988 0.128342 56.0043 -0.1032 0.926833 0.361013 200.302 -0.176348 0.340152 -0.923687 219.674 0 0 0 1 
Seq_Frame0028_DriverToReference-SequenceTransformStatus = OK
Seq_Frame0028_Timestamp = 3.671
Seq_Frame0029_DriverToReference-SequenceTransform =-0.977418 -0.14556 0.153188 56.2701 -0.0820582 0.929482 0.359625 201.435 -0.194733 0.338933 -0.920437 219.491 0 0 0 1 
Seq_Frame0029_DriverToReference-SequenceTransformStatus = OK
Seq_Frame0029_Timestamp = 3.781
Seq_Frame0030_DriverToReference-SequenceTransform =-0.979947 -0.144557 0.137137 55.4974 -0.0813857 0.918594 0.386732 206.18 -0.181878 0.367816 -0.911939 217.987 0 0 0 1 
Seq_Frame0030_DriverToReference-SequenceTransformStatus = OK
Seq_Frame0030_Timestamp = 3.89
Seq_Frame0031_DriverToReference-SequenceTransform =-0.983322 -0.14382 0.111323 55.7331 -0.0895988 0.915747 0.391637 211.791 -0.158269 0.375131 -0.91336 216.936 0 0 0 1 
Seq_Frame0031_DriverToReference-SequenceTransformStatus = OK
Seq_Frame0031_Timestamp = 3.995
Seq_Frame0032_DriverToReference-SequenceTransform =-0.990045 -0.134781 0.0405582 60.3869 -0.116003 0.944551 0.307193 217.689 -0.079713 0.29943 -0.950783 214.71 0 0 0 1 
Seq_Frame0032_DriverToReference-SequenceTransformStatus = OK
Seq_Frame0032_Timestamp = 4.105
Seq_Frame0033_DriverToReference-SequenceTransform =-0.998149 -0.0606859 0.00407146 63.469 -0.0578728 0.968206 0.243366 212.297 -0.0187109 0.24268 -0.969926 217.549 0 0 0 1 
Seq_Frame0033_DriverToReference-SequenceTransformStatus = OK
Seq_Frame0033_Timestamp = 4.211
Seq_Frame0034_DriverToReference-SequenceTransform =-0.999493 -0.023872 -0.0210806 65.3799 -0.0280076 0.973956 0.225002 213.733 0.0151604 0.225478 -0.97413 214.415 0 0 0 1 
Seq_Frame0034_DriverToReference-SequenceTransformStatus = OK
Seq_Frame0034_Timestamp = 4.324
Seq_Frame0035_DriverToReference-SequenceTransform =-0.997914 -0.0207509 -0.0611288 67.2516 -0.0347732 0.970597 0.238184 219.72 0.054389 0.239812 -0.969295 213.522 0 0 0 1 
Seq_Frame0035_DriverToReference-SequenceTransformStatus = OK
Seq_Frame0035_Timestamp = 4.424
Seq_Frame0036_DriverToReference-SequenceTransform =-0.998898 -0.0296105 -0.0364085 66.3545 -0.0372715 0.971984 0.232074 223.302 0.0285166 0.233176 -0.972016 217.594 0 0 0 1 
Seq_Frame0036_DriverToReference-SequenceTransformStatus = OK
Seq_Frame0036_Timestamp = 4.541
Seq_Frame0037_DriverToReference-SequenceTransform =-0.99904 -0.0428456 -0.009159 67.3738 -0.0437858 0.968896 0.243564 228.09 -0.00156154 0.243731 -0.969842 223.103 0 0 0 1 
Seq_Frame0037_DriverToReference-SequenceTransformStatus = OK
Seq_Frame0037_Timestamp = 4.641
Seq_Frame0038_DriverToReference-SequenceTransform =-0.99867 -0.0422318 -0.0295632 67.4579 -0.0483664 0.966032 0.253856 231.822 0.0178382 0.254949 -0.96679 228.114 0 0 0 1 
Seq_Frame0038_DriverToReference-SequenceTransformStatus = OK
Seq_Frame0038_Timestamp = 4.755
Seq_Frame0039_DriverToReference-SequenceTransform =-0.998072 -0.0445092 -0.0432634 65.761 -0.0542149 0.964504 0.258443 234.395 0.0302247 0.26029 -0.965057 228.92 0 0 0 1 
Seq_Frame0039_DriverToReference-SequenceTransformStatus = OK
Seq_Frame0039_Timestamp = 4.866
Seq_Frame0040_DriverToReference-SequenceTransform =-0.993179 -0.0527116 -0.104001 61.8731 -0.0785466 0.96168 0.262681 233.853 0.0861696 0.269058 -0.959261 227.888 0 0 0 1 
Seq_Frame0040_DriverToReference-SequenceTransformStatus = OK
Seq_Frame0040_Timestamp = 4.975
Seq_Frame0041_DriverToReference-SequenceTransform =-0.950454 -0.143119 -0.275961 47.9839 -0.1994 0.961715 0.188001 231.992 0.23849 0.233713 -0.942603 222.085 0 0 0 1 
Seq_Frame0041_DriverToReference-SequenceTransformStatus = OK
Seq_Frame0041_Timestamp = 5.09
Seq_Frame0042_DriverToReference-SequenceTransform =-0.598774 -0.333693 -0.728092 20.4036 -0.474731 0.880036 -0.012918 231.412 0.645058 0.337913 -0.685357 215.5 0 0 0 1 
Seq_Frame0042_DriverToReference-SequenceTransformStatus = OK
Seq_Frame0042_Timestamp = 5.199
Seq_Frame0043_DriverToReference-SequenceTransform =-0.259969 -0.480714 -0.837455 6.43359 -0.476406 0.818224 -0.321786 225.837 0.839913 0.315315 -0.441728 209.708 0 0 0 1 
Seq_Frame0043_DriverToReference-SequenceTransformStatus = OK
Seq_Frame0043_Timestamp = 5.305
Seq_Frame0044_DriverToReference-SequenceTransform =-0.194472 -0.520227 -0.831592 3.06949 -0.361911 0.826018 -0.432105 222.661 0.911702 0.21693 -0.348913 216.513 0 0 0 1 
Seq_Frame0044_DriverToReference-SequenceTransformStatus = OK
Seq_Frame0044_Timestamp = 5.407
Seq_Frame0045_DriverToReference-SequenceTransform =-0.194472 -0.520227 -0.831592 3.06949 -0.361911 0.826018 -0.432105 222.661 0.911702 0.21693 -0.348913 216.513 0 0 0 1 
Seq_Frame0045_DriverToReference-SequenceTransformStatus = OK
Seq_Frame0045_Timestamp = 5.508
Seq_Frame0046_DriverToReference-SequenceTransform =0.443068 0.0338996 0.895847 -9.01447 -0.807732 0.448612 0.382512 224.601 -0.388921 -0.893083 0.226147 227.168 0 0 0 1 
Seq_Frame0046_DriverToReference-SequenceTransformStatus = OK
Seq_Frame0046_Timestamp = 5.617
Seq_Frame0047_DriverToReference-SequenceTransform =0.441799 0.0433722 0.896065 -10.8603 -0.817217 0.431513 0.382037 224.604 -0.370094 -0.901063 0.226086 229.633 0 0 0 1 
Seq_Frame0047_DriverToReference-SequenceTransformStatus = OK
Seq_Frame0047_Timestamp = 5.725
Seq_Frame0048_DriverToReference-SequenceTransform =0.46242 0.0476444 0.88538 -11.1404 -0.809873 0.429179 0.399889 224.759 -0.360934 -0.901962 0.237047 231.394 0 0 0 1 
Seq_Frame0048_DriverToReference-SequenceTransformStatus = OK
Seq_Frame0048_Timestamp = 5.835
Seq_Frame0049_DriverToReference-SequenceTransform =0.482674 -0.0102707 0.87574 -13.1679 -0.792808 0.419751 0.441888 222.741 -0.372131 -0.907581 0.19446 231.53 0 0 0 1 
Seq_Frame0049_DriverToReference-SequenceTransformStatus = OK
Seq_Frame0049_Timestamp = 5.941
Seq_Frame0050_DriverToReference-SequenceTransform =0.483081 -0.111684 0.868423 -15.3369 -0.746869 0.46508 0.475276 221.598 -0.456967 -0.878195 0.141258 229.245 0 0 0 1 
Seq_Frame0050_DriverToReference-SequenceTransformStatus = OK
Seq_Frame0050_Timestamp = 6.05
Seq_Frame0051_DriverToReference-SequenceTransform =0.474645 -0.201016 0.856916 -13.8642 -0.715038 0.479657 0.508577 219.521 -0.513258 -0.85412 0.0839323 229.04 0 0 0 1 
Seq_Frame0051_DriverToReference-SequenceTransformStatus = OK
Seq_Frame0051_Timestamp = 6.155
Seq_Frame0052_DriverToReference-SequenceTransform =0.474645 -0.201016 0.856916 -13.8642 -0.715038 0.479657 0.508577 219.521 -0.513258 -0.85412 0.0839323 229.04 0 0 0 1 
Seq_Frame0052_DriverToReference-SequenceTransformStatus = OK
Seq_Frame0052_Timestamp = 6.26
Seq_Frame0053_DriverToReference-SequenceTransform =0.474645 -0.201016 0.856916 -13.8642 -0.715038 0.479657 0.508577 219.521 -0.513258 -0.85412 0.0839323 229.04 0 0 0 1 
Seq_Frame0053_DriverToReference-SequenceTransformStatus = OK
Seq_Frame0053_Timestamp = 6.377
Seq_Frame0054_DriverToReference-SequenceTransform =0.474645 -0.201016 0.856916 -13.8642 -0.715038 0.479657 0.508577 219.521 -0.513258 -0.85412 0.0839323 229.04 0 0 0 1 
Seq_Frame0054_DriverToReference-SequenceTransformStatus = OK
Seq_Frame0054_Timestamp = 6.48
Seq_Frame0055_DriverToReference-SequenceTransform =0.474645 -0.201016 0.856916 -13.8642 -0.715038 0.479657 0.508577 219.521 -0.513258 -0.85412 0.0839323 229.04 0 0 0 1 
Seq_Frame0055_DriverToReference-SequenceTransformStatus = OK
Seq_Frame0055_Timestamp = 6.59
Seq_Frame0056_DriverToReference-SequenceTransform =0.474645 -0.201016 0.856916 -13.8642 -0.715038 0.479657 0.508577 219.521 -0.513258 -0.85412 0.0839323 229.04 0 0 0 1 
Seq_Frame0056_DriverToReference-SequenceTransformStatus = OK
Seq_Frame0056_Timestamp = 6.695
Seq_Frame0057_DriverToReference-SequenceTransform =0.474645 -0.201016 0.856916 -13.8642 -0.715038 0.479657 0.508577 219.521 -0.513258 -0.85412 0.0839323 229.04 0 0 0 1 
Seq_Frame0057_DriverToReference-SequenceTransformStatus = OK
Seq_Frame0057_Timestamp = 6.8
Seq_Frame0058_DriverToReference-SequenceTransform =0.474645 -0.201016 0.856916 -13.8642 -0.715038 0.479657 0.508577 219.521 -0.513258 -0.85412 0.0839323 229.04 0 0 0 1 
Seq_Frame0058_DriverToReference-SequenceTransformStatus = OK
Seq_Frame0058_Timestamp = 6.905
Seq_Frame0059_DriverToReference-SequenceTransform =0.474645 -0.201016 0.856916 -13.8642 -0.715038 0.479657 0.508577 219.521 -0.513258 -0.85412 0.0839323 229.04 0 0 0 1 
Seq_Frame0059_DriverToReference-SequenceTransformStatus = OK
Seq_Frame0059_Timestamp = 7.015
Seq_Frame0060_DriverToReference-SequenceTransform =0.474645 -0.201016 0.856916 -13.8642 -0.715038 0.479657 0.508577 219.521 -0.513258 -0.85412 0.0839323 229.04 0 0 0 1 
Seq_Frame0060_DriverToReference-SequenceTransformStatus = OK
Seq_Frame0060_Timestamp = 7.12
Seq_Frame0061_DriverToReference-SequenceTransform =0.474645 -0.201016 0.856916 -13.8642 -0.715038 0.479657 0.508577 219.521 -0.513258 -0.85412 0.0839323 229.04 0 0 0 1 
Seq_Frame0061_DriverToReference-SequenceTransformStatus = OK
Seq_Frame0061_Timestamp = 7.23
Seq_Frame0062_DriverToReference-SequenceTransform =0.474645 -0.201016 0.856916 -13.8642 -0.715038 0.479657 0.508577 219.521 -0.513258 -0.85412 0.0839323 229.04 0 0 0 1 
Seq_Frame0062_DriverToReference-SequenceTransformStatus = OK
Seq_Frame0062_Timestamp = 7.332
Seq_Frame0063_DriverToReference-SequenceTransform =0.474645 -0.201016 0.856916 -13.8642 -0.715038 0.479657 0.508577 219.521 -0.513258 -0.85412 0.0839323 229.04 0 0 0 1 
Seq_Frame0063_DriverToReference-SequenceTransformStatus = OK
Seq_Frame0063_Timestamp = 7.44
Seq_Frame0064_DriverToReference-SequenceTransform =0.60535 -0.211163 0.767438 9.3352 -0.624895 0.471114 0.622541 229.056 -0.493008 -0.856424 0.153234 227.159 0 0 0 1 
Seq_Frame0064_DriverToReference-SequenceTransformStatus = OK
Seq_Frame0064_Timestamp = 7.541
Seq_Frame0065_DriverToReference-SequenceTransform =0.586178 -0.347741 0.731759 13.5068 -0.586202 0.441423 0.679348 225.752 -0.559252 -0.827177 0.0549059 226.596 0 0 0 1 
Seq_Frame0065_DriverToReference-SequenceTransformStatus = OK
Seq_Frame0065_Timestamp = 7.641
Seq_Frame0066_DriverToReference-SequenceTransform =0.583958 -0.374783 0.72009 13.7391 -0.57255 0.438688 0.692633 225.328 -0.575482 -0.816756 0.0415935 227.174 0 0 0 1 
Seq_Frame0066_DriverToReference-SequenceTransformStatus = OK
Seq_Frame0066_Timestamp = 7.745
Seq_Frame0067_DriverToReference-SequenceTransform =0.583958 -0.374783 0.72009 13.7391 -0.57255 0.438688 0.692633 225.328 -0.575482 -0.816756 0.0415935 227.174 0 0 0 1 
Seq_Frame0067_DriverToReference-SequenceTransformStatus = OK
Seq_Frame0067_Timestamp = 7.85
Seq_Frame0068_DriverToReference-SequenceTransform =0.583958 -0.374783 0.72009 13.7391 -0.57255 0.438688 0.692633 225.328 -0.575482 -0.816756 0.0415935 227.174 0 0 0 1 
Seq_Frame0068_DriverToReference-SequenceTransformStatus = OK
Seq_Frame0068_Timestamp = 7.96
Seq_Frame0069_DriverToReference-SequenceTransform =0.583958 -0.374783 0.72009 13.7391 -0.57255 0.438688 0.692633 225.328 -0.575482 -0.816756 0.0415935 227.174 0 0 0 1 
Seq_Frame0069_DriverToReference-SequenceTransformStatus = OK
Seq_Frame0069_Timestamp = 8.065
Seq_Frame0070_DriverToReference-SequenceTransform =0.583958 -0.374783 0.72009 13.7391 -0.57255 0.438688 0.692633 225.328 -0.575482 -0.816756 0.0415935 227.174 0 0 0 1 
Seq_Frame0070_DriverToReference-SequenceTransformStatus = OK
Seq_Frame0070_Timestamp = 8.175
Seq_Frame0071_DriverToReference-SequenceTransform =0.583958 -0.374783 0.72009 13.7391 -0.57255 0.438688 0.692633 225.328 -0.575482 -0.816756 0.0415935 227.174 0 0 0 1 
Seq_Frame0071_DriverToReference-SequenceTransformStatus = OK
Seq_Frame0071_Timestamp = 8.291
Seq_Frame0072_DriverToReference-SequenceTransform =0.583958 -0.374783 0.72009 13.7391 -0.57255 0.438688 0.692633 225.328 -0.575482 -0.816756 0.0415935 227.174 0 0 0 1 
Seq_Frame0072_DriverToReference-SequenceTransformStatus = OK
Seq_Frame0072_Timestamp = 8.406
Seq_Frame0073_DriverToReference-SequenceTransform =0.583958 -0.374783 0.72009 13.7391 -0.57255 0.438688 0.692633 225.328 -0.575482 -0.816756 0.0415935 227.174 0 0 0 1 
Seq_Frame0073_DriverToReference-SequenceTransformStatus = OK
Seq_Frame0073_Timestamp = 8.51
Seq_Frame0074_DriverToReference-SequenceTransform =0.583958 -0.374783 0.72009 13.7391 -0.57255 0.438688 0.692633 225.328 -0.575482 -0.816756 0.0415935 227.174 0 0 0 1 
Seq_Frame0074_DriverToReference-SequenceTransformStatus = OK
Seq_Frame0074_Timestamp = 8.615
Seq_Frame0075_DriverToReference-SequenceTransform =0.583958 -0.374783 0.72009 13.7391 -0.57255 0.438688 0.692633 225.328 -0.575482 -0.816756 0.0415935 227.174 0 0 0 1 
Seq_Frame0075_DriverToReference-SequenceTransformStatus = OK
Seq_Frame0075_Timestamp = 8.727
Seq_Frame0076_DriverToReference-SequenceTransform =0.583958 -0.374783 0.72009 13.7391 -0.57255 0.438688 0.692633 225.328 -0.575482 -0.816756 0.0415935 227.174 0 0 0 1 
Seq_Frame0076_DriverToReference-SequenceTransformStatus = OK
Seq_Frame0076_Timestamp = 8.83
Seq_Frame0077_DriverToReference-SequenceTransform =0.583958 -0.374783 0.72009 13.7391 -0.57255 0.438688 0.692633 225.328 -0.575482 -0.816756 0.0415935 227.174 0 0 0 1 
Seq_Frame0077_DriverToReference-SequenceTransformStatus = OK
Seq_Frame0077_Timestamp = 8.94
Seq_Frame0078_DriverToReference-SequenceTransform =0.583958 -0.374783 0.72009 13.7391 -0.57255 0.438688 0.692633 225.328 -0.575482 -0.816756 0.0415935 227.174 0 0 0 1 
Seq_Frame0078_DriverToReference-SequenceTransformStatus = OK
Seq_Frame0078_Timestamp = 9.046
Seq_Frame0079_DriverToReference-SequenceTransform =0.583958 -0.374783 0.72009 13.7391 -0.57255 0.438688 0.692633 225.328 -0.575482 -0.816756 0.0415935 227.174 0 0 0 1 
Seq_Frame0079_DriverToReference-SequenceTransformStatus = OK
Seq_Frame0079_Timestamp = 9.155
Seq_Frame0080_DriverToReference-SequenceTransform =0.583958 -0.374783 0.72009 13.7391 -0.57255 0.438688 0.692633 225.328 -0.575482 -0.816756 0.0415935 227.174 0 0 0 1 
Seq_Frame0080_DriverToReference-SequenceTransformStatus = OK
Seq_Frame0080_Timestamp = 9.257
Seq_Frame0081_DriverToReference-SequenceTransform =0.583958 -0.374783 0.72009 13.7391 -0.57255 0.438688 0.692633 225.328 -0.575482 -0.816756 0.0415935 227.174 0 0 0 1 
Seq_Frame0081_DriverToReference-SequenceTransformStatus = OK
Seq_Frame0081_Timestamp = 9.36
Seq_Frame0082_DriverToReference-SequenceTransform =0.000813902 -0.616705 -0.787194 26.2061 -0.681811 0.575513 -0.451574 226.944 0.731528 0.537085 -0.420008 197.421 0 0 0 1 
Seq_Frame0082_DriverToReference-SequenceTransformStatus = OK
Seq_Frame0082_Timestamp = 9.47
Seq_Frame0083_DriverToReference-SequenceTransform =-0.118875 -0.622778 -0.773315 27.3662 -0.683625 0.616173 -0.391137 228.235 0.720088 0.482161 -0.498994 187.409 0 0 0 1 
Seq_Frame0083_DriverToReference-SequenceTransformStatus = OK
Seq_Frame0083_Timestamp = 9.575
Seq_Frame0084_DriverToReference-SequenceTransform =0.655658 0.145199 0.740966 35.2816 -0.566535 0.74334 0.355646 227.609 -0.49915 -0.652965 0.569637 179.884 0 0 0 1 
Seq_Frame0084_DriverToReference-SequenceTransformStatus = OK
Seq_Frame0084_Timestamp = 9.685
Seq_Frame0085_DriverToReference-SequenceTransform =0.693425 0.081679 0.715885 57.9401 -0.590585 0.633596 0.499766 226.208 -0.412761 -0.76934 0.487589 167.104 0 0 0 1 
Seq_Frame0085_DriverToReference-SequenceTransformStatus = OK
Seq_Frame0085_Timestamp = 10.68
Seq_Frame0086_DriverToReference-SequenceTransform =0.687108 0.0969624 0.720056 59.4238 -0.568715 0.68854 0.449974 214.479 -0.452157 -0.718687 0.528245 180.056 0 0 0 1 
Seq_Frame0086_DriverToReference-SequenceTransformStatus = OK
Seq_Frame0086_Timestamp = 10.785
Seq_Frame0087_DriverToReference-SequenceTransform =0.707102 0.094421 0.700779 54.627 -0.541831 0.709126 0.451175 215.558 -0.45434 -0.698731 0.552585 176.148 0 0 0 1 
Seq_Frame0087_DriverToReference-SequenceTransformStatus = OK
Seq_Frame0087_Timestamp = 10.89
Seq_Frame0088_DriverToReference-SequenceTransform =0.725929 0.0947346 0.681214 48.1859 -0.532244 0.704687 0.469183 216.832 -0.435594 -0.703166 0.561975 172.3 0 0 0 1 
Seq_Frame0088_DriverToReference-SequenceTransformStatus = OK
Seq_Frame0088_Timestamp = 11
Seq_Frame0089_DriverToReference-SequenceTransform =0.877715 0.170512 0.447819 47.2074 -0.427679 0.700249 0.571614 220.673 -0.216118 -0.693237 0.687543 174.69 0 0 0 1 
Seq_Frame0089_DriverToReference-SequenceTransformStatus = OK
Seq_Frame0089_Timestamp = 11.2
Seq_Frame0090_DriverToReference-SequenceTransform =0.877715 0.170512 0.447819 47.2074 -0.427679 0.700249 0.571614 220.673 -0.216118 -0.693237 0.687543 174.69 0 0 0 1 
Seq_Frame0090_DriverToReference-SequenceTransformStatus = OK
Seq_Frame0090_Timestamp = 11.35
Seq_Frame0091_DriverToReference-SequenceTransform =0.877715 0.170512 0.447819 47.2074 -0.427679 0.700249 0.571614 220.673 -0.216118 -0.693237 0.687543 174.69 0 0 0 1 
Seq_Frame0091_DriverToReference-SequenceTransformStatus = OK
Seq_Frame0091_Timestamp = 12.445
Seq_Frame0092_DriverToReference-SequenceTransform =0.877715 0.170512 0.447819 47.2074 -0.427679 0.700249 0.571614 220.673 -0.216118 -0.693237 0.687543 174.69 0 0 0 1 
Seq_Frame0092_DriverToReference-SequenceTransformStatus = OK
Seq_Frame0092_Timestamp = 12.55
Seq_Frame0093_DriverToReference-SequenceTransform =0.877715 0.170512 0.447819 47.2074 -0.427679 0.700249 0.571614 220.673 -0.216118 -0.693237 0.687543 174.69 0 0 0 1 
Seq_Frame0093_DriverToReference-SequenceTransformStatus = OK
Seq_Frame0093_Timestamp = 12.66
Seq_Frame0094_DriverToReference-SequenceTransform =0.877715 0.170512 0.447819 47.2074 -0.427679 0.700249 0.571614 220.673 -0.216118 -0.693237 0.687543 174.69 0 0 0 1 
Seq_Frame0094_DriverToReference-SequenceTransformStatus = OK
Seq_Frame0094_Timestamp = 12.765
Seq_Frame0095_DriverToReference-SequenceTransform =0.877715 0.170512 0.447819 47.2074 -0.427679 0.700249 0.571614 220.673 -0.216118 -0.693237 0.687543 174.69 0 0 0 1 
Seq_Frame0095_DriverToReference-SequenceTransformStatus = OK
Seq_Frame0095_Timestamp = 12.88
Seq_Frame0096_DriverToReference-SequenceTransform =0.877715 0.170512 0.447819 47.2074 -0.427679 0.700249 0.571614 220.673 -0.216118 -0.693237 0.687543 174.69 0 0 0 1 
Seq_Frame0096_DriverToReference-SequenceTransformStatus = OK
Seq_Frame0096_Timestamp = 12.982
Seq_Frame0097_DriverToReference-SequenceTransform =0.877715 0.170512 0.447819 47.2074 -0.427679 0.700249 0.571614 220.673 -0.216118 -0.693237 0.687543 174.69 0 0 0 1 
Seq_Frame0097_DriverToReference-SequenceTransformStatus = OK
Seq_Frame0097_Timestamp = 13.09
Seq_Frame0098_DriverToReference-SequenceTransform =0.877715 0.170512 0.447819 47.2074 -0.427679 0.700249 0.571614 220.673 -0.216118 -0.693237 0.687543 174.69 0 0 0 1 
Seq_Frame0098_DriverToReference-SequenceTransformStatus = OK
Seq_Frame0098_Timestamp = 13.201
Seq_Frame0099_DriverToReference-SequenceTransform =0.877715 0.170512 0.447819 47.2074 -0.427679 0.700249 0.571614 220.673 -0.216118 -0.693237 0.687543 174.69 0 0 0 1 
Seq_Frame0099_DriverToReference-SequenceTransformStatus = OK
Seq_Frame0099_Timestamp = 13.307
Seq_Frame0100_DriverToReference-SequenceTransform =0.877715 0.170512 0.447819 47.2074 -0.427679 0.700249 0.571614 220.673 -0.216118 -0.693237 0.687543 174.69 0 0 0 1 
Seq_Frame0100_DriverToReference-SequenceTransformStatus = OK
Seq_Frame0100_Timestamp = 13.416
Seq_Frame0101_DriverToReference-SequenceTransform =0.877715 0.170512 0.447819 47.2074 -0.427679 0.700249 0.571614 220.673 -0.216118 -0.693237 0.687543 174.69 0 0 0 1 
Seq_Frame0101_DriverToReference-SequenceTransformStatus = OK
Seq_Frame0101_Timestamp = 13.516
Seq_Frame0102_DriverToReference-SequenceTransform =0.877715 0.170512 0.447819 47.2074 -0.427679 0.700249 0.571614 220.673 -0.216118 -0.693237 0.687543 174.69 0 0 0 1 
Seq_Frame0102_DriverToReference-SequenceTransformStatus = OK
Seq_Frame0102_Timestamp = 13.63
Seq_Frame0103_DriverToReference-SequenceTransform =0.877715 0.170512 0.447819 47.2074 -0.427679 0.700249 0.571614 220.673 -0.216118 -0.693237 0.687543 174.69 0 0 0 1 
Seq_Frame0103_DriverToReference-SequenceTransformStatus = OK
Seq_Frame0103_Timestamp = 13.735
Seq_Frame0104_DriverToReference-SequenceTransform =0.877715 0.170512 0.447819 47.2074 -0.427679 0.700249 0.571614 220.673 -0.216118 -0.693237 0.687543 174.69 0 0 0 1 
Seq_Frame0104_DriverToReference-SequenceTransformStatus = OK
Seq_Frame0104_Timestamp = 13.846
Seq_Frame0105_DriverToReference-SequenceTransform =0.877715 0.170512 0.447819 47.2074 -0.427679 0.700249 0.571614 220.673 -0.216118 -0.693237 0.687543 174.69 0 0 0 1 
Seq_Frame0105_DriverToReference-SequenceTransformStatus = OK
Seq_Frame0105_Timestamp = 13.955
Seq_Frame0106_DriverToReference-SequenceTransform =0.877715 0.170512 0.447819 47.2074 -0.427679 0.700249 0.571614 220.673 -0.216118 -0.693237 0.687543 174.69 0 0 0 1 
Seq_Frame0106_DriverToReference-SequenceTransformStatus = OK
Seq_Frame0106_Timestamp = 14.06
Seq_Frame0107_DriverToReference-SequenceTransform =0.877715 0.170512 0.447819 47.2074 -0.427679 0.700249 0.571614 220.673 -0.216118 -0.693237 0.687543 174.69 0 0 0 1 
Seq_Frame0107_DriverToReference-SequenceTransformStatus = OK
Seq_Frame0107_Timestamp = 14.17
Seq_Frame0108_DriverToReference-SequenceTransform =0.877715 0.170512 0.447819 47.2074 -0.427679 0.700249 0.571614 220.673 -0.216118 -0.693237 0.687543 174.69 0 0 0 1 
Seq_Frame0108_DriverToReference-SequenceTransformStatus = OK
Seq_Frame0108_Timestamp = 14.28
Seq_Frame0109_DriverToReference-SequenceTransform =0.877715 0.170512 0.447819 47.2074 -0.427679 0.700249 0.571614 220.673 -0.216118 -0.693237 0.687543 174.69 0 0 0 1 
Seq_Frame0109_DriverToReference-SequenceTransformStatus = OK
Seq_Frame0109_Timestamp = 14.385
Seq_Frame0110_DriverToReference-SequenceTransform =0.877715 0.170512 0.447819 47.2074 -0.427679 0.700249 0.571614 220.673 -0.216118 -0.693237 0.687543 174.69 0 0 0 1 
Seq_Frame0110_DriverToReference-SequenceTransformStatus = OK
Seq_Frame0110_Timestamp = 14.496
Seq_Frame0111_DriverToReference-SequenceTransform =0.877715 0.170512 0.447819 47.2074 -0.427679 0.700249 0.571614 220.673 -0.216118 -0.693237 0.687543 174.69 0 0 0 1 
Seq_Frame0111_DriverToReference-SequenceTransformStatus = OK
Seq_Frame0111_Timestamp = 14.6
Seq_Frame0112_DriverToReference-SequenceTransform =0.877715 0.170512 0.447819 47.2074 -0.427679 0.700249 0.571614 220.673 -0.216118 -0.693237 0.687543 174.69 0 0 0 1 
Seq_Frame0112_DriverToReference-SequenceTransformStatus = OK
Seq_Frame0112_Timestamp = 14.71
Seq_Frame0113_DriverToReference-SequenceTransform =0.877715 0.170512 0.447819 47.2074 -0.427679 0.700249 0.571614 220.673 -0.216118 -0.693237 0.687543 174.69 0 0 0 1 
Seq_Frame0113_DriverToReference-SequenceTransformStatus = OK
Seq_Frame0113_Timestamp = 14.815
Seq_Frame0114_DriverToReference-SequenceTransform =0.877715 0.170512 0.447819 47.2074 -0.427679 0.700249 0.571614 220.673 -0.216118 -0.693237 0.687543 174.69 0 0 0 1 
Seq_Frame0114_DriverToReference-SequenceTransformStatus = OK
Seq_Frame0114_Timestamp = 14.921
Seq_Frame0115_DriverToReference-SequenceTransform =0.877715 0.170512 0.447819 47.2074 -0.427679 0.700249 0.571614 220.673 -0.216118 -0.693237 0.687543 174.69 0 0 0 1 
Seq_Frame0115_DriverToReference-SequenceTransformStatus = OK
Seq_Frame0115_Timestamp = 15.03
Seq_Frame0116_DriverToReference-SequenceTransform =0.877715 0.170512 0.447819 47.2074 -0.427679 0.700249 0.571614 220.673 -0.216118 -0.693237 0.687543 174.69 0 0 0 1 
Seq_Frame0116_DriverToReference-SequenceTransformStatus = OK
Seq_Frame0116_Timestamp = 15.139
Seq_Frame0117_DriverToReference-SequenceTransform =0.877715 0.170512 0.447819 47.2074 -0.427679 0.700249 0.571614 220.673 -0.216118 -0.693237 0.687543 174.69 0 0 0 1 
Seq_Frame0117_DriverToReference-SequenceTransformStatus = OK
Seq_Frame0117_Timestamp = 15.246
Seq_Frame0118_DriverToReference-SequenceTransform =0.877715 0.170512 0.447819 47.2074 -0.427679 0.700249 0.571614 220.673 -0.216118 -0.693237 0.687543 174.69 0 0 0 1 
Seq_Frame0118_DriverToReference-SequenceTransformStatus = OK
Seq_Frame0118_Timestamp = 15.354
Seq_Frame0119_DriverToReference-SequenceTransform =0.877715 0.170512 0.447819 47.2074 -0.427679 0.700249 0.571614 220.673 -0.216118 -0.693237 0.687543 174.69 0 0 0 1 
Seq_Frame0119_DriverToReference-SequenceTransformStatus = OK
Seq_Frame0119_Timestamp = 15.46
Seq_Frame0120_DriverToReference-SequenceTransform =0.877715 0.170512 0.447819 47.2074 -0.427679 0.700249 0.571614 220.673 -0.216118 -0.693237 0.687543 174.69 0 0 0 1 
Seq_Frame0120_DriverToReference-SequenceTransformStatus = OK
Seq_Frame0120_Timestamp = 15.565
Seq_Frame0121_DriverToReference-SequenceTransform =0.877715 0.170512 0.447819 47.2074 -0.427679 0.700249 0.571614 220.673 -0.216118 -0.693237 0.687543 174.69 0 0 0 1 
Seq_Frame0121_DriverToReference-SequenceTransformStatus = OK
Seq_Frame0121_Timestamp = 15.675
Seq_Frame0122_DriverToReference-SequenceTransform =-0.236826 -0.76209 -0.602604 39.408 -0.277084 0.64747 -0.709935 154.99 0.931202 -0.00115915 -0.364501 176.492 0 0 0 1 
Seq_Frame0122_DriverToReference-SequenceTransformStatus = OK
Seq_Frame0122_Timestamp = 15.785
Seq_Frame0123_DriverToReference-SequenceTransform =-0.280077 -0.736948 -0.615195 40.3409 -0.293458 0.675892 -0.676056 156.766 0.914024 -0.00881395 -0.405565 174.614 0 0 0 1 
Seq_Frame0123_DriverToReference-SequenceTransformStatus = OK
Seq_Frame0123_Timestamp = 15.9
Seq_Frame0124_DriverToReference-SequenceTransform =-0.287731 -0.738438 -0.609853 40.2687 -0.28695 0.673999 -0.680724 156.736 0.913713 -0.0208683 -0.405825 173.68 0 0 0 1 
Seq_Frame0124_DriverToReference-SequenceTransformStatus = OK
Seq_Frame0124_Timestamp = 16.015
Seq_Frame0125_DriverToReference-SequenceTransform =-0.324256 -0.723947 -0.608899 41.7838 -0.29745 0.689058 -0.66085 157.566 0.897987 -0.0331676 -0.438769 173.091 0 0 0 1 
Seq_Frame0125_DriverToReference-SequenceTransformStatus = OK
Seq_Frame0125_Timestamp = 16.123
Seq_Frame0126_DriverToReference-SequenceTransform =-0.205811 -0.789169 -0.578665 37.1565 -0.266109 0.614175 -0.74295 153.229 0.941715 0.00108107 -0.336409 176.736 0 0 0 1 
Seq_Frame0126_DriverToReference-SequenceTransformStatus = OK
Seq_Frame0126_Timestamp = 16.23
Seq_Frame0127_DriverToReference-SequenceTransform =-0.205811 -0.789169 -0.578665 37.1565 -0.266109 0.614175 -0.74295 153.229 0.941715 0.00108107 -0.336409 176.736 0 0 0 1 
Seq_Frame0127_DriverToReference-SequenceTransformStatus = OK
Seq_Frame0127_Timestamp = 16.34
Seq_Frame0128_DriverToReference-SequenceTransform =-0.205811 -0.789169 -0.578665 37.1565 -0.266109 0.614175 -0.74295 153.229 0.941715 0.00108107 -0.336409 176.736 0 0 0 1 
Seq_Frame0128_DriverToReference-SequenceTransformStatus = OK
Seq_Frame0128_Timestamp = 16.445
Seq_Frame0129_DriverToReference-SequenceTransform =-0.205811 -0.789169 -0.578665 37.1565 -0.266109 0.614175 -0.74295 153.229 0.941715 0.00108107 -0.336409 176.736 0 0 0 1 
Seq_Frame0129_DriverToReference-SequenceTransformStatus = OK
Seq_Frame0129_Timestamp = 16.555
Seq_Frame0130_DriverToReference-SequenceTransform =-0.205811 -0.789169 -0.578665 37.1565 -0.266109 0.614175 -0.74295 153.229 0.941715 0.00108107 -0.336409 176.736 0 0 0 1 
Seq_Frame0130_DriverToReference-SequenceTransformStatus = OK
Seq_Frame0130_Timestamp = 16.66
Seq_Frame0131_DriverToReference-SequenceTransform =-0.205811 -0.789169 -0.578665 37.1565 -0.266109 0.614175 -0.74295 153.229 0.941715 0.00108107 -0.336409 176.736 0 0 0 1 
Seq_Frame0131_DriverToReference-SequenceTransformStatus = OK
Seq_Frame0131_Timestamp = 16.77
Seq_Frame0132_DriverToReference-SequenceTransform =-0.205811 -0.789169 -0.578665 37.1565 -0.266109 0.614175 -0.74295 153.229 0.941715 0.00108107 -0.336409 176.736 0 0 0 1 
Seq_Frame0132_DriverToReference-SequenceTransformStatus = OK
Seq_Frame0132_Timestamp = 16.882
Seq_Frame0133_DriverToReference-SequenceTransform =-0.205811 -0.789169 -0.578665 37.1565 -0.266109 0.614175 -0.74295 153.229 0.941715 0.00108107 -0.336409 176.736 0 0 0 1 
Seq_Frame0133_DriverToReference-SequenceTransformStatus = OK
Seq_Frame0133_Timestamp = 16.985
Seq_Frame0134_DriverToReference-SequenceTransform =-0.205811 -0.789169 -0.578665 37.1565 -0.266109 0.614175 -0.74295 153.229 0.941715 0.00108107 -0.336409 176.736 0 0 0 1 
Seq_Frame0134_DriverToReference-SequenceTransformStatus = OK
Seq_Frame0134_Timestamp = 17.095
Seq_Frame0135_DriverToReference-SequenceTransform =-0.205811 -0.789169 -0.578665 37.1565 -0.266109 0.614175 -0.74295 153.229 0.941715 0.00108107 -0.336409 176.736 0 0 0 1 
Seq_Frame0135_DriverToReference-SequenceTransformStatus = OK
Seq_Frame0135_Timestamp = 17.207
Seq_Frame0136_DriverToReference-SequenceTransform =-0.205811 -0.789169 -0.578665 37.1565 -0.266109 0.614175 -0.74295 153.229 0.941715 0.00108107 -0.336409 176.736 0 0 0 1 
Seq_Frame0136_DriverToReference-SequenceTransformStatus = OK
Seq_Frame0136_Timestamp = 17.31
Seq_Frame0137_DriverToReference-SequenceTransform =-0.205811 -0.789169 -0.578665 37.1565 -0.266109 0.614175 -0.74295 153.229 0.941715 0.00108107 -0.336409 176.736 0 0 0 1 
Seq_Frame0137_DriverToReference-SequenceTransformStatus = OK
Seq_Frame0137_Timestamp = 17.431
Seq_Frame0138_DriverToReference-SequenceTransform =-0.205811 -0.789169 -0.578665 37.1565 -0.266109 0.614175 -0.74295 153.229 0.941715 0.00108107 -0.336409 176.736 0 0 0 1 
Seq_Frame0138_DriverToReference-SequenceTransformStatus = OK
Seq_Frame0138_Timestamp = 17.546
Seq_Frame0139_DriverToReference-SequenceTransform =-0.205811 -0.789169 -0.578665 37.1565 -0.266109 0.614175 -0.74295 153.229 0.941715 0.00108107 -0.336409 176.736 0 0 0 1 
Seq_Frame0139_DriverToReference-SequenceTransformStatus = OK
Seq_Frame0139_Timestamp = 17.649
Seq_Frame0140_DriverToReference-SequenceTransform =-0.205811 -0.789169 -0.578665 37.1565 -0.266109 0.614175 -0.74295 153.229 0.941715 0.00108107 -0.336409 176.736 0 0 0 1 
Seq_Frame0140_DriverToReference-SequenceTransformStatus = OK
Seq_Frame0140_Timestamp = 17.757
Seq_Frame0141_DriverToReference-SequenceTransform =-0.24337 -0.746398 -0.619404 42.3303 -0.355498 0.662807 -0.659021 162.937 0.902437 0.0598111 -0.42665 179.245 0 0 0 1 
Seq_Frame0141_DriverToReference-SequenceTransformStatus = OK
Seq_Frame0141_Timestamp = 17.866
Seq_Frame0142_DriverToReference-SequenceTransform =-0.459753 -0.636863 -0.618897 46.695 -0.482678 0.764195 -0.427818 177.915 0.745419 0.102037 -0.65874 180.085 0 0 0 1 
Seq_Frame0142_DriverToReference-SequenceTransformStatus = OK
Seq_Frame0142_Timestamp = 17.97
Seq_Frame0143_DriverToReference-SequenceTransform =-0.650514 -0.553307 -0.520273 47.1805 -0.530101 0.821342 -0.210689 185.607 0.543897 0.138741 -0.827603 180.379 0 0 0 1 
Seq_Frame0143_DriverToReference-SequenceTransformStatus = OK
Seq_Frame0143_Timestamp = 18.08
Seq_Frame0144_DriverToReference-SequenceTransform =-0.723896 -0.541951 -0.426924 47.3487 -0.559077 0.823391 -0.0972643 183.673 0.404238 0.168274 -0.899042 183.093 0 0 0 1 
Seq_Frame0144_DriverToReference-SequenceTransformStatus = OK
Seq_Frame0144_Timestamp = 18.198
Seq_Frame0145_DriverToReference-SequenceTransform =-0.827799 -0.504487 -0.245441 51.3454 -0.539966 0.835175 0.1045 185.063 0.152267 0.219034 -0.963763 185.927 0 0 0 1 
Seq_Frame0145_DriverToReference-SequenceTransformStatus = OK
Seq_Frame0145_Timestamp = 18.31
Seq_Frame0146_DriverToReference-SequenceTransform =-0.859539 -0.48566 -0.159146 54.8425 -0.509978 0.835407 0.204984 185.454 0.0333992 0.257353 -0.96574 189.757 0 0 0 1 
Seq_Frame0146_DriverToReference-SequenceTransformStatus = OK
Seq_Frame0146_Timestamp = 18.415
Seq_Frame0147_DriverToReference-SequenceTransform =-0.869643 -0.485179 -0.0912226 57.9216 -0.491204 0.831897 0.258196 187.785 -0.0493837 0.269348 -0.961776 193.018 0 0 0 1 
Seq_Frame0147_DriverToReference-SequenceTransformStatus = OK
Seq_Frame0147_Timestamp = 18.52
Seq_Frame0148_DriverToReference-SequenceTransform =-0.873459 -0.485821 -0.0323637 59.58 -0.472023 0.828599 0.301029 185.436 -0.11943 0.278213 -0.953066 194.687 0 0 0 1 
Seq_Frame0148_DriverToReference-SequenceTransformStatus = OK
Seq_Frame0148_Timestamp = 18.63
Seq_Frame0149_DriverToReference-SequenceTransform =-0.876107 -0.482061 -0.00737262 63.8556 -0.457278 0.826027 0.32951 183.296 -0.152754 0.292057 -0.944123 196.891 0 0 0 1 
Seq_Frame0149_DriverToReference-SequenceTransformStatus = OK
Seq_Frame0149_Timestamp = 18.735
Seq_Frame0150_DriverToReference-SequenceTransform =-0.864006 -0.503426 -0.00742148 63.4772 -0.474211 0.808737 0.347949 181.302 -0.169165 0.30415 -0.937484 197.834 0 0 0 1 
Seq_Frame0150_DriverToReference-SequenceTransformStatus = OK
Seq_Frame0150_Timestamp = 18.84
Seq_Frame0151_DriverToReference-SequenceTransform =-0.857291 -0.514829 0.00191797 62.9816 -0.47319 0.78941 0.391055 180.017 -0.20284 0.33434 -0.920366 200.497 0 0 0 1 
