ObjectType = Image
NDims = 3
AnatomicalOrientation = RAI
BinaryData = True
CompressedData = False
DimSize = 0 0 423
ElementSpacing = 1 1 1
Offset = 0 0 0
TransformMatrix = 1 0 0 0 1 0 0 0 1
ElementType = MET_UCHAR
Kinds = domain domain list
Seq_Frame0000_ForcepToReference-SequenceTransform =0.406042 0.908219 0.101335 36.1894 -0.862821 0.41754 -0.284957 -17.043 -0.301115 0.028271 0.953169 -22.934 0 0 0 1 
Seq_Frame0000_ForcepToReference-SequenceTransformStatus = OK
Seq_Frame0000_Timestamp = 0.017
Seq_Frame0001_ForcepToReference-SequenceTransform =0.408595 0.907145 0.100692 36.2115 -0.863811 0.419969 -0.278309 -17.077 -0.294754 0.0267365 0.955199 -23.1594 0 0 0 1 
Seq_Frame0001_ForcepToReference-SequenceTransformStatus = OK
Seq_Frame0001_Timestamp = 0.131
Seq_Frame0002_ForcepToReference-SequenceTransform =0.407393 0.907806 0.0995978 36.2222 -0.863619 0.418418 -0.281227 -17.0917 -0.296973 0.0285553 0.954459 -23.1103 0 0 0 1 
Seq_Frame0002_ForcepToReference-SequenceTransformStatus = OK
Seq_Frame0002_Timestamp = 0.242
Seq_Frame0003_ForcepToReference-SequenceTransform =0.39911 0.911293 0.101269 36.14 -0.85244 0.409462 -0.325097 -17.214 -0.337725 0.0434234 0.940243 -22.3772 0 0 0 1 
Seq_Frame0003_ForcepToReference-SequenceTransformStatus = OK
Seq_Frame0003_Timestamp = 0.345
Seq_Frame0004_ForcepToReference-SequenceTransform =0.402203 0.90844 0.113884 36.3259 -0.871653 0.418 -0.255925 -16.6372 -0.280096 0.00366599 0.959965 -22.6601 0 0 0 1 
Seq_Frame0004_ForcepToReference-SequenceTransformStatus = OK
Seq_Frame0004_Timestamp = 1.116
Seq_Frame0005_ForcepToReference-SequenceTransform =0.406268 0.907928 0.103016 36.2228 -0.862403 0.418254 -0.285175 -17.0697 -0.302006 0.0270161 0.952923 -22.8258 0 0 0 1 
Seq_Frame0005_ForcepToReference-SequenceTransformStatus = OK
Seq_Frame0005_Timestamp = 1.225
Seq_Frame0006_ForcepToReference-SequenceTransform =0.405291 0.908498 0.101834 36.1959 -0.862858 0.416955 -0.285702 -17.0482 -0.30202 0.0279243 0.952893 -22.8874 0 0 0 1 
Seq_Frame0006_ForcepToReference-SequenceTransformStatus = OK
Seq_Frame0006_Timestamp = 1.33
Seq_Frame0007_ForcepToReference-SequenceTransform =0.405423 0.908472 0.101542 36.2025 -0.862827 0.416991 -0.28574 -17.0305 -0.301929 0.0282327 0.952912 -22.9218 0 0 0 1 
Seq_Frame0007_ForcepToReference-SequenceTransformStatus = OK
Seq_Frame0007_Timestamp = 1.435
Seq_Frame0008_ForcepToReference-SequenceTransform =0.405983 0.908205 0.101696 36.2177 -0.862731 0.417586 -0.285162 -17.0645 -0.301452 0.0280346 0.953069 -22.8962 0 0 0 1 
Seq_Frame0008_ForcepToReference-SequenceTransformStatus = OK
Seq_Frame0008_Timestamp = 1.54
Seq_Frame0009_ForcepToReference-SequenceTransform =0.405871 0.908171 0.102436 36.2099 -0.862537 0.41769 -0.285595 -17.0459 -0.302156 0.0275598 0.95286 -22.8869 0 0 0 1 
Seq_Frame0009_ForcepToReference-SequenceTransformStatus = OK
Seq_Frame0009_Timestamp = 1.645
Seq_Frame0010_ForcepToReference-SequenceTransform =0.405608 0.908327 0.1021 36.2053 -0.862754 0.417343 -0.285446 -17.0414 -0.301889 0.0276921 0.952941 -22.9123 0 0 0 1 
Seq_Frame0010_ForcepToReference-SequenceTransformStatus = OK
Seq_Frame0010_Timestamp = 1.755
Seq_Frame0011_ForcepToReference-SequenceTransform =0.405495 0.908424 0.10168 36.2053 -0.86288 0.417111 -0.285405 -17.0417 -0.30168 0.0279929 0.952998 -22.9135 0 0 0 1 
Seq_Frame0011_ForcepToReference-SequenceTransformStatus = OK
Seq_Frame0011_Timestamp = 1.86
Seq_Frame0012_ForcepToReference-SequenceTransform =0.405608 0.90835 0.101897 36.2019 -0.862688 0.417274 -0.285748 -17.0292 -0.302078 0.0279958 0.952872 -22.9408 0 0 0 1 
Seq_Frame0012_ForcepToReference-SequenceTransformStatus = OK
Seq_Frame0012_Timestamp = 1.965
Seq_Frame0013_ForcepToReference-SequenceTransform =0.405635 0.908317 0.102079 36.202 -0.862889 0.417375 -0.284993 -17.0493 -0.30147 0.0275208 0.953079 -22.919 0 0 0 1 
Seq_Frame0013_ForcepToReference-SequenceTransformStatus = OK
Seq_Frame0013_Timestamp = 2.07
Seq_Frame0014_ForcepToReference-SequenceTransform =0.405623 0.908385 0.10152 36.2209 -0.862997 0.417198 -0.284924 -17.0615 -0.301175 0.0279606 0.953159 -22.8655 0 0 0 1 
Seq_Frame0014_ForcepToReference-SequenceTransformStatus = OK
Seq_Frame0014_Timestamp = 2.181
Seq_Frame0015_ForcepToReference-SequenceTransform =0.405707 0.908299 0.101956 36.2172 -0.862612 0.417383 -0.285817 -17.0619 -0.302162 0.0280092 0.952845 -22.8686 0 0 0 1 
Seq_Frame0015_ForcepToReference-SequenceTransformStatus = OK
Seq_Frame0015_Timestamp = 2.285
Seq_Frame0016_ForcepToReference-SequenceTransform =0.405985 0.908163 0.102062 36.2153 -0.862459 0.417679 -0.285849 -17.0612 -0.302227 0.0280262 0.952824 -22.9028 0 0 0 1 
Seq_Frame0016_ForcepToReference-SequenceTransformStatus = OK
Seq_Frame0016_Timestamp = 2.395
Seq_Frame0017_ForcepToReference-SequenceTransform =0.40616 0.908022 0.10262 36.2012 -0.861919 0.417978 -0.287038 -17.0358 -0.303529 0.0281332 0.952407 -22.9366 0 0 0 1 
Seq_Frame0017_ForcepToReference-SequenceTransformStatus = OK
Seq_Frame0017_Timestamp = 2.5
Seq_Frame0018_ForcepToReference-SequenceTransform =0.405183 0.908686 0.100578 36.2114 -0.862703 0.416437 -0.286922 -17.0572 -0.302606 0.0294868 0.952659 -22.9025 0 0 0 1 
Seq_Frame0018_ForcepToReference-SequenceTransformStatus = OK
Seq_Frame0018_Timestamp = 2.61
Seq_Frame0019_ForcepToReference-SequenceTransform =0.405307 0.908621 0.100669 36.2091 -0.862783 0.416596 -0.28645 -17.0566 -0.302213 0.0292446 0.952792 -22.899 0 0 0 1 
Seq_Frame0019_ForcepToReference-SequenceTransformStatus = OK
Seq_Frame0019_Timestamp = 2.715
Seq_Frame0020_ForcepToReference-SequenceTransform =0.405121 0.908697 0.100731 36.203 -0.862677 0.416421 -0.287023 -17.0468 -0.302763 0.0293811 0.952613 -22.9203 0 0 0 1 
Seq_Frame0020_ForcepToReference-SequenceTransformStatus = OK
Seq_Frame0020_Timestamp = 2.821
Seq_Frame0021_ForcepToReference-SequenceTransform =0.40516 0.908661 0.100895 36.1989 -0.862515 0.416496 -0.287401 -17.0337 -0.303172 0.0294203 0.952481 -22.9529 0 0 0 1 
Seq_Frame0021_ForcepToReference-SequenceTransformStatus = OK
Seq_Frame0021_Timestamp = 2.925
Seq_Frame0022_ForcepToReference-SequenceTransform =0.405193 0.908628 0.101068 36.2112 -0.862799 0.41661 -0.28638 -17.0481 -0.302319 0.0288379 0.952771 -22.8894 0 0 0 1 
Seq_Frame0022_ForcepToReference-SequenceTransformStatus = OK
Seq_Frame0022_Timestamp = 3.032
Seq_Frame0023_ForcepToReference-SequenceTransform =0.40596 0.90808 0.102895 36.2011 -0.862523 0.417921 -0.285299 -17.044 -0.302077 0.0270707 0.952899 -22.8803 0 0 0 1 
Seq_Frame0023_ForcepToReference-SequenceTransformStatus = OK
Seq_Frame0023_Timestamp = 3.14
Seq_Frame0024_ForcepToReference-SequenceTransform =0.405906 0.908092 0.102995 36.2067 -0.862118 0.417863 -0.286605 -17.039 -0.303302 0.0275409 0.952496 -22.8715 0 0 0 1 
Seq_Frame0024_ForcepToReference-SequenceTransformStatus = OK
Seq_Frame0024_Timestamp = 3.245
Seq_Frame0025_ForcepToReference-SequenceTransform =0.405333 0.908514 0.101528 36.2224 -0.862737 0.416888 -0.286164 -17.0536 -0.302309 0.0284 0.952787 -22.8278 0 0 0 1 
Seq_Frame0025_ForcepToReference-SequenceTransformStatus = OK
Seq_Frame0025_Timestamp = 3.35
Seq_Frame0026_ForcepToReference-SequenceTransform =0.405351 0.908468 0.101866 36.2109 -0.862711 0.417011 -0.286063 -17.049 -0.302358 0.0280752 0.952781 -22.8358 0 0 0 1 
Seq_Frame0026_ForcepToReference-SequenceTransformStatus = OK
Seq_Frame0026_Timestamp = 3.455
Seq_Frame0027_ForcepToReference-SequenceTransform =0.405422 0.908404 0.10215 36.2067 -0.86271 0.417171 -0.285834 -17.0465 -0.302266 0.0277579 0.952819 -22.8575 0 0 0 1 
Seq_Frame0027_ForcepToReference-SequenceTransformStatus = OK
Seq_Frame0027_Timestamp = 3.565
Seq_Frame0028_ForcepToReference-SequenceTransform =0.406211 0.907874 0.103719 36.2052 -0.861879 0.418372 -0.286583 -17.0442 -0.303574 0.0270203 0.952425 -22.8746 0 0 0 1 
Seq_Frame0028_ForcepToReference-SequenceTransformStatus = OK
Seq_Frame0028_Timestamp = 3.671
Seq_Frame0029_ForcepToReference-SequenceTransform =0.405699 0.908281 0.102144 36.195 -0.863132 0.417482 -0.284099 -17.0404 -0.300685 0.0270951 0.953339 -22.9122 0 0 0 1 
Seq_Frame0029_ForcepToReference-SequenceTransformStatus = OK
Seq_Frame0029_Timestamp = 3.781
Seq_Frame0030_ForcepToReference-SequenceTransform =0.406061 0.908024 0.102993 36.1984 -0.862561 0.418055 -0.284989 -17.0247 -0.301834 0.0268854 0.952981 -22.9131 0 0 0 1 
Seq_Frame0030_ForcepToReference-SequenceTransformStatus = OK
Seq_Frame0030_Timestamp = 3.89
Seq_Frame0031_ForcepToReference-SequenceTransform =0.406129 0.907951 0.103362 36.2009 -0.862202 0.418206 -0.285853 -17.0398 -0.302767 0.0269741 0.952683 -22.8824 0 0 0 1 
Seq_Frame0031_ForcepToReference-SequenceTransformStatus = OK
Seq_Frame0031_Timestamp = 3.995
Seq_Frame0032_ForcepToReference-SequenceTransform =0.405836 0.908157 0.102705 36.2036 -0.862524 0.417739 -0.285562 -17.0378 -0.302239 0.0273061 0.952841 -22.89 0 0 0 1 
Seq_Frame0032_ForcepToReference-SequenceTransformStatus = OK
Seq_Frame0032_Timestamp = 4.105
Seq_Frame0033_ForcepToReference-SequenceTransform =0.405275 0.908605 0.100944 36.2222 -0.862807 0.416654 -0.286291 -17.0643 -0.302184 0.0289316 0.95281 -22.8449 0 0 0 1 
Seq_Frame0033_ForcepToReference-SequenceTransformStatus = OK
Seq_Frame0033_Timestamp = 4.211
Seq_Frame0034_ForcepToReference-SequenceTransform =0.40569 0.908314 0.101893 36.2023 -0.862331 0.41732 -0.286757 -17.0432 -0.302987 0.0284689 0.952569 -22.9265 0 0 0 1 
Seq_Frame0034_ForcepToReference-SequenceTransformStatus = OK
Seq_Frame0034_Timestamp = 4.324
Seq_Frame0035_ForcepToReference-SequenceTransform =0.404915 0.908854 0.100145 36.1855 -0.863456 0.416107 -0.28513 -17.038 -0.300812 0.028983 0.953243 -23.016 0 0 0 1 
Seq_Frame0035_ForcepToReference-SequenceTransformStatus = OK
Seq_Frame0035_Timestamp = 4.424
Seq_Frame0036_ForcepToReference-SequenceTransform =0.405475 0.908558 0.100563 36.2013 -0.863279 0.416778 -0.284686 -17.0567 -0.300566 0.0286195 0.953332 -22.9566 0 0 0 1 
Seq_Frame0036_ForcepToReference-SequenceTransformStatus = OK
Seq_Frame0036_Timestamp = 4.541
Seq_Frame0037_ForcepToReference-SequenceTransform =0.405701 0.908364 0.101394 36.2019 -0.862751 0.417213 -0.285647 -17.0446 -0.301774 0.0284094 0.952956 -22.961 0 0 0 1 
Seq_Frame0037_ForcepToReference-SequenceTransformStatus = OK
Seq_Frame0037_Timestamp = 4.641
Seq_Frame0038_ForcepToReference-SequenceTransform =0.406092 0.908173 0.10154 36.208 -0.862638 0.417637 -0.285367 -17.0573 -0.30157 0.0282931 0.953024 -22.9342 0 0 0 1 
Seq_Frame0038_ForcepToReference-SequenceTransformStatus = OK
Seq_Frame0038_Timestamp = 4.755
Seq_Frame0039_ForcepToReference-SequenceTransform =0.405765 0.908323 0.101511 36.2078 -0.862839 0.417322 -0.285221 -17.0489 -0.301435 0.0281447 0.953071 -22.9681 0 0 0 1 
Seq_Frame0039_ForcepToReference-SequenceTransformStatus = OK
Seq_Frame0039_Timestamp = 4.866
Seq_Frame0040_ForcepToReference-SequenceTransform =0.406056 0.908118 0.102176 36.2013 -0.862512 0.41779 -0.285525 -17.0406 -0.301979 0.0278108 0.952909 -22.9793 0 0 0 1 
Seq_Frame0040_ForcepToReference-SequenceTransformStatus = OK
Seq_Frame0040_Timestamp = 4.975
Seq_Frame0041_ForcepToReference-SequenceTransform =0.406229 0.907933 0.103131 36.2049 -0.862178 0.418231 -0.285888 -17.0561 -0.3027 0.0272187 0.952697 -22.8684 0 0 0 1 
Seq_Frame0041_ForcepToReference-SequenceTransformStatus = OK
Seq_Frame0041_Timestamp = 5.09
Seq_Frame0042_ForcepToReference-SequenceTransform =0.405506 0.908366 0.102158 36.1903 -0.862672 0.417253 -0.285827 -17.0434 -0.302261 0.027775 0.95282 -22.8968 0 0 0 1 
Seq_Frame0042_ForcepToReference-SequenceTransformStatus = OK
Seq_Frame0042_Timestamp = 5.199
Seq_Frame0043_ForcepToReference-SequenceTransform =0.405434 0.90847 0.101519 36.2068 -0.863208 0.41703 -0.284531 -17.0555 -0.300824 0.0277266 0.953276 -22.8735 0 0 0 1 
Seq_Frame0043_ForcepToReference-SequenceTransformStatus = OK
Seq_Frame0043_Timestamp = 5.305
Seq_Frame0044_ForcepToReference-SequenceTransform =0.406302 0.907824 0.103799 36.2006 -0.862171 0.418512 -0.285497 -17.0342 -0.302623 0.0265056 0.952742 -22.8949 0 0 0 1 
Seq_Frame0044_ForcepToReference-SequenceTransformStatus = OK
Seq_Frame0044_Timestamp = 5.407
Seq_Frame0045_ForcepToReference-SequenceTransform =0.405374 0.908487 0.101601 36.2013 -0.862773 0.416956 -0.285954 -17.0361 -0.302149 0.02826 0.952842 -22.8985 0 0 0 1 
Seq_Frame0045_ForcepToReference-SequenceTransformStatus = OK
Seq_Frame0045_Timestamp = 5.508
Seq_Frame0046_ForcepToReference-SequenceTransform =0.405066 0.908696 0.100959 36.2043 -0.862801 0.41645 -0.286608 -17.0493 -0.302484 0.0289878 0.952714 -22.8783 0 0 0 1 
Seq_Frame0046_ForcepToReference-SequenceTransformStatus = OK
Seq_Frame0046_Timestamp = 5.617
Seq_Frame0047_ForcepToReference-SequenceTransform =0.405872 0.908111 0.102965 36.2038 -0.861838 0.417794 -0.287548 -17.0273 -0.304144 0.0279685 0.952215 -22.8414 0 0 0 1 
Seq_Frame0047_ForcepToReference-SequenceTransformStatus = OK
Seq_Frame0047_Timestamp = 5.725
Seq_Frame0048_ForcepToReference-SequenceTransform =0.405536 0.908504 0.100805 36.193 -0.863022 0.41689 -0.2853 -17.0587 -0.301221 0.0287028 0.953122 -22.8888 0 0 0 1 
Seq_Frame0048_ForcepToReference-SequenceTransformStatus = OK
Seq_Frame0048_Timestamp = 5.835
Seq_Frame0049_ForcepToReference-SequenceTransform =0.405673 0.908377 0.101394 36.1957 -0.863086 0.417217 -0.284627 -17.0515 -0.300852 0.0279539 0.953261 -22.9443 0 0 0 1 
Seq_Frame0049_ForcepToReference-SequenceTransformStatus = OK
Seq_Frame0049_Timestamp = 5.941
Seq_Frame0050_ForcepToReference-SequenceTransform =0.405749 0.908225 0.102447 36.2081 -0.862581 0.417576 -0.28563 -17.0509 -0.302195 0.0275252 0.952849 -22.8525 0 0 0 1 
Seq_Frame0050_ForcepToReference-SequenceTransformStatus = OK
Seq_Frame0050_Timestamp = 6.05
Seq_Frame0051_ForcepToReference-SequenceTransform =0.405497 0.908351 0.102328 36.2026 -0.862376 0.41727 -0.286693 -17.0385 -0.303116 0.0280078 0.952542 -22.8679 0 0 0 1 
Seq_Frame0051_ForcepToReference-SequenceTransformStatus = OK
Seq_Frame0051_Timestamp = 6.155
Seq_Frame0052_ForcepToReference-SequenceTransform =0.405561 0.908274 0.102757 36.1956 -0.862706 0.417499 -0.285365 -17.05 -0.302091 0.0270838 0.952894 -22.8636 0 0 0 1 
Seq_Frame0052_ForcepToReference-SequenceTransformStatus = OK
Seq_Frame0052_Timestamp = 6.26
Seq_Frame0053_ForcepToReference-SequenceTransform =0.406134 0.907873 0.104025 36.2114 -0.86258 0.418453 -0.284346 -17.0519 -0.30168 0.0257521 0.953062 -22.817 0 0 0 1 
Seq_Frame0053_ForcepToReference-SequenceTransformStatus = OK
Seq_Frame0053_Timestamp = 6.377
Seq_Frame0054_ForcepToReference-SequenceTransform =0.40587 0.908073 0.103308 36.1931 -0.862703 0.417978 -0.284673 -17.0405 -0.301684 0.0264164 0.953042 -22.856 0 0 0 1 
Seq_Frame0054_ForcepToReference-SequenceTransformStatus = OK
Seq_Frame0054_Timestamp = 6.48
Seq_Frame0055_ForcepToReference-SequenceTransform =0.40575 0.908256 0.102164 36.2155 -0.862972 0.417524 -0.284523 -17.0558 -0.301075 0.0272802 0.95321 -22.8372 0 0 0 1 
Seq_Frame0055_ForcepToReference-SequenceTransformStatus = OK
Seq_Frame0055_Timestamp = 6.59
Seq_Frame0056_ForcepToReference-SequenceTransform =0.407229 0.90734 0.104394 36.2081 -0.862407 0.419637 -0.283125 -17.0625 -0.300699 0.0252664 0.953384 -22.8355 0 0 0 1 
Seq_Frame0056_ForcepToReference-SequenceTransformStatus = OK
Seq_Frame0056_Timestamp = 6.695
Seq_Frame0057_ForcepToReference-SequenceTransform =0.406126 0.908258 0.100641 36.2271 -0.863259 0.417448 -0.283762 -17.0674 -0.299741 0.0283637 0.953599 -22.9011 0 0 0 1 
Seq_Frame0057_ForcepToReference-SequenceTransformStatus = OK
Seq_Frame0057_Timestamp = 6.8
Seq_Frame0058_ForcepToReference-SequenceTransform =0.406204 0.908019 0.102464 36.21 -0.863128 0.418082 -0.283225 -17.0527 -0.300012 0.0266078 0.953564 -22.8743 0 0 0 1 
Seq_Frame0058_ForcepToReference-SequenceTransformStatus = OK
Seq_Frame0058_Timestamp = 6.905
Seq_Frame0059_ForcepToReference-SequenceTransform =0.406378 0.907775 0.103929 36.2127 -0.862482 0.418656 -0.284347 -17.0522 -0.301633 0.0259156 0.953072 -22.8215 0 0 0 1 
Seq_Frame0059_ForcepToReference-SequenceTransformStatus = OK
Seq_Frame0059_Timestamp = 7.015
Seq_Frame0060_ForcepToReference-SequenceTransform =0.40583 0.908159 0.102707 36.2098 -0.86287 0.417765 -0.284477 -17.056 -0.301258 0.0268265 0.953165 -22.8526 0 0 0 1 
Seq_Frame0060_ForcepToReference-SequenceTransformStatus = OK
Seq_Frame0060_Timestamp = 7.12
Seq_Frame0061_ForcepToReference-SequenceTransform =0.406067 0.908016 0.103038 36.2263 -0.862553 0.418074 -0.284984 -17.0657 -0.301848 0.0268464 0.952978 -22.7824 0 0 0 1 
Seq_Frame0061_ForcepToReference-SequenceTransformStatus = OK
Seq_Frame0061_Timestamp = 7.23
Seq_Frame0062_ForcepToReference-SequenceTransform =0.406065 0.90806 0.102658 36.2191 -0.862753 0.417972 -0.284528 -17.0626 -0.301276 0.0269684 0.953155 -22.8303 0 0 0 1 
Seq_Frame0062_ForcepToReference-SequenceTransformStatus = OK
Seq_Frame0062_Timestamp = 7.332
Seq_Frame0063_ForcepToReference-SequenceTransform =0.406144 0.907993 0.102937 36.2131 -0.862528 0.418117 -0.284996 -17.0476 -0.301814 0.0269638 0.952985 -22.8692 0 0 0 1 
Seq_Frame0063_ForcepToReference-SequenceTransformStatus = OK
Seq_Frame0063_Timestamp = 7.44
Seq_Frame0064_ForcepToReference-SequenceTransform =0.405988 0.908065 0.102916 36.2141 -0.862796 0.41798 -0.284388 -17.0434 -0.30126 0.0266622 0.953169 -22.8601 0 0 0 1 
Seq_Frame0064_ForcepToReference-SequenceTransformStatus = OK
Seq_Frame0064_Timestamp = 7.541
Seq_Frame0065_ForcepToReference-SequenceTransform =0.405595 0.908333 0.1021 36.2089 -0.862864 0.417341 -0.285118 -17.0584 -0.301593 0.0275441 0.953039 -22.8835 0 0 0 1 
Seq_Frame0065_ForcepToReference-SequenceTransformStatus = OK
Seq_Frame0065_Timestamp = 7.641
Seq_Frame0066_ForcepToReference-SequenceTransform =0.405605 0.908345 0.101949 36.2068 -0.862716 0.417289 -0.285639 -17.0485 -0.302001 0.0279041 0.952899 -22.8819 0 0 0 1 
Seq_Frame0066_ForcepToReference-SequenceTransformStatus = OK
Seq_Frame0066_Timestamp = 7.745
Seq_Frame0067_ForcepToReference-SequenceTransform =0.405016 0.908723 0.100918 36.1867 -0.863269 0.416432 -0.285221 -17.0416 -0.301212 0.0283993 0.953134 -22.9436 0 0 0 1 
Seq_Frame0067_ForcepToReference-SequenceTransformStatus = OK
Seq_Frame0067_Timestamp = 7.85
Seq_Frame0068_ForcepToReference-SequenceTransform =0.406183 0.907965 0.10303 36.2077 -0.862499 0.418182 -0.28499 -17.0442 -0.301846 0.0268948 0.952977 -22.8642 0 0 0 1 
Seq_Frame0068_ForcepToReference-SequenceTransformStatus = OK
Seq_Frame0068_Timestamp = 7.96
Seq_Frame0069_ForcepToReference-SequenceTransform =0.406092 0.908093 0.102253 36.2298 -0.862663 0.417863 -0.284961 -17.0596 -0.301499 0.0275107 0.953069 -22.8315 0 0 0 1 
Seq_Frame0069_ForcepToReference-SequenceTransformStatus = OK
Seq_Frame0069_Timestamp = 8.065
Seq_Frame0070_ForcepToReference-SequenceTransform =0.405608 0.90837 0.101717 36.1976 -0.862689 0.417217 -0.285827 -17.0356 -0.302075 0.0281839 0.952868 -22.9356 0 0 0 1 
Seq_Frame0070_ForcepToReference-SequenceTransformStatus = OK
Seq_Frame0070_Timestamp = 8.175
Seq_Frame0071_ForcepToReference-SequenceTransform =0.405589 0.908404 0.10149 36.2185 -0.862799 0.417136 -0.285613 -17.0523 -0.301787 0.0282763 0.952956 -22.8685 0 0 0 1 
Seq_Frame0071_ForcepToReference-SequenceTransformStatus = OK
Seq_Frame0071_Timestamp = 8.291
Seq_Frame0072_ForcepToReference-SequenceTransform =0.405541 0.908399 0.101725 36.211 -0.86282 0.417165 -0.285508 -17.0433 -0.301791 0.0280145 0.952962 -22.8989 0 0 0 1 
Seq_Frame0072_ForcepToReference-SequenceTransformStatus = OK
Seq_Frame0072_Timestamp = 8.406
Seq_Frame0073_ForcepToReference-SequenceTransform =0.406001 0.908061 0.102897 36.1993 -0.862559 0.417966 -0.285124 -17.0261 -0.301918 0.0270056 0.952951 -22.9245 0 0 0 1 
Seq_Frame0073_ForcepToReference-SequenceTransformStatus = OK
Seq_Frame0073_Timestamp = 8.51
Seq_Frame0074_ForcepToReference-SequenceTransform =0.40561 0.908353 0.10186 36.2114 -0.862751 0.417269 -0.285566 -17.0516 -0.301898 0.0279486 0.95293 -22.8777 0 0 0 1 
Seq_Frame0074_ForcepToReference-SequenceTransformStatus = OK
Seq_Frame0074_Timestamp = 8.615
Seq_Frame0075_ForcepToReference-SequenceTransform =0.405566 0.908374 0.101851 36.2118 -0.862754 0.417223 -0.285623 -17.0504 -0.301946 0.0279667 0.952915 -22.8778 0 0 0 1 
Seq_Frame0075_ForcepToReference-SequenceTransformStatus = OK
Seq_Frame0075_Timestamp = 8.727
Seq_Frame0076_ForcepToReference-SequenceTransform =0.405654 0.908296 0.102188 36.2016 -0.86282 0.417423 -0.285132 -17.039 -0.30164 0.0274946 0.953025 -22.9153 0 0 0 1 
Seq_Frame0076_ForcepToReference-SequenceTransformStatus = OK
Seq_Frame0076_Timestamp = 8.83
Seq_Frame0077_ForcepToReference-SequenceTransform =0.405562 0.908327 0.102284 36.2112 -0.862749 0.417355 -0.285446 -17.0491 -0.301967 0.0275204 0.952921 -22.8701 0 0 0 1 
Seq_Frame0077_ForcepToReference-SequenceTransformStatus = OK
Seq_Frame0077_Timestamp = 8.94
Seq_Frame0078_ForcepToReference-SequenceTransform =0.40579 0.908143 0.103011 36.2063 -0.862653 0.4178 -0.285083 -17.0451 -0.301934 0.026821 0.952951 -22.8589 0 0 0 1 
Seq_Frame0078_ForcepToReference-SequenceTransformStatus = OK
Seq_Frame0078_Timestamp = 9.046
Seq_Frame0079_ForcepToReference-SequenceTransform =0.405847 0.908137 0.102833 36.2019 -0.862487 0.417787 -0.285606 -17.0477 -0.302332 0.0272198 0.952814 -22.8759 0 0 0 1 
Seq_Frame0079_ForcepToReference-SequenceTransformStatus = OK
Seq_Frame0079_Timestamp = 9.155
Seq_Frame0080_ForcepToReference-SequenceTransform =0.405352 0.908493 0.101635 36.2031 -0.862796 0.416947 -0.285899 -17.05 -0.302114 0.0281993 0.952855 -22.8783 0 0 0 1 
Seq_Frame0080_ForcepToReference-SequenceTransformStatus = OK
Seq_Frame0080_Timestamp = 9.257
Seq_Frame0081_ForcepToReference-SequenceTransform =0.405393 0.908511 0.101311 36.2013 -0.862948 0.4169 -0.285509 -17.0499 -0.301625 0.0283171 0.953006 -22.9057 0 0 0 1 
Seq_Frame0081_ForcepToReference-SequenceTransformStatus = OK
Seq_Frame0081_Timestamp = 9.36
Seq_Frame0082_ForcepToReference-SequenceTransform =0.406098 0.90799 0.103145 36.2101 -0.862392 0.418125 -0.285397 -17.0455 -0.302265 0.0269477 0.952843 -22.8425 0 0 0 1 
Seq_Frame0082_ForcepToReference-SequenceTransformStatus = OK
Seq_Frame0082_Timestamp = 9.47
Seq_Frame0083_ForcepToReference-SequenceTransform =0.406157 0.907906 0.103653 36.202 -0.862301 0.418335 -0.285363 -17.042 -0.302445 0.0265227 0.952798 -22.8945 0 0 0 1 
Seq_Frame0083_ForcepToReference-SequenceTransformStatus = OK
Seq_Frame0083_Timestamp = 9.575
Seq_Frame0084_ForcepToReference-SequenceTransform =0.404767 0.90895 0.0998662 36.1962 -0.863031 0.415831 -0.286814 -17.0573 -0.302227 0.0299052 0.952767 -22.9796 0 0 0 1 
Seq_Frame0084_ForcepToReference-SequenceTransformStatus = OK
Seq_Frame0084_Timestamp = 9.685
Seq_Frame0085_ForcepToReference-SequenceTransform =0.399015 0.91129 0.101674 36.2136 -0.858515 0.410235 -0.307667 -17.0723 -0.322084 0.0354748 0.946046 -22.5227 0 0 0 1 
Seq_Frame0085_ForcepToReference-SequenceTransformStatus = OK
Seq_Frame0085_Timestamp = 10.68
Seq_Frame0086_ForcepToReference-SequenceTransform =0.399015 0.91129 0.101674 36.2136 -0.858515 0.410235 -0.307667 -17.0723 -0.322084 0.0354748 0.946046 -22.5227 0 0 0 1 
Seq_Frame0086_ForcepToReference-SequenceTransformStatus = OK
Seq_Frame0086_Timestamp = 10.785
Seq_Frame0087_ForcepToReference-SequenceTransform =-0.0852593 -0.386825 -0.918203 76.1767 0.836747 -0.528101 0.144785 158.839 -0.540911 -0.75596 0.3687 -37.943 0 0 0 1 
Seq_Frame0087_ForcepToReference-SequenceTransformStatus = OK
Seq_Frame0087_Timestamp = 10.89
Seq_Frame0088_ForcepToReference-SequenceTransform =-0.354783 -0.27577 -0.893353 74.2767 0.765999 -0.633598 -0.108621 176.195 -0.536073 -0.722845 0.436029 -12.8071 0 0 0 1 
Seq_Frame0088_ForcepToReference-SequenceTransformStatus = OK
Seq_Frame0088_Timestamp = 11
Seq_Frame0089_ForcepToReference-SequenceTransform =-0.83698 0.101398 -0.537758 54.1968 0.378854 -0.601742 -0.703119 185.295 -0.394886 -0.792228 0.465231 10.1677 0 0 0 1 
Seq_Frame0089_ForcepToReference-SequenceTransformStatus = OK
Seq_Frame0089_Timestamp = 11.2
Seq_Frame0090_ForcepToReference-SequenceTransform =0.372085 -0.451558 0.810955 56.8519 -0.230032 0.801571 0.551877 175.916 -0.899243 -0.391891 0.19438 8.2465 0 0 0 1 
Seq_Frame0090_ForcepToReference-SequenceTransformStatus = OK
Seq_Frame0090_Timestamp = 11.35
Seq_Frame0091_ForcepToReference-SequenceTransform =-0.637626 0.762621 -0.108827 108.459 0.176547 0.00715509 -0.984266 184.122 -0.749843 -0.646806 -0.139201 68.437 0 0 0 1 
Seq_Frame0091_ForcepToReference-SequenceTransformStatus = OK
Seq_Frame0091_Timestamp = 12.445
Seq_Frame0092_ForcepToReference-SequenceTransform =-0.631018 0.764957 -0.12906 110.202 0.179791 -0.0176292 -0.983547 185.549 -0.754647 -0.64384 -0.126408 66.6486 0 0 0 1 
Seq_Frame0092_ForcepToReference-SequenceTransformStatus = OK
Seq_Frame0092_Timestamp = 12.55
Seq_Frame0093_ForcepToReference-SequenceTransform =-0.621398 0.772847 -0.128732 110.106 0.186879 -0.0133608 -0.982292 186.111 -0.760882 -0.634451 -0.136127 67.5403 0 0 0 1 
Seq_Frame0093_ForcepToReference-SequenceTransformStatus = OK
Seq_Frame0093_Timestamp = 12.66
Seq_Frame0094_ForcepToReference-SequenceTransform =-0.616765 0.778096 -0.11903 108.335 0.179953 -0.00783319 -0.983644 187.665 -0.766302 -0.628097 -0.135189 68.0341 0 0 0 1 
Seq_Frame0094_ForcepToReference-SequenceTransformStatus = OK
Seq_Frame0094_Timestamp = 12.765
Seq_Frame0095_ForcepToReference-SequenceTransform =-0.616152 0.778256 -0.121141 107.133 0.186205 -0.00551243 -0.982495 188.142 -0.7653 -0.627923 -0.141518 67.2903 0 0 0 1 
Seq_Frame0095_ForcepToReference-SequenceTransformStatus = OK
Seq_Frame0095_Timestamp = 12.88
Seq_Frame0096_ForcepToReference-SequenceTransform =-0.607181 0.783239 -0.133668 106.677 0.203401 -0.00940532 -0.97905 190.1 -0.768088 -0.621649 -0.153601 67.6277 0 0 0 1 
Seq_Frame0096_ForcepToReference-SequenceTransformStatus = OK
Seq_Frame0096_Timestamp = 12.982
Seq_Frame0097_ForcepToReference-SequenceTransform =-0.605769 0.784733 -0.131293 104.447 0.213545 0.00139506 -0.976932 190.808 -0.766448 -0.619832 -0.168421 71.8652 0 0 0 1 
Seq_Frame0097_ForcepToReference-SequenceTransformStatus = OK
Seq_Frame0097_Timestamp = 13.09
Seq_Frame0098_ForcepToReference-SequenceTransform =-0.617993 0.775981 -0.126247 103.001 0.222408 0.0185361 -0.974777 191.216 -0.754068 -0.630484 -0.18404 75.4945 0 0 0 1 
Seq_Frame0098_ForcepToReference-SequenceTransformStatus = OK
Seq_Frame0098_Timestamp = 13.201
Seq_Frame0099_ForcepToReference-SequenceTransform =-0.621118 0.772072 -0.134597 103.155 0.230381 0.0157168 -0.972974 190.977 -0.749091 -0.63534 -0.187632 76.3726 0 0 0 1 
Seq_Frame0099_ForcepToReference-SequenceTransformStatus = OK
Seq_Frame0099_Timestamp = 13.307
Seq_Frame0100_ForcepToReference-SequenceTransform =-0.622135 0.768978 -0.147042 103.68 0.237889 0.00673853 -0.971269 190.745 -0.745893 -0.63924 -0.187123 75.8461 0 0 0 1 
Seq_Frame0100_ForcepToReference-SequenceTransformStatus = OK
Seq_Frame0100_Timestamp = 13.416
Seq_Frame0101_ForcepToReference-SequenceTransform =-0.621296 0.766834 -0.161111 104.198 0.246177 -0.00417723 -0.969216 190.641 -0.743901 -0.641832 -0.186181 75.0558 0 0 0 1 
Seq_Frame0101_ForcepToReference-SequenceTransformStatus = OK
Seq_Frame0101_Timestamp = 13.516
Seq_Frame0102_ForcepToReference-SequenceTransform =-0.619533 0.766534 -0.169128 105.244 0.241241 -0.0191051 -0.970277 190.622 -0.746982 -0.641919 -0.173083 72.866 0 0 0 1 
Seq_Frame0102_ForcepToReference-SequenceTransformStatus = OK
Seq_Frame0102_Timestamp = 13.63
Seq_Frame0103_ForcepToReference-SequenceTransform =-0.625713 0.761137 -0.170745 105.683 0.234734 -0.0250196 -0.971738 190.636 -0.743897 -0.648109 -0.163009 71.3869 0 0 0 1 
Seq_Frame0103_ForcepToReference-SequenceTransformStatus = OK
Seq_Frame0103_Timestamp = 13.735
Seq_Frame0104_ForcepToReference-SequenceTransform =-0.624743 0.760999 -0.174865 106.285 0.236785 -0.0287624 -0.971136 190.297 -0.744063 -0.648116 -0.162224 71.5615 0 0 0 1 
Seq_Frame0104_ForcepToReference-SequenceTransformStatus = OK
Seq_Frame0104_Timestamp = 13.846
Seq_Frame0105_ForcepToReference-SequenceTransform =-0.624608 0.760588 -0.177115 106.327 0.241205 -0.0278158 -0.970075 190.401 -0.742755 -0.648638 -0.166084 71.9529 0 0 0 1 
Seq_Frame0105_ForcepToReference-SequenceTransformStatus = OK
Seq_Frame0105_Timestamp = 13.955
Seq_Frame0106_ForcepToReference-SequenceTransform =-0.624059 0.762659 -0.170007 105.439 0.237092 -0.0224945 -0.971227 190.148 -0.744539 -0.64641 -0.166782 71.7324 0 0 0 1 
Seq_Frame0106_ForcepToReference-SequenceTransformStatus = OK
Seq_Frame0106_Timestamp = 14.06
Seq_Frame0107_ForcepToReference-SequenceTransform =-0.62356 0.763514 -0.167986 105.637 0.23422 -0.0225528 -0.971922 190.463 -0.745864 -0.645398 -0.164767 71.6875 0 0 0 1 
Seq_Frame0107_ForcepToReference-SequenceTransformStatus = OK
Seq_Frame0107_Timestamp = 14.17
Seq_Frame0108_ForcepToReference-SequenceTransform =-0.620659 0.7662 -0.166495 105.373 0.240458 -0.016113 -0.970526 190.457 -0.746299 -0.642401 -0.174238 72.8032 0 0 0 1 
Seq_Frame0108_ForcepToReference-SequenceTransformStatus = OK
Seq_Frame0108_Timestamp = 14.28
Seq_Frame0109_ForcepToReference-SequenceTransform =-0.625161 0.762157 -0.168198 105.064 0.251118 -0.00762917 -0.967927 190.242 -0.738995 -0.647347 -0.186622 75.2614 0 0 0 1 
Seq_Frame0109_ForcepToReference-SequenceTransformStatus = OK
Seq_Frame0109_Timestamp = 14.385
Seq_Frame0110_ForcepToReference-SequenceTransform =-0.627217 0.761292 -0.164421 104.763 0.248425 -0.00452983 -0.968641 190.374 -0.738163 -0.648394 -0.186282 76.1598 0 0 0 1 
Seq_Frame0110_ForcepToReference-SequenceTransformStatus = OK
Seq_Frame0110_Timestamp = 14.496
Seq_Frame0111_ForcepToReference-SequenceTransform =-0.627292 0.759469 -0.172371 105.126 0.254647 -0.00914285 -0.966991 189.996 -0.735976 -0.650479 -0.187661 76.1864 0 0 0 1 
Seq_Frame0111_ForcepToReference-SequenceTransformStatus = OK
Seq_Frame0111_Timestamp = 14.6
Seq_Frame0112_ForcepToReference-SequenceTransform =-0.627517 0.758174 -0.177184 105.712 0.257209 -0.0129318 -0.966269 189.731 -0.734892 -0.651924 -0.186894 76.4649 0 0 0 1 
Seq_Frame0112_ForcepToReference-SequenceTransformStatus = OK
Seq_Frame0112_Timestamp = 14.71
Seq_Frame0113_ForcepToReference-SequenceTransform =-0.628124 0.758202 -0.174903 105.205 0.25682 -0.010173 -0.966406 189.938 -0.73451 -0.651941 -0.188331 76.334 0 0 0 1 
Seq_Frame0113_ForcepToReference-SequenceTransformStatus = OK
Seq_Frame0113_Timestamp = 14.815
Seq_Frame0114_ForcepToReference-SequenceTransform =-0.627611 0.762207 -0.158568 104.476 0.248037 0.0027003 -0.968747 189.359 -0.737958 -0.647327 -0.19075 77.1435 0 0 0 1 
Seq_Frame0114_ForcepToReference-SequenceTransformStatus = OK
Seq_Frame0114_Timestamp = 14.921
Seq_Frame0115_ForcepToReference-SequenceTransform =-0.631945 0.757868 -0.162116 104.14 0.252121 0.00323084 -0.96769 190.328 -0.732858 -0.6524 -0.193116 77.311 0 0 0 1 
Seq_Frame0115_ForcepToReference-SequenceTransformStatus = OK
Seq_Frame0115_Timestamp = 15.03
Seq_Frame0116_ForcepToReference-SequenceTransform =-0.641085 0.747231 -0.175088 103.938 0.262612 -0.000783619 -0.964901 190.388 -0.721141 -0.664564 -0.19573 78.2502 0 0 0 1 
Seq_Frame0116_ForcepToReference-SequenceTransformStatus = OK
Seq_Frame0116_Timestamp = 15.139
Seq_Frame0117_ForcepToReference-SequenceTransform =-0.641309 0.745896 -0.179892 103.792 0.270067 -1.56558e-05 -0.962842 190.196 -0.718183 -0.666062 -0.201432 78.5677 0 0 0 1 
Seq_Frame0117_ForcepToReference-SequenceTransformStatus = OK
Seq_Frame0117_Timestamp = 15.246
Seq_Frame0118_ForcepToReference-SequenceTransform =-0.64309 0.744776 -0.178171 103.261 0.264222 -0.00257831 -0.964459 190.476 -0.718765 -0.66731 -0.195128 77.7241 0 0 0 1 
Seq_Frame0118_ForcepToReference-SequenceTransformStatus = OK
Seq_Frame0118_Timestamp = 15.354
Seq_Frame0119_ForcepToReference-SequenceTransform =-0.647064 0.743398 -0.169317 102.537 0.256451 0.00307606 -0.966552 190.05 -0.718012 -0.668843 -0.192635 78.5159 0 0 0 1 
Seq_Frame0119_ForcepToReference-SequenceTransformStatus = OK
Seq_Frame0119_Timestamp = 15.46
Seq_Frame0120_ForcepToReference-SequenceTransform =-0.648844 0.739312 -0.180055 102.515 0.265615 -0.00168317 -0.964078 190.309 -0.713057 -0.673361 -0.19528 78.9029 0 0 0 1 
Seq_Frame0120_ForcepToReference-SequenceTransformStatus = OK
Seq_Frame0120_Timestamp = 15.565
Seq_Frame0121_ForcepToReference-SequenceTransform =-0.651805 0.734368 -0.189351 102.479 0.274859 -0.0039517 -0.961477 190.704 -0.706826 -0.67874 -0.199272 79.1728 0 0 0 1 
Seq_Frame0121_ForcepToReference-SequenceTransformStatus = OK
Seq_Frame0121_Timestamp = 15.675
Seq_Frame0122_ForcepToReference-SequenceTransform =-0.651552 0.733642 -0.193 102.597 0.27629 -0.00744757 -0.961045 190.497 -0.706501 -0.679495 -0.197846 79.3452 0 0 0 1 
Seq_Frame0122_ForcepToReference-SequenceTransformStatus = OK
Seq_Frame0122_Timestamp = 15.785
Seq_Frame0123_ForcepToReference-SequenceTransform =-0.648995 0.734115 -0.199704 102.885 0.283383 -0.0103428 -0.958951 190.641 -0.706045 -0.678947 -0.201323 79.6263 0 0 0 1 
Seq_Frame0123_ForcepToReference-SequenceTransformStatus = OK
Seq_Frame0123_Timestamp = 15.9
Seq_Frame0124_ForcepToReference-SequenceTransform =-0.648994 0.732763 -0.20461 103.316 0.288134 -0.0121714 -0.957513 190.812 -0.70412 -0.680375 -0.203235 79.9466 0 0 0 1 
Seq_Frame0124_ForcepToReference-SequenceTransformStatus = OK
Seq_Frame0124_Timestamp = 16.015
Seq_Frame0125_ForcepToReference-SequenceTransform =-0.649972 0.730403 -0.209875 103.995 0.287823 -0.0189996 -0.957495 190.689 -0.703345 -0.682752 -0.197878 79.6026 0 0 0 1 
Seq_Frame0125_ForcepToReference-SequenceTransformStatus = OK
Seq_Frame0125_Timestamp = 16.123
Seq_Frame0126_ForcepToReference-SequenceTransform =-0.648837 0.731406 -0.209895 103.963 0.286044 -0.0211647 -0.957983 189.864 -0.705117 -0.681613 -0.195482 79.2711 0 0 0 1 
Seq_Frame0126_ForcepToReference-SequenceTransformStatus = OK
Seq_Frame0126_Timestamp = 16.23
Seq_Frame0127_ForcepToReference-SequenceTransform =-0.649025 0.731628 -0.208534 104.051 0.277071 -0.0279643 -0.960443 188.938 -0.708518 -0.68113 -0.184563 78.4967 0 0 0 1 
Seq_Frame0127_ForcepToReference-SequenceTransformStatus = OK
Seq_Frame0127_Timestamp = 16.34
Seq_Frame0128_ForcepToReference-SequenceTransform =-0.644653 0.734658 -0.211425 104.926 0.277436 -0.0328809 -0.960181 188.634 -0.712357 -0.67764 -0.182624 78.2201 0 0 0 1 
Seq_Frame0128_ForcepToReference-SequenceTransformStatus = OK
Seq_Frame0128_Timestamp = 16.445
Seq_Frame0129_ForcepToReference-SequenceTransform =-0.641673 0.73672 -0.213305 105.217 0.279963 -0.0339367 -0.959411 188.563 -0.714056 -0.675346 -0.184478 77.7318 0 0 0 1 
Seq_Frame0129_ForcepToReference-SequenceTransformStatus = OK
Seq_Frame0129_Timestamp = 16.555
Seq_Frame0130_ForcepToReference-SequenceTransform =-0.641216 0.736281 -0.216178 105.687 0.27762 -0.0400457 -0.959856 188.099 -0.71538 -0.67549 -0.178729 77.8186 0 0 0 1 
Seq_Frame0130_ForcepToReference-SequenceTransformStatus = OK
Seq_Frame0130_Timestamp = 16.66
Seq_Frame0131_ForcepToReference-SequenceTransform =-0.643771 0.732049 -0.222851 106.231 0.278894 -0.0467332 -0.959184 188.008 -0.712584 -0.679647 -0.174079 77.6112 0 0 0 1 
Seq_Frame0131_ForcepToReference-SequenceTransformStatus = OK
Seq_Frame0131_Timestamp = 16.77
Seq_Frame0132_ForcepToReference-SequenceTransform =-0.641368 0.731854 -0.230298 106.574 0.285074 -0.0513594 -0.957129 188.04 -0.712306 -0.679523 -0.175692 77.2549 0 0 0 1 
Seq_Frame0132_ForcepToReference-SequenceTransformStatus = OK
Seq_Frame0132_Timestamp = 16.882
Seq_Frame0133_ForcepToReference-SequenceTransform =-0.642813 0.728265 -0.237535 106.655 0.293411 -0.052358 -0.954551 188.505 -0.707603 -0.683293 -0.180025 77.7953 0 0 0 1 
Seq_Frame0133_ForcepToReference-SequenceTransformStatus = OK
Seq_Frame0133_Timestamp = 16.985
Seq_Frame0134_ForcepToReference-SequenceTransform =-0.647433 0.725082 -0.234703 106.145 0.28729 -0.0530461 -0.956374 188.805 -0.7059 -0.686616 -0.173965 77.4787 0 0 0 1 
Seq_Frame0134_ForcepToReference-SequenceTransformStatus = OK
Seq_Frame0134_Timestamp = 17.095
Seq_Frame0135_ForcepToReference-SequenceTransform =-0.645145 0.728641 -0.229936 105.375 0.285723 -0.0490354 -0.957057 188.961 -0.708626 -0.683139 -0.176555 77.0058 0 0 0 1 
Seq_Frame0135_ForcepToReference-SequenceTransformStatus = OK
Seq_Frame0135_Timestamp = 17.207
Seq_Frame0136_ForcepToReference-SequenceTransform =-0.645407 0.729081 -0.227794 105.046 0.285608 -0.0462471 -0.95723 189.104 -0.708433 -0.682863 -0.178383 77.0737 0 0 0 1 
Seq_Frame0136_ForcepToReference-SequenceTransformStatus = OK
Seq_Frame0136_Timestamp = 17.31
Seq_Frame0137_ForcepToReference-SequenceTransform =-0.643941 0.729616 -0.230216 105.082 0.285196 -0.0503027 -0.957148 189.197 -0.709932 -0.682004 -0.175692 76.4417 0 0 0 1 
Seq_Frame0137_ForcepToReference-SequenceTransformStatus = OK
Seq_Frame0137_Timestamp = 17.431
Seq_Frame0138_ForcepToReference-SequenceTransform =-0.6464 0.728513 -0.226795 104.677 0.277497 -0.0524202 -0.959295 189.291 -0.710747 -0.683024 -0.168276 75.7461 0 0 0 1 
Seq_Frame0138_ForcepToReference-SequenceTransformStatus = OK
Seq_Frame0138_Timestamp = 17.546
Seq_Frame0139_ForcepToReference-SequenceTransform =-0.651052 0.727567 -0.216281 104.198 0.263689 -0.0503961 -0.96329 189.326 -0.711758 -0.684183 -0.159041 75.0384 0 0 0 1 
Seq_Frame0139_ForcepToReference-SequenceTransformStatus = OK
Seq_Frame0139_Timestamp = 17.649
Seq_Frame0140_ForcepToReference-SequenceTransform =-0.657681 0.725574 -0.20248 102.283 0.252551 -0.0408547 -0.966721 189.479 -0.7097 -0.68693 -0.156375 74.9287 0 0 0 1 
Seq_Frame0140_ForcepToReference-SequenceTransformStatus = OK
Seq_Frame0140_Timestamp = 17.757
Seq_Frame0141_ForcepToReference-SequenceTransform =-0.656417 0.724952 -0.208714 102.922 0.248107 -0.0538164 -0.967237 188.755 -0.712432 -0.686694 -0.14454 73.8478 0 0 0 1 
Seq_Frame0141_ForcepToReference-SequenceTransformStatus = OK
Seq_Frame0141_Timestamp = 17.866
Seq_Frame0142_ForcepToReference-SequenceTransform =-0.65635 0.720186 -0.224806 104.078 0.249845 -0.0736748 -0.965479 187.824 -0.711887 -0.689858 -0.131579 71.8147 0 0 0 1 
Seq_Frame0142_ForcepToReference-SequenceTransformStatus = OK
Seq_Frame0142_Timestamp = 17.97
Seq_Frame0143_ForcepToReference-SequenceTransform =-0.653202 0.721285 -0.230379 105.168 0.242735 -0.0887261 -0.966027 187.087 -0.717221 -0.686932 -0.117125 70.5807 0 0 0 1 
Seq_Frame0143_ForcepToReference-SequenceTransformStatus = OK
Seq_Frame0143_Timestamp = 18.08
Seq_Frame0144_ForcepToReference-SequenceTransform =-0.65763 0.720547 -0.219854 104.735 0.228715 -0.0870984 -0.969589 186.211 -0.717783 -0.687915 -0.107522 68.9613 0 0 0 1 
Seq_Frame0144_ForcepToReference-SequenceTransformStatus = OK
Seq_Frame0144_Timestamp = 18.198
Seq_Frame0145_ForcepToReference-SequenceTransform =-0.662136 0.720522 -0.205968 104.21 0.214552 -0.0810729 -0.973342 185.852 -0.718013 -0.688676 -0.100908 65.9478 0 0 0 1 
Seq_Frame0145_ForcepToReference-SequenceTransformStatus = OK
Seq_Frame0145_Timestamp = 18.31
Seq_Frame0146_ForcepToReference-SequenceTransform =-0.66452 0.718707 -0.20463 104.125 0.210331 -0.0828757 -0.974111 185.229 -0.717059 -0.690357 -0.0960938 64.9788 0 0 0 1 
Seq_Frame0146_ForcepToReference-SequenceTransformStatus = OK
Seq_Frame0146_Timestamp = 18.415
Seq_Frame0147_ForcepToReference-SequenceTransform =-0.659692 0.721878 -0.209042 104.832 0.213945 -0.0862556 -0.97303 184.925 -0.72044 -0.686623 -0.0975403 65.3837 0 0 0 1 
Seq_Frame0147_ForcepToReference-SequenceTransformStatus = OK
Seq_Frame0147_Timestamp = 18.52
Seq_Frame0148_ForcepToReference-SequenceTransform =-0.656561 0.722983 -0.214993 105.375 0.219426 -0.0896291 -0.971503 184.784 -0.721651 -0.685027 -0.0997942 65.661 0 0 0 1 
Seq_Frame0148_ForcepToReference-SequenceTransformStatus = OK
Seq_Frame0148_Timestamp = 18.63
Seq_Frame0149_ForcepToReference-SequenceTransform =-0.656676 0.721413 -0.219862 105.951 0.229373 -0.0866721 -0.969472 184.229 -0.718446 -0.68706 -0.108557 67.0604 0 0 0 1 
Seq_Frame0149_ForcepToReference-SequenceTransformStatus = OK
Seq_Frame0149_Timestamp = 18.735
Seq_Frame0150_ForcepToReference-SequenceTransform =-0.658959 0.719012 -0.220896 106.014 0.229367 -0.0876071 -0.969389 184.203 -0.716354 -0.689454 -0.107188 66.8598 0 0 0 1 
