ObjectType = Image
NDims = 3
AnatomicalOrientation = RAI
BinaryData = True
CompressedData = False
DimSize = 0 0 2370
ElementSpacing = 1 1 1
Offset = 0 0 0
TransformMatrix = 1 0 0 0 1 0 0 0 1
ElementType = MET_UCHAR
Kinds = domain domain list
Seq_Frame0000_ForcepTipToForcep-SequenceTransform =0.699526 5.55112e-17 -0.714607 -93.8638 -0.573602 0.596408 -0.561496 -77.4251 0.426198 0.802681 0.417203 64.7054 0 0 0 1 
Seq_Frame0000_ForcepTipToForcep-SequenceTransformStatus = OK
Seq_Frame0000_Timestamp = 0.0100002
Seq_Frame0001_ForcepTipToForcep-SequenceTransform =0.699526 5.55112e-17 -0.714607 -93.8638 -0.573602 0.596408 -0.561496 -77.4251 0.426198 0.802681 0.417203 64.7054 0 0 0 1 
Seq_Frame0001_ForcepTipToForcep-SequenceTransformStatus = OK
Seq_Frame0001_Timestamp = 0.116
Seq_Frame0002_ForcepTipToForcep-SequenceTransform =0.699526 5.55112e-17 -0.714607 -93.8638 -0.573602 0.596408 -0.561496 -77.4251 0.426198 0.802681 0.417203 64.7054 0 0 0 1 
Seq_Frame0002_ForcepTipToForcep-SequenceTransformStatus = OK
Seq_Frame0002_Timestamp = 0.223
Seq_Frame0003_ForcepTipToForcep-SequenceTransform =0.699526 5.55112e-17 -0.714607 -93.8638 -0.573602 0.596408 -0.561496 -77.4251 0.426198 0.802681 0.417203 64.7054 0 0 0 1 
Seq_Frame0003_ForcepTipToForcep-SequenceTransformStatus = OK
Seq_Frame0003_Timestamp = 0.327
Seq_Frame0004_ForcepTipToForcep-SequenceTransform =0.699526 5.55112e-17 -0.714607 -93.8638 -0.573602 0.596408 -0.561496 -77.4251 0.426198 0.802681 0.417203 64.7054 0 0 0 1 
Seq_Frame0004_ForcepTipToForcep-SequenceTransformStatus = OK
Seq_Frame0004_Timestamp = 0.444
Seq_Frame0005_ForcepTipToForcep-SequenceTransform =0.699526 5.55112e-17 -0.714607 -93.8638 -0.573602 0.596408 -0.561496 -77.4251 0.426198 0.802681 0.417203 64.7054 0 0 0 1 
Seq_Frame0005_ForcepTipToForcep-SequenceTransformStatus = OK
Seq_Frame0005_Timestamp = 0.547
Seq_Frame0006_ForcepTipToForcep-SequenceTransform =0.699526 5.55112e-17 -0.714607 -93.8638 -0.573602 0.596408 -0.561496 -77.4251 0.426198 0.802681 0.417203 64.7054 0 0 0 1 
Seq_Frame0006_ForcepTipToForcep-SequenceTransformStatus = OK
Seq_Frame0006_Timestamp = 0.648
Seq_Frame0007_ForcepTipToForcep-SequenceTransform =0.699526 5.55112e-17 -0.714607 -93.8638 -0.573602 0.596408 -0.561496 -77.4251 0.426198 0.802681 0.417203 64.7054 0 0 0 1 
Seq_Frame0007_ForcepTipToForcep-SequenceTransformStatus = OK
Seq_Frame0007_Timestamp = 0.75
Seq_Frame0008_ForcepTipToForcep-SequenceTransform =0.699526 5.55112e-17 -0.714607 -93.8638 -0.573602 0.596408 -0.561496 -77.4251 0.426198 0.802681 0.417203 64.7054 0 0 0 1 
Seq_Frame0008_ForcepTipToForcep-SequenceTransformStatus = OK
Seq_Frame0008_Timestamp = 0.85
Seq_Frame0009_ForcepTipToForcep-SequenceTransform =0.699526 5.55112e-17 -0.714607 -93.8638 -0.573602 0.596408 -0.561496 -77.4251 0.426198 0.802681 0.417203 64.7054 0 0 0 1 
Seq_Frame0009_ForcepTipToForcep-SequenceTransformStatus = OK
Seq_Frame0009_Timestamp = 0.951
Seq_Frame0010_ForcepTipToForcep-SequenceTransform =0.699526 5.55112e-17 -0.714607 -93.8638 -0.573602 0.596408 -0.561496 -77.4251 0.426198 0.802681 0.417203 64.7054 0 0 0 1 
Seq_Frame0010_ForcepTipToForcep-SequenceTransformStatus = OK
Seq_Frame0010_Timestamp = 2.29
Seq_Frame0011_ForcepTipToForcep-SequenceTransform =0.699526 5.55112e-17 -0.714607 -93.8638 -0.573602 0.596408 -0.561496 -77.4251 0.426198 0.802681 0.417203 64.7054 0 0 0 1 
Seq_Frame0011_ForcepTipToForcep-SequenceTransformStatus = OK
Seq_Frame0011_Timestamp = 2.395
Seq_Frame0012_ForcepTipToForcep-SequenceTransform =0.699526 5.55112e-17 -0.714607 -93.8638 -0.573602 0.596408 -0.561496 -77.4251 0.426198 0.802681 0.417203 64.7054 0 0 0 1 
Seq_Frame0012_ForcepTipToForcep-SequenceTransformStatus = OK
Seq_Frame0012_Timestamp = 2.496
Seq_Frame0013_ForcepTipToForcep-SequenceTransform =0.699526 5.55112e-17 -0.714607 -93.8638 -0.573602 0.596408 -0.561496 -77.4251 0.426198 0.802681 0.417203 64.7054 0 0 0 1 
Seq_Frame0013_ForcepTipToForcep-SequenceTransformStatus = OK
Seq_Frame0013_Timestamp = 6.685
Seq_Frame0014_ForcepTipToForcep-SequenceTransform =0.699526 5.55112e-17 -0.714607 -93.8638 -0.573602 0.596408 -0.561496 -77.4251 0.426198 0.802681 0.417203 64.7054 0 0 0 1 
Seq_Frame0014_ForcepTipToForcep-SequenceTransformStatus = OK
Seq_Frame0014_Timestamp = 8.125
Seq_Frame0015_ForcepTipToForcep-SequenceTransform =0.699526 5.55112e-17 -0.714607 -93.8638 -0.573602 0.596408 -0.561496 -77.4251 0.426198 0.802681 0.417203 64.7054 0 0 0 1 
Seq_Frame0015_ForcepTipToForcep-SequenceTransformStatus = OK
Seq_Frame0015_Timestamp = 8.231
Seq_Frame0016_ForcepTipToForcep-SequenceTransform =0.699526 5.55112e-17 -0.714607 -93.8638 -0.573602 0.596408 -0.561496 -77.4251 0.426198 0.802681 0.417203 64.7054 0 0 0 1 
Seq_Frame0016_ForcepTipToForcep-SequenceTransformStatus = OK
Seq_Frame0016_Timestamp = 8.335
Seq_Frame0017_ForcepTipToForcep-SequenceTransform =0.699526 5.55112e-17 -0.714607 -93.8638 -0.573602 0.596408 -0.561496 -77.4251 0.426198 0.802681 0.417203 64.7054 0 0 0 1 
Seq_Frame0017_ForcepTipToForcep-SequenceTransformStatus = OK
Seq_Frame0017_Timestamp = 8.435
Seq_Frame0018_ForcepTipToForcep-SequenceTransform =0.699526 5.55112e-17 -0.714607 -93.8638 -0.573602 0.596408 -0.561496 -77.4251 0.426198 0.802681 0.417203 64.7054 0 0 0 1 
Seq_Frame0018_ForcepTipToForcep-SequenceTransformStatus = OK
Seq_Frame0018_Timestamp = 8.536
Seq_Frame0019_ForcepTipToForcep-SequenceTransform =0.699526 5.55112e-17 -0.714607 -93.8638 -0.573602 0.596408 -0.561496 -77.4251 0.426198 0.802681 0.417203 64.7054 0 0 0 1 
Seq_Frame0019_ForcepTipToForcep-SequenceTransformStatus = OK
Seq_Frame0019_Timestamp = 8.645
Seq_Frame0020_ForcepTipToForcep-SequenceTransform =0.699526 5.55112e-17 -0.714607 -93.8638 -0.573602 0.596408 -0.561496 -77.4251 0.426198 0.802681 0.417203 64.7054 0 0 0 1 
Seq_Frame0020_ForcepTipToForcep-SequenceTransformStatus = OK
Seq_Frame0020_Timestamp = 8.746
Seq_Frame0021_ForcepTipToForcep-SequenceTransform =0.699526 5.55112e-17 -0.714607 -93.8638 -0.573602 0.596408 -0.561496 -77.4251 0.426198 0.802681 0.417203 64.7054 0 0 0 1 
Seq_Frame0021_ForcepTipToForcep-SequenceTransformStatus = OK
Seq_Frame0021_Timestamp = 8.85
Seq_Frame0022_ForcepTipToForcep-SequenceTransform =0.699526 5.55112e-17 -0.714607 -93.8638 -0.573602 0.596408 -0.561496 -77.4251 0.426198 0.802681 0.417203 64.7054 0 0 0 1 
Seq_Frame0022_ForcepTipToForcep-SequenceTransformStatus = OK
Seq_Frame0022_Timestamp = 8.951
Seq_Frame0023_ForcepTipToForcep-SequenceTransform =0.699526 5.55112e-17 -0.714607 -93.8638 -0.573602 0.596408 -0.561496 -77.4251 0.426198 0.802681 0.417203 64.7054 0 0 0 1 
Seq_Frame0023_ForcepTipToForcep-SequenceTransformStatus = OK
Seq_Frame0023_Timestamp = 9.055
Seq_Frame0024_ForcepTipToForcep-SequenceTransform =0.699526 5.55112e-17 -0.714607 -93.8638 -0.573602 0.596408 -0.561496 -77.4251 0.426198 0.802681 0.417203 64.7054 0 0 0 1 
Seq_Frame0024_ForcepTipToForcep-SequenceTransformStatus = OK
Seq_Frame0024_Timestamp = 9.157
Seq_Frame0025_ForcepTipToForcep-SequenceTransform =0.699526 5.55112e-17 -0.714607 -93.8638 -0.573602 0.596408 -0.561496 -77.4251 0.426198 0.802681 0.417203 64.7054 0 0 0 1 
Seq_Frame0025_ForcepTipToForcep-SequenceTransformStatus = OK
Seq_Frame0025_Timestamp = 9.264
Seq_Frame0026_ForcepTipToForcep-SequenceTransform =0.699526 5.55112e-17 -0.714607 -93.8638 -0.573602 0.596408 -0.561496 -77.4251 0.426198 0.802681 0.417203 64.7054 0 0 0 1 
Seq_Frame0026_ForcepTipToForcep-SequenceTransformStatus = OK
Seq_Frame0026_Timestamp = 9.365
Seq_Frame0027_ForcepTipToForcep-SequenceTransform =0.699526 5.55112e-17 -0.714607 -93.8638 -0.573602 0.596408 -0.561496 -77.4251 0.426198 0.802681 0.417203 64.7054 0 0 0 1 
Seq_Frame0027_ForcepTipToForcep-SequenceTransformStatus = OK
Seq_Frame0027_Timestamp = 9.47
Seq_Frame0028_ForcepTipToForcep-SequenceTransform =0.699526 5.55112e-17 -0.714607 -93.8638 -0.573602 0.596408 -0.561496 -77.4251 0.426198 0.802681 0.417203 64.7054 0 0 0 1 
Seq_Frame0028_ForcepTipToForcep-SequenceTransformStatus = OK
Seq_Frame0028_Timestamp = 9.686
Seq_Frame0029_ForcepTipToForcep-SequenceTransform =0.699526 5.55112e-17 -0.714607 -93.8638 -0.573602 0.596408 -0.561496 -77.4251 0.426198 0.802681 0.417203 64.7054 0 0 0 1 
Seq_Frame0029_ForcepTipToForcep-SequenceTransformStatus = OK
Seq_Frame0029_Timestamp = 9.79
Seq_Frame0030_ForcepTipToForcep-SequenceTransform =0.699526 5.55112e-17 -0.714607 -93.8638 -0.573602 0.596408 -0.561496 -77.4251 0.426198 0.802681 0.417203 64.7054 0 0 0 1 
Seq_Frame0030_ForcepTipToForcep-SequenceTransformStatus = OK
Seq_Frame0030_Timestamp = 10.065
Seq_Frame0031_ForcepTipToForcep-SequenceTransform =0.699526 5.55112e-17 -0.714607 -93.8638 -0.573602 0.596408 -0.561496 -77.4251 0.426198 0.802681 0.417203 64.7054 0 0 0 1 
Seq_Frame0031_ForcepTipToForcep-SequenceTransformStatus = OK
Seq_Frame0031_Timestamp = 10.171
Seq_Frame0032_ForcepTipToForcep-SequenceTransform =0.699526 5.55112e-17 -0.714607 -93.8638 -0.573602 0.596408 -0.561496 -77.4251 0.426198 0.802681 0.417203 64.7054 0 0 0 1 
Seq_Frame0032_ForcepTipToForcep-SequenceTransformStatus = OK
Seq_Frame0032_Timestamp = 10.285
Seq_Frame0033_ForcepTipToForcep-SequenceTransform =0.699526 5.55112e-17 -0.714607 -93.8638 -0.573602 0.596408 -0.561496 -77.4251 0.426198 0.802681 0.417203 64.7054 0 0 0 1 
Seq_Frame0033_ForcepTipToForcep-SequenceTransformStatus = OK
Seq_Frame0033_Timestamp = 10.385
Seq_Frame0034_ForcepTipToForcep-SequenceTransform =0.699526 5.55112e-17 -0.714607 -93.8638 -0.573602 0.596408 -0.561496 -77.4251 0.426198 0.802681 0.417203 64.7054 0 0 0 1 
Seq_Frame0034_ForcepTipToForcep-SequenceTransformStatus = OK
Seq_Frame0034_Timestamp = 11.071
Seq_Frame0035_ForcepTipToForcep-SequenceTransform =0.699526 5.55112e-17 -0.714607 -93.8638 -0.573602 0.596408 -0.561496 -77.4251 0.426198 0.802681 0.417203 64.7054 0 0 0 1 
Seq_Frame0035_ForcepTipToForcep-SequenceTransformStatus = OK
Seq_Frame0035_Timestamp = 11.176
Seq_Frame0036_ForcepTipToForcep-SequenceTransform =0.699526 5.55112e-17 -0.714607 -93.8638 -0.573602 0.596408 -0.561496 -77.4251 0.426198 0.802681 0.417203 64.7054 0 0 0 1 
Seq_Frame0036_ForcepTipToForcep-SequenceTransformStatus = OK
Seq_Frame0036_Timestamp = 11.281
Seq_Frame0037_ForcepTipToForcep-SequenceTransform =0.699526 5.55112e-17 -0.714607 -93.8638 -0.573602 0.596408 -0.561496 -77.4251 0.426198 0.802681 0.417203 64.7054 0 0 0 1 
Seq_Frame0037_ForcepTipToForcep-SequenceTransformStatus = OK
Seq_Frame0037_Timestamp = 11.382
Seq_Frame0038_ForcepTipToForcep-SequenceTransform =0.699526 5.55112e-17 -0.714607 -93.8638 -0.573602 0.596408 -0.561496 -77.4251 0.426198 0.802681 0.417203 64.7054 0 0 0 1 
Seq_Frame0038_ForcepTipToForcep-SequenceTransformStatus = OK
Seq_Frame0038_Timestamp = 11.486
Seq_Frame0039_ForcepTipToForcep-SequenceTransform =0.699526 5.55112e-17 -0.714607 -93.8638 -0.573602 0.596408 -0.561496 -77.4251 0.426198 0.802681 0.417203 64.7054 0 0 0 1 
Seq_Frame0039_ForcepTipToForcep-SequenceTransformStatus = OK
Seq_Frame0039_Timestamp = 11.586
Seq_Frame0040_ForcepTipToForcep-SequenceTransform =0.699526 5.55112e-17 -0.714607 -93.8638 -0.573602 0.596408 -0.561496 -77.4251 0.426198 0.802681 0.417203 64.7054 0 0 0 1 
Seq_Frame0040_ForcepTipToForcep-SequenceTransformStatus = OK
Seq_Frame0040_Timestamp = 11.698
Seq_Frame0041_ForcepTipToForcep-SequenceTransform =0.699526 5.55112e-17 -0.714607 -93.8638 -0.573602 0.596408 -0.561496 -77.4251 0.426198 0.802681 0.417203 64.7054 0 0 0 1 
Seq_Frame0041_ForcepTipToForcep-SequenceTransformStatus = OK
Seq_Frame0041_Timestamp = 11.806
Seq_Frame0042_ForcepTipToForcep-SequenceTransform =0.699526 5.55112e-17 -0.714607 -93.8638 -0.573602 0.596408 -0.561496 -77.4251 0.426198 0.802681 0.417203 64.7054 0 0 0 1 
Seq_Frame0042_ForcepTipToForcep-SequenceTransformStatus = OK
Seq_Frame0042_Timestamp = 11.907
Seq_Frame0043_ForcepTipToForcep-SequenceTransform =0.699526 5.55112e-17 -0.714607 -93.8638 -0.573602 0.596408 -0.561496 -77.4251 0.426198 0.802681 0.417203 64.7054 0 0 0 1 
Seq_Frame0043_ForcepTipToForcep-SequenceTransformStatus = OK
Seq_Frame0043_Timestamp = 12.01
Seq_Frame0044_ForcepTipToForcep-SequenceTransform =0.699526 5.55112e-17 -0.714607 -93.8638 -0.573602 0.596408 -0.561496 -77.4251 0.426198 0.802681 0.417203 64.7054 0 0 0 1 
Seq_Frame0044_ForcepTipToForcep-SequenceTransformStatus = OK
Seq_Frame0044_Timestamp = 12.111
Seq_Frame0045_ForcepTipToForcep-SequenceTransform =0.699526 5.55112e-17 -0.714607 -93.8638 -0.573602 0.596408 -0.561496 -77.4251 0.426198 0.802681 0.417203 64.7054 0 0 0 1 
Seq_Frame0045_ForcepTipToForcep-SequenceTransformStatus = OK
Seq_Frame0045_Timestamp = 12.211
Seq_Frame0046_ForcepTipToForcep-SequenceTransform =0.699526 5.55112e-17 -0.714607 -93.8638 -0.573602 0.596408 -0.561496 -77.4251 0.426198 0.802681 0.417203 64.7054 0 0 0 1 
Seq_Frame0046_ForcepTipToForcep-SequenceTransformStatus = OK
Seq_Frame0046_Timestamp = 12.315
Seq_Frame0047_ForcepTipToForcep-SequenceTransform =0.699526 5.55112e-17 -0.714607 -93.8638 -0.573602 0.596408 -0.561496 -77.4251 0.426198 0.802681 0.417203 64.7054 0 0 0 1 
Seq_Frame0047_ForcepTipToForcep-SequenceTransformStatus = OK
Seq_Frame0047_Timestamp = 12.421
Seq_Frame0048_ForcepTipToForcep-SequenceTransform =0.699526 5.55112e-17 -0.714607 -93.8638 -0.573602 0.596408 -0.561496 -77.4251 0.426198 0.802681 0.417203 64.7054 0 0 0 1 
Seq_Frame0048_ForcepTipToForcep-SequenceTransformStatus = OK
Seq_Frame0048_Timestamp = 12.526
Seq_Frame0049_ForcepTipToForcep-SequenceTransform =0.699526 5.55112e-17 -0.714607 -93.8638 -0.573602 0.596408 -0.561496 -77.4251 0.426198 0.802681 0.417203 64.7054 0 0 0 1 
Seq_Frame0049_ForcepTipToForcep-SequenceTransformStatus = OK
Seq_Frame0049_Timestamp = 12.626
Seq_Frame0050_ForcepTipToForcep-SequenceTransform =0.699526 5.55112e-17 -0.714607 -93.8638 -0.573602 0.596408 -0.561496 -77.4251 0.426198 0.802681 0.417203 64.7054 0 0 0 1 
Seq_Frame0050_ForcepTipToForcep-SequenceTransformStatus = OK
Seq_Frame0050_Timestamp = 12.736
Seq_Frame0051_ForcepTipToForcep-SequenceTransform =0.699526 5.55112e-17 -0.714607 -93.8638 -0.573602 0.596408 -0.561496 -77.4251 0.426198 0.802681 0.417203 64.7054 0 0 0 1 
Seq_Frame0051_ForcepTipToForcep-SequenceTransformStatus = OK
Seq_Frame0051_Timestamp = 12.836
Seq_Frame0052_ForcepTipToForcep-SequenceTransform =0.699526 5.55112e-17 -0.714607 -93.8638 -0.573602 0.596408 -0.561496 -77.4251 0.426198 0.802681 0.417203 64.7054 0 0 0 1 
Seq_Frame0052_ForcepTipToForcep-SequenceTransformStatus = OK
Seq_Frame0052_Timestamp = 12.94
Seq_Frame0053_ForcepTipToForcep-SequenceTransform =0.699526 5.55112e-17 -0.714607 -93.8638 -0.573602 0.596408 -0.561496 -77.4251 0.426198 0.802681 0.417203 64.7054 0 0 0 1 
Seq_Frame0053_ForcepTipToForcep-SequenceTransformStatus = OK
Seq_Frame0053_Timestamp = 13.04
Seq_Frame0054_ForcepTipToForcep-SequenceTransform =0.699526 5.55112e-17 -0.714607 -93.8638 -0.573602 0.596408 -0.561496 -77.4251 0.426198 0.802681 0.417203 64.7054 0 0 0 1 
Seq_Frame0054_ForcepTipToForcep-SequenceTransformStatus = OK
Seq_Frame0054_Timestamp = 13.15
Seq_Frame0055_ForcepTipToForcep-SequenceTransform =0.699526 5.55112e-17 -0.714607 -93.8638 -0.573602 0.596408 -0.561496 -77.4251 0.426198 0.802681 0.417203 64.7054 0 0 0 1 
Seq_Frame0055_ForcepTipToForcep-SequenceTransformStatus = OK
Seq_Frame0055_Timestamp = 13.26
Seq_Frame0056_ForcepTipToForcep-SequenceTransform =0.699526 5.55112e-17 -0.714607 -93.8638 -0.573602 0.596408 -0.561496 -77.4251 0.426198 0.802681 0.417203 64.7054 0 0 0 1 
Seq_Frame0056_ForcepTipToForcep-SequenceTransformStatus = OK
Seq_Frame0056_Timestamp = 13.37
Seq_Frame0057_ForcepTipToForcep-SequenceTransform =0.699526 5.55112e-17 -0.714607 -93.8638 -0.573602 0.596408 -0.561496 -77.4251 0.426198 0.802681 0.417203 64.7054 0 0 0 1 
Seq_Frame0057_ForcepTipToForcep-SequenceTransformStatus = OK
Seq_Frame0057_Timestamp = 13.481
Seq_Frame0058_ForcepTipToForcep-SequenceTransform =0.699526 5.55112e-17 -0.714607 -93.8638 -0.573602 0.596408 -0.561496 -77.4251 0.426198 0.802681 0.417203 64.7054 0 0 0 1 
Seq_Frame0058_ForcepTipToForcep-SequenceTransformStatus = OK
Seq_Frame0058_Timestamp = 13.59
Seq_Frame0059_ForcepTipToForcep-SequenceTransform =0.699526 5.55112e-17 -0.714607 -93.8638 -0.573602 0.596408 -0.561496 -77.4251 0.426198 0.802681 0.417203 64.7054 0 0 0 1 
Seq_Frame0059_ForcepTipToForcep-SequenceTransformStatus = OK
Seq_Frame0059_Timestamp = 13.695
Seq_Frame0060_ForcepTipToForcep-SequenceTransform =0.699526 5.55112e-17 -0.714607 -93.8638 -0.573602 0.596408 -0.561496 -77.4251 0.426198 0.802681 0.417203 64.7054 0 0 0 1 
Seq_Frame0060_ForcepTipToForcep-SequenceTransformStatus = OK
Seq_Frame0060_Timestamp = 13.798
Seq_Frame0061_ForcepTipToForcep-SequenceTransform =0.699526 5.55112e-17 -0.714607 -93.8638 -0.573602 0.596408 -0.561496 -77.4251 0.426198 0.802681 0.417203 64.7054 0 0 0 1 
Seq_Frame0061_ForcepTipToForcep-SequenceTransformStatus = OK
Seq_Frame0061_Timestamp = 13.899
Seq_Frame0062_ForcepTipToForcep-SequenceTransform =0.699526 5.55112e-17 -0.714607 -93.8638 -0.573602 0.596408 -0.561496 -77.4251 0.426198 0.802681 0.417203 64.7054 0 0 0 1 
Seq_Frame0062_ForcepTipToForcep-SequenceTransformStatus = OK
Seq_Frame0062_Timestamp = 14.011
Seq_Frame0063_ForcepTipToForcep-SequenceTransform =0.699526 5.55112e-17 -0.714607 -93.8638 -0.573602 0.596408 -0.561496 -77.4251 0.426198 0.802681 0.417203 64.7054 0 0 0 1 
Seq_Frame0063_ForcepTipToForcep-SequenceTransformStatus = OK
Seq_Frame0063_Timestamp = 14.123
Seq_Frame0064_ForcepTipToForcep-SequenceTransform =0.699526 5.55112e-17 -0.714607 -93.8638 -0.573602 0.596408 -0.561496 -77.4251 0.426198 0.802681 0.417203 64.7054 0 0 0 1 
Seq_Frame0064_ForcepTipToForcep-SequenceTransformStatus = OK
Seq_Frame0064_Timestamp = 14.231
Seq_Frame0065_ForcepTipToForcep-SequenceTransform =0.699526 5.55112e-17 -0.714607 -93.8638 -0.573602 0.596408 -0.561496 -77.4251 0.426198 0.802681 0.417203 64.7054 0 0 0 1 
Seq_Frame0065_ForcepTipToForcep-SequenceTransformStatus = OK
Seq_Frame0065_Timestamp = 14.339
Seq_Frame0066_ForcepTipToForcep-SequenceTransform =0.699526 5.55112e-17 -0.714607 -93.8638 -0.573602 0.596408 -0.561496 -77.4251 0.426198 0.802681 0.417203 64.7054 0 0 0 1 
Seq_Frame0066_ForcepTipToForcep-SequenceTransformStatus = OK
Seq_Frame0066_Timestamp = 14.445
Seq_Frame0067_ForcepTipToForcep-SequenceTransform =0.699526 5.55112e-17 -0.714607 -93.8638 -0.573602 0.596408 -0.561496 -77.4251 0.426198 0.802681 0.417203 64.7054 0 0 0 1 
Seq_Frame0067_ForcepTipToForcep-SequenceTransformStatus = OK
Seq_Frame0067_Timestamp = 14.55
Seq_Frame0068_ForcepTipToForcep-SequenceTransform =0.699526 5.55112e-17 -0.714607 -93.8638 -0.573602 0.596408 -0.561496 -77.4251 0.426198 0.802681 0.417203 64.7054 0 0 0 1 
Seq_Frame0068_ForcepTipToForcep-SequenceTransformStatus = OK
Seq_Frame0068_Timestamp = 14.657
Seq_Frame0069_ForcepTipToForcep-SequenceTransform =0.699526 5.55112e-17 -0.714607 -93.8638 -0.573602 0.596408 -0.561496 -77.4251 0.426198 0.802681 0.417203 64.7054 0 0 0 1 
Seq_Frame0069_ForcepTipToForcep-SequenceTransformStatus = OK
Seq_Frame0069_Timestamp = 14.757
Seq_Frame0070_ForcepTipToForcep-SequenceTransform =0.699526 5.55112e-17 -0.714607 -93.8638 -0.573602 0.596408 -0.561496 -77.4251 0.426198 0.802681 0.417203 64.7054 0 0 0 1 
Seq_Frame0070_ForcepTipToForcep-SequenceTransformStatus = OK
Seq_Frame0070_Timestamp = 14.858
Seq_Frame0071_ForcepTipToForcep-SequenceTransform =0.699526 5.55112e-17 -0.714607 -93.8638 -0.573602 0.596408 -0.561496 -77.4251 0.426198 0.802681 0.417203 64.7054 0 0 0 1 
Seq_Frame0071_ForcepTipToForcep-SequenceTransformStatus = OK
Seq_Frame0071_Timestamp = 14.96
Seq_Frame0072_ForcepTipToForcep-SequenceTransform =0.699526 5.55112e-17 -0.714607 -93.8638 -0.573602 0.596408 -0.561496 -77.4251 0.426198 0.802681 0.417203 64.7054 0 0 0 1 
Seq_Frame0072_ForcepTipToForcep-SequenceTransformStatus = OK
Seq_Frame0072_Timestamp = 15.55
Seq_Frame0073_ForcepTipToForcep-SequenceTransform =0.699526 5.55112e-17 -0.714607 -93.8638 -0.573602 0.596408 -0.561496 -77.4251 0.426198 0.802681 0.417203 64.7054 0 0 0 1 
Seq_Frame0073_ForcepTipToForcep-SequenceTransformStatus = OK
Seq_Frame0073_Timestamp = 15.651
Seq_Frame0074_ForcepTipToForcep-SequenceTransform =0.699526 5.55112e-17 -0.714607 -93.8638 -0.573602 0.596408 -0.561496 -77.4251 0.426198 0.802681 0.417203 64.7054 0 0 0 1 
Seq_Frame0074_ForcepTipToForcep-SequenceTransformStatus = OK
Seq_Frame0074_Timestamp = 15.757
Seq_Frame0075_ForcepTipToForcep-SequenceTransform =0.699526 5.55112e-17 -0.714607 -93.8638 -0.573602 0.596408 -0.561496 -77.4251 0.426198 0.802681 0.417203 64.7054 0 0 0 1 
Seq_Frame0075_ForcepTipToForcep-SequenceTransformStatus = OK
Seq_Frame0075_Timestamp = 15.867
Seq_Frame0076_ForcepTipToForcep-SequenceTransform =0.699526 5.55112e-17 -0.714607 -93.8638 -0.573602 0.596408 -0.561496 -77.4251 0.426198 0.802681 0.417203 64.7054 0 0 0 1 
Seq_Frame0076_ForcepTipToForcep-SequenceTransformStatus = OK
Seq_Frame0076_Timestamp = 15.975
Seq_Frame0077_ForcepTipToForcep-SequenceTransform =0.699526 5.55112e-17 -0.714607 -93.8638 -0.573602 0.596408 -0.561496 -77.4251 0.426198 0.802681 0.417203 64.7054 0 0 0 1 
Seq_Frame0077_ForcepTipToForcep-SequenceTransformStatus = OK
Seq_Frame0077_Timestamp = 16.076
Seq_Frame0078_ForcepTipToForcep-SequenceTransform =0.699526 5.55112e-17 -0.714607 -93.8638 -0.573602 0.596408 -0.561496 -77.4251 0.426198 0.802681 0.417203 64.7054 0 0 0 1 
Seq_Frame0078_ForcepTipToForcep-SequenceTransformStatus = OK
Seq_Frame0078_Timestamp = 16.185
Seq_Frame0079_ForcepTipToForcep-SequenceTransform =0.699526 5.55112e-17 -0.714607 -93.8638 -0.573602 0.596408 -0.561496 -77.4251 0.426198 0.802681 0.417203 64.7054 0 0 0 1 
Seq_Frame0079_ForcepTipToForcep-SequenceTransformStatus = OK
Seq_Frame0079_Timestamp = 16.29
Seq_Frame0080_ForcepTipToForcep-SequenceTransform =0.699526 5.55112e-17 -0.714607 -93.8638 -0.573602 0.596408 -0.561496 -77.4251 0.426198 0.802681 0.417203 64.7054 0 0 0 1 
Seq_Frame0080_ForcepTipToForcep-SequenceTransformStatus = OK
Seq_Frame0080_Timestamp = 16.398
Seq_Frame0081_ForcepTipToForcep-SequenceTransform =0.699526 5.55112e-17 -0.714607 -93.8638 -0.573602 0.596408 -0.561496 -77.4251 0.426198 0.802681 0.417203 64.7054 0 0 0 1 
Seq_Frame0081_ForcepTipToForcep-SequenceTransformStatus = OK
Seq_Frame0081_Timestamp = 16.5
Seq_Frame0082_ForcepTipToForcep-SequenceTransform =0.699526 5.55112e-17 -0.714607 -93.8638 -0.573602 0.596408 -0.561496 -77.4251 0.426198 0.802681 0.417203 64.7054 0 0 0 1 
Seq_Frame0082_ForcepTipToForcep-SequenceTransformStatus = OK
Seq_Frame0082_Timestamp = 16.6
Seq_Frame0083_ForcepTipToForcep-SequenceTransform =0.699526 5.55112e-17 -0.714607 -93.8638 -0.573602 0.596408 -0.561496 -77.4251 0.426198 0.802681 0.417203 64.7054 0 0 0 1 
Seq_Frame0083_ForcepTipToForcep-SequenceTransformStatus = OK
Seq_Frame0083_Timestamp = 16.705
Seq_Frame0084_ForcepTipToForcep-SequenceTransform =0.699526 5.55112e-17 -0.714607 -93.8638 -0.573602 0.596408 -0.561496 -77.4251 0.426198 0.802681 0.417203 64.7054 0 0 0 1 
Seq_Frame0084_ForcepTipToForcep-SequenceTransformStatus = OK
Seq_Frame0084_Timestamp = 16.81
Seq_Frame0085_ForcepTipToForcep-SequenceTransform =0.699526 5.55112e-17 -0.714607 -93.8638 -0.573602 0.596408 -0.561496 -77.4251 0.426198 0.802681 0.417203 64.7054 0 0 0 1 
Seq_Frame0085_ForcepTipToForcep-SequenceTransformStatus = OK
Seq_Frame0085_Timestamp = 16.915
Seq_Frame0086_ForcepTipToForcep-SequenceTransform =0.699526 5.55112e-17 -0.714607 -93.8638 -0.573602 0.596408 -0.561496 -77.4251 0.426198 0.802681 0.417203 64.7054 0 0 0 1 
Seq_Frame0086_ForcepTipToForcep-SequenceTransformStatus = OK
Seq_Frame0086_Timestamp = 17.025
Seq_Frame0087_ForcepTipToForcep-SequenceTransform =0.699526 5.55112e-17 -0.714607 -93.8638 -0.573602 0.596408 -0.561496 -77.4251 0.426198 0.802681 0.417203 64.7054 0 0 0 1 
Seq_Frame0087_ForcepTipToForcep-SequenceTransformStatus = OK
Seq_Frame0087_Timestamp = 17.13
Seq_Frame0088_ForcepTipToForcep-SequenceTransform =0.699526 5.55112e-17 -0.714607 -93.8638 -0.573602 0.596408 -0.561496 -77.4251 0.426198 0.802681 0.417203 64.7054 0 0 0 1 
Seq_Frame0088_ForcepTipToForcep-SequenceTransformStatus = OK
Seq_Frame0088_Timestamp = 17.235
Seq_Frame0089_ForcepTipToForcep-SequenceTransform =0.699526 5.55112e-17 -0.714607 -93.8638 -0.573602 0.596408 -0.561496 -77.4251 0.426198 0.802681 0.417203 64.7054 0 0 0 1 
Seq_Frame0089_ForcepTipToForcep-SequenceTransformStatus = OK
Seq_Frame0089_Timestamp = 17.336
Seq_Frame0090_ForcepTipToForcep-SequenceTransform =0.699526 5.55112e-17 -0.714607 -93.8638 -0.573602 0.596408 -0.561496 -77.4251 0.426198 0.802681 0.417203 64.7054 0 0 0 1 
Seq_Frame0090_ForcepTipToForcep-SequenceTransformStatus = OK
Seq_Frame0090_Timestamp = 17.445
Seq_Frame0091_ForcepTipToForcep-SequenceTransform =0.699526 5.55112e-17 -0.714607 -93.8638 -0.573602 0.596408 -0.561496 -77.4251 0.426198 0.802681 0.417203 64.7054 0 0 0 1 
Seq_Frame0091_ForcepTipToForcep-SequenceTransformStatus = OK
Seq_Frame0091_Timestamp = 17.546
Seq_Frame0092_ForcepTipToForcep-SequenceTransform =0.699526 5.55112e-17 -0.714607 -93.8638 -0.573602 0.596408 -0.561496 -77.4251 0.426198 0.802681 0.417203 64.7054 0 0 0 1 
Seq_Frame0092_ForcepTipToForcep-SequenceTransformStatus = OK
Seq_Frame0092_Timestamp = 17.648
Seq_Frame0093_ForcepTipToForcep-SequenceTransform =0.699526 5.55112e-17 -0.714607 -93.8638 -0.573602 0.596408 -0.561496 -77.4251 0.426198 0.802681 0.417203 64.7054 0 0 0 1 
Seq_Frame0093_ForcepTipToForcep-SequenceTransformStatus = OK
Seq_Frame0093_Timestamp = 17.748
Seq_Frame0094_ForcepTipToForcep-SequenceTransform =0.699526 5.55112e-17 -0.714607 -93.8638 -0.573602 0.596408 -0.561496 -77.4251 0.426198 0.802681 0.417203 64.7054 0 0 0 1 
Seq_Frame0094_ForcepTipToForcep-SequenceTransformStatus = OK
Seq_Frame0094_Timestamp = 17.851
Seq_Frame0095_ForcepTipToForcep-SequenceTransform =0.699526 5.55112e-17 -0.714607 -93.8638 -0.573602 0.596408 -0.561496 -77.4251 0.426198 0.802681 0.417203 64.7054 0 0 0 1 
Seq_Frame0095_ForcepTipToForcep-SequenceTransformStatus = OK
Seq_Frame0095_Timestamp = 17.96
Seq_Frame0096_ForcepTipToForcep-SequenceTransform =0.699526 5.55112e-17 -0.714607 -93.8638 -0.573602 0.596408 -0.561496 -77.4251 0.426198 0.802681 0.417203 64.7054 0 0 0 1 
Seq_Frame0096_ForcepTipToForcep-SequenceTransformStatus = OK
Seq_Frame0096_Timestamp = 18.066
Seq_Frame0097_ForcepTipToForcep-SequenceTransform =0.699526 5.55112e-17 -0.714607 -93.8638 -0.573602 0.596408 -0.561496 -77.4251 0.426198 0.802681 0.417203 64.7054 0 0 0 1 
Seq_Frame0097_ForcepTipToForcep-SequenceTransformStatus = OK
Seq_Frame0097_Timestamp = 18.17
Seq_Frame0098_ForcepTipToForcep-SequenceTransform =0.699526 5.55112e-17 -0.714607 -93.8638 -0.573602 0.596408 -0.561496 -77.4251 0.426198 0.802681 0.417203 64.7054 0 0 0 1 
Seq_Frame0098_ForcepTipToForcep-SequenceTransformStatus = OK
Seq_Frame0098_Timestamp = 18.271
Seq_Frame0099_ForcepTipToForcep-SequenceTransform =0.699526 5.55112e-17 -0.714607 -93.8638 -0.573602 0.596408 -0.561496 -77.4251 0.426198 0.802681 0.417203 64.7054 0 0 0 1 
Seq_Frame0099_ForcepTipToForcep-SequenceTransformStatus = OK
Seq_Frame0099_Timestamp = 18.372
Seq_Frame0100_ForcepTipToForcep-SequenceTransform =0.699526 5.55112e-17 -0.714607 -93.8638 -0.573602 0.596408 -0.561496 -77.4251 0.426198 0.802681 0.417203 64.7054 0 0 0 1 
Seq_Frame0100_ForcepTipToForcep-SequenceTransformStatus = OK
Seq_Frame0100_Timestamp = 18.474
Seq_Frame0101_ForcepTipToForcep-SequenceTransform =0.699526 5.55112e-17 -0.714607 -93.8638 -0.573602 0.596408 -0.561496 -77.4251 0.426198 0.802681 0.417203 64.7054 0 0 0 1 
Seq_Frame0101_ForcepTipToForcep-SequenceTransformStatus = OK
Seq_Frame0101_Timestamp = 18.576
Seq_Frame0102_ForcepTipToForcep-SequenceTransform =0.699526 5.55112e-17 -0.714607 -93.8638 -0.573602 0.596408 -0.561496 -77.4251 0.426198 0.802681 0.417203 64.7054 0 0 0 1 
Seq_Frame0102_ForcepTipToForcep-SequenceTransformStatus = OK
Seq_Frame0102_Timestamp = 18.68
Seq_Frame0103_ForcepTipToForcep-SequenceTransform =0.699526 5.55112e-17 -0.714607 -93.8638 -0.573602 0.596408 -0.561496 -77.4251 0.426198 0.802681 0.417203 64.7054 0 0 0 1 
Seq_Frame0103_ForcepTipToForcep-SequenceTransformStatus = OK
Seq_Frame0103_Timestamp = 18.785
Seq_Frame0104_ForcepTipToForcep-SequenceTransform =0.699526 5.55112e-17 -0.714607 -93.8638 -0.573602 0.596408 -0.561496 -77.4251 0.426198 0.802681 0.417203 64.7054 0 0 0 1 
Seq_Frame0104_ForcepTipToForcep-SequenceTransformStatus = OK
Seq_Frame0104_Timestamp = 18.899
Seq_Frame0105_ForcepTipToForcep-SequenceTransform =0.699526 5.55112e-17 -0.714607 -93.8638 -0.573602 0.596408 -0.561496 -77.4251 0.426198 0.802681 0.417203 64.7054 0 0 0 1 
Seq_Frame0105_ForcepTipToForcep-SequenceTransformStatus = OK
Seq_Frame0105_Timestamp = 19.009
Seq_Frame0106_ForcepTipToForcep-SequenceTransform =0.699526 5.55112e-17 -0.714607 -93.8638 -0.573602 0.596408 -0.561496 -77.4251 0.426198 0.802681 0.417203 64.7054 0 0 0 1 
Seq_Frame0106_ForcepTipToForcep-SequenceTransformStatus = OK
Seq_Frame0106_Timestamp = 19.11
Seq_Frame0107_ForcepTipToForcep-SequenceTransform =0.699526 5.55112e-17 -0.714607 -93.8638 -0.573602 0.596408 -0.561496 -77.4251 0.426198 0.802681 0.417203 64.7054 0 0 0 1 
Seq_Frame0107_ForcepTipToForcep-SequenceTransformStatus = OK
Seq_Frame0107_Timestamp = 19.216
Seq_Frame0108_ForcepTipToForcep-SequenceTransform =0.699526 5.55112e-17 -0.714607 -93.8638 -0.573602 0.596408 -0.561496 -77.4251 0.426198 0.802681 0.417203 64.7054 0 0 0 1 
Seq_Frame0108_ForcepTipToForcep-SequenceTransformStatus = OK
Seq_Frame0108_Timestamp = 19.32
Seq_Frame0109_ForcepTipToForcep-SequenceTransform =0.699526 5.55112e-17 -0.714607 -93.8638 -0.573602 0.596408 -0.561496 -77.4251 0.426198 0.802681 0.417203 64.7054 0 0 0 1 
Seq_Frame0109_ForcepTipToForcep-SequenceTransformStatus = OK
Seq_Frame0109_Timestamp = 19.421
Seq_Frame0110_ForcepTipToForcep-SequenceTransform =0.699526 5.55112e-17 -0.714607 -93.8638 -0.573602 0.596408 -0.561496 -77.4251 0.426198 0.802681 0.417203 64.7054 0 0 0 1 
Seq_Frame0110_ForcepTipToForcep-SequenceTransformStatus = OK
Seq_Frame0110_Timestamp = 19.525
Seq_Frame0111_ForcepTipToForcep-SequenceTransform =0.699526 5.55112e-17 -0.714607 -93.8638 -0.573602 0.596408 -0.561496 -77.4251 0.426198 0.802681 0.417203 64.7054 0 0 0 1 
Seq_Frame0111_ForcepTipToForcep-SequenceTransformStatus = OK
Seq_Frame0111_Timestamp = 19.63
Seq_Frame0112_ForcepTipToForcep-SequenceTransform =0.699526 5.55112e-17 -0.714607 -93.8638 -0.573602 0.596408 -0.561496 -77.4251 0.426198 0.802681 0.417203 64.7054 0 0 0 1 
Seq_Frame0112_ForcepTipToForcep-SequenceTransformStatus = OK
Seq_Frame0112_Timestamp = 19.732
Seq_Frame0113_ForcepTipToForcep-SequenceTransform =0.699526 5.55112e-17 -0.714607 -93.8638 -0.573602 0.596408 -0.561496 -77.4251 0.426198 0.802681 0.417203 64.7054 0 0 0 1 
Seq_Frame0113_ForcepTipToForcep-SequenceTransformStatus = OK
Seq_Frame0113_Timestamp = 19.846
Seq_Frame0114_ForcepTipToForcep-SequenceTransform =0.699526 5.55112e-17 -0.714607 -93.8638 -0.573602 0.596408 -0.561496 -77.4251 0.426198 0.802681 0.417203 64.7054 0 0 0 1 
Seq_Frame0114_ForcepTipToForcep-SequenceTransformStatus = OK
Seq_Frame0114_Timestamp = 19.95
Seq_Frame0115_ForcepTipToForcep-SequenceTransform =0.699526 5.55112e-17 -0.714607 -93.8638 -0.573602 0.596408 -0.561496 -77.4251 0.426198 0.802681 0.417203 64.7054 0 0 0 1 
Seq_Frame0115_ForcepTipToForcep-SequenceTransformStatus = OK
Seq_Frame0115_Timestamp = 20.051
Seq_Frame0116_ForcepTipToForcep-SequenceTransform =0.699526 5.55112e-17 -0.714607 -93.8638 -0.573602 0.596408 -0.561496 -77.4251 0.426198 0.802681 0.417203 64.7054 0 0 0 1 
Seq_Frame0116_ForcepTipToForcep-SequenceTransformStatus = OK
Seq_Frame0116_Timestamp = 20.16
Seq_Frame0117_ForcepTipToForcep-SequenceTransform =0.699526 5.55112e-17 -0.714607 -93.8638 -0.573602 0.596408 -0.561496 -77.4251 0.426198 0.802681 0.417203 64.7054 0 0 0 1 
Seq_Frame0117_ForcepTipToForcep-SequenceTransformStatus = OK
Seq_Frame0117_Timestamp = 20.261
Seq_Frame0118_ForcepTipToForcep-SequenceTransform =0.699526 5.55112e-17 -0.714607 -93.8638 -0.573602 0.596408 -0.561496 -77.4251 0.426198 0.802681 0.417203 64.7054 0 0 0 1 
Seq_Frame0118_ForcepTipToForcep-SequenceTransformStatus = OK
Seq_Frame0118_Timestamp = 20.374
Seq_Frame0119_ForcepTipToForcep-SequenceTransform =0.699526 5.55112e-17 -0.714607 -93.8638 -0.573602 0.596408 -0.561496 -77.4251 0.426198 0.802681 0.417203 64.7054 0 0 0 1 
Seq_Frame0119_ForcepTipToForcep-SequenceTransformStatus = OK
Seq_Frame0119_Timestamp = 20.481
Seq_Frame0120_ForcepTipToForcep-SequenceTransform =0.699526 5.55112e-17 -0.714607 -93.8638 -0.573602 0.596408 -0.561496 -77.4251 0.426198 0.802681 0.417203 64.7054 0 0 0 1 
Seq_Frame0120_ForcepTipToForcep-SequenceTransformStatus = OK
Seq_Frame0120_Timestamp = 20.589
Seq_Frame0121_ForcepTipToForcep-SequenceTransform =0.699526 5.55112e-17 -0.714607 -93.8638 -0.573602 0.596408 -0.561496 -77.4251 0.426198 0.802681 0.417203 64.7054 0 0 0 1 
Seq_Frame0121_ForcepTipToForcep-SequenceTransformStatus = OK
Seq_Frame0121_Timestamp = 20.697
Seq_Frame0122_ForcepTipToForcep-SequenceTransform =0.699526 5.55112e-17 -0.714607 -93.8638 -0.573602 0.596408 -0.561496 -77.4251 0.426198 0.802681 0.417203 64.7054 0 0 0 1 
Seq_Frame0122_ForcepTipToForcep-SequenceTransformStatus = OK
Seq_Frame0122_Timestamp = 20.803
Seq_Frame0123_ForcepTipToForcep-SequenceTransform =0.699526 5.55112e-17 -0.714607 -93.8638 -0.573602 0.596408 -0.561496 -77.4251 0.426198 0.802681 0.417203 64.7054 0 0 0 1 
Seq_Frame0123_ForcepTipToForcep-SequenceTransformStatus = OK
Seq_Frame0123_Timestamp = 20.91
Seq_Frame0124_ForcepTipToForcep-SequenceTransform =0.699526 5.55112e-17 -0.714607 -93.8638 -0.573602 0.596408 -0.561496 -77.4251 0.426198 0.802681 0.417203 64.7054 0 0 0 1 
Seq_Frame0124_ForcepTipToForcep-SequenceTransformStatus = OK
Seq_Frame0124_Timestamp = 21.02
Seq_Frame0125_ForcepTipToForcep-SequenceTransform =0.699526 5.55112e-17 -0.714607 -93.8638 -0.573602 0.596408 -0.561496 -77.4251 0.426198 0.802681 0.417203 64.7054 0 0 0 1 
Seq_Frame0125_ForcepTipToForcep-SequenceTransformStatus = OK
Seq_Frame0125_Timestamp = 21.123
Seq_Frame0126_ForcepTipToForcep-SequenceTransform =0.699526 5.55112e-17 -0.714607 -93.8638 -0.573602 0.596408 -0.561496 -77.4251 0.426198 0.802681 0.417203 64.7054 0 0 0 1 
Seq_Frame0126_ForcepTipToForcep-SequenceTransformStatus = OK
Seq_Frame0126_Timestamp = 21.233
Seq_Frame0127_ForcepTipToForcep-SequenceTransform =0.699526 5.55112e-17 -0.714607 -93.8638 -0.573602 0.596408 -0.561496 -77.4251 0.426198 0.802681 0.417203 64.7054 0 0 0 1 
Seq_Frame0127_ForcepTipToForcep-SequenceTransformStatus = OK
Seq_Frame0127_Timestamp = 21.336
Seq_Frame0128_ForcepTipToForcep-SequenceTransform =0.699526 5.55112e-17 -0.714607 -93.8638 -0.573602 0.596408 -0.561496 -77.4251 0.426198 0.802681 0.417203 64.7054 0 0 0 1 
Seq_Frame0128_ForcepTipToForcep-SequenceTransformStatus = OK
Seq_Frame0128_Timestamp = 21.443
Seq_Frame0129_ForcepTipToForcep-SequenceTransform =0.699526 5.55112e-17 -0.714607 -93.8638 -0.573602 0.596408 -0.561496 -77.4251 0.426198 0.802681 0.417203 64.7054 0 0 0 1 
Seq_Frame0129_ForcepTipToForcep-SequenceTransformStatus = OK
Seq_Frame0129_Timestamp = 21.55
Seq_Frame0130_ForcepTipToForcep-SequenceTransform =0.699526 5.55112e-17 -0.714607 -93.8638 -0.573602 0.596408 -0.561496 -77.4251 0.426198 0.802681 0.417203 64.7054 0 0 0 1 
Seq_Frame0130_ForcepTipToForcep-SequenceTransformStatus = OK
Seq_Frame0130_Timestamp = 21.656
Seq_Frame0131_ForcepTipToForcep-SequenceTransform =0.699526 5.55112e-17 -0.714607 -93.8638 -0.573602 0.596408 -0.561496 -77.4251 0.426198 0.802681 0.417203 64.7054 0 0 0 1 
Seq_Frame0131_ForcepTipToForcep-SequenceTransformStatus = OK
Seq_Frame0131_Timestamp = 21.764
Seq_Frame0132_ForcepTipToForcep-SequenceTransform =0.699526 5.55112e-17 -0.714607 -93.8638 -0.573602 0.596408 -0.561496 -77.4251 0.426198 0.802681 0.417203 64.7054 0 0 0 1 
Seq_Frame0132_ForcepTipToForcep-SequenceTransformStatus = OK
Seq_Frame0132_Timestamp = 21.87
Seq_Frame0133_ForcepTipToForcep-SequenceTransform =0.699526 5.55112e-17 -0.714607 -93.8638 -0.573602 0.596408 -0.561496 -77.4251 0.426198 0.802681 0.417203 64.7054 0 0 0 1 
Seq_Frame0133_ForcepTipToForcep-SequenceTransformStatus = OK
Seq_Frame0133_Timestamp = 21.98
Seq_Frame0134_ForcepTipToForcep-SequenceTransform =0.699526 5.55112e-17 -0.714607 -93.8638 -0.573602 0.596408 -0.561496 -77.4251 0.426198 0.802681 0.417203 64.7054 0 0 0 1 
Seq_Frame0134_ForcepTipToForcep-SequenceTransformStatus = OK
Seq_Frame0134_Timestamp = 22.086
Seq_Frame0135_ForcepTipToForcep-SequenceTransform =0.699526 5.55112e-17 -0.714607 -93.8638 -0.573602 0.596408 -0.561496 -77.4251 0.426198 0.802681 0.417203 64.7054 0 0 0 1 
Seq_Frame0135_ForcepTipToForcep-SequenceTransformStatus = OK
Seq_Frame0135_Timestamp = 22.193
Seq_Frame0136_ForcepTipToForcep-SequenceTransform =0.699526 5.55112e-17 -0.714607 -93.8638 -0.573602 0.596408 -0.561496 -77.4251 0.426198 0.802681 0.417203 64.7054 0 0 0 1 
Seq_Frame0136_ForcepTipToForcep-SequenceTransformStatus = OK
Seq_Frame0136_Timestamp = 22.302
Seq_Frame0137_ForcepTipToForcep-SequenceTransform =0.699526 5.55112e-17 -0.714607 -93.8638 -0.573602 0.596408 -0.561496 -77.4251 0.426198 0.802681 0.417203 64.7054 0 0 0 1 
Seq_Frame0137_ForcepTipToForcep-SequenceTransformStatus = OK
Seq_Frame0137_Timestamp = 22.413
Seq_Frame0138_ForcepTipToForcep-SequenceTransform =0.699526 5.55112e-17 -0.714607 -93.8638 -0.573602 0.596408 -0.561496 -77.4251 0.426198 0.802681 0.417203 64.7054 0 0 0 1 
Seq_Frame0138_ForcepTipToForcep-SequenceTransformStatus = OK
Seq_Frame0138_Timestamp = 22.519
Seq_Frame0139_ForcepTipToForcep-SequenceTransform =0.699526 5.55112e-17 -0.714607 -93.8638 -0.573602 0.596408 -0.561496 -77.4251 0.426198 0.802681 0.417203 64.7054 0 0 0 1 
Seq_Frame0139_ForcepTipToForcep-SequenceTransformStatus = OK
Seq_Frame0139_Timestamp = 24.449
Seq_Frame0140_ForcepTipToForcep-SequenceTransform =0.699526 5.55112e-17 -0.714607 -93.8638 -0.573602 0.596408 -0.561496 -77.4251 0.426198 0.802681 0.417203 64.7054 0 0 0 1 
Seq_Frame0140_ForcepTipToForcep-SequenceTransformStatus = OK
Seq_Frame0140_Timestamp = 24.72
Seq_Frame0141_ForcepTipToForcep-SequenceTransform =0.699526 5.55112e-17 -0.714607 -93.8638 -0.573602 0.596408 -0.561496 -77.4251 0.426198 0.802681 0.417203 64.7054 0 0 0 1 
Seq_Frame0141_ForcepTipToForcep-SequenceTransformStatus = OK
Seq_Frame0141_Timestamp = 24.825
Seq_Frame0142_ForcepTipToForcep-SequenceTransform =0.699526 5.55112e-17 -0.714607 -93.8638 -0.573602 0.596408 -0.561496 -77.4251 0.426198 0.802681 0.417203 64.7054 0 0 0 1 
Seq_Frame0142_ForcepTipToForcep-SequenceTransformStatus = OK
Seq_Frame0142_Timestamp = 24.935
Seq_Frame0143_ForcepTipToForcep-SequenceTransform =0.699526 5.55112e-17 -0.714607 -93.8638 -0.573602 0.596408 -0.561496 -77.4251 0.426198 0.802681 0.417203 64.7054 0 0 0 1 
Seq_Frame0143_ForcepTipToForcep-SequenceTransformStatus = OK
Seq_Frame0143_Timestamp = 25.039
Seq_Frame0144_ForcepTipToForcep-SequenceTransform =0.699526 5.55112e-17 -0.714607 -93.8638 -0.573602 0.596408 -0.561496 -77.4251 0.426198 0.802681 0.417203 64.7054 0 0 0 1 
Seq_Frame0144_ForcepTipToForcep-SequenceTransformStatus = OK
Seq_Frame0144_Timestamp = 25.145
Seq_Frame0145_ForcepTipToForcep-SequenceTransform =0.699526 5.55112e-17 -0.714607 -93.8638 -0.573602 0.596408 -0.561496 -77.4251 0.426198 0.802681 0.417203 64.7054 0 0 0 1 
Seq_Frame0145_ForcepTipToForcep-SequenceTransformStatus = OK
Seq_Frame0145_Timestamp = 25.252
Seq_Frame0146_ForcepTipToForcep-SequenceTransform =0.699526 5.55112e-17 -0.714607 -93.8638 -0.573602 0.596408 -0.561496 -77.4251 0.426198 0.802681 0.417203 64.7054 0 0 0 1 
Seq_Frame0146_ForcepTipToForcep-SequenceTransformStatus = OK
Seq_Frame0146_Timestamp = 25.358
Seq_Frame0147_ForcepTipToForcep-SequenceTransform =0.699526 5.55112e-17 -0.714607 -93.8638 -0.573602 0.596408 -0.561496 -77.4251 0.426198 0.802681 0.417203 64.7054 0 0 0 1 
Seq_Frame0147_ForcepTipToForcep-SequenceTransformStatus = OK
Seq_Frame0147_Timestamp = 25.466
Seq_Frame0148_ForcepTipToForcep-SequenceTransform =0.699526 5.55112e-17 -0.714607 -93.8638 -0.573602 0.596408 -0.561496 -77.4251 0.426198 0.802681 0.417203 64.7054 0 0 0 1 
Seq_Frame0148_ForcepTipToForcep-SequenceTransformStatus = OK
Seq_Frame0148_Timestamp = 25.57
