ObjectType = Image
NDims = 3
AnatomicalOrientation = RAI
BinaryData = True
CompressedData = False
DimSize = 0 0 2947
ElementSpacing = 1 1 1
Offset = 0 0 0
TransformMatrix = 1 0 0 0 1 0 0 0 1
ElementType = MET_UCHAR
Kinds = domain domain list
Seq_Frame0000_ForcepToReference-SequenceTransform =0.143285 0.943607 0.298455 49.5644 -0.900569 0.249373 -0.356074 -6.2758 -0.410421 -0.217759 0.885514 -8.37898 0 0 0 1 
Seq_Frame0000_ForcepToReference-SequenceTransformStatus = OK
Seq_Frame0000_Timestamp = 0.0190001
Seq_Frame0001_ForcepToReference-SequenceTransform =0.144201 0.943238 0.299179 49.5992 -0.89974 0.250831 -0.357143 -6.26324 -0.411914 -0.217683 0.88484 -8.25782 0 0 0 1 
Seq_Frame0001_ForcepToReference-SequenceTransformStatus = OK
Seq_Frame0001_Timestamp = 0.122
Seq_Frame0002_ForcepToReference-SequenceTransform =0.144149 0.942056 0.302906 49.5826 -0.899086 0.252549 -0.35758 -6.28936 -0.413359 -0.220794 0.883394 -8.12208 0 0 0 1 
Seq_Frame0002_ForcepToReference-SequenceTransformStatus = OK
Seq_Frame0002_Timestamp = 0.226
Seq_Frame0003_ForcepToReference-SequenceTransform =0.144263 0.941773 0.303729 49.5605 -0.899666 0.252642 -0.356051 -6.27311 -0.412054 -0.22189 0.883729 -8.16101 0 0 0 1 
Seq_Frame0003_ForcepToReference-SequenceTransformStatus = OK
Seq_Frame0003_Timestamp = 0.333
Seq_Frame0004_ForcepToReference-SequenceTransform =0.144097 0.942 0.303104 49.5646 -0.900115 0.25203 -0.355351 -6.28859 -0.411132 -0.221624 0.884225 -8.1142 0 0 0 1 
Seq_Frame0004_ForcepToReference-SequenceTransformStatus = OK
Seq_Frame0004_Timestamp = 0.444
Seq_Frame0005_ForcepToReference-SequenceTransform =0.144066 0.941625 0.304282 49.5721 -0.899496 0.252783 -0.356381 -6.30468 -0.412494 -0.222358 0.883405 -8.07401 0 0 0 1 
Seq_Frame0005_ForcepToReference-SequenceTransformStatus = OK
Seq_Frame0005_Timestamp = 0.554
Seq_Frame0006_ForcepToReference-SequenceTransform =0.144432 0.94219 0.302354 49.5768 -0.898629 0.252812 -0.358541 -6.24552 -0.414252 -0.219919 0.883194 -8.24837 0 0 0 1 
Seq_Frame0006_ForcepToReference-SequenceTransformStatus = OK
Seq_Frame0006_Timestamp = 0.658
Seq_Frame0007_ForcepToReference-SequenceTransform =0.144283 0.941851 0.303479 49.5495 -0.899556 0.252622 -0.356343 -6.25677 -0.412287 -0.221582 0.883697 -8.24445 0 0 0 1 
Seq_Frame0007_ForcepToReference-SequenceTransformStatus = OK
Seq_Frame0007_Timestamp = 0.762
Seq_Frame0008_ForcepToReference-SequenceTransform =0.145078 0.943733 0.297187 49.7011 -0.895348 0.253051 -0.366492 -6.33944 -0.421074 -0.212916 0.881682 -7.83252 0 0 0 1 
Seq_Frame0008_ForcepToReference-SequenceTransformStatus = OK
Seq_Frame0008_Timestamp = 0.866
Seq_Frame0009_ForcepToReference-SequenceTransform =0.144167 0.943466 0.298474 49.5929 -0.899009 0.250921 -0.358917 -6.26107 -0.413519 -0.216587 0.88436 -8.2438 0 0 0 1 
Seq_Frame0009_ForcepToReference-SequenceTransformStatus = OK
Seq_Frame0009_Timestamp = 0.966
Seq_Frame0010_ForcepToReference-SequenceTransform =0.142617 0.943533 0.299008 49.5883 -0.900599 0.249021 -0.356243 -6.34055 -0.410586 -0.21848 0.88526 -8.10273 0 0 0 1 
Seq_Frame0010_ForcepToReference-SequenceTransformStatus = OK
Seq_Frame0010_Timestamp = 1.067
Seq_Frame0011_ForcepToReference-SequenceTransform =0.143509 0.943443 0.298864 49.6064 -0.899477 0.250287 -0.358186 -6.29421 -0.41273 -0.217419 0.884524 -8.19014 0 0 0 1 
Seq_Frame0011_ForcepToReference-SequenceTransformStatus = OK
Seq_Frame0011_Timestamp = 1.175
Seq_Frame0012_ForcepToReference-SequenceTransform =0.143669 0.943035 0.300075 49.6003 -0.899201 0.251023 -0.358364 -6.29212 -0.413276 -0.218342 0.884042 -8.14936 0 0 0 1 
Seq_Frame0012_ForcepToReference-SequenceTransformStatus = OK
Seq_Frame0012_Timestamp = 1.291
Seq_Frame0013_ForcepToReference-SequenceTransform =0.143684 0.942638 0.301311 49.5865 -0.899554 0.251317 -0.35727 -6.29261 -0.412501 -0.219712 0.884065 -8.15078 0 0 0 1 
Seq_Frame0013_ForcepToReference-SequenceTransformStatus = OK
Seq_Frame0013_Timestamp = 1.395
Seq_Frame0014_ForcepToReference-SequenceTransform =0.143758 0.943165 0.299623 49.6003 -0.900043 0.250478 -0.356628 -6.27832 -0.411408 -0.218406 0.884897 -8.20924 0 0 0 1 
Seq_Frame0014_ForcepToReference-SequenceTransformStatus = OK
Seq_Frame0014_Timestamp = 1.496
Seq_Frame0015_ForcepToReference-SequenceTransform =0.143965 0.942407 0.301898 49.5852 -0.900092 0.25148 -0.355797 -6.27891 -0.411227 -0.220513 0.884458 -8.17892 0 0 0 1 
Seq_Frame0015_ForcepToReference-SequenceTransformStatus = OK
Seq_Frame0015_Timestamp = 1.605
Seq_Frame0016_ForcepToReference-SequenceTransform =0.143989 0.943141 0.299586 49.6071 -0.900199 0.25057 -0.35617 -6.27845 -0.410986 -0.218403 0.885094 -8.18596 0 0 0 1 
Seq_Frame0016_ForcepToReference-SequenceTransformStatus = OK
Seq_Frame0016_Timestamp = 1.715
Seq_Frame0017_ForcepToReference-SequenceTransform =0.144187 0.94302 0.299872 49.6112 -0.899367 0.25128 -0.357768 -6.28767 -0.412734 -0.218109 0.884352 -8.13571 0 0 0 1 
Seq_Frame0017_ForcepToReference-SequenceTransformStatus = OK
Seq_Frame0017_Timestamp = 1.827
Seq_Frame0018_ForcepToReference-SequenceTransform =0.14342 0.943055 0.300128 49.5908 -0.89935 0.250762 -0.358172 -6.29722 -0.413037 -0.218552 0.884102 -8.13841 0 0 0 1 
Seq_Frame0018_ForcepToReference-SequenceTransformStatus = OK
Seq_Frame0018_Timestamp = 1.934
Seq_Frame0019_ForcepToReference-SequenceTransform =0.143719 0.943097 0.299856 49.5966 -0.898957 0.251109 -0.358915 -6.2818 -0.413788 -0.217975 0.883893 -8.16392 0 0 0 1 
Seq_Frame0019_ForcepToReference-SequenceTransformStatus = OK
Seq_Frame0019_Timestamp = 2.047
Seq_Frame0020_ForcepToReference-SequenceTransform =0.143103 0.943006 0.300436 49.5762 -0.899385 0.250603 -0.358197 -6.29506 -0.413072 -0.218949 0.883987 -8.16099 0 0 0 1 
Seq_Frame0020_ForcepToReference-SequenceTransformStatus = OK
Seq_Frame0020_Timestamp = 2.155
Seq_Frame0021_ForcepToReference-SequenceTransform =0.143481 0.943497 0.29871 49.6003 -0.898515 0.25071 -0.360298 -6.29356 -0.41483 -0.216699 0.883718 -8.1771 0 0 0 1 
Seq_Frame0021_ForcepToReference-SequenceTransformStatus = OK
Seq_Frame0021_Timestamp = 2.267
Seq_Frame0022_ForcepToReference-SequenceTransform =0.144541 0.94338 0.298567 49.6896 -0.896305 0.252661 -0.364417 -6.30022 -0.41922 -0.214934 0.882076 -7.8689 0 0 0 1 
Seq_Frame0022_ForcepToReference-SequenceTransformStatus = OK
Seq_Frame0022_Timestamp = 2.392
Seq_Frame0023_ForcepToReference-SequenceTransform =0.14337 0.943401 0.299064 49.5952 -0.899531 0.250221 -0.358096 -6.30595 -0.41266 -0.217677 0.884493 -8.16897 0 0 0 1 
Seq_Frame0023_ForcepToReference-SequenceTransformStatus = OK
Seq_Frame0023_Timestamp = 2.517
Seq_Frame0024_ForcepToReference-SequenceTransform =0.144004 0.944238 0.296104 49.6313 -0.899201 0.249786 -0.359227 -6.2968 -0.413159 -0.214527 0.88503 -8.26959 0 0 0 1 
Seq_Frame0024_ForcepToReference-SequenceTransformStatus = OK
Seq_Frame0024_Timestamp = 2.625
Seq_Frame0025_ForcepToReference-SequenceTransform =0.157045 0.941842 0.297103 49.1743 -0.922668 0.247199 -0.295932 -4.82382 -0.352165 -0.227653 0.907829 -9.74022 0 0 0 1 
Seq_Frame0025_ForcepToReference-SequenceTransformStatus = OK
Seq_Frame0025_Timestamp = 3.284
Seq_Frame0026_ForcepToReference-SequenceTransform =0.513361 -0.0554771 -0.856378 73.9721 0.706486 -0.53918 0.458436 129.301 -0.487174 -0.840362 -0.2376 -70.1435 0 0 0 1 
Seq_Frame0026_ForcepToReference-SequenceTransformStatus = OK
Seq_Frame0026_Timestamp = 3.395
Seq_Frame0027_ForcepToReference-SequenceTransform =0.0835835 -0.194115 -0.977411 6.42462 0.643333 -0.738542 0.20169 161.587 -0.76101 -0.645659 0.0631509 -108.588 0 0 0 1 
Seq_Frame0027_ForcepToReference-SequenceTransformStatus = OK
Seq_Frame0027_Timestamp = 3.522
Seq_Frame0028_ForcepToReference-SequenceTransform =-0.0595644 -0.0786537 -0.995121 -38.5006 0.632419 -0.774275 0.0233439 180.255 -0.772333 -0.627943 0.0958613 -95.2723 0 0 0 1 
Seq_Frame0028_ForcepToReference-SequenceTransformStatus = OK
Seq_Frame0028_Timestamp = 3.647
Seq_Frame0029_ForcepToReference-SequenceTransform =-0.0237607 -0.101499 -0.994552 -59.2264 0.601253 -0.796253 0.0668969 173.069 -0.798705 -0.596388 0.079946 -82.9139 0 0 0 1 
Seq_Frame0029_ForcepToReference-SequenceTransformStatus = OK
Seq_Frame0029_Timestamp = 3.755
Seq_Frame0030_ForcepToReference-SequenceTransform =-0.221032 -0.305329 -0.926239 -114.107 0.641423 -0.760932 0.0977715 163.99 -0.734658 -0.5725 0.364035 -78.5266 0 0 0 1 
Seq_Frame0030_ForcepToReference-SequenceTransformStatus = OK
Seq_Frame0030_Timestamp = 3.867
Seq_Frame0031_ForcepToReference-SequenceTransform =-0.330907 -0.52481 -0.784267 -146.263 0.731922 -0.667323 0.137733 166.971 -0.595643 -0.528446 0.604942 -80.6849 0 0 0 1 
Seq_Frame0031_ForcepToReference-SequenceTransformStatus = OK
Seq_Frame0031_Timestamp = 3.974
Seq_Frame0032_ForcepToReference-SequenceTransform =-0.350958 -0.584933 -0.731219 -156.409 0.788664 -0.605629 0.105939 167.998 -0.504815 -0.539505 0.673866 -73.0668 0 0 0 1 
Seq_Frame0032_ForcepToReference-SequenceTransformStatus = OK
Seq_Frame0032_Timestamp = 4.102
Seq_Frame0033_ForcepToReference-SequenceTransform =-0.289471 -0.597463 -0.747826 -151.484 0.810061 -0.56911 0.14112 156.559 -0.509909 -0.564935 0.648723 -58.7439 0 0 0 1 
Seq_Frame0033_ForcepToReference-SequenceTransformStatus = OK
Seq_Frame0033_Timestamp = 4.227
Seq_Frame0034_ForcepToReference-SequenceTransform =-0.185994 -0.809396 -0.557032 -155.141 0.982056 -0.171138 -0.0792381 174.34 -0.0311942 -0.561774 0.826702 -9.23035 0 0 0 1 
Seq_Frame0034_ForcepToReference-SequenceTransformStatus = OK
Seq_Frame0034_Timestamp = 4.354
Seq_Frame0035_ForcepToReference-SequenceTransform =-0.145536 -0.844834 -0.514854 -148.052 0.973635 -0.0299111 -0.226141 176.583 0.175651 -0.534192 0.826913 15.1186 0 0 0 1 
Seq_Frame0035_ForcepToReference-SequenceTransformStatus = OK
Seq_Frame0035_Timestamp = 4.461
Seq_Frame0036_ForcepToReference-SequenceTransform =-0.156418 -0.809805 -0.565463 -139.327 0.972962 -0.0278307 -0.229283 174.769 0.169937 -0.586038 0.792263 23.5068 0 0 0 1 
Seq_Frame0036_ForcepToReference-SequenceTransformStatus = OK
Seq_Frame0036_Timestamp = 4.573
Seq_Frame0037_ForcepToReference-SequenceTransform =-0.137118 -0.782004 -0.608003 -131.454 0.966062 0.0300778 -0.256554 172.844 0.218914 -0.622547 0.75134 31.9449 0 0 0 1 
Seq_Frame0037_ForcepToReference-SequenceTransformStatus = OK
Seq_Frame0037_Timestamp = 4.698
Seq_Frame0038_ForcepToReference-SequenceTransform =-0.0998143 -0.794251 -0.599335 -126.893 0.962794 0.0749283 -0.259642 170.06 0.251128 -0.602952 0.757221 36.2693 0 0 0 1 
Seq_Frame0038_ForcepToReference-SequenceTransformStatus = OK
Seq_Frame0038_Timestamp = 4.824
Seq_Frame0039_ForcepToReference-SequenceTransform =-0.0571088 -0.789484 -0.611108 -121.816 0.96193 0.120349 -0.245371 168.038 0.267263 -0.601856 0.752555 37.956 0 0 0 1 
Seq_Frame0039_ForcepToReference-SequenceTransformStatus = OK
Seq_Frame0039_Timestamp = 4.932
Seq_Frame0040_ForcepToReference-SequenceTransform =-0.0543028 -0.765194 -0.641506 -118.085 0.960465 0.135656 -0.243114 169.041 0.273054 -0.629346 0.727575 40.5896 0 0 0 1 
Seq_Frame0040_ForcepToReference-SequenceTransformStatus = OK
Seq_Frame0040_Timestamp = 5.044
Seq_Frame0041_ForcepToReference-SequenceTransform =-0.0224793 -0.745799 -0.665792 -113.835 0.976626 0.126016 -0.174133 165.804 0.213769 -0.654144 0.725534 34.4036 0 0 0 1 
Seq_Frame0041_ForcepToReference-SequenceTransformStatus = OK
Seq_Frame0041_Timestamp = 5.168
Seq_Frame0042_ForcepToReference-SequenceTransform =0.0172164 -0.726945 -0.68648 -106.65 0.968813 0.181872 -0.168296 168.854 0.247193 -0.662173 0.707405 38.1909 0 0 0 1 
Seq_Frame0042_ForcepToReference-SequenceTransformStatus = OK
Seq_Frame0042_Timestamp = 5.294
Seq_Frame0043_ForcepToReference-SequenceTransform =0.0156064 -0.748353 -0.663117 -104.222 0.955505 0.206539 -0.2106 172.108 0.294563 -0.630325 0.718278 44.3128 0 0 0 1 
Seq_Frame0043_ForcepToReference-SequenceTransformStatus = OK
Seq_Frame0043_Timestamp = 5.402
Seq_Frame0044_ForcepToReference-SequenceTransform =-0.0306493 -0.811762 -0.583183 -109.9 0.943501 0.169106 -0.284973 179.235 0.32995 -0.558968 0.760715 39.4111 0 0 0 1 
Seq_Frame0044_ForcepToReference-SequenceTransformStatus = OK
Seq_Frame0044_Timestamp = 5.528
Seq_Frame0045_ForcepToReference-SequenceTransform =-0.161097 -0.847516 -0.505732 -116.684 0.936276 0.0308305 -0.349909 197.208 0.312145 -0.529874 0.788542 33.0696 0 0 0 1 
Seq_Frame0045_ForcepToReference-SequenceTransformStatus = OK
Seq_Frame0045_Timestamp = 5.64
Seq_Frame0046_ForcepToReference-SequenceTransform =-0.279797 -0.903646 -0.324248 -108.699 0.892052 -0.11985 -0.435751 220.864 0.354904 -0.411168 0.839633 16.4449 0 0 0 1 
Seq_Frame0046_ForcepToReference-SequenceTransformStatus = OK
Seq_Frame0046_Timestamp = 5.763
Seq_Frame0047_ForcepToReference-SequenceTransform =-0.388783 -0.871368 -0.299277 -84.5061 0.882442 -0.258804 -0.392831 238.343 0.264846 -0.41682 0.86955 1.58524 0 0 0 1 
Seq_Frame0047_ForcepToReference-SequenceTransformStatus = OK
Seq_Frame0047_Timestamp = 5.891
Seq_Frame0048_ForcepToReference-SequenceTransform =-0.466121 -0.833255 -0.297349 -60.8373 0.852788 -0.33368 -0.401759 245.848 0.235548 -0.440844 0.866126 -11.7845 0 0 0 1 
Seq_Frame0048_ForcepToReference-SequenceTransformStatus = OK
Seq_Frame0048_Timestamp = 6.015
Seq_Frame0049_ForcepToReference-SequenceTransform =-0.50757 -0.797557 -0.325999 -40.962 0.850429 -0.402979 -0.3382 248.453 0.138363 -0.448899 0.882806 -19.1187 0 0 0 1 
Seq_Frame0049_ForcepToReference-SequenceTransformStatus = OK
Seq_Frame0049_Timestamp = 6.142
Seq_Frame0050_ForcepToReference-SequenceTransform =-0.543567 -0.775845 -0.320312 -31.0321 0.834266 -0.457376 -0.307907 248 0.0923853 -0.434593 0.895876 -28.4307 0 0 0 1 
Seq_Frame0050_ForcepToReference-SequenceTransformStatus = OK
Seq_Frame0050_Timestamp = 6.268
Seq_Frame0051_ForcepToReference-SequenceTransform =-0.541145 -0.798421 -0.263981 -30.3233 0.837776 -0.484704 -0.251383 248.885 0.0727568 -0.357192 0.931193 -37.5924 0 0 0 1 
Seq_Frame0051_ForcepToReference-SequenceTransformStatus = OK
Seq_Frame0051_Timestamp = 6.393
Seq_Frame0052_ForcepToReference-SequenceTransform =-0.525958 -0.811852 -0.253505 -31.184 0.844019 -0.461463 -0.273283 251.429 0.104882 -0.357698 0.927929 -34.6179 0 0 0 1 
Seq_Frame0052_ForcepToReference-SequenceTransformStatus = OK
Seq_Frame0052_Timestamp = 6.5
Seq_Frame0053_ForcepToReference-SequenceTransform =-0.391509 -0.893542 -0.219782 -31.7688 0.90359 -0.328182 -0.275359 262.573 0.173916 -0.306398 0.935881 -22.6393 0 0 0 1 
Seq_Frame0053_ForcepToReference-SequenceTransformStatus = OK
Seq_Frame0053_Timestamp = 6.608
Seq_Frame0054_ForcepToReference-SequenceTransform =-0.24992 -0.954002 -0.16559 -30.3947 0.950823 -0.209487 -0.228145 266.239 0.182961 -0.214465 0.959442 -18.3903 0 0 0 1 
Seq_Frame0054_ForcepToReference-SequenceTransformStatus = OK
Seq_Frame0054_Timestamp = 6.757
Seq_Frame0055_ForcepToReference-SequenceTransform =-0.233494 -0.953755 -0.189293 -31.0341 0.95334 -0.186233 -0.237613 259.452 0.191372 -0.235942 0.952737 -21.2787 0 0 0 1 
Seq_Frame0055_ForcepToReference-SequenceTransformStatus = OK
Seq_Frame0055_Timestamp = 6.884
Seq_Frame0056_ForcepToReference-SequenceTransform =-0.246343 -0.951668 -0.183419 -33.1851 0.958331 -0.210942 -0.192625 251.995 0.144625 -0.223228 0.963978 -24.4495 0 0 0 1 
Seq_Frame0056_ForcepToReference-SequenceTransformStatus = OK
Seq_Frame0056_Timestamp = 7.001
Seq_Frame0057_ForcepToReference-SequenceTransform =-0.283888 -0.934546 -0.214549 -31.8926 0.944841 -0.234526 -0.228634 246.083 0.163351 -0.267621 0.949576 -29.2269 0 0 0 1 
Seq_Frame0057_ForcepToReference-SequenceTransformStatus = OK
Seq_Frame0057_Timestamp = 7.11
Seq_Frame0058_ForcepToReference-SequenceTransform =-0.28845 -0.929918 -0.228142 -29.2084 0.953629 -0.257621 -0.155641 240.068 0.0859593 -0.262458 0.961107 -30.8892 0 0 0 1 
Seq_Frame0058_ForcepToReference-SequenceTransformStatus = OK
Seq_Frame0058_Timestamp = 7.216
Seq_Frame0059_ForcepToReference-SequenceTransform =-0.364386 -0.899866 -0.239717 -26.0682 0.561191 -0.0067635 -0.827659 241.933 0.74316 -0.436114 0.507461 -37.7044 0 0 0 1 
Seq_Frame0059_ForcepToReference-SequenceTransformStatus = OK
Seq_Frame0059_Timestamp = 7.431
Seq_Frame0060_ForcepToReference-SequenceTransform =-0.393406 -0.893276 -0.21746 -25.3745 0.472973 0.00618365 -0.881055 241.942 0.78837 -0.449465 0.420063 -37.2634 0 0 0 1 
Seq_Frame0060_ForcepToReference-SequenceTransformStatus = OK
Seq_Frame0060_Timestamp = 7.572
Seq_Frame0061_ForcepToReference-SequenceTransform =-0.393522 -0.895735 -0.206879 -28.345 0.506995 -0.0237372 -0.861622 238.05 0.766874 -0.443954 0.463475 -41.2228 0 0 0 1 
Seq_Frame0061_ForcepToReference-SequenceTransformStatus = OK
Seq_Frame0061_Timestamp = 7.974
Seq_Frame0062_ForcepToReference-SequenceTransform =-0.345748 -0.909496 -0.230813 -33.3149 0.93831 -0.333635 -0.0908931 232.974 0.0056597 -0.248 0.968743 -39.6402 0 0 0 1 
Seq_Frame0062_ForcepToReference-SequenceTransformStatus = OK
Seq_Frame0062_Timestamp = 8.097
Seq_Frame0063_ForcepToReference-SequenceTransform =-0.384968 -0.769065 -0.510233 33.0446 0.922928 -0.321764 -0.211356 216.844 -0.00162784 -0.552274 0.833661 -22.6042 0 0 0 1 
Seq_Frame0063_ForcepToReference-SequenceTransformStatus = OK
Seq_Frame0063_Timestamp = 8.339
Seq_Frame0064_ForcepToReference-SequenceTransform =-0.934853 0.340933 -0.0990661 170.298 0.353582 0.868838 -0.346554 265.622 -0.0320795 -0.359005 -0.932784 193.816 0 0 0 1 
Seq_Frame0064_ForcepToReference-SequenceTransformStatus = OK
Seq_Frame0064_Timestamp = 8.469
Seq_Frame0065_ForcepToReference-SequenceTransform =-0.929969 0.361539 -0.066691 173.955 0.362753 0.872912 -0.326242 267.164 -0.0597339 -0.327588 -0.942931 192.54 0 0 0 1 
Seq_Frame0065_ForcepToReference-SequenceTransformStatus = OK
Seq_Frame0065_Timestamp = 8.578
Seq_Frame0066_ForcepToReference-SequenceTransform =-0.929969 0.361539 -0.066691 173.955 0.362753 0.872912 -0.326242 267.164 -0.0597339 -0.327588 -0.942931 192.54 0 0 0 1 
Seq_Frame0066_ForcepToReference-SequenceTransformStatus = OK
Seq_Frame0066_Timestamp = 8.707
Seq_Frame0067_ForcepToReference-SequenceTransform =-0.929969 0.361539 -0.066691 173.955 0.362753 0.872912 -0.326242 267.164 -0.0597339 -0.327588 -0.942931 192.54 0 0 0 1 
Seq_Frame0067_ForcepToReference-SequenceTransformStatus = OK
Seq_Frame0067_Timestamp = 8.832
Seq_Frame0068_ForcepToReference-SequenceTransform =-0.929969 0.361539 -0.066691 173.955 0.362753 0.872912 -0.326242 267.164 -0.0597339 -0.327588 -0.942931 192.54 0 0 0 1 
Seq_Frame0068_ForcepToReference-SequenceTransformStatus = OK
Seq_Frame0068_Timestamp = 8.946
Seq_Frame0069_ForcepToReference-SequenceTransform =-0.929969 0.361539 -0.066691 173.955 0.362753 0.872912 -0.326242 267.164 -0.0597339 -0.327588 -0.942931 192.54 0 0 0 1 
Seq_Frame0069_ForcepToReference-SequenceTransformStatus = OK
Seq_Frame0069_Timestamp = 9.067
Seq_Frame0070_ForcepToReference-SequenceTransform =-0.929969 0.361539 -0.066691 173.955 0.362753 0.872912 -0.326242 267.164 -0.0597339 -0.327588 -0.942931 192.54 0 0 0 1 
Seq_Frame0070_ForcepToReference-SequenceTransformStatus = OK
Seq_Frame0070_Timestamp = 9.189
Seq_Frame0071_ForcepToReference-SequenceTransform =-0.929969 0.361539 -0.066691 173.955 0.362753 0.872912 -0.326242 267.164 -0.0597339 -0.327588 -0.942931 192.54 0 0 0 1 
Seq_Frame0071_ForcepToReference-SequenceTransformStatus = OK
Seq_Frame0071_Timestamp = 9.306
Seq_Frame0072_ForcepToReference-SequenceTransform =-0.929969 0.361539 -0.066691 173.955 0.362753 0.872912 -0.326242 267.164 -0.0597339 -0.327588 -0.942931 192.54 0 0 0 1 
Seq_Frame0072_ForcepToReference-SequenceTransformStatus = OK
Seq_Frame0072_Timestamp = 9.436
Seq_Frame0073_ForcepToReference-SequenceTransform =-0.929969 0.361539 -0.066691 173.955 0.362753 0.872912 -0.326242 267.164 -0.0597339 -0.327588 -0.942931 192.54 0 0 0 1 
Seq_Frame0073_ForcepToReference-SequenceTransformStatus = OK
Seq_Frame0073_Timestamp = 9.559
Seq_Frame0074_ForcepToReference-SequenceTransform =-0.929969 0.361539 -0.066691 173.955 0.362753 0.872912 -0.326242 267.164 -0.0597339 -0.327588 -0.942931 192.54 0 0 0 1 
Seq_Frame0074_ForcepToReference-SequenceTransformStatus = OK
Seq_Frame0074_Timestamp = 9.669
Seq_Frame0075_ForcepToReference-SequenceTransform =-0.929969 0.361539 -0.066691 173.955 0.362753 0.872912 -0.326242 267.164 -0.0597339 -0.327588 -0.942931 192.54 0 0 0 1 
Seq_Frame0075_ForcepToReference-SequenceTransformStatus = OK
Seq_Frame0075_Timestamp = 9.784
Seq_Frame0076_ForcepToReference-SequenceTransform =-0.70863 0.705558 0.00563277 127.958 0.653255 0.653041 0.383139 222.472 0.266648 0.275184 -0.923673 43.4024 0 0 0 1 
Seq_Frame0076_ForcepToReference-SequenceTransformStatus = OK
Seq_Frame0076_Timestamp = 10.064
Seq_Frame0077_ForcepToReference-SequenceTransform =-0.304505 -0.845785 -0.438092 83.1155 0.888701 -0.0867642 -0.450202 251.476 0.342764 -0.526422 0.77807 13.5736 0 0 0 1 
Seq_Frame0077_ForcepToReference-SequenceTransformStatus = OK
Seq_Frame0077_Timestamp = 10.185
Seq_Frame0078_ForcepToReference-SequenceTransform =-0.391388 -0.831242 -0.394781 60.7248 0.749345 -0.0388811 -0.661037 261.59 0.534133 -0.554549 0.638105 11.0225 0 0 0 1 
Seq_Frame0078_ForcepToReference-SequenceTransformStatus = OK
Seq_Frame0078_Timestamp = 10.291
Seq_Frame0079_ForcepToReference-SequenceTransform =-0.410768 -0.836134 -0.363525 49.9829 0.745605 -0.0785915 -0.661737 263.927 0.524731 -0.542867 0.655708 12.7213 0 0 0 1 
Seq_Frame0079_ForcepToReference-SequenceTransformStatus = OK
Seq_Frame0079_Timestamp = 10.406
Seq_Frame0080_ForcepToReference-SequenceTransform =-0.387098 -0.853876 -0.347925 43.7971 0.832722 -0.161738 -0.529542 261.456 0.39589 -0.494709 0.77365 8.65745 0 0 0 1 
Seq_Frame0080_ForcepToReference-SequenceTransformStatus = OK
Seq_Frame0080_Timestamp = 10.53
Seq_Frame0081_ForcepToReference-SequenceTransform =-0.369575 -0.868721 -0.329755 41.0302 0.802044 -0.119044 -0.585282 259.128 0.469191 -0.480784 0.740747 3.74098 0 0 0 1 
Seq_Frame0081_ForcepToReference-SequenceTransformStatus = OK
Seq_Frame0081_Timestamp = 10.639
Seq_Frame0082_ForcepToReference-SequenceTransform =-0.30636 -0.901533 -0.305585 40.7648 0.846361 -0.111044 -0.520905 258.081 0.435679 -0.418219 0.797042 9.38379 0 0 0 1 
Seq_Frame0082_ForcepToReference-SequenceTransformStatus = OK
Seq_Frame0082_Timestamp = 10.753
Seq_Frame0083_ForcepToReference-SequenceTransform =-0.320551 -0.887819 -0.330189 42.4971 0.857769 -0.12419 -0.498807 260.052 0.401845 -0.443119 0.801353 16.5018 0 0 0 1 
Seq_Frame0083_ForcepToReference-SequenceTransformStatus = OK
Seq_Frame0083_Timestamp = 10.87
Seq_Frame0084_ForcepToReference-SequenceTransform =-0.387407 -0.866669 -0.314325 39.3505 0.656625 -0.0200723 -0.75395 264.831 0.647116 -0.49848 0.576853 15.159 0 0 0 1 
Seq_Frame0084_ForcepToReference-SequenceTransformStatus = OK
Seq_Frame0084_Timestamp = 10.992
Seq_Frame0085_ForcepToReference-SequenceTransform =-0.416941 -0.858944 -0.29728 35.6335 0.657133 -0.0588957 -0.75147 264.856 0.627962 -0.508671 0.588997 9.23229 0 0 0 1 
Seq_Frame0085_ForcepToReference-SequenceTransformStatus = OK
Seq_Frame0085_Timestamp = 11.368
Seq_Frame0086_ForcepToReference-SequenceTransform =-0.398262 -0.828697 -0.393255 38.9211 0.8524 -0.175995 -0.492381 261.07 0.338824 -0.531307 0.776473 8.4158 0 0 0 1 
Seq_Frame0086_ForcepToReference-SequenceTransformStatus = OK
Seq_Frame0086_Timestamp = 11.743
Seq_Frame0087_ForcepToReference-SequenceTransform =-0.430177 -0.821234 -0.374863 41.047 0.804186 -0.159942 -0.572454 257.163 0.410162 -0.547716 0.729228 1.45233 0 0 0 1 
Seq_Frame0087_ForcepToReference-SequenceTransformStatus = OK
Seq_Frame0087_Timestamp = 11.856
Seq_Frame0088_ForcepToReference-SequenceTransform =-0.485068 -0.787929 -0.37931 34.9802 0.867963 -0.380963 -0.318602 248.659 0.106532 -0.483771 0.868687 -8.05014 0 0 0 1 
Seq_Frame0088_ForcepToReference-SequenceTransformStatus = OK
Seq_Frame0088_Timestamp = 11.965
Seq_Frame0089_ForcepToReference-SequenceTransform =-0.474306 -0.829379 -0.295237 26.7513 0.862637 -0.370891 -0.343943 252.749 0.175759 -0.417817 0.891369 -9.73627 0 0 0 1 
Seq_Frame0089_ForcepToReference-SequenceTransformStatus = OK
Seq_Frame0089_Timestamp = 12.077
Seq_Frame0090_ForcepToReference-SequenceTransform =-0.477711 -0.823541 -0.305897 27.1487 0.867829 -0.38822 -0.310092 250.954 0.136618 -0.413601 0.90015 -17.3382 0 0 0 1 
Seq_Frame0090_ForcepToReference-SequenceTransformStatus = OK
Seq_Frame0090_Timestamp = 12.188
Seq_Frame0091_ForcepToReference-SequenceTransform =-0.462199 -0.83202 -0.306782 27.8095 0.87265 -0.365247 -0.324156 249.999 0.157653 -0.417538 0.894879 -15.1662 0 0 0 1 
Seq_Frame0091_ForcepToReference-SequenceTransformStatus = OK
Seq_Frame0091_Timestamp = 12.299
Seq_Frame0092_ForcepToReference-SequenceTransform =-0.456771 -0.825469 -0.331605 27.1748 0.876446 -0.35376 -0.326645 250.773 0.152326 -0.439836 0.885066 -10.9545 0 0 0 1 
Seq_Frame0092_ForcepToReference-SequenceTransformStatus = OK
Seq_Frame0092_Timestamp = 12.424
Seq_Frame0093_ForcepToReference-SequenceTransform =-0.454595 -0.792143 -0.40725 33.8347 0.8863 -0.356916 -0.295099 247.88 0.0884064 -0.495096 0.864329 -2.63319 0 0 0 1 
Seq_Frame0093_ForcepToReference-SequenceTransformStatus = OK
Seq_Frame0093_Timestamp = 12.545
Seq_Frame0094_ForcepToReference-SequenceTransform =-0.271047 0.217448 0.937683 55.5213 -0.142628 0.954323 -0.262534 229.337 -0.951941 -0.204899 -0.227652 40.8359 0 0 0 1 
Seq_Frame0094_ForcepToReference-SequenceTransformStatus = OK
Seq_Frame0094_Timestamp = 12.736
Seq_Frame0095_ForcepToReference-SequenceTransform =-0.151702 0.233276 0.960504 59.665 -0.182807 0.948365 -0.259201 221.992 -0.971374 -0.214908 -0.101224 70.6401 0 0 0 1 
Seq_Frame0095_ForcepToReference-SequenceTransformStatus = OK
Seq_Frame0095_Timestamp = 12.859
Seq_Frame0096_ForcepToReference-SequenceTransform =-0.129642 0.332253 0.934238 69.437 -0.0932904 0.933923 -0.345087 221.616 -0.987163 -0.131893 -0.0900792 78.5674 0 0 0 1 
Seq_Frame0096_ForcepToReference-SequenceTransformStatus = OK
Seq_Frame0096_Timestamp = 12.965
Seq_Frame0097_ForcepToReference-SequenceTransform =-0.131125 0.358959 0.924097 73.1204 -0.0239387 0.930727 -0.364932 221.517 -0.991077 -0.0699733 -0.113448 85.581 0 0 0 1 
Seq_Frame0097_ForcepToReference-SequenceTransformStatus = OK
Seq_Frame0097_Timestamp = 13.074
Seq_Frame0098_ForcepToReference-SequenceTransform =-0.214823 -0.607035 -0.765088 78.5182 0.973506 -0.195927 -0.11789 215.304 -0.078338 -0.770144 0.633042 87.0108 0 0 0 1 
Seq_Frame0098_ForcepToReference-SequenceTransformStatus = OK
Seq_Frame0098_Timestamp = 13.232
Seq_Frame0099_ForcepToReference-SequenceTransform =-0.208556 -0.63989 -0.739625 79.9964 0.959052 -0.28199 -0.0264638 212.468 -0.191632 -0.714858 0.672499 87.1275 0 0 0 1 
Seq_Frame0099_ForcepToReference-SequenceTransformStatus = OK
Seq_Frame0099_Timestamp = 13.357
Seq_Frame0100_ForcepToReference-SequenceTransform =-0.234516 -0.619846 -0.748861 79.1817 0.949992 -0.309532 -0.0412981 210.214 -0.206198 -0.721097 0.661439 87.3049 0 0 0 1 
Seq_Frame0100_ForcepToReference-SequenceTransformStatus = OK
Seq_Frame0100_Timestamp = 13.479
Seq_Frame0101_ForcepToReference-SequenceTransform =-0.272459 -0.629815 -0.727392 75.968 0.953937 -0.275488 -0.118783 211.792 -0.125577 -0.72625 0.675863 91.2979 0 0 0 1 
Seq_Frame0101_ForcepToReference-SequenceTransformStatus = OK
Seq_Frame0101_Timestamp = 13.583
Seq_Frame0102_ForcepToReference-SequenceTransform =-0.298343 -0.608386 -0.735431 75.1908 0.944517 -0.299111 -0.135723 211.966 -0.137403 -0.735119 0.663868 92.8684 0 0 0 1 
Seq_Frame0102_ForcepToReference-SequenceTransformStatus = OK
Seq_Frame0102_Timestamp = 13.911
Seq_Frame0103_ForcepToReference-SequenceTransform =-0.305295 -0.603142 -0.736895 75.4396 0.946347 -0.278257 -0.164319 212.479 -0.105938 -0.747524 0.655732 95.5272 0 0 0 1 
Seq_Frame0103_ForcepToReference-SequenceTransformStatus = OK
Seq_Frame0103_Timestamp = 14.015
Seq_Frame0104_ForcepToReference-SequenceTransform =-0.309302 -0.597771 -0.739596 75.7708 0.946408 -0.269533 -0.177945 212.515 -0.0929748 -0.754998 0.649103 95.3883 0 0 0 1 
Seq_Frame0104_ForcepToReference-SequenceTransformStatus = OK
Seq_Frame0104_Timestamp = 14.119
Seq_Frame0105_ForcepToReference-SequenceTransform =-0.310291 -0.599006 -0.738181 75.9377 0.944641 -0.28139 -0.168738 212.225 -0.106642 -0.749674 0.653158 94.6058 0 0 0 1 
Seq_Frame0105_ForcepToReference-SequenceTransformStatus = OK
Seq_Frame0105_Timestamp = 14.239
Seq_Frame0106_ForcepToReference-SequenceTransform =-0.308975 -0.594148 -0.742646 76.0567 0.938985 -0.314653 -0.138926 211.341 -0.151133 -0.740258 0.655116 93.682 0 0 0 1 
Seq_Frame0106_ForcepToReference-SequenceTransformStatus = OK
Seq_Frame0106_Timestamp = 14.346
Seq_Frame0107_ForcepToReference-SequenceTransform =-0.304013 -0.588934 -0.748821 76.963 0.936204 -0.330189 -0.120401 196.893 -0.176344 -0.737653 0.651745 86.2672 0 0 0 1 
Seq_Frame0107_ForcepToReference-SequenceTransformStatus = OK
Seq_Frame0107_Timestamp = 18.195
Seq_Frame0108_ForcepToReference-SequenceTransform =-0.296418 -0.583729 -0.755908 77.8519 0.945096 -0.293299 -0.144114 196.165 -0.137584 -0.757124 0.638619 85.875 0 0 0 1 
Seq_Frame0108_ForcepToReference-SequenceTransformStatus = OK
Seq_Frame0108_Timestamp = 18.307
Seq_Frame0109_ForcepToReference-SequenceTransform =-0.310139 -0.584385 -0.749872 79.3141 0.944125 -0.281865 -0.17082 195.852 -0.111538 -0.760951 0.63915 87.4097 0 0 0 1 
Seq_Frame0109_ForcepToReference-SequenceTransformStatus = OK
Seq_Frame0109_Timestamp = 18.431
Seq_Frame0110_ForcepToReference-SequenceTransform =-0.289186 -0.568055 -0.770509 79.6221 0.950691 -0.264648 -0.161701 196.104 -0.112059 -0.779278 0.616578 86.1505 0 0 0 1 
Seq_Frame0110_ForcepToReference-SequenceTransformStatus = OK
Seq_Frame0110_Timestamp = 18.545
Seq_Frame0111_ForcepToReference-SequenceTransform =-0.260695 -0.601066 -0.755485 80.9143 0.938221 -0.342182 -0.0515111 195.665 -0.227552 -0.72224 0.653138 89.1146 0 0 0 1 
Seq_Frame0111_ForcepToReference-SequenceTransformStatus = OK
Seq_Frame0111_Timestamp = 18.679
Seq_Frame0112_ForcepToReference-SequenceTransform =-0.251973 -0.588483 -0.768243 81.6882 0.933821 -0.356175 -0.0334456 195.677 -0.253947 -0.725829 0.639284 89.5799 0 0 0 1 
Seq_Frame0112_ForcepToReference-SequenceTransformStatus = OK
Seq_Frame0112_Timestamp = 18.805
Seq_Frame0113_ForcepToReference-SequenceTransform =-0.269717 -0.597189 -0.755393 80.8326 0.937141 -0.343157 -0.0633224 194.844 -0.221403 -0.724989 0.652205 89.031 0 0 0 1 
Seq_Frame0113_ForcepToReference-SequenceTransformStatus = OK
Seq_Frame0113_Timestamp = 19.009
Seq_Frame0114_ForcepToReference-SequenceTransform =-0.304057 -0.573486 -0.760699 79.0967 0.944494 -0.285757 -0.162091 194.372 -0.124419 -0.767761 0.628541 85.3402 0 0 0 1 
Seq_Frame0114_ForcepToReference-SequenceTransformStatus = OK
Seq_Frame0114_Timestamp = 19.11
Seq_Frame0115_ForcepToReference-SequenceTransform =-0.296392 -0.64505 -0.704317 78.9117 0.933964 -0.349926 -0.0725508 194.544 -0.19966 -0.679309 0.706169 90.925 0 0 0 1 
Seq_Frame0115_ForcepToReference-SequenceTransformStatus = OK
Seq_Frame0115_Timestamp = 19.229
Seq_Frame0116_ForcepToReference-SequenceTransform =-0.2982 -0.671212 -0.67864 78.5056 0.921798 -0.38703 -0.0222514 194.403 -0.247719 -0.632205 0.734134 92.7397 0 0 0 1 
Seq_Frame0116_ForcepToReference-SequenceTransformStatus = OK
Seq_Frame0116_Timestamp = 19.338
Seq_Frame0117_ForcepToReference-SequenceTransform =-0.300735 -0.648314 -0.699462 76.8388 0.929353 -0.363901 -0.0622864 195.272 -0.214154 -0.668779 0.71195 91.2991 0 0 0 1 
Seq_Frame0117_ForcepToReference-SequenceTransformStatus = OK
Seq_Frame0117_Timestamp = 19.467
Seq_Frame0118_ForcepToReference-SequenceTransform =-0.320495 -0.625688 -0.711194 74.8268 0.939174 -0.307727 -0.152503 197.182 -0.123434 -0.716811 0.686255 88.7779 0 0 0 1 
Seq_Frame0118_ForcepToReference-SequenceTransformStatus = OK
Seq_Frame0118_Timestamp = 19.581
Seq_Frame0119_ForcepToReference-SequenceTransform =-0.326373 -0.637853 -0.697585 72.4958 0.929985 -0.34874 -0.116226 197.025 -0.16914 -0.686676 0.707013 88.1423 0 0 0 1 
Seq_Frame0119_ForcepToReference-SequenceTransformStatus = OK
Seq_Frame0119_Timestamp = 19.685
Seq_Frame0120_ForcepToReference-SequenceTransform =-0.34089 -0.646337 -0.682673 70.2234 0.919794 -0.379428 -0.100062 196.251 -0.194352 -0.662029 0.72384 86.5004 0 0 0 1 
Seq_Frame0120_ForcepToReference-SequenceTransformStatus = OK
Seq_Frame0120_Timestamp = 19.8
Seq_Frame0121_ForcepToReference-SequenceTransform =-0.345118 -0.645173 -0.681649 69.9602 0.920925 -0.372903 -0.113315 195.984 -0.181081 -0.666855 0.722852 86.1904 0 0 0 1 
Seq_Frame0121_ForcepToReference-SequenceTransformStatus = OK
Seq_Frame0121_Timestamp = 19.906
Seq_Frame0122_ForcepToReference-SequenceTransform =-0.333062 -0.63163 -0.70008 71.0844 0.920852 -0.37753 -0.0974769 194.943 -0.202732 -0.677137 0.70738 84.8949 0 0 0 1 
Seq_Frame0122_ForcepToReference-SequenceTransformStatus = OK
Seq_Frame0122_Timestamp = 20.017
Seq_Frame0123_ForcepToReference-SequenceTransform =-0.328098 -0.626591 -0.70692 72.4979 0.922835 -0.37248 -0.0981543 194.839 -0.201811 -0.684574 0.70045 85.2244 0 0 0 1 
Seq_Frame0123_ForcepToReference-SequenceTransformStatus = OK
Seq_Frame0123_Timestamp = 20.125
Seq_Frame0124_ForcepToReference-SequenceTransform =-0.365991 -0.577541 -0.729724 72.5164 0.927484 -0.290669 -0.235127 196.397 -0.0763123 -0.762862 0.642042 85.8894 0 0 0 1 
Seq_Frame0124_ForcepToReference-SequenceTransformStatus = OK
Seq_Frame0124_Timestamp = 20.244
Seq_Frame0125_ForcepToReference-SequenceTransform =-0.343192 -0.568725 -0.74751 75.1657 0.932599 -0.300981 -0.199175 195.241 -0.111711 -0.765482 0.633686 85.312 0 0 0 1 
Seq_Frame0125_ForcepToReference-SequenceTransformStatus = OK
Seq_Frame0125_Timestamp = 20.356
Seq_Frame0126_ForcepToReference-SequenceTransform =-0.337084 -0.596999 -0.727988 74.5403 0.92678 -0.346495 -0.144982 196.185 -0.16569 -0.723556 0.670084 89.9771 0 0 0 1 
Seq_Frame0126_ForcepToReference-SequenceTransformStatus = OK
Seq_Frame0126_Timestamp = 20.783
Seq_Frame0127_ForcepToReference-SequenceTransform =-0.365903 -0.555491 -0.746689 74.4061 0.930501 -0.232881 -0.282728 196.03 -0.0168369 -0.798245 0.602097 86.6326 0 0 0 1 
Seq_Frame0127_ForcepToReference-SequenceTransformStatus = OK
Seq_Frame0127_Timestamp = 20.895
Seq_Frame0128_ForcepToReference-SequenceTransform =-0.364051 -0.559054 -0.744933 74.1179 0.931227 -0.232924 -0.28029 196.438 -0.0168155 -0.795742 0.605402 87.4086 0 0 0 1 
Seq_Frame0128_ForcepToReference-SequenceTransformStatus = OK
Seq_Frame0128_Timestamp = 21.02
Seq_Frame0129_ForcepToReference-SequenceTransform =-0.28007 -0.633417 -0.721349 73.6826 0.905583 -0.423676 0.0204298 191.984 -0.318559 -0.64752 0.692271 80.1405 0 0 0 1 
Seq_Frame0129_ForcepToReference-SequenceTransformStatus = OK
Seq_Frame0129_Timestamp = 21.371
Seq_Frame0130_ForcepToReference-SequenceTransform =-0.254134 -0.64618 -0.71963 71.4603 0.895592 -0.438137 0.0771435 193.937 -0.365145 -0.62489 0.690059 85.6366 0 0 0 1 
Seq_Frame0130_ForcepToReference-SequenceTransformStatus = OK
Seq_Frame0130_Timestamp = 21.499
Seq_Frame0131_ForcepToReference-SequenceTransform =-0.0640467 0.206153 0.976422 72.6643 -0.18979 0.958057 -0.214724 207.933 -0.979734 -0.199067 -0.0222346 103.806 0 0 0 1 
Seq_Frame0131_ForcepToReference-SequenceTransformStatus = OK
Seq_Frame0131_Timestamp = 22.567
Seq_Frame0132_ForcepToReference-SequenceTransform =-0.0594073 0.151413 0.986684 68.7565 -0.00977766 0.988294 -0.152249 213.051 -0.998186 -0.0186921 -0.0572314 104.636 0 0 0 1 
Seq_Frame0132_ForcepToReference-SequenceTransformStatus = OK
Seq_Frame0132_Timestamp = 22.692
Seq_Frame0133_ForcepToReference-SequenceTransform =-0.0447996 0.144832 0.988441 67.1451 0.0570017 0.988194 -0.142213 218.522 -0.997368 0.0499718 -0.0525263 110.533 0 0 0 1 
Seq_Frame0133_ForcepToReference-SequenceTransformStatus = OK
Seq_Frame0133_Timestamp = 22.81
Seq_Frame0134_ForcepToReference-SequenceTransform =-0.054161 0.151124 0.98703 67.7585 0.0918157 0.985047 -0.145782 220.116 -0.994302 0.0827292 -0.0672267 110.641 0 0 0 1 
Seq_Frame0134_ForcepToReference-SequenceTransformStatus = OK
Seq_Frame0134_Timestamp = 22.92
Seq_Frame0135_ForcepToReference-SequenceTransform =-0.0639512 0.17648 0.982225 69.1633 0.081376 0.981884 -0.171121 219.935 -0.99463 0.0689861 -0.0771539 109.766 0 0 0 1 
Seq_Frame0135_ForcepToReference-SequenceTransformStatus = OK
Seq_Frame0135_Timestamp = 23.034
Seq_Frame0136_ForcepToReference-SequenceTransform =-0.0509861 0.195603 0.979357 70.5214 0.0678587 0.979045 -0.192007 219.621 -0.996391 0.0566682 -0.063191 107.571 0 0 0 1 
Seq_Frame0136_ForcepToReference-SequenceTransformStatus = OK
Seq_Frame0136_Timestamp = 23.159
Seq_Frame0137_ForcepToReference-SequenceTransform =-0.0404619 0.21288 0.97624 71.694 0.053704 0.976091 -0.210622 219.912 -0.997737 0.0439058 -0.0509271 105.825 0 0 0 1 
Seq_Frame0137_ForcepToReference-SequenceTransformStatus = OK
Seq_Frame0137_Timestamp = 23.281
Seq_Frame0138_ForcepToReference-SequenceTransform =-0.0359066 0.21936 0.974983 72.4991 0.057525 0.974448 -0.217121 219.848 -0.997698 0.0482899 -0.0476078 104.874 0 0 0 1 
Seq_Frame0138_ForcepToReference-SequenceTransformStatus = OK
Seq_Frame0138_Timestamp = 23.403
Seq_Frame0139_ForcepToReference-SequenceTransform =-0.0296085 0.22561 0.973768 73.1927 0.0652602 0.972553 -0.223344 220.442 -0.997429 0.0569354 -0.0435192 105.32 0 0 0 1 
Seq_Frame0139_ForcepToReference-SequenceTransformStatus = OK
Seq_Frame0139_Timestamp = 23.531
Seq_Frame0140_ForcepToReference-SequenceTransform =-0.0284194 0.235446 0.971472 73.6679 0.0593423 0.970548 -0.233486 220.4 -0.997833 0.0510139 -0.0415543 104.728 0 0 0 1 
Seq_Frame0140_ForcepToReference-SequenceTransformStatus = OK
Seq_Frame0140_Timestamp = 23.641
Seq_Frame0141_ForcepToReference-SequenceTransform =-0.0316025 0.25 0.96773 74.5122 0.0521717 0.967306 -0.248187 220.665 -0.998138 0.0426448 -0.0436122 104.467 0 0 0 1 
Seq_Frame0141_ForcepToReference-SequenceTransformStatus = OK
Seq_Frame0141_Timestamp = 23.745
Seq_Frame0142_ForcepToReference-SequenceTransform =-0.0288007 0.258896 0.965476 74.5679 0.0417209 0.965346 -0.257617 221.163 -0.998714 0.032861 -0.038604 103.311 0 0 0 1 
Seq_Frame0142_ForcepToReference-SequenceTransformStatus = OK
Seq_Frame0142_Timestamp = 23.872
Seq_Frame0143_ForcepToReference-SequenceTransform =-0.0398616 0.253145 0.966607 74.2222 0.0662119 0.965919 -0.250234 221.331 -0.997009 0.0540261 -0.0552643 103.685 0 0 0 1 
Seq_Frame0143_ForcepToReference-SequenceTransformStatus = OK
Seq_Frame0143_Timestamp = 23.996
Seq_Frame0144_ForcepToReference-SequenceTransform =-0.0574674 0.252175 0.965974 73.7645 0.0904375 0.96491 -0.246516 223.486 -0.994243 0.0731936 -0.0782569 100.245 0 0 0 1 
Seq_Frame0144_ForcepToReference-SequenceTransformStatus = OK
Seq_Frame0144_Timestamp = 24.113
Seq_Frame0145_ForcepToReference-SequenceTransform =-0.0649862 0.26887 0.960982 71.9913 0.0708906 0.961828 -0.264313 219.795 -0.995365 0.0509478 -0.0815659 92.2419 0 0 0 1 
Seq_Frame0145_ForcepToReference-SequenceTransformStatus = OK
Seq_Frame0145_Timestamp = 24.241
Seq_Frame0146_ForcepToReference-SequenceTransform =-0.0690962 0.261639 0.962689 72.0719 0.0127314 0.965148 -0.261394 217.051 -0.997529 -0.00580498 -0.0700191 95.6276 0 0 0 1 
Seq_Frame0146_ForcepToReference-SequenceTransformStatus = OK
Seq_Frame0146_Timestamp = 24.365
Seq_Frame0147_ForcepToReference-SequenceTransform =-0.0391985 0.262819 0.964049 74.8151 -0.025556 0.964211 -0.263903 213.358 -0.998905 -0.0349818 -0.031079 96.7346 0 0 0 1 
Seq_Frame0147_ForcepToReference-SequenceTransformStatus = OK
Seq_Frame0147_Timestamp = 24.485
Seq_Frame0148_ForcepToReference-SequenceTransform =-0.0293127 0.259873 0.965198 77.344 -0.0684237 0.962826 -0.261313 209.608 -0.997226 -0.0737022 -0.0104416 94.9255 0 0 0 1 
Seq_Frame0148_ForcepToReference-SequenceTransformStatus = OK
Seq_Frame0148_Timestamp = 24.612
Seq_Frame0149_ForcepToReference-SequenceTransform =-0.0178277 0.268475 0.963122 79.5976 -0.0816074 0.95967 -0.269023 208.594 -0.996505 -0.0833939 0.00480081 96.1235 0 0 0 1 
Seq_Frame0149_ForcepToReference-SequenceTransformStatus = OK
Seq_Frame0149_Timestamp = 24.736
