ObjectType = Image
NDims = 3
AnatomicalOrientation = RAI
BinaryData = True
CompressedData = False
DimSize = 0 0 5144
ElementSpacing = 1 1 1
Offset = 0 0 0
TransformMatrix = 1 0 0 0 1 0 0 0 1
ElementType = MET_UCHAR
Kinds = domain domain list
Seq_Frame0000_DriverToReference-SequenceTransform =-0.37113 -0.925199 0.0791792 24.88 -0.453852 0.255123 0.853775 167.114 -0.810112 0.280926 -0.514587 249.892 0 0 0 1 
Seq_Frame0000_DriverToReference-SequenceTransformStatus = OK
Seq_Frame0000_Timestamp = 0.00400019
Seq_Frame0001_DriverToReference-SequenceTransform =-0.37113 -0.925199 0.0791792 24.88 -0.453852 0.255123 0.853775 167.114 -0.810112 0.280926 -0.514587 249.892 0 0 0 1 
Seq_Frame0001_DriverToReference-SequenceTransformStatus = OK
Seq_Frame0001_Timestamp = 0.106
Seq_Frame0002_DriverToReference-SequenceTransform =-0.37113 -0.925199 0.0791792 24.88 -0.453852 0.255123 0.853775 167.114 -0.810112 0.280926 -0.514587 249.892 0 0 0 1 
Seq_Frame0002_DriverToReference-SequenceTransformStatus = OK
Seq_Frame0002_Timestamp = 0.215
Seq_Frame0003_DriverToReference-SequenceTransform =-0.37113 -0.925199 0.0791792 24.88 -0.453852 0.255123 0.853775 167.114 -0.810112 0.280926 -0.514587 249.892 0 0 0 1 
Seq_Frame0003_DriverToReference-SequenceTransformStatus = OK
Seq_Frame0003_Timestamp = 0.316
Seq_Frame0004_DriverToReference-SequenceTransform =-0.37113 -0.925199 0.0791792 24.88 -0.453852 0.255123 0.853775 167.114 -0.810112 0.280926 -0.514587 249.892 0 0 0 1 
Seq_Frame0004_DriverToReference-SequenceTransformStatus = OK
Seq_Frame0004_Timestamp = 0.418
Seq_Frame0005_DriverToReference-SequenceTransform =-0.37113 -0.925199 0.0791792 24.88 -0.453852 0.255123 0.853775 167.114 -0.810112 0.280926 -0.514587 249.892 0 0 0 1 
Seq_Frame0005_DriverToReference-SequenceTransformStatus = OK
Seq_Frame0005_Timestamp = 0.518
Seq_Frame0006_DriverToReference-SequenceTransform =-0.37113 -0.925199 0.0791792 24.88 -0.453852 0.255123 0.853775 167.114 -0.810112 0.280926 -0.514587 249.892 0 0 0 1 
Seq_Frame0006_DriverToReference-SequenceTransformStatus = OK
Seq_Frame0006_Timestamp = 0.625
Seq_Frame0007_DriverToReference-SequenceTransform =-0.37113 -0.925199 0.0791792 24.88 -0.453852 0.255123 0.853775 167.114 -0.810112 0.280926 -0.514587 249.892 0 0 0 1 
Seq_Frame0007_DriverToReference-SequenceTransformStatus = OK
Seq_Frame0007_Timestamp = 0.726
Seq_Frame0008_DriverToReference-SequenceTransform =-0.37113 -0.925199 0.0791792 24.88 -0.453852 0.255123 0.853775 167.114 -0.810112 0.280926 -0.514587 249.892 0 0 0 1 
Seq_Frame0008_DriverToReference-SequenceTransformStatus = OK
Seq_Frame0008_Timestamp = 0.83
Seq_Frame0009_DriverToReference-SequenceTransform =-0.37113 -0.925199 0.0791792 24.88 -0.453852 0.255123 0.853775 167.114 -0.810112 0.280926 -0.514587 249.892 0 0 0 1 
Seq_Frame0009_DriverToReference-SequenceTransformStatus = OK
Seq_Frame0009_Timestamp = 0.931
Seq_Frame0010_DriverToReference-SequenceTransform =-0.37113 -0.925199 0.0791792 24.88 -0.453852 0.255123 0.853775 167.114 -0.810112 0.280926 -0.514587 249.892 0 0 0 1 
Seq_Frame0010_DriverToReference-SequenceTransformStatus = OK
Seq_Frame0010_Timestamp = 1.034
Seq_Frame0011_DriverToReference-SequenceTransform =-0.37113 -0.925199 0.0791792 24.88 -0.453852 0.255123 0.853775 167.114 -0.810112 0.280926 -0.514587 249.892 0 0 0 1 
Seq_Frame0011_DriverToReference-SequenceTransformStatus = OK
Seq_Frame0011_Timestamp = 1.135
Seq_Frame0012_DriverToReference-SequenceTransform =-0.37113 -0.925199 0.0791792 24.88 -0.453852 0.255123 0.853775 167.114 -0.810112 0.280926 -0.514587 249.892 0 0 0 1 
Seq_Frame0012_DriverToReference-SequenceTransformStatus = OK
Seq_Frame0012_Timestamp = 1.24
Seq_Frame0013_DriverToReference-SequenceTransform =-0.37113 -0.925199 0.0791792 24.88 -0.453852 0.255123 0.853775 167.114 -0.810112 0.280926 -0.514587 249.892 0 0 0 1 
Seq_Frame0013_DriverToReference-SequenceTransformStatus = OK
Seq_Frame0013_Timestamp = 1.341
Seq_Frame0014_DriverToReference-SequenceTransform =-0.37113 -0.925199 0.0791792 24.88 -0.453852 0.255123 0.853775 167.114 -0.810112 0.280926 -0.514587 249.892 0 0 0 1 
Seq_Frame0014_DriverToReference-SequenceTransformStatus = OK
Seq_Frame0014_Timestamp = 1.45
Seq_Frame0015_DriverToReference-SequenceTransform =-0.37113 -0.925199 0.0791792 24.88 -0.453852 0.255123 0.853775 167.114 -0.810112 0.280926 -0.514587 249.892 0 0 0 1 
Seq_Frame0015_DriverToReference-SequenceTransformStatus = OK
Seq_Frame0015_Timestamp = 1.55
Seq_Frame0016_DriverToReference-SequenceTransform =-0.37113 -0.925199 0.0791792 24.88 -0.453852 0.255123 0.853775 167.114 -0.810112 0.280926 -0.514587 249.892 0 0 0 1 
Seq_Frame0016_DriverToReference-SequenceTransformStatus = OK
Seq_Frame0016_Timestamp = 1.651
Seq_Frame0017_DriverToReference-SequenceTransform =-0.37113 -0.925199 0.0791792 24.88 -0.453852 0.255123 0.853775 167.114 -0.810112 0.280926 -0.514587 249.892 0 0 0 1 
Seq_Frame0017_DriverToReference-SequenceTransformStatus = OK
Seq_Frame0017_Timestamp = 1.751
Seq_Frame0018_DriverToReference-SequenceTransform =-0.37113 -0.925199 0.0791792 24.88 -0.453852 0.255123 0.853775 167.114 -0.810112 0.280926 -0.514587 249.892 0 0 0 1 
Seq_Frame0018_DriverToReference-SequenceTransformStatus = OK
Seq_Frame0018_Timestamp = 1.856
Seq_Frame0019_DriverToReference-SequenceTransform =-0.37113 -0.925199 0.0791792 24.88 -0.453852 0.255123 0.853775 167.114 -0.810112 0.280926 -0.514587 249.892 0 0 0 1 
Seq_Frame0019_DriverToReference-SequenceTransformStatus = OK
Seq_Frame0019_Timestamp = 1.959
Seq_Frame0020_DriverToReference-SequenceTransform =-0.37113 -0.925199 0.0791792 24.88 -0.453852 0.255123 0.853775 167.114 -0.810112 0.280926 -0.514587 249.892 0 0 0 1 
Seq_Frame0020_DriverToReference-SequenceTransformStatus = OK
Seq_Frame0020_Timestamp = 2.065
Seq_Frame0021_DriverToReference-SequenceTransform =-0.37113 -0.925199 0.0791792 24.88 -0.453852 0.255123 0.853775 167.114 -0.810112 0.280926 -0.514587 249.892 0 0 0 1 
Seq_Frame0021_DriverToReference-SequenceTransformStatus = OK
Seq_Frame0021_Timestamp = 2.166
Seq_Frame0022_DriverToReference-SequenceTransform =-0.37113 -0.925199 0.0791792 24.88 -0.453852 0.255123 0.853775 167.114 -0.810112 0.280926 -0.514587 249.892 0 0 0 1 
Seq_Frame0022_DriverToReference-SequenceTransformStatus = OK
Seq_Frame0022_Timestamp = 2.277
Seq_Frame0023_DriverToReference-SequenceTransform =-0.400319 -0.913342 0.0745094 29.4234 -0.595628 0.321129 0.736277 180.969 -0.6964 0.250365 -0.672566 250.213 0 0 0 1 
Seq_Frame0023_DriverToReference-SequenceTransformStatus = OK
Seq_Frame0023_Timestamp = 2.381
Seq_Frame0024_DriverToReference-SequenceTransform =-0.430419 -0.900456 0.0625917 31.7182 -0.624703 0.347226 0.699414 182.018 -0.651525 0.26194 -0.711971 250.878 0 0 0 1 
Seq_Frame0024_DriverToReference-SequenceTransformStatus = OK
Seq_Frame0024_Timestamp = 2.481
Seq_Frame0025_DriverToReference-SequenceTransform =-0.445129 -0.891636 0.0827363 33.2353 -0.638292 0.380735 0.669047 184.097 -0.628047 0.245002 -0.738601 249.588 0 0 0 1 
Seq_Frame0025_DriverToReference-SequenceTransformStatus = OK
Seq_Frame0025_Timestamp = 2.582
Seq_Frame0026_DriverToReference-SequenceTransform =-0.507234 -0.859806 0.0587219 34.1545 -0.685364 0.443756 0.57737 187.803 -0.522484 0.252615 -0.814368 249.35 0 0 0 1 
Seq_Frame0026_DriverToReference-SequenceTransformStatus = OK
Seq_Frame0026_Timestamp = 2.684
Seq_Frame0027_DriverToReference-SequenceTransform =-0.538634 -0.841489 0.0420727 35.1343 -0.708943 0.479643 0.517051 190.477 -0.455273 0.248674 -0.85492 246.145 0 0 0 1 
Seq_Frame0027_DriverToReference-SequenceTransformStatus = OK
Seq_Frame0027_Timestamp = 2.785
Seq_Frame0028_DriverToReference-SequenceTransform =-0.594058 -0.803672 0.0347376 37.6455 -0.74906 0.568401 0.340336 197.036 -0.293264 0.176159 -0.939662 240.166 0 0 0 1 
Seq_Frame0028_DriverToReference-SequenceTransformStatus = OK
Seq_Frame0028_Timestamp = 2.89
Seq_Frame0029_DriverToReference-SequenceTransform =-0.61019 -0.79203 -0.0188935 39.7619 -0.78403 0.600256 0.15808 204.684 -0.113863 0.111272 -0.987246 231.684 0 0 0 1 
Seq_Frame0029_DriverToReference-SequenceTransformStatus = OK
Seq_Frame0029_Timestamp = 2.991
Seq_Frame0030_DriverToReference-SequenceTransform =-0.599332 -0.780017 -0.17993 41.6759 -0.783122 0.617899 -0.0701473 211.79 0.165895 0.0988656 -0.981175 215.762 0 0 0 1 
Seq_Frame0030_DriverToReference-SequenceTransformStatus = OK
Seq_Frame0030_Timestamp = 3.092
Seq_Frame0031_DriverToReference-SequenceTransform =-0.461051 -0.787235 -0.409503 40.828 -0.711349 0.603765 -0.359793 224.283 0.530485 0.125416 -0.838365 191.863 0 0 0 1 
Seq_Frame0031_DriverToReference-SequenceTransformStatus = OK
Seq_Frame0031_Timestamp = 3.192
Seq_Frame0032_DriverToReference-SequenceTransform =-0.150202 -0.75347 -0.640095 28.0999 -0.661495 0.557759 -0.501327 235.097 0.734754 0.34812 -0.582193 163.722 0 0 0 1 
Seq_Frame0032_DriverToReference-SequenceTransformStatus = OK
Seq_Frame0032_Timestamp = 3.295
Seq_Frame0033_DriverToReference-SequenceTransform =0.12192 -0.650899 -0.74931 14.3614 -0.655707 0.513919 -0.553114 241.508 0.745106 0.558764 -0.364142 150.968 0 0 0 1 
Seq_Frame0033_DriverToReference-SequenceTransformStatus = OK
Seq_Frame0033_Timestamp = 3.401
Seq_Frame0034_DriverToReference-SequenceTransform =0.12192 -0.650899 -0.74931 14.3614 -0.655707 0.513919 -0.553114 241.508 0.745106 0.558764 -0.364142 150.968 0 0 0 1 
Seq_Frame0034_DriverToReference-SequenceTransformStatus = OK
Seq_Frame0034_Timestamp = 3.505
Seq_Frame0035_DriverToReference-SequenceTransform =0.465366 -0.331796 -0.820576 0.743295 -0.807541 0.220393 -0.547088 254.189 0.362371 0.917245 -0.165375 153.582 0 0 0 1 
Seq_Frame0035_DriverToReference-SequenceTransformStatus = OK
Seq_Frame0035_Timestamp = 3.606
Seq_Frame0036_DriverToReference-SequenceTransform =0.465366 -0.331796 -0.820576 0.743295 -0.807541 0.220393 -0.547088 254.189 0.362371 0.917245 -0.165375 153.582 0 0 0 1 
Seq_Frame0036_DriverToReference-SequenceTransformStatus = OK
Seq_Frame0036_Timestamp = 3.715
Seq_Frame0037_DriverToReference-SequenceTransform =0.465366 -0.331796 -0.820576 0.743295 -0.807541 0.220393 -0.547088 254.189 0.362371 0.917245 -0.165375 153.582 0 0 0 1 
Seq_Frame0037_DriverToReference-SequenceTransformStatus = OK
Seq_Frame0037_Timestamp = 3.816
Seq_Frame0038_DriverToReference-SequenceTransform =0.523947 -0.403299 -0.75022 2.23449 -0.781748 0.12199 -0.611546 262.46 0.338155 0.906901 -0.251362 158.147 0 0 0 1 
Seq_Frame0038_DriverToReference-SequenceTransformStatus = OK
Seq_Frame0038_Timestamp = 3.916
Seq_Frame0039_DriverToReference-SequenceTransform =0.493463 -0.476265 -0.727782 4.57583 -0.814102 0.0416224 -0.579229 268.625 0.306158 0.878316 -0.367189 157.699 0 0 0 1 
Seq_Frame0039_DriverToReference-SequenceTransformStatus = OK
Seq_Frame0039_Timestamp = 4.018
Seq_Frame0040_DriverToReference-SequenceTransform =0.505337 -0.509683 -0.696317 0.38714 -0.817327 -0.0238795 -0.575679 273.839 0.276786 0.860031 -0.428645 157.501 0 0 0 1 
Seq_Frame0040_DriverToReference-SequenceTransformStatus = OK
Seq_Frame0040_Timestamp = 4.12
Seq_Frame0041_DriverToReference-SequenceTransform =0.572292 -0.381288 -0.726018 -7.8741 -0.768725 0.0588537 -0.636865 269.016 0.285558 0.922581 -0.259424 157.321 0 0 0 1 
Seq_Frame0041_DriverToReference-SequenceTransformStatus = OK
Seq_Frame0041_Timestamp = 4.221
Seq_Frame0042_DriverToReference-SequenceTransform =0.572292 -0.381288 -0.726018 -7.8741 -0.768725 0.0588537 -0.636865 269.016 0.285558 0.922581 -0.259424 157.321 0 0 0 1 
Seq_Frame0042_DriverToReference-SequenceTransformStatus = OK
Seq_Frame0042_Timestamp = 4.325
Seq_Frame0043_DriverToReference-SequenceTransform =0.572292 -0.381288 -0.726018 -7.8741 -0.768725 0.0588537 -0.636865 269.016 0.285558 0.922581 -0.259424 157.321 0 0 0 1 
Seq_Frame0043_DriverToReference-SequenceTransformStatus = OK
Seq_Frame0043_Timestamp = 4.434
Seq_Frame0044_DriverToReference-SequenceTransform =0.572292 -0.381288 -0.726018 -7.8741 -0.768725 0.0588537 -0.636865 269.016 0.285558 0.922581 -0.259424 157.321 0 0 0 1 
Seq_Frame0044_DriverToReference-SequenceTransformStatus = OK
Seq_Frame0044_Timestamp = 4.534
Seq_Frame0045_DriverToReference-SequenceTransform =0.572292 -0.381288 -0.726018 -7.8741 -0.768725 0.0588537 -0.636865 269.016 0.285558 0.922581 -0.259424 157.321 0 0 0 1 
Seq_Frame0045_DriverToReference-SequenceTransformStatus = OK
Seq_Frame0045_Timestamp = 4.635
Seq_Frame0046_DriverToReference-SequenceTransform =0.572292 -0.381288 -0.726018 -7.8741 -0.768725 0.0588537 -0.636865 269.016 0.285558 0.922581 -0.259424 157.321 0 0 0 1 
Seq_Frame0046_DriverToReference-SequenceTransformStatus = OK
Seq_Frame0046_Timestamp = 4.74
Seq_Frame0047_DriverToReference-SequenceTransform =0.572292 -0.381288 -0.726018 -7.8741 -0.768725 0.0588537 -0.636865 269.016 0.285558 0.922581 -0.259424 157.321 0 0 0 1 
Seq_Frame0047_DriverToReference-SequenceTransformStatus = OK
Seq_Frame0047_Timestamp = 4.841
Seq_Frame0048_DriverToReference-SequenceTransform =0.572292 -0.381288 -0.726018 -7.8741 -0.768725 0.0588537 -0.636865 269.016 0.285558 0.922581 -0.259424 157.321 0 0 0 1 
Seq_Frame0048_DriverToReference-SequenceTransformStatus = OK
Seq_Frame0048_Timestamp = 4.951
Seq_Frame0049_DriverToReference-SequenceTransform =0.572292 -0.381288 -0.726018 -7.8741 -0.768725 0.0588537 -0.636865 269.016 0.285558 0.922581 -0.259424 157.321 0 0 0 1 
Seq_Frame0049_DriverToReference-SequenceTransformStatus = OK
Seq_Frame0049_Timestamp = 5.051
Seq_Frame0050_DriverToReference-SequenceTransform =0.572292 -0.381288 -0.726018 -7.8741 -0.768725 0.0588537 -0.636865 269.016 0.285558 0.922581 -0.259424 157.321 0 0 0 1 
Seq_Frame0050_DriverToReference-SequenceTransformStatus = OK
Seq_Frame0050_Timestamp = 5.155
Seq_Frame0051_DriverToReference-SequenceTransform =0.572292 -0.381288 -0.726018 -7.8741 -0.768725 0.0588537 -0.636865 269.016 0.285558 0.922581 -0.259424 157.321 0 0 0 1 
Seq_Frame0051_DriverToReference-SequenceTransformStatus = OK
Seq_Frame0051_Timestamp = 5.256
Seq_Frame0052_DriverToReference-SequenceTransform =0.572292 -0.381288 -0.726018 -7.8741 -0.768725 0.0588537 -0.636865 269.016 0.285558 0.922581 -0.259424 157.321 0 0 0 1 
Seq_Frame0052_DriverToReference-SequenceTransformStatus = OK
Seq_Frame0052_Timestamp = 5.36
Seq_Frame0053_DriverToReference-SequenceTransform =0.572292 -0.381288 -0.726018 -7.8741 -0.768725 0.0588537 -0.636865 269.016 0.285558 0.922581 -0.259424 157.321 0 0 0 1 
Seq_Frame0053_DriverToReference-SequenceTransformStatus = OK
Seq_Frame0053_Timestamp = 5.462
Seq_Frame0054_DriverToReference-SequenceTransform =0.572292 -0.381288 -0.726018 -7.8741 -0.768725 0.0588537 -0.636865 269.016 0.285558 0.922581 -0.259424 157.321 0 0 0 1 
Seq_Frame0054_DriverToReference-SequenceTransformStatus = OK
Seq_Frame0054_Timestamp = 5.565
Seq_Frame0055_DriverToReference-SequenceTransform =0.572292 -0.381288 -0.726018 -7.8741 -0.768725 0.0588537 -0.636865 269.016 0.285558 0.922581 -0.259424 157.321 0 0 0 1 
Seq_Frame0055_DriverToReference-SequenceTransformStatus = OK
Seq_Frame0055_Timestamp = 5.665
Seq_Frame0056_DriverToReference-SequenceTransform =0.572292 -0.381288 -0.726018 -7.8741 -0.768725 0.0588537 -0.636865 269.016 0.285558 0.922581 -0.259424 157.321 0 0 0 1 
Seq_Frame0056_DriverToReference-SequenceTransformStatus = OK
Seq_Frame0056_Timestamp = 5.776
Seq_Frame0057_DriverToReference-SequenceTransform =0.572292 -0.381288 -0.726018 -7.8741 -0.768725 0.0588537 -0.636865 269.016 0.285558 0.922581 -0.259424 157.321 0 0 0 1 
Seq_Frame0057_DriverToReference-SequenceTransformStatus = OK
Seq_Frame0057_Timestamp = 5.88
Seq_Frame0058_DriverToReference-SequenceTransform =0.572292 -0.381288 -0.726018 -7.8741 -0.768725 0.0588537 -0.636865 269.016 0.285558 0.922581 -0.259424 157.321 0 0 0 1 
Seq_Frame0058_DriverToReference-SequenceTransformStatus = OK
Seq_Frame0058_Timestamp = 5.981
Seq_Frame0059_DriverToReference-SequenceTransform =0.572292 -0.381288 -0.726018 -7.8741 -0.768725 0.0588537 -0.636865 269.016 0.285558 0.922581 -0.259424 157.321 0 0 0 1 
Seq_Frame0059_DriverToReference-SequenceTransformStatus = OK
Seq_Frame0059_Timestamp = 6.09
Seq_Frame0060_DriverToReference-SequenceTransform =0.572292 -0.381288 -0.726018 -7.8741 -0.768725 0.0588537 -0.636865 269.016 0.285558 0.922581 -0.259424 157.321 0 0 0 1 
Seq_Frame0060_DriverToReference-SequenceTransformStatus = OK
Seq_Frame0060_Timestamp = 6.2
Seq_Frame0061_DriverToReference-SequenceTransform =0.572292 -0.381288 -0.726018 -7.8741 -0.768725 0.0588537 -0.636865 269.016 0.285558 0.922581 -0.259424 157.321 0 0 0 1 
Seq_Frame0061_DriverToReference-SequenceTransformStatus = OK
Seq_Frame0061_Timestamp = 6.301
Seq_Frame0062_DriverToReference-SequenceTransform =0.572292 -0.381288 -0.726018 -7.8741 -0.768725 0.0588537 -0.636865 269.016 0.285558 0.922581 -0.259424 157.321 0 0 0 1 
Seq_Frame0062_DriverToReference-SequenceTransformStatus = OK
Seq_Frame0062_Timestamp = 6.404
Seq_Frame0063_DriverToReference-SequenceTransform =0.572292 -0.381288 -0.726018 -7.8741 -0.768725 0.0588537 -0.636865 269.016 0.285558 0.922581 -0.259424 157.321 0 0 0 1 
Seq_Frame0063_DriverToReference-SequenceTransformStatus = OK
Seq_Frame0063_Timestamp = 6.505
Seq_Frame0064_DriverToReference-SequenceTransform =0.572292 -0.381288 -0.726018 -7.8741 -0.768725 0.0588537 -0.636865 269.016 0.285558 0.922581 -0.259424 157.321 0 0 0 1 
Seq_Frame0064_DriverToReference-SequenceTransformStatus = OK
Seq_Frame0064_Timestamp = 6.609
Seq_Frame0065_DriverToReference-SequenceTransform =0.572292 -0.381288 -0.726018 -7.8741 -0.768725 0.0588537 -0.636865 269.016 0.285558 0.922581 -0.259424 157.321 0 0 0 1 
Seq_Frame0065_DriverToReference-SequenceTransformStatus = OK
Seq_Frame0065_Timestamp = 6.71
Seq_Frame0066_DriverToReference-SequenceTransform =0.572292 -0.381288 -0.726018 -7.8741 -0.768725 0.0588537 -0.636865 269.016 0.285558 0.922581 -0.259424 157.321 0 0 0 1 
Seq_Frame0066_DriverToReference-SequenceTransformStatus = OK
Seq_Frame0066_Timestamp = 6.81
Seq_Frame0067_DriverToReference-SequenceTransform =0.572292 -0.381288 -0.726018 -7.8741 -0.768725 0.0588537 -0.636865 269.016 0.285558 0.922581 -0.259424 157.321 0 0 0 1 
Seq_Frame0067_DriverToReference-SequenceTransformStatus = OK
Seq_Frame0067_Timestamp = 6.915
Seq_Frame0068_DriverToReference-SequenceTransform =0.572292 -0.381288 -0.726018 -7.8741 -0.768725 0.0588537 -0.636865 269.016 0.285558 0.922581 -0.259424 157.321 0 0 0 1 
Seq_Frame0068_DriverToReference-SequenceTransformStatus = OK
Seq_Frame0068_Timestamp = 7.016
Seq_Frame0069_DriverToReference-SequenceTransform =0.572292 -0.381288 -0.726018 -7.8741 -0.768725 0.0588537 -0.636865 269.016 0.285558 0.922581 -0.259424 157.321 0 0 0 1 
Seq_Frame0069_DriverToReference-SequenceTransformStatus = OK
Seq_Frame0069_Timestamp = 7.126
Seq_Frame0070_DriverToReference-SequenceTransform =0.572292 -0.381288 -0.726018 -7.8741 -0.768725 0.0588537 -0.636865 269.016 0.285558 0.922581 -0.259424 157.321 0 0 0 1 
Seq_Frame0070_DriverToReference-SequenceTransformStatus = OK
Seq_Frame0070_Timestamp = 7.23
Seq_Frame0071_DriverToReference-SequenceTransform =0.572292 -0.381288 -0.726018 -7.8741 -0.768725 0.0588537 -0.636865 269.016 0.285558 0.922581 -0.259424 157.321 0 0 0 1 
Seq_Frame0071_DriverToReference-SequenceTransformStatus = OK
Seq_Frame0071_Timestamp = 7.336
Seq_Frame0072_DriverToReference-SequenceTransform =0.572292 -0.381288 -0.726018 -7.8741 -0.768725 0.0588537 -0.636865 269.016 0.285558 0.922581 -0.259424 157.321 0 0 0 1 
Seq_Frame0072_DriverToReference-SequenceTransformStatus = OK
Seq_Frame0072_Timestamp = 7.44
Seq_Frame0073_DriverToReference-SequenceTransform =0.572292 -0.381288 -0.726018 -7.8741 -0.768725 0.0588537 -0.636865 269.016 0.285558 0.922581 -0.259424 157.321 0 0 0 1 
Seq_Frame0073_DriverToReference-SequenceTransformStatus = OK
Seq_Frame0073_Timestamp = 7.541
Seq_Frame0074_DriverToReference-SequenceTransform =0.572292 -0.381288 -0.726018 -7.8741 -0.768725 0.0588537 -0.636865 269.016 0.285558 0.922581 -0.259424 157.321 0 0 0 1 
Seq_Frame0074_DriverToReference-SequenceTransformStatus = OK
Seq_Frame0074_Timestamp = 7.645
Seq_Frame0075_DriverToReference-SequenceTransform =0.572292 -0.381288 -0.726018 -7.8741 -0.768725 0.0588537 -0.636865 269.016 0.285558 0.922581 -0.259424 157.321 0 0 0 1 
Seq_Frame0075_DriverToReference-SequenceTransformStatus = OK
Seq_Frame0075_Timestamp = 7.746
Seq_Frame0076_DriverToReference-SequenceTransform =0.572292 -0.381288 -0.726018 -7.8741 -0.768725 0.0588537 -0.636865 269.016 0.285558 0.922581 -0.259424 157.321 0 0 0 1 
Seq_Frame0076_DriverToReference-SequenceTransformStatus = OK
Seq_Frame0076_Timestamp = 7.851
Seq_Frame0077_DriverToReference-SequenceTransform =0.572292 -0.381288 -0.726018 -7.8741 -0.768725 0.0588537 -0.636865 269.016 0.285558 0.922581 -0.259424 157.321 0 0 0 1 
Seq_Frame0077_DriverToReference-SequenceTransformStatus = OK
Seq_Frame0077_Timestamp = 7.955
Seq_Frame0078_DriverToReference-SequenceTransform =0.572292 -0.381288 -0.726018 -7.8741 -0.768725 0.0588537 -0.636865 269.016 0.285558 0.922581 -0.259424 157.321 0 0 0 1 
Seq_Frame0078_DriverToReference-SequenceTransformStatus = OK
Seq_Frame0078_Timestamp = 8.056
Seq_Frame0079_DriverToReference-SequenceTransform =0.0678371 -0.51401 -0.855097 -33.4498 -0.901827 -0.398182 0.167808 255.305 -0.42674 0.759766 -0.49056 154.708 0 0 0 1 
Seq_Frame0079_DriverToReference-SequenceTransformStatus = OK
Seq_Frame0079_Timestamp = 8.156
Seq_Frame0080_DriverToReference-SequenceTransform =0.0265212 -0.644733 -0.763948 -33.5095 -0.867209 -0.39497 0.303228 253.652 -0.497237 0.654461 -0.569593 156.346 0 0 0 1 
Seq_Frame0080_DriverToReference-SequenceTransformStatus = OK
Seq_Frame0080_Timestamp = 8.261
Seq_Frame0081_DriverToReference-SequenceTransform =0.0217884 -0.710417 -0.703444 -39.8693 -0.905714 -0.311956 0.286994 254.254 -0.423329 0.630866 -0.650231 147.312 0 0 0 1 
Seq_Frame0081_DriverToReference-SequenceTransformStatus = OK
Seq_Frame0081_Timestamp = 8.367
Seq_Frame0082_DriverToReference-SequenceTransform =-0.0430224 -0.850676 -0.523927 -43.4877 -0.910493 -0.182497 0.371077 251.464 -0.411281 0.492996 -0.766683 140.242 0 0 0 1 
Seq_Frame0082_DriverToReference-SequenceTransformStatus = OK
Seq_Frame0082_Timestamp = 8.468
Seq_Frame0083_DriverToReference-SequenceTransform =0.02376 -0.862926 -0.504771 -48.0516 -0.967081 -0.1478 0.207148 262.065 -0.253359 0.483232 -0.838031 120.542 0 0 0 1 
Seq_Frame0083_DriverToReference-SequenceTransformStatus = OK
Seq_Frame0083_Timestamp = 8.569
Seq_Frame0084_DriverToReference-SequenceTransform =0.0335969 -0.879837 -0.474087 -52.4857 -0.982507 -0.116012 0.145674 268.271 -0.183169 0.460899 -0.868344 104.561 0 0 0 1 
Seq_Frame0084_DriverToReference-SequenceTransformStatus = OK
Seq_Frame0084_Timestamp = 8.675
Seq_Frame0085_DriverToReference-SequenceTransform =0.0257096 -0.865089 -0.500959 -56.1601 -0.992501 -0.0819948 0.090658 273.836 -0.119503 0.494872 -0.86071 90.7599 0 0 0 1 
Seq_Frame0085_DriverToReference-SequenceTransformStatus = OK
Seq_Frame0085_Timestamp = 8.784
Seq_Frame0086_DriverToReference-SequenceTransform =0.0192248 -0.861672 -0.507102 -53.0494 -0.993317 -0.0741928 0.0884113 279.906 -0.113805 0.502013 -0.85734 82.2236 0 0 0 1 
Seq_Frame0086_DriverToReference-SequenceTransformStatus = OK
Seq_Frame0086_Timestamp = 8.891
Seq_Frame0087_DriverToReference-SequenceTransform =0.00943723 -0.849863 -0.52692 -49.8249 -0.992534 -0.0720423 0.0984196 286.016 -0.121604 0.522057 -0.844197 68.4367 0 0 0 1 
Seq_Frame0087_DriverToReference-SequenceTransformStatus = OK
Seq_Frame0087_Timestamp = 8.991
Seq_Frame0088_DriverToReference-SequenceTransform =0.0272415 -0.844153 -0.535409 -46.709 -0.993923 -0.0800171 0.0755884 293.25 -0.10665 0.530096 -0.841204 61.2964 0 0 0 1 
Seq_Frame0088_DriverToReference-SequenceTransformStatus = OK
Seq_Frame0088_Timestamp = 9.101
Seq_Frame0089_DriverToReference-SequenceTransform =0.0375838 -0.829566 -0.557142 -48.0371 -0.988048 -0.114256 0.103471 297.962 -0.149493 0.546595 -0.823945 53.5985 0 0 0 1 
Seq_Frame0089_DriverToReference-SequenceTransformStatus = OK
Seq_Frame0089_Timestamp = 9.205
Seq_Frame0090_DriverToReference-SequenceTransform =0.0759209 -0.837482 -0.541165 -54.79 -0.993431 -0.110136 0.0310711 300.373 -0.0856231 0.535251 -0.840342 50.399 0 0 0 1 
Seq_Frame0090_DriverToReference-SequenceTransformStatus = OK
Seq_Frame0090_Timestamp = 9.306
Seq_Frame0091_DriverToReference-SequenceTransform =0.0835548 -0.827896 -0.554623 -61.8736 -0.994165 -0.107359 0.010485 296.974 -0.0682245 0.550511 -0.832036 51.4875 0 0 0 1 
Seq_Frame0091_DriverToReference-SequenceTransformStatus = OK
Seq_Frame0091_Timestamp = 9.406
Seq_Frame0092_DriverToReference-SequenceTransform =0.139329 -0.798969 -0.585009 -69.4459 -0.990215 -0.107734 -0.0886992 301.163 0.00784251 0.591644 -0.806162 47.0939 0 0 0 1 
Seq_Frame0092_DriverToReference-SequenceTransformStatus = OK
Seq_Frame0092_Timestamp = 9.509
Seq_Frame0093_DriverToReference-SequenceTransform =0.137245 -0.808932 -0.571658 -74.1151 -0.990333 -0.123769 -0.062621 300.662 -0.0200971 0.574726 -0.818099 46.4017 0 0 0 1 
Seq_Frame0093_DriverToReference-SequenceTransformStatus = OK
Seq_Frame0093_Timestamp = 9.61
Seq_Frame0094_DriverToReference-SequenceTransform =0.126273 -0.821346 -0.556279 -78.9207 -0.991306 -0.12538 -0.0398984 296.41 -0.0369759 0.556481 -0.830037 44.5066 0 0 0 1 
Seq_Frame0094_DriverToReference-SequenceTransformStatus = OK
Seq_Frame0094_Timestamp = 9.711
Seq_Frame0095_DriverToReference-SequenceTransform =0.120286 -0.811024 -0.572514 -82.1229 -0.992365 -0.114064 -0.0469144 293.066 -0.0272547 0.573786 -0.818552 40.5082 0 0 0 1 
Seq_Frame0095_DriverToReference-SequenceTransformStatus = OK
Seq_Frame0095_Timestamp = 9.815
Seq_Frame0096_DriverToReference-SequenceTransform =0.101976 -0.817135 -0.567355 -79.5184 -0.994097 -0.104946 -0.0275299 288.067 -0.0370459 0.566813 -0.823013 38.9325 0 0 0 1 
Seq_Frame0096_DriverToReference-SequenceTransformStatus = OK
Seq_Frame0096_Timestamp = 9.926
Seq_Frame0097_DriverToReference-SequenceTransform =0.0992252 -0.801589 -0.589585 -74.4064 -0.995042 -0.0839458 -0.0533312 291.178 -0.00674344 0.591953 -0.805944 37.8849 0 0 0 1 
Seq_Frame0097_DriverToReference-SequenceTransformStatus = OK
Seq_Frame0097_Timestamp = 10.027
Seq_Frame0098_DriverToReference-SequenceTransform =0.115885 -0.813774 -0.569511 -69.8067 -0.993138 -0.10403 -0.0534381 297.573 -0.0157596 0.571796 -0.820245 39.2187 0 0 0 1 
Seq_Frame0098_DriverToReference-SequenceTransformStatus = OK
Seq_Frame0098_Timestamp = 10.135
Seq_Frame0099_DriverToReference-SequenceTransform =0.178593 -0.821766 -0.541115 -77.0096 -0.983893 -0.144852 -0.10475 306.756 0.007698 0.551107 -0.834399 38.4094 0 0 0 1 
Seq_Frame0099_DriverToReference-SequenceTransformStatus = OK
Seq_Frame0099_Timestamp = 10.235
Seq_Frame0100_DriverToReference-SequenceTransform =0.245515 -0.838114 -0.487121 -85.446 -0.967971 -0.184751 -0.169997 314.85 0.0524807 0.513256 -0.85663 40.9736 0 0 0 1 
Seq_Frame0100_DriverToReference-SequenceTransformStatus = OK
Seq_Frame0100_Timestamp = 10.336
Seq_Frame0101_DriverToReference-SequenceTransform =0.261572 -0.858261 -0.441552 -84.7759 -0.964781 -0.219281 -0.145304 318.889 0.0278849 0.464008 -0.885392 45.6916 0 0 0 1 
Seq_Frame0101_DriverToReference-SequenceTransformStatus = OK
Seq_Frame0101_Timestamp = 10.437
Seq_Frame0102_DriverToReference-SequenceTransform =0.26128 -0.869118 -0.419959 -85.0901 -0.963501 -0.208547 -0.167853 321.38 0.058303 0.448488 -0.891885 46.7253 0 0 0 1 
Seq_Frame0102_DriverToReference-SequenceTransformStatus = OK
Seq_Frame0102_Timestamp = 10.543
Seq_Frame0103_DriverToReference-SequenceTransform =0.244079 -0.865005 -0.438397 -90.4594 -0.969754 -0.217014 -0.111723 319.978 0.00150278 0.452406 -0.891811 45.3409 0 0 0 1 
Seq_Frame0103_DriverToReference-SequenceTransformStatus = OK
Seq_Frame0103_Timestamp = 10.646
Seq_Frame0104_DriverToReference-SequenceTransform =0.237622 -0.88005 -0.411155 -96.5974 -0.963168 -0.268321 0.0176723 317.305 -0.125874 0.391812 -0.911394 46.08 0 0 0 1 
Seq_Frame0104_DriverToReference-SequenceTransformStatus = OK
Seq_Frame0104_Timestamp = 10.747
Seq_Frame0105_DriverToReference-SequenceTransform =0.201586 -0.885637 -0.418343 -101.867 -0.957792 -0.267603 0.104991 312.636 -0.204934 0.379521 -0.902201 48.5855 0 0 0 1 
Seq_Frame0105_DriverToReference-SequenceTransformStatus = OK
Seq_Frame0105_Timestamp = 10.851
Seq_Frame0106_DriverToReference-SequenceTransform =0.199748 -0.885099 -0.420358 -107.651 -0.942231 -0.291233 0.165481 307.814 -0.26889 0.363019 -0.892141 52.5518 0 0 0 1 
Seq_Frame0106_DriverToReference-SequenceTransformStatus = OK
Seq_Frame0106_Timestamp = 10.955
Seq_Frame0107_DriverToReference-SequenceTransform =0.217431 -0.877537 -0.427379 -114.301 -0.943932 -0.300484 0.136755 305.726 -0.248428 0.373682 -0.89367 51.6922 0 0 0 1 
Seq_Frame0107_DriverToReference-SequenceTransformStatus = OK
Seq_Frame0107_Timestamp = 11.059
Seq_Frame0108_DriverToReference-SequenceTransform =0.223618 -0.882842 -0.413019 -118.36 -0.949476 -0.293047 0.112331 302.731 -0.220205 0.367032 -0.903768 52.8372 0 0 0 1 
Seq_Frame0108_DriverToReference-SequenceTransformStatus = OK
Seq_Frame0108_Timestamp = 11.159
Seq_Frame0109_DriverToReference-SequenceTransform =0.198517 -0.89383 -0.402067 -119.915 -0.961172 -0.257776 0.0984896 299.508 -0.191676 0.366904 -0.910298 52.6985 0 0 0 1 
Seq_Frame0109_DriverToReference-SequenceTransformStatus = OK
Seq_Frame0109_Timestamp = 11.26
Seq_Frame0110_DriverToReference-SequenceTransform =0.19991 -0.88287 -0.424943 -125.14 -0.962294 -0.258558 0.084484 294.316 -0.184461 0.392031 -0.901269 46.7154 0 0 0 1 
Seq_Frame0110_DriverToReference-SequenceTransformStatus = OK
Seq_Frame0110_Timestamp = 11.36
Seq_Frame0111_DriverToReference-SequenceTransform =0.197268 -0.865084 -0.46121 -130.751 -0.971374 -0.235995 0.0271769 289.226 -0.132353 0.442646 -0.886875 41.7924 0 0 0 1 
Seq_Frame0111_DriverToReference-SequenceTransformStatus = OK
Seq_Frame0111_Timestamp = 11.461
Seq_Frame0112_DriverToReference-SequenceTransform =0.145688 -0.841664 -0.519978 -135.596 -0.971533 -0.220958 0.0854503 280.367 -0.186814 0.492727 -0.849895 38.2077 0 0 0 1 
Seq_Frame0112_DriverToReference-SequenceTransformStatus = OK
Seq_Frame0112_Timestamp = 11.575
Seq_Frame0113_DriverToReference-SequenceTransform =0.139108 -0.826868 -0.54492 -137.608 -0.964625 -0.23758 0.114256 275.869 -0.223937 0.509749 -0.830667 38.7212 0 0 0 1 
Seq_Frame0113_DriverToReference-SequenceTransformStatus = OK
Seq_Frame0113_Timestamp = 11.676
Seq_Frame0114_DriverToReference-SequenceTransform =0.152395 -0.803116 -0.576004 -140.939 -0.968021 -0.238808 0.0768555 273.544 -0.199278 0.545871 -0.813826 38.499 0 0 0 1 
Seq_Frame0114_DriverToReference-SequenceTransformStatus = OK
Seq_Frame0114_Timestamp = 11.784
Seq_Frame0115_DriverToReference-SequenceTransform =0.175472 -0.785068 -0.594036 -144.116 -0.971767 -0.234795 0.0232518 275.374 -0.157731 0.573184 -0.804102 36.0087 0 0 0 1 
Seq_Frame0115_DriverToReference-SequenceTransformStatus = OK
Seq_Frame0115_Timestamp = 11.885
Seq_Frame0116_DriverToReference-SequenceTransform =0.176097 -0.790493 -0.58661 -144.403 -0.97826 -0.206845 -0.0149307 274.837 -0.109535 0.576486 -0.809732 33.8914 0 0 0 1 
Seq_Frame0116_DriverToReference-SequenceTransformStatus = OK
Seq_Frame0116_Timestamp = 11.99
Seq_Frame0117_DriverToReference-SequenceTransform =0.164858 -0.760752 -0.627756 -146.945 -0.983043 -0.178554 -0.0417784 272.543 -0.0803054 0.623999 -0.777288 33.5917 0 0 0 1 
Seq_Frame0117_DriverToReference-SequenceTransformStatus = OK
Seq_Frame0117_Timestamp = 12.091
Seq_Frame0118_DriverToReference-SequenceTransform =0.169718 -0.747913 -0.641734 -150.781 -0.982623 -0.178087 -0.0523205 271.558 -0.0751531 0.639462 -0.765141 32.8651 0 0 0 1 
Seq_Frame0118_DriverToReference-SequenceTransformStatus = OK
Seq_Frame0118_Timestamp = 12.196
Seq_Frame0119_DriverToReference-SequenceTransform =0.195125 -0.727532 -0.657741 -153.098 -0.980664 -0.154977 -0.119501 272.68 -0.0149942 0.668341 -0.743704 31.8498 0 0 0 1 
Seq_Frame0119_DriverToReference-SequenceTransformStatus = OK
Seq_Frame0119_Timestamp = 12.307
Seq_Frame0120_DriverToReference-SequenceTransform =0.169137 -0.683617 -0.709972 -151.998 -0.985485 -0.106681 -0.132052 270.25 0.0145326 0.722002 -0.691739 33.7783 0 0 0 1 
Seq_Frame0120_DriverToReference-SequenceTransformStatus = OK
Seq_Frame0120_Timestamp = 12.41
Seq_Frame0121_DriverToReference-SequenceTransform =0.204709 -0.707624 -0.676286 -149.661 -0.977297 -0.10919 -0.181573 273.789 0.0546418 0.698102 -0.713911 38.4714 0 0 0 1 
Seq_Frame0121_DriverToReference-SequenceTransformStatus = OK
Seq_Frame0121_Timestamp = 12.515
Seq_Frame0122_DriverToReference-SequenceTransform =0.223074 -0.711452 -0.666389 -144.814 -0.974794 -0.160051 -0.155438 276.414 0.00393065 0.684266 -0.729222 43.4897 0 0 0 1 
Seq_Frame0122_DriverToReference-SequenceTransformStatus = OK
Seq_Frame0122_Timestamp = 12.616
Seq_Frame0123_DriverToReference-SequenceTransform =0.237052 -0.691998 -0.681868 -144.005 -0.97145 -0.175714 -0.159401 277.883 -0.00950844 0.700188 -0.713896 43.9596 0 0 0 1 
Seq_Frame0123_DriverToReference-SequenceTransformStatus = OK
Seq_Frame0123_Timestamp = 12.725
Seq_Frame0124_DriverToReference-SequenceTransform =0.242879 -0.67517 -0.696531 -145.025 -0.969825 -0.153314 -0.189564 278.566 0.0211999 0.721554 -0.692034 43.0472 0 0 0 1 
Seq_Frame0124_DriverToReference-SequenceTransformStatus = OK
Seq_Frame0124_Timestamp = 12.826
Seq_Frame0125_DriverToReference-SequenceTransform =0.229483 -0.664961 -0.710749 -146.74 -0.973126 -0.142446 -0.180929 277.255 0.0190678 0.733168 -0.67978 42.724 0 0 0 1 
Seq_Frame0125_DriverToReference-SequenceTransformStatus = OK
Seq_Frame0125_Timestamp = 12.926
Seq_Frame0126_DriverToReference-SequenceTransform =0.245229 -0.717054 -0.652454 -147.314 -0.968897 -0.204315 -0.139621 279.303 -0.0331898 0.6664 -0.744856 45.1507 0 0 0 1 
Seq_Frame0126_DriverToReference-SequenceTransformStatus = OK
Seq_Frame0126_Timestamp = 13.03
Seq_Frame0127_DriverToReference-SequenceTransform =0.207916 -0.701473 -0.681694 -147.393 -0.976875 -0.184437 -0.108157 276.21 -0.0498607 0.688418 -0.723599 44.3343 0 0 0 1 
Seq_Frame0127_DriverToReference-SequenceTransformStatus = OK
Seq_Frame0127_Timestamp = 13.134
Seq_Frame0128_DriverToReference-SequenceTransform =0.199826 -0.634668 -0.746503 -152 -0.979814 -0.134018 -0.148338 273.942 -0.00589957 0.761075 -0.648637 41.1457 0 0 0 1 
Seq_Frame0128_DriverToReference-SequenceTransformStatus = OK
Seq_Frame0128_Timestamp = 13.242
Seq_Frame0129_DriverToReference-SequenceTransform =0.212046 -0.675656 -0.706063 -151.332 -0.97726 -0.146966 -0.152855 275.19 -0.000489916 0.722419 -0.691455 43.6599 0 0 0 1 
Seq_Frame0129_DriverToReference-SequenceTransformStatus = OK
Seq_Frame0129_Timestamp = 13.343
Seq_Frame0130_DriverToReference-SequenceTransform =0.29862 -0.658246 -0.691042 -153.032 -0.953439 -0.237782 -0.185512 277.206 -0.0422042 0.714263 -0.698603 40.3959 0 0 0 1 
Seq_Frame0130_DriverToReference-SequenceTransformStatus = OK
Seq_Frame0130_Timestamp = 13.446
Seq_Frame0131_DriverToReference-SequenceTransform =0.244205 -0.578653 -0.778154 -156.361 -0.969532 -0.129738 -0.207789 268.34 0.0192817 0.805188 -0.592706 34.7733 0 0 0 1 
Seq_Frame0131_DriverToReference-SequenceTransformStatus = OK
Seq_Frame0131_Timestamp = 13.55
Seq_Frame0132_DriverToReference-SequenceTransform =0.247722 -0.629089 -0.736804 -153.756 -0.96715 -0.205352 -0.149836 269.585 -0.0570443 0.749718 -0.659294 38.9749 0 0 0 1 
Seq_Frame0132_DriverToReference-SequenceTransformStatus = OK
Seq_Frame0132_Timestamp = 13.66
Seq_Frame0133_DriverToReference-SequenceTransform =0.260401 -0.624501 -0.736336 -154.621 -0.962272 -0.230187 -0.145076 270.468 -0.0788952 0.746333 -0.66088 38.256 0 0 0 1 
Seq_Frame0133_DriverToReference-SequenceTransformStatus = OK
Seq_Frame0133_Timestamp = 13.766
Seq_Frame0134_DriverToReference-SequenceTransform =0.260854 -0.636365 -0.725944 -154.066 -0.960099 -0.249547 -0.126239 271.26 -0.100823 0.729908 -0.676069 39.374 0 0 0 1 
Seq_Frame0134_DriverToReference-SequenceTransformStatus = OK
Seq_Frame0134_Timestamp = 13.866
Seq_Frame0135_DriverToReference-SequenceTransform =0.246045 -0.658146 -0.711552 -153.243 -0.963833 -0.243698 -0.107873 269.968 -0.102408 0.712359 -0.694303 40.8484 0 0 0 1 
Seq_Frame0135_DriverToReference-SequenceTransformStatus = OK
Seq_Frame0135_Timestamp = 13.968
Seq_Frame0136_DriverToReference-SequenceTransform =0.241316 -0.667637 -0.704292 -152.76 -0.965831 -0.23593 -0.107277 267.96 -0.0945417 0.706115 -0.701758 41.5266 0 0 0 1 
Seq_Frame0136_DriverToReference-SequenceTransformStatus = OK
Seq_Frame0136_Timestamp = 14.071
Seq_Frame0137_DriverToReference-SequenceTransform =0.229659 -0.65018 -0.724239 -150.274 -0.967537 -0.233171 -0.0974834 265.018 -0.10549 0.723117 -0.682623 39.4036 0 0 0 1 
Seq_Frame0137_DriverToReference-SequenceTransformStatus = OK
Seq_Frame0137_Timestamp = 14.184
Seq_Frame0138_DriverToReference-SequenceTransform =0.279572 -0.618365 -0.734483 -152.952 -0.956131 -0.249012 -0.154296 266.398 -0.0874837 0.745398 -0.660854 37.145 0 0 0 1 
Seq_Frame0138_DriverToReference-SequenceTransformStatus = OK
Seq_Frame0138_Timestamp = 14.284
Seq_Frame0139_DriverToReference-SequenceTransform =0.270765 -0.652363 -0.70789 -150.965 -0.958581 -0.250218 -0.136063 265.24 -0.0883638 0.715411 -0.693093 37.525 0 0 0 1 
Seq_Frame0139_DriverToReference-SequenceTransformStatus = OK
Seq_Frame0139_Timestamp = 14.39
Seq_Frame0140_DriverToReference-SequenceTransform =0.247795 -0.627775 -0.7379 -150.329 -0.963612 -0.238515 -0.120674 260.447 -0.100244 0.740952 -0.664034 34.4566 0 0 0 1 
Seq_Frame0140_DriverToReference-SequenceTransformStatus = OK
Seq_Frame0140_Timestamp = 14.5
Seq_Frame0141_DriverToReference-SequenceTransform =0.250296 -0.627189 -0.737554 -151.449 -0.963485 -0.236205 -0.126109 258.577 -0.09512 0.742187 -0.663408 32.1218 0 0 0 1 
Seq_Frame0141_DriverToReference-SequenceTransformStatus = OK
Seq_Frame0141_Timestamp = 14.61
Seq_Frame0142_DriverToReference-SequenceTransform =0.263557 -0.53256 -0.804311 -155.696 -0.955685 -0.257521 -0.142647 257.284 -0.131159 0.806264 -0.576832 26.7011 0 0 0 1 
Seq_Frame0142_DriverToReference-SequenceTransformStatus = OK
Seq_Frame0142_Timestamp = 14.717
Seq_Frame0143_DriverToReference-SequenceTransform =0.28852 -0.529668 -0.797626 -157.618 -0.948769 -0.270232 -0.163744 261.917 -0.128814 0.804006 -0.5805 27.339 0 0 0 1 
Seq_Frame0143_DriverToReference-SequenceTransformStatus = OK
Seq_Frame0143_Timestamp = 14.818
Seq_Frame0144_DriverToReference-SequenceTransform =0.290936 -0.590712 -0.752606 -154.522 -0.910169 -0.413327 -0.0274294 273.43 -0.29487 0.692979 -0.6579 41.8183 0 0 0 1 
Seq_Frame0144_DriverToReference-SequenceTransformStatus = OK
Seq_Frame0144_Timestamp = 14.93
Seq_Frame0145_DriverToReference-SequenceTransform =0.247107 -0.597193 -0.763085 -150.602 -0.898775 -0.435569 0.0498305 277.277 -0.362135 0.673528 -0.644374 53.4966 0 0 0 1 
Seq_Frame0145_DriverToReference-SequenceTransformStatus = OK
Seq_Frame0145_Timestamp = 15.031
Seq_Frame0146_DriverToReference-SequenceTransform =0.194046 -0.557701 -0.807041 -149.393 -0.924036 -0.380151 0.0405249 275.483 -0.329398 0.737871 -0.589103 59.1336 0 0 0 1 
Seq_Frame0146_DriverToReference-SequenceTransformStatus = OK
Seq_Frame0146_Timestamp = 15.132
Seq_Frame0147_DriverToReference-SequenceTransform =0.155641 -0.438085 -0.885357 -149.369 -0.933347 -0.358724 0.0134236 269.101 -0.32348 0.824256 -0.464717 65.8584 0 0 0 1 
Seq_Frame0147_DriverToReference-SequenceTransformStatus = OK
Seq_Frame0147_Timestamp = 15.241
Seq_Frame0148_DriverToReference-SequenceTransform =0.0151274 -0.402527 -0.915283 -145.344 -0.933225 -0.334322 0.131606 256.039 -0.358974 0.852174 -0.380706 71.9366 0 0 0 1 
Seq_Frame0148_DriverToReference-SequenceTransformStatus = OK
Seq_Frame0148_Timestamp = 15.35
Seq_Frame0149_DriverToReference-SequenceTransform =0.0151274 -0.402527 -0.915283 -145.344 -0.933225 -0.334322 0.131606 256.039 -0.358974 0.852174 -0.380706 71.9366 0 0 0 1 
Seq_Frame0149_DriverToReference-SequenceTransformStatus = OK
Seq_Frame0149_Timestamp = 15.455
