ObjectType = Image
NDims = 3
AnatomicalOrientation = RAI
BinaryData = True
CompressedData = False
DimSize = 0 0 5144
ElementSpacing = 1 1 1
Offset = 0 0 0
TransformMatrix = 1 0 0 0 1 0 0 0 1
ElementType = MET_UCHAR
Kinds = domain domain list
Seq_Frame0000_ForcepToReference-SequenceTransform =0.707001 0.178275 -0.684374 120.308 0.572189 -0.712919 0.405397 14.3742 -0.415631 -0.678207 -0.606041 21.3702 0 0 0 1 
Seq_Frame0000_ForcepToReference-SequenceTransformStatus = OK
Seq_Frame0000_Timestamp = 0.00400019
Seq_Frame0001_ForcepToReference-SequenceTransform =0.707359 0.178286 -0.684 120.318 0.572289 -0.712415 0.406141 14.3536 -0.414883 -0.678734 -0.605965 21.4483 0 0 0 1 
Seq_Frame0001_ForcepToReference-SequenceTransformStatus = OK
Seq_Frame0001_Timestamp = 0.106
Seq_Frame0002_ForcepToReference-SequenceTransform =0.707066 0.17842 -0.684269 120.317 0.573681 -0.710497 0.407534 14.3112 -0.413459 -0.680706 -0.604724 21.4856 0 0 0 1 
Seq_Frame0002_ForcepToReference-SequenceTransformStatus = OK
Seq_Frame0002_Timestamp = 0.215
Seq_Frame0003_ForcepToReference-SequenceTransform =0.706466 0.178407 -0.684892 120.307 0.573302 -0.711696 0.405972 14.4147 -0.415006 -0.679456 -0.60507 21.4179 0 0 0 1 
Seq_Frame0003_ForcepToReference-SequenceTransformStatus = OK
Seq_Frame0003_Timestamp = 0.316
Seq_Frame0004_ForcepToReference-SequenceTransform =0.706345 0.178303 -0.685044 120.315 0.573319 -0.711724 0.405899 14.385 -0.415189 -0.679454 -0.604947 21.3782 0 0 0 1 
Seq_Frame0004_ForcepToReference-SequenceTransformStatus = OK
Seq_Frame0004_Timestamp = 0.418
Seq_Frame0005_ForcepToReference-SequenceTransform =0.706502 0.178137 -0.684925 120.328 0.574015 -0.710331 0.407353 14.3006 -0.413959 -0.680953 -0.604104 21.5189 0 0 0 1 
Seq_Frame0005_ForcepToReference-SequenceTransformStatus = OK
Seq_Frame0005_Timestamp = 0.518
Seq_Frame0006_ForcepToReference-SequenceTransform =0.707534 0.178179 -0.683848 120.32 0.572988 -0.711036 0.40757 14.2997 -0.41362 -0.680206 -0.605176 21.4929 0 0 0 1 
Seq_Frame0006_ForcepToReference-SequenceTransformStatus = OK
Seq_Frame0006_Timestamp = 0.625
Seq_Frame0007_ForcepToReference-SequenceTransform =0.707707 0.178207 -0.683661 120.319 0.572774 -0.711234 0.407525 14.2836 -0.413619 -0.679992 -0.605418 21.4387 0 0 0 1 
Seq_Frame0007_ForcepToReference-SequenceTransformStatus = OK
Seq_Frame0007_Timestamp = 0.726
Seq_Frame0008_ForcepToReference-SequenceTransform =0.706703 0.178062 -0.684737 120.323 0.572855 -0.711992 0.406083 14.3348 -0.415219 -0.679236 -0.605171 21.3944 0 0 0 1 
Seq_Frame0008_ForcepToReference-SequenceTransformStatus = OK
Seq_Frame0008_Timestamp = 0.83
Seq_Frame0009_ForcepToReference-SequenceTransform =0.706779 0.177797 -0.684727 120.326 0.573394 -0.710878 0.407273 14.2421 -0.414346 -0.680471 -0.604382 21.4907 0 0 0 1 
Seq_Frame0009_ForcepToReference-SequenceTransformStatus = OK
Seq_Frame0009_Timestamp = 0.931
Seq_Frame0010_ForcepToReference-SequenceTransform =0.706277 0.177896 -0.685219 120.332 0.574367 -0.709828 0.407734 14.2814 -0.413854 -0.681541 -0.603513 21.5203 0 0 0 1 
Seq_Frame0010_ForcepToReference-SequenceTransformStatus = OK
Seq_Frame0010_Timestamp = 1.034
Seq_Frame0011_ForcepToReference-SequenceTransform =0.706262 0.177722 -0.68528 120.332 0.574499 -0.709521 0.408081 14.2322 -0.413696 -0.681905 -0.603209 21.5381 0 0 0 1 
Seq_Frame0011_ForcepToReference-SequenceTransformStatus = OK
Seq_Frame0011_Timestamp = 1.135
Seq_Frame0012_ForcepToReference-SequenceTransform =0.706856 0.177843 -0.684636 120.325 0.573524 -0.710617 0.407546 14.2718 -0.414034 -0.680732 -0.604301 21.4026 0 0 0 1 
Seq_Frame0012_ForcepToReference-SequenceTransformStatus = OK
Seq_Frame0012_Timestamp = 1.24
Seq_Frame0013_ForcepToReference-SequenceTransform =0.706584 0.177917 -0.684897 120.336 0.573648 -0.710723 0.407187 14.2987 -0.414327 -0.680602 -0.604247 21.4574 0 0 0 1 
Seq_Frame0013_ForcepToReference-SequenceTransformStatus = OK
Seq_Frame0013_Timestamp = 1.341
Seq_Frame0014_ForcepToReference-SequenceTransform =0.707442 0.177931 -0.684007 120.336 0.573169 -0.710679 0.407937 14.2626 -0.413525 -0.680644 -0.604749 21.5013 0 0 0 1 
Seq_Frame0014_ForcepToReference-SequenceTransformStatus = OK
Seq_Frame0014_Timestamp = 1.45
Seq_Frame0015_ForcepToReference-SequenceTransform =0.706318 0.177959 -0.685161 120.323 0.573379 -0.711449 0.406298 14.3421 -0.415153 -0.679832 -0.604547 21.413 0 0 0 1 
Seq_Frame0015_ForcepToReference-SequenceTransformStatus = OK
Seq_Frame0015_Timestamp = 1.55
Seq_Frame0016_ForcepToReference-SequenceTransform =0.707236 0.178034 -0.684193 120.333 0.573486 -0.71042 0.407942 14.262 -0.413437 -0.680887 -0.604535 21.5112 0 0 0 1 
Seq_Frame0016_ForcepToReference-SequenceTransformStatus = OK
Seq_Frame0016_Timestamp = 1.651
Seq_Frame0017_ForcepToReference-SequenceTransform =0.707111 0.178218 -0.684275 120.329 0.573555 -0.710539 0.407638 14.2882 -0.413556 -0.680715 -0.604648 21.5314 0 0 0 1 
Seq_Frame0017_ForcepToReference-SequenceTransformStatus = OK
Seq_Frame0017_Timestamp = 1.751
Seq_Frame0018_ForcepToReference-SequenceTransform =0.706604 0.178061 -0.68484 120.323 0.573638 -0.710806 0.407056 14.3023 -0.414307 -0.680477 -0.604401 21.4468 0 0 0 1 
Seq_Frame0018_ForcepToReference-SequenceTransformStatus = OK
Seq_Frame0018_Timestamp = 1.856
Seq_Frame0019_ForcepToReference-SequenceTransform =0.706831 0.178165 -0.684578 120.317 0.573436 -0.710976 0.407042 14.322 -0.414198 -0.680272 -0.604707 21.4239 0 0 0 1 
Seq_Frame0019_ForcepToReference-SequenceTransformStatus = OK
Seq_Frame0019_Timestamp = 1.959
Seq_Frame0020_ForcepToReference-SequenceTransform =0.706958 0.17815 -0.684451 120.317 0.572814 -0.711866 0.406363 14.2896 -0.414844 -0.679344 -0.605306 21.4778 0 0 0 1 
Seq_Frame0020_ForcepToReference-SequenceTransformStatus = OK
Seq_Frame0020_Timestamp = 2.065
Seq_Frame0021_ForcepToReference-SequenceTransform =0.706321 0.17805 -0.685134 120.313 0.573318 -0.711598 0.406121 14.2921 -0.415231 -0.679651 -0.604696 21.477 0 0 0 1 
Seq_Frame0021_ForcepToReference-SequenceTransformStatus = OK
Seq_Frame0021_Timestamp = 2.166
Seq_Frame0022_ForcepToReference-SequenceTransform =0.707117 0.178043 -0.684314 120.325 0.572996 -0.711347 0.407014 14.3176 -0.414319 -0.679916 -0.605024 21.4326 0 0 0 1 
Seq_Frame0022_ForcepToReference-SequenceTransformStatus = OK
Seq_Frame0022_Timestamp = 2.277
Seq_Frame0023_ForcepToReference-SequenceTransform =0.706069 0.178232 -0.685347 120.311 0.57377 -0.711212 0.40616 14.3482 -0.415036 -0.680008 -0.604429 21.4287 0 0 0 1 
Seq_Frame0023_ForcepToReference-SequenceTransformStatus = OK
Seq_Frame0023_Timestamp = 2.381
Seq_Frame0024_ForcepToReference-SequenceTransform =0.70595 0.177826 -0.685574 120.323 0.574011 -0.710692 0.40673 14.2973 -0.414905 -0.680658 -0.603787 21.4519 0 0 0 1 
Seq_Frame0024_ForcepToReference-SequenceTransformStatus = OK
Seq_Frame0024_Timestamp = 2.481
Seq_Frame0025_ForcepToReference-SequenceTransform =0.706833 0.178168 -0.684575 120.325 0.573505 -0.710865 0.40714 14.2809 -0.414101 -0.680387 -0.604643 21.5193 0 0 0 1 
Seq_Frame0025_ForcepToReference-SequenceTransformStatus = OK
Seq_Frame0025_Timestamp = 2.582
Seq_Frame0026_ForcepToReference-SequenceTransform =0.707066 0.178174 -0.684333 120.319 0.57287 -0.711682 0.406606 14.3213 -0.41458 -0.679531 -0.605277 21.4231 0 0 0 1 
Seq_Frame0026_ForcepToReference-SequenceTransformStatus = OK
Seq_Frame0026_Timestamp = 2.684
Seq_Frame0027_ForcepToReference-SequenceTransform =0.706735 0.178134 -0.684686 120.326 0.573208 -0.711426 0.406577 14.3194 -0.414679 -0.679809 -0.604897 21.4343 0 0 0 1 
Seq_Frame0027_ForcepToReference-SequenceTransformStatus = OK
Seq_Frame0027_Timestamp = 2.785
Seq_Frame0028_ForcepToReference-SequenceTransform =0.706681 0.177936 -0.684793 120.329 0.573703 -0.710549 0.407412 14.2877 -0.414085 -0.680779 -0.604213 21.4467 0 0 0 1 
Seq_Frame0028_ForcepToReference-SequenceTransformStatus = OK
Seq_Frame0028_Timestamp = 2.89
Seq_Frame0029_ForcepToReference-SequenceTransform =0.70599 0.178123 -0.685457 120.331 0.573947 -0.710934 0.406396 14.3464 -0.414926 -0.680327 -0.604145 21.4576 0 0 0 1 
Seq_Frame0029_ForcepToReference-SequenceTransformStatus = OK
Seq_Frame0029_Timestamp = 2.991
Seq_Frame0030_ForcepToReference-SequenceTransform =0.707318 0.178101 -0.684091 120.323 0.572856 -0.711415 0.407092 14.293 -0.414169 -0.67983 -0.605223 21.4402 0 0 0 1 
Seq_Frame0030_ForcepToReference-SequenceTransformStatus = OK
Seq_Frame0030_Timestamp = 3.092
Seq_Frame0031_ForcepToReference-SequenceTransform =0.706613 0.17807 -0.684827 120.326 0.573449 -0.711113 0.406787 14.295 -0.414553 -0.680154 -0.604596 21.4815 0 0 0 1 
Seq_Frame0031_ForcepToReference-SequenceTransformStatus = OK
Seq_Frame0031_Timestamp = 3.192
Seq_Frame0032_ForcepToReference-SequenceTransform =0.706401 0.178231 -0.685005 120.321 0.573602 -0.711164 0.40648 14.3319 -0.414704 -0.680058 -0.604601 21.4093 0 0 0 1 
Seq_Frame0032_ForcepToReference-SequenceTransformStatus = OK
Seq_Frame0032_Timestamp = 3.295
Seq_Frame0033_ForcepToReference-SequenceTransform =0.707977 0.178258 -0.683368 120.318 0.572111 -0.712087 0.406965 14.3177 -0.414073 -0.679085 -0.606125 21.427 0 0 0 1 
Seq_Frame0033_ForcepToReference-SequenceTransformStatus = OK
Seq_Frame0033_Timestamp = 3.401
Seq_Frame0034_ForcepToReference-SequenceTransform =0.70644 0.178197 -0.684973 120.327 0.573752 -0.71086 0.406801 14.3269 -0.41443 -0.680385 -0.604421 21.4593 0 0 0 1 
Seq_Frame0034_ForcepToReference-SequenceTransformStatus = OK
Seq_Frame0034_Timestamp = 3.505
Seq_Frame0035_ForcepToReference-SequenceTransform =0.707435 0.178113 -0.683967 120.329 0.57263 -0.711679 0.406948 14.3096 -0.414283 -0.67955 -0.60546 21.4292 0 0 0 1 
Seq_Frame0035_ForcepToReference-SequenceTransformStatus = OK
Seq_Frame0035_Timestamp = 3.606
Seq_Frame0036_ForcepToReference-SequenceTransform =0.707473 0.178115 -0.683928 120.33 0.57314 -0.710806 0.407756 14.2829 -0.413513 -0.680463 -0.604961 21.4891 0 0 0 1 
Seq_Frame0036_ForcepToReference-SequenceTransformStatus = OK
Seq_Frame0036_Timestamp = 3.715
Seq_Frame0037_ForcepToReference-SequenceTransform =0.707667 0.178107 -0.683728 120.334 0.573096 -0.710683 0.408033 14.2301 -0.413241 -0.680593 -0.605 21.5223 0 0 0 1 
Seq_Frame0037_ForcepToReference-SequenceTransformStatus = OK
Seq_Frame0037_Timestamp = 3.816
Seq_Frame0038_ForcepToReference-SequenceTransform =0.707173 0.177999 -0.684268 120.331 0.57325 -0.710851 0.407524 14.2547 -0.413873 -0.680447 -0.604732 21.4765 0 0 0 1 
Seq_Frame0038_ForcepToReference-SequenceTransformStatus = OK
Seq_Frame0038_Timestamp = 3.916
Seq_Frame0039_ForcepToReference-SequenceTransform =0.707601 0.178076 -0.683805 120.331 0.572547 -0.711633 0.407148 14.3038 -0.414115 -0.679609 -0.605509 21.4529 0 0 0 1 
Seq_Frame0039_ForcepToReference-SequenceTransformStatus = OK
Seq_Frame0039_Timestamp = 4.018
Seq_Frame0040_ForcepToReference-SequenceTransform =0.706405 0.177911 -0.685084 120.328 0.573787 -0.710665 0.40709 14.289 -0.41444 -0.680663 -0.6041 21.4851 0 0 0 1 
Seq_Frame0040_ForcepToReference-SequenceTransformStatus = OK
Seq_Frame0040_Timestamp = 4.12
Seq_Frame0041_ForcepToReference-SequenceTransform =0.706176 0.178035 -0.685288 120.323 0.573581 -0.711301 0.406271 14.3274 -0.415115 -0.679967 -0.604421 21.4307 0 0 0 1 
Seq_Frame0041_ForcepToReference-SequenceTransformStatus = OK
Seq_Frame0041_Timestamp = 4.221
Seq_Frame0042_ForcepToReference-SequenceTransform =0.706498 0.177865 -0.685 120.317 0.573212 -0.711491 0.406459 14.3152 -0.415076 -0.679813 -0.604621 21.396 0 0 0 1 
Seq_Frame0042_ForcepToReference-SequenceTransformStatus = OK
Seq_Frame0042_Timestamp = 4.325
Seq_Frame0043_ForcepToReference-SequenceTransform =0.706951 0.178032 -0.684488 120.324 0.573082 -0.711362 0.406867 14.3047 -0.414484 -0.679903 -0.604926 21.4646 0 0 0 1 
Seq_Frame0043_ForcepToReference-SequenceTransformStatus = OK
Seq_Frame0043_Timestamp = 4.434
Seq_Frame0044_ForcepToReference-SequenceTransform =0.707342 0.177424 -0.684243 120.326 0.573673 -0.709644 0.409029 14.1552 -0.412998 -0.681855 -0.603744 21.5505 0 0 0 1 
Seq_Frame0044_ForcepToReference-SequenceTransformStatus = OK
Seq_Frame0044_Timestamp = 4.534
Seq_Frame0045_ForcepToReference-SequenceTransform =0.706742 0.177198 -0.684921 120.326 0.574709 -0.708389 0.40975 14.0969 -0.412583 -0.683218 -0.602485 21.5936 0 0 0 1 
Seq_Frame0045_ForcepToReference-SequenceTransformStatus = OK
Seq_Frame0045_Timestamp = 4.635
Seq_Frame0046_ForcepToReference-SequenceTransform =0.707148 0.178146 -0.684255 120.321 0.572614 -0.712005 0.406401 14.298 -0.414795 -0.6792 -0.605502 21.4537 0 0 0 1 
Seq_Frame0046_ForcepToReference-SequenceTransformStatus = OK
Seq_Frame0046_Timestamp = 4.74
Seq_Frame0047_ForcepToReference-SequenceTransform =0.706803 0.177456 -0.684791 120.336 0.57423 -0.709275 0.408887 14.1726 -0.413145 -0.682231 -0.603218 21.5777 0 0 0 1 
Seq_Frame0047_ForcepToReference-SequenceTransformStatus = OK
Seq_Frame0047_Timestamp = 4.841
Seq_Frame0048_ForcepToReference-SequenceTransform =0.707262 0.176594 -0.68454 120.331 0.574664 -0.707586 0.411199 13.9993 -0.411756 -0.684206 -0.60193 21.7337 0 0 0 1 
Seq_Frame0048_ForcepToReference-SequenceTransformStatus = OK
Seq_Frame0048_Timestamp = 4.951
Seq_Frame0049_ForcepToReference-SequenceTransform =0.706737 0.177941 -0.684734 120.333 0.573673 -0.710548 0.407457 14.265 -0.414032 -0.680778 -0.60425 21.4617 0 0 0 1 
Seq_Frame0049_ForcepToReference-SequenceTransformStatus = OK
Seq_Frame0049_Timestamp = 5.051
Seq_Frame0050_ForcepToReference-SequenceTransform =0.707402 0.178002 -0.68403 120.333 0.572884 -0.711229 0.407379 14.2583 -0.413987 -0.680051 -0.605099 21.5025 0 0 0 1 
Seq_Frame0050_ForcepToReference-SequenceTransformStatus = OK
Seq_Frame0050_Timestamp = 5.155
Seq_Frame0051_ForcepToReference-SequenceTransform =0.70668 0.177948 -0.68479 120.331 0.574186 -0.709761 0.408104 14.2446 -0.413416 -0.681596 -0.603749 21.53 0 0 0 1 
Seq_Frame0051_ForcepToReference-SequenceTransformStatus = OK
Seq_Frame0051_Timestamp = 5.256
Seq_Frame0052_ForcepToReference-SequenceTransform =0.706695 0.178065 -0.684745 120.316 0.573852 -0.710367 0.40752 14.213 -0.413855 -0.680934 -0.604196 21.4955 0 0 0 1 
Seq_Frame0052_ForcepToReference-SequenceTransformStatus = OK
Seq_Frame0052_Timestamp = 5.36
Seq_Frame0053_ForcepToReference-SequenceTransform =0.706695 0.178612 -0.684602 120.315 0.572805 -0.712409 0.405423 14.4559 -0.415303 -0.678654 -0.605765 21.3336 0 0 0 1 
Seq_Frame0053_ForcepToReference-SequenceTransformStatus = OK
Seq_Frame0053_Timestamp = 5.462
Seq_Frame0054_ForcepToReference-SequenceTransform =0.706675 0.178915 -0.684543 120.312 0.572791 -0.71263 0.405054 14.4674 -0.415356 -0.678342 -0.606079 21.3552 0 0 0 1 
Seq_Frame0054_ForcepToReference-SequenceTransformStatus = OK
Seq_Frame0054_Timestamp = 5.565
Seq_Frame0055_ForcepToReference-SequenceTransform =0.707103 0.17708 -0.684579 120.333 0.574013 -0.709113 0.409472 14.1096 -0.412935 -0.682496 -0.603062 21.6223 0 0 0 1 
Seq_Frame0055_ForcepToReference-SequenceTransformStatus = OK
Seq_Frame0055_Timestamp = 5.665
Seq_Frame0056_ForcepToReference-SequenceTransform =0.706427 0.177794 -0.685091 120.336 0.574289 -0.70975 0.407981 14.2415 -0.413706 -0.681649 -0.603492 21.5006 0 0 0 1 
Seq_Frame0056_ForcepToReference-SequenceTransformStatus = OK
Seq_Frame0056_Timestamp = 5.776
Seq_Frame0057_ForcepToReference-SequenceTransform =0.706287 0.177647 -0.685274 120.331 0.573839 -0.710539 0.407238 14.2425 -0.414569 -0.680864 -0.603785 21.505 0 0 0 1 
Seq_Frame0057_ForcepToReference-SequenceTransformStatus = OK
Seq_Frame0057_Timestamp = 5.88
Seq_Frame0058_ForcepToReference-SequenceTransform =0.706872 0.177259 -0.684771 120.335 0.574346 -0.708898 0.409379 14.1089 -0.412867 -0.682673 -0.602908 21.6257 0 0 0 1 
Seq_Frame0058_ForcepToReference-SequenceTransformStatus = OK
Seq_Frame0058_Timestamp = 5.981
Seq_Frame0059_ForcepToReference-SequenceTransform =0.707104 0.177611 -0.68444 120.338 0.574265 -0.709013 0.409293 14.1335 -0.412582 -0.682463 -0.603341 21.6168 0 0 0 1 
Seq_Frame0059_ForcepToReference-SequenceTransformStatus = OK
Seq_Frame0059_Timestamp = 6.09
Seq_Frame0060_ForcepToReference-SequenceTransform =0.707325 0.178077 -0.684091 120.335 0.572994 -0.711169 0.407328 14.2905 -0.413968 -0.680093 -0.605065 21.4843 0 0 0 1 
Seq_Frame0060_ForcepToReference-SequenceTransformStatus = OK
Seq_Frame0060_Timestamp = 6.2
Seq_Frame0061_ForcepToReference-SequenceTransform =0.706232 0.177859 -0.685276 120.33 0.573819 -0.710751 0.406896 14.2782 -0.41469 -0.680588 -0.604014 21.4673 0 0 0 1 
Seq_Frame0061_ForcepToReference-SequenceTransformStatus = OK
Seq_Frame0061_Timestamp = 6.301
Seq_Frame0062_ForcepToReference-SequenceTransform =0.706761 0.178069 -0.684675 120.325 0.573273 -0.711257 0.406782 14.3053 -0.414545 -0.680004 -0.604771 21.5018 0 0 0 1 
Seq_Frame0062_ForcepToReference-SequenceTransformStatus = OK
Seq_Frame0062_Timestamp = 6.404
Seq_Frame0063_ForcepToReference-SequenceTransform =0.707269 0.178313 -0.684087 120.323 0.573127 -0.711145 0.407183 14.2733 -0.413878 -0.680057 -0.605167 21.5179 0 0 0 1 
Seq_Frame0063_ForcepToReference-SequenceTransformStatus = OK
Seq_Frame0063_Timestamp = 6.505
Seq_Frame0064_ForcepToReference-SequenceTransform =0.706251 0.177918 -0.685241 120.327 0.573958 -0.71054 0.407069 14.2906 -0.414466 -0.680792 -0.603937 21.4712 0 0 0 1 
Seq_Frame0064_ForcepToReference-SequenceTransformStatus = OK
Seq_Frame0064_Timestamp = 6.609
Seq_Frame0065_ForcepToReference-SequenceTransform =0.706864 0.178116 -0.684557 120.324 0.572937 -0.711734 0.40642 14.309 -0.414833 -0.679492 -0.605149 21.4838 0 0 0 1 
Seq_Frame0065_ForcepToReference-SequenceTransformStatus = OK
Seq_Frame0065_Timestamp = 6.71
Seq_Frame0066_ForcepToReference-SequenceTransform =0.706534 0.177928 -0.684946 120.322 0.573764 -0.710588 0.407259 14.2705 -0.414251 -0.68074 -0.604143 21.4878 0 0 0 1 
Seq_Frame0066_ForcepToReference-SequenceTransformStatus = OK
Seq_Frame0066_Timestamp = 6.81
Seq_Frame0067_ForcepToReference-SequenceTransform =0.706499 0.177987 -0.684967 120.33 0.573395 -0.711262 0.4066 14.3082 -0.414822 -0.68002 -0.604563 21.4856 0 0 0 1 
Seq_Frame0067_ForcepToReference-SequenceTransformStatus = OK
Seq_Frame0067_Timestamp = 6.915
Seq_Frame0068_ForcepToReference-SequenceTransform =0.705766 0.178009 -0.685717 120.317 0.573777 -0.711362 0.405886 14.3394 -0.415542 -0.679909 -0.604193 21.4322 0 0 0 1 
Seq_Frame0068_ForcepToReference-SequenceTransformStatus = OK
Seq_Frame0068_Timestamp = 7.016
Seq_Frame0069_ForcepToReference-SequenceTransform =0.706405 0.178013 -0.685057 120.324 0.573448 -0.711282 0.40649 14.3224 -0.414909 -0.679992 -0.604534 21.4424 0 0 0 1 
Seq_Frame0069_ForcepToReference-SequenceTransformStatus = OK
Seq_Frame0069_Timestamp = 7.126
Seq_Frame0070_ForcepToReference-SequenceTransform =0.705646 0.178009 -0.68584 120.328 0.574323 -0.710583 0.406478 14.3053 -0.41499 -0.680723 -0.603655 21.4788 0 0 0 1 
Seq_Frame0070_ForcepToReference-SequenceTransformStatus = OK
Seq_Frame0070_Timestamp = 7.23
Seq_Frame0071_ForcepToReference-SequenceTransform =0.707052 0.178016 -0.684388 120.324 0.573102 -0.711222 0.407085 14.2937 -0.414284 -0.680054 -0.604893 21.4558 0 0 0 1 
Seq_Frame0071_ForcepToReference-SequenceTransformStatus = OK
Seq_Frame0071_Timestamp = 7.336
Seq_Frame0072_ForcepToReference-SequenceTransform =0.705993 0.177819 -0.685532 120.339 0.574092 -0.710512 0.406929 14.302 -0.414719 -0.680848 -0.603701 21.4574 0 0 0 1 
Seq_Frame0072_ForcepToReference-SequenceTransformStatus = OK
Seq_Frame0072_Timestamp = 7.44
Seq_Frame0073_ForcepToReference-SequenceTransform =0.70569 0.177841 -0.685838 120.329 0.574799 -0.709659 0.407419 14.2864 -0.414255 -0.681731 -0.603023 21.4584 0 0 0 1 
Seq_Frame0073_ForcepToReference-SequenceTransformStatus = OK
Seq_Frame0073_Timestamp = 7.541
Seq_Frame0074_ForcepToReference-SequenceTransform =0.707365 0.178259 -0.684002 120.329 0.573345 -0.71066 0.407723 14.2568 -0.413412 -0.680578 -0.6049 21.4947 0 0 0 1 
Seq_Frame0074_ForcepToReference-SequenceTransformStatus = OK
Seq_Frame0074_Timestamp = 7.645
Seq_Frame0075_ForcepToReference-SequenceTransform =0.706678 0.177905 -0.684804 120.328 0.573503 -0.710862 0.407147 14.2443 -0.414368 -0.680459 -0.604379 21.5008 0 0 0 1 
Seq_Frame0075_ForcepToReference-SequenceTransformStatus = OK
Seq_Frame0075_Timestamp = 7.746
Seq_Frame0076_ForcepToReference-SequenceTransform =0.706315 0.178002 -0.685153 120.334 0.574286 -0.709988 0.407569 14.3197 -0.413902 -0.681346 -0.603699 21.4835 0 0 0 1 
Seq_Frame0076_ForcepToReference-SequenceTransformStatus = OK
Seq_Frame0076_Timestamp = 7.851
Seq_Frame0077_ForcepToReference-SequenceTransform =0.707916 0.178016 -0.683495 120.336 0.572807 -0.71086 0.40813 14.2366 -0.413216 -0.680432 -0.605198 21.503 0 0 0 1 
Seq_Frame0077_ForcepToReference-SequenceTransformStatus = OK
Seq_Frame0077_Timestamp = 7.955
Seq_Frame0078_ForcepToReference-SequenceTransform =0.707505 0.178078 -0.683904 120.322 0.573013 -0.710962 0.407664 14.2338 -0.413634 -0.68031 -0.605049 21.4894 0 0 0 1 
Seq_Frame0078_ForcepToReference-SequenceTransformStatus = OK
Seq_Frame0078_Timestamp = 8.056
Seq_Frame0079_ForcepToReference-SequenceTransform =0.706989 0.178342 -0.684369 120.307 0.573053 -0.711557 0.406567 14.3115 -0.414459 -0.679618 -0.605262 21.4677 0 0 0 1 
Seq_Frame0079_ForcepToReference-SequenceTransformStatus = OK
Seq_Frame0079_Timestamp = 8.156
Seq_Frame0080_ForcepToReference-SequenceTransform =0.706438 0.178096 -0.685002 120.321 0.57387 -0.710608 0.407074 14.2711 -0.41427 -0.680674 -0.604205 21.5032 0 0 0 1 
Seq_Frame0080_ForcepToReference-SequenceTransformStatus = OK
Seq_Frame0080_Timestamp = 8.261
Seq_Frame0081_ForcepToReference-SequenceTransform =0.707214 0.177971 -0.684233 120.329 0.573349 -0.710631 0.407768 14.1952 -0.413666 -0.680684 -0.604607 21.5526 0 0 0 1 
Seq_Frame0081_ForcepToReference-SequenceTransformStatus = OK
Seq_Frame0081_Timestamp = 8.367
Seq_Frame0082_ForcepToReference-SequenceTransform =0.707095 0.177949 -0.684362 120.334 0.573291 -0.71083 0.407503 14.2741 -0.41395 -0.680482 -0.604641 21.471 0 0 0 1 
Seq_Frame0082_ForcepToReference-SequenceTransformStatus = OK
Seq_Frame0082_Timestamp = 8.468
Seq_Frame0083_ForcepToReference-SequenceTransform =0.70734 0.177869 -0.684129 120.344 0.573362 -0.710424 0.40811 14.2553 -0.413431 -0.680926 -0.604495 21.5101 0 0 0 1 
Seq_Frame0083_ForcepToReference-SequenceTransformStatus = OK
Seq_Frame0083_Timestamp = 8.569
Seq_Frame0084_ForcepToReference-SequenceTransform =0.706632 0.17783 -0.684871 120.334 0.573498 -0.710871 0.40714 14.252 -0.414453 -0.68047 -0.604309 21.5099 0 0 0 1 
Seq_Frame0084_ForcepToReference-SequenceTransformStatus = OK
Seq_Frame0084_Timestamp = 8.675
Seq_Frame0085_ForcepToReference-SequenceTransform =0.706065 0.177683 -0.685493 120.345 0.574653 -0.709439 0.408009 14.241 -0.413819 -0.682001 -0.603015 21.5289 0 0 0 1 
Seq_Frame0085_ForcepToReference-SequenceTransformStatus = OK
Seq_Frame0085_Timestamp = 8.784
Seq_Frame0086_ForcepToReference-SequenceTransform =0.707068 0.177945 -0.68439 120.335 0.57339 -0.71069 0.407607 14.2627 -0.413857 -0.680629 -0.604538 21.528 0 0 0 1 
Seq_Frame0086_ForcepToReference-SequenceTransformStatus = OK
Seq_Frame0086_Timestamp = 8.891
Seq_Frame0087_ForcepToReference-SequenceTransform =0.705642 0.177902 -0.685872 120.33 0.57366 -0.711611 0.405617 14.4093 -0.415914 -0.679677 -0.604198 21.3683 0 0 0 1 
Seq_Frame0087_ForcepToReference-SequenceTransformStatus = OK
Seq_Frame0087_Timestamp = 8.991
Seq_Frame0088_ForcepToReference-SequenceTransform =0.70425 0.178362 -0.687182 120.333 0.574055 -0.712574 0.40336 14.5825 -0.417724 -0.678546 -0.60422 21.3587 0 0 0 1 
Seq_Frame0088_ForcepToReference-SequenceTransformStatus = OK
Seq_Frame0088_Timestamp = 9.101
Seq_Frame0089_ForcepToReference-SequenceTransform =0.703959 0.178121 -0.687542 120.339 0.574694 -0.71167 0.404045 14.5583 -0.417334 -0.679558 -0.603352 21.342 0 0 0 1 
Seq_Frame0089_ForcepToReference-SequenceTransformStatus = OK
Seq_Frame0089_Timestamp = 9.205
Seq_Frame0090_ForcepToReference-SequenceTransform =0.705424 0.178114 -0.686041 120.347 0.574079 -0.71126 0.405638 14.4337 -0.415704 -0.679988 -0.603992 21.4399 0 0 0 1 
Seq_Frame0090_ForcepToReference-SequenceTransformStatus = OK
Seq_Frame0090_Timestamp = 9.306
Seq_Frame0091_ForcepToReference-SequenceTransform =0.705651 0.177836 -0.68588 120.354 0.57465 -0.70994 0.40714 14.3108 -0.414529 -0.68144 -0.603163 21.5242 0 0 0 1 
Seq_Frame0091_ForcepToReference-SequenceTransformStatus = OK
Seq_Frame0091_Timestamp = 9.406
Seq_Frame0092_ForcepToReference-SequenceTransform =0.70636 0.177772 -0.685166 120.337 0.573896 -0.710448 0.407317 14.2681 -0.414365 -0.680927 -0.603855 21.5202 0 0 0 1 
Seq_Frame0092_ForcepToReference-SequenceTransformStatus = OK
Seq_Frame0092_Timestamp = 9.509
Seq_Frame0093_ForcepToReference-SequenceTransform =0.706182 0.177909 -0.685314 120.335 0.573985 -0.710557 0.407001 14.2939 -0.414546 -0.680777 -0.6039 21.4738 0 0 0 1 
Seq_Frame0093_ForcepToReference-SequenceTransformStatus = OK
Seq_Frame0093_Timestamp = 9.61
Seq_Frame0094_ForcepToReference-SequenceTransform =0.705835 0.177821 -0.685695 120.342 0.573742 -0.711241 0.406148 14.3644 -0.415472 -0.680086 -0.604042 21.443 0 0 0 1 
Seq_Frame0094_ForcepToReference-SequenceTransformStatus = OK
Seq_Frame0094_Timestamp = 9.711
Seq_Frame0095_ForcepToReference-SequenceTransform =0.705948 0.17795 -0.685545 120.345 0.573532 -0.711552 0.4059 14.3888 -0.415571 -0.679726 -0.604378 21.4833 0 0 0 1 
Seq_Frame0095_ForcepToReference-SequenceTransformStatus = OK
Seq_Frame0095_Timestamp = 9.815
Seq_Frame0096_ForcepToReference-SequenceTransform =0.705566 0.178001 -0.685925 120.333 0.573636 -0.711781 0.405351 14.4257 -0.416076 -0.679473 -0.604316 21.4137 0 0 0 1 
Seq_Frame0096_ForcepToReference-SequenceTransformStatus = OK
Seq_Frame0096_Timestamp = 9.926
Seq_Frame0097_ForcepToReference-SequenceTransform =0.70645 0.177919 -0.685035 120.335 0.573091 -0.711767 0.406145 14.3682 -0.415324 -0.679509 -0.604792 21.4415 0 0 0 1 
Seq_Frame0097_ForcepToReference-SequenceTransformStatus = OK
Seq_Frame0097_Timestamp = 10.027
Seq_Frame0098_ForcepToReference-SequenceTransform =0.706406 0.178038 -0.685049 120.332 0.574137 -0.710164 0.407471 14.3076 -0.413952 -0.681153 -0.603883 21.5 0 0 0 1 
Seq_Frame0098_ForcepToReference-SequenceTransformStatus = OK
Seq_Frame0098_Timestamp = 10.135
Seq_Frame0099_ForcepToReference-SequenceTransform =0.705611 0.178006 -0.685877 120.346 0.574084 -0.711007 0.406074 14.3824 -0.41538 -0.680282 -0.603884 21.4603 0 0 0 1 
Seq_Frame0099_ForcepToReference-SequenceTransformStatus = OK
Seq_Frame0099_Timestamp = 10.235
Seq_Frame0100_ForcepToReference-SequenceTransform =0.704345 0.177994 -0.68718 120.348 0.574239 -0.711967 0.404168 14.5255 -0.41731 -0.67928 -0.603682 21.3731 0 0 0 1 
Seq_Frame0100_ForcepToReference-SequenceTransformStatus = OK
Seq_Frame0100_Timestamp = 10.336
Seq_Frame0101_ForcepToReference-SequenceTransform =0.706693 0.178278 -0.684691 120.347 0.572969 -0.711944 0.406007 14.3953 -0.41508 -0.679229 -0.605273 21.3793 0 0 0 1 
Seq_Frame0101_ForcepToReference-SequenceTransformStatus = OK
Seq_Frame0101_Timestamp = 10.437
Seq_Frame0102_ForcepToReference-SequenceTransform =0.705349 0.178145 -0.68611 120.332 0.574086 -0.71134 0.405488 14.4082 -0.415822 -0.679897 -0.604014 21.3635 0 0 0 1 
Seq_Frame0102_ForcepToReference-SequenceTransformStatus = OK
Seq_Frame0102_Timestamp = 10.543
Seq_Frame0103_ForcepToReference-SequenceTransform =0.706941 0.178222 -0.68445 120.342 0.572729 -0.712064 0.406136 14.3708 -0.41499 -0.679118 -0.60546 21.4242 0 0 0 1 
Seq_Frame0103_ForcepToReference-SequenceTransformStatus = OK
Seq_Frame0103_Timestamp = 10.646
Seq_Frame0104_ForcepToReference-SequenceTransform =0.706865 0.177997 -0.684586 120.348 0.573737 -0.71035 0.407712 14.2819 -0.413724 -0.68097 -0.604245 21.5102 0 0 0 1 
Seq_Frame0104_ForcepToReference-SequenceTransformStatus = OK
Seq_Frame0104_Timestamp = 10.747
Seq_Frame0105_ForcepToReference-SequenceTransform =0.705865 0.177869 -0.685651 120.34 0.574136 -0.710595 0.406722 14.2987 -0.414877 -0.680747 -0.603705 21.4673 0 0 0 1 
Seq_Frame0105_ForcepToReference-SequenceTransformStatus = OK
Seq_Frame0105_Timestamp = 10.851
Seq_Frame0106_ForcepToReference-SequenceTransform =0.705744 0.177982 -0.685747 120.346 0.574071 -0.710885 0.406306 14.3935 -0.415172 -0.680415 -0.603877 21.4161 0 0 0 1 
Seq_Frame0106_ForcepToReference-SequenceTransformStatus = OK
Seq_Frame0106_Timestamp = 10.955
Seq_Frame0107_ForcepToReference-SequenceTransform =0.705465 0.177956 -0.68604 120.332 0.57433 -0.710717 0.406235 14.3591 -0.415288 -0.680597 -0.603592 21.4316 0 0 0 1 
Seq_Frame0107_ForcepToReference-SequenceTransformStatus = OK
Seq_Frame0107_Timestamp = 11.059
Seq_Frame0108_ForcepToReference-SequenceTransform =0.705925 0.177942 -0.68557 120.333 0.573614 -0.711435 0.405989 14.3496 -0.415496 -0.67985 -0.60429 21.4458 0 0 0 1 
Seq_Frame0108_ForcepToReference-SequenceTransformStatus = OK
Seq_Frame0108_Timestamp = 11.159
Seq_Frame0109_ForcepToReference-SequenceTransform =0.706336 0.178191 -0.685082 120.335 0.573443 -0.711464 0.40618 14.364 -0.415033 -0.679755 -0.604715 21.4415 0 0 0 1 
Seq_Frame0109_ForcepToReference-SequenceTransformStatus = OK
Seq_Frame0109_Timestamp = 11.26
Seq_Frame0110_ForcepToReference-SequenceTransform =0.706588 0.178007 -0.68487 120.335 0.573182 -0.711538 0.406419 14.3663 -0.414966 -0.679726 -0.604795 21.4305 0 0 0 1 
Seq_Frame0110_ForcepToReference-SequenceTransformStatus = OK
Seq_Frame0110_Timestamp = 11.36
Seq_Frame0111_ForcepToReference-SequenceTransform =0.706279 0.177793 -0.685244 120.335 0.574327 -0.70983 0.407786 14.254 -0.413905 -0.681565 -0.60345 21.4642 0 0 0 1 
Seq_Frame0111_ForcepToReference-SequenceTransformStatus = OK
Seq_Frame0111_Timestamp = 11.461
Seq_Frame0112_ForcepToReference-SequenceTransform =0.707291 0.178048 -0.684133 120.327 0.573223 -0.710808 0.407636 14.2869 -0.413709 -0.680478 -0.604809 21.4611 0 0 0 1 
Seq_Frame0112_ForcepToReference-SequenceTransformStatus = OK
Seq_Frame0112_Timestamp = 11.575
Seq_Frame0113_ForcepToReference-SequenceTransform =0.706389 0.178111 -0.685049 120.324 0.573475 -0.711313 0.406399 14.2932 -0.4149 -0.679934 -0.604606 21.4771 0 0 0 1 
Seq_Frame0113_ForcepToReference-SequenceTransformStatus = OK
Seq_Frame0113_Timestamp = 11.676
Seq_Frame0114_ForcepToReference-SequenceTransform =0.70655 0.178154 -0.684871 120.327 0.574161 -0.710054 0.40763 14.2625 -0.413675 -0.681237 -0.603977 21.4956 0 0 0 1 
Seq_Frame0114_ForcepToReference-SequenceTransformStatus = OK
Seq_Frame0114_Timestamp = 11.784
Seq_Frame0115_ForcepToReference-SequenceTransform =0.706606 0.178021 -0.684848 120.323 0.57352 -0.710975 0.406928 14.3204 -0.414468 -0.680311 -0.604478 21.4442 0 0 0 1 
Seq_Frame0115_ForcepToReference-SequenceTransformStatus = OK
Seq_Frame0115_Timestamp = 11.885
Seq_Frame0116_ForcepToReference-SequenceTransform =0.707034 0.17818 -0.684364 120.319 0.572792 -0.711845 0.406431 14.3059 -0.414744 -0.679359 -0.605359 21.4444 0 0 0 1 
Seq_Frame0116_ForcepToReference-SequenceTransformStatus = OK
Seq_Frame0116_Timestamp = 11.99
Seq_Frame0117_ForcepToReference-SequenceTransform =0.706626 0.177967 -0.684841 120.335 0.573861 -0.710362 0.407516 14.2949 -0.413961 -0.680965 -0.604088 21.4611 0 0 0 1 
Seq_Frame0117_ForcepToReference-SequenceTransformStatus = OK
Seq_Frame0117_Timestamp = 12.091
Seq_Frame0118_ForcepToReference-SequenceTransform =0.706129 0.178065 -0.685329 120.334 0.574171 -0.710396 0.40702 14.2728 -0.414379 -0.680904 -0.603871 21.5154 0 0 0 1 
Seq_Frame0118_ForcepToReference-SequenceTransformStatus = OK
Seq_Frame0118_Timestamp = 12.196
Seq_Frame0119_ForcepToReference-SequenceTransform =0.707453 0.178115 -0.683948 120.326 0.573163 -0.710788 0.407755 14.2291 -0.413515 -0.680481 -0.604938 21.5051 0 0 0 1 
Seq_Frame0119_ForcepToReference-SequenceTransformStatus = OK
Seq_Frame0119_Timestamp = 12.307
Seq_Frame0120_ForcepToReference-SequenceTransform =0.707444 0.178171 -0.683943 120.33 0.573274 -0.710648 0.407844 14.2781 -0.413377 -0.680614 -0.604884 21.4683 0 0 0 1 
Seq_Frame0120_ForcepToReference-SequenceTransformStatus = OK
Seq_Frame0120_Timestamp = 12.41
Seq_Frame0121_ForcepToReference-SequenceTransform =0.707055 0.178005 -0.684388 120.312 0.572932 -0.71149 0.406854 14.2696 -0.414513 -0.679776 -0.605048 21.4086 0 0 0 1 
Seq_Frame0121_ForcepToReference-SequenceTransformStatus = OK
Seq_Frame0121_Timestamp = 12.515
Seq_Frame0122_ForcepToReference-SequenceTransform =0.707283 0.178011 -0.684151 120.319 0.573057 -0.711067 0.407417 14.2129 -0.413953 -0.680217 -0.604936 21.5049 0 0 0 1 
Seq_Frame0122_ForcepToReference-SequenceTransformStatus = OK
Seq_Frame0122_Timestamp = 12.616
Seq_Frame0123_ForcepToReference-SequenceTransform =0.707445 0.178116 -0.683956 120.333 0.573074 -0.710943 0.407611 14.2546 -0.413651 -0.68032 -0.605027 21.4938 0 0 0 1 
Seq_Frame0123_ForcepToReference-SequenceTransformStatus = OK
Seq_Frame0123_Timestamp = 12.725
Seq_Frame0124_ForcepToReference-SequenceTransform =0.707126 0.177919 -0.684338 120.343 0.573673 -0.710152 0.408146 14.2431 -0.413367 -0.681197 -0.604234 21.482 0 0 0 1 
Seq_Frame0124_ForcepToReference-SequenceTransformStatus = OK
Seq_Frame0124_Timestamp = 12.826
Seq_Frame0125_ForcepToReference-SequenceTransform =0.70607 0.177893 -0.685434 120.33 0.573736 -0.711065 0.406464 14.2806 -0.415081 -0.68025 -0.604125 21.4301 0 0 0 1 
Seq_Frame0125_ForcepToReference-SequenceTransformStatus = OK
Seq_Frame0125_Timestamp = 12.926
Seq_Frame0126_ForcepToReference-SequenceTransform =0.707153 0.178072 -0.68427 120.328 0.573093 -0.711171 0.407186 14.2228 -0.414124 -0.680093 -0.604958 21.5302 0 0 0 1 
Seq_Frame0126_ForcepToReference-SequenceTransformStatus = OK
Seq_Frame0126_Timestamp = 13.03
Seq_Frame0127_ForcepToReference-SequenceTransform =0.707096 0.178109 -0.684319 120.327 0.573448 -0.710664 0.40757 14.2508 -0.413729 -0.680613 -0.604644 21.4684 0 0 0 1 
Seq_Frame0127_ForcepToReference-SequenceTransformStatus = OK
Seq_Frame0127_Timestamp = 13.134
Seq_Frame0128_ForcepToReference-SequenceTransform =0.706692 0.178055 -0.68475 120.329 0.57371 -0.710599 0.407317 14.2368 -0.414058 -0.680695 -0.604326 21.5037 0 0 0 1 
Seq_Frame0128_ForcepToReference-SequenceTransformStatus = OK
Seq_Frame0128_Timestamp = 13.242
Seq_Frame0129_ForcepToReference-SequenceTransform =0.707271 0.177915 -0.684189 120.329 0.573276 -0.710663 0.407816 14.2212 -0.41367 -0.680665 -0.604625 21.5022 0 0 0 1 
Seq_Frame0129_ForcepToReference-SequenceTransformStatus = OK
Seq_Frame0129_Timestamp = 13.343
Seq_Frame0130_ForcepToReference-SequenceTransform =0.706971 0.177995 -0.684478 120.327 0.573386 -0.710822 0.407383 14.2272 -0.41403 -0.680477 -0.60459 21.5081 0 0 0 1 
Seq_Frame0130_ForcepToReference-SequenceTransformStatus = OK
Seq_Frame0130_Timestamp = 13.446
Seq_Frame0131_ForcepToReference-SequenceTransform =0.707348 0.178015 -0.684083 120.336 0.573446 -0.710366 0.408094 14.2138 -0.413302 -0.680949 -0.604558 21.516 0 0 0 1 
Seq_Frame0131_ForcepToReference-SequenceTransformStatus = OK
Seq_Frame0131_Timestamp = 13.55
Seq_Frame0132_ForcepToReference-SequenceTransform =0.707045 0.17794 -0.684416 120.33 0.573651 -0.710281 0.407953 14.1967 -0.413536 -0.681057 -0.604276 21.5441 0 0 0 1 
Seq_Frame0132_ForcepToReference-SequenceTransformStatus = OK
Seq_Frame0132_Timestamp = 13.66
Seq_Frame0133_ForcepToReference-SequenceTransform =0.70728 0.178037 -0.684147 120.327 0.572962 -0.711241 0.407248 14.2643 -0.414088 -0.680029 -0.605055 21.4127 0 0 0 1 
Seq_Frame0133_ForcepToReference-SequenceTransformStatus = OK
Seq_Frame0133_Timestamp = 13.766
Seq_Frame0134_ForcepToReference-SequenceTransform =0.707376 0.178082 -0.684036 120.339 0.573662 -0.710022 0.408389 14.2443 -0.412954 -0.68129 -0.604411 21.4982 0 0 0 1 
Seq_Frame0134_ForcepToReference-SequenceTransformStatus = OK
Seq_Frame0134_Timestamp = 13.866
Seq_Frame0135_ForcepToReference-SequenceTransform =0.708613 0.178173 -0.682731 120.324 0.572861 -0.710177 0.409242 14.209 -0.411944 -0.681104 -0.605309 21.4639 0 0 0 1 
Seq_Frame0135_ForcepToReference-SequenceTransformStatus = OK
Seq_Frame0135_Timestamp = 13.968
Seq_Frame0136_ForcepToReference-SequenceTransform =0.708876 0.178231 -0.682444 120.304 0.572186 -0.711065 0.408642 14.2271 -0.412429 -0.680162 -0.606038 21.4212 0 0 0 1 
Seq_Frame0136_ForcepToReference-SequenceTransformStatus = OK
Seq_Frame0136_Timestamp = 14.071
Seq_Frame0137_ForcepToReference-SequenceTransform =0.707995 0.178299 -0.683339 120.32 0.573133 -0.710413 0.40845 14.2548 -0.412627 -0.680825 -0.605158 21.4401 0 0 0 1 
Seq_Frame0137_ForcepToReference-SequenceTransformStatus = OK
Seq_Frame0137_Timestamp = 14.184
Seq_Frame0138_ForcepToReference-SequenceTransform =0.707511 0.178093 -0.683895 120.321 0.573545 -0.710088 0.408437 14.2353 -0.412886 -0.681218 -0.604539 21.4316 0 0 0 1 
Seq_Frame0138_ForcepToReference-SequenceTransformStatus = OK
Seq_Frame0138_Timestamp = 14.284
Seq_Frame0139_ForcepToReference-SequenceTransform =0.708552 0.178175 -0.682794 120.311 0.572303 -0.71116 0.408315 14.239 -0.412824 -0.680077 -0.605864 21.4018 0 0 0 1 
Seq_Frame0139_ForcepToReference-SequenceTransformStatus = OK
Seq_Frame0139_Timestamp = 14.39
Seq_Frame0140_ForcepToReference-SequenceTransform =0.709127 0.178286 -0.682168 120.318 0.572628 -0.710121 0.409666 14.2092 -0.411384 -0.681133 -0.605657 21.4539 0 0 0 1 
Seq_Frame0140_ForcepToReference-SequenceTransformStatus = OK
Seq_Frame0140_Timestamp = 14.5
Seq_Frame0141_ForcepToReference-SequenceTransform =0.707778 0.178244 -0.683578 120.315 0.573313 -0.710298 0.408398 14.2731 -0.41275 -0.68096 -0.604923 21.3632 0 0 0 1 
Seq_Frame0141_ForcepToReference-SequenceTransformStatus = OK
Seq_Frame0141_Timestamp = 14.61
Seq_Frame0142_ForcepToReference-SequenceTransform =0.708271 0.178146 -0.683093 120.316 0.572674 -0.710809 0.408407 14.2212 -0.412793 -0.680452 -0.605464 21.4672 0 0 0 1 
Seq_Frame0142_ForcepToReference-SequenceTransformStatus = OK
Seq_Frame0142_Timestamp = 14.717
Seq_Frame0143_ForcepToReference-SequenceTransform =0.707417 0.178111 -0.683986 120.327 0.573705 -0.709927 0.408492 14.2177 -0.412823 -0.681381 -0.604398 21.4866 0 0 0 1 
Seq_Frame0143_ForcepToReference-SequenceTransformStatus = OK
Seq_Frame0143_Timestamp = 14.818
Seq_Frame0144_ForcepToReference-SequenceTransform =0.707384 0.178015 -0.684046 120.347 0.573533 -0.710186 0.408283 14.2191 -0.413119 -0.681136 -0.604472 21.56 0 0 0 1 
Seq_Frame0144_ForcepToReference-SequenceTransformStatus = OK
Seq_Frame0144_Timestamp = 14.93
Seq_Frame0145_ForcepToReference-SequenceTransform =0.706741 0.177851 -0.684752 120.339 0.574205 -0.709613 0.408336 14.1875 -0.413286 -0.681776 -0.603636 21.5393 0 0 0 1 
Seq_Frame0145_ForcepToReference-SequenceTransformStatus = OK
Seq_Frame0145_Timestamp = 15.031
Seq_Frame0146_ForcepToReference-SequenceTransform =0.706925 0.177938 -0.68454 120.331 0.573809 -0.710136 0.407982 14.2198 -0.413521 -0.681208 -0.604116 21.4879 0 0 0 1 
Seq_Frame0146_ForcepToReference-SequenceTransformStatus = OK
Seq_Frame0146_Timestamp = 15.132
Seq_Frame0147_ForcepToReference-SequenceTransform =0.707197 0.178094 -0.684218 120.33 0.573543 -0.710401 0.407896 14.2277 -0.413425 -0.680892 -0.604538 21.5063 0 0 0 1 
Seq_Frame0147_ForcepToReference-SequenceTransformStatus = OK
Seq_Frame0147_Timestamp = 15.241
Seq_Frame0148_ForcepToReference-SequenceTransform =0.707456 0.178122 -0.683944 120.316 0.573103 -0.710889 0.407665 14.2257 -0.413594 -0.680375 -0.605004 21.5027 0 0 0 1 
Seq_Frame0148_ForcepToReference-SequenceTransformStatus = OK
Seq_Frame0148_Timestamp = 15.35
Seq_Frame0149_ForcepToReference-SequenceTransform =0.707357 0.178237 -0.684016 120.317 0.573192 -0.710907 0.407507 14.2802 -0.413638 -0.680326 -0.605029 21.4391 0 0 0 1 
Seq_Frame0149_ForcepToReference-SequenceTransformStatus = OK
Seq_Frame0149_Timestamp = 15.455
Seq_Frame0150_ForcepToReference-SequenceTransform =0.706474 0.178085 -0.684967 120.319 0.574214 -0.71 0.40765 14.2283 -0.41373 -0.681312 -0.603856 21.5036 0 0 0 1 
Seq_Frame0150_ForcepToReference-SequenceTransformStatus = OK
Seq_Frame0150_Timestamp = 15.556
Seq_Frame0151_ForcepToReference-SequenceTransform =0.707461 0.178126 -0.683937 120.33 0.572662 -0.71161 0.407026 14.3037 -0.414194 -0.67962 -0.605442 21.4428 0 0 0 1 
