ObjectType = Image
NDims = 3
AnatomicalOrientation = RAI
BinaryData = True
CompressedData = False
DimSize = 0 0 3264
ElementSpacing = 1 1 1
Offset = 0 0 0
TransformMatrix = 1 0 0 0 1 0 0 0 1
ElementType = MET_UCHAR
Kinds = domain domain list
Seq_Frame0000_ForcepToReference-SequenceTransform =-0.33549 0.772721 0.53884 23.6687 -0.879655 -0.0522681 -0.472731 -51.4699 -0.337126 -0.63259 0.697264 -73.1105 0 0 0 1 
Seq_Frame0000_ForcepToReference-SequenceTransformStatus = OK
Seq_Frame0000_Timestamp = 0.00399995
Seq_Frame0001_ForcepToReference-SequenceTransform =-0.335862 0.773361 0.537688 23.667 -0.87948 -0.0531165 -0.472962 -51.4231 -0.337211 -0.631736 0.697996 -73.1608 0 0 0 1 
Seq_Frame0001_ForcepToReference-SequenceTransformStatus = OK
Seq_Frame0001_Timestamp = 0.108
Seq_Frame0002_ForcepToReference-SequenceTransform =-0.33589 0.772571 0.538806 23.6352 -0.879427 -0.0523678 -0.473145 -51.4082 -0.337322 -0.632765 0.69701 -73.1506 0 0 0 1 
Seq_Frame0002_ForcepToReference-SequenceTransformStatus = OK
Seq_Frame0002_Timestamp = 0.212
Seq_Frame0003_ForcepToReference-SequenceTransform =-0.336039 0.771318 0.540505 23.6222 -0.879228 -0.0511404 -0.473649 -51.4257 -0.337693 -0.634392 0.69535 -73.0781 0 0 0 1 
Seq_Frame0003_ForcepToReference-SequenceTransformStatus = OK
Seq_Frame0003_Timestamp = 0.318
Seq_Frame0004_ForcepToReference-SequenceTransform =-0.335921 0.772264 0.539227 23.6292 -0.879478 -0.0522442 -0.473064 -51.4265 -0.337159 -0.63315 0.696739 -73.0965 0 0 0 1 
Seq_Frame0004_ForcepToReference-SequenceTransformStatus = OK
Seq_Frame0004_Timestamp = 0.425
Seq_Frame0005_ForcepToReference-SequenceTransform =-0.33583 0.772894 0.53838 23.642 -0.879389 -0.0524818 -0.473202 -51.4316 -0.33748 -0.632361 0.697299 -73.1296 0 0 0 1 
Seq_Frame0005_ForcepToReference-SequenceTransformStatus = OK
Seq_Frame0005_Timestamp = 0.528
Seq_Frame0006_ForcepToReference-SequenceTransform =-0.336045 0.771988 0.539545 23.6642 -0.879076 -0.0514516 -0.473898 -51.4509 -0.338083 -0.633552 0.695926 -73.0777 0 0 0 1 
Seq_Frame0006_ForcepToReference-SequenceTransformStatus = OK
Seq_Frame0006_Timestamp = 0.629
Seq_Frame0007_ForcepToReference-SequenceTransform =-0.33614 0.773304 0.537598 23.6814 -0.878417 -0.0515378 -0.475107 -51.3946 -0.339696 -0.631938 0.696607 -73.11 0 0 0 1 
Seq_Frame0007_ForcepToReference-SequenceTransformStatus = OK
Seq_Frame0007_Timestamp = 0.733
Seq_Frame0008_ForcepToReference-SequenceTransform =-0.335828 0.772501 0.538945 23.6463 -0.879186 -0.0517515 -0.47366 -51.4553 -0.338012 -0.632901 0.696552 -73.0437 0 0 0 1 
Seq_Frame0008_ForcepToReference-SequenceTransformStatus = OK
Seq_Frame0008_Timestamp = 0.842
Seq_Frame0009_ForcepToReference-SequenceTransform =-0.335978 0.772391 0.539009 23.6619 -0.879043 -0.0516356 -0.473937 -51.4454 -0.338233 -0.633045 0.696314 -73.0662 0 0 0 1 
Seq_Frame0009_ForcepToReference-SequenceTransformStatus = OK
Seq_Frame0009_Timestamp = 0.943
Seq_Frame0010_ForcepToReference-SequenceTransform =-0.336057 0.772451 0.538873 23.6564 -0.878637 -0.0510592 -0.474753 -51.4138 -0.339209 -0.633018 0.695863 -73.0845 0 0 0 1 
Seq_Frame0010_ForcepToReference-SequenceTransformStatus = OK
Seq_Frame0010_Timestamp = 1.051
Seq_Frame0011_ForcepToReference-SequenceTransform =-0.335854 0.772036 0.539595 23.6414 -0.879069 -0.0511682 -0.47394 -51.4394 -0.338289 -0.633516 0.695858 -73.079 0 0 0 1 
Seq_Frame0011_ForcepToReference-SequenceTransformStatus = OK
Seq_Frame0011_Timestamp = 1.152
Seq_Frame0012_ForcepToReference-SequenceTransform =-0.335962 0.772061 0.539492 23.6626 -0.879227 -0.0516621 -0.473594 -51.4495 -0.337772 -0.633445 0.696173 -73.066 0 0 0 1 
Seq_Frame0012_ForcepToReference-SequenceTransformStatus = OK
Seq_Frame0012_Timestamp = 1.252
Seq_Frame0013_ForcepToReference-SequenceTransform =-0.335896 0.77236 0.539105 23.6732 -0.878908 -0.0512192 -0.474234 -51.4633 -0.338667 -0.633116 0.696037 -73.0404 0 0 0 1 
Seq_Frame0013_ForcepToReference-SequenceTransformStatus = OK
Seq_Frame0013_Timestamp = 1.353
Seq_Frame0014_ForcepToReference-SequenceTransform =-0.336144 0.772294 0.539044 23.6684 -0.87916 -0.0520431 -0.473676 -51.4661 -0.337764 -0.63313 0.696464 -73.0139 0 0 0 1 
Seq_Frame0014_ForcepToReference-SequenceTransformStatus = OK
Seq_Frame0014_Timestamp = 1.462
Seq_Frame0015_ForcepToReference-SequenceTransform =-0.336182 0.772513 0.538707 23.6892 -0.878753 -0.051536 -0.474486 -51.421 -0.338783 -0.632905 0.696174 -73.0539 0 0 0 1 
Seq_Frame0015_ForcepToReference-SequenceTransformStatus = OK
Seq_Frame0015_Timestamp = 1.563
Seq_Frame0016_ForcepToReference-SequenceTransform =-0.336092 0.772375 0.538962 23.6726 -0.878399 -0.0506051 -0.475242 -51.3481 -0.33979 -0.633148 0.695461 -73.1691 0 0 0 1 
Seq_Frame0016_ForcepToReference-SequenceTransformStatus = OK
Seq_Frame0016_Timestamp = 1.667
Seq_Frame0017_ForcepToReference-SequenceTransform =-0.336039 0.772813 0.538366 23.6651 -0.878818 -0.0516854 -0.47435 -51.3882 -0.338758 -0.632526 0.69653 -73.1463 0 0 0 1 
Seq_Frame0017_ForcepToReference-SequenceTransformStatus = OK
Seq_Frame0017_Timestamp = 1.773
Seq_Frame0018_ForcepToReference-SequenceTransform =-0.336024 0.77251 0.538809 23.657 -0.878701 -0.0511764 -0.474622 -51.3843 -0.339076 -0.632936 0.696002 -73.1144 0 0 0 1 
Seq_Frame0018_ForcepToReference-SequenceTransformStatus = OK
Seq_Frame0018_Timestamp = 1.878
Seq_Frame0019_ForcepToReference-SequenceTransform =-0.335976 0.771787 0.539876 23.5895 -0.879121 -0.0512463 -0.473835 -51.3617 -0.338033 -0.633813 0.695711 -73.1559 0 0 0 1 
Seq_Frame0019_ForcepToReference-SequenceTransformStatus = OK
Seq_Frame0019_Timestamp = 1.978
Seq_Frame0020_ForcepToReference-SequenceTransform =-0.33602 0.771705 0.539965 23.6466 -0.879047 -0.0511076 -0.473988 -51.4033 -0.338183 -0.633924 0.695538 -73.0765 0 0 0 1 
Seq_Frame0020_ForcepToReference-SequenceTransformStatus = OK
Seq_Frame0020_Timestamp = 2.083
Seq_Frame0021_ForcepToReference-SequenceTransform =-0.336301 0.76847 0.544385 23.5651 -0.880838 -0.0521479 -0.470536 -51.3497 -0.333204 -0.637757 0.694435 -73.2665 0 0 0 1 
Seq_Frame0021_ForcepToReference-SequenceTransformStatus = OK
Seq_Frame0021_Timestamp = 2.183
Seq_Frame0022_ForcepToReference-SequenceTransform =-0.336101 0.772256 0.539125 23.6199 -0.87924 -0.0520884 -0.473523 -51.3653 -0.337599 -0.633172 0.696506 -73.2115 0 0 0 1 
Seq_Frame0022_ForcepToReference-SequenceTransformStatus = OK
Seq_Frame0022_Timestamp = 2.288
Seq_Frame0023_ForcepToReference-SequenceTransform =-0.335815 0.772326 0.539203 23.6267 -0.878638 -0.0505522 -0.474806 -51.391 -0.339447 -0.633211 0.695571 -73.0857 0 0 0 1 
Seq_Frame0023_ForcepToReference-SequenceTransformStatus = OK
Seq_Frame0023_Timestamp = 2.392
Seq_Frame0024_ForcepToReference-SequenceTransform =-0.335829 0.771094 0.540955 23.6058 -0.879164 -0.050479 -0.473838 -51.4194 -0.338067 -0.634717 0.694871 -73.1083 0 0 0 1 
Seq_Frame0024_ForcepToReference-SequenceTransformStatus = OK
Seq_Frame0024_Timestamp = 2.493
Seq_Frame0025_ForcepToReference-SequenceTransform =-0.33555 0.772358 0.539324 23.6435 -0.879704 -0.0521403 -0.472655 -51.4632 -0.336938 -0.633044 0.696941 -73.1219 0 0 0 1 
Seq_Frame0025_ForcepToReference-SequenceTransformStatus = OK
Seq_Frame0025_Timestamp = 2.594
Seq_Frame0026_ForcepToReference-SequenceTransform =-0.335815 0.772853 0.538449 23.6458 -0.880125 -0.0538016 -0.471684 -51.4554 -0.335573 -0.632301 0.698274 -73.1428 0 0 0 1 
Seq_Frame0026_ForcepToReference-SequenceTransformStatus = OK
Seq_Frame0026_Timestamp = 2.698
Seq_Frame0027_ForcepToReference-SequenceTransform =-0.336422 0.773627 0.536956 23.662 -0.878745 -0.0528979 -0.474351 -51.3606 -0.338567 -0.631429 0.697617 -73.2697 0 0 0 1 
Seq_Frame0027_ForcepToReference-SequenceTransformStatus = OK
Seq_Frame0027_Timestamp = 2.801
Seq_Frame0028_ForcepToReference-SequenceTransform =-0.337517 0.77198 0.538636 23.6499 -0.878733 -0.05323 -0.474336 -51.3402 -0.337507 -0.633414 0.696331 -73.3389 0 0 0 1 
Seq_Frame0028_ForcepToReference-SequenceTransformStatus = OK
Seq_Frame0028_Timestamp = 2.902
Seq_Frame0029_ForcepToReference-SequenceTransform =-0.337094 0.767281 0.545571 23.5822 -0.881593 -0.0538895 -0.468924 -51.2927 -0.330396 -0.639042 0.694596 -73.4998 0 0 0 1 
Seq_Frame0029_ForcepToReference-SequenceTransformStatus = OK
Seq_Frame0029_Timestamp = 3.002
Seq_Frame0030_ForcepToReference-SequenceTransform =-0.336379 0.770967 0.540795 23.6509 -0.879679 -0.0522425 -0.47269 -51.3545 -0.336176 -0.634729 0.695777 -73.312 0 0 0 1 
Seq_Frame0030_ForcepToReference-SequenceTransformStatus = OK
Seq_Frame0030_Timestamp = 3.104
Seq_Frame0031_ForcepToReference-SequenceTransform =-0.336206 0.771829 0.539671 23.689 -0.879489 -0.052353 -0.473032 -51.3552 -0.336846 -0.633671 0.696416 -73.2526 0 0 0 1 
Seq_Frame0031_ForcepToReference-SequenceTransformStatus = OK
Seq_Frame0031_Timestamp = 3.213
Seq_Frame0032_ForcepToReference-SequenceTransform =-0.337061 0.766755 0.54633 23.6171 -0.881663 -0.0535187 -0.468835 -51.2942 -0.330243 -0.639705 0.694058 -73.4465 0 0 0 1 
Seq_Frame0032_ForcepToReference-SequenceTransformStatus = OK
Seq_Frame0032_Timestamp = 3.314
Seq_Frame0033_ForcepToReference-SequenceTransform =-0.33662 0.767601 0.545414 23.655 -0.881515 -0.053227 -0.469145 -51.3274 -0.331086 -0.638714 0.694569 -73.4051 0 0 0 1 
Seq_Frame0033_ForcepToReference-SequenceTransformStatus = OK
Seq_Frame0033_Timestamp = 3.426
Seq_Frame0034_ForcepToReference-SequenceTransform =-0.3365 0.768826 0.54376 23.6802 -0.881541 -0.0541316 -0.468995 -51.3472 -0.331141 -0.637163 0.695967 -73.3515 0 0 0 1 
Seq_Frame0034_ForcepToReference-SequenceTransformStatus = OK
Seq_Frame0034_Timestamp = 3.528
Seq_Frame0035_ForcepToReference-SequenceTransform =-0.336769 0.769819 0.542186 23.7115 -0.880488 -0.0534219 -0.471049 -51.3223 -0.333658 -0.636023 0.695807 -73.3357 0 0 0 1 
Seq_Frame0035_ForcepToReference-SequenceTransformStatus = OK
Seq_Frame0035_Timestamp = 3.636
Seq_Frame0036_ForcepToReference-SequenceTransform =-0.336667 0.770967 0.540615 23.715 -0.879638 -0.0526409 -0.472721 -51.3353 -0.335994 -0.634695 0.695895 -73.2463 0 0 0 1 
Seq_Frame0036_ForcepToReference-SequenceTransformStatus = OK
Seq_Frame0036_Timestamp = 3.743
Seq_Frame0037_ForcepToReference-SequenceTransform =-0.33661 0.771887 0.539337 23.7326 -0.879254 -0.0526288 -0.473437 -51.3536 -0.337055 -0.633578 0.6964 -73.2056 0 0 0 1 
Seq_Frame0037_ForcepToReference-SequenceTransformStatus = OK
Seq_Frame0037_Timestamp = 3.853
Seq_Frame0038_ForcepToReference-SequenceTransform =-0.336624 0.773152 0.537513 23.7628 -0.878202 -0.0517993 -0.475476 -51.3357 -0.339773 -0.632102 0.696421 -73.1682 0 0 0 1 
Seq_Frame0038_ForcepToReference-SequenceTransformStatus = OK
Seq_Frame0038_Timestamp = 3.963
Seq_Frame0039_ForcepToReference-SequenceTransform =-0.33646 0.772887 0.537997 23.7378 -0.878649 -0.052129 -0.474613 -51.3326 -0.338777 -0.632399 0.696636 -73.1537 0 0 0 1 
Seq_Frame0039_ForcepToReference-SequenceTransformStatus = OK
Seq_Frame0039_Timestamp = 4.076
Seq_Frame0040_ForcepToReference-SequenceTransform =-0.336078 0.773596 0.537215 23.755 -0.878434 -0.0517272 -0.475055 -51.4047 -0.339713 -0.631564 0.696938 -73.0726 0 0 0 1 
Seq_Frame0040_ForcepToReference-SequenceTransformStatus = OK
Seq_Frame0040_Timestamp = 4.176
Seq_Frame0041_ForcepToReference-SequenceTransform =-0.33597 0.772529 0.538817 23.7272 -0.879234 -0.0521002 -0.473532 -51.4701 -0.337745 -0.632839 0.696738 -73.076 0 0 0 1 
Seq_Frame0041_ForcepToReference-SequenceTransformStatus = OK
Seq_Frame0041_Timestamp = 4.277
Seq_Frame0042_ForcepToReference-SequenceTransform =-0.335884 0.774931 0.53541 23.7533 -0.877954 -0.0517022 -0.475944 -51.51 -0.341142 -0.629928 0.69772 -72.9181 0 0 0 1 
Seq_Frame0042_ForcepToReference-SequenceTransformStatus = OK
Seq_Frame0042_Timestamp = 4.377
Seq_Frame0043_ForcepToReference-SequenceTransform =-0.336012 0.774431 0.536053 23.7386 -0.878036 -0.0516183 -0.475804 -51.4796 -0.340807 -0.630549 0.697322 -72.9462 0 0 0 1 
Seq_Frame0043_ForcepToReference-SequenceTransformStatus = OK
Seq_Frame0043_Timestamp = 4.478
Seq_Frame0044_ForcepToReference-SequenceTransform =-0.33598 0.773501 0.537414 23.7163 -0.878363 -0.0513477 -0.475229 -51.4564 -0.339995 -0.631712 0.696666 -72.9663 0 0 0 1 
Seq_Frame0044_ForcepToReference-SequenceTransformStatus = OK
Seq_Frame0044_Timestamp = 4.582
Seq_Frame0045_ForcepToReference-SequenceTransform =-0.336108 0.773191 0.53778 23.7327 -0.878494 -0.0515285 -0.474966 -51.4453 -0.339529 -0.632076 0.696563 -72.9996 0 0 0 1 
Seq_Frame0045_ForcepToReference-SequenceTransformStatus = OK
Seq_Frame0045_Timestamp = 4.683
Seq_Frame0046_ForcepToReference-SequenceTransform =-0.336121 0.77284 0.538275 23.7178 -0.878913 -0.052023 -0.474136 -51.433 -0.338429 -0.632464 0.696746 -73.022 0 0 0 1 
Seq_Frame0046_ForcepToReference-SequenceTransformStatus = OK
Seq_Frame0046_Timestamp = 4.789
Seq_Frame0047_ForcepToReference-SequenceTransform =-0.33579 0.772513 0.538952 23.7018 -0.87919 -0.0517066 -0.473658 -51.4782 -0.33804 -0.632891 0.696548 -72.9599 0 0 0 1 
Seq_Frame0047_ForcepToReference-SequenceTransformStatus = OK
Seq_Frame0047_Timestamp = 4.893
Seq_Frame0048_ForcepToReference-SequenceTransform =-0.335752 0.773347 0.537778 23.7211 -0.87872 -0.0515014 -0.474551 -51.4566 -0.339297 -0.631887 0.696847 -72.9619 0 0 0 1 
Seq_Frame0048_ForcepToReference-SequenceTransformStatus = OK
Seq_Frame0048_Timestamp = 4.994
Seq_Frame0049_ForcepToReference-SequenceTransform =-0.335914 0.772634 0.538701 23.6886 -0.878636 -0.0509829 -0.474762 -51.454 -0.339353 -0.632801 0.69599 -73.0026 0 0 0 1 
Seq_Frame0049_ForcepToReference-SequenceTransformStatus = OK
Seq_Frame0049_Timestamp = 5.094
Seq_Frame0050_ForcepToReference-SequenceTransform =-0.33603 0.771902 0.539677 23.6544 -0.879221 -0.0516238 -0.473609 -51.4264 -0.337719 -0.633643 0.696019 -73.0684 0 0 0 1 
Seq_Frame0050_ForcepToReference-SequenceTransformStatus = OK
Seq_Frame0050_Timestamp = 5.199
Seq_Frame0051_ForcepToReference-SequenceTransform =-0.336113 0.771836 0.539719 23.6329 -0.878962 -0.0512178 -0.474134 -51.3869 -0.33831 -0.633755 0.695629 -73.1064 0 0 0 1 
Seq_Frame0051_ForcepToReference-SequenceTransformStatus = OK
Seq_Frame0051_Timestamp = 5.303
Seq_Frame0052_ForcepToReference-SequenceTransform =-0.336083 0.772201 0.539216 23.6361 -0.879325 -0.0521694 -0.473355 -51.3978 -0.337395 -0.633233 0.696549 -73.1084 0 0 0 1 
Seq_Frame0052_ForcepToReference-SequenceTransformStatus = OK
Seq_Frame0052_Timestamp = 5.403
Seq_Frame0053_ForcepToReference-SequenceTransform =-0.33587 0.771923 0.539746 23.6211 -0.87881 -0.0506097 -0.474481 -51.395 -0.338947 -0.633698 0.695372 -73.0793 0 0 0 1 
Seq_Frame0053_ForcepToReference-SequenceTransformStatus = OK
Seq_Frame0053_Timestamp = 5.508
Seq_Frame0054_ForcepToReference-SequenceTransform =-0.336102 0.771153 0.540703 23.541 -0.878909 -0.0504991 -0.474309 -51.3678 -0.33846 -0.634644 0.694746 -73.2091 0 0 0 1 
Seq_Frame0054_ForcepToReference-SequenceTransformStatus = OK
Seq_Frame0054_Timestamp = 5.613
Seq_Frame0055_ForcepToReference-SequenceTransform =-0.336291 0.770827 0.541049 23.5521 -0.879069 -0.050825 -0.473978 -51.3524 -0.337856 -0.635014 0.694702 -73.2186 0 0 0 1 
Seq_Frame0055_ForcepToReference-SequenceTransformStatus = OK
Seq_Frame0055_Timestamp = 5.717
Seq_Frame0056_ForcepToReference-SequenceTransform =-0.336347 0.77062 0.541309 23.4978 -0.87891 -0.0504386 -0.474313 -51.357 -0.338212 -0.635296 0.694271 -73.2291 0 0 0 1 
Seq_Frame0056_ForcepToReference-SequenceTransformStatus = OK
Seq_Frame0056_Timestamp = 5.818
Seq_Frame0057_ForcepToReference-SequenceTransform =-0.335632 0.771252 0.540853 23.5288 -0.879644 -0.0511951 -0.472869 -51.4791 -0.337012 -0.634468 0.69561 -73.1542 0 0 0 1 
Seq_Frame0057_ForcepToReference-SequenceTransformStatus = OK
Seq_Frame0057_Timestamp = 5.929
Seq_Frame0058_ForcepToReference-SequenceTransform =-0.335946 0.772294 0.539168 23.6118 -0.87825 -0.0500178 -0.475578 -51.333 -0.340318 -0.633293 0.695071 -73.17 0 0 0 1 
Seq_Frame0058_ForcepToReference-SequenceTransformStatus = OK
Seq_Frame0058_Timestamp = 6.038
Seq_Frame0059_ForcepToReference-SequenceTransform =-0.34421 0.771704 0.534783 23.2119 -0.866343 -0.0415052 -0.497723 -49.7607 -0.361898 -0.634626 0.682846 -73.7665 0 0 0 1 
Seq_Frame0059_ForcepToReference-SequenceTransformStatus = OK
Seq_Frame0059_Timestamp = 6.623
Seq_Frame0060_ForcepToReference-SequenceTransform =-0.34827 0.767021 0.538875 24.0988 -0.878987 -0.0674676 -0.472049 -51.9253 -0.325715 -0.638065 0.697698 -73.0536 0 0 0 1 
Seq_Frame0060_ForcepToReference-SequenceTransformStatus = OK
Seq_Frame0060_Timestamp = 6.728
Seq_Frame0061_ForcepToReference-SequenceTransform =-0.269092 0.786043 0.55653 36.2066 -0.907728 -0.0138577 -0.41933 -51.1363 -0.321899 -0.618016 0.717243 -71.5187 0 0 0 1 
Seq_Frame0061_ForcepToReference-SequenceTransformStatus = OK
Seq_Frame0061_Timestamp = 6.829
Seq_Frame0062_ForcepToReference-SequenceTransform =-0.181635 0.7485 0.637775 39.0446 -0.939254 0.0600189 -0.337934 -49.351 -0.291222 -0.660414 0.69213 -73.3484 0 0 0 1 
Seq_Frame0062_ForcepToReference-SequenceTransformStatus = OK
Seq_Frame0062_Timestamp = 6.938
Seq_Frame0063_ForcepToReference-SequenceTransform =0.0130724 -0.387064 -0.92196 60.2333 0.344668 -0.863787 0.367528 7.91708 -0.938634 -0.322574 0.122117 -98.7709 0 0 0 1 
Seq_Frame0063_ForcepToReference-SequenceTransformStatus = OK
Seq_Frame0063_Timestamp = 7.043
Seq_Frame0064_ForcepToReference-SequenceTransform =-0.362017 0.122631 -0.92407 66.7662 0.0076953 -0.990882 -0.134513 67.0754 -0.93214 -0.0558068 0.357772 -110.452 0 0 0 1 
Seq_Frame0064_ForcepToReference-SequenceTransformStatus = OK
Seq_Frame0064_Timestamp = 7.152
Seq_Frame0065_ForcepToReference-SequenceTransform =0.129966 -0.3104 -0.94168 47.1906 0.411278 -0.847301 0.336053 120.622 -0.902197 -0.430968 0.0175401 -113.196 0 0 0 1 
Seq_Frame0065_ForcepToReference-SequenceTransformStatus = OK
Seq_Frame0065_Timestamp = 7.264
Seq_Frame0066_ForcepToReference-SequenceTransform =0.415694 -0.562758 -0.714494 23.4654 0.119483 -0.744987 0.656291 107.305 -0.901622 -0.358186 -0.242447 -94.6829 0 0 0 1 
Seq_Frame0066_ForcepToReference-SequenceTransformStatus = OK
Seq_Frame0066_Timestamp = 7.368
Seq_Frame0067_ForcepToReference-SequenceTransform =0.373495 -0.527025 -0.763378 12.2931 0.174735 -0.768229 0.615866 111.817 -0.911026 -0.363412 -0.19484 -88.7101 0 0 0 1 
Seq_Frame0067_ForcepToReference-SequenceTransformStatus = OK
Seq_Frame0067_Timestamp = 7.469
Seq_Frame0068_ForcepToReference-SequenceTransform =0.332382 -0.486197 -0.808167 6.25325 0.362998 -0.724929 0.585414 124.105 -0.870491 -0.487944 -0.0644643 -92.1876 0 0 0 1 
Seq_Frame0068_ForcepToReference-SequenceTransformStatus = OK
Seq_Frame0068_Timestamp = 7.57
Seq_Frame0069_ForcepToReference-SequenceTransform =0.226227 -0.706394 -0.670693 -19.2364 0.305903 -0.602187 0.737424 112.582 -0.924794 -0.371992 0.0798574 -101.172 0 0 0 1 
Seq_Frame0069_ForcepToReference-SequenceTransformStatus = OK
Seq_Frame0069_Timestamp = 7.685
Seq_Frame0070_ForcepToReference-SequenceTransform =0.177643 -0.82739 -0.532793 -28.2872 0.621117 -0.325677 0.712845 129.432 -0.763319 -0.457559 0.456052 -112.179 0 0 0 1 
Seq_Frame0070_ForcepToReference-SequenceTransformStatus = OK
Seq_Frame0070_Timestamp = 7.792
Seq_Frame0071_ForcepToReference-SequenceTransform =0.207973 -0.945261 -0.251453 -35.7607 0.716792 -0.0276364 0.69674 139.622 -0.66555 -0.325143 0.671807 -105.668 0 0 0 1 
Seq_Frame0071_ForcepToReference-SequenceTransformStatus = OK
Seq_Frame0071_Timestamp = 7.902
Seq_Frame0072_ForcepToReference-SequenceTransform =0.421329 -0.890704 -0.170669 -16.5066 0.594276 0.129 0.793848 120.128 -0.685067 -0.435895 0.583676 -105.114 0 0 0 1 
Seq_Frame0072_ForcepToReference-SequenceTransformStatus = OK
Seq_Frame0072_Timestamp = 8.002
Seq_Frame0073_ForcepToReference-SequenceTransform =0.413201 -0.908854 -0.0569974 -17.1489 0.574035 0.211368 0.79108 108.956 -0.706929 -0.359593 0.609052 -102.277 0 0 0 1 
Seq_Frame0073_ForcepToReference-SequenceTransformStatus = OK
Seq_Frame0073_Timestamp = 8.103
Seq_Frame0074_ForcepToReference-SequenceTransform =0.470008 -0.867126 0.164879 -17.4795 0.444951 0.394088 0.804185 107.665 -0.762306 -0.30461 0.571053 -101.984 0 0 0 1 
Seq_Frame0074_ForcepToReference-SequenceTransformStatus = OK
Seq_Frame0074_Timestamp = 8.207
Seq_Frame0075_ForcepToReference-SequenceTransform =0.46574 -0.851882 0.239548 -17.2146 0.512311 0.480287 0.711942 117.939 -0.721543 -0.208857 0.660118 -95.9013 0 0 0 1 
Seq_Frame0075_ForcepToReference-SequenceTransformStatus = OK
Seq_Frame0075_Timestamp = 8.308
Seq_Frame0076_ForcepToReference-SequenceTransform =0.46574 -0.851882 0.239548 -17.2146 0.512311 0.480287 0.711942 117.939 -0.721543 -0.208857 0.660118 -95.9013 0 0 0 1 
Seq_Frame0076_ForcepToReference-SequenceTransformStatus = OK
Seq_Frame0076_Timestamp = 8.412
Seq_Frame0077_ForcepToReference-SequenceTransform =-0.79154 0.599644 -0.117864 -6.59565 0.191034 0.0595878 -0.979773 123.536 -0.580491 -0.798046 -0.161719 -72.3592 0 0 0 1 
Seq_Frame0077_ForcepToReference-SequenceTransformStatus = OK
Seq_Frame0077_Timestamp = 8.513
Seq_Frame0078_ForcepToReference-SequenceTransform =-0.78834 0.610257 -0.0781438 -18.5432 0.441138 0.472142 -0.763203 155.87 -0.428855 -0.636136 -0.641416 -32.0312 0 0 0 1 
Seq_Frame0078_ForcepToReference-SequenceTransformStatus = OK
Seq_Frame0078_Timestamp = 10.343
Seq_Frame0079_ForcepToReference-SequenceTransform =0.276338 -0.289705 -0.916356 19.6137 0.750303 0.660866 0.017331 186.93 0.600568 -0.692334 0.399989 127.153 0 0 0 1 
Seq_Frame0079_ForcepToReference-SequenceTransformStatus = OK
Seq_Frame0079_Timestamp = 10.518
Seq_Frame0080_ForcepToReference-SequenceTransform =0.377802 -0.335569 -0.862936 13.4932 0.802608 0.583362 0.124539 190.211 0.461613 -0.73965 0.489726 130.331 0 0 0 1 
Seq_Frame0080_ForcepToReference-SequenceTransformStatus = OK
Seq_Frame0080_Timestamp = 10.619
Seq_Frame0081_ForcepToReference-SequenceTransform =0.340839 -0.924676 0.169714 -44.7827 0.934935 0.352326 0.0419816 206.179 -0.098614 0.144362 0.984599 -15.5741 0 0 0 1 
Seq_Frame0081_ForcepToReference-SequenceTransformStatus = OK
Seq_Frame0081_Timestamp = 10.943
Seq_Frame0082_ForcepToReference-SequenceTransform =0.337911 -0.924417 0.176828 -47.9265 0.934158 0.352322 0.0567243 208.091 -0.114738 0.146018 0.982606 -13.3419 0 0 0 1 
Seq_Frame0082_ForcepToReference-SequenceTransformStatus = OK
Seq_Frame0082_Timestamp = 11.053
Seq_Frame0083_ForcepToReference-SequenceTransform =0.319921 -0.931109 0.175177 -51.062 0.934552 0.340525 0.103227 209.595 -0.155767 0.130687 0.979111 -12.9889 0 0 0 1 
Seq_Frame0083_ForcepToReference-SequenceTransformStatus = OK
Seq_Frame0083_Timestamp = 11.153
Seq_Frame0084_ForcepToReference-SequenceTransform =0.322392 -0.926697 0.19312 -53.7547 0.93338 0.345187 0.0982263 210.21 -0.157688 0.148587 0.976246 -11.725 0 0 0 1 
Seq_Frame0084_ForcepToReference-SequenceTransformStatus = OK
Seq_Frame0084_Timestamp = 11.263
Seq_Frame0085_ForcepToReference-SequenceTransform =0.327677 -0.908954 0.25774 -54.8531 0.934068 0.352653 0.0561525 211.402 -0.141933 0.222347 0.964581 -12.5462 0 0 0 1 
Seq_Frame0085_ForcepToReference-SequenceTransformStatus = OK
Seq_Frame0085_Timestamp = 11.363
Seq_Frame0086_ForcepToReference-SequenceTransform =0.323441 -0.924225 0.202963 -53.8778 0.934998 0.345134 0.0816171 211.616 -0.145482 0.163372 0.975779 -9.50895 0 0 0 1 
Seq_Frame0086_ForcepToReference-SequenceTransformStatus = OK
Seq_Frame0086_Timestamp = 11.467
Seq_Frame0087_ForcepToReference-SequenceTransform =0.319062 -0.930881 0.177932 -52.6537 0.936216 0.338761 0.0934902 211.771 -0.147305 0.136754 0.979592 -9.33326 0 0 0 1 
Seq_Frame0087_ForcepToReference-SequenceTransformStatus = OK
Seq_Frame0087_Timestamp = 11.569
Seq_Frame0088_ForcepToReference-SequenceTransform =0.316594 -0.928614 0.193505 -52.2599 0.934865 0.340002 0.102104 211.537 -0.160608 0.148575 0.975772 -11.3365 0 0 0 1 
Seq_Frame0088_ForcepToReference-SequenceTransformStatus = OK
Seq_Frame0088_Timestamp = 11.678
Seq_Frame0089_ForcepToReference-SequenceTransform =0.319469 -0.927504 0.194104 -52.7016 0.933752 0.343013 0.102221 210.813 -0.161391 0.148589 0.975641 -12.0872 0 0 0 1 
Seq_Frame0089_ForcepToReference-SequenceTransformStatus = OK
Seq_Frame0089_Timestamp = 11.783
Seq_Frame0090_ForcepToReference-SequenceTransform =0.320097 -0.926543 0.197627 -53.1193 0.934189 0.34339 0.0968231 210.7 -0.157574 0.153629 0.975484 -13.1958 0 0 0 1 
Seq_Frame0090_ForcepToReference-SequenceTransformStatus = OK
Seq_Frame0090_Timestamp = 11.885
Seq_Frame0091_ForcepToReference-SequenceTransform =0.320631 -0.924547 0.205933 -53.2274 0.937351 0.340984 0.0714401 213.636 -0.13627 0.170125 0.975955 -12.0595 0 0 0 1 
Seq_Frame0091_ForcepToReference-SequenceTransformStatus = OK
Seq_Frame0091_Timestamp = 11.993
Seq_Frame0092_ForcepToReference-SequenceTransform =0.311575 -0.940647 0.134552 -52.9514 0.945766 0.320686 0.0518408 221.086 -0.091913 0.111103 0.989549 -4.69548 0 0 0 1 
Seq_Frame0092_ForcepToReference-SequenceTransformStatus = OK
Seq_Frame0092_Timestamp = 12.098
Seq_Frame0093_ForcepToReference-SequenceTransform =0.280919 -0.897281 0.340546 -62.7594 0.953694 0.221249 -0.203757 251.64 0.107482 0.382015 0.917884 25.8327 0 0 0 1 
Seq_Frame0093_ForcepToReference-SequenceTransformStatus = OK
Seq_Frame0093_Timestamp = 12.498
Seq_Frame0094_ForcepToReference-SequenceTransform =0.26232 -0.898464 0.352065 -66.8689 0.950417 0.177405 -0.255412 254.135 0.16702 0.401608 0.900453 33.3305 0 0 0 1 
Seq_Frame0094_ForcepToReference-SequenceTransformStatus = OK
Seq_Frame0094_Timestamp = 12.602
Seq_Frame0095_ForcepToReference-SequenceTransform =0.23591 -0.899957 0.366638 -70.0472 0.949149 0.132448 -0.285612 254.079 0.208478 0.415373 0.885439 42.2289 0 0 0 1 
Seq_Frame0095_ForcepToReference-SequenceTransformStatus = OK
Seq_Frame0095_Timestamp = 12.702
Seq_Frame0096_ForcepToReference-SequenceTransform =0.223327 -0.901838 0.369883 -72.8043 0.938639 0.0966498 -0.331082 254.692 0.262833 0.421126 0.868085 50.3164 0 0 0 1 
Seq_Frame0096_ForcepToReference-SequenceTransformStatus = OK
Seq_Frame0096_Timestamp = 12.803
Seq_Frame0097_ForcepToReference-SequenceTransform =0.244799 -0.89962 0.361604 -71.2936 0.924678 0.104445 -0.366145 253.722 0.291624 0.423999 0.857427 53.3544 0 0 0 1 
Seq_Frame0097_ForcepToReference-SequenceTransformStatus = OK
Seq_Frame0097_Timestamp = 12.908
Seq_Frame0098_ForcepToReference-SequenceTransform =0.233579 -0.905659 0.353868 -72.2707 0.926943 0.097503 -0.362311 253.433 0.293627 0.412644 0.862269 53.5581 0 0 0 1 
Seq_Frame0098_ForcepToReference-SequenceTransformStatus = OK
Seq_Frame0098_Timestamp = 13.008
Seq_Frame0099_ForcepToReference-SequenceTransform =0.22975 -0.901839 0.365926 -72.7653 0.933376 0.0976522 -0.345361 254.111 0.275726 0.420893 0.86419 54.5678 0 0 0 1 
Seq_Frame0099_ForcepToReference-SequenceTransformStatus = OK
Seq_Frame0099_Timestamp = 13.118
Seq_Frame0100_ForcepToReference-SequenceTransform =0.226607 -0.90668 0.355783 -73.229 0.928119 0.0902379 -0.361181 254.396 0.29537 0.412055 0.861956 56.2033 0 0 0 1 
Seq_Frame0100_ForcepToReference-SequenceTransformStatus = OK
Seq_Frame0100_Timestamp = 13.219
Seq_Frame0101_ForcepToReference-SequenceTransform =0.222097 -0.909607 0.351124 -73.5165 0.929506 0.0887757 -0.357963 253.993 0.294435 0.405875 0.865202 57.6688 0 0 0 1 
Seq_Frame0101_ForcepToReference-SequenceTransformStatus = OK
Seq_Frame0101_Timestamp = 13.326
Seq_Frame0102_ForcepToReference-SequenceTransform =0.23264 -0.90561 0.354612 -73.8679 0.922696 0.0902626 -0.374813 253.592 0.307426 0.414396 0.856601 58.1261 0 0 0 1 
Seq_Frame0102_ForcepToReference-SequenceTransformStatus = OK
Seq_Frame0102_Timestamp = 13.426
Seq_Frame0103_ForcepToReference-SequenceTransform =0.239707 -0.905572 0.349971 -74.1987 0.917156 0.0930105 -0.387522 253.328 0.318378 0.41387 0.852846 59.1421 0 0 0 1 
Seq_Frame0103_ForcepToReference-SequenceTransformStatus = OK
Seq_Frame0103_Timestamp = 13.527
Seq_Frame0104_ForcepToReference-SequenceTransform =0.23795 -0.906327 0.349214 -74.6729 0.92177 0.0973962 -0.375306 252.43 0.306138 0.411199 0.858601 59.5715 0 0 0 1 
Seq_Frame0104_ForcepToReference-SequenceTransformStatus = OK
Seq_Frame0104_Timestamp = 13.627
Seq_Frame0105_ForcepToReference-SequenceTransform =0.230582 -0.910216 0.344003 -75.3552 0.925364 0.0958017 -0.366776 251.565 0.300889 0.4029 0.864371 60.2051 0 0 0 1 
Seq_Frame0105_ForcepToReference-SequenceTransformStatus = OK
Seq_Frame0105_Timestamp = 13.732
Seq_Frame0106_ForcepToReference-SequenceTransform =0.239167 -0.907373 0.345649 -76.4537 0.91375 0.0899207 -0.396202 251.825 0.328422 0.410595 0.850618 61.04 0 0 0 1 
Seq_Frame0106_ForcepToReference-SequenceTransformStatus = OK
Seq_Frame0106_Timestamp = 13.833
Seq_Frame0107_ForcepToReference-SequenceTransform =0.231517 -0.910229 0.343342 -77.151 0.912039 0.0802782 -0.402169 252.207 0.338503 0.40625 0.84875 63.7601 0 0 0 1 
Seq_Frame0107_ForcepToReference-SequenceTransformStatus = OK
Seq_Frame0107_Timestamp = 13.933
Seq_Frame0108_ForcepToReference-SequenceTransform =0.217123 -0.914099 0.342462 -77.9469 0.918229 0.0722135 -0.38941 252.674 0.331229 0.399009 0.855032 65.2947 0 0 0 1 
Seq_Frame0108_ForcepToReference-SequenceTransformStatus = OK
Seq_Frame0108_Timestamp = 14.038
Seq_Frame0109_ForcepToReference-SequenceTransform =0.213688 -0.917967 0.334177 -78.968 0.906373 0.0586806 -0.418384 253.693 0.364453 0.392293 0.844559 69.5025 0 0 0 1 
Seq_Frame0109_ForcepToReference-SequenceTransformStatus = OK
Seq_Frame0109_Timestamp = 14.151
Seq_Frame0110_ForcepToReference-SequenceTransform =0.20457 -0.914977 0.347805 -82.0581 0.906643 0.0431735 -0.419685 256.647 0.368986 0.40119 0.838389 69.4905 0 0 0 1 
Seq_Frame0110_ForcepToReference-SequenceTransformStatus = OK
Seq_Frame0110_Timestamp = 14.253
Seq_Frame0111_ForcepToReference-SequenceTransform =0.20644 -0.9064 0.368539 -84.5283 0.907314 0.0363329 -0.41888 259.33 0.366283 0.420855 0.82989 69.6843 0 0 0 1 
Seq_Frame0111_ForcepToReference-SequenceTransformStatus = OK
Seq_Frame0111_Timestamp = 14.357
Seq_Frame0112_ForcepToReference-SequenceTransform =0.199731 -0.904646 0.376462 -85.6925 0.91417 0.0337445 -0.403923 259.608 0.352704 0.424826 0.83374 69.806 0 0 0 1 
Seq_Frame0112_ForcepToReference-SequenceTransformStatus = OK
Seq_Frame0112_Timestamp = 14.458
Seq_Frame0113_ForcepToReference-SequenceTransform =0.19313 -0.906358 0.375786 -87.8089 0.910585 0.022927 -0.412686 259.329 0.365425 0.421887 0.829744 70.4942 0 0 0 1 
Seq_Frame0113_ForcepToReference-SequenceTransformStatus = OK
Seq_Frame0113_Timestamp = 14.558
Seq_Frame0114_ForcepToReference-SequenceTransform =0.178874 -0.90104 0.395133 -89.7845 0.917895 0.00823799 -0.396738 259.242 0.354222 0.433657 0.828534 71.2443 0 0 0 1 
Seq_Frame0114_ForcepToReference-SequenceTransformStatus = OK
Seq_Frame0114_Timestamp = 14.659
Seq_Frame0115_ForcepToReference-SequenceTransform =0.162265 -0.910467 0.38042 -90.9419 0.911009 -0.00989572 -0.412267 259.061 0.37912 0.413463 0.827838 71.7051 0 0 0 1 
Seq_Frame0115_ForcepToReference-SequenceTransformStatus = OK
Seq_Frame0115_Timestamp = 14.76
Seq_Frame0116_ForcepToReference-SequenceTransform =0.143067 -0.905751 0.398933 -93.3683 0.92249 -0.0239812 -0.385275 259.198 0.35853 0.423132 0.832115 70.61 0 0 0 1 
Seq_Frame0116_ForcepToReference-SequenceTransformStatus = OK
Seq_Frame0116_Timestamp = 14.868
Seq_Frame0117_ForcepToReference-SequenceTransform =0.0857162 -0.912253 0.400558 -96.9278 0.9386 -0.0609166 -0.339588 261.008 0.334191 0.405072 0.851019 71.1022 0 0 0 1 
Seq_Frame0117_ForcepToReference-SequenceTransformStatus = OK
Seq_Frame0117_Timestamp = 14.977
Seq_Frame0118_ForcepToReference-SequenceTransform =0.0437696 -0.90136 0.430854 -102.048 0.95503 -0.0888453 -0.282887 264.803 0.293262 0.42386 0.856936 68.9942 0 0 0 1 
Seq_Frame0118_ForcepToReference-SequenceTransformStatus = OK
Seq_Frame0118_Timestamp = 15.088
Seq_Frame0119_ForcepToReference-SequenceTransform =0.00905492 -0.896562 0.442826 -105.717 0.964089 -0.109719 -0.241856 270.657 0.265425 0.429113 0.863372 66.1944 0 0 0 1 
Seq_Frame0119_ForcepToReference-SequenceTransformStatus = OK
Seq_Frame0119_Timestamp = 15.193
Seq_Frame0120_ForcepToReference-SequenceTransform =-0.00998608 -0.899549 0.436706 -103.413 0.980893 -0.0936695 -0.170515 274.038 0.194293 0.426659 0.883296 59.078 0 0 0 1 
Seq_Frame0120_ForcepToReference-SequenceTransformStatus = OK
Seq_Frame0120_Timestamp = 15.302
Seq_Frame0121_ForcepToReference-SequenceTransform =-0.00455118 -0.927791 0.373073 -94.325 0.99879 -0.0224898 -0.0437453 270.887 0.0489769 0.372422 0.92677 44.3943 0 0 0 1 
Seq_Frame0121_ForcepToReference-SequenceTransformStatus = OK
Seq_Frame0121_Timestamp = 15.408
Seq_Frame0122_ForcepToReference-SequenceTransform =-0.0137511 -0.970496 0.240725 -80.1084 0.974597 0.0408136 0.220215 258.785 -0.223543 0.237638 0.945281 22.4912 0 0 0 1 
Seq_Frame0122_ForcepToReference-SequenceTransformStatus = OK
Seq_Frame0122_Timestamp = 15.508
Seq_Frame0123_ForcepToReference-SequenceTransform =0.0360651 -0.983954 0.17474 -56.0121 0.940157 0.0926901 0.327891 249.986 -0.338827 0.152458 0.928414 13.9183 0 0 0 1 
Seq_Frame0123_ForcepToReference-SequenceTransformStatus = OK
Seq_Frame0123_Timestamp = 15.613
Seq_Frame0124_ForcepToReference-SequenceTransform =0.0610982 -0.990174 0.125786 -16.8014 0.91504 0.105905 0.389213 245.452 -0.39871 0.0913187 0.912519 6.85005 0 0 0 1 
Seq_Frame0124_ForcepToReference-SequenceTransformStatus = OK
Seq_Frame0124_Timestamp = 15.767
Seq_Frame0125_ForcepToReference-SequenceTransform =0.107475 -0.993965 0.0219642 4.72707 0.884926 0.105707 0.453578 239.923 -0.453162 -0.0293114 0.890946 8.91326 0 0 0 1 
Seq_Frame0125_ForcepToReference-SequenceTransformStatus = OK
Seq_Frame0125_Timestamp = 15.868
Seq_Frame0126_ForcepToReference-SequenceTransform =0.129703 -0.991346 -0.0202423 25.689 0.840489 0.0990886 0.53269 230.125 -0.526075 -0.086105 0.846068 20.069 0 0 0 1 
Seq_Frame0126_ForcepToReference-SequenceTransformStatus = OK
Seq_Frame0126_Timestamp = 15.973
Seq_Frame0127_ForcepToReference-SequenceTransform =0.169659 -0.981235 -0.0916145 37.0045 0.837482 0.0945512 0.538224 225.015 -0.519462 -0.16804 0.837808 42.1728 0 0 0 1 
Seq_Frame0127_ForcepToReference-SequenceTransformStatus = OK
Seq_Frame0127_Timestamp = 16.085
Seq_Frame0128_ForcepToReference-SequenceTransform =0.209613 -0.972067 -0.105583 42.6944 0.839665 0.12362 0.528848 218.861 -0.501024 -0.199508 0.842123 59.3707 0 0 0 1 
Seq_Frame0128_ForcepToReference-SequenceTransformStatus = OK
Seq_Frame0128_Timestamp = 16.194
Seq_Frame0129_ForcepToReference-SequenceTransform =0.25767 -0.959176 -0.116568 52.3377 0.780539 0.135519 0.610241 204.238 -0.569531 -0.248227 0.783593 63.543 0 0 0 1 
Seq_Frame0129_ForcepToReference-SequenceTransformStatus = OK
Seq_Frame0129_Timestamp = 16.294
Seq_Frame0130_ForcepToReference-SequenceTransform =0.269728 -0.953323 -0.135729 59.3783 0.785131 0.13612 0.604187 198.026 -0.557509 -0.269531 0.785198 64.7466 0 0 0 1 
Seq_Frame0130_ForcepToReference-SequenceTransformStatus = OK
Seq_Frame0130_Timestamp = 16.402
Seq_Frame0131_ForcepToReference-SequenceTransform =0.285919 -0.945173 -0.157791 64.9562 0.797654 0.143498 0.585796 192.343 -0.531036 -0.293352 0.79495 67.1533 0 0 0 1 
Seq_Frame0131_ForcepToReference-SequenceTransformStatus = OK
Seq_Frame0131_Timestamp = 16.51
Seq_Frame0132_ForcepToReference-SequenceTransform =0.363462 -0.871653 -0.328811 79.8348 0.755827 0.0695656 0.651065 181.368 -0.544629 -0.485162 0.684104 60.3458 0 0 0 1 
Seq_Frame0132_ForcepToReference-SequenceTransformStatus = OK
Seq_Frame0132_Timestamp = 16.797
Seq_Frame0133_ForcepToReference-SequenceTransform =-0.535765 0.774277 0.336825 104.172 -0.38463 0.131322 -0.913682 169.116 -0.751675 -0.619072 0.227453 54.2471 0 0 0 1 
Seq_Frame0133_ForcepToReference-SequenceTransformStatus = OK
Seq_Frame0133_Timestamp = 17.142
Seq_Frame0134_ForcepToReference-SequenceTransform =-0.476349 0.827407 0.297472 106.569 -0.353565 0.12951 -0.926401 166.448 -0.805036 -0.546466 0.23085 59.5306 0 0 0 1 
Seq_Frame0134_ForcepToReference-SequenceTransformStatus = OK
Seq_Frame0134_Timestamp = 17.243
Seq_Frame0135_ForcepToReference-SequenceTransform =-0.44999 0.836134 0.313669 106.952 -0.343489 0.162166 -0.92505 166.583 -0.824332 -0.524006 0.21423 61.3532 0 0 0 1 
Seq_Frame0135_ForcepToReference-SequenceTransformStatus = OK
Seq_Frame0135_Timestamp = 17.353
Seq_Frame0136_ForcepToReference-SequenceTransform =-0.455657 0.839125 0.297064 108.566 -0.327475 0.152298 -0.932505 166.316 -0.82773 -0.522183 0.205396 64.3223 0 0 0 1 
Seq_Frame0136_ForcepToReference-SequenceTransformStatus = OK
Seq_Frame0136_Timestamp = 17.458
Seq_Frame0137_ForcepToReference-SequenceTransform =-0.438086 0.856288 0.27359 110.021 -0.296271 0.149809 -0.943282 166.894 -0.848707 -0.494295 0.188064 68.1892 0 0 0 1 
Seq_Frame0137_ForcepToReference-SequenceTransformStatus = OK
Seq_Frame0137_Timestamp = 17.558
Seq_Frame0138_ForcepToReference-SequenceTransform =0.553814 -0.769006 -0.319249 115.5 0.648462 0.157842 0.744704 164.256 -0.522291 -0.619448 0.586086 69.8542 0 0 0 1 
Seq_Frame0138_ForcepToReference-SequenceTransformStatus = OK
Seq_Frame0138_Timestamp = 20.988
Seq_Frame0139_ForcepToReference-SequenceTransform =0.532378 -0.795118 -0.29045 115.578 0.645801 0.159667 0.746624 164.27 -0.547279 -0.585059 0.598491 71.0792 0 0 0 1 
Seq_Frame0139_ForcepToReference-SequenceTransformStatus = OK
Seq_Frame0139_Timestamp = 21.092
Seq_Frame0140_ForcepToReference-SequenceTransform =0.531909 -0.795658 -0.28983 115.457 0.645437 0.159378 0.747 164.264 -0.548164 -0.584403 0.598322 71.2124 0 0 0 1 
Seq_Frame0140_ForcepToReference-SequenceTransformStatus = OK
Seq_Frame0140_Timestamp = 21.193
Seq_Frame0141_ForcepToReference-SequenceTransform =0.551269 -0.766619 -0.329237 114.781 0.653809 0.151794 0.741278 164.603 -0.518302 -0.623902 0.584902 69.7521 0 0 0 1 
Seq_Frame0141_ForcepToReference-SequenceTransformStatus = OK
Seq_Frame0141_Timestamp = 21.303
Seq_Frame0142_ForcepToReference-SequenceTransform =0.540102 -0.768777 -0.342449 113.197 0.674305 0.151817 0.722678 165.845 -0.503589 -0.621235 0.600388 69.9728 0 0 0 1 
Seq_Frame0142_ForcepToReference-SequenceTransformStatus = OK
Seq_Frame0142_Timestamp = 21.403
Seq_Frame0143_ForcepToReference-SequenceTransform =0.521808 -0.811346 -0.263502 110.494 0.6491 0.177203 0.739776 167.469 -0.553521 -0.55706 0.619111 69.454 0 0 0 1 
Seq_Frame0143_ForcepToReference-SequenceTransformStatus = OK
Seq_Frame0143_Timestamp = 21.508
Seq_Frame0144_ForcepToReference-SequenceTransform =0.526116 -0.812065 -0.252492 108.631 0.670343 0.213313 0.71073 171.803 -0.5233 -0.543182 0.65659 67.5207 0 0 0 1 
Seq_Frame0144_ForcepToReference-SequenceTransformStatus = OK
Seq_Frame0144_Timestamp = 21.618
Seq_Frame0145_ForcepToReference-SequenceTransform =0.552514 -0.796135 -0.246772 110.635 0.672943 0.251389 0.695666 175.683 -0.491808 -0.550429 0.67465 69.1618 0 0 0 1 
Seq_Frame0145_ForcepToReference-SequenceTransformStatus = OK
Seq_Frame0145_Timestamp = 21.726
Seq_Frame0146_ForcepToReference-SequenceTransform =0.581571 -0.773027 -0.253385 113.511 0.666932 0.274722 0.692625 176.519 -0.465807 -0.571801 0.675327 67.9404 0 0 0 1 
Seq_Frame0146_ForcepToReference-SequenceTransformStatus = OK
Seq_Frame0146_Timestamp = 21.827
Seq_Frame0147_ForcepToReference-SequenceTransform =0.591837 -0.74898 -0.297923 117.337 0.701185 0.296076 0.648597 183.254 -0.397578 -0.592763 0.700402 70.6437 0 0 0 1 
Seq_Frame0147_ForcepToReference-SequenceTransformStatus = OK
Seq_Frame0147_Timestamp = 21.933
Seq_Frame0148_ForcepToReference-SequenceTransform =0.609545 -0.734357 -0.298622 121.328 0.707629 0.334205 0.622549 189.199 -0.357373 -0.590786 0.723365 73.5837 0 0 0 1 
Seq_Frame0148_ForcepToReference-SequenceTransformStatus = OK
Seq_Frame0148_Timestamp = 22.043
Seq_Frame0149_ForcepToReference-SequenceTransform =0.667854 -0.705995 -0.235676 125.618 0.661907 0.418566 0.621837 190.725 -0.340368 -0.571292 0.746843 79.6237 0 0 0 1 
Seq_Frame0149_ForcepToReference-SequenceTransformStatus = OK
Seq_Frame0149_Timestamp = 22.143
Seq_Frame0150_ForcepToReference-SequenceTransform =0.671854 -0.706531 -0.22232 128.203 0.680634 0.470527 0.561552 200.641 -0.292147 -0.5286 0.797015 83.7773 0 0 0 1 
