ObjectType = Image
NDims = 3
AnatomicalOrientation = RAI
BinaryData = True
CompressedData = False
DimSize = 0 0 3593
ElementSpacing = 1 1 1
Offset = 0 0 0
TransformMatrix = 1 0 0 0 1 0 0 0 1
ElementType = MET_UCHAR
Kinds = domain domain list
Seq_Frame0000_DriverTipToDriver-SequenceTransform =0.967846 3.03577e-17 -0.251544 12.993 -0.25151 -0.0162913 -0.967718 -77.3729 -0.00409798 0.999867 -0.0157675 -11.5659 0 0 0 1 
Seq_Frame0000_DriverTipToDriver-SequenceTransformStatus = OK
Seq_Frame0000_Timestamp = 0.016
Seq_Frame0001_DriverTipToDriver-SequenceTransform =0.967846 3.03577e-17 -0.251544 12.993 -0.25151 -0.0162913 -0.967718 -77.3729 -0.00409798 0.999867 -0.0157675 -11.5659 0 0 0 1 
Seq_Frame0001_DriverTipToDriver-SequenceTransformStatus = OK
Seq_Frame0001_Timestamp = 0.127
Seq_Frame0002_DriverTipToDriver-SequenceTransform =0.967846 3.03577e-17 -0.251544 12.993 -0.25151 -0.0162913 -0.967718 -77.3729 -0.00409798 0.999867 -0.0157675 -11.5659 0 0 0 1 
Seq_Frame0002_DriverTipToDriver-SequenceTransformStatus = OK
Seq_Frame0002_Timestamp = 0.232
Seq_Frame0003_DriverTipToDriver-SequenceTransform =0.967846 3.03577e-17 -0.251544 12.993 -0.25151 -0.0162913 -0.967718 -77.3729 -0.00409798 0.999867 -0.0157675 -11.5659 0 0 0 1 
Seq_Frame0003_DriverTipToDriver-SequenceTransformStatus = OK
Seq_Frame0003_Timestamp = 0.337
Seq_Frame0004_DriverTipToDriver-SequenceTransform =0.967846 3.03577e-17 -0.251544 12.993 -0.25151 -0.0162913 -0.967718 -77.3729 -0.00409798 0.999867 -0.0157675 -11.5659 0 0 0 1 
Seq_Frame0004_DriverTipToDriver-SequenceTransformStatus = OK
Seq_Frame0004_Timestamp = 0.444
Seq_Frame0005_DriverTipToDriver-SequenceTransform =0.967846 3.03577e-17 -0.251544 12.993 -0.25151 -0.0162913 -0.967718 -77.3729 -0.00409798 0.999867 -0.0157675 -11.5659 0 0 0 1 
Seq_Frame0005_DriverTipToDriver-SequenceTransformStatus = OK
Seq_Frame0005_Timestamp = 0.552
Seq_Frame0006_DriverTipToDriver-SequenceTransform =0.967846 3.03577e-17 -0.251544 12.993 -0.25151 -0.0162913 -0.967718 -77.3729 -0.00409798 0.999867 -0.0157675 -11.5659 0 0 0 1 
Seq_Frame0006_DriverTipToDriver-SequenceTransformStatus = OK
Seq_Frame0006_Timestamp = 0.657
Seq_Frame0007_DriverTipToDriver-SequenceTransform =0.967846 3.03577e-17 -0.251544 12.993 -0.25151 -0.0162913 -0.967718 -77.3729 -0.00409798 0.999867 -0.0157675 -11.5659 0 0 0 1 
Seq_Frame0007_DriverTipToDriver-SequenceTransformStatus = OK
Seq_Frame0007_Timestamp = 0.766
Seq_Frame0008_DriverTipToDriver-SequenceTransform =0.967846 3.03577e-17 -0.251544 12.993 -0.25151 -0.0162913 -0.967718 -77.3729 -0.00409798 0.999867 -0.0157675 -11.5659 0 0 0 1 
Seq_Frame0008_DriverTipToDriver-SequenceTransformStatus = OK
Seq_Frame0008_Timestamp = 0.871
Seq_Frame0009_DriverTipToDriver-SequenceTransform =0.967846 3.03577e-17 -0.251544 12.993 -0.25151 -0.0162913 -0.967718 -77.3729 -0.00409798 0.999867 -0.0157675 -11.5659 0 0 0 1 
Seq_Frame0009_DriverTipToDriver-SequenceTransformStatus = OK
Seq_Frame0009_Timestamp = 0.982
Seq_Frame0010_DriverTipToDriver-SequenceTransform =0.967846 3.03577e-17 -0.251544 12.993 -0.25151 -0.0162913 -0.967718 -77.3729 -0.00409798 0.999867 -0.0157675 -11.5659 0 0 0 1 
Seq_Frame0010_DriverTipToDriver-SequenceTransformStatus = OK
Seq_Frame0010_Timestamp = 1.09
Seq_Frame0011_DriverTipToDriver-SequenceTransform =0.967846 3.03577e-17 -0.251544 12.993 -0.25151 -0.0162913 -0.967718 -77.3729 -0.00409798 0.999867 -0.0157675 -11.5659 0 0 0 1 
Seq_Frame0011_DriverTipToDriver-SequenceTransformStatus = OK
Seq_Frame0011_Timestamp = 1.202
Seq_Frame0012_DriverTipToDriver-SequenceTransform =0.967846 3.03577e-17 -0.251544 12.993 -0.25151 -0.0162913 -0.967718 -77.3729 -0.00409798 0.999867 -0.0157675 -11.5659 0 0 0 1 
Seq_Frame0012_DriverTipToDriver-SequenceTransformStatus = OK
Seq_Frame0012_Timestamp = 1.311
Seq_Frame0013_DriverTipToDriver-SequenceTransform =0.967846 3.03577e-17 -0.251544 12.993 -0.25151 -0.0162913 -0.967718 -77.3729 -0.00409798 0.999867 -0.0157675 -11.5659 0 0 0 1 
Seq_Frame0013_DriverTipToDriver-SequenceTransformStatus = OK
Seq_Frame0013_Timestamp = 1.422
Seq_Frame0014_DriverTipToDriver-SequenceTransform =0.967846 3.03577e-17 -0.251544 12.993 -0.25151 -0.0162913 -0.967718 -77.3729 -0.00409798 0.999867 -0.0157675 -11.5659 0 0 0 1 
Seq_Frame0014_DriverTipToDriver-SequenceTransformStatus = OK
Seq_Frame0014_Timestamp = 1.532
Seq_Frame0015_DriverTipToDriver-SequenceTransform =0.967846 3.03577e-17 -0.251544 12.993 -0.25151 -0.0162913 -0.967718 -77.3729 -0.00409798 0.999867 -0.0157675 -11.5659 0 0 0 1 
Seq_Frame0015_DriverTipToDriver-SequenceTransformStatus = OK
Seq_Frame0015_Timestamp = 1.637
Seq_Frame0016_DriverTipToDriver-SequenceTransform =0.967846 3.03577e-17 -0.251544 12.993 -0.25151 -0.0162913 -0.967718 -77.3729 -0.00409798 0.999867 -0.0157675 -11.5659 0 0 0 1 
Seq_Frame0016_DriverTipToDriver-SequenceTransformStatus = OK
Seq_Frame0016_Timestamp = 1.741
Seq_Frame0017_DriverTipToDriver-SequenceTransform =0.967846 3.03577e-17 -0.251544 12.993 -0.25151 -0.0162913 -0.967718 -77.3729 -0.00409798 0.999867 -0.0157675 -11.5659 0 0 0 1 
Seq_Frame0017_DriverTipToDriver-SequenceTransformStatus = OK
Seq_Frame0017_Timestamp = 1.847
Seq_Frame0018_DriverTipToDriver-SequenceTransform =0.967846 3.03577e-17 -0.251544 12.993 -0.25151 -0.0162913 -0.967718 -77.3729 -0.00409798 0.999867 -0.0157675 -11.5659 0 0 0 1 
Seq_Frame0018_DriverTipToDriver-SequenceTransformStatus = OK
Seq_Frame0018_Timestamp = 1.952
Seq_Frame0019_DriverTipToDriver-SequenceTransform =0.967846 3.03577e-17 -0.251544 12.993 -0.25151 -0.0162913 -0.967718 -77.3729 -0.00409798 0.999867 -0.0157675 -11.5659 0 0 0 1 
Seq_Frame0019_DriverTipToDriver-SequenceTransformStatus = OK
Seq_Frame0019_Timestamp = 2.057
Seq_Frame0020_DriverTipToDriver-SequenceTransform =0.967846 3.03577e-17 -0.251544 12.993 -0.25151 -0.0162913 -0.967718 -77.3729 -0.00409798 0.999867 -0.0157675 -11.5659 0 0 0 1 
Seq_Frame0020_DriverTipToDriver-SequenceTransformStatus = OK
Seq_Frame0020_Timestamp = 2.173
Seq_Frame0021_DriverTipToDriver-SequenceTransform =0.967846 3.03577e-17 -0.251544 12.993 -0.25151 -0.0162913 -0.967718 -77.3729 -0.00409798 0.999867 -0.0157675 -11.5659 0 0 0 1 
Seq_Frame0021_DriverTipToDriver-SequenceTransformStatus = OK
Seq_Frame0021_Timestamp = 2.286
Seq_Frame0022_DriverTipToDriver-SequenceTransform =0.967846 3.03577e-17 -0.251544 12.993 -0.25151 -0.0162913 -0.967718 -77.3729 -0.00409798 0.999867 -0.0157675 -11.5659 0 0 0 1 
Seq_Frame0022_DriverTipToDriver-SequenceTransformStatus = OK
Seq_Frame0022_Timestamp = 2.407
Seq_Frame0023_DriverTipToDriver-SequenceTransform =0.967846 3.03577e-17 -0.251544 12.993 -0.25151 -0.0162913 -0.967718 -77.3729 -0.00409798 0.999867 -0.0157675 -11.5659 0 0 0 1 
Seq_Frame0023_DriverTipToDriver-SequenceTransformStatus = OK
Seq_Frame0023_Timestamp = 2.516
Seq_Frame0024_DriverTipToDriver-SequenceTransform =0.967846 3.03577e-17 -0.251544 12.993 -0.25151 -0.0162913 -0.967718 -77.3729 -0.00409798 0.999867 -0.0157675 -11.5659 0 0 0 1 
Seq_Frame0024_DriverTipToDriver-SequenceTransformStatus = OK
Seq_Frame0024_Timestamp = 2.627
Seq_Frame0025_DriverTipToDriver-SequenceTransform =0.967846 3.03577e-17 -0.251544 12.993 -0.25151 -0.0162913 -0.967718 -77.3729 -0.00409798 0.999867 -0.0157675 -11.5659 0 0 0 1 
Seq_Frame0025_DriverTipToDriver-SequenceTransformStatus = OK
Seq_Frame0025_Timestamp = 2.748
Seq_Frame0026_DriverTipToDriver-SequenceTransform =0.967846 3.03577e-17 -0.251544 12.993 -0.25151 -0.0162913 -0.967718 -77.3729 -0.00409798 0.999867 -0.0157675 -11.5659 0 0 0 1 
Seq_Frame0026_DriverTipToDriver-SequenceTransformStatus = OK
Seq_Frame0026_Timestamp = 2.862
Seq_Frame0027_DriverTipToDriver-SequenceTransform =0.967846 3.03577e-17 -0.251544 12.993 -0.25151 -0.0162913 -0.967718 -77.3729 -0.00409798 0.999867 -0.0157675 -11.5659 0 0 0 1 
Seq_Frame0027_DriverTipToDriver-SequenceTransformStatus = OK
Seq_Frame0027_Timestamp = 2.967
Seq_Frame0028_DriverTipToDriver-SequenceTransform =0.967846 3.03577e-17 -0.251544 12.993 -0.25151 -0.0162913 -0.967718 -77.3729 -0.00409798 0.999867 -0.0157675 -11.5659 0 0 0 1 
Seq_Frame0028_DriverTipToDriver-SequenceTransformStatus = OK
Seq_Frame0028_Timestamp = 3.071
Seq_Frame0029_DriverTipToDriver-SequenceTransform =0.967846 3.03577e-17 -0.251544 12.993 -0.25151 -0.0162913 -0.967718 -77.3729 -0.00409798 0.999867 -0.0157675 -11.5659 0 0 0 1 
Seq_Frame0029_DriverTipToDriver-SequenceTransformStatus = OK
Seq_Frame0029_Timestamp = 3.177
Seq_Frame0030_DriverTipToDriver-SequenceTransform =0.967846 3.03577e-17 -0.251544 12.993 -0.25151 -0.0162913 -0.967718 -77.3729 -0.00409798 0.999867 -0.0157675 -11.5659 0 0 0 1 
Seq_Frame0030_DriverTipToDriver-SequenceTransformStatus = OK
Seq_Frame0030_Timestamp = 3.286
Seq_Frame0031_DriverTipToDriver-SequenceTransform =0.967846 3.03577e-17 -0.251544 12.993 -0.25151 -0.0162913 -0.967718 -77.3729 -0.00409798 0.999867 -0.0157675 -11.5659 0 0 0 1 
Seq_Frame0031_DriverTipToDriver-SequenceTransformStatus = OK
Seq_Frame0031_Timestamp = 3.393
Seq_Frame0032_DriverTipToDriver-SequenceTransform =0.967846 3.03577e-17 -0.251544 12.993 -0.25151 -0.0162913 -0.967718 -77.3729 -0.00409798 0.999867 -0.0157675 -11.5659 0 0 0 1 
Seq_Frame0032_DriverTipToDriver-SequenceTransformStatus = OK
Seq_Frame0032_Timestamp = 3.502
Seq_Frame0033_DriverTipToDriver-SequenceTransform =0.967846 3.03577e-17 -0.251544 12.993 -0.25151 -0.0162913 -0.967718 -77.3729 -0.00409798 0.999867 -0.0157675 -11.5659 0 0 0 1 
Seq_Frame0033_DriverTipToDriver-SequenceTransformStatus = OK
Seq_Frame0033_Timestamp = 3.607
Seq_Frame0034_DriverTipToDriver-SequenceTransform =0.967846 3.03577e-17 -0.251544 12.993 -0.25151 -0.0162913 -0.967718 -77.3729 -0.00409798 0.999867 -0.0157675 -11.5659 0 0 0 1 
Seq_Frame0034_DriverTipToDriver-SequenceTransformStatus = OK
Seq_Frame0034_Timestamp = 3.712
Seq_Frame0035_DriverTipToDriver-SequenceTransform =0.967846 3.03577e-17 -0.251544 12.993 -0.25151 -0.0162913 -0.967718 -77.3729 -0.00409798 0.999867 -0.0157675 -11.5659 0 0 0 1 
Seq_Frame0035_DriverTipToDriver-SequenceTransformStatus = OK
Seq_Frame0035_Timestamp = 3.822
Seq_Frame0036_DriverTipToDriver-SequenceTransform =0.967846 3.03577e-17 -0.251544 12.993 -0.25151 -0.0162913 -0.967718 -77.3729 -0.00409798 0.999867 -0.0157675 -11.5659 0 0 0 1 
Seq_Frame0036_DriverTipToDriver-SequenceTransformStatus = OK
Seq_Frame0036_Timestamp = 3.924
Seq_Frame0037_DriverTipToDriver-SequenceTransform =0.967846 3.03577e-17 -0.251544 12.993 -0.25151 -0.0162913 -0.967718 -77.3729 -0.00409798 0.999867 -0.0157675 -11.5659 0 0 0 1 
Seq_Frame0037_DriverTipToDriver-SequenceTransformStatus = OK
Seq_Frame0037_Timestamp = 4.032
Seq_Frame0038_DriverTipToDriver-SequenceTransform =0.967846 3.03577e-17 -0.251544 12.993 -0.25151 -0.0162913 -0.967718 -77.3729 -0.00409798 0.999867 -0.0157675 -11.5659 0 0 0 1 
Seq_Frame0038_DriverTipToDriver-SequenceTransformStatus = OK
Seq_Frame0038_Timestamp = 4.137
Seq_Frame0039_DriverTipToDriver-SequenceTransform =0.967846 3.03577e-17 -0.251544 12.993 -0.25151 -0.0162913 -0.967718 -77.3729 -0.00409798 0.999867 -0.0157675 -11.5659 0 0 0 1 
Seq_Frame0039_DriverTipToDriver-SequenceTransformStatus = OK
Seq_Frame0039_Timestamp = 4.242
Seq_Frame0040_DriverTipToDriver-SequenceTransform =0.967846 3.03577e-17 -0.251544 12.993 -0.25151 -0.0162913 -0.967718 -77.3729 -0.00409798 0.999867 -0.0157675 -11.5659 0 0 0 1 
Seq_Frame0040_DriverTipToDriver-SequenceTransformStatus = OK
Seq_Frame0040_Timestamp = 4.347
Seq_Frame0041_DriverTipToDriver-SequenceTransform =0.967846 3.03577e-17 -0.251544 12.993 -0.25151 -0.0162913 -0.967718 -77.3729 -0.00409798 0.999867 -0.0157675 -11.5659 0 0 0 1 
Seq_Frame0041_DriverTipToDriver-SequenceTransformStatus = OK
Seq_Frame0041_Timestamp = 4.453
Seq_Frame0042_DriverTipToDriver-SequenceTransform =0.967846 3.03577e-17 -0.251544 12.993 -0.25151 -0.0162913 -0.967718 -77.3729 -0.00409798 0.999867 -0.0157675 -11.5659 0 0 0 1 
Seq_Frame0042_DriverTipToDriver-SequenceTransformStatus = OK
Seq_Frame0042_Timestamp = 4.557
Seq_Frame0043_DriverTipToDriver-SequenceTransform =0.967846 3.03577e-17 -0.251544 12.993 -0.25151 -0.0162913 -0.967718 -77.3729 -0.00409798 0.999867 -0.0157675 -11.5659 0 0 0 1 
Seq_Frame0043_DriverTipToDriver-SequenceTransformStatus = OK
Seq_Frame0043_Timestamp = 4.665
Seq_Frame0044_DriverTipToDriver-SequenceTransform =0.967846 3.03577e-17 -0.251544 12.993 -0.25151 -0.0162913 -0.967718 -77.3729 -0.00409798 0.999867 -0.0157675 -11.5659 0 0 0 1 
Seq_Frame0044_DriverTipToDriver-SequenceTransformStatus = OK
Seq_Frame0044_Timestamp = 4.771
Seq_Frame0045_DriverTipToDriver-SequenceTransform =0.967846 3.03577e-17 -0.251544 12.993 -0.25151 -0.0162913 -0.967718 -77.3729 -0.00409798 0.999867 -0.0157675 -11.5659 0 0 0 1 
Seq_Frame0045_DriverTipToDriver-SequenceTransformStatus = OK
Seq_Frame0045_Timestamp = 4.876
Seq_Frame0046_DriverTipToDriver-SequenceTransform =0.967846 3.03577e-17 -0.251544 12.993 -0.25151 -0.0162913 -0.967718 -77.3729 -0.00409798 0.999867 -0.0157675 -11.5659 0 0 0 1 
Seq_Frame0046_DriverTipToDriver-SequenceTransformStatus = OK
Seq_Frame0046_Timestamp = 4.982
Seq_Frame0047_DriverTipToDriver-SequenceTransform =0.967846 3.03577e-17 -0.251544 12.993 -0.25151 -0.0162913 -0.967718 -77.3729 -0.00409798 0.999867 -0.0157675 -11.5659 0 0 0 1 
Seq_Frame0047_DriverTipToDriver-SequenceTransformStatus = OK
Seq_Frame0047_Timestamp = 5.092
Seq_Frame0048_DriverTipToDriver-SequenceTransform =0.967846 3.03577e-17 -0.251544 12.993 -0.25151 -0.0162913 -0.967718 -77.3729 -0.00409798 0.999867 -0.0157675 -11.5659 0 0 0 1 
Seq_Frame0048_DriverTipToDriver-SequenceTransformStatus = OK
Seq_Frame0048_Timestamp = 5.197
Seq_Frame0049_DriverTipToDriver-SequenceTransform =0.967846 3.03577e-17 -0.251544 12.993 -0.25151 -0.0162913 -0.967718 -77.3729 -0.00409798 0.999867 -0.0157675 -11.5659 0 0 0 1 
Seq_Frame0049_DriverTipToDriver-SequenceTransformStatus = OK
Seq_Frame0049_Timestamp = 5.302
Seq_Frame0050_DriverTipToDriver-SequenceTransform =0.967846 3.03577e-17 -0.251544 12.993 -0.25151 -0.0162913 -0.967718 -77.3729 -0.00409798 0.999867 -0.0157675 -11.5659 0 0 0 1 
Seq_Frame0050_DriverTipToDriver-SequenceTransformStatus = OK
Seq_Frame0050_Timestamp = 5.407
Seq_Frame0051_DriverTipToDriver-SequenceTransform =0.967846 3.03577e-17 -0.251544 12.993 -0.25151 -0.0162913 -0.967718 -77.3729 -0.00409798 0.999867 -0.0157675 -11.5659 0 0 0 1 
Seq_Frame0051_DriverTipToDriver-SequenceTransformStatus = OK
Seq_Frame0051_Timestamp = 5.515
Seq_Frame0052_DriverTipToDriver-SequenceTransform =0.967846 3.03577e-17 -0.251544 12.993 -0.25151 -0.0162913 -0.967718 -77.3729 -0.00409798 0.999867 -0.0157675 -11.5659 0 0 0 1 
Seq_Frame0052_DriverTipToDriver-SequenceTransformStatus = OK
Seq_Frame0052_Timestamp = 5.622
Seq_Frame0053_DriverTipToDriver-SequenceTransform =0.967846 3.03577e-17 -0.251544 12.993 -0.25151 -0.0162913 -0.967718 -77.3729 -0.00409798 0.999867 -0.0157675 -11.5659 0 0 0 1 
Seq_Frame0053_DriverTipToDriver-SequenceTransformStatus = OK
Seq_Frame0053_Timestamp = 5.727
Seq_Frame0054_DriverTipToDriver-SequenceTransform =0.967846 3.03577e-17 -0.251544 12.993 -0.25151 -0.0162913 -0.967718 -77.3729 -0.00409798 0.999867 -0.0157675 -11.5659 0 0 0 1 
Seq_Frame0054_DriverTipToDriver-SequenceTransformStatus = OK
Seq_Frame0054_Timestamp = 5.832
Seq_Frame0055_DriverTipToDriver-SequenceTransform =0.967846 3.03577e-17 -0.251544 12.993 -0.25151 -0.0162913 -0.967718 -77.3729 -0.00409798 0.999867 -0.0157675 -11.5659 0 0 0 1 
Seq_Frame0055_DriverTipToDriver-SequenceTransformStatus = OK
Seq_Frame0055_Timestamp = 5.941
Seq_Frame0056_DriverTipToDriver-SequenceTransform =0.967846 3.03577e-17 -0.251544 12.993 -0.25151 -0.0162913 -0.967718 -77.3729 -0.00409798 0.999867 -0.0157675 -11.5659 0 0 0 1 
Seq_Frame0056_DriverTipToDriver-SequenceTransformStatus = OK
Seq_Frame0056_Timestamp = 6.047
Seq_Frame0057_DriverTipToDriver-SequenceTransform =0.967846 3.03577e-17 -0.251544 12.993 -0.25151 -0.0162913 -0.967718 -77.3729 -0.00409798 0.999867 -0.0157675 -11.5659 0 0 0 1 
Seq_Frame0057_DriverTipToDriver-SequenceTransformStatus = OK
Seq_Frame0057_Timestamp = 6.151
Seq_Frame0058_DriverTipToDriver-SequenceTransform =0.967846 3.03577e-17 -0.251544 12.993 -0.25151 -0.0162913 -0.967718 -77.3729 -0.00409798 0.999867 -0.0157675 -11.5659 0 0 0 1 
Seq_Frame0058_DriverTipToDriver-SequenceTransformStatus = OK
Seq_Frame0058_Timestamp = 6.262
Seq_Frame0059_DriverTipToDriver-SequenceTransform =0.967846 3.03577e-17 -0.251544 12.993 -0.25151 -0.0162913 -0.967718 -77.3729 -0.00409798 0.999867 -0.0157675 -11.5659 0 0 0 1 
Seq_Frame0059_DriverTipToDriver-SequenceTransformStatus = OK
Seq_Frame0059_Timestamp = 6.373
Seq_Frame0060_DriverTipToDriver-SequenceTransform =0.967846 3.03577e-17 -0.251544 12.993 -0.25151 -0.0162913 -0.967718 -77.3729 -0.00409798 0.999867 -0.0157675 -11.5659 0 0 0 1 
Seq_Frame0060_DriverTipToDriver-SequenceTransformStatus = OK
Seq_Frame0060_Timestamp = 6.487
Seq_Frame0061_DriverTipToDriver-SequenceTransform =0.967846 3.03577e-17 -0.251544 12.993 -0.25151 -0.0162913 -0.967718 -77.3729 -0.00409798 0.999867 -0.0157675 -11.5659 0 0 0 1 
Seq_Frame0061_DriverTipToDriver-SequenceTransformStatus = OK
Seq_Frame0061_Timestamp = 6.591
Seq_Frame0062_DriverTipToDriver-SequenceTransform =0.967846 3.03577e-17 -0.251544 12.993 -0.25151 -0.0162913 -0.967718 -77.3729 -0.00409798 0.999867 -0.0157675 -11.5659 0 0 0 1 
Seq_Frame0062_DriverTipToDriver-SequenceTransformStatus = OK
Seq_Frame0062_Timestamp = 6.697
Seq_Frame0063_DriverTipToDriver-SequenceTransform =0.967846 3.03577e-17 -0.251544 12.993 -0.25151 -0.0162913 -0.967718 -77.3729 -0.00409798 0.999867 -0.0157675 -11.5659 0 0 0 1 
Seq_Frame0063_DriverTipToDriver-SequenceTransformStatus = OK
Seq_Frame0063_Timestamp = 6.807
Seq_Frame0064_DriverTipToDriver-SequenceTransform =0.967846 3.03577e-17 -0.251544 12.993 -0.25151 -0.0162913 -0.967718 -77.3729 -0.00409798 0.999867 -0.0157675 -11.5659 0 0 0 1 
Seq_Frame0064_DriverTipToDriver-SequenceTransformStatus = OK
Seq_Frame0064_Timestamp = 6.911
Seq_Frame0065_DriverTipToDriver-SequenceTransform =0.967846 3.03577e-17 -0.251544 12.993 -0.25151 -0.0162913 -0.967718 -77.3729 -0.00409798 0.999867 -0.0157675 -11.5659 0 0 0 1 
Seq_Frame0065_DriverTipToDriver-SequenceTransformStatus = OK
Seq_Frame0065_Timestamp = 7.021
Seq_Frame0066_DriverTipToDriver-SequenceTransform =0.967846 3.03577e-17 -0.251544 12.993 -0.25151 -0.0162913 -0.967718 -77.3729 -0.00409798 0.999867 -0.0157675 -11.5659 0 0 0 1 
Seq_Frame0066_DriverTipToDriver-SequenceTransformStatus = OK
Seq_Frame0066_Timestamp = 7.127
Seq_Frame0067_DriverTipToDriver-SequenceTransform =0.967846 3.03577e-17 -0.251544 12.993 -0.25151 -0.0162913 -0.967718 -77.3729 -0.00409798 0.999867 -0.0157675 -11.5659 0 0 0 1 
Seq_Frame0067_DriverTipToDriver-SequenceTransformStatus = OK
Seq_Frame0067_Timestamp = 7.231
Seq_Frame0068_DriverTipToDriver-SequenceTransform =0.967846 3.03577e-17 -0.251544 12.993 -0.25151 -0.0162913 -0.967718 -77.3729 -0.00409798 0.999867 -0.0157675 -11.5659 0 0 0 1 
Seq_Frame0068_DriverTipToDriver-SequenceTransformStatus = OK
Seq_Frame0068_Timestamp = 7.34
Seq_Frame0069_DriverTipToDriver-SequenceTransform =0.967846 3.03577e-17 -0.251544 12.993 -0.25151 -0.0162913 -0.967718 -77.3729 -0.00409798 0.999867 -0.0157675 -11.5659 0 0 0 1 
Seq_Frame0069_DriverTipToDriver-SequenceTransformStatus = OK
Seq_Frame0069_Timestamp = 7.452
Seq_Frame0070_DriverTipToDriver-SequenceTransform =0.967846 3.03577e-17 -0.251544 12.993 -0.25151 -0.0162913 -0.967718 -77.3729 -0.00409798 0.999867 -0.0157675 -11.5659 0 0 0 1 
Seq_Frame0070_DriverTipToDriver-SequenceTransformStatus = OK
Seq_Frame0070_Timestamp = 7.557
Seq_Frame0071_DriverTipToDriver-SequenceTransform =0.967846 3.03577e-17 -0.251544 12.993 -0.25151 -0.0162913 -0.967718 -77.3729 -0.00409798 0.999867 -0.0157675 -11.5659 0 0 0 1 
Seq_Frame0071_DriverTipToDriver-SequenceTransformStatus = OK
Seq_Frame0071_Timestamp = 7.657
Seq_Frame0072_DriverTipToDriver-SequenceTransform =0.967846 3.03577e-17 -0.251544 12.993 -0.25151 -0.0162913 -0.967718 -77.3729 -0.00409798 0.999867 -0.0157675 -11.5659 0 0 0 1 
Seq_Frame0072_DriverTipToDriver-SequenceTransformStatus = OK
Seq_Frame0072_Timestamp = 7.767
Seq_Frame0073_DriverTipToDriver-SequenceTransform =0.967846 3.03577e-17 -0.251544 12.993 -0.25151 -0.0162913 -0.967718 -77.3729 -0.00409798 0.999867 -0.0157675 -11.5659 0 0 0 1 
Seq_Frame0073_DriverTipToDriver-SequenceTransformStatus = OK
Seq_Frame0073_Timestamp = 7.871
Seq_Frame0074_DriverTipToDriver-SequenceTransform =0.967846 3.03577e-17 -0.251544 12.993 -0.25151 -0.0162913 -0.967718 -77.3729 -0.00409798 0.999867 -0.0157675 -11.5659 0 0 0 1 
Seq_Frame0074_DriverTipToDriver-SequenceTransformStatus = OK
Seq_Frame0074_Timestamp = 7.976
Seq_Frame0075_DriverTipToDriver-SequenceTransform =0.967846 3.03577e-17 -0.251544 12.993 -0.25151 -0.0162913 -0.967718 -77.3729 -0.00409798 0.999867 -0.0157675 -11.5659 0 0 0 1 
Seq_Frame0075_DriverTipToDriver-SequenceTransformStatus = OK
Seq_Frame0075_Timestamp = 8.082
Seq_Frame0076_DriverTipToDriver-SequenceTransform =0.967846 3.03577e-17 -0.251544 12.993 -0.25151 -0.0162913 -0.967718 -77.3729 -0.00409798 0.999867 -0.0157675 -11.5659 0 0 0 1 
Seq_Frame0076_DriverTipToDriver-SequenceTransformStatus = OK
Seq_Frame0076_Timestamp = 8.192
Seq_Frame0077_DriverTipToDriver-SequenceTransform =0.967846 3.03577e-17 -0.251544 12.993 -0.25151 -0.0162913 -0.967718 -77.3729 -0.00409798 0.999867 -0.0157675 -11.5659 0 0 0 1 
Seq_Frame0077_DriverTipToDriver-SequenceTransformStatus = OK
Seq_Frame0077_Timestamp = 8.297
Seq_Frame0078_DriverTipToDriver-SequenceTransform =0.967846 3.03577e-17 -0.251544 12.993 -0.25151 -0.0162913 -0.967718 -77.3729 -0.00409798 0.999867 -0.0157675 -11.5659 0 0 0 1 
Seq_Frame0078_DriverTipToDriver-SequenceTransformStatus = OK
Seq_Frame0078_Timestamp = 8.402
Seq_Frame0079_DriverTipToDriver-SequenceTransform =0.967846 3.03577e-17 -0.251544 12.993 -0.25151 -0.0162913 -0.967718 -77.3729 -0.00409798 0.999867 -0.0157675 -11.5659 0 0 0 1 
Seq_Frame0079_DriverTipToDriver-SequenceTransformStatus = OK
Seq_Frame0079_Timestamp = 8.515
Seq_Frame0080_DriverTipToDriver-SequenceTransform =0.967846 3.03577e-17 -0.251544 12.993 -0.25151 -0.0162913 -0.967718 -77.3729 -0.00409798 0.999867 -0.0157675 -11.5659 0 0 0 1 
Seq_Frame0080_DriverTipToDriver-SequenceTransformStatus = OK
Seq_Frame0080_Timestamp = 8.617
Seq_Frame0081_DriverTipToDriver-SequenceTransform =0.967846 3.03577e-17 -0.251544 12.993 -0.25151 -0.0162913 -0.967718 -77.3729 -0.00409798 0.999867 -0.0157675 -11.5659 0 0 0 1 
Seq_Frame0081_DriverTipToDriver-SequenceTransformStatus = OK
Seq_Frame0081_Timestamp = 8.722
Seq_Frame0082_DriverTipToDriver-SequenceTransform =0.967846 3.03577e-17 -0.251544 12.993 -0.25151 -0.0162913 -0.967718 -77.3729 -0.00409798 0.999867 -0.0157675 -11.5659 0 0 0 1 
Seq_Frame0082_DriverTipToDriver-SequenceTransformStatus = OK
Seq_Frame0082_Timestamp = 8.827
Seq_Frame0083_DriverTipToDriver-SequenceTransform =0.967846 3.03577e-17 -0.251544 12.993 -0.25151 -0.0162913 -0.967718 -77.3729 -0.00409798 0.999867 -0.0157675 -11.5659 0 0 0 1 
Seq_Frame0083_DriverTipToDriver-SequenceTransformStatus = OK
Seq_Frame0083_Timestamp = 8.937
Seq_Frame0084_DriverTipToDriver-SequenceTransform =0.967846 3.03577e-17 -0.251544 12.993 -0.25151 -0.0162913 -0.967718 -77.3729 -0.00409798 0.999867 -0.0157675 -11.5659 0 0 0 1 
Seq_Frame0084_DriverTipToDriver-SequenceTransformStatus = OK
Seq_Frame0084_Timestamp = 9.041
Seq_Frame0085_DriverTipToDriver-SequenceTransform =0.967846 3.03577e-17 -0.251544 12.993 -0.25151 -0.0162913 -0.967718 -77.3729 -0.00409798 0.999867 -0.0157675 -11.5659 0 0 0 1 
Seq_Frame0085_DriverTipToDriver-SequenceTransformStatus = OK
Seq_Frame0085_Timestamp = 9.142
Seq_Frame0086_DriverTipToDriver-SequenceTransform =0.967846 3.03577e-17 -0.251544 12.993 -0.25151 -0.0162913 -0.967718 -77.3729 -0.00409798 0.999867 -0.0157675 -11.5659 0 0 0 1 
Seq_Frame0086_DriverTipToDriver-SequenceTransformStatus = OK
Seq_Frame0086_Timestamp = 9.252
Seq_Frame0087_DriverTipToDriver-SequenceTransform =0.967846 3.03577e-17 -0.251544 12.993 -0.25151 -0.0162913 -0.967718 -77.3729 -0.00409798 0.999867 -0.0157675 -11.5659 0 0 0 1 
Seq_Frame0087_DriverTipToDriver-SequenceTransformStatus = OK
Seq_Frame0087_Timestamp = 9.362
Seq_Frame0088_DriverTipToDriver-SequenceTransform =0.967846 3.03577e-17 -0.251544 12.993 -0.25151 -0.0162913 -0.967718 -77.3729 -0.00409798 0.999867 -0.0157675 -11.5659 0 0 0 1 
Seq_Frame0088_DriverTipToDriver-SequenceTransformStatus = OK
Seq_Frame0088_Timestamp = 9.466
Seq_Frame0089_DriverTipToDriver-SequenceTransform =0.967846 3.03577e-17 -0.251544 12.993 -0.25151 -0.0162913 -0.967718 -77.3729 -0.00409798 0.999867 -0.0157675 -11.5659 0 0 0 1 
Seq_Frame0089_DriverTipToDriver-SequenceTransformStatus = OK
Seq_Frame0089_Timestamp = 9.577
Seq_Frame0090_DriverTipToDriver-SequenceTransform =0.967846 3.03577e-17 -0.251544 12.993 -0.25151 -0.0162913 -0.967718 -77.3729 -0.00409798 0.999867 -0.0157675 -11.5659 0 0 0 1 
Seq_Frame0090_DriverTipToDriver-SequenceTransformStatus = OK
Seq_Frame0090_Timestamp = 9.682
Seq_Frame0091_DriverTipToDriver-SequenceTransform =0.967846 3.03577e-17 -0.251544 12.993 -0.25151 -0.0162913 -0.967718 -77.3729 -0.00409798 0.999867 -0.0157675 -11.5659 0 0 0 1 
Seq_Frame0091_DriverTipToDriver-SequenceTransformStatus = OK
Seq_Frame0091_Timestamp = 9.791
Seq_Frame0092_DriverTipToDriver-SequenceTransform =0.967846 3.03577e-17 -0.251544 12.993 -0.25151 -0.0162913 -0.967718 -77.3729 -0.00409798 0.999867 -0.0157675 -11.5659 0 0 0 1 
Seq_Frame0092_DriverTipToDriver-SequenceTransformStatus = OK
Seq_Frame0092_Timestamp = 9.897
Seq_Frame0093_DriverTipToDriver-SequenceTransform =0.967846 3.03577e-17 -0.251544 12.993 -0.25151 -0.0162913 -0.967718 -77.3729 -0.00409798 0.999867 -0.0157675 -11.5659 0 0 0 1 
Seq_Frame0093_DriverTipToDriver-SequenceTransformStatus = OK
Seq_Frame0093_Timestamp = 10.002
Seq_Frame0094_DriverTipToDriver-SequenceTransform =0.967846 3.03577e-17 -0.251544 12.993 -0.25151 -0.0162913 -0.967718 -77.3729 -0.00409798 0.999867 -0.0157675 -11.5659 0 0 0 1 
Seq_Frame0094_DriverTipToDriver-SequenceTransformStatus = OK
Seq_Frame0094_Timestamp = 10.115
Seq_Frame0095_DriverTipToDriver-SequenceTransform =0.967846 3.03577e-17 -0.251544 12.993 -0.25151 -0.0162913 -0.967718 -77.3729 -0.00409798 0.999867 -0.0157675 -11.5659 0 0 0 1 
Seq_Frame0095_DriverTipToDriver-SequenceTransformStatus = OK
Seq_Frame0095_Timestamp = 10.217
Seq_Frame0096_DriverTipToDriver-SequenceTransform =0.967846 3.03577e-17 -0.251544 12.993 -0.25151 -0.0162913 -0.967718 -77.3729 -0.00409798 0.999867 -0.0157675 -11.5659 0 0 0 1 
Seq_Frame0096_DriverTipToDriver-SequenceTransformStatus = OK
Seq_Frame0096_Timestamp = 10.322
Seq_Frame0097_DriverTipToDriver-SequenceTransform =0.967846 3.03577e-17 -0.251544 12.993 -0.25151 -0.0162913 -0.967718 -77.3729 -0.00409798 0.999867 -0.0157675 -11.5659 0 0 0 1 
Seq_Frame0097_DriverTipToDriver-SequenceTransformStatus = OK
Seq_Frame0097_Timestamp = 10.427
Seq_Frame0098_DriverTipToDriver-SequenceTransform =0.967846 3.03577e-17 -0.251544 12.993 -0.25151 -0.0162913 -0.967718 -77.3729 -0.00409798 0.999867 -0.0157675 -11.5659 0 0 0 1 
Seq_Frame0098_DriverTipToDriver-SequenceTransformStatus = OK
Seq_Frame0098_Timestamp = 10.537
Seq_Frame0099_DriverTipToDriver-SequenceTransform =0.967846 3.03577e-17 -0.251544 12.993 -0.25151 -0.0162913 -0.967718 -77.3729 -0.00409798 0.999867 -0.0157675 -11.5659 0 0 0 1 
Seq_Frame0099_DriverTipToDriver-SequenceTransformStatus = OK
Seq_Frame0099_Timestamp = 10.642
Seq_Frame0100_DriverTipToDriver-SequenceTransform =0.967846 3.03577e-17 -0.251544 12.993 -0.25151 -0.0162913 -0.967718 -77.3729 -0.00409798 0.999867 -0.0157675 -11.5659 0 0 0 1 
Seq_Frame0100_DriverTipToDriver-SequenceTransformStatus = OK
Seq_Frame0100_Timestamp = 10.752
Seq_Frame0101_DriverTipToDriver-SequenceTransform =0.967846 3.03577e-17 -0.251544 12.993 -0.25151 -0.0162913 -0.967718 -77.3729 -0.00409798 0.999867 -0.0157675 -11.5659 0 0 0 1 
Seq_Frame0101_DriverTipToDriver-SequenceTransformStatus = OK
Seq_Frame0101_Timestamp = 10.856
Seq_Frame0102_DriverTipToDriver-SequenceTransform =0.967846 3.03577e-17 -0.251544 12.993 -0.25151 -0.0162913 -0.967718 -77.3729 -0.00409798 0.999867 -0.0157675 -11.5659 0 0 0 1 
Seq_Frame0102_DriverTipToDriver-SequenceTransformStatus = OK
Seq_Frame0102_Timestamp = 10.962
Seq_Frame0103_DriverTipToDriver-SequenceTransform =0.967846 3.03577e-17 -0.251544 12.993 -0.25151 -0.0162913 -0.967718 -77.3729 -0.00409798 0.999867 -0.0157675 -11.5659 0 0 0 1 
Seq_Frame0103_DriverTipToDriver-SequenceTransformStatus = OK
Seq_Frame0103_Timestamp = 11.066
Seq_Frame0104_DriverTipToDriver-SequenceTransform =0.967846 3.03577e-17 -0.251544 12.993 -0.25151 -0.0162913 -0.967718 -77.3729 -0.00409798 0.999867 -0.0157675 -11.5659 0 0 0 1 
Seq_Frame0104_DriverTipToDriver-SequenceTransformStatus = OK
Seq_Frame0104_Timestamp = 11.173
Seq_Frame0105_DriverTipToDriver-SequenceTransform =0.967846 3.03577e-17 -0.251544 12.993 -0.25151 -0.0162913 -0.967718 -77.3729 -0.00409798 0.999867 -0.0157675 -11.5659 0 0 0 1 
Seq_Frame0105_DriverTipToDriver-SequenceTransformStatus = OK
Seq_Frame0105_Timestamp = 11.282
Seq_Frame0106_DriverTipToDriver-SequenceTransform =0.967846 3.03577e-17 -0.251544 12.993 -0.25151 -0.0162913 -0.967718 -77.3729 -0.00409798 0.999867 -0.0157675 -11.5659 0 0 0 1 
Seq_Frame0106_DriverTipToDriver-SequenceTransformStatus = OK
Seq_Frame0106_Timestamp = 11.387
Seq_Frame0107_DriverTipToDriver-SequenceTransform =0.967846 3.03577e-17 -0.251544 12.993 -0.25151 -0.0162913 -0.967718 -77.3729 -0.00409798 0.999867 -0.0157675 -11.5659 0 0 0 1 
Seq_Frame0107_DriverTipToDriver-SequenceTransformStatus = OK
Seq_Frame0107_Timestamp = 11.551
Seq_Frame0108_DriverTipToDriver-SequenceTransform =0.967846 3.03577e-17 -0.251544 12.993 -0.25151 -0.0162913 -0.967718 -77.3729 -0.00409798 0.999867 -0.0157675 -11.5659 0 0 0 1 
Seq_Frame0108_DriverTipToDriver-SequenceTransformStatus = OK
Seq_Frame0108_Timestamp = 11.658
Seq_Frame0109_DriverTipToDriver-SequenceTransform =0.967846 3.03577e-17 -0.251544 12.993 -0.25151 -0.0162913 -0.967718 -77.3729 -0.00409798 0.999867 -0.0157675 -11.5659 0 0 0 1 
Seq_Frame0109_DriverTipToDriver-SequenceTransformStatus = OK
Seq_Frame0109_Timestamp = 11.773
Seq_Frame0110_DriverTipToDriver-SequenceTransform =0.967846 3.03577e-17 -0.251544 12.993 -0.25151 -0.0162913 -0.967718 -77.3729 -0.00409798 0.999867 -0.0157675 -11.5659 0 0 0 1 
Seq_Frame0110_DriverTipToDriver-SequenceTransformStatus = OK
Seq_Frame0110_Timestamp = 11.876
Seq_Frame0111_DriverTipToDriver-SequenceTransform =0.967846 3.03577e-17 -0.251544 12.993 -0.25151 -0.0162913 -0.967718 -77.3729 -0.00409798 0.999867 -0.0157675 -11.5659 0 0 0 1 
Seq_Frame0111_DriverTipToDriver-SequenceTransformStatus = OK
Seq_Frame0111_Timestamp = 12.916
Seq_Frame0112_DriverTipToDriver-SequenceTransform =0.967846 3.03577e-17 -0.251544 12.993 -0.25151 -0.0162913 -0.967718 -77.3729 -0.00409798 0.999867 -0.0157675 -11.5659 0 0 0 1 
Seq_Frame0112_DriverTipToDriver-SequenceTransformStatus = OK
Seq_Frame0112_Timestamp = 13.023
Seq_Frame0113_DriverTipToDriver-SequenceTransform =0.967846 3.03577e-17 -0.251544 12.993 -0.25151 -0.0162913 -0.967718 -77.3729 -0.00409798 0.999867 -0.0157675 -11.5659 0 0 0 1 
Seq_Frame0113_DriverTipToDriver-SequenceTransformStatus = OK
Seq_Frame0113_Timestamp = 13.126
Seq_Frame0114_DriverTipToDriver-SequenceTransform =0.967846 3.03577e-17 -0.251544 12.993 -0.25151 -0.0162913 -0.967718 -77.3729 -0.00409798 0.999867 -0.0157675 -11.5659 0 0 0 1 
Seq_Frame0114_DriverTipToDriver-SequenceTransformStatus = OK
Seq_Frame0114_Timestamp = 13.232
Seq_Frame0115_DriverTipToDriver-SequenceTransform =0.967846 3.03577e-17 -0.251544 12.993 -0.25151 -0.0162913 -0.967718 -77.3729 -0.00409798 0.999867 -0.0157675 -11.5659 0 0 0 1 
Seq_Frame0115_DriverTipToDriver-SequenceTransformStatus = OK
Seq_Frame0115_Timestamp = 13.342
Seq_Frame0116_DriverTipToDriver-SequenceTransform =0.967846 3.03577e-17 -0.251544 12.993 -0.25151 -0.0162913 -0.967718 -77.3729 -0.00409798 0.999867 -0.0157675 -11.5659 0 0 0 1 
Seq_Frame0116_DriverTipToDriver-SequenceTransformStatus = OK
Seq_Frame0116_Timestamp = 13.447
Seq_Frame0117_DriverTipToDriver-SequenceTransform =0.967846 3.03577e-17 -0.251544 12.993 -0.25151 -0.0162913 -0.967718 -77.3729 -0.00409798 0.999867 -0.0157675 -11.5659 0 0 0 1 
Seq_Frame0117_DriverTipToDriver-SequenceTransformStatus = OK
Seq_Frame0117_Timestamp = 13.552
Seq_Frame0118_DriverTipToDriver-SequenceTransform =0.967846 3.03577e-17 -0.251544 12.993 -0.25151 -0.0162913 -0.967718 -77.3729 -0.00409798 0.999867 -0.0157675 -11.5659 0 0 0 1 
Seq_Frame0118_DriverTipToDriver-SequenceTransformStatus = OK
Seq_Frame0118_Timestamp = 13.656
Seq_Frame0119_DriverTipToDriver-SequenceTransform =0.967846 3.03577e-17 -0.251544 12.993 -0.25151 -0.0162913 -0.967718 -77.3729 -0.00409798 0.999867 -0.0157675 -11.5659 0 0 0 1 
Seq_Frame0119_DriverTipToDriver-SequenceTransformStatus = OK
Seq_Frame0119_Timestamp = 13.767
Seq_Frame0120_DriverTipToDriver-SequenceTransform =0.967846 3.03577e-17 -0.251544 12.993 -0.25151 -0.0162913 -0.967718 -77.3729 -0.00409798 0.999867 -0.0157675 -11.5659 0 0 0 1 
Seq_Frame0120_DriverTipToDriver-SequenceTransformStatus = OK
Seq_Frame0120_Timestamp = 13.872
Seq_Frame0121_DriverTipToDriver-SequenceTransform =0.967846 3.03577e-17 -0.251544 12.993 -0.25151 -0.0162913 -0.967718 -77.3729 -0.00409798 0.999867 -0.0157675 -11.5659 0 0 0 1 
Seq_Frame0121_DriverTipToDriver-SequenceTransformStatus = OK
Seq_Frame0121_Timestamp = 13.981
Seq_Frame0122_DriverTipToDriver-SequenceTransform =0.967846 3.03577e-17 -0.251544 12.993 -0.25151 -0.0162913 -0.967718 -77.3729 -0.00409798 0.999867 -0.0157675 -11.5659 0 0 0 1 
Seq_Frame0122_DriverTipToDriver-SequenceTransformStatus = OK
Seq_Frame0122_Timestamp = 14.087
Seq_Frame0123_DriverTipToDriver-SequenceTransform =0.967846 3.03577e-17 -0.251544 12.993 -0.25151 -0.0162913 -0.967718 -77.3729 -0.00409798 0.999867 -0.0157675 -11.5659 0 0 0 1 
Seq_Frame0123_DriverTipToDriver-SequenceTransformStatus = OK
Seq_Frame0123_Timestamp = 14.196
Seq_Frame0124_DriverTipToDriver-SequenceTransform =0.967846 3.03577e-17 -0.251544 12.993 -0.25151 -0.0162913 -0.967718 -77.3729 -0.00409798 0.999867 -0.0157675 -11.5659 0 0 0 1 
Seq_Frame0124_DriverTipToDriver-SequenceTransformStatus = OK
Seq_Frame0124_Timestamp = 14.306
Seq_Frame0125_DriverTipToDriver-SequenceTransform =0.967846 3.03577e-17 -0.251544 12.993 -0.25151 -0.0162913 -0.967718 -77.3729 -0.00409798 0.999867 -0.0157675 -11.5659 0 0 0 1 
Seq_Frame0125_DriverTipToDriver-SequenceTransformStatus = OK
Seq_Frame0125_Timestamp = 14.417
Seq_Frame0126_DriverTipToDriver-SequenceTransform =0.967846 3.03577e-17 -0.251544 12.993 -0.25151 -0.0162913 -0.967718 -77.3729 -0.00409798 0.999867 -0.0157675 -11.5659 0 0 0 1 
Seq_Frame0126_DriverTipToDriver-SequenceTransformStatus = OK
Seq_Frame0126_Timestamp = 14.526
Seq_Frame0127_DriverTipToDriver-SequenceTransform =0.967846 3.03577e-17 -0.251544 12.993 -0.25151 -0.0162913 -0.967718 -77.3729 -0.00409798 0.999867 -0.0157675 -11.5659 0 0 0 1 
Seq_Frame0127_DriverTipToDriver-SequenceTransformStatus = OK
Seq_Frame0127_Timestamp = 14.632
Seq_Frame0128_DriverTipToDriver-SequenceTransform =0.967846 3.03577e-17 -0.251544 12.993 -0.25151 -0.0162913 -0.967718 -77.3729 -0.00409798 0.999867 -0.0157675 -11.5659 0 0 0 1 
Seq_Frame0128_DriverTipToDriver-SequenceTransformStatus = OK
Seq_Frame0128_Timestamp = 14.737
Seq_Frame0129_DriverTipToDriver-SequenceTransform =0.967846 3.03577e-17 -0.251544 12.993 -0.25151 -0.0162913 -0.967718 -77.3729 -0.00409798 0.999867 -0.0157675 -11.5659 0 0 0 1 
Seq_Frame0129_DriverTipToDriver-SequenceTransformStatus = OK
Seq_Frame0129_Timestamp = 14.842
Seq_Frame0130_DriverTipToDriver-SequenceTransform =0.967846 3.03577e-17 -0.251544 12.993 -0.25151 -0.0162913 -0.967718 -77.3729 -0.00409798 0.999867 -0.0157675 -11.5659 0 0 0 1 
Seq_Frame0130_DriverTipToDriver-SequenceTransformStatus = OK
Seq_Frame0130_Timestamp = 14.951
Seq_Frame0131_DriverTipToDriver-SequenceTransform =0.967846 3.03577e-17 -0.251544 12.993 -0.25151 -0.0162913 -0.967718 -77.3729 -0.00409798 0.999867 -0.0157675 -11.5659 0 0 0 1 
Seq_Frame0131_DriverTipToDriver-SequenceTransformStatus = OK
Seq_Frame0131_Timestamp = 15.807
Seq_Frame0132_DriverTipToDriver-SequenceTransform =0.967846 3.03577e-17 -0.251544 12.993 -0.25151 -0.0162913 -0.967718 -77.3729 -0.00409798 0.999867 -0.0157675 -11.5659 0 0 0 1 
Seq_Frame0132_DriverTipToDriver-SequenceTransformStatus = OK
Seq_Frame0132_Timestamp = 15.912
Seq_Frame0133_DriverTipToDriver-SequenceTransform =0.967846 3.03577e-17 -0.251544 12.993 -0.25151 -0.0162913 -0.967718 -77.3729 -0.00409798 0.999867 -0.0157675 -11.5659 0 0 0 1 
Seq_Frame0133_DriverTipToDriver-SequenceTransformStatus = OK
Seq_Frame0133_Timestamp = 16.017
Seq_Frame0134_DriverTipToDriver-SequenceTransform =0.967846 3.03577e-17 -0.251544 12.993 -0.25151 -0.0162913 -0.967718 -77.3729 -0.00409798 0.999867 -0.0157675 -11.5659 0 0 0 1 
Seq_Frame0134_DriverTipToDriver-SequenceTransformStatus = OK
Seq_Frame0134_Timestamp = 16.127
Seq_Frame0135_DriverTipToDriver-SequenceTransform =0.967846 3.03577e-17 -0.251544 12.993 -0.25151 -0.0162913 -0.967718 -77.3729 -0.00409798 0.999867 -0.0157675 -11.5659 0 0 0 1 
Seq_Frame0135_DriverTipToDriver-SequenceTransformStatus = OK
Seq_Frame0135_Timestamp = 16.231
Seq_Frame0136_DriverTipToDriver-SequenceTransform =0.967846 3.03577e-17 -0.251544 12.993 -0.25151 -0.0162913 -0.967718 -77.3729 -0.00409798 0.999867 -0.0157675 -11.5659 0 0 0 1 
Seq_Frame0136_DriverTipToDriver-SequenceTransformStatus = OK
Seq_Frame0136_Timestamp = 16.337
Seq_Frame0137_DriverTipToDriver-SequenceTransform =0.967846 3.03577e-17 -0.251544 12.993 -0.25151 -0.0162913 -0.967718 -77.3729 -0.00409798 0.999867 -0.0157675 -11.5659 0 0 0 1 
Seq_Frame0137_DriverTipToDriver-SequenceTransformStatus = OK
Seq_Frame0137_Timestamp = 16.442
Seq_Frame0138_DriverTipToDriver-SequenceTransform =0.967846 3.03577e-17 -0.251544 12.993 -0.25151 -0.0162913 -0.967718 -77.3729 -0.00409798 0.999867 -0.0157675 -11.5659 0 0 0 1 
Seq_Frame0138_DriverTipToDriver-SequenceTransformStatus = OK
Seq_Frame0138_Timestamp = 16.552
Seq_Frame0139_DriverTipToDriver-SequenceTransform =0.967846 3.03577e-17 -0.251544 12.993 -0.25151 -0.0162913 -0.967718 -77.3729 -0.00409798 0.999867 -0.0157675 -11.5659 0 0 0 1 
Seq_Frame0139_DriverTipToDriver-SequenceTransformStatus = OK
Seq_Frame0139_Timestamp = 16.657
Seq_Frame0140_DriverTipToDriver-SequenceTransform =0.967846 3.03577e-17 -0.251544 12.993 -0.25151 -0.0162913 -0.967718 -77.3729 -0.00409798 0.999867 -0.0157675 -11.5659 0 0 0 1 
Seq_Frame0140_DriverTipToDriver-SequenceTransformStatus = OK
Seq_Frame0140_Timestamp = 16.766
Seq_Frame0141_DriverTipToDriver-SequenceTransform =0.967846 3.03577e-17 -0.251544 12.993 -0.25151 -0.0162913 -0.967718 -77.3729 -0.00409798 0.999867 -0.0157675 -11.5659 0 0 0 1 
Seq_Frame0141_DriverTipToDriver-SequenceTransformStatus = OK
Seq_Frame0141_Timestamp = 16.877
Seq_Frame0142_DriverTipToDriver-SequenceTransform =0.967846 3.03577e-17 -0.251544 12.993 -0.25151 -0.0162913 -0.967718 -77.3729 -0.00409798 0.999867 -0.0157675 -11.5659 0 0 0 1 
Seq_Frame0142_DriverTipToDriver-SequenceTransformStatus = OK
Seq_Frame0142_Timestamp = 16.981
Seq_Frame0143_DriverTipToDriver-SequenceTransform =0.967846 3.03577e-17 -0.251544 12.993 -0.25151 -0.0162913 -0.967718 -77.3729 -0.00409798 0.999867 -0.0157675 -11.5659 0 0 0 1 
Seq_Frame0143_DriverTipToDriver-SequenceTransformStatus = OK
Seq_Frame0143_Timestamp = 17.087
Seq_Frame0144_DriverTipToDriver-SequenceTransform =0.967846 3.03577e-17 -0.251544 12.993 -0.25151 -0.0162913 -0.967718 -77.3729 -0.00409798 0.999867 -0.0157675 -11.5659 0 0 0 1 
Seq_Frame0144_DriverTipToDriver-SequenceTransformStatus = OK
Seq_Frame0144_Timestamp = 17.196
Seq_Frame0145_DriverTipToDriver-SequenceTransform =0.967846 3.03577e-17 -0.251544 12.993 -0.25151 -0.0162913 -0.967718 -77.3729 -0.00409798 0.999867 -0.0157675 -11.5659 0 0 0 1 
Seq_Frame0145_DriverTipToDriver-SequenceTransformStatus = OK
Seq_Frame0145_Timestamp = 17.302
