ObjectType = Image
NDims = 3
AnatomicalOrientation = RAI
BinaryData = True
CompressedData = False
DimSize = 0 0 3593
ElementSpacing = 1 1 1
Offset = 0 0 0
TransformMatrix = 1 0 0 0 1 0 0 0 1
ElementType = MET_UCHAR
Kinds = domain domain list
Seq_Frame0000_DriverToReference-SequenceTransform =-0.794943 -0.597894 0.102899 103 -0.246771 0.473605 0.84546 217.001 -0.554229 0.6467 -0.524032 322.829 0 0 0 1 
Seq_Frame0000_DriverToReference-SequenceTransformStatus = OK
Seq_Frame0000_Timestamp = 0.016
Seq_Frame0001_DriverToReference-SequenceTransform =-0.799727 -0.592465 0.0970642 103.041 -0.247307 0.472419 0.845967 216.625 -0.54706 0.652538 -0.524327 323.312 0 0 0 1 
Seq_Frame0001_DriverToReference-SequenceTransformStatus = OK
Seq_Frame0001_Timestamp = 0.127
Seq_Frame0002_DriverToReference-SequenceTransform =-0.799773 -0.592711 0.0951715 103.088 -0.251618 0.474926 0.843287 216.474 -0.545025 0.650491 -0.52897 323.359 0 0 0 1 
Seq_Frame0002_DriverToReference-SequenceTransformStatus = OK
Seq_Frame0002_Timestamp = 0.232
Seq_Frame0003_DriverToReference-SequenceTransform =-0.795269 -0.597383 0.10335 102.955 -0.245813 0.473561 0.845764 216.711 -0.554187 0.647205 -0.523452 322.992 0 0 0 1 
Seq_Frame0003_DriverToReference-SequenceTransformStatus = OK
Seq_Frame0003_Timestamp = 0.337
Seq_Frame0004_DriverToReference-SequenceTransform =-0.794299 -0.598725 0.103041 102.864 -0.250622 0.477426 0.842172 216.782 -0.553424 0.643112 -0.529272 322.781 0 0 0 1 
Seq_Frame0004_DriverToReference-SequenceTransformStatus = OK
Seq_Frame0004_Timestamp = 0.444
Seq_Frame0005_DriverToReference-SequenceTransform =-0.763392 -0.637723 0.102678 101.701 -0.267679 0.456999 0.848233 217.225 -0.587861 0.620049 -0.519574 323.644 0 0 0 1 
Seq_Frame0005_DriverToReference-SequenceTransformStatus = OK
Seq_Frame0005_Timestamp = 0.552
Seq_Frame0006_DriverToReference-SequenceTransform =-0.78646 -0.613579 0.070729 102.248 -0.285668 0.462885 0.839125 216.637 -0.547609 0.639733 -0.53932 323.982 0 0 0 1 
Seq_Frame0006_DriverToReference-SequenceTransformStatus = OK
Seq_Frame0006_Timestamp = 0.657
Seq_Frame0007_DriverToReference-SequenceTransform =-0.78646 -0.613579 0.070729 102.248 -0.285668 0.462885 0.839125 216.637 -0.547609 0.639733 -0.53932 323.982 0 0 0 1 
Seq_Frame0007_DriverToReference-SequenceTransformStatus = OK
Seq_Frame0007_Timestamp = 0.766
Seq_Frame0008_DriverToReference-SequenceTransform =-0.78646 -0.613579 0.070729 102.248 -0.285668 0.462885 0.839125 216.637 -0.547609 0.639733 -0.53932 323.982 0 0 0 1 
Seq_Frame0008_DriverToReference-SequenceTransformStatus = OK
Seq_Frame0008_Timestamp = 0.871
Seq_Frame0009_DriverToReference-SequenceTransform =-0.78646 -0.613579 0.070729 102.248 -0.285668 0.462885 0.839125 216.637 -0.547609 0.639733 -0.53932 323.982 0 0 0 1 
Seq_Frame0009_DriverToReference-SequenceTransformStatus = OK
Seq_Frame0009_Timestamp = 0.982
Seq_Frame0010_DriverToReference-SequenceTransform =-0.78646 -0.613579 0.070729 102.248 -0.285668 0.462885 0.839125 216.637 -0.547609 0.639733 -0.53932 323.982 0 0 0 1 
Seq_Frame0010_DriverToReference-SequenceTransformStatus = OK
Seq_Frame0010_Timestamp = 1.09
Seq_Frame0011_DriverToReference-SequenceTransform =-0.78646 -0.613579 0.070729 102.248 -0.285668 0.462885 0.839125 216.637 -0.547609 0.639733 -0.53932 323.982 0 0 0 1 
Seq_Frame0011_DriverToReference-SequenceTransformStatus = OK
Seq_Frame0011_Timestamp = 1.202
Seq_Frame0012_DriverToReference-SequenceTransform =-0.815753 -0.504496 -0.282898 85.0853 -0.520388 0.426661 0.7397 283.51 -0.252475 0.750629 -0.610584 283.61 0 0 0 1 
Seq_Frame0012_DriverToReference-SequenceTransformStatus = OK
Seq_Frame0012_Timestamp = 1.311
Seq_Frame0013_DriverToReference-SequenceTransform =-0.828705 -0.500186 -0.251121 86.0528 -0.522301 0.529904 0.668134 295.795 -0.201121 0.684847 -0.700382 281.637 0 0 0 1 
Seq_Frame0013_DriverToReference-SequenceTransformStatus = OK
Seq_Frame0013_Timestamp = 1.422
Seq_Frame0014_DriverToReference-SequenceTransform =-0.789699 -0.583148 -0.190561 80.2087 -0.559829 0.557929 0.612622 304.378 -0.25093 0.590469 -0.76706 278.261 0 0 0 1 
Seq_Frame0014_DriverToReference-SequenceTransformStatus = OK
Seq_Frame0014_Timestamp = 1.532
Seq_Frame0015_DriverToReference-SequenceTransform =-0.73874 -0.555708 -0.381381 72.3905 -0.670789 0.551118 0.496298 312.508 -0.065611 0.622461 -0.779896 275.642 0 0 0 1 
Seq_Frame0015_DriverToReference-SequenceTransformStatus = OK
Seq_Frame0015_Timestamp = 1.637
Seq_Frame0016_DriverToReference-SequenceTransform =-0.596354 -0.580298 -0.554632 57.7137 -0.799344 0.492611 0.344069 317.164 0.0735551 0.648529 -0.757628 268.371 0 0 0 1 
Seq_Frame0016_DriverToReference-SequenceTransformStatus = OK
Seq_Frame0016_Timestamp = 1.741
Seq_Frame0017_DriverToReference-SequenceTransform =-0.526598 -0.637931 -0.561906 39.4074 -0.844885 0.465935 0.262819 318.842 0.0941515 0.613146 -0.784339 268.951 0 0 0 1 
Seq_Frame0017_DriverToReference-SequenceTransformStatus = OK
Seq_Frame0017_Timestamp = 1.847
Seq_Frame0018_DriverToReference-SequenceTransform =-0.649669 -0.575249 -0.497009 21.9234 -0.755433 0.561735 0.337305 310.065 0.0851532 0.594593 -0.799505 257.224 0 0 0 1 
Seq_Frame0018_DriverToReference-SequenceTransformStatus = OK
Seq_Frame0018_Timestamp = 1.952
Seq_Frame0019_DriverToReference-SequenceTransform =-0.583894 -0.433075 -0.686668 10.0678 -0.692651 0.706929 0.143128 298.862 0.423441 0.559193 -0.712742 255.298 0 0 0 1 
Seq_Frame0019_DriverToReference-SequenceTransformStatus = OK
Seq_Frame0019_Timestamp = 2.057
Seq_Frame0020_DriverToReference-SequenceTransform =-0.622833 -0.34572 -0.701824 -15.2463 -0.606815 0.779695 0.154438 291.821 0.493816 0.522066 -0.695408 245.349 0 0 0 1 
Seq_Frame0020_DriverToReference-SequenceTransformStatus = OK
Seq_Frame0020_Timestamp = 2.173
Seq_Frame0021_DriverToReference-SequenceTransform =-0.483401 -0.256229 -0.837061 -48.8422 -0.623762 0.771717 0.123994 278.425 0.614203 0.582065 -0.532874 230.38 0 0 0 1 
Seq_Frame0021_DriverToReference-SequenceTransformStatus = OK
Seq_Frame0021_Timestamp = 2.286
Seq_Frame0022_DriverToReference-SequenceTransform =-0.409367 -0.203086 -0.88948 -67.7418 -0.613005 0.7833 0.103281 269.476 0.675754 0.587535 -0.44515 216.998 0 0 0 1 
Seq_Frame0022_DriverToReference-SequenceTransformStatus = OK
Seq_Frame0022_Timestamp = 2.407
Seq_Frame0023_DriverToReference-SequenceTransform =-0.323229 -0.194314 -0.926156 -77.4902 -0.652065 0.755001 0.0691662 264.944 0.685809 0.626271 -0.370744 206.998 0 0 0 1 
Seq_Frame0023_DriverToReference-SequenceTransformStatus = OK
Seq_Frame0023_Timestamp = 2.516
Seq_Frame0024_DriverToReference-SequenceTransform =-0.323229 -0.194314 -0.926156 -77.4902 -0.652065 0.755001 0.0691662 264.944 0.685809 0.626271 -0.370744 206.998 0 0 0 1 
Seq_Frame0024_DriverToReference-SequenceTransformStatus = OK
Seq_Frame0024_Timestamp = 2.627
Seq_Frame0025_DriverToReference-SequenceTransform =-0.323229 -0.194314 -0.926156 -77.4902 -0.652065 0.755001 0.0691662 264.944 0.685809 0.626271 -0.370744 206.998 0 0 0 1 
Seq_Frame0025_DriverToReference-SequenceTransformStatus = OK
Seq_Frame0025_Timestamp = 2.748
Seq_Frame0026_DriverToReference-SequenceTransform =-0.323229 -0.194314 -0.926156 -77.4902 -0.652065 0.755001 0.0691662 264.944 0.685809 0.626271 -0.370744 206.998 0 0 0 1 
Seq_Frame0026_DriverToReference-SequenceTransformStatus = OK
Seq_Frame0026_Timestamp = 2.862
Seq_Frame0027_DriverToReference-SequenceTransform =-0.323229 -0.194314 -0.926156 -77.4902 -0.652065 0.755001 0.0691662 264.944 0.685809 0.626271 -0.370744 206.998 0 0 0 1 
Seq_Frame0027_DriverToReference-SequenceTransformStatus = OK
Seq_Frame0027_Timestamp = 2.967
Seq_Frame0028_DriverToReference-SequenceTransform =0.401304 0.639621 0.655622 -46.0544 -0.698515 0.676722 -0.232648 252.834 -0.59248 -0.364599 0.718356 198.627 0 0 0 1 
Seq_Frame0028_DriverToReference-SequenceTransformStatus = OK
Seq_Frame0028_Timestamp = 3.071
Seq_Frame0029_DriverToReference-SequenceTransform =0.41934 0.902002 0.102699 -14.665 -0.820569 0.424994 -0.38216 238.947 -0.388356 0.0759831 0.918372 208.215 0 0 0 1 
Seq_Frame0029_DriverToReference-SequenceTransformStatus = OK
Seq_Frame0029_Timestamp = 3.177
Seq_Frame0030_DriverToReference-SequenceTransform =0.347176 0.937338 0.0294361 -27.1029 -0.862554 0.331482 -0.382256 230.697 -0.368061 0.10732 0.923587 211.043 0 0 0 1 
Seq_Frame0030_DriverToReference-SequenceTransformStatus = OK
Seq_Frame0030_Timestamp = 3.286
Seq_Frame0031_DriverToReference-SequenceTransform =-0.0784306 0.984826 0.154809 -49.1693 -0.93204 -0.0173318 -0.36194 221.307 -0.353765 -0.172676 0.919257 204.771 0 0 0 1 
Seq_Frame0031_DriverToReference-SequenceTransformStatus = OK
Seq_Frame0031_Timestamp = 3.393
Seq_Frame0032_DriverToReference-SequenceTransform =-0.270213 0.942485 0.19674 -64.2563 -0.902594 -0.176845 -0.392491 213.976 -0.335124 -0.283633 0.898468 197.236 0 0 0 1 
Seq_Frame0032_DriverToReference-SequenceTransformStatus = OK
Seq_Frame0032_Timestamp = 3.502
Seq_Frame0033_DriverToReference-SequenceTransform =-0.329198 0.910192 0.251355 -68.1282 -0.902888 -0.225485 -0.365991 203.155 -0.276445 -0.347429 0.896031 189.652 0 0 0 1 
Seq_Frame0033_DriverToReference-SequenceTransformStatus = OK
Seq_Frame0033_Timestamp = 3.607
Seq_Frame0034_DriverToReference-SequenceTransform =-0.313862 0.914298 0.256028 -66.7647 -0.919353 -0.225273 -0.322556 195.557 -0.237236 -0.336618 0.911267 188.475 0 0 0 1 
Seq_Frame0034_DriverToReference-SequenceTransformStatus = OK
Seq_Frame0034_Timestamp = 3.712
Seq_Frame0035_DriverToReference-SequenceTransform =-0.310628 0.922886 0.227578 -64.7982 -0.931702 -0.2482 -0.265194 186.722 -0.188259 -0.294411 0.936953 192.42 0 0 0 1 
Seq_Frame0035_DriverToReference-SequenceTransformStatus = OK
Seq_Frame0035_Timestamp = 3.822
Seq_Frame0036_DriverToReference-SequenceTransform =-0.332986 0.932876 0.137341 -64.7743 -0.922846 -0.292515 -0.250579 181.153 -0.193585 -0.210184 0.958305 193.139 0 0 0 1 
Seq_Frame0036_DriverToReference-SequenceTransformStatus = OK
Seq_Frame0036_Timestamp = 3.924
Seq_Frame0037_DriverToReference-SequenceTransform =-0.31915 0.935473 0.151772 -66.0158 -0.923426 -0.270943 -0.271797 179.481 -0.213137 -0.226894 0.950311 192.048 0 0 0 1 
Seq_Frame0037_DriverToReference-SequenceTransformStatus = OK
Seq_Frame0037_Timestamp = 4.032
Seq_Frame0038_DriverToReference-SequenceTransform =-0.272889 0.952937 0.132069 -68.3214 -0.924324 -0.221642 -0.310644 178.834 -0.266752 -0.206846 0.941307 193.966 0 0 0 1 
Seq_Frame0038_DriverToReference-SequenceTransformStatus = OK
Seq_Frame0038_Timestamp = 4.137
Seq_Frame0039_DriverToReference-SequenceTransform =-0.300176 0.9512 0.0715028 -67.9038 -0.918561 -0.268038 -0.290519 179.198 -0.257176 -0.152887 0.954194 197.138 0 0 0 1 
Seq_Frame0039_DriverToReference-SequenceTransformStatus = OK
Seq_Frame0039_Timestamp = 4.242
Seq_Frame0040_DriverToReference-SequenceTransform =-0.266806 0.960228 0.0823172 -66.5559 -0.923414 -0.230253 -0.307069 183.325 -0.275902 -0.157941 0.948121 199.284 0 0 0 1 
Seq_Frame0040_DriverToReference-SequenceTransformStatus = OK
Seq_Frame0040_Timestamp = 4.347
Seq_Frame0041_DriverToReference-SequenceTransform =-0.187111 0.952974 0.238391 -65.4691 -0.934726 -0.0980847 -0.341564 195.816 -0.302119 -0.286741 0.909123 193.228 0 0 0 1 
Seq_Frame0041_DriverToReference-SequenceTransformStatus = OK
Seq_Frame0041_Timestamp = 4.453
Seq_Frame0042_DriverToReference-SequenceTransform =-0.20168 0.904635 0.375447 -64.4061 -0.960271 -0.107138 -0.257684 195.594 -0.192885 -0.412501 0.890303 188.856 0 0 0 1 
Seq_Frame0042_DriverToReference-SequenceTransformStatus = OK
Seq_Frame0042_Timestamp = 4.557
Seq_Frame0043_DriverToReference-SequenceTransform =-0.273482 0.908296 0.316552 -65.0052 -0.948411 -0.199757 -0.246198 191.746 -0.160387 -0.367552 0.916068 193.072 0 0 0 1 
Seq_Frame0043_DriverToReference-SequenceTransformStatus = OK
Seq_Frame0043_Timestamp = 4.665
Seq_Frame0044_DriverToReference-SequenceTransform =-0.370387 0.906626 0.202096 -60.1252 -0.90959 -0.309901 -0.276779 192.366 -0.188305 -0.286339 0.939442 200.414 0 0 0 1 
Seq_Frame0044_DriverToReference-SequenceTransformStatus = OK
Seq_Frame0044_Timestamp = 4.771
Seq_Frame0045_DriverToReference-SequenceTransform =-0.442894 0.893676 0.0720301 -57.1696 -0.873335 -0.411847 -0.260129 188.361 -0.202806 -0.178116 0.962883 207.406 0 0 0 1 
Seq_Frame0045_DriverToReference-SequenceTransformStatus = OK
Seq_Frame0045_Timestamp = 4.876
Seq_Frame0046_DriverToReference-SequenceTransform =-0.461406 0.887183 0.00329737 -53.8763 -0.861441 -0.447123 -0.240834 182.775 -0.212189 -0.113963 0.970561 209.518 0 0 0 1 
Seq_Frame0046_DriverToReference-SequenceTransformStatus = OK
Seq_Frame0046_Timestamp = 4.982
Seq_Frame0047_DriverToReference-SequenceTransform =-0.311101 0.902403 0.298137 -55.4962 -0.926167 -0.217515 -0.308063 198.395 -0.213147 -0.371963 0.903444 199.172 0 0 0 1 
Seq_Frame0047_DriverToReference-SequenceTransformStatus = OK
Seq_Frame0047_Timestamp = 5.092
Seq_Frame0048_DriverToReference-SequenceTransform =-0.0566831 0.440917 0.895756 -80.6743 -0.960472 0.22084 -0.169482 216.48 -0.272546 -0.869955 0.41097 196.012 0 0 0 1 
Seq_Frame0048_DriverToReference-SequenceTransformStatus = OK
Seq_Frame0048_Timestamp = 5.197
Seq_Frame0049_DriverToReference-SequenceTransform =-0.0412347 0.238389 0.970294 -88.1983 -0.952336 0.284396 -0.110344 218.74 -0.302252 -0.928595 0.2153 201.048 0 0 0 1 
Seq_Frame0049_DriverToReference-SequenceTransformStatus = OK
Seq_Frame0049_Timestamp = 5.302
Seq_Frame0050_DriverToReference-SequenceTransform =-0.0412347 0.238389 0.970294 -88.1983 -0.952336 0.284396 -0.110344 218.74 -0.302252 -0.928595 0.2153 201.048 0 0 0 1 
Seq_Frame0050_DriverToReference-SequenceTransformStatus = OK
Seq_Frame0050_Timestamp = 5.407
Seq_Frame0051_DriverToReference-SequenceTransform =-0.0412347 0.238389 0.970294 -88.1983 -0.952336 0.284396 -0.110344 218.74 -0.302252 -0.928595 0.2153 201.048 0 0 0 1 
Seq_Frame0051_DriverToReference-SequenceTransformStatus = OK
Seq_Frame0051_Timestamp = 5.515
Seq_Frame0052_DriverToReference-SequenceTransform =-0.0412347 0.238389 0.970294 -88.1983 -0.952336 0.284396 -0.110344 218.74 -0.302252 -0.928595 0.2153 201.048 0 0 0 1 
Seq_Frame0052_DriverToReference-SequenceTransformStatus = OK
Seq_Frame0052_Timestamp = 5.622
Seq_Frame0053_DriverToReference-SequenceTransform =-0.0412347 0.238389 0.970294 -88.1983 -0.952336 0.284396 -0.110344 218.74 -0.302252 -0.928595 0.2153 201.048 0 0 0 1 
Seq_Frame0053_DriverToReference-SequenceTransformStatus = OK
Seq_Frame0053_Timestamp = 5.727
Seq_Frame0054_DriverToReference-SequenceTransform =-0.0412347 0.238389 0.970294 -88.1983 -0.952336 0.284396 -0.110344 218.74 -0.302252 -0.928595 0.2153 201.048 0 0 0 1 
Seq_Frame0054_DriverToReference-SequenceTransformStatus = OK
Seq_Frame0054_Timestamp = 5.832
Seq_Frame0055_DriverToReference-SequenceTransform =-0.0412347 0.238389 0.970294 -88.1983 -0.952336 0.284396 -0.110344 218.74 -0.302252 -0.928595 0.2153 201.048 0 0 0 1 
Seq_Frame0055_DriverToReference-SequenceTransformStatus = OK
Seq_Frame0055_Timestamp = 5.941
Seq_Frame0056_DriverToReference-SequenceTransform =-0.0412347 0.238389 0.970294 -88.1983 -0.952336 0.284396 -0.110344 218.74 -0.302252 -0.928595 0.2153 201.048 0 0 0 1 
Seq_Frame0056_DriverToReference-SequenceTransformStatus = OK
Seq_Frame0056_Timestamp = 6.047
Seq_Frame0057_DriverToReference-SequenceTransform =-0.0412347 0.238389 0.970294 -88.1983 -0.952336 0.284396 -0.110344 218.74 -0.302252 -0.928595 0.2153 201.048 0 0 0 1 
Seq_Frame0057_DriverToReference-SequenceTransformStatus = OK
Seq_Frame0057_Timestamp = 6.151
Seq_Frame0058_DriverToReference-SequenceTransform =-0.0412347 0.238389 0.970294 -88.1983 -0.952336 0.284396 -0.110344 218.74 -0.302252 -0.928595 0.2153 201.048 0 0 0 1 
Seq_Frame0058_DriverToReference-SequenceTransformStatus = OK
Seq_Frame0058_Timestamp = 6.262
Seq_Frame0059_DriverToReference-SequenceTransform =-0.0412347 0.238389 0.970294 -88.1983 -0.952336 0.284396 -0.110344 218.74 -0.302252 -0.928595 0.2153 201.048 0 0 0 1 
Seq_Frame0059_DriverToReference-SequenceTransformStatus = OK
Seq_Frame0059_Timestamp = 6.373
Seq_Frame0060_DriverToReference-SequenceTransform =-0.0412347 0.238389 0.970294 -88.1983 -0.952336 0.284396 -0.110344 218.74 -0.302252 -0.928595 0.2153 201.048 0 0 0 1 
Seq_Frame0060_DriverToReference-SequenceTransformStatus = OK
Seq_Frame0060_Timestamp = 6.487
Seq_Frame0061_DriverToReference-SequenceTransform =-0.0412347 0.238389 0.970294 -88.1983 -0.952336 0.284396 -0.110344 218.74 -0.302252 -0.928595 0.2153 201.048 0 0 0 1 
Seq_Frame0061_DriverToReference-SequenceTransformStatus = OK
Seq_Frame0061_Timestamp = 6.591
Seq_Frame0062_DriverToReference-SequenceTransform =-0.0412347 0.238389 0.970294 -88.1983 -0.952336 0.284396 -0.110344 218.74 -0.302252 -0.928595 0.2153 201.048 0 0 0 1 
Seq_Frame0062_DriverToReference-SequenceTransformStatus = OK
Seq_Frame0062_Timestamp = 6.697
Seq_Frame0063_DriverToReference-SequenceTransform =-0.0412347 0.238389 0.970294 -88.1983 -0.952336 0.284396 -0.110344 218.74 -0.302252 -0.928595 0.2153 201.048 0 0 0 1 
Seq_Frame0063_DriverToReference-SequenceTransformStatus = OK
Seq_Frame0063_Timestamp = 6.807
Seq_Frame0064_DriverToReference-SequenceTransform =-0.0412347 0.238389 0.970294 -88.1983 -0.952336 0.284396 -0.110344 218.74 -0.302252 -0.928595 0.2153 201.048 0 0 0 1 
Seq_Frame0064_DriverToReference-SequenceTransformStatus = OK
Seq_Frame0064_Timestamp = 6.911
Seq_Frame0065_DriverToReference-SequenceTransform =-0.0412347 0.238389 0.970294 -88.1983 -0.952336 0.284396 -0.110344 218.74 -0.302252 -0.928595 0.2153 201.048 0 0 0 1 
Seq_Frame0065_DriverToReference-SequenceTransformStatus = OK
Seq_Frame0065_Timestamp = 7.021
Seq_Frame0066_DriverToReference-SequenceTransform =-0.0412347 0.238389 0.970294 -88.1983 -0.952336 0.284396 -0.110344 218.74 -0.302252 -0.928595 0.2153 201.048 0 0 0 1 
Seq_Frame0066_DriverToReference-SequenceTransformStatus = OK
Seq_Frame0066_Timestamp = 7.127
Seq_Frame0067_DriverToReference-SequenceTransform =-0.0412347 0.238389 0.970294 -88.1983 -0.952336 0.284396 -0.110344 218.74 -0.302252 -0.928595 0.2153 201.048 0 0 0 1 
Seq_Frame0067_DriverToReference-SequenceTransformStatus = OK
Seq_Frame0067_Timestamp = 7.231
Seq_Frame0068_DriverToReference-SequenceTransform =-0.0412347 0.238389 0.970294 -88.1983 -0.952336 0.284396 -0.110344 218.74 -0.302252 -0.928595 0.2153 201.048 0 0 0 1 
Seq_Frame0068_DriverToReference-SequenceTransformStatus = OK
Seq_Frame0068_Timestamp = 7.34
Seq_Frame0069_DriverToReference-SequenceTransform =-0.0412347 0.238389 0.970294 -88.1983 -0.952336 0.284396 -0.110344 218.74 -0.302252 -0.928595 0.2153 201.048 0 0 0 1 
Seq_Frame0069_DriverToReference-SequenceTransformStatus = OK
Seq_Frame0069_Timestamp = 7.452
Seq_Frame0070_DriverToReference-SequenceTransform =-0.0412347 0.238389 0.970294 -88.1983 -0.952336 0.284396 -0.110344 218.74 -0.302252 -0.928595 0.2153 201.048 0 0 0 1 
Seq_Frame0070_DriverToReference-SequenceTransformStatus = OK
Seq_Frame0070_Timestamp = 7.557
Seq_Frame0071_DriverToReference-SequenceTransform =-0.0412347 0.238389 0.970294 -88.1983 -0.952336 0.284396 -0.110344 218.74 -0.302252 -0.928595 0.2153 201.048 0 0 0 1 
Seq_Frame0071_DriverToReference-SequenceTransformStatus = OK
Seq_Frame0071_Timestamp = 7.657
Seq_Frame0072_DriverToReference-SequenceTransform =-0.0412347 0.238389 0.970294 -88.1983 -0.952336 0.284396 -0.110344 218.74 -0.302252 -0.928595 0.2153 201.048 0 0 0 1 
Seq_Frame0072_DriverToReference-SequenceTransformStatus = OK
Seq_Frame0072_Timestamp = 7.767
Seq_Frame0073_DriverToReference-SequenceTransform =-0.0412347 0.238389 0.970294 -88.1983 -0.952336 0.284396 -0.110344 218.74 -0.302252 -0.928595 0.2153 201.048 0 0 0 1 
Seq_Frame0073_DriverToReference-SequenceTransformStatus = OK
Seq_Frame0073_Timestamp = 7.871
Seq_Frame0074_DriverToReference-SequenceTransform =-0.0412347 0.238389 0.970294 -88.1983 -0.952336 0.284396 -0.110344 218.74 -0.302252 -0.928595 0.2153 201.048 0 0 0 1 
Seq_Frame0074_DriverToReference-SequenceTransformStatus = OK
Seq_Frame0074_Timestamp = 7.976
Seq_Frame0075_DriverToReference-SequenceTransform =-0.0412347 0.238389 0.970294 -88.1983 -0.952336 0.284396 -0.110344 218.74 -0.302252 -0.928595 0.2153 201.048 0 0 0 1 
Seq_Frame0075_DriverToReference-SequenceTransformStatus = OK
Seq_Frame0075_Timestamp = 8.082
Seq_Frame0076_DriverToReference-SequenceTransform =-0.0412347 0.238389 0.970294 -88.1983 -0.952336 0.284396 -0.110344 218.74 -0.302252 -0.928595 0.2153 201.048 0 0 0 1 
Seq_Frame0076_DriverToReference-SequenceTransformStatus = OK
Seq_Frame0076_Timestamp = 8.192
Seq_Frame0077_DriverToReference-SequenceTransform =-0.0412347 0.238389 0.970294 -88.1983 -0.952336 0.284396 -0.110344 218.74 -0.302252 -0.928595 0.2153 201.048 0 0 0 1 
Seq_Frame0077_DriverToReference-SequenceTransformStatus = OK
Seq_Frame0077_Timestamp = 8.297
Seq_Frame0078_DriverToReference-SequenceTransform =-0.0412347 0.238389 0.970294 -88.1983 -0.952336 0.284396 -0.110344 218.74 -0.302252 -0.928595 0.2153 201.048 0 0 0 1 
Seq_Frame0078_DriverToReference-SequenceTransformStatus = OK
Seq_Frame0078_Timestamp = 8.402
Seq_Frame0079_DriverToReference-SequenceTransform =-0.0412347 0.238389 0.970294 -88.1983 -0.952336 0.284396 -0.110344 218.74 -0.302252 -0.928595 0.2153 201.048 0 0 0 1 
Seq_Frame0079_DriverToReference-SequenceTransformStatus = OK
Seq_Frame0079_Timestamp = 8.515
Seq_Frame0080_DriverToReference-SequenceTransform =-0.0412347 0.238389 0.970294 -88.1983 -0.952336 0.284396 -0.110344 218.74 -0.302252 -0.928595 0.2153 201.048 0 0 0 1 
Seq_Frame0080_DriverToReference-SequenceTransformStatus = OK
Seq_Frame0080_Timestamp = 8.617
Seq_Frame0081_DriverToReference-SequenceTransform =-0.0412347 0.238389 0.970294 -88.1983 -0.952336 0.284396 -0.110344 218.74 -0.302252 -0.928595 0.2153 201.048 0 0 0 1 
Seq_Frame0081_DriverToReference-SequenceTransformStatus = OK
Seq_Frame0081_Timestamp = 8.722
Seq_Frame0082_DriverToReference-SequenceTransform =-0.0412347 0.238389 0.970294 -88.1983 -0.952336 0.284396 -0.110344 218.74 -0.302252 -0.928595 0.2153 201.048 0 0 0 1 
Seq_Frame0082_DriverToReference-SequenceTransformStatus = OK
Seq_Frame0082_Timestamp = 8.827
Seq_Frame0083_DriverToReference-SequenceTransform =-0.0412347 0.238389 0.970294 -88.1983 -0.952336 0.284396 -0.110344 218.74 -0.302252 -0.928595 0.2153 201.048 0 0 0 1 
Seq_Frame0083_DriverToReference-SequenceTransformStatus = OK
Seq_Frame0083_Timestamp = 8.937
Seq_Frame0084_DriverToReference-SequenceTransform =-0.0412347 0.238389 0.970294 -88.1983 -0.952336 0.284396 -0.110344 218.74 -0.302252 -0.928595 0.2153 201.048 0 0 0 1 
Seq_Frame0084_DriverToReference-SequenceTransformStatus = OK
Seq_Frame0084_Timestamp = 9.041
Seq_Frame0085_DriverToReference-SequenceTransform =-0.0412347 0.238389 0.970294 -88.1983 -0.952336 0.284396 -0.110344 218.74 -0.302252 -0.928595 0.2153 201.048 0 0 0 1 
Seq_Frame0085_DriverToReference-SequenceTransformStatus = OK
Seq_Frame0085_Timestamp = 9.142
Seq_Frame0086_DriverToReference-SequenceTransform =-0.0412347 0.238389 0.970294 -88.1983 -0.952336 0.284396 -0.110344 218.74 -0.302252 -0.928595 0.2153 201.048 0 0 0 1 
Seq_Frame0086_DriverToReference-SequenceTransformStatus = OK
Seq_Frame0086_Timestamp = 9.252
Seq_Frame0087_DriverToReference-SequenceTransform =-0.0412347 0.238389 0.970294 -88.1983 -0.952336 0.284396 -0.110344 218.74 -0.302252 -0.928595 0.2153 201.048 0 0 0 1 
Seq_Frame0087_DriverToReference-SequenceTransformStatus = OK
Seq_Frame0087_Timestamp = 9.362
Seq_Frame0088_DriverToReference-SequenceTransform =-0.0412347 0.238389 0.970294 -88.1983 -0.952336 0.284396 -0.110344 218.74 -0.302252 -0.928595 0.2153 201.048 0 0 0 1 
Seq_Frame0088_DriverToReference-SequenceTransformStatus = OK
Seq_Frame0088_Timestamp = 9.466
Seq_Frame0089_DriverToReference-SequenceTransform =-0.0412347 0.238389 0.970294 -88.1983 -0.952336 0.284396 -0.110344 218.74 -0.302252 -0.928595 0.2153 201.048 0 0 0 1 
Seq_Frame0089_DriverToReference-SequenceTransformStatus = OK
Seq_Frame0089_Timestamp = 9.577
Seq_Frame0090_DriverToReference-SequenceTransform =-0.0412347 0.238389 0.970294 -88.1983 -0.952336 0.284396 -0.110344 218.74 -0.302252 -0.928595 0.2153 201.048 0 0 0 1 
Seq_Frame0090_DriverToReference-SequenceTransformStatus = OK
Seq_Frame0090_Timestamp = 9.682
Seq_Frame0091_DriverToReference-SequenceTransform =-0.0412347 0.238389 0.970294 -88.1983 -0.952336 0.284396 -0.110344 218.74 -0.302252 -0.928595 0.2153 201.048 0 0 0 1 
Seq_Frame0091_DriverToReference-SequenceTransformStatus = OK
Seq_Frame0091_Timestamp = 9.791
Seq_Frame0092_DriverToReference-SequenceTransform =-0.0412347 0.238389 0.970294 -88.1983 -0.952336 0.284396 -0.110344 218.74 -0.302252 -0.928595 0.2153 201.048 0 0 0 1 
Seq_Frame0092_DriverToReference-SequenceTransformStatus = OK
Seq_Frame0092_Timestamp = 9.897
Seq_Frame0093_DriverToReference-SequenceTransform =-0.0412347 0.238389 0.970294 -88.1983 -0.952336 0.284396 -0.110344 218.74 -0.302252 -0.928595 0.2153 201.048 0 0 0 1 
Seq_Frame0093_DriverToReference-SequenceTransformStatus = OK
Seq_Frame0093_Timestamp = 10.002
Seq_Frame0094_DriverToReference-SequenceTransform =-0.0412347 0.238389 0.970294 -88.1983 -0.952336 0.284396 -0.110344 218.74 -0.302252 -0.928595 0.2153 201.048 0 0 0 1 
Seq_Frame0094_DriverToReference-SequenceTransformStatus = OK
Seq_Frame0094_Timestamp = 10.115
Seq_Frame0095_DriverToReference-SequenceTransform =-0.0412347 0.238389 0.970294 -88.1983 -0.952336 0.284396 -0.110344 218.74 -0.302252 -0.928595 0.2153 201.048 0 0 0 1 
Seq_Frame0095_DriverToReference-SequenceTransformStatus = OK
Seq_Frame0095_Timestamp = 10.217
Seq_Frame0096_DriverToReference-SequenceTransform =-0.0412347 0.238389 0.970294 -88.1983 -0.952336 0.284396 -0.110344 218.74 -0.302252 -0.928595 0.2153 201.048 0 0 0 1 
Seq_Frame0096_DriverToReference-SequenceTransformStatus = OK
Seq_Frame0096_Timestamp = 10.322
Seq_Frame0097_DriverToReference-SequenceTransform =-0.0412347 0.238389 0.970294 -88.1983 -0.952336 0.284396 -0.110344 218.74 -0.302252 -0.928595 0.2153 201.048 0 0 0 1 
Seq_Frame0097_DriverToReference-SequenceTransformStatus = OK
Seq_Frame0097_Timestamp = 10.427
Seq_Frame0098_DriverToReference-SequenceTransform =-0.0412347 0.238389 0.970294 -88.1983 -0.952336 0.284396 -0.110344 218.74 -0.302252 -0.928595 0.2153 201.048 0 0 0 1 
Seq_Frame0098_DriverToReference-SequenceTransformStatus = OK
Seq_Frame0098_Timestamp = 10.537
Seq_Frame0099_DriverToReference-SequenceTransform =-0.0412347 0.238389 0.970294 -88.1983 -0.952336 0.284396 -0.110344 218.74 -0.302252 -0.928595 0.2153 201.048 0 0 0 1 
Seq_Frame0099_DriverToReference-SequenceTransformStatus = OK
Seq_Frame0099_Timestamp = 10.642
Seq_Frame0100_DriverToReference-SequenceTransform =-0.0412347 0.238389 0.970294 -88.1983 -0.952336 0.284396 -0.110344 218.74 -0.302252 -0.928595 0.2153 201.048 0 0 0 1 
Seq_Frame0100_DriverToReference-SequenceTransformStatus = OK
Seq_Frame0100_Timestamp = 10.752
Seq_Frame0101_DriverToReference-SequenceTransform =-0.0412347 0.238389 0.970294 -88.1983 -0.952336 0.284396 -0.110344 218.74 -0.302252 -0.928595 0.2153 201.048 0 0 0 1 
Seq_Frame0101_DriverToReference-SequenceTransformStatus = OK
Seq_Frame0101_Timestamp = 10.856
Seq_Frame0102_DriverToReference-SequenceTransform =-0.0412347 0.238389 0.970294 -88.1983 -0.952336 0.284396 -0.110344 218.74 -0.302252 -0.928595 0.2153 201.048 0 0 0 1 
Seq_Frame0102_DriverToReference-SequenceTransformStatus = OK
Seq_Frame0102_Timestamp = 10.962
Seq_Frame0103_DriverToReference-SequenceTransform =-0.0412347 0.238389 0.970294 -88.1983 -0.952336 0.284396 -0.110344 218.74 -0.302252 -0.928595 0.2153 201.048 0 0 0 1 
Seq_Frame0103_DriverToReference-SequenceTransformStatus = OK
Seq_Frame0103_Timestamp = 11.066
Seq_Frame0104_DriverToReference-SequenceTransform =0.434218 -0.0193179 -0.900601 -78.3955 -0.8584 0.294272 -0.420183 261.479 0.273139 0.955526 0.111196 217.418 0 0 0 1 
Seq_Frame0104_DriverToReference-SequenceTransformStatus = OK
Seq_Frame0104_Timestamp = 11.173
Seq_Frame0105_DriverToReference-SequenceTransform =0.434218 -0.0193179 -0.900601 -78.3955 -0.8584 0.294272 -0.420183 261.479 0.273139 0.955526 0.111196 217.418 0 0 0 1 
Seq_Frame0105_DriverToReference-SequenceTransformStatus = OK
Seq_Frame0105_Timestamp = 11.282
Seq_Frame0106_DriverToReference-SequenceTransform =0.434218 -0.0193179 -0.900601 -78.3955 -0.8584 0.294272 -0.420183 261.479 0.273139 0.955526 0.111196 217.418 0 0 0 1 
Seq_Frame0106_DriverToReference-SequenceTransformStatus = OK
Seq_Frame0106_Timestamp = 11.387
Seq_Frame0107_DriverToReference-SequenceTransform =0.434218 -0.0193179 -0.900601 -78.3955 -0.8584 0.294272 -0.420183 261.479 0.273139 0.955526 0.111196 217.418 0 0 0 1 
Seq_Frame0107_DriverToReference-SequenceTransformStatus = OK
Seq_Frame0107_Timestamp = 11.551
Seq_Frame0108_DriverToReference-SequenceTransform =0.434218 -0.0193179 -0.900601 -78.3955 -0.8584 0.294272 -0.420183 261.479 0.273139 0.955526 0.111196 217.418 0 0 0 1 
Seq_Frame0108_DriverToReference-SequenceTransformStatus = OK
Seq_Frame0108_Timestamp = 11.658
Seq_Frame0109_DriverToReference-SequenceTransform =0.434218 -0.0193179 -0.900601 -78.3955 -0.8584 0.294272 -0.420183 261.479 0.273139 0.955526 0.111196 217.418 0 0 0 1 
Seq_Frame0109_DriverToReference-SequenceTransformStatus = OK
Seq_Frame0109_Timestamp = 11.773
Seq_Frame0110_DriverToReference-SequenceTransform =0.449467 -0.829045 -0.332661 51.2062 -0.16285 0.290111 -0.943035 200.382 0.878327 0.478038 -0.00461481 219.815 0 0 0 1 
Seq_Frame0110_DriverToReference-SequenceTransformStatus = OK
Seq_Frame0110_Timestamp = 11.876
Seq_Frame0111_DriverToReference-SequenceTransform =0.445453 -0.834567 -0.324145 53.3401 -0.141284 0.291988 -0.945929 195.47 0.884087 0.467163 0.0121558 219.147 0 0 0 1 
Seq_Frame0111_DriverToReference-SequenceTransformStatus = OK
Seq_Frame0111_Timestamp = 12.916
Seq_Frame0112_DriverToReference-SequenceTransform =0.445453 -0.834567 -0.324145 53.3401 -0.141284 0.291988 -0.945929 195.47 0.884087 0.467163 0.0121558 219.147 0 0 0 1 
Seq_Frame0112_DriverToReference-SequenceTransformStatus = OK
Seq_Frame0112_Timestamp = 13.023
Seq_Frame0113_DriverToReference-SequenceTransform =0.445453 -0.834567 -0.324145 53.3401 -0.141284 0.291988 -0.945929 195.47 0.884087 0.467163 0.0121558 219.147 0 0 0 1 
Seq_Frame0113_DriverToReference-SequenceTransformStatus = OK
Seq_Frame0113_Timestamp = 13.126
Seq_Frame0114_DriverToReference-SequenceTransform =0.445453 -0.834567 -0.324145 53.3401 -0.141284 0.291988 -0.945929 195.47 0.884087 0.467163 0.0121558 219.147 0 0 0 1 
Seq_Frame0114_DriverToReference-SequenceTransformStatus = OK
Seq_Frame0114_Timestamp = 13.232
Seq_Frame0115_DriverToReference-SequenceTransform =0.445453 -0.834567 -0.324145 53.3401 -0.141284 0.291988 -0.945929 195.47 0.884087 0.467163 0.0121558 219.147 0 0 0 1 
Seq_Frame0115_DriverToReference-SequenceTransformStatus = OK
Seq_Frame0115_Timestamp = 13.342
Seq_Frame0116_DriverToReference-SequenceTransform =0.445453 -0.834567 -0.324145 53.3401 -0.141284 0.291988 -0.945929 195.47 0.884087 0.467163 0.0121558 219.147 0 0 0 1 
Seq_Frame0116_DriverToReference-SequenceTransformStatus = OK
Seq_Frame0116_Timestamp = 13.447
Seq_Frame0117_DriverToReference-SequenceTransform =0.445453 -0.834567 -0.324145 53.3401 -0.141284 0.291988 -0.945929 195.47 0.884087 0.467163 0.0121558 219.147 0 0 0 1 
Seq_Frame0117_DriverToReference-SequenceTransformStatus = OK
Seq_Frame0117_Timestamp = 13.552
Seq_Frame0118_DriverToReference-SequenceTransform =0.445453 -0.834567 -0.324145 53.3401 -0.141284 0.291988 -0.945929 195.47 0.884087 0.467163 0.0121558 219.147 0 0 0 1 
Seq_Frame0118_DriverToReference-SequenceTransformStatus = OK
Seq_Frame0118_Timestamp = 13.656
Seq_Frame0119_DriverToReference-SequenceTransform =0.445453 -0.834567 -0.324145 53.3401 -0.141284 0.291988 -0.945929 195.47 0.884087 0.467163 0.0121558 219.147 0 0 0 1 
Seq_Frame0119_DriverToReference-SequenceTransformStatus = OK
Seq_Frame0119_Timestamp = 13.767
Seq_Frame0120_DriverToReference-SequenceTransform =0.445453 -0.834567 -0.324145 53.3401 -0.141284 0.291988 -0.945929 195.47 0.884087 0.467163 0.0121558 219.147 0 0 0 1 
Seq_Frame0120_DriverToReference-SequenceTransformStatus = OK
Seq_Frame0120_Timestamp = 13.872
Seq_Frame0121_DriverToReference-SequenceTransform =0.445453 -0.834567 -0.324145 53.3401 -0.141284 0.291988 -0.945929 195.47 0.884087 0.467163 0.0121558 219.147 0 0 0 1 
Seq_Frame0121_DriverToReference-SequenceTransformStatus = OK
Seq_Frame0121_Timestamp = 13.981
Seq_Frame0122_DriverToReference-SequenceTransform =0.445453 -0.834567 -0.324145 53.3401 -0.141284 0.291988 -0.945929 195.47 0.884087 0.467163 0.0121558 219.147 0 0 0 1 
Seq_Frame0122_DriverToReference-SequenceTransformStatus = OK
Seq_Frame0122_Timestamp = 14.087
Seq_Frame0123_DriverToReference-SequenceTransform =0.445453 -0.834567 -0.324145 53.3401 -0.141284 0.291988 -0.945929 195.47 0.884087 0.467163 0.0121558 219.147 0 0 0 1 
Seq_Frame0123_DriverToReference-SequenceTransformStatus = OK
Seq_Frame0123_Timestamp = 14.196
Seq_Frame0124_DriverToReference-SequenceTransform =0.445453 -0.834567 -0.324145 53.3401 -0.141284 0.291988 -0.945929 195.47 0.884087 0.467163 0.0121558 219.147 0 0 0 1 
Seq_Frame0124_DriverToReference-SequenceTransformStatus = OK
Seq_Frame0124_Timestamp = 14.306
Seq_Frame0125_DriverToReference-SequenceTransform =0.445453 -0.834567 -0.324145 53.3401 -0.141284 0.291988 -0.945929 195.47 0.884087 0.467163 0.0121558 219.147 0 0 0 1 
Seq_Frame0125_DriverToReference-SequenceTransformStatus = OK
Seq_Frame0125_Timestamp = 14.417
Seq_Frame0126_DriverToReference-SequenceTransform =0.445453 -0.834567 -0.324145 53.3401 -0.141284 0.291988 -0.945929 195.47 0.884087 0.467163 0.0121558 219.147 0 0 0 1 
Seq_Frame0126_DriverToReference-SequenceTransformStatus = OK
Seq_Frame0126_Timestamp = 14.526
Seq_Frame0127_DriverToReference-SequenceTransform =0.445453 -0.834567 -0.324145 53.3401 -0.141284 0.291988 -0.945929 195.47 0.884087 0.467163 0.0121558 219.147 0 0 0 1 
Seq_Frame0127_DriverToReference-SequenceTransformStatus = OK
Seq_Frame0127_Timestamp = 14.632
Seq_Frame0128_DriverToReference-SequenceTransform =0.445453 -0.834567 -0.324145 53.3401 -0.141284 0.291988 -0.945929 195.47 0.884087 0.467163 0.0121558 219.147 0 0 0 1 
Seq_Frame0128_DriverToReference-SequenceTransformStatus = OK
Seq_Frame0128_Timestamp = 14.737
Seq_Frame0129_DriverToReference-SequenceTransform =0.445453 -0.834567 -0.324145 53.3401 -0.141284 0.291988 -0.945929 195.47 0.884087 0.467163 0.0121558 219.147 0 0 0 1 
Seq_Frame0129_DriverToReference-SequenceTransformStatus = OK
Seq_Frame0129_Timestamp = 14.842
Seq_Frame0130_DriverToReference-SequenceTransform =0.445453 -0.834567 -0.324145 53.3401 -0.141284 0.291988 -0.945929 195.47 0.884087 0.467163 0.0121558 219.147 0 0 0 1 
Seq_Frame0130_DriverToReference-SequenceTransformStatus = OK
Seq_Frame0130_Timestamp = 14.951
Seq_Frame0131_DriverToReference-SequenceTransform =0.445453 -0.834567 -0.324145 53.3401 -0.141284 0.291988 -0.945929 195.47 0.884087 0.467163 0.0121558 219.147 0 0 0 1 
Seq_Frame0131_DriverToReference-SequenceTransformStatus = OK
Seq_Frame0131_Timestamp = 15.807
Seq_Frame0132_DriverToReference-SequenceTransform =0.445453 -0.834567 -0.324145 53.3401 -0.141284 0.291988 -0.945929 195.47 0.884087 0.467163 0.0121558 219.147 0 0 0 1 
Seq_Frame0132_DriverToReference-SequenceTransformStatus = OK
Seq_Frame0132_Timestamp = 15.912
Seq_Frame0133_DriverToReference-SequenceTransform =0.445453 -0.834567 -0.324145 53.3401 -0.141284 0.291988 -0.945929 195.47 0.884087 0.467163 0.0121558 219.147 0 0 0 1 
Seq_Frame0133_DriverToReference-SequenceTransformStatus = OK
Seq_Frame0133_Timestamp = 16.017
Seq_Frame0134_DriverToReference-SequenceTransform =0.445453 -0.834567 -0.324145 53.3401 -0.141284 0.291988 -0.945929 195.47 0.884087 0.467163 0.0121558 219.147 0 0 0 1 
Seq_Frame0134_DriverToReference-SequenceTransformStatus = OK
Seq_Frame0134_Timestamp = 16.127
Seq_Frame0135_DriverToReference-SequenceTransform =0.445453 -0.834567 -0.324145 53.3401 -0.141284 0.291988 -0.945929 195.47 0.884087 0.467163 0.0121558 219.147 0 0 0 1 
Seq_Frame0135_DriverToReference-SequenceTransformStatus = OK
Seq_Frame0135_Timestamp = 16.231
Seq_Frame0136_DriverToReference-SequenceTransform =0.445453 -0.834567 -0.324145 53.3401 -0.141284 0.291988 -0.945929 195.47 0.884087 0.467163 0.0121558 219.147 0 0 0 1 
Seq_Frame0136_DriverToReference-SequenceTransformStatus = OK
Seq_Frame0136_Timestamp = 16.337
Seq_Frame0137_DriverToReference-SequenceTransform =0.445453 -0.834567 -0.324145 53.3401 -0.141284 0.291988 -0.945929 195.47 0.884087 0.467163 0.0121558 219.147 0 0 0 1 
Seq_Frame0137_DriverToReference-SequenceTransformStatus = OK
Seq_Frame0137_Timestamp = 16.442
Seq_Frame0138_DriverToReference-SequenceTransform =0.445453 -0.834567 -0.324145 53.3401 -0.141284 0.291988 -0.945929 195.47 0.884087 0.467163 0.0121558 219.147 0 0 0 1 
Seq_Frame0138_DriverToReference-SequenceTransformStatus = OK
Seq_Frame0138_Timestamp = 16.552
Seq_Frame0139_DriverToReference-SequenceTransform =0.445453 -0.834567 -0.324145 53.3401 -0.141284 0.291988 -0.945929 195.47 0.884087 0.467163 0.0121558 219.147 0 0 0 1 
Seq_Frame0139_DriverToReference-SequenceTransformStatus = OK
Seq_Frame0139_Timestamp = 16.657
Seq_Frame0140_DriverToReference-SequenceTransform =0.445453 -0.834567 -0.324145 53.3401 -0.141284 0.291988 -0.945929 195.47 0.884087 0.467163 0.0121558 219.147 0 0 0 1 
Seq_Frame0140_DriverToReference-SequenceTransformStatus = OK
Seq_Frame0140_Timestamp = 16.766
Seq_Frame0141_DriverToReference-SequenceTransform =0.445453 -0.834567 -0.324145 53.3401 -0.141284 0.291988 -0.945929 195.47 0.884087 0.467163 0.0121558 219.147 0 0 0 1 
Seq_Frame0141_DriverToReference-SequenceTransformStatus = OK
Seq_Frame0141_Timestamp = 16.877
Seq_Frame0142_DriverToReference-SequenceTransform =0.445453 -0.834567 -0.324145 53.3401 -0.141284 0.291988 -0.945929 195.47 0.884087 0.467163 0.0121558 219.147 0 0 0 1 
Seq_Frame0142_DriverToReference-SequenceTransformStatus = OK
Seq_Frame0142_Timestamp = 16.981
Seq_Frame0143_DriverToReference-SequenceTransform =0.445453 -0.834567 -0.324145 53.3401 -0.141284 0.291988 -0.945929 195.47 0.884087 0.467163 0.0121558 219.147 0 0 0 1 
Seq_Frame0143_DriverToReference-SequenceTransformStatus = OK
Seq_Frame0143_Timestamp = 17.087
Seq_Frame0144_DriverToReference-SequenceTransform =0.445453 -0.834567 -0.324145 53.3401 -0.141284 0.291988 -0.945929 195.47 0.884087 0.467163 0.0121558 219.147 0 0 0 1 
Seq_Frame0144_DriverToReference-SequenceTransformStatus = OK
Seq_Frame0144_Timestamp = 17.196
Seq_Frame0145_DriverToReference-SequenceTransform =0.445453 -0.834567 -0.324145 53.3401 -0.141284 0.291988 -0.945929 195.47 0.884087 0.467163 0.0121558 219.147 0 0 0 1 
Seq_Frame0145_DriverToReference-SequenceTransformStatus = OK
Seq_Frame0145_Timestamp = 17.302
Seq_Frame0146_DriverToReference-SequenceTransform =0.445453 -0.834567 -0.324145 53.3401 -0.141284 0.291988 -0.945929 195.47 0.884087 0.467163 0.0121558 219.147 0 0 0 1 
Seq_Frame0146_DriverToReference-SequenceTransformStatus = OK
Seq_Frame0146_Timestamp = 17.407
Seq_Frame0147_DriverToReference-SequenceTransform =0.445453 -0.834567 -0.324145 53.3401 -0.141284 0.291988 -0.945929 195.47 0.884087 0.467163 0.0121558 219.147 0 0 0 1 
Seq_Frame0147_DriverToReference-SequenceTransformStatus = OK
Seq_Frame0147_Timestamp = 17.512
Seq_Frame0148_DriverToReference-SequenceTransform =-0.304453 -0.831429 -0.464795 58.9652 -0.321261 0.548998 -0.771617 176.285 0.896716 -0.0856004 -0.434249 188.161 0 0 0 1 
Seq_Frame0148_DriverToReference-SequenceTransformStatus = OK
Seq_Frame0148_Timestamp = 17.621
Seq_Frame0149_DriverToReference-SequenceTransform =-0.402875 -0.776394 -0.484669 62.6728 -0.406486 0.626234 -0.665281 181.29 0.820037 -0.0710142 -0.567888 186.14 0 0 0 1 
Seq_Frame0149_DriverToReference-SequenceTransformStatus = OK
Seq_Frame0149_Timestamp = 17.727
Seq_Frame0150_DriverToReference-SequenceTransform =-0.479234 -0.739202 -0.473196 66.5181 -0.438585 0.668691 -0.600413 185.88 0.760249 -0.0802021 -0.644662 186.679 0 0 0 1 
Seq_Frame0150_DriverToReference-SequenceTransformStatus = OK
Seq_Frame0150_Timestamp = 17.837
