ObjectType = Image
NDims = 3
AnatomicalOrientation = RAI
BinaryData = True
CompressedData = False
DimSize = 0 0 3593
ElementSpacing = 1 1 1
Offset = 0 0 0
TransformMatrix = 1 0 0 0 1 0 0 0 1
ElementType = MET_UCHAR
Kinds = domain domain list
Seq_Frame0000_ForcepToReference-SequenceTransform =0.702754 0.0411146 -0.710244 -78.4228 0.522102 -0.707955 0.475615 77.9155 -0.483266 -0.70506 -0.518984 116.154 0 0 0 1 
Seq_Frame0000_ForcepToReference-SequenceTransformStatus = OK
Seq_Frame0000_Timestamp = 0.016
Seq_Frame0001_ForcepToReference-SequenceTransform =0.703114 0.0410946 -0.709888 -78.4395 0.52235 -0.707227 0.476425 77.8641 -0.482474 -0.705791 -0.518727 116.155 0 0 0 1 
Seq_Frame0001_ForcepToReference-SequenceTransformStatus = OK
Seq_Frame0001_Timestamp = 0.127
Seq_Frame0002_ForcepToReference-SequenceTransform =0.702456 0.0407642 -0.710559 -78.422 0.523018 -0.706675 0.476512 77.8135 -0.482709 -0.706364 -0.517728 116.163 0 0 0 1 
Seq_Frame0002_ForcepToReference-SequenceTransformStatus = OK
Seq_Frame0002_Timestamp = 0.232
Seq_Frame0003_ForcepToReference-SequenceTransform =0.703261 0.0410907 -0.709744 -78.4235 0.522442 -0.706945 0.476741 77.8604 -0.48216 -0.706073 -0.518634 116.169 0 0 0 1 
Seq_Frame0003_ForcepToReference-SequenceTransformStatus = OK
Seq_Frame0003_Timestamp = 0.337
Seq_Frame0004_ForcepToReference-SequenceTransform =0.704465 0.041252 -0.708539 -78.4408 0.521413 -0.707375 0.477231 77.8518 -0.481516 -0.705634 -0.51983 116.224 0 0 0 1 
Seq_Frame0004_ForcepToReference-SequenceTransformStatus = OK
Seq_Frame0004_Timestamp = 0.444
Seq_Frame0005_ForcepToReference-SequenceTransform =0.70396 0.0410475 -0.709052 -78.4158 0.521577 -0.707495 0.476874 77.8499 -0.482076 -0.705526 -0.519458 116.217 0 0 0 1 
Seq_Frame0005_ForcepToReference-SequenceTransformStatus = OK
Seq_Frame0005_Timestamp = 0.552
Seq_Frame0006_ForcepToReference-SequenceTransform =0.704384 0.0412409 -0.70862 -78.4355 0.521335 -0.707562 0.477039 77.8461 -0.481719 -0.705447 -0.519896 116.218 0 0 0 1 
Seq_Frame0006_ForcepToReference-SequenceTransformStatus = OK
Seq_Frame0006_Timestamp = 0.657
Seq_Frame0007_ForcepToReference-SequenceTransform =0.703295 0.0410285 -0.709714 -78.4153 0.522443 -0.706869 0.476854 77.8299 -0.48211 -0.706154 -0.518572 116.175 0 0 0 1 
Seq_Frame0007_ForcepToReference-SequenceTransformStatus = OK
Seq_Frame0007_Timestamp = 0.766
Seq_Frame0008_ForcepToReference-SequenceTransform =0.703455 0.0410024 -0.709556 -78.421 0.522588 -0.706481 0.47727 77.8318 -0.481718 -0.706544 -0.518405 116.164 0 0 0 1 
Seq_Frame0008_ForcepToReference-SequenceTransformStatus = OK
Seq_Frame0008_Timestamp = 0.871
Seq_Frame0009_ForcepToReference-SequenceTransform =0.704386 0.0410933 -0.708627 -78.4731 0.521378 -0.707398 0.477235 77.8244 -0.48167 -0.70562 -0.519706 116.071 0 0 0 1 
Seq_Frame0009_ForcepToReference-SequenceTransformStatus = OK
Seq_Frame0009_Timestamp = 0.982
Seq_Frame0010_ForcepToReference-SequenceTransform =0.703014 0.0407938 -0.710005 -78.446 0.522854 -0.706386 0.47712 77.8255 -0.482074 -0.706651 -0.517928 116.142 0 0 0 1 
Seq_Frame0010_ForcepToReference-SequenceTransformStatus = OK
Seq_Frame0010_Timestamp = 1.09
Seq_Frame0011_ForcepToReference-SequenceTransform =0.703491 0.0409123 -0.709525 -78.4384 0.522045 -0.70718 0.476828 77.8434 -0.482254 -0.705849 -0.518853 116.163 0 0 0 1 
Seq_Frame0011_ForcepToReference-SequenceTransformStatus = OK
Seq_Frame0011_Timestamp = 1.202
Seq_Frame0012_ForcepToReference-SequenceTransform =0.703598 0.0410037 -0.709414 -78.4405 0.521964 -0.707255 0.476806 77.8812 -0.482186 -0.705768 -0.519026 116.139 0 0 0 1 
Seq_Frame0012_ForcepToReference-SequenceTransformStatus = OK
Seq_Frame0012_Timestamp = 1.311
Seq_Frame0013_ForcepToReference-SequenceTransform =0.703912 0.0413473 -0.709083 -78.4346 0.521995 -0.707131 0.476955 77.877 -0.481694 -0.705872 -0.519341 116.164 0 0 0 1 
Seq_Frame0013_ForcepToReference-SequenceTransformStatus = OK
Seq_Frame0013_Timestamp = 1.422
Seq_Frame0014_ForcepToReference-SequenceTransform =0.704238 0.0411926 -0.708768 -78.435 0.521092 -0.708029 0.476611 77.8934 -0.482196 -0.704981 -0.520086 116.206 0 0 0 1 
Seq_Frame0014_ForcepToReference-SequenceTransformStatus = OK
Seq_Frame0014_Timestamp = 1.532
Seq_Frame0015_ForcepToReference-SequenceTransform =0.703448 0.0409419 -0.709566 -78.4122 0.521838 -0.707545 0.476514 77.865 -0.482541 -0.705481 -0.519086 116.226 0 0 0 1 
Seq_Frame0015_ForcepToReference-SequenceTransformStatus = OK
Seq_Frame0015_Timestamp = 1.637
Seq_Frame0016_ForcepToReference-SequenceTransform =0.703852 0.0406796 -0.709181 -78.4044 0.52154 -0.707408 0.477043 77.7586 -0.482274 -0.705634 -0.519126 116.264 0 0 0 1 
Seq_Frame0016_ForcepToReference-SequenceTransformStatus = OK
Seq_Frame0016_Timestamp = 1.741
Seq_Frame0017_ForcepToReference-SequenceTransform =0.703887 0.0408927 -0.709134 -78.3864 0.521542 -0.707514 0.476884 77.8426 -0.482221 -0.705515 -0.519337 116.22 0 0 0 1 
Seq_Frame0017_ForcepToReference-SequenceTransformStatus = OK
Seq_Frame0017_Timestamp = 1.847
Seq_Frame0018_ForcepToReference-SequenceTransform =0.70336 0.0408788 -0.709658 -78.3925 0.521788 -0.707663 0.476393 77.8591 -0.482724 -0.705366 -0.519072 116.185 0 0 0 1 
Seq_Frame0018_ForcepToReference-SequenceTransformStatus = OK
Seq_Frame0018_Timestamp = 1.952
Seq_Frame0019_ForcepToReference-SequenceTransform =0.704482 0.0413447 -0.708517 -78.4097 0.52176 -0.706912 0.477538 77.8419 -0.481115 -0.706093 -0.519578 116.282 0 0 0 1 
Seq_Frame0019_ForcepToReference-SequenceTransformStatus = OK
Seq_Frame0019_Timestamp = 2.057
Seq_Frame0020_ForcepToReference-SequenceTransform =0.703036 0.0409463 -0.709974 -78.4071 0.5221 -0.70757 0.47619 77.8735 -0.482858 -0.705456 -0.518825 116.182 0 0 0 1 
Seq_Frame0020_ForcepToReference-SequenceTransformStatus = OK
Seq_Frame0020_Timestamp = 2.173
Seq_Frame0021_ForcepToReference-SequenceTransform =0.703479 0.0411147 -0.709526 -78.4245 0.521903 -0.707536 0.476456 77.8924 -0.482426 -0.70548 -0.519195 116.164 0 0 0 1 
Seq_Frame0021_ForcepToReference-SequenceTransformStatus = OK
Seq_Frame0021_Timestamp = 2.286
Seq_Frame0022_ForcepToReference-SequenceTransform =0.702877 0.0437175 -0.709967 -78.4083 0.524867 -0.705525 0.476182 77.9012 -0.480082 -0.707335 -0.518843 116.204 0 0 0 1 
Seq_Frame0022_ForcepToReference-SequenceTransformStatus = OK
Seq_Frame0022_Timestamp = 2.407
Seq_Frame0023_ForcepToReference-SequenceTransform =0.582782 0.0522576 -0.810946 -77.1935 0.484284 -0.823695 0.294949 80.802 -0.65256 -0.564619 -0.505343 113.491 0 0 0 1 
Seq_Frame0023_ForcepToReference-SequenceTransformStatus = OK
Seq_Frame0023_Timestamp = 2.516
Seq_Frame0024_ForcepToReference-SequenceTransform =0.508849 -0.13076 -0.850867 -84.7144 0.339171 -0.877997 0.337765 78.0119 -0.791225 -0.460461 -0.402417 112.147 0 0 0 1 
Seq_Frame0024_ForcepToReference-SequenceTransformStatus = OK
Seq_Frame0024_Timestamp = 2.627
Seq_Frame0025_ForcepToReference-SequenceTransform =0.490869 -0.129724 -0.861522 -87.6518 0.0852578 -0.976954 0.195682 86.1762 -0.867052 -0.169506 -0.468496 112.511 0 0 0 1 
Seq_Frame0025_ForcepToReference-SequenceTransformStatus = OK
Seq_Frame0025_Timestamp = 2.748
Seq_Frame0026_ForcepToReference-SequenceTransform =0.318415 -0.0103593 -0.947895 -97.4696 0.0641793 -0.99741 0.0324594 102.821 -0.945776 -0.0711708 -0.316926 83.3715 0 0 0 1 
Seq_Frame0026_ForcepToReference-SequenceTransformStatus = OK
Seq_Frame0026_Timestamp = 2.862
Seq_Frame0027_ForcepToReference-SequenceTransform =0.445967 -0.107561 -0.888563 -115.116 0.248944 -0.938675 0.238571 113.362 -0.859733 -0.327598 -0.391841 55.5833 0 0 0 1 
Seq_Frame0027_ForcepToReference-SequenceTransformStatus = OK
Seq_Frame0027_Timestamp = 2.967
Seq_Frame0028_ForcepToReference-SequenceTransform =0.447321 -0.284633 -0.847873 -137.022 0.0574385 -0.936908 0.344825 95.86 -0.892527 -0.202948 -0.402749 49.2755 0 0 0 1 
Seq_Frame0028_ForcepToReference-SequenceTransformStatus = OK
Seq_Frame0028_Timestamp = 3.071
Seq_Frame0029_ForcepToReference-SequenceTransform =0.284748 -0.363028 -0.887203 -158.026 -0.0602462 -0.930465 0.361394 83.5511 -0.956707 -0.0494555 -0.286819 38.4831 0 0 0 1 
Seq_Frame0029_ForcepToReference-SequenceTransformStatus = OK
Seq_Frame0029_Timestamp = 3.177
Seq_Frame0030_ForcepToReference-SequenceTransform =0.0437144 -0.443079 -0.895416 -184.22 -0.196791 -0.882532 0.427096 62.5453 -0.97947 0.15754 -0.125773 27.4059 0 0 0 1 
Seq_Frame0030_ForcepToReference-SequenceTransformStatus = OK
Seq_Frame0030_Timestamp = 3.286
Seq_Frame0031_ForcepToReference-SequenceTransform =-0.202839 -0.467964 -0.860155 -211.105 -0.192967 -0.842087 0.50364 55.8501 -0.960011 0.268139 0.0805063 13.962 0 0 0 1 
Seq_Frame0031_ForcepToReference-SequenceTransformStatus = OK
Seq_Frame0031_Timestamp = 3.393
Seq_Frame0032_ForcepToReference-SequenceTransform =-0.296761 -0.546508 -0.78311 -224.239 -0.0765764 -0.803793 0.58996 59.8537 -0.951877 0.235045 0.196685 5.21122 0 0 0 1 
Seq_Frame0032_ForcepToReference-SequenceTransformStatus = OK
Seq_Frame0032_Timestamp = 3.502
Seq_Frame0033_ForcepToReference-SequenceTransform =-0.306696 -0.555454 -0.772922 -222.189 -0.0727909 -0.795991 0.600916 62.4985 -0.94902 0.24056 0.203695 8.54901 0 0 0 1 
Seq_Frame0033_ForcepToReference-SequenceTransformStatus = OK
Seq_Frame0033_Timestamp = 3.607
Seq_Frame0034_ForcepToReference-SequenceTransform =-0.342036 -0.564317 -0.75137 -228.317 -0.073114 -0.78119 0.619997 60.5318 -0.936838 0.266997 0.225936 10.7656 0 0 0 1 
Seq_Frame0034_ForcepToReference-SequenceTransformStatus = OK
Seq_Frame0034_Timestamp = 3.712
Seq_Frame0035_ForcepToReference-SequenceTransform =-0.359088 -0.671636 -0.648044 -245.472 -0.0318867 -0.685121 0.727731 60.0587 -0.932759 0.281983 0.224602 9.96006 0 0 0 1 
Seq_Frame0035_ForcepToReference-SequenceTransformStatus = OK
Seq_Frame0035_Timestamp = 3.822
Seq_Frame0036_ForcepToReference-SequenceTransform =-0.405813 -0.698444 -0.589484 -255.019 -0.0246469 -0.636383 0.77098 60.7383 -0.913624 0.327402 0.241038 11.1539 0 0 0 1 
Seq_Frame0036_ForcepToReference-SequenceTransformStatus = OK
Seq_Frame0036_Timestamp = 3.924
Seq_Frame0037_ForcepToReference-SequenceTransform =-0.420214 -0.7009 -0.576333 -256.18 -0.0287848 -0.624514 0.780483 60.3819 -0.906968 0.344559 0.242254 12.8372 0 0 0 1 
Seq_Frame0037_ForcepToReference-SequenceTransformStatus = OK
Seq_Frame0037_Timestamp = 4.032
Seq_Frame0038_ForcepToReference-SequenceTransform =-0.423607 -0.699281 -0.575815 -254.736 -0.0264395 -0.625851 0.779495 58.3821 -0.90546 0.345424 0.246626 14.8437 0 0 0 1 
Seq_Frame0038_ForcepToReference-SequenceTransformStatus = OK
Seq_Frame0038_Timestamp = 4.137
Seq_Frame0039_ForcepToReference-SequenceTransform =-0.397276 -0.721288 -0.567376 -249.023 -0.0348439 -0.605958 0.794734 56.4553 -0.917037 0.335498 0.2156 19.5769 0 0 0 1 
Seq_Frame0039_ForcepToReference-SequenceTransformStatus = OK
Seq_Frame0039_Timestamp = 4.242
Seq_Frame0040_ForcepToReference-SequenceTransform =-0.37658 -0.732497 -0.567129 -235.748 -0.0122142 -0.608217 0.793677 60.1812 -0.926304 0.30581 0.220096 24.3944 0 0 0 1 
Seq_Frame0040_ForcepToReference-SequenceTransformStatus = OK
Seq_Frame0040_Timestamp = 4.347
Seq_Frame0041_ForcepToReference-SequenceTransform =-0.333293 -0.736669 -0.588417 -218.334 -0.00542625 -0.622592 0.782528 64.2095 -0.942808 0.264004 0.203508 30.7482 0 0 0 1 
Seq_Frame0041_ForcepToReference-SequenceTransformStatus = OK
Seq_Frame0041_Timestamp = 4.453
Seq_Frame0042_ForcepToReference-SequenceTransform =-0.304147 -0.738944 -0.601212 -208.274 -0.0168542 -0.626838 0.778967 64.4322 -0.952476 0.247054 0.178197 34.3473 0 0 0 1 
Seq_Frame0042_ForcepToReference-SequenceTransformStatus = OK
Seq_Frame0042_Timestamp = 4.557
Seq_Frame0043_ForcepToReference-SequenceTransform =-0.305476 -0.74659 -0.591005 -209.132 -0.0188195 -0.615819 0.787663 61.94 -0.952014 0.251734 0.174067 32.9185 0 0 0 1 
Seq_Frame0043_ForcepToReference-SequenceTransformStatus = OK
Seq_Frame0043_Timestamp = 4.665
Seq_Frame0044_ForcepToReference-SequenceTransform =-0.310651 -0.752914 -0.580187 -213.712 -0.00591318 -0.608843 0.793268 61.9279 -0.950506 0.24986 0.184686 29.6777 0 0 0 1 
Seq_Frame0044_ForcepToReference-SequenceTransformStatus = OK
Seq_Frame0044_Timestamp = 4.771
Seq_Frame0045_ForcepToReference-SequenceTransform =-0.309092 -0.755277 -0.577943 -214.867 -0.0114669 -0.604697 0.796373 60.6339 -0.950963 0.25278 0.178246 30.0558 0 0 0 1 
Seq_Frame0045_ForcepToReference-SequenceTransformStatus = OK
Seq_Frame0045_Timestamp = 4.876
Seq_Frame0046_ForcepToReference-SequenceTransform =-0.298923 -0.758472 -0.579107 -212.933 -0.0129537 -0.603573 0.797203 60.3792 -0.954189 0.245804 0.170597 31.5722 0 0 0 1 
Seq_Frame0046_ForcepToReference-SequenceTransformStatus = OK
Seq_Frame0046_Timestamp = 4.982
Seq_Frame0047_ForcepToReference-SequenceTransform =-0.303263 -0.75729 -0.578397 -213.547 -0.00046061 -0.606865 0.794805 62.505 -0.952907 0.241302 0.183691 30.5393 0 0 0 1 
Seq_Frame0047_ForcepToReference-SequenceTransformStatus = OK
Seq_Frame0047_Timestamp = 5.092
Seq_Frame0048_ForcepToReference-SequenceTransform =-0.309653 -0.76323 -0.567094 -217.202 0.0134174 -0.599855 0.799996 62.2834 -0.950755 0.240112 0.195988 28.1805 0 0 0 1 
Seq_Frame0048_ForcepToReference-SequenceTransformStatus = OK
Seq_Frame0048_Timestamp = 5.197
Seq_Frame0049_ForcepToReference-SequenceTransform =-0.311244 -0.763721 -0.565559 -218.266 0.0145137 -0.598869 0.800716 62.1255 -0.950219 0.24101 0.197479 25.8208 0 0 0 1 
Seq_Frame0049_ForcepToReference-SequenceTransformStatus = OK
Seq_Frame0049_Timestamp = 5.302
Seq_Frame0050_ForcepToReference-SequenceTransform =-0.316989 -0.757902 -0.570177 -218.735 0.024831 -0.607607 0.79385 65.2924 -0.948104 0.237484 0.211424 24.3414 0 0 0 1 
Seq_Frame0050_ForcepToReference-SequenceTransformStatus = OK
Seq_Frame0050_Timestamp = 5.407
Seq_Frame0051_ForcepToReference-SequenceTransform =-0.32399 -0.754907 -0.570216 -220.435 0.0288048 -0.610319 0.791632 66.9606 -0.945622 0.240056 0.219482 25.3062 0 0 0 1 
Seq_Frame0051_ForcepToReference-SequenceTransformStatus = OK
Seq_Frame0051_Timestamp = 5.515
Seq_Frame0052_ForcepToReference-SequenceTransform =-0.319454 -0.75432 -0.573542 -221.899 0.0241334 -0.611536 0.790848 67.1159 -0.947294 0.238798 0.213562 26.865 0 0 0 1 
Seq_Frame0052_ForcepToReference-SequenceTransformStatus = OK
Seq_Frame0052_Timestamp = 5.622
Seq_Frame0053_ForcepToReference-SequenceTransform =-0.319903 -0.754453 -0.573117 -224.499 0.026058 -0.611682 0.790674 67.4381 -0.947092 0.238004 0.215338 25.0308 0 0 0 1 
Seq_Frame0053_ForcepToReference-SequenceTransformStatus = OK
Seq_Frame0053_Timestamp = 5.727
Seq_Frame0054_ForcepToReference-SequenceTransform =-0.322796 -0.751533 -0.575327 -225.046 0.0313779 -0.61603 0.787097 67.2559 -0.945948 0.23602 0.222434 22.7676 0 0 0 1 
Seq_Frame0054_ForcepToReference-SequenceTransformStatus = OK
Seq_Frame0054_Timestamp = 5.832
Seq_Frame0055_ForcepToReference-SequenceTransform =-0.319022 -0.748669 -0.581137 -224.115 0.0345322 -0.621952 0.782294 67.2222 -0.947118 0.229501 0.224269 22.7212 0 0 0 1 
Seq_Frame0055_ForcepToReference-SequenceTransformStatus = OK
Seq_Frame0055_Timestamp = 5.941
Seq_Frame0056_ForcepToReference-SequenceTransform =-0.314598 -0.744349 -0.589044 -222.662 0.0314458 -0.628384 0.777268 67.511 -0.948704 0.226004 0.221095 23.7978 0 0 0 1 
Seq_Frame0056_ForcepToReference-SequenceTransformStatus = OK
Seq_Frame0056_Timestamp = 6.047
Seq_Frame0057_ForcepToReference-SequenceTransform =-0.308902 -0.743407 -0.593233 -222.529 0.0310803 -0.631294 0.77492 68.1041 -0.950586 0.220937 0.218114 23.8741 0 0 0 1 
Seq_Frame0057_ForcepToReference-SequenceTransformStatus = OK
Seq_Frame0057_Timestamp = 6.151
Seq_Frame0058_ForcepToReference-SequenceTransform =-0.315831 -0.73731 -0.597181 -223.253 0.027136 -0.636158 0.771081 68.874 -0.948427 0.227327 0.220926 22.874 0 0 0 1 
Seq_Frame0058_ForcepToReference-SequenceTransformStatus = OK
Seq_Frame0058_Timestamp = 6.262
Seq_Frame0059_ForcepToReference-SequenceTransform =-0.314309 -0.738656 -0.59632 -223.889 0.0350421 -0.636754 0.77027 69.3641 -0.948674 0.221207 0.226022 22.7429 0 0 0 1 
Seq_Frame0059_ForcepToReference-SequenceTransformStatus = OK
Seq_Frame0059_Timestamp = 6.373
Seq_Frame0060_ForcepToReference-SequenceTransform =-0.316737 -0.736104 -0.598187 -224.628 0.0307182 -0.638287 0.769185 70.2722 -0.948016 0.225254 0.224781 22.7533 0 0 0 1 
Seq_Frame0060_ForcepToReference-SequenceTransformStatus = OK
Seq_Frame0060_Timestamp = 6.487
Seq_Frame0061_ForcepToReference-SequenceTransform =-0.308792 -0.742363 -0.594596 -225.948 0.0357507 -0.633765 0.772699 69.9017 -0.950457 0.217347 0.222242 23.2225 0 0 0 1 
Seq_Frame0061_ForcepToReference-SequenceTransformStatus = OK
Seq_Frame0061_Timestamp = 6.591
Seq_Frame0062_ForcepToReference-SequenceTransform =-0.313287 -0.741072 -0.593855 -226.751 0.0371011 -0.634409 0.772106 70.0566 -0.948933 0.219858 0.226247 22.8219 0 0 0 1 
Seq_Frame0062_ForcepToReference-SequenceTransformStatus = OK
Seq_Frame0062_Timestamp = 6.697
Seq_Frame0063_ForcepToReference-SequenceTransform =-0.305407 -0.74415 -0.59411 -225.987 0.039786 -0.633348 0.772844 70.3994 -0.95139 0.212395 0.223036 23.4841 0 0 0 1 
Seq_Frame0063_ForcepToReference-SequenceTransformStatus = OK
Seq_Frame0063_Timestamp = 6.807
Seq_Frame0064_ForcepToReference-SequenceTransform =-0.299043 -0.750415 -0.589449 -222.41 0.0604209 -0.631367 0.773127 71.3304 -0.952325 0.195583 0.234147 24.5773 0 0 0 1 
Seq_Frame0064_ForcepToReference-SequenceTransformStatus = OK
Seq_Frame0064_Timestamp = 6.911
Seq_Frame0065_ForcepToReference-SequenceTransform =-0.283733 -0.768589 -0.573382 -208.69 0.0924289 -0.617092 0.781444 73.3896 -0.954438 0.168724 0.246129 29.4829 0 0 0 1 
Seq_Frame0065_ForcepToReference-SequenceTransformStatus = OK
Seq_Frame0065_Timestamp = 7.021
Seq_Frame0066_ForcepToReference-SequenceTransform =-0.211489 -0.83967 -0.500227 -184.575 0.137676 -0.532294 0.835289 76.2935 -0.967635 0.107785 0.228177 37.6288 0 0 0 1 
Seq_Frame0066_ForcepToReference-SequenceTransformStatus = OK
Seq_Frame0066_Timestamp = 7.127
Seq_Frame0067_ForcepToReference-SequenceTransform =-0.135003 -0.923008 -0.360319 -164.39 0.106821 -0.375087 0.920814 73.922 -0.98507 0.0858229 0.149234 48.4283 0 0 0 1 
Seq_Frame0067_ForcepToReference-SequenceTransformStatus = OK
Seq_Frame0067_Timestamp = 7.231
Seq_Frame0068_ForcepToReference-SequenceTransform =-0.0445927 -0.929856 -0.365211 -138.976 0.0477653 -0.367141 0.928938 72.2504 -0.997863 0.0239794 0.0607867 55.6138 0 0 0 1 
Seq_Frame0068_ForcepToReference-SequenceTransformStatus = OK
Seq_Frame0068_Timestamp = 7.34
Seq_Frame0069_ForcepToReference-SequenceTransform =-0.214435 -0.847514 -0.485528 -129.711 0.212807 -0.525688 0.823629 83.3427 -0.953274 0.0732911 0.293083 50.3618 0 0 0 1 
Seq_Frame0069_ForcepToReference-SequenceTransformStatus = OK
Seq_Frame0069_Timestamp = 7.452
Seq_Frame0070_ForcepToReference-SequenceTransform =-0.256314 -0.826834 -0.500649 -124.53 0.270518 -0.558616 0.784072 91.2517 -0.927967 0.0655338 0.366855 48.2704 0 0 0 1 
Seq_Frame0070_ForcepToReference-SequenceTransformStatus = OK
Seq_Frame0070_Timestamp = 7.557
Seq_Frame0071_ForcepToReference-SequenceTransform =-0.239978 -0.827692 -0.507283 -119.936 0.258146 -0.558147 0.788563 94.0736 -0.935826 0.0582851 0.347609 49.4068 0 0 0 1 
Seq_Frame0071_ForcepToReference-SequenceTransformStatus = OK
Seq_Frame0071_Timestamp = 7.657
Seq_Frame0072_ForcepToReference-SequenceTransform =-0.20136 -0.845194 -0.495078 -116.385 0.234452 -0.532326 0.813426 95.626 -0.951045 0.0477194 0.305346 52.1794 0 0 0 1 
Seq_Frame0072_ForcepToReference-SequenceTransformStatus = OK
Seq_Frame0072_Timestamp = 7.767
Seq_Frame0073_ForcepToReference-SequenceTransform =-0.206547 -0.860695 -0.465341 -118.293 0.243963 -0.505878 0.827387 95.6592 -0.947534 0.0573681 0.314465 52.3717 0 0 0 1 
Seq_Frame0073_ForcepToReference-SequenceTransformStatus = OK
Seq_Frame0073_Timestamp = 7.871
Seq_Frame0074_ForcepToReference-SequenceTransform =-0.200849 -0.867187 -0.455682 -118.208 0.233699 -0.494147 0.837379 96.8374 -0.951338 0.0616943 0.30191 52.5433 0 0 0 1 
Seq_Frame0074_ForcepToReference-SequenceTransformStatus = OK
Seq_Frame0074_Timestamp = 7.976
Seq_Frame0075_ForcepToReference-SequenceTransform =-0.199553 -0.865964 -0.458568 -116.148 0.217823 -0.495474 0.840868 96.8073 -0.95537 0.0679109 0.2875 53.905 0 0 0 1 
Seq_Frame0075_ForcepToReference-SequenceTransformStatus = OK
Seq_Frame0075_Timestamp = 8.082
Seq_Frame0076_ForcepToReference-SequenceTransform =-0.181346 -0.86637 -0.465314 -112.422 0.217669 -0.496785 0.840134 97.7411 -0.959027 0.0510705 0.278672 56.3905 0 0 0 1 
Seq_Frame0076_ForcepToReference-SequenceTransformStatus = OK
Seq_Frame0076_Timestamp = 8.192
Seq_Frame0077_ForcepToReference-SequenceTransform =-0.158543 -0.868124 -0.470345 -108.925 0.21378 -0.495252 0.842035 98.6363 -0.963931 0.032948 0.264106 59.1995 0 0 0 1 
Seq_Frame0077_ForcepToReference-SequenceTransformStatus = OK
Seq_Frame0077_Timestamp = 8.297
Seq_Frame0078_ForcepToReference-SequenceTransform =-0.0937873 -0.874829 -0.475267 -104.603 0.170835 -0.484432 0.857987 98.7312 -0.980826 -0.000723906 0.194885 60.6597 0 0 0 1 
Seq_Frame0078_ForcepToReference-SequenceTransformStatus = OK
Seq_Frame0078_Timestamp = 8.402
Seq_Frame0079_ForcepToReference-SequenceTransform =-0.0214177 -0.879577 -0.475275 -99.7085 0.142596 -0.473211 0.869332 97.7643 -0.989549 -0.0491531 0.135559 62.7061 0 0 0 1 
Seq_Frame0079_ForcepToReference-SequenceTransformStatus = OK
Seq_Frame0079_Timestamp = 8.515
Seq_Frame0080_ForcepToReference-SequenceTransform =0.0397108 -0.879092 -0.474995 -95.4797 0.135434 -0.466247 0.874226 99.2092 -0.98999 -0.0990466 0.100544 62.4339 0 0 0 1 
Seq_Frame0080_ForcepToReference-SequenceTransformStatus = OK
Seq_Frame0080_Timestamp = 8.617
Seq_Frame0081_ForcepToReference-SequenceTransform =0.0957925 -0.874264 -0.475906 -92.1798 0.140348 -0.461466 0.875986 100.812 -0.985457 -0.150706 0.0784964 61.2961 0 0 0 1 
Seq_Frame0081_ForcepToReference-SequenceTransformStatus = OK
Seq_Frame0081_Timestamp = 8.722
Seq_Frame0082_ForcepToReference-SequenceTransform =0.12556 -0.873966 -0.469486 -91.6496 0.146862 -0.451643 0.880028 101.74 -0.981156 -0.179446 0.0716438 59.9304 0 0 0 1 
Seq_Frame0082_ForcepToReference-SequenceTransformStatus = OK
Seq_Frame0082_Timestamp = 8.827
Seq_Frame0083_ForcepToReference-SequenceTransform =0.13925 -0.87343 -0.466615 -90.4283 0.13917 -0.449268 0.882491 103.065 -0.980429 -0.187826 0.0589945 59.9879 0 0 0 1 
Seq_Frame0083_ForcepToReference-SequenceTransformStatus = OK
Seq_Frame0083_Timestamp = 8.937
Seq_Frame0084_ForcepToReference-SequenceTransform =0.0724506 -0.868791 -0.48985 -90.5971 0.163999 -0.474079 0.865075 108.393 -0.983796 -0.14301 0.108133 60.35 0 0 0 1 
Seq_Frame0084_ForcepToReference-SequenceTransformStatus = OK
Seq_Frame0084_Timestamp = 9.041
Seq_Frame0085_ForcepToReference-SequenceTransform =0.0219888 -0.872418 -0.488265 -93.2796 0.188911 -0.475959 0.858939 109.818 -0.981748 -0.111126 0.154344 58.8945 0 0 0 1 
Seq_Frame0085_ForcepToReference-SequenceTransformStatus = OK
Seq_Frame0085_Timestamp = 9.142
Seq_Frame0086_ForcepToReference-SequenceTransform =0.0421871 -0.872242 -0.487252 -92.5596 0.180952 -0.47295 0.862308 107.341 -0.982587 -0.124547 0.137881 60.0335 0 0 0 1 
Seq_Frame0086_ForcepToReference-SequenceTransformStatus = OK
Seq_Frame0086_Timestamp = 9.252
Seq_Frame0087_ForcepToReference-SequenceTransform =0.094771 -0.862853 -0.496491 -88.3436 0.18381 -0.474993 0.860578 108.057 -0.978382 -0.172818 0.113586 61.7884 0 0 0 1 
Seq_Frame0087_ForcepToReference-SequenceTransformStatus = OK
Seq_Frame0087_Timestamp = 9.362
Seq_Frame0088_ForcepToReference-SequenceTransform =0.121262 -0.860669 -0.494513 -86.9897 0.224388 -0.461526 0.85828 110.866 -0.966926 -0.21504 0.137159 59.3032 0 0 0 1 
Seq_Frame0088_ForcepToReference-SequenceTransformStatus = OK
Seq_Frame0088_Timestamp = 9.466
Seq_Frame0089_ForcepToReference-SequenceTransform =0.152951 -0.852554 -0.499758 -83.8203 0.257177 -0.453945 0.853109 115.776 -0.954183 -0.25901 0.149826 56.7604 0 0 0 1 
Seq_Frame0089_ForcepToReference-SequenceTransformStatus = OK
Seq_Frame0089_Timestamp = 9.577
Seq_Frame0090_ForcepToReference-SequenceTransform =0.163644 -0.846227 -0.50707 -82.9239 0.289589 -0.450149 0.844692 118.534 -0.943058 -0.28507 0.171394 54.9365 0 0 0 1 
Seq_Frame0090_ForcepToReference-SequenceTransformStatus = OK
Seq_Frame0090_Timestamp = 9.682
Seq_Frame0091_ForcepToReference-SequenceTransform =0.187931 -0.833467 -0.519629 -79.0896 0.247207 -0.471886 0.846293 115.29 -0.950563 -0.287501 0.117357 57.9134 0 0 0 1 
Seq_Frame0091_ForcepToReference-SequenceTransformStatus = OK
Seq_Frame0091_Timestamp = 9.791
Seq_Frame0092_ForcepToReference-SequenceTransform =0.216281 -0.805044 -0.552384 -72.8479 0.201943 -0.516653 0.832039 115.505 -0.955218 -0.291504 0.0508309 60.5902 0 0 0 1 
Seq_Frame0092_ForcepToReference-SequenceTransformStatus = OK
Seq_Frame0092_Timestamp = 9.897
Seq_Frame0093_ForcepToReference-SequenceTransform =0.234328 -0.767462 -0.596735 -67.0586 0.138342 -0.581254 0.801876 111.388 -0.962264 -0.270456 -0.0300315 64.9094 0 0 0 1 
Seq_Frame0093_ForcepToReference-SequenceTransformStatus = OK
Seq_Frame0093_Timestamp = 10.002
Seq_Frame0094_ForcepToReference-SequenceTransform =0.284667 -0.698847 -0.656183 -57.3063 0.0142766 -0.681337 0.73183 109.178 -0.95852 -0.217696 -0.183977 75.8383 0 0 0 1 
Seq_Frame0094_ForcepToReference-SequenceTransformStatus = OK
Seq_Frame0094_Timestamp = 10.115
Seq_Frame0095_ForcepToReference-SequenceTransform =0.311244 -0.652259 -0.691148 -50.4404 -0.0599798 -0.739304 0.670695 110.981 -0.948435 -0.167295 -0.269226 83.6296 0 0 0 1 
Seq_Frame0095_ForcepToReference-SequenceTransformStatus = OK
Seq_Frame0095_Timestamp = 10.217
Seq_Frame0096_ForcepToReference-SequenceTransform =0.358551 -0.603452 -0.712241 -44.1038 -0.10891 -0.784801 0.610103 115.658 -0.927135 -0.141183 -0.347114 91.064 0 0 0 1 
Seq_Frame0096_ForcepToReference-SequenceTransformStatus = OK
Seq_Frame0096_Timestamp = 10.322
Seq_Frame0097_ForcepToReference-SequenceTransform =0.382911 -0.578261 -0.720412 -40.1402 -0.130026 -0.805821 0.577707 117.29 -0.914589 -0.127538 -0.383747 97.0317 0 0 0 1 
Seq_Frame0097_ForcepToReference-SequenceTransformStatus = OK
Seq_Frame0097_Timestamp = 10.427
Seq_Frame0098_ForcepToReference-SequenceTransform =0.410516 -0.558072 -0.721133 -36.9312 -0.133755 -0.819142 0.557777 119.551 -0.90199 -0.132521 -0.410916 101.778 0 0 0 1 
Seq_Frame0098_ForcepToReference-SequenceTransformStatus = OK
Seq_Frame0098_Timestamp = 10.537
Seq_Frame0099_ForcepToReference-SequenceTransform =0.423306 -0.549389 -0.720406 -36.2793 -0.112473 -0.820877 0.559921 122.236 -0.898978 -0.155991 -0.409273 103.08 0 0 0 1 
Seq_Frame0099_ForcepToReference-SequenceTransformStatus = OK
Seq_Frame0099_Timestamp = 10.642
Seq_Frame0100_ForcepToReference-SequenceTransform =0.433407 -0.549046 -0.714638 -36.5046 -0.11283 -0.819805 0.561417 121.758 -0.894107 -0.162689 -0.417258 104.007 0 0 0 1 
Seq_Frame0100_ForcepToReference-SequenceTransformStatus = OK
Seq_Frame0100_Timestamp = 10.752
Seq_Frame0101_ForcepToReference-SequenceTransform =0.427635 -0.553264 -0.714862 -36.9521 -0.120017 -0.818568 0.561732 120.524 -0.895949 -0.154421 -0.41645 104.74 0 0 0 1 
Seq_Frame0101_ForcepToReference-SequenceTransformStatus = OK
Seq_Frame0101_Timestamp = 10.856
Seq_Frame0102_ForcepToReference-SequenceTransform =0.416882 -0.566987 -0.710447 -38.7211 -0.108334 -0.807026 0.580494 120.002 -0.902481 -0.165032 -0.397859 102.661 0 0 0 1 
Seq_Frame0102_ForcepToReference-SequenceTransformStatus = OK
Seq_Frame0102_Timestamp = 10.962
Seq_Frame0103_ForcepToReference-SequenceTransform =0.304476 -0.641596 -0.704024 -47.9786 -0.0710468 -0.752355 0.654915 119.292 -0.949867 -0.149387 -0.274657 88.1409 0 0 0 1 
Seq_Frame0103_ForcepToReference-SequenceTransformStatus = OK
Seq_Frame0103_Timestamp = 11.066
Seq_Frame0104_ForcepToReference-SequenceTransform =0.182697 -0.734057 -0.654051 -60.444 0.000829327 -0.665132 0.746725 121.009 -0.983169 -0.136967 -0.120909 69.2694 0 0 0 1 
Seq_Frame0104_ForcepToReference-SequenceTransformStatus = OK
Seq_Frame0104_Timestamp = 11.173
Seq_Frame0105_ForcepToReference-SequenceTransform =0.0562292 -0.795448 -0.603408 -73.2975 0.142505 -0.591782 0.793402 128.123 -0.988196 -0.130601 0.08008 49.6911 0 0 0 1 
Seq_Frame0105_ForcepToReference-SequenceTransformStatus = OK
Seq_Frame0105_Timestamp = 11.282
Seq_Frame0106_ForcepToReference-SequenceTransform =-0.181358 -0.795839 -0.57771 -87.1415 0.385292 -0.597989 0.702822 140.503 -0.904798 -0.095125 0.415081 35.205 0 0 0 1 
Seq_Frame0106_ForcepToReference-SequenceTransformStatus = OK
Seq_Frame0106_Timestamp = 11.387
Seq_Frame0107_ForcepToReference-SequenceTransform =-0.414721 0.315863 0.853368 -92.9938 -0.873713 0.123788 -0.470427 132.152 -0.254228 -0.940695 0.224636 35.3027 0 0 0 1 
Seq_Frame0107_ForcepToReference-SequenceTransformStatus = OK
Seq_Frame0107_Timestamp = 11.551
Seq_Frame0108_ForcepToReference-SequenceTransform =-0.39575 0.275005 0.876216 -86.4515 -0.901262 0.0669434 -0.428073 125.191 -0.176379 -0.959109 0.221358 35.9709 0 0 0 1 
Seq_Frame0108_ForcepToReference-SequenceTransformStatus = OK
Seq_Frame0108_Timestamp = 11.658
Seq_Frame0109_ForcepToReference-SequenceTransform =-0.393532 0.237076 0.888216 -73.1231 -0.903566 0.0783008 -0.421233 125.347 -0.169412 -0.96833 0.1834 30.5996 0 0 0 1 
Seq_Frame0109_ForcepToReference-SequenceTransformStatus = OK
Seq_Frame0109_Timestamp = 11.773
Seq_Frame0110_ForcepToReference-SequenceTransform =-0.397713 0.202051 0.894986 -62.9795 -0.858603 0.261923 -0.440677 135.903 -0.323457 -0.943701 0.0693115 26.8173 0 0 0 1 
Seq_Frame0110_ForcepToReference-SequenceTransformStatus = OK
Seq_Frame0110_Timestamp = 11.876
Seq_Frame0111_ForcepToReference-SequenceTransform =0.0546286 -0.980308 -0.18977 24.5246 0.882623 -0.0414598 0.46825 179.586 -0.466897 -0.193075 0.862977 48.2824 0 0 0 1 
Seq_Frame0111_ForcepToReference-SequenceTransformStatus = OK
Seq_Frame0111_Timestamp = 12.916
Seq_Frame0112_ForcepToReference-SequenceTransform =0.06293 -0.979874 -0.189438 26.3524 0.888966 -0.0312414 0.456905 181.456 -0.453628 -0.197157 0.869109 50.6324 0 0 0 1 
Seq_Frame0112_ForcepToReference-SequenceTransformStatus = OK
Seq_Frame0112_Timestamp = 13.023
Seq_Frame0113_ForcepToReference-SequenceTransform =0.0700319 -0.979032 -0.191291 28.3714 0.90304 -0.0192501 0.429126 183.49 -0.42381 -0.202796 0.882756 53.4289 0 0 0 1 
Seq_Frame0113_ForcepToReference-SequenceTransformStatus = OK
Seq_Frame0113_Timestamp = 13.126
Seq_Frame0114_ForcepToReference-SequenceTransform =0.0778653 -0.977807 -0.194503 30.5111 0.910478 -0.00973739 0.413443 183.388 -0.406161 -0.209284 0.889513 55.7871 0 0 0 1 
Seq_Frame0114_ForcepToReference-SequenceTransformStatus = OK
Seq_Frame0114_Timestamp = 13.232
Seq_Frame0115_ForcepToReference-SequenceTransform =0.0829189 -0.97899 -0.186288 32.1792 0.903695 -0.00492929 0.428149 181.852 -0.420072 -0.203849 0.884299 56.0501 0 0 0 1 
Seq_Frame0115_ForcepToReference-SequenceTransformStatus = OK
Seq_Frame0115_Timestamp = 13.342
Seq_Frame0116_ForcepToReference-SequenceTransform =0.0832161 -0.978298 -0.18976 32.6955 0.913061 -0.00143778 0.40782 183.753 -0.399242 -0.2072 0.893126 56.6255 0 0 0 1 
Seq_Frame0116_ForcepToReference-SequenceTransformStatus = OK
Seq_Frame0116_Timestamp = 13.447
Seq_Frame0117_ForcepToReference-SequenceTransform =0.0752895 -0.978462 -0.192207 32.5093 0.913621 -0.00954255 0.406454 183.851 -0.399534 -0.206206 0.893226 58.0453 0 0 0 1 
Seq_Frame0117_ForcepToReference-SequenceTransformStatus = OK
Seq_Frame0117_Timestamp = 13.552
Seq_Frame0118_ForcepToReference-SequenceTransform =0.0655982 -0.979124 -0.192387 31.9812 0.910297 -0.0202531 0.41346 184.259 -0.408725 -0.202251 0.889965 58.8512 0 0 0 1 
Seq_Frame0118_ForcepToReference-SequenceTransformStatus = OK
Seq_Frame0118_Timestamp = 13.656
Seq_Frame0119_ForcepToReference-SequenceTransform =0.0681918 -0.979574 -0.189169 32.2999 0.916884 -0.013212 0.398935 185.057 -0.393286 -0.20065 0.897255 59.4798 0 0 0 1 
Seq_Frame0119_ForcepToReference-SequenceTransformStatus = OK
Seq_Frame0119_Timestamp = 13.767
Seq_Frame0120_ForcepToReference-SequenceTransform =0.0687452 -0.978488 -0.194511 32.3297 0.916699 -0.0149717 0.399299 185.189 -0.393621 -0.205758 0.89595 60.2608 0 0 0 1 
Seq_Frame0120_ForcepToReference-SequenceTransformStatus = OK
Seq_Frame0120_Timestamp = 13.872
Seq_Frame0121_ForcepToReference-SequenceTransform =0.0679692 -0.977627 -0.199061 32.4862 0.917036 -0.0173692 0.398426 185.281 -0.39297 -0.209626 0.895339 61.3764 0 0 0 1 
Seq_Frame0121_ForcepToReference-SequenceTransformStatus = OK
Seq_Frame0121_Timestamp = 13.981
Seq_Frame0122_ForcepToReference-SequenceTransform =0.0719703 -0.979159 -0.189916 33.1192 0.922014 -0.00730922 0.387089 186.557 -0.380409 -0.202964 0.902272 62.7604 0 0 0 1 
Seq_Frame0122_ForcepToReference-SequenceTransformStatus = OK
Seq_Frame0122_Timestamp = 14.087
Seq_Frame0123_ForcepToReference-SequenceTransform =0.0762349 -0.977411 -0.197118 33.6146 0.922068 -0.00612528 0.386979 188.134 -0.379445 -0.211258 0.900773 63.1113 0 0 0 1 
Seq_Frame0123_ForcepToReference-SequenceTransformStatus = OK
Seq_Frame0123_Timestamp = 14.196
Seq_Frame0124_ForcepToReference-SequenceTransform =0.0765056 -0.972966 -0.217909 34.7628 0.929919 -0.00921918 0.367649 191.381 -0.359719 -0.230765 0.904074 64.6201 0 0 0 1 
Seq_Frame0124_ForcepToReference-SequenceTransformStatus = OK
Seq_Frame0124_Timestamp = 14.306
Seq_Frame0125_ForcepToReference-SequenceTransform =0.0653831 -0.972709 -0.222626 35.3414 0.928888 -0.0221757 0.369696 193.098 -0.364544 -0.230967 0.902088 62.72 0 0 0 1 
Seq_Frame0125_ForcepToReference-SequenceTransformStatus = OK
Seq_Frame0125_Timestamp = 14.417
Seq_Frame0126_ForcepToReference-SequenceTransform =0.0422914 -0.981813 -0.185082 28.4918 0.940623 -0.0233223 0.338652 192.377 -0.33681 -0.188414 0.922529 60.9257 0 0 0 1 
Seq_Frame0126_ForcepToReference-SequenceTransformStatus = OK
Seq_Frame0126_Timestamp = 14.526
Seq_Frame0127_ForcepToReference-SequenceTransform =0.0471149 -0.983493 -0.174702 22.682 0.952967 -0.00816445 0.302965 193.434 -0.29939 -0.18076 0.936852 60.8696 0 0 0 1 
Seq_Frame0127_ForcepToReference-SequenceTransformStatus = OK
Seq_Frame0127_Timestamp = 14.632
Seq_Frame0128_ForcepToReference-SequenceTransform =0.0508706 -0.981586 -0.184125 21.0667 0.949576 -0.0095737 0.313391 190.286 -0.309382 -0.190783 0.931603 61.9734 0 0 0 1 
Seq_Frame0128_ForcepToReference-SequenceTransformStatus = OK
Seq_Frame0128_Timestamp = 14.737
Seq_Frame0129_ForcepToReference-SequenceTransform =0.0229915 -0.979713 -0.199083 23.0121 0.937798 -0.0478673 0.343865 189.467 -0.346418 -0.194606 0.917673 62.8082 0 0 0 1 
Seq_Frame0129_ForcepToReference-SequenceTransformStatus = OK
Seq_Frame0129_Timestamp = 14.842
Seq_Frame0130_ForcepToReference-SequenceTransform =-0.000701619 -0.975389 -0.220488 26.8826 0.885853 -0.102905 0.452409 180.933 -0.463965 -0.195003 0.864124 60.9463 0 0 0 1 
Seq_Frame0130_ForcepToReference-SequenceTransformStatus = OK
Seq_Frame0130_Timestamp = 14.951
Seq_Frame0131_ForcepToReference-SequenceTransform =0.118788 -0.983322 -0.137722 28.5603 0.54313 -0.0517644 0.838052 117.294 -0.831204 -0.174351 0.527922 55.8451 0 0 0 1 
Seq_Frame0131_ForcepToReference-SequenceTransformStatus = OK
Seq_Frame0131_Timestamp = 15.807
Seq_Frame0132_ForcepToReference-SequenceTransform =0.205079 -0.978216 -0.0321821 29.0561 0.43597 0.0618617 0.897833 110.871 -0.876284 -0.198157 0.439159 56.5004 0 0 0 1 
Seq_Frame0132_ForcepToReference-SequenceTransformStatus = OK
Seq_Frame0132_Timestamp = 15.912
Seq_Frame0133_ForcepToReference-SequenceTransform =0.199221 -0.976922 -0.0770422 31.7778 0.52604 0.0402797 0.849506 118.749 -0.826797 -0.209766 0.521924 55.995 0 0 0 1 
Seq_Frame0133_ForcepToReference-SequenceTransformStatus = OK
Seq_Frame0133_Timestamp = 16.017
Seq_Frame0134_ForcepToReference-SequenceTransform =0.193276 -0.97233 -0.131218 30.9193 0.532483 -0.00837807 0.846399 116.554 -0.824079 -0.23346 0.51613 56.6949 0 0 0 1 
Seq_Frame0134_ForcepToReference-SequenceTransformStatus = OK
Seq_Frame0134_Timestamp = 16.127
Seq_Frame0135_ForcepToReference-SequenceTransform =0.196647 -0.969368 -0.14716 30.6394 0.535688 -0.0194873 0.844191 115.61 -0.8212 -0.244839 0.515446 57.5779 0 0 0 1 
Seq_Frame0135_ForcepToReference-SequenceTransformStatus = OK
Seq_Frame0135_Timestamp = 16.231
Seq_Frame0136_ForcepToReference-SequenceTransform =0.194402 -0.969638 -0.148357 30.8078 0.530552 -0.023274 0.847333 115.11 -0.825059 -0.243434 0.509919 57.7831 0 0 0 1 
Seq_Frame0136_ForcepToReference-SequenceTransformStatus = OK
Seq_Frame0136_Timestamp = 16.337
Seq_Frame0137_ForcepToReference-SequenceTransform =0.188512 -0.969682 -0.155498 31.2451 0.541932 -0.0293332 0.83991 115.765 -0.819007 -0.242603 0.519972 58.1074 0 0 0 1 
Seq_Frame0137_ForcepToReference-SequenceTransformStatus = OK
Seq_Frame0137_Timestamp = 16.442
Seq_Frame0138_ForcepToReference-SequenceTransform =0.182162 -0.971259 -0.153207 31.0868 0.546111 -0.0296339 0.837188 116.361 -0.817667 -0.236172 0.525017 57.6739 0 0 0 1 
Seq_Frame0138_ForcepToReference-SequenceTransformStatus = OK
Seq_Frame0138_Timestamp = 16.552
Seq_Frame0139_ForcepToReference-SequenceTransform =0.187666 -0.97015 -0.15359 30.9836 0.548522 -0.0262029 0.835726 116.956 -0.814804 -0.241085 0.527231 57.951 0 0 0 1 
Seq_Frame0139_ForcepToReference-SequenceTransformStatus = OK
Seq_Frame0139_Timestamp = 16.657
Seq_Frame0140_ForcepToReference-SequenceTransform =0.199967 -0.967397 -0.155425 30.4085 0.533997 -0.0253965 0.845105 116.461 -0.821499 -0.251989 0.511509 58.0169 0 0 0 1 
Seq_Frame0140_ForcepToReference-SequenceTransformStatus = OK
Seq_Frame0140_Timestamp = 16.766
Seq_Frame0141_ForcepToReference-SequenceTransform =0.191393 -0.970219 -0.148474 29.7329 0.537321 -0.0230189 0.843064 116.634 -0.821374 -0.241135 0.516913 57.7349 0 0 0 1 
Seq_Frame0141_ForcepToReference-SequenceTransformStatus = OK
Seq_Frame0141_Timestamp = 16.877
Seq_Frame0142_ForcepToReference-SequenceTransform =0.180613 -0.973288 -0.141734 29.412 0.542622 -0.0215855 0.839699 116.806 -0.820329 -0.228569 0.524229 57.8459 0 0 0 1 
Seq_Frame0142_ForcepToReference-SequenceTransformStatus = OK
Seq_Frame0142_Timestamp = 16.981
Seq_Frame0143_ForcepToReference-SequenceTransform =0.18151 -0.973241 -0.140913 28.9749 0.53938 -0.0212865 0.841794 117.252 -0.822267 -0.228799 0.521083 58.3175 0 0 0 1 
Seq_Frame0143_ForcepToReference-SequenceTransformStatus = OK
Seq_Frame0143_Timestamp = 17.087
Seq_Frame0144_ForcepToReference-SequenceTransform =0.182713 -0.972656 -0.143376 28.905 0.535792 -0.0237648 0.844015 116.777 -0.824344 -0.231032 0.516799 58.5999 0 0 0 1 
Seq_Frame0144_ForcepToReference-SequenceTransformStatus = OK
Seq_Frame0144_Timestamp = 17.196
Seq_Frame0145_ForcepToReference-SequenceTransform =0.187713 -0.970939 -0.148465 28.8662 0.540333 -0.0241492 0.841105 117.388 -0.820246 -0.238107 0.520097 58.9565 0 0 0 1 
Seq_Frame0145_ForcepToReference-SequenceTransformStatus = OK
Seq_Frame0145_Timestamp = 17.302
Seq_Frame0146_ForcepToReference-SequenceTransform =0.17994 -0.971877 -0.151909 29.1518 0.545286 -0.0299806 0.837713 117.59 -0.818709 -0.233572 0.524557 58.4938 0 0 0 1 
Seq_Frame0146_ForcepToReference-SequenceTransformStatus = OK
Seq_Frame0146_Timestamp = 17.407
Seq_Frame0147_ForcepToReference-SequenceTransform =0.177298 -0.972339 -0.152061 29.3273 0.550765 -0.030018 0.83412 117.738 -0.815612 -0.231638 0.530208 58.5368 0 0 0 1 
Seq_Frame0147_ForcepToReference-SequenceTransformStatus = OK
Seq_Frame0147_Timestamp = 17.512
Seq_Frame0148_ForcepToReference-SequenceTransform =0.183547 -0.969917 -0.159913 29.4894 0.554575 -0.032146 0.831513 118.266 -0.811639 -0.241305 0.531991 58.6314 0 0 0 1 
Seq_Frame0148_ForcepToReference-SequenceTransformStatus = OK
Seq_Frame0148_Timestamp = 17.621
Seq_Frame0149_ForcepToReference-SequenceTransform =0.180756 -0.97031 -0.160704 29.6851 0.558504 -0.033231 0.828836 118.441 -0.809568 -0.239571 0.535916 58.6105 0 0 0 1 
Seq_Frame0149_ForcepToReference-SequenceTransformStatus = OK
Seq_Frame0149_Timestamp = 17.727
