ObjectType = Image
NDims = 3
AnatomicalOrientation = RAI
BinaryData = True
CompressedData = False
DimSize = 0 0 1601
ElementSpacing = 1 1 1
Offset = 0 0 0
TransformMatrix = 1 0 0 0 1 0 0 0 1
ElementType = MET_UCHAR
Kinds = domain domain list
Seq_Frame0000_DriverTipToDriver-SequenceTransform =0.967846 3.03577e-17 -0.251544 12.993 -0.25151 -0.0162913 -0.967718 -77.3729 -0.00409798 0.999867 -0.0157675 -11.5659 0 0 0 1 
Seq_Frame0000_DriverTipToDriver-SequenceTransformStatus = OK
Seq_Frame0000_Timestamp = 0.00300002
Seq_Frame0001_DriverTipToDriver-SequenceTransform =0.967846 3.03577e-17 -0.251544 12.993 -0.25151 -0.0162913 -0.967718 -77.3729 -0.00409798 0.999867 -0.0157675 -11.5659 0 0 0 1 
Seq_Frame0001_DriverTipToDriver-SequenceTransformStatus = OK
Seq_Frame0001_Timestamp = 0.11
Seq_Frame0002_DriverTipToDriver-SequenceTransform =0.967846 3.03577e-17 -0.251544 12.993 -0.25151 -0.0162913 -0.967718 -77.3729 -0.00409798 0.999867 -0.0157675 -11.5659 0 0 0 1 
Seq_Frame0002_DriverTipToDriver-SequenceTransformStatus = OK
Seq_Frame0002_Timestamp = 0.21
Seq_Frame0003_DriverTipToDriver-SequenceTransform =0.967846 3.03577e-17 -0.251544 12.993 -0.25151 -0.0162913 -0.967718 -77.3729 -0.00409798 0.999867 -0.0157675 -11.5659 0 0 0 1 
Seq_Frame0003_DriverTipToDriver-SequenceTransformStatus = OK
Seq_Frame0003_Timestamp = 0.319
Seq_Frame0004_DriverTipToDriver-SequenceTransform =0.967846 3.03577e-17 -0.251544 12.993 -0.25151 -0.0162913 -0.967718 -77.3729 -0.00409798 0.999867 -0.0157675 -11.5659 0 0 0 1 
Seq_Frame0004_DriverTipToDriver-SequenceTransformStatus = OK
Seq_Frame0004_Timestamp = 0.427
Seq_Frame0005_DriverTipToDriver-SequenceTransform =0.967846 3.03577e-17 -0.251544 12.993 -0.25151 -0.0162913 -0.967718 -77.3729 -0.00409798 0.999867 -0.0157675 -11.5659 0 0 0 1 
Seq_Frame0005_DriverTipToDriver-SequenceTransformStatus = OK
Seq_Frame0005_Timestamp = 0.534
Seq_Frame0006_DriverTipToDriver-SequenceTransform =0.967846 3.03577e-17 -0.251544 12.993 -0.25151 -0.0162913 -0.967718 -77.3729 -0.00409798 0.999867 -0.0157675 -11.5659 0 0 0 1 
Seq_Frame0006_DriverTipToDriver-SequenceTransformStatus = OK
Seq_Frame0006_Timestamp = 0.643
Seq_Frame0007_DriverTipToDriver-SequenceTransform =0.967846 3.03577e-17 -0.251544 12.993 -0.25151 -0.0162913 -0.967718 -77.3729 -0.00409798 0.999867 -0.0157675 -11.5659 0 0 0 1 
Seq_Frame0007_DriverTipToDriver-SequenceTransformStatus = OK
Seq_Frame0007_Timestamp = 0.749
Seq_Frame0008_DriverTipToDriver-SequenceTransform =0.967846 3.03577e-17 -0.251544 12.993 -0.25151 -0.0162913 -0.967718 -77.3729 -0.00409798 0.999867 -0.0157675 -11.5659 0 0 0 1 
Seq_Frame0008_DriverTipToDriver-SequenceTransformStatus = OK
Seq_Frame0008_Timestamp = 0.854
Seq_Frame0009_DriverTipToDriver-SequenceTransform =0.967846 3.03577e-17 -0.251544 12.993 -0.25151 -0.0162913 -0.967718 -77.3729 -0.00409798 0.999867 -0.0157675 -11.5659 0 0 0 1 
Seq_Frame0009_DriverTipToDriver-SequenceTransformStatus = OK
Seq_Frame0009_Timestamp = 0.954
Seq_Frame0010_DriverTipToDriver-SequenceTransform =0.967846 3.03577e-17 -0.251544 12.993 -0.25151 -0.0162913 -0.967718 -77.3729 -0.00409798 0.999867 -0.0157675 -11.5659 0 0 0 1 
Seq_Frame0010_DriverTipToDriver-SequenceTransformStatus = OK
Seq_Frame0010_Timestamp = 1.058
Seq_Frame0011_DriverTipToDriver-SequenceTransform =0.967846 3.03577e-17 -0.251544 12.993 -0.25151 -0.0162913 -0.967718 -77.3729 -0.00409798 0.999867 -0.0157675 -11.5659 0 0 0 1 
Seq_Frame0011_DriverTipToDriver-SequenceTransformStatus = OK
Seq_Frame0011_Timestamp = 1.159
Seq_Frame0012_DriverTipToDriver-SequenceTransform =0.967846 3.03577e-17 -0.251544 12.993 -0.25151 -0.0162913 -0.967718 -77.3729 -0.00409798 0.999867 -0.0157675 -11.5659 0 0 0 1 
Seq_Frame0012_DriverTipToDriver-SequenceTransformStatus = OK
Seq_Frame0012_Timestamp = 1.264
Seq_Frame0013_DriverTipToDriver-SequenceTransform =0.967846 3.03577e-17 -0.251544 12.993 -0.25151 -0.0162913 -0.967718 -77.3729 -0.00409798 0.999867 -0.0157675 -11.5659 0 0 0 1 
Seq_Frame0013_DriverTipToDriver-SequenceTransformStatus = OK
Seq_Frame0013_Timestamp = 1.368
Seq_Frame0014_DriverTipToDriver-SequenceTransform =0.967846 3.03577e-17 -0.251544 12.993 -0.25151 -0.0162913 -0.967718 -77.3729 -0.00409798 0.999867 -0.0157675 -11.5659 0 0 0 1 
Seq_Frame0014_DriverTipToDriver-SequenceTransformStatus = OK
Seq_Frame0014_Timestamp = 1.471
Seq_Frame0015_DriverTipToDriver-SequenceTransform =0.967846 3.03577e-17 -0.251544 12.993 -0.25151 -0.0162913 -0.967718 -77.3729 -0.00409798 0.999867 -0.0157675 -11.5659 0 0 0 1 
Seq_Frame0015_DriverTipToDriver-SequenceTransformStatus = OK
Seq_Frame0015_Timestamp = 1.574
Seq_Frame0016_DriverTipToDriver-SequenceTransform =0.967846 3.03577e-17 -0.251544 12.993 -0.25151 -0.0162913 -0.967718 -77.3729 -0.00409798 0.999867 -0.0157675 -11.5659 0 0 0 1 
Seq_Frame0016_DriverTipToDriver-SequenceTransformStatus = OK
Seq_Frame0016_Timestamp = 1.674
Seq_Frame0017_DriverTipToDriver-SequenceTransform =0.967846 3.03577e-17 -0.251544 12.993 -0.25151 -0.0162913 -0.967718 -77.3729 -0.00409798 0.999867 -0.0157675 -11.5659 0 0 0 1 
Seq_Frame0017_DriverTipToDriver-SequenceTransformStatus = OK
Seq_Frame0017_Timestamp = 1.784
Seq_Frame0018_DriverTipToDriver-SequenceTransform =0.967846 3.03577e-17 -0.251544 12.993 -0.25151 -0.0162913 -0.967718 -77.3729 -0.00409798 0.999867 -0.0157675 -11.5659 0 0 0 1 
Seq_Frame0018_DriverTipToDriver-SequenceTransformStatus = OK
Seq_Frame0018_Timestamp = 1.893
Seq_Frame0019_DriverTipToDriver-SequenceTransform =0.967846 3.03577e-17 -0.251544 12.993 -0.25151 -0.0162913 -0.967718 -77.3729 -0.00409798 0.999867 -0.0157675 -11.5659 0 0 0 1 
Seq_Frame0019_DriverTipToDriver-SequenceTransformStatus = OK
Seq_Frame0019_Timestamp = 1.998
Seq_Frame0020_DriverTipToDriver-SequenceTransform =0.967846 3.03577e-17 -0.251544 12.993 -0.25151 -0.0162913 -0.967718 -77.3729 -0.00409798 0.999867 -0.0157675 -11.5659 0 0 0 1 
Seq_Frame0020_DriverTipToDriver-SequenceTransformStatus = OK
Seq_Frame0020_Timestamp = 2.103
Seq_Frame0021_DriverTipToDriver-SequenceTransform =0.967846 3.03577e-17 -0.251544 12.993 -0.25151 -0.0162913 -0.967718 -77.3729 -0.00409798 0.999867 -0.0157675 -11.5659 0 0 0 1 
Seq_Frame0021_DriverTipToDriver-SequenceTransformStatus = OK
Seq_Frame0021_Timestamp = 2.213
Seq_Frame0022_DriverTipToDriver-SequenceTransform =0.967846 3.03577e-17 -0.251544 12.993 -0.25151 -0.0162913 -0.967718 -77.3729 -0.00409798 0.999867 -0.0157675 -11.5659 0 0 0 1 
Seq_Frame0022_DriverTipToDriver-SequenceTransformStatus = OK
Seq_Frame0022_Timestamp = 4.689
Seq_Frame0023_DriverTipToDriver-SequenceTransform =0.967846 3.03577e-17 -0.251544 12.993 -0.25151 -0.0162913 -0.967718 -77.3729 -0.00409798 0.999867 -0.0157675 -11.5659 0 0 0 1 
Seq_Frame0023_DriverTipToDriver-SequenceTransformStatus = OK
Seq_Frame0023_Timestamp = 4.789
Seq_Frame0024_DriverTipToDriver-SequenceTransform =0.967846 3.03577e-17 -0.251544 12.993 -0.25151 -0.0162913 -0.967718 -77.3729 -0.00409798 0.999867 -0.0157675 -11.5659 0 0 0 1 
Seq_Frame0024_DriverTipToDriver-SequenceTransformStatus = OK
Seq_Frame0024_Timestamp = 4.893
Seq_Frame0025_DriverTipToDriver-SequenceTransform =0.967846 3.03577e-17 -0.251544 12.993 -0.25151 -0.0162913 -0.967718 -77.3729 -0.00409798 0.999867 -0.0157675 -11.5659 0 0 0 1 
Seq_Frame0025_DriverTipToDriver-SequenceTransformStatus = OK
Seq_Frame0025_Timestamp = 4.993
Seq_Frame0026_DriverTipToDriver-SequenceTransform =0.967846 3.03577e-17 -0.251544 12.993 -0.25151 -0.0162913 -0.967718 -77.3729 -0.00409798 0.999867 -0.0157675 -11.5659 0 0 0 1 
Seq_Frame0026_DriverTipToDriver-SequenceTransformStatus = OK
Seq_Frame0026_Timestamp = 5.094
Seq_Frame0027_DriverTipToDriver-SequenceTransform =0.967846 3.03577e-17 -0.251544 12.993 -0.25151 -0.0162913 -0.967718 -77.3729 -0.00409798 0.999867 -0.0157675 -11.5659 0 0 0 1 
Seq_Frame0027_DriverTipToDriver-SequenceTransformStatus = OK
Seq_Frame0027_Timestamp = 5.194
Seq_Frame0028_DriverTipToDriver-SequenceTransform =0.967846 3.03577e-17 -0.251544 12.993 -0.25151 -0.0162913 -0.967718 -77.3729 -0.00409798 0.999867 -0.0157675 -11.5659 0 0 0 1 
Seq_Frame0028_DriverTipToDriver-SequenceTransformStatus = OK
Seq_Frame0028_Timestamp = 5.295
Seq_Frame0029_DriverTipToDriver-SequenceTransform =0.967846 3.03577e-17 -0.251544 12.993 -0.25151 -0.0162913 -0.967718 -77.3729 -0.00409798 0.999867 -0.0157675 -11.5659 0 0 0 1 
Seq_Frame0029_DriverTipToDriver-SequenceTransformStatus = OK
Seq_Frame0029_Timestamp = 5.399
Seq_Frame0030_DriverTipToDriver-SequenceTransform =0.967846 3.03577e-17 -0.251544 12.993 -0.25151 -0.0162913 -0.967718 -77.3729 -0.00409798 0.999867 -0.0157675 -11.5659 0 0 0 1 
Seq_Frame0030_DriverTipToDriver-SequenceTransformStatus = OK
Seq_Frame0030_Timestamp = 5.508
Seq_Frame0031_DriverTipToDriver-SequenceTransform =0.967846 3.03577e-17 -0.251544 12.993 -0.25151 -0.0162913 -0.967718 -77.3729 -0.00409798 0.999867 -0.0157675 -11.5659 0 0 0 1 
Seq_Frame0031_DriverTipToDriver-SequenceTransformStatus = OK
Seq_Frame0031_Timestamp = 5.608
Seq_Frame0032_DriverTipToDriver-SequenceTransform =0.967846 3.03577e-17 -0.251544 12.993 -0.25151 -0.0162913 -0.967718 -77.3729 -0.00409798 0.999867 -0.0157675 -11.5659 0 0 0 1 
Seq_Frame0032_DriverTipToDriver-SequenceTransformStatus = OK
Seq_Frame0032_Timestamp = 5.714
Seq_Frame0033_DriverTipToDriver-SequenceTransform =0.967846 3.03577e-17 -0.251544 12.993 -0.25151 -0.0162913 -0.967718 -77.3729 -0.00409798 0.999867 -0.0157675 -11.5659 0 0 0 1 
Seq_Frame0033_DriverTipToDriver-SequenceTransformStatus = OK
Seq_Frame0033_Timestamp = 7.568
Seq_Frame0034_DriverTipToDriver-SequenceTransform =0.967846 3.03577e-17 -0.251544 12.993 -0.25151 -0.0162913 -0.967718 -77.3729 -0.00409798 0.999867 -0.0157675 -11.5659 0 0 0 1 
Seq_Frame0034_DriverTipToDriver-SequenceTransformStatus = OK
Seq_Frame0034_Timestamp = 7.708
Seq_Frame0035_DriverTipToDriver-SequenceTransform =0.967846 3.03577e-17 -0.251544 12.993 -0.25151 -0.0162913 -0.967718 -77.3729 -0.00409798 0.999867 -0.0157675 -11.5659 0 0 0 1 
Seq_Frame0035_DriverTipToDriver-SequenceTransformStatus = OK
Seq_Frame0035_Timestamp = 7.809
Seq_Frame0036_DriverTipToDriver-SequenceTransform =0.967846 3.03577e-17 -0.251544 12.993 -0.25151 -0.0162913 -0.967718 -77.3729 -0.00409798 0.999867 -0.0157675 -11.5659 0 0 0 1 
Seq_Frame0036_DriverTipToDriver-SequenceTransformStatus = OK
Seq_Frame0036_Timestamp = 8.013
Seq_Frame0037_DriverTipToDriver-SequenceTransform =0.967846 3.03577e-17 -0.251544 12.993 -0.25151 -0.0162913 -0.967718 -77.3729 -0.00409798 0.999867 -0.0157675 -11.5659 0 0 0 1 
Seq_Frame0037_DriverTipToDriver-SequenceTransformStatus = OK
Seq_Frame0037_Timestamp = 8.114
Seq_Frame0038_DriverTipToDriver-SequenceTransform =0.967846 3.03577e-17 -0.251544 12.993 -0.25151 -0.0162913 -0.967718 -77.3729 -0.00409798 0.999867 -0.0157675 -11.5659 0 0 0 1 
Seq_Frame0038_DriverTipToDriver-SequenceTransformStatus = OK
Seq_Frame0038_Timestamp = 8.224
Seq_Frame0039_DriverTipToDriver-SequenceTransform =0.967846 3.03577e-17 -0.251544 12.993 -0.25151 -0.0162913 -0.967718 -77.3729 -0.00409798 0.999867 -0.0157675 -11.5659 0 0 0 1 
Seq_Frame0039_DriverTipToDriver-SequenceTransformStatus = OK
Seq_Frame0039_Timestamp = 8.33
Seq_Frame0040_DriverTipToDriver-SequenceTransform =0.967846 3.03577e-17 -0.251544 12.993 -0.25151 -0.0162913 -0.967718 -77.3729 -0.00409798 0.999867 -0.0157675 -11.5659 0 0 0 1 
Seq_Frame0040_DriverTipToDriver-SequenceTransformStatus = OK
Seq_Frame0040_Timestamp = 8.433
Seq_Frame0041_DriverTipToDriver-SequenceTransform =0.967846 3.03577e-17 -0.251544 12.993 -0.25151 -0.0162913 -0.967718 -77.3729 -0.00409798 0.999867 -0.0157675 -11.5659 0 0 0 1 
Seq_Frame0041_DriverTipToDriver-SequenceTransformStatus = OK
Seq_Frame0041_Timestamp = 8.535
Seq_Frame0042_DriverTipToDriver-SequenceTransform =0.967846 3.03577e-17 -0.251544 12.993 -0.25151 -0.0162913 -0.967718 -77.3729 -0.00409798 0.999867 -0.0157675 -11.5659 0 0 0 1 
Seq_Frame0042_DriverTipToDriver-SequenceTransformStatus = OK
Seq_Frame0042_Timestamp = 8.644
Seq_Frame0043_DriverTipToDriver-SequenceTransform =0.967846 3.03577e-17 -0.251544 12.993 -0.25151 -0.0162913 -0.967718 -77.3729 -0.00409798 0.999867 -0.0157675 -11.5659 0 0 0 1 
Seq_Frame0043_DriverTipToDriver-SequenceTransformStatus = OK
Seq_Frame0043_Timestamp = 8.748
Seq_Frame0044_DriverTipToDriver-SequenceTransform =0.967846 3.03577e-17 -0.251544 12.993 -0.25151 -0.0162913 -0.967718 -77.3729 -0.00409798 0.999867 -0.0157675 -11.5659 0 0 0 1 
Seq_Frame0044_DriverTipToDriver-SequenceTransformStatus = OK
Seq_Frame0044_Timestamp = 8.849
Seq_Frame0045_DriverTipToDriver-SequenceTransform =0.967846 3.03577e-17 -0.251544 12.993 -0.25151 -0.0162913 -0.967718 -77.3729 -0.00409798 0.999867 -0.0157675 -11.5659 0 0 0 1 
Seq_Frame0045_DriverTipToDriver-SequenceTransformStatus = OK
Seq_Frame0045_Timestamp = 8.95
Seq_Frame0046_DriverTipToDriver-SequenceTransform =0.967846 3.03577e-17 -0.251544 12.993 -0.25151 -0.0162913 -0.967718 -77.3729 -0.00409798 0.999867 -0.0157675 -11.5659 0 0 0 1 
Seq_Frame0046_DriverTipToDriver-SequenceTransformStatus = OK
Seq_Frame0046_Timestamp = 9.053
Seq_Frame0047_DriverTipToDriver-SequenceTransform =0.967846 3.03577e-17 -0.251544 12.993 -0.25151 -0.0162913 -0.967718 -77.3729 -0.00409798 0.999867 -0.0157675 -11.5659 0 0 0 1 
Seq_Frame0047_DriverTipToDriver-SequenceTransformStatus = OK
Seq_Frame0047_Timestamp = 9.163
Seq_Frame0048_DriverTipToDriver-SequenceTransform =0.967846 3.03577e-17 -0.251544 12.993 -0.25151 -0.0162913 -0.967718 -77.3729 -0.00409798 0.999867 -0.0157675 -11.5659 0 0 0 1 
Seq_Frame0048_DriverTipToDriver-SequenceTransformStatus = OK
Seq_Frame0048_Timestamp = 9.263
Seq_Frame0049_DriverTipToDriver-SequenceTransform =0.967846 3.03577e-17 -0.251544 12.993 -0.25151 -0.0162913 -0.967718 -77.3729 -0.00409798 0.999867 -0.0157675 -11.5659 0 0 0 1 
Seq_Frame0049_DriverTipToDriver-SequenceTransformStatus = OK
Seq_Frame0049_Timestamp = 9.37
Seq_Frame0050_DriverTipToDriver-SequenceTransform =0.967846 3.03577e-17 -0.251544 12.993 -0.25151 -0.0162913 -0.967718 -77.3729 -0.00409798 0.999867 -0.0157675 -11.5659 0 0 0 1 
Seq_Frame0050_DriverTipToDriver-SequenceTransformStatus = OK
Seq_Frame0050_Timestamp = 9.474
Seq_Frame0051_DriverTipToDriver-SequenceTransform =0.967846 3.03577e-17 -0.251544 12.993 -0.25151 -0.0162913 -0.967718 -77.3729 -0.00409798 0.999867 -0.0157675 -11.5659 0 0 0 1 
Seq_Frame0051_DriverTipToDriver-SequenceTransformStatus = OK
Seq_Frame0051_Timestamp = 9.584
Seq_Frame0052_DriverTipToDriver-SequenceTransform =0.967846 3.03577e-17 -0.251544 12.993 -0.25151 -0.0162913 -0.967718 -77.3729 -0.00409798 0.999867 -0.0157675 -11.5659 0 0 0 1 
Seq_Frame0052_DriverTipToDriver-SequenceTransformStatus = OK
Seq_Frame0052_Timestamp = 9.688
Seq_Frame0053_DriverTipToDriver-SequenceTransform =0.967846 3.03577e-17 -0.251544 12.993 -0.25151 -0.0162913 -0.967718 -77.3729 -0.00409798 0.999867 -0.0157675 -11.5659 0 0 0 1 
Seq_Frame0053_DriverTipToDriver-SequenceTransformStatus = OK
Seq_Frame0053_Timestamp = 9.789
Seq_Frame0054_DriverTipToDriver-SequenceTransform =0.967846 3.03577e-17 -0.251544 12.993 -0.25151 -0.0162913 -0.967718 -77.3729 -0.00409798 0.999867 -0.0157675 -11.5659 0 0 0 1 
Seq_Frame0054_DriverTipToDriver-SequenceTransformStatus = OK
Seq_Frame0054_Timestamp = 9.893
Seq_Frame0055_DriverTipToDriver-SequenceTransform =0.967846 3.03577e-17 -0.251544 12.993 -0.25151 -0.0162913 -0.967718 -77.3729 -0.00409798 0.999867 -0.0157675 -11.5659 0 0 0 1 
Seq_Frame0055_DriverTipToDriver-SequenceTransformStatus = OK
Seq_Frame0055_Timestamp = 10.001
Seq_Frame0056_DriverTipToDriver-SequenceTransform =0.967846 3.03577e-17 -0.251544 12.993 -0.25151 -0.0162913 -0.967718 -77.3729 -0.00409798 0.999867 -0.0157675 -11.5659 0 0 0 1 
Seq_Frame0056_DriverTipToDriver-SequenceTransformStatus = OK
Seq_Frame0056_Timestamp = 10.103
Seq_Frame0057_DriverTipToDriver-SequenceTransform =0.967846 3.03577e-17 -0.251544 12.993 -0.25151 -0.0162913 -0.967718 -77.3729 -0.00409798 0.999867 -0.0157675 -11.5659 0 0 0 1 
Seq_Frame0057_DriverTipToDriver-SequenceTransformStatus = OK
Seq_Frame0057_Timestamp = 10.209
Seq_Frame0058_DriverTipToDriver-SequenceTransform =0.967846 3.03577e-17 -0.251544 12.993 -0.25151 -0.0162913 -0.967718 -77.3729 -0.00409798 0.999867 -0.0157675 -11.5659 0 0 0 1 
Seq_Frame0058_DriverTipToDriver-SequenceTransformStatus = OK
Seq_Frame0058_Timestamp = 10.313
Seq_Frame0059_DriverTipToDriver-SequenceTransform =0.967846 3.03577e-17 -0.251544 12.993 -0.25151 -0.0162913 -0.967718 -77.3729 -0.00409798 0.999867 -0.0157675 -11.5659 0 0 0 1 
Seq_Frame0059_DriverTipToDriver-SequenceTransformStatus = OK
Seq_Frame0059_Timestamp = 10.418
Seq_Frame0060_DriverTipToDriver-SequenceTransform =0.967846 3.03577e-17 -0.251544 12.993 -0.25151 -0.0162913 -0.967718 -77.3729 -0.00409798 0.999867 -0.0157675 -11.5659 0 0 0 1 
Seq_Frame0060_DriverTipToDriver-SequenceTransformStatus = OK
Seq_Frame0060_Timestamp = 10.519
Seq_Frame0061_DriverTipToDriver-SequenceTransform =0.967846 3.03577e-17 -0.251544 12.993 -0.25151 -0.0162913 -0.967718 -77.3729 -0.00409798 0.999867 -0.0157675 -11.5659 0 0 0 1 
Seq_Frame0061_DriverTipToDriver-SequenceTransformStatus = OK
Seq_Frame0061_Timestamp = 10.619
Seq_Frame0062_DriverTipToDriver-SequenceTransform =0.967846 3.03577e-17 -0.251544 12.993 -0.25151 -0.0162913 -0.967718 -77.3729 -0.00409798 0.999867 -0.0157675 -11.5659 0 0 0 1 
Seq_Frame0062_DriverTipToDriver-SequenceTransformStatus = OK
Seq_Frame0062_Timestamp = 10.724
Seq_Frame0063_DriverTipToDriver-SequenceTransform =0.967846 3.03577e-17 -0.251544 12.993 -0.25151 -0.0162913 -0.967718 -77.3729 -0.00409798 0.999867 -0.0157675 -11.5659 0 0 0 1 
Seq_Frame0063_DriverTipToDriver-SequenceTransformStatus = OK
Seq_Frame0063_Timestamp = 10.828
Seq_Frame0064_DriverTipToDriver-SequenceTransform =0.967846 3.03577e-17 -0.251544 12.993 -0.25151 -0.0162913 -0.967718 -77.3729 -0.00409798 0.999867 -0.0157675 -11.5659 0 0 0 1 
Seq_Frame0064_DriverTipToDriver-SequenceTransformStatus = OK
Seq_Frame0064_Timestamp = 10.928
Seq_Frame0065_DriverTipToDriver-SequenceTransform =0.967846 3.03577e-17 -0.251544 12.993 -0.25151 -0.0162913 -0.967718 -77.3729 -0.00409798 0.999867 -0.0157675 -11.5659 0 0 0 1 
Seq_Frame0065_DriverTipToDriver-SequenceTransformStatus = OK
Seq_Frame0065_Timestamp = 11.034
Seq_Frame0066_DriverTipToDriver-SequenceTransform =0.967846 3.03577e-17 -0.251544 12.993 -0.25151 -0.0162913 -0.967718 -77.3729 -0.00409798 0.999867 -0.0157675 -11.5659 0 0 0 1 
Seq_Frame0066_DriverTipToDriver-SequenceTransformStatus = OK
Seq_Frame0066_Timestamp = 11.138
Seq_Frame0067_DriverTipToDriver-SequenceTransform =0.967846 3.03577e-17 -0.251544 12.993 -0.25151 -0.0162913 -0.967718 -77.3729 -0.00409798 0.999867 -0.0157675 -11.5659 0 0 0 1 
Seq_Frame0067_DriverTipToDriver-SequenceTransformStatus = OK
Seq_Frame0067_Timestamp = 11.248
Seq_Frame0068_DriverTipToDriver-SequenceTransform =0.967846 3.03577e-17 -0.251544 12.993 -0.25151 -0.0162913 -0.967718 -77.3729 -0.00409798 0.999867 -0.0157675 -11.5659 0 0 0 1 
Seq_Frame0068_DriverTipToDriver-SequenceTransformStatus = OK
Seq_Frame0068_Timestamp = 11.349
Seq_Frame0069_DriverTipToDriver-SequenceTransform =0.967846 3.03577e-17 -0.251544 12.993 -0.25151 -0.0162913 -0.967718 -77.3729 -0.00409798 0.999867 -0.0157675 -11.5659 0 0 0 1 
Seq_Frame0069_DriverTipToDriver-SequenceTransformStatus = OK
Seq_Frame0069_Timestamp = 11.459
Seq_Frame0070_DriverTipToDriver-SequenceTransform =0.967846 3.03577e-17 -0.251544 12.993 -0.25151 -0.0162913 -0.967718 -77.3729 -0.00409798 0.999867 -0.0157675 -11.5659 0 0 0 1 
Seq_Frame0070_DriverTipToDriver-SequenceTransformStatus = OK
Seq_Frame0070_Timestamp = 11.563
Seq_Frame0071_DriverTipToDriver-SequenceTransform =0.967846 3.03577e-17 -0.251544 12.993 -0.25151 -0.0162913 -0.967718 -77.3729 -0.00409798 0.999867 -0.0157675 -11.5659 0 0 0 1 
Seq_Frame0071_DriverTipToDriver-SequenceTransformStatus = OK
Seq_Frame0071_Timestamp = 11.664
Seq_Frame0072_DriverTipToDriver-SequenceTransform =0.967846 3.03577e-17 -0.251544 12.993 -0.25151 -0.0162913 -0.967718 -77.3729 -0.00409798 0.999867 -0.0157675 -11.5659 0 0 0 1 
Seq_Frame0072_DriverTipToDriver-SequenceTransformStatus = OK
Seq_Frame0072_Timestamp = 11.769
Seq_Frame0073_DriverTipToDriver-SequenceTransform =0.967846 3.03577e-17 -0.251544 12.993 -0.25151 -0.0162913 -0.967718 -77.3729 -0.00409798 0.999867 -0.0157675 -11.5659 0 0 0 1 
Seq_Frame0073_DriverTipToDriver-SequenceTransformStatus = OK
Seq_Frame0073_Timestamp = 11.874
Seq_Frame0074_DriverTipToDriver-SequenceTransform =0.967846 3.03577e-17 -0.251544 12.993 -0.25151 -0.0162913 -0.967718 -77.3729 -0.00409798 0.999867 -0.0157675 -11.5659 0 0 0 1 
Seq_Frame0074_DriverTipToDriver-SequenceTransformStatus = OK
Seq_Frame0074_Timestamp = 11.979
Seq_Frame0075_DriverTipToDriver-SequenceTransform =0.967846 3.03577e-17 -0.251544 12.993 -0.25151 -0.0162913 -0.967718 -77.3729 -0.00409798 0.999867 -0.0157675 -11.5659 0 0 0 1 
Seq_Frame0075_DriverTipToDriver-SequenceTransformStatus = OK
Seq_Frame0075_Timestamp = 12.079
Seq_Frame0076_DriverTipToDriver-SequenceTransform =0.967846 3.03577e-17 -0.251544 12.993 -0.25151 -0.0162913 -0.967718 -77.3729 -0.00409798 0.999867 -0.0157675 -11.5659 0 0 0 1 
Seq_Frame0076_DriverTipToDriver-SequenceTransformStatus = OK
Seq_Frame0076_Timestamp = 12.193
Seq_Frame0077_DriverTipToDriver-SequenceTransform =0.967846 3.03577e-17 -0.251544 12.993 -0.25151 -0.0162913 -0.967718 -77.3729 -0.00409798 0.999867 -0.0157675 -11.5659 0 0 0 1 
Seq_Frame0077_DriverTipToDriver-SequenceTransformStatus = OK
Seq_Frame0077_Timestamp = 12.293
Seq_Frame0078_DriverTipToDriver-SequenceTransform =0.967846 3.03577e-17 -0.251544 12.993 -0.25151 -0.0162913 -0.967718 -77.3729 -0.00409798 0.999867 -0.0157675 -11.5659 0 0 0 1 
Seq_Frame0078_DriverTipToDriver-SequenceTransformStatus = OK
Seq_Frame0078_Timestamp = 12.394
Seq_Frame0079_DriverTipToDriver-SequenceTransform =0.967846 3.03577e-17 -0.251544 12.993 -0.25151 -0.0162913 -0.967718 -77.3729 -0.00409798 0.999867 -0.0157675 -11.5659 0 0 0 1 
Seq_Frame0079_DriverTipToDriver-SequenceTransformStatus = OK
Seq_Frame0079_Timestamp = 12.498
Seq_Frame0080_DriverTipToDriver-SequenceTransform =0.967846 3.03577e-17 -0.251544 12.993 -0.25151 -0.0162913 -0.967718 -77.3729 -0.00409798 0.999867 -0.0157675 -11.5659 0 0 0 1 
Seq_Frame0080_DriverTipToDriver-SequenceTransformStatus = OK
Seq_Frame0080_Timestamp = 12.601
Seq_Frame0081_DriverTipToDriver-SequenceTransform =0.967846 3.03577e-17 -0.251544 12.993 -0.25151 -0.0162913 -0.967718 -77.3729 -0.00409798 0.999867 -0.0157675 -11.5659 0 0 0 1 
Seq_Frame0081_DriverTipToDriver-SequenceTransformStatus = OK
Seq_Frame0081_Timestamp = 12.701
Seq_Frame0082_DriverTipToDriver-SequenceTransform =0.967846 3.03577e-17 -0.251544 12.993 -0.25151 -0.0162913 -0.967718 -77.3729 -0.00409798 0.999867 -0.0157675 -11.5659 0 0 0 1 
Seq_Frame0082_DriverTipToDriver-SequenceTransformStatus = OK
Seq_Frame0082_Timestamp = 12.809
Seq_Frame0083_DriverTipToDriver-SequenceTransform =0.967846 3.03577e-17 -0.251544 12.993 -0.25151 -0.0162913 -0.967718 -77.3729 -0.00409798 0.999867 -0.0157675 -11.5659 0 0 0 1 
Seq_Frame0083_DriverTipToDriver-SequenceTransformStatus = OK
Seq_Frame0083_Timestamp = 12.914
Seq_Frame0084_DriverTipToDriver-SequenceTransform =0.967846 3.03577e-17 -0.251544 12.993 -0.25151 -0.0162913 -0.967718 -77.3729 -0.00409798 0.999867 -0.0157675 -11.5659 0 0 0 1 
Seq_Frame0084_DriverTipToDriver-SequenceTransformStatus = OK
Seq_Frame0084_Timestamp = 13.019
Seq_Frame0085_DriverTipToDriver-SequenceTransform =0.967846 3.03577e-17 -0.251544 12.993 -0.25151 -0.0162913 -0.967718 -77.3729 -0.00409798 0.999867 -0.0157675 -11.5659 0 0 0 1 
Seq_Frame0085_DriverTipToDriver-SequenceTransformStatus = OK
Seq_Frame0085_Timestamp = 13.124
Seq_Frame0086_DriverTipToDriver-SequenceTransform =0.967846 3.03577e-17 -0.251544 12.993 -0.25151 -0.0162913 -0.967718 -77.3729 -0.00409798 0.999867 -0.0157675 -11.5659 0 0 0 1 
Seq_Frame0086_DriverTipToDriver-SequenceTransformStatus = OK
Seq_Frame0086_Timestamp = 13.224
Seq_Frame0087_DriverTipToDriver-SequenceTransform =0.967846 3.03577e-17 -0.251544 12.993 -0.25151 -0.0162913 -0.967718 -77.3729 -0.00409798 0.999867 -0.0157675 -11.5659 0 0 0 1 
Seq_Frame0087_DriverTipToDriver-SequenceTransformStatus = OK
Seq_Frame0087_Timestamp = 13.328
Seq_Frame0088_DriverTipToDriver-SequenceTransform =0.967846 3.03577e-17 -0.251544 12.993 -0.25151 -0.0162913 -0.967718 -77.3729 -0.00409798 0.999867 -0.0157675 -11.5659 0 0 0 1 
Seq_Frame0088_DriverTipToDriver-SequenceTransformStatus = OK
Seq_Frame0088_Timestamp = 13.429
Seq_Frame0089_DriverTipToDriver-SequenceTransform =0.967846 3.03577e-17 -0.251544 12.993 -0.25151 -0.0162913 -0.967718 -77.3729 -0.00409798 0.999867 -0.0157675 -11.5659 0 0 0 1 
Seq_Frame0089_DriverTipToDriver-SequenceTransformStatus = OK
Seq_Frame0089_Timestamp = 13.529
Seq_Frame0090_DriverTipToDriver-SequenceTransform =0.967846 3.03577e-17 -0.251544 12.993 -0.25151 -0.0162913 -0.967718 -77.3729 -0.00409798 0.999867 -0.0157675 -11.5659 0 0 0 1 
Seq_Frame0090_DriverTipToDriver-SequenceTransformStatus = OK
Seq_Frame0090_Timestamp = 13.638
Seq_Frame0091_DriverTipToDriver-SequenceTransform =0.967846 3.03577e-17 -0.251544 12.993 -0.25151 -0.0162913 -0.967718 -77.3729 -0.00409798 0.999867 -0.0157675 -11.5659 0 0 0 1 
Seq_Frame0091_DriverTipToDriver-SequenceTransformStatus = OK
Seq_Frame0091_Timestamp = 13.739
Seq_Frame0092_DriverTipToDriver-SequenceTransform =0.967846 3.03577e-17 -0.251544 12.993 -0.25151 -0.0162913 -0.967718 -77.3729 -0.00409798 0.999867 -0.0157675 -11.5659 0 0 0 1 
Seq_Frame0092_DriverTipToDriver-SequenceTransformStatus = OK
Seq_Frame0092_Timestamp = 13.839
Seq_Frame0093_DriverTipToDriver-SequenceTransform =0.967846 3.03577e-17 -0.251544 12.993 -0.25151 -0.0162913 -0.967718 -77.3729 -0.00409798 0.999867 -0.0157675 -11.5659 0 0 0 1 
Seq_Frame0093_DriverTipToDriver-SequenceTransformStatus = OK
Seq_Frame0093_Timestamp = 13.951
Seq_Frame0094_DriverTipToDriver-SequenceTransform =0.967846 3.03577e-17 -0.251544 12.993 -0.25151 -0.0162913 -0.967718 -77.3729 -0.00409798 0.999867 -0.0157675 -11.5659 0 0 0 1 
Seq_Frame0094_DriverTipToDriver-SequenceTransformStatus = OK
Seq_Frame0094_Timestamp = 14.058
Seq_Frame0095_DriverTipToDriver-SequenceTransform =0.967846 3.03577e-17 -0.251544 12.993 -0.25151 -0.0162913 -0.967718 -77.3729 -0.00409798 0.999867 -0.0157675 -11.5659 0 0 0 1 
Seq_Frame0095_DriverTipToDriver-SequenceTransformStatus = OK
Seq_Frame0095_Timestamp = 14.163
Seq_Frame0096_DriverTipToDriver-SequenceTransform =0.967846 3.03577e-17 -0.251544 12.993 -0.25151 -0.0162913 -0.967718 -77.3729 -0.00409798 0.999867 -0.0157675 -11.5659 0 0 0 1 
Seq_Frame0096_DriverTipToDriver-SequenceTransformStatus = OK
Seq_Frame0096_Timestamp = 14.264
Seq_Frame0097_DriverTipToDriver-SequenceTransform =0.967846 3.03577e-17 -0.251544 12.993 -0.25151 -0.0162913 -0.967718 -77.3729 -0.00409798 0.999867 -0.0157675 -11.5659 0 0 0 1 
Seq_Frame0097_DriverTipToDriver-SequenceTransformStatus = OK
Seq_Frame0097_Timestamp = 14.374
Seq_Frame0098_DriverTipToDriver-SequenceTransform =0.967846 3.03577e-17 -0.251544 12.993 -0.25151 -0.0162913 -0.967718 -77.3729 -0.00409798 0.999867 -0.0157675 -11.5659 0 0 0 1 
Seq_Frame0098_DriverTipToDriver-SequenceTransformStatus = OK
Seq_Frame0098_Timestamp = 14.483
Seq_Frame0099_DriverTipToDriver-SequenceTransform =0.967846 3.03577e-17 -0.251544 12.993 -0.25151 -0.0162913 -0.967718 -77.3729 -0.00409798 0.999867 -0.0157675 -11.5659 0 0 0 1 
Seq_Frame0099_DriverTipToDriver-SequenceTransformStatus = OK
Seq_Frame0099_Timestamp = 14.584
Seq_Frame0100_DriverTipToDriver-SequenceTransform =0.967846 3.03577e-17 -0.251544 12.993 -0.25151 -0.0162913 -0.967718 -77.3729 -0.00409798 0.999867 -0.0157675 -11.5659 0 0 0 1 
Seq_Frame0100_DriverTipToDriver-SequenceTransformStatus = OK
Seq_Frame0100_Timestamp = 14.694
Seq_Frame0101_DriverTipToDriver-SequenceTransform =0.967846 3.03577e-17 -0.251544 12.993 -0.25151 -0.0162913 -0.967718 -77.3729 -0.00409798 0.999867 -0.0157675 -11.5659 0 0 0 1 
Seq_Frame0101_DriverTipToDriver-SequenceTransformStatus = OK
Seq_Frame0101_Timestamp = 14.799
Seq_Frame0102_DriverTipToDriver-SequenceTransform =0.967846 3.03577e-17 -0.251544 12.993 -0.25151 -0.0162913 -0.967718 -77.3729 -0.00409798 0.999867 -0.0157675 -11.5659 0 0 0 1 
Seq_Frame0102_DriverTipToDriver-SequenceTransformStatus = OK
Seq_Frame0102_Timestamp = 14.905
Seq_Frame0103_DriverTipToDriver-SequenceTransform =0.967846 3.03577e-17 -0.251544 12.993 -0.25151 -0.0162913 -0.967718 -77.3729 -0.00409798 0.999867 -0.0157675 -11.5659 0 0 0 1 
Seq_Frame0103_DriverTipToDriver-SequenceTransformStatus = OK
Seq_Frame0103_Timestamp = 15.008
Seq_Frame0104_DriverTipToDriver-SequenceTransform =0.967846 3.03577e-17 -0.251544 12.993 -0.25151 -0.0162913 -0.967718 -77.3729 -0.00409798 0.999867 -0.0157675 -11.5659 0 0 0 1 
Seq_Frame0104_DriverTipToDriver-SequenceTransformStatus = OK
Seq_Frame0104_Timestamp = 15.388
Seq_Frame0105_DriverTipToDriver-SequenceTransform =0.967846 3.03577e-17 -0.251544 12.993 -0.25151 -0.0162913 -0.967718 -77.3729 -0.00409798 0.999867 -0.0157675 -11.5659 0 0 0 1 
Seq_Frame0105_DriverTipToDriver-SequenceTransformStatus = OK
Seq_Frame0105_Timestamp = 15.489
Seq_Frame0106_DriverTipToDriver-SequenceTransform =0.967846 3.03577e-17 -0.251544 12.993 -0.25151 -0.0162913 -0.967718 -77.3729 -0.00409798 0.999867 -0.0157675 -11.5659 0 0 0 1 
Seq_Frame0106_DriverTipToDriver-SequenceTransformStatus = OK
Seq_Frame0106_Timestamp = 15.589
Seq_Frame0107_DriverTipToDriver-SequenceTransform =0.967846 3.03577e-17 -0.251544 12.993 -0.25151 -0.0162913 -0.967718 -77.3729 -0.00409798 0.999867 -0.0157675 -11.5659 0 0 0 1 
Seq_Frame0107_DriverTipToDriver-SequenceTransformStatus = OK
Seq_Frame0107_Timestamp = 15.69
Seq_Frame0108_DriverTipToDriver-SequenceTransform =0.967846 3.03577e-17 -0.251544 12.993 -0.25151 -0.0162913 -0.967718 -77.3729 -0.00409798 0.999867 -0.0157675 -11.5659 0 0 0 1 
Seq_Frame0108_DriverTipToDriver-SequenceTransformStatus = OK
Seq_Frame0108_Timestamp = 15.824
Seq_Frame0109_DriverTipToDriver-SequenceTransform =0.967846 3.03577e-17 -0.251544 12.993 -0.25151 -0.0162913 -0.967718 -77.3729 -0.00409798 0.999867 -0.0157675 -11.5659 0 0 0 1 
Seq_Frame0109_DriverTipToDriver-SequenceTransformStatus = OK
Seq_Frame0109_Timestamp = 15.933
Seq_Frame0110_DriverTipToDriver-SequenceTransform =0.967846 3.03577e-17 -0.251544 12.993 -0.25151 -0.0162913 -0.967718 -77.3729 -0.00409798 0.999867 -0.0157675 -11.5659 0 0 0 1 
Seq_Frame0110_DriverTipToDriver-SequenceTransformStatus = OK
Seq_Frame0110_Timestamp = 16.034
Seq_Frame0111_DriverTipToDriver-SequenceTransform =0.967846 3.03577e-17 -0.251544 12.993 -0.25151 -0.0162913 -0.967718 -77.3729 -0.00409798 0.999867 -0.0157675 -11.5659 0 0 0 1 
Seq_Frame0111_DriverTipToDriver-SequenceTransformStatus = OK
Seq_Frame0111_Timestamp = 16.143
Seq_Frame0112_DriverTipToDriver-SequenceTransform =0.967846 3.03577e-17 -0.251544 12.993 -0.25151 -0.0162913 -0.967718 -77.3729 -0.00409798 0.999867 -0.0157675 -11.5659 0 0 0 1 
Seq_Frame0112_DriverTipToDriver-SequenceTransformStatus = OK
Seq_Frame0112_Timestamp = 16.699
Seq_Frame0113_DriverTipToDriver-SequenceTransform =0.967846 3.03577e-17 -0.251544 12.993 -0.25151 -0.0162913 -0.967718 -77.3729 -0.00409798 0.999867 -0.0157675 -11.5659 0 0 0 1 
Seq_Frame0113_DriverTipToDriver-SequenceTransformStatus = OK
Seq_Frame0113_Timestamp = 17.224
Seq_Frame0114_DriverTipToDriver-SequenceTransform =0.967846 3.03577e-17 -0.251544 12.993 -0.25151 -0.0162913 -0.967718 -77.3729 -0.00409798 0.999867 -0.0157675 -11.5659 0 0 0 1 
Seq_Frame0114_DriverTipToDriver-SequenceTransformStatus = OK
Seq_Frame0114_Timestamp = 18.313
Seq_Frame0115_DriverTipToDriver-SequenceTransform =0.967846 3.03577e-17 -0.251544 12.993 -0.25151 -0.0162913 -0.967718 -77.3729 -0.00409798 0.999867 -0.0157675 -11.5659 0 0 0 1 
Seq_Frame0115_DriverTipToDriver-SequenceTransformStatus = OK
Seq_Frame0115_Timestamp = 18.426
Seq_Frame0116_DriverTipToDriver-SequenceTransform =0.967846 3.03577e-17 -0.251544 12.993 -0.25151 -0.0162913 -0.967718 -77.3729 -0.00409798 0.999867 -0.0157675 -11.5659 0 0 0 1 
Seq_Frame0116_DriverTipToDriver-SequenceTransformStatus = OK
Seq_Frame0116_Timestamp = 18.528
Seq_Frame0117_DriverTipToDriver-SequenceTransform =0.967846 3.03577e-17 -0.251544 12.993 -0.25151 -0.0162913 -0.967718 -77.3729 -0.00409798 0.999867 -0.0157675 -11.5659 0 0 0 1 
Seq_Frame0117_DriverTipToDriver-SequenceTransformStatus = OK
Seq_Frame0117_Timestamp = 18.633
Seq_Frame0118_DriverTipToDriver-SequenceTransform =0.967846 3.03577e-17 -0.251544 12.993 -0.25151 -0.0162913 -0.967718 -77.3729 -0.00409798 0.999867 -0.0157675 -11.5659 0 0 0 1 
Seq_Frame0118_DriverTipToDriver-SequenceTransformStatus = OK
Seq_Frame0118_Timestamp = 18.738
Seq_Frame0119_DriverTipToDriver-SequenceTransform =0.967846 3.03577e-17 -0.251544 12.993 -0.25151 -0.0162913 -0.967718 -77.3729 -0.00409798 0.999867 -0.0157675 -11.5659 0 0 0 1 
Seq_Frame0119_DriverTipToDriver-SequenceTransformStatus = OK
Seq_Frame0119_Timestamp = 18.839
Seq_Frame0120_DriverTipToDriver-SequenceTransform =0.967846 3.03577e-17 -0.251544 12.993 -0.25151 -0.0162913 -0.967718 -77.3729 -0.00409798 0.999867 -0.0157675 -11.5659 0 0 0 1 
Seq_Frame0120_DriverTipToDriver-SequenceTransformStatus = OK
Seq_Frame0120_Timestamp = 18.948
Seq_Frame0121_DriverTipToDriver-SequenceTransform =0.967846 3.03577e-17 -0.251544 12.993 -0.25151 -0.0162913 -0.967718 -77.3729 -0.00409798 0.999867 -0.0157675 -11.5659 0 0 0 1 
Seq_Frame0121_DriverTipToDriver-SequenceTransformStatus = OK
Seq_Frame0121_Timestamp = 19.058
Seq_Frame0122_DriverTipToDriver-SequenceTransform =0.967846 3.03577e-17 -0.251544 12.993 -0.25151 -0.0162913 -0.967718 -77.3729 -0.00409798 0.999867 -0.0157675 -11.5659 0 0 0 1 
Seq_Frame0122_DriverTipToDriver-SequenceTransformStatus = OK
Seq_Frame0122_Timestamp = 19.159
Seq_Frame0123_DriverTipToDriver-SequenceTransform =0.967846 3.03577e-17 -0.251544 12.993 -0.25151 -0.0162913 -0.967718 -77.3729 -0.00409798 0.999867 -0.0157675 -11.5659 0 0 0 1 
Seq_Frame0123_DriverTipToDriver-SequenceTransformStatus = OK
Seq_Frame0123_Timestamp = 19.263
Seq_Frame0124_DriverTipToDriver-SequenceTransform =0.967846 3.03577e-17 -0.251544 12.993 -0.25151 -0.0162913 -0.967718 -77.3729 -0.00409798 0.999867 -0.0157675 -11.5659 0 0 0 1 
Seq_Frame0124_DriverTipToDriver-SequenceTransformStatus = OK
Seq_Frame0124_Timestamp = 19.364
Seq_Frame0125_DriverTipToDriver-SequenceTransform =0.967846 3.03577e-17 -0.251544 12.993 -0.25151 -0.0162913 -0.967718 -77.3729 -0.00409798 0.999867 -0.0157675 -11.5659 0 0 0 1 
Seq_Frame0125_DriverTipToDriver-SequenceTransformStatus = OK
Seq_Frame0125_Timestamp = 19.474
Seq_Frame0126_DriverTipToDriver-SequenceTransform =0.967846 3.03577e-17 -0.251544 12.993 -0.25151 -0.0162913 -0.967718 -77.3729 -0.00409798 0.999867 -0.0157675 -11.5659 0 0 0 1 
Seq_Frame0126_DriverTipToDriver-SequenceTransformStatus = OK
Seq_Frame0126_Timestamp = 19.578
Seq_Frame0127_DriverTipToDriver-SequenceTransform =0.967846 3.03577e-17 -0.251544 12.993 -0.25151 -0.0162913 -0.967718 -77.3729 -0.00409798 0.999867 -0.0157675 -11.5659 0 0 0 1 
Seq_Frame0127_DriverTipToDriver-SequenceTransformStatus = OK
Seq_Frame0127_Timestamp = 19.683
Seq_Frame0128_DriverTipToDriver-SequenceTransform =0.967846 3.03577e-17 -0.251544 12.993 -0.25151 -0.0162913 -0.967718 -77.3729 -0.00409798 0.999867 -0.0157675 -11.5659 0 0 0 1 
Seq_Frame0128_DriverTipToDriver-SequenceTransformStatus = OK
Seq_Frame0128_Timestamp = 19.792
Seq_Frame0129_DriverTipToDriver-SequenceTransform =0.967846 3.03577e-17 -0.251544 12.993 -0.25151 -0.0162913 -0.967718 -77.3729 -0.00409798 0.999867 -0.0157675 -11.5659 0 0 0 1 
Seq_Frame0129_DriverTipToDriver-SequenceTransformStatus = OK
Seq_Frame0129_Timestamp = 19.894
Seq_Frame0130_DriverTipToDriver-SequenceTransform =0.967846 3.03577e-17 -0.251544 12.993 -0.25151 -0.0162913 -0.967718 -77.3729 -0.00409798 0.999867 -0.0157675 -11.5659 0 0 0 1 
Seq_Frame0130_DriverTipToDriver-SequenceTransformStatus = OK
Seq_Frame0130_Timestamp = 19.998
Seq_Frame0131_DriverTipToDriver-SequenceTransform =0.967846 3.03577e-17 -0.251544 12.993 -0.25151 -0.0162913 -0.967718 -77.3729 -0.00409798 0.999867 -0.0157675 -11.5659 0 0 0 1 
Seq_Frame0131_DriverTipToDriver-SequenceTransformStatus = OK
Seq_Frame0131_Timestamp = 20.104
Seq_Frame0132_DriverTipToDriver-SequenceTransform =0.967846 3.03577e-17 -0.251544 12.993 -0.25151 -0.0162913 -0.967718 -77.3729 -0.00409798 0.999867 -0.0157675 -11.5659 0 0 0 1 
Seq_Frame0132_DriverTipToDriver-SequenceTransformStatus = OK
Seq_Frame0132_Timestamp = 20.208
Seq_Frame0133_DriverTipToDriver-SequenceTransform =0.967846 3.03577e-17 -0.251544 12.993 -0.25151 -0.0162913 -0.967718 -77.3729 -0.00409798 0.999867 -0.0157675 -11.5659 0 0 0 1 
Seq_Frame0133_DriverTipToDriver-SequenceTransformStatus = OK
Seq_Frame0133_Timestamp = 20.313
Seq_Frame0134_DriverTipToDriver-SequenceTransform =0.967846 3.03577e-17 -0.251544 12.993 -0.25151 -0.0162913 -0.967718 -77.3729 -0.00409798 0.999867 -0.0157675 -11.5659 0 0 0 1 
Seq_Frame0134_DriverTipToDriver-SequenceTransformStatus = OK
Seq_Frame0134_Timestamp = 20.423
Seq_Frame0135_DriverTipToDriver-SequenceTransform =0.967846 3.03577e-17 -0.251544 12.993 -0.25151 -0.0162913 -0.967718 -77.3729 -0.00409798 0.999867 -0.0157675 -11.5659 0 0 0 1 
Seq_Frame0135_DriverTipToDriver-SequenceTransformStatus = OK
Seq_Frame0135_Timestamp = 20.526
Seq_Frame0136_DriverTipToDriver-SequenceTransform =0.967846 3.03577e-17 -0.251544 12.993 -0.25151 -0.0162913 -0.967718 -77.3729 -0.00409798 0.999867 -0.0157675 -11.5659 0 0 0 1 
Seq_Frame0136_DriverTipToDriver-SequenceTransformStatus = OK
Seq_Frame0136_Timestamp = 20.628
Seq_Frame0137_DriverTipToDriver-SequenceTransform =0.967846 3.03577e-17 -0.251544 12.993 -0.25151 -0.0162913 -0.967718 -77.3729 -0.00409798 0.999867 -0.0157675 -11.5659 0 0 0 1 
Seq_Frame0137_DriverTipToDriver-SequenceTransformStatus = OK
Seq_Frame0137_Timestamp = 20.729
Seq_Frame0138_DriverTipToDriver-SequenceTransform =0.967846 3.03577e-17 -0.251544 12.993 -0.25151 -0.0162913 -0.967718 -77.3729 -0.00409798 0.999867 -0.0157675 -11.5659 0 0 0 1 
Seq_Frame0138_DriverTipToDriver-SequenceTransformStatus = OK
Seq_Frame0138_Timestamp = 20.833
Seq_Frame0139_DriverTipToDriver-SequenceTransform =0.967846 3.03577e-17 -0.251544 12.993 -0.25151 -0.0162913 -0.967718 -77.3729 -0.00409798 0.999867 -0.0157675 -11.5659 0 0 0 1 
Seq_Frame0139_DriverTipToDriver-SequenceTransformStatus = OK
Seq_Frame0139_Timestamp = 20.934
Seq_Frame0140_DriverTipToDriver-SequenceTransform =0.967846 3.03577e-17 -0.251544 12.993 -0.25151 -0.0162913 -0.967718 -77.3729 -0.00409798 0.999867 -0.0157675 -11.5659 0 0 0 1 
Seq_Frame0140_DriverTipToDriver-SequenceTransformStatus = OK
Seq_Frame0140_Timestamp = 21.035
Seq_Frame0141_DriverTipToDriver-SequenceTransform =0.967846 3.03577e-17 -0.251544 12.993 -0.25151 -0.0162913 -0.967718 -77.3729 -0.00409798 0.999867 -0.0157675 -11.5659 0 0 0 1 
Seq_Frame0141_DriverTipToDriver-SequenceTransformStatus = OK
Seq_Frame0141_Timestamp = 21.148
Seq_Frame0142_DriverTipToDriver-SequenceTransform =0.967846 3.03577e-17 -0.251544 12.993 -0.25151 -0.0162913 -0.967718 -77.3729 -0.00409798 0.999867 -0.0157675 -11.5659 0 0 0 1 
Seq_Frame0142_DriverTipToDriver-SequenceTransformStatus = OK
Seq_Frame0142_Timestamp = 21.249
Seq_Frame0143_DriverTipToDriver-SequenceTransform =0.967846 3.03577e-17 -0.251544 12.993 -0.25151 -0.0162913 -0.967718 -77.3729 -0.00409798 0.999867 -0.0157675 -11.5659 0 0 0 1 
Seq_Frame0143_DriverTipToDriver-SequenceTransformStatus = OK
Seq_Frame0143_Timestamp = 21.353
Seq_Frame0144_DriverTipToDriver-SequenceTransform =0.967846 3.03577e-17 -0.251544 12.993 -0.25151 -0.0162913 -0.967718 -77.3729 -0.00409798 0.999867 -0.0157675 -11.5659 0 0 0 1 
Seq_Frame0144_DriverTipToDriver-SequenceTransformStatus = OK
Seq_Frame0144_Timestamp = 21.463
Seq_Frame0145_DriverTipToDriver-SequenceTransform =0.967846 3.03577e-17 -0.251544 12.993 -0.25151 -0.0162913 -0.967718 -77.3729 -0.00409798 0.999867 -0.0157675 -11.5659 0 0 0 1 
Seq_Frame0145_DriverTipToDriver-SequenceTransformStatus = OK
Seq_Frame0145_Timestamp = 21.563
