ObjectType = Image
NDims = 3
AnatomicalOrientation = RAI
BinaryData = True
CompressedData = False
DimSize = 0 0 1601
ElementSpacing = 1 1 1
Offset = 0 0 0
TransformMatrix = 1 0 0 0 1 0 0 0 1
ElementType = MET_UCHAR
Kinds = domain domain list
Seq_Frame0000_DriverToReference-SequenceTransform =-0.867413 0.467424 0.170618 -56.0371 0.39964 0.450144 0.798535 92.599 0.296452 0.760845 -0.577262 142.221 0 0 0 1 
Seq_Frame0000_DriverToReference-SequenceTransformStatus = OK
Seq_Frame0000_Timestamp = 0.00300002
Seq_Frame0001_DriverToReference-SequenceTransform =-0.867403 0.46756 0.170294 -56.0362 0.399795 0.451064 0.797938 92.6182 0.296271 0.760216 -0.578182 142.061 0 0 0 1 
Seq_Frame0001_DriverToReference-SequenceTransformStatus = OK
Seq_Frame0001_Timestamp = 0.11
Seq_Frame0002_DriverToReference-SequenceTransform =-0.867257 0.467358 0.171588 -56.0676 0.400399 0.449919 0.798282 92.5179 0.295883 0.761019 -0.577325 142.174 0 0 0 1 
Seq_Frame0002_DriverToReference-SequenceTransformStatus = OK
Seq_Frame0002_Timestamp = 0.21
Seq_Frame0003_DriverToReference-SequenceTransform =-0.86753 0.468679 0.166529 -56.0979 0.395351 0.446608 0.802645 92.518 0.30181 0.762156 -0.572738 142.526 0 0 0 1 
Seq_Frame0003_DriverToReference-SequenceTransformStatus = OK
Seq_Frame0003_Timestamp = 0.319
Seq_Frame0004_DriverToReference-SequenceTransform =-0.867796 0.465633 0.173541 -56.0726 0.400625 0.448966 0.798704 92.5322 0.293989 0.762637 -0.576155 142.17 0 0 0 1 
Seq_Frame0004_DriverToReference-SequenceTransformStatus = OK
Seq_Frame0004_Timestamp = 0.427
Seq_Frame0005_DriverToReference-SequenceTransform =-0.868408 0.464656 0.173096 -56.1925 0.398797 0.447044 0.800695 92.567 0.294666 0.76436 -0.57352 142.018 0 0 0 1 
Seq_Frame0005_DriverToReference-SequenceTransformStatus = OK
Seq_Frame0005_Timestamp = 0.534
Seq_Frame0006_DriverToReference-SequenceTransform =-0.868159 0.464381 0.175071 -56.1707 0.400956 0.448422 0.798844 92.6245 0.292462 0.763719 -0.575498 141.985 0 0 0 1 
Seq_Frame0006_DriverToReference-SequenceTransformStatus = OK
Seq_Frame0006_Timestamp = 0.643
Seq_Frame0007_DriverToReference-SequenceTransform =-0.867474 0.468877 0.166262 -56.1255 0.394855 0.44563 0.803432 92.5664 0.30262 0.762606 -0.571711 142.332 0 0 0 1 
Seq_Frame0007_DriverToReference-SequenceTransformStatus = OK
Seq_Frame0007_Timestamp = 0.749
Seq_Frame0008_DriverToReference-SequenceTransform =-0.867784 0.468661 0.16525 -56.0764 0.393748 0.445582 0.804002 92.5808 0.303172 0.762767 -0.571204 142.299 0 0 0 1 
Seq_Frame0008_DriverToReference-SequenceTransformStatus = OK
Seq_Frame0008_Timestamp = 0.854
Seq_Frame0009_DriverToReference-SequenceTransform =-0.868385 0.464024 0.174895 -56.1834 0.400138 0.447354 0.799852 92.618 0.29291 0.764562 -0.574149 141.991 0 0 0 1 
Seq_Frame0009_DriverToReference-SequenceTransformStatus = OK
Seq_Frame0009_Timestamp = 0.954
Seq_Frame0010_DriverToReference-SequenceTransform =-0.867939 0.464935 0.174691 -56.1265 0.400547 0.44727 0.799694 92.5704 0.293672 0.764058 -0.574432 142.049 0 0 0 1 
Seq_Frame0010_DriverToReference-SequenceTransformStatus = OK
Seq_Frame0010_Timestamp = 1.058
Seq_Frame0011_DriverToReference-SequenceTransform =-0.87042 0.46312 0.166996 -56.5705 0.394303 0.452703 0.799741 92.6823 0.294776 0.761958 -0.576652 142.268 0 0 0 1 
Seq_Frame0011_DriverToReference-SequenceTransformStatus = OK
Seq_Frame0011_Timestamp = 1.159
Seq_Frame0012_DriverToReference-SequenceTransform =-0.882182 0.438807 0.170887 -60.2453 0.386611 0.467704 0.794849 92.304 0.268861 0.767269 -0.582248 141.417 0 0 0 1 
Seq_Frame0012_DriverToReference-SequenceTransformStatus = OK
Seq_Frame0012_Timestamp = 1.264
Seq_Frame0013_DriverToReference-SequenceTransform =-0.891132 0.446279 0.0819674 -63.6012 0.338575 0.533742 0.77491 93.7474 0.302077 0.7183 -0.626734 139.308 0 0 0 1 
Seq_Frame0013_DriverToReference-SequenceTransformStatus = OK
Seq_Frame0013_Timestamp = 1.368
Seq_Frame0014_DriverToReference-SequenceTransform =-0.866221 0.499334 0.018059 -66.4131 0.337196 0.557515 0.758601 95.9966 0.368727 0.663206 -0.651305 134.874 0 0 0 1 
Seq_Frame0014_DriverToReference-SequenceTransformStatus = OK
Seq_Frame0014_Timestamp = 1.471
Seq_Frame0015_DriverToReference-SequenceTransform =-0.856088 0.513158 -0.0614976 -68.3717 0.308654 0.603069 0.735554 99.0549 0.414543 0.610718 -0.674669 131.202 0 0 0 1 
Seq_Frame0015_DriverToReference-SequenceTransformStatus = OK
Seq_Frame0015_Timestamp = 1.574
Seq_Frame0016_DriverToReference-SequenceTransform =-0.891003 0.450178 -0.0587741 -68.0542 0.263007 0.617348 0.741424 105.266 0.370056 0.645153 -0.668458 126.613 0 0 0 1 
Seq_Frame0016_DriverToReference-SequenceTransformStatus = OK
Seq_Frame0016_Timestamp = 1.674
Seq_Frame0017_DriverToReference-SequenceTransform =-0.890325 0.437353 0.126661 -64.8123 0.342435 0.459813 0.819335 123.881 0.300098 0.772848 -0.559149 115.451 0 0 0 1 
Seq_Frame0017_DriverToReference-SequenceTransformStatus = OK
Seq_Frame0017_Timestamp = 1.784
Seq_Frame0018_DriverToReference-SequenceTransform =-0.900244 0.416189 0.127859 -62.0401 0.299785 0.379566 0.875248 152.292 0.315737 0.826267 -0.466469 108.406 0 0 0 1 
Seq_Frame0018_DriverToReference-SequenceTransformStatus = OK
Seq_Frame0018_Timestamp = 1.893
Seq_Frame0019_DriverToReference-SequenceTransform =-0.904815 0.388626 0.17401 -61.7101 0.301144 0.295129 0.906759 163.619 0.301035 0.872851 -0.384069 107.442 0 0 0 1 
Seq_Frame0019_DriverToReference-SequenceTransformStatus = OK
Seq_Frame0019_Timestamp = 1.998
Seq_Frame0020_DriverToReference-SequenceTransform =-0.904815 0.388626 0.17401 -61.7101 0.301144 0.295129 0.906759 163.619 0.301035 0.872851 -0.384069 107.442 0 0 0 1 
Seq_Frame0020_DriverToReference-SequenceTransformStatus = OK
Seq_Frame0020_Timestamp = 2.103
Seq_Frame0021_DriverToReference-SequenceTransform =-0.904815 0.388626 0.17401 -61.7101 0.301144 0.295129 0.906759 163.619 0.301035 0.872851 -0.384069 107.442 0 0 0 1 
Seq_Frame0021_DriverToReference-SequenceTransformStatus = OK
Seq_Frame0021_Timestamp = 2.213
Seq_Frame0022_DriverToReference-SequenceTransform =-0.904815 0.388626 0.17401 -61.7101 0.301144 0.295129 0.906759 163.619 0.301035 0.872851 -0.384069 107.442 0 0 0 1 
Seq_Frame0022_DriverToReference-SequenceTransformStatus = OK
Seq_Frame0022_Timestamp = 4.689
Seq_Frame0023_DriverToReference-SequenceTransform =-0.0118865 0.706394 0.70772 14.107 -0.56057 0.581382 -0.589708 307.805 -0.828022 -0.403736 0.389072 198.388 0 0 0 1 
Seq_Frame0023_DriverToReference-SequenceTransformStatus = OK
Seq_Frame0023_Timestamp = 4.789
Seq_Frame0024_DriverToReference-SequenceTransform =-0.0900543 0.777654 0.622209 10.4873 -0.741638 0.364619 -0.563051 298.345 -0.664728 -0.512159 0.543902 203.446 0 0 0 1 
Seq_Frame0024_DriverToReference-SequenceTransformStatus = OK
Seq_Frame0024_Timestamp = 4.893
Seq_Frame0025_DriverToReference-SequenceTransform =-0.182035 0.846293 0.500651 -0.906321 -0.810903 0.158774 -0.563229 291.277 -0.556147 -0.508507 0.657359 199.399 0 0 0 1 
Seq_Frame0025_DriverToReference-SequenceTransformStatus = OK
Seq_Frame0025_Timestamp = 4.993
Seq_Frame0026_DriverToReference-SequenceTransform =-0.193259 0.854938 0.481385 -19.5694 -0.875034 0.0717452 -0.478714 276.77 -0.443808 -0.513744 0.734235 192.161 0 0 0 1 
Seq_Frame0026_DriverToReference-SequenceTransformStatus = OK
Seq_Frame0026_Timestamp = 5.094
Seq_Frame0027_DriverToReference-SequenceTransform =-0.169776 0.824126 0.540363 -42.1399 -0.899676 0.0941641 -0.426281 267.485 -0.402192 -0.558524 0.72546 184.433 0 0 0 1 
Seq_Frame0027_DriverToReference-SequenceTransformStatus = OK
Seq_Frame0027_Timestamp = 5.194
Seq_Frame0028_DriverToReference-SequenceTransform =-0.0988953 0.755804 0.647287 -74.0188 -0.938365 0.145665 -0.313454 251.599 -0.331197 -0.63839 0.694814 188.282 0 0 0 1 
Seq_Frame0028_DriverToReference-SequenceTransformStatus = OK
Seq_Frame0028_Timestamp = 5.295
Seq_Frame0029_DriverToReference-SequenceTransform =0.0256183 0.654638 0.755508 -94.1335 -0.959462 0.22829 -0.165276 236.048 -0.280671 -0.720647 0.633949 196.035 0 0 0 1 
Seq_Frame0029_DriverToReference-SequenceTransformStatus = OK
Seq_Frame0029_Timestamp = 5.399
Seq_Frame0030_DriverToReference-SequenceTransform =0.136874 0.494977 0.858058 -98.509 -0.959662 0.28101 -0.00902106 225.381 -0.245588 -0.822211 0.513474 199.421 0 0 0 1 
Seq_Frame0030_DriverToReference-SequenceTransformStatus = OK
Seq_Frame0030_Timestamp = 5.508
Seq_Frame0031_DriverToReference-SequenceTransform =0.207614 0.335449 0.918896 -103.311 -0.948784 0.297726 0.10568 220.567 -0.238129 -0.893775 0.380081 201.425 0 0 0 1 
Seq_Frame0031_DriverToReference-SequenceTransformStatus = OK
Seq_Frame0031_Timestamp = 5.608
Seq_Frame0032_DriverToReference-SequenceTransform =0.277948 0.13265 0.951393 -103.898 -0.926332 0.299178 0.228913 209.279 -0.25427 -0.944932 0.206034 205.166 0 0 0 1 
Seq_Frame0032_DriverToReference-SequenceTransformStatus = OK
Seq_Frame0032_Timestamp = 5.714
Seq_Frame0033_DriverToReference-SequenceTransform =0.296521 0.125067 0.946802 -102.368 -0.93721 0.228708 0.263306 202.883 -0.18361 -0.965428 0.185031 203.843 0 0 0 1 
Seq_Frame0033_DriverToReference-SequenceTransformStatus = OK
Seq_Frame0033_Timestamp = 7.568
Seq_Frame0034_DriverToReference-SequenceTransform =0.296521 0.125067 0.946802 -102.368 -0.93721 0.228708 0.263306 202.883 -0.18361 -0.965428 0.185031 203.843 0 0 0 1 
Seq_Frame0034_DriverToReference-SequenceTransformStatus = OK
Seq_Frame0034_Timestamp = 7.708
Seq_Frame0035_DriverToReference-SequenceTransform =0.296521 0.125067 0.946802 -102.368 -0.93721 0.228708 0.263306 202.883 -0.18361 -0.965428 0.185031 203.843 0 0 0 1 
Seq_Frame0035_DriverToReference-SequenceTransformStatus = OK
Seq_Frame0035_Timestamp = 7.809
Seq_Frame0036_DriverToReference-SequenceTransform =0.296521 0.125067 0.946802 -102.368 -0.93721 0.228708 0.263306 202.883 -0.18361 -0.965428 0.185031 203.843 0 0 0 1 
Seq_Frame0036_DriverToReference-SequenceTransformStatus = OK
Seq_Frame0036_Timestamp = 8.013
Seq_Frame0037_DriverToReference-SequenceTransform =0.296521 0.125067 0.946802 -102.368 -0.93721 0.228708 0.263306 202.883 -0.18361 -0.965428 0.185031 203.843 0 0 0 1 
Seq_Frame0037_DriverToReference-SequenceTransformStatus = OK
Seq_Frame0037_Timestamp = 8.114
Seq_Frame0038_DriverToReference-SequenceTransform =0.296521 0.125067 0.946802 -102.368 -0.93721 0.228708 0.263306 202.883 -0.18361 -0.965428 0.185031 203.843 0 0 0 1 
Seq_Frame0038_DriverToReference-SequenceTransformStatus = OK
Seq_Frame0038_Timestamp = 8.224
Seq_Frame0039_DriverToReference-SequenceTransform =0.296521 0.125067 0.946802 -102.368 -0.93721 0.228708 0.263306 202.883 -0.18361 -0.965428 0.185031 203.843 0 0 0 1 
Seq_Frame0039_DriverToReference-SequenceTransformStatus = OK
Seq_Frame0039_Timestamp = 8.33
Seq_Frame0040_DriverToReference-SequenceTransform =0.296521 0.125067 0.946802 -102.368 -0.93721 0.228708 0.263306 202.883 -0.18361 -0.965428 0.185031 203.843 0 0 0 1 
Seq_Frame0040_DriverToReference-SequenceTransformStatus = OK
Seq_Frame0040_Timestamp = 8.433
Seq_Frame0041_DriverToReference-SequenceTransform =0.296521 0.125067 0.946802 -102.368 -0.93721 0.228708 0.263306 202.883 -0.18361 -0.965428 0.185031 203.843 0 0 0 1 
Seq_Frame0041_DriverToReference-SequenceTransformStatus = OK
Seq_Frame0041_Timestamp = 8.535
Seq_Frame0042_DriverToReference-SequenceTransform =0.296521 0.125067 0.946802 -102.368 -0.93721 0.228708 0.263306 202.883 -0.18361 -0.965428 0.185031 203.843 0 0 0 1 
Seq_Frame0042_DriverToReference-SequenceTransformStatus = OK
Seq_Frame0042_Timestamp = 8.644
Seq_Frame0043_DriverToReference-SequenceTransform =0.296521 0.125067 0.946802 -102.368 -0.93721 0.228708 0.263306 202.883 -0.18361 -0.965428 0.185031 203.843 0 0 0 1 
Seq_Frame0043_DriverToReference-SequenceTransformStatus = OK
Seq_Frame0043_Timestamp = 8.748
Seq_Frame0044_DriverToReference-SequenceTransform =0.296521 0.125067 0.946802 -102.368 -0.93721 0.228708 0.263306 202.883 -0.18361 -0.965428 0.185031 203.843 0 0 0 1 
Seq_Frame0044_DriverToReference-SequenceTransformStatus = OK
Seq_Frame0044_Timestamp = 8.849
Seq_Frame0045_DriverToReference-SequenceTransform =0.296521 0.125067 0.946802 -102.368 -0.93721 0.228708 0.263306 202.883 -0.18361 -0.965428 0.185031 203.843 0 0 0 1 
Seq_Frame0045_DriverToReference-SequenceTransformStatus = OK
Seq_Frame0045_Timestamp = 8.95
Seq_Frame0046_DriverToReference-SequenceTransform =0.296521 0.125067 0.946802 -102.368 -0.93721 0.228708 0.263306 202.883 -0.18361 -0.965428 0.185031 203.843 0 0 0 1 
Seq_Frame0046_DriverToReference-SequenceTransformStatus = OK
Seq_Frame0046_Timestamp = 9.053
Seq_Frame0047_DriverToReference-SequenceTransform =0.296521 0.125067 0.946802 -102.368 -0.93721 0.228708 0.263306 202.883 -0.18361 -0.965428 0.185031 203.843 0 0 0 1 
Seq_Frame0047_DriverToReference-SequenceTransformStatus = OK
Seq_Frame0047_Timestamp = 9.163
Seq_Frame0048_DriverToReference-SequenceTransform =0.296521 0.125067 0.946802 -102.368 -0.93721 0.228708 0.263306 202.883 -0.18361 -0.965428 0.185031 203.843 0 0 0 1 
Seq_Frame0048_DriverToReference-SequenceTransformStatus = OK
Seq_Frame0048_Timestamp = 9.263
Seq_Frame0049_DriverToReference-SequenceTransform =0.296521 0.125067 0.946802 -102.368 -0.93721 0.228708 0.263306 202.883 -0.18361 -0.965428 0.185031 203.843 0 0 0 1 
Seq_Frame0049_DriverToReference-SequenceTransformStatus = OK
Seq_Frame0049_Timestamp = 9.37
Seq_Frame0050_DriverToReference-SequenceTransform =0.296521 0.125067 0.946802 -102.368 -0.93721 0.228708 0.263306 202.883 -0.18361 -0.965428 0.185031 203.843 0 0 0 1 
Seq_Frame0050_DriverToReference-SequenceTransformStatus = OK
Seq_Frame0050_Timestamp = 9.474
Seq_Frame0051_DriverToReference-SequenceTransform =0.296521 0.125067 0.946802 -102.368 -0.93721 0.228708 0.263306 202.883 -0.18361 -0.965428 0.185031 203.843 0 0 0 1 
Seq_Frame0051_DriverToReference-SequenceTransformStatus = OK
Seq_Frame0051_Timestamp = 9.584
Seq_Frame0052_DriverToReference-SequenceTransform =0.296521 0.125067 0.946802 -102.368 -0.93721 0.228708 0.263306 202.883 -0.18361 -0.965428 0.185031 203.843 0 0 0 1 
Seq_Frame0052_DriverToReference-SequenceTransformStatus = OK
Seq_Frame0052_Timestamp = 9.688
Seq_Frame0053_DriverToReference-SequenceTransform =0.296521 0.125067 0.946802 -102.368 -0.93721 0.228708 0.263306 202.883 -0.18361 -0.965428 0.185031 203.843 0 0 0 1 
Seq_Frame0053_DriverToReference-SequenceTransformStatus = OK
Seq_Frame0053_Timestamp = 9.789
Seq_Frame0054_DriverToReference-SequenceTransform =0.296521 0.125067 0.946802 -102.368 -0.93721 0.228708 0.263306 202.883 -0.18361 -0.965428 0.185031 203.843 0 0 0 1 
Seq_Frame0054_DriverToReference-SequenceTransformStatus = OK
Seq_Frame0054_Timestamp = 9.893
Seq_Frame0055_DriverToReference-SequenceTransform =0.296521 0.125067 0.946802 -102.368 -0.93721 0.228708 0.263306 202.883 -0.18361 -0.965428 0.185031 203.843 0 0 0 1 
Seq_Frame0055_DriverToReference-SequenceTransformStatus = OK
Seq_Frame0055_Timestamp = 10.001
Seq_Frame0056_DriverToReference-SequenceTransform =0.296521 0.125067 0.946802 -102.368 -0.93721 0.228708 0.263306 202.883 -0.18361 -0.965428 0.185031 203.843 0 0 0 1 
Seq_Frame0056_DriverToReference-SequenceTransformStatus = OK
Seq_Frame0056_Timestamp = 10.103
Seq_Frame0057_DriverToReference-SequenceTransform =0.296521 0.125067 0.946802 -102.368 -0.93721 0.228708 0.263306 202.883 -0.18361 -0.965428 0.185031 203.843 0 0 0 1 
Seq_Frame0057_DriverToReference-SequenceTransformStatus = OK
Seq_Frame0057_Timestamp = 10.209
Seq_Frame0058_DriverToReference-SequenceTransform =0.296521 0.125067 0.946802 -102.368 -0.93721 0.228708 0.263306 202.883 -0.18361 -0.965428 0.185031 203.843 0 0 0 1 
Seq_Frame0058_DriverToReference-SequenceTransformStatus = OK
Seq_Frame0058_Timestamp = 10.313
Seq_Frame0059_DriverToReference-SequenceTransform =0.296521 0.125067 0.946802 -102.368 -0.93721 0.228708 0.263306 202.883 -0.18361 -0.965428 0.185031 203.843 0 0 0 1 
Seq_Frame0059_DriverToReference-SequenceTransformStatus = OK
Seq_Frame0059_Timestamp = 10.418
Seq_Frame0060_DriverToReference-SequenceTransform =0.296521 0.125067 0.946802 -102.368 -0.93721 0.228708 0.263306 202.883 -0.18361 -0.965428 0.185031 203.843 0 0 0 1 
Seq_Frame0060_DriverToReference-SequenceTransformStatus = OK
Seq_Frame0060_Timestamp = 10.519
Seq_Frame0061_DriverToReference-SequenceTransform =0.296521 0.125067 0.946802 -102.368 -0.93721 0.228708 0.263306 202.883 -0.18361 -0.965428 0.185031 203.843 0 0 0 1 
Seq_Frame0061_DriverToReference-SequenceTransformStatus = OK
Seq_Frame0061_Timestamp = 10.619
Seq_Frame0062_DriverToReference-SequenceTransform =0.296521 0.125067 0.946802 -102.368 -0.93721 0.228708 0.263306 202.883 -0.18361 -0.965428 0.185031 203.843 0 0 0 1 
Seq_Frame0062_DriverToReference-SequenceTransformStatus = OK
Seq_Frame0062_Timestamp = 10.724
Seq_Frame0063_DriverToReference-SequenceTransform =0.296521 0.125067 0.946802 -102.368 -0.93721 0.228708 0.263306 202.883 -0.18361 -0.965428 0.185031 203.843 0 0 0 1 
Seq_Frame0063_DriverToReference-SequenceTransformStatus = OK
Seq_Frame0063_Timestamp = 10.828
Seq_Frame0064_DriverToReference-SequenceTransform =0.296521 0.125067 0.946802 -102.368 -0.93721 0.228708 0.263306 202.883 -0.18361 -0.965428 0.185031 203.843 0 0 0 1 
Seq_Frame0064_DriverToReference-SequenceTransformStatus = OK
Seq_Frame0064_Timestamp = 10.928
Seq_Frame0065_DriverToReference-SequenceTransform =0.296521 0.125067 0.946802 -102.368 -0.93721 0.228708 0.263306 202.883 -0.18361 -0.965428 0.185031 203.843 0 0 0 1 
Seq_Frame0065_DriverToReference-SequenceTransformStatus = OK
Seq_Frame0065_Timestamp = 11.034
Seq_Frame0066_DriverToReference-SequenceTransform =0.296521 0.125067 0.946802 -102.368 -0.93721 0.228708 0.263306 202.883 -0.18361 -0.965428 0.185031 203.843 0 0 0 1 
Seq_Frame0066_DriverToReference-SequenceTransformStatus = OK
Seq_Frame0066_Timestamp = 11.138
Seq_Frame0067_DriverToReference-SequenceTransform =0.296521 0.125067 0.946802 -102.368 -0.93721 0.228708 0.263306 202.883 -0.18361 -0.965428 0.185031 203.843 0 0 0 1 
Seq_Frame0067_DriverToReference-SequenceTransformStatus = OK
Seq_Frame0067_Timestamp = 11.248
Seq_Frame0068_DriverToReference-SequenceTransform =0.296521 0.125067 0.946802 -102.368 -0.93721 0.228708 0.263306 202.883 -0.18361 -0.965428 0.185031 203.843 0 0 0 1 
Seq_Frame0068_DriverToReference-SequenceTransformStatus = OK
Seq_Frame0068_Timestamp = 11.349
Seq_Frame0069_DriverToReference-SequenceTransform =0.296521 0.125067 0.946802 -102.368 -0.93721 0.228708 0.263306 202.883 -0.18361 -0.965428 0.185031 203.843 0 0 0 1 
Seq_Frame0069_DriverToReference-SequenceTransformStatus = OK
Seq_Frame0069_Timestamp = 11.459
Seq_Frame0070_DriverToReference-SequenceTransform =0.296521 0.125067 0.946802 -102.368 -0.93721 0.228708 0.263306 202.883 -0.18361 -0.965428 0.185031 203.843 0 0 0 1 
Seq_Frame0070_DriverToReference-SequenceTransformStatus = OK
Seq_Frame0070_Timestamp = 11.563
Seq_Frame0071_DriverToReference-SequenceTransform =0.296521 0.125067 0.946802 -102.368 -0.93721 0.228708 0.263306 202.883 -0.18361 -0.965428 0.185031 203.843 0 0 0 1 
Seq_Frame0071_DriverToReference-SequenceTransformStatus = OK
Seq_Frame0071_Timestamp = 11.664
Seq_Frame0072_DriverToReference-SequenceTransform =0.296521 0.125067 0.946802 -102.368 -0.93721 0.228708 0.263306 202.883 -0.18361 -0.965428 0.185031 203.843 0 0 0 1 
Seq_Frame0072_DriverToReference-SequenceTransformStatus = OK
Seq_Frame0072_Timestamp = 11.769
Seq_Frame0073_DriverToReference-SequenceTransform =0.296521 0.125067 0.946802 -102.368 -0.93721 0.228708 0.263306 202.883 -0.18361 -0.965428 0.185031 203.843 0 0 0 1 
Seq_Frame0073_DriverToReference-SequenceTransformStatus = OK
Seq_Frame0073_Timestamp = 11.874
Seq_Frame0074_DriverToReference-SequenceTransform =0.296521 0.125067 0.946802 -102.368 -0.93721 0.228708 0.263306 202.883 -0.18361 -0.965428 0.185031 203.843 0 0 0 1 
Seq_Frame0074_DriverToReference-SequenceTransformStatus = OK
Seq_Frame0074_Timestamp = 11.979
Seq_Frame0075_DriverToReference-SequenceTransform =0.296521 0.125067 0.946802 -102.368 -0.93721 0.228708 0.263306 202.883 -0.18361 -0.965428 0.185031 203.843 0 0 0 1 
Seq_Frame0075_DriverToReference-SequenceTransformStatus = OK
Seq_Frame0075_Timestamp = 12.079
Seq_Frame0076_DriverToReference-SequenceTransform =0.296521 0.125067 0.946802 -102.368 -0.93721 0.228708 0.263306 202.883 -0.18361 -0.965428 0.185031 203.843 0 0 0 1 
Seq_Frame0076_DriverToReference-SequenceTransformStatus = OK
Seq_Frame0076_Timestamp = 12.193
Seq_Frame0077_DriverToReference-SequenceTransform =0.296521 0.125067 0.946802 -102.368 -0.93721 0.228708 0.263306 202.883 -0.18361 -0.965428 0.185031 203.843 0 0 0 1 
Seq_Frame0077_DriverToReference-SequenceTransformStatus = OK
Seq_Frame0077_Timestamp = 12.293
Seq_Frame0078_DriverToReference-SequenceTransform =0.296521 0.125067 0.946802 -102.368 -0.93721 0.228708 0.263306 202.883 -0.18361 -0.965428 0.185031 203.843 0 0 0 1 
Seq_Frame0078_DriverToReference-SequenceTransformStatus = OK
Seq_Frame0078_Timestamp = 12.394
Seq_Frame0079_DriverToReference-SequenceTransform =0.296521 0.125067 0.946802 -102.368 -0.93721 0.228708 0.263306 202.883 -0.18361 -0.965428 0.185031 203.843 0 0 0 1 
Seq_Frame0079_DriverToReference-SequenceTransformStatus = OK
Seq_Frame0079_Timestamp = 12.498
Seq_Frame0080_DriverToReference-SequenceTransform =0.296521 0.125067 0.946802 -102.368 -0.93721 0.228708 0.263306 202.883 -0.18361 -0.965428 0.185031 203.843 0 0 0 1 
Seq_Frame0080_DriverToReference-SequenceTransformStatus = OK
Seq_Frame0080_Timestamp = 12.601
Seq_Frame0081_DriverToReference-SequenceTransform =0.296521 0.125067 0.946802 -102.368 -0.93721 0.228708 0.263306 202.883 -0.18361 -0.965428 0.185031 203.843 0 0 0 1 
Seq_Frame0081_DriverToReference-SequenceTransformStatus = OK
Seq_Frame0081_Timestamp = 12.701
Seq_Frame0082_DriverToReference-SequenceTransform =0.296521 0.125067 0.946802 -102.368 -0.93721 0.228708 0.263306 202.883 -0.18361 -0.965428 0.185031 203.843 0 0 0 1 
Seq_Frame0082_DriverToReference-SequenceTransformStatus = OK
Seq_Frame0082_Timestamp = 12.809
Seq_Frame0083_DriverToReference-SequenceTransform =0.296521 0.125067 0.946802 -102.368 -0.93721 0.228708 0.263306 202.883 -0.18361 -0.965428 0.185031 203.843 0 0 0 1 
Seq_Frame0083_DriverToReference-SequenceTransformStatus = OK
Seq_Frame0083_Timestamp = 12.914
Seq_Frame0084_DriverToReference-SequenceTransform =0.296521 0.125067 0.946802 -102.368 -0.93721 0.228708 0.263306 202.883 -0.18361 -0.965428 0.185031 203.843 0 0 0 1 
Seq_Frame0084_DriverToReference-SequenceTransformStatus = OK
Seq_Frame0084_Timestamp = 13.019
Seq_Frame0085_DriverToReference-SequenceTransform =0.296521 0.125067 0.946802 -102.368 -0.93721 0.228708 0.263306 202.883 -0.18361 -0.965428 0.185031 203.843 0 0 0 1 
Seq_Frame0085_DriverToReference-SequenceTransformStatus = OK
Seq_Frame0085_Timestamp = 13.124
Seq_Frame0086_DriverToReference-SequenceTransform =0.296521 0.125067 0.946802 -102.368 -0.93721 0.228708 0.263306 202.883 -0.18361 -0.965428 0.185031 203.843 0 0 0 1 
Seq_Frame0086_DriverToReference-SequenceTransformStatus = OK
Seq_Frame0086_Timestamp = 13.224
Seq_Frame0087_DriverToReference-SequenceTransform =0.296521 0.125067 0.946802 -102.368 -0.93721 0.228708 0.263306 202.883 -0.18361 -0.965428 0.185031 203.843 0 0 0 1 
Seq_Frame0087_DriverToReference-SequenceTransformStatus = OK
Seq_Frame0087_Timestamp = 13.328
Seq_Frame0088_DriverToReference-SequenceTransform =0.296521 0.125067 0.946802 -102.368 -0.93721 0.228708 0.263306 202.883 -0.18361 -0.965428 0.185031 203.843 0 0 0 1 
Seq_Frame0088_DriverToReference-SequenceTransformStatus = OK
Seq_Frame0088_Timestamp = 13.429
Seq_Frame0089_DriverToReference-SequenceTransform =0.296521 0.125067 0.946802 -102.368 -0.93721 0.228708 0.263306 202.883 -0.18361 -0.965428 0.185031 203.843 0 0 0 1 
Seq_Frame0089_DriverToReference-SequenceTransformStatus = OK
Seq_Frame0089_Timestamp = 13.529
Seq_Frame0090_DriverToReference-SequenceTransform =0.296521 0.125067 0.946802 -102.368 -0.93721 0.228708 0.263306 202.883 -0.18361 -0.965428 0.185031 203.843 0 0 0 1 
Seq_Frame0090_DriverToReference-SequenceTransformStatus = OK
Seq_Frame0090_Timestamp = 13.638
Seq_Frame0091_DriverToReference-SequenceTransform =0.296521 0.125067 0.946802 -102.368 -0.93721 0.228708 0.263306 202.883 -0.18361 -0.965428 0.185031 203.843 0 0 0 1 
Seq_Frame0091_DriverToReference-SequenceTransformStatus = OK
Seq_Frame0091_Timestamp = 13.739
Seq_Frame0092_DriverToReference-SequenceTransform =0.296521 0.125067 0.946802 -102.368 -0.93721 0.228708 0.263306 202.883 -0.18361 -0.965428 0.185031 203.843 0 0 0 1 
Seq_Frame0092_DriverToReference-SequenceTransformStatus = OK
Seq_Frame0092_Timestamp = 13.839
Seq_Frame0093_DriverToReference-SequenceTransform =0.296521 0.125067 0.946802 -102.368 -0.93721 0.228708 0.263306 202.883 -0.18361 -0.965428 0.185031 203.843 0 0 0 1 
Seq_Frame0093_DriverToReference-SequenceTransformStatus = OK
Seq_Frame0093_Timestamp = 13.951
Seq_Frame0094_DriverToReference-SequenceTransform =0.296521 0.125067 0.946802 -102.368 -0.93721 0.228708 0.263306 202.883 -0.18361 -0.965428 0.185031 203.843 0 0 0 1 
Seq_Frame0094_DriverToReference-SequenceTransformStatus = OK
Seq_Frame0094_Timestamp = 14.058
Seq_Frame0095_DriverToReference-SequenceTransform =0.296521 0.125067 0.946802 -102.368 -0.93721 0.228708 0.263306 202.883 -0.18361 -0.965428 0.185031 203.843 0 0 0 1 
Seq_Frame0095_DriverToReference-SequenceTransformStatus = OK
Seq_Frame0095_Timestamp = 14.163
Seq_Frame0096_DriverToReference-SequenceTransform =0.296521 0.125067 0.946802 -102.368 -0.93721 0.228708 0.263306 202.883 -0.18361 -0.965428 0.185031 203.843 0 0 0 1 
Seq_Frame0096_DriverToReference-SequenceTransformStatus = OK
Seq_Frame0096_Timestamp = 14.264
Seq_Frame0097_DriverToReference-SequenceTransform =0.296521 0.125067 0.946802 -102.368 -0.93721 0.228708 0.263306 202.883 -0.18361 -0.965428 0.185031 203.843 0 0 0 1 
Seq_Frame0097_DriverToReference-SequenceTransformStatus = OK
Seq_Frame0097_Timestamp = 14.374
Seq_Frame0098_DriverToReference-SequenceTransform =0.296521 0.125067 0.946802 -102.368 -0.93721 0.228708 0.263306 202.883 -0.18361 -0.965428 0.185031 203.843 0 0 0 1 
Seq_Frame0098_DriverToReference-SequenceTransformStatus = OK
Seq_Frame0098_Timestamp = 14.483
Seq_Frame0099_DriverToReference-SequenceTransform =0.296521 0.125067 0.946802 -102.368 -0.93721 0.228708 0.263306 202.883 -0.18361 -0.965428 0.185031 203.843 0 0 0 1 
Seq_Frame0099_DriverToReference-SequenceTransformStatus = OK
Seq_Frame0099_Timestamp = 14.584
Seq_Frame0100_DriverToReference-SequenceTransform =0.296521 0.125067 0.946802 -102.368 -0.93721 0.228708 0.263306 202.883 -0.18361 -0.965428 0.185031 203.843 0 0 0 1 
Seq_Frame0100_DriverToReference-SequenceTransformStatus = OK
Seq_Frame0100_Timestamp = 14.694
Seq_Frame0101_DriverToReference-SequenceTransform =0.296521 0.125067 0.946802 -102.368 -0.93721 0.228708 0.263306 202.883 -0.18361 -0.965428 0.185031 203.843 0 0 0 1 
Seq_Frame0101_DriverToReference-SequenceTransformStatus = OK
Seq_Frame0101_Timestamp = 14.799
Seq_Frame0102_DriverToReference-SequenceTransform =0.296521 0.125067 0.946802 -102.368 -0.93721 0.228708 0.263306 202.883 -0.18361 -0.965428 0.185031 203.843 0 0 0 1 
Seq_Frame0102_DriverToReference-SequenceTransformStatus = OK
Seq_Frame0102_Timestamp = 14.905
Seq_Frame0103_DriverToReference-SequenceTransform =0.296521 0.125067 0.946802 -102.368 -0.93721 0.228708 0.263306 202.883 -0.18361 -0.965428 0.185031 203.843 0 0 0 1 
Seq_Frame0103_DriverToReference-SequenceTransformStatus = OK
Seq_Frame0103_Timestamp = 15.008
Seq_Frame0104_DriverToReference-SequenceTransform =0.296521 0.125067 0.946802 -102.368 -0.93721 0.228708 0.263306 202.883 -0.18361 -0.965428 0.185031 203.843 0 0 0 1 
Seq_Frame0104_DriverToReference-SequenceTransformStatus = OK
Seq_Frame0104_Timestamp = 15.388
Seq_Frame0105_DriverToReference-SequenceTransform =0.296521 0.125067 0.946802 -102.368 -0.93721 0.228708 0.263306 202.883 -0.18361 -0.965428 0.185031 203.843 0 0 0 1 
Seq_Frame0105_DriverToReference-SequenceTransformStatus = OK
Seq_Frame0105_Timestamp = 15.489
Seq_Frame0106_DriverToReference-SequenceTransform =0.296521 0.125067 0.946802 -102.368 -0.93721 0.228708 0.263306 202.883 -0.18361 -0.965428 0.185031 203.843 0 0 0 1 
Seq_Frame0106_DriverToReference-SequenceTransformStatus = OK
Seq_Frame0106_Timestamp = 15.589
Seq_Frame0107_DriverToReference-SequenceTransform =0.296521 0.125067 0.946802 -102.368 -0.93721 0.228708 0.263306 202.883 -0.18361 -0.965428 0.185031 203.843 0 0 0 1 
Seq_Frame0107_DriverToReference-SequenceTransformStatus = OK
Seq_Frame0107_Timestamp = 15.69
Seq_Frame0108_DriverToReference-SequenceTransform =0.296521 0.125067 0.946802 -102.368 -0.93721 0.228708 0.263306 202.883 -0.18361 -0.965428 0.185031 203.843 0 0 0 1 
Seq_Frame0108_DriverToReference-SequenceTransformStatus = OK
Seq_Frame0108_Timestamp = 15.824
Seq_Frame0109_DriverToReference-SequenceTransform =0.296521 0.125067 0.946802 -102.368 -0.93721 0.228708 0.263306 202.883 -0.18361 -0.965428 0.185031 203.843 0 0 0 1 
Seq_Frame0109_DriverToReference-SequenceTransformStatus = OK
Seq_Frame0109_Timestamp = 15.933
Seq_Frame0110_DriverToReference-SequenceTransform =0.296521 0.125067 0.946802 -102.368 -0.93721 0.228708 0.263306 202.883 -0.18361 -0.965428 0.185031 203.843 0 0 0 1 
Seq_Frame0110_DriverToReference-SequenceTransformStatus = OK
Seq_Frame0110_Timestamp = 16.034
Seq_Frame0111_DriverToReference-SequenceTransform =0.296521 0.125067 0.946802 -102.368 -0.93721 0.228708 0.263306 202.883 -0.18361 -0.965428 0.185031 203.843 0 0 0 1 
Seq_Frame0111_DriverToReference-SequenceTransformStatus = OK
Seq_Frame0111_Timestamp = 16.143
Seq_Frame0112_DriverToReference-SequenceTransform =0.296521 0.125067 0.946802 -102.368 -0.93721 0.228708 0.263306 202.883 -0.18361 -0.965428 0.185031 203.843 0 0 0 1 
Seq_Frame0112_DriverToReference-SequenceTransformStatus = OK
Seq_Frame0112_Timestamp = 16.699
Seq_Frame0113_DriverToReference-SequenceTransform =0.296521 0.125067 0.946802 -102.368 -0.93721 0.228708 0.263306 202.883 -0.18361 -0.965428 0.185031 203.843 0 0 0 1 
Seq_Frame0113_DriverToReference-SequenceTransformStatus = OK
Seq_Frame0113_Timestamp = 17.224
Seq_Frame0114_DriverToReference-SequenceTransform =0.296521 0.125067 0.946802 -102.368 -0.93721 0.228708 0.263306 202.883 -0.18361 -0.965428 0.185031 203.843 0 0 0 1 
Seq_Frame0114_DriverToReference-SequenceTransformStatus = OK
Seq_Frame0114_Timestamp = 18.313
Seq_Frame0115_DriverToReference-SequenceTransform =0.296521 0.125067 0.946802 -102.368 -0.93721 0.228708 0.263306 202.883 -0.18361 -0.965428 0.185031 203.843 0 0 0 1 
Seq_Frame0115_DriverToReference-SequenceTransformStatus = OK
Seq_Frame0115_Timestamp = 18.426
Seq_Frame0116_DriverToReference-SequenceTransform =0.296521 0.125067 0.946802 -102.368 -0.93721 0.228708 0.263306 202.883 -0.18361 -0.965428 0.185031 203.843 0 0 0 1 
Seq_Frame0116_DriverToReference-SequenceTransformStatus = OK
Seq_Frame0116_Timestamp = 18.528
Seq_Frame0117_DriverToReference-SequenceTransform =0.296521 0.125067 0.946802 -102.368 -0.93721 0.228708 0.263306 202.883 -0.18361 -0.965428 0.185031 203.843 0 0 0 1 
Seq_Frame0117_DriverToReference-SequenceTransformStatus = OK
Seq_Frame0117_Timestamp = 18.633
Seq_Frame0118_DriverToReference-SequenceTransform =0.296521 0.125067 0.946802 -102.368 -0.93721 0.228708 0.263306 202.883 -0.18361 -0.965428 0.185031 203.843 0 0 0 1 
Seq_Frame0118_DriverToReference-SequenceTransformStatus = OK
Seq_Frame0118_Timestamp = 18.738
Seq_Frame0119_DriverToReference-SequenceTransform =0.296521 0.125067 0.946802 -102.368 -0.93721 0.228708 0.263306 202.883 -0.18361 -0.965428 0.185031 203.843 0 0 0 1 
Seq_Frame0119_DriverToReference-SequenceTransformStatus = OK
Seq_Frame0119_Timestamp = 18.839
Seq_Frame0120_DriverToReference-SequenceTransform =0.296521 0.125067 0.946802 -102.368 -0.93721 0.228708 0.263306 202.883 -0.18361 -0.965428 0.185031 203.843 0 0 0 1 
Seq_Frame0120_DriverToReference-SequenceTransformStatus = OK
Seq_Frame0120_Timestamp = 18.948
Seq_Frame0121_DriverToReference-SequenceTransform =0.296521 0.125067 0.946802 -102.368 -0.93721 0.228708 0.263306 202.883 -0.18361 -0.965428 0.185031 203.843 0 0 0 1 
Seq_Frame0121_DriverToReference-SequenceTransformStatus = OK
Seq_Frame0121_Timestamp = 19.058
Seq_Frame0122_DriverToReference-SequenceTransform =0.296521 0.125067 0.946802 -102.368 -0.93721 0.228708 0.263306 202.883 -0.18361 -0.965428 0.185031 203.843 0 0 0 1 
Seq_Frame0122_DriverToReference-SequenceTransformStatus = OK
Seq_Frame0122_Timestamp = 19.159
Seq_Frame0123_DriverToReference-SequenceTransform =0.296521 0.125067 0.946802 -102.368 -0.93721 0.228708 0.263306 202.883 -0.18361 -0.965428 0.185031 203.843 0 0 0 1 
Seq_Frame0123_DriverToReference-SequenceTransformStatus = OK
Seq_Frame0123_Timestamp = 19.263
Seq_Frame0124_DriverToReference-SequenceTransform =0.296521 0.125067 0.946802 -102.368 -0.93721 0.228708 0.263306 202.883 -0.18361 -0.965428 0.185031 203.843 0 0 0 1 
Seq_Frame0124_DriverToReference-SequenceTransformStatus = OK
Seq_Frame0124_Timestamp = 19.364
Seq_Frame0125_DriverToReference-SequenceTransform =0.296521 0.125067 0.946802 -102.368 -0.93721 0.228708 0.263306 202.883 -0.18361 -0.965428 0.185031 203.843 0 0 0 1 
Seq_Frame0125_DriverToReference-SequenceTransformStatus = OK
Seq_Frame0125_Timestamp = 19.474
Seq_Frame0126_DriverToReference-SequenceTransform =0.296521 0.125067 0.946802 -102.368 -0.93721 0.228708 0.263306 202.883 -0.18361 -0.965428 0.185031 203.843 0 0 0 1 
Seq_Frame0126_DriverToReference-SequenceTransformStatus = OK
Seq_Frame0126_Timestamp = 19.578
Seq_Frame0127_DriverToReference-SequenceTransform =0.296521 0.125067 0.946802 -102.368 -0.93721 0.228708 0.263306 202.883 -0.18361 -0.965428 0.185031 203.843 0 0 0 1 
Seq_Frame0127_DriverToReference-SequenceTransformStatus = OK
Seq_Frame0127_Timestamp = 19.683
Seq_Frame0128_DriverToReference-SequenceTransform =0.296521 0.125067 0.946802 -102.368 -0.93721 0.228708 0.263306 202.883 -0.18361 -0.965428 0.185031 203.843 0 0 0 1 
Seq_Frame0128_DriverToReference-SequenceTransformStatus = OK
Seq_Frame0128_Timestamp = 19.792
Seq_Frame0129_DriverToReference-SequenceTransform =0.296521 0.125067 0.946802 -102.368 -0.93721 0.228708 0.263306 202.883 -0.18361 -0.965428 0.185031 203.843 0 0 0 1 
Seq_Frame0129_DriverToReference-SequenceTransformStatus = OK
Seq_Frame0129_Timestamp = 19.894
Seq_Frame0130_DriverToReference-SequenceTransform =0.296521 0.125067 0.946802 -102.368 -0.93721 0.228708 0.263306 202.883 -0.18361 -0.965428 0.185031 203.843 0 0 0 1 
Seq_Frame0130_DriverToReference-SequenceTransformStatus = OK
Seq_Frame0130_Timestamp = 19.998
Seq_Frame0131_DriverToReference-SequenceTransform =0.296521 0.125067 0.946802 -102.368 -0.93721 0.228708 0.263306 202.883 -0.18361 -0.965428 0.185031 203.843 0 0 0 1 
Seq_Frame0131_DriverToReference-SequenceTransformStatus = OK
Seq_Frame0131_Timestamp = 20.104
Seq_Frame0132_DriverToReference-SequenceTransform =0.296521 0.125067 0.946802 -102.368 -0.93721 0.228708 0.263306 202.883 -0.18361 -0.965428 0.185031 203.843 0 0 0 1 
Seq_Frame0132_DriverToReference-SequenceTransformStatus = OK
Seq_Frame0132_Timestamp = 20.208
Seq_Frame0133_DriverToReference-SequenceTransform =0.296521 0.125067 0.946802 -102.368 -0.93721 0.228708 0.263306 202.883 -0.18361 -0.965428 0.185031 203.843 0 0 0 1 
Seq_Frame0133_DriverToReference-SequenceTransformStatus = OK
Seq_Frame0133_Timestamp = 20.313
Seq_Frame0134_DriverToReference-SequenceTransform =0.296521 0.125067 0.946802 -102.368 -0.93721 0.228708 0.263306 202.883 -0.18361 -0.965428 0.185031 203.843 0 0 0 1 
Seq_Frame0134_DriverToReference-SequenceTransformStatus = OK
Seq_Frame0134_Timestamp = 20.423
Seq_Frame0135_DriverToReference-SequenceTransform =0.296521 0.125067 0.946802 -102.368 -0.93721 0.228708 0.263306 202.883 -0.18361 -0.965428 0.185031 203.843 0 0 0 1 
Seq_Frame0135_DriverToReference-SequenceTransformStatus = OK
Seq_Frame0135_Timestamp = 20.526
Seq_Frame0136_DriverToReference-SequenceTransform =0.296521 0.125067 0.946802 -102.368 -0.93721 0.228708 0.263306 202.883 -0.18361 -0.965428 0.185031 203.843 0 0 0 1 
Seq_Frame0136_DriverToReference-SequenceTransformStatus = OK
Seq_Frame0136_Timestamp = 20.628
Seq_Frame0137_DriverToReference-SequenceTransform =0.296521 0.125067 0.946802 -102.368 -0.93721 0.228708 0.263306 202.883 -0.18361 -0.965428 0.185031 203.843 0 0 0 1 
Seq_Frame0137_DriverToReference-SequenceTransformStatus = OK
Seq_Frame0137_Timestamp = 20.729
Seq_Frame0138_DriverToReference-SequenceTransform =0.296521 0.125067 0.946802 -102.368 -0.93721 0.228708 0.263306 202.883 -0.18361 -0.965428 0.185031 203.843 0 0 0 1 
Seq_Frame0138_DriverToReference-SequenceTransformStatus = OK
Seq_Frame0138_Timestamp = 20.833
Seq_Frame0139_DriverToReference-SequenceTransform =0.296521 0.125067 0.946802 -102.368 -0.93721 0.228708 0.263306 202.883 -0.18361 -0.965428 0.185031 203.843 0 0 0 1 
Seq_Frame0139_DriverToReference-SequenceTransformStatus = OK
Seq_Frame0139_Timestamp = 20.934
Seq_Frame0140_DriverToReference-SequenceTransform =0.296521 0.125067 0.946802 -102.368 -0.93721 0.228708 0.263306 202.883 -0.18361 -0.965428 0.185031 203.843 0 0 0 1 
Seq_Frame0140_DriverToReference-SequenceTransformStatus = OK
Seq_Frame0140_Timestamp = 21.035
Seq_Frame0141_DriverToReference-SequenceTransform =0.296521 0.125067 0.946802 -102.368 -0.93721 0.228708 0.263306 202.883 -0.18361 -0.965428 0.185031 203.843 0 0 0 1 
Seq_Frame0141_DriverToReference-SequenceTransformStatus = OK
Seq_Frame0141_Timestamp = 21.148
Seq_Frame0142_DriverToReference-SequenceTransform =0.296521 0.125067 0.946802 -102.368 -0.93721 0.228708 0.263306 202.883 -0.18361 -0.965428 0.185031 203.843 0 0 0 1 
Seq_Frame0142_DriverToReference-SequenceTransformStatus = OK
Seq_Frame0142_Timestamp = 21.249
Seq_Frame0143_DriverToReference-SequenceTransform =0.296521 0.125067 0.946802 -102.368 -0.93721 0.228708 0.263306 202.883 -0.18361 -0.965428 0.185031 203.843 0 0 0 1 
Seq_Frame0143_DriverToReference-SequenceTransformStatus = OK
Seq_Frame0143_Timestamp = 21.353
Seq_Frame0144_DriverToReference-SequenceTransform =0.296521 0.125067 0.946802 -102.368 -0.93721 0.228708 0.263306 202.883 -0.18361 -0.965428 0.185031 203.843 0 0 0 1 
Seq_Frame0144_DriverToReference-SequenceTransformStatus = OK
Seq_Frame0144_Timestamp = 21.463
Seq_Frame0145_DriverToReference-SequenceTransform =0.296521 0.125067 0.946802 -102.368 -0.93721 0.228708 0.263306 202.883 -0.18361 -0.965428 0.185031 203.843 0 0 0 1 
Seq_Frame0145_DriverToReference-SequenceTransformStatus = OK
Seq_Frame0145_Timestamp = 21.563
Seq_Frame0146_DriverToReference-SequenceTransform =0.296521 0.125067 0.946802 -102.368 -0.93721 0.228708 0.263306 202.883 -0.18361 -0.965428 0.185031 203.843 0 0 0 1 
Seq_Frame0146_DriverToReference-SequenceTransformStatus = OK
Seq_Frame0146_Timestamp = 21.668
Seq_Frame0147_DriverToReference-SequenceTransform =0.296521 0.125067 0.946802 -102.368 -0.93721 0.228708 0.263306 202.883 -0.18361 -0.965428 0.185031 203.843 0 0 0 1 
Seq_Frame0147_DriverToReference-SequenceTransformStatus = OK
Seq_Frame0147_Timestamp = 21.773
Seq_Frame0148_DriverToReference-SequenceTransform =0.296521 0.125067 0.946802 -102.368 -0.93721 0.228708 0.263306 202.883 -0.18361 -0.965428 0.185031 203.843 0 0 0 1 
Seq_Frame0148_DriverToReference-SequenceTransformStatus = OK
Seq_Frame0148_Timestamp = 21.879
Seq_Frame0149_DriverToReference-SequenceTransform =0.291309 0.283482 0.913661 83.6564 -0.797784 0.59904 0.0684984 245.921 -0.527901 -0.748859 0.400663 161.372 0 0 0 1 
Seq_Frame0149_DriverToReference-SequenceTransformStatus = OK
Seq_Frame0149_Timestamp = 21.98
Seq_Frame0150_DriverToReference-SequenceTransform =0.246598 0.273255 0.929796 87.6138 -0.814665 0.578091 0.0461699 251.761 -0.524891 -0.768858 0.365167 158.158 0 0 0 1 
Seq_Frame0150_DriverToReference-SequenceTransformStatus = OK
Seq_Frame0150_Timestamp = 22.088
Seq_Frame0151_DriverToReference-SequenceTransform =0.236883 0.27825 0.93084 91.2936 -0.804096 0.593881 0.0271037 258.526 -0.545267 -0.754905 0.364421 153.889 0 0 0 1 
Seq_Frame0151_DriverToReference-SequenceTransformStatus = OK
Seq_Frame0151_Timestamp = 22.198
