ObjectType = Image
NDims = 3
AnatomicalOrientation = RAI
BinaryData = True
CompressedData = False
DimSize = 0 0 1601
ElementSpacing = 1 1 1
Offset = 0 0 0
TransformMatrix = 1 0 0 0 1 0 0 0 1
ElementType = MET_UCHAR
Kinds = domain domain list
Seq_Frame0000_ForcepToReference-SequenceTransform =0.381718 -0.804154 -0.455662 -151.692 0.0066165 -0.490602 0.871358 43.9333 -0.924255 -0.335628 -0.181951 80.0211 0 0 0 1 
Seq_Frame0000_ForcepToReference-SequenceTransformStatus = OK
Seq_Frame0000_Timestamp = 0.00300002
Seq_Frame0001_ForcepToReference-SequenceTransform =0.381438 -0.804312 -0.455617 -151.709 0.00765627 -0.490116 0.871624 43.958 -0.924363 -0.335959 -0.180791 79.957 0 0 0 1 
Seq_Frame0001_ForcepToReference-SequenceTransformStatus = OK
Seq_Frame0001_Timestamp = 0.11
Seq_Frame0002_ForcepToReference-SequenceTransform =0.379849 -0.804968 -0.455786 -151.749 0.00700068 -0.490201 0.871581 43.9391 -0.925022 -0.33426 -0.180567 79.9537 0 0 0 1 
Seq_Frame0002_ForcepToReference-SequenceTransformStatus = OK
Seq_Frame0002_Timestamp = 0.21
Seq_Frame0003_ForcepToReference-SequenceTransform =0.382064 -0.804124 -0.455424 -151.701 0.00846721 -0.489744 0.871825 43.9506 -0.924097 -0.336949 -0.180305 79.9783 0 0 0 1 
Seq_Frame0003_ForcepToReference-SequenceTransformStatus = OK
Seq_Frame0003_Timestamp = 0.319
Seq_Frame0004_ForcepToReference-SequenceTransform =0.382179 -0.804291 -0.455032 -151.703 0.00775456 -0.489604 0.871911 43.9715 -0.924056 -0.336755 -0.180879 79.9642 0 0 0 1 
Seq_Frame0004_ForcepToReference-SequenceTransformStatus = OK
Seq_Frame0004_Timestamp = 0.427
Seq_Frame0005_ForcepToReference-SequenceTransform =0.381459 -0.804427 -0.455397 -151.731 0.00788321 -0.489799 0.8718 43.9855 -0.924352 -0.336146 -0.180497 79.9227 0 0 0 1 
Seq_Frame0005_ForcepToReference-SequenceTransformStatus = OK
Seq_Frame0005_Timestamp = 0.534
Seq_Frame0006_ForcepToReference-SequenceTransform =0.380433 -0.804578 -0.455987 -151.747 0.00732549 -0.490424 0.871453 43.9694 -0.924779 -0.33487 -0.18068 79.8482 0 0 0 1 
Seq_Frame0006_ForcepToReference-SequenceTransformStatus = OK
Seq_Frame0006_Timestamp = 0.643
Seq_Frame0007_ForcepToReference-SequenceTransform =0.381139 -0.804406 -0.455702 -151.736 0.00770547 -0.490127 0.871617 43.9773 -0.924486 -0.335718 -0.180608 79.8461 0 0 0 1 
Seq_Frame0007_ForcepToReference-SequenceTransformStatus = OK
Seq_Frame0007_Timestamp = 0.749
Seq_Frame0008_ForcepToReference-SequenceTransform =0.381189 -0.804311 -0.455828 -151.693 0.00766273 -0.490289 0.871526 43.9664 -0.924465 -0.335709 -0.18073 79.9763 0 0 0 1 
Seq_Frame0008_ForcepToReference-SequenceTransformStatus = OK
Seq_Frame0008_Timestamp = 0.854
Seq_Frame0009_ForcepToReference-SequenceTransform =0.378997 -0.805596 -0.455386 -151.725 0.00862716 -0.489001 0.872241 43.6688 -0.925358 -0.334506 -0.17838 79.3875 0 0 0 1 
Seq_Frame0009_ForcepToReference-SequenceTransformStatus = OK
Seq_Frame0009_Timestamp = 0.954
Seq_Frame0010_ForcepToReference-SequenceTransform =0.363447 -0.811969 -0.456741 -151.164 0.00875669 -0.487269 0.873208 43.0254 -0.931574 -0.321365 -0.169986 78.493 0 0 0 1 
Seq_Frame0010_ForcepToReference-SequenceTransformStatus = OK
Seq_Frame0010_Timestamp = 1.058
Seq_Frame0011_ForcepToReference-SequenceTransform =0.274182 -0.757964 -0.591873 -151.173 0.0502568 -0.603325 0.79591 44.3952 -0.960364 -0.24797 -0.127328 80.518 0 0 0 1 
Seq_Frame0011_ForcepToReference-SequenceTransformStatus = OK
Seq_Frame0011_Timestamp = 1.159
Seq_Frame0012_ForcepToReference-SequenceTransform =0.168831 -0.760009 -0.6276 -159.55 0.0723682 -0.625463 0.77689 47.8649 -0.982985 -0.176582 -0.0505973 79.2288 0 0 0 1 
Seq_Frame0012_ForcepToReference-SequenceTransformStatus = OK
Seq_Frame0012_Timestamp = 1.264
Seq_Frame0013_ForcepToReference-SequenceTransform =0.0449734 -0.657529 -0.752086 -163.761 0.155325 -0.73909 0.655455 56.1839 -0.986839 -0.146296 0.0688914 76.3564 0 0 0 1 
Seq_Frame0013_ForcepToReference-SequenceTransformStatus = OK
Seq_Frame0013_Timestamp = 1.368
Seq_Frame0014_ForcepToReference-SequenceTransform =0.147266 -0.194367 -0.969811 -142.3 0.262279 -0.937728 0.227764 70.0557 -0.953689 -0.287903 -0.0871174 65.5218 0 0 0 1 
Seq_Frame0014_ForcepToReference-SequenceTransformStatus = OK
Seq_Frame0014_Timestamp = 1.471
Seq_Frame0015_ForcepToReference-SequenceTransform =-0.133021 0.317246 -0.938968 -146.064 -0.0665119 -0.948109 -0.310912 72.4372 -0.988879 0.0210949 0.147219 57.6974 0 0 0 1 
Seq_Frame0015_ForcepToReference-SequenceTransformStatus = OK
Seq_Frame0015_Timestamp = 1.574
Seq_Frame0016_ForcepToReference-SequenceTransform =-0.204704 0.413772 -0.887067 -145.867 -0.115683 -0.910134 -0.397836 73.9858 -0.971964 0.0211801 0.234175 54.9686 0 0 0 1 
Seq_Frame0016_ForcepToReference-SequenceTransformStatus = OK
Seq_Frame0016_Timestamp = 1.674
Seq_Frame0017_ForcepToReference-SequenceTransform =0.719643 -0.659061 -0.218525 -182.543 0.378928 0.109055 0.918978 122.497 -0.581831 -0.744141 0.328217 15.3824 0 0 0 1 
Seq_Frame0017_ForcepToReference-SequenceTransformStatus = OK
Seq_Frame0017_Timestamp = 1.784
Seq_Frame0018_ForcepToReference-SequenceTransform =0.407592 -0.736788 -0.539455 -197.319 0.630293 -0.20047 0.750029 145.465 -0.660757 -0.64572 0.382682 7.84339 0 0 0 1 
Seq_Frame0018_ForcepToReference-SequenceTransformStatus = OK
Seq_Frame0018_Timestamp = 1.893
Seq_Frame0019_ForcepToReference-SequenceTransform =0.299196 -0.704274 -0.643801 -177.341 0.690581 -0.305779 0.655437 163.868 -0.658468 -0.640701 0.39487 11.6396 0 0 0 1 
Seq_Frame0019_ForcepToReference-SequenceTransformStatus = OK
Seq_Frame0019_Timestamp = 1.998
Seq_Frame0020_ForcepToReference-SequenceTransform =0.177298 -0.571582 -0.801161 -147.578 0.78058 -0.414116 0.468191 192.487 -0.599383 -0.70838 0.372744 22.8611 0 0 0 1 
Seq_Frame0020_ForcepToReference-SequenceTransformStatus = OK
Seq_Frame0020_Timestamp = 2.103
Seq_Frame0021_ForcepToReference-SequenceTransform =0.221184 0.520663 0.824613 -123.128 -0.461412 0.800799 -0.381864 230.366 -0.859172 -0.296024 0.417364 35.4063 0 0 0 1 
Seq_Frame0021_ForcepToReference-SequenceTransformStatus = OK
Seq_Frame0021_Timestamp = 2.213
Seq_Frame0022_ForcepToReference-SequenceTransform =0.437637 -0.347362 -0.829345 -42.7333 0.898898 0.147116 0.412721 260.413 -0.0213541 -0.926119 0.376626 62.2183 0 0 0 1 
Seq_Frame0022_ForcepToReference-SequenceTransformStatus = OK
Seq_Frame0022_Timestamp = 4.689
Seq_Frame0023_ForcepToReference-SequenceTransform =-0.203593 0.9543 0.218771 -88.2873 -0.147972 0.190892 -0.970394 236.412 -0.967809 -0.229937 0.102345 31.7152 0 0 0 1 
Seq_Frame0023_ForcepToReference-SequenceTransformStatus = OK
Seq_Frame0023_Timestamp = 4.789
Seq_Frame0024_ForcepToReference-SequenceTransform =-0.41385 0.748556 -0.518066 -108.135 0.398015 -0.36303 -0.842492 222.017 -0.818726 -0.554863 -0.147697 22.9495 0 0 0 1 
Seq_Frame0024_ForcepToReference-SequenceTransformStatus = OK
Seq_Frame0024_Timestamp = 4.893
Seq_Frame0025_ForcepToReference-SequenceTransform =-0.434544 0.604813 -0.667362 -110.435 0.52992 -0.427453 -0.73244 221.421 -0.728256 -0.671926 -0.134756 21.9379 0 0 0 1 
Seq_Frame0025_ForcepToReference-SequenceTransformStatus = OK
Seq_Frame0025_Timestamp = 4.993
Seq_Frame0026_ForcepToReference-SequenceTransform =-0.434544 0.604813 -0.667362 -110.435 0.52992 -0.427453 -0.73244 221.421 -0.728256 -0.671926 -0.134756 21.9379 0 0 0 1 
Seq_Frame0026_ForcepToReference-SequenceTransformStatus = OK
Seq_Frame0026_Timestamp = 5.094
Seq_Frame0027_ForcepToReference-SequenceTransform =-0.434544 0.604813 -0.667362 -110.435 0.52992 -0.427453 -0.73244 221.421 -0.728256 -0.671926 -0.134756 21.9379 0 0 0 1 
Seq_Frame0027_ForcepToReference-SequenceTransformStatus = OK
Seq_Frame0027_Timestamp = 5.194
Seq_Frame0028_ForcepToReference-SequenceTransform =-0.434544 0.604813 -0.667362 -110.435 0.52992 -0.427453 -0.73244 221.421 -0.728256 -0.671926 -0.134756 21.9379 0 0 0 1 
Seq_Frame0028_ForcepToReference-SequenceTransformStatus = OK
Seq_Frame0028_Timestamp = 5.295
Seq_Frame0029_ForcepToReference-SequenceTransform =-0.434544 0.604813 -0.667362 -110.435 0.52992 -0.427453 -0.73244 221.421 -0.728256 -0.671926 -0.134756 21.9379 0 0 0 1 
Seq_Frame0029_ForcepToReference-SequenceTransformStatus = OK
Seq_Frame0029_Timestamp = 5.399
Seq_Frame0030_ForcepToReference-SequenceTransform =-0.434544 0.604813 -0.667362 -110.435 0.52992 -0.427453 -0.73244 221.421 -0.728256 -0.671926 -0.134756 21.9379 0 0 0 1 
Seq_Frame0030_ForcepToReference-SequenceTransformStatus = OK
Seq_Frame0030_Timestamp = 5.508
Seq_Frame0031_ForcepToReference-SequenceTransform =-0.434544 0.604813 -0.667362 -110.435 0.52992 -0.427453 -0.73244 221.421 -0.728256 -0.671926 -0.134756 21.9379 0 0 0 1 
Seq_Frame0031_ForcepToReference-SequenceTransformStatus = OK
Seq_Frame0031_Timestamp = 5.608
Seq_Frame0032_ForcepToReference-SequenceTransform =-0.434544 0.604813 -0.667362 -110.435 0.52992 -0.427453 -0.73244 221.421 -0.728256 -0.671926 -0.134756 21.9379 0 0 0 1 
Seq_Frame0032_ForcepToReference-SequenceTransformStatus = OK
Seq_Frame0032_Timestamp = 5.714
Seq_Frame0033_ForcepToReference-SequenceTransform =0.0519239 -0.996973 -0.0578629 -12.617 0.858772 0.0150024 0.512138 207.297 -0.50972 -0.0762832 0.856952 49.8848 0 0 0 1 
Seq_Frame0033_ForcepToReference-SequenceTransformStatus = OK
Seq_Frame0033_Timestamp = 7.568
Seq_Frame0034_ForcepToReference-SequenceTransform =0.165878 -0.982887 -0.0801114 20.4074 0.897603 0.116842 0.425036 204.174 -0.408402 -0.142413 0.901624 61.3467 0 0 0 1 
Seq_Frame0034_ForcepToReference-SequenceTransformStatus = OK
Seq_Frame0034_Timestamp = 7.708
Seq_Frame0035_ForcepToReference-SequenceTransform =0.157749 -0.966252 -0.203646 30.2251 0.902776 0.0575514 0.426243 202.196 -0.400138 -0.251086 0.881388 69.2583 0 0 0 1 
Seq_Frame0035_ForcepToReference-SequenceTransformStatus = OK
Seq_Frame0035_Timestamp = 7.809
Seq_Frame0036_ForcepToReference-SequenceTransform =0.219363 -0.96021 -0.172848 40.765 0.908916 0.136734 0.393923 209.028 -0.354614 -0.243516 0.902745 70.6555 0 0 0 1 
Seq_Frame0036_ForcepToReference-SequenceTransformStatus = OK
Seq_Frame0036_Timestamp = 8.013
Seq_Frame0037_ForcepToReference-SequenceTransform =0.238325 -0.959671 -0.149108 45.6767 0.927069 0.179053 0.329367 216.242 -0.289386 -0.21673 0.932354 74.3057 0 0 0 1 
Seq_Frame0037_ForcepToReference-SequenceTransformStatus = OK
Seq_Frame0037_Timestamp = 8.114
Seq_Frame0038_ForcepToReference-SequenceTransform =0.289479 -0.944554 -0.154985 52.9453 0.929764 0.238998 0.280032 220.048 -0.227464 -0.225163 0.947397 77.3429 0 0 0 1 
Seq_Frame0038_ForcepToReference-SequenceTransformStatus = OK
Seq_Frame0038_Timestamp = 8.224
Seq_Frame0039_ForcepToReference-SequenceTransform =0.323368 -0.93098 -0.169437 59.5904 0.922165 0.269876 0.277091 221.264 -0.212239 -0.245851 0.945786 78.9018 0 0 0 1 
Seq_Frame0039_ForcepToReference-SequenceTransformStatus = OK
Seq_Frame0039_Timestamp = 8.33
Seq_Frame0040_ForcepToReference-SequenceTransform =0.350903 -0.921704 -0.165316 64.8989 0.897042 0.280218 0.341752 222.492 -0.268669 -0.268217 0.925136 78.0639 0 0 0 1 
Seq_Frame0040_ForcepToReference-SequenceTransformStatus = OK
Seq_Frame0040_Timestamp = 8.433
Seq_Frame0041_ForcepToReference-SequenceTransform =0.364147 -0.92008 -0.144393 67.9957 0.885927 0.294379 0.358433 226.933 -0.28728 -0.258444 0.922321 80.0869 0 0 0 1 
Seq_Frame0041_ForcepToReference-SequenceTransformStatus = OK
Seq_Frame0041_Timestamp = 8.535
Seq_Frame0042_ForcepToReference-SequenceTransform =0.39917 -0.906298 -0.138878 74.4589 0.887048 0.343407 0.308572 234.048 -0.231966 -0.246364 0.941008 87.7282 0 0 0 1 
Seq_Frame0042_ForcepToReference-SequenceTransformStatus = OK
Seq_Frame0042_Timestamp = 8.644
Seq_Frame0043_ForcepToReference-SequenceTransform =0.429104 -0.890432 -0.151658 81.684 0.887202 0.383979 0.255798 240.966 -0.169537 -0.244315 0.95476 94.9751 0 0 0 1 
Seq_Frame0043_ForcepToReference-SequenceTransformStatus = OK
Seq_Frame0043_Timestamp = 8.748
Seq_Frame0044_ForcepToReference-SequenceTransform =0.456507 -0.87731 -0.148083 86.7465 0.87687 0.415453 0.241863 243.848 -0.150667 -0.240262 0.958944 98.706 0 0 0 1 
Seq_Frame0044_ForcepToReference-SequenceTransformStatus = OK
Seq_Frame0044_Timestamp = 8.849
Seq_Frame0045_ForcepToReference-SequenceTransform =0.496312 -0.857443 -0.135885 92.6612 0.855929 0.457134 0.241689 244.542 -0.145118 -0.236261 0.960792 98.9125 0 0 0 1 
Seq_Frame0045_ForcepToReference-SequenceTransformStatus = OK
Seq_Frame0045_Timestamp = 8.95
Seq_Frame0046_ForcepToReference-SequenceTransform =0.572018 -0.799428 -0.183603 101.147 0.819116 0.545022 0.178885 247.483 -0.0429383 -0.252718 0.966587 100.902 0 0 0 1 
Seq_Frame0046_ForcepToReference-SequenceTransformStatus = OK
Seq_Frame0046_Timestamp = 9.053
Seq_Frame0047_ForcepToReference-SequenceTransform =0.622324 -0.761394 -0.181637 111.509 0.781976 0.594353 0.18777 252.779 -0.0350105 -0.25889 0.965272 107.486 0 0 0 1 
Seq_Frame0047_ForcepToReference-SequenceTransformStatus = OK
Seq_Frame0047_Timestamp = 9.163
Seq_Frame0048_ForcepToReference-SequenceTransform =0.661493 -0.730531 -0.16956 121.175 0.748947 0.631808 0.199742 253.921 -0.0387884 -0.25912 0.965066 111.352 0 0 0 1 
Seq_Frame0048_ForcepToReference-SequenceTransformStatus = OK
Seq_Frame0048_Timestamp = 9.263
Seq_Frame0049_ForcepToReference-SequenceTransform =0.642111 -0.743139 -0.18825 118.721 0.764446 0.602244 0.230054 250.565 -0.0575898 -0.291628 0.954797 106.74 0 0 0 1 
Seq_Frame0049_ForcepToReference-SequenceTransformStatus = OK
Seq_Frame0049_Timestamp = 9.37
Seq_Frame0050_ForcepToReference-SequenceTransform =0.621778 -0.753577 -0.213338 112.175 0.77925 0.567953 0.264951 243.5 -0.0784949 -0.330985 0.940366 96.4727 0 0 0 1 
Seq_Frame0050_ForcepToReference-SequenceTransformStatus = OK
Seq_Frame0050_Timestamp = 9.474
Seq_Frame0051_ForcepToReference-SequenceTransform =0.6398 -0.752061 -0.158305 108.249 0.760963 0.59105 0.267574 240.914 -0.107666 -0.291659 0.950444 93.0171 0 0 0 1 
Seq_Frame0051_ForcepToReference-SequenceTransformStatus = OK
Seq_Frame0051_Timestamp = 9.584
Seq_Frame0052_ForcepToReference-SequenceTransform =0.594119 -0.791981 -0.140673 100.223 0.78629 0.53493 0.309189 234.8 -0.169622 -0.294305 0.940539 86.476 0 0 0 1 
Seq_Frame0052_ForcepToReference-SequenceTransformStatus = OK
Seq_Frame0052_Timestamp = 9.688
Seq_Frame0053_ForcepToReference-SequenceTransform =0.435324 -0.831155 -0.34594 98.224 0.894562 0.356133 0.270053 234.111 -0.101256 -0.427025 0.898553 86.0115 0 0 0 1 
Seq_Frame0053_ForcepToReference-SequenceTransformStatus = OK
Seq_Frame0053_Timestamp = 9.789
Seq_Frame0054_ForcepToReference-SequenceTransform =0.418618 -0.886014 -0.199345 85.7859 0.889829 0.35628 0.285077 235.942 -0.18156 -0.296722 0.937546 88.1066 0 0 0 1 
Seq_Frame0054_ForcepToReference-SequenceTransformStatus = OK
Seq_Frame0054_Timestamp = 9.893
Seq_Frame0055_ForcepToReference-SequenceTransform =0.393291 -0.908175 -0.143317 75.2896 0.885417 0.332122 0.325165 236.499 -0.247708 -0.25478 0.934734 81.8365 0 0 0 1 
Seq_Frame0055_ForcepToReference-SequenceTransformStatus = OK
Seq_Frame0055_Timestamp = 10.001
Seq_Frame0056_ForcepToReference-SequenceTransform =0.431363 -0.893131 -0.127444 78.8223 0.858895 0.36332 0.360968 235.18 -0.276089 -0.26517 0.923829 82.7912 0 0 0 1 
Seq_Frame0056_ForcepToReference-SequenceTransformStatus = OK
Seq_Frame0056_Timestamp = 10.103
Seq_Frame0057_ForcepToReference-SequenceTransform =0.47721 -0.873992 -0.0916985 83.7067 0.82008 0.405398 0.403883 232.332 -0.315816 -0.267937 0.910203 85.4739 0 0 0 1 
Seq_Frame0057_ForcepToReference-SequenceTransformStatus = OK
Seq_Frame0057_Timestamp = 10.209
Seq_Frame0058_ForcepToReference-SequenceTransform =0.50034 -0.862753 -0.0729172 86.7415 0.809963 0.436633 0.391551 233.474 -0.305973 -0.254969 0.917263 86.974 0 0 0 1 
Seq_Frame0058_ForcepToReference-SequenceTransformStatus = OK
Seq_Frame0058_Timestamp = 10.313
Seq_Frame0059_ForcepToReference-SequenceTransform =0.530659 -0.845709 -0.0563689 90.152 0.793311 0.472163 0.384344 233.572 -0.298428 -0.248674 0.921467 87.8347 0 0 0 1 
Seq_Frame0059_ForcepToReference-SequenceTransformStatus = OK
Seq_Frame0059_Timestamp = 10.418
Seq_Frame0060_ForcepToReference-SequenceTransform =0.568557 -0.820453 -0.0599953 94.0145 0.776268 0.510936 0.36926 233.428 -0.272307 -0.256518 0.927388 89.1016 0 0 0 1 
Seq_Frame0060_ForcepToReference-SequenceTransformStatus = OK
Seq_Frame0060_Timestamp = 10.519
Seq_Frame0061_ForcepToReference-SequenceTransform =0.60551 -0.791699 -0.0810579 97.8182 0.758865 0.543693 0.358499 234.017 -0.239752 -0.278587 0.930005 88.9768 0 0 0 1 
Seq_Frame0061_ForcepToReference-SequenceTransformStatus = OK
Seq_Frame0061_Timestamp = 10.619
Seq_Frame0062_ForcepToReference-SequenceTransform =0.614886 -0.782728 -0.0961894 98.9653 0.759534 0.554971 0.339287 234.679 -0.212187 -0.281682 0.935752 90.7323 0 0 0 1 
Seq_Frame0062_ForcepToReference-SequenceTransformStatus = OK
Seq_Frame0062_Timestamp = 10.724
Seq_Frame0063_ForcepToReference-SequenceTransform =0.609226 -0.788048 -0.0884597 97.7676 0.759248 0.54746 0.351895 233.984 -0.228882 -0.281546 0.93185 89.4532 0 0 0 1 
Seq_Frame0063_ForcepToReference-SequenceTransformStatus = OK
Seq_Frame0063_Timestamp = 10.828
Seq_Frame0064_ForcepToReference-SequenceTransform =0.62236 -0.779404 -0.0720963 98.3588 0.745824 0.562543 0.356781 232.688 -0.237519 -0.275817 0.931402 89.6281 0 0 0 1 
Seq_Frame0064_ForcepToReference-SequenceTransformStatus = OK
Seq_Frame0064_Timestamp = 10.928
Seq_Frame0065_ForcepToReference-SequenceTransform =0.640064 -0.764522 -0.0763155 101.44 0.739987 0.586685 0.328969 236.583 -0.206731 -0.267034 0.941252 93.0528 0 0 0 1 
Seq_Frame0065_ForcepToReference-SequenceTransformStatus = OK
Seq_Frame0065_Timestamp = 11.034
Seq_Frame0066_ForcepToReference-SequenceTransform =0.634343 -0.770031 -0.0682717 98.4104 0.743036 0.58296 0.328718 234.472 -0.213324 -0.259249 0.941957 91.8338 0 0 0 1 
Seq_Frame0066_ForcepToReference-SequenceTransformStatus = OK
Seq_Frame0066_Timestamp = 11.138
Seq_Frame0067_ForcepToReference-SequenceTransform =0.564333 -0.824486 0.0418433 87.4521 0.750977 0.533749 0.388775 229.763 -0.342873 -0.187975 0.920382 90.5739 0 0 0 1 
Seq_Frame0067_ForcepToReference-SequenceTransformStatus = OK
Seq_Frame0067_Timestamp = 11.248
Seq_Frame0068_ForcepToReference-SequenceTransform =0.510308 -0.858392 0.0524299 78.2382 0.762454 0.479789 0.434128 225.771 -0.397807 -0.181563 0.899324 88.6066 0 0 0 1 
Seq_Frame0068_ForcepToReference-SequenceTransformStatus = OK
Seq_Frame0068_Timestamp = 11.349
Seq_Frame0069_ForcepToReference-SequenceTransform =0.46973 -0.881993 0.0379717 69.7813 0.778973 0.434335 0.452278 221.934 -0.415398 -0.182869 0.891068 86.2645 0 0 0 1 
Seq_Frame0069_ForcepToReference-SequenceTransformStatus = OK
Seq_Frame0069_Timestamp = 11.459
Seq_Frame0070_ForcepToReference-SequenceTransform =0.455516 -0.889543 0.0349084 64.8057 0.792841 0.423205 0.43852 220.812 -0.404856 -0.172076 0.898043 86.2039 0 0 0 1 
Seq_Frame0070_ForcepToReference-SequenceTransformStatus = OK
Seq_Frame0070_Timestamp = 11.563
Seq_Frame0071_ForcepToReference-SequenceTransform =0.448974 -0.892727 0.0382248 62.9719 0.795735 0.418923 0.437389 219.347 -0.406482 -0.16596 0.898459 85.4374 0 0 0 1 
Seq_Frame0071_ForcepToReference-SequenceTransformStatus = OK
Seq_Frame0071_Timestamp = 11.664
Seq_Frame0072_ForcepToReference-SequenceTransform =0.449438 -0.892793 0.0304311 61.5676 0.801399 0.418012 0.427814 217.639 -0.39467 -0.167889 0.903354 84.5206 0 0 0 1 
Seq_Frame0072_ForcepToReference-SequenceTransformStatus = OK
Seq_Frame0072_Timestamp = 11.769
Seq_Frame0073_ForcepToReference-SequenceTransform =0.439946 -0.897423 0.0328522 60.5406 0.807677 0.411412 0.422373 217.005 -0.392563 -0.159287 0.905827 85.0555 0 0 0 1 
Seq_Frame0073_ForcepToReference-SequenceTransformStatus = OK
Seq_Frame0073_Timestamp = 11.874
Seq_Frame0074_ForcepToReference-SequenceTransform =0.435964 -0.899237 0.0361656 59.1809 0.815076 0.41156 0.407761 217.984 -0.381558 -0.148291 0.912372 85.6109 0 0 0 1 
Seq_Frame0074_ForcepToReference-SequenceTransformStatus = OK
Seq_Frame0074_Timestamp = 11.979
Seq_Frame0075_ForcepToReference-SequenceTransform =0.434812 -0.899621 0.0402511 58.2754 0.818033 0.413276 0.400031 217.988 -0.376511 -0.141011 0.915617 85.9174 0 0 0 1 
Seq_Frame0075_ForcepToReference-SequenceTransformStatus = OK
Seq_Frame0075_Timestamp = 12.079
Seq_Frame0076_ForcepToReference-SequenceTransform =0.437347 -0.898072 0.0468362 58.1936 0.817441 0.418711 0.395565 218.539 -0.374857 -0.134713 0.917243 86.0124 0 0 0 1 
Seq_Frame0076_ForcepToReference-SequenceTransformStatus = OK
Seq_Frame0076_Timestamp = 12.193
Seq_Frame0077_ForcepToReference-SequenceTransform =0.430037 -0.9018 0.0427177 57.5028 0.81773 0.409127 0.404886 218.857 -0.382603 -0.139185 0.913369 86.1369 0 0 0 1 
Seq_Frame0077_ForcepToReference-SequenceTransformStatus = OK
Seq_Frame0077_Timestamp = 12.293
Seq_Frame0078_ForcepToReference-SequenceTransform =0.428533 -0.902352 0.0460529 57.1279 0.818124 0.409155 0.404061 218.995 -0.383448 -0.135476 0.913572 86.6654 0 0 0 1 
Seq_Frame0078_ForcepToReference-SequenceTransformStatus = OK
Seq_Frame0078_Timestamp = 12.394
Seq_Frame0079_ForcepToReference-SequenceTransform =0.429286 -0.901862 0.0485569 56.7993 0.819009 0.411384 0.399985 218.937 -0.380707 -0.131939 0.915235 86.5679 0 0 0 1 
Seq_Frame0079_ForcepToReference-SequenceTransformStatus = OK
Seq_Frame0079_Timestamp = 12.498
Seq_Frame0080_ForcepToReference-SequenceTransform =0.418819 -0.906398 0.0550703 56.1496 0.816714 0.402501 0.413487 218.374 -0.396949 -0.128199 0.908843 86.4116 0 0 0 1 
Seq_Frame0080_ForcepToReference-SequenceTransformStatus = OK
Seq_Frame0080_Timestamp = 12.601
Seq_Frame0081_ForcepToReference-SequenceTransform =0.418124 -0.906932 0.0514518 55.5825 0.817187 0.400276 0.414711 218.374 -0.396709 -0.131355 0.908498 86.979 0 0 0 1 
Seq_Frame0081_ForcepToReference-SequenceTransformStatus = OK
Seq_Frame0081_Timestamp = 12.701
Seq_Frame0082_ForcepToReference-SequenceTransform =0.413207 -0.907378 0.076969 54.55 0.823348 0.408372 0.394119 218.706 -0.389047 -0.0994807 0.915831 88.1148 0 0 0 1 
Seq_Frame0082_ForcepToReference-SequenceTransformStatus = OK
Seq_Frame0082_Timestamp = 12.809
Seq_Frame0083_ForcepToReference-SequenceTransform =0.41955 -0.905024 0.0700694 53.8774 0.832271 0.414338 0.368306 219.516 -0.362358 -0.096206 0.92706 89.1497 0 0 0 1 
Seq_Frame0083_ForcepToReference-SequenceTransformStatus = OK
Seq_Frame0083_Timestamp = 12.914
Seq_Frame0084_ForcepToReference-SequenceTransform =0.4191 -0.904699 0.076652 52.8611 0.832157 0.416514 0.366102 220.07 -0.363139 -0.089647 0.927412 89.1921 0 0 0 1 
Seq_Frame0084_ForcepToReference-SequenceTransformStatus = OK
Seq_Frame0084_Timestamp = 13.019
Seq_Frame0085_ForcepToReference-SequenceTransform =0.42014 -0.904023 0.0788943 52.5398 0.83324 0.418753 0.361051 220.192 -0.359435 -0.0859541 0.929203 89.8185 0 0 0 1 
Seq_Frame0085_ForcepToReference-SequenceTransformStatus = OK
Seq_Frame0085_Timestamp = 13.124
Seq_Frame0086_ForcepToReference-SequenceTransform =0.406634 -0.910515 0.0749156 52.1038 0.832561 0.403082 0.379956 220.565 -0.376153 -0.0921312 0.921966 90.0888 0 0 0 1 
Seq_Frame0086_ForcepToReference-SequenceTransformStatus = OK
Seq_Frame0086_Timestamp = 13.224
Seq_Frame0087_ForcepToReference-SequenceTransform =0.404465 -0.911229 0.077913 51.8029 0.833676 0.402383 0.378248 220.403 -0.376021 -0.0880337 0.92242 90.6799 0 0 0 1 
Seq_Frame0087_ForcepToReference-SequenceTransformStatus = OK
Seq_Frame0087_Timestamp = 13.328
Seq_Frame0088_ForcepToReference-SequenceTransform =0.408692 -0.908849 0.0834531 51.6878 0.836959 0.409683 0.362849 220.911 -0.363964 -0.0784467 0.928104 90.9554 0 0 0 1 
Seq_Frame0088_ForcepToReference-SequenceTransformStatus = OK
Seq_Frame0088_Timestamp = 13.429
Seq_Frame0089_ForcepToReference-SequenceTransform =0.4102 -0.908333 0.0816562 51.7232 0.834726 0.410005 0.367597 220.624 -0.36738 -0.0826279 0.926393 90.3325 0 0 0 1 
Seq_Frame0089_ForcepToReference-SequenceTransformStatus = OK
Seq_Frame0089_Timestamp = 13.529
Seq_Frame0090_ForcepToReference-SequenceTransform =0.405724 -0.910224 0.0829465 52.417 0.826596 0.40414 0.391677 220.43 -0.390036 -0.0903495 0.916356 89.5407 0 0 0 1 
Seq_Frame0090_ForcepToReference-SequenceTransformStatus = OK
Seq_Frame0090_Timestamp = 13.638
Seq_Frame0091_ForcepToReference-SequenceTransform =0.412282 -0.906968 0.0862095 53.339 0.820967 0.410874 0.39648 220.215 -0.395016 -0.0926863 0.913987 89.2655 0 0 0 1 
Seq_Frame0091_ForcepToReference-SequenceTransformStatus = OK
Seq_Frame0091_Timestamp = 13.739
Seq_Frame0092_ForcepToReference-SequenceTransform =0.401487 -0.911281 0.0915132 53.8138 0.807785 0.399425 0.433523 219.726 -0.431614 -0.100131 0.896484 88.4572 0 0 0 1 
Seq_Frame0092_ForcepToReference-SequenceTransformStatus = OK
Seq_Frame0092_Timestamp = 13.839
Seq_Frame0093_ForcepToReference-SequenceTransform =0.388402 -0.916272 0.0979233 54.3088 0.794147 0.386734 0.468794 219.191 -0.467413 -0.104315 0.877863 87.8422 0 0 0 1 
Seq_Frame0093_ForcepToReference-SequenceTransformStatus = OK
Seq_Frame0093_Timestamp = 13.951
Seq_Frame0094_ForcepToReference-SequenceTransform =0.375208 -0.920221 0.111413 54.6848 0.783349 0.379045 0.492636 218.688 -0.495565 -0.0975655 0.863074 87.9293 0 0 0 1 
Seq_Frame0094_ForcepToReference-SequenceTransformStatus = OK
Seq_Frame0094_Timestamp = 14.058
Seq_Frame0095_ForcepToReference-SequenceTransform =0.366855 -0.925233 0.0967551 53.2285 0.782039 0.363052 0.506565 216.902 -0.503817 -0.110169 0.856756 86.4552 0 0 0 1 
Seq_Frame0095_ForcepToReference-SequenceTransformStatus = OK
Seq_Frame0095_Timestamp = 14.163
Seq_Frame0096_ForcepToReference-SequenceTransform =0.36034 -0.928217 0.0925652 50.6543 0.778352 0.353878 0.518593 213.847 -0.514123 -0.114821 0.849996 83.6094 0 0 0 1 
Seq_Frame0096_ForcepToReference-SequenceTransformStatus = OK
Seq_Frame0096_Timestamp = 14.264
Seq_Frame0097_ForcepToReference-SequenceTransform =0.35084 -0.928767 0.119594 45.2139 0.767754 0.358409 0.531128 212.442 -0.536158 -0.0945223 0.838809 76.7026 0 0 0 1 
Seq_Frame0097_ForcepToReference-SequenceTransformStatus = OK
Seq_Frame0097_Timestamp = 14.374
Seq_Frame0098_ForcepToReference-SequenceTransform =0.384721 -0.916692 0.108008 40.9928 0.769501 0.383149 0.510945 210.186 -0.509763 -0.113458 0.852801 73.3396 0 0 0 1 
Seq_Frame0098_ForcepToReference-SequenceTransformStatus = OK
Seq_Frame0098_Timestamp = 14.483
Seq_Frame0099_ForcepToReference-SequenceTransform =0.399346 -0.911862 0.0950291 41.8051 0.789739 0.394794 0.469521 212.153 -0.465655 -0.112453 0.877793 78.8289 0 0 0 1 
Seq_Frame0099_ForcepToReference-SequenceTransformStatus = OK
Seq_Frame0099_Timestamp = 14.584
Seq_Frame0100_ForcepToReference-SequenceTransform =0.381502 -0.920257 0.0870801 43.0305 0.777066 0.370302 0.508965 212.431 -0.500625 -0.126504 0.856371 79.5733 0 0 0 1 
Seq_Frame0100_ForcepToReference-SequenceTransformStatus = OK
Seq_Frame0100_Timestamp = 14.694
Seq_Frame0101_ForcepToReference-SequenceTransform =0.378386 -0.920716 0.0954237 44.7825 0.772981 0.371009 0.514639 212.924 -0.509239 -0.120972 0.852081 80.9956 0 0 0 1 
Seq_Frame0101_ForcepToReference-SequenceTransformStatus = OK
Seq_Frame0101_Timestamp = 14.799
Seq_Frame0102_ForcepToReference-SequenceTransform =0.384036 -0.918041 0.0985701 45.0563 0.770424 0.37745 0.513787 211.425 -0.508883 -0.121372 0.852236 81.251 0 0 0 1 
Seq_Frame0102_ForcepToReference-SequenceTransformStatus = OK
Seq_Frame0102_Timestamp = 14.905
Seq_Frame0103_ForcepToReference-SequenceTransform =0.36879 -0.924375 0.097597 44.5686 0.764701 0.361413 0.533491 210.803 -0.528418 -0.122114 0.840156 81.1771 0 0 0 1 
Seq_Frame0103_ForcepToReference-SequenceTransformStatus = OK
Seq_Frame0103_Timestamp = 15.008
Seq_Frame0104_ForcepToReference-SequenceTransform =-0.805584 0.570215 0.160902 43.9796 -0.0235498 0.240541 -0.970353 205.839 -0.592014 -0.78549 -0.180348 80.3993 0 0 0 1 
Seq_Frame0104_ForcepToReference-SequenceTransformStatus = OK
Seq_Frame0104_Timestamp = 15.388
Seq_Frame0105_ForcepToReference-SequenceTransform =-0.754933 0.634759 0.164794 43.8803 -0.00773857 0.242646 -0.970084 205.415 -0.655756 -0.733624 -0.178269 77.029 0 0 0 1 
Seq_Frame0105_ForcepToReference-SequenceTransformStatus = OK
Seq_Frame0105_Timestamp = 15.489
Seq_Frame0106_ForcepToReference-SequenceTransform =-0.784224 0.600249 0.157146 43.547 -0.00484212 0.247338 -0.968917 205.144 -0.620459 -0.760609 -0.191062 79.1526 0 0 0 1 
Seq_Frame0106_ForcepToReference-SequenceTransformStatus = OK
Seq_Frame0106_Timestamp = 15.589
Seq_Frame0107_ForcepToReference-SequenceTransform =-0.793139 0.583733 0.173742 43.095 -0.026459 0.251978 -0.967371 207.07 -0.608465 -0.771857 -0.184409 79.3514 0 0 0 1 
Seq_Frame0107_ForcepToReference-SequenceTransformStatus = OK
Seq_Frame0107_Timestamp = 15.69
Seq_Frame0108_ForcepToReference-SequenceTransform =0.376172 -0.926111 0.0285056 40.4701 0.802261 0.340949 0.490031 209.536 -0.463543 -0.161467 0.871239 78.7039 0 0 0 1 
Seq_Frame0108_ForcepToReference-SequenceTransformStatus = OK
Seq_Frame0108_Timestamp = 15.824
Seq_Frame0109_ForcepToReference-SequenceTransform =0.376701 -0.925404 0.0415205 40.2676 0.813841 0.352031 0.462317 210.482 -0.442446 -0.140364 0.885742 79.4629 0 0 0 1 
Seq_Frame0109_ForcepToReference-SequenceTransformStatus = OK
Seq_Frame0109_Timestamp = 15.933
Seq_Frame0110_ForcepToReference-SequenceTransform =0.35229 -0.935787 0.0139194 38.309 0.852414 0.326972 0.40802 212.522 -0.386371 -0.131876 0.912867 80.4886 0 0 0 1 
Seq_Frame0110_ForcepToReference-SequenceTransformStatus = OK
Seq_Frame0110_Timestamp = 16.034
Seq_Frame0111_ForcepToReference-SequenceTransform =0.296173 -0.946341 0.129309 37.459 0.829915 0.321988 0.455593 215.617 -0.472783 -0.027619 0.880746 83.0827 0 0 0 1 
Seq_Frame0111_ForcepToReference-SequenceTransformStatus = OK
Seq_Frame0111_Timestamp = 16.143
Seq_Frame0112_ForcepToReference-SequenceTransform =0.242224 -0.9699 0.0249159 35.2482 0.845591 0.223631 0.484733 213.57 -0.475714 -0.096345 0.874308 86.2148 0 0 0 1 
Seq_Frame0112_ForcepToReference-SequenceTransformStatus = OK
Seq_Frame0112_Timestamp = 16.699
Seq_Frame0113_ForcepToReference-SequenceTransform =0.120057 -0.99128 0.0543101 24.1063 0.93092 0.131416 0.340762 223.702 -0.344928 0.0096476 0.93858 99.7306 0 0 0 1 
Seq_Frame0113_ForcepToReference-SequenceTransformStatus = OK
Seq_Frame0113_Timestamp = 17.224
Seq_Frame0114_ForcepToReference-SequenceTransform =-0.859072 0.417487 0.296141 22.2272 -0.00373511 0.573437 -0.819241 232.225 -0.511841 -0.704894 -0.491064 112.225 0 0 0 1 
Seq_Frame0114_ForcepToReference-SequenceTransformStatus = OK
Seq_Frame0114_Timestamp = 18.313
Seq_Frame0115_ForcepToReference-SequenceTransform =-0.863326 0.430267 0.263703 22.6363 0.0576809 0.603259 -0.795457 233.924 -0.50134 -0.671528 -0.545627 113.29 0 0 0 1 
Seq_Frame0115_ForcepToReference-SequenceTransformStatus = OK
Seq_Frame0115_Timestamp = 18.426
Seq_Frame0116_ForcepToReference-SequenceTransform =-0.869002 0.422632 0.25733 20.176 0.0584261 0.604063 -0.794792 233.557 -0.491348 -0.675641 -0.549624 109.403 0 0 0 1 
Seq_Frame0116_ForcepToReference-SequenceTransformStatus = OK
Seq_Frame0116_Timestamp = 18.528
Seq_Frame0117_ForcepToReference-SequenceTransform =-0.868358 0.416707 0.268905 17.9271 0.0377477 0.596176 -0.801966 232.513 -0.494499 -0.686243 -0.533424 108.105 0 0 0 1 
Seq_Frame0117_ForcepToReference-SequenceTransformStatus = OK
Seq_Frame0117_Timestamp = 18.633
Seq_Frame0118_ForcepToReference-SequenceTransform =-0.877087 0.403461 0.260648 15.6198 0.0250824 0.580373 -0.813965 229.732 -0.479675 -0.70738 -0.519157 105.47 0 0 0 1 
Seq_Frame0118_ForcepToReference-SequenceTransformStatus = OK
Seq_Frame0118_Timestamp = 18.738
Seq_Frame0119_ForcepToReference-SequenceTransform =-0.877454 0.40409 0.258429 15.4623 0.0168691 0.564438 -0.825303 228.716 -0.479364 -0.719806 -0.502085 104.452 0 0 0 1 
Seq_Frame0119_ForcepToReference-SequenceTransformStatus = OK
Seq_Frame0119_Timestamp = 18.839
Seq_Frame0120_ForcepToReference-SequenceTransform =-0.867821 0.41666 0.270706 16.6889 0.00323273 0.549536 -0.835464 226.716 -0.496867 -0.724157 -0.478246 104.829 0 0 0 1 
Seq_Frame0120_ForcepToReference-SequenceTransformStatus = OK
Seq_Frame0120_Timestamp = 18.948
Seq_Frame0121_ForcepToReference-SequenceTransform =-0.863526 0.420077 0.279031 16.779 -0.00123237 0.551539 -0.834148 226.25 -0.504303 -0.720652 -0.475751 104.194 0 0 0 1 
Seq_Frame0121_ForcepToReference-SequenceTransformStatus = OK
Seq_Frame0121_Timestamp = 19.058
Seq_Frame0122_ForcepToReference-SequenceTransform =-0.857738 0.424008 0.290693 16.206 -0.0167816 0.54206 -0.840172 224.917 -0.513813 -0.725526 -0.45783 103.581 0 0 0 1 
Seq_Frame0122_ForcepToReference-SequenceTransformStatus = OK
Seq_Frame0122_Timestamp = 19.159
Seq_Frame0123_ForcepToReference-SequenceTransform =-0.855389 0.424658 0.296605 15.3726 -0.0213605 0.543207 -0.839327 224.035 -0.517545 -0.724287 -0.455582 102.105 0 0 0 1 
Seq_Frame0123_ForcepToReference-SequenceTransformStatus = OK
Seq_Frame0123_Timestamp = 19.263
Seq_Frame0124_ForcepToReference-SequenceTransform =-0.851607 0.428337 0.302147 14.7035 -0.023669 0.544408 -0.838487 224.045 -0.523646 -0.721213 -0.453483 101.935 0 0 0 1 
Seq_Frame0124_ForcepToReference-SequenceTransformStatus = OK
Seq_Frame0124_Timestamp = 19.364
Seq_Frame0125_ForcepToReference-SequenceTransform =-0.858105 0.417723 0.298603 14.0044 -0.0297226 0.540149 -0.841044 223.757 -0.512614 -0.730579 -0.451089 101.619 0 0 0 1 
Seq_Frame0125_ForcepToReference-SequenceTransformStatus = OK
Seq_Frame0125_Timestamp = 19.474
Seq_Frame0126_ForcepToReference-SequenceTransform =-0.845751 0.432018 0.313156 14.2845 -0.0373049 0.537586 -0.842384 222.233 -0.532273 -0.724129 -0.438547 101.095 0 0 0 1 
Seq_Frame0126_ForcepToReference-SequenceTransformStatus = OK
Seq_Frame0126_Timestamp = 19.578
Seq_Frame0127_ForcepToReference-SequenceTransform =-0.841936 0.435841 0.318099 14.6264 -0.0385357 0.539459 -0.84113 221.806 -0.5382 -0.720435 -0.437394 100.969 0 0 0 1 
Seq_Frame0127_ForcepToReference-SequenceTransformStatus = OK
Seq_Frame0127_Timestamp = 19.683
Seq_Frame0128_ForcepToReference-SequenceTransform =-0.840012 0.438109 0.320062 14.6313 -0.0449608 0.531667 -0.845759 220.018 -0.540701 -0.724838 -0.426909 100.58 0 0 0 1 
Seq_Frame0128_ForcepToReference-SequenceTransformStatus = OK
Seq_Frame0128_Timestamp = 19.792
Seq_Frame0129_ForcepToReference-SequenceTransform =-0.84311 0.43517 0.315899 14.5508 -0.0440681 0.529566 -0.847123 219.073 -0.535932 -0.728139 -0.427306 100.246 0 0 0 1 
Seq_Frame0129_ForcepToReference-SequenceTransformStatus = OK
Seq_Frame0129_Timestamp = 19.894
Seq_Frame0130_ForcepToReference-SequenceTransform =-0.844006 0.43487 0.313913 14.3807 -0.0454732 0.525166 -0.849784 217.879 -0.534402 -0.731498 -0.423468 99.6407 0 0 0 1 
Seq_Frame0130_ForcepToReference-SequenceTransformStatus = OK
Seq_Frame0130_Timestamp = 19.998
Seq_Frame0131_ForcepToReference-SequenceTransform =-0.845097 0.432473 0.31429 14.3657 -0.05176 0.518932 -0.853247 217.232 -0.532102 -0.737344 -0.416163 100.263 0 0 0 1 
Seq_Frame0131_ForcepToReference-SequenceTransformStatus = OK
Seq_Frame0131_Timestamp = 20.104
Seq_Frame0132_ForcepToReference-SequenceTransform =-0.846668 0.428498 0.315504 14.2746 -0.0631233 0.507852 -0.859129 216.323 -0.528364 -0.747312 -0.402934 100.433 0 0 0 1 
Seq_Frame0132_ForcepToReference-SequenceTransformStatus = OK
Seq_Frame0132_Timestamp = 20.208
Seq_Frame0133_ForcepToReference-SequenceTransform =-0.848318 0.425382 0.31529 13.7393 -0.0680229 0.502973 -0.861621 215.569 -0.5251 -0.752375 -0.397745 99.9545 0 0 0 1 
Seq_Frame0133_ForcepToReference-SequenceTransformStatus = OK
Seq_Frame0133_Timestamp = 20.313
Seq_Frame0134_ForcepToReference-SequenceTransform =-0.848649 0.42598 0.313586 13.1452 -0.0747945 0.490244 -0.86837 213.23 -0.523641 -0.760396 -0.384184 98.8766 0 0 0 1 
Seq_Frame0134_ForcepToReference-SequenceTransformStatus = OK
Seq_Frame0134_Timestamp = 20.423
Seq_Frame0135_ForcepToReference-SequenceTransform =-0.882107 0.380435 0.277771 11.7435 -0.0834995 0.454062 -0.887049 209.728 -0.46359 -0.805666 -0.368765 90.6301 0 0 0 1 
Seq_Frame0135_ForcepToReference-SequenceTransformStatus = OK
Seq_Frame0135_Timestamp = 20.526
Seq_Frame0136_ForcepToReference-SequenceTransform =-0.874599 0.392483 0.284664 11.784 -0.0759436 0.46898 -0.879938 208.925 -0.478863 -0.791211 -0.380363 93.304 0 0 0 1 
Seq_Frame0136_ForcepToReference-SequenceTransformStatus = OK
Seq_Frame0136_Timestamp = 20.628
Seq_Frame0137_ForcepToReference-SequenceTransform =-0.859957 0.418838 0.291632 12.1125 -0.0606997 0.483426 -0.873278 209.154 -0.506744 -0.768684 -0.390302 96.0348 0 0 0 1 
Seq_Frame0137_ForcepToReference-SequenceTransformStatus = OK
Seq_Frame0137_Timestamp = 20.729
Seq_Frame0138_ForcepToReference-SequenceTransform =-0.852707 0.431061 0.295088 12.4679 -0.0549072 0.487796 -0.871229 209.32 -0.519496 -0.759106 -0.392278 97.1077 0 0 0 1 
Seq_Frame0138_ForcepToReference-SequenceTransformStatus = OK
Seq_Frame0138_Timestamp = 20.833
Seq_Frame0139_ForcepToReference-SequenceTransform =-0.861938 0.404612 0.305536 12.1053 -0.0669927 0.506447 -0.859664 210.147 -0.502568 -0.761446 -0.40942 96.2344 0 0 0 1 
Seq_Frame0139_ForcepToReference-SequenceTransformStatus = OK
Seq_Frame0139_Timestamp = 20.934
Seq_Frame0140_ForcepToReference-SequenceTransform =-0.852086 0.411571 0.323356 12.7955 -0.0753412 0.514915 -0.853924 211.106 -0.517951 -0.751979 -0.407744 97.5787 0 0 0 1 
Seq_Frame0140_ForcepToReference-SequenceTransformStatus = OK
Seq_Frame0140_Timestamp = 21.035
Seq_Frame0141_ForcepToReference-SequenceTransform =-0.850293 0.416816 0.321351 12.6356 -0.0675099 0.519153 -0.852011 211.031 -0.521962 -0.746153 -0.413293 97.6454 0 0 0 1 
Seq_Frame0141_ForcepToReference-SequenceTransformStatus = OK
Seq_Frame0141_Timestamp = 21.148
Seq_Frame0142_ForcepToReference-SequenceTransform =-0.843781 0.424378 0.328537 12.7911 -0.0706199 0.51904 -0.851828 211.251 -0.532021 -0.741957 -0.407986 97.7442 0 0 0 1 
Seq_Frame0142_ForcepToReference-SequenceTransformStatus = OK
Seq_Frame0142_Timestamp = 21.249
Seq_Frame0143_ForcepToReference-SequenceTransform =-0.851614 0.401604 0.33685 12.1361 -0.0758367 0.541473 -0.837291 212.7 -0.518654 -0.738594 -0.43067 98.2382 0 0 0 1 
Seq_Frame0143_ForcepToReference-SequenceTransformStatus = OK
Seq_Frame0143_Timestamp = 21.353
Seq_Frame0144_ForcepToReference-SequenceTransform =-0.847189 0.389584 0.361241 12.2017 -0.0933743 0.560166 -0.823101 214.516 -0.523022 -0.731053 -0.43819 98.7024 0 0 0 1 
Seq_Frame0144_ForcepToReference-SequenceTransformStatus = OK
Seq_Frame0144_Timestamp = 21.463
Seq_Frame0145_ForcepToReference-SequenceTransform =-0.832447 0.389923 0.393692 13.2095 -0.114719 0.573827 -0.810902 216.195 -0.5421 -0.720196 -0.432949 99.6826 0 0 0 1 
Seq_Frame0145_ForcepToReference-SequenceTransformStatus = OK
Seq_Frame0145_Timestamp = 21.563
Seq_Frame0146_ForcepToReference-SequenceTransform =-0.820596 0.391907 0.415969 14.4337 -0.127206 0.584337 -0.801479 218.675 -0.557172 -0.710605 -0.429652 100.901 0 0 0 1 
Seq_Frame0146_ForcepToReference-SequenceTransformStatus = OK
Seq_Frame0146_Timestamp = 21.668
Seq_Frame0147_ForcepToReference-SequenceTransform =-0.826935 0.381855 0.412754 15.8927 -0.113461 0.605636 -0.787612 221.189 -0.550732 -0.698135 -0.457495 100.085 0 0 0 1 
Seq_Frame0147_ForcepToReference-SequenceTransformStatus = OK
Seq_Frame0147_Timestamp = 21.773
Seq_Frame0148_ForcepToReference-SequenceTransform =0.152653 -0.987604 0.0365367 17.6253 0.939375 0.156485 0.3051 221.75 -0.307036 -0.0122528 0.951619 102.891 0 0 0 1 
Seq_Frame0148_ForcepToReference-SequenceTransformStatus = OK
Seq_Frame0148_Timestamp = 21.879
Seq_Frame0149_ForcepToReference-SequenceTransform =0.173848 -0.984065 0.0373198 19.2993 0.941985 0.177224 0.285054 223.926 -0.287126 -0.0144013 0.957785 103.625 0 0 0 1 
Seq_Frame0149_ForcepToReference-SequenceTransformStatus = OK
Seq_Frame0149_Timestamp = 21.98
Seq_Frame0150_ForcepToReference-SequenceTransform =0.196136 -0.980388 0.0192143 21.4201 0.946695 0.194429 0.25684 226 -0.255539 -0.0321855 0.966263 104.412 0 0 0 1 
Seq_Frame0150_ForcepToReference-SequenceTransformStatus = OK
Seq_Frame0150_Timestamp = 22.088
