ObjectType = Image
NDims = 3
AnatomicalOrientation = RAI
BinaryData = True
CompressedData = False
DimSize = 0 0 4380
ElementSpacing = 1 1 1
Offset = 0 0 0
TransformMatrix = 1 0 0 0 1 0 0 0 1
ElementType = MET_UCHAR
Kinds = domain domain list
Seq_Frame0000_ForcepToReference-SequenceTransform =0.695515 0.106519 -0.710572 65.9253 0.564425 -0.692961 0.448586 -6.90574 -0.444616 -0.713063 -0.542087 -9.58918 0 0 0 1 
Seq_Frame0000_ForcepToReference-SequenceTransformStatus = OK
Seq_Frame0000_Timestamp = 0.00399995
Seq_Frame0001_ForcepToReference-SequenceTransform =0.695425 0.106881 -0.710606 65.927 0.563865 -0.694177 0.447409 -6.85984 -0.445467 -0.711825 -0.543014 -9.6015 0 0 0 1 
Seq_Frame0001_ForcepToReference-SequenceTransformStatus = OK
Seq_Frame0001_Timestamp = 0.109
Seq_Frame0002_ForcepToReference-SequenceTransform =0.695276 0.106895 -0.71075 65.9203 0.563309 -0.695222 0.446485 -6.83806 -0.446402 -0.710802 -0.543586 -9.71067 0 0 0 1 
Seq_Frame0002_ForcepToReference-SequenceTransformStatus = OK
Seq_Frame0002_Timestamp = 0.21
Seq_Frame0003_ForcepToReference-SequenceTransform =0.696238 0.10721 -0.709759 65.9163 0.563931 -0.693457 0.44844 -6.89549 -0.44411 -0.712477 -0.543271 -9.67637 0 0 0 1 
Seq_Frame0003_ForcepToReference-SequenceTransformStatus = OK
Seq_Frame0003_Timestamp = 0.312
Seq_Frame0004_ForcepToReference-SequenceTransform =0.694882 0.106647 -0.711172 65.9207 0.56456 -0.693465 0.447637 -6.88681 -0.445434 -0.712554 -0.542084 -9.59556 0 0 0 1 
Seq_Frame0004_ForcepToReference-SequenceTransformStatus = OK
Seq_Frame0004_Timestamp = 0.418
Seq_Frame0005_ForcepToReference-SequenceTransform =0.693607 0.106836 -0.712387 65.9528 0.565617 -0.693174 0.446751 -6.84447 -0.446079 -0.712808 -0.541219 -9.5668 0 0 0 1 
Seq_Frame0005_ForcepToReference-SequenceTransformStatus = OK
Seq_Frame0005_Timestamp = 0.519
Seq_Frame0006_ForcepToReference-SequenceTransform =0.698124 0.104635 -0.70829 65.8998 0.560147 -0.695967 0.449294 -6.9726 -0.445934 -0.710409 -0.544482 -9.63308 0 0 0 1 
Seq_Frame0006_ForcepToReference-SequenceTransformStatus = OK
Seq_Frame0006_Timestamp = 0.62
Seq_Frame0007_ForcepToReference-SequenceTransform =0.695598 0.106527 -0.710489 65.931 0.564378 -0.692956 0.448652 -6.91305 -0.444544 -0.713066 -0.542141 -9.55066 0 0 0 1 
Seq_Frame0007_ForcepToReference-SequenceTransformStatus = OK
Seq_Frame0007_Timestamp = 0.72
Seq_Frame0008_ForcepToReference-SequenceTransform =0.694834 0.106803 -0.711195 65.9267 0.563876 -0.694703 0.446577 -6.85446 -0.446374 -0.711323 -0.542927 -9.56543 0 0 0 1 
Seq_Frame0008_ForcepToReference-SequenceTransformStatus = OK
Seq_Frame0008_Timestamp = 0.824
Seq_Frame0009_ForcepToReference-SequenceTransform =0.6944 0.106396 -0.71168 65.9249 0.564888 -0.693269 0.447527 -6.87416 -0.44577 -0.712782 -0.541507 -9.59651 0 0 0 1 
Seq_Frame0009_ForcepToReference-SequenceTransformStatus = OK
Seq_Frame0009_Timestamp = 0.926
Seq_Frame0010_ForcepToReference-SequenceTransform =0.695814 0.106597 -0.710268 65.9074 0.564242 -0.693002 0.448754 -6.89386 -0.444381 -0.713012 -0.542346 -9.63598 0 0 0 1 
Seq_Frame0010_ForcepToReference-SequenceTransformStatus = OK
Seq_Frame0010_Timestamp = 1.029
Seq_Frame0011_ForcepToReference-SequenceTransform =0.695755 0.106174 -0.710389 65.9158 0.564071 -0.693068 0.448866 -6.90848 -0.44469 -0.713011 -0.542095 -9.55957 0 0 0 1 
Seq_Frame0011_ForcepToReference-SequenceTransformStatus = OK
Seq_Frame0011_Timestamp = 1.134
Seq_Frame0012_ForcepToReference-SequenceTransform =0.696048 0.106157 -0.710104 65.9144 0.56353 -0.693627 0.448682 -6.89787 -0.444916 -0.712469 -0.542621 -9.59581 0 0 0 1 
Seq_Frame0012_ForcepToReference-SequenceTransformStatus = OK
Seq_Frame0012_Timestamp = 1.235
Seq_Frame0013_ForcepToReference-SequenceTransform =0.695082 0.106378 -0.711017 65.9077 0.56475 -0.692789 0.448443 -6.90728 -0.44488 -0.713251 -0.541622 -9.56999 0 0 0 1 
Seq_Frame0013_ForcepToReference-SequenceTransformStatus = OK
Seq_Frame0013_Timestamp = 1.335
Seq_Frame0014_ForcepToReference-SequenceTransform =0.695309 0.106388 -0.710793 65.9157 0.564286 -0.69331 0.448221 -6.90266 -0.445115 -0.712743 -0.542098 -9.56902 0 0 0 1 
Seq_Frame0014_ForcepToReference-SequenceTransformStatus = OK
Seq_Frame0014_Timestamp = 1.444
Seq_Frame0015_ForcepToReference-SequenceTransform =0.694456 0.106419 -0.711622 65.9096 0.563682 -0.695149 0.446129 -6.84912 -0.447206 -0.710945 -0.542737 -9.55958 0 0 0 1 
Seq_Frame0015_ForcepToReference-SequenceTransformStatus = OK
Seq_Frame0015_Timestamp = 1.545
Seq_Frame0016_ForcepToReference-SequenceTransform =0.693729 0.106121 -0.712375 65.9096 0.564392 -0.694556 0.446153 -6.84419 -0.447438 -0.711569 -0.541728 -9.59695 0 0 0 1 
Seq_Frame0016_ForcepToReference-SequenceTransformStatus = OK
Seq_Frame0016_Timestamp = 1.654
Seq_Frame0017_ForcepToReference-SequenceTransform =0.694737 0.106337 -0.71136 65.9034 0.564308 -0.693818 0.447407 -6.87957 -0.445978 -0.712256 -0.542028 -9.56574 0 0 0 1 
Seq_Frame0017_ForcepToReference-SequenceTransformStatus = OK
Seq_Frame0017_Timestamp = 1.759
Seq_Frame0018_ForcepToReference-SequenceTransform =0.694853 0.106225 -0.711263 65.9158 0.563685 -0.694624 0.446941 -6.87358 -0.446584 -0.711487 -0.542539 -9.53276 0 0 0 1 
Seq_Frame0018_ForcepToReference-SequenceTransformStatus = OK
Seq_Frame0018_Timestamp = 1.861
Seq_Frame0019_ForcepToReference-SequenceTransform =0.694958 0.106039 -0.711189 65.9099 0.563774 -0.694262 0.447392 -6.86977 -0.44631 -0.711868 -0.542265 -9.62638 0 0 0 1 
Seq_Frame0019_ForcepToReference-SequenceTransformStatus = OK
Seq_Frame0019_Timestamp = 1.969
Seq_Frame0020_ForcepToReference-SequenceTransform =0.69632 0.106558 -0.709777 65.9096 0.563418 -0.693784 0.448579 -6.89812 -0.444633 -0.712256 -0.543133 -9.62455 0 0 0 1 
Seq_Frame0020_ForcepToReference-SequenceTransformStatus = OK
Seq_Frame0020_Timestamp = 2.069
Seq_Frame0021_ForcepToReference-SequenceTransform =0.696437 0.106127 -0.709727 65.9228 0.564434 -0.69176 0.450424 -6.94554 -0.443158 -0.714286 -0.54167 -9.56389 0 0 0 1 
Seq_Frame0021_ForcepToReference-SequenceTransformStatus = OK
Seq_Frame0021_Timestamp = 2.17
Seq_Frame0022_ForcepToReference-SequenceTransform =0.69616 0.105998 -0.710018 65.9247 0.565109 -0.690872 0.45094 -6.96784 -0.442733 -0.715164 -0.540858 -9.5735 0 0 0 1 
Seq_Frame0022_ForcepToReference-SequenceTransformStatus = OK
Seq_Frame0022_Timestamp = 2.28
Seq_Frame0023_ForcepToReference-SequenceTransform =0.696439 0.105986 -0.709746 65.9188 0.56505 -0.690674 0.451318 -6.97255 -0.44237 -0.715358 -0.540899 -9.59591 0 0 0 1 
Seq_Frame0023_ForcepToReference-SequenceTransformStatus = OK
Seq_Frame0023_Timestamp = 2.389
Seq_Frame0024_ForcepToReference-SequenceTransform =0.696284 0.106028 -0.709892 65.9218 0.565077 -0.690816 0.451067 -6.97403 -0.442579 -0.715214 -0.540918 -9.5558 0 0 0 1 
Seq_Frame0024_ForcepToReference-SequenceTransformStatus = OK
Seq_Frame0024_Timestamp = 2.494
Seq_Frame0025_ForcepToReference-SequenceTransform =0.695271 0.105902 -0.710903 65.9208 0.566222 -0.689925 0.450995 -6.96456 -0.442709 -0.716092 -0.539649 -9.56659 0 0 0 1 
Seq_Frame0025_ForcepToReference-SequenceTransformStatus = OK
Seq_Frame0025_Timestamp = 2.611
Seq_Frame0026_ForcepToReference-SequenceTransform =0.695637 0.105957 -0.710537 65.9225 0.565564 -0.690648 0.450714 -6.97402 -0.442974 -0.715387 -0.540365 -9.54451 0 0 0 1 
Seq_Frame0026_ForcepToReference-SequenceTransformStatus = OK
Seq_Frame0026_Timestamp = 2.718
Seq_Frame0027_ForcepToReference-SequenceTransform =0.696224 0.106101 -0.70994 65.9157 0.564492 -0.691868 0.450186 -6.93789 -0.44342 -0.714186 -0.541588 -9.59803 0 0 0 1 
Seq_Frame0027_ForcepToReference-SequenceTransformStatus = OK
Seq_Frame0027_Timestamp = 2.819
Seq_Frame0028_ForcepToReference-SequenceTransform =0.696926 0.106272 -0.709225 65.9137 0.56456 -0.691148 0.451206 -6.96416 -0.442229 -0.714857 -0.541676 -9.61222 0 0 0 1 
Seq_Frame0028_ForcepToReference-SequenceTransformStatus = OK
Seq_Frame0028_Timestamp = 2.928
Seq_Frame0029_ForcepToReference-SequenceTransform =0.697974 0.106133 -0.708215 65.9013 0.56395 -0.690966 0.452246 -6.97032 -0.441354 -0.715053 -0.54213 -9.67006 0 0 0 1 
Seq_Frame0029_ForcepToReference-SequenceTransformStatus = OK
Seq_Frame0029_Timestamp = 3.034
Seq_Frame0030_ForcepToReference-SequenceTransform =0.69485 0.106188 -0.711271 65.9124 0.564607 -0.693132 0.448092 -6.88521 -0.445423 -0.712946 -0.541578 -9.58374 0 0 0 1 
Seq_Frame0030_ForcepToReference-SequenceTransformStatus = OK
Seq_Frame0030_Timestamp = 3.134
Seq_Frame0031_ForcepToReference-SequenceTransform =0.696112 0.106359 -0.710011 65.8906 0.56309 -0.694395 0.448047 -6.85279 -0.445374 -0.711691 -0.543266 -9.68961 0 0 0 1 
Seq_Frame0031_ForcepToReference-SequenceTransformStatus = OK
Seq_Frame0031_Timestamp = 3.235
Seq_Frame0032_ForcepToReference-SequenceTransform =0.69513 0.106232 -0.710991 65.9051 0.564233 -0.693476 0.448031 -6.89183 -0.44546 -0.712605 -0.541996 -9.62512 0 0 0 1 
Seq_Frame0032_ForcepToReference-SequenceTransformStatus = OK
Seq_Frame0032_Timestamp = 3.344
Seq_Frame0033_ForcepToReference-SequenceTransform =0.695845 0.106376 -0.71027 65.9124 0.564132 -0.693007 0.448884 -6.91959 -0.444472 -0.713039 -0.542236 -9.54421 0 0 0 1 
Seq_Frame0033_ForcepToReference-SequenceTransformStatus = OK
Seq_Frame0033_Timestamp = 3.45
Seq_Frame0034_ForcepToReference-SequenceTransform =0.695751 0.106286 -0.710375 65.912 0.563431 -0.694167 0.447971 -6.88299 -0.445506 -0.711924 -0.542852 -9.60853 0 0 0 1 
Seq_Frame0034_ForcepToReference-SequenceTransformStatus = OK
Seq_Frame0034_Timestamp = 3.554
Seq_Frame0035_ForcepToReference-SequenceTransform =0.695387 0.106304 -0.710729 65.9259 0.564977 -0.692069 0.449268 -6.93647 -0.444115 -0.713961 -0.541315 -9.53506 0 0 0 1 
Seq_Frame0035_ForcepToReference-SequenceTransformStatus = OK
Seq_Frame0035_Timestamp = 3.654
Seq_Frame0036_ForcepToReference-SequenceTransform =0.696729 0.106594 -0.709371 65.9042 0.562647 -0.694628 0.448241 -6.89128 -0.444969 -0.711427 -0.543942 -9.62538 0 0 0 1 
Seq_Frame0036_ForcepToReference-SequenceTransformStatus = OK
Seq_Frame0036_Timestamp = 3.759
Seq_Frame0037_ForcepToReference-SequenceTransform =0.696309 0.106499 -0.709797 65.9119 0.563583 -0.693495 0.44882 -6.8917 -0.444441 -0.712547 -0.542908 -9.6212 0 0 0 1 
Seq_Frame0037_ForcepToReference-SequenceTransformStatus = OK
Seq_Frame0037_Timestamp = 3.86
Seq_Frame0038_ForcepToReference-SequenceTransform =0.695282 0.106189 -0.710849 65.9192 0.564649 -0.692629 0.448817 -6.92229 -0.444695 -0.713435 -0.541532 -9.57081 0 0 0 1 
Seq_Frame0038_ForcepToReference-SequenceTransformStatus = OK
Seq_Frame0038_Timestamp = 3.96
Seq_Frame0039_ForcepToReference-SequenceTransform =0.695433 0.105947 -0.710738 65.9323 0.565693 -0.690643 0.45056 -6.95953 -0.443131 -0.715393 -0.540229 -9.50985 0 0 0 1 
Seq_Frame0039_ForcepToReference-SequenceTransformStatus = OK
Seq_Frame0039_Timestamp = 4.061
Seq_Frame0040_ForcepToReference-SequenceTransform =0.695551 0.106907 -0.710478 65.9089 0.563708 -0.694317 0.447389 -6.88316 -0.445468 -0.711684 -0.543197 -9.58324 0 0 0 1 
Seq_Frame0040_ForcepToReference-SequenceTransformStatus = OK
Seq_Frame0040_Timestamp = 4.165
Seq_Frame0041_ForcepToReference-SequenceTransform =0.694996 0.106297 -0.711113 65.9165 0.565365 -0.691837 0.449136 -6.91173 -0.444233 -0.714186 -0.540921 -9.53909 0 0 0 1 
Seq_Frame0041_ForcepToReference-SequenceTransformStatus = OK
Seq_Frame0041_Timestamp = 4.277
Seq_Frame0042_ForcepToReference-SequenceTransform =0.69604 0.106564 -0.710051 65.9031 0.563229 -0.694374 0.447904 -6.8943 -0.445311 -0.71168 -0.543332 -9.54752 0 0 0 1 
Seq_Frame0042_ForcepToReference-SequenceTransformStatus = OK
Seq_Frame0042_Timestamp = 4.379
Seq_Frame0043_ForcepToReference-SequenceTransform =0.695583 0.106264 -0.710543 65.8995 0.563292 -0.694545 0.44756 -6.88742 -0.445944 -0.711559 -0.542971 -9.61496 0 0 0 1 
Seq_Frame0043_ForcepToReference-SequenceTransformStatus = OK
Seq_Frame0043_Timestamp = 4.485
Seq_Frame0044_ForcepToReference-SequenceTransform =0.698191 0.108042 -0.707712 65.7293 0.55313 -0.709003 0.437449 -6.80371 -0.454507 -0.69688 -0.554781 -10.1992 0 0 0 1 
Seq_Frame0044_ForcepToReference-SequenceTransformStatus = OK
Seq_Frame0044_Timestamp = 4.585
Seq_Frame0045_ForcepToReference-SequenceTransform =0.695697 0.106684 -0.710369 65.9118 0.562915 -0.695295 0.446868 -6.86599 -0.446243 -0.710762 -0.543769 -9.58524 0 0 0 1 
Seq_Frame0045_ForcepToReference-SequenceTransformStatus = OK
Seq_Frame0045_Timestamp = 4.686
Seq_Frame0046_ForcepToReference-SequenceTransform =0.695062 0.106401 -0.711033 65.9058 0.563892 -0.694197 0.447344 -6.86483 -0.445999 -0.711877 -0.542508 -9.63653 0 0 0 1 
Seq_Frame0046_ForcepToReference-SequenceTransformStatus = OK
Seq_Frame0046_Timestamp = 4.794
Seq_Frame0047_ForcepToReference-SequenceTransform =0.695271 0.106755 -0.710775 65.8994 0.563752 -0.694433 0.447154 -6.87203 -0.44585 -0.711594 -0.543002 -9.65926 0 0 0 1 
Seq_Frame0047_ForcepToReference-SequenceTransformStatus = OK
Seq_Frame0047_Timestamp = 4.894
Seq_Frame0048_ForcepToReference-SequenceTransform =0.69476 0.106662 -0.711289 65.904 0.56317 -0.695812 0.445742 -6.83968 -0.44738 -0.71026 -0.543491 -9.63859 0 0 0 1 
Seq_Frame0048_ForcepToReference-SequenceTransformStatus = OK
Seq_Frame0048_Timestamp = 5.005
Seq_Frame0049_ForcepToReference-SequenceTransform =0.694147 0.106627 -0.711893 65.9095 0.564666 -0.694022 0.446639 -6.85639 -0.446445 -0.712014 -0.541962 -9.60227 0 0 0 1 
Seq_Frame0049_ForcepToReference-SequenceTransformStatus = OK
Seq_Frame0049_Timestamp = 5.109
Seq_Frame0050_ForcepToReference-SequenceTransform =0.694283 0.106674 -0.711753 65.9239 0.564089 -0.694833 0.446106 -6.85397 -0.446961 -0.711216 -0.542584 -9.58166 0 0 0 1 
Seq_Frame0050_ForcepToReference-SequenceTransformStatus = OK
Seq_Frame0050_Timestamp = 5.214
Seq_Frame0051_ForcepToReference-SequenceTransform =0.69403 0.106434 -0.712035 65.9074 0.564155 -0.694829 0.446028 -6.84478 -0.44727 -0.711255 -0.542278 -9.58814 0 0 0 1 
Seq_Frame0051_ForcepToReference-SequenceTransformStatus = OK
Seq_Frame0051_Timestamp = 5.319
Seq_Frame0052_ForcepToReference-SequenceTransform =0.694072 0.106619 -0.711967 65.9248 0.563856 -0.695379 0.445549 -6.84106 -0.447583 -0.71069 -0.542761 -9.56068 0 0 0 1 
Seq_Frame0052_ForcepToReference-SequenceTransformStatus = OK
Seq_Frame0052_Timestamp = 5.435
Seq_Frame0053_ForcepToReference-SequenceTransform =0.695159 0.106515 -0.710921 65.9087 0.563238 -0.695213 0.446589 -6.85413 -0.446674 -0.710868 -0.543277 -9.60602 0 0 0 1 
Seq_Frame0053_ForcepToReference-SequenceTransformStatus = OK
Seq_Frame0053_Timestamp = 5.536
Seq_Frame0054_ForcepToReference-SequenceTransform =0.695267 0.106609 -0.710801 65.9217 0.563221 -0.695192 0.446643 -6.85015 -0.446527 -0.710875 -0.543388 -9.60753 0 0 0 1 
Seq_Frame0054_ForcepToReference-SequenceTransformStatus = OK
Seq_Frame0054_Timestamp = 5.644
Seq_Frame0055_ForcepToReference-SequenceTransform =0.6942 0.106295 -0.711891 65.929 0.564337 -0.694284 0.446647 -6.85697 -0.446778 -0.711809 -0.541958 -9.56376 0 0 0 1 
Seq_Frame0055_ForcepToReference-SequenceTransformStatus = OK
Seq_Frame0055_Timestamp = 5.745
Seq_Frame0056_ForcepToReference-SequenceTransform =0.696366 0.107495 -0.709591 65.8166 0.557086 -0.704307 0.440008 -6.74373 -0.452471 -0.70171 -0.550339 -9.85765 0 0 0 1 
Seq_Frame0056_ForcepToReference-SequenceTransformStatus = OK
Seq_Frame0056_Timestamp = 5.854
Seq_Frame0057_ForcepToReference-SequenceTransform =0.693866 0.106174 -0.712233 65.9422 0.564043 -0.695008 0.445891 -6.8366 -0.447666 -0.71112 -0.542129 -9.56894 0 0 0 1 
Seq_Frame0057_ForcepToReference-SequenceTransformStatus = OK
Seq_Frame0057_Timestamp = 5.959
Seq_Frame0058_ForcepToReference-SequenceTransform =0.693759 0.104964 -0.712517 65.981 0.565779 -0.691584 0.449004 -6.90443 -0.445636 -0.714628 -0.53918 -9.52688 0 0 0 1 
Seq_Frame0058_ForcepToReference-SequenceTransformStatus = OK
Seq_Frame0058_Timestamp = 6.059
Seq_Frame0059_ForcepToReference-SequenceTransform =0.694747 0.106434 -0.711336 65.9245 0.564478 -0.693597 0.447534 -6.89422 -0.445748 -0.712457 -0.541954 -9.56955 0 0 0 1 
Seq_Frame0059_ForcepToReference-SequenceTransformStatus = OK
Seq_Frame0059_Timestamp = 6.16
Seq_Frame0060_ForcepToReference-SequenceTransform =0.695278 0.106456 -0.710813 65.9172 0.563482 -0.694668 0.447129 -6.88267 -0.446179 -0.71141 -0.542973 -9.60377 0 0 0 1 
Seq_Frame0060_ForcepToReference-SequenceTransformStatus = OK
Seq_Frame0060_Timestamp = 6.26
Seq_Frame0061_ForcepToReference-SequenceTransform =0.695141 0.106498 -0.710941 65.9136 0.563906 -0.694155 0.44739 -6.88644 -0.445857 -0.711903 -0.542591 -9.62279 0 0 0 1 
Seq_Frame0061_ForcepToReference-SequenceTransformStatus = OK
Seq_Frame0061_Timestamp = 6.368
Seq_Frame0062_ForcepToReference-SequenceTransform =0.696115 0.10653 -0.709982 65.9178 0.563335 -0.694108 0.448183 -6.88917 -0.445059 -0.711945 -0.543191 -9.63239 0 0 0 1 
Seq_Frame0062_ForcepToReference-SequenceTransformStatus = OK
Seq_Frame0062_Timestamp = 6.469
Seq_Frame0063_ForcepToReference-SequenceTransform =0.69519 0.106407 -0.710906 65.9119 0.563688 -0.694397 0.447291 -6.87156 -0.446056 -0.711682 -0.542718 -9.63266 0 0 0 1 
Seq_Frame0063_ForcepToReference-SequenceTransformStatus = OK
Seq_Frame0063_Timestamp = 6.574
Seq_Frame0064_ForcepToReference-SequenceTransform =0.696154 0.106376 -0.709967 65.9094 0.562962 -0.694567 0.44794 -6.87991 -0.44547 -0.71152 -0.543411 -9.62348 0 0 0 1 
Seq_Frame0064_ForcepToReference-SequenceTransformStatus = OK
Seq_Frame0064_Timestamp = 6.674
Seq_Frame0065_ForcepToReference-SequenceTransform =0.695823 0.106361 -0.710294 65.9253 0.563492 -0.694045 0.448083 -6.89874 -0.445318 -0.712031 -0.542866 -9.56205 0 0 0 1 
Seq_Frame0065_ForcepToReference-SequenceTransformStatus = OK
Seq_Frame0065_Timestamp = 6.784
Seq_Frame0066_ForcepToReference-SequenceTransform =0.694899 0.106274 -0.711211 65.9142 0.56437 -0.693516 0.447797 -6.87322 -0.445647 -0.71256 -0.541902 -9.63194 0 0 0 1 
Seq_Frame0066_ForcepToReference-SequenceTransformStatus = OK
Seq_Frame0066_Timestamp = 6.885
Seq_Frame0067_ForcepToReference-SequenceTransform =0.696055 0.106392 -0.710062 65.9063 0.562758 -0.695003 0.447521 -6.88408 -0.445883 -0.711092 -0.543633 -9.6129 0 0 0 1 
Seq_Frame0067_ForcepToReference-SequenceTransformStatus = OK
Seq_Frame0067_Timestamp = 6.993
Seq_Frame0068_ForcepToReference-SequenceTransform =0.695412 0.1069 -0.710616 65.9165 0.563798 -0.694309 0.447289 -6.87436 -0.445572 -0.711694 -0.5431 -9.65703 0 0 0 1 
Seq_Frame0068_ForcepToReference-SequenceTransformStatus = OK
Seq_Frame0068_Timestamp = 7.094
Seq_Frame0069_ForcepToReference-SequenceTransform =0.695436 0.106992 -0.710579 65.9133 0.564194 -0.69371 0.447718 -6.89846 -0.445033 -0.712263 -0.542795 -9.61239 0 0 0 1 
Seq_Frame0069_ForcepToReference-SequenceTransformStatus = OK
Seq_Frame0069_Timestamp = 7.194
Seq_Frame0070_ForcepToReference-SequenceTransform =0.694894 0.106539 -0.711177 65.9264 0.564316 -0.693775 0.447463 -6.87733 -0.445724 -0.712268 -0.542222 -9.6132 0 0 0 1 
Seq_Frame0070_ForcepToReference-SequenceTransformStatus = OK
Seq_Frame0070_Timestamp = 7.296
Seq_Frame0071_ForcepToReference-SequenceTransform =0.695531 0.106502 -0.710559 65.9204 0.564681 -0.692523 0.44894 -6.92044 -0.444265 -0.713491 -0.54181 -9.59237 0 0 0 1 
Seq_Frame0071_ForcepToReference-SequenceTransformStatus = OK
Seq_Frame0071_Timestamp = 7.404
Seq_Frame0072_ForcepToReference-SequenceTransform =0.695402 0.106397 -0.710701 65.9266 0.564664 -0.692615 0.448819 -6.91269 -0.444489 -0.713417 -0.541725 -9.59094 0 0 0 1 
Seq_Frame0072_ForcepToReference-SequenceTransformStatus = OK
Seq_Frame0072_Timestamp = 7.505
Seq_Frame0073_ForcepToReference-SequenceTransform =0.695312 0.1065 -0.710774 65.9184 0.564186 -0.693537 0.447996 -6.8867 -0.445237 -0.712506 -0.54231 -9.61393 0 0 0 1 
Seq_Frame0073_ForcepToReference-SequenceTransformStatus = OK
Seq_Frame0073_Timestamp = 7.609
Seq_Frame0074_ForcepToReference-SequenceTransform =0.695285 0.106466 -0.710805 65.919 0.564295 -0.693368 0.44812 -6.90243 -0.44514 -0.712675 -0.542167 -9.59327 0 0 0 1 
Seq_Frame0074_ForcepToReference-SequenceTransformStatus = OK
Seq_Frame0074_Timestamp = 7.714
Seq_Frame0075_ForcepToReference-SequenceTransform =0.695573 0.106674 -0.710492 65.9114 0.563658 -0.694228 0.447591 -6.87742 -0.445497 -0.711807 -0.543014 -9.63857 0 0 0 1 
Seq_Frame0075_ForcepToReference-SequenceTransformStatus = OK
Seq_Frame0075_Timestamp = 7.819
Seq_Frame0076_ForcepToReference-SequenceTransform =0.695171 0.106617 -0.710894 65.9175 0.564142 -0.693823 0.447608 -6.89863 -0.445512 -0.712209 -0.542473 -9.55568 0 0 0 1 
Seq_Frame0076_ForcepToReference-SequenceTransformStatus = OK
Seq_Frame0076_Timestamp = 7.926
Seq_Frame0077_ForcepToReference-SequenceTransform =0.695545 0.106701 -0.710516 65.9115 0.563782 -0.694075 0.447671 -6.88699 -0.445385 -0.711951 -0.542917 -9.5955 0 0 0 1 
Seq_Frame0077_ForcepToReference-SequenceTransformStatus = OK
Seq_Frame0077_Timestamp = 8.034
Seq_Frame0078_ForcepToReference-SequenceTransform =0.695447 0.106639 -0.71062 65.9126 0.563632 -0.694374 0.447396 -6.87341 -0.445726 -0.711669 -0.543006 -9.62687 0 0 0 1 
Seq_Frame0078_ForcepToReference-SequenceTransformStatus = OK
Seq_Frame0078_Timestamp = 8.134
Seq_Frame0079_ForcepToReference-SequenceTransform =0.695872 0.106873 -0.710169 65.926 0.563299 -0.694625 0.447425 -6.88981 -0.445484 -0.711389 -0.543572 -9.59913 0 0 0 1 
Seq_Frame0079_ForcepToReference-SequenceTransformStatus = OK
Seq_Frame0079_Timestamp = 8.235
Seq_Frame0080_ForcepToReference-SequenceTransform =0.694301 0.106795 -0.711717 65.9245 0.564525 -0.694196 0.446546 -6.8684 -0.446382 -0.711819 -0.54227 -9.66989 0 0 0 1 
Seq_Frame0080_ForcepToReference-SequenceTransformStatus = OK
Seq_Frame0080_Timestamp = 8.335
Seq_Frame0081_ForcepToReference-SequenceTransform =0.69497 0.106603 -0.711093 65.9261 0.564373 -0.693648 0.447589 -6.89171 -0.445534 -0.712382 -0.542228 -9.56912 0 0 0 1 
Seq_Frame0081_ForcepToReference-SequenceTransformStatus = OK
Seq_Frame0081_Timestamp = 8.443
Seq_Frame0082_ForcepToReference-SequenceTransform =0.695721 0.10672 -0.71034 65.9134 0.563202 -0.694836 0.44722 -6.86951 -0.445843 -0.711205 -0.543517 -9.62586 0 0 0 1 
Seq_Frame0082_ForcepToReference-SequenceTransformStatus = OK
Seq_Frame0082_Timestamp = 8.545
Seq_Frame0083_ForcepToReference-SequenceTransform =0.694571 0.106329 -0.711524 65.9193 0.565203 -0.692548 0.448244 -6.89891 -0.445103 -0.713492 -0.541121 -9.59365 0 0 0 1 
Seq_Frame0083_ForcepToReference-SequenceTransformStatus = OK
Seq_Frame0083_Timestamp = 8.649
Seq_Frame0084_ForcepToReference-SequenceTransform =0.695724 0.106804 -0.710324 65.9222 0.563881 -0.693801 0.447972 -6.89221 -0.444979 -0.712203 -0.542919 -9.60986 0 0 0 1 
Seq_Frame0084_ForcepToReference-SequenceTransformStatus = OK
Seq_Frame0084_Timestamp = 8.749
Seq_Frame0085_ForcepToReference-SequenceTransform =0.695728 0.106731 -0.710332 65.9149 0.563413 -0.6945 0.447477 -6.87411 -0.445566 -0.711532 -0.543316 -9.61371 0 0 0 1 
Seq_Frame0085_ForcepToReference-SequenceTransformStatus = OK
Seq_Frame0085_Timestamp = 8.85
Seq_Frame0086_ForcepToReference-SequenceTransform =0.694972 0.106365 -0.711127 65.907 0.564357 -0.693522 0.447804 -6.8886 -0.445551 -0.71254 -0.542006 -9.63281 0 0 0 1 
Seq_Frame0086_ForcepToReference-SequenceTransformStatus = OK
Seq_Frame0086_Timestamp = 8.954
Seq_Frame0087_ForcepToReference-SequenceTransform =0.695726 0.106716 -0.710336 65.9057 0.563652 -0.69411 0.447781 -6.88209 -0.445266 -0.711915 -0.543061 -9.66469 0 0 0 1 
Seq_Frame0087_ForcepToReference-SequenceTransformStatus = OK
Seq_Frame0087_Timestamp = 9.059
Seq_Frame0088_ForcepToReference-SequenceTransform =0.695708 0.106443 -0.710394 65.9011 0.564187 -0.693099 0.448672 -6.90934 -0.444616 -0.71294 -0.542248 -9.64625 0 0 0 1 
Seq_Frame0088_ForcepToReference-SequenceTransformStatus = OK
Seq_Frame0088_Timestamp = 9.16
Seq_Frame0089_ForcepToReference-SequenceTransform =0.696095 0.106523 -0.710003 65.9098 0.563136 -0.694441 0.447917 -6.89241 -0.445342 -0.711621 -0.543384 -9.61088 0 0 0 1 
Seq_Frame0089_ForcepToReference-SequenceTransformStatus = OK
Seq_Frame0089_Timestamp = 9.26
Seq_Frame0090_ForcepToReference-SequenceTransform =0.695625 0.106394 -0.710483 65.9065 0.563587 -0.694112 0.447859 -6.87129 -0.445505 -0.711961 -0.542804 -9.66015 0 0 0 1 
Seq_Frame0090_ForcepToReference-SequenceTransformStatus = OK
Seq_Frame0090_Timestamp = 9.371
Seq_Frame0091_ForcepToReference-SequenceTransform =0.695646 0.106287 -0.710478 65.9196 0.56433 -0.692834 0.448901 -6.92649 -0.444531 -0.713221 -0.541949 -9.5723 0 0 0 1 
Seq_Frame0091_ForcepToReference-SequenceTransformStatus = OK
Seq_Frame0091_Timestamp = 9.475
Seq_Frame0092_ForcepToReference-SequenceTransform =0.694828 0.106219 -0.711288 65.9253 0.564705 -0.693017 0.448146 -6.90755 -0.445333 -0.713053 -0.541511 -9.56753 0 0 0 1 
Seq_Frame0092_ForcepToReference-SequenceTransformStatus = OK
Seq_Frame0092_Timestamp = 9.575
Seq_Frame0093_ForcepToReference-SequenceTransform =0.695446 0.106819 -0.710595 65.9108 0.56314 -0.695273 0.446619 -6.85632 -0.44635 -0.710764 -0.543679 -9.65411 0 0 0 1 
Seq_Frame0093_ForcepToReference-SequenceTransformStatus = OK
Seq_Frame0093_Timestamp = 9.676
Seq_Frame0094_ForcepToReference-SequenceTransform =0.696115 0.106875 -0.70993 65.921 0.562821 -0.695145 0.44722 -6.8746 -0.445708 -0.71088 -0.544053 -9.61518 0 0 0 1 
Seq_Frame0094_ForcepToReference-SequenceTransformStatus = OK
Seq_Frame0094_Timestamp = 9.785
Seq_Frame0095_ForcepToReference-SequenceTransform =0.695116 0.106507 -0.710964 65.9172 0.563757 -0.694424 0.447161 -6.87607 -0.446085 -0.71164 -0.542749 -9.60922 0 0 0 1 
Seq_Frame0095_ForcepToReference-SequenceTransformStatus = OK
Seq_Frame0095_Timestamp = 9.885
Seq_Frame0096_ForcepToReference-SequenceTransform =0.694432 0.11036 -0.711045 65.8831 0.563424 -0.698042 0.441918 -6.78592 -0.447569 -0.707501 -0.546922 -9.80191 0 0 0 1 
Seq_Frame0096_ForcepToReference-SequenceTransformStatus = OK
Seq_Frame0096_Timestamp = 9.986
Seq_Frame0097_ForcepToReference-SequenceTransform =0.693979 0.109766 -0.711579 65.9132 0.566142 -0.693797 0.445117 -6.84289 -0.444832 -0.711757 -0.543623 -9.7373 0 0 0 1 
Seq_Frame0097_ForcepToReference-SequenceTransformStatus = OK
Seq_Frame0097_Timestamp = 10.089
Seq_Frame0098_ForcepToReference-SequenceTransform =0.697158 0.10483 -0.709212 65.8531 0.554538 -0.705832 0.440782 -6.83557 -0.454377 -0.70058 -0.550209 -10.113 0 0 0 1 
Seq_Frame0098_ForcepToReference-SequenceTransformStatus = OK
Seq_Frame0098_Timestamp = 10.201
Seq_Frame0099_ForcepToReference-SequenceTransform =0.699719 0.103077 -0.706943 65.8409 0.544621 -0.717381 0.434456 -6.8267 -0.462365 -0.689013 -0.558103 -10.5682 0 0 0 1 
Seq_Frame0099_ForcepToReference-SequenceTransformStatus = OK
Seq_Frame0099_Timestamp = 10.309
Seq_Frame0100_ForcepToReference-SequenceTransform =0.693424 0.105496 -0.712765 65.9212 0.565093 -0.693353 0.447137 -6.92327 -0.447026 -0.712834 -0.540403 -9.49893 0 0 0 1 
Seq_Frame0100_ForcepToReference-SequenceTransformStatus = OK
Seq_Frame0100_Timestamp = 10.41
Seq_Frame0101_ForcepToReference-SequenceTransform =0.715356 0.139987 -0.684594 68.4111 0.544617 -0.725516 0.420735 -5.1733 -0.437787 -0.673817 -0.595242 -8.02727 0 0 0 1 
Seq_Frame0101_ForcepToReference-SequenceTransformStatus = OK
Seq_Frame0101_Timestamp = 10.518
Seq_Frame0102_ForcepToReference-SequenceTransform =0.694257 0.234861 -0.68033 68.9614 0.607668 -0.697809 0.379213 -2.83397 -0.385678 -0.676686 -0.627175 -5.34869 0 0 0 1 
Seq_Frame0102_ForcepToReference-SequenceTransformStatus = OK
Seq_Frame0102_Timestamp = 10.624
Seq_Frame0103_ForcepToReference-SequenceTransform =0.58113 0.297764 -0.75738 69.4218 0.673233 -0.698761 0.241847 14.4293 -0.457214 -0.650438 -0.606536 -14.084 0 0 0 1 
Seq_Frame0103_ForcepToReference-SequenceTransformStatus = OK
Seq_Frame0103_Timestamp = 10.729
Seq_Frame0104_ForcepToReference-SequenceTransform =0.148644 0.412985 -0.898526 68.6346 0.847653 -0.521173 -0.0993165 62.3766 -0.509303 -0.746875 -0.427537 -34.9799 0 0 0 1 
Seq_Frame0104_ForcepToReference-SequenceTransformStatus = OK
Seq_Frame0104_Timestamp = 10.829
Seq_Frame0105_ForcepToReference-SequenceTransform =-0.172322 0.475173 -0.862853 61.3542 0.869147 -0.338879 -0.3602 120.522 -0.46356 -0.812017 -0.354599 -52.0749 0 0 0 1 
Seq_Frame0105_ForcepToReference-SequenceTransformStatus = OK
Seq_Frame0105_Timestamp = 10.934
Seq_Frame0106_ForcepToReference-SequenceTransform =-0.641398 0.513103 -0.57038 42.5811 0.621695 -0.0880341 -0.778296 189.579 -0.449559 -0.853801 -0.262529 -51.3203 0 0 0 1 
Seq_Frame0106_ForcepToReference-SequenceTransformStatus = OK
Seq_Frame0106_Timestamp = 11.035
Seq_Frame0107_ForcepToReference-SequenceTransform =0.360045 -0.825509 0.434629 7.72491 0.751931 0.532543 0.388585 249.58 -0.552239 0.186903 0.812465 -33.0383 0 0 0 1 
Seq_Frame0107_ForcepToReference-SequenceTransformStatus = OK
Seq_Frame0107_Timestamp = 11.139
Seq_Frame0108_ForcepToReference-SequenceTransform =0.0536723 -0.97569 0.212482 -18.0497 0.852072 0.155701 0.49973 291.622 -0.520665 0.154228 0.839715 1.42829 0 0 0 1 
Seq_Frame0108_ForcepToReference-SequenceTransformStatus = OK
Seq_Frame0108_Timestamp = 11.239
Seq_Frame0109_ForcepToReference-SequenceTransform =-0.0630206 -0.984317 0.164768 -25.544 0.872779 0.0257143 0.487438 308.807 -0.48403 0.174524 0.857471 31.4756 0 0 0 1 
Seq_Frame0109_ForcepToReference-SequenceTransformStatus = OK
Seq_Frame0109_Timestamp = 11.351
Seq_Frame0110_ForcepToReference-SequenceTransform =-0.111609 -0.981954 0.152675 -26.8888 0.865021 -0.0203728 0.501322 311.184 -0.489165 0.188019 0.851685 37.1421 0 0 0 1 
Seq_Frame0110_ForcepToReference-SequenceTransformStatus = OK
Seq_Frame0110_Timestamp = 11.529
Seq_Frame0111_ForcepToReference-SequenceTransform =-0.111609 -0.981954 0.152675 -26.8888 0.865021 -0.0203728 0.501322 311.184 -0.489165 0.188019 0.851685 37.1421 0 0 0 1 
Seq_Frame0111_ForcepToReference-SequenceTransformStatus = OK
Seq_Frame0111_Timestamp = 11.635
Seq_Frame0112_ForcepToReference-SequenceTransform =-0.111609 -0.981954 0.152675 -26.8888 0.865021 -0.0203728 0.501322 311.184 -0.489165 0.188019 0.851685 37.1421 0 0 0 1 
Seq_Frame0112_ForcepToReference-SequenceTransformStatus = OK
Seq_Frame0112_Timestamp = 12.875
Seq_Frame0113_ForcepToReference-SequenceTransform =-0.111609 -0.981954 0.152675 -26.8888 0.865021 -0.0203728 0.501322 311.184 -0.489165 0.188019 0.851685 37.1421 0 0 0 1 
Seq_Frame0113_ForcepToReference-SequenceTransformStatus = OK
Seq_Frame0113_Timestamp = 12.977
Seq_Frame0114_ForcepToReference-SequenceTransform =-0.111609 -0.981954 0.152675 -26.8888 0.865021 -0.0203728 0.501322 311.184 -0.489165 0.188019 0.851685 37.1421 0 0 0 1 
Seq_Frame0114_ForcepToReference-SequenceTransformStatus = OK
Seq_Frame0114_Timestamp = 13.084
Seq_Frame0115_ForcepToReference-SequenceTransform =-0.642011 -0.709547 0.290456 -19.3621 0.766204 -0.58022 0.27618 342.895 -0.0274344 0.399859 0.916166 176.613 0 0 0 1 
Seq_Frame0115_ForcepToReference-SequenceTransformStatus = OK
Seq_Frame0115_Timestamp = 13.185
Seq_Frame0116_ForcepToReference-SequenceTransform =-0.694138 -0.686782 0.215646 -17.7545 0.716318 -0.629411 0.301214 335.942 -0.0711382 0.363555 0.928853 176.165 0 0 0 1 
Seq_Frame0116_ForcepToReference-SequenceTransformStatus = OK
Seq_Frame0116_Timestamp = 13.295
Seq_Frame0117_ForcepToReference-SequenceTransform =-0.694079 -0.673728 0.253665 -18.3922 0.718501 -0.626354 0.302384 333.47 -0.04484 0.392137 0.918813 175.117 0 0 0 1 
Seq_Frame0117_ForcepToReference-SequenceTransformStatus = OK
Seq_Frame0117_Timestamp = 13.399
Seq_Frame0118_ForcepToReference-SequenceTransform =-0.694079 -0.673728 0.253665 -18.3922 0.718501 -0.626354 0.302384 333.47 -0.04484 0.392137 0.918813 175.117 0 0 0 1 
Seq_Frame0118_ForcepToReference-SequenceTransformStatus = OK
Seq_Frame0118_Timestamp = 13.499
Seq_Frame0119_ForcepToReference-SequenceTransform =-0.694079 -0.673728 0.253665 -18.3922 0.718501 -0.626354 0.302384 333.47 -0.04484 0.392137 0.918813 175.117 0 0 0 1 
Seq_Frame0119_ForcepToReference-SequenceTransformStatus = OK
Seq_Frame0119_Timestamp = 13.604
Seq_Frame0120_ForcepToReference-SequenceTransform =-0.694079 -0.673728 0.253665 -18.3922 0.718501 -0.626354 0.302384 333.47 -0.04484 0.392137 0.918813 175.117 0 0 0 1 
Seq_Frame0120_ForcepToReference-SequenceTransformStatus = OK
Seq_Frame0120_Timestamp = 13.709
Seq_Frame0121_ForcepToReference-SequenceTransform =-0.6222 -0.449014 0.64129 -19.141 -0.779956 0.42601 -0.458458 307.893 -0.0673421 -0.785431 -0.615275 169.059 0 0 0 1 
Seq_Frame0121_ForcepToReference-SequenceTransformStatus = OK
Seq_Frame0121_Timestamp = 13.809
Seq_Frame0122_ForcepToReference-SequenceTransform =-0.66455 -0.380415 0.643162 -20.6845 -0.743715 0.420271 -0.519865 312.911 -0.0725379 -0.823806 -0.562212 156.985 0 0 0 1 
Seq_Frame0122_ForcepToReference-SequenceTransformStatus = OK
Seq_Frame0122_Timestamp = 13.91
Seq_Frame0123_ForcepToReference-SequenceTransform =-0.64305 -0.356385 0.677847 -33.2571 -0.757181 0.42848 -0.493033 313.24 -0.114735 -0.830298 -0.545381 146.569 0 0 0 1 
Seq_Frame0123_ForcepToReference-SequenceTransformStatus = OK
Seq_Frame0123_Timestamp = 14.02
Seq_Frame0124_ForcepToReference-SequenceTransform =-0.522965 -0.338847 0.782107 -34.696 -0.830336 0.409746 -0.377692 311.54 -0.192485 -0.84693 -0.495639 137.381 0 0 0 1 
Seq_Frame0124_ForcepToReference-SequenceTransformStatus = OK
Seq_Frame0124_Timestamp = 14.124
Seq_Frame0125_ForcepToReference-SequenceTransform =-0.592209 -0.380755 0.710151 -39.6015 -0.797347 0.40411 -0.448255 309.143 -0.116304 -0.831697 -0.542912 142.71 0 0 0 1 
Seq_Frame0125_ForcepToReference-SequenceTransformStatus = OK
Seq_Frame0125_Timestamp = 14.225
Seq_Frame0126_ForcepToReference-SequenceTransform =-0.459964 -0.527007 0.71463 -42.6862 -0.885939 0.32635 -0.329557 297.236 -0.0595408 -0.784703 -0.617006 150.629 0 0 0 1 
Seq_Frame0126_ForcepToReference-SequenceTransformStatus = OK
Seq_Frame0126_Timestamp = 14.325
Seq_Frame0127_ForcepToReference-SequenceTransform =-0.395489 -0.583146 0.709598 -45.2304 -0.918409 0.242176 -0.312849 288.411 0.0105887 -0.77543 -0.631345 152.427 0 0 0 1 
Seq_Frame0127_ForcepToReference-SequenceTransformStatus = OK
Seq_Frame0127_Timestamp = 14.429
Seq_Frame0128_ForcepToReference-SequenceTransform =-0.386519 -0.605319 0.695839 -52.3441 -0.913895 0.352889 -0.20066 285.73 -0.124091 -0.713483 -0.689597 146.63 0 0 0 1 
Seq_Frame0128_ForcepToReference-SequenceTransformStatus = OK
Seq_Frame0128_Timestamp = 14.535
Seq_Frame0129_ForcepToReference-SequenceTransform =-0.450427 -0.642433 0.619997 -64.0999 -0.877864 0.44523 -0.176424 284.946 -0.162701 -0.623739 -0.764512 140.471 0 0 0 1 
Seq_Frame0129_ForcepToReference-SequenceTransformStatus = OK
Seq_Frame0129_Timestamp = 14.644
Seq_Frame0130_ForcepToReference-SequenceTransform =-0.470853 -0.655736 0.590176 -82.0124 -0.830368 0.555361 -0.0454277 282.474 -0.297972 -0.511453 -0.805995 126.391 0 0 0 1 
Seq_Frame0130_ForcepToReference-SequenceTransformStatus = OK
Seq_Frame0130_Timestamp = 14.75
Seq_Frame0131_ForcepToReference-SequenceTransform =-0.383784 -0.632634 0.67267 -108.969 -0.86572 0.499966 -0.0237177 272.236 -0.321308 -0.591446 -0.739563 102.359 0 0 0 1 
Seq_Frame0131_ForcepToReference-SequenceTransformStatus = OK
Seq_Frame0131_Timestamp = 14.859
Seq_Frame0132_ForcepToReference-SequenceTransform =-0.478913 -0.565736 0.671256 -148.751 -0.779929 0.62517 -0.0295524 286.121 -0.40293 -0.537685 -0.740636 74.9411 0 0 0 1 
Seq_Frame0132_ForcepToReference-SequenceTransformStatus = OK
Seq_Frame0132_Timestamp = 14.96
Seq_Frame0133_ForcepToReference-SequenceTransform =-0.616565 -0.318688 0.719921 -179.561 -0.627433 0.751257 -0.204795 303.781 -0.47558 -0.577971 -0.663154 51.6691 0 0 0 1 
Seq_Frame0133_ForcepToReference-SequenceTransformStatus = OK
Seq_Frame0133_Timestamp = 15.066
Seq_Frame0134_ForcepToReference-SequenceTransform =-0.591762 -0.0441811 0.804901 -172.514 -0.639677 0.633349 -0.435525 293.41 -0.490541 -0.772604 -0.403053 43.7981 0 0 0 1 
Seq_Frame0134_ForcepToReference-SequenceTransformStatus = OK
Seq_Frame0134_Timestamp = 15.169
Seq_Frame0135_ForcepToReference-SequenceTransform =-0.498825 0.00675084 0.866676 -164.047 -0.7211 0.551521 -0.419333 276.353 -0.480821 -0.834134 -0.270244 50.4158 0 0 0 1 
Seq_Frame0135_ForcepToReference-SequenceTransformStatus = OK
Seq_Frame0135_Timestamp = 15.269
Seq_Frame0136_ForcepToReference-SequenceTransform =-0.457336 0.0315844 0.888733 -156.735 -0.764297 0.49695 -0.410963 273.361 -0.454636 -0.867204 -0.203133 55.8374 0 0 0 1 
Seq_Frame0136_ForcepToReference-SequenceTransformStatus = OK
Seq_Frame0136_Timestamp = 15.379
Seq_Frame0137_ForcepToReference-SequenceTransform =-0.438907 0.0442596 0.897442 -160.619 -0.696213 0.614646 -0.370806 282.717 -0.568021 -0.78756 -0.238958 54.6519 0 0 0 1 
Seq_Frame0137_ForcepToReference-SequenceTransformStatus = OK
Seq_Frame0137_Timestamp = 15.48
Seq_Frame0138_ForcepToReference-SequenceTransform =-0.459046 0.0710187 0.88557 -165.273 -0.665307 0.633114 -0.395643 294.976 -0.588764 -0.770794 -0.243379 51.9763 0 0 0 1 
Seq_Frame0138_ForcepToReference-SequenceTransformStatus = OK
Seq_Frame0138_Timestamp = 15.584
Seq_Frame0139_ForcepToReference-SequenceTransform =-0.441436 0.120534 0.88916 -170.518 -0.672273 0.611887 -0.416706 310.069 -0.594292 -0.781707 -0.189077 49.5285 0 0 0 1 
Seq_Frame0139_ForcepToReference-SequenceTransformStatus = OK
Seq_Frame0139_Timestamp = 15.694
Seq_Frame0140_ForcepToReference-SequenceTransform =-0.4341 0.106716 0.894522 -180.294 -0.688706 0.600778 -0.405893 319.563 -0.580725 -0.792261 -0.187302 45.9765 0 0 0 1 
Seq_Frame0140_ForcepToReference-SequenceTransformStatus = OK
Seq_Frame0140_Timestamp = 15.795
Seq_Frame0141_ForcepToReference-SequenceTransform =-0.422677 0.0558366 0.904559 -191.671 -0.697182 0.617667 -0.363902 325.129 -0.579035 -0.784455 -0.222145 44.3247 0 0 0 1 
Seq_Frame0141_ForcepToReference-SequenceTransformStatus = OK
Seq_Frame0141_Timestamp = 15.899
Seq_Frame0142_ForcepToReference-SequenceTransform =-0.477533 0.0906073 0.87393 -191.168 -0.577748 0.716996 -0.39003 329.89 -0.661944 -0.691163 -0.290041 48.5887 0 0 0 1 
Seq_Frame0142_ForcepToReference-SequenceTransformStatus = OK
Seq_Frame0142_Timestamp = 15.999
Seq_Frame0143_ForcepToReference-SequenceTransform =-0.590422 0.273963 0.759175 -177.774 -0.538495 0.566935 -0.623385 317.506 -0.601187 -0.776872 -0.187203 46.2562 0 0 0 1 
Seq_Frame0143_ForcepToReference-SequenceTransformStatus = OK
Seq_Frame0143_Timestamp = 16.102
Seq_Frame0144_ForcepToReference-SequenceTransform =-0.599354 0.295576 0.743915 -170.971 -0.52207 0.560145 -0.643179 314.882 -0.606809 -0.773868 -0.181414 45.4335 0 0 0 1 
Seq_Frame0144_ForcepToReference-SequenceTransformStatus = OK
Seq_Frame0144_Timestamp = 16.209
Seq_Frame0145_ForcepToReference-SequenceTransform =-0.497866 0.280801 0.820536 -170.551 -0.600262 0.571309 -0.559724 311.436 -0.625951 -0.771205 -0.115882 39.5002 0 0 0 1 
Seq_Frame0145_ForcepToReference-SequenceTransformStatus = OK
Seq_Frame0145_Timestamp = 16.309
Seq_Frame0146_ForcepToReference-SequenceTransform =-0.370755 0.173652 0.912352 -178.629 -0.69194 0.60361 -0.396073 313.27 -0.619484 -0.778138 -0.103635 31.5954 0 0 0 1 
Seq_Frame0146_ForcepToReference-SequenceTransformStatus = OK
Seq_Frame0146_Timestamp = 16.41
Seq_Frame0147_ForcepToReference-SequenceTransform =-0.330126 0.0294093 0.943479 -193.306 -0.716425 0.642997 -0.270722 320.752 -0.614616 -0.765304 -0.1912 23.1716 0 0 0 1 
Seq_Frame0147_ForcepToReference-SequenceTransformStatus = OK
Seq_Frame0147_Timestamp = 16.51
Seq_Frame0148_ForcepToReference-SequenceTransform =-0.345024 -0.11669 0.931312 -217.319 -0.673831 0.721524 -0.159231 342.181 -0.653384 -0.682485 -0.327572 16.6201 0 0 0 1 
Seq_Frame0148_ForcepToReference-SequenceTransformStatus = OK
Seq_Frame0148_Timestamp = 16.618
Seq_Frame0149_ForcepToReference-SequenceTransform =-0.408191 -0.129963 0.903598 -229.008 -0.588214 0.794395 -0.151463 359.141 -0.69813 -0.593335 -0.400711 12.3472 0 0 0 1 
Seq_Frame0149_ForcepToReference-SequenceTransformStatus = OK
Seq_Frame0149_Timestamp = 16.719
