ObjectType = Image
NDims = 3
AnatomicalOrientation = RAI
BinaryData = True
CompressedData = False
DimSize = 0 0 2894
ElementSpacing = 1 1 1
Offset = 0 0 0
TransformMatrix = 1 0 0 0 1 0 0 0 1
ElementType = MET_UCHAR
Kinds = domain domain list
Seq_Frame0000_DriverToReference-SequenceTransform =-0.916743 0.264436 -0.299425 46.5764 -0.0886449 0.596196 0.79793 80.208 0.389518 0.75804 -0.523117 77.4683 0 0 0 1 
Seq_Frame0000_DriverToReference-SequenceTransformStatus = OK
Seq_Frame0000_Timestamp = 0.00200009
Seq_Frame0001_DriverToReference-SequenceTransform =-0.916743 0.264436 -0.299425 46.5764 -0.0886449 0.596196 0.79793 80.208 0.389518 0.75804 -0.523117 77.4683 0 0 0 1 
Seq_Frame0001_DriverToReference-SequenceTransformStatus = OK
Seq_Frame0001_Timestamp = 0.108
Seq_Frame0002_DriverToReference-SequenceTransform =-0.916743 0.264436 -0.299425 46.5764 -0.0886449 0.596196 0.79793 80.208 0.389518 0.75804 -0.523117 77.4683 0 0 0 1 
Seq_Frame0002_DriverToReference-SequenceTransformStatus = OK
Seq_Frame0002_Timestamp = 0.215
Seq_Frame0003_DriverToReference-SequenceTransform =-0.916743 0.264436 -0.299425 46.5764 -0.0886449 0.596196 0.79793 80.208 0.389518 0.75804 -0.523117 77.4683 0 0 0 1 
Seq_Frame0003_DriverToReference-SequenceTransformStatus = OK
Seq_Frame0003_Timestamp = 0.318
Seq_Frame0004_DriverToReference-SequenceTransform =-0.916743 0.264436 -0.299425 46.5764 -0.0886449 0.596196 0.79793 80.208 0.389518 0.75804 -0.523117 77.4683 0 0 0 1 
Seq_Frame0004_DriverToReference-SequenceTransformStatus = OK
Seq_Frame0004_Timestamp = 0.424
Seq_Frame0005_DriverToReference-SequenceTransform =-0.916743 0.264436 -0.299425 46.5764 -0.0886449 0.596196 0.79793 80.208 0.389518 0.75804 -0.523117 77.4683 0 0 0 1 
Seq_Frame0005_DriverToReference-SequenceTransformStatus = OK
Seq_Frame0005_Timestamp = 0.528
Seq_Frame0006_DriverToReference-SequenceTransform =-0.916743 0.264436 -0.299425 46.5764 -0.0886449 0.596196 0.79793 80.208 0.389518 0.75804 -0.523117 77.4683 0 0 0 1 
Seq_Frame0006_DriverToReference-SequenceTransformStatus = OK
Seq_Frame0006_Timestamp = 0.638
Seq_Frame0007_DriverToReference-SequenceTransform =-0.916743 0.264436 -0.299425 46.5764 -0.0886449 0.596196 0.79793 80.208 0.389518 0.75804 -0.523117 77.4683 0 0 0 1 
Seq_Frame0007_DriverToReference-SequenceTransformStatus = OK
Seq_Frame0007_Timestamp = 0.739
Seq_Frame0008_DriverToReference-SequenceTransform =-0.916743 0.264436 -0.299425 46.5764 -0.0886449 0.596196 0.79793 80.208 0.389518 0.75804 -0.523117 77.4683 0 0 0 1 
Seq_Frame0008_DriverToReference-SequenceTransformStatus = OK
Seq_Frame0008_Timestamp = 0.843
Seq_Frame0009_DriverToReference-SequenceTransform =-0.916743 0.264436 -0.299425 46.5764 -0.0886449 0.596196 0.79793 80.208 0.389518 0.75804 -0.523117 77.4683 0 0 0 1 
Seq_Frame0009_DriverToReference-SequenceTransformStatus = OK
Seq_Frame0009_Timestamp = 0.953
Seq_Frame0010_DriverToReference-SequenceTransform =-0.916743 0.264436 -0.299425 46.5764 -0.0886449 0.596196 0.79793 80.208 0.389518 0.75804 -0.523117 77.4683 0 0 0 1 
Seq_Frame0010_DriverToReference-SequenceTransformStatus = OK
Seq_Frame0010_Timestamp = 1.075
Seq_Frame0011_DriverToReference-SequenceTransform =-0.390913 0.891213 0.230056 73.9083 -0.707765 -0.131261 -0.694147 62.4805 -0.588435 -0.434177 0.682081 99.0741 0 0 0 1 
Seq_Frame0011_DriverToReference-SequenceTransformStatus = OK
Seq_Frame0011_Timestamp = 1.178
Seq_Frame0012_DriverToReference-SequenceTransform =-0.407492 0.698361 0.588424 72.7987 -0.86998 -0.100971 -0.482638 64.799 -0.277642 -0.708588 0.648705 92.217 0 0 0 1 
Seq_Frame0012_DriverToReference-SequenceTransformStatus = OK
Seq_Frame0012_Timestamp = 1.278
Seq_Frame0013_DriverToReference-SequenceTransform =-0.407492 0.698361 0.588424 72.7987 -0.86998 -0.100971 -0.482638 64.799 -0.277642 -0.708588 0.648705 92.217 0 0 0 1 
Seq_Frame0013_DriverToReference-SequenceTransformStatus = OK
Seq_Frame0013_Timestamp = 1.386
Seq_Frame0014_DriverToReference-SequenceTransform =-0.407492 0.698361 0.588424 72.7987 -0.86998 -0.100971 -0.482638 64.799 -0.277642 -0.708588 0.648705 92.217 0 0 0 1 
Seq_Frame0014_DriverToReference-SequenceTransformStatus = OK
Seq_Frame0014_Timestamp = 1.494
Seq_Frame0015_DriverToReference-SequenceTransform =-0.407492 0.698361 0.588424 72.7987 -0.86998 -0.100971 -0.482638 64.799 -0.277642 -0.708588 0.648705 92.217 0 0 0 1 
Seq_Frame0015_DriverToReference-SequenceTransformStatus = OK
Seq_Frame0015_Timestamp = 1.603
Seq_Frame0016_DriverToReference-SequenceTransform =-0.407492 0.698361 0.588424 72.7987 -0.86998 -0.100971 -0.482638 64.799 -0.277642 -0.708588 0.648705 92.217 0 0 0 1 
Seq_Frame0016_DriverToReference-SequenceTransformStatus = OK
Seq_Frame0016_Timestamp = 1.711
Seq_Frame0017_DriverToReference-SequenceTransform =-0.407492 0.698361 0.588424 72.7987 -0.86998 -0.100971 -0.482638 64.799 -0.277642 -0.708588 0.648705 92.217 0 0 0 1 
Seq_Frame0017_DriverToReference-SequenceTransformStatus = OK
Seq_Frame0017_Timestamp = 1.813
Seq_Frame0018_DriverToReference-SequenceTransform =-0.407492 0.698361 0.588424 72.7987 -0.86998 -0.100971 -0.482638 64.799 -0.277642 -0.708588 0.648705 92.217 0 0 0 1 
Seq_Frame0018_DriverToReference-SequenceTransformStatus = OK
Seq_Frame0018_Timestamp = 1.918
Seq_Frame0019_DriverToReference-SequenceTransform =-0.407492 0.698361 0.588424 72.7987 -0.86998 -0.100971 -0.482638 64.799 -0.277642 -0.708588 0.648705 92.217 0 0 0 1 
Seq_Frame0019_DriverToReference-SequenceTransformStatus = OK
Seq_Frame0019_Timestamp = 2.018
Seq_Frame0020_DriverToReference-SequenceTransform =-0.407492 0.698361 0.588424 72.7987 -0.86998 -0.100971 -0.482638 64.799 -0.277642 -0.708588 0.648705 92.217 0 0 0 1 
Seq_Frame0020_DriverToReference-SequenceTransformStatus = OK
Seq_Frame0020_Timestamp = 2.119
Seq_Frame0021_DriverToReference-SequenceTransform =-0.407492 0.698361 0.588424 72.7987 -0.86998 -0.100971 -0.482638 64.799 -0.277642 -0.708588 0.648705 92.217 0 0 0 1 
Seq_Frame0021_DriverToReference-SequenceTransformStatus = OK
Seq_Frame0021_Timestamp = 2.224
Seq_Frame0022_DriverToReference-SequenceTransform =-0.407492 0.698361 0.588424 72.7987 -0.86998 -0.100971 -0.482638 64.799 -0.277642 -0.708588 0.648705 92.217 0 0 0 1 
Seq_Frame0022_DriverToReference-SequenceTransformStatus = OK
Seq_Frame0022_Timestamp = 2.333
Seq_Frame0023_DriverToReference-SequenceTransform =-0.407492 0.698361 0.588424 72.7987 -0.86998 -0.100971 -0.482638 64.799 -0.277642 -0.708588 0.648705 92.217 0 0 0 1 
Seq_Frame0023_DriverToReference-SequenceTransformStatus = OK
Seq_Frame0023_Timestamp = 2.443
Seq_Frame0024_DriverToReference-SequenceTransform =-0.407492 0.698361 0.588424 72.7987 -0.86998 -0.100971 -0.482638 64.799 -0.277642 -0.708588 0.648705 92.217 0 0 0 1 
Seq_Frame0024_DriverToReference-SequenceTransformStatus = OK
Seq_Frame0024_Timestamp = 2.548
Seq_Frame0025_DriverToReference-SequenceTransform =-0.407492 0.698361 0.588424 72.7987 -0.86998 -0.100971 -0.482638 64.799 -0.277642 -0.708588 0.648705 92.217 0 0 0 1 
Seq_Frame0025_DriverToReference-SequenceTransformStatus = OK
Seq_Frame0025_Timestamp = 2.659
Seq_Frame0026_DriverToReference-SequenceTransform =-0.407492 0.698361 0.588424 72.7987 -0.86998 -0.100971 -0.482638 64.799 -0.277642 -0.708588 0.648705 92.217 0 0 0 1 
Seq_Frame0026_DriverToReference-SequenceTransformStatus = OK
Seq_Frame0026_Timestamp = 2.768
Seq_Frame0027_DriverToReference-SequenceTransform =-0.407492 0.698361 0.588424 72.7987 -0.86998 -0.100971 -0.482638 64.799 -0.277642 -0.708588 0.648705 92.217 0 0 0 1 
Seq_Frame0027_DriverToReference-SequenceTransformStatus = OK
Seq_Frame0027_Timestamp = 2.869
Seq_Frame0028_DriverToReference-SequenceTransform =-0.407492 0.698361 0.588424 72.7987 -0.86998 -0.100971 -0.482638 64.799 -0.277642 -0.708588 0.648705 92.217 0 0 0 1 
Seq_Frame0028_DriverToReference-SequenceTransformStatus = OK
Seq_Frame0028_Timestamp = 2.978
Seq_Frame0029_DriverToReference-SequenceTransform =-0.407492 0.698361 0.588424 72.7987 -0.86998 -0.100971 -0.482638 64.799 -0.277642 -0.708588 0.648705 92.217 0 0 0 1 
Seq_Frame0029_DriverToReference-SequenceTransformStatus = OK
Seq_Frame0029_Timestamp = 3.083
Seq_Frame0030_DriverToReference-SequenceTransform =-0.407492 0.698361 0.588424 72.7987 -0.86998 -0.100971 -0.482638 64.799 -0.277642 -0.708588 0.648705 92.217 0 0 0 1 
Seq_Frame0030_DriverToReference-SequenceTransformStatus = OK
Seq_Frame0030_Timestamp = 3.184
Seq_Frame0031_DriverToReference-SequenceTransform =-0.407492 0.698361 0.588424 72.7987 -0.86998 -0.100971 -0.482638 64.799 -0.277642 -0.708588 0.648705 92.217 0 0 0 1 
Seq_Frame0031_DriverToReference-SequenceTransformStatus = OK
Seq_Frame0031_Timestamp = 3.284
Seq_Frame0032_DriverToReference-SequenceTransform =-0.407492 0.698361 0.588424 72.7987 -0.86998 -0.100971 -0.482638 64.799 -0.277642 -0.708588 0.648705 92.217 0 0 0 1 
Seq_Frame0032_DriverToReference-SequenceTransformStatus = OK
Seq_Frame0032_Timestamp = 3.391
Seq_Frame0033_DriverToReference-SequenceTransform =-0.407492 0.698361 0.588424 72.7987 -0.86998 -0.100971 -0.482638 64.799 -0.277642 -0.708588 0.648705 92.217 0 0 0 1 
Seq_Frame0033_DriverToReference-SequenceTransformStatus = OK
Seq_Frame0033_Timestamp = 3.493
Seq_Frame0034_DriverToReference-SequenceTransform =-0.407492 0.698361 0.588424 72.7987 -0.86998 -0.100971 -0.482638 64.799 -0.277642 -0.708588 0.648705 92.217 0 0 0 1 
Seq_Frame0034_DriverToReference-SequenceTransformStatus = OK
Seq_Frame0034_Timestamp = 3.593
Seq_Frame0035_DriverToReference-SequenceTransform =-0.407492 0.698361 0.588424 72.7987 -0.86998 -0.100971 -0.482638 64.799 -0.277642 -0.708588 0.648705 92.217 0 0 0 1 
Seq_Frame0035_DriverToReference-SequenceTransformStatus = OK
Seq_Frame0035_Timestamp = 3.703
Seq_Frame0036_DriverToReference-SequenceTransform =-0.407492 0.698361 0.588424 72.7987 -0.86998 -0.100971 -0.482638 64.799 -0.277642 -0.708588 0.648705 92.217 0 0 0 1 
Seq_Frame0036_DriverToReference-SequenceTransformStatus = OK
Seq_Frame0036_Timestamp = 3.809
Seq_Frame0037_DriverToReference-SequenceTransform =-0.407492 0.698361 0.588424 72.7987 -0.86998 -0.100971 -0.482638 64.799 -0.277642 -0.708588 0.648705 92.217 0 0 0 1 
Seq_Frame0037_DriverToReference-SequenceTransformStatus = OK
Seq_Frame0037_Timestamp = 3.918
Seq_Frame0038_DriverToReference-SequenceTransform =-0.407492 0.698361 0.588424 72.7987 -0.86998 -0.100971 -0.482638 64.799 -0.277642 -0.708588 0.648705 92.217 0 0 0 1 
Seq_Frame0038_DriverToReference-SequenceTransformStatus = OK
Seq_Frame0038_Timestamp = 4.029
Seq_Frame0039_DriverToReference-SequenceTransform =-0.407492 0.698361 0.588424 72.7987 -0.86998 -0.100971 -0.482638 64.799 -0.277642 -0.708588 0.648705 92.217 0 0 0 1 
Seq_Frame0039_DriverToReference-SequenceTransformStatus = OK
Seq_Frame0039_Timestamp = 4.133
Seq_Frame0040_DriverToReference-SequenceTransform =-0.407492 0.698361 0.588424 72.7987 -0.86998 -0.100971 -0.482638 64.799 -0.277642 -0.708588 0.648705 92.217 0 0 0 1 
Seq_Frame0040_DriverToReference-SequenceTransformStatus = OK
Seq_Frame0040_Timestamp = 4.234
Seq_Frame0041_DriverToReference-SequenceTransform =-0.407492 0.698361 0.588424 72.7987 -0.86998 -0.100971 -0.482638 64.799 -0.277642 -0.708588 0.648705 92.217 0 0 0 1 
Seq_Frame0041_DriverToReference-SequenceTransformStatus = OK
Seq_Frame0041_Timestamp = 4.334
Seq_Frame0042_DriverToReference-SequenceTransform =-0.407492 0.698361 0.588424 72.7987 -0.86998 -0.100971 -0.482638 64.799 -0.277642 -0.708588 0.648705 92.217 0 0 0 1 
Seq_Frame0042_DriverToReference-SequenceTransformStatus = OK
Seq_Frame0042_Timestamp = 4.443
Seq_Frame0043_DriverToReference-SequenceTransform =-0.407492 0.698361 0.588424 72.7987 -0.86998 -0.100971 -0.482638 64.799 -0.277642 -0.708588 0.648705 92.217 0 0 0 1 
Seq_Frame0043_DriverToReference-SequenceTransformStatus = OK
Seq_Frame0043_Timestamp = 4.557
Seq_Frame0044_DriverToReference-SequenceTransform =-0.407492 0.698361 0.588424 72.7987 -0.86998 -0.100971 -0.482638 64.799 -0.277642 -0.708588 0.648705 92.217 0 0 0 1 
Seq_Frame0044_DriverToReference-SequenceTransformStatus = OK
Seq_Frame0044_Timestamp = 4.665
Seq_Frame0045_DriverToReference-SequenceTransform =-0.407492 0.698361 0.588424 72.7987 -0.86998 -0.100971 -0.482638 64.799 -0.277642 -0.708588 0.648705 92.217 0 0 0 1 
Seq_Frame0045_DriverToReference-SequenceTransformStatus = OK
Seq_Frame0045_Timestamp = 4.767
Seq_Frame0046_DriverToReference-SequenceTransform =-0.407492 0.698361 0.588424 72.7987 -0.86998 -0.100971 -0.482638 64.799 -0.277642 -0.708588 0.648705 92.217 0 0 0 1 
Seq_Frame0046_DriverToReference-SequenceTransformStatus = OK
Seq_Frame0046_Timestamp = 4.868
Seq_Frame0047_DriverToReference-SequenceTransform =-0.352514 -0.310301 -0.882863 27.4555 -0.845451 0.51005 0.158308 247.267 0.401181 0.802223 -0.442144 169.021 0 0 0 1 
Seq_Frame0047_DriverToReference-SequenceTransformStatus = OK
Seq_Frame0047_Timestamp = 4.973
Seq_Frame0048_DriverToReference-SequenceTransform =-0.379518 -0.323147 -0.866915 31.2026 -0.808855 0.570768 0.141344 245.746 0.449132 0.754851 -0.477996 168.452 0 0 0 1 
Seq_Frame0048_DriverToReference-SequenceTransformStatus = OK
Seq_Frame0048_Timestamp = 5.073
Seq_Frame0049_DriverToReference-SequenceTransform =-0.421925 -0.299549 -0.855716 32.3338 -0.819677 0.529374 0.218844 252.873 0.38744 0.793746 -0.46889 163.436 0 0 0 1 
Seq_Frame0049_DriverToReference-SequenceTransformStatus = OK
Seq_Frame0049_Timestamp = 5.174
Seq_Frame0050_DriverToReference-SequenceTransform =-0.524812 -0.287475 -0.801205 36.0779 -0.779356 0.540792 0.316462 259.21 0.342311 0.790507 -0.50786 159.685 0 0 0 1 
Seq_Frame0050_DriverToReference-SequenceTransformStatus = OK
Seq_Frame0050_Timestamp = 5.274
Seq_Frame0051_DriverToReference-SequenceTransform =-0.535956 -0.294936 -0.791053 34.0008 -0.792469 0.498842 0.350927 261.147 0.291109 0.814966 -0.501085 160.93 0 0 0 1 
Seq_Frame0051_DriverToReference-SequenceTransformStatus = OK
Seq_Frame0051_Timestamp = 5.375
Seq_Frame0052_DriverToReference-SequenceTransform =-0.427061 -0.326102 -0.843372 25.3462 -0.866309 0.414811 0.278282 266.744 0.259092 0.849464 -0.459655 164.192 0 0 0 1 
Seq_Frame0052_DriverToReference-SequenceTransformStatus = OK
Seq_Frame0052_Timestamp = 5.478
Seq_Frame0053_DriverToReference-SequenceTransform =-0.365755 -0.371583 -0.853317 18.9321 -0.910242 0.334043 0.244694 274.425 0.19412 0.866223 -0.460408 167.602 0 0 0 1 
Seq_Frame0053_DriverToReference-SequenceTransformStatus = OK
Seq_Frame0053_Timestamp = 5.583
Seq_Frame0054_DriverToReference-SequenceTransform =-0.460861 -0.289428 -0.838951 19.6623 -0.882949 0.244859 0.400557 273.886 0.0894917 0.925352 -0.368396 167.026 0 0 0 1 
Seq_Frame0054_DriverToReference-SequenceTransformStatus = OK
Seq_Frame0054_Timestamp = 5.692
Seq_Frame0055_DriverToReference-SequenceTransform =-0.460861 -0.289428 -0.838951 19.6623 -0.882949 0.244859 0.400557 273.886 0.0894917 0.925352 -0.368396 167.026 0 0 0 1 
Seq_Frame0055_DriverToReference-SequenceTransformStatus = OK
Seq_Frame0055_Timestamp = 5.793
Seq_Frame0056_DriverToReference-SequenceTransform =-0.460861 -0.289428 -0.838951 19.6623 -0.882949 0.244859 0.400557 273.886 0.0894917 0.925352 -0.368396 167.026 0 0 0 1 
Seq_Frame0056_DriverToReference-SequenceTransformStatus = OK
Seq_Frame0056_Timestamp = 5.9
Seq_Frame0057_DriverToReference-SequenceTransform =-0.460861 -0.289428 -0.838951 19.6623 -0.882949 0.244859 0.400557 273.886 0.0894917 0.925352 -0.368396 167.026 0 0 0 1 
Seq_Frame0057_DriverToReference-SequenceTransformStatus = OK
Seq_Frame0057_Timestamp = 6.015
Seq_Frame0058_DriverToReference-SequenceTransform =-0.590635 -0.299483 -0.749306 6.34446 -0.806764 0.238445 0.540625 303.541 0.0167602 0.923826 -0.382446 177.866 0 0 0 1 
Seq_Frame0058_DriverToReference-SequenceTransformStatus = OK
Seq_Frame0058_Timestamp = 6.116
Seq_Frame0059_DriverToReference-SequenceTransform =-0.590635 -0.299483 -0.749306 6.34446 -0.806764 0.238445 0.540625 303.541 0.0167602 0.923826 -0.382446 177.866 0 0 0 1 
Seq_Frame0059_DriverToReference-SequenceTransformStatus = OK
Seq_Frame0059_Timestamp = 6.217
Seq_Frame0060_DriverToReference-SequenceTransform =-0.590635 -0.299483 -0.749306 6.34446 -0.806764 0.238445 0.540625 303.541 0.0167602 0.923826 -0.382446 177.866 0 0 0 1 
Seq_Frame0060_DriverToReference-SequenceTransformStatus = OK
Seq_Frame0060_Timestamp = 6.317
Seq_Frame0061_DriverToReference-SequenceTransform =-0.590635 -0.299483 -0.749306 6.34446 -0.806764 0.238445 0.540625 303.541 0.0167602 0.923826 -0.382446 177.866 0 0 0 1 
Seq_Frame0061_DriverToReference-SequenceTransformStatus = OK
Seq_Frame0061_Timestamp = 6.418
Seq_Frame0062_DriverToReference-SequenceTransform =-0.590635 -0.299483 -0.749306 6.34446 -0.806764 0.238445 0.540625 303.541 0.0167602 0.923826 -0.382446 177.866 0 0 0 1 
Seq_Frame0062_DriverToReference-SequenceTransformStatus = OK
Seq_Frame0062_Timestamp = 6.518
Seq_Frame0063_DriverToReference-SequenceTransform =-0.423183 -0.362773 -0.830248 15.5519 -0.880851 0.379313 0.283236 272.031 0.212174 0.851186 -0.480068 175.131 0 0 0 1 
Seq_Frame0063_DriverToReference-SequenceTransformStatus = OK
Seq_Frame0063_Timestamp = 6.626
Seq_Frame0064_DriverToReference-SequenceTransform =-0.359212 -0.205116 -0.910436 13.2554 -0.878208 0.404382 0.255392 287.118 0.315779 0.891293 -0.325393 171.363 0 0 0 1 
Seq_Frame0064_DriverToReference-SequenceTransformStatus = OK
Seq_Frame0064_Timestamp = 7.693
Seq_Frame0065_DriverToReference-SequenceTransform =-0.606056 -0.0959942 -0.789609 59.257 -0.656057 0.62163 0.427977 303.179 0.449761 0.777406 -0.43972 171.708 0 0 0 1 
Seq_Frame0065_DriverToReference-SequenceTransformStatus = OK
Seq_Frame0065_Timestamp = 7.794
Seq_Frame0066_DriverToReference-SequenceTransform =-0.748752 -0.084935 -0.657386 101.139 -0.445808 0.798468 0.404605 310.569 0.490536 0.596016 -0.635719 201.073 0 0 0 1 
Seq_Frame0066_DriverToReference-SequenceTransformStatus = OK
Seq_Frame0066_Timestamp = 7.899
Seq_Frame0067_DriverToReference-SequenceTransform =-0.741556 0.0163283 -0.670692 109.755 -0.300765 0.885524 0.354102 317.47 0.599696 0.464307 -0.651755 221.401 0 0 0 1 
Seq_Frame0067_DriverToReference-SequenceTransformStatus = OK
Seq_Frame0067_Timestamp = 8.004
Seq_Frame0068_DriverToReference-SequenceTransform =-0.737575 0.0489216 -0.67349 106.732 -0.183062 0.945537 0.269163 314.796 0.649978 0.321819 -0.688449 246.062 0 0 0 1 
Seq_Frame0068_DriverToReference-SequenceTransformStatus = OK
Seq_Frame0068_Timestamp = 8.132
Seq_Frame0069_DriverToReference-SequenceTransform =-0.748976 0.0742315 -0.658426 87.9679 -0.0844248 0.974914 0.205948 302.691 0.657197 0.209838 -0.72392 256.849 0 0 0 1 
Seq_Frame0069_DriverToReference-SequenceTransformStatus = OK
Seq_Frame0069_Timestamp = 8.233
Seq_Frame0070_DriverToReference-SequenceTransform =-0.791288 0.0510129 -0.609313 64.5097 -0.00682065 0.995715 0.092221 290.047 0.611406 0.0771292 -0.787549 260.32 0 0 0 1 
Seq_Frame0070_DriverToReference-SequenceTransformStatus = OK
Seq_Frame0070_Timestamp = 8.338
Seq_Frame0071_DriverToReference-SequenceTransform =-0.759418 -0.0992977 -0.642981 46.6401 -0.131315 0.991339 0.00199848 288.309 0.637213 0.0859504 -0.76588 258.51 0 0 0 1 
Seq_Frame0071_DriverToReference-SequenceTransformStatus = OK
Seq_Frame0071_Timestamp = 8.458
Seq_Frame0072_DriverToReference-SequenceTransform =-0.56995 -0.192457 -0.798823 40.7537 -0.262823 0.963809 -0.044685 295.517 0.778512 0.184481 -0.599905 247.528 0 0 0 1 
Seq_Frame0072_DriverToReference-SequenceTransformStatus = OK
Seq_Frame0072_Timestamp = 8.559
Seq_Frame0073_DriverToReference-SequenceTransform =-0.701922 -0.145444 -0.697246 28.6605 -0.200215 0.979748 -0.00281523 286.949 0.683535 0.137623 -0.716826 244.888 0 0 0 1 
Seq_Frame0073_DriverToReference-SequenceTransformStatus = OK
Seq_Frame0073_Timestamp = 8.667
Seq_Frame0074_DriverToReference-SequenceTransform =-0.789261 -0.256941 -0.557717 19.644 -0.0584688 0.935567 -0.348274 267.643 0.611268 -0.24227 -0.75343 263.033 0 0 0 1 
Seq_Frame0074_DriverToReference-SequenceTransformStatus = OK
Seq_Frame0074_Timestamp = 8.776
Seq_Frame0075_DriverToReference-SequenceTransform =-0.97366 -0.226863 0.0227984 37.9978 -0.227953 0.966428 -0.118554 261.442 0.00486254 -0.120629 -0.992686 269.528 0 0 0 1 
Seq_Frame0075_DriverToReference-SequenceTransformStatus = OK
Seq_Frame0075_Timestamp = 8.903
Seq_Frame0076_DriverToReference-SequenceTransform =-0.838867 -0.364926 -0.403895 69.8204 -0.296528 0.928593 -0.223127 272.955 0.456479 -0.0674081 -0.887177 291.139 0 0 0 1 
Seq_Frame0076_DriverToReference-SequenceTransformStatus = OK
Seq_Frame0076_Timestamp = 9.013
Seq_Frame0077_DriverToReference-SequenceTransform =-0.850732 -0.400282 -0.34063 90.2261 -0.333667 0.912043 -0.23842 276.777 0.406105 -0.0891741 -0.909465 297.834 0 0 0 1 
Seq_Frame0077_DriverToReference-SequenceTransformStatus = OK
Seq_Frame0077_Timestamp = 9.129
Seq_Frame0078_DriverToReference-SequenceTransform =-0.73583 -0.397995 -0.547863 84.3603 -0.280695 0.915539 -0.288094 297.157 0.61625 -0.0582059 -0.785397 292.719 0 0 0 1 
Seq_Frame0078_DriverToReference-SequenceTransformStatus = OK
Seq_Frame0078_Timestamp = 9.235
Seq_Frame0079_DriverToReference-SequenceTransform =-0.697043 -0.397036 -0.59707 75.5845 -0.270257 0.916765 -0.294115 308.444 0.664147 -0.0436489 -0.746326 290.95 0 0 0 1 
Seq_Frame0079_DriverToReference-SequenceTransformStatus = OK
Seq_Frame0079_Timestamp = 9.338
Seq_Frame0080_DriverToReference-SequenceTransform =-0.908497 -0.382656 -0.167949 67.4091 -0.357847 0.919928 -0.160245 315.459 0.21582 -0.0854822 -0.972684 282.1 0 0 0 1 
Seq_Frame0080_DriverToReference-SequenceTransformStatus = OK
Seq_Frame0080_Timestamp = 9.443
Seq_Frame0081_DriverToReference-SequenceTransform =-0.678567 -0.324733 -0.658859 61.8528 -0.261178 0.94502 -0.196783 327.002 0.686537 0.0385486 -0.726072 285.108 0 0 0 1 
Seq_Frame0081_DriverToReference-SequenceTransformStatus = OK
Seq_Frame0081_Timestamp = 9.558
Seq_Frame0082_DriverToReference-SequenceTransform =0.153413 0.915738 0.371332 51.4108 -0.914262 0.274125 -0.298296 300.465 -0.374953 -0.293732 0.879279 270.945 0 0 0 1 
Seq_Frame0082_DriverToReference-SequenceTransformStatus = OK
Seq_Frame0082_Timestamp = 9.728
Seq_Frame0083_DriverToReference-SequenceTransform =-0.827726 -0.460106 -0.321203 55.8482 -0.531852 0.825778 0.187678 262.729 0.178891 0.326179 -0.928227 283.752 0 0 0 1 
Seq_Frame0083_DriverToReference-SequenceTransformStatus = OK
Seq_Frame0083_Timestamp = 10.433
Seq_Frame0084_DriverToReference-SequenceTransform =-0.816075 -0.557579 0.152073 64.6103 -0.562279 0.826826 0.0141949 270.945 -0.133652 -0.0739233 -0.988267 284.317 0 0 0 1 
Seq_Frame0084_DriverToReference-SequenceTransformStatus = OK
Seq_Frame0084_Timestamp = 10.534
Seq_Frame0085_DriverToReference-SequenceTransform =-0.812832 -0.552818 0.183567 65.6135 -0.557127 0.829809 0.0320493 272.075 -0.170043 -0.0762192 -0.982485 283.187 0 0 0 1 
Seq_Frame0085_DriverToReference-SequenceTransformStatus = OK
Seq_Frame0085_Timestamp = 11.073
Seq_Frame0086_DriverToReference-SequenceTransform =-0.812832 -0.552818 0.183567 65.6135 -0.557127 0.829809 0.0320493 272.075 -0.170043 -0.0762192 -0.982485 283.187 0 0 0 1 
Seq_Frame0086_DriverToReference-SequenceTransformStatus = OK
Seq_Frame0086_Timestamp = 11.178
Seq_Frame0087_DriverToReference-SequenceTransform =-0.812832 -0.552818 0.183567 65.6135 -0.557127 0.829809 0.0320493 272.075 -0.170043 -0.0762192 -0.982485 283.187 0 0 0 1 
Seq_Frame0087_DriverToReference-SequenceTransformStatus = OK
Seq_Frame0087_Timestamp = 11.368
Seq_Frame0088_DriverToReference-SequenceTransform =-0.75191 -0.447808 -0.483837 93.0845 -0.451218 0.884638 -0.117544 291.469 0.480659 0.129934 -0.867228 252.399 0 0 0 1 
Seq_Frame0088_DriverToReference-SequenceTransformStatus = OK
Seq_Frame0088_Timestamp = 11.524
Seq_Frame0089_DriverToReference-SequenceTransform =-0.759094 -0.414146 -0.502255 98.1905 -0.444914 0.893274 -0.0641392 291.739 0.475214 0.174772 -0.862338 230.441 0 0 0 1 
Seq_Frame0089_DriverToReference-SequenceTransformStatus = OK
Seq_Frame0089_Timestamp = 11.63
Seq_Frame0090_DriverToReference-SequenceTransform =-0.754198 -0.36187 -0.547937 98.3672 -0.419692 0.907409 -0.0215962 287.841 0.505018 0.213677 -0.836241 204.2 0 0 0 1 
Seq_Frame0090_DriverToReference-SequenceTransformStatus = OK
Seq_Frame0090_Timestamp = 11.735
Seq_Frame0091_DriverToReference-SequenceTransform =-0.761593 -0.295895 -0.57656 98.1717 -0.404926 0.9119 0.0668827 281.306 0.505975 0.284401 -0.814313 171.175 0 0 0 1 
Seq_Frame0091_DriverToReference-SequenceTransformStatus = OK
Seq_Frame0091_Timestamp = 11.842
Seq_Frame0092_DriverToReference-SequenceTransform =-0.792316 -0.235753 -0.562721 96.8742 -0.360645 0.924913 0.120297 273.914 0.492108 0.298256 -0.817847 158.556 0 0 0 1 
Seq_Frame0092_DriverToReference-SequenceTransformStatus = OK
Seq_Frame0092_Timestamp = 11.951
Seq_Frame0093_DriverToReference-SequenceTransform =-0.795508 -0.242655 -0.555235 100.884 -0.283577 0.958864 -0.0127603 242.085 0.535492 0.147301 -0.831595 173.323 0 0 0 1 
Seq_Frame0093_DriverToReference-SequenceTransformStatus = OK
Seq_Frame0093_Timestamp = 12.058
Seq_Frame0094_DriverToReference-SequenceTransform =-0.781723 -0.219696 -0.583646 99.4603 -0.219605 0.972921 -0.0720928 234.409 0.583681 0.0718153 -0.808801 187.584 0 0 0 1 
Seq_Frame0094_DriverToReference-SequenceTransformStatus = OK
Seq_Frame0094_Timestamp = 12.166
Seq_Frame0095_DriverToReference-SequenceTransform =-0.82407 -0.18641 -0.53494 96.1144 -0.183319 0.981249 -0.0595348 240.17 0.536007 0.0490037 -0.84279 191.065 0 0 0 1 
Seq_Frame0095_DriverToReference-SequenceTransformStatus = OK
Seq_Frame0095_Timestamp = 12.269
Seq_Frame0096_DriverToReference-SequenceTransform =-0.855678 -0.137063 -0.499027 84.1983 -0.135495 0.989987 -0.0395776 250.892 0.499455 0.0337501 -0.865682 194.019 0 0 0 1 
Seq_Frame0096_DriverToReference-SequenceTransformStatus = OK
Seq_Frame0096_Timestamp = 12.377
Seq_Frame0097_DriverToReference-SequenceTransform =-0.90112 -0.111746 -0.418921 77.387 -0.120021 0.992749 -0.00664119 262.549 0.416626 0.0442947 -0.907998 200.078 0 0 0 1 
Seq_Frame0097_DriverToReference-SequenceTransformStatus = OK
Seq_Frame0097_Timestamp = 12.481
Seq_Frame0098_DriverToReference-SequenceTransform =-0.98308 -0.0273992 -0.181117 63.5723 -0.0341716 0.998825 0.0343779 264.806 0.179962 0.0399852 -0.982861 212.998 0 0 0 1 
Seq_Frame0098_DriverToReference-SequenceTransformStatus = OK
Seq_Frame0098_Timestamp = 12.59
Seq_Frame0099_DriverToReference-SequenceTransform =-0.968687 -0.162256 -0.187935 52.8256 -0.171278 0.98468 0.032697 267.257 0.17975 0.0638623 -0.981637 223.781 0 0 0 1 
Seq_Frame0099_DriverToReference-SequenceTransformStatus = OK
Seq_Frame0099_Timestamp = 12.701
Seq_Frame0100_DriverToReference-SequenceTransform =-0.770543 -0.359442 -0.526369 19.3767 -0.470249 0.878056 0.0887895 287.281 0.430267 0.315941 -0.845607 209.328 0 0 0 1 
Seq_Frame0100_DriverToReference-SequenceTransformStatus = OK
Seq_Frame0100_Timestamp = 12.818
Seq_Frame0101_DriverToReference-SequenceTransform =-0.951728 -0.12602 -0.279881 52.579 -0.169671 0.975851 0.137573 271.913 0.255785 0.17842 -0.950126 180.505 0 0 0 1 
Seq_Frame0101_DriverToReference-SequenceTransformStatus = OK
Seq_Frame0101_Timestamp = 12.92
Seq_Frame0102_DriverToReference-SequenceTransform =-0.983893 -0.0918159 -0.153377 94.8283 -0.0979051 0.994661 0.0326155 229.803 0.149563 0.0471065 -0.987629 153.795 0 0 0 1 
Seq_Frame0102_DriverToReference-SequenceTransformStatus = OK
Seq_Frame0102_Timestamp = 13.035
Seq_Frame0103_DriverToReference-SequenceTransform =-0.944261 -0.101202 -0.313257 97.1344 -0.0719268 0.992007 -0.103672 199.744 0.321245 -0.0753617 -0.943993 151.006 0 0 0 1 
Seq_Frame0103_DriverToReference-SequenceTransformStatus = OK
Seq_Frame0103_Timestamp = 13.138
Seq_Frame0104_DriverToReference-SequenceTransform =-0.873512 -0.170635 -0.455917 96.7747 -0.0968388 0.978745 -0.180776 197.51 0.477073 -0.11376 -0.87147 143.578 0 0 0 1 
Seq_Frame0104_DriverToReference-SequenceTransformStatus = OK
Seq_Frame0104_Timestamp = 13.246
Seq_Frame0105_DriverToReference-SequenceTransform =-0.822293 -0.198884 -0.533179 97.6061 -0.0775032 0.967349 -0.241307 194.88 0.563762 -0.157102 -0.810858 138.854 0 0 0 1 
Seq_Frame0105_DriverToReference-SequenceTransformStatus = OK
Seq_Frame0105_Timestamp = 13.351
Seq_Frame0106_DriverToReference-SequenceTransform =-0.800734 -0.185026 -0.569728 94.3177 -0.0499745 0.968419 -0.244269 189.721 0.596931 -0.167122 -0.784693 139.077 0 0 0 1 
Seq_Frame0106_DriverToReference-SequenceTransformStatus = OK
Seq_Frame0106_Timestamp = 13.457
Seq_Frame0107_DriverToReference-SequenceTransform =-0.797569 -0.199809 -0.569175 93.3441 -0.0590589 0.964881 -0.255964 183.96 0.600329 -0.170534 -0.781359 140.443 0 0 0 1 
Seq_Frame0107_DriverToReference-SequenceTransformStatus = OK
Seq_Frame0107_Timestamp = 13.57
Seq_Frame0108_DriverToReference-SequenceTransform =-0.822029 -0.208 -0.530099 92.5236 -0.0798455 0.963808 -0.254361 182.678 0.563821 -0.166766 -0.808885 139.729 0 0 0 1 
Seq_Frame0108_DriverToReference-SequenceTransformStatus = OK
Seq_Frame0108_Timestamp = 13.687
Seq_Frame0109_DriverToReference-SequenceTransform =-0.816376 -0.220405 -0.533809 91.8728 -0.0939962 0.962695 -0.253737 184.251 0.56982 -0.156968 -0.806639 142.258 0 0 0 1 
Seq_Frame0109_DriverToReference-SequenceTransformStatus = OK
Seq_Frame0109_Timestamp = 13.794
Seq_Frame0110_DriverToReference-SequenceTransform =-0.808889 -0.237826 -0.537715 91.2999 -0.122606 0.962665 -0.241339 182.882 0.575036 -0.129289 -0.807848 142.896 0 0 0 1 
Seq_Frame0110_DriverToReference-SequenceTransformStatus = OK
Seq_Frame0110_Timestamp = 13.902
Seq_Frame0111_DriverToReference-SequenceTransform =-0.779212 -0.281254 -0.560111 89.1435 -0.177897 0.956155 -0.232639 183.336 0.600984 -0.0816329 -0.795082 146.288 0 0 0 1 
Seq_Frame0111_DriverToReference-SequenceTransformStatus = OK
Seq_Frame0111_Timestamp = 14.011
Seq_Frame0112_DriverToReference-SequenceTransform =-0.784568 -0.28947 -0.548325 89.3493 -0.198358 0.955037 -0.22036 184.934 0.587458 -0.0641226 -0.80671 147.954 0 0 0 1 
Seq_Frame0112_DriverToReference-SequenceTransformStatus = OK
Seq_Frame0112_Timestamp = 14.115
Seq_Frame0113_DriverToReference-SequenceTransform =-0.737922 -0.301386 -0.603852 88.9665 -0.23011 0.953491 -0.194692 186.297 0.634445 -0.00471521 -0.772954 151.886 0 0 0 1 
Seq_Frame0113_DriverToReference-SequenceTransformStatus = OK
Seq_Frame0113_Timestamp = 14.225
Seq_Frame0114_DriverToReference-SequenceTransform =-0.674325 -0.349459 -0.650511 87.9764 -0.289899 0.935489 -0.202039 190.55 0.67915 0.0523429 -0.732131 155.791 0 0 0 1 
Seq_Frame0114_DriverToReference-SequenceTransformStatus = OK
Seq_Frame0114_Timestamp = 14.331
Seq_Frame0115_DriverToReference-SequenceTransform =-0.564969 -0.353503 -0.74555 86.4525 -0.348397 0.921279 -0.172813 196.979 0.74795 0.162113 -0.643654 163.472 0 0 0 1 
Seq_Frame0115_DriverToReference-SequenceTransformStatus = OK
Seq_Frame0115_Timestamp = 14.442
Seq_Frame0116_DriverToReference-SequenceTransform =-0.319334 -0.413675 -0.852583 89.7497 -0.365427 0.883861 -0.291981 203.813 0.874351 0.218317 -0.433415 172.67 0 0 0 1 
Seq_Frame0116_DriverToReference-SequenceTransformStatus = OK
Seq_Frame0116_Timestamp = 14.548
Seq_Frame0117_DriverToReference-SequenceTransform =-0.293122 -0.424652 -0.856592 90.7774 -0.359123 0.879243 -0.312991 205.146 0.886064 0.215878 -0.410228 174.412 0 0 0 1 
Seq_Frame0117_DriverToReference-SequenceTransformStatus = OK
Seq_Frame0117_Timestamp = 14.652
Seq_Frame0118_DriverToReference-SequenceTransform =-0.293122 -0.424652 -0.856592 90.7774 -0.359123 0.879243 -0.312991 205.146 0.886064 0.215878 -0.410228 174.412 0 0 0 1 
Seq_Frame0118_DriverToReference-SequenceTransformStatus = OK
Seq_Frame0118_Timestamp = 14.76
Seq_Frame0119_DriverToReference-SequenceTransform =0.388155 -0.243202 0.888925 74.602 -0.823953 0.340504 0.452944 215.713 -0.41284 -0.908245 -0.0682188 209.985 0 0 0 1 
Seq_Frame0119_DriverToReference-SequenceTransformStatus = OK
Seq_Frame0119_Timestamp = 14.879
Seq_Frame0120_DriverToReference-SequenceTransform =0.379335 -0.292464 0.877821 70.5184 -0.810272 0.353056 0.467773 213.902 -0.446727 -0.888716 -0.103049 220.661 0 0 0 1 
Seq_Frame0120_DriverToReference-SequenceTransformStatus = OK
Seq_Frame0120_Timestamp = 15.017
Seq_Frame0121_DriverToReference-SequenceTransform =0.379335 -0.292464 0.877821 70.5184 -0.810272 0.353056 0.467773 213.902 -0.446727 -0.888716 -0.103049 220.661 0 0 0 1 
Seq_Frame0121_DriverToReference-SequenceTransformStatus = OK
Seq_Frame0121_Timestamp = 24.411
Seq_Frame0122_DriverToReference-SequenceTransform =0.379335 -0.292464 0.877821 70.5184 -0.810272 0.353056 0.467773 213.902 -0.446727 -0.888716 -0.103049 220.661 0 0 0 1 
Seq_Frame0122_DriverToReference-SequenceTransformStatus = OK
Seq_Frame0122_Timestamp = 24.518
Seq_Frame0123_DriverToReference-SequenceTransform =0.379335 -0.292464 0.877821 70.5184 -0.810272 0.353056 0.467773 213.902 -0.446727 -0.888716 -0.103049 220.661 0 0 0 1 
Seq_Frame0123_DriverToReference-SequenceTransformStatus = OK
Seq_Frame0123_Timestamp = 24.627
Seq_Frame0124_DriverToReference-SequenceTransform =0.379335 -0.292464 0.877821 70.5184 -0.810272 0.353056 0.467773 213.902 -0.446727 -0.888716 -0.103049 220.661 0 0 0 1 
Seq_Frame0124_DriverToReference-SequenceTransformStatus = OK
Seq_Frame0124_Timestamp = 24.867
Seq_Frame0125_DriverToReference-SequenceTransform =0.379335 -0.292464 0.877821 70.5184 -0.810272 0.353056 0.467773 213.902 -0.446727 -0.888716 -0.103049 220.661 0 0 0 1 
Seq_Frame0125_DriverToReference-SequenceTransformStatus = OK
Seq_Frame0125_Timestamp = 24.977
Seq_Frame0126_DriverToReference-SequenceTransform =0.379335 -0.292464 0.877821 70.5184 -0.810272 0.353056 0.467773 213.902 -0.446727 -0.888716 -0.103049 220.661 0 0 0 1 
Seq_Frame0126_DriverToReference-SequenceTransformStatus = OK
Seq_Frame0126_Timestamp = 25.082
Seq_Frame0127_DriverToReference-SequenceTransform =0.379335 -0.292464 0.877821 70.5184 -0.810272 0.353056 0.467773 213.902 -0.446727 -0.888716 -0.103049 220.661 0 0 0 1 
Seq_Frame0127_DriverToReference-SequenceTransformStatus = OK
Seq_Frame0127_Timestamp = 25.192
Seq_Frame0128_DriverToReference-SequenceTransform =0.379335 -0.292464 0.877821 70.5184 -0.810272 0.353056 0.467773 213.902 -0.446727 -0.888716 -0.103049 220.661 0 0 0 1 
Seq_Frame0128_DriverToReference-SequenceTransformStatus = OK
Seq_Frame0128_Timestamp = 25.297
Seq_Frame0129_DriverToReference-SequenceTransform =0.379335 -0.292464 0.877821 70.5184 -0.810272 0.353056 0.467773 213.902 -0.446727 -0.888716 -0.103049 220.661 0 0 0 1 
Seq_Frame0129_DriverToReference-SequenceTransformStatus = OK
Seq_Frame0129_Timestamp = 25.408
Seq_Frame0130_DriverToReference-SequenceTransform =0.379335 -0.292464 0.877821 70.5184 -0.810272 0.353056 0.467773 213.902 -0.446727 -0.888716 -0.103049 220.661 0 0 0 1 
Seq_Frame0130_DriverToReference-SequenceTransformStatus = OK
Seq_Frame0130_Timestamp = 25.512
Seq_Frame0131_DriverToReference-SequenceTransform =0.379335 -0.292464 0.877821 70.5184 -0.810272 0.353056 0.467773 213.902 -0.446727 -0.888716 -0.103049 220.661 0 0 0 1 
Seq_Frame0131_DriverToReference-SequenceTransformStatus = OK
Seq_Frame0131_Timestamp = 25.621
Seq_Frame0132_DriverToReference-SequenceTransform =0.48036 0.636276 0.603661 72.8268 -0.832075 0.548223 0.0842764 210.584 -0.277318 -0.542774 0.792775 215.587 0 0 0 1 
Seq_Frame0132_DriverToReference-SequenceTransformStatus = OK
Seq_Frame0132_Timestamp = 25.724
Seq_Frame0133_DriverToReference-SequenceTransform =0.466395 0.658266 0.590899 73.2556 -0.82912 0.558114 0.0326784 211.206 -0.308278 -0.505167 0.806084 216.3 0 0 0 1 
Seq_Frame0133_DriverToReference-SequenceTransformStatus = OK
Seq_Frame0133_Timestamp = 25.83
Seq_Frame0134_DriverToReference-SequenceTransform =0.475694 0.658108 0.583617 73.4528 -0.831099 0.553577 0.053178 211.605 -0.28808 -0.51034 0.810286 216.402 0 0 0 1 
Seq_Frame0134_DriverToReference-SequenceTransformStatus = OK
Seq_Frame0134_Timestamp = 25.94
Seq_Frame0135_DriverToReference-SequenceTransform =0.487517 0.655427 0.576839 73.5711 -0.830857 0.551301 0.0757915 211.811 -0.268336 -0.51622 0.813334 216.144 0 0 0 1 
Seq_Frame0135_DriverToReference-SequenceTransformStatus = OK
Seq_Frame0135_Timestamp = 26.044
Seq_Frame0136_DriverToReference-SequenceTransform =0.503505 0.655146 0.563264 73.7807 -0.827138 0.553887 0.0951435 212.173 -0.249652 -0.513802 0.820781 215.482 0 0 0 1 
Seq_Frame0136_DriverToReference-SequenceTransformStatus = OK
Seq_Frame0136_Timestamp = 26.155
Seq_Frame0137_DriverToReference-SequenceTransform =0.496941 0.652047 0.572612 74.0397 -0.831555 0.546481 0.0993718 211.962 -0.248127 -0.52554 0.813782 215.825 0 0 0 1 
Seq_Frame0137_DriverToReference-SequenceTransformStatus = OK
Seq_Frame0137_Timestamp = 26.261
Seq_Frame0138_DriverToReference-SequenceTransform =0.50315 0.658102 0.560127 73.9157 -0.826549 0.55569 0.0895828 211.896 -0.252302 -0.508046 0.823549 215.871 0 0 0 1 
Seq_Frame0138_DriverToReference-SequenceTransformStatus = OK
Seq_Frame0138_Timestamp = 26.386
Seq_Frame0139_DriverToReference-SequenceTransform =0.513762 0.658508 0.549924 73.9388 -0.822007 0.561373 0.0957367 211.908 -0.245669 -0.501227 0.82971 215.524 0 0 0 1 
Seq_Frame0139_DriverToReference-SequenceTransformStatus = OK
Seq_Frame0139_Timestamp = 26.49
Seq_Frame0140_DriverToReference-SequenceTransform =0.510869 0.659492 0.551438 73.8949 -0.823209 0.560105 0.0927893 211.85 -0.247669 -0.501351 0.82904 215.43 0 0 0 1 
Seq_Frame0140_DriverToReference-SequenceTransformStatus = OK
Seq_Frame0140_Timestamp = 26.597
Seq_Frame0141_DriverToReference-SequenceTransform =0.499202 0.663344 0.557469 74.2578 -0.826995 0.556765 0.0780498 211.64 -0.258605 -0.499987 0.826521 215.591 0 0 0 1 
Seq_Frame0141_DriverToReference-SequenceTransformStatus = OK
Seq_Frame0141_Timestamp = 26.703
Seq_Frame0142_DriverToReference-SequenceTransform =0.486344 0.665493 0.566205 74.5511 -0.830418 0.553613 0.0625981 211.576 -0.2718 -0.500631 0.821884 216.048 0 0 0 1 
Seq_Frame0142_DriverToReference-SequenceTransformStatus = OK
Seq_Frame0142_Timestamp = 26.811
Seq_Frame0143_DriverToReference-SequenceTransform =0.485374 0.670791 0.560759 74.67 -0.830911 0.553463 0.0571452 211.333 -0.272027 -0.493678 0.826004 215.989 0 0 0 1 
Seq_Frame0143_DriverToReference-SequenceTransformStatus = OK
Seq_Frame0143_Timestamp = 26.919
Seq_Frame0144_DriverToReference-SequenceTransform =0.485068 0.671267 0.560455 74.68 -0.830796 0.553775 0.055778 211.206 -0.272924 -0.49268 0.826305 216.072 0 0 0 1 
Seq_Frame0144_DriverToReference-SequenceTransformStatus = OK
Seq_Frame0144_Timestamp = 27.025
Seq_Frame0145_DriverToReference-SequenceTransform =0.478805 0.664657 0.573566 74.6367 -0.834963 0.54662 0.0635843 211.168 -0.271261 -0.509351 0.816688 216.788 0 0 0 1 
Seq_Frame0145_DriverToReference-SequenceTransformStatus = OK
Seq_Frame0145_Timestamp = 27.136
Seq_Frame0146_DriverToReference-SequenceTransform =0.47723 0.668886 0.56995 74.6329 -0.834177 0.548807 0.0543996 211.119 -0.276406 -0.5014 0.819877 216.743 0 0 0 1 
Seq_Frame0146_DriverToReference-SequenceTransformStatus = OK
Seq_Frame0146_Timestamp = 27.241
Seq_Frame0147_DriverToReference-SequenceTransform =0.48257 0.666799 0.567895 74.5495 -0.832865 0.549999 0.0619428 211.258 -0.271039 -0.502872 0.820767 216.683 0 0 0 1 
Seq_Frame0147_DriverToReference-SequenceTransformStatus = OK
Seq_Frame0147_Timestamp = 27.346
Seq_Frame0148_DriverToReference-SequenceTransform =0.491897 0.675074 0.549829 74.4005 -0.827278 0.559242 0.0534825 211.407 -0.271383 -0.481169 0.833563 216.398 0 0 0 1 
Seq_Frame0148_DriverToReference-SequenceTransformStatus = OK
Seq_Frame0148_Timestamp = 27.458
Seq_Frame0149_DriverToReference-SequenceTransform =0.492406 0.675223 0.54919 74.343 -0.827393 0.558963 0.0546051 211.403 -0.270106 -0.481284 0.833912 216.488 0 0 0 1 
Seq_Frame0149_DriverToReference-SequenceTransformStatus = OK
Seq_Frame0149_Timestamp = 27.561
Seq_Frame0150_DriverToReference-SequenceTransform =0.491139 0.674046 0.551765 74.3923 -0.827334 0.559172 0.0533346 211.344 -0.272581 -0.482689 0.832293 216.515 0 0 0 1 
Seq_Frame0150_DriverToReference-SequenceTransformStatus = OK
Seq_Frame0150_Timestamp = 27.67
