ObjectType = Image
NDims = 3
AnatomicalOrientation = RAI
BinaryData = True
CompressedData = False
DimSize = 0 0 2894
ElementSpacing = 1 1 1
Offset = 0 0 0
TransformMatrix = 1 0 0 0 1 0 0 0 1
ElementType = MET_UCHAR
Kinds = domain domain list
Seq_Frame0000_ForcepToReference-SequenceTransform =0.208048 0.942433 0.261795 48.6184 -0.893131 0.292165 -0.341989 -5.77616 -0.398789 -0.162667 0.9025 -8.3431 0 0 0 1 
Seq_Frame0000_ForcepToReference-SequenceTransformStatus = OK
Seq_Frame0000_Timestamp = 0.00200009
Seq_Frame0001_ForcepToReference-SequenceTransform =0.208259 0.942712 0.260619 48.6302 -0.893062 0.291939 -0.342362 -5.77725 -0.398834 -0.161449 0.902699 -8.35194 0 0 0 1 
Seq_Frame0001_ForcepToReference-SequenceTransformStatus = OK
Seq_Frame0001_Timestamp = 0.108
Seq_Frame0002_ForcepToReference-SequenceTransform =0.208297 0.942163 0.262568 48.6212 -0.892537 0.292892 -0.342918 -5.77725 -0.399988 -0.162923 0.901923 -8.28721 0 0 0 1 
Seq_Frame0002_ForcepToReference-SequenceTransformStatus = OK
Seq_Frame0002_Timestamp = 0.215
Seq_Frame0003_ForcepToReference-SequenceTransform =0.208287 0.941865 0.263643 48.6133 -0.892928 0.293114 -0.341706 -5.76007 -0.399118 -0.164241 0.90207 -8.35573 0 0 0 1 
Seq_Frame0003_ForcepToReference-SequenceTransformStatus = OK
Seq_Frame0003_Timestamp = 0.318
Seq_Frame0004_ForcepToReference-SequenceTransform =0.208209 0.942756 0.260498 48.6195 -0.893284 0.291764 -0.341932 -5.78699 -0.398362 -0.161506 0.902897 -8.31143 0 0 0 1 
Seq_Frame0004_ForcepToReference-SequenceTransformStatus = OK
Seq_Frame0004_Timestamp = 0.424
Seq_Frame0005_ForcepToReference-SequenceTransform =0.208185 0.942424 0.261718 48.6214 -0.892557 0.292483 -0.343214 -5.77897 -0.400001 -0.162146 0.902058 -8.32483 0 0 0 1 
Seq_Frame0005_ForcepToReference-SequenceTransformStatus = OK
Seq_Frame0005_Timestamp = 0.528
Seq_Frame0006_ForcepToReference-SequenceTransform =0.208635 0.94228 0.261879 48.6231 -0.892903 0.29277 -0.342067 -5.75773 -0.398993 -0.162465 0.902447 -8.374 0 0 0 1 
Seq_Frame0006_ForcepToReference-SequenceTransformStatus = OK
Seq_Frame0006_Timestamp = 0.638
Seq_Frame0007_ForcepToReference-SequenceTransform =0.208482 0.942448 0.261393 48.6323 -0.892842 0.292492 -0.342465 -5.77433 -0.399211 -0.161985 0.902436 -8.34722 0 0 0 1 
Seq_Frame0007_ForcepToReference-SequenceTransformStatus = OK
Seq_Frame0007_Timestamp = 0.739
Seq_Frame0008_ForcepToReference-SequenceTransform =0.207901 0.942617 0.261249 48.6086 -0.892322 0.292173 -0.344087 -5.79292 -0.400672 -0.161582 0.901861 -8.31331 0 0 0 1 
Seq_Frame0008_ForcepToReference-SequenceTransformStatus = OK
Seq_Frame0008_Timestamp = 0.843
Seq_Frame0009_ForcepToReference-SequenceTransform =0.208255 0.943022 0.259497 48.6504 -0.892597 0.291714 -0.343763 -5.80314 -0.399875 -0.160036 0.90249 -8.26371 0 0 0 1 
Seq_Frame0009_ForcepToReference-SequenceTransformStatus = OK
Seq_Frame0009_Timestamp = 0.953
Seq_Frame0010_ForcepToReference-SequenceTransform =0.208188 0.942092 0.262908 48.6197 -0.892601 0.2929 -0.342743 -5.73755 -0.399901 -0.163317 0.901891 -8.5143 0 0 0 1 
Seq_Frame0010_ForcepToReference-SequenceTransformStatus = OK
Seq_Frame0010_Timestamp = 1.075
Seq_Frame0011_ForcepToReference-SequenceTransform =0.207979 0.942357 0.262121 48.6279 -0.892243 0.292587 -0.343941 -5.81588 -0.400809 -0.162343 0.901664 -8.30838 0 0 0 1 
Seq_Frame0011_ForcepToReference-SequenceTransformStatus = OK
Seq_Frame0011_Timestamp = 1.178
Seq_Frame0012_ForcepToReference-SequenceTransform =0.208415 0.941282 0.265614 48.5882 -0.890978 0.294738 -0.34538 -5.7479 -0.403387 -0.164674 0.90009 -8.56579 0 0 0 1 
Seq_Frame0012_ForcepToReference-SequenceTransformStatus = OK
Seq_Frame0012_Timestamp = 1.278
Seq_Frame0013_ForcepToReference-SequenceTransform =0.20787 0.942412 0.26201 48.6408 -0.89196 0.292572 -0.344686 -5.8056 -0.401493 -0.162053 0.901411 -8.40049 0 0 0 1 
Seq_Frame0013_ForcepToReference-SequenceTransformStatus = OK
Seq_Frame0013_Timestamp = 1.386
Seq_Frame0014_ForcepToReference-SequenceTransform =0.208539 0.942169 0.262354 48.6412 -0.891029 0.293622 -0.3462 -5.77481 -0.403212 -0.161569 0.900731 -8.45189 0 0 0 1 
Seq_Frame0014_ForcepToReference-SequenceTransformStatus = OK
Seq_Frame0014_Timestamp = 1.494
Seq_Frame0015_ForcepToReference-SequenceTransform =0.208403 0.942358 0.261783 48.6265 -0.892094 0.292872 -0.344084 -5.77292 -0.400919 -0.161827 0.901707 -8.48396 0 0 0 1 
Seq_Frame0015_ForcepToReference-SequenceTransformStatus = OK
Seq_Frame0015_Timestamp = 1.603
Seq_Frame0016_ForcepToReference-SequenceTransform =0.208396 0.941924 0.263343 48.6082 -0.892379 0.29332 -0.342961 -5.75721 -0.400287 -0.16353 0.901681 -8.51196 0 0 0 1 
Seq_Frame0016_ForcepToReference-SequenceTransformStatus = OK
Seq_Frame0016_Timestamp = 1.711
Seq_Frame0017_ForcepToReference-SequenceTransform =0.208446 0.941941 0.263243 48.6066 -0.892724 0.293183 -0.342181 -5.77197 -0.399493 -0.163677 0.902006 -8.43418 0 0 0 1 
Seq_Frame0017_ForcepToReference-SequenceTransformStatus = OK
Seq_Frame0017_Timestamp = 1.813
Seq_Frame0018_ForcepToReference-SequenceTransform =0.207044 0.943415 0.259038 48.626 -0.89453 0.289771 -0.340365 -5.84905 -0.396167 -0.161247 0.903909 -8.27388 0 0 0 1 
Seq_Frame0018_ForcepToReference-SequenceTransformStatus = OK
Seq_Frame0018_Timestamp = 1.918
Seq_Frame0019_ForcepToReference-SequenceTransform =0.207061 0.943521 0.258637 48.6459 -0.894782 0.289538 -0.339902 -5.86406 -0.39559 -0.161044 0.904198 -8.19115 0 0 0 1 
Seq_Frame0019_ForcepToReference-SequenceTransformStatus = OK
Seq_Frame0019_Timestamp = 2.018
Seq_Frame0020_ForcepToReference-SequenceTransform =0.207232 0.943082 0.260099 48.6219 -0.894631 0.290267 -0.339677 -5.81758 -0.395841 -0.162301 0.903863 -8.26866 0 0 0 1 
Seq_Frame0020_ForcepToReference-SequenceTransformStatus = OK
Seq_Frame0020_Timestamp = 2.119
Seq_Frame0021_ForcepToReference-SequenceTransform =0.20714 0.943458 0.258806 48.6325 -0.894188 0.289906 -0.34115 -5.8347 -0.39689 -0.160755 0.903679 -8.24562 0 0 0 1 
Seq_Frame0021_ForcepToReference-SequenceTransformStatus = OK
Seq_Frame0021_Timestamp = 2.224
Seq_Frame0022_ForcepToReference-SequenceTransform =0.207451 0.943178 0.259575 48.6304 -0.893395 0.290761 -0.342496 -5.83647 -0.398509 -0.160852 0.902949 -8.21126 0 0 0 1 
Seq_Frame0022_ForcepToReference-SequenceTransformStatus = OK
Seq_Frame0022_Timestamp = 2.333
Seq_Frame0023_ForcepToReference-SequenceTransform =0.207102 0.943219 0.259703 48.6365 -0.894162 0.290209 -0.340958 -5.81256 -0.396967 -0.161604 0.903494 -8.28634 0 0 0 1 
Seq_Frame0023_ForcepToReference-SequenceTransformStatus = OK
Seq_Frame0023_Timestamp = 2.443
Seq_Frame0024_ForcepToReference-SequenceTransform =0.207236 0.943298 0.259309 48.6326 -0.894489 0.290044 -0.34024 -5.83464 -0.396159 -0.161439 0.903878 -8.26777 0 0 0 1 
Seq_Frame0024_ForcepToReference-SequenceTransformStatus = OK
Seq_Frame0024_Timestamp = 2.548
Seq_Frame0025_ForcepToReference-SequenceTransform =0.207362 0.943112 0.259885 48.6304 -0.893248 0.290859 -0.342795 -5.82676 -0.398885 -0.161059 0.902746 -8.20563 0 0 0 1 
Seq_Frame0025_ForcepToReference-SequenceTransformStatus = OK
Seq_Frame0025_Timestamp = 2.659
Seq_Frame0026_ForcepToReference-SequenceTransform =0.207862 0.943099 0.259536 48.6297 -0.89281 0.291319 -0.343544 -5.80868 -0.399604 -0.160306 0.902562 -8.25664 0 0 0 1 
Seq_Frame0026_ForcepToReference-SequenceTransformStatus = OK
Seq_Frame0026_Timestamp = 2.768
Seq_Frame0027_ForcepToReference-SequenceTransform =0.207764 0.942899 0.260336 48.6337 -0.892285 0.291742 -0.34455 -5.80435 -0.400827 -0.160709 0.901948 -8.28043 0 0 0 1 
Seq_Frame0027_ForcepToReference-SequenceTransformStatus = OK
Seq_Frame0027_Timestamp = 2.869
Seq_Frame0028_ForcepToReference-SequenceTransform =0.207653 0.942873 0.260522 48.624 -0.892748 0.291532 -0.343525 -5.79646 -0.399851 -0.161247 0.902285 -8.30077 0 0 0 1 
Seq_Frame0028_ForcepToReference-SequenceTransformStatus = OK
Seq_Frame0028_Timestamp = 2.978
Seq_Frame0029_ForcepToReference-SequenceTransform =0.20757 0.94276 0.260995 48.6145 -0.892584 0.291703 -0.343806 -5.79808 -0.40026 -0.161596 0.902042 -8.34611 0 0 0 1 
Seq_Frame0029_ForcepToReference-SequenceTransformStatus = OK
Seq_Frame0029_Timestamp = 3.083
Seq_Frame0030_ForcepToReference-SequenceTransform =0.207329 0.942997 0.26033 48.6187 -0.892658 0.291232 -0.344014 -5.81081 -0.40022 -0.161062 0.902155 -8.29748 0 0 0 1 
Seq_Frame0030_ForcepToReference-SequenceTransformStatus = OK
Seq_Frame0030_Timestamp = 3.184
Seq_Frame0031_ForcepToReference-SequenceTransform =0.2072 0.94304 0.260275 48.6225 -0.892904 0.291007 -0.343566 -5.8142 -0.399739 -0.161214 0.902341 -8.30055 0 0 0 1 
Seq_Frame0031_ForcepToReference-SequenceTransformStatus = OK
Seq_Frame0031_Timestamp = 3.284
Seq_Frame0032_ForcepToReference-SequenceTransform =0.207946 0.942234 0.26259 48.6079 -0.892313 0.292703 -0.343661 -5.78099 -0.40067 -0.16285 0.901634 -8.35209 0 0 0 1 
Seq_Frame0032_ForcepToReference-SequenceTransformStatus = OK
Seq_Frame0032_Timestamp = 3.391
Seq_Frame0033_ForcepToReference-SequenceTransform =0.207806 0.94274 0.260879 48.6164 -0.893121 0.291638 -0.342466 -5.80482 -0.398939 -0.16183 0.902585 -8.31583 0 0 0 1 
Seq_Frame0033_ForcepToReference-SequenceTransformStatus = OK
Seq_Frame0033_Timestamp = 3.493
Seq_Frame0034_ForcepToReference-SequenceTransform =0.207535 0.943027 0.260054 48.6164 -0.893337 0.291028 -0.342421 -5.81487 -0.398596 -0.161252 0.90284 -8.32879 0 0 0 1 
Seq_Frame0034_ForcepToReference-SequenceTransformStatus = OK
Seq_Frame0034_Timestamp = 3.593
Seq_Frame0035_ForcepToReference-SequenceTransform =0.207932 0.942327 0.262268 48.6232 -0.891917 0.292735 -0.344661 -5.7936 -0.401558 -0.162255 0.901346 -8.28838 0 0 0 1 
Seq_Frame0035_ForcepToReference-SequenceTransformStatus = OK
Seq_Frame0035_Timestamp = 3.703
Seq_Frame0036_ForcepToReference-SequenceTransform =0.207588 0.942738 0.261059 48.6307 -0.892282 0.291863 -0.344456 -5.80251 -0.400925 -0.161434 0.901775 -8.29242 0 0 0 1 
Seq_Frame0036_ForcepToReference-SequenceTransformStatus = OK
Seq_Frame0036_Timestamp = 3.809
Seq_Frame0037_ForcepToReference-SequenceTransform =0.207822 0.942839 0.260509 48.6196 -0.892592 0.291729 -0.343763 -5.78673 -0.400111 -0.161086 0.902198 -8.32399 0 0 0 1 
Seq_Frame0037_ForcepToReference-SequenceTransformStatus = OK
Seq_Frame0037_Timestamp = 3.918
Seq_Frame0038_ForcepToReference-SequenceTransform =0.208204 0.942784 0.260401 48.6235 -0.89314 0.291783 -0.342291 -5.77821 -0.398687 -0.161308 0.902789 -8.3781 0 0 0 1 
Seq_Frame0038_ForcepToReference-SequenceTransformStatus = OK
Seq_Frame0038_Timestamp = 4.029
Seq_Frame0039_ForcepToReference-SequenceTransform =0.208648 0.942573 0.26081 48.6153 -0.894164 0.291879 -0.339526 -5.77305 -0.396153 -0.162365 0.903715 -8.38051 0 0 0 1 
Seq_Frame0039_ForcepToReference-SequenceTransformStatus = OK
Seq_Frame0039_Timestamp = 4.133
Seq_Frame0040_ForcepToReference-SequenceTransform =0.208694 0.942261 0.2619 48.6168 -0.893592 0.292544 -0.340456 -5.77261 -0.397416 -0.16298 0.903049 -8.30695 0 0 0 1 
Seq_Frame0040_ForcepToReference-SequenceTransformStatus = OK
Seq_Frame0040_Timestamp = 4.234
Seq_Frame0041_ForcepToReference-SequenceTransform =0.208174 0.942161 0.262672 48.6351 -0.892629 0.292791 -0.342764 -5.78129 -0.399847 -0.163114 0.901951 -8.24271 0 0 0 1 
Seq_Frame0041_ForcepToReference-SequenceTransformStatus = OK
Seq_Frame0041_Timestamp = 4.334
Seq_Frame0042_ForcepToReference-SequenceTransform =0.208293 0.942463 0.26149 48.6304 -0.892817 0.292383 -0.342623 -5.7841 -0.399365 -0.162096 0.902348 -8.28757 0 0 0 1 
Seq_Frame0042_ForcepToReference-SequenceTransformStatus = OK
Seq_Frame0042_Timestamp = 4.443
Seq_Frame0043_ForcepToReference-SequenceTransform =0.208307 0.942185 0.262481 48.6171 -0.893462 0.29249 -0.340845 -5.77398 -0.397912 -0.163517 0.902734 -8.32521 0 0 0 1 
Seq_Frame0043_ForcepToReference-SequenceTransformStatus = OK
Seq_Frame0043_Timestamp = 4.557
Seq_Frame0044_ForcepToReference-SequenceTransform =0.208283 0.942465 0.261492 48.6256 -0.893502 0.292096 -0.341078 -5.78073 -0.397835 -0.162603 0.902933 -8.34377 0 0 0 1 
Seq_Frame0044_ForcepToReference-SequenceTransformStatus = OK
Seq_Frame0044_Timestamp = 4.665
Seq_Frame0045_ForcepToReference-SequenceTransform =0.206363 0.943478 0.259353 48.6181 -0.891547 0.290522 -0.347478 -5.87215 -0.403186 -0.159519 0.901108 -8.18972 0 0 0 1 
Seq_Frame0045_ForcepToReference-SequenceTransformStatus = OK
Seq_Frame0045_Timestamp = 4.767
Seq_Frame0046_ForcepToReference-SequenceTransform =0.207746 0.942406 0.262129 48.6402 -0.892102 0.292456 -0.344417 -5.80997 -0.401242 -0.162295 0.901479 -8.24026 0 0 0 1 
Seq_Frame0046_ForcepToReference-SequenceTransformStatus = OK
Seq_Frame0046_Timestamp = 4.868
Seq_Frame0047_ForcepToReference-SequenceTransform =0.207734 0.942186 0.262931 48.6366 -0.892531 0.292564 -0.343213 -5.80517 -0.400295 -0.163377 0.901705 -8.2487 0 0 0 1 
Seq_Frame0047_ForcepToReference-SequenceTransformStatus = OK
Seq_Frame0047_Timestamp = 4.973
Seq_Frame0048_ForcepToReference-SequenceTransform =0.207345 0.94313 0.259836 48.6172 -0.892878 0.290977 -0.343659 -5.81102 -0.399722 -0.160745 0.902432 -8.34371 0 0 0 1 
Seq_Frame0048_ForcepToReference-SequenceTransformStatus = OK
Seq_Frame0048_Timestamp = 5.073
Seq_Frame0049_ForcepToReference-SequenceTransform =0.208312 0.94236 0.261845 48.6319 -0.892717 0.292568 -0.342725 -5.78507 -0.399578 -0.16236 0.902207 -8.28365 0 0 0 1 
Seq_Frame0049_ForcepToReference-SequenceTransformStatus = OK
Seq_Frame0049_Timestamp = 5.174
Seq_Frame0050_ForcepToReference-SequenceTransform =0.208772 0.942135 0.262291 48.6203 -0.89336 0.292845 -0.340808 -5.75715 -0.397897 -0.163169 0.902803 -8.34712 0 0 0 1 
Seq_Frame0050_ForcepToReference-SequenceTransformStatus = OK
Seq_Frame0050_Timestamp = 5.274
Seq_Frame0051_ForcepToReference-SequenceTransform =0.208442 0.942317 0.2619 48.6247 -0.89301 0.292575 -0.341954 -5.7685 -0.398855 -0.162601 0.902483 -8.35073 0 0 0 1 
Seq_Frame0051_ForcepToReference-SequenceTransformStatus = OK
Seq_Frame0051_Timestamp = 5.375
Seq_Frame0052_ForcepToReference-SequenceTransform =0.208439 0.942705 0.2605 48.6239 -0.893657 0.291803 -0.340923 -5.77214 -0.397405 -0.161736 0.903278 -8.3476 0 0 0 1 
Seq_Frame0052_ForcepToReference-SequenceTransformStatus = OK
Seq_Frame0052_Timestamp = 5.478
Seq_Frame0053_ForcepToReference-SequenceTransform =0.208731 0.941997 0.262816 48.6117 -0.893439 0.292968 -0.340494 -5.76556 -0.397741 -0.163739 0.902769 -8.32819 0 0 0 1 
Seq_Frame0053_ForcepToReference-SequenceTransformStatus = OK
Seq_Frame0053_Timestamp = 5.583
Seq_Frame0054_ForcepToReference-SequenceTransform =0.2088 0.941392 0.264922 48.5994 -0.892953 0.293988 -0.340889 -5.7501 -0.398794 -0.165385 0.902004 -8.34305 0 0 0 1 
Seq_Frame0054_ForcepToReference-SequenceTransformStatus = OK
Seq_Frame0054_Timestamp = 5.692
Seq_Frame0055_ForcepToReference-SequenceTransform =0.208769 0.942492 0.261007 48.625 -0.893484 0.292328 -0.340925 -5.77859 -0.397619 -0.162031 0.903131 -8.31563 0 0 0 1 
Seq_Frame0055_ForcepToReference-SequenceTransformStatus = OK
Seq_Frame0055_Timestamp = 5.793
Seq_Frame0056_ForcepToReference-SequenceTransform =0.208754 0.942152 0.262245 48.6204 -0.893126 0.292909 -0.341365 -5.77856 -0.398432 -0.162956 0.902606 -8.32021 0 0 0 1 
Seq_Frame0056_ForcepToReference-SequenceTransformStatus = OK
Seq_Frame0056_Timestamp = 5.9
Seq_Frame0057_ForcepToReference-SequenceTransform =0.208604 0.94244 0.261325 48.627 -0.893277 0.292391 -0.341414 -5.76399 -0.398171 -0.162215 0.902854 -8.36615 0 0 0 1 
Seq_Frame0057_ForcepToReference-SequenceTransformStatus = OK
Seq_Frame0057_Timestamp = 6.015
Seq_Frame0058_ForcepToReference-SequenceTransform =0.208857 0.941937 0.262932 48.6218 -0.893299 0.293171 -0.340686 -5.76504 -0.397989 -0.163722 0.902663 -8.33455 0 0 0 1 
Seq_Frame0058_ForcepToReference-SequenceTransformStatus = OK
Seq_Frame0058_Timestamp = 6.116
Seq_Frame0059_ForcepToReference-SequenceTransform =0.208797 0.942537 0.260821 48.6241 -0.893881 0.292121 -0.340062 -5.74425 -0.396712 -0.162139 0.90351 -8.38575 0 0 0 1 
Seq_Frame0059_ForcepToReference-SequenceTransformStatus = OK
Seq_Frame0059_Timestamp = 6.217
Seq_Frame0060_ForcepToReference-SequenceTransform =0.208704 0.942302 0.261744 48.6133 -0.893551 0.292513 -0.340591 -5.75168 -0.397503 -0.162799 0.903044 -8.39668 0 0 0 1 
Seq_Frame0060_ForcepToReference-SequenceTransformStatus = OK
Seq_Frame0060_Timestamp = 6.317
Seq_Frame0061_ForcepToReference-SequenceTransform =0.208123 0.942898 0.260054 48.6313 -0.893216 0.29156 -0.342283 -5.7806 -0.39856 -0.161048 0.902892 -8.3416 0 0 0 1 
Seq_Frame0061_ForcepToReference-SequenceTransformStatus = OK
Seq_Frame0061_Timestamp = 6.418
Seq_Frame0062_ForcepToReference-SequenceTransform =0.207605 0.943174 0.259467 48.6291 -0.892327 0.291276 -0.344834 -5.82052 -0.400815 -0.159941 0.90209 -8.36821 0 0 0 1 
Seq_Frame0062_ForcepToReference-SequenceTransformStatus = OK
Seq_Frame0062_Timestamp = 6.518
Seq_Frame0063_ForcepToReference-SequenceTransform =0.20784 0.942805 0.260616 48.6204 -0.892935 0.291645 -0.342943 -5.81009 -0.399335 -0.161436 0.90248 -8.30287 0 0 0 1 
Seq_Frame0063_ForcepToReference-SequenceTransformStatus = OK
Seq_Frame0063_Timestamp = 6.626
Seq_Frame0064_ForcepToReference-SequenceTransform =0.1995 0.944049 0.262625 48.7444 -0.876535 0.291738 -0.382851 -6.70812 -0.438048 -0.153821 0.885694 -7.19029 0 0 0 1 
Seq_Frame0064_ForcepToReference-SequenceTransformStatus = OK
Seq_Frame0064_Timestamp = 7.693
Seq_Frame0065_ForcepToReference-SequenceTransform =-0.00519006 -0.418831 -0.908049 18.4952 0.775676 -0.57478 0.26068 180.651 -0.631109 -0.703 0.327861 -21.1717 0 0 0 1 
Seq_Frame0065_ForcepToReference-SequenceTransformStatus = OK
Seq_Frame0065_Timestamp = 7.794
Seq_Frame0066_ForcepToReference-SequenceTransform =-0.267499 -0.419976 -0.867217 -12.7275 0.671463 -0.726747 0.144832 192.841 -0.691073 -0.543562 0.476402 -1.62864 0 0 0 1 
Seq_Frame0066_ForcepToReference-SequenceTransformStatus = OK
Seq_Frame0066_Timestamp = 7.899
Seq_Frame0067_ForcepToReference-SequenceTransform =-0.404038 -0.402239 -0.821558 -23.5889 0.588596 -0.801825 0.103108 187.861 -0.70022 -0.441906 0.560724 16.3009 0 0 0 1 
Seq_Frame0067_ForcepToReference-SequenceTransformStatus = OK
Seq_Frame0067_Timestamp = 8.004
Seq_Frame0068_ForcepToReference-SequenceTransform =-0.372087 -0.493413 -0.78619 -23.2061 0.54058 -0.803731 0.248577 167.549 -0.754536 -0.332506 0.565787 40.5009 0 0 0 1 
Seq_Frame0068_ForcepToReference-SequenceTransformStatus = OK
Seq_Frame0068_Timestamp = 8.132
Seq_Frame0069_ForcepToReference-SequenceTransform =-0.291678 -0.579309 -0.761134 -21.4824 0.508015 -0.768051 0.389894 161.834 -0.810459 -0.272944 0.518322 48.1414 0 0 0 1 
Seq_Frame0069_ForcepToReference-SequenceTransformStatus = OK
Seq_Frame0069_Timestamp = 8.233
Seq_Frame0070_ForcepToReference-SequenceTransform =-0.0232855 0.350747 0.936181 -23.8655 -0.818076 0.531572 -0.219505 170.737 -0.574638 -0.770979 0.27456 55.6805 0 0 0 1 
Seq_Frame0070_ForcepToReference-SequenceTransformStatus = OK
Seq_Frame0070_Timestamp = 8.338
Seq_Frame0071_ForcepToReference-SequenceTransform =-0.141403 0.291314 0.946119 -34.4321 -0.67932 0.666637 -0.306789 180.711 -0.72009 -0.686099 0.103631 62.4458 0 0 0 1 
Seq_Frame0071_ForcepToReference-SequenceTransformStatus = OK
Seq_Frame0071_Timestamp = 8.458
Seq_Frame0072_ForcepToReference-SequenceTransform =-0.165419 0.306002 0.93755 -34.9371 -0.568966 0.746882 -0.344158 191.473 -0.805552 -0.590364 0.0505562 74.6944 0 0 0 1 
Seq_Frame0072_ForcepToReference-SequenceTransformStatus = OK
Seq_Frame0072_Timestamp = 8.559
Seq_Frame0073_ForcepToReference-SequenceTransform =-0.253499 0.0881911 0.963307 -44.7041 -0.436443 0.878289 -0.19526 209.764 -0.863282 -0.469926 -0.184155 92.0912 0 0 0 1 
Seq_Frame0073_ForcepToReference-SequenceTransformStatus = OK
Seq_Frame0073_Timestamp = 8.667
Seq_Frame0074_ForcepToReference-SequenceTransform =-0.540302 -0.680433 -0.49506 -42.6782 0.818761 -0.56087 -0.122699 220.611 -0.194176 -0.47163 0.860151 105.822 0 0 0 1 
Seq_Frame0074_ForcepToReference-SequenceTransformStatus = OK
Seq_Frame0074_Timestamp = 8.776
Seq_Frame0075_ForcepToReference-SequenceTransform =-0.548512 -0.680174 -0.486311 -43.1246 0.818101 -0.556737 -0.144064 222.151 -0.172759 -0.476873 0.861828 106.464 0 0 0 1 
Seq_Frame0075_ForcepToReference-SequenceTransformStatus = OK
Seq_Frame0075_Timestamp = 8.903
Seq_Frame0076_ForcepToReference-SequenceTransform =-0.602533 -0.633835 -0.484982 -44.6627 0.764371 -0.633081 -0.122252 218.268 -0.229545 -0.444367 0.865937 115.586 0 0 0 1 
Seq_Frame0076_ForcepToReference-SequenceTransformStatus = OK
Seq_Frame0076_Timestamp = 9.013
Seq_Frame0077_ForcepToReference-SequenceTransform =-0.591478 -0.702947 -0.394993 -46.3673 0.789288 -0.604913 -0.105379 221.762 -0.164861 -0.374092 0.91262 121.487 0 0 0 1 
Seq_Frame0077_ForcepToReference-SequenceTransformStatus = OK
Seq_Frame0077_Timestamp = 9.129
Seq_Frame0078_ForcepToReference-SequenceTransform =-0.58461 -0.70868 -0.394973 -36.9799 0.808236 -0.551086 -0.207506 239.052 -0.070609 -0.440542 0.894951 142.433 0 0 0 1 
Seq_Frame0078_ForcepToReference-SequenceTransformStatus = OK
Seq_Frame0078_Timestamp = 9.235
Seq_Frame0079_ForcepToReference-SequenceTransform =-0.604832 -0.676639 -0.419926 -24.3757 0.796304 -0.519731 -0.309483 251.719 -0.00884063 -0.521574 0.85316 155.078 0 0 0 1 
Seq_Frame0079_ForcepToReference-SequenceTransformStatus = OK
Seq_Frame0079_Timestamp = 9.338
Seq_Frame0080_ForcepToReference-SequenceTransform =-0.644502 -0.58077 -0.497316 -12.8372 0.764358 -0.505838 -0.399857 261.449 -0.0193365 -0.637836 0.76993 167.303 0 0 0 1 
Seq_Frame0080_ForcepToReference-SequenceTransformStatus = OK
Seq_Frame0080_Timestamp = 9.443
Seq_Frame0081_ForcepToReference-SequenceTransform =-0.630497 -0.656864 -0.413525 1.49122 0.771086 -0.469054 -0.430597 266.678 0.0888779 -0.590354 0.802236 176.244 0 0 0 1 
Seq_Frame0081_ForcepToReference-SequenceTransformStatus = OK
Seq_Frame0081_Timestamp = 9.558
Seq_Frame0082_ForcepToReference-SequenceTransform =-0.535309 -0.715041 -0.449624 17.0812 0.844475 -0.464095 -0.267353 253.113 -0.0175001 -0.522812 0.852268 168.251 0 0 0 1 
Seq_Frame0082_ForcepToReference-SequenceTransformStatus = OK
Seq_Frame0082_Timestamp = 9.728
Seq_Frame0083_ForcepToReference-SequenceTransform =-0.535309 -0.715041 -0.449624 17.0812 0.844475 -0.464095 -0.267353 253.113 -0.0175001 -0.522812 0.852268 168.251 0 0 0 1 
Seq_Frame0083_ForcepToReference-SequenceTransformStatus = OK
Seq_Frame0083_Timestamp = 10.433
Seq_Frame0084_ForcepToReference-SequenceTransform =-0.535309 -0.715041 -0.449624 17.0812 0.844475 -0.464095 -0.267353 253.113 -0.0175001 -0.522812 0.852268 168.251 0 0 0 1 
Seq_Frame0084_ForcepToReference-SequenceTransformStatus = OK
Seq_Frame0084_Timestamp = 10.534
Seq_Frame0085_ForcepToReference-SequenceTransform =-0.848888 0.528524 0.00720328 40.6494 0.459362 0.730923 0.504716 259.948 0.26149 0.431756 -0.863255 202.623 0 0 0 1 
Seq_Frame0085_ForcepToReference-SequenceTransformStatus = OK
Seq_Frame0085_Timestamp = 11.073
Seq_Frame0086_ForcepToReference-SequenceTransform =-0.293037 0.124956 0.9479 41.7718 -0.258282 0.944216 -0.204317 263.479 -0.920554 -0.304698 -0.244416 192.145 0 0 0 1 
Seq_Frame0086_ForcepToReference-SequenceTransformStatus = OK
Seq_Frame0086_Timestamp = 11.178
Seq_Frame0087_ForcepToReference-SequenceTransform =-0.575689 0.114723 0.809581 23.5451 -0.323637 0.877281 -0.354453 255.847 -0.750894 -0.466065 -0.467912 166.794 0 0 0 1 
Seq_Frame0087_ForcepToReference-SequenceTransformStatus = OK
Seq_Frame0087_Timestamp = 11.368
Seq_Frame0088_ForcepToReference-SequenceTransform =-0.39665 -0.881317 -0.256806 -8.46776 0.910695 -0.412946 0.0105492 242.133 -0.115344 -0.229687 0.966406 137.472 0 0 0 1 
Seq_Frame0088_ForcepToReference-SequenceTransformStatus = OK
Seq_Frame0088_Timestamp = 11.524
Seq_Frame0089_ForcepToReference-SequenceTransform =-0.345916 -0.925371 -0.155019 -25.5288 0.931456 -0.358555 0.0618682 225.155 -0.112834 -0.122992 0.985972 119.051 0 0 0 1 
Seq_Frame0089_ForcepToReference-SequenceTransformStatus = OK
Seq_Frame0089_Timestamp = 11.63
Seq_Frame0090_ForcepToReference-SequenceTransform =-0.326459 -0.940086 -0.0982963 -37.8265 0.935513 -0.336216 0.108507 214.985 -0.135055 -0.0565344 0.989224 109.576 0 0 0 1 
Seq_Frame0090_ForcepToReference-SequenceTransformStatus = OK
Seq_Frame0090_Timestamp = 11.735
Seq_Frame0091_ForcepToReference-SequenceTransform =-0.319406 -0.940967 -0.11208 -37.565 0.938084 -0.330708 0.103106 215.47 -0.134085 -0.0722076 0.988336 109.857 0 0 0 1 
Seq_Frame0091_ForcepToReference-SequenceTransformStatus = OK
Seq_Frame0091_Timestamp = 11.842
Seq_Frame0092_ForcepToReference-SequenceTransform =-0.316802 -0.941101 -0.118174 -37.6246 0.943087 -0.325824 0.0665239 218.356 -0.10111 -0.0903736 0.990762 111.734 0 0 0 1 
Seq_Frame0092_ForcepToReference-SequenceTransformStatus = OK
Seq_Frame0092_Timestamp = 11.951
Seq_Frame0093_ForcepToReference-SequenceTransform =-0.299074 -0.947276 -0.114992 -35.9994 0.951948 -0.304513 0.0326555 218.847 -0.0659503 -0.0997001 0.99283 112.888 0 0 0 1 
Seq_Frame0093_ForcepToReference-SequenceTransformStatus = OK
Seq_Frame0093_Timestamp = 12.058
Seq_Frame0094_ForcepToReference-SequenceTransform =-0.287091 -0.954418 -0.0816407 -34.5233 0.956672 -0.289998 0.026057 218.62 -0.0485449 -0.0706227 0.996321 112.788 0 0 0 1 
Seq_Frame0094_ForcepToReference-SequenceTransformStatus = OK
Seq_Frame0094_Timestamp = 12.166
Seq_Frame0095_ForcepToReference-SequenceTransform =-0.287045 -0.952118 -0.105244 -33.9891 0.953112 -0.294867 0.0680572 217.526 -0.0958315 -0.0807738 0.992115 112.049 0 0 0 1 
Seq_Frame0095_ForcepToReference-SequenceTransformStatus = OK
Seq_Frame0095_Timestamp = 12.269
Seq_Frame0096_ForcepToReference-SequenceTransform =-0.282613 -0.952195 -0.115992 -34.8744 0.95505 -0.290597 0.0585912 216.522 -0.0894971 -0.0942191 0.991521 110.915 0 0 0 1 
Seq_Frame0096_ForcepToReference-SequenceTransformStatus = OK
Seq_Frame0096_Timestamp = 12.377
Seq_Frame0097_ForcepToReference-SequenceTransform =-0.272159 -0.953201 -0.131672 -34.2479 0.951803 -0.286783 0.108754 214.562 -0.141425 -0.0957274 0.98531 109.652 0 0 0 1 
Seq_Frame0097_ForcepToReference-SequenceTransformStatus = OK
Seq_Frame0097_Timestamp = 12.481
Seq_Frame0098_ForcepToReference-SequenceTransform =-0.260749 -0.959725 -0.104583 -34.5828 0.959956 -0.269246 0.0773952 214.91 -0.102437 -0.0802141 0.9915 109.42 0 0 0 1 
Seq_Frame0098_ForcepToReference-SequenceTransformStatus = OK
Seq_Frame0098_Timestamp = 12.59
Seq_Frame0099_ForcepToReference-SequenceTransform =-0.246776 -0.968898 0.0183713 -36.4823 0.966259 -0.244572 0.0808018 214.212 -0.0737957 0.0376914 0.996561 105.241 0 0 0 1 
Seq_Frame0099_ForcepToReference-SequenceTransformStatus = OK
Seq_Frame0099_Timestamp = 12.701
Seq_Frame0100_ForcepToReference-SequenceTransform =-0.271972 -0.960258 -0.0627292 -43.3742 0.95626 -0.276984 0.0940607 212.836 -0.107698 -0.0344035 0.993588 102.757 0 0 0 1 
Seq_Frame0100_ForcepToReference-SequenceTransformStatus = OK
Seq_Frame0100_Timestamp = 12.818
Seq_Frame0101_ForcepToReference-SequenceTransform =-0.274398 -0.961336 -0.0232045 -50.1791 0.950163 -0.274764 0.147291 207.225 -0.147972 0.0183683 0.988821 94.5878 0 0 0 1 
Seq_Frame0101_ForcepToReference-SequenceTransformStatus = OK
Seq_Frame0101_Timestamp = 12.92
Seq_Frame0102_ForcepToReference-SequenceTransform =-0.27227 -0.962151 -0.0115959 -52.4132 0.95249 -0.271207 0.138599 206.043 -0.136498 0.0266914 0.990281 91.7977 0 0 0 1 
Seq_Frame0102_ForcepToReference-SequenceTransformStatus = OK
Seq_Frame0102_Timestamp = 13.035
Seq_Frame0103_ForcepToReference-SequenceTransform =-0.269798 -0.962912 -0.00324328 -52.5748 0.955187 -0.268056 0.125552 208.17 -0.121765 0.0307758 0.992082 93.1985 0 0 0 1 
Seq_Frame0103_ForcepToReference-SequenceTransformStatus = OK
Seq_Frame0103_Timestamp = 13.138
Seq_Frame0104_ForcepToReference-SequenceTransform =-0.272835 -0.961419 -0.0351348 -52.0904 0.955723 -0.275042 0.104617 209.855 -0.110244 -0.00503607 0.993892 93.6982 0 0 0 1 
Seq_Frame0104_ForcepToReference-SequenceTransformStatus = OK
Seq_Frame0104_Timestamp = 13.246
Seq_Frame0105_ForcepToReference-SequenceTransform =-0.282622 -0.958574 -0.0354929 -50.8675 0.9528 -0.284812 0.105142 211.265 -0.110895 -0.00410221 0.993824 95.0506 0 0 0 1 
Seq_Frame0105_ForcepToReference-SequenceTransformStatus = OK
Seq_Frame0105_Timestamp = 13.351
Seq_Frame0106_ForcepToReference-SequenceTransform =-0.300006 -0.9525 -0.0523518 -51.3411 0.947069 -0.303971 0.103261 212.585 -0.114269 -0.0186019 0.993276 95.6205 0 0 0 1 
Seq_Frame0106_ForcepToReference-SequenceTransformStatus = OK
Seq_Frame0106_Timestamp = 13.457
Seq_Frame0107_ForcepToReference-SequenceTransform =-0.29602 -0.954087 -0.0457275 -51.5292 0.948692 -0.299243 0.102165 211.998 -0.111158 -0.0131385 0.993716 95.548 0 0 0 1 
Seq_Frame0107_ForcepToReference-SequenceTransformStatus = OK
Seq_Frame0107_Timestamp = 13.57
Seq_Frame0108_ForcepToReference-SequenceTransform =-0.298107 -0.953168 -0.0510192 -51.1028 0.945648 -0.302186 0.120136 211.784 -0.129928 -0.0124327 0.991446 95.4772 0 0 0 1 
Seq_Frame0108_ForcepToReference-SequenceTransformStatus = OK
Seq_Frame0108_Timestamp = 13.687
Seq_Frame0109_ForcepToReference-SequenceTransform =-0.294796 -0.954466 -0.0457078 -50.8878 0.948543 -0.298083 0.106827 212.349 -0.115588 -0.0118636 0.993226 95.9249 0 0 0 1 
Seq_Frame0109_ForcepToReference-SequenceTransformStatus = OK
Seq_Frame0109_Timestamp = 13.794
Seq_Frame0110_ForcepToReference-SequenceTransform =-0.295599 -0.954151 -0.0470914 -50.5935 0.949264 -0.298908 0.097736 212.873 -0.107331 -0.0158115 0.994098 95.9406 0 0 0 1 
Seq_Frame0110_ForcepToReference-SequenceTransformStatus = OK
Seq_Frame0110_Timestamp = 13.902
Seq_Frame0111_ForcepToReference-SequenceTransform =-0.299329 -0.952813 -0.0504917 -51.2487 0.947188 -0.30311 0.104683 212.948 -0.115048 -0.0164903 0.993223 96.5218 0 0 0 1 
Seq_Frame0111_ForcepToReference-SequenceTransformStatus = OK
Seq_Frame0111_Timestamp = 14.011
Seq_Frame0112_ForcepToReference-SequenceTransform =-0.298725 -0.952891 -0.0525473 -51.1888 0.947559 -0.302705 0.102475 213.027 -0.113554 -0.0191799 0.993347 96.3911 0 0 0 1 
Seq_Frame0112_ForcepToReference-SequenceTransformStatus = OK
Seq_Frame0112_Timestamp = 14.115
Seq_Frame0113_ForcepToReference-SequenceTransform =-0.301513 -0.951613 -0.0593423 -51.2123 0.946462 -0.306247 0.102088 213.239 -0.115322 -0.0253844 0.993004 96.5344 0 0 0 1 
Seq_Frame0113_ForcepToReference-SequenceTransformStatus = OK
Seq_Frame0113_Timestamp = 14.225
Seq_Frame0114_ForcepToReference-SequenceTransform =-0.303082 -0.950907 -0.0625931 -51.3086 0.946105 -0.308117 0.0997427 213.45 -0.114132 -0.0289895 0.993043 96.6406 0 0 0 1 
Seq_Frame0114_ForcepToReference-SequenceTransformStatus = OK
Seq_Frame0114_Timestamp = 14.331
Seq_Frame0115_ForcepToReference-SequenceTransform =-0.303064 -0.951345 -0.0556234 -51.2148 0.947773 -0.306985 0.086525 213.918 -0.0993908 -0.0264957 0.994696 97.4705 0 0 0 1 
Seq_Frame0115_ForcepToReference-SequenceTransformStatus = OK
Seq_Frame0115_Timestamp = 14.442
Seq_Frame0116_ForcepToReference-SequenceTransform =-0.309929 -0.947452 -0.0792342 -50.6196 0.945323 -0.315984 0.080742 213.902 -0.101536 -0.0498776 0.993581 97.7988 0 0 0 1 
Seq_Frame0116_ForcepToReference-SequenceTransformStatus = OK
Seq_Frame0116_Timestamp = 14.548
Seq_Frame0117_ForcepToReference-SequenceTransform =-0.308981 -0.948206 -0.0737348 -49.171 0.946709 -0.314053 0.0715035 214.263 -0.0909567 -0.0477122 0.994711 99.0777 0 0 0 1 
Seq_Frame0117_ForcepToReference-SequenceTransformStatus = OK
Seq_Frame0117_Timestamp = 14.652
Seq_Frame0118_ForcepToReference-SequenceTransform =-0.310992 -0.947105 -0.0792239 -45.8499 0.937111 -0.31947 0.140581 207.331 -0.158455 -0.0305219 0.986894 95.457 0 0 0 1 
Seq_Frame0118_ForcepToReference-SequenceTransformStatus = OK
Seq_Frame0118_Timestamp = 14.76
Seq_Frame0119_ForcepToReference-SequenceTransform =-0.289845 -0.947729 -0.133416 -34.3182 0.920607 -0.314192 0.231874 200.144 -0.261672 -0.0556161 0.963553 85.9308 0 0 0 1 
Seq_Frame0119_ForcepToReference-SequenceTransformStatus = OK
Seq_Frame0119_Timestamp = 14.879
Seq_Frame0120_ForcepToReference-SequenceTransform =-0.26623 -0.90368 -0.335387 -11.111 0.916114 -0.345424 0.203514 206.818 -0.299762 -0.253071 0.919836 80.5834 0 0 0 1 
Seq_Frame0120_ForcepToReference-SequenceTransformStatus = OK
Seq_Frame0120_Timestamp = 15.017
Seq_Frame0121_ForcepToReference-SequenceTransform =-0.255046 -0.92783 -0.272182 25.6295 0.959957 -0.27671 0.0437455 199.361 -0.115904 -0.250126 0.961251 78.8569 0 0 0 1 
Seq_Frame0121_ForcepToReference-SequenceTransformStatus = OK
Seq_Frame0121_Timestamp = 24.411
Seq_Frame0122_ForcepToReference-SequenceTransform =-0.303445 -0.892656 -0.333296 24.3567 0.937234 -0.342684 0.0645059 205.993 -0.171797 -0.292802 0.940613 75.1943 0 0 0 1 
Seq_Frame0122_ForcepToReference-SequenceTransformStatus = OK
Seq_Frame0122_Timestamp = 24.518
Seq_Frame0123_ForcepToReference-SequenceTransform =-0.306886 -0.854714 -0.418671 18.8561 0.944683 -0.327048 -0.0247864 215.285 -0.11574 -0.403118 0.9078 67.6944 0 0 0 1 
Seq_Frame0123_ForcepToReference-SequenceTransformStatus = OK
Seq_Frame0123_Timestamp = 24.627
Seq_Frame0124_ForcepToReference-SequenceTransform =-0.3363 -0.886678 -0.317338 6.9448 0.936355 -0.35085 -0.011992 234.395 -0.100705 -0.301174 0.948237 44.2736 0 0 0 1 
Seq_Frame0124_ForcepToReference-SequenceTransformStatus = OK
Seq_Frame0124_Timestamp = 24.867
Seq_Frame0125_ForcepToReference-SequenceTransform =-0.34398 -0.910743 -0.22853 1.73327 0.936961 -0.348859 -0.0200197 243.439 -0.0614918 -0.22101 0.973331 34.8644 0 0 0 1 
Seq_Frame0125_ForcepToReference-SequenceTransformStatus = OK
Seq_Frame0125_Timestamp = 24.977
Seq_Frame0126_ForcepToReference-SequenceTransform =-0.343241 -0.91401 -0.216267 -3.2314 0.939138 -0.33749 -0.0641868 249.458 -0.0143209 -0.225137 0.974222 30.5114 0 0 0 1 
Seq_Frame0126_ForcepToReference-SequenceTransformStatus = OK
Seq_Frame0126_Timestamp = 25.082
Seq_Frame0127_ForcepToReference-SequenceTransform =-0.343345 -0.918924 -0.194145 -11.0611 0.939138 -0.333357 -0.083023 254.211 0.0115723 -0.210835 0.977453 25.0026 0 0 0 1 
Seq_Frame0127_ForcepToReference-SequenceTransformStatus = OK
Seq_Frame0127_Timestamp = 25.192
Seq_Frame0128_ForcepToReference-SequenceTransform =-0.340867 -0.926115 -0.161618 -17.7437 0.939322 -0.328465 -0.0989208 258.622 0.038526 -0.18553 0.981883 18.4706 0 0 0 1 
Seq_Frame0128_ForcepToReference-SequenceTransformStatus = OK
Seq_Frame0128_Timestamp = 25.297
Seq_Frame0129_ForcepToReference-SequenceTransform =-0.349375 -0.928158 -0.128295 -24.2856 0.934962 -0.33635 -0.112763 262.908 0.0615101 -0.159348 0.985304 12.0493 0 0 0 1 
Seq_Frame0129_ForcepToReference-SequenceTransformStatus = OK
Seq_Frame0129_Timestamp = 25.408
Seq_Frame0130_ForcepToReference-SequenceTransform =-0.37657 -0.916561 -0.134576 -27.6034 0.92396 -0.361088 -0.126144 270.389 0.0670248 -0.171845 0.982841 3.24127 0 0 0 1 
Seq_Frame0130_ForcepToReference-SequenceTransformStatus = OK
Seq_Frame0130_Timestamp = 25.512
Seq_Frame0131_ForcepToReference-SequenceTransform =-0.421742 -0.891249 -0.16676 -26.7491 0.903973 -0.399 -0.153725 287.617 0.0704699 -0.215578 0.97394 -3.44905 0 0 0 1 
Seq_Frame0131_ForcepToReference-SequenceTransformStatus = OK
Seq_Frame0131_Timestamp = 25.621
Seq_Frame0132_ForcepToReference-SequenceTransform =-0.441617 -0.886238 -0.139848 -27.3905 0.891812 -0.416536 -0.176549 304.777 0.0982132 -0.202685 0.974306 -9.40078 0 0 0 1 
Seq_Frame0132_ForcepToReference-SequenceTransformStatus = OK
Seq_Frame0132_Timestamp = 25.724
Seq_Frame0133_ForcepToReference-SequenceTransform =-0.448507 -0.88774 -0.103726 -29.5289 0.884179 -0.423727 -0.196679 314.774 0.130648 -0.179925 0.974966 -15.6156 0 0 0 1 
Seq_Frame0133_ForcepToReference-SequenceTransformStatus = OK
Seq_Frame0133_Timestamp = 25.83
Seq_Frame0134_ForcepToReference-SequenceTransform =-0.441409 -0.894892 -0.0657794 -29.5782 0.882164 -0.419381 -0.214258 320.718 0.164152 -0.152604 0.97456 -24.7023 0 0 0 1 
Seq_Frame0134_ForcepToReference-SequenceTransformStatus = OK
Seq_Frame0134_Timestamp = 25.94
Seq_Frame0135_ForcepToReference-SequenceTransform =-0.450153 -0.889308 -0.0805763 -26.7114 0.875246 -0.421548 -0.237151 330.954 0.176934 -0.177279 0.968125 -32.5776 0 0 0 1 
Seq_Frame0135_ForcepToReference-SequenceTransformStatus = OK
Seq_Frame0135_Timestamp = 26.044
Seq_Frame0136_ForcepToReference-SequenceTransform =-0.451707 -0.889297 -0.0714951 -25.5527 0.863742 -0.415842 -0.28465 341.428 0.223408 -0.190332 0.955962 -43.0907 0 0 0 1 
Seq_Frame0136_ForcepToReference-SequenceTransformStatus = OK
Seq_Frame0136_Timestamp = 26.155
Seq_Frame0137_ForcepToReference-SequenceTransform =-0.450059 -0.891653 -0.0490016 -24.6202 0.8571 -0.415914 -0.303966 349.569 0.250652 -0.178802 0.951422 -49.0216 0 0 0 1 
Seq_Frame0137_ForcepToReference-SequenceTransformStatus = OK
Seq_Frame0137_Timestamp = 26.261
Seq_Frame0138_ForcepToReference-SequenceTransform =-0.458834 -0.887036 -0.0513603 -23.7952 0.841927 -0.415573 -0.344178 358.097 0.283954 -0.201162 0.937499 -54.9609 0 0 0 1 
Seq_Frame0138_ForcepToReference-SequenceTransformStatus = OK
Seq_Frame0138_Timestamp = 26.386
Seq_Frame0139_ForcepToReference-SequenceTransform =-0.462584 -0.885345 -0.0467016 -24.5696 0.828353 -0.412831 -0.378685 363.986 0.315987 -0.213859 0.924346 -61.1377 0 0 0 1 
Seq_Frame0139_ForcepToReference-SequenceTransformStatus = OK
Seq_Frame0139_Timestamp = 26.49
Seq_Frame0140_ForcepToReference-SequenceTransform =-0.479009 -0.876235 -0.0525666 -25.0132 0.817304 -0.423343 -0.39089 370.547 0.320258 -0.230203 0.918935 -69.0368 0 0 0 1 
Seq_Frame0140_ForcepToReference-SequenceTransformStatus = OK
Seq_Frame0140_Timestamp = 26.597
Seq_Frame0141_ForcepToReference-SequenceTransform =-0.475398 -0.87842 -0.0487313 -22.1501 0.815528 -0.419229 -0.39895 371.663 0.330016 -0.229402 0.915677 -69.41 0 0 0 1 
Seq_Frame0141_ForcepToReference-SequenceTransformStatus = OK
Seq_Frame0141_Timestamp = 26.703
Seq_Frame0142_ForcepToReference-SequenceTransform =-0.485318 -0.872639 -0.0544734 -22.6376 0.815565 -0.429359 -0.387949 371.37 0.315151 -0.232705 0.92007 -72.8831 0 0 0 1 
Seq_Frame0142_ForcepToReference-SequenceTransformStatus = OK
Seq_Frame0142_Timestamp = 26.811
Seq_Frame0143_ForcepToReference-SequenceTransform =-0.491382 -0.869098 -0.0566694 -22.2542 0.807436 -0.430195 -0.403706 375.105 0.326481 -0.244131 0.913132 -76.6458 0 0 0 1 
Seq_Frame0143_ForcepToReference-SequenceTransformStatus = OK
Seq_Frame0143_Timestamp = 26.919
Seq_Frame0144_ForcepToReference-SequenceTransform =-0.493546 -0.868481 -0.0464052 -22.3875 0.80516 -0.436086 -0.401927 380.752 0.328829 -0.235733 0.914495 -80.1006 0 0 0 1 
Seq_Frame0144_ForcepToReference-SequenceTransformStatus = OK
Seq_Frame0144_Timestamp = 27.025
Seq_Frame0145_ForcepToReference-SequenceTransform =-0.498863 -0.866001 -0.0343284 -24.4016 0.801948 -0.446221 -0.397198 385.996 0.328656 -0.225677 0.917091 -85.5433 0 0 0 1 
Seq_Frame0145_ForcepToReference-SequenceTransformStatus = OK
Seq_Frame0145_Timestamp = 27.136
Seq_Frame0146_ForcepToReference-SequenceTransform =-0.498533 -0.866392 -0.0287971 -23.7933 0.795298 -0.443902 -0.412858 388.912 0.344914 -0.228726 0.91034 -87.73 0 0 0 1 
Seq_Frame0146_ForcepToReference-SequenceTransformStatus = OK
Seq_Frame0146_Timestamp = 27.241
Seq_Frame0147_ForcepToReference-SequenceTransform =-0.497738 -0.867105 -0.0196441 -24.8575 0.79429 -0.446609 -0.411879 388.696 0.34837 -0.220611 0.911027 -89.5287 0 0 0 1 
Seq_Frame0147_ForcepToReference-SequenceTransformStatus = OK
Seq_Frame0147_Timestamp = 27.346
Seq_Frame0148_ForcepToReference-SequenceTransform =-0.473194 -0.88006 0.0397828 -28.3929 0.78668 -0.442448 -0.43055 390.695 0.396512 -0.172437 0.90169 -92.9993 0 0 0 1 
Seq_Frame0148_ForcepToReference-SequenceTransformStatus = OK
Seq_Frame0148_Timestamp = 27.458
Seq_Frame0149_ForcepToReference-SequenceTransform =-0.480276 -0.8758 0.0480613 -30.6287 0.791004 -0.45615 -0.407725 393.795 0.379008 -0.157804 0.911839 -95.781 0 0 0 1 
Seq_Frame0149_ForcepToReference-SequenceTransformStatus = OK
Seq_Frame0149_Timestamp = 27.561
