ObjectType = Image
NDims = 3
AnatomicalOrientation = RAI
BinaryData = True
CompressedData = False
DimSize = 0 0 3264
ElementSpacing = 1 1 1
Offset = 0 0 0
TransformMatrix = 1 0 0 0 1 0 0 0 1
ElementType = MET_UCHAR
Kinds = domain domain list
Seq_Frame0000_DriverToReference-SequenceTransform =0.155675 0.98132 -0.113029 144.317 -0.569611 -0.00430522 -0.821903 -6.79369 -0.807037 0.192332 0.5583 -0.788106 0 0 0 1 
Seq_Frame0000_DriverToReference-SequenceTransformStatus = OK
Seq_Frame0000_Timestamp = 0.00399995
Seq_Frame0001_DriverToReference-SequenceTransform =0.155679 0.981239 -0.113728 144.317 -0.568555 -0.00514054 -0.822629 -6.87696 -0.807781 0.192727 0.557088 -0.763586 0 0 0 1 
Seq_Frame0001_DriverToReference-SequenceTransformStatus = OK
Seq_Frame0001_Timestamp = 0.108
Seq_Frame0002_DriverToReference-SequenceTransform =0.155044 0.98146 -0.112687 144.321 -0.568041 -0.00475619 -0.822987 -6.86673 -0.808264 0.19161 0.556772 -0.767332 0 0 0 1 
Seq_Frame0002_DriverToReference-SequenceTransformStatus = OK
Seq_Frame0002_Timestamp = 0.212
Seq_Frame0003_DriverToReference-SequenceTransform =0.153351 0.981988 -0.110377 144.341 -0.568798 -0.00362093 -0.82247 -6.84027 -0.808055 0.188909 0.557997 -0.732309 0 0 0 1 
Seq_Frame0003_DriverToReference-SequenceTransformStatus = OK
Seq_Frame0003_Timestamp = 0.318
Seq_Frame0004_DriverToReference-SequenceTransform =0.153211 0.982012 -0.110355 144.338 -0.569465 -0.00352806 -0.822008 -6.85146 -0.807612 0.188784 0.558681 -0.731932 0 0 0 1 
Seq_Frame0004_DriverToReference-SequenceTransformStatus = OK
Seq_Frame0004_Timestamp = 0.425
Seq_Frame0005_DriverToReference-SequenceTransform =0.152679 0.98209 -0.110398 144.34 -0.569293 -0.00391165 -0.822125 -6.87507 -0.807833 0.18837 0.5585 -0.716199 0 0 0 1 
Seq_Frame0005_DriverToReference-SequenceTransformStatus = OK
Seq_Frame0005_Timestamp = 0.528
Seq_Frame0006_DriverToReference-SequenceTransform =0.153566 0.981822 -0.11155 144.329 -0.569537 -0.00430585 -0.821954 -6.97753 -0.807493 0.189757 0.558522 -0.580824 0 0 0 1 
Seq_Frame0006_DriverToReference-SequenceTransformStatus = OK
Seq_Frame0006_Timestamp = 0.629
Seq_Frame0007_DriverToReference-SequenceTransform =0.154792 0.981332 -0.114139 144.314 -0.569592 -0.00575046 -0.821907 -6.99962 -0.80722 0.192237 0.558069 -0.63858 0 0 0 1 
Seq_Frame0007_DriverToReference-SequenceTransformStatus = OK
Seq_Frame0007_Timestamp = 0.733
Seq_Frame0008_DriverToReference-SequenceTransform =0.154118 0.981573 -0.112966 144.326 -0.569397 -0.00520437 -0.822046 -6.90039 -0.807487 0.191015 0.558103 -0.712462 0 0 0 1 
Seq_Frame0008_DriverToReference-SequenceTransformStatus = OK
Seq_Frame0008_Timestamp = 0.842
Seq_Frame0009_DriverToReference-SequenceTransform =0.151906 0.982173 -0.110732 144.352 -0.568945 -0.00471951 -0.822362 -6.95878 -0.808224 0.187922 0.558085 -0.626768 0 0 0 1 
Seq_Frame0009_DriverToReference-SequenceTransformStatus = OK
Seq_Frame0009_Timestamp = 0.943
Seq_Frame0010_DriverToReference-SequenceTransform =0.156261 0.981457 -0.111019 144.263 -0.566715 -0.00296866 -0.823908 -7.1505 -0.80896 0.191661 0.555743 -0.885514 0 0 0 1 
Seq_Frame0010_DriverToReference-SequenceTransformStatus = OK
Seq_Frame0010_Timestamp = 1.051
Seq_Frame0011_DriverToReference-SequenceTransform =0.137896 0.986067 -0.093046 144.203 -0.575745 0.0033632 -0.817622 -6.99834 -0.805917 0.166317 0.568187 -1.69826 0 0 0 1 
Seq_Frame0011_DriverToReference-SequenceTransformStatus = OK
Seq_Frame0011_Timestamp = 1.152
Seq_Frame0012_DriverToReference-SequenceTransform =0.161453 0.986354 -0.0322262 143.915 -0.626417 0.077194 -0.775656 -4.66716 -0.762584 0.145419 0.630332 -3.79154 0 0 0 1 
Seq_Frame0012_DriverToReference-SequenceTransformStatus = OK
Seq_Frame0012_Timestamp = 1.252
Seq_Frame0013_DriverToReference-SequenceTransform =0.203992 0.977374 0.0559183 148.756 -0.678075 0.182262 -0.712035 -0.00192763 -0.706117 0.107333 0.699913 -8.15932 0 0 0 1 
Seq_Frame0013_DriverToReference-SequenceTransformStatus = OK
Seq_Frame0013_Timestamp = 1.353
Seq_Frame0014_DriverToReference-SequenceTransform =0.19874 0.946044 0.255934 155.308 -0.694877 0.320176 -0.64392 10.7905 -0.691121 -0.0498706 0.721017 -17.9707 0 0 0 1 
Seq_Frame0014_DriverToReference-SequenceTransformStatus = OK
Seq_Frame0014_Timestamp = 1.462
Seq_Frame0015_DriverToReference-SequenceTransform =0.194522 0.919361 0.341961 162.239 -0.666518 0.37966 -0.64157 28.2198 -0.719663 -0.103123 0.686623 -26.9922 0 0 0 1 
Seq_Frame0015_DriverToReference-SequenceTransformStatus = OK
Seq_Frame0015_Timestamp = 1.563
Seq_Frame0016_DriverToReference-SequenceTransform =0.187973 0.905903 0.379481 169.076 -0.630804 0.4075 -0.660326 54.1345 -0.75283 -0.115254 0.648046 -34.5771 0 0 0 1 
Seq_Frame0016_DriverToReference-SequenceTransformStatus = OK
Seq_Frame0016_Timestamp = 1.667
Seq_Frame0017_DriverToReference-SequenceTransform =0.209182 0.917032 0.339552 176.058 -0.5256 0.398249 -0.75176 75.2023 -0.824614 -0.021214 0.565298 -39.5532 0 0 0 1 
Seq_Frame0017_DriverToReference-SequenceTransformStatus = OK
Seq_Frame0017_Timestamp = 1.773
Seq_Frame0018_DriverToReference-SequenceTransform =0.179633 0.921394 0.344622 177.143 -0.429933 0.388625 -0.814941 91.1708 -0.88481 -0.00177469 0.465948 -42.3875 0 0 0 1 
Seq_Frame0018_DriverToReference-SequenceTransformStatus = OK
Seq_Frame0018_Timestamp = 1.878
Seq_Frame0019_DriverToReference-SequenceTransform =0.178905 0.915058 0.361471 172.695 -0.407672 0.403321 -0.819229 102.598 -0.895431 -0.00079766 0.445199 -41.35 0 0 0 1 
Seq_Frame0019_DriverToReference-SequenceTransformStatus = OK
Seq_Frame0019_Timestamp = 1.978
Seq_Frame0020_DriverToReference-SequenceTransform =0.1824 0.922129 0.341187 159.057 -0.389435 0.386384 -0.83609 116.263 -0.902813 0.0196321 0.429586 -41.7879 0 0 0 1 
Seq_Frame0020_DriverToReference-SequenceTransformStatus = OK
Seq_Frame0020_Timestamp = 2.083
Seq_Frame0021_DriverToReference-SequenceTransform =0.152382 0.93523 0.319568 146.498 -0.369322 0.353804 -0.859316 131.306 -0.916723 0.0129215 0.399314 -43.2449 0 0 0 1 
Seq_Frame0021_DriverToReference-SequenceTransformStatus = OK
Seq_Frame0021_Timestamp = 2.183
Seq_Frame0022_DriverToReference-SequenceTransform =0.138115 0.94274 0.303587 138.418 -0.341386 0.333055 -0.878937 144.391 -0.92972 0.017754 0.367838 -43.2297 0 0 0 1 
Seq_Frame0022_DriverToReference-SequenceTransformStatus = OK
Seq_Frame0022_Timestamp = 2.288
Seq_Frame0023_DriverToReference-SequenceTransform =0.15354 0.932111 0.328015 131.419 -0.33055 0.361277 -0.871904 150.989 -0.931215 0.0254469 0.36358 -40.587 0 0 0 1 
Seq_Frame0023_DriverToReference-SequenceTransformStatus = OK
Seq_Frame0023_Timestamp = 2.392
Seq_Frame0024_DriverToReference-SequenceTransform =0.124134 0.929807 0.346481 124.708 -0.344018 0.367852 -0.863908 153.332 -0.930721 -0.0119557 0.365533 -36.4945 0 0 0 1 
Seq_Frame0024_DriverToReference-SequenceTransformStatus = OK
Seq_Frame0024_Timestamp = 2.493
Seq_Frame0025_DriverToReference-SequenceTransform =0.0940435 0.916123 0.389711 116.366 -0.380825 0.394778 -0.836136 154.847 -0.919852 -0.0697784 0.386009 -29.4879 0 0 0 1 
Seq_Frame0025_DriverToReference-SequenceTransformStatus = OK
Seq_Frame0025_Timestamp = 2.594
Seq_Frame0026_DriverToReference-SequenceTransform =0.112016 0.890272 0.441439 106.229 -0.376335 0.449152 -0.81033 162.709 -0.919687 -0.0753589 0.385353 -23.4545 0 0 0 1 
Seq_Frame0026_DriverToReference-SequenceTransformStatus = OK
Seq_Frame0026_Timestamp = 2.698
Seq_Frame0027_DriverToReference-SequenceTransform =0.145098 0.848883 0.508276 103.426 -0.398855 0.520306 -0.755113 169.113 -0.905462 -0.0931629 0.414077 -17.774 0 0 0 1 
Seq_Frame0027_DriverToReference-SequenceTransformStatus = OK
Seq_Frame0027_Timestamp = 2.801
Seq_Frame0028_DriverToReference-SequenceTransform =0.169101 0.853449 0.492981 103.967 -0.450344 0.511823 -0.731593 172.451 -0.876696 -0.0982976 0.470895 -13.3591 0 0 0 1 
Seq_Frame0028_DriverToReference-SequenceTransformStatus = OK
Seq_Frame0028_Timestamp = 2.902
Seq_Frame0029_DriverToReference-SequenceTransform =0.233585 0.851318 0.469782 108.278 -0.615466 0.503491 -0.606381 173.52 -0.752754 -0.147493 0.641566 -10.1434 0 0 0 1 
Seq_Frame0029_DriverToReference-SequenceTransformStatus = OK
Seq_Frame0029_Timestamp = 3.002
Seq_Frame0030_DriverToReference-SequenceTransform =0.260632 0.822926 0.50484 109.101 -0.764631 0.495198 -0.412455 172.016 -0.589416 -0.278517 0.758299 -11.1958 0 0 0 1 
Seq_Frame0030_DriverToReference-SequenceTransformStatus = OK
Seq_Frame0030_Timestamp = 3.104
Seq_Frame0031_DriverToReference-SequenceTransform =0.312672 0.77565 0.548273 109.339 -0.868856 0.466798 -0.16489 171.683 -0.383829 -0.424814 0.819883 -11.2161 0 0 0 1 
Seq_Frame0031_DriverToReference-SequenceTransformStatus = OK
Seq_Frame0031_Timestamp = 3.213
Seq_Frame0032_DriverToReference-SequenceTransform =0.405483 0.684637 0.605686 103.581 -0.879684 0.47237 0.0549704 176.019 -0.248473 -0.555102 0.793803 -16.2587 0 0 0 1 
Seq_Frame0032_DriverToReference-SequenceTransformStatus = OK
Seq_Frame0032_Timestamp = 3.314
Seq_Frame0033_DriverToReference-SequenceTransform =0.421377 0.655417 0.626794 101.864 -0.890981 0.428066 0.151368 175.826 -0.1691 -0.622245 0.764341 -15.7476 0 0 0 1 
Seq_Frame0033_DriverToReference-SequenceTransformStatus = OK
Seq_Frame0033_Timestamp = 3.426
Seq_Frame0034_DriverToReference-SequenceTransform =0.404891 0.678038 0.613455 101.793 -0.899471 0.415953 0.133924 175.971 -0.164363 -0.60601 0.778291 -13.9098 0 0 0 1 
Seq_Frame0034_DriverToReference-SequenceTransformStatus = OK
Seq_Frame0034_Timestamp = 3.528
Seq_Frame0035_DriverToReference-SequenceTransform =0.390527 0.677371 0.623424 100.391 -0.902781 0.414354 0.115312 177.338 -0.180209 -0.607848 0.773334 -15.4714 0 0 0 1 
Seq_Frame0035_DriverToReference-SequenceTransformStatus = OK
Seq_Frame0035_Timestamp = 3.636
Seq_Frame0036_DriverToReference-SequenceTransform =0.368907 0.680305 0.633318 98.8524 -0.905554 0.416631 0.079943 176.796 -0.209474 -0.602996 0.769751 -14.7271 0 0 0 1 
Seq_Frame0036_DriverToReference-SequenceTransformStatus = OK
Seq_Frame0036_Timestamp = 3.743
Seq_Frame0037_DriverToReference-SequenceTransform =0.331029 0.695682 0.637532 98.4514 -0.916493 0.397869 0.0417175 176.073 -0.224632 -0.598103 0.769294 -14.3182 0 0 0 1 
Seq_Frame0037_DriverToReference-SequenceTransformStatus = OK
Seq_Frame0037_Timestamp = 3.853
Seq_Frame0038_DriverToReference-SequenceTransform =0.329401 0.693892 0.64032 96.3368 -0.911611 0.410334 0.0242972 174.741 -0.245886 -0.591726 0.767724 -13.735 0 0 0 1 
Seq_Frame0038_DriverToReference-SequenceTransformStatus = OK
Seq_Frame0038_Timestamp = 3.963
Seq_Frame0039_DriverToReference-SequenceTransform =0.259495 0.728927 0.633505 97.9034 -0.93496 0.353922 -0.0242544 172.25 -0.241891 -0.586008 0.773359 -12.981 0 0 0 1 
Seq_Frame0039_DriverToReference-SequenceTransformStatus = OK
Seq_Frame0039_Timestamp = 4.076
Seq_Frame0040_DriverToReference-SequenceTransform =0.271873 0.694655 0.665987 96.9399 -0.92702 0.374803 -0.0125034 175.964 -0.2583 -0.613985 0.745858 -14.7843 0 0 0 1 
Seq_Frame0040_DriverToReference-SequenceTransformStatus = OK
Seq_Frame0040_Timestamp = 4.176
Seq_Frame0041_DriverToReference-SequenceTransform =0.253642 0.672668 0.695114 96.0358 -0.931432 0.363714 -0.0120968 176.752 -0.26096 -0.644383 0.718798 -18.0144 0 0 0 1 
Seq_Frame0041_DriverToReference-SequenceTransformStatus = OK
Seq_Frame0041_Timestamp = 4.277
Seq_Frame0042_DriverToReference-SequenceTransform =0.214548 0.625523 0.750127 92.9883 -0.931149 0.362833 -0.0362397 177.093 -0.29484 -0.690705 0.6603 -19.7628 0 0 0 1 
Seq_Frame0042_DriverToReference-SequenceTransformStatus = OK
Seq_Frame0042_Timestamp = 4.377
Seq_Frame0043_DriverToReference-SequenceTransform =0.193761 0.585301 0.787324 91.0164 -0.940129 0.34014 -0.0214955 175.236 -0.280382 -0.736021 0.616165 -19.9245 0 0 0 1 
Seq_Frame0043_DriverToReference-SequenceTransformStatus = OK
Seq_Frame0043_Timestamp = 4.478
Seq_Frame0044_DriverToReference-SequenceTransform =0.210429 0.528381 0.822517 88.456 -0.94418 0.327982 0.0308608 173.159 -0.253464 -0.783098 0.567903 -20.0809 0 0 0 1 
Seq_Frame0044_DriverToReference-SequenceTransformStatus = OK
Seq_Frame0044_Timestamp = 4.582
Seq_Frame0045_DriverToReference-SequenceTransform =0.200562 0.522607 0.828647 88.0308 -0.917798 0.396082 -0.0276596 175.421 -0.342668 -0.754984 0.559087 -16.4017 0 0 0 1 
Seq_Frame0045_DriverToReference-SequenceTransformStatus = OK
Seq_Frame0045_Timestamp = 4.683
Seq_Frame0046_DriverToReference-SequenceTransform =0.157897 0.531441 0.83225 87.83 -0.901673 0.421194 -0.0978895 173.475 -0.402561 -0.73496 0.545691 -13.0655 0 0 0 1 
Seq_Frame0046_DriverToReference-SequenceTransformStatus = OK
Seq_Frame0046_Timestamp = 4.789
Seq_Frame0047_DriverToReference-SequenceTransform =0.214486 0.522188 0.825418 87.6319 -0.852816 0.512082 -0.102356 174.822 -0.476131 -0.681976 0.555165 -5.63147 0 0 0 1 
Seq_Frame0047_DriverToReference-SequenceTransformStatus = OK
Seq_Frame0047_Timestamp = 4.893
Seq_Frame0048_DriverToReference-SequenceTransform =0.18548 0.545368 0.817417 87.5287 -0.856317 0.497734 -0.137773 171.81 -0.481993 -0.674414 0.559328 -2.11395 0 0 0 1 
Seq_Frame0048_DriverToReference-SequenceTransformStatus = OK
Seq_Frame0048_Timestamp = 4.994
Seq_Frame0049_DriverToReference-SequenceTransform =0.226459 0.492671 0.840233 87.1587 -0.771716 0.617081 -0.153833 176.627 -0.594281 -0.613584 0.519946 6.00739 0 0 0 1 
Seq_Frame0049_DriverToReference-SequenceTransformStatus = OK
Seq_Frame0049_Timestamp = 5.094
Seq_Frame0050_DriverToReference-SequenceTransform =0.261144 0.435271 0.861593 86.0183 -0.783722 0.616688 -0.0740048 173.501 -0.563546 -0.655923 0.502176 11.0844 0 0 0 1 
Seq_Frame0050_DriverToReference-SequenceTransformStatus = OK
Seq_Frame0050_Timestamp = 5.199
Seq_Frame0051_DriverToReference-SequenceTransform =0.347327 0.322041 0.880712 82.7907 -0.700872 0.713116 0.0156454 175.424 -0.623011 -0.6227 0.473394 18.1168 0 0 0 1 
Seq_Frame0051_DriverToReference-SequenceTransformStatus = OK
Seq_Frame0051_Timestamp = 5.303
Seq_Frame0052_DriverToReference-SequenceTransform =0.33264 0.32737 0.884409 83.9126 -0.661484 0.749414 -0.0286057 174.424 -0.672153 -0.575507 0.465835 25.2386 0 0 0 1 
Seq_Frame0052_DriverToReference-SequenceTransformStatus = OK
Seq_Frame0052_Timestamp = 5.403
Seq_Frame0053_DriverToReference-SequenceTransform =0.344245 0.366522 0.864382 85.5419 -0.63934 0.765725 -0.0700684 175.473 -0.687561 -0.528513 0.49793 30.2379 0 0 0 1 
Seq_Frame0053_DriverToReference-SequenceTransformStatus = OK
Seq_Frame0053_Timestamp = 5.508
Seq_Frame0054_DriverToReference-SequenceTransform =0.40939 0.408064 0.816017 87.9262 -0.599412 0.794587 -0.0966257 179.636 -0.687826 -0.449573 0.569895 36.7887 0 0 0 1 
Seq_Frame0054_DriverToReference-SequenceTransformStatus = OK
Seq_Frame0054_Timestamp = 5.613
Seq_Frame0055_DriverToReference-SequenceTransform =0.55405 0.38646 0.737345 90.757 -0.504184 0.860573 -0.0721978 188.931 -0.662441 -0.331756 0.671647 41.2232 0 0 0 1 
Seq_Frame0055_DriverToReference-SequenceTransformStatus = OK
Seq_Frame0055_Timestamp = 5.717
Seq_Frame0056_DriverToReference-SequenceTransform =0.525639 0.283709 0.802005 86.4568 -0.399105 0.914804 -0.0620357 198.555 -0.751278 -0.287476 0.594087 42.3373 0 0 0 1 
Seq_Frame0056_DriverToReference-SequenceTransformStatus = OK
Seq_Frame0056_Timestamp = 5.818
Seq_Frame0057_DriverToReference-SequenceTransform =0.544553 0.188952 0.817165 89.8328 -0.299997 0.953717 -0.0206105 213.779 -0.783239 -0.233924 0.576035 46.0504 0 0 0 1 
Seq_Frame0057_DriverToReference-SequenceTransformStatus = OK
Seq_Frame0057_Timestamp = 5.929
Seq_Frame0058_DriverToReference-SequenceTransform =0.5927 0.234233 0.770611 101.3 -0.265663 0.960087 -0.0874959 229.701 -0.760348 -0.152864 0.631271 58.2623 0 0 0 1 
Seq_Frame0058_DriverToReference-SequenceTransformStatus = OK
Seq_Frame0058_Timestamp = 6.038
Seq_Frame0059_DriverToReference-SequenceTransform =0.702348 0.291016 0.649628 127.622 -0.210973 0.956711 -0.200487 251.664 -0.679851 0.00375816 0.733341 109.226 0 0 0 1 
Seq_Frame0059_DriverToReference-SequenceTransformStatus = OK
Seq_Frame0059_Timestamp = 6.623
Seq_Frame0060_DriverToReference-SequenceTransform =0.735767 0.243248 0.632042 134.183 -0.180281 0.969944 -0.163426 265.102 -0.652798 0.00629801 0.757505 106.122 0 0 0 1 
Seq_Frame0060_DriverToReference-SequenceTransformStatus = OK
Seq_Frame0060_Timestamp = 6.728
Seq_Frame0061_DriverToReference-SequenceTransform =0.72395 0.235835 0.648289 141.722 -0.164038 0.971646 -0.170283 271.681 -0.670066 0.016933 0.742109 114.078 0 0 0 1 
Seq_Frame0061_DriverToReference-SequenceTransformStatus = OK
Seq_Frame0061_Timestamp = 6.829
Seq_Frame0062_DriverToReference-SequenceTransform =0.767902 0.259305 0.585736 150.48 -0.167151 0.963837 -0.207555 268.043 -0.618374 0.0614754 0.783476 137.514 0 0 0 1 
Seq_Frame0062_DriverToReference-SequenceTransformStatus = OK
Seq_Frame0062_Timestamp = 6.938
Seq_Frame0063_DriverToReference-SequenceTransform =0.749344 0.228051 0.621672 153.358 -0.123294 0.970459 -0.207384 275.842 -0.650601 0.0787536 0.755325 135.395 0 0 0 1 
Seq_Frame0063_DriverToReference-SequenceTransformStatus = OK
Seq_Frame0063_Timestamp = 7.043
Seq_Frame0064_DriverToReference-SequenceTransform =0.731562 0.231535 0.641255 152.884 -0.1361 0.971232 -0.195413 276.983 -0.668052 0.0556819 0.742028 138.589 0 0 0 1 
Seq_Frame0064_DriverToReference-SequenceTransformStatus = OK
Seq_Frame0064_Timestamp = 7.152
Seq_Frame0065_DriverToReference-SequenceTransform =0.718905 0.306884 0.623697 142.137 -0.192018 0.950028 -0.246123 277.287 -0.668061 0.0571777 0.741907 140.553 0 0 0 1 
Seq_Frame0065_DriverToReference-SequenceTransformStatus = OK
Seq_Frame0065_Timestamp = 7.264
Seq_Frame0066_DriverToReference-SequenceTransform =0.731428 0.328972 0.59732 127.372 -0.241328 0.944127 -0.224466 273.675 -0.637789 0.0200307 0.769951 142.109 0 0 0 1 
Seq_Frame0066_DriverToReference-SequenceTransformStatus = OK
Seq_Frame0066_Timestamp = 7.368
Seq_Frame0067_DriverToReference-SequenceTransform =0.725515 0.362103 0.585243 116.195 -0.26402 0.931768 -0.249204 272.609 -0.635548 0.0262855 0.771614 142.765 0 0 0 1 
Seq_Frame0067_DriverToReference-SequenceTransformStatus = OK
Seq_Frame0067_Timestamp = 7.469
Seq_Frame0068_DriverToReference-SequenceTransform =0.71738 0.402103 0.568928 110.95 -0.275727 0.913815 -0.298188 268.941 -0.639797 0.0570452 0.766424 141.142 0 0 0 1 
Seq_Frame0068_DriverToReference-SequenceTransformStatus = OK
Seq_Frame0068_Timestamp = 7.57
Seq_Frame0069_DriverToReference-SequenceTransform =0.728759 0.405765 0.551602 111.752 -0.26402 0.909744 -0.320404 259.659 -0.631825 0.087863 0.770115 135.808 0 0 0 1 
Seq_Frame0069_DriverToReference-SequenceTransformStatus = OK
Seq_Frame0069_Timestamp = 7.685
Seq_Frame0070_DriverToReference-SequenceTransform =0.748788 0.365918 0.552649 113.703 -0.231309 0.925639 -0.299479 250.311 -0.621139 0.0964139 0.777747 130.5 0 0 0 1 
Seq_Frame0070_DriverToReference-SequenceTransformStatus = OK
Seq_Frame0070_Timestamp = 7.792
Seq_Frame0071_DriverToReference-SequenceTransform =0.770943 0.37661 0.513626 115.709 -0.233307 0.917379 -0.322466 240.234 -0.592633 0.12877 0.795112 124.335 0 0 0 1 
Seq_Frame0071_DriverToReference-SequenceTransformStatus = OK
Seq_Frame0071_Timestamp = 7.902
Seq_Frame0072_DriverToReference-SequenceTransform =0.764867 0.396255 0.507898 116.873 -0.258413 0.910948 -0.321553 235.644 -0.590085 0.114698 0.799152 119.119 0 0 0 1 
Seq_Frame0072_DriverToReference-SequenceTransformStatus = OK
Seq_Frame0072_Timestamp = 8.002
Seq_Frame0073_DriverToReference-SequenceTransform =0.765759 0.412728 0.493223 114.214 -0.261957 0.900578 -0.346897 232.485 -0.58736 0.136436 0.797743 117.03 0 0 0 1 
Seq_Frame0073_DriverToReference-SequenceTransformStatus = OK
Seq_Frame0073_Timestamp = 8.103
Seq_Frame0074_DriverToReference-SequenceTransform =0.780737 0.401741 0.478596 117.099 -0.274349 0.908541 -0.315097 230.111 -0.561411 0.114706 0.819549 116.221 0 0 0 1 
Seq_Frame0074_DriverToReference-SequenceTransformStatus = OK
Seq_Frame0074_Timestamp = 8.207
Seq_Frame0075_DriverToReference-SequenceTransform =0.791386 0.390781 0.470105 120.903 -0.283465 0.915911 -0.284173 226.23 -0.541624 0.0916325 0.835612 115.642 0 0 0 1 
Seq_Frame0075_DriverToReference-SequenceTransformStatus = OK
Seq_Frame0075_Timestamp = 8.308
Seq_Frame0076_DriverToReference-SequenceTransform =0.794079 0.390909 0.465434 121.474 -0.269123 0.912723 -0.307425 221.85 -0.544987 0.11886 0.829977 116.078 0 0 0 1 
Seq_Frame0076_DriverToReference-SequenceTransformStatus = OK
Seq_Frame0076_Timestamp = 8.412
Seq_Frame0077_DriverToReference-SequenceTransform =0.7745 0.394123 0.49479 122.034 -0.299155 0.917394 -0.262477 225.464 -0.557366 0.0552699 0.828425 104.236 0 0 0 1 
Seq_Frame0077_DriverToReference-SequenceTransformStatus = OK
Seq_Frame0077_Timestamp = 8.513
Seq_Frame0078_DriverToReference-SequenceTransform =0.45029 0.869133 0.204564 46.6813 -0.79135 0.494578 -0.359385 205.141 -0.413526 -5.40364e-05 0.910492 102.754 0 0 0 1 
Seq_Frame0078_DriverToReference-SequenceTransformStatus = OK
Seq_Frame0078_Timestamp = 10.343
Seq_Frame0079_DriverToReference-SequenceTransform =0.413541 0.834605 0.363893 41.4469 -0.802663 0.522845 -0.286994 202.443 -0.429786 -0.1734 0.886124 110.294 0 0 0 1 
Seq_Frame0079_DriverToReference-SequenceTransformStatus = OK
Seq_Frame0079_Timestamp = 10.518
Seq_Frame0080_DriverToReference-SequenceTransform =0.413541 0.834605 0.363893 41.4469 -0.802663 0.522845 -0.286994 202.443 -0.429786 -0.1734 0.886124 110.294 0 0 0 1 
Seq_Frame0080_DriverToReference-SequenceTransformStatus = OK
Seq_Frame0080_Timestamp = 10.619
Seq_Frame0081_DriverToReference-SequenceTransform =0.413541 0.834605 0.363893 41.4469 -0.802663 0.522845 -0.286994 202.443 -0.429786 -0.1734 0.886124 110.294 0 0 0 1 
Seq_Frame0081_DriverToReference-SequenceTransformStatus = OK
Seq_Frame0081_Timestamp = 10.943
Seq_Frame0082_DriverToReference-SequenceTransform =0.413541 0.834605 0.363893 41.4469 -0.802663 0.522845 -0.286994 202.443 -0.429786 -0.1734 0.886124 110.294 0 0 0 1 
Seq_Frame0082_DriverToReference-SequenceTransformStatus = OK
Seq_Frame0082_Timestamp = 11.053
Seq_Frame0083_DriverToReference-SequenceTransform =-0.707292 -0.51986 -0.479044 -19.7145 -0.706651 0.538672 0.458778 226.669 0.0195474 0.663007 -0.748358 121.108 0 0 0 1 
Seq_Frame0083_DriverToReference-SequenceTransformStatus = OK
Seq_Frame0083_Timestamp = 11.153
Seq_Frame0084_DriverToReference-SequenceTransform =-0.71183 -0.535488 -0.454479 -20.5481 -0.701921 0.519713 0.487038 226.559 -0.0246047 0.665696 -0.745817 121.675 0 0 0 1 
Seq_Frame0084_DriverToReference-SequenceTransformStatus = OK
Seq_Frame0084_Timestamp = 11.263
Seq_Frame0085_DriverToReference-SequenceTransform =-0.71183 -0.535488 -0.454479 -20.5481 -0.701921 0.519713 0.487038 226.559 -0.0246047 0.665696 -0.745817 121.675 0 0 0 1 
Seq_Frame0085_DriverToReference-SequenceTransformStatus = OK
Seq_Frame0085_Timestamp = 11.363
Seq_Frame0086_DriverToReference-SequenceTransform =-0.71183 -0.535488 -0.454479 -20.5481 -0.701921 0.519713 0.487038 226.559 -0.0246047 0.665696 -0.745817 121.675 0 0 0 1 
Seq_Frame0086_DriverToReference-SequenceTransformStatus = OK
Seq_Frame0086_Timestamp = 11.467
Seq_Frame0087_DriverToReference-SequenceTransform =-0.71183 -0.535488 -0.454479 -20.5481 -0.701921 0.519713 0.487038 226.559 -0.0246047 0.665696 -0.745817 121.675 0 0 0 1 
Seq_Frame0087_DriverToReference-SequenceTransformStatus = OK
Seq_Frame0087_Timestamp = 11.569
Seq_Frame0088_DriverToReference-SequenceTransform =-0.71183 -0.535488 -0.454479 -20.5481 -0.701921 0.519713 0.487038 226.559 -0.0246047 0.665696 -0.745817 121.675 0 0 0 1 
Seq_Frame0088_DriverToReference-SequenceTransformStatus = OK
Seq_Frame0088_Timestamp = 11.678
Seq_Frame0089_DriverToReference-SequenceTransform =-0.71183 -0.535488 -0.454479 -20.5481 -0.701921 0.519713 0.487038 226.559 -0.0246047 0.665696 -0.745817 121.675 0 0 0 1 
Seq_Frame0089_DriverToReference-SequenceTransformStatus = OK
Seq_Frame0089_Timestamp = 11.783
Seq_Frame0090_DriverToReference-SequenceTransform =-0.71183 -0.535488 -0.454479 -20.5481 -0.701921 0.519713 0.487038 226.559 -0.0246047 0.665696 -0.745817 121.675 0 0 0 1 
Seq_Frame0090_DriverToReference-SequenceTransformStatus = OK
Seq_Frame0090_Timestamp = 11.885
Seq_Frame0091_DriverToReference-SequenceTransform =-0.71183 -0.535488 -0.454479 -20.5481 -0.701921 0.519713 0.487038 226.559 -0.0246047 0.665696 -0.745817 121.675 0 0 0 1 
Seq_Frame0091_DriverToReference-SequenceTransformStatus = OK
Seq_Frame0091_Timestamp = 11.993
Seq_Frame0092_DriverToReference-SequenceTransform =-0.71183 -0.535488 -0.454479 -20.5481 -0.701921 0.519713 0.487038 226.559 -0.0246047 0.665696 -0.745817 121.675 0 0 0 1 
Seq_Frame0092_DriverToReference-SequenceTransformStatus = OK
Seq_Frame0092_Timestamp = 12.098
Seq_Frame0093_DriverToReference-SequenceTransform =-0.71183 -0.535488 -0.454479 -20.5481 -0.701921 0.519713 0.487038 226.559 -0.0246047 0.665696 -0.745817 121.675 0 0 0 1 
Seq_Frame0093_DriverToReference-SequenceTransformStatus = OK
Seq_Frame0093_Timestamp = 12.498
Seq_Frame0094_DriverToReference-SequenceTransform =-0.71183 -0.535488 -0.454479 -20.5481 -0.701921 0.519713 0.487038 226.559 -0.0246047 0.665696 -0.745817 121.675 0 0 0 1 
Seq_Frame0094_DriverToReference-SequenceTransformStatus = OK
Seq_Frame0094_Timestamp = 12.602
Seq_Frame0095_DriverToReference-SequenceTransform =-0.71183 -0.535488 -0.454479 -20.5481 -0.701921 0.519713 0.487038 226.559 -0.0246047 0.665696 -0.745817 121.675 0 0 0 1 
Seq_Frame0095_DriverToReference-SequenceTransformStatus = OK
Seq_Frame0095_Timestamp = 12.702
Seq_Frame0096_DriverToReference-SequenceTransform =-0.71183 -0.535488 -0.454479 -20.5481 -0.701921 0.519713 0.487038 226.559 -0.0246047 0.665696 -0.745817 121.675 0 0 0 1 
Seq_Frame0096_DriverToReference-SequenceTransformStatus = OK
Seq_Frame0096_Timestamp = 12.803
Seq_Frame0097_DriverToReference-SequenceTransform =-0.71183 -0.535488 -0.454479 -20.5481 -0.701921 0.519713 0.487038 226.559 -0.0246047 0.665696 -0.745817 121.675 0 0 0 1 
Seq_Frame0097_DriverToReference-SequenceTransformStatus = OK
Seq_Frame0097_Timestamp = 12.908
Seq_Frame0098_DriverToReference-SequenceTransform =-0.71183 -0.535488 -0.454479 -20.5481 -0.701921 0.519713 0.487038 226.559 -0.0246047 0.665696 -0.745817 121.675 0 0 0 1 
Seq_Frame0098_DriverToReference-SequenceTransformStatus = OK
Seq_Frame0098_Timestamp = 13.008
Seq_Frame0099_DriverToReference-SequenceTransform =-0.71183 -0.535488 -0.454479 -20.5481 -0.701921 0.519713 0.487038 226.559 -0.0246047 0.665696 -0.745817 121.675 0 0 0 1 
Seq_Frame0099_DriverToReference-SequenceTransformStatus = OK
Seq_Frame0099_Timestamp = 13.118
Seq_Frame0100_DriverToReference-SequenceTransform =-0.71183 -0.535488 -0.454479 -20.5481 -0.701921 0.519713 0.487038 226.559 -0.0246047 0.665696 -0.745817 121.675 0 0 0 1 
Seq_Frame0100_DriverToReference-SequenceTransformStatus = OK
Seq_Frame0100_Timestamp = 13.219
Seq_Frame0101_DriverToReference-SequenceTransform =-0.71183 -0.535488 -0.454479 -20.5481 -0.701921 0.519713 0.487038 226.559 -0.0246047 0.665696 -0.745817 121.675 0 0 0 1 
Seq_Frame0101_DriverToReference-SequenceTransformStatus = OK
Seq_Frame0101_Timestamp = 13.326
Seq_Frame0102_DriverToReference-SequenceTransform =-0.71183 -0.535488 -0.454479 -20.5481 -0.701921 0.519713 0.487038 226.559 -0.0246047 0.665696 -0.745817 121.675 0 0 0 1 
Seq_Frame0102_DriverToReference-SequenceTransformStatus = OK
Seq_Frame0102_Timestamp = 13.426
Seq_Frame0103_DriverToReference-SequenceTransform =-0.71183 -0.535488 -0.454479 -20.5481 -0.701921 0.519713 0.487038 226.559 -0.0246047 0.665696 -0.745817 121.675 0 0 0 1 
Seq_Frame0103_DriverToReference-SequenceTransformStatus = OK
Seq_Frame0103_Timestamp = 13.527
Seq_Frame0104_DriverToReference-SequenceTransform =-0.71183 -0.535488 -0.454479 -20.5481 -0.701921 0.519713 0.487038 226.559 -0.0246047 0.665696 -0.745817 121.675 0 0 0 1 
Seq_Frame0104_DriverToReference-SequenceTransformStatus = OK
Seq_Frame0104_Timestamp = 13.627
Seq_Frame0105_DriverToReference-SequenceTransform =-0.71183 -0.535488 -0.454479 -20.5481 -0.701921 0.519713 0.487038 226.559 -0.0246047 0.665696 -0.745817 121.675 0 0 0 1 
Seq_Frame0105_DriverToReference-SequenceTransformStatus = OK
Seq_Frame0105_Timestamp = 13.732
Seq_Frame0106_DriverToReference-SequenceTransform =-0.71183 -0.535488 -0.454479 -20.5481 -0.701921 0.519713 0.487038 226.559 -0.0246047 0.665696 -0.745817 121.675 0 0 0 1 
Seq_Frame0106_DriverToReference-SequenceTransformStatus = OK
Seq_Frame0106_Timestamp = 13.833
Seq_Frame0107_DriverToReference-SequenceTransform =-0.71183 -0.535488 -0.454479 -20.5481 -0.701921 0.519713 0.487038 226.559 -0.0246047 0.665696 -0.745817 121.675 0 0 0 1 
Seq_Frame0107_DriverToReference-SequenceTransformStatus = OK
Seq_Frame0107_Timestamp = 13.933
Seq_Frame0108_DriverToReference-SequenceTransform =-0.71183 -0.535488 -0.454479 -20.5481 -0.701921 0.519713 0.487038 226.559 -0.0246047 0.665696 -0.745817 121.675 0 0 0 1 
Seq_Frame0108_DriverToReference-SequenceTransformStatus = OK
Seq_Frame0108_Timestamp = 14.038
Seq_Frame0109_DriverToReference-SequenceTransform =-0.71183 -0.535488 -0.454479 -20.5481 -0.701921 0.519713 0.487038 226.559 -0.0246047 0.665696 -0.745817 121.675 0 0 0 1 
Seq_Frame0109_DriverToReference-SequenceTransformStatus = OK
Seq_Frame0109_Timestamp = 14.151
Seq_Frame0110_DriverToReference-SequenceTransform =-0.71183 -0.535488 -0.454479 -20.5481 -0.701921 0.519713 0.487038 226.559 -0.0246047 0.665696 -0.745817 121.675 0 0 0 1 
Seq_Frame0110_DriverToReference-SequenceTransformStatus = OK
Seq_Frame0110_Timestamp = 14.253
Seq_Frame0111_DriverToReference-SequenceTransform =-0.71183 -0.535488 -0.454479 -20.5481 -0.701921 0.519713 0.487038 226.559 -0.0246047 0.665696 -0.745817 121.675 0 0 0 1 
Seq_Frame0111_DriverToReference-SequenceTransformStatus = OK
Seq_Frame0111_Timestamp = 14.357
Seq_Frame0112_DriverToReference-SequenceTransform =-0.71183 -0.535488 -0.454479 -20.5481 -0.701921 0.519713 0.487038 226.559 -0.0246047 0.665696 -0.745817 121.675 0 0 0 1 
Seq_Frame0112_DriverToReference-SequenceTransformStatus = OK
Seq_Frame0112_Timestamp = 14.458
Seq_Frame0113_DriverToReference-SequenceTransform =-0.71183 -0.535488 -0.454479 -20.5481 -0.701921 0.519713 0.487038 226.559 -0.0246047 0.665696 -0.745817 121.675 0 0 0 1 
Seq_Frame0113_DriverToReference-SequenceTransformStatus = OK
Seq_Frame0113_Timestamp = 14.558
Seq_Frame0114_DriverToReference-SequenceTransform =-0.71183 -0.535488 -0.454479 -20.5481 -0.701921 0.519713 0.487038 226.559 -0.0246047 0.665696 -0.745817 121.675 0 0 0 1 
Seq_Frame0114_DriverToReference-SequenceTransformStatus = OK
Seq_Frame0114_Timestamp = 14.659
Seq_Frame0115_DriverToReference-SequenceTransform =-0.71183 -0.535488 -0.454479 -20.5481 -0.701921 0.519713 0.487038 226.559 -0.0246047 0.665696 -0.745817 121.675 0 0 0 1 
Seq_Frame0115_DriverToReference-SequenceTransformStatus = OK
Seq_Frame0115_Timestamp = 14.76
Seq_Frame0116_DriverToReference-SequenceTransform =-0.71183 -0.535488 -0.454479 -20.5481 -0.701921 0.519713 0.487038 226.559 -0.0246047 0.665696 -0.745817 121.675 0 0 0 1 
Seq_Frame0116_DriverToReference-SequenceTransformStatus = OK
Seq_Frame0116_Timestamp = 14.868
Seq_Frame0117_DriverToReference-SequenceTransform =-0.71183 -0.535488 -0.454479 -20.5481 -0.701921 0.519713 0.487038 226.559 -0.0246047 0.665696 -0.745817 121.675 0 0 0 1 
Seq_Frame0117_DriverToReference-SequenceTransformStatus = OK
Seq_Frame0117_Timestamp = 14.977
Seq_Frame0118_DriverToReference-SequenceTransform =-0.71183 -0.535488 -0.454479 -20.5481 -0.701921 0.519713 0.487038 226.559 -0.0246047 0.665696 -0.745817 121.675 0 0 0 1 
Seq_Frame0118_DriverToReference-SequenceTransformStatus = OK
Seq_Frame0118_Timestamp = 15.088
Seq_Frame0119_DriverToReference-SequenceTransform =-0.71183 -0.535488 -0.454479 -20.5481 -0.701921 0.519713 0.487038 226.559 -0.0246047 0.665696 -0.745817 121.675 0 0 0 1 
Seq_Frame0119_DriverToReference-SequenceTransformStatus = OK
Seq_Frame0119_Timestamp = 15.193
Seq_Frame0120_DriverToReference-SequenceTransform =-0.71183 -0.535488 -0.454479 -20.5481 -0.701921 0.519713 0.487038 226.559 -0.0246047 0.665696 -0.745817 121.675 0 0 0 1 
Seq_Frame0120_DriverToReference-SequenceTransformStatus = OK
Seq_Frame0120_Timestamp = 15.302
Seq_Frame0121_DriverToReference-SequenceTransform =-0.71183 -0.535488 -0.454479 -20.5481 -0.701921 0.519713 0.487038 226.559 -0.0246047 0.665696 -0.745817 121.675 0 0 0 1 
Seq_Frame0121_DriverToReference-SequenceTransformStatus = OK
Seq_Frame0121_Timestamp = 15.408
Seq_Frame0122_DriverToReference-SequenceTransform =0.499381 -0.0516493 0.864842 30.4123 -0.396065 0.874199 0.280906 240.835 -0.770552 -0.482813 0.416102 167.692 0 0 0 1 
Seq_Frame0122_DriverToReference-SequenceTransformStatus = OK
Seq_Frame0122_Timestamp = 15.508
Seq_Frame0123_DriverToReference-SequenceTransform =0.476619 -0.156844 0.865005 41.9904 -0.39963 0.837758 0.3721 242.53 -0.783027 -0.523032 0.336611 180.154 0 0 0 1 
Seq_Frame0123_DriverToReference-SequenceTransformStatus = OK
Seq_Frame0123_Timestamp = 15.613
Seq_Frame0124_DriverToReference-SequenceTransform =0.476619 -0.156844 0.865005 41.9904 -0.39963 0.837758 0.3721 242.53 -0.783027 -0.523032 0.336611 180.154 0 0 0 1 
Seq_Frame0124_DriverToReference-SequenceTransformStatus = OK
Seq_Frame0124_Timestamp = 15.767
Seq_Frame0125_DriverToReference-SequenceTransform =0.476619 -0.156844 0.865005 41.9904 -0.39963 0.837758 0.3721 242.53 -0.783027 -0.523032 0.336611 180.154 0 0 0 1 
Seq_Frame0125_DriverToReference-SequenceTransformStatus = OK
Seq_Frame0125_Timestamp = 15.868
Seq_Frame0126_DriverToReference-SequenceTransform =0.476619 -0.156844 0.865005 41.9904 -0.39963 0.837758 0.3721 242.53 -0.783027 -0.523032 0.336611 180.154 0 0 0 1 
Seq_Frame0126_DriverToReference-SequenceTransformStatus = OK
Seq_Frame0126_Timestamp = 15.973
Seq_Frame0127_DriverToReference-SequenceTransform =0.715831 -0.24049 0.655553 90.5385 -0.3803 0.653095 0.654857 305.779 -0.585625 -0.718074 0.376048 278.775 0 0 0 1 
Seq_Frame0127_DriverToReference-SequenceTransformStatus = OK
Seq_Frame0127_Timestamp = 16.085
Seq_Frame0128_DriverToReference-SequenceTransform =0.693481 -0.399828 0.599351 104.515 -0.353801 0.535687 0.766723 312.787 -0.627622 -0.743759 0.23003 301.776 0 0 0 1 
Seq_Frame0128_DriverToReference-SequenceTransformStatus = OK
Seq_Frame0128_Timestamp = 16.194
Seq_Frame0129_DriverToReference-SequenceTransform =0.693481 -0.399828 0.599351 104.515 -0.353801 0.535687 0.766723 312.787 -0.627622 -0.743759 0.23003 301.776 0 0 0 1 
Seq_Frame0129_DriverToReference-SequenceTransformStatus = OK
Seq_Frame0129_Timestamp = 16.294
Seq_Frame0130_DriverToReference-SequenceTransform =0.693481 -0.399828 0.599351 104.515 -0.353801 0.535687 0.766723 312.787 -0.627622 -0.743759 0.23003 301.776 0 0 0 1 
Seq_Frame0130_DriverToReference-SequenceTransformStatus = OK
Seq_Frame0130_Timestamp = 16.402
Seq_Frame0131_DriverToReference-SequenceTransform =0.693481 -0.399828 0.599351 104.515 -0.353801 0.535687 0.766723 312.787 -0.627622 -0.743759 0.23003 301.776 0 0 0 1 
Seq_Frame0131_DriverToReference-SequenceTransformStatus = OK
Seq_Frame0131_Timestamp = 16.51
Seq_Frame0132_DriverToReference-SequenceTransform =0.693481 -0.399828 0.599351 104.515 -0.353801 0.535687 0.766723 312.787 -0.627622 -0.743759 0.23003 301.776 0 0 0 1 
Seq_Frame0132_DriverToReference-SequenceTransformStatus = OK
Seq_Frame0132_Timestamp = 16.797
Seq_Frame0133_DriverToReference-SequenceTransform =0.693481 -0.399828 0.599351 104.515 -0.353801 0.535687 0.766723 312.787 -0.627622 -0.743759 0.23003 301.776 0 0 0 1 
Seq_Frame0133_DriverToReference-SequenceTransformStatus = OK
Seq_Frame0133_Timestamp = 17.142
Seq_Frame0134_DriverToReference-SequenceTransform =0.693481 -0.399828 0.599351 104.515 -0.353801 0.535687 0.766723 312.787 -0.627622 -0.743759 0.23003 301.776 0 0 0 1 
Seq_Frame0134_DriverToReference-SequenceTransformStatus = OK
Seq_Frame0134_Timestamp = 17.243
Seq_Frame0135_DriverToReference-SequenceTransform =0.693481 -0.399828 0.599351 104.515 -0.353801 0.535687 0.766723 312.787 -0.627622 -0.743759 0.23003 301.776 0 0 0 1 
Seq_Frame0135_DriverToReference-SequenceTransformStatus = OK
Seq_Frame0135_Timestamp = 17.353
Seq_Frame0136_DriverToReference-SequenceTransform =0.693481 -0.399828 0.599351 104.515 -0.353801 0.535687 0.766723 312.787 -0.627622 -0.743759 0.23003 301.776 0 0 0 1 
Seq_Frame0136_DriverToReference-SequenceTransformStatus = OK
Seq_Frame0136_Timestamp = 17.458
Seq_Frame0137_DriverToReference-SequenceTransform =0.693481 -0.399828 0.599351 104.515 -0.353801 0.535687 0.766723 312.787 -0.627622 -0.743759 0.23003 301.776 0 0 0 1 
Seq_Frame0137_DriverToReference-SequenceTransformStatus = OK
Seq_Frame0137_Timestamp = 17.558
Seq_Frame0138_DriverToReference-SequenceTransform =0.693481 -0.399828 0.599351 104.515 -0.353801 0.535687 0.766723 312.787 -0.627622 -0.743759 0.23003 301.776 0 0 0 1 
Seq_Frame0138_DriverToReference-SequenceTransformStatus = OK
Seq_Frame0138_Timestamp = 20.988
Seq_Frame0139_DriverToReference-SequenceTransform =0.693481 -0.399828 0.599351 104.515 -0.353801 0.535687 0.766723 312.787 -0.627622 -0.743759 0.23003 301.776 0 0 0 1 
Seq_Frame0139_DriverToReference-SequenceTransformStatus = OK
Seq_Frame0139_Timestamp = 21.092
Seq_Frame0140_DriverToReference-SequenceTransform =0.693481 -0.399828 0.599351 104.515 -0.353801 0.535687 0.766723 312.787 -0.627622 -0.743759 0.23003 301.776 0 0 0 1 
Seq_Frame0140_DriverToReference-SequenceTransformStatus = OK
Seq_Frame0140_Timestamp = 21.193
Seq_Frame0141_DriverToReference-SequenceTransform =0.693481 -0.399828 0.599351 104.515 -0.353801 0.535687 0.766723 312.787 -0.627622 -0.743759 0.23003 301.776 0 0 0 1 
Seq_Frame0141_DriverToReference-SequenceTransformStatus = OK
Seq_Frame0141_Timestamp = 21.303
Seq_Frame0142_DriverToReference-SequenceTransform =0.693481 -0.399828 0.599351 104.515 -0.353801 0.535687 0.766723 312.787 -0.627622 -0.743759 0.23003 301.776 0 0 0 1 
Seq_Frame0142_DriverToReference-SequenceTransformStatus = OK
Seq_Frame0142_Timestamp = 21.403
Seq_Frame0143_DriverToReference-SequenceTransform =0.693481 -0.399828 0.599351 104.515 -0.353801 0.535687 0.766723 312.787 -0.627622 -0.743759 0.23003 301.776 0 0 0 1 
Seq_Frame0143_DriverToReference-SequenceTransformStatus = OK
Seq_Frame0143_Timestamp = 21.508
Seq_Frame0144_DriverToReference-SequenceTransform =0.693481 -0.399828 0.599351 104.515 -0.353801 0.535687 0.766723 312.787 -0.627622 -0.743759 0.23003 301.776 0 0 0 1 
Seq_Frame0144_DriverToReference-SequenceTransformStatus = OK
Seq_Frame0144_Timestamp = 21.618
Seq_Frame0145_DriverToReference-SequenceTransform =0.693481 -0.399828 0.599351 104.515 -0.353801 0.535687 0.766723 312.787 -0.627622 -0.743759 0.23003 301.776 0 0 0 1 
Seq_Frame0145_DriverToReference-SequenceTransformStatus = OK
Seq_Frame0145_Timestamp = 21.726
Seq_Frame0146_DriverToReference-SequenceTransform =0.693481 -0.399828 0.599351 104.515 -0.353801 0.535687 0.766723 312.787 -0.627622 -0.743759 0.23003 301.776 0 0 0 1 
Seq_Frame0146_DriverToReference-SequenceTransformStatus = OK
Seq_Frame0146_Timestamp = 21.827
Seq_Frame0147_DriverToReference-SequenceTransform =0.693481 -0.399828 0.599351 104.515 -0.353801 0.535687 0.766723 312.787 -0.627622 -0.743759 0.23003 301.776 0 0 0 1 
Seq_Frame0147_DriverToReference-SequenceTransformStatus = OK
Seq_Frame0147_Timestamp = 21.933
Seq_Frame0148_DriverToReference-SequenceTransform =0.693481 -0.399828 0.599351 104.515 -0.353801 0.535687 0.766723 312.787 -0.627622 -0.743759 0.23003 301.776 0 0 0 1 
Seq_Frame0148_DriverToReference-SequenceTransformStatus = OK
Seq_Frame0148_Timestamp = 22.043
Seq_Frame0149_DriverToReference-SequenceTransform =0.693481 -0.399828 0.599351 104.515 -0.353801 0.535687 0.766723 312.787 -0.627622 -0.743759 0.23003 301.776 0 0 0 1 
Seq_Frame0149_DriverToReference-SequenceTransformStatus = OK
Seq_Frame0149_Timestamp = 22.143
Seq_Frame0150_DriverToReference-SequenceTransform =0.693481 -0.399828 0.599351 104.515 -0.353801 0.535687 0.766723 312.787 -0.627622 -0.743759 0.23003 301.776 0 0 0 1 
Seq_Frame0150_DriverToReference-SequenceTransformStatus = OK
Seq_Frame0150_Timestamp = 22.244
