ObjectType = Image
NDims = 3
AnatomicalOrientation = RAI
BinaryData = True
CompressedData = False
DimSize = 0 0 3042
ElementSpacing = 1 1 1
Offset = 0 0 0
TransformMatrix = 1 0 0 0 1 0 0 0 1
ElementType = MET_UCHAR
Kinds = domain domain list
Seq_Frame0000_DriverToReference-SequenceTransform =-0.895742 -0.426492 0.1255 113.692 -0.142029 0.542026 0.828272 28.4547 -0.421276 0.724094 -0.54609 48.8263 0 0 0 1 
Seq_Frame0000_DriverToReference-SequenceTransformStatus = OK
Seq_Frame0000_Timestamp = 0.0079999
Seq_Frame0001_DriverToReference-SequenceTransform =-0.855086 -0.507469 0.106321 117.823 -0.242834 0.573149 0.782644 32.9073 -0.458105 0.64341 -0.613322 47.4772 0 0 0 1 
Seq_Frame0001_DriverToReference-SequenceTransformStatus = OK
Seq_Frame0001_Timestamp = 0.109
Seq_Frame0002_DriverToReference-SequenceTransform =-0.735979 -0.623646 0.263441 124.318 -0.256648 0.617096 0.743858 36.7544 -0.626472 0.479852 -0.614227 37.4052 0 0 0 1 
Seq_Frame0002_DriverToReference-SequenceTransformStatus = OK
Seq_Frame0002_Timestamp = 0.218
Seq_Frame0003_DriverToReference-SequenceTransform =-0.607327 -0.619681 0.497141 124.112 -0.116748 0.688587 0.715694 41.0076 -0.785827 0.37662 -0.490544 31.7254 0 0 0 1 
Seq_Frame0003_DriverToReference-SequenceTransformStatus = OK
Seq_Frame0003_Timestamp = 0.323
Seq_Frame0004_DriverToReference-SequenceTransform =-0.607327 -0.619681 0.497141 124.112 -0.116748 0.688587 0.715694 41.0076 -0.785827 0.37662 -0.490544 31.7254 0 0 0 1 
Seq_Frame0004_DriverToReference-SequenceTransformStatus = OK
Seq_Frame0004_Timestamp = 0.433
Seq_Frame0005_DriverToReference-SequenceTransform =-0.607327 -0.619681 0.497141 124.112 -0.116748 0.688587 0.715694 41.0076 -0.785827 0.37662 -0.490544 31.7254 0 0 0 1 
Seq_Frame0005_DriverToReference-SequenceTransformStatus = OK
Seq_Frame0005_Timestamp = 0.538
Seq_Frame0006_DriverToReference-SequenceTransform =-0.607327 -0.619681 0.497141 124.112 -0.116748 0.688587 0.715694 41.0076 -0.785827 0.37662 -0.490544 31.7254 0 0 0 1 
Seq_Frame0006_DriverToReference-SequenceTransformStatus = OK
Seq_Frame0006_Timestamp = 0.643
Seq_Frame0007_DriverToReference-SequenceTransform =-0.340875 -0.886525 -0.312853 5.24469 -0.363013 -0.182851 0.913667 249.127 -0.867194 0.425016 -0.259491 19.517 0 0 0 1 
Seq_Frame0007_DriverToReference-SequenceTransformStatus = OK
Seq_Frame0007_Timestamp = 0.764
Seq_Frame0008_DriverToReference-SequenceTransform =-0.340875 -0.886525 -0.312853 5.24469 -0.363013 -0.182851 0.913667 249.127 -0.867194 0.425016 -0.259491 19.517 0 0 0 1 
Seq_Frame0008_DriverToReference-SequenceTransformStatus = OK
Seq_Frame0008_Timestamp = 0.878
Seq_Frame0009_DriverToReference-SequenceTransform =-0.340875 -0.886525 -0.312853 5.24469 -0.363013 -0.182851 0.913667 249.127 -0.867194 0.425016 -0.259491 19.517 0 0 0 1 
Seq_Frame0009_DriverToReference-SequenceTransformStatus = OK
Seq_Frame0009_Timestamp = 0.988
Seq_Frame0010_DriverToReference-SequenceTransform =-0.340875 -0.886525 -0.312853 5.24469 -0.363013 -0.182851 0.913667 249.127 -0.867194 0.425016 -0.259491 19.517 0 0 0 1 
Seq_Frame0010_DriverToReference-SequenceTransformStatus = OK
Seq_Frame0010_Timestamp = 1.093
Seq_Frame0011_DriverToReference-SequenceTransform =-0.340875 -0.886525 -0.312853 5.24469 -0.363013 -0.182851 0.913667 249.127 -0.867194 0.425016 -0.259491 19.517 0 0 0 1 
Seq_Frame0011_DriverToReference-SequenceTransformStatus = OK
Seq_Frame0011_Timestamp = 1.203
Seq_Frame0012_DriverToReference-SequenceTransform =-0.340875 -0.886525 -0.312853 5.24469 -0.363013 -0.182851 0.913667 249.127 -0.867194 0.425016 -0.259491 19.517 0 0 0 1 
Seq_Frame0012_DriverToReference-SequenceTransformStatus = OK
Seq_Frame0012_Timestamp = 1.308
Seq_Frame0013_DriverToReference-SequenceTransform =-0.340875 -0.886525 -0.312853 5.24469 -0.363013 -0.182851 0.913667 249.127 -0.867194 0.425016 -0.259491 19.517 0 0 0 1 
Seq_Frame0013_DriverToReference-SequenceTransformStatus = OK
Seq_Frame0013_Timestamp = 1.419
Seq_Frame0014_DriverToReference-SequenceTransform =-0.340875 -0.886525 -0.312853 5.24469 -0.363013 -0.182851 0.913667 249.127 -0.867194 0.425016 -0.259491 19.517 0 0 0 1 
Seq_Frame0014_DriverToReference-SequenceTransformStatus = OK
Seq_Frame0014_Timestamp = 1.531
Seq_Frame0015_DriverToReference-SequenceTransform =-0.340875 -0.886525 -0.312853 5.24469 -0.363013 -0.182851 0.913667 249.127 -0.867194 0.425016 -0.259491 19.517 0 0 0 1 
Seq_Frame0015_DriverToReference-SequenceTransformStatus = OK
Seq_Frame0015_Timestamp = 1.649
Seq_Frame0016_DriverToReference-SequenceTransform =-0.340875 -0.886525 -0.312853 5.24469 -0.363013 -0.182851 0.913667 249.127 -0.867194 0.425016 -0.259491 19.517 0 0 0 1 
Seq_Frame0016_DriverToReference-SequenceTransformStatus = OK
Seq_Frame0016_Timestamp = 1.754
Seq_Frame0017_DriverToReference-SequenceTransform =-0.340875 -0.886525 -0.312853 5.24469 -0.363013 -0.182851 0.913667 249.127 -0.867194 0.425016 -0.259491 19.517 0 0 0 1 
Seq_Frame0017_DriverToReference-SequenceTransformStatus = OK
Seq_Frame0017_Timestamp = 1.858
Seq_Frame0018_DriverToReference-SequenceTransform =-0.340875 -0.886525 -0.312853 5.24469 -0.363013 -0.182851 0.913667 249.127 -0.867194 0.425016 -0.259491 19.517 0 0 0 1 
Seq_Frame0018_DriverToReference-SequenceTransformStatus = OK
Seq_Frame0018_Timestamp = 1.969
Seq_Frame0019_DriverToReference-SequenceTransform =-0.340875 -0.886525 -0.312853 5.24469 -0.363013 -0.182851 0.913667 249.127 -0.867194 0.425016 -0.259491 19.517 0 0 0 1 
Seq_Frame0019_DriverToReference-SequenceTransformStatus = OK
Seq_Frame0019_Timestamp = 2.078
Seq_Frame0020_DriverToReference-SequenceTransform =0.475714 -0.388204 -0.7893 -56.0225 -0.879152 -0.238493 -0.412569 338.484 -0.0280821 0.890179 -0.454745 219.1 0 0 0 1 
Seq_Frame0020_DriverToReference-SequenceTransformStatus = OK
Seq_Frame0020_Timestamp = 2.183
Seq_Frame0021_DriverToReference-SequenceTransform =0.465013 -0.446375 -0.764534 -13.8721 -0.88495 -0.258794 -0.387156 324.545 -0.0250402 0.856606 -0.515362 235.641 0 0 0 1 
Seq_Frame0021_DriverToReference-SequenceTransformStatus = OK
Seq_Frame0021_Timestamp = 2.289
Seq_Frame0022_DriverToReference-SequenceTransform =0.489204 -0.425079 -0.761569 67.0821 -0.851686 -0.420961 -0.312127 324.543 -0.187912 0.801311 -0.56797 236.539 0 0 0 1 
Seq_Frame0022_DriverToReference-SequenceTransformStatus = OK
Seq_Frame0022_Timestamp = 2.958
Seq_Frame0023_DriverToReference-SequenceTransform =0.474076 -0.439365 -0.763027 66.5391 -0.859546 -0.418802 -0.292891 329.521 -0.190871 0.79471 -0.576198 235.676 0 0 0 1 
Seq_Frame0023_DriverToReference-SequenceTransformStatus = OK
Seq_Frame0023_Timestamp = 3.068
Seq_Frame0024_DriverToReference-SequenceTransform =0.49248 -0.400748 -0.77257 59.5589 -0.835998 -0.464664 -0.291882 328.49 -0.242014 0.789613 -0.563863 237.554 0 0 0 1 
Seq_Frame0024_DriverToReference-SequenceTransformStatus = OK
Seq_Frame0024_Timestamp = 3.173
Seq_Frame0025_DriverToReference-SequenceTransform =0.458817 -0.431899 -0.776499 56.4611 -0.850699 -0.465819 -0.243566 322.556 -0.256512 0.772319 -0.581142 237.9 0 0 0 1 
Seq_Frame0025_DriverToReference-SequenceTransformStatus = OK
Seq_Frame0025_Timestamp = 3.283
Seq_Frame0026_DriverToReference-SequenceTransform =0.435186 -0.463148 -0.77208 56.1919 -0.865822 -0.450457 -0.217808 317.974 -0.246911 0.763271 -0.597037 237.301 0 0 0 1 
Seq_Frame0026_DriverToReference-SequenceTransformStatus = OK
Seq_Frame0026_Timestamp = 3.394
Seq_Frame0027_DriverToReference-SequenceTransform =0.408634 -0.488107 -0.771213 55.3886 -0.877179 -0.443464 -0.184109 317.273 -0.25214 0.751725 -0.609372 235.607 0 0 0 1 
Seq_Frame0027_DriverToReference-SequenceTransformStatus = OK
Seq_Frame0027_Timestamp = 3.499
Seq_Frame0028_DriverToReference-SequenceTransform =0.37729 -0.497233 -0.781288 56.4159 -0.895336 -0.411466 -0.170497 315.529 -0.236697 0.763842 -0.600433 232.511 0 0 0 1 
Seq_Frame0028_DriverToReference-SequenceTransformStatus = OK
Seq_Frame0028_Timestamp = 3.608
Seq_Frame0029_DriverToReference-SequenceTransform =0.373018 -0.498937 -0.782253 58.476 -0.893793 -0.419478 -0.158655 314.741 -0.248979 0.758354 -0.602419 229.863 0 0 0 1 
Seq_Frame0029_DriverToReference-SequenceTransformStatus = OK
Seq_Frame0029_Timestamp = 3.718
Seq_Frame0030_DriverToReference-SequenceTransform =0.385063 -0.498755 -0.776511 63.8642 -0.884965 -0.43827 -0.157342 316.06 -0.261846 0.747772 -0.610142 227.084 0 0 0 1 
Seq_Frame0030_DriverToReference-SequenceTransformStatus = OK
Seq_Frame0030_Timestamp = 3.828
Seq_Frame0031_DriverToReference-SequenceTransform =0.395654 -0.536106 -0.745687 76.3169 -0.888987 -0.427401 -0.16441 311.169 -0.230566 0.727955 -0.645694 223.61 0 0 0 1 
Seq_Frame0031_DriverToReference-SequenceTransformStatus = OK
Seq_Frame0031_Timestamp = 3.938
Seq_Frame0032_DriverToReference-SequenceTransform =0.398936 -0.597042 -0.695982 89.2899 -0.89758 -0.409542 -0.163171 304.346 -0.187614 0.689794 -0.699275 218.661 0 0 0 1 
Seq_Frame0032_DriverToReference-SequenceTransformStatus = OK
Seq_Frame0032_Timestamp = 4.048
Seq_Frame0033_DriverToReference-SequenceTransform =0.417985 -0.597886 -0.683975 93.4292 -0.886922 -0.43152 -0.164802 303.014 -0.196616 0.675517 -0.710647 215.753 0 0 0 1 
Seq_Frame0033_DriverToReference-SequenceTransformStatus = OK
Seq_Frame0033_Timestamp = 4.158
Seq_Frame0034_DriverToReference-SequenceTransform =0.433065 -0.579175 -0.69066 93.1249 -0.878633 -0.442242 -0.180073 304.892 -0.201145 0.68482 -0.700402 215.407 0 0 0 1 
Seq_Frame0034_DriverToReference-SequenceTransformStatus = OK
Seq_Frame0034_Timestamp = 4.268
Seq_Frame0035_DriverToReference-SequenceTransform =0.433242 -0.560174 -0.706049 92.3894 -0.873106 -0.455191 -0.174606 308.302 -0.223577 0.692103 -0.6863 216.006 0 0 0 1 
Seq_Frame0035_DriverToReference-SequenceTransformStatus = OK
Seq_Frame0035_Timestamp = 4.378
Seq_Frame0036_DriverToReference-SequenceTransform =0.444502 -0.541751 -0.713389 89.3953 -0.862629 -0.473524 -0.177895 310.826 -0.241431 0.694465 -0.677812 218.481 0 0 0 1 
Seq_Frame0036_DriverToReference-SequenceTransformStatus = OK
Seq_Frame0036_Timestamp = 4.483
Seq_Frame0037_DriverToReference-SequenceTransform =0.439312 -0.499643 -0.746566 84.2835 -0.856014 -0.484902 -0.179193 310.366 -0.272478 0.717793 -0.640725 219.864 0 0 0 1 
Seq_Frame0037_DriverToReference-SequenceTransformStatus = OK
Seq_Frame0037_Timestamp = 4.59
Seq_Frame0038_DriverToReference-SequenceTransform =0.44661 -0.484038 -0.752494 80.3458 -0.852598 -0.485272 -0.193874 311.302 -0.271322 0.728161 -0.629418 222.254 0 0 0 1 
Seq_Frame0038_DriverToReference-SequenceTransformStatus = OK
Seq_Frame0038_Timestamp = 4.703
Seq_Frame0039_DriverToReference-SequenceTransform =0.449364 -0.468687 -0.760529 78.6049 -0.845729 -0.497424 -0.193161 313.902 -0.287773 0.730001 -0.619907 222.423 0 0 0 1 
Seq_Frame0039_DriverToReference-SequenceTransformStatus = OK
Seq_Frame0039_Timestamp = 4.808
Seq_Frame0040_DriverToReference-SequenceTransform =0.459685 -0.467165 -0.755279 78.5746 -0.834301 -0.51863 -0.18699 315.215 -0.304355 0.716087 -0.628162 223.225 0 0 0 1 
Seq_Frame0040_DriverToReference-SequenceTransformStatus = OK
Seq_Frame0040_Timestamp = 4.931
Seq_Frame0041_DriverToReference-SequenceTransform =0.464884 -0.461621 -0.755506 78.3841 -0.826289 -0.532705 -0.182952 315.445 -0.318007 0.709318 -0.629078 223.598 0 0 0 1 
Seq_Frame0041_DriverToReference-SequenceTransformStatus = OK
Seq_Frame0041_Timestamp = 5.034
Seq_Frame0042_DriverToReference-SequenceTransform =0.449025 -0.460227 -0.765877 78.931 -0.829229 -0.533891 -0.165345 315.362 -0.332798 0.709332 -0.621364 224.075 0 0 0 1 
Seq_Frame0042_DriverToReference-SequenceTransformStatus = OK
Seq_Frame0042_Timestamp = 5.138
Seq_Frame0043_DriverToReference-SequenceTransform =0.424686 -0.45952 -0.780054 79.3716 -0.837784 -0.526058 -0.146222 314.86 -0.343162 0.715615 -0.608388 224.135 0 0 0 1 
Seq_Frame0043_DriverToReference-SequenceTransformStatus = OK
Seq_Frame0043_Timestamp = 5.242
Seq_Frame0044_DriverToReference-SequenceTransform =0.415352 -0.469972 -0.778851 79.8986 -0.842968 -0.520653 -0.135373 313.77 -0.34189 0.712774 -0.612426 224.564 0 0 0 1 
Seq_Frame0044_DriverToReference-SequenceTransformStatus = OK
Seq_Frame0044_Timestamp = 5.348
Seq_Frame0045_DriverToReference-SequenceTransform =0.415987 -0.460464 -0.784173 78.997 -0.853424 -0.495474 -0.161782 313.4 -0.314042 0.736531 -0.599082 225.209 0 0 0 1 
Seq_Frame0045_DriverToReference-SequenceTransformStatus = OK
Seq_Frame0045_Timestamp = 5.457
Seq_Frame0046_DriverToReference-SequenceTransform =0.416453 -0.468157 -0.779357 79.1153 -0.858092 -0.485651 -0.166796 314.142 -0.300409 0.738222 -0.603972 225.28 0 0 0 1 
Seq_Frame0046_DriverToReference-SequenceTransformStatus = OK
Seq_Frame0046_Timestamp = 5.557
Seq_Frame0047_DriverToReference-SequenceTransform =0.415052 -0.483444 -0.770723 81.9492 -0.863557 -0.475974 -0.166485 314.401 -0.286358 0.734663 -0.615035 224.636 0 0 0 1 
Seq_Frame0047_DriverToReference-SequenceTransformStatus = OK
Seq_Frame0047_Timestamp = 5.663
Seq_Frame0048_DriverToReference-SequenceTransform =0.409148 -0.487559 -0.771287 83.5326 -0.866616 -0.472215 -0.161213 314.017 -0.285613 0.73437 -0.615732 224.574 0 0 0 1 
Seq_Frame0048_DriverToReference-SequenceTransformStatus = OK
Seq_Frame0048_Timestamp = 5.768
Seq_Frame0049_DriverToReference-SequenceTransform =0.419698 -0.476988 -0.772228 82.2126 -0.861338 -0.47763 -0.173107 312.356 -0.28627 0.737802 -0.611309 224.557 0 0 0 1 
Seq_Frame0049_DriverToReference-SequenceTransformStatus = OK
Seq_Frame0049_Timestamp = 5.882
Seq_Frame0050_DriverToReference-SequenceTransform =0.423097 -0.480024 -0.768483 81.5389 -0.863172 -0.471452 -0.180741 312.571 -0.275543 0.739804 -0.613813 224.711 0 0 0 1 
Seq_Frame0050_DriverToReference-SequenceTransformStatus = OK
Seq_Frame0050_Timestamp = 5.983
Seq_Frame0051_DriverToReference-SequenceTransform =0.432876 -0.485152 -0.759767 82.3356 -0.86241 -0.468238 -0.192361 312.989 -0.262427 0.738499 -0.621089 224.694 0 0 0 1 
Seq_Frame0051_DriverToReference-SequenceTransformStatus = OK
Seq_Frame0051_Timestamp = 6.093
Seq_Frame0052_DriverToReference-SequenceTransform =0.409453 -0.483636 -0.773592 83.8694 -0.867372 -0.469258 -0.165718 313.666 -0.282867 0.738846 -0.611632 224.08 0 0 0 1 
Seq_Frame0052_DriverToReference-SequenceTransformStatus = OK
Seq_Frame0052_Timestamp = 6.199
Seq_Frame0053_DriverToReference-SequenceTransform =0.404674 -0.50747 -0.760732 86.226 -0.874246 -0.45868 -0.159082 314.379 -0.268203 0.729443 -0.62927 223.937 0 0 0 1 
Seq_Frame0053_DriverToReference-SequenceTransformStatus = OK
Seq_Frame0053_Timestamp = 6.302
Seq_Frame0054_DriverToReference-SequenceTransform =0.400313 -0.508487 -0.762359 86.4783 -0.875885 -0.456882 -0.155189 314.574 -0.269396 0.729863 -0.628272 223.295 0 0 0 1 
Seq_Frame0054_DriverToReference-SequenceTransformStatus = OK
Seq_Frame0054_Timestamp = 6.408
Seq_Frame0055_DriverToReference-SequenceTransform =0.394764 -0.530061 -0.750464 87.1752 -0.882787 -0.445213 -0.149911 314.905 -0.254654 0.721679 -0.643685 222.2 0 0 0 1 
Seq_Frame0055_DriverToReference-SequenceTransformStatus = OK
Seq_Frame0055_Timestamp = 6.513
Seq_Frame0056_DriverToReference-SequenceTransform =0.398917 -0.510001 -0.762079 85.2729 -0.896479 -0.391684 -0.207145 311.603 -0.192849 0.765821 -0.613455 222.005 0 0 0 1 
Seq_Frame0056_DriverToReference-SequenceTransformStatus = OK
Seq_Frame0056_Timestamp = 6.614
Seq_Frame0057_DriverToReference-SequenceTransform =0.378734 -0.529007 -0.759416 83.6143 -0.92027 -0.302407 -0.248299 307.328 -0.0983001 0.792907 -0.601361 219.364 0 0 0 1 
Seq_Frame0057_DriverToReference-SequenceTransformStatus = OK
Seq_Frame0057_Timestamp = 6.723
Seq_Frame0058_DriverToReference-SequenceTransform =0.330739 -0.524506 -0.784541 75.5759 -0.941864 -0.131309 -0.309274 299.137 0.0591986 0.84122 -0.537443 211.197 0 0 0 1 
Seq_Frame0058_DriverToReference-SequenceTransformStatus = OK
Seq_Frame0058_Timestamp = 6.828
Seq_Frame0059_DriverToReference-SequenceTransform =0.214562 -0.426445 -0.878697 48.2189 -0.935086 0.17015 -0.310908 289.041 0.282095 0.888366 -0.362255 200.325 0 0 0 1 
Seq_Frame0059_DriverToReference-SequenceTransformStatus = OK
Seq_Frame0059_Timestamp = 6.934
Seq_Frame0060_DriverToReference-SequenceTransform =-0.165286 -0.34462 -0.924076 21.1601 -0.87839 0.477485 -0.0209562 296.94 0.448454 0.808236 -0.381633 190.658 0 0 0 1 
Seq_Frame0060_DriverToReference-SequenceTransformStatus = OK
Seq_Frame0060_Timestamp = 7.038
Seq_Frame0061_DriverToReference-SequenceTransform =-0.484984 -0.124917 -0.865556 -15.9207 -0.662114 0.699033 0.270107 293.437 0.571311 0.704094 -0.421729 174.58 0 0 0 1 
Seq_Frame0061_DriverToReference-SequenceTransformStatus = OK
Seq_Frame0061_Timestamp = 7.144
Seq_Frame0062_DriverToReference-SequenceTransform =-0.484984 -0.124917 -0.865556 -15.9207 -0.662114 0.699033 0.270107 293.437 0.571311 0.704094 -0.421729 174.58 0 0 0 1 
Seq_Frame0062_DriverToReference-SequenceTransformStatus = OK
Seq_Frame0062_Timestamp = 7.248
Seq_Frame0063_DriverToReference-SequenceTransform =-0.484984 -0.124917 -0.865556 -15.9207 -0.662114 0.699033 0.270107 293.437 0.571311 0.704094 -0.421729 174.58 0 0 0 1 
Seq_Frame0063_DriverToReference-SequenceTransformStatus = OK
Seq_Frame0063_Timestamp = 7.358
Seq_Frame0064_DriverToReference-SequenceTransform =-0.484984 -0.124917 -0.865556 -15.9207 -0.662114 0.699033 0.270107 293.437 0.571311 0.704094 -0.421729 174.58 0 0 0 1 
Seq_Frame0064_DriverToReference-SequenceTransformStatus = OK
Seq_Frame0064_Timestamp = 7.462
Seq_Frame0065_DriverToReference-SequenceTransform =-0.484984 -0.124917 -0.865556 -15.9207 -0.662114 0.699033 0.270107 293.437 0.571311 0.704094 -0.421729 174.58 0 0 0 1 
Seq_Frame0065_DriverToReference-SequenceTransformStatus = OK
Seq_Frame0065_Timestamp = 7.573
Seq_Frame0066_DriverToReference-SequenceTransform =-0.484984 -0.124917 -0.865556 -15.9207 -0.662114 0.699033 0.270107 293.437 0.571311 0.704094 -0.421729 174.58 0 0 0 1 
Seq_Frame0066_DriverToReference-SequenceTransformStatus = OK
Seq_Frame0066_Timestamp = 7.677
Seq_Frame0067_DriverToReference-SequenceTransform =-0.484984 -0.124917 -0.865556 -15.9207 -0.662114 0.699033 0.270107 293.437 0.571311 0.704094 -0.421729 174.58 0 0 0 1 
Seq_Frame0067_DriverToReference-SequenceTransformStatus = OK
Seq_Frame0067_Timestamp = 7.788
Seq_Frame0068_DriverToReference-SequenceTransform =-0.484984 -0.124917 -0.865556 -15.9207 -0.662114 0.699033 0.270107 293.437 0.571311 0.704094 -0.421729 174.58 0 0 0 1 
Seq_Frame0068_DriverToReference-SequenceTransformStatus = OK
Seq_Frame0068_Timestamp = 7.889
Seq_Frame0069_DriverToReference-SequenceTransform =-0.484984 -0.124917 -0.865556 -15.9207 -0.662114 0.699033 0.270107 293.437 0.571311 0.704094 -0.421729 174.58 0 0 0 1 
Seq_Frame0069_DriverToReference-SequenceTransformStatus = OK
Seq_Frame0069_Timestamp = 8.003
Seq_Frame0070_DriverToReference-SequenceTransform =-0.484984 -0.124917 -0.865556 -15.9207 -0.662114 0.699033 0.270107 293.437 0.571311 0.704094 -0.421729 174.58 0 0 0 1 
Seq_Frame0070_DriverToReference-SequenceTransformStatus = OK
Seq_Frame0070_Timestamp = 8.114
Seq_Frame0071_DriverToReference-SequenceTransform =-0.484984 -0.124917 -0.865556 -15.9207 -0.662114 0.699033 0.270107 293.437 0.571311 0.704094 -0.421729 174.58 0 0 0 1 
Seq_Frame0071_DriverToReference-SequenceTransformStatus = OK
Seq_Frame0071_Timestamp = 8.228
Seq_Frame0072_DriverToReference-SequenceTransform =-0.484984 -0.124917 -0.865556 -15.9207 -0.662114 0.699033 0.270107 293.437 0.571311 0.704094 -0.421729 174.58 0 0 0 1 
Seq_Frame0072_DriverToReference-SequenceTransformStatus = OK
Seq_Frame0072_Timestamp = 8.348
Seq_Frame0073_DriverToReference-SequenceTransform =-0.484984 -0.124917 -0.865556 -15.9207 -0.662114 0.699033 0.270107 293.437 0.571311 0.704094 -0.421729 174.58 0 0 0 1 
Seq_Frame0073_DriverToReference-SequenceTransformStatus = OK
Seq_Frame0073_Timestamp = 8.448
Seq_Frame0074_DriverToReference-SequenceTransform =-0.484984 -0.124917 -0.865556 -15.9207 -0.662114 0.699033 0.270107 293.437 0.571311 0.704094 -0.421729 174.58 0 0 0 1 
Seq_Frame0074_DriverToReference-SequenceTransformStatus = OK
Seq_Frame0074_Timestamp = 8.563
Seq_Frame0075_DriverToReference-SequenceTransform =-0.484984 -0.124917 -0.865556 -15.9207 -0.662114 0.699033 0.270107 293.437 0.571311 0.704094 -0.421729 174.58 0 0 0 1 
Seq_Frame0075_DriverToReference-SequenceTransformStatus = OK
Seq_Frame0075_Timestamp = 8.668
Seq_Frame0076_DriverToReference-SequenceTransform =-0.484984 -0.124917 -0.865556 -15.9207 -0.662114 0.699033 0.270107 293.437 0.571311 0.704094 -0.421729 174.58 0 0 0 1 
Seq_Frame0076_DriverToReference-SequenceTransformStatus = OK
Seq_Frame0076_Timestamp = 8.778
Seq_Frame0077_DriverToReference-SequenceTransform =-0.484984 -0.124917 -0.865556 -15.9207 -0.662114 0.699033 0.270107 293.437 0.571311 0.704094 -0.421729 174.58 0 0 0 1 
Seq_Frame0077_DriverToReference-SequenceTransformStatus = OK
Seq_Frame0077_Timestamp = 8.888
Seq_Frame0078_DriverToReference-SequenceTransform =-0.484984 -0.124917 -0.865556 -15.9207 -0.662114 0.699033 0.270107 293.437 0.571311 0.704094 -0.421729 174.58 0 0 0 1 
Seq_Frame0078_DriverToReference-SequenceTransformStatus = OK
Seq_Frame0078_Timestamp = 8.998
Seq_Frame0079_DriverToReference-SequenceTransform =-0.484984 -0.124917 -0.865556 -15.9207 -0.662114 0.699033 0.270107 293.437 0.571311 0.704094 -0.421729 174.58 0 0 0 1 
Seq_Frame0079_DriverToReference-SequenceTransformStatus = OK
Seq_Frame0079_Timestamp = 9.106
Seq_Frame0080_DriverToReference-SequenceTransform =-0.560937 -0.458171 0.689514 -7.29657 -0.247371 0.8876 0.388553 285.908 -0.790036 0.0473877 -0.611226 198.013 0 0 0 1 
Seq_Frame0080_DriverToReference-SequenceTransformStatus = OK
Seq_Frame0080_Timestamp = 9.213
Seq_Frame0081_DriverToReference-SequenceTransform =-0.564746 -0.466009 0.6811 -8.78691 -0.231573 0.881638 0.411204 285.93 -0.792108 0.0745014 -0.605817 198.346 0 0 0 1 
Seq_Frame0081_DriverToReference-SequenceTransformStatus = OK
Seq_Frame0081_Timestamp = 9.318
Seq_Frame0082_DriverToReference-SequenceTransform =-0.564746 -0.466009 0.6811 -8.78691 -0.231573 0.881638 0.411204 285.93 -0.792108 0.0745014 -0.605817 198.346 0 0 0 1 
Seq_Frame0082_DriverToReference-SequenceTransformStatus = OK
Seq_Frame0082_Timestamp = 9.427
Seq_Frame0083_DriverToReference-SequenceTransform =-0.564746 -0.466009 0.6811 -8.78691 -0.231573 0.881638 0.411204 285.93 -0.792108 0.0745014 -0.605817 198.346 0 0 0 1 
Seq_Frame0083_DriverToReference-SequenceTransformStatus = OK
Seq_Frame0083_Timestamp = 9.531
Seq_Frame0084_DriverToReference-SequenceTransform =-0.564746 -0.466009 0.6811 -8.78691 -0.231573 0.881638 0.411204 285.93 -0.792108 0.0745014 -0.605817 198.346 0 0 0 1 
Seq_Frame0084_DriverToReference-SequenceTransformStatus = OK
Seq_Frame0084_Timestamp = 9.638
Seq_Frame0085_DriverToReference-SequenceTransform =-0.564746 -0.466009 0.6811 -8.78691 -0.231573 0.881638 0.411204 285.93 -0.792108 0.0745014 -0.605817 198.346 0 0 0 1 
Seq_Frame0085_DriverToReference-SequenceTransformStatus = OK
Seq_Frame0085_Timestamp = 9.739
Seq_Frame0086_DriverToReference-SequenceTransform =-0.564746 -0.466009 0.6811 -8.78691 -0.231573 0.881638 0.411204 285.93 -0.792108 0.0745014 -0.605817 198.346 0 0 0 1 
Seq_Frame0086_DriverToReference-SequenceTransformStatus = OK
Seq_Frame0086_Timestamp = 9.848
Seq_Frame0087_DriverToReference-SequenceTransform =-0.564746 -0.466009 0.6811 -8.78691 -0.231573 0.881638 0.411204 285.93 -0.792108 0.0745014 -0.605817 198.346 0 0 0 1 
Seq_Frame0087_DriverToReference-SequenceTransformStatus = OK
Seq_Frame0087_Timestamp = 9.953
Seq_Frame0088_DriverToReference-SequenceTransform =-0.564746 -0.466009 0.6811 -8.78691 -0.231573 0.881638 0.411204 285.93 -0.792108 0.0745014 -0.605817 198.346 0 0 0 1 
Seq_Frame0088_DriverToReference-SequenceTransformStatus = OK
Seq_Frame0088_Timestamp = 10.063
Seq_Frame0089_DriverToReference-SequenceTransform =-0.564746 -0.466009 0.6811 -8.78691 -0.231573 0.881638 0.411204 285.93 -0.792108 0.0745014 -0.605817 198.346 0 0 0 1 
Seq_Frame0089_DriverToReference-SequenceTransformStatus = OK
Seq_Frame0089_Timestamp = 10.173
Seq_Frame0090_DriverToReference-SequenceTransform =-0.564746 -0.466009 0.6811 -8.78691 -0.231573 0.881638 0.411204 285.93 -0.792108 0.0745014 -0.605817 198.346 0 0 0 1 
Seq_Frame0090_DriverToReference-SequenceTransformStatus = OK
Seq_Frame0090_Timestamp = 10.408
Seq_Frame0091_DriverToReference-SequenceTransform =-0.564746 -0.466009 0.6811 -8.78691 -0.231573 0.881638 0.411204 285.93 -0.792108 0.0745014 -0.605817 198.346 0 0 0 1 
Seq_Frame0091_DriverToReference-SequenceTransformStatus = OK
Seq_Frame0091_Timestamp = 10.549
Seq_Frame0092_DriverToReference-SequenceTransform =-0.564746 -0.466009 0.6811 -8.78691 -0.231573 0.881638 0.411204 285.93 -0.792108 0.0745014 -0.605817 198.346 0 0 0 1 
Seq_Frame0092_DriverToReference-SequenceTransformStatus = OK
Seq_Frame0092_Timestamp = 10.659
Seq_Frame0093_DriverToReference-SequenceTransform =-0.564746 -0.466009 0.6811 -8.78691 -0.231573 0.881638 0.411204 285.93 -0.792108 0.0745014 -0.605817 198.346 0 0 0 1 
Seq_Frame0093_DriverToReference-SequenceTransformStatus = OK
Seq_Frame0093_Timestamp = 11.088
Seq_Frame0094_DriverToReference-SequenceTransform =-0.564746 -0.466009 0.6811 -8.78691 -0.231573 0.881638 0.411204 285.93 -0.792108 0.0745014 -0.605817 198.346 0 0 0 1 
Seq_Frame0094_DriverToReference-SequenceTransformStatus = OK
Seq_Frame0094_Timestamp = 11.193
Seq_Frame0095_DriverToReference-SequenceTransform =-0.564746 -0.466009 0.6811 -8.78691 -0.231573 0.881638 0.411204 285.93 -0.792108 0.0745014 -0.605817 198.346 0 0 0 1 
Seq_Frame0095_DriverToReference-SequenceTransformStatus = OK
Seq_Frame0095_Timestamp = 11.306
Seq_Frame0096_DriverToReference-SequenceTransform =-0.564746 -0.466009 0.6811 -8.78691 -0.231573 0.881638 0.411204 285.93 -0.792108 0.0745014 -0.605817 198.346 0 0 0 1 
Seq_Frame0096_DriverToReference-SequenceTransformStatus = OK
Seq_Frame0096_Timestamp = 11.407
Seq_Frame0097_DriverToReference-SequenceTransform =-0.564746 -0.466009 0.6811 -8.78691 -0.231573 0.881638 0.411204 285.93 -0.792108 0.0745014 -0.605817 198.346 0 0 0 1 
Seq_Frame0097_DriverToReference-SequenceTransformStatus = OK
Seq_Frame0097_Timestamp = 11.513
Seq_Frame0098_DriverToReference-SequenceTransform =-0.564746 -0.466009 0.6811 -8.78691 -0.231573 0.881638 0.411204 285.93 -0.792108 0.0745014 -0.605817 198.346 0 0 0 1 
Seq_Frame0098_DriverToReference-SequenceTransformStatus = OK
Seq_Frame0098_Timestamp = 11.623
Seq_Frame0099_DriverToReference-SequenceTransform =-0.564746 -0.466009 0.6811 -8.78691 -0.231573 0.881638 0.411204 285.93 -0.792108 0.0745014 -0.605817 198.346 0 0 0 1 
Seq_Frame0099_DriverToReference-SequenceTransformStatus = OK
Seq_Frame0099_Timestamp = 11.729
Seq_Frame0100_DriverToReference-SequenceTransform =-0.564746 -0.466009 0.6811 -8.78691 -0.231573 0.881638 0.411204 285.93 -0.792108 0.0745014 -0.605817 198.346 0 0 0 1 
Seq_Frame0100_DriverToReference-SequenceTransformStatus = OK
Seq_Frame0100_Timestamp = 11.839
Seq_Frame0101_DriverToReference-SequenceTransform =-0.564746 -0.466009 0.6811 -8.78691 -0.231573 0.881638 0.411204 285.93 -0.792108 0.0745014 -0.605817 198.346 0 0 0 1 
Seq_Frame0101_DriverToReference-SequenceTransformStatus = OK
Seq_Frame0101_Timestamp = 11.944
Seq_Frame0102_DriverToReference-SequenceTransform =-0.564746 -0.466009 0.6811 -8.78691 -0.231573 0.881638 0.411204 285.93 -0.792108 0.0745014 -0.605817 198.346 0 0 0 1 
Seq_Frame0102_DriverToReference-SequenceTransformStatus = OK
Seq_Frame0102_Timestamp = 12.053
Seq_Frame0103_DriverToReference-SequenceTransform =-0.564746 -0.466009 0.6811 -8.78691 -0.231573 0.881638 0.411204 285.93 -0.792108 0.0745014 -0.605817 198.346 0 0 0 1 
Seq_Frame0103_DriverToReference-SequenceTransformStatus = OK
Seq_Frame0103_Timestamp = 12.158
Seq_Frame0104_DriverToReference-SequenceTransform =-0.564746 -0.466009 0.6811 -8.78691 -0.231573 0.881638 0.411204 285.93 -0.792108 0.0745014 -0.605817 198.346 0 0 0 1 
Seq_Frame0104_DriverToReference-SequenceTransformStatus = OK
Seq_Frame0104_Timestamp = 12.263
Seq_Frame0105_DriverToReference-SequenceTransform =-0.564746 -0.466009 0.6811 -8.78691 -0.231573 0.881638 0.411204 285.93 -0.792108 0.0745014 -0.605817 198.346 0 0 0 1 
Seq_Frame0105_DriverToReference-SequenceTransformStatus = OK
Seq_Frame0105_Timestamp = 12.368
Seq_Frame0106_DriverToReference-SequenceTransform =-0.564746 -0.466009 0.6811 -8.78691 -0.231573 0.881638 0.411204 285.93 -0.792108 0.0745014 -0.605817 198.346 0 0 0 1 
Seq_Frame0106_DriverToReference-SequenceTransformStatus = OK
Seq_Frame0106_Timestamp = 12.472
Seq_Frame0107_DriverToReference-SequenceTransform =-0.564746 -0.466009 0.6811 -8.78691 -0.231573 0.881638 0.411204 285.93 -0.792108 0.0745014 -0.605817 198.346 0 0 0 1 
Seq_Frame0107_DriverToReference-SequenceTransformStatus = OK
Seq_Frame0107_Timestamp = 12.578
Seq_Frame0108_DriverToReference-SequenceTransform =-0.564746 -0.466009 0.6811 -8.78691 -0.231573 0.881638 0.411204 285.93 -0.792108 0.0745014 -0.605817 198.346 0 0 0 1 
Seq_Frame0108_DriverToReference-SequenceTransformStatus = OK
Seq_Frame0108_Timestamp = 12.682
Seq_Frame0109_DriverToReference-SequenceTransform =-0.564746 -0.466009 0.6811 -8.78691 -0.231573 0.881638 0.411204 285.93 -0.792108 0.0745014 -0.605817 198.346 0 0 0 1 
Seq_Frame0109_DriverToReference-SequenceTransformStatus = OK
Seq_Frame0109_Timestamp = 12.787
Seq_Frame0110_DriverToReference-SequenceTransform =-0.564746 -0.466009 0.6811 -8.78691 -0.231573 0.881638 0.411204 285.93 -0.792108 0.0745014 -0.605817 198.346 0 0 0 1 
Seq_Frame0110_DriverToReference-SequenceTransformStatus = OK
Seq_Frame0110_Timestamp = 12.893
Seq_Frame0111_DriverToReference-SequenceTransform =-0.564746 -0.466009 0.6811 -8.78691 -0.231573 0.881638 0.411204 285.93 -0.792108 0.0745014 -0.605817 198.346 0 0 0 1 
Seq_Frame0111_DriverToReference-SequenceTransformStatus = OK
Seq_Frame0111_Timestamp = 13.002
Seq_Frame0112_DriverToReference-SequenceTransform =-0.564746 -0.466009 0.6811 -8.78691 -0.231573 0.881638 0.411204 285.93 -0.792108 0.0745014 -0.605817 198.346 0 0 0 1 
Seq_Frame0112_DriverToReference-SequenceTransformStatus = OK
Seq_Frame0112_Timestamp = 13.108
Seq_Frame0113_DriverToReference-SequenceTransform =-0.564746 -0.466009 0.6811 -8.78691 -0.231573 0.881638 0.411204 285.93 -0.792108 0.0745014 -0.605817 198.346 0 0 0 1 
Seq_Frame0113_DriverToReference-SequenceTransformStatus = OK
Seq_Frame0113_Timestamp = 13.218
Seq_Frame0114_DriverToReference-SequenceTransform =-0.564746 -0.466009 0.6811 -8.78691 -0.231573 0.881638 0.411204 285.93 -0.792108 0.0745014 -0.605817 198.346 0 0 0 1 
Seq_Frame0114_DriverToReference-SequenceTransformStatus = OK
Seq_Frame0114_Timestamp = 13.333
Seq_Frame0115_DriverToReference-SequenceTransform =-0.564746 -0.466009 0.6811 -8.78691 -0.231573 0.881638 0.411204 285.93 -0.792108 0.0745014 -0.605817 198.346 0 0 0 1 
Seq_Frame0115_DriverToReference-SequenceTransformStatus = OK
Seq_Frame0115_Timestamp = 13.443
Seq_Frame0116_DriverToReference-SequenceTransform =-0.564746 -0.466009 0.6811 -8.78691 -0.231573 0.881638 0.411204 285.93 -0.792108 0.0745014 -0.605817 198.346 0 0 0 1 
Seq_Frame0116_DriverToReference-SequenceTransformStatus = OK
Seq_Frame0116_Timestamp = 13.553
Seq_Frame0117_DriverToReference-SequenceTransform =-0.564746 -0.466009 0.6811 -8.78691 -0.231573 0.881638 0.411204 285.93 -0.792108 0.0745014 -0.605817 198.346 0 0 0 1 
Seq_Frame0117_DriverToReference-SequenceTransformStatus = OK
Seq_Frame0117_Timestamp = 13.663
Seq_Frame0118_DriverToReference-SequenceTransform =-0.564746 -0.466009 0.6811 -8.78691 -0.231573 0.881638 0.411204 285.93 -0.792108 0.0745014 -0.605817 198.346 0 0 0 1 
Seq_Frame0118_DriverToReference-SequenceTransformStatus = OK
Seq_Frame0118_Timestamp = 13.768
Seq_Frame0119_DriverToReference-SequenceTransform =-0.564746 -0.466009 0.6811 -8.78691 -0.231573 0.881638 0.411204 285.93 -0.792108 0.0745014 -0.605817 198.346 0 0 0 1 
Seq_Frame0119_DriverToReference-SequenceTransformStatus = OK
Seq_Frame0119_Timestamp = 13.878
Seq_Frame0120_DriverToReference-SequenceTransform =-0.564746 -0.466009 0.6811 -8.78691 -0.231573 0.881638 0.411204 285.93 -0.792108 0.0745014 -0.605817 198.346 0 0 0 1 
Seq_Frame0120_DriverToReference-SequenceTransformStatus = OK
Seq_Frame0120_Timestamp = 13.988
Seq_Frame0121_DriverToReference-SequenceTransform =-0.564746 -0.466009 0.6811 -8.78691 -0.231573 0.881638 0.411204 285.93 -0.792108 0.0745014 -0.605817 198.346 0 0 0 1 
Seq_Frame0121_DriverToReference-SequenceTransformStatus = OK
Seq_Frame0121_Timestamp = 14.089
Seq_Frame0122_DriverToReference-SequenceTransform =-0.369337 -0.744542 0.5561 166.622 0.89889 -0.134408 0.41705 386.761 -0.235768 0.653905 0.718903 195.955 0 0 0 1 
Seq_Frame0122_DriverToReference-SequenceTransformStatus = OK
Seq_Frame0122_Timestamp = 14.398
Seq_Frame0123_DriverToReference-SequenceTransform =-0.369337 -0.744542 0.5561 166.622 0.89889 -0.134408 0.41705 386.761 -0.235768 0.653905 0.718903 195.955 0 0 0 1 
Seq_Frame0123_DriverToReference-SequenceTransformStatus = OK
Seq_Frame0123_Timestamp = 14.503
Seq_Frame0124_DriverToReference-SequenceTransform =-0.369337 -0.744542 0.5561 166.622 0.89889 -0.134408 0.41705 386.761 -0.235768 0.653905 0.718903 195.955 0 0 0 1 
Seq_Frame0124_DriverToReference-SequenceTransformStatus = OK
Seq_Frame0124_Timestamp = 14.613
Seq_Frame0125_DriverToReference-SequenceTransform =-0.369337 -0.744542 0.5561 166.622 0.89889 -0.134408 0.41705 386.761 -0.235768 0.653905 0.718903 195.955 0 0 0 1 
Seq_Frame0125_DriverToReference-SequenceTransformStatus = OK
Seq_Frame0125_Timestamp = 14.718
Seq_Frame0126_DriverToReference-SequenceTransform =-0.369337 -0.744542 0.5561 166.622 0.89889 -0.134408 0.41705 386.761 -0.235768 0.653905 0.718903 195.955 0 0 0 1 
Seq_Frame0126_DriverToReference-SequenceTransformStatus = OK
Seq_Frame0126_Timestamp = 14.823
Seq_Frame0127_DriverToReference-SequenceTransform =-0.369337 -0.744542 0.5561 166.622 0.89889 -0.134408 0.41705 386.761 -0.235768 0.653905 0.718903 195.955 0 0 0 1 
Seq_Frame0127_DriverToReference-SequenceTransformStatus = OK
Seq_Frame0127_Timestamp = 14.928
Seq_Frame0128_DriverToReference-SequenceTransform =-0.369337 -0.744542 0.5561 166.622 0.89889 -0.134408 0.41705 386.761 -0.235768 0.653905 0.718903 195.955 0 0 0 1 
Seq_Frame0128_DriverToReference-SequenceTransformStatus = OK
Seq_Frame0128_Timestamp = 15.031
Seq_Frame0129_DriverToReference-SequenceTransform =-0.369337 -0.744542 0.5561 166.622 0.89889 -0.134408 0.41705 386.761 -0.235768 0.653905 0.718903 195.955 0 0 0 1 
Seq_Frame0129_DriverToReference-SequenceTransformStatus = OK
Seq_Frame0129_Timestamp = 15.138
Seq_Frame0130_DriverToReference-SequenceTransform =-0.369337 -0.744542 0.5561 166.622 0.89889 -0.134408 0.41705 386.761 -0.235768 0.653905 0.718903 195.955 0 0 0 1 
Seq_Frame0130_DriverToReference-SequenceTransformStatus = OK
Seq_Frame0130_Timestamp = 15.243
Seq_Frame0131_DriverToReference-SequenceTransform =-0.369337 -0.744542 0.5561 166.622 0.89889 -0.134408 0.41705 386.761 -0.235768 0.653905 0.718903 195.955 0 0 0 1 
Seq_Frame0131_DriverToReference-SequenceTransformStatus = OK
Seq_Frame0131_Timestamp = 15.352
Seq_Frame0132_DriverToReference-SequenceTransform =-0.369337 -0.744542 0.5561 166.622 0.89889 -0.134408 0.41705 386.761 -0.235768 0.653905 0.718903 195.955 0 0 0 1 
Seq_Frame0132_DriverToReference-SequenceTransformStatus = OK
Seq_Frame0132_Timestamp = 15.458
Seq_Frame0133_DriverToReference-SequenceTransform =-0.369337 -0.744542 0.5561 166.622 0.89889 -0.134408 0.41705 386.761 -0.235768 0.653905 0.718903 195.955 0 0 0 1 
Seq_Frame0133_DriverToReference-SequenceTransformStatus = OK
Seq_Frame0133_Timestamp = 15.567
Seq_Frame0134_DriverToReference-SequenceTransform =-0.369337 -0.744542 0.5561 166.622 0.89889 -0.134408 0.41705 386.761 -0.235768 0.653905 0.718903 195.955 0 0 0 1 
Seq_Frame0134_DriverToReference-SequenceTransformStatus = OK
Seq_Frame0134_Timestamp = 15.678
Seq_Frame0135_DriverToReference-SequenceTransform =-0.369337 -0.744542 0.5561 166.622 0.89889 -0.134408 0.41705 386.761 -0.235768 0.653905 0.718903 195.955 0 0 0 1 
Seq_Frame0135_DriverToReference-SequenceTransformStatus = OK
Seq_Frame0135_Timestamp = 15.782
Seq_Frame0136_DriverToReference-SequenceTransform =-0.369337 -0.744542 0.5561 166.622 0.89889 -0.134408 0.41705 386.761 -0.235768 0.653905 0.718903 195.955 0 0 0 1 
Seq_Frame0136_DriverToReference-SequenceTransformStatus = OK
Seq_Frame0136_Timestamp = 15.893
Seq_Frame0137_DriverToReference-SequenceTransform =-0.369337 -0.744542 0.5561 166.622 0.89889 -0.134408 0.41705 386.761 -0.235768 0.653905 0.718903 195.955 0 0 0 1 
Seq_Frame0137_DriverToReference-SequenceTransformStatus = OK
Seq_Frame0137_Timestamp = 16.002
Seq_Frame0138_DriverToReference-SequenceTransform =-0.369337 -0.744542 0.5561 166.622 0.89889 -0.134408 0.41705 386.761 -0.235768 0.653905 0.718903 195.955 0 0 0 1 
Seq_Frame0138_DriverToReference-SequenceTransformStatus = OK
Seq_Frame0138_Timestamp = 16.108
Seq_Frame0139_DriverToReference-SequenceTransform =-0.369337 -0.744542 0.5561 166.622 0.89889 -0.134408 0.41705 386.761 -0.235768 0.653905 0.718903 195.955 0 0 0 1 
Seq_Frame0139_DriverToReference-SequenceTransformStatus = OK
Seq_Frame0139_Timestamp = 16.217
Seq_Frame0140_DriverToReference-SequenceTransform =-0.369337 -0.744542 0.5561 166.622 0.89889 -0.134408 0.41705 386.761 -0.235768 0.653905 0.718903 195.955 0 0 0 1 
Seq_Frame0140_DriverToReference-SequenceTransformStatus = OK
Seq_Frame0140_Timestamp = 16.398
Seq_Frame0141_DriverToReference-SequenceTransform =-0.369337 -0.744542 0.5561 166.622 0.89889 -0.134408 0.41705 386.761 -0.235768 0.653905 0.718903 195.955 0 0 0 1 
Seq_Frame0141_DriverToReference-SequenceTransformStatus = OK
Seq_Frame0141_Timestamp = 16.508
Seq_Frame0142_DriverToReference-SequenceTransform =-0.369337 -0.744542 0.5561 166.622 0.89889 -0.134408 0.41705 386.761 -0.235768 0.653905 0.718903 195.955 0 0 0 1 
Seq_Frame0142_DriverToReference-SequenceTransformStatus = OK
Seq_Frame0142_Timestamp = 16.618
Seq_Frame0143_DriverToReference-SequenceTransform =-0.369337 -0.744542 0.5561 166.622 0.89889 -0.134408 0.41705 386.761 -0.235768 0.653905 0.718903 195.955 0 0 0 1 
Seq_Frame0143_DriverToReference-SequenceTransformStatus = OK
Seq_Frame0143_Timestamp = 16.723
Seq_Frame0144_DriverToReference-SequenceTransform =-0.369337 -0.744542 0.5561 166.622 0.89889 -0.134408 0.41705 386.761 -0.235768 0.653905 0.718903 195.955 0 0 0 1 
Seq_Frame0144_DriverToReference-SequenceTransformStatus = OK
Seq_Frame0144_Timestamp = 16.828
Seq_Frame0145_DriverToReference-SequenceTransform =-0.369337 -0.744542 0.5561 166.622 0.89889 -0.134408 0.41705 386.761 -0.235768 0.653905 0.718903 195.955 0 0 0 1 
Seq_Frame0145_DriverToReference-SequenceTransformStatus = OK
Seq_Frame0145_Timestamp = 16.953
Seq_Frame0146_DriverToReference-SequenceTransform =-0.369337 -0.744542 0.5561 166.622 0.89889 -0.134408 0.41705 386.761 -0.235768 0.653905 0.718903 195.955 0 0 0 1 
Seq_Frame0146_DriverToReference-SequenceTransformStatus = OK
Seq_Frame0146_Timestamp = 17.064
Seq_Frame0147_DriverToReference-SequenceTransform =-0.369337 -0.744542 0.5561 166.622 0.89889 -0.134408 0.41705 386.761 -0.235768 0.653905 0.718903 195.955 0 0 0 1 
Seq_Frame0147_DriverToReference-SequenceTransformStatus = OK
Seq_Frame0147_Timestamp = 17.173
Seq_Frame0148_DriverToReference-SequenceTransform =-0.369337 -0.744542 0.5561 166.622 0.89889 -0.134408 0.41705 386.761 -0.235768 0.653905 0.718903 195.955 0 0 0 1 
Seq_Frame0148_DriverToReference-SequenceTransformStatus = OK
Seq_Frame0148_Timestamp = 17.278
Seq_Frame0149_DriverToReference-SequenceTransform =-0.369337 -0.744542 0.5561 166.622 0.89889 -0.134408 0.41705 386.761 -0.235768 0.653905 0.718903 195.955 0 0 0 1 
Seq_Frame0149_DriverToReference-SequenceTransformStatus = OK
Seq_Frame0149_Timestamp = 17.389
Seq_Frame0150_DriverToReference-SequenceTransform =-0.369337 -0.744542 0.5561 166.622 0.89889 -0.134408 0.41705 386.761 -0.235768 0.653905 0.718903 195.955 0 0 0 1 
Seq_Frame0150_DriverToReference-SequenceTransformStatus = OK
Seq_Frame0150_Timestamp = 17.498
