ObjectType = Image
NDims = 3
AnatomicalOrientation = RAI
BinaryData = True
CompressedData = False
DimSize = 0 0 2006
ElementSpacing = 1 1 1
Offset = 0 0 0
TransformMatrix = 1 0 0 0 1 0 0 0 1
ElementType = MET_UCHAR
Kinds = domain domain list
Seq_Frame0000_DriverToReference-SequenceTransform =0.0858429 0.907219 -0.411807 54.4844 -0.982267 0.146216 0.117358 43.837 0.166682 0.39443 0.903682 59.5296 0 0 0 1 
Seq_Frame0000_DriverToReference-SequenceTransformStatus = OK
Seq_Frame0000_Timestamp = 1.826
Seq_Frame0001_DriverToReference-SequenceTransform =0.1822 0.841581 -0.508473 55.1974 -0.963742 0.0503211 -0.262048 54.7341 -0.194948 0.537782 0.820236 62.1971 0 0 0 1 
Seq_Frame0001_DriverToReference-SequenceTransformStatus = OK
Seq_Frame0001_Timestamp = 1.935
Seq_Frame0002_DriverToReference-SequenceTransform =0.1822 0.841581 -0.508473 55.1974 -0.963742 0.0503211 -0.262048 54.7341 -0.194948 0.537782 0.820236 62.1971 0 0 0 1 
Seq_Frame0002_DriverToReference-SequenceTransformStatus = OK
Seq_Frame0002_Timestamp = 2.036
Seq_Frame0003_DriverToReference-SequenceTransform =0.1822 0.841581 -0.508473 55.1974 -0.963742 0.0503211 -0.262048 54.7341 -0.194948 0.537782 0.820236 62.1971 0 0 0 1 
Seq_Frame0003_DriverToReference-SequenceTransformStatus = OK
Seq_Frame0003_Timestamp = 2.141
Seq_Frame0004_DriverToReference-SequenceTransform =-0.198755 -0.689672 -0.696311 -1.21018 0.332167 -0.715838 0.614199 224.034 -0.922042 -0.109216 0.371363 83.8373 0 0 0 1 
Seq_Frame0004_DriverToReference-SequenceTransformStatus = OK
Seq_Frame0004_Timestamp = 2.246
Seq_Frame0005_DriverToReference-SequenceTransform =-0.0904891 -0.431601 -0.897514 -37.3524 0.470886 -0.812651 0.343316 235.09 -0.877541 -0.391561 0.276771 98.5924 0 0 0 1 
Seq_Frame0005_DriverToReference-SequenceTransformStatus = OK
Seq_Frame0005_Timestamp = 2.346
Seq_Frame0006_DriverToReference-SequenceTransform =-0.095494 -0.125682 -0.987464 -70.9326 0.56502 -0.82355 0.0501783 247.909 -0.819533 -0.553145 0.149657 124.931 0 0 0 1 
Seq_Frame0006_DriverToReference-SequenceTransformStatus = OK
Seq_Frame0006_Timestamp = 2.459
Seq_Frame0007_DriverToReference-SequenceTransform =-0.100934 -0.110483 -0.988739 -74.7716 0.550509 -0.834009 0.0369958 258.16 -0.828705 -0.540576 0.145002 136.527 0 0 0 1 
Seq_Frame0007_DriverToReference-SequenceTransformStatus = OK
Seq_Frame0007_Timestamp = 2.56
Seq_Frame0008_DriverToReference-SequenceTransform =-0.116835 -0.22757 -0.966727 -73.1668 0.494288 -0.857598 0.142143 259.201 -0.861411 -0.461234 0.212682 155.516 0 0 0 1 
Seq_Frame0008_DriverToReference-SequenceTransformStatus = OK
Seq_Frame0008_Timestamp = 2.661
Seq_Frame0009_DriverToReference-SequenceTransform =-0.116835 -0.22757 -0.966727 -73.1668 0.494288 -0.857598 0.142143 259.201 -0.861411 -0.461234 0.212682 155.516 0 0 0 1 
Seq_Frame0009_DriverToReference-SequenceTransformStatus = OK
Seq_Frame0009_Timestamp = 2.761
Seq_Frame0010_DriverToReference-SequenceTransform =-0.116835 -0.22757 -0.966727 -73.1668 0.494288 -0.857598 0.142143 259.201 -0.861411 -0.461234 0.212682 155.516 0 0 0 1 
Seq_Frame0010_DriverToReference-SequenceTransformStatus = OK
Seq_Frame0010_Timestamp = 2.865
Seq_Frame0011_DriverToReference-SequenceTransform =-0.116835 -0.22757 -0.966727 -73.1668 0.494288 -0.857598 0.142143 259.201 -0.861411 -0.461234 0.212682 155.516 0 0 0 1 
Seq_Frame0011_DriverToReference-SequenceTransformStatus = OK
Seq_Frame0011_Timestamp = 2.971
Seq_Frame0012_DriverToReference-SequenceTransform =0.424866 0.90039 0.0937318 -38.2138 -0.403651 0.281107 -0.870657 234.097 -0.81028 0.332078 0.482877 194.431 0 0 0 1 
Seq_Frame0012_DriverToReference-SequenceTransformStatus = OK
Seq_Frame0012_Timestamp = 3.081
Seq_Frame0013_DriverToReference-SequenceTransform =0.499993 0.851111 0.160055 -32.2343 -0.236893 0.312178 -0.920015 240.019 -0.833 0.422085 0.357709 195.942 0 0 0 1 
Seq_Frame0013_DriverToReference-SequenceTransformStatus = OK
Seq_Frame0013_Timestamp = 3.182
Seq_Frame0014_DriverToReference-SequenceTransform =0.474355 0.838291 0.268802 -28.6086 -0.181529 0.391922 -0.901911 247.015 -0.861414 0.379031 0.338084 198.761 0 0 0 1 
Seq_Frame0014_DriverToReference-SequenceTransformStatus = OK
Seq_Frame0014_Timestamp = 3.286
Seq_Frame0015_DriverToReference-SequenceTransform =0.483357 0.775187 0.406756 -29.4502 -0.226073 0.55941 -0.797465 252.291 -0.845728 0.293504 0.445644 195.832 0 0 0 1 
Seq_Frame0015_DriverToReference-SequenceTransformStatus = OK
Seq_Frame0015_Timestamp = 3.386
Seq_Frame0016_DriverToReference-SequenceTransform =0.418059 0.832632 0.36325 -27.9266 -0.395186 0.526744 -0.752575 250.699 -0.817958 0.171069 0.549255 194.347 0 0 0 1 
Seq_Frame0016_DriverToReference-SequenceTransformStatus = OK
Seq_Frame0016_Timestamp = 3.487
Seq_Frame0017_DriverToReference-SequenceTransform =0.326587 0.873875 0.360117 -27.1249 -0.493999 0.482644 -0.723201 249.077 -0.805795 0.0582911 0.589318 196.026 0 0 0 1 
Seq_Frame0017_DriverToReference-SequenceTransformStatus = OK
Seq_Frame0017_Timestamp = 3.587
Seq_Frame0018_DriverToReference-SequenceTransform =0.326587 0.873875 0.360117 -27.1249 -0.493999 0.482644 -0.723201 249.077 -0.805795 0.0582911 0.589318 196.026 0 0 0 1 
Seq_Frame0018_DriverToReference-SequenceTransformStatus = OK
Seq_Frame0018_Timestamp = 3.696
Seq_Frame0019_DriverToReference-SequenceTransform =0.326587 0.873875 0.360117 -27.1249 -0.493999 0.482644 -0.723201 249.077 -0.805795 0.0582911 0.589318 196.026 0 0 0 1 
Seq_Frame0019_DriverToReference-SequenceTransformStatus = OK
Seq_Frame0019_Timestamp = 3.801
Seq_Frame0020_DriverToReference-SequenceTransform =0.326587 0.873875 0.360117 -27.1249 -0.493999 0.482644 -0.723201 249.077 -0.805795 0.0582911 0.589318 196.026 0 0 0 1 
Seq_Frame0020_DriverToReference-SequenceTransformStatus = OK
Seq_Frame0020_Timestamp = 3.902
Seq_Frame0021_DriverToReference-SequenceTransform =0.326587 0.873875 0.360117 -27.1249 -0.493999 0.482644 -0.723201 249.077 -0.805795 0.0582911 0.589318 196.026 0 0 0 1 
Seq_Frame0021_DriverToReference-SequenceTransformStatus = OK
Seq_Frame0021_Timestamp = 4.005
Seq_Frame0022_DriverToReference-SequenceTransform =0.326587 0.873875 0.360117 -27.1249 -0.493999 0.482644 -0.723201 249.077 -0.805795 0.0582911 0.589318 196.026 0 0 0 1 
Seq_Frame0022_DriverToReference-SequenceTransformStatus = OK
Seq_Frame0022_Timestamp = 4.109
Seq_Frame0023_DriverToReference-SequenceTransform =0.326587 0.873875 0.360117 -27.1249 -0.493999 0.482644 -0.723201 249.077 -0.805795 0.0582911 0.589318 196.026 0 0 0 1 
Seq_Frame0023_DriverToReference-SequenceTransformStatus = OK
Seq_Frame0023_Timestamp = 4.211
Seq_Frame0024_DriverToReference-SequenceTransform =0.326587 0.873875 0.360117 -27.1249 -0.493999 0.482644 -0.723201 249.077 -0.805795 0.0582911 0.589318 196.026 0 0 0 1 
Seq_Frame0024_DriverToReference-SequenceTransformStatus = OK
Seq_Frame0024_Timestamp = 4.312
Seq_Frame0025_DriverToReference-SequenceTransform =0.326587 0.873875 0.360117 -27.1249 -0.493999 0.482644 -0.723201 249.077 -0.805795 0.0582911 0.589318 196.026 0 0 0 1 
Seq_Frame0025_DriverToReference-SequenceTransformStatus = OK
Seq_Frame0025_Timestamp = 4.421
Seq_Frame0026_DriverToReference-SequenceTransform =0.326587 0.873875 0.360117 -27.1249 -0.493999 0.482644 -0.723201 249.077 -0.805795 0.0582911 0.589318 196.026 0 0 0 1 
Seq_Frame0026_DriverToReference-SequenceTransformStatus = OK
Seq_Frame0026_Timestamp = 4.521
Seq_Frame0027_DriverToReference-SequenceTransform =0.326587 0.873875 0.360117 -27.1249 -0.493999 0.482644 -0.723201 249.077 -0.805795 0.0582911 0.589318 196.026 0 0 0 1 
Seq_Frame0027_DriverToReference-SequenceTransformStatus = OK
Seq_Frame0027_Timestamp = 4.631
Seq_Frame0028_DriverToReference-SequenceTransform =0.326587 0.873875 0.360117 -27.1249 -0.493999 0.482644 -0.723201 249.077 -0.805795 0.0582911 0.589318 196.026 0 0 0 1 
Seq_Frame0028_DriverToReference-SequenceTransformStatus = OK
Seq_Frame0028_Timestamp = 4.731
Seq_Frame0029_DriverToReference-SequenceTransform =0.326587 0.873875 0.360117 -27.1249 -0.493999 0.482644 -0.723201 249.077 -0.805795 0.0582911 0.589318 196.026 0 0 0 1 
Seq_Frame0029_DriverToReference-SequenceTransformStatus = OK
Seq_Frame0029_Timestamp = 4.841
Seq_Frame0030_DriverToReference-SequenceTransform =0.326587 0.873875 0.360117 -27.1249 -0.493999 0.482644 -0.723201 249.077 -0.805795 0.0582911 0.589318 196.026 0 0 0 1 
Seq_Frame0030_DriverToReference-SequenceTransformStatus = OK
Seq_Frame0030_Timestamp = 4.945
Seq_Frame0031_DriverToReference-SequenceTransform =0.326587 0.873875 0.360117 -27.1249 -0.493999 0.482644 -0.723201 249.077 -0.805795 0.0582911 0.589318 196.026 0 0 0 1 
Seq_Frame0031_DriverToReference-SequenceTransformStatus = OK
Seq_Frame0031_Timestamp = 5.051
Seq_Frame0032_DriverToReference-SequenceTransform =0.326587 0.873875 0.360117 -27.1249 -0.493999 0.482644 -0.723201 249.077 -0.805795 0.0582911 0.589318 196.026 0 0 0 1 
Seq_Frame0032_DriverToReference-SequenceTransformStatus = OK
Seq_Frame0032_Timestamp = 5.156
Seq_Frame0033_DriverToReference-SequenceTransform =0.326587 0.873875 0.360117 -27.1249 -0.493999 0.482644 -0.723201 249.077 -0.805795 0.0582911 0.589318 196.026 0 0 0 1 
Seq_Frame0033_DriverToReference-SequenceTransformStatus = OK
Seq_Frame0033_Timestamp = 5.261
Seq_Frame0034_DriverToReference-SequenceTransform =0.326587 0.873875 0.360117 -27.1249 -0.493999 0.482644 -0.723201 249.077 -0.805795 0.0582911 0.589318 196.026 0 0 0 1 
Seq_Frame0034_DriverToReference-SequenceTransformStatus = OK
Seq_Frame0034_Timestamp = 5.371
Seq_Frame0035_DriverToReference-SequenceTransform =0.326587 0.873875 0.360117 -27.1249 -0.493999 0.482644 -0.723201 249.077 -0.805795 0.0582911 0.589318 196.026 0 0 0 1 
Seq_Frame0035_DriverToReference-SequenceTransformStatus = OK
Seq_Frame0035_Timestamp = 5.482
Seq_Frame0036_DriverToReference-SequenceTransform =0.326587 0.873875 0.360117 -27.1249 -0.493999 0.482644 -0.723201 249.077 -0.805795 0.0582911 0.589318 196.026 0 0 0 1 
Seq_Frame0036_DriverToReference-SequenceTransformStatus = OK
Seq_Frame0036_Timestamp = 5.586
Seq_Frame0037_DriverToReference-SequenceTransform =0.326587 0.873875 0.360117 -27.1249 -0.493999 0.482644 -0.723201 249.077 -0.805795 0.0582911 0.589318 196.026 0 0 0 1 
Seq_Frame0037_DriverToReference-SequenceTransformStatus = OK
Seq_Frame0037_Timestamp = 5.836
Seq_Frame0038_DriverToReference-SequenceTransform =0.326587 0.873875 0.360117 -27.1249 -0.493999 0.482644 -0.723201 249.077 -0.805795 0.0582911 0.589318 196.026 0 0 0 1 
Seq_Frame0038_DriverToReference-SequenceTransformStatus = OK
Seq_Frame0038_Timestamp = 5.946
Seq_Frame0039_DriverToReference-SequenceTransform =0.326587 0.873875 0.360117 -27.1249 -0.493999 0.482644 -0.723201 249.077 -0.805795 0.0582911 0.589318 196.026 0 0 0 1 
Seq_Frame0039_DriverToReference-SequenceTransformStatus = OK
Seq_Frame0039_Timestamp = 6.057
Seq_Frame0040_DriverToReference-SequenceTransform =0.326587 0.873875 0.360117 -27.1249 -0.493999 0.482644 -0.723201 249.077 -0.805795 0.0582911 0.589318 196.026 0 0 0 1 
Seq_Frame0040_DriverToReference-SequenceTransformStatus = OK
Seq_Frame0040_Timestamp = 6.161
Seq_Frame0041_DriverToReference-SequenceTransform =0.326587 0.873875 0.360117 -27.1249 -0.493999 0.482644 -0.723201 249.077 -0.805795 0.0582911 0.589318 196.026 0 0 0 1 
Seq_Frame0041_DriverToReference-SequenceTransformStatus = OK
Seq_Frame0041_Timestamp = 6.262
Seq_Frame0042_DriverToReference-SequenceTransform =0.326587 0.873875 0.360117 -27.1249 -0.493999 0.482644 -0.723201 249.077 -0.805795 0.0582911 0.589318 196.026 0 0 0 1 
Seq_Frame0042_DriverToReference-SequenceTransformStatus = OK
Seq_Frame0042_Timestamp = 6.371
Seq_Frame0043_DriverToReference-SequenceTransform =0.326587 0.873875 0.360117 -27.1249 -0.493999 0.482644 -0.723201 249.077 -0.805795 0.0582911 0.589318 196.026 0 0 0 1 
Seq_Frame0043_DriverToReference-SequenceTransformStatus = OK
Seq_Frame0043_Timestamp = 6.482
Seq_Frame0044_DriverToReference-SequenceTransform =0.326587 0.873875 0.360117 -27.1249 -0.493999 0.482644 -0.723201 249.077 -0.805795 0.0582911 0.589318 196.026 0 0 0 1 
Seq_Frame0044_DriverToReference-SequenceTransformStatus = OK
Seq_Frame0044_Timestamp = 6.593
Seq_Frame0045_DriverToReference-SequenceTransform =0.326587 0.873875 0.360117 -27.1249 -0.493999 0.482644 -0.723201 249.077 -0.805795 0.0582911 0.589318 196.026 0 0 0 1 
Seq_Frame0045_DriverToReference-SequenceTransformStatus = OK
Seq_Frame0045_Timestamp = 6.797
Seq_Frame0046_DriverToReference-SequenceTransform =0.326587 0.873875 0.360117 -27.1249 -0.493999 0.482644 -0.723201 249.077 -0.805795 0.0582911 0.589318 196.026 0 0 0 1 
Seq_Frame0046_DriverToReference-SequenceTransformStatus = OK
Seq_Frame0046_Timestamp = 6.907
Seq_Frame0047_DriverToReference-SequenceTransform =0.326587 0.873875 0.360117 -27.1249 -0.493999 0.482644 -0.723201 249.077 -0.805795 0.0582911 0.589318 196.026 0 0 0 1 
Seq_Frame0047_DriverToReference-SequenceTransformStatus = OK
Seq_Frame0047_Timestamp = 7.018
Seq_Frame0048_DriverToReference-SequenceTransform =0.326587 0.873875 0.360117 -27.1249 -0.493999 0.482644 -0.723201 249.077 -0.805795 0.0582911 0.589318 196.026 0 0 0 1 
Seq_Frame0048_DriverToReference-SequenceTransformStatus = OK
Seq_Frame0048_Timestamp = 7.122
Seq_Frame0049_DriverToReference-SequenceTransform =0.326587 0.873875 0.360117 -27.1249 -0.493999 0.482644 -0.723201 249.077 -0.805795 0.0582911 0.589318 196.026 0 0 0 1 
Seq_Frame0049_DriverToReference-SequenceTransformStatus = OK
Seq_Frame0049_Timestamp = 7.223
Seq_Frame0050_DriverToReference-SequenceTransform =0.326587 0.873875 0.360117 -27.1249 -0.493999 0.482644 -0.723201 249.077 -0.805795 0.0582911 0.589318 196.026 0 0 0 1 
Seq_Frame0050_DriverToReference-SequenceTransformStatus = OK
Seq_Frame0050_Timestamp = 7.326
Seq_Frame0051_DriverToReference-SequenceTransform =0.326587 0.873875 0.360117 -27.1249 -0.493999 0.482644 -0.723201 249.077 -0.805795 0.0582911 0.589318 196.026 0 0 0 1 
Seq_Frame0051_DriverToReference-SequenceTransformStatus = OK
Seq_Frame0051_Timestamp = 7.971
Seq_Frame0052_DriverToReference-SequenceTransform =0.326587 0.873875 0.360117 -27.1249 -0.493999 0.482644 -0.723201 249.077 -0.805795 0.0582911 0.589318 196.026 0 0 0 1 
Seq_Frame0052_DriverToReference-SequenceTransformStatus = OK
Seq_Frame0052_Timestamp = 8.086
Seq_Frame0053_DriverToReference-SequenceTransform =0.540639 0.405509 0.73707 -129 -0.095538 0.900083 -0.425115 276.552 -0.835812 0.159416 0.525361 104.112 0 0 0 1 
Seq_Frame0053_DriverToReference-SequenceTransformStatus = OK
Seq_Frame0053_Timestamp = 10.487
Seq_Frame0054_DriverToReference-SequenceTransform =0.171312 0.545381 0.820495 -164.128 0.063843 0.824911 -0.561646 299.083 -0.983146 0.148599 0.106498 109.983 0 0 0 1 
Seq_Frame0054_DriverToReference-SequenceTransformStatus = OK
Seq_Frame0054_Timestamp = 10.595
Seq_Frame0055_DriverToReference-SequenceTransform =-0.51727 -0.839576 -0.165966 -187.118 0.843148 -0.466683 -0.267037 290.914 0.146744 -0.278064 0.949287 126.547 0 0 0 1 
Seq_Frame0055_DriverToReference-SequenceTransformStatus = OK
Seq_Frame0055_Timestamp = 10.78
Seq_Frame0056_DriverToReference-SequenceTransform =-0.512422 -0.826863 -0.231779 -187.425 0.846126 -0.440079 -0.300667 281.788 0.146609 -0.350183 0.925136 130.682 0 0 0 1 
Seq_Frame0056_DriverToReference-SequenceTransformStatus = OK
Seq_Frame0056_Timestamp = 10.885
Seq_Frame0057_DriverToReference-SequenceTransform =-0.528791 -0.811235 -0.249554 -186.188 0.835383 -0.445476 -0.322003 281.139 0.15005 -0.378745 0.913256 127.965 0 0 0 1 
Seq_Frame0057_DriverToReference-SequenceTransformStatus = OK
Seq_Frame0057_Timestamp = 10.991
Seq_Frame0058_DriverToReference-SequenceTransform =-0.546609 -0.800401 -0.246124 -181.136 0.825355 -0.465308 -0.31981 283.277 0.141453 -0.37795 0.914956 123.235 0 0 0 1 
Seq_Frame0058_DriverToReference-SequenceTransformStatus = OK
Seq_Frame0058_Timestamp = 11.098
Seq_Frame0059_DriverToReference-SequenceTransform =-0.569613 -0.791821 -0.220363 -178.203 0.805682 -0.484904 -0.340212 284.211 0.162533 -0.371332 0.914164 121.823 0 0 0 1 
Seq_Frame0059_DriverToReference-SequenceTransformStatus = OK
Seq_Frame0059_Timestamp = 11.202
Seq_Frame0060_DriverToReference-SequenceTransform =-0.635966 -0.748206 -0.189037 -178.635 0.745861 -0.533057 -0.399426 282.779 0.198086 -0.395017 0.897064 126.19 0 0 0 1 
Seq_Frame0060_DriverToReference-SequenceTransformStatus = OK
Seq_Frame0060_Timestamp = 11.308
Seq_Frame0061_DriverToReference-SequenceTransform =-0.92687 -0.358064 0.112707 -192.473 0.199373 -0.723962 -0.660401 250.665 0.318061 -0.589635 0.742407 134.627 0 0 0 1 
Seq_Frame0061_DriverToReference-SequenceTransformStatus = OK
Seq_Frame0061_Timestamp = 11.413
Seq_Frame0062_DriverToReference-SequenceTransform =-0.882926 -0.000484668 0.469512 -184.678 -0.382803 -0.578267 -0.720465 229.215 0.271852 -0.815848 0.510381 119.167 0 0 0 1 
Seq_Frame0062_DriverToReference-SequenceTransformStatus = OK
Seq_Frame0062_Timestamp = 11.518
Seq_Frame0063_DriverToReference-SequenceTransform =-0.852607 0.0697085 0.517882 -176.173 -0.500691 -0.392636 -0.771456 246.135 0.149562 -0.917048 0.369667 107.095 0 0 0 1 
Seq_Frame0063_DriverToReference-SequenceTransformStatus = OK
Seq_Frame0063_Timestamp = 11.627
Seq_Frame0064_DriverToReference-SequenceTransform =-0.780292 0.0667738 0.621841 -172.868 -0.582641 -0.439003 -0.683963 242.335 0.227319 -0.896001 0.381456 108.325 0 0 0 1 
Seq_Frame0064_DriverToReference-SequenceTransformStatus = OK
Seq_Frame0064_Timestamp = 11.732
Seq_Frame0065_DriverToReference-SequenceTransform =-0.672732 0.146208 0.725296 -163.954 -0.727121 -0.311953 -0.61154 230.824 0.136846 -0.93878 0.316171 100.054 0 0 0 1 
Seq_Frame0065_DriverToReference-SequenceTransformStatus = OK
Seq_Frame0065_Timestamp = 11.838
Seq_Frame0066_DriverToReference-SequenceTransform =-0.246864 0.46518 0.850097 -108.323 -0.965353 -0.0414933 -0.257628 213.273 -0.0845701 -0.884243 0.459306 77.5603 0 0 0 1 
Seq_Frame0066_DriverToReference-SequenceTransformStatus = OK
Seq_Frame0066_Timestamp = 11.944
Seq_Frame0067_DriverToReference-SequenceTransform =0.244376 0.804843 0.54084 0.548797 -0.968523 0.229837 0.0955936 202.44 -0.0473673 -0.547176 0.835676 79.2715 0 0 0 1 
Seq_Frame0067_DriverToReference-SequenceTransformStatus = OK
Seq_Frame0067_Timestamp = 12.049
Seq_Frame0068_DriverToReference-SequenceTransform =0.439344 0.838654 0.321925 86.3892 -0.89757 0.424453 0.119199 186.625 -0.0366754 -0.341319 0.939232 77.1556 0 0 0 1 
Seq_Frame0068_DriverToReference-SequenceTransformStatus = OK
Seq_Frame0068_Timestamp = 12.158
Seq_Frame0069_DriverToReference-SequenceTransform =0.520555 0.787435 0.330104 119.98 -0.8537 0.473313 0.217188 175.066 0.0147789 -0.394869 0.918619 80.769 0 0 0 1 
Seq_Frame0069_DriverToReference-SequenceTransformStatus = OK
Seq_Frame0069_Timestamp = 12.264
Seq_Frame0070_DriverToReference-SequenceTransform =0.52756 0.797135 0.293692 133.598 -0.845829 0.460698 0.268945 168.714 0.0790817 -0.390298 0.917286 88.1698 0 0 0 1 
Seq_Frame0070_DriverToReference-SequenceTransformStatus = OK
Seq_Frame0070_Timestamp = 12.372
Seq_Frame0071_DriverToReference-SequenceTransform =0.524197 0.791914 0.313192 133.091 -0.848781 0.455967 0.267701 164.745 0.069191 -0.40616 0.911179 91.2584 0 0 0 1 
Seq_Frame0071_DriverToReference-SequenceTransformStatus = OK
Seq_Frame0071_Timestamp = 12.475
Seq_Frame0072_DriverToReference-SequenceTransform =0.507732 0.800147 0.31933 131.549 -0.859081 0.442392 0.257428 164.478 0.0647112 -0.405035 0.912008 91.5439 0 0 0 1 
Seq_Frame0072_DriverToReference-SequenceTransformStatus = OK
Seq_Frame0072_Timestamp = 12.58
Seq_Frame0073_DriverToReference-SequenceTransform =0.507117 0.78773 0.349735 130.772 -0.86 0.435708 0.265629 166.536 0.0568615 -0.435477 0.898402 92.0927 0 0 0 1 
Seq_Frame0073_DriverToReference-SequenceTransformStatus = OK
Seq_Frame0073_Timestamp = 12.688
Seq_Frame0074_DriverToReference-SequenceTransform =0.49749 0.787884 0.362963 130.864 -0.866226 0.428805 0.256472 168.91 0.0464302 -0.442001 0.895812 93.3093 0 0 0 1 
Seq_Frame0074_DriverToReference-SequenceTransformStatus = OK
Seq_Frame0074_Timestamp = 12.792
Seq_Frame0075_DriverToReference-SequenceTransform =0.46987 0.809836 0.351267 132.809 -0.882386 0.419692 0.212731 179.239 0.0248538 -0.409909 0.911788 98.5967 0 0 0 1 
Seq_Frame0075_DriverToReference-SequenceTransformStatus = OK
Seq_Frame0075_Timestamp = 12.897
Seq_Frame0076_DriverToReference-SequenceTransform =0.461528 0.813493 0.353865 134.556 -0.884229 0.454049 0.109451 201.167 -0.0716344 -0.363412 0.92887 111.065 0 0 0 1 
Seq_Frame0076_DriverToReference-SequenceTransformStatus = OK
Seq_Frame0076_Timestamp = 13.006
Seq_Frame0077_DriverToReference-SequenceTransform =0.451093 0.824966 0.340509 136.134 -0.883189 0.467531 0.0373068 221.139 -0.128422 -0.317563 0.939501 129.756 0 0 0 1 
Seq_Frame0077_DriverToReference-SequenceTransformStatus = OK
Seq_Frame0077_Timestamp = 13.111
Seq_Frame0078_DriverToReference-SequenceTransform =0.429231 0.856039 0.288024 138.727 -0.88505 0.462247 -0.0548938 238.22 -0.18013 -0.231354 0.956049 149.184 0 0 0 1 
Seq_Frame0078_DriverToReference-SequenceTransformStatus = OK
Seq_Frame0078_Timestamp = 13.218
Seq_Frame0079_DriverToReference-SequenceTransform =0.421561 0.86406 0.275112 141.939 -0.883406 0.459797 -0.0904452 246.419 -0.204646 -0.204907 0.957148 161.479 0 0 0 1 
Seq_Frame0079_DriverToReference-SequenceTransformStatus = OK
Seq_Frame0079_Timestamp = 13.323
Seq_Frame0080_DriverToReference-SequenceTransform =0.421561 0.86406 0.275112 141.939 -0.883406 0.459797 -0.0904452 246.419 -0.204646 -0.204907 0.957148 161.479 0 0 0 1 
Seq_Frame0080_DriverToReference-SequenceTransformStatus = OK
Seq_Frame0080_Timestamp = 13.539
Seq_Frame0081_DriverToReference-SequenceTransform =0.421561 0.86406 0.275112 141.939 -0.883406 0.459797 -0.0904452 246.419 -0.204646 -0.204907 0.957148 161.479 0 0 0 1 
Seq_Frame0081_DriverToReference-SequenceTransformStatus = OK
Seq_Frame0081_Timestamp = 13.647
Seq_Frame0082_DriverToReference-SequenceTransform =0.421561 0.86406 0.275112 141.939 -0.883406 0.459797 -0.0904452 246.419 -0.204646 -0.204907 0.957148 161.479 0 0 0 1 
Seq_Frame0082_DriverToReference-SequenceTransformStatus = OK
Seq_Frame0082_Timestamp = 14.5
Seq_Frame0083_DriverToReference-SequenceTransform =0.421561 0.86406 0.275112 141.939 -0.883406 0.459797 -0.0904452 246.419 -0.204646 -0.204907 0.957148 161.479 0 0 0 1 
Seq_Frame0083_DriverToReference-SequenceTransformStatus = OK
Seq_Frame0083_Timestamp = 14.605
Seq_Frame0084_DriverToReference-SequenceTransform =0.421561 0.86406 0.275112 141.939 -0.883406 0.459797 -0.0904452 246.419 -0.204646 -0.204907 0.957148 161.479 0 0 0 1 
Seq_Frame0084_DriverToReference-SequenceTransformStatus = OK
Seq_Frame0084_Timestamp = 14.714
Seq_Frame0085_DriverToReference-SequenceTransform =0.421561 0.86406 0.275112 141.939 -0.883406 0.459797 -0.0904452 246.419 -0.204646 -0.204907 0.957148 161.479 0 0 0 1 
Seq_Frame0085_DriverToReference-SequenceTransformStatus = OK
Seq_Frame0085_Timestamp = 14.819
Seq_Frame0086_DriverToReference-SequenceTransform =0.421561 0.86406 0.275112 141.939 -0.883406 0.459797 -0.0904452 246.419 -0.204646 -0.204907 0.957148 161.479 0 0 0 1 
Seq_Frame0086_DriverToReference-SequenceTransformStatus = OK
Seq_Frame0086_Timestamp = 14.923
Seq_Frame0087_DriverToReference-SequenceTransform =0.421561 0.86406 0.275112 141.939 -0.883406 0.459797 -0.0904452 246.419 -0.204646 -0.204907 0.957148 161.479 0 0 0 1 
Seq_Frame0087_DriverToReference-SequenceTransformStatus = OK
Seq_Frame0087_Timestamp = 15.034
Seq_Frame0088_DriverToReference-SequenceTransform =0.421561 0.86406 0.275112 141.939 -0.883406 0.459797 -0.0904452 246.419 -0.204646 -0.204907 0.957148 161.479 0 0 0 1 
Seq_Frame0088_DriverToReference-SequenceTransformStatus = OK
Seq_Frame0088_Timestamp = 15.138
Seq_Frame0089_DriverToReference-SequenceTransform =0.421561 0.86406 0.275112 141.939 -0.883406 0.459797 -0.0904452 246.419 -0.204646 -0.204907 0.957148 161.479 0 0 0 1 
Seq_Frame0089_DriverToReference-SequenceTransformStatus = OK
Seq_Frame0089_Timestamp = 15.25
Seq_Frame0090_DriverToReference-SequenceTransform =0.421561 0.86406 0.275112 141.939 -0.883406 0.459797 -0.0904452 246.419 -0.204646 -0.204907 0.957148 161.479 0 0 0 1 
Seq_Frame0090_DriverToReference-SequenceTransformStatus = OK
Seq_Frame0090_Timestamp = 15.356
Seq_Frame0091_DriverToReference-SequenceTransform =0.421561 0.86406 0.275112 141.939 -0.883406 0.459797 -0.0904452 246.419 -0.204646 -0.204907 0.957148 161.479 0 0 0 1 
Seq_Frame0091_DriverToReference-SequenceTransformStatus = OK
Seq_Frame0091_Timestamp = 15.464
Seq_Frame0092_DriverToReference-SequenceTransform =0.421561 0.86406 0.275112 141.939 -0.883406 0.459797 -0.0904452 246.419 -0.204646 -0.204907 0.957148 161.479 0 0 0 1 
Seq_Frame0092_DriverToReference-SequenceTransformStatus = OK
Seq_Frame0092_Timestamp = 15.569
Seq_Frame0093_DriverToReference-SequenceTransform =0.421561 0.86406 0.275112 141.939 -0.883406 0.459797 -0.0904452 246.419 -0.204646 -0.204907 0.957148 161.479 0 0 0 1 
Seq_Frame0093_DriverToReference-SequenceTransformStatus = OK
Seq_Frame0093_Timestamp = 15.673
Seq_Frame0094_DriverToReference-SequenceTransform =0.421561 0.86406 0.275112 141.939 -0.883406 0.459797 -0.0904452 246.419 -0.204646 -0.204907 0.957148 161.479 0 0 0 1 
Seq_Frame0094_DriverToReference-SequenceTransformStatus = OK
Seq_Frame0094_Timestamp = 15.781
Seq_Frame0095_DriverToReference-SequenceTransform =0.421561 0.86406 0.275112 141.939 -0.883406 0.459797 -0.0904452 246.419 -0.204646 -0.204907 0.957148 161.479 0 0 0 1 
Seq_Frame0095_DriverToReference-SequenceTransformStatus = OK
Seq_Frame0095_Timestamp = 15.883
Seq_Frame0096_DriverToReference-SequenceTransform =0.421561 0.86406 0.275112 141.939 -0.883406 0.459797 -0.0904452 246.419 -0.204646 -0.204907 0.957148 161.479 0 0 0 1 
Seq_Frame0096_DriverToReference-SequenceTransformStatus = OK
Seq_Frame0096_Timestamp = 15.988
Seq_Frame0097_DriverToReference-SequenceTransform =0.421561 0.86406 0.275112 141.939 -0.883406 0.459797 -0.0904452 246.419 -0.204646 -0.204907 0.957148 161.479 0 0 0 1 
Seq_Frame0097_DriverToReference-SequenceTransformStatus = OK
Seq_Frame0097_Timestamp = 16.095
Seq_Frame0098_DriverToReference-SequenceTransform =0.421561 0.86406 0.275112 141.939 -0.883406 0.459797 -0.0904452 246.419 -0.204646 -0.204907 0.957148 161.479 0 0 0 1 
Seq_Frame0098_DriverToReference-SequenceTransformStatus = OK
Seq_Frame0098_Timestamp = 16.201
Seq_Frame0099_DriverToReference-SequenceTransform =0.421561 0.86406 0.275112 141.939 -0.883406 0.459797 -0.0904452 246.419 -0.204646 -0.204907 0.957148 161.479 0 0 0 1 
Seq_Frame0099_DriverToReference-SequenceTransformStatus = OK
Seq_Frame0099_Timestamp = 16.308
Seq_Frame0100_DriverToReference-SequenceTransform =0.421561 0.86406 0.275112 141.939 -0.883406 0.459797 -0.0904452 246.419 -0.204646 -0.204907 0.957148 161.479 0 0 0 1 
Seq_Frame0100_DriverToReference-SequenceTransformStatus = OK
Seq_Frame0100_Timestamp = 16.412
Seq_Frame0101_DriverToReference-SequenceTransform =0.421561 0.86406 0.275112 141.939 -0.883406 0.459797 -0.0904452 246.419 -0.204646 -0.204907 0.957148 161.479 0 0 0 1 
Seq_Frame0101_DriverToReference-SequenceTransformStatus = OK
Seq_Frame0101_Timestamp = 16.518
Seq_Frame0102_DriverToReference-SequenceTransform =0.421561 0.86406 0.275112 141.939 -0.883406 0.459797 -0.0904452 246.419 -0.204646 -0.204907 0.957148 161.479 0 0 0 1 
Seq_Frame0102_DriverToReference-SequenceTransformStatus = OK
Seq_Frame0102_Timestamp = 16.627
Seq_Frame0103_DriverToReference-SequenceTransform =-0.270779 0.574361 -0.772521 -39.1108 -0.057458 -0.810713 -0.582617 274.894 -0.960925 -0.113373 0.252525 159.768 0 0 0 1 
Seq_Frame0103_DriverToReference-SequenceTransformStatus = OK
Seq_Frame0103_Timestamp = 16.731
Seq_Frame0104_DriverToReference-SequenceTransform =0.0805862 0.500119 -0.862199 -0.712257 0.101142 -0.86465 -0.492087 278.255 -0.991603 -0.0475494 -0.120262 198.691 0 0 0 1 
Seq_Frame0104_DriverToReference-SequenceTransformStatus = OK
Seq_Frame0104_Timestamp = 16.838
Seq_Frame0105_DriverToReference-SequenceTransform =0.0201932 0.675647 -0.736949 7.73797 -0.205063 -0.718629 -0.66447 275.142 -0.97854 0.164539 0.124039 211.01 0 0 0 1 
Seq_Frame0105_DriverToReference-SequenceTransformStatus = OK
Seq_Frame0105_Timestamp = 16.971
Seq_Frame0106_DriverToReference-SequenceTransform =0.109971 0.654653 -0.747888 19.3524 0.140795 -0.755124 -0.640285 276.076 -0.983912 -0.0348859 -0.175213 220.453 0 0 0 1 
Seq_Frame0106_DriverToReference-SequenceTransformStatus = OK
Seq_Frame0106_Timestamp = 17.107
Seq_Frame0107_DriverToReference-SequenceTransform =0.123181 0.600886 -0.789786 18.5233 0.23344 -0.79106 -0.565446 276.727 -0.964537 -0.114715 -0.237715 219.263 0 0 0 1 
Seq_Frame0107_DriverToReference-SequenceTransformStatus = OK
Seq_Frame0107_Timestamp = 19.061
Seq_Frame0108_DriverToReference-SequenceTransform =0.123181 0.600886 -0.789786 18.5233 0.23344 -0.79106 -0.565446 276.727 -0.964537 -0.114715 -0.237715 219.263 0 0 0 1 
Seq_Frame0108_DriverToReference-SequenceTransformStatus = OK
Seq_Frame0108_Timestamp = 19.171
Seq_Frame0109_DriverToReference-SequenceTransform =0.123181 0.600886 -0.789786 18.5233 0.23344 -0.79106 -0.565446 276.727 -0.964537 -0.114715 -0.237715 219.263 0 0 0 1 
Seq_Frame0109_DriverToReference-SequenceTransformStatus = OK
Seq_Frame0109_Timestamp = 19.275
Seq_Frame0110_DriverToReference-SequenceTransform =0.123181 0.600886 -0.789786 18.5233 0.23344 -0.79106 -0.565446 276.727 -0.964537 -0.114715 -0.237715 219.263 0 0 0 1 
Seq_Frame0110_DriverToReference-SequenceTransformStatus = OK
Seq_Frame0110_Timestamp = 19.38
Seq_Frame0111_DriverToReference-SequenceTransform =0.123181 0.600886 -0.789786 18.5233 0.23344 -0.79106 -0.565446 276.727 -0.964537 -0.114715 -0.237715 219.263 0 0 0 1 
Seq_Frame0111_DriverToReference-SequenceTransformStatus = OK
Seq_Frame0111_Timestamp = 19.488
Seq_Frame0112_DriverToReference-SequenceTransform =0.123181 0.600886 -0.789786 18.5233 0.23344 -0.79106 -0.565446 276.727 -0.964537 -0.114715 -0.237715 219.263 0 0 0 1 
Seq_Frame0112_DriverToReference-SequenceTransformStatus = OK
Seq_Frame0112_Timestamp = 21.105
Seq_Frame0113_DriverToReference-SequenceTransform =0.123181 0.600886 -0.789786 18.5233 0.23344 -0.79106 -0.565446 276.727 -0.964537 -0.114715 -0.237715 219.263 0 0 0 1 
Seq_Frame0113_DriverToReference-SequenceTransformStatus = OK
Seq_Frame0113_Timestamp = 21.217
Seq_Frame0114_DriverToReference-SequenceTransform =0.123181 0.600886 -0.789786 18.5233 0.23344 -0.79106 -0.565446 276.727 -0.964537 -0.114715 -0.237715 219.263 0 0 0 1 
Seq_Frame0114_DriverToReference-SequenceTransformStatus = OK
Seq_Frame0114_Timestamp = 21.321
Seq_Frame0115_DriverToReference-SequenceTransform =0.123181 0.600886 -0.789786 18.5233 0.23344 -0.79106 -0.565446 276.727 -0.964537 -0.114715 -0.237715 219.263 0 0 0 1 
Seq_Frame0115_DriverToReference-SequenceTransformStatus = OK
Seq_Frame0115_Timestamp = 32.753
Seq_Frame0116_DriverToReference-SequenceTransform =0.123181 0.600886 -0.789786 18.5233 0.23344 -0.79106 -0.565446 276.727 -0.964537 -0.114715 -0.237715 219.263 0 0 0 1 
Seq_Frame0116_DriverToReference-SequenceTransformStatus = OK
Seq_Frame0116_Timestamp = 32.857
Seq_Frame0117_DriverToReference-SequenceTransform =0.123181 0.600886 -0.789786 18.5233 0.23344 -0.79106 -0.565446 276.727 -0.964537 -0.114715 -0.237715 219.263 0 0 0 1 
Seq_Frame0117_DriverToReference-SequenceTransformStatus = OK
Seq_Frame0117_Timestamp = 32.965
Seq_Frame0118_DriverToReference-SequenceTransform =0.123181 0.600886 -0.789786 18.5233 0.23344 -0.79106 -0.565446 276.727 -0.964537 -0.114715 -0.237715 219.263 0 0 0 1 
Seq_Frame0118_DriverToReference-SequenceTransformStatus = OK
Seq_Frame0118_Timestamp = 33.074
Seq_Frame0119_DriverToReference-SequenceTransform =0.123181 0.600886 -0.789786 18.5233 0.23344 -0.79106 -0.565446 276.727 -0.964537 -0.114715 -0.237715 219.263 0 0 0 1 
Seq_Frame0119_DriverToReference-SequenceTransformStatus = OK
Seq_Frame0119_Timestamp = 34.729
Seq_Frame0120_DriverToReference-SequenceTransform =0.123181 0.600886 -0.789786 18.5233 0.23344 -0.79106 -0.565446 276.727 -0.964537 -0.114715 -0.237715 219.263 0 0 0 1 
Seq_Frame0120_DriverToReference-SequenceTransformStatus = OK
Seq_Frame0120_Timestamp = 34.835
Seq_Frame0121_DriverToReference-SequenceTransform =0.123181 0.600886 -0.789786 18.5233 0.23344 -0.79106 -0.565446 276.727 -0.964537 -0.114715 -0.237715 219.263 0 0 0 1 
Seq_Frame0121_DriverToReference-SequenceTransformStatus = OK
Seq_Frame0121_Timestamp = 35.621
Seq_Frame0122_DriverToReference-SequenceTransform =0.123181 0.600886 -0.789786 18.5233 0.23344 -0.79106 -0.565446 276.727 -0.964537 -0.114715 -0.237715 219.263 0 0 0 1 
Seq_Frame0122_DriverToReference-SequenceTransformStatus = OK
Seq_Frame0122_Timestamp = 35.728
Seq_Frame0123_DriverToReference-SequenceTransform =0.123181 0.600886 -0.789786 18.5233 0.23344 -0.79106 -0.565446 276.727 -0.964537 -0.114715 -0.237715 219.263 0 0 0 1 
Seq_Frame0123_DriverToReference-SequenceTransformStatus = OK
Seq_Frame0123_Timestamp = 35.835
Seq_Frame0124_DriverToReference-SequenceTransform =0.123181 0.600886 -0.789786 18.5233 0.23344 -0.79106 -0.565446 276.727 -0.964537 -0.114715 -0.237715 219.263 0 0 0 1 
Seq_Frame0124_DriverToReference-SequenceTransformStatus = OK
Seq_Frame0124_Timestamp = 35.94
Seq_Frame0125_DriverToReference-SequenceTransform =0.123181 0.600886 -0.789786 18.5233 0.23344 -0.79106 -0.565446 276.727 -0.964537 -0.114715 -0.237715 219.263 0 0 0 1 
Seq_Frame0125_DriverToReference-SequenceTransformStatus = OK
Seq_Frame0125_Timestamp = 36.047
Seq_Frame0126_DriverToReference-SequenceTransform =0.123181 0.600886 -0.789786 18.5233 0.23344 -0.79106 -0.565446 276.727 -0.964537 -0.114715 -0.237715 219.263 0 0 0 1 
Seq_Frame0126_DriverToReference-SequenceTransformStatus = OK
Seq_Frame0126_Timestamp = 36.151
Seq_Frame0127_DriverToReference-SequenceTransform =0.123181 0.600886 -0.789786 18.5233 0.23344 -0.79106 -0.565446 276.727 -0.964537 -0.114715 -0.237715 219.263 0 0 0 1 
Seq_Frame0127_DriverToReference-SequenceTransformStatus = OK
Seq_Frame0127_Timestamp = 36.512
Seq_Frame0128_DriverToReference-SequenceTransform =0.123181 0.600886 -0.789786 18.5233 0.23344 -0.79106 -0.565446 276.727 -0.964537 -0.114715 -0.237715 219.263 0 0 0 1 
Seq_Frame0128_DriverToReference-SequenceTransformStatus = OK
Seq_Frame0128_Timestamp = 36.618
Seq_Frame0129_DriverToReference-SequenceTransform =0.123181 0.600886 -0.789786 18.5233 0.23344 -0.79106 -0.565446 276.727 -0.964537 -0.114715 -0.237715 219.263 0 0 0 1 
Seq_Frame0129_DriverToReference-SequenceTransformStatus = OK
Seq_Frame0129_Timestamp = 36.729
Seq_Frame0130_DriverToReference-SequenceTransform =0.123181 0.600886 -0.789786 18.5233 0.23344 -0.79106 -0.565446 276.727 -0.964537 -0.114715 -0.237715 219.263 0 0 0 1 
Seq_Frame0130_DriverToReference-SequenceTransformStatus = OK
Seq_Frame0130_Timestamp = 36.834
Seq_Frame0131_DriverToReference-SequenceTransform =0.123181 0.600886 -0.789786 18.5233 0.23344 -0.79106 -0.565446 276.727 -0.964537 -0.114715 -0.237715 219.263 0 0 0 1 
Seq_Frame0131_DriverToReference-SequenceTransformStatus = OK
Seq_Frame0131_Timestamp = 36.938
Seq_Frame0132_DriverToReference-SequenceTransform =0.123181 0.600886 -0.789786 18.5233 0.23344 -0.79106 -0.565446 276.727 -0.964537 -0.114715 -0.237715 219.263 0 0 0 1 
Seq_Frame0132_DriverToReference-SequenceTransformStatus = OK
Seq_Frame0132_Timestamp = 37.049
Seq_Frame0133_DriverToReference-SequenceTransform =0.123181 0.600886 -0.789786 18.5233 0.23344 -0.79106 -0.565446 276.727 -0.964537 -0.114715 -0.237715 219.263 0 0 0 1 
Seq_Frame0133_DriverToReference-SequenceTransformStatus = OK
Seq_Frame0133_Timestamp = 37.154
Seq_Frame0134_DriverToReference-SequenceTransform =0.123181 0.600886 -0.789786 18.5233 0.23344 -0.79106 -0.565446 276.727 -0.964537 -0.114715 -0.237715 219.263 0 0 0 1 
Seq_Frame0134_DriverToReference-SequenceTransformStatus = OK
Seq_Frame0134_Timestamp = 37.264
Seq_Frame0135_DriverToReference-SequenceTransform =0.123181 0.600886 -0.789786 18.5233 0.23344 -0.79106 -0.565446 276.727 -0.964537 -0.114715 -0.237715 219.263 0 0 0 1 
Seq_Frame0135_DriverToReference-SequenceTransformStatus = OK
Seq_Frame0135_Timestamp = 37.368
Seq_Frame0136_DriverToReference-SequenceTransform =0.123181 0.600886 -0.789786 18.5233 0.23344 -0.79106 -0.565446 276.727 -0.964537 -0.114715 -0.237715 219.263 0 0 0 1 
Seq_Frame0136_DriverToReference-SequenceTransformStatus = OK
Seq_Frame0136_Timestamp = 37.474
Seq_Frame0137_DriverToReference-SequenceTransform =0.123181 0.600886 -0.789786 18.5233 0.23344 -0.79106 -0.565446 276.727 -0.964537 -0.114715 -0.237715 219.263 0 0 0 1 
Seq_Frame0137_DriverToReference-SequenceTransformStatus = OK
Seq_Frame0137_Timestamp = 37.657
Seq_Frame0138_DriverToReference-SequenceTransform =0.123181 0.600886 -0.789786 18.5233 0.23344 -0.79106 -0.565446 276.727 -0.964537 -0.114715 -0.237715 219.263 0 0 0 1 
Seq_Frame0138_DriverToReference-SequenceTransformStatus = OK
Seq_Frame0138_Timestamp = 37.763
Seq_Frame0139_DriverToReference-SequenceTransform =0.123181 0.600886 -0.789786 18.5233 0.23344 -0.79106 -0.565446 276.727 -0.964537 -0.114715 -0.237715 219.263 0 0 0 1 
Seq_Frame0139_DriverToReference-SequenceTransformStatus = OK
Seq_Frame0139_Timestamp = 37.867
Seq_Frame0140_DriverToReference-SequenceTransform =-0.989658 0.0456608 -0.135983 87.534 0.0100901 0.967796 0.251535 207.849 0.143089 0.247561 -0.958248 200.673 0 0 0 1 
Seq_Frame0140_DriverToReference-SequenceTransformStatus = OK
Seq_Frame0140_Timestamp = 38.836
Seq_Frame0141_DriverToReference-SequenceTransform =-0.992435 -0.039896 -0.116105 87.666 -0.0581384 0.985686 0.158251 206.13 0.10813 0.163804 -0.980549 201.454 0 0 0 1 
Seq_Frame0141_DriverToReference-SequenceTransformStatus = OK
Seq_Frame0141_Timestamp = 38.941
Seq_Frame0142_DriverToReference-SequenceTransform =-0.992435 -0.039896 -0.116105 87.666 -0.0581384 0.985686 0.158251 206.13 0.10813 0.163804 -0.980549 201.454 0 0 0 1 
Seq_Frame0142_DriverToReference-SequenceTransformStatus = OK
Seq_Frame0142_Timestamp = 39.852
Seq_Frame0143_DriverToReference-SequenceTransform =-0.992435 -0.039896 -0.116105 87.666 -0.0581384 0.985686 0.158251 206.13 0.10813 0.163804 -0.980549 201.454 0 0 0 1 
Seq_Frame0143_DriverToReference-SequenceTransformStatus = OK
Seq_Frame0143_Timestamp = 41.138
Seq_Frame0144_DriverToReference-SequenceTransform =-0.992435 -0.039896 -0.116105 87.666 -0.0581384 0.985686 0.158251 206.13 0.10813 0.163804 -0.980549 201.454 0 0 0 1 
Seq_Frame0144_DriverToReference-SequenceTransformStatus = OK
Seq_Frame0144_Timestamp = 41.291
Seq_Frame0145_DriverToReference-SequenceTransform =-0.356479 -0.146887 -0.922685 86.3377 -0.451214 -0.837697 0.307684 235.248 -0.818125 0.526011 0.232344 201.002 0 0 0 1 
Seq_Frame0145_DriverToReference-SequenceTransformStatus = OK
Seq_Frame0145_Timestamp = 41.412
Seq_Frame0146_DriverToReference-SequenceTransform =-0.396166 -0.112691 -0.911237 88.9231 -0.476456 -0.823132 0.308938 237.616 -0.784883 0.556555 0.272405 199.282 0 0 0 1 
Seq_Frame0146_DriverToReference-SequenceTransformStatus = OK
Seq_Frame0146_Timestamp = 41.518
Seq_Frame0147_DriverToReference-SequenceTransform =-0.396166 -0.112691 -0.911237 88.9231 -0.476456 -0.823132 0.308938 237.616 -0.784883 0.556555 0.272405 199.282 0 0 0 1 
Seq_Frame0147_DriverToReference-SequenceTransformStatus = OK
Seq_Frame0147_Timestamp = 41.851
Seq_Frame0148_DriverToReference-SequenceTransform =-0.346063 -0.136265 -0.928263 96.4516 -0.410428 -0.867717 0.280387 275.753 -0.843676 0.478016 0.244358 202.848 0 0 0 1 
Seq_Frame0148_DriverToReference-SequenceTransformStatus = OK
Seq_Frame0148_Timestamp = 41.957
Seq_Frame0149_DriverToReference-SequenceTransform =-0.358602 -0.103708 -0.927712 96.7945 -0.36385 -0.899681 0.241219 285.024 -0.859661 0.42405 0.284893 202.176 0 0 0 1 
Seq_Frame0149_DriverToReference-SequenceTransformStatus = OK
Seq_Frame0149_Timestamp = 42.065
Seq_Frame0150_DriverToReference-SequenceTransform =-0.359062 -0.0822697 -0.929681 97.3391 -0.36022 -0.906709 0.219361 292.566 -0.860997 0.413654 0.295929 201.929 0 0 0 1 
Seq_Frame0150_DriverToReference-SequenceTransformStatus = OK
Seq_Frame0150_Timestamp = 42.173
