ObjectType = Image
NDims = 3
AnatomicalOrientation = RAI
BinaryData = True
CompressedData = False
DimSize = 0 0 2006
ElementSpacing = 1 1 1
Offset = 0 0 0
TransformMatrix = 1 0 0 0 1 0 0 0 1
ElementType = MET_UCHAR
Kinds = domain domain list
Seq_Frame0000_ForcepToReference-SequenceTransform =0.29399 0.933827 0.203805 58.9501 -0.88705 0.345978 -0.305684 -167.987 -0.355968 -0.0909169 0.930065 -229.7 0 0 0 1 
Seq_Frame0000_ForcepToReference-SequenceTransformStatus = OK
Seq_Frame0000_Timestamp = 1.826
Seq_Frame0001_ForcepToReference-SequenceTransform =0.298664 0.933505 0.198414 60.6169 -0.883516 0.349058 -0.312341 -166.453 -0.36083 -0.0820171 0.929018 -230.795 0 0 0 1 
Seq_Frame0001_ForcepToReference-SequenceTransformStatus = OK
Seq_Frame0001_Timestamp = 1.935
Seq_Frame0002_ForcepToReference-SequenceTransform =0.301661 0.933749 0.192646 62.1887 -0.877152 0.350993 -0.327732 -163.52 -0.373637 -0.0701154 0.924921 -233.316 0 0 0 1 
Seq_Frame0002_ForcepToReference-SequenceTransformStatus = OK
Seq_Frame0002_Timestamp = 2.036
Seq_Frame0003_ForcepToReference-SequenceTransform =0.301552 0.933727 0.192925 62.0846 -0.87915 0.350612 -0.322749 -164.405 -0.369001 -0.072284 0.926614 -232.655 0 0 0 1 
Seq_Frame0003_ForcepToReference-SequenceTransformStatus = OK
Seq_Frame0003_Timestamp = 2.141
Seq_Frame0004_ForcepToReference-SequenceTransform =0.301229 0.93397 0.19225 62.1041 -0.878877 0.350151 -0.32399 -164.154 -0.369914 -0.071369 0.926321 -232.849 0 0 0 1 
Seq_Frame0004_ForcepToReference-SequenceTransformStatus = OK
Seq_Frame0004_Timestamp = 2.246
Seq_Frame0005_ForcepToReference-SequenceTransform =0.301424 0.934213 0.190762 62.3581 -0.878948 0.349791 -0.324188 -164.125 -0.369587 -0.0699523 0.926559 -232.931 0 0 0 1 
Seq_Frame0005_ForcepToReference-SequenceTransformStatus = OK
Seq_Frame0005_Timestamp = 2.346
Seq_Frame0006_ForcepToReference-SequenceTransform =0.301123 0.93392 0.192663 62.0302 -0.878739 0.350229 -0.32428 -164.134 -0.370328 -0.0716525 0.926134 -232.843 0 0 0 1 
Seq_Frame0006_ForcepToReference-SequenceTransformStatus = OK
Seq_Frame0006_Timestamp = 2.459
Seq_Frame0007_ForcepToReference-SequenceTransform =0.30117 0.933972 0.192336 62.1163 -0.879004 0.350104 -0.323697 -164.103 -0.369661 -0.071576 0.926406 -232.826 0 0 0 1 
Seq_Frame0007_ForcepToReference-SequenceTransformStatus = OK
Seq_Frame0007_Timestamp = 2.56
Seq_Frame0008_ForcepToReference-SequenceTransform =0.301409 0.933824 0.192679 62.1044 -0.87884 0.350463 -0.323753 -164.222 -0.369855 -0.0717519 0.926315 -232.765 0 0 0 1 
Seq_Frame0008_ForcepToReference-SequenceTransformStatus = OK
Seq_Frame0008_Timestamp = 2.661
Seq_Frame0009_ForcepToReference-SequenceTransform =0.302482 0.93362 0.191987 62.4429 -0.880548 0.350821 -0.318684 -165.164 -0.364883 -0.0726578 0.928214 -232.31 0 0 0 1 
Seq_Frame0009_ForcepToReference-SequenceTransformStatus = OK
Seq_Frame0009_Timestamp = 2.761
Seq_Frame0010_ForcepToReference-SequenceTransform =0.302612 0.933586 0.191944 62.5057 -0.880638 0.350901 -0.318346 -165.342 -0.364557 -0.0726981 0.928339 -232.217 0 0 0 1 
Seq_Frame0010_ForcepToReference-SequenceTransformStatus = OK
Seq_Frame0010_Timestamp = 2.865
Seq_Frame0011_ForcepToReference-SequenceTransform =0.302017 0.933576 0.19293 62.1933 -0.878636 0.351117 -0.323597 -164.349 -0.369844 -0.0717834 0.926317 -232.742 0 0 0 1 
Seq_Frame0011_ForcepToReference-SequenceTransformStatus = OK
Seq_Frame0011_Timestamp = 2.971
Seq_Frame0012_ForcepToReference-SequenceTransform =0.301572 0.93373 0.192877 62.077 -0.878912 0.35066 -0.323345 -164.273 -0.369551 -0.0720101 0.926416 -232.78 0 0 0 1 
Seq_Frame0012_ForcepToReference-SequenceTransformStatus = OK
Seq_Frame0012_Timestamp = 3.081
Seq_Frame0013_ForcepToReference-SequenceTransform =0.301467 0.933901 0.192217 62.1426 -0.879235 0.350276 -0.322881 -164.41 -0.368867 -0.0716657 0.926715 -232.691 0 0 0 1 
Seq_Frame0013_ForcepToReference-SequenceTransformStatus = OK
Seq_Frame0013_Timestamp = 3.182
Seq_Frame0014_ForcepToReference-SequenceTransform =0.301583 0.933769 0.192675 62.1257 -0.879824 0.35042 -0.321115 -164.558 -0.367365 -0.0726777 0.927233 -232.617 0 0 0 1 
Seq_Frame0014_ForcepToReference-SequenceTransformStatus = OK
Seq_Frame0014_Timestamp = 3.286
Seq_Frame0015_ForcepToReference-SequenceTransform =0.30184 0.933647 0.192863 62.1206 -0.879164 0.350838 -0.322466 -164.366 -0.368733 -0.0722253 0.926725 -232.728 0 0 0 1 
Seq_Frame0015_ForcepToReference-SequenceTransformStatus = OK
Seq_Frame0015_Timestamp = 3.386
Seq_Frame0016_ForcepToReference-SequenceTransform =0.301141 0.934127 0.191625 62.1947 -0.87873 0.349885 -0.324675 -163.908 -0.370335 -0.0706138 0.92621 -232.948 0 0 0 1 
Seq_Frame0016_ForcepToReference-SequenceTransformStatus = OK
Seq_Frame0016_Timestamp = 3.487
Seq_Frame0017_ForcepToReference-SequenceTransform =0.301237 0.933901 0.192577 62.077 -0.878638 0.350317 -0.324457 -163.92 -0.370474 -0.0714673 0.926089 -232.903 0 0 0 1 
Seq_Frame0017_ForcepToReference-SequenceTransformStatus = OK
Seq_Frame0017_Timestamp = 3.587
Seq_Frame0018_ForcepToReference-SequenceTransform =0.302255 0.933559 0.19264 62.2185 -0.879665 0.351023 -0.320892 -164.759 -0.367193 -0.0724679 0.927318 -232.529 0 0 0 1 
Seq_Frame0018_ForcepToReference-SequenceTransformStatus = OK
Seq_Frame0018_Timestamp = 3.696
Seq_Frame0019_ForcepToReference-SequenceTransform =0.301414 0.933811 0.192735 62.0871 -0.879316 0.350394 -0.322534 -164.365 -0.368719 -0.0722582 0.926728 -232.739 0 0 0 1 
Seq_Frame0019_ForcepToReference-SequenceTransformStatus = OK
Seq_Frame0019_Timestamp = 3.801
Seq_Frame0020_ForcepToReference-SequenceTransform =0.301287 0.933935 0.192335 62.0668 -0.879262 0.350155 -0.322938 -164.291 -0.36895 -0.0718157 0.926671 -232.754 0 0 0 1 
Seq_Frame0020_ForcepToReference-SequenceTransformStatus = OK
Seq_Frame0020_Timestamp = 3.902
Seq_Frame0021_ForcepToReference-SequenceTransform =0.301662 0.933667 0.193044 62.1194 -0.878981 0.350781 -0.323024 -164.28 -0.369313 -0.0722378 0.926493 -232.751 0 0 0 1 
Seq_Frame0021_ForcepToReference-SequenceTransformStatus = OK
Seq_Frame0021_Timestamp = 4.005
Seq_Frame0022_ForcepToReference-SequenceTransform =0.301742 0.933424 0.194091 62.028 -0.878481 0.351311 -0.323808 -164.264 -0.370437 -0.0727993 0.926001 -232.759 0 0 0 1 
Seq_Frame0022_ForcepToReference-SequenceTransformStatus = OK
Seq_Frame0022_Timestamp = 4.109
Seq_Frame0023_ForcepToReference-SequenceTransform =0.301258 0.933936 0.192372 62.082 -0.879225 0.35015 -0.323045 -164.299 -0.369062 -0.0718183 0.926626 -232.771 0 0 0 1 
Seq_Frame0023_ForcepToReference-SequenceTransformStatus = OK
Seq_Frame0023_Timestamp = 4.211
Seq_Frame0024_ForcepToReference-SequenceTransform =0.300958 0.933962 0.192718 61.9373 -0.879071 0.35004 -0.323583 -164.115 -0.369674 -0.0720283 0.926366 -232.867 0 0 0 1 
Seq_Frame0024_ForcepToReference-SequenceTransformStatus = OK
Seq_Frame0024_Timestamp = 4.312
Seq_Frame0025_ForcepToReference-SequenceTransform =0.301516 0.933583 0.193676 61.9899 -0.879076 0.350855 -0.322688 -164.345 -0.369208 -0.0729602 0.926479 -232.701 0 0 0 1 
Seq_Frame0025_ForcepToReference-SequenceTransformStatus = OK
Seq_Frame0025_Timestamp = 4.421
Seq_Frame0026_ForcepToReference-SequenceTransform =0.301506 0.933707 0.193095 62.0602 -0.878944 0.350671 -0.323245 -164.283 -0.369529 -0.0722596 0.926405 -232.758 0 0 0 1 
Seq_Frame0026_ForcepToReference-SequenceTransformStatus = OK
Seq_Frame0026_Timestamp = 4.521
Seq_Frame0027_ForcepToReference-SequenceTransform =0.30139 0.933694 0.193338 62.0284 -0.878692 0.350704 -0.323894 -164.179 -0.370223 -0.0722662 0.926128 -232.824 0 0 0 1 
Seq_Frame0027_ForcepToReference-SequenceTransformStatus = OK
Seq_Frame0027_Timestamp = 4.631
Seq_Frame0028_ForcepToReference-SequenceTransform =0.301315 0.933955 0.192191 62.1043 -0.878999 0.350181 -0.323626 -164.268 -0.369554 -0.0714226 0.92646 -232.732 0 0 0 1 
Seq_Frame0028_ForcepToReference-SequenceTransformStatus = OK
Seq_Frame0028_Timestamp = 4.731
Seq_Frame0029_ForcepToReference-SequenceTransform =0.302086 0.933693 0.192253 62.3011 -0.879811 0.350714 -0.320831 -164.881 -0.366983 -0.0722282 0.927419 -232.524 0 0 0 1 
Seq_Frame0029_ForcepToReference-SequenceTransformStatus = OK
Seq_Frame0029_Timestamp = 4.841
Seq_Frame0030_ForcepToReference-SequenceTransform =0.303094 0.933418 0.192001 62.5917 -0.880287 0.351409 -0.318759 -165.251 -0.365006 -0.0724023 0.928186 -232.254 0 0 0 1 
Seq_Frame0030_ForcepToReference-SequenceTransformStatus = OK
Seq_Frame0030_Timestamp = 4.945
Seq_Frame0031_ForcepToReference-SequenceTransform =0.303387 0.933485 0.191214 62.7338 -0.880548 0.351343 -0.318108 -165.494 -0.364131 -0.0718629 0.928571 -232.058 0 0 0 1 
Seq_Frame0031_ForcepToReference-SequenceTransformStatus = OK
Seq_Frame0031_Timestamp = 5.051
Seq_Frame0032_ForcepToReference-SequenceTransform =0.302004 0.933595 0.192859 62.187 -0.879424 0.350927 -0.321657 -164.615 -0.367977 -0.0724632 0.927007 -232.539 0 0 0 1 
Seq_Frame0032_ForcepToReference-SequenceTransformStatus = OK
Seq_Frame0032_Timestamp = 5.156
Seq_Frame0033_ForcepToReference-SequenceTransform =0.300965 0.934042 0.192314 62.0336 -0.878968 0.349926 -0.323986 -164.118 -0.369913 -0.071529 0.926309 -232.849 0 0 0 1 
Seq_Frame0033_ForcepToReference-SequenceTransformStatus = OK
Seq_Frame0033_Timestamp = 5.261
Seq_Frame0034_ForcepToReference-SequenceTransform =0.30149 0.933663 0.19333 62.045 -0.878466 0.350832 -0.324368 -164.189 -0.370677 -0.0720401 0.925964 -232.854 0 0 0 1 
Seq_Frame0034_ForcepToReference-SequenceTransformStatus = OK
Seq_Frame0034_Timestamp = 5.371
Seq_Frame0035_ForcepToReference-SequenceTransform =0.301335 0.933927 0.192297 62.1113 -0.879137 0.350208 -0.323221 -164.268 -0.369209 -0.0716577 0.92658 -232.778 0 0 0 1 
Seq_Frame0035_ForcepToReference-SequenceTransformStatus = OK
Seq_Frame0035_Timestamp = 5.482
Seq_Frame0036_ForcepToReference-SequenceTransform =0.301441 0.933817 0.192661 62.0835 -0.878934 0.350466 -0.323494 -164.284 -0.369605 -0.0718217 0.926409 -232.754 0 0 0 1 
Seq_Frame0036_ForcepToReference-SequenceTransformStatus = OK
Seq_Frame0036_Timestamp = 5.586
Seq_Frame0037_ForcepToReference-SequenceTransform =0.308889 0.927592 0.210146 61.1382 -0.882892 0.361815 -0.299319 -168.887 -0.35368 -0.0930795 0.930724 -229.008 0 0 0 1 
Seq_Frame0037_ForcepToReference-SequenceTransformStatus = OK
Seq_Frame0037_Timestamp = 5.836
Seq_Frame0038_ForcepToReference-SequenceTransform =0.301003 0.934067 0.192136 62.0606 -0.878977 0.349896 -0.323995 -164.159 -0.36986 -0.0713595 0.926343 -232.871 0 0 0 1 
Seq_Frame0038_ForcepToReference-SequenceTransformStatus = OK
Seq_Frame0038_Timestamp = 5.946
Seq_Frame0039_ForcepToReference-SequenceTransform =0.262131 0.940259 0.217257 61.6857 -0.886533 0.323565 -0.330703 -164.553 -0.381243 -0.105918 0.918387 -233.19 0 0 0 1 
Seq_Frame0039_ForcepToReference-SequenceTransformStatus = OK
Seq_Frame0039_Timestamp = 6.057
Seq_Frame0040_ForcepToReference-SequenceTransform =0.443164 0.895586 0.0391233 76.0164 -0.833283 0.42764 -0.350375 -152.302 -0.330522 0.122673 0.935792 -216.23 0 0 0 1 
Seq_Frame0040_ForcepToReference-SequenceTransformStatus = OK
Seq_Frame0040_Timestamp = 6.161
Seq_Frame0041_ForcepToReference-SequenceTransform =0.298507 0.907336 -0.296032 73.9056 -0.342255 -0.187778 -0.920653 -125.371 -0.890929 0.37614 0.254487 -222.137 0 0 0 1 
Seq_Frame0041_ForcepToReference-SequenceTransformStatus = OK
Seq_Frame0041_Timestamp = 6.262
Seq_Frame0042_ForcepToReference-SequenceTransform =0.912926 -0.182813 -0.364892 54.8839 0.244712 -0.470326 0.847885 -147.264 -0.326623 -0.863349 -0.384636 -221.768 0 0 0 1 
Seq_Frame0042_ForcepToReference-SequenceTransformStatus = OK
Seq_Frame0042_Timestamp = 6.371
Seq_Frame0043_ForcepToReference-SequenceTransform =0.795447 -0.213346 -0.567228 41.5642 0.241568 -0.746786 0.619642 -128.178 -0.555796 -0.629916 -0.54249 -218.863 0 0 0 1 
Seq_Frame0043_ForcepToReference-SequenceTransformStatus = OK
Seq_Frame0043_Timestamp = 6.482
Seq_Frame0044_ForcepToReference-SequenceTransform =0.400732 -0.233315 -0.88599 18.5168 0.478151 -0.771634 0.419467 -40.342 -0.781528 -0.591731 -0.197659 -249.727 0 0 0 1 
Seq_Frame0044_ForcepToReference-SequenceTransformStatus = OK
Seq_Frame0044_Timestamp = 6.593
Seq_Frame0045_ForcepToReference-SequenceTransform =-0.709046 0.000395818 -0.705162 -101.495 0.379803 -0.842345 -0.382367 122.784 -0.594141 -0.538938 0.597111 -153.088 0 0 0 1 
Seq_Frame0045_ForcepToReference-SequenceTransformStatus = OK
Seq_Frame0045_Timestamp = 6.797
Seq_Frame0046_ForcepToReference-SequenceTransform =-0.476734 -0.194444 -0.857273 -107.58 0.548303 -0.828041 -0.1171 155.625 -0.687087 -0.525871 0.501369 -85.3847 0 0 0 1 
Seq_Frame0046_ForcepToReference-SequenceTransformStatus = OK
Seq_Frame0046_Timestamp = 6.907
Seq_Frame0047_ForcepToReference-SequenceTransform =-0.432717 -0.223473 -0.873393 -112.675 0.594524 -0.799012 -0.0901115 163.441 -0.677715 -0.558246 0.478606 -37.7246 0 0 0 1 
Seq_Frame0047_ForcepToReference-SequenceTransformStatus = OK
Seq_Frame0047_Timestamp = 7.018
Seq_Frame0048_ForcepToReference-SequenceTransform =-0.314249 -0.273459 -0.909103 -112.416 0.662852 -0.74874 -0.00390593 167.204 -0.679614 -0.603828 0.416553 -16.7582 0 0 0 1 
Seq_Frame0048_ForcepToReference-SequenceTransformStatus = OK
Seq_Frame0048_Timestamp = 7.122
Seq_Frame0049_ForcepToReference-SequenceTransform =-0.430502 -0.243741 -0.869056 -128.861 0.692873 -0.706303 -0.145132 181.906 -0.578442 -0.664625 0.472947 -6.66181 0 0 0 1 
Seq_Frame0049_ForcepToReference-SequenceTransformStatus = OK
Seq_Frame0049_Timestamp = 7.223
Seq_Frame0050_ForcepToReference-SequenceTransform =-0.480696 -0.149791 -0.863999 -139.634 0.699969 -0.659029 -0.27518 190.494 -0.528181 -0.73705 0.421641 -3.4973 0 0 0 1 
Seq_Frame0050_ForcepToReference-SequenceTransformStatus = OK
Seq_Frame0050_Timestamp = 7.326
Seq_Frame0051_ForcepToReference-SequenceTransform =-0.856695 0.245193 -0.453822 -195.892 0.341159 -0.390559 -0.855029 181.013 -0.386892 -0.887324 0.25094 44.4736 0 0 0 1 
Seq_Frame0051_ForcepToReference-SequenceTransformStatus = OK
Seq_Frame0051_Timestamp = 7.971
Seq_Frame0052_ForcepToReference-SequenceTransform =-0.89339 0.216209 -0.393837 -205.197 0.291391 -0.388382 -0.874214 177.892 -0.341972 -0.895775 0.283975 47.2484 0 0 0 1 
Seq_Frame0052_ForcepToReference-SequenceTransformStatus = OK
Seq_Frame0052_Timestamp = 8.086
Seq_Frame0053_ForcepToReference-SequenceTransform =-0.893684 0.20989 -0.396579 -208.938 0.296941 -0.385959 -0.87342 181.222 -0.336386 -0.898322 0.2826 42.6766 0 0 0 1 
Seq_Frame0053_ForcepToReference-SequenceTransformStatus = OK
Seq_Frame0053_Timestamp = 10.487
Seq_Frame0054_ForcepToReference-SequenceTransform =-0.893684 0.20989 -0.396579 -208.938 0.296941 -0.385959 -0.87342 181.222 -0.336386 -0.898322 0.2826 42.6766 0 0 0 1 
Seq_Frame0054_ForcepToReference-SequenceTransformStatus = OK
Seq_Frame0054_Timestamp = 10.595
Seq_Frame0055_ForcepToReference-SequenceTransform =-0.893684 0.20989 -0.396579 -208.938 0.296941 -0.385959 -0.87342 181.222 -0.336386 -0.898322 0.2826 42.6766 0 0 0 1 
Seq_Frame0055_ForcepToReference-SequenceTransformStatus = OK
Seq_Frame0055_Timestamp = 10.78
Seq_Frame0056_ForcepToReference-SequenceTransform =-0.893684 0.20989 -0.396579 -208.938 0.296941 -0.385959 -0.87342 181.222 -0.336386 -0.898322 0.2826 42.6766 0 0 0 1 
Seq_Frame0056_ForcepToReference-SequenceTransformStatus = OK
Seq_Frame0056_Timestamp = 10.885
Seq_Frame0057_ForcepToReference-SequenceTransform =-0.893684 0.20989 -0.396579 -208.938 0.296941 -0.385959 -0.87342 181.222 -0.336386 -0.898322 0.2826 42.6766 0 0 0 1 
Seq_Frame0057_ForcepToReference-SequenceTransformStatus = OK
Seq_Frame0057_Timestamp = 10.991
Seq_Frame0058_ForcepToReference-SequenceTransform =-0.893684 0.20989 -0.396579 -208.938 0.296941 -0.385959 -0.87342 181.222 -0.336386 -0.898322 0.2826 42.6766 0 0 0 1 
Seq_Frame0058_ForcepToReference-SequenceTransformStatus = OK
Seq_Frame0058_Timestamp = 11.098
Seq_Frame0059_ForcepToReference-SequenceTransform =-0.893684 0.20989 -0.396579 -208.938 0.296941 -0.385959 -0.87342 181.222 -0.336386 -0.898322 0.2826 42.6766 0 0 0 1 
Seq_Frame0059_ForcepToReference-SequenceTransformStatus = OK
Seq_Frame0059_Timestamp = 11.202
Seq_Frame0060_ForcepToReference-SequenceTransform =-0.893684 0.20989 -0.396579 -208.938 0.296941 -0.385959 -0.87342 181.222 -0.336386 -0.898322 0.2826 42.6766 0 0 0 1 
Seq_Frame0060_ForcepToReference-SequenceTransformStatus = OK
Seq_Frame0060_Timestamp = 11.308
Seq_Frame0061_ForcepToReference-SequenceTransform =-0.893684 0.20989 -0.396579 -208.938 0.296941 -0.385959 -0.87342 181.222 -0.336386 -0.898322 0.2826 42.6766 0 0 0 1 
Seq_Frame0061_ForcepToReference-SequenceTransformStatus = OK
Seq_Frame0061_Timestamp = 11.413
Seq_Frame0062_ForcepToReference-SequenceTransform =-0.893684 0.20989 -0.396579 -208.938 0.296941 -0.385959 -0.87342 181.222 -0.336386 -0.898322 0.2826 42.6766 0 0 0 1 
Seq_Frame0062_ForcepToReference-SequenceTransformStatus = OK
Seq_Frame0062_Timestamp = 11.518
Seq_Frame0063_ForcepToReference-SequenceTransform =-0.893684 0.20989 -0.396579 -208.938 0.296941 -0.385959 -0.87342 181.222 -0.336386 -0.898322 0.2826 42.6766 0 0 0 1 
Seq_Frame0063_ForcepToReference-SequenceTransformStatus = OK
Seq_Frame0063_Timestamp = 11.627
Seq_Frame0064_ForcepToReference-SequenceTransform =-0.893684 0.20989 -0.396579 -208.938 0.296941 -0.385959 -0.87342 181.222 -0.336386 -0.898322 0.2826 42.6766 0 0 0 1 
Seq_Frame0064_ForcepToReference-SequenceTransformStatus = OK
Seq_Frame0064_Timestamp = 11.732
Seq_Frame0065_ForcepToReference-SequenceTransform =-0.893684 0.20989 -0.396579 -208.938 0.296941 -0.385959 -0.87342 181.222 -0.336386 -0.898322 0.2826 42.6766 0 0 0 1 
Seq_Frame0065_ForcepToReference-SequenceTransformStatus = OK
Seq_Frame0065_Timestamp = 11.838
Seq_Frame0066_ForcepToReference-SequenceTransform =-0.893684 0.20989 -0.396579 -208.938 0.296941 -0.385959 -0.87342 181.222 -0.336386 -0.898322 0.2826 42.6766 0 0 0 1 
Seq_Frame0066_ForcepToReference-SequenceTransformStatus = OK
Seq_Frame0066_Timestamp = 11.944
Seq_Frame0067_ForcepToReference-SequenceTransform =-0.893684 0.20989 -0.396579 -208.938 0.296941 -0.385959 -0.87342 181.222 -0.336386 -0.898322 0.2826 42.6766 0 0 0 1 
Seq_Frame0067_ForcepToReference-SequenceTransformStatus = OK
Seq_Frame0067_Timestamp = 12.049
Seq_Frame0068_ForcepToReference-SequenceTransform =-0.893684 0.20989 -0.396579 -208.938 0.296941 -0.385959 -0.87342 181.222 -0.336386 -0.898322 0.2826 42.6766 0 0 0 1 
Seq_Frame0068_ForcepToReference-SequenceTransformStatus = OK
Seq_Frame0068_Timestamp = 12.158
Seq_Frame0069_ForcepToReference-SequenceTransform =-0.893684 0.20989 -0.396579 -208.938 0.296941 -0.385959 -0.87342 181.222 -0.336386 -0.898322 0.2826 42.6766 0 0 0 1 
Seq_Frame0069_ForcepToReference-SequenceTransformStatus = OK
Seq_Frame0069_Timestamp = 12.264
Seq_Frame0070_ForcepToReference-SequenceTransform =-0.893684 0.20989 -0.396579 -208.938 0.296941 -0.385959 -0.87342 181.222 -0.336386 -0.898322 0.2826 42.6766 0 0 0 1 
Seq_Frame0070_ForcepToReference-SequenceTransformStatus = OK
Seq_Frame0070_Timestamp = 12.372
Seq_Frame0071_ForcepToReference-SequenceTransform =-0.893684 0.20989 -0.396579 -208.938 0.296941 -0.385959 -0.87342 181.222 -0.336386 -0.898322 0.2826 42.6766 0 0 0 1 
Seq_Frame0071_ForcepToReference-SequenceTransformStatus = OK
Seq_Frame0071_Timestamp = 12.475
Seq_Frame0072_ForcepToReference-SequenceTransform =-0.893684 0.20989 -0.396579 -208.938 0.296941 -0.385959 -0.87342 181.222 -0.336386 -0.898322 0.2826 42.6766 0 0 0 1 
Seq_Frame0072_ForcepToReference-SequenceTransformStatus = OK
Seq_Frame0072_Timestamp = 12.58
Seq_Frame0073_ForcepToReference-SequenceTransform =-0.893684 0.20989 -0.396579 -208.938 0.296941 -0.385959 -0.87342 181.222 -0.336386 -0.898322 0.2826 42.6766 0 0 0 1 
Seq_Frame0073_ForcepToReference-SequenceTransformStatus = OK
Seq_Frame0073_Timestamp = 12.688
Seq_Frame0074_ForcepToReference-SequenceTransform =-0.893684 0.20989 -0.396579 -208.938 0.296941 -0.385959 -0.87342 181.222 -0.336386 -0.898322 0.2826 42.6766 0 0 0 1 
Seq_Frame0074_ForcepToReference-SequenceTransformStatus = OK
Seq_Frame0074_Timestamp = 12.792
Seq_Frame0075_ForcepToReference-SequenceTransform =-0.893684 0.20989 -0.396579 -208.938 0.296941 -0.385959 -0.87342 181.222 -0.336386 -0.898322 0.2826 42.6766 0 0 0 1 
Seq_Frame0075_ForcepToReference-SequenceTransformStatus = OK
Seq_Frame0075_Timestamp = 12.897
Seq_Frame0076_ForcepToReference-SequenceTransform =-0.893684 0.20989 -0.396579 -208.938 0.296941 -0.385959 -0.87342 181.222 -0.336386 -0.898322 0.2826 42.6766 0 0 0 1 
Seq_Frame0076_ForcepToReference-SequenceTransformStatus = OK
Seq_Frame0076_Timestamp = 13.006
Seq_Frame0077_ForcepToReference-SequenceTransform =0.0360705 -0.202391 -0.97864 -66.4355 0.999101 0.0291515 0.0307958 225.62 0.022296 -0.978871 0.203261 60.6319 0 0 0 1 
Seq_Frame0077_ForcepToReference-SequenceTransformStatus = OK
Seq_Frame0077_Timestamp = 13.111
Seq_Frame0078_ForcepToReference-SequenceTransform =-0.124257 -0.300417 -0.94568 -40.6358 0.963838 0.189894 -0.186967 257.575 0.235747 -0.934714 0.265957 91.268 0 0 0 1 
Seq_Frame0078_ForcepToReference-SequenceTransformStatus = OK
Seq_Frame0078_Timestamp = 13.218
Seq_Frame0079_ForcepToReference-SequenceTransform =-0.295133 -0.098536 -0.950362 -8.61957 0.955166 -0.00590654 -0.296013 262.25 0.0235546 -0.995116 0.0958614 103.595 0 0 0 1 
Seq_Frame0079_ForcepToReference-SequenceTransformStatus = OK
Seq_Frame0079_Timestamp = 13.323
Seq_Frame0080_ForcepToReference-SequenceTransform =-0.343677 -0.35633 -0.868859 1.12115 0.927384 -0.274396 -0.254293 241.738 -0.147799 -0.893161 0.424758 116.905 0 0 0 1 
Seq_Frame0080_ForcepToReference-SequenceTransformStatus = OK
Seq_Frame0080_Timestamp = 13.539
Seq_Frame0081_ForcepToReference-SequenceTransform =-0.344566 -0.360249 -0.866888 6.02222 0.925727 -0.283743 -0.250039 237.616 -0.155897 -0.888657 0.43126 121.199 0 0 0 1 
Seq_Frame0081_ForcepToReference-SequenceTransformStatus = OK
Seq_Frame0081_Timestamp = 13.647
Seq_Frame0082_ForcepToReference-SequenceTransform =0.441461 -0.852487 0.279962 -177.007 0.694529 0.522195 0.494916 259.809 -0.568104 -0.0240447 0.822605 28.1712 0 0 0 1 
Seq_Frame0082_ForcepToReference-SequenceTransformStatus = OK
Seq_Frame0082_Timestamp = 14.5
Seq_Frame0083_ForcepToReference-SequenceTransform =0.415362 -0.895979 0.157148 -195.216 0.833064 0.444054 0.329879 266.762 -0.365347 -0.00610476 0.930851 22.4825 0 0 0 1 
Seq_Frame0083_ForcepToReference-SequenceTransformStatus = OK
Seq_Frame0083_Timestamp = 14.605
Seq_Frame0084_ForcepToReference-SequenceTransform =0.371446 -0.927595 -0.0399441 -198.335 0.904742 0.351963 0.239925 272.813 -0.208494 -0.125258 0.969969 6.63426 0 0 0 1 
Seq_Frame0084_ForcepToReference-SequenceTransformStatus = OK
Seq_Frame0084_Timestamp = 14.714
Seq_Frame0085_ForcepToReference-SequenceTransform =0.354448 -0.91501 -0.192676 -187.953 0.934895 0.342718 0.0922841 287.636 -0.0184072 -0.212842 0.976913 1.3267 0 0 0 1 
Seq_Frame0085_ForcepToReference-SequenceTransformStatus = OK
Seq_Frame0085_Timestamp = 14.819
Seq_Frame0086_ForcepToReference-SequenceTransform =-0.350249 0.728856 0.588298 -178.035 0.220317 0.674568 -0.70457 306.936 -0.910377 -0.117163 -0.396846 17.6043 0 0 0 1 
Seq_Frame0086_ForcepToReference-SequenceTransformStatus = OK
Seq_Frame0086_Timestamp = 14.923
Seq_Frame0087_ForcepToReference-SequenceTransform =-0.2914 0.702625 0.649156 -171.698 0.379653 0.707819 -0.595697 325.841 -0.878037 0.0728679 -0.473013 32.5736 0 0 0 1 
Seq_Frame0087_ForcepToReference-SequenceTransformStatus = OK
Seq_Frame0087_Timestamp = 15.034
Seq_Frame0088_ForcepToReference-SequenceTransform =-0.23864 0.677877 0.695366 -172.019 0.37441 0.724919 -0.578195 331.083 -0.896029 0.122371 -0.426798 41.6995 0 0 0 1 
Seq_Frame0088_ForcepToReference-SequenceTransformStatus = OK
Seq_Frame0088_Timestamp = 15.138
Seq_Frame0089_ForcepToReference-SequenceTransform =-0.251855 0.690493 0.678077 -173.401 0.358281 0.717405 -0.597465 334.753 -0.899001 0.0924674 -0.428073 39.0524 0 0 0 1 
Seq_Frame0089_ForcepToReference-SequenceTransformStatus = OK
Seq_Frame0089_Timestamp = 15.25
Seq_Frame0090_ForcepToReference-SequenceTransform =-0.372755 0.729935 0.57293 -173.564 0.504154 0.67766 -0.535357 341.253 -0.779027 0.0892881 -0.6206 43.8829 0 0 0 1 
Seq_Frame0090_ForcepToReference-SequenceTransformStatus = OK
Seq_Frame0090_Timestamp = 15.356
Seq_Frame0091_ForcepToReference-SequenceTransform =-0.293285 0.706483 0.644101 -171.683 0.487727 0.690027 -0.534776 346.944 -0.822257 0.157304 -0.546945 55.3208 0 0 0 1 
Seq_Frame0091_ForcepToReference-SequenceTransformStatus = OK
Seq_Frame0091_Timestamp = 15.464
Seq_Frame0092_ForcepToReference-SequenceTransform =-0.311078 0.720509 0.619756 -172.481 0.549963 0.668307 -0.500906 346.03 -0.775094 0.185022 -0.604149 54.3027 0 0 0 1 
Seq_Frame0092_ForcepToReference-SequenceTransformStatus = OK
Seq_Frame0092_Timestamp = 15.569
Seq_Frame0093_ForcepToReference-SequenceTransform =-0.39091 0.786544 0.478056 -173.823 0.572755 0.614444 -0.542597 337.725 -0.720515 0.0617025 -0.690689 37.6734 0 0 0 1 
Seq_Frame0093_ForcepToReference-SequenceTransformStatus = OK
Seq_Frame0093_Timestamp = 15.673
Seq_Frame0094_ForcepToReference-SequenceTransform =-0.473918 0.852595 0.220191 -168.928 0.673518 0.512051 -0.533082 324.916 -0.567252 -0.104334 -0.816908 34.2589 0 0 0 1 
Seq_Frame0094_ForcepToReference-SequenceTransformStatus = OK
Seq_Frame0094_Timestamp = 15.781
Seq_Frame0095_ForcepToReference-SequenceTransform =-0.500488 0.858069 0.115019 -157.484 0.68445 0.473528 -0.554347 318.916 -0.530132 -0.198719 -0.8243 42.0475 0 0 0 1 
Seq_Frame0095_ForcepToReference-SequenceTransformStatus = OK
Seq_Frame0095_Timestamp = 15.883
Seq_Frame0096_ForcepToReference-SequenceTransform =-0.500171 0.860737 0.0946626 -151.422 0.719954 0.474104 -0.506845 323.771 -0.48114 -0.185356 -0.856824 55.7451 0 0 0 1 
Seq_Frame0096_ForcepToReference-SequenceTransformStatus = OK
Seq_Frame0096_Timestamp = 15.988
Seq_Frame0097_ForcepToReference-SequenceTransform =-0.484605 0.873155 0.0525218 -148.742 0.771687 0.455019 -0.444361 324.072 -0.411894 -0.174809 -0.894307 63.7888 0 0 0 1 
Seq_Frame0097_ForcepToReference-SequenceTransformStatus = OK
Seq_Frame0097_Timestamp = 16.095
Seq_Frame0098_ForcepToReference-SequenceTransform =-0.4946 0.868556 0.0313194 -147.84 0.768388 0.453831 -0.451239 322.356 -0.40614 -0.199117 -0.891853 64.0804 0 0 0 1 
Seq_Frame0098_ForcepToReference-SequenceTransformStatus = OK
Seq_Frame0098_Timestamp = 16.201
Seq_Frame0099_ForcepToReference-SequenceTransform =-0.489374 0.871777 0.0227587 -143.626 0.771792 0.445102 -0.454117 320.212 -0.406019 -0.204668 -0.890651 66.3545 0 0 0 1 
Seq_Frame0099_ForcepToReference-SequenceTransformStatus = OK
Seq_Frame0099_Timestamp = 16.308
Seq_Frame0100_ForcepToReference-SequenceTransform =-0.468771 0.883185 0.0154614 -136.609 0.789995 0.42701 -0.439967 319.312 -0.395174 -0.194029 -0.897881 72.6165 0 0 0 1 
Seq_Frame0100_ForcepToReference-SequenceTransformStatus = OK
Seq_Frame0100_Timestamp = 16.412
Seq_Frame0101_ForcepToReference-SequenceTransform =-0.407133 0.911754 -0.0542967 -127.653 0.840576 0.350767 -0.412788 314.689 -0.357316 -0.2137 -0.909207 67.8343 0 0 0 1 
Seq_Frame0101_ForcepToReference-SequenceTransformStatus = OK
Seq_Frame0101_Timestamp = 16.518
Seq_Frame0102_ForcepToReference-SequenceTransform =-0.3488 0.884035 -0.31116 -114.842 0.833392 0.140696 -0.534474 297.692 -0.428715 -0.445743 -0.785823 35.1203 0 0 0 1 
Seq_Frame0102_ForcepToReference-SequenceTransformStatus = OK
Seq_Frame0102_Timestamp = 16.627
Seq_Frame0103_ForcepToReference-SequenceTransform =0.890543 -0.0302905 0.453889 -102.58 0.189429 0.931848 -0.309477 273.876 -0.413581 0.361582 0.835589 17.9447 0 0 0 1 
Seq_Frame0103_ForcepToReference-SequenceTransformStatus = OK
Seq_Frame0103_Timestamp = 16.731
Seq_Frame0104_ForcepToReference-SequenceTransform =0.0354307 0.166685 -0.985373 -75.4157 0.995729 -0.0900039 0.020578 240.432 -0.0852574 -0.981894 -0.169162 38.7042 0 0 0 1 
Seq_Frame0104_ForcepToReference-SequenceTransformStatus = OK
Seq_Frame0104_Timestamp = 16.838
Seq_Frame0105_ForcepToReference-SequenceTransform =0.228667 0.120223 -0.966053 -38.1778 0.973044 -0.0587409 0.223012 222.007 -0.0299356 -0.991008 -0.130415 66.2116 0 0 0 1 
Seq_Frame0105_ForcepToReference-SequenceTransformStatus = OK
Seq_Frame0105_Timestamp = 16.971
Seq_Frame0106_ForcepToReference-SequenceTransform =0.208081 0.152363 -0.966172 -32.0063 0.976273 0.0281861 0.214701 221.747 0.0599451 -0.987923 -0.142883 71.636 0 0 0 1 
Seq_Frame0106_ForcepToReference-SequenceTransformStatus = OK
Seq_Frame0106_Timestamp = 17.107
Seq_Frame0107_ForcepToReference-SequenceTransform =0.366544 0.00331491 0.930395 20.2324 0.370605 0.916717 -0.149272 300.018 -0.853404 0.399524 0.334788 93.5244 0 0 0 1 
Seq_Frame0107_ForcepToReference-SequenceTransformStatus = OK
Seq_Frame0107_Timestamp = 19.061
Seq_Frame0108_ForcepToReference-SequenceTransform =0.399428 -0.0168413 0.91661 22.4153 0.422304 0.890814 -0.167658 315.98 -0.813706 0.454055 0.362928 94.3862 0 0 0 1 
Seq_Frame0108_ForcepToReference-SequenceTransformStatus = OK
Seq_Frame0108_Timestamp = 19.171
Seq_Frame0109_ForcepToReference-SequenceTransform =0.429905 -0.0499651 0.901491 25.7984 0.509834 0.83748 -0.196714 326.601 -0.745151 0.544179 0.38551 104.505 0 0 0 1 
Seq_Frame0109_ForcepToReference-SequenceTransformStatus = OK
Seq_Frame0109_Timestamp = 19.275
Seq_Frame0110_ForcepToReference-SequenceTransform =0.456664 -0.0859286 0.88548 26.9569 0.562399 0.799094 -0.212498 334.534 -0.689322 0.595033 0.413244 110 0 0 0 1 
Seq_Frame0110_ForcepToReference-SequenceTransformStatus = OK
Seq_Frame0110_Timestamp = 19.38
Seq_Frame0111_ForcepToReference-SequenceTransform =0.466434 -0.118814 0.87654 26.5732 0.578335 0.790762 -0.200562 341.726 -0.669304 0.600483 0.437552 113.791 0 0 0 1 
Seq_Frame0111_ForcepToReference-SequenceTransformStatus = OK
Seq_Frame0111_Timestamp = 19.488
Seq_Frame0112_ForcepToReference-SequenceTransform =-0.576864 -0.0765751 -0.813243 30.6395 0.78824 0.208956 -0.578804 356.009 0.214254 -0.974922 -0.0601795 110.055 0 0 0 1 
Seq_Frame0112_ForcepToReference-SequenceTransformStatus = OK
Seq_Frame0112_Timestamp = 21.105
Seq_Frame0113_ForcepToReference-SequenceTransform =-0.618884 -0.174485 -0.765857 22.5761 0.771762 0.0463614 -0.634219 355.937 0.146168 -0.983568 0.105969 80.9633 0 0 0 1 
Seq_Frame0113_ForcepToReference-SequenceTransformStatus = OK
Seq_Frame0113_Timestamp = 21.217
Seq_Frame0114_ForcepToReference-SequenceTransform =-0.602032 -0.22134 -0.76718 19.427 0.794658 -0.0722976 -0.602737 344.949 0.0779443 -0.972513 0.219415 50.887 0 0 0 1 
Seq_Frame0114_ForcepToReference-SequenceTransformStatus = OK
Seq_Frame0114_Timestamp = 21.321
Seq_Frame0115_ForcepToReference-SequenceTransform =-0.270487 -0.44185 -0.855339 73.7093 0.948329 -0.27535 -0.157653 211.214 -0.165859 -0.853786 0.493498 91.9789 0 0 0 1 
Seq_Frame0115_ForcepToReference-SequenceTransformStatus = OK
Seq_Frame0115_Timestamp = 32.753
Seq_Frame0116_ForcepToReference-SequenceTransform =-0.274665 -0.446547 -0.85156 72.7794 0.95106 -0.256568 -0.172216 211.836 -0.141581 -0.857186 0.495163 95.2885 0 0 0 1 
Seq_Frame0116_ForcepToReference-SequenceTransformStatus = OK
Seq_Frame0116_Timestamp = 32.857
Seq_Frame0117_ForcepToReference-SequenceTransform =-0.267198 -0.471049 -0.840665 72.1899 0.953121 -0.257741 -0.158522 211.842 -0.142002 -0.843613 0.517835 94.8289 0 0 0 1 
Seq_Frame0117_ForcepToReference-SequenceTransformStatus = OK
Seq_Frame0117_Timestamp = 32.965
Seq_Frame0118_ForcepToReference-SequenceTransform =-0.271275 -0.429372 -0.861423 71.4883 0.953563 -0.241583 -0.179876 212.466 -0.130871 -0.870217 0.474969 97.6113 0 0 0 1 
Seq_Frame0118_ForcepToReference-SequenceTransformStatus = OK
Seq_Frame0118_Timestamp = 33.074
Seq_Frame0119_ForcepToReference-SequenceTransform =-0.304448 -0.444601 -0.842402 84.4711 0.945822 -0.245866 -0.212062 238.413 -0.112835 -0.861324 0.495367 35.9482 0 0 0 1 
Seq_Frame0119_ForcepToReference-SequenceTransformStatus = OK
Seq_Frame0119_Timestamp = 34.729
Seq_Frame0120_ForcepToReference-SequenceTransform =-0.285201 -0.441767 -0.850589 75.5305 0.950812 -0.242346 -0.19294 222.253 -0.120902 -0.863777 0.489155 41.5963 0 0 0 1 
Seq_Frame0120_ForcepToReference-SequenceTransformStatus = OK
Seq_Frame0120_Timestamp = 34.835
Seq_Frame0121_ForcepToReference-SequenceTransform =-0.423445 -0.396701 -0.814446 67.8126 0.896952 -0.309789 -0.315449 213.92 -0.127168 -0.864094 0.487 88.8899 0 0 0 1 
Seq_Frame0121_ForcepToReference-SequenceTransformStatus = OK
Seq_Frame0121_Timestamp = 35.621
Seq_Frame0122_ForcepToReference-SequenceTransform =-0.45096 -0.446522 -0.772821 68.1196 0.890048 -0.289687 -0.351989 214.156 -0.0667052 -0.846581 0.528063 91.5136 0 0 0 1 
Seq_Frame0122_ForcepToReference-SequenceTransformStatus = OK
Seq_Frame0122_Timestamp = 35.728
Seq_Frame0123_ForcepToReference-SequenceTransform =-0.44436 -0.467529 -0.764173 69.7342 0.89436 -0.280662 -0.348351 217.039 -0.0516105 -0.83824 0.542854 96.2298 0 0 0 1 
Seq_Frame0123_ForcepToReference-SequenceTransformStatus = OK
Seq_Frame0123_Timestamp = 35.835
Seq_Frame0124_ForcepToReference-SequenceTransform =-0.445199 -0.423123 -0.789155 70.6915 0.893794 -0.263262 -0.363077 218.287 -0.0541288 -0.866983 0.495389 103.498 0 0 0 1 
Seq_Frame0124_ForcepToReference-SequenceTransformStatus = OK
Seq_Frame0124_Timestamp = 35.94
Seq_Frame0125_ForcepToReference-SequenceTransform =-0.422189 -0.365574 -0.829525 70.4459 0.906212 -0.193589 -0.375904 216.672 -0.0231656 -0.910428 0.413019 101.154 0 0 0 1 
Seq_Frame0125_ForcepToReference-SequenceTransformStatus = OK
Seq_Frame0125_Timestamp = 36.047
Seq_Frame0126_ForcepToReference-SequenceTransform =-0.397096 -0.38251 -0.834266 71.1869 0.916487 -0.213452 -0.338365 216.766 -0.0486475 -0.898957 0.435326 97.5706 0 0 0 1 
Seq_Frame0126_ForcepToReference-SequenceTransformStatus = OK
Seq_Frame0126_Timestamp = 36.151
Seq_Frame0127_ForcepToReference-SequenceTransform =-0.431722 -0.462109 -0.774643 66.6005 0.895636 -0.3215 -0.307365 211.741 -0.107012 -0.826495 0.55268 85.1175 0 0 0 1 
Seq_Frame0127_ForcepToReference-SequenceTransformStatus = OK
Seq_Frame0127_Timestamp = 36.512
Seq_Frame0128_ForcepToReference-SequenceTransform =-0.42564 -0.493756 -0.758311 67.4117 0.900474 -0.313832 -0.301092 208.711 -0.0893164 -0.810996 0.578193 85.7847 0 0 0 1 
Seq_Frame0128_ForcepToReference-SequenceTransformStatus = OK
Seq_Frame0128_Timestamp = 36.618
Seq_Frame0129_ForcepToReference-SequenceTransform =-0.437124 -0.507741 -0.742376 68.5409 0.895378 -0.323655 -0.305853 211.731 -0.0849797 -0.798403 0.596097 79.5736 0 0 0 1 
Seq_Frame0129_ForcepToReference-SequenceTransformStatus = OK
Seq_Frame0129_Timestamp = 36.729
Seq_Frame0130_ForcepToReference-SequenceTransform =-0.440001 -0.525533 -0.728158 68.7845 0.894131 -0.331554 -0.301001 211.892 -0.0832371 -0.783509 0.61578 72.8941 0 0 0 1 
Seq_Frame0130_ForcepToReference-SequenceTransformStatus = OK
Seq_Frame0130_Timestamp = 36.834
Seq_Frame0131_ForcepToReference-SequenceTransform =-0.435345 -0.52711 -0.729815 66.0241 0.895419 -0.337512 -0.290361 210.544 -0.0932695 -0.779898 0.618918 69.8435 0 0 0 1 
Seq_Frame0131_ForcepToReference-SequenceTransformStatus = OK
Seq_Frame0131_Timestamp = 36.938
Seq_Frame0132_ForcepToReference-SequenceTransform =-0.423713 -0.515982 -0.744466 64.3855 0.900062 -0.332171 -0.282047 208.157 -0.101759 -0.789573 0.605161 69.782 0 0 0 1 
Seq_Frame0132_ForcepToReference-SequenceTransformStatus = OK
Seq_Frame0132_Timestamp = 37.049
Seq_Frame0133_ForcepToReference-SequenceTransform =-0.396677 -0.476735 -0.784456 65.7091 0.909911 -0.317115 -0.267396 205.005 -0.121286 -0.819855 0.559578 74.5192 0 0 0 1 
Seq_Frame0133_ForcepToReference-SequenceTransformStatus = OK
Seq_Frame0133_Timestamp = 37.154
Seq_Frame0134_ForcepToReference-SequenceTransform =-0.36571 -0.435297 -0.822662 69.005 0.922052 -0.289858 -0.25652 202.226 -0.126793 -0.852349 0.507371 82.9669 0 0 0 1 
Seq_Frame0134_ForcepToReference-SequenceTransformStatus = OK
Seq_Frame0134_Timestamp = 37.264
Seq_Frame0135_ForcepToReference-SequenceTransform =-0.36023 -0.418016 -0.833965 69.1257 0.925152 -0.274799 -0.261878 204.068 -0.119703 -0.86588 0.485719 85.5206 0 0 0 1 
Seq_Frame0135_ForcepToReference-SequenceTransformStatus = OK
Seq_Frame0135_Timestamp = 37.368
Seq_Frame0136_ForcepToReference-SequenceTransform =-0.351739 -0.410403 -0.841337 70.1307 0.929972 -0.255856 -0.263989 206.409 -0.106919 -0.875275 0.471658 88.3439 0 0 0 1 
Seq_Frame0136_ForcepToReference-SequenceTransformStatus = OK
Seq_Frame0136_Timestamp = 37.474
Seq_Frame0137_ForcepToReference-SequenceTransform =-0.374447 -0.415653 -0.828868 68.5236 0.922255 -0.259595 -0.286456 206.283 -0.0961035 -0.87169 0.480542 89.9158 0 0 0 1 
Seq_Frame0137_ForcepToReference-SequenceTransformStatus = OK
Seq_Frame0137_Timestamp = 37.657
Seq_Frame0138_ForcepToReference-SequenceTransform =-0.387569 -0.410806 -0.825245 68.014 0.918777 -0.245069 -0.3095 206.876 -0.0750968 -0.878168 0.47242 92.5235 0 0 0 1 
Seq_Frame0138_ForcepToReference-SequenceTransformStatus = OK
Seq_Frame0138_Timestamp = 37.763
Seq_Frame0139_ForcepToReference-SequenceTransform =-0.385761 -0.41714 -0.822911 69.8596 0.920476 -0.234495 -0.312629 206.491 -0.0625582 -0.87807 0.474426 91.6179 0 0 0 1 
Seq_Frame0139_ForcepToReference-SequenceTransformStatus = OK
Seq_Frame0139_Timestamp = 37.867
Seq_Frame0140_ForcepToReference-SequenceTransform =-0.398565 -0.385804 -0.832046 69.9512 0.917104 -0.175659 -0.35786 205.187 -0.00809248 -0.905704 0.423834 90.002 0 0 0 1 
Seq_Frame0140_ForcepToReference-SequenceTransformStatus = OK
Seq_Frame0140_Timestamp = 38.836
Seq_Frame0141_ForcepToReference-SequenceTransform =-0.398565 -0.385804 -0.832046 69.9512 0.917104 -0.175659 -0.35786 205.187 -0.00809248 -0.905704 0.423834 90.002 0 0 0 1 
Seq_Frame0141_ForcepToReference-SequenceTransformStatus = OK
Seq_Frame0141_Timestamp = 38.941
Seq_Frame0142_ForcepToReference-SequenceTransform =-0.627869 -0.558151 0.542446 90.8328 -0.176248 -0.576882 -0.797586 207.403 0.758101 -0.596385 0.263834 215.712 0 0 0 1 
Seq_Frame0142_ForcepToReference-SequenceTransformStatus = OK
Seq_Frame0142_Timestamp = 39.852
Seq_Frame0143_ForcepToReference-SequenceTransform =0.0704556 0.091473 0.993312 57.0702 -0.0188897 0.99573 -0.0903558 219.494 -0.997336 -0.0123973 0.0718827 88.6578 0 0 0 1 
Seq_Frame0143_ForcepToReference-SequenceTransformStatus = OK
Seq_Frame0143_Timestamp = 41.138
Seq_Frame0144_ForcepToReference-SequenceTransform =-0.494463 -0.35221 -0.794641 62.3465 0.865534 -0.283378 -0.412974 220.956 -0.0797297 -0.891989 0.44497 106.23 0 0 0 1 
Seq_Frame0144_ForcepToReference-SequenceTransformStatus = OK
Seq_Frame0144_Timestamp = 41.291
Seq_Frame0145_ForcepToReference-SequenceTransform =-0.478441 -0.358172 -0.801752 64.4241 0.868859 -0.325338 -0.373147 218.779 -0.127189 -0.875139 0.466856 107.495 0 0 0 1 
Seq_Frame0145_ForcepToReference-SequenceTransformStatus = OK
Seq_Frame0145_Timestamp = 41.412
Seq_Frame0146_ForcepToReference-SequenceTransform =0.850194 -0.166665 0.499392 99.4985 -0.32829 -0.909392 0.255404 241.576 0.411576 -0.381089 -0.827875 171.897 0 0 0 1 
Seq_Frame0146_ForcepToReference-SequenceTransformStatus = OK
Seq_Frame0146_Timestamp = 41.518
Seq_Frame0147_ForcepToReference-SequenceTransform =-0.96075 -0.252654 -0.114565 91.943 -0.187481 0.286943 0.939422 264.201 -0.204475 0.924029 -0.323049 186.247 0 0 0 1 
Seq_Frame0147_ForcepToReference-SequenceTransformStatus = OK
Seq_Frame0147_Timestamp = 41.851
Seq_Frame0148_ForcepToReference-SequenceTransform =-0.472118 -0.426437 -0.771528 64.5533 0.87802 -0.30556 -0.368394 215.501 -0.0786511 -0.851342 0.518681 103.881 0 0 0 1 
Seq_Frame0148_ForcepToReference-SequenceTransformStatus = OK
Seq_Frame0148_Timestamp = 41.957
Seq_Frame0149_ForcepToReference-SequenceTransform =-0.465317 -0.386165 -0.796465 64.5106 0.880854 -0.290504 -0.373769 215.201 -0.08704 -0.875491 0.475331 105.056 0 0 0 1 
Seq_Frame0149_ForcepToReference-SequenceTransformStatus = OK
Seq_Frame0149_Timestamp = 42.065
Seq_Frame0150_ForcepToReference-SequenceTransform =-0.463513 -0.372939 -0.803786 64.6723 0.88049 -0.295676 -0.370558 214.629 -0.099465 -0.879484 0.465419 104.882 0 0 0 1 
