ObjectType = Image
NDims = 3
AnatomicalOrientation = RAI
BinaryData = True
CompressedData = False
DimSize = 0 0 488
ElementSpacing = 1 1 1
Offset = 0 0 0
TransformMatrix = 1 0 0 0 1 0 0 0 1
ElementType = MET_UCHAR
Kinds = domain domain list
Seq_Frame0000_DriverToReference-SequenceTransform =-0.822589 0.542336 0.170935 -64.8223 0.42285 0.382418 0.821556 201.736 0.380191 0.748083 -0.543899 248.511 0 0 0 1 
Seq_Frame0000_DriverToReference-SequenceTransformStatus = OK
Seq_Frame0000_Timestamp = 0.00200009
Seq_Frame0001_DriverToReference-SequenceTransform =-0.822589 0.542336 0.170935 -64.8223 0.42285 0.382418 0.821556 201.736 0.380191 0.748083 -0.543899 248.511 0 0 0 1 
Seq_Frame0001_DriverToReference-SequenceTransformStatus = OK
Seq_Frame0001_Timestamp = 0.108
Seq_Frame0002_DriverToReference-SequenceTransform =-0.822589 0.542336 0.170935 -64.8223 0.42285 0.382418 0.821556 201.736 0.380191 0.748083 -0.543899 248.511 0 0 0 1 
Seq_Frame0002_DriverToReference-SequenceTransformStatus = OK
Seq_Frame0002_Timestamp = 0.212
Seq_Frame0003_DriverToReference-SequenceTransform =-0.822589 0.542336 0.170935 -64.8223 0.42285 0.382418 0.821556 201.736 0.380191 0.748083 -0.543899 248.511 0 0 0 1 
Seq_Frame0003_DriverToReference-SequenceTransformStatus = OK
Seq_Frame0003_Timestamp = 0.318
Seq_Frame0004_DriverToReference-SequenceTransform =-0.822589 0.542336 0.170935 -64.8223 0.42285 0.382418 0.821556 201.736 0.380191 0.748083 -0.543899 248.511 0 0 0 1 
Seq_Frame0004_DriverToReference-SequenceTransformStatus = OK
Seq_Frame0004_Timestamp = 0.434
Seq_Frame0005_DriverToReference-SequenceTransform =-0.822589 0.542336 0.170935 -64.8223 0.42285 0.382418 0.821556 201.736 0.380191 0.748083 -0.543899 248.511 0 0 0 1 
Seq_Frame0005_DriverToReference-SequenceTransformStatus = OK
Seq_Frame0005_Timestamp = 0.543
Seq_Frame0006_DriverToReference-SequenceTransform =-0.822589 0.542336 0.170935 -64.8223 0.42285 0.382418 0.821556 201.736 0.380191 0.748083 -0.543899 248.511 0 0 0 1 
Seq_Frame0006_DriverToReference-SequenceTransformStatus = OK
Seq_Frame0006_Timestamp = 0.645
Seq_Frame0007_DriverToReference-SequenceTransform =-0.822589 0.542336 0.170935 -64.8223 0.42285 0.382418 0.821556 201.736 0.380191 0.748083 -0.543899 248.511 0 0 0 1 
Seq_Frame0007_DriverToReference-SequenceTransformStatus = OK
Seq_Frame0007_Timestamp = 0.754
Seq_Frame0008_DriverToReference-SequenceTransform =-0.822589 0.542336 0.170935 -64.8223 0.42285 0.382418 0.821556 201.736 0.380191 0.748083 -0.543899 248.511 0 0 0 1 
Seq_Frame0008_DriverToReference-SequenceTransformStatus = OK
Seq_Frame0008_Timestamp = 0.863
Seq_Frame0009_DriverToReference-SequenceTransform =-0.822589 0.542336 0.170935 -64.8223 0.42285 0.382418 0.821556 201.736 0.380191 0.748083 -0.543899 248.511 0 0 0 1 
Seq_Frame0009_DriverToReference-SequenceTransformStatus = OK
Seq_Frame0009_Timestamp = 0.967
Seq_Frame0010_DriverToReference-SequenceTransform =-0.822589 0.542336 0.170935 -64.8223 0.42285 0.382418 0.821556 201.736 0.380191 0.748083 -0.543899 248.511 0 0 0 1 
Seq_Frame0010_DriverToReference-SequenceTransformStatus = OK
Seq_Frame0010_Timestamp = 1.073
Seq_Frame0011_DriverToReference-SequenceTransform =-0.822589 0.542336 0.170935 -64.8223 0.42285 0.382418 0.821556 201.736 0.380191 0.748083 -0.543899 248.511 0 0 0 1 
Seq_Frame0011_DriverToReference-SequenceTransformStatus = OK
Seq_Frame0011_Timestamp = 1.183
Seq_Frame0012_DriverToReference-SequenceTransform =-0.822589 0.542336 0.170935 -64.8223 0.42285 0.382418 0.821556 201.736 0.380191 0.748083 -0.543899 248.511 0 0 0 1 
Seq_Frame0012_DriverToReference-SequenceTransformStatus = OK
Seq_Frame0012_Timestamp = 1.288
Seq_Frame0013_DriverToReference-SequenceTransform =0.523149 -0.704565 -0.479482 23.6329 -0.753598 -0.119694 -0.646346 188.126 0.398002 0.699472 -0.593577 70.4426 0 0 0 1 
Seq_Frame0013_DriverToReference-SequenceTransformStatus = OK
Seq_Frame0013_Timestamp = 1.398
Seq_Frame0014_DriverToReference-SequenceTransform =0.263673 -0.698459 -0.665305 33.1101 -0.881574 0.105471 -0.460111 199.101 0.391539 0.707835 -0.587934 73.707 0 0 0 1 
Seq_Frame0014_DriverToReference-SequenceTransformStatus = OK
Seq_Frame0014_Timestamp = 1.502
Seq_Frame0015_DriverToReference-SequenceTransform =0.134841 -0.761331 -0.634187 40.8256 -0.866043 0.220426 -0.448756 203.04 0.481443 0.609744 -0.629623 81.713 0 0 0 1 
Seq_Frame0015_DriverToReference-SequenceTransformStatus = OK
Seq_Frame0015_Timestamp = 1.61
Seq_Frame0016_DriverToReference-SequenceTransform =0.0783414 -0.699169 -0.710652 38.4691 -0.888362 0.274532 -0.368028 206.767 0.45241 0.660148 -0.599608 94.559 0 0 0 1 
Seq_Frame0016_DriverToReference-SequenceTransformStatus = OK
Seq_Frame0016_Timestamp = 1.718
Seq_Frame0017_DriverToReference-SequenceTransform =-0.199774 -0.71272 -0.672399 34.434 -0.941023 0.330799 -0.0710525 207.148 0.273069 0.618548 -0.736771 96.4049 0 0 0 1 
Seq_Frame0017_DriverToReference-SequenceTransformStatus = OK
Seq_Frame0017_Timestamp = 1.919
Seq_Frame0018_DriverToReference-SequenceTransform =-0.409957 -0.688882 -0.59781 37.0564 -0.877788 0.476067 0.0533629 198.69 0.247837 0.546628 -0.799859 105.96 0 0 0 1 
Seq_Frame0018_DriverToReference-SequenceTransformStatus = OK
Seq_Frame0018_Timestamp = 2.024
Seq_Frame0019_DriverToReference-SequenceTransform =-0.413251 -0.683338 -0.601891 33.1311 -0.867569 0.496271 0.0322358 198.49 0.276673 0.535503 -0.797928 106.925 0 0 0 1 
Seq_Frame0019_DriverToReference-SequenceTransformStatus = OK
Seq_Frame0019_Timestamp = 2.133
Seq_Frame0020_DriverToReference-SequenceTransform =-0.432192 -0.680926 -0.591227 34.3791 -0.86965 0.488169 0.0734889 199.959 0.238578 0.545922 -0.80315 106.187 0 0 0 1 
Seq_Frame0020_DriverToReference-SequenceTransformStatus = OK
Seq_Frame0020_Timestamp = 2.238
Seq_Frame0021_DriverToReference-SequenceTransform =-0.434309 -0.668656 -0.603552 33.516 -0.858364 0.510375 0.0522417 199.406 0.273106 0.540756 -0.795611 106.024 0 0 0 1 
Seq_Frame0021_DriverToReference-SequenceTransformStatus = OK
Seq_Frame0021_Timestamp = 2.349
Seq_Frame0022_DriverToReference-SequenceTransform =-0.474016 -0.661752 -0.580855 30.5148 -0.851208 0.513172 0.109998 197.316 0.225287 0.54657 -0.80654 104.692 0 0 0 1 
Seq_Frame0022_DriverToReference-SequenceTransformStatus = OK
Seq_Frame0022_Timestamp = 2.452
Seq_Frame0023_DriverToReference-SequenceTransform =-0.424437 -0.666485 -0.612904 25.1179 -0.856576 0.51495 0.0332125 202.462 0.293479 0.539095 -0.789459 102.963 0 0 0 1 
Seq_Frame0023_DriverToReference-SequenceTransformStatus = OK
Seq_Frame0023_Timestamp = 3.793
Seq_Frame0024_DriverToReference-SequenceTransform =-0.430135 -0.663037 -0.612671 26.7659 -0.855591 0.515918 0.0423508 199.864 0.288008 0.542412 -0.789202 104.005 0 0 0 1 
Seq_Frame0024_DriverToReference-SequenceTransformStatus = OK
Seq_Frame0024_Timestamp = 3.894
Seq_Frame0025_DriverToReference-SequenceTransform =-0.43806 -0.667805 -0.601781 27.3655 -0.853387 0.519341 0.0448938 198.78 0.282549 0.533218 -0.797399 104.139 0 0 0 1 
Seq_Frame0025_DriverToReference-SequenceTransformStatus = OK
Seq_Frame0025_Timestamp = 4.008
Seq_Frame0026_DriverToReference-SequenceTransform =-0.451508 -0.668642 -0.590811 27.7012 -0.847713 0.528075 0.0501956 196.466 0.27843 0.523502 -0.805247 104.314 0 0 0 1 
Seq_Frame0026_DriverToReference-SequenceTransformStatus = OK
Seq_Frame0026_Timestamp = 4.113
Seq_Frame0027_DriverToReference-SequenceTransform =-0.446594 -0.669229 -0.593874 29.4893 -0.845394 0.532987 0.0351213 195.564 0.293023 0.517743 -0.803791 105.271 0 0 0 1 
Seq_Frame0027_DriverToReference-SequenceTransformStatus = OK
Seq_Frame0027_Timestamp = 4.218
Seq_Frame0028_DriverToReference-SequenceTransform =-0.423676 -0.666946 -0.612929 27.1473 -0.861869 0.505021 0.0462229 198.454 0.278714 0.547848 -0.788785 97.9171 0 0 0 1 
Seq_Frame0028_DriverToReference-SequenceTransformStatus = OK
Seq_Frame0028_Timestamp = 4.319
Seq_Frame0029_DriverToReference-SequenceTransform =-0.453438 -0.669158 -0.588745 30.6576 -0.847376 0.52844 0.052014 194.245 0.276311 0.522474 -0.806643 103.676 0 0 0 1 
Seq_Frame0029_DriverToReference-SequenceTransformStatus = OK
Seq_Frame0029_Timestamp = 4.433
Seq_Frame0030_DriverToReference-SequenceTransform =-0.458055 -0.680296 -0.572174 31.6088 -0.84126 0.539696 0.0317917 192.157 0.287172 0.49591 -0.819516 106.779 0 0 0 1 
Seq_Frame0030_DriverToReference-SequenceTransformStatus = OK
Seq_Frame0030_Timestamp = 4.542
Seq_Frame0031_DriverToReference-SequenceTransform =-0.519093 -0.680553 -0.517098 33.1039 -0.820167 0.566885 0.0772532 188.233 0.24056 0.464208 -0.852433 112.811 0 0 0 1 
Seq_Frame0031_DriverToReference-SequenceTransformStatus = OK
Seq_Frame0031_Timestamp = 4.652
Seq_Frame0032_DriverToReference-SequenceTransform =-0.509677 -0.66931 -0.540605 30.235 -0.826081 0.556308 0.090069 192.335 0.240459 0.492489 -0.836441 104.75 0 0 0 1 
Seq_Frame0032_DriverToReference-SequenceTransformStatus = OK
Seq_Frame0032_Timestamp = 4.758
Seq_Frame0033_DriverToReference-SequenceTransform =-0.434595 -0.662222 -0.610401 22.4144 -0.84234 0.538731 0.0152647 198.789 0.318733 0.520799 -0.791946 93.7684 0 0 0 1 
Seq_Frame0033_DriverToReference-SequenceTransformStatus = OK
Seq_Frame0033_Timestamp = 4.86
Seq_Frame0034_DriverToReference-SequenceTransform =-0.520306 -0.643125 -0.561847 28.9538 -0.800601 0.596301 0.0588447 195.444 0.297186 0.480433 -0.825145 102.708 0 0 0 1 
Seq_Frame0034_DriverToReference-SequenceTransformStatus = OK
Seq_Frame0034_Timestamp = 5.138
Seq_Frame0035_DriverToReference-SequenceTransform =-0.548852 -0.646731 -0.529624 28.9105 -0.794452 0.600645 0.0898387 195.054 0.260015 0.470069 -0.843462 102.651 0 0 0 1 
Seq_Frame0035_DriverToReference-SequenceTransformStatus = OK
Seq_Frame0035_Timestamp = 5.243
Seq_Frame0036_DriverToReference-SequenceTransform =-0.545017 -0.64006 -0.541553 28.0899 -0.792448 0.604211 0.0834023 194.888 0.273829 0.474608 -0.836519 102.803 0 0 0 1 
Seq_Frame0036_DriverToReference-SequenceTransformStatus = OK
Seq_Frame0036_Timestamp = 5.348
Seq_Frame0037_DriverToReference-SequenceTransform =-0.532074 -0.640965 -0.553227 29.4393 -0.793659 0.60518 0.0621553 195.023 0.294963 0.472145 -0.830708 103.441 0 0 0 1 
Seq_Frame0037_DriverToReference-SequenceTransformStatus = OK
Seq_Frame0037_Timestamp = 5.453
Seq_Frame0038_DriverToReference-SequenceTransform =-0.549444 -0.647673 -0.527855 30.0817 -0.7933 0.60269 0.0862506 194.95 0.262271 0.466137 -0.844944 103.053 0 0 0 1 
Seq_Frame0038_DriverToReference-SequenceTransformStatus = OK
Seq_Frame0038_Timestamp = 5.558
Seq_Frame0039_DriverToReference-SequenceTransform =-0.54706 -0.652582 -0.524272 30.7228 -0.791609 0.606944 0.070531 194.059 0.272176 0.453603 -0.848625 103.292 0 0 0 1 
Seq_Frame0039_DriverToReference-SequenceTransformStatus = OK
Seq_Frame0039_Timestamp = 5.669
Seq_Frame0040_DriverToReference-SequenceTransform =-0.549262 -0.652155 -0.522499 30.3352 -0.789014 0.610689 0.0671999 193.852 0.27526 0.449169 -0.849988 103.593 0 0 0 1 
Seq_Frame0040_DriverToReference-SequenceTransformStatus = OK
Seq_Frame0040_Timestamp = 5.781
Seq_Frame0041_DriverToReference-SequenceTransform =-0.547257 -0.653871 -0.522458 30.4056 -0.791288 0.607603 0.0684156 194.168 0.272712 0.450856 -0.849916 103.36 0 0 0 1 
Seq_Frame0041_DriverToReference-SequenceTransformStatus = OK
Seq_Frame0041_Timestamp = 5.883
Seq_Frame0042_DriverToReference-SequenceTransform =-0.54036 -0.654849 -0.528379 31.1057 -0.794872 0.603259 0.0652438 194.423 0.276024 0.455249 -0.846498 103.664 0 0 0 1 
Seq_Frame0042_DriverToReference-SequenceTransformStatus = OK
Seq_Frame0042_Timestamp = 5.995
Seq_Frame0043_DriverToReference-SequenceTransform =-0.531673 -0.652642 -0.539798 31.2693 -0.795341 0.603812 0.0533308 195.405 0.291131 0.457678 -0.840104 103.726 0 0 0 1 
Seq_Frame0043_DriverToReference-SequenceTransformStatus = OK
Seq_Frame0043_Timestamp = 6.098
Seq_Frame0044_DriverToReference-SequenceTransform =-0.537416 -0.659081 -0.526113 31.6343 -0.79748 0.600059 0.0628973 196.225 0.274244 0.453367 -0.848085 103.802 0 0 0 1 
Seq_Frame0044_DriverToReference-SequenceTransformStatus = OK
Seq_Frame0044_Timestamp = 6.208
Seq_Frame0045_DriverToReference-SequenceTransform =-0.502514 -0.646676 -0.573838 31.5238 -0.804498 0.592838 0.0364182 198.788 0.316642 0.479952 -0.818159 98.8112 0 0 0 1 
Seq_Frame0045_DriverToReference-SequenceTransformStatus = OK
Seq_Frame0045_Timestamp = 6.317
Seq_Frame0046_DriverToReference-SequenceTransform =-0.615442 -0.631203 -0.472032 35.5527 -0.756632 0.640885 0.129515 192.972 0.220768 0.436864 -0.872016 108.238 0 0 0 1 
Seq_Frame0046_DriverToReference-SequenceTransformStatus = OK
Seq_Frame0046_Timestamp = 6.419
Seq_Frame0047_DriverToReference-SequenceTransform =0.577458 -0.294905 -0.761297 -34.5579 -0.293896 0.79488 -0.53084 213.845 0.761687 0.53028 0.372338 3.71566 0 0 0 1 
Seq_Frame0047_DriverToReference-SequenceTransformStatus = OK
Seq_Frame0047_Timestamp = 6.833
Seq_Frame0048_DriverToReference-SequenceTransform =-0.225555 -0.609686 -0.759874 39.9632 -0.753457 0.60362 -0.260665 213.755 0.617599 0.513737 -0.595521 107.97 0 0 0 1 
Seq_Frame0048_DriverToReference-SequenceTransformStatus = OK
Seq_Frame0048_Timestamp = 8.868
Seq_Frame0049_DriverToReference-SequenceTransform =-0.176686 -0.639595 -0.748131 54.8196 -0.753641 0.576811 -0.315142 219.849 0.633094 0.508141 -0.583939 121.847 0 0 0 1 
Seq_Frame0049_DriverToReference-SequenceTransformStatus = OK
Seq_Frame0049_Timestamp = 8.978
Seq_Frame0050_DriverToReference-SequenceTransform =-0.131647 -0.664672 -0.735445 60.0282 -0.705586 0.583942 -0.401446 221.768 0.696288 0.466071 -0.545858 138.786 0 0 0 1 
Seq_Frame0050_DriverToReference-SequenceTransformStatus = OK
Seq_Frame0050_Timestamp = 9.083
Seq_Frame0051_DriverToReference-SequenceTransform =-0.127453 -0.669786 -0.731534 61.1336 -0.672627 0.600405 -0.432536 221.824 0.728923 0.436921 -0.527039 143.92 0 0 0 1 
Seq_Frame0051_DriverToReference-SequenceTransformStatus = OK
Seq_Frame0051_Timestamp = 9.298
Seq_Frame0052_DriverToReference-SequenceTransform =-0.127453 -0.669786 -0.731534 61.1336 -0.672627 0.600405 -0.432536 221.824 0.728923 0.436921 -0.527039 143.92 0 0 0 1 
Seq_Frame0052_DriverToReference-SequenceTransformStatus = OK
Seq_Frame0052_Timestamp = 9.408
Seq_Frame0053_DriverToReference-SequenceTransform =-0.127453 -0.669786 -0.731534 61.1336 -0.672627 0.600405 -0.432536 221.824 0.728923 0.436921 -0.527039 143.92 0 0 0 1 
Seq_Frame0053_DriverToReference-SequenceTransformStatus = OK
Seq_Frame0053_Timestamp = 9.518
Seq_Frame0054_DriverToReference-SequenceTransform =-0.127453 -0.669786 -0.731534 61.1336 -0.672627 0.600405 -0.432536 221.824 0.728923 0.436921 -0.527039 143.92 0 0 0 1 
Seq_Frame0054_DriverToReference-SequenceTransformStatus = OK
Seq_Frame0054_Timestamp = 9.627
Seq_Frame0055_DriverToReference-SequenceTransform =-0.127453 -0.669786 -0.731534 61.1336 -0.672627 0.600405 -0.432536 221.824 0.728923 0.436921 -0.527039 143.92 0 0 0 1 
Seq_Frame0055_DriverToReference-SequenceTransformStatus = OK
Seq_Frame0055_Timestamp = 9.736
Seq_Frame0056_DriverToReference-SequenceTransform =-0.900705 -0.404947 0.157317 49.2695 -0.117205 0.575203 0.80957 322.159 -0.418322 0.710746 -0.56555 44.5309 0 0 0 1 
Seq_Frame0056_DriverToReference-SequenceTransformStatus = OK
Seq_Frame0056_Timestamp = 23.673
Seq_Frame0057_DriverToReference-SequenceTransform =-0.895168 -0.387047 0.221064 51.8476 -0.0746719 0.619172 0.781697 319.28 -0.43943 0.683243 -0.583164 50.6452 0 0 0 1 
Seq_Frame0057_DriverToReference-SequenceTransformStatus = OK
Seq_Frame0057_Timestamp = 23.778
Seq_Frame0058_DriverToReference-SequenceTransform =-0.894063 -0.315499 0.317981 52.4136 0.0509439 0.633649 0.771941 315.959 -0.445035 0.706363 -0.55045 61.2189 0 0 0 1 
Seq_Frame0058_DriverToReference-SequenceTransformStatus = OK
Seq_Frame0058_Timestamp = 23.883
Seq_Frame0059_DriverToReference-SequenceTransform =-0.877113 -0.295405 0.378692 47.699 0.129229 0.614242 0.778465 315.233 -0.462571 0.73174 -0.500585 66.6682 0 0 0 1 
Seq_Frame0059_DriverToReference-SequenceTransformStatus = OK
Seq_Frame0059_Timestamp = 23.993
Seq_Frame0060_DriverToReference-SequenceTransform =-0.874358 -0.275079 0.399788 44.1254 0.171257 0.595915 0.784574 314.259 -0.454059 0.754464 -0.473934 69.7673 0 0 0 1 
Seq_Frame0060_DriverToReference-SequenceTransformStatus = OK
Seq_Frame0060_Timestamp = 24.098
Seq_Frame0061_DriverToReference-SequenceTransform =-0.865642 -0.279268 0.415539 45.316 0.187496 0.588754 0.786266 314.093 -0.464229 0.758537 -0.457289 72.5858 0 0 0 1 
Seq_Frame0061_DriverToReference-SequenceTransformStatus = OK
Seq_Frame0061_Timestamp = 24.207
Seq_Frame0062_DriverToReference-SequenceTransform =-0.867271 -0.277897 0.413054 47.2042 0.191122 0.580266 0.791685 315.02 -0.459688 0.765549 -0.450136 74.6176 0 0 0 1 
Seq_Frame0062_DriverToReference-SequenceTransformStatus = OK
Seq_Frame0062_Timestamp = 24.313
Seq_Frame0063_DriverToReference-SequenceTransform =-0.863654 -0.280845 0.418602 48.5304 0.190851 0.586422 0.7872 314.035 -0.466559 0.75976 -0.452867 76.2064 0 0 0 1 
Seq_Frame0063_DriverToReference-SequenceTransformStatus = OK
Seq_Frame0063_Timestamp = 24.417
Seq_Frame0064_DriverToReference-SequenceTransform =-0.859201 -0.287135 0.423469 48.5428 0.189853 0.589657 0.785023 313.55 -0.475109 0.75489 -0.45212 76.9379 0 0 0 1 
Seq_Frame0064_DriverToReference-SequenceTransformStatus = OK
Seq_Frame0064_Timestamp = 24.527
Seq_Frame0065_DriverToReference-SequenceTransform =-0.861005 -0.277501 0.42622 48.5125 0.196916 0.590782 0.782433 313.944 -0.468929 0.757608 -0.454022 77.414 0 0 0 1 
Seq_Frame0065_DriverToReference-SequenceTransformStatus = OK
Seq_Frame0065_Timestamp = 24.634
Seq_Frame0066_DriverToReference-SequenceTransform =-0.864775 -0.271205 0.422624 49.0853 0.198428 0.588568 0.783718 314.089 -0.461292 0.7616 -0.455164 78.578 0 0 0 1 
Seq_Frame0066_DriverToReference-SequenceTransformStatus = OK
Seq_Frame0066_Timestamp = 24.743
Seq_Frame0067_DriverToReference-SequenceTransform =-0.864346 -0.280458 0.417431 50.0377 0.180795 0.601264 0.778329 313.623 -0.469275 0.748215 -0.468995 79.0086 0 0 0 1 
Seq_Frame0067_DriverToReference-SequenceTransformStatus = OK
Seq_Frame0067_Timestamp = 24.848
Seq_Frame0068_DriverToReference-SequenceTransform =-0.874077 -0.255492 0.413174 51.5 0.182816 0.614998 0.767044 313.452 -0.450075 0.74599 -0.490848 79.7196 0 0 0 1 
Seq_Frame0068_DriverToReference-SequenceTransformStatus = OK
Seq_Frame0068_Timestamp = 24.958
Seq_Frame0069_DriverToReference-SequenceTransform =-0.897575 -0.215396 0.384661 53.9481 0.161222 0.651713 0.741133 314.511 -0.410326 0.727238 -0.550234 79.3702 0 0 0 1 
Seq_Frame0069_DriverToReference-SequenceTransformStatus = OK
Seq_Frame0069_Timestamp = 25.063
Seq_Frame0070_DriverToReference-SequenceTransform =-0.927244 -0.12584 0.35268 57.3563 0.179139 0.678002 0.712897 315.804 -0.328829 0.724208 -0.606131 79.4668 0 0 0 1 
Seq_Frame0070_DriverToReference-SequenceTransformStatus = OK
Seq_Frame0070_Timestamp = 25.173
Seq_Frame0071_DriverToReference-SequenceTransform =-0.95237 -0.0984853 0.288605 56.4278 0.145497 0.684989 0.713878 320.529 -0.267998 0.721867 -0.638033 82.1685 0 0 0 1 
Seq_Frame0071_DriverToReference-SequenceTransformStatus = OK
Seq_Frame0071_Timestamp = 25.279
Seq_Frame0072_DriverToReference-SequenceTransform =-0.970348 -0.201974 0.132782 55.9014 -0.0344895 0.659415 0.750988 325.327 -0.239238 0.72414 -0.646828 95.8249 0 0 0 1 
Seq_Frame0072_DriverToReference-SequenceTransformStatus = OK
Seq_Frame0072_Timestamp = 25.385
Seq_Frame0073_DriverToReference-SequenceTransform =-0.937372 -0.347775 -0.0196438 68.3498 -0.266096 0.678547 0.684666 319.934 -0.22478 0.647014 -0.728592 123.275 0 0 0 1 
Seq_Frame0073_DriverToReference-SequenceTransformStatus = OK
Seq_Frame0073_Timestamp = 25.493
Seq_Frame0074_DriverToReference-SequenceTransform =-0.838366 -0.473662 -0.269789 72.8686 -0.544975 0.717409 0.433967 302.314 -0.0120049 0.510851 -0.859585 150.798 0 0 0 1 
Seq_Frame0074_DriverToReference-SequenceTransformStatus = OK
Seq_Frame0074_Timestamp = 25.604
Seq_Frame0075_DriverToReference-SequenceTransform =-0.709982 -0.551715 -0.437649 60.626 -0.637483 0.767587 0.066521 270.374 0.299233 0.326222 -0.896682 170.205 0 0 0 1 
Seq_Frame0075_DriverToReference-SequenceTransformStatus = OK
Seq_Frame0075_Timestamp = 25.708
Seq_Frame0076_DriverToReference-SequenceTransform =-0.595657 -0.665003 -0.450515 47.438 -0.583339 0.74371 -0.326514 231.08 0.552185 0.068313 -0.830918 190.139 0 0 0 1 
Seq_Frame0076_DriverToReference-SequenceTransformStatus = OK
Seq_Frame0076_Timestamp = 25.819
Seq_Frame0077_DriverToReference-SequenceTransform =-0.418692 -0.758959 -0.498677 39.6658 -0.547336 0.64908 -0.528318 205.128 0.724652 0.0517417 -0.687169 199.481 0 0 0 1 
Seq_Frame0077_DriverToReference-SequenceTransformStatus = OK
Seq_Frame0077_Timestamp = 25.923
Seq_Frame0078_DriverToReference-SequenceTransform =-0.335917 -0.802239 -0.493531 34.251 -0.462309 0.596951 -0.655683 197.397 0.820628 0.00790866 -0.571408 195.857 0 0 0 1 
Seq_Frame0078_DriverToReference-SequenceTransformStatus = OK
Seq_Frame0078_Timestamp = 26.028
Seq_Frame0079_DriverToReference-SequenceTransform =-0.335917 -0.802239 -0.493531 34.251 -0.462309 0.596951 -0.655683 197.397 0.820628 0.00790866 -0.571408 195.857 0 0 0 1 
Seq_Frame0079_DriverToReference-SequenceTransformStatus = OK
Seq_Frame0079_Timestamp = 26.143
Seq_Frame0080_DriverToReference-SequenceTransform =-0.335917 -0.802239 -0.493531 34.251 -0.462309 0.596951 -0.655683 197.397 0.820628 0.00790866 -0.571408 195.857 0 0 0 1 
Seq_Frame0080_DriverToReference-SequenceTransformStatus = OK
Seq_Frame0080_Timestamp = 26.248
Seq_Frame0081_DriverToReference-SequenceTransform =-0.335917 -0.802239 -0.493531 34.251 -0.462309 0.596951 -0.655683 197.397 0.820628 0.00790866 -0.571408 195.857 0 0 0 1 
Seq_Frame0081_DriverToReference-SequenceTransformStatus = OK
Seq_Frame0081_Timestamp = 26.354
Seq_Frame0082_DriverToReference-SequenceTransform =-0.335917 -0.802239 -0.493531 34.251 -0.462309 0.596951 -0.655683 197.397 0.820628 0.00790866 -0.571408 195.857 0 0 0 1 
Seq_Frame0082_DriverToReference-SequenceTransformStatus = OK
Seq_Frame0082_Timestamp = 26.461
Seq_Frame0083_DriverToReference-SequenceTransform =-0.335917 -0.802239 -0.493531 34.251 -0.462309 0.596951 -0.655683 197.397 0.820628 0.00790866 -0.571408 195.857 0 0 0 1 
Seq_Frame0083_DriverToReference-SequenceTransformStatus = OK
Seq_Frame0083_Timestamp = 26.568
Seq_Frame0084_DriverToReference-SequenceTransform =-0.335917 -0.802239 -0.493531 34.251 -0.462309 0.596951 -0.655683 197.397 0.820628 0.00790866 -0.571408 195.857 0 0 0 1 
Seq_Frame0084_DriverToReference-SequenceTransformStatus = OK
Seq_Frame0084_Timestamp = 26.685
Seq_Frame0085_DriverToReference-SequenceTransform =-0.335917 -0.802239 -0.493531 34.251 -0.462309 0.596951 -0.655683 197.397 0.820628 0.00790866 -0.571408 195.857 0 0 0 1 
Seq_Frame0085_DriverToReference-SequenceTransformStatus = OK
Seq_Frame0085_Timestamp = 26.786
Seq_Frame0086_DriverToReference-SequenceTransform =-0.335917 -0.802239 -0.493531 34.251 -0.462309 0.596951 -0.655683 197.397 0.820628 0.00790866 -0.571408 195.857 0 0 0 1 
Seq_Frame0086_DriverToReference-SequenceTransformStatus = OK
Seq_Frame0086_Timestamp = 26.889
Seq_Frame0087_DriverToReference-SequenceTransform =-0.335917 -0.802239 -0.493531 34.251 -0.462309 0.596951 -0.655683 197.397 0.820628 0.00790866 -0.571408 195.857 0 0 0 1 
Seq_Frame0087_DriverToReference-SequenceTransformStatus = OK
Seq_Frame0087_Timestamp = 26.998
Seq_Frame0088_DriverToReference-SequenceTransform =-0.335917 -0.802239 -0.493531 34.251 -0.462309 0.596951 -0.655683 197.397 0.820628 0.00790866 -0.571408 195.857 0 0 0 1 
Seq_Frame0088_DriverToReference-SequenceTransformStatus = OK
Seq_Frame0088_Timestamp = 27.102
Seq_Frame0089_DriverToReference-SequenceTransform =-0.335917 -0.802239 -0.493531 34.251 -0.462309 0.596951 -0.655683 197.397 0.820628 0.00790866 -0.571408 195.857 0 0 0 1 
Seq_Frame0089_DriverToReference-SequenceTransformStatus = OK
Seq_Frame0089_Timestamp = 27.213
Seq_Frame0090_DriverToReference-SequenceTransform =-0.335917 -0.802239 -0.493531 34.251 -0.462309 0.596951 -0.655683 197.397 0.820628 0.00790866 -0.571408 195.857 0 0 0 1 
Seq_Frame0090_DriverToReference-SequenceTransformStatus = OK
Seq_Frame0090_Timestamp = 27.32
Seq_Frame0091_DriverToReference-SequenceTransform =-0.594972 -0.622623 -0.508281 53.7181 -0.747777 0.660657 0.0660389 182.094 0.294682 0.419372 -0.858655 199.161 0 0 0 1 
Seq_Frame0091_DriverToReference-SequenceTransformStatus = OK
Seq_Frame0091_Timestamp = 30.063
Seq_Frame0092_DriverToReference-SequenceTransform =-0.593851 -0.61953 -0.513345 51.946 -0.74289 0.667219 0.0541626 186.161 0.308958 0.413523 -0.856471 195.416 0 0 0 1 
Seq_Frame0092_DriverToReference-SequenceTransformStatus = OK
Seq_Frame0092_Timestamp = 30.168
Seq_Frame0093_DriverToReference-SequenceTransform =-0.602692 -0.624608 -0.496617 51.9702 -0.741376 0.668496 0.058947 185.829 0.295167 0.403707 -0.865966 196.269 0 0 0 1 
Seq_Frame0093_DriverToReference-SequenceTransformStatus = OK
Seq_Frame0093_Timestamp = 30.273
Seq_Frame0094_DriverToReference-SequenceTransform =-0.600981 -0.625439 -0.497641 52.2121 -0.741233 0.669048 0.0542928 186.107 0.298989 0.401497 -0.865682 196.681 0 0 0 1 
Seq_Frame0094_DriverToReference-SequenceTransformStatus = OK
Seq_Frame0094_Timestamp = 30.379
Seq_Frame0095_DriverToReference-SequenceTransform =-0.595441 -0.623683 -0.506428 52.715 -0.743973 0.665978 0.0545652 186.248 0.303238 0.409259 -0.860554 197.138 0 0 0 1 
Seq_Frame0095_DriverToReference-SequenceTransformStatus = OK
Seq_Frame0095_Timestamp = 30.486
Seq_Frame0096_DriverToReference-SequenceTransform =-0.596377 -0.628042 -0.499898 52.6728 -0.741887 0.669045 0.044521 186.279 0.306493 0.397419 -0.86494 197.819 0 0 0 1 
Seq_Frame0096_DriverToReference-SequenceTransformStatus = OK
Seq_Frame0096_Timestamp = 30.594
Seq_Frame0097_DriverToReference-SequenceTransform =-0.588401 -0.623635 -0.514649 51.1896 -0.746893 0.663024 0.0504969 186.846 0.309733 0.414101 -0.855912 195.803 0 0 0 1 
Seq_Frame0097_DriverToReference-SequenceTransformStatus = OK
Seq_Frame0097_Timestamp = 30.702
Seq_Frame0098_DriverToReference-SequenceTransform =-0.590307 -0.573568 -0.567941 50.7797 -0.726195 0.684554 0.0634558 184.847 0.35239 0.449894 -0.820619 196.373 0 0 0 1 
Seq_Frame0098_DriverToReference-SequenceTransformStatus = OK
Seq_Frame0098_Timestamp = 30.808
Seq_Frame0099_DriverToReference-SequenceTransform =-0.586301 -0.564826 -0.580709 51.7406 -0.717301 0.6951 0.0481205 185.435 0.376471 0.444756 -0.812688 195.969 0 0 0 1 
Seq_Frame0099_DriverToReference-SequenceTransformStatus = OK
Seq_Frame0099_Timestamp = 30.918
Seq_Frame0100_DriverToReference-SequenceTransform =-0.566085 -0.540504 -0.622417 53.5903 -0.713297 0.699652 0.041165 186.684 0.413225 0.467271 -0.781603 197.652 0 0 0 1 
Seq_Frame0100_DriverToReference-SequenceTransformStatus = OK
Seq_Frame0100_Timestamp = 31.019
Seq_Frame0101_DriverToReference-SequenceTransform =-0.535704 -0.504595 -0.677056 48.9939 -0.686945 0.726707 0.00192994 187.557 0.491047 0.466134 -0.735929 196.02 0 0 0 1 
Seq_Frame0101_DriverToReference-SequenceTransformStatus = OK
Seq_Frame0101_Timestamp = 31.129
Seq_Frame0102_DriverToReference-SequenceTransform =-0.520625 -0.490698 -0.698688 50.3483 -0.673948 0.738593 -0.0165345 185.254 0.52416 0.462271 -0.715235 195.557 0 0 0 1 
Seq_Frame0102_DriverToReference-SequenceTransformStatus = OK
Seq_Frame0102_Timestamp = 31.245
Seq_Frame0103_DriverToReference-SequenceTransform =0.650591 0.718159 0.24694 59.6625 -0.534637 0.664058 -0.522677 183.619 -0.539347 0.208026 0.815984 211.2 0 0 0 1 
Seq_Frame0103_DriverToReference-SequenceTransformStatus = OK
Seq_Frame0103_Timestamp = 32.702
Seq_Frame0104_DriverToReference-SequenceTransform =0.665839 0.712842 0.220261 58.9709 -0.549706 0.668317 -0.501173 184.872 -0.504462 0.212622 0.836845 208.192 0 0 0 1 
Seq_Frame0104_DriverToReference-SequenceTransformStatus = OK
Seq_Frame0104_Timestamp = 32.81
Seq_Frame0105_DriverToReference-SequenceTransform =0.659454 0.720248 0.215319 58.6398 -0.581462 0.670247 -0.461162 187.399 -0.476468 0.178915 0.860795 205.154 0 0 0 1 
Seq_Frame0105_DriverToReference-SequenceTransformStatus = OK
Seq_Frame0105_Timestamp = 32.918
Seq_Frame0106_DriverToReference-SequenceTransform =0.616742 0.746427 0.24995 58.0253 -0.609659 0.653809 -0.448163 188.344 -0.49794 0.124017 0.858298 205.94 0 0 0 1 
Seq_Frame0106_DriverToReference-SequenceTransformStatus = OK
Seq_Frame0106_Timestamp = 33.023
Seq_Frame0107_DriverToReference-SequenceTransform =0.680277 0.722173 0.125256 56.211 -0.628562 0.662706 -0.407101 190.493 -0.377005 0.19821 0.904754 209.445 0 0 0 1 
Seq_Frame0107_DriverToReference-SequenceTransformStatus = OK
Seq_Frame0107_Timestamp = 33.129
Seq_Frame0108_DriverToReference-SequenceTransform =0.70445 0.708207 0.0468277 60.5003 -0.651249 0.671205 -0.354059 184.179 -0.282178 0.21892 0.93405 218.006 0 0 0 1 
Seq_Frame0108_DriverToReference-SequenceTransformStatus = OK
Seq_Frame0108_Timestamp = 33.235
Seq_Frame0109_DriverToReference-SequenceTransform =-0.815297 -0.533309 -0.22555 61.451 -0.561576 0.6333 0.532507 187.473 -0.14115 0.560815 -0.815821 216.261 0 0 0 1 
Seq_Frame0109_DriverToReference-SequenceTransformStatus = OK
Seq_Frame0109_Timestamp = 36.428
Seq_Frame0110_DriverToReference-SequenceTransform =-0.818976 -0.521793 -0.238767 61.1522 -0.55786 0.626515 0.544308 189.11 -0.134425 0.578974 -0.804188 214.083 0 0 0 1 
Seq_Frame0110_DriverToReference-SequenceTransformStatus = OK
Seq_Frame0110_Timestamp = 36.538
Seq_Frame0111_DriverToReference-SequenceTransform =-0.82514 -0.512978 -0.236638 59.3265 -0.549262 0.630523 0.548409 189.392 -0.132116 0.58249 -0.802029 212.477 0 0 0 1 
Seq_Frame0111_DriverToReference-SequenceTransformStatus = OK
Seq_Frame0111_Timestamp = 36.647
Seq_Frame0112_DriverToReference-SequenceTransform =-0.832409 -0.489552 -0.25968 56.6783 -0.536848 0.596171 0.596971 186.223 -0.137435 0.636333 -0.759074 214.352 0 0 0 1 
Seq_Frame0112_DriverToReference-SequenceTransformStatus = OK
Seq_Frame0112_Timestamp = 36.752
Seq_Frame0113_DriverToReference-SequenceTransform =-0.746617 -0.646674 -0.156127 61.6178 -0.552266 0.471655 0.687418 194.675 -0.370897 0.599462 -0.709282 213.52 0 0 0 1 
Seq_Frame0113_DriverToReference-SequenceTransformStatus = OK
Seq_Frame0113_Timestamp = 37.533
Seq_Frame0114_DriverToReference-SequenceTransform =-0.732289 -0.668165 -0.13156 61.9295 -0.556808 0.476245 0.680556 196.573 -0.392069 0.571617 -0.720788 212.035 0 0 0 1 
Seq_Frame0114_DriverToReference-SequenceTransformStatus = OK
Seq_Frame0114_Timestamp = 37.635
Seq_Frame0115_DriverToReference-SequenceTransform =-0.729186 -0.674133 -0.117612 61.4389 -0.570862 0.504466 0.647789 197.804 -0.377365 0.539499 -0.752686 211.115 0 0 0 1 
Seq_Frame0115_DriverToReference-SequenceTransformStatus = OK
Seq_Frame0115_Timestamp = 37.744
Seq_Frame0116_DriverToReference-SequenceTransform =-0.730417 -0.681365 -0.0472544 62.7385 -0.574358 0.575319 0.582341 194.85 -0.3696 0.452493 -0.81157 213.88 0 0 0 1 
Seq_Frame0116_DriverToReference-SequenceTransformStatus = OK
Seq_Frame0116_Timestamp = 37.848
Seq_Frame0117_DriverToReference-SequenceTransform =-0.73825 -0.674525 -0.00177622 63.1787 -0.556397 0.60747 0.566924 191.279 -0.381325 0.41952 -0.823768 213.96 0 0 0 1 
Seq_Frame0117_DriverToReference-SequenceTransformStatus = OK
Seq_Frame0117_Timestamp = 37.958
Seq_Frame0118_DriverToReference-SequenceTransform =-0.809212 -0.54785 -0.212218 63.023 -0.525509 0.513421 0.678409 188.505 -0.262709 0.6605 -0.703366 205.703 0 0 0 1 
Seq_Frame0118_DriverToReference-SequenceTransformStatus = OK
Seq_Frame0118_Timestamp = 38.063
Seq_Frame0119_DriverToReference-SequenceTransform =-0.809212 -0.54785 -0.212218 63.023 -0.525509 0.513421 0.678409 188.505 -0.262709 0.6605 -0.703366 205.703 0 0 0 1 
Seq_Frame0119_DriverToReference-SequenceTransformStatus = OK
Seq_Frame0119_Timestamp = 38.228
Seq_Frame0120_DriverToReference-SequenceTransform =-0.809212 -0.54785 -0.212218 63.023 -0.525509 0.513421 0.678409 188.505 -0.262709 0.6605 -0.703366 205.703 0 0 0 1 
Seq_Frame0120_DriverToReference-SequenceTransformStatus = OK
Seq_Frame0120_Timestamp = 38.338
Seq_Frame0121_DriverToReference-SequenceTransform =-0.809212 -0.54785 -0.212218 63.023 -0.525509 0.513421 0.678409 188.505 -0.262709 0.6605 -0.703366 205.703 0 0 0 1 
Seq_Frame0121_DriverToReference-SequenceTransformStatus = OK
Seq_Frame0121_Timestamp = 38.445
Seq_Frame0122_DriverToReference-SequenceTransform =-0.702858 -0.708961 0.0580079 54.7936 -0.437973 0.495573 0.750058 189.385 -0.560509 0.501778 -0.658823 212.938 0 0 0 1 
Seq_Frame0122_DriverToReference-SequenceTransformStatus = OK
Seq_Frame0122_Timestamp = 40.073
Seq_Frame0123_DriverToReference-SequenceTransform =-0.663418 -0.732873 0.150909 51.3313 -0.383727 0.506374 0.77223 188.45 -0.642363 0.454404 -0.61716 210.712 0 0 0 1 
Seq_Frame0123_DriverToReference-SequenceTransformStatus = OK
Seq_Frame0123_Timestamp = 40.184
Seq_Frame0124_DriverToReference-SequenceTransform =-0.629023 -0.749182 0.2075 48.5211 -0.37764 0.527791 0.760805 188.03 -0.679498 0.400204 -0.614914 209.015 0 0 0 1 
Seq_Frame0124_DriverToReference-SequenceTransformStatus = OK
Seq_Frame0124_Timestamp = 40.288
Seq_Frame0125_DriverToReference-SequenceTransform =-0.596433 -0.761355 0.254178 47.8426 -0.35361 0.533516 0.768323 187.561 -0.720575 0.368373 -0.587429 208.25 0 0 0 1 
Seq_Frame0125_DriverToReference-SequenceTransformStatus = OK
Seq_Frame0125_Timestamp = 40.393
Seq_Frame0126_DriverToReference-SequenceTransform =-0.596433 -0.761355 0.254178 47.8426 -0.35361 0.533516 0.768323 187.561 -0.720575 0.368373 -0.587429 208.25 0 0 0 1 
Seq_Frame0126_DriverToReference-SequenceTransformStatus = OK
Seq_Frame0126_Timestamp = 40.495
Seq_Frame0127_DriverToReference-SequenceTransform =-0.596433 -0.761355 0.254178 47.8426 -0.35361 0.533516 0.768323 187.561 -0.720575 0.368373 -0.587429 208.25 0 0 0 1 
Seq_Frame0127_DriverToReference-SequenceTransformStatus = OK
Seq_Frame0127_Timestamp = 40.608
Seq_Frame0128_DriverToReference-SequenceTransform =-0.596433 -0.761355 0.254178 47.8426 -0.35361 0.533516 0.768323 187.561 -0.720575 0.368373 -0.587429 208.25 0 0 0 1 
Seq_Frame0128_DriverToReference-SequenceTransformStatus = OK
Seq_Frame0128_Timestamp = 40.709
Seq_Frame0129_DriverToReference-SequenceTransform =-0.596433 -0.761355 0.254178 47.8426 -0.35361 0.533516 0.768323 187.561 -0.720575 0.368373 -0.587429 208.25 0 0 0 1 
Seq_Frame0129_DriverToReference-SequenceTransformStatus = OK
Seq_Frame0129_Timestamp = 40.818
Seq_Frame0130_DriverToReference-SequenceTransform =-0.530299 -0.773172 0.347833 52.7522 -0.492513 0.614886 0.61591 179.171 -0.690082 0.155305 -0.706871 202.264 0 0 0 1 
Seq_Frame0130_DriverToReference-SequenceTransformStatus = OK
Seq_Frame0130_Timestamp = 87.338
Seq_Frame0131_DriverToReference-SequenceTransform =0.519883 0.723591 0.454024 58.772 -0.84705 0.505471 0.164336 242.563 -0.110584 -0.470017 0.875703 158.625 0 0 0 1 
Seq_Frame0131_DriverToReference-SequenceTransformStatus = OK
Seq_Frame0131_Timestamp = 87.522
Seq_Frame0132_DriverToReference-SequenceTransform =0.209203 0.977848 -0.00683556 68.868 -0.772385 0.160951 -0.614423 257.971 -0.599712 0.133819 0.788947 155.354 0 0 0 1 
Seq_Frame0132_DriverToReference-SequenceTransformStatus = OK
Seq_Frame0132_Timestamp = 87.688
Seq_Frame0133_DriverToReference-SequenceTransform =-0.109989 0.978726 -0.173201 80.5087 -0.531818 -0.205166 -0.821631 278.123 -0.839686 0.00174096 0.54307 177.291 0 0 0 1 
Seq_Frame0133_DriverToReference-SequenceTransformStatus = OK
Seq_Frame0133_Timestamp = 87.873
Seq_Frame0134_DriverToReference-SequenceTransform =-0.0848449 0.983814 -0.15783 81.5404 -0.559906 -0.178102 -0.809187 280.007 -0.8242 0.0197149 0.565955 178.861 0 0 0 1 
Seq_Frame0134_DriverToReference-SequenceTransformStatus = OK
Seq_Frame0134_Timestamp = 88.558
Seq_Frame0135_DriverToReference-SequenceTransform =-0.0848449 0.983814 -0.15783 81.5404 -0.559906 -0.178102 -0.809187 280.007 -0.8242 0.0197149 0.565955 178.861 0 0 0 1 
Seq_Frame0135_DriverToReference-SequenceTransformStatus = OK
Seq_Frame0135_Timestamp = 88.663
Seq_Frame0136_DriverToReference-SequenceTransform =-0.0848449 0.983814 -0.15783 81.5404 -0.559906 -0.178102 -0.809187 280.007 -0.8242 0.0197149 0.565955 178.861 0 0 0 1 
Seq_Frame0136_DriverToReference-SequenceTransformStatus = OK
Seq_Frame0136_Timestamp = 88.768
Seq_Frame0137_DriverToReference-SequenceTransform =-0.0848449 0.983814 -0.15783 81.5404 -0.559906 -0.178102 -0.809187 280.007 -0.8242 0.0197149 0.565955 178.861 0 0 0 1 
Seq_Frame0137_DriverToReference-SequenceTransformStatus = OK
Seq_Frame0137_Timestamp = 88.873
Seq_Frame0138_DriverToReference-SequenceTransform =-0.0848449 0.983814 -0.15783 81.5404 -0.559906 -0.178102 -0.809187 280.007 -0.8242 0.0197149 0.565955 178.861 0 0 0 1 
Seq_Frame0138_DriverToReference-SequenceTransformStatus = OK
Seq_Frame0138_Timestamp = 88.983
Seq_Frame0139_DriverToReference-SequenceTransform =-0.0848449 0.983814 -0.15783 81.5404 -0.559906 -0.178102 -0.809187 280.007 -0.8242 0.0197149 0.565955 178.861 0 0 0 1 
Seq_Frame0139_DriverToReference-SequenceTransformStatus = OK
Seq_Frame0139_Timestamp = 89.288
Seq_Frame0140_DriverToReference-SequenceTransform =0.171699 0.891265 0.419721 48.2803 -0.465899 0.448854 -0.76254 300.407 -0.868019 -0.0646206 0.492308 168.071 0 0 0 1 
Seq_Frame0140_DriverToReference-SequenceTransformStatus = OK
Seq_Frame0140_Timestamp = 89.413
Seq_Frame0141_DriverToReference-SequenceTransform =0.281672 0.770672 0.571599 43.9569 -0.497374 0.626709 -0.59988 293.502 -0.820537 -0.115329 0.559838 145.494 0 0 0 1 
Seq_Frame0141_DriverToReference-SequenceTransformStatus = OK
Seq_Frame0141_Timestamp = 89.529
Seq_Frame0142_DriverToReference-SequenceTransform =0.591494 0.627246 0.506652 45.8069 -0.611673 0.75847 -0.2249 274.179 -0.525348 -0.176879 0.8323 138.842 0 0 0 1 
Seq_Frame0142_DriverToReference-SequenceTransformStatus = OK
Seq_Frame0142_Timestamp = 89.643
Seq_Frame0143_DriverToReference-SequenceTransform =-0.500017 -0.660126 -0.560551 52.182 -0.839897 0.527413 0.128095 249.158 0.211082 0.534855 -0.818153 137.583 0 0 0 1 
Seq_Frame0143_DriverToReference-SequenceTransformStatus = OK
Seq_Frame0143_Timestamp = 89.752
Seq_Frame0144_DriverToReference-SequenceTransform =0.871715 0.39952 0.283719 54.4402 -0.48998 0.717408 0.495222 234.666 -0.00569145 -0.570709 0.821133 145.572 0 0 0 1 
Seq_Frame0144_DriverToReference-SequenceTransformStatus = OK
Seq_Frame0144_Timestamp = 89.858
Seq_Frame0145_DriverToReference-SequenceTransform =0.871715 0.39952 0.283719 54.4402 -0.48998 0.717408 0.495222 234.666 -0.00569145 -0.570709 0.821133 145.572 0 0 0 1 
Seq_Frame0145_DriverToReference-SequenceTransformStatus = OK
Seq_Frame0145_Timestamp = 89.968
Seq_Frame0146_DriverToReference-SequenceTransform =-0.626741 0.661761 -0.411422 53.4534 0.771568 0.453181 -0.44644 221.857 -0.108988 -0.597243 -0.794621 149.951 0 0 0 1 
Seq_Frame0146_DriverToReference-SequenceTransformStatus = OK
Seq_Frame0146_Timestamp = 90.073
Seq_Frame0147_DriverToReference-SequenceTransform =-0.633854 0.68092 -0.366847 50.3845 0.728492 0.366232 -0.578942 222.99 -0.259862 -0.63421 -0.728182 148 0 0 0 1 
Seq_Frame0147_DriverToReference-SequenceTransformStatus = OK
Seq_Frame0147_Timestamp = 90.363
Seq_Frame0148_DriverToReference-SequenceTransform =-0.633854 0.68092 -0.366847 50.3845 0.728492 0.366232 -0.578942 222.99 -0.259862 -0.63421 -0.728182 148 0 0 0 1 
Seq_Frame0148_DriverToReference-SequenceTransformStatus = OK
Seq_Frame0148_Timestamp = 90.533
Seq_Frame0149_DriverToReference-SequenceTransform =-0.633854 0.68092 -0.366847 50.3845 0.728492 0.366232 -0.578942 222.99 -0.259862 -0.63421 -0.728182 148 0 0 0 1 
Seq_Frame0149_DriverToReference-SequenceTransformStatus = OK
Seq_Frame0149_Timestamp = 90.638
Seq_Frame0150_DriverToReference-SequenceTransform =0.844549 0.394594 0.361985 39.3079 -0.47626 0.862529 0.170936 225.529 -0.244772 -0.316763 0.916377 123.269 0 0 0 1 
Seq_Frame0150_DriverToReference-SequenceTransformStatus = OK
Seq_Frame0150_Timestamp = 90.843
