ObjectType = Image
NDims = 3
AnatomicalOrientation = RAI
BinaryData = True
CompressedData = False
DimSize = 0 0 488
ElementSpacing = 1 1 1
Offset = 0 0 0
TransformMatrix = 1 0 0 0 1 0 0 0 1
ElementType = MET_UCHAR
Kinds = domain domain list
Seq_Frame0000_ForcepToReference-SequenceTransform =0.689755 -0.00435761 -0.72403 82.4411 0.50513 -0.713528 0.485512 3.90024 -0.518731 -0.700613 -0.489958 7.01787 0 0 0 1 
Seq_Frame0000_ForcepToReference-SequenceTransformStatus = OK
Seq_Frame0000_Timestamp = 0.00200009
Seq_Frame0001_ForcepToReference-SequenceTransform =0.689148 -0.00445771 -0.724607 82.4538 0.506579 -0.71205 0.48617 3.90844 -0.518124 -0.702114 -0.48845 7.05346 0 0 0 1 
Seq_Frame0001_ForcepToReference-SequenceTransformStatus = OK
Seq_Frame0001_Timestamp = 0.108
Seq_Frame0002_ForcepToReference-SequenceTransform =0.689813 -0.00436663 -0.723974 82.4424 0.505564 -0.712882 0.486009 3.88534 -0.51823 -0.70127 -0.489548 7.06395 0 0 0 1 
Seq_Frame0002_ForcepToReference-SequenceTransformStatus = OK
Seq_Frame0002_Timestamp = 0.212
Seq_Frame0003_ForcepToReference-SequenceTransform =0.689653 -0.00443116 -0.724127 82.4251 0.505034 -0.713701 0.485358 3.93459 -0.51896 -0.700437 -0.489968 6.95812 0 0 0 1 
Seq_Frame0003_ForcepToReference-SequenceTransformStatus = OK
Seq_Frame0003_Timestamp = 0.318
Seq_Frame0004_ForcepToReference-SequenceTransform =0.689405 -0.00449795 -0.724362 82.4471 0.506473 -0.711933 0.486452 3.90965 -0.517886 -0.702233 -0.488532 7.0015 0 0 0 1 
Seq_Frame0004_ForcepToReference-SequenceTransformStatus = OK
Seq_Frame0004_Timestamp = 0.434
Seq_Frame0005_ForcepToReference-SequenceTransform =0.688755 -0.00495507 -0.724977 82.4422 0.506341 -0.712396 0.485912 3.86152 -0.518878 -0.70176 -0.488157 7.05378 0 0 0 1 
Seq_Frame0005_ForcepToReference-SequenceTransformStatus = OK
Seq_Frame0005_Timestamp = 0.543
Seq_Frame0006_ForcepToReference-SequenceTransform =0.689929 -0.00493283 -0.72386 82.4702 0.507065 -0.710357 0.488137 3.87552 -0.516607 -0.703824 -0.487595 7.02223 0 0 0 1 
Seq_Frame0006_ForcepToReference-SequenceTransformStatus = OK
Seq_Frame0006_Timestamp = 0.645
Seq_Frame0007_ForcepToReference-SequenceTransform =0.689163 -0.00446896 -0.724593 82.4151 0.504189 -0.715255 0.483947 3.99882 -0.520431 -0.69885 -0.490674 6.90454 0 0 0 1 
Seq_Frame0007_ForcepToReference-SequenceTransformStatus = OK
Seq_Frame0007_Timestamp = 0.754
Seq_Frame0008_ForcepToReference-SequenceTransform =0.689446 -0.00463939 -0.724322 82.4344 0.506172 -0.71221 0.486361 3.89184 -0.518126 -0.701951 -0.488682 7.03475 0 0 0 1 
Seq_Frame0008_ForcepToReference-SequenceTransformStatus = OK
Seq_Frame0008_Timestamp = 0.863
Seq_Frame0009_ForcepToReference-SequenceTransform =0.689711 -0.00511319 -0.724066 82.445 0.508204 -0.708882 0.489097 3.83335 -0.515778 -0.705309 -0.486325 7.11336 0 0 0 1 
Seq_Frame0009_ForcepToReference-SequenceTransformStatus = OK
Seq_Frame0009_Timestamp = 0.967
Seq_Frame0010_ForcepToReference-SequenceTransform =0.691116 -0.00506249 -0.722726 82.4176 0.506078 -0.710523 0.48892 3.809 -0.515989 -0.703656 -0.488491 7.14315 0 0 0 1 
Seq_Frame0010_ForcepToReference-SequenceTransformStatus = OK
Seq_Frame0010_Timestamp = 1.073
Seq_Frame0011_ForcepToReference-SequenceTransform =0.68851 -0.00463463 -0.725212 82.4346 0.505658 -0.713754 0.484628 3.95781 -0.519869 -0.700381 -0.489083 6.95254 0 0 0 1 
Seq_Frame0011_ForcepToReference-SequenceTransformStatus = OK
Seq_Frame0011_Timestamp = 1.183
Seq_Frame0012_ForcepToReference-SequenceTransform =0.688258 -0.00429149 -0.725453 82.4405 0.505904 -0.713879 0.484189 4.00038 -0.519963 -0.700256 -0.489162 7.02529 0 0 0 1 
Seq_Frame0012_ForcepToReference-SequenceTransformStatus = OK
Seq_Frame0012_Timestamp = 1.288
Seq_Frame0013_ForcepToReference-SequenceTransform =0.688938 -0.00400825 -0.72481 82.4415 0.506093 -0.713201 0.48499 3.95452 -0.518879 -0.700948 -0.489322 7.05319 0 0 0 1 
Seq_Frame0013_ForcepToReference-SequenceTransformStatus = OK
Seq_Frame0013_Timestamp = 1.398
Seq_Frame0014_ForcepToReference-SequenceTransform =0.689775 -0.00509756 -0.724006 82.4386 0.506818 -0.710724 0.48786 3.86812 -0.517055 -0.703453 -0.487656 7.07543 0 0 0 1 
Seq_Frame0014_ForcepToReference-SequenceTransformStatus = OK
Seq_Frame0014_Timestamp = 1.502
Seq_Frame0015_ForcepToReference-SequenceTransform =0.690743 -0.00463749 -0.723086 82.4403 0.505514 -0.71192 0.487468 3.88028 -0.51704 -0.702245 -0.489409 7.05684 0 0 0 1 
Seq_Frame0015_ForcepToReference-SequenceTransformStatus = OK
Seq_Frame0015_Timestamp = 1.61
Seq_Frame0016_ForcepToReference-SequenceTransform =0.69057 -0.00446192 -0.723252 82.4384 0.506111 -0.711385 0.48763 3.80336 -0.516686 -0.702788 -0.489003 7.09116 0 0 0 1 
Seq_Frame0016_ForcepToReference-SequenceTransformStatus = OK
Seq_Frame0016_Timestamp = 1.718
Seq_Frame0017_ForcepToReference-SequenceTransform =0.6783 6.54975e-05 -0.734785 82.2932 0.505337 -0.726004 0.466426 4.54122 -0.533426 -0.687691 -0.492482 6.22287 0 0 0 1 
Seq_Frame0017_ForcepToReference-SequenceTransformStatus = OK
Seq_Frame0017_Timestamp = 1.919
Seq_Frame0018_ForcepToReference-SequenceTransform =0.689248 -0.00442619 -0.724512 82.4455 0.506493 -0.712098 0.486191 3.88295 -0.518075 -0.702066 -0.48857 7.02402 0 0 0 1 
Seq_Frame0018_ForcepToReference-SequenceTransformStatus = OK
Seq_Frame0018_Timestamp = 2.024
Seq_Frame0019_ForcepToReference-SequenceTransform =0.689779 -0.00451559 -0.724006 82.4571 0.506073 -0.712124 0.48659 3.88014 -0.517779 -0.702039 -0.488923 7.07027 0 0 0 1 
Seq_Frame0019_ForcepToReference-SequenceTransformStatus = OK
Seq_Frame0019_Timestamp = 2.133
Seq_Frame0020_ForcepToReference-SequenceTransform =0.688969 -0.00460925 -0.724776 82.4282 0.505977 -0.712926 0.485514 3.90216 -0.51895 -0.701224 -0.488852 7.04445 0 0 0 1 
Seq_Frame0020_ForcepToReference-SequenceTransformStatus = OK
Seq_Frame0020_Timestamp = 2.238
Seq_Frame0021_ForcepToReference-SequenceTransform =0.690478 -0.00461531 -0.723339 82.4355 0.505567 -0.712104 0.487144 3.86434 -0.517341 -0.702059 -0.489359 7.06005 0 0 0 1 
Seq_Frame0021_ForcepToReference-SequenceTransformStatus = OK
Seq_Frame0021_Timestamp = 2.349
Seq_Frame0022_ForcepToReference-SequenceTransform =0.689525 -0.00500554 -0.724244 82.4341 0.50669 -0.711188 0.487315 3.86551 -0.517513 -0.702984 -0.487846 7.04137 0 0 0 1 
Seq_Frame0022_ForcepToReference-SequenceTransformStatus = OK
Seq_Frame0022_Timestamp = 2.452
Seq_Frame0023_ForcepToReference-SequenceTransform =-0.043761 -0.0778621 0.996003 -45.5594 -0.112636 0.990986 0.0725211 2.182 -0.992672 -0.109012 -0.0521366 -215.785 0 0 0 1 
Seq_Frame0023_ForcepToReference-SequenceTransformStatus = OK
Seq_Frame0023_Timestamp = 3.793
Seq_Frame0024_ForcepToReference-SequenceTransform =0.0356424 -0.087137 0.995559 -34.3458 -0.0663544 0.993787 0.0893575 -12.5909 -0.997159 -0.0692446 0.029639 -210.858 0 0 0 1 
Seq_Frame0024_ForcepToReference-SequenceTransformStatus = OK
Seq_Frame0024_Timestamp = 3.894
Seq_Frame0025_ForcepToReference-SequenceTransform =0.117628 -0.260654 0.95824 -31.7451 0.0778044 0.964391 0.252777 -14.4002 -0.990005 0.0448217 0.133719 -205.91 0 0 0 1 
Seq_Frame0025_ForcepToReference-SequenceTransformStatus = OK
Seq_Frame0025_Timestamp = 4.008
Seq_Frame0026_ForcepToReference-SequenceTransform =0.182578 -0.226598 0.956723 -20.9457 0.0412498 0.973988 0.222815 -19.3045 -0.982326 -0.0012165 0.187176 -212.778 0 0 0 1 
Seq_Frame0026_ForcepToReference-SequenceTransformStatus = OK
Seq_Frame0026_Timestamp = 4.113
Seq_Frame0027_ForcepToReference-SequenceTransform =0.241286 -0.19184 0.951304 -11.9762 0.0134873 0.980835 0.194374 -22.7079 -0.97036 -0.0340691 0.239249 -215.682 0 0 0 1 
Seq_Frame0027_ForcepToReference-SequenceTransformStatus = OK
Seq_Frame0027_Timestamp = 4.218
Seq_Frame0028_ForcepToReference-SequenceTransform =0.195921 -0.194149 0.961208 -15.5457 -0.0664079 0.975328 0.210537 -25.6758 -0.978369 -0.10508 0.178194 -220.9 0 0 0 1 
Seq_Frame0028_ForcepToReference-SequenceTransformStatus = OK
Seq_Frame0028_Timestamp = 4.319
Seq_Frame0029_ForcepToReference-SequenceTransform =0.29453 -0.0409881 0.954763 3.42479 -0.0796283 0.994553 0.0672604 -28.6145 -0.952319 -0.0958363 0.289662 -220.101 0 0 0 1 
Seq_Frame0029_ForcepToReference-SequenceTransformStatus = OK
Seq_Frame0029_Timestamp = 4.433
Seq_Frame0030_ForcepToReference-SequenceTransform =0.325352 -0.0526197 0.944128 10.8239 -0.103565 0.990461 0.0908911 -29.5775 -0.939905 -0.12735 0.316799 -221.22 0 0 0 1 
Seq_Frame0030_ForcepToReference-SequenceTransformStatus = OK
Seq_Frame0030_Timestamp = 4.542
Seq_Frame0031_ForcepToReference-SequenceTransform =0.375783 0.0261451 0.926339 24.9872 -0.104435 0.994429 0.0142988 -26.4043 -0.920804 -0.102116 0.37642 -217.517 0 0 0 1 
Seq_Frame0031_ForcepToReference-SequenceTransformStatus = OK
Seq_Frame0031_Timestamp = 4.652
Seq_Frame0032_ForcepToReference-SequenceTransform =0.317825 -0.0202573 0.947933 11.3672 -0.0339617 0.998887 0.0327329 -18.5593 -0.947541 -0.0425967 0.316783 -217.654 0 0 0 1 
Seq_Frame0032_ForcepToReference-SequenceTransformStatus = OK
Seq_Frame0032_Timestamp = 4.758
Seq_Frame0033_ForcepToReference-SequenceTransform =0.223496 -0.0970794 0.969858 -10.8941 0.0271973 0.995261 0.0933547 -11.2416 -0.974325 0.00551313 0.225077 -216.942 0 0 0 1 
Seq_Frame0033_ForcepToReference-SequenceTransformStatus = OK
Seq_Frame0033_Timestamp = 4.86
Seq_Frame0034_ForcepToReference-SequenceTransform =0.0235019 0.101262 0.994582 -21.0415 -0.134581 0.986122 -0.0972204 -19.7798 -0.990624 -0.131567 0.0368036 -251.908 0 0 0 1 
Seq_Frame0034_ForcepToReference-SequenceTransformStatus = OK
Seq_Frame0034_Timestamp = 5.138
Seq_Frame0035_ForcepToReference-SequenceTransform =0.00968663 0.140361 0.990053 -25.4713 -0.0984577 0.985422 -0.138741 -28.6542 -0.995094 -0.0961344 0.023365 -257.002 0 0 0 1 
Seq_Frame0035_ForcepToReference-SequenceTransformStatus = OK
Seq_Frame0035_Timestamp = 5.243
Seq_Frame0036_ForcepToReference-SequenceTransform =0.0531225 0.100295 0.993539 -24.1501 -0.0379002 0.994429 -0.0983582 -33.0498 -0.997869 -0.0324303 0.0566278 -247.584 0 0 0 1 
Seq_Frame0036_ForcepToReference-SequenceTransformStatus = OK
Seq_Frame0036_Timestamp = 5.348
Seq_Frame0037_ForcepToReference-SequenceTransform =0.0939947 0.0963398 0.9909 -19.573 -0.0431026 0.994767 -0.0926272 -35.5112 -0.994639 -0.0340039 0.0976554 -247.41 0 0 0 1 
Seq_Frame0037_ForcepToReference-SequenceTransformStatus = OK
Seq_Frame0037_Timestamp = 5.453
Seq_Frame0038_ForcepToReference-SequenceTransform =0.109255 0.140418 0.984046 -14.5326 -0.0903346 0.987278 -0.130849 -38.7746 -0.9899 -0.0745974 0.12055 -247.699 0 0 0 1 
Seq_Frame0038_ForcepToReference-SequenceTransformStatus = OK
Seq_Frame0038_Timestamp = 5.558
Seq_Frame0039_ForcepToReference-SequenceTransform =0.131195 0.113076 0.984887 -13.467 -0.0651796 0.992308 -0.105245 -38.8138 -0.989211 -0.0503869 0.137556 -248.029 0 0 0 1 
Seq_Frame0039_ForcepToReference-SequenceTransformStatus = OK
Seq_Frame0039_Timestamp = 5.669
Seq_Frame0040_ForcepToReference-SequenceTransform =0.155904 0.115475 0.980999 -10.4556 -0.0568096 0.992547 -0.107806 -38.5024 -0.986137 -0.0389226 0.161303 -249.287 0 0 0 1 
Seq_Frame0040_ForcepToReference-SequenceTransformStatus = OK
Seq_Frame0040_Timestamp = 5.781
Seq_Frame0041_ForcepToReference-SequenceTransform =0.159051 0.125118 0.97931 -9.04107 -0.0573113 0.991434 -0.117359 -38.087 -0.985606 -0.0374594 0.164859 -249.35 0 0 0 1 
Seq_Frame0041_ForcepToReference-SequenceTransformStatus = OK
Seq_Frame0041_Timestamp = 5.883
Seq_Frame0042_ForcepToReference-SequenceTransform =0.17059 0.118569 0.978182 -8.58311 -0.037102 0.992803 -0.113871 -36.6562 -0.984643 -0.0168673 0.173761 -248.295 0 0 0 1 
Seq_Frame0042_ForcepToReference-SequenceTransformStatus = OK
Seq_Frame0042_Timestamp = 5.995
Seq_Frame0043_ForcepToReference-SequenceTransform =0.181569 0.112233 0.976953 -7.73764 -0.0222612 0.99368 -0.110017 -32.3035 -0.983126 -0.00177247 0.18292 -244.458 0 0 0 1 
Seq_Frame0043_ForcepToReference-SequenceTransformStatus = OK
Seq_Frame0043_Timestamp = 6.098
Seq_Frame0044_ForcepToReference-SequenceTransform =0.162669 0.0845615 0.98305 -12.8889 -0.000679157 0.99633 -0.0855914 -23.8745 -0.98668 0.0132554 0.162129 -244.076 0 0 0 1 
Seq_Frame0044_ForcepToReference-SequenceTransformStatus = OK
Seq_Frame0044_Timestamp = 6.208
Seq_Frame0045_ForcepToReference-SequenceTransform =0.0671573 -0.00341492 0.997737 -31.263 0.0407173 0.99917 0.000679161 -0.432353 -0.996911 0.0405795 0.0672407 -239.673 0 0 0 1 
Seq_Frame0045_ForcepToReference-SequenceTransformStatus = OK
Seq_Frame0045_Timestamp = 6.317
Seq_Frame0046_ForcepToReference-SequenceTransform =0.141124 0.0115742 0.989924 -23.1014 0.0809164 0.996451 -0.023186 7.84398 -0.98668 0.0833732 0.139687 -235.51 0 0 0 1 
Seq_Frame0046_ForcepToReference-SequenceTransformStatus = OK
Seq_Frame0046_Timestamp = 6.419
Seq_Frame0047_ForcepToReference-SequenceTransform =0.141124 0.0115742 0.989924 -23.1014 0.0809164 0.996451 -0.023186 7.84398 -0.98668 0.0833732 0.139687 -235.51 0 0 0 1 
Seq_Frame0047_ForcepToReference-SequenceTransformStatus = OK
Seq_Frame0047_Timestamp = 6.833
Seq_Frame0048_ForcepToReference-SequenceTransform =0.141124 0.0115742 0.989924 -23.1014 0.0809164 0.996451 -0.023186 7.84398 -0.98668 0.0833732 0.139687 -235.51 0 0 0 1 
Seq_Frame0048_ForcepToReference-SequenceTransformStatus = OK
Seq_Frame0048_Timestamp = 8.868
Seq_Frame0049_ForcepToReference-SequenceTransform =-0.931362 -0.363464 -0.0214203 -70.2732 0.00238181 0.0527481 -0.998605 206.889 0.364087 -0.930114 -0.0482619 22.7888 0 0 0 1 
Seq_Frame0049_ForcepToReference-SequenceTransformStatus = OK
Seq_Frame0049_Timestamp = 8.978
Seq_Frame0050_ForcepToReference-SequenceTransform =-0.951333 -0.240753 -0.192361 -53.838 0.221033 -0.098132 -0.970317 207.678 0.21473 -0.965613 0.146571 3.1489 0 0 0 1 
Seq_Frame0050_ForcepToReference-SequenceTransformStatus = OK
Seq_Frame0050_Timestamp = 9.083
Seq_Frame0051_ForcepToReference-SequenceTransform =0.412574 -0.708927 0.572019 54.8789 0.887637 0.453958 -0.0776083 218.003 -0.204654 0.539764 0.816561 165.833 0 0 0 1 
Seq_Frame0051_ForcepToReference-SequenceTransformStatus = OK
Seq_Frame0051_Timestamp = 9.298
Seq_Frame0052_ForcepToReference-SequenceTransform =0.559356 -0.0193091 0.828703 71.1768 -0.471406 0.814916 0.337176 151.398 -0.681834 -0.579257 0.446726 -18.5595 0 0 0 1 
Seq_Frame0052_ForcepToReference-SequenceTransformStatus = OK
Seq_Frame0052_Timestamp = 9.408
Seq_Frame0053_ForcepToReference-SequenceTransform =0.587259 -0.0143851 0.809271 80.8443 -0.420542 0.848868 0.320262 149.039 -0.691571 -0.52841 0.492456 -4.72207 0 0 0 1 
Seq_Frame0053_ForcepToReference-SequenceTransformStatus = OK
Seq_Frame0053_Timestamp = 9.518
Seq_Frame0054_ForcepToReference-SequenceTransform =0.614078 -0.0226698 0.78892 87.6644 -0.317454 0.908068 0.273193 157.252 -0.722586 -0.418208 0.550428 13.7696 0 0 0 1 
Seq_Frame0054_ForcepToReference-SequenceTransformStatus = OK
Seq_Frame0054_Timestamp = 9.627
Seq_Frame0055_ForcepToReference-SequenceTransform =0.690446 -0.17817 0.701099 87.4178 -0.136066 0.919907 0.367774 173.06 -0.710472 -0.349323 0.610903 17.1428 0 0 0 1 
Seq_Frame0055_ForcepToReference-SequenceTransformStatus = OK
Seq_Frame0055_Timestamp = 9.736
Seq_Frame0056_ForcepToReference-SequenceTransform =-0.867203 -0.398361 -0.298776 -18.5147 0.457993 -0.402574 -0.792576 206.07 0.195452 -0.824162 0.53156 -126.619 0 0 0 1 
Seq_Frame0056_ForcepToReference-SequenceTransformStatus = OK
Seq_Frame0056_Timestamp = 23.673
Seq_Frame0057_ForcepToReference-SequenceTransform =-0.941662 -0.1849 -0.281221 -24.899 0.334284 -0.61086 -0.717708 217.324 -0.0390823 -0.769845 0.637033 -137.422 0 0 0 1 
Seq_Frame0057_ForcepToReference-SequenceTransformStatus = OK
Seq_Frame0057_Timestamp = 23.778
Seq_Frame0058_ForcepToReference-SequenceTransform =-0.991495 0.0661973 -0.11205 -24.6591 0.0450805 -0.632976 -0.772858 216.889 -0.122086 -0.771336 0.624608 -111.787 0 0 0 1 
Seq_Frame0058_ForcepToReference-SequenceTransformStatus = OK
Seq_Frame0058_Timestamp = 23.883
Seq_Frame0059_ForcepToReference-SequenceTransform =-0.959416 0.277528 -0.0499918 -10.0368 -0.156624 -0.671854 -0.723935 203.989 -0.2345 -0.686724 0.688055 -95.1097 0 0 0 1 
Seq_Frame0059_ForcepToReference-SequenceTransformStatus = OK
Seq_Frame0059_Timestamp = 23.993
Seq_Frame0060_ForcepToReference-SequenceTransform =-0.905435 0.417406 -0.0771967 8.43703 -0.287378 -0.736608 -0.612227 194.669 -0.312411 -0.532147 0.786905 -88.3688 0 0 0 1 
Seq_Frame0060_ForcepToReference-SequenceTransformStatus = OK
Seq_Frame0060_Timestamp = 24.098
Seq_Frame0061_ForcepToReference-SequenceTransform =-0.852622 0.499093 -0.15473 18.6687 -0.345476 -0.760601 -0.549666 189.423 -0.392023 -0.415202 0.82093 -87.8896 0 0 0 1 
Seq_Frame0061_ForcepToReference-SequenceTransformStatus = OK
Seq_Frame0061_Timestamp = 24.207
Seq_Frame0062_ForcepToReference-SequenceTransform =-0.852622 0.499093 -0.15473 18.6687 -0.345476 -0.760601 -0.549666 189.423 -0.392023 -0.415202 0.82093 -87.8896 0 0 0 1 
Seq_Frame0062_ForcepToReference-SequenceTransformStatus = OK
Seq_Frame0062_Timestamp = 24.313
Seq_Frame0063_ForcepToReference-SequenceTransform =-0.852622 0.499093 -0.15473 18.6687 -0.345476 -0.760601 -0.549666 189.423 -0.392023 -0.415202 0.82093 -87.8896 0 0 0 1 
Seq_Frame0063_ForcepToReference-SequenceTransformStatus = OK
Seq_Frame0063_Timestamp = 24.417
Seq_Frame0064_ForcepToReference-SequenceTransform =-0.852622 0.499093 -0.15473 18.6687 -0.345476 -0.760601 -0.549666 189.423 -0.392023 -0.415202 0.82093 -87.8896 0 0 0 1 
Seq_Frame0064_ForcepToReference-SequenceTransformStatus = OK
Seq_Frame0064_Timestamp = 24.527
Seq_Frame0065_ForcepToReference-SequenceTransform =-0.852622 0.499093 -0.15473 18.6687 -0.345476 -0.760601 -0.549666 189.423 -0.392023 -0.415202 0.82093 -87.8896 0 0 0 1 
Seq_Frame0065_ForcepToReference-SequenceTransformStatus = OK
Seq_Frame0065_Timestamp = 24.634
Seq_Frame0066_ForcepToReference-SequenceTransform =-0.852622 0.499093 -0.15473 18.6687 -0.345476 -0.760601 -0.549666 189.423 -0.392023 -0.415202 0.82093 -87.8896 0 0 0 1 
Seq_Frame0066_ForcepToReference-SequenceTransformStatus = OK
Seq_Frame0066_Timestamp = 24.743
Seq_Frame0067_ForcepToReference-SequenceTransform =-0.852622 0.499093 -0.15473 18.6687 -0.345476 -0.760601 -0.549666 189.423 -0.392023 -0.415202 0.82093 -87.8896 0 0 0 1 
Seq_Frame0067_ForcepToReference-SequenceTransformStatus = OK
Seq_Frame0067_Timestamp = 24.848
Seq_Frame0068_ForcepToReference-SequenceTransform =-0.852622 0.499093 -0.15473 18.6687 -0.345476 -0.760601 -0.549666 189.423 -0.392023 -0.415202 0.82093 -87.8896 0 0 0 1 
Seq_Frame0068_ForcepToReference-SequenceTransformStatus = OK
Seq_Frame0068_Timestamp = 24.958
Seq_Frame0069_ForcepToReference-SequenceTransform =-0.852622 0.499093 -0.15473 18.6687 -0.345476 -0.760601 -0.549666 189.423 -0.392023 -0.415202 0.82093 -87.8896 0 0 0 1 
Seq_Frame0069_ForcepToReference-SequenceTransformStatus = OK
Seq_Frame0069_Timestamp = 25.063
Seq_Frame0070_ForcepToReference-SequenceTransform =-0.852622 0.499093 -0.15473 18.6687 -0.345476 -0.760601 -0.549666 189.423 -0.392023 -0.415202 0.82093 -87.8896 0 0 0 1 
Seq_Frame0070_ForcepToReference-SequenceTransformStatus = OK
Seq_Frame0070_Timestamp = 25.173
Seq_Frame0071_ForcepToReference-SequenceTransform =-0.852622 0.499093 -0.15473 18.6687 -0.345476 -0.760601 -0.549666 189.423 -0.392023 -0.415202 0.82093 -87.8896 0 0 0 1 
Seq_Frame0071_ForcepToReference-SequenceTransformStatus = OK
Seq_Frame0071_Timestamp = 25.279
Seq_Frame0072_ForcepToReference-SequenceTransform =-0.852622 0.499093 -0.15473 18.6687 -0.345476 -0.760601 -0.549666 189.423 -0.392023 -0.415202 0.82093 -87.8896 0 0 0 1 
Seq_Frame0072_ForcepToReference-SequenceTransformStatus = OK
Seq_Frame0072_Timestamp = 25.385
Seq_Frame0073_ForcepToReference-SequenceTransform =-0.852622 0.499093 -0.15473 18.6687 -0.345476 -0.760601 -0.549666 189.423 -0.392023 -0.415202 0.82093 -87.8896 0 0 0 1 
Seq_Frame0073_ForcepToReference-SequenceTransformStatus = OK
Seq_Frame0073_Timestamp = 25.493
Seq_Frame0074_ForcepToReference-SequenceTransform =-0.574266 0.659111 -0.485583 57.36 -0.244395 -0.704113 -0.666705 177.28 -0.781339 -0.264192 0.565431 -92.2217 0 0 0 1 
Seq_Frame0074_ForcepToReference-SequenceTransformStatus = OK
Seq_Frame0074_Timestamp = 25.604
Seq_Frame0075_ForcepToReference-SequenceTransform =-0.540998 0.616664 -0.57188 60.6147 -0.170948 -0.746415 -0.64315 172.727 -0.823467 -0.250181 0.509226 -90.9904 0 0 0 1 
Seq_Frame0075_ForcepToReference-SequenceTransformStatus = OK
Seq_Frame0075_Timestamp = 25.708
Seq_Frame0076_ForcepToReference-SequenceTransform =0.835078 -0.353446 0.421568 60.0147 -0.260591 0.420735 0.86895 174.026 -0.484496 -0.835498 0.259242 -100.813 0 0 0 1 
Seq_Frame0076_ForcepToReference-SequenceTransformStatus = OK
Seq_Frame0076_Timestamp = 25.819
Seq_Frame0077_ForcepToReference-SequenceTransform =0.813908 -0.378793 0.440533 56.3798 -0.237877 0.474509 0.8475 180.842 -0.530064 -0.79458 0.296101 -106.884 0 0 0 1 
Seq_Frame0077_ForcepToReference-SequenceTransformStatus = OK
Seq_Frame0077_Timestamp = 25.923
Seq_Frame0078_ForcepToReference-SequenceTransform =0.821029 -0.366043 0.438091 58.0768 -0.244994 0.467216 0.849522 176.796 -0.515644 -0.804812 0.29392 -103.734 0 0 0 1 
Seq_Frame0078_ForcepToReference-SequenceTransformStatus = OK
Seq_Frame0078_Timestamp = 26.028
Seq_Frame0079_ForcepToReference-SequenceTransform =0.832115 -0.336433 0.440906 62.5502 -0.26244 0.46149 0.847439 170.378 -0.48858 -0.820877 0.29572 -95.9504 0 0 0 1 
Seq_Frame0079_ForcepToReference-SequenceTransformStatus = OK
Seq_Frame0079_Timestamp = 26.143
Seq_Frame0080_ForcepToReference-SequenceTransform =0.839423 -0.306657 0.448698 68.2484 -0.274553 0.473235 0.83706 166.71 -0.46903 -0.825839 0.313051 -86.8093 0 0 0 1 
Seq_Frame0080_ForcepToReference-SequenceTransformStatus = OK
Seq_Frame0080_Timestamp = 26.248
Seq_Frame0081_ForcepToReference-SequenceTransform =0.855991 -0.27456 0.43806 73.856 -0.289091 0.448273 0.845859 166.15 -0.42861 -0.850686 0.304345 -81.1101 0 0 0 1 
Seq_Frame0081_ForcepToReference-SequenceTransformStatus = OK
Seq_Frame0081_Timestamp = 26.354
Seq_Frame0082_ForcepToReference-SequenceTransform =0.875294 -0.264779 0.404664 69.9115 -0.272451 0.421346 0.865008 181.827 -0.399539 -0.867387 0.296662 -85.1151 0 0 0 1 
Seq_Frame0082_ForcepToReference-SequenceTransformStatus = OK
Seq_Frame0082_Timestamp = 26.461
Seq_Frame0083_ForcepToReference-SequenceTransform =0.888103 -0.281133 0.363645 67.7557 -0.242076 0.386457 0.889972 203.814 -0.390734 -0.878416 0.275158 -89.8748 0 0 0 1 
Seq_Frame0083_ForcepToReference-SequenceTransformStatus = OK
Seq_Frame0083_Timestamp = 26.568
Seq_Frame0084_ForcepToReference-SequenceTransform =0.887445 -0.269911 0.373617 80.3165 -0.247082 0.405698 0.879977 212.603 -0.389091 -0.873245 0.293344 -87.2488 0 0 0 1 
Seq_Frame0084_ForcepToReference-SequenceTransformStatus = OK
Seq_Frame0084_Timestamp = 26.685
Seq_Frame0085_ForcepToReference-SequenceTransform =0.876338 -0.234265 0.420894 96.3434 -0.301853 0.413864 0.858837 203.371 -0.375388 -0.87968 0.291972 -83.507 0 0 0 1 
Seq_Frame0085_ForcepToReference-SequenceTransformStatus = OK
Seq_Frame0085_Timestamp = 26.786
Seq_Frame0086_ForcepToReference-SequenceTransform =0.84803 -0.186199 0.496159 112.394 -0.383111 0.431476 0.816734 179.193 -0.366156 -0.882699 0.29457 -82.4493 0 0 0 1 
Seq_Frame0086_ForcepToReference-SequenceTransformStatus = OK
Seq_Frame0086_Timestamp = 26.889
Seq_Frame0087_ForcepToReference-SequenceTransform =0.822352 -0.140782 0.551287 121.041 -0.431885 0.476338 0.765883 163.655 -0.370422 -0.867918 0.330916 -68.8114 0 0 0 1 
Seq_Frame0087_ForcepToReference-SequenceTransformStatus = OK
Seq_Frame0087_Timestamp = 26.998
Seq_Frame0088_ForcepToReference-SequenceTransform =0.834282 -0.117623 0.538645 119.57 -0.43808 0.451764 0.777172 165.303 -0.334754 -0.88435 0.32537 -66.8821 0 0 0 1 
Seq_Frame0088_ForcepToReference-SequenceTransformStatus = OK
Seq_Frame0088_Timestamp = 27.102
Seq_Frame0089_ForcepToReference-SequenceTransform =0.836234 -0.101896 0.538823 118.606 -0.433422 0.479138 0.763265 170.408 -0.335944 -0.871805 0.356507 -61.2868 0 0 0 1 
Seq_Frame0089_ForcepToReference-SequenceTransformStatus = OK
Seq_Frame0089_Timestamp = 27.213
Seq_Frame0090_ForcepToReference-SequenceTransform =0.802688 -0.0677841 0.592535 126.661 -0.477963 0.521122 0.707095 157.002 -0.356713 -0.850786 0.3859 -56.6804 0 0 0 1 
Seq_Frame0090_ForcepToReference-SequenceTransformStatus = OK
Seq_Frame0090_Timestamp = 27.32
Seq_Frame0091_ForcepToReference-SequenceTransform =0.669183 0.195893 0.716813 99.4958 -0.33954 0.938646 0.0604624 153.308 -0.660989 -0.283847 0.694639 -5.48481 0 0 0 1 
Seq_Frame0091_ForcepToReference-SequenceTransformStatus = OK
Seq_Frame0091_Timestamp = 30.063
Seq_Frame0092_ForcepToReference-SequenceTransform =0.646472 0.126264 0.752417 84.5297 -0.215949 0.976163 0.0217317 170.038 -0.731737 -0.176533 0.658328 13.2811 0 0 0 1 
Seq_Frame0092_ForcepToReference-SequenceTransformStatus = OK
Seq_Frame0092_Timestamp = 30.168
Seq_Frame0093_ForcepToReference-SequenceTransform =-0.365583 0.114113 -0.923757 79.4334 0.779647 -0.504577 -0.370882 167.965 -0.508429 -0.855792 0.095497 22.5461 0 0 0 1 
Seq_Frame0093_ForcepToReference-SequenceTransformStatus = OK
Seq_Frame0093_Timestamp = 30.273
Seq_Frame0094_ForcepToReference-SequenceTransform =-0.367208 0.0763952 -0.926996 79.3148 0.795838 -0.490064 -0.355639 165.211 -0.481457 -0.868332 0.119157 32.2726 0 0 0 1 
Seq_Frame0094_ForcepToReference-SequenceTransformStatus = OK
Seq_Frame0094_Timestamp = 30.379
Seq_Frame0095_ForcepToReference-SequenceTransform =-0.299833 0.0423752 -0.95305 82.3956 0.817827 -0.502945 -0.279654 163.741 -0.491182 -0.863279 0.116144 36.89 0 0 0 1 
Seq_Frame0095_ForcepToReference-SequenceTransformStatus = OK
Seq_Frame0095_Timestamp = 30.486
Seq_Frame0096_ForcepToReference-SequenceTransform =-0.282294 0.031019 -0.958826 83.1556 0.833705 -0.486531 -0.261196 164.081 -0.474601 -0.873112 0.111484 38.2442 0 0 0 1 
Seq_Frame0096_ForcepToReference-SequenceTransformStatus = OK
Seq_Frame0096_Timestamp = 30.594
Seq_Frame0097_ForcepToReference-SequenceTransform =-0.282294 0.031019 -0.958826 83.1556 0.833705 -0.486531 -0.261196 164.081 -0.474601 -0.873112 0.111484 38.2442 0 0 0 1 
Seq_Frame0097_ForcepToReference-SequenceTransformStatus = OK
Seq_Frame0097_Timestamp = 30.702
Seq_Frame0098_ForcepToReference-SequenceTransform =-0.282294 0.031019 -0.958826 83.1556 0.833705 -0.486531 -0.261196 164.081 -0.474601 -0.873112 0.111484 38.2442 0 0 0 1 
Seq_Frame0098_ForcepToReference-SequenceTransformStatus = OK
Seq_Frame0098_Timestamp = 30.808
Seq_Frame0099_ForcepToReference-SequenceTransform =-0.282294 0.031019 -0.958826 83.1556 0.833705 -0.486531 -0.261196 164.081 -0.474601 -0.873112 0.111484 38.2442 0 0 0 1 
Seq_Frame0099_ForcepToReference-SequenceTransformStatus = OK
Seq_Frame0099_Timestamp = 30.918
Seq_Frame0100_ForcepToReference-SequenceTransform =-0.357165 0.185171 -0.915503 98.543 0.742537 -0.538315 -0.398566 181.098 -0.566632 -0.822149 0.0547707 35.4952 0 0 0 1 
Seq_Frame0100_ForcepToReference-SequenceTransformStatus = OK
Seq_Frame0100_Timestamp = 31.019
Seq_Frame0101_ForcepToReference-SequenceTransform =-0.321442 0.245737 -0.914488 108.804 0.71509 -0.57008 -0.404543 187.84 -0.620742 -0.783978 0.00752382 33.6871 0 0 0 1 
Seq_Frame0101_ForcepToReference-SequenceTransformStatus = OK
Seq_Frame0101_Timestamp = 31.129
Seq_Frame0102_ForcepToReference-SequenceTransform =-0.262895 0.301091 -0.916641 128.367 0.713407 -0.578964 -0.39478 191.376 -0.649566 -0.757724 -0.0625938 45.0163 0 0 0 1 
Seq_Frame0102_ForcepToReference-SequenceTransformStatus = OK
Seq_Frame0102_Timestamp = 31.245
Seq_Frame0103_ForcepToReference-SequenceTransform =-0.0516695 0.196529 -0.979136 141.179 0.832398 -0.533223 -0.150953 170.445 -0.551764 -0.82283 -0.136039 64.6866 0 0 0 1 
Seq_Frame0103_ForcepToReference-SequenceTransformStatus = OK
Seq_Frame0103_Timestamp = 32.702
Seq_Frame0104_ForcepToReference-SequenceTransform =-0.110084 0.182229 -0.977074 133.465 0.849375 -0.493286 -0.187697 176.596 -0.516181 -0.850565 -0.100478 62.593 0 0 0 1 
Seq_Frame0104_ForcepToReference-SequenceTransformStatus = OK
Seq_Frame0104_Timestamp = 32.81
Seq_Frame0105_ForcepToReference-SequenceTransform =-0.177939 0.186449 -0.966216 124.589 0.861253 -0.445455 -0.244568 188.726 -0.476006 -0.875675 -0.0813158 65.0708 0 0 0 1 
Seq_Frame0105_ForcepToReference-SequenceTransformStatus = OK
Seq_Frame0105_Timestamp = 32.918
Seq_Frame0106_ForcepToReference-SequenceTransform =-0.234207 0.28242 -0.930261 117.737 0.861385 -0.383355 -0.33325 207.715 -0.450736 -0.879362 -0.153488 70.9037 0 0 0 1 
Seq_Frame0106_ForcepToReference-SequenceTransformStatus = OK
Seq_Frame0106_Timestamp = 33.023
Seq_Frame0107_ForcepToReference-SequenceTransform =-0.293134 0.381513 -0.876653 118.858 0.827711 -0.357648 -0.432414 222.148 -0.478505 -0.852371 -0.210943 74.5206 0 0 0 1 
Seq_Frame0107_ForcepToReference-SequenceTransformStatus = OK
Seq_Frame0107_Timestamp = 33.129
Seq_Frame0108_ForcepToReference-SequenceTransform =-0.299994 0.43878 -0.84704 129.839 0.833729 -0.3109 -0.456331 224.327 -0.463573 -0.843098 -0.272555 87.3309 0 0 0 1 
Seq_Frame0108_ForcepToReference-SequenceTransformStatus = OK
Seq_Frame0108_Timestamp = 33.235
Seq_Frame0109_ForcepToReference-SequenceTransform =-0.331035 0.312056 -0.890526 113.746 0.827226 -0.358083 -0.432982 201.402 -0.453997 -0.879999 -0.139603 48.5416 0 0 0 1 
Seq_Frame0109_ForcepToReference-SequenceTransformStatus = OK
Seq_Frame0109_Timestamp = 36.428
Seq_Frame0110_ForcepToReference-SequenceTransform =-0.312389 0.342134 -0.886204 116.957 0.789896 -0.424679 -0.442394 203.926 -0.52771 -0.838208 -0.137585 41.0048 0 0 0 1 
Seq_Frame0110_ForcepToReference-SequenceTransformStatus = OK
Seq_Frame0110_Timestamp = 36.538
Seq_Frame0111_ForcepToReference-SequenceTransform =-0.287969 0.361252 -0.886888 122.843 0.761241 -0.475545 -0.440873 205.616 -0.581022 -0.802093 -0.138058 42.9687 0 0 0 1 
Seq_Frame0111_ForcepToReference-SequenceTransformStatus = OK
Seq_Frame0111_Timestamp = 36.647
Seq_Frame0112_ForcepToReference-SequenceTransform =-0.274298 0.372538 -0.886553 131.475 0.77286 -0.463187 -0.433757 206.764 -0.57223 -0.80416 -0.160869 53.3773 0 0 0 1 
Seq_Frame0112_ForcepToReference-SequenceTransformStatus = OK
Seq_Frame0112_Timestamp = 36.752
Seq_Frame0113_ForcepToReference-SequenceTransform =-0.26317 0.214069 -0.9407 126.229 0.842891 -0.423338 -0.332144 194.547 -0.469336 -0.880318 -0.0690275 59.2936 0 0 0 1 
Seq_Frame0113_ForcepToReference-SequenceTransformStatus = OK
Seq_Frame0113_Timestamp = 37.533
Seq_Frame0114_ForcepToReference-SequenceTransform =-0.335851 0.201113 -0.920194 116.46 0.83745 -0.383415 -0.389449 201.242 -0.431139 -0.901414 -0.0396516 58.001 0 0 0 1 
Seq_Frame0114_ForcepToReference-SequenceTransformStatus = OK
Seq_Frame0114_Timestamp = 37.635
Seq_Frame0115_ForcepToReference-SequenceTransform =-0.335851 0.201113 -0.920194 116.46 0.83745 -0.383415 -0.389449 201.242 -0.431139 -0.901414 -0.0396516 58.001 0 0 0 1 
Seq_Frame0115_ForcepToReference-SequenceTransformStatus = OK
Seq_Frame0115_Timestamp = 37.744
Seq_Frame0116_ForcepToReference-SequenceTransform =-0.34901 0.259579 -0.90045 102.396 0.848149 -0.321146 -0.421317 209.121 -0.398541 -0.91076 -0.108078 63.9318 0 0 0 1 
Seq_Frame0116_ForcepToReference-SequenceTransformStatus = OK
Seq_Frame0116_Timestamp = 37.848
Seq_Frame0117_ForcepToReference-SequenceTransform =-0.301248 0.298623 -0.905579 99.3583 0.871827 -0.298406 -0.388422 210.085 -0.386222 -0.90652 -0.170453 61.9484 0 0 0 1 
Seq_Frame0117_ForcepToReference-SequenceTransformStatus = OK
Seq_Frame0117_Timestamp = 37.958
Seq_Frame0118_ForcepToReference-SequenceTransform =-0.343867 0.299887 -0.889845 92.8502 0.849691 -0.304022 -0.430808 213.518 -0.399726 -0.904234 -0.150268 59.2089 0 0 0 1 
Seq_Frame0118_ForcepToReference-SequenceTransformStatus = OK
Seq_Frame0118_Timestamp = 38.063
Seq_Frame0119_ForcepToReference-SequenceTransform =0.785267 0.0232294 0.618721 84.1707 0.0289912 0.99682 -0.0742199 220.989 -0.618478 0.0762199 0.782097 48.5045 0 0 0 1 
Seq_Frame0119_ForcepToReference-SequenceTransformStatus = OK
Seq_Frame0119_Timestamp = 38.228
Seq_Frame0120_ForcepToReference-SequenceTransform =0.797531 -0.0310254 0.60248 91.0067 0.0374975 0.999295 0.0018226 227.12 -0.602111 0.0211379 0.798132 49.163 0 0 0 1 
Seq_Frame0120_ForcepToReference-SequenceTransformStatus = OK
Seq_Frame0120_Timestamp = 38.338
Seq_Frame0121_ForcepToReference-SequenceTransform =0.826903 -0.0722005 0.55769 107.354 0.0442825 0.997004 0.0634167 235.528 -0.560598 -0.0277436 0.827623 53.1301 0 0 0 1 
Seq_Frame0121_ForcepToReference-SequenceTransformStatus = OK
Seq_Frame0121_Timestamp = 38.445
Seq_Frame0122_ForcepToReference-SequenceTransform =0.810704 0.12137 0.572738 125.243 -0.124273 0.991657 -0.0342371 197.174 -0.572115 -0.0434197 0.819023 71.388 0 0 0 1 
Seq_Frame0122_ForcepToReference-SequenceTransformStatus = OK
Seq_Frame0122_Timestamp = 40.073
Seq_Frame0123_ForcepToReference-SequenceTransform =0.805938 0.0975963 0.5839 118.176 -0.0962839 0.994794 -0.0333779 200.95 -0.584118 -0.0293197 0.811139 70.5211 0 0 0 1 
Seq_Frame0123_ForcepToReference-SequenceTransformStatus = OK
Seq_Frame0123_Timestamp = 40.184
Seq_Frame0124_ForcepToReference-SequenceTransform =0.8017 0.0876712 0.591263 114.139 -0.0771192 0.996089 -0.0431311 201.157 -0.592731 -0.0110195 0.805325 69.5485 0 0 0 1 
Seq_Frame0124_ForcepToReference-SequenceTransformStatus = OK
Seq_Frame0124_Timestamp = 40.288
Seq_Frame0125_ForcepToReference-SequenceTransform =0.80501 0.0778023 0.588137 110.359 -0.0641527 0.996966 -0.0440759 201.758 -0.589782 -0.00224907 0.807559 69.959 0 0 0 1 
Seq_Frame0125_ForcepToReference-SequenceTransformStatus = OK
Seq_Frame0125_Timestamp = 40.393
Seq_Frame0126_ForcepToReference-SequenceTransform =0.803498 0.073138 0.590797 109.525 -0.0467091 0.99711 -0.0599121 200.28 -0.593472 0.0205437 0.804592 72.5819 0 0 0 1 
Seq_Frame0126_ForcepToReference-SequenceTransformStatus = OK
Seq_Frame0126_Timestamp = 40.495
Seq_Frame0127_ForcepToReference-SequenceTransform =0.805579 0.0702246 0.588313 109.644 -0.0346258 0.996834 -0.0715749 199.308 -0.591476 0.0372884 0.80546 73.0368 0 0 0 1 
Seq_Frame0127_ForcepToReference-SequenceTransformStatus = OK
Seq_Frame0127_Timestamp = 40.608
Seq_Frame0128_ForcepToReference-SequenceTransform =0.8038 0.0534008 0.592497 109.695 -0.0153427 0.997493 -0.069088 198.288 -0.594701 0.0464425 0.802604 74.0817 0 0 0 1 
Seq_Frame0128_ForcepToReference-SequenceTransformStatus = OK
Seq_Frame0128_Timestamp = 40.709
Seq_Frame0129_ForcepToReference-SequenceTransform =0.802226 0.04246 0.595509 108.793 -0.00317008 0.997757 -0.0668699 198.615 -0.597012 0.051757 0.800561 72.99 0 0 0 1 
Seq_Frame0129_ForcepToReference-SequenceTransformStatus = OK
Seq_Frame0129_Timestamp = 40.818
Seq_Frame0130_ForcepToReference-SequenceTransform =0.220758 -0.545074 -0.808802 42.1511 -0.171612 0.794615 -0.582354 242.236 0.960112 0.267359 0.0818764 115.109 0 0 0 1 
Seq_Frame0130_ForcepToReference-SequenceTransformStatus = OK
Seq_Frame0130_Timestamp = 87.338
Seq_Frame0131_ForcepToReference-SequenceTransform =0.139972 -0.587165 -0.797274 38.7207 -0.257142 0.756018 -0.601926 243.498 0.956183 0.289265 -0.0451633 113.486 0 0 0 1 
Seq_Frame0131_ForcepToReference-SequenceTransformStatus = OK
Seq_Frame0131_Timestamp = 87.522
Seq_Frame0132_ForcepToReference-SequenceTransform =-0.677188 0.625921 -0.386832 70.2869 0.0199203 -0.509934 -0.859983 194.6 -0.73554 -0.590076 0.332853 -33.228 0 0 0 1 
Seq_Frame0132_ForcepToReference-SequenceTransformStatus = OK
Seq_Frame0132_Timestamp = 87.688
Seq_Frame0133_ForcepToReference-SequenceTransform =-0.668047 0.640079 -0.379489 71.4793 0.00150675 -0.508819 -0.860872 195.086 -0.744118 -0.575675 0.338951 -33.0274 0 0 0 1 
Seq_Frame0133_ForcepToReference-SequenceTransformStatus = OK
Seq_Frame0133_Timestamp = 87.873
Seq_Frame0134_ForcepToReference-SequenceTransform =-0.487134 0.867763 0.0984235 56.3357 -0.224389 -0.0154485 -0.974377 299.459 -0.844008 -0.496737 0.202242 -21.6313 0 0 0 1 
Seq_Frame0134_ForcepToReference-SequenceTransformStatus = OK
Seq_Frame0134_Timestamp = 88.558
Seq_Frame0135_ForcepToReference-SequenceTransform =-0.467004 0.878681 0.0991312 56.0572 -0.260716 -0.0297011 -0.964959 299.354 -0.844947 -0.476484 0.242957 -22.779 0 0 0 1 
Seq_Frame0135_ForcepToReference-SequenceTransformStatus = OK
Seq_Frame0135_Timestamp = 88.663
Seq_Frame0136_ForcepToReference-SequenceTransform =-0.422459 0.901175 0.0970112 57.2628 -0.256935 -0.016427 -0.966289 298.278 -0.869202 -0.433143 0.238483 -21.6868 0 0 0 1 
Seq_Frame0136_ForcepToReference-SequenceTransformStatus = OK
Seq_Frame0136_Timestamp = 88.768
Seq_Frame0137_ForcepToReference-SequenceTransform =-0.301484 0.944784 0.128413 57.1147 -0.256534 0.0493369 -0.965275 296.481 -0.918312 -0.323958 0.227495 -22.4042 0 0 0 1 
Seq_Frame0137_ForcepToReference-SequenceTransformStatus = OK
Seq_Frame0137_Timestamp = 88.873
Seq_Frame0138_ForcepToReference-SequenceTransform =-0.285235 0.950227 0.125336 57.1994 -0.259778 0.0492279 -0.964413 295.018 -0.922581 -0.307644 0.232807 -22.0288 0 0 0 1 
Seq_Frame0138_ForcepToReference-SequenceTransformStatus = OK
Seq_Frame0138_Timestamp = 88.983
Seq_Frame0139_ForcepToReference-SequenceTransform =-0.575111 0.764085 -0.292271 77.8567 -0.0180028 -0.369001 -0.929255 273.629 -0.817877 -0.529163 0.225972 -16.0021 0 0 0 1 
Seq_Frame0139_ForcepToReference-SequenceTransformStatus = OK
Seq_Frame0139_Timestamp = 89.288
Seq_Frame0140_ForcepToReference-SequenceTransform =0.794208 -0.577493 0.189039 78.0334 0.11129 0.444078 0.88905 246.229 -0.597367 -0.685052 0.41696 -38.354 0 0 0 1 
Seq_Frame0140_ForcepToReference-SequenceTransformStatus = OK
Seq_Frame0140_Timestamp = 89.413
Seq_Frame0141_ForcepToReference-SequenceTransform =0.753792 -0.499933 0.426456 77.6814 -0.077274 0.577041 0.813051 230.6 -0.652553 -0.645826 0.396337 -57.5152 0 0 0 1 
Seq_Frame0141_ForcepToReference-SequenceTransformStatus = OK
Seq_Frame0141_Timestamp = 89.529
Seq_Frame0142_ForcepToReference-SequenceTransform =0.63685 -0.525577 0.564085 56.1134 -0.0898378 0.676068 0.731342 221.475 -0.765736 -0.516431 0.383337 -63.2132 0 0 0 1 
Seq_Frame0142_ForcepToReference-SequenceTransformStatus = OK
Seq_Frame0142_Timestamp = 89.643
Seq_Frame0143_ForcepToReference-SequenceTransform =0.587828 -0.498708 0.636984 54.2612 -0.0864014 0.744179 0.662368 216.972 -0.804359 -0.444395 0.39436 -58.1309 0 0 0 1 
Seq_Frame0143_ForcepToReference-SequenceTransformStatus = OK
Seq_Frame0143_Timestamp = 89.752
Seq_Frame0144_ForcepToReference-SequenceTransform =0.587828 -0.498708 0.636984 54.2612 -0.0864014 0.744179 0.662368 216.972 -0.804359 -0.444395 0.39436 -58.1309 0 0 0 1 
Seq_Frame0144_ForcepToReference-SequenceTransformStatus = OK
Seq_Frame0144_Timestamp = 89.858
Seq_Frame0145_ForcepToReference-SequenceTransform =0.663232 0.518083 -0.540105 55.2305 -0.329724 -0.445584 -0.832308 225.342 -0.671867 0.730099 -0.124701 150.769 0 0 0 1 
Seq_Frame0145_ForcepToReference-SequenceTransformStatus = OK
Seq_Frame0145_Timestamp = 89.968
Seq_Frame0146_ForcepToReference-SequenceTransform =0.663232 0.518083 -0.540105 55.2305 -0.329724 -0.445584 -0.832308 225.342 -0.671867 0.730099 -0.124701 150.769 0 0 0 1 
Seq_Frame0146_ForcepToReference-SequenceTransformStatus = OK
Seq_Frame0146_Timestamp = 90.073
Seq_Frame0147_ForcepToReference-SequenceTransform =0.860192 0.489507 -0.143013 44.5919 0.0441053 0.207973 0.97714 224.91 0.50806 -0.846835 0.157307 144.799 0 0 0 1 
Seq_Frame0147_ForcepToReference-SequenceTransformStatus = OK
Seq_Frame0147_Timestamp = 90.363
Seq_Frame0148_ForcepToReference-SequenceTransform =0.872982 0.463471 -0.151977 48.6075 0.0864711 0.15959 0.983389 223.812 0.480027 -0.871622 0.099242 149.46 0 0 0 1 
Seq_Frame0148_ForcepToReference-SequenceTransformStatus = OK
Seq_Frame0148_Timestamp = 90.533
Seq_Frame0149_ForcepToReference-SequenceTransform =0.828054 0.522852 -0.202365 47.8246 0.122991 0.182749 0.975436 225.171 0.546991 -0.832603 0.0870201 150.104 0 0 0 1 
Seq_Frame0149_ForcepToReference-SequenceTransformStatus = OK
Seq_Frame0149_Timestamp = 90.638
