ObjectType = Image
NDims = 3
AnatomicalOrientation = RAI
BinaryData = True
CompressedData = False
DimSize = 0 0 1745
ElementSpacing = 1 1 1
Offset = 0 0 0
TransformMatrix = 1 0 0 0 1 0 0 0 1
ElementType = MET_UCHAR
Kinds = domain domain list
Seq_Frame0000_DriverToReference-SequenceTransform =-0.929283 0.185101 -0.31964 86.8012 0.00316923 0.869336 0.494212 24.3955 0.369354 0.45825 -0.808446 28.3057 0 0 0 1 
Seq_Frame0000_DriverToReference-SequenceTransformStatus = OK
Seq_Frame0000_Timestamp = 0.00199986
Seq_Frame0001_DriverToReference-SequenceTransform =-0.929283 0.185101 -0.31964 86.8012 0.00316923 0.869336 0.494212 24.3955 0.369354 0.45825 -0.808446 28.3057 0 0 0 1 
Seq_Frame0001_DriverToReference-SequenceTransformStatus = OK
Seq_Frame0001_Timestamp = 0.108
Seq_Frame0002_DriverToReference-SequenceTransform =-0.929283 0.185101 -0.31964 86.8012 0.00316923 0.869336 0.494212 24.3955 0.369354 0.45825 -0.808446 28.3057 0 0 0 1 
Seq_Frame0002_DriverToReference-SequenceTransformStatus = OK
Seq_Frame0002_Timestamp = 0.213
Seq_Frame0003_DriverToReference-SequenceTransform =-0.929283 0.185101 -0.31964 86.8012 0.00316923 0.869336 0.494212 24.3955 0.369354 0.45825 -0.808446 28.3057 0 0 0 1 
Seq_Frame0003_DriverToReference-SequenceTransformStatus = OK
Seq_Frame0003_Timestamp = 0.313
Seq_Frame0004_DriverToReference-SequenceTransform =-0.929283 0.185101 -0.31964 86.8012 0.00316923 0.869336 0.494212 24.3955 0.369354 0.45825 -0.808446 28.3057 0 0 0 1 
Seq_Frame0004_DriverToReference-SequenceTransformStatus = OK
Seq_Frame0004_Timestamp = 0.422
Seq_Frame0005_DriverToReference-SequenceTransform =-0.929283 0.185101 -0.31964 86.8012 0.00316923 0.869336 0.494212 24.3955 0.369354 0.45825 -0.808446 28.3057 0 0 0 1 
Seq_Frame0005_DriverToReference-SequenceTransformStatus = OK
Seq_Frame0005_Timestamp = 0.532
Seq_Frame0006_DriverToReference-SequenceTransform =-0.929283 0.185101 -0.31964 86.8012 0.00316923 0.869336 0.494212 24.3955 0.369354 0.45825 -0.808446 28.3057 0 0 0 1 
Seq_Frame0006_DriverToReference-SequenceTransformStatus = OK
Seq_Frame0006_Timestamp = 0.632
Seq_Frame0007_DriverToReference-SequenceTransform =-0.929283 0.185101 -0.31964 86.8012 0.00316923 0.869336 0.494212 24.3955 0.369354 0.45825 -0.808446 28.3057 0 0 0 1 
Seq_Frame0007_DriverToReference-SequenceTransformStatus = OK
Seq_Frame0007_Timestamp = 0.733
Seq_Frame0008_DriverToReference-SequenceTransform =-0.929283 0.185101 -0.31964 86.8012 0.00316923 0.869336 0.494212 24.3955 0.369354 0.45825 -0.808446 28.3057 0 0 0 1 
Seq_Frame0008_DriverToReference-SequenceTransformStatus = OK
Seq_Frame0008_Timestamp = 0.838
Seq_Frame0009_DriverToReference-SequenceTransform =-0.929283 0.185101 -0.31964 86.8012 0.00316923 0.869336 0.494212 24.3955 0.369354 0.45825 -0.808446 28.3057 0 0 0 1 
Seq_Frame0009_DriverToReference-SequenceTransformStatus = OK
Seq_Frame0009_Timestamp = 0.943
Seq_Frame0010_DriverToReference-SequenceTransform =-0.929283 0.185101 -0.31964 86.8012 0.00316923 0.869336 0.494212 24.3955 0.369354 0.45825 -0.808446 28.3057 0 0 0 1 
Seq_Frame0010_DriverToReference-SequenceTransformStatus = OK
Seq_Frame0010_Timestamp = 1.043
Seq_Frame0011_DriverToReference-SequenceTransform =-0.929283 0.185101 -0.31964 86.8012 0.00316923 0.869336 0.494212 24.3955 0.369354 0.45825 -0.808446 28.3057 0 0 0 1 
Seq_Frame0011_DriverToReference-SequenceTransformStatus = OK
Seq_Frame0011_Timestamp = 1.147
Seq_Frame0012_DriverToReference-SequenceTransform =-0.929283 0.185101 -0.31964 86.8012 0.00316923 0.869336 0.494212 24.3955 0.369354 0.45825 -0.808446 28.3057 0 0 0 1 
Seq_Frame0012_DriverToReference-SequenceTransformStatus = OK
Seq_Frame0012_Timestamp = 1.247
Seq_Frame0013_DriverToReference-SequenceTransform =-0.929283 0.185101 -0.31964 86.8012 0.00316923 0.869336 0.494212 24.3955 0.369354 0.45825 -0.808446 28.3057 0 0 0 1 
Seq_Frame0013_DriverToReference-SequenceTransformStatus = OK
Seq_Frame0013_Timestamp = 1.422
Seq_Frame0014_DriverToReference-SequenceTransform =-0.929283 0.185101 -0.31964 86.8012 0.00316923 0.869336 0.494212 24.3955 0.369354 0.45825 -0.808446 28.3057 0 0 0 1 
Seq_Frame0014_DriverToReference-SequenceTransformStatus = OK
Seq_Frame0014_Timestamp = 1.532
Seq_Frame0015_DriverToReference-SequenceTransform =-0.929283 0.185101 -0.31964 86.8012 0.00316923 0.869336 0.494212 24.3955 0.369354 0.45825 -0.808446 28.3057 0 0 0 1 
Seq_Frame0015_DriverToReference-SequenceTransformStatus = OK
Seq_Frame0015_Timestamp = 1.632
Seq_Frame0016_DriverToReference-SequenceTransform =-0.929283 0.185101 -0.31964 86.8012 0.00316923 0.869336 0.494212 24.3955 0.369354 0.45825 -0.808446 28.3057 0 0 0 1 
Seq_Frame0016_DriverToReference-SequenceTransformStatus = OK
Seq_Frame0016_Timestamp = 1.733
Seq_Frame0017_DriverToReference-SequenceTransform =-0.929283 0.185101 -0.31964 86.8012 0.00316923 0.869336 0.494212 24.3955 0.369354 0.45825 -0.808446 28.3057 0 0 0 1 
Seq_Frame0017_DriverToReference-SequenceTransformStatus = OK
Seq_Frame0017_Timestamp = 1.835
Seq_Frame0018_DriverToReference-SequenceTransform =-0.929283 0.185101 -0.31964 86.8012 0.00316923 0.869336 0.494212 24.3955 0.369354 0.45825 -0.808446 28.3057 0 0 0 1 
Seq_Frame0018_DriverToReference-SequenceTransformStatus = OK
Seq_Frame0018_Timestamp = 1.943
Seq_Frame0019_DriverToReference-SequenceTransform =-0.929283 0.185101 -0.31964 86.8012 0.00316923 0.869336 0.494212 24.3955 0.369354 0.45825 -0.808446 28.3057 0 0 0 1 
Seq_Frame0019_DriverToReference-SequenceTransformStatus = OK
Seq_Frame0019_Timestamp = 2.047
Seq_Frame0020_DriverToReference-SequenceTransform =-0.929283 0.185101 -0.31964 86.8012 0.00316923 0.869336 0.494212 24.3955 0.369354 0.45825 -0.808446 28.3057 0 0 0 1 
Seq_Frame0020_DriverToReference-SequenceTransformStatus = OK
Seq_Frame0020_Timestamp = 2.148
Seq_Frame0021_DriverToReference-SequenceTransform =-0.929283 0.185101 -0.31964 86.8012 0.00316923 0.869336 0.494212 24.3955 0.369354 0.45825 -0.808446 28.3057 0 0 0 1 
Seq_Frame0021_DriverToReference-SequenceTransformStatus = OK
Seq_Frame0021_Timestamp = 2.257
Seq_Frame0022_DriverToReference-SequenceTransform =-0.929283 0.185101 -0.31964 86.8012 0.00316923 0.869336 0.494212 24.3955 0.369354 0.45825 -0.808446 28.3057 0 0 0 1 
Seq_Frame0022_DriverToReference-SequenceTransformStatus = OK
Seq_Frame0022_Timestamp = 2.369
Seq_Frame0023_DriverToReference-SequenceTransform =-0.929283 0.185101 -0.31964 86.8012 0.00316923 0.869336 0.494212 24.3955 0.369354 0.45825 -0.808446 28.3057 0 0 0 1 
Seq_Frame0023_DriverToReference-SequenceTransformStatus = OK
Seq_Frame0023_Timestamp = 2.47
Seq_Frame0024_DriverToReference-SequenceTransform =-0.929283 0.185101 -0.31964 86.8012 0.00316923 0.869336 0.494212 24.3955 0.369354 0.45825 -0.808446 28.3057 0 0 0 1 
Seq_Frame0024_DriverToReference-SequenceTransformStatus = OK
Seq_Frame0024_Timestamp = 2.588
Seq_Frame0025_DriverToReference-SequenceTransform =-0.929283 0.185101 -0.31964 86.8012 0.00316923 0.869336 0.494212 24.3955 0.369354 0.45825 -0.808446 28.3057 0 0 0 1 
Seq_Frame0025_DriverToReference-SequenceTransformStatus = OK
Seq_Frame0025_Timestamp = 2.688
Seq_Frame0026_DriverToReference-SequenceTransform =-0.929283 0.185101 -0.31964 86.8012 0.00316923 0.869336 0.494212 24.3955 0.369354 0.45825 -0.808446 28.3057 0 0 0 1 
Seq_Frame0026_DriverToReference-SequenceTransformStatus = OK
Seq_Frame0026_Timestamp = 2.797
Seq_Frame0027_DriverToReference-SequenceTransform =-0.929283 0.185101 -0.31964 86.8012 0.00316923 0.869336 0.494212 24.3955 0.369354 0.45825 -0.808446 28.3057 0 0 0 1 
Seq_Frame0027_DriverToReference-SequenceTransformStatus = OK
Seq_Frame0027_Timestamp = 2.902
Seq_Frame0028_DriverToReference-SequenceTransform =-0.929283 0.185101 -0.31964 86.8012 0.00316923 0.869336 0.494212 24.3955 0.369354 0.45825 -0.808446 28.3057 0 0 0 1 
Seq_Frame0028_DriverToReference-SequenceTransformStatus = OK
Seq_Frame0028_Timestamp = 3.003
Seq_Frame0029_DriverToReference-SequenceTransform =-0.929283 0.185101 -0.31964 86.8012 0.00316923 0.869336 0.494212 24.3955 0.369354 0.45825 -0.808446 28.3057 0 0 0 1 
Seq_Frame0029_DriverToReference-SequenceTransformStatus = OK
Seq_Frame0029_Timestamp = 3.108
Seq_Frame0030_DriverToReference-SequenceTransform =-0.929283 0.185101 -0.31964 86.8012 0.00316923 0.869336 0.494212 24.3955 0.369354 0.45825 -0.808446 28.3057 0 0 0 1 
Seq_Frame0030_DriverToReference-SequenceTransformStatus = OK
Seq_Frame0030_Timestamp = 3.217
Seq_Frame0031_DriverToReference-SequenceTransform =-0.929283 0.185101 -0.31964 86.8012 0.00316923 0.869336 0.494212 24.3955 0.369354 0.45825 -0.808446 28.3057 0 0 0 1 
Seq_Frame0031_DriverToReference-SequenceTransformStatus = OK
Seq_Frame0031_Timestamp = 3.322
Seq_Frame0032_DriverToReference-SequenceTransform =-0.929283 0.185101 -0.31964 86.8012 0.00316923 0.869336 0.494212 24.3955 0.369354 0.45825 -0.808446 28.3057 0 0 0 1 
Seq_Frame0032_DriverToReference-SequenceTransformStatus = OK
Seq_Frame0032_Timestamp = 3.427
Seq_Frame0033_DriverToReference-SequenceTransform =-0.929283 0.185101 -0.31964 86.8012 0.00316923 0.869336 0.494212 24.3955 0.369354 0.45825 -0.808446 28.3057 0 0 0 1 
Seq_Frame0033_DriverToReference-SequenceTransformStatus = OK
Seq_Frame0033_Timestamp = 3.528
Seq_Frame0034_DriverToReference-SequenceTransform =-0.929283 0.185101 -0.31964 86.8012 0.00316923 0.869336 0.494212 24.3955 0.369354 0.45825 -0.808446 28.3057 0 0 0 1 
Seq_Frame0034_DriverToReference-SequenceTransformStatus = OK
Seq_Frame0034_Timestamp = 3.632
Seq_Frame0035_DriverToReference-SequenceTransform =-0.929283 0.185101 -0.31964 86.8012 0.00316923 0.869336 0.494212 24.3955 0.369354 0.45825 -0.808446 28.3057 0 0 0 1 
Seq_Frame0035_DriverToReference-SequenceTransformStatus = OK
Seq_Frame0035_Timestamp = 3.742
Seq_Frame0036_DriverToReference-SequenceTransform =-0.929283 0.185101 -0.31964 86.8012 0.00316923 0.869336 0.494212 24.3955 0.369354 0.45825 -0.808446 28.3057 0 0 0 1 
Seq_Frame0036_DriverToReference-SequenceTransformStatus = OK
Seq_Frame0036_Timestamp = 3.851
Seq_Frame0037_DriverToReference-SequenceTransform =-0.929283 0.185101 -0.31964 86.8012 0.00316923 0.869336 0.494212 24.3955 0.369354 0.45825 -0.808446 28.3057 0 0 0 1 
Seq_Frame0037_DriverToReference-SequenceTransformStatus = OK
Seq_Frame0037_Timestamp = 3.957
Seq_Frame0038_DriverToReference-SequenceTransform =-0.929283 0.185101 -0.31964 86.8012 0.00316923 0.869336 0.494212 24.3955 0.369354 0.45825 -0.808446 28.3057 0 0 0 1 
Seq_Frame0038_DriverToReference-SequenceTransformStatus = OK
Seq_Frame0038_Timestamp = 4.069
Seq_Frame0039_DriverToReference-SequenceTransform =-0.929283 0.185101 -0.31964 86.8012 0.00316923 0.869336 0.494212 24.3955 0.369354 0.45825 -0.808446 28.3057 0 0 0 1 
Seq_Frame0039_DriverToReference-SequenceTransformStatus = OK
Seq_Frame0039_Timestamp = 4.173
Seq_Frame0040_DriverToReference-SequenceTransform =-0.929283 0.185101 -0.31964 86.8012 0.00316923 0.869336 0.494212 24.3955 0.369354 0.45825 -0.808446 28.3057 0 0 0 1 
Seq_Frame0040_DriverToReference-SequenceTransformStatus = OK
Seq_Frame0040_Timestamp = 4.273
Seq_Frame0041_DriverToReference-SequenceTransform =0.789423 -0.378762 -0.483065 -54.7753 -0.398376 0.282595 -0.872603 202.971 0.46702 0.881294 0.0721972 164.7 0 0 0 1 
Seq_Frame0041_DriverToReference-SequenceTransformStatus = OK
Seq_Frame0041_Timestamp = 4.383
Seq_Frame0042_DriverToReference-SequenceTransform =0.789423 -0.378762 -0.483065 -54.7753 -0.398376 0.282595 -0.872603 202.971 0.46702 0.881294 0.0721972 164.7 0 0 0 1 
Seq_Frame0042_DriverToReference-SequenceTransformStatus = OK
Seq_Frame0042_Timestamp = 4.483
Seq_Frame0043_DriverToReference-SequenceTransform =0.789423 -0.378762 -0.483065 -54.7753 -0.398376 0.282595 -0.872603 202.971 0.46702 0.881294 0.0721972 164.7 0 0 0 1 
Seq_Frame0043_DriverToReference-SequenceTransformStatus = OK
Seq_Frame0043_Timestamp = 4.588
Seq_Frame0044_DriverToReference-SequenceTransform =0.789423 -0.378762 -0.483065 -54.7753 -0.398376 0.282595 -0.872603 202.971 0.46702 0.881294 0.0721972 164.7 0 0 0 1 
Seq_Frame0044_DriverToReference-SequenceTransformStatus = OK
Seq_Frame0044_Timestamp = 4.688
Seq_Frame0045_DriverToReference-SequenceTransform =0.789423 -0.378762 -0.483065 -54.7753 -0.398376 0.282595 -0.872603 202.971 0.46702 0.881294 0.0721972 164.7 0 0 0 1 
Seq_Frame0045_DriverToReference-SequenceTransformStatus = OK
Seq_Frame0045_Timestamp = 4.792
Seq_Frame0046_DriverToReference-SequenceTransform =0.789423 -0.378762 -0.483065 -54.7753 -0.398376 0.282595 -0.872603 202.971 0.46702 0.881294 0.0721972 164.7 0 0 0 1 
Seq_Frame0046_DriverToReference-SequenceTransformStatus = OK
Seq_Frame0046_Timestamp = 4.892
Seq_Frame0047_DriverToReference-SequenceTransform =0.789423 -0.378762 -0.483065 -54.7753 -0.398376 0.282595 -0.872603 202.971 0.46702 0.881294 0.0721972 164.7 0 0 0 1 
Seq_Frame0047_DriverToReference-SequenceTransformStatus = OK
Seq_Frame0047_Timestamp = 4.997
Seq_Frame0048_DriverToReference-SequenceTransform =0.789423 -0.378762 -0.483065 -54.7753 -0.398376 0.282595 -0.872603 202.971 0.46702 0.881294 0.0721972 164.7 0 0 0 1 
Seq_Frame0048_DriverToReference-SequenceTransformStatus = OK
Seq_Frame0048_Timestamp = 5.107
Seq_Frame0049_DriverToReference-SequenceTransform =0.789423 -0.378762 -0.483065 -54.7753 -0.398376 0.282595 -0.872603 202.971 0.46702 0.881294 0.0721972 164.7 0 0 0 1 
Seq_Frame0049_DriverToReference-SequenceTransformStatus = OK
Seq_Frame0049_Timestamp = 5.21
Seq_Frame0050_DriverToReference-SequenceTransform =0.789423 -0.378762 -0.483065 -54.7753 -0.398376 0.282595 -0.872603 202.971 0.46702 0.881294 0.0721972 164.7 0 0 0 1 
Seq_Frame0050_DriverToReference-SequenceTransformStatus = OK
Seq_Frame0050_Timestamp = 5.312
Seq_Frame0051_DriverToReference-SequenceTransform =0.789423 -0.378762 -0.483065 -54.7753 -0.398376 0.282595 -0.872603 202.971 0.46702 0.881294 0.0721972 164.7 0 0 0 1 
Seq_Frame0051_DriverToReference-SequenceTransformStatus = OK
Seq_Frame0051_Timestamp = 5.413
Seq_Frame0052_DriverToReference-SequenceTransform =0.789423 -0.378762 -0.483065 -54.7753 -0.398376 0.282595 -0.872603 202.971 0.46702 0.881294 0.0721972 164.7 0 0 0 1 
Seq_Frame0052_DriverToReference-SequenceTransformStatus = OK
Seq_Frame0052_Timestamp = 5.513
Seq_Frame0053_DriverToReference-SequenceTransform =0.789423 -0.378762 -0.483065 -54.7753 -0.398376 0.282595 -0.872603 202.971 0.46702 0.881294 0.0721972 164.7 0 0 0 1 
Seq_Frame0053_DriverToReference-SequenceTransformStatus = OK
Seq_Frame0053_Timestamp = 5.622
Seq_Frame0054_DriverToReference-SequenceTransform =0.789423 -0.378762 -0.483065 -54.7753 -0.398376 0.282595 -0.872603 202.971 0.46702 0.881294 0.0721972 164.7 0 0 0 1 
Seq_Frame0054_DriverToReference-SequenceTransformStatus = OK
Seq_Frame0054_Timestamp = 5.734
Seq_Frame0055_DriverToReference-SequenceTransform =0.789423 -0.378762 -0.483065 -54.7753 -0.398376 0.282595 -0.872603 202.971 0.46702 0.881294 0.0721972 164.7 0 0 0 1 
Seq_Frame0055_DriverToReference-SequenceTransformStatus = OK
Seq_Frame0055_Timestamp = 5.837
Seq_Frame0056_DriverToReference-SequenceTransform =0.789423 -0.378762 -0.483065 -54.7753 -0.398376 0.282595 -0.872603 202.971 0.46702 0.881294 0.0721972 164.7 0 0 0 1 
Seq_Frame0056_DriverToReference-SequenceTransformStatus = OK
Seq_Frame0056_Timestamp = 5.937
Seq_Frame0057_DriverToReference-SequenceTransform =0.789423 -0.378762 -0.483065 -54.7753 -0.398376 0.282595 -0.872603 202.971 0.46702 0.881294 0.0721972 164.7 0 0 0 1 
Seq_Frame0057_DriverToReference-SequenceTransformStatus = OK
Seq_Frame0057_Timestamp = 6.042
Seq_Frame0058_DriverToReference-SequenceTransform =0.789423 -0.378762 -0.483065 -54.7753 -0.398376 0.282595 -0.872603 202.971 0.46702 0.881294 0.0721972 164.7 0 0 0 1 
Seq_Frame0058_DriverToReference-SequenceTransformStatus = OK
Seq_Frame0058_Timestamp = 6.142
Seq_Frame0059_DriverToReference-SequenceTransform =0.789423 -0.378762 -0.483065 -54.7753 -0.398376 0.282595 -0.872603 202.971 0.46702 0.881294 0.0721972 164.7 0 0 0 1 
Seq_Frame0059_DriverToReference-SequenceTransformStatus = OK
Seq_Frame0059_Timestamp = 6.247
Seq_Frame0060_DriverToReference-SequenceTransform =0.789423 -0.378762 -0.483065 -54.7753 -0.398376 0.282595 -0.872603 202.971 0.46702 0.881294 0.0721972 164.7 0 0 0 1 
Seq_Frame0060_DriverToReference-SequenceTransformStatus = OK
Seq_Frame0060_Timestamp = 6.348
Seq_Frame0061_DriverToReference-SequenceTransform =0.789423 -0.378762 -0.483065 -54.7753 -0.398376 0.282595 -0.872603 202.971 0.46702 0.881294 0.0721972 164.7 0 0 0 1 
Seq_Frame0061_DriverToReference-SequenceTransformStatus = OK
Seq_Frame0061_Timestamp = 6.459
Seq_Frame0062_DriverToReference-SequenceTransform =0.789423 -0.378762 -0.483065 -54.7753 -0.398376 0.282595 -0.872603 202.971 0.46702 0.881294 0.0721972 164.7 0 0 0 1 
Seq_Frame0062_DriverToReference-SequenceTransformStatus = OK
Seq_Frame0062_Timestamp = 6.568
Seq_Frame0063_DriverToReference-SequenceTransform =0.789423 -0.378762 -0.483065 -54.7753 -0.398376 0.282595 -0.872603 202.971 0.46702 0.881294 0.0721972 164.7 0 0 0 1 
Seq_Frame0063_DriverToReference-SequenceTransformStatus = OK
Seq_Frame0063_Timestamp = 6.668
Seq_Frame0064_DriverToReference-SequenceTransform =0.789423 -0.378762 -0.483065 -54.7753 -0.398376 0.282595 -0.872603 202.971 0.46702 0.881294 0.0721972 164.7 0 0 0 1 
Seq_Frame0064_DriverToReference-SequenceTransformStatus = OK
Seq_Frame0064_Timestamp = 6.773
Seq_Frame0065_DriverToReference-SequenceTransform =0.789423 -0.378762 -0.483065 -54.7753 -0.398376 0.282595 -0.872603 202.971 0.46702 0.881294 0.0721972 164.7 0 0 0 1 
Seq_Frame0065_DriverToReference-SequenceTransformStatus = OK
Seq_Frame0065_Timestamp = 6.882
Seq_Frame0066_DriverToReference-SequenceTransform =0.789423 -0.378762 -0.483065 -54.7753 -0.398376 0.282595 -0.872603 202.971 0.46702 0.881294 0.0721972 164.7 0 0 0 1 
Seq_Frame0066_DriverToReference-SequenceTransformStatus = OK
Seq_Frame0066_Timestamp = 6.987
Seq_Frame0067_DriverToReference-SequenceTransform =0.789423 -0.378762 -0.483065 -54.7753 -0.398376 0.282595 -0.872603 202.971 0.46702 0.881294 0.0721972 164.7 0 0 0 1 
Seq_Frame0067_DriverToReference-SequenceTransformStatus = OK
Seq_Frame0067_Timestamp = 7.092
Seq_Frame0068_DriverToReference-SequenceTransform =0.789423 -0.378762 -0.483065 -54.7753 -0.398376 0.282595 -0.872603 202.971 0.46702 0.881294 0.0721972 164.7 0 0 0 1 
Seq_Frame0068_DriverToReference-SequenceTransformStatus = OK
Seq_Frame0068_Timestamp = 7.198
Seq_Frame0069_DriverToReference-SequenceTransform =0.789423 -0.378762 -0.483065 -54.7753 -0.398376 0.282595 -0.872603 202.971 0.46702 0.881294 0.0721972 164.7 0 0 0 1 
Seq_Frame0069_DriverToReference-SequenceTransformStatus = OK
Seq_Frame0069_Timestamp = 7.301
Seq_Frame0070_DriverToReference-SequenceTransform =0.789423 -0.378762 -0.483065 -54.7753 -0.398376 0.282595 -0.872603 202.971 0.46702 0.881294 0.0721972 164.7 0 0 0 1 
Seq_Frame0070_DriverToReference-SequenceTransformStatus = OK
Seq_Frame0070_Timestamp = 7.403
Seq_Frame0071_DriverToReference-SequenceTransform =0.789423 -0.378762 -0.483065 -54.7753 -0.398376 0.282595 -0.872603 202.971 0.46702 0.881294 0.0721972 164.7 0 0 0 1 
Seq_Frame0071_DriverToReference-SequenceTransformStatus = OK
Seq_Frame0071_Timestamp = 7.503
Seq_Frame0072_DriverToReference-SequenceTransform =0.789423 -0.378762 -0.483065 -54.7753 -0.398376 0.282595 -0.872603 202.971 0.46702 0.881294 0.0721972 164.7 0 0 0 1 
Seq_Frame0072_DriverToReference-SequenceTransformStatus = OK
Seq_Frame0072_Timestamp = 7.614
Seq_Frame0073_DriverToReference-SequenceTransform =0.789423 -0.378762 -0.483065 -54.7753 -0.398376 0.282595 -0.872603 202.971 0.46702 0.881294 0.0721972 164.7 0 0 0 1 
Seq_Frame0073_DriverToReference-SequenceTransformStatus = OK
Seq_Frame0073_Timestamp = 7.726
Seq_Frame0074_DriverToReference-SequenceTransform =0.789423 -0.378762 -0.483065 -54.7753 -0.398376 0.282595 -0.872603 202.971 0.46702 0.881294 0.0721972 164.7 0 0 0 1 
Seq_Frame0074_DriverToReference-SequenceTransformStatus = OK
Seq_Frame0074_Timestamp = 7.832
Seq_Frame0075_DriverToReference-SequenceTransform =0.789423 -0.378762 -0.483065 -54.7753 -0.398376 0.282595 -0.872603 202.971 0.46702 0.881294 0.0721972 164.7 0 0 0 1 
Seq_Frame0075_DriverToReference-SequenceTransformStatus = OK
Seq_Frame0075_Timestamp = 7.938
Seq_Frame0076_DriverToReference-SequenceTransform =0.789423 -0.378762 -0.483065 -54.7753 -0.398376 0.282595 -0.872603 202.971 0.46702 0.881294 0.0721972 164.7 0 0 0 1 
Seq_Frame0076_DriverToReference-SequenceTransformStatus = OK
Seq_Frame0076_Timestamp = 8.052
Seq_Frame0077_DriverToReference-SequenceTransform =0.789423 -0.378762 -0.483065 -54.7753 -0.398376 0.282595 -0.872603 202.971 0.46702 0.881294 0.0721972 164.7 0 0 0 1 
Seq_Frame0077_DriverToReference-SequenceTransformStatus = OK
Seq_Frame0077_Timestamp = 8.157
Seq_Frame0078_DriverToReference-SequenceTransform =0.789423 -0.378762 -0.483065 -54.7753 -0.398376 0.282595 -0.872603 202.971 0.46702 0.881294 0.0721972 164.7 0 0 0 1 
Seq_Frame0078_DriverToReference-SequenceTransformStatus = OK
Seq_Frame0078_Timestamp = 8.259
Seq_Frame0079_DriverToReference-SequenceTransform =0.789423 -0.378762 -0.483065 -54.7753 -0.398376 0.282595 -0.872603 202.971 0.46702 0.881294 0.0721972 164.7 0 0 0 1 
Seq_Frame0079_DriverToReference-SequenceTransformStatus = OK
Seq_Frame0079_Timestamp = 8.362
Seq_Frame0080_DriverToReference-SequenceTransform =0.789423 -0.378762 -0.483065 -54.7753 -0.398376 0.282595 -0.872603 202.971 0.46702 0.881294 0.0721972 164.7 0 0 0 1 
Seq_Frame0080_DriverToReference-SequenceTransformStatus = OK
Seq_Frame0080_Timestamp = 8.468
Seq_Frame0081_DriverToReference-SequenceTransform =0.789423 -0.378762 -0.483065 -54.7753 -0.398376 0.282595 -0.872603 202.971 0.46702 0.881294 0.0721972 164.7 0 0 0 1 
Seq_Frame0081_DriverToReference-SequenceTransformStatus = OK
Seq_Frame0081_Timestamp = 8.572
Seq_Frame0082_DriverToReference-SequenceTransform =0.789423 -0.378762 -0.483065 -54.7753 -0.398376 0.282595 -0.872603 202.971 0.46702 0.881294 0.0721972 164.7 0 0 0 1 
Seq_Frame0082_DriverToReference-SequenceTransformStatus = OK
Seq_Frame0082_Timestamp = 8.673
Seq_Frame0083_DriverToReference-SequenceTransform =0.789423 -0.378762 -0.483065 -54.7753 -0.398376 0.282595 -0.872603 202.971 0.46702 0.881294 0.0721972 164.7 0 0 0 1 
Seq_Frame0083_DriverToReference-SequenceTransformStatus = OK
Seq_Frame0083_Timestamp = 8.777
Seq_Frame0084_DriverToReference-SequenceTransform =0.789423 -0.378762 -0.483065 -54.7753 -0.398376 0.282595 -0.872603 202.971 0.46702 0.881294 0.0721972 164.7 0 0 0 1 
Seq_Frame0084_DriverToReference-SequenceTransformStatus = OK
Seq_Frame0084_Timestamp = 8.882
Seq_Frame0085_DriverToReference-SequenceTransform =0.789423 -0.378762 -0.483065 -54.7753 -0.398376 0.282595 -0.872603 202.971 0.46702 0.881294 0.0721972 164.7 0 0 0 1 
Seq_Frame0085_DriverToReference-SequenceTransformStatus = OK
Seq_Frame0085_Timestamp = 8.987
Seq_Frame0086_DriverToReference-SequenceTransform =0.789423 -0.378762 -0.483065 -54.7753 -0.398376 0.282595 -0.872603 202.971 0.46702 0.881294 0.0721972 164.7 0 0 0 1 
Seq_Frame0086_DriverToReference-SequenceTransformStatus = OK
Seq_Frame0086_Timestamp = 9.088
Seq_Frame0087_DriverToReference-SequenceTransform =0.789423 -0.378762 -0.483065 -54.7753 -0.398376 0.282595 -0.872603 202.971 0.46702 0.881294 0.0721972 164.7 0 0 0 1 
Seq_Frame0087_DriverToReference-SequenceTransformStatus = OK
Seq_Frame0087_Timestamp = 9.197
Seq_Frame0088_DriverToReference-SequenceTransform =0.789423 -0.378762 -0.483065 -54.7753 -0.398376 0.282595 -0.872603 202.971 0.46702 0.881294 0.0721972 164.7 0 0 0 1 
Seq_Frame0088_DriverToReference-SequenceTransformStatus = OK
Seq_Frame0088_Timestamp = 9.304
Seq_Frame0089_DriverToReference-SequenceTransform =0.789423 -0.378762 -0.483065 -54.7753 -0.398376 0.282595 -0.872603 202.971 0.46702 0.881294 0.0721972 164.7 0 0 0 1 
Seq_Frame0089_DriverToReference-SequenceTransformStatus = OK
Seq_Frame0089_Timestamp = 9.411
Seq_Frame0090_DriverToReference-SequenceTransform =0.789423 -0.378762 -0.483065 -54.7753 -0.398376 0.282595 -0.872603 202.971 0.46702 0.881294 0.0721972 164.7 0 0 0 1 
Seq_Frame0090_DriverToReference-SequenceTransformStatus = OK
Seq_Frame0090_Timestamp = 9.516
Seq_Frame0091_DriverToReference-SequenceTransform =0.789423 -0.378762 -0.483065 -54.7753 -0.398376 0.282595 -0.872603 202.971 0.46702 0.881294 0.0721972 164.7 0 0 0 1 
Seq_Frame0091_DriverToReference-SequenceTransformStatus = OK
Seq_Frame0091_Timestamp = 9.624
Seq_Frame0092_DriverToReference-SequenceTransform =0.789423 -0.378762 -0.483065 -54.7753 -0.398376 0.282595 -0.872603 202.971 0.46702 0.881294 0.0721972 164.7 0 0 0 1 
Seq_Frame0092_DriverToReference-SequenceTransformStatus = OK
Seq_Frame0092_Timestamp = 9.727
Seq_Frame0093_DriverToReference-SequenceTransform =0.789423 -0.378762 -0.483065 -54.7753 -0.398376 0.282595 -0.872603 202.971 0.46702 0.881294 0.0721972 164.7 0 0 0 1 
Seq_Frame0093_DriverToReference-SequenceTransformStatus = OK
Seq_Frame0093_Timestamp = 9.834
Seq_Frame0094_DriverToReference-SequenceTransform =0.789423 -0.378762 -0.483065 -54.7753 -0.398376 0.282595 -0.872603 202.971 0.46702 0.881294 0.0721972 164.7 0 0 0 1 
Seq_Frame0094_DriverToReference-SequenceTransformStatus = OK
Seq_Frame0094_Timestamp = 9.939
Seq_Frame0095_DriverToReference-SequenceTransform =0.789423 -0.378762 -0.483065 -54.7753 -0.398376 0.282595 -0.872603 202.971 0.46702 0.881294 0.0721972 164.7 0 0 0 1 
Seq_Frame0095_DriverToReference-SequenceTransformStatus = OK
Seq_Frame0095_Timestamp = 10.044
Seq_Frame0096_DriverToReference-SequenceTransform =0.789423 -0.378762 -0.483065 -54.7753 -0.398376 0.282595 -0.872603 202.971 0.46702 0.881294 0.0721972 164.7 0 0 0 1 
Seq_Frame0096_DriverToReference-SequenceTransformStatus = OK
Seq_Frame0096_Timestamp = 10.154
Seq_Frame0097_DriverToReference-SequenceTransform =0.789423 -0.378762 -0.483065 -54.7753 -0.398376 0.282595 -0.872603 202.971 0.46702 0.881294 0.0721972 164.7 0 0 0 1 
Seq_Frame0097_DriverToReference-SequenceTransformStatus = OK
Seq_Frame0097_Timestamp = 10.26
Seq_Frame0098_DriverToReference-SequenceTransform =0.789423 -0.378762 -0.483065 -54.7753 -0.398376 0.282595 -0.872603 202.971 0.46702 0.881294 0.0721972 164.7 0 0 0 1 
Seq_Frame0098_DriverToReference-SequenceTransformStatus = OK
Seq_Frame0098_Timestamp = 10.367
Seq_Frame0099_DriverToReference-SequenceTransform =0.789423 -0.378762 -0.483065 -54.7753 -0.398376 0.282595 -0.872603 202.971 0.46702 0.881294 0.0721972 164.7 0 0 0 1 
Seq_Frame0099_DriverToReference-SequenceTransformStatus = OK
Seq_Frame0099_Timestamp = 10.47
Seq_Frame0100_DriverToReference-SequenceTransform =0.789423 -0.378762 -0.483065 -54.7753 -0.398376 0.282595 -0.872603 202.971 0.46702 0.881294 0.0721972 164.7 0 0 0 1 
Seq_Frame0100_DriverToReference-SequenceTransformStatus = OK
Seq_Frame0100_Timestamp = 10.575
Seq_Frame0101_DriverToReference-SequenceTransform =0.789423 -0.378762 -0.483065 -54.7753 -0.398376 0.282595 -0.872603 202.971 0.46702 0.881294 0.0721972 164.7 0 0 0 1 
Seq_Frame0101_DriverToReference-SequenceTransformStatus = OK
Seq_Frame0101_Timestamp = 10.682
Seq_Frame0102_DriverToReference-SequenceTransform =0.789423 -0.378762 -0.483065 -54.7753 -0.398376 0.282595 -0.872603 202.971 0.46702 0.881294 0.0721972 164.7 0 0 0 1 
Seq_Frame0102_DriverToReference-SequenceTransformStatus = OK
Seq_Frame0102_Timestamp = 10.785
Seq_Frame0103_DriverToReference-SequenceTransform =0.789423 -0.378762 -0.483065 -54.7753 -0.398376 0.282595 -0.872603 202.971 0.46702 0.881294 0.0721972 164.7 0 0 0 1 
Seq_Frame0103_DriverToReference-SequenceTransformStatus = OK
Seq_Frame0103_Timestamp = 10.891
Seq_Frame0104_DriverToReference-SequenceTransform =0.789423 -0.378762 -0.483065 -54.7753 -0.398376 0.282595 -0.872603 202.971 0.46702 0.881294 0.0721972 164.7 0 0 0 1 
Seq_Frame0104_DriverToReference-SequenceTransformStatus = OK
Seq_Frame0104_Timestamp = 10.997
Seq_Frame0105_DriverToReference-SequenceTransform =0.789423 -0.378762 -0.483065 -54.7753 -0.398376 0.282595 -0.872603 202.971 0.46702 0.881294 0.0721972 164.7 0 0 0 1 
Seq_Frame0105_DriverToReference-SequenceTransformStatus = OK
Seq_Frame0105_Timestamp = 11.101
Seq_Frame0106_DriverToReference-SequenceTransform =0.789423 -0.378762 -0.483065 -54.7753 -0.398376 0.282595 -0.872603 202.971 0.46702 0.881294 0.0721972 164.7 0 0 0 1 
Seq_Frame0106_DriverToReference-SequenceTransformStatus = OK
Seq_Frame0106_Timestamp = 11.208
Seq_Frame0107_DriverToReference-SequenceTransform =0.789423 -0.378762 -0.483065 -54.7753 -0.398376 0.282595 -0.872603 202.971 0.46702 0.881294 0.0721972 164.7 0 0 0 1 
Seq_Frame0107_DriverToReference-SequenceTransformStatus = OK
Seq_Frame0107_Timestamp = 11.314
Seq_Frame0108_DriverToReference-SequenceTransform =0.789423 -0.378762 -0.483065 -54.7753 -0.398376 0.282595 -0.872603 202.971 0.46702 0.881294 0.0721972 164.7 0 0 0 1 
Seq_Frame0108_DriverToReference-SequenceTransformStatus = OK
Seq_Frame0108_Timestamp = 11.418
Seq_Frame0109_DriverToReference-SequenceTransform =0.789423 -0.378762 -0.483065 -54.7753 -0.398376 0.282595 -0.872603 202.971 0.46702 0.881294 0.0721972 164.7 0 0 0 1 
Seq_Frame0109_DriverToReference-SequenceTransformStatus = OK
Seq_Frame0109_Timestamp = 11.526
Seq_Frame0110_DriverToReference-SequenceTransform =0.789423 -0.378762 -0.483065 -54.7753 -0.398376 0.282595 -0.872603 202.971 0.46702 0.881294 0.0721972 164.7 0 0 0 1 
Seq_Frame0110_DriverToReference-SequenceTransformStatus = OK
Seq_Frame0110_Timestamp = 11.629
Seq_Frame0111_DriverToReference-SequenceTransform =0.789423 -0.378762 -0.483065 -54.7753 -0.398376 0.282595 -0.872603 202.971 0.46702 0.881294 0.0721972 164.7 0 0 0 1 
Seq_Frame0111_DriverToReference-SequenceTransformStatus = OK
Seq_Frame0111_Timestamp = 11.742
Seq_Frame0112_DriverToReference-SequenceTransform =0.789423 -0.378762 -0.483065 -54.7753 -0.398376 0.282595 -0.872603 202.971 0.46702 0.881294 0.0721972 164.7 0 0 0 1 
Seq_Frame0112_DriverToReference-SequenceTransformStatus = OK
Seq_Frame0112_Timestamp = 11.846
Seq_Frame0113_DriverToReference-SequenceTransform =0.789423 -0.378762 -0.483065 -54.7753 -0.398376 0.282595 -0.872603 202.971 0.46702 0.881294 0.0721972 164.7 0 0 0 1 
Seq_Frame0113_DriverToReference-SequenceTransformStatus = OK
Seq_Frame0113_Timestamp = 11.954
Seq_Frame0114_DriverToReference-SequenceTransform =0.789423 -0.378762 -0.483065 -54.7753 -0.398376 0.282595 -0.872603 202.971 0.46702 0.881294 0.0721972 164.7 0 0 0 1 
Seq_Frame0114_DriverToReference-SequenceTransformStatus = OK
Seq_Frame0114_Timestamp = 12.065
Seq_Frame0115_DriverToReference-SequenceTransform =0.789423 -0.378762 -0.483065 -54.7753 -0.398376 0.282595 -0.872603 202.971 0.46702 0.881294 0.0721972 164.7 0 0 0 1 
Seq_Frame0115_DriverToReference-SequenceTransformStatus = OK
Seq_Frame0115_Timestamp = 12.174
Seq_Frame0116_DriverToReference-SequenceTransform =0.789423 -0.378762 -0.483065 -54.7753 -0.398376 0.282595 -0.872603 202.971 0.46702 0.881294 0.0721972 164.7 0 0 0 1 
Seq_Frame0116_DriverToReference-SequenceTransformStatus = OK
Seq_Frame0116_Timestamp = 12.278
Seq_Frame0117_DriverToReference-SequenceTransform =0.789423 -0.378762 -0.483065 -54.7753 -0.398376 0.282595 -0.872603 202.971 0.46702 0.881294 0.0721972 164.7 0 0 0 1 
Seq_Frame0117_DriverToReference-SequenceTransformStatus = OK
Seq_Frame0117_Timestamp = 12.384
Seq_Frame0118_DriverToReference-SequenceTransform =0.789423 -0.378762 -0.483065 -54.7753 -0.398376 0.282595 -0.872603 202.971 0.46702 0.881294 0.0721972 164.7 0 0 0 1 
Seq_Frame0118_DriverToReference-SequenceTransformStatus = OK
Seq_Frame0118_Timestamp = 12.487
Seq_Frame0119_DriverToReference-SequenceTransform =0.789423 -0.378762 -0.483065 -54.7753 -0.398376 0.282595 -0.872603 202.971 0.46702 0.881294 0.0721972 164.7 0 0 0 1 
Seq_Frame0119_DriverToReference-SequenceTransformStatus = OK
Seq_Frame0119_Timestamp = 12.593
Seq_Frame0120_DriverToReference-SequenceTransform =0.789423 -0.378762 -0.483065 -54.7753 -0.398376 0.282595 -0.872603 202.971 0.46702 0.881294 0.0721972 164.7 0 0 0 1 
Seq_Frame0120_DriverToReference-SequenceTransformStatus = OK
Seq_Frame0120_Timestamp = 12.7
Seq_Frame0121_DriverToReference-SequenceTransform =0.789423 -0.378762 -0.483065 -54.7753 -0.398376 0.282595 -0.872603 202.971 0.46702 0.881294 0.0721972 164.7 0 0 0 1 
Seq_Frame0121_DriverToReference-SequenceTransformStatus = OK
Seq_Frame0121_Timestamp = 12.804
Seq_Frame0122_DriverToReference-SequenceTransform =0.789423 -0.378762 -0.483065 -54.7753 -0.398376 0.282595 -0.872603 202.971 0.46702 0.881294 0.0721972 164.7 0 0 0 1 
Seq_Frame0122_DriverToReference-SequenceTransformStatus = OK
Seq_Frame0122_Timestamp = 12.91
Seq_Frame0123_DriverToReference-SequenceTransform =0.789423 -0.378762 -0.483065 -54.7753 -0.398376 0.282595 -0.872603 202.971 0.46702 0.881294 0.0721972 164.7 0 0 0 1 
Seq_Frame0123_DriverToReference-SequenceTransformStatus = OK
Seq_Frame0123_Timestamp = 13.017
Seq_Frame0124_DriverToReference-SequenceTransform =0.789423 -0.378762 -0.483065 -54.7753 -0.398376 0.282595 -0.872603 202.971 0.46702 0.881294 0.0721972 164.7 0 0 0 1 
Seq_Frame0124_DriverToReference-SequenceTransformStatus = OK
Seq_Frame0124_Timestamp = 13.12
Seq_Frame0125_DriverToReference-SequenceTransform =0.789423 -0.378762 -0.483065 -54.7753 -0.398376 0.282595 -0.872603 202.971 0.46702 0.881294 0.0721972 164.7 0 0 0 1 
Seq_Frame0125_DriverToReference-SequenceTransformStatus = OK
Seq_Frame0125_Timestamp = 13.226
Seq_Frame0126_DriverToReference-SequenceTransform =0.789423 -0.378762 -0.483065 -54.7753 -0.398376 0.282595 -0.872603 202.971 0.46702 0.881294 0.0721972 164.7 0 0 0 1 
Seq_Frame0126_DriverToReference-SequenceTransformStatus = OK
Seq_Frame0126_Timestamp = 13.33
Seq_Frame0127_DriverToReference-SequenceTransform =0.789423 -0.378762 -0.483065 -54.7753 -0.398376 0.282595 -0.872603 202.971 0.46702 0.881294 0.0721972 164.7 0 0 0 1 
Seq_Frame0127_DriverToReference-SequenceTransformStatus = OK
Seq_Frame0127_Timestamp = 13.436
Seq_Frame0128_DriverToReference-SequenceTransform =0.789423 -0.378762 -0.483065 -54.7753 -0.398376 0.282595 -0.872603 202.971 0.46702 0.881294 0.0721972 164.7 0 0 0 1 
Seq_Frame0128_DriverToReference-SequenceTransformStatus = OK
Seq_Frame0128_Timestamp = 13.542
Seq_Frame0129_DriverToReference-SequenceTransform =0.789423 -0.378762 -0.483065 -54.7753 -0.398376 0.282595 -0.872603 202.971 0.46702 0.881294 0.0721972 164.7 0 0 0 1 
Seq_Frame0129_DriverToReference-SequenceTransformStatus = OK
Seq_Frame0129_Timestamp = 13.647
Seq_Frame0130_DriverToReference-SequenceTransform =0.789423 -0.378762 -0.483065 -54.7753 -0.398376 0.282595 -0.872603 202.971 0.46702 0.881294 0.0721972 164.7 0 0 0 1 
Seq_Frame0130_DriverToReference-SequenceTransformStatus = OK
Seq_Frame0130_Timestamp = 13.754
Seq_Frame0131_DriverToReference-SequenceTransform =0.789423 -0.378762 -0.483065 -54.7753 -0.398376 0.282595 -0.872603 202.971 0.46702 0.881294 0.0721972 164.7 0 0 0 1 
Seq_Frame0131_DriverToReference-SequenceTransformStatus = OK
Seq_Frame0131_Timestamp = 13.859
Seq_Frame0132_DriverToReference-SequenceTransform =0.789423 -0.378762 -0.483065 -54.7753 -0.398376 0.282595 -0.872603 202.971 0.46702 0.881294 0.0721972 164.7 0 0 0 1 
Seq_Frame0132_DriverToReference-SequenceTransformStatus = OK
Seq_Frame0132_Timestamp = 13.964
Seq_Frame0133_DriverToReference-SequenceTransform =0.789423 -0.378762 -0.483065 -54.7753 -0.398376 0.282595 -0.872603 202.971 0.46702 0.881294 0.0721972 164.7 0 0 0 1 
Seq_Frame0133_DriverToReference-SequenceTransformStatus = OK
Seq_Frame0133_Timestamp = 14.074
Seq_Frame0134_DriverToReference-SequenceTransform =0.789423 -0.378762 -0.483065 -54.7753 -0.398376 0.282595 -0.872603 202.971 0.46702 0.881294 0.0721972 164.7 0 0 0 1 
Seq_Frame0134_DriverToReference-SequenceTransformStatus = OK
Seq_Frame0134_Timestamp = 14.18
Seq_Frame0135_DriverToReference-SequenceTransform =0.789423 -0.378762 -0.483065 -54.7753 -0.398376 0.282595 -0.872603 202.971 0.46702 0.881294 0.0721972 164.7 0 0 0 1 
Seq_Frame0135_DriverToReference-SequenceTransformStatus = OK
Seq_Frame0135_Timestamp = 14.29
Seq_Frame0136_DriverToReference-SequenceTransform =0.789423 -0.378762 -0.483065 -54.7753 -0.398376 0.282595 -0.872603 202.971 0.46702 0.881294 0.0721972 164.7 0 0 0 1 
Seq_Frame0136_DriverToReference-SequenceTransformStatus = OK
Seq_Frame0136_Timestamp = 14.394
Seq_Frame0137_DriverToReference-SequenceTransform =0.789423 -0.378762 -0.483065 -54.7753 -0.398376 0.282595 -0.872603 202.971 0.46702 0.881294 0.0721972 164.7 0 0 0 1 
Seq_Frame0137_DriverToReference-SequenceTransformStatus = OK
Seq_Frame0137_Timestamp = 14.499
Seq_Frame0138_DriverToReference-SequenceTransform =0.789423 -0.378762 -0.483065 -54.7753 -0.398376 0.282595 -0.872603 202.971 0.46702 0.881294 0.0721972 164.7 0 0 0 1 
Seq_Frame0138_DriverToReference-SequenceTransformStatus = OK
Seq_Frame0138_Timestamp = 14.605
Seq_Frame0139_DriverToReference-SequenceTransform =0.789423 -0.378762 -0.483065 -54.7753 -0.398376 0.282595 -0.872603 202.971 0.46702 0.881294 0.0721972 164.7 0 0 0 1 
Seq_Frame0139_DriverToReference-SequenceTransformStatus = OK
Seq_Frame0139_Timestamp = 14.711
Seq_Frame0140_DriverToReference-SequenceTransform =0.789423 -0.378762 -0.483065 -54.7753 -0.398376 0.282595 -0.872603 202.971 0.46702 0.881294 0.0721972 164.7 0 0 0 1 
Seq_Frame0140_DriverToReference-SequenceTransformStatus = OK
Seq_Frame0140_Timestamp = 14.819
Seq_Frame0141_DriverToReference-SequenceTransform =0.789423 -0.378762 -0.483065 -54.7753 -0.398376 0.282595 -0.872603 202.971 0.46702 0.881294 0.0721972 164.7 0 0 0 1 
Seq_Frame0141_DriverToReference-SequenceTransformStatus = OK
Seq_Frame0141_Timestamp = 14.957
Seq_Frame0142_DriverToReference-SequenceTransform =0.789423 -0.378762 -0.483065 -54.7753 -0.398376 0.282595 -0.872603 202.971 0.46702 0.881294 0.0721972 164.7 0 0 0 1 
Seq_Frame0142_DriverToReference-SequenceTransformStatus = OK
Seq_Frame0142_Timestamp = 15.062
Seq_Frame0143_DriverToReference-SequenceTransform =0.789423 -0.378762 -0.483065 -54.7753 -0.398376 0.282595 -0.872603 202.971 0.46702 0.881294 0.0721972 164.7 0 0 0 1 
Seq_Frame0143_DriverToReference-SequenceTransformStatus = OK
Seq_Frame0143_Timestamp = 15.171
Seq_Frame0144_DriverToReference-SequenceTransform =0.789423 -0.378762 -0.483065 -54.7753 -0.398376 0.282595 -0.872603 202.971 0.46702 0.881294 0.0721972 164.7 0 0 0 1 
Seq_Frame0144_DriverToReference-SequenceTransformStatus = OK
Seq_Frame0144_Timestamp = 15.277
Seq_Frame0145_DriverToReference-SequenceTransform =0.789423 -0.378762 -0.483065 -54.7753 -0.398376 0.282595 -0.872603 202.971 0.46702 0.881294 0.0721972 164.7 0 0 0 1 
Seq_Frame0145_DriverToReference-SequenceTransformStatus = OK
Seq_Frame0145_Timestamp = 15.384
Seq_Frame0146_DriverToReference-SequenceTransform =0.789423 -0.378762 -0.483065 -54.7753 -0.398376 0.282595 -0.872603 202.971 0.46702 0.881294 0.0721972 164.7 0 0 0 1 
Seq_Frame0146_DriverToReference-SequenceTransformStatus = OK
Seq_Frame0146_Timestamp = 15.488
Seq_Frame0147_DriverToReference-SequenceTransform =0.789423 -0.378762 -0.483065 -54.7753 -0.398376 0.282595 -0.872603 202.971 0.46702 0.881294 0.0721972 164.7 0 0 0 1 
Seq_Frame0147_DriverToReference-SequenceTransformStatus = OK
Seq_Frame0147_Timestamp = 15.639
Seq_Frame0148_DriverToReference-SequenceTransform =0.428504 -0.56909 -0.701798 -39.5517 -0.901685 -0.219597 -0.37248 220.63 0.0578623 0.79241 -0.607238 74.6077 0 0 0 1 
Seq_Frame0148_DriverToReference-SequenceTransformStatus = OK
Seq_Frame0148_Timestamp = 15.744
Seq_Frame0149_DriverToReference-SequenceTransform =0.391148 -0.610475 -0.688711 -41.6769 -0.918362 -0.210019 -0.335415 222.301 0.06012 0.763683 -0.642786 76.834 0 0 0 1 
Seq_Frame0149_DriverToReference-SequenceTransformStatus = OK
Seq_Frame0149_Timestamp = 15.851
Seq_Frame0150_DriverToReference-SequenceTransform =0.409188 -0.592576 -0.693843 -41.6773 -0.912404 -0.273342 -0.304635 220.203 -0.00913742 0.757719 -0.652517 76.9954 0 0 0 1 
Seq_Frame0150_DriverToReference-SequenceTransformStatus = OK
Seq_Frame0150_Timestamp = 15.954
Seq_Frame0151_DriverToReference-SequenceTransform =0.431884 -0.54169 -0.721143 -34.2479 -0.895023 -0.356155 -0.268491 223.764 -0.1114 0.761397 -0.638643 80.372 0 0 0 1 
Seq_Frame0151_DriverToReference-SequenceTransformStatus = OK
Seq_Frame0151_Timestamp = 16.061
