ObjectType = Image
NDims = 3
AnatomicalOrientation = RAI
BinaryData = True
CompressedData = False
DimSize = 0 0 1745
ElementSpacing = 1 1 1
Offset = 0 0 0
TransformMatrix = 1 0 0 0 1 0 0 0 1
ElementType = MET_UCHAR
Kinds = domain domain list
Seq_Frame0000_ForcepToReference-SequenceTransform =0.68709 0.0397434 -0.725484 46.9235 0.535674 -0.702304 0.468852 44.4415 -0.490877 -0.710767 -0.503836 64.5377 0 0 0 1 
Seq_Frame0000_ForcepToReference-SequenceTransformStatus = OK
Seq_Frame0000_Timestamp = 0.00199986
Seq_Frame0001_ForcepToReference-SequenceTransform =0.687872 0.0398377 -0.724738 46.9254 0.535336 -0.702122 0.46951 44.4494 -0.49015 -0.710941 -0.504297 64.522 0 0 0 1 
Seq_Frame0001_ForcepToReference-SequenceTransformStatus = OK
Seq_Frame0001_Timestamp = 0.108
Seq_Frame0002_ForcepToReference-SequenceTransform =0.687232 0.0401563 -0.725327 46.9094 0.536587 -0.701114 0.469589 44.4132 -0.48968 -0.711918 -0.503375 64.601 0 0 0 1 
Seq_Frame0002_ForcepToReference-SequenceTransformStatus = OK
Seq_Frame0002_Timestamp = 0.213
Seq_Frame0003_ForcepToReference-SequenceTransform =0.687995 0.0403213 -0.724594 46.924 0.535609 -0.701924 0.469496 44.4975 -0.489679 -0.71111 -0.504517 64.5621 0 0 0 1 
Seq_Frame0003_ForcepToReference-SequenceTransformStatus = OK
Seq_Frame0003_Timestamp = 0.313
Seq_Frame0004_ForcepToReference-SequenceTransform =0.686168 0.0397208 -0.726358 46.9172 0.535988 -0.702696 0.467904 44.5361 -0.491824 -0.71038 -0.503457 64.4134 0 0 0 1 
Seq_Frame0004_ForcepToReference-SequenceTransformStatus = OK
Seq_Frame0004_Timestamp = 0.422
Seq_Frame0005_ForcepToReference-SequenceTransform =0.685487 0.0396031 -0.727007 46.9125 0.537512 -0.70105 0.468625 44.435 -0.491109 -0.712011 -0.501848 64.5032 0 0 0 1 
Seq_Frame0005_ForcepToReference-SequenceTransformStatus = OK
Seq_Frame0005_Timestamp = 0.532
Seq_Frame0006_ForcepToReference-SequenceTransform =0.686549 0.0396838 -0.726 46.9237 0.53609 -0.702169 0.468578 44.4627 -0.49118 -0.710903 -0.503348 64.4574 0 0 0 1 
Seq_Frame0006_ForcepToReference-SequenceTransformStatus = OK
Seq_Frame0006_Timestamp = 0.632
Seq_Frame0007_ForcepToReference-SequenceTransform =0.686806 0.0397464 -0.725753 46.93 0.535733 -0.702487 0.468511 44.4987 -0.49121 -0.710586 -0.503766 64.4515 0 0 0 1 
Seq_Frame0007_ForcepToReference-SequenceTransformStatus = OK
Seq_Frame0007_Timestamp = 0.733
Seq_Frame0008_ForcepToReference-SequenceTransform =0.687156 0.0399283 -0.725411 46.9105 0.535954 -0.701956 0.469053 44.438 -0.490478 -0.711101 -0.503753 64.5144 0 0 0 1 
Seq_Frame0008_ForcepToReference-SequenceTransformStatus = OK
Seq_Frame0008_Timestamp = 0.838
Seq_Frame0009_ForcepToReference-SequenceTransform =0.689409 0.0400495 -0.723265 46.9392 0.534699 -0.701735 0.470813 44.3413 -0.488684 -0.711312 -0.505197 64.586 0 0 0 1 
Seq_Frame0009_ForcepToReference-SequenceTransformStatus = OK
Seq_Frame0009_Timestamp = 0.943
Seq_Frame0010_ForcepToReference-SequenceTransform =0.692742 0.044289 -0.719824 46.9074 0.533843 -0.702575 0.470531 44.2537 -0.484891 -0.71023 -0.510347 65.2249 0 0 0 1 
Seq_Frame0010_ForcepToReference-SequenceTransformStatus = OK
Seq_Frame0010_Timestamp = 1.043
Seq_Frame0011_ForcepToReference-SequenceTransform =0.691391 0.04138 -0.721295 46.7755 0.533571 -0.702364 0.471156 44.2443 -0.487115 -0.710615 -0.507687 64.974 0 0 0 1 
Seq_Frame0011_ForcepToReference-SequenceTransformStatus = OK
Seq_Frame0011_Timestamp = 1.147
Seq_Frame0012_ForcepToReference-SequenceTransform =0.692233 0.0404517 -0.72054 46.9276 0.531161 -0.704463 0.470745 44.4337 -0.488551 -0.708587 -0.509139 64.5917 0 0 0 1 
Seq_Frame0012_ForcepToReference-SequenceTransformStatus = OK
Seq_Frame0012_Timestamp = 1.247
Seq_Frame0013_ForcepToReference-SequenceTransform =0.318399 0.942733 -0.099377 47.1496 -0.218701 0.175057 0.959961 49.8725 0.922384 -0.283917 0.261915 38.3243 0 0 0 1 
Seq_Frame0013_ForcepToReference-SequenceTransformStatus = OK
Seq_Frame0013_Timestamp = 1.422
Seq_Frame0014_ForcepToReference-SequenceTransform =0.873433 0.311263 0.374472 79.6852 -0.081077 0.851252 -0.518456 121.731 -0.480146 0.422476 0.768748 7.6702 0 0 0 1 
Seq_Frame0014_ForcepToReference-SequenceTransformStatus = OK
Seq_Frame0014_Timestamp = 1.532
Seq_Frame0015_ForcepToReference-SequenceTransform =0.494625 0.868613 0.0292882 36.675 -0.842337 0.487417 -0.229983 46.1947 -0.214042 0.0890848 0.972754 64.9346 0 0 0 1 
Seq_Frame0015_ForcepToReference-SequenceTransformStatus = OK
Seq_Frame0015_Timestamp = 1.632
Seq_Frame0016_ForcepToReference-SequenceTransform =0.515783 0.854417 0.0627611 36.7759 -0.818009 0.512927 -0.260321 46.565 -0.254614 0.08293 0.96348 65.2758 0 0 0 1 
Seq_Frame0016_ForcepToReference-SequenceTransformStatus = OK
Seq_Frame0016_Timestamp = 1.733
Seq_Frame0017_ForcepToReference-SequenceTransform =0.492646 0.868933 0.0474806 35.8738 -0.833411 0.486802 -0.26163 45.6962 -0.250453 0.0893203 0.964 64.5063 0 0 0 1 
Seq_Frame0017_ForcepToReference-SequenceTransformStatus = OK
Seq_Frame0017_Timestamp = 1.835
Seq_Frame0018_ForcepToReference-SequenceTransform =0.501215 0.864134 0.0453358 36.5311 -0.81683 0.48977 -0.304819 45.6969 -0.285608 0.115748 0.951331 66.2339 0 0 0 1 
Seq_Frame0018_ForcepToReference-SequenceTransformStatus = OK
Seq_Frame0018_Timestamp = 1.943
Seq_Frame0019_ForcepToReference-SequenceTransform =0.502664 0.863295 0.0452745 36.5661 -0.812526 0.489688 -0.316239 45.6272 -0.295178 0.122175 0.947599 66.6616 0 0 0 1 
Seq_Frame0019_ForcepToReference-SequenceTransformStatus = OK
Seq_Frame0019_Timestamp = 2.047
Seq_Frame0020_ForcepToReference-SequenceTransform =0.489369 0.871091 0.0414502 35.9714 -0.845151 0.485444 -0.22375 46.0884 -0.215028 0.0744646 0.973765 63.9712 0 0 0 1 
Seq_Frame0020_ForcepToReference-SequenceTransformStatus = OK
Seq_Frame0020_Timestamp = 2.148
Seq_Frame0021_ForcepToReference-SequenceTransform =0.502821 0.863251 0.0443737 36.6173 -0.814839 0.490503 -0.308941 45.7722 -0.288459 0.119184 0.950046 66.4725 0 0 0 1 
Seq_Frame0021_ForcepToReference-SequenceTransformStatus = OK
Seq_Frame0021_Timestamp = 2.257
Seq_Frame0022_ForcepToReference-SequenceTransform =0.501866 0.863845 0.0436143 36.5668 -0.815854 0.489526 -0.307808 45.7212 -0.287249 0.118896 0.950448 66.4601 0 0 0 1 
Seq_Frame0022_ForcepToReference-SequenceTransformStatus = OK
Seq_Frame0022_Timestamp = 2.369
Seq_Frame0023_ForcepToReference-SequenceTransform =0.501841 0.863853 0.0437551 36.5529 -0.816615 0.48986 -0.305249 45.7971 -0.285124 0.117456 0.951267 66.3978 0 0 0 1 
Seq_Frame0023_ForcepToReference-SequenceTransformStatus = OK
Seq_Frame0023_Timestamp = 2.47
Seq_Frame0024_ForcepToReference-SequenceTransform =0.501737 0.864006 0.0418821 36.5513 -0.81617 0.488887 -0.307986 45.7469 -0.286577 0.120345 0.950469 66.4816 0 0 0 1 
Seq_Frame0024_ForcepToReference-SequenceTransformStatus = OK
Seq_Frame0024_Timestamp = 2.588
Seq_Frame0025_ForcepToReference-SequenceTransform =0.502251 0.863592 0.0441864 36.5253 -0.815745 0.490138 -0.307124 45.7306 -0.286887 0.118208 0.950643 66.3953 0 0 0 1 
Seq_Frame0025_ForcepToReference-SequenceTransformStatus = OK
Seq_Frame0025_Timestamp = 2.688
Seq_Frame0026_ForcepToReference-SequenceTransform =0.501407 0.864175 0.0423511 36.5202 -0.816743 0.488904 -0.306437 45.7153 -0.28552 0.119059 0.950948 66.3785 0 0 0 1 
Seq_Frame0026_ForcepToReference-SequenceTransformStatus = OK
Seq_Frame0026_Timestamp = 2.797
Seq_Frame0027_ForcepToReference-SequenceTransform =0.501726 0.863956 0.043033 36.5571 -0.816284 0.489331 -0.306978 45.7522 -0.286273 0.118892 0.950743 66.3884 0 0 0 1 
Seq_Frame0027_ForcepToReference-SequenceTransformStatus = OK
Seq_Frame0027_Timestamp = 2.902
Seq_Frame0028_ForcepToReference-SequenceTransform =0.502164 0.863669 0.0436736 36.5517 -0.815852 0.489898 -0.307223 45.7827 -0.286735 0.118645 0.950635 66.398 0 0 0 1 
Seq_Frame0028_ForcepToReference-SequenceTransformStatus = OK
Seq_Frame0028_Timestamp = 3.003
Seq_Frame0029_ForcepToReference-SequenceTransform =0.502109 0.863655 0.0445684 36.5234 -0.816323 0.490343 -0.305255 45.783 -0.285489 0.116889 0.951227 66.3443 0 0 0 1 
Seq_Frame0029_ForcepToReference-SequenceTransformStatus = OK
Seq_Frame0029_Timestamp = 3.108
Seq_Frame0030_ForcepToReference-SequenceTransform =0.501279 0.864287 0.0415572 36.5358 -0.817142 0.488638 -0.305797 45.7876 -0.284603 0.119331 0.951189 66.2916 0 0 0 1 
Seq_Frame0030_ForcepToReference-SequenceTransformStatus = OK
Seq_Frame0030_Timestamp = 3.217
Seq_Frame0031_ForcepToReference-SequenceTransform =0.501431 0.864185 0.0418469 36.5523 -0.816836 0.488793 -0.306366 45.8003 -0.285211 0.119439 0.950994 66.2832 0 0 0 1 
Seq_Frame0031_ForcepToReference-SequenceTransformStatus = OK
Seq_Frame0031_Timestamp = 3.322
Seq_Frame0032_ForcepToReference-SequenceTransform =0.50191 0.863832 0.0433653 36.5595 -0.816082 0.489584 -0.307113 45.7593 -0.286525 0.118753 0.950685 66.3187 0 0 0 1 
Seq_Frame0032_ForcepToReference-SequenceTransformStatus = OK
Seq_Frame0032_Timestamp = 3.427
Seq_Frame0033_ForcepToReference-SequenceTransform =0.501951 0.863811 0.0433144 36.5471 -0.816334 0.489718 -0.306229 45.8314 -0.285736 0.118353 0.950972 66.2533 0 0 0 1 
Seq_Frame0033_ForcepToReference-SequenceTransformStatus = OK
Seq_Frame0033_Timestamp = 3.528
Seq_Frame0034_ForcepToReference-SequenceTransform =0.501735 0.863942 0.0432095 36.569 -0.816067 0.489315 -0.307579 45.7104 -0.286874 0.119061 0.950541 66.4171 0 0 0 1 
Seq_Frame0034_ForcepToReference-SequenceTransformStatus = OK
Seq_Frame0034_Timestamp = 3.632
Seq_Frame0035_ForcepToReference-SequenceTransform =0.501665 0.863999 0.0428697 36.5796 -0.816038 0.4891 -0.307997 45.7159 -0.287077 0.119528 0.950421 66.3819 0 0 0 1 
Seq_Frame0035_ForcepToReference-SequenceTransformStatus = OK
Seq_Frame0035_Timestamp = 3.742
Seq_Frame0036_ForcepToReference-SequenceTransform =0.501692 0.863957 0.043393 36.5523 -0.816513 0.489515 -0.306076 45.7738 -0.285678 0.118125 0.951018 66.3539 0 0 0 1 
Seq_Frame0036_ForcepToReference-SequenceTransformStatus = OK
Seq_Frame0036_Timestamp = 3.851
Seq_Frame0037_ForcepToReference-SequenceTransform =0.502141 0.863695 0.0434278 36.5449 -0.816143 0.489903 -0.306439 45.8191 -0.285945 0.118432 0.950899 66.3488 0 0 0 1 
Seq_Frame0037_ForcepToReference-SequenceTransformStatus = OK
Seq_Frame0037_Timestamp = 3.957
Seq_Frame0038_ForcepToReference-SequenceTransform =0.501799 0.863847 0.0443515 36.547 -0.816642 0.490032 -0.304899 45.7874 -0.28512 0.116779 0.951351 66.3319 0 0 0 1 
Seq_Frame0038_ForcepToReference-SequenceTransformStatus = OK
Seq_Frame0038_Timestamp = 4.069
Seq_Frame0039_ForcepToReference-SequenceTransform =0.502316 0.863548 0.044317 36.5616 -0.81595 0.490346 -0.306246 45.8254 -0.286189 0.117672 0.95092 66.3144 0 0 0 1 
Seq_Frame0039_ForcepToReference-SequenceTransformStatus = OK
Seq_Frame0039_Timestamp = 4.173
Seq_Frame0040_ForcepToReference-SequenceTransform =0.501853 0.8639 0.0426761 36.5499 -0.816603 0.489487 -0.305879 45.8171 -0.285138 0.118657 0.951113 66.3052 0 0 0 1 
Seq_Frame0040_ForcepToReference-SequenceTransformStatus = OK
Seq_Frame0040_Timestamp = 4.273
Seq_Frame0041_ForcepToReference-SequenceTransform =0.50203 0.863698 0.0446321 36.537 -0.816645 0.490405 -0.304291 45.8688 -0.284704 0.116315 0.951533 66.257 0 0 0 1 
Seq_Frame0041_ForcepToReference-SequenceTransformStatus = OK
Seq_Frame0041_Timestamp = 4.383
Seq_Frame0042_ForcepToReference-SequenceTransform =0.501965 0.863789 0.0435834 36.5819 -0.816174 0.489763 -0.306581 45.7955 -0.286167 0.118321 0.950846 66.3836 0 0 0 1 
Seq_Frame0042_ForcepToReference-SequenceTransformStatus = OK
Seq_Frame0042_Timestamp = 4.483
Seq_Frame0043_ForcepToReference-SequenceTransform =0.502513 0.86338 0.0453411 36.5757 -0.815634 0.490811 -0.306343 45.794 -0.286744 0.116959 0.950841 66.4007 0 0 0 1 
Seq_Frame0043_ForcepToReference-SequenceTransformStatus = OK
Seq_Frame0043_Timestamp = 4.588
Seq_Frame0044_ForcepToReference-SequenceTransform =0.501163 0.864258 0.0435217 36.5384 -0.817047 0.489157 -0.305221 45.6852 -0.285078 0.117406 0.951286 66.3421 0 0 0 1 
Seq_Frame0044_ForcepToReference-SequenceTransformStatus = OK
Seq_Frame0044_Timestamp = 4.688
Seq_Frame0045_ForcepToReference-SequenceTransform =0.501983 0.863792 0.0433245 36.5596 -0.816282 0.489738 -0.306334 45.777 -0.285827 0.11841 0.950938 66.3461 0 0 0 1 
Seq_Frame0045_ForcepToReference-SequenceTransformStatus = OK
Seq_Frame0045_Timestamp = 4.792
Seq_Frame0046_ForcepToReference-SequenceTransform =0.501765 0.863863 0.0444089 36.5506 -0.816793 0.490075 -0.304427 45.7772 -0.284747 0.116478 0.9515 66.3519 0 0 0 1 
Seq_Frame0046_ForcepToReference-SequenceTransformStatus = OK
Seq_Frame0046_Timestamp = 4.892
Seq_Frame0047_ForcepToReference-SequenceTransform =0.502251 0.863582 0.0443783 36.5511 -0.816253 0.490415 -0.305327 45.8006 -0.285439 0.117127 0.951213 66.3395 0 0 0 1 
Seq_Frame0047_ForcepToReference-SequenceTransformStatus = OK
Seq_Frame0047_Timestamp = 4.997
Seq_Frame0048_ForcepToReference-SequenceTransform =0.501681 0.863935 0.0439734 36.5338 -0.81723 0.490001 -0.303371 45.8091 -0.28364 0.116259 0.951857 66.2646 0 0 0 1 
Seq_Frame0048_ForcepToReference-SequenceTransformStatus = OK
Seq_Frame0048_Timestamp = 5.107
Seq_Frame0049_ForcepToReference-SequenceTransform =0.501743 0.863952 0.0428953 36.517 -0.816853 0.48954 -0.305125 45.8108 -0.284613 0.118055 0.951346 66.2492 0 0 0 1 
Seq_Frame0049_ForcepToReference-SequenceTransformStatus = OK
Seq_Frame0049_Timestamp = 5.21
Seq_Frame0050_ForcepToReference-SequenceTransform =0.502645 0.863371 0.0440266 36.5529 -0.815761 0.490553 -0.306419 45.8681 -0.286151 0.118105 0.950878 66.2933 0 0 0 1 
Seq_Frame0050_ForcepToReference-SequenceTransformStatus = OK
Seq_Frame0050_Timestamp = 5.312
Seq_Frame0051_ForcepToReference-SequenceTransform =0.501875 0.863859 0.0432273 36.5913 -0.816066 0.489487 -0.307309 45.7498 -0.286631 0.118954 0.950628 66.3854 0 0 0 1 
Seq_Frame0051_ForcepToReference-SequenceTransformStatus = OK
Seq_Frame0051_Timestamp = 5.413
Seq_Frame0052_ForcepToReference-SequenceTransform =0.502224 0.863586 0.0446125 36.5709 -0.815831 0.490293 -0.306647 45.7551 -0.28669 0.117609 0.950777 66.3835 0 0 0 1 
Seq_Frame0052_ForcepToReference-SequenceTransformStatus = OK
Seq_Frame0052_Timestamp = 5.513
Seq_Frame0053_ForcepToReference-SequenceTransform =0.502372 0.86339 0.0466952 36.5734 -0.815833 0.491206 -0.305178 45.7827 -0.286425 0.115218 0.95115 66.3782 0 0 0 1 
Seq_Frame0053_ForcepToReference-SequenceTransformStatus = OK
Seq_Frame0053_Timestamp = 5.622
Seq_Frame0054_ForcepToReference-SequenceTransform =0.502357 0.863465 0.0454416 36.5602 -0.816147 0.490872 -0.304874 45.8401 -0.285554 0.116069 0.951308 66.3172 0 0 0 1 
Seq_Frame0054_ForcepToReference-SequenceTransformStatus = OK
Seq_Frame0054_Timestamp = 5.734
Seq_Frame0055_ForcepToReference-SequenceTransform =0.502175 0.863622 0.0444656 36.5757 -0.815766 0.490156 -0.307039 45.7818 -0.286961 0.117914 0.950657 66.3333 0 0 0 1 
Seq_Frame0055_ForcepToReference-SequenceTransformStatus = OK
Seq_Frame0055_Timestamp = 5.837
Seq_Frame0056_ForcepToReference-SequenceTransform =0.502427 0.863461 0.0447588 36.5635 -0.815464 0.490433 -0.307399 45.7559 -0.287378 0.117946 0.950528 66.4052 0 0 0 1 
Seq_Frame0056_ForcepToReference-SequenceTransformStatus = OK
Seq_Frame0056_Timestamp = 5.937
Seq_Frame0057_ForcepToReference-SequenceTransform =0.502217 0.863601 0.0444122 36.5292 -0.816252 0.490386 -0.305374 45.7961 -0.285501 0.117113 0.951196 66.3448 0 0 0 1 
Seq_Frame0057_ForcepToReference-SequenceTransformStatus = OK
Seq_Frame0057_Timestamp = 6.042
Seq_Frame0058_ForcepToReference-SequenceTransform =0.502412 0.863575 0.0426719 36.4256 -0.817179 0.490387 -0.302884 46.0127 -0.282489 0.117302 0.952072 66.0868 0 0 0 1 
Seq_Frame0058_ForcepToReference-SequenceTransformStatus = OK
Seq_Frame0058_Timestamp = 6.142
Seq_Frame0059_ForcepToReference-SequenceTransform =0.502368 0.863514 0.0443828 36.4971 -0.816847 0.490798 -0.303114 45.9688 -0.283526 0.116021 0.95192 66.0952 0 0 0 1 
Seq_Frame0059_ForcepToReference-SequenceTransformStatus = OK
Seq_Frame0059_Timestamp = 6.247
Seq_Frame0060_ForcepToReference-SequenceTransform =0.50239 0.86348 0.0447891 36.5334 -0.815975 0.49061 -0.305755 45.8284 -0.285987 0.117061 0.951056 66.3125 0 0 0 1 
Seq_Frame0060_ForcepToReference-SequenceTransformStatus = OK
Seq_Frame0060_Timestamp = 6.348
Seq_Frame0061_ForcepToReference-SequenceTransform =0.501554 0.864043 0.0432702 36.5514 -0.816436 0.489277 -0.30666 45.7169 -0.286139 0.11848 0.950835 66.4075 0 0 0 1 
Seq_Frame0061_ForcepToReference-SequenceTransformStatus = OK
Seq_Frame0061_Timestamp = 6.459
Seq_Frame0062_ForcepToReference-SequenceTransform =0.502026 0.863711 0.0444153 36.553 -0.816364 0.490208 -0.305361 45.8166 -0.285517 0.11704 0.9512 66.3084 0 0 0 1 
Seq_Frame0062_ForcepToReference-SequenceTransformStatus = OK
Seq_Frame0062_Timestamp = 6.568
Seq_Frame0063_ForcepToReference-SequenceTransform =0.502281 0.863545 0.0447729 36.552 -0.816163 0.490552 -0.305347 45.8266 -0.285645 0.116828 0.951188 66.3519 0 0 0 1 
Seq_Frame0063_ForcepToReference-SequenceTransformStatus = OK
Seq_Frame0063_Timestamp = 6.668
Seq_Frame0064_ForcepToReference-SequenceTransform =0.502117 0.863657 0.0444399 36.5512 -0.816228 0.490269 -0.305628 45.8218 -0.285746 0.117188 0.951113 66.346 0 0 0 1 
Seq_Frame0064_ForcepToReference-SequenceTransformStatus = OK
Seq_Frame0064_Timestamp = 6.773
Seq_Frame0065_ForcepToReference-SequenceTransform =0.502107 0.863678 0.0441502 36.5335 -0.816624 0.490317 -0.304489 45.8555 -0.284628 0.116832 0.951492 66.326 0 0 0 1 
Seq_Frame0065_ForcepToReference-SequenceTransformStatus = OK
Seq_Frame0065_Timestamp = 6.882
Seq_Frame0066_ForcepToReference-SequenceTransform =0.502245 0.863579 0.0445147 36.5506 -0.816227 0.490445 -0.305346 45.8203 -0.285522 0.117024 0.9512 66.3758 0 0 0 1 
Seq_Frame0066_ForcepToReference-SequenceTransformStatus = OK
Seq_Frame0066_Timestamp = 6.987
Seq_Frame0067_ForcepToReference-SequenceTransform =0.502495 0.863406 0.0450447 36.5551 -0.816208 0.490919 -0.304636 45.8988 -0.285137 0.116312 0.951403 66.2716 0 0 0 1 
Seq_Frame0067_ForcepToReference-SequenceTransformStatus = OK
Seq_Frame0067_Timestamp = 7.092
Seq_Frame0068_ForcepToReference-SequenceTransform =0.501978 0.863757 0.0440702 36.5594 -0.816622 0.490136 -0.304787 45.844 -0.284862 0.117008 0.951401 66.3244 0 0 0 1 
Seq_Frame0068_ForcepToReference-SequenceTransformStatus = OK
Seq_Frame0068_Timestamp = 7.198
Seq_Frame0069_ForcepToReference-SequenceTransform =0.502271 0.863559 0.0446012 36.563 -0.815972 0.490403 -0.306097 45.8298 -0.286206 0.117351 0.950955 66.3656 0 0 0 1 
Seq_Frame0069_ForcepToReference-SequenceTransformStatus = OK
Seq_Frame0069_Timestamp = 7.301
Seq_Frame0070_ForcepToReference-SequenceTransform =0.502217 0.863571 0.0449747 36.551 -0.816442 0.490663 -0.304421 45.8562 -0.284957 0.116166 0.951475 66.3008 0 0 0 1 
Seq_Frame0070_ForcepToReference-SequenceTransformStatus = OK
Seq_Frame0070_Timestamp = 7.403
Seq_Frame0071_ForcepToReference-SequenceTransform =0.50184 0.863841 0.0439993 36.5566 -0.8164 0.489857 -0.305828 45.749 -0.28574 0.117556 0.95107 66.4227 0 0 0 1 
Seq_Frame0071_ForcepToReference-SequenceTransformStatus = OK
Seq_Frame0071_Timestamp = 7.503
Seq_Frame0072_ForcepToReference-SequenceTransform =0.502624 0.863337 0.0449359 36.5418 -0.815938 0.490923 -0.305352 45.8641 -0.285681 0.116812 0.951179 66.3109 0 0 0 1 
Seq_Frame0072_ForcepToReference-SequenceTransformStatus = OK
Seq_Frame0072_Timestamp = 7.614
Seq_Frame0073_ForcepToReference-SequenceTransform =0.502111 0.863676 0.0441366 36.5412 -0.816666 0.490334 -0.304349 45.8565 -0.284501 0.116772 0.951537 66.315 0 0 0 1 
Seq_Frame0073_ForcepToReference-SequenceTransformStatus = OK
Seq_Frame0073_Timestamp = 7.726
Seq_Frame0074_ForcepToReference-SequenceTransform =0.501953 0.86378 0.0439101 36.5555 -0.816436 0.489973 -0.305548 45.8212 -0.285441 0.117521 0.951164 66.3819 0 0 0 1 
Seq_Frame0074_ForcepToReference-SequenceTransformStatus = OK
Seq_Frame0074_Timestamp = 7.832
Seq_Frame0075_ForcepToReference-SequenceTransform =0.502363 0.863495 0.0448086 36.5501 -0.816133 0.49065 -0.305268 45.8392 -0.285583 0.116786 0.951212 66.371 0 0 0 1 
Seq_Frame0075_ForcepToReference-SequenceTransformStatus = OK
Seq_Frame0075_Timestamp = 7.938
Seq_Frame0076_ForcepToReference-SequenceTransform =0.502151 0.86364 0.044397 36.5558 -0.816381 0.490356 -0.30508 45.8345 -0.285249 0.116951 0.951291 66.2923 0 0 0 1 
Seq_Frame0076_ForcepToReference-SequenceTransformStatus = OK
Seq_Frame0076_Timestamp = 8.052
Seq_Frame0077_ForcepToReference-SequenceTransform =0.501852 0.863836 0.0439431 36.5497 -0.816722 0.489984 -0.304763 45.8213 -0.284796 0.117056 0.951414 66.3678 0 0 0 1 
Seq_Frame0077_ForcepToReference-SequenceTransformStatus = OK
Seq_Frame0077_Timestamp = 8.157
Seq_Frame0078_ForcepToReference-SequenceTransform =0.502137 0.863631 0.0447186 36.5428 -0.816577 0.490534 -0.304266 45.8522 -0.28471 0.116267 0.951537 66.2901 0 0 0 1 
Seq_Frame0078_ForcepToReference-SequenceTransformStatus = OK
Seq_Frame0078_Timestamp = 8.259
Seq_Frame0079_ForcepToReference-SequenceTransform =0.50194 0.863774 0.0441755 36.5389 -0.81671 0.490164 -0.304507 45.818 -0.284679 0.116766 0.951485 66.3573 0 0 0 1 
Seq_Frame0079_ForcepToReference-SequenceTransformStatus = OK
Seq_Frame0079_Timestamp = 8.362
Seq_Frame0080_ForcepToReference-SequenceTransform =0.501928 0.863778 0.0442242 36.552 -0.816544 0.4901 -0.305053 45.7839 -0.285172 0.117004 0.951308 66.3928 0 0 0 1 
Seq_Frame0080_ForcepToReference-SequenceTransformStatus = OK
Seq_Frame0080_Timestamp = 8.468
Seq_Frame0081_ForcepToReference-SequenceTransform =0.502629 0.863377 0.0440928 36.5365 -0.816099 0.490697 -0.305286 45.9328 -0.285213 0.117462 0.951239 66.2129 0 0 0 1 
Seq_Frame0081_ForcepToReference-SequenceTransformStatus = OK
Seq_Frame0081_Timestamp = 8.572
Seq_Frame0082_ForcepToReference-SequenceTransform =0.501857 0.863865 0.0433098 36.5399 -0.81698 0.489873 -0.30425 45.8673 -0.284047 0.117307 0.951607 66.2872 0 0 0 1 
Seq_Frame0082_ForcepToReference-SequenceTransformStatus = OK
Seq_Frame0082_Timestamp = 8.673
Seq_Frame0083_ForcepToReference-SequenceTransform =0.502351 0.863484 0.0451619 36.5597 -0.815873 0.490655 -0.305957 45.7997 -0.286348 0.116851 0.950974 66.3621 0 0 0 1 
Seq_Frame0083_ForcepToReference-SequenceTransformStatus = OK
Seq_Frame0083_Timestamp = 8.777
Seq_Frame0084_ForcepToReference-SequenceTransform =0.501728 0.863911 0.0439001 36.5569 -0.816434 0.489704 -0.305982 45.7123 -0.28584 0.117678 0.951024 66.4463 0 0 0 1 
Seq_Frame0084_ForcepToReference-SequenceTransformStatus = OK
Seq_Frame0084_Timestamp = 8.882
Seq_Frame0085_ForcepToReference-SequenceTransform =0.501563 0.864 0.0440343 36.5648 -0.816771 0.489695 -0.305096 45.7488 -0.285167 0.117059 0.951303 66.3701 0 0 0 1 
Seq_Frame0085_ForcepToReference-SequenceTransformStatus = OK
Seq_Frame0085_Timestamp = 8.987
Seq_Frame0086_ForcepToReference-SequenceTransform =0.501816 0.863844 0.0442121 36.5544 -0.816685 0.490021 -0.304802 45.8007 -0.284966 0.116847 0.951389 66.3367 0 0 0 1 
Seq_Frame0086_ForcepToReference-SequenceTransformStatus = OK
Seq_Frame0086_Timestamp = 9.088
Seq_Frame0087_ForcepToReference-SequenceTransform =0.501902 0.863784 0.0444149 36.5597 -0.816269 0.490023 -0.305913 45.7511 -0.286007 0.117284 0.951023 66.3978 0 0 0 1 
Seq_Frame0087_ForcepToReference-SequenceTransformStatus = OK
Seq_Frame0087_Timestamp = 9.197
Seq_Frame0088_ForcepToReference-SequenceTransform =0.501744 0.863921 0.0435099 36.5546 -0.816525 0.489622 -0.305872 45.7371 -0.285553 0.117943 0.951078 66.399 0 0 0 1 
Seq_Frame0088_ForcepToReference-SequenceTransformStatus = OK
Seq_Frame0088_Timestamp = 9.304
Seq_Frame0089_ForcepToReference-SequenceTransform =0.502159 0.863627 0.0445535 36.5355 -0.816479 0.490461 -0.304648 45.8124 -0.284954 0.116605 0.951422 66.341 0 0 0 1 
Seq_Frame0089_ForcepToReference-SequenceTransformStatus = OK
Seq_Frame0089_Timestamp = 9.411
Seq_Frame0090_ForcepToReference-SequenceTransform =0.502382 0.863523 0.0440448 36.5138 -0.816401 0.490512 -0.304776 45.8632 -0.284785 0.117156 0.951405 66.3138 0 0 0 1 
Seq_Frame0090_ForcepToReference-SequenceTransformStatus = OK
Seq_Frame0090_Timestamp = 9.516
Seq_Frame0091_ForcepToReference-SequenceTransform =0.502451 0.863441 0.0448691 36.5495 -0.815989 0.490716 -0.30555 45.8429 -0.285842 0.116911 0.951118 66.3466 0 0 0 1 
Seq_Frame0091_ForcepToReference-SequenceTransformStatus = OK
Seq_Frame0091_Timestamp = 9.624
Seq_Frame0092_ForcepToReference-SequenceTransform =0.501972 0.86379 0.0434749 36.5531 -0.816563 0.489895 -0.305333 45.8602 -0.285042 0.117769 0.951253 66.2611 0 0 0 1 
Seq_Frame0092_ForcepToReference-SequenceTransformStatus = OK
Seq_Frame0092_Timestamp = 9.727
Seq_Frame0093_ForcepToReference-SequenceTransform =0.502357 0.86356 0.0436147 36.5436 -0.815847 0.490102 -0.306909 45.8203 -0.28641 0.118595 0.950739 66.3477 0 0 0 1 
Seq_Frame0093_ForcepToReference-SequenceTransformStatus = OK
Seq_Frame0093_Timestamp = 9.834
Seq_Frame0094_ForcepToReference-SequenceTransform =0.501955 0.863742 0.0446181 36.557 -0.816798 0.490374 -0.303931 45.8699 -0.284398 0.116116 0.951649 66.2773 0 0 0 1 
Seq_Frame0094_ForcepToReference-SequenceTransformStatus = OK
Seq_Frame0094_Timestamp = 9.939
Seq_Frame0095_ForcepToReference-SequenceTransform =0.502366 0.863469 0.0452714 36.5593 -0.815894 0.49072 -0.305795 45.8295 -0.286261 0.116685 0.95102 66.3326 0 0 0 1 
Seq_Frame0095_ForcepToReference-SequenceTransformStatus = OK
Seq_Frame0095_Timestamp = 10.044
Seq_Frame0096_ForcepToReference-SequenceTransform =0.501902 0.863855 0.0429984 36.5517 -0.816089 0.489447 -0.307312 45.7318 -0.286518 0.11915 0.950637 66.4602 0 0 0 1 
Seq_Frame0096_ForcepToReference-SequenceTransformStatus = OK
Seq_Frame0096_Timestamp = 10.154
Seq_Frame0097_ForcepToReference-SequenceTransform =0.501662 0.864012 0.0426526 36.5251 -0.817123 0.48947 -0.304514 45.847 -0.283981 0.117911 0.951552 66.2614 0 0 0 1 
Seq_Frame0097_ForcepToReference-SequenceTransformStatus = OK
Seq_Frame0097_Timestamp = 10.26
Seq_Frame0098_ForcepToReference-SequenceTransform =0.50208 0.863705 0.043937 36.5275 -0.816671 0.490229 -0.304505 45.8585 -0.284541 0.117004 0.951497 66.2677 0 0 0 1 
Seq_Frame0098_ForcepToReference-SequenceTransformStatus = OK
Seq_Frame0098_Timestamp = 10.367
Seq_Frame0099_ForcepToReference-SequenceTransform =0.502044 0.863709 0.0442669 36.5528 -0.816163 0.490095 -0.30608 45.7887 -0.286059 0.117537 0.950976 66.3843 0 0 0 1 
Seq_Frame0099_ForcepToReference-SequenceTransformStatus = OK
Seq_Frame0099_Timestamp = 10.47
Seq_Frame0100_ForcepToReference-SequenceTransform =0.501931 0.8638 0.0437621 36.5373 -0.816416 0.489887 -0.305739 45.8002 -0.285536 0.117732 0.951109 66.3215 0 0 0 1 
Seq_Frame0100_ForcepToReference-SequenceTransformStatus = OK
Seq_Frame0100_Timestamp = 10.575
Seq_Frame0101_ForcepToReference-SequenceTransform =0.501915 0.863819 0.0435567 36.5231 -0.816722 0.489922 -0.304864 45.814 -0.284686 0.117442 0.9514 66.3225 0 0 0 1 
Seq_Frame0101_ForcepToReference-SequenceTransformStatus = OK
Seq_Frame0101_Timestamp = 10.682
Seq_Frame0102_ForcepToReference-SequenceTransform =0.502028 0.863728 0.0440748 36.5475 -0.816479 0.490138 -0.305168 45.8292 -0.285185 0.117217 0.951278 66.2959 0 0 0 1 
Seq_Frame0102_ForcepToReference-SequenceTransformStatus = OK
Seq_Frame0102_Timestamp = 10.785
Seq_Frame0103_ForcepToReference-SequenceTransform =0.501792 0.863833 0.0446872 36.5282 -0.816857 0.49023 -0.304005 45.8227 -0.284516 0.116044 0.951622 66.3074 0 0 0 1 
Seq_Frame0103_ForcepToReference-SequenceTransformStatus = OK
Seq_Frame0103_Timestamp = 10.891
Seq_Frame0104_ForcepToReference-SequenceTransform =0.502092 0.86366 0.0446679 36.5407 -0.816322 0.490358 -0.305233 45.8004 -0.285521 0.116792 0.95123 66.3352 0 0 0 1 
Seq_Frame0104_ForcepToReference-SequenceTransformStatus = OK
Seq_Frame0104_Timestamp = 10.997
Seq_Frame0105_ForcepToReference-SequenceTransform =0.502049 0.863689 0.0445863 36.5491 -0.816404 0.490312 -0.305088 45.829 -0.285362 0.116768 0.95128 66.3082 0 0 0 1 
Seq_Frame0105_ForcepToReference-SequenceTransformStatus = OK
Seq_Frame0105_Timestamp = 11.101
Seq_Frame0106_ForcepToReference-SequenceTransform =0.502176 0.863645 0.0440131 36.5577 -0.816118 0.490141 -0.306125 45.8326 -0.285956 0.117808 0.950973 66.3291 0 0 0 1 
Seq_Frame0106_ForcepToReference-SequenceTransformStatus = OK
Seq_Frame0106_Timestamp = 11.208
Seq_Frame0107_ForcepToReference-SequenceTransform =0.501729 0.863939 0.0433364 36.5536 -0.816423 0.489501 -0.306337 45.7577 -0.285869 0.118317 0.950936 66.3474 0 0 0 1 
Seq_Frame0107_ForcepToReference-SequenceTransformStatus = OK
Seq_Frame0107_Timestamp = 11.314
Seq_Frame0108_ForcepToReference-SequenceTransform =0.501409 0.86412 0.043428 36.5378 -0.817051 0.489415 -0.304797 45.7271 -0.284636 0.117345 0.951427 66.3774 0 0 0 1 
Seq_Frame0108_ForcepToReference-SequenceTransformStatus = OK
Seq_Frame0108_Timestamp = 11.418
Seq_Frame0109_ForcepToReference-SequenceTransform =0.502399 0.863545 0.0434265 36.5667 -0.815497 0.489939 -0.308097 45.7751 -0.287332 0.119373 0.950363 66.4532 0 0 0 1 
Seq_Frame0109_ForcepToReference-SequenceTransformStatus = OK
Seq_Frame0109_Timestamp = 11.526
Seq_Frame0110_ForcepToReference-SequenceTransform =0.502166 0.863624 0.0445407 36.58 -0.815311 0.489985 -0.308516 45.7516 -0.288266 0.118612 0.950176 66.4566 0 0 0 1 
Seq_Frame0110_ForcepToReference-SequenceTransformStatus = OK
Seq_Frame0110_Timestamp = 11.629
Seq_Frame0111_ForcepToReference-SequenceTransform =0.501966 0.863727 0.0447818 36.6056 -0.815363 0.489857 -0.308583 45.7592 -0.288468 0.118384 0.950143 66.4156 0 0 0 1 
Seq_Frame0111_ForcepToReference-SequenceTransformStatus = OK
Seq_Frame0111_Timestamp = 11.742
Seq_Frame0112_ForcepToReference-SequenceTransform =0.501827 0.863817 0.044616 36.6022 -0.815379 0.489641 -0.308883 45.6867 -0.288664 0.118627 0.950053 66.582 0 0 0 1 
Seq_Frame0112_ForcepToReference-SequenceTransformStatus = OK
Seq_Frame0112_Timestamp = 11.846
Seq_Frame0113_ForcepToReference-SequenceTransform =0.502388 0.863545 0.0435458 36.5542 -0.815264 0.489873 -0.308821 45.8067 -0.288012 0.119647 0.950123 66.3886 0 0 0 1 
Seq_Frame0113_ForcepToReference-SequenceTransformStatus = OK
Seq_Frame0113_Timestamp = 11.954
Seq_Frame0114_ForcepToReference-SequenceTransform =0.500675 0.86464 0.0414877 36.5844 -0.816522 0.48764 -0.309029 45.6602 -0.28743 0.120847 0.950147 66.4518 0 0 0 1 
Seq_Frame0114_ForcepToReference-SequenceTransformStatus = OK
Seq_Frame0114_Timestamp = 12.065
Seq_Frame0115_ForcepToReference-SequenceTransform =0.500506 0.864704 0.0422006 36.553 -0.817707 0.488188 -0.305005 45.7043 -0.284341 0.118149 0.951415 66.2753 0 0 0 1 
Seq_Frame0115_ForcepToReference-SequenceTransformStatus = OK
Seq_Frame0115_Timestamp = 12.174
Seq_Frame0116_ForcepToReference-SequenceTransform =0.500501 0.864704 0.0422558 36.5553 -0.817612 0.488163 -0.305298 45.694 -0.28462 0.118253 0.951319 66.3184 0 0 0 1 
Seq_Frame0116_ForcepToReference-SequenceTransformStatus = OK
Seq_Frame0116_Timestamp = 12.278
Seq_Frame0117_ForcepToReference-SequenceTransform =0.501573 0.864059 0.0427399 36.5494 -0.81659 0.489174 -0.306413 45.7933 -0.285666 0.118787 0.950939 66.293 0 0 0 1 
Seq_Frame0117_ForcepToReference-SequenceTransformStatus = OK
Seq_Frame0117_Timestamp = 12.384
Seq_Frame0118_ForcepToReference-SequenceTransform =0.501575 0.864063 0.0426337 36.5376 -0.816743 0.489203 -0.30596 45.7682 -0.285225 0.118641 0.951089 66.3614 0 0 0 1 
Seq_Frame0118_ForcepToReference-SequenceTransformStatus = OK
Seq_Frame0118_Timestamp = 12.487
Seq_Frame0119_ForcepToReference-SequenceTransform =0.502655 0.863352 0.0442894 36.5765 -0.814622 0.490187 -0.310013 45.7444 -0.28936 0.11975 0.9497 66.4518 0 0 0 1 
Seq_Frame0119_ForcepToReference-SequenceTransformStatus = OK
Seq_Frame0119_Timestamp = 12.593
Seq_Frame0120_ForcepToReference-SequenceTransform =0.503544 0.862771 0.0454968 36.5642 -0.813678 0.49128 -0.310761 45.7782 -0.290467 0.119462 0.949399 66.5575 0 0 0 1 
Seq_Frame0120_ForcepToReference-SequenceTransformStatus = OK
Seq_Frame0120_Timestamp = 12.7
Seq_Frame0121_ForcepToReference-SequenceTransform =0.503893 0.862526 0.0462649 36.5671 -0.813263 0.491796 -0.311032 45.842 -0.291026 0.119101 0.949273 66.479 0 0 0 1 
Seq_Frame0121_ForcepToReference-SequenceTransformStatus = OK
Seq_Frame0121_Timestamp = 12.804
Seq_Frame0122_ForcepToReference-SequenceTransform =0.50269 0.863311 0.0446899 36.5618 -0.81498 0.490519 -0.308543 45.8162 -0.28829 0.11868 0.95016 66.4301 0 0 0 1 
Seq_Frame0122_ForcepToReference-SequenceTransformStatus = OK
Seq_Frame0122_Timestamp = 12.91
Seq_Frame0123_ForcepToReference-SequenceTransform =0.50194 0.863797 0.0437127 36.5264 -0.816607 0.489959 -0.305111 45.7805 -0.284972 0.117451 0.951313 66.42 0 0 0 1 
Seq_Frame0123_ForcepToReference-SequenceTransformStatus = OK
Seq_Frame0123_Timestamp = 13.017
Seq_Frame0124_ForcepToReference-SequenceTransform =0.502219 0.863569 0.0449956 36.542 -0.816176 0.490565 -0.305291 45.7949 -0.285713 0.116599 0.951196 66.3889 0 0 0 1 
Seq_Frame0124_ForcepToReference-SequenceTransformStatus = OK
Seq_Frame0124_Timestamp = 13.12
Seq_Frame0125_ForcepToReference-SequenceTransform =0.502102 0.863643 0.0448669 36.559 -0.816038 0.490325 -0.306046 45.7811 -0.286314 0.117053 0.950959 66.3697 0 0 0 1 
Seq_Frame0125_ForcepToReference-SequenceTransformStatus = OK
Seq_Frame0125_Timestamp = 13.226
Seq_Frame0126_ForcepToReference-SequenceTransform =0.501872 0.863785 0.0447276 36.5188 -0.816938 0.490372 -0.303558 45.8336 -0.284142 0.115807 0.951763 66.2644 0 0 0 1 
Seq_Frame0126_ForcepToReference-SequenceTransformStatus = OK
Seq_Frame0126_Timestamp = 13.33
Seq_Frame0127_ForcepToReference-SequenceTransform =0.503921 0.862474 0.0469243 36.5787 -0.813801 0.492286 -0.308842 45.9149 -0.289468 0.117445 0.949955 66.3752 0 0 0 1 
Seq_Frame0127_ForcepToReference-SequenceTransformStatus = OK
Seq_Frame0127_Timestamp = 13.436
Seq_Frame0128_ForcepToReference-SequenceTransform =0.502427 0.863456 0.0448381 36.5564 -0.816059 0.490706 -0.305376 45.8758 -0.285681 0.116839 0.951176 66.301 0 0 0 1 
Seq_Frame0128_ForcepToReference-SequenceTransformStatus = OK
Seq_Frame0128_Timestamp = 13.542
Seq_Frame0129_ForcepToReference-SequenceTransform =0.502458 0.863405 0.0454707 36.5677 -0.815589 0.490774 -0.306522 45.8433 -0.286969 0.116929 0.950777 66.3645 0 0 0 1 
Seq_Frame0129_ForcepToReference-SequenceTransformStatus = OK
Seq_Frame0129_Timestamp = 13.647
Seq_Frame0130_ForcepToReference-SequenceTransform =0.502948 0.863122 0.0454294 36.5737 -0.81479 0.49101 -0.308263 45.8898 -0.288375 0.118025 0.950216 66.3719 0 0 0 1 
Seq_Frame0130_ForcepToReference-SequenceTransformStatus = OK
Seq_Frame0130_Timestamp = 13.754
Seq_Frame0131_ForcepToReference-SequenceTransform =0.502377 0.863511 0.0443372 36.573 -0.815653 0.490302 -0.307107 45.8729 -0.286929 0.11812 0.950642 66.3565 0 0 0 1 
Seq_Frame0131_ForcepToReference-SequenceTransformStatus = OK
Seq_Frame0131_Timestamp = 13.859
Seq_Frame0132_ForcepToReference-SequenceTransform =0.501792 0.863892 0.043547 36.5465 -0.816711 0.489768 -0.30514 45.8019 -0.284936 0.117551 0.951311 66.3441 0 0 0 1 
Seq_Frame0132_ForcepToReference-SequenceTransformStatus = OK
Seq_Frame0132_Timestamp = 13.964
Seq_Frame0133_ForcepToReference-SequenceTransform =0.501962 0.863789 0.0436072 36.5403 -0.81663 0.489957 -0.305052 45.7999 -0.284866 0.117514 0.951337 66.3692 0 0 0 1 
Seq_Frame0133_ForcepToReference-SequenceTransformStatus = OK
Seq_Frame0133_Timestamp = 14.074
Seq_Frame0134_ForcepToReference-SequenceTransform =0.501755 0.863852 0.0447383 36.5451 -0.816497 0.490058 -0.305248 45.7198 -0.285613 0.116631 0.951222 66.3593 0 0 0 1 
Seq_Frame0134_ForcepToReference-SequenceTransformStatus = OK
Seq_Frame0134_Timestamp = 14.18
Seq_Frame0135_ForcepToReference-SequenceTransform =0.502484 0.863372 0.0458041 36.5402 -0.814532 0.490493 -0.309764 45.4231 -0.289908 0.118343 0.94971 66.731 0 0 0 1 
Seq_Frame0135_ForcepToReference-SequenceTransformStatus = OK
Seq_Frame0135_Timestamp = 14.29
Seq_Frame0136_ForcepToReference-SequenceTransform =0.510839 0.856443 0.0744874 36.2921 -0.805541 0.507131 -0.306466 45.5013 -0.300246 0.0965522 0.948963 67.9685 0 0 0 1 
Seq_Frame0136_ForcepToReference-SequenceTransformStatus = OK
Seq_Frame0136_Timestamp = 14.394
Seq_Frame0137_ForcepToReference-SequenceTransform =0.496841 0.867667 0.0173997 36.3094 -0.81309 0.472411 -0.340164 45.0636 -0.303369 0.15486 0.940205 65.922 0 0 0 1 
Seq_Frame0137_ForcepToReference-SequenceTransformStatus = OK
Seq_Frame0137_Timestamp = 14.499
Seq_Frame0138_ForcepToReference-SequenceTransform =0.526908 0.849834 0.0122452 36.3299 -0.801611 0.501694 -0.325151 48.3392 -0.282468 0.161509 0.945583 70.4498 0 0 0 1 
Seq_Frame0138_ForcepToReference-SequenceTransformStatus = OK
Seq_Frame0138_Timestamp = 14.605
Seq_Frame0139_ForcepToReference-SequenceTransform =0.635076 0.753933 0.168119 34.6143 -0.734066 0.656805 -0.172494 56.4907 -0.24047 -0.0138636 0.970557 63.7739 0 0 0 1 
Seq_Frame0139_ForcepToReference-SequenceTransformStatus = OK
Seq_Frame0139_Timestamp = 14.711
Seq_Frame0140_ForcepToReference-SequenceTransform =0.923404 -0.0407065 0.381664 22.9278 -0.163942 0.857266 0.488076 112.21 -0.347056 -0.513262 0.784929 16.3074 0 0 0 1 
Seq_Frame0140_ForcepToReference-SequenceTransformStatus = OK
Seq_Frame0140_Timestamp = 14.819
Seq_Frame0141_ForcepToReference-SequenceTransform =-0.651556 0.718189 -0.244292 -3.17793 -0.190575 -0.466667 -0.863657 165.851 -0.734272 -0.516165 0.440929 -29.8759 0 0 0 1 
Seq_Frame0141_ForcepToReference-SequenceTransformStatus = OK
Seq_Frame0141_Timestamp = 14.957
Seq_Frame0142_ForcepToReference-SequenceTransform =-0.67511 0.737685 0.00689364 -23.9732 -0.425782 -0.381999 -0.820236 179.185 -0.602443 -0.556684 0.571984 -23.1709 0 0 0 1 
Seq_Frame0142_ForcepToReference-SequenceTransformStatus = OK
Seq_Frame0142_Timestamp = 15.062
Seq_Frame0143_ForcepToReference-SequenceTransform =-0.696961 0.710008 0.100667 -34.2227 -0.415836 -0.285783 -0.86337 187.207 -0.584231 -0.643596 0.494427 -5.41587 0 0 0 1 
Seq_Frame0143_ForcepToReference-SequenceTransformStatus = OK
Seq_Frame0143_Timestamp = 15.171
Seq_Frame0144_ForcepToReference-SequenceTransform =-0.679089 0.717677 0.154203 -42.0344 -0.404729 -0.190813 -0.894307 191.413 -0.6124 -0.669724 0.420043 0.615259 0 0 0 1 
Seq_Frame0144_ForcepToReference-SequenceTransformStatus = OK
Seq_Frame0144_Timestamp = 15.277
Seq_Frame0145_ForcepToReference-SequenceTransform =-0.667359 0.71573 0.205823 -46.8684 -0.432841 -0.147862 -0.889261 189.061 -0.606037 -0.682545 0.408474 1.14769 0 0 0 1 
Seq_Frame0145_ForcepToReference-SequenceTransformStatus = OK
Seq_Frame0145_Timestamp = 15.384
Seq_Frame0146_ForcepToReference-SequenceTransform =-0.0873673 0.688007 0.720426 -52.7583 -0.652374 0.507026 -0.563324 186.112 -0.752845 -0.519203 0.40454 2.22491 0 0 0 1 
Seq_Frame0146_ForcepToReference-SequenceTransformStatus = OK
Seq_Frame0146_Timestamp = 15.488
Seq_Frame0147_ForcepToReference-SequenceTransform =-0.0759825 0.538346 0.839291 -66.6211 -0.626073 0.629359 -0.460369 188.795 -0.776054 -0.560438 0.289224 -2.31597 0 0 0 1 
Seq_Frame0147_ForcepToReference-SequenceTransformStatus = OK
Seq_Frame0147_Timestamp = 15.639
Seq_Frame0148_ForcepToReference-SequenceTransform =-0.0841138 0.338991 0.937022 -79.9476 -0.635372 0.706148 -0.312502 197.134 -0.767611 -0.621643 0.155989 -4.60742 0 0 0 1 
Seq_Frame0148_ForcepToReference-SequenceTransformStatus = OK
Seq_Frame0148_Timestamp = 15.744
Seq_Frame0149_ForcepToReference-SequenceTransform =-0.0279659 0.234286 0.971765 -81.3047 -0.76135 0.624949 -0.172582 179.379 -0.647737 -0.74468 0.160897 -9.52696 0 0 0 1 
Seq_Frame0149_ForcepToReference-SequenceTransformStatus = OK
Seq_Frame0149_Timestamp = 15.851
Seq_Frame0150_ForcepToReference-SequenceTransform =0.0198835 0.319708 0.947307 -74.3866 -0.677962 0.700695 -0.222248 186.807 -0.734828 -0.63782 0.230682 -9.38881 0 0 0 1 
Seq_Frame0150_ForcepToReference-SequenceTransformStatus = OK
Seq_Frame0150_Timestamp = 15.954
Seq_Frame0151_ForcepToReference-SequenceTransform =0.0349958 0.250135 0.967578 -71.004 -0.614693 0.768764 -0.176506 196.52 -0.787989 -0.588587 0.18066 -3.24625 0 0 0 1 
Seq_Frame0151_ForcepToReference-SequenceTransformStatus = OK
Seq_Frame0151_Timestamp = 16.061
