ObjectType = Image
NDims = 3
AnatomicalOrientation = RAI
BinaryData = True
CompressedData = False
DimSize = 0 0 1669
ElementSpacing = 1 1 1
Offset = 0 0 0
TransformMatrix = 1 0 0 0 1 0 0 0 1
ElementType = MET_UCHAR
Kinds = domain domain list
Seq_Frame0000_DriverToReference-SequenceTransform =-0.775768 -0.629598 -0.0423137 134.631 -0.535938 0.621997 0.570869 18.8638 -0.333099 0.465539 -0.81995 36.7698 0 0 0 1 
Seq_Frame0000_DriverToReference-SequenceTransformStatus = OK
Seq_Frame0000_Timestamp = 0.00399995
Seq_Frame0001_DriverToReference-SequenceTransform =-0.776613 -0.627971 -0.050246 134.671 -0.537775 0.619295 0.572077 19.1568 -0.32813 0.471304 -0.818659 36.1224 0 0 0 1 
Seq_Frame0001_DriverToReference-SequenceTransformStatus = OK
Seq_Frame0001_Timestamp = 0.105
Seq_Frame0002_DriverToReference-SequenceTransform =-0.776316 -0.628528 -0.0478102 134.617 -0.536922 0.61962 0.572526 19.051 -0.330224 0.470131 -0.818492 36.5499 0 0 0 1 
Seq_Frame0002_DriverToReference-SequenceTransformStatus = OK
Seq_Frame0002_Timestamp = 0.21
Seq_Frame0003_DriverToReference-SequenceTransform =-0.775429 -0.629807 -0.0453066 134.636 -0.535515 0.617923 0.575669 19.0201 -0.334564 0.470653 -0.816427 36.3984 0 0 0 1 
Seq_Frame0003_DriverToReference-SequenceTransformStatus = OK
Seq_Frame0003_Timestamp = 0.319
Seq_Frame0004_DriverToReference-SequenceTransform =-0.676714 -0.728692 0.105199 144.765 -0.493298 0.554829 0.669942 44.6076 -0.546548 0.401464 -0.734923 24.9155 0 0 0 1 
Seq_Frame0004_DriverToReference-SequenceTransformStatus = OK
Seq_Frame0004_Timestamp = 1.137
Seq_Frame0005_DriverToReference-SequenceTransform =-0.438388 -0.716846 0.54217 151.576 -0.28595 0.683121 0.671995 89.6661 -0.852085 0.139561 -0.504454 5.14659 0 0 0 1 
Seq_Frame0005_DriverToReference-SequenceTransformStatus = OK
Seq_Frame0005_Timestamp = 1.237
Seq_Frame0006_DriverToReference-SequenceTransform =-0.438388 -0.716846 0.54217 151.576 -0.28595 0.683121 0.671995 89.6661 -0.852085 0.139561 -0.504454 5.14659 0 0 0 1 
Seq_Frame0006_DriverToReference-SequenceTransformStatus = OK
Seq_Frame0006_Timestamp = 1.346
Seq_Frame0007_DriverToReference-SequenceTransform =0.174501 -0.518665 -0.83698 170.766 -0.974582 -0.212266 -0.0716514 277.952 -0.140499 0.828209 -0.542522 37.2611 0 0 0 1 
Seq_Frame0007_DriverToReference-SequenceTransformStatus = OK
Seq_Frame0007_Timestamp = 1.448
Seq_Frame0008_DriverToReference-SequenceTransform =-0.0781961 -0.670728 -0.73757 163.479 -0.964713 -0.135674 0.225657 318.337 -0.251424 0.729189 -0.636451 94.2705 0 0 0 1 
Seq_Frame0008_DriverToReference-SequenceTransformStatus = OK
Seq_Frame0008_Timestamp = 1.552
Seq_Frame0009_DriverToReference-SequenceTransform =-0.194956 -0.751643 -0.630099 146.107 -0.967911 0.0435855 0.247484 326.909 -0.158556 0.658128 -0.736021 135.116 0 0 0 1 
Seq_Frame0009_DriverToReference-SequenceTransformStatus = OK
Seq_Frame0009_Timestamp = 1.656
Seq_Frame0010_DriverToReference-SequenceTransform =-0.385536 -0.720028 -0.576993 121.8 -0.913063 0.207606 0.351022 316.94 -0.132958 0.662162 -0.737471 169.382 0 0 0 1 
Seq_Frame0010_DriverToReference-SequenceTransformStatus = OK
Seq_Frame0010_Timestamp = 1.765
Seq_Frame0011_DriverToReference-SequenceTransform =-0.525373 -0.628124 -0.573972 93.258 -0.849676 0.351535 0.393032 301.543 -0.0451017 0.694179 -0.718388 183.245 0 0 0 1 
Seq_Frame0011_DriverToReference-SequenceTransformStatus = OK
Seq_Frame0011_Timestamp = 1.874
Seq_Frame0012_DriverToReference-SequenceTransform =-0.555018 -0.532317 -0.639214 59.5144 -0.829316 0.413891 0.375405 288.117 0.0647301 0.738467 -0.671176 186.014 0 0 0 1 
Seq_Frame0012_DriverToReference-SequenceTransformStatus = OK
Seq_Frame0012_Timestamp = 1.974
Seq_Frame0013_DriverToReference-SequenceTransform =-0.680593 -0.454664 -0.574521 29.7609 -0.723273 0.542076 0.427821 264.46 0.116919 0.706707 -0.697779 187.487 0 0 0 1 
Seq_Frame0013_DriverToReference-SequenceTransformStatus = OK
Seq_Frame0013_Timestamp = 2.079
Seq_Frame0014_DriverToReference-SequenceTransform =-0.727251 -0.306188 -0.614292 -6.52775 -0.6175 0.682615 0.390807 241.325 0.299665 0.66354 -0.685504 190.503 0 0 0 1 
Seq_Frame0014_DriverToReference-SequenceTransformStatus = OK
Seq_Frame0014_Timestamp = 2.186
Seq_Frame0015_DriverToReference-SequenceTransform =-0.649111 -0.203694 -0.732915 -30.5735 -0.571708 0.766206 0.293391 234.484 0.501802 0.609456 -0.613806 192.912 0 0 0 1 
Seq_Frame0015_DriverToReference-SequenceTransformStatus = OK
Seq_Frame0015_Timestamp = 2.295
Seq_Frame0016_DriverToReference-SequenceTransform =-0.661444 -0.18897 -0.725798 -33.0952 -0.545583 0.78526 0.292756 228.133 0.514618 0.589624 -0.622504 191.64 0 0 0 1 
Seq_Frame0016_DriverToReference-SequenceTransformStatus = OK
Seq_Frame0016_Timestamp = 2.403
Seq_Frame0017_DriverToReference-SequenceTransform =-0.668495 -0.194732 -0.71777 -33.9761 -0.525243 0.80689 0.270275 226.212 0.526531 0.557681 -0.641683 192.31 0 0 0 1 
Seq_Frame0017_DriverToReference-SequenceTransformStatus = OK
Seq_Frame0017_Timestamp = 2.506
Seq_Frame0018_DriverToReference-SequenceTransform =-0.714935 -0.197109 -0.670832 -36.8287 -0.502924 0.811501 0.297545 224.094 0.485732 0.550103 -0.679302 193.954 0 0 0 1 
Seq_Frame0018_DriverToReference-SequenceTransformStatus = OK
Seq_Frame0018_Timestamp = 2.606
Seq_Frame0019_DriverToReference-SequenceTransform =-0.826425 0.122766 -0.549501 -38.1864 0.174592 -0.87196 -0.457388 221.246 -0.535294 -0.473935 0.699175 175.383 0 0 0 1 
Seq_Frame0019_DriverToReference-SequenceTransformStatus = OK
Seq_Frame0019_Timestamp = 2.836
Seq_Frame0020_DriverToReference-SequenceTransform =-0.739246 0.130103 -0.660748 -36.4814 0.216968 -0.882831 -0.416575 219.24 -0.637527 -0.451313 0.624401 174.136 0 0 0 1 
Seq_Frame0020_DriverToReference-SequenceTransformStatus = OK
Seq_Frame0020_Timestamp = 2.937
Seq_Frame0021_DriverToReference-SequenceTransform =-0.743205 0.037075 -0.668036 -40.532 0.282128 -0.887988 -0.363155 218.359 -0.606672 -0.45837 0.649497 173.462 0 0 0 1 
Seq_Frame0021_DriverToReference-SequenceTransformStatus = OK
Seq_Frame0021_Timestamp = 3.071
Seq_Frame0022_DriverToReference-SequenceTransform =0.27599 0.551679 0.78707 -42.987 -0.83425 0.544174 -0.0888934 212.084 -0.477344 -0.632079 0.610425 197.003 0 0 0 1 
Seq_Frame0022_DriverToReference-SequenceTransformStatus = OK
Seq_Frame0022_Timestamp = 3.173
Seq_Frame0023_DriverToReference-SequenceTransform =0.247001 0.346366 0.904998 -56.1656 -0.804505 0.593895 -0.00772549 212.785 -0.54015 -0.726168 0.425345 195.77 0 0 0 1 
Seq_Frame0023_DriverToReference-SequenceTransformStatus = OK
Seq_Frame0023_Timestamp = 3.29
Seq_Frame0024_DriverToReference-SequenceTransform =0.247001 0.346366 0.904998 -56.1656 -0.804505 0.593895 -0.00772549 212.785 -0.54015 -0.726168 0.425345 195.77 0 0 0 1 
Seq_Frame0024_DriverToReference-SequenceTransformStatus = OK
Seq_Frame0024_Timestamp = 3.398
Seq_Frame0025_DriverToReference-SequenceTransform =0.247001 0.346366 0.904998 -56.1656 -0.804505 0.593895 -0.00772549 212.785 -0.54015 -0.726168 0.425345 195.77 0 0 0 1 
Seq_Frame0025_DriverToReference-SequenceTransformStatus = OK
Seq_Frame0025_Timestamp = 3.503
Seq_Frame0026_DriverToReference-SequenceTransform =0.247001 0.346366 0.904998 -56.1656 -0.804505 0.593895 -0.00772549 212.785 -0.54015 -0.726168 0.425345 195.77 0 0 0 1 
Seq_Frame0026_DriverToReference-SequenceTransformStatus = OK
Seq_Frame0026_Timestamp = 3.604
Seq_Frame0027_DriverToReference-SequenceTransform =0.247001 0.346366 0.904998 -56.1656 -0.804505 0.593895 -0.00772549 212.785 -0.54015 -0.726168 0.425345 195.77 0 0 0 1 
Seq_Frame0027_DriverToReference-SequenceTransformStatus = OK
Seq_Frame0027_Timestamp = 3.712
Seq_Frame0028_DriverToReference-SequenceTransform =0.247001 0.346366 0.904998 -56.1656 -0.804505 0.593895 -0.00772549 212.785 -0.54015 -0.726168 0.425345 195.77 0 0 0 1 
Seq_Frame0028_DriverToReference-SequenceTransformStatus = OK
Seq_Frame0028_Timestamp = 3.814
Seq_Frame0029_DriverToReference-SequenceTransform =0.247001 0.346366 0.904998 -56.1656 -0.804505 0.593895 -0.00772549 212.785 -0.54015 -0.726168 0.425345 195.77 0 0 0 1 
Seq_Frame0029_DriverToReference-SequenceTransformStatus = OK
Seq_Frame0029_Timestamp = 3.915
Seq_Frame0030_DriverToReference-SequenceTransform =0.247001 0.346366 0.904998 -56.1656 -0.804505 0.593895 -0.00772549 212.785 -0.54015 -0.726168 0.425345 195.77 0 0 0 1 
Seq_Frame0030_DriverToReference-SequenceTransformStatus = OK
Seq_Frame0030_Timestamp = 4.021
Seq_Frame0031_DriverToReference-SequenceTransform =0.247001 0.346366 0.904998 -56.1656 -0.804505 0.593895 -0.00772549 212.785 -0.54015 -0.726168 0.425345 195.77 0 0 0 1 
Seq_Frame0031_DriverToReference-SequenceTransformStatus = OK
Seq_Frame0031_Timestamp = 4.136
Seq_Frame0032_DriverToReference-SequenceTransform =0.247001 0.346366 0.904998 -56.1656 -0.804505 0.593895 -0.00772549 212.785 -0.54015 -0.726168 0.425345 195.77 0 0 0 1 
Seq_Frame0032_DriverToReference-SequenceTransformStatus = OK
Seq_Frame0032_Timestamp = 4.24
Seq_Frame0033_DriverToReference-SequenceTransform =0.247001 0.346366 0.904998 -56.1656 -0.804505 0.593895 -0.00772549 212.785 -0.54015 -0.726168 0.425345 195.77 0 0 0 1 
Seq_Frame0033_DriverToReference-SequenceTransformStatus = OK
Seq_Frame0033_Timestamp = 4.352
Seq_Frame0034_DriverToReference-SequenceTransform =0.247001 0.346366 0.904998 -56.1656 -0.804505 0.593895 -0.00772549 212.785 -0.54015 -0.726168 0.425345 195.77 0 0 0 1 
Seq_Frame0034_DriverToReference-SequenceTransformStatus = OK
Seq_Frame0034_Timestamp = 4.453
Seq_Frame0035_DriverToReference-SequenceTransform =0.247001 0.346366 0.904998 -56.1656 -0.804505 0.593895 -0.00772549 212.785 -0.54015 -0.726168 0.425345 195.77 0 0 0 1 
Seq_Frame0035_DriverToReference-SequenceTransformStatus = OK
Seq_Frame0035_Timestamp = 4.562
Seq_Frame0036_DriverToReference-SequenceTransform =0.247001 0.346366 0.904998 -56.1656 -0.804505 0.593895 -0.00772549 212.785 -0.54015 -0.726168 0.425345 195.77 0 0 0 1 
Seq_Frame0036_DriverToReference-SequenceTransformStatus = OK
Seq_Frame0036_Timestamp = 4.671
Seq_Frame0037_DriverToReference-SequenceTransform =0.247001 0.346366 0.904998 -56.1656 -0.804505 0.593895 -0.00772549 212.785 -0.54015 -0.726168 0.425345 195.77 0 0 0 1 
Seq_Frame0037_DriverToReference-SequenceTransformStatus = OK
Seq_Frame0037_Timestamp = 4.772
Seq_Frame0038_DriverToReference-SequenceTransform =0.247001 0.346366 0.904998 -56.1656 -0.804505 0.593895 -0.00772549 212.785 -0.54015 -0.726168 0.425345 195.77 0 0 0 1 
Seq_Frame0038_DriverToReference-SequenceTransformStatus = OK
Seq_Frame0038_Timestamp = 4.881
Seq_Frame0039_DriverToReference-SequenceTransform =0.247001 0.346366 0.904998 -56.1656 -0.804505 0.593895 -0.00772549 212.785 -0.54015 -0.726168 0.425345 195.77 0 0 0 1 
Seq_Frame0039_DriverToReference-SequenceTransformStatus = OK
Seq_Frame0039_Timestamp = 4.982
Seq_Frame0040_DriverToReference-SequenceTransform =0.247001 0.346366 0.904998 -56.1656 -0.804505 0.593895 -0.00772549 212.785 -0.54015 -0.726168 0.425345 195.77 0 0 0 1 
Seq_Frame0040_DriverToReference-SequenceTransformStatus = OK
Seq_Frame0040_Timestamp = 5.089
Seq_Frame0041_DriverToReference-SequenceTransform =0.247001 0.346366 0.904998 -56.1656 -0.804505 0.593895 -0.00772549 212.785 -0.54015 -0.726168 0.425345 195.77 0 0 0 1 
Seq_Frame0041_DriverToReference-SequenceTransformStatus = OK
Seq_Frame0041_Timestamp = 5.194
Seq_Frame0042_DriverToReference-SequenceTransform =0.247001 0.346366 0.904998 -56.1656 -0.804505 0.593895 -0.00772549 212.785 -0.54015 -0.726168 0.425345 195.77 0 0 0 1 
Seq_Frame0042_DriverToReference-SequenceTransformStatus = OK
Seq_Frame0042_Timestamp = 5.295
Seq_Frame0043_DriverToReference-SequenceTransform =0.247001 0.346366 0.904998 -56.1656 -0.804505 0.593895 -0.00772549 212.785 -0.54015 -0.726168 0.425345 195.77 0 0 0 1 
Seq_Frame0043_DriverToReference-SequenceTransformStatus = OK
Seq_Frame0043_Timestamp = 5.395
Seq_Frame0044_DriverToReference-SequenceTransform =0.247001 0.346366 0.904998 -56.1656 -0.804505 0.593895 -0.00772549 212.785 -0.54015 -0.726168 0.425345 195.77 0 0 0 1 
Seq_Frame0044_DriverToReference-SequenceTransformStatus = OK
Seq_Frame0044_Timestamp = 5.502
Seq_Frame0045_DriverToReference-SequenceTransform =0.724541 -0.12183 0.678378 70.1872 -0.332715 0.800153 0.499055 291.015 -0.603607 -0.587292 0.53921 228.235 0 0 0 1 
Seq_Frame0045_DriverToReference-SequenceTransformStatus = OK
Seq_Frame0045_Timestamp = 5.647
Seq_Frame0046_DriverToReference-SequenceTransform =0.819467 -0.253539 0.513996 125.418 -0.139929 0.78118 0.608423 328.67 -0.555782 -0.570505 0.604674 247.565 0 0 0 1 
Seq_Frame0046_DriverToReference-SequenceTransformStatus = OK
Seq_Frame0046_Timestamp = 5.751
Seq_Frame0047_DriverToReference-SequenceTransform =0.856025 -0.396751 0.331375 162.323 0.0458325 0.696767 0.715832 367.62 -0.514898 -0.597583 0.614634 255.127 0 0 0 1 
Seq_Frame0047_DriverToReference-SequenceTransformStatus = OK
Seq_Frame0047_Timestamp = 5.854
Seq_Frame0048_DriverToReference-SequenceTransform =0.837665 -0.416754 0.353034 159.479 0.0246302 0.674531 0.737835 360.224 -0.545628 -0.609364 0.575296 252.536 0 0 0 1 
Seq_Frame0048_DriverToReference-SequenceTransformStatus = OK
Seq_Frame0048_Timestamp = 5.954
Seq_Frame0049_DriverToReference-SequenceTransform =0.756707 -0.397377 0.519121 121.785 -0.196009 0.619627 0.760029 298.243 -0.623679 -0.676871 0.390986 251.339 0 0 0 1 
Seq_Frame0049_DriverToReference-SequenceTransformStatus = OK
Seq_Frame0049_Timestamp = 6.062
Seq_Frame0050_DriverToReference-SequenceTransform =0.687987 -0.435035 0.580877 105.233 -0.2645 0.595047 0.758919 276.369 -0.675805 -0.675769 0.294318 251.879 0 0 0 1 
Seq_Frame0050_DriverToReference-SequenceTransformStatus = OK
Seq_Frame0050_Timestamp = 6.168
Seq_Frame0051_DriverToReference-SequenceTransform =0.687987 -0.435035 0.580877 105.233 -0.2645 0.595047 0.758919 276.369 -0.675805 -0.675769 0.294318 251.879 0 0 0 1 
Seq_Frame0051_DriverToReference-SequenceTransformStatus = OK
Seq_Frame0051_Timestamp = 6.276
Seq_Frame0052_DriverToReference-SequenceTransform =0.687987 -0.435035 0.580877 105.233 -0.2645 0.595047 0.758919 276.369 -0.675805 -0.675769 0.294318 251.879 0 0 0 1 
Seq_Frame0052_DriverToReference-SequenceTransformStatus = OK
Seq_Frame0052_Timestamp = 6.387
Seq_Frame0053_DriverToReference-SequenceTransform =-0.432986 -0.339498 -0.835024 69.3478 -0.336982 0.920159 -0.199376 219.013 0.836042 0.195061 -0.512821 220.341 0 0 0 1 
Seq_Frame0053_DriverToReference-SequenceTransformStatus = OK
Seq_Frame0053_Timestamp = 13.996
Seq_Frame0054_DriverToReference-SequenceTransform =-0.357254 -0.248775 -0.900267 64.2561 -0.322135 0.937552 -0.131245 234.752 0.876698 0.243119 -0.415084 220.065 0 0 0 1 
Seq_Frame0054_DriverToReference-SequenceTransformStatus = OK
Seq_Frame0054_Timestamp = 14.096
Seq_Frame0055_DriverToReference-SequenceTransform =-0.357254 -0.248775 -0.900267 64.2561 -0.322135 0.937552 -0.131245 234.752 0.876698 0.243119 -0.415084 220.065 0 0 0 1 
Seq_Frame0055_DriverToReference-SequenceTransformStatus = OK
Seq_Frame0055_Timestamp = 14.197
Seq_Frame0056_DriverToReference-SequenceTransform =-0.357254 -0.248775 -0.900267 64.2561 -0.322135 0.937552 -0.131245 234.752 0.876698 0.243119 -0.415084 220.065 0 0 0 1 
Seq_Frame0056_DriverToReference-SequenceTransformStatus = OK
Seq_Frame0056_Timestamp = 14.301
Seq_Frame0057_DriverToReference-SequenceTransform =-0.357254 -0.248775 -0.900267 64.2561 -0.322135 0.937552 -0.131245 234.752 0.876698 0.243119 -0.415084 220.065 0 0 0 1 
Seq_Frame0057_DriverToReference-SequenceTransformStatus = OK
Seq_Frame0057_Timestamp = 14.401
Seq_Frame0058_DriverToReference-SequenceTransform =-0.357254 -0.248775 -0.900267 64.2561 -0.322135 0.937552 -0.131245 234.752 0.876698 0.243119 -0.415084 220.065 0 0 0 1 
Seq_Frame0058_DriverToReference-SequenceTransformStatus = OK
Seq_Frame0058_Timestamp = 14.502
Seq_Frame0059_DriverToReference-SequenceTransform =-0.357254 -0.248775 -0.900267 64.2561 -0.322135 0.937552 -0.131245 234.752 0.876698 0.243119 -0.415084 220.065 0 0 0 1 
Seq_Frame0059_DriverToReference-SequenceTransformStatus = OK
Seq_Frame0059_Timestamp = 14.602
Seq_Frame0060_DriverToReference-SequenceTransform =-0.357254 -0.248775 -0.900267 64.2561 -0.322135 0.937552 -0.131245 234.752 0.876698 0.243119 -0.415084 220.065 0 0 0 1 
Seq_Frame0060_DriverToReference-SequenceTransformStatus = OK
Seq_Frame0060_Timestamp = 14.703
Seq_Frame0061_DriverToReference-SequenceTransform =-0.357254 -0.248775 -0.900267 64.2561 -0.322135 0.937552 -0.131245 234.752 0.876698 0.243119 -0.415084 220.065 0 0 0 1 
Seq_Frame0061_DriverToReference-SequenceTransformStatus = OK
Seq_Frame0061_Timestamp = 14.808
Seq_Frame0062_DriverToReference-SequenceTransform =-0.357254 -0.248775 -0.900267 64.2561 -0.322135 0.937552 -0.131245 234.752 0.876698 0.243119 -0.415084 220.065 0 0 0 1 
Seq_Frame0062_DriverToReference-SequenceTransformStatus = OK
Seq_Frame0062_Timestamp = 14.911
Seq_Frame0063_DriverToReference-SequenceTransform =-0.357254 -0.248775 -0.900267 64.2561 -0.322135 0.937552 -0.131245 234.752 0.876698 0.243119 -0.415084 220.065 0 0 0 1 
Seq_Frame0063_DriverToReference-SequenceTransformStatus = OK
Seq_Frame0063_Timestamp = 15.019
Seq_Frame0064_DriverToReference-SequenceTransform =-0.357254 -0.248775 -0.900267 64.2561 -0.322135 0.937552 -0.131245 234.752 0.876698 0.243119 -0.415084 220.065 0 0 0 1 
Seq_Frame0064_DriverToReference-SequenceTransformStatus = OK
Seq_Frame0064_Timestamp = 15.119
Seq_Frame0065_DriverToReference-SequenceTransform =-0.357254 -0.248775 -0.900267 64.2561 -0.322135 0.937552 -0.131245 234.752 0.876698 0.243119 -0.415084 220.065 0 0 0 1 
Seq_Frame0065_DriverToReference-SequenceTransformStatus = OK
Seq_Frame0065_Timestamp = 15.226
Seq_Frame0066_DriverToReference-SequenceTransform =-0.357254 -0.248775 -0.900267 64.2561 -0.322135 0.937552 -0.131245 234.752 0.876698 0.243119 -0.415084 220.065 0 0 0 1 
Seq_Frame0066_DriverToReference-SequenceTransformStatus = OK
Seq_Frame0066_Timestamp = 15.33
Seq_Frame0067_DriverToReference-SequenceTransform =-0.357254 -0.248775 -0.900267 64.2561 -0.322135 0.937552 -0.131245 234.752 0.876698 0.243119 -0.415084 220.065 0 0 0 1 
Seq_Frame0067_DriverToReference-SequenceTransformStatus = OK
Seq_Frame0067_Timestamp = 15.436
Seq_Frame0068_DriverToReference-SequenceTransform =-0.357254 -0.248775 -0.900267 64.2561 -0.322135 0.937552 -0.131245 234.752 0.876698 0.243119 -0.415084 220.065 0 0 0 1 
Seq_Frame0068_DriverToReference-SequenceTransformStatus = OK
Seq_Frame0068_Timestamp = 15.544
Seq_Frame0069_DriverToReference-SequenceTransform =-0.357254 -0.248775 -0.900267 64.2561 -0.322135 0.937552 -0.131245 234.752 0.876698 0.243119 -0.415084 220.065 0 0 0 1 
Seq_Frame0069_DriverToReference-SequenceTransformStatus = OK
Seq_Frame0069_Timestamp = 15.654
Seq_Frame0070_DriverToReference-SequenceTransform =-0.357254 -0.248775 -0.900267 64.2561 -0.322135 0.937552 -0.131245 234.752 0.876698 0.243119 -0.415084 220.065 0 0 0 1 
Seq_Frame0070_DriverToReference-SequenceTransformStatus = OK
Seq_Frame0070_Timestamp = 15.754
Seq_Frame0071_DriverToReference-SequenceTransform =-0.357254 -0.248775 -0.900267 64.2561 -0.322135 0.937552 -0.131245 234.752 0.876698 0.243119 -0.415084 220.065 0 0 0 1 
Seq_Frame0071_DriverToReference-SequenceTransformStatus = OK
Seq_Frame0071_Timestamp = 15.858
Seq_Frame0072_DriverToReference-SequenceTransform =-0.357254 -0.248775 -0.900267 64.2561 -0.322135 0.937552 -0.131245 234.752 0.876698 0.243119 -0.415084 220.065 0 0 0 1 
Seq_Frame0072_DriverToReference-SequenceTransformStatus = OK
Seq_Frame0072_Timestamp = 15.96
Seq_Frame0073_DriverToReference-SequenceTransform =-0.357254 -0.248775 -0.900267 64.2561 -0.322135 0.937552 -0.131245 234.752 0.876698 0.243119 -0.415084 220.065 0 0 0 1 
Seq_Frame0073_DriverToReference-SequenceTransformStatus = OK
Seq_Frame0073_Timestamp = 16.066
Seq_Frame0074_DriverToReference-SequenceTransform =-0.357254 -0.248775 -0.900267 64.2561 -0.322135 0.937552 -0.131245 234.752 0.876698 0.243119 -0.415084 220.065 0 0 0 1 
Seq_Frame0074_DriverToReference-SequenceTransformStatus = OK
Seq_Frame0074_Timestamp = 16.167
Seq_Frame0075_DriverToReference-SequenceTransform =-0.357254 -0.248775 -0.900267 64.2561 -0.322135 0.937552 -0.131245 234.752 0.876698 0.243119 -0.415084 220.065 0 0 0 1 
Seq_Frame0075_DriverToReference-SequenceTransformStatus = OK
Seq_Frame0075_Timestamp = 16.278
Seq_Frame0076_DriverToReference-SequenceTransform =-0.357254 -0.248775 -0.900267 64.2561 -0.322135 0.937552 -0.131245 234.752 0.876698 0.243119 -0.415084 220.065 0 0 0 1 
Seq_Frame0076_DriverToReference-SequenceTransformStatus = OK
Seq_Frame0076_Timestamp = 16.385
Seq_Frame0077_DriverToReference-SequenceTransform =-0.357254 -0.248775 -0.900267 64.2561 -0.322135 0.937552 -0.131245 234.752 0.876698 0.243119 -0.415084 220.065 0 0 0 1 
Seq_Frame0077_DriverToReference-SequenceTransformStatus = OK
Seq_Frame0077_Timestamp = 16.486
Seq_Frame0078_DriverToReference-SequenceTransform =-0.357254 -0.248775 -0.900267 64.2561 -0.322135 0.937552 -0.131245 234.752 0.876698 0.243119 -0.415084 220.065 0 0 0 1 
Seq_Frame0078_DriverToReference-SequenceTransformStatus = OK
Seq_Frame0078_Timestamp = 16.589
Seq_Frame0079_DriverToReference-SequenceTransform =-0.357254 -0.248775 -0.900267 64.2561 -0.322135 0.937552 -0.131245 234.752 0.876698 0.243119 -0.415084 220.065 0 0 0 1 
Seq_Frame0079_DriverToReference-SequenceTransformStatus = OK
Seq_Frame0079_Timestamp = 16.694
Seq_Frame0080_DriverToReference-SequenceTransform =-0.357254 -0.248775 -0.900267 64.2561 -0.322135 0.937552 -0.131245 234.752 0.876698 0.243119 -0.415084 220.065 0 0 0 1 
Seq_Frame0080_DriverToReference-SequenceTransformStatus = OK
Seq_Frame0080_Timestamp = 16.803
Seq_Frame0081_DriverToReference-SequenceTransform =-0.357254 -0.248775 -0.900267 64.2561 -0.322135 0.937552 -0.131245 234.752 0.876698 0.243119 -0.415084 220.065 0 0 0 1 
Seq_Frame0081_DriverToReference-SequenceTransformStatus = OK
Seq_Frame0081_Timestamp = 16.91
Seq_Frame0082_DriverToReference-SequenceTransform =-0.357254 -0.248775 -0.900267 64.2561 -0.322135 0.937552 -0.131245 234.752 0.876698 0.243119 -0.415084 220.065 0 0 0 1 
Seq_Frame0082_DriverToReference-SequenceTransformStatus = OK
Seq_Frame0082_Timestamp = 17.013
Seq_Frame0083_DriverToReference-SequenceTransform =-0.357254 -0.248775 -0.900267 64.2561 -0.322135 0.937552 -0.131245 234.752 0.876698 0.243119 -0.415084 220.065 0 0 0 1 
Seq_Frame0083_DriverToReference-SequenceTransformStatus = OK
Seq_Frame0083_Timestamp = 17.12
Seq_Frame0084_DriverToReference-SequenceTransform =-0.357254 -0.248775 -0.900267 64.2561 -0.322135 0.937552 -0.131245 234.752 0.876698 0.243119 -0.415084 220.065 0 0 0 1 
Seq_Frame0084_DriverToReference-SequenceTransformStatus = OK
Seq_Frame0084_Timestamp = 17.222
Seq_Frame0085_DriverToReference-SequenceTransform =-0.357254 -0.248775 -0.900267 64.2561 -0.322135 0.937552 -0.131245 234.752 0.876698 0.243119 -0.415084 220.065 0 0 0 1 
Seq_Frame0085_DriverToReference-SequenceTransformStatus = OK
Seq_Frame0085_Timestamp = 17.336
Seq_Frame0086_DriverToReference-SequenceTransform =-0.357254 -0.248775 -0.900267 64.2561 -0.322135 0.937552 -0.131245 234.752 0.876698 0.243119 -0.415084 220.065 0 0 0 1 
Seq_Frame0086_DriverToReference-SequenceTransformStatus = OK
Seq_Frame0086_Timestamp = 17.437
Seq_Frame0087_DriverToReference-SequenceTransform =-0.357254 -0.248775 -0.900267 64.2561 -0.322135 0.937552 -0.131245 234.752 0.876698 0.243119 -0.415084 220.065 0 0 0 1 
Seq_Frame0087_DriverToReference-SequenceTransformStatus = OK
Seq_Frame0087_Timestamp = 17.54
Seq_Frame0088_DriverToReference-SequenceTransform =-0.357254 -0.248775 -0.900267 64.2561 -0.322135 0.937552 -0.131245 234.752 0.876698 0.243119 -0.415084 220.065 0 0 0 1 
Seq_Frame0088_DriverToReference-SequenceTransformStatus = OK
Seq_Frame0088_Timestamp = 17.644
Seq_Frame0089_DriverToReference-SequenceTransform =-0.357254 -0.248775 -0.900267 64.2561 -0.322135 0.937552 -0.131245 234.752 0.876698 0.243119 -0.415084 220.065 0 0 0 1 
Seq_Frame0089_DriverToReference-SequenceTransformStatus = OK
Seq_Frame0089_Timestamp = 17.744
Seq_Frame0090_DriverToReference-SequenceTransform =-0.357254 -0.248775 -0.900267 64.2561 -0.322135 0.937552 -0.131245 234.752 0.876698 0.243119 -0.415084 220.065 0 0 0 1 
Seq_Frame0090_DriverToReference-SequenceTransformStatus = OK
Seq_Frame0090_Timestamp = 17.846
Seq_Frame0091_DriverToReference-SequenceTransform =-0.357254 -0.248775 -0.900267 64.2561 -0.322135 0.937552 -0.131245 234.752 0.876698 0.243119 -0.415084 220.065 0 0 0 1 
Seq_Frame0091_DriverToReference-SequenceTransformStatus = OK
Seq_Frame0091_Timestamp = 17.961
Seq_Frame0092_DriverToReference-SequenceTransform =-0.357254 -0.248775 -0.900267 64.2561 -0.322135 0.937552 -0.131245 234.752 0.876698 0.243119 -0.415084 220.065 0 0 0 1 
Seq_Frame0092_DriverToReference-SequenceTransformStatus = OK
Seq_Frame0092_Timestamp = 18.062
Seq_Frame0093_DriverToReference-SequenceTransform =0.211928 -0.439313 -0.872978 70.5129 -0.443165 0.752947 -0.486493 198.14 0.871029 0.489975 -0.0351171 226.531 0 0 0 1 
Seq_Frame0093_DriverToReference-SequenceTransformStatus = OK
Seq_Frame0093_Timestamp = 18.164
Seq_Frame0094_DriverToReference-SequenceTransform =0.207191 -0.45401 -0.866572 70.0915 -0.429923 0.753419 -0.497519 197.801 0.878771 0.475641 -0.0390872 227.568 0 0 0 1 
Seq_Frame0094_DriverToReference-SequenceTransformStatus = OK
Seq_Frame0094_Timestamp = 18.271
Seq_Frame0095_DriverToReference-SequenceTransform =0.200985 -0.456916 -0.866506 69.798 -0.429061 0.754134 -0.497181 198.033 0.880631 0.47171 -0.0444758 227.021 0 0 0 1 
Seq_Frame0095_DriverToReference-SequenceTransformStatus = OK
Seq_Frame0095_Timestamp = 18.372
Seq_Frame0096_DriverToReference-SequenceTransform =0.200985 -0.456916 -0.866506 69.798 -0.429061 0.754134 -0.497181 198.033 0.880631 0.47171 -0.0444758 227.021 0 0 0 1 
Seq_Frame0096_DriverToReference-SequenceTransformStatus = OK
Seq_Frame0096_Timestamp = 18.485
Seq_Frame0097_DriverToReference-SequenceTransform =0.200985 -0.456916 -0.866506 69.798 -0.429061 0.754134 -0.497181 198.033 0.880631 0.47171 -0.0444758 227.021 0 0 0 1 
Seq_Frame0097_DriverToReference-SequenceTransformStatus = OK
Seq_Frame0097_Timestamp = 18.586
Seq_Frame0098_DriverToReference-SequenceTransform =0.200985 -0.456916 -0.866506 69.798 -0.429061 0.754134 -0.497181 198.033 0.880631 0.47171 -0.0444758 227.021 0 0 0 1 
Seq_Frame0098_DriverToReference-SequenceTransformStatus = OK
Seq_Frame0098_Timestamp = 18.688
Seq_Frame0099_DriverToReference-SequenceTransform =0.200985 -0.456916 -0.866506 69.798 -0.429061 0.754134 -0.497181 198.033 0.880631 0.47171 -0.0444758 227.021 0 0 0 1 
Seq_Frame0099_DriverToReference-SequenceTransformStatus = OK
Seq_Frame0099_Timestamp = 18.792
Seq_Frame0100_DriverToReference-SequenceTransform =0.200985 -0.456916 -0.866506 69.798 -0.429061 0.754134 -0.497181 198.033 0.880631 0.47171 -0.0444758 227.021 0 0 0 1 
Seq_Frame0100_DriverToReference-SequenceTransformStatus = OK
Seq_Frame0100_Timestamp = 18.894
Seq_Frame0101_DriverToReference-SequenceTransform =0.200985 -0.456916 -0.866506 69.798 -0.429061 0.754134 -0.497181 198.033 0.880631 0.47171 -0.0444758 227.021 0 0 0 1 
Seq_Frame0101_DriverToReference-SequenceTransformStatus = OK
Seq_Frame0101_Timestamp = 19.003
Seq_Frame0102_DriverToReference-SequenceTransform =0.200985 -0.456916 -0.866506 69.798 -0.429061 0.754134 -0.497181 198.033 0.880631 0.47171 -0.0444758 227.021 0 0 0 1 
Seq_Frame0102_DriverToReference-SequenceTransformStatus = OK
Seq_Frame0102_Timestamp = 19.111
Seq_Frame0103_DriverToReference-SequenceTransform =0.200985 -0.456916 -0.866506 69.798 -0.429061 0.754134 -0.497181 198.033 0.880631 0.47171 -0.0444758 227.021 0 0 0 1 
Seq_Frame0103_DriverToReference-SequenceTransformStatus = OK
Seq_Frame0103_Timestamp = 19.212
Seq_Frame0104_DriverToReference-SequenceTransform =0.200985 -0.456916 -0.866506 69.798 -0.429061 0.754134 -0.497181 198.033 0.880631 0.47171 -0.0444758 227.021 0 0 0 1 
Seq_Frame0104_DriverToReference-SequenceTransformStatus = OK
Seq_Frame0104_Timestamp = 19.316
Seq_Frame0105_DriverToReference-SequenceTransform =0.200985 -0.456916 -0.866506 69.798 -0.429061 0.754134 -0.497181 198.033 0.880631 0.47171 -0.0444758 227.021 0 0 0 1 
Seq_Frame0105_DriverToReference-SequenceTransformStatus = OK
Seq_Frame0105_Timestamp = 19.417
Seq_Frame0106_DriverToReference-SequenceTransform =0.200985 -0.456916 -0.866506 69.798 -0.429061 0.754134 -0.497181 198.033 0.880631 0.47171 -0.0444758 227.021 0 0 0 1 
Seq_Frame0106_DriverToReference-SequenceTransformStatus = OK
Seq_Frame0106_Timestamp = 20.296
Seq_Frame0107_DriverToReference-SequenceTransform =0.200985 -0.456916 -0.866506 69.798 -0.429061 0.754134 -0.497181 198.033 0.880631 0.47171 -0.0444758 227.021 0 0 0 1 
Seq_Frame0107_DriverToReference-SequenceTransformStatus = OK
Seq_Frame0107_Timestamp = 20.431
Seq_Frame0108_DriverToReference-SequenceTransform =0.200985 -0.456916 -0.866506 69.798 -0.429061 0.754134 -0.497181 198.033 0.880631 0.47171 -0.0444758 227.021 0 0 0 1 
Seq_Frame0108_DriverToReference-SequenceTransformStatus = OK
Seq_Frame0108_Timestamp = 20.544
Seq_Frame0109_DriverToReference-SequenceTransform =0.200985 -0.456916 -0.866506 69.798 -0.429061 0.754134 -0.497181 198.033 0.880631 0.47171 -0.0444758 227.021 0 0 0 1 
Seq_Frame0109_DriverToReference-SequenceTransformStatus = OK
Seq_Frame0109_Timestamp = 20.653
Seq_Frame0110_DriverToReference-SequenceTransform =0.200985 -0.456916 -0.866506 69.798 -0.429061 0.754134 -0.497181 198.033 0.880631 0.47171 -0.0444758 227.021 0 0 0 1 
Seq_Frame0110_DriverToReference-SequenceTransformStatus = OK
Seq_Frame0110_Timestamp = 20.77
Seq_Frame0111_DriverToReference-SequenceTransform =0.200985 -0.456916 -0.866506 69.798 -0.429061 0.754134 -0.497181 198.033 0.880631 0.47171 -0.0444758 227.021 0 0 0 1 
Seq_Frame0111_DriverToReference-SequenceTransformStatus = OK
Seq_Frame0111_Timestamp = 20.881
Seq_Frame0112_DriverToReference-SequenceTransform =0.200985 -0.456916 -0.866506 69.798 -0.429061 0.754134 -0.497181 198.033 0.880631 0.47171 -0.0444758 227.021 0 0 0 1 
Seq_Frame0112_DriverToReference-SequenceTransformStatus = OK
Seq_Frame0112_Timestamp = 20.986
Seq_Frame0113_DriverToReference-SequenceTransform =0.200985 -0.456916 -0.866506 69.798 -0.429061 0.754134 -0.497181 198.033 0.880631 0.47171 -0.0444758 227.021 0 0 0 1 
Seq_Frame0113_DriverToReference-SequenceTransformStatus = OK
Seq_Frame0113_Timestamp = 21.086
Seq_Frame0114_DriverToReference-SequenceTransform =0.200985 -0.456916 -0.866506 69.798 -0.429061 0.754134 -0.497181 198.033 0.880631 0.47171 -0.0444758 227.021 0 0 0 1 
Seq_Frame0114_DriverToReference-SequenceTransformStatus = OK
Seq_Frame0114_Timestamp = 21.188
Seq_Frame0115_DriverToReference-SequenceTransform =0.200985 -0.456916 -0.866506 69.798 -0.429061 0.754134 -0.497181 198.033 0.880631 0.47171 -0.0444758 227.021 0 0 0 1 
Seq_Frame0115_DriverToReference-SequenceTransformStatus = OK
Seq_Frame0115_Timestamp = 21.294
Seq_Frame0116_DriverToReference-SequenceTransform =0.200985 -0.456916 -0.866506 69.798 -0.429061 0.754134 -0.497181 198.033 0.880631 0.47171 -0.0444758 227.021 0 0 0 1 
Seq_Frame0116_DriverToReference-SequenceTransformStatus = OK
Seq_Frame0116_Timestamp = 21.397
Seq_Frame0117_DriverToReference-SequenceTransform =0.200985 -0.456916 -0.866506 69.798 -0.429061 0.754134 -0.497181 198.033 0.880631 0.47171 -0.0444758 227.021 0 0 0 1 
Seq_Frame0117_DriverToReference-SequenceTransformStatus = OK
Seq_Frame0117_Timestamp = 21.501
Seq_Frame0118_DriverToReference-SequenceTransform =0.200985 -0.456916 -0.866506 69.798 -0.429061 0.754134 -0.497181 198.033 0.880631 0.47171 -0.0444758 227.021 0 0 0 1 
Seq_Frame0118_DriverToReference-SequenceTransformStatus = OK
Seq_Frame0118_Timestamp = 21.602
Seq_Frame0119_DriverToReference-SequenceTransform =0.200985 -0.456916 -0.866506 69.798 -0.429061 0.754134 -0.497181 198.033 0.880631 0.47171 -0.0444758 227.021 0 0 0 1 
Seq_Frame0119_DriverToReference-SequenceTransformStatus = OK
Seq_Frame0119_Timestamp = 21.711
Seq_Frame0120_DriverToReference-SequenceTransform =0.200985 -0.456916 -0.866506 69.798 -0.429061 0.754134 -0.497181 198.033 0.880631 0.47171 -0.0444758 227.021 0 0 0 1 
Seq_Frame0120_DriverToReference-SequenceTransformStatus = OK
Seq_Frame0120_Timestamp = 21.812
Seq_Frame0121_DriverToReference-SequenceTransform =0.200985 -0.456916 -0.866506 69.798 -0.429061 0.754134 -0.497181 198.033 0.880631 0.47171 -0.0444758 227.021 0 0 0 1 
Seq_Frame0121_DriverToReference-SequenceTransformStatus = OK
Seq_Frame0121_Timestamp = 21.921
Seq_Frame0122_DriverToReference-SequenceTransform =0.200985 -0.456916 -0.866506 69.798 -0.429061 0.754134 -0.497181 198.033 0.880631 0.47171 -0.0444758 227.021 0 0 0 1 
Seq_Frame0122_DriverToReference-SequenceTransformStatus = OK
Seq_Frame0122_Timestamp = 22.028
Seq_Frame0123_DriverToReference-SequenceTransform =0.200985 -0.456916 -0.866506 69.798 -0.429061 0.754134 -0.497181 198.033 0.880631 0.47171 -0.0444758 227.021 0 0 0 1 
Seq_Frame0123_DriverToReference-SequenceTransformStatus = OK
Seq_Frame0123_Timestamp = 22.128
Seq_Frame0124_DriverToReference-SequenceTransform =0.200985 -0.456916 -0.866506 69.798 -0.429061 0.754134 -0.497181 198.033 0.880631 0.47171 -0.0444758 227.021 0 0 0 1 
Seq_Frame0124_DriverToReference-SequenceTransformStatus = OK
Seq_Frame0124_Timestamp = 22.229
Seq_Frame0125_DriverToReference-SequenceTransform =0.200985 -0.456916 -0.866506 69.798 -0.429061 0.754134 -0.497181 198.033 0.880631 0.47171 -0.0444758 227.021 0 0 0 1 
Seq_Frame0125_DriverToReference-SequenceTransformStatus = OK
Seq_Frame0125_Timestamp = 22.33
Seq_Frame0126_DriverToReference-SequenceTransform =0.151189 -0.330353 -0.93167 69.8378 -0.52988 0.768569 -0.358508 191.512 0.834487 0.547876 -0.0588479 211.666 0 0 0 1 
Seq_Frame0126_DriverToReference-SequenceTransformStatus = OK
Seq_Frame0126_Timestamp = 22.435
Seq_Frame0127_DriverToReference-SequenceTransform =0.155789 -0.322757 -0.933573 69.7501 -0.54826 0.757915 -0.353519 191.868 0.82167 0.566914 -0.0588803 209.751 0 0 0 1 
Seq_Frame0127_DriverToReference-SequenceTransformStatus = OK
Seq_Frame0127_Timestamp = 22.546
Seq_Frame0128_DriverToReference-SequenceTransform =0.155789 -0.322757 -0.933573 69.7501 -0.54826 0.757915 -0.353519 191.868 0.82167 0.566914 -0.0588803 209.751 0 0 0 1 
Seq_Frame0128_DriverToReference-SequenceTransformStatus = OK
Seq_Frame0128_Timestamp = 22.65
Seq_Frame0129_DriverToReference-SequenceTransform =0.155789 -0.322757 -0.933573 69.7501 -0.54826 0.757915 -0.353519 191.868 0.82167 0.566914 -0.0588803 209.751 0 0 0 1 
Seq_Frame0129_DriverToReference-SequenceTransformStatus = OK
Seq_Frame0129_Timestamp = 22.753
Seq_Frame0130_DriverToReference-SequenceTransform =0.155789 -0.322757 -0.933573 69.7501 -0.54826 0.757915 -0.353519 191.868 0.82167 0.566914 -0.0588803 209.751 0 0 0 1 
Seq_Frame0130_DriverToReference-SequenceTransformStatus = OK
Seq_Frame0130_Timestamp = 22.86
Seq_Frame0131_DriverToReference-SequenceTransform =0.155789 -0.322757 -0.933573 69.7501 -0.54826 0.757915 -0.353519 191.868 0.82167 0.566914 -0.0588803 209.751 0 0 0 1 
Seq_Frame0131_DriverToReference-SequenceTransformStatus = OK
Seq_Frame0131_Timestamp = 22.969
Seq_Frame0132_DriverToReference-SequenceTransform =0.457091 0.346949 0.818959 55.4229 -0.769175 0.616528 0.168116 183.662 -0.446584 -0.706767 0.548674 179.574 0 0 0 1 
Seq_Frame0132_DriverToReference-SequenceTransformStatus = OK
Seq_Frame0132_Timestamp = 23.078
Seq_Frame0133_DriverToReference-SequenceTransform =0.474366 0.397159 0.785647 48.7656 -0.754105 0.643784 0.129877 178.953 -0.454205 -0.654069 0.604889 163.816 0 0 0 1 
Seq_Frame0133_DriverToReference-SequenceTransformStatus = OK
Seq_Frame0133_Timestamp = 23.187
Seq_Frame0134_DriverToReference-SequenceTransform =0.441356 0.448355 0.777292 44.3356 -0.760245 0.646999 0.0584768 171.222 -0.476688 -0.616741 0.626417 150.747 0 0 0 1 
Seq_Frame0134_DriverToReference-SequenceTransformStatus = OK
Seq_Frame0134_Timestamp = 23.289
Seq_Frame0135_DriverToReference-SequenceTransform =0.431736 0.484286 0.760967 35.4076 -0.748337 0.663314 0.00243236 163.017 -0.503582 -0.57051 0.648786 132.647 0 0 0 1 
Seq_Frame0135_DriverToReference-SequenceTransformStatus = OK
Seq_Frame0135_Timestamp = 23.402
Seq_Frame0136_DriverToReference-SequenceTransform =0.422816 0.508082 0.750386 27.0858 -0.733439 0.678201 -0.0459392 154.449 -0.532254 -0.530938 0.659402 117.359 0 0 0 1 
Seq_Frame0136_DriverToReference-SequenceTransformStatus = OK
Seq_Frame0136_Timestamp = 23.506
Seq_Frame0137_DriverToReference-SequenceTransform =0.40372 0.518621 0.753686 14.695 -0.724892 0.683925 -0.082322 149.377 -0.558159 -0.513106 0.652059 95.1369 0 0 0 1 
Seq_Frame0137_DriverToReference-SequenceTransformStatus = OK
Seq_Frame0137_Timestamp = 23.606
Seq_Frame0138_DriverToReference-SequenceTransform =0.368739 0.563581 0.739194 1.19783 -0.723936 0.672929 -0.151932 137.558 -0.583051 -0.479106 0.656132 74.2534 0 0 0 1 
Seq_Frame0138_DriverToReference-SequenceTransformStatus = OK
Seq_Frame0138_Timestamp = 23.719
Seq_Frame0139_DriverToReference-SequenceTransform =0.366105 0.584339 0.724234 -12.7643 -0.728758 0.664007 -0.167354 130.246 -0.578688 -0.466522 0.668938 59.8426 0 0 0 1 
Seq_Frame0139_DriverToReference-SequenceTransformStatus = OK
Seq_Frame0139_Timestamp = 23.826
Seq_Frame0140_DriverToReference-SequenceTransform =0.326814 0.59565 0.733753 -23.8361 -0.733794 0.649208 -0.200186 125.337 -0.595599 -0.473001 0.649255 46.8485 0 0 0 1 
Seq_Frame0140_DriverToReference-SequenceTransformStatus = OK
Seq_Frame0140_Timestamp = 23.934
Seq_Frame0141_DriverToReference-SequenceTransform =0.322398 0.618394 0.716692 -31.9819 -0.716246 0.654384 -0.242434 122.176 -0.618912 -0.435167 0.653894 34.2096 0 0 0 1 
Seq_Frame0141_DriverToReference-SequenceTransformStatus = OK
Seq_Frame0141_Timestamp = 24.043
Seq_Frame0142_DriverToReference-SequenceTransform =0.316136 0.618319 0.719541 -38.6354 -0.719181 0.650834 -0.2433 120.28 -0.618739 -0.440565 0.650435 22.2489 0 0 0 1 
Seq_Frame0142_DriverToReference-SequenceTransformStatus = OK
Seq_Frame0142_Timestamp = 24.151
Seq_Frame0143_DriverToReference-SequenceTransform =0.295333 0.622907 0.724407 -43.1654 -0.711281 0.649573 -0.268577 118.462 -0.637853 -0.435937 0.634903 15.0331 0 0 0 1 
Seq_Frame0143_DriverToReference-SequenceTransformStatus = OK
Seq_Frame0143_Timestamp = 24.253
Seq_Frame0144_DriverToReference-SequenceTransform =0.303909 0.622777 0.720963 -43.0082 -0.708706 0.653526 -0.265781 116.705 -0.63669 -0.430178 0.639979 13.3516 0 0 0 1 
Seq_Frame0144_DriverToReference-SequenceTransformStatus = OK
Seq_Frame0144_Timestamp = 24.358
Seq_Frame0145_DriverToReference-SequenceTransform =0.30863 0.632487 0.710427 -44.0223 -0.699162 0.657252 -0.28141 118.471 -0.644918 -0.409853 0.645059 12.9491 0 0 0 1 
Seq_Frame0145_DriverToReference-SequenceTransformStatus = OK
Seq_Frame0145_Timestamp = 24.463
Seq_Frame0146_DriverToReference-SequenceTransform =0.281315 0.627896 0.725678 -47.4899 -0.714674 0.641742 -0.278222 120.37 -0.640393 -0.440355 0.629273 9.10208 0 0 0 1 
Seq_Frame0146_DriverToReference-SequenceTransformStatus = OK
Seq_Frame0146_Timestamp = 24.568
Seq_Frame0147_DriverToReference-SequenceTransform =0.271747 0.629173 0.728213 -50.6093 -0.705664 0.644783 -0.293758 122.34 -0.654364 -0.434046 0.619203 4.22802 0 0 0 1 
Seq_Frame0147_DriverToReference-SequenceTransformStatus = OK
Seq_Frame0147_Timestamp = 24.671
Seq_Frame0148_DriverToReference-SequenceTransform =0.27948 0.6395 0.716192 -53.8679 -0.680761 0.657995 -0.321881 124.861 -0.677094 -0.397596 0.619242 -1.58809 0 0 0 1 
Seq_Frame0148_DriverToReference-SequenceTransformStatus = OK
Seq_Frame0148_Timestamp = 24.773
Seq_Frame0149_DriverToReference-SequenceTransform =0.276322 0.642369 0.714849 -56.9151 -0.668436 0.66289 -0.337297 128.086 -0.690535 -0.384628 0.612554 -7.48922 0 0 0 1 
Seq_Frame0149_DriverToReference-SequenceTransformStatus = OK
Seq_Frame0149_Timestamp = 24.874
Seq_Frame0150_DriverToReference-SequenceTransform =0.281073 0.64318 0.712262 -59.7124 -0.657644 0.669611 -0.345147 132.837 -0.69893 -0.371403 0.611193 -16.1424 0 0 0 1 
Seq_Frame0150_DriverToReference-SequenceTransformStatus = OK
