ObjectType = Image
NDims = 3
AnatomicalOrientation = RAI
BinaryData = True
CompressedData = False
DimSize = 0 0 1669
ElementSpacing = 1 1 1
Offset = 0 0 0
TransformMatrix = 1 0 0 0 1 0 0 0 1
ElementType = MET_UCHAR
Kinds = domain domain list
Seq_Frame0000_ForcepToReference-SequenceTransform =0.57081 -0.399101 -0.717561 51.8524 0.359053 -0.664607 0.65527 -6.98123 -0.738415 -0.631677 -0.236066 -9.29203 0 0 0 1 
Seq_Frame0000_ForcepToReference-SequenceTransformStatus = OK
Seq_Frame0000_Timestamp = 0.00399995
Seq_Frame0001_ForcepToReference-SequenceTransform =0.568228 -0.399763 -0.71924 51.7971 0.359624 -0.665524 0.654025 -6.82384 -0.740127 -0.630291 -0.234405 -9.66274 0 0 0 1 
Seq_Frame0001_ForcepToReference-SequenceTransformStatus = OK
Seq_Frame0001_Timestamp = 0.105
Seq_Frame0002_ForcepToReference-SequenceTransform =0.56922 -0.39919 -0.718773 51.8362 0.358908 -0.665887 0.654049 -6.93672 -0.739712 -0.630271 -0.235764 -9.32839 0 0 0 1 
Seq_Frame0002_ForcepToReference-SequenceTransformStatus = OK
Seq_Frame0002_Timestamp = 0.21
Seq_Frame0003_ForcepToReference-SequenceTransform =0.568332 -0.399458 -0.719328 51.8199 0.360743 -0.664768 0.654178 -6.87478 -0.739502 -0.631282 -0.233707 -9.62884 0 0 0 1 
Seq_Frame0003_ForcepToReference-SequenceTransformStatus = OK
Seq_Frame0003_Timestamp = 0.319
Seq_Frame0004_ForcepToReference-SequenceTransform =0.563719 -0.405659 -0.719487 51.817 0.351123 -0.670763 0.653292 -6.44892 -0.747619 -0.620901 -0.235685 -9.4554 0 0 0 1 
Seq_Frame0004_ForcepToReference-SequenceTransformStatus = OK
Seq_Frame0004_Timestamp = 1.137
Seq_Frame0005_ForcepToReference-SequenceTransform =-0.236773 0.920382 -0.311185 52.4584 -0.244606 -0.366446 -0.897711 109.75 -0.940269 -0.136436 0.311895 -72.0712 0 0 0 1 
Seq_Frame0005_ForcepToReference-SequenceTransformStatus = OK
Seq_Frame0005_Timestamp = 1.237
Seq_Frame0006_ForcepToReference-SequenceTransform =0.655122 -0.732491 -0.185127 -3.20871 0.384299 0.112105 0.916377 140.056 -0.650484 -0.671483 0.354938 -78.6979 0 0 0 1 
Seq_Frame0006_ForcepToReference-SequenceTransformStatus = OK
Seq_Frame0006_Timestamp = 1.346
Seq_Frame0007_ForcepToReference-SequenceTransform =0.484871 -0.840986 -0.240088 -45.3409 0.224172 -0.145839 0.963576 122.135 -0.845368 -0.521031 0.117813 -57.5832 0 0 0 1 
Seq_Frame0007_ForcepToReference-SequenceTransformStatus = OK
Seq_Frame0007_Timestamp = 1.448
Seq_Frame0008_ForcepToReference-SequenceTransform =0.409043 -0.895825 -0.173731 -83.5199 0.194452 -0.100444 0.975756 128.497 -0.891556 -0.432908 0.133109 -41.3625 0 0 0 1 
Seq_Frame0008_ForcepToReference-SequenceTransformStatus = OK
Seq_Frame0008_Timestamp = 1.552
Seq_Frame0009_ForcepToReference-SequenceTransform =0.45722 -0.87698 -0.147835 -102.381 0.330676 0.0133263 0.94365 142.052 -0.825593 -0.480342 0.296089 -28.3712 0 0 0 1 
Seq_Frame0009_ForcepToReference-SequenceTransformStatus = OK
Seq_Frame0009_Timestamp = 1.656
Seq_Frame0010_ForcepToReference-SequenceTransform =0.440025 -0.89474 -0.0762797 -111.733 0.344899 0.0899646 0.934318 141.369 -0.829109 -0.437433 0.348182 -5.86409 0 0 0 1 
Seq_Frame0010_ForcepToReference-SequenceTransformStatus = OK
Seq_Frame0010_Timestamp = 1.765
Seq_Frame0011_ForcepToReference-SequenceTransform =0.430836 -0.890918 -0.143684 -110.823 0.46984 0.0855113 0.8786 143.803 -0.770474 -0.44604 0.455431 7.22677 0 0 0 1 
Seq_Frame0011_ForcepToReference-SequenceTransformStatus = OK
Seq_Frame0011_Timestamp = 1.874
Seq_Frame0012_ForcepToReference-SequenceTransform =0.376545 -0.861143 -0.341536 -105.978 0.719039 0.0392168 0.693863 170.089 -0.584121 -0.506848 0.633962 21.7446 0 0 0 1 
Seq_Frame0012_ForcepToReference-SequenceTransformStatus = OK
Seq_Frame0012_Timestamp = 1.974
Seq_Frame0013_ForcepToReference-SequenceTransform =0.275804 -0.852193 -0.444634 -104.417 0.890022 0.0517057 0.452977 190.211 -0.363033 -0.520667 0.772731 41.221 0 0 0 1 
Seq_Frame0013_ForcepToReference-SequenceTransformStatus = OK
Seq_Frame0013_Timestamp = 2.079
Seq_Frame0014_ForcepToReference-SequenceTransform =0.196393 -0.819805 -0.537912 -102.882 0.97203 0.0907223 0.216625 206.352 -0.128789 -0.56541 0.814693 64.161 0 0 0 1 
Seq_Frame0014_ForcepToReference-SequenceTransformStatus = OK
Seq_Frame0014_Timestamp = 2.186
Seq_Frame0015_ForcepToReference-SequenceTransform =0.179025 -0.889315 -0.420796 -104.179 0.971467 0.227417 -0.0673217 212.975 0.155566 -0.396737 0.904654 71.2243 0 0 0 1 
Seq_Frame0015_ForcepToReference-SequenceTransformStatus = OK
Seq_Frame0015_Timestamp = 2.295
Seq_Frame0016_ForcepToReference-SequenceTransform =0.0592276 -0.87865 -0.473779 -105.206 0.982171 0.136119 -0.129658 215.96 0.178414 -0.457653 0.871047 76.9191 0 0 0 1 
Seq_Frame0016_ForcepToReference-SequenceTransformStatus = OK
Seq_Frame0016_Timestamp = 2.403
Seq_Frame0017_ForcepToReference-SequenceTransform =-0.00326253 -0.84827 -0.529553 -105.002 0.991287 0.0669871 -0.113411 214.673 0.131677 -0.525309 0.840661 77.3606 0 0 0 1 
Seq_Frame0017_ForcepToReference-SequenceTransformStatus = OK
Seq_Frame0017_Timestamp = 2.506
Seq_Frame0018_ForcepToReference-SequenceTransform =-0.0245512 -0.73598 -0.676558 -101.161 0.997031 0.0313815 -0.0703184 211.604 0.0729843 -0.676275 0.733024 80.7119 0 0 0 1 
Seq_Frame0018_ForcepToReference-SequenceTransformStatus = OK
Seq_Frame0018_Timestamp = 2.606
Seq_Frame0019_ForcepToReference-SequenceTransform =-0.0303677 -0.635261 -0.7717 -100.062 0.99948 -0.0109198 -0.030342 210.187 0.0108483 -0.77222 0.635262 84.151 0 0 0 1 
Seq_Frame0019_ForcepToReference-SequenceTransformStatus = OK
Seq_Frame0019_Timestamp = 2.836
Seq_Frame0020_ForcepToReference-SequenceTransform =-0.254803 0.761798 -0.5956 -34.8785 -0.945455 -0.0669892 0.318792 217.808 0.202956 0.644341 0.737315 169.975 0 0 0 1 
Seq_Frame0020_ForcepToReference-SequenceTransformStatus = OK
Seq_Frame0020_Timestamp = 2.937
Seq_Frame0021_ForcepToReference-SequenceTransform =-0.258305 0.79788 -0.544671 -36.599 -0.946223 -0.0952767 0.309168 218.853 0.194784 0.595239 0.779583 170.457 0 0 0 1 
Seq_Frame0021_ForcepToReference-SequenceTransformStatus = OK
Seq_Frame0021_Timestamp = 3.071
Seq_Frame0022_ForcepToReference-SequenceTransform =-0.174757 -0.710427 -0.681728 -110.029 0.809978 0.289937 -0.509776 234.231 0.559817 -0.641272 0.524762 137.533 0 0 0 1 
Seq_Frame0022_ForcepToReference-SequenceTransformStatus = OK
Seq_Frame0022_Timestamp = 3.173
Seq_Frame0023_ForcepToReference-SequenceTransform =-0.258477 -0.73035 -0.63228 -122.199 0.737625 0.273422 -0.617373 245.488 0.623777 -0.625963 0.468052 149.744 0 0 0 1 
Seq_Frame0023_ForcepToReference-SequenceTransformStatus = OK
Seq_Frame0023_Timestamp = 3.29
Seq_Frame0024_ForcepToReference-SequenceTransform =-0.284436 -0.816161 -0.502969 -129.126 0.579044 0.271877 -0.768629 252.178 0.764071 -0.509867 0.395261 156.485 0 0 0 1 
Seq_Frame0024_ForcepToReference-SequenceTransformStatus = OK
Seq_Frame0024_Timestamp = 3.398
Seq_Frame0025_ForcepToReference-SequenceTransform =-0.318833 -0.83624 -0.446148 -131.925 0.458347 0.275981 -0.844839 251.542 0.829616 -0.473853 0.295296 162.088 0 0 0 1 
Seq_Frame0025_ForcepToReference-SequenceTransformStatus = OK
Seq_Frame0025_Timestamp = 3.503
Seq_Frame0026_ForcepToReference-SequenceTransform =-0.271035 -0.860476 -0.431419 -131.345 0.437638 0.289035 -0.851429 250.603 0.857329 -0.419572 0.298238 163.726 0 0 0 1 
Seq_Frame0026_ForcepToReference-SequenceTransformStatus = OK
Seq_Frame0026_Timestamp = 3.604
Seq_Frame0027_ForcepToReference-SequenceTransform =-0.346345 -0.838844 -0.419984 -133.228 0.405415 0.269888 -0.873384 252.361 0.845981 -0.472759 0.246605 166.71 0 0 0 1 
Seq_Frame0027_ForcepToReference-SequenceTransformStatus = OK
Seq_Frame0027_Timestamp = 3.712
Seq_Frame0028_ForcepToReference-SequenceTransform =-0.368487 -0.830024 -0.418661 -133.495 0.387803 0.272048 -0.880681 253.747 0.844882 -0.486877 0.22164 168.804 0 0 0 1 
Seq_Frame0028_ForcepToReference-SequenceTransformStatus = OK
Seq_Frame0028_Timestamp = 3.814
Seq_Frame0029_ForcepToReference-SequenceTransform =-0.393917 -0.814295 -0.426325 -133.455 0.385828 0.274493 -0.88079 255.332 0.834246 -0.511446 0.206051 168.767 0 0 0 1 
Seq_Frame0029_ForcepToReference-SequenceTransformStatus = OK
Seq_Frame0029_Timestamp = 3.915
Seq_Frame0030_ForcepToReference-SequenceTransform =-0.37759 -0.831379 -0.407719 -133.806 0.360673 0.273491 -0.891694 256.136 0.852843 -0.483748 0.196588 169.432 0 0 0 1 
Seq_Frame0030_ForcepToReference-SequenceTransformStatus = OK
Seq_Frame0030_Timestamp = 4.021
Seq_Frame0031_ForcepToReference-SequenceTransform =-0.390924 -0.813615 -0.43036 -133.508 0.378593 0.284045 -0.880901 257.031 0.838955 -0.507297 0.196989 170.165 0 0 0 1 
Seq_Frame0031_ForcepToReference-SequenceTransformStatus = OK
Seq_Frame0031_Timestamp = 4.136
Seq_Frame0032_ForcepToReference-SequenceTransform =-0.418584 -0.802086 -0.425964 -134.398 0.361878 0.28288 -0.88827 257.672 0.832966 -0.525962 0.171848 172.617 0 0 0 1 
Seq_Frame0032_ForcepToReference-SequenceTransformStatus = OK
Seq_Frame0032_Timestamp = 4.24
Seq_Frame0033_ForcepToReference-SequenceTransform =-0.426834 -0.796628 -0.428015 -134.702 0.358559 0.285422 -0.888802 257.886 0.83021 -0.53284 0.163811 173.003 0 0 0 1 
Seq_Frame0033_ForcepToReference-SequenceTransformStatus = OK
Seq_Frame0033_Timestamp = 4.352
Seq_Frame0034_ForcepToReference-SequenceTransform =-0.429314 -0.792871 -0.432487 -134.67 0.350429 0.295111 -0.888881 256.996 0.832399 -0.533165 0.15115 174.385 0 0 0 1 
Seq_Frame0034_ForcepToReference-SequenceTransformStatus = OK
Seq_Frame0034_Timestamp = 4.453
Seq_Frame0035_ForcepToReference-SequenceTransform =-0.426715 -0.804113 -0.413905 -135.498 0.322352 0.292374 -0.900337 255.428 0.844987 -0.51761 0.134448 174.362 0 0 0 1 
Seq_Frame0035_ForcepToReference-SequenceTransformStatus = OK
Seq_Frame0035_Timestamp = 4.562
Seq_Frame0036_ForcepToReference-SequenceTransform =-0.448863 -0.783068 -0.430496 -136.056 0.34696 0.291235 -0.891516 255.119 0.823493 -0.549533 0.140968 174.841 0 0 0 1 
Seq_Frame0036_ForcepToReference-SequenceTransformStatus = OK
Seq_Frame0036_Timestamp = 4.671
Seq_Frame0037_ForcepToReference-SequenceTransform =-0.442625 -0.786554 -0.430599 -135.523 0.343986 0.294524 -0.891588 254.225 0.828104 -0.542759 0.1402 176.003 0 0 0 1 
Seq_Frame0037_ForcepToReference-SequenceTransformStatus = OK
Seq_Frame0037_Timestamp = 4.772
Seq_Frame0038_ForcepToReference-SequenceTransform =-0.431753 -0.791719 -0.432168 -135.256 0.347355 0.296234 -0.889713 252.964 0.832426 -0.534253 0.147107 177.762 0 0 0 1 
Seq_Frame0038_ForcepToReference-SequenceTransformStatus = OK
Seq_Frame0038_Timestamp = 4.881
Seq_Frame0039_ForcepToReference-SequenceTransform =-0.42901 -0.796219 -0.426598 -134.623 0.352743 0.287098 -0.890588 251.897 0.831578 -0.532551 0.157692 177.508 0 0 0 1 
Seq_Frame0039_ForcepToReference-SequenceTransformStatus = OK
Seq_Frame0039_Timestamp = 4.982
Seq_Frame0040_ForcepToReference-SequenceTransform =-0.460337 -0.799116 -0.386656 -139.748 0.423486 0.185123 -0.886786 257.254 0.780224 -0.571964 0.253196 167.006 0 0 0 1 
Seq_Frame0040_ForcepToReference-SequenceTransformStatus = OK
Seq_Frame0040_Timestamp = 5.089
Seq_Frame0041_ForcepToReference-SequenceTransform =-0.371822 -0.88872 -0.268187 -140.205 0.579576 0.00343042 -0.814911 274.293 0.725148 -0.458437 0.513806 144.844 0 0 0 1 
Seq_Frame0041_ForcepToReference-SequenceTransformStatus = OK
Seq_Frame0041_Timestamp = 5.194
Seq_Frame0042_ForcepToReference-SequenceTransform =-0.274243 -0.939622 -0.204698 -125.096 0.792144 -0.100034 -0.602081 294.571 0.545252 -0.327267 0.771749 98.3113 0 0 0 1 
Seq_Frame0042_ForcepToReference-SequenceTransformStatus = OK
Seq_Frame0042_Timestamp = 5.295
Seq_Frame0043_ForcepToReference-SequenceTransform =-0.216737 -0.919456 -0.328063 -94.3389 0.975798 -0.194051 -0.100806 282.285 0.0290257 -0.341971 0.939262 41.5519 0 0 0 1 
Seq_Frame0043_ForcepToReference-SequenceTransformStatus = OK
Seq_Frame0043_Timestamp = 5.395
Seq_Frame0044_ForcepToReference-SequenceTransform =-0.121738 -0.96282 -0.24116 -56.1405 0.983836 -0.1492 0.0990286 256.104 -0.131328 -0.225206 0.96542 22.1734 0 0 0 1 
Seq_Frame0044_ForcepToReference-SequenceTransformStatus = OK
Seq_Frame0044_Timestamp = 5.502
Seq_Frame0045_ForcepToReference-SequenceTransform =-0.53806 0.447835 0.714098 -1.22379 -0.306174 0.685481 -0.660585 234.432 -0.785334 -0.574073 -0.231714 26.9885 0 0 0 1 
Seq_Frame0045_ForcepToReference-SequenceTransformStatus = OK
Seq_Frame0045_Timestamp = 5.647
Seq_Frame0046_ForcepToReference-SequenceTransform =-0.527451 0.512072 0.677922 28.0092 -0.361034 0.587215 -0.724454 221.709 -0.769058 -0.626867 -0.124851 33.8146 0 0 0 1 
Seq_Frame0046_ForcepToReference-SequenceTransformStatus = OK
Seq_Frame0046_Timestamp = 5.751
Seq_Frame0047_ForcepToReference-SequenceTransform =-0.481251 0.568836 0.666951 42.8596 -0.316453 0.596802 -0.73735 220.77 -0.817469 -0.565909 -0.107201 40.7102 0 0 0 1 
Seq_Frame0047_ForcepToReference-SequenceTransformStatus = OK
Seq_Frame0047_Timestamp = 5.854
Seq_Frame0048_ForcepToReference-SequenceTransform =-0.479568 0.596096 0.643959 52.1251 -0.312488 0.569733 -0.760102 216.936 -0.819979 -0.565751 -0.0869524 44.6624 0 0 0 1 
Seq_Frame0048_ForcepToReference-SequenceTransformStatus = OK
Seq_Frame0048_Timestamp = 5.954
Seq_Frame0049_ForcepToReference-SequenceTransform =-0.508951 0.618721 0.598459 59.4491 -0.320063 0.509372 -0.798812 209.394 -0.799079 -0.598101 -0.0612154 50.2999 0 0 0 1 
Seq_Frame0049_ForcepToReference-SequenceTransformStatus = OK
Seq_Frame0049_Timestamp = 6.062
Seq_Frame0050_ForcepToReference-SequenceTransform =-0.489631 0.664825 0.564153 64.2835 -0.360994 0.434394 -0.825218 198.033 -0.793691 -0.607708 0.0273055 57.4981 0 0 0 1 
Seq_Frame0050_ForcepToReference-SequenceTransformStatus = OK
Seq_Frame0050_Timestamp = 6.168
Seq_Frame0051_ForcepToReference-SequenceTransform =-0.512127 0.699253 0.498769 69.613 -0.374297 0.34097 -0.862346 187.473 -0.773064 -0.628319 0.0871086 60.0498 0 0 0 1 
Seq_Frame0051_ForcepToReference-SequenceTransformStatus = OK
Seq_Frame0051_Timestamp = 6.276
Seq_Frame0052_ForcepToReference-SequenceTransform =-0.518261 0.734321 0.43838 78.6893 -0.425822 0.222968 -0.876904 176.748 -0.741674 -0.641138 0.197134 56.2282 0 0 0 1 
Seq_Frame0052_ForcepToReference-SequenceTransformStatus = OK
Seq_Frame0052_Timestamp = 6.387
Seq_Frame0053_ForcepToReference-SequenceTransform =-0.496095 0.760149 0.419598 82.455 -0.426871 0.207296 -0.880233 175.448 -0.756089 -0.615793 0.221647 56.0033 0 0 0 1 
Seq_Frame0053_ForcepToReference-SequenceTransformStatus = OK
Seq_Frame0053_Timestamp = 13.996
Seq_Frame0054_ForcepToReference-SequenceTransform =0.603213 -0.70161 -0.379312 123.319 0.550693 0.0223538 0.834408 153.052 -0.57695 -0.71221 0.399856 60.3168 0 0 0 1 
Seq_Frame0054_ForcepToReference-SequenceTransformStatus = OK
Seq_Frame0054_Timestamp = 14.096
Seq_Frame0055_ForcepToReference-SequenceTransform =0.589419 -0.718253 -0.369727 122.218 0.54456 0.0152133 0.838584 152.33 -0.59669 -0.695616 0.400099 59.2526 0 0 0 1 
Seq_Frame0055_ForcepToReference-SequenceTransformStatus = OK
Seq_Frame0055_Timestamp = 14.197
Seq_Frame0056_ForcepToReference-SequenceTransform =0.526639 -0.796642 -0.29667 114.66 0.483788 -0.00609253 0.875164 143.148 -0.699 -0.604421 0.382197 45.2429 0 0 0 1 
Seq_Frame0056_ForcepToReference-SequenceTransformStatus = OK
Seq_Frame0056_Timestamp = 14.301
Seq_Frame0057_ForcepToReference-SequenceTransform =0.436462 -0.860795 -0.261786 102.811 0.372082 -0.0922255 0.923607 128.244 -0.81918 -0.500525 0.280034 28.3137 0 0 0 1 
Seq_Frame0057_ForcepToReference-SequenceTransformStatus = OK
Seq_Frame0057_Timestamp = 14.401
Seq_Frame0058_ForcepToReference-SequenceTransform =0.363166 -0.897349 -0.250749 94.5755 0.285147 -0.149167 0.946805 116.048 -0.887019 -0.415348 0.201704 19.6783 0 0 0 1 
Seq_Frame0058_ForcepToReference-SequenceTransformStatus = OK
Seq_Frame0058_Timestamp = 14.502
Seq_Frame0059_ForcepToReference-SequenceTransform =0.336974 -0.910801 -0.238516 92.7048 0.283183 -0.143554 0.948261 112.886 -0.897917 -0.387083 0.20955 15.0828 0 0 0 1 
Seq_Frame0059_ForcepToReference-SequenceTransformStatus = OK
Seq_Frame0059_Timestamp = 14.602
Seq_Frame0060_ForcepToReference-SequenceTransform =0.347308 -0.906224 -0.241111 93.023 0.270804 -0.149239 0.950996 110.132 -0.897799 -0.395582 0.193577 14.3798 0 0 0 1 
Seq_Frame0060_ForcepToReference-SequenceTransformStatus = OK
Seq_Frame0060_Timestamp = 14.703
Seq_Frame0061_ForcepToReference-SequenceTransform =0.371635 -0.894439 -0.248729 93.9064 0.273261 -0.150661 0.950068 110.482 -0.887252 -0.421046 0.188424 14.8801 0 0 0 1 
Seq_Frame0061_ForcepToReference-SequenceTransformStatus = OK
Seq_Frame0061_Timestamp = 14.808
Seq_Frame0062_ForcepToReference-SequenceTransform =0.378422 -0.889209 -0.257106 94.6811 0.286258 -0.151722 0.946064 113.346 -0.880257 -0.43161 0.197128 16.3611 0 0 0 1 
Seq_Frame0062_ForcepToReference-SequenceTransformStatus = OK
Seq_Frame0062_Timestamp = 14.911
Seq_Frame0063_ForcepToReference-SequenceTransform =0.370245 -0.891476 -0.261131 94.4731 0.299482 -0.151548 0.941989 114.858 -0.879335 -0.42697 0.210871 17.2903 0 0 0 1 
Seq_Frame0063_ForcepToReference-SequenceTransformStatus = OK
Seq_Frame0063_Timestamp = 15.019
Seq_Frame0064_ForcepToReference-SequenceTransform =0.371877 -0.890632 -0.261693 93.3845 0.28495 -0.158777 0.945301 115.253 -0.883465 -0.426104 0.19474 16.2513 0 0 0 1 
Seq_Frame0064_ForcepToReference-SequenceTransformStatus = OK
Seq_Frame0064_Timestamp = 15.119
Seq_Frame0065_ForcepToReference-SequenceTransform =0.373894 -0.891011 -0.257493 92.6419 0.294267 -0.14932 0.943987 115.505 -0.879551 -0.428722 0.206365 14.3833 0 0 0 1 
Seq_Frame0065_ForcepToReference-SequenceTransformStatus = OK
Seq_Frame0065_Timestamp = 15.226
Seq_Frame0066_ForcepToReference-SequenceTransform =0.354147 -0.901629 -0.248285 93.452 0.320094 -0.132589 0.938062 116.256 -0.878704 -0.411686 0.24165 16.493 0 0 0 1 
Seq_Frame0066_ForcepToReference-SequenceTransformStatus = OK
Seq_Frame0066_Timestamp = 15.33
Seq_Frame0067_ForcepToReference-SequenceTransform =0.367782 -0.893661 -0.257112 94.2107 0.350903 -0.122677 0.928341 120.126 -0.861164 -0.431648 0.26847 18.7501 0 0 0 1 
Seq_Frame0067_ForcepToReference-SequenceTransformStatus = OK
Seq_Frame0067_Timestamp = 15.436
Seq_Frame0068_ForcepToReference-SequenceTransform =0.381341 -0.886411 -0.262403 93.3946 0.337496 -0.130764 0.9322 120.578 -0.860625 -0.444046 0.249294 17.4759 0 0 0 1 
Seq_Frame0068_ForcepToReference-SequenceTransformStatus = OK
Seq_Frame0068_Timestamp = 15.544
Seq_Frame0069_ForcepToReference-SequenceTransform =0.380644 -0.886155 -0.264272 93.9705 0.361176 -0.120615 0.924664 122.56 -0.851271 -0.447417 0.274147 18.8942 0 0 0 1 
Seq_Frame0069_ForcepToReference-SequenceTransformStatus = OK
Seq_Frame0069_Timestamp = 15.654
Seq_Frame0070_ForcepToReference-SequenceTransform =0.389454 -0.882303 -0.264325 94.2705 0.368672 -0.113659 0.922585 122.144 -0.844042 -0.456753 0.281016 18.4858 0 0 0 1 
Seq_Frame0070_ForcepToReference-SequenceTransformStatus = OK
Seq_Frame0070_Timestamp = 15.754
Seq_Frame0071_ForcepToReference-SequenceTransform =0.402922 -0.873509 -0.273194 95.1512 0.384221 -0.109481 0.916727 123.28 -0.830679 -0.474336 0.291508 19.5545 0 0 0 1 
Seq_Frame0071_ForcepToReference-SequenceTransformStatus = OK
Seq_Frame0071_Timestamp = 15.858
Seq_Frame0072_ForcepToReference-SequenceTransform =0.398098 -0.876064 -0.272084 95.2567 0.393219 -0.105004 0.913429 123.857 -0.828793 -0.470623 0.302683 19.7252 0 0 0 1 
Seq_Frame0072_ForcepToReference-SequenceTransformStatus = OK
Seq_Frame0072_Timestamp = 15.96
Seq_Frame0073_ForcepToReference-SequenceTransform =0.400865 -0.874734 -0.2723 95.3024 0.39327 -0.104145 0.913506 123.785 -0.827433 -0.47328 0.302258 19.8529 0 0 0 1 
Seq_Frame0073_ForcepToReference-SequenceTransformStatus = OK
Seq_Frame0073_Timestamp = 16.066
Seq_Frame0074_ForcepToReference-SequenceTransform =0.392272 -0.878936 -0.271283 95.3153 0.402231 -0.101328 0.909914 123.989 -0.827244 -0.466052 0.313787 19.4449 0 0 0 1 
Seq_Frame0074_ForcepToReference-SequenceTransformStatus = OK
Seq_Frame0074_Timestamp = 16.167
Seq_Frame0075_ForcepToReference-SequenceTransform =0.393383 -0.877075 -0.275661 95.6708 0.422739 -0.0936991 0.901395 125.925 -0.81642 -0.471126 0.333914 19.3491 0 0 0 1 
Seq_Frame0075_ForcepToReference-SequenceTransformStatus = OK
Seq_Frame0075_Timestamp = 16.278
Seq_Frame0076_ForcepToReference-SequenceTransform =0.398032 -0.874099 -0.278426 95.597 0.42147 -0.0953335 0.901817 125.651 -0.814821 -0.476301 0.330461 18.755 0 0 0 1 
Seq_Frame0076_ForcepToReference-SequenceTransformStatus = OK
Seq_Frame0076_Timestamp = 16.385
Seq_Frame0077_ForcepToReference-SequenceTransform =0.396972 -0.874281 -0.279367 95.5909 0.420918 -0.0970689 0.90189 125.788 -0.815623 -0.475616 0.329467 18.9184 0 0 0 1 
Seq_Frame0077_ForcepToReference-SequenceTransformStatus = OK
Seq_Frame0077_Timestamp = 16.486
Seq_Frame0078_ForcepToReference-SequenceTransform =0.39604 -0.875124 -0.278047 95.6575 0.421881 -0.0955367 0.901604 125.845 -0.815579 -0.474374 0.331362 19.2985 0 0 0 1 
Seq_Frame0078_ForcepToReference-SequenceTransformStatus = OK
Seq_Frame0078_Timestamp = 16.589
Seq_Frame0079_ForcepToReference-SequenceTransform =0.397085 -0.873895 -0.280412 95.7668 0.427583 -0.0941973 0.899055 126.157 -0.812093 -0.476901 0.336258 19.297 0 0 0 1 
Seq_Frame0079_ForcepToReference-SequenceTransformStatus = OK
Seq_Frame0079_Timestamp = 16.694
Seq_Frame0080_ForcepToReference-SequenceTransform =0.398658 -0.873497 -0.279418 95.8555 0.425627 -0.0936551 0.900039 126.303 -0.812351 -0.477736 0.334448 19.5379 0 0 0 1 
Seq_Frame0080_ForcepToReference-SequenceTransformStatus = OK
Seq_Frame0080_Timestamp = 16.803
Seq_Frame0081_ForcepToReference-SequenceTransform =0.400118 -0.871772 -0.282698 95.846 0.427198 -0.0954889 0.899102 126.474 -0.810807 -0.480515 0.334213 19.6579 0 0 0 1 
Seq_Frame0081_ForcepToReference-SequenceTransformStatus = OK
Seq_Frame0081_Timestamp = 16.91
Seq_Frame0082_ForcepToReference-SequenceTransform =0.401487 -0.870516 -0.284622 95.926 0.43069 -0.0948101 0.897506 126.61 -0.808278 -0.482921 0.336858 19.7701 0 0 0 1 
Seq_Frame0082_ForcepToReference-SequenceTransformStatus = OK
Seq_Frame0082_Timestamp = 17.013
Seq_Frame0083_ForcepToReference-SequenceTransform =0.399877 -0.871024 -0.285334 95.8746 0.432932 -0.0948982 0.896417 126.743 -0.807879 -0.481987 0.339147 19.8407 0 0 0 1 
Seq_Frame0083_ForcepToReference-SequenceTransformStatus = OK
Seq_Frame0083_Timestamp = 17.12
Seq_Frame0084_ForcepToReference-SequenceTransform =0.396522 -0.872869 -0.284377 95.7724 0.436647 -0.0931632 0.894796 126.924 -0.807533 -0.478979 0.344194 19.8925 0 0 0 1 
Seq_Frame0084_ForcepToReference-SequenceTransformStatus = OK
Seq_Frame0084_Timestamp = 17.222
Seq_Frame0085_ForcepToReference-SequenceTransform =0.401794 -0.870021 -0.2857 95.8034 0.436173 -0.0925005 0.895096 127.322 -0.80518 -0.484259 0.342314 19.6312 0 0 0 1 
Seq_Frame0085_ForcepToReference-SequenceTransformStatus = OK
Seq_Frame0085_Timestamp = 17.336
Seq_Frame0086_ForcepToReference-SequenceTransform =0.404022 -0.868574 -0.286959 95.7233 0.439498 -0.0908054 0.893642 127.456 -0.802251 -0.487169 0.34505 19.6185 0 0 0 1 
Seq_Frame0086_ForcepToReference-SequenceTransformStatus = OK
Seq_Frame0086_Timestamp = 17.437
Seq_Frame0087_ForcepToReference-SequenceTransform =0.407417 -0.866779 -0.287586 95.5216 0.441515 -0.0887107 0.892858 127.572 -0.799422 -0.490739 0.346554 19.9307 0 0 0 1 
Seq_Frame0087_ForcepToReference-SequenceTransformStatus = OK
Seq_Frame0087_Timestamp = 17.54
Seq_Frame0088_ForcepToReference-SequenceTransform =0.402281 -0.869564 -0.286406 95.6055 0.445145 -0.0875865 0.891165 127.862 -0.80001 -0.485991 0.351847 19.7345 0 0 0 1 
Seq_Frame0088_ForcepToReference-SequenceTransformStatus = OK
Seq_Frame0088_Timestamp = 17.644
Seq_Frame0089_ForcepToReference-SequenceTransform =0.405608 -0.868124 -0.286083 95.9847 0.444908 -0.0858972 0.891447 128.02 -0.79846 -0.488859 0.351395 20.2227 0 0 0 1 
Seq_Frame0089_ForcepToReference-SequenceTransformStatus = OK
Seq_Frame0089_Timestamp = 17.744
Seq_Frame0090_ForcepToReference-SequenceTransform =0.401406 -0.870048 -0.286165 96.1567 0.447 -0.0866081 0.890331 128.365 -0.799415 -0.4853 0.354146 21.1255 0 0 0 1 
Seq_Frame0090_ForcepToReference-SequenceTransformStatus = OK
Seq_Frame0090_Timestamp = 17.846
Seq_Frame0091_ForcepToReference-SequenceTransform =0.40602 -0.866609 -0.290065 96.6971 0.449367 -0.0870563 0.889095 128.883 -0.79575 -0.491336 0.354079 21.3594 0 0 0 1 
Seq_Frame0091_ForcepToReference-SequenceTransformStatus = OK
Seq_Frame0091_Timestamp = 17.961
Seq_Frame0092_ForcepToReference-SequenceTransform =0.42364 -0.853658 -0.30298 97.998 0.446004 -0.0945498 0.890023 129.998 -0.788422 -0.51218 0.34068 22.8287 0 0 0 1 
Seq_Frame0092_ForcepToReference-SequenceTransformStatus = OK
Seq_Frame0092_Timestamp = 18.062
Seq_Frame0093_ForcepToReference-SequenceTransform =0.419484 -0.853466 -0.30924 99.1552 0.462896 -0.0919294 0.881633 131.806 -0.780871 -0.512977 0.356503 24.7219 0 0 0 1 
Seq_Frame0093_ForcepToReference-SequenceTransformStatus = OK
Seq_Frame0093_Timestamp = 18.164
Seq_Frame0094_ForcepToReference-SequenceTransform =0.437536 -0.842284 -0.314835 100.947 0.465164 -0.0876247 0.880877 133.062 -0.769536 -0.531865 0.353461 26.6089 0 0 0 1 
Seq_Frame0094_ForcepToReference-SequenceTransformStatus = OK
Seq_Frame0094_Timestamp = 18.271
Seq_Frame0095_ForcepToReference-SequenceTransform =0.45143 -0.831497 -0.323764 103.506 0.479665 -0.079825 0.873813 134.952 -0.752418 -0.549764 0.362805 30.349 0 0 0 1 
Seq_Frame0095_ForcepToReference-SequenceTransformStatus = OK
Seq_Frame0095_Timestamp = 18.372
Seq_Frame0096_ForcepToReference-SequenceTransform =0.46642 -0.81386 -0.346531 107.027 0.489474 -0.0888466 0.86748 137.484 -0.736796 -0.574228 0.356924 35.5681 0 0 0 1 
Seq_Frame0096_ForcepToReference-SequenceTransformStatus = OK
Seq_Frame0096_Timestamp = 18.485
Seq_Frame0097_ForcepToReference-SequenceTransform =0.477416 -0.80125 -0.360654 110.286 0.502848 -0.0874542 0.859939 139.404 -0.720567 -0.591904 0.361155 40.2571 0 0 0 1 
Seq_Frame0097_ForcepToReference-SequenceTransformStatus = OK
Seq_Frame0097_Timestamp = 18.586
Seq_Frame0098_ForcepToReference-SequenceTransform =0.490051 -0.790488 -0.367393 112.052 0.5092 -0.0824888 0.856686 140.301 -0.707506 -0.606897 0.362093 42.3944 0 0 0 1 
Seq_Frame0098_ForcepToReference-SequenceTransformStatus = OK
Seq_Frame0098_Timestamp = 18.688
Seq_Frame0099_ForcepToReference-SequenceTransform =0.495596 -0.781376 -0.379258 114.288 0.524238 -0.0790416 0.847896 142.133 -0.692502 -0.619035 0.370454 46.3251 0 0 0 1 
Seq_Frame0099_ForcepToReference-SequenceTransformStatus = OK
Seq_Frame0099_Timestamp = 18.792
Seq_Frame0100_ForcepToReference-SequenceTransform =0.504138 -0.770409 -0.390276 115.935 0.535118 -0.0760437 0.841348 143.635 -0.67786 -0.632999 0.373923 49.9909 0 0 0 1 
Seq_Frame0100_ForcepToReference-SequenceTransformStatus = OK
Seq_Frame0100_Timestamp = 18.894
Seq_Frame0101_ForcepToReference-SequenceTransform =0.511221 -0.761711 -0.398058 117.167 0.552433 -0.0635703 0.83113 145.584 -0.658385 -0.644791 0.388296 52.7218 0 0 0 1 
Seq_Frame0101_ForcepToReference-SequenceTransformStatus = OK
Seq_Frame0101_Timestamp = 19.003
Seq_Frame0102_ForcepToReference-SequenceTransform =0.530663 -0.740775 -0.411885 118.851 0.556039 -0.0625052 0.828802 146.261 -0.639701 -0.668839 0.378731 56.7463 0 0 0 1 
Seq_Frame0102_ForcepToReference-SequenceTransformStatus = OK
Seq_Frame0102_Timestamp = 19.111
Seq_Frame0103_ForcepToReference-SequenceTransform =0.527728 -0.739588 -0.417748 120.349 0.564341 -0.0622871 0.823188 147.11 -0.63484 -0.670172 0.384509 57.8395 0 0 0 1 
Seq_Frame0103_ForcepToReference-SequenceTransformStatus = OK
Seq_Frame0103_Timestamp = 19.212
Seq_Frame0104_ForcepToReference-SequenceTransform =0.556337 -0.70545 -0.439124 121.907 0.565829 -0.0653985 0.821925 148.122 -0.608545 -0.705736 0.36278 61.2378 0 0 0 1 
Seq_Frame0104_ForcepToReference-SequenceTransformStatus = OK
Seq_Frame0104_Timestamp = 19.316
Seq_Frame0105_ForcepToReference-SequenceTransform =0.562608 -0.696859 -0.444814 122.766 0.56515 -0.0685084 0.822138 148.005 -0.603388 -0.713929 0.355287 63.3831 0 0 0 1 
Seq_Frame0105_ForcepToReference-SequenceTransformStatus = OK
Seq_Frame0105_Timestamp = 19.417
Seq_Frame0106_ForcepToReference-SequenceTransform =0.568649 -0.733663 -0.371991 119.46 0.493354 -0.0576709 0.867915 141.271 -0.65821 -0.677062 0.329161 51.979 0 0 0 1 
Seq_Frame0106_ForcepToReference-SequenceTransformStatus = OK
Seq_Frame0106_Timestamp = 20.296
Seq_Frame0107_ForcepToReference-SequenceTransform =0.555373 -0.757453 -0.343258 114.836 0.447808 -0.0754152 0.890944 135.674 -0.700735 -0.64852 0.29731 43.4934 0 0 0 1 
Seq_Frame0107_ForcepToReference-SequenceTransformStatus = OK
Seq_Frame0107_Timestamp = 20.431
Seq_Frame0108_ForcepToReference-SequenceTransform =0.494398 -0.80978 -0.315955 109.84 0.426542 -0.0907016 0.899908 132.261 -0.757385 -0.579681 0.300563 35.2305 0 0 0 1 
Seq_Frame0108_ForcepToReference-SequenceTransformStatus = OK
Seq_Frame0108_Timestamp = 20.544
Seq_Frame0109_ForcepToReference-SequenceTransform =0.502237 -0.804897 -0.316069 108.72 0.433339 -0.0820357 0.89749 132.942 -0.748315 -0.587717 0.307592 34.7081 0 0 0 1 
Seq_Frame0109_ForcepToReference-SequenceTransformStatus = OK
Seq_Frame0109_Timestamp = 20.653
Seq_Frame0110_ForcepToReference-SequenceTransform =0.487924 -0.814695 -0.313372 107.971 0.44063 -0.0800261 0.894115 132.804 -0.753509 -0.574342 0.319932 33.3778 0 0 0 1 
Seq_Frame0110_ForcepToReference-SequenceTransformStatus = OK
Seq_Frame0110_Timestamp = 20.77
Seq_Frame0111_ForcepToReference-SequenceTransform =0.492737 -0.811854 -0.313216 107.714 0.440113 -0.0780026 0.894548 133.182 -0.750674 -0.578627 0.318873 33.0032 0 0 0 1 
Seq_Frame0111_ForcepToReference-SequenceTransformStatus = OK
Seq_Frame0111_Timestamp = 20.881
Seq_Frame0112_ForcepToReference-SequenceTransform =0.496025 -0.809807 -0.313323 107.332 0.442475 -0.0747409 0.893661 133.387 -0.747111 -0.581916 0.321246 32.5894 0 0 0 1 
Seq_Frame0112_ForcepToReference-SequenceTransformStatus = OK
Seq_Frame0112_Timestamp = 20.986
Seq_Frame0113_ForcepToReference-SequenceTransform =0.492922 -0.810577 -0.316215 107.278 0.453915 -0.0704861 0.888253 134.258 -0.742286 -0.581374 0.333189 32.6453 0 0 0 1 
Seq_Frame0113_ForcepToReference-SequenceTransformStatus = OK
Seq_Frame0113_Timestamp = 21.086
Seq_Frame0114_ForcepToReference-SequenceTransform =0.486409 -0.812709 -0.320797 107.253 0.464451 -0.0704847 0.88279 134.903 -0.740062 -0.578391 0.343179 32.2949 0 0 0 1 
Seq_Frame0114_ForcepToReference-SequenceTransformStatus = OK
Seq_Frame0114_Timestamp = 21.188
Seq_Frame0115_ForcepToReference-SequenceTransform =0.486142 -0.812996 -0.320473 107.379 0.466464 -0.0686927 0.881869 135.019 -0.73897 -0.578203 0.345839 32.4956 0 0 0 1 
Seq_Frame0115_ForcepToReference-SequenceTransformStatus = OK
Seq_Frame0115_Timestamp = 21.294
Seq_Frame0116_ForcepToReference-SequenceTransform =0.483666 -0.815065 -0.31896 107.262 0.466776 -0.0680685 0.881752 134.928 -0.740397 -0.575357 0.347531 32.4437 0 0 0 1 
Seq_Frame0116_ForcepToReference-SequenceTransformStatus = OK
Seq_Frame0116_Timestamp = 21.397
Seq_Frame0117_ForcepToReference-SequenceTransform =0.488209 -0.814072 -0.314546 107.632 0.453366 -0.0713995 0.88846 132.848 -0.745729 -0.576359 0.334214 31.4232 0 0 0 1 
Seq_Frame0117_ForcepToReference-SequenceTransformStatus = OK
Seq_Frame0117_Timestamp = 21.501
Seq_Frame0118_ForcepToReference-SequenceTransform =0.493584 -0.811102 -0.313829 108.244 0.457138 -0.0650168 0.887016 133.168 -0.739865 -0.58128 0.338694 31.9771 0 0 0 1 
Seq_Frame0118_ForcepToReference-SequenceTransformStatus = OK
Seq_Frame0118_Timestamp = 21.602
Seq_Frame0119_ForcepToReference-SequenceTransform =0.480581 -0.819419 -0.312401 107.854 0.464849 -0.0640393 0.883071 133.048 -0.743611 -0.569607 0.35013 31.4114 0 0 0 1 
Seq_Frame0119_ForcepToReference-SequenceTransformStatus = OK
Seq_Frame0119_Timestamp = 21.711
Seq_Frame0120_ForcepToReference-SequenceTransform =0.476048 -0.823954 -0.307375 107.12 0.448472 -0.0732 0.890794 130.203 -0.756473 -0.561909 0.334674 28.2262 0 0 0 1 
Seq_Frame0120_ForcepToReference-SequenceTransformStatus = OK
Seq_Frame0120_Timestamp = 21.812
Seq_Frame0121_ForcepToReference-SequenceTransform =0.459342 -0.833153 -0.307994 106.539 0.426569 -0.0972347 0.899213 125.196 -0.77913 -0.544427 0.310734 24.9836 0 0 0 1 
Seq_Frame0121_ForcepToReference-SequenceTransformStatus = OK
Seq_Frame0121_Timestamp = 21.921
Seq_Frame0122_ForcepToReference-SequenceTransform =0.460591 -0.834155 -0.303383 106.284 0.351416 -0.142497 0.925312 115.332 -0.815085 -0.532803 0.227502 20.6989 0 0 0 1 
Seq_Frame0122_ForcepToReference-SequenceTransformStatus = OK
Seq_Frame0122_Timestamp = 22.028
Seq_Frame0123_ForcepToReference-SequenceTransform =0.444919 -0.842411 -0.303958 105.638 0.316659 -0.169499 0.933272 109.96 -0.837719 -0.511482 0.191344 19.3241 0 0 0 1 
Seq_Frame0123_ForcepToReference-SequenceTransformStatus = OK
Seq_Frame0123_Timestamp = 22.128
Seq_Frame0124_ForcepToReference-SequenceTransform =0.436527 -0.848089 -0.300314 104.603 0.294665 -0.180616 0.938376 107.547 -0.850068 -0.498119 0.171059 17.6882 0 0 0 1 
Seq_Frame0124_ForcepToReference-SequenceTransformStatus = OK
Seq_Frame0124_Timestamp = 22.229
Seq_Frame0125_ForcepToReference-SequenceTransform =0.418435 -0.856383 -0.302522 103.994 0.278153 -0.19625 0.940275 105.086 -0.864606 -0.477592 0.156088 17.7069 0 0 0 1 
Seq_Frame0125_ForcepToReference-SequenceTransformStatus = OK
Seq_Frame0125_Timestamp = 22.33
Seq_Frame0126_ForcepToReference-SequenceTransform =0.424748 -0.851501 -0.307465 104.17 0.266863 -0.20677 0.941292 104.465 -0.865086 -0.481863 0.139409 17.4371 0 0 0 1 
Seq_Frame0126_ForcepToReference-SequenceTransformStatus = OK
Seq_Frame0126_Timestamp = 22.435
Seq_Frame0127_ForcepToReference-SequenceTransform =0.418846 -0.85352 -0.309954 103.814 0.253078 -0.21809 0.942543 102.787 -0.872078 -0.473224 0.124661 17.1894 0 0 0 1 
Seq_Frame0127_ForcepToReference-SequenceTransformStatus = OK
Seq_Frame0127_Timestamp = 22.546
Seq_Frame0128_ForcepToReference-SequenceTransform =0.415558 -0.849384 -0.32536 102.871 0.238945 -0.243201 0.940084 98.4537 -0.87762 -0.468402 0.101891 15.8121 0 0 0 1 
Seq_Frame0128_ForcepToReference-SequenceTransformStatus = OK
Seq_Frame0128_Timestamp = 22.65
Seq_Frame0129_ForcepToReference-SequenceTransform =0.387927 -0.857193 -0.338723 100.783 0.214777 -0.273314 0.937641 95.6122 -0.896317 -0.436486 0.0780795 13.8948 0 0 0 1 
Seq_Frame0129_ForcepToReference-SequenceTransformStatus = OK
Seq_Frame0129_Timestamp = 22.753
Seq_Frame0130_ForcepToReference-SequenceTransform =0.361562 -0.862914 -0.353061 97.6953 0.148084 -0.320723 0.935526 88.9351 -0.920513 -0.390534 0.0118225 12.9676 0 0 0 1 
Seq_Frame0130_ForcepToReference-SequenceTransformStatus = OK
Seq_Frame0130_Timestamp = 22.86
Seq_Frame0131_ForcepToReference-SequenceTransform =0.258047 -0.901069 -0.348548 78.4666 0.143407 -0.321047 0.936143 87.3547 -0.95543 -0.291553 0.0463748 1.3615 0 0 0 1 
Seq_Frame0131_ForcepToReference-SequenceTransformStatus = OK
Seq_Frame0131_Timestamp = 22.969
Seq_Frame0132_ForcepToReference-SequenceTransform =0.120059 -0.926696 -0.356119 37.7777 0.311897 -0.305343 0.899714 127.976 -0.9425 -0.219091 0.252375 -35.7233 0 0 0 1 
Seq_Frame0132_ForcepToReference-SequenceTransformStatus = OK
Seq_Frame0132_Timestamp = 23.078
Seq_Frame0133_ForcepToReference-SequenceTransform =0.0968791 -0.956583 -0.274888 2.97807 0.3608 -0.223649 0.905431 134.585 -0.927598 -0.186897 0.323468 -53.5312 0 0 0 1 
Seq_Frame0133_ForcepToReference-SequenceTransformStatus = OK
Seq_Frame0133_Timestamp = 23.187
Seq_Frame0134_ForcepToReference-SequenceTransform =0.122775 -0.968869 -0.214987 -25.4068 0.378132 -0.154617 0.912748 132.873 -0.917574 -0.193356 0.347377 -55.0827 0 0 0 1 
Seq_Frame0134_ForcepToReference-SequenceTransformStatus = OK
Seq_Frame0134_Timestamp = 23.289
Seq_Frame0135_ForcepToReference-SequenceTransform =0.150015 -0.975902 -0.158464 -58.03 0.386041 -0.0897378 0.918107 130.321 -0.910202 -0.198903 0.363276 -54.0386 0 0 0 1 
Seq_Frame0135_ForcepToReference-SequenceTransformStatus = OK
Seq_Frame0135_Timestamp = 23.402
Seq_Frame0136_ForcepToReference-SequenceTransform =0.102679 -0.989451 -0.102197 -83.575 0.389045 -0.0546093 0.919599 127.394 -0.915479 -0.134183 0.379333 -58.6141 0 0 0 1 
Seq_Frame0136_ForcepToReference-SequenceTransformStatus = OK
Seq_Frame0136_Timestamp = 23.506
Seq_Frame0137_ForcepToReference-SequenceTransform =0.0508212 -0.99732 -0.0526224 -106.503 0.394925 -0.0283272 0.918276 127.955 -0.917306 -0.0674499 0.392427 -64.7731 0 0 0 1 
Seq_Frame0137_ForcepToReference-SequenceTransformStatus = OK
Seq_Frame0137_Timestamp = 23.606
Seq_Frame0138_ForcepToReference-SequenceTransform =0.00985574 -0.999749 -0.0201137 -127.668 0.394085 -0.0146033 0.918958 132.37 -0.919021 -0.0169835 0.393843 -72.0982 0 0 0 1 
Seq_Frame0138_ForcepToReference-SequenceTransformStatus = OK
Seq_Frame0138_Timestamp = 23.719
Seq_Frame0139_ForcepToReference-SequenceTransform =-0.042608 -0.999005 0.0131662 -144.304 0.418567 -0.00588305 0.908167 137.293 -0.907186 0.0442061 0.418401 -76.7436 0 0 0 1 
Seq_Frame0139_ForcepToReference-SequenceTransformStatus = OK
Seq_Frame0139_Timestamp = 23.826
Seq_Frame0140_ForcepToReference-SequenceTransform =-0.066835 -0.997166 0.0345379 -157.378 0.420406 0.00324862 0.90733 138.877 -0.904871 0.0751614 0.418998 -82.1769 0 0 0 1 
Seq_Frame0140_ForcepToReference-SequenceTransformStatus = OK
Seq_Frame0140_Timestamp = 23.934
Seq_Frame0141_ForcepToReference-SequenceTransform =-0.081457 -0.994936 0.0588814 -166.345 0.445161 0.0165386 0.895298 142.835 -0.891738 0.0991399 0.44156 -85.1618 0 0 0 1 
Seq_Frame0141_ForcepToReference-SequenceTransformStatus = OK
Seq_Frame0141_Timestamp = 24.043
Seq_Frame0142_ForcepToReference-SequenceTransform =-0.0877909 -0.993315 0.0749553 -173.427 0.457583 0.0266243 0.888768 144.467 -0.884822 0.112324 0.452187 -86.7825 0 0 0 1 
Seq_Frame0142_ForcepToReference-SequenceTransformStatus = OK
Seq_Frame0142_Timestamp = 24.151
Seq_Frame0143_ForcepToReference-SequenceTransform =-0.0890787 -0.992082 0.0885324 -178.159 0.459634 0.0379113 0.887299 146.304 -0.88363 0.119732 0.452618 -87.0407 0 0 0 1 
Seq_Frame0143_ForcepToReference-SequenceTransformStatus = OK
Seq_Frame0143_Timestamp = 24.253
Seq_Frame0144_ForcepToReference-SequenceTransform =-0.0924634 -0.990561 0.10119 -181.973 0.457814 0.0479535 0.887754 147.554 -0.884227 0.128411 0.449059 -87.0441 0 0 0 1 
Seq_Frame0144_ForcepToReference-SequenceTransformStatus = OK
Seq_Frame0144_Timestamp = 24.358
Seq_Frame0145_ForcepToReference-SequenceTransform =-0.0880868 -0.990218 0.108211 -184.532 0.464003 0.0553389 0.884104 146.337 -0.881443 0.128088 0.454589 -87.1909 0 0 0 1 
Seq_Frame0145_ForcepToReference-SequenceTransformStatus = OK
Seq_Frame0145_Timestamp = 24.463
Seq_Frame0146_ForcepToReference-SequenceTransform =-0.103859 -0.988067 0.113737 -185.569 0.448516 0.0555388 0.892048 146.318 -0.88772 0.14366 0.437396 -87.3066 0 0 0 1 
Seq_Frame0146_ForcepToReference-SequenceTransformStatus = OK
Seq_Frame0146_Timestamp = 24.568
Seq_Frame0147_ForcepToReference-SequenceTransform =-0.110138 -0.986329 0.122577 -188.21 0.452851 0.0599838 0.889566 147.182 -0.884757 0.153484 0.440053 -87.4715 0 0 0 1 
Seq_Frame0147_ForcepToReference-SequenceTransformStatus = OK
Seq_Frame0147_Timestamp = 24.671
Seq_Frame0148_ForcepToReference-SequenceTransform =-0.11565 -0.984387 0.132689 -191.566 0.456781 0.0659149 0.887134 149.151 -0.88203 0.163207 0.442026 -88.7596 0 0 0 1 
Seq_Frame0148_ForcepToReference-SequenceTransformStatus = OK
Seq_Frame0148_Timestamp = 24.773
Seq_Frame0149_ForcepToReference-SequenceTransform =-0.123667 -0.982632 0.138354 -195.055 0.472721 0.0642508 0.878867 150.668 -0.872492 0.174089 0.456565 -89.6272 0 0 0 1 
Seq_Frame0149_ForcepToReference-SequenceTransformStatus = OK
Seq_Frame0149_Timestamp = 24.874
Seq_Frame0150_ForcepToReference-SequenceTransform =-0.128884 -0.980348 0.149355 -198.712 0.474008 0.0713883 0.877622 152.569 -0.871037 0.183907 0.455492 -89.9496 0 0 0 1 
