ObjectType = Image
NDims = 3
AnatomicalOrientation = RAI
BinaryData = True
CompressedData = False
DimSize = 0 0 1974
ElementSpacing = 1 1 1
Offset = 0 0 0
TransformMatrix = 1 0 0 0 1 0 0 0 1
ElementType = MET_UCHAR
Kinds = domain domain list
Seq_Frame0000_DriverToReference-SequenceTransform =-0.781217 -0.613867 0.113436 122.208 -0.237497 0.460311 0.8554 29.482 -0.577317 0.641313 -0.505394 50.0394 0 0 0 1 
Seq_Frame0000_DriverToReference-SequenceTransformStatus = OK
Seq_Frame0000_Timestamp = 0.00199986
Seq_Frame0001_DriverToReference-SequenceTransform =-0.780844 -0.614192 0.114237 122.196 -0.237752 0.461255 0.85482 29.5195 -0.577716 0.640322 -0.506193 49.9949 0 0 0 1 
Seq_Frame0001_DriverToReference-SequenceTransformStatus = OK
Seq_Frame0001_Timestamp = 0.102
Seq_Frame0002_DriverToReference-SequenceTransform =-0.780714 -0.614183 0.115171 122.218 -0.237333 0.461932 0.854571 29.4507 -0.578065 0.639842 -0.506403 50.0313 0 0 0 1 
Seq_Frame0002_DriverToReference-SequenceTransformStatus = OK
Seq_Frame0002_Timestamp = 0.204
Seq_Frame0003_DriverToReference-SequenceTransform =-0.781053 -0.613935 0.114191 122.194 -0.238203 0.461945 0.854322 29.5373 -0.577248 0.64007 -0.507045 50.0326 0 0 0 1 
Seq_Frame0003_DriverToReference-SequenceTransformStatus = OK
Seq_Frame0003_Timestamp = 0.31
Seq_Frame0004_DriverToReference-SequenceTransform =-0.781482 -0.613519 0.113488 122.199 -0.23818 0.461467 0.854587 29.5046 -0.576677 0.640814 -0.506756 50.0284 0 0 0 1 
Seq_Frame0004_DriverToReference-SequenceTransformStatus = OK
Seq_Frame0004_Timestamp = 0.414
Seq_Frame0005_DriverToReference-SequenceTransform =-0.781531 -0.61306 0.115615 122.185 -0.237987 0.464274 0.853119 29.3633 -0.57669 0.639225 -0.508744 50.1394 0 0 0 1 
Seq_Frame0005_DriverToReference-SequenceTransformStatus = OK
Seq_Frame0005_Timestamp = 0.518
Seq_Frame0006_DriverToReference-SequenceTransform =-0.781807 -0.613165 0.113163 122.223 -0.23857 0.461846 0.854273 29.4883 -0.576074 0.64088 -0.507357 50.0429 0 0 0 1 
Seq_Frame0006_DriverToReference-SequenceTransformStatus = OK
Seq_Frame0006_Timestamp = 0.626
Seq_Frame0007_DriverToReference-SequenceTransform =-0.781329 -0.613737 0.113367 122.217 -0.239273 0.462325 0.853817 29.6227 -0.576432 0.639986 -0.508079 49.9676 0 0 0 1 
Seq_Frame0007_DriverToReference-SequenceTransformStatus = OK
Seq_Frame0007_Timestamp = 0.736
Seq_Frame0008_DriverToReference-SequenceTransform =-0.78341 -0.611654 0.110217 122.239 -0.240682 0.462074 0.853557 29.5698 -0.57301 0.642159 -0.509207 50.0986 0 0 0 1 
Seq_Frame0008_DriverToReference-SequenceTransformStatus = OK
Seq_Frame0008_Timestamp = 0.836
Seq_Frame0009_DriverToReference-SequenceTransform =-0.787547 -0.610817 0.0816812 121.84 -0.266221 0.456756 0.848823 30.78 -0.555784 0.646743 -0.522329 50.9101 0 0 0 1 
Seq_Frame0009_DriverToReference-SequenceTransformStatus = OK
Seq_Frame0009_Timestamp = 0.939
Seq_Frame0010_DriverToReference-SequenceTransform =-0.688229 -0.721888 0.0722419 118.147 -0.324915 0.395726 0.858971 31.5398 -0.648669 0.567696 -0.506902 52.3767 0 0 0 1 
Seq_Frame0010_DriverToReference-SequenceTransformStatus = OK
Seq_Frame0010_Timestamp = 1.044
Seq_Frame0011_DriverToReference-SequenceTransform =-0.670205 -0.740644 0.0476644 117.147 -0.44626 0.453468 0.771504 40.3627 -0.593024 0.495795 -0.634437 47.1118 0 0 0 1 
Seq_Frame0011_DriverToReference-SequenceTransformStatus = OK
Seq_Frame0011_Timestamp = 1.149
Seq_Frame0012_DriverToReference-SequenceTransform =-0.615805 -0.784914 -0.068514 111.304 -0.719836 0.525122 0.453964 68.1184 -0.320345 0.328872 -0.888382 35.6956 0 0 0 1 
Seq_Frame0012_DriverToReference-SequenceTransformStatus = OK
Seq_Frame0012_Timestamp = 1.25
Seq_Frame0013_DriverToReference-SequenceTransform =-0.365433 -0.827469 -0.426326 92.685 -0.930834 0.323602 0.169792 126.463 -0.00253734 0.458887 -0.888491 16.9201 0 0 0 1 
Seq_Frame0013_DriverToReference-SequenceTransformStatus = OK
Seq_Frame0013_Timestamp = 1.358
Seq_Frame0014_DriverToReference-SequenceTransform =0.0862089 -0.827159 -0.555317 63.2302 -0.93016 0.132846 -0.342278 183.471 0.35689 0.546041 -0.757937 10.383 0 0 0 1 
Seq_Frame0014_DriverToReference-SequenceTransformStatus = OK
Seq_Frame0014_Timestamp = 1.464
Seq_Frame0015_DriverToReference-SequenceTransform =0.251755 -0.81567 -0.520867 50.2 -0.877195 0.0350387 -0.478853 212.687 0.408837 0.577456 -0.706681 33.3458 0 0 0 1 
Seq_Frame0015_DriverToReference-SequenceTransformStatus = OK
Seq_Frame0015_Timestamp = 1.567
Seq_Frame0016_DriverToReference-SequenceTransform =0.355593 -0.784139 -0.508605 36.6846 -0.844576 -0.0365177 -0.534189 234.92 0.400305 0.619509 -0.675251 53.2442 0 0 0 1 
Seq_Frame0016_DriverToReference-SequenceTransformStatus = OK
Seq_Frame0016_Timestamp = 1.674
Seq_Frame0017_DriverToReference-SequenceTransform =0.468595 -0.739532 -0.48323 20.2642 -0.804328 -0.13094 -0.579579 256.778 0.365343 0.660263 -0.656184 67.1013 0 0 0 1 
Seq_Frame0017_DriverToReference-SequenceTransformStatus = OK
Seq_Frame0017_Timestamp = 1.775
Seq_Frame0018_DriverToReference-SequenceTransform =0.522631 -0.720381 -0.455969 5.77843 -0.773452 -0.175642 -0.609034 268.435 0.358649 0.67097 -0.648976 75.5544 0 0 0 1 
Seq_Frame0018_DriverToReference-SequenceTransformStatus = OK
Seq_Frame0018_Timestamp = 1.875
Seq_Frame0019_DriverToReference-SequenceTransform =0.529703 -0.728526 -0.434356 -3.79657 -0.755757 -0.17293 -0.631607 265.275 0.385028 0.662831 -0.64219 80.0877 0 0 0 1 
Seq_Frame0019_DriverToReference-SequenceTransformStatus = OK
Seq_Frame0019_Timestamp = 1.976
Seq_Frame0020_DriverToReference-SequenceTransform =0.528467 -0.70876 -0.467313 -12.8779 -0.759994 -0.14966 -0.632464 256.161 0.378327 0.689392 -0.617744 80.0237 0 0 0 1 
Seq_Frame0020_DriverToReference-SequenceTransformStatus = OK
Seq_Frame0020_Timestamp = 2.085
Seq_Frame0021_DriverToReference-SequenceTransform =0.520226 -0.705786 -0.480864 -14.2359 -0.763978 -0.132936 -0.631399 246.991 0.381709 0.69584 -0.608362 76.292 0 0 0 1 
Seq_Frame0021_DriverToReference-SequenceTransformStatus = OK
Seq_Frame0021_Timestamp = 2.189
Seq_Frame0022_DriverToReference-SequenceTransform =0.521991 -0.688058 -0.504085 -13.572 -0.758926 -0.104923 -0.642668 244.208 0.389303 0.71803 -0.576954 71.4069 0 0 0 1 
Seq_Frame0022_DriverToReference-SequenceTransformStatus = OK
Seq_Frame0022_Timestamp = 2.294
Seq_Frame0023_DriverToReference-SequenceTransform =0.550786 -0.658141 -0.513309 -8.7942 -0.748732 -0.117834 -0.652315 251.355 0.36883 0.743617 -0.557673 67.2569 0 0 0 1 
Seq_Frame0023_DriverToReference-SequenceTransformStatus = OK
Seq_Frame0023_Timestamp = 2.399
Seq_Frame0024_DriverToReference-SequenceTransform =0.552297 -0.70808 -0.43999 -3.7466 -0.72277 -0.143712 -0.675981 261.562 0.415416 0.691354 -0.591151 67.7041 0 0 0 1 
Seq_Frame0024_DriverToReference-SequenceTransformStatus = OK
Seq_Frame0024_Timestamp = 2.509
Seq_Frame0025_DriverToReference-SequenceTransform =0.539203 -0.705246 -0.460314 -1.1365 -0.742198 -0.139626 -0.655474 270.512 0.397999 0.695078 -0.598719 66.9479 0 0 0 1 
Seq_Frame0025_DriverToReference-SequenceTransformStatus = OK
Seq_Frame0025_Timestamp = 2.614
Seq_Frame0026_DriverToReference-SequenceTransform =0.566057 -0.625018 -0.537525 3.99989 -0.781376 -0.198975 -0.59149 273.481 0.262738 0.754826 -0.601005 66.69 0 0 0 1 
Seq_Frame0026_DriverToReference-SequenceTransformStatus = OK
Seq_Frame0026_Timestamp = 2.714
Seq_Frame0027_DriverToReference-SequenceTransform =0.370766 -0.608366 -0.701728 16.8842 -0.92027 -0.138931 -0.365788 273.345 0.125041 0.781402 -0.611373 74.5552 0 0 0 1 
Seq_Frame0027_DriverToReference-SequenceTransformStatus = OK
Seq_Frame0027_Timestamp = 2.815
Seq_Frame0028_DriverToReference-SequenceTransform =0.344226 -0.701981 -0.623483 34.0195 -0.935378 -0.199049 -0.292314 280.98 0.0810955 0.683814 -0.725135 90.7232 0 0 0 1 
Seq_Frame0028_DriverToReference-SequenceTransformStatus = OK
Seq_Frame0028_Timestamp = 2.915
Seq_Frame0029_DriverToReference-SequenceTransform =0.217757 -0.771314 -0.598045 51.249 -0.971573 -0.229624 -0.0576121 284.867 -0.0928884 0.593589 -0.79939 104.446 0 0 0 1 
Seq_Frame0029_DriverToReference-SequenceTransformStatus = OK
Seq_Frame0029_Timestamp = 3.024
Seq_Frame0030_DriverToReference-SequenceTransform =0.299815 -0.589769 -0.749856 51.9771 -0.951598 -0.240593 -0.191249 287.001 -0.0676174 0.7709 -0.633357 102.572 0 0 0 1 
Seq_Frame0030_DriverToReference-SequenceTransformStatus = OK
Seq_Frame0030_Timestamp = 3.125
Seq_Frame0031_DriverToReference-SequenceTransform =0.208007 -0.493118 -0.844729 48.9919 -0.977628 -0.132389 -0.163449 285.642 -0.0312331 0.85983 -0.509624 104.396 0 0 0 1 
Seq_Frame0031_DriverToReference-SequenceTransformStatus = OK
Seq_Frame0031_Timestamp = 3.226
Seq_Frame0032_DriverToReference-SequenceTransform =0.0567232 -0.626257 -0.77755 64.8233 -0.9742 -0.205117 0.0941373 288.378 -0.218443 0.75215 -0.621734 125.856 0 0 0 1 
Seq_Frame0032_DriverToReference-SequenceTransformStatus = OK
Seq_Frame0032_Timestamp = 3.329
Seq_Frame0033_DriverToReference-SequenceTransform =0.0149249 -0.578888 -0.81527 76.4015 -0.998635 -0.0494435 0.0168259 284.934 -0.0500501 0.813907 -0.578836 130.493 0 0 0 1 
Seq_Frame0033_DriverToReference-SequenceTransformStatus = OK
Seq_Frame0033_Timestamp = 3.434
Seq_Frame0034_DriverToReference-SequenceTransform =-0.0256778 -0.548685 -0.835635 88.5162 -0.993762 0.104756 -0.0382465 278.166 0.108523 0.82944 -0.547952 140.349 0 0 0 1 
Seq_Frame0034_DriverToReference-SequenceTransformStatus = OK
Seq_Frame0034_Timestamp = 3.535
Seq_Frame0035_DriverToReference-SequenceTransform =-0.0851529 -0.538406 -0.838372 95.1999 -0.986832 0.161711 -0.00361958 273.353 0.137523 0.827024 -0.545086 154.89 0 0 0 1 
Seq_Frame0035_DriverToReference-SequenceTransformStatus = OK
Seq_Frame0035_Timestamp = 3.639
Seq_Frame0036_DriverToReference-SequenceTransform =-0.326541 -0.638421 -0.696986 74.5397 -0.944012 0.183597 0.274103 272.996 -0.0470287 0.747469 -0.662629 183.137 0 0 0 1 
Seq_Frame0036_DriverToReference-SequenceTransformStatus = OK
Seq_Frame0036_Timestamp = 4.314
Seq_Frame0037_DriverToReference-SequenceTransform =-0.31143 -0.643069 -0.699623 73.3229 -0.949994 0.192983 0.245497 277.483 -0.0228559 0.741093 -0.671013 177.115 0 0 0 1 
Seq_Frame0037_DriverToReference-SequenceTransformStatus = OK
Seq_Frame0037_Timestamp = 4.414
Seq_Frame0038_DriverToReference-SequenceTransform =-0.290059 -0.643428 -0.708425 70.5175 -0.955858 0.158497 0.247414 273.391 -0.0469102 0.748919 -0.660999 178.22 0 0 0 1 
Seq_Frame0038_DriverToReference-SequenceTransformStatus = OK
Seq_Frame0038_Timestamp = 4.517
Seq_Frame0039_DriverToReference-SequenceTransform =-0.231846 -0.635314 -0.73663 65.1225 -0.971282 0.109572 0.211198 271.979 -0.0534632 0.764441 -0.642473 178.855 0 0 0 1 
Seq_Frame0039_DriverToReference-SequenceTransformStatus = OK
Seq_Frame0039_Timestamp = 4.621
Seq_Frame0040_DriverToReference-SequenceTransform =-0.252423 -0.614241 -0.747657 64.9282 -0.967469 0.173745 0.183894 270.973 0.0169465 0.769753 -0.638117 178.571 0 0 0 1 
Seq_Frame0040_DriverToReference-SequenceTransformStatus = OK
Seq_Frame0040_Timestamp = 4.725
Seq_Frame0041_DriverToReference-SequenceTransform =-0.393962 -0.546057 -0.739335 64.7447 -0.90855 0.353041 0.223381 271.854 0.139037 0.759726 -0.635205 182.707 0 0 0 1 
Seq_Frame0041_DriverToReference-SequenceTransformStatus = OK
Seq_Frame0041_Timestamp = 4.835
Seq_Frame0042_DriverToReference-SequenceTransform =-0.477318 -0.50773 -0.717202 54.7278 -0.837426 0.510121 0.1962 276.921 0.266243 0.694253 -0.668676 195.609 0 0 0 1 
Seq_Frame0042_DriverToReference-SequenceTransformStatus = OK
Seq_Frame0042_Timestamp = 4.954
Seq_Frame0043_DriverToReference-SequenceTransform =-0.639595 -0.412316 -0.648778 55.6483 -0.690172 0.679652 0.248466 289.401 0.338497 0.606686 -0.719271 198.355 0 0 0 1 
Seq_Frame0043_DriverToReference-SequenceTransformStatus = OK
Seq_Frame0043_Timestamp = 5.055
Seq_Frame0044_DriverToReference-SequenceTransform =-0.58767 -0.418925 -0.692204 50.0788 -0.748104 0.607215 0.267639 293.704 0.308196 0.675124 -0.670241 204.865 0 0 0 1 
Seq_Frame0044_DriverToReference-SequenceTransformStatus = OK
Seq_Frame0044_Timestamp = 5.159
Seq_Frame0045_DriverToReference-SequenceTransform =-0.606006 -0.422525 -0.673965 55.9206 -0.747398 0.592487 0.300591 292.354 0.272308 0.685881 -0.674845 209.781 0 0 0 1 
Seq_Frame0045_DriverToReference-SequenceTransformStatus = OK
Seq_Frame0045_Timestamp = 5.26
Seq_Frame0046_DriverToReference-SequenceTransform =-0.609701 -0.453454 -0.650111 61.9184 -0.747523 0.601695 0.281375 287.07 0.263578 0.657527 -0.705822 210.619 0 0 0 1 
Seq_Frame0046_DriverToReference-SequenceTransformStatus = OK
Seq_Frame0046_Timestamp = 5.363
Seq_Frame0047_DriverToReference-SequenceTransform =-0.583179 -0.498724 -0.641231 61.8074 -0.781667 0.559385 0.275834 289.202 0.221131 0.66209 -0.716058 210.693 0 0 0 1 
Seq_Frame0047_DriverToReference-SequenceTransformStatus = OK
Seq_Frame0047_Timestamp = 5.464
Seq_Frame0048_DriverToReference-SequenceTransform =-0.533729 -0.528243 -0.660373 65.0956 -0.807269 0.550868 0.211805 290.018 0.251894 0.646145 -0.720448 212.824 0 0 0 1 
Seq_Frame0048_DriverToReference-SequenceTransformStatus = OK
Seq_Frame0048_Timestamp = 5.569
Seq_Frame0049_DriverToReference-SequenceTransform =-0.505054 -0.571141 -0.647085 68.6411 -0.829152 0.529241 0.180031 289.812 0.239641 0.627457 -0.740858 212.711 0 0 0 1 
Seq_Frame0049_DriverToReference-SequenceTransformStatus = OK
Seq_Frame0049_Timestamp = 5.674
Seq_Frame0050_DriverToReference-SequenceTransform =-0.489461 -0.595786 -0.636762 70.814 -0.847537 0.496853 0.186597 291.457 0.205205 0.631012 -0.748141 211.775 0 0 0 1 
Seq_Frame0050_DriverToReference-SequenceTransformStatus = OK
Seq_Frame0050_Timestamp = 5.775
Seq_Frame0051_DriverToReference-SequenceTransform =-0.45919 -0.602495 -0.652797 71.9043 -0.864486 0.472217 0.172266 292.561 0.204472 0.643437 -0.737686 211.657 0 0 0 1 
Seq_Frame0051_DriverToReference-SequenceTransformStatus = OK
Seq_Frame0051_Timestamp = 5.875
Seq_Frame0052_DriverToReference-SequenceTransform =-0.434634 -0.611223 -0.661438 71.7929 -0.875003 0.460469 0.149458 294.606 0.21322 0.64372 -0.734957 212.067 0 0 0 1 
Seq_Frame0052_DriverToReference-SequenceTransformStatus = OK
Seq_Frame0052_Timestamp = 5.976
Seq_Frame0053_DriverToReference-SequenceTransform =-0.418362 -0.621925 -0.661954 71.4564 -0.883702 0.447109 0.138438 297.18 0.209868 0.642887 -0.736649 212.533 0 0 0 1 
Seq_Frame0053_DriverToReference-SequenceTransformStatus = OK
Seq_Frame0053_Timestamp = 6.076
Seq_Frame0054_DriverToReference-SequenceTransform =-0.421021 -0.632117 -0.650515 71.2505 -0.888986 0.429984 0.157538 298.051 0.180129 0.644625 -0.742975 211.934 0 0 0 1 
Seq_Frame0054_DriverToReference-SequenceTransformStatus = OK
Seq_Frame0054_Timestamp = 6.177
Seq_Frame0055_DriverToReference-SequenceTransform =-0.407275 -0.625705 -0.665297 70.5783 -0.891097 0.431904 0.139302 298.386 0.200182 0.649578 -0.733468 212.076 0 0 0 1 
Seq_Frame0055_DriverToReference-SequenceTransformStatus = OK
Seq_Frame0055_Timestamp = 6.284
Seq_Frame0056_DriverToReference-SequenceTransform =-0.405772 -0.623596 -0.66819 69.8709 -0.896567 0.413585 0.158475 297.752 0.177529 0.663382 -0.726917 212.119 0 0 0 1 
Seq_Frame0056_DriverToReference-SequenceTransformStatus = OK
Seq_Frame0056_Timestamp = 6.385
Seq_Frame0057_DriverToReference-SequenceTransform =-0.405847 -0.62508 -0.666756 70.6063 -0.89037 0.435034 0.134117 298.541 0.206228 0.64809 -0.733109 211.91 0 0 0 1 
Seq_Frame0057_DriverToReference-SequenceTransformStatus = OK
Seq_Frame0057_Timestamp = 6.489
Seq_Frame0058_DriverToReference-SequenceTransform =-0.415222 -0.620892 -0.664893 70.2006 -0.885893 0.442149 0.140347 298.388 0.206842 0.6473 -0.733634 211.662 0 0 0 1 
Seq_Frame0058_DriverToReference-SequenceTransformStatus = OK
Seq_Frame0058_Timestamp = 6.589
Seq_Frame0059_DriverToReference-SequenceTransform =-0.415864 -0.630274 -0.6556 70.0481 -0.890233 0.429456 0.151832 298.625 0.185855 0.646778 -0.739686 211.358 0 0 0 1 
Seq_Frame0059_DriverToReference-SequenceTransformStatus = OK
Seq_Frame0059_Timestamp = 6.69
Seq_Frame0060_DriverToReference-SequenceTransform =-0.404565 -0.636028 -0.657112 71.2401 -0.889189 0.441489 0.120125 299.669 0.213705 0.632895 -0.74416 212.348 0 0 0 1 
Seq_Frame0060_DriverToReference-SequenceTransformStatus = OK
Seq_Frame0060_Timestamp = 6.79
Seq_Frame0061_DriverToReference-SequenceTransform =-0.400324 -0.63985 -0.655997 70.9355 -0.894271 0.429059 0.127233 300.317 0.200051 0.637573 -0.743962 212.043 0 0 0 1 
Seq_Frame0061_DriverToReference-SequenceTransformStatus = OK
Seq_Frame0061_Timestamp = 6.901
Seq_Frame0062_DriverToReference-SequenceTransform =-0.395805 -0.631702 -0.666552 70.4295 -0.895234 0.427191 0.126743 300.893 0.204681 0.646885 -0.734605 212.104 0 0 0 1 
Seq_Frame0062_DriverToReference-SequenceTransformStatus = OK
Seq_Frame0062_Timestamp = 7.011
Seq_Frame0063_DriverToReference-SequenceTransform =-0.388111 -0.639974 -0.663177 70.9289 -0.897218 0.426839 0.113174 302.306 0.210642 0.638938 -0.739857 212.129 0 0 0 1 
Seq_Frame0063_DriverToReference-SequenceTransformStatus = OK
Seq_Frame0063_Timestamp = 7.112
Seq_Frame0064_DriverToReference-SequenceTransform =-0.388774 -0.640149 -0.662619 71.0071 -0.899974 0.417823 0.124382 302.423 0.197235 0.644697 -0.738556 212.187 0 0 0 1 
Seq_Frame0064_DriverToReference-SequenceTransformStatus = OK
Seq_Frame0064_Timestamp = 7.214
Seq_Frame0065_DriverToReference-SequenceTransform =-0.38089 -0.63673 -0.670445 70.9423 -0.899664 0.422545 0.109817 301.619 0.213369 0.645004 -0.733787 212.621 0 0 0 1 
Seq_Frame0065_DriverToReference-SequenceTransformStatus = OK
Seq_Frame0065_Timestamp = 7.315
Seq_Frame0066_DriverToReference-SequenceTransform =-0.371938 -0.630428 -0.681339 69.8275 -0.901337 0.420764 0.102709 298.219 0.221932 0.652318 -0.724726 212.091 0 0 0 1 
Seq_Frame0066_DriverToReference-SequenceTransformStatus = OK
Seq_Frame0066_Timestamp = 7.415
Seq_Frame0067_DriverToReference-SequenceTransform =-0.423402 -0.649339 -0.631735 68.9181 -0.896528 0.400589 0.18912 291.671 0.130264 0.646442 -0.751761 209.981 0 0 0 1 
Seq_Frame0067_DriverToReference-SequenceTransformStatus = OK
Seq_Frame0067_Timestamp = 7.516
Seq_Frame0068_DriverToReference-SequenceTransform =-0.383375 -0.605984 -0.696998 70.3457 -0.890727 0.442114 0.10555 286.831 0.244191 0.6613 -0.709262 211.741 0 0 0 1 
Seq_Frame0068_DriverToReference-SequenceTransformStatus = OK
Seq_Frame0068_Timestamp = 7.619
Seq_Frame0069_DriverToReference-SequenceTransform =-0.408069 -0.623709 -0.666683 72.0996 -0.88761 0.441907 0.129873 286.466 0.213609 0.644752 -0.733939 209.661 0 0 0 1 
Seq_Frame0069_DriverToReference-SequenceTransformStatus = OK
Seq_Frame0069_Timestamp = 7.726
Seq_Frame0070_DriverToReference-SequenceTransform =-0.444066 -0.646868 -0.619973 72.2434 -0.887548 0.412355 0.205478 285.615 0.122732 0.641502 -0.75724 209.275 0 0 0 1 
Seq_Frame0070_DriverToReference-SequenceTransformStatus = OK
Seq_Frame0070_Timestamp = 7.829
Seq_Frame0071_DriverToReference-SequenceTransform =-0.439784 -0.64066 -0.629401 71.5189 -0.892661 0.388856 0.227921 288.815 0.098726 0.662077 -0.742904 208.712 0 0 0 1 
Seq_Frame0071_DriverToReference-SequenceTransformStatus = OK
Seq_Frame0071_Timestamp = 7.935
Seq_Frame0072_DriverToReference-SequenceTransform =-0.34071 -0.599936 -0.723874 71.805 -0.897624 0.436566 0.0606697 292.446 0.279621 0.670438 -0.687259 213.557 0 0 0 1 
Seq_Frame0072_DriverToReference-SequenceTransformStatus = OK
Seq_Frame0072_Timestamp = 8.039
Seq_Frame0073_DriverToReference-SequenceTransform =-0.377174 -0.627433 -0.681225 71.3896 -0.905055 0.405773 0.12737 290.888 0.196507 0.664587 -0.720908 211.669 0 0 0 1 
Seq_Frame0073_DriverToReference-SequenceTransformStatus = OK
Seq_Frame0073_Timestamp = 8.144
Seq_Frame0074_DriverToReference-SequenceTransform =-0.374345 -0.616133 -0.692997 70.4415 -0.903025 0.412068 0.121436 289.513 0.210741 0.671253 -0.710639 211.604 0 0 0 1 
Seq_Frame0074_DriverToReference-SequenceTransformStatus = OK
Seq_Frame0074_Timestamp = 8.25
Seq_Frame0075_DriverToReference-SequenceTransform =-0.38233 -0.607841 -0.695954 71.4068 -0.891039 0.441972 0.103487 286.719 0.244689 0.659689 -0.71059 213.811 0 0 0 1 
Seq_Frame0075_DriverToReference-SequenceTransformStatus = OK
Seq_Frame0075_Timestamp = 8.359
Seq_Frame0076_DriverToReference-SequenceTransform =-0.33669 -0.595802 -0.72915 71.867 -0.873708 0.486414 0.00598262 286.806 0.351105 0.639079 -0.684327 213.936 0 0 0 1 
Seq_Frame0076_DriverToReference-SequenceTransformStatus = OK
Seq_Frame0076_Timestamp = 8.609
Seq_Frame0077_DriverToReference-SequenceTransform =-0.33669 -0.595802 -0.72915 71.867 -0.873708 0.486414 0.00598262 286.806 0.351105 0.639079 -0.684327 213.936 0 0 0 1 
Seq_Frame0077_DriverToReference-SequenceTransformStatus = OK
Seq_Frame0077_Timestamp = 8.784
Seq_Frame0078_DriverToReference-SequenceTransform =0.393917 0.818948 0.417317 48.4194 -0.817295 0.519819 -0.248632 289.987 -0.420546 -0.243131 0.874087 229.001 0 0 0 1 
Seq_Frame0078_DriverToReference-SequenceTransformStatus = OK
Seq_Frame0078_Timestamp = 8.965
Seq_Frame0079_DriverToReference-SequenceTransform =0.317481 0.819866 0.476472 56.5053 -0.700534 0.541433 -0.464867 293.989 -0.639107 -0.186198 0.746239 223.549 0 0 0 1 
Seq_Frame0079_DriverToReference-SequenceTransformStatus = OK
Seq_Frame0079_Timestamp = 9.175
Seq_Frame0080_DriverToReference-SequenceTransform =-0.540981 -0.638313 -0.547627 132.849 -0.840717 0.428331 0.331252 340.59 0.0231229 0.639601 -0.768359 178.275 0 0 0 1 
Seq_Frame0080_DriverToReference-SequenceTransformStatus = OK
Seq_Frame0080_Timestamp = 9.374
Seq_Frame0081_DriverToReference-SequenceTransform =-0.557487 -0.600601 -0.573138 135.885 -0.811174 0.540978 0.222122 301.416 0.176649 0.588745 -0.78878 158.163 0 0 0 1 
Seq_Frame0081_DriverToReference-SequenceTransformStatus = OK
Seq_Frame0081_Timestamp = 9.474
Seq_Frame0082_DriverToReference-SequenceTransform =-0.656525 -0.121794 -0.744407 68.0971 -0.634029 0.623733 0.457127 309.249 0.408636 0.77209 -0.486716 180.9 0 0 0 1 
Seq_Frame0082_DriverToReference-SequenceTransformStatus = OK
Seq_Frame0082_Timestamp = 9.929
Seq_Frame0083_DriverToReference-SequenceTransform =-0.713577 -0.193226 -0.673403 88.6305 -0.592642 0.679091 0.433141 298.921 0.373608 0.708166 -0.599097 165.354 0 0 0 1 
Seq_Frame0083_DriverToReference-SequenceTransformStatus = OK
Seq_Frame0083_Timestamp = 10.03
Seq_Frame0084_DriverToReference-SequenceTransform =-0.704098 -0.0334438 -0.709315 65.8707 -0.491218 0.744269 0.452514 278.485 0.512787 0.667042 -0.540466 167.289 0 0 0 1 
Seq_Frame0084_DriverToReference-SequenceTransformStatus = OK
Seq_Frame0084_Timestamp = 10.135
Seq_Frame0085_DriverToReference-SequenceTransform =-0.63681 0.131127 -0.759789 43.889 -0.444919 0.742314 0.501016 277.441 0.629698 0.657097 -0.414372 179.459 0 0 0 1 
Seq_Frame0085_DriverToReference-SequenceTransformStatus = OK
Seq_Frame0085_Timestamp = 10.584
Seq_Frame0086_DriverToReference-SequenceTransform =-0.63681 0.131127 -0.759789 43.889 -0.444919 0.742314 0.501016 277.441 0.629698 0.657097 -0.414372 179.459 0 0 0 1 
Seq_Frame0086_DriverToReference-SequenceTransformStatus = OK
Seq_Frame0086_Timestamp = 10.694
Seq_Frame0087_DriverToReference-SequenceTransform =-0.63681 0.131127 -0.759789 43.889 -0.444919 0.742314 0.501016 277.441 0.629698 0.657097 -0.414372 179.459 0 0 0 1 
Seq_Frame0087_DriverToReference-SequenceTransformStatus = OK
Seq_Frame0087_Timestamp = 10.839
Seq_Frame0088_DriverToReference-SequenceTransform =-0.63681 0.131127 -0.759789 43.889 -0.444919 0.742314 0.501016 277.441 0.629698 0.657097 -0.414372 179.459 0 0 0 1 
Seq_Frame0088_DriverToReference-SequenceTransformStatus = OK
Seq_Frame0088_Timestamp = 10.943
Seq_Frame0089_DriverToReference-SequenceTransform =-0.63681 0.131127 -0.759789 43.889 -0.444919 0.742314 0.501016 277.441 0.629698 0.657097 -0.414372 179.459 0 0 0 1 
Seq_Frame0089_DriverToReference-SequenceTransformStatus = OK
Seq_Frame0089_Timestamp = 11.074
Seq_Frame0090_DriverToReference-SequenceTransform =-0.63681 0.131127 -0.759789 43.889 -0.444919 0.742314 0.501016 277.441 0.629698 0.657097 -0.414372 179.459 0 0 0 1 
Seq_Frame0090_DriverToReference-SequenceTransformStatus = OK
Seq_Frame0090_Timestamp = 11.174
Seq_Frame0091_DriverToReference-SequenceTransform =-0.63681 0.131127 -0.759789 43.889 -0.444919 0.742314 0.501016 277.441 0.629698 0.657097 -0.414372 179.459 0 0 0 1 
Seq_Frame0091_DriverToReference-SequenceTransformStatus = OK
Seq_Frame0091_Timestamp = 11.275
Seq_Frame0092_DriverToReference-SequenceTransform =-0.63681 0.131127 -0.759789 43.889 -0.444919 0.742314 0.501016 277.441 0.629698 0.657097 -0.414372 179.459 0 0 0 1 
Seq_Frame0092_DriverToReference-SequenceTransformStatus = OK
Seq_Frame0092_Timestamp = 11.378
Seq_Frame0093_DriverToReference-SequenceTransform =-0.63681 0.131127 -0.759789 43.889 -0.444919 0.742314 0.501016 277.441 0.629698 0.657097 -0.414372 179.459 0 0 0 1 
Seq_Frame0093_DriverToReference-SequenceTransformStatus = OK
Seq_Frame0093_Timestamp = 11.479
Seq_Frame0094_DriverToReference-SequenceTransform =-0.63681 0.131127 -0.759789 43.889 -0.444919 0.742314 0.501016 277.441 0.629698 0.657097 -0.414372 179.459 0 0 0 1 
Seq_Frame0094_DriverToReference-SequenceTransformStatus = OK
Seq_Frame0094_Timestamp = 11.579
Seq_Frame0095_DriverToReference-SequenceTransform =-0.63681 0.131127 -0.759789 43.889 -0.444919 0.742314 0.501016 277.441 0.629698 0.657097 -0.414372 179.459 0 0 0 1 
Seq_Frame0095_DriverToReference-SequenceTransformStatus = OK
Seq_Frame0095_Timestamp = 11.68
Seq_Frame0096_DriverToReference-SequenceTransform =-0.63681 0.131127 -0.759789 43.889 -0.444919 0.742314 0.501016 277.441 0.629698 0.657097 -0.414372 179.459 0 0 0 1 
Seq_Frame0096_DriverToReference-SequenceTransformStatus = OK
Seq_Frame0096_Timestamp = 11.784
Seq_Frame0097_DriverToReference-SequenceTransform =-0.63681 0.131127 -0.759789 43.889 -0.444919 0.742314 0.501016 277.441 0.629698 0.657097 -0.414372 179.459 0 0 0 1 
Seq_Frame0097_DriverToReference-SequenceTransformStatus = OK
Seq_Frame0097_Timestamp = 11.885
Seq_Frame0098_DriverToReference-SequenceTransform =-0.63681 0.131127 -0.759789 43.889 -0.444919 0.742314 0.501016 277.441 0.629698 0.657097 -0.414372 179.459 0 0 0 1 
Seq_Frame0098_DriverToReference-SequenceTransformStatus = OK
Seq_Frame0098_Timestamp = 11.989
Seq_Frame0099_DriverToReference-SequenceTransform =-0.63681 0.131127 -0.759789 43.889 -0.444919 0.742314 0.501016 277.441 0.629698 0.657097 -0.414372 179.459 0 0 0 1 
Seq_Frame0099_DriverToReference-SequenceTransformStatus = OK
Seq_Frame0099_Timestamp = 12.089
Seq_Frame0100_DriverToReference-SequenceTransform =-0.63681 0.131127 -0.759789 43.889 -0.444919 0.742314 0.501016 277.441 0.629698 0.657097 -0.414372 179.459 0 0 0 1 
Seq_Frame0100_DriverToReference-SequenceTransformStatus = OK
Seq_Frame0100_Timestamp = 12.193
Seq_Frame0101_DriverToReference-SequenceTransform =-0.63681 0.131127 -0.759789 43.889 -0.444919 0.742314 0.501016 277.441 0.629698 0.657097 -0.414372 179.459 0 0 0 1 
Seq_Frame0101_DriverToReference-SequenceTransformStatus = OK
Seq_Frame0101_Timestamp = 12.298
Seq_Frame0102_DriverToReference-SequenceTransform =-0.63681 0.131127 -0.759789 43.889 -0.444919 0.742314 0.501016 277.441 0.629698 0.657097 -0.414372 179.459 0 0 0 1 
Seq_Frame0102_DriverToReference-SequenceTransformStatus = OK
Seq_Frame0102_Timestamp = 12.399
Seq_Frame0103_DriverToReference-SequenceTransform =-0.63681 0.131127 -0.759789 43.889 -0.444919 0.742314 0.501016 277.441 0.629698 0.657097 -0.414372 179.459 0 0 0 1 
Seq_Frame0103_DriverToReference-SequenceTransformStatus = OK
Seq_Frame0103_Timestamp = 12.509
Seq_Frame0104_DriverToReference-SequenceTransform =-0.63681 0.131127 -0.759789 43.889 -0.444919 0.742314 0.501016 277.441 0.629698 0.657097 -0.414372 179.459 0 0 0 1 
Seq_Frame0104_DriverToReference-SequenceTransformStatus = OK
Seq_Frame0104_Timestamp = 12.609
Seq_Frame0105_DriverToReference-SequenceTransform =-0.63681 0.131127 -0.759789 43.889 -0.444919 0.742314 0.501016 277.441 0.629698 0.657097 -0.414372 179.459 0 0 0 1 
Seq_Frame0105_DriverToReference-SequenceTransformStatus = OK
Seq_Frame0105_Timestamp = 12.71
Seq_Frame0106_DriverToReference-SequenceTransform =-0.63681 0.131127 -0.759789 43.889 -0.444919 0.742314 0.501016 277.441 0.629698 0.657097 -0.414372 179.459 0 0 0 1 
Seq_Frame0106_DriverToReference-SequenceTransformStatus = OK
Seq_Frame0106_Timestamp = 12.814
Seq_Frame0107_DriverToReference-SequenceTransform =-0.63681 0.131127 -0.759789 43.889 -0.444919 0.742314 0.501016 277.441 0.629698 0.657097 -0.414372 179.459 0 0 0 1 
Seq_Frame0107_DriverToReference-SequenceTransformStatus = OK
Seq_Frame0107_Timestamp = 12.914
Seq_Frame0108_DriverToReference-SequenceTransform =-0.63681 0.131127 -0.759789 43.889 -0.444919 0.742314 0.501016 277.441 0.629698 0.657097 -0.414372 179.459 0 0 0 1 
Seq_Frame0108_DriverToReference-SequenceTransformStatus = OK
Seq_Frame0108_Timestamp = 13.015
Seq_Frame0109_DriverToReference-SequenceTransform =-0.63681 0.131127 -0.759789 43.889 -0.444919 0.742314 0.501016 277.441 0.629698 0.657097 -0.414372 179.459 0 0 0 1 
Seq_Frame0109_DriverToReference-SequenceTransformStatus = OK
Seq_Frame0109_Timestamp = 13.124
Seq_Frame0110_DriverToReference-SequenceTransform =-0.63681 0.131127 -0.759789 43.889 -0.444919 0.742314 0.501016 277.441 0.629698 0.657097 -0.414372 179.459 0 0 0 1 
Seq_Frame0110_DriverToReference-SequenceTransformStatus = OK
Seq_Frame0110_Timestamp = 13.234
Seq_Frame0111_DriverToReference-SequenceTransform =-0.63681 0.131127 -0.759789 43.889 -0.444919 0.742314 0.501016 277.441 0.629698 0.657097 -0.414372 179.459 0 0 0 1 
Seq_Frame0111_DriverToReference-SequenceTransformStatus = OK
Seq_Frame0111_Timestamp = 13.339
Seq_Frame0112_DriverToReference-SequenceTransform =-0.63681 0.131127 -0.759789 43.889 -0.444919 0.742314 0.501016 277.441 0.629698 0.657097 -0.414372 179.459 0 0 0 1 
Seq_Frame0112_DriverToReference-SequenceTransformStatus = OK
Seq_Frame0112_Timestamp = 13.449
Seq_Frame0113_DriverToReference-SequenceTransform =-0.63681 0.131127 -0.759789 43.889 -0.444919 0.742314 0.501016 277.441 0.629698 0.657097 -0.414372 179.459 0 0 0 1 
Seq_Frame0113_DriverToReference-SequenceTransformStatus = OK
Seq_Frame0113_Timestamp = 13.554
Seq_Frame0114_DriverToReference-SequenceTransform =-0.63681 0.131127 -0.759789 43.889 -0.444919 0.742314 0.501016 277.441 0.629698 0.657097 -0.414372 179.459 0 0 0 1 
Seq_Frame0114_DriverToReference-SequenceTransformStatus = OK
Seq_Frame0114_Timestamp = 13.664
Seq_Frame0115_DriverToReference-SequenceTransform =-0.806035 -0.296408 -0.512299 -5.52621 -0.579656 0.570253 0.582074 302.747 0.119608 0.766129 -0.631459 225.845 0 0 0 1 
Seq_Frame0115_DriverToReference-SequenceTransformStatus = OK
Seq_Frame0115_Timestamp = 13.774
Seq_Frame0116_DriverToReference-SequenceTransform =-0.522219 -0.233559 -0.820206 0.269535 -0.616847 0.76757 0.174171 301.649 0.588887 0.596897 -0.54491 234.4 0 0 0 1 
Seq_Frame0116_DriverToReference-SequenceTransformStatus = OK
Seq_Frame0116_Timestamp = 13.879
Seq_Frame0117_DriverToReference-SequenceTransform =-0.437536 -0.255362 -0.862179 7.3047 -0.574554 0.816962 0.0496035 307.217 0.691701 0.517071 -0.50417 240.442 0 0 0 1 
Seq_Frame0117_DriverToReference-SequenceTransformStatus = OK
Seq_Frame0117_Timestamp = 13.98
Seq_Frame0118_DriverToReference-SequenceTransform =-0.303688 -0.271147 -0.913375 3.67239 -0.605306 0.795231 -0.0348157 319.92 0.735784 0.542298 -0.405629 242.105 0 0 0 1 
Seq_Frame0118_DriverToReference-SequenceTransformStatus = OK
Seq_Frame0118_Timestamp = 14.084
Seq_Frame0119_DriverToReference-SequenceTransform =-0.28457 -0.269206 -0.92008 1.07851 -0.599515 0.798903 -0.048328 322.356 0.748065 0.537849 -0.388737 242.487 0 0 0 1 
Seq_Frame0119_DriverToReference-SequenceTransformStatus = OK
Seq_Frame0119_Timestamp = 14.194
Seq_Frame0120_DriverToReference-SequenceTransform =-0.141109 -0.291213 -0.946194 0.615288 -0.635893 0.759188 -0.138825 315.738 0.758767 0.582089 -0.292309 243.757 0 0 0 1 
Seq_Frame0120_DriverToReference-SequenceTransformStatus = OK
Seq_Frame0120_Timestamp = 14.299
Seq_Frame0121_DriverToReference-SequenceTransform =-0.141109 -0.291213 -0.946194 0.615288 -0.635893 0.759188 -0.138825 315.738 0.758767 0.582089 -0.292309 243.757 0 0 0 1 
Seq_Frame0121_DriverToReference-SequenceTransformStatus = OK
Seq_Frame0121_Timestamp = 14.4
Seq_Frame0122_DriverToReference-SequenceTransform =-0.141109 -0.291213 -0.946194 0.615288 -0.635893 0.759188 -0.138825 315.738 0.758767 0.582089 -0.292309 243.757 0 0 0 1 
Seq_Frame0122_DriverToReference-SequenceTransformStatus = OK
Seq_Frame0122_Timestamp = 14.509
Seq_Frame0123_DriverToReference-SequenceTransform =-0.141109 -0.291213 -0.946194 0.615288 -0.635893 0.759188 -0.138825 315.738 0.758767 0.582089 -0.292309 243.757 0 0 0 1 
Seq_Frame0123_DriverToReference-SequenceTransformStatus = OK
Seq_Frame0123_Timestamp = 14.61
Seq_Frame0124_DriverToReference-SequenceTransform =-0.141109 -0.291213 -0.946194 0.615288 -0.635893 0.759188 -0.138825 315.738 0.758767 0.582089 -0.292309 243.757 0 0 0 1 
Seq_Frame0124_DriverToReference-SequenceTransformStatus = OK
Seq_Frame0124_Timestamp = 14.714
Seq_Frame0125_DriverToReference-SequenceTransform =-0.141109 -0.291213 -0.946194 0.615288 -0.635893 0.759188 -0.138825 315.738 0.758767 0.582089 -0.292309 243.757 0 0 0 1 
Seq_Frame0125_DriverToReference-SequenceTransformStatus = OK
Seq_Frame0125_Timestamp = 15.438
Seq_Frame0126_DriverToReference-SequenceTransform =-0.141109 -0.291213 -0.946194 0.615288 -0.635893 0.759188 -0.138825 315.738 0.758767 0.582089 -0.292309 243.757 0 0 0 1 
Seq_Frame0126_DriverToReference-SequenceTransformStatus = OK
Seq_Frame0126_Timestamp = 16.169
Seq_Frame0127_DriverToReference-SequenceTransform =-0.141109 -0.291213 -0.946194 0.615288 -0.635893 0.759188 -0.138825 315.738 0.758767 0.582089 -0.292309 243.757 0 0 0 1 
Seq_Frame0127_DriverToReference-SequenceTransformStatus = OK
Seq_Frame0127_Timestamp = 16.274
Seq_Frame0128_DriverToReference-SequenceTransform =-0.141109 -0.291213 -0.946194 0.615288 -0.635893 0.759188 -0.138825 315.738 0.758767 0.582089 -0.292309 243.757 0 0 0 1 
Seq_Frame0128_DriverToReference-SequenceTransformStatus = OK
Seq_Frame0128_Timestamp = 16.459
Seq_Frame0129_DriverToReference-SequenceTransform =-0.141109 -0.291213 -0.946194 0.615288 -0.635893 0.759188 -0.138825 315.738 0.758767 0.582089 -0.292309 243.757 0 0 0 1 
Seq_Frame0129_DriverToReference-SequenceTransformStatus = OK
Seq_Frame0129_Timestamp = 16.714
Seq_Frame0130_DriverToReference-SequenceTransform =-0.141109 -0.291213 -0.946194 0.615288 -0.635893 0.759188 -0.138825 315.738 0.758767 0.582089 -0.292309 243.757 0 0 0 1 
Seq_Frame0130_DriverToReference-SequenceTransformStatus = OK
Seq_Frame0130_Timestamp = 17.079
Seq_Frame0131_DriverToReference-SequenceTransform =-0.141109 -0.291213 -0.946194 0.615288 -0.635893 0.759188 -0.138825 315.738 0.758767 0.582089 -0.292309 243.757 0 0 0 1 
Seq_Frame0131_DriverToReference-SequenceTransformStatus = OK
Seq_Frame0131_Timestamp = 17.192
Seq_Frame0132_DriverToReference-SequenceTransform =-0.717416 -0.649582 -0.25171 -9.73116 -0.694262 0.6368 0.33539 284.514 -0.0575742 0.415367 -0.90783 170.35 0 0 0 1 
Seq_Frame0132_DriverToReference-SequenceTransformStatus = OK
Seq_Frame0132_Timestamp = 17.299
Seq_Frame0133_DriverToReference-SequenceTransform =-0.677203 -0.651612 -0.341758 -10.528 -0.727817 0.661438 0.18106 283.817 0.108071 0.371352 -0.922181 170.404 0 0 0 1 
Seq_Frame0133_DriverToReference-SequenceTransformStatus = OK
Seq_Frame0133_Timestamp = 17.4
Seq_Frame0134_DriverToReference-SequenceTransform =-0.677203 -0.651612 -0.341758 -10.528 -0.727817 0.661438 0.18106 283.817 0.108071 0.371352 -0.922181 170.404 0 0 0 1 
Seq_Frame0134_DriverToReference-SequenceTransformStatus = OK
Seq_Frame0134_Timestamp = 17.5
Seq_Frame0135_DriverToReference-SequenceTransform =-0.677203 -0.651612 -0.341758 -10.528 -0.727817 0.661438 0.18106 283.817 0.108071 0.371352 -0.922181 170.404 0 0 0 1 
Seq_Frame0135_DriverToReference-SequenceTransformStatus = OK
Seq_Frame0135_Timestamp = 17.605
Seq_Frame0136_DriverToReference-SequenceTransform =-0.677203 -0.651612 -0.341758 -10.528 -0.727817 0.661438 0.18106 283.817 0.108071 0.371352 -0.922181 170.404 0 0 0 1 
Seq_Frame0136_DriverToReference-SequenceTransformStatus = OK
Seq_Frame0136_Timestamp = 17.714
Seq_Frame0137_DriverToReference-SequenceTransform =-0.677203 -0.651612 -0.341758 -10.528 -0.727817 0.661438 0.18106 283.817 0.108071 0.371352 -0.922181 170.404 0 0 0 1 
Seq_Frame0137_DriverToReference-SequenceTransformStatus = OK
Seq_Frame0137_Timestamp = 17.815
Seq_Frame0138_DriverToReference-SequenceTransform =-0.677203 -0.651612 -0.341758 -10.528 -0.727817 0.661438 0.18106 283.817 0.108071 0.371352 -0.922181 170.404 0 0 0 1 
Seq_Frame0138_DriverToReference-SequenceTransformStatus = OK
Seq_Frame0138_Timestamp = 17.915
Seq_Frame0139_DriverToReference-SequenceTransform =-0.677203 -0.651612 -0.341758 -10.528 -0.727817 0.661438 0.18106 283.817 0.108071 0.371352 -0.922181 170.404 0 0 0 1 
Seq_Frame0139_DriverToReference-SequenceTransformStatus = OK
Seq_Frame0139_Timestamp = 18.019
Seq_Frame0140_DriverToReference-SequenceTransform =-0.677203 -0.651612 -0.341758 -10.528 -0.727817 0.661438 0.18106 283.817 0.108071 0.371352 -0.922181 170.404 0 0 0 1 
Seq_Frame0140_DriverToReference-SequenceTransformStatus = OK
Seq_Frame0140_Timestamp = 18.12
Seq_Frame0141_DriverToReference-SequenceTransform =-0.677203 -0.651612 -0.341758 -10.528 -0.727817 0.661438 0.18106 283.817 0.108071 0.371352 -0.922181 170.404 0 0 0 1 
Seq_Frame0141_DriverToReference-SequenceTransformStatus = OK
Seq_Frame0141_Timestamp = 18.229
Seq_Frame0142_DriverToReference-SequenceTransform =-0.677203 -0.651612 -0.341758 -10.528 -0.727817 0.661438 0.18106 283.817 0.108071 0.371352 -0.922181 170.404 0 0 0 1 
Seq_Frame0142_DriverToReference-SequenceTransformStatus = OK
Seq_Frame0142_Timestamp = 18.334
Seq_Frame0143_DriverToReference-SequenceTransform =-0.677203 -0.651612 -0.341758 -10.528 -0.727817 0.661438 0.18106 283.817 0.108071 0.371352 -0.922181 170.404 0 0 0 1 
Seq_Frame0143_DriverToReference-SequenceTransformStatus = OK
Seq_Frame0143_Timestamp = 18.439
Seq_Frame0144_DriverToReference-SequenceTransform =-0.677203 -0.651612 -0.341758 -10.528 -0.727817 0.661438 0.18106 283.817 0.108071 0.371352 -0.922181 170.404 0 0 0 1 
Seq_Frame0144_DriverToReference-SequenceTransformStatus = OK
Seq_Frame0144_Timestamp = 18.539
Seq_Frame0145_DriverToReference-SequenceTransform =-0.677203 -0.651612 -0.341758 -10.528 -0.727817 0.661438 0.18106 283.817 0.108071 0.371352 -0.922181 170.404 0 0 0 1 
Seq_Frame0145_DriverToReference-SequenceTransformStatus = OK
Seq_Frame0145_Timestamp = 18.644
Seq_Frame0146_DriverToReference-SequenceTransform =-0.677203 -0.651612 -0.341758 -10.528 -0.727817 0.661438 0.18106 283.817 0.108071 0.371352 -0.922181 170.404 0 0 0 1 
Seq_Frame0146_DriverToReference-SequenceTransformStatus = OK
Seq_Frame0146_Timestamp = 18.746
Seq_Frame0147_DriverToReference-SequenceTransform =-0.677203 -0.651612 -0.341758 -10.528 -0.727817 0.661438 0.18106 283.817 0.108071 0.371352 -0.922181 170.404 0 0 0 1 
Seq_Frame0147_DriverToReference-SequenceTransformStatus = OK
Seq_Frame0147_Timestamp = 18.849
Seq_Frame0148_DriverToReference-SequenceTransform =-0.677203 -0.651612 -0.341758 -10.528 -0.727817 0.661438 0.18106 283.817 0.108071 0.371352 -0.922181 170.404 0 0 0 1 
Seq_Frame0148_DriverToReference-SequenceTransformStatus = OK
Seq_Frame0148_Timestamp = 18.951
Seq_Frame0149_DriverToReference-SequenceTransform =-0.677203 -0.651612 -0.341758 -10.528 -0.727817 0.661438 0.18106 283.817 0.108071 0.371352 -0.922181 170.404 0 0 0 1 
Seq_Frame0149_DriverToReference-SequenceTransformStatus = OK
Seq_Frame0149_Timestamp = 19.054
Seq_Frame0150_DriverToReference-SequenceTransform =0.744254 0.145305 0.651899 -12.6301 -0.401419 0.877406 0.262718 259.577 -0.533806 -0.457214 0.711341 185.134 0 0 0 1 
Seq_Frame0150_DriverToReference-SequenceTransformStatus = OK
Seq_Frame0150_Timestamp = 19.155
