ObjectType = Image
NDims = 3
AnatomicalOrientation = RAI
BinaryData = True
CompressedData = False
DimSize = 0 0 1974
ElementSpacing = 1 1 1
Offset = 0 0 0
TransformMatrix = 1 0 0 0 1 0 0 0 1
ElementType = MET_UCHAR
Kinds = domain domain list
Seq_Frame0000_ForcepToReference-SequenceTransform =-0.206562 0.805378 0.555606 26.9365 -0.897571 0.0700703 -0.435267 -25.7018 -0.389486 -0.588605 0.70841 -32.6334 0 0 0 1 
Seq_Frame0000_ForcepToReference-SequenceTransformStatus = OK
Seq_Frame0000_Timestamp = 0.00199986
Seq_Frame0001_ForcepToReference-SequenceTransform =-0.206605 0.805719 0.555095 26.9472 -0.89767 0.0696004 -0.435136 -25.7022 -0.389233 -0.588194 0.708891 -32.6958 0 0 0 1 
Seq_Frame0001_ForcepToReference-SequenceTransformStatus = OK
Seq_Frame0001_Timestamp = 0.102
Seq_Frame0002_ForcepToReference-SequenceTransform =-0.206769 0.806365 0.554096 26.9419 -0.896686 0.0703821 -0.437036 -25.6959 -0.391409 -0.587216 0.708503 -32.5641 0 0 0 1 
Seq_Frame0002_ForcepToReference-SequenceTransformStatus = OK
Seq_Frame0002_Timestamp = 0.204
Seq_Frame0003_ForcepToReference-SequenceTransform =-0.20638 0.807076 0.553204 26.9621 -0.897251 0.0694321 -0.436027 -25.7145 -0.390317 -0.58635 0.709821 -32.5794 0 0 0 1 
Seq_Frame0003_ForcepToReference-SequenceTransformStatus = OK
Seq_Frame0003_Timestamp = 0.31
Seq_Frame0004_ForcepToReference-SequenceTransform =-0.206377 0.807866 0.552051 26.9556 -0.897116 0.0690149 -0.436371 -25.7123 -0.390629 -0.585311 0.710507 -32.667 0 0 0 1 
Seq_Frame0004_ForcepToReference-SequenceTransformStatus = OK
Seq_Frame0004_Timestamp = 0.414
Seq_Frame0005_ForcepToReference-SequenceTransform =-0.206749 0.808073 0.551609 26.9612 -0.89672 0.0690045 -0.437187 -25.6745 -0.391342 -0.585027 0.710349 -32.7561 0 0 0 1 
Seq_Frame0005_ForcepToReference-SequenceTransformStatus = OK
Seq_Frame0005_Timestamp = 0.518
Seq_Frame0006_ForcepToReference-SequenceTransform =-0.206563 0.80682 0.55351 26.9544 -0.89712 0.0696153 -0.436268 -25.7119 -0.390522 -0.586682 0.709434 -32.5728 0 0 0 1 
Seq_Frame0006_ForcepToReference-SequenceTransformStatus = OK
Seq_Frame0006_Timestamp = 0.626
Seq_Frame0007_ForcepToReference-SequenceTransform =-0.205978 0.806821 0.553726 26.9588 -0.897742 0.069371 -0.435026 -25.73 -0.389401 -0.586709 0.710028 -32.602 0 0 0 1 
Seq_Frame0007_ForcepToReference-SequenceTransformStatus = OK
Seq_Frame0007_Timestamp = 0.736
Seq_Frame0008_ForcepToReference-SequenceTransform =-0.205902 0.806962 0.553549 26.9715 -0.898154 0.0687279 -0.434275 -25.7394 -0.388488 -0.58659 0.710626 -32.6074 0 0 0 1 
Seq_Frame0008_ForcepToReference-SequenceTransformStatus = OK
Seq_Frame0008_Timestamp = 0.836
Seq_Frame0009_ForcepToReference-SequenceTransform =-0.205901 0.805651 0.555455 26.9379 -0.898483 0.0692581 -0.433511 -25.7369 -0.387728 -0.588327 0.709604 -32.6407 0 0 0 1 
Seq_Frame0009_ForcepToReference-SequenceTransformStatus = OK
Seq_Frame0009_Timestamp = 0.939
Seq_Frame0010_ForcepToReference-SequenceTransform =-0.206245 0.806374 0.554277 26.9393 -0.897638 0.0695621 -0.435209 -25.7288 -0.389498 -0.5873 0.709486 -32.5841 0 0 0 1 
Seq_Frame0010_ForcepToReference-SequenceTransformStatus = OK
Seq_Frame0010_Timestamp = 1.044
Seq_Frame0011_ForcepToReference-SequenceTransform =-0.199867 0.798555 0.56777 26.8997 -0.907022 0.068398 -0.415491 -26.231 -0.370627 -0.598023 0.710636 -31.7187 0 0 0 1 
Seq_Frame0011_ForcepToReference-SequenceTransformStatus = OK
Seq_Frame0011_Timestamp = 1.149
Seq_Frame0012_ForcepToReference-SequenceTransform =-0.206693 0.804803 0.55639 26.9137 -0.897983 0.0697406 -0.434469 -25.7095 -0.388465 -0.58943 0.708285 -32.5535 0 0 0 1 
Seq_Frame0012_ForcepToReference-SequenceTransformStatus = OK
Seq_Frame0012_Timestamp = 1.25
Seq_Frame0013_ForcepToReference-SequenceTransform =-0.206231 0.808776 0.550772 26.9564 -0.896022 0.0700981 -0.438442 -25.6762 -0.393209 -0.583924 0.710225 -32.6877 0 0 0 1 
Seq_Frame0013_ForcepToReference-SequenceTransformStatus = OK
Seq_Frame0013_Timestamp = 1.358
Seq_Frame0014_ForcepToReference-SequenceTransform =-0.201261 0.799099 0.566511 26.8531 -0.906625 0.0669906 -0.416586 -26.1368 -0.370844 -0.597455 0.711001 -32.0328 0 0 0 1 
Seq_Frame0014_ForcepToReference-SequenceTransformStatus = OK
Seq_Frame0014_Timestamp = 1.464
Seq_Frame0015_ForcepToReference-SequenceTransform =-0.205613 0.806806 0.553884 26.9607 -0.898499 0.0686716 -0.433571 -25.7373 -0.387844 -0.586812 0.710794 -32.6639 0 0 0 1 
Seq_Frame0015_ForcepToReference-SequenceTransformStatus = OK
Seq_Frame0015_Timestamp = 1.567
Seq_Frame0016_ForcepToReference-SequenceTransform =-0.206667 0.807759 0.5521 26.9651 -0.897056 0.0688474 -0.436522 -25.6915 -0.390615 -0.585479 0.710376 -32.7159 0 0 0 1 
Seq_Frame0016_ForcepToReference-SequenceTransformStatus = OK
Seq_Frame0016_Timestamp = 1.674
Seq_Frame0017_ForcepToReference-SequenceTransform =-0.205908 0.806105 0.554795 26.9567 -0.898549 0.0687955 -0.433447 -25.734 -0.387571 -0.587761 0.710159 -32.6453 0 0 0 1 
Seq_Frame0017_ForcepToReference-SequenceTransformStatus = OK
Seq_Frame0017_Timestamp = 1.775
Seq_Frame0018_ForcepToReference-SequenceTransform =-0.206309 0.80646 0.554129 26.9447 -0.898134 0.0686711 -0.434328 -25.7059 -0.38832 -0.587287 0.710142 -32.7856 0 0 0 1 
Seq_Frame0018_ForcepToReference-SequenceTransformStatus = OK
Seq_Frame0018_Timestamp = 1.875
Seq_Frame0019_ForcepToReference-SequenceTransform =-0.20625 0.80786 0.552108 26.9908 -0.897625 0.0684072 -0.435419 -25.7174 -0.389526 -0.585391 0.711046 -32.7402 0 0 0 1 
Seq_Frame0019_ForcepToReference-SequenceTransformStatus = OK
Seq_Frame0019_Timestamp = 1.976
Seq_Frame0020_ForcepToReference-SequenceTransform =-0.206281 0.807663 0.552384 26.9811 -0.897381 0.0688916 -0.435845 -25.7063 -0.390071 -0.585606 0.710571 -32.7054 0 0 0 1 
Seq_Frame0020_ForcepToReference-SequenceTransformStatus = OK
Seq_Frame0020_Timestamp = 2.085
Seq_Frame0021_ForcepToReference-SequenceTransform =-0.206888 0.807383 0.552567 26.9625 -0.89682 0.0692362 -0.436945 -25.6553 -0.39104 -0.585952 0.709753 -32.839 0 0 0 1 
Seq_Frame0021_ForcepToReference-SequenceTransformStatus = OK
Seq_Frame0021_Timestamp = 2.189
Seq_Frame0022_ForcepToReference-SequenceTransform =-0.207199 0.8093 0.549638 26.9941 -0.896106 0.0684095 -0.438537 -25.6318 -0.392508 -0.583398 0.711044 -32.9044 0 0 0 1 
Seq_Frame0022_ForcepToReference-SequenceTransformStatus = OK
Seq_Frame0022_Timestamp = 2.294
Seq_Frame0023_ForcepToReference-SequenceTransform =-0.206723 0.808397 0.551144 26.9862 -0.896871 0.0685526 -0.436948 -25.676 -0.39101 -0.584633 0.710856 -32.7629 0 0 0 1 
Seq_Frame0023_ForcepToReference-SequenceTransformStatus = OK
Seq_Frame0023_Timestamp = 2.399
Seq_Frame0024_ForcepToReference-SequenceTransform =-0.206245 0.807203 0.55307 26.9576 -0.897481 0.0691484 -0.4356 -25.7066 -0.389861 -0.58621 0.710187 -32.6846 0 0 0 1 
Seq_Frame0024_ForcepToReference-SequenceTransformStatus = OK
Seq_Frame0024_Timestamp = 2.509
Seq_Frame0025_ForcepToReference-SequenceTransform =-0.20637 0.807402 0.552732 26.9676 -0.897186 0.0692845 -0.436184 -25.7051 -0.390472 -0.585919 0.710092 -32.6362 0 0 0 1 
Seq_Frame0025_ForcepToReference-SequenceTransformStatus = OK
Seq_Frame0025_Timestamp = 2.614
Seq_Frame0026_ForcepToReference-SequenceTransform =-0.206134 0.807469 0.552724 26.9685 -0.897562 0.0689486 -0.435464 -25.7165 -0.389733 -0.585867 0.71054 -32.6525 0 0 0 1 
Seq_Frame0026_ForcepToReference-SequenceTransformStatus = OK
Seq_Frame0026_Timestamp = 2.714
Seq_Frame0027_ForcepToReference-SequenceTransform =-0.205724 0.806121 0.554839 26.9527 -0.898295 0.0693847 -0.43388 -25.7642 -0.388257 -0.587669 0.70986 -32.5288 0 0 0 1 
Seq_Frame0027_ForcepToReference-SequenceTransformStatus = OK
Seq_Frame0027_Timestamp = 2.815
Seq_Frame0028_ForcepToReference-SequenceTransform =-0.206496 0.805838 0.554964 26.942 -0.897806 0.0694334 -0.434884 -25.6953 -0.388979 -0.588051 0.709148 -32.6922 0 0 0 1 
Seq_Frame0028_ForcepToReference-SequenceTransformStatus = OK
Seq_Frame0028_Timestamp = 2.915
Seq_Frame0029_ForcepToReference-SequenceTransform =-0.206543 0.807259 0.552877 26.9511 -0.897188 0.0691908 -0.436196 -25.692 -0.390377 -0.586128 0.709972 -32.6541 0 0 0 1 
Seq_Frame0029_ForcepToReference-SequenceTransformStatus = OK
Seq_Frame0029_Timestamp = 3.024
Seq_Frame0030_ForcepToReference-SequenceTransform =-0.206644 0.807458 0.552548 26.9577 -0.896834 0.0694442 -0.436883 -25.6879 -0.391136 -0.585823 0.709806 -32.62 0 0 0 1 
Seq_Frame0030_ForcepToReference-SequenceTransformStatus = OK
Seq_Frame0030_Timestamp = 3.125
Seq_Frame0031_ForcepToReference-SequenceTransform =-0.206612 0.807719 0.552179 26.9539 -0.897058 0.0689404 -0.436503 -25.683 -0.390639 -0.585523 0.710327 -32.687 0 0 0 1 
Seq_Frame0031_ForcepToReference-SequenceTransformStatus = OK
Seq_Frame0031_Timestamp = 3.226
Seq_Frame0032_ForcepToReference-SequenceTransform =-0.206832 0.806917 0.553267 26.935 -0.896994 0.0694079 -0.436559 -25.6739 -0.390668 -0.586572 0.709445 -32.7138 0 0 0 1 
Seq_Frame0032_ForcepToReference-SequenceTransformStatus = OK
Seq_Frame0032_Timestamp = 3.329
Seq_Frame0033_ForcepToReference-SequenceTransform =-0.205786 0.80737 0.552998 26.9717 -0.897691 0.0692437 -0.435151 -25.7249 -0.389619 -0.585969 0.710519 -32.5936 0 0 0 1 
Seq_Frame0033_ForcepToReference-SequenceTransformStatus = OK
Seq_Frame0033_Timestamp = 3.434
Seq_Frame0034_ForcepToReference-SequenceTransform =-0.205912 0.807475 0.552796 26.9734 -0.897424 0.0694123 -0.435675 -25.7352 -0.390168 -0.585803 0.710355 -32.5337 0 0 0 1 
Seq_Frame0034_ForcepToReference-SequenceTransformStatus = OK
Seq_Frame0034_Timestamp = 3.535
Seq_Frame0035_ForcepToReference-SequenceTransform =-0.2072 0.809784 0.548924 26.9665 -0.896636 0.0672339 -0.437634 -25.633 -0.391295 -0.582863 0.712151 -32.876 0 0 0 1 
Seq_Frame0035_ForcepToReference-SequenceTransformStatus = OK
Seq_Frame0035_Timestamp = 3.639
Seq_Frame0036_ForcepToReference-SequenceTransform =0.3033 -0.113428 -0.94612 50.8158 0.490785 -0.832473 0.257135 25.0158 -0.816786 -0.54233 -0.196821 -40.7295 0 0 0 1 
Seq_Frame0036_ForcepToReference-SequenceTransformStatus = OK
Seq_Frame0036_Timestamp = 4.314
Seq_Frame0037_ForcepToReference-SequenceTransform =0.091944 0.217759 -0.971662 57.8759 0.577745 -0.806424 -0.126058 86.8117 -0.811022 -0.549783 -0.199955 -37.0907 0 0 0 1 
Seq_Frame0037_ForcepToReference-SequenceTransformStatus = OK
Seq_Frame0037_Timestamp = 4.414
Seq_Frame0038_ForcepToReference-SequenceTransform =-0.00227993 0.547583 -0.836748 61.6304 0.659371 -0.628259 -0.412941 150.521 -0.751814 -0.552669 -0.359628 -4.0202 0 0 0 1 
Seq_Frame0038_ForcepToReference-SequenceTransformStatus = OK
Seq_Frame0038_Timestamp = 4.517
Seq_Frame0039_ForcepToReference-SequenceTransform =-0.117265 0.126531 -0.985007 36.1532 0.85509 -0.491544 -0.164941 177.859 -0.505045 -0.861611 -0.0505542 7.52314 0 0 0 1 
Seq_Frame0039_ForcepToReference-SequenceTransformStatus = OK
Seq_Frame0039_Timestamp = 4.621
Seq_Frame0040_ForcepToReference-SequenceTransform =-0.174218 -0.0224989 -0.98445 26.0946 0.794593 -0.593701 -0.12705 181.546 -0.58161 -0.804371 0.121311 11.4212 0 0 0 1 
Seq_Frame0040_ForcepToReference-SequenceTransformStatus = OK
Seq_Frame0040_Timestamp = 4.725
Seq_Frame0041_ForcepToReference-SequenceTransform =-0.218256 -0.0737637 -0.9731 24.4039 0.803574 -0.579385 -0.136314 191.475 -0.553744 -0.811709 0.185729 17.3072 0 0 0 1 
Seq_Frame0041_ForcepToReference-SequenceTransformStatus = OK
Seq_Frame0041_Timestamp = 4.835
Seq_Frame0042_ForcepToReference-SequenceTransform =-0.819438 0.499389 -0.281305 64.9334 0.572124 0.742269 -0.348871 272.942 0.0345815 -0.446819 -0.893956 194.31 0 0 0 1 
Seq_Frame0042_ForcepToReference-SequenceTransformStatus = OK
Seq_Frame0042_Timestamp = 4.954
Seq_Frame0043_ForcepToReference-SequenceTransform =0.170295 -0.574724 -0.800432 22.2953 0.958193 -0.0929565 0.270603 209.359 -0.229928 -0.81305 0.534867 56.967 0 0 0 1 
Seq_Frame0043_ForcepToReference-SequenceTransformStatus = OK
Seq_Frame0043_Timestamp = 5.055
Seq_Frame0044_ForcepToReference-SequenceTransform =0.233937 -0.653421 -0.71994 15.3227 0.893931 -0.146618 0.423545 186.621 -0.38231 -0.74266 0.549814 59.1445 0 0 0 1 
Seq_Frame0044_ForcepToReference-SequenceTransformStatus = OK
Seq_Frame0044_Timestamp = 5.159
Seq_Frame0045_ForcepToReference-SequenceTransform =0.252097 -0.727016 -0.638666 6.47448 0.923926 -0.0154306 0.382261 193.825 -0.287765 -0.686447 0.667819 60.6467 0 0 0 1 
Seq_Frame0045_ForcepToReference-SequenceTransformStatus = OK
Seq_Frame0045_Timestamp = 5.26
Seq_Frame0046_ForcepToReference-SequenceTransform =0.339677 -0.759291 -0.555064 10.7828 0.896858 0.0837145 0.434325 195.432 -0.283312 -0.645344 0.709412 64.9517 0 0 0 1 
Seq_Frame0046_ForcepToReference-SequenceTransformStatus = OK
Seq_Frame0046_Timestamp = 5.363
Seq_Frame0047_ForcepToReference-SequenceTransform =0.446898 -0.762786 -0.467376 18.6663 0.858338 0.218406 0.464278 195.304 -0.252067 -0.608651 0.752334 70.4164 0 0 0 1 
Seq_Frame0047_ForcepToReference-SequenceTransformStatus = OK
Seq_Frame0047_Timestamp = 5.464
Seq_Frame0048_ForcepToReference-SequenceTransform =0.493494 -0.764257 -0.41518 20.965 0.843507 0.30418 0.442685 196.494 -0.212035 -0.56867 0.794768 74.6044 0 0 0 1 
Seq_Frame0048_ForcepToReference-SequenceTransformStatus = OK
Seq_Frame0048_Timestamp = 5.569
Seq_Frame0049_ForcepToReference-SequenceTransform =0.572736 -0.74841 -0.334448 26.77 0.786726 0.387218 0.480755 194.28 -0.230297 -0.538464 0.810567 77.5877 0 0 0 1 
Seq_Frame0049_ForcepToReference-SequenceTransformStatus = OK
Seq_Frame0049_Timestamp = 5.674
Seq_Frame0050_ForcepToReference-SequenceTransform =0.629144 -0.726064 -0.277505 31.0883 0.753196 0.481268 0.448415 202.449 -0.192023 -0.491133 0.849656 81.5154 0 0 0 1 
Seq_Frame0050_ForcepToReference-SequenceTransformStatus = OK
Seq_Frame0050_Timestamp = 5.775
Seq_Frame0051_ForcepToReference-SequenceTransform =0.681786 -0.690244 -0.242347 37.3335 0.710084 0.544746 0.44613 202.491 -0.175921 -0.476252 0.861531 85.8008 0 0 0 1 
Seq_Frame0051_ForcepToReference-SequenceTransformStatus = OK
Seq_Frame0051_Timestamp = 5.875
Seq_Frame0052_ForcepToReference-SequenceTransform =0.735728 -0.646443 -0.202028 40.7106 0.665012 0.633005 0.396313 207.766 -0.128309 -0.42593 0.895612 90.5764 0 0 0 1 
Seq_Frame0052_ForcepToReference-SequenceTransformStatus = OK
Seq_Frame0052_Timestamp = 5.976
Seq_Frame0053_ForcepToReference-SequenceTransform =0.775473 -0.610453 -0.161211 44.5364 0.616588 0.677256 0.401426 207.129 -0.135871 -0.410695 0.901592 91.865 0 0 0 1 
Seq_Frame0053_ForcepToReference-SequenceTransformStatus = OK
Seq_Frame0053_Timestamp = 6.076
Seq_Frame0054_ForcepToReference-SequenceTransform =0.770894 -0.60441 -0.201023 47.9029 0.62997 0.676828 0.380844 208.561 -0.094128 -0.420228 0.902523 93.7388 0 0 0 1 
Seq_Frame0054_ForcepToReference-SequenceTransformStatus = OK
Seq_Frame0054_Timestamp = 6.177
Seq_Frame0055_ForcepToReference-SequenceTransform =0.727236 -0.633327 -0.264624 46.0531 0.682243 0.624663 0.379921 207.692 -0.0753131 -0.456829 0.88636 91.763 0 0 0 1 
Seq_Frame0055_ForcepToReference-SequenceTransformStatus = OK
Seq_Frame0055_Timestamp = 6.284
Seq_Frame0056_ForcepToReference-SequenceTransform =0.71515 -0.651554 -0.253057 43.9909 0.69256 0.611596 0.382507 209.389 -0.0944552 -0.448807 0.888623 92.6454 0 0 0 1 
Seq_Frame0056_ForcepToReference-SequenceTransformStatus = OK
Seq_Frame0056_Timestamp = 6.385
Seq_Frame0057_ForcepToReference-SequenceTransform =0.708973 -0.6677 -0.227012 40.8996 0.697109 0.614775 0.368905 215.932 -0.106757 -0.419796 0.901318 91.2648 0 0 0 1 
Seq_Frame0057_ForcepToReference-SequenceTransformStatus = OK
Seq_Frame0057_Timestamp = 6.489
Seq_Frame0058_ForcepToReference-SequenceTransform =0.720556 -0.648218 -0.246198 43.615 0.691327 0.644176 0.327269 218.804 -0.0535469 -0.406019 0.912295 93.2853 0 0 0 1 
Seq_Frame0058_ForcepToReference-SequenceTransformStatus = OK
Seq_Frame0058_Timestamp = 6.589
Seq_Frame0059_ForcepToReference-SequenceTransform =0.748165 -0.631415 -0.203873 47.6755 0.657706 0.665182 0.353491 215.227 -0.0875868 -0.398558 0.912951 95.1236 0 0 0 1 
Seq_Frame0059_ForcepToReference-SequenceTransformStatus = OK
Seq_Frame0059_Timestamp = 6.69
Seq_Frame0060_ForcepToReference-SequenceTransform =0.775996 -0.610824 -0.15724 51.1234 0.622066 0.699964 0.350834 214.367 -0.104235 -0.370059 0.923142 97.1945 0 0 0 1 
Seq_Frame0060_ForcepToReference-SequenceTransformStatus = OK
Seq_Frame0060_Timestamp = 6.79
Seq_Frame0061_ForcepToReference-SequenceTransform =0.809055 -0.580539 -0.0916784 54.9152 0.567298 0.73059 0.380015 211.068 -0.153634 -0.359462 0.920426 96.4012 0 0 0 1 
Seq_Frame0061_ForcepToReference-SequenceTransformStatus = OK
Seq_Frame0061_Timestamp = 6.901
Seq_Frame0062_ForcepToReference-SequenceTransform =0.842633 -0.538142 -0.0192843 57.5661 0.501967 0.772019 0.389892 208.945 -0.19493 -0.338216 0.920658 97.1949 0 0 0 1 
Seq_Frame0062_ForcepToReference-SequenceTransformStatus = OK
Seq_Frame0062_Timestamp = 7.011
Seq_Frame0063_ForcepToReference-SequenceTransform =0.823259 -0.564959 -0.0553739 55.7465 0.521519 0.714202 0.466833 203.409 -0.224193 -0.413203 0.88261 92.1456 0 0 0 1 
Seq_Frame0063_ForcepToReference-SequenceTransformStatus = OK
Seq_Frame0063_Timestamp = 7.112
Seq_Frame0064_ForcepToReference-SequenceTransform =0.795954 -0.593021 -0.121587 53.7807 0.580374 0.690449 0.431795 206.926 -0.172114 -0.414255 0.893739 93.5511 0 0 0 1 
Seq_Frame0064_ForcepToReference-SequenceTransformStatus = OK
Seq_Frame0064_Timestamp = 7.214
Seq_Frame0065_ForcepToReference-SequenceTransform =0.772766 -0.619667 -0.137279 46.5463 0.619284 0.688791 0.3769 212.108 -0.138996 -0.37627 0.916025 92.1402 0 0 0 1 
Seq_Frame0065_ForcepToReference-SequenceTransformStatus = OK
Seq_Frame0065_Timestamp = 7.315
Seq_Frame0066_ForcepToReference-SequenceTransform =0.721689 -0.68059 -0.126338 32.5819 0.665977 0.632895 0.394865 222.971 -0.188782 -0.369108 0.910011 77.8562 0 0 0 1 
Seq_Frame0066_ForcepToReference-SequenceTransformStatus = OK
Seq_Frame0066_Timestamp = 7.415
Seq_Frame0067_ForcepToReference-SequenceTransform =0.637323 -0.745631 -0.194562 14.7877 0.742828 0.527283 0.412528 235.572 -0.205004 -0.40744 0.889925 58.5971 0 0 0 1 
Seq_Frame0067_ForcepToReference-SequenceTransformStatus = OK
Seq_Frame0067_Timestamp = 7.516
Seq_Frame0068_ForcepToReference-SequenceTransform =0.61155 -0.742328 -0.27378 14.2755 0.763651 0.463264 0.449693 229.926 -0.206988 -0.484082 0.850189 55.346 0 0 0 1 
Seq_Frame0068_ForcepToReference-SequenceTransformStatus = OK
Seq_Frame0068_Timestamp = 7.619
Seq_Frame0069_ForcepToReference-SequenceTransform =0.568847 -0.691355 -0.445467 22.2354 0.820736 0.512073 0.253327 226.793 0.052973 -0.509715 0.858711 69.3659 0 0 0 1 
Seq_Frame0069_ForcepToReference-SequenceTransformStatus = OK
Seq_Frame0069_Timestamp = 7.726
Seq_Frame0070_ForcepToReference-SequenceTransform =0.522792 -0.697227 -0.490472 28.8537 0.850329 0.38586 0.357845 222.538 -0.0602454 -0.604141 0.794597 81.2072 0 0 0 1 
Seq_Frame0070_ForcepToReference-SequenceTransformStatus = OK
Seq_Frame0070_Timestamp = 7.829
Seq_Frame0071_ForcepToReference-SequenceTransform =0.153804 -0.597884 -0.786689 24.4674 0.979407 0.197632 0.0412818 225.764 0.130793 -0.776838 0.615968 95.6725 0 0 0 1 
Seq_Frame0071_ForcepToReference-SequenceTransformStatus = OK
Seq_Frame0071_Timestamp = 7.935
Seq_Frame0072_ForcepToReference-SequenceTransform =-0.365998 -0.381617 -0.848772 -5.13233 0.929036 -0.0967179 -0.357123 234.955 0.0541927 -0.919247 0.389934 98.7875 0 0 0 1 
Seq_Frame0072_ForcepToReference-SequenceTransformStatus = OK
Seq_Frame0072_Timestamp = 8.039
Seq_Frame0073_ForcepToReference-SequenceTransform =-0.557358 -0.246518 -0.792831 -18.379 0.826907 -0.0789288 -0.556771 237.418 0.0746772 -0.965919 0.24784 108.277 0 0 0 1 
Seq_Frame0073_ForcepToReference-SequenceTransformStatus = OK
Seq_Frame0073_Timestamp = 8.144
Seq_Frame0074_ForcepToReference-SequenceTransform =-0.584831 -0.234089 -0.776644 -18.0154 0.810899 -0.144652 -0.567026 238.06 0.0203916 -0.961394 0.274419 112.113 0 0 0 1 
Seq_Frame0074_ForcepToReference-SequenceTransformStatus = OK
Seq_Frame0074_Timestamp = 8.25
Seq_Frame0075_ForcepToReference-SequenceTransform =-0.582716 -0.228441 -0.779909 -17.4651 0.812523 -0.145162 -0.564565 237.534 0.0157562 -0.962675 0.270202 112.912 0 0 0 1 
Seq_Frame0075_ForcepToReference-SequenceTransformStatus = OK
Seq_Frame0075_Timestamp = 8.359
Seq_Frame0076_ForcepToReference-SequenceTransform =-0.0867546 0.225485 0.970376 -10.9687 -0.110217 0.965897 -0.234298 238.676 -0.990114 -0.127278 -0.0589437 53.455 0 0 0 1 
Seq_Frame0076_ForcepToReference-SequenceTransformStatus = OK
Seq_Frame0076_Timestamp = 8.609
Seq_Frame0077_ForcepToReference-SequenceTransform =-0.0816556 0.242334 0.966751 3.45983 -0.364209 0.895649 -0.255273 237.417 -0.927731 -0.372944 0.0151252 21.7328 0 0 0 1 
Seq_Frame0077_ForcepToReference-SequenceTransformStatus = OK
Seq_Frame0077_Timestamp = 8.784
Seq_Frame0078_ForcepToReference-SequenceTransform =-0.366722 -0.59777 -0.712872 9.88656 0.856301 -0.516423 -0.00746552 238.811 -0.363681 -0.613171 0.701254 19.9646 0 0 0 1 
Seq_Frame0078_ForcepToReference-SequenceTransformStatus = OK
Seq_Frame0078_Timestamp = 8.965
Seq_Frame0079_ForcepToReference-SequenceTransform =-0.394158 -0.469294 -0.790191 52.7291 0.83666 -0.539027 -0.0972092 259.23 -0.380315 -0.699438 0.605101 -7.56747 0 0 0 1 
Seq_Frame0079_ForcepToReference-SequenceTransformStatus = OK
Seq_Frame0079_Timestamp = 9.175
Seq_Frame0080_ForcepToReference-SequenceTransform =-0.464676 -0.458548 -0.757503 54.5553 0.847016 -0.479579 -0.229277 277.85 -0.258148 -0.748156 0.611246 -7.62568 0 0 0 1 
Seq_Frame0080_ForcepToReference-SequenceTransformStatus = OK
Seq_Frame0080_Timestamp = 9.374
Seq_Frame0081_ForcepToReference-SequenceTransform =-0.464676 -0.458548 -0.757503 54.5553 0.847016 -0.479579 -0.229277 277.85 -0.258148 -0.748156 0.611246 -7.62568 0 0 0 1 
Seq_Frame0081_ForcepToReference-SequenceTransformStatus = OK
Seq_Frame0081_Timestamp = 9.474
Seq_Frame0082_ForcepToReference-SequenceTransform =-0.464676 -0.458548 -0.757503 54.5553 0.847016 -0.479579 -0.229277 277.85 -0.258148 -0.748156 0.611246 -7.62568 0 0 0 1 
Seq_Frame0082_ForcepToReference-SequenceTransformStatus = OK
Seq_Frame0082_Timestamp = 9.929
Seq_Frame0083_ForcepToReference-SequenceTransform =-0.464676 -0.458548 -0.757503 54.5553 0.847016 -0.479579 -0.229277 277.85 -0.258148 -0.748156 0.611246 -7.62568 0 0 0 1 
Seq_Frame0083_ForcepToReference-SequenceTransformStatus = OK
Seq_Frame0083_Timestamp = 10.03
Seq_Frame0084_ForcepToReference-SequenceTransform =-0.464676 -0.458548 -0.757503 54.5553 0.847016 -0.479579 -0.229277 277.85 -0.258148 -0.748156 0.611246 -7.62568 0 0 0 1 
Seq_Frame0084_ForcepToReference-SequenceTransformStatus = OK
Seq_Frame0084_Timestamp = 10.135
Seq_Frame0085_ForcepToReference-SequenceTransform =-0.0192468 0.798638 -0.601504 -5.67316 -0.819472 0.332066 0.467117 299.037 0.572796 0.501906 0.64807 61.4345 0 0 0 1 
Seq_Frame0085_ForcepToReference-SequenceTransformStatus = OK
Seq_Frame0085_Timestamp = 10.584
Seq_Frame0086_ForcepToReference-SequenceTransform =0.361504 0.870476 -0.334046 -1.36294 -0.825114 0.465515 0.320128 297.941 0.434167 0.159898 0.886528 44.0676 0 0 0 1 
Seq_Frame0086_ForcepToReference-SequenceTransformStatus = OK
Seq_Frame0086_Timestamp = 10.694
Seq_Frame0087_ForcepToReference-SequenceTransform =-0.114945 0.0707757 0.990847 -11.4493 -0.142791 0.985923 -0.0869887 307.267 -0.983056 -0.151483 -0.103221 30.3884 0 0 0 1 
Seq_Frame0087_ForcepToReference-SequenceTransformStatus = OK
Seq_Frame0087_Timestamp = 10.839
Seq_Frame0088_ForcepToReference-SequenceTransform =-0.218661 0.156603 0.963153 -12.1338 -0.171689 0.965466 -0.195957 311.848 -0.960578 -0.20821 -0.184222 24.8963 0 0 0 1 
Seq_Frame0088_ForcepToReference-SequenceTransformStatus = OK
Seq_Frame0088_Timestamp = 10.943
Seq_Frame0089_ForcepToReference-SequenceTransform =-0.285059 0.192823 0.938915 -10.8102 -0.274658 0.922048 -0.272747 317.405 -0.918316 -0.335629 -0.209878 25.5584 0 0 0 1 
Seq_Frame0089_ForcepToReference-SequenceTransformStatus = OK
Seq_Frame0089_Timestamp = 11.074
Seq_Frame0090_ForcepToReference-SequenceTransform =-0.259363 0.190203 0.946865 -8.94165 -0.130037 0.96461 -0.229387 320.973 -0.956986 -0.182622 -0.22545 20.6836 0 0 0 1 
Seq_Frame0090_ForcepToReference-SequenceTransformStatus = OK
Seq_Frame0090_Timestamp = 11.174
Seq_Frame0091_ForcepToReference-SequenceTransform =-0.25144 0.144441 0.957034 -8.62829 -0.00589498 0.988555 -0.150747 322.404 -0.967855 -0.0435455 -0.24771 18.702 0 0 0 1 
Seq_Frame0091_ForcepToReference-SequenceTransformStatus = OK
Seq_Frame0091_Timestamp = 11.275
Seq_Frame0092_ForcepToReference-SequenceTransform =-0.257194 0.121507 0.958691 -9.35517 0.000180374 0.99207 -0.125689 324.244 -0.96636 -0.0321535 -0.255176 19.2203 0 0 0 1 
Seq_Frame0092_ForcepToReference-SequenceTransformStatus = OK
Seq_Frame0092_Timestamp = 11.378
Seq_Frame0093_ForcepToReference-SequenceTransform =-0.263621 0.13904 0.954553 -10.0272 -0.0713692 0.984034 -0.163044 325.82 -0.961983 -0.111108 -0.249489 20.7197 0 0 0 1 
Seq_Frame0093_ForcepToReference-SequenceTransformStatus = OK
Seq_Frame0093_Timestamp = 11.479
Seq_Frame0094_ForcepToReference-SequenceTransform =-0.25097 0.0802426 0.964663 -9.80957 0.0341578 0.996672 -0.0740185 325.411 -0.967392 0.0143744 -0.252875 18.5985 0 0 0 1 
Seq_Frame0094_ForcepToReference-SequenceTransformStatus = OK
Seq_Frame0094_Timestamp = 11.579
Seq_Frame0095_ForcepToReference-SequenceTransform =-0.24798 0.138678 0.958788 -10.4422 -0.13923 0.974325 -0.176936 327.282 -0.958708 -0.177369 -0.222305 22.3687 0 0 0 1 
Seq_Frame0095_ForcepToReference-SequenceTransformStatus = OK
Seq_Frame0095_Timestamp = 11.68
Seq_Frame0096_ForcepToReference-SequenceTransform =-0.243049 0.103262 0.964502 -10.2116 -0.0321647 0.992913 -0.114409 327.762 -0.969481 -0.0588298 -0.238005 20.4153 0 0 0 1 
Seq_Frame0096_ForcepToReference-SequenceTransformStatus = OK
Seq_Frame0096_Timestamp = 11.784
Seq_Frame0097_ForcepToReference-SequenceTransform =-0.243153 0.133519 0.960755 -10.3574 -0.147078 0.973954 -0.172576 328.425 -0.958773 -0.183268 -0.217182 23.8278 0 0 0 1 
Seq_Frame0097_ForcepToReference-SequenceTransformStatus = OK
Seq_Frame0097_Timestamp = 11.885
Seq_Frame0098_ForcepToReference-SequenceTransform =-0.250515 0.123533 0.960199 -10.9694 -0.154242 0.974064 -0.165558 328.72 -0.955747 -0.189578 -0.224963 23.8715 0 0 0 1 
Seq_Frame0098_ForcepToReference-SequenceTransformStatus = OK
Seq_Frame0098_Timestamp = 11.989
Seq_Frame0099_ForcepToReference-SequenceTransform =-0.249644 0.118047 0.961115 -11.1421 -0.161485 0.973567 -0.161522 329.197 -0.954778 -0.195529 -0.223982 24.0979 0 0 0 1 
Seq_Frame0099_ForcepToReference-SequenceTransformStatus = OK
Seq_Frame0099_Timestamp = 12.089
Seq_Frame0100_ForcepToReference-SequenceTransform =-0.254716 0.114408 0.960224 -11.3365 -0.164051 0.973471 -0.159503 329.318 -0.952999 -0.198153 -0.22919 24.5184 0 0 0 1 
Seq_Frame0100_ForcepToReference-SequenceTransformStatus = OK
Seq_Frame0100_Timestamp = 12.193
Seq_Frame0101_ForcepToReference-SequenceTransform =-0.240116 0.112346 0.964221 -11.6533 -0.158905 0.975333 -0.153213 329.379 -0.95765 -0.190008 -0.21634 25.122 0 0 0 1 
Seq_Frame0101_ForcepToReference-SequenceTransformStatus = OK
Seq_Frame0101_Timestamp = 12.298
Seq_Frame0102_ForcepToReference-SequenceTransform =-0.245077 0.109584 0.963291 -12.09 -0.176015 0.97205 -0.155361 329.298 -0.953392 -0.207629 -0.218939 25.3917 0 0 0 1 
Seq_Frame0102_ForcepToReference-SequenceTransformStatus = OK
Seq_Frame0102_Timestamp = 12.399
Seq_Frame0103_ForcepToReference-SequenceTransform =-0.24463 0.106634 0.963735 -12.1047 -0.167231 0.9744 -0.150263 329.988 -0.955086 -0.197925 -0.220535 24.7953 0 0 0 1 
Seq_Frame0103_ForcepToReference-SequenceTransformStatus = OK
Seq_Frame0103_Timestamp = 12.509
Seq_Frame0104_ForcepToReference-SequenceTransform =-0.242074 0.10863 0.964158 -11.5619 -0.153333 0.976943 -0.148568 330.621 -0.958065 -0.183801 -0.219836 25.101 0 0 0 1 
Seq_Frame0104_ForcepToReference-SequenceTransformStatus = OK
Seq_Frame0104_Timestamp = 12.609
Seq_Frame0105_ForcepToReference-SequenceTransform =-0.240521 0.105969 0.964842 -11.9633 -0.158905 0.976313 -0.146842 330.406 -0.957548 -0.188637 -0.217985 25.0655 0 0 0 1 
Seq_Frame0105_ForcepToReference-SequenceTransformStatus = OK
Seq_Frame0105_Timestamp = 12.71
Seq_Frame0106_ForcepToReference-SequenceTransform =-0.244026 0.103013 0.964282 -12.3989 -0.176623 0.97299 -0.148641 331.125 -0.953549 -0.206587 -0.21924 25.9432 0 0 0 1 
Seq_Frame0106_ForcepToReference-SequenceTransformStatus = OK
Seq_Frame0106_Timestamp = 12.814
Seq_Frame0107_ForcepToReference-SequenceTransform =-0.242124 0.102738 0.964791 -12.9199 -0.154643 0.97758 -0.142909 331.237 -0.957842 -0.183799 -0.220807 25.9626 0 0 0 1 
Seq_Frame0107_ForcepToReference-SequenceTransformStatus = OK
Seq_Frame0107_Timestamp = 12.914
Seq_Frame0108_ForcepToReference-SequenceTransform =-0.239736 0.102542 0.965408 -13.0133 -0.15837 0.976956 -0.143096 331.05 -0.957834 -0.187197 -0.217971 26.2841 0 0 0 1 
Seq_Frame0108_ForcepToReference-SequenceTransformStatus = OK
Seq_Frame0108_Timestamp = 13.015
Seq_Frame0109_ForcepToReference-SequenceTransform =-0.247503 0.102871 0.96341 -12.6879 -0.164856 0.975377 -0.146501 329.685 -0.954759 -0.195084 -0.22445 26.2979 0 0 0 1 
Seq_Frame0109_ForcepToReference-SequenceTransformStatus = OK
Seq_Frame0109_Timestamp = 13.124
Seq_Frame0110_ForcepToReference-SequenceTransform =-0.244058 0.111155 0.963369 -13.4515 -0.15224 0.9767 -0.151261 328.432 -0.957736 -0.183579 -0.22145 25.3508 0 0 0 1 
Seq_Frame0110_ForcepToReference-SequenceTransformStatus = OK
Seq_Frame0110_Timestamp = 13.234
Seq_Frame0111_ForcepToReference-SequenceTransform =-0.263385 0.169407 0.9497 -15.0551 -0.134267 0.968441 -0.209987 326.092 -0.955302 -0.18282 -0.232327 22.9883 0 0 0 1 
Seq_Frame0111_ForcepToReference-SequenceTransformStatus = OK
Seq_Frame0111_Timestamp = 13.339
Seq_Frame0112_ForcepToReference-SequenceTransform =-0.238134 0.211381 0.947951 -26.3886 -0.193979 0.946013 -0.259678 319.544 -0.951664 -0.24572 -0.184274 11.7469 0 0 0 1 
Seq_Frame0112_ForcepToReference-SequenceTransformStatus = OK
Seq_Frame0112_Timestamp = 13.449
Seq_Frame0113_ForcepToReference-SequenceTransform =-0.299259 0.169371 0.93902 -58.0868 -0.208953 0.9486 -0.237691 311.693 -0.931012 -0.267342 -0.248486 -8.38316 0 0 0 1 
Seq_Frame0113_ForcepToReference-SequenceTransformStatus = OK
Seq_Frame0113_Timestamp = 13.554
Seq_Frame0114_ForcepToReference-SequenceTransform =-0.345535 0.116439 0.931154 -86.773 -0.167222 0.96875 -0.183193 299.186 -0.923387 -0.219009 -0.315266 -21.2074 0 0 0 1 
Seq_Frame0114_ForcepToReference-SequenceTransformStatus = OK
Seq_Frame0114_Timestamp = 13.664
Seq_Frame0115_ForcepToReference-SequenceTransform =-0.366224 0.159977 0.916672 -88.75 -0.15756 0.960225 -0.230525 285.4 -0.91709 -0.228855 -0.326452 -11.7142 0 0 0 1 
Seq_Frame0115_ForcepToReference-SequenceTransformStatus = OK
Seq_Frame0115_Timestamp = 13.774
Seq_Frame0116_ForcepToReference-SequenceTransform =-0.314872 0.118521 0.941705 -90.9627 -0.0732493 0.986179 -0.14861 299.821 -0.946303 -0.115773 -0.301839 18.2206 0 0 0 1 
Seq_Frame0116_ForcepToReference-SequenceTransformStatus = OK
Seq_Frame0116_Timestamp = 13.879
Seq_Frame0117_ForcepToReference-SequenceTransform =-0.258756 -0.0210356 0.965714 -88.5449 0.0180102 0.999484 0.0265969 323.997 -0.965775 0.0242748 -0.258243 58.0917 0 0 0 1 
Seq_Frame0117_ForcepToReference-SequenceTransformStatus = OK
Seq_Frame0117_Timestamp = 13.98
Seq_Frame0118_ForcepToReference-SequenceTransform =-0.302964 -0.0460117 0.951891 -75.9337 0.0188441 0.998349 0.0542551 332.984 -0.952816 0.0343749 -0.301597 99.7635 0 0 0 1 
Seq_Frame0118_ForcepToReference-SequenceTransformStatus = OK
Seq_Frame0118_Timestamp = 14.084
Seq_Frame0119_ForcepToReference-SequenceTransform =-0.336587 -0.0909314 0.937252 -65.7135 -0.122157 0.991132 0.0522896 321.571 -0.933695 -0.0968921 -0.34471 100.584 0 0 0 1 
Seq_Frame0119_ForcepToReference-SequenceTransformStatus = OK
Seq_Frame0119_Timestamp = 14.194
Seq_Frame0120_ForcepToReference-SequenceTransform =-0.287272 -0.133992 0.948431 -75.3453 -0.115637 0.987777 0.104526 325.229 -0.950843 -0.0796464 -0.299255 95.6703 0 0 0 1 
Seq_Frame0120_ForcepToReference-SequenceTransformStatus = OK
Seq_Frame0120_Timestamp = 14.299
Seq_Frame0121_ForcepToReference-SequenceTransform =-0.216678 -0.281973 0.934635 -91.5623 -0.056471 0.959396 0.276352 320.279 -0.974608 0.00709969 -0.223804 73.2265 0 0 0 1 
Seq_Frame0121_ForcepToReference-SequenceTransformStatus = OK
Seq_Frame0121_Timestamp = 14.4
Seq_Frame0122_ForcepToReference-SequenceTransform =-0.0731924 -0.392591 0.916796 -88.4333 0.0955401 0.912274 0.398282 318.638 -0.992731 0.116742 -0.0292634 71.2057 0 0 0 1 
Seq_Frame0122_ForcepToReference-SequenceTransformStatus = OK
Seq_Frame0122_Timestamp = 14.509
Seq_Frame0123_ForcepToReference-SequenceTransform =-0.203125 -0.232048 0.951259 -59.5145 -0.126883 0.969559 0.209418 308.803 -0.970897 -0.0781604 -0.226385 58.7854 0 0 0 1 
Seq_Frame0123_ForcepToReference-SequenceTransformStatus = OK
Seq_Frame0123_Timestamp = 14.61
Seq_Frame0124_ForcepToReference-SequenceTransform =-0.697065 -0.368272 -0.615204 -36.9733 0.715238 -0.417396 -0.560549 310.497 -0.0503488 -0.830756 0.554355 76.9709 0 0 0 1 
Seq_Frame0124_ForcepToReference-SequenceTransformStatus = OK
Seq_Frame0124_Timestamp = 14.714
Seq_Frame0125_ForcepToReference-SequenceTransform =-0.464306 -0.285034 -0.838556 -20.0367 0.828444 -0.474595 -0.297388 300.342 -0.313209 -0.832776 0.456492 105.024 0 0 0 1 
Seq_Frame0125_ForcepToReference-SequenceTransformStatus = OK
Seq_Frame0125_Timestamp = 15.438
Seq_Frame0126_ForcepToReference-SequenceTransform =-0.616893 -0.413513 -0.669665 -30.8912 0.784057 -0.39698 -0.477138 300.236 -0.0685406 -0.819399 0.569112 88.5484 0 0 0 1 
Seq_Frame0126_ForcepToReference-SequenceTransformStatus = OK
Seq_Frame0126_Timestamp = 16.169
Seq_Frame0127_ForcepToReference-SequenceTransform =-0.00349217 0.00877762 0.999955 -33.7929 -0.204976 0.978723 -0.00930709 301.68 -0.978761 -0.204999 -0.00161866 78.3049 0 0 0 1 
Seq_Frame0127_ForcepToReference-SequenceTransformStatus = OK
Seq_Frame0127_Timestamp = 16.274
Seq_Frame0128_ForcepToReference-SequenceTransform =-0.439452 -0.704961 -0.556697 -36.5842 0.898266 -0.345338 -0.271773 297.391 -0.000659026 -0.619493 0.785002 71.3285 0 0 0 1 
Seq_Frame0128_ForcepToReference-SequenceTransformStatus = OK
Seq_Frame0128_Timestamp = 16.459
Seq_Frame0129_ForcepToReference-SequenceTransform =-0.164351 -0.985258 -0.0474878 -44.7284 0.978695 -0.156872 -0.132467 299.958 0.123065 -0.0682472 0.990049 67.1019 0 0 0 1 
Seq_Frame0129_ForcepToReference-SequenceTransformStatus = OK
Seq_Frame0129_Timestamp = 16.714
Seq_Frame0130_ForcepToReference-SequenceTransform =-0.287484 -0.956684 -0.0459239 -63.7222 0.926097 -0.265421 -0.268134 310.462 0.244331 -0.119614 0.962286 80.8989 0 0 0 1 
Seq_Frame0130_ForcepToReference-SequenceTransformStatus = OK
Seq_Frame0130_Timestamp = 17.079
Seq_Frame0131_ForcepToReference-SequenceTransform =-0.298873 -0.952653 -0.0559168 -63.9485 0.911858 -0.267813 -0.311113 313.039 0.281407 -0.143971 0.948727 85.5227 0 0 0 1 
Seq_Frame0131_ForcepToReference-SequenceTransformStatus = OK
Seq_Frame0131_Timestamp = 17.192
Seq_Frame0132_ForcepToReference-SequenceTransform =-0.291606 -0.954602 -0.0608347 -64.032 0.913306 -0.258959 -0.314344 312.267 0.28432 -0.147225 0.947358 85.434 0 0 0 1 
Seq_Frame0132_ForcepToReference-SequenceTransformStatus = OK
Seq_Frame0132_Timestamp = 17.299
Seq_Frame0133_ForcepToReference-SequenceTransform =-0.273188 -0.960013 -0.0611865 -63.6343 0.913646 -0.239038 -0.328804 313.115 0.301031 -0.145728 0.942414 87.2374 0 0 0 1 
Seq_Frame0133_ForcepToReference-SequenceTransformStatus = OK
Seq_Frame0133_Timestamp = 17.4
Seq_Frame0134_ForcepToReference-SequenceTransform =-0.273045 -0.958729 -0.0792715 -62.8985 0.91686 -0.234402 -0.323148 314.205 0.29123 -0.160915 0.943023 87.8841 0 0 0 1 
Seq_Frame0134_ForcepToReference-SequenceTransformStatus = OK
Seq_Frame0134_Timestamp = 17.5
Seq_Frame0135_ForcepToReference-SequenceTransform =-0.259064 -0.964138 -0.0576503 -62.3034 0.919985 -0.228142 -0.318715 314.821 0.294133 -0.135605 0.946096 88.7009 0 0 0 1 
Seq_Frame0135_ForcepToReference-SequenceTransformStatus = OK
Seq_Frame0135_Timestamp = 17.605
Seq_Frame0136_ForcepToReference-SequenceTransform =-0.262928 -0.961873 -0.0752985 -61.456 0.915101 -0.22389 -0.335356 316.261 0.305711 -0.15708 0.939077 90.8473 0 0 0 1 
Seq_Frame0136_ForcepToReference-SequenceTransformStatus = OK
Seq_Frame0136_Timestamp = 17.714
Seq_Frame0137_ForcepToReference-SequenceTransform =-0.261409 -0.961446 -0.0853676 -61.3982 0.917086 -0.219814 -0.332619 316.992 0.30103 -0.165239 0.939189 91.9517 0 0 0 1 
Seq_Frame0137_ForcepToReference-SequenceTransformStatus = OK
Seq_Frame0137_Timestamp = 17.815
Seq_Frame0138_ForcepToReference-SequenceTransform =-0.244322 -0.967516 -0.0649616 -62.0782 0.910812 -0.205983 -0.357759 317.485 0.332757 -0.146576 0.931552 92.5937 0 0 0 1 
Seq_Frame0138_ForcepToReference-SequenceTransformStatus = OK
Seq_Frame0138_Timestamp = 17.915
Seq_Frame0139_ForcepToReference-SequenceTransform =-0.243382 -0.967911 -0.0625515 -62.6316 0.912473 -0.206621 -0.353129 317.904 0.328874 -0.143022 0.933481 92.3649 0 0 0 1 
Seq_Frame0139_ForcepToReference-SequenceTransformStatus = OK
Seq_Frame0139_Timestamp = 18.019
Seq_Frame0140_ForcepToReference-SequenceTransform =-0.239902 -0.969098 -0.0574044 -62.883 0.914398 -0.205708 -0.348656 317.812 0.326073 -0.136134 0.935491 92.6261 0 0 0 1 
Seq_Frame0140_ForcepToReference-SequenceTransformStatus = OK
Seq_Frame0140_Timestamp = 18.12
Seq_Frame0141_ForcepToReference-SequenceTransform =-0.238514 -0.969451 -0.0572269 -62.8289 0.910717 -0.202824 -0.359802 318.225 0.337204 -0.137935 0.931272 93.6258 0 0 0 1 
Seq_Frame0141_ForcepToReference-SequenceTransformStatus = OK
Seq_Frame0141_Timestamp = 18.229
Seq_Frame0142_ForcepToReference-SequenceTransform =-0.231042 -0.971636 -0.0504331 -62.823 0.908447 -0.196877 -0.368732 318.195 0.348344 -0.131008 0.928167 94.2202 0 0 0 1 
Seq_Frame0142_ForcepToReference-SequenceTransformStatus = OK
Seq_Frame0142_Timestamp = 18.334
Seq_Frame0143_ForcepToReference-SequenceTransform =-0.231741 -0.971494 -0.049956 -63.0778 0.909017 -0.197979 -0.366732 318.151 0.346388 -0.130398 0.928984 94.7942 0 0 0 1 
Seq_Frame0143_ForcepToReference-SequenceTransformStatus = OK
Seq_Frame0143_Timestamp = 18.439
Seq_Frame0144_ForcepToReference-SequenceTransform =-0.224068 -0.973714 -0.0409197 -63.4142 0.9121 -0.194729 -0.360768 318.458 0.343316 -0.118159 0.931758 95.806 0 0 0 1 
Seq_Frame0144_ForcepToReference-SequenceTransformStatus = OK
Seq_Frame0144_Timestamp = 18.539
Seq_Frame0145_ForcepToReference-SequenceTransform =-0.204243 -0.978551 -0.0268911 -63.3333 0.911614 -0.180118 -0.369483 319.249 0.356714 -0.0999784 0.928848 97.2688 0 0 0 1 
Seq_Frame0145_ForcepToReference-SequenceTransformStatus = OK
Seq_Frame0145_Timestamp = 18.644
Seq_Frame0146_ForcepToReference-SequenceTransform =-0.187953 -0.982039 -0.0165208 -63.4266 0.914516 -0.168845 -0.36763 320.495 0.358238 -0.0842056 0.929825 100.03 0 0 0 1 
Seq_Frame0146_ForcepToReference-SequenceTransformStatus = OK
Seq_Frame0146_Timestamp = 18.746
Seq_Frame0147_ForcepToReference-SequenceTransform =-0.183382 -0.983033 -0.00410756 -65.895 0.904906 -0.167172 -0.391406 324.368 0.384079 -0.0754936 0.920209 103.114 0 0 0 1 
Seq_Frame0147_ForcepToReference-SequenceTransformStatus = OK
Seq_Frame0147_Timestamp = 18.849
Seq_Frame0148_ForcepToReference-SequenceTransform =-0.256797 -0.964046 0.0683353 -83.1003 0.852562 -0.259266 -0.453783 330.107 0.455185 -0.0582699 0.888488 100.978 0 0 0 1 
Seq_Frame0148_ForcepToReference-SequenceTransformStatus = OK
Seq_Frame0148_Timestamp = 18.951
Seq_Frame0149_ForcepToReference-SequenceTransform =-0.326155 -0.944058 0.04877 -93.6355 0.863042 -0.318423 -0.39213 322.775 0.385722 -0.0858043 0.918616 82.9592 0 0 0 1 
Seq_Frame0149_ForcepToReference-SequenceTransformStatus = OK
Seq_Frame0149_Timestamp = 19.054
