ObjectType = Image
NDims = 3
AnatomicalOrientation = RAI
BinaryData = True
CompressedData = False
DimSize = 0 0 1294
ElementSpacing = 1 1 1
Offset = 0 0 0
TransformMatrix = 1 0 0 0 1 0 0 0 1
ElementType = MET_UCHAR
Kinds = domain domain list
Seq_Frame0000_DriverTipToDriver-SequenceTransform =0.967846 3.03577e-17 -0.251544 12.993 -0.25151 -0.0162913 -0.967718 -77.3729 -0.00409798 0.999867 -0.0157675 -11.5659 0 0 0 1 
Seq_Frame0000_DriverTipToDriver-SequenceTransformStatus = OK
Seq_Frame0000_Timestamp = 0.00200009
Seq_Frame0001_DriverTipToDriver-SequenceTransform =0.967846 3.03577e-17 -0.251544 12.993 -0.25151 -0.0162913 -0.967718 -77.3729 -0.00409798 0.999867 -0.0157675 -11.5659 0 0 0 1 
Seq_Frame0001_DriverTipToDriver-SequenceTransformStatus = OK
Seq_Frame0001_Timestamp = 0.107
Seq_Frame0002_DriverTipToDriver-SequenceTransform =0.967846 3.03577e-17 -0.251544 12.993 -0.25151 -0.0162913 -0.967718 -77.3729 -0.00409798 0.999867 -0.0157675 -11.5659 0 0 0 1 
Seq_Frame0002_DriverTipToDriver-SequenceTransformStatus = OK
Seq_Frame0002_Timestamp = 0.223
Seq_Frame0003_DriverTipToDriver-SequenceTransform =0.967846 3.03577e-17 -0.251544 12.993 -0.25151 -0.0162913 -0.967718 -77.3729 -0.00409798 0.999867 -0.0157675 -11.5659 0 0 0 1 
Seq_Frame0003_DriverTipToDriver-SequenceTransformStatus = OK
Seq_Frame0003_Timestamp = 0.337
Seq_Frame0004_DriverTipToDriver-SequenceTransform =0.967846 3.03577e-17 -0.251544 12.993 -0.25151 -0.0162913 -0.967718 -77.3729 -0.00409798 0.999867 -0.0157675 -11.5659 0 0 0 1 
Seq_Frame0004_DriverTipToDriver-SequenceTransformStatus = OK
Seq_Frame0004_Timestamp = 0.441
Seq_Frame0005_DriverTipToDriver-SequenceTransform =0.967846 3.03577e-17 -0.251544 12.993 -0.25151 -0.0162913 -0.967718 -77.3729 -0.00409798 0.999867 -0.0157675 -11.5659 0 0 0 1 
Seq_Frame0005_DriverTipToDriver-SequenceTransformStatus = OK
Seq_Frame0005_Timestamp = 0.547
Seq_Frame0006_DriverTipToDriver-SequenceTransform =0.967846 3.03577e-17 -0.251544 12.993 -0.25151 -0.0162913 -0.967718 -77.3729 -0.00409798 0.999867 -0.0157675 -11.5659 0 0 0 1 
Seq_Frame0006_DriverTipToDriver-SequenceTransformStatus = OK
Seq_Frame0006_Timestamp = 0.652
Seq_Frame0007_DriverTipToDriver-SequenceTransform =0.967846 3.03577e-17 -0.251544 12.993 -0.25151 -0.0162913 -0.967718 -77.3729 -0.00409798 0.999867 -0.0157675 -11.5659 0 0 0 1 
Seq_Frame0007_DriverTipToDriver-SequenceTransformStatus = OK
Seq_Frame0007_Timestamp = 0.757
Seq_Frame0008_DriverTipToDriver-SequenceTransform =0.967846 3.03577e-17 -0.251544 12.993 -0.25151 -0.0162913 -0.967718 -77.3729 -0.00409798 0.999867 -0.0157675 -11.5659 0 0 0 1 
Seq_Frame0008_DriverTipToDriver-SequenceTransformStatus = OK
Seq_Frame0008_Timestamp = 0.861
Seq_Frame0009_DriverTipToDriver-SequenceTransform =0.967846 3.03577e-17 -0.251544 12.993 -0.25151 -0.0162913 -0.967718 -77.3729 -0.00409798 0.999867 -0.0157675 -11.5659 0 0 0 1 
Seq_Frame0009_DriverTipToDriver-SequenceTransformStatus = OK
Seq_Frame0009_Timestamp = 0.971
Seq_Frame0010_DriverTipToDriver-SequenceTransform =0.967846 3.03577e-17 -0.251544 12.993 -0.25151 -0.0162913 -0.967718 -77.3729 -0.00409798 0.999867 -0.0157675 -11.5659 0 0 0 1 
Seq_Frame0010_DriverTipToDriver-SequenceTransformStatus = OK
Seq_Frame0010_Timestamp = 1.077
Seq_Frame0011_DriverTipToDriver-SequenceTransform =0.967846 3.03577e-17 -0.251544 12.993 -0.25151 -0.0162913 -0.967718 -77.3729 -0.00409798 0.999867 -0.0157675 -11.5659 0 0 0 1 
Seq_Frame0011_DriverTipToDriver-SequenceTransformStatus = OK
Seq_Frame0011_Timestamp = 1.186
Seq_Frame0012_DriverTipToDriver-SequenceTransform =0.967846 3.03577e-17 -0.251544 12.993 -0.25151 -0.0162913 -0.967718 -77.3729 -0.00409798 0.999867 -0.0157675 -11.5659 0 0 0 1 
Seq_Frame0012_DriverTipToDriver-SequenceTransformStatus = OK
Seq_Frame0012_Timestamp = 1.292
Seq_Frame0013_DriverTipToDriver-SequenceTransform =0.967846 3.03577e-17 -0.251544 12.993 -0.25151 -0.0162913 -0.967718 -77.3729 -0.00409798 0.999867 -0.0157675 -11.5659 0 0 0 1 
Seq_Frame0013_DriverTipToDriver-SequenceTransformStatus = OK
Seq_Frame0013_Timestamp = 1.398
Seq_Frame0014_DriverTipToDriver-SequenceTransform =0.967846 3.03577e-17 -0.251544 12.993 -0.25151 -0.0162913 -0.967718 -77.3729 -0.00409798 0.999867 -0.0157675 -11.5659 0 0 0 1 
Seq_Frame0014_DriverTipToDriver-SequenceTransformStatus = OK
Seq_Frame0014_Timestamp = 1.506
Seq_Frame0015_DriverTipToDriver-SequenceTransform =0.967846 3.03577e-17 -0.251544 12.993 -0.25151 -0.0162913 -0.967718 -77.3729 -0.00409798 0.999867 -0.0157675 -11.5659 0 0 0 1 
Seq_Frame0015_DriverTipToDriver-SequenceTransformStatus = OK
Seq_Frame0015_Timestamp = 1.612
Seq_Frame0016_DriverTipToDriver-SequenceTransform =0.967846 3.03577e-17 -0.251544 12.993 -0.25151 -0.0162913 -0.967718 -77.3729 -0.00409798 0.999867 -0.0157675 -11.5659 0 0 0 1 
Seq_Frame0016_DriverTipToDriver-SequenceTransformStatus = OK
Seq_Frame0016_Timestamp = 1.721
Seq_Frame0017_DriverTipToDriver-SequenceTransform =0.967846 3.03577e-17 -0.251544 12.993 -0.25151 -0.0162913 -0.967718 -77.3729 -0.00409798 0.999867 -0.0157675 -11.5659 0 0 0 1 
Seq_Frame0017_DriverTipToDriver-SequenceTransformStatus = OK
Seq_Frame0017_Timestamp = 1.827
Seq_Frame0018_DriverTipToDriver-SequenceTransform =0.967846 3.03577e-17 -0.251544 12.993 -0.25151 -0.0162913 -0.967718 -77.3729 -0.00409798 0.999867 -0.0157675 -11.5659 0 0 0 1 
Seq_Frame0018_DriverTipToDriver-SequenceTransformStatus = OK
Seq_Frame0018_Timestamp = 1.937
Seq_Frame0019_DriverTipToDriver-SequenceTransform =0.967846 3.03577e-17 -0.251544 12.993 -0.25151 -0.0162913 -0.967718 -77.3729 -0.00409798 0.999867 -0.0157675 -11.5659 0 0 0 1 
Seq_Frame0019_DriverTipToDriver-SequenceTransformStatus = OK
Seq_Frame0019_Timestamp = 2.056
Seq_Frame0020_DriverTipToDriver-SequenceTransform =0.967846 3.03577e-17 -0.251544 12.993 -0.25151 -0.0162913 -0.967718 -77.3729 -0.00409798 0.999867 -0.0157675 -11.5659 0 0 0 1 
Seq_Frame0020_DriverTipToDriver-SequenceTransformStatus = OK
Seq_Frame0020_Timestamp = 2.168
Seq_Frame0021_DriverTipToDriver-SequenceTransform =0.967846 3.03577e-17 -0.251544 12.993 -0.25151 -0.0162913 -0.967718 -77.3729 -0.00409798 0.999867 -0.0157675 -11.5659 0 0 0 1 
Seq_Frame0021_DriverTipToDriver-SequenceTransformStatus = OK
Seq_Frame0021_Timestamp = 2.282
Seq_Frame0022_DriverTipToDriver-SequenceTransform =0.967846 3.03577e-17 -0.251544 12.993 -0.25151 -0.0162913 -0.967718 -77.3729 -0.00409798 0.999867 -0.0157675 -11.5659 0 0 0 1 
Seq_Frame0022_DriverTipToDriver-SequenceTransformStatus = OK
Seq_Frame0022_Timestamp = 2.383
Seq_Frame0023_DriverTipToDriver-SequenceTransform =0.967846 3.03577e-17 -0.251544 12.993 -0.25151 -0.0162913 -0.967718 -77.3729 -0.00409798 0.999867 -0.0157675 -11.5659 0 0 0 1 
Seq_Frame0023_DriverTipToDriver-SequenceTransformStatus = OK
Seq_Frame0023_Timestamp = 2.492
Seq_Frame0024_DriverTipToDriver-SequenceTransform =0.967846 3.03577e-17 -0.251544 12.993 -0.25151 -0.0162913 -0.967718 -77.3729 -0.00409798 0.999867 -0.0157675 -11.5659 0 0 0 1 
Seq_Frame0024_DriverTipToDriver-SequenceTransformStatus = OK
Seq_Frame0024_Timestamp = 2.596
Seq_Frame0025_DriverTipToDriver-SequenceTransform =0.967846 3.03577e-17 -0.251544 12.993 -0.25151 -0.0162913 -0.967718 -77.3729 -0.00409798 0.999867 -0.0157675 -11.5659 0 0 0 1 
Seq_Frame0025_DriverTipToDriver-SequenceTransformStatus = OK
Seq_Frame0025_Timestamp = 2.702
Seq_Frame0026_DriverTipToDriver-SequenceTransform =0.967846 3.03577e-17 -0.251544 12.993 -0.25151 -0.0162913 -0.967718 -77.3729 -0.00409798 0.999867 -0.0157675 -11.5659 0 0 0 1 
Seq_Frame0026_DriverTipToDriver-SequenceTransformStatus = OK
Seq_Frame0026_Timestamp = 2.806
Seq_Frame0027_DriverTipToDriver-SequenceTransform =0.967846 3.03577e-17 -0.251544 12.993 -0.25151 -0.0162913 -0.967718 -77.3729 -0.00409798 0.999867 -0.0157675 -11.5659 0 0 0 1 
Seq_Frame0027_DriverTipToDriver-SequenceTransformStatus = OK
Seq_Frame0027_Timestamp = 2.911
Seq_Frame0028_DriverTipToDriver-SequenceTransform =0.967846 3.03577e-17 -0.251544 12.993 -0.25151 -0.0162913 -0.967718 -77.3729 -0.00409798 0.999867 -0.0157675 -11.5659 0 0 0 1 
Seq_Frame0028_DriverTipToDriver-SequenceTransformStatus = OK
Seq_Frame0028_Timestamp = 3.018
Seq_Frame0029_DriverTipToDriver-SequenceTransform =0.967846 3.03577e-17 -0.251544 12.993 -0.25151 -0.0162913 -0.967718 -77.3729 -0.00409798 0.999867 -0.0157675 -11.5659 0 0 0 1 
Seq_Frame0029_DriverTipToDriver-SequenceTransformStatus = OK
Seq_Frame0029_Timestamp = 3.126
Seq_Frame0030_DriverTipToDriver-SequenceTransform =0.967846 3.03577e-17 -0.251544 12.993 -0.25151 -0.0162913 -0.967718 -77.3729 -0.00409798 0.999867 -0.0157675 -11.5659 0 0 0 1 
Seq_Frame0030_DriverTipToDriver-SequenceTransformStatus = OK
Seq_Frame0030_Timestamp = 3.232
Seq_Frame0031_DriverTipToDriver-SequenceTransform =0.967846 3.03577e-17 -0.251544 12.993 -0.25151 -0.0162913 -0.967718 -77.3729 -0.00409798 0.999867 -0.0157675 -11.5659 0 0 0 1 
Seq_Frame0031_DriverTipToDriver-SequenceTransformStatus = OK
Seq_Frame0031_Timestamp = 3.337
Seq_Frame0032_DriverTipToDriver-SequenceTransform =0.967846 3.03577e-17 -0.251544 12.993 -0.25151 -0.0162913 -0.967718 -77.3729 -0.00409798 0.999867 -0.0157675 -11.5659 0 0 0 1 
Seq_Frame0032_DriverTipToDriver-SequenceTransformStatus = OK
Seq_Frame0032_Timestamp = 3.442
Seq_Frame0033_DriverTipToDriver-SequenceTransform =0.967846 3.03577e-17 -0.251544 12.993 -0.25151 -0.0162913 -0.967718 -77.3729 -0.00409798 0.999867 -0.0157675 -11.5659 0 0 0 1 
Seq_Frame0033_DriverTipToDriver-SequenceTransformStatus = OK
Seq_Frame0033_Timestamp = 3.553
Seq_Frame0034_DriverTipToDriver-SequenceTransform =0.967846 3.03577e-17 -0.251544 12.993 -0.25151 -0.0162913 -0.967718 -77.3729 -0.00409798 0.999867 -0.0157675 -11.5659 0 0 0 1 
Seq_Frame0034_DriverTipToDriver-SequenceTransformStatus = OK
Seq_Frame0034_Timestamp = 3.656
Seq_Frame0035_DriverTipToDriver-SequenceTransform =0.967846 3.03577e-17 -0.251544 12.993 -0.25151 -0.0162913 -0.967718 -77.3729 -0.00409798 0.999867 -0.0157675 -11.5659 0 0 0 1 
Seq_Frame0035_DriverTipToDriver-SequenceTransformStatus = OK
Seq_Frame0035_Timestamp = 3.762
Seq_Frame0036_DriverTipToDriver-SequenceTransform =0.967846 3.03577e-17 -0.251544 12.993 -0.25151 -0.0162913 -0.967718 -77.3729 -0.00409798 0.999867 -0.0157675 -11.5659 0 0 0 1 
Seq_Frame0036_DriverTipToDriver-SequenceTransformStatus = OK
Seq_Frame0036_Timestamp = 3.865
Seq_Frame0037_DriverTipToDriver-SequenceTransform =0.967846 3.03577e-17 -0.251544 12.993 -0.25151 -0.0162913 -0.967718 -77.3729 -0.00409798 0.999867 -0.0157675 -11.5659 0 0 0 1 
Seq_Frame0037_DriverTipToDriver-SequenceTransformStatus = OK
Seq_Frame0037_Timestamp = 3.972
Seq_Frame0038_DriverTipToDriver-SequenceTransform =0.967846 3.03577e-17 -0.251544 12.993 -0.25151 -0.0162913 -0.967718 -77.3729 -0.00409798 0.999867 -0.0157675 -11.5659 0 0 0 1 
Seq_Frame0038_DriverTipToDriver-SequenceTransformStatus = OK
Seq_Frame0038_Timestamp = 4.09
Seq_Frame0039_DriverTipToDriver-SequenceTransform =0.967846 3.03577e-17 -0.251544 12.993 -0.25151 -0.0162913 -0.967718 -77.3729 -0.00409798 0.999867 -0.0157675 -11.5659 0 0 0 1 
Seq_Frame0039_DriverTipToDriver-SequenceTransformStatus = OK
Seq_Frame0039_Timestamp = 4.202
Seq_Frame0040_DriverTipToDriver-SequenceTransform =0.967846 3.03577e-17 -0.251544 12.993 -0.25151 -0.0162913 -0.967718 -77.3729 -0.00409798 0.999867 -0.0157675 -11.5659 0 0 0 1 
Seq_Frame0040_DriverTipToDriver-SequenceTransformStatus = OK
Seq_Frame0040_Timestamp = 4.307
Seq_Frame0041_DriverTipToDriver-SequenceTransform =0.967846 3.03577e-17 -0.251544 12.993 -0.25151 -0.0162913 -0.967718 -77.3729 -0.00409798 0.999867 -0.0157675 -11.5659 0 0 0 1 
Seq_Frame0041_DriverTipToDriver-SequenceTransformStatus = OK
Seq_Frame0041_Timestamp = 4.412
Seq_Frame0042_DriverTipToDriver-SequenceTransform =0.967846 3.03577e-17 -0.251544 12.993 -0.25151 -0.0162913 -0.967718 -77.3729 -0.00409798 0.999867 -0.0157675 -11.5659 0 0 0 1 
Seq_Frame0042_DriverTipToDriver-SequenceTransformStatus = OK
Seq_Frame0042_Timestamp = 4.522
Seq_Frame0043_DriverTipToDriver-SequenceTransform =0.967846 3.03577e-17 -0.251544 12.993 -0.25151 -0.0162913 -0.967718 -77.3729 -0.00409798 0.999867 -0.0157675 -11.5659 0 0 0 1 
Seq_Frame0043_DriverTipToDriver-SequenceTransformStatus = OK
Seq_Frame0043_Timestamp = 4.624
Seq_Frame0044_DriverTipToDriver-SequenceTransform =0.967846 3.03577e-17 -0.251544 12.993 -0.25151 -0.0162913 -0.967718 -77.3729 -0.00409798 0.999867 -0.0157675 -11.5659 0 0 0 1 
Seq_Frame0044_DriverTipToDriver-SequenceTransformStatus = OK
Seq_Frame0044_Timestamp = 4.731
Seq_Frame0045_DriverTipToDriver-SequenceTransform =0.967846 3.03577e-17 -0.251544 12.993 -0.25151 -0.0162913 -0.967718 -77.3729 -0.00409798 0.999867 -0.0157675 -11.5659 0 0 0 1 
Seq_Frame0045_DriverTipToDriver-SequenceTransformStatus = OK
Seq_Frame0045_Timestamp = 4.836
Seq_Frame0046_DriverTipToDriver-SequenceTransform =0.967846 3.03577e-17 -0.251544 12.993 -0.25151 -0.0162913 -0.967718 -77.3729 -0.00409798 0.999867 -0.0157675 -11.5659 0 0 0 1 
Seq_Frame0046_DriverTipToDriver-SequenceTransformStatus = OK
Seq_Frame0046_Timestamp = 4.942
Seq_Frame0047_DriverTipToDriver-SequenceTransform =0.967846 3.03577e-17 -0.251544 12.993 -0.25151 -0.0162913 -0.967718 -77.3729 -0.00409798 0.999867 -0.0157675 -11.5659 0 0 0 1 
Seq_Frame0047_DriverTipToDriver-SequenceTransformStatus = OK
Seq_Frame0047_Timestamp = 5.046
Seq_Frame0048_DriverTipToDriver-SequenceTransform =0.967846 3.03577e-17 -0.251544 12.993 -0.25151 -0.0162913 -0.967718 -77.3729 -0.00409798 0.999867 -0.0157675 -11.5659 0 0 0 1 
Seq_Frame0048_DriverTipToDriver-SequenceTransformStatus = OK
Seq_Frame0048_Timestamp = 5.152
Seq_Frame0049_DriverTipToDriver-SequenceTransform =0.967846 3.03577e-17 -0.251544 12.993 -0.25151 -0.0162913 -0.967718 -77.3729 -0.00409798 0.999867 -0.0157675 -11.5659 0 0 0 1 
Seq_Frame0049_DriverTipToDriver-SequenceTransformStatus = OK
Seq_Frame0049_Timestamp = 5.256
Seq_Frame0050_DriverTipToDriver-SequenceTransform =0.967846 3.03577e-17 -0.251544 12.993 -0.25151 -0.0162913 -0.967718 -77.3729 -0.00409798 0.999867 -0.0157675 -11.5659 0 0 0 1 
Seq_Frame0050_DriverTipToDriver-SequenceTransformStatus = OK
Seq_Frame0050_Timestamp = 5.365
Seq_Frame0051_DriverTipToDriver-SequenceTransform =0.967846 3.03577e-17 -0.251544 12.993 -0.25151 -0.0162913 -0.967718 -77.3729 -0.00409798 0.999867 -0.0157675 -11.5659 0 0 0 1 
Seq_Frame0051_DriverTipToDriver-SequenceTransformStatus = OK
Seq_Frame0051_Timestamp = 5.471
Seq_Frame0052_DriverTipToDriver-SequenceTransform =0.967846 3.03577e-17 -0.251544 12.993 -0.25151 -0.0162913 -0.967718 -77.3729 -0.00409798 0.999867 -0.0157675 -11.5659 0 0 0 1 
Seq_Frame0052_DriverTipToDriver-SequenceTransformStatus = OK
Seq_Frame0052_Timestamp = 5.577
Seq_Frame0053_DriverTipToDriver-SequenceTransform =0.967846 3.03577e-17 -0.251544 12.993 -0.25151 -0.0162913 -0.967718 -77.3729 -0.00409798 0.999867 -0.0157675 -11.5659 0 0 0 1 
Seq_Frame0053_DriverTipToDriver-SequenceTransformStatus = OK
Seq_Frame0053_Timestamp = 5.686
Seq_Frame0054_DriverTipToDriver-SequenceTransform =0.967846 3.03577e-17 -0.251544 12.993 -0.25151 -0.0162913 -0.967718 -77.3729 -0.00409798 0.999867 -0.0157675 -11.5659 0 0 0 1 
Seq_Frame0054_DriverTipToDriver-SequenceTransformStatus = OK
Seq_Frame0054_Timestamp = 5.793
Seq_Frame0055_DriverTipToDriver-SequenceTransform =0.967846 3.03577e-17 -0.251544 12.993 -0.25151 -0.0162913 -0.967718 -77.3729 -0.00409798 0.999867 -0.0157675 -11.5659 0 0 0 1 
Seq_Frame0055_DriverTipToDriver-SequenceTransformStatus = OK
Seq_Frame0055_Timestamp = 5.898
Seq_Frame0056_DriverTipToDriver-SequenceTransform =0.967846 3.03577e-17 -0.251544 12.993 -0.25151 -0.0162913 -0.967718 -77.3729 -0.00409798 0.999867 -0.0157675 -11.5659 0 0 0 1 
Seq_Frame0056_DriverTipToDriver-SequenceTransformStatus = OK
Seq_Frame0056_Timestamp = 6.007
Seq_Frame0057_DriverTipToDriver-SequenceTransform =0.967846 3.03577e-17 -0.251544 12.993 -0.25151 -0.0162913 -0.967718 -77.3729 -0.00409798 0.999867 -0.0157675 -11.5659 0 0 0 1 
Seq_Frame0057_DriverTipToDriver-SequenceTransformStatus = OK
Seq_Frame0057_Timestamp = 6.117
Seq_Frame0058_DriverTipToDriver-SequenceTransform =0.967846 3.03577e-17 -0.251544 12.993 -0.25151 -0.0162913 -0.967718 -77.3729 -0.00409798 0.999867 -0.0157675 -11.5659 0 0 0 1 
Seq_Frame0058_DriverTipToDriver-SequenceTransformStatus = OK
Seq_Frame0058_Timestamp = 6.222
Seq_Frame0059_DriverTipToDriver-SequenceTransform =0.967846 3.03577e-17 -0.251544 12.993 -0.25151 -0.0162913 -0.967718 -77.3729 -0.00409798 0.999867 -0.0157675 -11.5659 0 0 0 1 
Seq_Frame0059_DriverTipToDriver-SequenceTransformStatus = OK
Seq_Frame0059_Timestamp = 6.326
Seq_Frame0060_DriverTipToDriver-SequenceTransform =0.967846 3.03577e-17 -0.251544 12.993 -0.25151 -0.0162913 -0.967718 -77.3729 -0.00409798 0.999867 -0.0157675 -11.5659 0 0 0 1 
Seq_Frame0060_DriverTipToDriver-SequenceTransformStatus = OK
Seq_Frame0060_Timestamp = 6.437
Seq_Frame0061_DriverTipToDriver-SequenceTransform =0.967846 3.03577e-17 -0.251544 12.993 -0.25151 -0.0162913 -0.967718 -77.3729 -0.00409798 0.999867 -0.0157675 -11.5659 0 0 0 1 
Seq_Frame0061_DriverTipToDriver-SequenceTransformStatus = OK
Seq_Frame0061_Timestamp = 6.543
Seq_Frame0062_DriverTipToDriver-SequenceTransform =0.967846 3.03577e-17 -0.251544 12.993 -0.25151 -0.0162913 -0.967718 -77.3729 -0.00409798 0.999867 -0.0157675 -11.5659 0 0 0 1 
Seq_Frame0062_DriverTipToDriver-SequenceTransformStatus = OK
Seq_Frame0062_Timestamp = 6.652
Seq_Frame0063_DriverTipToDriver-SequenceTransform =0.967846 3.03577e-17 -0.251544 12.993 -0.25151 -0.0162913 -0.967718 -77.3729 -0.00409798 0.999867 -0.0157675 -11.5659 0 0 0 1 
Seq_Frame0063_DriverTipToDriver-SequenceTransformStatus = OK
Seq_Frame0063_Timestamp = 6.756
Seq_Frame0064_DriverTipToDriver-SequenceTransform =0.967846 3.03577e-17 -0.251544 12.993 -0.25151 -0.0162913 -0.967718 -77.3729 -0.00409798 0.999867 -0.0157675 -11.5659 0 0 0 1 
Seq_Frame0064_DriverTipToDriver-SequenceTransformStatus = OK
Seq_Frame0064_Timestamp = 6.862
Seq_Frame0065_DriverTipToDriver-SequenceTransform =0.967846 3.03577e-17 -0.251544 12.993 -0.25151 -0.0162913 -0.967718 -77.3729 -0.00409798 0.999867 -0.0157675 -11.5659 0 0 0 1 
Seq_Frame0065_DriverTipToDriver-SequenceTransformStatus = OK
Seq_Frame0065_Timestamp = 6.967
Seq_Frame0066_DriverTipToDriver-SequenceTransform =0.967846 3.03577e-17 -0.251544 12.993 -0.25151 -0.0162913 -0.967718 -77.3729 -0.00409798 0.999867 -0.0157675 -11.5659 0 0 0 1 
Seq_Frame0066_DriverTipToDriver-SequenceTransformStatus = OK
Seq_Frame0066_Timestamp = 7.071
Seq_Frame0067_DriverTipToDriver-SequenceTransform =0.967846 3.03577e-17 -0.251544 12.993 -0.25151 -0.0162913 -0.967718 -77.3729 -0.00409798 0.999867 -0.0157675 -11.5659 0 0 0 1 
Seq_Frame0067_DriverTipToDriver-SequenceTransformStatus = OK
Seq_Frame0067_Timestamp = 7.177
Seq_Frame0068_DriverTipToDriver-SequenceTransform =0.967846 3.03577e-17 -0.251544 12.993 -0.25151 -0.0162913 -0.967718 -77.3729 -0.00409798 0.999867 -0.0157675 -11.5659 0 0 0 1 
Seq_Frame0068_DriverTipToDriver-SequenceTransformStatus = OK
Seq_Frame0068_Timestamp = 7.286
Seq_Frame0069_DriverTipToDriver-SequenceTransform =0.967846 3.03577e-17 -0.251544 12.993 -0.25151 -0.0162913 -0.967718 -77.3729 -0.00409798 0.999867 -0.0157675 -11.5659 0 0 0 1 
Seq_Frame0069_DriverTipToDriver-SequenceTransformStatus = OK
Seq_Frame0069_Timestamp = 7.392
Seq_Frame0070_DriverTipToDriver-SequenceTransform =0.967846 3.03577e-17 -0.251544 12.993 -0.25151 -0.0162913 -0.967718 -77.3729 -0.00409798 0.999867 -0.0157675 -11.5659 0 0 0 1 
Seq_Frame0070_DriverTipToDriver-SequenceTransformStatus = OK
Seq_Frame0070_Timestamp = 7.498
Seq_Frame0071_DriverTipToDriver-SequenceTransform =0.967846 3.03577e-17 -0.251544 12.993 -0.25151 -0.0162913 -0.967718 -77.3729 -0.00409798 0.999867 -0.0157675 -11.5659 0 0 0 1 
Seq_Frame0071_DriverTipToDriver-SequenceTransformStatus = OK
Seq_Frame0071_Timestamp = 7.607
Seq_Frame0072_DriverTipToDriver-SequenceTransform =0.967846 3.03577e-17 -0.251544 12.993 -0.25151 -0.0162913 -0.967718 -77.3729 -0.00409798 0.999867 -0.0157675 -11.5659 0 0 0 1 
Seq_Frame0072_DriverTipToDriver-SequenceTransformStatus = OK
Seq_Frame0072_Timestamp = 7.712
Seq_Frame0073_DriverTipToDriver-SequenceTransform =0.967846 3.03577e-17 -0.251544 12.993 -0.25151 -0.0162913 -0.967718 -77.3729 -0.00409798 0.999867 -0.0157675 -11.5659 0 0 0 1 
Seq_Frame0073_DriverTipToDriver-SequenceTransformStatus = OK
Seq_Frame0073_Timestamp = 7.816
Seq_Frame0074_DriverTipToDriver-SequenceTransform =0.967846 3.03577e-17 -0.251544 12.993 -0.25151 -0.0162913 -0.967718 -77.3729 -0.00409798 0.999867 -0.0157675 -11.5659 0 0 0 1 
Seq_Frame0074_DriverTipToDriver-SequenceTransformStatus = OK
Seq_Frame0074_Timestamp = 7.927
Seq_Frame0075_DriverTipToDriver-SequenceTransform =0.967846 3.03577e-17 -0.251544 12.993 -0.25151 -0.0162913 -0.967718 -77.3729 -0.00409798 0.999867 -0.0157675 -11.5659 0 0 0 1 
Seq_Frame0075_DriverTipToDriver-SequenceTransformStatus = OK
Seq_Frame0075_Timestamp = 8.031
Seq_Frame0076_DriverTipToDriver-SequenceTransform =0.967846 3.03577e-17 -0.251544 12.993 -0.25151 -0.0162913 -0.967718 -77.3729 -0.00409798 0.999867 -0.0157675 -11.5659 0 0 0 1 
Seq_Frame0076_DriverTipToDriver-SequenceTransformStatus = OK
Seq_Frame0076_Timestamp = 8.142
Seq_Frame0077_DriverTipToDriver-SequenceTransform =0.967846 3.03577e-17 -0.251544 12.993 -0.25151 -0.0162913 -0.967718 -77.3729 -0.00409798 0.999867 -0.0157675 -11.5659 0 0 0 1 
Seq_Frame0077_DriverTipToDriver-SequenceTransformStatus = OK
Seq_Frame0077_Timestamp = 8.246
Seq_Frame0078_DriverTipToDriver-SequenceTransform =0.967846 3.03577e-17 -0.251544 12.993 -0.25151 -0.0162913 -0.967718 -77.3729 -0.00409798 0.999867 -0.0157675 -11.5659 0 0 0 1 
Seq_Frame0078_DriverTipToDriver-SequenceTransformStatus = OK
Seq_Frame0078_Timestamp = 8.357
Seq_Frame0079_DriverTipToDriver-SequenceTransform =0.967846 3.03577e-17 -0.251544 12.993 -0.25151 -0.0162913 -0.967718 -77.3729 -0.00409798 0.999867 -0.0157675 -11.5659 0 0 0 1 
Seq_Frame0079_DriverTipToDriver-SequenceTransformStatus = OK
Seq_Frame0079_Timestamp = 8.826
Seq_Frame0080_DriverTipToDriver-SequenceTransform =0.967846 3.03577e-17 -0.251544 12.993 -0.25151 -0.0162913 -0.967718 -77.3729 -0.00409798 0.999867 -0.0157675 -11.5659 0 0 0 1 
Seq_Frame0080_DriverTipToDriver-SequenceTransformStatus = OK
Seq_Frame0080_Timestamp = 10.272
Seq_Frame0081_DriverTipToDriver-SequenceTransform =0.967846 3.03577e-17 -0.251544 12.993 -0.25151 -0.0162913 -0.967718 -77.3729 -0.00409798 0.999867 -0.0157675 -11.5659 0 0 0 1 
Seq_Frame0081_DriverTipToDriver-SequenceTransformStatus = OK
Seq_Frame0081_Timestamp = 10.376
Seq_Frame0082_DriverTipToDriver-SequenceTransform =0.967846 3.03577e-17 -0.251544 12.993 -0.25151 -0.0162913 -0.967718 -77.3729 -0.00409798 0.999867 -0.0157675 -11.5659 0 0 0 1 
Seq_Frame0082_DriverTipToDriver-SequenceTransformStatus = OK
Seq_Frame0082_Timestamp = 10.481
Seq_Frame0083_DriverTipToDriver-SequenceTransform =0.967846 3.03577e-17 -0.251544 12.993 -0.25151 -0.0162913 -0.967718 -77.3729 -0.00409798 0.999867 -0.0157675 -11.5659 0 0 0 1 
Seq_Frame0083_DriverTipToDriver-SequenceTransformStatus = OK
Seq_Frame0083_Timestamp = 10.767
Seq_Frame0084_DriverTipToDriver-SequenceTransform =0.967846 3.03577e-17 -0.251544 12.993 -0.25151 -0.0162913 -0.967718 -77.3729 -0.00409798 0.999867 -0.0157675 -11.5659 0 0 0 1 
Seq_Frame0084_DriverTipToDriver-SequenceTransformStatus = OK
Seq_Frame0084_Timestamp = 10.932
Seq_Frame0085_DriverTipToDriver-SequenceTransform =0.967846 3.03577e-17 -0.251544 12.993 -0.25151 -0.0162913 -0.967718 -77.3729 -0.00409798 0.999867 -0.0157675 -11.5659 0 0 0 1 
Seq_Frame0085_DriverTipToDriver-SequenceTransformStatus = OK
Seq_Frame0085_Timestamp = 11.036
Seq_Frame0086_DriverTipToDriver-SequenceTransform =0.967846 3.03577e-17 -0.251544 12.993 -0.25151 -0.0162913 -0.967718 -77.3729 -0.00409798 0.999867 -0.0157675 -11.5659 0 0 0 1 
Seq_Frame0086_DriverTipToDriver-SequenceTransformStatus = OK
Seq_Frame0086_Timestamp = 11.312
Seq_Frame0087_DriverTipToDriver-SequenceTransform =0.967846 3.03577e-17 -0.251544 12.993 -0.25151 -0.0162913 -0.967718 -77.3729 -0.00409798 0.999867 -0.0157675 -11.5659 0 0 0 1 
Seq_Frame0087_DriverTipToDriver-SequenceTransformStatus = OK
Seq_Frame0087_Timestamp = 11.417
Seq_Frame0088_DriverTipToDriver-SequenceTransform =0.967846 3.03577e-17 -0.251544 12.993 -0.25151 -0.0162913 -0.967718 -77.3729 -0.00409798 0.999867 -0.0157675 -11.5659 0 0 0 1 
Seq_Frame0088_DriverTipToDriver-SequenceTransformStatus = OK
Seq_Frame0088_Timestamp = 11.526
Seq_Frame0089_DriverTipToDriver-SequenceTransform =0.967846 3.03577e-17 -0.251544 12.993 -0.25151 -0.0162913 -0.967718 -77.3729 -0.00409798 0.999867 -0.0157675 -11.5659 0 0 0 1 
Seq_Frame0089_DriverTipToDriver-SequenceTransformStatus = OK
Seq_Frame0089_Timestamp = 11.632
Seq_Frame0090_DriverTipToDriver-SequenceTransform =0.967846 3.03577e-17 -0.251544 12.993 -0.25151 -0.0162913 -0.967718 -77.3729 -0.00409798 0.999867 -0.0157675 -11.5659 0 0 0 1 
Seq_Frame0090_DriverTipToDriver-SequenceTransformStatus = OK
Seq_Frame0090_Timestamp = 11.74
Seq_Frame0091_DriverTipToDriver-SequenceTransform =0.967846 3.03577e-17 -0.251544 12.993 -0.25151 -0.0162913 -0.967718 -77.3729 -0.00409798 0.999867 -0.0157675 -11.5659 0 0 0 1 
Seq_Frame0091_DriverTipToDriver-SequenceTransformStatus = OK
Seq_Frame0091_Timestamp = 11.852
Seq_Frame0092_DriverTipToDriver-SequenceTransform =0.967846 3.03577e-17 -0.251544 12.993 -0.25151 -0.0162913 -0.967718 -77.3729 -0.00409798 0.999867 -0.0157675 -11.5659 0 0 0 1 
Seq_Frame0092_DriverTipToDriver-SequenceTransformStatus = OK
Seq_Frame0092_Timestamp = 11.957
Seq_Frame0093_DriverTipToDriver-SequenceTransform =0.967846 3.03577e-17 -0.251544 12.993 -0.25151 -0.0162913 -0.967718 -77.3729 -0.00409798 0.999867 -0.0157675 -11.5659 0 0 0 1 
Seq_Frame0093_DriverTipToDriver-SequenceTransformStatus = OK
Seq_Frame0093_Timestamp = 12.067
Seq_Frame0094_DriverTipToDriver-SequenceTransform =0.967846 3.03577e-17 -0.251544 12.993 -0.25151 -0.0162913 -0.967718 -77.3729 -0.00409798 0.999867 -0.0157675 -11.5659 0 0 0 1 
Seq_Frame0094_DriverTipToDriver-SequenceTransformStatus = OK
Seq_Frame0094_Timestamp = 12.171
Seq_Frame0095_DriverTipToDriver-SequenceTransform =0.967846 3.03577e-17 -0.251544 12.993 -0.25151 -0.0162913 -0.967718 -77.3729 -0.00409798 0.999867 -0.0157675 -11.5659 0 0 0 1 
Seq_Frame0095_DriverTipToDriver-SequenceTransformStatus = OK
Seq_Frame0095_Timestamp = 12.282
Seq_Frame0096_DriverTipToDriver-SequenceTransform =0.967846 3.03577e-17 -0.251544 12.993 -0.25151 -0.0162913 -0.967718 -77.3729 -0.00409798 0.999867 -0.0157675 -11.5659 0 0 0 1 
Seq_Frame0096_DriverTipToDriver-SequenceTransformStatus = OK
Seq_Frame0096_Timestamp = 12.386
Seq_Frame0097_DriverTipToDriver-SequenceTransform =0.967846 3.03577e-17 -0.251544 12.993 -0.25151 -0.0162913 -0.967718 -77.3729 -0.00409798 0.999867 -0.0157675 -11.5659 0 0 0 1 
Seq_Frame0097_DriverTipToDriver-SequenceTransformStatus = OK
Seq_Frame0097_Timestamp = 12.492
Seq_Frame0098_DriverTipToDriver-SequenceTransform =0.967846 3.03577e-17 -0.251544 12.993 -0.25151 -0.0162913 -0.967718 -77.3729 -0.00409798 0.999867 -0.0157675 -11.5659 0 0 0 1 
Seq_Frame0098_DriverTipToDriver-SequenceTransformStatus = OK
Seq_Frame0098_Timestamp = 12.596
Seq_Frame0099_DriverTipToDriver-SequenceTransform =0.967846 3.03577e-17 -0.251544 12.993 -0.25151 -0.0162913 -0.967718 -77.3729 -0.00409798 0.999867 -0.0157675 -11.5659 0 0 0 1 
Seq_Frame0099_DriverTipToDriver-SequenceTransformStatus = OK
Seq_Frame0099_Timestamp = 12.702
Seq_Frame0100_DriverTipToDriver-SequenceTransform =0.967846 3.03577e-17 -0.251544 12.993 -0.25151 -0.0162913 -0.967718 -77.3729 -0.00409798 0.999867 -0.0157675 -11.5659 0 0 0 1 
Seq_Frame0100_DriverTipToDriver-SequenceTransformStatus = OK
Seq_Frame0100_Timestamp = 12.815
Seq_Frame0101_DriverTipToDriver-SequenceTransform =0.967846 3.03577e-17 -0.251544 12.993 -0.25151 -0.0162913 -0.967718 -77.3729 -0.00409798 0.999867 -0.0157675 -11.5659 0 0 0 1 
Seq_Frame0101_DriverTipToDriver-SequenceTransformStatus = OK
Seq_Frame0101_Timestamp = 12.918
Seq_Frame0102_DriverTipToDriver-SequenceTransform =0.967846 3.03577e-17 -0.251544 12.993 -0.25151 -0.0162913 -0.967718 -77.3729 -0.00409798 0.999867 -0.0157675 -11.5659 0 0 0 1 
Seq_Frame0102_DriverTipToDriver-SequenceTransformStatus = OK
Seq_Frame0102_Timestamp = 13.022
Seq_Frame0103_DriverTipToDriver-SequenceTransform =0.967846 3.03577e-17 -0.251544 12.993 -0.25151 -0.0162913 -0.967718 -77.3729 -0.00409798 0.999867 -0.0157675 -11.5659 0 0 0 1 
Seq_Frame0103_DriverTipToDriver-SequenceTransformStatus = OK
Seq_Frame0103_Timestamp = 13.133
Seq_Frame0104_DriverTipToDriver-SequenceTransform =0.967846 3.03577e-17 -0.251544 12.993 -0.25151 -0.0162913 -0.967718 -77.3729 -0.00409798 0.999867 -0.0157675 -11.5659 0 0 0 1 
Seq_Frame0104_DriverTipToDriver-SequenceTransformStatus = OK
Seq_Frame0104_Timestamp = 13.236
Seq_Frame0105_DriverTipToDriver-SequenceTransform =0.967846 3.03577e-17 -0.251544 12.993 -0.25151 -0.0162913 -0.967718 -77.3729 -0.00409798 0.999867 -0.0157675 -11.5659 0 0 0 1 
Seq_Frame0105_DriverTipToDriver-SequenceTransformStatus = OK
Seq_Frame0105_Timestamp = 13.347
Seq_Frame0106_DriverTipToDriver-SequenceTransform =0.967846 3.03577e-17 -0.251544 12.993 -0.25151 -0.0162913 -0.967718 -77.3729 -0.00409798 0.999867 -0.0157675 -11.5659 0 0 0 1 
Seq_Frame0106_DriverTipToDriver-SequenceTransformStatus = OK
Seq_Frame0106_Timestamp = 13.451
Seq_Frame0107_DriverTipToDriver-SequenceTransform =0.967846 3.03577e-17 -0.251544 12.993 -0.25151 -0.0162913 -0.967718 -77.3729 -0.00409798 0.999867 -0.0157675 -11.5659 0 0 0 1 
Seq_Frame0107_DriverTipToDriver-SequenceTransformStatus = OK
Seq_Frame0107_Timestamp = 13.557
Seq_Frame0108_DriverTipToDriver-SequenceTransform =0.967846 3.03577e-17 -0.251544 12.993 -0.25151 -0.0162913 -0.967718 -77.3729 -0.00409798 0.999867 -0.0157675 -11.5659 0 0 0 1 
Seq_Frame0108_DriverTipToDriver-SequenceTransformStatus = OK
Seq_Frame0108_Timestamp = 13.796
Seq_Frame0109_DriverTipToDriver-SequenceTransform =0.967846 3.03577e-17 -0.251544 12.993 -0.25151 -0.0162913 -0.967718 -77.3729 -0.00409798 0.999867 -0.0157675 -11.5659 0 0 0 1 
Seq_Frame0109_DriverTipToDriver-SequenceTransformStatus = OK
Seq_Frame0109_Timestamp = 13.902
Seq_Frame0110_DriverTipToDriver-SequenceTransform =0.967846 3.03577e-17 -0.251544 12.993 -0.25151 -0.0162913 -0.967718 -77.3729 -0.00409798 0.999867 -0.0157675 -11.5659 0 0 0 1 
Seq_Frame0110_DriverTipToDriver-SequenceTransformStatus = OK
Seq_Frame0110_Timestamp = 14.006
Seq_Frame0111_DriverTipToDriver-SequenceTransform =0.967846 3.03577e-17 -0.251544 12.993 -0.25151 -0.0162913 -0.967718 -77.3729 -0.00409798 0.999867 -0.0157675 -11.5659 0 0 0 1 
Seq_Frame0111_DriverTipToDriver-SequenceTransformStatus = OK
Seq_Frame0111_Timestamp = 14.112
Seq_Frame0112_DriverTipToDriver-SequenceTransform =0.967846 3.03577e-17 -0.251544 12.993 -0.25151 -0.0162913 -0.967718 -77.3729 -0.00409798 0.999867 -0.0157675 -11.5659 0 0 0 1 
Seq_Frame0112_DriverTipToDriver-SequenceTransformStatus = OK
Seq_Frame0112_Timestamp = 14.217
Seq_Frame0113_DriverTipToDriver-SequenceTransform =0.967846 3.03577e-17 -0.251544 12.993 -0.25151 -0.0162913 -0.967718 -77.3729 -0.00409798 0.999867 -0.0157675 -11.5659 0 0 0 1 
Seq_Frame0113_DriverTipToDriver-SequenceTransformStatus = OK
Seq_Frame0113_Timestamp = 14.332
Seq_Frame0114_DriverTipToDriver-SequenceTransform =0.967846 3.03577e-17 -0.251544 12.993 -0.25151 -0.0162913 -0.967718 -77.3729 -0.00409798 0.999867 -0.0157675 -11.5659 0 0 0 1 
Seq_Frame0114_DriverTipToDriver-SequenceTransformStatus = OK
Seq_Frame0114_Timestamp = 14.446
Seq_Frame0115_DriverTipToDriver-SequenceTransform =0.967846 3.03577e-17 -0.251544 12.993 -0.25151 -0.0162913 -0.967718 -77.3729 -0.00409798 0.999867 -0.0157675 -11.5659 0 0 0 1 
Seq_Frame0115_DriverTipToDriver-SequenceTransformStatus = OK
Seq_Frame0115_Timestamp = 14.557
Seq_Frame0116_DriverTipToDriver-SequenceTransform =0.967846 3.03577e-17 -0.251544 12.993 -0.25151 -0.0162913 -0.967718 -77.3729 -0.00409798 0.999867 -0.0157675 -11.5659 0 0 0 1 
Seq_Frame0116_DriverTipToDriver-SequenceTransformStatus = OK
Seq_Frame0116_Timestamp = 14.662
Seq_Frame0117_DriverTipToDriver-SequenceTransform =0.967846 3.03577e-17 -0.251544 12.993 -0.25151 -0.0162913 -0.967718 -77.3729 -0.00409798 0.999867 -0.0157675 -11.5659 0 0 0 1 
Seq_Frame0117_DriverTipToDriver-SequenceTransformStatus = OK
Seq_Frame0117_Timestamp = 14.773
Seq_Frame0118_DriverTipToDriver-SequenceTransform =0.967846 3.03577e-17 -0.251544 12.993 -0.25151 -0.0162913 -0.967718 -77.3729 -0.00409798 0.999867 -0.0157675 -11.5659 0 0 0 1 
Seq_Frame0118_DriverTipToDriver-SequenceTransformStatus = OK
Seq_Frame0118_Timestamp = 14.874
Seq_Frame0119_DriverTipToDriver-SequenceTransform =0.967846 3.03577e-17 -0.251544 12.993 -0.25151 -0.0162913 -0.967718 -77.3729 -0.00409798 0.999867 -0.0157675 -11.5659 0 0 0 1 
Seq_Frame0119_DriverTipToDriver-SequenceTransformStatus = OK
Seq_Frame0119_Timestamp = 14.982
Seq_Frame0120_DriverTipToDriver-SequenceTransform =0.967846 3.03577e-17 -0.251544 12.993 -0.25151 -0.0162913 -0.967718 -77.3729 -0.00409798 0.999867 -0.0157675 -11.5659 0 0 0 1 
Seq_Frame0120_DriverTipToDriver-SequenceTransformStatus = OK
Seq_Frame0120_Timestamp = 15.091
Seq_Frame0121_DriverTipToDriver-SequenceTransform =0.967846 3.03577e-17 -0.251544 12.993 -0.25151 -0.0162913 -0.967718 -77.3729 -0.00409798 0.999867 -0.0157675 -11.5659 0 0 0 1 
Seq_Frame0121_DriverTipToDriver-SequenceTransformStatus = OK
Seq_Frame0121_Timestamp = 15.197
Seq_Frame0122_DriverTipToDriver-SequenceTransform =0.967846 3.03577e-17 -0.251544 12.993 -0.25151 -0.0162913 -0.967718 -77.3729 -0.00409798 0.999867 -0.0157675 -11.5659 0 0 0 1 
Seq_Frame0122_DriverTipToDriver-SequenceTransformStatus = OK
Seq_Frame0122_Timestamp = 15.302
Seq_Frame0123_DriverTipToDriver-SequenceTransform =0.967846 3.03577e-17 -0.251544 12.993 -0.25151 -0.0162913 -0.967718 -77.3729 -0.00409798 0.999867 -0.0157675 -11.5659 0 0 0 1 
Seq_Frame0123_DriverTipToDriver-SequenceTransformStatus = OK
Seq_Frame0123_Timestamp = 15.412
Seq_Frame0124_DriverTipToDriver-SequenceTransform =0.967846 3.03577e-17 -0.251544 12.993 -0.25151 -0.0162913 -0.967718 -77.3729 -0.00409798 0.999867 -0.0157675 -11.5659 0 0 0 1 
Seq_Frame0124_DriverTipToDriver-SequenceTransformStatus = OK
Seq_Frame0124_Timestamp = 15.515
Seq_Frame0125_DriverTipToDriver-SequenceTransform =0.967846 3.03577e-17 -0.251544 12.993 -0.25151 -0.0162913 -0.967718 -77.3729 -0.00409798 0.999867 -0.0157675 -11.5659 0 0 0 1 
Seq_Frame0125_DriverTipToDriver-SequenceTransformStatus = OK
Seq_Frame0125_Timestamp = 15.622
Seq_Frame0126_DriverTipToDriver-SequenceTransform =0.967846 3.03577e-17 -0.251544 12.993 -0.25151 -0.0162913 -0.967718 -77.3729 -0.00409798 0.999867 -0.0157675 -11.5659 0 0 0 1 
Seq_Frame0126_DriverTipToDriver-SequenceTransformStatus = OK
Seq_Frame0126_Timestamp = 15.726
Seq_Frame0127_DriverTipToDriver-SequenceTransform =0.967846 3.03577e-17 -0.251544 12.993 -0.25151 -0.0162913 -0.967718 -77.3729 -0.00409798 0.999867 -0.0157675 -11.5659 0 0 0 1 
Seq_Frame0127_DriverTipToDriver-SequenceTransformStatus = OK
Seq_Frame0127_Timestamp = 15.832
Seq_Frame0128_DriverTipToDriver-SequenceTransform =0.967846 3.03577e-17 -0.251544 12.993 -0.25151 -0.0162913 -0.967718 -77.3729 -0.00409798 0.999867 -0.0157675 -11.5659 0 0 0 1 
Seq_Frame0128_DriverTipToDriver-SequenceTransformStatus = OK
Seq_Frame0128_Timestamp = 15.936
Seq_Frame0129_DriverTipToDriver-SequenceTransform =0.967846 3.03577e-17 -0.251544 12.993 -0.25151 -0.0162913 -0.967718 -77.3729 -0.00409798 0.999867 -0.0157675 -11.5659 0 0 0 1 
Seq_Frame0129_DriverTipToDriver-SequenceTransformStatus = OK
Seq_Frame0129_Timestamp = 16.041
Seq_Frame0130_DriverTipToDriver-SequenceTransform =0.967846 3.03577e-17 -0.251544 12.993 -0.25151 -0.0162913 -0.967718 -77.3729 -0.00409798 0.999867 -0.0157675 -11.5659 0 0 0 1 
Seq_Frame0130_DriverTipToDriver-SequenceTransformStatus = OK
Seq_Frame0130_Timestamp = 16.146
Seq_Frame0131_DriverTipToDriver-SequenceTransform =0.967846 3.03577e-17 -0.251544 12.993 -0.25151 -0.0162913 -0.967718 -77.3729 -0.00409798 0.999867 -0.0157675 -11.5659 0 0 0 1 
Seq_Frame0131_DriverTipToDriver-SequenceTransformStatus = OK
Seq_Frame0131_Timestamp = 16.252
Seq_Frame0132_DriverTipToDriver-SequenceTransform =0.967846 3.03577e-17 -0.251544 12.993 -0.25151 -0.0162913 -0.967718 -77.3729 -0.00409798 0.999867 -0.0157675 -11.5659 0 0 0 1 
Seq_Frame0132_DriverTipToDriver-SequenceTransformStatus = OK
Seq_Frame0132_Timestamp = 16.362
Seq_Frame0133_DriverTipToDriver-SequenceTransform =0.967846 3.03577e-17 -0.251544 12.993 -0.25151 -0.0162913 -0.967718 -77.3729 -0.00409798 0.999867 -0.0157675 -11.5659 0 0 0 1 
Seq_Frame0133_DriverTipToDriver-SequenceTransformStatus = OK
Seq_Frame0133_Timestamp = 16.465
Seq_Frame0134_DriverTipToDriver-SequenceTransform =0.967846 3.03577e-17 -0.251544 12.993 -0.25151 -0.0162913 -0.967718 -77.3729 -0.00409798 0.999867 -0.0157675 -11.5659 0 0 0 1 
Seq_Frame0134_DriverTipToDriver-SequenceTransformStatus = OK
Seq_Frame0134_Timestamp = 16.572
Seq_Frame0135_DriverTipToDriver-SequenceTransform =0.967846 3.03577e-17 -0.251544 12.993 -0.25151 -0.0162913 -0.967718 -77.3729 -0.00409798 0.999867 -0.0157675 -11.5659 0 0 0 1 
Seq_Frame0135_DriverTipToDriver-SequenceTransformStatus = OK
Seq_Frame0135_Timestamp = 16.676
Seq_Frame0136_DriverTipToDriver-SequenceTransform =0.967846 3.03577e-17 -0.251544 12.993 -0.25151 -0.0162913 -0.967718 -77.3729 -0.00409798 0.999867 -0.0157675 -11.5659 0 0 0 1 
Seq_Frame0136_DriverTipToDriver-SequenceTransformStatus = OK
Seq_Frame0136_Timestamp = 17.551
Seq_Frame0137_DriverTipToDriver-SequenceTransform =0.967846 3.03577e-17 -0.251544 12.993 -0.25151 -0.0162913 -0.967718 -77.3729 -0.00409798 0.999867 -0.0157675 -11.5659 0 0 0 1 
Seq_Frame0137_DriverTipToDriver-SequenceTransformStatus = OK
Seq_Frame0137_Timestamp = 17.657
Seq_Frame0138_DriverTipToDriver-SequenceTransform =0.967846 3.03577e-17 -0.251544 12.993 -0.25151 -0.0162913 -0.967718 -77.3729 -0.00409798 0.999867 -0.0157675 -11.5659 0 0 0 1 
Seq_Frame0138_DriverTipToDriver-SequenceTransformStatus = OK
Seq_Frame0138_Timestamp = 18.232
Seq_Frame0139_DriverTipToDriver-SequenceTransform =0.967846 3.03577e-17 -0.251544 12.993 -0.25151 -0.0162913 -0.967718 -77.3729 -0.00409798 0.999867 -0.0157675 -11.5659 0 0 0 1 
Seq_Frame0139_DriverTipToDriver-SequenceTransformStatus = OK
Seq_Frame0139_Timestamp = 18.337
Seq_Frame0140_DriverTipToDriver-SequenceTransform =0.967846 3.03577e-17 -0.251544 12.993 -0.25151 -0.0162913 -0.967718 -77.3729 -0.00409798 0.999867 -0.0157675 -11.5659 0 0 0 1 
Seq_Frame0140_DriverTipToDriver-SequenceTransformStatus = OK
Seq_Frame0140_Timestamp = 18.446
Seq_Frame0141_DriverTipToDriver-SequenceTransform =0.967846 3.03577e-17 -0.251544 12.993 -0.25151 -0.0162913 -0.967718 -77.3729 -0.00409798 0.999867 -0.0157675 -11.5659 0 0 0 1 
Seq_Frame0141_DriverTipToDriver-SequenceTransformStatus = OK
Seq_Frame0141_Timestamp = 18.552
Seq_Frame0142_DriverTipToDriver-SequenceTransform =0.967846 3.03577e-17 -0.251544 12.993 -0.25151 -0.0162913 -0.967718 -77.3729 -0.00409798 0.999867 -0.0157675 -11.5659 0 0 0 1 
Seq_Frame0142_DriverTipToDriver-SequenceTransformStatus = OK
Seq_Frame0142_Timestamp = 18.656
Seq_Frame0143_DriverTipToDriver-SequenceTransform =0.967846 3.03577e-17 -0.251544 12.993 -0.25151 -0.0162913 -0.967718 -77.3729 -0.00409798 0.999867 -0.0157675 -11.5659 0 0 0 1 
Seq_Frame0143_DriverTipToDriver-SequenceTransformStatus = OK
Seq_Frame0143_Timestamp = 18.761
Seq_Frame0144_DriverTipToDriver-SequenceTransform =0.967846 3.03577e-17 -0.251544 12.993 -0.25151 -0.0162913 -0.967718 -77.3729 -0.00409798 0.999867 -0.0157675 -11.5659 0 0 0 1 
Seq_Frame0144_DriverTipToDriver-SequenceTransformStatus = OK
Seq_Frame0144_Timestamp = 18.865
Seq_Frame0145_DriverTipToDriver-SequenceTransform =0.967846 3.03577e-17 -0.251544 12.993 -0.25151 -0.0162913 -0.967718 -77.3729 -0.00409798 0.999867 -0.0157675 -11.5659 0 0 0 1 
Seq_Frame0145_DriverTipToDriver-SequenceTransformStatus = OK
Seq_Frame0145_Timestamp = 18.971
