ObjectType = Image
NDims = 3
AnatomicalOrientation = RAI
BinaryData = True
CompressedData = False
DimSize = 0 0 1294
ElementSpacing = 1 1 1
Offset = 0 0 0
TransformMatrix = 1 0 0 0 1 0 0 0 1
ElementType = MET_UCHAR
Kinds = domain domain list
Seq_Frame0000_ForcepToReference-SequenceTransform =0.673071 -0.0870175 -0.734441 30.8052 0.485695 -0.69689 0.527679 -11.1385 -0.557742 -0.71188 -0.426792 -15.8646 0 0 0 1 
Seq_Frame0000_ForcepToReference-SequenceTransformStatus = OK
Seq_Frame0000_Timestamp = 0.00200009
Seq_Frame0001_ForcepToReference-SequenceTransform =0.673545 -0.0869834 -0.734011 30.8048 0.485722 -0.696445 0.528241 -11.1252 -0.557146 -0.712319 -0.426837 -15.8681 0 0 0 1 
Seq_Frame0001_ForcepToReference-SequenceTransformStatus = OK
Seq_Frame0001_Timestamp = 0.107
Seq_Frame0002_ForcepToReference-SequenceTransform =0.672789 -0.0872996 -0.734666 30.8019 0.486174 -0.696334 0.527971 -11.1404 -0.557664 -0.712389 -0.426043 -15.8299 0 0 0 1 
Seq_Frame0002_ForcepToReference-SequenceTransformStatus = OK
Seq_Frame0002_Timestamp = 0.223
Seq_Frame0003_ForcepToReference-SequenceTransform =0.672902 -0.0872461 -0.734568 30.8017 0.486418 -0.695957 0.528244 -11.1301 -0.557315 -0.712763 -0.425873 -15.851 0 0 0 1 
Seq_Frame0003_ForcepToReference-SequenceTransformStatus = OK
Seq_Frame0003_Timestamp = 0.337
Seq_Frame0004_ForcepToReference-SequenceTransform =0.673629 -0.0871116 -0.733918 30.7995 0.485981 -0.695944 0.528663 -11.1148 -0.556819 -0.712792 -0.426474 -15.8752 0 0 0 1 
Seq_Frame0004_ForcepToReference-SequenceTransformStatus = OK
Seq_Frame0004_Timestamp = 0.441
Seq_Frame0005_ForcepToReference-SequenceTransform =0.673258 -0.0870063 -0.734271 30.799 0.485406 -0.697095 0.527673 -11.1229 -0.557768 -0.71168 -0.427092 -15.8608 0 0 0 1 
Seq_Frame0005_ForcepToReference-SequenceTransformStatus = OK
Seq_Frame0005_Timestamp = 0.547
Seq_Frame0006_ForcepToReference-SequenceTransform =0.673013 -0.0872826 -0.734463 30.8034 0.485866 -0.696534 0.527991 -11.1272 -0.557663 -0.712195 -0.426369 -15.8471 0 0 0 1 
Seq_Frame0006_ForcepToReference-SequenceTransformStatus = OK
Seq_Frame0006_Timestamp = 0.652
Seq_Frame0007_ForcepToReference-SequenceTransform =0.672378 -0.087143 -0.73506 30.799 0.486793 -0.696033 0.527798 -11.1322 -0.55762 -0.712702 -0.425577 -15.91 0 0 0 1 
Seq_Frame0007_ForcepToReference-SequenceTransformStatus = OK
Seq_Frame0007_Timestamp = 0.757
Seq_Frame0008_ForcepToReference-SequenceTransform =0.670756 -0.0874134 -0.736509 30.7957 0.487008 -0.697047 0.526259 -11.1203 -0.559384 -0.711677 -0.424977 -15.8908 0 0 0 1 
Seq_Frame0008_ForcepToReference-SequenceTransformStatus = OK
Seq_Frame0008_Timestamp = 0.861
Seq_Frame0009_ForcepToReference-SequenceTransform =0.673096 -0.0870973 -0.734409 30.8069 0.48617 -0.696202 0.528148 -11.1183 -0.557297 -0.712542 -0.426267 -15.8742 0 0 0 1 
Seq_Frame0009_ForcepToReference-SequenceTransformStatus = OK
Seq_Frame0009_Timestamp = 0.971
Seq_Frame0010_ForcepToReference-SequenceTransform =0.673365 -0.0870521 -0.734168 30.811 0.485367 -0.697015 0.527816 -11.1306 -0.557673 -0.711753 -0.427093 -15.8569 0 0 0 1 
Seq_Frame0010_ForcepToReference-SequenceTransformStatus = OK
Seq_Frame0010_Timestamp = 1.077
Seq_Frame0011_ForcepToReference-SequenceTransform =0.671733 -0.0872192 -0.73564 30.8044 0.486505 -0.696936 0.526871 -11.1302 -0.558648 -0.71181 -0.425723 -15.9374 0 0 0 1 
Seq_Frame0011_ForcepToReference-SequenceTransformStatus = OK
Seq_Frame0011_Timestamp = 1.186
Seq_Frame0012_ForcepToReference-SequenceTransform =0.671303 -0.0873643 -0.736016 30.7972 0.487083 -0.696488 0.52693 -11.1339 -0.558661 -0.71223 -0.425001 -15.8641 0 0 0 1 
Seq_Frame0012_ForcepToReference-SequenceTransformStatus = OK
Seq_Frame0012_Timestamp = 1.292
Seq_Frame0013_ForcepToReference-SequenceTransform =0.672563 -0.0874849 -0.734851 30.7939 0.48612 -0.696478 0.527831 -11.1273 -0.557985 -0.712225 -0.425897 -15.8466 0 0 0 1 
Seq_Frame0013_ForcepToReference-SequenceTransformStatus = OK
Seq_Frame0013_Timestamp = 1.398
Seq_Frame0014_ForcepToReference-SequenceTransform =0.672536 -0.0874277 -0.734882 30.799 0.486392 -0.696196 0.527952 -11.1278 -0.55778 -0.712508 -0.425693 -15.8624 0 0 0 1 
Seq_Frame0014_ForcepToReference-SequenceTransformStatus = OK
Seq_Frame0014_Timestamp = 1.506
Seq_Frame0015_ForcepToReference-SequenceTransform =0.672202 -0.0871672 -0.735219 30.8058 0.487311 -0.695515 0.528003 -11.1148 -0.55738 -0.713205 -0.425049 -15.8663 0 0 0 1 
Seq_Frame0015_ForcepToReference-SequenceTransformStatus = OK
Seq_Frame0015_Timestamp = 1.612
Seq_Frame0016_ForcepToReference-SequenceTransform =0.673124 -0.0873297 -0.734355 30.8025 0.486019 -0.696203 0.528287 -11.1283 -0.557396 -0.712513 -0.426187 -15.8524 0 0 0 1 
Seq_Frame0016_ForcepToReference-SequenceTransformStatus = OK
Seq_Frame0016_Timestamp = 1.721
Seq_Frame0017_ForcepToReference-SequenceTransform =0.672518 -0.0874024 -0.734902 30.8036 0.486538 -0.696044 0.528018 -11.115 -0.557674 -0.712659 -0.425577 -15.912 0 0 0 1 
Seq_Frame0017_ForcepToReference-SequenceTransformStatus = OK
Seq_Frame0017_Timestamp = 1.827
Seq_Frame0018_ForcepToReference-SequenceTransform =0.673624 -0.0872228 -0.73391 30.8052 0.485069 -0.697034 0.528064 -11.1479 -0.557619 -0.711713 -0.42723 -15.774 0 0 0 1 
Seq_Frame0018_ForcepToReference-SequenceTransformStatus = OK
Seq_Frame0018_Timestamp = 1.937
Seq_Frame0019_ForcepToReference-SequenceTransform =0.672958 -0.0868944 -0.734559 30.8066 0.486586 -0.695943 0.528107 -11.1135 -0.557101 -0.71282 -0.426059 -15.9122 0 0 0 1 
Seq_Frame0019_ForcepToReference-SequenceTransformStatus = OK
Seq_Frame0019_Timestamp = 2.056
Seq_Frame0020_ForcepToReference-SequenceTransform =0.674166 -0.087208 -0.733414 30.8059 0.484917 -0.69674 0.528591 -11.143 -0.557096 -0.712003 -0.427429 -15.8121 0 0 0 1 
Seq_Frame0020_ForcepToReference-SequenceTransformStatus = OK
Seq_Frame0020_Timestamp = 2.168
Seq_Frame0021_ForcepToReference-SequenceTransform =0.673149 -0.0876426 -0.734295 30.8282 0.48709 -0.694584 0.529431 -11.1361 -0.55643 -0.714054 -0.424868 -15.8396 0 0 0 1 
Seq_Frame0021_ForcepToReference-SequenceTransformStatus = OK
Seq_Frame0021_Timestamp = 2.282
Seq_Frame0022_ForcepToReference-SequenceTransform =0.673384 -0.0869023 -0.734167 30.8243 0.485271 -0.697226 0.527624 -11.1518 -0.557732 -0.711564 -0.42733 -15.9241 0 0 0 1 
Seq_Frame0022_ForcepToReference-SequenceTransformStatus = OK
Seq_Frame0022_Timestamp = 2.383
Seq_Frame0023_ForcepToReference-SequenceTransform =0.672442 -0.0867035 -0.735053 30.8157 0.486309 -0.696907 0.52709 -11.1513 -0.557964 -0.711901 -0.426465 -15.9259 0 0 0 1 
Seq_Frame0023_ForcepToReference-SequenceTransformStatus = OK
Seq_Frame0023_Timestamp = 2.492
Seq_Frame0024_ForcepToReference-SequenceTransform =0.673429 -0.0867827 -0.734141 30.829 0.485813 -0.696579 0.52798 -11.1791 -0.557207 -0.712212 -0.426936 -15.8762 0 0 0 1 
Seq_Frame0024_ForcepToReference-SequenceTransformStatus = OK
Seq_Frame0024_Timestamp = 2.596
Seq_Frame0025_ForcepToReference-SequenceTransform =0.673262 -0.0863886 -0.73434 30.8179 0.486369 -0.696306 0.527829 -11.1467 -0.556924 -0.712528 -0.426779 -15.9108 0 0 0 1 
Seq_Frame0025_ForcepToReference-SequenceTransformStatus = OK
Seq_Frame0025_Timestamp = 2.702
Seq_Frame0026_ForcepToReference-SequenceTransform =0.673204 -0.0869718 -0.734325 30.7939 0.485895 -0.696546 0.527949 -11.1397 -0.557407 -0.712222 -0.426658 -15.8656 0 0 0 1 
Seq_Frame0026_ForcepToReference-SequenceTransformStatus = OK
Seq_Frame0026_Timestamp = 2.806
Seq_Frame0027_ForcepToReference-SequenceTransform =0.673042 -0.0873913 -0.734423 30.7999 0.486299 -0.695876 0.52846 -11.1203 -0.55725 -0.712825 -0.425855 -15.851 0 0 0 1 
Seq_Frame0027_ForcepToReference-SequenceTransformStatus = OK
Seq_Frame0027_Timestamp = 2.911
Seq_Frame0028_ForcepToReference-SequenceTransform =0.673125 -0.0873627 -0.73435 30.8011 0.486094 -0.696082 0.528377 -11.1207 -0.557329 -0.712627 -0.426084 -15.8566 0 0 0 1 
Seq_Frame0028_ForcepToReference-SequenceTransformStatus = OK
Seq_Frame0028_Timestamp = 3.018
Seq_Frame0029_ForcepToReference-SequenceTransform =0.67328 -0.0874089 -0.734203 30.8007 0.48555 -0.696602 0.528192 -11.1302 -0.557616 -0.712113 -0.426566 -15.8152 0 0 0 1 
Seq_Frame0029_ForcepToReference-SequenceTransformStatus = OK
Seq_Frame0029_Timestamp = 3.126
Seq_Frame0030_ForcepToReference-SequenceTransform =0.672879 -0.0873138 -0.734582 30.8024 0.486385 -0.695971 0.528255 -11.1207 -0.557372 -0.712741 -0.425836 -15.8886 0 0 0 1 
Seq_Frame0030_ForcepToReference-SequenceTransformStatus = OK
Seq_Frame0030_Timestamp = 3.232
Seq_Frame0031_ForcepToReference-SequenceTransform =0.672818 -0.0872845 -0.734641 30.7997 0.486366 -0.696073 0.528139 -11.1164 -0.557462 -0.712646 -0.425878 -15.8727 0 0 0 1 
Seq_Frame0031_ForcepToReference-SequenceTransformStatus = OK
Seq_Frame0031_Timestamp = 3.337
Seq_Frame0032_ForcepToReference-SequenceTransform =0.673035 -0.0874427 -0.734423 30.8021 0.48606 -0.696151 0.528317 -11.124 -0.557467 -0.71255 -0.426032 -15.8466 0 0 0 1 
Seq_Frame0032_ForcepToReference-SequenceTransformStatus = OK
Seq_Frame0032_Timestamp = 3.442
Seq_Frame0033_ForcepToReference-SequenceTransform =0.673383 -0.087139 -0.73414 30.8055 0.485618 -0.696613 0.528114 -11.1118 -0.557431 -0.712135 -0.426772 -15.8986 0 0 0 1 
Seq_Frame0033_ForcepToReference-SequenceTransformStatus = OK
Seq_Frame0033_Timestamp = 3.553
Seq_Frame0034_ForcepToReference-SequenceTransform =0.672878 -0.0876203 -0.734546 30.7913 0.486332 -0.69582 0.528503 -11.1229 -0.55742 -0.712851 -0.42559 -15.8157 0 0 0 1 
Seq_Frame0034_ForcepToReference-SequenceTransformStatus = OK
Seq_Frame0034_Timestamp = 3.656
Seq_Frame0035_ForcepToReference-SequenceTransform =0.673021 -0.0874959 -0.73443 30.8044 0.486384 -0.695711 0.528599 -11.1193 -0.557201 -0.712973 -0.425672 -15.8607 0 0 0 1 
Seq_Frame0035_ForcepToReference-SequenceTransformStatus = OK
Seq_Frame0035_Timestamp = 3.762
Seq_Frame0036_ForcepToReference-SequenceTransform =0.673233 -0.0867456 -0.734324 30.8093 0.485501 -0.697184 0.527468 -11.1291 -0.557715 -0.711625 -0.427252 -15.9029 0 0 0 1 
Seq_Frame0036_ForcepToReference-SequenceTransformStatus = OK
Seq_Frame0036_Timestamp = 3.865
Seq_Frame0037_ForcepToReference-SequenceTransform =0.672943 -0.0872641 -0.734529 30.8074 0.486394 -0.695938 0.528291 -11.1301 -0.557288 -0.71278 -0.425882 -15.8412 0 0 0 1 
Seq_Frame0037_ForcepToReference-SequenceTransformStatus = OK
Seq_Frame0037_Timestamp = 3.972
Seq_Frame0038_ForcepToReference-SequenceTransform =0.673287 -0.0872015 -0.734221 30.8114 0.486277 -0.695814 0.528561 -11.131 -0.556972 -0.712909 -0.426079 -15.8466 0 0 0 1 
Seq_Frame0038_ForcepToReference-SequenceTransformStatus = OK
Seq_Frame0038_Timestamp = 4.09
Seq_Frame0039_ForcepToReference-SequenceTransform =0.67316 -0.0871669 -0.734341 30.8032 0.486716 -0.695394 0.52871 -11.1201 -0.556743 -0.713322 -0.425686 -15.8383 0 0 0 1 
Seq_Frame0039_ForcepToReference-SequenceTransformStatus = OK
Seq_Frame0039_Timestamp = 4.202
Seq_Frame0040_ForcepToReference-SequenceTransform =0.672054 -0.0874637 -0.735318 30.799 0.486878 -0.695992 0.527775 -11.1296 -0.557936 -0.712703 -0.42516 -15.8316 0 0 0 1 
Seq_Frame0040_ForcepToReference-SequenceTransformStatus = OK
Seq_Frame0040_Timestamp = 4.307
Seq_Frame0041_ForcepToReference-SequenceTransform =0.673136 -0.0873131 -0.734347 30.8081 0.486303 -0.695841 0.528502 -11.1148 -0.557134 -0.712868 -0.425935 -15.865 0 0 0 1 
Seq_Frame0041_ForcepToReference-SequenceTransformStatus = OK
Seq_Frame0041_Timestamp = 4.412
Seq_Frame0042_ForcepToReference-SequenceTransform =0.672931 -0.0872824 -0.734537 30.8058 0.486228 -0.696146 0.528169 -11.1096 -0.557445 -0.712574 -0.426019 -15.8915 0 0 0 1 
Seq_Frame0042_ForcepToReference-SequenceTransformStatus = OK
Seq_Frame0042_Timestamp = 4.522
Seq_Frame0043_ForcepToReference-SequenceTransform =0.672959 -0.0874929 -0.734487 30.8037 0.485946 -0.69633 0.528186 -11.1248 -0.557658 -0.712368 -0.426085 -15.8431 0 0 0 1 
Seq_Frame0043_ForcepToReference-SequenceTransformStatus = OK
Seq_Frame0043_Timestamp = 4.624
Seq_Frame0044_ForcepToReference-SequenceTransform =0.673116 -0.0874741 -0.734345 30.7982 0.486272 -0.695783 0.528607 -11.1227 -0.557184 -0.712906 -0.425807 -15.8549 0 0 0 1 
Seq_Frame0044_ForcepToReference-SequenceTransformStatus = OK
Seq_Frame0044_Timestamp = 4.731
Seq_Frame0045_ForcepToReference-SequenceTransform =0.673305 -0.0873067 -0.734192 30.8025 0.485609 -0.696577 0.528171 -11.1341 -0.557534 -0.71215 -0.426612 -15.829 0 0 0 1 
Seq_Frame0045_ForcepToReference-SequenceTransformStatus = OK
Seq_Frame0045_Timestamp = 4.836
Seq_Frame0046_ForcepToReference-SequenceTransform =0.672977 -0.0874508 -0.734476 30.8029 0.486193 -0.696028 0.528356 -11.1251 -0.557421 -0.712669 -0.425893 -15.8302 0 0 0 1 
Seq_Frame0046_ForcepToReference-SequenceTransformStatus = OK
Seq_Frame0046_Timestamp = 4.942
Seq_Frame0047_ForcepToReference-SequenceTransform =0.672587 -0.0873877 -0.73484 30.8023 0.486528 -0.696004 0.52808 -11.1129 -0.5576 -0.7127 -0.425607 -15.8904 0 0 0 1 
Seq_Frame0047_ForcepToReference-SequenceTransformStatus = OK
Seq_Frame0047_Timestamp = 5.046
Seq_Frame0048_ForcepToReference-SequenceTransform =0.672237 -0.0872912 -0.735172 30.8034 0.487033 -0.695749 0.527951 -11.1155 -0.557581 -0.712961 -0.425195 -15.868 0 0 0 1 
Seq_Frame0048_ForcepToReference-SequenceTransformStatus = OK
Seq_Frame0048_Timestamp = 5.152
Seq_Frame0049_ForcepToReference-SequenceTransform =0.673537 -0.0874933 -0.733957 30.8019 0.485357 -0.696551 0.528436 -11.1226 -0.557473 -0.712153 -0.426687 -15.8362 0 0 0 1 
Seq_Frame0049_ForcepToReference-SequenceTransformStatus = OK
Seq_Frame0049_Timestamp = 5.256
Seq_Frame0050_ForcepToReference-SequenceTransform =0.672697 -0.0875333 -0.734722 30.8017 0.48615 -0.696281 0.528063 -11.1222 -0.557796 -0.712411 -0.425833 -15.829 0 0 0 1 
Seq_Frame0050_ForcepToReference-SequenceTransformStatus = OK
Seq_Frame0050_Timestamp = 5.365
Seq_Frame0051_ForcepToReference-SequenceTransform =0.672808 -0.0874811 -0.734627 30.8001 0.486782 -0.695408 0.528631 -11.1317 -0.557111 -0.71327 -0.425292 -15.7958 0 0 0 1 
Seq_Frame0051_ForcepToReference-SequenceTransformStatus = OK
Seq_Frame0051_Timestamp = 5.471
Seq_Frame0052_ForcepToReference-SequenceTransform =0.673859 -0.0873976 -0.733673 30.803 0.485735 -0.695841 0.529025 -11.1307 -0.556755 -0.712858 -0.426446 -15.8242 0 0 0 1 
Seq_Frame0052_ForcepToReference-SequenceTransformStatus = OK
Seq_Frame0052_Timestamp = 5.577
Seq_Frame0053_ForcepToReference-SequenceTransform =0.67323 -0.0872808 -0.734264 30.8108 0.486241 -0.695857 0.528538 -11.1366 -0.557074 -0.712857 -0.426032 -15.8183 0 0 0 1 
Seq_Frame0053_ForcepToReference-SequenceTransformStatus = OK
Seq_Frame0053_Timestamp = 5.686
Seq_Frame0054_ForcepToReference-SequenceTransform =0.673061 -0.0869168 -0.734462 30.8016 0.485603 -0.69709 0.5275 -11.1252 -0.557835 -0.711696 -0.426977 -15.8906 0 0 0 1 
Seq_Frame0054_ForcepToReference-SequenceTransformStatus = OK
Seq_Frame0054_Timestamp = 5.793
Seq_Frame0055_ForcepToReference-SequenceTransform =0.672358 -0.0868536 -0.735113 30.808 0.486619 -0.696482 0.527366 -11.1353 -0.557797 -0.712298 -0.426021 -15.8638 0 0 0 1 
Seq_Frame0055_ForcepToReference-SequenceTransformStatus = OK
Seq_Frame0055_Timestamp = 5.898
Seq_Frame0056_ForcepToReference-SequenceTransform =0.673056 -0.0870933 -0.734446 30.8079 0.485978 -0.696488 0.527949 -11.133 -0.557513 -0.712264 -0.42645 -15.8602 0 0 0 1 
Seq_Frame0056_ForcepToReference-SequenceTransformStatus = OK
Seq_Frame0056_Timestamp = 6.007
Seq_Frame0057_ForcepToReference-SequenceTransform =0.673158 -0.0868072 -0.734386 30.8137 0.485082 -0.697742 0.527116 -11.1359 -0.558169 -0.71107 -0.427582 -15.869 0 0 0 1 
Seq_Frame0057_ForcepToReference-SequenceTransformStatus = OK
Seq_Frame0057_Timestamp = 6.117
Seq_Frame0058_ForcepToReference-SequenceTransform =0.673227 -0.0866951 -0.734336 30.8155 0.48494 -0.697941 0.526983 -11.1318 -0.55821 -0.710889 -0.42783 -15.9015 0 0 0 1 
Seq_Frame0058_ForcepToReference-SequenceTransformStatus = OK
Seq_Frame0058_Timestamp = 6.222
Seq_Frame0059_ForcepToReference-SequenceTransform =0.672928 -0.0866878 -0.734611 30.8085 0.485442 -0.69758 0.526999 -11.1209 -0.558134 -0.711243 -0.427339 -15.9391 0 0 0 1 
Seq_Frame0059_ForcepToReference-SequenceTransformStatus = OK
Seq_Frame0059_Timestamp = 6.326
Seq_Frame0060_ForcepToReference-SequenceTransform =0.672965 -0.0867285 -0.734572 30.8103 0.484837 -0.698288 0.526619 -11.1201 -0.558615 -0.710544 -0.427874 -15.926 0 0 0 1 
Seq_Frame0060_ForcepToReference-SequenceTransformStatus = OK
Seq_Frame0060_Timestamp = 6.437
Seq_Frame0061_ForcepToReference-SequenceTransform =0.673325 -0.0866316 -0.734254 30.8099 0.484647 -0.69827 0.526817 -11.1293 -0.558347 -0.710573 -0.428177 -15.9125 0 0 0 1 
Seq_Frame0061_ForcepToReference-SequenceTransformStatus = OK
Seq_Frame0061_Timestamp = 6.543
Seq_Frame0062_ForcepToReference-SequenceTransform =0.672969 -0.0867587 -0.734565 30.8072 0.484559 -0.698616 0.526439 -11.123 -0.558852 -0.710217 -0.428107 -15.9259 0 0 0 1 
Seq_Frame0062_ForcepToReference-SequenceTransformStatus = OK
Seq_Frame0062_Timestamp = 6.652
Seq_Frame0063_ForcepToReference-SequenceTransform =0.672902 -0.0867279 -0.73463 30.8037 0.484722 -0.698492 0.526454 -11.1225 -0.558791 -0.710343 -0.427978 -15.941 0 0 0 1 
Seq_Frame0063_ForcepToReference-SequenceTransformStatus = OK
Seq_Frame0063_Timestamp = 6.756
Seq_Frame0064_ForcepToReference-SequenceTransform =0.673293 -0.0865785 -0.734289 30.807 0.484602 -0.698395 0.526693 -11.1302 -0.558424 -0.710457 -0.428268 -15.9039 0 0 0 1 
Seq_Frame0064_ForcepToReference-SequenceTransformStatus = OK
Seq_Frame0064_Timestamp = 6.862
Seq_Frame0065_ForcepToReference-SequenceTransform =0.672708 -0.0869009 -0.734787 30.8071 0.484927 -0.698284 0.526541 -11.1198 -0.558847 -0.710526 -0.427601 -15.9461 0 0 0 1 
Seq_Frame0065_ForcepToReference-SequenceTransformStatus = OK
Seq_Frame0065_Timestamp = 6.967
Seq_Frame0066_ForcepToReference-SequenceTransform =0.673349 -0.0864272 -0.734255 30.8108 0.484356 -0.698764 0.526429 -11.1173 -0.558569 -0.710112 -0.428651 -15.9365 0 0 0 1 
Seq_Frame0066_ForcepToReference-SequenceTransformStatus = OK
Seq_Frame0066_Timestamp = 7.071
Seq_Frame0067_ForcepToReference-SequenceTransform =0.673689 -0.0866122 -0.733922 30.8198 0.484048 -0.698714 0.526779 -11.1511 -0.558427 -0.710139 -0.428791 -15.8366 0 0 0 1 
Seq_Frame0067_ForcepToReference-SequenceTransformStatus = OK
Seq_Frame0067_Timestamp = 7.177
Seq_Frame0068_ForcepToReference-SequenceTransform =0.67309 -0.0867879 -0.73445 30.8068 0.485431 -0.697373 0.527283 -11.1305 -0.557948 -0.711434 -0.427266 -15.9162 0 0 0 1 
Seq_Frame0068_ForcepToReference-SequenceTransformStatus = OK
Seq_Frame0068_Timestamp = 7.286
Seq_Frame0069_ForcepToReference-SequenceTransform =0.672615 -0.0871666 -0.734841 30.8037 0.486205 -0.696549 0.527659 -11.1155 -0.557847 -0.712195 -0.426129 -15.9197 0 0 0 1 
Seq_Frame0069_ForcepToReference-SequenceTransformStatus = OK
Seq_Frame0069_Timestamp = 7.392
Seq_Frame0070_ForcepToReference-SequenceTransform =0.6719 -0.0875424 -0.73545 30.8038 0.4868 -0.696176 0.527603 -11.1363 -0.55819 -0.712514 -0.425145 -15.8299 0 0 0 1 
Seq_Frame0070_ForcepToReference-SequenceTransformStatus = OK
Seq_Frame0070_Timestamp = 7.498
Seq_Frame0071_ForcepToReference-SequenceTransform =0.672772 -0.087351 -0.734676 30.8022 0.485296 -0.697433 0.527328 -11.1316 -0.55845 -0.711307 -0.426822 -15.8428 0 0 0 1 
Seq_Frame0071_ForcepToReference-SequenceTransformStatus = OK
Seq_Frame0071_Timestamp = 7.607
Seq_Frame0072_ForcepToReference-SequenceTransform =0.672275 -0.0874073 -0.735124 30.8053 0.486415 -0.69642 0.527635 -11.1308 -0.558074 -0.712291 -0.42567 -15.8288 0 0 0 1 
Seq_Frame0072_ForcepToReference-SequenceTransformStatus = OK
Seq_Frame0072_Timestamp = 7.712
Seq_Frame0073_ForcepToReference-SequenceTransform =0.672902 -0.0871917 -0.734575 30.804 0.485585 -0.697059 0.527556 -11.1174 -0.558041 -0.711692 -0.426714 -15.8841 0 0 0 1 
Seq_Frame0073_ForcepToReference-SequenceTransformStatus = OK
Seq_Frame0073_Timestamp = 7.816
Seq_Frame0074_ForcepToReference-SequenceTransform =0.673432 -0.0870839 -0.734102 30.8097 0.485441 -0.696835 0.527985 -11.1339 -0.557527 -0.711925 -0.426997 -15.8436 0 0 0 1 
Seq_Frame0074_ForcepToReference-SequenceTransformStatus = OK
Seq_Frame0074_Timestamp = 7.927
Seq_Frame0075_ForcepToReference-SequenceTransform =0.672335 -0.0873744 -0.735072 30.8028 0.486699 -0.696026 0.527893 -11.1292 -0.557754 -0.71268 -0.425438 -15.8254 0 0 0 1 
Seq_Frame0075_ForcepToReference-SequenceTransformStatus = OK
Seq_Frame0075_Timestamp = 8.031
Seq_Frame0076_ForcepToReference-SequenceTransform =0.673208 -0.0874625 -0.734263 30.804 0.486082 -0.69595 0.528562 -11.1243 -0.55724 -0.712744 -0.426005 -15.8158 0 0 0 1 
Seq_Frame0076_ForcepToReference-SequenceTransformStatus = OK
Seq_Frame0076_Timestamp = 8.142
Seq_Frame0077_ForcepToReference-SequenceTransform =0.673004 -0.0875391 -0.73444 30.8022 0.486106 -0.696052 0.528406 -11.1157 -0.557465 -0.712635 -0.425893 -15.8423 0 0 0 1 
Seq_Frame0077_ForcepToReference-SequenceTransformStatus = OK
Seq_Frame0077_Timestamp = 8.246
Seq_Frame0078_ForcepToReference-SequenceTransform =0.673218 -0.0875651 -0.734241 30.7962 0.48599 -0.695983 0.528602 -11.128 -0.557306 -0.712699 -0.425993 -15.7901 0 0 0 1 
Seq_Frame0078_ForcepToReference-SequenceTransformStatus = OK
Seq_Frame0078_Timestamp = 8.357
Seq_Frame0079_ForcepToReference-SequenceTransform =0.67334 -0.0871683 -0.734176 30.8297 0.48609 -0.696029 0.52845 -11.1453 -0.557072 -0.712703 -0.426293 -15.8976 0 0 0 1 
Seq_Frame0079_ForcepToReference-SequenceTransformStatus = OK
Seq_Frame0079_Timestamp = 8.826
Seq_Frame0080_ForcepToReference-SequenceTransform =0.0707613 0.0408066 -0.996658 22.6767 0.662719 -0.748689 0.0163983 122.474 -0.745517 -0.661665 -0.0800215 -73.3511 0 0 0 1 
Seq_Frame0080_ForcepToReference-SequenceTransformStatus = OK
Seq_Frame0080_Timestamp = 10.272
Seq_Frame0081_ForcepToReference-SequenceTransform =-0.0525715 0.327684 -0.943324 27.0176 0.518313 -0.798474 -0.306253 160.539 -0.853573 -0.505037 -0.127866 -53.694 0 0 0 1 
Seq_Frame0081_ForcepToReference-SequenceTransformStatus = OK
Seq_Frame0081_Timestamp = 10.376
Seq_Frame0082_ForcepToReference-SequenceTransform =-0.0945445 0.449869 -0.888076 33.8552 0.403516 -0.798188 -0.447293 191.927 -0.910075 -0.400642 -0.106065 -31.4182 0 0 0 1 
Seq_Frame0082_ForcepToReference-SequenceTransformStatus = OK
Seq_Frame0082_Timestamp = 10.481
Seq_Frame0083_ForcepToReference-SequenceTransform =-0.162369 0.441134 -0.882631 32.3476 0.455867 -0.759779 -0.463595 200.52 -0.875112 -0.477636 -0.0777341 -28.5855 0 0 0 1 
Seq_Frame0083_ForcepToReference-SequenceTransformStatus = OK
Seq_Frame0083_Timestamp = 10.767
Seq_Frame0084_ForcepToReference-SequenceTransform =0.681706 0.109274 0.723419 45.4502 -0.578654 0.685591 0.441729 201.522 -0.4477 -0.719739 0.530604 -42.4289 0 0 0 1 
Seq_Frame0084_ForcepToReference-SequenceTransformStatus = OK
Seq_Frame0084_Timestamp = 10.932
Seq_Frame0085_ForcepToReference-SequenceTransform =0.571298 0.0415899 0.819688 38.9431 -0.627007 0.666561 0.403185 188.261 -0.529603 -0.74429 0.406882 -48.272 0 0 0 1 
Seq_Frame0085_ForcepToReference-SequenceTransformStatus = OK
Seq_Frame0085_Timestamp = 11.036
Seq_Frame0086_ForcepToReference-SequenceTransform =-0.366129 -0.209746 -0.906618 44.6484 0.392044 -0.918352 0.0541372 174.817 -0.84395 -0.335613 0.418464 -37.751 0 0 0 1 
Seq_Frame0086_ForcepToReference-SequenceTransformStatus = OK
Seq_Frame0086_Timestamp = 11.312
Seq_Frame0087_ForcepToReference-SequenceTransform =-0.353383 -0.231851 -0.906292 47.8455 0.430646 -0.90036 0.0624154 175.27 -0.830461 -0.368234 0.418017 -39.2908 0 0 0 1 
Seq_Frame0087_ForcepToReference-SequenceTransformStatus = OK
Seq_Frame0087_Timestamp = 11.417
Seq_Frame0088_ForcepToReference-SequenceTransform =-0.318103 -0.253184 -0.913624 52.9812 0.443097 -0.891656 0.0928202 176.766 -0.838138 -0.375297 0.395823 -37.5298 0 0 0 1 
Seq_Frame0088_ForcepToReference-SequenceTransformStatus = OK
Seq_Frame0088_Timestamp = 11.526
Seq_Frame0089_ForcepToReference-SequenceTransform =-0.262748 -0.299579 -0.917178 58.1736 0.482546 -0.863959 0.14396 179.458 -0.835532 -0.404755 0.371564 -35.1241 0 0 0 1 
Seq_Frame0089_ForcepToReference-SequenceTransformStatus = OK
Seq_Frame0089_Timestamp = 11.632
Seq_Frame0090_ForcepToReference-SequenceTransform =-0.348235 -0.330481 -0.87722 53.8858 0.517057 -0.848282 0.11432 184.898 -0.781911 -0.413763 0.466279 -42.1559 0 0 0 1 
Seq_Frame0090_ForcepToReference-SequenceTransformStatus = OK
Seq_Frame0090_Timestamp = 11.74
Seq_Frame0091_ForcepToReference-SequenceTransform =-0.363594 -0.382157 -0.849562 51.7083 0.529734 -0.834993 0.148889 185.174 -0.766278 -0.395907 0.50604 -42.7117 0 0 0 1 
Seq_Frame0091_ForcepToReference-SequenceTransformStatus = OK
Seq_Frame0091_Timestamp = 11.852
Seq_Frame0092_ForcepToReference-SequenceTransform =-0.20215 -0.485574 -0.850502 55.9947 0.45377 -0.816028 0.358038 171.997 -0.867887 -0.313555 0.385299 -37.8624 0 0 0 1 
Seq_Frame0092_ForcepToReference-SequenceTransformStatus = OK
Seq_Frame0092_Timestamp = 11.957
Seq_Frame0093_ForcepToReference-SequenceTransform =-0.188206 -0.517602 -0.834665 52.3633 0.423173 -0.809655 0.406673 165.587 -0.886286 -0.27667 0.371418 -38.5874 0 0 0 1 
Seq_Frame0093_ForcepToReference-SequenceTransformStatus = OK
Seq_Frame0093_Timestamp = 12.067
Seq_Frame0094_ForcepToReference-SequenceTransform =-0.166113 -0.568287 -0.805889 50.0645 0.440033 -0.774082 0.455156 165.024 -0.882484 -0.27901 0.37865 -36.094 0 0 0 1 
Seq_Frame0094_ForcepToReference-SequenceTransformStatus = OK
Seq_Frame0094_Timestamp = 12.171
Seq_Frame0095_ForcepToReference-SequenceTransform =-0.0885342 -0.697479 -0.711115 41.5595 0.435171 -0.669266 0.602253 163.477 -0.895984 -0.256137 0.362776 -35.1737 0 0 0 1 
Seq_Frame0095_ForcepToReference-SequenceTransformStatus = OK
Seq_Frame0095_Timestamp = 12.282
Seq_Frame0096_ForcepToReference-SequenceTransform =-0.0642443 -0.71186 -0.699377 41.3574 0.430715 -0.651967 0.624039 163.119 -0.900199 -0.261141 0.348494 -33.1507 0 0 0 1 
Seq_Frame0096_ForcepToReference-SequenceTransformStatus = OK
Seq_Frame0096_Timestamp = 12.386
Seq_Frame0097_ForcepToReference-SequenceTransform =-0.0967346 -0.724069 -0.682911 37.3295 0.450231 -0.643749 0.618772 165.289 -0.887657 -0.247611 0.388271 -35.6224 0 0 0 1 
Seq_Frame0097_ForcepToReference-SequenceTransformStatus = OK
Seq_Frame0097_Timestamp = 12.492
Seq_Frame0098_ForcepToReference-SequenceTransform =-0.127825 -0.743965 -0.655878 32.9005 0.485519 -0.623584 0.612711 168.647 -0.864831 -0.240122 0.440919 -37.4897 0 0 0 1 
Seq_Frame0098_ForcepToReference-SequenceTransformStatus = OK
Seq_Frame0098_Timestamp = 12.596
Seq_Frame0099_ForcepToReference-SequenceTransform =-0.136343 -0.757126 -0.638883 33.1043 0.50233 -0.608686 0.614139 169.386 -0.853859 -0.237197 0.463317 -35.1768 0 0 0 1 
Seq_Frame0099_ForcepToReference-SequenceTransformStatus = OK
Seq_Frame0099_Timestamp = 12.702
Seq_Frame0100_ForcepToReference-SequenceTransform =-0.137057 -0.759165 -0.636305 32.0074 0.497357 -0.608267 0.618584 170.135 -0.856651 -0.23169 0.460944 -33.2516 0 0 0 1 
Seq_Frame0100_ForcepToReference-SequenceTransformStatus = OK
Seq_Frame0100_Timestamp = 12.815
Seq_Frame0101_ForcepToReference-SequenceTransform =-0.158651 -0.74889 -0.643423 31.6618 0.540263 -0.611305 0.578293 173.375 -0.826405 -0.255871 0.501582 -33.7257 0 0 0 1 
Seq_Frame0101_ForcepToReference-SequenceTransformStatus = OK
Seq_Frame0101_Timestamp = 12.918
Seq_Frame0102_ForcepToReference-SequenceTransform =-0.157851 -0.740524 -0.653229 31.9385 0.572112 -0.607765 0.550735 177.593 -0.804842 -0.286786 0.519599 -34.003 0 0 0 1 
Seq_Frame0102_ForcepToReference-SequenceTransformStatus = OK
Seq_Frame0102_Timestamp = 13.022
Seq_Frame0103_ForcepToReference-SequenceTransform =-0.111944 -0.753243 -0.648146 32.0965 0.592656 -0.574155 0.564894 181.828 -0.797639 -0.320891 0.510687 -34.6041 0 0 0 1 
Seq_Frame0103_ForcepToReference-SequenceTransformStatus = OK
Seq_Frame0103_Timestamp = 13.133
Seq_Frame0104_ForcepToReference-SequenceTransform =-0.0715509 -0.792038 -0.606264 30.1153 0.605412 -0.517538 0.604674 184.747 -0.79269 -0.323775 0.516539 -34.2872 0 0 0 1 
Seq_Frame0104_ForcepToReference-SequenceTransformStatus = OK
Seq_Frame0104_Timestamp = 13.236
Seq_Frame0105_ForcepToReference-SequenceTransform =-0.051525 -0.809668 -0.584622 28.6678 0.600841 -0.49273 0.629449 187.328 -0.797706 -0.318833 0.51187 -32.7047 0 0 0 1 
Seq_Frame0105_ForcepToReference-SequenceTransformStatus = OK
Seq_Frame0105_Timestamp = 13.347
Seq_Frame0106_ForcepToReference-SequenceTransform =-0.053597 -0.817509 -0.573416 26.6119 0.603075 -0.484187 0.633928 189.4 -0.795882 -0.311836 0.51897 -31.5217 0 0 0 1 
Seq_Frame0106_ForcepToReference-SequenceTransformStatus = OK
Seq_Frame0106_Timestamp = 13.451
Seq_Frame0107_ForcepToReference-SequenceTransform =-0.073053 -0.823039 -0.563267 24.6812 0.586523 -0.492241 0.643187 189.926 -0.806631 -0.283382 0.518691 -32.0077 0 0 0 1 
Seq_Frame0107_ForcepToReference-SequenceTransformStatus = OK
Seq_Frame0107_Timestamp = 13.557
Seq_Frame0108_ForcepToReference-SequenceTransform =-0.08482 -0.828067 -0.554176 23.9102 0.588414 -0.490469 0.642813 190.609 -0.804098 -0.271562 0.528848 -32.7048 0 0 0 1 
Seq_Frame0108_ForcepToReference-SequenceTransformStatus = OK
Seq_Frame0108_Timestamp = 13.796
Seq_Frame0109_ForcepToReference-SequenceTransform =-0.08482 -0.828067 -0.554176 23.9102 0.588414 -0.490469 0.642813 190.609 -0.804098 -0.271562 0.528848 -32.7048 0 0 0 1 
Seq_Frame0109_ForcepToReference-SequenceTransformStatus = OK
Seq_Frame0109_Timestamp = 13.902
Seq_Frame0110_ForcepToReference-SequenceTransform =-0.08482 -0.828067 -0.554176 23.9102 0.588414 -0.490469 0.642813 190.609 -0.804098 -0.271562 0.528848 -32.7048 0 0 0 1 
Seq_Frame0110_ForcepToReference-SequenceTransformStatus = OK
Seq_Frame0110_Timestamp = 14.006
Seq_Frame0111_ForcepToReference-SequenceTransform =0.0434692 -0.85462 -0.517432 13.0314 0.6612 -0.363654 0.656179 209.608 -0.748949 -0.370649 0.549267 -36.4136 0 0 0 1 
Seq_Frame0111_ForcepToReference-SequenceTransformStatus = OK
Seq_Frame0111_Timestamp = 14.112
Seq_Frame0112_ForcepToReference-SequenceTransform =0.130086 -0.845961 -0.517133 14.3787 0.595236 -0.350489 0.723085 200.261 -0.792952 -0.401879 0.457953 -42.1299 0 0 0 1 
Seq_Frame0112_ForcepToReference-SequenceTransformStatus = OK
Seq_Frame0112_Timestamp = 14.217
Seq_Frame0113_ForcepToReference-SequenceTransform =0.124984 -0.852674 -0.507273 13.1196 0.452343 -0.406081 0.794031 183.074 -0.883043 -0.328702 0.334947 -37.9018 0 0 0 1 
Seq_Frame0113_ForcepToReference-SequenceTransformStatus = OK
Seq_Frame0113_Timestamp = 14.332
Seq_Frame0114_ForcepToReference-SequenceTransform =-0.0363119 -0.886601 -0.461108 4.97363 0.341971 -0.44458 0.827891 171.599 -0.939009 -0.127623 0.319335 -31.1924 0 0 0 1 
Seq_Frame0114_ForcepToReference-SequenceTransformStatus = OK
Seq_Frame0114_Timestamp = 14.446
Seq_Frame0115_ForcepToReference-SequenceTransform =-0.1319 -0.896993 -0.421907 -4.82559 0.452978 -0.433129 0.779237 180.29 -0.88171 -0.0883336 0.463448 -29.9646 0 0 0 1 
Seq_Frame0115_ForcepToReference-SequenceTransformStatus = OK
Seq_Frame0115_Timestamp = 14.557
Seq_Frame0116_ForcepToReference-SequenceTransform =-0.1319 -0.896993 -0.421907 -4.82559 0.452978 -0.433129 0.779237 180.29 -0.88171 -0.0883336 0.463448 -29.9646 0 0 0 1 
Seq_Frame0116_ForcepToReference-SequenceTransformStatus = OK
Seq_Frame0116_Timestamp = 14.662
Seq_Frame0117_ForcepToReference-SequenceTransform =-0.1319 -0.896993 -0.421907 -4.82559 0.452978 -0.433129 0.779237 180.29 -0.88171 -0.0883336 0.463448 -29.9646 0 0 0 1 
Seq_Frame0117_ForcepToReference-SequenceTransformStatus = OK
Seq_Frame0117_Timestamp = 14.773
Seq_Frame0118_ForcepToReference-SequenceTransform =-0.1319 -0.896993 -0.421907 -4.82559 0.452978 -0.433129 0.779237 180.29 -0.88171 -0.0883336 0.463448 -29.9646 0 0 0 1 
Seq_Frame0118_ForcepToReference-SequenceTransformStatus = OK
Seq_Frame0118_Timestamp = 14.874
Seq_Frame0119_ForcepToReference-SequenceTransform =-0.70301 -0.149854 0.695212 -100.212 -0.639936 0.559752 -0.526459 231.247 -0.310254 -0.814998 -0.489409 4.08039 0 0 0 1 
Seq_Frame0119_ForcepToReference-SequenceTransformStatus = OK
Seq_Frame0119_Timestamp = 14.982
Seq_Frame0120_ForcepToReference-SequenceTransform =-0.722235 -0.212757 0.658112 -106.668 -0.623854 0.611229 -0.487038 237.794 -0.298637 -0.762321 -0.57418 15.0534 0 0 0 1 
Seq_Frame0120_ForcepToReference-SequenceTransformStatus = OK
Seq_Frame0120_Timestamp = 15.091
Seq_Frame0121_ForcepToReference-SequenceTransform =-0.726194 -0.219801 0.651406 -107.552 -0.608114 0.647347 -0.459499 242.678 -0.320688 -0.729814 -0.603764 23.6381 0 0 0 1 
Seq_Frame0121_ForcepToReference-SequenceTransformStatus = OK
Seq_Frame0121_Timestamp = 15.197
Seq_Frame0122_ForcepToReference-SequenceTransform =-0.730487 -0.226554 0.644253 -107.825 -0.605653 0.650805 -0.457862 242.962 -0.315553 -0.724656 -0.612618 25.6596 0 0 0 1 
Seq_Frame0122_ForcepToReference-SequenceTransformStatus = OK
Seq_Frame0122_Timestamp = 15.302
Seq_Frame0123_ForcepToReference-SequenceTransform =-0.736746 -0.22881 0.636279 -107.054 -0.597982 0.659735 -0.455157 244.181 -0.315631 -0.715818 -0.622881 26.5007 0 0 0 1 
Seq_Frame0123_ForcepToReference-SequenceTransformStatus = OK
Seq_Frame0123_Timestamp = 15.412
Seq_Frame0124_ForcepToReference-SequenceTransform =-0.739698 -0.237451 0.629653 -108.56 -0.59205 0.674407 -0.441195 246.811 -0.319881 -0.699137 -0.63944 28.7961 0 0 0 1 
Seq_Frame0124_ForcepToReference-SequenceTransformStatus = OK
Seq_Frame0124_Timestamp = 15.515
Seq_Frame0125_ForcepToReference-SequenceTransform =-0.746522 -0.254751 0.614661 -110.249 -0.586796 0.687551 -0.427719 250.455 -0.313649 -0.679982 -0.662759 32.5931 0 0 0 1 
Seq_Frame0125_ForcepToReference-SequenceTransformStatus = OK
Seq_Frame0125_Timestamp = 15.622
Seq_Frame0126_ForcepToReference-SequenceTransform =-0.743435 -0.250444 0.620147 -111.465 -0.575111 0.712702 -0.401624 253.349 -0.341395 -0.655235 -0.673881 35.3286 0 0 0 1 
Seq_Frame0126_ForcepToReference-SequenceTransformStatus = OK
Seq_Frame0126_Timestamp = 15.726
Seq_Frame0127_ForcepToReference-SequenceTransform =-0.740022 -0.256905 0.621584 -112.37 -0.56737 0.734748 -0.371802 254.053 -0.36119 -0.62781 -0.68949 36.4432 0 0 0 1 
Seq_Frame0127_ForcepToReference-SequenceTransformStatus = OK
Seq_Frame0127_Timestamp = 15.832
Seq_Frame0128_ForcepToReference-SequenceTransform =-0.733414 -0.250808 0.631822 -112.724 -0.55267 0.761168 -0.339381 252.552 -0.395803 -0.598096 -0.696866 33.0507 0 0 0 1 
Seq_Frame0128_ForcepToReference-SequenceTransformStatus = OK
Seq_Frame0128_Timestamp = 15.936
Seq_Frame0129_ForcepToReference-SequenceTransform =-0.705056 -0.265771 0.657466 -111.718 -0.50286 0.841086 -0.199262 251.696 -0.500028 -0.471105 -0.726659 30.7658 0 0 0 1 
Seq_Frame0129_ForcepToReference-SequenceTransformStatus = OK
Seq_Frame0129_Timestamp = 16.041
Seq_Frame0130_ForcepToReference-SequenceTransform =-0.637187 -0.386199 0.666965 -113.089 -0.36758 0.912907 0.177441 249.801 -0.677405 -0.1321 -0.723652 31.698 0 0 0 1 
Seq_Frame0130_ForcepToReference-SequenceTransformStatus = OK
Seq_Frame0130_Timestamp = 16.146
Seq_Frame0131_ForcepToReference-SequenceTransform =-0.585785 -0.42523 0.689953 -115.504 -0.339417 0.901768 0.267602 245.225 -0.73597 -0.0774245 -0.672572 25.455 0 0 0 1 
Seq_Frame0131_ForcepToReference-SequenceTransformStatus = OK
Seq_Frame0131_Timestamp = 16.252
Seq_Frame0132_ForcepToReference-SequenceTransform =-0.50639 -0.457294 0.731062 -115.702 -0.291337 0.888678 0.354083 248.312 -0.811599 -0.0336812 -0.583244 8.7747 0 0 0 1 
Seq_Frame0132_ForcepToReference-SequenceTransformStatus = OK
Seq_Frame0132_Timestamp = 16.362
Seq_Frame0133_ForcepToReference-SequenceTransform =-0.302485 -0.533956 0.789553 -107.933 -0.203117 0.845441 0.493935 258.742 -0.931261 -0.010964 -0.364189 -14.97 0 0 0 1 
Seq_Frame0133_ForcepToReference-SequenceTransformStatus = OK
Seq_Frame0133_Timestamp = 16.465
Seq_Frame0134_ForcepToReference-SequenceTransform =0.214246 -0.446723 0.868641 -70.8705 -0.27817 0.824563 0.492664 262.286 -0.936333 -0.347181 0.0523942 -43.3825 0 0 0 1 
Seq_Frame0134_ForcepToReference-SequenceTransformStatus = OK
Seq_Frame0134_Timestamp = 16.572
Seq_Frame0135_ForcepToReference-SequenceTransform =0.499872 -0.21234 0.839667 -32.3427 -0.364796 0.827672 0.426478 250.403 -0.785527 -0.519491 0.336269 -53.5801 0 0 0 1 
Seq_Frame0135_ForcepToReference-SequenceTransformStatus = OK
Seq_Frame0135_Timestamp = 16.676
Seq_Frame0136_ForcepToReference-SequenceTransform =-0.230829 0.234247 -0.944376 34.6473 0.423428 -0.849678 -0.314255 239.331 -0.876029 -0.472414 0.0969439 -12.7604 0 0 0 1 
Seq_Frame0136_ForcepToReference-SequenceTransformStatus = OK
Seq_Frame0136_Timestamp = 17.551
Seq_Frame0137_ForcepToReference-SequenceTransform =-0.144292 0.298376 -0.943478 40.2488 0.318935 -0.888552 -0.329782 241.026 -0.936729 -0.348493 0.0330488 -13.5448 0 0 0 1 
Seq_Frame0137_ForcepToReference-SequenceTransformStatus = OK
Seq_Frame0137_Timestamp = 17.657
Seq_Frame0138_ForcepToReference-SequenceTransform =0.51049 0.250695 0.822528 46.7269 -0.740197 0.614931 0.271971 216.635 -0.437616 -0.747671 0.49948 -25.9692 0 0 0 1 
Seq_Frame0138_ForcepToReference-SequenceTransformStatus = OK
Seq_Frame0138_Timestamp = 18.232
Seq_Frame0139_ForcepToReference-SequenceTransform =0.250909 0.246187 0.936182 30.0459 -0.786358 0.615841 0.0488066 204.736 -0.564523 -0.74842 0.348111 -37.7352 0 0 0 1 
Seq_Frame0139_ForcepToReference-SequenceTransformStatus = OK
Seq_Frame0139_Timestamp = 18.337
Seq_Frame0140_ForcepToReference-SequenceTransform =0.140229 0.171313 0.975186 19.3218 -0.800206 0.599647 0.00972622 205.384 -0.583101 -0.781713 0.221174 -37.9541 0 0 0 1 
Seq_Frame0140_ForcepToReference-SequenceTransformStatus = OK
Seq_Frame0140_Timestamp = 18.446
Seq_Frame0141_ForcepToReference-SequenceTransform =0.140229 0.171313 0.975186 19.3218 -0.800206 0.599647 0.00972622 205.384 -0.583101 -0.781713 0.221174 -37.9541 0 0 0 1 
Seq_Frame0141_ForcepToReference-SequenceTransformStatus = OK
Seq_Frame0141_Timestamp = 18.552
Seq_Frame0142_ForcepToReference-SequenceTransform =0.140229 0.171313 0.975186 19.3218 -0.800206 0.599647 0.00972622 205.384 -0.583101 -0.781713 0.221174 -37.9541 0 0 0 1 
Seq_Frame0142_ForcepToReference-SequenceTransformStatus = OK
Seq_Frame0142_Timestamp = 18.656
Seq_Frame0143_ForcepToReference-SequenceTransform =0.140229 0.171313 0.975186 19.3218 -0.800206 0.599647 0.00972622 205.384 -0.583101 -0.781713 0.221174 -37.9541 0 0 0 1 
Seq_Frame0143_ForcepToReference-SequenceTransformStatus = OK
Seq_Frame0143_Timestamp = 18.761
Seq_Frame0144_ForcepToReference-SequenceTransform =0.140229 0.171313 0.975186 19.3218 -0.800206 0.599647 0.00972622 205.384 -0.583101 -0.781713 0.221174 -37.9541 0 0 0 1 
Seq_Frame0144_ForcepToReference-SequenceTransformStatus = OK
Seq_Frame0144_Timestamp = 18.865
Seq_Frame0145_ForcepToReference-SequenceTransform =0.140229 0.171313 0.975186 19.3218 -0.800206 0.599647 0.00972622 205.384 -0.583101 -0.781713 0.221174 -37.9541 0 0 0 1 
Seq_Frame0145_ForcepToReference-SequenceTransformStatus = OK
Seq_Frame0145_Timestamp = 18.971
Seq_Frame0146_ForcepToReference-SequenceTransform =0.140229 0.171313 0.975186 19.3218 -0.800206 0.599647 0.00972622 205.384 -0.583101 -0.781713 0.221174 -37.9541 0 0 0 1 
Seq_Frame0146_ForcepToReference-SequenceTransformStatus = OK
Seq_Frame0146_Timestamp = 19.081
Seq_Frame0147_ForcepToReference-SequenceTransform =0.140229 0.171313 0.975186 19.3218 -0.800206 0.599647 0.00972622 205.384 -0.583101 -0.781713 0.221174 -37.9541 0 0 0 1 
Seq_Frame0147_ForcepToReference-SequenceTransformStatus = OK
Seq_Frame0147_Timestamp = 19.187
Seq_Frame0148_ForcepToReference-SequenceTransform =0.140229 0.171313 0.975186 19.3218 -0.800206 0.599647 0.00972622 205.384 -0.583101 -0.781713 0.221174 -37.9541 0 0 0 1 
Seq_Frame0148_ForcepToReference-SequenceTransformStatus = OK
Seq_Frame0148_Timestamp = 19.291
Seq_Frame0149_ForcepToReference-SequenceTransform =0.140229 0.171313 0.975186 19.3218 -0.800206 0.599647 0.00972622 205.384 -0.583101 -0.781713 0.221174 -37.9541 0 0 0 1 
