ObjectType = Image
NDims = 3
AnatomicalOrientation = RAI
BinaryData = True
CompressedData = False
DimSize = 0 0 1387
ElementSpacing = 1 1 1
Offset = 0 0 0
TransformMatrix = 1 0 0 0 1 0 0 0 1
ElementType = MET_UCHAR
Kinds = domain domain list
Seq_Frame0000_DriverToReference-SequenceTransform =-0.492108 0.868373 0.0612973 97.6146 0.624919 0.303365 0.719337 1.37437 0.606058 0.392298 -0.691951 14.8194 0 0 0 1 
Seq_Frame0000_DriverToReference-SequenceTransformStatus = OK
Seq_Frame0000_Timestamp = 0.00199986
Seq_Frame0001_DriverToReference-SequenceTransform =-0.501148 0.860297 0.0934883 98.2812 0.676014 0.321757 0.662931 1.22861 0.540237 0.395426 -0.742821 12.8786 0 0 0 1 
Seq_Frame0001_DriverToReference-SequenceTransformStatus = OK
Seq_Frame0001_Timestamp = 0.103
Seq_Frame0002_DriverToReference-SequenceTransform =-0.525581 0.837869 0.147443 98.2639 0.745882 0.370469 0.553546 1.23457 0.409176 0.400909 -0.819663 10.116 0 0 0 1 
Seq_Frame0002_DriverToReference-SequenceTransformStatus = OK
Seq_Frame0002_Timestamp = 0.208
Seq_Frame0003_DriverToReference-SequenceTransform =-0.525581 0.837869 0.147443 98.2639 0.745882 0.370469 0.553546 1.23457 0.409176 0.400909 -0.819663 10.116 0 0 0 1 
Seq_Frame0003_DriverToReference-SequenceTransformStatus = OK
Seq_Frame0003_Timestamp = 0.316
Seq_Frame0004_DriverToReference-SequenceTransform =-0.525581 0.837869 0.147443 98.2639 0.745882 0.370469 0.553546 1.23457 0.409176 0.400909 -0.819663 10.116 0 0 0 1 
Seq_Frame0004_DriverToReference-SequenceTransformStatus = OK
Seq_Frame0004_Timestamp = 0.42
Seq_Frame0005_DriverToReference-SequenceTransform =-0.525581 0.837869 0.147443 98.2639 0.745882 0.370469 0.553546 1.23457 0.409176 0.400909 -0.819663 10.116 0 0 0 1 
Seq_Frame0005_DriverToReference-SequenceTransformStatus = OK
Seq_Frame0005_Timestamp = 0.526
Seq_Frame0006_DriverToReference-SequenceTransform =-0.525581 0.837869 0.147443 98.2639 0.745882 0.370469 0.553546 1.23457 0.409176 0.400909 -0.819663 10.116 0 0 0 1 
Seq_Frame0006_DriverToReference-SequenceTransformStatus = OK
Seq_Frame0006_Timestamp = 0.634
Seq_Frame0007_DriverToReference-SequenceTransform =-0.525581 0.837869 0.147443 98.2639 0.745882 0.370469 0.553546 1.23457 0.409176 0.400909 -0.819663 10.116 0 0 0 1 
Seq_Frame0007_DriverToReference-SequenceTransformStatus = OK
Seq_Frame0007_Timestamp = 0.741
Seq_Frame0008_DriverToReference-SequenceTransform =-0.525581 0.837869 0.147443 98.2639 0.745882 0.370469 0.553546 1.23457 0.409176 0.400909 -0.819663 10.116 0 0 0 1 
Seq_Frame0008_DriverToReference-SequenceTransformStatus = OK
Seq_Frame0008_Timestamp = 0.848
Seq_Frame0009_DriverToReference-SequenceTransform =-0.525581 0.837869 0.147443 98.2639 0.745882 0.370469 0.553546 1.23457 0.409176 0.400909 -0.819663 10.116 0 0 0 1 
Seq_Frame0009_DriverToReference-SequenceTransformStatus = OK
Seq_Frame0009_Timestamp = 0.951
Seq_Frame0010_DriverToReference-SequenceTransform =-0.525581 0.837869 0.147443 98.2639 0.745882 0.370469 0.553546 1.23457 0.409176 0.400909 -0.819663 10.116 0 0 0 1 
Seq_Frame0010_DriverToReference-SequenceTransformStatus = OK
Seq_Frame0010_Timestamp = 1.062
Seq_Frame0011_DriverToReference-SequenceTransform =-0.525581 0.837869 0.147443 98.2639 0.745882 0.370469 0.553546 1.23457 0.409176 0.400909 -0.819663 10.116 0 0 0 1 
Seq_Frame0011_DriverToReference-SequenceTransformStatus = OK
Seq_Frame0011_Timestamp = 1.163
Seq_Frame0012_DriverToReference-SequenceTransform =-0.525581 0.837869 0.147443 98.2639 0.745882 0.370469 0.553546 1.23457 0.409176 0.400909 -0.819663 10.116 0 0 0 1 
Seq_Frame0012_DriverToReference-SequenceTransformStatus = OK
Seq_Frame0012_Timestamp = 1.27
Seq_Frame0013_DriverToReference-SequenceTransform =0.352825 0.00324789 -0.935684 44.9977 0.647825 0.720709 0.246782 45.0487 0.675157 -0.69323 0.25218 25.0396 0 0 0 1 
Seq_Frame0013_DriverToReference-SequenceTransformStatus = OK
Seq_Frame0013_Timestamp = 1.371
Seq_Frame0014_DriverToReference-SequenceTransform =0.352825 0.00324789 -0.935684 44.9977 0.647825 0.720709 0.246782 45.0487 0.675157 -0.69323 0.25218 25.0396 0 0 0 1 
Seq_Frame0014_DriverToReference-SequenceTransformStatus = OK
Seq_Frame0014_Timestamp = 1.481
Seq_Frame0015_DriverToReference-SequenceTransform =0.352825 0.00324789 -0.935684 44.9977 0.647825 0.720709 0.246782 45.0487 0.675157 -0.69323 0.25218 25.0396 0 0 0 1 
Seq_Frame0015_DriverToReference-SequenceTransformStatus = OK
Seq_Frame0015_Timestamp = 1.585
Seq_Frame0016_DriverToReference-SequenceTransform =0.352825 0.00324789 -0.935684 44.9977 0.647825 0.720709 0.246782 45.0487 0.675157 -0.69323 0.25218 25.0396 0 0 0 1 
Seq_Frame0016_DriverToReference-SequenceTransformStatus = OK
Seq_Frame0016_Timestamp = 1.69
Seq_Frame0017_DriverToReference-SequenceTransform =0.352825 0.00324789 -0.935684 44.9977 0.647825 0.720709 0.246782 45.0487 0.675157 -0.69323 0.25218 25.0396 0 0 0 1 
Seq_Frame0017_DriverToReference-SequenceTransformStatus = OK
Seq_Frame0017_Timestamp = 1.791
Seq_Frame0018_DriverToReference-SequenceTransform =0.352825 0.00324789 -0.935684 44.9977 0.647825 0.720709 0.246782 45.0487 0.675157 -0.69323 0.25218 25.0396 0 0 0 1 
Seq_Frame0018_DriverToReference-SequenceTransformStatus = OK
Seq_Frame0018_Timestamp = 1.896
Seq_Frame0019_DriverToReference-SequenceTransform =0.352825 0.00324789 -0.935684 44.9977 0.647825 0.720709 0.246782 45.0487 0.675157 -0.69323 0.25218 25.0396 0 0 0 1 
Seq_Frame0019_DriverToReference-SequenceTransformStatus = OK
Seq_Frame0019_Timestamp = 1.996
Seq_Frame0020_DriverToReference-SequenceTransform =0.352825 0.00324789 -0.935684 44.9977 0.647825 0.720709 0.246782 45.0487 0.675157 -0.69323 0.25218 25.0396 0 0 0 1 
Seq_Frame0020_DriverToReference-SequenceTransformStatus = OK
Seq_Frame0020_Timestamp = 2.106
Seq_Frame0021_DriverToReference-SequenceTransform =0.352825 0.00324789 -0.935684 44.9977 0.647825 0.720709 0.246782 45.0487 0.675157 -0.69323 0.25218 25.0396 0 0 0 1 
Seq_Frame0021_DriverToReference-SequenceTransformStatus = OK
Seq_Frame0021_Timestamp = 2.21
Seq_Frame0022_DriverToReference-SequenceTransform =0.352825 0.00324789 -0.935684 44.9977 0.647825 0.720709 0.246782 45.0487 0.675157 -0.69323 0.25218 25.0396 0 0 0 1 
Seq_Frame0022_DriverToReference-SequenceTransformStatus = OK
Seq_Frame0022_Timestamp = 2.311
Seq_Frame0023_DriverToReference-SequenceTransform =0.352825 0.00324789 -0.935684 44.9977 0.647825 0.720709 0.246782 45.0487 0.675157 -0.69323 0.25218 25.0396 0 0 0 1 
Seq_Frame0023_DriverToReference-SequenceTransformStatus = OK
Seq_Frame0023_Timestamp = 2.42
Seq_Frame0024_DriverToReference-SequenceTransform =0.352825 0.00324789 -0.935684 44.9977 0.647825 0.720709 0.246782 45.0487 0.675157 -0.69323 0.25218 25.0396 0 0 0 1 
Seq_Frame0024_DriverToReference-SequenceTransformStatus = OK
Seq_Frame0024_Timestamp = 2.521
Seq_Frame0025_DriverToReference-SequenceTransform =0.352825 0.00324789 -0.935684 44.9977 0.647825 0.720709 0.246782 45.0487 0.675157 -0.69323 0.25218 25.0396 0 0 0 1 
Seq_Frame0025_DriverToReference-SequenceTransformStatus = OK
Seq_Frame0025_Timestamp = 2.625
Seq_Frame0026_DriverToReference-SequenceTransform =0.352825 0.00324789 -0.935684 44.9977 0.647825 0.720709 0.246782 45.0487 0.675157 -0.69323 0.25218 25.0396 0 0 0 1 
Seq_Frame0026_DriverToReference-SequenceTransformStatus = OK
Seq_Frame0026_Timestamp = 2.726
Seq_Frame0027_DriverToReference-SequenceTransform =0.352825 0.00324789 -0.935684 44.9977 0.647825 0.720709 0.246782 45.0487 0.675157 -0.69323 0.25218 25.0396 0 0 0 1 
Seq_Frame0027_DriverToReference-SequenceTransformStatus = OK
Seq_Frame0027_Timestamp = 2.83
Seq_Frame0028_DriverToReference-SequenceTransform =0.352825 0.00324789 -0.935684 44.9977 0.647825 0.720709 0.246782 45.0487 0.675157 -0.69323 0.25218 25.0396 0 0 0 1 
Seq_Frame0028_DriverToReference-SequenceTransformStatus = OK
Seq_Frame0028_Timestamp = 2.935
Seq_Frame0029_DriverToReference-SequenceTransform =0.352825 0.00324789 -0.935684 44.9977 0.647825 0.720709 0.246782 45.0487 0.675157 -0.69323 0.25218 25.0396 0 0 0 1 
Seq_Frame0029_DriverToReference-SequenceTransformStatus = OK
Seq_Frame0029_Timestamp = 3.037
Seq_Frame0030_DriverToReference-SequenceTransform =0.352825 0.00324789 -0.935684 44.9977 0.647825 0.720709 0.246782 45.0487 0.675157 -0.69323 0.25218 25.0396 0 0 0 1 
Seq_Frame0030_DriverToReference-SequenceTransformStatus = OK
Seq_Frame0030_Timestamp = 3.145
Seq_Frame0031_DriverToReference-SequenceTransform =0.352825 0.00324789 -0.935684 44.9977 0.647825 0.720709 0.246782 45.0487 0.675157 -0.69323 0.25218 25.0396 0 0 0 1 
Seq_Frame0031_DriverToReference-SequenceTransformStatus = OK
Seq_Frame0031_Timestamp = 3.248
Seq_Frame0032_DriverToReference-SequenceTransform =0.352825 0.00324789 -0.935684 44.9977 0.647825 0.720709 0.246782 45.0487 0.675157 -0.69323 0.25218 25.0396 0 0 0 1 
Seq_Frame0032_DriverToReference-SequenceTransformStatus = OK
Seq_Frame0032_Timestamp = 3.355
Seq_Frame0033_DriverToReference-SequenceTransform =0.352825 0.00324789 -0.935684 44.9977 0.647825 0.720709 0.246782 45.0487 0.675157 -0.69323 0.25218 25.0396 0 0 0 1 
Seq_Frame0033_DriverToReference-SequenceTransformStatus = OK
Seq_Frame0033_Timestamp = 3.46
Seq_Frame0034_DriverToReference-SequenceTransform =0.352825 0.00324789 -0.935684 44.9977 0.647825 0.720709 0.246782 45.0487 0.675157 -0.69323 0.25218 25.0396 0 0 0 1 
Seq_Frame0034_DriverToReference-SequenceTransformStatus = OK
Seq_Frame0034_Timestamp = 3.571
Seq_Frame0035_DriverToReference-SequenceTransform =0.352825 0.00324789 -0.935684 44.9977 0.647825 0.720709 0.246782 45.0487 0.675157 -0.69323 0.25218 25.0396 0 0 0 1 
Seq_Frame0035_DriverToReference-SequenceTransformStatus = OK
Seq_Frame0035_Timestamp = 3.675
Seq_Frame0036_DriverToReference-SequenceTransform =0.352825 0.00324789 -0.935684 44.9977 0.647825 0.720709 0.246782 45.0487 0.675157 -0.69323 0.25218 25.0396 0 0 0 1 
Seq_Frame0036_DriverToReference-SequenceTransformStatus = OK
Seq_Frame0036_Timestamp = 3.784
Seq_Frame0037_DriverToReference-SequenceTransform =0.352825 0.00324789 -0.935684 44.9977 0.647825 0.720709 0.246782 45.0487 0.675157 -0.69323 0.25218 25.0396 0 0 0 1 
Seq_Frame0037_DriverToReference-SequenceTransformStatus = OK
Seq_Frame0037_Timestamp = 3.891
Seq_Frame0038_DriverToReference-SequenceTransform =0.352825 0.00324789 -0.935684 44.9977 0.647825 0.720709 0.246782 45.0487 0.675157 -0.69323 0.25218 25.0396 0 0 0 1 
Seq_Frame0038_DriverToReference-SequenceTransformStatus = OK
Seq_Frame0038_Timestamp = 3.996
Seq_Frame0039_DriverToReference-SequenceTransform =0.352825 0.00324789 -0.935684 44.9977 0.647825 0.720709 0.246782 45.0487 0.675157 -0.69323 0.25218 25.0396 0 0 0 1 
Seq_Frame0039_DriverToReference-SequenceTransformStatus = OK
Seq_Frame0039_Timestamp = 4.1
Seq_Frame0040_DriverToReference-SequenceTransform =0.352825 0.00324789 -0.935684 44.9977 0.647825 0.720709 0.246782 45.0487 0.675157 -0.69323 0.25218 25.0396 0 0 0 1 
Seq_Frame0040_DriverToReference-SequenceTransformStatus = OK
Seq_Frame0040_Timestamp = 4.202
Seq_Frame0041_DriverToReference-SequenceTransform =0.352825 0.00324789 -0.935684 44.9977 0.647825 0.720709 0.246782 45.0487 0.675157 -0.69323 0.25218 25.0396 0 0 0 1 
Seq_Frame0041_DriverToReference-SequenceTransformStatus = OK
Seq_Frame0041_Timestamp = 4.302
Seq_Frame0042_DriverToReference-SequenceTransform =0.352825 0.00324789 -0.935684 44.9977 0.647825 0.720709 0.246782 45.0487 0.675157 -0.69323 0.25218 25.0396 0 0 0 1 
Seq_Frame0042_DriverToReference-SequenceTransformStatus = OK
Seq_Frame0042_Timestamp = 4.406
Seq_Frame0043_DriverToReference-SequenceTransform =0.352825 0.00324789 -0.935684 44.9977 0.647825 0.720709 0.246782 45.0487 0.675157 -0.69323 0.25218 25.0396 0 0 0 1 
Seq_Frame0043_DriverToReference-SequenceTransformStatus = OK
Seq_Frame0043_Timestamp = 4.506
Seq_Frame0044_DriverToReference-SequenceTransform =0.352825 0.00324789 -0.935684 44.9977 0.647825 0.720709 0.246782 45.0487 0.675157 -0.69323 0.25218 25.0396 0 0 0 1 
Seq_Frame0044_DriverToReference-SequenceTransformStatus = OK
Seq_Frame0044_Timestamp = 4.61
Seq_Frame0045_DriverToReference-SequenceTransform =0.352825 0.00324789 -0.935684 44.9977 0.647825 0.720709 0.246782 45.0487 0.675157 -0.69323 0.25218 25.0396 0 0 0 1 
Seq_Frame0045_DriverToReference-SequenceTransformStatus = OK
Seq_Frame0045_Timestamp = 4.71
Seq_Frame0046_DriverToReference-SequenceTransform =0.352825 0.00324789 -0.935684 44.9977 0.647825 0.720709 0.246782 45.0487 0.675157 -0.69323 0.25218 25.0396 0 0 0 1 
Seq_Frame0046_DriverToReference-SequenceTransformStatus = OK
Seq_Frame0046_Timestamp = 4.819
Seq_Frame0047_DriverToReference-SequenceTransform =0.352825 0.00324789 -0.935684 44.9977 0.647825 0.720709 0.246782 45.0487 0.675157 -0.69323 0.25218 25.0396 0 0 0 1 
Seq_Frame0047_DriverToReference-SequenceTransformStatus = OK
Seq_Frame0047_Timestamp = 4.92
Seq_Frame0048_DriverToReference-SequenceTransform =0.352825 0.00324789 -0.935684 44.9977 0.647825 0.720709 0.246782 45.0487 0.675157 -0.69323 0.25218 25.0396 0 0 0 1 
Seq_Frame0048_DriverToReference-SequenceTransformStatus = OK
Seq_Frame0048_Timestamp = 5.021
Seq_Frame0049_DriverToReference-SequenceTransform =0.352825 0.00324789 -0.935684 44.9977 0.647825 0.720709 0.246782 45.0487 0.675157 -0.69323 0.25218 25.0396 0 0 0 1 
Seq_Frame0049_DriverToReference-SequenceTransformStatus = OK
Seq_Frame0049_Timestamp = 5.134
Seq_Frame0050_DriverToReference-SequenceTransform =0.352825 0.00324789 -0.935684 44.9977 0.647825 0.720709 0.246782 45.0487 0.675157 -0.69323 0.25218 25.0396 0 0 0 1 
Seq_Frame0050_DriverToReference-SequenceTransformStatus = OK
Seq_Frame0050_Timestamp = 5.235
Seq_Frame0051_DriverToReference-SequenceTransform =0.352825 0.00324789 -0.935684 44.9977 0.647825 0.720709 0.246782 45.0487 0.675157 -0.69323 0.25218 25.0396 0 0 0 1 
Seq_Frame0051_DriverToReference-SequenceTransformStatus = OK
Seq_Frame0051_Timestamp = 5.335
Seq_Frame0052_DriverToReference-SequenceTransform =0.352825 0.00324789 -0.935684 44.9977 0.647825 0.720709 0.246782 45.0487 0.675157 -0.69323 0.25218 25.0396 0 0 0 1 
Seq_Frame0052_DriverToReference-SequenceTransformStatus = OK
Seq_Frame0052_Timestamp = 5.44
Seq_Frame0053_DriverToReference-SequenceTransform =0.352825 0.00324789 -0.935684 44.9977 0.647825 0.720709 0.246782 45.0487 0.675157 -0.69323 0.25218 25.0396 0 0 0 1 
Seq_Frame0053_DriverToReference-SequenceTransformStatus = OK
Seq_Frame0053_Timestamp = 5.541
Seq_Frame0054_DriverToReference-SequenceTransform =0.352825 0.00324789 -0.935684 44.9977 0.647825 0.720709 0.246782 45.0487 0.675157 -0.69323 0.25218 25.0396 0 0 0 1 
Seq_Frame0054_DriverToReference-SequenceTransformStatus = OK
Seq_Frame0054_Timestamp = 5.645
Seq_Frame0055_DriverToReference-SequenceTransform =0.352825 0.00324789 -0.935684 44.9977 0.647825 0.720709 0.246782 45.0487 0.675157 -0.69323 0.25218 25.0396 0 0 0 1 
Seq_Frame0055_DriverToReference-SequenceTransformStatus = OK
Seq_Frame0055_Timestamp = 5.746
Seq_Frame0056_DriverToReference-SequenceTransform =0.352825 0.00324789 -0.935684 44.9977 0.647825 0.720709 0.246782 45.0487 0.675157 -0.69323 0.25218 25.0396 0 0 0 1 
Seq_Frame0056_DriverToReference-SequenceTransformStatus = OK
Seq_Frame0056_Timestamp = 5.859
Seq_Frame0057_DriverToReference-SequenceTransform =0.352825 0.00324789 -0.935684 44.9977 0.647825 0.720709 0.246782 45.0487 0.675157 -0.69323 0.25218 25.0396 0 0 0 1 
Seq_Frame0057_DriverToReference-SequenceTransformStatus = OK
Seq_Frame0057_Timestamp = 5.96
Seq_Frame0058_DriverToReference-SequenceTransform =0.352825 0.00324789 -0.935684 44.9977 0.647825 0.720709 0.246782 45.0487 0.675157 -0.69323 0.25218 25.0396 0 0 0 1 
Seq_Frame0058_DriverToReference-SequenceTransformStatus = OK
Seq_Frame0058_Timestamp = 6.065
Seq_Frame0059_DriverToReference-SequenceTransform =0.352825 0.00324789 -0.935684 44.9977 0.647825 0.720709 0.246782 45.0487 0.675157 -0.69323 0.25218 25.0396 0 0 0 1 
Seq_Frame0059_DriverToReference-SequenceTransformStatus = OK
Seq_Frame0059_Timestamp = 6.17
Seq_Frame0060_DriverToReference-SequenceTransform =0.352825 0.00324789 -0.935684 44.9977 0.647825 0.720709 0.246782 45.0487 0.675157 -0.69323 0.25218 25.0396 0 0 0 1 
Seq_Frame0060_DriverToReference-SequenceTransformStatus = OK
Seq_Frame0060_Timestamp = 6.271
Seq_Frame0061_DriverToReference-SequenceTransform =0.352825 0.00324789 -0.935684 44.9977 0.647825 0.720709 0.246782 45.0487 0.675157 -0.69323 0.25218 25.0396 0 0 0 1 
Seq_Frame0061_DriverToReference-SequenceTransformStatus = OK
Seq_Frame0061_Timestamp = 6.377
Seq_Frame0062_DriverToReference-SequenceTransform =0.352825 0.00324789 -0.935684 44.9977 0.647825 0.720709 0.246782 45.0487 0.675157 -0.69323 0.25218 25.0396 0 0 0 1 
Seq_Frame0062_DriverToReference-SequenceTransformStatus = OK
Seq_Frame0062_Timestamp = 6.48
Seq_Frame0063_DriverToReference-SequenceTransform =0.352825 0.00324789 -0.935684 44.9977 0.647825 0.720709 0.246782 45.0487 0.675157 -0.69323 0.25218 25.0396 0 0 0 1 
Seq_Frame0063_DriverToReference-SequenceTransformStatus = OK
Seq_Frame0063_Timestamp = 6.585
Seq_Frame0064_DriverToReference-SequenceTransform =0.352825 0.00324789 -0.935684 44.9977 0.647825 0.720709 0.246782 45.0487 0.675157 -0.69323 0.25218 25.0396 0 0 0 1 
Seq_Frame0064_DriverToReference-SequenceTransformStatus = OK
Seq_Frame0064_Timestamp = 6.69
Seq_Frame0065_DriverToReference-SequenceTransform =0.352825 0.00324789 -0.935684 44.9977 0.647825 0.720709 0.246782 45.0487 0.675157 -0.69323 0.25218 25.0396 0 0 0 1 
Seq_Frame0065_DriverToReference-SequenceTransformStatus = OK
Seq_Frame0065_Timestamp = 6.793
Seq_Frame0066_DriverToReference-SequenceTransform =0.352825 0.00324789 -0.935684 44.9977 0.647825 0.720709 0.246782 45.0487 0.675157 -0.69323 0.25218 25.0396 0 0 0 1 
Seq_Frame0066_DriverToReference-SequenceTransformStatus = OK
Seq_Frame0066_Timestamp = 6.896
Seq_Frame0067_DriverToReference-SequenceTransform =0.352825 0.00324789 -0.935684 44.9977 0.647825 0.720709 0.246782 45.0487 0.675157 -0.69323 0.25218 25.0396 0 0 0 1 
Seq_Frame0067_DriverToReference-SequenceTransformStatus = OK
Seq_Frame0067_Timestamp = 7.005
Seq_Frame0068_DriverToReference-SequenceTransform =0.352825 0.00324789 -0.935684 44.9977 0.647825 0.720709 0.246782 45.0487 0.675157 -0.69323 0.25218 25.0396 0 0 0 1 
Seq_Frame0068_DriverToReference-SequenceTransformStatus = OK
Seq_Frame0068_Timestamp = 7.105
Seq_Frame0069_DriverToReference-SequenceTransform =0.352825 0.00324789 -0.935684 44.9977 0.647825 0.720709 0.246782 45.0487 0.675157 -0.69323 0.25218 25.0396 0 0 0 1 
Seq_Frame0069_DriverToReference-SequenceTransformStatus = OK
Seq_Frame0069_Timestamp = 7.206
Seq_Frame0070_DriverToReference-SequenceTransform =-0.813965 -0.215157 -0.539601 -14.6931 -0.446183 0.826376 0.343544 223.87 0.371997 0.520393 -0.768641 146.601 0 0 0 1 
Seq_Frame0070_DriverToReference-SequenceTransformStatus = OK
Seq_Frame0070_Timestamp = 7.31
Seq_Frame0071_DriverToReference-SequenceTransform =-0.83407 -0.251132 -0.491182 -8.06237 -0.482083 0.764657 0.427663 232.802 0.268186 0.593491 -0.758844 151.544 0 0 0 1 
Seq_Frame0071_DriverToReference-SequenceTransformStatus = OK
Seq_Frame0071_Timestamp = 7.411
Seq_Frame0072_DriverToReference-SequenceTransform =-0.383188 -0.831938 -0.401304 39.1505 -0.914539 0.402661 0.038504 224.5 0.129557 0.381763 -0.915135 137.493 0 0 0 1 
Seq_Frame0072_DriverToReference-SequenceTransformStatus = OK
Seq_Frame0072_Timestamp = 7.96
Seq_Frame0073_DriverToReference-SequenceTransform =-0.281567 -0.905314 -0.318005 42.3321 -0.95098 0.307457 -0.0332739 216.379 0.127896 0.293047 -0.947505 132.465 0 0 0 1 
Seq_Frame0073_DriverToReference-SequenceTransformStatus = OK
Seq_Frame0073_Timestamp = 8.061
Seq_Frame0074_DriverToReference-SequenceTransform =0.0335406 -0.948959 -0.31361 35.8127 -0.992085 0.00637927 -0.125407 215.317 0.121006 0.315334 -0.941234 127.025 0 0 0 1 
Seq_Frame0074_DriverToReference-SequenceTransformStatus = OK
Seq_Frame0074_Timestamp = 8.17
Seq_Frame0075_DriverToReference-SequenceTransform =-0.0275684 -0.936941 -0.348398 31.7712 -0.999252 0.0163709 0.0350437 220.958 -0.0271303 0.349104 -0.936691 129.543 0 0 0 1 
Seq_Frame0075_DriverToReference-SequenceTransformStatus = OK
Seq_Frame0075_Timestamp = 8.271
Seq_Frame0076_DriverToReference-SequenceTransform =-0.138402 -0.900306 -0.412667 20.5594 -0.971469 0.0423834 0.233349 222.768 -0.192595 0.433189 -0.880485 132.217 0 0 0 1 
Seq_Frame0076_DriverToReference-SequenceTransformStatus = OK
Seq_Frame0076_Timestamp = 8.377
Seq_Frame0077_DriverToReference-SequenceTransform =-0.260638 -0.924176 -0.279225 12.9287 -0.903663 0.13174 0.407477 224.552 -0.339795 0.358529 -0.86948 132.26 0 0 0 1 
Seq_Frame0077_DriverToReference-SequenceTransformStatus = OK
Seq_Frame0077_Timestamp = 8.48
Seq_Frame0078_DriverToReference-SequenceTransform =-0.455356 -0.890308 -0.0014072 10.6023 -0.769357 0.392698 0.503863 213.599 -0.448041 0.23052 -0.863782 132.505 0 0 0 1 
Seq_Frame0078_DriverToReference-SequenceTransformStatus = OK
Seq_Frame0078_Timestamp = 8.585
Seq_Frame0079_DriverToReference-SequenceTransform =-0.420063 -0.90655 -0.041414 -3.96709 -0.793718 0.344891 0.501061 213.08 -0.439953 0.243348 -0.864421 130.149 0 0 0 1 
Seq_Frame0079_DriverToReference-SequenceTransformStatus = OK
Seq_Frame0079_Timestamp = 8.686
Seq_Frame0080_DriverToReference-SequenceTransform =-0.277918 -0.949637 -0.144743 -3.13483 -0.872044 0.186223 0.452616 219.797 -0.402866 0.252012 -0.87988 133.939 0 0 0 1 
Seq_Frame0080_DriverToReference-SequenceTransformStatus = OK
Seq_Frame0080_Timestamp = 8.794
Seq_Frame0081_DriverToReference-SequenceTransform =-0.179653 -0.913943 -0.363913 14.6678 -0.977434 0.124052 0.170981 231.102 -0.111123 0.386418 -0.915605 141.959 0 0 0 1 
Seq_Frame0081_DriverToReference-SequenceTransformStatus = OK
Seq_Frame0081_Timestamp = 8.905
Seq_Frame0082_DriverToReference-SequenceTransform =-0.0809442 -0.762592 -0.641796 38.7159 -0.919906 0.305035 -0.246427 242.89 0.383693 0.570445 -0.726204 167.356 0 0 0 1 
Seq_Frame0082_DriverToReference-SequenceTransformStatus = OK
Seq_Frame0082_Timestamp = 9.011
Seq_Frame0083_DriverToReference-SequenceTransform =0.275655 -0.596034 -0.75416 33.7937 -0.724803 0.386463 -0.570357 238.992 0.631407 0.70384 -0.325476 187.838 0 0 0 1 
Seq_Frame0083_DriverToReference-SequenceTransformStatus = OK
Seq_Frame0083_Timestamp = 9.111
Seq_Frame0084_DriverToReference-SequenceTransform =0.275655 -0.596034 -0.75416 33.7937 -0.724803 0.386463 -0.570357 238.992 0.631407 0.70384 -0.325476 187.838 0 0 0 1 
Seq_Frame0084_DriverToReference-SequenceTransformStatus = OK
Seq_Frame0084_Timestamp = 9.22
Seq_Frame0085_DriverToReference-SequenceTransform =0.275655 -0.596034 -0.75416 33.7937 -0.724803 0.386463 -0.570357 238.992 0.631407 0.70384 -0.325476 187.838 0 0 0 1 
Seq_Frame0085_DriverToReference-SequenceTransformStatus = OK
Seq_Frame0085_Timestamp = 9.324
Seq_Frame0086_DriverToReference-SequenceTransform =0.275655 -0.596034 -0.75416 33.7937 -0.724803 0.386463 -0.570357 238.992 0.631407 0.70384 -0.325476 187.838 0 0 0 1 
Seq_Frame0086_DriverToReference-SequenceTransformStatus = OK
Seq_Frame0086_Timestamp = 9.431
Seq_Frame0087_DriverToReference-SequenceTransform =0.275655 -0.596034 -0.75416 33.7937 -0.724803 0.386463 -0.570357 238.992 0.631407 0.70384 -0.325476 187.838 0 0 0 1 
Seq_Frame0087_DriverToReference-SequenceTransformStatus = OK
Seq_Frame0087_Timestamp = 9.537
Seq_Frame0088_DriverToReference-SequenceTransform =0.275655 -0.596034 -0.75416 33.7937 -0.724803 0.386463 -0.570357 238.992 0.631407 0.70384 -0.325476 187.838 0 0 0 1 
Seq_Frame0088_DriverToReference-SequenceTransformStatus = OK
Seq_Frame0088_Timestamp = 9.644
Seq_Frame0089_DriverToReference-SequenceTransform =0.275655 -0.596034 -0.75416 33.7937 -0.724803 0.386463 -0.570357 238.992 0.631407 0.70384 -0.325476 187.838 0 0 0 1 
Seq_Frame0089_DriverToReference-SequenceTransformStatus = OK
Seq_Frame0089_Timestamp = 9.75
Seq_Frame0090_DriverToReference-SequenceTransform =0.275655 -0.596034 -0.75416 33.7937 -0.724803 0.386463 -0.570357 238.992 0.631407 0.70384 -0.325476 187.838 0 0 0 1 
Seq_Frame0090_DriverToReference-SequenceTransformStatus = OK
Seq_Frame0090_Timestamp = 9.859
Seq_Frame0091_DriverToReference-SequenceTransform =0.275655 -0.596034 -0.75416 33.7937 -0.724803 0.386463 -0.570357 238.992 0.631407 0.70384 -0.325476 187.838 0 0 0 1 
Seq_Frame0091_DriverToReference-SequenceTransformStatus = OK
Seq_Frame0091_Timestamp = 9.965
Seq_Frame0092_DriverToReference-SequenceTransform =0.275655 -0.596034 -0.75416 33.7937 -0.724803 0.386463 -0.570357 238.992 0.631407 0.70384 -0.325476 187.838 0 0 0 1 
Seq_Frame0092_DriverToReference-SequenceTransformStatus = OK
Seq_Frame0092_Timestamp = 10.073
Seq_Frame0093_DriverToReference-SequenceTransform =0.275655 -0.596034 -0.75416 33.7937 -0.724803 0.386463 -0.570357 238.992 0.631407 0.70384 -0.325476 187.838 0 0 0 1 
Seq_Frame0093_DriverToReference-SequenceTransformStatus = OK
Seq_Frame0093_Timestamp = 10.18
Seq_Frame0094_DriverToReference-SequenceTransform =0.275655 -0.596034 -0.75416 33.7937 -0.724803 0.386463 -0.570357 238.992 0.631407 0.70384 -0.325476 187.838 0 0 0 1 
Seq_Frame0094_DriverToReference-SequenceTransformStatus = OK
Seq_Frame0094_Timestamp = 10.286
Seq_Frame0095_DriverToReference-SequenceTransform =0.275655 -0.596034 -0.75416 33.7937 -0.724803 0.386463 -0.570357 238.992 0.631407 0.70384 -0.325476 187.838 0 0 0 1 
Seq_Frame0095_DriverToReference-SequenceTransformStatus = OK
Seq_Frame0095_Timestamp = 10.482
Seq_Frame0096_DriverToReference-SequenceTransform =0.275655 -0.596034 -0.75416 33.7937 -0.724803 0.386463 -0.570357 238.992 0.631407 0.70384 -0.325476 187.838 0 0 0 1 
Seq_Frame0096_DriverToReference-SequenceTransformStatus = OK
Seq_Frame0096_Timestamp = 10.592
Seq_Frame0097_DriverToReference-SequenceTransform =0.275655 -0.596034 -0.75416 33.7937 -0.724803 0.386463 -0.570357 238.992 0.631407 0.70384 -0.325476 187.838 0 0 0 1 
Seq_Frame0097_DriverToReference-SequenceTransformStatus = OK
Seq_Frame0097_Timestamp = 10.699
Seq_Frame0098_DriverToReference-SequenceTransform =0.275655 -0.596034 -0.75416 33.7937 -0.724803 0.386463 -0.570357 238.992 0.631407 0.70384 -0.325476 187.838 0 0 0 1 
Seq_Frame0098_DriverToReference-SequenceTransformStatus = OK
Seq_Frame0098_Timestamp = 10.81
Seq_Frame0099_DriverToReference-SequenceTransform =0.275655 -0.596034 -0.75416 33.7937 -0.724803 0.386463 -0.570357 238.992 0.631407 0.70384 -0.325476 187.838 0 0 0 1 
Seq_Frame0099_DriverToReference-SequenceTransformStatus = OK
Seq_Frame0099_Timestamp = 10.919
Seq_Frame0100_DriverToReference-SequenceTransform =0.275655 -0.596034 -0.75416 33.7937 -0.724803 0.386463 -0.570357 238.992 0.631407 0.70384 -0.325476 187.838 0 0 0 1 
Seq_Frame0100_DriverToReference-SequenceTransformStatus = OK
Seq_Frame0100_Timestamp = 11.024
Seq_Frame0101_DriverToReference-SequenceTransform =0.275655 -0.596034 -0.75416 33.7937 -0.724803 0.386463 -0.570357 238.992 0.631407 0.70384 -0.325476 187.838 0 0 0 1 
Seq_Frame0101_DriverToReference-SequenceTransformStatus = OK
Seq_Frame0101_Timestamp = 11.128
Seq_Frame0102_DriverToReference-SequenceTransform =0.275655 -0.596034 -0.75416 33.7937 -0.724803 0.386463 -0.570357 238.992 0.631407 0.70384 -0.325476 187.838 0 0 0 1 
Seq_Frame0102_DriverToReference-SequenceTransformStatus = OK
Seq_Frame0102_Timestamp = 11.236
Seq_Frame0103_DriverToReference-SequenceTransform =0.275655 -0.596034 -0.75416 33.7937 -0.724803 0.386463 -0.570357 238.992 0.631407 0.70384 -0.325476 187.838 0 0 0 1 
Seq_Frame0103_DriverToReference-SequenceTransformStatus = OK
Seq_Frame0103_Timestamp = 11.338
Seq_Frame0104_DriverToReference-SequenceTransform =0.275655 -0.596034 -0.75416 33.7937 -0.724803 0.386463 -0.570357 238.992 0.631407 0.70384 -0.325476 187.838 0 0 0 1 
Seq_Frame0104_DriverToReference-SequenceTransformStatus = OK
Seq_Frame0104_Timestamp = 11.444
Seq_Frame0105_DriverToReference-SequenceTransform =0.275655 -0.596034 -0.75416 33.7937 -0.724803 0.386463 -0.570357 238.992 0.631407 0.70384 -0.325476 187.838 0 0 0 1 
Seq_Frame0105_DriverToReference-SequenceTransformStatus = OK
Seq_Frame0105_Timestamp = 11.552
Seq_Frame0106_DriverToReference-SequenceTransform =0.275655 -0.596034 -0.75416 33.7937 -0.724803 0.386463 -0.570357 238.992 0.631407 0.70384 -0.325476 187.838 0 0 0 1 
Seq_Frame0106_DriverToReference-SequenceTransformStatus = OK
Seq_Frame0106_Timestamp = 11.655
Seq_Frame0107_DriverToReference-SequenceTransform =0.275655 -0.596034 -0.75416 33.7937 -0.724803 0.386463 -0.570357 238.992 0.631407 0.70384 -0.325476 187.838 0 0 0 1 
Seq_Frame0107_DriverToReference-SequenceTransformStatus = OK
Seq_Frame0107_Timestamp = 11.767
Seq_Frame0108_DriverToReference-SequenceTransform =0.275655 -0.596034 -0.75416 33.7937 -0.724803 0.386463 -0.570357 238.992 0.631407 0.70384 -0.325476 187.838 0 0 0 1 
Seq_Frame0108_DriverToReference-SequenceTransformStatus = OK
Seq_Frame0108_Timestamp = 11.871
Seq_Frame0109_DriverToReference-SequenceTransform =0.275655 -0.596034 -0.75416 33.7937 -0.724803 0.386463 -0.570357 238.992 0.631407 0.70384 -0.325476 187.838 0 0 0 1 
Seq_Frame0109_DriverToReference-SequenceTransformStatus = OK
Seq_Frame0109_Timestamp = 11.976
Seq_Frame0110_DriverToReference-SequenceTransform =0.275655 -0.596034 -0.75416 33.7937 -0.724803 0.386463 -0.570357 238.992 0.631407 0.70384 -0.325476 187.838 0 0 0 1 
Seq_Frame0110_DriverToReference-SequenceTransformStatus = OK
Seq_Frame0110_Timestamp = 12.081
Seq_Frame0111_DriverToReference-SequenceTransform =0.275655 -0.596034 -0.75416 33.7937 -0.724803 0.386463 -0.570357 238.992 0.631407 0.70384 -0.325476 187.838 0 0 0 1 
Seq_Frame0111_DriverToReference-SequenceTransformStatus = OK
Seq_Frame0111_Timestamp = 12.398
Seq_Frame0112_DriverToReference-SequenceTransform =0.275655 -0.596034 -0.75416 33.7937 -0.724803 0.386463 -0.570357 238.992 0.631407 0.70384 -0.325476 187.838 0 0 0 1 
Seq_Frame0112_DriverToReference-SequenceTransformStatus = OK
Seq_Frame0112_Timestamp = 12.504
Seq_Frame0113_DriverToReference-SequenceTransform =0.275655 -0.596034 -0.75416 33.7937 -0.724803 0.386463 -0.570357 238.992 0.631407 0.70384 -0.325476 187.838 0 0 0 1 
Seq_Frame0113_DriverToReference-SequenceTransformStatus = OK
Seq_Frame0113_Timestamp = 12.611
Seq_Frame0114_DriverToReference-SequenceTransform =0.275655 -0.596034 -0.75416 33.7937 -0.724803 0.386463 -0.570357 238.992 0.631407 0.70384 -0.325476 187.838 0 0 0 1 
Seq_Frame0114_DriverToReference-SequenceTransformStatus = OK
Seq_Frame0114_Timestamp = 12.714
Seq_Frame0115_DriverToReference-SequenceTransform =0.275655 -0.596034 -0.75416 33.7937 -0.724803 0.386463 -0.570357 238.992 0.631407 0.70384 -0.325476 187.838 0 0 0 1 
Seq_Frame0115_DriverToReference-SequenceTransformStatus = OK
Seq_Frame0115_Timestamp = 12.823
Seq_Frame0116_DriverToReference-SequenceTransform =0.275655 -0.596034 -0.75416 33.7937 -0.724803 0.386463 -0.570357 238.992 0.631407 0.70384 -0.325476 187.838 0 0 0 1 
Seq_Frame0116_DriverToReference-SequenceTransformStatus = OK
Seq_Frame0116_Timestamp = 12.927
Seq_Frame0117_DriverToReference-SequenceTransform =0.275655 -0.596034 -0.75416 33.7937 -0.724803 0.386463 -0.570357 238.992 0.631407 0.70384 -0.325476 187.838 0 0 0 1 
Seq_Frame0117_DriverToReference-SequenceTransformStatus = OK
Seq_Frame0117_Timestamp = 13.034
Seq_Frame0118_DriverToReference-SequenceTransform =0.275655 -0.596034 -0.75416 33.7937 -0.724803 0.386463 -0.570357 238.992 0.631407 0.70384 -0.325476 187.838 0 0 0 1 
Seq_Frame0118_DriverToReference-SequenceTransformStatus = OK
Seq_Frame0118_Timestamp = 13.144
Seq_Frame0119_DriverToReference-SequenceTransform =0.275655 -0.596034 -0.75416 33.7937 -0.724803 0.386463 -0.570357 238.992 0.631407 0.70384 -0.325476 187.838 0 0 0 1 
Seq_Frame0119_DriverToReference-SequenceTransformStatus = OK
Seq_Frame0119_Timestamp = 13.247
Seq_Frame0120_DriverToReference-SequenceTransform =0.275655 -0.596034 -0.75416 33.7937 -0.724803 0.386463 -0.570357 238.992 0.631407 0.70384 -0.325476 187.838 0 0 0 1 
Seq_Frame0120_DriverToReference-SequenceTransformStatus = OK
Seq_Frame0120_Timestamp = 13.94
Seq_Frame0121_DriverToReference-SequenceTransform =0.275655 -0.596034 -0.75416 33.7937 -0.724803 0.386463 -0.570357 238.992 0.631407 0.70384 -0.325476 187.838 0 0 0 1 
Seq_Frame0121_DriverToReference-SequenceTransformStatus = OK
Seq_Frame0121_Timestamp = 14.047
Seq_Frame0122_DriverToReference-SequenceTransform =0.275655 -0.596034 -0.75416 33.7937 -0.724803 0.386463 -0.570357 238.992 0.631407 0.70384 -0.325476 187.838 0 0 0 1 
Seq_Frame0122_DriverToReference-SequenceTransformStatus = OK
Seq_Frame0122_Timestamp = 14.273
Seq_Frame0123_DriverToReference-SequenceTransform =0.275655 -0.596034 -0.75416 33.7937 -0.724803 0.386463 -0.570357 238.992 0.631407 0.70384 -0.325476 187.838 0 0 0 1 
Seq_Frame0123_DriverToReference-SequenceTransformStatus = OK
Seq_Frame0123_Timestamp = 14.378
Seq_Frame0124_DriverToReference-SequenceTransform =0.275655 -0.596034 -0.75416 33.7937 -0.724803 0.386463 -0.570357 238.992 0.631407 0.70384 -0.325476 187.838 0 0 0 1 
Seq_Frame0124_DriverToReference-SequenceTransformStatus = OK
Seq_Frame0124_Timestamp = 14.485
Seq_Frame0125_DriverToReference-SequenceTransform =0.275655 -0.596034 -0.75416 33.7937 -0.724803 0.386463 -0.570357 238.992 0.631407 0.70384 -0.325476 187.838 0 0 0 1 
Seq_Frame0125_DriverToReference-SequenceTransformStatus = OK
Seq_Frame0125_Timestamp = 14.588
Seq_Frame0126_DriverToReference-SequenceTransform =0.275655 -0.596034 -0.75416 33.7937 -0.724803 0.386463 -0.570357 238.992 0.631407 0.70384 -0.325476 187.838 0 0 0 1 
Seq_Frame0126_DriverToReference-SequenceTransformStatus = OK
Seq_Frame0126_Timestamp = 14.698
Seq_Frame0127_DriverToReference-SequenceTransform =0.275655 -0.596034 -0.75416 33.7937 -0.724803 0.386463 -0.570357 238.992 0.631407 0.70384 -0.325476 187.838 0 0 0 1 
Seq_Frame0127_DriverToReference-SequenceTransformStatus = OK
Seq_Frame0127_Timestamp = 14.804
Seq_Frame0128_DriverToReference-SequenceTransform =0.275655 -0.596034 -0.75416 33.7937 -0.724803 0.386463 -0.570357 238.992 0.631407 0.70384 -0.325476 187.838 0 0 0 1 
Seq_Frame0128_DriverToReference-SequenceTransformStatus = OK
Seq_Frame0128_Timestamp = 14.907
Seq_Frame0129_DriverToReference-SequenceTransform =0.275655 -0.596034 -0.75416 33.7937 -0.724803 0.386463 -0.570357 238.992 0.631407 0.70384 -0.325476 187.838 0 0 0 1 
Seq_Frame0129_DriverToReference-SequenceTransformStatus = OK
Seq_Frame0129_Timestamp = 15.014
Seq_Frame0130_DriverToReference-SequenceTransform =0.275655 -0.596034 -0.75416 33.7937 -0.724803 0.386463 -0.570357 238.992 0.631407 0.70384 -0.325476 187.838 0 0 0 1 
Seq_Frame0130_DriverToReference-SequenceTransformStatus = OK
Seq_Frame0130_Timestamp = 15.117
Seq_Frame0131_DriverToReference-SequenceTransform =0.275655 -0.596034 -0.75416 33.7937 -0.724803 0.386463 -0.570357 238.992 0.631407 0.70384 -0.325476 187.838 0 0 0 1 
Seq_Frame0131_DriverToReference-SequenceTransformStatus = OK
Seq_Frame0131_Timestamp = 15.222
Seq_Frame0132_DriverToReference-SequenceTransform =0.275655 -0.596034 -0.75416 33.7937 -0.724803 0.386463 -0.570357 238.992 0.631407 0.70384 -0.325476 187.838 0 0 0 1 
Seq_Frame0132_DriverToReference-SequenceTransformStatus = OK
Seq_Frame0132_Timestamp = 15.33
Seq_Frame0133_DriverToReference-SequenceTransform =0.275655 -0.596034 -0.75416 33.7937 -0.724803 0.386463 -0.570357 238.992 0.631407 0.70384 -0.325476 187.838 0 0 0 1 
Seq_Frame0133_DriverToReference-SequenceTransformStatus = OK
Seq_Frame0133_Timestamp = 15.433
Seq_Frame0134_DriverToReference-SequenceTransform =0.275655 -0.596034 -0.75416 33.7937 -0.724803 0.386463 -0.570357 238.992 0.631407 0.70384 -0.325476 187.838 0 0 0 1 
Seq_Frame0134_DriverToReference-SequenceTransformStatus = OK
Seq_Frame0134_Timestamp = 15.538
Seq_Frame0135_DriverToReference-SequenceTransform =0.275655 -0.596034 -0.75416 33.7937 -0.724803 0.386463 -0.570357 238.992 0.631407 0.70384 -0.325476 187.838 0 0 0 1 
Seq_Frame0135_DriverToReference-SequenceTransformStatus = OK
Seq_Frame0135_Timestamp = 15.647
Seq_Frame0136_DriverToReference-SequenceTransform =0.275655 -0.596034 -0.75416 33.7937 -0.724803 0.386463 -0.570357 238.992 0.631407 0.70384 -0.325476 187.838 0 0 0 1 
Seq_Frame0136_DriverToReference-SequenceTransformStatus = OK
Seq_Frame0136_Timestamp = 15.753
Seq_Frame0137_DriverToReference-SequenceTransform =0.275655 -0.596034 -0.75416 33.7937 -0.724803 0.386463 -0.570357 238.992 0.631407 0.70384 -0.325476 187.838 0 0 0 1 
Seq_Frame0137_DriverToReference-SequenceTransformStatus = OK
Seq_Frame0137_Timestamp = 15.86
Seq_Frame0138_DriverToReference-SequenceTransform =0.275655 -0.596034 -0.75416 33.7937 -0.724803 0.386463 -0.570357 238.992 0.631407 0.70384 -0.325476 187.838 0 0 0 1 
Seq_Frame0138_DriverToReference-SequenceTransformStatus = OK
Seq_Frame0138_Timestamp = 15.964
Seq_Frame0139_DriverToReference-SequenceTransform =0.275655 -0.596034 -0.75416 33.7937 -0.724803 0.386463 -0.570357 238.992 0.631407 0.70384 -0.325476 187.838 0 0 0 1 
Seq_Frame0139_DriverToReference-SequenceTransformStatus = OK
Seq_Frame0139_Timestamp = 16.069
Seq_Frame0140_DriverToReference-SequenceTransform =0.275655 -0.596034 -0.75416 33.7937 -0.724803 0.386463 -0.570357 238.992 0.631407 0.70384 -0.325476 187.838 0 0 0 1 
Seq_Frame0140_DriverToReference-SequenceTransformStatus = OK
Seq_Frame0140_Timestamp = 16.178
Seq_Frame0141_DriverToReference-SequenceTransform =0.275655 -0.596034 -0.75416 33.7937 -0.724803 0.386463 -0.570357 238.992 0.631407 0.70384 -0.325476 187.838 0 0 0 1 
Seq_Frame0141_DriverToReference-SequenceTransformStatus = OK
Seq_Frame0141_Timestamp = 16.282
Seq_Frame0142_DriverToReference-SequenceTransform =0.275655 -0.596034 -0.75416 33.7937 -0.724803 0.386463 -0.570357 238.992 0.631407 0.70384 -0.325476 187.838 0 0 0 1 
Seq_Frame0142_DriverToReference-SequenceTransformStatus = OK
Seq_Frame0142_Timestamp = 16.393
Seq_Frame0143_DriverToReference-SequenceTransform =0.275655 -0.596034 -0.75416 33.7937 -0.724803 0.386463 -0.570357 238.992 0.631407 0.70384 -0.325476 187.838 0 0 0 1 
Seq_Frame0143_DriverToReference-SequenceTransformStatus = OK
Seq_Frame0143_Timestamp = 16.497
Seq_Frame0144_DriverToReference-SequenceTransform =0.250811 -0.743619 -0.619777 11.1079 -0.162766 0.598732 -0.784237 191.689 0.954254 0.297574 0.0291321 188.492 0 0 0 1 
Seq_Frame0144_DriverToReference-SequenceTransformStatus = OK
Seq_Frame0144_Timestamp = 16.61
Seq_Frame0145_DriverToReference-SequenceTransform =0.250811 -0.743619 -0.619777 11.1079 -0.162766 0.598732 -0.784237 191.689 0.954254 0.297574 0.0291321 188.492 0 0 0 1 
Seq_Frame0145_DriverToReference-SequenceTransformStatus = OK
Seq_Frame0145_Timestamp = 16.721
Seq_Frame0146_DriverToReference-SequenceTransform =0.250811 -0.743619 -0.619777 11.1079 -0.162766 0.598732 -0.784237 191.689 0.954254 0.297574 0.0291321 188.492 0 0 0 1 
Seq_Frame0146_DriverToReference-SequenceTransformStatus = OK
Seq_Frame0146_Timestamp = 16.833
Seq_Frame0147_DriverToReference-SequenceTransform =0.250811 -0.743619 -0.619777 11.1079 -0.162766 0.598732 -0.784237 191.689 0.954254 0.297574 0.0291321 188.492 0 0 0 1 
Seq_Frame0147_DriverToReference-SequenceTransformStatus = OK
Seq_Frame0147_Timestamp = 16.937
Seq_Frame0148_DriverToReference-SequenceTransform =0.250811 -0.743619 -0.619777 11.1079 -0.162766 0.598732 -0.784237 191.689 0.954254 0.297574 0.0291321 188.492 0 0 0 1 
Seq_Frame0148_DriverToReference-SequenceTransformStatus = OK
Seq_Frame0148_Timestamp = 17.047
Seq_Frame0149_DriverToReference-SequenceTransform =0.250811 -0.743619 -0.619777 11.1079 -0.162766 0.598732 -0.784237 191.689 0.954254 0.297574 0.0291321 188.492 0 0 0 1 
Seq_Frame0149_DriverToReference-SequenceTransformStatus = OK
Seq_Frame0149_Timestamp = 17.152
Seq_Frame0150_DriverToReference-SequenceTransform =0.250811 -0.743619 -0.619777 11.1079 -0.162766 0.598732 -0.784237 191.689 0.954254 0.297574 0.0291321 188.492 0 0 0 1 
Seq_Frame0150_DriverToReference-SequenceTransformStatus = OK
Seq_Frame0150_Timestamp = 17.267
Seq_Frame0151_DriverToReference-SequenceTransform =0.250811 -0.743619 -0.619777 11.1079 -0.162766 0.598732 -0.784237 191.689 0.954254 0.297574 0.0291321 188.492 0 0 0 1 
Seq_Frame0151_DriverToReference-SequenceTransformStatus = OK
Seq_Frame0151_Timestamp = 17.375
