ObjectType = Image
NDims = 3
AnatomicalOrientation = RAI
BinaryData = True
CompressedData = False
DimSize = 0 0 1387
ElementSpacing = 1 1 1
Offset = 0 0 0
TransformMatrix = 1 0 0 0 1 0 0 0 1
ElementType = MET_UCHAR
Kinds = domain domain list
Seq_Frame0000_ForcepToReference-SequenceTransform =0.339605 -0.777477 -0.529338 0.791787 0.243411 -0.470966 0.847905 10.3298 -0.908526 -0.416799 0.0293038 16.1636 0 0 0 1 
Seq_Frame0000_ForcepToReference-SequenceTransformStatus = OK
Seq_Frame0000_Timestamp = 0.00199986
Seq_Frame0001_ForcepToReference-SequenceTransform =0.340236 -0.777275 -0.529228 0.791344 0.242868 -0.471073 0.848001 10.3391 -0.908435 -0.417053 0.0284992 16.1624 0 0 0 1 
Seq_Frame0001_ForcepToReference-SequenceTransformStatus = OK
Seq_Frame0001_Timestamp = 0.103
Seq_Frame0002_ForcepToReference-SequenceTransform =0.341107 -0.776916 -0.529196 0.768546 0.244493 -0.47026 0.847985 10.3518 -0.907673 -0.418638 0.0295413 16.185 0 0 0 1 
Seq_Frame0002_ForcepToReference-SequenceTransformStatus = OK
Seq_Frame0002_Timestamp = 0.208
Seq_Frame0003_ForcepToReference-SequenceTransform =0.330876 -0.777856 -0.534285 0.699441 0.245262 -0.475834 0.844647 10.5683 -0.911245 -0.410513 0.033337 15.8517 0 0 0 1 
Seq_Frame0003_ForcepToReference-SequenceTransformStatus = OK
Seq_Frame0003_Timestamp = 0.316
Seq_Frame0004_ForcepToReference-SequenceTransform =0.331013 -0.778121 -0.533815 0.719459 0.243629 -0.476053 0.844996 10.5586 -0.911633 -0.409757 0.0319936 15.7491 0 0 0 1 
Seq_Frame0004_ForcepToReference-SequenceTransformStatus = OK
Seq_Frame0004_Timestamp = 0.42
Seq_Frame0005_ForcepToReference-SequenceTransform =0.330859 -0.777552 -0.534738 0.709891 0.244783 -0.476542 0.844387 10.6248 -0.91138 -0.410268 0.0326634 15.681 0 0 0 1 
Seq_Frame0005_ForcepToReference-SequenceTransformStatus = OK
Seq_Frame0005_Timestamp = 0.526
Seq_Frame0006_ForcepToReference-SequenceTransform =0.330894 -0.777473 -0.534831 0.692759 0.244483 -0.476777 0.844341 10.6396 -0.911448 -0.410145 0.0323165 15.6854 0 0 0 1 
Seq_Frame0006_ForcepToReference-SequenceTransformStatus = OK
Seq_Frame0006_Timestamp = 0.634
Seq_Frame0007_ForcepToReference-SequenceTransform =0.330189 -0.777657 -0.534999 0.683988 0.245263 -0.476637 0.844194 10.6122 -0.911494 -0.409959 0.0333503 15.7788 0 0 0 1 
Seq_Frame0007_ForcepToReference-SequenceTransformStatus = OK
Seq_Frame0007_Timestamp = 0.741
Seq_Frame0008_ForcepToReference-SequenceTransform =0.330458 -0.778029 -0.534292 0.693984 0.243541 -0.476632 0.844695 10.5856 -0.911858 -0.409258 0.0319752 15.7594 0 0 0 1 
Seq_Frame0008_ForcepToReference-SequenceTransformStatus = OK
Seq_Frame0008_Timestamp = 0.848
Seq_Frame0009_ForcepToReference-SequenceTransform =0.323147 -0.778899 -0.537488 0.723632 0.244748 -0.479851 0.842521 10.7093 -0.914152 -0.403807 0.0355722 15.3109 0 0 0 1 
Seq_Frame0009_ForcepToReference-SequenceTransformStatus = OK
Seq_Frame0009_Timestamp = 0.951
Seq_Frame0010_ForcepToReference-SequenceTransform =0.33771 -0.775326 -0.533687 0.76398 0.247223 -0.474026 0.845092 10.5763 -0.908203 -0.417336 0.0315948 16.0493 0 0 0 1 
Seq_Frame0010_ForcepToReference-SequenceTransformStatus = OK
Seq_Frame0010_Timestamp = 1.062
Seq_Frame0011_ForcepToReference-SequenceTransform =0.331117 -0.777267 -0.534993 0.716382 0.241028 -0.478496 0.844362 10.6616 -0.912287 -0.408531 0.0289046 15.5477 0 0 0 1 
Seq_Frame0011_ForcepToReference-SequenceTransformStatus = OK
Seq_Frame0011_Timestamp = 1.163
Seq_Frame0012_ForcepToReference-SequenceTransform =0.27695 -0.784142 -0.555356 0.339289 0.21326 -0.513388 0.831236 11.0197 -0.93692 -0.348646 0.0250429 14.0941 0 0 0 1 
Seq_Frame0012_ForcepToReference-SequenceTransformStatus = OK
Seq_Frame0012_Timestamp = 1.27
Seq_Frame0013_ForcepToReference-SequenceTransform =-0.307669 0.794358 0.52377 1.05668 -0.875785 -0.0212403 -0.482233 10.5827 -0.371941 -0.607078 0.702222 15.6058 0 0 0 1 
Seq_Frame0013_ForcepToReference-SequenceTransformStatus = OK
Seq_Frame0013_Timestamp = 1.371
Seq_Frame0014_ForcepToReference-SequenceTransform =-0.306206 0.796057 0.522046 1.09005 -0.875375 -0.0199489 -0.483032 10.597 -0.374107 -0.604893 0.702957 15.7343 0 0 0 1 
Seq_Frame0014_ForcepToReference-SequenceTransformStatus = OK
Seq_Frame0014_Timestamp = 1.481
Seq_Frame0015_ForcepToReference-SequenceTransform =-0.304954 0.795106 0.524222 1.07213 -0.878607 -0.022477 -0.477017 10.6523 -0.367496 -0.606053 0.70544 15.832 0 0 0 1 
Seq_Frame0015_ForcepToReference-SequenceTransformStatus = OK
Seq_Frame0015_Timestamp = 1.585
Seq_Frame0016_ForcepToReference-SequenceTransform =-0.305661 0.798354 0.518847 1.13061 -0.874836 -0.0204005 -0.48399 10.5919 -0.37581 -0.601843 0.704664 15.7257 0 0 0 1 
Seq_Frame0016_ForcepToReference-SequenceTransformStatus = OK
Seq_Frame0016_Timestamp = 1.69
Seq_Frame0017_ForcepToReference-SequenceTransform =-0.306688 0.796329 0.521347 1.08212 -0.875663 -0.0213884 -0.482449 10.5973 -0.373037 -0.604485 0.703876 15.6255 0 0 0 1 
Seq_Frame0017_ForcepToReference-SequenceTransformStatus = OK
Seq_Frame0017_Timestamp = 1.791
Seq_Frame0018_ForcepToReference-SequenceTransform =-0.306759 0.796447 0.521125 1.08831 -0.87614 -0.0223783 -0.481537 10.6187 -0.371856 -0.604294 0.704664 15.6144 0 0 0 1 
Seq_Frame0018_ForcepToReference-SequenceTransformStatus = OK
Seq_Frame0018_Timestamp = 1.896
Seq_Frame0019_ForcepToReference-SequenceTransform =-0.306535 0.796446 0.521258 1.08261 -0.876462 -0.0225643 -0.480942 10.6192 -0.371283 -0.604288 0.704972 15.6086 0 0 0 1 
Seq_Frame0019_ForcepToReference-SequenceTransformStatus = OK
Seq_Frame0019_Timestamp = 1.996
Seq_Frame0020_ForcepToReference-SequenceTransform =-0.307087 0.795339 0.522622 1.06672 -0.875743 -0.0212013 -0.482313 10.618 -0.372522 -0.605794 0.703023 15.6939 0 0 0 1 
Seq_Frame0020_ForcepToReference-SequenceTransformStatus = OK
Seq_Frame0020_Timestamp = 2.106
Seq_Frame0021_ForcepToReference-SequenceTransform =-0.306727 0.796238 0.521463 1.07271 -0.876045 -0.0219836 -0.481727 10.6306 -0.372106 -0.604584 0.704283 15.5978 0 0 0 1 
Seq_Frame0021_ForcepToReference-SequenceTransformStatus = OK
Seq_Frame0021_Timestamp = 2.21
Seq_Frame0022_ForcepToReference-SequenceTransform =-0.306675 0.796865 0.520535 1.08906 -0.87644 -0.0231267 -0.480955 10.6481 -0.371218 -0.603715 0.705497 15.5691 0 0 0 1 
Seq_Frame0022_ForcepToReference-SequenceTransformStatus = OK
Seq_Frame0022_Timestamp = 2.311
Seq_Frame0023_ForcepToReference-SequenceTransform =-0.30659 0.797324 0.519881 1.08714 -0.876538 -0.0235818 -0.480755 10.6379 -0.371058 -0.60309 0.706115 15.5101 0 0 0 1 
Seq_Frame0023_ForcepToReference-SequenceTransformStatus = OK
Seq_Frame0023_Timestamp = 2.42
Seq_Frame0024_ForcepToReference-SequenceTransform =-0.305157 0.802908 0.512071 1.12491 -0.876933 -0.0272646 -0.479839 10.6351 -0.371305 -0.595479 0.712417 15.2952 0 0 0 1 
Seq_Frame0024_ForcepToReference-SequenceTransformStatus = OK
Seq_Frame0024_Timestamp = 2.521
Seq_Frame0025_ForcepToReference-SequenceTransform =-0.305315 0.798954 0.518126 1.11288 -0.876158 -0.0225658 -0.481496 10.5935 -0.373001 -0.600968 0.7069 15.5562 0 0 0 1 
Seq_Frame0025_ForcepToReference-SequenceTransformStatus = OK
Seq_Frame0025_Timestamp = 2.625
Seq_Frame0026_ForcepToReference-SequenceTransform =-0.306873 0.794681 0.523747 1.0756 -0.87552 -0.0199113 -0.482772 10.6064 -0.373221 -0.6067 0.70187 15.708 0 0 0 1 
Seq_Frame0026_ForcepToReference-SequenceTransformStatus = OK
Seq_Frame0026_Timestamp = 2.726
Seq_Frame0027_ForcepToReference-SequenceTransform =-0.306802 0.796321 0.521292 1.08824 -0.875865 -0.0218805 -0.482059 10.6325 -0.372468 -0.604478 0.704183 15.5758 0 0 0 1 
Seq_Frame0027_ForcepToReference-SequenceTransformStatus = OK
Seq_Frame0027_Timestamp = 2.83
Seq_Frame0028_ForcepToReference-SequenceTransform =-0.307017 0.795772 0.522004 1.07602 -0.876253 -0.0223264 -0.481333 10.627 -0.371377 -0.605185 0.704152 15.5897 0 0 0 1 
Seq_Frame0028_ForcepToReference-SequenceTransformStatus = OK
Seq_Frame0028_Timestamp = 2.935
Seq_Frame0029_ForcepToReference-SequenceTransform =-0.307023 0.798484 0.517841 1.10033 -0.876054 -0.0245252 -0.481588 10.6156 -0.37184 -0.601516 0.707046 15.5986 0 0 0 1 
Seq_Frame0029_ForcepToReference-SequenceTransformStatus = OK
Seq_Frame0029_Timestamp = 3.037
Seq_Frame0030_ForcepToReference-SequenceTransform =-0.306864 0.795925 0.52186 1.08292 -0.875677 -0.0213005 -0.482428 10.6204 -0.372861 -0.60502 0.703509 15.6319 0 0 0 1 
Seq_Frame0030_ForcepToReference-SequenceTransformStatus = OK
Seq_Frame0030_Timestamp = 3.145
Seq_Frame0031_ForcepToReference-SequenceTransform =-0.306464 0.795703 0.522433 1.08634 -0.876208 -0.0213602 -0.481459 10.628 -0.371939 -0.60531 0.703748 15.6934 0 0 0 1 
Seq_Frame0031_ForcepToReference-SequenceTransformStatus = OK
Seq_Frame0031_Timestamp = 3.248
Seq_Frame0032_ForcepToReference-SequenceTransform =-0.306863 0.795923 0.521864 1.08773 -0.875428 -0.0208952 -0.482896 10.5985 -0.373443 -0.605038 0.703185 15.6982 0 0 0 1 
Seq_Frame0032_ForcepToReference-SequenceTransformStatus = OK
Seq_Frame0032_Timestamp = 3.355
Seq_Frame0033_ForcepToReference-SequenceTransform =-0.3062 0.797286 0.520171 1.10326 -0.875348 -0.0210348 -0.483035 10.6277 -0.374175 -0.603236 0.704344 15.6302 0 0 0 1 
Seq_Frame0033_ForcepToReference-SequenceTransformStatus = OK
Seq_Frame0033_Timestamp = 3.46
Seq_Frame0034_ForcepToReference-SequenceTransform =-0.306509 0.796062 0.52186 1.09709 -0.87591 -0.0212747 -0.482004 10.6192 -0.372603 -0.604842 0.703799 15.638 0 0 0 1 
Seq_Frame0034_ForcepToReference-SequenceTransformStatus = OK
Seq_Frame0034_Timestamp = 3.571
Seq_Frame0035_ForcepToReference-SequenceTransform =-0.306526 0.796223 0.521604 1.0982 -0.875974 -0.0215521 -0.481877 10.6097 -0.37244 -0.604619 0.704077 15.6426 0 0 0 1 
Seq_Frame0035_ForcepToReference-SequenceTransformStatus = OK
Seq_Frame0035_Timestamp = 3.675
Seq_Frame0036_ForcepToReference-SequenceTransform =-0.306953 0.795955 0.521762 1.09101 -0.87517 -0.0206416 -0.483374 10.5912 -0.373974 -0.605004 0.702932 15.7192 0 0 0 1 
Seq_Frame0036_ForcepToReference-SequenceTransformStatus = OK
Seq_Frame0036_Timestamp = 3.784
Seq_Frame0037_ForcepToReference-SequenceTransform =-0.306736 0.795873 0.522015 1.08366 -0.876165 -0.0218542 -0.481515 10.6182 -0.371816 -0.605069 0.70402 15.6453 0 0 0 1 
Seq_Frame0037_ForcepToReference-SequenceTransformStatus = OK
Seq_Frame0037_Timestamp = 3.891
Seq_Frame0038_ForcepToReference-SequenceTransform =-0.306328 0.796581 0.521174 1.09516 -0.876129 -0.0218371 -0.481582 10.6558 -0.372238 -0.604138 0.704597 15.5585 0 0 0 1 
Seq_Frame0038_ForcepToReference-SequenceTransformStatus = OK
Seq_Frame0038_Timestamp = 3.996
Seq_Frame0039_ForcepToReference-SequenceTransform =-0.306602 0.796533 0.521086 1.10321 -0.875575 -0.0213052 -0.482613 10.6232 -0.373315 -0.60422 0.703956 15.6277 0 0 0 1 
Seq_Frame0039_ForcepToReference-SequenceTransformStatus = OK
Seq_Frame0039_Timestamp = 4.1
Seq_Frame0040_ForcepToReference-SequenceTransform =-0.306655 0.795918 0.521994 1.09907 -0.875879 -0.0213088 -0.482061 10.6011 -0.372558 -0.605029 0.703662 15.6912 0 0 0 1 
Seq_Frame0040_ForcepToReference-SequenceTransformStatus = OK
Seq_Frame0040_Timestamp = 4.202
Seq_Frame0041_ForcepToReference-SequenceTransform =-0.308073 0.79503 0.522512 1.07589 -0.873481 -0.0187357 -0.486498 10.4885 -0.37699 -0.606281 0.700215 16.0333 0 0 0 1 
Seq_Frame0041_ForcepToReference-SequenceTransformStatus = OK
Seq_Frame0041_Timestamp = 4.302
Seq_Frame0042_ForcepToReference-SequenceTransform =-0.307383 0.800092 0.515139 1.11915 -0.876189 -0.0267827 -0.481224 10.6419 -0.371227 -0.599279 0.709264 15.5324 0 0 0 1 
Seq_Frame0042_ForcepToReference-SequenceTransformStatus = OK
Seq_Frame0042_Timestamp = 4.406
Seq_Frame0043_ForcepToReference-SequenceTransform =-0.306477 0.800989 0.514285 1.124 -0.876523 -0.0267941 -0.480613 10.6432 -0.371186 -0.598079 0.710297 15.431 0 0 0 1 
Seq_Frame0043_ForcepToReference-SequenceTransformStatus = OK
Seq_Frame0043_Timestamp = 4.506
Seq_Frame0044_ForcepToReference-SequenceTransform =-0.306073 0.803341 0.510844 1.13654 -0.877307 -0.0296509 -0.479012 10.6671 -0.369663 -0.59478 0.713853 15.2963 0 0 0 1 
Seq_Frame0044_ForcepToReference-SequenceTransformStatus = OK
Seq_Frame0044_Timestamp = 4.61
Seq_Frame0045_ForcepToReference-SequenceTransform =-0.30697 0.802796 0.511163 1.13378 -0.877075 -0.0301193 -0.479409 10.6606 -0.369472 -0.595492 0.713358 15.3775 0 0 0 1 
Seq_Frame0045_ForcepToReference-SequenceTransformStatus = OK
Seq_Frame0045_Timestamp = 4.71
Seq_Frame0046_ForcepToReference-SequenceTransform =-0.307049 0.802677 0.511303 1.13141 -0.877111 -0.0301839 -0.479339 10.6666 -0.369321 -0.59565 0.713304 15.3521 0 0 0 1 
Seq_Frame0046_ForcepToReference-SequenceTransformStatus = OK
Seq_Frame0046_Timestamp = 4.819
Seq_Frame0047_ForcepToReference-SequenceTransform =-0.305466 0.801562 0.513992 1.1246 -0.877333 -0.0271147 -0.479115 10.6393 -0.370104 -0.597296 0.71152 15.3645 0 0 0 1 
Seq_Frame0047_ForcepToReference-SequenceTransformStatus = OK
Seq_Frame0047_Timestamp = 4.92
Seq_Frame0048_ForcepToReference-SequenceTransform =-0.307114 0.793374 0.525585 1.02174 -0.875692 -0.019351 -0.482481 10.6121 -0.372617 -0.608427 0.700694 15.7155 0 0 0 1 
Seq_Frame0048_ForcepToReference-SequenceTransformStatus = OK
Seq_Frame0048_Timestamp = 5.021
Seq_Frame0049_ForcepToReference-SequenceTransform =-0.306062 0.79716 0.520444 1.0921 -0.876789 -0.0230455 -0.480322 10.6657 -0.3709 -0.603329 0.705994 15.4933 0 0 0 1 
Seq_Frame0049_ForcepToReference-SequenceTransformStatus = OK
Seq_Frame0049_Timestamp = 5.134
Seq_Frame0050_ForcepToReference-SequenceTransform =-0.306289 0.795861 0.522295 1.06896 -0.876422 -0.021591 -0.481059 10.6419 -0.371579 -0.605094 0.704124 15.5859 0 0 0 1 
Seq_Frame0050_ForcepToReference-SequenceTransformStatus = OK
Seq_Frame0050_Timestamp = 5.235
Seq_Frame0051_ForcepToReference-SequenceTransform =-0.306834 0.795946 0.521845 1.08259 -0.876188 -0.0221058 -0.481463 10.6141 -0.371683 -0.604963 0.704181 15.6248 0 0 0 1 
Seq_Frame0051_ForcepToReference-SequenceTransformStatus = OK
Seq_Frame0051_Timestamp = 5.335
Seq_Frame0052_ForcepToReference-SequenceTransform =-0.306597 0.795556 0.522578 1.09437 -0.875563 -0.0203762 -0.482674 10.6045 -0.373346 -0.605537 0.702807 15.6726 0 0 0 1 
Seq_Frame0052_ForcepToReference-SequenceTransformStatus = OK
Seq_Frame0052_Timestamp = 5.44
Seq_Frame0053_ForcepToReference-SequenceTransform =-0.306616 0.79571 0.522333 1.08821 -0.876109 -0.0214331 -0.481637 10.6102 -0.372048 -0.605298 0.703701 15.6585 0 0 0 1 
Seq_Frame0053_ForcepToReference-SequenceTransformStatus = OK
Seq_Frame0053_Timestamp = 5.541
Seq_Frame0054_ForcepToReference-SequenceTransform =-0.306316 0.795809 0.522359 1.06744 -0.87648 -0.0216776 -0.480951 10.6497 -0.371422 -0.60516 0.70415 15.5562 0 0 0 1 
Seq_Frame0054_ForcepToReference-SequenceTransformStatus = OK
Seq_Frame0054_Timestamp = 5.645
Seq_Frame0055_ForcepToReference-SequenceTransform =-0.306345 0.79642 0.52141 1.08426 -0.876171 -0.0217823 -0.481507 10.6358 -0.372125 -0.604351 0.704473 15.56 0 0 0 1 
Seq_Frame0055_ForcepToReference-SequenceTransformStatus = OK
Seq_Frame0055_Timestamp = 5.746
Seq_Frame0056_ForcepToReference-SequenceTransform =-0.306364 0.795756 0.522411 1.0832 -0.876183 -0.0212177 -0.481511 10.6268 -0.372081 -0.605245 0.703728 15.6291 0 0 0 1 
Seq_Frame0056_ForcepToReference-SequenceTransformStatus = OK
Seq_Frame0056_Timestamp = 5.859
Seq_Frame0057_ForcepToReference-SequenceTransform =-0.306695 0.796377 0.521269 1.09024 -0.875948 -0.0219056 -0.481907 10.6136 -0.372361 -0.604403 0.704304 15.6236 0 0 0 1 
Seq_Frame0057_ForcepToReference-SequenceTransformStatus = OK
Seq_Frame0057_Timestamp = 5.96
Seq_Frame0058_ForcepToReference-SequenceTransform =-0.306369 0.797034 0.520456 1.09975 -0.876303 -0.0226008 -0.481229 10.6214 -0.371794 -0.603511 0.705368 15.591 0 0 0 1 
Seq_Frame0058_ForcepToReference-SequenceTransformStatus = OK
Seq_Frame0058_Timestamp = 6.065
Seq_Frame0059_ForcepToReference-SequenceTransform =-0.306849 0.796055 0.521671 1.10694 -0.875493 -0.0211 -0.482771 10.6063 -0.373305 -0.604857 0.703414 15.6554 0 0 0 1 
Seq_Frame0059_ForcepToReference-SequenceTransformStatus = OK
Seq_Frame0059_Timestamp = 6.17
Seq_Frame0060_ForcepToReference-SequenceTransform =-0.306592 0.795669 0.522409 1.08896 -0.876049 -0.021262 -0.481752 10.6227 -0.372208 -0.605358 0.703564 15.6224 0 0 0 1 
Seq_Frame0060_ForcepToReference-SequenceTransformStatus = OK
Seq_Frame0060_Timestamp = 6.271
Seq_Frame0061_ForcepToReference-SequenceTransform =-0.306897 0.795228 0.522902 1.09725 -0.875478 -0.0203836 -0.482828 10.6091 -0.3733 -0.605968 0.702461 15.6869 0 0 0 1 
Seq_Frame0061_ForcepToReference-SequenceTransformStatus = OK
Seq_Frame0061_Timestamp = 6.377
Seq_Frame0062_ForcepToReference-SequenceTransform =-0.306917 0.795517 0.522451 1.09391 -0.875372 -0.0205082 -0.483015 10.6102 -0.373532 -0.605584 0.702667 15.6835 0 0 0 1 
Seq_Frame0062_ForcepToReference-SequenceTransformStatus = OK
Seq_Frame0062_Timestamp = 6.48
Seq_Frame0063_ForcepToReference-SequenceTransform =-0.306239 0.795719 0.522541 1.06694 -0.876442 -0.0214176 -0.481031 10.6413 -0.371574 -0.605287 0.70396 15.5976 0 0 0 1 
Seq_Frame0063_ForcepToReference-SequenceTransformStatus = OK
Seq_Frame0063_Timestamp = 6.585
Seq_Frame0064_ForcepToReference-SequenceTransform =-0.306851 0.795968 0.521802 1.09686 -0.875382 -0.0208424 -0.482983 10.5926 -0.373564 -0.604979 0.703171 15.6936 0 0 0 1 
Seq_Frame0064_ForcepToReference-SequenceTransformStatus = OK
Seq_Frame0064_Timestamp = 6.69
Seq_Frame0065_ForcepToReference-SequenceTransform =-0.307027 0.795395 0.522571 1.081 -0.875413 -0.0206289 -0.482935 10.5904 -0.373344 -0.60574 0.702633 15.7288 0 0 0 1 
Seq_Frame0065_ForcepToReference-SequenceTransformStatus = OK
Seq_Frame0065_Timestamp = 6.793
Seq_Frame0066_ForcepToReference-SequenceTransform =-0.306631 0.795312 0.522931 1.09115 -0.87608 -0.0210418 -0.481706 10.6102 -0.372103 -0.605836 0.703209 15.6655 0 0 0 1 
Seq_Frame0066_ForcepToReference-SequenceTransformStatus = OK
Seq_Frame0066_Timestamp = 6.896
Seq_Frame0067_ForcepToReference-SequenceTransform =-0.306655 0.7957 0.522326 1.09363 -0.875517 -0.0205206 -0.482751 10.6098 -0.373406 -0.605344 0.702942 15.6741 0 0 0 1 
Seq_Frame0067_ForcepToReference-SequenceTransformStatus = OK
Seq_Frame0067_Timestamp = 7.005
Seq_Frame0068_ForcepToReference-SequenceTransform =-0.3066 0.7957 0.522358 1.09289 -0.875891 -0.0210452 -0.48205 10.6242 -0.372574 -0.605325 0.703399 15.6365 0 0 0 1 
Seq_Frame0068_ForcepToReference-SequenceTransformStatus = OK
Seq_Frame0068_Timestamp = 7.105
Seq_Frame0069_ForcepToReference-SequenceTransform =-0.306876 0.795374 0.522692 1.09042 -0.875532 -0.0205744 -0.482723 10.615 -0.373191 -0.605769 0.702689 15.6394 0 0 0 1 
Seq_Frame0069_ForcepToReference-SequenceTransformStatus = OK
Seq_Frame0069_Timestamp = 7.206
Seq_Frame0070_ForcepToReference-SequenceTransform =-0.306649 0.795691 0.522343 1.09321 -0.875902 -0.0211292 -0.482025 10.6195 -0.372507 -0.605334 0.703427 15.6372 0 0 0 1 
Seq_Frame0070_ForcepToReference-SequenceTransformStatus = OK
Seq_Frame0070_Timestamp = 7.31
Seq_Frame0071_ForcepToReference-SequenceTransform =-0.30664 0.795619 0.522459 1.08363 -0.875557 -0.0204875 -0.48268 10.6193 -0.373325 -0.605451 0.702892 15.6586 0 0 0 1 
Seq_Frame0071_ForcepToReference-SequenceTransformStatus = OK
Seq_Frame0071_Timestamp = 7.411
Seq_Frame0072_ForcepToReference-SequenceTransform =-0.298413 0.797135 0.524906 0.643762 -0.896042 -0.0445658 -0.441728 12.5991 -0.328724 -0.602155 0.727565 13.6046 0 0 0 1 
Seq_Frame0072_ForcepToReference-SequenceTransformStatus = OK
Seq_Frame0072_Timestamp = 7.96
Seq_Frame0073_ForcepToReference-SequenceTransform =-0.298413 0.797135 0.524906 0.643762 -0.896042 -0.0445658 -0.441728 12.5991 -0.328724 -0.602155 0.727565 13.6046 0 0 0 1 
Seq_Frame0073_ForcepToReference-SequenceTransformStatus = OK
Seq_Frame0073_Timestamp = 8.061
Seq_Frame0074_ForcepToReference-SequenceTransform =-0.298413 0.797135 0.524906 0.643762 -0.896042 -0.0445658 -0.441728 12.5991 -0.328724 -0.602155 0.727565 13.6046 0 0 0 1 
Seq_Frame0074_ForcepToReference-SequenceTransformStatus = OK
Seq_Frame0074_Timestamp = 8.17
Seq_Frame0075_ForcepToReference-SequenceTransform =-0.298413 0.797135 0.524906 0.643762 -0.896042 -0.0445658 -0.441728 12.5991 -0.328724 -0.602155 0.727565 13.6046 0 0 0 1 
Seq_Frame0075_ForcepToReference-SequenceTransformStatus = OK
Seq_Frame0075_Timestamp = 8.271
Seq_Frame0076_ForcepToReference-SequenceTransform =-0.590862 -0.805662 -0.0423259 -94.4704 0.782092 -0.584875 0.215065 188.558 -0.198025 0.0939711 0.975682 60.4078 0 0 0 1 
Seq_Frame0076_ForcepToReference-SequenceTransformStatus = OK
Seq_Frame0076_Timestamp = 8.377
Seq_Frame0077_ForcepToReference-SequenceTransform =-0.503502 -0.85953 -0.0877163 -104.959 0.85183 -0.510824 0.115954 212.512 -0.144473 -0.0163363 0.989374 52.3242 0 0 0 1 
Seq_Frame0077_ForcepToReference-SequenceTransformStatus = OK
Seq_Frame0077_Timestamp = 8.48
Seq_Frame0078_ForcepToReference-SequenceTransform =-0.120485 -0.986434 -0.111491 -92.5987 0.978707 -0.136834 0.152997 240.691 -0.166177 -0.0906834 0.981917 37.6344 0 0 0 1 
Seq_Frame0078_ForcepToReference-SequenceTransformStatus = OK
Seq_Frame0078_Timestamp = 8.585
Seq_Frame0079_ForcepToReference-SequenceTransform =-0.22015 -0.971717 -0.085439 -114.421 0.951423 -0.233225 0.200996 227.138 -0.215238 -0.0370393 0.975859 36.6889 0 0 0 1 
Seq_Frame0079_ForcepToReference-SequenceTransformStatus = OK
Seq_Frame0079_Timestamp = 8.686
Seq_Frame0080_ForcepToReference-SequenceTransform =-0.29327 -0.955387 -0.0350369 -118.344 0.832324 -0.273181 0.482295 202.647 -0.47035 0.11228 0.875308 40.4385 0 0 0 1 
Seq_Frame0080_ForcepToReference-SequenceTransformStatus = OK
Seq_Frame0080_Timestamp = 8.794
Seq_Frame0081_ForcepToReference-SequenceTransform =-0.31345 -0.94927 -0.025201 -116.442 0.809401 -0.280955 0.515688 199.211 -0.496608 0.141245 0.856406 43.5656 0 0 0 1 
Seq_Frame0081_ForcepToReference-SequenceTransformStatus = OK
Seq_Frame0081_Timestamp = 8.905
Seq_Frame0082_ForcepToReference-SequenceTransform =-0.31345 -0.94927 -0.025201 -116.442 0.809401 -0.280955 0.515688 199.211 -0.496608 0.141245 0.856406 43.5656 0 0 0 1 
Seq_Frame0082_ForcepToReference-SequenceTransformStatus = OK
Seq_Frame0082_Timestamp = 9.011
Seq_Frame0083_ForcepToReference-SequenceTransform =-0.340905 -0.925632 0.164282 -145.559 0.878862 -0.251758 0.40524 176.04 -0.333744 0.28253 0.899329 24.8264 0 0 0 1 
Seq_Frame0083_ForcepToReference-SequenceTransformStatus = OK
Seq_Frame0083_Timestamp = 9.111
Seq_Frame0084_ForcepToReference-SequenceTransform =-0.285955 -0.948328 0.137489 -138.623 0.921613 -0.232886 0.310474 171.621 -0.262412 0.215493 0.940586 38.0587 0 0 0 1 
Seq_Frame0084_ForcepToReference-SequenceTransformStatus = OK
Seq_Frame0084_Timestamp = 9.22
Seq_Frame0085_ForcepToReference-SequenceTransform =-0.276014 -0.949439 0.149604 -137.203 0.939203 -0.233348 0.251888 170.236 -0.204242 0.210033 0.956123 50.1304 0 0 0 1 
Seq_Frame0085_ForcepToReference-SequenceTransformStatus = OK
Seq_Frame0085_Timestamp = 9.324
Seq_Frame0086_ForcepToReference-SequenceTransform =-0.339579 -0.940346 0.0208541 -135.077 0.927233 -0.330957 0.175232 174.002 -0.157877 0.0788416 0.984306 58.9836 0 0 0 1 
Seq_Frame0086_ForcepToReference-SequenceTransformStatus = OK
Seq_Frame0086_Timestamp = 9.431
Seq_Frame0087_ForcepToReference-SequenceTransform =-0.404848 -0.908869 -0.10028 -131.883 0.908301 -0.412358 0.0703557 180.391 -0.105295 -0.0626013 0.992469 68.4063 0 0 0 1 
Seq_Frame0087_ForcepToReference-SequenceTransformStatus = OK
Seq_Frame0087_Timestamp = 9.537
Seq_Frame0088_ForcepToReference-SequenceTransform =-0.433019 -0.878432 -0.202118 -127.334 0.890894 -0.451192 0.0522851 179.723 -0.137123 -0.157426 0.977964 70.7765 0 0 0 1 
Seq_Frame0088_ForcepToReference-SequenceTransformStatus = OK
Seq_Frame0088_Timestamp = 9.644
Seq_Frame0089_ForcepToReference-SequenceTransform =-0.439078 -0.872624 -0.213863 -128.814 0.885247 -0.460847 0.06291 178.958 -0.153455 -0.161699 0.974836 70.281 0 0 0 1 
Seq_Frame0089_ForcepToReference-SequenceTransformStatus = OK
Seq_Frame0089_Timestamp = 9.75
Seq_Frame0090_ForcepToReference-SequenceTransform =-0.408406 -0.89173 -0.194994 -131.441 0.884032 -0.439613 0.158834 172.458 -0.227359 -0.107512 0.967858 65.8509 0 0 0 1 
Seq_Frame0090_ForcepToReference-SequenceTransformStatus = OK
Seq_Frame0090_Timestamp = 9.859
Seq_Frame0091_ForcepToReference-SequenceTransform =-0.408018 -0.895546 -0.177536 -134.594 0.879591 -0.437698 0.186388 170.157 -0.244626 -0.0801091 0.966302 61.9632 0 0 0 1 
Seq_Frame0091_ForcepToReference-SequenceTransformStatus = OK
Seq_Frame0091_Timestamp = 9.965
Seq_Frame0092_ForcepToReference-SequenceTransform =-0.404039 -0.898073 -0.173834 -137.01 0.876494 -0.434467 0.207357 168.083 -0.261747 -0.068584 0.962697 58.4624 0 0 0 1 
Seq_Frame0092_ForcepToReference-SequenceTransformStatus = OK
Seq_Frame0092_Timestamp = 10.073
Seq_Frame0093_ForcepToReference-SequenceTransform =-0.403985 -0.90313 -0.145439 -137.865 0.866776 -0.428742 0.254713 165.631 -0.292395 -0.0231631 0.956017 56.8798 0 0 0 1 
Seq_Frame0093_ForcepToReference-SequenceTransformStatus = OK
Seq_Frame0093_Timestamp = 10.18
Seq_Frame0094_ForcepToReference-SequenceTransform =-0.398618 -0.905689 -0.144332 -137.378 0.867977 -0.423382 0.259546 164.163 -0.296176 -0.0218165 0.954884 56.0246 0 0 0 1 
Seq_Frame0094_ForcepToReference-SequenceTransformStatus = OK
Seq_Frame0094_Timestamp = 10.286
Seq_Frame0095_ForcepToReference-SequenceTransform =-0.393623 -0.906658 -0.151762 -136.669 0.864594 -0.421218 0.273956 162.966 -0.31231 -0.0233773 0.949693 53.6573 0 0 0 1 
Seq_Frame0095_ForcepToReference-SequenceTransformStatus = OK
Seq_Frame0095_Timestamp = 10.482
Seq_Frame0096_ForcepToReference-SequenceTransform =-0.37677 -0.91357 -0.153082 -132.978 0.879979 -0.404615 0.248846 162.844 -0.289277 -0.0409516 0.956369 48.13 0 0 0 1 
Seq_Frame0096_ForcepToReference-SequenceTransformStatus = OK
Seq_Frame0096_Timestamp = 10.592
Seq_Frame0097_ForcepToReference-SequenceTransform =-0.348412 -0.923567 -0.160104 -125.314 0.881019 -0.38098 0.280464 164.959 -0.320024 -0.0433378 0.946418 39.5504 0 0 0 1 
Seq_Frame0097_ForcepToReference-SequenceTransformStatus = OK
Seq_Frame0097_Timestamp = 10.699
Seq_Frame0098_ForcepToReference-SequenceTransform =-0.301729 -0.944937 -0.126699 -113.395 0.905248 -0.325648 0.272909 169.013 -0.299141 -0.0323495 0.95366 34.0066 0 0 0 1 
Seq_Frame0098_ForcepToReference-SequenceTransformStatus = OK
Seq_Frame0098_Timestamp = 10.81
Seq_Frame0099_ForcepToReference-SequenceTransform =-0.258086 -0.961221 -0.0971867 -103.214 0.922431 -0.275074 0.271026 166.807 -0.287249 -0.0197 0.957653 32.9766 0 0 0 1 
Seq_Frame0099_ForcepToReference-SequenceTransformStatus = OK
Seq_Frame0099_Timestamp = 10.919
Seq_Frame0100_ForcepToReference-SequenceTransform =-0.224134 -0.970291 -0.0911023 -90.6447 0.940789 -0.239815 0.239592 162.626 -0.254321 -0.0320075 0.96659 34.0522 0 0 0 1 
Seq_Frame0100_ForcepToReference-SequenceTransformStatus = OK
Seq_Frame0100_Timestamp = 11.024
Seq_Frame0101_ForcepToReference-SequenceTransform =-0.211188 -0.974636 -0.0740596 -82.6649 0.95167 -0.222313 0.211901 160.314 -0.222991 -0.0257295 0.974481 32.0529 0 0 0 1 
Seq_Frame0101_ForcepToReference-SequenceTransformStatus = OK
Seq_Frame0101_Timestamp = 11.128
Seq_Frame0102_ForcepToReference-SequenceTransform =-0.21651 -0.97137 -0.0977938 -76.301 0.960077 -0.23002 0.159198 158.546 -0.177134 -0.0594217 0.982391 32.3849 0 0 0 1 
Seq_Frame0102_ForcepToReference-SequenceTransformStatus = OK
Seq_Frame0102_Timestamp = 11.236
Seq_Frame0103_ForcepToReference-SequenceTransform =-0.249148 -0.962821 -0.104411 -73.4707 0.963012 -0.257726 0.0786456 160.019 -0.102631 -0.0809544 0.99142 36.1479 0 0 0 1 
Seq_Frame0103_ForcepToReference-SequenceTransformStatus = OK
Seq_Frame0103_Timestamp = 11.338
Seq_Frame0104_ForcepToReference-SequenceTransform =-0.263343 -0.958884 -0.105797 -71.8974 0.962268 -0.268879 0.0417536 160.889 -0.0684834 -0.0908094 0.993511 38.0227 0 0 0 1 
Seq_Frame0104_ForcepToReference-SequenceTransformStatus = OK
Seq_Frame0104_Timestamp = 11.444
Seq_Frame0105_ForcepToReference-SequenceTransform =-0.268581 -0.95714 -0.108387 -70.5487 0.960696 -0.274366 0.0422715 161.094 -0.0701973 -0.0927735 0.99321 38.227 0 0 0 1 
Seq_Frame0105_ForcepToReference-SequenceTransformStatus = OK
Seq_Frame0105_Timestamp = 11.552
Seq_Frame0106_ForcepToReference-SequenceTransform =-0.269137 -0.958441 -0.0946355 -68.5005 0.962274 -0.271678 0.0148444 162.722 -0.0399379 -0.08707 0.995401 39.6376 0 0 0 1 
Seq_Frame0106_ForcepToReference-SequenceTransformStatus = OK
Seq_Frame0106_Timestamp = 11.655
Seq_Frame0107_ForcepToReference-SequenceTransform =-0.273131 -0.958507 -0.0816282 -66.5685 0.961891 -0.273254 -0.00987972 164.51 -0.0128355 -0.0812159 0.996614 40.6677 0 0 0 1 
Seq_Frame0107_ForcepToReference-SequenceTransformStatus = OK
Seq_Frame0107_Timestamp = 11.767
Seq_Frame0108_ForcepToReference-SequenceTransform =-0.262203 -0.961792 -0.0787738 -65.2209 0.964961 -0.262158 -0.0111049 164.335 -0.00997057 -0.0789254 0.996831 39.7097 0 0 0 1 
Seq_Frame0108_ForcepToReference-SequenceTransformStatus = OK
Seq_Frame0108_Timestamp = 11.871
Seq_Frame0109_ForcepToReference-SequenceTransform =-0.223441 -0.973901 -0.0398961 -65.1587 0.967824 -0.226534 0.109537 160.592 -0.115716 -0.0141372 0.993182 34.7248 0 0 0 1 
Seq_Frame0109_ForcepToReference-SequenceTransformStatus = OK
Seq_Frame0109_Timestamp = 11.976
Seq_Frame0110_ForcepToReference-SequenceTransform =-0.241288 -0.969272 -0.0478667 -70.0058 0.959379 -0.245675 0.138692 160.502 -0.14619 -0.0124577 0.989178 31.1454 0 0 0 1 
Seq_Frame0110_ForcepToReference-SequenceTransformStatus = OK
Seq_Frame0110_Timestamp = 12.081
Seq_Frame0111_ForcepToReference-SequenceTransform =-0.309161 -0.943157 -0.121955 -79.9674 0.941554 -0.321599 0.100248 161.414 -0.13377 -0.0838349 0.98746 17.2012 0 0 0 1 
Seq_Frame0111_ForcepToReference-SequenceTransformStatus = OK
Seq_Frame0111_Timestamp = 12.398
Seq_Frame0112_ForcepToReference-SequenceTransform =-0.330196 -0.936142 -0.120865 -77.409 0.939626 -0.33818 0.0523249 165.143 -0.0898577 -0.0962905 0.991289 10.4444 0 0 0 1 
Seq_Frame0112_ForcepToReference-SequenceTransformStatus = OK
Seq_Frame0112_Timestamp = 12.504
Seq_Frame0113_ForcepToReference-SequenceTransform =-0.361179 -0.90982 -0.204395 -76.2411 0.931669 -0.361317 -0.0379933 171.64 -0.0392844 -0.204151 0.978151 9.55255 0 0 0 1 
Seq_Frame0113_ForcepToReference-SequenceTransformStatus = OK
Seq_Frame0113_Timestamp = 12.611
Seq_Frame0114_ForcepToReference-SequenceTransform =-0.379418 -0.899014 -0.218668 -75.5926 0.925156 -0.371528 -0.0777979 176.267 -0.0113001 -0.23182 0.972693 9.21741 0 0 0 1 
Seq_Frame0114_ForcepToReference-SequenceTransformStatus = OK
Seq_Frame0114_Timestamp = 12.714
Seq_Frame0115_ForcepToReference-SequenceTransform =-0.384308 -0.894261 -0.229357 -73.8626 0.923062 -0.367831 -0.112502 177.785 0.0162416 -0.254946 0.966819 10.9111 0 0 0 1 
Seq_Frame0115_ForcepToReference-SequenceTransformStatus = OK
Seq_Frame0115_Timestamp = 12.823
Seq_Frame0116_ForcepToReference-SequenceTransform =-0.395497 -0.88572 -0.243069 -73.5483 0.918322 -0.37663 -0.121794 178.275 0.0163278 -0.271385 0.962332 10.5104 0 0 0 1 
Seq_Frame0116_ForcepToReference-SequenceTransformStatus = OK
Seq_Frame0116_Timestamp = 12.927
Seq_Frame0117_ForcepToReference-SequenceTransform =-0.403464 -0.877151 -0.260427 -73.6396 0.914967 -0.384508 -0.122431 179.178 0.00725413 -0.287679 0.957699 9.9066 0 0 0 1 
Seq_Frame0117_ForcepToReference-SequenceTransformStatus = OK
Seq_Frame0117_Timestamp = 13.034
Seq_Frame0118_ForcepToReference-SequenceTransform =-0.415373 -0.864046 -0.284409 -72.2391 0.909627 -0.392278 -0.136733 180.286 0.00657634 -0.315502 0.948902 9.67838 0 0 0 1 
Seq_Frame0118_ForcepToReference-SequenceTransformStatus = OK
Seq_Frame0118_Timestamp = 13.144
Seq_Frame0119_ForcepToReference-SequenceTransform =-0.417274 -0.862243 -0.287088 -72.1059 0.908774 -0.39465 -0.13558 180.411 0.0036035 -0.317472 0.948261 9.77333 0 0 0 1 
Seq_Frame0119_ForcepToReference-SequenceTransformStatus = OK
Seq_Frame0119_Timestamp = 13.247
Seq_Frame0120_ForcepToReference-SequenceTransform =-0.405004 -0.876607 -0.25987 -71.8066 0.913963 -0.396041 -0.0884499 178.817 -0.0253837 -0.273334 0.961584 3.58009 0 0 0 1 
Seq_Frame0120_ForcepToReference-SequenceTransformStatus = OK
Seq_Frame0120_Timestamp = 13.94
Seq_Frame0121_ForcepToReference-SequenceTransform =-0.381643 -0.899459 -0.212888 -75.8063 0.923265 -0.381911 -0.0415475 177.951 -0.0439339 -0.212409 0.976193 -1.72853 0 0 0 1 
Seq_Frame0121_ForcepToReference-SequenceTransformStatus = OK
Seq_Frame0121_Timestamp = 14.047
Seq_Frame0122_ForcepToReference-SequenceTransform =-0.255885 -0.950404 -0.176792 -95.7497 0.935279 -0.289643 0.203372 164.397 -0.244492 -0.11331 0.963008 -6.59578 0 0 0 1 
Seq_Frame0122_ForcepToReference-SequenceTransformStatus = OK
Seq_Frame0122_Timestamp = 14.273
Seq_Frame0123_ForcepToReference-SequenceTransform =-0.258668 -0.955563 -0.141385 -93.3125 0.950281 -0.277997 0.140302 170.654 -0.173372 -0.0980641 0.979962 13.0852 0 0 0 1 
Seq_Frame0123_ForcepToReference-SequenceTransformStatus = OK
Seq_Frame0123_Timestamp = 14.378
Seq_Frame0124_ForcepToReference-SequenceTransform =-0.283244 -0.953966 -0.0985961 -94.7219 0.958399 -0.285333 0.0074747 180.07 -0.0352633 -0.0923772 0.995099 28.8135 0 0 0 1 
Seq_Frame0124_ForcepToReference-SequenceTransformStatus = OK
Seq_Frame0124_Timestamp = 14.485
Seq_Frame0125_ForcepToReference-SequenceTransform =-0.309102 -0.949713 -0.0500032 -98.6288 0.945452 -0.301179 -0.124145 187.011 0.102842 -0.085649 0.991003 39.518 0 0 0 1 
Seq_Frame0125_ForcepToReference-SequenceTransformStatus = OK
Seq_Frame0125_Timestamp = 14.588
Seq_Frame0126_ForcepToReference-SequenceTransform =-0.325283 -0.945613 0.00253461 -103.309 0.937202 -0.322744 -0.132245 188.169 0.125871 -0.0406415 0.991214 42.6587 0 0 0 1 
Seq_Frame0126_ForcepToReference-SequenceTransformStatus = OK
Seq_Frame0126_Timestamp = 14.698
Seq_Frame0127_ForcepToReference-SequenceTransform =-0.324732 -0.945773 -0.00786079 -101.931 0.932283 -0.318677 -0.171153 189.025 0.159367 -0.0629074 0.985213 47.6967 0 0 0 1 
Seq_Frame0127_ForcepToReference-SequenceTransformStatus = OK
Seq_Frame0127_Timestamp = 14.804
Seq_Frame0128_ForcepToReference-SequenceTransform =-0.349113 -0.936791 -0.0233166 -104.406 0.928038 -0.342189 -0.147148 189.235 0.129868 -0.0730099 0.98884 48.2469 0 0 0 1 
Seq_Frame0128_ForcepToReference-SequenceTransformStatus = OK
Seq_Frame0128_Timestamp = 14.907
Seq_Frame0129_ForcepToReference-SequenceTransform =-0.339287 -0.94051 0.0180471 -106.822 0.926515 -0.337432 -0.166464 190.578 0.162651 -0.0397582 0.985882 49.2785 0 0 0 1 
Seq_Frame0129_ForcepToReference-SequenceTransformStatus = OK
Seq_Frame0129_Timestamp = 15.014
Seq_Frame0130_ForcepToReference-SequenceTransform =-0.343612 -0.939032 0.0122727 -106.854 0.925787 -0.340901 -0.163417 190.795 0.157637 -0.04479 0.986481 50.2268 0 0 0 1 
Seq_Frame0130_ForcepToReference-SequenceTransformStatus = OK
Seq_Frame0130_Timestamp = 15.117
Seq_Frame0131_ForcepToReference-SequenceTransform =-0.34234 -0.939235 -0.0253145 -104.855 0.934568 -0.337613 -0.112253 189.825 0.0968858 -0.0620869 0.993357 48.5447 0 0 0 1 
Seq_Frame0131_ForcepToReference-SequenceTransformStatus = OK
Seq_Frame0131_Timestamp = 15.222
Seq_Frame0132_ForcepToReference-SequenceTransform =-0.319008 -0.947406 -0.0256059 -103.945 0.945312 -0.316133 -0.0802861 189.12 0.0679687 -0.0498175 0.996443 45.2541 0 0 0 1 
Seq_Frame0132_ForcepToReference-SequenceTransformStatus = OK
Seq_Frame0132_Timestamp = 15.33
Seq_Frame0133_ForcepToReference-SequenceTransform =-0.305386 -0.950432 -0.0584734 -102.206 0.952132 -0.303903 -0.0329826 187.386 0.0135774 -0.0657468 0.997744 41.3797 0 0 0 1 
Seq_Frame0133_ForcepToReference-SequenceTransformStatus = OK
Seq_Frame0133_Timestamp = 15.433
Seq_Frame0134_ForcepToReference-SequenceTransform =-0.302406 -0.951415 -0.0579747 -100.567 0.952785 -0.303471 0.0103266 185.596 -0.0274185 -0.0521146 0.998265 39.5151 0 0 0 1 
Seq_Frame0134_ForcepToReference-SequenceTransformStatus = OK
Seq_Frame0134_Timestamp = 15.538
Seq_Frame0135_ForcepToReference-SequenceTransform =-0.307166 -0.949022 -0.0707483 -99.6251 0.950285 -0.309864 0.0307059 185.015 -0.0510629 -0.0577992 0.997021 38.7274 0 0 0 1 
Seq_Frame0135_ForcepToReference-SequenceTransformStatus = OK
Seq_Frame0135_Timestamp = 15.647
Seq_Frame0136_ForcepToReference-SequenceTransform =-0.307499 -0.950249 -0.0497074 -98.5195 0.950337 -0.309323 0.034338 185.052 -0.0480053 -0.0366799 0.998173 37.9944 0 0 0 1 
Seq_Frame0136_ForcepToReference-SequenceTransformStatus = OK
Seq_Frame0136_Timestamp = 15.753
Seq_Frame0137_ForcepToReference-SequenceTransform =-0.318576 -0.945619 -0.0656889 -97.0955 0.945402 -0.321998 0.0503152 185.073 -0.0687307 -0.0460733 0.996571 37.6176 0 0 0 1 
Seq_Frame0137_ForcepToReference-SequenceTransformStatus = OK
Seq_Frame0137_Timestamp = 15.86
Seq_Frame0138_ForcepToReference-SequenceTransform =-0.336954 -0.936026 -0.101571 -97.3356 0.936486 -0.344338 0.0665211 185.632 -0.0972403 -0.0727054 0.992602 36.5585 0 0 0 1 
Seq_Frame0138_ForcepToReference-SequenceTransformStatus = OK
Seq_Frame0138_Timestamp = 15.964
Seq_Frame0139_ForcepToReference-SequenceTransform =-0.343571 -0.932421 -0.11203 -98.3897 0.9339 -0.351787 0.0638426 186.487 -0.0989389 -0.0826904 0.991652 36.5877 0 0 0 1 
Seq_Frame0139_ForcepToReference-SequenceTransformStatus = OK
Seq_Frame0139_Timestamp = 16.069
Seq_Frame0140_ForcepToReference-SequenceTransform =-0.339303 -0.931745 -0.129323 -98.6387 0.934932 -0.3492 0.0629403 186.716 -0.103804 -0.0995525 0.989603 37.6137 0 0 0 1 
Seq_Frame0140_ForcepToReference-SequenceTransformStatus = OK
Seq_Frame0140_Timestamp = 16.178
Seq_Frame0141_ForcepToReference-SequenceTransform =-0.335157 -0.918835 -0.208355 -93.708 0.934609 -0.352185 0.0497197 185.024 -0.119064 -0.178066 0.976789 40.5391 0 0 0 1 
Seq_Frame0141_ForcepToReference-SequenceTransformStatus = OK
Seq_Frame0141_Timestamp = 16.282
Seq_Frame0142_ForcepToReference-SequenceTransform =-0.30907 -0.931642 -0.191099 -82.3996 0.946114 -0.321622 0.0377825 184.797 -0.0966612 -0.169124 0.980843 42.4691 0 0 0 1 
Seq_Frame0142_ForcepToReference-SequenceTransformStatus = OK
Seq_Frame0142_Timestamp = 16.393
Seq_Frame0143_ForcepToReference-SequenceTransform =-0.304345 -0.932654 -0.193728 -78.6653 0.94861 -0.315254 0.0274494 187.464 -0.0866743 -0.175418 0.980671 45.5935 0 0 0 1 
Seq_Frame0143_ForcepToReference-SequenceTransformStatus = OK
Seq_Frame0143_Timestamp = 16.497
Seq_Frame0144_ForcepToReference-SequenceTransform =-0.306098 -0.930439 -0.201465 -80.0942 0.949582 -0.31348 0.00500959 189.153 -0.0678163 -0.189774 0.979483 44.8071 0 0 0 1 
Seq_Frame0144_ForcepToReference-SequenceTransformStatus = OK
Seq_Frame0144_Timestamp = 16.61
Seq_Frame0145_ForcepToReference-SequenceTransform =-0.297809 -0.93333 -0.200513 -81.9922 0.951735 -0.306616 0.0136576 184.087 -0.0742276 -0.186768 0.979596 41.5626 0 0 0 1 
Seq_Frame0145_ForcepToReference-SequenceTransformStatus = OK
Seq_Frame0145_Timestamp = 16.721
Seq_Frame0146_ForcepToReference-SequenceTransform =-0.294035 -0.93498 -0.198384 -84.3236 0.952749 -0.303272 0.0171958 178.409 -0.0762419 -0.183953 0.979974 36.7243 0 0 0 1 
Seq_Frame0146_ForcepToReference-SequenceTransformStatus = OK
Seq_Frame0146_Timestamp = 16.833
Seq_Frame0147_ForcepToReference-SequenceTransform =-0.300761 -0.931554 -0.204328 -87.2213 0.949928 -0.31165 0.0226008 176.575 -0.0847327 -0.187299 0.978642 33.9232 0 0 0 1 
Seq_Frame0147_ForcepToReference-SequenceTransformStatus = OK
Seq_Frame0147_Timestamp = 16.937
Seq_Frame0148_ForcepToReference-SequenceTransform =-0.296214 -0.93722 -0.184052 -89.9538 0.953009 -0.302829 0.0082716 174.739 -0.0634885 -0.172953 0.982882 33.4722 0 0 0 1 
Seq_Frame0148_ForcepToReference-SequenceTransformStatus = OK
Seq_Frame0148_Timestamp = 17.047
Seq_Frame0149_ForcepToReference-SequenceTransform =-0.28809 -0.941245 -0.176246 -90.8821 0.954342 -0.297382 0.0282138 171.997 -0.0789685 -0.160071 0.983942 31.4606 0 0 0 1 
Seq_Frame0149_ForcepToReference-SequenceTransformStatus = OK
Seq_Frame0149_Timestamp = 17.152
