ObjectType = Image
NDims = 3
AnatomicalOrientation = RAI
BinaryData = True
CompressedData = False
DimSize = 0 0 7725
ElementSpacing = 1 1 1
Offset = 0 0 0
TransformMatrix = 1 0 0 0 1 0 0 0 1
ElementType = MET_UCHAR
Kinds = domain domain list
Seq_Frame0000_ForcepToReference-SequenceTransform =0.707856 -0.105053 -0.698502 412.948 -0.385147 0.771543 -0.506343 90.349 0.592117 0.627444 0.50568 150.952 0 0 0 1 
Seq_Frame0000_ForcepToReference-SequenceTransformStatus = OK
Seq_Frame0000_Timestamp = 0.0059998
Seq_Frame0001_ForcepToReference-SequenceTransform =0.708304 -0.104457 -0.698136 412.982 -0.385649 0.771097 -0.50664 90.2373 0.591253 0.628091 0.505887 150.977 0 0 0 1 
Seq_Frame0001_ForcepToReference-SequenceTransformStatus = OK
Seq_Frame0001_Timestamp = 0.109
Seq_Frame0002_ForcepToReference-SequenceTransform =0.707387 -0.104292 -0.69909 412.909 -0.387155 0.770323 -0.506669 89.8537 0.591367 0.629067 0.504539 151.358 0 0 0 1 
Seq_Frame0002_ForcepToReference-SequenceTransformStatus = OK
Seq_Frame0002_Timestamp = 0.21
Seq_Frame0003_ForcepToReference-SequenceTransform =0.707784 -0.105303 -0.698537 412.965 -0.38472 0.77187 -0.50617 90.3228 0.59248 0.627 0.505805 150.794 0 0 0 1 
Seq_Frame0003_ForcepToReference-SequenceTransformStatus = OK
Seq_Frame0003_Timestamp = 0.323
Seq_Frame0004_ForcepToReference-SequenceTransform =0.706397 -0.105233 -0.69995 412.937 -0.386698 0.770888 -0.506158 90.2537 0.592847 0.628218 0.50386 150.941 0 0 0 1 
Seq_Frame0004_ForcepToReference-SequenceTransformStatus = OK
Seq_Frame0004_Timestamp = 0.426
Seq_Frame0005_ForcepToReference-SequenceTransform =0.707212 -0.105392 -0.699102 412.96 -0.385317 0.771611 -0.50611 90.2922 0.592775 0.627302 0.505083 150.882 0 0 0 1 
Seq_Frame0005_ForcepToReference-SequenceTransformStatus = OK
Seq_Frame0005_Timestamp = 0.535
Seq_Frame0006_ForcepToReference-SequenceTransform =0.707038 -0.105847 -0.699209 412.967 -0.384393 0.772391 -0.505623 90.4885 0.593581 0.626266 0.505423 150.895 0 0 0 1 
Seq_Frame0006_ForcepToReference-SequenceTransformStatus = OK
Seq_Frame0006_Timestamp = 0.636
Seq_Frame0007_ForcepToReference-SequenceTransform =0.704755 -0.105618 -0.701545 412.834 -0.387976 0.770512 -0.505752 89.596 0.593966 0.628614 0.502045 151.551 0 0 0 1 
Seq_Frame0007_ForcepToReference-SequenceTransformStatus = OK
Seq_Frame0007_Timestamp = 0.74
Seq_Frame0008_ForcepToReference-SequenceTransform =0.7064 -0.105259 -0.699942 412.913 -0.386771 0.770789 -0.506253 89.5466 0.592796 0.628335 0.503774 151.481 0 0 0 1 
Seq_Frame0008_ForcepToReference-SequenceTransformStatus = OK
Seq_Frame0008_Timestamp = 0.856
Seq_Frame0009_ForcepToReference-SequenceTransform =0.706197 -0.104896 -0.700202 412.947 -0.387979 0.769925 -0.506643 89.4879 0.592248 0.629453 0.503021 151.451 0 0 0 1 
Seq_Frame0009_ForcepToReference-SequenceTransformStatus = OK
Seq_Frame0009_Timestamp = 0.96
Seq_Frame0010_ForcepToReference-SequenceTransform =0.707451 -0.104474 -0.698998 412.89 -0.38693 0.770381 -0.506753 89.5311 0.591437 0.628966 0.504582 151.557 0 0 0 1 
Seq_Frame0010_ForcepToReference-SequenceTransformStatus = OK
Seq_Frame0010_Timestamp = 1.071
Seq_Frame0011_ForcepToReference-SequenceTransform =0.705935 -0.105926 -0.700311 412.867 -0.385978 0.771502 -0.505772 89.8085 0.593866 0.627347 0.503745 151.338 0 0 0 1 
Seq_Frame0011_ForcepToReference-SequenceTransformStatus = OK
Seq_Frame0011_Timestamp = 1.171
Seq_Frame0012_ForcepToReference-SequenceTransform =0.70642 -0.105356 -0.699908 412.885 -0.386643 0.77084 -0.506274 90.0263 0.592855 0.628257 0.503802 151.203 0 0 0 1 
Seq_Frame0012_ForcepToReference-SequenceTransformStatus = OK
Seq_Frame0012_Timestamp = 1.272
Seq_Frame0013_ForcepToReference-SequenceTransform =0.705378 -0.106262 -0.700822 412.924 -0.38601 0.77165 -0.505521 89.9718 0.594507 0.627108 0.503286 151.256 0 0 0 1 
Seq_Frame0013_ForcepToReference-SequenceTransformStatus = OK
Seq_Frame0013_Timestamp = 1.379
Seq_Frame0014_ForcepToReference-SequenceTransform =0.705356 -0.105793 -0.700915 412.845 -0.387148 0.770804 -0.505942 89.7676 0.593793 0.628227 0.502733 151.459 0 0 0 1 
Seq_Frame0014_ForcepToReference-SequenceTransformStatus = OK
Seq_Frame0014_Timestamp = 1.48
Seq_Frame0015_ForcepToReference-SequenceTransform =0.705537 -0.105393 -0.700792 412.872 -0.3874 0.770687 -0.505928 89.7446 0.593413 0.628438 0.502919 151.425 0 0 0 1 
Seq_Frame0015_ForcepToReference-SequenceTransformStatus = OK
Seq_Frame0015_Timestamp = 1.588
Seq_Frame0016_ForcepToReference-SequenceTransform =0.705462 -0.105549 -0.700844 412.875 -0.387425 0.770606 -0.506032 89.6108 0.593486 0.628511 0.502741 151.562 0 0 0 1 
Seq_Frame0016_ForcepToReference-SequenceTransformStatus = OK
Seq_Frame0016_Timestamp = 1.696
Seq_Frame0017_ForcepToReference-SequenceTransform =0.704366 -0.105621 -0.701935 412.867 -0.388664 0.770079 -0.505884 89.7504 0.593978 0.629144 0.501366 151.4 0 0 0 1 
Seq_Frame0017_ForcepToReference-SequenceTransformStatus = OK
Seq_Frame0017_Timestamp = 1.804
Seq_Frame0018_ForcepToReference-SequenceTransform =0.706583 -0.105533 -0.699717 412.951 -0.386016 0.771252 -0.506125 90.0842 0.59307 0.627721 0.504216 151.076 0 0 0 1 
Seq_Frame0018_ForcepToReference-SequenceTransformStatus = OK
Seq_Frame0018_Timestamp = 1.91
Seq_Frame0019_ForcepToReference-SequenceTransform =0.705088 -0.1055 -0.701227 412.938 -0.388158 0.77015 -0.506164 89.6517 0.593451 0.629078 0.502073 151.335 0 0 0 1 
Seq_Frame0019_ForcepToReference-SequenceTransformStatus = OK
Seq_Frame0019_Timestamp = 2.014
Seq_Frame0020_ForcepToReference-SequenceTransform =0.705693 -0.105139 -0.700674 412.926 -0.388131 0.769977 -0.506449 89.5217 0.59275 0.62935 0.502559 151.41 0 0 0 1 
Seq_Frame0020_ForcepToReference-SequenceTransformStatus = OK
Seq_Frame0020_Timestamp = 2.115
Seq_Frame0021_ForcepToReference-SequenceTransform =0.706649 -0.105129 -0.699711 412.941 -0.38683 0.770631 -0.506449 89.6707 0.592461 0.628551 0.503898 151.322 0 0 0 1 
Seq_Frame0021_ForcepToReference-SequenceTransformStatus = OK
Seq_Frame0021_Timestamp = 2.231
Seq_Frame0022_ForcepToReference-SequenceTransform =0.705156 -0.104638 -0.701289 412.925 -0.389927 0.768841 -0.506795 89.5554 0.592209 0.630821 0.501351 151.397 0 0 0 1 
Seq_Frame0022_ForcepToReference-SequenceTransformStatus = OK
Seq_Frame0022_Timestamp = 2.346
Seq_Frame0023_ForcepToReference-SequenceTransform =0.705528 -0.104797 -0.700891 412.914 -0.388865 0.76957 -0.506504 89.4054 0.592465 0.629904 0.502201 151.488 0 0 0 1 
Seq_Frame0023_ForcepToReference-SequenceTransformStatus = OK
Seq_Frame0023_Timestamp = 2.447
Seq_Frame0024_ForcepToReference-SequenceTransform =0.706196 -0.105712 -0.70008 412.926 -0.386338 0.771077 -0.506146 89.7903 0.593321 0.627906 0.50369 151.372 0 0 0 1 
Seq_Frame0024_ForcepToReference-SequenceTransformStatus = OK
Seq_Frame0024_Timestamp = 2.556
Seq_Frame0025_ForcepToReference-SequenceTransform =0.704711 -0.104972 -0.701686 412.878 -0.389673 0.769212 -0.506427 89.382 0.592906 0.630312 0.501168 151.472 0 0 0 1 
Seq_Frame0025_ForcepToReference-SequenceTransformStatus = OK
Seq_Frame0025_Timestamp = 2.67
Seq_Frame0026_ForcepToReference-SequenceTransform =0.707092 -0.105691 -0.699178 412.942 -0.385004 0.771817 -0.506034 89.9124 0.593121 0.626999 0.505054 151.2 0 0 0 1 
Seq_Frame0026_ForcepToReference-SequenceTransformStatus = OK
Seq_Frame0026_Timestamp = 2.78
Seq_Frame0027_ForcepToReference-SequenceTransform =0.706251 -0.105367 -0.700076 412.975 -0.386955 0.770631 -0.506354 89.9348 0.592853 0.628511 0.503487 151.14 0 0 0 1 
Seq_Frame0027_ForcepToReference-SequenceTransformStatus = OK
Seq_Frame0027_Timestamp = 2.888
Seq_Frame0028_ForcepToReference-SequenceTransform =0.706825 -0.10534 -0.699501 412.92 -0.386492 0.7707 -0.506601 89.9233 0.592471 0.62843 0.504037 151.186 0 0 0 1 
Seq_Frame0028_ForcepToReference-SequenceTransformStatus = OK
Seq_Frame0028_Timestamp = 2.999
Seq_Frame0029_ForcepToReference-SequenceTransform =0.707062 -0.104924 -0.699324 412.905 -0.38693 0.770355 -0.506792 89.8962 0.591903 0.628923 0.504091 151.249 0 0 0 1 
Seq_Frame0029_ForcepToReference-SequenceTransformStatus = OK
Seq_Frame0029_Timestamp = 3.1
Seq_Frame0030_ForcepToReference-SequenceTransform =0.706205 -0.105267 -0.700138 412.903 -0.387295 0.770378 -0.506479 89.8908 0.592686 0.628838 0.503276 151.32 0 0 0 1 
Seq_Frame0030_ForcepToReference-SequenceTransformStatus = OK
Seq_Frame0030_Timestamp = 3.213
Seq_Frame0031_ForcepToReference-SequenceTransform =0.70605 -0.105396 -0.700275 412.898 -0.386891 0.770832 -0.506097 89.5943 0.593135 0.62826 0.503469 151.55 0 0 0 1 
Seq_Frame0031_ForcepToReference-SequenceTransformStatus = OK
Seq_Frame0031_Timestamp = 3.315
Seq_Frame0032_ForcepToReference-SequenceTransform =0.70514 -0.105857 -0.701122 412.86 -0.387141 0.77093 -0.505756 89.5167 0.594054 0.628062 0.502632 151.611 0 0 0 1 
Seq_Frame0032_ForcepToReference-SequenceTransformStatus = OK
Seq_Frame0032_Timestamp = 3.42
Seq_Frame0033_ForcepToReference-SequenceTransform =0.706592 -0.105043 -0.699782 412.91 -0.387291 0.770248 -0.50668 89.587 0.592228 0.629035 0.503568 151.481 0 0 0 1 
Seq_Frame0033_ForcepToReference-SequenceTransformStatus = OK
Seq_Frame0033_Timestamp = 3.525
Seq_Frame0034_ForcepToReference-SequenceTransform =0.705434 -0.104654 -0.701007 412.916 -0.389199 0.769391 -0.506519 89.3871 0.592358 0.630147 0.502023 151.552 0 0 0 1 
Seq_Frame0034_ForcepToReference-SequenceTransformStatus = OK
Seq_Frame0034_Timestamp = 3.63
Seq_Frame0035_ForcepToReference-SequenceTransform =0.70645 -0.104692 -0.699977 412.946 -0.388188 0.769657 -0.506891 89.4809 0.591809 0.629816 0.503084 151.469 0 0 0 1 
Seq_Frame0035_ForcepToReference-SequenceTransformStatus = OK
Seq_Frame0035_Timestamp = 3.735
Seq_Frame0036_ForcepToReference-SequenceTransform =0.706029 -0.105523 -0.700277 412.926 -0.386851 0.770798 -0.506178 89.467 0.593186 0.62828 0.503384 151.603 0 0 0 1 
Seq_Frame0036_ForcepToReference-SequenceTransformStatus = OK
Seq_Frame0036_Timestamp = 3.838
Seq_Frame0037_ForcepToReference-SequenceTransform =0.705113 -0.105089 -0.701264 412.895 -0.389156 0.769368 -0.506587 89.1839 0.592767 0.630102 0.501595 151.751 0 0 0 1 
Seq_Frame0037_ForcepToReference-SequenceTransformStatus = OK
Seq_Frame0037_Timestamp = 3.946
Seq_Frame0038_ForcepToReference-SequenceTransform =0.70584 -0.10546 -0.700477 412.956 -0.387491 0.770311 -0.506431 89.6442 0.592993 0.628888 0.502852 151.354 0 0 0 1 
Seq_Frame0038_ForcepToReference-SequenceTransformStatus = OK
Seq_Frame0038_Timestamp = 4.05
Seq_Frame0039_ForcepToReference-SequenceTransform =0.708833 -0.103791 -0.697699 412.976 -0.386762 0.769988 -0.507478 89.7387 0.589891 0.62956 0.50565 151.388 0 0 0 1 
Seq_Frame0039_ForcepToReference-SequenceTransformStatus = OK
Seq_Frame0039_Timestamp = 4.164
Seq_Frame0040_ForcepToReference-SequenceTransform =0.705516 -0.104649 -0.700925 412.922 -0.389543 0.768965 -0.506902 89.2928 0.592034 0.630667 0.501751 151.565 0 0 0 1 
Seq_Frame0040_ForcepToReference-SequenceTransformStatus = OK
Seq_Frame0040_Timestamp = 4.271
Seq_Frame0041_ForcepToReference-SequenceTransform =0.706536 -0.104686 -0.699891 412.953 -0.388083 0.769706 -0.506897 89.4313 0.591775 0.629757 0.503198 151.555 0 0 0 1 
Seq_Frame0041_ForcepToReference-SequenceTransformStatus = OK
Seq_Frame0041_Timestamp = 4.38
Seq_Frame0042_ForcepToReference-SequenceTransform =0.7068 -0.104759 -0.699613 412.98 -0.387486 0.770084 -0.506778 89.6952 0.591851 0.629282 0.503703 151.372 0 0 0 1 
Seq_Frame0042_ForcepToReference-SequenceTransformStatus = OK
Seq_Frame0042_Timestamp = 4.48
Seq_Frame0043_ForcepToReference-SequenceTransform =0.705748 -0.104903 -0.700653 412.95 -0.388619 0.769586 -0.506669 89.3353 0.592364 0.629868 0.502366 151.603 0 0 0 1 
Seq_Frame0043_ForcepToReference-SequenceTransformStatus = OK
Seq_Frame0043_Timestamp = 4.585
Seq_Frame0044_ForcepToReference-SequenceTransform =0.705486 -0.105 -0.700903 412.926 -0.388792 0.769534 -0.506615 89.2353 0.592563 0.629915 0.502072 151.748 0 0 0 1 
Seq_Frame0044_ForcepToReference-SequenceTransformStatus = OK
Seq_Frame0044_Timestamp = 4.69
Seq_Frame0045_ForcepToReference-SequenceTransform =0.706734 -0.104813 -0.699672 412.932 -0.387289 0.770306 -0.506593 89.3913 0.592059 0.629002 0.503809 151.573 0 0 0 1 
Seq_Frame0045_ForcepToReference-SequenceTransformStatus = OK
Seq_Frame0045_Timestamp = 4.792
Seq_Frame0046_ForcepToReference-SequenceTransform =0.705778 -0.104993 -0.70061 412.939 -0.388278 0.769861 -0.506512 89.4678 0.592552 0.629516 0.502584 151.468 0 0 0 1 
Seq_Frame0046_ForcepToReference-SequenceTransformStatus = OK
Seq_Frame0046_Timestamp = 4.905
Seq_Frame0047_ForcepToReference-SequenceTransform =0.705099 -0.105327 -0.701243 412.98 -0.388293 0.770123 -0.506102 89.538 0.59335 0.629139 0.502115 151.345 0 0 0 1 
Seq_Frame0047_ForcepToReference-SequenceTransformStatus = OK
Seq_Frame0047_Timestamp = 5.01
Seq_Frame0048_ForcepToReference-SequenceTransform =0.706527 -0.103234 -0.700116 412.925 -0.390551 0.768131 -0.50739 89.0868 0.590161 0.631916 0.502387 151.759 0 0 0 1 
Seq_Frame0048_ForcepToReference-SequenceTransformStatus = OK
Seq_Frame0048_Timestamp = 5.113
Seq_Frame0049_ForcepToReference-SequenceTransform =0.705459 -0.104908 -0.700943 412.971 -0.38879 0.769622 -0.506482 89.4133 0.592595 0.629822 0.50215 151.515 0 0 0 1 
Seq_Frame0049_ForcepToReference-SequenceTransformStatus = OK
Seq_Frame0049_Timestamp = 5.226
Seq_Frame0050_ForcepToReference-SequenceTransform =0.706138 -0.105172 -0.70022 412.979 -0.387332 0.770459 -0.506327 89.4963 0.592742 0.628754 0.503314 151.334 0 0 0 1 
Seq_Frame0050_ForcepToReference-SequenceTransformStatus = OK
Seq_Frame0050_Timestamp = 5.334
Seq_Frame0051_ForcepToReference-SequenceTransform =0.706444 -0.104733 -0.699977 412.965 -0.387998 0.769835 -0.506767 89.4721 0.591942 0.629592 0.503209 151.372 0 0 0 1 
Seq_Frame0051_ForcepToReference-SequenceTransformStatus = OK
Seq_Frame0051_Timestamp = 5.434
Seq_Frame0052_ForcepToReference-SequenceTransform =0.706434 -0.10388 -0.700114 412.923 -0.3898 0.768538 -0.507352 89.0302 0.590768 0.631315 0.502429 151.744 0 0 0 1 
Seq_Frame0052_ForcepToReference-SequenceTransformStatus = OK
Seq_Frame0052_Timestamp = 5.546
Seq_Frame0053_ForcepToReference-SequenceTransform =0.706062 -0.104906 -0.700337 412.944 -0.387948 0.770056 -0.506468 89.3758 0.59243 0.629292 0.503009 151.578 0 0 0 1 
Seq_Frame0053_ForcepToReference-SequenceTransformStatus = OK
Seq_Frame0053_Timestamp = 5.65
Seq_Frame0054_ForcepToReference-SequenceTransform =0.705527 -0.105176 -0.700835 412.925 -0.388198 0.770005 -0.506354 89.3505 0.592903 0.629309 0.50243 151.686 0 0 0 1 
Seq_Frame0054_ForcepToReference-SequenceTransformStatus = OK
Seq_Frame0054_Timestamp = 5.755
Seq_Frame0055_ForcepToReference-SequenceTransform =0.704955 -0.104907 -0.701451 412.922 -0.389374 0.76939 -0.506386 89.482 0.592813 0.630106 0.501537 151.522 0 0 0 1 
Seq_Frame0055_ForcepToReference-SequenceTransformStatus = OK
Seq_Frame0055_Timestamp = 5.86
Seq_Frame0056_ForcepToReference-SequenceTransform =0.708152 -0.103902 -0.698373 412.961 -0.387284 0.769878 -0.507247 89.4672 0.590366 0.629676 0.504951 151.539 0 0 0 1 
Seq_Frame0056_ForcepToReference-SequenceTransformStatus = OK
Seq_Frame0056_Timestamp = 5.963
Seq_Frame0057_ForcepToReference-SequenceTransform =0.70535 -0.105451 -0.700972 412.956 -0.387761 0.770406 -0.506079 89.4344 0.593399 0.628772 0.502517 151.521 0 0 0 1 
Seq_Frame0057_ForcepToReference-SequenceTransformStatus = OK
Seq_Frame0057_Timestamp = 6.065
Seq_Frame0058_ForcepToReference-SequenceTransform =0.70611 -0.105251 -0.700237 412.923 -0.387148 0.770619 -0.506224 89.5083 0.592896 0.628545 0.503394 151.525 0 0 0 1 
Seq_Frame0058_ForcepToReference-SequenceTransformStatus = OK
Seq_Frame0058_Timestamp = 6.165
Seq_Frame0059_ForcepToReference-SequenceTransform =0.705115 -0.105542 -0.701194 412.903 -0.387922 0.77035 -0.506042 89.577 0.593573 0.628826 0.502243 151.566 0 0 0 1 
Seq_Frame0059_ForcepToReference-SequenceTransformStatus = OK
Seq_Frame0059_Timestamp = 6.275
Seq_Frame0060_ForcepToReference-SequenceTransform =0.705896 -0.105198 -0.70046 412.932 -0.387441 0.770509 -0.506167 89.6616 0.592958 0.628688 0.503142 151.493 0 0 0 1 
Seq_Frame0060_ForcepToReference-SequenceTransformStatus = OK
Seq_Frame0060_Timestamp = 6.375
Seq_Frame0061_ForcepToReference-SequenceTransform =0.706118 -0.105043 -0.700259 412.904 -0.387543 0.770343 -0.506342 89.4365 0.592628 0.628918 0.503245 151.669 0 0 0 1 
Seq_Frame0061_ForcepToReference-SequenceTransformStatus = OK
Seq_Frame0061_Timestamp = 6.488
Seq_Frame0062_ForcepToReference-SequenceTransform =0.705819 -0.105437 -0.700502 412.918 -0.387196 0.770655 -0.506132 89.613 0.59321 0.628469 0.503119 151.496 0 0 0 1 
Seq_Frame0062_ForcepToReference-SequenceTransformStatus = OK
Seq_Frame0062_Timestamp = 6.6
Seq_Frame0063_ForcepToReference-SequenceTransform =0.70572 -0.105912 -0.70053 412.942 -0.386462 0.771165 -0.505917 89.6759 0.593807 0.627764 0.503295 151.438 0 0 0 1 
Seq_Frame0063_ForcepToReference-SequenceTransformStatus = OK
Seq_Frame0063_Timestamp = 6.701
Seq_Frame0064_ForcepToReference-SequenceTransform =0.706346 -0.105017 -0.700033 412.916 -0.387232 0.770518 -0.506314 89.5039 0.59256 0.628708 0.503586 151.555 0 0 0 1 
Seq_Frame0064_ForcepToReference-SequenceTransformStatus = OK
Seq_Frame0064_Timestamp = 6.81
Seq_Frame0065_ForcepToReference-SequenceTransform =0.706175 -0.105355 -0.700155 412.907 -0.386754 0.770911 -0.506081 89.6874 0.593075 0.628169 0.503652 151.483 0 0 0 1 
Seq_Frame0065_ForcepToReference-SequenceTransformStatus = OK
Seq_Frame0065_Timestamp = 6.92
Seq_Frame0066_ForcepToReference-SequenceTransform =0.705838 -0.105409 -0.700487 412.89 -0.387394 0.770452 -0.506291 89.5236 0.593059 0.628723 0.502979 151.711 0 0 0 1 
Seq_Frame0066_ForcepToReference-SequenceTransformStatus = OK
Seq_Frame0066_Timestamp = 7.026
Seq_Frame0067_ForcepToReference-SequenceTransform =0.705177 -0.105252 -0.701176 412.897 -0.388194 0.770223 -0.506025 89.3411 0.593322 0.62903 0.502285 151.734 0 0 0 1 
Seq_Frame0067_ForcepToReference-SequenceTransformStatus = OK
Seq_Frame0067_Timestamp = 7.129
Seq_Frame0068_ForcepToReference-SequenceTransform =0.705287 -0.105386 -0.701045 412.88 -0.387753 0.77051 -0.505928 89.4149 0.59348 0.628656 0.502566 151.729 0 0 0 1 
Seq_Frame0068_ForcepToReference-SequenceTransformStatus = OK
Seq_Frame0068_Timestamp = 7.235
Seq_Frame0069_ForcepToReference-SequenceTransform =0.704698 -0.106266 -0.701504 412.888 -0.386857 0.771272 -0.505452 89.8342 0.594763 0.627573 0.502404 151.493 0 0 0 1 
Seq_Frame0069_ForcepToReference-SequenceTransformStatus = OK
Seq_Frame0069_Timestamp = 7.335
Seq_Frame0070_ForcepToReference-SequenceTransform =0.706643 -0.105462 -0.699667 412.915 -0.385997 0.771276 -0.506102 89.8065 0.593011 0.627703 0.504309 151.443 0 0 0 1 
Seq_Frame0070_ForcepToReference-SequenceTransformStatus = OK
Seq_Frame0070_Timestamp = 7.436
Seq_Frame0071_ForcepToReference-SequenceTransform =0.707277 -0.104382 -0.699188 412.922 -0.387437 0.770042 -0.50688 89.4603 0.591313 0.629396 0.504192 151.782 0 0 0 1 
Seq_Frame0071_ForcepToReference-SequenceTransformStatus = OK
Seq_Frame0071_Timestamp = 7.537
Seq_Frame0072_ForcepToReference-SequenceTransform =0.706056 -0.105029 -0.700324 412.875 -0.387758 0.770172 -0.506437 89.4762 0.592561 0.629129 0.503059 151.604 0 0 0 1 
Seq_Frame0072_ForcepToReference-SequenceTransformStatus = OK
Seq_Frame0072_Timestamp = 7.64
Seq_Frame0073_ForcepToReference-SequenceTransform =0.707009 -0.10518 -0.699339 412.884 -0.38612 0.771069 -0.506323 89.7256 0.592494 0.628004 0.504541 151.557 0 0 0 1 
Seq_Frame0073_ForcepToReference-SequenceTransformStatus = OK
Seq_Frame0073_Timestamp = 7.746
Seq_Frame0074_ForcepToReference-SequenceTransform =0.706059 -0.105139 -0.700305 412.896 -0.387458 0.77041 -0.506305 89.4382 0.592754 0.62882 0.503218 151.699 0 0 0 1 
Seq_Frame0074_ForcepToReference-SequenceTransformStatus = OK
Seq_Frame0074_Timestamp = 7.855
Seq_Frame0075_ForcepToReference-SequenceTransform =0.704355 -0.105355 -0.701986 412.848 -0.3895 0.769392 -0.506287 89.2062 0.593442 0.630029 0.500889 151.92 0 0 0 1 
Seq_Frame0075_ForcepToReference-SequenceTransformStatus = OK
Seq_Frame0075_Timestamp = 7.956
Seq_Frame0076_ForcepToReference-SequenceTransform =0.704464 -0.105563 -0.701845 412.856 -0.388729 0.769976 -0.505991 89.0583 0.593818 0.62928 0.501385 151.998 0 0 0 1 
Seq_Frame0076_ForcepToReference-SequenceTransformStatus = OK
Seq_Frame0076_Timestamp = 8.06
Seq_Frame0077_ForcepToReference-SequenceTransform =0.705843 -0.105215 -0.700511 412.84 -0.387634 0.770334 -0.506286 89.0373 0.592896 0.6289 0.50295 152.038 0 0 0 1 
Seq_Frame0077_ForcepToReference-SequenceTransformStatus = OK
Seq_Frame0077_Timestamp = 8.162
Seq_Frame0078_ForcepToReference-SequenceTransform =0.706293 -0.10396 -0.700245 412.823 -0.389589 0.768815 -0.507094 88.8301 0.591076 0.630965 0.502507 152.153 0 0 0 1 
Seq_Frame0078_ForcepToReference-SequenceTransformStatus = OK
Seq_Frame0078_Timestamp = 8.27
Seq_Frame0079_ForcepToReference-SequenceTransform =0.706624 -0.104831 -0.699781 412.87 -0.387374 0.770287 -0.506556 89.32 0.592135 0.629022 0.503695 151.713 0 0 0 1 
Seq_Frame0079_ForcepToReference-SequenceTransformStatus = OK
Seq_Frame0079_Timestamp = 8.375
Seq_Frame0080_ForcepToReference-SequenceTransform =0.705545 -0.105503 -0.700768 412.929 -0.387545 0.770448 -0.506181 89.4946 0.593309 0.628712 0.502698 151.522 0 0 0 1 
Seq_Frame0080_ForcepToReference-SequenceTransformStatus = OK
Seq_Frame0080_Timestamp = 8.487
Seq_Frame0081_ForcepToReference-SequenceTransform =0.70489 -0.104934 -0.701512 412.948 -0.389475 0.769312 -0.506427 89.5788 0.592823 0.630197 0.501411 151.44 0 0 0 1 
Seq_Frame0081_ForcepToReference-SequenceTransformStatus = OK
Seq_Frame0081_Timestamp = 8.595
Seq_Frame0082_ForcepToReference-SequenceTransform =0.705656 -0.105118 -0.700714 412.931 -0.387871 0.770296 -0.506162 89.6856 0.592964 0.628963 0.502791 151.333 0 0 0 1 
Seq_Frame0082_ForcepToReference-SequenceTransformStatus = OK
Seq_Frame0082_Timestamp = 8.699
Seq_Frame0083_ForcepToReference-SequenceTransform =0.706608 -0.105456 -0.699703 412.994 -0.38611 0.771188 -0.50615 89.8916 0.592979 0.627812 0.50421 151.138 0 0 0 1 
Seq_Frame0083_ForcepToReference-SequenceTransformStatus = OK
Seq_Frame0083_Timestamp = 8.799
Seq_Frame0084_ForcepToReference-SequenceTransform =0.705911 -0.10535 -0.700422 412.963 -0.38723 0.770612 -0.506172 89.6548 0.59308 0.628536 0.503189 151.32 0 0 0 1 
Seq_Frame0084_ForcepToReference-SequenceTransformStatus = OK
Seq_Frame0084_Timestamp = 8.9
Seq_Frame0085_ForcepToReference-SequenceTransform =0.7061 -0.105226 -0.700251 412.956 -0.3873 0.770483 -0.506315 89.6198 0.592808 0.628716 0.503283 151.286 0 0 0 1 
Seq_Frame0085_ForcepToReference-SequenceTransformStatus = OK
Seq_Frame0085_Timestamp = 9
Seq_Frame0086_ForcepToReference-SequenceTransform =0.705381 -0.105455 -0.70094 412.964 -0.387753 0.770388 -0.506113 89.6966 0.593368 0.628794 0.502527 151.252 0 0 0 1 
Seq_Frame0086_ForcepToReference-SequenceTransformStatus = OK
Seq_Frame0086_Timestamp = 9.113
Seq_Frame0087_ForcepToReference-SequenceTransform =0.707025 -0.105098 -0.699335 413.032 -0.386414 0.770805 -0.506502 89.9126 0.592283 0.628343 0.504367 151.03 0 0 0 1 
Seq_Frame0087_ForcepToReference-SequenceTransformStatus = OK
Seq_Frame0087_Timestamp = 9.215
Seq_Frame0088_ForcepToReference-SequenceTransform =0.706511 -0.104876 -0.699888 413.007 -0.387608 0.770094 -0.506671 89.9942 0.592117 0.629251 0.503429 150.953 0 0 0 1 
Seq_Frame0088_ForcepToReference-SequenceTransformStatus = OK
Seq_Frame0088_Timestamp = 9.325
Seq_Frame0089_ForcepToReference-SequenceTransform =0.705735 -0.105749 -0.70054 413.001 -0.386732 0.770986 -0.505983 89.9359 0.593613 0.628011 0.503215 151.055 0 0 0 1 
Seq_Frame0089_ForcepToReference-SequenceTransformStatus = OK
Seq_Frame0089_Timestamp = 9.425
Seq_Frame0090_ForcepToReference-SequenceTransform =0.70643 -0.105432 -0.699886 412.99 -0.386459 0.770973 -0.506212 89.7194 0.592964 0.628081 0.503893 151.216 0 0 0 1 
Seq_Frame0090_ForcepToReference-SequenceTransformStatus = OK
Seq_Frame0090_Timestamp = 9.534
Seq_Frame0091_ForcepToReference-SequenceTransform =0.706802 -0.105069 -0.699565 412.945 -0.386588 0.770812 -0.506357 89.7248 0.592436 0.628338 0.504193 151.235 0 0 0 1 
Seq_Frame0091_ForcepToReference-SequenceTransformStatus = OK
Seq_Frame0091_Timestamp = 9.635
Seq_Frame0092_ForcepToReference-SequenceTransform =0.705554 -0.104663 -0.700885 412.897 -0.389103 0.769394 -0.506588 89.34 0.592277 0.630142 0.502124 151.656 0 0 0 1 
Seq_Frame0092_ForcepToReference-SequenceTransformStatus = OK
Seq_Frame0092_Timestamp = 9.737
Seq_Frame0093_ForcepToReference-SequenceTransform =0.706755 -0.105125 -0.699604 412.934 -0.386546 0.770852 -0.506329 89.5594 0.592519 0.62828 0.504168 151.419 0 0 0 1 
Seq_Frame0093_ForcepToReference-SequenceTransformStatus = OK
Seq_Frame0093_Timestamp = 9.84
Seq_Frame0094_ForcepToReference-SequenceTransform =0.705477 -0.104527 -0.700983 412.891 -0.389519 0.769108 -0.506702 89.183 0.592096 0.630513 0.501873 151.765 0 0 0 1 
Seq_Frame0094_ForcepToReference-SequenceTransformStatus = OK
Seq_Frame0094_Timestamp = 9.95
Seq_Frame0095_ForcepToReference-SequenceTransform =0.704132 -0.10539 -0.702205 412.83 -0.389226 0.769829 -0.505833 89.1936 0.593887 0.629489 0.501041 151.888 0 0 0 1 
Seq_Frame0095_ForcepToReference-SequenceTransformStatus = OK
Seq_Frame0095_Timestamp = 10.05
Seq_Frame0096_ForcepToReference-SequenceTransform =0.705032 -0.105257 -0.701321 412.869 -0.388739 0.769752 -0.506324 89.4657 0.593137 0.629605 0.501782 151.711 0 0 0 1 
Seq_Frame0096_ForcepToReference-SequenceTransformStatus = OK
Seq_Frame0096_Timestamp = 10.159
Seq_Frame0097_ForcepToReference-SequenceTransform =0.705503 -0.10568 -0.700783 412.92 -0.38713 0.770792 -0.505975 89.702 0.593629 0.628261 0.502884 151.438 0 0 0 1 
Seq_Frame0097_ForcepToReference-SequenceTransformStatus = OK
Seq_Frame0097_Timestamp = 10.262
Seq_Frame0098_ForcepToReference-SequenceTransform =0.707509 -0.10398 -0.699013 412.914 -0.388063 0.769488 -0.507243 89.4733 0.590625 0.63014 0.504069 151.659 0 0 0 1 
Seq_Frame0098_ForcepToReference-SequenceTransformStatus = OK
Seq_Frame0098_Timestamp = 10.37
Seq_Frame0099_ForcepToReference-SequenceTransform =0.706429 -0.105249 -0.699914 412.909 -0.386898 0.77064 -0.506384 89.4902 0.592678 0.62852 0.503682 151.57 0 0 0 1 
Seq_Frame0099_ForcepToReference-SequenceTransformStatus = OK
Seq_Frame0099_Timestamp = 10.47
Seq_Frame0100_ForcepToReference-SequenceTransform =0.706439 -0.10544 -0.699876 412.975 -0.386581 0.77083 -0.506336 89.702 0.592873 0.628255 0.503783 151.422 0 0 0 1 
Seq_Frame0100_ForcepToReference-SequenceTransformStatus = OK
Seq_Frame0100_Timestamp = 10.574
Seq_Frame0101_ForcepToReference-SequenceTransform =0.706203 -0.105495 -0.700106 412.963 -0.386611 0.77094 -0.506146 89.6651 0.593136 0.62811 0.503654 151.448 0 0 0 1 
Seq_Frame0101_ForcepToReference-SequenceTransformStatus = OK
Seq_Frame0101_Timestamp = 10.675
Seq_Frame0102_ForcepToReference-SequenceTransform =0.707297 -0.104279 -0.699183 412.988 -0.387465 0.770072 -0.506814 89.5172 0.591271 0.629376 0.504265 151.504 0 0 0 1 
Seq_Frame0102_ForcepToReference-SequenceTransformStatus = OK
Seq_Frame0102_Timestamp = 10.788
Seq_Frame0103_ForcepToReference-SequenceTransform =0.706252 -0.105127 -0.700112 412.927 -0.387356 0.770378 -0.506431 89.4658 0.592591 0.62886 0.503359 151.486 0 0 0 1 
Seq_Frame0103_ForcepToReference-SequenceTransformStatus = OK
Seq_Frame0103_Timestamp = 10.89
Seq_Frame0104_ForcepToReference-SequenceTransform =0.706527 -0.105243 -0.699817 412.969 -0.386787 0.770687 -0.506396 89.7252 0.592635 0.628463 0.503804 151.321 0 0 0 1 
Seq_Frame0104_ForcepToReference-SequenceTransformStatus = OK
Seq_Frame0104_Timestamp = 10.991
Seq_Frame0105_ForcepToReference-SequenceTransform =0.707363 -0.104282 -0.699116 412.941 -0.387453 0.770032 -0.506883 89.6083 0.591201 0.629425 0.504288 151.435 0 0 0 1 
Seq_Frame0105_ForcepToReference-SequenceTransformStatus = OK
Seq_Frame0105_Timestamp = 11.095
Seq_Frame0106_ForcepToReference-SequenceTransform =0.705245 -0.105406 -0.701084 412.909 -0.387986 0.77028 -0.506098 89.4575 0.593376 0.628935 0.50234 151.582 0 0 0 1 
Seq_Frame0106_ForcepToReference-SequenceTransformStatus = OK
Seq_Frame0106_Timestamp = 11.2
Seq_Frame0107_ForcepToReference-SequenceTransform =0.705925 -0.105171 -0.700435 412.971 -0.387764 0.770165 -0.506444 89.5984 0.592713 0.629115 0.502897 151.44 0 0 0 1 
Seq_Frame0107_ForcepToReference-SequenceTransformStatus = OK
Seq_Frame0107_Timestamp = 11.3
Seq_Frame0108_ForcepToReference-SequenceTransform =0.706143 -0.105026 -0.700237 412.99 -0.387892 0.769966 -0.506648 89.7194 0.59237 0.629382 0.502967 151.312 0 0 0 1 
Seq_Frame0108_ForcepToReference-SequenceTransformStatus = OK
Seq_Frame0108_Timestamp = 11.41
Seq_Frame0109_ForcepToReference-SequenceTransform =0.708194 -0.103872 -0.698335 412.963 -0.387584 0.769546 -0.50752 89.4372 0.590118 0.630087 0.504729 151.501 0 0 0 1 
Seq_Frame0109_ForcepToReference-SequenceTransformStatus = OK
Seq_Frame0109_Timestamp = 11.515
Seq_Frame0110_ForcepToReference-SequenceTransform =0.706378 -0.105409 -0.699942 412.987 -0.386973 0.770484 -0.506564 89.5145 0.59269 0.628684 0.503462 151.281 0 0 0 1 
Seq_Frame0110_ForcepToReference-SequenceTransformStatus = OK
Seq_Frame0110_Timestamp = 11.621
Seq_Frame0111_ForcepToReference-SequenceTransform =0.70585 -0.104806 -0.700565 412.954 -0.388876 0.769304 -0.506899 89.3026 0.592074 0.630228 0.502257 151.512 0 0 0 1 
Seq_Frame0111_ForcepToReference-SequenceTransformStatus = OK
Seq_Frame0111_Timestamp = 11.739
Seq_Frame0112_ForcepToReference-SequenceTransform =0.705934 -0.105259 -0.700413 413.004 -0.38772 0.77014 -0.506514 89.5675 0.592731 0.62913 0.502857 151.366 0 0 0 1 
Seq_Frame0112_ForcepToReference-SequenceTransformStatus = OK
Seq_Frame0112_Timestamp = 11.847
Seq_Frame0113_ForcepToReference-SequenceTransform =0.706307 -0.105086 -0.700062 412.981 -0.387429 0.770288 -0.506513 89.3898 0.592477 0.628978 0.503347 151.43 0 0 0 1 
Seq_Frame0113_ForcepToReference-SequenceTransformStatus = OK
Seq_Frame0113_Timestamp = 11.95
Seq_Frame0114_ForcepToReference-SequenceTransform =0.70574 -0.104877 -0.700665 412.962 -0.388743 0.769479 -0.506736 89.4266 0.592292 0.630002 0.502282 151.446 0 0 0 1 
Seq_Frame0114_ForcepToReference-SequenceTransformStatus = OK
Seq_Frame0114_Timestamp = 12.05
Seq_Frame0115_ForcepToReference-SequenceTransform =0.705759 -0.104872 -0.700647 412.96 -0.388754 0.769457 -0.506761 89.4679 0.592263 0.63003 0.502282 151.448 0 0 0 1 
Seq_Frame0115_ForcepToReference-SequenceTransformStatus = OK
Seq_Frame0115_Timestamp = 12.154
Seq_Frame0116_ForcepToReference-SequenceTransform =0.706498 -0.104887 -0.6999 413.011 -0.387883 0.769803 -0.506903 89.5997 0.591953 0.629605 0.50318 151.295 0 0 0 1 
Seq_Frame0116_ForcepToReference-SequenceTransformStatus = OK
Seq_Frame0116_Timestamp = 12.255
Seq_Frame0117_ForcepToReference-SequenceTransform =0.707038 -0.105002 -0.699337 412.982 -0.386804 0.77045 -0.506743 89.6672 0.592013 0.628793 0.504123 151.317 0 0 0 1 
Seq_Frame0117_ForcepToReference-SequenceTransformStatus = OK
Seq_Frame0117_Timestamp = 12.355
Seq_Frame0118_ForcepToReference-SequenceTransform =0.706224 -0.105218 -0.700126 412.986 -0.387241 0.770456 -0.506401 89.6689 0.592699 0.62875 0.50337 151.3 0 0 0 1 
Seq_Frame0118_ForcepToReference-SequenceTransformStatus = OK
Seq_Frame0118_Timestamp = 12.456
Seq_Frame0119_ForcepToReference-SequenceTransform =0.707762 -0.104126 -0.698735 412.972 -0.387411 0.769881 -0.507145 89.5475 0.59075 0.629635 0.504553 151.432 0 0 0 1 
Seq_Frame0119_ForcepToReference-SequenceTransformStatus = OK
Seq_Frame0119_Timestamp = 12.564
Seq_Frame0120_ForcepToReference-SequenceTransform =0.707352 -0.105078 -0.699008 412.997 -0.386095 0.770907 -0.50659 89.7194 0.592101 0.628221 0.504732 151.254 0 0 0 1 
Seq_Frame0120_ForcepToReference-SequenceTransformStatus = OK
Seq_Frame0120_Timestamp = 12.67
Seq_Frame0121_ForcepToReference-SequenceTransform =0.7061 -0.105456 -0.700215 412.967 -0.386901 0.770739 -0.50623 89.4879 0.593068 0.628363 0.503418 151.471 0 0 0 1 
Seq_Frame0121_ForcepToReference-SequenceTransformStatus = OK
Seq_Frame0121_Timestamp = 12.775
Seq_Frame0122_ForcepToReference-SequenceTransform =0.705816 -0.105029 -0.700566 412.859 -0.387953 0.77015 -0.506321 89.3716 0.592719 0.629157 0.502838 151.744 0 0 0 1 
Seq_Frame0122_ForcepToReference-SequenceTransformStatus = OK
Seq_Frame0122_Timestamp = 12.881
Seq_Frame0123_ForcepToReference-SequenceTransform =0.705937 -0.105633 -0.700353 412.896 -0.386397 0.771269 -0.505807 89.5491 0.593591 0.627683 0.503651 151.731 0 0 0 1 
Seq_Frame0123_ForcepToReference-SequenceTransformStatus = OK
Seq_Frame0123_Timestamp = 12.988
Seq_Frame0124_ForcepToReference-SequenceTransform =0.706057 -0.105867 -0.700197 412.85 -0.385727 0.771717 -0.505635 89.7107 0.593884 0.627092 0.50404 151.651 0 0 0 1 
Seq_Frame0124_ForcepToReference-SequenceTransformStatus = OK
Seq_Frame0124_Timestamp = 13.089
Seq_Frame0125_ForcepToReference-SequenceTransform =0.706097 -0.105475 -0.700216 412.848 -0.38688 0.77075 -0.50623 89.6054 0.593086 0.628347 0.503418 151.688 0 0 0 1 
Seq_Frame0125_ForcepToReference-SequenceTransformStatus = OK
Seq_Frame0125_Timestamp = 13.19
Seq_Frame0126_ForcepToReference-SequenceTransform =0.705341 -0.105628 -0.700954 412.804 -0.387233 0.770844 -0.505816 89.541 0.593754 0.628206 0.502805 151.773 0 0 0 1 
Seq_Frame0126_ForcepToReference-SequenceTransformStatus = OK
Seq_Frame0126_Timestamp = 13.297
Seq_Frame0127_ForcepToReference-SequenceTransform =0.705466 -0.106059 -0.700763 412.824 -0.386053 0.771684 -0.505437 89.6188 0.594374 0.6271 0.503452 151.767 0 0 0 1 
Seq_Frame0127_ForcepToReference-SequenceTransformStatus = OK
Seq_Frame0127_Timestamp = 13.401
Seq_Frame0128_ForcepToReference-SequenceTransform =0.70587 -0.105998 -0.700365 412.801 -0.385847 0.771638 -0.505665 89.8715 0.594028 0.627168 0.503777 151.625 0 0 0 1 
Seq_Frame0128_ForcepToReference-SequenceTransformStatus = OK
Seq_Frame0128_Timestamp = 13.505
Seq_Frame0129_ForcepToReference-SequenceTransform =0.706965 -0.104797 -0.699441 412.796 -0.386546 0.770929 -0.506212 89.7635 0.592269 0.628241 0.50451 151.733 0 0 0 1 
Seq_Frame0129_ForcepToReference-SequenceTransformStatus = OK
Seq_Frame0129_Timestamp = 13.605
Seq_Frame0130_ForcepToReference-SequenceTransform =0.705432 -0.105614 -0.700865 412.79 -0.386994 0.771038 -0.505704 89.829 0.593803 0.62797 0.503043 151.558 0 0 0 1 
Seq_Frame0130_ForcepToReference-SequenceTransformStatus = OK
Seq_Frame0130_Timestamp = 13.71
Seq_Frame0131_ForcepToReference-SequenceTransform =0.705745 -0.105809 -0.70052 412.868 -0.386119 0.771583 -0.505542 89.8797 0.594 0.627268 0.503685 151.472 0 0 0 1 
Seq_Frame0131_ForcepToReference-SequenceTransformStatus = OK
Seq_Frame0131_Timestamp = 13.811
Seq_Frame0132_ForcepToReference-SequenceTransform =0.706931 -0.105084 -0.699433 412.874 -0.38609 0.771231 -0.5061 89.6937 0.592607 0.627821 0.504636 151.527 0 0 0 1 
Seq_Frame0132_ForcepToReference-SequenceTransformStatus = OK
Seq_Frame0132_Timestamp = 13.911
Seq_Frame0133_ForcepToReference-SequenceTransform =0.707706 -0.10407 -0.6988 412.825 -0.387174 0.770218 -0.506814 89.3829 0.590972 0.629232 0.504795 151.828 0 0 0 1 
Seq_Frame0133_ForcepToReference-SequenceTransformStatus = OK
Seq_Frame0133_Timestamp = 14.022
Seq_Frame0134_ForcepToReference-SequenceTransform =0.705414 -0.105343 -0.700923 412.882 -0.387696 0.770503 -0.505981 89.4894 0.593365 0.628671 0.502683 151.617 0 0 0 1 
Seq_Frame0134_ForcepToReference-SequenceTransformStatus = OK
Seq_Frame0134_Timestamp = 14.125
Seq_Frame0135_ForcepToReference-SequenceTransform =0.705896 -0.105374 -0.700433 412.857 -0.386869 0.770988 -0.505875 89.6148 0.593332 0.628071 0.503472 151.641 0 0 0 1 
Seq_Frame0135_ForcepToReference-SequenceTransformStatus = OK
Seq_Frame0135_Timestamp = 14.226
Seq_Frame0136_ForcepToReference-SequenceTransform =0.7052 -0.105496 -0.701116 412.848 -0.387698 0.770555 -0.505901 89.6131 0.593618 0.628582 0.502495 151.591 0 0 0 1 
Seq_Frame0136_ForcepToReference-SequenceTransformStatus = OK
Seq_Frame0136_Timestamp = 14.33
Seq_Frame0137_ForcepToReference-SequenceTransform =0.705831 -0.105372 -0.7005 412.888 -0.387343 0.770538 -0.506198 89.5826 0.593101 0.628624 0.503054 151.63 0 0 0 1 
Seq_Frame0137_ForcepToReference-SequenceTransformStatus = OK
Seq_Frame0137_Timestamp = 14.438
Seq_Frame0138_ForcepToReference-SequenceTransform =0.704789 -0.106357 -0.701399 412.887 -0.386449 0.771567 -0.505314 89.7109 0.59492 0.627195 0.50269 151.568 0 0 0 1 
Seq_Frame0138_ForcepToReference-SequenceTransformStatus = OK
Seq_Frame0138_Timestamp = 14.54
Seq_Frame0139_ForcepToReference-SequenceTransform =0.70554 -0.105662 -0.700749 412.856 -0.387041 0.77087 -0.505923 89.6984 0.593643 0.628168 0.502984 151.526 0 0 0 1 
Seq_Frame0139_ForcepToReference-SequenceTransformStatus = OK
Seq_Frame0139_Timestamp = 14.641
Seq_Frame0140_ForcepToReference-SequenceTransform =0.705581 -0.105454 -0.700739 412.859 -0.387423 0.770586 -0.506065 89.5394 0.593346 0.628552 0.502855 151.648 0 0 0 1 
Seq_Frame0140_ForcepToReference-SequenceTransformStatus = OK
Seq_Frame0140_Timestamp = 14.742
Seq_Frame0141_ForcepToReference-SequenceTransform =0.705875 -0.105202 -0.70048 412.838 -0.387382 0.770585 -0.506096 89.5736 0.593022 0.628594 0.503183 151.588 0 0 0 1 
Seq_Frame0141_ForcepToReference-SequenceTransformStatus = OK
Seq_Frame0141_Timestamp = 14.845
Seq_Frame0142_ForcepToReference-SequenceTransform =0.705656 -0.106116 -0.700564 412.908 -0.385822 0.771743 -0.505524 89.828 0.594299 0.627019 0.503642 151.493 0 0 0 1 
Seq_Frame0142_ForcepToReference-SequenceTransformStatus = OK
Seq_Frame0142_Timestamp = 14.95
Seq_Frame0143_ForcepToReference-SequenceTransform =0.706207 -0.105277 -0.700135 412.898 -0.386553 0.771155 -0.505862 89.9008 0.593168 0.627882 0.5039 151.486 0 0 0 1 
Seq_Frame0143_ForcepToReference-SequenceTransformStatus = OK
Seq_Frame0143_Timestamp = 15.05
Seq_Frame0144_ForcepToReference-SequenceTransform =0.705572 -0.105517 -0.700739 412.756 -0.387064 0.770927 -0.505819 89.9946 0.593591 0.628123 0.503102 151.595 0 0 0 1 
Seq_Frame0144_ForcepToReference-SequenceTransformStatus = OK
Seq_Frame0144_Timestamp = 15.151
Seq_Frame0145_ForcepToReference-SequenceTransform =0.706032 -0.105962 -0.700208 412.87 -0.385568 0.771835 -0.505576 89.9858 0.594017 0.626931 0.504085 151.497 0 0 0 1 
Seq_Frame0145_ForcepToReference-SequenceTransformStatus = OK
Seq_Frame0145_Timestamp = 15.255
Seq_Frame0146_ForcepToReference-SequenceTransform =0.705746 -0.105611 -0.700549 412.899 -0.386732 0.771077 -0.505844 89.9175 0.593601 0.627922 0.503341 151.452 0 0 0 1 
Seq_Frame0146_ForcepToReference-SequenceTransformStatus = OK
Seq_Frame0146_Timestamp = 15.364
Seq_Frame0147_ForcepToReference-SequenceTransform =0.705266 -0.105501 -0.701049 412.839 -0.387622 0.770581 -0.505919 89.7198 0.59359 0.62855 0.50257 151.592 0 0 0 1 
Seq_Frame0147_ForcepToReference-SequenceTransformStatus = OK
Seq_Frame0147_Timestamp = 15.465
Seq_Frame0148_ForcepToReference-SequenceTransform =0.705671 -0.105009 -0.700715 412.872 -0.388224 0.769988 -0.50636 89.6573 0.592714 0.629358 0.502592 151.502 0 0 0 1 
Seq_Frame0148_ForcepToReference-SequenceTransformStatus = OK
Seq_Frame0148_Timestamp = 15.566
Seq_Frame0149_ForcepToReference-SequenceTransform =0.706302 -0.104897 -0.700096 412.884 -0.38758 0.770269 -0.506426 89.4904 0.592385 0.629032 0.503386 151.613 0 0 0 1 
Seq_Frame0149_ForcepToReference-SequenceTransformStatus = OK
Seq_Frame0149_Timestamp = 15.67
Seq_Frame0150_ForcepToReference-SequenceTransform =0.705506 -0.106126 -0.700713 412.88 -0.385861 0.771808 -0.505395 89.5093 0.594451 0.626937 0.503566 151.649 0 0 0 1 
Seq_Frame0150_ForcepToReference-SequenceTransformStatus = OK
Seq_Frame0150_Timestamp = 15.775
Seq_Frame0151_ForcepToReference-SequenceTransform =0.704873 -0.105438 -0.701453 412.891 -0.388222 0.770291 -0.5059 89.3349 0.593664 0.628915 0.502024 151.57 0 0 0 1 
Seq_Frame0151_ForcepToReference-SequenceTransformStatus = OK
Seq_Frame0151_Timestamp = 15.888
