ObjectType = Image
NDims = 3
AnatomicalOrientation = RAI
BinaryData = True
CompressedData = False
DimSize = 0 0 2298
ElementSpacing = 1 1 1
Offset = 0 0 0
TransformMatrix = 1 0 0 0 1 0 0 0 1
ElementType = MET_UCHAR
Kinds = domain domain list
Seq_Frame0000_DriverToReference-SequenceTransform =-0.830778 -0.547134 0.102232 82.2221 -0.244183 0.523318 0.816403 33.872 -0.500182 0.653286 -0.568362 54.7783 0 0 0 1 
Seq_Frame0000_DriverToReference-SequenceTransformStatus = OK
Seq_Frame0000_Timestamp = 0.00800014
Seq_Frame0001_DriverToReference-SequenceTransform =-0.579755 -0.6924 0.429496 90.3627 -0.179692 0.622797 0.761469 48.0868 -0.79473 0.364288 -0.485488 49.0339 0 0 0 1 
Seq_Frame0001_DriverToReference-SequenceTransformStatus = OK
Seq_Frame0001_Timestamp = 0.123
Seq_Frame0002_DriverToReference-SequenceTransform =-0.382321 -0.49586 0.779714 82.5586 0.0867188 0.82084 0.564536 57.3617 -0.919951 0.28345 -0.270824 42.6562 0 0 0 1 
Seq_Frame0002_DriverToReference-SequenceTransformStatus = OK
Seq_Frame0002_Timestamp = 0.225
Seq_Frame0003_DriverToReference-SequenceTransform =-0.382321 -0.49586 0.779714 82.5586 0.0867188 0.82084 0.564536 57.3617 -0.919951 0.28345 -0.270824 42.6562 0 0 0 1 
Seq_Frame0003_DriverToReference-SequenceTransformStatus = OK
Seq_Frame0003_Timestamp = 0.333
Seq_Frame0004_DriverToReference-SequenceTransform =0.946423 0.270434 0.176493 -42.7179 0.0436025 0.434517 -0.899608 217.033 -0.319974 0.859105 0.399445 39.2671 0 0 0 1 
Seq_Frame0004_DriverToReference-SequenceTransformStatus = OK
Seq_Frame0004_Timestamp = 0.448
Seq_Frame0005_DriverToReference-SequenceTransform =0.964028 0.255242 0.0741703 -54.3674 -0.0171718 0.338269 -0.940893 225.402 -0.265245 0.905773 0.330484 43.9467 0 0 0 1 
Seq_Frame0005_DriverToReference-SequenceTransformStatus = OK
Seq_Frame0005_Timestamp = 0.554
Seq_Frame0006_DriverToReference-SequenceTransform =0.964028 0.255242 0.0741703 -54.3674 -0.0171718 0.338269 -0.940893 225.402 -0.265245 0.905773 0.330484 43.9467 0 0 0 1 
Seq_Frame0006_DriverToReference-SequenceTransformStatus = OK
Seq_Frame0006_Timestamp = 0.666
Seq_Frame0007_DriverToReference-SequenceTransform =0.978326 0.0237749 0.205699 -108.459 0.18305 0.365084 -0.912801 232.601 -0.0967993 0.930671 0.35282 81.3528 0 0 0 1 
Seq_Frame0007_DriverToReference-SequenceTransformStatus = OK
Seq_Frame0007_Timestamp = 0.781
Seq_Frame0008_DriverToReference-SequenceTransform =0.978326 0.0237749 0.205699 -108.459 0.18305 0.365084 -0.912801 232.601 -0.0967993 0.930671 0.35282 81.3528 0 0 0 1 
Seq_Frame0008_DriverToReference-SequenceTransformStatus = OK
Seq_Frame0008_Timestamp = 0.885
Seq_Frame0009_DriverToReference-SequenceTransform =0.978326 0.0237749 0.205699 -108.459 0.18305 0.365084 -0.912801 232.601 -0.0967993 0.930671 0.35282 81.3528 0 0 0 1 
Seq_Frame0009_DriverToReference-SequenceTransformStatus = OK
Seq_Frame0009_Timestamp = 0.989
Seq_Frame0010_DriverToReference-SequenceTransform =0.978326 0.0237749 0.205699 -108.459 0.18305 0.365084 -0.912801 232.601 -0.0967993 0.930671 0.35282 81.3528 0 0 0 1 
Seq_Frame0010_DriverToReference-SequenceTransformStatus = OK
Seq_Frame0010_Timestamp = 1.099
Seq_Frame0011_DriverToReference-SequenceTransform =0.978326 0.0237749 0.205699 -108.459 0.18305 0.365084 -0.912801 232.601 -0.0967993 0.930671 0.35282 81.3528 0 0 0 1 
Seq_Frame0011_DriverToReference-SequenceTransformStatus = OK
Seq_Frame0011_Timestamp = 1.204
Seq_Frame0012_DriverToReference-SequenceTransform =0.978326 0.0237749 0.205699 -108.459 0.18305 0.365084 -0.912801 232.601 -0.0967993 0.930671 0.35282 81.3528 0 0 0 1 
Seq_Frame0012_DriverToReference-SequenceTransformStatus = OK
Seq_Frame0012_Timestamp = 1.314
Seq_Frame0013_DriverToReference-SequenceTransform =0.978326 0.0237749 0.205699 -108.459 0.18305 0.365084 -0.912801 232.601 -0.0967993 0.930671 0.35282 81.3528 0 0 0 1 
Seq_Frame0013_DriverToReference-SequenceTransformStatus = OK
Seq_Frame0013_Timestamp = 1.43
Seq_Frame0014_DriverToReference-SequenceTransform =0.978326 0.0237749 0.205699 -108.459 0.18305 0.365084 -0.912801 232.601 -0.0967993 0.930671 0.35282 81.3528 0 0 0 1 
Seq_Frame0014_DriverToReference-SequenceTransformStatus = OK
Seq_Frame0014_Timestamp = 1.546
Seq_Frame0015_DriverToReference-SequenceTransform =0.709622 0.701994 -0.0603441 -141.555 -0.568239 0.519562 -0.638091 107.743 -0.416583 0.487093 0.767593 111.216 0 0 0 1 
Seq_Frame0015_DriverToReference-SequenceTransformStatus = OK
Seq_Frame0015_Timestamp = 3.19
Seq_Frame0016_DriverToReference-SequenceTransform =0.713181 0.698612 -0.0575709 -140.172 -0.585968 0.549077 -0.59595 104.684 -0.384727 0.458755 0.800955 105.199 0 0 0 1 
Seq_Frame0016_DriverToReference-SequenceTransformStatus = OK
Seq_Frame0016_Timestamp = 3.291
Seq_Frame0017_DriverToReference-SequenceTransform =0.718814 0.694406 -0.0332608 -135.274 -0.548971 0.537612 -0.640003 97.2506 -0.426541 0.478302 0.767652 107.664 0 0 0 1 
Seq_Frame0017_DriverToReference-SequenceTransformStatus = OK
Seq_Frame0017_Timestamp = 3.398
Seq_Frame0018_DriverToReference-SequenceTransform =0.709666 0.704106 -0.0246618 -133.343 -0.543569 0.524921 -0.654974 92.7839 -0.448226 0.478218 0.755249 109.054 0 0 0 1 
Seq_Frame0018_DriverToReference-SequenceTransformStatus = OK
Seq_Frame0018_Timestamp = 3.503
Seq_Frame0019_DriverToReference-SequenceTransform =0.71413 0.696308 -0.0719174 -132.002 -0.552551 0.497636 -0.668615 92.2141 -0.429774 0.517216 0.740123 107.02 0 0 0 1 
Seq_Frame0019_DriverToReference-SequenceTransformStatus = OK
Seq_Frame0019_Timestamp = 3.63
Seq_Frame0020_DriverToReference-SequenceTransform =0.708337 0.700419 -0.087588 -130.196 -0.551506 0.471707 -0.687993 94.2304 -0.440567 0.535636 0.720413 103.661 0 0 0 1 
Seq_Frame0020_DriverToReference-SequenceTransformStatus = OK
Seq_Frame0020_Timestamp = 3.741
Seq_Frame0021_DriverToReference-SequenceTransform =0.709476 0.694559 -0.119297 -128.801 -0.563774 0.457808 -0.687438 96.592 -0.422851 0.554977 0.716378 101.452 0 0 0 1 
Seq_Frame0021_DriverToReference-SequenceTransformStatus = OK
Seq_Frame0021_Timestamp = 3.85
Seq_Frame0022_DriverToReference-SequenceTransform =0.713027 0.694178 -0.0985335 -126.394 -0.557155 0.475667 -0.680676 96.8437 -0.425641 0.540239 0.725928 102.013 0 0 0 1 
Seq_Frame0022_DriverToReference-SequenceTransformStatus = OK
Seq_Frame0022_Timestamp = 3.955
Seq_Frame0023_DriverToReference-SequenceTransform =0.716144 0.688945 -0.111768 -125.767 -0.568297 0.482618 -0.666422 97.8049 -0.405187 0.540772 0.73715 104.205 0 0 0 1 
Seq_Frame0023_DriverToReference-SequenceTransformStatus = OK
Seq_Frame0023_Timestamp = 4.064
Seq_Frame0024_DriverToReference-SequenceTransform =0.711907 0.692426 -0.117195 -126.292 -0.570383 0.472744 -0.671697 99.0821 -0.409697 0.545032 0.731497 106.032 0 0 0 1 
Seq_Frame0024_DriverToReference-SequenceTransformStatus = OK
Seq_Frame0024_Timestamp = 4.169
Seq_Frame0025_DriverToReference-SequenceTransform =0.710544 0.689716 -0.139353 -125.702 -0.577696 0.458729 -0.675156 101.342 -0.401741 0.560231 0.724393 106.681 0 0 0 1 
Seq_Frame0025_DriverToReference-SequenceTransformStatus = OK
Seq_Frame0025_Timestamp = 4.274
Seq_Frame0026_DriverToReference-SequenceTransform =0.713142 0.685223 -0.147975 -124.746 -0.583573 0.463331 -0.666908 103.811 -0.38842 0.561955 0.730299 107.094 0 0 0 1 
Seq_Frame0026_DriverToReference-SequenceTransformStatus = OK
Seq_Frame0026_Timestamp = 4.379
Seq_Frame0027_DriverToReference-SequenceTransform =0.71714 0.679599 -0.154455 -124.971 -0.580506 0.45985 -0.671976 105.744 -0.385647 0.571563 0.724287 107.9 0 0 0 1 
Seq_Frame0027_DriverToReference-SequenceTransformStatus = OK
Seq_Frame0027_Timestamp = 4.484
Seq_Frame0028_DriverToReference-SequenceTransform =0.723689 0.671191 -0.160552 -123.881 -0.585951 0.474682 -0.656763 106.353 -0.364602 0.569368 0.736807 106.758 0 0 0 1 
Seq_Frame0028_DriverToReference-SequenceTransformStatus = OK
Seq_Frame0028_Timestamp = 4.594
Seq_Frame0029_DriverToReference-SequenceTransform =0.723994 0.679962 -0.116122 -122.784 -0.550088 0.467539 -0.691961 105.46 -0.416216 0.564853 0.712534 105.767 0 0 0 1 
Seq_Frame0029_DriverToReference-SequenceTransformStatus = OK
Seq_Frame0029_Timestamp = 4.699
Seq_Frame0030_DriverToReference-SequenceTransform =0.716422 0.678183 -0.163728 -124.539 -0.591622 0.466181 -0.657768 109.535 -0.36976 0.568105 0.73521 105.9 0 0 0 1 
Seq_Frame0030_DriverToReference-SequenceTransformStatus = OK
Seq_Frame0030_Timestamp = 4.809
Seq_Frame0031_DriverToReference-SequenceTransform =0.711963 0.669966 -0.210366 -124.549 -0.628289 0.473956 -0.616943 113.505 -0.313627 0.571411 0.758371 103.26 0 0 0 1 
Seq_Frame0031_DriverToReference-SequenceTransformStatus = OK
Seq_Frame0031_Timestamp = 4.916
Seq_Frame0032_DriverToReference-SequenceTransform =0.710591 0.659565 -0.245019 -124.652 -0.639217 0.459624 -0.616561 116.435 -0.294046 0.594743 0.74821 101.668 0 0 0 1 
Seq_Frame0032_DriverToReference-SequenceTransformStatus = OK
Seq_Frame0032_Timestamp = 5.029
Seq_Frame0033_DriverToReference-SequenceTransform =0.703353 0.664361 -0.252822 -125.74 -0.648764 0.454598 -0.610283 118.631 -0.290516 0.593266 0.750757 103.888 0 0 0 1 
Seq_Frame0033_DriverToReference-SequenceTransformStatus = OK
Seq_Frame0033_Timestamp = 5.129
Seq_Frame0034_DriverToReference-SequenceTransform =0.694892 0.658644 -0.288641 -128.685 -0.661321 0.427652 -0.616253 123.366 -0.282453 0.619114 0.732747 101.718 0 0 0 1 
Seq_Frame0034_DriverToReference-SequenceTransformStatus = OK
Seq_Frame0034_Timestamp = 5.234
Seq_Frame0035_DriverToReference-SequenceTransform =0.686215 0.659967 -0.305864 -130.762 -0.662313 0.393036 -0.637859 128.672 -0.30075 0.640285 0.706812 97.0864 0 0 0 1 
Seq_Frame0035_DriverToReference-SequenceTransformStatus = OK
Seq_Frame0035_Timestamp = 5.339
Seq_Frame0036_DriverToReference-SequenceTransform =0.696858 0.646355 -0.310829 -131.287 -0.655191 0.397418 -0.642482 129.412 -0.291743 0.651371 0.70043 93.9516 0 0 0 1 
Seq_Frame0036_DriverToReference-SequenceTransformStatus = OK
Seq_Frame0036_Timestamp = 5.449
Seq_Frame0037_DriverToReference-SequenceTransform =0.710222 0.673808 -0.203879 -130.564 -0.611333 0.446717 -0.653235 119.842 -0.349079 0.58858 0.72919 102.262 0 0 0 1 
Seq_Frame0037_DriverToReference-SequenceTransformStatus = OK
Seq_Frame0037_Timestamp = 5.554
Seq_Frame0038_DriverToReference-SequenceTransform =0.705271 0.706771 -0.0553839 -131.329 -0.553435 0.500067 -0.666065 106.863 -0.44306 0.500408 0.743835 116.528 0 0 0 1 
Seq_Frame0038_DriverToReference-SequenceTransformStatus = OK
Seq_Frame0038_Timestamp = 5.659
Seq_Frame0039_DriverToReference-SequenceTransform =0.63844 0.75761 0.135725 -137.536 -0.460889 0.517545 -0.720922 97.9647 -0.616422 0.397711 0.679595 122.765 0 0 0 1 
Seq_Frame0039_DriverToReference-SequenceTransformStatus = OK
Seq_Frame0039_Timestamp = 5.769
Seq_Frame0040_DriverToReference-SequenceTransform =0.63844 0.75761 0.135725 -137.536 -0.460889 0.517545 -0.720922 97.9647 -0.616422 0.397711 0.679595 122.765 0 0 0 1 
Seq_Frame0040_DriverToReference-SequenceTransformStatus = OK
Seq_Frame0040_Timestamp = 9.639
Seq_Frame0041_DriverToReference-SequenceTransform =0.63844 0.75761 0.135725 -137.536 -0.460889 0.517545 -0.720922 97.9647 -0.616422 0.397711 0.679595 122.765 0 0 0 1 
Seq_Frame0041_DriverToReference-SequenceTransformStatus = OK
Seq_Frame0041_Timestamp = 9.745
Seq_Frame0042_DriverToReference-SequenceTransform =0.63844 0.75761 0.135725 -137.536 -0.460889 0.517545 -0.720922 97.9647 -0.616422 0.397711 0.679595 122.765 0 0 0 1 
Seq_Frame0042_DriverToReference-SequenceTransformStatus = OK
Seq_Frame0042_Timestamp = 12.409
Seq_Frame0043_DriverToReference-SequenceTransform =0.63844 0.75761 0.135725 -137.536 -0.460889 0.517545 -0.720922 97.9647 -0.616422 0.397711 0.679595 122.765 0 0 0 1 
Seq_Frame0043_DriverToReference-SequenceTransformStatus = OK
Seq_Frame0043_Timestamp = 13.173
Seq_Frame0044_DriverToReference-SequenceTransform =0.63844 0.75761 0.135725 -137.536 -0.460889 0.517545 -0.720922 97.9647 -0.616422 0.397711 0.679595 122.765 0 0 0 1 
Seq_Frame0044_DriverToReference-SequenceTransformStatus = OK
Seq_Frame0044_Timestamp = 13.283
Seq_Frame0045_DriverToReference-SequenceTransform =0.63844 0.75761 0.135725 -137.536 -0.460889 0.517545 -0.720922 97.9647 -0.616422 0.397711 0.679595 122.765 0 0 0 1 
Seq_Frame0045_DriverToReference-SequenceTransformStatus = OK
Seq_Frame0045_Timestamp = 13.389
Seq_Frame0046_DriverToReference-SequenceTransform =0.63844 0.75761 0.135725 -137.536 -0.460889 0.517545 -0.720922 97.9647 -0.616422 0.397711 0.679595 122.765 0 0 0 1 
Seq_Frame0046_DriverToReference-SequenceTransformStatus = OK
Seq_Frame0046_Timestamp = 13.499
Seq_Frame0047_DriverToReference-SequenceTransform =0.63844 0.75761 0.135725 -137.536 -0.460889 0.517545 -0.720922 97.9647 -0.616422 0.397711 0.679595 122.765 0 0 0 1 
Seq_Frame0047_DriverToReference-SequenceTransformStatus = OK
Seq_Frame0047_Timestamp = 13.603
Seq_Frame0048_DriverToReference-SequenceTransform =0.63844 0.75761 0.135725 -137.536 -0.460889 0.517545 -0.720922 97.9647 -0.616422 0.397711 0.679595 122.765 0 0 0 1 
Seq_Frame0048_DriverToReference-SequenceTransformStatus = OK
Seq_Frame0048_Timestamp = 13.754
Seq_Frame0049_DriverToReference-SequenceTransform =0.63844 0.75761 0.135725 -137.536 -0.460889 0.517545 -0.720922 97.9647 -0.616422 0.397711 0.679595 122.765 0 0 0 1 
Seq_Frame0049_DriverToReference-SequenceTransformStatus = OK
Seq_Frame0049_Timestamp = 13.859
Seq_Frame0050_DriverToReference-SequenceTransform =0.63844 0.75761 0.135725 -137.536 -0.460889 0.517545 -0.720922 97.9647 -0.616422 0.397711 0.679595 122.765 0 0 0 1 
Seq_Frame0050_DriverToReference-SequenceTransformStatus = OK
Seq_Frame0050_Timestamp = 13.964
Seq_Frame0051_DriverToReference-SequenceTransform =0.63844 0.75761 0.135725 -137.536 -0.460889 0.517545 -0.720922 97.9647 -0.616422 0.397711 0.679595 122.765 0 0 0 1 
Seq_Frame0051_DriverToReference-SequenceTransformStatus = OK
Seq_Frame0051_Timestamp = 14.069
Seq_Frame0052_DriverToReference-SequenceTransform =0.63844 0.75761 0.135725 -137.536 -0.460889 0.517545 -0.720922 97.9647 -0.616422 0.397711 0.679595 122.765 0 0 0 1 
Seq_Frame0052_DriverToReference-SequenceTransformStatus = OK
Seq_Frame0052_Timestamp = 14.179
Seq_Frame0053_DriverToReference-SequenceTransform =0.63844 0.75761 0.135725 -137.536 -0.460889 0.517545 -0.720922 97.9647 -0.616422 0.397711 0.679595 122.765 0 0 0 1 
Seq_Frame0053_DriverToReference-SequenceTransformStatus = OK
Seq_Frame0053_Timestamp = 14.284
Seq_Frame0054_DriverToReference-SequenceTransform =0.63844 0.75761 0.135725 -137.536 -0.460889 0.517545 -0.720922 97.9647 -0.616422 0.397711 0.679595 122.765 0 0 0 1 
Seq_Frame0054_DriverToReference-SequenceTransformStatus = OK
Seq_Frame0054_Timestamp = 14.394
Seq_Frame0055_DriverToReference-SequenceTransform =0.63844 0.75761 0.135725 -137.536 -0.460889 0.517545 -0.720922 97.9647 -0.616422 0.397711 0.679595 122.765 0 0 0 1 
Seq_Frame0055_DriverToReference-SequenceTransformStatus = OK
Seq_Frame0055_Timestamp = 14.669
Seq_Frame0056_DriverToReference-SequenceTransform =0.63844 0.75761 0.135725 -137.536 -0.460889 0.517545 -0.720922 97.9647 -0.616422 0.397711 0.679595 122.765 0 0 0 1 
Seq_Frame0056_DriverToReference-SequenceTransformStatus = OK
Seq_Frame0056_Timestamp = 14.774
Seq_Frame0057_DriverToReference-SequenceTransform =0.63844 0.75761 0.135725 -137.536 -0.460889 0.517545 -0.720922 97.9647 -0.616422 0.397711 0.679595 122.765 0 0 0 1 
Seq_Frame0057_DriverToReference-SequenceTransformStatus = OK
Seq_Frame0057_Timestamp = 14.884
Seq_Frame0058_DriverToReference-SequenceTransform =0.63844 0.75761 0.135725 -137.536 -0.460889 0.517545 -0.720922 97.9647 -0.616422 0.397711 0.679595 122.765 0 0 0 1 
Seq_Frame0058_DriverToReference-SequenceTransformStatus = OK
Seq_Frame0058_Timestamp = 14.99
Seq_Frame0059_DriverToReference-SequenceTransform =0.63844 0.75761 0.135725 -137.536 -0.460889 0.517545 -0.720922 97.9647 -0.616422 0.397711 0.679595 122.765 0 0 0 1 
Seq_Frame0059_DriverToReference-SequenceTransformStatus = OK
Seq_Frame0059_Timestamp = 15.884
Seq_Frame0060_DriverToReference-SequenceTransform =0.63844 0.75761 0.135725 -137.536 -0.460889 0.517545 -0.720922 97.9647 -0.616422 0.397711 0.679595 122.765 0 0 0 1 
Seq_Frame0060_DriverToReference-SequenceTransformStatus = OK
Seq_Frame0060_Timestamp = 15.991
Seq_Frame0061_DriverToReference-SequenceTransform =0.63844 0.75761 0.135725 -137.536 -0.460889 0.517545 -0.720922 97.9647 -0.616422 0.397711 0.679595 122.765 0 0 0 1 
Seq_Frame0061_DriverToReference-SequenceTransformStatus = OK
Seq_Frame0061_Timestamp = 16.094
Seq_Frame0062_DriverToReference-SequenceTransform =0.63844 0.75761 0.135725 -137.536 -0.460889 0.517545 -0.720922 97.9647 -0.616422 0.397711 0.679595 122.765 0 0 0 1 
Seq_Frame0062_DriverToReference-SequenceTransformStatus = OK
Seq_Frame0062_Timestamp = 16.204
Seq_Frame0063_DriverToReference-SequenceTransform =0.63844 0.75761 0.135725 -137.536 -0.460889 0.517545 -0.720922 97.9647 -0.616422 0.397711 0.679595 122.765 0 0 0 1 
Seq_Frame0063_DriverToReference-SequenceTransformStatus = OK
Seq_Frame0063_Timestamp = 16.31
Seq_Frame0064_DriverToReference-SequenceTransform =0.63844 0.75761 0.135725 -137.536 -0.460889 0.517545 -0.720922 97.9647 -0.616422 0.397711 0.679595 122.765 0 0 0 1 
Seq_Frame0064_DriverToReference-SequenceTransformStatus = OK
Seq_Frame0064_Timestamp = 16.414
Seq_Frame0065_DriverToReference-SequenceTransform =0.63844 0.75761 0.135725 -137.536 -0.460889 0.517545 -0.720922 97.9647 -0.616422 0.397711 0.679595 122.765 0 0 0 1 
Seq_Frame0065_DriverToReference-SequenceTransformStatus = OK
Seq_Frame0065_Timestamp = 16.522
Seq_Frame0066_DriverToReference-SequenceTransform =0.63844 0.75761 0.135725 -137.536 -0.460889 0.517545 -0.720922 97.9647 -0.616422 0.397711 0.679595 122.765 0 0 0 1 
Seq_Frame0066_DriverToReference-SequenceTransformStatus = OK
Seq_Frame0066_Timestamp = 16.629
Seq_Frame0067_DriverToReference-SequenceTransform =0.63844 0.75761 0.135725 -137.536 -0.460889 0.517545 -0.720922 97.9647 -0.616422 0.397711 0.679595 122.765 0 0 0 1 
Seq_Frame0067_DriverToReference-SequenceTransformStatus = OK
Seq_Frame0067_Timestamp = 18.859
Seq_Frame0068_DriverToReference-SequenceTransform =0.63844 0.75761 0.135725 -137.536 -0.460889 0.517545 -0.720922 97.9647 -0.616422 0.397711 0.679595 122.765 0 0 0 1 
Seq_Frame0068_DriverToReference-SequenceTransformStatus = OK
Seq_Frame0068_Timestamp = 19.179
Seq_Frame0069_DriverToReference-SequenceTransform =0.63844 0.75761 0.135725 -137.536 -0.460889 0.517545 -0.720922 97.9647 -0.616422 0.397711 0.679595 122.765 0 0 0 1 
Seq_Frame0069_DriverToReference-SequenceTransformStatus = OK
Seq_Frame0069_Timestamp = 19.284
Seq_Frame0070_DriverToReference-SequenceTransform =0.63844 0.75761 0.135725 -137.536 -0.460889 0.517545 -0.720922 97.9647 -0.616422 0.397711 0.679595 122.765 0 0 0 1 
Seq_Frame0070_DriverToReference-SequenceTransformStatus = OK
Seq_Frame0070_Timestamp = 19.39
Seq_Frame0071_DriverToReference-SequenceTransform =0.63844 0.75761 0.135725 -137.536 -0.460889 0.517545 -0.720922 97.9647 -0.616422 0.397711 0.679595 122.765 0 0 0 1 
Seq_Frame0071_DriverToReference-SequenceTransformStatus = OK
Seq_Frame0071_Timestamp = 19.494
Seq_Frame0072_DriverToReference-SequenceTransform =0.63844 0.75761 0.135725 -137.536 -0.460889 0.517545 -0.720922 97.9647 -0.616422 0.397711 0.679595 122.765 0 0 0 1 
Seq_Frame0072_DriverToReference-SequenceTransformStatus = OK
Seq_Frame0072_Timestamp = 19.604
Seq_Frame0073_DriverToReference-SequenceTransform =0.63844 0.75761 0.135725 -137.536 -0.460889 0.517545 -0.720922 97.9647 -0.616422 0.397711 0.679595 122.765 0 0 0 1 
Seq_Frame0073_DriverToReference-SequenceTransformStatus = OK
Seq_Frame0073_Timestamp = 19.74
Seq_Frame0074_DriverToReference-SequenceTransform =0.63844 0.75761 0.135725 -137.536 -0.460889 0.517545 -0.720922 97.9647 -0.616422 0.397711 0.679595 122.765 0 0 0 1 
Seq_Frame0074_DriverToReference-SequenceTransformStatus = OK
Seq_Frame0074_Timestamp = 19.849
Seq_Frame0075_DriverToReference-SequenceTransform =0.63844 0.75761 0.135725 -137.536 -0.460889 0.517545 -0.720922 97.9647 -0.616422 0.397711 0.679595 122.765 0 0 0 1 
Seq_Frame0075_DriverToReference-SequenceTransformStatus = OK
Seq_Frame0075_Timestamp = 23.444
Seq_Frame0076_DriverToReference-SequenceTransform =0.63844 0.75761 0.135725 -137.536 -0.460889 0.517545 -0.720922 97.9647 -0.616422 0.397711 0.679595 122.765 0 0 0 1 
Seq_Frame0076_DriverToReference-SequenceTransformStatus = OK
Seq_Frame0076_Timestamp = 23.549
Seq_Frame0077_DriverToReference-SequenceTransform =0.63844 0.75761 0.135725 -137.536 -0.460889 0.517545 -0.720922 97.9647 -0.616422 0.397711 0.679595 122.765 0 0 0 1 
Seq_Frame0077_DriverToReference-SequenceTransformStatus = OK
Seq_Frame0077_Timestamp = 23.881
Seq_Frame0078_DriverToReference-SequenceTransform =0.63844 0.75761 0.135725 -137.536 -0.460889 0.517545 -0.720922 97.9647 -0.616422 0.397711 0.679595 122.765 0 0 0 1 
Seq_Frame0078_DriverToReference-SequenceTransformStatus = OK
Seq_Frame0078_Timestamp = 23.991
Seq_Frame0079_DriverToReference-SequenceTransform =0.63844 0.75761 0.135725 -137.536 -0.460889 0.517545 -0.720922 97.9647 -0.616422 0.397711 0.679595 122.765 0 0 0 1 
Seq_Frame0079_DriverToReference-SequenceTransformStatus = OK
Seq_Frame0079_Timestamp = 24.745
Seq_Frame0080_DriverToReference-SequenceTransform =0.63844 0.75761 0.135725 -137.536 -0.460889 0.517545 -0.720922 97.9647 -0.616422 0.397711 0.679595 122.765 0 0 0 1 
Seq_Frame0080_DriverToReference-SequenceTransformStatus = OK
Seq_Frame0080_Timestamp = 24.869
Seq_Frame0081_DriverToReference-SequenceTransform =0.63844 0.75761 0.135725 -137.536 -0.460889 0.517545 -0.720922 97.9647 -0.616422 0.397711 0.679595 122.765 0 0 0 1 
Seq_Frame0081_DriverToReference-SequenceTransformStatus = OK
Seq_Frame0081_Timestamp = 24.972
Seq_Frame0082_DriverToReference-SequenceTransform =0.63844 0.75761 0.135725 -137.536 -0.460889 0.517545 -0.720922 97.9647 -0.616422 0.397711 0.679595 122.765 0 0 0 1 
Seq_Frame0082_DriverToReference-SequenceTransformStatus = OK
Seq_Frame0082_Timestamp = 25.078
Seq_Frame0083_DriverToReference-SequenceTransform =0.63844 0.75761 0.135725 -137.536 -0.460889 0.517545 -0.720922 97.9647 -0.616422 0.397711 0.679595 122.765 0 0 0 1 
Seq_Frame0083_DriverToReference-SequenceTransformStatus = OK
Seq_Frame0083_Timestamp = 25.183
Seq_Frame0084_DriverToReference-SequenceTransform =-0.463315 -0.473498 0.749092 7.6911 0.621675 0.428743 0.655515 144.833 -0.631553 0.769402 0.0957184 172.671 0 0 0 1 
Seq_Frame0084_DriverToReference-SequenceTransformStatus = OK
Seq_Frame0084_Timestamp = 27.093
Seq_Frame0085_DriverToReference-SequenceTransform =-0.463315 -0.473498 0.749092 7.6911 0.621675 0.428743 0.655515 144.833 -0.631553 0.769402 0.0957184 172.671 0 0 0 1 
Seq_Frame0085_DriverToReference-SequenceTransformStatus = OK
Seq_Frame0085_Timestamp = 27.758
Seq_Frame0086_DriverToReference-SequenceTransform =-0.463315 -0.473498 0.749092 7.6911 0.621675 0.428743 0.655515 144.833 -0.631553 0.769402 0.0957184 172.671 0 0 0 1 
Seq_Frame0086_DriverToReference-SequenceTransformStatus = OK
Seq_Frame0086_Timestamp = 27.88
Seq_Frame0087_DriverToReference-SequenceTransform =-0.463315 -0.473498 0.749092 7.6911 0.621675 0.428743 0.655515 144.833 -0.631553 0.769402 0.0957184 172.671 0 0 0 1 
Seq_Frame0087_DriverToReference-SequenceTransformStatus = OK
Seq_Frame0087_Timestamp = 28.166
Seq_Frame0088_DriverToReference-SequenceTransform =-0.463315 -0.473498 0.749092 7.6911 0.621675 0.428743 0.655515 144.833 -0.631553 0.769402 0.0957184 172.671 0 0 0 1 
Seq_Frame0088_DriverToReference-SequenceTransformStatus = OK
Seq_Frame0088_Timestamp = 28.86
Seq_Frame0089_DriverToReference-SequenceTransform =-0.463315 -0.473498 0.749092 7.6911 0.621675 0.428743 0.655515 144.833 -0.631553 0.769402 0.0957184 172.671 0 0 0 1 
Seq_Frame0089_DriverToReference-SequenceTransformStatus = OK
Seq_Frame0089_Timestamp = 28.965
Seq_Frame0090_DriverToReference-SequenceTransform =-0.463315 -0.473498 0.749092 7.6911 0.621675 0.428743 0.655515 144.833 -0.631553 0.769402 0.0957184 172.671 0 0 0 1 
Seq_Frame0090_DriverToReference-SequenceTransformStatus = OK
Seq_Frame0090_Timestamp = 29.073
Seq_Frame0091_DriverToReference-SequenceTransform =-0.463315 -0.473498 0.749092 7.6911 0.621675 0.428743 0.655515 144.833 -0.631553 0.769402 0.0957184 172.671 0 0 0 1 
Seq_Frame0091_DriverToReference-SequenceTransformStatus = OK
Seq_Frame0091_Timestamp = 29.196
Seq_Frame0092_DriverToReference-SequenceTransform =-0.463315 -0.473498 0.749092 7.6911 0.621675 0.428743 0.655515 144.833 -0.631553 0.769402 0.0957184 172.671 0 0 0 1 
Seq_Frame0092_DriverToReference-SequenceTransformStatus = OK
Seq_Frame0092_Timestamp = 29.318
Seq_Frame0093_DriverToReference-SequenceTransform =-0.463315 -0.473498 0.749092 7.6911 0.621675 0.428743 0.655515 144.833 -0.631553 0.769402 0.0957184 172.671 0 0 0 1 
Seq_Frame0093_DriverToReference-SequenceTransformStatus = OK
Seq_Frame0093_Timestamp = 29.436
Seq_Frame0094_DriverToReference-SequenceTransform =-0.463315 -0.473498 0.749092 7.6911 0.621675 0.428743 0.655515 144.833 -0.631553 0.769402 0.0957184 172.671 0 0 0 1 
Seq_Frame0094_DriverToReference-SequenceTransformStatus = OK
Seq_Frame0094_Timestamp = 29.543
Seq_Frame0095_DriverToReference-SequenceTransform =-0.463315 -0.473498 0.749092 7.6911 0.621675 0.428743 0.655515 144.833 -0.631553 0.769402 0.0957184 172.671 0 0 0 1 
Seq_Frame0095_DriverToReference-SequenceTransformStatus = OK
Seq_Frame0095_Timestamp = 29.665
Seq_Frame0096_DriverToReference-SequenceTransform =-0.463315 -0.473498 0.749092 7.6911 0.621675 0.428743 0.655515 144.833 -0.631553 0.769402 0.0957184 172.671 0 0 0 1 
Seq_Frame0096_DriverToReference-SequenceTransformStatus = OK
Seq_Frame0096_Timestamp = 29.786
Seq_Frame0097_DriverToReference-SequenceTransform =-0.463315 -0.473498 0.749092 7.6911 0.621675 0.428743 0.655515 144.833 -0.631553 0.769402 0.0957184 172.671 0 0 0 1 
Seq_Frame0097_DriverToReference-SequenceTransformStatus = OK
Seq_Frame0097_Timestamp = 29.904
Seq_Frame0098_DriverToReference-SequenceTransform =-0.463315 -0.473498 0.749092 7.6911 0.621675 0.428743 0.655515 144.833 -0.631553 0.769402 0.0957184 172.671 0 0 0 1 
Seq_Frame0098_DriverToReference-SequenceTransformStatus = OK
Seq_Frame0098_Timestamp = 30.024
Seq_Frame0099_DriverToReference-SequenceTransform =-0.463315 -0.473498 0.749092 7.6911 0.621675 0.428743 0.655515 144.833 -0.631553 0.769402 0.0957184 172.671 0 0 0 1 
Seq_Frame0099_DriverToReference-SequenceTransformStatus = OK
Seq_Frame0099_Timestamp = 30.416
Seq_Frame0100_DriverToReference-SequenceTransform =-0.463315 -0.473498 0.749092 7.6911 0.621675 0.428743 0.655515 144.833 -0.631553 0.769402 0.0957184 172.671 0 0 0 1 
Seq_Frame0100_DriverToReference-SequenceTransformStatus = OK
Seq_Frame0100_Timestamp = 30.539
Seq_Frame0101_DriverToReference-SequenceTransform =-0.463315 -0.473498 0.749092 7.6911 0.621675 0.428743 0.655515 144.833 -0.631553 0.769402 0.0957184 172.671 0 0 0 1 
Seq_Frame0101_DriverToReference-SequenceTransformStatus = OK
Seq_Frame0101_Timestamp = 30.657
Seq_Frame0102_DriverToReference-SequenceTransform =-0.463315 -0.473498 0.749092 7.6911 0.621675 0.428743 0.655515 144.833 -0.631553 0.769402 0.0957184 172.671 0 0 0 1 
Seq_Frame0102_DriverToReference-SequenceTransformStatus = OK
Seq_Frame0102_Timestamp = 30.765
Seq_Frame0103_DriverToReference-SequenceTransform =-0.463315 -0.473498 0.749092 7.6911 0.621675 0.428743 0.655515 144.833 -0.631553 0.769402 0.0957184 172.671 0 0 0 1 
Seq_Frame0103_DriverToReference-SequenceTransformStatus = OK
Seq_Frame0103_Timestamp = 30.886
Seq_Frame0104_DriverToReference-SequenceTransform =-0.463315 -0.473498 0.749092 7.6911 0.621675 0.428743 0.655515 144.833 -0.631553 0.769402 0.0957184 172.671 0 0 0 1 
Seq_Frame0104_DriverToReference-SequenceTransformStatus = OK
Seq_Frame0104_Timestamp = 31.006
Seq_Frame0105_DriverToReference-SequenceTransform =-0.463315 -0.473498 0.749092 7.6911 0.621675 0.428743 0.655515 144.833 -0.631553 0.769402 0.0957184 172.671 0 0 0 1 
Seq_Frame0105_DriverToReference-SequenceTransformStatus = OK
Seq_Frame0105_Timestamp = 31.125
Seq_Frame0106_DriverToReference-SequenceTransform =-0.463315 -0.473498 0.749092 7.6911 0.621675 0.428743 0.655515 144.833 -0.631553 0.769402 0.0957184 172.671 0 0 0 1 
Seq_Frame0106_DriverToReference-SequenceTransformStatus = OK
Seq_Frame0106_Timestamp = 31.246
Seq_Frame0107_DriverToReference-SequenceTransform =-0.463315 -0.473498 0.749092 7.6911 0.621675 0.428743 0.655515 144.833 -0.631553 0.769402 0.0957184 172.671 0 0 0 1 
Seq_Frame0107_DriverToReference-SequenceTransformStatus = OK
Seq_Frame0107_Timestamp = 31.371
Seq_Frame0108_DriverToReference-SequenceTransform =-0.463315 -0.473498 0.749092 7.6911 0.621675 0.428743 0.655515 144.833 -0.631553 0.769402 0.0957184 172.671 0 0 0 1 
Seq_Frame0108_DriverToReference-SequenceTransformStatus = OK
Seq_Frame0108_Timestamp = 31.48
Seq_Frame0109_DriverToReference-SequenceTransform =-0.463315 -0.473498 0.749092 7.6911 0.621675 0.428743 0.655515 144.833 -0.631553 0.769402 0.0957184 172.671 0 0 0 1 
Seq_Frame0109_DriverToReference-SequenceTransformStatus = OK
Seq_Frame0109_Timestamp = 31.603
Seq_Frame0110_DriverToReference-SequenceTransform =-0.463315 -0.473498 0.749092 7.6911 0.621675 0.428743 0.655515 144.833 -0.631553 0.769402 0.0957184 172.671 0 0 0 1 
Seq_Frame0110_DriverToReference-SequenceTransformStatus = OK
Seq_Frame0110_Timestamp = 31.723
Seq_Frame0111_DriverToReference-SequenceTransform =-0.463315 -0.473498 0.749092 7.6911 0.621675 0.428743 0.655515 144.833 -0.631553 0.769402 0.0957184 172.671 0 0 0 1 
Seq_Frame0111_DriverToReference-SequenceTransformStatus = OK
Seq_Frame0111_Timestamp = 31.842
Seq_Frame0112_DriverToReference-SequenceTransform =-0.463315 -0.473498 0.749092 7.6911 0.621675 0.428743 0.655515 144.833 -0.631553 0.769402 0.0957184 172.671 0 0 0 1 
Seq_Frame0112_DriverToReference-SequenceTransformStatus = OK
Seq_Frame0112_Timestamp = 31.948
Seq_Frame0113_DriverToReference-SequenceTransform =-0.463315 -0.473498 0.749092 7.6911 0.621675 0.428743 0.655515 144.833 -0.631553 0.769402 0.0957184 172.671 0 0 0 1 
Seq_Frame0113_DriverToReference-SequenceTransformStatus = OK
Seq_Frame0113_Timestamp = 32.053
Seq_Frame0114_DriverToReference-SequenceTransform =-0.463315 -0.473498 0.749092 7.6911 0.621675 0.428743 0.655515 144.833 -0.631553 0.769402 0.0957184 172.671 0 0 0 1 
Seq_Frame0114_DriverToReference-SequenceTransformStatus = OK
Seq_Frame0114_Timestamp = 32.162
Seq_Frame0115_DriverToReference-SequenceTransform =-0.463315 -0.473498 0.749092 7.6911 0.621675 0.428743 0.655515 144.833 -0.631553 0.769402 0.0957184 172.671 0 0 0 1 
Seq_Frame0115_DriverToReference-SequenceTransformStatus = OK
Seq_Frame0115_Timestamp = 32.535
Seq_Frame0116_DriverToReference-SequenceTransform =-0.463315 -0.473498 0.749092 7.6911 0.621675 0.428743 0.655515 144.833 -0.631553 0.769402 0.0957184 172.671 0 0 0 1 
Seq_Frame0116_DriverToReference-SequenceTransformStatus = OK
Seq_Frame0116_Timestamp = 32.641
Seq_Frame0117_DriverToReference-SequenceTransform =-0.463315 -0.473498 0.749092 7.6911 0.621675 0.428743 0.655515 144.833 -0.631553 0.769402 0.0957184 172.671 0 0 0 1 
Seq_Frame0117_DriverToReference-SequenceTransformStatus = OK
Seq_Frame0117_Timestamp = 32.766
Seq_Frame0118_DriverToReference-SequenceTransform =-0.463315 -0.473498 0.749092 7.6911 0.621675 0.428743 0.655515 144.833 -0.631553 0.769402 0.0957184 172.671 0 0 0 1 
Seq_Frame0118_DriverToReference-SequenceTransformStatus = OK
Seq_Frame0118_Timestamp = 32.874
Seq_Frame0119_DriverToReference-SequenceTransform =-0.463315 -0.473498 0.749092 7.6911 0.621675 0.428743 0.655515 144.833 -0.631553 0.769402 0.0957184 172.671 0 0 0 1 
Seq_Frame0119_DriverToReference-SequenceTransformStatus = OK
Seq_Frame0119_Timestamp = 32.981
Seq_Frame0120_DriverToReference-SequenceTransform =-0.463315 -0.473498 0.749092 7.6911 0.621675 0.428743 0.655515 144.833 -0.631553 0.769402 0.0957184 172.671 0 0 0 1 
Seq_Frame0120_DriverToReference-SequenceTransformStatus = OK
Seq_Frame0120_Timestamp = 33.087
Seq_Frame0121_DriverToReference-SequenceTransform =-0.463315 -0.473498 0.749092 7.6911 0.621675 0.428743 0.655515 144.833 -0.631553 0.769402 0.0957184 172.671 0 0 0 1 
Seq_Frame0121_DriverToReference-SequenceTransformStatus = OK
Seq_Frame0121_Timestamp = 33.21
Seq_Frame0122_DriverToReference-SequenceTransform =-0.463315 -0.473498 0.749092 7.6911 0.621675 0.428743 0.655515 144.833 -0.631553 0.769402 0.0957184 172.671 0 0 0 1 
Seq_Frame0122_DriverToReference-SequenceTransformStatus = OK
Seq_Frame0122_Timestamp = 33.327
Seq_Frame0123_DriverToReference-SequenceTransform =-0.463315 -0.473498 0.749092 7.6911 0.621675 0.428743 0.655515 144.833 -0.631553 0.769402 0.0957184 172.671 0 0 0 1 
Seq_Frame0123_DriverToReference-SequenceTransformStatus = OK
Seq_Frame0123_Timestamp = 33.448
Seq_Frame0124_DriverToReference-SequenceTransform =-0.463315 -0.473498 0.749092 7.6911 0.621675 0.428743 0.655515 144.833 -0.631553 0.769402 0.0957184 172.671 0 0 0 1 
Seq_Frame0124_DriverToReference-SequenceTransformStatus = OK
Seq_Frame0124_Timestamp = 33.556
Seq_Frame0125_DriverToReference-SequenceTransform =-0.463315 -0.473498 0.749092 7.6911 0.621675 0.428743 0.655515 144.833 -0.631553 0.769402 0.0957184 172.671 0 0 0 1 
Seq_Frame0125_DriverToReference-SequenceTransformStatus = OK
Seq_Frame0125_Timestamp = 33.677
Seq_Frame0126_DriverToReference-SequenceTransform =-0.463315 -0.473498 0.749092 7.6911 0.621675 0.428743 0.655515 144.833 -0.631553 0.769402 0.0957184 172.671 0 0 0 1 
Seq_Frame0126_DriverToReference-SequenceTransformStatus = OK
Seq_Frame0126_Timestamp = 33.781
Seq_Frame0127_DriverToReference-SequenceTransform =-0.463315 -0.473498 0.749092 7.6911 0.621675 0.428743 0.655515 144.833 -0.631553 0.769402 0.0957184 172.671 0 0 0 1 
Seq_Frame0127_DriverToReference-SequenceTransformStatus = OK
Seq_Frame0127_Timestamp = 33.903
Seq_Frame0128_DriverToReference-SequenceTransform =-0.463315 -0.473498 0.749092 7.6911 0.621675 0.428743 0.655515 144.833 -0.631553 0.769402 0.0957184 172.671 0 0 0 1 
Seq_Frame0128_DriverToReference-SequenceTransformStatus = OK
Seq_Frame0128_Timestamp = 34.006
Seq_Frame0129_DriverToReference-SequenceTransform =-0.463315 -0.473498 0.749092 7.6911 0.621675 0.428743 0.655515 144.833 -0.631553 0.769402 0.0957184 172.671 0 0 0 1 
Seq_Frame0129_DriverToReference-SequenceTransformStatus = OK
Seq_Frame0129_Timestamp = 34.114
Seq_Frame0130_DriverToReference-SequenceTransform =-0.463315 -0.473498 0.749092 7.6911 0.621675 0.428743 0.655515 144.833 -0.631553 0.769402 0.0957184 172.671 0 0 0 1 
Seq_Frame0130_DriverToReference-SequenceTransformStatus = OK
Seq_Frame0130_Timestamp = 34.232
Seq_Frame0131_DriverToReference-SequenceTransform =-0.463315 -0.473498 0.749092 7.6911 0.621675 0.428743 0.655515 144.833 -0.631553 0.769402 0.0957184 172.671 0 0 0 1 
Seq_Frame0131_DriverToReference-SequenceTransformStatus = OK
Seq_Frame0131_Timestamp = 34.339
Seq_Frame0132_DriverToReference-SequenceTransform =-0.463315 -0.473498 0.749092 7.6911 0.621675 0.428743 0.655515 144.833 -0.631553 0.769402 0.0957184 172.671 0 0 0 1 
Seq_Frame0132_DriverToReference-SequenceTransformStatus = OK
Seq_Frame0132_Timestamp = 34.581
Seq_Frame0133_DriverToReference-SequenceTransform =-0.463315 -0.473498 0.749092 7.6911 0.621675 0.428743 0.655515 144.833 -0.631553 0.769402 0.0957184 172.671 0 0 0 1 
Seq_Frame0133_DriverToReference-SequenceTransformStatus = OK
Seq_Frame0133_Timestamp = 34.687
Seq_Frame0134_DriverToReference-SequenceTransform =-0.463315 -0.473498 0.749092 7.6911 0.621675 0.428743 0.655515 144.833 -0.631553 0.769402 0.0957184 172.671 0 0 0 1 
Seq_Frame0134_DriverToReference-SequenceTransformStatus = OK
Seq_Frame0134_Timestamp = 35.5
Seq_Frame0135_DriverToReference-SequenceTransform =-0.463315 -0.473498 0.749092 7.6911 0.621675 0.428743 0.655515 144.833 -0.631553 0.769402 0.0957184 172.671 0 0 0 1 
Seq_Frame0135_DriverToReference-SequenceTransformStatus = OK
Seq_Frame0135_Timestamp = 35.605
Seq_Frame0136_DriverToReference-SequenceTransform =-0.463315 -0.473498 0.749092 7.6911 0.621675 0.428743 0.655515 144.833 -0.631553 0.769402 0.0957184 172.671 0 0 0 1 
Seq_Frame0136_DriverToReference-SequenceTransformStatus = OK
Seq_Frame0136_Timestamp = 35.713
Seq_Frame0137_DriverToReference-SequenceTransform =-0.463315 -0.473498 0.749092 7.6911 0.621675 0.428743 0.655515 144.833 -0.631553 0.769402 0.0957184 172.671 0 0 0 1 
Seq_Frame0137_DriverToReference-SequenceTransformStatus = OK
Seq_Frame0137_Timestamp = 35.836
Seq_Frame0138_DriverToReference-SequenceTransform =-0.463315 -0.473498 0.749092 7.6911 0.621675 0.428743 0.655515 144.833 -0.631553 0.769402 0.0957184 172.671 0 0 0 1 
Seq_Frame0138_DriverToReference-SequenceTransformStatus = OK
Seq_Frame0138_Timestamp = 35.954
Seq_Frame0139_DriverToReference-SequenceTransform =-0.463315 -0.473498 0.749092 7.6911 0.621675 0.428743 0.655515 144.833 -0.631553 0.769402 0.0957184 172.671 0 0 0 1 
Seq_Frame0139_DriverToReference-SequenceTransformStatus = OK
Seq_Frame0139_Timestamp = 36.793
Seq_Frame0140_DriverToReference-SequenceTransform =-0.463315 -0.473498 0.749092 7.6911 0.621675 0.428743 0.655515 144.833 -0.631553 0.769402 0.0957184 172.671 0 0 0 1 
Seq_Frame0140_DriverToReference-SequenceTransformStatus = OK
Seq_Frame0140_Timestamp = 36.898
Seq_Frame0141_DriverToReference-SequenceTransform =-0.463315 -0.473498 0.749092 7.6911 0.621675 0.428743 0.655515 144.833 -0.631553 0.769402 0.0957184 172.671 0 0 0 1 
Seq_Frame0141_DriverToReference-SequenceTransformStatus = OK
Seq_Frame0141_Timestamp = 37.02
Seq_Frame0142_DriverToReference-SequenceTransform =-0.463315 -0.473498 0.749092 7.6911 0.621675 0.428743 0.655515 144.833 -0.631553 0.769402 0.0957184 172.671 0 0 0 1 
Seq_Frame0142_DriverToReference-SequenceTransformStatus = OK
Seq_Frame0142_Timestamp = 37.125
Seq_Frame0143_DriverToReference-SequenceTransform =-0.463315 -0.473498 0.749092 7.6911 0.621675 0.428743 0.655515 144.833 -0.631553 0.769402 0.0957184 172.671 0 0 0 1 
Seq_Frame0143_DriverToReference-SequenceTransformStatus = OK
Seq_Frame0143_Timestamp = 37.246
Seq_Frame0144_DriverToReference-SequenceTransform =-0.463315 -0.473498 0.749092 7.6911 0.621675 0.428743 0.655515 144.833 -0.631553 0.769402 0.0957184 172.671 0 0 0 1 
Seq_Frame0144_DriverToReference-SequenceTransformStatus = OK
Seq_Frame0144_Timestamp = 37.367
Seq_Frame0145_DriverToReference-SequenceTransform =-0.463315 -0.473498 0.749092 7.6911 0.621675 0.428743 0.655515 144.833 -0.631553 0.769402 0.0957184 172.671 0 0 0 1 
Seq_Frame0145_DriverToReference-SequenceTransformStatus = OK
Seq_Frame0145_Timestamp = 37.578
Seq_Frame0146_DriverToReference-SequenceTransform =-0.463315 -0.473498 0.749092 7.6911 0.621675 0.428743 0.655515 144.833 -0.631553 0.769402 0.0957184 172.671 0 0 0 1 
Seq_Frame0146_DriverToReference-SequenceTransformStatus = OK
Seq_Frame0146_Timestamp = 37.715
Seq_Frame0147_DriverToReference-SequenceTransform =-0.463315 -0.473498 0.749092 7.6911 0.621675 0.428743 0.655515 144.833 -0.631553 0.769402 0.0957184 172.671 0 0 0 1 
Seq_Frame0147_DriverToReference-SequenceTransformStatus = OK
Seq_Frame0147_Timestamp = 37.839
Seq_Frame0148_DriverToReference-SequenceTransform =-0.463315 -0.473498 0.749092 7.6911 0.621675 0.428743 0.655515 144.833 -0.631553 0.769402 0.0957184 172.671 0 0 0 1 
Seq_Frame0148_DriverToReference-SequenceTransformStatus = OK
Seq_Frame0148_Timestamp = 38.092
Seq_Frame0149_DriverToReference-SequenceTransform =-0.463315 -0.473498 0.749092 7.6911 0.621675 0.428743 0.655515 144.833 -0.631553 0.769402 0.0957184 172.671 0 0 0 1 
Seq_Frame0149_DriverToReference-SequenceTransformStatus = OK
Seq_Frame0149_Timestamp = 38.394
Seq_Frame0150_DriverToReference-SequenceTransform =-0.463315 -0.473498 0.749092 7.6911 0.621675 0.428743 0.655515 144.833 -0.631553 0.769402 0.0957184 172.671 0 0 0 1 
Seq_Frame0150_DriverToReference-SequenceTransformStatus = OK
Seq_Frame0150_Timestamp = 38.499
Seq_Frame0151_DriverToReference-SequenceTransform =-0.463315 -0.473498 0.749092 7.6911 0.621675 0.428743 0.655515 144.833 -0.631553 0.769402 0.0957184 172.671 0 0 0 1 
Seq_Frame0151_DriverToReference-SequenceTransformStatus = OK
