ObjectType = Image
NDims = 3
AnatomicalOrientation = RAI
BinaryData = True
CompressedData = False
DimSize = 0 0 2298
ElementSpacing = 1 1 1
Offset = 0 0 0
TransformMatrix = 1 0 0 0 1 0 0 0 1
ElementType = MET_UCHAR
Kinds = domain domain list
Seq_Frame0000_ForcepToReference-SequenceTransform =0.498013 -0.550939 -0.669664 29.184 0.325392 -0.597088 0.733216 -28.5788 -0.803805 -0.583055 -0.118087 -41.5454 0 0 0 1 
Seq_Frame0000_ForcepToReference-SequenceTransformStatus = OK
Seq_Frame0000_Timestamp = 0.00800014
Seq_Frame0001_ForcepToReference-SequenceTransform =0.498258 -0.55074 -0.669645 29.1951 0.32616 -0.596554 0.73331 -28.6013 -0.803342 -0.583789 -0.117609 -41.5157 0 0 0 1 
Seq_Frame0001_ForcepToReference-SequenceTransformStatus = OK
Seq_Frame0001_Timestamp = 0.123
Seq_Frame0002_ForcepToReference-SequenceTransform =0.497731 -0.550988 -0.669833 29.1921 0.327677 -0.595598 0.73341 -28.5922 -0.803051 -0.58453 -0.115901 -41.5126 0 0 0 1 
Seq_Frame0002_ForcepToReference-SequenceTransformStatus = OK
Seq_Frame0002_Timestamp = 0.225
Seq_Frame0003_ForcepToReference-SequenceTransform =0.494936 -0.550928 -0.67195 29.138 0.32554 -0.599421 0.731244 -28.6784 -0.805644 -0.580665 -0.117326 -41.3976 0 0 0 1 
Seq_Frame0003_ForcepToReference-SequenceTransformStatus = OK
Seq_Frame0003_Timestamp = 0.333
Seq_Frame0004_ForcepToReference-SequenceTransform =0.496795 -0.551024 -0.670498 29.1908 0.326278 -0.597319 0.732634 -28.5825 -0.8042 -0.582738 -0.116958 -41.5526 0 0 0 1 
Seq_Frame0004_ForcepToReference-SequenceTransformStatus = OK
Seq_Frame0004_Timestamp = 0.448
Seq_Frame0005_ForcepToReference-SequenceTransform =0.498052 -0.550891 -0.669674 29.1887 0.326893 -0.596019 0.733419 -28.5734 -0.803172 -0.584192 -0.116766 -41.5494 0 0 0 1 
Seq_Frame0005_ForcepToReference-SequenceTransformStatus = OK
Seq_Frame0005_Timestamp = 0.554
Seq_Frame0006_ForcepToReference-SequenceTransform =0.497596 -0.550945 -0.669969 29.1861 0.325736 -0.597164 0.733002 -28.6058 -0.803925 -0.582971 -0.117684 -41.5576 0 0 0 1 
Seq_Frame0006_ForcepToReference-SequenceTransformStatus = OK
Seq_Frame0006_Timestamp = 0.666
Seq_Frame0007_ForcepToReference-SequenceTransform =0.496978 -0.551223 -0.670199 29.1754 0.326334 -0.596916 0.732938 -28.5597 -0.804064 -0.582963 -0.116771 -41.5829 0 0 0 1 
Seq_Frame0007_ForcepToReference-SequenceTransformStatus = OK
Seq_Frame0007_Timestamp = 0.781
Seq_Frame0008_ForcepToReference-SequenceTransform =0.497443 -0.551008 -0.67003 29.1903 0.325776 -0.597186 0.732966 -28.5929 -0.804003 -0.582889 -0.117561 -41.5472 0 0 0 1 
Seq_Frame0008_ForcepToReference-SequenceTransformStatus = OK
Seq_Frame0008_Timestamp = 0.885
Seq_Frame0009_ForcepToReference-SequenceTransform =0.497701 -0.550904 -0.669924 29.1917 0.325627 -0.597202 0.733019 -28.5815 -0.803903 -0.58297 -0.117839 -41.611 0 0 0 1 
Seq_Frame0009_ForcepToReference-SequenceTransformStatus = OK
Seq_Frame0009_Timestamp = 0.989
Seq_Frame0010_ForcepToReference-SequenceTransform =0.496641 -0.551056 -0.670586 29.184 0.326374 -0.597336 0.732578 -28.6029 -0.804256 -0.58269 -0.116811 -41.5319 0 0 0 1 
Seq_Frame0010_ForcepToReference-SequenceTransformStatus = OK
Seq_Frame0010_Timestamp = 1.099
Seq_Frame0011_ForcepToReference-SequenceTransform =0.497037 -0.550882 -0.670435 29.2082 0.325193 -0.598068 0.732506 -28.5985 -0.80449 -0.582103 -0.118119 -41.6026 0 0 0 1 
Seq_Frame0011_ForcepToReference-SequenceTransformStatus = OK
Seq_Frame0011_Timestamp = 1.204
Seq_Frame0012_ForcepToReference-SequenceTransform =0.497298 -0.550958 -0.67018 29.2032 0.326311 -0.596968 0.732905 -28.5957 -0.803876 -0.583159 -0.117087 -41.5831 0 0 0 1 
Seq_Frame0012_ForcepToReference-SequenceTransformStatus = OK
Seq_Frame0012_Timestamp = 1.314
Seq_Frame0013_ForcepToReference-SequenceTransform =0.497898 -0.550753 -0.669903 29.2016 0.325254 -0.597483 0.732955 -28.5858 -0.803933 -0.582825 -0.118351 -41.6207 0 0 0 1 
Seq_Frame0013_ForcepToReference-SequenceTransformStatus = OK
Seq_Frame0013_Timestamp = 1.43
Seq_Frame0014_ForcepToReference-SequenceTransform =0.498356 -0.551129 -0.669252 29.1626 0.327325 -0.595201 0.73389 -28.4841 -0.802807 -0.584801 -0.116224 -41.6245 0 0 0 1 
Seq_Frame0014_ForcepToReference-SequenceTransformStatus = OK
Seq_Frame0014_Timestamp = 1.546
Seq_Frame0015_ForcepToReference-SequenceTransform =0.505308 -0.550585 -0.66447 28.9965 0.381792 -0.547902 0.744337 -27.5975 -0.773885 -0.629809 -0.0666507 -41.6955 0 0 0 1 
Seq_Frame0015_ForcepToReference-SequenceTransformStatus = OK
Seq_Frame0015_Timestamp = 3.19
Seq_Frame0016_ForcepToReference-SequenceTransform =0.505308 -0.550585 -0.66447 28.9965 0.381792 -0.547902 0.744337 -27.5975 -0.773885 -0.629809 -0.0666507 -41.6955 0 0 0 1 
Seq_Frame0016_ForcepToReference-SequenceTransformStatus = OK
Seq_Frame0016_Timestamp = 3.291
Seq_Frame0017_ForcepToReference-SequenceTransform =0.505308 -0.550585 -0.66447 28.9965 0.381792 -0.547902 0.744337 -27.5975 -0.773885 -0.629809 -0.0666507 -41.6955 0 0 0 1 
Seq_Frame0017_ForcepToReference-SequenceTransformStatus = OK
Seq_Frame0017_Timestamp = 3.398
Seq_Frame0018_ForcepToReference-SequenceTransform =0.505308 -0.550585 -0.66447 28.9965 0.381792 -0.547902 0.744337 -27.5975 -0.773885 -0.629809 -0.0666507 -41.6955 0 0 0 1 
Seq_Frame0018_ForcepToReference-SequenceTransformStatus = OK
Seq_Frame0018_Timestamp = 3.503
Seq_Frame0019_ForcepToReference-SequenceTransform =0.505308 -0.550585 -0.66447 28.9965 0.381792 -0.547902 0.744337 -27.5975 -0.773885 -0.629809 -0.0666507 -41.6955 0 0 0 1 
Seq_Frame0019_ForcepToReference-SequenceTransformStatus = OK
Seq_Frame0019_Timestamp = 3.63
Seq_Frame0020_ForcepToReference-SequenceTransform =0.505308 -0.550585 -0.66447 28.9965 0.381792 -0.547902 0.744337 -27.5975 -0.773885 -0.629809 -0.0666507 -41.6955 0 0 0 1 
Seq_Frame0020_ForcepToReference-SequenceTransformStatus = OK
Seq_Frame0020_Timestamp = 3.741
Seq_Frame0021_ForcepToReference-SequenceTransform =0.505308 -0.550585 -0.66447 28.9965 0.381792 -0.547902 0.744337 -27.5975 -0.773885 -0.629809 -0.0666507 -41.6955 0 0 0 1 
Seq_Frame0021_ForcepToReference-SequenceTransformStatus = OK
Seq_Frame0021_Timestamp = 3.85
Seq_Frame0022_ForcepToReference-SequenceTransform =0.505308 -0.550585 -0.66447 28.9965 0.381792 -0.547902 0.744337 -27.5975 -0.773885 -0.629809 -0.0666507 -41.6955 0 0 0 1 
Seq_Frame0022_ForcepToReference-SequenceTransformStatus = OK
Seq_Frame0022_Timestamp = 3.955
Seq_Frame0023_ForcepToReference-SequenceTransform =0.505308 -0.550585 -0.66447 28.9965 0.381792 -0.547902 0.744337 -27.5975 -0.773885 -0.629809 -0.0666507 -41.6955 0 0 0 1 
Seq_Frame0023_ForcepToReference-SequenceTransformStatus = OK
Seq_Frame0023_Timestamp = 4.064
Seq_Frame0024_ForcepToReference-SequenceTransform =0.505308 -0.550585 -0.66447 28.9965 0.381792 -0.547902 0.744337 -27.5975 -0.773885 -0.629809 -0.0666507 -41.6955 0 0 0 1 
Seq_Frame0024_ForcepToReference-SequenceTransformStatus = OK
Seq_Frame0024_Timestamp = 4.169
Seq_Frame0025_ForcepToReference-SequenceTransform =0.505308 -0.550585 -0.66447 28.9965 0.381792 -0.547902 0.744337 -27.5975 -0.773885 -0.629809 -0.0666507 -41.6955 0 0 0 1 
Seq_Frame0025_ForcepToReference-SequenceTransformStatus = OK
Seq_Frame0025_Timestamp = 4.274
Seq_Frame0026_ForcepToReference-SequenceTransform =0.505308 -0.550585 -0.66447 28.9965 0.381792 -0.547902 0.744337 -27.5975 -0.773885 -0.629809 -0.0666507 -41.6955 0 0 0 1 
Seq_Frame0026_ForcepToReference-SequenceTransformStatus = OK
Seq_Frame0026_Timestamp = 4.379
Seq_Frame0027_ForcepToReference-SequenceTransform =0.505308 -0.550585 -0.66447 28.9965 0.381792 -0.547902 0.744337 -27.5975 -0.773885 -0.629809 -0.0666507 -41.6955 0 0 0 1 
Seq_Frame0027_ForcepToReference-SequenceTransformStatus = OK
Seq_Frame0027_Timestamp = 4.484
Seq_Frame0028_ForcepToReference-SequenceTransform =0.505308 -0.550585 -0.66447 28.9965 0.381792 -0.547902 0.744337 -27.5975 -0.773885 -0.629809 -0.0666507 -41.6955 0 0 0 1 
Seq_Frame0028_ForcepToReference-SequenceTransformStatus = OK
Seq_Frame0028_Timestamp = 4.594
Seq_Frame0029_ForcepToReference-SequenceTransform =0.505308 -0.550585 -0.66447 28.9965 0.381792 -0.547902 0.744337 -27.5975 -0.773885 -0.629809 -0.0666507 -41.6955 0 0 0 1 
Seq_Frame0029_ForcepToReference-SequenceTransformStatus = OK
Seq_Frame0029_Timestamp = 4.699
Seq_Frame0030_ForcepToReference-SequenceTransform =0.505308 -0.550585 -0.66447 28.9965 0.381792 -0.547902 0.744337 -27.5975 -0.773885 -0.629809 -0.0666507 -41.6955 0 0 0 1 
Seq_Frame0030_ForcepToReference-SequenceTransformStatus = OK
Seq_Frame0030_Timestamp = 4.809
Seq_Frame0031_ForcepToReference-SequenceTransform =0.505308 -0.550585 -0.66447 28.9965 0.381792 -0.547902 0.744337 -27.5975 -0.773885 -0.629809 -0.0666507 -41.6955 0 0 0 1 
Seq_Frame0031_ForcepToReference-SequenceTransformStatus = OK
Seq_Frame0031_Timestamp = 4.916
Seq_Frame0032_ForcepToReference-SequenceTransform =0.505308 -0.550585 -0.66447 28.9965 0.381792 -0.547902 0.744337 -27.5975 -0.773885 -0.629809 -0.0666507 -41.6955 0 0 0 1 
Seq_Frame0032_ForcepToReference-SequenceTransformStatus = OK
Seq_Frame0032_Timestamp = 5.029
Seq_Frame0033_ForcepToReference-SequenceTransform =0.505308 -0.550585 -0.66447 28.9965 0.381792 -0.547902 0.744337 -27.5975 -0.773885 -0.629809 -0.0666507 -41.6955 0 0 0 1 
Seq_Frame0033_ForcepToReference-SequenceTransformStatus = OK
Seq_Frame0033_Timestamp = 5.129
Seq_Frame0034_ForcepToReference-SequenceTransform =0.505308 -0.550585 -0.66447 28.9965 0.381792 -0.547902 0.744337 -27.5975 -0.773885 -0.629809 -0.0666507 -41.6955 0 0 0 1 
Seq_Frame0034_ForcepToReference-SequenceTransformStatus = OK
Seq_Frame0034_Timestamp = 5.234
Seq_Frame0035_ForcepToReference-SequenceTransform =0.505308 -0.550585 -0.66447 28.9965 0.381792 -0.547902 0.744337 -27.5975 -0.773885 -0.629809 -0.0666507 -41.6955 0 0 0 1 
Seq_Frame0035_ForcepToReference-SequenceTransformStatus = OK
Seq_Frame0035_Timestamp = 5.339
Seq_Frame0036_ForcepToReference-SequenceTransform =0.505308 -0.550585 -0.66447 28.9965 0.381792 -0.547902 0.744337 -27.5975 -0.773885 -0.629809 -0.0666507 -41.6955 0 0 0 1 
Seq_Frame0036_ForcepToReference-SequenceTransformStatus = OK
Seq_Frame0036_Timestamp = 5.449
Seq_Frame0037_ForcepToReference-SequenceTransform =0.505308 -0.550585 -0.66447 28.9965 0.381792 -0.547902 0.744337 -27.5975 -0.773885 -0.629809 -0.0666507 -41.6955 0 0 0 1 
Seq_Frame0037_ForcepToReference-SequenceTransformStatus = OK
Seq_Frame0037_Timestamp = 5.554
Seq_Frame0038_ForcepToReference-SequenceTransform =0.505308 -0.550585 -0.66447 28.9965 0.381792 -0.547902 0.744337 -27.5975 -0.773885 -0.629809 -0.0666507 -41.6955 0 0 0 1 
Seq_Frame0038_ForcepToReference-SequenceTransformStatus = OK
Seq_Frame0038_Timestamp = 5.659
Seq_Frame0039_ForcepToReference-SequenceTransform =0.505308 -0.550585 -0.66447 28.9965 0.381792 -0.547902 0.744337 -27.5975 -0.773885 -0.629809 -0.0666507 -41.6955 0 0 0 1 
Seq_Frame0039_ForcepToReference-SequenceTransformStatus = OK
Seq_Frame0039_Timestamp = 5.769
Seq_Frame0040_ForcepToReference-SequenceTransform =-0.660858 -0.738593 0.133218 -337.714 0.687718 -0.667025 -0.286568 76.5475 0.300517 -0.0977647 0.948753 41.7726 0 0 0 1 
Seq_Frame0040_ForcepToReference-SequenceTransformStatus = OK
Seq_Frame0040_Timestamp = 9.639
Seq_Frame0041_ForcepToReference-SequenceTransform =-0.680676 -0.715043 0.159352 -339.544 0.644939 -0.688063 -0.3326 75.4961 0.347468 -0.123621 0.929507 47.8857 0 0 0 1 
Seq_Frame0041_ForcepToReference-SequenceTransformStatus = OK
Seq_Frame0041_Timestamp = 9.745
Seq_Frame0042_ForcepToReference-SequenceTransform =-0.737479 -0.338656 0.584326 -334.939 0.473015 -0.876551 0.0889726 56.6164 0.48206 0.34201 0.806627 89.091 0 0 0 1 
Seq_Frame0042_ForcepToReference-SequenceTransformStatus = OK
Seq_Frame0042_Timestamp = 12.409
Seq_Frame0043_ForcepToReference-SequenceTransform =-0.933475 0.0543501 0.3545 -141.053 0.281399 0.723808 0.630014 249.067 -0.222349 0.687858 -0.69095 161.203 0 0 0 1 
Seq_Frame0043_ForcepToReference-SequenceTransformStatus = OK
Seq_Frame0043_Timestamp = 13.173
Seq_Frame0044_ForcepToReference-SequenceTransform =-0.584276 -0.390392 0.711489 -145.003 0.273597 0.730622 0.625568 256.35 -0.764046 0.560166 -0.320075 80.7226 0 0 0 1 
Seq_Frame0044_ForcepToReference-SequenceTransformStatus = OK
Seq_Frame0044_Timestamp = 13.283
Seq_Frame0045_ForcepToReference-SequenceTransform =-0.649573 -0.646118 0.400733 -129.908 0.0195102 0.512734 0.858326 213.091 -0.760049 0.565364 -0.320452 72.0229 0 0 0 1 
Seq_Frame0045_ForcepToReference-SequenceTransformStatus = OK
Seq_Frame0045_Timestamp = 13.389
Seq_Frame0046_ForcepToReference-SequenceTransform =-0.603026 -0.593947 0.532528 -108.967 0.0751161 0.622318 0.779152 204.43 -0.794177 0.509851 -0.330659 72.6824 0 0 0 1 
Seq_Frame0046_ForcepToReference-SequenceTransformStatus = OK
Seq_Frame0046_Timestamp = 13.499
Seq_Frame0047_ForcepToReference-SequenceTransform =-0.33374 -0.709995 0.6201 -87.0633 -0.456986 0.697207 0.552328 163.823 -0.824489 -0.0990426 -0.557144 42.635 0 0 0 1 
Seq_Frame0047_ForcepToReference-SequenceTransformStatus = OK
Seq_Frame0047_Timestamp = 13.603
Seq_Frame0048_ForcepToReference-SequenceTransform =-0.588584 -0.0716754 -0.805252 -17.0796 -0.404121 -0.836598 0.36985 81.1428 -0.700182 0.543107 0.463443 30.2751 0 0 0 1 
Seq_Frame0048_ForcepToReference-SequenceTransformStatus = OK
Seq_Frame0048_Timestamp = 13.754
Seq_Frame0049_ForcepToReference-SequenceTransform =-0.668578 0.709839 -0.221655 17.4987 -0.690299 -0.703264 -0.170021 83.5358 -0.276569 0.039336 0.960189 41.9091 0 0 0 1 
Seq_Frame0049_ForcepToReference-SequenceTransformStatus = OK
Seq_Frame0049_Timestamp = 13.859
Seq_Frame0050_ForcepToReference-SequenceTransform =-0.428792 0.898989 -0.0892045 39.09 -0.858303 -0.436203 -0.270262 88.3766 -0.281874 -0.0393216 0.958645 65.254 0 0 0 1 
Seq_Frame0050_ForcepToReference-SequenceTransformStatus = OK
Seq_Frame0050_Timestamp = 13.964
Seq_Frame0051_ForcepToReference-SequenceTransform =-0.386181 0.921783 0.0343524 40.8989 -0.899624 -0.368146 -0.23483 78.518 -0.203816 -0.121591 0.971429 83.5944 0 0 0 1 
Seq_Frame0051_ForcepToReference-SequenceTransformStatus = OK
Seq_Frame0051_Timestamp = 14.069
Seq_Frame0052_ForcepToReference-SequenceTransform =0.658211 -0.734941 -0.163155 29.9767 0.283193 0.0409116 0.95819 106.889 -0.697538 -0.676896 0.235059 26.8346 0 0 0 1 
Seq_Frame0052_ForcepToReference-SequenceTransformStatus = OK
Seq_Frame0052_Timestamp = 14.179
Seq_Frame0053_ForcepToReference-SequenceTransform =0.418182 -0.900631 -0.118267 7.95903 0.790321 0.296559 0.53614 154.971 -0.447791 -0.317673 0.835803 4.13821 0 0 0 1 
Seq_Frame0053_ForcepToReference-SequenceTransformStatus = OK
Seq_Frame0053_Timestamp = 14.284
Seq_Frame0054_ForcepToReference-SequenceTransform =0.256605 -0.936881 -0.237504 3.82138 0.892908 0.135734 0.429292 159.178 -0.369958 -0.322228 0.871378 24.687 0 0 0 1 
Seq_Frame0054_ForcepToReference-SequenceTransformStatus = OK
Seq_Frame0054_Timestamp = 14.394
Seq_Frame0055_ForcepToReference-SequenceTransform =0.268526 -0.958817 0.0925423 1.24789 0.860626 0.281955 0.424057 173.677 -0.432685 -0.0342258 0.900895 43.9201 0 0 0 1 
Seq_Frame0055_ForcepToReference-SequenceTransformStatus = OK
Seq_Frame0055_Timestamp = 14.669
Seq_Frame0056_ForcepToReference-SequenceTransform =0.27323 -0.960857 0.0458204 6.09941 0.954032 0.276772 0.114981 187.392 -0.123162 0.0122979 0.99231 58.2674 0 0 0 1 
Seq_Frame0056_ForcepToReference-SequenceTransformStatus = OK
Seq_Frame0056_Timestamp = 14.774
Seq_Frame0057_ForcepToReference-SequenceTransform =0.262739 -0.963946 -0.042143 8.48438 0.956328 0.254367 0.143994 185.528 -0.128083 -0.0781354 0.988681 55.7733 0 0 0 1 
Seq_Frame0057_ForcepToReference-SequenceTransformStatus = OK
Seq_Frame0057_Timestamp = 14.884
Seq_Frame0058_ForcepToReference-SequenceTransform =0.157548 -0.965342 -0.20807 10.2248 0.977029 0.121759 0.174895 179.003 -0.143499 -0.230845 0.96235 51.8039 0 0 0 1 
Seq_Frame0058_ForcepToReference-SequenceTransformStatus = OK
Seq_Frame0058_Timestamp = 14.99
Seq_Frame0059_ForcepToReference-SequenceTransform =0.261258 -0.942449 -0.208647 24.8247 0.779534 0.0785211 0.621419 136.052 -0.569273 -0.324999 0.755185 35.2948 0 0 0 1 
Seq_Frame0059_ForcepToReference-SequenceTransformStatus = OK
Seq_Frame0059_Timestamp = 15.884
Seq_Frame0060_ForcepToReference-SequenceTransform =0.344895 -0.916646 -0.20201 32.0659 0.638383 0.0712959 0.76641 113.654 -0.688124 -0.393291 0.609761 28.088 0 0 0 1 
Seq_Frame0060_ForcepToReference-SequenceTransformStatus = OK
Seq_Frame0060_Timestamp = 15.991
Seq_Frame0061_ForcepToReference-SequenceTransform =0.34196 -0.926956 -0.154325 28.1444 0.567891 0.0730033 0.81986 102.992 -0.748708 -0.367999 0.551374 26.5112 0 0 0 1 
Seq_Frame0061_ForcepToReference-SequenceTransformStatus = OK
Seq_Frame0061_Timestamp = 16.094
Seq_Frame0062_ForcepToReference-SequenceTransform =0.320244 -0.94096 -0.109722 24.639 0.545535 0.0884866 0.833403 101.717 -0.77449 -0.32675 0.541664 26.5235 0 0 0 1 
Seq_Frame0062_ForcepToReference-SequenceTransformStatus = OK
Seq_Frame0062_Timestamp = 16.204
Seq_Frame0063_ForcepToReference-SequenceTransform =0.264187 -0.959778 -0.0950362 18.6619 0.595575 0.0848399 0.798807 105.413 -0.758614 -0.267635 0.594033 28.1747 0 0 0 1 
Seq_Frame0063_ForcepToReference-SequenceTransformStatus = OK
Seq_Frame0063_Timestamp = 16.31
Seq_Frame0064_ForcepToReference-SequenceTransform =-0.725729 0.568909 0.386859 14.8693 -0.427795 0.0672187 -0.901373 103.09 -0.538803 -0.819649 0.194594 25.8837 0 0 0 1 
Seq_Frame0064_ForcepToReference-SequenceTransformStatus = OK
Seq_Frame0064_Timestamp = 16.414
Seq_Frame0065_ForcepToReference-SequenceTransform =-0.73421 0.542495 0.408208 13.206 -0.434232 0.0869662 -0.896593 101.637 -0.521898 -0.835545 0.171718 26.933 0 0 0 1 
Seq_Frame0065_ForcepToReference-SequenceTransformStatus = OK
Seq_Frame0065_Timestamp = 16.522
Seq_Frame0066_ForcepToReference-SequenceTransform =-0.731344 0.541208 0.415006 12.3976 -0.435402 0.0978559 -0.894902 102.431 -0.524938 -0.835176 0.164077 27.3364 0 0 0 1 
Seq_Frame0066_ForcepToReference-SequenceTransformStatus = OK
Seq_Frame0066_Timestamp = 16.629
Seq_Frame0067_ForcepToReference-SequenceTransform =0.0911204 -0.983714 -0.154934 1.55633 0.927069 0.0269819 0.373917 142.307 -0.363647 -0.177706 0.914429 37.8422 0 0 0 1 
Seq_Frame0067_ForcepToReference-SequenceTransformStatus = OK
Seq_Frame0067_Timestamp = 18.859
Seq_Frame0068_ForcepToReference-SequenceTransform =0.0482114 -0.928747 -0.367565 19.074 0.835811 -0.163977 0.523958 132.83 -0.546896 -0.332476 0.768352 29.7454 0 0 0 1 
Seq_Frame0068_ForcepToReference-SequenceTransformStatus = OK
Seq_Frame0068_Timestamp = 19.179
Seq_Frame0069_ForcepToReference-SequenceTransform =0.0774708 -0.885401 -0.458327 27.0983 0.877374 -0.157788 0.453119 136.847 -0.473511 -0.437228 0.764604 25.9258 0 0 0 1 
Seq_Frame0069_ForcepToReference-SequenceTransformStatus = OK
Seq_Frame0069_Timestamp = 19.284
Seq_Frame0070_ForcepToReference-SequenceTransform =0.013338 -0.89346 -0.448944 24.4235 0.905342 -0.179808 0.384741 141.904 -0.424475 -0.411579 0.806489 29.4306 0 0 0 1 
Seq_Frame0070_ForcepToReference-SequenceTransformStatus = OK
Seq_Frame0070_Timestamp = 19.39
Seq_Frame0071_ForcepToReference-SequenceTransform =0.0223982 -0.905828 -0.423054 20.6095 0.905705 -0.16079 0.39223 146.142 -0.423316 -0.391947 0.816811 29.8787 0 0 0 1 
Seq_Frame0071_ForcepToReference-SequenceTransformStatus = OK
Seq_Frame0071_Timestamp = 19.494
Seq_Frame0072_ForcepToReference-SequenceTransform =0.145591 -0.933229 -0.328461 20.391 0.845818 -0.0548132 0.530648 137.698 -0.51322 -0.355076 0.781362 27.7415 0 0 0 1 
Seq_Frame0072_ForcepToReference-SequenceTransformStatus = OK
Seq_Frame0072_Timestamp = 19.604
Seq_Frame0073_ForcepToReference-SequenceTransform =0.237935 -0.936427 -0.257859 23.4687 0.792485 0.0336741 0.608961 131.848 -0.561565 -0.349243 0.750116 27.7387 0 0 0 1 
Seq_Frame0073_ForcepToReference-SequenceTransformStatus = OK
Seq_Frame0073_Timestamp = 19.74
Seq_Frame0074_ForcepToReference-SequenceTransform =0.160742 -0.933758 -0.319778 23.1113 0.87131 -0.0179533 0.490404 141.349 -0.463659 -0.357455 0.810707 31.711 0 0 0 1 
Seq_Frame0074_ForcepToReference-SequenceTransformStatus = OK
Seq_Frame0074_Timestamp = 19.849
Seq_Frame0075_ForcepToReference-SequenceTransform =-0.372165 -0.820375 -0.434141 -11.548 0.921408 -0.382892 -0.0663393 161.303 -0.111806 -0.42471 0.898399 41.9806 0 0 0 1 
Seq_Frame0075_ForcepToReference-SequenceTransformStatus = OK
Seq_Frame0075_Timestamp = 23.444
Seq_Frame0076_ForcepToReference-SequenceTransform =-0.439458 -0.691 -0.57393 -7.70117 0.876639 -0.469272 -0.106247 161.388 -0.195913 -0.54982 0.811983 39.7573 0 0 0 1 
Seq_Frame0076_ForcepToReference-SequenceTransformStatus = OK
Seq_Frame0076_Timestamp = 23.549
Seq_Frame0077_ForcepToReference-SequenceTransform =-0.202547 0.136578 0.969702 -4.42672 -0.268757 0.944452 -0.189158 158.257 -0.941671 -0.298927 -0.15459 43.6544 0 0 0 1 
Seq_Frame0077_ForcepToReference-SequenceTransformStatus = OK
Seq_Frame0077_Timestamp = 23.881
Seq_Frame0078_ForcepToReference-SequenceTransform =-0.390615 0.200342 0.89849 0.525579 -0.240987 0.919739 -0.309848 151.087 -0.888451 -0.337555 -0.310984 36.4097 0 0 0 1 
Seq_Frame0078_ForcepToReference-SequenceTransformStatus = OK
Seq_Frame0078_Timestamp = 23.991
Seq_Frame0079_ForcepToReference-SequenceTransform =-0.368098 -0.688133 -0.625282 -0.320929 0.881829 -0.471569 -0.000155636 137.91 -0.294756 -0.551449 0.780399 34.7509 0 0 0 1 
Seq_Frame0079_ForcepToReference-SequenceTransformStatus = OK
Seq_Frame0079_Timestamp = 24.745
Seq_Frame0080_ForcepToReference-SequenceTransform =-0.376053 -0.703269 -0.603322 1.08321 0.882124 -0.471017 -0.000785207 138.118 -0.283623 -0.5325 0.797497 33.9701 0 0 0 1 
Seq_Frame0080_ForcepToReference-SequenceTransformStatus = OK
Seq_Frame0080_Timestamp = 24.869
Seq_Frame0081_ForcepToReference-SequenceTransform =-0.345527 -0.658621 -0.668453 3.6515 0.891902 -0.451955 -0.0157219 138.595 -0.291756 -0.601627 0.743589 36.5638 0 0 0 1 
Seq_Frame0081_ForcepToReference-SequenceTransformStatus = OK
Seq_Frame0081_Timestamp = 24.972
Seq_Frame0082_ForcepToReference-SequenceTransform =-0.343281 -0.688495 -0.638853 5.09346 0.90063 -0.434296 -0.0159016 139.454 -0.266503 -0.580829 0.769165 34.3429 0 0 0 1 
Seq_Frame0082_ForcepToReference-SequenceTransformStatus = OK
Seq_Frame0082_Timestamp = 25.078
Seq_Frame0083_ForcepToReference-SequenceTransform =-0.268506 -0.730185 -0.628279 5.44191 0.862568 -0.472601 0.180623 130.111 -0.428813 -0.493436 0.75673 29.1728 0 0 0 1 
Seq_Frame0083_ForcepToReference-SequenceTransformStatus = OK
Seq_Frame0083_Timestamp = 25.183
Seq_Frame0084_ForcepToReference-SequenceTransform =-0.216549 -0.762117 -0.610151 2.65146 0.857053 -0.447691 0.255017 127.226 -0.467512 -0.467708 0.750122 32.0834 0 0 0 1 
Seq_Frame0084_ForcepToReference-SequenceTransformStatus = OK
Seq_Frame0084_Timestamp = 27.093
Seq_Frame0085_ForcepToReference-SequenceTransform =-0.0609333 -0.973422 -0.220762 -7.08024 0.859849 -0.163512 0.483656 136.707 -0.506899 -0.160352 0.84696 21.5805 0 0 0 1 
Seq_Frame0085_ForcepToReference-SequenceTransformStatus = OK
Seq_Frame0085_Timestamp = 27.758
Seq_Frame0086_ForcepToReference-SequenceTransform =-0.547677 0.414157 0.726997 -9.49356 -0.364096 0.664342 -0.652752 148.614 -0.753316 -0.622193 -0.213052 30.794 0 0 0 1 
Seq_Frame0086_ForcepToReference-SequenceTransformStatus = OK
Seq_Frame0086_Timestamp = 27.88
Seq_Frame0087_ForcepToReference-SequenceTransform =-0.450396 -0.750734 -0.483262 -24.1915 0.886512 -0.311759 -0.341911 187.826 0.106023 -0.582413 0.805949 63.491 0 0 0 1 
Seq_Frame0087_ForcepToReference-SequenceTransformStatus = OK
Seq_Frame0087_Timestamp = 28.166
Seq_Frame0088_ForcepToReference-SequenceTransform =-0.322141 -0.847765 -0.421332 -18.7907 0.946306 -0.301073 -0.117733 169.004 -0.0270414 -0.436635 0.899232 59.008 0 0 0 1 
Seq_Frame0088_ForcepToReference-SequenceTransformStatus = OK
Seq_Frame0088_Timestamp = 28.86
Seq_Frame0089_ForcepToReference-SequenceTransform =-0.316193 -0.862436 -0.395256 -18.2718 0.947982 -0.303377 -0.0963979 166.995 -0.0367744 -0.405176 0.913499 57.7227 0 0 0 1 
Seq_Frame0089_ForcepToReference-SequenceTransformStatus = OK
Seq_Frame0089_Timestamp = 28.965
Seq_Frame0090_ForcepToReference-SequenceTransform =-0.336109 -0.835311 -0.435071 -19.4694 0.94162 -0.307621 -0.136822 168.447 -0.0195482 -0.455659 0.88994 61.4933 0 0 0 1 
Seq_Frame0090_ForcepToReference-SequenceTransformStatus = OK
Seq_Frame0090_Timestamp = 29.073
Seq_Frame0091_ForcepToReference-SequenceTransform =-0.330204 -0.845406 -0.419826 -20.3057 0.943566 -0.307632 -0.122658 168.021 -0.0254566 -0.436636 0.899278 60.3739 0 0 0 1 
Seq_Frame0091_ForcepToReference-SequenceTransformStatus = OK
Seq_Frame0091_Timestamp = 29.196
Seq_Frame0092_ForcepToReference-SequenceTransform =-0.337025 -0.829695 -0.444995 -19.8721 0.940474 -0.318697 -0.118074 167.608 -0.0438536 -0.4583 0.887715 61.8015 0 0 0 1 
Seq_Frame0092_ForcepToReference-SequenceTransformStatus = OK
Seq_Frame0092_Timestamp = 29.318
Seq_Frame0093_ForcepToReference-SequenceTransform =-0.325917 -0.865045 -0.381412 -19.8887 0.945158 -0.307242 -0.110811 166.942 -0.0213294 -0.39661 0.917739 60.6207 0 0 0 1 
Seq_Frame0093_ForcepToReference-SequenceTransformStatus = OK
Seq_Frame0093_Timestamp = 29.436
Seq_Frame0094_ForcepToReference-SequenceTransform =-0.324477 -0.879887 -0.347151 -19.922 0.945877 -0.299615 -0.124692 167.744 0.0057032 -0.368822 0.929483 59.6087 0 0 0 1 
Seq_Frame0094_ForcepToReference-SequenceTransformStatus = OK
Seq_Frame0094_Timestamp = 29.543
Seq_Frame0095_ForcepToReference-SequenceTransform =-0.328008 -0.860307 -0.390234 -19.266 0.944347 -0.309495 -0.111454 167.842 -0.0248909 -0.405074 0.913945 60.8141 0 0 0 1 
Seq_Frame0095_ForcepToReference-SequenceTransformStatus = OK
Seq_Frame0095_Timestamp = 29.665
Seq_Frame0096_ForcepToReference-SequenceTransform =-0.325557 -0.878943 -0.348529 -18.6483 0.945195 -0.312224 -0.0955097 166.943 -0.0248715 -0.360522 0.932419 58.8542 0 0 0 1 
Seq_Frame0096_ForcepToReference-SequenceTransformStatus = OK
Seq_Frame0096_Timestamp = 29.786
Seq_Frame0097_ForcepToReference-SequenceTransform =-0.323521 -0.866263 -0.380686 -18.1444 0.946096 -0.302691 -0.115245 166.415 -0.0153981 -0.39745 0.917495 60.3298 0 0 0 1 
Seq_Frame0097_ForcepToReference-SequenceTransformStatus = OK
Seq_Frame0097_Timestamp = 29.904
Seq_Frame0098_ForcepToReference-SequenceTransform =-0.593906 0.170777 0.7862 -20.4153 -0.179399 0.924496 -0.336338 165.596 -0.784278 -0.340797 -0.518426 54.9034 0 0 0 1 
Seq_Frame0098_ForcepToReference-SequenceTransformStatus = OK
Seq_Frame0098_Timestamp = 30.024
Seq_Frame0099_ForcepToReference-SequenceTransform =-0.296621 -0.818384 -0.492202 -7.97381 0.936143 -0.351074 0.0195724 155.012 -0.188817 -0.454966 0.870261 46.7839 0 0 0 1 
Seq_Frame0099_ForcepToReference-SequenceTransformStatus = OK
Seq_Frame0099_Timestamp = 30.416
Seq_Frame0100_ForcepToReference-SequenceTransform =-0.280021 -0.8476 -0.450736 -9.50246 0.92589 -0.362489 0.10644 147.747 -0.253605 -0.387526 0.886289 42.7364 0 0 0 1 
Seq_Frame0100_ForcepToReference-SequenceTransformStatus = OK
Seq_Frame0100_Timestamp = 30.539
Seq_Frame0101_ForcepToReference-SequenceTransform =-0.271665 -0.843448 -0.463458 -9.80605 0.926445 -0.359584 0.111353 147.256 -0.260572 -0.399117 0.879095 43.3125 0 0 0 1 
Seq_Frame0101_ForcepToReference-SequenceTransformStatus = OK
Seq_Frame0101_Timestamp = 30.657
Seq_Frame0102_ForcepToReference-SequenceTransform =-0.26748 -0.83189 -0.486224 -8.21471 0.927315 -0.359346 0.10468 147.926 -0.261805 -0.422883 0.867542 43.1109 0 0 0 1 
Seq_Frame0102_ForcepToReference-SequenceTransformStatus = OK
Seq_Frame0102_Timestamp = 30.765
Seq_Frame0103_ForcepToReference-SequenceTransform =-0.267087 -0.775595 -0.571942 -9.08428 0.92744 -0.368091 0.066059 148.732 -0.261762 -0.512798 0.81763 45.3762 0 0 0 1 
Seq_Frame0103_ForcepToReference-SequenceTransformStatus = OK
Seq_Frame0103_Timestamp = 30.886
Seq_Frame0104_ForcepToReference-SequenceTransform =-0.276461 -0.795259 -0.539567 -10.1619 0.924544 -0.373316 0.0765103 147.997 -0.262274 -0.477701 0.838459 45.7578 0 0 0 1 
Seq_Frame0104_ForcepToReference-SequenceTransformStatus = OK
Seq_Frame0104_Timestamp = 31.006
Seq_Frame0105_ForcepToReference-SequenceTransform =-0.267312 -0.750282 -0.604667 -9.44979 0.918347 -0.388416 0.0759692 145.888 -0.291861 -0.534986 0.792847 45.7734 0 0 0 1 
Seq_Frame0105_ForcepToReference-SequenceTransformStatus = OK
Seq_Frame0105_Timestamp = 31.125
Seq_Frame0106_ForcepToReference-SequenceTransform =-0.262589 -0.773042 -0.577454 -9.69659 0.916941 -0.386257 0.100121 145.184 -0.300443 -0.503201 0.810261 45.4077 0 0 0 1 
Seq_Frame0106_ForcepToReference-SequenceTransformStatus = OK
Seq_Frame0106_Timestamp = 31.246
Seq_Frame0107_ForcepToReference-SequenceTransform =-0.264747 -0.783573 -0.56207 -10.1841 0.913801 -0.390034 0.113321 144.478 -0.308022 -0.483619 0.81929 44.8482 0 0 0 1 
Seq_Frame0107_ForcepToReference-SequenceTransformStatus = OK
Seq_Frame0107_Timestamp = 31.371
Seq_Frame0108_ForcepToReference-SequenceTransform =-0.262754 -0.77826 -0.570326 -10.0828 0.914611 -0.389172 0.10969 144.447 -0.307322 -0.492805 0.814062 45.0452 0 0 0 1 
Seq_Frame0108_ForcepToReference-SequenceTransformStatus = OK
Seq_Frame0108_Timestamp = 31.48
Seq_Frame0109_ForcepToReference-SequenceTransform =-0.270446 -0.778235 -0.566753 -10.6572 0.912417 -0.39502 0.107028 144.122 -0.307171 -0.48817 0.816906 44.6362 0 0 0 1 
Seq_Frame0109_ForcepToReference-SequenceTransformStatus = OK
Seq_Frame0109_Timestamp = 31.603
Seq_Frame0110_ForcepToReference-SequenceTransform =-0.267086 -0.78262 -0.562291 -11.0225 0.912062 -0.39368 0.114715 143.88 -0.311141 -0.482205 0.818944 44.9603 0 0 0 1 
Seq_Frame0110_ForcepToReference-SequenceTransformStatus = OK
Seq_Frame0110_Timestamp = 31.723
Seq_Frame0111_ForcepToReference-SequenceTransform =-0.26722 -0.780999 -0.564476 -10.7828 0.913547 -0.391715 0.109501 144.579 -0.306634 -0.486415 0.818154 45.1493 0 0 0 1 
Seq_Frame0111_ForcepToReference-SequenceTransformStatus = OK
Seq_Frame0111_Timestamp = 31.842
Seq_Frame0112_ForcepToReference-SequenceTransform =-0.257422 -0.795196 -0.548997 -9.93515 0.917733 -0.379044 0.118706 145.725 -0.302488 -0.473275 0.827352 44.1134 0 0 0 1 
Seq_Frame0112_ForcepToReference-SequenceTransformStatus = OK
Seq_Frame0112_Timestamp = 31.948
Seq_Frame0113_ForcepToReference-SequenceTransform =-0.315143 -0.867941 -0.38388 -15.648 0.925647 -0.370369 0.0774917 153.101 -0.209436 -0.330917 0.920125 38.0426 0 0 0 1 
Seq_Frame0113_ForcepToReference-SequenceTransformStatus = OK
Seq_Frame0113_Timestamp = 32.053
Seq_Frame0114_ForcepToReference-SequenceTransform =-0.328834 -0.773138 -0.542333 -8.79659 0.902016 -0.427213 0.062104 149.274 -0.279707 -0.468771 0.837865 33.5074 0 0 0 1 
Seq_Frame0114_ForcepToReference-SequenceTransformStatus = OK
Seq_Frame0114_Timestamp = 32.162
Seq_Frame0115_ForcepToReference-SequenceTransform =-0.408899 -0.665511 -0.624417 -5.59645 0.894656 -0.427283 -0.130461 151.847 -0.17998 -0.611984 0.770119 47.0083 0 0 0 1 
Seq_Frame0115_ForcepToReference-SequenceTransformStatus = OK
Seq_Frame0115_Timestamp = 32.535
Seq_Frame0116_ForcepToReference-SequenceTransform =-0.383626 -0.85783 -0.341993 -8.89703 0.920524 -0.384855 -0.0672436 151.613 -0.0739344 -0.340609 0.937293 41.3448 0 0 0 1 
Seq_Frame0116_ForcepToReference-SequenceTransformStatus = OK
Seq_Frame0116_Timestamp = 32.641
Seq_Frame0117_ForcepToReference-SequenceTransform =-0.38516 -0.763074 -0.519009 -13.9824 0.916344 -0.382895 -0.117074 153.043 -0.10939 -0.520682 0.846714 49.9936 0 0 0 1 
Seq_Frame0117_ForcepToReference-SequenceTransformStatus = OK
Seq_Frame0117_Timestamp = 32.766
Seq_Frame0118_ForcepToReference-SequenceTransform =-0.439178 -0.780434 -0.445023 -16.3476 0.894661 -0.42507 -0.137468 159.474 -0.0818811 -0.458518 0.884905 52.1598 0 0 0 1 
Seq_Frame0118_ForcepToReference-SequenceTransformStatus = OK
Seq_Frame0118_Timestamp = 32.874
Seq_Frame0119_ForcepToReference-SequenceTransform =-0.453834 -0.777099 -0.436065 -19.2757 0.886993 -0.440811 -0.137582 158.252 -0.0853076 -0.449226 0.889336 50.5524 0 0 0 1 
Seq_Frame0119_ForcepToReference-SequenceTransformStatus = OK
Seq_Frame0119_Timestamp = 32.981
Seq_Frame0120_ForcepToReference-SequenceTransform =-0.435692 -0.774737 -0.458209 -18.289 0.890077 -0.446582 -0.0912598 155.992 -0.133925 -0.447602 0.884147 48.7889 0 0 0 1 
Seq_Frame0120_ForcepToReference-SequenceTransformStatus = OK
Seq_Frame0120_Timestamp = 33.087
Seq_Frame0121_ForcepToReference-SequenceTransform =-0.427744 -0.741821 -0.516465 -17.628 0.889055 -0.448407 -0.0922629 156.396 -0.163144 -0.49863 0.851324 51.9047 0 0 0 1 
Seq_Frame0121_ForcepToReference-SequenceTransformStatus = OK
Seq_Frame0121_Timestamp = 33.21
Seq_Frame0122_ForcepToReference-SequenceTransform =-0.42753 -0.779494 -0.457829 -19.2902 0.901648 -0.404208 -0.153778 156.961 -0.0651893 -0.478545 0.875639 53.5678 0 0 0 1 
Seq_Frame0122_ForcepToReference-SequenceTransformStatus = OK
Seq_Frame0122_Timestamp = 33.327
Seq_Frame0123_ForcepToReference-SequenceTransform =-0.408378 -0.743992 -0.52887 -19.2362 0.893901 -0.443282 -0.066654 155.856 -0.184849 -0.499977 0.846081 50.1276 0 0 0 1 
Seq_Frame0123_ForcepToReference-SequenceTransformStatus = OK
Seq_Frame0123_Timestamp = 33.448
Seq_Frame0124_ForcepToReference-SequenceTransform =-0.410824 -0.756849 -0.508333 -19.6647 0.89976 -0.426564 -0.0920624 155.974 -0.147159 -0.495199 0.856225 50.82 0 0 0 1 
Seq_Frame0124_ForcepToReference-SequenceTransformStatus = OK
Seq_Frame0124_Timestamp = 33.556
Seq_Frame0125_ForcepToReference-SequenceTransform =-0.430683 -0.779442 -0.454953 -21.2126 0.900326 -0.406057 -0.156626 156.749 -0.0626559 -0.477062 0.876634 53.8116 0 0 0 1 
Seq_Frame0125_ForcepToReference-SequenceTransformStatus = OK
Seq_Frame0125_Timestamp = 33.677
Seq_Frame0126_ForcepToReference-SequenceTransform =-0.430032 -0.732583 -0.52763 -20.6514 0.882408 -0.464613 -0.0740967 156.817 -0.190862 -0.497449 0.846236 52.5679 0 0 0 1 
Seq_Frame0126_ForcepToReference-SequenceTransformStatus = OK
Seq_Frame0126_Timestamp = 33.781
Seq_Frame0127_ForcepToReference-SequenceTransform =-0.42142 -0.7489 -0.511423 -20.1901 0.896482 -0.429126 -0.110325 157.128 -0.136842 -0.504975 0.852217 52.7475 0 0 0 1 
Seq_Frame0127_ForcepToReference-SequenceTransformStatus = OK
Seq_Frame0127_Timestamp = 33.903
Seq_Frame0128_ForcepToReference-SequenceTransform =-0.415151 -0.737966 -0.53203 -19.5346 0.88837 -0.45489 -0.0622421 155.94 -0.196082 -0.498479 0.844435 50.984 0 0 0 1 
Seq_Frame0128_ForcepToReference-SequenceTransformStatus = OK
Seq_Frame0128_Timestamp = 34.006
Seq_Frame0129_ForcepToReference-SequenceTransform =-0.412001 -0.811976 -0.413461 -20.051 0.909161 -0.396543 -0.127201 154.377 -0.0606714 -0.42831 0.901593 53.246 0 0 0 1 
Seq_Frame0129_ForcepToReference-SequenceTransformStatus = OK
Seq_Frame0129_Timestamp = 34.114
Seq_Frame0130_ForcepToReference-SequenceTransform =-0.38445 -0.812518 -0.438192 -18.2885 0.910816 -0.41118 -0.0366775 151.842 -0.150375 -0.413213 0.898133 51.0589 0 0 0 1 
Seq_Frame0130_ForcepToReference-SequenceTransformStatus = OK
Seq_Frame0130_Timestamp = 34.232
Seq_Frame0131_ForcepToReference-SequenceTransform =-0.35576 -0.853657 -0.3804 -15.5382 0.933225 -0.346378 -0.0954679 151.816 -0.0502653 -0.388963 0.919881 51.0424 0 0 0 1 
Seq_Frame0131_ForcepToReference-SequenceTransformStatus = OK
Seq_Frame0131_Timestamp = 34.339
Seq_Frame0132_ForcepToReference-SequenceTransform =-0.506258 0.148382 0.849521 -16.8118 -0.39003 0.839184 -0.379008 143.084 -0.769143 -0.523214 -0.36697 31.0126 0 0 0 1 
Seq_Frame0132_ForcepToReference-SequenceTransformStatus = OK
Seq_Frame0132_Timestamp = 34.581
Seq_Frame0133_ForcepToReference-SequenceTransform =-0.48604 0.111467 0.866799 -15.0659 -0.450203 0.818168 -0.357656 142.385 -0.749054 -0.564071 -0.347479 28.2377 0 0 0 1 
Seq_Frame0133_ForcepToReference-SequenceTransformStatus = OK
Seq_Frame0133_Timestamp = 34.687
Seq_Frame0134_ForcepToReference-SequenceTransform =-0.313334 0.211901 0.925699 -6.82548 -0.416779 0.845206 -0.334548 141.485 -0.853298 -0.490637 -0.176516 34.3393 0 0 0 1 
Seq_Frame0134_ForcepToReference-SequenceTransformStatus = OK
Seq_Frame0134_Timestamp = 35.5
Seq_Frame0135_ForcepToReference-SequenceTransform =-0.324818 0.240298 0.914741 -4.33989 -0.345775 0.870056 -0.351342 141.331 -0.880303 -0.430417 -0.199521 35.8455 0 0 0 1 
Seq_Frame0135_ForcepToReference-SequenceTransformStatus = OK
Seq_Frame0135_Timestamp = 35.605
Seq_Frame0136_ForcepToReference-SequenceTransform =-0.325771 0.233523 0.916155 -4.35012 -0.350912 0.869933 -0.346521 141.392 -0.877915 -0.434376 -0.201453 36.3273 0 0 0 1 
Seq_Frame0136_ForcepToReference-SequenceTransformStatus = OK
Seq_Frame0136_Timestamp = 35.713
Seq_Frame0137_ForcepToReference-SequenceTransform =-0.337478 0.197718 0.920335 -4.70968 -0.366069 0.87317 -0.321819 141.609 -0.867238 -0.445513 -0.222297 35.7985 0 0 0 1 
Seq_Frame0137_ForcepToReference-SequenceTransformStatus = OK
Seq_Frame0137_Timestamp = 35.836
Seq_Frame0138_ForcepToReference-SequenceTransform =-0.340783 0.185473 0.921665 -3.199 -0.326135 0.896147 -0.300926 142.093 -0.881761 -0.403138 -0.244902 37.2527 0 0 0 1 
Seq_Frame0138_ForcepToReference-SequenceTransformStatus = OK
Seq_Frame0138_Timestamp = 35.954
Seq_Frame0139_ForcepToReference-SequenceTransform =-0.395526 -0.715421 -0.575962 4.61371 0.895637 -0.43935 -0.0693241 142.687 -0.203453 -0.543272 0.814532 32.7447 0 0 0 1 
Seq_Frame0139_ForcepToReference-SequenceTransformStatus = OK
Seq_Frame0139_Timestamp = 36.793
Seq_Frame0140_ForcepToReference-SequenceTransform =-0.411647 -0.693846 -0.590868 4.78836 0.894009 -0.433296 -0.114028 143.208 -0.176903 -0.575181 0.798669 32.4196 0 0 0 1 
Seq_Frame0140_ForcepToReference-SequenceTransformStatus = OK
Seq_Frame0140_Timestamp = 36.898
Seq_Frame0141_ForcepToReference-SequenceTransform =-0.407865 -0.673812 -0.616136 7.30922 0.888537 -0.448212 -0.0980187 143.202 -0.210113 -0.587438 0.781517 31.546 0 0 0 1 
Seq_Frame0141_ForcepToReference-SequenceTransformStatus = OK
Seq_Frame0141_Timestamp = 37.02
Seq_Frame0142_ForcepToReference-SequenceTransform =-0.418354 -0.680925 -0.6011 9.2096 0.898072 -0.409067 -0.161651 148.754 -0.135818 -0.607458 0.782654 33.6599 0 0 0 1 
Seq_Frame0142_ForcepToReference-SequenceTransformStatus = OK
Seq_Frame0142_Timestamp = 37.125
Seq_Frame0143_ForcepToReference-SequenceTransform =-0.372925 -0.633926 -0.677543 12.0732 0.896198 -0.435226 -0.0860656 148.98 -0.240325 -0.639309 0.73043 32.1758 0 0 0 1 
Seq_Frame0143_ForcepToReference-SequenceTransformStatus = OK
Seq_Frame0143_Timestamp = 37.246
Seq_Frame0144_ForcepToReference-SequenceTransform =-0.342601 -0.634088 -0.693222 15.5899 0.891396 -0.452438 -0.0266982 145.51 -0.296711 -0.627082 0.720229 30.1331 0 0 0 1 
Seq_Frame0144_ForcepToReference-SequenceTransformStatus = OK
Seq_Frame0144_Timestamp = 37.367
Seq_Frame0145_ForcepToReference-SequenceTransform =-0.312046 -0.704463 -0.637463 14.7303 0.90015 -0.433848 0.0388132 139.058 -0.303905 -0.5617 0.769503 28.1917 0 0 0 1 
Seq_Frame0145_ForcepToReference-SequenceTransformStatus = OK
Seq_Frame0145_Timestamp = 37.578
Seq_Frame0146_ForcepToReference-SequenceTransform =-0.408172 -0.683743 -0.60489 3.80504 0.87221 -0.48771 -0.0372683 139.096 -0.269529 -0.542803 0.795437 31.6843 0 0 0 1 
Seq_Frame0146_ForcepToReference-SequenceTransformStatus = OK
Seq_Frame0146_Timestamp = 37.715
Seq_Frame0147_ForcepToReference-SequenceTransform =-0.421543 -0.685557 -0.59356 4.26552 0.880555 -0.465828 -0.0873386 140.775 -0.216621 -0.559479 0.800037 32.0262 0 0 0 1 
Seq_Frame0147_ForcepToReference-SequenceTransformStatus = OK
Seq_Frame0147_Timestamp = 37.839
Seq_Frame0148_ForcepToReference-SequenceTransform =-0.348261 -0.626957 -0.696878 12.4586 0.870875 -0.491456 0.00693086 139.553 -0.34683 -0.60448 0.717156 28.0799 0 0 0 1 
Seq_Frame0148_ForcepToReference-SequenceTransformStatus = OK
Seq_Frame0148_Timestamp = 38.092
Seq_Frame0149_ForcepToReference-SequenceTransform =-0.341783 -0.666005 -0.663039 17.9959 0.891354 -0.453289 -0.00415876 138.237 -0.297778 -0.592424 0.748573 26.6211 0 0 0 1 
Seq_Frame0149_ForcepToReference-SequenceTransformStatus = OK
Seq_Frame0149_Timestamp = 38.394
