ObjectType = Image
NDims = 3
AnatomicalOrientation = RAI
BinaryData = True
CompressedData = False
DimSize = 0 0 6209
ElementSpacing = 1 1 1
Offset = 0 0 0
TransformMatrix = 1 0 0 0 1 0 0 0 1
ElementType = MET_UCHAR
Kinds = domain domain list
Seq_Frame0000_DriverToReference-SequenceTransform =0.67607 -0.369915 -0.637254 15.0022 -0.644494 0.122327 -0.75476 183.393 0.35715 0.920977 -0.155706 141.5 0 0 0 1 
Seq_Frame0000_DriverToReference-SequenceTransformStatus = OK
Seq_Frame0000_Timestamp = 0.00500011
Seq_Frame0001_DriverToReference-SequenceTransform =0.67607 -0.369915 -0.637254 15.0022 -0.644494 0.122327 -0.75476 183.393 0.35715 0.920977 -0.155706 141.5 0 0 0 1 
Seq_Frame0001_DriverToReference-SequenceTransformStatus = OK
Seq_Frame0001_Timestamp = 0.11
Seq_Frame0002_DriverToReference-SequenceTransform =0.67607 -0.369915 -0.637254 15.0022 -0.644494 0.122327 -0.75476 183.393 0.35715 0.920977 -0.155706 141.5 0 0 0 1 
Seq_Frame0002_DriverToReference-SequenceTransformStatus = OK
Seq_Frame0002_Timestamp = 0.214
Seq_Frame0003_DriverToReference-SequenceTransform =0.67607 -0.369915 -0.637254 15.0022 -0.644494 0.122327 -0.75476 183.393 0.35715 0.920977 -0.155706 141.5 0 0 0 1 
Seq_Frame0003_DriverToReference-SequenceTransformStatus = OK
Seq_Frame0003_Timestamp = 0.315
Seq_Frame0004_DriverToReference-SequenceTransform =0.67607 -0.369915 -0.637254 15.0022 -0.644494 0.122327 -0.75476 183.393 0.35715 0.920977 -0.155706 141.5 0 0 0 1 
Seq_Frame0004_DriverToReference-SequenceTransformStatus = OK
Seq_Frame0004_Timestamp = 0.419
Seq_Frame0005_DriverToReference-SequenceTransform =0.67607 -0.369915 -0.637254 15.0022 -0.644494 0.122327 -0.75476 183.393 0.35715 0.920977 -0.155706 141.5 0 0 0 1 
Seq_Frame0005_DriverToReference-SequenceTransformStatus = OK
Seq_Frame0005_Timestamp = 0.519
Seq_Frame0006_DriverToReference-SequenceTransform =0.502718 -0.304586 0.809013 47.6883 -0.180949 0.87806 0.443022 234.572 -0.8453 -0.369105 0.386302 136.438 0 0 0 1 
Seq_Frame0006_DriverToReference-SequenceTransformStatus = OK
Seq_Frame0006_Timestamp = 0.624
Seq_Frame0007_DriverToReference-SequenceTransform =0.516367 0.390631 0.762084 67.9187 -0.507554 0.856361 -0.0950503 258.819 -0.689749 -0.337719 0.640463 139.17 0 0 0 1 
Seq_Frame0007_DriverToReference-SequenceTransformStatus = OK
Seq_Frame0007_Timestamp = 0.728
Seq_Frame0008_DriverToReference-SequenceTransform =0.471108 0.48276 0.738241 66.2773 -0.599089 0.789405 -0.133911 251.386 -0.647418 -0.379186 0.661111 144.988 0 0 0 1 
Seq_Frame0008_DriverToReference-SequenceTransformStatus = OK
Seq_Frame0008_Timestamp = 0.828
Seq_Frame0009_DriverToReference-SequenceTransform =0.390877 0.490868 0.778629 61.5015 -0.621291 0.764852 -0.170289 244.535 -0.679126 -0.417193 0.603935 152.593 0 0 0 1 
Seq_Frame0009_DriverToReference-SequenceTransformStatus = OK
Seq_Frame0009_Timestamp = 0.935
Seq_Frame0010_DriverToReference-SequenceTransform =0.281836 0.492441 0.823451 59.8412 -0.676433 0.710642 -0.193462 232.036 -0.680447 -0.502485 0.533387 162.773 0 0 0 1 
Seq_Frame0010_DriverToReference-SequenceTransformStatus = OK
Seq_Frame0010_Timestamp = 1.048
Seq_Frame0011_DriverToReference-SequenceTransform =0.274942 0.421887 0.863955 56.4012 -0.671249 0.727567 -0.14167 229.892 -0.688354 -0.540979 0.48323 170.008 0 0 0 1 
Seq_Frame0011_DriverToReference-SequenceTransformStatus = OK
Seq_Frame0011_Timestamp = 1.154
Seq_Frame0012_DriverToReference-SequenceTransform =0.241621 0.420996 0.874289 51.3103 -0.664605 0.728289 -0.16702 231.486 -0.70705 -0.540701 0.455766 178.058 0 0 0 1 
Seq_Frame0012_DriverToReference-SequenceTransformStatus = OK
Seq_Frame0012_Timestamp = 1.263
Seq_Frame0013_DriverToReference-SequenceTransform =0.221444 0.367999 0.903072 45.762 -0.642217 0.751916 -0.148925 235.607 -0.733839 -0.54699 0.402843 181.608 0 0 0 1 
Seq_Frame0013_DriverToReference-SequenceTransformStatus = OK
Seq_Frame0013_Timestamp = 1.369
Seq_Frame0014_DriverToReference-SequenceTransform =0.216425 0.350935 0.911046 45.8883 -0.643865 0.752772 -0.137014 237.189 -0.733893 -0.556937 0.388873 182.142 0 0 0 1 
Seq_Frame0014_DriverToReference-SequenceTransformStatus = OK
Seq_Frame0014_Timestamp = 1.473
Seq_Frame0015_DriverToReference-SequenceTransform =0.216425 0.350935 0.911046 45.8883 -0.643865 0.752772 -0.137014 237.189 -0.733893 -0.556937 0.388873 182.142 0 0 0 1 
Seq_Frame0015_DriverToReference-SequenceTransformStatus = OK
Seq_Frame0015_Timestamp = 1.576
Seq_Frame0016_DriverToReference-SequenceTransform =0.216425 0.350935 0.911046 45.8883 -0.643865 0.752772 -0.137014 237.189 -0.733893 -0.556937 0.388873 182.142 0 0 0 1 
Seq_Frame0016_DriverToReference-SequenceTransformStatus = OK
Seq_Frame0016_Timestamp = 1.685
Seq_Frame0017_DriverToReference-SequenceTransform =0.216425 0.350935 0.911046 45.8883 -0.643865 0.752772 -0.137014 237.189 -0.733893 -0.556937 0.388873 182.142 0 0 0 1 
Seq_Frame0017_DriverToReference-SequenceTransformStatus = OK
Seq_Frame0017_Timestamp = 1.794
Seq_Frame0018_DriverToReference-SequenceTransform =0.216425 0.350935 0.911046 45.8883 -0.643865 0.752772 -0.137014 237.189 -0.733893 -0.556937 0.388873 182.142 0 0 0 1 
Seq_Frame0018_DriverToReference-SequenceTransformStatus = OK
Seq_Frame0018_Timestamp = 1.894
Seq_Frame0019_DriverToReference-SequenceTransform =0.216425 0.350935 0.911046 45.8883 -0.643865 0.752772 -0.137014 237.189 -0.733893 -0.556937 0.388873 182.142 0 0 0 1 
Seq_Frame0019_DriverToReference-SequenceTransformStatus = OK
Seq_Frame0019_Timestamp = 2.004
Seq_Frame0020_DriverToReference-SequenceTransform =0.216425 0.350935 0.911046 45.8883 -0.643865 0.752772 -0.137014 237.189 -0.733893 -0.556937 0.388873 182.142 0 0 0 1 
Seq_Frame0020_DriverToReference-SequenceTransformStatus = OK
Seq_Frame0020_Timestamp = 2.11
Seq_Frame0021_DriverToReference-SequenceTransform =-0.719043 -0.111161 -0.686018 24.0916 -0.554106 0.687494 0.46938 260.686 0.419457 0.717631 -0.555933 187.192 0 0 0 1 
Seq_Frame0021_DriverToReference-SequenceTransformStatus = OK
Seq_Frame0021_Timestamp = 2.211
Seq_Frame0022_DriverToReference-SequenceTransform =-0.783273 -0.237646 -0.574463 23.3065 -0.586107 0.590374 0.554921 272.668 0.207273 0.771351 -0.60171 189.204 0 0 0 1 
Seq_Frame0022_DriverToReference-SequenceTransformStatus = OK
Seq_Frame0022_Timestamp = 2.313
Seq_Frame0023_DriverToReference-SequenceTransform =-0.837941 -0.359192 -0.410896 29.5374 -0.54574 0.557993 0.625149 280.505 0.00472857 0.748081 -0.663591 192.081 0 0 0 1 
Seq_Frame0023_DriverToReference-SequenceTransformStatus = OK
Seq_Frame0023_Timestamp = 2.418
Seq_Frame0024_DriverToReference-SequenceTransform =-0.85457 -0.337572 -0.394657 32.1451 -0.519313 0.548322 0.655482 279.144 -0.00487306 0.765106 -0.643886 194.843 0 0 0 1 
Seq_Frame0024_DriverToReference-SequenceTransformStatus = OK
Seq_Frame0024_Timestamp = 2.518
Seq_Frame0025_DriverToReference-SequenceTransform =-0.928693 -0.196215 -0.314689 35.4552 -0.366375 0.616855 0.696606 274.655 0.0574327 0.762227 -0.644757 189.254 0 0 0 1 
Seq_Frame0025_DriverToReference-SequenceTransformStatus = OK
Seq_Frame0025_Timestamp = 2.623
Seq_Frame0026_DriverToReference-SequenceTransform =-0.96659 -0.16198 -0.198662 43.5013 -0.255942 0.65243 0.713322 268.502 0.0140695 0.740336 -0.67209 184.782 0 0 0 1 
Seq_Frame0026_DriverToReference-SequenceTransformStatus = OK
Seq_Frame0026_Timestamp = 2.729
Seq_Frame0027_DriverToReference-SequenceTransform =-0.974916 -0.189667 -0.116468 50.4176 -0.214202 0.657394 0.722462 267.426 -0.0604617 0.729287 -0.681531 181.661 0 0 0 1 
Seq_Frame0027_DriverToReference-SequenceTransformStatus = OK
Seq_Frame0027_Timestamp = 2.838
Seq_Frame0028_DriverToReference-SequenceTransform =-0.970762 -0.239612 0.0143985 57.2634 -0.155985 0.675276 0.720882 270.966 -0.182455 0.697559 -0.692908 178.222 0 0 0 1 
Seq_Frame0028_DriverToReference-SequenceTransformStatus = OK
Seq_Frame0028_Timestamp = 2.943
Seq_Frame0029_DriverToReference-SequenceTransform =-0.951888 -0.273371 0.138483 60.8079 -0.100278 0.704887 0.702195 278.011 -0.289575 0.654524 -0.698387 178.443 0 0 0 1 
Seq_Frame0029_DriverToReference-SequenceTransformStatus = OK
Seq_Frame0029_Timestamp = 3.054
Seq_Frame0030_DriverToReference-SequenceTransform =-0.937287 -0.285595 0.199822 53.8802 -0.0574756 0.692069 0.719539 280.012 -0.343787 0.66293 -0.665082 180.74 0 0 0 1 
Seq_Frame0030_DriverToReference-SequenceTransformStatus = OK
Seq_Frame0030_Timestamp = 3.154
Seq_Frame0031_DriverToReference-SequenceTransform =-0.947117 -0.306226 0.0958916 46.3718 -0.121847 0.619654 0.77536 286.572 -0.296855 0.722672 -0.624197 179.195 0 0 0 1 
Seq_Frame0031_DriverToReference-SequenceTransformStatus = OK
Seq_Frame0031_Timestamp = 3.259
Seq_Frame0032_DriverToReference-SequenceTransform =-0.950267 -0.296878 -0.0941044 56.1058 -0.254742 0.56712 0.783251 296.649 -0.179161 0.76827 -0.614542 182.778 0 0 0 1 
Seq_Frame0032_DriverToReference-SequenceTransformStatus = OK
Seq_Frame0032_Timestamp = 3.365
Seq_Frame0033_DriverToReference-SequenceTransform =-0.943727 -0.160177 -0.289348 60.3125 -0.325648 0.602756 0.728449 290.352 0.0577256 0.781683 -0.620999 190.531 0 0 0 1 
Seq_Frame0033_DriverToReference-SequenceTransformStatus = OK
Seq_Frame0033_Timestamp = 3.468
Seq_Frame0034_DriverToReference-SequenceTransform =-0.938556 -0.0918449 -0.332682 51.9931 -0.320796 0.587684 0.742777 283.456 0.127292 0.803861 -0.581038 194.855 0 0 0 1 
Seq_Frame0034_DriverToReference-SequenceTransformStatus = OK
Seq_Frame0034_Timestamp = 3.569
Seq_Frame0035_DriverToReference-SequenceTransform =-0.968552 -0.0736139 -0.237672 50.2378 -0.234988 0.584596 0.776549 279.262 0.0817772 0.807978 -0.58351 195.16 0 0 0 1 
Seq_Frame0035_DriverToReference-SequenceTransformStatus = OK
Seq_Frame0035_Timestamp = 3.674
Seq_Frame0036_DriverToReference-SequenceTransform =-0.986985 -0.050746 -0.152593 54.6936 -0.150758 0.622216 0.768192 275.447 0.0559632 0.781199 -0.621769 197.416 0 0 0 1 
Seq_Frame0036_DriverToReference-SequenceTransformStatus = OK
Seq_Frame0036_Timestamp = 3.779
Seq_Frame0037_DriverToReference-SequenceTransform =-0.992042 0.00675095 -0.125728 58.5182 -0.0924488 0.638848 0.763758 271.003 0.0854772 0.769304 -0.633139 200.866 0 0 0 1 
Seq_Frame0037_DriverToReference-SequenceTransformStatus = OK
Seq_Frame0037_Timestamp = 3.884
Seq_Frame0038_DriverToReference-SequenceTransform =-0.995736 0.0444684 -0.0808228 62.1624 -0.0352576 0.626169 0.778889 270.917 0.0852447 0.778418 -0.621932 200.165 0 0 0 1 
Seq_Frame0038_DriverToReference-SequenceTransformStatus = OK
Seq_Frame0038_Timestamp = 3.985
Seq_Frame0039_DriverToReference-SequenceTransform =-0.997256 0.0727965 -0.0134258 65.228 0.0337481 0.608539 0.792806 270.277 0.0658836 0.790178 -0.609327 199.847 0 0 0 1 
Seq_Frame0039_DriverToReference-SequenceTransformStatus = OK
Seq_Frame0039_Timestamp = 4.089
Seq_Frame0040_DriverToReference-SequenceTransform =-0.995124 0.0952861 0.0254909 68.0505 0.0779655 0.601552 0.79502 270.378 0.0604202 0.79313 -0.606048 200.051 0 0 0 1 
Seq_Frame0040_DriverToReference-SequenceTransformStatus = OK
Seq_Frame0040_Timestamp = 4.194
Seq_Frame0041_DriverToReference-SequenceTransform =-0.993038 0.113831 0.0303087 66.892 0.0920288 0.589084 0.802814 270.362 0.0735305 0.800014 -0.595459 200.465 0 0 0 1 
Seq_Frame0041_DriverToReference-SequenceTransformStatus = OK
Seq_Frame0041_Timestamp = 4.295
Seq_Frame0042_DriverToReference-SequenceTransform =-0.992969 0.111641 0.039362 67.9582 0.0990425 0.601398 0.792787 269.123 0.064835 0.791111 -0.608227 199.798 0 0 0 1 
Seq_Frame0042_DriverToReference-SequenceTransformStatus = OK
Seq_Frame0042_Timestamp = 4.404
Seq_Frame0043_DriverToReference-SequenceTransform =-0.991996 0.11959 0.0405287 68.9355 0.104331 0.595462 0.79658 268.639 0.0711299 0.794432 -0.603173 200.541 0 0 0 1 
Seq_Frame0043_DriverToReference-SequenceTransformStatus = OK
Seq_Frame0043_Timestamp = 4.514
Seq_Frame0044_DriverToReference-SequenceTransform =-0.992605 0.110715 0.049769 70.4292 0.106089 0.591993 0.79893 268.565 0.0589909 0.798302 -0.599361 200.218 0 0 0 1 
Seq_Frame0044_DriverToReference-SequenceTransformStatus = OK
Seq_Frame0044_Timestamp = 4.618
Seq_Frame0045_DriverToReference-SequenceTransform =-0.991509 0.123788 0.0398369 69.0289 0.106967 0.602162 0.791176 268.141 0.0739498 0.788719 -0.61029 200.379 0 0 0 1 
Seq_Frame0045_DriverToReference-SequenceTransformStatus = OK
Seq_Frame0045_Timestamp = 4.719
Seq_Frame0046_DriverToReference-SequenceTransform =-0.991317 0.124036 0.043664 68.2657 0.109693 0.596898 0.794783 268.909 0.0725186 0.792671 -0.605321 200.885 0 0 0 1 
Seq_Frame0046_DriverToReference-SequenceTransformStatus = OK
Seq_Frame0046_Timestamp = 4.826
Seq_Frame0047_DriverToReference-SequenceTransform =-0.992025 0.115596 0.0502337 69.7745 0.111308 0.616515 0.779435 268.062 0.0591299 0.778811 -0.624466 200.23 0 0 0 1 
Seq_Frame0047_DriverToReference-SequenceTransformStatus = OK
Seq_Frame0047_Timestamp = 4.938
Seq_Frame0048_DriverToReference-SequenceTransform =-0.993155 0.103721 0.0537074 70.1793 0.105989 0.607078 0.787543 267.717 0.0490801 0.787844 -0.613916 200.962 0 0 0 1 
Seq_Frame0048_DriverToReference-SequenceTransformStatus = OK
Seq_Frame0048_Timestamp = 5.043
Seq_Frame0049_DriverToReference-SequenceTransform =-0.993511 0.102842 0.0485764 70.6163 0.101615 0.610729 0.785292 266.726 0.0510942 0.785133 -0.617216 201.025 0 0 0 1 
Seq_Frame0049_DriverToReference-SequenceTransformStatus = OK
Seq_Frame0049_Timestamp = 5.143
Seq_Frame0050_DriverToReference-SequenceTransform =-0.992817 0.108714 0.0499483 69.9017 0.106831 0.617627 0.779182 266.696 0.0538584 0.778921 -0.624805 200.085 0 0 0 1 
Seq_Frame0050_DriverToReference-SequenceTransformStatus = OK
Seq_Frame0050_Timestamp = 5.244
Seq_Frame0051_DriverToReference-SequenceTransform =-0.994302 0.0988386 0.0399317 69.5296 0.0927384 0.617309 0.781236 266.675 0.0525661 0.780488 -0.622957 200.252 0 0 0 1 
Seq_Frame0051_DriverToReference-SequenceTransformStatus = OK
Seq_Frame0051_Timestamp = 5.344
Seq_Frame0052_DriverToReference-SequenceTransform =-0.996451 0.0836561 0.00930318 67.0944 0.0589235 0.614353 0.786828 266.769 0.0601075 0.784584 -0.617103 200.342 0 0 0 1 
Seq_Frame0052_DriverToReference-SequenceTransformStatus = OK
Seq_Frame0052_Timestamp = 5.45
Seq_Frame0053_DriverToReference-SequenceTransform =-0.997258 0.0723679 -0.0154448 65.6268 0.0333286 0.625624 0.779413 266.264 0.0660671 0.776761 -0.626321 201.069 0 0 0 1 
Seq_Frame0053_DriverToReference-SequenceTransformStatus = OK
Seq_Frame0053_Timestamp = 5.554
Seq_Frame0054_DriverToReference-SequenceTransform =-0.998365 0.0488789 -0.0296486 62.1035 0.0070382 0.619767 0.784754 267.671 0.0567332 0.783262 -0.619097 200.733 0 0 0 1 
Seq_Frame0054_DriverToReference-SequenceTransformStatus = OK
Seq_Frame0054_Timestamp = 5.659
Seq_Frame0055_DriverToReference-SequenceTransform =-0.999085 0.0251771 -0.0345652 60.6055 -0.0114252 0.621759 0.783125 268.375 0.041208 0.782804 -0.620903 201.109 0 0 0 1 
Seq_Frame0055_DriverToReference-SequenceTransformStatus = OK
Seq_Frame0055_Timestamp = 5.76
Seq_Frame0056_DriverToReference-SequenceTransform =-0.999076 0.00893639 -0.0420309 59.0415 -0.0276183 0.615802 0.787417 269.117 0.0329194 0.78785 -0.614986 201.057 0 0 0 1 
Seq_Frame0056_DriverToReference-SequenceTransformStatus = OK
Seq_Frame0056_Timestamp = 5.86
Seq_Frame0057_DriverToReference-SequenceTransform =-0.998282 0.00799659 -0.0580444 57.2707 -0.0408337 0.6155 0.787078 269.575 0.0420203 0.788096 -0.614116 201.094 0 0 0 1 
Seq_Frame0057_DriverToReference-SequenceTransformStatus = OK
Seq_Frame0057_Timestamp = 5.963
Seq_Frame0058_DriverToReference-SequenceTransform =-0.997323 -0.0045812 -0.0729846 55.1105 -0.0609089 0.604366 0.794375 269.729 0.0404702 0.796693 -0.603027 201.25 0 0 0 1 
Seq_Frame0058_DriverToReference-SequenceTransformStatus = OK
Seq_Frame0058_Timestamp = 6.069
Seq_Frame0059_DriverToReference-SequenceTransform =-0.994215 -0.0275515 -0.103819 52.91 -0.0994387 0.601538 0.792631 269.338 0.0406128 0.798369 -0.600798 201.169 0 0 0 1 
Seq_Frame0059_DriverToReference-SequenceTransformStatus = OK
Seq_Frame0059_Timestamp = 6.179
Seq_Frame0060_DriverToReference-SequenceTransform =-0.982659 -0.0245296 -0.183793 52.1902 -0.158941 0.621914 0.766786 267.823 0.0954944 0.782701 -0.615028 201.08 0 0 0 1 
Seq_Frame0060_DriverToReference-SequenceTransformStatus = OK
Seq_Frame0060_Timestamp = 6.284
Seq_Frame0061_DriverToReference-SequenceTransform =-0.965734 -0.0314099 -0.257626 47.9517 -0.217429 0.639927 0.737033 266.057 0.141712 0.767793 -0.624829 198.325 0 0 0 1 
Seq_Frame0061_DriverToReference-SequenceTransformStatus = OK
Seq_Frame0061_Timestamp = 6.39
Seq_Frame0062_DriverToReference-SequenceTransform =-0.941716 -0.0323439 -0.334849 41.4647 -0.269473 0.668378 0.693294 262.143 0.201382 0.743119 -0.638138 194.763 0 0 0 1 
Seq_Frame0062_DriverToReference-SequenceTransformStatus = OK
Seq_Frame0062_Timestamp = 6.493
Seq_Frame0063_DriverToReference-SequenceTransform =-0.901833 -0.0414119 -0.430096 40.6314 -0.320302 0.732164 0.601118 258.123 0.290007 0.679869 -0.673554 192.177 0 0 0 1 
Seq_Frame0063_DriverToReference-SequenceTransformStatus = OK
Seq_Frame0063_Timestamp = 6.594
Seq_Frame0064_DriverToReference-SequenceTransform =-0.816952 -0.0890019 -0.569797 38.1688 -0.390062 0.81302 0.432262 253.18 0.424784 0.575393 -0.698914 189.287 0 0 0 1 
Seq_Frame0064_DriverToReference-SequenceTransformStatus = OK
Seq_Frame0064_Timestamp = 6.698
Seq_Frame0065_DriverToReference-SequenceTransform =-0.680185 -0.156888 -0.716055 37.1252 -0.42467 0.880544 0.210469 247.325 0.597498 0.447245 -0.665559 188.275 0 0 0 1 
Seq_Frame0065_DriverToReference-SequenceTransformStatus = OK
Seq_Frame0065_Timestamp = 6.804
Seq_Frame0066_DriverToReference-SequenceTransform =-0.51263 -0.198196 -0.835421 32.5321 -0.468731 0.879811 0.0788953 242.928 0.719376 0.432032 -0.543918 190.448 0 0 0 1 
Seq_Frame0066_DriverToReference-SequenceTransformStatus = OK
Seq_Frame0066_Timestamp = 6.909
Seq_Frame0067_DriverToReference-SequenceTransform =-0.272272 -0.249589 -0.929286 23.2528 -0.484931 0.86975 -0.0915187 242.206 0.831089 0.425722 -0.357842 194.879 0 0 0 1 
Seq_Frame0067_DriverToReference-SequenceTransformStatus = OK
Seq_Frame0067_Timestamp = 7.014
Seq_Frame0068_DriverToReference-SequenceTransform =-0.14529 -0.199851 -0.968994 20.069 -0.524083 0.846244 -0.0959538 242.66 0.839183 0.493893 -0.22769 195.75 0 0 0 1 
Seq_Frame0068_DriverToReference-SequenceTransformStatus = OK
Seq_Frame0068_Timestamp = 7.118
Seq_Frame0069_DriverToReference-SequenceTransform =-0.14529 -0.199851 -0.968994 20.069 -0.524083 0.846244 -0.0959538 242.66 0.839183 0.493893 -0.22769 195.75 0 0 0 1 
Seq_Frame0069_DriverToReference-SequenceTransformStatus = OK
Seq_Frame0069_Timestamp = 7.226
Seq_Frame0070_DriverToReference-SequenceTransform =0.0819208 -0.183764 -0.979551 30.1112 -0.486573 0.850386 -0.200226 243.682 0.86979 0.493026 -0.0197505 201.079 0 0 0 1 
Seq_Frame0070_DriverToReference-SequenceTransformStatus = OK
Seq_Frame0070_Timestamp = 7.333
Seq_Frame0071_DriverToReference-SequenceTransform =0.0819208 -0.183764 -0.979551 30.1112 -0.486573 0.850386 -0.200226 243.682 0.86979 0.493026 -0.0197505 201.079 0 0 0 1 
Seq_Frame0071_DriverToReference-SequenceTransformStatus = OK
Seq_Frame0071_Timestamp = 7.438
Seq_Frame0072_DriverToReference-SequenceTransform =0.0819208 -0.183764 -0.979551 30.1112 -0.486573 0.850386 -0.200226 243.682 0.86979 0.493026 -0.0197505 201.079 0 0 0 1 
Seq_Frame0072_DriverToReference-SequenceTransformStatus = OK
Seq_Frame0072_Timestamp = 7.543
Seq_Frame0073_DriverToReference-SequenceTransform =0.0819208 -0.183764 -0.979551 30.1112 -0.486573 0.850386 -0.200226 243.682 0.86979 0.493026 -0.0197505 201.079 0 0 0 1 
Seq_Frame0073_DriverToReference-SequenceTransformStatus = OK
Seq_Frame0073_Timestamp = 7.643
Seq_Frame0074_DriverToReference-SequenceTransform =0.0819208 -0.183764 -0.979551 30.1112 -0.486573 0.850386 -0.200226 243.682 0.86979 0.493026 -0.0197505 201.079 0 0 0 1 
Seq_Frame0074_DriverToReference-SequenceTransformStatus = OK
Seq_Frame0074_Timestamp = 7.744
Seq_Frame0075_DriverToReference-SequenceTransform =0.0819208 -0.183764 -0.979551 30.1112 -0.486573 0.850386 -0.200226 243.682 0.86979 0.493026 -0.0197505 201.079 0 0 0 1 
Seq_Frame0075_DriverToReference-SequenceTransformStatus = OK
Seq_Frame0075_Timestamp = 7.849
Seq_Frame0076_DriverToReference-SequenceTransform =0.0819208 -0.183764 -0.979551 30.1112 -0.486573 0.850386 -0.200226 243.682 0.86979 0.493026 -0.0197505 201.079 0 0 0 1 
Seq_Frame0076_DriverToReference-SequenceTransformStatus = OK
Seq_Frame0076_Timestamp = 7.951
Seq_Frame0077_DriverToReference-SequenceTransform =0.0819208 -0.183764 -0.979551 30.1112 -0.486573 0.850386 -0.200226 243.682 0.86979 0.493026 -0.0197505 201.079 0 0 0 1 
Seq_Frame0077_DriverToReference-SequenceTransformStatus = OK
Seq_Frame0077_Timestamp = 8.068
Seq_Frame0078_DriverToReference-SequenceTransform =0.0819208 -0.183764 -0.979551 30.1112 -0.486573 0.850386 -0.200226 243.682 0.86979 0.493026 -0.0197505 201.079 0 0 0 1 
Seq_Frame0078_DriverToReference-SequenceTransformStatus = OK
Seq_Frame0078_Timestamp = 8.169
Seq_Frame0079_DriverToReference-SequenceTransform =0.0819208 -0.183764 -0.979551 30.1112 -0.486573 0.850386 -0.200226 243.682 0.86979 0.493026 -0.0197505 201.079 0 0 0 1 
Seq_Frame0079_DriverToReference-SequenceTransformStatus = OK
Seq_Frame0079_Timestamp = 8.279
Seq_Frame0080_DriverToReference-SequenceTransform =-0.216576 -0.234848 -0.947598 17.9325 -0.385198 0.912443 -0.138097 247.83 0.89706 0.335104 -0.288076 229.949 0 0 0 1 
Seq_Frame0080_DriverToReference-SequenceTransformStatus = OK
Seq_Frame0080_Timestamp = 8.383
Seq_Frame0081_DriverToReference-SequenceTransform =-0.251489 -0.21645 -0.943347 20.361 -0.367322 0.923096 -0.113878 248.581 0.895448 0.317873 -0.311655 229.469 0 0 0 1 
Seq_Frame0081_DriverToReference-SequenceTransformStatus = OK
Seq_Frame0081_Timestamp = 8.485
Seq_Frame0082_DriverToReference-SequenceTransform =-0.251489 -0.21645 -0.943347 20.361 -0.367322 0.923096 -0.113878 248.581 0.895448 0.317873 -0.311655 229.469 0 0 0 1 
Seq_Frame0082_DriverToReference-SequenceTransformStatus = OK
Seq_Frame0082_Timestamp = 8.593
Seq_Frame0083_DriverToReference-SequenceTransform =-0.251489 -0.21645 -0.943347 20.361 -0.367322 0.923096 -0.113878 248.581 0.895448 0.317873 -0.311655 229.469 0 0 0 1 
Seq_Frame0083_DriverToReference-SequenceTransformStatus = OK
Seq_Frame0083_Timestamp = 8.695
Seq_Frame0084_DriverToReference-SequenceTransform =-0.251489 -0.21645 -0.943347 20.361 -0.367322 0.923096 -0.113878 248.581 0.895448 0.317873 -0.311655 229.469 0 0 0 1 
Seq_Frame0084_DriverToReference-SequenceTransformStatus = OK
Seq_Frame0084_Timestamp = 8.803
Seq_Frame0085_DriverToReference-SequenceTransform =-0.251489 -0.21645 -0.943347 20.361 -0.367322 0.923096 -0.113878 248.581 0.895448 0.317873 -0.311655 229.469 0 0 0 1 
Seq_Frame0085_DriverToReference-SequenceTransformStatus = OK
Seq_Frame0085_Timestamp = 8.909
Seq_Frame0086_DriverToReference-SequenceTransform =-0.251489 -0.21645 -0.943347 20.361 -0.367322 0.923096 -0.113878 248.581 0.895448 0.317873 -0.311655 229.469 0 0 0 1 
Seq_Frame0086_DriverToReference-SequenceTransformStatus = OK
Seq_Frame0086_Timestamp = 9.018
Seq_Frame0087_DriverToReference-SequenceTransform =-0.251489 -0.21645 -0.943347 20.361 -0.367322 0.923096 -0.113878 248.581 0.895448 0.317873 -0.311655 229.469 0 0 0 1 
Seq_Frame0087_DriverToReference-SequenceTransformStatus = OK
Seq_Frame0087_Timestamp = 9.119
Seq_Frame0088_DriverToReference-SequenceTransform =0.174143 0.608254 0.774404 52.2043 -0.86275 0.473346 -0.177779 255.674 -0.474696 -0.637158 0.607201 227.234 0 0 0 1 
Seq_Frame0088_DriverToReference-SequenceTransformStatus = OK
Seq_Frame0088_Timestamp = 9.219
Seq_Frame0089_DriverToReference-SequenceTransform =0.170163 0.731557 0.660204 62.9309 -0.855179 0.442508 -0.269916 260.656 -0.489604 -0.518663 0.700911 223.78 0 0 0 1 
Seq_Frame0089_DriverToReference-SequenceTransformStatus = OK
Seq_Frame0089_Timestamp = 9.32
Seq_Frame0090_DriverToReference-SequenceTransform =0.135503 0.713774 0.687143 63.0579 -0.857241 0.432196 -0.2799 260.809 -0.496765 -0.55112 0.670441 224.262 0 0 0 1 
Seq_Frame0090_DriverToReference-SequenceTransformStatus = OK
Seq_Frame0090_Timestamp = 9.423
Seq_Frame0091_DriverToReference-SequenceTransform =0.119831 0.7787 0.615846 64.3172 -0.838288 0.411701 -0.357457 264.159 -0.531896 -0.473422 0.702109 224.241 0 0 0 1 
Seq_Frame0091_DriverToReference-SequenceTransformStatus = OK
Seq_Frame0091_Timestamp = 9.53
Seq_Frame0092_DriverToReference-SequenceTransform =-0.871398 -0.095658 -0.48116 65.3528 -0.329005 0.841489 0.428547 269.505 0.363897 0.531739 -0.764744 226.762 0 0 0 1 
Seq_Frame0092_DriverToReference-SequenceTransformStatus = OK
Seq_Frame0092_Timestamp = 9.64
Seq_Frame0093_DriverToReference-SequenceTransform =-0.928782 -0.231242 -0.28964 61.1446 -0.352371 0.793188 0.496677 274.195 0.114886 0.563366 -0.818181 227.159 0 0 0 1 
Seq_Frame0093_DriverToReference-SequenceTransformStatus = OK
Seq_Frame0093_Timestamp = 9.743
Seq_Frame0094_DriverToReference-SequenceTransform =-0.910242 -0.384015 -0.154891 50.7877 -0.393916 0.687766 0.60976 282.79 -0.127628 0.616044 -0.777304 227.726 0 0 0 1 
Seq_Frame0094_DriverToReference-SequenceTransformStatus = OK
Seq_Frame0094_Timestamp = 9.854
Seq_Frame0095_DriverToReference-SequenceTransform =-0.84503 -0.521717 -0.117199 39.5531 -0.455469 0.587464 0.668905 289.822 -0.280129 0.618626 -0.734051 226.968 0 0 0 1 
Seq_Frame0095_DriverToReference-SequenceTransformStatus = OK
Seq_Frame0095_Timestamp = 9.955
Seq_Frame0096_DriverToReference-SequenceTransform =-0.810332 -0.576743 -0.103585 33.0099 -0.464366 0.524237 0.71382 292.101 -0.357388 0.626533 -0.692626 225.799 0 0 0 1 
Seq_Frame0096_DriverToReference-SequenceTransformStatus = OK
Seq_Frame0096_Timestamp = 10.058
Seq_Frame0097_DriverToReference-SequenceTransform =-0.79897 -0.588991 -0.12139 32.7171 -0.477067 0.49788 0.724239 291.019 -0.366133 0.636556 -0.67878 224.33 0 0 0 1 
Seq_Frame0097_DriverToReference-SequenceTransformStatus = OK
Seq_Frame0097_Timestamp = 10.159
Seq_Frame0098_DriverToReference-SequenceTransform =-0.808038 -0.568485 -0.154598 27.9427 -0.487849 0.49856 0.716549 291.111 -0.330271 0.654419 -0.680189 223.317 0 0 0 1 
Seq_Frame0098_DriverToReference-SequenceTransformStatus = OK
Seq_Frame0098_Timestamp = 10.263
Seq_Frame0099_DriverToReference-SequenceTransform =-0.815479 -0.557841 -0.154299 27.0848 -0.487292 0.517867 0.703107 285.057 -0.312316 0.648558 -0.694141 220.319 0 0 0 1 
Seq_Frame0099_DriverToReference-SequenceTransformStatus = OK
Seq_Frame0099_Timestamp = 10.369
Seq_Frame0100_DriverToReference-SequenceTransform =-0.818172 -0.553265 -0.156499 27.0302 -0.48292 0.513513 0.70929 285.649 -0.312061 0.655898 -0.687325 220.16 0 0 0 1 
Seq_Frame0100_DriverToReference-SequenceTransformStatus = OK
Seq_Frame0100_Timestamp = 10.469
Seq_Frame0101_DriverToReference-SequenceTransform =-0.807712 -0.565647 -0.166267 26.9122 -0.501454 0.510784 0.698315 282.984 -0.310073 0.647413 -0.696212 218.572 0 0 0 1 
Seq_Frame0101_DriverToReference-SequenceTransformStatus = OK
Seq_Frame0101_Timestamp = 10.57
Seq_Frame0102_DriverToReference-SequenceTransform =-0.805372 -0.556588 -0.203927 22.4874 -0.524415 0.508632 0.682849 285.775 -0.276342 0.656889 -0.701521 219.648 0 0 0 1 
Seq_Frame0102_DriverToReference-SequenceTransformStatus = OK
Seq_Frame0102_Timestamp = 10.674
Seq_Frame0103_DriverToReference-SequenceTransform =-0.792787 -0.560194 -0.240148 18.3292 -0.549622 0.486768 0.678949 287.368 -0.263447 0.670253 -0.693799 217.9 0 0 0 1 
Seq_Frame0103_DriverToReference-SequenceTransformStatus = OK
Seq_Frame0103_Timestamp = 10.778
Seq_Frame0104_DriverToReference-SequenceTransform =-0.800011 -0.549595 -0.240681 15.0778 -0.538685 0.481312 0.691489 287.422 -0.264196 0.68285 -0.681114 217.72 0 0 0 1 
Seq_Frame0104_DriverToReference-SequenceTransformStatus = OK
Seq_Frame0104_Timestamp = 10.893
Seq_Frame0105_DriverToReference-SequenceTransform =-0.79645 -0.553355 -0.243855 16.5572 -0.540245 0.46996 0.69805 289.188 -0.271667 0.687703 -0.673247 218.361 0 0 0 1 
Seq_Frame0105_DriverToReference-SequenceTransformStatus = OK
Seq_Frame0105_Timestamp = 10.994
Seq_Frame0106_DriverToReference-SequenceTransform =-0.787108 -0.566368 -0.24431 16.0084 -0.549029 0.462789 0.695984 288.198 -0.281119 0.681948 -0.675218 217.45 0 0 0 1 
Seq_Frame0106_DriverToReference-SequenceTransformStatus = OK
Seq_Frame0106_Timestamp = 11.094
Seq_Frame0107_DriverToReference-SequenceTransform =-0.778778 -0.580884 -0.236811 15.4417 -0.552217 0.455746 0.698106 286.911 -0.297593 0.674441 -0.675698 216.417 0 0 0 1 
Seq_Frame0107_DriverToReference-SequenceTransformStatus = OK
Seq_Frame0107_Timestamp = 11.195
Seq_Frame0108_DriverToReference-SequenceTransform =-0.78365 -0.575115 -0.234809 14.6126 -0.549433 0.465317 0.693976 286.17 -0.289855 0.672846 -0.680633 216.663 0 0 0 1 
Seq_Frame0108_DriverToReference-SequenceTransformStatus = OK
Seq_Frame0108_Timestamp = 11.309
Seq_Frame0109_DriverToReference-SequenceTransform =-0.794689 -0.561229 -0.231283 15.0188 -0.535422 0.46857 0.702684 286.246 -0.285995 0.682249 -0.672862 218.013 0 0 0 1 
Seq_Frame0109_DriverToReference-SequenceTransformStatus = OK
Seq_Frame0109_Timestamp = 11.418
Seq_Frame0110_DriverToReference-SequenceTransform =-0.798632 -0.557621 -0.226378 16.9308 -0.526298 0.46468 0.712097 287.399 -0.291887 0.687845 -0.664583 218.771 0 0 0 1 
Seq_Frame0110_DriverToReference-SequenceTransformStatus = OK
Seq_Frame0110_Timestamp = 11.528
Seq_Frame0111_DriverToReference-SequenceTransform =-0.803048 -0.553916 -0.219751 18.2298 -0.521031 0.473685 0.710034 287.75 -0.289207 0.684689 -0.669 218.922 0 0 0 1 
Seq_Frame0111_DriverToReference-SequenceTransformStatus = OK
Seq_Frame0111_Timestamp = 11.634
Seq_Frame0112_DriverToReference-SequenceTransform =-0.793415 -0.570812 -0.211345 17.4092 -0.520418 0.456077 0.721914 288.018 -0.315688 0.682764 -0.658919 218.787 0 0 0 1 
Seq_Frame0112_DriverToReference-SequenceTransformStatus = OK
Seq_Frame0112_Timestamp = 11.739
Seq_Frame0113_DriverToReference-SequenceTransform =-0.785088 -0.584543 -0.204809 17.1362 -0.523572 0.449644 0.723666 288.41 -0.330923 0.675374 -0.65906 218.714 0 0 0 1 
Seq_Frame0113_DriverToReference-SequenceTransformStatus = OK
Seq_Frame0113_Timestamp = 11.844
Seq_Frame0114_DriverToReference-SequenceTransform =-0.773359 -0.596646 -0.214314 16.7809 -0.537462 0.437746 0.720772 288.873 -0.336231 0.672601 -0.659209 218.702 0 0 0 1 
Seq_Frame0114_DriverToReference-SequenceTransformStatus = OK
Seq_Frame0114_Timestamp = 11.954
Seq_Frame0115_DriverToReference-SequenceTransform =-0.761007 -0.609174 -0.223105 16.9809 -0.548786 0.421081 0.722166 288.477 -0.34598 0.67201 -0.654752 218.68 0 0 0 1 
Seq_Frame0115_DriverToReference-SequenceTransformStatus = OK
Seq_Frame0115_Timestamp = 12.063
Seq_Frame0116_DriverToReference-SequenceTransform =-0.753348 -0.618104 -0.224531 16.0103 -0.555773 0.415897 0.719824 287.427 -0.351544 0.667066 -0.656841 218.214 0 0 0 1 
Seq_Frame0116_DriverToReference-SequenceTransformStatus = OK
Seq_Frame0116_Timestamp = 12.169
Seq_Frame0117_DriverToReference-SequenceTransform =-0.747402 -0.631767 -0.205574 15.7713 -0.549468 0.413863 0.725812 285.908 -0.373464 0.655429 -0.656458 218.08 0 0 0 1 
Seq_Frame0117_DriverToReference-SequenceTransformStatus = OK
Seq_Frame0117_Timestamp = 12.28
Seq_Frame0118_DriverToReference-SequenceTransform =-0.747901 -0.630625 -0.207259 14.9397 -0.544565 0.404332 0.734823 286.968 -0.379596 0.66244 -0.645817 218.387 0 0 0 1 
Seq_Frame0118_DriverToReference-SequenceTransformStatus = OK
Seq_Frame0118_Timestamp = 12.384
Seq_Frame0119_DriverToReference-SequenceTransform =-0.74603 -0.63332 -0.205781 15.1165 -0.545333 0.403693 0.734604 286.442 -0.382167 0.660256 -0.646537 218.465 0 0 0 1 
Seq_Frame0119_DriverToReference-SequenceTransformStatus = OK
Seq_Frame0119_Timestamp = 12.488
Seq_Frame0120_DriverToReference-SequenceTransform =-0.749637 -0.629479 -0.20445 14.9529 -0.545397 0.412525 0.729634 286.594 -0.374949 0.658467 -0.65256 217.765 0 0 0 1 
Seq_Frame0120_DriverToReference-SequenceTransformStatus = OK
Seq_Frame0120_Timestamp = 12.593
Seq_Frame0121_DriverToReference-SequenceTransform =-0.762326 -0.613002 -0.207575 15.4589 -0.543393 0.432031 0.719773 286.607 -0.351543 0.661496 -0.66245 217.518 0 0 0 1 
Seq_Frame0121_DriverToReference-SequenceTransformStatus = OK
Seq_Frame0121_Timestamp = 12.693
Seq_Frame0122_DriverToReference-SequenceTransform =-0.78437 -0.583288 -0.211041 20.003 -0.529992 0.453428 0.716597 286.272 -0.32229 0.673928 -0.664794 218.986 0 0 0 1 
Seq_Frame0122_DriverToReference-SequenceTransformStatus = OK
Seq_Frame0122_Timestamp = 12.794
Seq_Frame0123_DriverToReference-SequenceTransform =-0.802027 -0.567014 -0.187745 29.6224 -0.507046 0.480209 0.715754 287.534 -0.315685 0.669249 -0.672643 222.9 0 0 0 1 
Seq_Frame0123_DriverToReference-SequenceTransformStatus = OK
Seq_Frame0123_Timestamp = 12.894
Seq_Frame0124_DriverToReference-SequenceTransform =-0.83473 -0.516722 -0.190327 39.4063 -0.486218 0.529371 0.69524 289.772 -0.258493 0.672878 -0.693121 229.533 0 0 0 1 
Seq_Frame0124_DriverToReference-SequenceTransformStatus = OK
Seq_Frame0124_Timestamp = 13.004
Seq_Frame0125_DriverToReference-SequenceTransform =-0.866053 -0.478605 -0.144534 47.8704 -0.430339 0.566481 0.702786 294.088 -0.254481 0.670848 -0.696565 233.866 0 0 0 1 
Seq_Frame0125_DriverToReference-SequenceTransformStatus = OK
Seq_Frame0125_Timestamp = 13.108
Seq_Frame0126_DriverToReference-SequenceTransform =-0.862746 -0.459024 -0.212052 55.1928 -0.477807 0.60289 0.638924 293.066 -0.165438 0.652549 -0.739466 230.93 0 0 0 1 
Seq_Frame0126_DriverToReference-SequenceTransformStatus = OK
Seq_Frame0126_Timestamp = 13.209
Seq_Frame0127_DriverToReference-SequenceTransform =-0.857029 -0.443107 -0.262977 63.945 -0.509206 0.650287 0.56377 277.428 -0.0787997 0.617077 -0.782948 224.891 0 0 0 1 
Seq_Frame0127_DriverToReference-SequenceTransformStatus = OK
Seq_Frame0127_Timestamp = 13.319
Seq_Frame0128_DriverToReference-SequenceTransform =-0.823147 -0.440643 -0.358138 73.4014 -0.56491 0.69936 0.437919 256.935 0.0575018 0.562787 -0.8246 219.116 0 0 0 1 
Seq_Frame0128_DriverToReference-SequenceTransformStatus = OK
Seq_Frame0128_Timestamp = 13.428
Seq_Frame0129_DriverToReference-SequenceTransform =-0.808108 -0.440377 -0.391191 79.7831 -0.573673 0.739086 0.353058 241.684 0.133645 0.509725 -0.849894 213.234 0 0 0 1 
Seq_Frame0129_DriverToReference-SequenceTransformStatus = OK
Seq_Frame0129_Timestamp = 13.529
Seq_Frame0130_DriverToReference-SequenceTransform =-0.835411 -0.454357 -0.309269 84.9826 -0.545554 0.753848 0.366173 231.818 0.0667688 0.474628 -0.87765 206.412 0 0 0 1 
Seq_Frame0130_DriverToReference-SequenceTransformStatus = OK
Seq_Frame0130_Timestamp = 13.639
Seq_Frame0131_DriverToReference-SequenceTransform =-0.868029 -0.437513 -0.234751 86.9391 -0.495857 0.788168 0.364577 223.318 0.0255165 0.432866 -0.901097 201.835 0 0 0 1 
Seq_Frame0131_DriverToReference-SequenceTransformStatus = OK
Seq_Frame0131_Timestamp = 13.743
Seq_Frame0132_DriverToReference-SequenceTransform =-0.882044 -0.421303 -0.210957 89.9183 -0.470247 0.815131 0.338275 217.473 0.0294411 0.397575 -0.917097 202.319 0 0 0 1 
Seq_Frame0132_DriverToReference-SequenceTransformStatus = OK
Seq_Frame0132_Timestamp = 13.845
Seq_Frame0133_DriverToReference-SequenceTransform =-0.868908 -0.429846 -0.245421 86.021 -0.492142 0.803226 0.335596 217.81 0.0528741 0.412384 -0.909474 199.713 0 0 0 1 
Seq_Frame0133_DriverToReference-SequenceTransformStatus = OK
Seq_Frame0133_Timestamp = 13.949
Seq_Frame0134_DriverToReference-SequenceTransform =-0.852318 -0.424237 -0.305905 78.5275 -0.512801 0.792898 0.329162 218.901 0.102909 0.437419 -0.89335 196.497 0 0 0 1 
Seq_Frame0134_DriverToReference-SequenceTransformStatus = OK
Seq_Frame0134_Timestamp = 14.054
Seq_Frame0135_DriverToReference-SequenceTransform =-0.847832 -0.435858 -0.302009 78.7774 -0.521105 0.790251 0.322417 218.46 0.0981346 0.430734 -0.897128 196.174 0 0 0 1 
Seq_Frame0135_DriverToReference-SequenceTransformStatus = OK
Seq_Frame0135_Timestamp = 14.159
Seq_Frame0136_DriverToReference-SequenceTransform =-0.868279 -0.422189 -0.260478 80.4623 -0.493488 0.788672 0.366696 224.387 0.0506163 0.446937 -0.893132 198.925 0 0 0 1 
Seq_Frame0136_DriverToReference-SequenceTransformStatus = OK
Seq_Frame0136_Timestamp = 14.259
Seq_Frame0137_DriverToReference-SequenceTransform =-0.877815 -0.421441 -0.227659 81.3651 -0.478983 0.768248 0.4247 237.564 -0.00408781 0.481853 -0.876243 201.495 0 0 0 1 
Seq_Frame0137_DriverToReference-SequenceTransformStatus = OK
Seq_Frame0137_Timestamp = 14.368
Seq_Frame0138_DriverToReference-SequenceTransform =-0.865799 -0.430814 -0.254541 77.0539 -0.499975 0.765555 0.404907 242.09 0.020425 0.477832 -0.878214 203.35 0 0 0 1 
Seq_Frame0138_DriverToReference-SequenceTransformStatus = OK
Seq_Frame0138_Timestamp = 14.469
Seq_Frame0139_DriverToReference-SequenceTransform =-0.853545 -0.4386 -0.28123 77.9524 -0.516201 0.785115 0.342244 230.142 0.0706897 0.437292 -0.896537 204.597 0 0 0 1 
Seq_Frame0139_DriverToReference-SequenceTransformStatus = OK
Seq_Frame0139_Timestamp = 14.577
Seq_Frame0140_DriverToReference-SequenceTransform =-0.843433 -0.450431 -0.292802 78.3233 -0.528917 0.791739 0.305607 221.61 0.0941676 0.412627 -0.90602 201.756 0 0 0 1 
Seq_Frame0140_DriverToReference-SequenceTransformStatus = OK
Seq_Frame0140_Timestamp = 14.678
Seq_Frame0141_DriverToReference-SequenceTransform =-0.830372 -0.452484 -0.325177 75.7888 -0.541437 0.793087 0.279033 217.195 0.131636 0.407764 -0.903549 196.718 0 0 0 1 
Seq_Frame0141_DriverToReference-SequenceTransformStatus = OK
Seq_Frame0141_Timestamp = 14.788
Seq_Frame0142_DriverToReference-SequenceTransform =-0.839094 -0.461477 -0.288027 72.4962 -0.53073 0.810654 0.247316 212.57 0.11936 0.360386 -0.925135 193.4 0 0 0 1 
Seq_Frame0142_DriverToReference-SequenceTransformStatus = OK
Seq_Frame0142_Timestamp = 14.893
Seq_Frame0143_DriverToReference-SequenceTransform =-0.835403 -0.462035 -0.297699 73.9655 -0.533131 0.812906 0.234425 210.963 0.133689 0.354552 -0.92543 193.735 0 0 0 1 
Seq_Frame0143_DriverToReference-SequenceTransformStatus = OK
Seq_Frame0143_Timestamp = 14.994
Seq_Frame0144_DriverToReference-SequenceTransform =-0.838833 -0.457503 -0.295044 73.7661 -0.526582 0.819378 0.226564 208.482 0.138099 0.345414 -0.928234 193.475 0 0 0 1 
Seq_Frame0144_DriverToReference-SequenceTransformStatus = OK
Seq_Frame0144_Timestamp = 15.094
Seq_Frame0145_DriverToReference-SequenceTransform =-0.864709 -0.439858 -0.242494 73.1798 -0.494292 0.830947 0.255348 206.078 0.0891826 0.340664 -0.935946 192.985 0 0 0 1 
Seq_Frame0145_DriverToReference-SequenceTransformStatus = OK
Seq_Frame0145_Timestamp = 15.204
Seq_Frame0146_DriverToReference-SequenceTransform =-0.872244 -0.431881 -0.229499 75.6825 -0.484836 0.825196 0.289801 206.355 0.0642223 0.364046 -0.929164 194.774 0 0 0 1 
Seq_Frame0146_DriverToReference-SequenceTransformStatus = OK
Seq_Frame0146_Timestamp = 15.313
Seq_Frame0147_DriverToReference-SequenceTransform =-0.865272 -0.438302 -0.243301 75.3592 -0.495714 0.820363 0.285083 208.708 0.0746429 0.367282 -0.92711 195.052 0 0 0 1 
Seq_Frame0147_DriverToReference-SequenceTransformStatus = OK
Seq_Frame0147_Timestamp = 15.418
Seq_Frame0148_DriverToReference-SequenceTransform =-0.863028 -0.444107 -0.240732 74.1495 -0.501587 0.80992 0.304041 208.851 0.0599468 0.383144 -0.921741 194.716 0 0 0 1 
Seq_Frame0148_DriverToReference-SequenceTransformStatus = OK
Seq_Frame0148_Timestamp = 15.518
Seq_Frame0149_DriverToReference-SequenceTransform =-0.859578 -0.452766 -0.236916 73.327 -0.506551 0.816055 0.278316 207.503 0.0673241 0.359244 -0.930812 193.882 0 0 0 1 
Seq_Frame0149_DriverToReference-SequenceTransformStatus = OK
Seq_Frame0149_Timestamp = 15.619
Seq_Frame0150_DriverToReference-SequenceTransform =-0.859489 -0.4503 -0.241885 72.4049 -0.50607 0.816213 0.27873 207.289 0.0719179 0.361976 -0.929409 193.541 0 0 0 1 
Seq_Frame0150_DriverToReference-SequenceTransformStatus = OK
Seq_Frame0150_Timestamp = 15.728
