ObjectType = Image
NDims = 3
AnatomicalOrientation = RAI
BinaryData = True
CompressedData = False
DimSize = 0 0 6209
ElementSpacing = 1 1 1
Offset = 0 0 0
TransformMatrix = 1 0 0 0 1 0 0 0 1
ElementType = MET_UCHAR
Kinds = domain domain list
Seq_Frame0000_ForcepToReference-SequenceTransform =0.169302 0.983086 0.0698498 105.831 -0.95834 0.180754 -0.221164 -1.32667 -0.230048 -0.0294965 0.972732 14.3206 0 0 0 1 
Seq_Frame0000_ForcepToReference-SequenceTransformStatus = OK
Seq_Frame0000_Timestamp = 0.00500011
Seq_Frame0001_ForcepToReference-SequenceTransform =0.169282 0.983184 0.0685109 105.85 -0.958455 0.18042 -0.220938 -1.30414 -0.229583 -0.0282638 0.972879 14.3811 0 0 0 1 
Seq_Frame0001_ForcepToReference-SequenceTransformStatus = OK
Seq_Frame0001_Timestamp = 0.11
Seq_Frame0002_ForcepToReference-SequenceTransform =0.169127 0.983245 0.0680175 105.849 -0.958328 0.180176 -0.221685 -1.32853 -0.230226 -0.0276901 0.972743 14.391 0 0 0 1 
Seq_Frame0002_ForcepToReference-SequenceTransformStatus = OK
Seq_Frame0002_Timestamp = 0.214
Seq_Frame0003_ForcepToReference-SequenceTransform =0.169432 0.983094 0.0694235 105.839 -0.95811 0.180811 -0.222107 -1.29672 -0.230905 -0.0288833 0.972548 14.287 0 0 0 1 
Seq_Frame0003_ForcepToReference-SequenceTransformStatus = OK
Seq_Frame0003_Timestamp = 0.315
Seq_Frame0004_ForcepToReference-SequenceTransform =0.169359 0.983135 0.069012 105.852 -0.958298 0.180625 -0.221449 -1.29753 -0.23018 -0.0286296 0.972727 14.339 0 0 0 1 
Seq_Frame0004_ForcepToReference-SequenceTransformStatus = OK
Seq_Frame0004_Timestamp = 0.419
Seq_Frame0005_ForcepToReference-SequenceTransform =0.169421 0.98317 0.0683665 105.846 -0.958287 0.18054 -0.221565 -1.29796 -0.230179 -0.027977 0.972746 14.3513 0 0 0 1 
Seq_Frame0005_ForcepToReference-SequenceTransformStatus = OK
Seq_Frame0005_Timestamp = 0.519
Seq_Frame0006_ForcepToReference-SequenceTransform =0.169199 0.983195 0.0685466 105.839 -0.958376 0.180359 -0.221329 -1.32224 -0.229973 -0.0282447 0.972787 14.3611 0 0 0 1 
Seq_Frame0006_ForcepToReference-SequenceTransformStatus = OK
Seq_Frame0006_Timestamp = 0.624
Seq_Frame0007_ForcepToReference-SequenceTransform =0.169189 0.98314 0.0693552 105.837 -0.958325 0.180537 -0.221402 -1.31371 -0.23019 -0.0290062 0.972713 14.3233 0 0 0 1 
Seq_Frame0007_ForcepToReference-SequenceTransformStatus = OK
Seq_Frame0007_Timestamp = 0.728
Seq_Frame0008_ForcepToReference-SequenceTransform =0.16905 0.983297 0.0674504 105.855 -0.958441 0.179962 -0.221368 -1.28334 -0.229809 -0.0272249 0.972855 14.3582 0 0 0 1 
Seq_Frame0008_ForcepToReference-SequenceTransformStatus = OK
Seq_Frame0008_Timestamp = 0.828
Seq_Frame0009_ForcepToReference-SequenceTransform =0.169261 0.98323 0.0678926 105.863 -0.958416 0.180265 -0.221232 -1.29149 -0.22976 -0.0276235 0.972855 14.4077 0 0 0 1 
Seq_Frame0009_ForcepToReference-SequenceTransformStatus = OK
Seq_Frame0009_Timestamp = 0.935
Seq_Frame0010_ForcepToReference-SequenceTransform =0.169539 0.983004 0.0704284 105.848 -0.958269 0.181119 -0.221173 -1.31411 -0.23017 -0.0299919 0.972688 14.3245 0 0 0 1 
Seq_Frame0010_ForcepToReference-SequenceTransformStatus = OK
Seq_Frame0010_Timestamp = 1.048
Seq_Frame0011_ForcepToReference-SequenceTransform =0.170521 0.982783 0.0711293 105.86 -0.958121 0.182229 -0.220899 -1.21093 -0.230057 -0.0304826 0.9727 14.3294 0 0 0 1 
Seq_Frame0011_ForcepToReference-SequenceTransformStatus = OK
Seq_Frame0011_Timestamp = 1.154
Seq_Frame0012_ForcepToReference-SequenceTransform =0.170309 0.982953 0.0692717 105.862 -0.958431 0.181571 -0.220097 -1.18842 -0.228923 -0.0289077 0.973015 14.313 0 0 0 1 
Seq_Frame0012_ForcepToReference-SequenceTransformStatus = OK
Seq_Frame0012_Timestamp = 1.263
Seq_Frame0013_ForcepToReference-SequenceTransform =0.170425 0.982939 0.0691841 105.851 -0.958335 0.181674 -0.22043 -1.18733 -0.229238 -0.0287349 0.972946 14.3248 0 0 0 1 
Seq_Frame0013_ForcepToReference-SequenceTransformStatus = OK
Seq_Frame0013_Timestamp = 1.369
Seq_Frame0014_ForcepToReference-SequenceTransform =0.170053 0.982945 0.0700077 105.847 -0.958312 0.181508 -0.220665 -1.23869 -0.229609 -0.0295644 0.972834 14.3166 0 0 0 1 
Seq_Frame0014_ForcepToReference-SequenceTransformStatus = OK
Seq_Frame0014_Timestamp = 1.473
Seq_Frame0015_ForcepToReference-SequenceTransform =0.170164 0.982909 0.0702405 105.849 -0.958275 0.18167 -0.220692 -1.22928 -0.229681 -0.0297559 0.972811 14.3331 0 0 0 1 
Seq_Frame0015_ForcepToReference-SequenceTransformStatus = OK
Seq_Frame0015_Timestamp = 1.576
Seq_Frame0016_ForcepToReference-SequenceTransform =0.170269 0.982918 0.0698596 105.861 -0.958103 0.181706 -0.221406 -1.18663 -0.230318 -0.0292341 0.972676 14.3179 0 0 0 1 
Seq_Frame0016_ForcepToReference-SequenceTransformStatus = OK
Seq_Frame0016_Timestamp = 1.685
Seq_Frame0017_ForcepToReference-SequenceTransform =0.170262 0.98297 0.0691419 105.874 -0.958421 0.181499 -0.220199 -1.18752 -0.228998 -0.0287754 0.973001 14.3243 0 0 0 1 
Seq_Frame0017_ForcepToReference-SequenceTransformStatus = OK
Seq_Frame0017_Timestamp = 1.794
Seq_Frame0018_ForcepToReference-SequenceTransform =0.169931 0.983054 0.0687552 105.857 -0.958601 0.181075 -0.219762 -1.19886 -0.228488 -0.0285644 0.973128 14.298 0 0 0 1 
Seq_Frame0018_ForcepToReference-SequenceTransformStatus = OK
Seq_Frame0018_Timestamp = 1.894
Seq_Frame0019_ForcepToReference-SequenceTransform =0.169748 0.982997 0.0700154 105.846 -0.958528 0.181191 -0.219987 -1.25723 -0.228933 -0.0297695 0.972987 14.3161 0 0 0 1 
Seq_Frame0019_ForcepToReference-SequenceTransformStatus = OK
Seq_Frame0019_Timestamp = 2.004
Seq_Frame0020_ForcepToReference-SequenceTransform =0.169847 0.983062 0.0688601 105.857 -0.958334 0.181052 -0.220944 -1.25366 -0.229668 -0.0284643 0.972853 14.3755 0 0 0 1 
Seq_Frame0020_ForcepToReference-SequenceTransformStatus = OK
Seq_Frame0020_Timestamp = 2.11
Seq_Frame0021_ForcepToReference-SequenceTransform =0.169328 0.983219 0.0678796 105.871 -0.958749 0.180286 -0.219766 -1.24023 -0.228316 -0.027867 0.973188 14.3324 0 0 0 1 
Seq_Frame0021_ForcepToReference-SequenceTransformStatus = OK
Seq_Frame0021_Timestamp = 2.211
Seq_Frame0022_ForcepToReference-SequenceTransform =0.169575 0.983056 0.0696101 105.852 -0.958302 0.180965 -0.221153 -1.29365 -0.230003 -0.0292055 0.972752 14.3502 0 0 0 1 
Seq_Frame0022_ForcepToReference-SequenceTransformStatus = OK
Seq_Frame0022_Timestamp = 2.313
Seq_Frame0023_ForcepToReference-SequenceTransform =0.168424 0.983363 0.0680456 105.826 -0.958097 0.179541 -0.223193 -1.437 -0.231697 -0.0276032 0.972396 14.3824 0 0 0 1 
Seq_Frame0023_ForcepToReference-SequenceTransformStatus = OK
Seq_Frame0023_Timestamp = 2.418
Seq_Frame0024_ForcepToReference-SequenceTransform =0.16789 0.983594 0.065994 105.835 -0.957976 0.178579 -0.224479 -1.5055 -0.232581 -0.025533 0.972242 14.4585 0 0 0 1 
Seq_Frame0024_ForcepToReference-SequenceTransformStatus = OK
Seq_Frame0024_Timestamp = 2.518
Seq_Frame0025_ForcepToReference-SequenceTransform =0.168528 0.983392 0.0673723 105.838 -0.957769 0.179525 -0.224611 -1.45187 -0.232976 -0.0266738 0.972117 14.4051 0 0 0 1 
Seq_Frame0025_ForcepToReference-SequenceTransformStatus = OK
Seq_Frame0025_Timestamp = 2.623
Seq_Frame0026_ForcepToReference-SequenceTransform =0.168544 0.983343 0.0680437 105.828 -0.957501 0.179725 -0.225592 -1.49124 -0.234063 -0.0271297 0.971843 14.4325 0 0 0 1 
Seq_Frame0026_ForcepToReference-SequenceTransformStatus = OK
Seq_Frame0026_Timestamp = 2.729
Seq_Frame0027_ForcepToReference-SequenceTransform =0.168817 0.983279 0.0682903 105.837 -0.957802 0.180006 -0.224083 -1.42833 -0.232628 -0.0275797 0.972175 14.4226 0 0 0 1 
Seq_Frame0027_ForcepToReference-SequenceTransformStatus = OK
Seq_Frame0027_Timestamp = 2.838
Seq_Frame0028_ForcepToReference-SequenceTransform =0.169046 0.983255 0.0680733 105.841 -0.958134 0.180135 -0.222556 -1.39238 -0.231091 -0.0276012 0.97254 14.3977 0 0 0 1 
Seq_Frame0028_ForcepToReference-SequenceTransformStatus = OK
Seq_Frame0028_Timestamp = 2.943
Seq_Frame0029_ForcepToReference-SequenceTransform =0.168761 0.983332 0.0676667 105.838 -0.958435 0.179736 -0.221579 -1.37902 -0.230048 -0.0274603 0.972792 14.3844 0 0 0 1 
Seq_Frame0029_ForcepToReference-SequenceTransformStatus = OK
Seq_Frame0029_Timestamp = 3.054
Seq_Frame0030_ForcepToReference-SequenceTransform =0.169106 0.983199 0.0687265 105.839 -0.957991 0.180357 -0.222991 -1.37175 -0.23164 -0.0281303 0.972395 14.3483 0 0 0 1 
Seq_Frame0030_ForcepToReference-SequenceTransformStatus = OK
Seq_Frame0030_Timestamp = 3.154
Seq_Frame0031_ForcepToReference-SequenceTransform =0.169293 0.983145 0.0690344 105.845 -0.958282 0.180569 -0.221564 -1.33812 -0.230295 -0.0286453 0.972699 14.3495 0 0 0 1 
Seq_Frame0031_ForcepToReference-SequenceTransformStatus = OK
Seq_Frame0031_Timestamp = 3.259
Seq_Frame0032_ForcepToReference-SequenceTransform =0.168973 0.983258 0.0682059 105.844 -0.958411 0.180063 -0.221418 -1.32766 -0.229992 -0.0279556 0.972791 14.3177 0 0 0 1 
Seq_Frame0032_ForcepToReference-SequenceTransformStatus = OK
Seq_Frame0032_Timestamp = 3.365
Seq_Frame0033_ForcepToReference-SequenceTransform =0.169222 0.9832 0.0684293 105.841 -0.95824 0.18037 -0.221907 -1.34447 -0.230521 -0.0280203 0.972664 14.3805 0 0 0 1 
Seq_Frame0033_ForcepToReference-SequenceTransformStatus = OK
Seq_Frame0033_Timestamp = 3.468
Seq_Frame0034_ForcepToReference-SequenceTransform =0.169192 0.983208 0.068385 105.845 -0.95821 0.180335 -0.222063 -1.33045 -0.230666 -0.0279561 0.972631 14.3451 0 0 0 1 
Seq_Frame0034_ForcepToReference-SequenceTransformStatus = OK
Seq_Frame0034_Timestamp = 3.569
Seq_Frame0035_ForcepToReference-SequenceTransform =0.169227 0.98321 0.0682636 105.851 -0.958328 0.180327 -0.22156 -1.31275 -0.23015 -0.0279251 0.972755 14.3558 0 0 0 1 
Seq_Frame0035_ForcepToReference-SequenceTransformStatus = OK
Seq_Frame0035_Timestamp = 3.674
Seq_Frame0036_ForcepToReference-SequenceTransform =0.169151 0.983236 0.068086 105.858 -0.958534 0.18019 -0.22078 -1.28174 -0.229347 -0.0279175 0.972944 14.3593 0 0 0 1 
Seq_Frame0036_ForcepToReference-SequenceTransformStatus = OK
Seq_Frame0036_Timestamp = 3.779
Seq_Frame0037_ForcepToReference-SequenceTransform =0.169229 0.983198 0.0684326 105.849 -0.958397 0.180359 -0.221236 -1.30519 -0.229861 -0.028146 0.972816 14.368 0 0 0 1 
Seq_Frame0037_ForcepToReference-SequenceTransformStatus = OK
Seq_Frame0037_Timestamp = 3.884
Seq_Frame0038_ForcepToReference-SequenceTransform =0.169556 0.983063 0.0695615 105.847 -0.95828 0.180939 -0.221269 -1.30657 -0.230107 -0.029142 0.972729 14.3424 0 0 0 1 
Seq_Frame0038_ForcepToReference-SequenceTransformStatus = OK
Seq_Frame0038_Timestamp = 3.985
Seq_Frame0039_ForcepToReference-SequenceTransform =0.169595 0.983025 0.069997 105.861 -0.957886 0.181124 -0.222818 -1.31814 -0.231714 -0.0292603 0.972344 14.3749 0 0 0 1 
Seq_Frame0039_ForcepToReference-SequenceTransformStatus = OK
Seq_Frame0039_Timestamp = 4.089
Seq_Frame0040_ForcepToReference-SequenceTransform =0.169693 0.983018 0.0698579 105.855 -0.958321 0.181131 -0.220935 -1.27493 -0.229837 -0.029455 0.972783 14.2974 0 0 0 1 
Seq_Frame0040_ForcepToReference-SequenceTransformStatus = OK
Seq_Frame0040_Timestamp = 4.194
Seq_Frame0041_ForcepToReference-SequenceTransform =0.169084 0.983261 0.0678844 105.86 -0.958239 0.180116 -0.222116 -1.32129 -0.230625 -0.0274933 0.972654 14.3823 0 0 0 1 
Seq_Frame0041_ForcepToReference-SequenceTransformStatus = OK
Seq_Frame0041_Timestamp = 4.295
Seq_Frame0042_ForcepToReference-SequenceTransform =0.169385 0.983148 0.0687697 105.858 -0.958321 0.180592 -0.221376 -1.28889 -0.230064 -0.0284058 0.972761 14.3512 0 0 0 1 
Seq_Frame0042_ForcepToReference-SequenceTransformStatus = OK
Seq_Frame0042_Timestamp = 4.404
Seq_Frame0043_ForcepToReference-SequenceTransform =0.168961 0.983255 0.0682732 105.856 -0.958172 0.180095 -0.222423 -1.3229 -0.230994 -0.0278366 0.972557 14.3338 0 0 0 1 
Seq_Frame0043_ForcepToReference-SequenceTransformStatus = OK
Seq_Frame0043_Timestamp = 4.514
Seq_Frame0044_ForcepToReference-SequenceTransform =0.169097 0.983252 0.0679832 105.861 -0.958247 0.18015 -0.222057 -1.31564 -0.230586 -0.0275955 0.972661 14.3653 0 0 0 1 
Seq_Frame0044_ForcepToReference-SequenceTransformStatus = OK
Seq_Frame0044_Timestamp = 4.618
Seq_Frame0045_ForcepToReference-SequenceTransform =0.169156 0.983204 0.0685356 105.86 -0.958202 0.180336 -0.222097 -1.32714 -0.230726 -0.0281019 0.972613 14.362 0 0 0 1 
Seq_Frame0045_ForcepToReference-SequenceTransformStatus = OK
Seq_Frame0045_Timestamp = 4.719
Seq_Frame0046_ForcepToReference-SequenceTransform =0.169205 0.983178 0.0687865 105.858 -0.958259 0.180432 -0.221773 -1.3169 -0.230453 -0.0283902 0.972669 14.3633 0 0 0 1 
Seq_Frame0046_ForcepToReference-SequenceTransformStatus = OK
Seq_Frame0046_Timestamp = 4.826
Seq_Frame0047_ForcepToReference-SequenceTransform =0.169559 0.983024 0.0700928 105.862 -0.958221 0.181069 -0.221418 -1.31013 -0.230351 -0.0296209 0.972657 14.3459 0 0 0 1 
Seq_Frame0047_ForcepToReference-SequenceTransformStatus = OK
Seq_Frame0047_Timestamp = 4.938
Seq_Frame0048_ForcepToReference-SequenceTransform =0.168908 0.983262 0.0683047 105.848 -0.958212 0.180047 -0.222291 -1.34095 -0.230868 -0.0279037 0.972585 14.3535 0 0 0 1 
Seq_Frame0048_ForcepToReference-SequenceTransformStatus = OK
Seq_Frame0048_Timestamp = 5.043
Seq_Frame0049_ForcepToReference-SequenceTransform =0.169187 0.983187 0.0686997 105.851 -0.957975 0.180431 -0.222998 -1.34226 -0.231644 -0.0280843 0.972395 14.3294 0 0 0 1 
Seq_Frame0049_ForcepToReference-SequenceTransformStatus = OK
Seq_Frame0049_Timestamp = 5.143
Seq_Frame0050_ForcepToReference-SequenceTransform =0.169714 0.983033 0.069598 105.863 -0.958181 0.18111 -0.221559 -1.27779 -0.230404 -0.0290858 0.97266 14.3414 0 0 0 1 
Seq_Frame0050_ForcepToReference-SequenceTransformStatus = OK
Seq_Frame0050_Timestamp = 5.244
Seq_Frame0051_ForcepToReference-SequenceTransform =0.169094 0.9832 0.068732 105.855 -0.958252 0.180316 -0.221899 -1.30828 -0.230565 -0.0283407 0.972644 14.3024 0 0 0 1 
Seq_Frame0051_ForcepToReference-SequenceTransformStatus = OK
Seq_Frame0051_Timestamp = 5.344
Seq_Frame0052_ForcepToReference-SequenceTransform =0.169449 0.983044 0.0700777 105.862 -0.958226 0.18096 -0.221488 -1.29644 -0.230414 -0.0296194 0.972642 14.3028 0 0 0 1 
Seq_Frame0052_ForcepToReference-SequenceTransformStatus = OK
Seq_Frame0052_Timestamp = 5.45
Seq_Frame0053_ForcepToReference-SequenceTransform =0.169268 0.983112 0.0695639 105.854 -0.958127 0.180684 -0.222138 -1.34255 -0.230956 -0.0290501 0.97253 14.3509 0 0 0 1 
Seq_Frame0053_ForcepToReference-SequenceTransformStatus = OK
Seq_Frame0053_Timestamp = 5.554
Seq_Frame0054_ForcepToReference-SequenceTransform =0.16928 0.983122 0.0693881 105.849 -0.958107 0.180659 -0.222245 -1.33412 -0.23103 -0.0288595 0.972519 14.3499 0 0 0 1 
Seq_Frame0054_ForcepToReference-SequenceTransformStatus = OK
Seq_Frame0054_Timestamp = 5.659
Seq_Frame0055_ForcepToReference-SequenceTransform =0.169431 0.983115 0.0691198 105.858 -0.958072 0.180746 -0.222324 -1.31105 -0.231063 -0.0285531 0.97252 14.3463 0 0 0 1 
Seq_Frame0055_ForcepToReference-SequenceTransformStatus = OK
Seq_Frame0055_Timestamp = 5.76
Seq_Frame0056_ForcepToReference-SequenceTransform =0.169557 0.983095 0.0690998 105.86 -0.957929 0.180879 -0.222835 -1.28447 -0.231566 -0.0284095 0.972404 14.3207 0 0 0 1 
Seq_Frame0056_ForcepToReference-SequenceTransformStatus = OK
Seq_Frame0056_Timestamp = 5.86
Seq_Frame0057_ForcepToReference-SequenceTransform =0.169554 0.983036 0.0699376 105.86 -0.958296 0.181019 -0.221135 -1.28361 -0.230043 -0.0295267 0.972732 14.3201 0 0 0 1 
Seq_Frame0057_ForcepToReference-SequenceTransformStatus = OK
Seq_Frame0057_Timestamp = 5.963
Seq_Frame0058_ForcepToReference-SequenceTransform =0.169332 0.983154 0.0688119 105.859 -0.958188 0.180568 -0.221972 -1.3166 -0.230658 -0.0283476 0.972622 14.3685 0 0 0 1 
Seq_Frame0058_ForcepToReference-SequenceTransformStatus = OK
Seq_Frame0058_Timestamp = 6.069
Seq_Frame0059_ForcepToReference-SequenceTransform =0.169396 0.983156 0.0686237 105.846 -0.958302 0.180572 -0.221476 -1.29909 -0.230137 -0.0282452 0.972748 14.344 0 0 0 1 
Seq_Frame0059_ForcepToReference-SequenceTransformStatus = OK
Seq_Frame0059_Timestamp = 6.179
Seq_Frame0060_ForcepToReference-SequenceTransform =0.169608 0.983093 0.0690074 105.852 -0.958302 0.18086 -0.221237 -1.29178 -0.229978 -0.0286064 0.972775 14.3627 0 0 0 1 
Seq_Frame0060_ForcepToReference-SequenceTransformStatus = OK
Seq_Frame0060_Timestamp = 6.284
Seq_Frame0061_ForcepToReference-SequenceTransform =0.169532 0.983116 0.0688596 105.853 -0.958377 0.180746 -0.221007 -1.28225 -0.229722 -0.0285256 0.972838 14.357 0 0 0 1 
Seq_Frame0061_ForcepToReference-SequenceTransformStatus = OK
Seq_Frame0061_Timestamp = 6.39
Seq_Frame0062_ForcepToReference-SequenceTransform =0.169397 0.983165 0.0684933 105.857 -0.958319 0.180542 -0.221428 -1.29581 -0.230066 -0.0281293 0.972768 14.3791 0 0 0 1 
Seq_Frame0062_ForcepToReference-SequenceTransformStatus = OK
Seq_Frame0062_Timestamp = 6.493
Seq_Frame0063_ForcepToReference-SequenceTransform =0.169629 0.983091 0.0689843 105.848 -0.958105 0.1809 -0.222059 -1.2888 -0.230783 -0.0284266 0.97259 14.3632 0 0 0 1 
Seq_Frame0063_ForcepToReference-SequenceTransformStatus = OK
Seq_Frame0063_Timestamp = 6.594
Seq_Frame0064_ForcepToReference-SequenceTransform =0.169307 0.983167 0.0686918 105.855 -0.958451 0.180484 -0.220899 -1.29352 -0.229578 -0.0284381 0.972875 14.3492 0 0 0 1 
Seq_Frame0064_ForcepToReference-SequenceTransformStatus = OK
Seq_Frame0064_Timestamp = 6.698
Seq_Frame0065_ForcepToReference-SequenceTransform =0.169216 0.983226 0.0680639 105.848 -0.958259 0.18028 -0.221898 -1.30037 -0.230446 -0.0276743 0.972692 14.3816 0 0 0 1 
Seq_Frame0065_ForcepToReference-SequenceTransformStatus = OK
Seq_Frame0065_Timestamp = 6.804
Seq_Frame0066_ForcepToReference-SequenceTransform =0.169508 0.983145 0.0685071 105.859 -0.958152 0.180671 -0.222041 -1.28029 -0.230676 -0.0280025 0.972628 14.3374 0 0 0 1 
Seq_Frame0066_ForcepToReference-SequenceTransformStatus = OK
Seq_Frame0066_Timestamp = 6.909
Seq_Frame0067_ForcepToReference-SequenceTransform =0.169765 0.983067 0.0689914 105.857 -0.958488 0.180984 -0.220331 -1.23526 -0.229086 -0.0287228 0.972982 14.3152 0 0 0 1 
Seq_Frame0067_ForcepToReference-SequenceTransformStatus = OK
Seq_Frame0067_Timestamp = 7.014
Seq_Frame0068_ForcepToReference-SequenceTransform =0.16953 0.983133 0.068626 105.854 -0.958345 0.180696 -0.22119 -1.29123 -0.229859 -0.028269 0.972813 14.339 0 0 0 1 
Seq_Frame0068_ForcepToReference-SequenceTransformStatus = OK
Seq_Frame0068_Timestamp = 7.118
Seq_Frame0069_ForcepToReference-SequenceTransform =0.16943 0.983132 0.068887 105.863 -0.958308 0.180664 -0.221375 -1.31071 -0.230087 -0.0285072 0.972753 14.331 0 0 0 1 
Seq_Frame0069_ForcepToReference-SequenceTransformStatus = OK
Seq_Frame0069_Timestamp = 7.226
Seq_Frame0070_ForcepToReference-SequenceTransform =0.168773 0.983337 0.0675505 105.861 -0.958178 0.179752 -0.222674 -1.36968 -0.231106 -0.0271439 0.97255 14.382 0 0 0 1 
Seq_Frame0070_ForcepToReference-SequenceTransformStatus = OK
Seq_Frame0070_Timestamp = 7.333
Seq_Frame0071_ForcepToReference-SequenceTransform =0.169275 0.983164 0.0688126 105.862 -0.957866 0.180553 -0.223367 -1.36679 -0.232031 -0.0281029 0.972302 14.3943 0 0 0 1 
Seq_Frame0071_ForcepToReference-SequenceTransformStatus = OK
Seq_Frame0071_Timestamp = 7.438
Seq_Frame0072_ForcepToReference-SequenceTransform =0.169016 0.98326 0.0680672 105.853 -0.958099 0.180109 -0.222728 -1.36857 -0.231259 -0.0275705 0.972501 14.397 0 0 0 1 
Seq_Frame0072_ForcepToReference-SequenceTransformStatus = OK
Seq_Frame0072_Timestamp = 7.543
Seq_Frame0073_ForcepToReference-SequenceTransform =0.16929 0.983196 0.0683071 105.85 -0.95805 0.180431 -0.222675 -1.32981 -0.231258 -0.0277449 0.972497 14.373 0 0 0 1 
Seq_Frame0073_ForcepToReference-SequenceTransformStatus = OK
Seq_Frame0073_Timestamp = 7.643
Seq_Frame0074_ForcepToReference-SequenceTransform =0.169513 0.983102 0.069101 105.851 -0.958271 0.180795 -0.221425 -1.28191 -0.230177 -0.028683 0.972726 14.3211 0 0 0 1 
Seq_Frame0074_ForcepToReference-SequenceTransformStatus = OK
Seq_Frame0074_Timestamp = 7.744
Seq_Frame0075_ForcepToReference-SequenceTransform =0.169066 0.983234 0.068324 105.842 -0.95809 0.180216 -0.222679 -1.36584 -0.231259 -0.027813 0.972495 14.398 0 0 0 1 
Seq_Frame0075_ForcepToReference-SequenceTransformStatus = OK
Seq_Frame0075_Timestamp = 7.849
Seq_Frame0076_ForcepToReference-SequenceTransform =0.169076 0.983214 0.0685788 105.85 -0.958569 0.180225 -0.220601 -1.32898 -0.229258 -0.0284392 0.97295 14.3471 0 0 0 1 
Seq_Frame0076_ForcepToReference-SequenceTransformStatus = OK
Seq_Frame0076_Timestamp = 7.951
Seq_Frame0077_ForcepToReference-SequenceTransform =0.168944 0.983263 0.0682 105.853 -0.957942 0.18009 -0.223415 -1.3743 -0.231958 -0.0275871 0.972335 14.3707 0 0 0 1 
Seq_Frame0077_ForcepToReference-SequenceTransformStatus = OK
Seq_Frame0077_Timestamp = 8.068
Seq_Frame0078_ForcepToReference-SequenceTransform =0.16922 0.983175 0.0687938 105.849 -0.958347 0.180437 -0.221391 -1.33139 -0.230079 -0.0284646 0.972756 14.3619 0 0 0 1 
Seq_Frame0078_ForcepToReference-SequenceTransformStatus = OK
Seq_Frame0078_Timestamp = 8.169
Seq_Frame0079_ForcepToReference-SequenceTransform =0.168966 0.983304 0.0675524 105.855 -0.958403 0.179909 -0.221575 -1.33151 -0.230029 -0.0273038 0.972801 14.3804 0 0 0 1 
Seq_Frame0079_ForcepToReference-SequenceTransformStatus = OK
Seq_Frame0079_Timestamp = 8.279
Seq_Frame0080_ForcepToReference-SequenceTransform =0.169464 0.983117 0.0690186 105.852 -0.958447 0.180708 -0.220734 -1.27227 -0.22948 -0.0287443 0.972889 14.3143 0 0 0 1 
Seq_Frame0080_ForcepToReference-SequenceTransformStatus = OK
Seq_Frame0080_Timestamp = 8.383
Seq_Frame0081_ForcepToReference-SequenceTransform =0.169524 0.983121 0.0688027 105.856 -0.958301 0.180735 -0.221347 -1.27997 -0.230046 -0.0284101 0.972765 14.3546 0 0 0 1 
Seq_Frame0081_ForcepToReference-SequenceTransformStatus = OK
Seq_Frame0081_Timestamp = 8.485
Seq_Frame0082_ForcepToReference-SequenceTransform =0.169378 0.983137 0.0689373 105.858 -0.958259 0.180632 -0.221611 -1.29631 -0.230327 -0.0285236 0.972695 14.3478 0 0 0 1 
Seq_Frame0082_ForcepToReference-SequenceTransformStatus = OK
Seq_Frame0082_Timestamp = 8.593
Seq_Frame0083_ForcepToReference-SequenceTransform =0.169221 0.98318 0.0687147 105.851 -0.958429 0.180411 -0.221057 -1.29635 -0.229735 -0.0284506 0.972837 14.3352 0 0 0 1 
Seq_Frame0083_ForcepToReference-SequenceTransformStatus = OK
Seq_Frame0083_Timestamp = 8.695
Seq_Frame0084_ForcepToReference-SequenceTransform =0.169266 0.98316 0.0688835 105.839 -0.958427 0.180492 -0.221 -1.29431 -0.229712 -0.0286119 0.972838 14.2984 0 0 0 1 
Seq_Frame0084_ForcepToReference-SequenceTransformStatus = OK
Seq_Frame0084_Timestamp = 8.803
Seq_Frame0085_ForcepToReference-SequenceTransform =0.169722 0.983113 0.0684292 105.843 -0.958465 0.180819 -0.220567 -1.24012 -0.229215 -0.0281521 0.972969 14.3154 0 0 0 1 
Seq_Frame0085_ForcepToReference-SequenceTransformStatus = OK
Seq_Frame0085_Timestamp = 8.909
Seq_Frame0086_ForcepToReference-SequenceTransform =0.170067 0.982955 0.0698325 105.847 -0.958326 0.18148 -0.220626 -1.24076 -0.229539 -0.0294011 0.972855 14.2879 0 0 0 1 
Seq_Frame0086_ForcepToReference-SequenceTransformStatus = OK
Seq_Frame0086_Timestamp = 9.018
Seq_Frame0087_ForcepToReference-SequenceTransform =0.169116 0.983242 0.0680873 105.858 -0.9586 0.180148 -0.220529 -1.28565 -0.229099 -0.0279735 0.973001 14.3333 0 0 0 1 
Seq_Frame0087_ForcepToReference-SequenceTransformStatus = OK
Seq_Frame0087_Timestamp = 9.119
Seq_Frame0088_ForcepToReference-SequenceTransform =0.168761 0.983374 0.0670514 105.839 -0.958113 0.179634 -0.22305 -1.38032 -0.231386 -0.0266008 0.972498 14.4062 0 0 0 1 
Seq_Frame0088_ForcepToReference-SequenceTransformStatus = OK
Seq_Frame0088_Timestamp = 9.219
Seq_Frame0089_ForcepToReference-SequenceTransform =0.169244 0.983242 0.067762 105.847 -0.957955 0.180275 -0.223209 -1.34029 -0.231685 -0.0271361 0.972412 14.3674 0 0 0 1 
Seq_Frame0089_ForcepToReference-SequenceTransformStatus = OK
Seq_Frame0089_Timestamp = 9.32
Seq_Frame0090_ForcepToReference-SequenceTransform =0.169026 0.983253 0.0681519 105.839 -0.958513 0.180088 -0.220957 -1.32691 -0.229529 -0.027977 0.9729 14.3204 0 0 0 1 
Seq_Frame0090_ForcepToReference-SequenceTransformStatus = OK
Seq_Frame0090_Timestamp = 9.423
Seq_Frame0091_ForcepToReference-SequenceTransform =0.16923 0.983229 0.0679843 105.839 -0.958488 0.180247 -0.220933 -1.2784 -0.229482 -0.0277737 0.972917 14.2656 0 0 0 1 
Seq_Frame0091_ForcepToReference-SequenceTransformStatus = OK
Seq_Frame0091_Timestamp = 9.53
Seq_Frame0092_ForcepToReference-SequenceTransform =0.169393 0.983186 0.0681932 105.844 -0.958118 0.180495 -0.222334 -1.32786 -0.230904 -0.0276754 0.972583 14.3499 0 0 0 1 
Seq_Frame0092_ForcepToReference-SequenceTransformStatus = OK
Seq_Frame0092_Timestamp = 9.64
Seq_Frame0093_ForcepToReference-SequenceTransform =0.168978 0.983294 0.0676685 105.844 -0.958266 0.179963 -0.222125 -1.33212 -0.230592 -0.0273102 0.972667 14.335 0 0 0 1 
Seq_Frame0093_ForcepToReference-SequenceTransformStatus = OK
Seq_Frame0093_Timestamp = 9.743
Seq_Frame0094_ForcepToReference-SequenceTransform =0.168889 0.983298 0.067827 105.836 -0.958443 0.179893 -0.221417 -1.34304 -0.229921 -0.0276134 0.972818 14.327 0 0 0 1 
Seq_Frame0094_ForcepToReference-SequenceTransformStatus = OK
Seq_Frame0094_Timestamp = 9.854
Seq_Frame0095_ForcepToReference-SequenceTransform =0.169431 0.983165 0.0684083 105.838 -0.958089 0.180583 -0.222383 -1.32633 -0.230993 -0.0278627 0.972556 14.344 0 0 0 1 
Seq_Frame0095_ForcepToReference-SequenceTransformStatus = OK
Seq_Frame0095_Timestamp = 9.955
Seq_Frame0096_ForcepToReference-SequenceTransform =0.168916 0.983313 0.0675475 105.83 -0.958459 0.179854 -0.221381 -1.32556 -0.229835 -0.0273468 0.972845 14.2997 0 0 0 1 
Seq_Frame0096_ForcepToReference-SequenceTransformStatus = OK
Seq_Frame0096_Timestamp = 10.058
Seq_Frame0097_ForcepToReference-SequenceTransform =0.169354 0.983189 0.0682485 105.848 -0.958318 0.180446 -0.221506 -1.28524 -0.230098 -0.0278907 0.972768 14.2839 0 0 0 1 
Seq_Frame0097_ForcepToReference-SequenceTransformStatus = OK
Seq_Frame0097_Timestamp = 10.159
Seq_Frame0098_ForcepToReference-SequenceTransform =0.168716 0.983404 0.066717 105.843 -0.958606 0.179459 -0.221063 -1.32008 -0.229367 -0.0266584 0.972975 14.329 0 0 0 1 
Seq_Frame0098_ForcepToReference-SequenceTransformStatus = OK
Seq_Frame0098_Timestamp = 10.263
Seq_Frame0099_ForcepToReference-SequenceTransform =0.16903 0.983318 0.0671964 105.852 -0.958216 0.179912 -0.22238 -1.34958 -0.23076 -0.0267998 0.972642 14.397 0 0 0 1 
Seq_Frame0099_ForcepToReference-SequenceTransformStatus = OK
Seq_Frame0099_Timestamp = 10.369
Seq_Frame0100_ForcepToReference-SequenceTransform =0.168953 0.983316 0.0674151 105.843 -0.958656 0.179836 -0.220538 -1.31197 -0.228982 -0.0273674 0.973046 14.3053 0 0 0 1 
Seq_Frame0100_ForcepToReference-SequenceTransformStatus = OK
Seq_Frame0100_Timestamp = 10.469
Seq_Frame0101_ForcepToReference-SequenceTransform =0.168804 0.983339 0.0674504 105.832 -0.958499 0.17972 -0.221315 -1.34031 -0.22975 -0.0272923 0.972867 14.3195 0 0 0 1 
Seq_Frame0101_ForcepToReference-SequenceTransformStatus = OK
Seq_Frame0101_Timestamp = 10.57
Seq_Frame0102_ForcepToReference-SequenceTransform =0.169112 0.983305 0.0671787 105.836 -0.958207 0.179987 -0.222359 -1.33574 -0.230738 -0.0267676 0.972648 14.3548 0 0 0 1 
Seq_Frame0102_ForcepToReference-SequenceTransformStatus = OK
Seq_Frame0102_Timestamp = 10.674
Seq_Frame0103_ForcepToReference-SequenceTransform =0.168979 0.983293 0.0676865 105.837 -0.958598 0.179928 -0.220715 -1.32019 -0.229206 -0.027588 0.972987 14.3095 0 0 0 1 
Seq_Frame0103_ForcepToReference-SequenceTransformStatus = OK
Seq_Frame0103_Timestamp = 10.778
Seq_Frame0104_ForcepToReference-SequenceTransform =0.168813 0.983325 0.0676265 105.832 -0.958371 0.179784 -0.221818 -1.32092 -0.230277 -0.0273657 0.97274 14.2743 0 0 0 1 
Seq_Frame0104_ForcepToReference-SequenceTransformStatus = OK
Seq_Frame0104_Timestamp = 10.893
Seq_Frame0105_ForcepToReference-SequenceTransform =0.169157 0.983268 0.0676027 105.845 -0.958292 0.180115 -0.221889 -1.32146 -0.230353 -0.0272491 0.972726 14.3368 0 0 0 1 
Seq_Frame0105_ForcepToReference-SequenceTransformStatus = OK
Seq_Frame0105_Timestamp = 10.994
Seq_Frame0106_ForcepToReference-SequenceTransform =0.169231 0.983207 0.0682954 105.84 -0.958428 0.180326 -0.221129 -1.32817 -0.229731 -0.0280344 0.97285 14.3431 0 0 0 1 
Seq_Frame0106_ForcepToReference-SequenceTransformStatus = OK
Seq_Frame0106_Timestamp = 11.094
Seq_Frame0107_ForcepToReference-SequenceTransform =0.168821 0.983342 0.067363 105.844 -0.95858 0.179707 -0.220972 -1.3306 -0.229397 -0.0272681 0.972951 14.334 0 0 0 1 
Seq_Frame0107_ForcepToReference-SequenceTransformStatus = OK
Seq_Frame0107_Timestamp = 11.195
Seq_Frame0108_ForcepToReference-SequenceTransform =0.169047 0.983356 0.0665918 105.839 -0.958295 0.179782 -0.222145 -1.3296 -0.23042 -0.0262617 0.972737 14.3697 0 0 0 1 
Seq_Frame0108_ForcepToReference-SequenceTransformStatus = OK
Seq_Frame0108_Timestamp = 11.309
Seq_Frame0109_ForcepToReference-SequenceTransform =0.169041 0.983298 0.0674566 105.841 -0.958291 0.179973 -0.222011 -1.34642 -0.230443 -0.027114 0.972708 14.3778 0 0 0 1 
Seq_Frame0109_ForcepToReference-SequenceTransformStatus = OK
Seq_Frame0109_Timestamp = 11.418
Seq_Frame0110_ForcepToReference-SequenceTransform =0.168743 0.983365 0.0672296 105.838 -0.958509 0.179611 -0.22136 -1.35109 -0.229753 -0.0270872 0.972872 14.3594 0 0 0 1 
Seq_Frame0110_ForcepToReference-SequenceTransformStatus = OK
Seq_Frame0110_Timestamp = 11.528
Seq_Frame0111_ForcepToReference-SequenceTransform =0.168905 0.983353 0.0669942 105.837 -0.958425 0.179723 -0.221634 -1.32899 -0.229985 -0.0267739 0.972826 14.3194 0 0 0 1 
Seq_Frame0111_ForcepToReference-SequenceTransformStatus = OK
Seq_Frame0111_Timestamp = 11.634
Seq_Frame0112_ForcepToReference-SequenceTransform =0.169085 0.983301 0.0673078 105.839 -0.958099 0.180003 -0.22281 -1.34723 -0.231205 -0.0268136 0.972535 14.3305 0 0 0 1 
Seq_Frame0112_ForcepToReference-SequenceTransformStatus = OK
Seq_Frame0112_Timestamp = 11.739
Seq_Frame0113_ForcepToReference-SequenceTransform =0.168654 0.983384 0.0671692 105.829 -0.958583 0.179504 -0.221125 -1.36115 -0.229508 -0.0270937 0.97293 14.3297 0 0 0 1 
Seq_Frame0113_ForcepToReference-SequenceTransformStatus = OK
Seq_Frame0113_Timestamp = 11.844
Seq_Frame0114_ForcepToReference-SequenceTransform =0.168846 0.983376 0.0668052 105.843 -0.958445 0.179622 -0.221629 -1.31619 -0.229944 -0.0266079 0.97284 14.3169 0 0 0 1 
Seq_Frame0114_ForcepToReference-SequenceTransformStatus = OK
Seq_Frame0114_Timestamp = 11.954
Seq_Frame0115_ForcepToReference-SequenceTransform =0.169079 0.983274 0.0677073 105.837 -0.95829 0.180066 -0.22194 -1.33297 -0.230419 -0.0273578 0.972707 14.3256 0 0 0 1 
Seq_Frame0115_ForcepToReference-SequenceTransformStatus = OK
Seq_Frame0115_Timestamp = 12.063
Seq_Frame0116_ForcepToReference-SequenceTransform =0.168464 0.983436 0.0668765 105.837 -0.958708 0.179243 -0.220797 -1.33316 -0.229127 -0.0269185 0.973024 14.3031 0 0 0 1 
Seq_Frame0116_ForcepToReference-SequenceTransformStatus = OK
Seq_Frame0116_Timestamp = 12.169
Seq_Frame0117_ForcepToReference-SequenceTransform =0.168771 0.983379 0.0669418 105.843 -0.958268 0.179602 -0.222411 -1.35542 -0.230737 -0.0266115 0.972652 14.3598 0 0 0 1 
Seq_Frame0117_ForcepToReference-SequenceTransformStatus = OK
Seq_Frame0117_Timestamp = 12.28
Seq_Frame0118_ForcepToReference-SequenceTransform =0.168798 0.983376 0.06692 105.836 -0.958101 0.179641 -0.223095 -1.33746 -0.231408 -0.0264581 0.972497 14.3022 0 0 0 1 
Seq_Frame0118_ForcepToReference-SequenceTransformStatus = OK
Seq_Frame0118_Timestamp = 12.384
Seq_Frame0119_ForcepToReference-SequenceTransform =0.168747 0.983305 0.0680849 105.832 -0.95834 0.179829 -0.221913 -1.37263 -0.230452 -0.0278013 0.972686 14.3346 0 0 0 1 
Seq_Frame0119_ForcepToReference-SequenceTransformStatus = OK
Seq_Frame0119_Timestamp = 12.488
Seq_Frame0120_ForcepToReference-SequenceTransform =0.168821 0.983363 0.0670595 105.843 -0.958522 0.179646 -0.221275 -1.33571 -0.229641 -0.0269222 0.972903 14.3513 0 0 0 1 
Seq_Frame0120_ForcepToReference-SequenceTransformStatus = OK
Seq_Frame0120_Timestamp = 12.593
Seq_Frame0121_ForcepToReference-SequenceTransform =0.169114 0.983237 0.0681634 105.838 -0.958467 0.18018 -0.221079 -1.31017 -0.229655 -0.0279448 0.972871 14.2806 0 0 0 1 
Seq_Frame0121_ForcepToReference-SequenceTransformStatus = OK
Seq_Frame0121_Timestamp = 12.693
Seq_Frame0122_ForcepToReference-SequenceTransform =0.168989 0.983273 0.0679526 105.839 -0.95825 0.180039 -0.222132 -1.36527 -0.23065 -0.0275778 0.972646 14.3767 0 0 0 1 
Seq_Frame0122_ForcepToReference-SequenceTransformStatus = OK
Seq_Frame0122_Timestamp = 12.794
Seq_Frame0123_ForcepToReference-SequenceTransform =0.169235 0.98316 0.0689564 105.843 -0.958171 0.180511 -0.222093 -1.32948 -0.2308 -0.0284861 0.972584 14.3235 0 0 0 1 
Seq_Frame0123_ForcepToReference-SequenceTransformStatus = OK
Seq_Frame0123_Timestamp = 12.894
Seq_Frame0124_ForcepToReference-SequenceTransform =0.169742 0.983125 0.0682058 105.854 -0.958155 0.180826 -0.221904 -1.29155 -0.230493 -0.0276852 0.97268 14.356 0 0 0 1 
Seq_Frame0124_ForcepToReference-SequenceTransformStatus = OK
Seq_Frame0124_Timestamp = 13.004
Seq_Frame0125_ForcepToReference-SequenceTransform =0.17009 0.983031 0.0686982 105.845 -0.958608 0.181212 -0.219621 -1.23169 -0.228343 -0.0284993 0.973163 14.3416 0 0 0 1 
Seq_Frame0125_ForcepToReference-SequenceTransformStatus = OK
Seq_Frame0125_Timestamp = 13.108
Seq_Frame0126_ForcepToReference-SequenceTransform =0.169532 0.983128 0.0686934 105.853 -0.958644 0.180675 -0.219905 -1.24923 -0.228606 -0.0285717 0.9731 14.3018 0 0 0 1 
Seq_Frame0126_ForcepToReference-SequenceTransformStatus = OK
Seq_Frame0126_Timestamp = 13.209
Seq_Frame0127_ForcepToReference-SequenceTransform =0.169113 0.983226 0.0683165 105.854 -0.958331 0.18023 -0.221626 -1.30937 -0.230221 -0.02799 0.972736 14.3427 0 0 0 1 
Seq_Frame0127_ForcepToReference-SequenceTransformStatus = OK
Seq_Frame0127_Timestamp = 13.319
Seq_Frame0128_ForcepToReference-SequenceTransform =0.1692 0.983185 0.0686904 105.858 -0.958325 0.180398 -0.221517 -1.34777 -0.230184 -0.028347 0.972734 14.4209 0 0 0 1 
Seq_Frame0128_ForcepToReference-SequenceTransformStatus = OK
Seq_Frame0128_Timestamp = 13.428
Seq_Frame0129_ForcepToReference-SequenceTransform =0.169433 0.983135 0.0688358 105.854 -0.958284 0.180657 -0.221483 -1.32723 -0.230184 -0.0284378 0.972732 14.3777 0 0 0 1 
Seq_Frame0129_ForcepToReference-SequenceTransformStatus = OK
Seq_Frame0129_Timestamp = 13.529
Seq_Frame0130_ForcepToReference-SequenceTransform =0.170024 0.983015 0.069093 105.836 -0.958587 0.18124 -0.219688 -1.23534 -0.228479 -0.0288795 0.973121 14.27 0 0 0 1 
Seq_Frame0130_ForcepToReference-SequenceTransformStatus = OK
Seq_Frame0130_Timestamp = 13.639
Seq_Frame0131_ForcepToReference-SequenceTransform =0.169355 0.983146 0.0688683 105.853 -0.958533 0.180559 -0.220481 -1.3023 -0.2292 -0.0286731 0.972957 14.3727 0 0 0 1 
Seq_Frame0131_ForcepToReference-SequenceTransformStatus = OK
Seq_Frame0131_Timestamp = 13.743
Seq_Frame0132_ForcepToReference-SequenceTransform =0.169704 0.983037 0.069559 105.854 -0.958249 0.181083 -0.221288 -1.2975 -0.230131 -0.0291013 0.972725 14.3596 0 0 0 1 
Seq_Frame0132_ForcepToReference-SequenceTransformStatus = OK
Seq_Frame0132_Timestamp = 13.845
Seq_Frame0133_ForcepToReference-SequenceTransform =0.169304 0.983199 0.0682266 105.855 -0.958164 0.180412 -0.2222 -1.32231 -0.230776 -0.0277529 0.972611 14.4043 0 0 0 1 
Seq_Frame0133_ForcepToReference-SequenceTransformStatus = OK
Seq_Frame0133_Timestamp = 13.949
Seq_Frame0134_ForcepToReference-SequenceTransform =0.169663 0.982965 0.0706745 105.85 -0.958205 0.1813 -0.2213 -1.31398 -0.230343 -0.0301742 0.972641 14.3625 0 0 0 1 
Seq_Frame0134_ForcepToReference-SequenceTransformStatus = OK
Seq_Frame0134_Timestamp = 14.054
Seq_Frame0135_ForcepToReference-SequenceTransform =0.169284 0.983128 0.0692923 105.847 -0.958315 0.180615 -0.221383 -1.32586 -0.230164 -0.0289272 0.972722 14.3703 0 0 0 1 
Seq_Frame0135_ForcepToReference-SequenceTransformStatus = OK
Seq_Frame0135_Timestamp = 14.159
Seq_Frame0136_ForcepToReference-SequenceTransform =0.169348 0.983145 0.0689024 105.853 -0.958232 0.180598 -0.221754 -1.30175 -0.23046 -0.0284709 0.972665 14.3322 0 0 0 1 
Seq_Frame0136_ForcepToReference-SequenceTransformStatus = OK
Seq_Frame0136_Timestamp = 14.259
Seq_Frame0137_ForcepToReference-SequenceTransform =0.169489 0.983162 0.068304 105.858 -0.958017 0.180623 -0.22266 -1.29221 -0.231249 -0.027698 0.9725 14.3756 0 0 0 1 
Seq_Frame0137_ForcepToReference-SequenceTransformStatus = OK
Seq_Frame0137_Timestamp = 14.368
Seq_Frame0138_ForcepToReference-SequenceTransform =0.169392 0.983145 0.0687926 105.858 -0.958297 0.180607 -0.221469 -1.3335 -0.23016 -0.0284089 0.972738 14.4178 0 0 0 1 
Seq_Frame0138_ForcepToReference-SequenceTransformStatus = OK
Seq_Frame0138_Timestamp = 14.469
Seq_Frame0139_ForcepToReference-SequenceTransform =0.169347 0.983134 0.0690579 105.847 -0.958069 0.180653 -0.222416 -1.33261 -0.23114 -0.0284967 0.972503 14.3779 0 0 0 1 
Seq_Frame0139_ForcepToReference-SequenceTransformStatus = OK
Seq_Frame0139_Timestamp = 14.577
Seq_Frame0140_ForcepToReference-SequenceTransform =0.169571 0.983058 0.0695882 105.851 -0.958351 0.18095 -0.220955 -1.26732 -0.229804 -0.0292223 0.972798 14.2892 0 0 0 1 
Seq_Frame0140_ForcepToReference-SequenceTransformStatus = OK
Seq_Frame0140_Timestamp = 14.678
Seq_Frame0141_ForcepToReference-SequenceTransform =0.169299 0.983098 0.069683 105.823 -0.958062 0.180749 -0.222367 -1.29038 -0.231204 -0.0291141 0.97247 14.2355 0 0 0 1 
Seq_Frame0141_ForcepToReference-SequenceTransformStatus = OK
Seq_Frame0141_Timestamp = 14.788
Seq_Frame0142_ForcepToReference-SequenceTransform =0.169397 0.983106 0.0693321 105.842 -0.958349 0.180727 -0.221147 -1.31911 -0.229941 -0.0289827 0.972773 14.3577 0 0 0 1 
Seq_Frame0142_ForcepToReference-SequenceTransformStatus = OK
Seq_Frame0142_Timestamp = 14.893
Seq_Frame0143_ForcepToReference-SequenceTransform =0.168792 0.983393 0.0666888 105.86 -0.958492 0.179538 -0.221491 -1.31358 -0.229786 -0.0265349 0.972879 14.3922 0 0 0 1 
Seq_Frame0143_ForcepToReference-SequenceTransformStatus = OK
Seq_Frame0143_Timestamp = 14.994
Seq_Frame0144_ForcepToReference-SequenceTransform =0.169204 0.983187 0.068654 105.831 -0.958251 0.180403 -0.221834 -1.39719 -0.23049 -0.0282525 0.972665 14.4333 0 0 0 1 
Seq_Frame0144_ForcepToReference-SequenceTransformStatus = OK
Seq_Frame0144_Timestamp = 15.094
Seq_Frame0145_ForcepToReference-SequenceTransform =0.169097 0.983179 0.0690266 105.84 -0.958551 0.180347 -0.220578 -1.29104 -0.229316 -0.0288666 0.972924 14.3052 0 0 0 1 
Seq_Frame0145_ForcepToReference-SequenceTransformStatus = OK
Seq_Frame0145_Timestamp = 15.204
Seq_Frame0146_ForcepToReference-SequenceTransform =0.169492 0.983059 0.0697645 105.842 -0.958347 0.180915 -0.220999 -1.29154 -0.229877 -0.029401 0.972776 14.3253 0 0 0 1 
Seq_Frame0146_ForcepToReference-SequenceTransformStatus = OK
Seq_Frame0146_Timestamp = 15.313
Seq_Frame0147_ForcepToReference-SequenceTransform =0.168881 0.983303 0.0677815 105.843 -0.958632 0.179853 -0.220631 -1.31455 -0.229138 -0.0277171 0.972999 14.3574 0 0 0 1 
Seq_Frame0147_ForcepToReference-SequenceTransformStatus = OK
Seq_Frame0147_Timestamp = 15.418
Seq_Frame0148_ForcepToReference-SequenceTransform =0.1694 0.983156 0.0686146 105.854 -0.958506 0.180549 -0.220607 -1.27429 -0.229279 -0.0283968 0.972946 14.3446 0 0 0 1 
Seq_Frame0148_ForcepToReference-SequenceTransformStatus = OK
Seq_Frame0148_Timestamp = 15.518
Seq_Frame0149_ForcepToReference-SequenceTransform =0.169483 0.983057 0.0698119 105.844 -0.958111 0.180947 -0.221993 -1.31966 -0.230864 -0.0292635 0.972546 14.3536 0 0 0 1 
Seq_Frame0149_ForcepToReference-SequenceTransformStatus = OK
Seq_Frame0149_Timestamp = 15.619
Seq_Frame0150_ForcepToReference-SequenceTransform =0.168823 0.983342 0.067366 105.844 -0.95864 0.179703 -0.220718 -1.33152 -0.229147 -0.0273174 0.973008 14.3658 0 0 0 1 
