ObjectType = Image
NDims = 3
AnatomicalOrientation = RAI
BinaryData = True
CompressedData = False
DimSize = 0 0 898
ElementSpacing = 1 1 1
Offset = 0 0 0
TransformMatrix = 1 0 0 0 1 0 0 0 1
ElementType = MET_UCHAR
Kinds = domain domain list
Seq_Frame0000_ForcepToReference-SequenceTransform =0.223792 0.97411 0.0320591 -28.7575 -0.954914 0.225728 -0.192836 72.9428 -0.19508 0.0125414 0.980707 117.711 0 0 0 1 
Seq_Frame0000_ForcepToReference-SequenceTransformStatus = OK
Seq_Frame0000_Timestamp = 0.0190001
Seq_Frame0001_ForcepToReference-SequenceTransform =0.223512 0.974187 0.0316442 -28.7584 -0.955003 0.225374 -0.192811 72.9151 -0.194966 0.0128753 0.980726 117.754 0 0 0 1 
Seq_Frame0001_ForcepToReference-SequenceTransformStatus = OK
Seq_Frame0001_Timestamp = 0.12
Seq_Frame0002_ForcepToReference-SequenceTransform =0.223286 0.974265 0.0308245 -28.7681 -0.95515 0.224996 -0.192521 72.934 -0.194502 0.0135451 0.980809 117.711 0 0 0 1 
Seq_Frame0002_ForcepToReference-SequenceTransformStatus = OK
Seq_Frame0002_Timestamp = 0.225
Seq_Frame0003_ForcepToReference-SequenceTransform =0.223131 0.974288 0.0312298 -28.7518 -0.955405 0.224939 -0.191321 72.9236 -0.193426 0.0128525 0.981031 117.734 0 0 0 1 
Seq_Frame0003_ForcepToReference-SequenceTransformStatus = OK
Seq_Frame0003_Timestamp = 0.335
Seq_Frame0004_ForcepToReference-SequenceTransform =0.223749 0.974125 0.0319005 -28.754 -0.954739 0.225643 -0.193802 72.8881 -0.195986 0.0129064 0.980522 117.762 0 0 0 1 
Seq_Frame0004_ForcepToReference-SequenceTransformStatus = OK
Seq_Frame0004_Timestamp = 0.439
Seq_Frame0005_ForcepToReference-SequenceTransform =0.223118 0.974258 0.0322621 -28.7496 -0.955444 0.225131 -0.1909 72.909 -0.193249 0.0117686 0.981079 117.711 0 0 0 1 
Seq_Frame0005_ForcepToReference-SequenceTransformStatus = OK
Seq_Frame0005_Timestamp = 0.549
Seq_Frame0006_ForcepToReference-SequenceTransform =0.223631 0.974131 0.0325134 -28.7249 -0.955169 0.225674 -0.191631 72.9228 -0.194011 0.0117989 0.980928 117.741 0 0 0 1 
Seq_Frame0006_ForcepToReference-SequenceTransformStatus = OK
Seq_Frame0006_Timestamp = 0.654
Seq_Frame0007_ForcepToReference-SequenceTransform =0.223997 0.974032 0.0329594 -28.747 -0.954723 0.226099 -0.193346 72.8895 -0.195777 0.0118417 0.980577 117.723 0 0 0 1 
Seq_Frame0007_ForcepToReference-SequenceTransformStatus = OK
Seq_Frame0007_Timestamp = 0.759
Seq_Frame0008_ForcepToReference-SequenceTransform =0.223736 0.974127 0.0319281 -28.7615 -0.95489 0.225645 -0.193053 72.9495 -0.195262 0.0127051 0.980669 117.686 0 0 0 1 
Seq_Frame0008_ForcepToReference-SequenceTransformStatus = OK
Seq_Frame0008_Timestamp = 0.863
Seq_Frame0009_ForcepToReference-SequenceTransform =0.224514 0.973939 0.0321944 -28.7392 -0.954311 0.226435 -0.194983 72.9847 -0.197192 0.0130529 0.980278 117.632 0 0 0 1 
Seq_Frame0009_ForcepToReference-SequenceTransformStatus = OK
Seq_Frame0009_Timestamp = 0.974
Seq_Frame0010_ForcepToReference-SequenceTransform =0.223742 0.974141 0.0314574 -28.7286 -0.954943 0.225561 -0.19289 72.9276 -0.194997 0.0131174 0.980716 117.697 0 0 0 1 
Seq_Frame0010_ForcepToReference-SequenceTransformStatus = OK
Seq_Frame0010_Timestamp = 1.079
Seq_Frame0011_ForcepToReference-SequenceTransform =0.223242 0.974245 0.0317911 -28.7399 -0.955035 0.225135 -0.19293 72.8326 -0.195118 0.0127083 0.980697 117.801 0 0 0 1 
Seq_Frame0011_ForcepToReference-SequenceTransformStatus = OK
Seq_Frame0011_Timestamp = 1.189
Seq_Frame0012_ForcepToReference-SequenceTransform =0.22395 0.974056 0.0325714 -28.7614 -0.954826 0.225981 -0.192977 72.9937 -0.195331 0.0121171 0.980662 117.676 0 0 0 1 
Seq_Frame0012_ForcepToReference-SequenceTransformStatus = OK
Seq_Frame0012_Timestamp = 1.299
Seq_Frame0013_ForcepToReference-SequenceTransform =0.224709 0.973837 0.0338769 -28.7603 -0.954321 0.226965 -0.194313 72.9763 -0.196918 0.0113344 0.980354 117.628 0 0 0 1 
Seq_Frame0013_ForcepToReference-SequenceTransformStatus = OK
Seq_Frame0013_Timestamp = 1.41
Seq_Frame0014_ForcepToReference-SequenceTransform =0.222833 0.974391 0.0301207 -28.754 -0.955083 0.224401 -0.19355 72.8004 -0.195353 0.0143617 0.980628 117.814 0 0 0 1 
Seq_Frame0014_ForcepToReference-SequenceTransformStatus = OK
Seq_Frame0014_Timestamp = 1.52
Seq_Frame0015_ForcepToReference-SequenceTransform =0.223323 0.974234 0.0315413 -28.7893 -0.955227 0.22518 -0.191925 72.9045 -0.194082 0.0127322 0.980903 117.698 0 0 0 1 
Seq_Frame0015_ForcepToReference-SequenceTransformStatus = OK
Seq_Frame0015_Timestamp = 1.624
Seq_Frame0016_ForcepToReference-SequenceTransform =0.22448 0.973935 0.0325484 -28.7537 -0.954217 0.226466 -0.195407 72.9305 -0.197685 0.0128067 0.980182 117.79 0 0 0 1 
Seq_Frame0016_ForcepToReference-SequenceTransformStatus = OK
Seq_Frame0016_Timestamp = 1.729
Seq_Frame0017_ForcepToReference-SequenceTransform =0.223779 0.974085 0.0328873 -28.754 -0.954965 0.225882 -0.192402 72.9028 -0.194844 0.0116492 0.980765 117.747 0 0 0 1 
Seq_Frame0017_ForcepToReference-SequenceTransformStatus = OK
Seq_Frame0017_Timestamp = 1.839
Seq_Frame0018_ForcepToReference-SequenceTransform =0.223322 0.974164 0.0336412 -28.7636 -0.955436 0.225603 -0.19038 72.8978 -0.193051 0.010374 0.981134 117.678 0 0 0 1 
Seq_Frame0018_ForcepToReference-SequenceTransformStatus = OK
Seq_Frame0018_Timestamp = 1.949
Seq_Frame0019_ForcepToReference-SequenceTransform =0.223278 0.974235 0.0318197 -28.7254 -0.955119 0.225183 -0.19246 72.828 -0.194667 0.0125805 0.980789 117.814 0 0 0 1 
Seq_Frame0019_ForcepToReference-SequenceTransformStatus = OK
Seq_Frame0019_Timestamp = 2.054
Seq_Frame0020_ForcepToReference-SequenceTransform =0.224356 0.973994 0.0316292 -28.7499 -0.953874 0.226133 -0.197452 72.8468 -0.19947 0.0141292 0.979802 117.894 0 0 0 1 
Seq_Frame0020_ForcepToReference-SequenceTransformStatus = OK
Seq_Frame0020_Timestamp = 2.164
Seq_Frame0021_ForcepToReference-SequenceTransform =0.224178 0.97403 0.0317668 -28.7245 -0.954031 0.225996 -0.196851 72.8655 -0.198918 0.0138231 0.979919 117.866 0 0 0 1 
Seq_Frame0021_ForcepToReference-SequenceTransformStatus = OK
Seq_Frame0021_Timestamp = 2.269
Seq_Frame0022_ForcepToReference-SequenceTransform =0.223576 0.97416 0.0320296 -28.6932 -0.954686 0.225493 -0.194235 72.8311 -0.196438 0.012848 0.980432 117.865 0 0 0 1 
Seq_Frame0022_ForcepToReference-SequenceTransformStatus = OK
Seq_Frame0022_Timestamp = 2.379
Seq_Frame0023_ForcepToReference-SequenceTransform =0.224252 0.973967 0.0331664 -28.7667 -0.954504 0.226381 -0.194098 72.8253 -0.196553 0.0118695 0.980421 117.806 0 0 0 1 
Seq_Frame0023_ForcepToReference-SequenceTransformStatus = OK
Seq_Frame0023_Timestamp = 2.488
Seq_Frame0024_ForcepToReference-SequenceTransform =0.223981 0.974027 0.0332135 -28.7552 -0.954995 0.226149 -0.191939 72.8815 -0.194465 0.0112718 0.980845 117.792 0 0 0 1 
Seq_Frame0024_ForcepToReference-SequenceTransformStatus = OK
Seq_Frame0024_Timestamp = 2.599
Seq_Frame0025_ForcepToReference-SequenceTransform =0.224206 0.974106 0.0291482 -28.7947 -0.95461 0.225541 -0.194554 73.0106 -0.196091 0.0157952 0.980459 117.734 0 0 0 1 
Seq_Frame0025_ForcepToReference-SequenceTransformStatus = OK
Seq_Frame0025_Timestamp = 2.71
Seq_Frame0026_ForcepToReference-SequenceTransform =0.223567 0.974177 0.0315711 -28.7602 -0.954933 0.22541 -0.193114 72.935 -0.195244 0.0130256 0.980668 117.719 0 0 0 1 
Seq_Frame0026_ForcepToReference-SequenceTransformStatus = OK
Seq_Frame0026_Timestamp = 2.815
Seq_Frame0027_ForcepToReference-SequenceTransform =0.222586 0.974444 0.0302367 -28.7309 -0.955334 0.224196 -0.192542 72.7923 -0.1944 0.013971 0.980823 117.827 0 0 0 1 
Seq_Frame0027_ForcepToReference-SequenceTransformStatus = OK
Seq_Frame0027_Timestamp = 2.92
Seq_Frame0028_ForcepToReference-SequenceTransform =0.22407 0.974004 0.0333063 -28.7368 -0.954637 0.226235 -0.193614 72.8742 -0.196116 0.0115877 0.980512 117.784 0 0 0 1 
Seq_Frame0028_ForcepToReference-SequenceTransformStatus = OK
Seq_Frame0028_Timestamp = 3.028
Seq_Frame0029_ForcepToReference-SequenceTransform =0.223578 0.97417 0.0317056 -28.7577 -0.954941 0.225447 -0.193033 72.8895 -0.195195 0.0128811 0.98068 117.723 0 0 0 1 
Seq_Frame0029_ForcepToReference-SequenceTransformStatus = OK
Seq_Frame0029_Timestamp = 3.139
Seq_Frame0030_ForcepToReference-SequenceTransform =0.223596 0.974155 0.0320592 -28.7419 -0.955016 0.22554 -0.192554 72.9173 -0.194808 0.0124373 0.980763 117.725 0 0 0 1 
Seq_Frame0030_ForcepToReference-SequenceTransformStatus = OK
Seq_Frame0030_Timestamp = 3.243
Seq_Frame0031_ForcepToReference-SequenceTransform =0.255277 0.964514 0.0674357 -28.4271 -0.952796 0.262805 -0.152028 73.6453 -0.164356 -0.0254432 0.986073 118.903 0 0 0 1 
Seq_Frame0031_ForcepToReference-SequenceTransformStatus = OK
Seq_Frame0031_Timestamp = 3.349
Seq_Frame0032_ForcepToReference-SequenceTransform =0.349972 0.936739 -0.00624323 -25.0936 -0.933433 0.34816 -0.0865284 77.882 -0.0788809 0.0361101 0.99623 123.935 0 0 0 1 
Seq_Frame0032_ForcepToReference-SequenceTransformStatus = OK
Seq_Frame0032_Timestamp = 3.459
Seq_Frame0033_ForcepToReference-SequenceTransform =0.308454 0.942684 -0.127289 -26.1662 -0.943703 0.286447 -0.165444 80.8006 -0.1195 0.171155 0.97797 126.152 0 0 0 1 
Seq_Frame0033_ForcepToReference-SequenceTransformStatus = OK
Seq_Frame0033_Timestamp = 3.564
Seq_Frame0034_ForcepToReference-SequenceTransform =0.286582 0.927349 -0.240615 -29.3618 -0.957253 0.266882 -0.11154 83.7933 -0.0392204 0.262295 0.96419 124.939 0 0 0 1 
Seq_Frame0034_ForcepToReference-SequenceTransformStatus = OK
Seq_Frame0034_Timestamp = 3.669
Seq_Frame0035_ForcepToReference-SequenceTransform =0.159683 0.856184 -0.491376 -34.5644 -0.976333 0.0634273 -0.206764 86.1886 -0.145861 0.512763 0.846049 120.278 0 0 0 1 
Seq_Frame0035_ForcepToReference-SequenceTransformStatus = OK
Seq_Frame0035_Timestamp = 3.778
Seq_Frame0036_ForcepToReference-SequenceTransform =0.111504 0.708263 -0.697087 -40.0836 -0.979296 -0.040947 -0.198249 92.0674 -0.168956 0.70476 0.689034 121.431 0 0 0 1 
Seq_Frame0036_ForcepToReference-SequenceTransformStatus = OK
Seq_Frame0036_Timestamp = 3.889
Seq_Frame0037_ForcepToReference-SequenceTransform =0.270709 0.280712 -0.920824 -57.9429 -0.867373 -0.34381 -0.359805 90.4949 -0.41759 0.8961 0.150409 112.982 0 0 0 1 
Seq_Frame0037_ForcepToReference-SequenceTransformStatus = OK
Seq_Frame0037_Timestamp = 4.009
Seq_Frame0038_ForcepToReference-SequenceTransform =0.289733 0.00679534 -0.957083 -71.8416 -0.831268 -0.493853 -0.255152 88.1892 -0.474393 0.869519 -0.137437 104.57 0 0 0 1 
Seq_Frame0038_ForcepToReference-SequenceTransformStatus = OK
Seq_Frame0038_Timestamp = 4.114
Seq_Frame0039_ForcepToReference-SequenceTransform =0.241287 -0.1479 -0.959117 -82.6654 -0.916314 -0.360214 -0.174973 102.231 -0.319609 0.921071 -0.222437 112.493 0 0 0 1 
Seq_Frame0039_ForcepToReference-SequenceTransformStatus = OK
Seq_Frame0039_Timestamp = 4.224
Seq_Frame0040_ForcepToReference-SequenceTransform =0.0612932 -0.265471 -0.962169 -100.951 -0.955742 -0.293518 0.0201003 105.591 -0.28775 0.918353 -0.271712 111.375 0 0 0 1 
Seq_Frame0040_ForcepToReference-SequenceTransformStatus = OK
Seq_Frame0040_Timestamp = 4.329
Seq_Frame0041_ForcepToReference-SequenceTransform =-0.172763 -0.178989 -0.968564 -112.65 -0.974137 -0.114346 0.194888 115.041 -0.145634 0.977184 -0.154605 118.534 0 0 0 1 
Seq_Frame0041_ForcepToReference-SequenceTransformStatus = OK
Seq_Frame0041_Timestamp = 4.439
Seq_Frame0042_ForcepToReference-SequenceTransform =-0.359113 0.522559 -0.773285 -110.538 -0.290169 0.724977 0.624668 187.346 0.88704 0.44871 -0.108718 173.017 0 0 0 1 
Seq_Frame0042_ForcepToReference-SequenceTransformStatus = OK
Seq_Frame0042_Timestamp = 4.899
Seq_Frame0043_ForcepToReference-SequenceTransform =-0.274064 0.60461 -0.747888 -100.09 -0.111019 0.752574 0.649081 192.802 0.955282 0.26092 -0.13913 183.002 0 0 0 1 
Seq_Frame0043_ForcepToReference-SequenceTransformStatus = OK
Seq_Frame0043_Timestamp = 5.009
Seq_Frame0044_ForcepToReference-SequenceTransform =-0.0781598 0.582476 -0.809082 -70.9854 0.0823278 0.812563 0.577029 218.152 0.993536 -0.0215095 -0.111464 159.399 0 0 0 1 
Seq_Frame0044_ForcepToReference-SequenceTransformStatus = OK
Seq_Frame0044_Timestamp = 5.114
Seq_Frame0045_ForcepToReference-SequenceTransform =0.346983 0.349187 -0.870443 -58.3192 -0.0404837 0.932816 0.358071 235.618 0.936997 -0.0890059 0.337808 132.735 0 0 0 1 
Seq_Frame0045_ForcepToReference-SequenceTransformStatus = OK
Seq_Frame0045_Timestamp = 5.224
Seq_Frame0046_ForcepToReference-SequenceTransform =0.433624 0.248822 -0.866059 -70.3633 0.318132 0.856954 0.405491 250.681 0.843067 -0.451351 0.292437 118.599 0 0 0 1 
Seq_Frame0046_ForcepToReference-SequenceTransformStatus = OK
Seq_Frame0046_Timestamp = 5.334
Seq_Frame0047_ForcepToReference-SequenceTransform =0.277655 0.422883 -0.8626 -81.5343 0.418264 0.755122 0.504824 239.585 0.864849 -0.500961 0.0327867 142.366 0 0 0 1 
Seq_Frame0047_ForcepToReference-SequenceTransformStatus = OK
Seq_Frame0047_Timestamp = 5.444
Seq_Frame0048_ForcepToReference-SequenceTransform =0.439471 0.274271 -0.85536 -87.4018 0.464968 0.745284 0.477868 245.376 0.768551 -0.607724 0.200003 119.174 0 0 0 1 
Seq_Frame0048_ForcepToReference-SequenceTransformStatus = OK
Seq_Frame0048_Timestamp = 5.549
Seq_Frame0049_ForcepToReference-SequenceTransform =0.859583 -0.0321804 -0.509981 -100.333 0.276759 0.868282 0.411693 252.858 0.429559 -0.495026 0.755267 69.6507 0 0 0 1 
Seq_Frame0049_ForcepToReference-SequenceTransformStatus = OK
Seq_Frame0049_Timestamp = 5.659
Seq_Frame0050_ForcepToReference-SequenceTransform =-0.50256 0.0425353 -0.863495 -191.551 0.713659 -0.543342 -0.442119 268.737 -0.487979 -0.838433 0.242707 11.3569 0 0 0 1 
Seq_Frame0050_ForcepToReference-SequenceTransformStatus = OK
Seq_Frame0050_Timestamp = 5.874
Seq_Frame0051_ForcepToReference-SequenceTransform =-0.843141 -0.35495 -0.403887 -253.032 0.504735 -0.781407 -0.36694 254.872 -0.185355 -0.513238 0.837992 35.6105 0 0 0 1 
Seq_Frame0051_ForcepToReference-SequenceTransformStatus = OK
Seq_Frame0051_Timestamp = 5.985
Seq_Frame0052_ForcepToReference-SequenceTransform =-0.948727 -0.25033 -0.193007 -257.26 0.296662 -0.915939 -0.270272 239.778 -0.109125 -0.313672 0.94324 58.3613 0 0 0 1 
Seq_Frame0052_ForcepToReference-SequenceTransformStatus = OK
Seq_Frame0052_Timestamp = 6.089
Seq_Frame0053_ForcepToReference-SequenceTransform =-0.922249 -0.288986 -0.256794 -252.532 0.359945 -0.884225 -0.297633 257.127 -0.141052 -0.366923 0.919495 62.3839 0 0 0 1 
Seq_Frame0053_ForcepToReference-SequenceTransformStatus = OK
Seq_Frame0053_Timestamp = 6.199
Seq_Frame0054_ForcepToReference-SequenceTransform =-0.909108 -0.392753 -0.138811 -258.373 0.416485 -0.863369 -0.28484 267.533 -0.00797295 -0.316763 0.948471 76.0351 0 0 0 1 
Seq_Frame0054_ForcepToReference-SequenceTransformStatus = OK
Seq_Frame0054_Timestamp = 6.309
Seq_Frame0055_ForcepToReference-SequenceTransform =-0.891107 -0.431782 -0.139614 -260.466 0.453741 -0.852445 -0.259725 272.337 -0.00686797 -0.294792 0.955537 78.6756 0 0 0 1 
Seq_Frame0055_ForcepToReference-SequenceTransformStatus = OK
Seq_Frame0055_Timestamp = 6.414
Seq_Frame0056_ForcepToReference-SequenceTransform =-0.883969 -0.453006 -0.11569 -265.676 0.467129 -0.845277 -0.259416 274.007 0.0197269 -0.283357 0.958811 80.5042 0 0 0 1 
Seq_Frame0056_ForcepToReference-SequenceTransformStatus = OK
Seq_Frame0056_Timestamp = 6.524
Seq_Frame0057_ForcepToReference-SequenceTransform =-0.874654 -0.47746 -0.0837428 -269.055 0.480896 -0.832921 -0.273827 277.184 0.0609903 -0.279776 0.958126 80.3782 0 0 0 1 
Seq_Frame0057_ForcepToReference-SequenceTransformStatus = OK
Seq_Frame0057_Timestamp = 6.629
Seq_Frame0058_ForcepToReference-SequenceTransform =-0.865838 -0.493154 -0.0843986 -270.213 0.494915 -0.819468 -0.289018 279.317 0.0733683 -0.292013 0.953596 80.8782 0 0 0 1 
Seq_Frame0058_ForcepToReference-SequenceTransformStatus = OK
Seq_Frame0058_Timestamp = 6.739
Seq_Frame0059_ForcepToReference-SequenceTransform =-0.861787 -0.496363 -0.104627 -268.257 0.504052 -0.814709 -0.286673 280.128 0.057053 -0.299788 0.952298 80.4527 0 0 0 1 
Seq_Frame0059_ForcepToReference-SequenceTransformStatus = OK
Seq_Frame0059_Timestamp = 6.844
Seq_Frame0060_ForcepToReference-SequenceTransform =-0.864703 -0.488689 -0.116069 -265.485 0.500579 -0.819417 -0.279243 279.997 0.0413542 -0.299564 0.95318 81.3225 0 0 0 1 
Seq_Frame0060_ForcepToReference-SequenceTransformStatus = OK
Seq_Frame0060_Timestamp = 6.954
Seq_Frame0061_ForcepToReference-SequenceTransform =-0.868514 -0.476408 -0.136817 -260.864 0.495408 -0.825456 -0.270542 280.618 0.0159522 -0.30275 0.952937 82.4035 0 0 0 1 
Seq_Frame0061_ForcepToReference-SequenceTransformStatus = OK
Seq_Frame0061_Timestamp = 7.059
Seq_Frame0062_ForcepToReference-SequenceTransform =-0.885745 -0.358304 -0.295083 -242.902 0.455379 -0.793925 -0.402881 289.168 -0.0899201 -0.491225 0.866379 81.5274 0 0 0 1 
Seq_Frame0062_ForcepToReference-SequenceTransformStatus = OK
Seq_Frame0062_Timestamp = 7.169
Seq_Frame0063_ForcepToReference-SequenceTransform =-0.887497 -0.216218 -0.406938 -212.431 0.408495 -0.777832 -0.477608 298.406 -0.213262 -0.590108 0.778648 85.5143 0 0 0 1 
Seq_Frame0063_ForcepToReference-SequenceTransformStatus = OK
Seq_Frame0063_Timestamp = 7.274
Seq_Frame0064_ForcepToReference-SequenceTransform =-0.967701 0.023798 -0.250974 -194.905 0.107477 -0.861584 -0.496106 293.067 -0.228042 -0.507056 0.831199 112.82 0 0 0 1 
Seq_Frame0064_ForcepToReference-SequenceTransformStatus = OK
Seq_Frame0064_Timestamp = 7.384
Seq_Frame0065_ForcepToReference-SequenceTransform =-0.891697 0.025112 -0.451936 -157.016 0.206276 -0.866205 -0.455126 305.656 -0.402898 -0.499058 0.767212 116.891 0 0 0 1 
Seq_Frame0065_ForcepToReference-SequenceTransformStatus = OK
Seq_Frame0065_Timestamp = 7.489
Seq_Frame0066_ForcepToReference-SequenceTransform =-0.907309 -0.0329888 -0.419168 -137.997 0.220997 -0.885524 -0.408667 309.363 -0.357702 -0.463422 0.810734 126.417 0 0 0 1 
Seq_Frame0066_ForcepToReference-SequenceTransformStatus = OK
Seq_Frame0066_Timestamp = 7.604
Seq_Frame0067_ForcepToReference-SequenceTransform =-0.889965 -0.10758 -0.443158 -122.273 0.295034 -0.876828 -0.379641 317.261 -0.347732 -0.468614 0.812086 128.276 0 0 0 1 
Seq_Frame0067_ForcepToReference-SequenceTransformStatus = OK
Seq_Frame0067_Timestamp = 7.709
Seq_Frame0068_ForcepToReference-SequenceTransform =-0.856467 -0.189762 -0.480057 -110.773 0.391002 -0.845651 -0.363307 324.899 -0.337019 -0.498864 0.798469 129.6 0 0 0 1 
Seq_Frame0068_ForcepToReference-SequenceTransformStatus = OK
Seq_Frame0068_Timestamp = 7.814
Seq_Frame0069_ForcepToReference-SequenceTransform =-0.827564 -0.317731 -0.462802 -109.299 0.479883 -0.828182 -0.28953 324.421 -0.291292 -0.461695 0.837847 130.525 0 0 0 1 
Seq_Frame0069_ForcepToReference-SequenceTransformStatus = OK
Seq_Frame0069_Timestamp = 7.924
Seq_Frame0070_ForcepToReference-SequenceTransform =-0.80286 -0.424484 -0.418604 -112.862 0.546415 -0.80476 -0.231931 324.877 -0.238425 -0.41494 0.878054 128.317 0 0 0 1 
Seq_Frame0070_ForcepToReference-SequenceTransformStatus = OK
Seq_Frame0070_Timestamp = 8.033
Seq_Frame0071_ForcepToReference-SequenceTransform =-0.781045 -0.513577 -0.355256 -120.118 0.615564 -0.728938 -0.299551 327.78 -0.105117 -0.452645 0.885473 128.764 0 0 0 1 
Seq_Frame0071_ForcepToReference-SequenceTransformStatus = OK
Seq_Frame0071_Timestamp = 8.139
Seq_Frame0072_ForcepToReference-SequenceTransform =-0.765543 -0.553252 -0.328415 -122.705 0.632334 -0.741192 -0.225364 321.726 -0.118735 -0.380194 0.917254 121.377 0 0 0 1 
Seq_Frame0072_ForcepToReference-SequenceTransformStatus = OK
Seq_Frame0072_Timestamp = 8.249
Seq_Frame0073_ForcepToReference-SequenceTransform =-0.711734 -0.619258 -0.331593 -117.878 0.700781 -0.65846 -0.274474 332.349 -0.0483708 -0.427726 0.902613 119.618 0 0 0 1 
Seq_Frame0073_ForcepToReference-SequenceTransformStatus = OK
Seq_Frame0073_Timestamp = 8.358
Seq_Frame0074_ForcepToReference-SequenceTransform =-0.650531 -0.670763 -0.356211 -112.063 0.757362 -0.607934 -0.238365 343.657 -0.0566666 -0.424845 0.903491 118.985 0 0 0 1 
Seq_Frame0074_ForcepToReference-SequenceTransformStatus = OK
Seq_Frame0074_Timestamp = 8.469
Seq_Frame0075_ForcepToReference-SequenceTransform =-0.643313 -0.672285 -0.366308 -109.932 0.762869 -0.603288 -0.232539 346.598 -0.0646569 -0.42904 0.900968 116.977 0 0 0 1 
Seq_Frame0075_ForcepToReference-SequenceTransformStatus = OK
Seq_Frame0075_Timestamp = 8.573
Seq_Frame0076_ForcepToReference-SequenceTransform =-0.638936 -0.665739 -0.385426 -108.536 0.76656 -0.592958 -0.24655 344.97 -0.0644037 -0.452982 0.88919 113.505 0 0 0 1 
Seq_Frame0076_ForcepToReference-SequenceTransformStatus = OK
Seq_Frame0076_Timestamp = 8.684
Seq_Frame0077_ForcepToReference-SequenceTransform =-0.591456 -0.690567 -0.41629 -108.557 0.79724 -0.578155 -0.173623 343.545 -0.120782 -0.434573 0.892501 109.072 0 0 0 1 
Seq_Frame0077_ForcepToReference-SequenceTransformStatus = OK
Seq_Frame0077_Timestamp = 8.788
Seq_Frame0078_ForcepToReference-SequenceTransform =-0.543891 -0.732354 -0.409683 -105.703 0.830942 -0.538164 -0.141123 343.589 -0.117124 -0.417179 0.901246 108.549 0 0 0 1 
Seq_Frame0078_ForcepToReference-SequenceTransformStatus = OK
Seq_Frame0078_Timestamp = 8.901
Seq_Frame0079_ForcepToReference-SequenceTransform =-0.526081 -0.739141 -0.420605 -102.377 0.840135 -0.528435 -0.122183 339.123 -0.131952 -0.417644 0.898979 107.71 0 0 0 1 
Seq_Frame0079_ForcepToReference-SequenceTransformStatus = OK
Seq_Frame0079_Timestamp = 9.005
Seq_Frame0080_ForcepToReference-SequenceTransform =-0.517345 -0.740686 -0.428647 -100.065 0.845132 -0.520956 -0.119818 337.285 -0.134559 -0.42425 0.895492 109.211 0 0 0 1 
Seq_Frame0080_ForcepToReference-SequenceTransformStatus = OK
Seq_Frame0080_Timestamp = 9.114
Seq_Frame0081_ForcepToReference-SequenceTransform =-0.476982 -0.776014 -0.412662 -96.0962 0.870165 -0.483026 -0.0974597 336.75 -0.123697 -0.405571 0.905655 111.385 0 0 0 1 
Seq_Frame0081_ForcepToReference-SequenceTransformStatus = OK
Seq_Frame0081_Timestamp = 9.225
Seq_Frame0082_ForcepToReference-SequenceTransform =-0.425408 -0.806683 -0.410233 -90.5114 0.899273 -0.427714 -0.0914795 337.672 -0.101668 -0.407828 0.907381 113.761 0 0 0 1 
Seq_Frame0082_ForcepToReference-SequenceTransformStatus = OK
Seq_Frame0082_Timestamp = 9.329
Seq_Frame0083_ForcepToReference-SequenceTransform =-0.337103 -0.830504 -0.443424 -83.9722 0.932564 -0.359182 -0.0362356 339.761 -0.129176 -0.425736 0.895579 109.894 0 0 0 1 
Seq_Frame0083_ForcepToReference-SequenceTransformStatus = OK
Seq_Frame0083_Timestamp = 9.438
Seq_Frame0084_ForcepToReference-SequenceTransform =-0.29877 -0.840991 -0.451077 -81.5408 0.947608 -0.317418 -0.0358487 344.512 -0.113032 -0.438154 0.891765 111.24 0 0 0 1 
Seq_Frame0084_ForcepToReference-SequenceTransformStatus = OK
Seq_Frame0084_Timestamp = 9.544
Seq_Frame0085_ForcepToReference-SequenceTransform =-0.230173 -0.848709 -0.476144 -76.3577 0.965477 -0.260476 -0.00243351 347.098 -0.121959 -0.460266 0.879364 106.784 0 0 0 1 
Seq_Frame0085_ForcepToReference-SequenceTransformStatus = OK
Seq_Frame0085_Timestamp = 9.654
Seq_Frame0086_ForcepToReference-SequenceTransform =-0.237117 -0.846482 -0.476701 -75.2657 0.965723 -0.258728 -0.0209386 346.355 -0.105612 -0.465326 0.878816 104.554 0 0 0 1 
Seq_Frame0086_ForcepToReference-SequenceTransformStatus = OK
Seq_Frame0086_Timestamp = 9.763
Seq_Frame0087_ForcepToReference-SequenceTransform =-0.244247 -0.85674 -0.454248 -79.639 0.966847 -0.251142 -0.0461981 344.119 -0.0745012 -0.450472 0.889677 104.53 0 0 0 1 
Seq_Frame0087_ForcepToReference-SequenceTransformStatus = OK
Seq_Frame0087_Timestamp = 9.874
Seq_Frame0088_ForcepToReference-SequenceTransform =-0.281686 -0.846371 -0.452006 -85.7822 0.95611 -0.287194 -0.0580755 348.364 -0.08066 -0.448527 0.890122 103.819 0 0 0 1 
Seq_Frame0088_ForcepToReference-SequenceTransformStatus = OK
Seq_Frame0088_Timestamp = 9.979
Seq_Frame0089_ForcepToReference-SequenceTransform =-0.351655 -0.809862 -0.469535 -93.6081 0.932746 -0.345731 -0.10225 355.374 -0.0795242 -0.473913 0.876973 99.2878 0 0 0 1 
Seq_Frame0089_ForcepToReference-SequenceTransformStatus = OK
Seq_Frame0089_Timestamp = 10.089
Seq_Frame0090_ForcepToReference-SequenceTransform =-0.469679 -0.675421 -0.568514 -95.9531 0.866498 -0.476001 -0.150347 364.169 -0.169066 -0.563231 0.808818 89.5798 0 0 0 1 
Seq_Frame0090_ForcepToReference-SequenceTransformStatus = OK
Seq_Frame0090_Timestamp = 10.194
Seq_Frame0091_ForcepToReference-SequenceTransform =-0.541727 -0.508065 -0.669628 -85.2852 0.793302 -0.572378 -0.2075 372.481 -0.277856 -0.643625 0.713122 85.0151 0 0 0 1 
Seq_Frame0091_ForcepToReference-SequenceTransformStatus = OK
Seq_Frame0091_Timestamp = 10.304
Seq_Frame0092_ForcepToReference-SequenceTransform =-0.521947 -0.375199 -0.766027 -62.4234 0.778882 -0.575751 -0.248704 381.427 -0.347727 -0.726454 0.592748 89.0885 0 0 0 1 
Seq_Frame0092_ForcepToReference-SequenceTransformStatus = OK
Seq_Frame0092_Timestamp = 10.414
Seq_Frame0093_ForcepToReference-SequenceTransform =-0.455464 -0.245966 -0.855601 -46.1296 0.779664 -0.574133 -0.24999 388.861 -0.429739 -0.780943 0.453268 95.803 0 0 0 1 
Seq_Frame0093_ForcepToReference-SequenceTransformStatus = OK
Seq_Frame0093_Timestamp = 10.524
Seq_Frame0094_ForcepToReference-SequenceTransform =0.452421 0.0160114 0.891661 -45.4606 -0.512572 0.82286 0.245298 350.111 -0.729785 -0.568018 0.380486 81.8397 0 0 0 1 
Seq_Frame0094_ForcepToReference-SequenceTransformStatus = OK
Seq_Frame0094_Timestamp = 11.344
Seq_Frame0095_ForcepToReference-SequenceTransform =0.218411 -0.255835 0.941725 -117.524 -0.563128 0.755094 0.335738 314.403 -0.796984 -0.60364 0.0208534 54.8879 0 0 0 1 
Seq_Frame0095_ForcepToReference-SequenceTransformStatus = OK
Seq_Frame0095_Timestamp = 11.454
Seq_Frame0096_ForcepToReference-SequenceTransform =-0.0824353 -0.217423 0.97259 -169.893 -0.532179 0.834724 0.141497 288.191 -0.842609 -0.505928 -0.184519 43.1127 0 0 0 1 
Seq_Frame0096_ForcepToReference-SequenceTransformStatus = OK
Seq_Frame0096_Timestamp = 11.559
Seq_Frame0097_ForcepToReference-SequenceTransform =-0.368648 -0.0664724 0.927189 -206.387 -0.339438 0.938189 -0.0676987 270.574 -0.865379 -0.33968 -0.368425 47.2445 0 0 0 1 
Seq_Frame0097_ForcepToReference-SequenceTransformStatus = OK
Seq_Frame0097_Timestamp = 11.669
Seq_Frame0098_ForcepToReference-SequenceTransform =-0.458309 0.0903318 0.88419 -220.589 -0.222031 0.951644 -0.21231 252.608 -0.860613 -0.293621 -0.416091 52.1891 0 0 0 1 
Seq_Frame0098_ForcepToReference-SequenceTransformStatus = OK
Seq_Frame0098_Timestamp = 11.778
Seq_Frame0099_ForcepToReference-SequenceTransform =-0.378387 0.238459 0.894405 -203.524 -0.261354 0.899411 -0.350362 231.63 -0.887985 -0.366328 -0.278003 49.7142 0 0 0 1 
Seq_Frame0099_ForcepToReference-SequenceTransformStatus = OK
Seq_Frame0099_Timestamp = 11.884
Seq_Frame0100_ForcepToReference-SequenceTransform =-0.225756 0.1462 0.963151 -200.069 -0.222724 0.954743 -0.197129 218.298 -0.948382 -0.25902 -0.182977 59.9829 0 0 0 1 
Seq_Frame0100_ForcepToReference-SequenceTransformStatus = OK
Seq_Frame0100_Timestamp = 11.994
Seq_Frame0101_ForcepToReference-SequenceTransform =-0.102095 0.101686 0.989564 -194.896 -0.248407 0.960642 -0.124343 202.888 -0.96326 -0.25851 -0.0728172 55.0255 0 0 0 1 
Seq_Frame0101_ForcepToReference-SequenceTransformStatus = OK
Seq_Frame0101_Timestamp = 12.099
Seq_Frame0102_ForcepToReference-SequenceTransform =-0.00855387 0.187878 0.982155 -181.193 -0.326933 0.927688 -0.180306 192.425 -0.945009 -0.322641 0.0534882 49.2227 0 0 0 1 
Seq_Frame0102_ForcepToReference-SequenceTransformStatus = OK
Seq_Frame0102_Timestamp = 12.209
Seq_Frame0103_ForcepToReference-SequenceTransform =-0.0468705 0.18225 0.982135 -181.461 -0.291454 0.937937 -0.187957 190.174 -0.955436 -0.295056 0.00915577 52.3926 0 0 0 1 
Seq_Frame0103_ForcepToReference-SequenceTransformStatus = OK
Seq_Frame0103_Timestamp = 12.314
Seq_Frame0104_ForcepToReference-SequenceTransform =-0.0621785 0.183118 0.981123 -181.522 -0.237428 0.952091 -0.192746 191.414 -0.969413 -0.24493 -0.0157223 55.1595 0 0 0 1 
Seq_Frame0104_ForcepToReference-SequenceTransformStatus = OK
Seq_Frame0104_Timestamp = 12.419
Seq_Frame0105_ForcepToReference-SequenceTransform =-0.0247016 0.234487 0.971805 -175.613 -0.234325 0.943662 -0.233652 190.97 -0.971844 -0.23349 0.0316361 56.1565 0 0 0 1 
Seq_Frame0105_ForcepToReference-SequenceTransformStatus = OK
Seq_Frame0105_Timestamp = 12.529
Seq_Frame0106_ForcepToReference-SequenceTransform =-0.00208104 0.273152 0.961969 -170.111 -0.194754 0.94344 -0.268312 194.231 -0.98085 -0.187905 0.0512341 63.4858 0 0 0 1 
Seq_Frame0106_ForcepToReference-SequenceTransformStatus = OK
Seq_Frame0106_Timestamp = 12.634
Seq_Frame0107_ForcepToReference-SequenceTransform =-0.00777604 0.240034 0.970733 -173.276 -0.154041 0.958888 -0.238339 197.046 -0.988034 -0.151386 0.0295187 66.4787 0 0 0 1 
Seq_Frame0107_ForcepToReference-SequenceTransformStatus = OK
Seq_Frame0107_Timestamp = 12.735
Seq_Frame0108_ForcepToReference-SequenceTransform =0.0182556 0.240081 0.970581 -170.273 -0.147357 0.960788 -0.234887 197.061 -0.988915 -0.138734 0.0529172 65.8588 0 0 0 1 
Seq_Frame0108_ForcepToReference-SequenceTransformStatus = OK
Seq_Frame0108_Timestamp = 12.839
Seq_Frame0109_ForcepToReference-SequenceTransform =0.0580448 0.175954 0.982686 -173.225 -0.119805 0.978459 -0.168121 196.772 -0.991099 -0.107972 0.0778747 66.5022 0 0 0 1 
Seq_Frame0109_ForcepToReference-SequenceTransformStatus = OK
Seq_Frame0109_Timestamp = 12.949
Seq_Frame0110_ForcepToReference-SequenceTransform =0.0874574 0.124402 0.98837 -175.664 -0.129226 0.985205 -0.112569 192.931 -0.987751 -0.117878 0.102239 63.836 0 0 0 1 
Seq_Frame0110_ForcepToReference-SequenceTransformStatus = OK
Seq_Frame0110_Timestamp = 13.053
Seq_Frame0111_ForcepToReference-SequenceTransform =0.114739 0.122815 0.985775 -173.143 -0.128334 0.985845 -0.107886 192.728 -0.985071 -0.11413 0.128876 62.279 0 0 0 1 
Seq_Frame0111_ForcepToReference-SequenceTransformStatus = OK
Seq_Frame0111_Timestamp = 13.164
Seq_Frame0112_ForcepToReference-SequenceTransform =0.135745 0.125459 0.982768 -171.619 -0.0911115 0.989327 -0.113711 195.459 -0.986545 -0.0741057 0.145727 64.3556 0 0 0 1 
Seq_Frame0112_ForcepToReference-SequenceTransformStatus = OK
Seq_Frame0112_Timestamp = 13.274
Seq_Frame0113_ForcepToReference-SequenceTransform =0.145456 0.100668 0.98423 -175.18 -0.0929636 0.991799 -0.0877029 196.966 -0.984987 -0.0787406 0.153622 61.4265 0 0 0 1 
Seq_Frame0113_ForcepToReference-SequenceTransformStatus = OK
Seq_Frame0113_Timestamp = 13.384
Seq_Frame0114_ForcepToReference-SequenceTransform =0.171144 -0.149348 0.973861 -192.631 -0.213024 0.959454 0.184575 190.316 -0.961941 -0.239045 0.13239 40.9681 0 0 0 1 
Seq_Frame0114_ForcepToReference-SequenceTransformStatus = OK
Seq_Frame0114_Timestamp = 13.488
Seq_Frame0115_ForcepToReference-SequenceTransform =0.285586 -0.545752 0.787779 -212.434 -0.382724 0.68867 0.615838 163.798 -0.878614 -0.477377 -0.0121979 13.5165 0 0 0 1 
Seq_Frame0115_ForcepToReference-SequenceTransformStatus = OK
Seq_Frame0115_Timestamp = 13.6
Seq_Frame0116_ForcepToReference-SequenceTransform =0.443758 -0.732393 0.51641 -201.265 -0.377211 0.370063 0.848979 153.052 -0.81289 -0.571537 -0.112048 1.1588 0 0 0 1 
Seq_Frame0116_ForcepToReference-SequenceTransformStatus = OK
Seq_Frame0116_Timestamp = 13.704
Seq_Frame0117_ForcepToReference-SequenceTransform =0.556723 -0.774787 0.299606 -180.281 -0.253286 0.18517 0.949504 165.017 -0.791142 -0.604497 -0.0931543 -4.40025 0 0 0 1 
Seq_Frame0117_ForcepToReference-SequenceTransformStatus = OK
Seq_Frame0117_Timestamp = 13.815
Seq_Frame0118_ForcepToReference-SequenceTransform =0.591316 -0.782884 0.19349 -165.609 -0.152495 0.127053 0.980104 181.041 -0.791891 -0.609057 -0.0442573 -6.73664 0 0 0 1 
Seq_Frame0118_ForcepToReference-SequenceTransformStatus = OK
Seq_Frame0118_Timestamp = 13.924
Seq_Frame0119_ForcepToReference-SequenceTransform =0.609445 -0.783492 0.121311 -153.39 -0.091982 0.0821034 0.99237 196.188 -0.787474 -0.615954 -0.0220296 -4.08267 0 0 0 1 
Seq_Frame0119_ForcepToReference-SequenceTransformStatus = OK
Seq_Frame0119_Timestamp = 14.029
Seq_Frame0120_ForcepToReference-SequenceTransform =0.651888 -0.75548 0.0655116 -136.182 -0.0581777 0.0363107 0.997646 204.655 -0.75608 -0.654165 -0.0202816 1.57315 0 0 0 1 
Seq_Frame0120_ForcepToReference-SequenceTransformStatus = OK
Seq_Frame0120_Timestamp = 14.139
Seq_Frame0121_ForcepToReference-SequenceTransform =0.716443 -0.696405 0.0415828 -122.03 -0.0481936 0.010058 0.998787 210.981 -0.695979 -0.717578 -0.0263563 9.09501 0 0 0 1 
Seq_Frame0121_ForcepToReference-SequenceTransformStatus = OK
Seq_Frame0121_Timestamp = 14.244
Seq_Frame0122_ForcepToReference-SequenceTransform =0.760084 -0.64895 0.0337073 -113.683 -0.0353626 0.0104874 0.999319 215.574 -0.648862 -0.760759 -0.0149772 16.5735 0 0 0 1 
Seq_Frame0122_ForcepToReference-SequenceTransformStatus = OK
Seq_Frame0122_Timestamp = 14.354
Seq_Frame0123_ForcepToReference-SequenceTransform =0.781683 -0.622639 0.0359555 -111.341 -0.0384378 0.00944551 0.999216 218.464 -0.622491 -0.782452 -0.0165495 20.1431 0 0 0 1 
Seq_Frame0123_ForcepToReference-SequenceTransformStatus = OK
Seq_Frame0123_Timestamp = 14.464
Seq_Frame0124_ForcepToReference-SequenceTransform =0.81592 -0.575692 0.0534124 -110.644 0.065416 0.183711 0.980801 249.063 -0.574452 -0.796761 0.187553 21.8593 0 0 0 1 
Seq_Frame0124_ForcepToReference-SequenceTransformStatus = OK
Seq_Frame0124_Timestamp = 17.659
Seq_Frame0125_ForcepToReference-SequenceTransform =0.783405 -0.61662 0.0778254 -115.158 0.0605177 0.200306 0.977863 248.192 -0.618559 -0.761352 0.194237 18.3494 0 0 0 1 
Seq_Frame0125_ForcepToReference-SequenceTransformStatus = OK
Seq_Frame0125_Timestamp = 17.763
Seq_Frame0126_ForcepToReference-SequenceTransform =0.744077 -0.659317 0.107934 -121.51 0.0515015 0.21768 0.974661 247.048 -0.666106 -0.719664 0.195926 14.0103 0 0 0 1 
Seq_Frame0126_ForcepToReference-SequenceTransformStatus = OK
Seq_Frame0126_Timestamp = 17.874
Seq_Frame0127_ForcepToReference-SequenceTransform =0.729009 -0.671515 0.132718 -125.171 0.0393287 0.234659 0.971282 247.924 -0.683374 -0.702853 0.197479 11.6132 0 0 0 1 
Seq_Frame0127_ForcepToReference-SequenceTransformStatus = OK
Seq_Frame0127_Timestamp = 17.978
Seq_Frame0128_ForcepToReference-SequenceTransform =0.715311 -0.683588 0.14504 -128.44 0.0391202 0.246401 0.968378 247.784 -0.69771 -0.687018 0.202996 10.2773 0 0 0 1 
Seq_Frame0128_ForcepToReference-SequenceTransformStatus = OK
Seq_Frame0128_Timestamp = 18.089
Seq_Frame0129_ForcepToReference-SequenceTransform =0.709793 -0.686066 0.159711 -130.021 0.0241772 0.250324 0.96786 247.394 -0.703996 -0.683119 0.194266 9.61944 0 0 0 1 
Seq_Frame0129_ForcepToReference-SequenceTransformStatus = OK
Seq_Frame0129_Timestamp = 18.199
Seq_Frame0130_ForcepToReference-SequenceTransform =0.694673 -0.694665 0.186737 -131.794 0.00622326 0.265394 0.96412 245.755 -0.719299 -0.668586 0.188685 8.31864 0 0 0 1 
Seq_Frame0130_ForcepToReference-SequenceTransformStatus = OK
Seq_Frame0130_Timestamp = 18.309
Seq_Frame0131_ForcepToReference-SequenceTransform =0.683027 -0.697399 0.217047 -134.364 -0.0126606 0.285815 0.958201 244.771 -0.730283 -0.657225 0.18639 7.11201 0 0 0 1 
Seq_Frame0131_ForcepToReference-SequenceTransformStatus = OK
Seq_Frame0131_Timestamp = 18.414
Seq_Frame0132_ForcepToReference-SequenceTransform =0.662654 -0.708476 0.2428 -137.596 -0.0287514 0.299893 0.953539 242.815 -0.748374 -0.638848 0.178356 5.46784 0 0 0 1 
Seq_Frame0132_ForcepToReference-SequenceTransformStatus = OK
Seq_Frame0132_Timestamp = 18.524
Seq_Frame0133_ForcepToReference-SequenceTransform =0.644194 -0.712379 0.278443 -141.355 -0.0582374 0.317303 0.946534 241.059 -0.762642 -0.625967 0.162918 3.77304 0 0 0 1 
Seq_Frame0133_ForcepToReference-SequenceTransformStatus = OK
Seq_Frame0133_Timestamp = 18.629
Seq_Frame0134_ForcepToReference-SequenceTransform =0.616107 -0.718494 0.322767 -145.627 -0.0989724 0.335912 0.936679 237.453 -0.78142 -0.609039 0.135847 0.966647 0 0 0 1 
Seq_Frame0134_ForcepToReference-SequenceTransformStatus = OK
Seq_Frame0134_Timestamp = 18.739
Seq_Frame0135_ForcepToReference-SequenceTransform =0.590156 -0.724757 0.355588 -148.595 -0.137625 0.343701 0.92894 232.599 -0.795471 -0.597157 0.103093 -1.7323 0 0 0 1 
Seq_Frame0135_ForcepToReference-SequenceTransformStatus = OK
Seq_Frame0135_Timestamp = 18.844
Seq_Frame0136_ForcepToReference-SequenceTransform =0.573579 -0.725447 0.380439 -150.279 -0.178114 0.342869 0.922343 226.341 -0.799552 -0.596798 0.0674507 -3.59436 0 0 0 1 
Seq_Frame0136_ForcepToReference-SequenceTransformStatus = OK
Seq_Frame0136_Timestamp = 18.949
Seq_Frame0137_ForcepToReference-SequenceTransform =0.570942 -0.716189 0.401371 -151.037 -0.213948 0.342201 0.914945 221.909 -0.792623 -0.608253 0.0421501 -3.90098 0 0 0 1 
Seq_Frame0137_ForcepToReference-SequenceTransformStatus = OK
Seq_Frame0137_Timestamp = 19.059
Seq_Frame0138_ForcepToReference-SequenceTransform =0.547138 -0.72603 0.416558 -153.439 -0.235571 0.343979 0.908947 217.901 -0.80321 -0.595449 0.0171726 -6.06367 0 0 0 1 
Seq_Frame0138_ForcepToReference-SequenceTransformStatus = OK
Seq_Frame0138_Timestamp = 19.164
Seq_Frame0139_ForcepToReference-SequenceTransform =0.53763 -0.721684 0.436035 -156.093 -0.254333 0.354245 0.899903 216.929 -0.803909 -0.594713 0.00690502 -7.45256 0 0 0 1 
Seq_Frame0139_ForcepToReference-SequenceTransformStatus = OK
Seq_Frame0139_Timestamp = 19.273
Seq_Frame0140_ForcepToReference-SequenceTransform =0.522366 -0.725263 0.448471 -157.257 -0.248598 0.373558 0.893674 218.69 -0.815679 -0.578314 0.0148354 -9.2968 0 0 0 1 
Seq_Frame0140_ForcepToReference-SequenceTransformStatus = OK
Seq_Frame0140_Timestamp = 19.384
Seq_Frame0141_ForcepToReference-SequenceTransform =0.516733 -0.725363 0.454792 -156.59 -0.242415 0.385509 0.890291 221.725 -0.82111 -0.570291 0.023366 -10.8215 0 0 0 1 
Seq_Frame0141_ForcepToReference-SequenceTransformStatus = OK
Seq_Frame0141_Timestamp = 19.494
Seq_Frame0142_ForcepToReference-SequenceTransform =0.522899 -0.720764 0.455056 -154.752 -0.24316 0.385542 0.890073 223.782 -0.816976 -0.576069 0.0263388 -13.4045 0 0 0 1 
Seq_Frame0142_ForcepToReference-SequenceTransformStatus = OK
Seq_Frame0142_Timestamp = 19.604
Seq_Frame0143_ForcepToReference-SequenceTransform =0.511017 -0.734136 0.447108 -154.771 -0.22721 0.386286 0.893957 225.509 -0.828998 -0.558415 0.0305953 -16.8572 0 0 0 1 
Seq_Frame0143_ForcepToReference-SequenceTransformStatus = OK
Seq_Frame0143_Timestamp = 19.714
Seq_Frame0144_ForcepToReference-SequenceTransform =0.506706 -0.73215 0.455199 -152.591 -0.21991 0.400769 0.889395 230.325 -0.8336 -0.550764 0.0420647 -15.5664 0 0 0 1 
Seq_Frame0144_ForcepToReference-SequenceTransformStatus = OK
Seq_Frame0144_Timestamp = 19.824
Seq_Frame0145_ForcepToReference-SequenceTransform =0.493995 -0.737605 0.460334 -148.788 -0.204977 0.415724 0.886091 233.751 -0.844958 -0.532083 0.0541736 -12.469 0 0 0 1 
Seq_Frame0145_ForcepToReference-SequenceTransformStatus = OK
Seq_Frame0145_Timestamp = 19.929
Seq_Frame0146_ForcepToReference-SequenceTransform =0.487392 -0.741916 0.460446 -145.762 -0.209691 0.412438 0.886524 236.761 -0.847631 -0.528636 0.045446 -8.74756 0 0 0 1 
Seq_Frame0146_ForcepToReference-SequenceTransformStatus = OK
Seq_Frame0146_Timestamp = 20.035
Seq_Frame0147_ForcepToReference-SequenceTransform =0.465806 -0.742176 0.481871 -144.826 -0.257794 0.407117 0.876241 238.717 -0.846503 -0.532382 -0.0016911 -3.9393 0 0 0 1 
Seq_Frame0147_ForcepToReference-SequenceTransformStatus = OK
Seq_Frame0147_Timestamp = 20.144
Seq_Frame0148_ForcepToReference-SequenceTransform =0.43463 -0.735139 0.520256 -145.727 -0.317286 0.415647 0.852389 239.313 -0.842868 -0.535544 -0.0525968 0.979497 0 0 0 1 
Seq_Frame0148_ForcepToReference-SequenceTransformStatus = OK
Seq_Frame0148_Timestamp = 20.254
Seq_Frame0149_ForcepToReference-SequenceTransform =0.400047 -0.73279 0.550438 -147.94 -0.348095 0.434098 0.830896 239.862 -0.847816 -0.524002 -0.0814203 3.11625 0 0 0 1 
Seq_Frame0149_ForcepToReference-SequenceTransformStatus = OK
Seq_Frame0149_Timestamp = 20.359
