ObjectType = Image
NDims = 3
AnatomicalOrientation = RAI
BinaryData = True
CompressedData = False
DimSize = 0 0 6614
ElementSpacing = 1 1 1
Offset = 0 0 0
TransformMatrix = 1 0 0 0 1 0 0 0 1
ElementType = MET_UCHAR
Kinds = domain domain list
Seq_Frame0000_DriverToReference-SequenceTransform =-0.925072 -0.357693 0.12766 58.2602 -0.0989585 0.551534 0.828262 221.028 -0.366672 0.753569 -0.545605 332.662 0 0 0 1 
Seq_Frame0000_DriverToReference-SequenceTransformStatus = OK
Seq_Frame0000_Timestamp = 0.00300002
Seq_Frame0001_DriverToReference-SequenceTransform =-0.962567 -0.240125 0.125715 61.258 -0.035963 0.572868 0.818858 216.92 -0.268646 0.783685 -0.56006 325.875 0 0 0 1 
Seq_Frame0001_DriverToReference-SequenceTransformStatus = OK
Seq_Frame0001_Timestamp = 0.115
Seq_Frame0002_DriverToReference-SequenceTransform =-0.979802 -0.156641 0.124308 62.5637 0.0123587 0.573003 0.81946 211.958 -0.19959 0.804444 -0.559494 320.044 0 0 0 1 
Seq_Frame0002_DriverToReference-SequenceTransformStatus = OK
Seq_Frame0002_Timestamp = 0.219
Seq_Frame0003_DriverToReference-SequenceTransform =-0.9861 -0.117341 0.117637 62.6978 0.029499 0.573111 0.818947 211.418 -0.163515 0.811034 -0.561683 319.147 0 0 0 1 
Seq_Frame0003_DriverToReference-SequenceTransformStatus = OK
Seq_Frame0003_Timestamp = 0.33
Seq_Frame0004_DriverToReference-SequenceTransform =-0.986449 -0.115628 0.116396 62.7546 0.0306438 0.56711 0.823072 211.245 -0.16118 0.815485 -0.555882 319.455 0 0 0 1 
Seq_Frame0004_DriverToReference-SequenceTransformStatus = OK
Seq_Frame0004_Timestamp = 0.435
Seq_Frame0005_DriverToReference-SequenceTransform =-0.993272 -0.0561484 0.101285 63.7021 0.0534669 0.553466 0.831154 210.942 -0.102726 0.830977 -0.54674 318.461 0 0 0 1 
Seq_Frame0005_DriverToReference-SequenceTransformStatus = OK
Seq_Frame0005_Timestamp = 0.54
Seq_Frame0006_DriverToReference-SequenceTransform =-0.987843 -0.124332 0.0933111 60.4684 0.00782118 0.559745 0.828628 212.542 -0.155255 0.819285 -0.551968 319.788 0 0 0 1 
Seq_Frame0006_DriverToReference-SequenceTransformStatus = OK
Seq_Frame0006_Timestamp = 0.645
Seq_Frame0007_DriverToReference-SequenceTransform =-0.979916 -0.172648 0.0997888 51.1983 -0.0209787 0.586893 0.809393 214.537 -0.198305 0.791043 -0.578728 319.525 0 0 0 1 
Seq_Frame0007_DriverToReference-SequenceTransformStatus = OK
Seq_Frame0007_Timestamp = 0.755
Seq_Frame0008_DriverToReference-SequenceTransform =-0.985039 -0.158687 -0.0672125 47.0818 -0.156805 0.663498 0.731562 220.772 -0.0714942 0.731156 -0.678454 311.818 0 0 0 1 
Seq_Frame0008_DriverToReference-SequenceTransformStatus = OK
Seq_Frame0008_Timestamp = 0.86
Seq_Frame0009_DriverToReference-SequenceTransform =-0.946787 -0.130038 -0.294424 40.4375 -0.289653 0.743105 0.603238 227.599 0.140344 0.656419 -0.741227 295.194 0 0 0 1 
Seq_Frame0009_DriverToReference-SequenceTransformStatus = OK
Seq_Frame0009_Timestamp = 0.965
Seq_Frame0010_DriverToReference-SequenceTransform =-0.837443 -0.139139 -0.528516 32.5335 -0.461349 0.698415 0.54715 237.952 0.292994 0.702038 -0.649075 283.218 0 0 0 1 
Seq_Frame0010_DriverToReference-SequenceTransformStatus = OK
Seq_Frame0010_Timestamp = 1.07
Seq_Frame0011_DriverToReference-SequenceTransform =-0.739492 -0.119539 -0.662467 26.6633 -0.594366 0.577966 0.559181 250.308 0.316039 0.807258 -0.498451 278.529 0 0 0 1 
Seq_Frame0011_DriverToReference-SequenceTransformStatus = OK
Seq_Frame0011_Timestamp = 1.18
Seq_Frame0012_DriverToReference-SequenceTransform =-0.739492 -0.119539 -0.662467 26.6633 -0.594366 0.577966 0.559181 250.308 0.316039 0.807258 -0.498451 278.529 0 0 0 1 
Seq_Frame0012_DriverToReference-SequenceTransformStatus = OK
Seq_Frame0012_Timestamp = 1.285
Seq_Frame0013_DriverToReference-SequenceTransform =-0.739492 -0.119539 -0.662467 26.6633 -0.594366 0.577966 0.559181 250.308 0.316039 0.807258 -0.498451 278.529 0 0 0 1 
Seq_Frame0013_DriverToReference-SequenceTransformStatus = OK
Seq_Frame0013_Timestamp = 1.39
Seq_Frame0014_DriverToReference-SequenceTransform =-0.739492 -0.119539 -0.662467 26.6633 -0.594366 0.577966 0.559181 250.308 0.316039 0.807258 -0.498451 278.529 0 0 0 1 
Seq_Frame0014_DriverToReference-SequenceTransformStatus = OK
Seq_Frame0014_Timestamp = 1.495
Seq_Frame0015_DriverToReference-SequenceTransform =-0.733798 -0.232803 -0.638235 32.8157 -0.622787 0.605862 0.495043 290.69 0.271435 0.760745 -0.589567 254.093 0 0 0 1 
Seq_Frame0015_DriverToReference-SequenceTransformStatus = OK
Seq_Frame0015_Timestamp = 1.6
Seq_Frame0016_DriverToReference-SequenceTransform =-0.761674 -0.322941 -0.561749 35.9642 -0.627453 0.583983 0.51504 297.408 0.161724 0.744764 -0.647435 256.569 0 0 0 1 
Seq_Frame0016_DriverToReference-SequenceTransformStatus = OK
Seq_Frame0016_Timestamp = 1.706
Seq_Frame0017_DriverToReference-SequenceTransform =-0.853983 -0.347208 -0.387505 42.9591 -0.516167 0.659057 0.547006 298.763 0.0654626 0.667151 -0.742041 261.129 0 0 0 1 
Seq_Frame0017_DriverToReference-SequenceTransformStatus = OK
Seq_Frame0017_Timestamp = 1.815
Seq_Frame0018_DriverToReference-SequenceTransform =-0.891222 -0.246001 -0.381059 49.6528 -0.430071 0.72523 0.537662 297.514 0.14409 0.643059 -0.752139 255.876 0 0 0 1 
Seq_Frame0018_DriverToReference-SequenceTransformStatus = OK
Seq_Frame0018_Timestamp = 1.92
Seq_Frame0019_DriverToReference-SequenceTransform =-0.92667 -0.245318 -0.284783 54.1641 -0.368644 0.741067 0.561179 300.189 0.0733765 0.625012 -0.777159 258.922 0 0 0 1 
Seq_Frame0019_DriverToReference-SequenceTransformStatus = OK
Seq_Frame0019_Timestamp = 2.025
Seq_Frame0020_DriverToReference-SequenceTransform =-0.932549 -0.26015 -0.250347 59.7712 -0.361031 0.677373 0.640954 311.52 0.0028342 0.688104 -0.725607 260.303 0 0 0 1 
Seq_Frame0020_DriverToReference-SequenceTransformStatus = OK
Seq_Frame0020_Timestamp = 2.13
Seq_Frame0021_DriverToReference-SequenceTransform =-0.906007 -0.369693 -0.206103 66.566 -0.402531 0.602047 0.689572 327.627 -0.130846 0.707719 -0.694271 265.901 0 0 0 1 
Seq_Frame0021_DriverToReference-SequenceTransformStatus = OK
Seq_Frame0021_Timestamp = 2.24
Seq_Frame0022_DriverToReference-SequenceTransform =-0.839279 -0.464234 -0.283015 61.3091 -0.513979 0.507689 0.691431 335.782 -0.177302 0.725767 -0.6647 270.927 0 0 0 1 
Seq_Frame0022_DriverToReference-SequenceTransformStatus = OK
Seq_Frame0022_Timestamp = 2.345
Seq_Frame0023_DriverToReference-SequenceTransform =-0.859555 -0.447078 -0.247562 58.8014 -0.488679 0.577321 0.654135 327.264 -0.149526 0.683243 -0.714717 272.052 0 0 0 1 
Seq_Frame0023_DriverToReference-SequenceTransformStatus = OK
Seq_Frame0023_Timestamp = 2.45
Seq_Frame0024_DriverToReference-SequenceTransform =-0.898237 -0.411926 -0.153256 53.7639 -0.411545 0.665891 0.62227 326.41 -0.154277 0.622018 -0.767654 272.069 0 0 0 1 
Seq_Frame0024_DriverToReference-SequenceTransformStatus = OK
Seq_Frame0024_Timestamp = 2.555
Seq_Frame0025_DriverToReference-SequenceTransform =-0.897337 -0.434719 -0.0761986 43.378 -0.37561 0.66156 0.649042 331.981 -0.231741 0.61103 -0.756927 274.336 0 0 0 1 
Seq_Frame0025_DriverToReference-SequenceTransformStatus = OK
Seq_Frame0025_Timestamp = 2.665
Seq_Frame0026_DriverToReference-SequenceTransform =-0.899204 -0.359111 -0.249944 35.7325 -0.432675 0.644986 0.629908 336.599 -0.0649967 0.674561 -0.735353 275.237 0 0 0 1 
Seq_Frame0026_DriverToReference-SequenceTransformStatus = OK
Seq_Frame0026_Timestamp = 2.769
Seq_Frame0027_DriverToReference-SequenceTransform =-0.873696 -0.292809 -0.388481 33.6382 -0.482752 0.620425 0.61808 337.617 0.0600443 0.727554 -0.683417 277.618 0 0 0 1 
Seq_Frame0027_DriverToReference-SequenceTransformStatus = OK
Seq_Frame0027_Timestamp = 2.875
Seq_Frame0028_DriverToReference-SequenceTransform =-0.844554 -0.281634 -0.455424 32.283 -0.523076 0.615848 0.589171 332.763 0.114542 0.735808 -0.667432 282.691 0 0 0 1 
Seq_Frame0028_DriverToReference-SequenceTransformStatus = OK
Seq_Frame0028_Timestamp = 2.977
Seq_Frame0029_DriverToReference-SequenceTransform =-0.891786 -0.244734 -0.380557 34.0691 -0.43193 0.710955 0.554959 325.413 0.134742 0.659279 -0.739727 287.682 0 0 0 1 
Seq_Frame0029_DriverToReference-SequenceTransformStatus = OK
Seq_Frame0029_Timestamp = 3.09
Seq_Frame0030_DriverToReference-SequenceTransform =-0.889093 -0.299487 -0.346152 34.6429 -0.452957 0.684556 0.571151 326.156 0.0659081 0.664598 -0.744289 288.094 0 0 0 1 
Seq_Frame0030_DriverToReference-SequenceTransformStatus = OK
Seq_Frame0030_Timestamp = 3.2
Seq_Frame0031_DriverToReference-SequenceTransform =-0.871902 -0.303964 -0.383917 31.7726 -0.481874 0.672032 0.56229 324.513 0.0870889 0.675262 -0.732418 288.199 0 0 0 1 
Seq_Frame0031_DriverToReference-SequenceTransformStatus = OK
Seq_Frame0031_Timestamp = 3.306
Seq_Frame0032_DriverToReference-SequenceTransform =-0.855097 -0.322287 -0.406128 28.2853 -0.510803 0.65788 0.553421 321.673 0.0888237 0.68068 -0.727176 287.623 0 0 0 1 
Seq_Frame0032_DriverToReference-SequenceTransformStatus = OK
Seq_Frame0032_Timestamp = 3.418
Seq_Frame0033_DriverToReference-SequenceTransform =-0.826897 -0.345413 -0.44377 24.9713 -0.551354 0.653284 0.518873 317.723 0.110682 0.673729 -0.730643 285.401 0 0 0 1 
Seq_Frame0033_DriverToReference-SequenceTransformStatus = OK
Seq_Frame0033_Timestamp = 3.52
Seq_Frame0034_DriverToReference-SequenceTransform =-0.792307 -0.365977 -0.488169 21.9348 -0.59603 0.635257 0.491118 316.291 0.130375 0.68008 -0.721453 282.215 0 0 0 1 
Seq_Frame0034_DriverToReference-SequenceTransformStatus = OK
Seq_Frame0034_Timestamp = 3.63
Seq_Frame0035_DriverToReference-SequenceTransform =-0.657039 -0.467337 -0.59152 22.2762 -0.747416 0.506183 0.430287 326.599 0.0983282 0.724827 -0.681877 274.745 0 0 0 1 
Seq_Frame0035_DriverToReference-SequenceTransformStatus = OK
Seq_Frame0035_Timestamp = 3.735
Seq_Frame0036_DriverToReference-SequenceTransform =-0.49645 -0.670573 -0.551243 31.1268 -0.867896 0.3709 0.330438 327.554 -0.0171269 0.642468 -0.766121 260.044 0 0 0 1 
Seq_Frame0036_DriverToReference-SequenceTransformStatus = OK
Seq_Frame0036_Timestamp = 3.845
Seq_Frame0037_DriverToReference-SequenceTransform =-0.311137 -0.741402 -0.594573 39.8155 -0.944131 0.312672 0.104173 310.3 0.108672 0.593767 -0.797265 236.572 0 0 0 1 
Seq_Frame0037_DriverToReference-SequenceTransformStatus = OK
Seq_Frame0037_Timestamp = 3.95
Seq_Frame0038_DriverToReference-SequenceTransform =-0.263913 -0.774641 -0.574701 46.2817 -0.954903 0.293874 0.0423956 297.857 0.136049 0.559973 -0.817264 222.96 0 0 0 1 
Seq_Frame0038_DriverToReference-SequenceTransformStatus = OK
Seq_Frame0038_Timestamp = 4.055
Seq_Frame0039_DriverToReference-SequenceTransform =-0.196147 -0.751411 -0.630007 29.9217 -0.968956 0.247136 0.00691562 296.904 0.150501 0.611805 -0.776559 219.957 0 0 0 1 
Seq_Frame0039_DriverToReference-SequenceTransformStatus = OK
Seq_Frame0039_Timestamp = 4.16
Seq_Frame0040_DriverToReference-SequenceTransform =-0.147349 -0.731984 -0.665198 16.8281 -0.976705 0.213757 -0.018866 297.5 0.156 0.646922 -0.746429 224.898 0 0 0 1 
Seq_Frame0040_DriverToReference-SequenceTransformStatus = OK
Seq_Frame0040_Timestamp = 4.27
Seq_Frame0041_DriverToReference-SequenceTransform =-0.0672114 -0.723356 -0.687196 6.82771 -0.984725 0.15897 -0.0710235 297.091 0.160619 0.671926 -0.722992 228.028 0 0 0 1 
Seq_Frame0041_DriverToReference-SequenceTransformStatus = OK
Seq_Frame0041_Timestamp = 4.375
Seq_Frame0042_DriverToReference-SequenceTransform =0.372647 -0.666109 -0.64609 2.80759 -0.926446 -0.306975 -0.217862 314.501 -0.0532139 0.679753 -0.731508 222.16 0 0 0 1 
Seq_Frame0042_DriverToReference-SequenceTransformStatus = OK
Seq_Frame0042_Timestamp = 4.479
Seq_Frame0043_DriverToReference-SequenceTransform =0.486543 -0.528861 -0.6954 5.45552 -0.750229 -0.6608 -0.0223568 327.417 -0.447697 0.532587 -0.718275 227.265 0 0 0 1 
Seq_Frame0043_DriverToReference-SequenceTransformStatus = OK
Seq_Frame0043_Timestamp = 4.59
Seq_Frame0044_DriverToReference-SequenceTransform =0.260937 -0.382568 -0.886315 -22.919 -0.842657 -0.53822 -0.0157677 318.55 -0.471 0.750974 -0.462815 240.787 0 0 0 1 
Seq_Frame0044_DriverToReference-SequenceTransformStatus = OK
Seq_Frame0044_Timestamp = 4.694
Seq_Frame0045_DriverToReference-SequenceTransform =0.219017 -0.103127 -0.970256 -48.2902 -0.843844 -0.519253 -0.135291 314.177 -0.489856 0.848376 -0.200748 256.034 0 0 0 1 
Seq_Frame0045_DriverToReference-SequenceTransformStatus = OK
Seq_Frame0045_Timestamp = 4.8
Seq_Frame0046_DriverToReference-SequenceTransform =0.0289566 -0.219035 0.975287 -71.3416 0.456898 0.870705 0.181982 322.66 -0.889048 0.440337 0.125289 259.489 0 0 0 1 
Seq_Frame0046_DriverToReference-SequenceTransformStatus = OK
Seq_Frame0046_Timestamp = 5.089
Seq_Frame0047_DriverToReference-SequenceTransform =0.0561742 -0.213694 0.975284 -70.6739 0.439074 0.882586 0.168094 322.858 -0.896693 0.418779 0.143406 258.348 0 0 0 1 
Seq_Frame0047_DriverToReference-SequenceTransformStatus = OK
Seq_Frame0047_Timestamp = 5.395
Seq_Frame0048_DriverToReference-SequenceTransform =0.288944 -0.40274 -0.868511 -51.3074 -0.951393 -0.221811 -0.213661 316.923 -0.106595 0.888032 -0.447255 244.728 0 0 0 1 
Seq_Frame0048_DriverToReference-SequenceTransformStatus = OK
Seq_Frame0048_Timestamp = 5.5
Seq_Frame0049_DriverToReference-SequenceTransform =0.38976 -0.328336 -0.860397 -60.6878 -0.906923 -0.299099 -0.296698 315.773 -0.159927 0.895955 -0.414352 243.228 0 0 0 1 
Seq_Frame0049_DriverToReference-SequenceTransformStatus = OK
Seq_Frame0049_Timestamp = 5.605
Seq_Frame0050_DriverToReference-SequenceTransform =0.459856 -0.192582 -0.866859 -75.681 -0.850606 -0.375813 -0.367743 315.299 -0.254956 0.906464 -0.336631 247.34 0 0 0 1 
Seq_Frame0050_DriverToReference-SequenceTransformStatus = OK
Seq_Frame0050_Timestamp = 5.709
Seq_Frame0051_DriverToReference-SequenceTransform =0.52868 -0.130877 -0.838671 -78.235 -0.788862 -0.440513 -0.428538 314.465 -0.313359 0.888155 -0.336134 250.958 0 0 0 1 
Seq_Frame0051_DriverToReference-SequenceTransformStatus = OK
Seq_Frame0051_Timestamp = 5.81
Seq_Frame0052_DriverToReference-SequenceTransform =0.524238 -0.027623 -0.851124 -76.964 -0.78011 -0.416357 -0.466986 318.308 -0.341472 0.908782 -0.239819 256.101 0 0 0 1 
Seq_Frame0052_DriverToReference-SequenceTransformStatus = OK
Seq_Frame0052_Timestamp = 5.925
Seq_Frame0053_DriverToReference-SequenceTransform =0.548598 -0.244113 -0.799656 -45.0621 -0.819137 -0.348532 -0.455566 333.891 -0.167496 0.90495 -0.391166 245.166 0 0 0 1 
Seq_Frame0053_DriverToReference-SequenceTransformStatus = OK
Seq_Frame0053_Timestamp = 6.03
Seq_Frame0054_DriverToReference-SequenceTransform =0.30759 -0.707393 -0.636383 16.5763 -0.950222 -0.193456 -0.244239 346.917 0.0496612 0.679831 -0.731686 243.906 0 0 0 1 
Seq_Frame0054_DriverToReference-SequenceTransformStatus = OK
Seq_Frame0054_Timestamp = 6.135
Seq_Frame0055_DriverToReference-SequenceTransform =0.163137 -0.763869 -0.624412 43.7039 -0.955349 0.0357323 -0.293311 331.006 0.246363 0.644382 -0.723932 250.572 0 0 0 1 
Seq_Frame0055_DriverToReference-SequenceTransformStatus = OK
Seq_Frame0055_Timestamp = 6.245
Seq_Frame0056_DriverToReference-SequenceTransform =0.149664 -0.758141 -0.634684 49.3495 -0.968087 0.0181426 -0.249955 319.813 0.201016 0.651838 -0.731231 256.102 0 0 0 1 
Seq_Frame0056_DriverToReference-SequenceTransformStatus = OK
Seq_Frame0056_Timestamp = 6.35
Seq_Frame0057_DriverToReference-SequenceTransform =-0.0795817 -0.788916 -0.609326 48.9087 -0.96814 0.206764 -0.141259 311.325 0.237428 0.578671 -0.780236 248.919 0 0 0 1 
Seq_Frame0057_DriverToReference-SequenceTransformStatus = OK
Seq_Frame0057_Timestamp = 6.455
Seq_Frame0058_DriverToReference-SequenceTransform =-0.544535 -0.64992 -0.530175 38.9063 -0.818114 0.550888 0.164961 299.316 0.184855 0.523571 -0.831686 229.016 0 0 0 1 
Seq_Frame0058_DriverToReference-SequenceTransformStatus = OK
Seq_Frame0058_Timestamp = 6.565
Seq_Frame0059_DriverToReference-SequenceTransform =-0.733447 -0.468785 -0.492236 21.336 -0.659958 0.66455 0.350468 285.505 0.162822 0.581905 -0.796791 207.053 0 0 0 1 
Seq_Frame0059_DriverToReference-SequenceTransformStatus = OK
Seq_Frame0059_Timestamp = 6.671
Seq_Frame0060_DriverToReference-SequenceTransform =-0.719376 -0.380502 -0.581134 2.93648 -0.639876 0.68855 0.341258 277.469 0.27029 0.617347 -0.738801 184.381 0 0 0 1 
Seq_Frame0060_DriverToReference-SequenceTransformStatus = OK
Seq_Frame0060_Timestamp = 6.785
Seq_Frame0061_DriverToReference-SequenceTransform =-0.772957 -0.273906 -0.572288 -13.2596 -0.567557 0.701673 0.430737 273.096 0.283578 0.657747 -0.69782 171.058 0 0 0 1 
Seq_Frame0061_DriverToReference-SequenceTransformStatus = OK
Seq_Frame0061_Timestamp = 6.885
Seq_Frame0062_DriverToReference-SequenceTransform =-0.801477 -0.17907 -0.570586 -27.083 -0.50643 0.710682 0.488324 270.256 0.318061 0.680342 -0.660282 166.745 0 0 0 1 
Seq_Frame0062_DriverToReference-SequenceTransformStatus = OK
Seq_Frame0062_Timestamp = 6.995
Seq_Frame0063_DriverToReference-SequenceTransform =-0.800294 -0.173542 -0.573945 -34.7833 -0.509525 0.701429 0.498379 271.044 0.316092 0.691289 -0.649773 169.898 0 0 0 1 
Seq_Frame0063_DriverToReference-SequenceTransformStatus = OK
Seq_Frame0063_Timestamp = 7.1
Seq_Frame0064_DriverToReference-SequenceTransform =-0.794106 -0.213522 -0.569037 -34.4319 -0.53816 0.682128 0.49506 276.909 0.28245 0.699363 -0.656592 176.095 0 0 0 1 
Seq_Frame0064_DriverToReference-SequenceTransformStatus = OK
Seq_Frame0064_Timestamp = 7.21
Seq_Frame0065_DriverToReference-SequenceTransform =-0.785128 -0.223966 -0.577419 -30.0217 -0.553476 0.672099 0.491882 284.478 0.277918 0.705778 -0.651644 186.462 0 0 0 1 
Seq_Frame0065_DriverToReference-SequenceTransformStatus = OK
Seq_Frame0065_Timestamp = 7.318
Seq_Frame0066_DriverToReference-SequenceTransform =-0.800922 -0.250093 -0.544038 -23.3958 -0.548858 0.669814 0.500104 289.89 0.239332 0.699144 -0.673734 196.906 0 0 0 1 
Seq_Frame0066_DriverToReference-SequenceTransformStatus = OK
Seq_Frame0066_Timestamp = 7.435
Seq_Frame0067_DriverToReference-SequenceTransform =-0.794665 -0.285551 -0.535694 -18.019 -0.564276 0.672846 0.478405 295.169 0.22383 0.682451 -0.695816 206.881 0 0 0 1 
Seq_Frame0067_DriverToReference-SequenceTransformStatus = OK
Seq_Frame0067_Timestamp = 7.543
Seq_Frame0068_DriverToReference-SequenceTransform =-0.801458 -0.307081 -0.513192 -11.3227 -0.565754 0.667479 0.484142 301.362 0.193874 0.67836 -0.708689 214.621 0 0 0 1 
Seq_Frame0068_DriverToReference-SequenceTransformStatus = OK
Seq_Frame0068_Timestamp = 7.65
Seq_Frame0069_DriverToReference-SequenceTransform =-0.81323 -0.317227 -0.487877 -5.95646 -0.560254 0.653529 0.508936 304.361 0.157393 0.687217 -0.709197 221.636 0 0 0 1 
Seq_Frame0069_DriverToReference-SequenceTransformStatus = OK
Seq_Frame0069_Timestamp = 7.755
Seq_Frame0070_DriverToReference-SequenceTransform =-0.812518 -0.320246 -0.487091 -5.54897 -0.561081 0.656289 0.504453 302.662 0.158124 0.683174 -0.71293 229.569 0 0 0 1 
Seq_Frame0070_DriverToReference-SequenceTransformStatus = OK
Seq_Frame0070_Timestamp = 7.861
Seq_Frame0071_DriverToReference-SequenceTransform =-0.791367 -0.337593 -0.509675 -6.53423 -0.584217 0.663196 0.467826 299.158 0.18008 0.667983 -0.722059 234.278 0 0 0 1 
Seq_Frame0071_DriverToReference-SequenceTransformStatus = OK
Seq_Frame0071_Timestamp = 7.976
Seq_Frame0072_DriverToReference-SequenceTransform =-0.783488 -0.346937 -0.51554 -4.11694 -0.594382 0.66041 0.458878 294.132 0.181266 0.665953 -0.723636 237.416 0 0 0 1 
Seq_Frame0072_DriverToReference-SequenceTransformStatus = OK
Seq_Frame0072_Timestamp = 8.076
Seq_Frame0073_DriverToReference-SequenceTransform =-0.765693 -0.381516 -0.517841 -0.379743 -0.623924 0.636206 0.45383 286.125 0.15631 0.670588 -0.725175 240.717 0 0 0 1 
Seq_Frame0073_DriverToReference-SequenceTransformStatus = OK
Seq_Frame0073_Timestamp = 8.18
Seq_Frame0074_DriverToReference-SequenceTransform =-0.715107 -0.425413 -0.554658 -2.66181 -0.674425 0.628506 0.387467 280.861 0.183773 0.651156 -0.736358 240.241 0 0 0 1 
Seq_Frame0074_DriverToReference-SequenceTransformStatus = OK
Seq_Frame0074_Timestamp = 8.285
Seq_Frame0075_DriverToReference-SequenceTransform =-0.688672 -0.421302 -0.590115 -1.65953 -0.680864 0.655593 0.326529 275.959 0.249308 0.62666 -0.738338 239.957 0 0 0 1 
Seq_Frame0075_DriverToReference-SequenceTransformStatus = OK
Seq_Frame0075_Timestamp = 8.39
Seq_Frame0076_DriverToReference-SequenceTransform =-0.726607 -0.428558 -0.53701 2.45886 -0.661155 0.648721 0.376875 271.637 0.186857 0.628887 -0.754709 239.328 0 0 0 1 
Seq_Frame0076_DriverToReference-SequenceTransformStatus = OK
Seq_Frame0076_Timestamp = 8.494
Seq_Frame0077_DriverToReference-SequenceTransform =-0.715232 -0.434717 -0.547233 2.97846 -0.667189 0.657844 0.349428 270.275 0.208092 0.61503 -0.76055 239.182 0 0 0 1 
Seq_Frame0077_DriverToReference-SequenceTransformStatus = OK
Seq_Frame0077_Timestamp = 8.605
Seq_Frame0078_DriverToReference-SequenceTransform =-0.694405 -0.445096 -0.565413 1.47782 -0.681147 0.659949 0.317027 269.754 0.232036 0.605274 -0.761447 240.043 0 0 0 1 
Seq_Frame0078_DriverToReference-SequenceTransformStatus = OK
Seq_Frame0078_Timestamp = 8.71
Seq_Frame0079_DriverToReference-SequenceTransform =-0.699402 -0.44417 -0.559956 1.17039 -0.678508 0.658861 0.324854 269.486 0.224642 0.607138 -0.762181 240.244 0 0 0 1 
Seq_Frame0079_DriverToReference-SequenceTransformStatus = OK
Seq_Frame0079_Timestamp = 8.818
Seq_Frame0080_DriverToReference-SequenceTransform =-0.703643 -0.436618 -0.560582 0.551321 -0.675772 0.655019 0.338057 269.071 0.21959 0.616697 -0.755953 240.648 0 0 0 1 
Seq_Frame0080_DriverToReference-SequenceTransformStatus = OK
Seq_Frame0080_Timestamp = 8.925
Seq_Frame0081_DriverToReference-SequenceTransform =-0.684798 -0.430213 -0.588191 -0.442772 -0.680544 0.66618 0.305063 269.448 0.260599 0.609196 -0.748978 241.186 0 0 0 1 
Seq_Frame0081_DriverToReference-SequenceTransformStatus = OK
Seq_Frame0081_Timestamp = 9.037
Seq_Frame0082_DriverToReference-SequenceTransform =-0.686669 -0.425306 -0.589576 -0.630981 -0.679806 0.663025 0.313467 269.252 0.257585 0.616045 -0.744405 241.871 0 0 0 1 
Seq_Frame0082_DriverToReference-SequenceTransformStatus = OK
Seq_Frame0082_Timestamp = 9.145
Seq_Frame0083_DriverToReference-SequenceTransform =-0.700956 -0.432772 -0.566894 -1.11645 -0.677172 0.653302 0.338577 269.223 0.223827 0.621213 -0.750997 241.501 0 0 0 1 
Seq_Frame0083_DriverToReference-SequenceTransformStatus = OK
Seq_Frame0083_Timestamp = 9.25
Seq_Frame0084_DriverToReference-SequenceTransform =-0.68928 -0.435808 -0.578761 -1.89012 -0.682744 0.658 0.317644 269.226 0.242393 0.614091 -0.751091 242.281 0 0 0 1 
Seq_Frame0084_DriverToReference-SequenceTransformStatus = OK
Seq_Frame0084_Timestamp = 9.355
Seq_Frame0085_DriverToReference-SequenceTransform =-0.687631 -0.436475 -0.580219 -1.89352 -0.683291 0.659245 0.313861 268.539 0.245514 0.612279 -0.751557 242.387 0 0 0 1 
Seq_Frame0085_DriverToReference-SequenceTransformStatus = OK
Seq_Frame0085_Timestamp = 9.465
Seq_Frame0086_DriverToReference-SequenceTransform =-0.685211 -0.437489 -0.582313 -2.0982 -0.684112 0.660957 0.308425 268.241 0.249951 0.609704 -0.752187 242.379 0 0 0 1 
Seq_Frame0086_DriverToReference-SequenceTransformStatus = OK
Seq_Frame0086_Timestamp = 9.577
Seq_Frame0087_DriverToReference-SequenceTransform =-0.686333 -0.435143 -0.58275 -1.96111 -0.681584 0.664399 0.306624 267.665 0.253753 0.607639 -0.752585 242.659 0 0 0 1 
Seq_Frame0087_DriverToReference-SequenceTransformStatus = OK
Seq_Frame0087_Timestamp = 9.68
Seq_Frame0088_DriverToReference-SequenceTransform =-0.688837 -0.437552 -0.577972 -1.93762 -0.680502 0.665088 0.307532 266.971 0.249841 0.60515 -0.755892 242.924 0 0 0 1 
Seq_Frame0088_DriverToReference-SequenceTransformStatus = OK
Seq_Frame0088_Timestamp = 9.79
Seq_Frame0089_DriverToReference-SequenceTransform =-0.697226 -0.430165 -0.57344 -1.83077 -0.674576 0.664362 0.321824 266.794 0.242534 0.611213 -0.75339 242.69 0 0 0 1 
Seq_Frame0089_DriverToReference-SequenceTransformStatus = OK
Seq_Frame0089_Timestamp = 9.9
Seq_Frame0090_DriverToReference-SequenceTransform =-0.694252 -0.43343 -0.574589 -2.19226 -0.676367 0.66582 0.314979 266.599 0.246051 0.607308 -0.755404 242.724 0 0 0 1 
Seq_Frame0090_DriverToReference-SequenceTransformStatus = OK
Seq_Frame0090_Timestamp = 10.01
Seq_Frame0091_DriverToReference-SequenceTransform =-0.697184 -0.423627 -0.578338 -1.77362 -0.673134 0.664368 0.324817 266.236 0.246628 0.615756 -0.748344 243.148 0 0 0 1 
Seq_Frame0091_DriverToReference-SequenceTransformStatus = OK
Seq_Frame0091_Timestamp = 10.115
Seq_Frame0092_DriverToReference-SequenceTransform =-0.698375 -0.424321 -0.576388 -1.64893 -0.672289 0.665195 0.324875 265.969 0.245559 0.614384 -0.749822 243.102 0 0 0 1 
Seq_Frame0092_DriverToReference-SequenceTransformStatus = OK
Seq_Frame0092_Timestamp = 10.221
Seq_Frame0093_DriverToReference-SequenceTransform =-0.703995 -0.427297 -0.567282 -1.38703 -0.668227 0.669068 0.325301 265.134 0.24055 0.608083 -0.756552 242.27 0 0 0 1 
Seq_Frame0093_DriverToReference-SequenceTransformStatus = OK
Seq_Frame0093_Timestamp = 10.325
Seq_Frame0094_DriverToReference-SequenceTransform =-0.729768 -0.398427 -0.555603 -1.21622 -0.635191 0.695735 0.335388 262.539 0.252925 0.59767 -0.760802 240.105 0 0 0 1 
Seq_Frame0094_DriverToReference-SequenceTransformStatus = OK
Seq_Frame0094_Timestamp = 10.43
Seq_Frame0095_DriverToReference-SequenceTransform =-0.610557 -0.406291 -0.679814 -13.2191 -0.707932 0.664794 0.238497 258.542 0.355038 0.626878 -0.693521 223.944 0 0 0 1 
Seq_Frame0095_DriverToReference-SequenceTransformStatus = OK
Seq_Frame0095_Timestamp = 10.54
Seq_Frame0096_DriverToReference-SequenceTransform =-0.12464 -0.545143 -0.829026 -29.9629 -0.950684 0.304786 -0.0574876 258.14 0.284014 0.780977 -0.556247 190.728 0 0 0 1 
Seq_Frame0096_DriverToReference-SequenceTransformStatus = OK
Seq_Frame0096_Timestamp = 10.645
Seq_Frame0097_DriverToReference-SequenceTransform =0.36802 -0.578662 -0.727813 -32.3492 -0.918454 -0.348239 -0.187544 240.493 -0.144928 0.737482 -0.659633 158.12 0 0 0 1 
Seq_Frame0097_DriverToReference-SequenceTransformStatus = OK
Seq_Frame0097_Timestamp = 10.75
Seq_Frame0098_DriverToReference-SequenceTransform =0.422412 -0.630478 -0.651203 -38.2341 -0.888183 -0.431248 -0.158609 212.774 -0.180831 0.645385 -0.742144 121.609 0 0 0 1 
Seq_Frame0098_DriverToReference-SequenceTransformStatus = OK
Seq_Frame0098_Timestamp = 10.854
Seq_Frame0099_DriverToReference-SequenceTransform =0.4698 -0.603592 -0.644178 -52.6758 -0.871513 -0.433304 -0.229592 190.727 -0.140545 0.669272 -0.729604 101.367 0 0 0 1 
Seq_Frame0099_DriverToReference-SequenceTransformStatus = OK
Seq_Frame0099_Timestamp = 10.965
Seq_Frame0100_DriverToReference-SequenceTransform =0.409224 -0.581007 -0.703539 -65.7331 -0.893098 -0.412956 -0.17845 186.489 -0.18685 0.701355 -0.687887 102.111 0 0 0 1 
Seq_Frame0100_DriverToReference-SequenceTransformStatus = OK
Seq_Frame0100_Timestamp = 11.068
Seq_Frame0101_DriverToReference-SequenceTransform =0.409187 -0.529012 -0.743446 -74.8902 -0.886011 -0.425078 -0.185182 180.28 -0.218059 0.734475 -0.642648 101.713 0 0 0 1 
Seq_Frame0101_DriverToReference-SequenceTransformStatus = OK
Seq_Frame0101_Timestamp = 11.175
Seq_Frame0102_DriverToReference-SequenceTransform =0.363075 -0.514938 -0.77654 -74.9315 -0.911666 -0.368473 -0.181912 178.192 -0.192461 0.773993 -0.603235 96.8808 0 0 0 1 
Seq_Frame0102_DriverToReference-SequenceTransformStatus = OK
Seq_Frame0102_Timestamp = 11.285
Seq_Frame0103_DriverToReference-SequenceTransform =0.340105 -0.434134 -0.83418 -77.858 -0.925552 -0.311475 -0.215257 178.359 -0.166376 0.845287 -0.507748 92.8424 0 0 0 1 
Seq_Frame0103_DriverToReference-SequenceTransformStatus = OK
Seq_Frame0103_Timestamp = 11.39
Seq_Frame0104_DriverToReference-SequenceTransform =0.339708 -0.413546 -0.844736 -80.3162 -0.930293 -0.279899 -0.237089 180.798 -0.138393 0.866393 -0.479803 95.3403 0 0 0 1 
Seq_Frame0104_DriverToReference-SequenceTransformStatus = OK
Seq_Frame0104_Timestamp = 11.5
Seq_Frame0105_DriverToReference-SequenceTransform =0.347609 -0.436015 -0.830096 -76.5712 -0.931369 -0.262774 -0.251994 181.135 -0.108254 0.860721 -0.497433 97.4229 0 0 0 1 
Seq_Frame0105_DriverToReference-SequenceTransformStatus = OK
Seq_Frame0105_Timestamp = 11.602
Seq_Frame0106_DriverToReference-SequenceTransform =0.372008 -0.484617 -0.791679 -65.9879 -0.928215 -0.199041 -0.314324 182.14 -0.00524979 0.85178 -0.523874 105.809 0 0 0 1 
Seq_Frame0106_DriverToReference-SequenceTransformStatus = OK
Seq_Frame0106_Timestamp = 11.715
Seq_Frame0107_DriverToReference-SequenceTransform =0.42165 -0.487336 -0.764666 -59.8541 -0.906225 -0.19756 -0.373799 185.512 0.0310985 0.850572 -0.524938 118.438 0 0 0 1 
Seq_Frame0107_DriverToReference-SequenceTransformStatus = OK
Seq_Frame0107_Timestamp = 11.825
Seq_Frame0108_DriverToReference-SequenceTransform =0.509562 -0.485989 -0.710043 -52.7201 -0.860368 -0.277583 -0.427451 193.918 0.0106402 0.828711 -0.559575 122.011 0 0 0 1 
Seq_Frame0108_DriverToReference-SequenceTransformStatus = OK
Seq_Frame0108_Timestamp = 11.931
Seq_Frame0109_DriverToReference-SequenceTransform =0.516938 -0.52604 -0.67532 -58.6501 -0.832013 -0.494292 -0.251854 210.543 -0.20132 0.692068 -0.69319 111.307 0 0 0 1 
Seq_Frame0109_DriverToReference-SequenceTransformStatus = OK
Seq_Frame0109_Timestamp = 12.04
Seq_Frame0110_DriverToReference-SequenceTransform =0.355055 -0.490089 -0.796083 -80.4801 -0.909386 -0.378451 -0.172605 197.192 -0.216687 0.785231 -0.580051 104.953 0 0 0 1 
Seq_Frame0110_DriverToReference-SequenceTransformStatus = OK
Seq_Frame0110_Timestamp = 12.146
Seq_Frame0111_DriverToReference-SequenceTransform =0.342753 -0.435939 -0.832152 -90.0979 -0.928654 -0.290986 -0.230063 180.873 -0.141851 0.851636 -0.504573 100.681 0 0 0 1 
Seq_Frame0111_DriverToReference-SequenceTransformStatus = OK
Seq_Frame0111_Timestamp = 12.255
Seq_Frame0112_DriverToReference-SequenceTransform =0.306194 -0.33929 -0.889454 -93.0536 -0.941634 -0.245248 -0.230605 185.125 -0.139895 0.90815 -0.39458 99.1323 0 0 0 1 
Seq_Frame0112_DriverToReference-SequenceTransformStatus = OK
Seq_Frame0112_Timestamp = 12.36
Seq_Frame0113_DriverToReference-SequenceTransform =0.292529 -0.365687 -0.883572 -92.3373 -0.945 -0.251911 -0.208607 189.118 -0.146296 0.895999 -0.419265 98.5043 0 0 0 1 
Seq_Frame0113_DriverToReference-SequenceTransformStatus = OK
Seq_Frame0113_Timestamp = 12.465
Seq_Frame0114_DriverToReference-SequenceTransform =0.282909 -0.454039 -0.844873 -85.4943 -0.953036 -0.232343 -0.194266 188.816 -0.108096 0.860154 -0.498447 97.4931 0 0 0 1 
Seq_Frame0114_DriverToReference-SequenceTransformStatus = OK
Seq_Frame0114_Timestamp = 12.57
Seq_Frame0115_DriverToReference-SequenceTransform =0.273125 -0.522531 -0.80769 -74.74 -0.961331 -0.179067 -0.209233 187.718 -0.0352997 0.833604 -0.551233 96.8697 0 0 0 1 
Seq_Frame0115_DriverToReference-SequenceTransformStatus = OK
Seq_Frame0115_Timestamp = 12.674
Seq_Frame0116_DriverToReference-SequenceTransform =0.294531 -0.558942 -0.775136 -68.7533 -0.954324 -0.129448 -0.269274 185.631 0.050169 0.81904 -0.571539 106.104 0 0 0 1 
Seq_Frame0116_DriverToReference-SequenceTransformStatus = OK
Seq_Frame0116_Timestamp = 12.785
Seq_Frame0117_DriverToReference-SequenceTransform =0.332817 -0.569982 -0.751234 -68.2008 -0.938132 -0.119364 -0.325053 188.195 0.095604 0.812941 -0.574445 115.872 0 0 0 1 
Seq_Frame0117_DriverToReference-SequenceTransformStatus = OK
Seq_Frame0117_Timestamp = 12.89
Seq_Frame0118_DriverToReference-SequenceTransform =0.373923 -0.615572 -0.693724 -60.487 -0.917032 -0.133539 -0.375792 190.488 0.138688 0.776685 -0.614432 122.632 0 0 0 1 
Seq_Frame0118_DriverToReference-SequenceTransformStatus = OK
Seq_Frame0118_Timestamp = 12.995
Seq_Frame0119_DriverToReference-SequenceTransform =0.388155 -0.621006 -0.680945 -62.6897 -0.899081 -0.0928464 -0.427824 191.662 0.202458 0.778287 -0.594374 134.998 0 0 0 1 
Seq_Frame0119_DriverToReference-SequenceTransformStatus = OK
Seq_Frame0119_Timestamp = 13.1
Seq_Frame0120_DriverToReference-SequenceTransform =0.425372 -0.611115 -0.667531 -65.2063 -0.884561 -0.124798 -0.449419 197.675 0.19134 0.781642 -0.593654 140.828 0 0 0 1 
Seq_Frame0120_DriverToReference-SequenceTransformStatus = OK
Seq_Frame0120_Timestamp = 13.21
Seq_Frame0121_DriverToReference-SequenceTransform =0.423019 -0.6293 -0.651948 -62.4501 -0.882456 -0.122752 -0.454097 201.935 0.205735 0.767407 -0.607256 145.751 0 0 0 1 
Seq_Frame0121_DriverToReference-SequenceTransformStatus = OK
Seq_Frame0121_Timestamp = 13.315
Seq_Frame0122_DriverToReference-SequenceTransform =0.39888 -0.650815 -0.646015 -56.4507 -0.897556 -0.132774 -0.420433 205.593 0.18785 0.747537 -0.637103 150.818 0 0 0 1 
Seq_Frame0122_DriverToReference-SequenceTransformStatus = OK
Seq_Frame0122_Timestamp = 13.42
Seq_Frame0123_DriverToReference-SequenceTransform =0.421337 -0.632337 -0.650096 -55.5698 -0.893799 -0.168108 -0.415768 209.57 0.153619 0.756234 -0.636012 154.56 0 0 0 1 
Seq_Frame0123_DriverToReference-SequenceTransformStatus = OK
Seq_Frame0123_Timestamp = 13.525
Seq_Frame0124_DriverToReference-SequenceTransform =0.425971 -0.605466 -0.67228 -56.9255 -0.884467 -0.122274 -0.450297 205.977 0.190437 0.786423 -0.5876 157.727 0 0 0 1 
Seq_Frame0124_DriverToReference-SequenceTransformStatus = OK
Seq_Frame0124_Timestamp = 13.635
Seq_Frame0125_DriverToReference-SequenceTransform =0.434183 -0.554606 -0.709857 -59.0287 -0.878868 -0.0878749 -0.468902 205.688 0.197677 0.82746 -0.525579 158.88 0 0 0 1 
Seq_Frame0125_DriverToReference-SequenceTransformStatus = OK
Seq_Frame0125_Timestamp = 13.74
Seq_Frame0126_DriverToReference-SequenceTransform =0.408043 -0.568742 -0.714166 -54.2718 -0.892655 -0.0844676 -0.442756 206.669 0.19149 0.818168 -0.542156 161.963 0 0 0 1 
Seq_Frame0126_DriverToReference-SequenceTransformStatus = OK
Seq_Frame0126_Timestamp = 13.845
Seq_Frame0127_DriverToReference-SequenceTransform =0.418061 -0.573309 -0.704657 -50.0131 -0.881362 -0.068077 -0.46751 208.844 0.220057 0.816506 -0.533754 166.976 0 0 0 1 
Seq_Frame0127_DriverToReference-SequenceTransformStatus = OK
Seq_Frame0127_Timestamp = 13.949
Seq_Frame0128_DriverToReference-SequenceTransform =0.436693 -0.554952 -0.708045 -50.5128 -0.872923 -0.071112 -0.482647 210.588 0.217495 0.828838 -0.515484 173.296 0 0 0 1 
Seq_Frame0128_DriverToReference-SequenceTransformStatus = OK
Seq_Frame0128_Timestamp = 14.059
Seq_Frame0129_DriverToReference-SequenceTransform =0.457756 -0.447252 -0.768391 -55.7194 -0.869884 -0.0466886 -0.491043 209.476 0.183745 0.893189 -0.410429 180.675 0 0 0 1 
Seq_Frame0129_DriverToReference-SequenceTransformStatus = OK
Seq_Frame0129_Timestamp = 14.165
Seq_Frame0130_DriverToReference-SequenceTransform =0.470518 -0.307246 -0.827172 -61.6979 -0.869264 -0.000307112 -0.494348 206.16 0.151632 0.95163 -0.267222 190.125 0 0 0 1 
Seq_Frame0130_DriverToReference-SequenceTransformStatus = OK
Seq_Frame0130_Timestamp = 14.269
Seq_Frame0131_DriverToReference-SequenceTransform =0.653523 -0.235659 -0.719286 -33.3734 -0.755231 -0.13982 -0.640373 202.925 0.0503386 0.961725 -0.269352 190.197 0 0 0 1 
Seq_Frame0131_DriverToReference-SequenceTransformStatus = OK
Seq_Frame0131_Timestamp = 14.559
Seq_Frame0132_DriverToReference-SequenceTransform =0.634332 -0.335239 -0.69659 -31.2537 -0.772266 -0.233944 -0.590657 205.609 0.035048 0.912625 -0.407292 182.68 0 0 0 1 
Seq_Frame0132_DriverToReference-SequenceTransformStatus = OK
Seq_Frame0132_Timestamp = 14.676
Seq_Frame0133_DriverToReference-SequenceTransform =0.527035 -0.42224 -0.737528 -43.8354 -0.846661 -0.185837 -0.498628 197.153 0.0734806 0.887231 -0.455436 152.051 0 0 0 1 
Seq_Frame0133_DriverToReference-SequenceTransformStatus = OK
Seq_Frame0133_Timestamp = 14.79
Seq_Frame0134_DriverToReference-SequenceTransform =0.435971 -0.430527 -0.790301 -51.4734 -0.895315 -0.296597 -0.332327 188.233 -0.0913249 0.852454 -0.514764 120.918 0 0 0 1 
Seq_Frame0134_DriverToReference-SequenceTransformStatus = OK
Seq_Frame0134_Timestamp = 14.895
Seq_Frame0135_DriverToReference-SequenceTransform =0.396029 -0.37059 -0.840133 -61.0277 -0.886157 -0.39398 -0.243936 178.139 -0.240596 0.841096 -0.484429 96.7129 0 0 0 1 
Seq_Frame0135_DriverToReference-SequenceTransformStatus = OK
Seq_Frame0135_Timestamp = 15
Seq_Frame0136_DriverToReference-SequenceTransform =0.243246 -0.41213 -0.878055 -60.8059 -0.922346 -0.378431 -0.0778925 168.701 -0.300182 0.828818 -0.472178 82.2209 0 0 0 1 
Seq_Frame0136_DriverToReference-SequenceTransformStatus = OK
Seq_Frame0136_Timestamp = 15.11
Seq_Frame0137_DriverToReference-SequenceTransform =0.21543 -0.427729 -0.87786 -51.3488 -0.93038 -0.362966 -0.0514671 163.941 -0.296619 0.827831 -0.476144 80.8895 0 0 0 1 
Seq_Frame0137_DriverToReference-SequenceTransformStatus = OK
Seq_Frame0137_Timestamp = 15.215
Seq_Frame0138_DriverToReference-SequenceTransform =0.282815 -0.337573 -0.897808 -52.7951 -0.914185 -0.378171 -0.145782 161.801 -0.290313 0.861992 -0.415557 89.8059 0 0 0 1 
Seq_Frame0138_DriverToReference-SequenceTransformStatus = OK
Seq_Frame0138_Timestamp = 15.325
Seq_Frame0139_DriverToReference-SequenceTransform =0.326758 -0.335681 -0.883486 -50.79 -0.906659 -0.375255 -0.192751 167.196 -0.26683 0.864003 -0.426966 100.838 0 0 0 1 
Seq_Frame0139_DriverToReference-SequenceTransformStatus = OK
Seq_Frame0139_Timestamp = 15.43
Seq_Frame0140_DriverToReference-SequenceTransform =0.393192 -0.28565 -0.873959 -54.2736 -0.879508 -0.393982 -0.266917 171.605 -0.268079 0.873603 -0.406141 112.078 0 0 0 1 
Seq_Frame0140_DriverToReference-SequenceTransformStatus = OK
Seq_Frame0140_Timestamp = 15.536
Seq_Frame0141_DriverToReference-SequenceTransform =0.406886 -0.247235 -0.879386 -59.1401 -0.875045 -0.381797 -0.297537 177.937 -0.262185 0.890565 -0.371689 123.562 0 0 0 1 
Seq_Frame0141_DriverToReference-SequenceTransformStatus = OK
Seq_Frame0141_Timestamp = 15.64
Seq_Frame0142_DriverToReference-SequenceTransform =0.415027 -0.288109 -0.862987 -58.7763 -0.870342 -0.402069 -0.284333 185.564 -0.265061 0.8691 -0.417622 134.451 0 0 0 1 
Seq_Frame0142_DriverToReference-SequenceTransformStatus = OK
Seq_Frame0142_Timestamp = 15.745
Seq_Frame0143_DriverToReference-SequenceTransform =0.431395 -0.35444 -0.829621 -56.6528 -0.869731 -0.407745 -0.27805 196.325 -0.239722 0.841496 -0.484167 148.553 0 0 0 1 
Seq_Frame0143_DriverToReference-SequenceTransformStatus = OK
Seq_Frame0143_Timestamp = 15.855
Seq_Frame0144_DriverToReference-SequenceTransform =0.470324 -0.406193 -0.783455 -51.5832 -0.8568 -0.422842 -0.295126 207.619 -0.211399 0.810069 -0.546899 166.984 0 0 0 1 
Seq_Frame0144_DriverToReference-SequenceTransformStatus = OK
Seq_Frame0144_Timestamp = 15.96
Seq_Frame0145_DriverToReference-SequenceTransform =0.505083 -0.449931 -0.736514 -47.5562 -0.840463 -0.450451 -0.301192 220.41 -0.196248 0.77114 -0.605665 186.457 0 0 0 1 
Seq_Frame0145_DriverToReference-SequenceTransformStatus = OK
Seq_Frame0145_Timestamp = 16.065
Seq_Frame0146_DriverToReference-SequenceTransform =0.533063 -0.460765 -0.709605 -48.481 -0.824864 -0.469645 -0.314695 232.524 -0.188262 0.75308 -0.630419 203.765 0 0 0 1 
Seq_Frame0146_DriverToReference-SequenceTransformStatus = OK
Seq_Frame0146_Timestamp = 16.17
Seq_Frame0147_DriverToReference-SequenceTransform =0.547896 -0.457559 -0.700321 -51.7348 -0.812334 -0.490959 -0.314758 243.77 -0.199808 0.741349 -0.640686 222.115 0 0 0 1 
Seq_Frame0147_DriverToReference-SequenceTransformStatus = OK
Seq_Frame0147_Timestamp = 16.28
Seq_Frame0148_DriverToReference-SequenceTransform =0.551787 -0.429943 -0.714619 -53.1381 -0.805879 -0.495451 -0.32417 251.553 -0.214685 0.75477 -0.619865 237.348 0 0 0 1 
Seq_Frame0148_DriverToReference-SequenceTransformStatus = OK
Seq_Frame0148_Timestamp = 16.39
Seq_Frame0149_DriverToReference-SequenceTransform =0.539438 -0.436539 -0.720028 -51.0395 -0.817101 -0.477901 -0.322423 254.371 -0.203352 0.762263 -0.614494 240.324 0 0 0 1 
Seq_Frame0149_DriverToReference-SequenceTransformStatus = OK
Seq_Frame0149_Timestamp = 16.495
Seq_Frame0150_DriverToReference-SequenceTransform =0.526214 -0.438131 -0.728794 -50.6541 -0.824374 -0.473067 -0.310831 253.637 -0.208583 0.764362 -0.610118 238.79 0 0 0 1 
Seq_Frame0150_DriverToReference-SequenceTransformStatus = OK
