ObjectType = Image
NDims = 3
AnatomicalOrientation = RAI
BinaryData = True
CompressedData = False
DimSize = 0 0 6614
ElementSpacing = 1 1 1
Offset = 0 0 0
TransformMatrix = 1 0 0 0 1 0 0 0 1
ElementType = MET_UCHAR
Kinds = domain domain list
Seq_Frame0000_ForcepToReference-SequenceTransform =-0.595613 0.361092 0.717535 -132.707 0.79696 0.377396 0.471622 163.308 -0.100496 0.852751 -0.512558 240.4 0 0 0 1 
Seq_Frame0000_ForcepToReference-SequenceTransformStatus = OK
Seq_Frame0000_Timestamp = 0.00300002
Seq_Frame0001_ForcepToReference-SequenceTransform =-0.595724 0.36142 0.717279 -132.639 0.79706 0.376139 0.472457 163.19 -0.0990416 0.853168 -0.512148 240.544 0 0 0 1 
Seq_Frame0001_ForcepToReference-SequenceTransformStatus = OK
Seq_Frame0001_Timestamp = 0.115
Seq_Frame0002_ForcepToReference-SequenceTransform =-0.595732 0.360755 0.717606 -132.711 0.796814 0.377751 0.471584 163.365 -0.10095 0.852737 -0.512493 240.39 0 0 0 1 
Seq_Frame0002_ForcepToReference-SequenceTransformStatus = OK
Seq_Frame0002_Timestamp = 0.219
Seq_Frame0003_ForcepToReference-SequenceTransform =-0.595126 0.360377 0.718299 -132.725 0.797074 0.37865 0.470422 163.396 -0.102455 0.852498 -0.512592 240.354 0 0 0 1 
Seq_Frame0003_ForcepToReference-SequenceTransformStatus = OK
Seq_Frame0003_Timestamp = 0.33
Seq_Frame0004_ForcepToReference-SequenceTransform =-0.595185 0.360571 0.718153 -132.708 0.797354 0.376098 0.471992 163.295 -0.0999088 0.853545 -0.511351 240.463 0 0 0 1 
Seq_Frame0004_ForcepToReference-SequenceTransformStatus = OK
Seq_Frame0004_Timestamp = 0.435
Seq_Frame0005_ForcepToReference-SequenceTransform =-0.595328 0.361094 0.717771 -132.728 0.797267 0.376377 0.471916 163.249 -0.0997467 0.853201 -0.511956 240.513 0 0 0 1 
Seq_Frame0005_ForcepToReference-SequenceTransformStatus = OK
Seq_Frame0005_Timestamp = 0.54
Seq_Frame0006_ForcepToReference-SequenceTransform =-0.595061 0.36014 0.718471 -132.738 0.797133 0.378362 0.470554 163.45 -0.102377 0.852726 -0.512228 240.324 0 0 0 1 
Seq_Frame0006_ForcepToReference-SequenceTransformStatus = OK
Seq_Frame0006_Timestamp = 0.645
Seq_Frame0007_ForcepToReference-SequenceTransform =-0.595136 0.360072 0.718444 -132.747 0.797112 0.378084 0.470813 163.459 -0.102105 0.852878 -0.512029 240.311 0 0 0 1 
Seq_Frame0007_ForcepToReference-SequenceTransformStatus = OK
Seq_Frame0007_Timestamp = 0.755
Seq_Frame0008_ForcepToReference-SequenceTransform =-0.59471 0.360079 0.718793 -132.703 0.797372 0.378245 0.470243 163.359 -0.102556 0.852803 -0.512063 240.418 0 0 0 1 
Seq_Frame0008_ForcepToReference-SequenceTransformStatus = OK
Seq_Frame0008_Timestamp = 0.86
Seq_Frame0009_ForcepToReference-SequenceTransform =-0.595617 0.361581 0.717287 -132.684 0.796968 0.377627 0.471423 163.323 -0.100409 0.852442 -0.513089 240.457 0 0 0 1 
Seq_Frame0009_ForcepToReference-SequenceTransformStatus = OK
Seq_Frame0009_Timestamp = 0.965
Seq_Frame0010_ForcepToReference-SequenceTransform =-0.59581 0.361363 0.717236 -132.677 0.796836 0.377533 0.471722 163.317 -0.100318 0.852576 -0.512885 240.513 0 0 0 1 
Seq_Frame0010_ForcepToReference-SequenceTransformStatus = OK
Seq_Frame0010_Timestamp = 1.07
Seq_Frame0011_ForcepToReference-SequenceTransform =-0.595833 0.361331 0.717233 -132.723 0.79661 0.379287 0.470696 163.462 -0.10196 0.851811 -0.513831 240.297 0 0 0 1 
Seq_Frame0011_ForcepToReference-SequenceTransformStatus = OK
Seq_Frame0011_Timestamp = 1.18
Seq_Frame0012_ForcepToReference-SequenceTransform =-0.59593 0.361139 0.717249 -132.671 0.796712 0.377766 0.471745 163.414 -0.100587 0.852567 -0.512846 240.369 0 0 0 1 
Seq_Frame0012_ForcepToReference-SequenceTransformStatus = OK
Seq_Frame0012_Timestamp = 1.285
Seq_Frame0013_ForcepToReference-SequenceTransform =-0.595412 0.360904 0.717797 -132.75 0.797118 0.377057 0.471627 163.32 -0.100438 0.852981 -0.512187 240.438 0 0 0 1 
Seq_Frame0013_ForcepToReference-SequenceTransformStatus = OK
Seq_Frame0013_Timestamp = 1.39
Seq_Frame0014_ForcepToReference-SequenceTransform =-0.595742 0.361577 0.717184 -132.674 0.796967 0.37693 0.471982 163.249 -0.0996706 0.852752 -0.512719 240.546 0 0 0 1 
Seq_Frame0014_ForcepToReference-SequenceTransformStatus = OK
Seq_Frame0014_Timestamp = 1.495
Seq_Frame0015_ForcepToReference-SequenceTransform =-0.595271 0.360401 0.718167 -132.681 0.797046 0.378113 0.470901 163.371 -0.101835 0.852726 -0.512336 240.407 0 0 0 1 
Seq_Frame0015_ForcepToReference-SequenceTransformStatus = OK
Seq_Frame0015_Timestamp = 1.6
Seq_Frame0016_ForcepToReference-SequenceTransform =-0.594905 0.36013 0.718606 -132.666 0.797204 0.378613 0.470231 163.33 -0.10273 0.852619 -0.512336 240.441 0 0 0 1 
Seq_Frame0016_ForcepToReference-SequenceTransformStatus = OK
Seq_Frame0016_Timestamp = 1.706
Seq_Frame0017_ForcepToReference-SequenceTransform =-0.594896 0.360461 0.718447 -132.641 0.797342 0.377729 0.470708 163.211 -0.101707 0.852871 -0.51212 240.626 0 0 0 1 
Seq_Frame0017_ForcepToReference-SequenceTransformStatus = OK
Seq_Frame0017_Timestamp = 1.815
Seq_Frame0018_ForcepToReference-SequenceTransform =-0.595251 0.36099 0.717887 -132.652 0.797036 0.378688 0.470456 163.3 -0.102026 0.852221 -0.513137 240.504 0 0 0 1 
Seq_Frame0018_ForcepToReference-SequenceTransformStatus = OK
Seq_Frame0018_Timestamp = 1.92
Seq_Frame0019_ForcepToReference-SequenceTransform =-0.595287 0.361098 0.717803 -132.593 0.79728 0.376496 0.471799 163.143 -0.0998839 0.853147 -0.51202 240.706 0 0 0 1 
Seq_Frame0019_ForcepToReference-SequenceTransformStatus = OK
Seq_Frame0019_Timestamp = 2.025
Seq_Frame0020_ForcepToReference-SequenceTransform =-0.595233 0.361207 0.717794 -132.531 0.797286 0.376826 0.471526 163.073 -0.100165 0.852955 -0.512284 240.773 0 0 0 1 
Seq_Frame0020_ForcepToReference-SequenceTransformStatus = OK
Seq_Frame0020_Timestamp = 2.13
Seq_Frame0021_ForcepToReference-SequenceTransform =-0.595857 0.361301 0.717228 -132.642 0.796827 0.377304 0.47192 163.285 -0.100108 0.852703 -0.512714 240.565 0 0 0 1 
Seq_Frame0021_ForcepToReference-SequenceTransformStatus = OK
Seq_Frame0021_Timestamp = 2.24
Seq_Frame0022_ForcepToReference-SequenceTransform =-0.595683 0.361334 0.717356 -132.593 0.79694 0.377335 0.471704 163.193 -0.100241 0.852676 -0.512734 240.615 0 0 0 1 
Seq_Frame0022_ForcepToReference-SequenceTransformStatus = OK
Seq_Frame0022_Timestamp = 2.345
Seq_Frame0023_ForcepToReference-SequenceTransform =-0.594423 0.360616 0.718761 -132.636 0.79754 0.37876 0.469543 163.285 -0.102913 0.852348 -0.512749 240.534 0 0 0 1 
Seq_Frame0023_ForcepToReference-SequenceTransformStatus = OK
Seq_Frame0023_Timestamp = 2.45
Seq_Frame0024_ForcepToReference-SequenceTransform =-0.141776 -0.945044 -0.294604 -132.901 0.0473283 0.290799 -0.955613 163.162 0.988767 -0.149426 0.00349916 240.384 0 0 0 1 
Seq_Frame0024_ForcepToReference-SequenceTransformStatus = OK
Seq_Frame0024_Timestamp = 2.555
Seq_Frame0025_ForcepToReference-SequenceTransform =-0.130058 -0.947005 -0.293711 -132.847 0.0481587 0.289844 -0.955862 163.04 0.990336 -0.138462 0.00791002 241.015 0 0 0 1 
Seq_Frame0025_ForcepToReference-SequenceTransformStatus = OK
Seq_Frame0025_Timestamp = 2.665
Seq_Frame0026_ForcepToReference-SequenceTransform =-0.23005 -0.903308 -0.362094 -132.442 0.17761 0.326853 -0.928236 164.29 0.956834 -0.277852 0.0852438 236.483 0 0 0 1 
Seq_Frame0026_ForcepToReference-SequenceTransformStatus = OK
Seq_Frame0026_Timestamp = 2.769
Seq_Frame0027_ForcepToReference-SequenceTransform =-0.218726 -0.900472 -0.375912 -124.787 0.166876 0.345047 -0.923632 163.915 0.961411 -0.264753 0.0747961 235.063 0 0 0 1 
Seq_Frame0027_ForcepToReference-SequenceTransformStatus = OK
Seq_Frame0027_Timestamp = 2.875
Seq_Frame0028_ForcepToReference-SequenceTransform =-0.310671 -0.85413 -0.417067 -123.497 0.190658 0.373865 -0.907675 163.347 0.9312 -0.361505 0.0466977 230.136 0 0 0 1 
Seq_Frame0028_ForcepToReference-SequenceTransformStatus = OK
Seq_Frame0028_Timestamp = 2.977
Seq_Frame0029_ForcepToReference-SequenceTransform =-0.448754 -0.763274 -0.464793 -124.128 -0.0213022 0.529091 -0.848297 167.844 0.893401 -0.370776 -0.253691 229.752 0 0 0 1 
Seq_Frame0029_ForcepToReference-SequenceTransformStatus = OK
Seq_Frame0029_Timestamp = 3.09
Seq_Frame0030_ForcepToReference-SequenceTransform =-0.657023 -0.516938 -0.548722 -127.592 -0.0118991 0.734894 -0.678078 174.566 0.753777 -0.438984 -0.488993 219.475 0 0 0 1 
Seq_Frame0030_ForcepToReference-SequenceTransformStatus = OK
Seq_Frame0030_Timestamp = 3.2
Seq_Frame0031_ForcepToReference-SequenceTransform =-0.651888 -0.535997 -0.536424 -129.619 0.00891773 0.701921 -0.712199 173.369 0.758263 -0.469058 -0.452794 215.678 0 0 0 1 
Seq_Frame0031_ForcepToReference-SequenceTransformStatus = OK
Seq_Frame0031_Timestamp = 3.306
Seq_Frame0032_ForcepToReference-SequenceTransform =-0.595107 -0.596378 -0.538685 -129.613 0.02571 0.655829 -0.754472 172.632 0.803235 -0.462841 -0.374955 216.491 0 0 0 1 
Seq_Frame0032_ForcepToReference-SequenceTransformStatus = OK
Seq_Frame0032_Timestamp = 3.418
Seq_Frame0033_ForcepToReference-SequenceTransform =-0.595107 -0.596378 -0.538685 -129.613 0.02571 0.655829 -0.754472 172.632 0.803235 -0.462841 -0.374955 216.491 0 0 0 1 
Seq_Frame0033_ForcepToReference-SequenceTransformStatus = OK
Seq_Frame0033_Timestamp = 3.52
Seq_Frame0034_ForcepToReference-SequenceTransform =-0.597915 0.0668382 0.798768 -146.62 0.518029 0.792667 0.321442 171.569 -0.611672 0.60598 -0.508572 200.212 0 0 0 1 
Seq_Frame0034_ForcepToReference-SequenceTransformStatus = OK
Seq_Frame0034_Timestamp = 3.63
Seq_Frame0035_ForcepToReference-SequenceTransform =-0.597915 0.0668382 0.798768 -146.62 0.518029 0.792667 0.321442 171.569 -0.611672 0.60598 -0.508572 200.212 0 0 0 1 
Seq_Frame0035_ForcepToReference-SequenceTransformStatus = OK
Seq_Frame0035_Timestamp = 3.735
Seq_Frame0036_ForcepToReference-SequenceTransform =-0.597915 0.0668382 0.798768 -146.62 0.518029 0.792667 0.321442 171.569 -0.611672 0.60598 -0.508572 200.212 0 0 0 1 
Seq_Frame0036_ForcepToReference-SequenceTransformStatus = OK
Seq_Frame0036_Timestamp = 3.845
Seq_Frame0037_ForcepToReference-SequenceTransform =-0.597915 0.0668382 0.798768 -146.62 0.518029 0.792667 0.321442 171.569 -0.611672 0.60598 -0.508572 200.212 0 0 0 1 
Seq_Frame0037_ForcepToReference-SequenceTransformStatus = OK
Seq_Frame0037_Timestamp = 3.95
Seq_Frame0038_ForcepToReference-SequenceTransform =-0.597915 0.0668382 0.798768 -146.62 0.518029 0.792667 0.321442 171.569 -0.611672 0.60598 -0.508572 200.212 0 0 0 1 
Seq_Frame0038_ForcepToReference-SequenceTransformStatus = OK
Seq_Frame0038_Timestamp = 4.055
Seq_Frame0039_ForcepToReference-SequenceTransform =-0.597915 0.0668382 0.798768 -146.62 0.518029 0.792667 0.321442 171.569 -0.611672 0.60598 -0.508572 200.212 0 0 0 1 
Seq_Frame0039_ForcepToReference-SequenceTransformStatus = OK
Seq_Frame0039_Timestamp = 4.16
Seq_Frame0040_ForcepToReference-SequenceTransform =-0.597915 0.0668382 0.798768 -146.62 0.518029 0.792667 0.321442 171.569 -0.611672 0.60598 -0.508572 200.212 0 0 0 1 
Seq_Frame0040_ForcepToReference-SequenceTransformStatus = OK
Seq_Frame0040_Timestamp = 4.27
Seq_Frame0041_ForcepToReference-SequenceTransform =-0.597915 0.0668382 0.798768 -146.62 0.518029 0.792667 0.321442 171.569 -0.611672 0.60598 -0.508572 200.212 0 0 0 1 
Seq_Frame0041_ForcepToReference-SequenceTransformStatus = OK
Seq_Frame0041_Timestamp = 4.375
Seq_Frame0042_ForcepToReference-SequenceTransform =-0.597915 0.0668382 0.798768 -146.62 0.518029 0.792667 0.321442 171.569 -0.611672 0.60598 -0.508572 200.212 0 0 0 1 
Seq_Frame0042_ForcepToReference-SequenceTransformStatus = OK
Seq_Frame0042_Timestamp = 4.479
Seq_Frame0043_ForcepToReference-SequenceTransform =-0.597915 0.0668382 0.798768 -146.62 0.518029 0.792667 0.321442 171.569 -0.611672 0.60598 -0.508572 200.212 0 0 0 1 
Seq_Frame0043_ForcepToReference-SequenceTransformStatus = OK
Seq_Frame0043_Timestamp = 4.59
Seq_Frame0044_ForcepToReference-SequenceTransform =-0.597915 0.0668382 0.798768 -146.62 0.518029 0.792667 0.321442 171.569 -0.611672 0.60598 -0.508572 200.212 0 0 0 1 
Seq_Frame0044_ForcepToReference-SequenceTransformStatus = OK
Seq_Frame0044_Timestamp = 4.694
Seq_Frame0045_ForcepToReference-SequenceTransform =-0.597915 0.0668382 0.798768 -146.62 0.518029 0.792667 0.321442 171.569 -0.611672 0.60598 -0.508572 200.212 0 0 0 1 
Seq_Frame0045_ForcepToReference-SequenceTransformStatus = OK
Seq_Frame0045_Timestamp = 4.8
Seq_Frame0046_ForcepToReference-SequenceTransform =-0.597915 0.0668382 0.798768 -146.62 0.518029 0.792667 0.321442 171.569 -0.611672 0.60598 -0.508572 200.212 0 0 0 1 
Seq_Frame0046_ForcepToReference-SequenceTransformStatus = OK
Seq_Frame0046_Timestamp = 5.089
Seq_Frame0047_ForcepToReference-SequenceTransform =0.38515 -0.921154 -0.0559894 -95.7838 0.305425 0.0699828 0.949641 260.224 -0.870847 -0.382855 0.308298 184.739 0 0 0 1 
Seq_Frame0047_ForcepToReference-SequenceTransformStatus = OK
Seq_Frame0047_Timestamp = 5.395
Seq_Frame0048_ForcepToReference-SequenceTransform =0.439931 -0.880209 -0.178023 -78.1935 0.361625 -0.0078149 0.932291 260.356 -0.822002 -0.474521 0.314868 174.159 0 0 0 1 
Seq_Frame0048_ForcepToReference-SequenceTransformStatus = OK
Seq_Frame0048_Timestamp = 5.5
Seq_Frame0049_ForcepToReference-SequenceTransform =0.365652 -0.890556 -0.270571 -83.4952 0.452866 -0.0837425 0.887637 260.603 -0.813149 -0.447099 0.372682 172.331 0 0 0 1 
Seq_Frame0049_ForcepToReference-SequenceTransformStatus = OK
Seq_Frame0049_Timestamp = 5.605
Seq_Frame0050_ForcepToReference-SequenceTransform =0.219564 -0.917046 -0.332893 -99.87 0.508882 -0.183469 0.841058 259.914 -0.832365 -0.354069 0.426385 175.993 0 0 0 1 
Seq_Frame0050_ForcepToReference-SequenceTransformStatus = OK
Seq_Frame0050_Timestamp = 5.709
Seq_Frame0051_ForcepToReference-SequenceTransform =0.162325 -0.890076 -0.425928 -96.0535 0.497589 -0.298913 0.814283 252.545 -0.852089 -0.344115 0.394371 179.912 0 0 0 1 
Seq_Frame0051_ForcepToReference-SequenceTransformStatus = OK
Seq_Frame0051_Timestamp = 5.81
Seq_Frame0052_ForcepToReference-SequenceTransform =0.15411 -0.888165 -0.432913 -94.7285 0.554321 -0.284979 0.781994 261.453 -0.817911 -0.360486 0.44841 180.591 0 0 0 1 
Seq_Frame0052_ForcepToReference-SequenceTransformStatus = OK
Seq_Frame0052_Timestamp = 5.925
Seq_Frame0053_ForcepToReference-SequenceTransform =0.0747778 -0.910913 -0.405766 -104.19 0.560219 -0.298249 0.772788 262.383 -0.824962 -0.285105 0.488008 155.344 0 0 0 1 
Seq_Frame0053_ForcepToReference-SequenceTransformStatus = OK
Seq_Frame0053_Timestamp = 6.03
Seq_Frame0054_ForcepToReference-SequenceTransform =0.0151766 -0.915634 -0.401727 -115.133 0.628676 -0.303684 0.71592 265.726 -0.777519 -0.263421 0.571029 133.631 0 0 0 1 
Seq_Frame0054_ForcepToReference-SequenceTransformStatus = OK
Seq_Frame0054_Timestamp = 6.135
Seq_Frame0055_ForcepToReference-SequenceTransform =-0.0516478 -0.960456 -0.2736 -147.16 0.825834 -0.195125 0.52908 273.945 -0.561544 -0.198622 0.803255 84.4249 0 0 0 1 
Seq_Frame0055_ForcepToReference-SequenceTransformStatus = OK
Seq_Frame0055_Timestamp = 6.245
Seq_Frame0056_ForcepToReference-SequenceTransform =0.00512466 -0.980783 -0.195034 -153.156 0.990787 0.0313754 -0.131746 309.764 0.135334 -0.192562 0.971908 111.608 0 0 0 1 
Seq_Frame0056_ForcepToReference-SequenceTransformStatus = OK
Seq_Frame0056_Timestamp = 6.35
Seq_Frame0057_ForcepToReference-SequenceTransform =-0.00669832 -0.973186 -0.229923 -148.804 0.980145 0.0391764 -0.194375 303.866 0.19817 -0.22666 0.9536 136.881 0 0 0 1 
Seq_Frame0057_ForcepToReference-SequenceTransformStatus = OK
Seq_Frame0057_Timestamp = 6.455
Seq_Frame0058_ForcepToReference-SequenceTransform =-0.105642 -0.954667 -0.2783 -157.589 0.950763 -0.178969 0.253021 269.009 -0.291358 -0.237868 0.926569 130.838 0 0 0 1 
Seq_Frame0058_ForcepToReference-SequenceTransformStatus = OK
Seq_Frame0058_Timestamp = 6.565
Seq_Frame0059_ForcepToReference-SequenceTransform =-0.14195 -0.958549 -0.247052 -163.077 0.850005 -0.245939 0.465839 248.68 -0.507289 -0.143869 0.849682 124 0 0 0 1 
Seq_Frame0059_ForcepToReference-SequenceTransformStatus = OK
Seq_Frame0059_Timestamp = 6.671
Seq_Frame0060_ForcepToReference-SequenceTransform =-0.510509 0.277375 0.813906 -186.037 -0.807112 0.171884 -0.564824 189.965 -0.296565 -0.945261 0.136125 111.726 0 0 0 1 
Seq_Frame0060_ForcepToReference-SequenceTransformStatus = OK
Seq_Frame0060_Timestamp = 6.785
Seq_Frame0061_ForcepToReference-SequenceTransform =-0.421578 0.294998 0.857466 -191.611 -0.871589 0.129094 -0.472934 194.133 -0.250208 -0.946737 0.202694 107.879 0 0 0 1 
Seq_Frame0061_ForcepToReference-SequenceTransformStatus = OK
Seq_Frame0061_Timestamp = 6.885
Seq_Frame0062_ForcepToReference-SequenceTransform =-0.421578 0.294998 0.857466 -191.611 -0.871589 0.129094 -0.472934 194.133 -0.250208 -0.946737 0.202694 107.879 0 0 0 1 
Seq_Frame0062_ForcepToReference-SequenceTransformStatus = OK
Seq_Frame0062_Timestamp = 6.995
Seq_Frame0063_ForcepToReference-SequenceTransform =-0.421578 0.294998 0.857466 -191.611 -0.871589 0.129094 -0.472934 194.133 -0.250208 -0.946737 0.202694 107.879 0 0 0 1 
Seq_Frame0063_ForcepToReference-SequenceTransformStatus = OK
Seq_Frame0063_Timestamp = 7.1
Seq_Frame0064_ForcepToReference-SequenceTransform =-0.421578 0.294998 0.857466 -191.611 -0.871589 0.129094 -0.472934 194.133 -0.250208 -0.946737 0.202694 107.879 0 0 0 1 
Seq_Frame0064_ForcepToReference-SequenceTransformStatus = OK
Seq_Frame0064_Timestamp = 7.21
Seq_Frame0065_ForcepToReference-SequenceTransform =-0.0387714 -0.480645 -0.876058 -148.558 0.400249 -0.810784 0.427119 255.989 -0.915586 -0.334081 0.223813 188.7 0 0 0 1 
Seq_Frame0065_ForcepToReference-SequenceTransformStatus = OK
Seq_Frame0065_Timestamp = 7.318
Seq_Frame0066_ForcepToReference-SequenceTransform =-0.0685839 -0.39891 -0.914422 -140.202 0.339702 -0.871146 0.354552 257.467 -0.938029 -0.286314 0.195257 201.298 0 0 0 1 
Seq_Frame0066_ForcepToReference-SequenceTransformStatus = OK
Seq_Frame0066_Timestamp = 7.435
Seq_Frame0067_ForcepToReference-SequenceTransform =-0.057076 -0.427104 -0.902399 -142.801 0.269487 -0.876912 0.397997 253.368 -0.961311 -0.220468 0.16515 208.973 0 0 0 1 
Seq_Frame0067_ForcepToReference-SequenceTransformStatus = OK
Seq_Frame0067_Timestamp = 7.543
Seq_Frame0068_ForcepToReference-SequenceTransform =-0.0184864 -0.572375 -0.819784 -153.747 0.344996 -0.773218 0.532083 245.714 -0.938422 -0.272986 0.211761 181.723 0 0 0 1 
Seq_Frame0068_ForcepToReference-SequenceTransformStatus = OK
Seq_Frame0068_Timestamp = 7.65
Seq_Frame0069_ForcepToReference-SequenceTransform =-0.13931 -0.771392 -0.620925 -187.139 0.544245 -0.583487 0.602777 238.361 -0.827279 -0.253963 0.501112 116.727 0 0 0 1 
Seq_Frame0069_ForcepToReference-SequenceTransformStatus = OK
Seq_Frame0069_Timestamp = 7.755
Seq_Frame0070_ForcepToReference-SequenceTransform =-0.0802388 -0.995712 -0.0460312 -262.787 0.964026 -0.0892601 0.250375 251.555 -0.25341 -0.0242855 0.967054 25.2351 0 0 0 1 
Seq_Frame0070_ForcepToReference-SequenceTransformStatus = OK
Seq_Frame0070_Timestamp = 7.861
Seq_Frame0071_ForcepToReference-SequenceTransform =-0.0124377 -0.99415 0.107288 -283.687 0.892483 0.0373475 0.449531 207.863 -0.450909 0.101344 0.886798 -24.028 0 0 0 1 
Seq_Frame0071_ForcepToReference-SequenceTransformStatus = OK
Seq_Frame0071_Timestamp = 7.976
Seq_Frame0072_ForcepToReference-SequenceTransform =0.0152121 -0.99987 0.00525208 -270.633 0.95583 0.0160836 0.293478 190.582 -0.293525 0.000555689 0.955951 -45.665 0 0 0 1 
Seq_Frame0072_ForcepToReference-SequenceTransformStatus = OK
Seq_Frame0072_Timestamp = 8.076
Seq_Frame0073_ForcepToReference-SequenceTransform =0.0483037 -0.994597 -0.0918903 -251.628 0.984955 0.032148 0.169796 179.764 -0.165925 -0.0987096 0.981186 -61.0853 0 0 0 1 
Seq_Frame0073_ForcepToReference-SequenceTransformStatus = OK
Seq_Frame0073_Timestamp = 8.18
Seq_Frame0074_ForcepToReference-SequenceTransform =0.0400335 -0.96417 -0.262247 -232.152 0.993537 0.0105118 0.113022 161.14 -0.106215 -0.265077 0.958359 -72.4968 0 0 0 1 
Seq_Frame0074_ForcepToReference-SequenceTransformStatus = OK
Seq_Frame0074_Timestamp = 8.285
Seq_Frame0075_ForcepToReference-SequenceTransform =0.173276 -0.975313 -0.136894 -221.628 0.889002 0.0950713 0.447925 126.305 -0.423852 -0.199314 0.883529 -85.8332 0 0 0 1 
Seq_Frame0075_ForcepToReference-SequenceTransformStatus = OK
Seq_Frame0075_Timestamp = 8.39
Seq_Frame0076_ForcepToReference-SequenceTransform =-0.680313 0.616148 0.396908 -209.961 -0.100058 0.458394 -0.883099 122.262 -0.72606 -0.640497 -0.250201 -77.5155 0 0 0 1 
Seq_Frame0076_ForcepToReference-SequenceTransformStatus = OK
Seq_Frame0076_Timestamp = 8.494
Seq_Frame0077_ForcepToReference-SequenceTransform =-0.546845 0.680039 0.488373 -197.761 0.0706842 0.618735 -0.782414 140.48 -0.834245 -0.393338 -0.38642 -70.4681 0 0 0 1 
Seq_Frame0077_ForcepToReference-SequenceTransformStatus = OK
Seq_Frame0077_Timestamp = 8.605
Seq_Frame0078_ForcepToReference-SequenceTransform =-0.449179 0.756377 0.475534 -182.776 0.122169 0.579248 -0.805945 136.692 -0.88505 -0.303918 -0.352592 -77.132 0 0 0 1 
Seq_Frame0078_ForcepToReference-SequenceTransformStatus = OK
Seq_Frame0078_Timestamp = 8.71
Seq_Frame0079_ForcepToReference-SequenceTransform =-0.323735 0.830449 0.453377 -162.373 0.0988901 0.506256 -0.856694 130.575 -0.940966 -0.232507 -0.246016 -80.2874 0 0 0 1 
Seq_Frame0079_ForcepToReference-SequenceTransformStatus = OK
Seq_Frame0079_Timestamp = 8.818
Seq_Frame0080_ForcepToReference-SequenceTransform =-0.203753 0.868062 0.452718 -146.706 0.0911218 0.477226 -0.874044 127.728 -0.974772 -0.136837 -0.176336 -77.2562 0 0 0 1 
Seq_Frame0080_ForcepToReference-SequenceTransformStatus = OK
Seq_Frame0080_Timestamp = 8.925
Seq_Frame0081_ForcepToReference-SequenceTransform =-0.105713 0.888202 0.447127 -135.757 0.126592 0.458008 -0.879888 123.26 -0.986306 -0.0364134 -0.160857 -69.158 0 0 0 1 
Seq_Frame0081_ForcepToReference-SequenceTransformStatus = OK
Seq_Frame0081_Timestamp = 9.037
Seq_Frame0082_ForcepToReference-SequenceTransform =-0.0640211 0.896622 0.438144 -130.742 0.143529 0.442753 -0.885081 122.815 -0.987573 0.0062226 -0.157037 -65.3649 0 0 0 1 
Seq_Frame0082_ForcepToReference-SequenceTransformStatus = OK
Seq_Frame0082_Timestamp = 9.145
Seq_Frame0083_ForcepToReference-SequenceTransform =-0.0676352 0.893623 0.443693 -130.504 0.162145 0.448645 -0.878878 122.184 -0.984446 0.0124994 -0.17524 -65.2517 0 0 0 1 
Seq_Frame0083_ForcepToReference-SequenceTransformStatus = OK
Seq_Frame0083_Timestamp = 9.25
Seq_Frame0084_ForcepToReference-SequenceTransform =-0.0687917 0.892479 0.445814 -130.681 0.167429 0.450862 -0.87675 124.329 -0.983481 0.0143291 -0.180443 -66.817 0 0 0 1 
Seq_Frame0084_ForcepToReference-SequenceTransformStatus = OK
Seq_Frame0084_Timestamp = 9.355
Seq_Frame0085_ForcepToReference-SequenceTransform =-0.0608007 0.892739 0.446453 -128.929 0.159282 0.450227 -0.878593 123.325 -0.985359 0.017693 -0.169572 -65.9481 0 0 0 1 
Seq_Frame0085_ForcepToReference-SequenceTransformStatus = OK
Seq_Frame0085_Timestamp = 9.465
Seq_Frame0086_ForcepToReference-SequenceTransform =-0.0423151 0.891713 0.450619 -127.527 0.160405 0.451236 -0.87787 121.093 -0.986144 0.0351344 -0.162129 -65.8452 0 0 0 1 
Seq_Frame0086_ForcepToReference-SequenceTransformStatus = OK
Seq_Frame0086_Timestamp = 9.577
Seq_Frame0087_ForcepToReference-SequenceTransform =-0.0494984 0.892113 0.449093 -127.262 0.147976 0.451232 -0.880052 120.798 -0.987751 0.0228941 -0.154347 -67.1278 0 0 0 1 
Seq_Frame0087_ForcepToReference-SequenceTransformStatus = OK
Seq_Frame0087_Timestamp = 9.68
Seq_Frame0088_ForcepToReference-SequenceTransform =-0.0645245 0.891929 0.447548 -127.383 0.150723 0.452048 -0.879167 122.182 -0.986468 0.0107279 -0.163602 -68.2878 0 0 0 1 
Seq_Frame0088_ForcepToReference-SequenceTransformStatus = OK
Seq_Frame0088_Timestamp = 9.79
Seq_Frame0089_ForcepToReference-SequenceTransform =-0.09176 0.875861 0.47376 -130.779 0.157812 0.482545 -0.861537 131.321 -0.983197 -0.00428979 -0.182499 -73.0079 0 0 0 1 
Seq_Frame0089_ForcepToReference-SequenceTransformStatus = OK
Seq_Frame0089_Timestamp = 9.9
Seq_Frame0090_ForcepToReference-SequenceTransform =-0.165282 0.853362 0.494424 -137.571 0.147373 0.517061 -0.843166 139.614 -0.975173 -0.0664955 -0.211223 -79.6251 0 0 0 1 
Seq_Frame0090_ForcepToReference-SequenceTransformStatus = OK
Seq_Frame0090_Timestamp = 10.01
Seq_Frame0091_ForcepToReference-SequenceTransform =-0.251978 0.819443 0.5148 -149.053 0.101401 0.551394 -0.828059 143.262 -0.962406 -0.156452 -0.222032 -88.0884 0 0 0 1 
Seq_Frame0091_ForcepToReference-SequenceTransformStatus = OK
Seq_Frame0091_Timestamp = 10.115
Seq_Frame0092_ForcepToReference-SequenceTransform =-0.350114 0.765071 0.540451 -163.803 0.0510377 0.591693 -0.804546 150.569 -0.935316 -0.254099 -0.246207 -94.9294 0 0 0 1 
Seq_Frame0092_ForcepToReference-SequenceTransformStatus = OK
Seq_Frame0092_Timestamp = 10.221
Seq_Frame0093_ForcepToReference-SequenceTransform =-0.37713 0.704573 0.601124 -167.359 -0.00733504 0.646757 -0.762661 167.702 -0.926131 -0.292032 -0.238744 -86.5927 0 0 0 1 
Seq_Frame0093_ForcepToReference-SequenceTransformStatus = OK
Seq_Frame0093_Timestamp = 10.325
Seq_Frame0094_ForcepToReference-SequenceTransform =-0.376987 0.658436 0.651416 -164.191 -0.173074 0.640842 -0.747909 170.398 -0.909904 -0.394695 -0.127631 -72.6123 0 0 0 1 
Seq_Frame0094_ForcepToReference-SequenceTransformStatus = OK
Seq_Frame0094_Timestamp = 10.43
Seq_Frame0095_ForcepToReference-SequenceTransform =-0.385754 0.644264 0.660393 -160.732 -0.24362 0.619257 -0.746438 159.498 -0.889856 -0.448826 -0.0819253 -55.7933 0 0 0 1 
Seq_Frame0095_ForcepToReference-SequenceTransformStatus = OK
Seq_Frame0095_Timestamp = 10.54
Seq_Frame0096_ForcepToReference-SequenceTransform =-0.394293 0.622542 0.675999 -157.601 -0.277659 0.620513 -0.733396 157.807 -0.876036 -0.47687 -0.0718097 -41.8435 0 0 0 1 
Seq_Frame0096_ForcepToReference-SequenceTransformStatus = OK
Seq_Frame0096_Timestamp = 10.645
Seq_Frame0097_ForcepToReference-SequenceTransform =-0.381975 0.600105 0.70283 -154.275 -0.290599 0.643929 -0.707748 169.55 -0.877295 -0.474584 -0.0715748 -38.8099 0 0 0 1 
Seq_Frame0097_ForcepToReference-SequenceTransformStatus = OK
Seq_Frame0097_Timestamp = 10.75
Seq_Frame0098_ForcepToReference-SequenceTransform =-0.379277 0.586695 0.715498 -153.416 -0.29646 0.655457 -0.694613 178.521 -0.876505 -0.475567 -0.0746678 -40.8746 0 0 0 1 
Seq_Frame0098_ForcepToReference-SequenceTransformStatus = OK
Seq_Frame0098_Timestamp = 10.854
Seq_Frame0099_ForcepToReference-SequenceTransform =-0.410361 0.57018 0.711687 -156.679 -0.283946 0.661738 -0.693886 184.164 -0.86659 -0.486825 -0.109651 -42.0525 0 0 0 1 
Seq_Frame0099_ForcepToReference-SequenceTransformStatus = OK
Seq_Frame0099_Timestamp = 10.965
Seq_Frame0100_ForcepToReference-SequenceTransform =-0.418816 0.568855 0.707812 -161.3 -0.271164 0.665557 -0.695345 187.429 -0.866639 -0.483155 -0.124493 -42.654 0 0 0 1 
Seq_Frame0100_ForcepToReference-SequenceTransformStatus = OK
Seq_Frame0100_Timestamp = 11.068
Seq_Frame0101_ForcepToReference-SequenceTransform =-0.441732 0.557693 0.702746 -163.806 -0.270985 0.663783 -0.697108 185.887 -0.855243 -0.498368 -0.142087 -43.0511 0 0 0 1 
Seq_Frame0101_ForcepToReference-SequenceTransformStatus = OK
Seq_Frame0101_Timestamp = 11.175
Seq_Frame0102_ForcepToReference-SequenceTransform =-0.439051 0.562337 0.700722 -166.631 -0.278614 0.656251 -0.701219 184.628 -0.854171 -0.503102 -0.131453 -41.8901 0 0 0 1 
Seq_Frame0102_ForcepToReference-SequenceTransformStatus = OK
Seq_Frame0102_Timestamp = 11.285
Seq_Frame0103_ForcepToReference-SequenceTransform =-0.436762 0.561062 0.70317 -171.376 -0.298335 0.647089 -0.701621 180.319 -0.848667 -0.516222 -0.11524 -43.3874 0 0 0 1 
Seq_Frame0103_ForcepToReference-SequenceTransformStatus = OK
Seq_Frame0103_Timestamp = 11.39
Seq_Frame0104_ForcepToReference-SequenceTransform =-0.461712 0.530933 0.710586 -177.08 -0.35187 0.625733 -0.696165 174.44 -0.814254 -0.571461 -0.102089 -45.3451 0 0 0 1 
Seq_Frame0104_ForcepToReference-SequenceTransformStatus = OK
Seq_Frame0104_Timestamp = 11.5
Seq_Frame0105_ForcepToReference-SequenceTransform =-0.441982 0.544488 0.712871 -180.964 -0.38264 0.604338 -0.698829 170.794 -0.811319 -0.581643 -0.0587643 -44.8906 0 0 0 1 
Seq_Frame0105_ForcepToReference-SequenceTransformStatus = OK
Seq_Frame0105_Timestamp = 11.602
Seq_Frame0106_ForcepToReference-SequenceTransform =-0.44083 0.532443 0.722616 -187.431 -0.418173 0.590528 -0.690223 167.049 -0.794229 -0.606449 -0.0376686 -46.2251 0 0 0 1 
Seq_Frame0106_ForcepToReference-SequenceTransformStatus = OK
Seq_Frame0106_Timestamp = 11.715
Seq_Frame0107_ForcepToReference-SequenceTransform =-0.441197 0.514916 0.734988 -192.036 -0.455182 0.577436 -0.677774 165.006 -0.773405 -0.633585 -0.0203828 -47.8702 0 0 0 1 
Seq_Frame0107_ForcepToReference-SequenceTransformStatus = OK
Seq_Frame0107_Timestamp = 11.825
Seq_Frame0108_ForcepToReference-SequenceTransform =-0.422221 0.527709 0.737057 -190.553 -0.458754 0.576888 -0.675829 166.151 -0.78184 -0.623477 -0.00148528 -45.8826 0 0 0 1 
Seq_Frame0108_ForcepToReference-SequenceTransformStatus = OK
Seq_Frame0108_Timestamp = 11.931
Seq_Frame0109_ForcepToReference-SequenceTransform =-0.403905 0.555276 0.727 -183.451 -0.436881 0.581142 -0.686592 166.601 -0.803739 -0.59493 0.0078635 -39.738 0 0 0 1 
Seq_Frame0109_ForcepToReference-SequenceTransformStatus = OK
Seq_Frame0109_Timestamp = 12.04
Seq_Frame0110_ForcepToReference-SequenceTransform =-0.392082 0.563409 0.727215 -177.928 -0.431492 0.585526 -0.686276 168.281 -0.812457 -0.582863 0.0135326 -35.0294 0 0 0 1 
Seq_Frame0110_ForcepToReference-SequenceTransformStatus = OK
Seq_Frame0110_Timestamp = 12.146
Seq_Frame0111_ForcepToReference-SequenceTransform =-0.415304 0.543098 0.729772 -175.85 -0.426078 0.592657 -0.683532 172.221 -0.803729 -0.594813 -0.0147306 -33.4477 0 0 0 1 
Seq_Frame0111_ForcepToReference-SequenceTransformStatus = OK
Seq_Frame0111_Timestamp = 12.255
Seq_Frame0112_ForcepToReference-SequenceTransform =-0.417763 0.541647 0.729447 -178.868 -0.433068 0.587077 -0.683954 172.106 -0.798703 -0.601631 -0.0106897 -32.9366 0 0 0 1 
Seq_Frame0112_ForcepToReference-SequenceTransformStatus = OK
Seq_Frame0112_Timestamp = 12.36
Seq_Frame0113_ForcepToReference-SequenceTransform =-0.417762 0.538139 0.732039 -181.8 -0.454625 0.573779 -0.681244 169.52 -0.786633 -0.617401 0.00494811 -34.1345 0 0 0 1 
Seq_Frame0113_ForcepToReference-SequenceTransformStatus = OK
Seq_Frame0113_Timestamp = 12.465
Seq_Frame0114_ForcepToReference-SequenceTransform =-0.411538 0.535212 0.737689 -186.644 -0.480285 0.560542 -0.674625 166.34 -0.774573 -0.631935 0.0263697 -35.5994 0 0 0 1 
Seq_Frame0114_ForcepToReference-SequenceTransformStatus = OK
Seq_Frame0114_Timestamp = 12.57
Seq_Frame0115_ForcepToReference-SequenceTransform =-0.399414 0.528972 0.748771 -193.554 -0.522953 0.539372 -0.659998 163.599 -0.752986 -0.655184 0.0611948 -36.913 0 0 0 1 
Seq_Frame0115_ForcepToReference-SequenceTransformStatus = OK
Seq_Frame0115_Timestamp = 12.674
Seq_Frame0116_ForcepToReference-SequenceTransform =-0.403636 0.523716 0.7502 -194.987 -0.524646 0.539265 -0.658741 163.961 -0.74955 -0.659481 0.0570992 -37.1602 0 0 0 1 
Seq_Frame0116_ForcepToReference-SequenceTransformStatus = OK
Seq_Frame0116_Timestamp = 12.785
Seq_Frame0117_ForcepToReference-SequenceTransform =-0.403636 0.523716 0.7502 -194.987 -0.524646 0.539265 -0.658741 163.961 -0.74955 -0.659481 0.0570992 -37.1602 0 0 0 1 
Seq_Frame0117_ForcepToReference-SequenceTransformStatus = OK
Seq_Frame0117_Timestamp = 12.89
Seq_Frame0118_ForcepToReference-SequenceTransform =-0.403636 0.523716 0.7502 -194.987 -0.524646 0.539265 -0.658741 163.961 -0.74955 -0.659481 0.0570992 -37.1602 0 0 0 1 
Seq_Frame0118_ForcepToReference-SequenceTransformStatus = OK
Seq_Frame0118_Timestamp = 12.995
Seq_Frame0119_ForcepToReference-SequenceTransform =-0.403636 0.523716 0.7502 -194.987 -0.524646 0.539265 -0.658741 163.961 -0.74955 -0.659481 0.0570992 -37.1602 0 0 0 1 
Seq_Frame0119_ForcepToReference-SequenceTransformStatus = OK
Seq_Frame0119_Timestamp = 13.1
Seq_Frame0120_ForcepToReference-SequenceTransform =-0.403636 0.523716 0.7502 -194.987 -0.524646 0.539265 -0.658741 163.961 -0.74955 -0.659481 0.0570992 -37.1602 0 0 0 1 
Seq_Frame0120_ForcepToReference-SequenceTransformStatus = OK
Seq_Frame0120_Timestamp = 13.21
Seq_Frame0121_ForcepToReference-SequenceTransform =-0.403636 0.523716 0.7502 -194.987 -0.524646 0.539265 -0.658741 163.961 -0.74955 -0.659481 0.0570992 -37.1602 0 0 0 1 
Seq_Frame0121_ForcepToReference-SequenceTransformStatus = OK
Seq_Frame0121_Timestamp = 13.315
Seq_Frame0122_ForcepToReference-SequenceTransform =-0.403636 0.523716 0.7502 -194.987 -0.524646 0.539265 -0.658741 163.961 -0.74955 -0.659481 0.0570992 -37.1602 0 0 0 1 
Seq_Frame0122_ForcepToReference-SequenceTransformStatus = OK
Seq_Frame0122_Timestamp = 13.42
Seq_Frame0123_ForcepToReference-SequenceTransform =-0.403636 0.523716 0.7502 -194.987 -0.524646 0.539265 -0.658741 163.961 -0.74955 -0.659481 0.0570992 -37.1602 0 0 0 1 
Seq_Frame0123_ForcepToReference-SequenceTransformStatus = OK
Seq_Frame0123_Timestamp = 13.525
Seq_Frame0124_ForcepToReference-SequenceTransform =-0.403636 0.523716 0.7502 -194.987 -0.524646 0.539265 -0.658741 163.961 -0.74955 -0.659481 0.0570992 -37.1602 0 0 0 1 
Seq_Frame0124_ForcepToReference-SequenceTransformStatus = OK
Seq_Frame0124_Timestamp = 13.635
Seq_Frame0125_ForcepToReference-SequenceTransform =-0.403636 0.523716 0.7502 -194.987 -0.524646 0.539265 -0.658741 163.961 -0.74955 -0.659481 0.0570992 -37.1602 0 0 0 1 
Seq_Frame0125_ForcepToReference-SequenceTransformStatus = OK
Seq_Frame0125_Timestamp = 13.74
Seq_Frame0126_ForcepToReference-SequenceTransform =-0.403636 0.523716 0.7502 -194.987 -0.524646 0.539265 -0.658741 163.961 -0.74955 -0.659481 0.0570992 -37.1602 0 0 0 1 
Seq_Frame0126_ForcepToReference-SequenceTransformStatus = OK
Seq_Frame0126_Timestamp = 13.845
Seq_Frame0127_ForcepToReference-SequenceTransform =-0.403636 0.523716 0.7502 -194.987 -0.524646 0.539265 -0.658741 163.961 -0.74955 -0.659481 0.0570992 -37.1602 0 0 0 1 
Seq_Frame0127_ForcepToReference-SequenceTransformStatus = OK
Seq_Frame0127_Timestamp = 13.949
Seq_Frame0128_ForcepToReference-SequenceTransform =-0.403636 0.523716 0.7502 -194.987 -0.524646 0.539265 -0.658741 163.961 -0.74955 -0.659481 0.0570992 -37.1602 0 0 0 1 
Seq_Frame0128_ForcepToReference-SequenceTransformStatus = OK
Seq_Frame0128_Timestamp = 14.059
Seq_Frame0129_ForcepToReference-SequenceTransform =-0.403636 0.523716 0.7502 -194.987 -0.524646 0.539265 -0.658741 163.961 -0.74955 -0.659481 0.0570992 -37.1602 0 0 0 1 
Seq_Frame0129_ForcepToReference-SequenceTransformStatus = OK
Seq_Frame0129_Timestamp = 14.165
Seq_Frame0130_ForcepToReference-SequenceTransform =-0.403636 0.523716 0.7502 -194.987 -0.524646 0.539265 -0.658741 163.961 -0.74955 -0.659481 0.0570992 -37.1602 0 0 0 1 
Seq_Frame0130_ForcepToReference-SequenceTransformStatus = OK
Seq_Frame0130_Timestamp = 14.269
Seq_Frame0131_ForcepToReference-SequenceTransform =-0.403636 0.523716 0.7502 -194.987 -0.524646 0.539265 -0.658741 163.961 -0.74955 -0.659481 0.0570992 -37.1602 0 0 0 1 
Seq_Frame0131_ForcepToReference-SequenceTransformStatus = OK
Seq_Frame0131_Timestamp = 14.559
Seq_Frame0132_ForcepToReference-SequenceTransform =-0.403636 0.523716 0.7502 -194.987 -0.524646 0.539265 -0.658741 163.961 -0.74955 -0.659481 0.0570992 -37.1602 0 0 0 1 
Seq_Frame0132_ForcepToReference-SequenceTransformStatus = OK
Seq_Frame0132_Timestamp = 14.676
Seq_Frame0133_ForcepToReference-SequenceTransform =-0.403636 0.523716 0.7502 -194.987 -0.524646 0.539265 -0.658741 163.961 -0.74955 -0.659481 0.0570992 -37.1602 0 0 0 1 
Seq_Frame0133_ForcepToReference-SequenceTransformStatus = OK
Seq_Frame0133_Timestamp = 14.79
Seq_Frame0134_ForcepToReference-SequenceTransform =-0.260966 -0.877475 -0.40241 -198.77 0.802414 -0.428923 0.414918 196.23 -0.536683 -0.21462 0.816033 -81.0883 0 0 0 1 
Seq_Frame0134_ForcepToReference-SequenceTransformStatus = OK
Seq_Frame0134_Timestamp = 14.895
Seq_Frame0135_ForcepToReference-SequenceTransform =-0.269672 -0.86812 -0.416708 -202.027 0.795268 -0.444788 0.411962 204.418 -0.542979 -0.2203 0.810335 -82.0969 0 0 0 1 
Seq_Frame0135_ForcepToReference-SequenceTransformStatus = OK
Seq_Frame0135_Timestamp = 15
Seq_Frame0136_ForcepToReference-SequenceTransform =-0.282256 -0.867397 -0.409822 -206.573 0.791893 -0.451796 0.410836 209.325 -0.541514 -0.208574 0.814407 -81.7643 0 0 0 1 
Seq_Frame0136_ForcepToReference-SequenceTransformStatus = OK
Seq_Frame0136_Timestamp = 15.11
Seq_Frame0137_ForcepToReference-SequenceTransform =-0.270091 -0.87555 -0.400578 -212.212 0.803806 -0.434072 0.406789 210.349 -0.530044 -0.212117 0.821011 -81.6692 0 0 0 1 
Seq_Frame0137_ForcepToReference-SequenceTransformStatus = OK
Seq_Frame0137_Timestamp = 15.215
Seq_Frame0138_ForcepToReference-SequenceTransform =-0.234851 -0.893786 -0.382088 -222.089 0.806806 -0.398475 0.436214 201.056 -0.542134 -0.205826 0.814694 -77.3708 0 0 0 1 
Seq_Frame0138_ForcepToReference-SequenceTransformStatus = OK
Seq_Frame0138_Timestamp = 15.325
Seq_Frame0139_ForcepToReference-SequenceTransform =-0.173372 -0.918619 -0.355079 -236.509 0.82029 -0.334219 0.464135 184.836 -0.545037 -0.2108 0.811479 -70.0482 0 0 0 1 
Seq_Frame0139_ForcepToReference-SequenceTransformStatus = OK
Seq_Frame0139_Timestamp = 15.43
Seq_Frame0140_ForcepToReference-SequenceTransform =-0.0614091 -0.945811 -0.318859 -245.964 0.851503 -0.216315 0.47765 174.89 -0.520741 -0.242177 0.818645 -58.3013 0 0 0 1 
Seq_Frame0140_ForcepToReference-SequenceTransformStatus = OK
Seq_Frame0140_Timestamp = 15.536
Seq_Frame0141_ForcepToReference-SequenceTransform =0.0441135 -0.948112 -0.31486 -251.625 0.893206 -0.103737 0.437518 168.328 -0.447479 -0.300535 0.842283 -47.3623 0 0 0 1 
Seq_Frame0141_ForcepToReference-SequenceTransformStatus = OK
Seq_Frame0141_Timestamp = 15.64
Seq_Frame0142_ForcepToReference-SequenceTransform =0.0455948 -0.950786 -0.306476 -258.62 0.917381 -0.081578 0.389561 165.212 -0.395391 -0.298917 0.868513 -40.7649 0 0 0 1 
Seq_Frame0142_ForcepToReference-SequenceTransformStatus = OK
Seq_Frame0142_Timestamp = 15.745
Seq_Frame0143_ForcepToReference-SequenceTransform =0.0167457 -0.970536 -0.240374 -271.757 0.935661 -0.0695457 0.34598 166.825 -0.352503 -0.230703 0.906928 -42.0601 0 0 0 1 
Seq_Frame0143_ForcepToReference-SequenceTransformStatus = OK
Seq_Frame0143_Timestamp = 15.855
Seq_Frame0144_ForcepToReference-SequenceTransform =0.0685182 -0.989382 -0.128171 -283.93 0.94969 0.0253292 0.312167 180.897 -0.305606 -0.143112 0.941342 -48.6937 0 0 0 1 
Seq_Frame0144_ForcepToReference-SequenceTransformStatus = OK
Seq_Frame0144_Timestamp = 15.96
Seq_Frame0145_ForcepToReference-SequenceTransform =0.0827711 -0.981742 -0.171265 -245.246 0.948444 0.0248429 0.315969 205.338 -0.305946 -0.188588 0.933184 -35.4849 0 0 0 1 
Seq_Frame0145_ForcepToReference-SequenceTransformStatus = OK
Seq_Frame0145_Timestamp = 16.065
Seq_Frame0146_ForcepToReference-SequenceTransform =0.107444 -0.94317 -0.314461 -194.845 0.976429 0.0405519 0.211995 217.157 -0.187195 -0.329826 0.925296 2.77585 0 0 0 1 
Seq_Frame0146_ForcepToReference-SequenceTransformStatus = OK
Seq_Frame0146_Timestamp = 16.17
Seq_Frame0147_ForcepToReference-SequenceTransform =-0.052744 -0.881997 -0.468294 -176.137 0.996363 -0.0779047 0.0345073 211.442 -0.0669176 -0.464771 0.882899 21.6602 0 0 0 1 
Seq_Frame0147_ForcepToReference-SequenceTransformStatus = OK
Seq_Frame0147_Timestamp = 16.28
Seq_Frame0148_ForcepToReference-SequenceTransform =-0.178695 -0.773791 -0.607714 -166.638 0.981009 -0.0927729 -0.170334 209.589 0.0754234 -0.626611 0.775674 29.7116 0 0 0 1 
Seq_Frame0148_ForcepToReference-SequenceTransformStatus = OK
Seq_Frame0148_Timestamp = 16.39
Seq_Frame0149_ForcepToReference-SequenceTransform =-0.249481 -0.633249 -0.732636 -153.782 0.965628 -0.105682 -0.237476 205.301 0.072955 -0.766699 0.637848 29.6577 0 0 0 1 
Seq_Frame0149_ForcepToReference-SequenceTransformStatus = OK
Seq_Frame0149_Timestamp = 16.495
Seq_Frame0150_ForcepToReference-SequenceTransform =-0.311617 -0.479975 -0.820073 -143.195 0.946039 -0.0759609 -0.315024 204.519 0.0889098 -0.873987 0.477746 33.3644 0 0 0 1 
