ObjectType = Image
NDims = 3
AnatomicalOrientation = RAI
BinaryData = True
CompressedData = False
DimSize = 0 0 3040
ElementSpacing = 1 1 1
Offset = 0 0 0
TransformMatrix = 1 0 0 0 1 0 0 0 1
ElementType = MET_UCHAR
Kinds = domain domain list
Seq_Frame0000_DriverToReference-SequenceTransform =0.549324 0.829738 -0.0988768 97.7693 -0.491185 0.224906 -0.841519 36.7146 -0.676003 0.510834 0.531101 57.4447 0 0 0 1 
Seq_Frame0000_DriverToReference-SequenceTransformStatus = OK
Seq_Frame0000_Timestamp = 0.00200009
Seq_Frame0001_DriverToReference-SequenceTransform =0.549407 0.829432 -0.100969 97.7546 -0.492755 0.224039 -0.840832 36.6824 -0.674792 0.511712 0.531796 57.2845 0 0 0 1 
Seq_Frame0001_DriverToReference-SequenceTransformStatus = OK
Seq_Frame0001_Timestamp = 0.109
Seq_Frame0002_DriverToReference-SequenceTransform =0.550065 0.828854 -0.102123 97.7527 -0.492364 0.223097 -0.841312 36.6162 -0.674541 0.513058 0.530815 57.3312 0 0 0 1 
Seq_Frame0002_DriverToReference-SequenceTransformStatus = OK
Seq_Frame0002_Timestamp = 0.209
Seq_Frame0003_DriverToReference-SequenceTransform =0.549476 0.829654 -0.0987439 97.7595 -0.492808 0.226389 -0.840172 36.7972 -0.674697 0.510316 0.533255 57.4297 0 0 0 1 
Seq_Frame0003_DriverToReference-SequenceTransformStatus = OK
Seq_Frame0003_Timestamp = 0.31
Seq_Frame0004_DriverToReference-SequenceTransform =0.549378 0.829356 -0.101746 97.7995 -0.492217 0.222819 -0.841471 36.6443 -0.675208 0.512367 0.530636 57.2554 0 0 0 1 
Seq_Frame0004_DriverToReference-SequenceTransformStatus = OK
Seq_Frame0004_Timestamp = 0.418
Seq_Frame0005_DriverToReference-SequenceTransform =0.550075 0.828737 -0.103017 97.7924 -0.492452 0.222265 -0.84148 36.544 -0.674469 0.513608 0.530376 57.3231 0 0 0 1 
Seq_Frame0005_DriverToReference-SequenceTransformStatus = OK
Seq_Frame0005_Timestamp = 0.524
Seq_Frame0006_DriverToReference-SequenceTransform =0.549375 0.829368 -0.101666 97.7546 -0.493707 0.224029 -0.840276 36.7323 -0.674122 0.51182 0.532541 57.2341 0 0 0 1 
Seq_Frame0006_DriverToReference-SequenceTransformStatus = OK
Seq_Frame0006_Timestamp = 0.626
Seq_Frame0007_DriverToReference-SequenceTransform =0.549309 0.829766 -0.0987325 97.764 -0.492704 0.226188 -0.840287 36.819 -0.674909 0.510223 0.533076 57.3472 0 0 0 1 
Seq_Frame0007_DriverToReference-SequenceTransformStatus = OK
Seq_Frame0007_Timestamp = 0.727
Seq_Frame0008_DriverToReference-SequenceTransform =0.550023 0.828835 -0.102508 97.7788 -0.493084 0.223221 -0.840857 36.6482 -0.67405 0.513036 0.531461 57.225 0 0 0 1 
Seq_Frame0008_DriverToReference-SequenceTransformStatus = OK
Seq_Frame0008_Timestamp = 0.83
Seq_Frame0009_DriverToReference-SequenceTransform =0.550176 0.828794 -0.102011 97.7794 -0.493915 0.22448 -0.840034 36.6582 -0.673316 0.512551 0.532857 57.3498 0 0 0 1 
Seq_Frame0009_DriverToReference-SequenceTransformStatus = OK
Seq_Frame0009_Timestamp = 0.935
Seq_Frame0010_DriverToReference-SequenceTransform =0.549884 0.829391 -0.0986804 97.7728 -0.493351 0.227191 -0.839636 36.8694 -0.673968 0.510387 0.534109 57.3481 0 0 0 1 
Seq_Frame0010_DriverToReference-SequenceTransformStatus = OK
Seq_Frame0010_Timestamp = 1.044
Seq_Frame0011_DriverToReference-SequenceTransform =0.549288 0.829343 -0.102341 97.7982 -0.492369 0.222259 -0.841531 36.687 -0.675171 0.512632 0.530427 57.1777 0 0 0 1 
Seq_Frame0011_DriverToReference-SequenceTransformStatus = OK
Seq_Frame0011_Timestamp = 1.145
Seq_Frame0012_DriverToReference-SequenceTransform =0.549244 0.829635 -0.100182 97.8097 -0.493255 0.225085 -0.840259 36.8386 -0.67456 0.510922 0.532849 57.1389 0 0 0 1 
Seq_Frame0012_DriverToReference-SequenceTransformStatus = OK
Seq_Frame0012_Timestamp = 1.245
Seq_Frame0013_DriverToReference-SequenceTransform =0.550301 0.828564 -0.1032 97.7306 -0.492401 0.22222 -0.841522 36.4811 -0.674322 0.513906 0.530274 57.3703 0 0 0 1 
Seq_Frame0013_DriverToReference-SequenceTransformStatus = OK
Seq_Frame0013_Timestamp = 1.349
Seq_Frame0014_DriverToReference-SequenceTransform =0.550959 0.828514 -0.100042 97.5668 -0.494812 0.227787 -0.838615 37.1451 -0.672016 0.511544 0.53546 57.0602 0 0 0 1 
Seq_Frame0014_DriverToReference-SequenceTransformStatus = OK
Seq_Frame0014_Timestamp = 1.46
Seq_Frame0015_DriverToReference-SequenceTransform =0.55059 0.828524 -0.101974 97.7028 -0.493611 0.224618 -0.840175 36.7785 -0.6732 0.512928 0.532641 57.186 0 0 0 1 
Seq_Frame0015_DriverToReference-SequenceTransformStatus = OK
Seq_Frame0015_Timestamp = 1.568
Seq_Frame0016_DriverToReference-SequenceTransform =0.549514 0.829384 -0.100779 97.7414 -0.493153 0.224619 -0.840444 36.6687 -0.674414 0.511535 0.532444 57.3461 0 0 0 1 
Seq_Frame0016_DriverToReference-SequenceTransformStatus = OK
Seq_Frame0016_Timestamp = 1.67
Seq_Frame0017_DriverToReference-SequenceTransform =0.549604 0.829529 -0.0990809 97.7756 -0.492792 0.226138 -0.840249 36.7376 -0.674604 0.510631 0.533072 57.4504 0 0 0 1 
Seq_Frame0017_DriverToReference-SequenceTransformStatus = OK
Seq_Frame0017_Timestamp = 1.775
Seq_Frame0018_DriverToReference-SequenceTransform =0.59158 0.79744 -0.118841 96.0115 -0.498459 0.245893 -0.831309 37.3752 -0.633697 0.551023 0.542957 57.9871 0 0 0 1 
Seq_Frame0018_DriverToReference-SequenceTransformStatus = OK
Seq_Frame0018_Timestamp = 1.88
Seq_Frame0019_DriverToReference-SequenceTransform =0.61176 0.781286 -0.123861 94.8587 -0.494459 0.255457 -0.830814 37.1672 -0.617463 0.569503 0.542592 58.1757 0 0 0 1 
Seq_Frame0019_DriverToReference-SequenceTransformStatus = OK
Seq_Frame0019_Timestamp = 1.981
Seq_Frame0020_DriverToReference-SequenceTransform =0.634376 0.77287 -0.0154391 92.9258 -0.578452 0.461358 -0.672712 47.6001 -0.512796 0.435683 0.739743 47.2003 0 0 0 1 
Seq_Frame0020_DriverToReference-SequenceTransformStatus = OK
Seq_Frame0020_Timestamp = 2.087
Seq_Frame0021_DriverToReference-SequenceTransform =0.667321 0.743088 0.0500251 93.0288 -0.620941 0.592201 -0.513547 61.4104 -0.411235 0.311638 0.856602 39.8317 0 0 0 1 
Seq_Frame0021_DriverToReference-SequenceTransformStatus = OK
Seq_Frame0021_Timestamp = 2.19
Seq_Frame0022_DriverToReference-SequenceTransform =0.70201 0.693626 0.161445 90.3101 -0.540862 0.666746 -0.512755 92.0922 -0.463303 0.272639 0.843219 26.3756 0 0 0 1 
Seq_Frame0022_DriverToReference-SequenceTransformStatus = OK
Seq_Frame0022_Timestamp = 2.3
Seq_Frame0023_DriverToReference-SequenceTransform =0.732348 0.61302 0.296434 82.7343 -0.422668 0.750564 -0.507942 138.847 -0.533871 0.246697 0.808778 12.1605 0 0 0 1 
Seq_Frame0023_DriverToReference-SequenceTransformStatus = OK
Seq_Frame0023_Timestamp = 2.4
Seq_Frame0024_DriverToReference-SequenceTransform =0.7544 0.502944 0.421815 67.8705 -0.276049 0.826099 -0.491282 195.142 -0.595548 0.254182 0.762046 6.23899 0 0 0 1 
Seq_Frame0024_DriverToReference-SequenceTransformStatus = OK
Seq_Frame0024_Timestamp = 2.508
Seq_Frame0025_DriverToReference-SequenceTransform =0.742886 0.411965 0.527642 49.9758 -0.154527 0.872456 -0.463619 246.244 -0.651339 0.262881 0.711794 9.84815 0 0 0 1 
Seq_Frame0025_DriverToReference-SequenceTransformStatus = OK
Seq_Frame0025_Timestamp = 2.609
Seq_Frame0026_DriverToReference-SequenceTransform =0.7259 0.413633 0.549525 46.0452 -0.105449 0.856442 -0.505358 257.6 -0.679669 0.308893 0.665308 12.8244 0 0 0 1 
Seq_Frame0026_DriverToReference-SequenceTransformStatus = OK
Seq_Frame0026_Timestamp = 2.715
Seq_Frame0027_DriverToReference-SequenceTransform =-0.396791 -0.727347 -0.559932 22.1237 -0.8604 0.0821919 0.502948 307.91 -0.319796 0.681331 -0.658422 43.953 0 0 0 1 
Seq_Frame0027_DriverToReference-SequenceTransformStatus = OK
Seq_Frame0027_Timestamp = 2.816
Seq_Frame0028_DriverToReference-SequenceTransform =-0.392073 -0.767721 -0.506837 16.9964 -0.856293 0.103205 0.506073 312.519 -0.336215 0.632419 -0.697858 57.7852 0 0 0 1 
Seq_Frame0028_DriverToReference-SequenceTransformStatus = OK
Seq_Frame0028_Timestamp = 2.92
Seq_Frame0029_DriverToReference-SequenceTransform =-0.428918 -0.720835 -0.544451 15.4382 -0.831066 0.078648 0.550585 314.257 -0.354061 0.68863 -0.632795 66.737 0 0 0 1 
Seq_Frame0029_DriverToReference-SequenceTransformStatus = OK
Seq_Frame0029_Timestamp = 3.021
Seq_Frame0030_DriverToReference-SequenceTransform =-0.382659 -0.715925 -0.583972 15.3458 -0.845046 0.0157187 0.534462 320.873 -0.373456 0.698 -0.611005 73.6427 0 0 0 1 
Seq_Frame0030_DriverToReference-SequenceTransformStatus = OK
Seq_Frame0030_Timestamp = 3.124
Seq_Frame0031_DriverToReference-SequenceTransform =-0.337733 -0.730557 -0.593483 16.7698 -0.883191 0.0279611 0.468179 323.368 -0.325437 0.682279 -0.654665 77.0577 0 0 0 1 
Seq_Frame0031_DriverToReference-SequenceTransformStatus = OK
Seq_Frame0031_Timestamp = 3.225
Seq_Frame0032_DriverToReference-SequenceTransform =-0.194286 -0.740008 -0.643926 12.9285 -0.944643 -0.0357855 0.326144 325.023 -0.264392 0.671645 -0.692091 78.1924 0 0 0 1 
Seq_Frame0032_DriverToReference-SequenceTransformStatus = OK
Seq_Frame0032_Timestamp = 3.333
Seq_Frame0033_DriverToReference-SequenceTransform =-0.109835 -0.688846 -0.716539 8.17087 -0.975704 -0.062772 0.209907 323.576 -0.189572 0.722185 -0.665215 76.4096 0 0 0 1 
Seq_Frame0033_DriverToReference-SequenceTransformStatus = OK
Seq_Frame0033_Timestamp = 3.435
Seq_Frame0034_DriverToReference-SequenceTransform =0.0776675 -0.904321 -0.419727 18.4117 -0.920604 -0.226655 0.317987 324.56 -0.382695 0.361705 -0.850126 89.4977 0 0 0 1 
Seq_Frame0034_DriverToReference-SequenceTransformStatus = OK
Seq_Frame0034_Timestamp = 3.535
Seq_Frame0035_DriverToReference-SequenceTransform =0.0742057 -0.880161 -0.468839 27.2372 -0.897873 -0.263549 0.352655 324.825 -0.433956 0.394789 -0.80983 92.3584 0 0 0 1 
Seq_Frame0035_DriverToReference-SequenceTransformStatus = OK
Seq_Frame0035_Timestamp = 3.636
Seq_Frame0036_DriverToReference-SequenceTransform =-0.105641 -0.808625 -0.578762 36.1637 -0.97953 -0.0156724 0.200689 318.593 -0.171353 0.588116 -0.790416 78.4735 0 0 0 1 
Seq_Frame0036_DriverToReference-SequenceTransformStatus = OK
Seq_Frame0036_Timestamp = 3.741
Seq_Frame0037_DriverToReference-SequenceTransform =-0.277881 -0.74524 -0.606135 35.92 -0.959438 0.184077 0.21353 314.127 -0.0475553 0.640885 -0.766163 74.653 0 0 0 1 
Seq_Frame0037_DriverToReference-SequenceTransformStatus = OK
Seq_Frame0037_Timestamp = 3.849
Seq_Frame0038_DriverToReference-SequenceTransform =-0.38864 -0.714793 -0.581403 38.0022 -0.92053 0.273971 0.278502 312.311 -0.0397837 0.643436 -0.764465 74.8588 0 0 0 1 
Seq_Frame0038_DriverToReference-SequenceTransformStatus = OK
Seq_Frame0038_Timestamp = 3.949
Seq_Frame0039_DriverToReference-SequenceTransform =-0.542595 -0.646269 -0.536588 42.5321 -0.838479 0.37835 0.392179 315.468 -0.0504353 0.662713 -0.747173 78.1854 0 0 0 1 
Seq_Frame0039_DriverToReference-SequenceTransformStatus = OK
Seq_Frame0039_Timestamp = 4.05
Seq_Frame0040_DriverToReference-SequenceTransform =-0.7225 -0.544038 -0.426634 52.3611 -0.686324 0.489957 0.537496 317.058 -0.0833861 0.68115 -0.72738 82.5367 0 0 0 1 
Seq_Frame0040_DriverToReference-SequenceTransformStatus = OK
Seq_Frame0040_Timestamp = 4.155
Seq_Frame0041_DriverToReference-SequenceTransform =-0.788094 -0.507522 -0.348323 61.2508 -0.60746 0.549765 0.573368 324.69 -0.0995015 0.663461 -0.741566 87.3462 0 0 0 1 
Seq_Frame0041_DriverToReference-SequenceTransformStatus = OK
Seq_Frame0041_Timestamp = 4.26
Seq_Frame0042_DriverToReference-SequenceTransform =-0.822837 -0.486926 -0.292987 68.9521 -0.556522 0.586142 0.588829 332.729 -0.114984 0.647565 -0.753285 94.219 0 0 0 1 
Seq_Frame0042_DriverToReference-SequenceTransformStatus = OK
Seq_Frame0042_Timestamp = 4.365
Seq_Frame0043_DriverToReference-SequenceTransform =-0.855146 -0.441015 -0.272453 74.9041 -0.509544 0.618441 0.598243 341.29 -0.0953382 0.650412 -0.753574 100.646 0 0 0 1 
Seq_Frame0043_DriverToReference-SequenceTransformStatus = OK
Seq_Frame0043_Timestamp = 4.466
Seq_Frame0044_DriverToReference-SequenceTransform =-0.840453 -0.461848 -0.283436 80.0209 -0.534655 0.621605 0.572496 350.115 -0.0882209 0.632696 -0.769359 107.762 0 0 0 1 
Seq_Frame0044_DriverToReference-SequenceTransformStatus = OK
Seq_Frame0044_Timestamp = 4.569
Seq_Frame0045_DriverToReference-SequenceTransform =-0.84158 -0.468507 -0.268784 87.3348 -0.53201 0.633028 0.562353 353.435 -0.0933185 0.61626 -0.781994 116.694 0 0 0 1 
Seq_Frame0045_DriverToReference-SequenceTransformStatus = OK
Seq_Frame0045_Timestamp = 4.67
Seq_Frame0046_DriverToReference-SequenceTransform =-0.885821 -0.423408 -0.189863 91.9358 -0.44754 0.671457 0.590637 355.276 -0.122596 0.60817 -0.784283 115.91 0 0 0 1 
Seq_Frame0046_DriverToReference-SequenceTransformStatus = OK
Seq_Frame0046_Timestamp = 4.779
Seq_Frame0047_DriverToReference-SequenceTransform =-0.925033 -0.357575 -0.128277 107.15 -0.349515 0.668788 0.656172 339.079 -0.148841 0.651816 -0.743628 134.801 0 0 0 1 
Seq_Frame0047_DriverToReference-SequenceTransformStatus = OK
Seq_Frame0047_Timestamp = 4.954
Seq_Frame0048_DriverToReference-SequenceTransform =-0.951413 -0.281404 -0.124999 104.679 -0.288317 0.671627 0.682488 329.907 -0.108102 0.685368 -0.720128 149.459 0 0 0 1 
Seq_Frame0048_DriverToReference-SequenceTransformStatus = OK
Seq_Frame0048_Timestamp = 5.195
Seq_Frame0049_DriverToReference-SequenceTransform =-0.955569 -0.257975 -0.142607 100.325 -0.286675 0.700758 0.653265 335.92 -0.0685926 0.665122 -0.743578 136.725 0 0 0 1 
Seq_Frame0049_DriverToReference-SequenceTransformStatus = OK
Seq_Frame0049_Timestamp = 5.299
Seq_Frame0050_DriverToReference-SequenceTransform =-0.96052 -0.256902 -0.106781 103.111 -0.261281 0.701143 0.663424 334.71 -0.0955659 0.665132 -0.740585 140.989 0 0 0 1 
Seq_Frame0050_DriverToReference-SequenceTransformStatus = OK
Seq_Frame0050_Timestamp = 5.405
Seq_Frame0051_DriverToReference-SequenceTransform =-0.957134 -0.259214 -0.129237 107.385 -0.279393 0.708603 0.647936 336.445 -0.0763763 0.65627 -0.750651 140.533 0 0 0 1 
Seq_Frame0051_DriverToReference-SequenceTransformStatus = OK
Seq_Frame0051_Timestamp = 5.505
Seq_Frame0052_DriverToReference-SequenceTransform =-0.954324 -0.254515 -0.156488 109.947 -0.294232 0.709597 0.640234 343.201 -0.0519055 0.657034 -0.752072 126.838 0 0 0 1 
Seq_Frame0052_DriverToReference-SequenceTransformStatus = OK
Seq_Frame0052_Timestamp = 5.61
Seq_Frame0053_DriverToReference-SequenceTransform =-0.958576 -0.249745 -0.136966 111.878 -0.274827 0.68458 0.675145 335.329 -0.0748499 0.68482 -0.724858 144.328 0 0 0 1 
Seq_Frame0053_DriverToReference-SequenceTransformStatus = OK
Seq_Frame0053_Timestamp = 5.724
Seq_Frame0054_DriverToReference-SequenceTransform =-0.969955 -0.243135 -0.00849421 126.746 -0.180981 0.697785 0.693067 315.794 -0.162582 0.673781 -0.720823 167.479 0 0 0 1 
Seq_Frame0054_DriverToReference-SequenceTransformStatus = OK
Seq_Frame0054_Timestamp = 5.824
Seq_Frame0055_DriverToReference-SequenceTransform =-0.950776 -0.290144 -0.10882 108.322 -0.286766 0.690739 0.663811 334.48 -0.117434 0.662341 -0.739941 147.534 0 0 0 1 
Seq_Frame0055_DriverToReference-SequenceTransformStatus = OK
Seq_Frame0055_Timestamp = 5.925
Seq_Frame0056_DriverToReference-SequenceTransform =-0.859415 -0.488199 -0.151881 103.754 -0.451919 0.586414 0.672226 340.516 -0.239115 0.646359 -0.724599 150.925 0 0 0 1 
Seq_Frame0056_DriverToReference-SequenceTransformStatus = OK
Seq_Frame0056_Timestamp = 6.025
Seq_Frame0057_DriverToReference-SequenceTransform =-0.710565 -0.667799 -0.221681 92.9885 -0.625844 0.455835 0.632877 343.939 -0.321585 0.588438 -0.741838 152.553 0 0 0 1 
Seq_Frame0057_DriverToReference-SequenceTransformStatus = OK
Seq_Frame0057_Timestamp = 6.131
Seq_Frame0058_DriverToReference-SequenceTransform =-0.716459 -0.662427 -0.218807 85.9559 -0.61003 0.44272 0.657162 349.869 -0.338452 0.604309 -0.721292 147.945 0 0 0 1 
Seq_Frame0058_DriverToReference-SequenceTransformStatus = OK
Seq_Frame0058_Timestamp = 6.24
Seq_Frame0059_DriverToReference-SequenceTransform =-0.656058 -0.695495 -0.293045 86.2021 -0.697577 0.410616 0.58718 365.561 -0.288052 0.589645 -0.754549 149.048 0 0 0 1 
Seq_Frame0059_DriverToReference-SequenceTransformStatus = OK
Seq_Frame0059_Timestamp = 6.375
Seq_Frame0060_DriverToReference-SequenceTransform =-0.57475 -0.789493 -0.215322 85.2993 -0.684501 0.319616 0.655213 366.309 -0.448466 0.523972 -0.724108 145.369 0 0 0 1 
Seq_Frame0060_DriverToReference-SequenceTransformStatus = OK
Seq_Frame0060_Timestamp = 6.478
Seq_Frame0061_DriverToReference-SequenceTransform =0.0260259 -0.956262 -0.291353 72.5036 -0.834213 -0.181369 0.520762 391.556 -0.550827 0.229497 -0.802446 144.268 0 0 0 1 
Seq_Frame0061_DriverToReference-SequenceTransformStatus = OK
Seq_Frame0061_Timestamp = 6.586
Seq_Frame0062_DriverToReference-SequenceTransform =0.0492417 -0.906441 -0.419452 50.2418 -0.755227 -0.308616 0.578263 399.034 -0.653611 0.288307 -0.699765 144.192 0 0 0 1 
Seq_Frame0062_DriverToReference-SequenceTransformStatus = OK
Seq_Frame0062_Timestamp = 6.697
Seq_Frame0063_DriverToReference-SequenceTransform =0.186113 -0.847587 -0.496949 31.0889 -0.721601 -0.461182 0.516336 403.736 -0.666824 0.262502 -0.697451 145.915 0 0 0 1 
Seq_Frame0063_DriverToReference-SequenceTransformStatus = OK
Seq_Frame0063_Timestamp = 6.804
Seq_Frame0064_DriverToReference-SequenceTransform =0.231176 -0.835537 -0.498434 22.2527 -0.705661 -0.496686 0.505318 405.719 -0.669777 0.234908 -0.704427 146.221 0 0 0 1 
Seq_Frame0064_DriverToReference-SequenceTransformStatus = OK
Seq_Frame0064_Timestamp = 6.911
Seq_Frame0065_DriverToReference-SequenceTransform =0.208818 -0.85352 -0.477387 21.0805 -0.716396 -0.465796 0.519433 405.902 -0.665712 0.233531 -0.708725 145.304 0 0 0 1 
Seq_Frame0065_DriverToReference-SequenceTransformStatus = OK
Seq_Frame0065_Timestamp = 7.021
Seq_Frame0066_DriverToReference-SequenceTransform =0.170096 -0.845771 -0.505706 21.4571 -0.695656 -0.466533 0.54627 406.285 -0.697948 0.258879 -0.66772 145.136 0 0 0 1 
Seq_Frame0066_DriverToReference-SequenceTransformStatus = OK
Seq_Frame0066_Timestamp = 7.126
Seq_Frame0067_DriverToReference-SequenceTransform =0.170096 -0.845771 -0.505706 21.4571 -0.695656 -0.466533 0.54627 406.285 -0.697948 0.258879 -0.66772 145.136 0 0 0 1 
Seq_Frame0067_DriverToReference-SequenceTransformStatus = OK
Seq_Frame0067_Timestamp = 7.235
Seq_Frame0068_DriverToReference-SequenceTransform =0.170096 -0.845771 -0.505706 21.4571 -0.695656 -0.466533 0.54627 406.285 -0.697948 0.258879 -0.66772 145.136 0 0 0 1 
Seq_Frame0068_DriverToReference-SequenceTransformStatus = OK
Seq_Frame0068_Timestamp = 7.341
Seq_Frame0069_DriverToReference-SequenceTransform =0.170096 -0.845771 -0.505706 21.4571 -0.695656 -0.466533 0.54627 406.285 -0.697948 0.258879 -0.66772 145.136 0 0 0 1 
Seq_Frame0069_DriverToReference-SequenceTransformStatus = OK
Seq_Frame0069_Timestamp = 7.449
Seq_Frame0070_DriverToReference-SequenceTransform =-0.173586 -0.914334 -0.365871 46.1922 -0.80667 -0.0811063 0.585411 396.297 -0.564935 0.396757 -0.723486 146.599 0 0 0 1 
Seq_Frame0070_DriverToReference-SequenceTransformStatus = OK
Seq_Frame0070_Timestamp = 7.553
Seq_Frame0071_DriverToReference-SequenceTransform =-0.393971 -0.838981 -0.375364 58.5714 -0.770831 0.0791643 0.632101 391.635 -0.500606 0.538372 -0.677901 148.771 0 0 0 1 
Seq_Frame0071_DriverToReference-SequenceTransformStatus = OK
Seq_Frame0071_Timestamp = 7.662
Seq_Frame0072_DriverToReference-SequenceTransform =-0.68183 -0.661358 -0.312591 86.9473 -0.686791 0.431638 0.584814 386.303 -0.251846 0.613428 -0.748518 178.988 0 0 0 1 
Seq_Frame0072_DriverToReference-SequenceTransformStatus = OK
Seq_Frame0072_Timestamp = 7.767
Seq_Frame0073_DriverToReference-SequenceTransform =-0.740842 -0.580554 -0.337802 108.343 -0.652466 0.502587 0.567181 386.959 -0.159504 0.640596 -0.751129 217.233 0 0 0 1 
Seq_Frame0073_DriverToReference-SequenceTransformStatus = OK
Seq_Frame0073_Timestamp = 7.877
Seq_Frame0074_DriverToReference-SequenceTransform =-0.778196 -0.526819 -0.341865 124.571 -0.624443 0.591049 0.510619 384.481 -0.0669448 0.610837 -0.788921 259.906 0 0 0 1 
Seq_Frame0074_DriverToReference-SequenceTransformStatus = OK
Seq_Frame0074_Timestamp = 7.984
Seq_Frame0075_DriverToReference-SequenceTransform =-0.854696 -0.464084 -0.232639 127.545 -0.515821 0.708695 0.481331 370.348 -0.058508 0.531392 -0.845103 296.899 0 0 0 1 
Seq_Frame0075_DriverToReference-SequenceTransformStatus = OK
Seq_Frame0075_Timestamp = 8.094
Seq_Frame0076_DriverToReference-SequenceTransform =-0.878594 -0.420536 -0.226323 117.555 -0.476404 0.738701 0.476822 358.311 -0.0333355 0.526754 -0.849364 310.146 0 0 0 1 
Seq_Frame0076_DriverToReference-SequenceTransformStatus = OK
Seq_Frame0076_Timestamp = 8.199
Seq_Frame0077_DriverToReference-SequenceTransform =-0.877451 -0.420726 -0.230368 112.987 -0.479016 0.74358 0.466512 350.681 -0.0249764 0.519691 -0.853989 309.944 0 0 0 1 
Seq_Frame0077_DriverToReference-SequenceTransformStatus = OK
Seq_Frame0077_Timestamp = 8.309
Seq_Frame0078_DriverToReference-SequenceTransform =-0.880748 -0.394244 -0.262401 113.985 -0.472601 0.767363 0.433361 346.921 0.0305064 0.505693 -0.862174 310.29 0 0 0 1 
Seq_Frame0078_DriverToReference-SequenceTransformStatus = OK
Seq_Frame0078_Timestamp = 8.414
Seq_Frame0079_DriverToReference-SequenceTransform =-0.897274 -0.385745 -0.214711 115.409 -0.441474 0.784919 0.434745 343.022 0.000830134 0.484875 -0.874583 309.826 0 0 0 1 
Seq_Frame0079_DriverToReference-SequenceTransformStatus = OK
Seq_Frame0079_Timestamp = 8.52
Seq_Frame0080_DriverToReference-SequenceTransform =-0.91067 -0.365766 -0.192082 112.918 -0.413117 0.810464 0.41531 338.085 0.00376946 0.457562 -0.88917 310.582 0 0 0 1 
Seq_Frame0080_DriverToReference-SequenceTransformStatus = OK
Seq_Frame0080_Timestamp = 8.627
Seq_Frame0081_DriverToReference-SequenceTransform =-0.909636 -0.351157 -0.221926 111.519 -0.412256 0.828783 0.378371 334.53 0.0510612 0.43567 -0.898657 311.985 0 0 0 1 
Seq_Frame0081_DriverToReference-SequenceTransformStatus = OK
Seq_Frame0081_Timestamp = 8.734
Seq_Frame0082_DriverToReference-SequenceTransform =-0.898066 -0.335834 -0.284066 110.743 -0.418113 0.852328 0.314195 332.896 0.1366 0.40094 -0.905863 313.258 0 0 0 1 
Seq_Frame0082_DriverToReference-SequenceTransformStatus = OK
Seq_Frame0082_Timestamp = 8.843
Seq_Frame0083_DriverToReference-SequenceTransform =-0.877755 -0.322234 -0.354559 113.774 -0.423326 0.868176 0.25897 336.941 0.22437 0.377407 -0.898455 323.225 0 0 0 1 
Seq_Frame0083_DriverToReference-SequenceTransformStatus = OK
Seq_Frame0083_Timestamp = 8.947
Seq_Frame0084_DriverToReference-SequenceTransform =-0.897597 -0.202811 -0.39139 119.261 -0.346365 0.87369 0.341609 342.404 0.272672 0.442191 -0.854469 340.51 0 0 0 1 
Seq_Frame0084_DriverToReference-SequenceTransformStatus = OK
Seq_Frame0084_Timestamp = 9.058
Seq_Frame0085_DriverToReference-SequenceTransform =-0.65634 -0.233406 -0.717454 111.814 -0.30966 0.950493 -0.0259374 344.404 0.687989 0.205143 -0.696123 339.587 0 0 0 1 
Seq_Frame0085_DriverToReference-SequenceTransformStatus = OK
Seq_Frame0085_Timestamp = 9.163
Seq_Frame0086_DriverToReference-SequenceTransform =-0.419943 -0.213947 -0.881972 108.721 -0.312945 0.946349 -0.0805576 343.186 0.851888 0.242179 -0.464366 330.19 0 0 0 1 
Seq_Frame0086_DriverToReference-SequenceTransformStatus = OK
Seq_Frame0086_Timestamp = 9.285
Seq_Frame0087_DriverToReference-SequenceTransform =0.0377818 -0.234371 -0.971413 108.864 -0.150678 0.959656 -0.237395 325 0.987861 0.15534 0.0009429 321.222 0 0 0 1 
Seq_Frame0087_DriverToReference-SequenceTransformStatus = OK
Seq_Frame0087_Timestamp = 9.398
Seq_Frame0088_DriverToReference-SequenceTransform =0.241587 -0.229649 -0.942813 101.114 -0.1238 0.956359 -0.264671 311.308 0.96245 0.180661 0.202614 316.87 0 0 0 1 
Seq_Frame0088_DriverToReference-SequenceTransformStatus = OK
Seq_Frame0088_Timestamp = 9.52
Seq_Frame0089_DriverToReference-SequenceTransform =0.241587 -0.229649 -0.942813 101.114 -0.1238 0.956359 -0.264671 311.308 0.96245 0.180661 0.202614 316.87 0 0 0 1 
Seq_Frame0089_DriverToReference-SequenceTransformStatus = OK
Seq_Frame0089_Timestamp = 9.627
Seq_Frame0090_DriverToReference-SequenceTransform =0.241587 -0.229649 -0.942813 101.114 -0.1238 0.956359 -0.264671 311.308 0.96245 0.180661 0.202614 316.87 0 0 0 1 
Seq_Frame0090_DriverToReference-SequenceTransformStatus = OK
Seq_Frame0090_Timestamp = 9.741
Seq_Frame0091_DriverToReference-SequenceTransform =0.241587 -0.229649 -0.942813 101.114 -0.1238 0.956359 -0.264671 311.308 0.96245 0.180661 0.202614 316.87 0 0 0 1 
Seq_Frame0091_DriverToReference-SequenceTransformStatus = OK
Seq_Frame0091_Timestamp = 9.841
Seq_Frame0092_DriverToReference-SequenceTransform =0.241587 -0.229649 -0.942813 101.114 -0.1238 0.956359 -0.264671 311.308 0.96245 0.180661 0.202614 316.87 0 0 0 1 
Seq_Frame0092_DriverToReference-SequenceTransformStatus = OK
Seq_Frame0092_Timestamp = 9.952
Seq_Frame0093_DriverToReference-SequenceTransform =0.241587 -0.229649 -0.942813 101.114 -0.1238 0.956359 -0.264671 311.308 0.96245 0.180661 0.202614 316.87 0 0 0 1 
Seq_Frame0093_DriverToReference-SequenceTransformStatus = OK
Seq_Frame0093_Timestamp = 10.057
Seq_Frame0094_DriverToReference-SequenceTransform =0.241587 -0.229649 -0.942813 101.114 -0.1238 0.956359 -0.264671 311.308 0.96245 0.180661 0.202614 316.87 0 0 0 1 
Seq_Frame0094_DriverToReference-SequenceTransformStatus = OK
Seq_Frame0094_Timestamp = 10.169
Seq_Frame0095_DriverToReference-SequenceTransform =0.241587 -0.229649 -0.942813 101.114 -0.1238 0.956359 -0.264671 311.308 0.96245 0.180661 0.202614 316.87 0 0 0 1 
Seq_Frame0095_DriverToReference-SequenceTransformStatus = OK
Seq_Frame0095_Timestamp = 10.274
Seq_Frame0096_DriverToReference-SequenceTransform =0.241587 -0.229649 -0.942813 101.114 -0.1238 0.956359 -0.264671 311.308 0.96245 0.180661 0.202614 316.87 0 0 0 1 
Seq_Frame0096_DriverToReference-SequenceTransformStatus = OK
Seq_Frame0096_Timestamp = 10.387
Seq_Frame0097_DriverToReference-SequenceTransform =0.241587 -0.229649 -0.942813 101.114 -0.1238 0.956359 -0.264671 311.308 0.96245 0.180661 0.202614 316.87 0 0 0 1 
Seq_Frame0097_DriverToReference-SequenceTransformStatus = OK
Seq_Frame0097_Timestamp = 10.49
Seq_Frame0098_DriverToReference-SequenceTransform =0.241587 -0.229649 -0.942813 101.114 -0.1238 0.956359 -0.264671 311.308 0.96245 0.180661 0.202614 316.87 0 0 0 1 
Seq_Frame0098_DriverToReference-SequenceTransformStatus = OK
Seq_Frame0098_Timestamp = 10.601
Seq_Frame0099_DriverToReference-SequenceTransform =0.241587 -0.229649 -0.942813 101.114 -0.1238 0.956359 -0.264671 311.308 0.96245 0.180661 0.202614 316.87 0 0 0 1 
Seq_Frame0099_DriverToReference-SequenceTransformStatus = OK
Seq_Frame0099_Timestamp = 10.708
Seq_Frame0100_DriverToReference-SequenceTransform =0.241587 -0.229649 -0.942813 101.114 -0.1238 0.956359 -0.264671 311.308 0.96245 0.180661 0.202614 316.87 0 0 0 1 
Seq_Frame0100_DriverToReference-SequenceTransformStatus = OK
Seq_Frame0100_Timestamp = 10.814
Seq_Frame0101_DriverToReference-SequenceTransform =0.241587 -0.229649 -0.942813 101.114 -0.1238 0.956359 -0.264671 311.308 0.96245 0.180661 0.202614 316.87 0 0 0 1 
Seq_Frame0101_DriverToReference-SequenceTransformStatus = OK
Seq_Frame0101_Timestamp = 10.923
Seq_Frame0102_DriverToReference-SequenceTransform =0.241587 -0.229649 -0.942813 101.114 -0.1238 0.956359 -0.264671 311.308 0.96245 0.180661 0.202614 316.87 0 0 0 1 
Seq_Frame0102_DriverToReference-SequenceTransformStatus = OK
Seq_Frame0102_Timestamp = 11.027
Seq_Frame0103_DriverToReference-SequenceTransform =0.241587 -0.229649 -0.942813 101.114 -0.1238 0.956359 -0.264671 311.308 0.96245 0.180661 0.202614 316.87 0 0 0 1 
Seq_Frame0103_DriverToReference-SequenceTransformStatus = OK
Seq_Frame0103_Timestamp = 11.135
Seq_Frame0104_DriverToReference-SequenceTransform =0.241587 -0.229649 -0.942813 101.114 -0.1238 0.956359 -0.264671 311.308 0.96245 0.180661 0.202614 316.87 0 0 0 1 
Seq_Frame0104_DriverToReference-SequenceTransformStatus = OK
Seq_Frame0104_Timestamp = 11.243
Seq_Frame0105_DriverToReference-SequenceTransform =-0.0743654 0.0799937 0.994017 106.65 -0.994219 0.0714657 -0.0801317 273.658 -0.0774482 -0.99423 0.0742167 296.993 0 0 0 1 
Seq_Frame0105_DriverToReference-SequenceTransformStatus = OK
Seq_Frame0105_Timestamp = 11.354
Seq_Frame0106_DriverToReference-SequenceTransform =-0.0677714 0.0859993 0.993988 106.703 -0.990329 0.115091 -0.0774795 277.621 -0.121062 -0.989625 0.0773677 295.064 0 0 0 1 
Seq_Frame0106_DriverToReference-SequenceTransformStatus = OK
Seq_Frame0106_Timestamp = 11.457
Seq_Frame0107_DriverToReference-SequenceTransform =-0.0185531 0.0480323 -0.998673 107.188 -0.182371 0.981926 0.0506148 283.283 0.983055 0.183068 -0.00945812 291.507 0 0 0 1 
Seq_Frame0107_DriverToReference-SequenceTransformStatus = OK
Seq_Frame0107_Timestamp = 11.567
Seq_Frame0108_DriverToReference-SequenceTransform =0.0260542 0.0253385 -0.999339 104.83 -0.215501 0.976316 0.0191363 285.918 0.976156 0.21486 0.0308976 286.308 0 0 0 1 
Seq_Frame0108_DriverToReference-SequenceTransformStatus = OK
Seq_Frame0108_Timestamp = 11.674
Seq_Frame0109_DriverToReference-SequenceTransform =0.0260542 0.0253385 -0.999339 104.83 -0.215501 0.976316 0.0191363 285.918 0.976156 0.21486 0.0308976 286.308 0 0 0 1 
Seq_Frame0109_DriverToReference-SequenceTransformStatus = OK
Seq_Frame0109_Timestamp = 11.782
Seq_Frame0110_DriverToReference-SequenceTransform =0.0260542 0.0253385 -0.999339 104.83 -0.215501 0.976316 0.0191363 285.918 0.976156 0.21486 0.0308976 286.308 0 0 0 1 
Seq_Frame0110_DriverToReference-SequenceTransformStatus = OK
Seq_Frame0110_Timestamp = 11.89
Seq_Frame0111_DriverToReference-SequenceTransform =0.0260542 0.0253385 -0.999339 104.83 -0.215501 0.976316 0.0191363 285.918 0.976156 0.21486 0.0308976 286.308 0 0 0 1 
Seq_Frame0111_DriverToReference-SequenceTransformStatus = OK
Seq_Frame0111_Timestamp = 12.003
Seq_Frame0112_DriverToReference-SequenceTransform =0.0260542 0.0253385 -0.999339 104.83 -0.215501 0.976316 0.0191363 285.918 0.976156 0.21486 0.0308976 286.308 0 0 0 1 
Seq_Frame0112_DriverToReference-SequenceTransformStatus = OK
Seq_Frame0112_Timestamp = 12.108
Seq_Frame0113_DriverToReference-SequenceTransform =0.0260542 0.0253385 -0.999339 104.83 -0.215501 0.976316 0.0191363 285.918 0.976156 0.21486 0.0308976 286.308 0 0 0 1 
Seq_Frame0113_DriverToReference-SequenceTransformStatus = OK
Seq_Frame0113_Timestamp = 13.493
Seq_Frame0114_DriverToReference-SequenceTransform =0.0260542 0.0253385 -0.999339 104.83 -0.215501 0.976316 0.0191363 285.918 0.976156 0.21486 0.0308976 286.308 0 0 0 1 
Seq_Frame0114_DriverToReference-SequenceTransformStatus = OK
Seq_Frame0114_Timestamp = 13.645
Seq_Frame0115_DriverToReference-SequenceTransform =0.0260542 0.0253385 -0.999339 104.83 -0.215501 0.976316 0.0191363 285.918 0.976156 0.21486 0.0308976 286.308 0 0 0 1 
Seq_Frame0115_DriverToReference-SequenceTransformStatus = OK
Seq_Frame0115_Timestamp = 13.752
Seq_Frame0116_DriverToReference-SequenceTransform =0.0260542 0.0253385 -0.999339 104.83 -0.215501 0.976316 0.0191363 285.918 0.976156 0.21486 0.0308976 286.308 0 0 0 1 
Seq_Frame0116_DriverToReference-SequenceTransformStatus = OK
Seq_Frame0116_Timestamp = 13.863
Seq_Frame0117_DriverToReference-SequenceTransform =0.0260542 0.0253385 -0.999339 104.83 -0.215501 0.976316 0.0191363 285.918 0.976156 0.21486 0.0308976 286.308 0 0 0 1 
Seq_Frame0117_DriverToReference-SequenceTransformStatus = OK
Seq_Frame0117_Timestamp = 13.969
Seq_Frame0118_DriverToReference-SequenceTransform =0.0260542 0.0253385 -0.999339 104.83 -0.215501 0.976316 0.0191363 285.918 0.976156 0.21486 0.0308976 286.308 0 0 0 1 
Seq_Frame0118_DriverToReference-SequenceTransformStatus = OK
Seq_Frame0118_Timestamp = 14.082
Seq_Frame0119_DriverToReference-SequenceTransform =0.0260542 0.0253385 -0.999339 104.83 -0.215501 0.976316 0.0191363 285.918 0.976156 0.21486 0.0308976 286.308 0 0 0 1 
Seq_Frame0119_DriverToReference-SequenceTransformStatus = OK
Seq_Frame0119_Timestamp = 14.188
Seq_Frame0120_DriverToReference-SequenceTransform =0.0260542 0.0253385 -0.999339 104.83 -0.215501 0.976316 0.0191363 285.918 0.976156 0.21486 0.0308976 286.308 0 0 0 1 
Seq_Frame0120_DriverToReference-SequenceTransformStatus = OK
Seq_Frame0120_Timestamp = 14.298
Seq_Frame0121_DriverToReference-SequenceTransform =0.0260542 0.0253385 -0.999339 104.83 -0.215501 0.976316 0.0191363 285.918 0.976156 0.21486 0.0308976 286.308 0 0 0 1 
Seq_Frame0121_DriverToReference-SequenceTransformStatus = OK
Seq_Frame0121_Timestamp = 14.404
Seq_Frame0122_DriverToReference-SequenceTransform =0.0260542 0.0253385 -0.999339 104.83 -0.215501 0.976316 0.0191363 285.918 0.976156 0.21486 0.0308976 286.308 0 0 0 1 
Seq_Frame0122_DriverToReference-SequenceTransformStatus = OK
Seq_Frame0122_Timestamp = 14.507
Seq_Frame0123_DriverToReference-SequenceTransform =0.0260542 0.0253385 -0.999339 104.83 -0.215501 0.976316 0.0191363 285.918 0.976156 0.21486 0.0308976 286.308 0 0 0 1 
Seq_Frame0123_DriverToReference-SequenceTransformStatus = OK
Seq_Frame0123_Timestamp = 14.613
Seq_Frame0124_DriverToReference-SequenceTransform =0.0260542 0.0253385 -0.999339 104.83 -0.215501 0.976316 0.0191363 285.918 0.976156 0.21486 0.0308976 286.308 0 0 0 1 
Seq_Frame0124_DriverToReference-SequenceTransformStatus = OK
Seq_Frame0124_Timestamp = 14.727
Seq_Frame0125_DriverToReference-SequenceTransform =0.0260542 0.0253385 -0.999339 104.83 -0.215501 0.976316 0.0191363 285.918 0.976156 0.21486 0.0308976 286.308 0 0 0 1 
Seq_Frame0125_DriverToReference-SequenceTransformStatus = OK
Seq_Frame0125_Timestamp = 14.838
Seq_Frame0126_DriverToReference-SequenceTransform =0.0260542 0.0253385 -0.999339 104.83 -0.215501 0.976316 0.0191363 285.918 0.976156 0.21486 0.0308976 286.308 0 0 0 1 
Seq_Frame0126_DriverToReference-SequenceTransformStatus = OK
Seq_Frame0126_Timestamp = 14.95
Seq_Frame0127_DriverToReference-SequenceTransform =0.0260542 0.0253385 -0.999339 104.83 -0.215501 0.976316 0.0191363 285.918 0.976156 0.21486 0.0308976 286.308 0 0 0 1 
Seq_Frame0127_DriverToReference-SequenceTransformStatus = OK
Seq_Frame0127_Timestamp = 15.054
Seq_Frame0128_DriverToReference-SequenceTransform =0.0260542 0.0253385 -0.999339 104.83 -0.215501 0.976316 0.0191363 285.918 0.976156 0.21486 0.0308976 286.308 0 0 0 1 
Seq_Frame0128_DriverToReference-SequenceTransformStatus = OK
Seq_Frame0128_Timestamp = 15.159
Seq_Frame0129_DriverToReference-SequenceTransform =0.0260542 0.0253385 -0.999339 104.83 -0.215501 0.976316 0.0191363 285.918 0.976156 0.21486 0.0308976 286.308 0 0 0 1 
Seq_Frame0129_DriverToReference-SequenceTransformStatus = OK
Seq_Frame0129_Timestamp = 15.267
Seq_Frame0130_DriverToReference-SequenceTransform =-0.487996 0.224884 -0.843378 78.1627 -0.257256 0.886262 0.385173 298.11 0.834074 0.404928 -0.37464 219.546 0 0 0 1 
Seq_Frame0130_DriverToReference-SequenceTransformStatus = OK
Seq_Frame0130_Timestamp = 15.403
Seq_Frame0131_DriverToReference-SequenceTransform =-0.55637 0.195638 -0.807576 85.4841 -0.214859 0.904964 0.367255 295.39 0.802676 0.377844 -0.46146 225.407 0 0 0 1 
Seq_Frame0131_DriverToReference-SequenceTransformStatus = OK
Seq_Frame0131_Timestamp = 15.516
Seq_Frame0132_DriverToReference-SequenceTransform =-0.622996 0.181879 -0.760787 88.635 -0.192916 0.906826 0.374768 292.097 0.758063 0.380247 -0.529861 229.42 0 0 0 1 
Seq_Frame0132_DriverToReference-SequenceTransformStatus = OK
Seq_Frame0132_Timestamp = 15.62
Seq_Frame0133_DriverToReference-SequenceTransform =-0.682248 0.193652 -0.705008 90.2139 -0.140428 0.911621 0.386299 287.808 0.717508 0.362555 -0.594757 236.503 0 0 0 1 
Seq_Frame0133_DriverToReference-SequenceTransformStatus = OK
Seq_Frame0133_Timestamp = 15.729
Seq_Frame0134_DriverToReference-SequenceTransform =-0.769625 0.201334 -0.605923 91.5383 -0.0894072 0.905652 0.414489 286.889 0.632206 0.373175 -0.679011 237.365 0 0 0 1 
Seq_Frame0134_DriverToReference-SequenceTransformStatus = OK
Seq_Frame0134_Timestamp = 15.832
Seq_Frame0135_DriverToReference-SequenceTransform =-0.866479 0.222894 -0.446691 94.0271 0.00243613 0.896665 0.442702 284.997 0.499208 0.382504 -0.777485 237.8 0 0 0 1 
Seq_Frame0135_DriverToReference-SequenceTransformStatus = OK
Seq_Frame0135_Timestamp = 15.944
Seq_Frame0136_DriverToReference-SequenceTransform =-0.951586 0.265171 -0.155463 86.2975 0.140668 0.825367 0.546792 282.414 0.273308 0.498451 -0.822709 243.856 0 0 0 1 
Seq_Frame0136_DriverToReference-SequenceTransformStatus = OK
Seq_Frame0136_Timestamp = 16.044
Seq_Frame0137_DriverToReference-SequenceTransform =-0.968394 0.245588 0.0435961 81.0016 0.224263 0.780787 0.583162 278.339 0.109178 0.574507 -0.811186 246.47 0 0 0 1 
Seq_Frame0137_DriverToReference-SequenceTransformStatus = OK
Seq_Frame0137_Timestamp = 16.154
Seq_Frame0138_DriverToReference-SequenceTransform =-0.9636 0.214385 0.159734 81.3744 0.266602 0.815195 0.51418 272.961 -0.0199818 0.538049 -0.842677 249.101 0 0 0 1 
Seq_Frame0138_DriverToReference-SequenceTransformStatus = OK
Seq_Frame0138_Timestamp = 16.264
Seq_Frame0139_DriverToReference-SequenceTransform =-0.959658 0.241814 0.143466 81.5764 0.28007 0.777013 0.563749 272.889 0.0248468 0.581186 -0.813391 248.144 0 0 0 1 
Seq_Frame0139_DriverToReference-SequenceTransformStatus = OK
Seq_Frame0139_Timestamp = 16.368
Seq_Frame0140_DriverToReference-SequenceTransform =-0.961746 0.226506 0.154079 84.025 0.273729 0.772296 0.573264 274.109 0.0108529 0.59351 -0.804753 246.193 0 0 0 1 
Seq_Frame0140_DriverToReference-SequenceTransformStatus = OK
Seq_Frame0140_Timestamp = 16.475
Seq_Frame0141_DriverToReference-SequenceTransform =-0.962391 0.218399 0.16157 84.978 0.271666 0.771769 0.574952 273.561 0.000874591 0.597222 -0.802076 246.205 0 0 0 1 
Seq_Frame0141_DriverToReference-SequenceTransformStatus = OK
Seq_Frame0141_Timestamp = 16.581
Seq_Frame0142_DriverToReference-SequenceTransform =-0.961739 0.227881 0.152083 84.075 0.273638 0.771706 0.574101 274.217 0.0134633 0.593751 -0.804536 247.903 0 0 0 1 
Seq_Frame0142_DriverToReference-SequenceTransformStatus = OK
Seq_Frame0142_Timestamp = 16.684
Seq_Frame0143_DriverToReference-SequenceTransform =-0.962589 0.223012 0.153911 84.3186 0.270628 0.762865 0.587195 274.33 0.0135379 0.606879 -0.794679 249.096 0 0 0 1 
Seq_Frame0143_DriverToReference-SequenceTransformStatus = OK
Seq_Frame0143_Timestamp = 16.791
Seq_Frame0144_DriverToReference-SequenceTransform =-0.965295 0.194693 0.174068 83.8743 0.260697 0.758039 0.597842 275.221 -0.0155544 0.622473 -0.782487 248.752 0 0 0 1 
Seq_Frame0144_DriverToReference-SequenceTransformStatus = OK
Seq_Frame0144_Timestamp = 16.895
Seq_Frame0145_DriverToReference-SequenceTransform =-0.971666 0.158996 0.174889 83.608 0.233094 0.76718 0.59758 275.224 -0.0391585 0.621414 -0.782504 248.961 0 0 0 1 
Seq_Frame0145_DriverToReference-SequenceTransformStatus = OK
Seq_Frame0145_Timestamp = 17.003
Seq_Frame0146_DriverToReference-SequenceTransform =-0.972287 0.121653 0.199647 82.2465 0.221113 0.755882 0.616239 276.136 -0.0759428 0.643306 -0.761833 248.678 0 0 0 1 
Seq_Frame0146_DriverToReference-SequenceTransformStatus = OK
Seq_Frame0146_Timestamp = 17.112
Seq_Frame0147_DriverToReference-SequenceTransform =-0.981882 0.105359 0.157505 82.1372 0.182002 0.755762 0.629046 276.847 -0.0527604 0.646315 -0.761244 248.51 0 0 0 1 
Seq_Frame0147_DriverToReference-SequenceTransformStatus = OK
Seq_Frame0147_Timestamp = 17.217
Seq_Frame0148_DriverToReference-SequenceTransform =-0.986695 0.100205 0.12803 82.2878 0.16002 0.737801 0.655776 277.24 -0.0287484 0.667539 -0.74402 248.375 0 0 0 1 
Seq_Frame0148_DriverToReference-SequenceTransformStatus = OK
Seq_Frame0148_Timestamp = 17.326
Seq_Frame0149_DriverToReference-SequenceTransform =-0.988105 0.0921929 0.123083 82.4447 0.150852 0.736575 0.659318 277.259 -0.0298757 0.670043 -0.741721 247.867 0 0 0 1 
Seq_Frame0149_DriverToReference-SequenceTransformStatus = OK
Seq_Frame0149_Timestamp = 17.447
Seq_Frame0150_DriverToReference-SequenceTransform =-0.987877 0.0544138 0.145388 82.7574 0.137079 0.745309 0.652475 276.48 -0.072855 0.664495 -0.743733 246.721 0 0 0 1 
Seq_Frame0150_DriverToReference-SequenceTransformStatus = OK
Seq_Frame0150_Timestamp = 17.553
Seq_Frame0151_DriverToReference-SequenceTransform =-0.992666 0.0685893 0.099545 82.4905 0.117895 0.731363 0.671721 276.386 -0.0267307 0.678531 -0.734086 246.994 0 0 0 1 
