ObjectType = Image
NDims = 3
AnatomicalOrientation = RAI
BinaryData = True
CompressedData = False
DimSize = 0 0 2070
ElementSpacing = 1 1 1
Offset = 0 0 0
TransformMatrix = 1 0 0 0 1 0 0 0 1
ElementType = MET_UCHAR
Kinds = domain domain list
Seq_Frame0000_DriverToReference-SequenceTransform =0.185314 -0.705626 -0.683923 -3.92321 -0.782755 0.314773 -0.536855 268.292 0.594099 0.634831 -0.494 230.678 0 0 0 1 
Seq_Frame0000_DriverToReference-SequenceTransformStatus = OK
Seq_Frame0000_Timestamp = 0.0739999
Seq_Frame0001_DriverToReference-SequenceTransform =0.185314 -0.705626 -0.683923 -3.92321 -0.782755 0.314773 -0.536855 268.292 0.594099 0.634831 -0.494 230.678 0 0 0 1 
Seq_Frame0001_DriverToReference-SequenceTransformStatus = OK
Seq_Frame0001_Timestamp = 0.18
Seq_Frame0002_DriverToReference-SequenceTransform =0.185314 -0.705626 -0.683923 -3.92321 -0.782755 0.314773 -0.536855 268.292 0.594099 0.634831 -0.494 230.678 0 0 0 1 
Seq_Frame0002_DriverToReference-SequenceTransformStatus = OK
Seq_Frame0002_Timestamp = 0.285
Seq_Frame0003_DriverToReference-SequenceTransform =0.185314 -0.705626 -0.683923 -3.92321 -0.782755 0.314773 -0.536855 268.292 0.594099 0.634831 -0.494 230.678 0 0 0 1 
Seq_Frame0003_DriverToReference-SequenceTransformStatus = OK
Seq_Frame0003_Timestamp = 0.387
Seq_Frame0004_DriverToReference-SequenceTransform =0.185314 -0.705626 -0.683923 -3.92321 -0.782755 0.314773 -0.536855 268.292 0.594099 0.634831 -0.494 230.678 0 0 0 1 
Seq_Frame0004_DriverToReference-SequenceTransformStatus = OK
Seq_Frame0004_Timestamp = 0.509
Seq_Frame0005_DriverToReference-SequenceTransform =0.185314 -0.705626 -0.683923 -3.92321 -0.782755 0.314773 -0.536855 268.292 0.594099 0.634831 -0.494 230.678 0 0 0 1 
Seq_Frame0005_DriverToReference-SequenceTransformStatus = OK
Seq_Frame0005_Timestamp = 0.611
Seq_Frame0006_DriverToReference-SequenceTransform =0.185314 -0.705626 -0.683923 -3.92321 -0.782755 0.314773 -0.536855 268.292 0.594099 0.634831 -0.494 230.678 0 0 0 1 
Seq_Frame0006_DriverToReference-SequenceTransformStatus = OK
Seq_Frame0006_Timestamp = 0.714
Seq_Frame0007_DriverToReference-SequenceTransform =0.185314 -0.705626 -0.683923 -3.92321 -0.782755 0.314773 -0.536855 268.292 0.594099 0.634831 -0.494 230.678 0 0 0 1 
Seq_Frame0007_DriverToReference-SequenceTransformStatus = OK
Seq_Frame0007_Timestamp = 0.819
Seq_Frame0008_DriverToReference-SequenceTransform =0.185314 -0.705626 -0.683923 -3.92321 -0.782755 0.314773 -0.536855 268.292 0.594099 0.634831 -0.494 230.678 0 0 0 1 
Seq_Frame0008_DriverToReference-SequenceTransformStatus = OK
Seq_Frame0008_Timestamp = 0.925
Seq_Frame0009_DriverToReference-SequenceTransform =0.185314 -0.705626 -0.683923 -3.92321 -0.782755 0.314773 -0.536855 268.292 0.594099 0.634831 -0.494 230.678 0 0 0 1 
Seq_Frame0009_DriverToReference-SequenceTransformStatus = OK
Seq_Frame0009_Timestamp = 1.03
Seq_Frame0010_DriverToReference-SequenceTransform =0.185314 -0.705626 -0.683923 -3.92321 -0.782755 0.314773 -0.536855 268.292 0.594099 0.634831 -0.494 230.678 0 0 0 1 
Seq_Frame0010_DriverToReference-SequenceTransformStatus = OK
Seq_Frame0010_Timestamp = 1.142
Seq_Frame0011_DriverToReference-SequenceTransform =0.185314 -0.705626 -0.683923 -3.92321 -0.782755 0.314773 -0.536855 268.292 0.594099 0.634831 -0.494 230.678 0 0 0 1 
Seq_Frame0011_DriverToReference-SequenceTransformStatus = OK
Seq_Frame0011_Timestamp = 1.245
Seq_Frame0012_DriverToReference-SequenceTransform =0.185314 -0.705626 -0.683923 -3.92321 -0.782755 0.314773 -0.536855 268.292 0.594099 0.634831 -0.494 230.678 0 0 0 1 
Seq_Frame0012_DriverToReference-SequenceTransformStatus = OK
Seq_Frame0012_Timestamp = 1.349
Seq_Frame0013_DriverToReference-SequenceTransform =0.185314 -0.705626 -0.683923 -3.92321 -0.782755 0.314773 -0.536855 268.292 0.594099 0.634831 -0.494 230.678 0 0 0 1 
Seq_Frame0013_DriverToReference-SequenceTransformStatus = OK
Seq_Frame0013_Timestamp = 1.455
Seq_Frame0014_DriverToReference-SequenceTransform =-0.320342 -0.655879 -0.683523 17.2591 -0.259385 0.754702 -0.602615 147.783 0.911098 -0.0157469 -0.411888 147.547 0 0 0 1 
Seq_Frame0014_DriverToReference-SequenceTransformStatus = OK
Seq_Frame0014_Timestamp = 1.568
Seq_Frame0015_DriverToReference-SequenceTransform =-0.346389 -0.622416 -0.701864 21.3422 -0.263967 0.782623 -0.563758 149.828 0.900187 -0.0100105 -0.435389 148.718 0 0 0 1 
Seq_Frame0015_DriverToReference-SequenceTransformStatus = OK
Seq_Frame0015_Timestamp = 1.685
Seq_Frame0016_DriverToReference-SequenceTransform =-0.199402 -0.663842 -0.7208 17.1727 -0.238563 0.746327 -0.621356 148.4 0.950435 0.0480563 -0.307188 153.48 0 0 0 1 
Seq_Frame0016_DriverToReference-SequenceTransformStatus = OK
Seq_Frame0016_Timestamp = 1.799
Seq_Frame0017_DriverToReference-SequenceTransform =-0.16244 -0.70056 -0.694859 13.8968 -0.20605 0.71277 -0.670449 144.897 0.964965 0.034268 -0.260133 153.351 0 0 0 1 
Seq_Frame0017_DriverToReference-SequenceTransformStatus = OK
Seq_Frame0017_Timestamp = 2.054
Seq_Frame0018_DriverToReference-SequenceTransform =-0.16244 -0.70056 -0.694859 13.8968 -0.20605 0.71277 -0.670449 144.897 0.964965 0.034268 -0.260133 153.351 0 0 0 1 
Seq_Frame0018_DriverToReference-SequenceTransformStatus = OK
Seq_Frame0018_Timestamp = 2.159
Seq_Frame0019_DriverToReference-SequenceTransform =-0.16244 -0.70056 -0.694859 13.8968 -0.20605 0.71277 -0.670449 144.897 0.964965 0.034268 -0.260133 153.351 0 0 0 1 
Seq_Frame0019_DriverToReference-SequenceTransformStatus = OK
Seq_Frame0019_Timestamp = 2.269
Seq_Frame0020_DriverToReference-SequenceTransform =-0.16244 -0.70056 -0.694859 13.8968 -0.20605 0.71277 -0.670449 144.897 0.964965 0.034268 -0.260133 153.351 0 0 0 1 
Seq_Frame0020_DriverToReference-SequenceTransformStatus = OK
Seq_Frame0020_Timestamp = 2.774
Seq_Frame0021_DriverToReference-SequenceTransform =-0.16244 -0.70056 -0.694859 13.8968 -0.20605 0.71277 -0.670449 144.897 0.964965 0.034268 -0.260133 153.351 0 0 0 1 
Seq_Frame0021_DriverToReference-SequenceTransformStatus = OK
Seq_Frame0021_Timestamp = 2.945
Seq_Frame0022_DriverToReference-SequenceTransform =-0.16244 -0.70056 -0.694859 13.8968 -0.20605 0.71277 -0.670449 144.897 0.964965 0.034268 -0.260133 153.351 0 0 0 1 
Seq_Frame0022_DriverToReference-SequenceTransformStatus = OK
Seq_Frame0022_Timestamp = 3.051
Seq_Frame0023_DriverToReference-SequenceTransform =-0.16244 -0.70056 -0.694859 13.8968 -0.20605 0.71277 -0.670449 144.897 0.964965 0.034268 -0.260133 153.351 0 0 0 1 
Seq_Frame0023_DriverToReference-SequenceTransformStatus = OK
Seq_Frame0023_Timestamp = 3.167
Seq_Frame0024_DriverToReference-SequenceTransform =0.812252 -0.0610199 -0.580106 10.6947 -0.555561 -0.384005 -0.737491 147.339 -0.177762 0.921312 -0.345809 163.202 0 0 0 1 
Seq_Frame0024_DriverToReference-SequenceTransformStatus = OK
Seq_Frame0024_Timestamp = 3.28
Seq_Frame0025_DriverToReference-SequenceTransform =0.816874 -0.0645494 -0.573192 9.32711 -0.556371 -0.350393 -0.753443 147.79 -0.152208 0.934376 -0.32214 160.7 0 0 0 1 
Seq_Frame0025_DriverToReference-SequenceTransformStatus = OK
Seq_Frame0025_Timestamp = 3.385
Seq_Frame0026_DriverToReference-SequenceTransform =0.816874 -0.0645494 -0.573192 9.32711 -0.556371 -0.350393 -0.753443 147.79 -0.152208 0.934376 -0.32214 160.7 0 0 0 1 
Seq_Frame0026_DriverToReference-SequenceTransformStatus = OK
Seq_Frame0026_Timestamp = 3.489
Seq_Frame0027_DriverToReference-SequenceTransform =0.816874 -0.0645494 -0.573192 9.32711 -0.556371 -0.350393 -0.753443 147.79 -0.152208 0.934376 -0.32214 160.7 0 0 0 1 
Seq_Frame0027_DriverToReference-SequenceTransformStatus = OK
Seq_Frame0027_Timestamp = 3.592
Seq_Frame0028_DriverToReference-SequenceTransform =0.816874 -0.0645494 -0.573192 9.32711 -0.556371 -0.350393 -0.753443 147.79 -0.152208 0.934376 -0.32214 160.7 0 0 0 1 
Seq_Frame0028_DriverToReference-SequenceTransformStatus = OK
Seq_Frame0028_Timestamp = 3.7
Seq_Frame0029_DriverToReference-SequenceTransform =0.816874 -0.0645494 -0.573192 9.32711 -0.556371 -0.350393 -0.753443 147.79 -0.152208 0.934376 -0.32214 160.7 0 0 0 1 
Seq_Frame0029_DriverToReference-SequenceTransformStatus = OK
Seq_Frame0029_Timestamp = 3.805
Seq_Frame0030_DriverToReference-SequenceTransform =0.816874 -0.0645494 -0.573192 9.32711 -0.556371 -0.350393 -0.753443 147.79 -0.152208 0.934376 -0.32214 160.7 0 0 0 1 
Seq_Frame0030_DriverToReference-SequenceTransformStatus = OK
Seq_Frame0030_Timestamp = 3.914
Seq_Frame0031_DriverToReference-SequenceTransform =0.816874 -0.0645494 -0.573192 9.32711 -0.556371 -0.350393 -0.753443 147.79 -0.152208 0.934376 -0.32214 160.7 0 0 0 1 
Seq_Frame0031_DriverToReference-SequenceTransformStatus = OK
Seq_Frame0031_Timestamp = 4.02
Seq_Frame0032_DriverToReference-SequenceTransform =0.816874 -0.0645494 -0.573192 9.32711 -0.556371 -0.350393 -0.753443 147.79 -0.152208 0.934376 -0.32214 160.7 0 0 0 1 
Seq_Frame0032_DriverToReference-SequenceTransformStatus = OK
Seq_Frame0032_Timestamp = 4.134
Seq_Frame0033_DriverToReference-SequenceTransform =0.816874 -0.0645494 -0.573192 9.32711 -0.556371 -0.350393 -0.753443 147.79 -0.152208 0.934376 -0.32214 160.7 0 0 0 1 
Seq_Frame0033_DriverToReference-SequenceTransformStatus = OK
Seq_Frame0033_Timestamp = 4.739
Seq_Frame0034_DriverToReference-SequenceTransform =0.816874 -0.0645494 -0.573192 9.32711 -0.556371 -0.350393 -0.753443 147.79 -0.152208 0.934376 -0.32214 160.7 0 0 0 1 
Seq_Frame0034_DriverToReference-SequenceTransformStatus = OK
Seq_Frame0034_Timestamp = 4.844
Seq_Frame0035_DriverToReference-SequenceTransform =0.816874 -0.0645494 -0.573192 9.32711 -0.556371 -0.350393 -0.753443 147.79 -0.152208 0.934376 -0.32214 160.7 0 0 0 1 
Seq_Frame0035_DriverToReference-SequenceTransformStatus = OK
Seq_Frame0035_Timestamp = 4.964
Seq_Frame0036_DriverToReference-SequenceTransform =0.816874 -0.0645494 -0.573192 9.32711 -0.556371 -0.350393 -0.753443 147.79 -0.152208 0.934376 -0.32214 160.7 0 0 0 1 
Seq_Frame0036_DriverToReference-SequenceTransformStatus = OK
Seq_Frame0036_Timestamp = 5.07
Seq_Frame0037_DriverToReference-SequenceTransform =0.816874 -0.0645494 -0.573192 9.32711 -0.556371 -0.350393 -0.753443 147.79 -0.152208 0.934376 -0.32214 160.7 0 0 0 1 
Seq_Frame0037_DriverToReference-SequenceTransformStatus = OK
Seq_Frame0037_Timestamp = 5.175
Seq_Frame0038_DriverToReference-SequenceTransform =0.816874 -0.0645494 -0.573192 9.32711 -0.556371 -0.350393 -0.753443 147.79 -0.152208 0.934376 -0.32214 160.7 0 0 0 1 
Seq_Frame0038_DriverToReference-SequenceTransformStatus = OK
Seq_Frame0038_Timestamp = 5.785
Seq_Frame0039_DriverToReference-SequenceTransform =0.816874 -0.0645494 -0.573192 9.32711 -0.556371 -0.350393 -0.753443 147.79 -0.152208 0.934376 -0.32214 160.7 0 0 0 1 
Seq_Frame0039_DriverToReference-SequenceTransformStatus = OK
Seq_Frame0039_Timestamp = 5.89
Seq_Frame0040_DriverToReference-SequenceTransform =0.816874 -0.0645494 -0.573192 9.32711 -0.556371 -0.350393 -0.753443 147.79 -0.152208 0.934376 -0.32214 160.7 0 0 0 1 
Seq_Frame0040_DriverToReference-SequenceTransformStatus = OK
Seq_Frame0040_Timestamp = 5.994
Seq_Frame0041_DriverToReference-SequenceTransform =0.816874 -0.0645494 -0.573192 9.32711 -0.556371 -0.350393 -0.753443 147.79 -0.152208 0.934376 -0.32214 160.7 0 0 0 1 
Seq_Frame0041_DriverToReference-SequenceTransformStatus = OK
Seq_Frame0041_Timestamp = 6.099
Seq_Frame0042_DriverToReference-SequenceTransform =0.816874 -0.0645494 -0.573192 9.32711 -0.556371 -0.350393 -0.753443 147.79 -0.152208 0.934376 -0.32214 160.7 0 0 0 1 
Seq_Frame0042_DriverToReference-SequenceTransformStatus = OK
Seq_Frame0042_Timestamp = 6.344
Seq_Frame0043_DriverToReference-SequenceTransform =0.816874 -0.0645494 -0.573192 9.32711 -0.556371 -0.350393 -0.753443 147.79 -0.152208 0.934376 -0.32214 160.7 0 0 0 1 
Seq_Frame0043_DriverToReference-SequenceTransformStatus = OK
Seq_Frame0043_Timestamp = 6.449
Seq_Frame0044_DriverToReference-SequenceTransform =0.816874 -0.0645494 -0.573192 9.32711 -0.556371 -0.350393 -0.753443 147.79 -0.152208 0.934376 -0.32214 160.7 0 0 0 1 
Seq_Frame0044_DriverToReference-SequenceTransformStatus = OK
Seq_Frame0044_Timestamp = 6.555
Seq_Frame0045_DriverToReference-SequenceTransform =0.816874 -0.0645494 -0.573192 9.32711 -0.556371 -0.350393 -0.753443 147.79 -0.152208 0.934376 -0.32214 160.7 0 0 0 1 
Seq_Frame0045_DriverToReference-SequenceTransformStatus = OK
Seq_Frame0045_Timestamp = 6.665
Seq_Frame0046_DriverToReference-SequenceTransform =0.816874 -0.0645494 -0.573192 9.32711 -0.556371 -0.350393 -0.753443 147.79 -0.152208 0.934376 -0.32214 160.7 0 0 0 1 
Seq_Frame0046_DriverToReference-SequenceTransformStatus = OK
Seq_Frame0046_Timestamp = 7.295
Seq_Frame0047_DriverToReference-SequenceTransform =0.816874 -0.0645494 -0.573192 9.32711 -0.556371 -0.350393 -0.753443 147.79 -0.152208 0.934376 -0.32214 160.7 0 0 0 1 
Seq_Frame0047_DriverToReference-SequenceTransformStatus = OK
Seq_Frame0047_Timestamp = 7.555
Seq_Frame0048_DriverToReference-SequenceTransform =0.816874 -0.0645494 -0.573192 9.32711 -0.556371 -0.350393 -0.753443 147.79 -0.152208 0.934376 -0.32214 160.7 0 0 0 1 
Seq_Frame0048_DriverToReference-SequenceTransformStatus = OK
Seq_Frame0048_Timestamp = 7.66
Seq_Frame0049_DriverToReference-SequenceTransform =0.816874 -0.0645494 -0.573192 9.32711 -0.556371 -0.350393 -0.753443 147.79 -0.152208 0.934376 -0.32214 160.7 0 0 0 1 
Seq_Frame0049_DriverToReference-SequenceTransformStatus = OK
Seq_Frame0049_Timestamp = 7.76
Seq_Frame0050_DriverToReference-SequenceTransform =0.816874 -0.0645494 -0.573192 9.32711 -0.556371 -0.350393 -0.753443 147.79 -0.152208 0.934376 -0.32214 160.7 0 0 0 1 
Seq_Frame0050_DriverToReference-SequenceTransformStatus = OK
Seq_Frame0050_Timestamp = 7.865
Seq_Frame0051_DriverToReference-SequenceTransform =0.816874 -0.0645494 -0.573192 9.32711 -0.556371 -0.350393 -0.753443 147.79 -0.152208 0.934376 -0.32214 160.7 0 0 0 1 
Seq_Frame0051_DriverToReference-SequenceTransformStatus = OK
Seq_Frame0051_Timestamp = 7.98
Seq_Frame0052_DriverToReference-SequenceTransform =0.642312 -0.673453 -0.365917 12.0315 -0.607891 -0.156856 -0.778373 240.993 0.466802 0.722396 -0.510137 202.249 0 0 0 1 
Seq_Frame0052_DriverToReference-SequenceTransformStatus = OK
Seq_Frame0052_Timestamp = 8.084
Seq_Frame0053_DriverToReference-SequenceTransform =0.785122 -0.53105 -0.3187 5.58106 -0.450648 -0.136846 -0.882151 237.788 0.424854 0.836217 -0.346757 198.93 0 0 0 1 
Seq_Frame0053_DriverToReference-SequenceTransformStatus = OK
Seq_Frame0053_Timestamp = 8.195
Seq_Frame0054_DriverToReference-SequenceTransform =0.828545 -0.478504 -0.290769 1.93699 -0.421677 -0.191593 -0.886273 238.889 0.368376 0.856928 -0.360518 198.437 0 0 0 1 
Seq_Frame0054_DriverToReference-SequenceTransformStatus = OK
Seq_Frame0054_Timestamp = 8.305
Seq_Frame0055_DriverToReference-SequenceTransform =0.698707 -0.579802 -0.419093 -3.65384 -0.520251 -0.00968481 -0.853958 239.325 0.491068 0.8147 -0.30841 195.421 0 0 0 1 
Seq_Frame0055_DriverToReference-SequenceTransformStatus = OK
Seq_Frame0055_Timestamp = 8.409
Seq_Frame0056_DriverToReference-SequenceTransform =0.168456 -0.571949 -0.802806 -25.8975 -0.951076 0.119681 -0.284834 261.894 0.258991 0.811512 -0.523806 191.549 0 0 0 1 
Seq_Frame0056_DriverToReference-SequenceTransformStatus = OK
Seq_Frame0056_Timestamp = 8.52
Seq_Frame0057_DriverToReference-SequenceTransform =-0.0447461 -0.736525 -0.674929 -22.4998 -0.95406 0.231858 -0.189766 274.568 0.296255 0.635432 -0.713064 185.885 0 0 0 1 
Seq_Frame0057_DriverToReference-SequenceTransformStatus = OK
Seq_Frame0057_Timestamp = 8.63
Seq_Frame0058_DriverToReference-SequenceTransform =-0.199245 -0.832701 -0.516633 -8.6872 -0.857324 0.40348 -0.319686 251.328 0.474654 0.379226 -0.794287 178.178 0 0 0 1 
Seq_Frame0058_DriverToReference-SequenceTransformStatus = OK
Seq_Frame0058_Timestamp = 8.739
Seq_Frame0059_DriverToReference-SequenceTransform =-0.120403 -0.787114 -0.604942 -7.7674 -0.828485 0.41539 -0.375585 242.524 0.546915 0.455964 -0.702126 173.546 0 0 0 1 
Seq_Frame0059_DriverToReference-SequenceTransformStatus = OK
Seq_Frame0059_Timestamp = 8.846
Seq_Frame0060_DriverToReference-SequenceTransform =-0.120403 -0.787114 -0.604942 -7.7674 -0.828485 0.41539 -0.375585 242.524 0.546915 0.455964 -0.702126 173.546 0 0 0 1 
Seq_Frame0060_DriverToReference-SequenceTransformStatus = OK
Seq_Frame0060_Timestamp = 8.959
Seq_Frame0061_DriverToReference-SequenceTransform =-0.120403 -0.787114 -0.604942 -7.7674 -0.828485 0.41539 -0.375585 242.524 0.546915 0.455964 -0.702126 173.546 0 0 0 1 
Seq_Frame0061_DriverToReference-SequenceTransformStatus = OK
Seq_Frame0061_Timestamp = 9.32
Seq_Frame0062_DriverToReference-SequenceTransform =-0.120403 -0.787114 -0.604942 -7.7674 -0.828485 0.41539 -0.375585 242.524 0.546915 0.455964 -0.702126 173.546 0 0 0 1 
Seq_Frame0062_DriverToReference-SequenceTransformStatus = OK
Seq_Frame0062_Timestamp = 9.424
Seq_Frame0063_DriverToReference-SequenceTransform =-0.120403 -0.787114 -0.604942 -7.7674 -0.828485 0.41539 -0.375585 242.524 0.546915 0.455964 -0.702126 173.546 0 0 0 1 
Seq_Frame0063_DriverToReference-SequenceTransformStatus = OK
Seq_Frame0063_Timestamp = 9.535
Seq_Frame0064_DriverToReference-SequenceTransform =-0.120403 -0.787114 -0.604942 -7.7674 -0.828485 0.41539 -0.375585 242.524 0.546915 0.455964 -0.702126 173.546 0 0 0 1 
Seq_Frame0064_DriverToReference-SequenceTransformStatus = OK
Seq_Frame0064_Timestamp = 9.639
Seq_Frame0065_DriverToReference-SequenceTransform =-0.120403 -0.787114 -0.604942 -7.7674 -0.828485 0.41539 -0.375585 242.524 0.546915 0.455964 -0.702126 173.546 0 0 0 1 
Seq_Frame0065_DriverToReference-SequenceTransformStatus = OK
Seq_Frame0065_Timestamp = 9.745
Seq_Frame0066_DriverToReference-SequenceTransform =-0.120403 -0.787114 -0.604942 -7.7674 -0.828485 0.41539 -0.375585 242.524 0.546915 0.455964 -0.702126 173.546 0 0 0 1 
Seq_Frame0066_DriverToReference-SequenceTransformStatus = OK
Seq_Frame0066_Timestamp = 9.855
Seq_Frame0067_DriverToReference-SequenceTransform =-0.120403 -0.787114 -0.604942 -7.7674 -0.828485 0.41539 -0.375585 242.524 0.546915 0.455964 -0.702126 173.546 0 0 0 1 
Seq_Frame0067_DriverToReference-SequenceTransformStatus = OK
Seq_Frame0067_Timestamp = 9.959
Seq_Frame0068_DriverToReference-SequenceTransform =-0.120403 -0.787114 -0.604942 -7.7674 -0.828485 0.41539 -0.375585 242.524 0.546915 0.455964 -0.702126 173.546 0 0 0 1 
Seq_Frame0068_DriverToReference-SequenceTransformStatus = OK
Seq_Frame0068_Timestamp = 10.064
Seq_Frame0069_DriverToReference-SequenceTransform =-0.120403 -0.787114 -0.604942 -7.7674 -0.828485 0.41539 -0.375585 242.524 0.546915 0.455964 -0.702126 173.546 0 0 0 1 
Seq_Frame0069_DriverToReference-SequenceTransformStatus = OK
Seq_Frame0069_Timestamp = 10.17
Seq_Frame0070_DriverToReference-SequenceTransform =-0.120403 -0.787114 -0.604942 -7.7674 -0.828485 0.41539 -0.375585 242.524 0.546915 0.455964 -0.702126 173.546 0 0 0 1 
Seq_Frame0070_DriverToReference-SequenceTransformStatus = OK
Seq_Frame0070_Timestamp = 10.279
Seq_Frame0071_DriverToReference-SequenceTransform =-0.120403 -0.787114 -0.604942 -7.7674 -0.828485 0.41539 -0.375585 242.524 0.546915 0.455964 -0.702126 173.546 0 0 0 1 
Seq_Frame0071_DriverToReference-SequenceTransformStatus = OK
Seq_Frame0071_Timestamp = 10.384
Seq_Frame0072_DriverToReference-SequenceTransform =-0.120403 -0.787114 -0.604942 -7.7674 -0.828485 0.41539 -0.375585 242.524 0.546915 0.455964 -0.702126 173.546 0 0 0 1 
Seq_Frame0072_DriverToReference-SequenceTransformStatus = OK
Seq_Frame0072_Timestamp = 10.58
Seq_Frame0073_DriverToReference-SequenceTransform =-0.120403 -0.787114 -0.604942 -7.7674 -0.828485 0.41539 -0.375585 242.524 0.546915 0.455964 -0.702126 173.546 0 0 0 1 
Seq_Frame0073_DriverToReference-SequenceTransformStatus = OK
Seq_Frame0073_Timestamp = 10.684
Seq_Frame0074_DriverToReference-SequenceTransform =-0.120403 -0.787114 -0.604942 -7.7674 -0.828485 0.41539 -0.375585 242.524 0.546915 0.455964 -0.702126 173.546 0 0 0 1 
Seq_Frame0074_DriverToReference-SequenceTransformStatus = OK
Seq_Frame0074_Timestamp = 10.799
Seq_Frame0075_DriverToReference-SequenceTransform =-0.120403 -0.787114 -0.604942 -7.7674 -0.828485 0.41539 -0.375585 242.524 0.546915 0.455964 -0.702126 173.546 0 0 0 1 
Seq_Frame0075_DriverToReference-SequenceTransformStatus = OK
Seq_Frame0075_Timestamp = 10.905
Seq_Frame0076_DriverToReference-SequenceTransform =-0.120403 -0.787114 -0.604942 -7.7674 -0.828485 0.41539 -0.375585 242.524 0.546915 0.455964 -0.702126 173.546 0 0 0 1 
Seq_Frame0076_DriverToReference-SequenceTransformStatus = OK
Seq_Frame0076_Timestamp = 11.014
Seq_Frame0077_DriverToReference-SequenceTransform =-0.120403 -0.787114 -0.604942 -7.7674 -0.828485 0.41539 -0.375585 242.524 0.546915 0.455964 -0.702126 173.546 0 0 0 1 
Seq_Frame0077_DriverToReference-SequenceTransformStatus = OK
Seq_Frame0077_Timestamp = 11.121
Seq_Frame0078_DriverToReference-SequenceTransform =-0.120403 -0.787114 -0.604942 -7.7674 -0.828485 0.41539 -0.375585 242.524 0.546915 0.455964 -0.702126 173.546 0 0 0 1 
Seq_Frame0078_DriverToReference-SequenceTransformStatus = OK
Seq_Frame0078_Timestamp = 11.245
Seq_Frame0079_DriverToReference-SequenceTransform =-0.120403 -0.787114 -0.604942 -7.7674 -0.828485 0.41539 -0.375585 242.524 0.546915 0.455964 -0.702126 173.546 0 0 0 1 
Seq_Frame0079_DriverToReference-SequenceTransformStatus = OK
Seq_Frame0079_Timestamp = 11.349
Seq_Frame0080_DriverToReference-SequenceTransform =-0.120403 -0.787114 -0.604942 -7.7674 -0.828485 0.41539 -0.375585 242.524 0.546915 0.455964 -0.702126 173.546 0 0 0 1 
Seq_Frame0080_DriverToReference-SequenceTransformStatus = OK
Seq_Frame0080_Timestamp = 11.609
Seq_Frame0081_DriverToReference-SequenceTransform =-0.120403 -0.787114 -0.604942 -7.7674 -0.828485 0.41539 -0.375585 242.524 0.546915 0.455964 -0.702126 173.546 0 0 0 1 
Seq_Frame0081_DriverToReference-SequenceTransformStatus = OK
Seq_Frame0081_Timestamp = 11.715
Seq_Frame0082_DriverToReference-SequenceTransform =-0.120403 -0.787114 -0.604942 -7.7674 -0.828485 0.41539 -0.375585 242.524 0.546915 0.455964 -0.702126 173.546 0 0 0 1 
Seq_Frame0082_DriverToReference-SequenceTransformStatus = OK
Seq_Frame0082_Timestamp = 11.869
Seq_Frame0083_DriverToReference-SequenceTransform =-0.120403 -0.787114 -0.604942 -7.7674 -0.828485 0.41539 -0.375585 242.524 0.546915 0.455964 -0.702126 173.546 0 0 0 1 
Seq_Frame0083_DriverToReference-SequenceTransformStatus = OK
Seq_Frame0083_Timestamp = 12.014
Seq_Frame0084_DriverToReference-SequenceTransform =-0.120403 -0.787114 -0.604942 -7.7674 -0.828485 0.41539 -0.375585 242.524 0.546915 0.455964 -0.702126 173.546 0 0 0 1 
Seq_Frame0084_DriverToReference-SequenceTransformStatus = OK
Seq_Frame0084_Timestamp = 12.12
Seq_Frame0085_DriverToReference-SequenceTransform =-0.120403 -0.787114 -0.604942 -7.7674 -0.828485 0.41539 -0.375585 242.524 0.546915 0.455964 -0.702126 173.546 0 0 0 1 
Seq_Frame0085_DriverToReference-SequenceTransformStatus = OK
Seq_Frame0085_Timestamp = 12.229
Seq_Frame0086_DriverToReference-SequenceTransform =-0.120403 -0.787114 -0.604942 -7.7674 -0.828485 0.41539 -0.375585 242.524 0.546915 0.455964 -0.702126 173.546 0 0 0 1 
Seq_Frame0086_DriverToReference-SequenceTransformStatus = OK
Seq_Frame0086_Timestamp = 12.535
Seq_Frame0087_DriverToReference-SequenceTransform =-0.120403 -0.787114 -0.604942 -7.7674 -0.828485 0.41539 -0.375585 242.524 0.546915 0.455964 -0.702126 173.546 0 0 0 1 
Seq_Frame0087_DriverToReference-SequenceTransformStatus = OK
Seq_Frame0087_Timestamp = 12.645
Seq_Frame0088_DriverToReference-SequenceTransform =-0.120403 -0.787114 -0.604942 -7.7674 -0.828485 0.41539 -0.375585 242.524 0.546915 0.455964 -0.702126 173.546 0 0 0 1 
Seq_Frame0088_DriverToReference-SequenceTransformStatus = OK
Seq_Frame0088_Timestamp = 12.755
Seq_Frame0089_DriverToReference-SequenceTransform =-0.120403 -0.787114 -0.604942 -7.7674 -0.828485 0.41539 -0.375585 242.524 0.546915 0.455964 -0.702126 173.546 0 0 0 1 
Seq_Frame0089_DriverToReference-SequenceTransformStatus = OK
Seq_Frame0089_Timestamp = 12.91
Seq_Frame0090_DriverToReference-SequenceTransform =-0.120403 -0.787114 -0.604942 -7.7674 -0.828485 0.41539 -0.375585 242.524 0.546915 0.455964 -0.702126 173.546 0 0 0 1 
Seq_Frame0090_DriverToReference-SequenceTransformStatus = OK
Seq_Frame0090_Timestamp = 13.02
Seq_Frame0091_DriverToReference-SequenceTransform =-0.120403 -0.787114 -0.604942 -7.7674 -0.828485 0.41539 -0.375585 242.524 0.546915 0.455964 -0.702126 173.546 0 0 0 1 
Seq_Frame0091_DriverToReference-SequenceTransformStatus = OK
Seq_Frame0091_Timestamp = 13.13
Seq_Frame0092_DriverToReference-SequenceTransform =-0.120403 -0.787114 -0.604942 -7.7674 -0.828485 0.41539 -0.375585 242.524 0.546915 0.455964 -0.702126 173.546 0 0 0 1 
Seq_Frame0092_DriverToReference-SequenceTransformStatus = OK
Seq_Frame0092_Timestamp = 13.239
Seq_Frame0093_DriverToReference-SequenceTransform =-0.120403 -0.787114 -0.604942 -7.7674 -0.828485 0.41539 -0.375585 242.524 0.546915 0.455964 -0.702126 173.546 0 0 0 1 
Seq_Frame0093_DriverToReference-SequenceTransformStatus = OK
Seq_Frame0093_Timestamp = 13.35
Seq_Frame0094_DriverToReference-SequenceTransform =-0.120403 -0.787114 -0.604942 -7.7674 -0.828485 0.41539 -0.375585 242.524 0.546915 0.455964 -0.702126 173.546 0 0 0 1 
Seq_Frame0094_DriverToReference-SequenceTransformStatus = OK
Seq_Frame0094_Timestamp = 13.454
Seq_Frame0095_DriverToReference-SequenceTransform =-0.120403 -0.787114 -0.604942 -7.7674 -0.828485 0.41539 -0.375585 242.524 0.546915 0.455964 -0.702126 173.546 0 0 0 1 
Seq_Frame0095_DriverToReference-SequenceTransformStatus = OK
Seq_Frame0095_Timestamp = 13.695
Seq_Frame0096_DriverToReference-SequenceTransform =-0.398365 -0.366465 0.840838 36.3183 -0.187914 0.92988 0.316244 169.116 -0.897771 -0.0320248 -0.439296 126.276 0 0 0 1 
Seq_Frame0096_DriverToReference-SequenceTransformStatus = OK
Seq_Frame0096_Timestamp = 13.915
Seq_Frame0097_DriverToReference-SequenceTransform =-0.398365 -0.366465 0.840838 36.3183 -0.187914 0.92988 0.316244 169.116 -0.897771 -0.0320248 -0.439296 126.276 0 0 0 1 
Seq_Frame0097_DriverToReference-SequenceTransformStatus = OK
Seq_Frame0097_Timestamp = 14.144
Seq_Frame0098_DriverToReference-SequenceTransform =-0.398365 -0.366465 0.840838 36.3183 -0.187914 0.92988 0.316244 169.116 -0.897771 -0.0320248 -0.439296 126.276 0 0 0 1 
Seq_Frame0098_DriverToReference-SequenceTransformStatus = OK
Seq_Frame0098_Timestamp = 14.505
Seq_Frame0099_DriverToReference-SequenceTransform =-0.398365 -0.366465 0.840838 36.3183 -0.187914 0.92988 0.316244 169.116 -0.897771 -0.0320248 -0.439296 126.276 0 0 0 1 
Seq_Frame0099_DriverToReference-SequenceTransformStatus = OK
Seq_Frame0099_Timestamp = 14.83
Seq_Frame0100_DriverToReference-SequenceTransform =-0.398365 -0.366465 0.840838 36.3183 -0.187914 0.92988 0.316244 169.116 -0.897771 -0.0320248 -0.439296 126.276 0 0 0 1 
Seq_Frame0100_DriverToReference-SequenceTransformStatus = OK
Seq_Frame0100_Timestamp = 14.939
Seq_Frame0101_DriverToReference-SequenceTransform =-0.398365 -0.366465 0.840838 36.3183 -0.187914 0.92988 0.316244 169.116 -0.897771 -0.0320248 -0.439296 126.276 0 0 0 1 
Seq_Frame0101_DriverToReference-SequenceTransformStatus = OK
Seq_Frame0101_Timestamp = 15.045
Seq_Frame0102_DriverToReference-SequenceTransform =-0.398365 -0.366465 0.840838 36.3183 -0.187914 0.92988 0.316244 169.116 -0.897771 -0.0320248 -0.439296 126.276 0 0 0 1 
Seq_Frame0102_DriverToReference-SequenceTransformStatus = OK
Seq_Frame0102_Timestamp = 15.154
Seq_Frame0103_DriverToReference-SequenceTransform =-0.398365 -0.366465 0.840838 36.3183 -0.187914 0.92988 0.316244 169.116 -0.897771 -0.0320248 -0.439296 126.276 0 0 0 1 
Seq_Frame0103_DriverToReference-SequenceTransformStatus = OK
Seq_Frame0103_Timestamp = 15.26
Seq_Frame0104_DriverToReference-SequenceTransform =-0.398365 -0.366465 0.840838 36.3183 -0.187914 0.92988 0.316244 169.116 -0.897771 -0.0320248 -0.439296 126.276 0 0 0 1 
Seq_Frame0104_DriverToReference-SequenceTransformStatus = OK
Seq_Frame0104_Timestamp = 15.364
Seq_Frame0105_DriverToReference-SequenceTransform =-0.398365 -0.366465 0.840838 36.3183 -0.187914 0.92988 0.316244 169.116 -0.897771 -0.0320248 -0.439296 126.276 0 0 0 1 
Seq_Frame0105_DriverToReference-SequenceTransformStatus = OK
Seq_Frame0105_Timestamp = 15.467
Seq_Frame0106_DriverToReference-SequenceTransform =-0.398365 -0.366465 0.840838 36.3183 -0.187914 0.92988 0.316244 169.116 -0.897771 -0.0320248 -0.439296 126.276 0 0 0 1 
Seq_Frame0106_DriverToReference-SequenceTransformStatus = OK
Seq_Frame0106_Timestamp = 15.864
Seq_Frame0107_DriverToReference-SequenceTransform =-0.398365 -0.366465 0.840838 36.3183 -0.187914 0.92988 0.316244 169.116 -0.897771 -0.0320248 -0.439296 126.276 0 0 0 1 
Seq_Frame0107_DriverToReference-SequenceTransformStatus = OK
Seq_Frame0107_Timestamp = 15.97
Seq_Frame0108_DriverToReference-SequenceTransform =-0.398365 -0.366465 0.840838 36.3183 -0.187914 0.92988 0.316244 169.116 -0.897771 -0.0320248 -0.439296 126.276 0 0 0 1 
Seq_Frame0108_DriverToReference-SequenceTransformStatus = OK
Seq_Frame0108_Timestamp = 16.079
Seq_Frame0109_DriverToReference-SequenceTransform =-0.398365 -0.366465 0.840838 36.3183 -0.187914 0.92988 0.316244 169.116 -0.897771 -0.0320248 -0.439296 126.276 0 0 0 1 
Seq_Frame0109_DriverToReference-SequenceTransformStatus = OK
Seq_Frame0109_Timestamp = 16.345
Seq_Frame0110_DriverToReference-SequenceTransform =-0.398365 -0.366465 0.840838 36.3183 -0.187914 0.92988 0.316244 169.116 -0.897771 -0.0320248 -0.439296 126.276 0 0 0 1 
Seq_Frame0110_DriverToReference-SequenceTransformStatus = OK
Seq_Frame0110_Timestamp = 16.449
Seq_Frame0111_DriverToReference-SequenceTransform =-0.398365 -0.366465 0.840838 36.3183 -0.187914 0.92988 0.316244 169.116 -0.897771 -0.0320248 -0.439296 126.276 0 0 0 1 
Seq_Frame0111_DriverToReference-SequenceTransformStatus = OK
Seq_Frame0111_Timestamp = 16.56
Seq_Frame0112_DriverToReference-SequenceTransform =-0.398365 -0.366465 0.840838 36.3183 -0.187914 0.92988 0.316244 169.116 -0.897771 -0.0320248 -0.439296 126.276 0 0 0 1 
Seq_Frame0112_DriverToReference-SequenceTransformStatus = OK
Seq_Frame0112_Timestamp = 16.67
Seq_Frame0113_DriverToReference-SequenceTransform =-0.398365 -0.366465 0.840838 36.3183 -0.187914 0.92988 0.316244 169.116 -0.897771 -0.0320248 -0.439296 126.276 0 0 0 1 
Seq_Frame0113_DriverToReference-SequenceTransformStatus = OK
Seq_Frame0113_Timestamp = 16.78
Seq_Frame0114_DriverToReference-SequenceTransform =-0.398365 -0.366465 0.840838 36.3183 -0.187914 0.92988 0.316244 169.116 -0.897771 -0.0320248 -0.439296 126.276 0 0 0 1 
Seq_Frame0114_DriverToReference-SequenceTransformStatus = OK
Seq_Frame0114_Timestamp = 16.889
Seq_Frame0115_DriverToReference-SequenceTransform =-0.398365 -0.366465 0.840838 36.3183 -0.187914 0.92988 0.316244 169.116 -0.897771 -0.0320248 -0.439296 126.276 0 0 0 1 
Seq_Frame0115_DriverToReference-SequenceTransformStatus = OK
Seq_Frame0115_Timestamp = 17
Seq_Frame0116_DriverToReference-SequenceTransform =-0.398365 -0.366465 0.840838 36.3183 -0.187914 0.92988 0.316244 169.116 -0.897771 -0.0320248 -0.439296 126.276 0 0 0 1 
Seq_Frame0116_DriverToReference-SequenceTransformStatus = OK
Seq_Frame0116_Timestamp = 17.109
Seq_Frame0117_DriverToReference-SequenceTransform =-0.398365 -0.366465 0.840838 36.3183 -0.187914 0.92988 0.316244 169.116 -0.897771 -0.0320248 -0.439296 126.276 0 0 0 1 
Seq_Frame0117_DriverToReference-SequenceTransformStatus = OK
Seq_Frame0117_Timestamp = 17.215
Seq_Frame0118_DriverToReference-SequenceTransform =-0.398365 -0.366465 0.840838 36.3183 -0.187914 0.92988 0.316244 169.116 -0.897771 -0.0320248 -0.439296 126.276 0 0 0 1 
Seq_Frame0118_DriverToReference-SequenceTransformStatus = OK
Seq_Frame0118_Timestamp = 17.4
Seq_Frame0119_DriverToReference-SequenceTransform =-0.398365 -0.366465 0.840838 36.3183 -0.187914 0.92988 0.316244 169.116 -0.897771 -0.0320248 -0.439296 126.276 0 0 0 1 
Seq_Frame0119_DriverToReference-SequenceTransformStatus = OK
Seq_Frame0119_Timestamp = 17.505
Seq_Frame0120_DriverToReference-SequenceTransform =-0.398365 -0.366465 0.840838 36.3183 -0.187914 0.92988 0.316244 169.116 -0.897771 -0.0320248 -0.439296 126.276 0 0 0 1 
Seq_Frame0120_DriverToReference-SequenceTransformStatus = OK
Seq_Frame0120_Timestamp = 17.639
Seq_Frame0121_DriverToReference-SequenceTransform =-0.398365 -0.366465 0.840838 36.3183 -0.187914 0.92988 0.316244 169.116 -0.897771 -0.0320248 -0.439296 126.276 0 0 0 1 
Seq_Frame0121_DriverToReference-SequenceTransformStatus = OK
Seq_Frame0121_Timestamp = 17.75
Seq_Frame0122_DriverToReference-SequenceTransform =-0.398365 -0.366465 0.840838 36.3183 -0.187914 0.92988 0.316244 169.116 -0.897771 -0.0320248 -0.439296 126.276 0 0 0 1 
Seq_Frame0122_DriverToReference-SequenceTransformStatus = OK
Seq_Frame0122_Timestamp = 17.86
Seq_Frame0123_DriverToReference-SequenceTransform =-0.398365 -0.366465 0.840838 36.3183 -0.187914 0.92988 0.316244 169.116 -0.897771 -0.0320248 -0.439296 126.276 0 0 0 1 
Seq_Frame0123_DriverToReference-SequenceTransformStatus = OK
Seq_Frame0123_Timestamp = 17.964
Seq_Frame0124_DriverToReference-SequenceTransform =-0.398365 -0.366465 0.840838 36.3183 -0.187914 0.92988 0.316244 169.116 -0.897771 -0.0320248 -0.439296 126.276 0 0 0 1 
Seq_Frame0124_DriverToReference-SequenceTransformStatus = OK
Seq_Frame0124_Timestamp = 18.069
Seq_Frame0125_DriverToReference-SequenceTransform =-0.398365 -0.366465 0.840838 36.3183 -0.187914 0.92988 0.316244 169.116 -0.897771 -0.0320248 -0.439296 126.276 0 0 0 1 
Seq_Frame0125_DriverToReference-SequenceTransformStatus = OK
Seq_Frame0125_Timestamp = 18.175
Seq_Frame0126_DriverToReference-SequenceTransform =-0.398365 -0.366465 0.840838 36.3183 -0.187914 0.92988 0.316244 169.116 -0.897771 -0.0320248 -0.439296 126.276 0 0 0 1 
Seq_Frame0126_DriverToReference-SequenceTransformStatus = OK
Seq_Frame0126_Timestamp = 18.279
Seq_Frame0127_DriverToReference-SequenceTransform =-0.398365 -0.366465 0.840838 36.3183 -0.187914 0.92988 0.316244 169.116 -0.897771 -0.0320248 -0.439296 126.276 0 0 0 1 
Seq_Frame0127_DriverToReference-SequenceTransformStatus = OK
Seq_Frame0127_Timestamp = 18.389
Seq_Frame0128_DriverToReference-SequenceTransform =-0.398365 -0.366465 0.840838 36.3183 -0.187914 0.92988 0.316244 169.116 -0.897771 -0.0320248 -0.439296 126.276 0 0 0 1 
Seq_Frame0128_DriverToReference-SequenceTransformStatus = OK
Seq_Frame0128_Timestamp = 18.494
Seq_Frame0129_DriverToReference-SequenceTransform =-0.398365 -0.366465 0.840838 36.3183 -0.187914 0.92988 0.316244 169.116 -0.897771 -0.0320248 -0.439296 126.276 0 0 0 1 
Seq_Frame0129_DriverToReference-SequenceTransformStatus = OK
Seq_Frame0129_Timestamp = 18.599
Seq_Frame0130_DriverToReference-SequenceTransform =-0.398365 -0.366465 0.840838 36.3183 -0.187914 0.92988 0.316244 169.116 -0.897771 -0.0320248 -0.439296 126.276 0 0 0 1 
Seq_Frame0130_DriverToReference-SequenceTransformStatus = OK
Seq_Frame0130_Timestamp = 18.704
Seq_Frame0131_DriverToReference-SequenceTransform =-0.398365 -0.366465 0.840838 36.3183 -0.187914 0.92988 0.316244 169.116 -0.897771 -0.0320248 -0.439296 126.276 0 0 0 1 
Seq_Frame0131_DriverToReference-SequenceTransformStatus = OK
Seq_Frame0131_Timestamp = 18.81
Seq_Frame0132_DriverToReference-SequenceTransform =-0.398365 -0.366465 0.840838 36.3183 -0.187914 0.92988 0.316244 169.116 -0.897771 -0.0320248 -0.439296 126.276 0 0 0 1 
Seq_Frame0132_DriverToReference-SequenceTransformStatus = OK
Seq_Frame0132_Timestamp = 18.914
Seq_Frame0133_DriverToReference-SequenceTransform =-0.398365 -0.366465 0.840838 36.3183 -0.187914 0.92988 0.316244 169.116 -0.897771 -0.0320248 -0.439296 126.276 0 0 0 1 
Seq_Frame0133_DriverToReference-SequenceTransformStatus = OK
Seq_Frame0133_Timestamp = 19.025
Seq_Frame0134_DriverToReference-SequenceTransform =-0.398365 -0.366465 0.840838 36.3183 -0.187914 0.92988 0.316244 169.116 -0.897771 -0.0320248 -0.439296 126.276 0 0 0 1 
Seq_Frame0134_DriverToReference-SequenceTransformStatus = OK
Seq_Frame0134_Timestamp = 19.135
Seq_Frame0135_DriverToReference-SequenceTransform =-0.398365 -0.366465 0.840838 36.3183 -0.187914 0.92988 0.316244 169.116 -0.897771 -0.0320248 -0.439296 126.276 0 0 0 1 
Seq_Frame0135_DriverToReference-SequenceTransformStatus = OK
Seq_Frame0135_Timestamp = 19.24
Seq_Frame0136_DriverToReference-SequenceTransform =-0.398365 -0.366465 0.840838 36.3183 -0.187914 0.92988 0.316244 169.116 -0.897771 -0.0320248 -0.439296 126.276 0 0 0 1 
Seq_Frame0136_DriverToReference-SequenceTransformStatus = OK
Seq_Frame0136_Timestamp = 19.349
Seq_Frame0137_DriverToReference-SequenceTransform =-0.398365 -0.366465 0.840838 36.3183 -0.187914 0.92988 0.316244 169.116 -0.897771 -0.0320248 -0.439296 126.276 0 0 0 1 
Seq_Frame0137_DriverToReference-SequenceTransformStatus = OK
Seq_Frame0137_Timestamp = 19.451
Seq_Frame0138_DriverToReference-SequenceTransform =-0.398365 -0.366465 0.840838 36.3183 -0.187914 0.92988 0.316244 169.116 -0.897771 -0.0320248 -0.439296 126.276 0 0 0 1 
Seq_Frame0138_DriverToReference-SequenceTransformStatus = OK
Seq_Frame0138_Timestamp = 19.564
Seq_Frame0139_DriverToReference-SequenceTransform =-0.398365 -0.366465 0.840838 36.3183 -0.187914 0.92988 0.316244 169.116 -0.897771 -0.0320248 -0.439296 126.276 0 0 0 1 
Seq_Frame0139_DriverToReference-SequenceTransformStatus = OK
Seq_Frame0139_Timestamp = 19.675
Seq_Frame0140_DriverToReference-SequenceTransform =-0.398365 -0.366465 0.840838 36.3183 -0.187914 0.92988 0.316244 169.116 -0.897771 -0.0320248 -0.439296 126.276 0 0 0 1 
Seq_Frame0140_DriverToReference-SequenceTransformStatus = OK
Seq_Frame0140_Timestamp = 19.779
Seq_Frame0141_DriverToReference-SequenceTransform =-0.398365 -0.366465 0.840838 36.3183 -0.187914 0.92988 0.316244 169.116 -0.897771 -0.0320248 -0.439296 126.276 0 0 0 1 
Seq_Frame0141_DriverToReference-SequenceTransformStatus = OK
Seq_Frame0141_Timestamp = 19.889
Seq_Frame0142_DriverToReference-SequenceTransform =-0.398365 -0.366465 0.840838 36.3183 -0.187914 0.92988 0.316244 169.116 -0.897771 -0.0320248 -0.439296 126.276 0 0 0 1 
Seq_Frame0142_DriverToReference-SequenceTransformStatus = OK
Seq_Frame0142_Timestamp = 19.995
Seq_Frame0143_DriverToReference-SequenceTransform =-0.398365 -0.366465 0.840838 36.3183 -0.187914 0.92988 0.316244 169.116 -0.897771 -0.0320248 -0.439296 126.276 0 0 0 1 
Seq_Frame0143_DriverToReference-SequenceTransformStatus = OK
Seq_Frame0143_Timestamp = 21.105
Seq_Frame0144_DriverToReference-SequenceTransform =-0.398365 -0.366465 0.840838 36.3183 -0.187914 0.92988 0.316244 169.116 -0.897771 -0.0320248 -0.439296 126.276 0 0 0 1 
Seq_Frame0144_DriverToReference-SequenceTransformStatus = OK
Seq_Frame0144_Timestamp = 21.209
Seq_Frame0145_DriverToReference-SequenceTransform =-0.398365 -0.366465 0.840838 36.3183 -0.187914 0.92988 0.316244 169.116 -0.897771 -0.0320248 -0.439296 126.276 0 0 0 1 
Seq_Frame0145_DriverToReference-SequenceTransformStatus = OK
Seq_Frame0145_Timestamp = 21.314
Seq_Frame0146_DriverToReference-SequenceTransform =-0.398365 -0.366465 0.840838 36.3183 -0.187914 0.92988 0.316244 169.116 -0.897771 -0.0320248 -0.439296 126.276 0 0 0 1 
Seq_Frame0146_DriverToReference-SequenceTransformStatus = OK
Seq_Frame0146_Timestamp = 21.42
Seq_Frame0147_DriverToReference-SequenceTransform =-0.398365 -0.366465 0.840838 36.3183 -0.187914 0.92988 0.316244 169.116 -0.897771 -0.0320248 -0.439296 126.276 0 0 0 1 
Seq_Frame0147_DriverToReference-SequenceTransformStatus = OK
Seq_Frame0147_Timestamp = 21.525
Seq_Frame0148_DriverToReference-SequenceTransform =-0.398365 -0.366465 0.840838 36.3183 -0.187914 0.92988 0.316244 169.116 -0.897771 -0.0320248 -0.439296 126.276 0 0 0 1 
Seq_Frame0148_DriverToReference-SequenceTransformStatus = OK
Seq_Frame0148_Timestamp = 21.629
Seq_Frame0149_DriverToReference-SequenceTransform =-0.398365 -0.366465 0.840838 36.3183 -0.187914 0.92988 0.316244 169.116 -0.897771 -0.0320248 -0.439296 126.276 0 0 0 1 
Seq_Frame0149_DriverToReference-SequenceTransformStatus = OK
Seq_Frame0149_Timestamp = 21.736
Seq_Frame0150_DriverToReference-SequenceTransform =-0.398365 -0.366465 0.840838 36.3183 -0.187914 0.92988 0.316244 169.116 -0.897771 -0.0320248 -0.439296 126.276 0 0 0 1 
Seq_Frame0150_DriverToReference-SequenceTransformStatus = OK
Seq_Frame0150_Timestamp = 21.85
