ObjectType = Image
NDims = 3
AnatomicalOrientation = RAI
BinaryData = True
CompressedData = False
DimSize = 0 0 1285
ElementSpacing = 1 1 1
Offset = 0 0 0
TransformMatrix = 1 0 0 0 1 0 0 0 1
ElementType = MET_UCHAR
Kinds = domain domain list
Seq_Frame0000_DriverToReference-SequenceTransform =-0.95558 0.154462 0.251015 261.121 0.293443 0.578199 0.7613 178.61 -0.027545 0.801141 -0.597841 265.002 0 0 0 1 
Seq_Frame0000_DriverToReference-SequenceTransformStatus = OK
Seq_Frame0000_Timestamp = 0.00199986
Seq_Frame0001_DriverToReference-SequenceTransform =-0.95558 0.154462 0.251015 261.121 0.293443 0.578199 0.7613 178.61 -0.027545 0.801141 -0.597841 265.002 0 0 0 1 
Seq_Frame0001_DriverToReference-SequenceTransformStatus = OK
Seq_Frame0001_Timestamp = 0.118
Seq_Frame0002_DriverToReference-SequenceTransform =-0.95558 0.154462 0.251015 261.121 0.293443 0.578199 0.7613 178.61 -0.027545 0.801141 -0.597841 265.002 0 0 0 1 
Seq_Frame0002_DriverToReference-SequenceTransformStatus = OK
Seq_Frame0002_Timestamp = 0.226
Seq_Frame0003_DriverToReference-SequenceTransform =-0.95558 0.154462 0.251015 261.121 0.293443 0.578199 0.7613 178.61 -0.027545 0.801141 -0.597841 265.002 0 0 0 1 
Seq_Frame0003_DriverToReference-SequenceTransformStatus = OK
Seq_Frame0003_Timestamp = 0.332
Seq_Frame0004_DriverToReference-SequenceTransform =-0.831788 -0.166004 -0.529689 219.796 -0.426453 0.801952 0.418342 244.228 0.355339 0.57386 -0.737848 219.848 0 0 0 1 
Seq_Frame0004_DriverToReference-SequenceTransformStatus = OK
Seq_Frame0004_Timestamp = 0.44
Seq_Frame0005_DriverToReference-SequenceTransform =-0.658058 -0.301589 -0.68993 189.517 -0.647492 0.694348 0.314061 293.712 0.384335 0.653395 -0.652198 198.713 0 0 0 1 
Seq_Frame0005_DriverToReference-SequenceTransformStatus = OK
Seq_Frame0005_Timestamp = 0.543
Seq_Frame0006_DriverToReference-SequenceTransform =-0.689758 -0.178918 -0.701585 136.608 -0.66841 0.529828 0.522026 331.169 0.27832 0.829018 -0.485044 178.339 0 0 0 1 
Seq_Frame0006_DriverToReference-SequenceTransformStatus = OK
Seq_Frame0006_Timestamp = 0.65
Seq_Frame0007_DriverToReference-SequenceTransform =-0.754788 -0.110683 -0.646563 86.0433 -0.61308 0.469585 0.635313 344.3 0.233298 0.875922 -0.422295 178.126 0 0 0 1 
Seq_Frame0007_DriverToReference-SequenceTransformStatus = OK
Seq_Frame0007_Timestamp = 0.76
Seq_Frame0008_DriverToReference-SequenceTransform =-0.681652 -0.263186 -0.682703 56.4443 -0.715102 0.437116 0.54549 339.598 0.154855 0.860037 -0.486166 186.363 0 0 0 1 
Seq_Frame0008_DriverToReference-SequenceTransformStatus = OK
Seq_Frame0008_Timestamp = 0.865
Seq_Frame0009_DriverToReference-SequenceTransform =-0.630922 -0.305267 -0.713267 46.6851 -0.77277 0.329045 0.54273 337.746 0.0690191 0.893612 -0.443503 192.263 0 0 0 1 
Seq_Frame0009_DriverToReference-SequenceTransformStatus = OK
Seq_Frame0009_Timestamp = 0.972
Seq_Frame0010_DriverToReference-SequenceTransform =-0.354724 -0.538774 -0.764129 22.0619 -0.899587 -0.026038 0.435965 341.018 -0.254783 0.842048 -0.475437 204.73 0 0 0 1 
Seq_Frame0010_DriverToReference-SequenceTransformStatus = OK
Seq_Frame0010_Timestamp = 1.082
Seq_Frame0011_DriverToReference-SequenceTransform =-0.260341 -0.595081 -0.76033 15.0289 -0.848688 -0.234451 0.474091 346.275 -0.460382 0.768708 -0.444001 219.701 0 0 0 1 
Seq_Frame0011_DriverToReference-SequenceTransformStatus = OK
Seq_Frame0011_Timestamp = 1.189
Seq_Frame0012_DriverToReference-SequenceTransform =-0.22242 -0.666073 -0.711952 12.3581 -0.91477 -0.110013 0.388706 352.766 -0.337231 0.737728 -0.584835 220.246 0 0 0 1 
Seq_Frame0012_DriverToReference-SequenceTransformStatus = OK
Seq_Frame0012_Timestamp = 1.3
Seq_Frame0013_DriverToReference-SequenceTransform =-0.15691 -0.671399 -0.724294 6.17905 -0.853909 -0.27624 0.441056 359.526 -0.496204 0.687688 -0.529969 238.035 0 0 0 1 
Seq_Frame0013_DriverToReference-SequenceTransformStatus = OK
Seq_Frame0013_Timestamp = 1.407
Seq_Frame0014_DriverToReference-SequenceTransform =-0.0282817 -0.744002 -0.667578 -0.928013 -0.92122 -0.239837 0.30632 363.463 -0.388013 0.62365 -0.678607 237.209 0 0 0 1 
Seq_Frame0014_DriverToReference-SequenceTransformStatus = OK
Seq_Frame0014_Timestamp = 1.512
Seq_Frame0015_DriverToReference-SequenceTransform =-0.0959226 -0.761688 -0.640804 -1.50217 -0.909562 -0.194441 0.367274 365.23 -0.404347 0.618081 -0.674151 245.315 0 0 0 1 
Seq_Frame0015_DriverToReference-SequenceTransformStatus = OK
Seq_Frame0015_Timestamp = 1.612
Seq_Frame0016_DriverToReference-SequenceTransform =-0.17236 -0.83072 -0.529336 -1.03683 -0.841894 -0.154742 0.516981 363.48 -0.511377 0.534752 -0.672706 267.944 0 0 0 1 
Seq_Frame0016_DriverToReference-SequenceTransformStatus = OK
Seq_Frame0016_Timestamp = 1.72
Seq_Frame0017_DriverToReference-SequenceTransform =-0.256059 -0.879308 -0.401562 -2.6322 -0.800653 -0.0398501 0.597802 354.374 -0.541654 0.474584 -0.693816 287.621 0 0 0 1 
Seq_Frame0017_DriverToReference-SequenceTransformStatus = OK
Seq_Frame0017_Timestamp = 1.835
Seq_Frame0018_DriverToReference-SequenceTransform =-0.225265 -0.916449 -0.330722 -1.57997 -0.810049 -0.0124433 0.58623 350.257 -0.541365 0.399958 -0.739566 304.72 0 0 0 1 
Seq_Frame0018_DriverToReference-SequenceTransformStatus = OK
Seq_Frame0018_Timestamp = 1.938
Seq_Frame0019_DriverToReference-SequenceTransform =-0.0207785 -0.834601 -0.550463 -6.85881 -0.952811 -0.150251 0.263773 344.709 -0.302853 0.529968 -0.792095 308.306 0 0 0 1 
Seq_Frame0019_DriverToReference-SequenceTransformStatus = OK
Seq_Frame0019_Timestamp = 2.051
Seq_Frame0020_DriverToReference-SequenceTransform =0.390617 -0.62088 -0.679652 -27.074 -0.92048 -0.272737 -0.279876 318.831 -0.0115966 0.73493 -0.678043 306.8 0 0 0 1 
Seq_Frame0020_DriverToReference-SequenceTransformStatus = OK
Seq_Frame0020_Timestamp = 2.151
Seq_Frame0021_DriverToReference-SequenceTransform =0.559382 -0.520429 -0.645171 -36.6976 -0.80714 -0.164774 -0.566899 303.377 0.188724 0.837856 -0.512231 306.461 0 0 0 1 
Seq_Frame0021_DriverToReference-SequenceTransformStatus = OK
Seq_Frame0021_Timestamp = 2.26
Seq_Frame0022_DriverToReference-SequenceTransform =0.559382 -0.520429 -0.645171 -36.6976 -0.80714 -0.164774 -0.566899 303.377 0.188724 0.837856 -0.512231 306.461 0 0 0 1 
Seq_Frame0022_DriverToReference-SequenceTransformStatus = OK
Seq_Frame0022_Timestamp = 2.366
Seq_Frame0023_DriverToReference-SequenceTransform =0.559382 -0.520429 -0.645171 -36.6976 -0.80714 -0.164774 -0.566899 303.377 0.188724 0.837856 -0.512231 306.461 0 0 0 1 
Seq_Frame0023_DriverToReference-SequenceTransformStatus = OK
Seq_Frame0023_Timestamp = 2.478
Seq_Frame0024_DriverToReference-SequenceTransform =0.559382 -0.520429 -0.645171 -36.6976 -0.80714 -0.164774 -0.566899 303.377 0.188724 0.837856 -0.512231 306.461 0 0 0 1 
Seq_Frame0024_DriverToReference-SequenceTransformStatus = OK
Seq_Frame0024_Timestamp = 2.588
Seq_Frame0025_DriverToReference-SequenceTransform =0.559382 -0.520429 -0.645171 -36.6976 -0.80714 -0.164774 -0.566899 303.377 0.188724 0.837856 -0.512231 306.461 0 0 0 1 
Seq_Frame0025_DriverToReference-SequenceTransformStatus = OK
Seq_Frame0025_Timestamp = 2.701
Seq_Frame0026_DriverToReference-SequenceTransform =0.154761 -0.622857 -0.766876 -9.08606 -0.982636 -0.0166286 -0.184798 312.364 0.10235 0.782159 -0.614615 316.091 0 0 0 1 
Seq_Frame0026_DriverToReference-SequenceTransformStatus = OK
Seq_Frame0026_Timestamp = 2.807
Seq_Frame0027_DriverToReference-SequenceTransform =0.0501921 -0.748331 -0.661424 15.7283 -0.974354 0.108761 -0.19699 319.996 0.219351 0.654349 -0.72368 322.065 0 0 0 1 
Seq_Frame0027_DriverToReference-SequenceTransformStatus = OK
Seq_Frame0027_Timestamp = 2.917
Seq_Frame0028_DriverToReference-SequenceTransform =-0.0677584 -0.750046 -0.657906 15.9804 -0.940688 0.267749 -0.208365 316.85 0.332437 0.604766 -0.723701 318.679 0 0 0 1 
Seq_Frame0028_DriverToReference-SequenceTransformStatus = OK
Seq_Frame0028_Timestamp = 3.026
Seq_Frame0029_DriverToReference-SequenceTransform =-0.0563206 -0.724891 -0.686557 11.8948 -0.949553 0.251373 -0.187513 303.211 0.308509 0.641361 -0.70248 321.241 0 0 0 1 
Seq_Frame0029_DriverToReference-SequenceTransformStatus = OK
Seq_Frame0029_Timestamp = 3.131
Seq_Frame0030_DriverToReference-SequenceTransform =-0.00644892 -0.75665 -0.653788 15.6773 -0.978666 0.13904 -0.151262 295.014 0.205355 0.638865 -0.741404 328.423 0 0 0 1 
Seq_Frame0030_DriverToReference-SequenceTransformStatus = OK
Seq_Frame0030_Timestamp = 3.231
Seq_Frame0031_DriverToReference-SequenceTransform =0.119443 -0.758247 -0.640933 14.881 -0.992312 -0.0700971 -0.101997 297.608 0.0324117 0.648188 -0.76079 337.187 0 0 0 1 
Seq_Frame0031_DriverToReference-SequenceTransformStatus = OK
Seq_Frame0031_Timestamp = 3.335
Seq_Frame0032_DriverToReference-SequenceTransform =0.193937 -0.750914 -0.631282 11.5931 -0.958861 -0.00911707 -0.283729 298.242 0.207301 0.660337 -0.72179 336.233 0 0 0 1 
Seq_Frame0032_DriverToReference-SequenceTransformStatus = OK
Seq_Frame0032_Timestamp = 3.441
Seq_Frame0033_DriverToReference-SequenceTransform =0.09157 -0.741021 -0.665209 9.24868 -0.96138 0.108326 -0.253011 297.475 0.259546 0.662687 -0.702483 331.568 0 0 0 1 
Seq_Frame0033_DriverToReference-SequenceTransformStatus = OK
Seq_Frame0033_Timestamp = 3.556
Seq_Frame0034_DriverToReference-SequenceTransform =0.0275725 -0.725298 -0.687883 2.04934 -0.965919 0.157844 -0.205146 301.924 0.25737 0.670096 -0.696227 323.563 0 0 0 1 
Seq_Frame0034_DriverToReference-SequenceTransformStatus = OK
Seq_Frame0034_Timestamp = 3.66
Seq_Frame0035_DriverToReference-SequenceTransform =-0.0351518 -0.669477 -0.742 -4.40357 -0.984436 0.151121 -0.089713 305.243 0.172192 0.727298 -0.66437 321.149 0 0 0 1 
Seq_Frame0035_DriverToReference-SequenceTransformStatus = OK
Seq_Frame0035_Timestamp = 3.762
Seq_Frame0036_DriverToReference-SequenceTransform =-0.0177861 -0.655991 -0.754559 -7.83662 -0.981787 0.154228 -0.110939 309.178 0.189149 0.738843 -0.646787 324.089 0 0 0 1 
Seq_Frame0036_DriverToReference-SequenceTransformStatus = OK
Seq_Frame0036_Timestamp = 3.862
Seq_Frame0037_DriverToReference-SequenceTransform =-0.0253672 -0.699542 -0.714141 -1.64717 -0.982808 0.148139 -0.1102 310.583 0.182882 0.699068 -0.691273 329.693 0 0 0 1 
Seq_Frame0037_DriverToReference-SequenceTransformStatus = OK
Seq_Frame0037_Timestamp = 3.968
Seq_Frame0038_DriverToReference-SequenceTransform =-0.0374693 -0.738672 -0.673023 2.69562 -0.973114 0.180134 -0.143529 308.004 0.227255 0.64955 -0.725562 335.499 0 0 0 1 
Seq_Frame0038_DriverToReference-SequenceTransformStatus = OK
Seq_Frame0038_Timestamp = 4.086
Seq_Frame0039_DriverToReference-SequenceTransform =-0.0448729 -0.735787 -0.675725 1.26338 -0.971121 0.19079 -0.143259 306.676 0.23433 0.649782 -0.7231 338.818 0 0 0 1 
Seq_Frame0039_DriverToReference-SequenceTransformStatus = OK
Seq_Frame0039_Timestamp = 4.19
Seq_Frame0040_DriverToReference-SequenceTransform =-0.060864 -0.744177 -0.665204 2.03372 -0.958498 0.229541 -0.169093 307.261 0.278527 0.627305 -0.727263 339.089 0 0 0 1 
Seq_Frame0040_DriverToReference-SequenceTransformStatus = OK
Seq_Frame0040_Timestamp = 4.295
Seq_Frame0041_DriverToReference-SequenceTransform =-0.060864 -0.744177 -0.665204 2.03372 -0.958498 0.229541 -0.169093 307.261 0.278527 0.627305 -0.727263 339.089 0 0 0 1 
Seq_Frame0041_DriverToReference-SequenceTransformStatus = OK
Seq_Frame0041_Timestamp = 5.285
Seq_Frame0042_DriverToReference-SequenceTransform =-0.060864 -0.744177 -0.665204 2.03372 -0.958498 0.229541 -0.169093 307.261 0.278527 0.627305 -0.727263 339.089 0 0 0 1 
Seq_Frame0042_DriverToReference-SequenceTransformStatus = OK
Seq_Frame0042_Timestamp = 5.385
Seq_Frame0043_DriverToReference-SequenceTransform =0.859999 0.0786608 0.504197 25.4428 -0.170777 0.97544 0.139111 301.446 -0.480871 -0.205741 0.852311 365.374 0 0 0 1 
Seq_Frame0043_DriverToReference-SequenceTransformStatus = OK
Seq_Frame0043_Timestamp = 6.185
Seq_Frame0044_DriverToReference-SequenceTransform =0.813929 0.0674316 0.577038 25.7944 -0.174335 0.975816 0.131872 302.003 -0.554191 -0.207932 0.806001 363.352 0 0 0 1 
Seq_Frame0044_DriverToReference-SequenceTransformStatus = OK
Seq_Frame0044_Timestamp = 6.293
Seq_Frame0045_DriverToReference-SequenceTransform =0.981227 0.189685 0.0348293 28.9356 -0.192696 0.971641 0.13705 307.724 -0.00784524 -0.141189 0.989952 367.048 0 0 0 1 
Seq_Frame0045_DriverToReference-SequenceTransformStatus = OK
Seq_Frame0045_Timestamp = 6.409
Seq_Frame0046_DriverToReference-SequenceTransform =-0.462789 -0.694132 -0.551368 36.3839 -0.885975 0.382933 0.261555 312.96 0.0295831 0.609543 -0.792201 355.326 0 0 0 1 
Seq_Frame0046_DriverToReference-SequenceTransformStatus = OK
Seq_Frame0046_Timestamp = 6.596
Seq_Frame0047_DriverToReference-SequenceTransform =-0.462789 -0.694132 -0.551368 36.3839 -0.885975 0.382933 0.261555 312.96 0.0295831 0.609543 -0.792201 355.326 0 0 0 1 
Seq_Frame0047_DriverToReference-SequenceTransformStatus = OK
Seq_Frame0047_Timestamp = 6.844
Seq_Frame0048_DriverToReference-SequenceTransform =0.211057 0.96372 0.163398 16.4607 -0.532918 0.253583 -0.807276 332.674 -0.819423 0.0833037 0.567104 271.089 0 0 0 1 
Seq_Frame0048_DriverToReference-SequenceTransformStatus = OK
Seq_Frame0048_Timestamp = 6.953
Seq_Frame0049_DriverToReference-SequenceTransform =0.199098 0.96971 0.141503 13.2322 -0.533035 0.228325 -0.814703 332.894 -0.822334 0.0867795 0.562348 265.432 0 0 0 1 
Seq_Frame0049_DriverToReference-SequenceTransformStatus = OK
Seq_Frame0049_Timestamp = 7.058
Seq_Frame0050_DriverToReference-SequenceTransform =0.245173 0.964657 0.0965737 14.6488 -0.516778 0.214321 -0.828859 334.262 -0.820263 0.153307 0.551059 263.239 0 0 0 1 
Seq_Frame0050_DriverToReference-SequenceTransformStatus = OK
Seq_Frame0050_Timestamp = 7.158
Seq_Frame0051_DriverToReference-SequenceTransform =0.194365 0.974566 0.111549 14.9093 -0.528586 0.199851 -0.825019 336.182 -0.826329 0.101392 0.553986 261.842 0 0 0 1 
Seq_Frame0051_DriverToReference-SequenceTransformStatus = OK
Seq_Frame0051_Timestamp = 7.259
Seq_Frame0052_DriverToReference-SequenceTransform =0.201404 0.972092 0.120305 13.4923 -0.513712 0.209403 -0.832016 332.336 -0.833988 0.105769 0.54155 260.038 0 0 0 1 
Seq_Frame0052_DriverToReference-SequenceTransformStatus = OK
Seq_Frame0052_Timestamp = 7.363
Seq_Frame0053_DriverToReference-SequenceTransform =0.166901 0.975363 0.144261 11.8366 -0.513103 0.210861 -0.832023 330.228 -0.841944 0.064845 0.535654 258.993 0 0 0 1 
Seq_Frame0053_DriverToReference-SequenceTransformStatus = OK
Seq_Frame0053_Timestamp = 7.474
Seq_Frame0054_DriverToReference-SequenceTransform =0.171702 0.969536 0.174693 10.3076 -0.484741 0.237522 -0.841789 332.155 -0.857639 0.0598556 0.510757 257.184 0 0 0 1 
Seq_Frame0054_DriverToReference-SequenceTransformStatus = OK
Seq_Frame0054_Timestamp = 7.576
Seq_Frame0055_DriverToReference-SequenceTransform =0.19094 0.956251 0.221644 8.13751 -0.47395 0.287546 -0.832279 330.699 -0.859601 0.0538674 0.508119 256.034 0 0 0 1 
Seq_Frame0055_DriverToReference-SequenceTransformStatus = OK
Seq_Frame0055_Timestamp = 7.685
Seq_Frame0056_DriverToReference-SequenceTransform =0.227733 0.936341 0.267212 2.71294 -0.435788 0.343414 -0.831959 328.667 -0.870762 0.0730169 0.486253 256.479 0 0 0 1 
Seq_Frame0056_DriverToReference-SequenceTransformStatus = OK
Seq_Frame0056_Timestamp = 7.789
Seq_Frame0057_DriverToReference-SequenceTransform =0.2703 0.920413 0.282451 0.174688 -0.370571 0.37023 -0.851826 327.564 -0.888603 0.125581 0.441151 258.17 0 0 0 1 
Seq_Frame0057_DriverToReference-SequenceTransformStatus = OK
Seq_Frame0057_Timestamp = 7.889
Seq_Frame0058_DriverToReference-SequenceTransform =0.28763 0.902428 0.320769 -1.05518 -0.341011 0.409471 -0.846195 326.554 -0.894975 0.134005 0.425514 258.689 0 0 0 1 
Seq_Frame0058_DriverToReference-SequenceTransformStatus = OK
Seq_Frame0058_Timestamp = 7.998
Seq_Frame0059_DriverToReference-SequenceTransform =-0.879461 -0.283357 -0.382435 0.321443 -0.468205 0.370471 0.802207 327.991 -0.0856302 0.884568 -0.458484 258.891 0 0 0 1 
Seq_Frame0059_DriverToReference-SequenceTransformStatus = OK
Seq_Frame0059_Timestamp = 8.13
Seq_Frame0060_DriverToReference-SequenceTransform =-0.871059 -0.269574 -0.410593 -0.492665 -0.487363 0.370356 0.790767 328.06 -0.0611043 0.888913 -0.453983 256.808 0 0 0 1 
Seq_Frame0060_DriverToReference-SequenceTransformStatus = OK
Seq_Frame0060_Timestamp = 8.242
Seq_Frame0061_DriverToReference-SequenceTransform =-0.855353 -0.281031 -0.435193 -1.54316 -0.513342 0.346855 0.784966 324.564 -0.069651 0.894826 -0.440948 255.995 0 0 0 1 
Seq_Frame0061_DriverToReference-SequenceTransformStatus = OK
Seq_Frame0061_Timestamp = 8.349
Seq_Frame0062_DriverToReference-SequenceTransform =-0.770055 -0.377693 -0.514163 -1.65934 -0.635311 0.380363 0.672089 322.362 -0.0582751 0.844199 -0.532853 254.945 0 0 0 1 
Seq_Frame0062_DriverToReference-SequenceTransformStatus = OK
Seq_Frame0062_Timestamp = 8.461
Seq_Frame0063_DriverToReference-SequenceTransform =-0.424361 -0.550463 -0.718963 -9.35045 -0.905089 0.234136 0.354957 315.336 -0.0270562 0.801355 -0.597576 254.239 0 0 0 1 
Seq_Frame0063_DriverToReference-SequenceTransformStatus = OK
Seq_Frame0063_Timestamp = 8.563
Seq_Frame0064_DriverToReference-SequenceTransform =-0.0308472 -0.574328 -0.818044 -22.1567 -0.985219 0.155441 -0.0719804 309.609 0.168498 0.803732 -0.570634 257.632 0 0 0 1 
Seq_Frame0064_DriverToReference-SequenceTransformStatus = OK
Seq_Frame0064_Timestamp = 8.672
Seq_Frame0065_DriverToReference-SequenceTransform =0.0884619 -0.541006 -0.836353 -28.0156 -0.993148 0.0164704 -0.1157 302.88 0.0763696 0.840858 -0.535842 255.013 0 0 0 1 
Seq_Frame0065_DriverToReference-SequenceTransformStatus = OK
Seq_Frame0065_Timestamp = 8.781
Seq_Frame0066_DriverToReference-SequenceTransform =0.174967 -0.496511 -0.850214 -35.2118 -0.974056 0.038598 -0.222993 301.375 0.143535 0.867172 -0.476876 254.399 0 0 0 1 
Seq_Frame0066_DriverToReference-SequenceTransformStatus = OK
Seq_Frame0066_Timestamp = 8.888
Seq_Frame0067_DriverToReference-SequenceTransform =0.179058 -0.491782 -0.852108 -40.0825 -0.980724 -0.0203559 -0.194337 300.167 0.0782259 0.87048 -0.485948 251.815 0 0 0 1 
Seq_Frame0067_DriverToReference-SequenceTransformStatus = OK
Seq_Frame0067_Timestamp = 8.999
Seq_Frame0068_DriverToReference-SequenceTransform =0.215723 -0.480828 -0.849864 -44.0982 -0.95464 0.0790903 -0.287066 300.217 0.205245 0.873241 -0.441956 255.523 0 0 0 1 
Seq_Frame0068_DriverToReference-SequenceTransformStatus = OK
Seq_Frame0068_Timestamp = 9.101
Seq_Frame0069_DriverToReference-SequenceTransform =0.195857 -0.474516 -0.858181 -43.3091 -0.975918 -0.00860571 -0.217969 298.242 0.0960445 0.880205 -0.464774 251.645 0 0 0 1 
Seq_Frame0069_DriverToReference-SequenceTransformStatus = OK
Seq_Frame0069_Timestamp = 9.208
Seq_Frame0070_DriverToReference-SequenceTransform =0.191916 -0.457346 -0.868333 -44.0137 -0.978032 -0.0157625 -0.207859 298.215 0.0813765 0.889149 -0.450324 250.018 0 0 0 1 
Seq_Frame0070_DriverToReference-SequenceTransformStatus = OK
Seq_Frame0070_Timestamp = 9.317
Seq_Frame0071_DriverToReference-SequenceTransform =0.214196 -0.467223 -0.857801 -46.3339 -0.964496 0.0377294 -0.261389 298.369 0.154491 0.883334 -0.442553 254.08 0 0 0 1 
Seq_Frame0071_DriverToReference-SequenceTransformStatus = OK
Seq_Frame0071_Timestamp = 9.422
Seq_Frame0072_DriverToReference-SequenceTransform =0.21863 -0.450175 -0.865762 -47.2503 -0.962867 0.0444914 -0.266286 297.706 0.158395 0.891831 -0.423732 254.24 0 0 0 1 
Seq_Frame0072_DriverToReference-SequenceTransformStatus = OK
Seq_Frame0072_Timestamp = 9.531
Seq_Frame0073_DriverToReference-SequenceTransform =0.212662 -0.440835 -0.872032 -47.1409 -0.969527 0.0158862 -0.244469 296.781 0.121624 0.897448 -0.424023 255.112 0 0 0 1 
Seq_Frame0073_DriverToReference-SequenceTransformStatus = OK
Seq_Frame0073_Timestamp = 9.636
Seq_Frame0074_DriverToReference-SequenceTransform =-0.462778 -0.505145 -0.728467 -39.2139 -0.857856 0.46231 0.224394 321.572 0.223426 0.728765 -0.647289 251.932 0 0 0 1 
Seq_Frame0074_DriverToReference-SequenceTransformStatus = OK
Seq_Frame0074_Timestamp = 10.172
Seq_Frame0075_DriverToReference-SequenceTransform =-0.434412 -0.477099 -0.763978 -38.9756 -0.848409 0.501574 0.169191 322.668 0.302471 0.721665 -0.622665 253.606 0 0 0 1 
Seq_Frame0075_DriverToReference-SequenceTransformStatus = OK
Seq_Frame0075_Timestamp = 10.28
Seq_Frame0076_DriverToReference-SequenceTransform =-0.434412 -0.477099 -0.763978 -38.9756 -0.848409 0.501574 0.169191 322.668 0.302471 0.721665 -0.622665 253.606 0 0 0 1 
Seq_Frame0076_DriverToReference-SequenceTransformStatus = OK
Seq_Frame0076_Timestamp = 10.384
Seq_Frame0077_DriverToReference-SequenceTransform =-0.434412 -0.477099 -0.763978 -38.9756 -0.848409 0.501574 0.169191 322.668 0.302471 0.721665 -0.622665 253.606 0 0 0 1 
Seq_Frame0077_DriverToReference-SequenceTransformStatus = OK
Seq_Frame0077_Timestamp = 10.494
Seq_Frame0078_DriverToReference-SequenceTransform =-0.434412 -0.477099 -0.763978 -38.9756 -0.848409 0.501574 0.169191 322.668 0.302471 0.721665 -0.622665 253.606 0 0 0 1 
Seq_Frame0078_DriverToReference-SequenceTransformStatus = OK
Seq_Frame0078_Timestamp = 10.599
Seq_Frame0079_DriverToReference-SequenceTransform =-0.434412 -0.477099 -0.763978 -38.9756 -0.848409 0.501574 0.169191 322.668 0.302471 0.721665 -0.622665 253.606 0 0 0 1 
Seq_Frame0079_DriverToReference-SequenceTransformStatus = OK
Seq_Frame0079_Timestamp = 10.705
Seq_Frame0080_DriverToReference-SequenceTransform =-0.434412 -0.477099 -0.763978 -38.9756 -0.848409 0.501574 0.169191 322.668 0.302471 0.721665 -0.622665 253.606 0 0 0 1 
Seq_Frame0080_DriverToReference-SequenceTransformStatus = OK
Seq_Frame0080_Timestamp = 10.814
Seq_Frame0081_DriverToReference-SequenceTransform =-0.434412 -0.477099 -0.763978 -38.9756 -0.848409 0.501574 0.169191 322.668 0.302471 0.721665 -0.622665 253.606 0 0 0 1 
Seq_Frame0081_DriverToReference-SequenceTransformStatus = OK
Seq_Frame0081_Timestamp = 10.916
Seq_Frame0082_DriverToReference-SequenceTransform =-0.434412 -0.477099 -0.763978 -38.9756 -0.848409 0.501574 0.169191 322.668 0.302471 0.721665 -0.622665 253.606 0 0 0 1 
Seq_Frame0082_DriverToReference-SequenceTransformStatus = OK
Seq_Frame0082_Timestamp = 11.026
Seq_Frame0083_DriverToReference-SequenceTransform =-0.434412 -0.477099 -0.763978 -38.9756 -0.848409 0.501574 0.169191 322.668 0.302471 0.721665 -0.622665 253.606 0 0 0 1 
Seq_Frame0083_DriverToReference-SequenceTransformStatus = OK
Seq_Frame0083_Timestamp = 11.131
Seq_Frame0084_DriverToReference-SequenceTransform =-0.434412 -0.477099 -0.763978 -38.9756 -0.848409 0.501574 0.169191 322.668 0.302471 0.721665 -0.622665 253.606 0 0 0 1 
Seq_Frame0084_DriverToReference-SequenceTransformStatus = OK
Seq_Frame0084_Timestamp = 11.241
Seq_Frame0085_DriverToReference-SequenceTransform =-0.434412 -0.477099 -0.763978 -38.9756 -0.848409 0.501574 0.169191 322.668 0.302471 0.721665 -0.622665 253.606 0 0 0 1 
Seq_Frame0085_DriverToReference-SequenceTransformStatus = OK
Seq_Frame0085_Timestamp = 11.348
Seq_Frame0086_DriverToReference-SequenceTransform =-0.45789 -0.391515 -0.798156 -42.7706 -0.847114 0.464512 0.258122 312.666 0.269694 0.79432 -0.544353 249.993 0 0 0 1 
Seq_Frame0086_DriverToReference-SequenceTransformStatus = OK
Seq_Frame0086_Timestamp = 11.458
Seq_Frame0087_DriverToReference-SequenceTransform =-0.45789 -0.391515 -0.798156 -42.7706 -0.847114 0.464512 0.258122 312.666 0.269694 0.79432 -0.544353 249.993 0 0 0 1 
Seq_Frame0087_DriverToReference-SequenceTransformStatus = OK
Seq_Frame0087_Timestamp = 11.562
Seq_Frame0088_DriverToReference-SequenceTransform =-0.45789 -0.391515 -0.798156 -42.7706 -0.847114 0.464512 0.258122 312.666 0.269694 0.79432 -0.544353 249.993 0 0 0 1 
Seq_Frame0088_DriverToReference-SequenceTransformStatus = OK
Seq_Frame0088_Timestamp = 11.677
Seq_Frame0089_DriverToReference-SequenceTransform =-0.45789 -0.391515 -0.798156 -42.7706 -0.847114 0.464512 0.258122 312.666 0.269694 0.79432 -0.544353 249.993 0 0 0 1 
Seq_Frame0089_DriverToReference-SequenceTransformStatus = OK
Seq_Frame0089_Timestamp = 11.778
Seq_Frame0090_DriverToReference-SequenceTransform =-0.45789 -0.391515 -0.798156 -42.7706 -0.847114 0.464512 0.258122 312.666 0.269694 0.79432 -0.544353 249.993 0 0 0 1 
Seq_Frame0090_DriverToReference-SequenceTransformStatus = OK
Seq_Frame0090_Timestamp = 11.887
Seq_Frame0091_DriverToReference-SequenceTransform =-0.45789 -0.391515 -0.798156 -42.7706 -0.847114 0.464512 0.258122 312.666 0.269694 0.79432 -0.544353 249.993 0 0 0 1 
Seq_Frame0091_DriverToReference-SequenceTransformStatus = OK
Seq_Frame0091_Timestamp = 11.995
Seq_Frame0092_DriverToReference-SequenceTransform =-0.45789 -0.391515 -0.798156 -42.7706 -0.847114 0.464512 0.258122 312.666 0.269694 0.79432 -0.544353 249.993 0 0 0 1 
Seq_Frame0092_DriverToReference-SequenceTransformStatus = OK
Seq_Frame0092_Timestamp = 12.105
Seq_Frame0093_DriverToReference-SequenceTransform =-0.45789 -0.391515 -0.798156 -42.7706 -0.847114 0.464512 0.258122 312.666 0.269694 0.79432 -0.544353 249.993 0 0 0 1 
Seq_Frame0093_DriverToReference-SequenceTransformStatus = OK
Seq_Frame0093_Timestamp = 12.212
Seq_Frame0094_DriverToReference-SequenceTransform =-0.45789 -0.391515 -0.798156 -42.7706 -0.847114 0.464512 0.258122 312.666 0.269694 0.79432 -0.544353 249.993 0 0 0 1 
Seq_Frame0094_DriverToReference-SequenceTransformStatus = OK
Seq_Frame0094_Timestamp = 12.317
Seq_Frame0095_DriverToReference-SequenceTransform =-0.45789 -0.391515 -0.798156 -42.7706 -0.847114 0.464512 0.258122 312.666 0.269694 0.79432 -0.544353 249.993 0 0 0 1 
Seq_Frame0095_DriverToReference-SequenceTransformStatus = OK
Seq_Frame0095_Timestamp = 12.425
Seq_Frame0096_DriverToReference-SequenceTransform =-0.45789 -0.391515 -0.798156 -42.7706 -0.847114 0.464512 0.258122 312.666 0.269694 0.79432 -0.544353 249.993 0 0 0 1 
Seq_Frame0096_DriverToReference-SequenceTransformStatus = OK
Seq_Frame0096_Timestamp = 12.532
Seq_Frame0097_DriverToReference-SequenceTransform =-0.45789 -0.391515 -0.798156 -42.7706 -0.847114 0.464512 0.258122 312.666 0.269694 0.79432 -0.544353 249.993 0 0 0 1 
Seq_Frame0097_DriverToReference-SequenceTransformStatus = OK
Seq_Frame0097_Timestamp = 12.64
Seq_Frame0098_DriverToReference-SequenceTransform =-0.45789 -0.391515 -0.798156 -42.7706 -0.847114 0.464512 0.258122 312.666 0.269694 0.79432 -0.544353 249.993 0 0 0 1 
Seq_Frame0098_DriverToReference-SequenceTransformStatus = OK
Seq_Frame0098_Timestamp = 12.748
Seq_Frame0099_DriverToReference-SequenceTransform =-0.45789 -0.391515 -0.798156 -42.7706 -0.847114 0.464512 0.258122 312.666 0.269694 0.79432 -0.544353 249.993 0 0 0 1 
Seq_Frame0099_DriverToReference-SequenceTransformStatus = OK
Seq_Frame0099_Timestamp = 12.856
Seq_Frame0100_DriverToReference-SequenceTransform =-0.45789 -0.391515 -0.798156 -42.7706 -0.847114 0.464512 0.258122 312.666 0.269694 0.79432 -0.544353 249.993 0 0 0 1 
Seq_Frame0100_DriverToReference-SequenceTransformStatus = OK
Seq_Frame0100_Timestamp = 12.964
Seq_Frame0101_DriverToReference-SequenceTransform =-0.45789 -0.391515 -0.798156 -42.7706 -0.847114 0.464512 0.258122 312.666 0.269694 0.79432 -0.544353 249.993 0 0 0 1 
Seq_Frame0101_DriverToReference-SequenceTransformStatus = OK
Seq_Frame0101_Timestamp = 13.071
Seq_Frame0102_DriverToReference-SequenceTransform =-0.45789 -0.391515 -0.798156 -42.7706 -0.847114 0.464512 0.258122 312.666 0.269694 0.79432 -0.544353 249.993 0 0 0 1 
Seq_Frame0102_DriverToReference-SequenceTransformStatus = OK
Seq_Frame0102_Timestamp = 13.18
Seq_Frame0103_DriverToReference-SequenceTransform =-0.45789 -0.391515 -0.798156 -42.7706 -0.847114 0.464512 0.258122 312.666 0.269694 0.79432 -0.544353 249.993 0 0 0 1 
Seq_Frame0103_DriverToReference-SequenceTransformStatus = OK
Seq_Frame0103_Timestamp = 13.285
Seq_Frame0104_DriverToReference-SequenceTransform =-0.45789 -0.391515 -0.798156 -42.7706 -0.847114 0.464512 0.258122 312.666 0.269694 0.79432 -0.544353 249.993 0 0 0 1 
Seq_Frame0104_DriverToReference-SequenceTransformStatus = OK
Seq_Frame0104_Timestamp = 13.392
Seq_Frame0105_DriverToReference-SequenceTransform =-0.45789 -0.391515 -0.798156 -42.7706 -0.847114 0.464512 0.258122 312.666 0.269694 0.79432 -0.544353 249.993 0 0 0 1 
Seq_Frame0105_DriverToReference-SequenceTransformStatus = OK
Seq_Frame0105_Timestamp = 13.497
Seq_Frame0106_DriverToReference-SequenceTransform =-0.45789 -0.391515 -0.798156 -42.7706 -0.847114 0.464512 0.258122 312.666 0.269694 0.79432 -0.544353 249.993 0 0 0 1 
Seq_Frame0106_DriverToReference-SequenceTransformStatus = OK
Seq_Frame0106_Timestamp = 13.604
Seq_Frame0107_DriverToReference-SequenceTransform =-0.45789 -0.391515 -0.798156 -42.7706 -0.847114 0.464512 0.258122 312.666 0.269694 0.79432 -0.544353 249.993 0 0 0 1 
Seq_Frame0107_DriverToReference-SequenceTransformStatus = OK
Seq_Frame0107_Timestamp = 13.71
Seq_Frame0108_DriverToReference-SequenceTransform =-0.45789 -0.391515 -0.798156 -42.7706 -0.847114 0.464512 0.258122 312.666 0.269694 0.79432 -0.544353 249.993 0 0 0 1 
Seq_Frame0108_DriverToReference-SequenceTransformStatus = OK
Seq_Frame0108_Timestamp = 13.817
Seq_Frame0109_DriverToReference-SequenceTransform =-0.45789 -0.391515 -0.798156 -42.7706 -0.847114 0.464512 0.258122 312.666 0.269694 0.79432 -0.544353 249.993 0 0 0 1 
Seq_Frame0109_DriverToReference-SequenceTransformStatus = OK
Seq_Frame0109_Timestamp = 13.927
Seq_Frame0110_DriverToReference-SequenceTransform =-0.45789 -0.391515 -0.798156 -42.7706 -0.847114 0.464512 0.258122 312.666 0.269694 0.79432 -0.544353 249.993 0 0 0 1 
Seq_Frame0110_DriverToReference-SequenceTransformStatus = OK
Seq_Frame0110_Timestamp = 14.033
Seq_Frame0111_DriverToReference-SequenceTransform =-0.45789 -0.391515 -0.798156 -42.7706 -0.847114 0.464512 0.258122 312.666 0.269694 0.79432 -0.544353 249.993 0 0 0 1 
Seq_Frame0111_DriverToReference-SequenceTransformStatus = OK
Seq_Frame0111_Timestamp = 14.146
Seq_Frame0112_DriverToReference-SequenceTransform =-0.45789 -0.391515 -0.798156 -42.7706 -0.847114 0.464512 0.258122 312.666 0.269694 0.79432 -0.544353 249.993 0 0 0 1 
Seq_Frame0112_DriverToReference-SequenceTransformStatus = OK
Seq_Frame0112_Timestamp = 14.249
Seq_Frame0113_DriverToReference-SequenceTransform =-0.45789 -0.391515 -0.798156 -42.7706 -0.847114 0.464512 0.258122 312.666 0.269694 0.79432 -0.544353 249.993 0 0 0 1 
Seq_Frame0113_DriverToReference-SequenceTransformStatus = OK
Seq_Frame0113_Timestamp = 14.362
Seq_Frame0114_DriverToReference-SequenceTransform =-0.45789 -0.391515 -0.798156 -42.7706 -0.847114 0.464512 0.258122 312.666 0.269694 0.79432 -0.544353 249.993 0 0 0 1 
Seq_Frame0114_DriverToReference-SequenceTransformStatus = OK
Seq_Frame0114_Timestamp = 14.473
Seq_Frame0115_DriverToReference-SequenceTransform =-0.45789 -0.391515 -0.798156 -42.7706 -0.847114 0.464512 0.258122 312.666 0.269694 0.79432 -0.544353 249.993 0 0 0 1 
Seq_Frame0115_DriverToReference-SequenceTransformStatus = OK
Seq_Frame0115_Timestamp = 14.58
Seq_Frame0116_DriverToReference-SequenceTransform =-0.45789 -0.391515 -0.798156 -42.7706 -0.847114 0.464512 0.258122 312.666 0.269694 0.79432 -0.544353 249.993 0 0 0 1 
Seq_Frame0116_DriverToReference-SequenceTransformStatus = OK
Seq_Frame0116_Timestamp = 14.687
Seq_Frame0117_DriverToReference-SequenceTransform =-0.45789 -0.391515 -0.798156 -42.7706 -0.847114 0.464512 0.258122 312.666 0.269694 0.79432 -0.544353 249.993 0 0 0 1 
Seq_Frame0117_DriverToReference-SequenceTransformStatus = OK
Seq_Frame0117_Timestamp = 14.791
Seq_Frame0118_DriverToReference-SequenceTransform =-0.45789 -0.391515 -0.798156 -42.7706 -0.847114 0.464512 0.258122 312.666 0.269694 0.79432 -0.544353 249.993 0 0 0 1 
Seq_Frame0118_DriverToReference-SequenceTransformStatus = OK
Seq_Frame0118_Timestamp = 14.901
Seq_Frame0119_DriverToReference-SequenceTransform =-0.45789 -0.391515 -0.798156 -42.7706 -0.847114 0.464512 0.258122 312.666 0.269694 0.79432 -0.544353 249.993 0 0 0 1 
Seq_Frame0119_DriverToReference-SequenceTransformStatus = OK
Seq_Frame0119_Timestamp = 15.005
Seq_Frame0120_DriverToReference-SequenceTransform =-0.45789 -0.391515 -0.798156 -42.7706 -0.847114 0.464512 0.258122 312.666 0.269694 0.79432 -0.544353 249.993 0 0 0 1 
Seq_Frame0120_DriverToReference-SequenceTransformStatus = OK
Seq_Frame0120_Timestamp = 15.11
Seq_Frame0121_DriverToReference-SequenceTransform =-0.45789 -0.391515 -0.798156 -42.7706 -0.847114 0.464512 0.258122 312.666 0.269694 0.79432 -0.544353 249.993 0 0 0 1 
Seq_Frame0121_DriverToReference-SequenceTransformStatus = OK
Seq_Frame0121_Timestamp = 15.217
Seq_Frame0122_DriverToReference-SequenceTransform =-0.45789 -0.391515 -0.798156 -42.7706 -0.847114 0.464512 0.258122 312.666 0.269694 0.79432 -0.544353 249.993 0 0 0 1 
Seq_Frame0122_DriverToReference-SequenceTransformStatus = OK
Seq_Frame0122_Timestamp = 15.324
Seq_Frame0123_DriverToReference-SequenceTransform =-0.45789 -0.391515 -0.798156 -42.7706 -0.847114 0.464512 0.258122 312.666 0.269694 0.79432 -0.544353 249.993 0 0 0 1 
Seq_Frame0123_DriverToReference-SequenceTransformStatus = OK
Seq_Frame0123_Timestamp = 15.432
Seq_Frame0124_DriverToReference-SequenceTransform =-0.45789 -0.391515 -0.798156 -42.7706 -0.847114 0.464512 0.258122 312.666 0.269694 0.79432 -0.544353 249.993 0 0 0 1 
Seq_Frame0124_DriverToReference-SequenceTransformStatus = OK
Seq_Frame0124_Timestamp = 15.537
Seq_Frame0125_DriverToReference-SequenceTransform =-0.45789 -0.391515 -0.798156 -42.7706 -0.847114 0.464512 0.258122 312.666 0.269694 0.79432 -0.544353 249.993 0 0 0 1 
Seq_Frame0125_DriverToReference-SequenceTransformStatus = OK
Seq_Frame0125_Timestamp = 15.645
Seq_Frame0126_DriverToReference-SequenceTransform =-0.45789 -0.391515 -0.798156 -42.7706 -0.847114 0.464512 0.258122 312.666 0.269694 0.79432 -0.544353 249.993 0 0 0 1 
Seq_Frame0126_DriverToReference-SequenceTransformStatus = OK
Seq_Frame0126_Timestamp = 15.75
Seq_Frame0127_DriverToReference-SequenceTransform =-0.45789 -0.391515 -0.798156 -42.7706 -0.847114 0.464512 0.258122 312.666 0.269694 0.79432 -0.544353 249.993 0 0 0 1 
Seq_Frame0127_DriverToReference-SequenceTransformStatus = OK
Seq_Frame0127_Timestamp = 15.864
Seq_Frame0128_DriverToReference-SequenceTransform =-0.45789 -0.391515 -0.798156 -42.7706 -0.847114 0.464512 0.258122 312.666 0.269694 0.79432 -0.544353 249.993 0 0 0 1 
Seq_Frame0128_DriverToReference-SequenceTransformStatus = OK
Seq_Frame0128_Timestamp = 15.969
Seq_Frame0129_DriverToReference-SequenceTransform =-0.45789 -0.391515 -0.798156 -42.7706 -0.847114 0.464512 0.258122 312.666 0.269694 0.79432 -0.544353 249.993 0 0 0 1 
Seq_Frame0129_DriverToReference-SequenceTransformStatus = OK
Seq_Frame0129_Timestamp = 16.079
Seq_Frame0130_DriverToReference-SequenceTransform =-0.45789 -0.391515 -0.798156 -42.7706 -0.847114 0.464512 0.258122 312.666 0.269694 0.79432 -0.544353 249.993 0 0 0 1 
Seq_Frame0130_DriverToReference-SequenceTransformStatus = OK
Seq_Frame0130_Timestamp = 16.183
Seq_Frame0131_DriverToReference-SequenceTransform =-0.45789 -0.391515 -0.798156 -42.7706 -0.847114 0.464512 0.258122 312.666 0.269694 0.79432 -0.544353 249.993 0 0 0 1 
Seq_Frame0131_DriverToReference-SequenceTransformStatus = OK
Seq_Frame0131_Timestamp = 16.296
Seq_Frame0132_DriverToReference-SequenceTransform =-0.45789 -0.391515 -0.798156 -42.7706 -0.847114 0.464512 0.258122 312.666 0.269694 0.79432 -0.544353 249.993 0 0 0 1 
Seq_Frame0132_DriverToReference-SequenceTransformStatus = OK
Seq_Frame0132_Timestamp = 16.4
Seq_Frame0133_DriverToReference-SequenceTransform =-0.45789 -0.391515 -0.798156 -42.7706 -0.847114 0.464512 0.258122 312.666 0.269694 0.79432 -0.544353 249.993 0 0 0 1 
Seq_Frame0133_DriverToReference-SequenceTransformStatus = OK
Seq_Frame0133_Timestamp = 16.514
Seq_Frame0134_DriverToReference-SequenceTransform =-0.45789 -0.391515 -0.798156 -42.7706 -0.847114 0.464512 0.258122 312.666 0.269694 0.79432 -0.544353 249.993 0 0 0 1 
Seq_Frame0134_DriverToReference-SequenceTransformStatus = OK
Seq_Frame0134_Timestamp = 16.62
Seq_Frame0135_DriverToReference-SequenceTransform =-0.45789 -0.391515 -0.798156 -42.7706 -0.847114 0.464512 0.258122 312.666 0.269694 0.79432 -0.544353 249.993 0 0 0 1 
Seq_Frame0135_DriverToReference-SequenceTransformStatus = OK
Seq_Frame0135_Timestamp = 16.73
Seq_Frame0136_DriverToReference-SequenceTransform =-0.45789 -0.391515 -0.798156 -42.7706 -0.847114 0.464512 0.258122 312.666 0.269694 0.79432 -0.544353 249.993 0 0 0 1 
Seq_Frame0136_DriverToReference-SequenceTransformStatus = OK
Seq_Frame0136_Timestamp = 16.835
Seq_Frame0137_DriverToReference-SequenceTransform =-0.45789 -0.391515 -0.798156 -42.7706 -0.847114 0.464512 0.258122 312.666 0.269694 0.79432 -0.544353 249.993 0 0 0 1 
Seq_Frame0137_DriverToReference-SequenceTransformStatus = OK
Seq_Frame0137_Timestamp = 16.948
Seq_Frame0138_DriverToReference-SequenceTransform =-0.45789 -0.391515 -0.798156 -42.7706 -0.847114 0.464512 0.258122 312.666 0.269694 0.79432 -0.544353 249.993 0 0 0 1 
Seq_Frame0138_DriverToReference-SequenceTransformStatus = OK
Seq_Frame0138_Timestamp = 17.08
Seq_Frame0139_DriverToReference-SequenceTransform =-0.45789 -0.391515 -0.798156 -42.7706 -0.847114 0.464512 0.258122 312.666 0.269694 0.79432 -0.544353 249.993 0 0 0 1 
Seq_Frame0139_DriverToReference-SequenceTransformStatus = OK
Seq_Frame0139_Timestamp = 17.356
Seq_Frame0140_DriverToReference-SequenceTransform =-0.45789 -0.391515 -0.798156 -42.7706 -0.847114 0.464512 0.258122 312.666 0.269694 0.79432 -0.544353 249.993 0 0 0 1 
Seq_Frame0140_DriverToReference-SequenceTransformStatus = OK
Seq_Frame0140_Timestamp = 17.464
Seq_Frame0141_DriverToReference-SequenceTransform =-0.45789 -0.391515 -0.798156 -42.7706 -0.847114 0.464512 0.258122 312.666 0.269694 0.79432 -0.544353 249.993 0 0 0 1 
Seq_Frame0141_DriverToReference-SequenceTransformStatus = OK
Seq_Frame0141_Timestamp = 17.575
Seq_Frame0142_DriverToReference-SequenceTransform =-0.45789 -0.391515 -0.798156 -42.7706 -0.847114 0.464512 0.258122 312.666 0.269694 0.79432 -0.544353 249.993 0 0 0 1 
Seq_Frame0142_DriverToReference-SequenceTransformStatus = OK
Seq_Frame0142_Timestamp = 17.677
Seq_Frame0143_DriverToReference-SequenceTransform =-0.45789 -0.391515 -0.798156 -42.7706 -0.847114 0.464512 0.258122 312.666 0.269694 0.79432 -0.544353 249.993 0 0 0 1 
Seq_Frame0143_DriverToReference-SequenceTransformStatus = OK
Seq_Frame0143_Timestamp = 17.784
Seq_Frame0144_DriverToReference-SequenceTransform =-0.45789 -0.391515 -0.798156 -42.7706 -0.847114 0.464512 0.258122 312.666 0.269694 0.79432 -0.544353 249.993 0 0 0 1 
Seq_Frame0144_DriverToReference-SequenceTransformStatus = OK
Seq_Frame0144_Timestamp = 18.378
Seq_Frame0145_DriverToReference-SequenceTransform =-0.45789 -0.391515 -0.798156 -42.7706 -0.847114 0.464512 0.258122 312.666 0.269694 0.79432 -0.544353 249.993 0 0 0 1 
Seq_Frame0145_DriverToReference-SequenceTransformStatus = OK
Seq_Frame0145_Timestamp = 18.485
Seq_Frame0146_DriverToReference-SequenceTransform =-0.45789 -0.391515 -0.798156 -42.7706 -0.847114 0.464512 0.258122 312.666 0.269694 0.79432 -0.544353 249.993 0 0 0 1 
Seq_Frame0146_DriverToReference-SequenceTransformStatus = OK
Seq_Frame0146_Timestamp = 18.593
Seq_Frame0147_DriverToReference-SequenceTransform =-0.45789 -0.391515 -0.798156 -42.7706 -0.847114 0.464512 0.258122 312.666 0.269694 0.79432 -0.544353 249.993 0 0 0 1 
Seq_Frame0147_DriverToReference-SequenceTransformStatus = OK
Seq_Frame0147_Timestamp = 18.698
Seq_Frame0148_DriverToReference-SequenceTransform =-0.45789 -0.391515 -0.798156 -42.7706 -0.847114 0.464512 0.258122 312.666 0.269694 0.79432 -0.544353 249.993 0 0 0 1 
Seq_Frame0148_DriverToReference-SequenceTransformStatus = OK
Seq_Frame0148_Timestamp = 18.808
Seq_Frame0149_DriverToReference-SequenceTransform =-0.45789 -0.391515 -0.798156 -42.7706 -0.847114 0.464512 0.258122 312.666 0.269694 0.79432 -0.544353 249.993 0 0 0 1 
Seq_Frame0149_DriverToReference-SequenceTransformStatus = OK
Seq_Frame0149_Timestamp = 18.914
Seq_Frame0150_DriverToReference-SequenceTransform =-0.45789 -0.391515 -0.798156 -42.7706 -0.847114 0.464512 0.258122 312.666 0.269694 0.79432 -0.544353 249.993 0 0 0 1 
Seq_Frame0150_DriverToReference-SequenceTransformStatus = OK
Seq_Frame0150_Timestamp = 19.027
