ObjectType = Image
NDims = 3
AnatomicalOrientation = RAI
BinaryData = True
CompressedData = False
DimSize = 0 0 1285
ElementSpacing = 1 1 1
Offset = 0 0 0
TransformMatrix = 1 0 0 0 1 0 0 0 1
ElementType = MET_UCHAR
Kinds = domain domain list
Seq_Frame0000_ForcepToReference-SequenceTransform =0.150736 -0.877475 -0.455319 -9.209 0.0743266 0.469338 -0.879885 114.995 0.985776 0.0987881 0.135966 166.534 0 0 0 1 
Seq_Frame0000_ForcepToReference-SequenceTransformStatus = OK
Seq_Frame0000_Timestamp = 0.00199986
Seq_Frame0001_ForcepToReference-SequenceTransform =0.15117 -0.877348 -0.45542 -9.24392 0.0747759 0.469544 -0.879737 115.048 0.985675 0.0989356 0.136586 166.521 0 0 0 1 
Seq_Frame0001_ForcepToReference-SequenceTransformStatus = OK
Seq_Frame0001_Timestamp = 0.118
Seq_Frame0002_ForcepToReference-SequenceTransform =0.152155 -0.87716 -0.455454 -9.23105 0.0767367 0.469913 -0.879371 115.022 0.985373 0.0988511 0.13881 166.549 0 0 0 1 
Seq_Frame0002_ForcepToReference-SequenceTransformStatus = OK
Seq_Frame0002_Timestamp = 0.226
Seq_Frame0003_ForcepToReference-SequenceTransform =0.15107 -0.87719 -0.455759 -9.27074 0.0747773 0.46987 -0.879563 114.982 0.985691 0.0987952 0.136577 166.595 0 0 0 1 
Seq_Frame0003_ForcepToReference-SequenceTransformStatus = OK
Seq_Frame0003_Timestamp = 0.332
Seq_Frame0004_ForcepToReference-SequenceTransform =0.150155 -0.877466 -0.45553 -9.2509 0.0734081 0.469377 -0.879941 115 0.985933 0.0986876 0.134892 166.561 0 0 0 1 
Seq_Frame0004_ForcepToReference-SequenceTransformStatus = OK
Seq_Frame0004_Timestamp = 0.44
Seq_Frame0005_ForcepToReference-SequenceTransform =0.150968 -0.877422 -0.455345 -9.25321 0.0742142 0.469385 -0.879869 114.989 0.985749 0.0990393 0.135979 166.567 0 0 0 1 
Seq_Frame0005_ForcepToReference-SequenceTransformStatus = OK
Seq_Frame0005_Timestamp = 0.543
Seq_Frame0006_ForcepToReference-SequenceTransform =0.15076 -0.87751 -0.455244 -9.2361 0.0740495 0.469237 -0.879962 115.042 0.985793 0.0989528 0.135722 166.539 0 0 0 1 
Seq_Frame0006_ForcepToReference-SequenceTransformStatus = OK
Seq_Frame0006_Timestamp = 0.65
Seq_Frame0007_ForcepToReference-SequenceTransform =0.149812 -0.877337 -0.455891 -9.26309 0.0756274 0.469912 -0.879468 115.016 0.985818 0.0972767 0.136749 166.569 0 0 0 1 
Seq_Frame0007_ForcepToReference-SequenceTransformStatus = OK
Seq_Frame0007_Timestamp = 0.76
Seq_Frame0008_ForcepToReference-SequenceTransform =0.152042 -0.877101 -0.455607 -9.25962 0.0761692 0.469993 -0.879377 114.983 0.985435 0.0989987 0.138267 166.585 0 0 0 1 
Seq_Frame0008_ForcepToReference-SequenceTransformStatus = OK
Seq_Frame0008_Timestamp = 0.865
Seq_Frame0009_ForcepToReference-SequenceTransform =0.15027 -0.877536 -0.455356 -9.25217 0.0744887 0.469326 -0.879877 115.044 0.985835 0.0983002 0.135892 166.591 0 0 0 1 
Seq_Frame0009_ForcepToReference-SequenceTransformStatus = OK
Seq_Frame0009_Timestamp = 0.972
Seq_Frame0010_ForcepToReference-SequenceTransform =0.150747 -0.87726 -0.45573 -9.21604 0.0748961 0.469808 -0.879586 114.986 0.985731 0.0984624 0.136526 166.601 0 0 0 1 
Seq_Frame0010_ForcepToReference-SequenceTransformStatus = OK
Seq_Frame0010_Timestamp = 1.082
Seq_Frame0011_ForcepToReference-SequenceTransform =0.15201 -0.877376 -0.455088 -9.21475 0.0745112 0.469301 -0.879889 115.008 0.985566 0.0998428 0.136713 166.601 0 0 0 1 
Seq_Frame0011_ForcepToReference-SequenceTransformStatus = OK
Seq_Frame0011_Timestamp = 1.189
Seq_Frame0012_ForcepToReference-SequenceTransform =0.149757 -0.877461 -0.45567 -9.21356 0.0741407 0.469535 -0.879795 115.013 0.985939 0.0979716 0.135372 166.602 0 0 0 1 
Seq_Frame0012_ForcepToReference-SequenceTransformStatus = OK
Seq_Frame0012_Timestamp = 1.3
Seq_Frame0013_ForcepToReference-SequenceTransform =0.152431 -0.877374 -0.454951 -9.18354 0.0757383 0.469347 -0.87976 115.006 0.985408 0.0996457 0.137994 166.62 0 0 0 1 
Seq_Frame0013_ForcepToReference-SequenceTransformStatus = OK
Seq_Frame0013_Timestamp = 1.407
Seq_Frame0014_ForcepToReference-SequenceTransform =0.152393 -0.877234 -0.455233 -9.19576 0.0746417 0.469513 -0.879765 114.928 0.985497 0.10009 0.137029 166.652 0 0 0 1 
Seq_Frame0014_ForcepToReference-SequenceTransformStatus = OK
Seq_Frame0014_Timestamp = 1.512
Seq_Frame0015_ForcepToReference-SequenceTransform =0.150827 -0.877413 -0.45541 -9.21821 0.0740478 0.469413 -0.879868 114.966 0.985783 0.0989854 0.13577 166.623 0 0 0 1 
Seq_Frame0015_ForcepToReference-SequenceTransformStatus = OK
Seq_Frame0015_Timestamp = 1.612
Seq_Frame0016_ForcepToReference-SequenceTransform =0.141928 -0.876809 -0.459415 -9.23728 0.0770379 0.472489 -0.877963 114.79 0.986875 0.0892148 0.134607 167.018 0 0 0 1 
Seq_Frame0016_ForcepToReference-SequenceTransformStatus = OK
Seq_Frame0016_Timestamp = 1.72
Seq_Frame0017_ForcepToReference-SequenceTransform =0.150993 -0.87735 -0.455475 -9.1799 0.0731444 0.46941 -0.879945 114.865 0.985825 0.0995498 0.135051 166.697 0 0 0 1 
Seq_Frame0017_ForcepToReference-SequenceTransformStatus = OK
Seq_Frame0017_Timestamp = 1.835
Seq_Frame0018_ForcepToReference-SequenceTransform =0.150863 -0.877266 -0.45568 -9.17339 0.0748665 0.469771 -0.879608 114.943 0.985716 0.0985848 0.136549 166.623 0 0 0 1 
Seq_Frame0018_ForcepToReference-SequenceTransformStatus = OK
Seq_Frame0018_Timestamp = 1.938
Seq_Frame0019_ForcepToReference-SequenceTransform =0.15074 -0.877325 -0.455607 -9.18827 0.0737897 0.469573 -0.879804 114.91 0.985816 0.0990025 0.135521 166.69 0 0 0 1 
Seq_Frame0019_ForcepToReference-SequenceTransformStatus = OK
Seq_Frame0019_Timestamp = 2.051
Seq_Frame0020_ForcepToReference-SequenceTransform =0.149835 -0.877328 -0.455901 -9.29532 0.0758635 0.469949 -0.879428 115.031 0.985796 0.0971826 0.136972 166.563 0 0 0 1 
Seq_Frame0020_ForcepToReference-SequenceTransformStatus = OK
Seq_Frame0020_Timestamp = 2.151
Seq_Frame0021_ForcepToReference-SequenceTransform =0.150089 -0.877543 -0.455403 -9.31456 0.0753298 0.469432 -0.87975 115.175 0.985798 0.0977356 0.136562 166.426 0 0 0 1 
Seq_Frame0021_ForcepToReference-SequenceTransformStatus = OK
Seq_Frame0021_Timestamp = 2.26
Seq_Frame0022_ForcepToReference-SequenceTransform =0.15117 -0.877509 -0.455111 -9.29301 0.0746911 0.469226 -0.879914 115.116 0.985682 0.0990237 0.136475 166.485 0 0 0 1 
Seq_Frame0022_ForcepToReference-SequenceTransformStatus = OK
Seq_Frame0022_Timestamp = 2.366
Seq_Frame0023_ForcepToReference-SequenceTransform =0.150852 -0.877494 -0.455244 -9.27239 0.073727 0.469218 -0.879999 115.006 0.985803 0.0991854 0.135477 166.585 0 0 0 1 
Seq_Frame0023_ForcepToReference-SequenceTransformStatus = OK
Seq_Frame0023_Timestamp = 2.478
Seq_Frame0024_ForcepToReference-SequenceTransform =0.150433 -0.877432 -0.455502 -9.27517 0.0751176 0.469558 -0.8797 115.051 0.985762 0.0981199 0.136548 166.473 0 0 0 1 
Seq_Frame0024_ForcepToReference-SequenceTransformStatus = OK
Seq_Frame0024_Timestamp = 2.588
Seq_Frame0025_ForcepToReference-SequenceTransform =0.150504 -0.877488 -0.455371 -9.25557 0.0742376 0.469349 -0.879887 115.036 0.985818 0.0986208 0.135781 166.556 0 0 0 1 
Seq_Frame0025_ForcepToReference-SequenceTransformStatus = OK
Seq_Frame0025_Timestamp = 2.701
Seq_Frame0026_ForcepToReference-SequenceTransform =0.151322 -0.877451 -0.455171 -9.2421 0.0752143 0.46936 -0.879798 115.075 0.985619 0.0988977 0.137022 166.515 0 0 0 1 
Seq_Frame0026_ForcepToReference-SequenceTransformStatus = OK
Seq_Frame0026_Timestamp = 2.807
Seq_Frame0027_ForcepToReference-SequenceTransform =0.151351 -0.87768 -0.454721 -9.24367 0.0730967 0.468698 -0.880329 115.056 0.985774 0.1 0.135094 166.598 0 0 0 1 
Seq_Frame0027_ForcepToReference-SequenceTransformStatus = OK
Seq_Frame0027_Timestamp = 2.917
Seq_Frame0028_ForcepToReference-SequenceTransform =0.151107 -0.877679 -0.454804 -9.24886 0.0749186 0.468932 -0.880051 115.212 0.985674 0.0989088 0.136613 166.428 0 0 0 1 
Seq_Frame0028_ForcepToReference-SequenceTransformStatus = OK
Seq_Frame0028_Timestamp = 3.026
Seq_Frame0029_ForcepToReference-SequenceTransform =0.151612 -0.877472 -0.455035 -9.20451 0.0778685 0.469529 -0.879477 115.235 0.985368 0.0979066 0.139514 166.526 0 0 0 1 
Seq_Frame0029_ForcepToReference-SequenceTransformStatus = OK
Seq_Frame0029_Timestamp = 3.131
Seq_Frame0030_ForcepToReference-SequenceTransform =0.152574 -0.877432 -0.454791 -9.15997 0.0770846 0.469342 -0.879645 115.175 0.985281 0.0991534 0.139246 166.576 0 0 0 1 
Seq_Frame0030_ForcepToReference-SequenceTransformStatus = OK
Seq_Frame0030_Timestamp = 3.231
Seq_Frame0031_ForcepToReference-SequenceTransform =0.151618 -0.877643 -0.454703 -9.21021 0.0767764 0.469089 -0.879808 115.262 0.985453 0.0984843 0.138505 166.409 0 0 0 1 
Seq_Frame0031_ForcepToReference-SequenceTransformStatus = OK
Seq_Frame0031_Timestamp = 3.335
Seq_Frame0032_ForcepToReference-SequenceTransform =0.139626 -0.879398 -0.455152 -9.69346 0.114399 0.470903 -0.874736 115.305 0.983574 0.0700671 0.166352 165.955 0 0 0 1 
Seq_Frame0032_ForcepToReference-SequenceTransformStatus = OK
Seq_Frame0032_Timestamp = 3.441
Seq_Frame0033_ForcepToReference-SequenceTransform =0.139626 -0.879398 -0.455152 -9.69346 0.114399 0.470903 -0.874736 115.305 0.983574 0.0700671 0.166352 165.955 0 0 0 1 
Seq_Frame0033_ForcepToReference-SequenceTransformStatus = OK
Seq_Frame0033_Timestamp = 3.556
Seq_Frame0034_ForcepToReference-SequenceTransform =0.139626 -0.879398 -0.455152 -9.69346 0.114399 0.470903 -0.874736 115.305 0.983574 0.0700671 0.166352 165.955 0 0 0 1 
Seq_Frame0034_ForcepToReference-SequenceTransformStatus = OK
Seq_Frame0034_Timestamp = 3.66
Seq_Frame0035_ForcepToReference-SequenceTransform =0.139626 -0.879398 -0.455152 -9.69346 0.114399 0.470903 -0.874736 115.305 0.983574 0.0700671 0.166352 165.955 0 0 0 1 
Seq_Frame0035_ForcepToReference-SequenceTransformStatus = OK
Seq_Frame0035_Timestamp = 3.762
Seq_Frame0036_ForcepToReference-SequenceTransform =0.139626 -0.879398 -0.455152 -9.69346 0.114399 0.470903 -0.874736 115.305 0.983574 0.0700671 0.166352 165.955 0 0 0 1 
Seq_Frame0036_ForcepToReference-SequenceTransformStatus = OK
Seq_Frame0036_Timestamp = 3.862
Seq_Frame0037_ForcepToReference-SequenceTransform =0.139626 -0.879398 -0.455152 -9.69346 0.114399 0.470903 -0.874736 115.305 0.983574 0.0700671 0.166352 165.955 0 0 0 1 
Seq_Frame0037_ForcepToReference-SequenceTransformStatus = OK
Seq_Frame0037_Timestamp = 3.968
Seq_Frame0038_ForcepToReference-SequenceTransform =0.139626 -0.879398 -0.455152 -9.69346 0.114399 0.470903 -0.874736 115.305 0.983574 0.0700671 0.166352 165.955 0 0 0 1 
Seq_Frame0038_ForcepToReference-SequenceTransformStatus = OK
Seq_Frame0038_Timestamp = 4.086
Seq_Frame0039_ForcepToReference-SequenceTransform =0.654223 0.306172 0.691558 16.0861 0.751398 -0.159171 -0.640363 175.984 -0.0859852 0.938575 -0.33419 150.053 0 0 0 1 
Seq_Frame0039_ForcepToReference-SequenceTransformStatus = OK
Seq_Frame0039_Timestamp = 4.19
Seq_Frame0040_ForcepToReference-SequenceTransform =0.364767 0.435779 0.822826 -8.75614 0.314855 0.773925 -0.549459 263.536 -0.876248 0.459495 0.145095 74.8657 0 0 0 1 
Seq_Frame0040_ForcepToReference-SequenceTransformStatus = OK
Seq_Frame0040_Timestamp = 4.295
Seq_Frame0041_ForcepToReference-SequenceTransform =0.135893 0.0956755 0.986093 53.1141 0.399189 0.905667 -0.142884 273.518 -0.906742 0.413054 0.084881 198.894 0 0 0 1 
Seq_Frame0041_ForcepToReference-SequenceTransformStatus = OK
Seq_Frame0041_Timestamp = 5.285
Seq_Frame0042_ForcepToReference-SequenceTransform =-0.444635 -0.315702 -0.838231 55.1982 0.885738 -0.0157063 -0.463919 275.442 0.133295 -0.948728 0.286613 193.384 0 0 0 1 
Seq_Frame0042_ForcepToReference-SequenceTransformStatus = OK
Seq_Frame0042_Timestamp = 5.385
Seq_Frame0043_ForcepToReference-SequenceTransform =-0.498813 -0.383128 -0.777431 52.9742 0.832351 0.0382966 -0.552924 277.398 0.241613 -0.922901 0.299794 195.141 0 0 0 1 
Seq_Frame0043_ForcepToReference-SequenceTransformStatus = OK
Seq_Frame0043_Timestamp = 6.185
Seq_Frame0044_ForcepToReference-SequenceTransform =-0.498813 -0.383128 -0.777431 52.9742 0.832351 0.0382966 -0.552924 277.398 0.241613 -0.922901 0.299794 195.141 0 0 0 1 
Seq_Frame0044_ForcepToReference-SequenceTransformStatus = OK
Seq_Frame0044_Timestamp = 6.293
Seq_Frame0045_ForcepToReference-SequenceTransform =-0.498813 -0.383128 -0.777431 52.9742 0.832351 0.0382966 -0.552924 277.398 0.241613 -0.922901 0.299794 195.141 0 0 0 1 
Seq_Frame0045_ForcepToReference-SequenceTransformStatus = OK
Seq_Frame0045_Timestamp = 6.409
Seq_Frame0046_ForcepToReference-SequenceTransform =0.407199 -0.304913 0.86094 25.331 -0.154465 0.906059 0.39395 287.787 -0.900183 -0.293401 0.321848 104.302 0 0 0 1 
Seq_Frame0046_ForcepToReference-SequenceTransformStatus = OK
Seq_Frame0046_Timestamp = 6.596
Seq_Frame0047_ForcepToReference-SequenceTransform =-0.75107 0.172056 -0.637409 -13.3979 0.180982 -0.87481 -0.449391 252.637 -0.634932 -0.452884 0.625905 82.7441 0 0 0 1 
Seq_Frame0047_ForcepToReference-SequenceTransformStatus = OK
Seq_Frame0047_Timestamp = 6.844
Seq_Frame0048_ForcepToReference-SequenceTransform =-0.758138 0.180309 -0.62667 -20.8718 0.10094 -0.916979 -0.385955 241.946 -0.644234 -0.355863 0.676996 79.8095 0 0 0 1 
Seq_Frame0048_ForcepToReference-SequenceTransformStatus = OK
Seq_Frame0048_Timestamp = 6.953
Seq_Frame0049_ForcepToReference-SequenceTransform =-0.752668 0.191606 -0.629903 -21.5075 0.07025 -0.927885 -0.366189 237.995 -0.654641 -0.31987 0.684929 79.7835 0 0 0 1 
Seq_Frame0049_ForcepToReference-SequenceTransformStatus = OK
Seq_Frame0049_Timestamp = 7.058
Seq_Frame0050_ForcepToReference-SequenceTransform =-0.752668 0.191606 -0.629903 -21.5075 0.07025 -0.927885 -0.366189 237.995 -0.654641 -0.31987 0.684929 79.7835 0 0 0 1 
Seq_Frame0050_ForcepToReference-SequenceTransformStatus = OK
Seq_Frame0050_Timestamp = 7.158
Seq_Frame0051_ForcepToReference-SequenceTransform =-0.752668 0.191606 -0.629903 -21.5075 0.07025 -0.927885 -0.366189 237.995 -0.654641 -0.31987 0.684929 79.7835 0 0 0 1 
Seq_Frame0051_ForcepToReference-SequenceTransformStatus = OK
Seq_Frame0051_Timestamp = 7.259
Seq_Frame0052_ForcepToReference-SequenceTransform =-0.752668 0.191606 -0.629903 -21.5075 0.07025 -0.927885 -0.366189 237.995 -0.654641 -0.31987 0.684929 79.7835 0 0 0 1 
Seq_Frame0052_ForcepToReference-SequenceTransformStatus = OK
Seq_Frame0052_Timestamp = 7.363
Seq_Frame0053_ForcepToReference-SequenceTransform =-0.752668 0.191606 -0.629903 -21.5075 0.07025 -0.927885 -0.366189 237.995 -0.654641 -0.31987 0.684929 79.7835 0 0 0 1 
Seq_Frame0053_ForcepToReference-SequenceTransformStatus = OK
Seq_Frame0053_Timestamp = 7.474
Seq_Frame0054_ForcepToReference-SequenceTransform =-0.752668 0.191606 -0.629903 -21.5075 0.07025 -0.927885 -0.366189 237.995 -0.654641 -0.31987 0.684929 79.7835 0 0 0 1 
Seq_Frame0054_ForcepToReference-SequenceTransformStatus = OK
Seq_Frame0054_Timestamp = 7.576
Seq_Frame0055_ForcepToReference-SequenceTransform =-0.752668 0.191606 -0.629903 -21.5075 0.07025 -0.927885 -0.366189 237.995 -0.654641 -0.31987 0.684929 79.7835 0 0 0 1 
Seq_Frame0055_ForcepToReference-SequenceTransformStatus = OK
Seq_Frame0055_Timestamp = 7.685
Seq_Frame0056_ForcepToReference-SequenceTransform =-0.752668 0.191606 -0.629903 -21.5075 0.07025 -0.927885 -0.366189 237.995 -0.654641 -0.31987 0.684929 79.7835 0 0 0 1 
Seq_Frame0056_ForcepToReference-SequenceTransformStatus = OK
Seq_Frame0056_Timestamp = 7.789
Seq_Frame0057_ForcepToReference-SequenceTransform =-0.752668 0.191606 -0.629903 -21.5075 0.07025 -0.927885 -0.366189 237.995 -0.654641 -0.31987 0.684929 79.7835 0 0 0 1 
Seq_Frame0057_ForcepToReference-SequenceTransformStatus = OK
Seq_Frame0057_Timestamp = 7.889
Seq_Frame0058_ForcepToReference-SequenceTransform =-0.752668 0.191606 -0.629903 -21.5075 0.07025 -0.927885 -0.366189 237.995 -0.654641 -0.31987 0.684929 79.7835 0 0 0 1 
Seq_Frame0058_ForcepToReference-SequenceTransformStatus = OK
Seq_Frame0058_Timestamp = 7.998
Seq_Frame0059_ForcepToReference-SequenceTransform =-0.752668 0.191606 -0.629903 -21.5075 0.07025 -0.927885 -0.366189 237.995 -0.654641 -0.31987 0.684929 79.7835 0 0 0 1 
Seq_Frame0059_ForcepToReference-SequenceTransformStatus = OK
Seq_Frame0059_Timestamp = 8.13
Seq_Frame0060_ForcepToReference-SequenceTransform =-0.752668 0.191606 -0.629903 -21.5075 0.07025 -0.927885 -0.366189 237.995 -0.654641 -0.31987 0.684929 79.7835 0 0 0 1 
Seq_Frame0060_ForcepToReference-SequenceTransformStatus = OK
Seq_Frame0060_Timestamp = 8.242
Seq_Frame0061_ForcepToReference-SequenceTransform =-0.752668 0.191606 -0.629903 -21.5075 0.07025 -0.927885 -0.366189 237.995 -0.654641 -0.31987 0.684929 79.7835 0 0 0 1 
Seq_Frame0061_ForcepToReference-SequenceTransformStatus = OK
Seq_Frame0061_Timestamp = 8.349
Seq_Frame0062_ForcepToReference-SequenceTransform =0.207354 -0.212593 0.954887 -60.2386 -0.703573 0.645785 0.296557 237.781 -0.679698 -0.733325 -0.0156686 75.3871 0 0 0 1 
Seq_Frame0062_ForcepToReference-SequenceTransformStatus = OK
Seq_Frame0062_Timestamp = 8.461
Seq_Frame0063_ForcepToReference-SequenceTransform =0.192012 -0.102569 0.976018 -61.6152 -0.668403 0.714535 0.206585 241.586 -0.718588 -0.69204 0.0686421 79.7978 0 0 0 1 
Seq_Frame0063_ForcepToReference-SequenceTransformStatus = OK
Seq_Frame0063_Timestamp = 8.563
Seq_Frame0064_ForcepToReference-SequenceTransform =0.192012 -0.102569 0.976018 -61.6152 -0.668403 0.714535 0.206585 241.586 -0.718588 -0.69204 0.0686421 79.7978 0 0 0 1 
Seq_Frame0064_ForcepToReference-SequenceTransformStatus = OK
Seq_Frame0064_Timestamp = 8.672
Seq_Frame0065_ForcepToReference-SequenceTransform =0.192012 -0.102569 0.976018 -61.6152 -0.668403 0.714535 0.206585 241.586 -0.718588 -0.69204 0.0686421 79.7978 0 0 0 1 
Seq_Frame0065_ForcepToReference-SequenceTransformStatus = OK
Seq_Frame0065_Timestamp = 8.781
Seq_Frame0066_ForcepToReference-SequenceTransform =-0.419964 0.322384 0.84835 -74.49 -0.890338 0.0347879 -0.453969 211.493 -0.175865 -0.94597 0.272421 98.4215 0 0 0 1 
Seq_Frame0066_ForcepToReference-SequenceTransformStatus = OK
Seq_Frame0066_Timestamp = 8.888
Seq_Frame0067_ForcepToReference-SequenceTransform =-0.397728 0.325401 0.857862 -72.9698 -0.901549 0.0350025 -0.431259 213.672 -0.17036 -0.944928 0.279444 98.1509 0 0 0 1 
Seq_Frame0067_ForcepToReference-SequenceTransformStatus = OK
Seq_Frame0067_Timestamp = 8.999
Seq_Frame0068_ForcepToReference-SequenceTransform =-0.361599 0.355781 0.861781 -71.1896 -0.927095 -0.0393618 -0.372755 210.056 -0.0986978 -0.93374 0.344076 100.657 0 0 0 1 
Seq_Frame0068_ForcepToReference-SequenceTransformStatus = OK
Seq_Frame0068_Timestamp = 9.101
Seq_Frame0069_ForcepToReference-SequenceTransform =-0.34625 0.335715 0.876017 -73.0473 -0.934416 -0.0402698 -0.3539 207.802 -0.0835326 -0.941102 0.327641 100.338 0 0 0 1 
Seq_Frame0069_ForcepToReference-SequenceTransformStatus = OK
Seq_Frame0069_Timestamp = 9.208
Seq_Frame0070_ForcepToReference-SequenceTransform =-0.352444 0.326666 0.876968 -74.5751 -0.928337 -0.00367532 -0.37172 208.775 -0.118205 -0.945133 0.304552 99.2046 0 0 0 1 
Seq_Frame0070_ForcepToReference-SequenceTransformStatus = OK
Seq_Frame0070_Timestamp = 9.317
Seq_Frame0071_ForcepToReference-SequenceTransform =-0.342481 0.315116 0.885104 -73.8196 -0.933126 -0.004328 -0.359522 208.278 -0.10946 -0.949043 0.295525 100.39 0 0 0 1 
Seq_Frame0071_ForcepToReference-SequenceTransformStatus = OK
Seq_Frame0071_Timestamp = 9.422
Seq_Frame0072_ForcepToReference-SequenceTransform =-0.342481 0.315116 0.885104 -73.8196 -0.933126 -0.004328 -0.359522 208.278 -0.10946 -0.949043 0.295525 100.39 0 0 0 1 
Seq_Frame0072_ForcepToReference-SequenceTransformStatus = OK
Seq_Frame0072_Timestamp = 9.531
Seq_Frame0073_ForcepToReference-SequenceTransform =-0.342481 0.315116 0.885104 -73.8196 -0.933126 -0.004328 -0.359522 208.278 -0.10946 -0.949043 0.295525 100.39 0 0 0 1 
Seq_Frame0073_ForcepToReference-SequenceTransformStatus = OK
Seq_Frame0073_Timestamp = 9.636
Seq_Frame0074_ForcepToReference-SequenceTransform =-0.390791 -0.704375 -0.592569 -90.6734 0.660768 -0.662853 0.352153 271.993 -0.640834 -0.253932 0.724465 98.9738 0 0 0 1 
Seq_Frame0074_ForcepToReference-SequenceTransformStatus = OK
Seq_Frame0074_Timestamp = 10.172
Seq_Frame0075_ForcepToReference-SequenceTransform =-0.439577 -0.730683 -0.522373 -95.844 0.683255 -0.649526 0.333584 279.012 -0.58304 -0.210278 0.78476 97.238 0 0 0 1 
Seq_Frame0075_ForcepToReference-SequenceTransformStatus = OK
Seq_Frame0075_Timestamp = 10.28
Seq_Frame0076_ForcepToReference-SequenceTransform =-0.438424 -0.718677 -0.539711 -97.4485 0.689526 -0.65413 0.310913 279.147 -0.576488 -0.235833 0.782333 97.5573 0 0 0 1 
Seq_Frame0076_ForcepToReference-SequenceTransformStatus = OK
Seq_Frame0076_Timestamp = 10.384
Seq_Frame0077_ForcepToReference-SequenceTransform =-0.440313 -0.716189 -0.541477 -99.0188 0.704675 -0.649384 0.285891 281.65 -0.556378 -0.255684 0.790613 99.1636 0 0 0 1 
Seq_Frame0077_ForcepToReference-SequenceTransformStatus = OK
Seq_Frame0077_Timestamp = 10.494
Seq_Frame0078_ForcepToReference-SequenceTransform =-0.450186 -0.718933 -0.529592 -99.7908 0.720747 -0.642682 0.259775 284.062 -0.52712 -0.264754 0.807496 99.2609 0 0 0 1 
Seq_Frame0078_ForcepToReference-SequenceTransformStatus = OK
Seq_Frame0078_Timestamp = 10.599
Seq_Frame0079_ForcepToReference-SequenceTransform =-0.452824 -0.721224 -0.524201 -100.902 0.729143 -0.637916 0.247818 284.564 -0.513129 -0.27 0.814739 98.1123 0 0 0 1 
Seq_Frame0079_ForcepToReference-SequenceTransformStatus = OK
Seq_Frame0079_Timestamp = 10.705
Seq_Frame0080_ForcepToReference-SequenceTransform =-0.450429 -0.716379 -0.532837 -101.338 0.735061 -0.636302 0.234105 283.839 -0.506753 -0.28622 0.813191 97.721 0 0 0 1 
Seq_Frame0080_ForcepToReference-SequenceTransformStatus = OK
Seq_Frame0080_Timestamp = 10.814
Seq_Frame0081_ForcepToReference-SequenceTransform =-0.448485 -0.717149 -0.533441 -101.566 0.74247 -0.631195 0.224344 283.145 -0.497593 -0.295449 0.815543 97.1509 0 0 0 1 
Seq_Frame0081_ForcepToReference-SequenceTransformStatus = OK
Seq_Frame0081_Timestamp = 10.916
Seq_Frame0082_ForcepToReference-SequenceTransform =-0.43856 -0.687682 -0.578584 -102.419 0.742329 -0.640082 0.198099 283.618 -0.50657 -0.342621 0.7912 98.8348 0 0 0 1 
Seq_Frame0082_ForcepToReference-SequenceTransformStatus = OK
Seq_Frame0082_Timestamp = 11.026
Seq_Frame0083_ForcepToReference-SequenceTransform =-0.438314 -0.687327 -0.579191 -102.417 0.746576 -0.637229 0.191215 283.862 -0.500504 -0.348598 0.792449 98.6099 0 0 0 1 
Seq_Frame0083_ForcepToReference-SequenceTransformStatus = OK
Seq_Frame0083_Timestamp = 11.131
Seq_Frame0084_ForcepToReference-SequenceTransform =-0.43645 -0.682277 -0.586524 -102.528 0.747519 -0.637772 0.18564 283.816 -0.500726 -0.357415 0.78837 98.5373 0 0 0 1 
Seq_Frame0084_ForcepToReference-SequenceTransformStatus = OK
Seq_Frame0084_Timestamp = 11.241
Seq_Frame0085_ForcepToReference-SequenceTransform =-0.451334 -0.685414 -0.571406 -103.731 0.77081 -0.62208 0.137362 285.941 -0.44961 -0.378449 0.80909 99.4863 0 0 0 1 
Seq_Frame0085_ForcepToReference-SequenceTransformStatus = OK
Seq_Frame0085_Timestamp = 11.348
Seq_Frame0086_ForcepToReference-SequenceTransform =-0.490877 -0.718428 -0.49285 -109.711 0.810091 -0.584554 0.0452568 293.741 -0.320611 -0.377038 0.868937 107.054 0 0 0 1 
Seq_Frame0086_ForcepToReference-SequenceTransformStatus = OK
Seq_Frame0086_Timestamp = 11.458
Seq_Frame0087_ForcepToReference-SequenceTransform =-0.50877 -0.744691 -0.431959 -117.197 0.82356 -0.567175 0.0077954 299.13 -0.250801 -0.351778 0.90186 110.265 0 0 0 1 
Seq_Frame0087_ForcepToReference-SequenceTransformStatus = OK
Seq_Frame0087_Timestamp = 11.562
Seq_Frame0088_ForcepToReference-SequenceTransform =-0.419051 -0.84114 -0.341877 -118.651 0.897788 -0.440072 -0.0177168 304.757 -0.135548 -0.314357 0.939578 114.478 0 0 0 1 
Seq_Frame0088_ForcepToReference-SequenceTransformStatus = OK
Seq_Frame0088_Timestamp = 11.677
Seq_Frame0089_ForcepToReference-SequenceTransform =-0.221122 -0.915493 -0.336121 -95.9985 0.972774 -0.231574 -0.00921718 294.911 -0.0693986 -0.329008 0.941774 106.208 0 0 0 1 
Seq_Frame0089_ForcepToReference-SequenceTransformStatus = OK
Seq_Frame0089_Timestamp = 11.778
Seq_Frame0090_ForcepToReference-SequenceTransform =-0.0299943 -0.972599 -0.230548 -56.5301 0.999025 -0.0366469 0.0246267 267.312 -0.0324008 -0.229584 0.972749 84.5164 0 0 0 1 
Seq_Frame0090_ForcepToReference-SequenceTransformStatus = OK
Seq_Frame0090_Timestamp = 11.887
Seq_Frame0091_ForcepToReference-SequenceTransform =0.0079317 -0.948914 -0.315434 -28.9307 0.996471 -0.0188606 0.0817946 241.361 -0.0835654 -0.314969 0.945416 67.6305 0 0 0 1 
Seq_Frame0091_ForcepToReference-SequenceTransformStatus = OK
Seq_Frame0091_Timestamp = 11.995
Seq_Frame0092_ForcepToReference-SequenceTransform =0.0978739 -0.923319 -0.371352 -10.1324 0.979282 0.0228825 0.201206 210.175 -0.17728 -0.383351 0.906429 61.1554 0 0 0 1 
Seq_Frame0092_ForcepToReference-SequenceTransformStatus = OK
Seq_Frame0092_Timestamp = 12.105
Seq_Frame0093_ForcepToReference-SequenceTransform =0.105863 -0.93351 -0.342566 -4.14216 0.956901 0.00194562 0.290409 186.952 -0.270433 -0.358545 0.893483 56.944 0 0 0 1 
Seq_Frame0093_ForcepToReference-SequenceTransformStatus = OK
Seq_Frame0093_Timestamp = 12.212
Seq_Frame0094_ForcepToReference-SequenceTransform =0.0967362 -0.927167 -0.361943 0.978139 0.959661 -0.00956812 0.280998 185.118 -0.263995 -0.374525 0.88884 57.9153 0 0 0 1 
Seq_Frame0094_ForcepToReference-SequenceTransformStatus = OK
Seq_Frame0094_Timestamp = 12.317
Seq_Frame0095_ForcepToReference-SequenceTransform =0.112673 -0.918166 -0.379836 5.71501 0.960154 0.0022148 0.279463 182.971 -0.255752 -0.396189 0.881831 58.3979 0 0 0 1 
Seq_Frame0095_ForcepToReference-SequenceTransformStatus = OK
Seq_Frame0095_Timestamp = 12.425
Seq_Frame0096_ForcepToReference-SequenceTransform =0.144593 -0.911292 -0.385538 8.64583 0.947326 0.0149614 0.319922 180.245 -0.285774 -0.411489 0.865454 57.7971 0 0 0 1 
Seq_Frame0096_ForcepToReference-SequenceTransformStatus = OK
Seq_Frame0096_Timestamp = 12.532
Seq_Frame0097_ForcepToReference-SequenceTransform =0.163314 -0.912468 -0.375142 10.1701 0.93458 0.0212724 0.355117 179.827 -0.316053 -0.408596 0.856248 58.0996 0 0 0 1 
Seq_Frame0097_ForcepToReference-SequenceTransformStatus = OK
Seq_Frame0097_Timestamp = 12.64
Seq_Frame0098_ForcepToReference-SequenceTransform =0.170814 -0.914251 -0.367379 10.3736 0.929542 0.0258728 0.367807 179.098 -0.326763 -0.404321 0.854254 57.1053 0 0 0 1 
Seq_Frame0098_ForcepToReference-SequenceTransformStatus = OK
Seq_Frame0098_Timestamp = 12.748
Seq_Frame0099_ForcepToReference-SequenceTransform =0.166463 -0.926566 -0.337292 9.47598 0.927401 0.0309089 0.372789 179.278 -0.334988 -0.374861 0.864443 57.832 0 0 0 1 
Seq_Frame0099_ForcepToReference-SequenceTransformStatus = OK
Seq_Frame0099_Timestamp = 12.856
Seq_Frame0100_ForcepToReference-SequenceTransform =0.16886 -0.922791 -0.346329 9.83453 0.937534 0.0419433 0.345357 181.997 -0.304166 -0.383012 0.87223 60.1774 0 0 0 1 
Seq_Frame0100_ForcepToReference-SequenceTransformStatus = OK
Seq_Frame0100_Timestamp = 12.964
Seq_Frame0101_ForcepToReference-SequenceTransform =0.166722 -0.92414 -0.343756 9.40677 0.93759 0.0406851 0.345355 182.691 -0.305171 -0.37988 0.873248 60.1997 0 0 0 1 
Seq_Frame0101_ForcepToReference-SequenceTransformStatus = OK
Seq_Frame0101_Timestamp = 13.071
Seq_Frame0102_ForcepToReference-SequenceTransform =0.167622 -0.923985 -0.343737 8.9076 0.942359 0.0477509 0.331179 183.179 -0.289591 -0.379436 0.878729 61.2426 0 0 0 1 
Seq_Frame0102_ForcepToReference-SequenceTransformStatus = OK
Seq_Frame0102_Timestamp = 13.18
Seq_Frame0103_ForcepToReference-SequenceTransform =0.165103 -0.927039 -0.336658 8.49668 0.946053 0.0523696 0.319752 183.784 -0.278793 -0.371289 0.885675 62.4074 0 0 0 1 
Seq_Frame0103_ForcepToReference-SequenceTransformStatus = OK
Seq_Frame0103_Timestamp = 13.285
Seq_Frame0104_ForcepToReference-SequenceTransform =0.165496 -0.929917 -0.328428 8.34492 0.948545 0.0589332 0.311109 183.668 -0.269951 -0.363016 0.891822 62.7981 0 0 0 1 
Seq_Frame0104_ForcepToReference-SequenceTransformStatus = OK
Seq_Frame0104_Timestamp = 13.392
Seq_Frame0105_ForcepToReference-SequenceTransform =0.164662 -0.934236 -0.316369 8.26317 0.951201 0.0655417 0.301532 183.797 -0.260967 -0.350582 0.899438 63.4366 0 0 0 1 
Seq_Frame0105_ForcepToReference-SequenceTransformStatus = OK
Seq_Frame0105_Timestamp = 13.497
Seq_Frame0106_ForcepToReference-SequenceTransform =0.164715 -0.936645 -0.309135 8.40647 0.950341 0.0668051 0.303955 183.234 -0.264046 -0.34385 0.901137 63.1437 0 0 0 1 
Seq_Frame0106_ForcepToReference-SequenceTransformStatus = OK
Seq_Frame0106_Timestamp = 13.604
Seq_Frame0107_ForcepToReference-SequenceTransform =0.162613 -0.933075 -0.320825 8.61621 0.938667 0.046088 0.341732 181.424 -0.304076 -0.356718 0.88334 61.5975 0 0 0 1 
Seq_Frame0107_ForcepToReference-SequenceTransformStatus = OK
Seq_Frame0107_Timestamp = 13.71
Seq_Frame0108_ForcepToReference-SequenceTransform =0.168094 -0.917842 -0.359597 8.86897 0.93047 0.0272681 0.365351 178.945 -0.325529 -0.396008 0.858609 59.7631 0 0 0 1 
Seq_Frame0108_ForcepToReference-SequenceTransformStatus = OK
Seq_Frame0108_Timestamp = 13.817
Seq_Frame0109_ForcepToReference-SequenceTransform =0.16849 -0.912849 -0.37191 9.18146 0.939127 0.0340534 0.341879 176.507 -0.299419 -0.406874 0.863019 60.8089 0 0 0 1 
Seq_Frame0109_ForcepToReference-SequenceTransformStatus = OK
Seq_Frame0109_Timestamp = 13.927
Seq_Frame0110_ForcepToReference-SequenceTransform =0.165688 -0.907211 -0.386672 9.48419 0.926512 0.00888532 0.376161 173.223 -0.337822 -0.420582 0.842014 58.6228 0 0 0 1 
Seq_Frame0110_ForcepToReference-SequenceTransformStatus = OK
Seq_Frame0110_Timestamp = 14.033
Seq_Frame0111_ForcepToReference-SequenceTransform =0.165218 -0.905545 -0.390758 9.55253 0.923049 0.00241775 0.384675 169.806 -0.347396 -0.424244 0.836261 56.4314 0 0 0 1 
Seq_Frame0111_ForcepToReference-SequenceTransformStatus = OK
Seq_Frame0111_Timestamp = 14.146
Seq_Frame0112_ForcepToReference-SequenceTransform =0.165689 -0.906816 -0.387597 10.1945 0.920183 0.000799147 0.391489 170.22 -0.354699 -0.421525 0.834569 55.6399 0 0 0 1 
Seq_Frame0112_ForcepToReference-SequenceTransformStatus = OK
Seq_Frame0112_Timestamp = 14.249
Seq_Frame0113_ForcepToReference-SequenceTransform =0.162821 -0.913777 -0.372157 10.2996 0.919708 0.00398893 0.392583 172.038 -0.357249 -0.406196 0.841057 55.3936 0 0 0 1 
Seq_Frame0113_ForcepToReference-SequenceTransformStatus = OK
Seq_Frame0113_Timestamp = 14.362
Seq_Frame0114_ForcepToReference-SequenceTransform =0.142436 -0.924801 -0.352781 2.38058 0.93652 0.0105548 0.350454 177.643 -0.320377 -0.380304 0.867599 56.8753 0 0 0 1 
Seq_Frame0114_ForcepToReference-SequenceTransformStatus = OK
Seq_Frame0114_Timestamp = 14.473
Seq_Frame0115_ForcepToReference-SequenceTransform =0.118416 -0.924254 -0.362948 -9.81625 0.964499 0.0201694 0.263317 184.963 -0.236051 -0.381244 0.89383 55.4814 0 0 0 1 
Seq_Frame0115_ForcepToReference-SequenceTransformStatus = OK
Seq_Frame0115_Timestamp = 14.58
Seq_Frame0116_ForcepToReference-SequenceTransform =0.118249 -0.920509 -0.372398 -8.46054 0.964063 0.0165733 0.265157 180.898 -0.237908 -0.390369 0.889388 55.4293 0 0 0 1 
Seq_Frame0116_ForcepToReference-SequenceTransformStatus = OK
Seq_Frame0116_Timestamp = 14.687
Seq_Frame0117_ForcepToReference-SequenceTransform =0.104705 -0.921465 -0.374084 -5.4608 0.975759 0.0225003 0.217689 181.54 -0.192176 -0.387809 0.901484 56.9343 0 0 0 1 
Seq_Frame0117_ForcepToReference-SequenceTransformStatus = OK
Seq_Frame0117_Timestamp = 14.791
Seq_Frame0118_ForcepToReference-SequenceTransform =0.0848771 -0.922396 -0.376803 -4.82762 0.981432 0.0121097 0.191429 183.157 -0.172011 -0.386055 0.906297 59.6381 0 0 0 1 
Seq_Frame0118_ForcepToReference-SequenceTransformStatus = OK
Seq_Frame0118_Timestamp = 14.901
Seq_Frame0119_ForcepToReference-SequenceTransform =0.0831744 -0.922697 -0.376446 -4.47172 0.985743 0.0207341 0.166976 183.467 -0.146263 -0.384967 0.911267 61.0508 0 0 0 1 
Seq_Frame0119_ForcepToReference-SequenceTransformStatus = OK
Seq_Frame0119_Timestamp = 15.005
Seq_Frame0120_ForcepToReference-SequenceTransform =0.0860354 -0.933332 -0.348554 -5.04986 0.979353 0.0149889 0.201603 181.464 -0.182938 -0.358702 0.91535 60.8764 0 0 0 1 
Seq_Frame0120_ForcepToReference-SequenceTransformStatus = OK
Seq_Frame0120_Timestamp = 15.11
Seq_Frame0121_ForcepToReference-SequenceTransform =0.0692455 -0.93576 -0.345771 -6.94859 0.978711 -0.00340555 0.205217 180.141 -0.193212 -0.35262 0.915603 61.3677 0 0 0 1 
Seq_Frame0121_ForcepToReference-SequenceTransformStatus = OK
Seq_Frame0121_Timestamp = 15.217
Seq_Frame0122_ForcepToReference-SequenceTransform =0.0489481 -0.935775 -0.349183 -9.49496 0.983631 -0.0155368 0.179521 179.15 -0.173417 -0.352255 0.919697 62.6815 0 0 0 1 
Seq_Frame0122_ForcepToReference-SequenceTransformStatus = OK
Seq_Frame0122_Timestamp = 15.324
Seq_Frame0123_ForcepToReference-SequenceTransform =0.0403729 -0.943717 -0.328281 -11.3705 0.991068 -0.00397062 0.133299 182.018 -0.1271 -0.330731 0.935127 67.5103 0 0 0 1 
Seq_Frame0123_ForcepToReference-SequenceTransformStatus = OK
Seq_Frame0123_Timestamp = 15.432
Seq_Frame0124_ForcepToReference-SequenceTransform =0.0185265 -0.938109 -0.345844 -12.5893 0.994544 -0.0182268 0.102717 184.058 -0.102664 -0.34586 0.932653 72.9006 0 0 0 1 
Seq_Frame0124_ForcepToReference-SequenceTransformStatus = OK
Seq_Frame0124_Timestamp = 15.537
Seq_Frame0125_ForcepToReference-SequenceTransform =0.0194808 -0.936195 -0.350941 -11.1907 0.997565 -0.00531152 0.0695443 186.083 -0.066971 -0.351441 0.933812 75.1916 0 0 0 1 
Seq_Frame0125_ForcepToReference-SequenceTransformStatus = OK
Seq_Frame0125_Timestamp = 15.645
Seq_Frame0126_ForcepToReference-SequenceTransform =0.0205253 -0.931611 -0.362876 -10.3826 0.997047 -0.00778905 0.0763925 187.258 -0.0739946 -0.363373 0.928701 76.3229 0 0 0 1 
Seq_Frame0126_ForcepToReference-SequenceTransformStatus = OK
Seq_Frame0126_Timestamp = 15.75
Seq_Frame0127_ForcepToReference-SequenceTransform =0.0341042 -0.933891 -0.355927 -9.31661 0.99752 0.00986848 0.0696872 187.308 -0.0615678 -0.357421 0.931912 76.7866 0 0 0 1 
Seq_Frame0127_ForcepToReference-SequenceTransformStatus = OK
Seq_Frame0127_Timestamp = 15.864
Seq_Frame0128_ForcepToReference-SequenceTransform =0.0512313 -0.93146 -0.36022 -5.97526 0.996819 0.0256439 0.0754598 188.796 -0.0610504 -0.36294 0.929811 76.0318 0 0 0 1 
Seq_Frame0128_ForcepToReference-SequenceTransformStatus = OK
Seq_Frame0128_Timestamp = 15.969
Seq_Frame0129_ForcepToReference-SequenceTransform =0.0599768 -0.924331 -0.376848 -3.22748 0.996747 0.0350957 0.0725535 190.516 -0.0538377 -0.379974 0.923429 76.6924 0 0 0 1 
Seq_Frame0129_ForcepToReference-SequenceTransformStatus = OK
Seq_Frame0129_Timestamp = 16.079
Seq_Frame0130_ForcepToReference-SequenceTransform =0.0569763 -0.91539 -0.398515 -1.12199 0.99805 0.0420344 0.0461396 192.066 -0.0254844 -0.400367 0.916001 76.4024 0 0 0 1 
Seq_Frame0130_ForcepToReference-SequenceTransformStatus = OK
Seq_Frame0130_Timestamp = 16.183
Seq_Frame0131_ForcepToReference-SequenceTransform =0.0264556 -0.899195 -0.436747 -0.961286 0.998999 0.00801785 0.044006 188.101 -0.0360682 -0.437474 0.898507 69.9453 0 0 0 1 
Seq_Frame0131_ForcepToReference-SequenceTransformStatus = OK
Seq_Frame0131_Timestamp = 16.296
Seq_Frame0132_ForcepToReference-SequenceTransform =0.0289331 -0.905645 -0.423048 -1.70506 0.979557 -0.0585999 0.192443 176.224 -0.199075 -0.419967 0.885436 55.9762 0 0 0 1 
Seq_Frame0132_ForcepToReference-SequenceTransformStatus = OK
Seq_Frame0132_Timestamp = 16.4
Seq_Frame0133_ForcepToReference-SequenceTransform =-0.00497789 -0.896711 -0.442589 -3.94562 0.965562 -0.119441 0.231135 169.822 -0.260124 -0.426197 0.866425 53.4848 0 0 0 1 
Seq_Frame0133_ForcepToReference-SequenceTransformStatus = OK
Seq_Frame0133_Timestamp = 16.514
Seq_Frame0134_ForcepToReference-SequenceTransform =-0.030713 -0.914723 -0.402912 -8.89516 0.986364 -0.0929432 0.135819 175.035 -0.161685 -0.393247 0.905105 63.4771 0 0 0 1 
Seq_Frame0134_ForcepToReference-SequenceTransformStatus = OK
Seq_Frame0134_Timestamp = 16.62
Seq_Frame0135_ForcepToReference-SequenceTransform =-0.0348149 -0.922732 -0.383866 -11.3169 0.983713 -0.099415 0.149754 173.642 -0.176345 -0.3724 0.911164 64.69 0 0 0 1 
Seq_Frame0135_ForcepToReference-SequenceTransformStatus = OK
Seq_Frame0135_Timestamp = 16.73
Seq_Frame0136_ForcepToReference-SequenceTransform =-0.0491832 -0.908586 -0.414791 -13.4855 0.984577 -0.113914 0.132781 174.47 -0.167894 -0.401863 0.900176 66.6598 0 0 0 1 
Seq_Frame0136_ForcepToReference-SequenceTransformStatus = OK
Seq_Frame0136_Timestamp = 16.835
Seq_Frame0137_ForcepToReference-SequenceTransform =-0.0296086 -0.91773 -0.3961 -18.0787 0.98112 -0.102452 0.164034 174.764 -0.19112 -0.383765 0.903436 69.4202 0 0 0 1 
Seq_Frame0137_ForcepToReference-SequenceTransformStatus = OK
Seq_Frame0137_Timestamp = 16.948
Seq_Frame0138_ForcepToReference-SequenceTransform =-0.546722 0.447568 0.707657 -22.151 -0.133106 0.787948 -0.601183 178.279 -0.826667 -0.422873 -0.371214 74.1767 0 0 0 1 
Seq_Frame0138_ForcepToReference-SequenceTransformStatus = OK
Seq_Frame0138_Timestamp = 17.08
Seq_Frame0139_ForcepToReference-SequenceTransform =-0.672129 0.374931 0.63849 -29.5981 -0.125028 0.792466 -0.596963 180.147 -0.729802 -0.481066 -0.485762 79.1848 0 0 0 1 
Seq_Frame0139_ForcepToReference-SequenceTransformStatus = OK
Seq_Frame0139_Timestamp = 17.356
Seq_Frame0140_ForcepToReference-SequenceTransform =-0.756428 0.390047 0.525053 -30.7829 -0.0288085 0.782091 -0.622498 178.956 -0.653443 -0.486 -0.580359 79.5044 0 0 0 1 
Seq_Frame0140_ForcepToReference-SequenceTransformStatus = OK
Seq_Frame0140_Timestamp = 17.464
Seq_Frame0141_ForcepToReference-SequenceTransform =-0.74948 0.384741 0.538752 -32.4046 -0.0478414 0.780188 -0.623713 176.428 -0.660296 -0.493235 -0.566329 79.2313 0 0 0 1 
Seq_Frame0141_ForcepToReference-SequenceTransformStatus = OK
Seq_Frame0141_Timestamp = 17.575
Seq_Frame0142_ForcepToReference-SequenceTransform =-0.686398 0.411657 0.599497 -31.3639 -0.0734384 0.78091 -0.620312 175.973 -0.723508 -0.469807 -0.505783 80.4285 0 0 0 1 
Seq_Frame0142_ForcepToReference-SequenceTransformStatus = OK
Seq_Frame0142_Timestamp = 17.677
Seq_Frame0143_ForcepToReference-SequenceTransform =-0.562923 0.384805 0.731466 -31.6615 -0.178004 0.807793 -0.561947 176.4 -0.807113 -0.446537 -0.386229 82.4612 0 0 0 1 
Seq_Frame0143_ForcepToReference-SequenceTransformStatus = OK
Seq_Frame0143_Timestamp = 17.784
Seq_Frame0144_ForcepToReference-SequenceTransform =-0.0991113 -0.928865 -0.356913 -30.2328 0.994924 -0.0987689 -0.0192352 183.783 -0.017385 -0.357008 0.933939 93.9354 0 0 0 1 
Seq_Frame0144_ForcepToReference-SequenceTransformStatus = OK
Seq_Frame0144_Timestamp = 18.378
Seq_Frame0145_ForcepToReference-SequenceTransform =-0.0430334 -0.949487 -0.310841 -30.0697 0.998979 -0.0366074 -0.0264802 184.716 0.0137635 -0.311663 0.950093 95.9061 0 0 0 1 
Seq_Frame0145_ForcepToReference-SequenceTransformStatus = OK
Seq_Frame0145_Timestamp = 18.485
Seq_Frame0146_ForcepToReference-SequenceTransform =-0.0608571 -0.949862 -0.306691 -30.5165 0.997773 -0.066295 0.00733485 182.369 -0.0272992 -0.305561 0.951781 92.8268 0 0 0 1 
Seq_Frame0146_ForcepToReference-SequenceTransformStatus = OK
Seq_Frame0146_Timestamp = 18.593
Seq_Frame0147_ForcepToReference-SequenceTransform =-0.0513395 -0.95463 -0.293336 -30.6627 0.998225 -0.0579292 0.0138154 182.641 -0.0301813 -0.292106 0.95591 92.8769 0 0 0 1 
Seq_Frame0147_ForcepToReference-SequenceTransformStatus = OK
Seq_Frame0147_Timestamp = 18.698
Seq_Frame0148_ForcepToReference-SequenceTransform =-0.0434124 -0.964347 -0.261054 -30.8867 0.998918 -0.0462558 0.00475432 181.981 -0.0166601 -0.260565 0.965312 91.6622 0 0 0 1 
Seq_Frame0148_ForcepToReference-SequenceTransformStatus = OK
Seq_Frame0148_Timestamp = 18.808
Seq_Frame0149_ForcepToReference-SequenceTransform =-0.102756 -0.927546 -0.359305 -30.4407 0.993778 -0.111335 0.00320425 183.044 -0.0429753 -0.35674 0.933215 94.5829 0 0 0 1 
Seq_Frame0149_ForcepToReference-SequenceTransformStatus = OK
Seq_Frame0149_Timestamp = 18.914
