ObjectType = Image
NDims = 3
AnatomicalOrientation = RAI
BinaryData = True
CompressedData = False
DimSize = 0 0 1744
ElementSpacing = 1 1 1
Offset = 0 0 0
TransformMatrix = 1 0 0 0 1 0 0 0 1
ElementType = MET_UCHAR
Kinds = domain domain list
Seq_Frame0000_DriverToReference-SequenceTransform =-0.822589 0.542336 0.170935 -64.8223 0.42285 0.382418 0.821556 201.736 0.380191 0.748083 -0.543899 248.511 0 0 0 1 
Seq_Frame0000_DriverToReference-SequenceTransformStatus = OK
Seq_Frame0000_Timestamp = 0.0189998
Seq_Frame0001_DriverToReference-SequenceTransform =-0.822589 0.542336 0.170935 -64.8223 0.42285 0.382418 0.821556 201.736 0.380191 0.748083 -0.543899 248.511 0 0 0 1 
Seq_Frame0001_DriverToReference-SequenceTransformStatus = OK
Seq_Frame0001_Timestamp = 0.119
Seq_Frame0002_DriverToReference-SequenceTransform =-0.822589 0.542336 0.170935 -64.8223 0.42285 0.382418 0.821556 201.736 0.380191 0.748083 -0.543899 248.511 0 0 0 1 
Seq_Frame0002_DriverToReference-SequenceTransformStatus = OK
Seq_Frame0002_Timestamp = 0.224
Seq_Frame0003_DriverToReference-SequenceTransform =-0.822589 0.542336 0.170935 -64.8223 0.42285 0.382418 0.821556 201.736 0.380191 0.748083 -0.543899 248.511 0 0 0 1 
Seq_Frame0003_DriverToReference-SequenceTransformStatus = OK
Seq_Frame0003_Timestamp = 0.325
Seq_Frame0004_DriverToReference-SequenceTransform =-0.822589 0.542336 0.170935 -64.8223 0.42285 0.382418 0.821556 201.736 0.380191 0.748083 -0.543899 248.511 0 0 0 1 
Seq_Frame0004_DriverToReference-SequenceTransformStatus = OK
Seq_Frame0004_Timestamp = 0.426
Seq_Frame0005_DriverToReference-SequenceTransform =-0.822589 0.542336 0.170935 -64.8223 0.42285 0.382418 0.821556 201.736 0.380191 0.748083 -0.543899 248.511 0 0 0 1 
Seq_Frame0005_DriverToReference-SequenceTransformStatus = OK
Seq_Frame0005_Timestamp = 0.528
Seq_Frame0006_DriverToReference-SequenceTransform =-0.822589 0.542336 0.170935 -64.8223 0.42285 0.382418 0.821556 201.736 0.380191 0.748083 -0.543899 248.511 0 0 0 1 
Seq_Frame0006_DriverToReference-SequenceTransformStatus = OK
Seq_Frame0006_Timestamp = 0.629
Seq_Frame0007_DriverToReference-SequenceTransform =-0.822589 0.542336 0.170935 -64.8223 0.42285 0.382418 0.821556 201.736 0.380191 0.748083 -0.543899 248.511 0 0 0 1 
Seq_Frame0007_DriverToReference-SequenceTransformStatus = OK
Seq_Frame0007_Timestamp = 0.73
Seq_Frame0008_DriverToReference-SequenceTransform =-0.822589 0.542336 0.170935 -64.8223 0.42285 0.382418 0.821556 201.736 0.380191 0.748083 -0.543899 248.511 0 0 0 1 
Seq_Frame0008_DriverToReference-SequenceTransformStatus = OK
Seq_Frame0008_Timestamp = 0.833
Seq_Frame0009_DriverToReference-SequenceTransform =-0.822589 0.542336 0.170935 -64.8223 0.42285 0.382418 0.821556 201.736 0.380191 0.748083 -0.543899 248.511 0 0 0 1 
Seq_Frame0009_DriverToReference-SequenceTransformStatus = OK
Seq_Frame0009_Timestamp = 0.94
Seq_Frame0010_DriverToReference-SequenceTransform =-0.822589 0.542336 0.170935 -64.8223 0.42285 0.382418 0.821556 201.736 0.380191 0.748083 -0.543899 248.511 0 0 0 1 
Seq_Frame0010_DriverToReference-SequenceTransformStatus = OK
Seq_Frame0010_Timestamp = 1.049
Seq_Frame0011_DriverToReference-SequenceTransform =-0.822589 0.542336 0.170935 -64.8223 0.42285 0.382418 0.821556 201.736 0.380191 0.748083 -0.543899 248.511 0 0 0 1 
Seq_Frame0011_DriverToReference-SequenceTransformStatus = OK
Seq_Frame0011_Timestamp = 1.423
Seq_Frame0012_DriverToReference-SequenceTransform =-0.822589 0.542336 0.170935 -64.8223 0.42285 0.382418 0.821556 201.736 0.380191 0.748083 -0.543899 248.511 0 0 0 1 
Seq_Frame0012_DriverToReference-SequenceTransformStatus = OK
Seq_Frame0012_Timestamp = 1.526
Seq_Frame0013_DriverToReference-SequenceTransform =-0.0735788 -0.093433 0.992903 -30.1527 -0.355973 0.932479 0.0613679 259.507 -0.931595 -0.348931 -0.10187 159.259 0 0 0 1 
Seq_Frame0013_DriverToReference-SequenceTransformStatus = OK
Seq_Frame0013_Timestamp = 1.634
Seq_Frame0014_DriverToReference-SequenceTransform =-0.0735788 -0.093433 0.992903 -30.1527 -0.355973 0.932479 0.0613679 259.507 -0.931595 -0.348931 -0.10187 159.259 0 0 0 1 
Seq_Frame0014_DriverToReference-SequenceTransformStatus = OK
Seq_Frame0014_Timestamp = 1.74
Seq_Frame0015_DriverToReference-SequenceTransform =-0.0735788 -0.093433 0.992903 -30.1527 -0.355973 0.932479 0.0613679 259.507 -0.931595 -0.348931 -0.10187 159.259 0 0 0 1 
Seq_Frame0015_DriverToReference-SequenceTransformStatus = OK
Seq_Frame0015_Timestamp = 1.849
Seq_Frame0016_DriverToReference-SequenceTransform =0.284125 0.470741 0.83527 -53.9378 -0.304206 0.870421 -0.387073 246.468 -0.909248 -0.144117 0.39051 123.013 0 0 0 1 
Seq_Frame0016_DriverToReference-SequenceTransformStatus = OK
Seq_Frame0016_Timestamp = 1.95
Seq_Frame0017_DriverToReference-SequenceTransform =0.34655 0.444027 0.826283 -61.0621 -0.230039 0.8942 -0.384043 244.293 -0.909387 -0.0569874 0.412029 122.117 0 0 0 1 
Seq_Frame0017_DriverToReference-SequenceTransformStatus = OK
Seq_Frame0017_Timestamp = 2.05
Seq_Frame0018_DriverToReference-SequenceTransform =0.34655 0.444027 0.826283 -61.0621 -0.230039 0.8942 -0.384043 244.293 -0.909387 -0.0569874 0.412029 122.117 0 0 0 1 
Seq_Frame0018_DriverToReference-SequenceTransformStatus = OK
Seq_Frame0018_Timestamp = 2.158
Seq_Frame0019_DriverToReference-SequenceTransform =0.34655 0.444027 0.826283 -61.0621 -0.230039 0.8942 -0.384043 244.293 -0.909387 -0.0569874 0.412029 122.117 0 0 0 1 
Seq_Frame0019_DriverToReference-SequenceTransformStatus = OK
Seq_Frame0019_Timestamp = 2.265
Seq_Frame0020_DriverToReference-SequenceTransform =0.34655 0.444027 0.826283 -61.0621 -0.230039 0.8942 -0.384043 244.293 -0.909387 -0.0569874 0.412029 122.117 0 0 0 1 
Seq_Frame0020_DriverToReference-SequenceTransformStatus = OK
Seq_Frame0020_Timestamp = 2.368
Seq_Frame0021_DriverToReference-SequenceTransform =0.34655 0.444027 0.826283 -61.0621 -0.230039 0.8942 -0.384043 244.293 -0.909387 -0.0569874 0.412029 122.117 0 0 0 1 
Seq_Frame0021_DriverToReference-SequenceTransformStatus = OK
Seq_Frame0021_Timestamp = 2.474
Seq_Frame0022_DriverToReference-SequenceTransform =0.34655 0.444027 0.826283 -61.0621 -0.230039 0.8942 -0.384043 244.293 -0.909387 -0.0569874 0.412029 122.117 0 0 0 1 
Seq_Frame0022_DriverToReference-SequenceTransformStatus = OK
Seq_Frame0022_Timestamp = 2.579
Seq_Frame0023_DriverToReference-SequenceTransform =0.34655 0.444027 0.826283 -61.0621 -0.230039 0.8942 -0.384043 244.293 -0.909387 -0.0569874 0.412029 122.117 0 0 0 1 
Seq_Frame0023_DriverToReference-SequenceTransformStatus = OK
Seq_Frame0023_Timestamp = 2.693
Seq_Frame0024_DriverToReference-SequenceTransform =0.34655 0.444027 0.826283 -61.0621 -0.230039 0.8942 -0.384043 244.293 -0.909387 -0.0569874 0.412029 122.117 0 0 0 1 
Seq_Frame0024_DriverToReference-SequenceTransformStatus = OK
Seq_Frame0024_Timestamp = 2.794
Seq_Frame0025_DriverToReference-SequenceTransform =0.34655 0.444027 0.826283 -61.0621 -0.230039 0.8942 -0.384043 244.293 -0.909387 -0.0569874 0.412029 122.117 0 0 0 1 
Seq_Frame0025_DriverToReference-SequenceTransformStatus = OK
Seq_Frame0025_Timestamp = 2.895
Seq_Frame0026_DriverToReference-SequenceTransform =0.34655 0.444027 0.826283 -61.0621 -0.230039 0.8942 -0.384043 244.293 -0.909387 -0.0569874 0.412029 122.117 0 0 0 1 
Seq_Frame0026_DriverToReference-SequenceTransformStatus = OK
Seq_Frame0026_Timestamp = 2.998
Seq_Frame0027_DriverToReference-SequenceTransform =0.34655 0.444027 0.826283 -61.0621 -0.230039 0.8942 -0.384043 244.293 -0.909387 -0.0569874 0.412029 122.117 0 0 0 1 
Seq_Frame0027_DriverToReference-SequenceTransformStatus = OK
Seq_Frame0027_Timestamp = 3.099
Seq_Frame0028_DriverToReference-SequenceTransform =0.34655 0.444027 0.826283 -61.0621 -0.230039 0.8942 -0.384043 244.293 -0.909387 -0.0569874 0.412029 122.117 0 0 0 1 
Seq_Frame0028_DriverToReference-SequenceTransformStatus = OK
Seq_Frame0028_Timestamp = 3.204
Seq_Frame0029_DriverToReference-SequenceTransform =0.615539 -0.0123432 -0.78801 -8.66178 -0.689018 0.476953 -0.545683 209.653 0.382579 0.878842 0.285078 142.419 0 0 0 1 
Seq_Frame0029_DriverToReference-SequenceTransformStatus = OK
Seq_Frame0029_Timestamp = 3.305
Seq_Frame0030_DriverToReference-SequenceTransform =0.615539 -0.0123432 -0.78801 -8.66178 -0.689018 0.476953 -0.545683 209.653 0.382579 0.878842 0.285078 142.419 0 0 0 1 
Seq_Frame0030_DriverToReference-SequenceTransformStatus = OK
Seq_Frame0030_Timestamp = 3.634
Seq_Frame0031_DriverToReference-SequenceTransform =0.615539 -0.0123432 -0.78801 -8.66178 -0.689018 0.476953 -0.545683 209.653 0.382579 0.878842 0.285078 142.419 0 0 0 1 
Seq_Frame0031_DriverToReference-SequenceTransformStatus = OK
Seq_Frame0031_Timestamp = 3.735
Seq_Frame0032_DriverToReference-SequenceTransform =0.615539 -0.0123432 -0.78801 -8.66178 -0.689018 0.476953 -0.545683 209.653 0.382579 0.878842 0.285078 142.419 0 0 0 1 
Seq_Frame0032_DriverToReference-SequenceTransformStatus = OK
Seq_Frame0032_Timestamp = 3.84
Seq_Frame0033_DriverToReference-SequenceTransform =0.615539 -0.0123432 -0.78801 -8.66178 -0.689018 0.476953 -0.545683 209.653 0.382579 0.878842 0.285078 142.419 0 0 0 1 
Seq_Frame0033_DriverToReference-SequenceTransformStatus = OK
Seq_Frame0033_Timestamp = 3.968
Seq_Frame0034_DriverToReference-SequenceTransform =0.615539 -0.0123432 -0.78801 -8.66178 -0.689018 0.476953 -0.545683 209.653 0.382579 0.878842 0.285078 142.419 0 0 0 1 
Seq_Frame0034_DriverToReference-SequenceTransformStatus = OK
Seq_Frame0034_Timestamp = 4.164
Seq_Frame0035_DriverToReference-SequenceTransform =0.615539 -0.0123432 -0.78801 -8.66178 -0.689018 0.476953 -0.545683 209.653 0.382579 0.878842 0.285078 142.419 0 0 0 1 
Seq_Frame0035_DriverToReference-SequenceTransformStatus = OK
Seq_Frame0035_Timestamp = 4.268
Seq_Frame0036_DriverToReference-SequenceTransform =0.615539 -0.0123432 -0.78801 -8.66178 -0.689018 0.476953 -0.545683 209.653 0.382579 0.878842 0.285078 142.419 0 0 0 1 
Seq_Frame0036_DriverToReference-SequenceTransformStatus = OK
Seq_Frame0036_Timestamp = 4.374
Seq_Frame0037_DriverToReference-SequenceTransform =0.615539 -0.0123432 -0.78801 -8.66178 -0.689018 0.476953 -0.545683 209.653 0.382579 0.878842 0.285078 142.419 0 0 0 1 
Seq_Frame0037_DriverToReference-SequenceTransformStatus = OK
Seq_Frame0037_Timestamp = 4.484
Seq_Frame0038_DriverToReference-SequenceTransform =0.615539 -0.0123432 -0.78801 -8.66178 -0.689018 0.476953 -0.545683 209.653 0.382579 0.878842 0.285078 142.419 0 0 0 1 
Seq_Frame0038_DriverToReference-SequenceTransformStatus = OK
Seq_Frame0038_Timestamp = 4.589
Seq_Frame0039_DriverToReference-SequenceTransform =0.615539 -0.0123432 -0.78801 -8.66178 -0.689018 0.476953 -0.545683 209.653 0.382579 0.878842 0.285078 142.419 0 0 0 1 
Seq_Frame0039_DriverToReference-SequenceTransformStatus = OK
Seq_Frame0039_Timestamp = 4.691
Seq_Frame0040_DriverToReference-SequenceTransform =0.615539 -0.0123432 -0.78801 -8.66178 -0.689018 0.476953 -0.545683 209.653 0.382579 0.878842 0.285078 142.419 0 0 0 1 
Seq_Frame0040_DriverToReference-SequenceTransformStatus = OK
Seq_Frame0040_Timestamp = 4.793
Seq_Frame0041_DriverToReference-SequenceTransform =0.615539 -0.0123432 -0.78801 -8.66178 -0.689018 0.476953 -0.545683 209.653 0.382579 0.878842 0.285078 142.419 0 0 0 1 
Seq_Frame0041_DriverToReference-SequenceTransformStatus = OK
Seq_Frame0041_Timestamp = 4.895
Seq_Frame0042_DriverToReference-SequenceTransform =0.615539 -0.0123432 -0.78801 -8.66178 -0.689018 0.476953 -0.545683 209.653 0.382579 0.878842 0.285078 142.419 0 0 0 1 
Seq_Frame0042_DriverToReference-SequenceTransformStatus = OK
Seq_Frame0042_Timestamp = 4.998
Seq_Frame0043_DriverToReference-SequenceTransform =0.615539 -0.0123432 -0.78801 -8.66178 -0.689018 0.476953 -0.545683 209.653 0.382579 0.878842 0.285078 142.419 0 0 0 1 
Seq_Frame0043_DriverToReference-SequenceTransformStatus = OK
Seq_Frame0043_Timestamp = 5.099
Seq_Frame0044_DriverToReference-SequenceTransform =0.615539 -0.0123432 -0.78801 -8.66178 -0.689018 0.476953 -0.545683 209.653 0.382579 0.878842 0.285078 142.419 0 0 0 1 
Seq_Frame0044_DriverToReference-SequenceTransformStatus = OK
Seq_Frame0044_Timestamp = 5.207
Seq_Frame0045_DriverToReference-SequenceTransform =0.615539 -0.0123432 -0.78801 -8.66178 -0.689018 0.476953 -0.545683 209.653 0.382579 0.878842 0.285078 142.419 0 0 0 1 
Seq_Frame0045_DriverToReference-SequenceTransformStatus = OK
Seq_Frame0045_Timestamp = 5.889
Seq_Frame0046_DriverToReference-SequenceTransform =0.615539 -0.0123432 -0.78801 -8.66178 -0.689018 0.476953 -0.545683 209.653 0.382579 0.878842 0.285078 142.419 0 0 0 1 
Seq_Frame0046_DriverToReference-SequenceTransformStatus = OK
Seq_Frame0046_Timestamp = 5.99
Seq_Frame0047_DriverToReference-SequenceTransform =0.615539 -0.0123432 -0.78801 -8.66178 -0.689018 0.476953 -0.545683 209.653 0.382579 0.878842 0.285078 142.419 0 0 0 1 
Seq_Frame0047_DriverToReference-SequenceTransformStatus = OK
Seq_Frame0047_Timestamp = 6.099
Seq_Frame0048_DriverToReference-SequenceTransform =0.615539 -0.0123432 -0.78801 -8.66178 -0.689018 0.476953 -0.545683 209.653 0.382579 0.878842 0.285078 142.419 0 0 0 1 
Seq_Frame0048_DriverToReference-SequenceTransformStatus = OK
Seq_Frame0048_Timestamp = 6.203
Seq_Frame0049_DriverToReference-SequenceTransform =0.615539 -0.0123432 -0.78801 -8.66178 -0.689018 0.476953 -0.545683 209.653 0.382579 0.878842 0.285078 142.419 0 0 0 1 
Seq_Frame0049_DriverToReference-SequenceTransformStatus = OK
Seq_Frame0049_Timestamp = 6.308
Seq_Frame0050_DriverToReference-SequenceTransform =0.615539 -0.0123432 -0.78801 -8.66178 -0.689018 0.476953 -0.545683 209.653 0.382579 0.878842 0.285078 142.419 0 0 0 1 
Seq_Frame0050_DriverToReference-SequenceTransformStatus = OK
Seq_Frame0050_Timestamp = 6.619
Seq_Frame0051_DriverToReference-SequenceTransform =0.615539 -0.0123432 -0.78801 -8.66178 -0.689018 0.476953 -0.545683 209.653 0.382579 0.878842 0.285078 142.419 0 0 0 1 
Seq_Frame0051_DriverToReference-SequenceTransformStatus = OK
Seq_Frame0051_Timestamp = 6.934
Seq_Frame0052_DriverToReference-SequenceTransform =0.615539 -0.0123432 -0.78801 -8.66178 -0.689018 0.476953 -0.545683 209.653 0.382579 0.878842 0.285078 142.419 0 0 0 1 
Seq_Frame0052_DriverToReference-SequenceTransformStatus = OK
Seq_Frame0052_Timestamp = 7.089
Seq_Frame0053_DriverToReference-SequenceTransform =0.615539 -0.0123432 -0.78801 -8.66178 -0.689018 0.476953 -0.545683 209.653 0.382579 0.878842 0.285078 142.419 0 0 0 1 
Seq_Frame0053_DriverToReference-SequenceTransformStatus = OK
Seq_Frame0053_Timestamp = 7.206
Seq_Frame0054_DriverToReference-SequenceTransform =0.615539 -0.0123432 -0.78801 -8.66178 -0.689018 0.476953 -0.545683 209.653 0.382579 0.878842 0.285078 142.419 0 0 0 1 
Seq_Frame0054_DriverToReference-SequenceTransformStatus = OK
Seq_Frame0054_Timestamp = 7.309
Seq_Frame0055_DriverToReference-SequenceTransform =0.615539 -0.0123432 -0.78801 -8.66178 -0.689018 0.476953 -0.545683 209.653 0.382579 0.878842 0.285078 142.419 0 0 0 1 
Seq_Frame0055_DriverToReference-SequenceTransformStatus = OK
Seq_Frame0055_Timestamp = 7.415
Seq_Frame0056_DriverToReference-SequenceTransform =0.615539 -0.0123432 -0.78801 -8.66178 -0.689018 0.476953 -0.545683 209.653 0.382579 0.878842 0.285078 142.419 0 0 0 1 
Seq_Frame0056_DriverToReference-SequenceTransformStatus = OK
Seq_Frame0056_Timestamp = 7.524
Seq_Frame0057_DriverToReference-SequenceTransform =0.615539 -0.0123432 -0.78801 -8.66178 -0.689018 0.476953 -0.545683 209.653 0.382579 0.878842 0.285078 142.419 0 0 0 1 
Seq_Frame0057_DriverToReference-SequenceTransformStatus = OK
Seq_Frame0057_Timestamp = 7.629
Seq_Frame0058_DriverToReference-SequenceTransform =0.615539 -0.0123432 -0.78801 -8.66178 -0.689018 0.476953 -0.545683 209.653 0.382579 0.878842 0.285078 142.419 0 0 0 1 
Seq_Frame0058_DriverToReference-SequenceTransformStatus = OK
Seq_Frame0058_Timestamp = 8.059
Seq_Frame0059_DriverToReference-SequenceTransform =0.615539 -0.0123432 -0.78801 -8.66178 -0.689018 0.476953 -0.545683 209.653 0.382579 0.878842 0.285078 142.419 0 0 0 1 
Seq_Frame0059_DriverToReference-SequenceTransformStatus = OK
Seq_Frame0059_Timestamp = 8.175
Seq_Frame0060_DriverToReference-SequenceTransform =0.615539 -0.0123432 -0.78801 -8.66178 -0.689018 0.476953 -0.545683 209.653 0.382579 0.878842 0.285078 142.419 0 0 0 1 
Seq_Frame0060_DriverToReference-SequenceTransformStatus = OK
Seq_Frame0060_Timestamp = 8.284
Seq_Frame0061_DriverToReference-SequenceTransform =0.615539 -0.0123432 -0.78801 -8.66178 -0.689018 0.476953 -0.545683 209.653 0.382579 0.878842 0.285078 142.419 0 0 0 1 
Seq_Frame0061_DriverToReference-SequenceTransformStatus = OK
Seq_Frame0061_Timestamp = 8.394
Seq_Frame0062_DriverToReference-SequenceTransform =0.615539 -0.0123432 -0.78801 -8.66178 -0.689018 0.476953 -0.545683 209.653 0.382579 0.878842 0.285078 142.419 0 0 0 1 
Seq_Frame0062_DriverToReference-SequenceTransformStatus = OK
Seq_Frame0062_Timestamp = 8.499
Seq_Frame0063_DriverToReference-SequenceTransform =0.615539 -0.0123432 -0.78801 -8.66178 -0.689018 0.476953 -0.545683 209.653 0.382579 0.878842 0.285078 142.419 0 0 0 1 
Seq_Frame0063_DriverToReference-SequenceTransformStatus = OK
Seq_Frame0063_Timestamp = 8.599
Seq_Frame0064_DriverToReference-SequenceTransform =0.615539 -0.0123432 -0.78801 -8.66178 -0.689018 0.476953 -0.545683 209.653 0.382579 0.878842 0.285078 142.419 0 0 0 1 
Seq_Frame0064_DriverToReference-SequenceTransformStatus = OK
Seq_Frame0064_Timestamp = 8.71
Seq_Frame0065_DriverToReference-SequenceTransform =0.481875 -0.559327 -0.6745 126.929 -0.336681 0.592488 -0.73185 230.463 0.808976 0.579751 0.0971908 208.61 0 0 0 1 
Seq_Frame0065_DriverToReference-SequenceTransformStatus = OK
Seq_Frame0065_Timestamp = 8.816
Seq_Frame0066_DriverToReference-SequenceTransform =0.454179 -0.591383 -0.666323 118.17 -0.30171 0.601622 -0.73961 225.687 0.838268 0.536952 0.094818 213.686 0 0 0 1 
Seq_Frame0066_DriverToReference-SequenceTransformStatus = OK
Seq_Frame0066_Timestamp = 9.009
Seq_Frame0067_DriverToReference-SequenceTransform =0.454179 -0.591383 -0.666323 118.17 -0.30171 0.601622 -0.73961 225.687 0.838268 0.536952 0.094818 213.686 0 0 0 1 
Seq_Frame0067_DriverToReference-SequenceTransformStatus = OK
Seq_Frame0067_Timestamp = 9.109
Seq_Frame0068_DriverToReference-SequenceTransform =0.454179 -0.591383 -0.666323 118.17 -0.30171 0.601622 -0.73961 225.687 0.838268 0.536952 0.094818 213.686 0 0 0 1 
Seq_Frame0068_DriverToReference-SequenceTransformStatus = OK
Seq_Frame0068_Timestamp = 9.214
Seq_Frame0069_DriverToReference-SequenceTransform =0.454179 -0.591383 -0.666323 118.17 -0.30171 0.601622 -0.73961 225.687 0.838268 0.536952 0.094818 213.686 0 0 0 1 
Seq_Frame0069_DriverToReference-SequenceTransformStatus = OK
Seq_Frame0069_Timestamp = 9.644
Seq_Frame0070_DriverToReference-SequenceTransform =0.454179 -0.591383 -0.666323 118.17 -0.30171 0.601622 -0.73961 225.687 0.838268 0.536952 0.094818 213.686 0 0 0 1 
Seq_Frame0070_DriverToReference-SequenceTransformStatus = OK
Seq_Frame0070_Timestamp = 9.744
Seq_Frame0071_DriverToReference-SequenceTransform =0.454179 -0.591383 -0.666323 118.17 -0.30171 0.601622 -0.73961 225.687 0.838268 0.536952 0.094818 213.686 0 0 0 1 
Seq_Frame0071_DriverToReference-SequenceTransformStatus = OK
Seq_Frame0071_Timestamp = 9.85
Seq_Frame0072_DriverToReference-SequenceTransform =0.454179 -0.591383 -0.666323 118.17 -0.30171 0.601622 -0.73961 225.687 0.838268 0.536952 0.094818 213.686 0 0 0 1 
Seq_Frame0072_DriverToReference-SequenceTransformStatus = OK
Seq_Frame0072_Timestamp = 9.954
Seq_Frame0073_DriverToReference-SequenceTransform =0.454179 -0.591383 -0.666323 118.17 -0.30171 0.601622 -0.73961 225.687 0.838268 0.536952 0.094818 213.686 0 0 0 1 
Seq_Frame0073_DriverToReference-SequenceTransformStatus = OK
Seq_Frame0073_Timestamp = 10.059
Seq_Frame0074_DriverToReference-SequenceTransform =0.454179 -0.591383 -0.666323 118.17 -0.30171 0.601622 -0.73961 225.687 0.838268 0.536952 0.094818 213.686 0 0 0 1 
Seq_Frame0074_DriverToReference-SequenceTransformStatus = OK
Seq_Frame0074_Timestamp = 10.169
Seq_Frame0075_DriverToReference-SequenceTransform =0.454179 -0.591383 -0.666323 118.17 -0.30171 0.601622 -0.73961 225.687 0.838268 0.536952 0.094818 213.686 0 0 0 1 
Seq_Frame0075_DriverToReference-SequenceTransformStatus = OK
Seq_Frame0075_Timestamp = 10.273
Seq_Frame0076_DriverToReference-SequenceTransform =0.454179 -0.591383 -0.666323 118.17 -0.30171 0.601622 -0.73961 225.687 0.838268 0.536952 0.094818 213.686 0 0 0 1 
Seq_Frame0076_DriverToReference-SequenceTransformStatus = OK
Seq_Frame0076_Timestamp = 10.374
Seq_Frame0077_DriverToReference-SequenceTransform =0.454179 -0.591383 -0.666323 118.17 -0.30171 0.601622 -0.73961 225.687 0.838268 0.536952 0.094818 213.686 0 0 0 1 
Seq_Frame0077_DriverToReference-SequenceTransformStatus = OK
Seq_Frame0077_Timestamp = 10.474
Seq_Frame0078_DriverToReference-SequenceTransform =0.454179 -0.591383 -0.666323 118.17 -0.30171 0.601622 -0.73961 225.687 0.838268 0.536952 0.094818 213.686 0 0 0 1 
Seq_Frame0078_DriverToReference-SequenceTransformStatus = OK
Seq_Frame0078_Timestamp = 10.576
Seq_Frame0079_DriverToReference-SequenceTransform =0.454179 -0.591383 -0.666323 118.17 -0.30171 0.601622 -0.73961 225.687 0.838268 0.536952 0.094818 213.686 0 0 0 1 
Seq_Frame0079_DriverToReference-SequenceTransformStatus = OK
Seq_Frame0079_Timestamp = 10.678
Seq_Frame0080_DriverToReference-SequenceTransform =0.454179 -0.591383 -0.666323 118.17 -0.30171 0.601622 -0.73961 225.687 0.838268 0.536952 0.094818 213.686 0 0 0 1 
Seq_Frame0080_DriverToReference-SequenceTransformStatus = OK
Seq_Frame0080_Timestamp = 10.779
Seq_Frame0081_DriverToReference-SequenceTransform =0.454179 -0.591383 -0.666323 118.17 -0.30171 0.601622 -0.73961 225.687 0.838268 0.536952 0.094818 213.686 0 0 0 1 
Seq_Frame0081_DriverToReference-SequenceTransformStatus = OK
Seq_Frame0081_Timestamp = 10.879
Seq_Frame0082_DriverToReference-SequenceTransform =0.454179 -0.591383 -0.666323 118.17 -0.30171 0.601622 -0.73961 225.687 0.838268 0.536952 0.094818 213.686 0 0 0 1 
Seq_Frame0082_DriverToReference-SequenceTransformStatus = OK
Seq_Frame0082_Timestamp = 10.984
Seq_Frame0083_DriverToReference-SequenceTransform =0.454179 -0.591383 -0.666323 118.17 -0.30171 0.601622 -0.73961 225.687 0.838268 0.536952 0.094818 213.686 0 0 0 1 
Seq_Frame0083_DriverToReference-SequenceTransformStatus = OK
Seq_Frame0083_Timestamp = 11.089
Seq_Frame0084_DriverToReference-SequenceTransform =0.454179 -0.591383 -0.666323 118.17 -0.30171 0.601622 -0.73961 225.687 0.838268 0.536952 0.094818 213.686 0 0 0 1 
Seq_Frame0084_DriverToReference-SequenceTransformStatus = OK
Seq_Frame0084_Timestamp = 11.199
Seq_Frame0085_DriverToReference-SequenceTransform =0.454179 -0.591383 -0.666323 118.17 -0.30171 0.601622 -0.73961 225.687 0.838268 0.536952 0.094818 213.686 0 0 0 1 
Seq_Frame0085_DriverToReference-SequenceTransformStatus = OK
Seq_Frame0085_Timestamp = 11.309
Seq_Frame0086_DriverToReference-SequenceTransform =0.454179 -0.591383 -0.666323 118.17 -0.30171 0.601622 -0.73961 225.687 0.838268 0.536952 0.094818 213.686 0 0 0 1 
Seq_Frame0086_DriverToReference-SequenceTransformStatus = OK
Seq_Frame0086_Timestamp = 11.41
Seq_Frame0087_DriverToReference-SequenceTransform =0.454179 -0.591383 -0.666323 118.17 -0.30171 0.601622 -0.73961 225.687 0.838268 0.536952 0.094818 213.686 0 0 0 1 
Seq_Frame0087_DriverToReference-SequenceTransformStatus = OK
Seq_Frame0087_Timestamp = 11.514
Seq_Frame0088_DriverToReference-SequenceTransform =0.454179 -0.591383 -0.666323 118.17 -0.30171 0.601622 -0.73961 225.687 0.838268 0.536952 0.094818 213.686 0 0 0 1 
Seq_Frame0088_DriverToReference-SequenceTransformStatus = OK
Seq_Frame0088_Timestamp = 11.624
Seq_Frame0089_DriverToReference-SequenceTransform =0.454179 -0.591383 -0.666323 118.17 -0.30171 0.601622 -0.73961 225.687 0.838268 0.536952 0.094818 213.686 0 0 0 1 
Seq_Frame0089_DriverToReference-SequenceTransformStatus = OK
Seq_Frame0089_Timestamp = 11.724
Seq_Frame0090_DriverToReference-SequenceTransform =0.454179 -0.591383 -0.666323 118.17 -0.30171 0.601622 -0.73961 225.687 0.838268 0.536952 0.094818 213.686 0 0 0 1 
Seq_Frame0090_DriverToReference-SequenceTransformStatus = OK
Seq_Frame0090_Timestamp = 11.834
Seq_Frame0091_DriverToReference-SequenceTransform =0.454179 -0.591383 -0.666323 118.17 -0.30171 0.601622 -0.73961 225.687 0.838268 0.536952 0.094818 213.686 0 0 0 1 
Seq_Frame0091_DriverToReference-SequenceTransformStatus = OK
Seq_Frame0091_Timestamp = 11.939
Seq_Frame0092_DriverToReference-SequenceTransform =0.454179 -0.591383 -0.666323 118.17 -0.30171 0.601622 -0.73961 225.687 0.838268 0.536952 0.094818 213.686 0 0 0 1 
Seq_Frame0092_DriverToReference-SequenceTransformStatus = OK
Seq_Frame0092_Timestamp = 12.041
Seq_Frame0093_DriverToReference-SequenceTransform =0.454179 -0.591383 -0.666323 118.17 -0.30171 0.601622 -0.73961 225.687 0.838268 0.536952 0.094818 213.686 0 0 0 1 
Seq_Frame0093_DriverToReference-SequenceTransformStatus = OK
Seq_Frame0093_Timestamp = 12.149
Seq_Frame0094_DriverToReference-SequenceTransform =0.454179 -0.591383 -0.666323 118.17 -0.30171 0.601622 -0.73961 225.687 0.838268 0.536952 0.094818 213.686 0 0 0 1 
Seq_Frame0094_DriverToReference-SequenceTransformStatus = OK
Seq_Frame0094_Timestamp = 12.25
Seq_Frame0095_DriverToReference-SequenceTransform =0.454179 -0.591383 -0.666323 118.17 -0.30171 0.601622 -0.73961 225.687 0.838268 0.536952 0.094818 213.686 0 0 0 1 
Seq_Frame0095_DriverToReference-SequenceTransformStatus = OK
Seq_Frame0095_Timestamp = 12.359
Seq_Frame0096_DriverToReference-SequenceTransform =0.454179 -0.591383 -0.666323 118.17 -0.30171 0.601622 -0.73961 225.687 0.838268 0.536952 0.094818 213.686 0 0 0 1 
Seq_Frame0096_DriverToReference-SequenceTransformStatus = OK
Seq_Frame0096_Timestamp = 12.464
Seq_Frame0097_DriverToReference-SequenceTransform =0.454179 -0.591383 -0.666323 118.17 -0.30171 0.601622 -0.73961 225.687 0.838268 0.536952 0.094818 213.686 0 0 0 1 
Seq_Frame0097_DriverToReference-SequenceTransformStatus = OK
Seq_Frame0097_Timestamp = 12.575
Seq_Frame0098_DriverToReference-SequenceTransform =0.454179 -0.591383 -0.666323 118.17 -0.30171 0.601622 -0.73961 225.687 0.838268 0.536952 0.094818 213.686 0 0 0 1 
Seq_Frame0098_DriverToReference-SequenceTransformStatus = OK
Seq_Frame0098_Timestamp = 12.684
Seq_Frame0099_DriverToReference-SequenceTransform =0.454179 -0.591383 -0.666323 118.17 -0.30171 0.601622 -0.73961 225.687 0.838268 0.536952 0.094818 213.686 0 0 0 1 
Seq_Frame0099_DriverToReference-SequenceTransformStatus = OK
Seq_Frame0099_Timestamp = 12.789
Seq_Frame0100_DriverToReference-SequenceTransform =0.454179 -0.591383 -0.666323 118.17 -0.30171 0.601622 -0.73961 225.687 0.838268 0.536952 0.094818 213.686 0 0 0 1 
Seq_Frame0100_DriverToReference-SequenceTransformStatus = OK
Seq_Frame0100_Timestamp = 12.889
Seq_Frame0101_DriverToReference-SequenceTransform =0.454179 -0.591383 -0.666323 118.17 -0.30171 0.601622 -0.73961 225.687 0.838268 0.536952 0.094818 213.686 0 0 0 1 
Seq_Frame0101_DriverToReference-SequenceTransformStatus = OK
Seq_Frame0101_Timestamp = 12.999
Seq_Frame0102_DriverToReference-SequenceTransform =0.454179 -0.591383 -0.666323 118.17 -0.30171 0.601622 -0.73961 225.687 0.838268 0.536952 0.094818 213.686 0 0 0 1 
Seq_Frame0102_DriverToReference-SequenceTransformStatus = OK
Seq_Frame0102_Timestamp = 13.099
Seq_Frame0103_DriverToReference-SequenceTransform =0.454179 -0.591383 -0.666323 118.17 -0.30171 0.601622 -0.73961 225.687 0.838268 0.536952 0.094818 213.686 0 0 0 1 
Seq_Frame0103_DriverToReference-SequenceTransformStatus = OK
Seq_Frame0103_Timestamp = 13.2
Seq_Frame0104_DriverToReference-SequenceTransform =0.454179 -0.591383 -0.666323 118.17 -0.30171 0.601622 -0.73961 225.687 0.838268 0.536952 0.094818 213.686 0 0 0 1 
Seq_Frame0104_DriverToReference-SequenceTransformStatus = OK
Seq_Frame0104_Timestamp = 13.3
Seq_Frame0105_DriverToReference-SequenceTransform =0.454179 -0.591383 -0.666323 118.17 -0.30171 0.601622 -0.73961 225.687 0.838268 0.536952 0.094818 213.686 0 0 0 1 
Seq_Frame0105_DriverToReference-SequenceTransformStatus = OK
Seq_Frame0105_Timestamp = 13.403
Seq_Frame0106_DriverToReference-SequenceTransform =0.454179 -0.591383 -0.666323 118.17 -0.30171 0.601622 -0.73961 225.687 0.838268 0.536952 0.094818 213.686 0 0 0 1 
Seq_Frame0106_DriverToReference-SequenceTransformStatus = OK
Seq_Frame0106_Timestamp = 13.504
Seq_Frame0107_DriverToReference-SequenceTransform =0.454179 -0.591383 -0.666323 118.17 -0.30171 0.601622 -0.73961 225.687 0.838268 0.536952 0.094818 213.686 0 0 0 1 
Seq_Frame0107_DriverToReference-SequenceTransformStatus = OK
Seq_Frame0107_Timestamp = 13.614
Seq_Frame0108_DriverToReference-SequenceTransform =0.454179 -0.591383 -0.666323 118.17 -0.30171 0.601622 -0.73961 225.687 0.838268 0.536952 0.094818 213.686 0 0 0 1 
Seq_Frame0108_DriverToReference-SequenceTransformStatus = OK
Seq_Frame0108_Timestamp = 13.714
Seq_Frame0109_DriverToReference-SequenceTransform =0.454179 -0.591383 -0.666323 118.17 -0.30171 0.601622 -0.73961 225.687 0.838268 0.536952 0.094818 213.686 0 0 0 1 
Seq_Frame0109_DriverToReference-SequenceTransformStatus = OK
Seq_Frame0109_Timestamp = 13.815
Seq_Frame0110_DriverToReference-SequenceTransform =0.454179 -0.591383 -0.666323 118.17 -0.30171 0.601622 -0.73961 225.687 0.838268 0.536952 0.094818 213.686 0 0 0 1 
Seq_Frame0110_DriverToReference-SequenceTransformStatus = OK
Seq_Frame0110_Timestamp = 13.919
Seq_Frame0111_DriverToReference-SequenceTransform =0.454179 -0.591383 -0.666323 118.17 -0.30171 0.601622 -0.73961 225.687 0.838268 0.536952 0.094818 213.686 0 0 0 1 
Seq_Frame0111_DriverToReference-SequenceTransformStatus = OK
Seq_Frame0111_Timestamp = 15.864
Seq_Frame0112_DriverToReference-SequenceTransform =0.454179 -0.591383 -0.666323 118.17 -0.30171 0.601622 -0.73961 225.687 0.838268 0.536952 0.094818 213.686 0 0 0 1 
Seq_Frame0112_DriverToReference-SequenceTransformStatus = OK
Seq_Frame0112_Timestamp = 16.483
Seq_Frame0113_DriverToReference-SequenceTransform =0.454179 -0.591383 -0.666323 118.17 -0.30171 0.601622 -0.73961 225.687 0.838268 0.536952 0.094818 213.686 0 0 0 1 
Seq_Frame0113_DriverToReference-SequenceTransformStatus = OK
Seq_Frame0113_Timestamp = 16.584
Seq_Frame0114_DriverToReference-SequenceTransform =0.454179 -0.591383 -0.666323 118.17 -0.30171 0.601622 -0.73961 225.687 0.838268 0.536952 0.094818 213.686 0 0 0 1 
Seq_Frame0114_DriverToReference-SequenceTransformStatus = OK
Seq_Frame0114_Timestamp = 16.684
Seq_Frame0115_DriverToReference-SequenceTransform =0.454179 -0.591383 -0.666323 118.17 -0.30171 0.601622 -0.73961 225.687 0.838268 0.536952 0.094818 213.686 0 0 0 1 
Seq_Frame0115_DriverToReference-SequenceTransformStatus = OK
Seq_Frame0115_Timestamp = 16.979
Seq_Frame0116_DriverToReference-SequenceTransform =0.454179 -0.591383 -0.666323 118.17 -0.30171 0.601622 -0.73961 225.687 0.838268 0.536952 0.094818 213.686 0 0 0 1 
Seq_Frame0116_DriverToReference-SequenceTransformStatus = OK
Seq_Frame0116_Timestamp = 17.403
Seq_Frame0117_DriverToReference-SequenceTransform =-0.655351 -0.188089 -0.731531 94.3595 -0.468552 0.860867 0.198414 245.328 0.592431 0.472791 -0.652299 169.969 0 0 0 1 
Seq_Frame0117_DriverToReference-SequenceTransformStatus = OK
Seq_Frame0117_Timestamp = 17.504
Seq_Frame0118_DriverToReference-SequenceTransform =-0.656223 -0.171796 -0.73475 100.511 -0.481184 0.845334 0.232105 253.635 0.581234 0.505863 -0.637393 164.468 0 0 0 1 
Seq_Frame0118_DriverToReference-SequenceTransformStatus = OK
Seq_Frame0118_Timestamp = 17.609
Seq_Frame0119_DriverToReference-SequenceTransform =-0.605176 -0.156117 -0.780634 105.491 -0.498682 0.838697 0.218868 263.241 0.620547 0.521742 -0.585412 155.802 0 0 0 1 
Seq_Frame0119_DriverToReference-SequenceTransformStatus = OK
Seq_Frame0119_Timestamp = 17.714
Seq_Frame0120_DriverToReference-SequenceTransform =-0.58097 -0.12734 -0.803902 111.367 -0.479709 0.85148 0.211803 272.254 0.657535 0.508691 -0.555771 144.147 0 0 0 1 
Seq_Frame0120_DriverToReference-SequenceTransformStatus = OK
Seq_Frame0120_Timestamp = 17.815
Seq_Frame0121_DriverToReference-SequenceTransform =-0.509124 -0.092316 -0.855728 117.958 -0.495508 0.844377 0.203716 276.883 0.703751 0.527736 -0.475635 129.12 0 0 0 1 
Seq_Frame0121_DriverToReference-SequenceTransformStatus = OK
Seq_Frame0121_Timestamp = 17.924
Seq_Frame0122_DriverToReference-SequenceTransform =-0.448736 -0.0671251 -0.89114 124.457 -0.485206 0.8557 0.179871 278.294 0.750474 0.513101 -0.416552 114.431 0 0 0 1 
Seq_Frame0122_DriverToReference-SequenceTransformStatus = OK
Seq_Frame0122_Timestamp = 18.024
Seq_Frame0123_DriverToReference-SequenceTransform =-0.426783 -0.0520142 -0.902857 132.66 -0.492879 0.850422 0.183992 275.953 0.758239 0.523524 -0.388582 101.311 0 0 0 1 
Seq_Frame0123_DriverToReference-SequenceTransformStatus = OK
Seq_Frame0123_Timestamp = 18.129
Seq_Frame0124_DriverToReference-SequenceTransform =-0.412123 -0.0400573 -0.910247 138.682 -0.502941 0.84304 0.190612 274.907 0.75974 0.536356 -0.367583 89.0372 0 0 0 1 
Seq_Frame0124_DriverToReference-SequenceTransformStatus = OK
Seq_Frame0124_Timestamp = 18.238
Seq_Frame0125_DriverToReference-SequenceTransform =-0.386841 -0.0336804 -0.921531 141.976 -0.511674 0.83922 0.184119 275.543 0.767166 0.542748 -0.341878 79.2446 0 0 0 1 
Seq_Frame0125_DriverToReference-SequenceTransformStatus = OK
Seq_Frame0125_Timestamp = 18.349
Seq_Frame0126_DriverToReference-SequenceTransform =-0.393109 -0.0243113 -0.919171 143.519 -0.502346 0.842956 0.192547 277.806 0.770139 0.537433 -0.343586 69.7329 0 0 0 1 
Seq_Frame0126_DriverToReference-SequenceTransformStatus = OK
Seq_Frame0126_Timestamp = 18.454
Seq_Frame0127_DriverToReference-SequenceTransform =-0.359567 -0.0229919 -0.932836 146.557 -0.533119 0.825533 0.185147 279.56 0.76583 0.563885 -0.309092 63.1944 0 0 0 1 
Seq_Frame0127_DriverToReference-SequenceTransformStatus = OK
Seq_Frame0127_Timestamp = 18.558
Seq_Frame0128_DriverToReference-SequenceTransform =-0.360942 -0.0347276 -0.931942 150.286 -0.541163 0.821651 0.178975 282.979 0.759515 0.568932 -0.315361 55.8945 0 0 0 1 
Seq_Frame0128_DriverToReference-SequenceTransformStatus = OK
Seq_Frame0128_Timestamp = 18.658
Seq_Frame0129_DriverToReference-SequenceTransform =-0.351581 -0.0333438 -0.935564 154.014 -0.567902 0.802076 0.184829 285.755 0.74423 0.596291 -0.30093 49.7883 0 0 0 1 
Seq_Frame0129_DriverToReference-SequenceTransformStatus = OK
Seq_Frame0129_Timestamp = 18.759
Seq_Frame0130_DriverToReference-SequenceTransform =-0.353797 -0.0393305 -0.934495 156.657 -0.579828 0.793191 0.186137 288.64 0.733912 0.607701 -0.303433 44.7453 0 0 0 1 
Seq_Frame0130_DriverToReference-SequenceTransformStatus = OK
Seq_Frame0130_Timestamp = 18.864
Seq_Frame0131_DriverToReference-SequenceTransform =-0.356207 -0.0507325 -0.933029 160.715 -0.581761 0.793428 0.17896 292.262 0.731212 0.606546 -0.312139 40.4319 0 0 0 1 
Seq_Frame0131_DriverToReference-SequenceTransformStatus = OK
Seq_Frame0131_Timestamp = 18.964
Seq_Frame0132_DriverToReference-SequenceTransform =-0.36229 -0.0583036 -0.93024 161.633 -0.574871 0.799578 0.173774 294.414 0.733668 0.597725 -0.323196 37.1234 0 0 0 1 
Seq_Frame0132_DriverToReference-SequenceTransformStatus = OK
Seq_Frame0132_Timestamp = 19.074
Seq_Frame0133_DriverToReference-SequenceTransform =-0.348662 -0.0566755 -0.935533 163.939 -0.608377 0.772988 0.179906 297.751 0.71296 0.631884 -0.303992 33.6849 0 0 0 1 
Seq_Frame0133_DriverToReference-SequenceTransformStatus = OK
Seq_Frame0133_Timestamp = 19.185
Seq_Frame0134_DriverToReference-SequenceTransform =-0.355584 -0.060292 -0.932698 165.583 -0.608999 0.771942 0.182276 301.009 0.708999 0.632827 -0.311208 29.6739 0 0 0 1 
Seq_Frame0134_DriverToReference-SequenceTransformStatus = OK
Seq_Frame0134_Timestamp = 19.288
Seq_Frame0135_DriverToReference-SequenceTransform =-0.344346 -0.0577442 -0.937065 166.154 -0.628619 0.755525 0.184443 303.025 0.697326 0.65257 -0.296461 25.6959 0 0 0 1 
Seq_Frame0135_DriverToReference-SequenceTransformStatus = OK
Seq_Frame0135_Timestamp = 19.39
Seq_Frame0136_DriverToReference-SequenceTransform =-0.350763 -0.0603586 -0.934517 166.568 -0.620892 0.762037 0.183828 305.936 0.701041 0.644714 -0.304771 22.243 0 0 0 1 
Seq_Frame0136_DriverToReference-SequenceTransformStatus = OK
Seq_Frame0136_Timestamp = 19.49
Seq_Frame0137_DriverToReference-SequenceTransform =-0.336393 -0.072358 -0.938938 169.188 -0.637697 0.751163 0.17058 308.02 0.692952 0.656139 -0.298829 19.1646 0 0 0 1 
Seq_Frame0137_DriverToReference-SequenceTransformStatus = OK
Seq_Frame0137_Timestamp = 19.599
Seq_Frame0138_DriverToReference-SequenceTransform =-0.345444 -0.0769536 -0.935279 172.836 -0.643844 0.74451 0.176546 311.259 0.682739 0.663161 -0.306733 15.7792 0 0 0 1 
Seq_Frame0138_DriverToReference-SequenceTransformStatus = OK
Seq_Frame0138_Timestamp = 19.704
Seq_Frame0139_DriverToReference-SequenceTransform =-0.332851 -0.0829624 -0.939323 175.562 -0.664382 0.727529 0.171169 312.094 0.669184 0.681043 -0.297277 13.3889 0 0 0 1 
Seq_Frame0139_DriverToReference-SequenceTransformStatus = OK
Seq_Frame0139_Timestamp = 19.808
Seq_Frame0140_DriverToReference-SequenceTransform =-0.343475 -0.0980638 -0.934028 179.326 -0.660123 0.732623 0.165832 312.823 0.668029 0.673533 -0.316372 10.165 0 0 0 1 
Seq_Frame0140_DriverToReference-SequenceTransformStatus = OK
Seq_Frame0140_Timestamp = 19.91
Seq_Frame0141_DriverToReference-SequenceTransform =-0.343328 -0.096205 -0.934275 181.402 -0.675141 0.716804 0.17429 313.81 0.652925 0.690606 -0.311051 7.06723 0 0 0 1 
Seq_Frame0141_DriverToReference-SequenceTransformStatus = OK
Seq_Frame0141_Timestamp = 20.014
Seq_Frame0142_DriverToReference-SequenceTransform =-0.348832 -0.103887 -0.931409 184.322 -0.674823 0.717485 0.172709 315.902 0.65033 0.688783 -0.320387 3.6377 0 0 0 1 
Seq_Frame0142_DriverToReference-SequenceTransformStatus = OK
Seq_Frame0142_Timestamp = 20.116
Seq_Frame0143_DriverToReference-SequenceTransform =-0.335037 -0.10865 -0.935919 186.854 -0.69043 0.704235 0.165404 318.22 0.641136 0.701604 -0.31096 0.52372 0 0 0 1 
Seq_Frame0143_DriverToReference-SequenceTransformStatus = OK
Seq_Frame0143_Timestamp = 20.218
Seq_Frame0144_DriverToReference-SequenceTransform =-0.331177 -0.113873 -0.936672 188.42 -0.689921 0.706419 0.158054 321.249 0.643685 0.698574 -0.312513 -2.84904 0 0 0 1 
Seq_Frame0144_DriverToReference-SequenceTransformStatus = OK
Seq_Frame0144_Timestamp = 20.319
Seq_Frame0145_DriverToReference-SequenceTransform =-0.319332 -0.115443 -0.940585 190.336 -0.706593 0.6904 0.155155 323.692 0.631469 0.714157 -0.302038 -7.36434 0 0 0 1 
Seq_Frame0145_DriverToReference-SequenceTransformStatus = OK
Seq_Frame0145_Timestamp = 20.433
Seq_Frame0146_DriverToReference-SequenceTransform =-0.304102 -0.117214 -0.945401 193.048 -0.71491 0.683983 0.145159 327.463 0.629623 0.72002 -0.291798 -11.6921 0 0 0 1 
Seq_Frame0146_DriverToReference-SequenceTransformStatus = OK
Seq_Frame0146_Timestamp = 20.533
Seq_Frame0147_DriverToReference-SequenceTransform =-0.316716 -0.129344 -0.93966 196.505 -0.719178 0.678665 0.148984 331.708 0.618445 0.722968 -0.307966 -15.7631 0 0 0 1 
Seq_Frame0147_DriverToReference-SequenceTransformStatus = OK
Seq_Frame0147_Timestamp = 20.638
Seq_Frame0148_DriverToReference-SequenceTransform =-0.299202 -0.136561 -0.944367 200.17 -0.73536 0.663682 0.13701 335.109 0.608049 0.735443 -0.298996 -18.3268 0 0 0 1 
Seq_Frame0148_DriverToReference-SequenceTransformStatus = OK
Seq_Frame0148_Timestamp = 20.739
Seq_Frame0149_DriverToReference-SequenceTransform =-0.301531 -0.143808 -0.942549 202.748 -0.741132 0.657272 0.136814 336.134 0.599836 0.739806 -0.304768 -20.0351 0 0 0 1 
Seq_Frame0149_DriverToReference-SequenceTransformStatus = OK
Seq_Frame0149_Timestamp = 20.839
Seq_Frame0150_DriverToReference-SequenceTransform =-0.297651 -0.141844 -0.944078 204.362 -0.747188 0.65015 0.137893 338.687 0.594233 0.746448 -0.299502 -22.5842 0 0 0 1 
Seq_Frame0150_DriverToReference-SequenceTransformStatus = OK
Seq_Frame0150_Timestamp = 20.94
Seq_Frame0151_DriverToReference-SequenceTransform =-0.276195 -0.139408 -0.950937 204.502 -0.750706 0.649108 0.122879 340.759 0.600131 0.747812 -0.283935 -26.4404 0 0 0 1 
Seq_Frame0151_DriverToReference-SequenceTransformStatus = OK
Seq_Frame0151_Timestamp = 21.04
