ObjectType = Image
NDims = 3
AnatomicalOrientation = RAI
BinaryData = True
CompressedData = False
DimSize = 0 0 1744
ElementSpacing = 1 1 1
Offset = 0 0 0
TransformMatrix = 1 0 0 0 1 0 0 0 1
ElementType = MET_UCHAR
Kinds = domain domain list
Seq_Frame0000_ForcepToReference-SequenceTransform =0.201904 -0.880313 -0.429284 -142.715 0.185419 -0.396027 0.899323 69.2692 -0.961694 -0.261174 0.0832671 103.122 0 0 0 1 
Seq_Frame0000_ForcepToReference-SequenceTransformStatus = OK
Seq_Frame0000_Timestamp = 0.0189998
Seq_Frame0001_ForcepToReference-SequenceTransform =0.202348 -0.880348 -0.429002 -142.707 0.186175 -0.395495 0.899401 69.2552 -0.961454 -0.261862 0.0838713 103.153 0 0 0 1 
Seq_Frame0001_ForcepToReference-SequenceTransformStatus = OK
Seq_Frame0001_Timestamp = 0.119
Seq_Frame0002_ForcepToReference-SequenceTransform =0.201447 -0.88034 -0.429442 -142.683 0.185056 -0.396327 0.899266 69.2353 -0.961859 -0.260625 0.0830738 103.192 0 0 0 1 
Seq_Frame0002_ForcepToReference-SequenceTransformStatus = OK
Seq_Frame0002_Timestamp = 0.224
Seq_Frame0003_ForcepToReference-SequenceTransform =0.202249 -0.880054 -0.429652 -142.721 0.18511 -0.396457 0.899198 69.2815 -0.961681 -0.261395 0.0827233 103.112 0 0 0 1 
Seq_Frame0003_ForcepToReference-SequenceTransformStatus = OK
Seq_Frame0003_Timestamp = 0.325
Seq_Frame0004_ForcepToReference-SequenceTransform =0.200886 -0.880409 -0.429562 -142.68 0.184396 -0.396679 0.899246 69.2407 -0.962103 -0.259856 0.0826567 103.213 0 0 0 1 
Seq_Frame0004_ForcepToReference-SequenceTransformStatus = OK
Seq_Frame0004_Timestamp = 0.426
Seq_Frame0005_ForcepToReference-SequenceTransform =0.201292 -0.880405 -0.429382 -142.659 0.185141 -0.396257 0.899279 69.2134 -0.961876 -0.260513 0.0832356 103.251 0 0 0 1 
Seq_Frame0005_ForcepToReference-SequenceTransformStatus = OK
Seq_Frame0005_Timestamp = 0.528
Seq_Frame0006_ForcepToReference-SequenceTransform =0.201282 -0.880359 -0.429481 -142.684 0.185587 -0.396239 0.899195 69.2337 -0.961792 -0.260698 0.0836274 103.204 0 0 0 1 
Seq_Frame0006_ForcepToReference-SequenceTransformStatus = OK
Seq_Frame0006_Timestamp = 0.629
Seq_Frame0007_ForcepToReference-SequenceTransform =0.200912 -0.880389 -0.429593 -142.693 0.185871 -0.396309 0.899106 69.2553 -0.961814 -0.26049 0.0840157 103.194 0 0 0 1 
Seq_Frame0007_ForcepToReference-SequenceTransformStatus = OK
Seq_Frame0007_Timestamp = 0.73
Seq_Frame0008_ForcepToReference-SequenceTransform =0.193545 -0.881366 -0.430969 -142.699 0.19317 -0.396442 0.897507 69.1801 -0.961887 -0.256958 0.0935242 103.502 0 0 0 1 
Seq_Frame0008_ForcepToReference-SequenceTransformStatus = OK
Seq_Frame0008_Timestamp = 0.833
Seq_Frame0009_ForcepToReference-SequenceTransform =0.220618 -0.877508 -0.425802 -142.603 0.16759 -0.395962 0.902844 69.3177 -0.960854 -0.270544 0.0597046 102.51 0 0 0 1 
Seq_Frame0009_ForcepToReference-SequenceTransformStatus = OK
Seq_Frame0009_Timestamp = 0.94
Seq_Frame0010_ForcepToReference-SequenceTransform =0.268762 -0.874315 -0.404155 -142.457 0.101248 -0.391624 0.914538 69.8323 -0.95787 -0.286713 -0.0167315 100.781 0 0 0 1 
Seq_Frame0010_ForcepToReference-SequenceTransformStatus = OK
Seq_Frame0010_Timestamp = 1.049
Seq_Frame0011_ForcepToReference-SequenceTransform =0.533375 -0.845187 0.0341998 -137.995 -0.0820768 -0.0114715 0.99656 81.2897 -0.841887 -0.534348 -0.0754889 96.4314 0 0 0 1 
Seq_Frame0011_ForcepToReference-SequenceTransformStatus = OK
Seq_Frame0011_Timestamp = 1.423
Seq_Frame0012_ForcepToReference-SequenceTransform =0.58117 -0.808677 0.0910112 -142.382 0.0157679 0.123006 0.992281 88.5196 -0.813629 -0.575249 0.0842388 90.2082 0 0 0 1 
Seq_Frame0012_ForcepToReference-SequenceTransformStatus = OK
Seq_Frame0012_Timestamp = 1.526
Seq_Frame0013_ForcepToReference-SequenceTransform =0.578375 -0.815432 0.023498 -146.767 0.0871224 0.0903833 0.992089 95.6947 -0.811105 -0.571752 0.123318 86.9518 0 0 0 1 
Seq_Frame0013_ForcepToReference-SequenceTransformStatus = OK
Seq_Frame0013_Timestamp = 1.634
Seq_Frame0014_ForcepToReference-SequenceTransform =0.521985 -0.852949 -0.00291278 -148.374 0.10598 0.0614678 0.992467 105.393 -0.846345 -0.518362 0.12248 81.1947 0 0 0 1 
Seq_Frame0014_ForcepToReference-SequenceTransformStatus = OK
Seq_Frame0014_Timestamp = 1.74
Seq_Frame0015_ForcepToReference-SequenceTransform =0.476412 -0.874563 -0.0903975 -144.086 0.289048 0.0586923 0.955514 130.177 -0.830351 -0.481348 0.280753 66.3763 0 0 0 1 
Seq_Frame0015_ForcepToReference-SequenceTransformStatus = OK
Seq_Frame0015_Timestamp = 1.849
Seq_Frame0016_ForcepToReference-SequenceTransform =0.438562 -0.878346 -0.19019 -134.199 0.413119 0.00909149 0.910632 156.887 -0.79812 -0.47794 0.366848 54.7745 0 0 0 1 
Seq_Frame0016_ForcepToReference-SequenceTransformStatus = OK
Seq_Frame0016_Timestamp = 1.95
Seq_Frame0017_ForcepToReference-SequenceTransform =0.419779 -0.865362 -0.27374 -122.615 0.470721 -0.0502962 0.880847 174.424 -0.77602 -0.498617 0.386231 48.0801 0 0 0 1 
Seq_Frame0017_ForcepToReference-SequenceTransformStatus = OK
Seq_Frame0017_Timestamp = 2.05
Seq_Frame0018_ForcepToReference-SequenceTransform =0.435135 -0.835137 -0.336459 -113.212 0.541457 -0.0558458 0.838872 181.851 -0.719362 -0.5472 0.42789 48.7929 0 0 0 1 
Seq_Frame0018_ForcepToReference-SequenceTransformStatus = OK
Seq_Frame0018_Timestamp = 2.158
Seq_Frame0019_ForcepToReference-SequenceTransform =0.419551 -0.830719 -0.3659 -108.765 0.529482 -0.103452 0.841989 175.786 -0.73731 -0.546995 0.396448 51.678 0 0 0 1 
Seq_Frame0019_ForcepToReference-SequenceTransformStatus = OK
Seq_Frame0019_Timestamp = 2.265
Seq_Frame0020_ForcepToReference-SequenceTransform =0.460677 -0.824054 -0.329715 -100.638 0.396524 -0.141268 0.90709 158.221 -0.794069 -0.548615 0.261678 54.3901 0 0 0 1 
Seq_Frame0020_ForcepToReference-SequenceTransformStatus = OK
Seq_Frame0020_Timestamp = 2.368
Seq_Frame0021_ForcepToReference-SequenceTransform =0.423791 -0.852857 -0.305019 -102.346 0.34873 -0.157159 0.923953 149.988 -0.835936 -0.497931 0.230814 56.4349 0 0 0 1 
Seq_Frame0021_ForcepToReference-SequenceTransformStatus = OK
Seq_Frame0021_Timestamp = 2.474
Seq_Frame0022_ForcepToReference-SequenceTransform =0.397867 -0.872646 -0.283181 -107.44 0.309966 -0.162655 0.936731 143.763 -0.863495 -0.460471 0.205775 58.0093 0 0 0 1 
Seq_Frame0022_ForcepToReference-SequenceTransformStatus = OK
Seq_Frame0022_Timestamp = 2.579
Seq_Frame0023_ForcepToReference-SequenceTransform =0.396819 -0.867833 -0.299 -103.628 0.327221 -0.170597 0.929421 142.207 -0.85759 -0.466651 0.216277 55.3724 0 0 0 1 
Seq_Frame0023_ForcepToReference-SequenceTransformStatus = OK
Seq_Frame0023_Timestamp = 2.693
Seq_Frame0024_ForcepToReference-SequenceTransform =0.390755 -0.859671 -0.329054 -98.4156 0.394134 -0.166793 0.903791 144.576 -0.831847 -0.482852 0.27365 49.6268 0 0 0 1 
Seq_Frame0024_ForcepToReference-SequenceTransformStatus = OK
Seq_Frame0024_Timestamp = 2.794
Seq_Frame0025_ForcepToReference-SequenceTransform =0.373119 -0.846699 -0.379318 -91.1507 0.516958 -0.149764 0.842808 152.8 -0.770413 -0.510559 0.381828 42.2607 0 0 0 1 
Seq_Frame0025_ForcepToReference-SequenceTransformStatus = OK
Seq_Frame0025_Timestamp = 2.895
Seq_Frame0026_ForcepToReference-SequenceTransform =0.399535 -0.850758 -0.341443 -85.7994 0.501796 -0.108745 0.858123 151.708 -0.767185 -0.514185 0.383459 30.9425 0 0 0 1 
Seq_Frame0026_ForcepToReference-SequenceTransformStatus = OK
Seq_Frame0026_Timestamp = 2.998
Seq_Frame0027_ForcepToReference-SequenceTransform =0.246951 -0.898072 -0.363982 -90.3774 0.618733 -0.142945 0.772487 149.165 -0.745778 -0.415974 0.520366 11.7475 0 0 0 1 
Seq_Frame0027_ForcepToReference-SequenceTransformStatus = OK
Seq_Frame0027_Timestamp = 3.099
Seq_Frame0028_ForcepToReference-SequenceTransform =0.204339 -0.938598 -0.277992 -94.0357 0.661746 -0.0768182 0.745782 145.607 -0.721345 -0.336352 0.605416 -14.263 0 0 0 1 
Seq_Frame0028_ForcepToReference-SequenceTransformStatus = OK
Seq_Frame0028_Timestamp = 3.204
Seq_Frame0029_ForcepToReference-SequenceTransform =0.183329 -0.953036 -0.241064 -94.8752 0.672104 -0.0574411 0.738225 144.484 -0.717402 -0.297359 0.630009 -20.4041 0 0 0 1 
Seq_Frame0029_ForcepToReference-SequenceTransformStatus = OK
Seq_Frame0029_Timestamp = 3.305
Seq_Frame0030_ForcepToReference-SequenceTransform =-0.761843 0.538999 0.359271 -76.8167 -0.157352 0.384031 -0.909813 143.86 -0.628359 -0.749667 -0.207759 -21.5344 0 0 0 1 
Seq_Frame0030_ForcepToReference-SequenceTransformStatus = OK
Seq_Frame0030_Timestamp = 3.634
Seq_Frame0031_ForcepToReference-SequenceTransform =-0.780102 0.532273 0.328825 -73.187 -0.0904676 0.424083 -0.901093 146.981 -0.619077 -0.732693 -0.282674 -13.5605 0 0 0 1 
Seq_Frame0031_ForcepToReference-SequenceTransformStatus = OK
Seq_Frame0031_Timestamp = 3.735
Seq_Frame0032_ForcepToReference-SequenceTransform =-0.807481 0.511456 0.293918 -73.0598 0.00652922 0.505974 -0.862524 148.876 -0.589858 -0.694553 -0.411904 -12.1173 0 0 0 1 
Seq_Frame0032_ForcepToReference-SequenceTransformStatus = OK
Seq_Frame0032_Timestamp = 3.84
Seq_Frame0033_ForcepToReference-SequenceTransform =0.241417 -0.970189 -0.0212652 -75.4963 0.910977 0.219022 0.349501 147.462 -0.334424 -0.103747 0.936695 -11.4033 0 0 0 1 
Seq_Frame0033_ForcepToReference-SequenceTransformStatus = OK
Seq_Frame0033_Timestamp = 3.968
Seq_Frame0034_ForcepToReference-SequenceTransform =0.234175 -0.972003 -0.019277 -77.6723 0.920629 0.215339 0.325687 147.048 -0.312417 -0.0940147 0.945281 -12.3469 0 0 0 1 
Seq_Frame0034_ForcepToReference-SequenceTransformStatus = OK
Seq_Frame0034_Timestamp = 4.164
Seq_Frame0035_ForcepToReference-SequenceTransform =0.229848 -0.972772 -0.0297401 -76.2507 0.926462 0.209342 0.3128 149.212 -0.298057 -0.0994495 0.949353 -10.4338 0 0 0 1 
Seq_Frame0035_ForcepToReference-SequenceTransformStatus = OK
Seq_Frame0035_Timestamp = 4.268
Seq_Frame0036_ForcepToReference-SequenceTransform =0.22121 -0.973016 -0.0656161 -74.4436 0.928095 0.189379 0.320585 151.548 -0.299508 -0.131815 0.944944 -7.69841 0 0 0 1 
Seq_Frame0036_ForcepToReference-SequenceTransformStatus = OK
Seq_Frame0036_Timestamp = 4.374
Seq_Frame0037_ForcepToReference-SequenceTransform =0.215605 -0.97315 -0.0805832 -73.3743 0.935552 0.182222 0.302552 153.719 -0.279744 -0.140621 0.94972 -5.85224 0 0 0 1 
Seq_Frame0037_ForcepToReference-SequenceTransformStatus = OK
Seq_Frame0037_Timestamp = 4.484
Seq_Frame0038_ForcepToReference-SequenceTransform =0.19764 -0.976743 -0.0831346 -72.7242 0.940112 0.164833 0.298362 154.681 -0.27772 -0.137124 0.950825 -5.16924 0 0 0 1 
Seq_Frame0038_ForcepToReference-SequenceTransformStatus = OK
Seq_Frame0038_Timestamp = 4.589
Seq_Frame0039_ForcepToReference-SequenceTransform =0.168387 -0.982693 -0.0772075 -70.0374 0.937145 0.135313 0.321636 154.507 -0.305622 -0.126514 0.943711 -5.64368 0 0 0 1 
Seq_Frame0039_ForcepToReference-SequenceTransformStatus = OK
Seq_Frame0039_Timestamp = 4.691
Seq_Frame0040_ForcepToReference-SequenceTransform =0.121697 -0.988276 -0.0921938 -63.8395 0.919226 0.0771761 0.386092 153.709 -0.374451 -0.131733 0.917841 -5.85803 0 0 0 1 
Seq_Frame0040_ForcepToReference-SequenceTransformStatus = OK
Seq_Frame0040_Timestamp = 4.793
Seq_Frame0041_ForcepToReference-SequenceTransform =0.0927256 -0.989999 -0.106318 -58.1924 0.917715 0.0435523 0.394844 157.562 -0.386265 -0.134182 0.912576 -4.57669 0 0 0 1 
Seq_Frame0041_ForcepToReference-SequenceTransformStatus = OK
Seq_Frame0041_Timestamp = 4.895
Seq_Frame0042_ForcepToReference-SequenceTransform =0.0687585 -0.989681 -0.12571 -51.9322 0.931683 0.0186467 0.362793 165.089 -0.356706 -0.142067 0.923351 -3.82997 0 0 0 1 
Seq_Frame0042_ForcepToReference-SequenceTransformStatus = OK
Seq_Frame0042_Timestamp = 4.998
Seq_Frame0043_ForcepToReference-SequenceTransform =0.0266107 -0.986876 -0.159275 -40.9416 0.928325 -0.034707 0.370146 170.302 -0.370816 -0.157708 0.915218 -5.40162 0 0 0 1 
Seq_Frame0043_ForcepToReference-SequenceTransformStatus = OK
Seq_Frame0043_Timestamp = 5.099
Seq_Frame0044_ForcepToReference-SequenceTransform =0.0318745 -0.952778 -0.301989 -24.2399 0.924729 -0.0865455 0.370656 172.117 -0.379288 -0.291073 0.878304 1.68148 0 0 0 1 
Seq_Frame0044_ForcepToReference-SequenceTransformStatus = OK
Seq_Frame0044_Timestamp = 5.207
Seq_Frame0045_ForcepToReference-SequenceTransform =0.0313332 -0.96963 -0.242561 5.43326 0.958567 -0.0395946 0.282103 177.702 -0.283139 -0.24135 0.928215 14.8542 0 0 0 1 
Seq_Frame0045_ForcepToReference-SequenceTransformStatus = OK
Seq_Frame0045_Timestamp = 5.889
Seq_Frame0046_ForcepToReference-SequenceTransform =0.0239398 -0.965421 -0.259595 8.93618 0.950346 -0.0586147 0.305625 179.605 -0.310273 -0.254022 0.91608 16.3846 0 0 0 1 
Seq_Frame0046_ForcepToReference-SequenceTransformStatus = OK
Seq_Frame0046_Timestamp = 5.99
Seq_Frame0047_ForcepToReference-SequenceTransform =0.0394307 -0.963789 -0.263734 13.1157 0.950721 -0.0450465 0.306759 181.734 -0.307531 -0.262833 0.914518 18.1551 0 0 0 1 
Seq_Frame0047_ForcepToReference-SequenceTransformStatus = OK
Seq_Frame0047_Timestamp = 6.099
Seq_Frame0048_ForcepToReference-SequenceTransform =0.0471534 -0.951762 -0.303194 18.1312 0.960178 -0.0404924 0.27644 182.916 -0.275382 -0.304155 0.911951 21.0138 0 0 0 1 
Seq_Frame0048_ForcepToReference-SequenceTransformStatus = OK
Seq_Frame0048_Timestamp = 6.203
Seq_Frame0049_ForcepToReference-SequenceTransform =0.00793889 -0.933479 -0.358544 21.617 0.932698 -0.122376 0.339261 182.629 -0.36057 -0.337106 0.869683 21.0973 0 0 0 1 
Seq_Frame0049_ForcepToReference-SequenceTransformStatus = OK
Seq_Frame0049_Timestamp = 6.308
Seq_Frame0050_ForcepToReference-SequenceTransform =-0.46719 0.500971 0.728534 28.0397 -0.147743 0.768168 -0.622968 186.55 -0.871726 -0.39868 -0.284866 15.4598 0 0 0 1 
Seq_Frame0050_ForcepToReference-SequenceTransformStatus = OK
Seq_Frame0050_Timestamp = 6.619
Seq_Frame0051_ForcepToReference-SequenceTransform =-0.385145 0.394872 0.83411 31.0219 -0.272401 0.814921 -0.511567 173.868 -0.881737 -0.42424 -0.2063 4.87899 0 0 0 1 
Seq_Frame0051_ForcepToReference-SequenceTransformStatus = OK
Seq_Frame0051_Timestamp = 6.934
Seq_Frame0052_ForcepToReference-SequenceTransform =-0.332695 0.329363 0.883648 29.3594 -0.346548 0.828763 -0.439382 174.905 -0.877051 -0.452407 -0.161585 3.06419 0 0 0 1 
Seq_Frame0052_ForcepToReference-SequenceTransformStatus = OK
Seq_Frame0052_Timestamp = 7.089
Seq_Frame0053_ForcepToReference-SequenceTransform =-0.306187 0.328206 0.893605 29.9327 -0.287539 0.862962 -0.415474 175.756 -0.907508 -0.384159 -0.169856 7.05645 0 0 0 1 
Seq_Frame0053_ForcepToReference-SequenceTransformStatus = OK
Seq_Frame0053_Timestamp = 7.206
Seq_Frame0054_ForcepToReference-SequenceTransform =-0.262994 -0.69785 -0.666213 30.2218 0.937509 -0.347916 -0.00565281 175.699 -0.227841 -0.626067 0.74574 10.4584 0 0 0 1 
Seq_Frame0054_ForcepToReference-SequenceTransformStatus = OK
Seq_Frame0054_Timestamp = 7.309
Seq_Frame0055_ForcepToReference-SequenceTransform =-0.282486 -0.74465 -0.604729 30.2825 0.936571 -0.350427 -0.00598977 175.596 -0.207453 -0.568064 0.796409 9.22144 0 0 0 1 
Seq_Frame0055_ForcepToReference-SequenceTransformStatus = OK
Seq_Frame0055_Timestamp = 7.415
Seq_Frame0056_ForcepToReference-SequenceTransform =-0.302395 -0.783026 -0.543533 28.8569 0.935258 -0.353807 -0.0106305 175.501 -0.183982 -0.511558 0.839321 7.10767 0 0 0 1 
Seq_Frame0056_ForcepToReference-SequenceTransformStatus = OK
Seq_Frame0056_Timestamp = 7.524
Seq_Frame0057_ForcepToReference-SequenceTransform =-0.321128 -0.80694 -0.495706 27.6645 0.931648 -0.36315 -0.0123814 175.814 -0.170025 -0.465799 0.868402 5.67347 0 0 0 1 
Seq_Frame0057_ForcepToReference-SequenceTransformStatus = OK
Seq_Frame0057_Timestamp = 7.629
Seq_Frame0058_ForcepToReference-SequenceTransform =-0.446452 0.246821 0.860093 23.4054 -0.226989 0.898524 -0.375674 174.928 -0.865538 -0.362952 -0.345122 2.71541 0 0 0 1 
Seq_Frame0058_ForcepToReference-SequenceTransformStatus = OK
Seq_Frame0058_Timestamp = 8.059
Seq_Frame0059_ForcepToReference-SequenceTransform =-0.344557 0.249207 0.905084 20.2819 -0.245232 0.90675 -0.343023 176.68 -0.906169 -0.340146 -0.251314 3.05137 0 0 0 1 
Seq_Frame0059_ForcepToReference-SequenceTransformStatus = OK
Seq_Frame0059_Timestamp = 8.175
Seq_Frame0060_ForcepToReference-SequenceTransform =-0.33322 0.222581 0.9162 12.6922 -0.243802 0.918346 -0.311772 182.505 -0.910783 -0.32726 -0.251745 -0.228981 0 0 0 1 
Seq_Frame0060_ForcepToReference-SequenceTransformStatus = OK
Seq_Frame0060_Timestamp = 8.284
Seq_Frame0061_ForcepToReference-SequenceTransform =-0.410705 0.186883 0.89241 3.67545 -0.260018 0.914117 -0.311095 186.221 -0.873906 -0.359811 -0.32684 -7.33777 0 0 0 1 
Seq_Frame0061_ForcepToReference-SequenceTransformStatus = OK
Seq_Frame0061_Timestamp = 8.394
Seq_Frame0062_ForcepToReference-SequenceTransform =-0.40859 0.173745 0.896028 -2.93774 -0.255711 0.920608 -0.295116 189.947 -0.876165 -0.349706 -0.331723 -10.1219 0 0 0 1 
Seq_Frame0062_ForcepToReference-SequenceTransformStatus = OK
Seq_Frame0062_Timestamp = 8.499
Seq_Frame0063_ForcepToReference-SequenceTransform =-0.430358 0.156361 0.889013 -5.77004 -0.272555 0.916403 -0.293119 191.964 -0.860526 -0.368451 -0.351764 -10.8603 0 0 0 1 
Seq_Frame0063_ForcepToReference-SequenceTransformStatus = OK
Seq_Frame0063_Timestamp = 8.599
Seq_Frame0064_ForcepToReference-SequenceTransform =-0.428708 0.162582 0.888694 -5.37618 -0.252078 0.923082 -0.290476 195.235 -0.867563 -0.348549 -0.35475 -8.92633 0 0 0 1 
Seq_Frame0064_ForcepToReference-SequenceTransformStatus = OK
Seq_Frame0064_Timestamp = 8.71
Seq_Frame0065_ForcepToReference-SequenceTransform =-0.397824 0.19562 0.896364 3.04354 -0.227315 0.925525 -0.302871 197.258 -0.888856 -0.324247 -0.323728 1.60816 0 0 0 1 
Seq_Frame0065_ForcepToReference-SequenceTransformStatus = OK
Seq_Frame0065_Timestamp = 8.816
Seq_Frame0066_ForcepToReference-SequenceTransform =-0.398995 0.273898 0.87509 23.3435 -0.1808 0.912111 -0.36792 206.475 -0.898952 -0.305014 -0.314407 32.9958 0 0 0 1 
Seq_Frame0066_ForcepToReference-SequenceTransformStatus = OK
Seq_Frame0066_Timestamp = 9.009
Seq_Frame0067_ForcepToReference-SequenceTransform =-0.330067 0.347905 0.877507 32.8824 -0.0686321 0.918299 -0.389893 207.445 -0.941459 -0.188916 -0.279222 50.9354 0 0 0 1 
Seq_Frame0067_ForcepToReference-SequenceTransformStatus = OK
Seq_Frame0067_Timestamp = 9.109
Seq_Frame0068_ForcepToReference-SequenceTransform =-0.327091 0.412832 0.850048 41.898 -0.116167 0.87514 -0.469718 206.928 -0.937826 -0.252388 -0.238293 60.5544 0 0 0 1 
Seq_Frame0068_ForcepToReference-SequenceTransformStatus = OK
Seq_Frame0068_Timestamp = 9.214
Seq_Frame0069_ForcepToReference-SequenceTransform =-0.0195151 -0.842685 -0.538053 53.4477 0.990656 -0.0889532 0.103385 211.585 -0.134983 -0.531008 0.836547 64.153 0 0 0 1 
Seq_Frame0069_ForcepToReference-SequenceTransformStatus = OK
Seq_Frame0069_Timestamp = 9.644
Seq_Frame0070_ForcepToReference-SequenceTransform =-0.00898582 -0.847905 -0.530072 55.924 0.991313 -0.0771117 0.106543 216.872 -0.131213 -0.52451 0.841233 68.0584 0 0 0 1 
Seq_Frame0070_ForcepToReference-SequenceTransformStatus = OK
Seq_Frame0070_Timestamp = 9.744
Seq_Frame0071_ForcepToReference-SequenceTransform =-0.000324302 -0.848749 -0.528795 58.4433 0.994826 -0.0539965 0.0860577 221.81 -0.101594 -0.526031 0.844375 72.9806 0 0 0 1 
Seq_Frame0071_ForcepToReference-SequenceTransformStatus = OK
Seq_Frame0071_Timestamp = 9.85
Seq_Frame0072_ForcepToReference-SequenceTransform =0.0248762 -0.856853 -0.514961 61.0238 0.997972 -0.00890346 0.0630237 222.892 -0.058587 -0.515485 0.854894 77.462 0 0 0 1 
Seq_Frame0072_ForcepToReference-SequenceTransformStatus = OK
Seq_Frame0072_Timestamp = 9.954
Seq_Frame0073_ForcepToReference-SequenceTransform =0.0420581 -0.871901 -0.487873 61.6827 0.999111 0.0352796 0.0230807 223.917 -0.0029121 -0.48841 0.87261 80.2937 0 0 0 1 
Seq_Frame0073_ForcepToReference-SequenceTransformStatus = OK
Seq_Frame0073_Timestamp = 10.059
Seq_Frame0074_ForcepToReference-SequenceTransform =0.0447294 -0.877309 -0.477837 60.6991 0.998835 0.0479457 0.00547078 225.117 0.0181106 -0.477525 0.878432 82.498 0 0 0 1 
Seq_Frame0074_ForcepToReference-SequenceTransformStatus = OK
Seq_Frame0074_Timestamp = 10.169
Seq_Frame0075_ForcepToReference-SequenceTransform =0.0607969 -0.889938 -0.452011 59.7003 0.998129 0.0571203 0.0217907 225.679 0.00642662 -0.452491 0.891746 82.5399 0 0 0 1 
Seq_Frame0075_ForcepToReference-SequenceTransformStatus = OK
Seq_Frame0075_Timestamp = 10.273
Seq_Frame0076_ForcepToReference-SequenceTransform =0.0752029 -0.895365 -0.438937 58.2243 0.996221 0.0482767 0.072205 224.474 -0.0434594 -0.442708 0.895612 77.4144 0 0 0 1 
Seq_Frame0076_ForcepToReference-SequenceTransformStatus = OK
Seq_Frame0076_Timestamp = 10.374
Seq_Frame0077_ForcepToReference-SequenceTransform =0.0689244 -0.894079 -0.442574 58.8301 0.996302 0.0388807 0.0766135 225.435 -0.051291 -0.446218 0.893453 77.3303 0 0 0 1 
Seq_Frame0077_ForcepToReference-SequenceTransformStatus = OK
Seq_Frame0077_Timestamp = 10.474
Seq_Frame0078_ForcepToReference-SequenceTransform =0.103222 -0.884717 -0.454555 62.9543 0.994323 0.0799071 0.0702676 226.18 -0.0258448 -0.459228 0.887942 80.2129 0 0 0 1 
Seq_Frame0078_ForcepToReference-SequenceTransformStatus = OK
Seq_Frame0078_Timestamp = 10.576
Seq_Frame0079_ForcepToReference-SequenceTransform =0.144956 -0.862986 -0.483987 68.8009 0.986502 0.0884013 0.137834 227.659 -0.0761641 -0.497434 0.864152 83.8598 0 0 0 1 
Seq_Frame0079_ForcepToReference-SequenceTransformStatus = OK
Seq_Frame0079_Timestamp = 10.678
Seq_Frame0080_ForcepToReference-SequenceTransform =0.30275 -0.89021 -0.340395 70.606 0.940832 0.2221 0.255942 225.749 -0.152241 -0.397741 0.904779 81.6744 0 0 0 1 
Seq_Frame0080_ForcepToReference-SequenceTransformStatus = OK
Seq_Frame0080_Timestamp = 10.779
Seq_Frame0081_ForcepToReference-SequenceTransform =0.209251 -0.879366 -0.427703 71.1253 0.969961 0.131166 0.204867 223.629 -0.124053 -0.457724 0.880397 81.5261 0 0 0 1 
Seq_Frame0081_ForcepToReference-SequenceTransformStatus = OK
Seq_Frame0081_Timestamp = 10.879
Seq_Frame0082_ForcepToReference-SequenceTransform =0.260776 -0.89178 -0.369762 70.1781 0.959759 0.19814 0.199006 225.593 -0.104205 -0.406778 0.907564 82.3453 0 0 0 1 
Seq_Frame0082_ForcepToReference-SequenceTransformStatus = OK
Seq_Frame0082_Timestamp = 10.984
Seq_Frame0083_ForcepToReference-SequenceTransform =0.240958 -0.874071 -0.421829 73.9727 0.962841 0.160668 0.217077 223.534 -0.121966 -0.45846 0.880306 80.0377 0 0 0 1 
Seq_Frame0083_ForcepToReference-SequenceTransformStatus = OK
Seq_Frame0083_Timestamp = 11.089
Seq_Frame0084_ForcepToReference-SequenceTransform =0.2387 -0.865996 -0.4394 75.7517 0.964212 0.157586 0.21322 225.836 -0.115405 -0.474571 0.872619 82.397 0 0 0 1 
Seq_Frame0084_ForcepToReference-SequenceTransformStatus = OK
Seq_Frame0084_Timestamp = 11.199
Seq_Frame0085_ForcepToReference-SequenceTransform =0.238914 -0.877954 -0.41487 73.1816 0.969966 0.195681 0.144478 229.002 -0.0456626 -0.436927 0.898337 86.7945 0 0 0 1 
Seq_Frame0085_ForcepToReference-SequenceTransformStatus = OK
Seq_Frame0085_Timestamp = 11.309
Seq_Frame0086_ForcepToReference-SequenceTransform =0.279319 -0.879846 -0.384514 73.9469 0.959136 0.236832 0.154816 231.644 -0.0451486 -0.412045 0.910044 88.0473 0 0 0 1 
Seq_Frame0086_ForcepToReference-SequenceTransformStatus = OK
Seq_Frame0086_Timestamp = 11.41
Seq_Frame0087_ForcepToReference-SequenceTransform =0.316475 -0.869893 -0.378325 76.0402 0.948403 0.282004 0.144934 236.96 -0.019388 -0.404672 0.914256 91.7551 0 0 0 1 
Seq_Frame0087_ForcepToReference-SequenceTransformStatus = OK
Seq_Frame0087_Timestamp = 11.514
Seq_Frame0088_ForcepToReference-SequenceTransform =0.357125 -0.849249 -0.388894 83.3318 0.933385 0.34025 0.114113 244 0.0354113 -0.40374 0.914188 98.4759 0 0 0 1 
Seq_Frame0088_ForcepToReference-SequenceTransformStatus = OK
Seq_Frame0088_Timestamp = 11.624
Seq_Frame0089_ForcepToReference-SequenceTransform =0.427027 -0.82318 -0.374195 96.518 0.904179 0.393494 0.166203 247.357 0.0104286 -0.409313 0.912335 101.827 0 0 0 1 
Seq_Frame0089_ForcepToReference-SequenceTransformStatus = OK
Seq_Frame0089_Timestamp = 11.724
Seq_Frame0090_ForcepToReference-SequenceTransform =0.490972 -0.776338 -0.39528 111.565 0.870699 0.452283 0.193192 248.927 0.0287962 -0.439022 0.898015 103.364 0 0 0 1 
Seq_Frame0090_ForcepToReference-SequenceTransformStatus = OK
Seq_Frame0090_Timestamp = 11.834
Seq_Frame0091_ForcepToReference-SequenceTransform =0.532891 -0.759648 -0.372776 114.733 0.845197 0.456574 0.277816 243.371 -0.0408429 -0.463115 0.885356 93.7894 0 0 0 1 
Seq_Frame0091_ForcepToReference-SequenceTransformStatus = OK
Seq_Frame0091_Timestamp = 11.939
Seq_Frame0092_ForcepToReference-SequenceTransform =0.53093 -0.760961 -0.372897 115.751 0.846704 0.458334 0.270226 243.351 -0.03472 -0.459204 0.887652 95.9073 0 0 0 1 
Seq_Frame0092_ForcepToReference-SequenceTransformStatus = OK
Seq_Frame0092_Timestamp = 12.041
Seq_Frame0093_ForcepToReference-SequenceTransform =0.525493 -0.74693 -0.407373 117.135 0.850797 0.461817 0.250737 244.894 0.000848821 -0.478352 0.878168 98.1654 0 0 0 1 
Seq_Frame0093_ForcepToReference-SequenceTransformStatus = OK
Seq_Frame0093_Timestamp = 12.149
Seq_Frame0094_ForcepToReference-SequenceTransform =0.532227 -0.717244 -0.449773 121.282 0.843818 0.492467 0.213182 247.283 0.0685944 -0.492988 0.867328 102.873 0 0 0 1 
Seq_Frame0094_ForcepToReference-SequenceTransformStatus = OK
Seq_Frame0094_Timestamp = 12.25
Seq_Frame0095_ForcepToReference-SequenceTransform =0.55402 -0.673726 -0.489034 127.582 0.818573 0.547865 0.172574 249.328 0.151657 -0.49592 0.855023 108.452 0 0 0 1 
Seq_Frame0095_ForcepToReference-SequenceTransformStatus = OK
Seq_Frame0095_Timestamp = 12.359
Seq_Frame0096_ForcepToReference-SequenceTransform =0.544098 -0.708313 -0.449723 121.957 0.835194 0.508378 0.209767 245.51 0.0800485 -0.48974 0.868186 103.89 0 0 0 1 
Seq_Frame0096_ForcepToReference-SequenceTransformStatus = OK
Seq_Frame0096_Timestamp = 12.464
Seq_Frame0097_ForcepToReference-SequenceTransform =0.506361 -0.796085 -0.331431 108.378 0.860706 0.443078 0.250733 242.976 -0.0527548 -0.412226 0.909553 100.458 0 0 0 1 
Seq_Frame0097_ForcepToReference-SequenceTransformStatus = OK
Seq_Frame0097_Timestamp = 12.575
Seq_Frame0098_ForcepToReference-SequenceTransform =0.451536 -0.829884 -0.327733 94.298 0.887793 0.381192 0.257909 239.072 -0.0891058 -0.407414 0.908886 94.3312 0 0 0 1 
Seq_Frame0098_ForcepToReference-SequenceTransformStatus = OK
Seq_Frame0098_Timestamp = 12.684
Seq_Frame0099_ForcepToReference-SequenceTransform =0.409052 -0.856942 -0.313573 83.6856 0.901431 0.326088 0.284763 233.6 -0.141773 -0.399147 0.90586 91.4949 0 0 0 1 
Seq_Frame0099_ForcepToReference-SequenceTransformStatus = OK
Seq_Frame0099_Timestamp = 12.789
Seq_Frame0100_ForcepToReference-SequenceTransform =0.379112 -0.876153 -0.297708 76.8705 0.915304 0.307777 0.259792 231.954 -0.13599 -0.370983 0.918628 92.1777 0 0 0 1 
Seq_Frame0100_ForcepToReference-SequenceTransformStatus = OK
Seq_Frame0100_Timestamp = 12.889
Seq_Frame0101_ForcepToReference-SequenceTransform =0.362859 -0.886494 -0.287161 73.1728 0.916261 0.283306 0.283202 229.392 -0.169702 -0.365877 0.91506 90.5324 0 0 0 1 
Seq_Frame0101_ForcepToReference-SequenceTransformStatus = OK
Seq_Frame0101_Timestamp = 12.999
Seq_Frame0102_ForcepToReference-SequenceTransform =0.357655 -0.894393 -0.268597 69.8672 0.922721 0.294179 0.249089 226.354 -0.143768 -0.336928 0.930489 90.3775 0 0 0 1 
Seq_Frame0102_ForcepToReference-SequenceTransformStatus = OK
Seq_Frame0102_Timestamp = 13.099
Seq_Frame0103_ForcepToReference-SequenceTransform =0.347236 -0.908394 -0.232912 64.7989 0.92663 0.294175 0.234134 221.688 -0.144169 -0.297123 0.943892 89.1969 0 0 0 1 
Seq_Frame0103_ForcepToReference-SequenceTransformStatus = OK
Seq_Frame0103_Timestamp = 13.2
Seq_Frame0104_ForcepToReference-SequenceTransform =0.296708 -0.938082 -0.178794 59.2821 0.918507 0.229092 0.322275 213.175 -0.26136 -0.259845 0.929608 86.2173 0 0 0 1 
Seq_Frame0104_ForcepToReference-SequenceTransformStatus = OK
Seq_Frame0104_Timestamp = 13.3
Seq_Frame0105_ForcepToReference-SequenceTransform =0.273158 -0.94816 -0.162413 56.5465 0.905982 0.196809 0.374784 207.654 -0.323391 -0.249518 0.912775 82.6461 0 0 0 1 
Seq_Frame0105_ForcepToReference-SequenceTransformStatus = OK
Seq_Frame0105_Timestamp = 13.403
Seq_Frame0106_ForcepToReference-SequenceTransform =0.26809 -0.951243 -0.152525 55.1384 0.890538 0.184294 0.415906 202.474 -0.367518 -0.24733 0.896526 78.8079 0 0 0 1 
Seq_Frame0106_ForcepToReference-SequenceTransformStatus = OK
Seq_Frame0106_Timestamp = 13.504
Seq_Frame0107_ForcepToReference-SequenceTransform =0.230811 -0.965562 -0.120071 53.8864 0.881127 0.155075 0.44673 200.3 -0.412725 -0.208908 0.886575 79.782 0 0 0 1 
Seq_Frame0107_ForcepToReference-SequenceTransformStatus = OK
Seq_Frame0107_Timestamp = 13.614
Seq_Frame0108_ForcepToReference-SequenceTransform =0.219033 -0.969184 -0.112722 50.9575 0.879507 0.14609 0.452908 201.803 -0.422484 -0.198341 0.884403 80.3894 0 0 0 1 
Seq_Frame0108_ForcepToReference-SequenceTransformStatus = OK
Seq_Frame0108_Timestamp = 13.714
Seq_Frame0109_ForcepToReference-SequenceTransform =0.216433 -0.968373 -0.124142 47.2295 0.891972 0.144438 0.428397 202.693 -0.396917 -0.20345 0.895022 81.2072 0 0 0 1 
Seq_Frame0109_ForcepToReference-SequenceTransformStatus = OK
Seq_Frame0109_Timestamp = 13.815
Seq_Frame0110_ForcepToReference-SequenceTransform =0.210214 -0.971176 -0.112371 45.7486 0.895763 0.14528 0.420121 202.426 -0.391686 -0.188974 0.900484 81.6603 0 0 0 1 
Seq_Frame0110_ForcepToReference-SequenceTransformStatus = OK
Seq_Frame0110_Timestamp = 13.919
Seq_Frame0111_ForcepToReference-SequenceTransform =0.237586 -0.937297 -0.255004 43.5288 0.944631 0.161776 0.285483 212.728 -0.226328 -0.308712 0.923836 78.982 0 0 0 1 
Seq_Frame0111_ForcepToReference-SequenceTransformStatus = OK
Seq_Frame0111_Timestamp = 15.864
Seq_Frame0112_ForcepToReference-SequenceTransform =-0.633414 0.609205 0.477133 45.3939 -0.10812 0.540875 -0.834125 213.628 -0.766222 -0.579935 -0.27673 79.4418 0 0 0 1 
Seq_Frame0112_ForcepToReference-SequenceTransformStatus = OK
Seq_Frame0112_Timestamp = 16.483
Seq_Frame0113_ForcepToReference-SequenceTransform =-0.631663 0.608391 0.480481 45.6679 -0.111529 0.542019 -0.832932 213.352 -0.767179 -0.57972 -0.27452 79.6307 0 0 0 1 
Seq_Frame0113_ForcepToReference-SequenceTransformStatus = OK
Seq_Frame0113_Timestamp = 16.584
Seq_Frame0114_ForcepToReference-SequenceTransform =-0.63553 0.608796 0.474836 46.3389 -0.0988767 0.54577 -0.832081 213.346 -0.765719 -0.575763 -0.286658 79.7207 0 0 0 1 
Seq_Frame0114_ForcepToReference-SequenceTransformStatus = OK
Seq_Frame0114_Timestamp = 16.684
Seq_Frame0115_ForcepToReference-SequenceTransform =0.215861 -0.955578 -0.200687 48.4884 0.883123 0.103388 0.457608 209.81 -0.416531 -0.276011 0.86621 77.704 0 0 0 1 
Seq_Frame0115_ForcepToReference-SequenceTransformStatus = OK
Seq_Frame0115_Timestamp = 16.979
Seq_Frame0116_ForcepToReference-SequenceTransform =-0.906861 -0.420208 0.0320549 83.3662 -0.103096 0.294958 0.949932 228.461 -0.408624 0.858152 -0.310808 154.233 0 0 0 1 
Seq_Frame0116_ForcepToReference-SequenceTransformStatus = OK
Seq_Frame0116_Timestamp = 17.403
Seq_Frame0117_ForcepToReference-SequenceTransform =0.19701 -0.941127 -0.274711 44.4824 0.944024 0.106481 0.312219 204.642 -0.264586 -0.320844 0.909425 75.4309 0 0 0 1 
Seq_Frame0117_ForcepToReference-SequenceTransformStatus = OK
Seq_Frame0117_Timestamp = 17.504
Seq_Frame0118_ForcepToReference-SequenceTransform =0.193001 -0.940571 -0.279423 44.0897 0.946674 0.103622 0.305077 205.545 -0.257992 -0.323402 0.910413 76.5983 0 0 0 1 
Seq_Frame0118_ForcepToReference-SequenceTransformStatus = OK
Seq_Frame0118_Timestamp = 17.609
Seq_Frame0119_ForcepToReference-SequenceTransform =0.181372 -0.941096 -0.285382 43.8281 0.939015 0.0795182 0.334557 206.528 -0.292157 -0.328657 0.898125 76.3503 0 0 0 1 
Seq_Frame0119_ForcepToReference-SequenceTransformStatus = OK
Seq_Frame0119_Timestamp = 17.714
Seq_Frame0120_ForcepToReference-SequenceTransform =0.180052 -0.939076 -0.292776 44.2651 0.938534 0.0748927 0.336966 206.251 -0.29451 -0.335451 0.894839 75.4821 0 0 0 1 
Seq_Frame0120_ForcepToReference-SequenceTransformStatus = OK
Seq_Frame0120_Timestamp = 17.815
Seq_Frame0121_ForcepToReference-SequenceTransform =0.172255 -0.938764 -0.298412 43.6907 0.942497 0.0689882 0.327017 207.321 -0.286405 -0.337583 0.896666 76.3717 0 0 0 1 
Seq_Frame0121_ForcepToReference-SequenceTransformStatus = OK
Seq_Frame0121_Timestamp = 17.924
Seq_Frame0122_ForcepToReference-SequenceTransform =0.166748 -0.941659 -0.292357 42.9533 0.942062 0.0646266 0.329154 206.923 -0.291057 -0.330305 0.897878 75.6873 0 0 0 1 
Seq_Frame0122_ForcepToReference-SequenceTransformStatus = OK
Seq_Frame0122_Timestamp = 18.024
Seq_Frame0123_ForcepToReference-SequenceTransform =0.156306 -0.940852 -0.300608 41.7044 0.948439 0.0580059 0.311608 208.077 -0.27574 -0.333815 0.901407 77.0562 0 0 0 1 
Seq_Frame0123_ForcepToReference-SequenceTransformStatus = OK
Seq_Frame0123_Timestamp = 18.129
Seq_Frame0124_ForcepToReference-SequenceTransform =0.153133 -0.942554 -0.296886 41.3327 0.950062 0.057758 0.30667 207.802 -0.271906 -0.329022 0.90433 77.1723 0 0 0 1 
Seq_Frame0124_ForcepToReference-SequenceTransformStatus = OK
Seq_Frame0124_Timestamp = 18.238
Seq_Frame0125_ForcepToReference-SequenceTransform =0.153258 -0.943299 -0.294448 41.3883 0.952036 0.0610866 0.299828 208.351 -0.264841 -0.326276 0.907416 77.7741 0 0 0 1 
Seq_Frame0125_ForcepToReference-SequenceTransformStatus = OK
Seq_Frame0125_Timestamp = 18.349
Seq_Frame0126_ForcepToReference-SequenceTransform =0.146909 -0.942948 -0.298777 40.643 0.951344 0.0519836 0.303715 208.271 -0.270856 -0.328858 0.904704 77.9925 0 0 0 1 
Seq_Frame0126_ForcepToReference-SequenceTransformStatus = OK
Seq_Frame0126_Timestamp = 18.454
Seq_Frame0127_ForcepToReference-SequenceTransform =0.141963 -0.943145 -0.300539 40.1749 0.953199 0.0483738 0.298448 208.718 -0.266941 -0.328842 0.905872 78.4392 0 0 0 1 
Seq_Frame0127_ForcepToReference-SequenceTransformStatus = OK
Seq_Frame0127_Timestamp = 18.558
Seq_Frame0128_ForcepToReference-SequenceTransform =0.138333 -0.944601 -0.297646 39.8261 0.956663 0.0496882 0.286926 209.361 -0.256241 -0.324439 0.910538 78.608 0 0 0 1 
Seq_Frame0128_ForcepToReference-SequenceTransformStatus = OK
Seq_Frame0128_Timestamp = 18.658
Seq_Frame0129_ForcepToReference-SequenceTransform =0.135778 -0.943398 -0.302595 39.545 0.956754 0.0455455 0.287311 208.824 -0.257267 -0.32852 0.908784 77.9602 0 0 0 1 
Seq_Frame0129_ForcepToReference-SequenceTransformStatus = OK
Seq_Frame0129_Timestamp = 18.759
Seq_Frame0130_ForcepToReference-SequenceTransform =0.130155 -0.943692 -0.304148 39.5188 0.956954 0.0393024 0.287566 208.385 -0.25942 -0.328483 0.908185 77.7709 0 0 0 1 
Seq_Frame0130_ForcepToReference-SequenceTransformStatus = OK
Seq_Frame0130_Timestamp = 18.864
Seq_Frame0131_ForcepToReference-SequenceTransform =0.120682 -0.942211 -0.312529 39.1858 0.960361 0.031122 0.277015 209.034 -0.25128 -0.333572 0.908619 78.1123 0 0 0 1 
Seq_Frame0131_ForcepToReference-SequenceTransformStatus = OK
Seq_Frame0131_Timestamp = 18.964
Seq_Frame0132_ForcepToReference-SequenceTransform =0.124745 -0.940652 -0.315613 39.7653 0.960988 0.0354019 0.274315 209.663 -0.246862 -0.33752 0.908372 78.4662 0 0 0 1 
Seq_Frame0132_ForcepToReference-SequenceTransformStatus = OK
Seq_Frame0132_Timestamp = 19.074
Seq_Frame0133_ForcepToReference-SequenceTransform =0.127774 -0.940761 -0.314075 40.1422 0.960531 0.0384843 0.275497 210.084 -0.24709 -0.33688 0.908547 78.7973 0 0 0 1 
Seq_Frame0133_ForcepToReference-SequenceTransformStatus = OK
Seq_Frame0133_Timestamp = 19.185
Seq_Frame0134_ForcepToReference-SequenceTransform =0.130012 -0.938887 -0.318729 40.4867 0.958943 0.0373533 0.281128 210.215 -0.252042 -0.342193 0.905196 79.0021 0 0 0 1 
Seq_Frame0134_ForcepToReference-SequenceTransformStatus = OK
Seq_Frame0134_Timestamp = 19.288
Seq_Frame0135_ForcepToReference-SequenceTransform =0.129839 -0.93814 -0.320992 40.532 0.959931 0.0378484 0.27767 210.417 -0.248344 -0.344183 0.905463 79.1804 0 0 0 1 
Seq_Frame0135_ForcepToReference-SequenceTransformStatus = OK
Seq_Frame0135_Timestamp = 19.39
Seq_Frame0136_ForcepToReference-SequenceTransform =0.13037 -0.938947 -0.318407 40.5786 0.960084 0.0393968 0.276923 210.742 -0.247472 -0.3418 0.906604 79.5692 0 0 0 1 
Seq_Frame0136_ForcepToReference-SequenceTransformStatus = OK
Seq_Frame0136_Timestamp = 19.49
Seq_Frame0137_ForcepToReference-SequenceTransform =0.130873 -0.939862 -0.315486 40.075 0.963764 0.0459999 0.26276 211.552 -0.232446 -0.338443 0.911825 79.5189 0 0 0 1 
Seq_Frame0137_ForcepToReference-SequenceTransformStatus = OK
Seq_Frame0137_Timestamp = 19.599
Seq_Frame0138_ForcepToReference-SequenceTransform =0.129139 -0.939044 -0.318622 39.9099 0.965411 0.0456648 0.256702 211.905 -0.226505 -0.340752 0.91246 80.1746 0 0 0 1 
Seq_Frame0138_ForcepToReference-SequenceTransformStatus = OK
Seq_Frame0138_Timestamp = 19.704
Seq_Frame0139_ForcepToReference-SequenceTransform =0.127746 -0.939521 -0.317776 39.7377 0.966046 0.0453176 0.254366 212.058 -0.224582 -0.33948 0.913409 80.4459 0 0 0 1 
Seq_Frame0139_ForcepToReference-SequenceTransformStatus = OK
Seq_Frame0139_Timestamp = 19.808
Seq_Frame0140_ForcepToReference-SequenceTransform =0.126316 -0.939264 -0.319105 39.5942 0.9669 0.0446856 0.251212 212.337 -0.221695 -0.340275 0.913819 80.714 0 0 0 1 
Seq_Frame0140_ForcepToReference-SequenceTransformStatus = OK
Seq_Frame0140_Timestamp = 19.91
Seq_Frame0141_ForcepToReference-SequenceTransform =0.123883 -0.939066 -0.320636 39.5335 0.967308 0.0422265 0.250064 212.673 -0.221287 -0.341133 0.913598 81.0152 0 0 0 1 
Seq_Frame0141_ForcepToReference-SequenceTransformStatus = OK
Seq_Frame0141_Timestamp = 20.014
Seq_Frame0142_ForcepToReference-SequenceTransform =0.122381 -0.938603 -0.322563 39.536 0.96891 0.0425741 0.243723 213.659 -0.215027 -0.342361 0.914632 81.6558 0 0 0 1 
Seq_Frame0142_ForcepToReference-SequenceTransformStatus = OK
Seq_Frame0142_Timestamp = 20.116
Seq_Frame0143_ForcepToReference-SequenceTransform =0.121934 -0.937877 -0.324837 39.5198 0.968712 0.0411728 0.244749 213.963 -0.21617 -0.344516 0.913553 82.0133 0 0 0 1 
Seq_Frame0143_ForcepToReference-SequenceTransformStatus = OK
Seq_Frame0143_Timestamp = 20.218
Seq_Frame0144_ForcepToReference-SequenceTransform =0.119792 -0.939631 -0.320536 39.272 0.969182 0.0406772 0.242965 214.274 -0.215259 -0.339763 0.915546 82.2401 0 0 0 1 
Seq_Frame0144_ForcepToReference-SequenceTransformStatus = OK
Seq_Frame0144_Timestamp = 20.319
Seq_Frame0145_ForcepToReference-SequenceTransform =0.118954 -0.941815 -0.31438 38.9508 0.97157 0.0451333 0.232409 214.636 -0.204697 -0.333088 0.920408 82.41 0 0 0 1 
Seq_Frame0145_ForcepToReference-SequenceTransformStatus = OK
Seq_Frame0145_Timestamp = 20.433
Seq_Frame0146_ForcepToReference-SequenceTransform =0.118263 -0.94205 -0.313935 38.7018 0.97192 0.0450455 0.230961 214.444 -0.203435 -0.332434 0.920924 82.3164 0 0 0 1 
Seq_Frame0146_ForcepToReference-SequenceTransformStatus = OK
Seq_Frame0146_Timestamp = 20.533
Seq_Frame0147_ForcepToReference-SequenceTransform =0.116194 -0.940569 -0.319106 38.3607 0.972362 0.0422156 0.229631 214.587 -0.202512 -0.336968 0.919479 82.3577 0 0 0 1 
Seq_Frame0147_ForcepToReference-SequenceTransformStatus = OK
Seq_Frame0147_Timestamp = 20.638
Seq_Frame0148_ForcepToReference-SequenceTransform =0.114383 -0.940453 -0.3201 38.2392 0.972248 0.0397789 0.230547 214.543 -0.204085 -0.337587 0.918904 82.5377 0 0 0 1 
Seq_Frame0148_ForcepToReference-SequenceTransformStatus = OK
Seq_Frame0148_Timestamp = 20.739
Seq_Frame0149_ForcepToReference-SequenceTransform =0.115643 -0.940172 -0.320475 38.3653 0.97291 0.0421899 0.227301 214.437 -0.200181 -0.338079 0.919582 82.6503 0 0 0 1 
Seq_Frame0149_ForcepToReference-SequenceTransformStatus = OK
Seq_Frame0149_Timestamp = 20.839
Seq_Frame0150_ForcepToReference-SequenceTransform =0.115538 -0.94155 -0.31644 38.5013 0.972002 0.0415493 0.231269 214.645 -0.204603 -0.334301 0.919989 82.9097 0 0 0 1 
Seq_Frame0150_ForcepToReference-SequenceTransformStatus = OK
Seq_Frame0150_Timestamp = 20.94
