ObjectType = Image
NDims = 3
AnatomicalOrientation = RAI
BinaryData = True
CompressedData = False
DimSize = 0 0 2849
ElementSpacing = 1 1 1
Offset = 0 0 0
TransformMatrix = 1 0 0 0 1 0 0 0 1
ElementType = MET_UCHAR
Kinds = domain domain list
Seq_Frame0000_DriverToReference-SequenceTransform =0.130321 0.980986 -0.143815 80.2755 -0.567934 -0.0450352 -0.821841 174.878 -0.812691 0.188781 0.551266 264.739 0 0 0 1 
Seq_Frame0000_DriverToReference-SequenceTransformStatus = OK
Seq_Frame0000_Timestamp = 0.00999999
Seq_Frame0001_DriverToReference-SequenceTransform =0.130245 0.981049 -0.143454 80.3276 -0.567885 -0.0447879 -0.821888 174.943 -0.812738 0.188512 0.55129 264.692 0 0 0 1 
Seq_Frame0001_DriverToReference-SequenceTransformStatus = OK
Seq_Frame0001_Timestamp = 0.125
Seq_Frame0002_DriverToReference-SequenceTransform =0.127981 0.981615 -0.141605 80.2995 -0.56859 -0.0443646 -0.821424 174.994 -0.812605 0.185642 0.552459 264.707 0 0 0 1 
Seq_Frame0002_DriverToReference-SequenceTransformStatus = OK
Seq_Frame0002_Timestamp = 0.228
Seq_Frame0003_DriverToReference-SequenceTransform =0.127341 0.981719 -0.141464 80.2501 -0.568301 -0.0446769 -0.821607 174.891 -0.812907 0.185019 0.552223 264.826 0 0 0 1 
Seq_Frame0003_DriverToReference-SequenceTransformStatus = OK
Seq_Frame0003_Timestamp = 0.333
Seq_Frame0004_DriverToReference-SequenceTransform =0.190017 0.972126 -0.137349 78.2353 -0.554752 -0.00911135 -0.831966 174.51 -0.810027 0.234283 0.537557 264.423 0 0 0 1 
Seq_Frame0004_DriverToReference-SequenceTransformStatus = OK
Seq_Frame0004_Timestamp = 0.433
Seq_Frame0005_DriverToReference-SequenceTransform =0.268701 0.951384 -0.150561 76.635 -0.549266 0.0229349 -0.835332 173.566 -0.791269 0.307153 0.528726 262.322 0 0 0 1 
Seq_Frame0005_DriverToReference-SequenceTransformStatus = OK
Seq_Frame0005_Timestamp = 0.534
Seq_Frame0006_DriverToReference-SequenceTransform =0.246695 0.957255 -0.151014 76.5527 -0.544596 0.00804366 -0.83866 173.244 -0.801596 0.289135 0.523301 261.521 0 0 0 1 
Seq_Frame0006_DriverToReference-SequenceTransformStatus = OK
Seq_Frame0006_Timestamp = 0.639
Seq_Frame0007_DriverToReference-SequenceTransform =0.237672 0.959476 -0.151389 76.6232 -0.566216 0.010214 -0.824193 173.711 -0.789247 0.281606 0.545698 261.314 0 0 0 1 
Seq_Frame0007_DriverToReference-SequenceTransformStatus = OK
Seq_Frame0007_Timestamp = 0.743
Seq_Frame0008_DriverToReference-SequenceTransform =0.202417 0.971008 -0.127167 76.9908 -0.606174 0.0222443 -0.795021 175.955 -0.769143 0.238011 0.593102 261.618 0 0 0 1 
Seq_Frame0008_DriverToReference-SequenceTransformStatus = OK
Seq_Frame0008_Timestamp = 0.849
Seq_Frame0009_DriverToReference-SequenceTransform =0.175789 0.980865 -0.0836743 74.66 -0.618666 0.0439597 -0.784423 180.585 -0.765735 0.189659 0.614556 258.268 0 0 0 1 
Seq_Frame0009_DriverToReference-SequenceTransformStatus = OK
Seq_Frame0009_Timestamp = 0.958
Seq_Frame0010_DriverToReference-SequenceTransform =0.0968221 0.995293 0.00408636 64.7955 -0.517805 0.0538775 -0.853801 190.788 -0.850002 0.0805508 0.520584 250.815 0 0 0 1 
Seq_Frame0010_DriverToReference-SequenceTransformStatus = OK
Seq_Frame0010_Timestamp = 1.064
Seq_Frame0011_DriverToReference-SequenceTransform =0.165654 0.983371 -0.0744347 64.4245 -0.379234 -0.00615341 -0.92528 207.094 -0.910352 0.181505 0.371909 245.224 0 0 0 1 
Seq_Frame0011_DriverToReference-SequenceTransformStatus = OK
Seq_Frame0011_Timestamp = 1.184
Seq_Frame0012_DriverToReference-SequenceTransform =0.170082 0.980948 -0.093878 62.279 -0.292288 -0.0407604 -0.955461 214.677 -0.941084 0.189946 0.279787 241.6 0 0 0 1 
Seq_Frame0012_DriverToReference-SequenceTransformStatus = OK
Seq_Frame0012_Timestamp = 1.292
Seq_Frame0013_DriverToReference-SequenceTransform =0.170082 0.980948 -0.093878 62.279 -0.292288 -0.0407604 -0.955461 214.677 -0.941084 0.189946 0.279787 241.6 0 0 0 1 
Seq_Frame0013_DriverToReference-SequenceTransformStatus = OK
Seq_Frame0013_Timestamp = 1.401
Seq_Frame0014_DriverToReference-SequenceTransform =0.170082 0.980948 -0.093878 62.279 -0.292288 -0.0407604 -0.955461 214.677 -0.941084 0.189946 0.279787 241.6 0 0 0 1 
Seq_Frame0014_DriverToReference-SequenceTransformStatus = OK
Seq_Frame0014_Timestamp = 1.508
Seq_Frame0015_DriverToReference-SequenceTransform =-0.884886 -0.267362 -0.381437 40.1831 -0.456199 0.331957 0.825643 271.989 -0.0941246 0.904612 -0.415714 211.159 0 0 0 1 
Seq_Frame0015_DriverToReference-SequenceTransformStatus = OK
Seq_Frame0015_Timestamp = 1.619
Seq_Frame0016_DriverToReference-SequenceTransform =-0.815534 -0.505052 -0.282536 34.91 -0.534665 0.470746 0.701806 280.693 -0.221446 0.723409 -0.653943 219.322 0 0 0 1 
Seq_Frame0016_DriverToReference-SequenceTransformStatus = OK
Seq_Frame0016_Timestamp = 1.723
Seq_Frame0017_DriverToReference-SequenceTransform =-0.682254 -0.482129 -0.549619 27.3003 -0.730138 0.488165 0.478115 290.475 0.0377923 0.727493 -0.685073 215.207 0 0 0 1 
Seq_Frame0017_DriverToReference-SequenceTransformStatus = OK
Seq_Frame0017_Timestamp = 1.833
Seq_Frame0018_DriverToReference-SequenceTransform =-0.616458 -0.437394 -0.654726 22.0585 -0.761371 0.543111 0.35404 297.843 0.200734 0.71674 -0.667825 215.819 0 0 0 1 
Seq_Frame0018_DriverToReference-SequenceTransformStatus = OK
Seq_Frame0018_Timestamp = 1.944
Seq_Frame0019_DriverToReference-SequenceTransform =-0.536961 -0.443131 -0.717849 17.2965 -0.810515 0.506985 0.293313 302.574 0.233963 0.739325 -0.631395 221.111 0 0 0 1 
Seq_Frame0019_DriverToReference-SequenceTransformStatus = OK
Seq_Frame0019_Timestamp = 2.053
Seq_Frame0020_DriverToReference-SequenceTransform =-0.553011 -0.604848 -0.573008 26.6249 -0.821755 0.509433 0.255337 305.264 0.137469 0.612076 -0.778759 230.169 0 0 0 1 
Seq_Frame0020_DriverToReference-SequenceTransformStatus = OK
Seq_Frame0020_Timestamp = 2.163
Seq_Frame0021_DriverToReference-SequenceTransform =-0.636229 -0.590315 -0.49673 36.075 -0.769629 0.530447 0.355383 316.242 0.053701 0.608403 -0.791809 246.672 0 0 0 1 
Seq_Frame0021_DriverToReference-SequenceTransformStatus = OK
Seq_Frame0021_Timestamp = 2.273
Seq_Frame0022_DriverToReference-SequenceTransform =-0.645718 -0.563627 -0.515143 36.847 -0.761142 0.528941 0.375346 318.607 0.0609252 0.634464 -0.770547 256.034 0 0 0 1 
Seq_Frame0022_DriverToReference-SequenceTransformStatus = OK
Seq_Frame0022_Timestamp = 2.378
Seq_Frame0023_DriverToReference-SequenceTransform =-0.608169 -0.60156 -0.517934 36.3857 -0.792121 0.50241 0.346597 317.68 0.0517163 0.621056 -0.782058 260.164 0 0 0 1 
Seq_Frame0023_DriverToReference-SequenceTransformStatus = OK
Seq_Frame0023_Timestamp = 2.483
Seq_Frame0024_DriverToReference-SequenceTransform =-0.592101 -0.619817 -0.515017 34.8579 -0.805278 0.479444 0.3488 318.444 0.0307302 0.621256 -0.783004 261.435 0 0 0 1 
Seq_Frame0024_DriverToReference-SequenceTransformStatus = OK
Seq_Frame0024_Timestamp = 2.589
Seq_Frame0025_DriverToReference-SequenceTransform =-0.56108 -0.625822 -0.541791 33.2939 -0.824607 0.479674 0.299893 315.849 0.0722034 0.615028 -0.785192 262.209 0 0 0 1 
Seq_Frame0025_DriverToReference-SequenceTransformStatus = OK
Seq_Frame0025_Timestamp = 2.695
Seq_Frame0026_DriverToReference-SequenceTransform =-0.557579 -0.634149 -0.535687 34.6102 -0.826499 0.484322 0.286934 310.663 0.0774855 0.602733 -0.794172 262.784 0 0 0 1 
Seq_Frame0026_DriverToReference-SequenceTransformStatus = OK
Seq_Frame0026_Timestamp = 2.803
Seq_Frame0027_DriverToReference-SequenceTransform =-0.553867 -0.626902 -0.547928 36.9116 -0.826317 0.494608 0.269376 306.514 0.102138 0.601961 -0.791967 263.592 0 0 0 1 
Seq_Frame0027_DriverToReference-SequenceTransformStatus = OK
Seq_Frame0027_Timestamp = 2.914
Seq_Frame0028_DriverToReference-SequenceTransform =-0.553665 -0.635773 -0.537817 38.4914 -0.825928 0.501684 0.257207 304.454 0.106289 0.586605 -0.802868 265.261 0 0 0 1 
Seq_Frame0028_DriverToReference-SequenceTransformStatus = OK
Seq_Frame0028_Timestamp = 3.019
Seq_Frame0029_DriverToReference-SequenceTransform =-0.568835 -0.637882 -0.519165 41.4711 -0.818165 0.503247 0.278116 304.407 0.0838635 0.582965 -0.808158 266.643 0 0 0 1 
Seq_Frame0029_DriverToReference-SequenceTransformStatus = OK
Seq_Frame0029_Timestamp = 3.123
Seq_Frame0030_DriverToReference-SequenceTransform =-0.575086 -0.637549 -0.512648 43.8765 -0.814189 0.507179 0.282606 304.691 0.079829 0.579915 -0.810757 266.674 0 0 0 1 
Seq_Frame0030_DriverToReference-SequenceTransformStatus = OK
Seq_Frame0030_Timestamp = 3.234
Seq_Frame0031_DriverToReference-SequenceTransform =-0.567351 -0.630781 -0.529366 42.902 -0.815935 0.517407 0.257952 303.508 0.111187 0.578278 -0.808228 266.567 0 0 0 1 
Seq_Frame0031_DriverToReference-SequenceTransformStatus = OK
Seq_Frame0031_Timestamp = 3.338
Seq_Frame0032_DriverToReference-SequenceTransform =-0.562482 -0.623156 -0.543407 37.5933 -0.81744 0.517796 0.252347 301.956 0.124122 0.586143 -0.800643 262.417 0 0 0 1 
Seq_Frame0032_DriverToReference-SequenceTransformStatus = OK
Seq_Frame0032_Timestamp = 3.444
Seq_Frame0033_DriverToReference-SequenceTransform =-0.556983 -0.611086 -0.562445 33.144 -0.816757 0.52582 0.237532 298.49 0.150592 0.591682 -0.791981 256.814 0 0 0 1 
Seq_Frame0033_DriverToReference-SequenceTransformStatus = OK
Seq_Frame0033_Timestamp = 3.549
Seq_Frame0034_DriverToReference-SequenceTransform =-0.559101 -0.579314 -0.593128 30.9121 -0.809364 0.536521 0.238906 290.609 0.179824 0.613629 -0.768845 249.545 0 0 0 1 
Seq_Frame0034_DriverToReference-SequenceTransformStatus = OK
Seq_Frame0034_Timestamp = 3.658
Seq_Frame0035_DriverToReference-SequenceTransform =-0.501601 -0.577052 -0.644521 31.3606 -0.830352 0.530177 0.171546 277.89 0.242719 0.621227 -0.745094 239.694 0 0 0 1 
Seq_Frame0035_DriverToReference-SequenceTransformStatus = OK
Seq_Frame0035_Timestamp = 3.775
Seq_Frame0036_DriverToReference-SequenceTransform =-0.422616 -0.580627 -0.695893 21.916 -0.843511 0.532829 0.0676922 268.02 0.331488 0.615602 -0.714948 238.743 0 0 0 1 
Seq_Frame0036_DriverToReference-SequenceTransformStatus = OK
Seq_Frame0036_Timestamp = 3.888
Seq_Frame0037_DriverToReference-SequenceTransform =-0.397213 -0.549373 -0.735126 13.3118 -0.861387 0.499524 0.0921331 277.411 0.316597 0.669825 -0.671641 241.571 0 0 0 1 
Seq_Frame0037_DriverToReference-SequenceTransformStatus = OK
Seq_Frame0037_Timestamp = 3.993
Seq_Frame0038_DriverToReference-SequenceTransform =-0.523791 -0.485493 -0.699956 19.0414 -0.754301 0.646148 0.116287 273.753 0.395819 0.588888 -0.704655 239.167 0 0 0 1 
Seq_Frame0038_DriverToReference-SequenceTransformStatus = OK
Seq_Frame0038_Timestamp = 4.103
Seq_Frame0039_DriverToReference-SequenceTransform =-0.539439 -0.463933 -0.702689 16.8696 -0.695022 0.716435 0.0605451 273.498 0.475342 0.521045 -0.708916 237.47 0 0 0 1 
Seq_Frame0039_DriverToReference-SequenceTransformStatus = OK
Seq_Frame0039_Timestamp = 4.245
Seq_Frame0040_DriverToReference-SequenceTransform =-0.439035 -0.550776 -0.709855 -3.70712 -0.782448 0.622715 0.000768395 295.001 0.441614 0.555762 -0.704348 231.902 0 0 0 1 
Seq_Frame0040_DriverToReference-SequenceTransformStatus = OK
Seq_Frame0040_Timestamp = 4.353
Seq_Frame0041_DriverToReference-SequenceTransform =-0.407878 -0.574227 -0.709859 -4.83369 -0.831859 0.554194 0.0296727 319.104 0.37636 0.602605 -0.703719 229.295 0 0 0 1 
Seq_Frame0041_DriverToReference-SequenceTransformStatus = OK
Seq_Frame0041_Timestamp = 4.461
Seq_Frame0042_DriverToReference-SequenceTransform =-0.327833 -0.595375 -0.733522 -1.08432 -0.871642 0.490075 -0.00821372 344.353 0.364371 0.636676 -0.679616 230.427 0 0 0 1 
Seq_Frame0042_DriverToReference-SequenceTransformStatus = OK
Seq_Frame0042_Timestamp = 4.565
Seq_Frame0043_DriverToReference-SequenceTransform =-0.32277 -0.67841 -0.659984 23.3611 -0.914386 0.403548 0.0323719 372.903 0.244374 0.613929 -0.750582 227.409 0 0 0 1 
Seq_Frame0043_DriverToReference-SequenceTransformStatus = OK
Seq_Frame0043_Timestamp = 4.678
Seq_Frame0044_DriverToReference-SequenceTransform =-0.382644 -0.769242 -0.511714 48.8541 -0.918831 0.374763 0.123705 377.003 0.0966121 0.517514 -0.850203 221.57 0 0 0 1 
Seq_Frame0044_DriverToReference-SequenceTransformStatus = OK
Seq_Frame0044_Timestamp = 4.779
Seq_Frame0045_DriverToReference-SequenceTransform =-0.255978 -0.850693 -0.459126 63.2302 -0.956059 0.293007 -0.00986558 363.022 0.14292 0.436426 -0.888317 214.244 0 0 0 1 
Seq_Frame0045_DriverToReference-SequenceTransformStatus = OK
Seq_Frame0045_Timestamp = 4.885
Seq_Frame0046_DriverToReference-SequenceTransform =0.243333 -0.930183 -0.274861 82.8071 -0.926735 -0.139325 -0.348928 335.563 0.286272 0.339629 -0.895935 205.29 0 0 0 1 
Seq_Frame0046_DriverToReference-SequenceTransformStatus = OK
Seq_Frame0046_Timestamp = 4.987
Seq_Frame0047_DriverToReference-SequenceTransform =0.531045 -0.846194 0.044112 96.7909 -0.745959 -0.491565 -0.449344 309.882 0.401916 0.205716 -0.892269 170.36 0 0 0 1 
Seq_Frame0047_DriverToReference-SequenceTransformStatus = OK
Seq_Frame0047_Timestamp = 5.088
Seq_Frame0048_DriverToReference-SequenceTransform =0.637065 -0.768736 0.0565145 95.9598 -0.705613 -0.611122 -0.358665 320.995 0.310256 0.188616 -0.931754 102.752 0 0 0 1 
Seq_Frame0048_DriverToReference-SequenceTransformStatus = OK
Seq_Frame0048_Timestamp = 5.197
Seq_Frame0049_DriverToReference-SequenceTransform =0.43236 -0.901512 0.0184865 150.299 -0.868813 -0.421989 -0.259014 335.755 0.241305 0.095926 -0.965697 76.7902 0 0 0 1 
Seq_Frame0049_DriverToReference-SequenceTransformStatus = OK
Seq_Frame0049_Timestamp = 5.298
Seq_Frame0050_DriverToReference-SequenceTransform =-0.0662222 -0.997767 -0.00867149 228.552 -0.995987 0.0655746 0.0609093 359.363 -0.0602047 0.0126702 -0.998106 100.729 0 0 0 1 
Seq_Frame0050_DriverToReference-SequenceTransformStatus = OK
Seq_Frame0050_Timestamp = 5.399
Seq_Frame0051_DriverToReference-SequenceTransform =-0.0631947 -0.980161 -0.18786 199.071 -0.993444 0.0797503 -0.0819104 359.8 0.0952673 0.181452 -0.978774 100.911 0 0 0 1 
Seq_Frame0051_DriverToReference-SequenceTransformStatus = OK
Seq_Frame0051_Timestamp = 5.499
Seq_Frame0052_DriverToReference-SequenceTransform =-0.186084 -0.878178 -0.440655 121.318 -0.921204 0.311909 -0.232586 313.799 0.341696 0.362652 -0.867022 119.793 0 0 0 1 
Seq_Frame0052_DriverToReference-SequenceTransformStatus = OK
Seq_Frame0052_Timestamp = 5.604
Seq_Frame0053_DriverToReference-SequenceTransform =-0.12639 -0.712108 -0.6906 -6.2209 -0.617015 0.601557 -0.507368 241.869 0.776736 0.361984 -0.515412 200.753 0 0 0 1 
Seq_Frame0053_DriverToReference-SequenceTransformStatus = OK
Seq_Frame0053_Timestamp = 5.819
Seq_Frame0054_DriverToReference-SequenceTransform =-0.048716 -0.651731 -0.756884 -33.4466 -0.546025 0.651904 -0.526191 224.508 0.836351 0.387644 -0.38762 219.23 0 0 0 1 
Seq_Frame0054_DriverToReference-SequenceTransformStatus = OK
Seq_Frame0054_Timestamp = 5.939
Seq_Frame0055_DriverToReference-SequenceTransform =0.579311 -0.0774221 0.811421 -58.6049 -0.751632 0.334398 0.568531 207.936 -0.315354 -0.939247 0.135527 232.407 0 0 0 1 
Seq_Frame0055_DriverToReference-SequenceTransformStatus = OK
Seq_Frame0055_Timestamp = 6.254
Seq_Frame0056_DriverToReference-SequenceTransform =0.571736 -0.109285 0.813127 -64.9611 -0.763651 0.291425 0.576115 204.945 -0.299926 -0.95033 0.0831631 230.271 0 0 0 1 
Seq_Frame0056_DriverToReference-SequenceTransformStatus = OK
Seq_Frame0056_Timestamp = 6.369
Seq_Frame0057_DriverToReference-SequenceTransform =0.584503 -0.0901081 0.806372 -72.8975 -0.778165 0.219233 0.588555 201.068 -0.229817 -0.971503 0.0580233 229.477 0 0 0 1 
Seq_Frame0057_DriverToReference-SequenceTransformStatus = OK
Seq_Frame0057_Timestamp = 6.478
Seq_Frame0058_DriverToReference-SequenceTransform =0.580031 -0.101471 0.808249 -72.3333 -0.77495 0.237031 0.585892 202.797 -0.251032 -0.966188 0.0588502 231.567 0 0 0 1 
Seq_Frame0058_DriverToReference-SequenceTransformStatus = OK
Seq_Frame0058_Timestamp = 6.588
Seq_Frame0059_DriverToReference-SequenceTransform =0.596219 -0.0862303 0.798178 -70.7835 -0.770472 0.217927 0.599067 202.7 -0.225602 -0.972148 0.063494 232.876 0 0 0 1 
Seq_Frame0059_DriverToReference-SequenceTransformStatus = OK
Seq_Frame0059_Timestamp = 6.69
Seq_Frame0060_DriverToReference-SequenceTransform =0.58266 -0.116771 0.804284 -71.8711 -0.766842 0.248791 0.591656 202.999 -0.269187 -0.961492 0.0554159 231.834 0 0 0 1 
Seq_Frame0060_DriverToReference-SequenceTransformStatus = OK
Seq_Frame0060_Timestamp = 6.795
Seq_Frame0061_DriverToReference-SequenceTransform =0.590123 -0.128594 0.797006 -73.6958 -0.753046 0.268163 0.600841 203.913 -0.290992 -0.954752 0.061412 229.317 0 0 0 1 
Seq_Frame0061_DriverToReference-SequenceTransformStatus = OK
Seq_Frame0061_Timestamp = 7.07
Seq_Frame0062_DriverToReference-SequenceTransform =0.0724488 -0.48549 -0.871235 -68.8111 -0.348265 0.806232 -0.478228 210.408 0.934592 0.338067 -0.110668 212.554 0 0 0 1 
Seq_Frame0062_DriverToReference-SequenceTransformStatus = OK
Seq_Frame0062_Timestamp = 7.868
Seq_Frame0063_DriverToReference-SequenceTransform =0.0748595 -0.463211 -0.883081 -66.7688 -0.395561 0.79912 -0.452702 214.521 0.915384 0.383201 -0.123406 208.734 0 0 0 1 
Seq_Frame0063_DriverToReference-SequenceTransformStatus = OK
Seq_Frame0063_Timestamp = 7.979
Seq_Frame0064_DriverToReference-SequenceTransform =0.0748595 -0.463211 -0.883081 -66.7688 -0.395561 0.79912 -0.452702 214.521 0.915384 0.383201 -0.123406 208.734 0 0 0 1 
Seq_Frame0064_DriverToReference-SequenceTransformStatus = OK
Seq_Frame0064_Timestamp = 8.09
Seq_Frame0065_DriverToReference-SequenceTransform =0.4887 0.0144826 0.872332 -54.6588 -0.688166 0.620999 0.375216 228.266 -0.536283 -0.783677 0.313449 198.464 0 0 0 1 
Seq_Frame0065_DriverToReference-SequenceTransformStatus = OK
Seq_Frame0065_Timestamp = 8.195
Seq_Frame0066_DriverToReference-SequenceTransform =0.491805 0.0429037 0.869648 -52.8301 -0.695722 0.61992 0.362863 228.248 -0.523544 -0.783491 0.334729 198.282 0 0 0 1 
Seq_Frame0066_DriverToReference-SequenceTransformStatus = OK
Seq_Frame0066_Timestamp = 8.304
Seq_Frame0067_DriverToReference-SequenceTransform =0.481058 0.0671087 0.874117 -51.813 -0.700648 0.628734 0.337322 228.947 -0.52695 -0.774719 0.349477 197.784 0 0 0 1 
Seq_Frame0067_DriverToReference-SequenceTransformStatus = OK
Seq_Frame0067_Timestamp = 8.409
Seq_Frame0068_DriverToReference-SequenceTransform =0.490492 0.090063 0.866779 -50.6972 -0.707923 0.62122 0.336051 228.805 -0.508195 -0.778444 0.368461 198.206 0 0 0 1 
Seq_Frame0068_DriverToReference-SequenceTransformStatus = OK
Seq_Frame0068_Timestamp = 8.512
Seq_Frame0069_DriverToReference-SequenceTransform =0.478753 0.0824622 0.874069 -49.8662 -0.704131 0.630725 0.326169 230.047 -0.5244 -0.771613 0.360025 197.855 0 0 0 1 
Seq_Frame0069_DriverToReference-SequenceTransformStatus = OK
Seq_Frame0069_Timestamp = 8.616
Seq_Frame0070_DriverToReference-SequenceTransform =0.478197 0.0960707 0.872982 -49.6087 -0.705688 0.633744 0.316815 230.349 -0.522811 -0.767553 0.370851 197.761 0 0 0 1 
Seq_Frame0070_DriverToReference-SequenceTransformStatus = OK
Seq_Frame0070_Timestamp = 8.729
Seq_Frame0071_DriverToReference-SequenceTransform =0.478377 0.104451 0.87192 -49.1757 -0.700029 0.644842 0.306821 230.323 -0.530203 -0.757145 0.381596 197.386 0 0 0 1 
Seq_Frame0071_DriverToReference-SequenceTransformStatus = OK
Seq_Frame0071_Timestamp = 8.834
Seq_Frame0072_DriverToReference-SequenceTransform =0.502482 0.105266 0.858156 -47.8539 -0.687701 0.650227 0.322914 232.707 -0.524004 -0.752412 0.399119 196.213 0 0 0 1 
Seq_Frame0072_DriverToReference-SequenceTransformStatus = OK
Seq_Frame0072_Timestamp = 8.944
Seq_Frame0073_DriverToReference-SequenceTransform =0.501304 0.0971058 0.859805 -47.179 -0.677998 0.661466 0.320597 232.848 -0.5376 -0.743662 0.397433 196 0 0 0 1 
Seq_Frame0073_DriverToReference-SequenceTransformStatus = OK
Seq_Frame0073_Timestamp = 9.053
Seq_Frame0074_DriverToReference-SequenceTransform =0.516706 0.096149 0.850747 -45.3124 -0.676208 0.655299 0.336639 231.694 -0.525126 -0.749226 0.403614 196.596 0 0 0 1 
Seq_Frame0074_DriverToReference-SequenceTransformStatus = OK
Seq_Frame0074_Timestamp = 9.17
Seq_Frame0075_DriverToReference-SequenceTransform =0.527388 0.0903368 0.844808 -44.1165 -0.659562 0.670323 0.340066 234.088 -0.535574 -0.73655 0.413103 195.724 0 0 0 1 
Seq_Frame0075_DriverToReference-SequenceTransformStatus = OK
Seq_Frame0075_Timestamp = 9.279
Seq_Frame0076_DriverToReference-SequenceTransform =0.504168 0.0860501 0.859308 -46.5394 -0.670326 0.666349 0.326562 232.671 -0.544498 -0.740658 0.393633 196.311 0 0 0 1 
Seq_Frame0076_DriverToReference-SequenceTransformStatus = OK
Seq_Frame0076_Timestamp = 9.384
Seq_Frame0077_DriverToReference-SequenceTransform =0.499551 0.0856373 0.862041 -47.607 -0.670452 0.668377 0.322127 232.404 -0.548582 -0.738876 0.391304 195.919 0 0 0 1 
Seq_Frame0077_DriverToReference-SequenceTransformStatus = OK
Seq_Frame0077_Timestamp = 9.494
Seq_Frame0078_DriverToReference-SequenceTransform =0.489709 0.0783865 0.868355 -48.0519 -0.663305 0.679887 0.312697 233.82 -0.565872 -0.729115 0.384941 196.19 0 0 0 1 
Seq_Frame0078_DriverToReference-SequenceTransformStatus = OK
Seq_Frame0078_Timestamp = 9.6
Seq_Frame0079_DriverToReference-SequenceTransform =0.492262 0.0715808 0.867499 -49.3227 -0.662001 0.677891 0.319717 234.596 -0.565184 -0.731669 0.381087 195.046 0 0 0 1 
Seq_Frame0079_DriverToReference-SequenceTransformStatus = OK
Seq_Frame0079_Timestamp = 9.705
Seq_Frame0080_DriverToReference-SequenceTransform =0.479849 0.074021 0.874223 -49.4713 -0.661029 0.685678 0.304773 235.604 -0.576876 -0.724132 0.377951 194.804 0 0 0 1 
Seq_Frame0080_DriverToReference-SequenceTransformStatus = OK
Seq_Frame0080_Timestamp = 9.805
Seq_Frame0081_DriverToReference-SequenceTransform =0.474288 0.0426665 0.879335 -49.6376 -0.668628 0.667218 0.328264 235.362 -0.572702 -0.74364 0.344982 194.49 0 0 0 1 
Seq_Frame0081_DriverToReference-SequenceTransformStatus = OK
Seq_Frame0081_Timestamp = 9.928
Seq_Frame0082_DriverToReference-SequenceTransform =0.473927 0.0375417 0.879764 -49.6635 -0.668391 0.665779 0.33165 235.367 -0.573278 -0.745204 0.340623 194.575 0 0 0 1 
Seq_Frame0082_DriverToReference-SequenceTransformStatus = OK
Seq_Frame0082_Timestamp = 10.029
Seq_Frame0083_DriverToReference-SequenceTransform =0.473927 0.0375417 0.879764 -49.6635 -0.668391 0.665779 0.33165 235.367 -0.573278 -0.745204 0.340623 194.575 0 0 0 1 
Seq_Frame0083_DriverToReference-SequenceTransformStatus = OK
Seq_Frame0083_Timestamp = 10.134
Seq_Frame0084_DriverToReference-SequenceTransform =0.473927 0.0375417 0.879764 -49.6635 -0.668391 0.665779 0.33165 235.367 -0.573278 -0.745204 0.340623 194.575 0 0 0 1 
Seq_Frame0084_DriverToReference-SequenceTransformStatus = OK
Seq_Frame0084_Timestamp = 10.24
Seq_Frame0085_DriverToReference-SequenceTransform =0.473927 0.0375417 0.879764 -49.6635 -0.668391 0.665779 0.33165 235.367 -0.573278 -0.745204 0.340623 194.575 0 0 0 1 
Seq_Frame0085_DriverToReference-SequenceTransformStatus = OK
Seq_Frame0085_Timestamp = 10.559
Seq_Frame0086_DriverToReference-SequenceTransform =0.473927 0.0375417 0.879764 -49.6635 -0.668391 0.665779 0.33165 235.367 -0.573278 -0.745204 0.340623 194.575 0 0 0 1 
Seq_Frame0086_DriverToReference-SequenceTransformStatus = OK
Seq_Frame0086_Timestamp = 10.665
Seq_Frame0087_DriverToReference-SequenceTransform =0.473927 0.0375417 0.879764 -49.6635 -0.668391 0.665779 0.33165 235.367 -0.573278 -0.745204 0.340623 194.575 0 0 0 1 
Seq_Frame0087_DriverToReference-SequenceTransformStatus = OK
Seq_Frame0087_Timestamp = 10.775
Seq_Frame0088_DriverToReference-SequenceTransform =0.473927 0.0375417 0.879764 -49.6635 -0.668391 0.665779 0.33165 235.367 -0.573278 -0.745204 0.340623 194.575 0 0 0 1 
Seq_Frame0088_DriverToReference-SequenceTransformStatus = OK
Seq_Frame0088_Timestamp = 10.886
Seq_Frame0089_DriverToReference-SequenceTransform =0.473927 0.0375417 0.879764 -49.6635 -0.668391 0.665779 0.33165 235.367 -0.573278 -0.745204 0.340623 194.575 0 0 0 1 
Seq_Frame0089_DriverToReference-SequenceTransformStatus = OK
Seq_Frame0089_Timestamp = 10.988
Seq_Frame0090_DriverToReference-SequenceTransform =0.473927 0.0375417 0.879764 -49.6635 -0.668391 0.665779 0.33165 235.367 -0.573278 -0.745204 0.340623 194.575 0 0 0 1 
Seq_Frame0090_DriverToReference-SequenceTransformStatus = OK
Seq_Frame0090_Timestamp = 11.097
Seq_Frame0091_DriverToReference-SequenceTransform =0.473927 0.0375417 0.879764 -49.6635 -0.668391 0.665779 0.33165 235.367 -0.573278 -0.745204 0.340623 194.575 0 0 0 1 
Seq_Frame0091_DriverToReference-SequenceTransformStatus = OK
Seq_Frame0091_Timestamp = 11.199
Seq_Frame0092_DriverToReference-SequenceTransform =0.473927 0.0375417 0.879764 -49.6635 -0.668391 0.665779 0.33165 235.367 -0.573278 -0.745204 0.340623 194.575 0 0 0 1 
Seq_Frame0092_DriverToReference-SequenceTransformStatus = OK
Seq_Frame0092_Timestamp = 11.305
Seq_Frame0093_DriverToReference-SequenceTransform =0.473927 0.0375417 0.879764 -49.6635 -0.668391 0.665779 0.33165 235.367 -0.573278 -0.745204 0.340623 194.575 0 0 0 1 
Seq_Frame0093_DriverToReference-SequenceTransformStatus = OK
Seq_Frame0093_Timestamp = 11.409
Seq_Frame0094_DriverToReference-SequenceTransform =0.473927 0.0375417 0.879764 -49.6635 -0.668391 0.665779 0.33165 235.367 -0.573278 -0.745204 0.340623 194.575 0 0 0 1 
Seq_Frame0094_DriverToReference-SequenceTransformStatus = OK
Seq_Frame0094_Timestamp = 11.515
Seq_Frame0095_DriverToReference-SequenceTransform =0.473927 0.0375417 0.879764 -49.6635 -0.668391 0.665779 0.33165 235.367 -0.573278 -0.745204 0.340623 194.575 0 0 0 1 
Seq_Frame0095_DriverToReference-SequenceTransformStatus = OK
Seq_Frame0095_Timestamp = 11.627
Seq_Frame0096_DriverToReference-SequenceTransform =0.473927 0.0375417 0.879764 -49.6635 -0.668391 0.665779 0.33165 235.367 -0.573278 -0.745204 0.340623 194.575 0 0 0 1 
Seq_Frame0096_DriverToReference-SequenceTransformStatus = OK
Seq_Frame0096_Timestamp = 11.73
Seq_Frame0097_DriverToReference-SequenceTransform =0.473927 0.0375417 0.879764 -49.6635 -0.668391 0.665779 0.33165 235.367 -0.573278 -0.745204 0.340623 194.575 0 0 0 1 
Seq_Frame0097_DriverToReference-SequenceTransformStatus = OK
Seq_Frame0097_Timestamp = 11.834
Seq_Frame0098_DriverToReference-SequenceTransform =0.473927 0.0375417 0.879764 -49.6635 -0.668391 0.665779 0.33165 235.367 -0.573278 -0.745204 0.340623 194.575 0 0 0 1 
Seq_Frame0098_DriverToReference-SequenceTransformStatus = OK
Seq_Frame0098_Timestamp = 11.935
Seq_Frame0099_DriverToReference-SequenceTransform =0.473927 0.0375417 0.879764 -49.6635 -0.668391 0.665779 0.33165 235.367 -0.573278 -0.745204 0.340623 194.575 0 0 0 1 
Seq_Frame0099_DriverToReference-SequenceTransformStatus = OK
Seq_Frame0099_Timestamp = 12.038
Seq_Frame0100_DriverToReference-SequenceTransform =0.473927 0.0375417 0.879764 -49.6635 -0.668391 0.665779 0.33165 235.367 -0.573278 -0.745204 0.340623 194.575 0 0 0 1 
Seq_Frame0100_DriverToReference-SequenceTransformStatus = OK
Seq_Frame0100_Timestamp = 12.145
Seq_Frame0101_DriverToReference-SequenceTransform =0.473927 0.0375417 0.879764 -49.6635 -0.668391 0.665779 0.33165 235.367 -0.573278 -0.745204 0.340623 194.575 0 0 0 1 
Seq_Frame0101_DriverToReference-SequenceTransformStatus = OK
Seq_Frame0101_Timestamp = 12.262
Seq_Frame0102_DriverToReference-SequenceTransform =0.473927 0.0375417 0.879764 -49.6635 -0.668391 0.665779 0.33165 235.367 -0.573278 -0.745204 0.340623 194.575 0 0 0 1 
Seq_Frame0102_DriverToReference-SequenceTransformStatus = OK
Seq_Frame0102_Timestamp = 12.376
Seq_Frame0103_DriverToReference-SequenceTransform =0.473927 0.0375417 0.879764 -49.6635 -0.668391 0.665779 0.33165 235.367 -0.573278 -0.745204 0.340623 194.575 0 0 0 1 
Seq_Frame0103_DriverToReference-SequenceTransformStatus = OK
Seq_Frame0103_Timestamp = 12.479
Seq_Frame0104_DriverToReference-SequenceTransform =0.473927 0.0375417 0.879764 -49.6635 -0.668391 0.665779 0.33165 235.367 -0.573278 -0.745204 0.340623 194.575 0 0 0 1 
Seq_Frame0104_DriverToReference-SequenceTransformStatus = OK
Seq_Frame0104_Timestamp = 12.584
Seq_Frame0105_DriverToReference-SequenceTransform =0.473927 0.0375417 0.879764 -49.6635 -0.668391 0.665779 0.33165 235.367 -0.573278 -0.745204 0.340623 194.575 0 0 0 1 
Seq_Frame0105_DriverToReference-SequenceTransformStatus = OK
Seq_Frame0105_Timestamp = 12.691
Seq_Frame0106_DriverToReference-SequenceTransform =0.473927 0.0375417 0.879764 -49.6635 -0.668391 0.665779 0.33165 235.367 -0.573278 -0.745204 0.340623 194.575 0 0 0 1 
Seq_Frame0106_DriverToReference-SequenceTransformStatus = OK
Seq_Frame0106_Timestamp = 12.799
Seq_Frame0107_DriverToReference-SequenceTransform =0.473927 0.0375417 0.879764 -49.6635 -0.668391 0.665779 0.33165 235.367 -0.573278 -0.745204 0.340623 194.575 0 0 0 1 
Seq_Frame0107_DriverToReference-SequenceTransformStatus = OK
Seq_Frame0107_Timestamp = 13.264
Seq_Frame0108_DriverToReference-SequenceTransform =0.415084 -0.802632 -0.428354 29.0794 -0.226486 0.364845 -0.903102 204.366 0.881141 0.471879 -0.0303435 223.002 0 0 0 1 
Seq_Frame0108_DriverToReference-SequenceTransformStatus = OK
Seq_Frame0108_Timestamp = 13.37
Seq_Frame0109_DriverToReference-SequenceTransform =0.408723 -0.802609 -0.43447 41.4383 -0.158798 0.406247 -0.899859 204.058 0.898737 0.436786 0.03859 225.97 0 0 0 1 
Seq_Frame0109_DriverToReference-SequenceTransformStatus = OK
Seq_Frame0109_Timestamp = 13.473
Seq_Frame0110_DriverToReference-SequenceTransform =0.408723 -0.802609 -0.43447 41.4383 -0.158798 0.406247 -0.899859 204.058 0.898737 0.436786 0.03859 225.97 0 0 0 1 
Seq_Frame0110_DriverToReference-SequenceTransformStatus = OK
Seq_Frame0110_Timestamp = 14.395
Seq_Frame0111_DriverToReference-SequenceTransform =0.408723 -0.802609 -0.43447 41.4383 -0.158798 0.406247 -0.899859 204.058 0.898737 0.436786 0.03859 225.97 0 0 0 1 
Seq_Frame0111_DriverToReference-SequenceTransformStatus = OK
Seq_Frame0111_Timestamp = 14.5
Seq_Frame0112_DriverToReference-SequenceTransform =0.408723 -0.802609 -0.43447 41.4383 -0.158798 0.406247 -0.899859 204.058 0.898737 0.436786 0.03859 225.97 0 0 0 1 
Seq_Frame0112_DriverToReference-SequenceTransformStatus = OK
Seq_Frame0112_Timestamp = 14.612
Seq_Frame0113_DriverToReference-SequenceTransform =0.355469 -0.710114 -0.607767 40.4898 -0.280427 0.539256 -0.794081 216.582 0.891629 0.452705 -0.00744633 183.899 0 0 0 1 
Seq_Frame0113_DriverToReference-SequenceTransformStatus = OK
Seq_Frame0113_Timestamp = 14.713
Seq_Frame0114_DriverToReference-SequenceTransform =0.696912 -0.275206 0.66225 24.7531 -0.53176 0.421299 0.734669 218.805 -0.481191 -0.864158 0.147265 181.315 0 0 0 1 
Seq_Frame0114_DriverToReference-SequenceTransformStatus = OK
Seq_Frame0114_Timestamp = 14.949
Seq_Frame0115_DriverToReference-SequenceTransform =0.69507 -0.262072 0.669475 24.2966 -0.536983 0.429935 0.725814 220.574 -0.478046 -0.863988 0.158106 181.72 0 0 0 1 
Seq_Frame0115_DriverToReference-SequenceTransformStatus = OK
Seq_Frame0115_Timestamp = 15.055
Seq_Frame0116_DriverToReference-SequenceTransform =0.703251 -0.233493 0.671505 24.4649 -0.539932 0.439058 0.718124 221.796 -0.462507 -0.867588 0.182697 181.277 0 0 0 1 
Seq_Frame0116_DriverToReference-SequenceTransformStatus = OK
Seq_Frame0116_Timestamp = 15.159
Seq_Frame0117_DriverToReference-SequenceTransform =0.689601 -0.241008 0.68291 23.2138 -0.541004 0.455433 0.707033 222.434 -0.48142 -0.857028 0.18368 181.416 0 0 0 1 
Seq_Frame0117_DriverToReference-SequenceTransformStatus = OK
Seq_Frame0117_Timestamp = 15.269
Seq_Frame0118_DriverToReference-SequenceTransform =0.682437 -0.231932 0.693172 21.3762 -0.545435 0.469729 0.694158 221.804 -0.486601 -0.851799 0.194056 182.44 0 0 0 1 
Seq_Frame0118_DriverToReference-SequenceTransformStatus = OK
Seq_Frame0118_Timestamp = 15.386
Seq_Frame0119_DriverToReference-SequenceTransform =0.692205 -0.199953 0.693449 21.0581 -0.550134 0.475727 0.686321 221.877 -0.467124 -0.856565 0.219299 183.118 0 0 0 1 
Seq_Frame0119_DriverToReference-SequenceTransformStatus = OK
Seq_Frame0119_Timestamp = 15.494
Seq_Frame0120_DriverToReference-SequenceTransform =0.695674 -0.176029 0.696456 20.4126 -0.551439 0.490484 0.674789 222.4 -0.460383 -0.853486 0.244148 182.65 0 0 0 1 
Seq_Frame0120_DriverToReference-SequenceTransformStatus = OK
Seq_Frame0120_Timestamp = 15.595
Seq_Frame0121_DriverToReference-SequenceTransform =0.684031 -0.146981 0.714492 21.0166 -0.559269 0.523169 0.643049 223.077 -0.468316 -0.839459 0.275662 182.132 0 0 0 1 
Seq_Frame0121_DriverToReference-SequenceTransformStatus = OK
Seq_Frame0121_Timestamp = 15.711
Seq_Frame0122_DriverToReference-SequenceTransform =0.712323 -0.109346 0.693281 21.9741 -0.537486 0.550224 0.639032 222.712 -0.451336 -0.827826 0.333166 179.849 0 0 0 1 
Seq_Frame0122_DriverToReference-SequenceTransformStatus = OK
Seq_Frame0122_Timestamp = 15.819
Seq_Frame0123_DriverToReference-SequenceTransform =0.732413 -0.0144152 0.680708 21.2997 -0.542379 0.592007 0.596115 223.713 -0.411577 -0.805804 0.425775 175.874 0 0 0 1 
Seq_Frame0123_DriverToReference-SequenceTransformStatus = OK
Seq_Frame0123_Timestamp = 15.93
Seq_Frame0124_DriverToReference-SequenceTransform =0.726492 0.00682797 0.687141 16.5866 -0.552954 0.599492 0.578664 221.344 -0.407984 -0.800352 0.439302 174.822 0 0 0 1 
Seq_Frame0124_DriverToReference-SequenceTransformStatus = OK
Seq_Frame0124_Timestamp = 16.033
Seq_Frame0125_DriverToReference-SequenceTransform =0.751007 0.0398108 0.659093 15.0534 -0.530266 0.631156 0.566091 223.185 -0.393454 -0.774633 0.495113 172.262 0 0 0 1 
Seq_Frame0125_DriverToReference-SequenceTransformStatus = OK
Seq_Frame0125_Timestamp = 16.14
Seq_Frame0126_DriverToReference-SequenceTransform =0.756227 0.0810566 0.649269 17.7955 -0.540902 0.635788 0.550635 224.31 -0.368165 -0.767596 0.524644 170.58 0 0 0 1 
Seq_Frame0126_DriverToReference-SequenceTransformStatus = OK
Seq_Frame0126_Timestamp = 16.245
Seq_Frame0127_DriverToReference-SequenceTransform =0.750787 0.136821 0.646219 20.4388 -0.555223 0.660697 0.50518 226.665 -0.357836 -0.738078 0.572009 168.45 0 0 0 1 
Seq_Frame0127_DriverToReference-SequenceTransformStatus = OK
Seq_Frame0127_Timestamp = 16.354
Seq_Frame0128_DriverToReference-SequenceTransform =0.721461 0.202986 0.662036 24.4065 -0.605439 0.648913 0.460821 230.577 -0.336063 -0.733286 0.591061 167.601 0 0 0 1 
Seq_Frame0128_DriverToReference-SequenceTransformStatus = OK
Seq_Frame0128_Timestamp = 16.464
Seq_Frame0129_DriverToReference-SequenceTransform =0.704101 0.249382 0.664868 25.8337 -0.637129 0.635285 0.436439 231.339 -0.313541 -0.730904 0.606194 167.119 0 0 0 1 
Seq_Frame0129_DriverToReference-SequenceTransformStatus = OK
Seq_Frame0129_Timestamp = 16.565
Seq_Frame0130_DriverToReference-SequenceTransform =0.692321 0.26133 0.672606 26.0014 -0.644298 0.643587 0.413128 231.991 -0.324918 -0.719376 0.613943 166.9 0 0 0 1 
Seq_Frame0130_DriverToReference-SequenceTransformStatus = OK
Seq_Frame0130_Timestamp = 16.671
Seq_Frame0131_DriverToReference-SequenceTransform =0.686414 0.284676 0.669176 26.9325 -0.654408 0.643123 0.397673 232.462 -0.317154 -0.710882 0.627742 166.709 0 0 0 1 
Seq_Frame0131_DriverToReference-SequenceTransformStatus = OK
Seq_Frame0131_Timestamp = 16.772
Seq_Frame0132_DriverToReference-SequenceTransform =0.691018 0.286535 0.663621 28.4575 -0.64492 0.659024 0.386994 233.348 -0.326454 -0.695402 0.64019 166.998 0 0 0 1 
Seq_Frame0132_DriverToReference-SequenceTransformStatus = OK
Seq_Frame0132_Timestamp = 16.876
Seq_Frame0133_DriverToReference-SequenceTransform =0.693623 0.280866 0.663327 29.0383 -0.642724 0.657107 0.393847 232.902 -0.325259 -0.699517 0.636304 166.364 0 0 0 1 
Seq_Frame0133_DriverToReference-SequenceTransformStatus = OK
Seq_Frame0133_Timestamp = 16.979
Seq_Frame0134_DriverToReference-SequenceTransform =0.694175 0.274215 0.665528 28.6596 -0.629493 0.67967 0.376547 233.338 -0.349085 -0.680335 0.644426 166.809 0 0 0 1 
Seq_Frame0134_DriverToReference-SequenceTransformStatus = OK
Seq_Frame0134_Timestamp = 17.087
Seq_Frame0135_DriverToReference-SequenceTransform =0.699001 0.262451 0.665219 29.7667 -0.64058 0.643304 0.419307 233.335 -0.317891 -0.719222 0.617791 167.267 0 0 0 1 
Seq_Frame0135_DriverToReference-SequenceTransformStatus = OK
Seq_Frame0135_Timestamp = 17.189
Seq_Frame0136_DriverToReference-SequenceTransform =0.691776 0.250457 0.677286 30.3303 -0.639531 0.648044 0.413569 234.332 -0.33533 -0.719243 0.608476 167.541 0 0 0 1 
Seq_Frame0136_DriverToReference-SequenceTransformStatus = OK
Seq_Frame0136_Timestamp = 17.289
Seq_Frame0137_DriverToReference-SequenceTransform =0.705645 0.256257 0.660604 32.5461 -0.630597 0.652286 0.420561 235.303 -0.323131 -0.713341 0.621877 167.32 0 0 0 1 
Seq_Frame0137_DriverToReference-SequenceTransformStatus = OK
Seq_Frame0137_Timestamp = 17.39
Seq_Frame0138_DriverToReference-SequenceTransform =0.716547 0.230073 0.658503 34.4321 -0.618356 0.646378 0.447024 234.444 -0.322794 -0.727504 0.605428 169.009 0 0 0 1 
Seq_Frame0138_DriverToReference-SequenceTransformStatus = OK
Seq_Frame0138_Timestamp = 17.49
Seq_Frame0139_DriverToReference-SequenceTransform =0.728807 0.183029 0.659803 36.4698 -0.608141 0.615835 0.50091 231.331 -0.314649 -0.76632 0.560133 172.906 0 0 0 1 
Seq_Frame0139_DriverToReference-SequenceTransformStatus = OK
Seq_Frame0139_Timestamp = 17.599
Seq_Frame0140_DriverToReference-SequenceTransform =0.748937 0.148111 0.645877 38.7907 -0.577048 0.624925 0.525818 229.591 -0.325745 -0.766506 0.553496 176.422 0 0 0 1 
Seq_Frame0140_DriverToReference-SequenceTransformStatus = OK
Seq_Frame0140_Timestamp = 18.144
Seq_Frame0141_DriverToReference-SequenceTransform =0.748937 0.148111 0.645877 38.7907 -0.577048 0.624925 0.525818 229.591 -0.325745 -0.766506 0.553496 176.422 0 0 0 1 
Seq_Frame0141_DriverToReference-SequenceTransformStatus = OK
Seq_Frame0141_Timestamp = 18.249
Seq_Frame0142_DriverToReference-SequenceTransform =0.748937 0.148111 0.645877 38.7907 -0.577048 0.624925 0.525818 229.591 -0.325745 -0.766506 0.553496 176.422 0 0 0 1 
Seq_Frame0142_DriverToReference-SequenceTransformStatus = OK
Seq_Frame0142_Timestamp = 18.357
Seq_Frame0143_DriverToReference-SequenceTransform =0.748937 0.148111 0.645877 38.7907 -0.577048 0.624925 0.525818 229.591 -0.325745 -0.766506 0.553496 176.422 0 0 0 1 
Seq_Frame0143_DriverToReference-SequenceTransformStatus = OK
Seq_Frame0143_Timestamp = 18.467
Seq_Frame0144_DriverToReference-SequenceTransform =0.748937 0.148111 0.645877 38.7907 -0.577048 0.624925 0.525818 229.591 -0.325745 -0.766506 0.553496 176.422 0 0 0 1 
Seq_Frame0144_DriverToReference-SequenceTransformStatus = OK
Seq_Frame0144_Timestamp = 18.571
Seq_Frame0145_DriverToReference-SequenceTransform =0.748937 0.148111 0.645877 38.7907 -0.577048 0.624925 0.525818 229.591 -0.325745 -0.766506 0.553496 176.422 0 0 0 1 
Seq_Frame0145_DriverToReference-SequenceTransformStatus = OK
Seq_Frame0145_Timestamp = 18.68
Seq_Frame0146_DriverToReference-SequenceTransform =0.748937 0.148111 0.645877 38.7907 -0.577048 0.624925 0.525818 229.591 -0.325745 -0.766506 0.553496 176.422 0 0 0 1 
Seq_Frame0146_DriverToReference-SequenceTransformStatus = OK
Seq_Frame0146_Timestamp = 18.783
Seq_Frame0147_DriverToReference-SequenceTransform =0.748937 0.148111 0.645877 38.7907 -0.577048 0.624925 0.525818 229.591 -0.325745 -0.766506 0.553496 176.422 0 0 0 1 
Seq_Frame0147_DriverToReference-SequenceTransformStatus = OK
Seq_Frame0147_Timestamp = 18.887
Seq_Frame0148_DriverToReference-SequenceTransform =0.748937 0.148111 0.645877 38.7907 -0.577048 0.624925 0.525818 229.591 -0.325745 -0.766506 0.553496 176.422 0 0 0 1 
Seq_Frame0148_DriverToReference-SequenceTransformStatus = OK
Seq_Frame0148_Timestamp = 18.988
Seq_Frame0149_DriverToReference-SequenceTransform =0.748937 0.148111 0.645877 38.7907 -0.577048 0.624925 0.525818 229.591 -0.325745 -0.766506 0.553496 176.422 0 0 0 1 
Seq_Frame0149_DriverToReference-SequenceTransformStatus = OK
Seq_Frame0149_Timestamp = 19.09
Seq_Frame0150_DriverToReference-SequenceTransform =0.748937 0.148111 0.645877 38.7907 -0.577048 0.624925 0.525818 229.591 -0.325745 -0.766506 0.553496 176.422 0 0 0 1 
Seq_Frame0150_DriverToReference-SequenceTransformStatus = OK
Seq_Frame0150_Timestamp = 19.19
