ObjectType = Image
NDims = 3
AnatomicalOrientation = RAI
BinaryData = True
CompressedData = False
DimSize = 0 0 2849
ElementSpacing = 1 1 1
Offset = 0 0 0
TransformMatrix = 1 0 0 0 1 0 0 0 1
ElementType = MET_UCHAR
Kinds = domain domain list
Seq_Frame0000_ForcepToReference-SequenceTransform =0.605751 -0.153264 -0.780753 81.4434 0.458501 -0.734724 0.499958 57.941 -0.650264 -0.660826 -0.374788 83.0028 0 0 0 1 
Seq_Frame0000_ForcepToReference-SequenceTransformStatus = OK
Seq_Frame0000_Timestamp = 0.00999999
Seq_Frame0001_ForcepToReference-SequenceTransform =0.605609 -0.153266 -0.780864 81.4662 0.457486 -0.735845 0.499238 57.9813 -0.651111 -0.659577 -0.375517 82.973 0 0 0 1 
Seq_Frame0001_ForcepToReference-SequenceTransformStatus = OK
Seq_Frame0001_Timestamp = 0.125
Seq_Frame0002_ForcepToReference-SequenceTransform =0.606562 -0.153188 -0.780138 81.4536 0.457056 -0.735712 0.499828 57.984 -0.650525 -0.659743 -0.376239 82.9944 0 0 0 1 
Seq_Frame0002_ForcepToReference-SequenceTransformStatus = OK
Seq_Frame0002_Timestamp = 0.228
Seq_Frame0003_ForcepToReference-SequenceTransform =0.604607 -0.153285 -0.781635 81.3631 0.452763 -0.74122 0.495579 57.9825 -0.655329 -0.653526 -0.378745 82.7701 0 0 0 1 
Seq_Frame0003_ForcepToReference-SequenceTransformStatus = OK
Seq_Frame0003_Timestamp = 0.333
Seq_Frame0004_ForcepToReference-SequenceTransform =0.605574 -0.15339 -0.780866 81.4577 0.458657 -0.734599 0.499997 57.9516 -0.650318 -0.660935 -0.374501 83.0342 0 0 0 1 
Seq_Frame0004_ForcepToReference-SequenceTransformStatus = OK
Seq_Frame0004_Timestamp = 0.433
Seq_Frame0005_ForcepToReference-SequenceTransform =0.606001 -0.153281 -0.780556 81.3834 0.451458 -0.741642 0.496138 58.007 -0.654942 -0.653049 -0.380235 82.7341 0 0 0 1 
Seq_Frame0005_ForcepToReference-SequenceTransformStatus = OK
Seq_Frame0005_Timestamp = 0.534
Seq_Frame0006_ForcepToReference-SequenceTransform =0.604308 -0.153138 -0.781896 81.4122 0.45804 -0.736206 0.498197 58.0109 -0.651929 -0.659204 -0.374752 82.9371 0 0 0 1 
Seq_Frame0006_ForcepToReference-SequenceTransformStatus = OK
Seq_Frame0006_Timestamp = 0.639
Seq_Frame0007_ForcepToReference-SequenceTransform =0.603745 -0.153386 -0.782282 81.3472 0.454013 -0.740454 0.495581 58.0252 -0.655259 -0.65437 -0.377406 82.7189 0 0 0 1 
Seq_Frame0007_ForcepToReference-SequenceTransformStatus = OK
Seq_Frame0007_Timestamp = 0.743
Seq_Frame0008_ForcepToReference-SequenceTransform =0.606467 -0.153206 -0.780209 81.4302 0.456477 -0.736349 0.499419 58.0159 -0.65102 -0.659029 -0.376636 82.9624 0 0 0 1 
Seq_Frame0008_ForcepToReference-SequenceTransformStatus = OK
Seq_Frame0008_Timestamp = 0.849
Seq_Frame0009_ForcepToReference-SequenceTransform =0.606376 -0.153151 -0.78029 81.4281 0.455324 -0.737607 0.498614 58.0606 -0.651911 -0.657632 -0.377534 82.9102 0 0 0 1 
Seq_Frame0009_ForcepToReference-SequenceTransformStatus = OK
Seq_Frame0009_Timestamp = 0.958
Seq_Frame0010_ForcepToReference-SequenceTransform =0.6052 -0.152674 -0.781296 81.4367 0.456801 -0.737179 0.497896 58.1015 -0.65197 -0.658224 -0.376399 82.8636 0 0 0 1 
Seq_Frame0010_ForcepToReference-SequenceTransformStatus = OK
Seq_Frame0010_Timestamp = 1.064
Seq_Frame0011_ForcepToReference-SequenceTransform =0.605052 -0.153222 -0.781303 81.4434 0.457127 -0.736595 0.49846 58.0465 -0.65188 -0.658749 -0.375637 82.8823 0 0 0 1 
Seq_Frame0011_ForcepToReference-SequenceTransformStatus = OK
Seq_Frame0011_Timestamp = 1.184
Seq_Frame0012_ForcepToReference-SequenceTransform =0.604629 -0.153147 -0.781645 81.3689 0.45303 -0.741028 0.495623 58.0569 -0.655124 -0.653777 -0.378667 82.7152 0 0 0 1 
Seq_Frame0012_ForcepToReference-SequenceTransformStatus = OK
Seq_Frame0012_Timestamp = 1.292
Seq_Frame0013_ForcepToReference-SequenceTransform =0.605729 -0.153061 -0.78081 81.4224 0.457701 -0.735679 0.499285 58.0233 -0.650847 -0.659809 -0.375566 82.9588 0 0 0 1 
Seq_Frame0013_ForcepToReference-SequenceTransformStatus = OK
Seq_Frame0013_Timestamp = 1.401
Seq_Frame0014_ForcepToReference-SequenceTransform =0.606026 -0.153048 -0.780582 81.4487 0.456907 -0.736299 0.499098 58.0738 -0.651128 -0.65912 -0.376288 82.8812 0 0 0 1 
Seq_Frame0014_ForcepToReference-SequenceTransformStatus = OK
Seq_Frame0014_Timestamp = 1.508
Seq_Frame0015_ForcepToReference-SequenceTransform =0.604601 -0.153499 -0.781598 81.4302 0.458961 -0.734854 0.499345 58.0242 -0.651009 -0.660627 -0.373843 82.9166 0 0 0 1 
Seq_Frame0015_ForcepToReference-SequenceTransformStatus = OK
Seq_Frame0015_Timestamp = 1.619
Seq_Frame0016_ForcepToReference-SequenceTransform =0.604485 -0.153056 -0.781775 81.4293 0.456842 -0.737354 0.497599 58.1344 -0.652605 -0.657939 -0.375797 82.8154 0 0 0 1 
Seq_Frame0016_ForcepToReference-SequenceTransformStatus = OK
Seq_Frame0016_Timestamp = 1.723
Seq_Frame0017_ForcepToReference-SequenceTransform =0.604897 -0.153106 -0.781446 81.4322 0.457603 -0.736289 0.498476 58.0726 -0.65169 -0.659119 -0.375317 82.8764 0 0 0 1 
Seq_Frame0017_ForcepToReference-SequenceTransformStatus = OK
Seq_Frame0017_Timestamp = 1.833
Seq_Frame0018_ForcepToReference-SequenceTransform =0.605632 -0.153049 -0.780888 81.4425 0.457365 -0.73609 0.498987 58.0687 -0.651173 -0.659354 -0.375801 82.9706 0 0 0 1 
Seq_Frame0018_ForcepToReference-SequenceTransformStatus = OK
Seq_Frame0018_Timestamp = 1.944
Seq_Frame0019_ForcepToReference-SequenceTransform =0.607092 -0.152896 -0.779783 81.4385 0.45604 -0.736584 0.499471 58.0512 -0.650743 -0.658837 -0.377448 82.9321 0 0 0 1 
Seq_Frame0019_ForcepToReference-SequenceTransformStatus = OK
Seq_Frame0019_Timestamp = 2.053
Seq_Frame0020_ForcepToReference-SequenceTransform =0.606118 -0.152881 -0.780543 81.4261 0.457786 -0.735455 0.499537 58.059 -0.650425 -0.6601 -0.375786 82.9267 0 0 0 1 
Seq_Frame0020_ForcepToReference-SequenceTransformStatus = OK
Seq_Frame0020_Timestamp = 2.163
Seq_Frame0021_ForcepToReference-SequenceTransform =0.605587 -0.152662 -0.780998 81.4062 0.456506 -0.737235 0.498083 58.1271 -0.651818 -0.658163 -0.376769 82.853 0 0 0 1 
Seq_Frame0021_ForcepToReference-SequenceTransformStatus = OK
Seq_Frame0021_Timestamp = 2.273
Seq_Frame0022_ForcepToReference-SequenceTransform =0.60584 -0.152369 -0.780859 81.3841 0.456231 -0.737537 0.497888 58.2111 -0.651775 -0.657892 -0.377315 82.8004 0 0 0 1 
Seq_Frame0022_ForcepToReference-SequenceTransformStatus = OK
Seq_Frame0022_Timestamp = 2.378
Seq_Frame0023_ForcepToReference-SequenceTransform =0.605335 -0.153504 -0.781029 81.3919 0.452045 -0.741337 0.496059 58.0328 -0.655153 -0.653342 -0.379367 82.7628 0 0 0 1 
Seq_Frame0023_ForcepToReference-SequenceTransformStatus = OK
Seq_Frame0023_Timestamp = 2.483
Seq_Frame0024_ForcepToReference-SequenceTransform =0.601747 -0.158599 -0.782782 81.4669 0.455924 -0.736498 0.499704 57.9062 -0.65577 -0.657584 -0.370876 82.9097 0 0 0 1 
Seq_Frame0024_ForcepToReference-SequenceTransformStatus = OK
Seq_Frame0024_Timestamp = 2.589
Seq_Frame0025_ForcepToReference-SequenceTransform =0.596118 -0.177585 -0.783011 81.5452 0.445967 -0.737721 0.506835 57.8218 -0.667651 -0.65133 -0.360571 82.5381 0 0 0 1 
Seq_Frame0025_ForcepToReference-SequenceTransformStatus = OK
Seq_Frame0025_Timestamp = 2.695
Seq_Frame0026_ForcepToReference-SequenceTransform =0.613709 -0.195249 -0.765009 80.9183 0.451775 -0.707795 0.543071 59.3711 -0.647504 -0.678899 -0.346171 81.891 0 0 0 1 
Seq_Frame0026_ForcepToReference-SequenceTransformStatus = OK
Seq_Frame0026_Timestamp = 2.803
Seq_Frame0027_ForcepToReference-SequenceTransform =0.699531 -0.217063 -0.680838 80.33 0.467407 -0.581703 0.665697 65.7611 -0.540544 -0.783904 -0.305463 80.3081 0 0 0 1 
Seq_Frame0027_ForcepToReference-SequenceTransformStatus = OK
Seq_Frame0027_Timestamp = 2.914
Seq_Frame0028_ForcepToReference-SequenceTransform =0.730276 -0.200319 -0.653123 79.9248 0.446866 -0.583067 0.678486 65.4902 -0.516729 -0.78734 -0.336284 77.7738 0 0 0 1 
Seq_Frame0028_ForcepToReference-SequenceTransformStatus = OK
Seq_Frame0028_Timestamp = 3.019
Seq_Frame0029_ForcepToReference-SequenceTransform =0.746736 -0.242652 -0.619277 75.5718 0.408516 -0.567434 0.714935 64.5468 -0.52488 -0.786853 -0.324596 76.639 0 0 0 1 
Seq_Frame0029_ForcepToReference-SequenceTransformStatus = OK
Seq_Frame0029_Timestamp = 3.123
Seq_Frame0030_ForcepToReference-SequenceTransform =0.735454 -0.260971 -0.625302 73.7194 0.387864 -0.594547 0.704326 63.9217 -0.55558 -0.760531 -0.33604 78.4008 0 0 0 1 
Seq_Frame0030_ForcepToReference-SequenceTransformStatus = OK
Seq_Frame0030_Timestamp = 3.234
Seq_Frame0031_ForcepToReference-SequenceTransform =0.753352 -0.227154 -0.617139 73.2046 0.376339 -0.620664 0.687855 63.7211 -0.539286 -0.750451 -0.382092 80.5122 0 0 0 1 
Seq_Frame0031_ForcepToReference-SequenceTransformStatus = OK
Seq_Frame0031_Timestamp = 3.338
Seq_Frame0032_ForcepToReference-SequenceTransform =0.757376 -0.240328 -0.607144 72.3464 0.347626 -0.638694 0.686459 66.4504 -0.552754 -0.730967 -0.400188 84.0923 0 0 0 1 
Seq_Frame0032_ForcepToReference-SequenceTransformStatus = OK
Seq_Frame0032_Timestamp = 3.444
Seq_Frame0033_ForcepToReference-SequenceTransform =0.748047 -0.198475 -0.633272 73.7126 0.367575 -0.670585 0.644364 68.4586 -0.552553 -0.714789 -0.428674 90.0049 0 0 0 1 
Seq_Frame0033_ForcepToReference-SequenceTransformStatus = OK
Seq_Frame0033_Timestamp = 3.549
Seq_Frame0034_ForcepToReference-SequenceTransform =0.721274 -0.200445 -0.663013 71.8422 0.311199 -0.761382 0.568729 64.5397 -0.618805 -0.616538 -0.486787 92.6148 0 0 0 1 
Seq_Frame0034_ForcepToReference-SequenceTransformStatus = OK
Seq_Frame0034_Timestamp = 3.658
Seq_Frame0035_ForcepToReference-SequenceTransform =0.666845 -0.117885 -0.735813 75.5792 0.285327 -0.871771 0.398251 61.5293 -0.688408 -0.475519 -0.547701 93.4705 0 0 0 1 
Seq_Frame0035_ForcepToReference-SequenceTransformStatus = OK
Seq_Frame0035_Timestamp = 3.775
Seq_Frame0036_ForcepToReference-SequenceTransform =0.746278 -0.165533 -0.644723 65.5295 0.20035 -0.867808 0.45472 61.084 -0.634766 -0.468517 -0.614462 95.9488 0 0 0 1 
Seq_Frame0036_ForcepToReference-SequenceTransformStatus = OK
Seq_Frame0036_Timestamp = 3.888
Seq_Frame0037_ForcepToReference-SequenceTransform =0.787411 -0.165034 -0.593925 60.7276 0.154402 -0.879977 0.449222 63.1858 -0.596777 -0.445425 -0.667423 98.2339 0 0 0 1 
Seq_Frame0037_ForcepToReference-SequenceTransformStatus = OK
Seq_Frame0037_Timestamp = 3.993
Seq_Frame0038_ForcepToReference-SequenceTransform =0.572717 -0.208201 -0.792873 47.1104 0.291779 -0.852093 0.434514 81.8217 -0.766068 -0.480197 -0.427259 74.3014 0 0 0 1 
Seq_Frame0038_ForcepToReference-SequenceTransformStatus = OK
Seq_Frame0038_Timestamp = 4.103
Seq_Frame0039_ForcepToReference-SequenceTransform =0.212417 -0.264296 -0.940759 9.99273 0.27534 -0.907533 0.317131 110.102 -0.937586 -0.326393 -0.120004 58.1913 0 0 0 1 
Seq_Frame0039_ForcepToReference-SequenceTransformStatus = OK
Seq_Frame0039_Timestamp = 4.245
Seq_Frame0040_ForcepToReference-SequenceTransform =-0.243492 -0.22097 -0.944396 -39.5285 0.194911 -0.964986 0.175534 124.936 -0.950116 -0.141331 0.278036 40.1908 0 0 0 1 
Seq_Frame0040_ForcepToReference-SequenceTransformStatus = OK
Seq_Frame0040_Timestamp = 4.353
Seq_Frame0041_ForcepToReference-SequenceTransform =-0.376944 -0.234573 -0.896041 -59.945 0.220166 -0.962364 0.159317 128.031 -0.899689 -0.137224 0.414402 34.2977 0 0 0 1 
Seq_Frame0041_ForcepToReference-SequenceTransformStatus = OK
Seq_Frame0041_Timestamp = 4.461
Seq_Frame0042_ForcepToReference-SequenceTransform =-0.376944 -0.234573 -0.896041 -59.945 0.220166 -0.962364 0.159317 128.031 -0.899689 -0.137224 0.414402 34.2977 0 0 0 1 
Seq_Frame0042_ForcepToReference-SequenceTransformStatus = OK
Seq_Frame0042_Timestamp = 4.565
Seq_Frame0043_ForcepToReference-SequenceTransform =-0.376944 -0.234573 -0.896041 -59.945 0.220166 -0.962364 0.159317 128.031 -0.899689 -0.137224 0.414402 34.2977 0 0 0 1 
Seq_Frame0043_ForcepToReference-SequenceTransformStatus = OK
Seq_Frame0043_Timestamp = 4.678
Seq_Frame0044_ForcepToReference-SequenceTransform =-0.376944 -0.234573 -0.896041 -59.945 0.220166 -0.962364 0.159317 128.031 -0.899689 -0.137224 0.414402 34.2977 0 0 0 1 
Seq_Frame0044_ForcepToReference-SequenceTransformStatus = OK
Seq_Frame0044_Timestamp = 4.779
Seq_Frame0045_ForcepToReference-SequenceTransform =-0.376944 -0.234573 -0.896041 -59.945 0.220166 -0.962364 0.159317 128.031 -0.899689 -0.137224 0.414402 34.2977 0 0 0 1 
Seq_Frame0045_ForcepToReference-SequenceTransformStatus = OK
Seq_Frame0045_Timestamp = 4.885
Seq_Frame0046_ForcepToReference-SequenceTransform =-0.621081 0.0600538 -0.781442 -29.4976 0.220966 -0.943195 -0.248106 229.151 -0.751953 -0.326766 0.572531 -0.0590947 0 0 0 1 
Seq_Frame0046_ForcepToReference-SequenceTransformStatus = OK
Seq_Frame0046_Timestamp = 4.987
Seq_Frame0047_ForcepToReference-SequenceTransform =-0.633696 0.0607252 -0.771195 -26.8529 0.292384 -0.904163 -0.311449 260.189 -0.716199 -0.422849 0.55521 -5.07758 0 0 0 1 
Seq_Frame0047_ForcepToReference-SequenceTransformStatus = OK
Seq_Frame0047_Timestamp = 5.088
Seq_Frame0048_ForcepToReference-SequenceTransform =-0.700639 0.0615176 -0.710859 -49.7685 0.259589 -0.906025 -0.334264 270.132 -0.664619 -0.41873 0.618827 -3.7018 0 0 0 1 
Seq_Frame0048_ForcepToReference-SequenceTransformStatus = OK
Seq_Frame0048_Timestamp = 5.197
Seq_Frame0049_ForcepToReference-SequenceTransform =-0.733766 0.106151 -0.671058 -65.6123 0.16057 -0.932642 -0.323104 261.304 -0.660155 -0.344835 0.667297 -8.95126 0 0 0 1 
Seq_Frame0049_ForcepToReference-SequenceTransformStatus = OK
Seq_Frame0049_Timestamp = 5.298
Seq_Frame0050_ForcepToReference-SequenceTransform =-0.600729 0.357712 -0.714959 -72.8711 -0.2532 -0.933403 -0.25426 224.263 -0.758298 0.0282862 0.651295 -21.1518 0 0 0 1 
Seq_Frame0050_ForcepToReference-SequenceTransformStatus = OK
Seq_Frame0050_Timestamp = 5.399
Seq_Frame0051_ForcepToReference-SequenceTransform =-0.615757 0.226859 -0.754572 -82.2212 -0.161814 -0.973652 -0.160679 208.06 -0.771142 0.0231615 0.636242 -25.1042 0 0 0 1 
Seq_Frame0051_ForcepToReference-SequenceTransformStatus = OK
Seq_Frame0051_Timestamp = 5.499
Seq_Frame0052_ForcepToReference-SequenceTransform =-0.629201 -0.0722981 -0.773873 -85.1671 0.0936349 -0.995464 0.0168696 191.855 -0.771582 -0.0618471 0.633117 -20.4769 0 0 0 1 
Seq_Frame0052_ForcepToReference-SequenceTransformStatus = OK
Seq_Frame0052_Timestamp = 5.604
Seq_Frame0053_ForcepToReference-SequenceTransform =-0.614463 -0.319595 -0.721315 -78.3925 0.293155 -0.941306 0.167338 133.778 -0.732458 -0.108634 0.672089 4.66041 0 0 0 1 
Seq_Frame0053_ForcepToReference-SequenceTransformStatus = OK
Seq_Frame0053_Timestamp = 5.819
Seq_Frame0054_ForcepToReference-SequenceTransform =-0.602208 -0.348529 -0.718243 -77.4773 0.320075 -0.929604 0.182727 126.563 -0.731367 -0.119852 0.671371 9.0178 0 0 0 1 
Seq_Frame0054_ForcepToReference-SequenceTransformStatus = OK
Seq_Frame0054_Timestamp = 5.939
Seq_Frame0055_ForcepToReference-SequenceTransform =-0.602208 -0.348529 -0.718243 -77.4773 0.320075 -0.929604 0.182727 126.563 -0.731367 -0.119852 0.671371 9.0178 0 0 0 1 
Seq_Frame0055_ForcepToReference-SequenceTransformStatus = OK
Seq_Frame0055_Timestamp = 6.254
Seq_Frame0056_ForcepToReference-SequenceTransform =-0.488285 -0.398363 -0.776456 -64.4623 0.106955 -0.910344 0.399794 100.193 -0.866105 0.112168 0.487114 41.6176 0 0 0 1 
Seq_Frame0056_ForcepToReference-SequenceTransformStatus = OK
Seq_Frame0056_Timestamp = 6.369
Seq_Frame0057_ForcepToReference-SequenceTransform =-0.503523 -0.431602 -0.748455 -65.6818 0.167543 -0.898619 0.40548 102.159 -0.847581 0.0787697 0.524787 40.4839 0 0 0 1 
Seq_Frame0057_ForcepToReference-SequenceTransformStatus = OK
Seq_Frame0057_Timestamp = 6.478
Seq_Frame0058_ForcepToReference-SequenceTransform =-0.503523 -0.431602 -0.748455 -65.6818 0.167543 -0.898619 0.40548 102.159 -0.847581 0.0787697 0.524787 40.4839 0 0 0 1 
Seq_Frame0058_ForcepToReference-SequenceTransformStatus = OK
Seq_Frame0058_Timestamp = 6.588
Seq_Frame0059_ForcepToReference-SequenceTransform =-0.503523 -0.431602 -0.748455 -65.6818 0.167543 -0.898619 0.40548 102.159 -0.847581 0.0787697 0.524787 40.4839 0 0 0 1 
Seq_Frame0059_ForcepToReference-SequenceTransformStatus = OK
Seq_Frame0059_Timestamp = 6.69
Seq_Frame0060_ForcepToReference-SequenceTransform =-0.0861037 0.379043 0.921365 -62.1534 -0.931939 0.296327 -0.208999 111.846 -0.352245 -0.876651 0.32773 19.9766 0 0 0 1 
Seq_Frame0060_ForcepToReference-SequenceTransformStatus = OK
Seq_Frame0060_Timestamp = 6.795
Seq_Frame0061_ForcepToReference-SequenceTransform =-0.139814 0.247972 0.958625 -74.7007 -0.955195 0.221288 -0.196555 108.87 -0.260872 -0.943155 0.205922 30.2108 0 0 0 1 
Seq_Frame0061_ForcepToReference-SequenceTransformStatus = OK
Seq_Frame0061_Timestamp = 7.07
Seq_Frame0062_ForcepToReference-SequenceTransform =-0.173199 0.260456 0.949824 -76.0264 -0.937499 0.251946 -0.240039 111.025 -0.301824 -0.932033 0.20054 30.1308 0 0 0 1 
Seq_Frame0062_ForcepToReference-SequenceTransformStatus = OK
Seq_Frame0062_Timestamp = 7.868
Seq_Frame0063_ForcepToReference-SequenceTransform =-0.912171 0.203687 -0.355605 -61.348 0.409474 0.488102 -0.770771 219.037 0.0165757 -0.848686 -0.528637 205.269 0 0 0 1 
Seq_Frame0063_ForcepToReference-SequenceTransformStatus = OK
Seq_Frame0063_Timestamp = 7.979
Seq_Frame0064_ForcepToReference-SequenceTransform =-0.905914 0.257616 -0.336086 -56.0248 0.423425 0.540604 -0.726952 224.515 -0.00558499 -0.800863 -0.598821 201.478 0 0 0 1 
Seq_Frame0064_ForcepToReference-SequenceTransformStatus = OK
Seq_Frame0064_Timestamp = 8.09
Seq_Frame0065_ForcepToReference-SequenceTransform =-0.905426 0.258269 -0.3369 -55.9799 0.424492 0.544544 -0.72338 225.07 -0.00336933 -0.797978 -0.602677 201.303 0 0 0 1 
Seq_Frame0065_ForcepToReference-SequenceTransformStatus = OK
Seq_Frame0065_Timestamp = 8.195
Seq_Frame0066_ForcepToReference-SequenceTransform =-0.905426 0.258269 -0.3369 -55.9799 0.424492 0.544544 -0.72338 225.07 -0.00336933 -0.797978 -0.602677 201.303 0 0 0 1 
Seq_Frame0066_ForcepToReference-SequenceTransformStatus = OK
Seq_Frame0066_Timestamp = 8.304
Seq_Frame0067_ForcepToReference-SequenceTransform =-0.905426 0.258269 -0.3369 -55.9799 0.424492 0.544544 -0.72338 225.07 -0.00336933 -0.797978 -0.602677 201.303 0 0 0 1 
Seq_Frame0067_ForcepToReference-SequenceTransformStatus = OK
Seq_Frame0067_Timestamp = 8.409
Seq_Frame0068_ForcepToReference-SequenceTransform =-0.905426 0.258269 -0.3369 -55.9799 0.424492 0.544544 -0.72338 225.07 -0.00336933 -0.797978 -0.602677 201.303 0 0 0 1 
Seq_Frame0068_ForcepToReference-SequenceTransformStatus = OK
Seq_Frame0068_Timestamp = 8.512
Seq_Frame0069_ForcepToReference-SequenceTransform =-0.905426 0.258269 -0.3369 -55.9799 0.424492 0.544544 -0.72338 225.07 -0.00336933 -0.797978 -0.602677 201.303 0 0 0 1 
Seq_Frame0069_ForcepToReference-SequenceTransformStatus = OK
Seq_Frame0069_Timestamp = 8.616
Seq_Frame0070_ForcepToReference-SequenceTransform =-0.905426 0.258269 -0.3369 -55.9799 0.424492 0.544544 -0.72338 225.07 -0.00336933 -0.797978 -0.602677 201.303 0 0 0 1 
Seq_Frame0070_ForcepToReference-SequenceTransformStatus = OK
Seq_Frame0070_Timestamp = 8.729
Seq_Frame0071_ForcepToReference-SequenceTransform =-0.905426 0.258269 -0.3369 -55.9799 0.424492 0.544544 -0.72338 225.07 -0.00336933 -0.797978 -0.602677 201.303 0 0 0 1 
Seq_Frame0071_ForcepToReference-SequenceTransformStatus = OK
Seq_Frame0071_Timestamp = 8.834
Seq_Frame0072_ForcepToReference-SequenceTransform =-0.905426 0.258269 -0.3369 -55.9799 0.424492 0.544544 -0.72338 225.07 -0.00336933 -0.797978 -0.602677 201.303 0 0 0 1 
Seq_Frame0072_ForcepToReference-SequenceTransformStatus = OK
Seq_Frame0072_Timestamp = 8.944
Seq_Frame0073_ForcepToReference-SequenceTransform =-0.905426 0.258269 -0.3369 -55.9799 0.424492 0.544544 -0.72338 225.07 -0.00336933 -0.797978 -0.602677 201.303 0 0 0 1 
Seq_Frame0073_ForcepToReference-SequenceTransformStatus = OK
Seq_Frame0073_Timestamp = 9.053
Seq_Frame0074_ForcepToReference-SequenceTransform =-0.905426 0.258269 -0.3369 -55.9799 0.424492 0.544544 -0.72338 225.07 -0.00336933 -0.797978 -0.602677 201.303 0 0 0 1 
Seq_Frame0074_ForcepToReference-SequenceTransformStatus = OK
Seq_Frame0074_Timestamp = 9.17
Seq_Frame0075_ForcepToReference-SequenceTransform =-0.905426 0.258269 -0.3369 -55.9799 0.424492 0.544544 -0.72338 225.07 -0.00336933 -0.797978 -0.602677 201.303 0 0 0 1 
Seq_Frame0075_ForcepToReference-SequenceTransformStatus = OK
Seq_Frame0075_Timestamp = 9.279
Seq_Frame0076_ForcepToReference-SequenceTransform =-0.905426 0.258269 -0.3369 -55.9799 0.424492 0.544544 -0.72338 225.07 -0.00336933 -0.797978 -0.602677 201.303 0 0 0 1 
Seq_Frame0076_ForcepToReference-SequenceTransformStatus = OK
Seq_Frame0076_Timestamp = 9.384
Seq_Frame0077_ForcepToReference-SequenceTransform =-0.905426 0.258269 -0.3369 -55.9799 0.424492 0.544544 -0.72338 225.07 -0.00336933 -0.797978 -0.602677 201.303 0 0 0 1 
Seq_Frame0077_ForcepToReference-SequenceTransformStatus = OK
Seq_Frame0077_Timestamp = 9.494
Seq_Frame0078_ForcepToReference-SequenceTransform =-0.905426 0.258269 -0.3369 -55.9799 0.424492 0.544544 -0.72338 225.07 -0.00336933 -0.797978 -0.602677 201.303 0 0 0 1 
Seq_Frame0078_ForcepToReference-SequenceTransformStatus = OK
Seq_Frame0078_Timestamp = 9.6
Seq_Frame0079_ForcepToReference-SequenceTransform =-0.905426 0.258269 -0.3369 -55.9799 0.424492 0.544544 -0.72338 225.07 -0.00336933 -0.797978 -0.602677 201.303 0 0 0 1 
Seq_Frame0079_ForcepToReference-SequenceTransformStatus = OK
Seq_Frame0079_Timestamp = 9.705
Seq_Frame0080_ForcepToReference-SequenceTransform =-0.905426 0.258269 -0.3369 -55.9799 0.424492 0.544544 -0.72338 225.07 -0.00336933 -0.797978 -0.602677 201.303 0 0 0 1 
Seq_Frame0080_ForcepToReference-SequenceTransformStatus = OK
Seq_Frame0080_Timestamp = 9.805
Seq_Frame0081_ForcepToReference-SequenceTransform =-0.905426 0.258269 -0.3369 -55.9799 0.424492 0.544544 -0.72338 225.07 -0.00336933 -0.797978 -0.602677 201.303 0 0 0 1 
Seq_Frame0081_ForcepToReference-SequenceTransformStatus = OK
Seq_Frame0081_Timestamp = 9.928
Seq_Frame0082_ForcepToReference-SequenceTransform =-0.884648 0.246914 -0.395515 -49.477 0.458888 0.611321 -0.644755 234.132 0.0825876 -0.751878 -0.654109 194.421 0 0 0 1 
Seq_Frame0082_ForcepToReference-SequenceTransformStatus = OK
Seq_Frame0082_Timestamp = 10.029
Seq_Frame0083_ForcepToReference-SequenceTransform =-0.901825 0.216655 -0.373862 -48.2628 0.421464 0.631847 -0.65049 232.68 0.0952917 -0.744198 -0.661127 197.225 0 0 0 1 
Seq_Frame0083_ForcepToReference-SequenceTransformStatus = OK
Seq_Frame0083_Timestamp = 10.134
Seq_Frame0084_ForcepToReference-SequenceTransform =-0.914911 0.18442 -0.359065 -47.0983 0.38836 0.644711 -0.658425 231.808 0.110066 -0.741847 -0.661475 199.4 0 0 0 1 
Seq_Frame0084_ForcepToReference-SequenceTransformStatus = OK
Seq_Frame0084_Timestamp = 10.24
Seq_Frame0085_ForcepToReference-SequenceTransform =-0.535558 0.366906 0.76063 -68.0351 -0.776669 0.139676 -0.614227 125.251 -0.331606 -0.919712 0.21016 37.9713 0 0 0 1 
Seq_Frame0085_ForcepToReference-SequenceTransformStatus = OK
Seq_Frame0085_Timestamp = 10.559
Seq_Frame0086_ForcepToReference-SequenceTransform =-0.539254 0.429586 0.724335 -61.8649 -0.806022 -0.0140816 -0.591718 116.888 -0.243994 -0.902916 0.353849 39.2252 0 0 0 1 
Seq_Frame0086_ForcepToReference-SequenceTransformStatus = OK
Seq_Frame0086_Timestamp = 10.665
Seq_Frame0087_ForcepToReference-SequenceTransform =-0.557737 0.468636 0.685062 -54.913 -0.80959 -0.125169 -0.573495 108.92 -0.183012 -0.874479 0.449214 46.1244 0 0 0 1 
Seq_Frame0087_ForcepToReference-SequenceTransformStatus = OK
Seq_Frame0087_Timestamp = 10.775
Seq_Frame0088_ForcepToReference-SequenceTransform =-0.580682 0.503035 0.640128 -53.4594 -0.794455 -0.178306 -0.580559 106.556 -0.177903 -0.845673 0.503178 49.5158 0 0 0 1 
Seq_Frame0088_ForcepToReference-SequenceTransformStatus = OK
Seq_Frame0088_Timestamp = 10.886
Seq_Frame0089_ForcepToReference-SequenceTransform =-0.598035 0.515894 0.613358 -54.0714 -0.784298 -0.219131 -0.580395 102.991 -0.165016 -0.828152 0.535663 51.2014 0 0 0 1 
Seq_Frame0089_ForcepToReference-SequenceTransformStatus = OK
Seq_Frame0089_Timestamp = 10.988
Seq_Frame0090_ForcepToReference-SequenceTransform =-0.604194 0.517506 0.605919 -53.3059 -0.782242 -0.240336 -0.574748 100.901 -0.151812 -0.821235 0.550025 51.7684 0 0 0 1 
Seq_Frame0090_ForcepToReference-SequenceTransformStatus = OK
Seq_Frame0090_Timestamp = 11.097
Seq_Frame0091_ForcepToReference-SequenceTransform =-0.609481 0.518789 0.599492 -52.1084 -0.778525 -0.248799 -0.576192 100.953 -0.149769 -0.817898 0.555529 52.7261 0 0 0 1 
Seq_Frame0091_ForcepToReference-SequenceTransformStatus = OK
Seq_Frame0091_Timestamp = 11.199
Seq_Frame0092_ForcepToReference-SequenceTransform =-0.616328 0.529338 0.583045 -50.894 -0.771338 -0.256603 -0.582403 102.027 -0.158676 -0.808676 0.56645 52.8348 0 0 0 1 
Seq_Frame0092_ForcepToReference-SequenceTransformStatus = OK
Seq_Frame0092_Timestamp = 11.305
Seq_Frame0093_ForcepToReference-SequenceTransform =-0.625497 0.529437 0.573106 -50.5316 -0.760115 -0.2478 -0.600683 104.058 -0.176008 -0.811352 0.557431 52.2406 0 0 0 1 
Seq_Frame0093_ForcepToReference-SequenceTransformStatus = OK
Seq_Frame0093_Timestamp = 11.409
Seq_Frame0094_ForcepToReference-SequenceTransform =-0.634913 0.528408 0.563622 -50.4684 -0.750313 -0.247831 -0.61287 105.353 -0.184163 -0.812012 0.553823 51.9153 0 0 0 1 
Seq_Frame0094_ForcepToReference-SequenceTransformStatus = OK
Seq_Frame0094_Timestamp = 11.515
Seq_Frame0095_ForcepToReference-SequenceTransform =-0.644503 0.524338 0.556495 -50.6769 -0.741249 -0.249974 -0.622946 105.756 -0.187525 -0.813992 0.549774 53.0723 0 0 0 1 
Seq_Frame0095_ForcepToReference-SequenceTransformStatus = OK
Seq_Frame0095_Timestamp = 11.627
Seq_Frame0096_ForcepToReference-SequenceTransform =-0.651689 0.514106 0.557671 -51.3936 -0.736521 -0.253265 -0.627211 107.168 -0.181214 -0.819482 0.5437 53.4262 0 0 0 1 
Seq_Frame0096_ForcepToReference-SequenceTransformStatus = OK
Seq_Frame0096_Timestamp = 11.73
Seq_Frame0097_ForcepToReference-SequenceTransform =-0.657915 0.513135 0.551217 -51.6501 -0.731238 -0.260226 -0.630534 107.792 -0.180108 -0.817909 0.54643 54.6083 0 0 0 1 
Seq_Frame0097_ForcepToReference-SequenceTransformStatus = OK
Seq_Frame0097_Timestamp = 11.834
Seq_Frame0098_ForcepToReference-SequenceTransform =-0.666759 0.500436 0.552265 -52.7213 -0.724041 -0.259338 -0.639147 108.066 -0.176629 -0.826019 0.535252 55.1356 0 0 0 1 
Seq_Frame0098_ForcepToReference-SequenceTransformStatus = OK
Seq_Frame0098_Timestamp = 11.935
Seq_Frame0099_ForcepToReference-SequenceTransform =-0.672895 0.491741 0.552633 -53.3974 -0.719886 -0.263391 -0.642175 107.729 -0.170225 -0.829949 0.531232 55.7358 0 0 0 1 
Seq_Frame0099_ForcepToReference-SequenceTransformStatus = OK
Seq_Frame0099_Timestamp = 12.038
Seq_Frame0100_ForcepToReference-SequenceTransform =-0.676554 0.495677 0.54459 -53.9035 -0.715176 -0.266038 -0.646333 108.143 -0.17549 -0.826757 0.534486 55.478 0 0 0 1 
Seq_Frame0100_ForcepToReference-SequenceTransformStatus = OK
Seq_Frame0100_Timestamp = 12.145
Seq_Frame0101_ForcepToReference-SequenceTransform =-0.677863 0.485086 0.552443 -54.2118 -0.716294 -0.266503 -0.644902 107.61 -0.165605 -0.832867 0.528117 55.5901 0 0 0 1 
Seq_Frame0101_ForcepToReference-SequenceTransformStatus = OK
Seq_Frame0101_Timestamp = 12.262
Seq_Frame0102_ForcepToReference-SequenceTransform =-0.676959 0.48829 0.550726 -54.2826 -0.716858 -0.267784 -0.643744 107.32 -0.166858 -0.830581 0.531314 56.0988 0 0 0 1 
Seq_Frame0102_ForcepToReference-SequenceTransformStatus = OK
Seq_Frame0102_Timestamp = 12.376
Seq_Frame0103_ForcepToReference-SequenceTransform =-0.674901 0.484413 0.556644 -54.6472 -0.718889 -0.261466 -0.644076 108.058 -0.166456 -0.834853 0.524703 56.5638 0 0 0 1 
Seq_Frame0103_ForcepToReference-SequenceTransformStatus = OK
Seq_Frame0103_Timestamp = 12.479
Seq_Frame0104_ForcepToReference-SequenceTransform =-0.674038 0.478519 0.562754 -55.0483 -0.71815 -0.246064 -0.650932 108.912 -0.17301 -0.842895 0.509505 56.3339 0 0 0 1 
Seq_Frame0104_ForcepToReference-SequenceTransformStatus = OK
Seq_Frame0104_Timestamp = 12.584
Seq_Frame0105_ForcepToReference-SequenceTransform =-0.626706 0.40803 0.663891 -59.2055 -0.762843 -0.147309 -0.629579 110.821 -0.15909 -0.901006 0.403582 57.6951 0 0 0 1 
Seq_Frame0105_ForcepToReference-SequenceTransformStatus = OK
Seq_Frame0105_Timestamp = 12.691
Seq_Frame0106_ForcepToReference-SequenceTransform =-0.54655 0.27844 0.789782 -65.3115 -0.816119 0.0342926 -0.576866 117.077 -0.187706 -0.959841 0.208497 59.5355 0 0 0 1 
Seq_Frame0106_ForcepToReference-SequenceTransformStatus = OK
Seq_Frame0106_Timestamp = 12.799
Seq_Frame0107_ForcepToReference-SequenceTransform =-0.960094 -0.241982 0.140229 5.25415 -0.246578 0.495766 -0.832716 207.543 0.131981 -0.834063 -0.53565 214.385 0 0 0 1 
Seq_Frame0107_ForcepToReference-SequenceTransformStatus = OK
Seq_Frame0107_Timestamp = 13.264
Seq_Frame0108_ForcepToReference-SequenceTransform =-0.961386 -0.210528 0.177242 22.6017 -0.254476 0.434847 -0.8638 205.731 0.104781 -0.875549 -0.47163 220.982 0 0 0 1 
Seq_Frame0108_ForcepToReference-SequenceTransformStatus = OK
Seq_Frame0108_Timestamp = 13.37
Seq_Frame0109_ForcepToReference-SequenceTransform =-0.290001 -0.905397 -0.310089 -56.0341 0.74198 -0.417353 0.524673 166.715 -0.604454 -0.0779242 0.79282 33.7541 0 0 0 1 
Seq_Frame0109_ForcepToReference-SequenceTransformStatus = OK
Seq_Frame0109_Timestamp = 13.473
Seq_Frame0110_ForcepToReference-SequenceTransform =0.0921188 -0.933822 -0.345674 15.808 0.76194 -0.15739 0.628233 165.69 -0.641063 -0.321255 0.697018 29.7812 0 0 0 1 
Seq_Frame0110_ForcepToReference-SequenceTransformStatus = OK
Seq_Frame0110_Timestamp = 14.395
Seq_Frame0111_ForcepToReference-SequenceTransform =0.0180242 -0.943152 -0.331872 13.6759 0.655637 -0.239449 0.716103 145.41 -0.754861 -0.230495 0.61405 30.1082 0 0 0 1 
Seq_Frame0111_ForcepToReference-SequenceTransformStatus = OK
Seq_Frame0111_Timestamp = 14.5
Seq_Frame0112_ForcepToReference-SequenceTransform =-0.562025 0.399724 0.724119 5.8466 -0.777339 0.0438732 -0.62755 109.202 -0.282616 -0.915585 0.286063 39.8189 0 0 0 1 
Seq_Frame0112_ForcepToReference-SequenceTransformStatus = OK
Seq_Frame0112_Timestamp = 14.612
Seq_Frame0113_ForcepToReference-SequenceTransform =-0.494826 0.229183 0.838226 0.522941 -0.815185 0.211729 -0.539114 111.088 -0.301032 -0.950077 0.0820576 44.091 0 0 0 1 
Seq_Frame0113_ForcepToReference-SequenceTransformStatus = OK
Seq_Frame0113_Timestamp = 14.713
Seq_Frame0114_ForcepToReference-SequenceTransform =-0.494826 0.229183 0.838226 0.522941 -0.815185 0.211729 -0.539114 111.088 -0.301032 -0.950077 0.0820576 44.091 0 0 0 1 
Seq_Frame0114_ForcepToReference-SequenceTransformStatus = OK
Seq_Frame0114_Timestamp = 14.949
Seq_Frame0115_ForcepToReference-SequenceTransform =-0.494826 0.229183 0.838226 0.522941 -0.815185 0.211729 -0.539114 111.088 -0.301032 -0.950077 0.0820576 44.091 0 0 0 1 
Seq_Frame0115_ForcepToReference-SequenceTransformStatus = OK
Seq_Frame0115_Timestamp = 15.055
Seq_Frame0116_ForcepToReference-SequenceTransform =-0.494826 0.229183 0.838226 0.522941 -0.815185 0.211729 -0.539114 111.088 -0.301032 -0.950077 0.0820576 44.091 0 0 0 1 
Seq_Frame0116_ForcepToReference-SequenceTransformStatus = OK
Seq_Frame0116_Timestamp = 15.159
Seq_Frame0117_ForcepToReference-SequenceTransform =-0.494826 0.229183 0.838226 0.522941 -0.815185 0.211729 -0.539114 111.088 -0.301032 -0.950077 0.0820576 44.091 0 0 0 1 
Seq_Frame0117_ForcepToReference-SequenceTransformStatus = OK
Seq_Frame0117_Timestamp = 15.269
Seq_Frame0118_ForcepToReference-SequenceTransform =-0.494826 0.229183 0.838226 0.522941 -0.815185 0.211729 -0.539114 111.088 -0.301032 -0.950077 0.0820576 44.091 0 0 0 1 
Seq_Frame0118_ForcepToReference-SequenceTransformStatus = OK
Seq_Frame0118_Timestamp = 15.386
Seq_Frame0119_ForcepToReference-SequenceTransform =-0.494826 0.229183 0.838226 0.522941 -0.815185 0.211729 -0.539114 111.088 -0.301032 -0.950077 0.0820576 44.091 0 0 0 1 
Seq_Frame0119_ForcepToReference-SequenceTransformStatus = OK
Seq_Frame0119_Timestamp = 15.494
Seq_Frame0120_ForcepToReference-SequenceTransform =-0.494826 0.229183 0.838226 0.522941 -0.815185 0.211729 -0.539114 111.088 -0.301032 -0.950077 0.0820576 44.091 0 0 0 1 
Seq_Frame0120_ForcepToReference-SequenceTransformStatus = OK
Seq_Frame0120_Timestamp = 15.595
Seq_Frame0121_ForcepToReference-SequenceTransform =-0.494826 0.229183 0.838226 0.522941 -0.815185 0.211729 -0.539114 111.088 -0.301032 -0.950077 0.0820576 44.091 0 0 0 1 
Seq_Frame0121_ForcepToReference-SequenceTransformStatus = OK
Seq_Frame0121_Timestamp = 15.711
Seq_Frame0122_ForcepToReference-SequenceTransform =-0.494826 0.229183 0.838226 0.522941 -0.815185 0.211729 -0.539114 111.088 -0.301032 -0.950077 0.0820576 44.091 0 0 0 1 
Seq_Frame0122_ForcepToReference-SequenceTransformStatus = OK
Seq_Frame0122_Timestamp = 15.819
Seq_Frame0123_ForcepToReference-SequenceTransform =-0.494826 0.229183 0.838226 0.522941 -0.815185 0.211729 -0.539114 111.088 -0.301032 -0.950077 0.0820576 44.091 0 0 0 1 
Seq_Frame0123_ForcepToReference-SequenceTransformStatus = OK
Seq_Frame0123_Timestamp = 15.93
Seq_Frame0124_ForcepToReference-SequenceTransform =-0.494826 0.229183 0.838226 0.522941 -0.815185 0.211729 -0.539114 111.088 -0.301032 -0.950077 0.0820576 44.091 0 0 0 1 
Seq_Frame0124_ForcepToReference-SequenceTransformStatus = OK
Seq_Frame0124_Timestamp = 16.033
Seq_Frame0125_ForcepToReference-SequenceTransform =-0.494826 0.229183 0.838226 0.522941 -0.815185 0.211729 -0.539114 111.088 -0.301032 -0.950077 0.0820576 44.091 0 0 0 1 
Seq_Frame0125_ForcepToReference-SequenceTransformStatus = OK
Seq_Frame0125_Timestamp = 16.14
Seq_Frame0126_ForcepToReference-SequenceTransform =-0.494826 0.229183 0.838226 0.522941 -0.815185 0.211729 -0.539114 111.088 -0.301032 -0.950077 0.0820576 44.091 0 0 0 1 
Seq_Frame0126_ForcepToReference-SequenceTransformStatus = OK
Seq_Frame0126_Timestamp = 16.245
Seq_Frame0127_ForcepToReference-SequenceTransform =-0.494826 0.229183 0.838226 0.522941 -0.815185 0.211729 -0.539114 111.088 -0.301032 -0.950077 0.0820576 44.091 0 0 0 1 
Seq_Frame0127_ForcepToReference-SequenceTransformStatus = OK
Seq_Frame0127_Timestamp = 16.354
Seq_Frame0128_ForcepToReference-SequenceTransform =-0.494826 0.229183 0.838226 0.522941 -0.815185 0.211729 -0.539114 111.088 -0.301032 -0.950077 0.0820576 44.091 0 0 0 1 
Seq_Frame0128_ForcepToReference-SequenceTransformStatus = OK
Seq_Frame0128_Timestamp = 16.464
Seq_Frame0129_ForcepToReference-SequenceTransform =-0.363141 -0.899646 -0.242415 -28.4362 0.831472 -0.430311 0.351406 189.055 -0.420455 -0.0739509 0.904295 42.1093 0 0 0 1 
Seq_Frame0129_ForcepToReference-SequenceTransformStatus = OK
Seq_Frame0129_Timestamp = 16.565
Seq_Frame0130_ForcepToReference-SequenceTransform =-0.362027 -0.898484 -0.24832 -28.5877 0.832006 -0.43158 0.348575 190.806 -0.420359 -0.08041 0.903788 42.8682 0 0 0 1 
Seq_Frame0130_ForcepToReference-SequenceTransformStatus = OK
Seq_Frame0130_Timestamp = 16.671
Seq_Frame0131_ForcepToReference-SequenceTransform =-0.360484 -0.89663 -0.257111 -27.8685 0.840774 -0.431707 0.326693 192.265 -0.403919 -0.0984048 0.909487 43.812 0 0 0 1 
Seq_Frame0131_ForcepToReference-SequenceTransformStatus = OK
Seq_Frame0131_Timestamp = 16.772
Seq_Frame0132_ForcepToReference-SequenceTransform =-0.362273 -0.896042 -0.256644 -28.0079 0.843489 -0.432329 0.318776 193.947 -0.396592 -0.100992 0.912423 43.849 0 0 0 1 
Seq_Frame0132_ForcepToReference-SequenceTransformStatus = OK
Seq_Frame0132_Timestamp = 16.876
Seq_Frame0133_ForcepToReference-SequenceTransform =-0.360518 -0.893809 -0.266706 -27.8385 0.845918 -0.433779 0.310255 194.267 -0.393001 -0.113759 0.912474 44.0788 0 0 0 1 
Seq_Frame0133_ForcepToReference-SequenceTransformStatus = OK
Seq_Frame0133_Timestamp = 16.979
Seq_Frame0134_ForcepToReference-SequenceTransform =-0.366548 -0.890658 -0.269018 -28.0028 0.843715 -0.440071 0.30738 195.503 -0.392158 -0.114305 0.912769 44.8882 0 0 0 1 
Seq_Frame0134_ForcepToReference-SequenceTransformStatus = OK
Seq_Frame0134_Timestamp = 17.087
Seq_Frame0135_ForcepToReference-SequenceTransform =-0.358536 -0.882225 -0.305175 -27.953 0.851393 -0.443103 0.280695 197.199 -0.38286 -0.159185 0.909988 46.1207 0 0 0 1 
Seq_Frame0135_ForcepToReference-SequenceTransformStatus = OK
Seq_Frame0135_Timestamp = 17.189
Seq_Frame0136_ForcepToReference-SequenceTransform =-0.369513 -0.867877 -0.332038 -28.0673 0.853694 -0.458181 0.247541 198.254 -0.366969 -0.19199 0.910205 47.7242 0 0 0 1 
Seq_Frame0136_ForcepToReference-SequenceTransformStatus = OK
Seq_Frame0136_Timestamp = 17.289
Seq_Frame0137_ForcepToReference-SequenceTransform =-0.436991 -0.831296 -0.343491 -29.6429 0.822836 -0.523705 0.220622 199.251 -0.36329 -0.186227 0.912874 48.8511 0 0 0 1 
Seq_Frame0137_ForcepToReference-SequenceTransformStatus = OK
Seq_Frame0137_Timestamp = 17.39
Seq_Frame0138_ForcepToReference-SequenceTransform =-0.436991 -0.831296 -0.343491 -29.6429 0.822836 -0.523705 0.220622 199.251 -0.36329 -0.186227 0.912874 48.8511 0 0 0 1 
Seq_Frame0138_ForcepToReference-SequenceTransformStatus = OK
Seq_Frame0138_Timestamp = 17.49
Seq_Frame0139_ForcepToReference-SequenceTransform =-0.436991 -0.831296 -0.343491 -29.6429 0.822836 -0.523705 0.220622 199.251 -0.36329 -0.186227 0.912874 48.8511 0 0 0 1 
Seq_Frame0139_ForcepToReference-SequenceTransformStatus = OK
Seq_Frame0139_Timestamp = 17.599
Seq_Frame0140_ForcepToReference-SequenceTransform =-0.0770834 -0.902388 -0.423974 6.02145 0.936514 -0.21142 0.279718 195.08 -0.342051 -0.375496 0.861396 49.5317 0 0 0 1 
Seq_Frame0140_ForcepToReference-SequenceTransformStatus = OK
Seq_Frame0140_Timestamp = 18.144
Seq_Frame0141_ForcepToReference-SequenceTransform =-0.00605746 -0.915299 -0.402729 11.7405 0.937751 -0.145055 0.315568 195.963 -0.347256 -0.375748 0.859201 49.432 0 0 0 1 
Seq_Frame0141_ForcepToReference-SequenceTransformStatus = OK
Seq_Frame0141_Timestamp = 18.249
Seq_Frame0142_ForcepToReference-SequenceTransform =0.0266614 -0.907779 -0.418601 14.8542 0.94217 -0.117123 0.314002 196.213 -0.334072 -0.402766 0.852159 49.4973 0 0 0 1 
Seq_Frame0142_ForcepToReference-SequenceTransformStatus = OK
Seq_Frame0142_Timestamp = 18.357
Seq_Frame0143_ForcepToReference-SequenceTransform =0.0127179 -0.909029 -0.416539 13.9494 0.948608 -0.120762 0.292507 196.196 -0.316199 -0.398852 0.860776 49.8108 0 0 0 1 
Seq_Frame0143_ForcepToReference-SequenceTransformStatus = OK
Seq_Frame0143_Timestamp = 18.467
Seq_Frame0144_ForcepToReference-SequenceTransform =0.0085686 -0.90363 -0.428228 13.0083 0.957531 -0.116011 0.263961 197.284 -0.288202 -0.412303 0.86426 49.4365 0 0 0 1 
Seq_Frame0144_ForcepToReference-SequenceTransformStatus = OK
Seq_Frame0144_Timestamp = 18.571
Seq_Frame0145_ForcepToReference-SequenceTransform =0.000310561 -0.907886 -0.419218 12.4549 0.958593 -0.119115 0.258673 198.126 -0.28478 -0.401939 0.870256 49.828 0 0 0 1 
Seq_Frame0145_ForcepToReference-SequenceTransformStatus = OK
Seq_Frame0145_Timestamp = 18.68
Seq_Frame0146_ForcepToReference-SequenceTransform =-0.00658533 -0.905744 -0.423774 11.9979 0.967831 -0.112363 0.225116 200.333 -0.251513 -0.408659 0.877347 51.5737 0 0 0 1 
Seq_Frame0146_ForcepToReference-SequenceTransformStatus = OK
Seq_Frame0146_Timestamp = 18.783
Seq_Frame0147_ForcepToReference-SequenceTransform =-0.0127807 -0.902316 -0.430885 11.6665 0.971347 -0.113478 0.208823 200.897 -0.237321 -0.41587 0.877913 51.3255 0 0 0 1 
Seq_Frame0147_ForcepToReference-SequenceTransformStatus = OK
Seq_Frame0147_Timestamp = 18.887
Seq_Frame0148_ForcepToReference-SequenceTransform =-0.0142458 -0.901501 -0.432541 12.4362 0.965995 -0.1241 0.226834 198.993 -0.25817 -0.414601 0.872613 51.2327 0 0 0 1 
Seq_Frame0148_ForcepToReference-SequenceTransformStatus = OK
Seq_Frame0148_Timestamp = 18.988
Seq_Frame0149_ForcepToReference-SequenceTransform =-0.0160918 -0.896493 -0.442765 15.8819 0.956119 -0.143355 0.25551 197.651 -0.292535 -0.419224 0.859461 51.2955 0 0 0 1 
Seq_Frame0149_ForcepToReference-SequenceTransformStatus = OK
Seq_Frame0149_Timestamp = 19.09
