ObjectType = Image
NDims = 3
AnatomicalOrientation = RAI
BinaryData = True
CompressedData = False
DimSize = 0 0 4587
ElementSpacing = 1 1 1
Offset = 0 0 0
TransformMatrix = 1 0 0 0 1 0 0 0 1
ElementType = MET_UCHAR
Kinds = domain domain list
Seq_Frame0000_DriverToReference-SequenceTransform =0.501161 0.732636 -0.460523 79.4295 -0.820751 0.57108 0.0153422 40.28 0.274236 0.370286 0.887515 66.5341 0 0 0 1 
Seq_Frame0000_DriverToReference-SequenceTransformStatus = OK
Seq_Frame0000_Timestamp = 0.00999999
Seq_Frame0001_DriverToReference-SequenceTransform =0.501545 0.733034 -0.459471 79.4455 -0.821004 0.570741 0.0143671 40.2623 0.272771 0.370022 0.888076 66.6066 0 0 0 1 
Seq_Frame0001_DriverToReference-SequenceTransformStatus = OK
Seq_Frame0001_Timestamp = 0.114
Seq_Frame0002_DriverToReference-SequenceTransform =0.501035 0.732615 -0.460694 79.443 -0.820909 0.570861 0.0150135 40.2953 0.273991 0.370666 0.887432 66.5379 0 0 0 1 
Seq_Frame0002_DriverToReference-SequenceTransformStatus = OK
Seq_Frame0002_Timestamp = 0.219
Seq_Frame0003_DriverToReference-SequenceTransform =0.500664 0.73275 -0.460883 79.4335 -0.821492 0.57005 0.0139141 40.1861 0.272922 0.371645 0.887352 66.6225 0 0 0 1 
Seq_Frame0003_DriverToReference-SequenceTransformStatus = OK
Seq_Frame0003_Timestamp = 0.324
Seq_Frame0004_DriverToReference-SequenceTransform =0.501681 0.732679 -0.459888 79.4178 -0.820709 0.571159 0.0146603 40.2806 0.27341 0.370079 0.887856 66.524 0 0 0 1 
Seq_Frame0004_DriverToReference-SequenceTransformStatus = OK
Seq_Frame0004_Timestamp = 0.429
Seq_Frame0005_DriverToReference-SequenceTransform =0.501481 0.733007 -0.459584 79.4278 -0.821126 0.570575 0.0140485 40.2348 0.272524 0.370331 0.888023 66.6041 0 0 0 1 
Seq_Frame0005_DriverToReference-SequenceTransformStatus = OK
Seq_Frame0005_Timestamp = 0.535
Seq_Frame0006_DriverToReference-SequenceTransform =0.501956 0.732824 -0.459356 79.427 -0.820826 0.571007 0.0139949 40.3052 0.272551 0.370027 0.888142 66.5047 0 0 0 1 
Seq_Frame0006_DriverToReference-SequenceTransformStatus = OK
Seq_Frame0006_Timestamp = 0.646
Seq_Frame0007_DriverToReference-SequenceTransform =0.501495 0.732347 -0.460619 79.3917 -0.820725 0.57114 0.0145079 40.3981 0.273703 0.370766 0.887479 66.4494 0 0 0 1 
Seq_Frame0007_DriverToReference-SequenceTransformStatus = OK
Seq_Frame0007_Timestamp = 0.765
Seq_Frame0008_DriverToReference-SequenceTransform =0.501361 0.73247 -0.460569 79.3874 -0.820674 0.571199 0.0150509 40.3507 0.274101 0.370431 0.887496 66.5234 0 0 0 1 
Seq_Frame0008_DriverToReference-SequenceTransformStatus = OK
Seq_Frame0008_Timestamp = 0.869
Seq_Frame0009_DriverToReference-SequenceTransform =0.501585 0.732654 -0.460034 79.4209 -0.820542 0.571381 0.0153305 40.3479 0.274086 0.369787 0.887769 66.4999 0 0 0 1 
Seq_Frame0009_DriverToReference-SequenceTransformStatus = OK
Seq_Frame0009_Timestamp = 0.975
Seq_Frame0010_DriverToReference-SequenceTransform =0.501625 0.732702 -0.459913 79.4185 -0.820796 0.571037 0.0144976 40.3013 0.27325 0.370223 0.887845 66.517 0 0 0 1 
Seq_Frame0010_DriverToReference-SequenceTransformStatus = OK
Seq_Frame0010_Timestamp = 1.079
Seq_Frame0011_DriverToReference-SequenceTransform =0.501339 0.732801 -0.460067 79.4246 -0.820946 0.570819 0.0146151 40.2689 0.273325 0.370363 0.887764 66.5469 0 0 0 1 
Seq_Frame0011_DriverToReference-SequenceTransformStatus = OK
Seq_Frame0011_Timestamp = 1.184
Seq_Frame0012_DriverToReference-SequenceTransform =0.501288 0.732848 -0.460047 79.4307 -0.821175 0.570504 0.0140147 40.2692 0.272729 0.370754 0.887784 66.556 0 0 0 1 
Seq_Frame0012_DriverToReference-SequenceTransformStatus = OK
Seq_Frame0012_Timestamp = 1.294
Seq_Frame0013_DriverToReference-SequenceTransform =0.501299 0.732773 -0.460155 79.4293 -0.821049 0.570678 0.0143139 40.2403 0.273089 0.370635 0.887723 66.575 0 0 0 1 
Seq_Frame0013_DriverToReference-SequenceTransformStatus = OK
Seq_Frame0013_Timestamp = 1.399
Seq_Frame0014_DriverToReference-SequenceTransform =0.501791 0.732984 -0.459282 79.4431 -0.820852 0.57096 0.0143907 40.2997 0.27278 0.369781 0.888174 66.4892 0 0 0 1 
Seq_Frame0014_DriverToReference-SequenceTransformStatus = OK
Seq_Frame0014_Timestamp = 1.504
Seq_Frame0015_DriverToReference-SequenceTransform =0.502077 0.732932 -0.459052 79.4426 -0.82074 0.571125 0.0142051 40.2818 0.272587 0.36963 0.888296 66.551 0 0 0 1 
Seq_Frame0015_DriverToReference-SequenceTransformStatus = OK
Seq_Frame0015_Timestamp = 1.609
Seq_Frame0016_DriverToReference-SequenceTransform =0.501351 0.732813 -0.460035 79.4356 -0.820919 0.570855 0.0146979 40.2695 0.273384 0.370282 0.887779 66.5645 0 0 0 1 
Seq_Frame0016_DriverToReference-SequenceTransformStatus = OK
Seq_Frame0016_Timestamp = 1.714
Seq_Frame0017_DriverToReference-SequenceTransform =0.50211 0.732957 -0.458976 79.4331 -0.820773 0.571081 0.0140721 40.2968 0.272427 0.36965 0.888337 66.5504 0 0 0 1 
Seq_Frame0017_DriverToReference-SequenceTransformStatus = OK
Seq_Frame0017_Timestamp = 1.819
Seq_Frame0018_DriverToReference-SequenceTransform =0.501781 0.732451 -0.460144 79.4027 -0.820409 0.571576 0.0151825 40.3828 0.274127 0.369888 0.887715 66.4671 0 0 0 1 
Seq_Frame0018_DriverToReference-SequenceTransformStatus = OK
Seq_Frame0018_Timestamp = 1.925
Seq_Frame0019_DriverToReference-SequenceTransform =0.502038 0.73241 -0.459928 79.3877 -0.819952 0.572204 0.0161784 40.4318 0.275022 0.368996 0.887809 66.423 0 0 0 1 
Seq_Frame0019_DriverToReference-SequenceTransformStatus = OK
Seq_Frame0019_Timestamp = 2.029
Seq_Frame0020_DriverToReference-SequenceTransform =0.501738 0.732601 -0.459951 79.4486 -0.820258 0.571772 0.0159293 40.335 0.274657 0.369286 0.887801 66.4943 0 0 0 1 
Seq_Frame0020_DriverToReference-SequenceTransformStatus = OK
Seq_Frame0020_Timestamp = 2.139
Seq_Frame0021_DriverToReference-SequenceTransform =0.502261 0.732905 -0.458895 79.4472 -0.820415 0.571574 0.014921 40.335 0.273228 0.36899 0.888365 66.5065 0 0 0 1 
Seq_Frame0021_DriverToReference-SequenceTransformStatus = OK
Seq_Frame0021_Timestamp = 2.244
Seq_Frame0022_DriverToReference-SequenceTransform =0.501707 0.732725 -0.459787 79.4148 -0.820749 0.571104 0.0145443 40.3504 0.273243 0.370073 0.88791 66.5107 0 0 0 1 
Seq_Frame0022_DriverToReference-SequenceTransformStatus = OK
Seq_Frame0022_Timestamp = 2.35
Seq_Frame0023_DriverToReference-SequenceTransform =0.501348 0.732626 -0.460335 79.4188 -0.820824 0.57099 0.0147795 40.367 0.273675 0.370445 0.887622 66.4839 0 0 0 1 
Seq_Frame0023_DriverToReference-SequenceTransformStatus = OK
Seq_Frame0023_Timestamp = 2.454
Seq_Frame0024_DriverToReference-SequenceTransform =0.501672 0.732759 -0.45977 79.4103 -0.820485 0.571458 0.0155007 40.3138 0.274098 0.369458 0.887903 66.4883 0 0 0 1 
Seq_Frame0024_DriverToReference-SequenceTransformStatus = OK
Seq_Frame0024_Timestamp = 2.56
Seq_Frame0025_DriverToReference-SequenceTransform =0.501246 0.732499 -0.460649 79.4003 -0.820315 0.571676 0.0164376 40.3805 0.275383 0.369638 0.88743 66.4206 0 0 0 1 
Seq_Frame0025_DriverToReference-SequenceTransformStatus = OK
Seq_Frame0025_Timestamp = 2.664
Seq_Frame0026_DriverToReference-SequenceTransform =0.500961 0.73265 -0.46072 79.3883 -0.820971 0.570774 0.014984 40.3611 0.273945 0.370731 0.887419 66.4597 0 0 0 1 
Seq_Frame0026_DriverToReference-SequenceTransformStatus = OK
Seq_Frame0026_Timestamp = 2.77
Seq_Frame0027_DriverToReference-SequenceTransform =0.500392 0.732931 -0.460891 79.4142 -0.821295 0.5703 0.0152331 40.3313 0.274011 0.370905 0.887326 66.5178 0 0 0 1 
Seq_Frame0027_DriverToReference-SequenceTransformStatus = OK
Seq_Frame0027_Timestamp = 2.879
Seq_Frame0028_DriverToReference-SequenceTransform =0.517018 0.727392 -0.451213 79.5793 -0.813152 0.582015 0.00651371 39.8786 0.26735 0.363537 0.892393 66.5359 0 0 0 1 
Seq_Frame0028_DriverToReference-SequenceTransformStatus = OK
Seq_Frame0028_Timestamp = 2.983
Seq_Frame0029_DriverToReference-SequenceTransform =0.507574 0.737155 -0.446062 81.1901 -0.820741 0.571213 0.0100553 37.3237 0.262208 0.360997 0.894946 62.8004 0 0 0 1 
Seq_Frame0029_DriverToReference-SequenceTransformStatus = OK
Seq_Frame0029_Timestamp = 3.089
Seq_Frame0030_DriverToReference-SequenceTransform =0.501178 0.757916 -0.417593 83.2379 -0.827026 0.561534 0.026602 37.4684 0.254655 0.332028 0.908245 63.0344 0 0 0 1 
Seq_Frame0030_DriverToReference-SequenceTransformStatus = OK
Seq_Frame0030_Timestamp = 3.192
Seq_Frame0031_DriverToReference-SequenceTransform =0.486501 0.785887 -0.381704 85.9779 -0.8446 0.53483 0.0246706 35.032 0.223535 0.310385 0.923955 59.6314 0 0 0 1 
Seq_Frame0031_DriverToReference-SequenceTransformStatus = OK
Seq_Frame0031_Timestamp = 3.299
Seq_Frame0032_DriverToReference-SequenceTransform =0.443782 0.851585 -0.279034 90.8865 -0.877074 0.47663 0.0597131 28.8342 0.183847 0.218233 0.958423 50.4074 0 0 0 1 
Seq_Frame0032_DriverToReference-SequenceTransformStatus = OK
Seq_Frame0032_Timestamp = 3.404
Seq_Frame0033_DriverToReference-SequenceTransform =0.383552 0.907924 -0.169002 95.7719 -0.914632 0.398773 0.0665467 23.8004 0.127813 0.12905 0.983367 43.2507 0 0 0 1 
Seq_Frame0033_DriverToReference-SequenceTransformStatus = OK
Seq_Frame0033_Timestamp = 3.509
Seq_Frame0034_DriverToReference-SequenceTransform =0.294118 0.955054 0.0369596 103.059 -0.954218 0.291219 0.0682633 20.7841 0.0544318 -0.055345 0.996983 39.3281 0 0 0 1 
Seq_Frame0034_DriverToReference-SequenceTransformStatus = OK
Seq_Frame0034_Timestamp = 3.617
Seq_Frame0035_DriverToReference-SequenceTransform =0.218443 0.967119 0.130242 106.384 -0.975419 0.212429 0.0585764 18.0337 0.0289831 -0.139837 0.98975 34.8689 0 0 0 1 
Seq_Frame0035_DriverToReference-SequenceTransformStatus = OK
Seq_Frame0035_Timestamp = 3.724
Seq_Frame0036_DriverToReference-SequenceTransform =0.178689 0.963184 0.200864 106.279 -0.983879 0.173417 0.0436922 15.2955 0.00725032 -0.205434 0.978644 31.3484 0 0 0 1 
Seq_Frame0036_DriverToReference-SequenceTransformStatus = OK
Seq_Frame0036_Timestamp = 3.829
Seq_Frame0037_DriverToReference-SequenceTransform =0.173162 0.962608 0.208329 105.834 -0.984887 0.168504 0.0400406 14.882 0.00343904 -0.212115 0.977239 30.8247 0 0 0 1 
Seq_Frame0037_DriverToReference-SequenceTransformStatus = OK
Seq_Frame0037_Timestamp = 3.939
Seq_Frame0038_DriverToReference-SequenceTransform =0.231468 0.94251 0.241033 104.282 -0.972033 0.213961 0.0968073 17.3029 0.0396702 -0.2567 0.965677 29.6161 0 0 0 1 
Seq_Frame0038_DriverToReference-SequenceTransformStatus = OK
Seq_Frame0038_Timestamp = 4.045
Seq_Frame0039_DriverToReference-SequenceTransform =0.340379 0.853334 0.394923 103.47 -0.937126 0.273444 0.216848 24.307 0.0770542 -0.443903 0.892756 22.573 0 0 0 1 
Seq_Frame0039_DriverToReference-SequenceTransformStatus = OK
Seq_Frame0039_Timestamp = 4.153
Seq_Frame0040_DriverToReference-SequenceTransform =0.345766 0.821268 0.453832 109.372 -0.923251 0.21144 0.320781 28.984 0.167489 -0.529916 0.831346 18.0049 0 0 0 1 
Seq_Frame0040_DriverToReference-SequenceTransformStatus = OK
Seq_Frame0040_Timestamp = 4.26
Seq_Frame0041_DriverToReference-SequenceTransform =0.372976 0.763888 0.526654 113.444 -0.91036 0.19162 0.366779 32.2239 0.179261 -0.616245 0.766882 13.3735 0 0 0 1 
Seq_Frame0041_DriverToReference-SequenceTransformStatus = OK
Seq_Frame0041_Timestamp = 4.369
Seq_Frame0042_DriverToReference-SequenceTransform =0.383891 0.74587 0.54434 115.081 -0.905602 0.189007 0.379685 33.8163 0.180311 -0.638713 0.748019 12.738 0 0 0 1 
Seq_Frame0042_DriverToReference-SequenceTransformStatus = OK
Seq_Frame0042_Timestamp = 4.474
Seq_Frame0043_DriverToReference-SequenceTransform =0.413809 0.676211 0.609509 116.908 -0.900456 0.20552 0.383328 34.5552 0.133944 -0.70746 0.693944 10.4049 0 0 0 1 
Seq_Frame0043_DriverToReference-SequenceTransformStatus = OK
Seq_Frame0043_Timestamp = 4.575
Seq_Frame0044_DriverToReference-SequenceTransform =0.38244 0.609981 0.694019 118.341 -0.922047 0.203378 0.329344 35.0571 0.0597457 -0.765872 0.640211 12.7236 0 0 0 1 
Seq_Frame0044_DriverToReference-SequenceTransformStatus = OK
Seq_Frame0044_Timestamp = 4.689
Seq_Frame0045_DriverToReference-SequenceTransform =0.363104 0.577178 0.731451 119.196 -0.930612 0.185884 0.315292 35.6882 0.0460142 -0.79518 0.604624 11.4257 0 0 0 1 
Seq_Frame0045_DriverToReference-SequenceTransformStatus = OK
Seq_Frame0045_Timestamp = 4.793
Seq_Frame0046_DriverToReference-SequenceTransform =0.279433 0.609561 0.741857 122.478 -0.956287 0.107305 0.272033 33.3689 0.0862156 -0.785443 0.6129 10.0718 0 0 0 1 
Seq_Frame0046_DriverToReference-SequenceTransformStatus = OK
Seq_Frame0046_Timestamp = 4.9
Seq_Frame0047_DriverToReference-SequenceTransform =0.283731 0.585433 0.75945 121.463 -0.956229 0.113626 0.269657 32.2869 0.0715729 -0.802719 0.592047 7.38464 0 0 0 1 
Seq_Frame0047_DriverToReference-SequenceTransformStatus = OK
Seq_Frame0047_Timestamp = 5.004
Seq_Frame0048_DriverToReference-SequenceTransform =0.289251 0.551886 0.782148 120.96 -0.955924 0.123492 0.26638 31.6927 0.0504225 -0.824725 0.563281 6.14789 0 0 0 1 
Seq_Frame0048_DriverToReference-SequenceTransformStatus = OK
Seq_Frame0048_Timestamp = 5.11
Seq_Frame0049_DriverToReference-SequenceTransform =0.26292 0.582781 0.768921 120.653 -0.963733 0.120862 0.237929 29.0536 0.0457271 -0.803591 0.593422 6.9536 0 0 0 1 
Seq_Frame0049_DriverToReference-SequenceTransformStatus = OK
Seq_Frame0049_Timestamp = 5.214
Seq_Frame0050_DriverToReference-SequenceTransform =0.258292 0.57455 0.776645 121.108 -0.965986 0.143163 0.215352 27.3746 0.0125434 -0.805851 0.591985 7.82164 0 0 0 1 
Seq_Frame0050_DriverToReference-SequenceTransformStatus = OK
Seq_Frame0050_Timestamp = 5.319
Seq_Frame0051_DriverToReference-SequenceTransform =0.256824 0.589776 0.765641 120.115 -0.966396 0.147719 0.210375 26.6391 0.0109745 -0.793941 0.607895 7.87106 0 0 0 1 
Seq_Frame0051_DriverToReference-SequenceTransformStatus = OK
Seq_Frame0051_Timestamp = 5.429
Seq_Frame0052_DriverToReference-SequenceTransform =0.256031 0.590508 0.765342 119.848 -0.966609 0.1476 0.209479 26.0759 0.0107346 -0.793419 0.608581 7.7474 0 0 0 1 
Seq_Frame0052_DriverToReference-SequenceTransformStatus = OK
Seq_Frame0052_Timestamp = 5.534
Seq_Frame0053_DriverToReference-SequenceTransform =0.243483 0.593121 0.767413 120.334 -0.969847 0.140219 0.199338 25.4302 0.0106252 -0.792809 0.609378 7.54675 0 0 0 1 
Seq_Frame0053_DriverToReference-SequenceTransformStatus = OK
Seq_Frame0053_Timestamp = 5.64
Seq_Frame0054_DriverToReference-SequenceTransform =0.229755 0.598226 0.767684 121.188 -0.973189 0.132534 0.187981 24.5705 0.0107108 -0.790291 0.612638 8.34575 0 0 0 1 
Seq_Frame0054_DriverToReference-SequenceTransformStatus = OK
Seq_Frame0054_Timestamp = 5.744
Seq_Frame0055_DriverToReference-SequenceTransform =0.207108 0.612994 0.762459 121.93 -0.978045 0.111314 0.176174 23.9056 0.0231212 -0.782207 0.62259 9.12445 0 0 0 1 
Seq_Frame0055_DriverToReference-SequenceTransformStatus = OK
Seq_Frame0055_Timestamp = 5.844
Seq_Frame0056_DriverToReference-SequenceTransform =0.190715 0.639427 0.744822 123.847 -0.980417 0.0861235 0.177104 24.9193 0.0490982 -0.764013 0.64333 11.239 0 0 0 1 
Seq_Frame0056_DriverToReference-SequenceTransformStatus = OK
Seq_Frame0056_Timestamp = 5.971
Seq_Frame0057_DriverToReference-SequenceTransform =0.133752 0.7417 0.657261 125.413 -0.979969 0.00024064 0.199151 27.3717 0.147552 -0.670732 0.726875 14.1975 0 0 0 1 
Seq_Frame0057_DriverToReference-SequenceTransformStatus = OK
Seq_Frame0057_Timestamp = 6.079
Seq_Frame0058_DriverToReference-SequenceTransform =0.0637468 0.802242 0.593585 130.568 -0.976107 -0.0736861 0.204415 32.4516 0.20773 -0.592434 0.778377 20.8791 0 0 0 1 
Seq_Frame0058_DriverToReference-SequenceTransformStatus = OK
Seq_Frame0058_Timestamp = 6.185
Seq_Frame0059_DriverToReference-SequenceTransform =-0.0088663 0.833291 0.552763 141.239 -0.976474 -0.126318 0.174762 39.8665 0.215452 -0.538209 0.814807 26.9308 0 0 0 1 
Seq_Frame0059_DriverToReference-SequenceTransformStatus = OK
Seq_Frame0059_Timestamp = 6.289
Seq_Frame0060_DriverToReference-SequenceTransform =-0.0945357 0.847186 0.522818 144.073 -0.979885 -0.1719 0.101368 43.4981 0.17575 -0.502719 0.846396 30.8868 0 0 0 1 
Seq_Frame0060_DriverToReference-SequenceTransformStatus = OK
Seq_Frame0060_Timestamp = 6.395
Seq_Frame0061_DriverToReference-SequenceTransform =-0.349057 0.860693 0.370631 131.16 -0.935186 -0.345218 -0.0790727 54.3957 0.0598912 -0.37421 0.925408 22.4685 0 0 0 1 
Seq_Frame0061_DriverToReference-SequenceTransformStatus = OK
Seq_Frame0061_Timestamp = 6.499
Seq_Frame0062_DriverToReference-SequenceTransform =-0.586016 0.803007 0.108468 114.807 -0.787625 -0.533047 -0.309043 73.5834 -0.190345 -0.266536 0.944842 8.28425 0 0 0 1 
Seq_Frame0062_DriverToReference-SequenceTransformStatus = OK
Seq_Frame0062_Timestamp = 6.617
Seq_Frame0063_DriverToReference-SequenceTransform =-0.789677 0.450311 -0.416689 89.4465 -0.0805048 -0.749356 -0.657255 152.94 -0.608218 -0.485474 0.628002 -20.8053 0 0 0 1 
Seq_Frame0063_DriverToReference-SequenceTransformStatus = OK
Seq_Frame0063_Timestamp = 6.734
Seq_Frame0064_DriverToReference-SequenceTransform =-0.789677 0.450311 -0.416689 89.4465 -0.0805048 -0.749356 -0.657255 152.94 -0.608218 -0.485474 0.628002 -20.8053 0 0 0 1 
Seq_Frame0064_DriverToReference-SequenceTransformStatus = OK
Seq_Frame0064_Timestamp = 6.834
Seq_Frame0065_DriverToReference-SequenceTransform =-0.789677 0.450311 -0.416689 89.4465 -0.0805048 -0.749356 -0.657255 152.94 -0.608218 -0.485474 0.628002 -20.8053 0 0 0 1 
Seq_Frame0065_DriverToReference-SequenceTransformStatus = OK
Seq_Frame0065_Timestamp = 6.939
Seq_Frame0066_DriverToReference-SequenceTransform =-0.789677 0.450311 -0.416689 89.4465 -0.0805048 -0.749356 -0.657255 152.94 -0.608218 -0.485474 0.628002 -20.8053 0 0 0 1 
Seq_Frame0066_DriverToReference-SequenceTransformStatus = OK
Seq_Frame0066_Timestamp = 7.044
Seq_Frame0067_DriverToReference-SequenceTransform =-0.789677 0.450311 -0.416689 89.4465 -0.0805048 -0.749356 -0.657255 152.94 -0.608218 -0.485474 0.628002 -20.8053 0 0 0 1 
Seq_Frame0067_DriverToReference-SequenceTransformStatus = OK
Seq_Frame0067_Timestamp = 7.149
Seq_Frame0068_DriverToReference-SequenceTransform =-0.789677 0.450311 -0.416689 89.4465 -0.0805048 -0.749356 -0.657255 152.94 -0.608218 -0.485474 0.628002 -20.8053 0 0 0 1 
Seq_Frame0068_DriverToReference-SequenceTransformStatus = OK
Seq_Frame0068_Timestamp = 7.254
Seq_Frame0069_DriverToReference-SequenceTransform =-0.789677 0.450311 -0.416689 89.4465 -0.0805048 -0.749356 -0.657255 152.94 -0.608218 -0.485474 0.628002 -20.8053 0 0 0 1 
Seq_Frame0069_DriverToReference-SequenceTransformStatus = OK
Seq_Frame0069_Timestamp = 7.359
Seq_Frame0070_DriverToReference-SequenceTransform =-0.789677 0.450311 -0.416689 89.4465 -0.0805048 -0.749356 -0.657255 152.94 -0.608218 -0.485474 0.628002 -20.8053 0 0 0 1 
Seq_Frame0070_DriverToReference-SequenceTransformStatus = OK
Seq_Frame0070_Timestamp = 7.464
Seq_Frame0071_DriverToReference-SequenceTransform =-0.789677 0.450311 -0.416689 89.4465 -0.0805048 -0.749356 -0.657255 152.94 -0.608218 -0.485474 0.628002 -20.8053 0 0 0 1 
Seq_Frame0071_DriverToReference-SequenceTransformStatus = OK
Seq_Frame0071_Timestamp = 7.574
Seq_Frame0072_DriverToReference-SequenceTransform =-0.789677 0.450311 -0.416689 89.4465 -0.0805048 -0.749356 -0.657255 152.94 -0.608218 -0.485474 0.628002 -20.8053 0 0 0 1 
Seq_Frame0072_DriverToReference-SequenceTransformStatus = OK
Seq_Frame0072_Timestamp = 7.679
Seq_Frame0073_DriverToReference-SequenceTransform =-0.789677 0.450311 -0.416689 89.4465 -0.0805048 -0.749356 -0.657255 152.94 -0.608218 -0.485474 0.628002 -20.8053 0 0 0 1 
Seq_Frame0073_DriverToReference-SequenceTransformStatus = OK
Seq_Frame0073_Timestamp = 7.784
Seq_Frame0074_DriverToReference-SequenceTransform =-0.789677 0.450311 -0.416689 89.4465 -0.0805048 -0.749356 -0.657255 152.94 -0.608218 -0.485474 0.628002 -20.8053 0 0 0 1 
Seq_Frame0074_DriverToReference-SequenceTransformStatus = OK
Seq_Frame0074_Timestamp = 7.889
Seq_Frame0075_DriverToReference-SequenceTransform =-0.789677 0.450311 -0.416689 89.4465 -0.0805048 -0.749356 -0.657255 152.94 -0.608218 -0.485474 0.628002 -20.8053 0 0 0 1 
Seq_Frame0075_DriverToReference-SequenceTransformStatus = OK
Seq_Frame0075_Timestamp = 7.999
Seq_Frame0076_DriverToReference-SequenceTransform =-0.789677 0.450311 -0.416689 89.4465 -0.0805048 -0.749356 -0.657255 152.94 -0.608218 -0.485474 0.628002 -20.8053 0 0 0 1 
Seq_Frame0076_DriverToReference-SequenceTransformStatus = OK
Seq_Frame0076_Timestamp = 8.109
Seq_Frame0077_DriverToReference-SequenceTransform =-0.789677 0.450311 -0.416689 89.4465 -0.0805048 -0.749356 -0.657255 152.94 -0.608218 -0.485474 0.628002 -20.8053 0 0 0 1 
Seq_Frame0077_DriverToReference-SequenceTransformStatus = OK
Seq_Frame0077_Timestamp = 8.214
Seq_Frame0078_DriverToReference-SequenceTransform =-0.789677 0.450311 -0.416689 89.4465 -0.0805048 -0.749356 -0.657255 152.94 -0.608218 -0.485474 0.628002 -20.8053 0 0 0 1 
Seq_Frame0078_DriverToReference-SequenceTransformStatus = OK
Seq_Frame0078_Timestamp = 8.319
Seq_Frame0079_DriverToReference-SequenceTransform =-0.789677 0.450311 -0.416689 89.4465 -0.0805048 -0.749356 -0.657255 152.94 -0.608218 -0.485474 0.628002 -20.8053 0 0 0 1 
Seq_Frame0079_DriverToReference-SequenceTransformStatus = OK
Seq_Frame0079_Timestamp = 8.433
Seq_Frame0080_DriverToReference-SequenceTransform =-0.789677 0.450311 -0.416689 89.4465 -0.0805048 -0.749356 -0.657255 152.94 -0.608218 -0.485474 0.628002 -20.8053 0 0 0 1 
Seq_Frame0080_DriverToReference-SequenceTransformStatus = OK
Seq_Frame0080_Timestamp = 8.534
Seq_Frame0081_DriverToReference-SequenceTransform =-0.789677 0.450311 -0.416689 89.4465 -0.0805048 -0.749356 -0.657255 152.94 -0.608218 -0.485474 0.628002 -20.8053 0 0 0 1 
Seq_Frame0081_DriverToReference-SequenceTransformStatus = OK
Seq_Frame0081_Timestamp = 8.64
Seq_Frame0082_DriverToReference-SequenceTransform =-0.789677 0.450311 -0.416689 89.4465 -0.0805048 -0.749356 -0.657255 152.94 -0.608218 -0.485474 0.628002 -20.8053 0 0 0 1 
Seq_Frame0082_DriverToReference-SequenceTransformStatus = OK
Seq_Frame0082_Timestamp = 8.744
Seq_Frame0083_DriverToReference-SequenceTransform =-0.789677 0.450311 -0.416689 89.4465 -0.0805048 -0.749356 -0.657255 152.94 -0.608218 -0.485474 0.628002 -20.8053 0 0 0 1 
Seq_Frame0083_DriverToReference-SequenceTransformStatus = OK
Seq_Frame0083_Timestamp = 8.849
Seq_Frame0084_DriverToReference-SequenceTransform =-0.789677 0.450311 -0.416689 89.4465 -0.0805048 -0.749356 -0.657255 152.94 -0.608218 -0.485474 0.628002 -20.8053 0 0 0 1 
Seq_Frame0084_DriverToReference-SequenceTransformStatus = OK
Seq_Frame0084_Timestamp = 8.954
Seq_Frame0085_DriverToReference-SequenceTransform =-0.789677 0.450311 -0.416689 89.4465 -0.0805048 -0.749356 -0.657255 152.94 -0.608218 -0.485474 0.628002 -20.8053 0 0 0 1 
Seq_Frame0085_DriverToReference-SequenceTransformStatus = OK
Seq_Frame0085_Timestamp = 9.059
Seq_Frame0086_DriverToReference-SequenceTransform =-0.789677 0.450311 -0.416689 89.4465 -0.0805048 -0.749356 -0.657255 152.94 -0.608218 -0.485474 0.628002 -20.8053 0 0 0 1 
Seq_Frame0086_DriverToReference-SequenceTransformStatus = OK
Seq_Frame0086_Timestamp = 9.163
Seq_Frame0087_DriverToReference-SequenceTransform =-0.789677 0.450311 -0.416689 89.4465 -0.0805048 -0.749356 -0.657255 152.94 -0.608218 -0.485474 0.628002 -20.8053 0 0 0 1 
Seq_Frame0087_DriverToReference-SequenceTransformStatus = OK
Seq_Frame0087_Timestamp = 9.269
Seq_Frame0088_DriverToReference-SequenceTransform =-0.637575 -0.610049 -0.470466 -24.7703 0.576452 -0.782913 0.233987 233.557 -0.511078 -0.122017 0.85083 62.0368 0 0 0 1 
Seq_Frame0088_DriverToReference-SequenceTransformStatus = OK
Seq_Frame0088_Timestamp = 9.375
Seq_Frame0089_DriverToReference-SequenceTransform =-0.634059 -0.604831 -0.481818 -24.1654 0.573115 -0.785861 0.232297 233.93 -0.519143 -0.128847 0.84492 65.732 0 0 0 1 
Seq_Frame0089_DriverToReference-SequenceTransformStatus = OK
Seq_Frame0089_Timestamp = 9.479
Seq_Frame0090_DriverToReference-SequenceTransform =-0.634059 -0.604831 -0.481818 -24.1654 0.573115 -0.785861 0.232297 233.93 -0.519143 -0.128847 0.84492 65.732 0 0 0 1 
Seq_Frame0090_DriverToReference-SequenceTransformStatus = OK
Seq_Frame0090_Timestamp = 9.589
Seq_Frame0091_DriverToReference-SequenceTransform =-0.634059 -0.604831 -0.481818 -24.1654 0.573115 -0.785861 0.232297 233.93 -0.519143 -0.128847 0.84492 65.732 0 0 0 1 
Seq_Frame0091_DriverToReference-SequenceTransformStatus = OK
Seq_Frame0091_Timestamp = 9.694
Seq_Frame0092_DriverToReference-SequenceTransform =-0.634059 -0.604831 -0.481818 -24.1654 0.573115 -0.785861 0.232297 233.93 -0.519143 -0.128847 0.84492 65.732 0 0 0 1 
Seq_Frame0092_DriverToReference-SequenceTransformStatus = OK
Seq_Frame0092_Timestamp = 9.81
Seq_Frame0093_DriverToReference-SequenceTransform =-0.634059 -0.604831 -0.481818 -24.1654 0.573115 -0.785861 0.232297 233.93 -0.519143 -0.128847 0.84492 65.732 0 0 0 1 
Seq_Frame0093_DriverToReference-SequenceTransformStatus = OK
Seq_Frame0093_Timestamp = 9.924
Seq_Frame0094_DriverToReference-SequenceTransform =-0.194223 -0.222178 -0.955465 11.2855 0.469875 -0.876076 0.108204 246.87 -0.861101 -0.427934 0.27455 132.106 0 0 0 1 
Seq_Frame0094_DriverToReference-SequenceTransformStatus = OK
Seq_Frame0094_Timestamp = 10.029
Seq_Frame0095_DriverToReference-SequenceTransform =-0.0187526 -0.215104 -0.976411 25.2055 0.322656 -0.925635 0.197721 243.57 -0.94633 -0.311337 0.0867628 139.189 0 0 0 1 
Seq_Frame0095_DriverToReference-SequenceTransformStatus = OK
Seq_Frame0095_Timestamp = 10.134
Seq_Frame0096_DriverToReference-SequenceTransform =0.098502 -0.14965 -0.98382 33.8127 0.303467 -0.937021 0.172915 250.343 -0.947737 -0.31559 -0.0468845 148.56 0 0 0 1 
Seq_Frame0096_DriverToReference-SequenceTransformStatus = OK
Seq_Frame0096_Timestamp = 10.239
Seq_Frame0097_DriverToReference-SequenceTransform =0.221963 -0.118625 -0.967812 44.1624 0.303009 -0.935036 0.184101 256.995 -0.926778 -0.334119 -0.171599 156.527 0 0 0 1 
Seq_Frame0097_DriverToReference-SequenceTransformStatus = OK
Seq_Frame0097_Timestamp = 10.349
Seq_Frame0098_DriverToReference-SequenceTransform =0.26618 -0.136155 -0.954259 52.6682 0.252293 -0.945622 0.205297 265.333 -0.930321 -0.295398 -0.217354 159.96 0 0 0 1 
Seq_Frame0098_DriverToReference-SequenceTransformStatus = OK
Seq_Frame0098_Timestamp = 10.451
Seq_Frame0099_DriverToReference-SequenceTransform =0.19466 -0.177524 -0.964672 60.2967 0.201144 -0.95536 0.216399 270.599 -0.960025 -0.236162 -0.150263 156.599 0 0 0 1 
Seq_Frame0099_DriverToReference-SequenceTransformStatus = OK
Seq_Frame0099_Timestamp = 10.559
Seq_Frame0100_DriverToReference-SequenceTransform =-0.00362681 -0.15555 -0.987821 66.2728 0.126636 -0.979946 0.153845 279.052 -0.991943 -0.124536 0.0232524 150.174 0 0 0 1 
Seq_Frame0100_DriverToReference-SequenceTransformStatus = OK
Seq_Frame0100_Timestamp = 10.664
Seq_Frame0101_DriverToReference-SequenceTransform =-0.253825 -0.0411115 -0.966376 63.8717 0.133276 -0.991053 0.00715548 288.748 -0.958024 -0.126978 0.257033 150.732 0 0 0 1 
Seq_Frame0101_DriverToReference-SequenceTransformStatus = OK
Seq_Frame0101_Timestamp = 10.775
Seq_Frame0102_DriverToReference-SequenceTransform =-0.267635 -0.0160409 -0.963387 65.3247 0.140089 -0.989885 -0.0224357 291.136 -0.953282 -0.140965 0.267175 163.209 0 0 0 1 
Seq_Frame0102_DriverToReference-SequenceTransformStatus = OK
Seq_Frame0102_Timestamp = 10.889
Seq_Frame0103_DriverToReference-SequenceTransform =-0.218677 0.0187092 -0.975618 63.2071 0.253388 -0.96443 -0.0752896 298.209 -0.942324 -0.263674 0.206158 180.478 0 0 0 1 
Seq_Frame0103_DriverToReference-SequenceTransformStatus = OK
Seq_Frame0103_Timestamp = 10.994
Seq_Frame0104_DriverToReference-SequenceTransform =-0.00413718 0.0430969 -0.999062 69.9626 0.431586 -0.901155 -0.0406607 304.553 -0.902062 -0.43135 -0.0148718 199.164 0 0 0 1 
Seq_Frame0104_DriverToReference-SequenceTransformStatus = OK
Seq_Frame0104_Timestamp = 11.099
Seq_Frame0105_DriverToReference-SequenceTransform =-0.0302389 0.0993625 -0.994592 75.363 0.505487 -0.856905 -0.100976 305.864 -0.862304 -0.505807 -0.0243146 208.044 0 0 0 1 
Seq_Frame0105_DriverToReference-SequenceTransformStatus = OK
Seq_Frame0105_Timestamp = 11.204
Seq_Frame0106_DriverToReference-SequenceTransform =-0.0328014 0.173309 -0.984321 84.8476 0.390253 -0.904451 -0.172251 297.021 -0.920123 -0.389784 -0.0379668 218.377 0 0 0 1 
Seq_Frame0106_DriverToReference-SequenceTransformStatus = OK
Seq_Frame0106_Timestamp = 11.315
Seq_Frame0107_DriverToReference-SequenceTransform =-0.223106 0.383918 -0.896008 83.5408 0.246638 -0.867037 -0.432917 290.238 -0.943077 -0.317576 0.0987526 223.826 0 0 0 1 
Seq_Frame0107_DriverToReference-SequenceTransformStatus = OK
Seq_Frame0107_Timestamp = 11.417
Seq_Frame0108_DriverToReference-SequenceTransform =-0.23101 0.446393 -0.864505 91.8282 0.0773682 -0.877297 -0.473672 284.3 -0.96987 -0.176308 0.168128 224.177 0 0 0 1 
Seq_Frame0108_DriverToReference-SequenceTransformStatus = OK
Seq_Frame0108_Timestamp = 11.524
Seq_Frame0109_DriverToReference-SequenceTransform =-0.271745 0.445545 -0.853021 91.0819 0.010749 -0.884915 -0.465628 285.535 -0.962309 -0.135701 0.235682 225.639 0 0 0 1 
Seq_Frame0109_DriverToReference-SequenceTransformStatus = OK
Seq_Frame0109_Timestamp = 11.629
Seq_Frame0110_DriverToReference-SequenceTransform =-0.375495 0.339471 -0.862417 83.5468 0.00394618 -0.929913 -0.367758 289.381 -0.926816 -0.141495 0.347838 222.088 0 0 0 1 
Seq_Frame0110_DriverToReference-SequenceTransformStatus = OK
Seq_Frame0110_Timestamp = 11.735
Seq_Frame0111_DriverToReference-SequenceTransform =-0.33833 0.28474 -0.896915 78.0634 0.108642 -0.93493 -0.33779 298.675 -0.934735 -0.211727 0.28538 226.935 0 0 0 1 
Seq_Frame0111_DriverToReference-SequenceTransformStatus = OK
Seq_Frame0111_Timestamp = 11.839
Seq_Frame0112_DriverToReference-SequenceTransform =-0.347593 0.210591 -0.91369 75.0385 -0.0387226 -0.976845 -0.210416 307.969 -0.936845 -0.0377588 0.347699 228.581 0 0 0 1 
Seq_Frame0112_DriverToReference-SequenceTransformStatus = OK
Seq_Frame0112_Timestamp = 11.944
Seq_Frame0113_DriverToReference-SequenceTransform =-0.439806 0.289469 -0.850164 66.3268 -0.136473 -0.95718 -0.255306 301.531 -0.887663 0.00373886 0.460478 228.501 0 0 0 1 
Seq_Frame0113_DriverToReference-SequenceTransformStatus = OK
Seq_Frame0113_Timestamp = 12.054
Seq_Frame0114_DriverToReference-SequenceTransform =-0.575827 0.403621 -0.710994 63.8786 -0.212814 -0.91366 -0.346316 293.987 -0.789388 -0.0481081 0.612007 231.839 0 0 0 1 
Seq_Frame0114_DriverToReference-SequenceTransformStatus = OK
Seq_Frame0114_Timestamp = 12.16
Seq_Frame0115_DriverToReference-SequenceTransform =0.665837 -0.655306 0.3567 55.1982 0.405172 0.719034 0.564646 277.015 -0.626496 -0.231438 0.744271 246.634 0 0 0 1 
Seq_Frame0115_DriverToReference-SequenceTransformStatus = OK
Seq_Frame0115_Timestamp = 12.264
Seq_Frame0116_DriverToReference-SequenceTransform =-0.613564 0.741976 0.270206 50.6635 -0.738475 -0.417988 -0.529094 246.225 -0.279632 -0.524174 0.804393 286.949 0 0 0 1 
Seq_Frame0116_DriverToReference-SequenceTransformStatus = OK
Seq_Frame0116_Timestamp = 12.369
Seq_Frame0117_DriverToReference-SequenceTransform =-0.49379 0.654694 0.572317 61.0908 -0.869574 -0.369069 -0.32807 233.896 -0.00356078 -0.65967 0.751547 299.351 0 0 0 1 
Seq_Frame0117_DriverToReference-SequenceTransformStatus = OK
Seq_Frame0117_Timestamp = 12.479
Seq_Frame0118_DriverToReference-SequenceTransform =-0.355106 0.51881 0.777648 73.1991 -0.908813 -0.386468 -0.157168 232.553 0.218996 -0.762547 0.608738 299.101 0 0 0 1 
Seq_Frame0118_DriverToReference-SequenceTransformStatus = OK
Seq_Frame0118_Timestamp = 12.584
Seq_Frame0119_DriverToReference-SequenceTransform =-0.306424 0.450296 0.838653 74.4428 -0.865076 -0.499342 -0.0479678 237.352 0.397175 -0.740197 0.54255 305.333 0 0 0 1 
Seq_Frame0119_DriverToReference-SequenceTransformStatus = OK
Seq_Frame0119_Timestamp = 12.688
Seq_Frame0120_DriverToReference-SequenceTransform =-0.285234 0.454843 0.843659 74.3161 -0.842321 -0.538945 0.00578074 232.94 0.457315 -0.708982 0.536849 305.56 0 0 0 1 
Seq_Frame0120_DriverToReference-SequenceTransformStatus = OK
Seq_Frame0120_Timestamp = 12.792
Seq_Frame0121_DriverToReference-SequenceTransform =-0.222943 0.406979 0.885813 74.435 -0.860803 -0.508652 0.0170466 229.623 0.457508 -0.75871 0.463729 299.697 0 0 0 1 
Seq_Frame0121_DriverToReference-SequenceTransformStatus = OK
Seq_Frame0121_Timestamp = 12.899
Seq_Frame0122_DriverToReference-SequenceTransform =-0.195326 0.397864 0.896411 75.8225 -0.859233 -0.510083 0.0391713 228.396 0.472829 -0.762574 0.44149 299.429 0 0 0 1 
Seq_Frame0122_DriverToReference-SequenceTransformStatus = OK
Seq_Frame0122_Timestamp = 13.004
Seq_Frame0123_DriverToReference-SequenceTransform =-0.184771 0.389409 0.902342 77.8653 -0.856879 -0.513451 0.04612 228.619 0.481268 -0.764676 0.428547 298.866 0 0 0 1 
Seq_Frame0123_DriverToReference-SequenceTransformStatus = OK
Seq_Frame0123_Timestamp = 13.109
Seq_Frame0124_DriverToReference-SequenceTransform =-0.144982 0.353707 0.924052 76.9992 -0.861812 -0.503937 0.0576795 228.358 0.486065 -0.787997 0.37789 295.986 0 0 0 1 
Seq_Frame0124_DriverToReference-SequenceTransformStatus = OK
Seq_Frame0124_Timestamp = 13.217
Seq_Frame0125_DriverToReference-SequenceTransform =-0.113062 0.319372 0.94086 76.4312 -0.866988 -0.494255 0.063588 229.328 0.485333 -0.808526 0.332773 292.784 0 0 0 1 
Seq_Frame0125_DriverToReference-SequenceTransformStatus = OK
Seq_Frame0125_Timestamp = 13.324
Seq_Frame0126_DriverToReference-SequenceTransform =-0.100382 0.311589 0.9449 78.7141 -0.873629 -0.482075 0.0661575 229.104 0.476126 -0.818851 0.320605 289.817 0 0 0 1 
Seq_Frame0126_DriverToReference-SequenceTransformStatus = OK
Seq_Frame0126_Timestamp = 13.429
Seq_Frame0127_DriverToReference-SequenceTransform =-0.0901426 0.303552 0.948541 79.2808 -0.870824 -0.486171 0.0728277 227.672 0.48326 -0.819447 0.308165 290.288 0 0 0 1 
Seq_Frame0127_DriverToReference-SequenceTransformStatus = OK
Seq_Frame0127_Timestamp = 13.535
Seq_Frame0128_DriverToReference-SequenceTransform =-0.0462213 0.252071 0.966604 80.2669 -0.872366 -0.481603 0.0838772 226.261 0.486663 -0.839356 0.242158 288.679 0 0 0 1 
Seq_Frame0128_DriverToReference-SequenceTransformStatus = OK
Seq_Frame0128_Timestamp = 13.639
Seq_Frame0129_DriverToReference-SequenceTransform =-0.0464676 0.230626 0.971932 81.1282 -0.867439 -0.491823 0.0752307 227.269 0.495369 -0.839596 0.222907 289.173 0 0 0 1 
Seq_Frame0129_DriverToReference-SequenceTransformStatus = OK
Seq_Frame0129_Timestamp = 13.75
Seq_Frame0130_DriverToReference-SequenceTransform =-0.0527229 0.234352 0.970721 79.0193 -0.855916 -0.511355 0.0769642 227.507 0.51442 -0.826798 0.227546 288.485 0 0 0 1 
Seq_Frame0130_DriverToReference-SequenceTransformStatus = OK
Seq_Frame0130_Timestamp = 13.854
Seq_Frame0131_DriverToReference-SequenceTransform =-0.100669 0.273319 0.956641 77.1574 -0.841838 -0.535862 0.0645112 227.32 0.530259 -0.798842 0.284035 287.872 0 0 0 1 
Seq_Frame0131_DriverToReference-SequenceTransformStatus = OK
Seq_Frame0131_Timestamp = 13.959
Seq_Frame0132_DriverToReference-SequenceTransform =-0.105171 0.26807 0.957642 76.2406 -0.840363 -0.538853 0.0585481 226.848 0.531723 -0.798609 0.281948 285.751 0 0 0 1 
Seq_Frame0132_DriverToReference-SequenceTransformStatus = OK
Seq_Frame0132_Timestamp = 14.069
Seq_Frame0133_DriverToReference-SequenceTransform =-0.092956 0.295027 0.950957 73.5607 -0.841735 -0.53344 0.0832158 224.542 0.531829 -0.792718 0.297921 282.953 0 0 0 1 
Seq_Frame0133_DriverToReference-SequenceTransformStatus = OK
Seq_Frame0133_Timestamp = 14.175
Seq_Frame0134_DriverToReference-SequenceTransform =-0.11898 0.350745 0.928882 73.7719 -0.849951 -0.519576 0.0873219 221.89 0.513252 -0.779114 0.359935 282.044 0 0 0 1 
Seq_Frame0134_DriverToReference-SequenceTransformStatus = OK
Seq_Frame0134_Timestamp = 14.283
Seq_Frame0135_DriverToReference-SequenceTransform =-0.141208 0.365011 0.920232 73.0892 -0.868757 -0.491393 0.061602 222.347 0.474681 -0.790759 0.386494 277.398 0 0 0 1 
Seq_Frame0135_DriverToReference-SequenceTransformStatus = OK
Seq_Frame0135_Timestamp = 14.4
Seq_Frame0136_DriverToReference-SequenceTransform =-0.181264 0.394267 0.900942 72.8328 -0.878713 -0.476299 0.0316453 225.117 0.441595 -0.785934 0.432784 274.217 0 0 0 1 
Seq_Frame0136_DriverToReference-SequenceTransformStatus = OK
Seq_Frame0136_Timestamp = 14.515
Seq_Frame0137_DriverToReference-SequenceTransform =-0.167796 0.383571 0.90814 73.0487 -0.878868 -0.475513 0.0384547 225.878 0.446583 -0.791682 0.416897 279.281 0 0 0 1 
Seq_Frame0137_DriverToReference-SequenceTransformStatus = OK
Seq_Frame0137_Timestamp = 14.619
Seq_Frame0138_DriverToReference-SequenceTransform =-0.135893 0.37619 0.916523 69.1579 -0.859366 -0.50508 0.0798936 224.244 0.492973 -0.776772 0.391922 284.672 0 0 0 1 
Seq_Frame0138_DriverToReference-SequenceTransformStatus = OK
Seq_Frame0138_Timestamp = 14.725
Seq_Frame0139_DriverToReference-SequenceTransform =-0.067898 0.301579 0.951021 66.2541 -0.860033 -0.500852 0.0974234 222.961 0.505701 -0.811294 0.293374 282.626 0 0 0 1 
Seq_Frame0139_DriverToReference-SequenceTransformStatus = OK
Seq_Frame0139_Timestamp = 14.83
Seq_Frame0140_DriverToReference-SequenceTransform =-0.0909958 0.343423 0.934762 65.3387 -0.848117 -0.518685 0.107999 221.934 0.521937 -0.78296 0.338461 280.401 0 0 0 1 
Seq_Frame0140_DriverToReference-SequenceTransformStatus = OK
Seq_Frame0140_Timestamp = 14.934
Seq_Frame0141_DriverToReference-SequenceTransform =-0.0634894 0.331387 0.941356 65.9704 -0.849437 -0.513076 0.123329 222.027 0.523857 -0.791793 0.314067 278.394 0 0 0 1 
Seq_Frame0141_DriverToReference-SequenceTransformStatus = OK
Seq_Frame0141_Timestamp = 15.04
Seq_Frame0142_DriverToReference-SequenceTransform =-0.0483169 0.320315 0.946078 67.6561 -0.847349 -0.514634 0.130965 222.15 0.528834 -0.795331 0.296284 277.045 0 0 0 1 
Seq_Frame0142_DriverToReference-SequenceTransformStatus = OK
Seq_Frame0142_Timestamp = 15.144
Seq_Frame0143_DriverToReference-SequenceTransform =-0.0532544 0.308195 0.949831 66.6968 -0.839893 -0.528319 0.124335 222.179 0.540134 -0.791135 0.286986 277.133 0 0 0 1 
Seq_Frame0143_DriverToReference-SequenceTransformStatus = OK
Seq_Frame0143_Timestamp = 15.255
Seq_Frame0144_DriverToReference-SequenceTransform =-0.0540524 0.258008 0.96463 68.2517 -0.820871 -0.561528 0.104194 223.858 0.56855 -0.786205 0.242143 275.933 0 0 0 1 
Seq_Frame0144_DriverToReference-SequenceTransformStatus = OK
Seq_Frame0144_Timestamp = 15.359
Seq_Frame0145_DriverToReference-SequenceTransform =-0.0904316 0.285207 0.95419 66.9327 -0.816111 -0.570341 0.0931293 223.418 0.570775 -0.770304 0.284338 276.13 0 0 0 1 
Seq_Frame0145_DriverToReference-SequenceTransformStatus = OK
Seq_Frame0145_Timestamp = 15.464
Seq_Frame0146_DriverToReference-SequenceTransform =-0.0968799 0.308336 0.946331 63.3531 -0.816623 -0.568173 0.101522 222.348 0.568983 -0.762961 0.306839 276.082 0 0 0 1 
Seq_Frame0146_DriverToReference-SequenceTransformStatus = OK
Seq_Frame0146_Timestamp = 15.567
Seq_Frame0147_DriverToReference-SequenceTransform =-0.114717 0.342586 0.932456 63.4417 -0.832821 -0.544849 0.0977194 220.98 0.541526 -0.765359 0.347816 275.968 0 0 0 1 
Seq_Frame0147_DriverToReference-SequenceTransformStatus = OK
Seq_Frame0147_Timestamp = 15.674
Seq_Frame0148_DriverToReference-SequenceTransform =-0.172896 0.400855 0.899679 63.6814 -0.843844 -0.531379 0.0745911 220.01 0.50797 -0.746292 0.430132 273.713 0 0 0 1 
Seq_Frame0148_DriverToReference-SequenceTransformStatus = OK
Seq_Frame0148_Timestamp = 15.78
Seq_Frame0149_DriverToReference-SequenceTransform =-0.211939 0.428521 0.878323 63.3651 -0.866225 -0.498484 0.0341828 222.275 0.452478 -0.753581 0.476844 270.259 0 0 0 1 
Seq_Frame0149_DriverToReference-SequenceTransformStatus = OK
Seq_Frame0149_Timestamp = 15.884
Seq_Frame0150_DriverToReference-SequenceTransform =-0.24734 0.470022 0.847291 69.3903 -0.880576 -0.47387 0.00581494 226.333 0.404239 -0.744666 0.531097 267.113 0 0 0 1 
Seq_Frame0150_DriverToReference-SequenceTransformStatus = OK
Seq_Frame0150_Timestamp = 15.989
