ObjectType = Image
NDims = 3
AnatomicalOrientation = RAI
BinaryData = True
CompressedData = False
DimSize = 0 0 4587
ElementSpacing = 1 1 1
Offset = 0 0 0
TransformMatrix = 1 0 0 0 1 0 0 0 1
ElementType = MET_UCHAR
Kinds = domain domain list
Seq_Frame0000_ForcepToReference-SequenceTransform =0.477475 -0.589397 -0.651636 31.9831 0.321953 -0.572695 0.753901 -29.9283 -0.817535 -0.569765 -0.0836893 -42.9123 0 0 0 1 
Seq_Frame0000_ForcepToReference-SequenceTransformStatus = OK
Seq_Frame0000_Timestamp = 0.00999999
Seq_Frame0001_ForcepToReference-SequenceTransform =0.477075 -0.589498 -0.651837 31.9877 0.322572 -0.572468 0.753808 -29.9474 -0.817525 -0.569888 -0.0829547 -42.8678 0 0 0 1 
Seq_Frame0001_ForcepToReference-SequenceTransformStatus = OK
Seq_Frame0001_Timestamp = 0.114
Seq_Frame0002_ForcepToReference-SequenceTransform =0.477024 -0.589591 -0.65179 31.9688 0.321708 -0.573003 0.753771 -29.9325 -0.817895 -0.569253 -0.0836599 -42.9192 0 0 0 1 
Seq_Frame0002_ForcepToReference-SequenceTransformStatus = OK
Seq_Frame0002_Timestamp = 0.219
Seq_Frame0003_ForcepToReference-SequenceTransform =0.477268 -0.589632 -0.651574 31.9778 0.323012 -0.57185 0.754089 -29.9139 -0.817238 -0.570369 -0.0824678 -42.9131 0 0 0 1 
Seq_Frame0003_ForcepToReference-SequenceTransformStatus = OK
Seq_Frame0003_Timestamp = 0.324
Seq_Frame0004_ForcepToReference-SequenceTransform =0.477439 -0.58933 -0.651722 31.9807 0.322343 -0.572529 0.75386 -29.9402 -0.817402 -0.570001 -0.0833814 -42.9217 0 0 0 1 
Seq_Frame0004_ForcepToReference-SequenceTransformStatus = OK
Seq_Frame0004_Timestamp = 0.429
Seq_Frame0005_ForcepToReference-SequenceTransform =0.477837 -0.589381 -0.651385 31.9833 0.322038 -0.572362 0.754117 -29.9432 -0.81729 -0.570116 -0.0836931 -42.8704 0 0 0 1 
Seq_Frame0005_ForcepToReference-SequenceTransformStatus = OK
Seq_Frame0005_Timestamp = 0.535
Seq_Frame0006_ForcepToReference-SequenceTransform =0.477709 -0.589224 -0.65162 31.977 0.321746 -0.572849 0.753872 -29.9396 -0.81748 -0.569788 -0.0840747 -42.9354 0 0 0 1 
Seq_Frame0006_ForcepToReference-SequenceTransformStatus = OK
Seq_Frame0006_Timestamp = 0.646
Seq_Frame0007_ForcepToReference-SequenceTransform =0.477153 -0.589176 -0.652071 31.9867 0.321223 -0.573718 0.753435 -29.9808 -0.81801 -0.568964 -0.0844946 -42.9174 0 0 0 1 
Seq_Frame0007_ForcepToReference-SequenceTransformStatus = OK
Seq_Frame0007_Timestamp = 0.765
Seq_Frame0008_ForcepToReference-SequenceTransform =0.477983 -0.588973 -0.651647 32.0057 0.320837 -0.573553 0.753724 -29.9755 -0.817677 -0.56934 -0.0851841 -42.9109 0 0 0 1 
Seq_Frame0008_ForcepToReference-SequenceTransformStatus = OK
Seq_Frame0008_Timestamp = 0.869
Seq_Frame0009_ForcepToReference-SequenceTransform =0.476164 -0.589454 -0.652542 31.9807 0.321986 -0.57366 0.753153 -29.9647 -0.818287 -0.568734 -0.0833594 -42.8979 0 0 0 1 
Seq_Frame0009_ForcepToReference-SequenceTransformStatus = OK
Seq_Frame0009_Timestamp = 0.975
Seq_Frame0010_ForcepToReference-SequenceTransform =0.477457 -0.589286 -0.651749 31.9797 0.322259 -0.572624 0.753824 -29.9439 -0.817425 -0.569951 -0.0835013 -42.9149 0 0 0 1 
Seq_Frame0010_ForcepToReference-SequenceTransformStatus = OK
Seq_Frame0010_Timestamp = 1.079
Seq_Frame0011_ForcepToReference-SequenceTransform =0.477438 -0.589434 -0.651629 31.9754 0.322294 -0.572444 0.753946 -29.9324 -0.817423 -0.569978 -0.0833354 -42.9326 0 0 0 1 
Seq_Frame0011_ForcepToReference-SequenceTransformStatus = OK
Seq_Frame0011_Timestamp = 1.184
Seq_Frame0012_ForcepToReference-SequenceTransform =0.477498 -0.589482 -0.651542 31.9709 0.322457 -0.572227 0.754041 -29.9281 -0.817323 -0.570148 -0.0831545 -42.9341 0 0 0 1 
Seq_Frame0012_ForcepToReference-SequenceTransformStatus = OK
Seq_Frame0012_Timestamp = 1.294
Seq_Frame0013_ForcepToReference-SequenceTransform =0.477466 -0.589445 -0.651599 31.9776 0.322436 -0.57231 0.753987 -29.9269 -0.81735 -0.570102 -0.0832 -42.923 0 0 0 1 
Seq_Frame0013_ForcepToReference-SequenceTransformStatus = OK
Seq_Frame0013_Timestamp = 1.399
Seq_Frame0014_ForcepToReference-SequenceTransform =0.476882 -0.5895 -0.651976 31.9647 0.322513 -0.572663 0.753686 -29.9273 -0.81766 -0.56969 -0.0829718 -42.927 0 0 0 1 
Seq_Frame0014_ForcepToReference-SequenceTransformStatus = OK
Seq_Frame0014_Timestamp = 1.504
Seq_Frame0015_ForcepToReference-SequenceTransform =0.477403 -0.589485 -0.651609 31.972 0.322595 -0.572204 0.754 -29.9388 -0.817324 -0.570167 -0.0830071 -42.8772 0 0 0 1 
Seq_Frame0015_ForcepToReference-SequenceTransformStatus = OK
Seq_Frame0015_Timestamp = 1.609
Seq_Frame0016_ForcepToReference-SequenceTransform =0.476739 -0.589555 -0.652031 31.9791 0.322981 -0.572388 0.753694 -29.9476 -0.817559 -0.569909 -0.0824646 -42.8676 0 0 0 1 
Seq_Frame0016_ForcepToReference-SequenceTransformStatus = OK
Seq_Frame0016_Timestamp = 1.714
Seq_Frame0017_ForcepToReference-SequenceTransform =0.477632 -0.589278 -0.651628 31.9831 0.321486 -0.573031 0.753845 -29.9414 -0.817628 -0.569549 -0.0842533 -42.9127 0 0 0 1 
Seq_Frame0017_ForcepToReference-SequenceTransformStatus = OK
Seq_Frame0017_Timestamp = 1.819
Seq_Frame0018_ForcepToReference-SequenceTransform =0.477856 -0.588969 -0.651743 31.995 0.321322 -0.573322 0.753694 -29.9769 -0.817561 -0.569577 -0.0847169 -42.9136 0 0 0 1 
Seq_Frame0018_ForcepToReference-SequenceTransformStatus = OK
Seq_Frame0018_Timestamp = 1.925
Seq_Frame0019_ForcepToReference-SequenceTransform =0.477406 -0.589005 -0.652041 31.993 0.320799 -0.574007 0.753395 -29.9898 -0.818029 -0.568849 -0.0850823 -42.9249 0 0 0 1 
Seq_Frame0019_ForcepToReference-SequenceTransformStatus = OK
Seq_Frame0019_Timestamp = 2.029
Seq_Frame0020_ForcepToReference-SequenceTransform =0.476793 -0.589534 -0.652011 31.9699 0.322309 -0.572837 0.753641 -29.9554 -0.817793 -0.569479 -0.0831128 -42.8782 0 0 0 1 
Seq_Frame0020_ForcepToReference-SequenceTransformStatus = OK
Seq_Frame0020_Timestamp = 2.139
Seq_Frame0021_ForcepToReference-SequenceTransform =0.476873 -0.589472 -0.652008 31.9719 0.321769 -0.57322 0.75358 -29.9461 -0.817959 -0.569158 -0.0836795 -42.9148 0 0 0 1 
Seq_Frame0021_ForcepToReference-SequenceTransformStatus = OK
Seq_Frame0021_Timestamp = 2.244
Seq_Frame0022_ForcepToReference-SequenceTransform =0.476953 -0.589319 -0.652088 31.9845 0.322183 -0.573045 0.753537 -29.9555 -0.81775 -0.569493 -0.0834472 -42.9138 0 0 0 1 
Seq_Frame0022_ForcepToReference-SequenceTransformStatus = OK
Seq_Frame0022_Timestamp = 2.35
Seq_Frame0023_ForcepToReference-SequenceTransform =0.477569 -0.589175 -0.651768 31.9822 0.320759 -0.573707 0.75364 -29.957 -0.81795 -0.568976 -0.0850011 -42.9246 0 0 0 1 
Seq_Frame0023_ForcepToReference-SequenceTransformStatus = OK
Seq_Frame0023_Timestamp = 2.454
Seq_Frame0024_ForcepToReference-SequenceTransform =0.477001 -0.589421 -0.651961 31.9822 0.321338 -0.573476 0.753569 -29.9396 -0.818054 -0.568953 -0.0841453 -42.9497 0 0 0 1 
Seq_Frame0024_ForcepToReference-SequenceTransformStatus = OK
Seq_Frame0024_Timestamp = 2.56
Seq_Frame0025_ForcepToReference-SequenceTransform =0.476897 -0.589333 -0.652117 31.9838 0.32121 -0.573751 0.753415 -29.962 -0.818165 -0.568767 -0.0843207 -42.9249 0 0 0 1 
Seq_Frame0025_ForcepToReference-SequenceTransformStatus = OK
Seq_Frame0025_Timestamp = 2.664
Seq_Frame0026_ForcepToReference-SequenceTransform =0.477444 -0.589169 -0.651864 31.9972 0.321567 -0.573253 0.753642 -29.9661 -0.817705 -0.56944 -0.084239 -42.9047 0 0 0 1 
Seq_Frame0026_ForcepToReference-SequenceTransformStatus = OK
Seq_Frame0026_Timestamp = 2.77
Seq_Frame0027_ForcepToReference-SequenceTransform =0.476942 -0.589392 -0.65203 31.9807 0.3219 -0.573166 0.753565 -29.955 -0.817867 -0.569296 -0.0836415 -42.9168 0 0 0 1 
Seq_Frame0027_ForcepToReference-SequenceTransformStatus = OK
Seq_Frame0027_Timestamp = 2.879
Seq_Frame0028_ForcepToReference-SequenceTransform =0.477009 -0.589172 -0.65218 31.9993 0.32149 -0.573652 0.753371 -29.9935 -0.817989 -0.569034 -0.0842244 -42.8698 0 0 0 1 
Seq_Frame0028_ForcepToReference-SequenceTransformStatus = OK
Seq_Frame0028_Timestamp = 2.983
Seq_Frame0029_ForcepToReference-SequenceTransform =0.476709 -0.58941 -0.652185 31.9751 0.321941 -0.573305 0.753442 -29.9522 -0.817987 -0.569137 -0.0835446 -42.9276 0 0 0 1 
Seq_Frame0029_ForcepToReference-SequenceTransformStatus = OK
Seq_Frame0029_Timestamp = 3.089
Seq_Frame0030_ForcepToReference-SequenceTransform =0.477688 -0.589247 -0.651615 31.9807 0.321893 -0.572738 0.753894 -29.9373 -0.817434 -0.569876 -0.0839158 -42.957 0 0 0 1 
Seq_Frame0030_ForcepToReference-SequenceTransformStatus = OK
Seq_Frame0030_Timestamp = 3.192
Seq_Frame0031_ForcepToReference-SequenceTransform =0.476563 -0.589516 -0.652195 31.973 0.322242 -0.57309 0.753477 -29.9376 -0.817954 -0.569244 -0.0831468 -42.9181 0 0 0 1 
Seq_Frame0031_ForcepToReference-SequenceTransformStatus = OK
Seq_Frame0031_Timestamp = 3.299
Seq_Frame0032_ForcepToReference-SequenceTransform =0.477127 -0.589245 -0.652027 31.9968 0.322005 -0.573114 0.75356 -29.97 -0.817718 -0.5695 -0.0837081 -42.8887 0 0 0 1 
Seq_Frame0032_ForcepToReference-SequenceTransformStatus = OK
Seq_Frame0032_Timestamp = 3.404
Seq_Frame0033_ForcepToReference-SequenceTransform =0.477263 -0.589202 -0.651967 31.9777 0.322026 -0.57304 0.753608 -29.9568 -0.81763 -0.569619 -0.0837527 -42.933 0 0 0 1 
Seq_Frame0033_ForcepToReference-SequenceTransformStatus = OK
Seq_Frame0033_Timestamp = 3.509
Seq_Frame0034_ForcepToReference-SequenceTransform =0.477028 -0.589223 -0.65212 31.9703 0.321409 -0.573634 0.753419 -29.9566 -0.81801 -0.569 -0.0842578 -42.8998 0 0 0 1 
Seq_Frame0034_ForcepToReference-SequenceTransformStatus = OK
Seq_Frame0034_Timestamp = 3.617
Seq_Frame0035_ForcepToReference-SequenceTransform =0.475756 -0.589613 -0.652696 31.9523 0.320387 -0.574912 0.75288 -29.938 -0.819151 -0.567303 -0.0846138 -42.9579 0 0 0 1 
Seq_Frame0035_ForcepToReference-SequenceTransformStatus = OK
Seq_Frame0035_Timestamp = 3.724
Seq_Frame0036_ForcepToReference-SequenceTransform =0.475527 -0.589344 -0.653107 31.9668 0.320185 -0.575546 0.752482 -29.9727 -0.819363 -0.56694 -0.0849881 -42.9359 0 0 0 1 
Seq_Frame0036_ForcepToReference-SequenceTransformStatus = OK
Seq_Frame0036_Timestamp = 3.829
Seq_Frame0037_ForcepToReference-SequenceTransform =0.475939 -0.589373 -0.65278 31.9768 0.319725 -0.575501 0.752711 -29.9519 -0.819303 -0.566955 -0.0854659 -42.9386 0 0 0 1 
Seq_Frame0037_ForcepToReference-SequenceTransformStatus = OK
Seq_Frame0037_Timestamp = 3.939
Seq_Frame0038_ForcepToReference-SequenceTransform =0.477156 -0.58911 -0.652128 31.9689 0.320586 -0.574234 0.753313 -29.9492 -0.818258 -0.568511 -0.0851393 -42.9747 0 0 0 1 
Seq_Frame0038_ForcepToReference-SequenceTransformStatus = OK
Seq_Frame0038_Timestamp = 4.045
Seq_Frame0039_ForcepToReference-SequenceTransform =0.477368 -0.589073 -0.652007 31.9849 0.3224 -0.572844 0.753596 -29.9802 -0.817422 -0.56995 -0.0835402 -42.9046 0 0 0 1 
Seq_Frame0039_ForcepToReference-SequenceTransformStatus = OK
Seq_Frame0039_Timestamp = 4.153
Seq_Frame0040_ForcepToReference-SequenceTransform =0.480344 -0.588113 -0.650686 32.04 0.322379 -0.57156 0.75458 -30.0176 -0.815684 -0.572226 -0.0849501 -42.7806 0 0 0 1 
Seq_Frame0040_ForcepToReference-SequenceTransformStatus = OK
Seq_Frame0040_Timestamp = 4.26
Seq_Frame0041_ForcepToReference-SequenceTransform =0.480875 -0.588227 -0.650191 32.0874 0.322318 -0.571038 0.755001 -30.0772 -0.815396 -0.572629 -0.0850018 -42.6432 0 0 0 1 
Seq_Frame0041_ForcepToReference-SequenceTransformStatus = OK
Seq_Frame0041_Timestamp = 4.369
Seq_Frame0042_ForcepToReference-SequenceTransform =0.480257 -0.588674 -0.650243 32.0667 0.322365 -0.57099 0.755017 -30.0503 -0.815741 -0.572218 -0.0844548 -42.7081 0 0 0 1 
Seq_Frame0042_ForcepToReference-SequenceTransformStatus = OK
Seq_Frame0042_Timestamp = 4.474
Seq_Frame0043_ForcepToReference-SequenceTransform =0.481467 -0.588445 -0.649556 32.1111 0.32235 -0.570279 0.755561 -30.0981 -0.815034 -0.573162 -0.0848854 -42.5815 0 0 0 1 
Seq_Frame0043_ForcepToReference-SequenceTransformStatus = OK
Seq_Frame0043_Timestamp = 4.575
Seq_Frame0044_ForcepToReference-SequenceTransform =0.481088 -0.588543 -0.649747 32.0894 0.321647 -0.570968 0.75534 -30.0849 -0.815535 -0.572375 -0.0853833 -42.6118 0 0 0 1 
Seq_Frame0044_ForcepToReference-SequenceTransformStatus = OK
Seq_Frame0044_Timestamp = 4.689
Seq_Frame0045_ForcepToReference-SequenceTransform =0.481131 -0.588394 -0.649851 32.0879 0.32184 -0.570971 0.755255 -30.0694 -0.815434 -0.572525 -0.085343 -42.6536 0 0 0 1 
Seq_Frame0045_ForcepToReference-SequenceTransformStatus = OK
Seq_Frame0045_Timestamp = 4.793
Seq_Frame0046_ForcepToReference-SequenceTransform =0.482904 -0.587888 -0.648993 32.1126 0.323139 -0.569192 0.756043 -30.0842 -0.81387 -0.574812 -0.084896 -42.5544 0 0 0 1 
Seq_Frame0046_ForcepToReference-SequenceTransformStatus = OK
Seq_Frame0046_Timestamp = 4.9
Seq_Frame0047_ForcepToReference-SequenceTransform =0.481631 -0.587984 -0.649851 32.0992 0.321976 -0.570944 0.755218 -30.088 -0.815085 -0.572973 -0.0856681 -42.6295 0 0 0 1 
Seq_Frame0047_ForcepToReference-SequenceTransformStatus = OK
Seq_Frame0047_Timestamp = 5.004
Seq_Frame0048_ForcepToReference-SequenceTransform =0.481172 -0.588352 -0.649858 32.0795 0.322494 -0.570527 0.755312 -30.0358 -0.815151 -0.57301 -0.0847817 -42.6995 0 0 0 1 
Seq_Frame0048_ForcepToReference-SequenceTransformStatus = OK
Seq_Frame0048_Timestamp = 5.11
Seq_Frame0049_ForcepToReference-SequenceTransform =0.480474 -0.58828 -0.65044 32.0814 0.322173 -0.571405 0.754785 -30.0444 -0.81569 -0.572208 -0.0850175 -42.6899 0 0 0 1 
Seq_Frame0049_ForcepToReference-SequenceTransformStatus = OK
Seq_Frame0049_Timestamp = 5.214
Seq_Frame0050_ForcepToReference-SequenceTransform =0.481587 -0.587991 -0.649877 32.0931 0.321877 -0.571041 0.755187 -30.0519 -0.81515 -0.572869 -0.0857456 -42.6533 0 0 0 1 
Seq_Frame0050_ForcepToReference-SequenceTransformStatus = OK
Seq_Frame0050_Timestamp = 5.319
Seq_Frame0051_ForcepToReference-SequenceTransform =0.481427 -0.5878 -0.650168 32.0938 0.322134 -0.571213 0.754948 -30.0661 -0.815143 -0.572893 -0.0856471 -42.6377 0 0 0 1 
Seq_Frame0051_ForcepToReference-SequenceTransformStatus = OK
Seq_Frame0051_Timestamp = 5.429
Seq_Frame0052_ForcepToReference-SequenceTransform =0.480808 -0.587979 -0.650464 32.0797 0.323014 -0.570892 0.754814 -30.039 -0.81516 -0.57303 -0.0845641 -42.6755 0 0 0 1 
Seq_Frame0052_ForcepToReference-SequenceTransformStatus = OK
Seq_Frame0052_Timestamp = 5.534
Seq_Frame0053_ForcepToReference-SequenceTransform =0.482264 -0.587657 -0.649677 32.0971 0.323237 -0.569918 0.755454 -30.0391 -0.814211 -0.574328 -0.0848986 -42.6475 0 0 0 1 
Seq_Frame0053_ForcepToReference-SequenceTransformStatus = OK
Seq_Frame0053_Timestamp = 5.64
Seq_Frame0054_ForcepToReference-SequenceTransform =0.482218 -0.587655 -0.649714 32.1229 0.322423 -0.570532 0.755339 -30.084 -0.814561 -0.573721 -0.0856469 -42.5624 0 0 0 1 
Seq_Frame0054_ForcepToReference-SequenceTransformStatus = OK
Seq_Frame0054_Timestamp = 5.744
Seq_Frame0055_ForcepToReference-SequenceTransform =0.483839 -0.587378 -0.648758 32.1386 0.322553 -0.569431 0.756114 -30.0817 -0.813547 -0.575096 -0.0860522 -42.5306 0 0 0 1 
Seq_Frame0055_ForcepToReference-SequenceTransformStatus = OK
Seq_Frame0055_Timestamp = 5.844
Seq_Frame0056_ForcepToReference-SequenceTransform =0.482257 -0.587888 -0.649474 32.132 0.3218 -0.570668 0.755502 -30.0892 -0.814784 -0.573346 -0.0860261 -42.5373 0 0 0 1 
Seq_Frame0056_ForcepToReference-SequenceTransformStatus = OK
Seq_Frame0056_Timestamp = 5.971
Seq_Frame0057_ForcepToReference-SequenceTransform =0.47801 -0.588732 -0.651845 32.0244 0.321822 -0.573123 0.753631 -30.0002 -0.817274 -0.570021 -0.0844915 -42.8385 0 0 0 1 
Seq_Frame0057_ForcepToReference-SequenceTransformStatus = OK
Seq_Frame0057_Timestamp = 6.079
Seq_Frame0058_ForcepToReference-SequenceTransform =0.477024 -0.589174 -0.652167 31.9919 0.320958 -0.574008 0.753327 -29.9604 -0.81819 -0.568673 -0.0847154 -42.9524 0 0 0 1 
Seq_Frame0058_ForcepToReference-SequenceTransformStatus = OK
Seq_Frame0058_Timestamp = 6.185
Seq_Frame0059_ForcepToReference-SequenceTransform =0.476836 -0.589377 -0.652121 31.9806 0.321088 -0.573834 0.753404 -29.9408 -0.818248 -0.568638 -0.0843826 -42.9471 0 0 0 1 
Seq_Frame0059_ForcepToReference-SequenceTransformStatus = OK
Seq_Frame0059_Timestamp = 6.289
Seq_Frame0060_ForcepToReference-SequenceTransform =0.477483 -0.589097 -0.651901 31.9915 0.321329 -0.57347 0.753578 -29.9637 -0.817776 -0.569296 -0.0845279 -42.9087 0 0 0 1 
Seq_Frame0060_ForcepToReference-SequenceTransformStatus = OK
Seq_Frame0060_Timestamp = 6.395
Seq_Frame0061_ForcepToReference-SequenceTransform =0.479876 -0.588889 -0.65033 32.0434 0.320857 -0.572106 0.754815 -30.0602 -0.81656 -0.57088 -0.0855907 -42.7267 0 0 0 1 
Seq_Frame0061_ForcepToReference-SequenceTransformStatus = OK
Seq_Frame0061_Timestamp = 6.499
Seq_Frame0062_ForcepToReference-SequenceTransform =0.476798 -0.589196 -0.652313 32.012 0.326215 -0.570495 0.753736 -29.9347 -0.81624 -0.572174 -0.0798066 -43.0074 0 0 0 1 
Seq_Frame0062_ForcepToReference-SequenceTransformStatus = OK
Seq_Frame0062_Timestamp = 6.617
Seq_Frame0063_ForcepToReference-SequenceTransform =0.478695 -0.588656 -0.651411 32.0221 0.321348 -0.572989 0.753935 -29.9965 -0.81706 -0.570235 -0.0851234 -42.8357 0 0 0 1 
Seq_Frame0063_ForcepToReference-SequenceTransformStatus = OK
Seq_Frame0063_Timestamp = 6.734
Seq_Frame0064_ForcepToReference-SequenceTransform =0.47857 -0.588833 -0.651342 32.0059 0.321279 -0.572934 0.754007 -29.9785 -0.81716 -0.570108 -0.0850089 -42.8848 0 0 0 1 
Seq_Frame0064_ForcepToReference-SequenceTransformStatus = OK
Seq_Frame0064_Timestamp = 6.834
Seq_Frame0065_ForcepToReference-SequenceTransform =0.476419 -0.589476 -0.652336 31.9975 0.319229 -0.575343 0.753043 -30.0414 -0.819218 -0.567008 -0.0859263 -42.7615 0 0 0 1 
Seq_Frame0065_ForcepToReference-SequenceTransformStatus = OK
Seq_Frame0065_Timestamp = 6.939
Seq_Frame0066_ForcepToReference-SequenceTransform =0.475382 -0.589445 -0.65312 31.9823 0.321123 -0.574895 0.75258 -30.0193 -0.81908 -0.567495 -0.0840101 -42.7961 0 0 0 1 
Seq_Frame0066_ForcepToReference-SequenceTransformStatus = OK
Seq_Frame0066_Timestamp = 7.044
Seq_Frame0067_ForcepToReference-SequenceTransform =0.475881 -0.589654 -0.652568 31.9948 0.320879 -0.574424 0.753043 -29.9892 -0.818886 -0.567754 -0.0841499 -42.8351 0 0 0 1 
Seq_Frame0067_ForcepToReference-SequenceTransformStatus = OK
Seq_Frame0067_Timestamp = 7.149
Seq_Frame0068_ForcepToReference-SequenceTransform =0.47557 -0.589717 -0.652738 31.9902 0.321746 -0.573999 0.752997 -29.9744 -0.818726 -0.568119 -0.0832375 -42.8923 0 0 0 1 
Seq_Frame0068_ForcepToReference-SequenceTransformStatus = OK
Seq_Frame0068_Timestamp = 7.254
Seq_Frame0069_ForcepToReference-SequenceTransform =0.475662 -0.589656 -0.652726 31.9938 0.322593 -0.573407 0.753086 -29.9676 -0.818339 -0.568779 -0.0825287 -42.9334 0 0 0 1 
Seq_Frame0069_ForcepToReference-SequenceTransformStatus = OK
Seq_Frame0069_Timestamp = 7.359
Seq_Frame0070_ForcepToReference-SequenceTransform =0.47631 -0.589401 -0.652484 31.9939 0.322013 -0.573586 0.753198 -29.972 -0.818191 -0.568864 -0.0834098 -42.9203 0 0 0 1 
Seq_Frame0070_ForcepToReference-SequenceTransformStatus = OK
Seq_Frame0070_Timestamp = 7.464
Seq_Frame0071_ForcepToReference-SequenceTransform =0.477451 -0.589126 -0.651898 31.9885 0.321755 -0.573165 0.753628 -29.9742 -0.817627 -0.569572 -0.0841038 -42.9037 0 0 0 1 
Seq_Frame0071_ForcepToReference-SequenceTransformStatus = OK
Seq_Frame0071_Timestamp = 7.574
Seq_Frame0072_ForcepToReference-SequenceTransform =0.475797 -0.589767 -0.652527 31.9946 0.32379 -0.572338 0.753385 -29.9295 -0.817788 -0.569741 -0.0813562 -42.9401 0 0 0 1 
Seq_Frame0072_ForcepToReference-SequenceTransformStatus = OK
Seq_Frame0072_Timestamp = 7.679
Seq_Frame0073_ForcepToReference-SequenceTransform =0.478931 -0.589009 -0.650917 31.9893 0.320969 -0.572654 0.754352 -29.931 -0.81707 -0.570207 -0.0852082 -42.9514 0 0 0 1 
Seq_Frame0073_ForcepToReference-SequenceTransformStatus = OK
Seq_Frame0073_Timestamp = 7.784
Seq_Frame0074_ForcepToReference-SequenceTransform =0.476896 -0.58942 -0.652038 31.9778 0.322171 -0.572982 0.75359 -29.9455 -0.817787 -0.569452 -0.0833586 -42.8667 0 0 0 1 
Seq_Frame0074_ForcepToReference-SequenceTransformStatus = OK
Seq_Frame0074_Timestamp = 7.889
Seq_Frame0075_ForcepToReference-SequenceTransform =0.478585 -0.589565 -0.650669 31.9815 0.323494 -0.570526 0.754886 -29.8512 -0.816277 -0.571764 -0.0823243 -42.9937 0 0 0 1 
Seq_Frame0075_ForcepToReference-SequenceTransformStatus = OK
Seq_Frame0075_Timestamp = 7.999
Seq_Frame0076_ForcepToReference-SequenceTransform =0.478253 -0.589125 -0.651311 31.9899 0.321447 -0.572735 0.754087 -29.9476 -0.81728 -0.570006 -0.08454 -42.9284 0 0 0 1 
Seq_Frame0076_ForcepToReference-SequenceTransformStatus = OK
Seq_Frame0076_Timestamp = 8.109
Seq_Frame0077_ForcepToReference-SequenceTransform =0.477501 -0.589164 -0.651827 31.9922 0.321648 -0.573155 0.753681 -29.9646 -0.81764 -0.569542 -0.0841785 -42.9029 0 0 0 1 
Seq_Frame0077_ForcepToReference-SequenceTransformStatus = OK
Seq_Frame0077_Timestamp = 8.214
Seq_Frame0078_ForcepToReference-SequenceTransform =0.476131 -0.589604 -0.652431 31.9835 0.322052 -0.573467 0.753271 -29.9488 -0.818279 -0.568773 -0.0831627 -42.9092 0 0 0 1 
Seq_Frame0078_ForcepToReference-SequenceTransformStatus = OK
Seq_Frame0078_Timestamp = 8.319
Seq_Frame0079_ForcepToReference-SequenceTransform =0.47729 -0.58876 -0.652346 32.0188 0.319882 -0.57502 0.753012 -30.0222 -0.818456 -0.568079 -0.0861179 -42.9549 0 0 0 1 
Seq_Frame0079_ForcepToReference-SequenceTransformStatus = OK
Seq_Frame0079_Timestamp = 8.433
Seq_Frame0080_ForcepToReference-SequenceTransform =0.477426 -0.589113 -0.651928 32.009 0.320929 -0.573775 0.753517 -29.9746 -0.817966 -0.568971 -0.0848717 -42.9706 0 0 0 1 
Seq_Frame0080_ForcepToReference-SequenceTransformStatus = OK
Seq_Frame0080_Timestamp = 8.534
Seq_Frame0081_ForcepToReference-SequenceTransform =0.480065 -0.589471 -0.649663 31.9931 0.323612 -0.569345 0.755726 -29.8231 -0.815361 -0.573036 -0.0825626 -43.0934 0 0 0 1 
Seq_Frame0081_ForcepToReference-SequenceTransformStatus = OK
Seq_Frame0081_Timestamp = 8.64
Seq_Frame0082_ForcepToReference-SequenceTransform =0.477191 -0.58949 -0.651759 31.9744 0.322025 -0.572765 0.753817 -29.9363 -0.817673 -0.569598 -0.0834876 -42.8959 0 0 0 1 
Seq_Frame0082_ForcepToReference-SequenceTransformStatus = OK
Seq_Frame0082_Timestamp = 8.744
Seq_Frame0083_ForcepToReference-SequenceTransform =0.476362 -0.589675 -0.652199 31.9621 0.322988 -0.572549 0.753569 -29.9185 -0.817776 -0.569624 -0.0822822 -42.9388 0 0 0 1 
Seq_Frame0083_ForcepToReference-SequenceTransformStatus = OK
Seq_Frame0083_Timestamp = 8.849
Seq_Frame0084_ForcepToReference-SequenceTransform =0.478158 -0.589237 -0.65128 31.9723 0.321888 -0.572374 0.754173 -29.9224 -0.817162 -0.570253 -0.0840168 -42.9657 0 0 0 1 
Seq_Frame0084_ForcepToReference-SequenceTransformStatus = OK
Seq_Frame0084_Timestamp = 8.954
Seq_Frame0085_ForcepToReference-SequenceTransform =0.476479 -0.58937 -0.652388 31.9877 0.321459 -0.57387 0.753218 -29.9804 -0.818311 -0.568608 -0.0839788 -42.907 0 0 0 1 
Seq_Frame0085_ForcepToReference-SequenceTransformStatus = OK
Seq_Frame0085_Timestamp = 9.059
Seq_Frame0086_ForcepToReference-SequenceTransform =0.476406 -0.589428 -0.652389 31.976 0.321493 -0.573838 0.753228 -29.9654 -0.818339 -0.568581 -0.0838828 -42.8839 0 0 0 1 
Seq_Frame0086_ForcepToReference-SequenceTransformStatus = OK
Seq_Frame0086_Timestamp = 9.163
Seq_Frame0087_ForcepToReference-SequenceTransform =0.476789 -0.589404 -0.652131 31.9878 0.321412 -0.573615 0.753432 -29.9457 -0.818148 -0.568831 -0.0840519 -42.9636 0 0 0 1 
Seq_Frame0087_ForcepToReference-SequenceTransformStatus = OK
Seq_Frame0087_Timestamp = 9.269
Seq_Frame0088_ForcepToReference-SequenceTransform =0.477489 -0.589322 -0.651693 31.9787 0.323185 -0.571911 0.753969 -29.9363 -0.817041 -0.570629 -0.082621 -42.8934 0 0 0 1 
Seq_Frame0088_ForcepToReference-SequenceTransformStatus = OK
Seq_Frame0088_Timestamp = 9.375
Seq_Frame0089_ForcepToReference-SequenceTransform =0.479717 -0.589366 -0.650015 31.9686 0.323814 -0.56961 0.75544 -29.8197 -0.815485 -0.572882 -0.0824067 -43.1189 0 0 0 1 
Seq_Frame0089_ForcepToReference-SequenceTransformStatus = OK
Seq_Frame0089_Timestamp = 9.479
Seq_Frame0090_ForcepToReference-SequenceTransform =0.476141 -0.589395 -0.652613 31.9987 0.321849 -0.573843 0.753072 -29.9774 -0.818354 -0.568611 -0.0835338 -42.9147 0 0 0 1 
Seq_Frame0090_ForcepToReference-SequenceTransformStatus = OK
Seq_Frame0090_Timestamp = 9.589
Seq_Frame0091_ForcepToReference-SequenceTransform =0.477552 -0.588979 -0.651957 32.0022 0.320458 -0.574157 0.753426 -29.9799 -0.818078 -0.568725 -0.0854473 -42.918 0 0 0 1 
Seq_Frame0091_ForcepToReference-SequenceTransformStatus = OK
Seq_Frame0091_Timestamp = 9.694
Seq_Frame0092_ForcepToReference-SequenceTransform =0.47663 -0.589268 -0.652371 32.0011 0.321561 -0.573797 0.75323 -29.9674 -0.818182 -0.568789 -0.0840034 -42.9413 0 0 0 1 
Seq_Frame0092_ForcepToReference-SequenceTransformStatus = OK
Seq_Frame0092_Timestamp = 9.81
Seq_Frame0093_ForcepToReference-SequenceTransform =0.477803 -0.589004 -0.651751 32.0015 0.321004 -0.573546 0.753658 -29.9865 -0.817717 -0.569315 -0.0849693 -42.9125 0 0 0 1 
Seq_Frame0093_ForcepToReference-SequenceTransformStatus = OK
Seq_Frame0093_Timestamp = 9.924
Seq_Frame0094_ForcepToReference-SequenceTransform =0.4776 -0.589071 -0.651839 32.001 0.320526 -0.573964 0.753544 -29.9844 -0.818023 -0.568824 -0.0853134 -42.9338 0 0 0 1 
Seq_Frame0094_ForcepToReference-SequenceTransformStatus = OK
Seq_Frame0094_Timestamp = 10.029
Seq_Frame0095_ForcepToReference-SequenceTransform =0.477319 -0.588658 -0.652417 32.018 0.320638 -0.574589 0.75302 -30.0219 -0.818143 -0.56862 -0.0855159 -42.9548 0 0 0 1 
Seq_Frame0095_ForcepToReference-SequenceTransformStatus = OK
Seq_Frame0095_Timestamp = 10.134
Seq_Frame0096_ForcepToReference-SequenceTransform =0.477464 -0.58873 -0.652247 32.0142 0.3195 -0.575181 0.753052 -30.0392 -0.818504 -0.567947 -0.0865292 -42.9259 0 0 0 1 
Seq_Frame0096_ForcepToReference-SequenceTransformStatus = OK
Seq_Frame0096_Timestamp = 10.239
Seq_Frame0097_ForcepToReference-SequenceTransform =0.476255 -0.589296 -0.65262 31.9839 0.322569 -0.573365 0.753128 -29.9599 -0.818004 -0.569195 -0.0829795 -42.9779 0 0 0 1 
Seq_Frame0097_ForcepToReference-SequenceTransformStatus = OK
Seq_Frame0097_Timestamp = 10.349
Seq_Frame0098_ForcepToReference-SequenceTransform =0.47741 -0.588658 -0.652351 32.0231 0.320305 -0.574747 0.753041 -30.043 -0.81822 -0.56846 -0.0858401 -42.9225 0 0 0 1 
Seq_Frame0098_ForcepToReference-SequenceTransformStatus = OK
Seq_Frame0098_Timestamp = 10.451
Seq_Frame0099_ForcepToReference-SequenceTransform =0.476775 -0.58867 -0.652804 32.0227 0.319829 -0.575573 0.752612 -30.0631 -0.818776 -0.567613 -0.0861453 -42.8888 0 0 0 1 
Seq_Frame0099_ForcepToReference-SequenceTransformStatus = OK
Seq_Frame0099_Timestamp = 10.559
Seq_Frame0100_ForcepToReference-SequenceTransform =0.475626 -0.589173 -0.653188 32.0025 0.320572 -0.575395 0.752432 -30.0243 -0.819154 -0.56727 -0.084801 -42.9072 0 0 0 1 
Seq_Frame0100_ForcepToReference-SequenceTransformStatus = OK
Seq_Frame0100_Timestamp = 10.664
Seq_Frame0101_ForcepToReference-SequenceTransform =0.476546 -0.589253 -0.652445 31.9995 0.321343 -0.574032 0.753144 -29.9938 -0.818317 -0.568567 -0.0842004 -42.8991 0 0 0 1 
Seq_Frame0101_ForcepToReference-SequenceTransformStatus = OK
Seq_Frame0101_Timestamp = 10.775
Seq_Frame0102_ForcepToReference-SequenceTransform =0.476527 -0.589116 -0.652583 31.9999 0.321221 -0.57429 0.752999 -30.0176 -0.818376 -0.568448 -0.084428 -42.8733 0 0 0 1 
Seq_Frame0102_ForcepToReference-SequenceTransformStatus = OK
Seq_Frame0102_Timestamp = 10.889
Seq_Frame0103_ForcepToReference-SequenceTransform =0.47645 -0.58898 -0.652762 32.014 0.322384 -0.573701 0.752951 -30.0238 -0.817963 -0.569184 -0.083462 -42.8515 0 0 0 1 
Seq_Frame0103_ForcepToReference-SequenceTransformStatus = OK
Seq_Frame0103_Timestamp = 10.994
Seq_Frame0104_ForcepToReference-SequenceTransform =0.476161 -0.589361 -0.652629 31.992 0.322177 -0.573637 0.753089 -29.9895 -0.818213 -0.568853 -0.0832649 -42.8765 0 0 0 1 
Seq_Frame0104_ForcepToReference-SequenceTransformStatus = OK
Seq_Frame0104_Timestamp = 11.099
Seq_Frame0105_ForcepToReference-SequenceTransform =0.476038 -0.589224 -0.652842 31.9897 0.321158 -0.574601 0.752789 -30.01 -0.818685 -0.568022 -0.0842973 -42.9107 0 0 0 1 
Seq_Frame0105_ForcepToReference-SequenceTransformStatus = OK
Seq_Frame0105_Timestamp = 11.204
Seq_Frame0106_ForcepToReference-SequenceTransform =0.475854 -0.589537 -0.652694 31.9796 0.321622 -0.574066 0.752999 -29.9766 -0.81861 -0.568238 -0.0835636 -42.8926 0 0 0 1 
Seq_Frame0106_ForcepToReference-SequenceTransformStatus = OK
Seq_Frame0106_Timestamp = 11.315
Seq_Frame0107_ForcepToReference-SequenceTransform =0.477323 -0.589042 -0.652067 31.9936 0.320676 -0.574115 0.753365 -29.999 -0.818125 -0.568701 -0.0851465 -42.8482 0 0 0 1 
Seq_Frame0107_ForcepToReference-SequenceTransformStatus = OK
Seq_Frame0107_Timestamp = 11.417
Seq_Frame0108_ForcepToReference-SequenceTransform =0.476553 -0.589368 -0.652336 31.9876 0.321241 -0.573965 0.753239 -29.9865 -0.818353 -0.568515 -0.0841953 -42.8808 0 0 0 1 
Seq_Frame0108_ForcepToReference-SequenceTransformStatus = OK
Seq_Frame0108_Timestamp = 11.524
Seq_Frame0109_ForcepToReference-SequenceTransform =0.47684 -0.589359 -0.652134 31.9809 0.321254 -0.573736 0.753408 -29.9672 -0.818181 -0.568756 -0.0842461 -42.8971 0 0 0 1 
Seq_Frame0109_ForcepToReference-SequenceTransformStatus = OK
Seq_Frame0109_Timestamp = 11.629
Seq_Frame0110_ForcepToReference-SequenceTransform =0.477676 -0.588955 -0.651888 31.9981 0.321192 -0.573573 0.753558 -29.985 -0.817717 -0.569337 -0.0848142 -42.87 0 0 0 1 
Seq_Frame0110_ForcepToReference-SequenceTransformStatus = OK
Seq_Frame0110_Timestamp = 11.735
Seq_Frame0111_ForcepToReference-SequenceTransform =0.476865 -0.589225 -0.652238 31.9797 0.321162 -0.573935 0.753295 -29.9704 -0.818202 -0.568694 -0.0844524 -42.9208 0 0 0 1 
Seq_Frame0111_ForcepToReference-SequenceTransformStatus = OK
Seq_Frame0111_Timestamp = 11.839
Seq_Frame0112_ForcepToReference-SequenceTransform =0.476851 -0.589385 -0.652103 31.9879 0.321557 -0.573487 0.753468 -29.9666 -0.818055 -0.56898 -0.0839468 -42.8869 0 0 0 1 
Seq_Frame0112_ForcepToReference-SequenceTransformStatus = OK
Seq_Frame0112_Timestamp = 11.944
Seq_Frame0113_ForcepToReference-SequenceTransform =0.476808 -0.589183 -0.652317 31.9859 0.321626 -0.573706 0.753272 -29.9747 -0.818053 -0.568968 -0.0840505 -42.9162 0 0 0 1 
Seq_Frame0113_ForcepToReference-SequenceTransformStatus = OK
Seq_Frame0113_Timestamp = 12.054
Seq_Frame0114_ForcepToReference-SequenceTransform =0.477413 -0.589208 -0.651852 31.9852 0.321204 -0.573485 0.75362 -29.95 -0.817866 -0.569165 -0.0845332 -42.9727 0 0 0 1 
Seq_Frame0114_ForcepToReference-SequenceTransformStatus = OK
Seq_Frame0114_Timestamp = 12.16
Seq_Frame0115_ForcepToReference-SequenceTransform =0.477084 -0.589132 -0.652161 31.9887 0.320577 -0.574272 0.753287 -29.9847 -0.818303 -0.56845 -0.0851139 -42.9072 0 0 0 1 
Seq_Frame0115_ForcepToReference-SequenceTransformStatus = OK
Seq_Frame0115_Timestamp = 12.264
Seq_Frame0116_ForcepToReference-SequenceTransform =0.477129 -0.589186 -0.65208 31.9887 0.321317 -0.573661 0.753438 -29.963 -0.817988 -0.569011 -0.0843947 -42.9088 0 0 0 1 
Seq_Frame0116_ForcepToReference-SequenceTransformStatus = OK
Seq_Frame0116_Timestamp = 12.369
Seq_Frame0117_ForcepToReference-SequenceTransform =0.477553 -0.589051 -0.651891 31.9815 0.321698 -0.57321 0.753619 -29.9798 -0.81759 -0.569605 -0.0842418 -42.9222 0 0 0 1 
Seq_Frame0117_ForcepToReference-SequenceTransformStatus = OK
Seq_Frame0117_Timestamp = 12.479
Seq_Frame0118_ForcepToReference-SequenceTransform =0.478353 -0.588885 -0.651454 31.9869 0.321635 -0.5728 0.753957 -29.9606 -0.817147 -0.570188 -0.0845949 -42.9379 0 0 0 1 
Seq_Frame0118_ForcepToReference-SequenceTransformStatus = OK
Seq_Frame0118_Timestamp = 12.584
Seq_Frame0119_ForcepToReference-SequenceTransform =0.477594 -0.588927 -0.651973 31.9975 0.320282 -0.574305 0.753388 -29.9923 -0.818122 -0.568629 -0.085662 -42.9163 0 0 0 1 
Seq_Frame0119_ForcepToReference-SequenceTransformStatus = OK
Seq_Frame0119_Timestamp = 12.688
Seq_Frame0120_ForcepToReference-SequenceTransform =0.476587 -0.589038 -0.652609 31.9844 0.320956 -0.574517 0.75294 -29.9843 -0.818445 -0.5683 -0.0847518 -42.9217 0 0 0 1 
Seq_Frame0120_ForcepToReference-SequenceTransformStatus = OK
Seq_Frame0120_Timestamp = 12.792
Seq_Frame0121_ForcepToReference-SequenceTransform =0.477747 -0.589133 -0.651675 31.9803 0.321739 -0.57293 0.753814 -29.9534 -0.817461 -0.569801 -0.084168 -42.9179 0 0 0 1 
Seq_Frame0121_ForcepToReference-SequenceTransformStatus = OK
Seq_Frame0121_Timestamp = 12.899
Seq_Frame0122_ForcepToReference-SequenceTransform =0.477371 -0.589184 -0.651905 31.9906 0.321452 -0.573374 0.753599 -29.9743 -0.817793 -0.569302 -0.0843177 -42.9106 0 0 0 1 
Seq_Frame0122_ForcepToReference-SequenceTransformStatus = OK
Seq_Frame0122_Timestamp = 13.004
Seq_Frame0123_ForcepToReference-SequenceTransform =0.476159 -0.589333 -0.652655 31.9796 0.321686 -0.574012 0.753013 -29.9708 -0.818407 -0.568504 -0.083741 -42.927 0 0 0 1 
Seq_Frame0123_ForcepToReference-SequenceTransformStatus = OK
Seq_Frame0123_Timestamp = 13.109
Seq_Frame0124_ForcepToReference-SequenceTransform =0.477029 -0.589115 -0.652217 32.0057 0.320962 -0.574069 0.753278 -29.9877 -0.818185 -0.568672 -0.0847644 -42.8918 0 0 0 1 
Seq_Frame0124_ForcepToReference-SequenceTransformStatus = OK
Seq_Frame0124_Timestamp = 13.217
Seq_Frame0125_ForcepToReference-SequenceTransform =0.477118 -0.589242 -0.652037 31.9969 0.321117 -0.573743 0.75346 -29.9821 -0.818072 -0.56887 -0.0845275 -42.8994 0 0 0 1 
Seq_Frame0125_ForcepToReference-SequenceTransformStatus = OK
Seq_Frame0125_Timestamp = 13.324
Seq_Frame0126_ForcepToReference-SequenceTransform =0.476551 -0.589326 -0.652375 31.9812 0.321198 -0.574044 0.753197 -29.9772 -0.818371 -0.568478 -0.0842711 -42.9098 0 0 0 1 
Seq_Frame0126_ForcepToReference-SequenceTransformStatus = OK
Seq_Frame0126_Timestamp = 13.429
Seq_Frame0127_ForcepToReference-SequenceTransform =0.477045 -0.589155 -0.652169 31.9904 0.320089 -0.574616 0.753232 -29.9847 -0.818518 -0.568078 -0.0855356 -42.9066 0 0 0 1 
Seq_Frame0127_ForcepToReference-SequenceTransformStatus = OK
Seq_Frame0127_Timestamp = 13.535
Seq_Frame0128_ForcepToReference-SequenceTransform =0.476084 -0.589556 -0.652509 31.9701 0.321327 -0.574064 0.753126 -29.9573 -0.818592 -0.56822 -0.0838631 -42.9288 0 0 0 1 
Seq_Frame0128_ForcepToReference-SequenceTransformStatus = OK
Seq_Frame0128_Timestamp = 13.639
Seq_Frame0129_ForcepToReference-SequenceTransform =0.476857 -0.589235 -0.652234 31.9901 0.321609 -0.573618 0.753346 -29.9841 -0.818031 -0.569003 -0.0840299 -42.8948 0 0 0 1 
Seq_Frame0129_ForcepToReference-SequenceTransformStatus = OK
Seq_Frame0129_Timestamp = 13.75
Seq_Frame0130_ForcepToReference-SequenceTransform =0.476262 -0.589401 -0.652518 31.9762 0.32205 -0.573598 0.753173 -29.9696 -0.818204 -0.568851 -0.0833664 -42.9 0 0 0 1 
Seq_Frame0130_ForcepToReference-SequenceTransformStatus = OK
Seq_Frame0130_Timestamp = 13.854
Seq_Frame0131_ForcepToReference-SequenceTransform =0.476268 -0.589346 -0.652565 31.9844 0.320681 -0.574608 0.752987 -29.986 -0.818738 -0.567889 -0.0846747 -42.9118 0 0 0 1 
Seq_Frame0131_ForcepToReference-SequenceTransformStatus = OK
Seq_Frame0131_Timestamp = 13.959
Seq_Frame0132_ForcepToReference-SequenceTransform =0.475787 -0.589475 -0.652798 32.0012 0.321119 -0.574539 0.752853 -29.9876 -0.818846 -0.567824 -0.0840666 -42.8763 0 0 0 1 
Seq_Frame0132_ForcepToReference-SequenceTransformStatus = OK
Seq_Frame0132_Timestamp = 14.069
Seq_Frame0133_ForcepToReference-SequenceTransform =0.476766 -0.589195 -0.652337 31.9823 0.321103 -0.57409 0.753202 -29.9896 -0.818283 -0.568568 -0.0845143 -42.9016 0 0 0 1 
Seq_Frame0133_ForcepToReference-SequenceTransformStatus = OK
Seq_Frame0133_Timestamp = 14.175
Seq_Frame0134_ForcepToReference-SequenceTransform =0.477825 -0.589003 -0.651735 31.9815 0.321348 -0.57329 0.753707 -29.9678 -0.817569 -0.569573 -0.0846574 -42.9343 0 0 0 1 
Seq_Frame0134_ForcepToReference-SequenceTransformStatus = OK
Seq_Frame0134_Timestamp = 14.283
Seq_Frame0135_ForcepToReference-SequenceTransform =0.476562 -0.589374 -0.652324 31.9776 0.322028 -0.573403 0.753331 -29.9683 -0.818038 -0.569076 -0.0834669 -42.91 0 0 0 1 
Seq_Frame0135_ForcepToReference-SequenceTransformStatus = OK
Seq_Frame0135_Timestamp = 14.4
Seq_Frame0136_ForcepToReference-SequenceTransform =0.477179 -0.589015 -0.652197 31.9901 0.321183 -0.57391 0.753305 -29.9956 -0.818011 -0.568937 -0.084676 -42.903 0 0 0 1 
Seq_Frame0136_ForcepToReference-SequenceTransformStatus = OK
Seq_Frame0136_Timestamp = 14.515
Seq_Frame0137_ForcepToReference-SequenceTransform =0.476039 -0.589314 -0.65276 31.9821 0.321961 -0.573939 0.752951 -29.9689 -0.818369 -0.568597 -0.0834811 -42.9296 0 0 0 1 
Seq_Frame0137_ForcepToReference-SequenceTransformStatus = OK
Seq_Frame0137_Timestamp = 14.619
Seq_Frame0138_ForcepToReference-SequenceTransform =0.476623 -0.58928 -0.652365 31.9847 0.321609 -0.573755 0.753242 -29.9717 -0.818168 -0.568819 -0.083947 -42.9073 0 0 0 1 
Seq_Frame0138_ForcepToReference-SequenceTransformStatus = OK
Seq_Frame0138_Timestamp = 14.725
Seq_Frame0139_ForcepToReference-SequenceTransform =0.476798 -0.589323 -0.652198 31.9804 0.321568 -0.573593 0.753383 -29.9741 -0.818082 -0.568937 -0.0839808 -42.9409 0 0 0 1 
Seq_Frame0139_ForcepToReference-SequenceTransformStatus = OK
Seq_Frame0139_Timestamp = 14.83
Seq_Frame0140_ForcepToReference-SequenceTransform =0.477189 -0.589187 -0.652035 31.975 0.321122 -0.573746 0.753456 -29.9652 -0.818029 -0.568924 -0.084584 -42.9243 0 0 0 1 
Seq_Frame0140_ForcepToReference-SequenceTransformStatus = OK
Seq_Frame0140_Timestamp = 14.934
Seq_Frame0141_ForcepToReference-SequenceTransform =0.476689 -0.58936 -0.652244 31.9736 0.322405 -0.573056 0.753434 -29.9447 -0.817816 -0.56944 -0.0831567 -42.9328 0 0 0 1 
Seq_Frame0141_ForcepToReference-SequenceTransformStatus = OK
Seq_Frame0141_Timestamp = 15.04
Seq_Frame0142_ForcepToReference-SequenceTransform =0.476879 -0.589243 -0.652211 31.9932 0.320687 -0.574232 0.753271 -29.9735 -0.81838 -0.568375 -0.0848769 -42.9167 0 0 0 1 
Seq_Frame0142_ForcepToReference-SequenceTransformStatus = OK
Seq_Frame0142_Timestamp = 15.144
Seq_Frame0143_ForcepToReference-SequenceTransform =0.476487 -0.589608 -0.652168 31.9777 0.322444 -0.572904 0.753532 -29.952 -0.817918 -0.569336 -0.0828662 -42.9148 0 0 0 1 
Seq_Frame0143_ForcepToReference-SequenceTransformStatus = OK
Seq_Frame0143_Timestamp = 15.255
Seq_Frame0144_ForcepToReference-SequenceTransform =0.476931 -0.58923 -0.652184 31.9901 0.321868 -0.573385 0.753413 -29.9663 -0.817886 -0.569243 -0.083811 -42.9028 0 0 0 1 
Seq_Frame0144_ForcepToReference-SequenceTransformStatus = OK
Seq_Frame0144_Timestamp = 15.359
Seq_Frame0145_ForcepToReference-SequenceTransform =0.476137 -0.589362 -0.652645 31.9908 0.3223 -0.573569 0.753088 -29.9694 -0.818178 -0.568921 -0.0831457 -42.9243 0 0 0 1 
Seq_Frame0145_ForcepToReference-SequenceTransformStatus = OK
Seq_Frame0145_Timestamp = 15.464
Seq_Frame0146_ForcepToReference-SequenceTransform =0.477326 -0.589073 -0.652037 31.9988 0.321042 -0.573823 0.753431 -29.9841 -0.81798 -0.568964 -0.0847834 -42.8823 0 0 0 1 
Seq_Frame0146_ForcepToReference-SequenceTransformStatus = OK
Seq_Frame0146_Timestamp = 15.567
Seq_Frame0147_ForcepToReference-SequenceTransform =0.477773 -0.588973 -0.6518 31.9936 0.32138 -0.573343 0.753652 -29.971 -0.817586 -0.569551 -0.0846438 -42.9414 0 0 0 1 
Seq_Frame0147_ForcepToReference-SequenceTransformStatus = OK
Seq_Frame0147_Timestamp = 15.674
Seq_Frame0148_ForcepToReference-SequenceTransform =0.476828 -0.589312 -0.652186 31.9858 0.322481 -0.572946 0.753485 -29.9719 -0.817705 -0.5696 -0.0831549 -42.8582 0 0 0 1 
Seq_Frame0148_ForcepToReference-SequenceTransformStatus = OK
Seq_Frame0148_Timestamp = 15.78
