ObjectType = Image
NDims = 3
AnatomicalOrientation = RAI
BinaryData = True
CompressedData = False
DimSize = 0 0 1294
ElementSpacing = 1 1 1
Offset = 0 0 0
TransformMatrix = 1 0 0 0 1 0 0 0 1
ElementType = MET_UCHAR
Kinds = domain domain list
Seq_Frame0000_DriverToReference-SequenceTransform =-0.816175 -0.566981 0.111311 2.19963 -0.221969 0.485531 0.84557 61.8535 -0.533467 0.665426 -0.522131 97.4047 0 0 0 1 
Seq_Frame0000_DriverToReference-SequenceTransformStatus = OK
Seq_Frame0000_Timestamp = 0.00200009
Seq_Frame0001_DriverToReference-SequenceTransform =-0.816216 -0.566905 0.111399 2.20983 -0.221677 0.485358 0.845746 61.8063 -0.533526 0.665617 -0.521827 97.4634 0 0 0 1 
Seq_Frame0001_DriverToReference-SequenceTransformStatus = OK
Seq_Frame0001_Timestamp = 0.107
Seq_Frame0002_DriverToReference-SequenceTransform =-0.816331 -0.566761 0.111293 2.2312 -0.220826 0.484304 0.846573 61.7818 -0.533704 0.666507 -0.520508 97.4637 0 0 0 1 
Seq_Frame0002_DriverToReference-SequenceTransformStatus = OK
Seq_Frame0002_Timestamp = 0.223
Seq_Frame0003_DriverToReference-SequenceTransform =-0.816408 -0.56662 0.111442 2.23413 -0.220537 0.484279 0.846662 61.7685 -0.533705 0.666645 -0.52033 97.4602 0 0 0 1 
Seq_Frame0003_DriverToReference-SequenceTransformStatus = OK
Seq_Frame0003_Timestamp = 0.337
Seq_Frame0004_DriverToReference-SequenceTransform =-0.81606 -0.567083 0.111634 2.2307 -0.221093 0.484753 0.846246 61.7827 -0.534007 0.665906 -0.520966 97.4577 0 0 0 1 
Seq_Frame0004_DriverToReference-SequenceTransformStatus = OK
Seq_Frame0004_Timestamp = 0.441
Seq_Frame0005_DriverToReference-SequenceTransform =-0.815684 -0.567567 0.111927 2.20169 -0.221458 0.485097 0.845954 61.8437 -0.534431 0.665244 -0.521377 97.4149 0 0 0 1 
Seq_Frame0005_DriverToReference-SequenceTransformStatus = OK
Seq_Frame0005_Timestamp = 0.547
Seq_Frame0006_DriverToReference-SequenceTransform =-0.817657 -0.565262 0.109159 2.24278 -0.222693 0.485395 0.845458 61.7793 -0.530891 0.666986 -0.522767 97.6002 0 0 0 1 
Seq_Frame0006_DriverToReference-SequenceTransformStatus = OK
Seq_Frame0006_Timestamp = 0.652
Seq_Frame0007_DriverToReference-SequenceTransform =-0.816255 -0.56684 0.111449 2.21491 -0.221032 0.484683 0.846302 61.8058 -0.533735 0.666164 -0.520915 97.4806 0 0 0 1 
Seq_Frame0007_DriverToReference-SequenceTransformStatus = OK
Seq_Frame0007_Timestamp = 0.757
Seq_Frame0008_DriverToReference-SequenceTransform =-0.813787 -0.569602 0.115348 2.17173 -0.217636 0.482721 0.848301 61.8707 -0.538874 0.665233 -0.516798 97.3036 0 0 0 1 
Seq_Frame0008_DriverToReference-SequenceTransformStatus = OK
Seq_Frame0008_Timestamp = 0.861
Seq_Frame0009_DriverToReference-SequenceTransform =-0.81822 -0.564614 0.108288 2.26169 -0.222509 0.48469 0.845911 61.8038 -0.5301 0.668047 -0.522215 97.5489 0 0 0 1 
Seq_Frame0009_DriverToReference-SequenceTransformStatus = OK
Seq_Frame0009_Timestamp = 0.971
Seq_Frame0010_DriverToReference-SequenceTransform =-0.818314 -0.56463 0.107495 2.23416 -0.223902 0.485398 0.845137 61.8371 -0.529368 0.667519 -0.52363 97.5237 0 0 0 1 
Seq_Frame0010_DriverToReference-SequenceTransformStatus = OK
Seq_Frame0010_Timestamp = 1.077
Seq_Frame0011_DriverToReference-SequenceTransform =-0.816384 -0.566714 0.111147 2.18368 -0.221413 0.484896 0.84608 61.8673 -0.53338 0.666117 -0.521339 97.364 0 0 0 1 
Seq_Frame0011_DriverToReference-SequenceTransformStatus = OK
Seq_Frame0011_Timestamp = 1.186
Seq_Frame0012_DriverToReference-SequenceTransform =-0.815554 -0.567546 0.112973 2.2191 -0.218556 0.482858 0.847987 61.8053 -0.535821 0.666888 -0.517838 97.4212 0 0 0 1 
Seq_Frame0012_DriverToReference-SequenceTransformStatus = OK
Seq_Frame0012_Timestamp = 1.292
Seq_Frame0013_DriverToReference-SequenceTransform =-0.813432 -0.569959 0.116082 2.16861 -0.217195 0.482765 0.848389 61.7219 -0.539587 0.664895 -0.516489 97.4013 0 0 0 1 
Seq_Frame0013_DriverToReference-SequenceTransformStatus = OK
Seq_Frame0013_Timestamp = 1.398
Seq_Frame0014_DriverToReference-SequenceTransform =-0.81618 -0.56696 0.111383 2.23025 -0.221328 0.484845 0.846132 61.7659 -0.533727 0.665944 -0.521205 97.521 0 0 0 1 
Seq_Frame0014_DriverToReference-SequenceTransformStatus = OK
Seq_Frame0014_Timestamp = 1.506
Seq_Frame0015_DriverToReference-SequenceTransform =-0.816067 -0.567042 0.1118 2.21668 -0.220261 0.483972 0.84691 61.7637 -0.534341 0.66651 -0.51985 97.4946 0 0 0 1 
Seq_Frame0015_DriverToReference-SequenceTransformStatus = OK
Seq_Frame0015_Timestamp = 1.612
Seq_Frame0016_DriverToReference-SequenceTransform =-0.815407 -0.567717 0.11318 2.20901 -0.218979 0.483479 0.847523 61.7612 -0.535874 0.666292 -0.51855 97.4294 0 0 0 1 
Seq_Frame0016_DriverToReference-SequenceTransformStatus = OK
Seq_Frame0016_Timestamp = 1.721
Seq_Frame0017_DriverToReference-SequenceTransform =-0.816051 -0.566986 0.112192 2.2241 -0.219979 0.484183 0.846862 61.7561 -0.534481 0.666403 -0.519844 97.4812 0 0 0 1 
Seq_Frame0017_DriverToReference-SequenceTransformStatus = OK
Seq_Frame0017_Timestamp = 1.827
Seq_Frame0018_DriverToReference-SequenceTransform =-0.817216 -0.565813 0.109607 2.22536 -0.221282 0.483648 0.846829 61.7699 -0.532158 0.667788 -0.520449 97.5366 0 0 0 1 
Seq_Frame0018_DriverToReference-SequenceTransformStatus = OK
Seq_Frame0018_Timestamp = 1.937
Seq_Frame0019_DriverToReference-SequenceTransform =-0.814695 -0.568636 0.113691 2.15741 -0.220213 0.484746 0.84648 61.7851 -0.53645 0.664586 -0.520141 97.3763 0 0 0 1 
Seq_Frame0019_DriverToReference-SequenceTransformStatus = OK
Seq_Frame0019_Timestamp = 2.056
Seq_Frame0020_DriverToReference-SequenceTransform =-0.817726 -0.565158 0.10918 2.26328 -0.222179 0.484883 0.845887 61.7351 -0.530999 0.667447 -0.522068 97.6206 0 0 0 1 
Seq_Frame0020_DriverToReference-SequenceTransformStatus = OK
Seq_Frame0020_Timestamp = 2.168
Seq_Frame0021_DriverToReference-SequenceTransform =-0.826041 -0.555157 0.097242 4.1804 -0.229997 0.48955 0.841096 61.5468 -0.514545 0.672415 -0.532073 96.2547 0 0 0 1 
Seq_Frame0021_DriverToReference-SequenceTransformStatus = OK
Seq_Frame0021_Timestamp = 2.282
Seq_Frame0022_DriverToReference-SequenceTransform =-0.799921 -0.593452 0.0891152 7.38784 -0.259686 0.476191 0.840122 62.8683 -0.541008 0.648889 -0.535027 97.4118 0 0 0 1 
Seq_Frame0022_DriverToReference-SequenceTransformStatus = OK
Seq_Frame0022_Timestamp = 2.383
Seq_Frame0023_DriverToReference-SequenceTransform =-0.782048 -0.611319 0.121198 8.41427 -0.233113 0.467293 0.852816 62.6379 -0.577978 0.638691 -0.507952 98.283 0 0 0 1 
Seq_Frame0023_DriverToReference-SequenceTransformStatus = OK
Seq_Frame0023_Timestamp = 2.492
Seq_Frame0024_DriverToReference-SequenceTransform =-0.784729 -0.609496 0.112763 8.70918 -0.239005 0.465391 0.852225 62.515 -0.571907 0.641814 -0.510879 98.8037 0 0 0 1 
Seq_Frame0024_DriverToReference-SequenceTransformStatus = OK
Seq_Frame0024_Timestamp = 2.596
Seq_Frame0025_DriverToReference-SequenceTransform =-0.761585 -0.635996 0.124488 10.8851 -0.246797 0.462245 0.851717 62.9128 -0.599232 0.617932 -0.509001 99.3275 0 0 0 1 
Seq_Frame0025_DriverToReference-SequenceTransformStatus = OK
Seq_Frame0025_Timestamp = 2.702
Seq_Frame0026_DriverToReference-SequenceTransform =-0.825926 -0.541725 0.156143 12.8971 -0.174326 0.508779 0.843063 63.2062 -0.53615 0.669088 -0.51465 98.5331 0 0 0 1 
Seq_Frame0026_DriverToReference-SequenceTransformStatus = OK
Seq_Frame0026_Timestamp = 2.806
Seq_Frame0027_DriverToReference-SequenceTransform =-0.833518 -0.45575 0.312313 17.4312 -0.0176159 0.586916 0.809456 65.8352 -0.552212 0.669195 -0.497233 97.5019 0 0 0 1 
Seq_Frame0027_DriverToReference-SequenceTransformStatus = OK
Seq_Frame0027_Timestamp = 2.911
Seq_Frame0028_DriverToReference-SequenceTransform =-0.818437 -0.377124 0.433518 21.2598 0.0982489 0.651515 0.752247 67.9707 -0.566134 0.65826 -0.496172 97.1594 0 0 0 1 
Seq_Frame0028_DriverToReference-SequenceTransformStatus = OK
Seq_Frame0028_Timestamp = 3.018
Seq_Frame0029_DriverToReference-SequenceTransform =-0.829756 -0.31454 0.461052 24.9004 0.152204 0.667239 0.729127 68.1238 -0.536972 0.675172 -0.505772 96.4098 0 0 0 1 
Seq_Frame0029_DriverToReference-SequenceTransformStatus = OK
Seq_Frame0029_Timestamp = 3.126
Seq_Frame0030_DriverToReference-SequenceTransform =-0.839206 -0.239047 0.488457 25.3954 0.212765 0.682279 0.699448 67.518 -0.500465 0.690907 -0.521711 94.7859 0 0 0 1 
Seq_Frame0030_DriverToReference-SequenceTransformStatus = OK
Seq_Frame0030_Timestamp = 3.232
Seq_Frame0031_DriverToReference-SequenceTransform =-0.855901 -0.2068 0.473991 24.4892 0.21102 0.69712 0.685196 72.2611 -0.472127 0.686482 -0.553027 95.4464 0 0 0 1 
Seq_Frame0031_DriverToReference-SequenceTransformStatus = OK
Seq_Frame0031_Timestamp = 3.337
Seq_Frame0032_DriverToReference-SequenceTransform =-0.920366 -0.29816 0.253036 25.7788 0.0780689 0.49394 0.865984 100.058 -0.383186 0.816776 -0.431329 83.9183 0 0 0 1 
Seq_Frame0032_DriverToReference-SequenceTransformStatus = OK
Seq_Frame0032_Timestamp = 3.442
Seq_Frame0033_DriverToReference-SequenceTransform =-0.928144 -0.365885 0.0683942 16.7341 -0.104682 0.432913 0.895337 140.589 -0.357199 0.823842 -0.440107 83.4361 0 0 0 1 
Seq_Frame0033_DriverToReference-SequenceTransformStatus = OK
Seq_Frame0033_Timestamp = 3.553
Seq_Frame0034_DriverToReference-SequenceTransform =-0.877207 -0.480107 0.00237827 -3.87848 -0.248694 0.458618 0.853124 186.203 -0.410681 0.747775 -0.521702 101.956 0 0 0 1 
Seq_Frame0034_DriverToReference-SequenceTransformStatus = OK
Seq_Frame0034_Timestamp = 3.656
Seq_Frame0035_DriverToReference-SequenceTransform =-0.837819 -0.490701 -0.239315 -26.0736 -0.445713 0.361641 0.818875 223.803 -0.315277 0.792735 -0.521701 110.47 0 0 0 1 
Seq_Frame0035_DriverToReference-SequenceTransformStatus = OK
Seq_Frame0035_Timestamp = 3.762
Seq_Frame0036_DriverToReference-SequenceTransform =-0.737159 -0.495952 -0.458941 -44.4609 -0.635288 0.277264 0.720787 248.599 -0.230228 0.822895 -0.519461 116.858 0 0 0 1 
Seq_Frame0036_DriverToReference-SequenceTransformStatus = OK
Seq_Frame0036_Timestamp = 3.865
Seq_Frame0037_DriverToReference-SequenceTransform =-0.691838 -0.625913 -0.35999 -44.9637 -0.653286 0.330259 0.681283 250.835 -0.307534 0.706514 -0.637386 135.579 0 0 0 1 
Seq_Frame0037_DriverToReference-SequenceTransformStatus = OK
Seq_Frame0037_Timestamp = 3.972
Seq_Frame0038_DriverToReference-SequenceTransform =-0.666033 -0.714629 -0.213787 -42.6433 -0.637357 0.396321 0.660838 250.203 -0.387526 0.576398 -0.719437 158.885 0 0 0 1 
Seq_Frame0038_DriverToReference-SequenceTransformStatus = OK
Seq_Frame0038_Timestamp = 4.09
Seq_Frame0039_DriverToReference-SequenceTransform =-0.606405 -0.54722 -0.576908 -52.117 -0.772232 0.232338 0.591335 261.901 -0.189553 0.804096 -0.563471 153.342 0 0 0 1 
Seq_Frame0039_DriverToReference-SequenceTransformStatus = OK
Seq_Frame0039_Timestamp = 4.202
Seq_Frame0040_DriverToReference-SequenceTransform =-0.477434 -0.592638 -0.648719 -59.028 -0.853928 0.138989 0.501487 271.104 -0.207035 0.793387 -0.572428 156.574 0 0 0 1 
Seq_Frame0040_DriverToReference-SequenceTransformStatus = OK
Seq_Frame0040_Timestamp = 4.307
Seq_Frame0041_DriverToReference-SequenceTransform =-0.475992 -0.693534 -0.540779 -55.2279 -0.85378 0.216932 0.473286 272.655 -0.210928 0.686987 -0.695383 162.94 0 0 0 1 
Seq_Frame0041_DriverToReference-SequenceTransformStatus = OK
Seq_Frame0041_Timestamp = 4.412
Seq_Frame0042_DriverToReference-SequenceTransform =-0.365602 -0.772435 -0.519306 -53.0657 -0.924357 0.235932 0.299833 280.574 -0.109081 0.589644 -0.800263 170.259 0 0 0 1 
Seq_Frame0042_DriverToReference-SequenceTransformStatus = OK
Seq_Frame0042_Timestamp = 4.522
Seq_Frame0043_DriverToReference-SequenceTransform =-0.465039 -0.724993 -0.508059 -43.3812 -0.88527 0.384681 0.261377 285.238 0.0059444 0.57132 -0.820706 189.51 0 0 0 1 
Seq_Frame0043_DriverToReference-SequenceTransformStatus = OK
Seq_Frame0043_Timestamp = 4.624
Seq_Frame0044_DriverToReference-SequenceTransform =-0.41198 -0.646501 -0.642113 -40.5186 -0.903411 0.381709 0.195312 289.527 0.118831 0.660557 -0.741312 215.687 0 0 0 1 
Seq_Frame0044_DriverToReference-SequenceTransformStatus = OK
Seq_Frame0044_Timestamp = 4.731
Seq_Frame0045_DriverToReference-SequenceTransform =-0.408795 -0.702322 -0.582779 -30.6648 -0.909322 0.367744 0.194674 299.273 0.0775897 0.609515 -0.788968 248.192 0 0 0 1 
Seq_Frame0045_DriverToReference-SequenceTransformStatus = OK
Seq_Frame0045_Timestamp = 4.836
Seq_Frame0046_DriverToReference-SequenceTransform =-0.46858 -0.762692 -0.445795 -11.9827 -0.883376 0.409597 0.227764 313.133 0.00888265 0.500531 -0.865673 281.628 0 0 0 1 
Seq_Frame0046_DriverToReference-SequenceTransformStatus = OK
Seq_Frame0046_Timestamp = 4.942
Seq_Frame0047_DriverToReference-SequenceTransform =-0.447621 -0.797431 -0.404648 4.5243 -0.892213 0.367945 0.261864 330.826 -0.0599302 0.478248 -0.876178 306.325 0 0 0 1 
Seq_Frame0047_DriverToReference-SequenceTransformStatus = OK
Seq_Frame0047_Timestamp = 5.046
Seq_Frame0048_DriverToReference-SequenceTransform =-0.45775 -0.810434 -0.365598 22.891 -0.887204 0.389671 0.247033 342.38 -0.057741 0.437439 -0.897392 325.685 0 0 0 1 
Seq_Frame0048_DriverToReference-SequenceTransformStatus = OK
Seq_Frame0048_Timestamp = 5.152
Seq_Frame0049_DriverToReference-SequenceTransform =-0.458428 -0.823093 -0.335203 43.7834 -0.884586 0.386202 0.26145 353.891 -0.0857413 0.416372 -0.905143 344.441 0 0 0 1 
Seq_Frame0049_DriverToReference-SequenceTransformStatus = OK
Seq_Frame0049_Timestamp = 5.256
Seq_Frame0050_DriverToReference-SequenceTransform =-0.533927 -0.809686 -0.24358 62.2755 -0.822127 0.429831 0.373298 361.526 -0.197556 0.399568 -0.895163 359.401 0 0 0 1 
Seq_Frame0050_DriverToReference-SequenceTransformStatus = OK
Seq_Frame0050_Timestamp = 5.365
Seq_Frame0051_DriverToReference-SequenceTransform =-0.699426 -0.70485 -0.118276 79.4746 -0.669375 0.588035 0.454039 355.698 -0.250479 0.396738 -0.883097 367.037 0 0 0 1 
Seq_Frame0051_DriverToReference-SequenceTransformStatus = OK
Seq_Frame0051_Timestamp = 5.471
Seq_Frame0052_DriverToReference-SequenceTransform =-0.825525 -0.54461 0.148019 100.244 -0.412619 0.761365 0.500069 332.327 -0.385039 0.351744 -0.853242 360.457 0 0 0 1 
Seq_Frame0052_DriverToReference-SequenceTransformStatus = OK
Seq_Frame0052_Timestamp = 5.577
Seq_Frame0053_DriverToReference-SequenceTransform =-0.859511 -0.454639 0.233548 110.482 -0.315115 0.831116 0.458202 316.069 -0.402422 0.320235 -0.857617 340.736 0 0 0 1 
Seq_Frame0053_DriverToReference-SequenceTransformStatus = OK
Seq_Frame0053_Timestamp = 5.686
Seq_Frame0054_DriverToReference-SequenceTransform =-0.849947 -0.433152 0.299949 121.714 -0.298389 0.864945 0.403528 299.1 -0.434228 0.253476 -0.864405 332.439 0 0 0 1 
Seq_Frame0054_DriverToReference-SequenceTransformStatus = OK
Seq_Frame0054_Timestamp = 5.793
Seq_Frame0055_DriverToReference-SequenceTransform =-0.840994 -0.462371 0.280968 129.122 -0.362669 0.867122 0.341423 287.815 -0.401498 0.185236 -0.896932 332.197 0 0 0 1 
Seq_Frame0055_DriverToReference-SequenceTransformStatus = OK
Seq_Frame0055_Timestamp = 5.898
Seq_Frame0056_DriverToReference-SequenceTransform =-0.80963 -0.470664 0.350677 130.884 -0.361417 0.870539 0.333976 281.623 -0.462468 0.143656 -0.874921 330.56 0 0 0 1 
Seq_Frame0056_DriverToReference-SequenceTransformStatus = OK
Seq_Frame0056_Timestamp = 6.007
Seq_Frame0057_DriverToReference-SequenceTransform =-0.788452 -0.486558 0.376304 132.234 -0.385797 0.867669 0.313545 276.532 -0.479065 0.102039 -0.871828 328.749 0 0 0 1 
Seq_Frame0057_DriverToReference-SequenceTransformStatus = OK
Seq_Frame0057_Timestamp = 6.117
Seq_Frame0058_DriverToReference-SequenceTransform =-0.781911 -0.511714 0.35604 134.682 -0.429049 0.856087 0.288152 276.298 -0.452253 0.0725512 -0.888934 326.737 0 0 0 1 
Seq_Frame0058_DriverToReference-SequenceTransformStatus = OK
Seq_Frame0058_Timestamp = 6.222
Seq_Frame0059_DriverToReference-SequenceTransform =-0.776262 -0.519816 0.356664 133.512 -0.449857 0.853108 0.264262 274.589 -0.441641 0.0446887 -0.896078 325.521 0 0 0 1 
Seq_Frame0059_DriverToReference-SequenceTransformStatus = OK
Seq_Frame0059_Timestamp = 6.326
Seq_Frame0060_DriverToReference-SequenceTransform =-0.765297 -0.525728 0.371388 132.338 -0.464316 0.850489 0.247144 275.506 -0.445792 0.0166973 -0.894981 324.875 0 0 0 1 
Seq_Frame0060_DriverToReference-SequenceTransformStatus = OK
Seq_Frame0060_Timestamp = 6.437
Seq_Frame0061_DriverToReference-SequenceTransform =-0.764374 -0.543372 0.347101 132.311 -0.489234 0.839419 0.2367 275.563 -0.419979 0.0111134 -0.907466 324.755 0 0 0 1 
Seq_Frame0061_DriverToReference-SequenceTransformStatus = OK
Seq_Frame0061_Timestamp = 6.543
Seq_Frame0062_DriverToReference-SequenceTransform =-0.736855 -0.57044 0.362825 133.092 -0.525153 0.820948 0.224186 275.526 -0.425745 -0.0253461 -0.904488 324.538 0 0 0 1 
Seq_Frame0062_DriverToReference-SequenceTransformStatus = OK
Seq_Frame0062_Timestamp = 6.652
Seq_Frame0063_DriverToReference-SequenceTransform =-0.727103 -0.605593 0.323386 134.744 -0.564641 0.795454 0.220077 274.281 -0.390516 -0.0225782 -0.920319 324.505 0 0 0 1 
Seq_Frame0063_DriverToReference-SequenceTransformStatus = OK
Seq_Frame0063_Timestamp = 6.756
Seq_Frame0064_DriverToReference-SequenceTransform =-0.723474 -0.621223 0.30111 136.101 -0.587512 0.783084 0.203982 273.276 -0.362513 -0.0293302 -0.931517 323.552 0 0 0 1 
Seq_Frame0064_DriverToReference-SequenceTransformStatus = OK
Seq_Frame0064_Timestamp = 6.862
Seq_Frame0065_DriverToReference-SequenceTransform =-0.763246 -0.61342 0.202907 136.381 -0.594032 0.789748 0.153048 272.838 -0.254128 -0.00371941 -0.967163 323.56 0 0 0 1 
Seq_Frame0065_DriverToReference-SequenceTransformStatus = OK
Seq_Frame0065_Timestamp = 6.967
Seq_Frame0066_DriverToReference-SequenceTransform =-0.782206 -0.6103 0.125253 134.076 -0.59731 0.791772 0.12774 272.407 -0.177132 0.0251041 -0.983867 320.974 0 0 0 1 
Seq_Frame0066_DriverToReference-SequenceTransformStatus = OK
Seq_Frame0066_Timestamp = 7.071
Seq_Frame0067_DriverToReference-SequenceTransform =-0.75262 -0.658447 -0.00328923 129.058 -0.655341 0.748566 0.100888 277.846 -0.063967 0.0780857 -0.994892 314.305 0 0 0 1 
Seq_Frame0067_DriverToReference-SequenceTransformStatus = OK
Seq_Frame0067_Timestamp = 7.177
Seq_Frame0068_DriverToReference-SequenceTransform =-0.691987 -0.690342 -0.211142 115.997 -0.713919 0.6978 0.0582617 287.379 0.107115 0.191055 -0.975717 302.808 0 0 0 1 
Seq_Frame0068_DriverToReference-SequenceTransformStatus = OK
Seq_Frame0068_Timestamp = 7.286
Seq_Frame0069_DriverToReference-SequenceTransform =-0.491525 -0.725459 -0.48178 89.792 -0.808566 0.585644 -0.056935 300.506 0.323456 0.361566 -0.874441 284.586 0 0 0 1 
Seq_Frame0069_DriverToReference-SequenceTransformStatus = OK
Seq_Frame0069_Timestamp = 7.392
Seq_Frame0070_DriverToReference-SequenceTransform =-0.195557 -0.692264 -0.694642 61.5884 -0.841349 0.482358 -0.243849 306.798 0.503874 0.53675 -0.676764 266.294 0 0 0 1 
Seq_Frame0070_DriverToReference-SequenceTransformStatus = OK
Seq_Frame0070_Timestamp = 7.498
Seq_Frame0071_DriverToReference-SequenceTransform =0.00387189 -0.625425 -0.780275 37.5148 -0.836467 0.425574 -0.345267 309.015 0.548004 0.654011 -0.521499 249.402 0 0 0 1 
Seq_Frame0071_DriverToReference-SequenceTransformStatus = OK
Seq_Frame0071_Timestamp = 7.607
Seq_Frame0072_DriverToReference-SequenceTransform =0.0465395 -0.428833 -0.902184 19.8878 -0.872891 0.421675 -0.245462 313.198 0.485691 0.798932 -0.3547 234.918 0 0 0 1 
Seq_Frame0072_DriverToReference-SequenceTransformStatus = OK
Seq_Frame0072_Timestamp = 7.712
Seq_Frame0073_DriverToReference-SequenceTransform =0.0393536 -0.389546 -0.920166 15.8215 -0.885018 0.41393 -0.213085 314.984 0.463891 0.822749 -0.328465 230.732 0 0 0 1 
Seq_Frame0073_DriverToReference-SequenceTransformStatus = OK
Seq_Frame0073_Timestamp = 7.816
Seq_Frame0074_DriverToReference-SequenceTransform =0.0393536 -0.389546 -0.920166 15.8215 -0.885018 0.41393 -0.213085 314.984 0.463891 0.822749 -0.328465 230.732 0 0 0 1 
Seq_Frame0074_DriverToReference-SequenceTransformStatus = OK
Seq_Frame0074_Timestamp = 7.927
Seq_Frame0075_DriverToReference-SequenceTransform =0.0393536 -0.389546 -0.920166 15.8215 -0.885018 0.41393 -0.213085 314.984 0.463891 0.822749 -0.328465 230.732 0 0 0 1 
Seq_Frame0075_DriverToReference-SequenceTransformStatus = OK
Seq_Frame0075_Timestamp = 8.031
Seq_Frame0076_DriverToReference-SequenceTransform =0.0393536 -0.389546 -0.920166 15.8215 -0.885018 0.41393 -0.213085 314.984 0.463891 0.822749 -0.328465 230.732 0 0 0 1 
Seq_Frame0076_DriverToReference-SequenceTransformStatus = OK
Seq_Frame0076_Timestamp = 8.142
Seq_Frame0077_DriverToReference-SequenceTransform =0.0393536 -0.389546 -0.920166 15.8215 -0.885018 0.41393 -0.213085 314.984 0.463891 0.822749 -0.328465 230.732 0 0 0 1 
Seq_Frame0077_DriverToReference-SequenceTransformStatus = OK
Seq_Frame0077_Timestamp = 8.246
Seq_Frame0078_DriverToReference-SequenceTransform =0.0393536 -0.389546 -0.920166 15.8215 -0.885018 0.41393 -0.213085 314.984 0.463891 0.822749 -0.328465 230.732 0 0 0 1 
Seq_Frame0078_DriverToReference-SequenceTransformStatus = OK
Seq_Frame0078_Timestamp = 8.357
Seq_Frame0079_DriverToReference-SequenceTransform =0.0393536 -0.389546 -0.920166 15.8215 -0.885018 0.41393 -0.213085 314.984 0.463891 0.822749 -0.328465 230.732 0 0 0 1 
Seq_Frame0079_DriverToReference-SequenceTransformStatus = OK
Seq_Frame0079_Timestamp = 8.826
Seq_Frame0080_DriverToReference-SequenceTransform =0.0393536 -0.389546 -0.920166 15.8215 -0.885018 0.41393 -0.213085 314.984 0.463891 0.822749 -0.328465 230.732 0 0 0 1 
Seq_Frame0080_DriverToReference-SequenceTransformStatus = OK
Seq_Frame0080_Timestamp = 10.272
Seq_Frame0081_DriverToReference-SequenceTransform =0.0393536 -0.389546 -0.920166 15.8215 -0.885018 0.41393 -0.213085 314.984 0.463891 0.822749 -0.328465 230.732 0 0 0 1 
Seq_Frame0081_DriverToReference-SequenceTransformStatus = OK
Seq_Frame0081_Timestamp = 10.376
Seq_Frame0082_DriverToReference-SequenceTransform =0.0393536 -0.389546 -0.920166 15.8215 -0.885018 0.41393 -0.213085 314.984 0.463891 0.822749 -0.328465 230.732 0 0 0 1 
Seq_Frame0082_DriverToReference-SequenceTransformStatus = OK
Seq_Frame0082_Timestamp = 10.481
Seq_Frame0083_DriverToReference-SequenceTransform =-0.145827 0.0639814 0.987239 28.9588 0.953595 -0.256622 0.157488 264.715 0.263423 0.964392 -0.02359 156.542 0 0 0 1 
Seq_Frame0083_DriverToReference-SequenceTransformStatus = OK
Seq_Frame0083_Timestamp = 10.767
Seq_Frame0084_DriverToReference-SequenceTransform =-0.145827 0.0639814 0.987239 28.9588 0.953595 -0.256622 0.157488 264.715 0.263423 0.964392 -0.02359 156.542 0 0 0 1 
Seq_Frame0084_DriverToReference-SequenceTransformStatus = OK
Seq_Frame0084_Timestamp = 10.932
Seq_Frame0085_DriverToReference-SequenceTransform =-0.145827 0.0639814 0.987239 28.9588 0.953595 -0.256622 0.157488 264.715 0.263423 0.964392 -0.02359 156.542 0 0 0 1 
Seq_Frame0085_DriverToReference-SequenceTransformStatus = OK
Seq_Frame0085_Timestamp = 11.036
Seq_Frame0086_DriverToReference-SequenceTransform =-0.145827 0.0639814 0.987239 28.9588 0.953595 -0.256622 0.157488 264.715 0.263423 0.964392 -0.02359 156.542 0 0 0 1 
Seq_Frame0086_DriverToReference-SequenceTransformStatus = OK
Seq_Frame0086_Timestamp = 11.312
Seq_Frame0087_DriverToReference-SequenceTransform =-0.145827 0.0639814 0.987239 28.9588 0.953595 -0.256622 0.157488 264.715 0.263423 0.964392 -0.02359 156.542 0 0 0 1 
Seq_Frame0087_DriverToReference-SequenceTransformStatus = OK
Seq_Frame0087_Timestamp = 11.417
Seq_Frame0088_DriverToReference-SequenceTransform =-0.145827 0.0639814 0.987239 28.9588 0.953595 -0.256622 0.157488 264.715 0.263423 0.964392 -0.02359 156.542 0 0 0 1 
Seq_Frame0088_DriverToReference-SequenceTransformStatus = OK
Seq_Frame0088_Timestamp = 11.526
Seq_Frame0089_DriverToReference-SequenceTransform =-0.145827 0.0639814 0.987239 28.9588 0.953595 -0.256622 0.157488 264.715 0.263423 0.964392 -0.02359 156.542 0 0 0 1 
Seq_Frame0089_DriverToReference-SequenceTransformStatus = OK
Seq_Frame0089_Timestamp = 11.632
Seq_Frame0090_DriverToReference-SequenceTransform =-0.145827 0.0639814 0.987239 28.9588 0.953595 -0.256622 0.157488 264.715 0.263423 0.964392 -0.02359 156.542 0 0 0 1 
Seq_Frame0090_DriverToReference-SequenceTransformStatus = OK
Seq_Frame0090_Timestamp = 11.74
Seq_Frame0091_DriverToReference-SequenceTransform =-0.145827 0.0639814 0.987239 28.9588 0.953595 -0.256622 0.157488 264.715 0.263423 0.964392 -0.02359 156.542 0 0 0 1 
Seq_Frame0091_DriverToReference-SequenceTransformStatus = OK
Seq_Frame0091_Timestamp = 11.852
Seq_Frame0092_DriverToReference-SequenceTransform =-0.145827 0.0639814 0.987239 28.9588 0.953595 -0.256622 0.157488 264.715 0.263423 0.964392 -0.02359 156.542 0 0 0 1 
Seq_Frame0092_DriverToReference-SequenceTransformStatus = OK
Seq_Frame0092_Timestamp = 11.957
Seq_Frame0093_DriverToReference-SequenceTransform =-0.145827 0.0639814 0.987239 28.9588 0.953595 -0.256622 0.157488 264.715 0.263423 0.964392 -0.02359 156.542 0 0 0 1 
Seq_Frame0093_DriverToReference-SequenceTransformStatus = OK
Seq_Frame0093_Timestamp = 12.067
Seq_Frame0094_DriverToReference-SequenceTransform =-0.145827 0.0639814 0.987239 28.9588 0.953595 -0.256622 0.157488 264.715 0.263423 0.964392 -0.02359 156.542 0 0 0 1 
Seq_Frame0094_DriverToReference-SequenceTransformStatus = OK
Seq_Frame0094_Timestamp = 12.171
Seq_Frame0095_DriverToReference-SequenceTransform =-0.145827 0.0639814 0.987239 28.9588 0.953595 -0.256622 0.157488 264.715 0.263423 0.964392 -0.02359 156.542 0 0 0 1 
Seq_Frame0095_DriverToReference-SequenceTransformStatus = OK
Seq_Frame0095_Timestamp = 12.282
Seq_Frame0096_DriverToReference-SequenceTransform =-0.145827 0.0639814 0.987239 28.9588 0.953595 -0.256622 0.157488 264.715 0.263423 0.964392 -0.02359 156.542 0 0 0 1 
Seq_Frame0096_DriverToReference-SequenceTransformStatus = OK
Seq_Frame0096_Timestamp = 12.386
Seq_Frame0097_DriverToReference-SequenceTransform =-0.145827 0.0639814 0.987239 28.9588 0.953595 -0.256622 0.157488 264.715 0.263423 0.964392 -0.02359 156.542 0 0 0 1 
Seq_Frame0097_DriverToReference-SequenceTransformStatus = OK
Seq_Frame0097_Timestamp = 12.492
Seq_Frame0098_DriverToReference-SequenceTransform =-0.145827 0.0639814 0.987239 28.9588 0.953595 -0.256622 0.157488 264.715 0.263423 0.964392 -0.02359 156.542 0 0 0 1 
Seq_Frame0098_DriverToReference-SequenceTransformStatus = OK
Seq_Frame0098_Timestamp = 12.596
Seq_Frame0099_DriverToReference-SequenceTransform =-0.145827 0.0639814 0.987239 28.9588 0.953595 -0.256622 0.157488 264.715 0.263423 0.964392 -0.02359 156.542 0 0 0 1 
Seq_Frame0099_DriverToReference-SequenceTransformStatus = OK
Seq_Frame0099_Timestamp = 12.702
Seq_Frame0100_DriverToReference-SequenceTransform =-0.145827 0.0639814 0.987239 28.9588 0.953595 -0.256622 0.157488 264.715 0.263423 0.964392 -0.02359 156.542 0 0 0 1 
Seq_Frame0100_DriverToReference-SequenceTransformStatus = OK
Seq_Frame0100_Timestamp = 12.815
Seq_Frame0101_DriverToReference-SequenceTransform =-0.145827 0.0639814 0.987239 28.9588 0.953595 -0.256622 0.157488 264.715 0.263423 0.964392 -0.02359 156.542 0 0 0 1 
Seq_Frame0101_DriverToReference-SequenceTransformStatus = OK
Seq_Frame0101_Timestamp = 12.918
Seq_Frame0102_DriverToReference-SequenceTransform =-0.145827 0.0639814 0.987239 28.9588 0.953595 -0.256622 0.157488 264.715 0.263423 0.964392 -0.02359 156.542 0 0 0 1 
Seq_Frame0102_DriverToReference-SequenceTransformStatus = OK
Seq_Frame0102_Timestamp = 13.022
Seq_Frame0103_DriverToReference-SequenceTransform =-0.145827 0.0639814 0.987239 28.9588 0.953595 -0.256622 0.157488 264.715 0.263423 0.964392 -0.02359 156.542 0 0 0 1 
Seq_Frame0103_DriverToReference-SequenceTransformStatus = OK
Seq_Frame0103_Timestamp = 13.133
Seq_Frame0104_DriverToReference-SequenceTransform =-0.145827 0.0639814 0.987239 28.9588 0.953595 -0.256622 0.157488 264.715 0.263423 0.964392 -0.02359 156.542 0 0 0 1 
Seq_Frame0104_DriverToReference-SequenceTransformStatus = OK
Seq_Frame0104_Timestamp = 13.236
Seq_Frame0105_DriverToReference-SequenceTransform =-0.145827 0.0639814 0.987239 28.9588 0.953595 -0.256622 0.157488 264.715 0.263423 0.964392 -0.02359 156.542 0 0 0 1 
Seq_Frame0105_DriverToReference-SequenceTransformStatus = OK
Seq_Frame0105_Timestamp = 13.347
Seq_Frame0106_DriverToReference-SequenceTransform =-0.145827 0.0639814 0.987239 28.9588 0.953595 -0.256622 0.157488 264.715 0.263423 0.964392 -0.02359 156.542 0 0 0 1 
Seq_Frame0106_DriverToReference-SequenceTransformStatus = OK
Seq_Frame0106_Timestamp = 13.451
Seq_Frame0107_DriverToReference-SequenceTransform =-0.145827 0.0639814 0.987239 28.9588 0.953595 -0.256622 0.157488 264.715 0.263423 0.964392 -0.02359 156.542 0 0 0 1 
Seq_Frame0107_DriverToReference-SequenceTransformStatus = OK
Seq_Frame0107_Timestamp = 13.557
Seq_Frame0108_DriverToReference-SequenceTransform =-0.915429 -0.25219 -0.313672 63.5012 -0.400744 0.643427 0.652231 294.464 0.037339 0.722773 -0.690076 166.769 0 0 0 1 
Seq_Frame0108_DriverToReference-SequenceTransformStatus = OK
Seq_Frame0108_Timestamp = 13.796
Seq_Frame0109_DriverToReference-SequenceTransform =-0.976441 -0.21558 0.009397 24.8011 -0.130927 0.626507 0.76834 288.374 -0.171526 0.749008 -0.639973 175.218 0 0 0 1 
Seq_Frame0109_DriverToReference-SequenceTransformStatus = OK
Seq_Frame0109_Timestamp = 13.902
Seq_Frame0110_DriverToReference-SequenceTransform =-0.916441 -0.371644 -0.148379 4.57324 -0.340237 0.52846 0.777798 298.313 -0.210652 0.76329 -0.610749 163.85 0 0 0 1 
Seq_Frame0110_DriverToReference-SequenceTransformStatus = OK
Seq_Frame0110_Timestamp = 14.006
Seq_Frame0111_DriverToReference-SequenceTransform =-0.123943 -0.584165 -0.802116 -5.56111 -0.992162 0.085931 0.0907273 318.761 0.0159269 0.807073 -0.590236 160.68 0 0 0 1 
Seq_Frame0111_DriverToReference-SequenceTransformStatus = OK
Seq_Frame0111_Timestamp = 14.112
Seq_Frame0112_DriverToReference-SequenceTransform =0.310765 -0.603913 -0.733971 16.5762 -0.918448 0.00800792 -0.395462 299.791 0.244702 0.79701 -0.552174 169.663 0 0 0 1 
Seq_Frame0112_DriverToReference-SequenceTransformStatus = OK
Seq_Frame0112_Timestamp = 14.217
Seq_Frame0113_DriverToReference-SequenceTransform =0.0661385 -0.746318 -0.662295 27.7448 -0.968328 0.11215 -0.223077 302.13 0.240763 0.656073 -0.715263 181.476 0 0 0 1 
Seq_Frame0113_DriverToReference-SequenceTransformStatus = OK
Seq_Frame0113_Timestamp = 14.332
Seq_Frame0114_DriverToReference-SequenceTransform =-0.655258 -0.722295 -0.221194 -0.634916 -0.700366 0.471164 0.536183 285.859 -0.283064 0.506255 -0.814605 183.857 0 0 0 1 
Seq_Frame0114_DriverToReference-SequenceTransformStatus = OK
Seq_Frame0114_Timestamp = 14.446
Seq_Frame0115_DriverToReference-SequenceTransform =-0.777032 -0.62421 -0.0811379 -37.2457 -0.49637 0.528359 0.688806 268.682 -0.38709 0.575499 -0.720391 164.016 0 0 0 1 
Seq_Frame0115_DriverToReference-SequenceTransformStatus = OK
Seq_Frame0115_Timestamp = 14.557
Seq_Frame0116_DriverToReference-SequenceTransform =-0.815504 -0.573334 0.0790079 -34.5381 -0.300515 0.536151 0.788817 271.384 -0.494616 0.61954 -0.609529 156.671 0 0 0 1 
Seq_Frame0116_DriverToReference-SequenceTransformStatus = OK
Seq_Frame0116_Timestamp = 14.662
Seq_Frame0117_DriverToReference-SequenceTransform =-0.838826 -0.454151 0.300196 -25.1968 -0.0142183 0.569514 0.821859 277.824 -0.544214 0.685128 -0.48418 147.205 0 0 0 1 
Seq_Frame0117_DriverToReference-SequenceTransformStatus = OK
Seq_Frame0117_Timestamp = 14.773
Seq_Frame0118_DriverToReference-SequenceTransform =-0.832191 -0.386795 0.397301 -18.5761 0.123744 0.568895 0.813047 283.526 -0.540505 0.725774 -0.425566 140.098 0 0 0 1 
Seq_Frame0118_DriverToReference-SequenceTransformStatus = OK
Seq_Frame0118_Timestamp = 14.874
Seq_Frame0119_DriverToReference-SequenceTransform =-0.838014 -0.420265 0.348008 -21.3824 0.0601594 0.562738 0.824444 285.212 -0.542322 0.711832 -0.446299 132.693 0 0 0 1 
Seq_Frame0119_DriverToReference-SequenceTransformStatus = OK
Seq_Frame0119_Timestamp = 14.982
Seq_Frame0120_DriverToReference-SequenceTransform =-0.855218 -0.407978 0.319619 -23.4723 0.043255 0.558366 0.828466 288.412 -0.516461 0.722344 -0.459878 130.01 0 0 0 1 
Seq_Frame0120_DriverToReference-SequenceTransformStatus = OK
Seq_Frame0120_Timestamp = 15.091
Seq_Frame0121_DriverToReference-SequenceTransform =-0.848213 -0.419266 0.323653 -18.155 0.0357243 0.564385 0.824738 287.239 -0.52845 0.711116 -0.463741 130.82 0 0 0 1 
Seq_Frame0121_DriverToReference-SequenceTransformStatus = OK
Seq_Frame0121_Timestamp = 15.197
Seq_Frame0122_DriverToReference-SequenceTransform =-0.838809 -0.422171 0.343761 -17.4573 0.0467834 0.57319 0.818086 285.803 -0.542413 0.7023 -0.461046 131.55 0 0 0 1 
Seq_Frame0122_DriverToReference-SequenceTransformStatus = OK
Seq_Frame0122_Timestamp = 15.302
Seq_Frame0123_DriverToReference-SequenceTransform =-0.85447 -0.401126 0.33012 -18.1793 0.0452329 0.575597 0.816482 285.765 -0.517528 0.712591 -0.473686 131.391 0 0 0 1 
Seq_Frame0123_DriverToReference-SequenceTransformStatus = OK
Seq_Frame0123_Timestamp = 15.412
Seq_Frame0124_DriverToReference-SequenceTransform =-0.844601 -0.418208 0.334291 -16.3027 0.0342653 0.580879 0.813269 285.427 -0.534298 0.698342 -0.476281 131.464 0 0 0 1 
Seq_Frame0124_DriverToReference-SequenceTransformStatus = OK
Seq_Frame0124_Timestamp = 15.515
Seq_Frame0125_DriverToReference-SequenceTransform =-0.834566 -0.441879 0.329003 -15.7081 0.0121761 0.582259 0.812912 284.019 -0.550774 0.682434 -0.480553 130.134 0 0 0 1 
Seq_Frame0125_DriverToReference-SequenceTransformStatus = OK
Seq_Frame0125_Timestamp = 15.622
Seq_Frame0126_DriverToReference-SequenceTransform =-0.832356 -0.475624 0.284544 -15.7923 -0.0403756 0.564065 0.824743 283.683 -0.552769 0.674991 -0.488706 129.719 0 0 0 1 
Seq_Frame0126_DriverToReference-SequenceTransformStatus = OK
Seq_Frame0126_Timestamp = 15.726
Seq_Frame0127_DriverToReference-SequenceTransform =-0.852903 -0.460078 0.246749 -15.6207 -0.0615171 0.55791 0.827619 282.997 -0.518432 0.690699 -0.504145 130.201 0 0 0 1 
Seq_Frame0127_DriverToReference-SequenceTransformStatus = OK
Seq_Frame0127_Timestamp = 15.832
Seq_Frame0128_DriverToReference-SequenceTransform =-0.884548 -0.412944 0.216918 -13.9172 -0.06394 0.567992 0.820546 280.202 -0.462047 0.711942 -0.52882 129.339 0 0 0 1 
Seq_Frame0128_DriverToReference-SequenceTransformStatus = OK
Seq_Frame0128_Timestamp = 15.936
Seq_Frame0129_DriverToReference-SequenceTransform =-0.921743 -0.35805 0.148966 -11.304 -0.0934944 0.57797 0.810684 277.203 -0.376363 0.733315 -0.566216 130.534 0 0 0 1 
Seq_Frame0129_DriverToReference-SequenceTransformStatus = OK
Seq_Frame0129_Timestamp = 16.041
Seq_Frame0130_DriverToReference-SequenceTransform =-0.947852 -0.26944 0.170231 -3.80883 -0.0268953 0.599841 0.799667 272.814 -0.317574 0.753388 -0.575807 131.469 0 0 0 1 
Seq_Frame0130_DriverToReference-SequenceTransformStatus = OK
Seq_Frame0130_Timestamp = 16.146
Seq_Frame0131_DriverToReference-SequenceTransform =-0.968508 -0.172989 0.179071 3.34427 0.0366905 0.612202 0.78985 270.544 -0.246263 0.771547 -0.586575 133.591 0 0 0 1 
Seq_Frame0131_DriverToReference-SequenceTransformStatus = OK
Seq_Frame0131_Timestamp = 16.252
Seq_Frame0132_DriverToReference-SequenceTransform =-0.977618 -0.0533473 0.203513 9.83312 0.12649 0.623931 0.771175 268.565 -0.168118 0.779657 -0.603218 133.699 0 0 0 1 
Seq_Frame0132_DriverToReference-SequenceTransformStatus = OK
Seq_Frame0132_Timestamp = 16.362
Seq_Frame0133_DriverToReference-SequenceTransform =-0.954517 0.1184 0.273641 15.1468 0.288186 0.601735 0.744892 267.022 -0.0764639 0.789871 -0.608487 134.12 0 0 0 1 
Seq_Frame0133_DriverToReference-SequenceTransformStatus = OK
Seq_Frame0133_Timestamp = 16.465
Seq_Frame0134_DriverToReference-SequenceTransform =-0.887784 0.291726 0.356 13.8006 0.459775 0.526609 0.715045 266.694 0.0211246 0.798486 -0.601643 136.607 0 0 0 1 
Seq_Frame0134_DriverToReference-SequenceTransformStatus = OK
Seq_Frame0134_Timestamp = 16.572
Seq_Frame0135_DriverToReference-SequenceTransform =-0.830636 0.396276 0.391163 10.4407 0.555225 0.536411 0.6356 272.122 0.0420483 0.745136 -0.665585 143.019 0 0 0 1 
Seq_Frame0135_DriverToReference-SequenceTransformStatus = OK
Seq_Frame0135_Timestamp = 16.676
Seq_Frame0136_DriverToReference-SequenceTransform =-0.84392 0.375494 0.383148 9.42313 0.536468 0.590335 0.603081 271.93 0.000267913 0.714499 -0.699636 143.313 0 0 0 1 
Seq_Frame0136_DriverToReference-SequenceTransformStatus = OK
Seq_Frame0136_Timestamp = 17.551
Seq_Frame0137_DriverToReference-SequenceTransform =-0.84392 0.375494 0.383148 9.42313 0.536468 0.590335 0.603081 271.93 0.000267913 0.714499 -0.699636 143.313 0 0 0 1 
Seq_Frame0137_DriverToReference-SequenceTransformStatus = OK
Seq_Frame0137_Timestamp = 17.657
Seq_Frame0138_DriverToReference-SequenceTransform =-0.84392 0.375494 0.383148 9.42313 0.536468 0.590335 0.603081 271.93 0.000267913 0.714499 -0.699636 143.313 0 0 0 1 
Seq_Frame0138_DriverToReference-SequenceTransformStatus = OK
Seq_Frame0138_Timestamp = 18.232
Seq_Frame0139_DriverToReference-SequenceTransform =-0.885501 0.0953595 0.454747 25.8531 0.429521 0.541253 0.722881 287.54 -0.1772 0.835435 -0.520239 174.543 0 0 0 1 
Seq_Frame0139_DriverToReference-SequenceTransformStatus = OK
Seq_Frame0139_Timestamp = 18.337
Seq_Frame0140_DriverToReference-SequenceTransform =-0.932756 -0.122128 0.339192 6.51694 0.216172 0.563483 0.797344 299.389 -0.288507 0.817051 -0.499191 165.924 0 0 0 1 
Seq_Frame0140_DriverToReference-SequenceTransformStatus = OK
Seq_Frame0140_Timestamp = 18.446
Seq_Frame0141_DriverToReference-SequenceTransform =-0.936004 -0.23363 0.263274 -0.0366673 0.0765219 0.595009 0.800068 295.264 -0.343571 0.769013 -0.539053 156.187 0 0 0 1 
Seq_Frame0141_DriverToReference-SequenceTransformStatus = OK
Seq_Frame0141_Timestamp = 18.552
Seq_Frame0142_DriverToReference-SequenceTransform =-0.911981 -0.293851 0.286254 3.52794 0.0553767 0.603216 0.795653 291.453 -0.406477 0.741472 -0.53385 151.09 0 0 0 1 
Seq_Frame0142_DriverToReference-SequenceTransformStatus = OK
Seq_Frame0142_Timestamp = 18.656
Seq_Frame0143_DriverToReference-SequenceTransform =-0.898463 -0.302131 0.318563 6.85367 0.0767041 0.606398 0.791453 292.006 -0.432298 0.735526 -0.521651 149.433 0 0 0 1 
Seq_Frame0143_DriverToReference-SequenceTransformStatus = OK
Seq_Frame0143_Timestamp = 18.761
Seq_Frame0144_DriverToReference-SequenceTransform =-0.89592 -0.298659 0.328831 7.78737 0.0923144 0.598912 0.795476 292.421 -0.434517 0.743039 -0.509007 148.535 0 0 0 1 
Seq_Frame0144_DriverToReference-SequenceTransformStatus = OK
Seq_Frame0144_Timestamp = 18.865
Seq_Frame0145_DriverToReference-SequenceTransform =-0.89924 -0.315213 0.303329 7.63428 0.0725644 0.576305 0.814007 294.205 -0.431395 0.753998 -0.495363 146.412 0 0 0 1 
Seq_Frame0145_DriverToReference-SequenceTransformStatus = OK
Seq_Frame0145_Timestamp = 18.971
Seq_Frame0146_DriverToReference-SequenceTransform =-0.889772 -0.337204 0.307571 8.0989 0.0627504 0.577115 0.814249 292.451 -0.452072 0.743796 -0.492341 145.019 0 0 0 1 
Seq_Frame0146_DriverToReference-SequenceTransformStatus = OK
Seq_Frame0146_Timestamp = 19.081
Seq_Frame0147_DriverToReference-SequenceTransform =-0.896079 -0.348589 0.274824 7.05038 0.029697 0.570655 0.820653 291.192 -0.442901 0.743531 -0.501 144.721 0 0 0 1 
Seq_Frame0147_DriverToReference-SequenceTransformStatus = OK
Seq_Frame0147_Timestamp = 19.187
Seq_Frame0148_DriverToReference-SequenceTransform =-0.898515 -0.377513 0.223952 3.9813 -0.0238673 0.551473 0.833851 291.63 -0.438293 0.743883 -0.504517 143.159 0 0 0 1 
Seq_Frame0148_DriverToReference-SequenceTransformStatus = OK
Seq_Frame0148_Timestamp = 19.291
Seq_Frame0149_DriverToReference-SequenceTransform =-0.895892 -0.40392 0.185003 2.33164 -0.0721841 0.543226 0.836477 291.851 -0.438369 0.736039 -0.515829 142.589 0 0 0 1 
Seq_Frame0149_DriverToReference-SequenceTransformStatus = OK
Seq_Frame0149_Timestamp = 19.397
Seq_Frame0150_DriverToReference-SequenceTransform =-0.894019 -0.410938 0.178492 0.944268 -0.0828074 0.54309 0.835581 291.591 -0.440309 0.732246 -0.519561 142.183 0 0 0 1 
Seq_Frame0150_DriverToReference-SequenceTransformStatus = OK
Seq_Frame0150_Timestamp = 19.506
