ObjectType = Image
NDims = 3
AnatomicalOrientation = RAI
BinaryData = True
CompressedData = False
DimSize = 0 0 82
ElementSpacing = 1 1 1
Offset = 0 0 0
TransformMatrix = 1 0 0 0 1 0 0 0 1
ElementType = MET_UCHAR
Kinds = domain domain list
Seq_Frame0000_ForcepToReference-SequenceTransform =-0.909109 -0.215212 0.356658 -111.113 -0.413272 0.573321 -0.707467 163.309 -0.0522246 -0.790561 -0.610152 -61.9151 0 0 0 1 
Seq_Frame0000_ForcepToReference-SequenceTransformStatus = OK
Seq_Frame0000_Timestamp = 0.00699997
Seq_Frame0001_ForcepToReference-SequenceTransform =-0.909109 -0.215212 0.356658 -111.113 -0.413272 0.573321 -0.707467 163.309 -0.0522246 -0.790561 -0.610152 -61.9151 0 0 0 1 
Seq_Frame0001_ForcepToReference-SequenceTransformStatus = OK
Seq_Frame0001_Timestamp = 0.113
Seq_Frame0002_ForcepToReference-SequenceTransform =-0.909109 -0.215212 0.356658 -111.113 -0.413272 0.573321 -0.707467 163.309 -0.0522246 -0.790561 -0.610152 -61.9151 0 0 0 1 
Seq_Frame0002_ForcepToReference-SequenceTransformStatus = OK
Seq_Frame0002_Timestamp = 0.218
Seq_Frame0003_ForcepToReference-SequenceTransform =-0.909109 -0.215212 0.356658 -111.113 -0.413272 0.573321 -0.707467 163.309 -0.0522246 -0.790561 -0.610152 -61.9151 0 0 0 1 
Seq_Frame0003_ForcepToReference-SequenceTransformStatus = OK
Seq_Frame0003_Timestamp = 0.323
Seq_Frame0004_ForcepToReference-SequenceTransform =-0.909109 -0.215212 0.356658 -111.113 -0.413272 0.573321 -0.707467 163.309 -0.0522246 -0.790561 -0.610152 -61.9151 0 0 0 1 
Seq_Frame0004_ForcepToReference-SequenceTransformStatus = OK
Seq_Frame0004_Timestamp = 0.424
Seq_Frame0005_ForcepToReference-SequenceTransform =-0.909109 -0.215212 0.356658 -111.113 -0.413272 0.573321 -0.707467 163.309 -0.0522246 -0.790561 -0.610152 -61.9151 0 0 0 1 
Seq_Frame0005_ForcepToReference-SequenceTransformStatus = OK
Seq_Frame0005_Timestamp = 0.539
Seq_Frame0006_ForcepToReference-SequenceTransform =-0.909109 -0.215212 0.356658 -111.113 -0.413272 0.573321 -0.707467 163.309 -0.0522246 -0.790561 -0.610152 -61.9151 0 0 0 1 
Seq_Frame0006_ForcepToReference-SequenceTransformStatus = OK
Seq_Frame0006_Timestamp = 0.648
Seq_Frame0007_ForcepToReference-SequenceTransform =-0.909109 -0.215212 0.356658 -111.113 -0.413272 0.573321 -0.707467 163.309 -0.0522246 -0.790561 -0.610152 -61.9151 0 0 0 1 
Seq_Frame0007_ForcepToReference-SequenceTransformStatus = OK
Seq_Frame0007_Timestamp = 0.754
Seq_Frame0008_ForcepToReference-SequenceTransform =-0.909109 -0.215212 0.356658 -111.113 -0.413272 0.573321 -0.707467 163.309 -0.0522246 -0.790561 -0.610152 -61.9151 0 0 0 1 
Seq_Frame0008_ForcepToReference-SequenceTransformStatus = OK
Seq_Frame0008_Timestamp = 0.863
Seq_Frame0009_ForcepToReference-SequenceTransform =-0.909109 -0.215212 0.356658 -111.113 -0.413272 0.573321 -0.707467 163.309 -0.0522246 -0.790561 -0.610152 -61.9151 0 0 0 1 
Seq_Frame0009_ForcepToReference-SequenceTransformStatus = OK
Seq_Frame0009_Timestamp = 0.975
Seq_Frame0010_ForcepToReference-SequenceTransform =-0.909109 -0.215212 0.356658 -111.113 -0.413272 0.573321 -0.707467 163.309 -0.0522246 -0.790561 -0.610152 -61.9151 0 0 0 1 
Seq_Frame0010_ForcepToReference-SequenceTransformStatus = OK
Seq_Frame0010_Timestamp = 1.078
Seq_Frame0011_ForcepToReference-SequenceTransform =-0.909109 -0.215212 0.356658 -111.113 -0.413272 0.573321 -0.707467 163.309 -0.0522246 -0.790561 -0.610152 -61.9151 0 0 0 1 
Seq_Frame0011_ForcepToReference-SequenceTransformStatus = OK
Seq_Frame0011_Timestamp = 1.189
Seq_Frame0012_ForcepToReference-SequenceTransform =-0.909109 -0.215212 0.356658 -111.113 -0.413272 0.573321 -0.707467 163.309 -0.0522246 -0.790561 -0.610152 -61.9151 0 0 0 1 
Seq_Frame0012_ForcepToReference-SequenceTransformStatus = OK
Seq_Frame0012_Timestamp = 1.298
Seq_Frame0013_ForcepToReference-SequenceTransform =-0.909109 -0.215212 0.356658 -111.113 -0.413272 0.573321 -0.707467 163.309 -0.0522246 -0.790561 -0.610152 -61.9151 0 0 0 1 
Seq_Frame0013_ForcepToReference-SequenceTransformStatus = OK
Seq_Frame0013_Timestamp = 1.409
Seq_Frame0014_ForcepToReference-SequenceTransform =-0.909109 -0.215212 0.356658 -111.113 -0.413272 0.573321 -0.707467 163.309 -0.0522246 -0.790561 -0.610152 -61.9151 0 0 0 1 
Seq_Frame0014_ForcepToReference-SequenceTransformStatus = OK
Seq_Frame0014_Timestamp = 1.515
Seq_Frame0015_ForcepToReference-SequenceTransform =-0.909109 -0.215212 0.356658 -111.113 -0.413272 0.573321 -0.707467 163.309 -0.0522246 -0.790561 -0.610152 -61.9151 0 0 0 1 
Seq_Frame0015_ForcepToReference-SequenceTransformStatus = OK
Seq_Frame0015_Timestamp = 1.624
Seq_Frame0016_ForcepToReference-SequenceTransform =-0.909109 -0.215212 0.356658 -111.113 -0.413272 0.573321 -0.707467 163.309 -0.0522246 -0.790561 -0.610152 -61.9151 0 0 0 1 
Seq_Frame0016_ForcepToReference-SequenceTransformStatus = OK
Seq_Frame0016_Timestamp = 1.729
Seq_Frame0017_ForcepToReference-SequenceTransform =-0.909109 -0.215212 0.356658 -111.113 -0.413272 0.573321 -0.707467 163.309 -0.0522246 -0.790561 -0.610152 -61.9151 0 0 0 1 
Seq_Frame0017_ForcepToReference-SequenceTransformStatus = OK
Seq_Frame0017_Timestamp = 1.839
Seq_Frame0018_ForcepToReference-SequenceTransform =-0.909109 -0.215212 0.356658 -111.113 -0.413272 0.573321 -0.707467 163.309 -0.0522246 -0.790561 -0.610152 -61.9151 0 0 0 1 
Seq_Frame0018_ForcepToReference-SequenceTransformStatus = OK
Seq_Frame0018_Timestamp = 1.941
Seq_Frame0019_ForcepToReference-SequenceTransform =-0.909109 -0.215212 0.356658 -111.113 -0.413272 0.573321 -0.707467 163.309 -0.0522246 -0.790561 -0.610152 -61.9151 0 0 0 1 
Seq_Frame0019_ForcepToReference-SequenceTransformStatus = OK
Seq_Frame0019_Timestamp = 2.048
Seq_Frame0020_ForcepToReference-SequenceTransform =-0.909109 -0.215212 0.356658 -111.113 -0.413272 0.573321 -0.707467 163.309 -0.0522246 -0.790561 -0.610152 -61.9151 0 0 0 1 
Seq_Frame0020_ForcepToReference-SequenceTransformStatus = OK
Seq_Frame0020_Timestamp = 2.153
Seq_Frame0021_ForcepToReference-SequenceTransform =-0.909109 -0.215212 0.356658 -111.113 -0.413272 0.573321 -0.707467 163.309 -0.0522246 -0.790561 -0.610152 -61.9151 0 0 0 1 
Seq_Frame0021_ForcepToReference-SequenceTransformStatus = OK
Seq_Frame0021_Timestamp = 2.263
Seq_Frame0022_ForcepToReference-SequenceTransform =-0.909109 -0.215212 0.356658 -111.113 -0.413272 0.573321 -0.707467 163.309 -0.0522246 -0.790561 -0.610152 -61.9151 0 0 0 1 
Seq_Frame0022_ForcepToReference-SequenceTransformStatus = OK
Seq_Frame0022_Timestamp = 2.368
Seq_Frame0023_ForcepToReference-SequenceTransform =-0.909109 -0.215212 0.356658 -111.113 -0.413272 0.573321 -0.707467 163.309 -0.0522246 -0.790561 -0.610152 -61.9151 0 0 0 1 
Seq_Frame0023_ForcepToReference-SequenceTransformStatus = OK
Seq_Frame0023_Timestamp = 2.479
Seq_Frame0024_ForcepToReference-SequenceTransform =-0.909109 -0.215212 0.356658 -111.113 -0.413272 0.573321 -0.707467 163.309 -0.0522246 -0.790561 -0.610152 -61.9151 0 0 0 1 
Seq_Frame0024_ForcepToReference-SequenceTransformStatus = OK
Seq_Frame0024_Timestamp = 2.583
Seq_Frame0025_ForcepToReference-SequenceTransform =-0.909109 -0.215212 0.356658 -111.113 -0.413272 0.573321 -0.707467 163.309 -0.0522246 -0.790561 -0.610152 -61.9151 0 0 0 1 
Seq_Frame0025_ForcepToReference-SequenceTransformStatus = OK
Seq_Frame0025_Timestamp = 2.694
Seq_Frame0026_ForcepToReference-SequenceTransform =-0.909109 -0.215212 0.356658 -111.113 -0.413272 0.573321 -0.707467 163.309 -0.0522246 -0.790561 -0.610152 -61.9151 0 0 0 1 
Seq_Frame0026_ForcepToReference-SequenceTransformStatus = OK
Seq_Frame0026_Timestamp = 2.799
Seq_Frame0027_ForcepToReference-SequenceTransform =-0.909109 -0.215212 0.356658 -111.113 -0.413272 0.573321 -0.707467 163.309 -0.0522246 -0.790561 -0.610152 -61.9151 0 0 0 1 
Seq_Frame0027_ForcepToReference-SequenceTransformStatus = OK
Seq_Frame0027_Timestamp = 2.908
Seq_Frame0028_ForcepToReference-SequenceTransform =-0.909109 -0.215212 0.356658 -111.113 -0.413272 0.573321 -0.707467 163.309 -0.0522246 -0.790561 -0.610152 -61.9151 0 0 0 1 
Seq_Frame0028_ForcepToReference-SequenceTransformStatus = OK
Seq_Frame0028_Timestamp = 3.013
Seq_Frame0029_ForcepToReference-SequenceTransform =-0.909109 -0.215212 0.356658 -111.113 -0.413272 0.573321 -0.707467 163.309 -0.0522246 -0.790561 -0.610152 -61.9151 0 0 0 1 
Seq_Frame0029_ForcepToReference-SequenceTransformStatus = OK
Seq_Frame0029_Timestamp = 3.123
Seq_Frame0030_ForcepToReference-SequenceTransform =-0.909109 -0.215212 0.356658 -111.113 -0.413272 0.573321 -0.707467 163.309 -0.0522246 -0.790561 -0.610152 -61.9151 0 0 0 1 
Seq_Frame0030_ForcepToReference-SequenceTransformStatus = OK
Seq_Frame0030_Timestamp = 3.229
Seq_Frame0031_ForcepToReference-SequenceTransform =-0.909109 -0.215212 0.356658 -111.113 -0.413272 0.573321 -0.707467 163.309 -0.0522246 -0.790561 -0.610152 -61.9151 0 0 0 1 
Seq_Frame0031_ForcepToReference-SequenceTransformStatus = OK
Seq_Frame0031_Timestamp = 3.338
Seq_Frame0032_ForcepToReference-SequenceTransform =-0.909109 -0.215212 0.356658 -111.113 -0.413272 0.573321 -0.707467 163.309 -0.0522246 -0.790561 -0.610152 -61.9151 0 0 0 1 
Seq_Frame0032_ForcepToReference-SequenceTransformStatus = OK
Seq_Frame0032_Timestamp = 3.448
Seq_Frame0033_ForcepToReference-SequenceTransform =-0.909109 -0.215212 0.356658 -111.113 -0.413272 0.573321 -0.707467 163.309 -0.0522246 -0.790561 -0.610152 -61.9151 0 0 0 1 
Seq_Frame0033_ForcepToReference-SequenceTransformStatus = OK
Seq_Frame0033_Timestamp = 3.553
Seq_Frame0034_ForcepToReference-SequenceTransform =-0.909109 -0.215212 0.356658 -111.113 -0.413272 0.573321 -0.707467 163.309 -0.0522246 -0.790561 -0.610152 -61.9151 0 0 0 1 
Seq_Frame0034_ForcepToReference-SequenceTransformStatus = OK
Seq_Frame0034_Timestamp = 3.663
Seq_Frame0035_ForcepToReference-SequenceTransform =-0.909109 -0.215212 0.356658 -111.113 -0.413272 0.573321 -0.707467 163.309 -0.0522246 -0.790561 -0.610152 -61.9151 0 0 0 1 
Seq_Frame0035_ForcepToReference-SequenceTransformStatus = OK
Seq_Frame0035_Timestamp = 3.768
Seq_Frame0036_ForcepToReference-SequenceTransform =-0.909109 -0.215212 0.356658 -111.113 -0.413272 0.573321 -0.707467 163.309 -0.0522246 -0.790561 -0.610152 -61.9151 0 0 0 1 
Seq_Frame0036_ForcepToReference-SequenceTransformStatus = OK
Seq_Frame0036_Timestamp = 3.879
Seq_Frame0037_ForcepToReference-SequenceTransform =-0.909109 -0.215212 0.356658 -111.113 -0.413272 0.573321 -0.707467 163.309 -0.0522246 -0.790561 -0.610152 -61.9151 0 0 0 1 
Seq_Frame0037_ForcepToReference-SequenceTransformStatus = OK
Seq_Frame0037_Timestamp = 3.983
Seq_Frame0038_ForcepToReference-SequenceTransform =-0.909109 -0.215212 0.356658 -111.113 -0.413272 0.573321 -0.707467 163.309 -0.0522246 -0.790561 -0.610152 -61.9151 0 0 0 1 
Seq_Frame0038_ForcepToReference-SequenceTransformStatus = OK
Seq_Frame0038_Timestamp = 4.093
Seq_Frame0039_ForcepToReference-SequenceTransform =-0.909109 -0.215212 0.356658 -111.113 -0.413272 0.573321 -0.707467 163.309 -0.0522246 -0.790561 -0.610152 -61.9151 0 0 0 1 
Seq_Frame0039_ForcepToReference-SequenceTransformStatus = OK
Seq_Frame0039_Timestamp = 4.199
Seq_Frame0040_ForcepToReference-SequenceTransform =-0.909109 -0.215212 0.356658 -111.113 -0.413272 0.573321 -0.707467 163.309 -0.0522246 -0.790561 -0.610152 -61.9151 0 0 0 1 
Seq_Frame0040_ForcepToReference-SequenceTransformStatus = OK
Seq_Frame0040_Timestamp = 4.308
Seq_Frame0041_ForcepToReference-SequenceTransform =-0.909109 -0.215212 0.356658 -111.113 -0.413272 0.573321 -0.707467 163.309 -0.0522246 -0.790561 -0.610152 -61.9151 0 0 0 1 
Seq_Frame0041_ForcepToReference-SequenceTransformStatus = OK
Seq_Frame0041_Timestamp = 4.414
Seq_Frame0042_ForcepToReference-SequenceTransform =-0.909109 -0.215212 0.356658 -111.113 -0.413272 0.573321 -0.707467 163.309 -0.0522246 -0.790561 -0.610152 -61.9151 0 0 0 1 
Seq_Frame0042_ForcepToReference-SequenceTransformStatus = OK
Seq_Frame0042_Timestamp = 4.523
Seq_Frame0043_ForcepToReference-SequenceTransform =-0.909109 -0.215212 0.356658 -111.113 -0.413272 0.573321 -0.707467 163.309 -0.0522246 -0.790561 -0.610152 -61.9151 0 0 0 1 
Seq_Frame0043_ForcepToReference-SequenceTransformStatus = OK
Seq_Frame0043_Timestamp = 4.629
Seq_Frame0044_ForcepToReference-SequenceTransform =-0.909109 -0.215212 0.356658 -111.113 -0.413272 0.573321 -0.707467 163.309 -0.0522246 -0.790561 -0.610152 -61.9151 0 0 0 1 
Seq_Frame0044_ForcepToReference-SequenceTransformStatus = OK
Seq_Frame0044_Timestamp = 4.738
Seq_Frame0045_ForcepToReference-SequenceTransform =-0.909109 -0.215212 0.356658 -111.113 -0.413272 0.573321 -0.707467 163.309 -0.0522246 -0.790561 -0.610152 -61.9151 0 0 0 1 
Seq_Frame0045_ForcepToReference-SequenceTransformStatus = OK
Seq_Frame0045_Timestamp = 4.844
Seq_Frame0046_ForcepToReference-SequenceTransform =-0.909109 -0.215212 0.356658 -111.113 -0.413272 0.573321 -0.707467 163.309 -0.0522246 -0.790561 -0.610152 -61.9151 0 0 0 1 
Seq_Frame0046_ForcepToReference-SequenceTransformStatus = OK
Seq_Frame0046_Timestamp = 4.953
Seq_Frame0047_ForcepToReference-SequenceTransform =-0.909109 -0.215212 0.356658 -111.113 -0.413272 0.573321 -0.707467 163.309 -0.0522246 -0.790561 -0.610152 -61.9151 0 0 0 1 
Seq_Frame0047_ForcepToReference-SequenceTransformStatus = OK
Seq_Frame0047_Timestamp = 5.066
Seq_Frame0048_ForcepToReference-SequenceTransform =-0.909109 -0.215212 0.356658 -111.113 -0.413272 0.573321 -0.707467 163.309 -0.0522246 -0.790561 -0.610152 -61.9151 0 0 0 1 
Seq_Frame0048_ForcepToReference-SequenceTransformStatus = OK
Seq_Frame0048_Timestamp = 5.168
Seq_Frame0049_ForcepToReference-SequenceTransform =-0.909109 -0.215212 0.356658 -111.113 -0.413272 0.573321 -0.707467 163.309 -0.0522246 -0.790561 -0.610152 -61.9151 0 0 0 1 
Seq_Frame0049_ForcepToReference-SequenceTransformStatus = OK
Seq_Frame0049_Timestamp = 5.279
Seq_Frame0050_ForcepToReference-SequenceTransform =-0.909109 -0.215212 0.356658 -111.113 -0.413272 0.573321 -0.707467 163.309 -0.0522246 -0.790561 -0.610152 -61.9151 0 0 0 1 
Seq_Frame0050_ForcepToReference-SequenceTransformStatus = OK
Seq_Frame0050_Timestamp = 5.383
Seq_Frame0051_ForcepToReference-SequenceTransform =-0.909109 -0.215212 0.356658 -111.113 -0.413272 0.573321 -0.707467 163.309 -0.0522246 -0.790561 -0.610152 -61.9151 0 0 0 1 
Seq_Frame0051_ForcepToReference-SequenceTransformStatus = OK
Seq_Frame0051_Timestamp = 5.493
Seq_Frame0052_ForcepToReference-SequenceTransform =-0.909109 -0.215212 0.356658 -111.113 -0.413272 0.573321 -0.707467 163.309 -0.0522246 -0.790561 -0.610152 -61.9151 0 0 0 1 
Seq_Frame0052_ForcepToReference-SequenceTransformStatus = OK
Seq_Frame0052_Timestamp = 5.598
Seq_Frame0053_ForcepToReference-SequenceTransform =-0.909109 -0.215212 0.356658 -111.113 -0.413272 0.573321 -0.707467 163.309 -0.0522246 -0.790561 -0.610152 -61.9151 0 0 0 1 
Seq_Frame0053_ForcepToReference-SequenceTransformStatus = OK
Seq_Frame0053_Timestamp = 5.708
Seq_Frame0054_ForcepToReference-SequenceTransform =-0.909109 -0.215212 0.356658 -111.113 -0.413272 0.573321 -0.707467 163.309 -0.0522246 -0.790561 -0.610152 -61.9151 0 0 0 1 
Seq_Frame0054_ForcepToReference-SequenceTransformStatus = OK
Seq_Frame0054_Timestamp = 5.814
Seq_Frame0055_ForcepToReference-SequenceTransform =-0.909109 -0.215212 0.356658 -111.113 -0.413272 0.573321 -0.707467 163.309 -0.0522246 -0.790561 -0.610152 -61.9151 0 0 0 1 
Seq_Frame0055_ForcepToReference-SequenceTransformStatus = OK
Seq_Frame0055_Timestamp = 5.923
Seq_Frame0056_ForcepToReference-SequenceTransform =0.232395 0.121425 -0.965012 124.676 0.420892 -0.907021 -0.0127691 24.5442 -0.876837 -0.403198 -0.261894 -56.1117 0 0 0 1 
Seq_Frame0056_ForcepToReference-SequenceTransformStatus = OK
Seq_Frame0056_Timestamp = 6.034
Seq_Frame0057_ForcepToReference-SequenceTransform =-0.150949 0.446363 -0.882029 111.532 0.407657 -0.784744 -0.466897 102.886 -0.900572 -0.430043 -0.0635071 -98.3882 0 0 0 1 
Seq_Frame0057_ForcepToReference-SequenceTransformStatus = OK
Seq_Frame0057_Timestamp = 6.138
Seq_Frame0058_ForcepToReference-SequenceTransform =-0.435417 0.696709 -0.570096 67.7288 0.206167 -0.539274 -0.816504 197.205 -0.876303 -0.473054 0.0911702 -125.482 0 0 0 1 
Seq_Frame0058_ForcepToReference-SequenceTransformStatus = OK
Seq_Frame0058_Timestamp = 6.249
Seq_Frame0059_ForcepToReference-SequenceTransform =-0.381586 0.850563 -0.36185 12.0375 0.201023 -0.305737 -0.930653 257.39 -0.902209 -0.427864 -0.0543177 -126.689 0 0 0 1 
Seq_Frame0059_ForcepToReference-SequenceTransformStatus = OK
Seq_Frame0059_Timestamp = 6.353
Seq_Frame0060_ForcepToReference-SequenceTransform =-0.510284 0.824065 -0.246022 -48.3225 0.0535611 -0.255062 -0.96544 284.625 -0.858337 -0.505826 0.0860163 -120.145 0 0 0 1 
Seq_Frame0060_ForcepToReference-SequenceTransformStatus = OK
Seq_Frame0060_Timestamp = 6.464
Seq_Frame0061_ForcepToReference-SequenceTransform =-0.546286 0.83599 0.051891 -112.144 -0.36232 -0.179997 -0.914509 263.603 -0.75518 -0.518384 0.401225 -107.923 0 0 0 1 
Seq_Frame0061_ForcepToReference-SequenceTransformStatus = OK
Seq_Frame0061_Timestamp = 6.568
Seq_Frame0062_ForcepToReference-SequenceTransform =-0.710815 0.660283 0.242423 -179.918 -0.50162 -0.234259 -0.832767 241.279 -0.493072 -0.713547 0.497726 -86.7895 0 0 0 1 
Seq_Frame0062_ForcepToReference-SequenceTransformStatus = OK
Seq_Frame0062_Timestamp = 6.674
Seq_Frame0063_ForcepToReference-SequenceTransform =-0.867558 0.397281 0.299183 -230.63 -0.460547 -0.414691 -0.784811 224.256 -0.187722 -0.818657 0.542735 -62.0074 0 0 0 1 
Seq_Frame0063_ForcepToReference-SequenceTransformStatus = OK
Seq_Frame0063_Timestamp = 6.783
Seq_Frame0064_ForcepToReference-SequenceTransform =-0.992837 0.115128 0.0319523 -256.057 -0.0949731 -0.598189 -0.795707 228.727 -0.0724944 -0.793042 0.604838 -46.1356 0 0 0 1 
Seq_Frame0064_ForcepToReference-SequenceTransformStatus = OK
Seq_Frame0064_Timestamp = 6.895
Seq_Frame0065_ForcepToReference-SequenceTransform =-0.98952 -0.142433 0.023732 -272.918 0.099585 -0.792168 -0.602123 219.169 0.104562 -0.59345 0.79805 -30.5707 0 0 0 1 
Seq_Frame0065_ForcepToReference-SequenceTransformStatus = OK
Seq_Frame0065_Timestamp = 6.999
Seq_Frame0066_ForcepToReference-SequenceTransform =-0.978899 -0.199953 -0.0421346 -271.961 0.189421 -0.810562 -0.554175 215.97 0.0766561 -0.550462 0.831333 -27.1954 0 0 0 1 
Seq_Frame0066_ForcepToReference-SequenceTransformStatus = OK
Seq_Frame0066_Timestamp = 7.108
Seq_Frame0067_ForcepToReference-SequenceTransform =-0.912476 -0.397691 -0.0960751 -269.204 0.394488 -0.792952 -0.464335 230.858 0.108479 -0.461594 0.880433 -13.5355 0 0 0 1 
Seq_Frame0067_ForcepToReference-SequenceTransformStatus = OK
Seq_Frame0067_Timestamp = 7.218
Seq_Frame0068_ForcepToReference-SequenceTransform =-0.539312 -0.835914 -0.10193 -262.883 0.839653 -0.524555 -0.140803 255.229 0.0642318 -0.161522 0.984777 -1.86737 0 0 0 1 
Seq_Frame0068_ForcepToReference-SequenceTransformStatus = OK
Seq_Frame0068_Timestamp = 7.323
Seq_Frame0069_ForcepToReference-SequenceTransform =-0.485393 -0.847659 0.214166 -266.889 0.846205 -0.517079 -0.128708 245.377 0.219841 0.118755 0.96828 15.0722 0 0 0 1 
Seq_Frame0069_ForcepToReference-SequenceTransformStatus = OK
Seq_Frame0069_Timestamp = 7.434
Seq_Frame0070_ForcepToReference-SequenceTransform =-0.529729 -0.82552 0.194688 -263.936 0.840595 -0.541585 -0.00925589 227.906 0.113081 0.158751 0.980821 21.9974 0 0 0 1 
Seq_Frame0070_ForcepToReference-SequenceTransformStatus = OK
Seq_Frame0070_Timestamp = 7.544
Seq_Frame0071_ForcepToReference-SequenceTransform =-0.600653 -0.79908 0.0262271 -257.353 0.687916 -0.49982 0.526262 195.085 -0.407416 0.334143 0.849918 12.6247 0 0 0 1 
Seq_Frame0071_ForcepToReference-SequenceTransformStatus = OK
Seq_Frame0071_Timestamp = 7.654
Seq_Frame0072_ForcepToReference-SequenceTransform =-0.760565 -0.614867 0.208518 -264.627 0.645453 -0.681306 0.345272 192.2 -0.0702317 0.39719 0.915045 24.1758 0 0 0 1 
Seq_Frame0072_ForcepToReference-SequenceTransformStatus = OK
Seq_Frame0072_Timestamp = 7.759
Seq_Frame0073_ForcepToReference-SequenceTransform =-0.783206 -0.553753 0.282747 -266.752 0.615625 -0.754389 0.227822 191.04 0.0871444 0.352498 0.931746 28.2858 0 0 0 1 
Seq_Frame0073_ForcepToReference-SequenceTransformStatus = OK
Seq_Frame0073_Timestamp = 7.868
Seq_Frame0074_ForcepToReference-SequenceTransform =-0.705623 -0.650156 0.281768 -261.085 0.702951 -0.692341 0.16286 199.023 0.0891955 0.312987 0.94556 30.3803 0 0 0 1 
Seq_Frame0074_ForcepToReference-SequenceTransformStatus = OK
Seq_Frame0074_Timestamp = 7.974
Seq_Frame0075_ForcepToReference-SequenceTransform =-0.546879 -0.771803 0.324413 -253.957 0.820752 -0.5707 0.0258442 210.957 0.165196 0.280396 0.945563 34.6929 0 0 0 1 
Seq_Frame0075_ForcepToReference-SequenceTransformStatus = OK
Seq_Frame0075_Timestamp = 8.085
Seq_Frame0076_ForcepToReference-SequenceTransform =-0.393789 -0.851179 0.347021 -249.585 0.83038 -0.491318 -0.262822 225.481 0.394207 0.184663 0.900278 46.2569 0 0 0 1 
Seq_Frame0076_ForcepToReference-SequenceTransformStatus = OK
Seq_Frame0076_Timestamp = 8.189
Seq_Frame0077_ForcepToReference-SequenceTransform =-0.332458 -0.878589 0.342859 -246.516 0.839948 -0.441159 -0.316018 233.9 0.428905 0.182921 0.884636 52.7265 0 0 0 1 
Seq_Frame0077_ForcepToReference-SequenceTransformStatus = OK
Seq_Frame0077_Timestamp = 8.299
Seq_Frame0078_ForcepToReference-SequenceTransform =-0.312671 -0.897047 0.312321 -241.177 0.839726 -0.414729 -0.350515 238.354 0.443957 0.152668 0.882946 54.8892 0 0 0 1 
Seq_Frame0078_ForcepToReference-SequenceTransformStatus = OK
Seq_Frame0078_Timestamp = 8.407
Seq_Frame0079_ForcepToReference-SequenceTransform =-0.330123 -0.924357 0.191268 -226.753 0.864264 -0.377465 -0.332516 236.818 0.37956 0.0555351 0.923499 59.0985 0 0 0 1 
Seq_Frame0079_ForcepToReference-SequenceTransformStatus = OK
Seq_Frame0079_Timestamp = 8.514
Seq_Frame0080_ForcepToReference-SequenceTransform =-0.275667 -0.952673 0.128146 -209.319 0.857021 -0.303957 -0.416084 235.78 0.435343 -0.00487646 0.900252 68.712 0 0 0 1 
Seq_Frame0080_ForcepToReference-SequenceTransformStatus = OK
Seq_Frame0080_Timestamp = 8.622
Seq_Frame0081_ForcepToReference-SequenceTransform =-0.240552 -0.966812 0.0860712 -201.929 0.901901 -0.255413 -0.348337 233.403 0.358761 -0.00616568 0.933409 67.6518 0 0 0 1 
Seq_Frame0081_ForcepToReference-SequenceTransformStatus = OK
Seq_Frame0081_Timestamp = 8.739
Seq_Frame0000_ForcepToReference-SequenceTransform =0.421318 0.880517 -0.217212 109.367 0.905849 -0.396979 0.147802 32.8842 0.0439139 -0.259033 -0.96487 49.0895 0 0 0 1 
Seq_Frame0000_ForcepToReference-SequenceTransformStatus = OK
Seq_Frame0000_Timestamp = 0.00200009
Seq_Frame0001_ForcepToReference-SequenceTransform =0.422803 0.880325 -0.215095 109.388 0.90503 -0.398016 0.150012 32.9161 0.0464474 -0.258093 -0.965003 49.1402 0 0 0 1 
Seq_Frame0001_ForcepToReference-SequenceTransformStatus = OK
Seq_Frame0001_Timestamp = 0.116
Seq_Frame0002_ForcepToReference-SequenceTransform =0.42078 0.880577 -0.21801 109.371 0.906108 -0.396391 0.147792 32.9484 0.0437251 -0.259729 -0.964691 49.0697 0 0 0 1 
Seq_Frame0002_ForcepToReference-SequenceTransformStatus = OK
Seq_Frame0002_Timestamp = 0.222
Seq_Frame0003_ForcepToReference-SequenceTransform =0.423223 0.880286 -0.214428 109.393 0.904815 -0.398421 0.150234 32.8749 0.0468167 -0.2576 -0.965117 49.1523 0 0 0 1 
Seq_Frame0003_ForcepToReference-SequenceTransformStatus = OK
Seq_Frame0003_Timestamp = 0.331
Seq_Frame0004_ForcepToReference-SequenceTransform =0.420592 0.880593 -0.218309 109.393 0.906238 -0.396417 0.146925 32.94 0.0428398 -0.259635 -0.964756 49.0019 0 0 0 1 
Seq_Frame0004_ForcepToReference-SequenceTransformStatus = OK
Seq_Frame0004_Timestamp = 0.437
Seq_Frame0005_ForcepToReference-SequenceTransform =0.421477 0.880543 -0.216798 109.376 0.90578 -0.397224 0.147569 32.8951 0.043823 -0.258568 -0.964998 49.0862 0 0 0 1 
Seq_Frame0005_ForcepToReference-SequenceTransformStatus = OK
Seq_Frame0005_Timestamp = 0.546
Seq_Frame0006_ForcepToReference-SequenceTransform =0.422556 0.880354 -0.21546 109.393 0.905143 -0.397706 0.150149 32.9677 0.046495 -0.258468 -0.9649 49.0978 0 0 0 1 
Seq_Frame0006_ForcepToReference-SequenceTransformStatus = OK
Seq_Frame0006_Timestamp = 0.657
Seq_Frame0007_ForcepToReference-SequenceTransform =0.423227 0.880263 -0.214512 109.373 0.904795 -0.398312 0.150642 32.9113 0.0471614 -0.257845 -0.965035 49.1162 0 0 0 1 
Seq_Frame0007_ForcepToReference-SequenceTransformStatus = OK
Seq_Frame0007_Timestamp = 0.761
Seq_Frame0008_ForcepToReference-SequenceTransform =0.426882 0.879995 -0.20828 109.386 0.90282 -0.401518 0.153944 32.8588 0.0518413 -0.253755 -0.965878 49.2557 0 0 0 1 
Seq_Frame0008_ForcepToReference-SequenceTransformStatus = OK
Seq_Frame0008_Timestamp = 0.872
Seq_Frame0009_ForcepToReference-SequenceTransform =0.422809 0.880327 -0.215075 109.371 0.905019 -0.397977 0.150182 32.891 0.0466144 -0.258145 -0.964981 49.1635 0 0 0 1 
Seq_Frame0009_ForcepToReference-SequenceTransformStatus = OK
Seq_Frame0009_Timestamp = 0.982
Seq_Frame0010_ForcepToReference-SequenceTransform =0.42018 0.880721 -0.218587 109.365 0.906451 -0.396114 0.146424 32.9618 0.0423735 -0.259663 -0.964769 48.979 0 0 0 1 
Seq_Frame0010_ForcepToReference-SequenceTransformStatus = OK
Seq_Frame0010_Timestamp = 1.086
Seq_Frame0011_ForcepToReference-SequenceTransform =0.42193 0.880419 -0.216421 109.373 0.905502 -0.397326 0.148993 32.9132 0.0451866 -0.258834 -0.964864 49.1286 0 0 0 1 
Seq_Frame0011_ForcepToReference-SequenceTransformStatus = OK
Seq_Frame0011_Timestamp = 1.192
Seq_Frame0012_ForcepToReference-SequenceTransform =0.423442 0.880301 -0.213932 109.375 0.9047 -0.39864 0.150348 32.8856 0.0470702 -0.257208 -0.965209 49.1368 0 0 0 1 
Seq_Frame0012_ForcepToReference-SequenceTransformStatus = OK
Seq_Frame0012_Timestamp = 1.301
Seq_Frame0013_ForcepToReference-SequenceTransform =0.426327 0.879998 -0.2094 109.392 0.903134 -0.401055 0.153308 32.8704 0.0509298 -0.254476 -0.965737 49.238 0 0 0 1 
Seq_Frame0013_ForcepToReference-SequenceTransformStatus = OK
Seq_Frame0013_Timestamp = 1.412
Seq_Frame0014_ForcepToReference-SequenceTransform =0.421088 0.880621 -0.217234 109.353 0.905965 -0.396812 0.147537 32.9127 0.0437235 -0.258933 -0.964905 49.0798 0 0 0 1 
Seq_Frame0014_ForcepToReference-SequenceTransformStatus = OK
Seq_Frame0014_Timestamp = 1.522
Seq_Frame0015_ForcepToReference-SequenceTransform =0.421572 0.880519 -0.216712 109.371 0.905717 -0.397223 0.147952 32.8969 0.0441922 -0.258652 -0.964959 49.0891 0 0 0 1 
Seq_Frame0015_ForcepToReference-SequenceTransformStatus = OK
Seq_Frame0015_Timestamp = 1.627
Seq_Frame0016_ForcepToReference-SequenceTransform =0.420516 0.880749 -0.217826 109.369 0.906303 -0.396609 0.145999 32.9244 0.0421963 -0.258812 -0.965006 49.0652 0 0 0 1 
Seq_Frame0016_ForcepToReference-SequenceTransformStatus = OK
Seq_Frame0016_Timestamp = 1.732
Seq_Frame0017_ForcepToReference-SequenceTransform =0.422514 0.880431 -0.215226 109.38 0.905197 -0.3979 0.149311 32.8967 0.0458197 -0.257908 -0.965082 49.1132 0 0 0 1 
Seq_Frame0017_ForcepToReference-SequenceTransformStatus = OK
Seq_Frame0017_Timestamp = 1.842
Seq_Frame0018_ForcepToReference-SequenceTransform =0.423065 0.88034 -0.214518 109.388 0.904915 -0.398398 0.149695 32.9688 0.0463192 -0.257451 -0.96518 49.0412 0 0 0 1 
Seq_Frame0018_ForcepToReference-SequenceTransformStatus = OK
Seq_Frame0018_Timestamp = 1.947
Seq_Frame0019_ForcepToReference-SequenceTransform =0.422507 0.880382 -0.215441 109.36 0.905188 -0.397782 0.149684 32.8601 0.0460802 -0.258257 -0.964977 49.1667 0 0 0 1 
Seq_Frame0019_ForcepToReference-SequenceTransformStatus = OK
Seq_Frame0019_Timestamp = 2.057
Seq_Frame0020_ForcepToReference-SequenceTransform =0.421797 0.880642 -0.215772 109.36 0.905566 -0.397326 0.148598 32.8979 0.0451295 -0.258074 -0.965071 49.1743 0 0 0 1 
Seq_Frame0020_ForcepToReference-SequenceTransformStatus = OK
Seq_Frame0020_Timestamp = 2.167
Seq_Frame0021_ForcepToReference-SequenceTransform =0.421021 0.880597 -0.217465 109.393 0.906026 -0.396887 0.146962 32.9207 0.0431051 -0.258903 -0.964941 49.0353 0 0 0 1 
Seq_Frame0021_ForcepToReference-SequenceTransformStatus = OK
Seq_Frame0021_Timestamp = 2.277
Seq_Frame0022_ForcepToReference-SequenceTransform =0.421514 0.880479 -0.216986 109.37 0.905727 -0.397022 0.14843 32.9216 0.0445414 -0.259095 -0.964824 49.0522 0 0 0 1 
Seq_Frame0022_ForcepToReference-SequenceTransformStatus = OK
Seq_Frame0022_Timestamp = 2.386
Seq_Frame0023_ForcepToReference-SequenceTransform =0.421434 0.880419 -0.217385 109.369 0.905744 -0.396759 0.149031 32.8629 0.0449607 -0.259702 -0.964642 49.1292 0 0 0 1 
Seq_Frame0023_ForcepToReference-SequenceTransformStatus = OK
Seq_Frame0023_Timestamp = 2.492
Seq_Frame0024_ForcepToReference-SequenceTransform =0.422935 0.880374 -0.214634 109.376 0.904962 -0.398178 0.149995 32.9079 0.0465889 -0.257674 -0.965108 49.1263 0 0 0 1 
Seq_Frame0024_ForcepToReference-SequenceTransformStatus = OK
Seq_Frame0024_Timestamp = 2.597
Seq_Frame0025_ForcepToReference-SequenceTransform =0.422935 0.880351 -0.214726 109.378 0.904971 -0.398214 0.149846 32.9027 0.0464104 -0.257696 -0.965111 49.1188 0 0 0 1 
Seq_Frame0025_ForcepToReference-SequenceTransformStatus = OK
Seq_Frame0025_Timestamp = 2.707
Seq_Frame0026_ForcepToReference-SequenceTransform =0.426043 0.880043 -0.209789 109.399 0.903279 -0.400774 0.15319 32.875 0.0507357 -0.254764 -0.965671 49.2265 0 0 0 1 
Seq_Frame0026_ForcepToReference-SequenceTransformStatus = OK
Seq_Frame0026_Timestamp = 2.812
Seq_Frame0027_ForcepToReference-SequenceTransform =0.421483 0.880534 -0.216824 109.345 0.905752 -0.397081 0.14812 32.8898 0.0443279 -0.258819 -0.964908 49.0973 0 0 0 1 
Seq_Frame0027_ForcepToReference-SequenceTransformStatus = OK
Seq_Frame0027_Timestamp = 2.922
Seq_Frame0028_ForcepToReference-SequenceTransform =0.423445 0.8803 -0.213932 109.38 0.904683 -0.398558 0.150668 32.9046 0.0473691 -0.25734 -0.965159 49.1253 0 0 0 1 
Seq_Frame0028_ForcepToReference-SequenceTransformStatus = OK
Seq_Frame0028_Timestamp = 3.027
Seq_Frame0029_ForcepToReference-SequenceTransform =0.422999 0.880474 -0.214098 109.376 0.90498 -0.398596 0.148771 32.9187 0.0456507 -0.256684 -0.965417 49.1499 0 0 0 1 
Seq_Frame0029_ForcepToReference-SequenceTransformStatus = OK
Seq_Frame0029_Timestamp = 3.136
Seq_Frame0030_ForcepToReference-SequenceTransform =0.422585 0.880412 -0.215167 109.38 0.905169 -0.398 0.149217 32.892 0.0457358 -0.257819 -0.96511 49.1562 0 0 0 1 
Seq_Frame0030_ForcepToReference-SequenceTransformStatus = OK
Seq_Frame0030_Timestamp = 3.242
Seq_Frame0031_ForcepToReference-SequenceTransform =0.42413 0.879479 -0.215938 109.507 0.904147 -0.397726 0.155989 32.3899 0.0513049 -0.2614 -0.963866 49.5083 0 0 0 1 
Seq_Frame0031_ForcepToReference-SequenceTransformStatus = OK
Seq_Frame0031_Timestamp = 3.351
Seq_Frame0032_ForcepToReference-SequenceTransform =0.420779 0.880561 -0.218079 109.372 0.906112 -0.396397 0.14775 32.8545 0.0436571 -0.259774 -0.964682 49.1031 0 0 0 1 
Seq_Frame0032_ForcepToReference-SequenceTransformStatus = OK
Seq_Frame0032_Timestamp = 3.457
Seq_Frame0033_ForcepToReference-SequenceTransform =0.421309 0.881359 -0.213786 109.226 0.905964 -0.398204 0.143743 33.4092 0.0415589 -0.254242 -0.966247 48.7985 0 0 0 1 
Seq_Frame0033_ForcepToReference-SequenceTransformStatus = OK
Seq_Frame0033_Timestamp = 3.566
Seq_Frame0034_ForcepToReference-SequenceTransform =0.42254 0.880289 -0.215756 109.4 0.905174 -0.397768 0.149804 32.9184 0.0460496 -0.258595 -0.964888 49.0835 0 0 0 1 
Seq_Frame0034_ForcepToReference-SequenceTransformStatus = OK
Seq_Frame0034_Timestamp = 3.677
Seq_Frame0035_ForcepToReference-SequenceTransform =0.420491 0.880589 -0.218518 109.386 0.90628 -0.396255 0.147103 32.8378 0.0429488 -0.259894 -0.964682 49.0742 0 0 0 1 
Seq_Frame0035_ForcepToReference-SequenceTransformStatus = OK
Seq_Frame0035_Timestamp = 3.781
Seq_Frame0036_ForcepToReference-SequenceTransform =0.423057 0.88022 -0.215027 109.401 0.904874 -0.398054 0.150853 32.8095 0.0471908 -0.258392 -0.964887 49.1996 0 0 0 1 
Seq_Frame0036_ForcepToReference-SequenceTransformStatus = OK
Seq_Frame0036_Timestamp = 3.892
Seq_Frame0037_ForcepToReference-SequenceTransform =0.423755 0.880185 -0.213789 109.4 0.904521 -0.398783 0.151044 32.8331 0.0476916 -0.257382 -0.965132 49.2005 0 0 0 1 
Seq_Frame0037_ForcepToReference-SequenceTransformStatus = OK
Seq_Frame0037_Timestamp = 3.997
Seq_Frame0038_ForcepToReference-SequenceTransform =0.421661 0.880515 -0.216554 109.379 0.905661 -0.397249 0.148224 32.8522 0.0444877 -0.258625 -0.964953 49.097 0 0 0 1 
Seq_Frame0038_ForcepToReference-SequenceTransformStatus = OK
Seq_Frame0038_Timestamp = 4.102
Seq_Frame0039_ForcepToReference-SequenceTransform =0.420927 0.880567 -0.217765 109.353 0.906034 -0.396537 0.147852 32.9163 0.0438417 -0.259538 -0.964737 49.0549 0 0 0 1 
Seq_Frame0039_ForcepToReference-SequenceTransformStatus = OK
Seq_Frame0039_Timestamp = 4.211
Seq_Frame0040_ForcepToReference-SequenceTransform =0.420762 0.880677 -0.217641 109.362 0.90614 -0.396575 0.1471 32.8667 0.0432365 -0.259107 -0.96488 49.1075 0 0 0 1 
Seq_Frame0040_ForcepToReference-SequenceTransformStatus = OK
Seq_Frame0040_Timestamp = 4.316
Seq_Frame0041_ForcepToReference-SequenceTransform =0.425154 0.880172 -0.211049 109.396 0.903743 -0.399946 0.152615 32.8308 0.0499198 -0.255619 -0.965488 49.2327 0 0 0 1 
Seq_Frame0041_ForcepToReference-SequenceTransformStatus = OK
Seq_Frame0041_Timestamp = 4.421
Seq_Frame0042_ForcepToReference-SequenceTransform =0.423164 0.880436 -0.213927 109.368 0.904847 -0.398474 0.149902 32.8452 0.0467345 -0.257004 -0.96528 49.176 0 0 0 1 
Seq_Frame0042_ForcepToReference-SequenceTransformStatus = OK
Seq_Frame0042_Timestamp = 4.526
Seq_Frame0043_ForcepToReference-SequenceTransform =0.420681 0.880701 -0.217701 109.371 0.906201 -0.396631 0.146571 32.8878 0.0427383 -0.258941 -0.964947 49.0498 0 0 0 1 
Seq_Frame0043_ForcepToReference-SequenceTransformStatus = OK
Seq_Frame0043_Timestamp = 4.636
Seq_Frame0044_ForcepToReference-SequenceTransform =0.422355 0.880335 -0.215934 109.381 0.905262 -0.397571 0.149797 32.8153 0.046022 -0.258744 -0.964849 49.1624 0 0 0 1 
Seq_Frame0044_ForcepToReference-SequenceTransformStatus = OK
Seq_Frame0044_Timestamp = 4.741
Seq_Frame0045_ForcepToReference-SequenceTransform =0.423525 0.880243 -0.214006 109.386 0.904645 -0.398622 0.150724 32.826 0.0473664 -0.257434 -0.965134 49.1652 0 0 0 1 
Seq_Frame0045_ForcepToReference-SequenceTransformStatus = OK
Seq_Frame0045_Timestamp = 4.846
Seq_Frame0046_ForcepToReference-SequenceTransform =0.426583 0.879909 -0.209253 109.401 0.902959 -0.401053 0.154341 32.812 0.0518849 -0.254786 -0.965604 49.2462 0 0 0 1 
Seq_Frame0046_ForcepToReference-SequenceTransformStatus = OK
Seq_Frame0046_Timestamp = 4.951
Seq_Frame0047_ForcepToReference-SequenceTransform =0.422785 0.880299 -0.215235 109.39 0.905043 -0.397997 0.149984 32.911 0.0463683 -0.258208 -0.964976 49.131 0 0 0 1 
Seq_Frame0047_ForcepToReference-SequenceTransformStatus = OK
Seq_Frame0047_Timestamp = 5.062
Seq_Frame0048_ForcepToReference-SequenceTransform =0.422818 0.880455 -0.214533 109.381 0.90504 -0.398217 0.149418 32.9071 0.0461254 -0.257338 -0.96522 49.1345 0 0 0 1 
Seq_Frame0048_ForcepToReference-SequenceTransformStatus = OK
Seq_Frame0048_Timestamp = 5.167
Seq_Frame0049_ForcepToReference-SequenceTransform =0.420608 0.880549 -0.218456 109.405 0.906217 -0.396323 0.147307 32.8995 0.0431324 -0.259927 -0.964664 49.0724 0 0 0 1 
Seq_Frame0049_ForcepToReference-SequenceTransformStatus = OK
Seq_Frame0049_Timestamp = 5.276
Seq_Frame0050_ForcepToReference-SequenceTransform =0.423026 0.88024 -0.215003 109.397 0.90488 -0.39799 0.150983 32.8559 0.0473323 -0.258422 -0.964872 49.1733 0 0 0 1 
Seq_Frame0050_ForcepToReference-SequenceTransformStatus = OK
Seq_Frame0050_Timestamp = 5.387
Seq_Frame0051_ForcepToReference-SequenceTransform =0.42309 0.880281 -0.214711 109.392 0.904881 -0.398264 0.150254 32.9127 0.0467543 -0.257859 -0.965051 49.1278 0 0 0 1 
Seq_Frame0051_ForcepToReference-SequenceTransformStatus = OK
Seq_Frame0051_Timestamp = 5.497
Seq_Frame0052_ForcepToReference-SequenceTransform =0.422444 0.880442 -0.215323 109.401 0.90524 -0.39787 0.149133 32.9148 0.0456323 -0.257919 -0.965088 49.1155 0 0 0 1 
Seq_Frame0052_ForcepToReference-SequenceTransformStatus = OK
Seq_Frame0052_Timestamp = 5.604
Seq_Frame0053_ForcepToReference-SequenceTransform =0.411886 0.879513 -0.238343 109.482 0.910123 -0.384142 0.155277 32.7751 0.0450107 -0.280878 -0.958688 49.7378 0 0 0 1 
Seq_Frame0053_ForcepToReference-SequenceTransformStatus = OK
Seq_Frame0053_Timestamp = 5.712
Seq_Frame0054_ForcepToReference-SequenceTransform =0.43663 0.880826 -0.183032 109.39 0.898583 -0.417132 0.136193 33.2697 0.0436143 -0.223935 -0.973628 48.0909 0 0 0 1 
Seq_Frame0054_ForcepToReference-SequenceTransformStatus = OK
Seq_Frame0054_Timestamp = 5.822
Seq_Frame0055_ForcepToReference-SequenceTransform =0.467406 0.877028 -0.111147 109.406 0.882615 -0.455804 0.115038 33.7784 0.0502306 -0.15187 -0.987123 46.5113 0 0 0 1 
Seq_Frame0055_ForcepToReference-SequenceTransformStatus = OK
Seq_Frame0055_Timestamp = 5.927
Seq_Frame0056_ForcepToReference-SequenceTransform =0.484747 0.872816 -0.0566772 109.377 0.872791 -0.478471 0.0964427 34.0137 0.0570583 -0.0962176 -0.993724 45.2062 0 0 0 1 
Seq_Frame0056_ForcepToReference-SequenceTransformStatus = OK
Seq_Frame0056_Timestamp = 6.036
Seq_Frame0057_ForcepToReference-SequenceTransform =0.493867 0.867974 -0.0521177 109.297 0.868016 -0.488572 0.0885746 34.2011 0.0514173 -0.088983 -0.994705 45.0969 0 0 0 1 
Seq_Frame0057_ForcepToReference-SequenceTransformStatus = OK
Seq_Frame0057_Timestamp = 6.141
Seq_Frame0058_ForcepToReference-SequenceTransform =0.492977 0.868839 -0.0457371 109.31 0.868188 -0.487816 0.0910264 33.9664 0.056776 -0.0845823 -0.994798 45.162 0 0 0 1 
Seq_Frame0058_ForcepToReference-SequenceTransformStatus = OK
Seq_Frame0058_Timestamp = 6.251
Seq_Frame0059_ForcepToReference-SequenceTransform =0.422294 0.890138 -0.17124 109.303 0.904549 -0.401558 0.14333 32.8012 0.0588208 -0.215422 -0.974748 50.4486 0 0 0 1 
Seq_Frame0059_ForcepToReference-SequenceTransformStatus = OK
Seq_Frame0059_Timestamp = 6.361
Seq_Frame0060_ForcepToReference-SequenceTransform =0.403316 0.891014 -0.208401 113.191 0.910454 -0.413565 -0.00619662 63.694 -0.0917087 -0.18724 -0.978024 21.8627 0 0 0 1 
Seq_Frame0060_ForcepToReference-SequenceTransformStatus = OK
Seq_Frame0060_Timestamp = 6.466
Seq_Frame0061_ForcepToReference-SequenceTransform =0.0901711 0.869276 -0.486034 95.9007 0.980057 -0.164223 -0.111891 164.559 -0.177082 -0.466251 -0.866748 -46.6359 0 0 0 1 
Seq_Frame0061_ForcepToReference-SequenceTransformStatus = OK
Seq_Frame0061_Timestamp = 6.572
Seq_Frame0062_ForcepToReference-SequenceTransform =-0.335371 -0.238924 -0.911286 -29.9786 0.893261 0.226718 -0.388179 291.937 0.29935 -0.9442 0.137387 -105.319 0 0 0 1 
Seq_Frame0062_ForcepToReference-SequenceTransformStatus = OK
Seq_Frame0062_Timestamp = 6.697
Seq_Frame0063_ForcepToReference-SequenceTransform =-0.428123 -0.690909 -0.582542 -151.451 0.863132 -0.121596 -0.49012 323.564 0.267793 -0.712642 0.648404 -96.5213 0 0 0 1 
Seq_Frame0063_ForcepToReference-SequenceTransformStatus = OK
Seq_Frame0063_Timestamp = 6.806
Seq_Frame0064_ForcepToReference-SequenceTransform =-0.687619 -0.565943 -0.45485 -231.041 0.710282 -0.394377 -0.583067 309.987 0.1506 -0.724 0.67316 -64.8902 0 0 0 1 
Seq_Frame0064_ForcepToReference-SequenceTransformStatus = OK
Seq_Frame0064_Timestamp = 6.912
Seq_Frame0065_ForcepToReference-SequenceTransform =-0.715453 -0.642284 -0.274952 -283.979 0.672738 -0.527111 -0.519209 284.628 0.188549 -0.55644 0.809212 -16.6103 0 0 0 1 
Seq_Frame0065_ForcepToReference-SequenceTransformStatus = OK
Seq_Frame0065_Timestamp = 7.017
Seq_Frame0066_ForcepToReference-SequenceTransform =-0.65958 -0.727621 -0.188474 -319.217 0.694431 -0.493963 -0.523227 272.511 0.287612 -0.475992 0.83109 26.4328 0 0 0 1 
Seq_Frame0066_ForcepToReference-SequenceTransformStatus = OK
Seq_Frame0066_Timestamp = 7.127
Seq_Frame0067_ForcepToReference-SequenceTransform =-0.624194 -0.777542 -0.0762211 -354.115 0.593627 -0.408588 -0.693298 267.064 0.507925 -0.477999 0.716609 56.1789 0 0 0 1 
Seq_Frame0067_ForcepToReference-SequenceTransformStatus = OK
Seq_Frame0067_Timestamp = 7.231
