ObjectType = Image
NDims = 3
AnatomicalOrientation = RAI
BinaryData = True
CompressedData = False
DimSize = 0 0 3040
ElementSpacing = 1 1 1
Offset = 0 0 0
TransformMatrix = 1 0 0 0 1 0 0 0 1
ElementType = MET_UCHAR
Kinds = domain domain list
Seq_Frame0000_ForcepToReference-SequenceTransform =0.615937 -0.20815 -0.759799 52.3849 0.471729 -0.67499 0.567327 -30.7509 -0.630946 -0.707857 -0.317562 -46.6459 0 0 0 1 
Seq_Frame0000_ForcepToReference-SequenceTransformStatus = OK
Seq_Frame0000_Timestamp = 0.00200009
Seq_Frame0001_ForcepToReference-SequenceTransform =0.616758 -0.207784 -0.759234 52.3927 0.47096 -0.675439 0.567432 -30.7564 -0.630719 -0.707537 -0.318724 -46.6844 0 0 0 1 
Seq_Frame0001_ForcepToReference-SequenceTransformStatus = OK
Seq_Frame0001_Timestamp = 0.109
Seq_Frame0002_ForcepToReference-SequenceTransform =0.617018 -0.207756 -0.75903 52.3939 0.472371 -0.673655 0.568379 -30.7521 -0.629409 -0.709243 -0.317519 -46.6419 0 0 0 1 
Seq_Frame0002_ForcepToReference-SequenceTransformStatus = OK
Seq_Frame0002_Timestamp = 0.209
Seq_Frame0003_ForcepToReference-SequenceTransform =0.615351 -0.207905 -0.760341 52.4104 0.471179 -0.676279 0.566249 -30.7388 -0.631929 -0.706698 -0.318188 -46.611 0 0 0 1 
Seq_Frame0003_ForcepToReference-SequenceTransformStatus = OK
Seq_Frame0003_Timestamp = 0.31
Seq_Frame0004_ForcepToReference-SequenceTransform =0.614375 -0.209155 -0.760788 52.3337 0.473535 -0.673521 0.567568 -30.7346 -0.631116 -0.708959 -0.314752 -46.7479 0 0 0 1 
Seq_Frame0004_ForcepToReference-SequenceTransformStatus = OK
Seq_Frame0004_Timestamp = 0.418
Seq_Frame0005_ForcepToReference-SequenceTransform =0.615156 -0.209061 -0.760182 52.3255 0.473253 -0.673253 0.568122 -30.7194 -0.630567 -0.709242 -0.315216 -46.7986 0 0 0 1 
Seq_Frame0005_ForcepToReference-SequenceTransformStatus = OK
Seq_Frame0005_Timestamp = 0.524
Seq_Frame0006_ForcepToReference-SequenceTransform =0.615491 -0.207964 -0.760211 52.402 0.471341 -0.675936 0.566522 -30.7729 -0.631671 -0.707009 -0.318011 -46.6197 0 0 0 1 
Seq_Frame0006_ForcepToReference-SequenceTransformStatus = OK
Seq_Frame0006_Timestamp = 0.626
Seq_Frame0007_ForcepToReference-SequenceTransform =0.615995 -0.207889 -0.759823 52.394 0.471555 -0.675331 0.567066 -30.7683 -0.631019 -0.707608 -0.31797 -46.627 0 0 0 1 
Seq_Frame0007_ForcepToReference-SequenceTransformStatus = OK
Seq_Frame0007_Timestamp = 0.727
Seq_Frame0008_ForcepToReference-SequenceTransform =0.61415 -0.209136 -0.760975 52.3296 0.47341 -0.673865 0.567265 -30.7366 -0.631429 -0.708638 -0.314847 -46.7779 0 0 0 1 
Seq_Frame0008_ForcepToReference-SequenceTransformStatus = OK
Seq_Frame0008_Timestamp = 0.83
Seq_Frame0009_ForcepToReference-SequenceTransform =0.616502 -0.207996 -0.759384 52.3961 0.470663 -0.675828 0.567215 -30.7433 -0.631191 -0.707102 -0.318753 -46.6634 0 0 0 1 
Seq_Frame0009_ForcepToReference-SequenceTransformStatus = OK
Seq_Frame0009_Timestamp = 0.935
Seq_Frame0010_ForcepToReference-SequenceTransform =0.615482 -0.207836 -0.760254 52.3853 0.471612 -0.675736 0.566536 -30.7606 -0.631477 -0.707238 -0.317886 -46.6252 0 0 0 1 
Seq_Frame0010_ForcepToReference-SequenceTransformStatus = OK
Seq_Frame0010_Timestamp = 1.044
Seq_Frame0011_ForcepToReference-SequenceTransform =0.613435 -0.208993 -0.76159 52.3428 0.473597 -0.674358 0.566522 -30.7454 -0.631984 -0.708211 -0.314696 -46.7305 0 0 0 1 
Seq_Frame0011_ForcepToReference-SequenceTransformStatus = OK
Seq_Frame0011_Timestamp = 1.145
Seq_Frame0012_ForcepToReference-SequenceTransform =0.615427 -0.207886 -0.760285 52.3864 0.470743 -0.676717 0.566087 -30.7709 -0.632179 -0.706284 -0.31861 -46.6703 0 0 0 1 
Seq_Frame0012_ForcepToReference-SequenceTransformStatus = OK
Seq_Frame0012_Timestamp = 1.245
Seq_Frame0013_ForcepToReference-SequenceTransform =0.616499 -0.208684 -0.759197 52.3591 0.474175 -0.671361 0.56959 -30.6984 -0.628559 -0.711144 -0.314941 -46.8526 0 0 0 1 
Seq_Frame0013_ForcepToReference-SequenceTransformStatus = OK
Seq_Frame0013_Timestamp = 1.349
Seq_Frame0014_ForcepToReference-SequenceTransform =0.616934 -0.205682 -0.759663 52.4742 0.469094 -0.678946 0.564786 -30.8584 -0.631936 -0.704789 -0.322381 -46.6575 0 0 0 1 
Seq_Frame0014_ForcepToReference-SequenceTransformStatus = OK
Seq_Frame0014_Timestamp = 1.46
Seq_Frame0015_ForcepToReference-SequenceTransform =0.614762 -0.208218 -0.760732 52.3644 0.474313 -0.673021 0.567512 -30.7767 -0.630154 -0.70971 -0.314987 -46.7319 0 0 0 1 
Seq_Frame0015_ForcepToReference-SequenceTransformStatus = OK
Seq_Frame0015_Timestamp = 1.568
Seq_Frame0016_ForcepToReference-SequenceTransform =0.61659 -0.207905 -0.759337 52.4007 0.471535 -0.674843 0.567663 -30.7581 -0.630454 -0.708069 -0.318067 -46.6345 0 0 0 1 
Seq_Frame0016_ForcepToReference-SequenceTransformStatus = OK
Seq_Frame0016_Timestamp = 1.67
Seq_Frame0017_ForcepToReference-SequenceTransform =0.616258 -0.20791 -0.759604 52.4005 0.471705 -0.674928 0.567422 -30.7661 -0.630651 -0.707987 -0.317858 -46.5828 0 0 0 1 
Seq_Frame0017_ForcepToReference-SequenceTransformStatus = OK
Seq_Frame0017_Timestamp = 1.775
Seq_Frame0018_ForcepToReference-SequenceTransform =0.615616 -0.208171 -0.760054 52.384 0.471771 -0.675197 0.567047 -30.7575 -0.631229 -0.707654 -0.317452 -46.6099 0 0 0 1 
Seq_Frame0018_ForcepToReference-SequenceTransformStatus = OK
Seq_Frame0018_Timestamp = 1.88
Seq_Frame0019_ForcepToReference-SequenceTransform =0.613558 -0.209386 -0.761383 52.3316 0.474574 -0.672866 0.567478 -30.7316 -0.63113 -0.709513 -0.313473 -46.7415 0 0 0 1 
Seq_Frame0019_ForcepToReference-SequenceTransformStatus = OK
Seq_Frame0019_Timestamp = 1.981
Seq_Frame0020_ForcepToReference-SequenceTransform =0.616282 -0.208306 -0.759477 52.3822 0.471336 -0.675025 0.567612 -30.7559 -0.630903 -0.707778 -0.317824 -46.6728 0 0 0 1 
Seq_Frame0020_ForcepToReference-SequenceTransformStatus = OK
Seq_Frame0020_Timestamp = 2.087
Seq_Frame0021_ForcepToReference-SequenceTransform =0.616424 -0.208476 -0.759315 52.3947 0.47232 -0.673674 0.568399 -30.7153 -0.630028 -0.709014 -0.316801 -46.625 0 0 0 1 
Seq_Frame0021_ForcepToReference-SequenceTransformStatus = OK
Seq_Frame0021_Timestamp = 2.19
Seq_Frame0022_ForcepToReference-SequenceTransform =0.616588 -0.208022 -0.759307 52.3951 0.470468 -0.675955 0.567226 -30.7264 -0.631252 -0.706974 -0.318917 -46.6748 0 0 0 1 
Seq_Frame0022_ForcepToReference-SequenceTransformStatus = OK
Seq_Frame0022_Timestamp = 2.3
Seq_Frame0023_ForcepToReference-SequenceTransform =0.612557 -0.209757 -0.762086 52.2278 0.475327 -0.672581 0.567185 -30.6882 -0.631536 -0.709674 -0.312291 -46.9501 0 0 0 1 
Seq_Frame0023_ForcepToReference-SequenceTransformStatus = OK
Seq_Frame0023_Timestamp = 2.4
Seq_Frame0024_ForcepToReference-SequenceTransform =0.619597 -0.206367 -0.757306 52.5047 0.468521 -0.676852 0.567767 -30.8194 -0.629752 -0.706601 -0.322688 -46.4858 0 0 0 1 
Seq_Frame0024_ForcepToReference-SequenceTransformStatus = OK
Seq_Frame0024_Timestamp = 2.508
Seq_Frame0025_ForcepToReference-SequenceTransform =0.615753 -0.207901 -0.760017 52.4007 0.471198 -0.675925 0.566655 -30.7677 -0.631523 -0.707038 -0.31824 -46.6108 0 0 0 1 
Seq_Frame0025_ForcepToReference-SequenceTransformStatus = OK
Seq_Frame0025_Timestamp = 2.609
Seq_Frame0026_ForcepToReference-SequenceTransform =0.614693 -0.209096 -0.760547 52.3508 0.474324 -0.672411 0.568225 -30.7206 -0.630214 -0.71003 -0.314147 -46.8136 0 0 0 1 
Seq_Frame0026_ForcepToReference-SequenceTransformStatus = OK
Seq_Frame0026_Timestamp = 2.715
Seq_Frame0027_ForcepToReference-SequenceTransform =0.617377 -0.208005 -0.75867 52.4002 0.471348 -0.674318 0.568443 -30.7255 -0.629823 -0.708541 -0.318265 -46.6606 0 0 0 1 
Seq_Frame0027_ForcepToReference-SequenceTransformStatus = OK
Seq_Frame0027_Timestamp = 2.816
Seq_Frame0028_ForcepToReference-SequenceTransform =0.61476 -0.208268 -0.76072 52.3853 0.471766 -0.675843 0.566279 -30.7744 -0.632065 -0.707008 -0.317227 -46.4971 0 0 0 1 
Seq_Frame0028_ForcepToReference-SequenceTransformStatus = OK
Seq_Frame0028_Timestamp = 2.92
Seq_Frame0029_ForcepToReference-SequenceTransform =0.613532 -0.209062 -0.761493 52.3236 0.4736 -0.674224 0.56668 -30.7365 -0.631888 -0.708319 -0.314646 -46.7125 0 0 0 1 
Seq_Frame0029_ForcepToReference-SequenceTransformStatus = OK
Seq_Frame0029_Timestamp = 3.021
Seq_Frame0030_ForcepToReference-SequenceTransform =0.613142 -0.209252 -0.761755 52.3281 0.474007 -0.673951 0.566663 -30.7484 -0.631961 -0.708522 -0.314041 -46.6839 0 0 0 1 
Seq_Frame0030_ForcepToReference-SequenceTransformStatus = OK
Seq_Frame0030_Timestamp = 3.124
Seq_Frame0031_ForcepToReference-SequenceTransform =0.61559 -0.207999 -0.760122 52.3825 0.471132 -0.676062 0.566547 -30.7647 -0.631731 -0.706878 -0.318182 -46.594 0 0 0 1 
Seq_Frame0031_ForcepToReference-SequenceTransformStatus = OK
Seq_Frame0031_Timestamp = 3.225
Seq_Frame0032_ForcepToReference-SequenceTransform =0.616532 -0.20796 -0.759369 52.3844 0.471032 -0.675415 0.5674 -30.7448 -0.630886 -0.707507 -0.318459 -46.6489 0 0 0 1 
Seq_Frame0032_ForcepToReference-SequenceTransformStatus = OK
Seq_Frame0032_Timestamp = 3.333
Seq_Frame0033_ForcepToReference-SequenceTransform =0.613861 -0.209096 -0.761218 52.3304 0.474339 -0.673092 0.567406 -30.7359 -0.631012 -0.709384 -0.314003 -46.7594 0 0 0 1 
Seq_Frame0033_ForcepToReference-SequenceTransformStatus = OK
Seq_Frame0033_Timestamp = 3.435
Seq_Frame0034_ForcepToReference-SequenceTransform =0.616213 -0.208249 -0.759548 52.3743 0.471638 -0.674787 0.567644 -30.7368 -0.630744 -0.708022 -0.317594 -46.6921 0 0 0 1 
Seq_Frame0034_ForcepToReference-SequenceTransformStatus = OK
Seq_Frame0034_Timestamp = 3.535
Seq_Frame0035_ForcepToReference-SequenceTransform =0.615563 -0.208377 -0.76004 52.3807 0.472152 -0.674659 0.567369 -30.7446 -0.630995 -0.708106 -0.31691 -46.5847 0 0 0 1 
Seq_Frame0035_ForcepToReference-SequenceTransformStatus = OK
Seq_Frame0035_Timestamp = 3.636
Seq_Frame0036_ForcepToReference-SequenceTransform =0.612727 -0.209424 -0.762041 52.322 0.474145 -0.674014 0.566473 -30.7532 -0.632259 -0.708412 -0.313689 -46.7235 0 0 0 1 
Seq_Frame0036_ForcepToReference-SequenceTransformStatus = OK
Seq_Frame0036_Timestamp = 3.741
Seq_Frame0037_ForcepToReference-SequenceTransform =0.615519 -0.208295 -0.760098 52.3877 0.471363 -0.675642 0.566855 -30.7779 -0.631627 -0.707192 -0.317689 -46.606 0 0 0 1 
Seq_Frame0037_ForcepToReference-SequenceTransformStatus = OK
Seq_Frame0037_Timestamp = 3.849
Seq_Frame0038_ForcepToReference-SequenceTransform =0.616934 -0.207852 -0.759072 52.4037 0.47037 -0.675901 0.56737 -30.7586 -0.630987 -0.707075 -0.319219 -46.6302 0 0 0 1 
Seq_Frame0038_ForcepToReference-SequenceTransformStatus = OK
Seq_Frame0038_Timestamp = 3.949
Seq_Frame0039_ForcepToReference-SequenceTransform =0.616515 -0.207809 -0.759424 52.4214 0.471021 -0.675555 0.567243 -30.7554 -0.630911 -0.707419 -0.318607 -46.57 0 0 0 1 
Seq_Frame0039_ForcepToReference-SequenceTransformStatus = OK
Seq_Frame0039_Timestamp = 4.05
Seq_Frame0040_ForcepToReference-SequenceTransform =0.616869 -0.208052 -0.75907 52.3941 0.471043 -0.675052 0.567824 -30.7277 -0.630549 -0.707827 -0.318417 -46.6737 0 0 0 1 
Seq_Frame0040_ForcepToReference-SequenceTransformStatus = OK
Seq_Frame0040_Timestamp = 4.155
Seq_Frame0041_ForcepToReference-SequenceTransform =0.616113 -0.208052 -0.759683 52.3794 0.470997 -0.675737 0.567046 -30.7399 -0.631321 -0.707173 -0.318339 -46.6788 0 0 0 1 
Seq_Frame0041_ForcepToReference-SequenceTransformStatus = OK
Seq_Frame0041_Timestamp = 4.26
Seq_Frame0042_ForcepToReference-SequenceTransform =0.614247 -0.209116 -0.760901 52.3258 0.475149 -0.671842 0.56821 -30.7396 -0.630027 -0.710562 -0.313316 -46.7483 0 0 0 1 
Seq_Frame0042_ForcepToReference-SequenceTransformStatus = OK
Seq_Frame0042_Timestamp = 4.365
Seq_Frame0043_ForcepToReference-SequenceTransform =0.616433 -0.208052 -0.759424 52.4123 0.471023 -0.67544 0.567378 -30.7241 -0.63099 -0.707457 -0.318366 -46.6071 0 0 0 1 
Seq_Frame0043_ForcepToReference-SequenceTransformStatus = OK
Seq_Frame0043_Timestamp = 4.466
Seq_Frame0044_ForcepToReference-SequenceTransform =0.613267 -0.209065 -0.761706 52.3417 0.474098 -0.673883 0.566668 -30.8242 -0.631771 -0.708642 -0.314153 -46.6813 0 0 0 1 
Seq_Frame0044_ForcepToReference-SequenceTransformStatus = OK
Seq_Frame0044_Timestamp = 4.569
Seq_Frame0045_ForcepToReference-SequenceTransform =0.616419 -0.207778 -0.75951 52.3882 0.473155 -0.673259 0.568196 -30.7676 -0.629405 -0.709613 -0.316699 -46.615 0 0 0 1 
Seq_Frame0045_ForcepToReference-SequenceTransformStatus = OK
Seq_Frame0045_Timestamp = 4.67
Seq_Frame0046_ForcepToReference-SequenceTransform =0.617565 -0.194806 -0.762013 52.563 0.462762 -0.693405 0.552306 -31.1166 -0.635976 -0.693715 -0.338074 -46.534 0 0 0 1 
Seq_Frame0046_ForcepToReference-SequenceTransformStatus = OK
Seq_Frame0046_Timestamp = 4.779
Seq_Frame0047_ForcepToReference-SequenceTransform =0.617434 -0.209956 -0.758085 52.2317 0.472588 -0.671405 0.570856 -30.528 -0.628837 -0.710728 -0.315325 -46.4392 0 0 0 1 
Seq_Frame0047_ForcepToReference-SequenceTransformStatus = OK
Seq_Frame0047_Timestamp = 4.954
Seq_Frame0048_ForcepToReference-SequenceTransform =0.617813 -0.215932 -0.756096 52.2055 0.484943 -0.652289 0.582537 -30.202 -0.618981 -0.726562 -0.298278 -46.5745 0 0 0 1 
Seq_Frame0048_ForcepToReference-SequenceTransformStatus = OK
Seq_Frame0048_Timestamp = 5.195
Seq_Frame0049_ForcepToReference-SequenceTransform =0.618045 -0.202873 -0.759515 52.5077 0.465246 -0.684386 0.561393 -30.9992 -0.633693 -0.700327 -0.328595 -46.7397 0 0 0 1 
Seq_Frame0049_ForcepToReference-SequenceTransformStatus = OK
Seq_Frame0049_Timestamp = 5.299
Seq_Frame0050_ForcepToReference-SequenceTransform =0.618166 -0.204979 -0.758851 52.4626 0.468322 -0.679307 0.564992 -30.8589 -0.631305 -0.704645 -0.323928 -46.7026 0 0 0 1 
Seq_Frame0050_ForcepToReference-SequenceTransformStatus = OK
Seq_Frame0050_Timestamp = 5.405
Seq_Frame0051_ForcepToReference-SequenceTransform =0.635467 -0.185297 -0.749564 52.858 0.457371 -0.691802 0.558768 -31.1344 -0.622088 -0.697908 -0.354868 -46.3402 0 0 0 1 
Seq_Frame0051_ForcepToReference-SequenceTransformStatus = OK
Seq_Frame0051_Timestamp = 5.505
Seq_Frame0052_ForcepToReference-SequenceTransform =0.60036 -0.203981 -0.773279 50.6496 0.478656 -0.682958 0.551776 -29.766 -0.640668 -0.701399 -0.312384 -50.2716 0 0 0 1 
Seq_Frame0052_ForcepToReference-SequenceTransformStatus = OK
Seq_Frame0052_Timestamp = 5.61
Seq_Frame0053_ForcepToReference-SequenceTransform =0.679065 -0.200243 -0.706239 50.5667 0.429764 -0.671518 0.603627 -25.8835 -0.595124 -0.713419 -0.369948 -50.3271 0 0 0 1 
Seq_Frame0053_ForcepToReference-SequenceTransformStatus = OK
Seq_Frame0053_Timestamp = 5.724
Seq_Frame0054_ForcepToReference-SequenceTransform =0.684065 -0.181041 -0.706597 52.2869 0.427371 -0.685545 0.589391 -22.6098 -0.591108 -0.705161 -0.391586 -49.3728 0 0 0 1 
Seq_Frame0054_ForcepToReference-SequenceTransformStatus = OK
Seq_Frame0054_Timestamp = 5.824
Seq_Frame0055_ForcepToReference-SequenceTransform =0.263845 -0.167157 -0.949971 70.9325 0.696067 -0.6488 0.307489 76.1187 -0.66774 -0.742372 -0.0548299 -94.4074 0 0 0 1 
Seq_Frame0055_ForcepToReference-SequenceTransformStatus = OK
Seq_Frame0055_Timestamp = 5.925
Seq_Frame0056_ForcepToReference-SequenceTransform =-0.0413814 -0.225111 -0.973454 66.4535 0.800909 -0.589969 0.102384 173.346 -0.597355 -0.775411 0.204707 -102.463 0 0 0 1 
Seq_Frame0056_ForcepToReference-SequenceTransformStatus = OK
Seq_Frame0056_Timestamp = 6.025
Seq_Frame0057_ForcepToReference-SequenceTransform =0.119508 -0.889939 -0.440145 17.5251 0.837694 -0.14757 0.525826 258.131 -0.532905 -0.431547 0.72786 -84.4871 0 0 0 1 
Seq_Frame0057_ForcepToReference-SequenceTransformStatus = OK
Seq_Frame0057_Timestamp = 6.131
Seq_Frame0058_ForcepToReference-SequenceTransform =-0.184947 -0.876058 -0.445328 -1.77429 0.712121 -0.431751 0.553601 257.173 -0.677258 -0.214741 0.70371 -73.7514 0 0 0 1 
Seq_Frame0058_ForcepToReference-SequenceTransformStatus = OK
Seq_Frame0058_Timestamp = 6.24
Seq_Frame0059_ForcepToReference-SequenceTransform =-0.517293 -0.726437 -0.452434 -33.8965 0.70494 -0.661444 0.25603 315.362 -0.48525 -0.186496 0.854255 -29.922 0 0 0 1 
Seq_Frame0059_ForcepToReference-SequenceTransformStatus = OK
Seq_Frame0059_Timestamp = 6.375
Seq_Frame0060_ForcepToReference-SequenceTransform =-0.537706 -0.7044 -0.46335 -45.6469 0.73726 -0.659439 0.14693 338.67 -0.409049 -0.262605 0.87391 -12.6273 0 0 0 1 
Seq_Frame0060_ForcepToReference-SequenceTransformStatus = OK
Seq_Frame0060_Timestamp = 6.478
Seq_Frame0061_ForcepToReference-SequenceTransform =-0.492735 -0.768783 -0.407658 -57.9405 0.817533 -0.569459 0.0857665 370.534 -0.29808 -0.291014 0.909098 7.00272 0 0 0 1 
Seq_Frame0061_ForcepToReference-SequenceTransformStatus = OK
Seq_Frame0061_Timestamp = 6.586
Seq_Frame0062_ForcepToReference-SequenceTransform =-0.441807 -0.773817 -0.453887 -61.6854 0.854235 -0.517417 0.0506272 387.495 -0.274025 -0.365359 0.88962 22.2308 0 0 0 1 
Seq_Frame0062_ForcepToReference-SequenceTransformStatus = OK
Seq_Frame0062_Timestamp = 6.697
Seq_Frame0063_ForcepToReference-SequenceTransform =-0.392345 -0.769386 -0.504095 -61.955 0.859367 -0.502009 0.0973436 393.881 -0.327955 -0.39501 0.858145 28.4969 0 0 0 1 
Seq_Frame0063_ForcepToReference-SequenceTransformStatus = OK
Seq_Frame0063_Timestamp = 6.804
Seq_Frame0064_ForcepToReference-SequenceTransform =-0.288322 -0.804758 -0.518878 -63.0513 0.911141 -0.397208 0.109764 404.406 -0.294436 -0.441123 0.847772 27.735 0 0 0 1 
Seq_Frame0064_ForcepToReference-SequenceTransformStatus = OK
Seq_Frame0064_Timestamp = 6.911
Seq_Frame0065_ForcepToReference-SequenceTransform =-0.11878 -0.934629 -0.335201 -70.0358 0.928939 -0.223826 0.294914 409.785 -0.350662 -0.276352 0.894799 32.1687 0 0 0 1 
Seq_Frame0065_ForcepToReference-SequenceTransformStatus = OK
Seq_Frame0065_Timestamp = 7.021
Seq_Frame0066_ForcepToReference-SequenceTransform =-0.117325 -0.969782 -0.213909 -75.5577 0.89804 -0.195564 0.394054 401.781 -0.42398 -0.145867 0.893848 28.1305 0 0 0 1 
Seq_Frame0066_ForcepToReference-SequenceTransformStatus = OK
Seq_Frame0066_Timestamp = 7.126
Seq_Frame0067_ForcepToReference-SequenceTransform =-0.147641 -0.949825 -0.275743 -73.9915 0.898794 -0.245201 0.36338 401.44 -0.41276 -0.194187 0.889899 28.7378 0 0 0 1 
Seq_Frame0067_ForcepToReference-SequenceTransformStatus = OK
Seq_Frame0067_Timestamp = 7.235
Seq_Frame0068_ForcepToReference-SequenceTransform =-0.328373 -0.847225 -0.417589 -76.3311 0.862678 -0.449049 0.232684 392.676 -0.384654 -0.283838 0.878338 27.4754 0 0 0 1 
Seq_Frame0068_ForcepToReference-SequenceTransformStatus = OK
Seq_Frame0068_Timestamp = 7.341
Seq_Frame0069_ForcepToReference-SequenceTransform =-0.336905 -0.841357 -0.422626 -79.704 0.846347 -0.467295 0.255601 386.962 -0.412544 -0.271575 0.869514 23.8163 0 0 0 1 
Seq_Frame0069_ForcepToReference-SequenceTransformStatus = OK
Seq_Frame0069_Timestamp = 7.449
Seq_Frame0070_ForcepToReference-SequenceTransform =-0.413505 -0.814161 -0.407622 -92.6558 0.81274 -0.531866 0.237849 383.25 -0.410448 -0.232939 0.88163 15.8665 0 0 0 1 
Seq_Frame0070_ForcepToReference-SequenceTransformStatus = OK
Seq_Frame0070_Timestamp = 7.553
Seq_Frame0071_ForcepToReference-SequenceTransform =-0.393515 -0.843341 -0.365953 -107.298 0.845149 -0.488512 0.216977 390.458 -0.361758 -0.223902 0.904986 16.0345 0 0 0 1 
Seq_Frame0071_ForcepToReference-SequenceTransformStatus = OK
Seq_Frame0071_Timestamp = 7.662
Seq_Frame0072_ForcepToReference-SequenceTransform =-0.352539 -0.890305 -0.288226 -124.762 0.889218 -0.414668 0.193239 400.197 -0.29156 -0.188171 0.937862 20.7104 0 0 0 1 
Seq_Frame0072_ForcepToReference-SequenceTransformStatus = OK
Seq_Frame0072_Timestamp = 7.767
Seq_Frame0073_ForcepToReference-SequenceTransform =-0.395949 -0.894008 -0.209698 -154.173 0.895702 -0.426332 0.126332 403.359 -0.202343 -0.137806 0.969571 29.7971 0 0 0 1 
Seq_Frame0073_ForcepToReference-SequenceTransformStatus = OK
Seq_Frame0073_Timestamp = 7.877
Seq_Frame0074_ForcepToReference-SequenceTransform =-0.36655 -0.894665 -0.255372 -167.766 0.870778 -0.42656 0.244525 395.422 -0.327699 -0.132742 0.935411 34.1199 0 0 0 1 
Seq_Frame0074_ForcepToReference-SequenceTransformStatus = OK
Seq_Frame0074_Timestamp = 7.984
Seq_Frame0075_ForcepToReference-SequenceTransform =-0.370319 -0.89019 -0.26538 -169.178 0.878795 -0.428306 0.210413 394.682 -0.300971 -0.155294 0.940904 48.4307 0 0 0 1 
Seq_Frame0075_ForcepToReference-SequenceTransformStatus = OK
Seq_Frame0075_Timestamp = 8.094
Seq_Frame0076_ForcepToReference-SequenceTransform =-0.388267 -0.875073 -0.288957 -160.013 0.885994 -0.440717 0.144161 401.117 -0.2535 -0.200041 0.946426 65.4463 0 0 0 1 
Seq_Frame0076_ForcepToReference-SequenceTransformStatus = OK
Seq_Frame0076_Timestamp = 8.199
Seq_Frame0077_ForcepToReference-SequenceTransform =-0.39485 -0.873243 -0.285554 -157.685 0.904884 -0.423417 0.0436095 414.293 -0.15899 -0.241174 0.95737 81.7381 0 0 0 1 
Seq_Frame0077_ForcepToReference-SequenceTransformStatus = OK
Seq_Frame0077_Timestamp = 8.309
Seq_Frame0078_ForcepToReference-SequenceTransform =-0.325768 -0.901958 -0.283456 -161.999 0.920925 -0.370565 0.120745 418.906 -0.213946 -0.221707 0.951353 85.5101 0 0 0 1 
Seq_Frame0078_ForcepToReference-SequenceTransformStatus = OK
Seq_Frame0078_Timestamp = 8.414
Seq_Frame0079_ForcepToReference-SequenceTransform =-0.210128 -0.958343 -0.193455 -168.856 0.951597 -0.245875 0.184415 407.884 -0.224299 -0.14534 0.963621 81.7387 0 0 0 1 
Seq_Frame0079_ForcepToReference-SequenceTransformStatus = OK
Seq_Frame0079_Timestamp = 8.52
Seq_Frame0080_ForcepToReference-SequenceTransform =-0.125156 -0.979999 -0.154717 -173.586 0.950751 -0.163039 0.263612 390.985 -0.283565 -0.114104 0.95214 78.596 0 0 0 1 
Seq_Frame0080_ForcepToReference-SequenceTransformStatus = OK
Seq_Frame0080_Timestamp = 8.627
Seq_Frame0081_ForcepToReference-SequenceTransform =-0.0698388 -0.993206 -0.0930844 -178.045 0.961157 -0.091974 0.260226 384.544 -0.267019 -0.0712949 0.96105 79.6086 0 0 0 1 
Seq_Frame0081_ForcepToReference-SequenceTransformStatus = OK
Seq_Frame0081_Timestamp = 8.734
Seq_Frame0082_ForcepToReference-SequenceTransform =-0.0688081 -0.994897 -0.0737978 -182.538 0.962682 -0.0856237 0.256734 379.851 -0.261743 -0.0533784 0.96366 77.0357 0 0 0 1 
Seq_Frame0082_ForcepToReference-SequenceTransformStatus = OK
Seq_Frame0082_Timestamp = 8.843
Seq_Frame0083_ForcepToReference-SequenceTransform =-0.0486976 -0.993488 -0.103008 -174.646 0.968209 -0.0722875 0.239468 373.877 -0.245355 -0.0880722 0.965424 77.7645 0 0 0 1 
Seq_Frame0083_ForcepToReference-SequenceTransformStatus = OK
Seq_Frame0083_Timestamp = 8.947
Seq_Frame0084_ForcepToReference-SequenceTransform =-0.0464305 -0.97838 -0.201537 -156.889 0.947235 -0.10718 0.302089 360.873 -0.317159 -0.176876 0.931732 82.5079 0 0 0 1 
Seq_Frame0084_ForcepToReference-SequenceTransformStatus = OK
Seq_Frame0084_Timestamp = 9.058
Seq_Frame0085_ForcepToReference-SequenceTransform =-0.0546364 -0.960989 -0.271137 -142.515 0.936976 -0.143192 0.318703 353.175 -0.345095 -0.236637 0.908247 87.598 0 0 0 1 
Seq_Frame0085_ForcepToReference-SequenceTransformStatus = OK
Seq_Frame0085_Timestamp = 9.163
Seq_Frame0086_ForcepToReference-SequenceTransform =-0.0745364 -0.942993 -0.324358 -131.481 0.928215 -0.184495 0.323076 351.957 -0.364501 -0.276993 0.889052 95.7991 0 0 0 1 
Seq_Frame0086_ForcepToReference-SequenceTransformStatus = OK
Seq_Frame0086_Timestamp = 9.285
Seq_Frame0087_ForcepToReference-SequenceTransform =-0.0927089 -0.919699 -0.381523 -128.689 0.928845 -0.217915 0.299599 353.103 -0.35868 -0.3266 0.874461 107.457 0 0 0 1 
Seq_Frame0087_ForcepToReference-SequenceTransformStatus = OK
Seq_Frame0087_Timestamp = 9.398
Seq_Frame0088_ForcepToReference-SequenceTransform =-0.104606 -0.921406 -0.374258 -139.775 0.933324 -0.220918 0.283023 350.051 -0.34346 -0.319698 0.883079 110.394 0 0 0 1 
Seq_Frame0088_ForcepToReference-SequenceTransformStatus = OK
Seq_Frame0088_Timestamp = 9.52
Seq_Frame0089_ForcepToReference-SequenceTransform =-0.101403 -0.930093 -0.353051 -167.169 0.916805 -0.225148 0.329814 332.964 -0.386246 -0.290235 0.875544 105.671 0 0 0 1 
Seq_Frame0089_ForcepToReference-SequenceTransformStatus = OK
Seq_Frame0089_Timestamp = 9.627
Seq_Frame0090_ForcepToReference-SequenceTransform =-0.0981207 -0.949693 -0.297415 -190.457 0.907894 -0.207815 0.364063 317.206 -0.407555 -0.234299 0.882611 95.684 0 0 0 1 
Seq_Frame0090_ForcepToReference-SequenceTransformStatus = OK
Seq_Frame0090_Timestamp = 9.741
Seq_Frame0091_ForcepToReference-SequenceTransform =-0.0906234 -0.969021 -0.229752 -205.632 0.932998 -0.163292 0.320704 307.209 -0.348286 -0.185295 0.918892 87.6623 0 0 0 1 
Seq_Frame0091_ForcepToReference-SequenceTransformStatus = OK
Seq_Frame0091_Timestamp = 9.841
Seq_Frame0092_ForcepToReference-SequenceTransform =-0.10859 -0.9673 -0.229213 -214.348 0.913911 -0.187862 0.359825 292.241 -0.391119 -0.170407 0.904427 82.2764 0 0 0 1 
Seq_Frame0092_ForcepToReference-SequenceTransformStatus = OK
Seq_Frame0092_Timestamp = 9.952
Seq_Frame0093_ForcepToReference-SequenceTransform =-0.0965341 -0.973801 -0.205895 -215.972 0.909416 -0.170368 0.379391 280.53 -0.404529 -0.15062 0.902037 82.5993 0 0 0 1 
Seq_Frame0093_ForcepToReference-SequenceTransformStatus = OK
Seq_Frame0093_Timestamp = 10.057
Seq_Frame0094_ForcepToReference-SequenceTransform =-0.103322 -0.9769 -0.18706 -222.18 0.89976 -0.171963 0.401075 273.739 -0.423977 -0.126869 0.896743 82.9259 0 0 0 1 
Seq_Frame0094_ForcepToReference-SequenceTransformStatus = OK
Seq_Frame0094_Timestamp = 10.169
Seq_Frame0095_ForcepToReference-SequenceTransform =-0.104124 -0.979209 -0.174093 -227.085 0.902391 -0.16661 0.397406 273.154 -0.418149 -0.115721 0.900977 82.1601 0 0 0 1 
Seq_Frame0095_ForcepToReference-SequenceTransformStatus = OK
Seq_Frame0095_Timestamp = 10.274
Seq_Frame0096_ForcepToReference-SequenceTransform =-0.103103 -0.979244 -0.174501 -227.969 0.903761 -0.165499 0.394747 275.619 -0.415433 -0.117007 0.902067 82.0396 0 0 0 1 
Seq_Frame0096_ForcepToReference-SequenceTransformStatus = OK
Seq_Frame0096_Timestamp = 10.387
Seq_Frame0097_ForcepToReference-SequenceTransform =-0.101776 -0.977488 -0.184822 -225.74 0.905399 -0.167994 0.389912 277.93 -0.412183 -0.127654 0.902114 82.1946 0 0 0 1 
Seq_Frame0097_ForcepToReference-SequenceTransformStatus = OK
Seq_Frame0097_Timestamp = 10.49
Seq_Frame0098_ForcepToReference-SequenceTransform =-0.0969114 -0.979535 -0.176407 -223.028 0.916217 -0.157034 0.368629 280.428 -0.388787 -0.125903 0.912685 82.7126 0 0 0 1 
Seq_Frame0098_ForcepToReference-SequenceTransformStatus = OK
Seq_Frame0098_Timestamp = 10.601
Seq_Frame0099_ForcepToReference-SequenceTransform =-0.093696 -0.978688 -0.182734 -220.098 0.915811 -0.156717 0.369771 282.318 -0.390528 -0.132703 0.910976 82.2077 0 0 0 1 
Seq_Frame0099_ForcepToReference-SequenceTransformStatus = OK
Seq_Frame0099_Timestamp = 10.708
Seq_Frame0100_ForcepToReference-SequenceTransform =-0.0932963 -0.982346 -0.162152 -217.938 0.924606 -0.145896 0.351877 284.553 -0.369322 -0.117098 0.921894 82.9604 0 0 0 1 
Seq_Frame0100_ForcepToReference-SequenceTransformStatus = OK
Seq_Frame0100_Timestamp = 10.814
Seq_Frame0101_ForcepToReference-SequenceTransform =-0.14218 -0.978048 -0.152336 -218.236 0.918685 -0.187684 0.347553 286.83 -0.368514 -0.0905341 0.925203 81.862 0 0 0 1 
Seq_Frame0101_ForcepToReference-SequenceTransformStatus = OK
Seq_Frame0101_Timestamp = 10.923
Seq_Frame0102_ForcepToReference-SequenceTransform =-0.179034 -0.973739 -0.14064 -216.46 0.90829 -0.218524 0.356731 284.979 -0.378096 -0.0638749 0.92356 81.3028 0 0 0 1 
Seq_Frame0102_ForcepToReference-SequenceTransformStatus = OK
Seq_Frame0102_Timestamp = 11.027
Seq_Frame0103_ForcepToReference-SequenceTransform =-0.178278 -0.969182 -0.170007 -208.026 0.901967 -0.230017 0.365442 284.329 -0.393285 -0.0881899 0.915177 84.243 0 0 0 1 
Seq_Frame0103_ForcepToReference-SequenceTransformStatus = OK
Seq_Frame0103_Timestamp = 11.135
Seq_Frame0104_ForcepToReference-SequenceTransform =-0.180362 -0.963681 -0.196948 -200.542 0.88908 -0.245375 0.386431 284.001 -0.420722 -0.105405 0.901045 84.9362 0 0 0 1 
Seq_Frame0104_ForcepToReference-SequenceTransformStatus = OK
Seq_Frame0104_Timestamp = 11.243
Seq_Frame0105_ForcepToReference-SequenceTransform =-0.191443 -0.959689 -0.205785 -195.539 0.899725 -0.255377 0.353946 286.442 -0.392231 -0.117389 0.912346 86.5951 0 0 0 1 
Seq_Frame0105_ForcepToReference-SequenceTransformStatus = OK
Seq_Frame0105_Timestamp = 11.354
Seq_Frame0106_ForcepToReference-SequenceTransform =-0.211113 -0.955379 -0.206595 -192.346 0.909625 -0.269389 0.316246 287.421 -0.357789 -0.12116 0.925909 88.6926 0 0 0 1 
Seq_Frame0106_ForcepToReference-SequenceTransformStatus = OK
Seq_Frame0106_Timestamp = 11.457
Seq_Frame0107_ForcepToReference-SequenceTransform =-0.293121 -0.928192 -0.229214 -183.929 0.906989 -0.345794 0.240413 285.697 -0.302411 -0.137424 0.943219 92.0571 0 0 0 1 
Seq_Frame0107_ForcepToReference-SequenceTransformStatus = OK
Seq_Frame0107_Timestamp = 11.567
Seq_Frame0108_ForcepToReference-SequenceTransform =-0.421159 -0.880751 -0.216573 -165.787 0.89136 -0.446064 0.0806512 282.815 -0.167639 -0.159077 0.972929 103.448 0 0 0 1 
Seq_Frame0108_ForcepToReference-SequenceTransformStatus = OK
Seq_Frame0108_Timestamp = 11.674
Seq_Frame0109_ForcepToReference-SequenceTransform =-0.435075 -0.843727 -0.314381 -138.975 0.832237 -0.510092 0.217228 264.271 -0.343644 -0.167129 0.924109 105.554 0 0 0 1 
Seq_Frame0109_ForcepToReference-SequenceTransformStatus = OK
Seq_Frame0109_Timestamp = 11.782
Seq_Frame0110_ForcepToReference-SequenceTransform =-0.352524 -0.887592 -0.296493 -113.461 0.856228 -0.433781 0.280547 257.656 -0.377624 -0.154966 0.912899 110.514 0 0 0 1 
Seq_Frame0110_ForcepToReference-SequenceTransformStatus = OK
Seq_Frame0110_Timestamp = 11.89
Seq_Frame0111_ForcepToReference-SequenceTransform =-0.267929 -0.911004 -0.313504 -96.1392 0.855928 -0.374453 0.356613 246.068 -0.442269 -0.17279 0.880081 108.196 0 0 0 1 
Seq_Frame0111_ForcepToReference-SequenceTransformStatus = OK
Seq_Frame0111_Timestamp = 12.003
Seq_Frame0112_ForcepToReference-SequenceTransform =-0.259431 -0.90986 -0.323805 -82.3147 0.830744 -0.381227 0.405624 232.956 -0.492504 -0.163767 0.854763 105.468 0 0 0 1 
Seq_Frame0112_ForcepToReference-SequenceTransformStatus = OK
Seq_Frame0112_Timestamp = 12.108
Seq_Frame0113_ForcepToReference-SequenceTransform =-0.243649 0.466374 -0.850371 76.1993 0.969566 0.138861 -0.201644 301.95 0.0240418 -0.873621 -0.486013 210.579 0 0 0 1 
Seq_Frame0113_ForcepToReference-SequenceTransformStatus = OK
Seq_Frame0113_Timestamp = 13.493
Seq_Frame0114_ForcepToReference-SequenceTransform =-0.207677 0.491667 -0.845656 75.8335 0.977467 0.137717 -0.159978 303.133 0.037805 -0.859824 -0.509189 209.379 0 0 0 1 
Seq_Frame0114_ForcepToReference-SequenceTransformStatus = OK
Seq_Frame0114_Timestamp = 13.645
Seq_Frame0115_ForcepToReference-SequenceTransform =-0.20328 0.509643 -0.836027 75.4682 0.978406 0.13834 -0.153567 303.807 0.0373915 -0.849191 -0.52676 205.265 0 0 0 1 
Seq_Frame0115_ForcepToReference-SequenceTransformStatus = OK
Seq_Frame0115_Timestamp = 13.752
Seq_Frame0116_ForcepToReference-SequenceTransform =-0.203875 0.509402 -0.836029 75.4911 0.978535 0.132251 -0.158045 304.036 0.0300568 -0.850306 -0.52543 205.501 0 0 0 1 
Seq_Frame0116_ForcepToReference-SequenceTransformStatus = OK
Seq_Frame0116_Timestamp = 13.863
Seq_Frame0117_ForcepToReference-SequenceTransform =-0.210329 0.490416 -0.845727 75.6361 0.977353 0.126102 -0.16994 304.649 0.0233059 -0.862317 -0.505832 206.132 0 0 0 1 
Seq_Frame0117_ForcepToReference-SequenceTransformStatus = OK
Seq_Frame0117_Timestamp = 13.969
Seq_Frame0118_ForcepToReference-SequenceTransform =-0.209834 0.492255 -0.844781 75.6144 0.977422 0.127526 -0.168471 304.397 0.0248012 -0.861058 -0.507901 206.061 0 0 0 1 
Seq_Frame0118_ForcepToReference-SequenceTransformStatus = OK
Seq_Frame0118_Timestamp = 14.082
Seq_Frame0119_ForcepToReference-SequenceTransform =-0.207009 0.494015 -0.84445 75.7261 0.977803 0.133043 -0.161867 303.883 0.0323829 -0.859214 -0.51059 205.355 0 0 0 1 
Seq_Frame0119_ForcepToReference-SequenceTransformStatus = OK
Seq_Frame0119_Timestamp = 14.188
Seq_Frame0120_ForcepToReference-SequenceTransform =-0.205203 0.509361 -0.835729 75.5142 0.978012 0.139182 -0.15531 303.627 0.0372096 -0.849223 -0.526722 205.508 0 0 0 1 
Seq_Frame0120_ForcepToReference-SequenceTransformStatus = OK
Seq_Frame0120_Timestamp = 14.298
Seq_Frame0121_ForcepToReference-SequenceTransform =-0.199134 0.515708 -0.833301 75.4442 0.97911 0.140371 -0.147106 303.043 0.0411077 -0.845187 -0.532888 205.301 0 0 0 1 
Seq_Frame0121_ForcepToReference-SequenceTransformStatus = OK
Seq_Frame0121_Timestamp = 14.404
Seq_Frame0122_ForcepToReference-SequenceTransform =-0.2007 0.502117 -0.841189 75.4859 0.97831 0.147664 -0.145273 302.789 0.0512693 -0.8521 -0.520862 205.968 0 0 0 1 
Seq_Frame0122_ForcepToReference-SequenceTransformStatus = OK
Seq_Frame0122_Timestamp = 14.507
Seq_Frame0123_ForcepToReference-SequenceTransform =-0.217192 0.494904 -0.841367 74.5514 0.975673 0.136397 -0.171631 302.432 0.0298195 -0.858176 -0.512489 207.695 0 0 0 1 
Seq_Frame0123_ForcepToReference-SequenceTransformStatus = OK
Seq_Frame0123_Timestamp = 14.613
Seq_Frame0124_ForcepToReference-SequenceTransform =-0.207854 0.496373 -0.842858 74.2283 0.977704 0.131719 -0.163536 301.646 0.0298458 -0.858058 -0.512685 206.74 0 0 0 1 
Seq_Frame0124_ForcepToReference-SequenceTransformStatus = OK
Seq_Frame0124_Timestamp = 14.727
Seq_Frame0125_ForcepToReference-SequenceTransform =-0.20986 0.526829 -0.823656 73.6192 0.977623 0.125599 -0.168753 300.995 0.0145464 -0.84064 -0.541399 207.138 0 0 0 1 
Seq_Frame0125_ForcepToReference-SequenceTransformStatus = OK
Seq_Frame0125_Timestamp = 14.838
Seq_Frame0126_ForcepToReference-SequenceTransform =-0.207488 0.489188 -0.847138 72.1265 0.977329 0.14097 -0.157971 302.068 0.0421434 -0.86071 -0.507348 208.774 0 0 0 1 
Seq_Frame0126_ForcepToReference-SequenceTransformStatus = OK
Seq_Frame0126_Timestamp = 14.95
Seq_Frame0127_ForcepToReference-SequenceTransform =-0.227525 0.497327 -0.837197 72.4076 0.973768 0.113832 -0.197021 299.594 -0.00268426 -0.860063 -0.510181 211.609 0 0 0 1 
Seq_Frame0127_ForcepToReference-SequenceTransformStatus = OK
Seq_Frame0127_Timestamp = 15.054
Seq_Frame0128_ForcepToReference-SequenceTransform =-0.245633 0.498188 -0.831549 72.6372 0.969292 0.115816 -0.216935 297.864 -0.0117678 -0.859299 -0.511338 216.738 0 0 0 1 
Seq_Frame0128_ForcepToReference-SequenceTransformStatus = OK
Seq_Frame0128_Timestamp = 15.159
Seq_Frame0129_ForcepToReference-SequenceTransform =-0.232698 0.543671 -0.806396 72.2792 0.972524 0.136001 -0.188945 298.95 0.0069463 -0.828206 -0.56038 217.589 0 0 0 1 
Seq_Frame0129_ForcepToReference-SequenceTransformStatus = OK
Seq_Frame0129_Timestamp = 15.267
Seq_Frame0130_ForcepToReference-SequenceTransform =-0.239993 0.598915 -0.764006 75.2992 0.967326 0.0812555 -0.240164 299.78 -0.0817579 -0.79668 -0.598846 219.532 0 0 0 1 
Seq_Frame0130_ForcepToReference-SequenceTransformStatus = OK
Seq_Frame0130_Timestamp = 15.403
Seq_Frame0131_ForcepToReference-SequenceTransform =-0.239993 0.598915 -0.764006 75.2992 0.967326 0.0812555 -0.240164 299.78 -0.0817579 -0.79668 -0.598846 219.532 0 0 0 1 
Seq_Frame0131_ForcepToReference-SequenceTransformStatus = OK
Seq_Frame0131_Timestamp = 15.516
Seq_Frame0132_ForcepToReference-SequenceTransform =-0.239993 0.598915 -0.764006 75.2992 0.967326 0.0812555 -0.240164 299.78 -0.0817579 -0.79668 -0.598846 219.532 0 0 0 1 
Seq_Frame0132_ForcepToReference-SequenceTransformStatus = OK
Seq_Frame0132_Timestamp = 15.62
Seq_Frame0133_ForcepToReference-SequenceTransform =-0.239993 0.598915 -0.764006 75.2992 0.967326 0.0812555 -0.240164 299.78 -0.0817579 -0.79668 -0.598846 219.532 0 0 0 1 
Seq_Frame0133_ForcepToReference-SequenceTransformStatus = OK
Seq_Frame0133_Timestamp = 15.729
Seq_Frame0134_ForcepToReference-SequenceTransform =-0.239993 0.598915 -0.764006 75.2992 0.967326 0.0812555 -0.240164 299.78 -0.0817579 -0.79668 -0.598846 219.532 0 0 0 1 
Seq_Frame0134_ForcepToReference-SequenceTransformStatus = OK
Seq_Frame0134_Timestamp = 15.832
Seq_Frame0135_ForcepToReference-SequenceTransform =-0.239993 0.598915 -0.764006 75.2992 0.967326 0.0812555 -0.240164 299.78 -0.0817579 -0.79668 -0.598846 219.532 0 0 0 1 
Seq_Frame0135_ForcepToReference-SequenceTransformStatus = OK
Seq_Frame0135_Timestamp = 15.944
Seq_Frame0136_ForcepToReference-SequenceTransform =-0.239993 0.598915 -0.764006 75.2992 0.967326 0.0812555 -0.240164 299.78 -0.0817579 -0.79668 -0.598846 219.532 0 0 0 1 
Seq_Frame0136_ForcepToReference-SequenceTransformStatus = OK
Seq_Frame0136_Timestamp = 16.044
Seq_Frame0137_ForcepToReference-SequenceTransform =-0.239993 0.598915 -0.764006 75.2992 0.967326 0.0812555 -0.240164 299.78 -0.0817579 -0.79668 -0.598846 219.532 0 0 0 1 
Seq_Frame0137_ForcepToReference-SequenceTransformStatus = OK
Seq_Frame0137_Timestamp = 16.154
Seq_Frame0138_ForcepToReference-SequenceTransform =-0.239993 0.598915 -0.764006 75.2992 0.967326 0.0812555 -0.240164 299.78 -0.0817579 -0.79668 -0.598846 219.532 0 0 0 1 
Seq_Frame0138_ForcepToReference-SequenceTransformStatus = OK
Seq_Frame0138_Timestamp = 16.264
Seq_Frame0139_ForcepToReference-SequenceTransform =-0.239993 0.598915 -0.764006 75.2992 0.967326 0.0812555 -0.240164 299.78 -0.0817579 -0.79668 -0.598846 219.532 0 0 0 1 
Seq_Frame0139_ForcepToReference-SequenceTransformStatus = OK
Seq_Frame0139_Timestamp = 16.368
Seq_Frame0140_ForcepToReference-SequenceTransform =-0.239993 0.598915 -0.764006 75.2992 0.967326 0.0812555 -0.240164 299.78 -0.0817579 -0.79668 -0.598846 219.532 0 0 0 1 
Seq_Frame0140_ForcepToReference-SequenceTransformStatus = OK
Seq_Frame0140_Timestamp = 16.475
Seq_Frame0141_ForcepToReference-SequenceTransform =-0.239993 0.598915 -0.764006 75.2992 0.967326 0.0812555 -0.240164 299.78 -0.0817579 -0.79668 -0.598846 219.532 0 0 0 1 
Seq_Frame0141_ForcepToReference-SequenceTransformStatus = OK
Seq_Frame0141_Timestamp = 16.581
Seq_Frame0142_ForcepToReference-SequenceTransform =-0.239993 0.598915 -0.764006 75.2992 0.967326 0.0812555 -0.240164 299.78 -0.0817579 -0.79668 -0.598846 219.532 0 0 0 1 
Seq_Frame0142_ForcepToReference-SequenceTransformStatus = OK
Seq_Frame0142_Timestamp = 16.684
Seq_Frame0143_ForcepToReference-SequenceTransform =-0.239993 0.598915 -0.764006 75.2992 0.967326 0.0812555 -0.240164 299.78 -0.0817579 -0.79668 -0.598846 219.532 0 0 0 1 
Seq_Frame0143_ForcepToReference-SequenceTransformStatus = OK
Seq_Frame0143_Timestamp = 16.791
Seq_Frame0144_ForcepToReference-SequenceTransform =-0.239993 0.598915 -0.764006 75.2992 0.967326 0.0812555 -0.240164 299.78 -0.0817579 -0.79668 -0.598846 219.532 0 0 0 1 
Seq_Frame0144_ForcepToReference-SequenceTransformStatus = OK
Seq_Frame0144_Timestamp = 16.895
Seq_Frame0145_ForcepToReference-SequenceTransform =-0.308194 -0.848829 -0.429541 -10.4263 0.718676 -0.50358 0.479492 235.052 -0.623315 -0.160925 0.765233 92.7193 0 0 0 1 
Seq_Frame0145_ForcepToReference-SequenceTransformStatus = OK
Seq_Frame0145_Timestamp = 17.003
Seq_Frame0146_ForcepToReference-SequenceTransform =-0.311693 -0.850236 -0.424201 -10.4455 0.717953 -0.503178 0.480995 235.455 -0.622408 -0.154634 0.767266 93.0949 0 0 0 1 
Seq_Frame0146_ForcepToReference-SequenceTransformStatus = OK
Seq_Frame0146_Timestamp = 17.112
Seq_Frame0147_ForcepToReference-SequenceTransform =-0.301849 -0.85357 -0.424625 -11.7944 0.730277 -0.493334 0.472563 234.553 -0.612848 -0.167451 0.772255 93.0492 0 0 0 1 
Seq_Frame0147_ForcepToReference-SequenceTransformStatus = OK
Seq_Frame0147_Timestamp = 17.217
Seq_Frame0148_ForcepToReference-SequenceTransform =-0.308561 -0.86574 -0.394061 -13.0841 0.733443 -0.480336 0.480976 233.733 -0.605682 -0.140611 0.783185 93.1479 0 0 0 1 
Seq_Frame0148_ForcepToReference-SequenceTransformStatus = OK
Seq_Frame0148_Timestamp = 17.326
Seq_Frame0149_ForcepToReference-SequenceTransform =-0.319654 -0.866591 -0.383199 -13.9736 0.74658 -0.479378 0.461319 232.909 -0.583472 -0.138626 0.800214 94.037 0 0 0 1 
Seq_Frame0149_ForcepToReference-SequenceTransformStatus = OK
Seq_Frame0149_Timestamp = 17.447
