ObjectType = Image
NDims = 3
AnatomicalOrientation = RAI
BinaryData = True
CompressedData = False
DimSize = 0 0 1840
ElementSpacing = 1 1 1
Offset = 0 0 0
TransformMatrix = 1 0 0 0 1 0 0 0 1
ElementType = MET_UCHAR
Kinds = domain domain list
Seq_Frame0000_DriverToReference-SequenceTransform =-0.822589 0.542336 0.170935 -64.8223 0.42285 0.382418 0.821556 201.736 0.380191 0.748083 -0.543899 248.511 0 0 0 1 
Seq_Frame0000_DriverToReference-SequenceTransformStatus = OK
Seq_Frame0000_Timestamp = 2.241
Seq_Frame0001_DriverToReference-SequenceTransform =0.431734 -0.264263 0.862422 22.5344 -0.27662 0.871259 0.405449 197.996 -0.858538 -0.413609 0.303051 70.0642 0 0 0 1 
Seq_Frame0001_DriverToReference-SequenceTransformStatus = OK
Seq_Frame0001_Timestamp = 2.362
Seq_Frame0002_DriverToReference-SequenceTransform =0.398432 -0.20221 0.89463 23.4282 -0.330713 0.87811 0.345762 197.496 -0.8555 -0.433629 0.282994 74.3127 0 0 0 1 
Seq_Frame0002_DriverToReference-SequenceTransformStatus = OK
Seq_Frame0002_Timestamp = 2.471
Seq_Frame0003_DriverToReference-SequenceTransform =0.410387 -0.174974 0.894967 27.0251 -0.385144 0.856334 0.344029 189.301 -0.826587 -0.485877 0.284038 76.6662 0 0 0 1 
Seq_Frame0003_DriverToReference-SequenceTransformStatus = OK
Seq_Frame0003_Timestamp = 2.577
Seq_Frame0004_DriverToReference-SequenceTransform =0.398682 -0.156552 0.903628 26.6149 -0.395408 0.859691 0.323395 187.082 -0.827469 -0.486234 0.280841 77.0117 0 0 0 1 
Seq_Frame0004_DriverToReference-SequenceTransformStatus = OK
Seq_Frame0004_Timestamp = 2.681
Seq_Frame0005_DriverToReference-SequenceTransform =0.395139 -0.158724 0.904805 27.1442 -0.401804 0.855879 0.325613 184.547 -0.826086 -0.492217 0.274415 77.717 0 0 0 1 
Seq_Frame0005_DriverToReference-SequenceTransformStatus = OK
Seq_Frame0005_Timestamp = 2.792
Seq_Frame0006_DriverToReference-SequenceTransform =0.423621 -0.149408 0.893433 29.3664 -0.410431 0.847594 0.336348 183.224 -0.807522 -0.509177 0.297737 77.7405 0 0 0 1 
Seq_Frame0006_DriverToReference-SequenceTransformStatus = OK
Seq_Frame0006_Timestamp = 2.901
Seq_Frame0007_DriverToReference-SequenceTransform =0.417838 -0.159561 0.8944 28.6898 -0.386118 0.859938 0.333796 185.017 -0.822389 -0.484817 0.297706 77.8119 0 0 0 1 
Seq_Frame0007_DriverToReference-SequenceTransformStatus = OK
Seq_Frame0007_Timestamp = 3.006
Seq_Frame0008_DriverToReference-SequenceTransform =0.393177 -0.230036 0.890222 24.9511 -0.322671 0.8721 0.367865 188.797 -0.860985 -0.431885 0.268664 78.8018 0 0 0 1 
Seq_Frame0008_DriverToReference-SequenceTransformStatus = OK
Seq_Frame0008_Timestamp = 3.112
Seq_Frame0009_DriverToReference-SequenceTransform =0.458483 -0.142951 0.877131 28.9259 -0.308879 0.899815 0.308101 194.73 -0.833299 -0.412187 0.368396 74.5745 0 0 0 1 
Seq_Frame0009_DriverToReference-SequenceTransformStatus = OK
Seq_Frame0009_Timestamp = 3.218
Seq_Frame0010_DriverToReference-SequenceTransform =0.555029 0.0617403 0.829537 39.255 -0.292253 0.94814 0.124974 201.729 -0.778801 -0.311799 0.544289 69.7406 0 0 0 1 
Seq_Frame0010_DriverToReference-SequenceTransformStatus = OK
Seq_Frame0010_Timestamp = 3.326
Seq_Frame0011_DriverToReference-SequenceTransform =0.641572 0.293841 0.70855 42.023 -0.300981 0.946073 -0.119815 212.258 -0.705547 -0.13639 0.695415 73.9122 0 0 0 1 
Seq_Frame0011_DriverToReference-SequenceTransformStatus = OK
Seq_Frame0011_Timestamp = 3.432
Seq_Frame0012_DriverToReference-SequenceTransform =0.704026 0.11757 0.700375 31.4022 -0.0862831 0.993056 -0.0799681 224.853 -0.704914 -0.00413096 0.709281 79.6562 0 0 0 1 
Seq_Frame0012_DriverToReference-SequenceTransformStatus = OK
Seq_Frame0012_Timestamp = 3.541
Seq_Frame0013_DriverToReference-SequenceTransform =0.618049 0.129459 0.775407 30.1416 -0.134666 0.989203 -0.0578159 221.75 -0.77452 -0.0686879 0.62881 80.5478 0 0 0 1 
Seq_Frame0013_DriverToReference-SequenceTransformStatus = OK
Seq_Frame0013_Timestamp = 3.643
Seq_Frame0014_DriverToReference-SequenceTransform =0.65056 0.242333 0.719754 32.6567 -0.20168 0.968823 -0.1439 221.097 -0.732186 -0.051545 0.679152 84.2079 0 0 0 1 
Seq_Frame0014_DriverToReference-SequenceTransformStatus = OK
Seq_Frame0014_Timestamp = 3.76
Seq_Frame0015_DriverToReference-SequenceTransform =0.711683 0.339823 0.61484 40.7351 -0.280618 0.939875 -0.194652 219.508 -0.64402 -0.0340044 0.764253 88.1885 0 0 0 1 
Seq_Frame0015_DriverToReference-SequenceTransformStatus = OK
Seq_Frame0015_Timestamp = 3.861
Seq_Frame0016_DriverToReference-SequenceTransform =0.677725 0.329082 0.657567 41.6183 -0.318993 0.937313 -0.140311 217.327 -0.66252 -0.114667 0.740216 87.425 0 0 0 1 
Seq_Frame0016_DriverToReference-SequenceTransformStatus = OK
Seq_Frame0016_Timestamp = 3.966
Seq_Frame0017_DriverToReference-SequenceTransform =0.722634 0.387894 0.572135 46.2186 -0.385733 0.913136 -0.131886 214.771 -0.573594 -0.125386 0.809486 89.2307 0 0 0 1 
Seq_Frame0017_DriverToReference-SequenceTransformStatus = OK
Seq_Frame0017_Timestamp = 4.069
Seq_Frame0018_DriverToReference-SequenceTransform =0.685511 0.383957 0.618589 43.7973 -0.39715 0.909299 -0.124285 214.316 -0.610202 -0.160474 0.775823 87.765 0 0 0 1 
Seq_Frame0018_DriverToReference-SequenceTransformStatus = OK
Seq_Frame0018_Timestamp = 4.176
Seq_Frame0019_DriverToReference-SequenceTransform =0.67562 0.360453 0.643126 39.0181 -0.379333 0.917961 -0.11599 216.601 -0.632174 -0.165594 0.756924 87.2778 0 0 0 1 
Seq_Frame0019_DriverToReference-SequenceTransformStatus = OK
Seq_Frame0019_Timestamp = 4.286
Seq_Frame0020_DriverToReference-SequenceTransform =0.695902 0.311184 0.647214 32.7813 -0.336299 0.937524 -0.0891685 219.978 -0.634526 -0.155605 0.757075 88.1663 0 0 0 1 
Seq_Frame0020_DriverToReference-SequenceTransformStatus = OK
Seq_Frame0020_Timestamp = 4.391
Seq_Frame0021_DriverToReference-SequenceTransform =0.698428 0.312684 0.64376 31.0007 -0.347054 0.934642 -0.0774448 221.164 -0.625901 -0.16933 0.761298 88.1616 0 0 0 1 
Seq_Frame0021_DriverToReference-SequenceTransformStatus = OK
Seq_Frame0021_Timestamp = 4.501
Seq_Frame0022_DriverToReference-SequenceTransform =0.703197 0.301882 0.643725 35.041 -0.375924 0.926346 -0.0237651 217.83 -0.603486 -0.22528 0.764888 92.0582 0 0 0 1 
Seq_Frame0022_DriverToReference-SequenceTransformStatus = OK
Seq_Frame0022_Timestamp = 4.607
Seq_Frame0023_DriverToReference-SequenceTransform =0.736051 0.199522 0.646854 41.6697 -0.335089 0.937677 0.0920695 219.207 -0.58817 -0.284522 0.757036 108.18 0 0 0 1 
Seq_Frame0023_DriverToReference-SequenceTransformStatus = OK
Seq_Frame0023_Timestamp = 4.713
Seq_Frame0024_DriverToReference-SequenceTransform =0.773889 0.199832 0.600968 52.0704 -0.324442 0.940035 0.105218 230.059 -0.543906 -0.276406 0.792317 113.66 0 0 0 1 
Seq_Frame0024_DriverToReference-SequenceTransformStatus = OK
Seq_Frame0024_Timestamp = 4.851
Seq_Frame0025_DriverToReference-SequenceTransform =0.798464 0.179767 0.574578 61.4124 -0.294208 0.94917 0.111882 232.46 -0.52526 -0.258379 0.810767 121.923 0 0 0 1 
Seq_Frame0025_DriverToReference-SequenceTransformStatus = OK
Seq_Frame0025_Timestamp = 4.961
Seq_Frame0026_DriverToReference-SequenceTransform =0.790313 0.199806 0.579209 65.0345 -0.299726 0.950576 0.081053 234.678 -0.534387 -0.237661 0.81114 122.512 0 0 0 1 
Seq_Frame0026_DriverToReference-SequenceTransformStatus = OK
Seq_Frame0026_Timestamp = 5.061
Seq_Frame0027_DriverToReference-SequenceTransform =0.788721 0.220506 0.573844 65.9202 -0.308275 0.949475 0.0588622 232.907 -0.53187 -0.223327 0.816847 124.566 0 0 0 1 
Seq_Frame0027_DriverToReference-SequenceTransformStatus = OK
Seq_Frame0027_Timestamp = 5.167
Seq_Frame0028_DriverToReference-SequenceTransform =0.774432 0.222734 0.592153 64.6519 -0.317447 0.946428 0.0591738 231.872 -0.54725 -0.233803 0.80365 125.003 0 0 0 1 
Seq_Frame0028_DriverToReference-SequenceTransformStatus = OK
Seq_Frame0028_Timestamp = 5.271
Seq_Frame0029_DriverToReference-SequenceTransform =0.793337 0.228012 0.56447 59.3592 -0.322005 0.944055 0.0712215 230.619 -0.516652 -0.238265 0.822375 130.918 0 0 0 1 
Seq_Frame0029_DriverToReference-SequenceTransformStatus = OK
Seq_Frame0029_Timestamp = 5.382
Seq_Frame0030_DriverToReference-SequenceTransform =0.796187 0.195208 0.572695 57.1187 -0.303257 0.9478 0.0985365 233.203 -0.523565 -0.252128 0.813825 128.291 0 0 0 1 
Seq_Frame0030_DriverToReference-SequenceTransformStatus = OK
Seq_Frame0030_Timestamp = 5.486
Seq_Frame0031_DriverToReference-SequenceTransform =0.803298 0.199856 0.561043 57.2098 -0.290788 0.953715 0.0766137 234.156 -0.519764 -0.224688 0.824233 128.625 0 0 0 1 
Seq_Frame0031_DriverToReference-SequenceTransformStatus = OK
Seq_Frame0031_Timestamp = 5.597
Seq_Frame0032_DriverToReference-SequenceTransform =0.805437 0.179836 0.564739 54.8309 -0.255846 0.965 0.0575952 237.326 -0.534616 -0.190876 0.823257 128.904 0 0 0 1 
Seq_Frame0032_DriverToReference-SequenceTransformStatus = OK
Seq_Frame0032_Timestamp = 5.701
Seq_Frame0033_DriverToReference-SequenceTransform =0.81747 0.163121 0.552389 53.7257 -0.232062 0.971049 0.0566722 239.197 -0.527152 -0.174516 0.831658 128.739 0 0 0 1 
Seq_Frame0033_DriverToReference-SequenceTransformStatus = OK
Seq_Frame0033_Timestamp = 5.812
Seq_Frame0034_DriverToReference-SequenceTransform =0.821375 0.172569 0.543657 58.1795 -0.232653 0.971605 0.0430915 239.67 -0.520784 -0.161878 0.8382 127.98 0 0 0 1 
Seq_Frame0034_DriverToReference-SequenceTransformStatus = OK
Seq_Frame0034_Timestamp = 5.916
Seq_Frame0035_DriverToReference-SequenceTransform =0.827586 0.199109 0.52484 51.2299 -0.233179 0.972433 -0.00122744 228.618 -0.510616 -0.121366 0.8512 147.163 0 0 0 1 
Seq_Frame0035_DriverToReference-SequenceTransformStatus = OK
Seq_Frame0035_Timestamp = 6.361
Seq_Frame0036_DriverToReference-SequenceTransform =0.828435 0.214874 0.517228 50.6736 -0.273211 0.961192 0.0382862 227.412 -0.488929 -0.17303 0.854991 140.476 0 0 0 1 
Seq_Frame0036_DriverToReference-SequenceTransformStatus = OK
Seq_Frame0036_Timestamp = 6.471
Seq_Frame0037_DriverToReference-SequenceTransform =0.821107 0.22962 0.52255 51.5402 -0.294172 0.954799 0.0426856 226.174 -0.489129 -0.188769 0.85154 140.598 0 0 0 1 
Seq_Frame0037_DriverToReference-SequenceTransformStatus = OK
Seq_Frame0037_Timestamp = 6.576
Seq_Frame0038_DriverToReference-SequenceTransform =0.822066 0.234745 0.51875 51.3976 -0.317413 0.945298 0.0752392 224.169 -0.472712 -0.22651 0.851609 139.967 0 0 0 1 
Seq_Frame0038_DriverToReference-SequenceTransformStatus = OK
Seq_Frame0038_Timestamp = 6.687
Seq_Frame0039_DriverToReference-SequenceTransform =0.800356 0.31961 0.507228 55.0066 -0.384994 0.922548 0.0261752 219.142 -0.459576 -0.216229 0.861414 143.544 0 0 0 1 
Seq_Frame0039_DriverToReference-SequenceTransformStatus = OK
Seq_Frame0039_Timestamp = 6.791
Seq_Frame0040_DriverToReference-SequenceTransform =0.79146 0.30617 0.529009 53.4168 -0.357853 0.933764 -0.00503738 219.807 -0.495512 -0.185321 0.848601 147.855 0 0 0 1 
Seq_Frame0040_DriverToReference-SequenceTransformStatus = OK
Seq_Frame0040_Timestamp = 6.897
Seq_Frame0041_DriverToReference-SequenceTransform =0.789596 0.326535 0.519532 54.6325 -0.364532 0.930677 -0.030923 217.018 -0.493614 -0.164969 0.853891 152.281 0 0 0 1 
Seq_Frame0041_DriverToReference-SequenceTransformStatus = OK
Seq_Frame0041_Timestamp = 7.002
Seq_Frame0042_DriverToReference-SequenceTransform =0.777598 0.357394 0.517311 52.7285 -0.399817 0.916041 -0.0318784 218.276 -0.485271 -0.182041 0.855204 146.383 0 0 0 1 
Seq_Frame0042_DriverToReference-SequenceTransformStatus = OK
Seq_Frame0042_Timestamp = 7.542
Seq_Frame0043_DriverToReference-SequenceTransform =0.779721 0.318133 0.539283 50.168 -0.404506 0.913376 0.0460381 221.675 -0.477922 -0.25404 0.840865 142.424 0 0 0 1 
Seq_Frame0043_DriverToReference-SequenceTransformStatus = OK
Seq_Frame0043_Timestamp = 7.651
Seq_Frame0044_DriverToReference-SequenceTransform =0.78137 0.334238 0.527016 49.5374 -0.397855 0.917413 0.00804177 223.607 -0.480803 -0.21596 0.849817 138.21 0 0 0 1 
Seq_Frame0044_DriverToReference-SequenceTransformStatus = OK
Seq_Frame0044_Timestamp = 7.757
Seq_Frame0045_DriverToReference-SequenceTransform =0.785265 0.294304 0.544742 49.5042 -0.385608 0.920814 0.0583848 222.859 -0.484423 -0.255904 0.836569 140.034 0 0 0 1 
Seq_Frame0045_DriverToReference-SequenceTransformStatus = OK
Seq_Frame0045_Timestamp = 7.861
Seq_Frame0046_DriverToReference-SequenceTransform =0.791105 0.246323 0.55989 47.0265 -0.346975 0.934531 0.0791183 221.591 -0.503746 -0.256859 0.824781 141.797 0 0 0 1 
Seq_Frame0046_DriverToReference-SequenceTransformStatus = OK
Seq_Frame0046_Timestamp = 7.971
Seq_Frame0047_DriverToReference-SequenceTransform =0.497431 -0.5449 0.675016 1.74042 0.0134869 0.782877 0.622031 249.063 -0.867399 -0.300313 0.396776 129.881 0 0 0 1 
Seq_Frame0047_DriverToReference-SequenceTransformStatus = OK
Seq_Frame0047_Timestamp = 8.321
Seq_Frame0048_DriverToReference-SequenceTransform =0.507547 -0.562236 0.652907 -2.45266 -0.0503727 0.737105 0.673899 238.616 -0.860151 -0.374924 0.345794 129.358 0 0 0 1 
Seq_Frame0048_DriverToReference-SequenceTransformStatus = OK
Seq_Frame0048_Timestamp = 8.427
Seq_Frame0049_DriverToReference-SequenceTransform =0.413691 -0.646251 0.641263 -9.40423 -0.128075 0.656047 0.743773 229.603 -0.901364 -0.389822 0.188632 131.199 0 0 0 1 
Seq_Frame0049_DriverToReference-SequenceTransformStatus = OK
Seq_Frame0049_Timestamp = 8.532
Seq_Frame0050_DriverToReference-SequenceTransform =0.413691 -0.646251 0.641263 -9.40423 -0.128075 0.656047 0.743773 229.603 -0.901364 -0.389822 0.188632 131.199 0 0 0 1 
Seq_Frame0050_DriverToReference-SequenceTransformStatus = OK
Seq_Frame0050_Timestamp = 8.636
Seq_Frame0051_DriverToReference-SequenceTransform =0.413691 -0.646251 0.641263 -9.40423 -0.128075 0.656047 0.743773 229.603 -0.901364 -0.389822 0.188632 131.199 0 0 0 1 
Seq_Frame0051_DriverToReference-SequenceTransformStatus = OK
Seq_Frame0051_Timestamp = 8.741
Seq_Frame0052_DriverToReference-SequenceTransform =0.413691 -0.646251 0.641263 -9.40423 -0.128075 0.656047 0.743773 229.603 -0.901364 -0.389822 0.188632 131.199 0 0 0 1 
Seq_Frame0052_DriverToReference-SequenceTransformStatus = OK
Seq_Frame0052_Timestamp = 8.841
Seq_Frame0053_DriverToReference-SequenceTransform =0.413691 -0.646251 0.641263 -9.40423 -0.128075 0.656047 0.743773 229.603 -0.901364 -0.389822 0.188632 131.199 0 0 0 1 
Seq_Frame0053_DriverToReference-SequenceTransformStatus = OK
Seq_Frame0053_Timestamp = 8.951
Seq_Frame0054_DriverToReference-SequenceTransform =0.413691 -0.646251 0.641263 -9.40423 -0.128075 0.656047 0.743773 229.603 -0.901364 -0.389822 0.188632 131.199 0 0 0 1 
Seq_Frame0054_DriverToReference-SequenceTransformStatus = OK
Seq_Frame0054_Timestamp = 9.056
Seq_Frame0055_DriverToReference-SequenceTransform =-0.0269585 -0.0577541 0.997967 -15.7216 -0.295928 0.954042 0.047218 258.56 -0.95483 -0.294054 -0.0428106 134.101 0 0 0 1 
Seq_Frame0055_DriverToReference-SequenceTransformStatus = OK
Seq_Frame0055_Timestamp = 9.167
Seq_Frame0056_DriverToReference-SequenceTransform =-5.42048e-05 0.0263291 0.999653 -12.4514 -0.24795 0.968437 -0.0255204 261.328 -0.968773 -0.247866 0.00647582 135.656 0 0 0 1 
Seq_Frame0056_DriverToReference-SequenceTransformStatus = OK
Seq_Frame0056_Timestamp = 9.277
Seq_Frame0057_DriverToReference-SequenceTransform =-5.42048e-05 0.0263291 0.999653 -12.4514 -0.24795 0.968437 -0.0255204 261.328 -0.968773 -0.247866 0.00647582 135.656 0 0 0 1 
Seq_Frame0057_DriverToReference-SequenceTransformStatus = OK
Seq_Frame0057_Timestamp = 9.382
Seq_Frame0058_DriverToReference-SequenceTransform =0.0452908 -0.104277 0.993517 -26.1186 -0.305948 0.945299 0.113163 247.157 -0.95097 -0.30909 0.0109101 138.822 0 0 0 1 
Seq_Frame0058_DriverToReference-SequenceTransformStatus = OK
Seq_Frame0058_Timestamp = 9.486
Seq_Frame0059_DriverToReference-SequenceTransform =0.161297 -0.0543662 0.985407 -20.175 -0.461495 0.878433 0.124004 242.062 -0.872356 -0.474762 0.116599 136.479 0 0 0 1 
Seq_Frame0059_DriverToReference-SequenceTransformStatus = OK
Seq_Frame0059_Timestamp = 9.594
Seq_Frame0060_DriverToReference-SequenceTransform =0.097838 -0.0363333 0.994539 -15.2334 -0.492442 0.866651 0.0801053 243.346 -0.864828 -0.497591 0.0668993 137.148 0 0 0 1 
Seq_Frame0060_DriverToReference-SequenceTransformStatus = OK
Seq_Frame0060_Timestamp = 9.702
Seq_Frame0061_DriverToReference-SequenceTransform =0.0907991 -0.0228191 0.995608 -10.9313 -0.505972 0.860032 0.0658563 247.562 -0.857757 -0.50973 0.0665443 139.185 0 0 0 1 
Seq_Frame0061_DriverToReference-SequenceTransformStatus = OK
Seq_Frame0061_Timestamp = 9.806
Seq_Frame0062_DriverToReference-SequenceTransform =0.0762756 -0.00629873 0.997067 -11.5616 -0.513909 0.856678 0.0447259 248.901 -0.854447 -0.515814 0.0621066 139.626 0 0 0 1 
Seq_Frame0062_DriverToReference-SequenceTransformStatus = OK
Seq_Frame0062_Timestamp = 9.917
Seq_Frame0063_DriverToReference-SequenceTransform =0.072637 -0.0104103 0.997304 -12.9584 -0.523944 0.850453 0.047038 247.392 -0.84865 -0.525948 0.0563199 139.13 0 0 0 1 
Seq_Frame0063_DriverToReference-SequenceTransformStatus = OK
Seq_Frame0063_Timestamp = 10.021
Seq_Frame0064_DriverToReference-SequenceTransform =0.072637 -0.0104103 0.997304 -12.9584 -0.523944 0.850453 0.047038 247.392 -0.84865 -0.525948 0.0563199 139.13 0 0 0 1 
Seq_Frame0064_DriverToReference-SequenceTransformStatus = OK
Seq_Frame0064_Timestamp = 10.131
Seq_Frame0065_DriverToReference-SequenceTransform =0.072637 -0.0104103 0.997304 -12.9584 -0.523944 0.850453 0.047038 247.392 -0.84865 -0.525948 0.0563199 139.13 0 0 0 1 
Seq_Frame0065_DriverToReference-SequenceTransformStatus = OK
Seq_Frame0065_Timestamp = 10.235
Seq_Frame0066_DriverToReference-SequenceTransform =0.072637 -0.0104103 0.997304 -12.9584 -0.523944 0.850453 0.047038 247.392 -0.84865 -0.525948 0.0563199 139.13 0 0 0 1 
Seq_Frame0066_DriverToReference-SequenceTransformStatus = OK
Seq_Frame0066_Timestamp = 10.346
Seq_Frame0067_DriverToReference-SequenceTransform =0.072637 -0.0104103 0.997304 -12.9584 -0.523944 0.850453 0.047038 247.392 -0.84865 -0.525948 0.0563199 139.13 0 0 0 1 
Seq_Frame0067_DriverToReference-SequenceTransformStatus = OK
Seq_Frame0067_Timestamp = 10.451
Seq_Frame0068_DriverToReference-SequenceTransform =0.072637 -0.0104103 0.997304 -12.9584 -0.523944 0.850453 0.047038 247.392 -0.84865 -0.525948 0.0563199 139.13 0 0 0 1 
Seq_Frame0068_DriverToReference-SequenceTransformStatus = OK
Seq_Frame0068_Timestamp = 10.56
Seq_Frame0069_DriverToReference-SequenceTransform =0.072637 -0.0104103 0.997304 -12.9584 -0.523944 0.850453 0.047038 247.392 -0.84865 -0.525948 0.0563199 139.13 0 0 0 1 
Seq_Frame0069_DriverToReference-SequenceTransformStatus = OK
Seq_Frame0069_Timestamp = 10.671
Seq_Frame0070_DriverToReference-SequenceTransform =0.072637 -0.0104103 0.997304 -12.9584 -0.523944 0.850453 0.047038 247.392 -0.84865 -0.525948 0.0563199 139.13 0 0 0 1 
Seq_Frame0070_DriverToReference-SequenceTransformStatus = OK
Seq_Frame0070_Timestamp = 10.776
Seq_Frame0071_DriverToReference-SequenceTransform =0.072637 -0.0104103 0.997304 -12.9584 -0.523944 0.850453 0.047038 247.392 -0.84865 -0.525948 0.0563199 139.13 0 0 0 1 
Seq_Frame0071_DriverToReference-SequenceTransformStatus = OK
Seq_Frame0071_Timestamp = 10.887
Seq_Frame0072_DriverToReference-SequenceTransform =0.072637 -0.0104103 0.997304 -12.9584 -0.523944 0.850453 0.047038 247.392 -0.84865 -0.525948 0.0563199 139.13 0 0 0 1 
Seq_Frame0072_DriverToReference-SequenceTransformStatus = OK
Seq_Frame0072_Timestamp = 10.988
Seq_Frame0073_DriverToReference-SequenceTransform =0.072637 -0.0104103 0.997304 -12.9584 -0.523944 0.850453 0.047038 247.392 -0.84865 -0.525948 0.0563199 139.13 0 0 0 1 
Seq_Frame0073_DriverToReference-SequenceTransformStatus = OK
Seq_Frame0073_Timestamp = 11.097
Seq_Frame0074_DriverToReference-SequenceTransform =0.072637 -0.0104103 0.997304 -12.9584 -0.523944 0.850453 0.047038 247.392 -0.84865 -0.525948 0.0563199 139.13 0 0 0 1 
Seq_Frame0074_DriverToReference-SequenceTransformStatus = OK
Seq_Frame0074_Timestamp = 11.202
Seq_Frame0075_DriverToReference-SequenceTransform =0.072637 -0.0104103 0.997304 -12.9584 -0.523944 0.850453 0.047038 247.392 -0.84865 -0.525948 0.0563199 139.13 0 0 0 1 
Seq_Frame0075_DriverToReference-SequenceTransformStatus = OK
Seq_Frame0075_Timestamp = 11.307
Seq_Frame0076_DriverToReference-SequenceTransform =0.072637 -0.0104103 0.997304 -12.9584 -0.523944 0.850453 0.047038 247.392 -0.84865 -0.525948 0.0563199 139.13 0 0 0 1 
Seq_Frame0076_DriverToReference-SequenceTransformStatus = OK
Seq_Frame0076_Timestamp = 11.413
Seq_Frame0077_DriverToReference-SequenceTransform =0.072637 -0.0104103 0.997304 -12.9584 -0.523944 0.850453 0.047038 247.392 -0.84865 -0.525948 0.0563199 139.13 0 0 0 1 
Seq_Frame0077_DriverToReference-SequenceTransformStatus = OK
Seq_Frame0077_Timestamp = 11.521
Seq_Frame0078_DriverToReference-SequenceTransform =0.072637 -0.0104103 0.997304 -12.9584 -0.523944 0.850453 0.047038 247.392 -0.84865 -0.525948 0.0563199 139.13 0 0 0 1 
Seq_Frame0078_DriverToReference-SequenceTransformStatus = OK
Seq_Frame0078_Timestamp = 11.629
Seq_Frame0079_DriverToReference-SequenceTransform =0.072637 -0.0104103 0.997304 -12.9584 -0.523944 0.850453 0.047038 247.392 -0.84865 -0.525948 0.0563199 139.13 0 0 0 1 
Seq_Frame0079_DriverToReference-SequenceTransformStatus = OK
Seq_Frame0079_Timestamp = 11.736
Seq_Frame0080_DriverToReference-SequenceTransform =0.072637 -0.0104103 0.997304 -12.9584 -0.523944 0.850453 0.047038 247.392 -0.84865 -0.525948 0.0563199 139.13 0 0 0 1 
Seq_Frame0080_DriverToReference-SequenceTransformStatus = OK
Seq_Frame0080_Timestamp = 11.838
Seq_Frame0081_DriverToReference-SequenceTransform =0.072637 -0.0104103 0.997304 -12.9584 -0.523944 0.850453 0.047038 247.392 -0.84865 -0.525948 0.0563199 139.13 0 0 0 1 
Seq_Frame0081_DriverToReference-SequenceTransformStatus = OK
Seq_Frame0081_Timestamp = 11.946
Seq_Frame0082_DriverToReference-SequenceTransform =0.072637 -0.0104103 0.997304 -12.9584 -0.523944 0.850453 0.047038 247.392 -0.84865 -0.525948 0.0563199 139.13 0 0 0 1 
Seq_Frame0082_DriverToReference-SequenceTransformStatus = OK
Seq_Frame0082_Timestamp = 12.056
Seq_Frame0083_DriverToReference-SequenceTransform =0.072637 -0.0104103 0.997304 -12.9584 -0.523944 0.850453 0.047038 247.392 -0.84865 -0.525948 0.0563199 139.13 0 0 0 1 
Seq_Frame0083_DriverToReference-SequenceTransformStatus = OK
Seq_Frame0083_Timestamp = 12.16
Seq_Frame0084_DriverToReference-SequenceTransform =0.072637 -0.0104103 0.997304 -12.9584 -0.523944 0.850453 0.047038 247.392 -0.84865 -0.525948 0.0563199 139.13 0 0 0 1 
Seq_Frame0084_DriverToReference-SequenceTransformStatus = OK
Seq_Frame0084_Timestamp = 12.266
Seq_Frame0085_DriverToReference-SequenceTransform =0.072637 -0.0104103 0.997304 -12.9584 -0.523944 0.850453 0.047038 247.392 -0.84865 -0.525948 0.0563199 139.13 0 0 0 1 
Seq_Frame0085_DriverToReference-SequenceTransformStatus = OK
Seq_Frame0085_Timestamp = 12.376
Seq_Frame0086_DriverToReference-SequenceTransform =0.072637 -0.0104103 0.997304 -12.9584 -0.523944 0.850453 0.047038 247.392 -0.84865 -0.525948 0.0563199 139.13 0 0 0 1 
Seq_Frame0086_DriverToReference-SequenceTransformStatus = OK
Seq_Frame0086_Timestamp = 12.481
Seq_Frame0087_DriverToReference-SequenceTransform =-0.188863 0.661592 0.72569 27.3315 -0.51901 0.560094 -0.645696 256.351 -0.833642 -0.498589 0.237592 135.138 0 0 0 1 
Seq_Frame0087_DriverToReference-SequenceTransformStatus = OK
Seq_Frame0087_Timestamp = 12.587
Seq_Frame0088_DriverToReference-SequenceTransform =-0.27728 0.825268 0.491984 37.8702 -0.430088 0.351279 -0.831641 251.371 -0.85915 -0.442194 0.257535 136.919 0 0 0 1 
Seq_Frame0088_DriverToReference-SequenceTransformStatus = OK
Seq_Frame0088_Timestamp = 12.696
Seq_Frame0089_DriverToReference-SequenceTransform =-0.324266 0.858775 0.396682 42.0957 -0.388177 0.26161 -0.883673 247.745 -0.862653 -0.440528 0.248525 139.155 0 0 0 1 
Seq_Frame0089_DriverToReference-SequenceTransformStatus = OK
Seq_Frame0089_Timestamp = 12.802
Seq_Frame0090_DriverToReference-SequenceTransform =-0.342042 0.872528 0.348857 44.2004 -0.343247 0.229583 -0.910754 248.523 -0.87475 -0.431261 0.220966 140.707 0 0 0 1 
Seq_Frame0090_DriverToReference-SequenceTransformStatus = OK
Seq_Frame0090_Timestamp = 12.906
Seq_Frame0091_DriverToReference-SequenceTransform =-0.346609 0.888635 0.300317 46.8904 -0.328031 0.185117 -0.926352 246.997 -0.878782 -0.419596 0.227336 139.784 0 0 0 1 
Seq_Frame0091_DriverToReference-SequenceTransformStatus = OK
Seq_Frame0091_Timestamp = 13.01
Seq_Frame0092_DriverToReference-SequenceTransform =-0.867321 0.410231 -0.281894 46.9886 -0.134291 0.352479 0.926134 244.636 0.479291 0.841112 -0.250622 139.317 0 0 0 1 
Seq_Frame0092_DriverToReference-SequenceTransformStatus = OK
Seq_Frame0092_Timestamp = 13.122
Seq_Frame0093_DriverToReference-SequenceTransform =-0.879418 0.404548 -0.250928 45.5727 -0.116515 0.328159 0.937409 243.479 0.461571 0.853611 -0.241453 140.03 0 0 0 1 
Seq_Frame0093_DriverToReference-SequenceTransformStatus = OK
Seq_Frame0093_Timestamp = 13.232
Seq_Frame0094_DriverToReference-SequenceTransform =-0.88127 0.405246 -0.243184 47.8002 -0.107527 0.329136 0.938141 243.387 0.460218 0.852904 -0.246483 140.028 0 0 0 1 
Seq_Frame0094_DriverToReference-SequenceTransformStatus = OK
Seq_Frame0094_Timestamp = 13.336
Seq_Frame0095_DriverToReference-SequenceTransform =-0.89419 0.395046 -0.210627 48.2562 -0.0948269 0.292671 0.9515 244.602 0.43753 0.870794 -0.224242 140.349 0 0 0 1 
Seq_Frame0095_DriverToReference-SequenceTransformStatus = OK
Seq_Frame0095_Timestamp = 13.441
Seq_Frame0096_DriverToReference-SequenceTransform =-0.876741 0.41655 -0.240439 47.6192 -0.109924 0.313138 0.943325 245.325 0.468233 0.853481 -0.228752 140.369 0 0 0 1 
Seq_Frame0096_DriverToReference-SequenceTransformStatus = OK
Seq_Frame0096_Timestamp = 13.551
Seq_Frame0097_DriverToReference-SequenceTransform =-0.879892 0.413046 -0.234912 46.9212 -0.104007 0.314971 0.943385 245.376 0.463652 0.85451 -0.234181 140.016 0 0 0 1 
Seq_Frame0097_DriverToReference-SequenceTransformStatus = OK
Seq_Frame0097_Timestamp = 13.656
Seq_Frame0098_DriverToReference-SequenceTransform =-0.890567 0.406996 -0.203089 47.3094 -0.0840684 0.291519 0.952864 245.072 0.447016 0.865662 -0.225402 140.71 0 0 0 1 
Seq_Frame0098_DriverToReference-SequenceTransformStatus = OK
Seq_Frame0098_Timestamp = 13.766
Seq_Frame0099_DriverToReference-SequenceTransform =-0.879359 0.414722 -0.233951 45.342 -0.100036 0.319457 0.942306 244.578 0.465533 0.852029 -0.23943 141.057 0 0 0 1 
Seq_Frame0099_DriverToReference-SequenceTransformStatus = OK
Seq_Frame0099_Timestamp = 13.877
Seq_Frame0100_DriverToReference-SequenceTransform =-0.879254 0.417316 -0.229694 44.8551 -0.0983522 0.312763 0.944725 244.902 0.466089 0.853245 -0.233954 140.752 0 0 0 1 
Seq_Frame0100_DriverToReference-SequenceTransformStatus = OK
Seq_Frame0100_Timestamp = 13.991
Seq_Frame0101_DriverToReference-SequenceTransform =-0.878011 0.419705 -0.230095 44.2908 -0.0940852 0.320011 0.942731 244.707 0.469302 0.849377 -0.241485 140.57 0 0 0 1 
Seq_Frame0101_DriverToReference-SequenceTransformStatus = OK
Seq_Frame0101_Timestamp = 14.094
Seq_Frame0102_DriverToReference-SequenceTransform =-0.88037 0.419496 -0.221296 44.2601 -0.0913436 0.307886 0.947028 245.056 0.465409 0.853949 -0.232736 140.193 0 0 0 1 
Seq_Frame0102_DriverToReference-SequenceTransformStatus = OK
Seq_Frame0102_Timestamp = 14.201
Seq_Frame0103_DriverToReference-SequenceTransform =-0.875467 0.421368 -0.236659 44.6109 -0.099553 0.321952 0.941507 244.618 0.472914 0.847818 -0.23991 140.604 0 0 0 1 
Seq_Frame0103_DriverToReference-SequenceTransformStatus = OK
Seq_Frame0103_Timestamp = 14.31
Seq_Frame0104_DriverToReference-SequenceTransform =-0.861976 0.426821 -0.273536 44.0455 -0.123942 0.345767 0.930099 245.291 0.491565 0.835625 -0.245141 140.336 0 0 0 1 
Seq_Frame0104_DriverToReference-SequenceTransformStatus = OK
Seq_Frame0104_Timestamp = 14.416
Seq_Frame0105_DriverToReference-SequenceTransform =-0.852118 0.434895 -0.291136 43.3555 -0.137788 0.350239 0.92647 245.534 0.504885 0.829577 -0.238522 140.139 0 0 0 1 
Seq_Frame0105_DriverToReference-SequenceTransformStatus = OK
Seq_Frame0105_Timestamp = 14.526
Seq_Frame0106_DriverToReference-SequenceTransform =-0.837907 0.411516 -0.358562 41.3289 -0.190465 0.395186 0.898638 246.387 0.511503 0.821269 -0.25275 139.951 0 0 0 1 
Seq_Frame0106_DriverToReference-SequenceTransformStatus = OK
Seq_Frame0106_Timestamp = 14.631
Seq_Frame0107_DriverToReference-SequenceTransform =-0.835979 0.354321 -0.419041 43.4743 -0.234572 0.459605 0.856586 250.11 0.4961 0.814383 -0.301106 139.256 0 0 0 1 
Seq_Frame0107_DriverToReference-SequenceTransformStatus = OK
Seq_Frame0107_Timestamp = 14.741
Seq_Frame0108_DriverToReference-SequenceTransform =-0.835775 0.295767 -0.462605 49.7547 -0.251064 0.543429 0.801032 253.362 0.488311 0.785626 -0.379927 136.554 0 0 0 1 
Seq_Frame0108_DriverToReference-SequenceTransformStatus = OK
Seq_Frame0108_Timestamp = 14.852
Seq_Frame0109_DriverToReference-SequenceTransform =-0.695608 -0.108211 -0.710226 59.9198 -0.595411 0.640031 0.48564 261.873 0.402015 0.760691 -0.50964 133.97 0 0 0 1 
Seq_Frame0109_DriverToReference-SequenceTransformStatus = OK
Seq_Frame0109_Timestamp = 14.956
Seq_Frame0110_DriverToReference-SequenceTransform =-0.411287 -0.38609 -0.825698 45.0934 -0.843912 0.503623 0.184869 278.019 0.344464 0.772851 -0.53296 132.318 0 0 0 1 
Seq_Frame0110_DriverToReference-SequenceTransformStatus = OK
Seq_Frame0110_Timestamp = 15.066
Seq_Frame0111_DriverToReference-SequenceTransform =-0.497666 -0.288656 -0.817928 4.99949 -0.805865 0.502643 0.312939 280.769 0.320795 0.814879 -0.482766 128.486 0 0 0 1 
Seq_Frame0111_DriverToReference-SequenceTransformStatus = OK
Seq_Frame0111_Timestamp = 15.171
Seq_Frame0112_DriverToReference-SequenceTransform =-0.477716 -0.250338 -0.842091 -17.8384 -0.784521 0.552945 0.280676 270.111 0.395366 0.794722 -0.460546 121.827 0 0 0 1 
Seq_Frame0112_DriverToReference-SequenceTransformStatus = OK
Seq_Frame0112_Timestamp = 15.282
Seq_Frame0113_DriverToReference-SequenceTransform =-0.472067 -0.306878 -0.826425 -18.0959 -0.793293 0.556752 0.246401 264.455 0.384499 0.771915 -0.506268 117.953 0 0 0 1 
Seq_Frame0113_DriverToReference-SequenceTransformStatus = OK
Seq_Frame0113_Timestamp = 15.385
Seq_Frame0114_DriverToReference-SequenceTransform =-0.472067 -0.306878 -0.826425 -18.0959 -0.793293 0.556752 0.246401 264.455 0.384499 0.771915 -0.506268 117.953 0 0 0 1 
Seq_Frame0114_DriverToReference-SequenceTransformStatus = OK
Seq_Frame0114_Timestamp = 15.494
Seq_Frame0115_DriverToReference-SequenceTransform =-0.472067 -0.306878 -0.826425 -18.0959 -0.793293 0.556752 0.246401 264.455 0.384499 0.771915 -0.506268 117.953 0 0 0 1 
Seq_Frame0115_DriverToReference-SequenceTransformStatus = OK
Seq_Frame0115_Timestamp = 15.601
Seq_Frame0116_DriverToReference-SequenceTransform =-0.472067 -0.306878 -0.826425 -18.0959 -0.793293 0.556752 0.246401 264.455 0.384499 0.771915 -0.506268 117.953 0 0 0 1 
Seq_Frame0116_DriverToReference-SequenceTransformStatus = OK
Seq_Frame0116_Timestamp = 15.71
Seq_Frame0117_DriverToReference-SequenceTransform =-0.472067 -0.306878 -0.826425 -18.0959 -0.793293 0.556752 0.246401 264.455 0.384499 0.771915 -0.506268 117.953 0 0 0 1 
Seq_Frame0117_DriverToReference-SequenceTransformStatus = OK
Seq_Frame0117_Timestamp = 15.816
Seq_Frame0118_DriverToReference-SequenceTransform =-0.472067 -0.306878 -0.826425 -18.0959 -0.793293 0.556752 0.246401 264.455 0.384499 0.771915 -0.506268 117.953 0 0 0 1 
Seq_Frame0118_DriverToReference-SequenceTransformStatus = OK
Seq_Frame0118_Timestamp = 15.922
Seq_Frame0119_DriverToReference-SequenceTransform =-0.472067 -0.306878 -0.826425 -18.0959 -0.793293 0.556752 0.246401 264.455 0.384499 0.771915 -0.506268 117.953 0 0 0 1 
Seq_Frame0119_DriverToReference-SequenceTransformStatus = OK
Seq_Frame0119_Timestamp = 16.031
Seq_Frame0120_DriverToReference-SequenceTransform =-0.472067 -0.306878 -0.826425 -18.0959 -0.793293 0.556752 0.246401 264.455 0.384499 0.771915 -0.506268 117.953 0 0 0 1 
Seq_Frame0120_DriverToReference-SequenceTransformStatus = OK
Seq_Frame0120_Timestamp = 16.141
Seq_Frame0121_DriverToReference-SequenceTransform =-0.472067 -0.306878 -0.826425 -18.0959 -0.793293 0.556752 0.246401 264.455 0.384499 0.771915 -0.506268 117.953 0 0 0 1 
Seq_Frame0121_DriverToReference-SequenceTransformStatus = OK
Seq_Frame0121_Timestamp = 16.252
Seq_Frame0122_DriverToReference-SequenceTransform =-0.472067 -0.306878 -0.826425 -18.0959 -0.793293 0.556752 0.246401 264.455 0.384499 0.771915 -0.506268 117.953 0 0 0 1 
Seq_Frame0122_DriverToReference-SequenceTransformStatus = OK
Seq_Frame0122_Timestamp = 16.357
Seq_Frame0123_DriverToReference-SequenceTransform =-0.472067 -0.306878 -0.826425 -18.0959 -0.793293 0.556752 0.246401 264.455 0.384499 0.771915 -0.506268 117.953 0 0 0 1 
Seq_Frame0123_DriverToReference-SequenceTransformStatus = OK
Seq_Frame0123_Timestamp = 16.466
Seq_Frame0124_DriverToReference-SequenceTransform =-0.472067 -0.306878 -0.826425 -18.0959 -0.793293 0.556752 0.246401 264.455 0.384499 0.771915 -0.506268 117.953 0 0 0 1 
Seq_Frame0124_DriverToReference-SequenceTransformStatus = OK
Seq_Frame0124_Timestamp = 16.572
Seq_Frame0125_DriverToReference-SequenceTransform =-0.472067 -0.306878 -0.826425 -18.0959 -0.793293 0.556752 0.246401 264.455 0.384499 0.771915 -0.506268 117.953 0 0 0 1 
Seq_Frame0125_DriverToReference-SequenceTransformStatus = OK
Seq_Frame0125_Timestamp = 16.677
Seq_Frame0126_DriverToReference-SequenceTransform =-0.472067 -0.306878 -0.826425 -18.0959 -0.793293 0.556752 0.246401 264.455 0.384499 0.771915 -0.506268 117.953 0 0 0 1 
Seq_Frame0126_DriverToReference-SequenceTransformStatus = OK
Seq_Frame0126_Timestamp = 16.785
Seq_Frame0127_DriverToReference-SequenceTransform =-0.472067 -0.306878 -0.826425 -18.0959 -0.793293 0.556752 0.246401 264.455 0.384499 0.771915 -0.506268 117.953 0 0 0 1 
Seq_Frame0127_DriverToReference-SequenceTransformStatus = OK
Seq_Frame0127_Timestamp = 16.892
Seq_Frame0128_DriverToReference-SequenceTransform =-0.472067 -0.306878 -0.826425 -18.0959 -0.793293 0.556752 0.246401 264.455 0.384499 0.771915 -0.506268 117.953 0 0 0 1 
Seq_Frame0128_DriverToReference-SequenceTransformStatus = OK
Seq_Frame0128_Timestamp = 17.001
Seq_Frame0129_DriverToReference-SequenceTransform =-0.472067 -0.306878 -0.826425 -18.0959 -0.793293 0.556752 0.246401 264.455 0.384499 0.771915 -0.506268 117.953 0 0 0 1 
Seq_Frame0129_DriverToReference-SequenceTransformStatus = OK
Seq_Frame0129_Timestamp = 17.103
Seq_Frame0130_DriverToReference-SequenceTransform =-0.472067 -0.306878 -0.826425 -18.0959 -0.793293 0.556752 0.246401 264.455 0.384499 0.771915 -0.506268 117.953 0 0 0 1 
Seq_Frame0130_DriverToReference-SequenceTransformStatus = OK
Seq_Frame0130_Timestamp = 17.212
Seq_Frame0131_DriverToReference-SequenceTransform =-0.472067 -0.306878 -0.826425 -18.0959 -0.793293 0.556752 0.246401 264.455 0.384499 0.771915 -0.506268 117.953 0 0 0 1 
Seq_Frame0131_DriverToReference-SequenceTransformStatus = OK
Seq_Frame0131_Timestamp = 17.335
Seq_Frame0132_DriverToReference-SequenceTransform =-0.472067 -0.306878 -0.826425 -18.0959 -0.793293 0.556752 0.246401 264.455 0.384499 0.771915 -0.506268 117.953 0 0 0 1 
Seq_Frame0132_DriverToReference-SequenceTransformStatus = OK
Seq_Frame0132_Timestamp = 17.447
Seq_Frame0133_DriverToReference-SequenceTransform =-0.472067 -0.306878 -0.826425 -18.0959 -0.793293 0.556752 0.246401 264.455 0.384499 0.771915 -0.506268 117.953 0 0 0 1 
Seq_Frame0133_DriverToReference-SequenceTransformStatus = OK
Seq_Frame0133_Timestamp = 17.557
Seq_Frame0134_DriverToReference-SequenceTransform =-0.472067 -0.306878 -0.826425 -18.0959 -0.793293 0.556752 0.246401 264.455 0.384499 0.771915 -0.506268 117.953 0 0 0 1 
Seq_Frame0134_DriverToReference-SequenceTransformStatus = OK
Seq_Frame0134_Timestamp = 17.66
Seq_Frame0135_DriverToReference-SequenceTransform =0.0623735 -0.528557 -0.846603 -6.15704 -0.957213 0.208488 -0.200687 310.289 0.282581 0.822898 -0.492938 123.734 0 0 0 1 
Seq_Frame0135_DriverToReference-SequenceTransformStatus = OK
Seq_Frame0135_Timestamp = 17.768
Seq_Frame0136_DriverToReference-SequenceTransform =0.0878472 -0.550926 -0.829918 -6.36421 -0.964138 0.162438 -0.209886 352.342 0.250442 0.818593 -0.516899 139.311 0 0 0 1 
Seq_Frame0136_DriverToReference-SequenceTransformStatus = OK
Seq_Frame0136_Timestamp = 17.877
Seq_Frame0137_DriverToReference-SequenceTransform =0.10944 -0.563348 -0.81894 -4.85616 -0.968503 0.124952 -0.215381 392.677 0.223662 0.816717 -0.531929 160.056 0 0 0 1 
Seq_Frame0137_DriverToReference-SequenceTransformStatus = OK
Seq_Frame0137_Timestamp = 17.981
Seq_Frame0138_DriverToReference-SequenceTransform =0.171006 -0.600655 -0.781006 -2.1845 -0.95333 0.0993249 -0.285126 414.316 0.248836 0.793315 -0.555637 177.175 0 0 0 1 
Seq_Frame0138_DriverToReference-SequenceTransformStatus = OK
Seq_Frame0138_Timestamp = 18.092
Seq_Frame0139_DriverToReference-SequenceTransform =0.258412 -0.622907 -0.738383 0.757665 -0.913049 0.0921728 -0.397298 417.132 0.315539 0.776847 -0.544926 186.421 0 0 0 1 
Seq_Frame0139_DriverToReference-SequenceTransformStatus = OK
Seq_Frame0139_Timestamp = 18.197
Seq_Frame0140_DriverToReference-SequenceTransform =0.319537 -0.63953 -0.699212 8.75205 -0.861808 0.110624 -0.495024 394.205 0.393932 0.760765 -0.515804 189.169 0 0 0 1 
Seq_Frame0140_DriverToReference-SequenceTransformStatus = OK
Seq_Frame0140_Timestamp = 18.302
Seq_Frame0141_DriverToReference-SequenceTransform =0.41376 -0.651657 -0.635724 20.9049 -0.750691 0.150837 -0.643204 350.44 0.515039 0.743365 -0.426783 186.056 0 0 0 1 
Seq_Frame0141_DriverToReference-SequenceTransformStatus = OK
Seq_Frame0141_Timestamp = 18.412
Seq_Frame0142_DriverToReference-SequenceTransform =0.492436 -0.652812 -0.575625 29.1175 -0.627504 0.192004 -0.754568 307.387 0.603113 0.732783 -0.315092 182.61 0 0 0 1 
Seq_Frame0142_DriverToReference-SequenceTransformStatus = OK
Seq_Frame0142_Timestamp = 18.516
Seq_Frame0143_DriverToReference-SequenceTransform =0.598304 -0.568548 -0.564612 29.1973 -0.497036 0.289352 -0.818065 266.588 0.62848 0.770084 -0.109468 183.321 0 0 0 1 
Seq_Frame0143_DriverToReference-SequenceTransformStatus = OK
Seq_Frame0143_Timestamp = 18.627
Seq_Frame0144_DriverToReference-SequenceTransform =0.598304 -0.568548 -0.564612 29.1973 -0.497036 0.289352 -0.818065 266.588 0.62848 0.770084 -0.109468 183.321 0 0 0 1 
Seq_Frame0144_DriverToReference-SequenceTransformStatus = OK
Seq_Frame0144_Timestamp = 18.731
Seq_Frame0145_DriverToReference-SequenceTransform =0.598304 -0.568548 -0.564612 29.1973 -0.497036 0.289352 -0.818065 266.588 0.62848 0.770084 -0.109468 183.321 0 0 0 1 
Seq_Frame0145_DriverToReference-SequenceTransformStatus = OK
Seq_Frame0145_Timestamp = 18.851
Seq_Frame0146_DriverToReference-SequenceTransform =0.598304 -0.568548 -0.564612 29.1973 -0.497036 0.289352 -0.818065 266.588 0.62848 0.770084 -0.109468 183.321 0 0 0 1 
Seq_Frame0146_DriverToReference-SequenceTransformStatus = OK
Seq_Frame0146_Timestamp = 18.961
Seq_Frame0147_DriverToReference-SequenceTransform =0.598304 -0.568548 -0.564612 29.1973 -0.497036 0.289352 -0.818065 266.588 0.62848 0.770084 -0.109468 183.321 0 0 0 1 
Seq_Frame0147_DriverToReference-SequenceTransformStatus = OK
Seq_Frame0147_Timestamp = 19.068
Seq_Frame0148_DriverToReference-SequenceTransform =0.598304 -0.568548 -0.564612 29.1973 -0.497036 0.289352 -0.818065 266.588 0.62848 0.770084 -0.109468 183.321 0 0 0 1 
Seq_Frame0148_DriverToReference-SequenceTransformStatus = OK
Seq_Frame0148_Timestamp = 19.176
Seq_Frame0149_DriverToReference-SequenceTransform =0.598304 -0.568548 -0.564612 29.1973 -0.497036 0.289352 -0.818065 266.588 0.62848 0.770084 -0.109468 183.321 0 0 0 1 
Seq_Frame0149_DriverToReference-SequenceTransformStatus = OK
Seq_Frame0149_Timestamp = 19.284
Seq_Frame0150_DriverToReference-SequenceTransform =0.598304 -0.568548 -0.564612 29.1973 -0.497036 0.289352 -0.818065 266.588 0.62848 0.770084 -0.109468 183.321 0 0 0 1 
Seq_Frame0150_DriverToReference-SequenceTransformStatus = OK
Seq_Frame0150_Timestamp = 19.391
