ObjectType = Image
NDims = 3
AnatomicalOrientation = RAI
BinaryData = True
CompressedData = False
DimSize = 0 0 1840
ElementSpacing = 1 1 1
Offset = 0 0 0
TransformMatrix = 1 0 0 0 1 0 0 0 1
ElementType = MET_UCHAR
Kinds = domain domain list
Seq_Frame0000_ForcepToReference-SequenceTransform =0.191059 -0.510415 0.838435 18.8004 0.973368 0.208764 -0.0947181 182.046 -0.126689 0.834203 0.536708 57.0461 0 0 0 1 
Seq_Frame0000_ForcepToReference-SequenceTransformStatus = OK
Seq_Frame0000_Timestamp = 2.241
Seq_Frame0001_ForcepToReference-SequenceTransform =0.214756 -0.554474 0.804014 20.4002 0.976249 0.145967 -0.160097 189.198 -0.02859 0.8193 0.572652 60.3065 0 0 0 1 
Seq_Frame0001_ForcepToReference-SequenceTransformStatus = OK
Seq_Frame0001_Timestamp = 2.362
Seq_Frame0002_ForcepToReference-SequenceTransform =0.214756 -0.554474 0.804014 20.4002 0.976249 0.145967 -0.160097 189.198 -0.02859 0.8193 0.572652 60.3065 0 0 0 1 
Seq_Frame0002_ForcepToReference-SequenceTransformStatus = OK
Seq_Frame0002_Timestamp = 2.471
Seq_Frame0003_ForcepToReference-SequenceTransform =0.214756 -0.554474 0.804014 20.4002 0.976249 0.145967 -0.160097 189.198 -0.02859 0.8193 0.572652 60.3065 0 0 0 1 
Seq_Frame0003_ForcepToReference-SequenceTransformStatus = OK
Seq_Frame0003_Timestamp = 2.577
Seq_Frame0004_ForcepToReference-SequenceTransform =0.214756 -0.554474 0.804014 20.4002 0.976249 0.145967 -0.160097 189.198 -0.02859 0.8193 0.572652 60.3065 0 0 0 1 
Seq_Frame0004_ForcepToReference-SequenceTransformStatus = OK
Seq_Frame0004_Timestamp = 2.681
Seq_Frame0005_ForcepToReference-SequenceTransform =0.214756 -0.554474 0.804014 20.4002 0.976249 0.145967 -0.160097 189.198 -0.02859 0.8193 0.572652 60.3065 0 0 0 1 
Seq_Frame0005_ForcepToReference-SequenceTransformStatus = OK
Seq_Frame0005_Timestamp = 2.792
Seq_Frame0006_ForcepToReference-SequenceTransform =0.214756 -0.554474 0.804014 20.4002 0.976249 0.145967 -0.160097 189.198 -0.02859 0.8193 0.572652 60.3065 0 0 0 1 
Seq_Frame0006_ForcepToReference-SequenceTransformStatus = OK
Seq_Frame0006_Timestamp = 2.901
Seq_Frame0007_ForcepToReference-SequenceTransform =0.214756 -0.554474 0.804014 20.4002 0.976249 0.145967 -0.160097 189.198 -0.02859 0.8193 0.572652 60.3065 0 0 0 1 
Seq_Frame0007_ForcepToReference-SequenceTransformStatus = OK
Seq_Frame0007_Timestamp = 3.006
Seq_Frame0008_ForcepToReference-SequenceTransform =0.214756 -0.554474 0.804014 20.4002 0.976249 0.145967 -0.160097 189.198 -0.02859 0.8193 0.572652 60.3065 0 0 0 1 
Seq_Frame0008_ForcepToReference-SequenceTransformStatus = OK
Seq_Frame0008_Timestamp = 3.112
Seq_Frame0009_ForcepToReference-SequenceTransform =0.214756 -0.554474 0.804014 20.4002 0.976249 0.145967 -0.160097 189.198 -0.02859 0.8193 0.572652 60.3065 0 0 0 1 
Seq_Frame0009_ForcepToReference-SequenceTransformStatus = OK
Seq_Frame0009_Timestamp = 3.218
Seq_Frame0010_ForcepToReference-SequenceTransform =0.214756 -0.554474 0.804014 20.4002 0.976249 0.145967 -0.160097 189.198 -0.02859 0.8193 0.572652 60.3065 0 0 0 1 
Seq_Frame0010_ForcepToReference-SequenceTransformStatus = OK
Seq_Frame0010_Timestamp = 3.326
Seq_Frame0011_ForcepToReference-SequenceTransform =0.214756 -0.554474 0.804014 20.4002 0.976249 0.145967 -0.160097 189.198 -0.02859 0.8193 0.572652 60.3065 0 0 0 1 
Seq_Frame0011_ForcepToReference-SequenceTransformStatus = OK
Seq_Frame0011_Timestamp = 3.432
Seq_Frame0012_ForcepToReference-SequenceTransform =0.214756 -0.554474 0.804014 20.4002 0.976249 0.145967 -0.160097 189.198 -0.02859 0.8193 0.572652 60.3065 0 0 0 1 
Seq_Frame0012_ForcepToReference-SequenceTransformStatus = OK
Seq_Frame0012_Timestamp = 3.541
Seq_Frame0013_ForcepToReference-SequenceTransform =0.214756 -0.554474 0.804014 20.4002 0.976249 0.145967 -0.160097 189.198 -0.02859 0.8193 0.572652 60.3065 0 0 0 1 
Seq_Frame0013_ForcepToReference-SequenceTransformStatus = OK
Seq_Frame0013_Timestamp = 3.643
Seq_Frame0014_ForcepToReference-SequenceTransform =0.214756 -0.554474 0.804014 20.4002 0.976249 0.145967 -0.160097 189.198 -0.02859 0.8193 0.572652 60.3065 0 0 0 1 
Seq_Frame0014_ForcepToReference-SequenceTransformStatus = OK
Seq_Frame0014_Timestamp = 3.76
Seq_Frame0015_ForcepToReference-SequenceTransform =0.214756 -0.554474 0.804014 20.4002 0.976249 0.145967 -0.160097 189.198 -0.02859 0.8193 0.572652 60.3065 0 0 0 1 
Seq_Frame0015_ForcepToReference-SequenceTransformStatus = OK
Seq_Frame0015_Timestamp = 3.861
Seq_Frame0016_ForcepToReference-SequenceTransform =0.214756 -0.554474 0.804014 20.4002 0.976249 0.145967 -0.160097 189.198 -0.02859 0.8193 0.572652 60.3065 0 0 0 1 
Seq_Frame0016_ForcepToReference-SequenceTransformStatus = OK
Seq_Frame0016_Timestamp = 3.966
Seq_Frame0017_ForcepToReference-SequenceTransform =0.214756 -0.554474 0.804014 20.4002 0.976249 0.145967 -0.160097 189.198 -0.02859 0.8193 0.572652 60.3065 0 0 0 1 
Seq_Frame0017_ForcepToReference-SequenceTransformStatus = OK
Seq_Frame0017_Timestamp = 4.069
Seq_Frame0018_ForcepToReference-SequenceTransform =0.214756 -0.554474 0.804014 20.4002 0.976249 0.145967 -0.160097 189.198 -0.02859 0.8193 0.572652 60.3065 0 0 0 1 
Seq_Frame0018_ForcepToReference-SequenceTransformStatus = OK
Seq_Frame0018_Timestamp = 4.176
Seq_Frame0019_ForcepToReference-SequenceTransform =0.214756 -0.554474 0.804014 20.4002 0.976249 0.145967 -0.160097 189.198 -0.02859 0.8193 0.572652 60.3065 0 0 0 1 
Seq_Frame0019_ForcepToReference-SequenceTransformStatus = OK
Seq_Frame0019_Timestamp = 4.286
Seq_Frame0020_ForcepToReference-SequenceTransform =0.214756 -0.554474 0.804014 20.4002 0.976249 0.145967 -0.160097 189.198 -0.02859 0.8193 0.572652 60.3065 0 0 0 1 
Seq_Frame0020_ForcepToReference-SequenceTransformStatus = OK
Seq_Frame0020_Timestamp = 4.391
Seq_Frame0021_ForcepToReference-SequenceTransform =0.214756 -0.554474 0.804014 20.4002 0.976249 0.145967 -0.160097 189.198 -0.02859 0.8193 0.572652 60.3065 0 0 0 1 
Seq_Frame0021_ForcepToReference-SequenceTransformStatus = OK
Seq_Frame0021_Timestamp = 4.501
Seq_Frame0022_ForcepToReference-SequenceTransform =0.214756 -0.554474 0.804014 20.4002 0.976249 0.145967 -0.160097 189.198 -0.02859 0.8193 0.572652 60.3065 0 0 0 1 
Seq_Frame0022_ForcepToReference-SequenceTransformStatus = OK
Seq_Frame0022_Timestamp = 4.607
Seq_Frame0023_ForcepToReference-SequenceTransform =0.214756 -0.554474 0.804014 20.4002 0.976249 0.145967 -0.160097 189.198 -0.02859 0.8193 0.572652 60.3065 0 0 0 1 
Seq_Frame0023_ForcepToReference-SequenceTransformStatus = OK
Seq_Frame0023_Timestamp = 4.713
Seq_Frame0024_ForcepToReference-SequenceTransform =0.214756 -0.554474 0.804014 20.4002 0.976249 0.145967 -0.160097 189.198 -0.02859 0.8193 0.572652 60.3065 0 0 0 1 
Seq_Frame0024_ForcepToReference-SequenceTransformStatus = OK
Seq_Frame0024_Timestamp = 4.851
Seq_Frame0025_ForcepToReference-SequenceTransform =0.214756 -0.554474 0.804014 20.4002 0.976249 0.145967 -0.160097 189.198 -0.02859 0.8193 0.572652 60.3065 0 0 0 1 
Seq_Frame0025_ForcepToReference-SequenceTransformStatus = OK
Seq_Frame0025_Timestamp = 4.961
Seq_Frame0026_ForcepToReference-SequenceTransform =0.214756 -0.554474 0.804014 20.4002 0.976249 0.145967 -0.160097 189.198 -0.02859 0.8193 0.572652 60.3065 0 0 0 1 
Seq_Frame0026_ForcepToReference-SequenceTransformStatus = OK
Seq_Frame0026_Timestamp = 5.061
Seq_Frame0027_ForcepToReference-SequenceTransform =0.214756 -0.554474 0.804014 20.4002 0.976249 0.145967 -0.160097 189.198 -0.02859 0.8193 0.572652 60.3065 0 0 0 1 
Seq_Frame0027_ForcepToReference-SequenceTransformStatus = OK
Seq_Frame0027_Timestamp = 5.167
Seq_Frame0028_ForcepToReference-SequenceTransform =0.214756 -0.554474 0.804014 20.4002 0.976249 0.145967 -0.160097 189.198 -0.02859 0.8193 0.572652 60.3065 0 0 0 1 
Seq_Frame0028_ForcepToReference-SequenceTransformStatus = OK
Seq_Frame0028_Timestamp = 5.271
Seq_Frame0029_ForcepToReference-SequenceTransform =0.727385 0.583896 -0.360523 119.393 -0.642172 0.764391 -0.0576422 7.83902 0.241924 0.273446 0.930967 13.4664 0 0 0 1 
Seq_Frame0029_ForcepToReference-SequenceTransformStatus = OK
Seq_Frame0029_Timestamp = 5.382
Seq_Frame0030_ForcepToReference-SequenceTransform =0.852847 0.4721 -0.223099 120.757 -0.482114 0.876042 0.010805 35.3178 0.200545 0.0983441 0.974736 -6.93083 0 0 0 1 
Seq_Frame0030_ForcepToReference-SequenceTransformStatus = OK
Seq_Frame0030_Timestamp = 5.486
Seq_Frame0031_ForcepToReference-SequenceTransform =0.921324 0.327993 -0.208767 115.774 -0.357957 0.925171 -0.126193 72.4651 0.151755 0.190994 0.96979 -22.0485 0 0 0 1 
Seq_Frame0031_ForcepToReference-SequenceTransformStatus = OK
Seq_Frame0031_Timestamp = 5.597
Seq_Frame0032_ForcepToReference-SequenceTransform =0.897576 0.44063 -0.0142304 107.808 -0.433533 0.876339 -0.209949 90.8329 -0.0800393 0.194615 0.977609 -46.004 0 0 0 1 
Seq_Frame0032_ForcepToReference-SequenceTransformStatus = OK
Seq_Frame0032_Timestamp = 5.701
Seq_Frame0033_ForcepToReference-SequenceTransform =0.854213 0.409144 0.320814 91.0734 -0.180919 0.812388 -0.554342 126.033 -0.487431 0.415484 0.767974 -62.1497 0 0 0 1 
Seq_Frame0033_ForcepToReference-SequenceTransformStatus = OK
Seq_Frame0033_Timestamp = 5.812
Seq_Frame0034_ForcepToReference-SequenceTransform =0.827348 0.309562 0.468686 79.6907 -0.121144 0.913126 -0.389261 139.876 -0.54847 0.265276 0.792975 -84.3558 0 0 0 1 
Seq_Frame0034_ForcepToReference-SequenceTransformStatus = OK
Seq_Frame0034_Timestamp = 5.916
Seq_Frame0035_ForcepToReference-SequenceTransform =0.795336 0.357902 0.48923 76.9029 -0.153917 0.899873 -0.408092 142.93 -0.586302 0.249269 0.770789 -88.6564 0 0 0 1 
Seq_Frame0035_ForcepToReference-SequenceTransformStatus = OK
Seq_Frame0035_Timestamp = 6.361
Seq_Frame0036_ForcepToReference-SequenceTransform =0.795336 0.357902 0.48923 76.9029 -0.153917 0.899873 -0.408092 142.93 -0.586302 0.249269 0.770789 -88.6564 0 0 0 1 
Seq_Frame0036_ForcepToReference-SequenceTransformStatus = OK
Seq_Frame0036_Timestamp = 6.471
Seq_Frame0037_ForcepToReference-SequenceTransform =0.795336 0.357902 0.48923 76.9029 -0.153917 0.899873 -0.408092 142.93 -0.586302 0.249269 0.770789 -88.6564 0 0 0 1 
Seq_Frame0037_ForcepToReference-SequenceTransformStatus = OK
Seq_Frame0037_Timestamp = 6.576
Seq_Frame0038_ForcepToReference-SequenceTransform =0.795336 0.357902 0.48923 76.9029 -0.153917 0.899873 -0.408092 142.93 -0.586302 0.249269 0.770789 -88.6564 0 0 0 1 
Seq_Frame0038_ForcepToReference-SequenceTransformStatus = OK
Seq_Frame0038_Timestamp = 6.687
Seq_Frame0039_ForcepToReference-SequenceTransform =0.795336 0.357902 0.48923 76.9029 -0.153917 0.899873 -0.408092 142.93 -0.586302 0.249269 0.770789 -88.6564 0 0 0 1 
Seq_Frame0039_ForcepToReference-SequenceTransformStatus = OK
Seq_Frame0039_Timestamp = 6.791
Seq_Frame0040_ForcepToReference-SequenceTransform =0.795336 0.357902 0.48923 76.9029 -0.153917 0.899873 -0.408092 142.93 -0.586302 0.249269 0.770789 -88.6564 0 0 0 1 
Seq_Frame0040_ForcepToReference-SequenceTransformStatus = OK
Seq_Frame0040_Timestamp = 6.897
Seq_Frame0041_ForcepToReference-SequenceTransform =0.795336 0.357902 0.48923 76.9029 -0.153917 0.899873 -0.408092 142.93 -0.586302 0.249269 0.770789 -88.6564 0 0 0 1 
Seq_Frame0041_ForcepToReference-SequenceTransformStatus = OK
Seq_Frame0041_Timestamp = 7.002
Seq_Frame0042_ForcepToReference-SequenceTransform =0.795336 0.357902 0.48923 76.9029 -0.153917 0.899873 -0.408092 142.93 -0.586302 0.249269 0.770789 -88.6564 0 0 0 1 
Seq_Frame0042_ForcepToReference-SequenceTransformStatus = OK
Seq_Frame0042_Timestamp = 7.542
Seq_Frame0043_ForcepToReference-SequenceTransform =0.795336 0.357902 0.48923 76.9029 -0.153917 0.899873 -0.408092 142.93 -0.586302 0.249269 0.770789 -88.6564 0 0 0 1 
Seq_Frame0043_ForcepToReference-SequenceTransformStatus = OK
Seq_Frame0043_Timestamp = 7.651
Seq_Frame0044_ForcepToReference-SequenceTransform =0.795336 0.357902 0.48923 76.9029 -0.153917 0.899873 -0.408092 142.93 -0.586302 0.249269 0.770789 -88.6564 0 0 0 1 
Seq_Frame0044_ForcepToReference-SequenceTransformStatus = OK
Seq_Frame0044_Timestamp = 7.757
Seq_Frame0045_ForcepToReference-SequenceTransform =0.795336 0.357902 0.48923 76.9029 -0.153917 0.899873 -0.408092 142.93 -0.586302 0.249269 0.770789 -88.6564 0 0 0 1 
Seq_Frame0045_ForcepToReference-SequenceTransformStatus = OK
Seq_Frame0045_Timestamp = 7.861
Seq_Frame0046_ForcepToReference-SequenceTransform =0.795336 0.357902 0.48923 76.9029 -0.153917 0.899873 -0.408092 142.93 -0.586302 0.249269 0.770789 -88.6564 0 0 0 1 
Seq_Frame0046_ForcepToReference-SequenceTransformStatus = OK
Seq_Frame0046_Timestamp = 7.971
Seq_Frame0047_ForcepToReference-SequenceTransform =0.795336 0.357902 0.48923 76.9029 -0.153917 0.899873 -0.408092 142.93 -0.586302 0.249269 0.770789 -88.6564 0 0 0 1 
Seq_Frame0047_ForcepToReference-SequenceTransformStatus = OK
Seq_Frame0047_Timestamp = 8.321
Seq_Frame0048_ForcepToReference-SequenceTransform =0.00275655 -0.668022 -0.744137 25.6069 0.774002 -0.469748 0.424567 134.446 -0.633177 -0.577134 0.515755 -97.2223 0 0 0 1 
Seq_Frame0048_ForcepToReference-SequenceTransformStatus = OK
Seq_Frame0048_Timestamp = 8.427
Seq_Frame0049_ForcepToReference-SequenceTransform =0.0377239 -0.752243 -0.657805 11.2943 0.585035 -0.517042 0.624821 121.814 -0.81013 -0.40841 0.420584 -87.5375 0 0 0 1 
Seq_Frame0049_ForcepToReference-SequenceTransformStatus = OK
Seq_Frame0049_Timestamp = 8.532
Seq_Frame0050_ForcepToReference-SequenceTransform =0.0581343 -0.792502 -0.607092 -3.51488 0.357863 -0.551162 0.75376 108.291 -0.931963 -0.261075 0.251565 -76.7463 0 0 0 1 
Seq_Frame0050_ForcepToReference-SequenceTransformStatus = OK
Seq_Frame0050_Timestamp = 8.636
Seq_Frame0051_ForcepToReference-SequenceTransform =0.0824174 -0.825112 -0.558926 -16.1609 0.187268 -0.538022 0.821866 104.624 -0.978845 -0.172405 0.110174 -67.4726 0 0 0 1 
Seq_Frame0051_ForcepToReference-SequenceTransformStatus = OK
Seq_Frame0051_Timestamp = 8.741
Seq_Frame0052_ForcepToReference-SequenceTransform =0.108694 -0.854644 -0.50771 -24.6114 0.0845909 -0.500932 0.861343 103.555 -0.99047 -0.136571 0.0178466 -60.0477 0 0 0 1 
Seq_Frame0052_ForcepToReference-SequenceTransformStatus = OK
Seq_Frame0052_Timestamp = 8.841
Seq_Frame0053_ForcepToReference-SequenceTransform =0.115011 -0.875574 -0.469194 -27.9253 0.0254161 -0.46958 0.882524 104.182 -0.993039 -0.113425 -0.0317531 -50.9259 0 0 0 1 
Seq_Frame0053_ForcepToReference-SequenceTransformStatus = OK
Seq_Frame0053_Timestamp = 8.951
Seq_Frame0054_ForcepToReference-SequenceTransform =0.103317 -0.891388 -0.441308 -31.6757 0.0158788 -0.442148 0.896802 108.335 -0.994522 -0.0996621 -0.0315271 -49.401 0 0 0 1 
Seq_Frame0054_ForcepToReference-SequenceTransformStatus = OK
Seq_Frame0054_Timestamp = 9.056
Seq_Frame0055_ForcepToReference-SequenceTransform =0.0762741 -0.899681 -0.429833 -37.3599 0.032454 -0.42862 0.902902 109.207 -0.996559 -0.0828178 -0.00349434 -53.0373 0 0 0 1 
Seq_Frame0055_ForcepToReference-SequenceTransformStatus = OK
Seq_Frame0055_Timestamp = 9.167
Seq_Frame0056_ForcepToReference-SequenceTransform =0.0629604 -0.907456 -0.415402 -41.6191 0.0486548 -0.412942 0.909457 106.834 -0.996829 -0.0774711 0.0181531 -54.1064 0 0 0 1 
Seq_Frame0056_ForcepToReference-SequenceTransformStatus = OK
Seq_Frame0056_Timestamp = 9.277
Seq_Frame0057_ForcepToReference-SequenceTransform =0.045136 -0.918203 -0.393531 -44.633 0.0552846 -0.391033 0.918715 105.973 -0.99745 -0.0632233 0.0331128 -54.1803 0 0 0 1 
Seq_Frame0057_ForcepToReference-SequenceTransformStatus = OK
Seq_Frame0057_Timestamp = 9.382
Seq_Frame0058_ForcepToReference-SequenceTransform =0.0152712 -0.918929 -0.394128 -46.3684 0.0979369 -0.390904 0.915206 115.713 -0.995075 -0.052576 0.0840274 -53.8108 0 0 0 1 
Seq_Frame0058_ForcepToReference-SequenceTransformStatus = OK
Seq_Frame0058_Timestamp = 9.486
Seq_Frame0059_ForcepToReference-SequenceTransform =0.0225765 -0.913259 -0.406753 -45.505 0.149569 -0.399192 0.904585 127.569 -0.988493 -0.0812602 0.127583 -51.0112 0 0 0 1 
Seq_Frame0059_ForcepToReference-SequenceTransformStatus = OK
Seq_Frame0059_Timestamp = 9.594
Seq_Frame0060_ForcepToReference-SequenceTransform =0.0850432 -0.899995 -0.427524 -40.6899 0.145004 -0.413331 0.898961 129.911 -0.985769 -0.138443 0.0953521 -45.9064 0 0 0 1 
Seq_Frame0060_ForcepToReference-SequenceTransformStatus = OK
Seq_Frame0060_Timestamp = 9.702
Seq_Frame0061_ForcepToReference-SequenceTransform =0.135732 -0.887413 -0.440539 -36.6036 0.140936 -0.422838 0.895179 132.243 -0.98067 -0.183592 0.0676758 -43.752 0 0 0 1 
Seq_Frame0061_ForcepToReference-SequenceTransformStatus = OK
Seq_Frame0061_Timestamp = 9.806
Seq_Frame0062_ForcepToReference-SequenceTransform =0.161537 -0.881873 -0.442952 -35.1121 0.155356 -0.420526 0.893881 132.9 -0.974562 -0.21321 0.0690738 -43.2523 0 0 0 1 
Seq_Frame0062_ForcepToReference-SequenceTransformStatus = OK
Seq_Frame0062_Timestamp = 9.917
Seq_Frame0063_ForcepToReference-SequenceTransform =0.172282 -0.881059 -0.440516 -33.1283 0.143092 -0.420075 0.896137 131.699 -0.974599 -0.217422 0.0537012 -41.3609 0 0 0 1 
Seq_Frame0063_ForcepToReference-SequenceTransformStatus = OK
Seq_Frame0063_Timestamp = 10.021
Seq_Frame0064_ForcepToReference-SequenceTransform =0.2015 -0.876404 -0.437394 -31.6624 0.145575 -0.414798 0.898193 131.44 -0.96861 -0.244659 0.0440007 -39.9521 0 0 0 1 
Seq_Frame0064_ForcepToReference-SequenceTransformStatus = OK
Seq_Frame0064_Timestamp = 10.131
Seq_Frame0065_ForcepToReference-SequenceTransform =0.19569 -0.877916 -0.437 -30.6949 0.149028 -0.413818 0.898079 130.91 -0.969276 -0.24087 0.0498537 -38.7511 0 0 0 1 
Seq_Frame0065_ForcepToReference-SequenceTransformStatus = OK
Seq_Frame0065_Timestamp = 10.235
Seq_Frame0066_ForcepToReference-SequenceTransform =0.200015 -0.876208 -0.438468 -29.8491 0.154532 -0.413699 0.897203 130.543 -0.96753 -0.247212 0.0526561 -37.5747 0 0 0 1 
Seq_Frame0066_ForcepToReference-SequenceTransformStatus = OK
Seq_Frame0066_Timestamp = 10.346
Seq_Frame0067_ForcepToReference-SequenceTransform =0.200581 -0.878551 -0.433492 -28.743 0.149472 -0.40986 0.899818 129.429 -0.968207 -0.245281 0.0491089 -36.921 0 0 0 1 
Seq_Frame0067_ForcepToReference-SequenceTransformStatus = OK
Seq_Frame0067_Timestamp = 10.451
Seq_Frame0068_ForcepToReference-SequenceTransform =0.211037 -0.877013 -0.431639 -27.8447 0.161959 -0.404107 0.900259 128.526 -0.963967 -0.259896 0.0567582 -36.0873 0 0 0 1 
Seq_Frame0068_ForcepToReference-SequenceTransformStatus = OK
Seq_Frame0068_Timestamp = 10.56
Seq_Frame0069_ForcepToReference-SequenceTransform =0.217095 -0.874971 -0.432776 -27.4976 0.156613 -0.406386 0.900179 128.455 -0.963505 -0.263202 0.0488075 -35.6942 0 0 0 1 
Seq_Frame0069_ForcepToReference-SequenceTransformStatus = OK
Seq_Frame0069_Timestamp = 10.671
Seq_Frame0070_ForcepToReference-SequenceTransform =0.228805 -0.871716 -0.433313 -27.0175 0.161439 -0.404979 0.899961 129.08 -0.959993 -0.275869 0.0480674 -35.6441 0 0 0 1 
Seq_Frame0070_ForcepToReference-SequenceTransformStatus = OK
Seq_Frame0070_Timestamp = 10.776
Seq_Frame0071_ForcepToReference-SequenceTransform =0.228641 -0.870076 -0.436682 -26.6143 0.173736 -0.404895 0.897706 130.086 -0.957883 -0.28112 0.0585879 -35.8101 0 0 0 1 
Seq_Frame0071_ForcepToReference-SequenceTransformStatus = OK
Seq_Frame0071_Timestamp = 10.887
Seq_Frame0072_ForcepToReference-SequenceTransform =0.218763 -0.874953 -0.431973 -27.5994 0.177191 -0.399715 0.89935 130.998 -0.959555 -0.273287 0.067591 -36.5483 0 0 0 1 
Seq_Frame0072_ForcepToReference-SequenceTransformStatus = OK
Seq_Frame0072_Timestamp = 10.988
Seq_Frame0073_ForcepToReference-SequenceTransform =0.205996 -0.877557 -0.432966 -29.1493 0.176412 -0.401903 0.898528 130.952 -0.96252 -0.261474 0.0720212 -38.9928 0 0 0 1 
Seq_Frame0073_ForcepToReference-SequenceTransformStatus = OK
Seq_Frame0073_Timestamp = 11.097
Seq_Frame0074_ForcepToReference-SequenceTransform =0.209974 -0.877647 -0.430867 -30.6798 0.185271 -0.39699 0.898929 131.629 -0.959993 -0.268579 0.0792445 -41.7084 0 0 0 1 
Seq_Frame0074_ForcepToReference-SequenceTransformStatus = OK
Seq_Frame0074_Timestamp = 11.202
Seq_Frame0075_ForcepToReference-SequenceTransform =0.211247 -0.878001 -0.429521 -30.6658 0.18851 -0.394591 0.899312 131.927 -0.959082 -0.270946 0.0821562 -41.705 0 0 0 1 
Seq_Frame0075_ForcepToReference-SequenceTransformStatus = OK
Seq_Frame0075_Timestamp = 11.307
Seq_Frame0076_ForcepToReference-SequenceTransform =0.201549 -0.879344 -0.431431 -29.5265 0.191764 -0.396521 0.897774 132.639 -0.960523 -0.263679 0.0887084 -39.5377 0 0 0 1 
Seq_Frame0076_ForcepToReference-SequenceTransformStatus = OK
Seq_Frame0076_Timestamp = 11.413
Seq_Frame0077_ForcepToReference-SequenceTransform =0.215429 -0.874952 -0.433647 -27.8384 0.201222 -0.394769 0.896475 134.104 -0.955563 -0.280386 0.0910145 -37.6079 0 0 0 1 
Seq_Frame0077_ForcepToReference-SequenceTransformStatus = OK
Seq_Frame0077_Timestamp = 11.521
Seq_Frame0078_ForcepToReference-SequenceTransform =0.218289 -0.874862 -0.432396 -27.1679 0.218448 -0.388033 0.895383 135.58 -0.951121 -0.289908 0.106409 -36.6216 0 0 0 1 
Seq_Frame0078_ForcepToReference-SequenceTransformStatus = OK
Seq_Frame0078_Timestamp = 11.629
Seq_Frame0079_ForcepToReference-SequenceTransform =0.234546 -0.872515 -0.42861 -26.4569 0.22718 -0.379503 0.896865 136.204 -0.945187 -0.307727 0.109207 -36.1729 0 0 0 1 
Seq_Frame0079_ForcepToReference-SequenceTransformStatus = OK
Seq_Frame0079_Timestamp = 11.736
Seq_Frame0080_ForcepToReference-SequenceTransform =0.24277 -0.870484 -0.428159 -26.0959 0.236855 -0.374816 0.896333 135.911 -0.940724 -0.319014 0.115185 -36.227 0 0 0 1 
Seq_Frame0080_ForcepToReference-SequenceTransformStatus = OK
Seq_Frame0080_Timestamp = 11.838
Seq_Frame0081_ForcepToReference-SequenceTransform =0.251158 -0.869209 -0.425906 -25.844 0.238452 -0.370888 0.897542 136.068 -0.938115 -0.326983 0.114113 -36.6054 0 0 0 1 
Seq_Frame0081_ForcepToReference-SequenceTransformStatus = OK
Seq_Frame0081_Timestamp = 11.946
Seq_Frame0082_ForcepToReference-SequenceTransform =0.253189 -0.869993 -0.423092 -25.8088 0.244223 -0.365696 0.898121 135.56 -0.936082 -0.330724 0.119882 -37.3181 0 0 0 1 
Seq_Frame0082_ForcepToReference-SequenceTransformStatus = OK
Seq_Frame0082_Timestamp = 12.056
Seq_Frame0083_ForcepToReference-SequenceTransform =0.250643 -0.871223 -0.422078 -26.1216 0.24386 -0.365115 0.898456 136.283 -0.936862 -0.32812 0.120943 -36.9623 0 0 0 1 
Seq_Frame0083_ForcepToReference-SequenceTransformStatus = OK
Seq_Frame0083_Timestamp = 12.16
Seq_Frame0084_ForcepToReference-SequenceTransform =0.238787 -0.874308 -0.42257 -28.1993 0.24177 -0.367928 0.897873 137.135 -0.940493 -0.316566 0.123525 -39.3708 0 0 0 1 
Seq_Frame0084_ForcepToReference-SequenceTransformStatus = OK
Seq_Frame0084_Timestamp = 12.266
Seq_Frame0085_ForcepToReference-SequenceTransform =0.224233 -0.864108 -0.450597 -30.5949 0.241264 -0.398755 0.884752 137.839 -0.944199 -0.307103 0.119065 -45.5916 0 0 0 1 
Seq_Frame0085_ForcepToReference-SequenceTransformStatus = OK
Seq_Frame0085_Timestamp = 12.376
Seq_Frame0086_ForcepToReference-SequenceTransform =0.219714 -0.831076 -0.510919 -26.4754 0.210181 -0.471091 0.856678 132.589 -0.952654 -0.295609 0.0711711 -45.1068 0 0 0 1 
Seq_Frame0086_ForcepToReference-SequenceTransformStatus = OK
Seq_Frame0086_Timestamp = 12.481
Seq_Frame0087_ForcepToReference-SequenceTransform =0.169312 -0.772415 -0.612134 -18.5146 0.179482 -0.58655 0.789775 130.768 -0.969082 -0.243586 0.0393247 -35.4016 0 0 0 1 
Seq_Frame0087_ForcepToReference-SequenceTransformStatus = OK
Seq_Frame0087_Timestamp = 12.587
Seq_Frame0088_ForcepToReference-SequenceTransform =0.143848 -0.7394 -0.65772 -15.4374 0.158438 -0.638851 0.752839 129.388 -0.976834 -0.212503 0.0252515 -30.7487 0 0 0 1 
Seq_Frame0088_ForcepToReference-SequenceTransformStatus = OK
Seq_Frame0088_Timestamp = 12.696
Seq_Frame0089_ForcepToReference-SequenceTransform =0.14911 -0.74474 -0.650483 -16.2249 0.145179 -0.63422 0.7594 127.436 -0.978105 -0.207671 0.0135519 -30.788 0 0 0 1 
Seq_Frame0089_ForcepToReference-SequenceTransformStatus = OK
Seq_Frame0089_Timestamp = 12.802
Seq_Frame0090_ForcepToReference-SequenceTransform =0.137265 -0.760768 -0.634342 -17.9166 0.153681 -0.616293 0.772376 127.731 -0.97854 -0.203507 0.0323208 -31.7436 0 0 0 1 
Seq_Frame0090_ForcepToReference-SequenceTransformStatus = OK
Seq_Frame0090_Timestamp = 12.906
Seq_Frame0091_ForcepToReference-SequenceTransform =0.147405 -0.776706 -0.612373 -18.6741 0.17302 -0.58934 0.78914 128.473 -0.973825 -0.222276 0.0475138 -30.6575 0 0 0 1 
Seq_Frame0091_ForcepToReference-SequenceTransformStatus = OK
Seq_Frame0091_Timestamp = 13.01
Seq_Frame0092_ForcepToReference-SequenceTransform =0.132615 -0.783623 -0.606917 -19.2701 0.182297 -0.582596 0.792054 129.578 -0.974259 -0.215677 0.0655914 -30.4965 0 0 0 1 
Seq_Frame0092_ForcepToReference-SequenceTransformStatus = OK
Seq_Frame0092_Timestamp = 13.122
Seq_Frame0093_ForcepToReference-SequenceTransform =0.135336 -0.786034 -0.603187 -19.3329 0.15962 -0.583539 0.796243 129.482 -0.977858 -0.204041 0.0464931 -29.5281 0 0 0 1 
Seq_Frame0093_ForcepToReference-SequenceTransformStatus = OK
Seq_Frame0093_Timestamp = 13.232
Seq_Frame0094_ForcepToReference-SequenceTransform =0.129625 -0.783324 -0.607948 -19.6335 0.149431 -0.590686 0.792944 129.331 -0.980239 -0.193631 0.0404851 -29.5454 0 0 0 1 
Seq_Frame0094_ForcepToReference-SequenceTransformStatus = OK
Seq_Frame0094_Timestamp = 13.336
Seq_Frame0095_ForcepToReference-SequenceTransform =0.144502 -0.784756 -0.602725 -20.0662 0.15322 -0.584026 0.797143 128.895 -0.97757 -0.207539 0.0358472 -30.3446 0 0 0 1 
Seq_Frame0095_ForcepToReference-SequenceTransformStatus = OK
Seq_Frame0095_Timestamp = 13.441
Seq_Frame0096_ForcepToReference-SequenceTransform =0.140594 -0.787734 -0.599757 -20.1136 0.152623 -0.581289 0.799255 128.519 -0.978233 -0.203907 0.0385004 -30.2951 0 0 0 1 
Seq_Frame0096_ForcepToReference-SequenceTransformStatus = OK
Seq_Frame0096_Timestamp = 13.551
Seq_Frame0097_ForcepToReference-SequenceTransform =0.140825 -0.786262 -0.601631 -20.0914 0.141914 -0.58538 0.798242 128.029 -0.979811 -0.197792 0.0291451 -30.4968 0 0 0 1 
Seq_Frame0097_ForcepToReference-SequenceTransformStatus = OK
Seq_Frame0097_Timestamp = 13.656
Seq_Frame0098_ForcepToReference-SequenceTransform =0.129428 -0.78439 -0.606614 -19.8812 0.140151 -0.591148 0.794294 127.734 -0.981634 -0.187821 0.0334218 -29.7264 0 0 0 1 
Seq_Frame0098_ForcepToReference-SequenceTransformStatus = OK
Seq_Frame0098_Timestamp = 13.766
Seq_Frame0099_ForcepToReference-SequenceTransform =0.142589 -0.781104 -0.607902 -19.5527 0.131948 -0.593695 0.793799 127.798 -0.980948 -0.193398 0.0184103 -29.5399 0 0 0 1 
Seq_Frame0099_ForcepToReference-SequenceTransformStatus = OK
Seq_Frame0099_Timestamp = 13.877
Seq_Frame0100_ForcepToReference-SequenceTransform =0.131378 -0.7789 -0.613233 -19.5568 0.137112 -0.598372 0.789399 128.505 -0.981805 -0.187791 0.0281842 -28.9814 0 0 0 1 
Seq_Frame0100_ForcepToReference-SequenceTransformStatus = OK
Seq_Frame0100_Timestamp = 13.991
Seq_Frame0101_ForcepToReference-SequenceTransform =0.137705 -0.775528 -0.616112 -19.3737 0.132243 -0.602073 0.787413 128.302 -0.981605 -0.189907 0.0196491 -28.9172 0 0 0 1 
Seq_Frame0101_ForcepToReference-SequenceTransformStatus = OK
Seq_Frame0101_Timestamp = 14.094
Seq_Frame0102_ForcepToReference-SequenceTransform =0.136271 -0.773708 -0.618713 -19.8854 0.144796 -0.602277 0.785046 129.289 -0.980033 -0.196567 0.0299568 -28.5115 0 0 0 1 
Seq_Frame0102_ForcepToReference-SequenceTransformStatus = OK
Seq_Frame0102_Timestamp = 14.201
Seq_Frame0103_ForcepToReference-SequenceTransform =0.127127 -0.771134 -0.623852 -20.9436 0.19135 -0.598074 0.778263 133.985 -0.973254 -0.218312 0.0715246 -28.9027 0 0 0 1 
Seq_Frame0103_ForcepToReference-SequenceTransformStatus = OK
Seq_Frame0103_Timestamp = 14.31
Seq_Frame0104_ForcepToReference-SequenceTransform =0.109189 -0.781109 -0.614774 -24.2262 0.201485 -0.588242 0.783183 137.447 -0.973387 -0.209383 0.0931524 -31.1903 0 0 0 1 
Seq_Frame0104_ForcepToReference-SequenceTransformStatus = OK
Seq_Frame0104_Timestamp = 14.416
Seq_Frame0105_ForcepToReference-SequenceTransform =0.107547 -0.790159 -0.603392 -26.843 0.216371 -0.573763 0.789924 140.471 -0.97037 -0.215511 0.109261 -32.1118 0 0 0 1 
Seq_Frame0105_ForcepToReference-SequenceTransformStatus = OK
Seq_Frame0105_Timestamp = 14.526
Seq_Frame0106_ForcepToReference-SequenceTransform =0.103846 -0.807679 -0.580405 -30.7767 0.283129 -0.53541 0.795722 145.883 -0.953443 -0.246962 0.173077 -33.6216 0 0 0 1 
Seq_Frame0106_ForcepToReference-SequenceTransformStatus = OK
Seq_Frame0106_Timestamp = 14.631
Seq_Frame0107_ForcepToReference-SequenceTransform =0.0874135 -0.855779 -0.509904 -38.6454 0.304381 -0.464439 0.831654 153.712 -0.948531 -0.227903 0.219884 -37.2287 0 0 0 1 
Seq_Frame0107_ForcepToReference-SequenceTransformStatus = OK
Seq_Frame0107_Timestamp = 14.741
Seq_Frame0108_ForcepToReference-SequenceTransform =0.0413384 -0.909034 -0.414666 -49.0181 0.385527 -0.368369 0.845975 162.222 -0.92177 -0.194836 0.335229 -43.2071 0 0 0 1 
Seq_Frame0108_ForcepToReference-SequenceTransformStatus = OK
Seq_Frame0108_Timestamp = 14.852
Seq_Frame0109_ForcepToReference-SequenceTransform =-0.0016662 -0.965971 -0.258645 -62.4739 0.483459 -0.227188 0.845372 176.324 -0.875365 -0.123636 0.467386 -46.5473 0 0 0 1 
Seq_Frame0109_ForcepToReference-SequenceTransformStatus = OK
Seq_Frame0109_Timestamp = 14.956
Seq_Frame0110_ForcepToReference-SequenceTransform =-0.0016662 -0.965971 -0.258645 -62.4739 0.483459 -0.227188 0.845372 176.324 -0.875365 -0.123636 0.467386 -46.5473 0 0 0 1 
Seq_Frame0110_ForcepToReference-SequenceTransformStatus = OK
Seq_Frame0110_Timestamp = 15.066
Seq_Frame0111_ForcepToReference-SequenceTransform =-0.0016662 -0.965971 -0.258645 -62.4739 0.483459 -0.227188 0.845372 176.324 -0.875365 -0.123636 0.467386 -46.5473 0 0 0 1 
Seq_Frame0111_ForcepToReference-SequenceTransformStatus = OK
Seq_Frame0111_Timestamp = 15.171
Seq_Frame0112_ForcepToReference-SequenceTransform =-0.960225 0.0499007 0.274732 -97.992 -0.213222 0.504238 -0.836828 261.349 -0.180288 -0.862122 -0.473542 -6.81884 0 0 0 1 
Seq_Frame0112_ForcepToReference-SequenceTransformStatus = OK
Seq_Frame0112_Timestamp = 15.282
Seq_Frame0113_ForcepToReference-SequenceTransform =-0.976567 0.0101764 0.214971 -100.107 -0.167238 0.592807 -0.787789 273.503 -0.135453 -0.80528 -0.577214 12.3724 0 0 0 1 
Seq_Frame0113_ForcepToReference-SequenceTransformStatus = OK
Seq_Frame0113_Timestamp = 15.385
Seq_Frame0114_ForcepToReference-SequenceTransform =-0.984906 -0.0168059 0.17227 -101.984 -0.138815 0.67121 -0.728154 283.713 -0.103392 -0.741077 -0.663411 25.6738 0 0 0 1 
Seq_Frame0114_ForcepToReference-SequenceTransformStatus = OK
Seq_Frame0114_Timestamp = 15.494
Seq_Frame0115_ForcepToReference-SequenceTransform =-0.986515 -0.0482776 0.15639 -100.827 -0.142622 0.722332 -0.67668 289.505 -0.080297 -0.68986 -0.719476 36.7766 0 0 0 1 
Seq_Frame0115_ForcepToReference-SequenceTransformStatus = OK
Seq_Frame0115_Timestamp = 15.601
Seq_Frame0116_ForcepToReference-SequenceTransform =-0.985958 -0.0682693 0.1524 -99.543 -0.153292 0.732021 -0.663813 287.864 -0.066242 -0.677853 -0.732207 42.3448 0 0 0 1 
Seq_Frame0116_ForcepToReference-SequenceTransformStatus = OK
Seq_Frame0116_Timestamp = 15.71
Seq_Frame0117_ForcepToReference-SequenceTransform =-0.982217 -0.0865636 0.166603 -101.017 -0.176099 0.732477 -0.657622 285.613 -0.0651069 -0.675266 -0.734695 42.2476 0 0 0 1 
Seq_Frame0117_ForcepToReference-SequenceTransformStatus = OK
Seq_Frame0117_Timestamp = 15.816
Seq_Frame0118_ForcepToReference-SequenceTransform =-0.981942 -0.090322 0.166229 -100.115 -0.179493 0.7224 -0.667772 281.465 -0.0597696 -0.685551 -0.725567 44.5709 0 0 0 1 
Seq_Frame0118_ForcepToReference-SequenceTransformStatus = OK
Seq_Frame0118_Timestamp = 15.922
Seq_Frame0119_ForcepToReference-SequenceTransform =-0.984327 -0.0877866 0.152953 -99.1363 -0.168618 0.722562 -0.670427 279.445 -0.0516632 -0.68571 -0.726039 44.7402 0 0 0 1 
Seq_Frame0119_ForcepToReference-SequenceTransformStatus = OK
Seq_Frame0119_Timestamp = 16.031
Seq_Frame0120_ForcepToReference-SequenceTransform =-0.983153 -0.0829849 0.162864 -97.9141 -0.171903 0.722636 -0.669512 279.803 -0.0621318 -0.686229 -0.724727 45.3562 0 0 0 1 
Seq_Frame0120_ForcepToReference-SequenceTransformStatus = OK
Seq_Frame0120_Timestamp = 16.141
Seq_Frame0121_ForcepToReference-SequenceTransform =-0.984457 -0.0735526 0.159479 -96.5137 -0.164271 0.706832 -0.688043 277.495 -0.0621176 -0.703547 -0.707928 44.673 0 0 0 1 
Seq_Frame0121_ForcepToReference-SequenceTransformStatus = OK
Seq_Frame0121_Timestamp = 16.252
Seq_Frame0122_ForcepToReference-SequenceTransform =-0.985337 -0.0748259 0.153336 -96.9325 -0.160644 0.709645 -0.686001 277.742 -0.0574837 -0.700575 -0.71126 44.5933 0 0 0 1 
Seq_Frame0122_ForcepToReference-SequenceTransformStatus = OK
Seq_Frame0122_Timestamp = 16.357
Seq_Frame0123_ForcepToReference-SequenceTransform =-0.986269 -0.0774019 0.145888 -96.9266 -0.157299 0.709381 -0.687049 278.197 -0.0503111 -0.700563 -0.711815 44.8969 0 0 0 1 
Seq_Frame0123_ForcepToReference-SequenceTransformStatus = OK
Seq_Frame0123_Timestamp = 16.466
Seq_Frame0124_ForcepToReference-SequenceTransform =-0.985831 -0.0692702 0.152768 -96.6541 -0.156442 0.708277 -0.688382 277.689 -0.0605176 -0.702528 -0.709078 44.9852 0 0 0 1 
Seq_Frame0124_ForcepToReference-SequenceTransformStatus = OK
Seq_Frame0124_Timestamp = 16.572
Seq_Frame0125_ForcepToReference-SequenceTransform =-0.985381 -0.0687046 0.1559 -96.5229 -0.158493 0.705329 -0.690934 277.943 -0.0624905 -0.705542 -0.705907 45.3159 0 0 0 1 
Seq_Frame0125_ForcepToReference-SequenceTransformStatus = OK
Seq_Frame0125_Timestamp = 16.677
Seq_Frame0126_ForcepToReference-SequenceTransform =-0.986871 -0.0637063 0.148416 -96.3156 -0.14938 0.709431 -0.688762 277.497 -0.0614127 -0.70189 -0.709633 44.7525 0 0 0 1 
Seq_Frame0126_ForcepToReference-SequenceTransformStatus = OK
Seq_Frame0126_Timestamp = 16.785
Seq_Frame0127_ForcepToReference-SequenceTransform =-0.988983 -0.0534312 0.138048 -94.646 -0.134447 0.714426 -0.686673 276.297 -0.0619351 -0.697668 -0.713739 45.2603 0 0 0 1 
Seq_Frame0127_ForcepToReference-SequenceTransformStatus = OK
Seq_Frame0127_Timestamp = 16.892
Seq_Frame0128_ForcepToReference-SequenceTransform =-0.99065 -0.0565795 0.124144 -93.8022 -0.127074 0.713823 -0.688701 276.677 -0.0496506 -0.698037 -0.714338 46.3151 0 0 0 1 
Seq_Frame0128_ForcepToReference-SequenceTransformStatus = OK
Seq_Frame0128_Timestamp = 17.001
Seq_Frame0129_ForcepToReference-SequenceTransform =-0.990688 -0.0469645 0.127796 -92.7942 -0.122924 0.712108 -0.691225 275.819 -0.0585413 -0.700498 -0.71125 46.651 0 0 0 1 
Seq_Frame0129_ForcepToReference-SequenceTransformStatus = OK
Seq_Frame0129_Timestamp = 17.103
Seq_Frame0130_ForcepToReference-SequenceTransform =-0.991489 -0.042672 0.123001 -92.5153 -0.115617 0.722946 -0.681162 276.014 -0.0598568 -0.689585 -0.721727 46.7794 0 0 0 1 
Seq_Frame0130_ForcepToReference-SequenceTransformStatus = OK
Seq_Frame0130_Timestamp = 17.212
Seq_Frame0131_ForcepToReference-SequenceTransform =-0.986952 -0.0361947 0.156895 -92.1629 -0.133052 0.732103 -0.668073 277.167 -0.0906825 -0.680231 -0.727367 46.8097 0 0 0 1 
Seq_Frame0131_ForcepToReference-SequenceTransformStatus = OK
Seq_Frame0131_Timestamp = 17.335
Seq_Frame0132_ForcepToReference-SequenceTransform =-0.976846 -0.0517477 0.207593 -97.2822 -0.174167 0.755864 -0.631139 281.003 -0.124252 -0.652681 -0.747375 47.3065 0 0 0 1 
Seq_Frame0132_ForcepToReference-SequenceTransformStatus = OK
Seq_Frame0132_Timestamp = 17.447
Seq_Frame0133_ForcepToReference-SequenceTransform =-0.973293 -0.062313 0.220949 -100.398 -0.17697 0.81672 -0.549227 293.733 -0.14623 -0.57366 -0.805935 55.6742 0 0 0 1 
Seq_Frame0133_ForcepToReference-SequenceTransformStatus = OK
Seq_Frame0133_Timestamp = 17.557
Seq_Frame0134_ForcepToReference-SequenceTransform =-0.981661 -0.0771187 0.174343 -104.241 -0.152493 0.866478 -0.475355 302.634 -0.114405 -0.493223 -0.862347 64.2363 0 0 0 1 
Seq_Frame0134_ForcepToReference-SequenceTransformStatus = OK
Seq_Frame0134_Timestamp = 17.66
Seq_Frame0135_ForcepToReference-SequenceTransform =-0.977157 -0.0930551 0.191064 -108.963 -0.174635 0.863928 -0.472367 301.473 -0.12111 -0.494943 -0.860444 59.1723 0 0 0 1 
Seq_Frame0135_ForcepToReference-SequenceTransformStatus = OK
Seq_Frame0135_Timestamp = 17.768
Seq_Frame0136_ForcepToReference-SequenceTransform =-0.987799 -0.10971 0.110529 -116.64 -0.150302 0.85742 -0.492179 297.936 -0.0407726 -0.502787 -0.863448 47.8967 0 0 0 1 
Seq_Frame0136_ForcepToReference-SequenceTransformStatus = OK
Seq_Frame0136_Timestamp = 17.877
Seq_Frame0137_ForcepToReference-SequenceTransform =-0.989073 -0.137911 0.0521073 -126.667 -0.144533 0.837402 -0.527132 294.168 0.0290623 -0.528903 -0.848184 34.5913 0 0 0 1 
Seq_Frame0137_ForcepToReference-SequenceTransformStatus = OK
Seq_Frame0137_Timestamp = 17.981
Seq_Frame0138_ForcepToReference-SequenceTransform =-0.989981 -0.122894 0.0695272 -131.828 -0.141015 0.835408 -0.531233 292.158 0.00720197 -0.535715 -0.844368 23.7106 0 0 0 1 
Seq_Frame0138_ForcepToReference-SequenceTransformStatus = OK
Seq_Frame0138_Timestamp = 18.092
Seq_Frame0139_ForcepToReference-SequenceTransform =-0.981509 -0.0772119 0.175154 -131.876 -0.160202 0.832165 -0.530883 293.686 -0.104767 -0.549126 -0.829147 15.7837 0 0 0 1 
Seq_Frame0139_ForcepToReference-SequenceTransformStatus = OK
Seq_Frame0139_Timestamp = 18.197
Seq_Frame0140_ForcepToReference-SequenceTransform =-0.972388 -0.0136831 0.232968 -127.067 -0.144457 0.819328 -0.554828 291.415 -0.183286 -0.573162 -0.798681 6.54956 0 0 0 1 
Seq_Frame0140_ForcepToReference-SequenceTransformStatus = OK
Seq_Frame0140_Timestamp = 18.302
Seq_Frame0141_ForcepToReference-SequenceTransform =-0.959764 0.0558498 0.275197 -119.251 -0.115499 0.81477 -0.568164 286.619 -0.255954 -0.577089 -0.775536 -2.55784 0 0 0 1 
Seq_Frame0141_ForcepToReference-SequenceTransformStatus = OK
Seq_Frame0141_Timestamp = 18.412
Seq_Frame0142_ForcepToReference-SequenceTransform =-0.937573 0.118852 0.32685 -108.816 -0.102921 0.802886 -0.587181 279.455 -0.332211 -0.584165 -0.740532 -7.41856 0 0 0 1 
Seq_Frame0142_ForcepToReference-SequenceTransformStatus = OK
Seq_Frame0142_Timestamp = 18.516
Seq_Frame0143_ForcepToReference-SequenceTransform =-0.916878 0.195762 0.347868 -95.5395 -0.0566306 0.798874 -0.598827 267.702 -0.39513 -0.568751 -0.721384 -7.76039 0 0 0 1 
Seq_Frame0143_ForcepToReference-SequenceTransformStatus = OK
Seq_Frame0143_Timestamp = 18.627
Seq_Frame0144_ForcepToReference-SequenceTransform =-0.93089 0.224529 0.288149 -87.1301 -0.0256711 0.746644 -0.664728 249.611 -0.364396 -0.626186 -0.68928 -10.9696 0 0 0 1 
Seq_Frame0144_ForcepToReference-SequenceTransformStatus = OK
Seq_Frame0144_Timestamp = 18.731
Seq_Frame0145_ForcepToReference-SequenceTransform =-0.88263 0.283855 0.374687 -77.6836 -0.0768174 0.699277 -0.710711 231.406 -0.463749 -0.656078 -0.595398 -3.75669 0 0 0 1 
Seq_Frame0145_ForcepToReference-SequenceTransformStatus = OK
Seq_Frame0145_Timestamp = 18.851
Seq_Frame0146_ForcepToReference-SequenceTransform =-0.848766 0.341032 0.404096 -69.8745 -0.0209423 0.741941 -0.670138 232.118 -0.528354 -0.577253 -0.622592 11.6876 0 0 0 1 
Seq_Frame0146_ForcepToReference-SequenceTransformStatus = OK
Seq_Frame0146_Timestamp = 18.961
Seq_Frame0147_ForcepToReference-SequenceTransform =-0.818513 0.377153 0.43335 -63.3835 -0.00836868 0.746416 -0.665427 230.803 -0.574427 -0.548287 -0.607795 21.1314 0 0 0 1 
Seq_Frame0147_ForcepToReference-SequenceTransformStatus = OK
Seq_Frame0147_Timestamp = 19.068
Seq_Frame0148_ForcepToReference-SequenceTransform =-0.788432 0.408642 0.459768 -57.8931 -0.0101522 0.738695 -0.673963 229.07 -0.615038 -0.536042 -0.578263 30.0154 0 0 0 1 
Seq_Frame0148_ForcepToReference-SequenceTransformStatus = OK
Seq_Frame0148_Timestamp = 19.176
Seq_Frame0149_ForcepToReference-SequenceTransform =-0.740561 0.448164 0.500718 -50.8781 0.00300374 0.747328 -0.664448 228.797 -0.671982 -0.490561 -0.554788 41.8362 0 0 0 1 
Seq_Frame0149_ForcepToReference-SequenceTransformStatus = OK
Seq_Frame0149_Timestamp = 19.284
