ObjectType = Image
NDims = 3
AnatomicalOrientation = RAI
BinaryData = True
CompressedData = False
DimSize = 0 0 1202
ElementSpacing = 1 1 1
Offset = 0 0 0
TransformMatrix = 1 0 0 0 1 0 0 0 1
ElementType = MET_UCHAR
Kinds = domain domain list
Seq_Frame0000_DriverToReference-SequenceTransform =0.355707 -0.560996 -0.7475 -0.854813 -0.718606 0.347209 -0.602537 237.25 0.59756 0.751485 -0.27963 105.742 0 0 0 1 
Seq_Frame0000_DriverToReference-SequenceTransformStatus = OK
Seq_Frame0000_Timestamp = 1.246
Seq_Frame0001_DriverToReference-SequenceTransform =0.355707 -0.560996 -0.7475 -0.854813 -0.718606 0.347209 -0.602537 237.25 0.59756 0.751485 -0.27963 105.742 0 0 0 1 
Seq_Frame0001_DriverToReference-SequenceTransformStatus = OK
Seq_Frame0001_Timestamp = 1.355
Seq_Frame0002_DriverToReference-SequenceTransform =0.355707 -0.560996 -0.7475 -0.854813 -0.718606 0.347209 -0.602537 237.25 0.59756 0.751485 -0.27963 105.742 0 0 0 1 
Seq_Frame0002_DriverToReference-SequenceTransformStatus = OK
Seq_Frame0002_Timestamp = 1.46
Seq_Frame0003_DriverToReference-SequenceTransform =0.355707 -0.560996 -0.7475 -0.854813 -0.718606 0.347209 -0.602537 237.25 0.59756 0.751485 -0.27963 105.742 0 0 0 1 
Seq_Frame0003_DriverToReference-SequenceTransformStatus = OK
Seq_Frame0003_Timestamp = 1.571
Seq_Frame0004_DriverToReference-SequenceTransform =0.355707 -0.560996 -0.7475 -0.854813 -0.718606 0.347209 -0.602537 237.25 0.59756 0.751485 -0.27963 105.742 0 0 0 1 
Seq_Frame0004_DriverToReference-SequenceTransformStatus = OK
Seq_Frame0004_Timestamp = 1.675
Seq_Frame0005_DriverToReference-SequenceTransform =0.355707 -0.560996 -0.7475 -0.854813 -0.718606 0.347209 -0.602537 237.25 0.59756 0.751485 -0.27963 105.742 0 0 0 1 
Seq_Frame0005_DriverToReference-SequenceTransformStatus = OK
Seq_Frame0005_Timestamp = 1.78
Seq_Frame0006_DriverToReference-SequenceTransform =0.355707 -0.560996 -0.7475 -0.854813 -0.718606 0.347209 -0.602537 237.25 0.59756 0.751485 -0.27963 105.742 0 0 0 1 
Seq_Frame0006_DriverToReference-SequenceTransformStatus = OK
Seq_Frame0006_Timestamp = 1.894
Seq_Frame0007_DriverToReference-SequenceTransform =0.355707 -0.560996 -0.7475 -0.854813 -0.718606 0.347209 -0.602537 237.25 0.59756 0.751485 -0.27963 105.742 0 0 0 1 
Seq_Frame0007_DriverToReference-SequenceTransformStatus = OK
Seq_Frame0007_Timestamp = 1.996
Seq_Frame0008_DriverToReference-SequenceTransform =0.355707 -0.560996 -0.7475 -0.854813 -0.718606 0.347209 -0.602537 237.25 0.59756 0.751485 -0.27963 105.742 0 0 0 1 
Seq_Frame0008_DriverToReference-SequenceTransformStatus = OK
Seq_Frame0008_Timestamp = 2.88
Seq_Frame0009_DriverToReference-SequenceTransform =0.355707 -0.560996 -0.7475 -0.854813 -0.718606 0.347209 -0.602537 237.25 0.59756 0.751485 -0.27963 105.742 0 0 0 1 
Seq_Frame0009_DriverToReference-SequenceTransformStatus = OK
Seq_Frame0009_Timestamp = 2.986
Seq_Frame0010_DriverToReference-SequenceTransform =0.314583 -0.358478 0.878937 -3.03009 -0.0061007 0.925165 0.379516 237.975 -0.94921 -0.124752 0.288855 85.4094 0 0 0 1 
Seq_Frame0010_DriverToReference-SequenceTransformStatus = OK
Seq_Frame0010_Timestamp = 3.706
Seq_Frame0011_DriverToReference-SequenceTransform =0.687587 -0.171937 0.705451 17.4087 -0.0741874 0.94984 0.30381 233.67 -0.722302 -0.261231 0.640342 91.1378 0 0 0 1 
Seq_Frame0011_DriverToReference-SequenceTransformStatus = OK
Seq_Frame0011_Timestamp = 3.81
Seq_Frame0012_DriverToReference-SequenceTransform =0.823657 0.0108122 0.566986 36.0856 -0.118238 0.981119 0.153054 222.892 -0.554626 -0.193104 0.809383 107.862 0 0 0 1 
Seq_Frame0012_DriverToReference-SequenceTransformStatus = OK
Seq_Frame0012_Timestamp = 3.925
Seq_Frame0013_DriverToReference-SequenceTransform =0.883954 0.0257235 0.466866 38.1594 -0.0564808 0.997048 0.0520039 226.437 -0.46415 -0.0723381 0.882798 118.349 0 0 0 1 
Seq_Frame0013_DriverToReference-SequenceTransformStatus = OK
Seq_Frame0013_Timestamp = 4.03
Seq_Frame0014_DriverToReference-SequenceTransform =0.843128 0.00427433 0.537696 29.306 -0.0590187 0.994662 0.0846367 223.557 -0.534464 -0.103094 0.83888 118.359 0 0 0 1 
Seq_Frame0014_DriverToReference-SequenceTransformStatus = OK
Seq_Frame0014_Timestamp = 4.137
Seq_Frame0015_DriverToReference-SequenceTransform =0.853586 0.15311 0.497944 29.1979 -0.188964 0.981736 0.0220582 217.265 -0.485472 -0.112922 0.866929 119.644 0 0 0 1 
Seq_Frame0015_DriverToReference-SequenceTransformStatus = OK
Seq_Frame0015_Timestamp = 4.24
Seq_Frame0016_DriverToReference-SequenceTransform =0.819089 0.168367 0.548403 24.3549 -0.191094 0.981443 -0.0159012 219.328 -0.540903 -0.0917718 0.836063 116.611 0 0 0 1 
Seq_Frame0016_DriverToReference-SequenceTransformStatus = OK
Seq_Frame0016_Timestamp = 4.345
Seq_Frame0017_DriverToReference-SequenceTransform =0.765967 0.252794 0.591092 20.3603 -0.284913 0.957702 -0.0403774 214.448 -0.576298 -0.137482 0.805593 114.374 0 0 0 1 
Seq_Frame0017_DriverToReference-SequenceTransformStatus = OK
Seq_Frame0017_Timestamp = 4.446
Seq_Frame0018_DriverToReference-SequenceTransform =0.736583 0.25355 0.627022 18.3634 -0.324441 0.945905 -0.00136571 212.109 -0.59345 -0.202426 0.779 112.828 0 0 0 1 
Seq_Frame0018_DriverToReference-SequenceTransformStatus = OK
Seq_Frame0018_Timestamp = 4.551
Seq_Frame0019_DriverToReference-SequenceTransform =0.717905 0.258047 0.646548 19.4266 -0.355185 0.934551 0.0213928 209.648 -0.598712 -0.245002 0.762573 112.21 0 0 0 1 
Seq_Frame0019_DriverToReference-SequenceTransformStatus = OK
Seq_Frame0019_Timestamp = 4.655
Seq_Frame0020_DriverToReference-SequenceTransform =0.70981 0.272714 0.649459 19.6009 -0.383474 0.923013 0.0315275 207.264 -0.590861 -0.271429 0.759743 112.198 0 0 0 1 
Seq_Frame0020_DriverToReference-SequenceTransformStatus = OK
Seq_Frame0020_Timestamp = 4.766
Seq_Frame0021_DriverToReference-SequenceTransform =0.702129 0.286502 0.651868 19.816 -0.390105 0.920639 0.0155546 206.866 -0.595679 -0.265218 0.758173 112.116 0 0 0 1 
Seq_Frame0021_DriverToReference-SequenceTransformStatus = OK
Seq_Frame0021_Timestamp = 4.871
Seq_Frame0022_DriverToReference-SequenceTransform =0.71791 0.286237 0.634565 20.6412 -0.38424 0.923051 0.0183402 207.859 -0.580487 -0.256992 0.772652 112.622 0 0 0 1 
Seq_Frame0022_DriverToReference-SequenceTransformStatus = OK
Seq_Frame0022_Timestamp = 4.975
Seq_Frame0023_DriverToReference-SequenceTransform =0.728591 0.281915 0.624243 21.1751 -0.375778 0.92649 0.0201802 209.385 -0.572666 -0.24928 0.780969 112.607 0 0 0 1 
Seq_Frame0023_DriverToReference-SequenceTransformStatus = OK
Seq_Frame0023_Timestamp = 5.085
Seq_Frame0024_DriverToReference-SequenceTransform =0.716323 0.265529 0.645272 19.9595 -0.380949 0.923604 0.0428322 209.539 -0.584603 -0.276497 0.762751 112.264 0 0 0 1 
Seq_Frame0024_DriverToReference-SequenceTransformStatus = OK
Seq_Frame0024_Timestamp = 5.194
Seq_Frame0025_DriverToReference-SequenceTransform =0.709109 0.274945 0.649284 18.6372 -0.387751 0.921159 0.033406 209.02 -0.588909 -0.275449 0.759812 111.675 0 0 0 1 
Seq_Frame0025_DriverToReference-SequenceTransformStatus = OK
Seq_Frame0025_Timestamp = 5.3
Seq_Frame0026_DriverToReference-SequenceTransform =0.72823 0.312532 0.609922 18.9311 -0.378113 0.925479 -0.0227705 212.331 -0.571587 -0.214038 0.792134 112.858 0 0 0 1 
Seq_Frame0026_DriverToReference-SequenceTransformStatus = OK
Seq_Frame0026_Timestamp = 5.405
Seq_Frame0027_DriverToReference-SequenceTransform =0.72955 0.324617 0.601981 18.645 -0.382914 0.923167 -0.0337562 212.506 -0.566687 -0.20588 0.797797 112.219 0 0 0 1 
Seq_Frame0027_DriverToReference-SequenceTransformStatus = OK
Seq_Frame0027_Timestamp = 5.515
Seq_Frame0028_DriverToReference-SequenceTransform =0.717484 0.320035 0.618704 18.5027 -0.393116 0.919279 -0.0196326 212.739 -0.575045 -0.229137 0.785379 112.352 0 0 0 1 
Seq_Frame0028_DriverToReference-SequenceTransformStatus = OK
Seq_Frame0028_Timestamp = 5.621
Seq_Frame0029_DriverToReference-SequenceTransform =0.721532 0.30685 0.620672 18.0031 -0.390924 0.920423 -0.000592439 212.748 -0.571463 -0.242208 0.78407 112.583 0 0 0 1 
Seq_Frame0029_DriverToReference-SequenceTransformStatus = OK
Seq_Frame0029_Timestamp = 5.726
Seq_Frame0030_DriverToReference-SequenceTransform =0.726483 0.280532 0.627315 17.4924 -0.381036 0.924136 0.0280024 213.658 -0.571868 -0.259373 0.778262 113.039 0 0 0 1 
Seq_Frame0030_DriverToReference-SequenceTransformStatus = OK
Seq_Frame0030_Timestamp = 5.83
Seq_Frame0031_DriverToReference-SequenceTransform =0.730487 0.265333 0.629275 17.2873 -0.35969 0.932757 0.0242456 215.738 -0.580527 -0.244055 0.776804 112.34 0 0 0 1 
Seq_Frame0031_DriverToReference-SequenceTransformStatus = OK
Seq_Frame0031_Timestamp = 5.94
Seq_Frame0032_DriverToReference-SequenceTransform =0.724913 0.259928 0.637917 16.549 -0.354657 0.934734 0.0221532 216.389 -0.590525 -0.242301 0.769786 111.53 0 0 0 1 
Seq_Frame0032_DriverToReference-SequenceTransformStatus = OK
Seq_Frame0032_Timestamp = 6.046
Seq_Frame0033_DriverToReference-SequenceTransform =0.660073 0.327736 0.675939 13.1356 -0.447636 0.894209 0.00356201 210.722 -0.603263 -0.304926 0.736949 109.077 0 0 0 1 
Seq_Frame0033_DriverToReference-SequenceTransformStatus = OK
Seq_Frame0033_Timestamp = 6.155
Seq_Frame0034_DriverToReference-SequenceTransform =0.591108 0.324262 0.738543 8.80304 -0.505277 0.862575 0.0256895 206.894 -0.628718 -0.388353 0.673717 109.728 0 0 0 1 
Seq_Frame0034_DriverToReference-SequenceTransformStatus = OK
Seq_Frame0034_Timestamp = 6.311
Seq_Frame0035_DriverToReference-SequenceTransform =0.284228 0.711448 0.642695 -18.7314 -0.825488 0.522536 -0.213368 176.449 -0.487631 -0.469892 0.735811 113.537 0 0 0 1 
Seq_Frame0035_DriverToReference-SequenceTransformStatus = OK
Seq_Frame0035_Timestamp = 6.415
Seq_Frame0036_DriverToReference-SequenceTransform =0.284228 0.711448 0.642695 -18.7314 -0.825488 0.522536 -0.213368 176.449 -0.487631 -0.469892 0.735811 113.537 0 0 0 1 
Seq_Frame0036_DriverToReference-SequenceTransformStatus = OK
Seq_Frame0036_Timestamp = 6.521
Seq_Frame0037_DriverToReference-SequenceTransform =0.284228 0.711448 0.642695 -18.7314 -0.825488 0.522536 -0.213368 176.449 -0.487631 -0.469892 0.735811 113.537 0 0 0 1 
Seq_Frame0037_DriverToReference-SequenceTransformStatus = OK
Seq_Frame0037_Timestamp = 6.626
Seq_Frame0038_DriverToReference-SequenceTransform =-0.651363 -0.088512 -0.753586 -33.3483 -0.417844 0.870855 0.258879 178.816 0.63335 0.483506 -0.604227 94.2318 0 0 0 1 
Seq_Frame0038_DriverToReference-SequenceTransformStatus = OK
Seq_Frame0038_Timestamp = 6.736
Seq_Frame0039_DriverToReference-SequenceTransform =-0.57385 -0.0572321 -0.816958 -32.9584 -0.416773 0.879127 0.231163 182.492 0.70498 0.473139 -0.528339 94.1156 0 0 0 1 
Seq_Frame0039_DriverToReference-SequenceTransformStatus = OK
Seq_Frame0039_Timestamp = 6.84
Seq_Frame0040_DriverToReference-SequenceTransform =-0.526558 -0.0409786 -0.849151 -34.6821 -0.422273 0.879515 0.219407 183.129 0.73785 0.474104 -0.48042 94.6224 0 0 0 1 
Seq_Frame0040_DriverToReference-SequenceTransformStatus = OK
Seq_Frame0040_Timestamp = 6.946
Seq_Frame0041_DriverToReference-SequenceTransform =-0.413611 -0.116156 -0.903014 -38.8309 -0.43342 0.897353 0.0830928 177.447 0.800671 0.425752 -0.421499 94.7347 0 0 0 1 
Seq_Frame0041_DriverToReference-SequenceTransformStatus = OK
Seq_Frame0041_Timestamp = 7.046
Seq_Frame0042_DriverToReference-SequenceTransform =0.167104 0.305155 0.937527 -41.9237 -0.87706 0.480381 -3.2166e-05 176.13 -0.45038 -0.822262 0.347913 89.384 0 0 0 1 
Seq_Frame0042_DriverToReference-SequenceTransformStatus = OK
Seq_Frame0042_Timestamp = 7.153
Seq_Frame0043_DriverToReference-SequenceTransform =0.149973 0.31234 0.938057 -41.1008 -0.870014 0.4924 -0.0248568 178.165 -0.469663 -0.812395 0.345587 83.388 0 0 0 1 
Seq_Frame0043_DriverToReference-SequenceTransformStatus = OK
Seq_Frame0043_Timestamp = 7.26
Seq_Frame0044_DriverToReference-SequenceTransform =0.118022 0.327409 0.937483 -43.7128 -0.876965 0.477248 -0.0562723 178.21 -0.465836 -0.815498 0.343453 79.7478 0 0 0 1 
Seq_Frame0044_DriverToReference-SequenceTransformStatus = OK
Seq_Frame0044_Timestamp = 7.377
Seq_Frame0045_DriverToReference-SequenceTransform =0.136358 0.278988 0.950564 -46.9129 -0.863357 0.504018 -0.0240801 177.54 -0.48582 -0.817393 0.309593 76.4845 0 0 0 1 
Seq_Frame0045_DriverToReference-SequenceTransformStatus = OK
Seq_Frame0045_Timestamp = 7.48
Seq_Frame0046_DriverToReference-SequenceTransform =0.168079 0.242377 0.955512 -49.1338 -0.858133 0.513005 0.0208201 175.839 -0.485136 -0.823456 0.294217 74.8607 0 0 0 1 
Seq_Frame0046_DriverToReference-SequenceTransformStatus = OK
Seq_Frame0046_Timestamp = 7.586
Seq_Frame0047_DriverToReference-SequenceTransform =0.166258 0.238134 0.956896 -50.1677 -0.861623 0.507003 0.0235309 174.868 -0.479546 -0.828396 0.289475 72.1937 0 0 0 1 
Seq_Frame0047_DriverToReference-SequenceTransformStatus = OK
Seq_Frame0047_Timestamp = 7.694
Seq_Frame0048_DriverToReference-SequenceTransform =0.159891 0.234144 0.958964 -50.3197 -0.871299 0.490084 0.0256138 173.714 -0.463975 -0.839639 0.282369 71.5804 0 0 0 1 
Seq_Frame0048_DriverToReference-SequenceTransformStatus = OK
Seq_Frame0048_Timestamp = 7.8
Seq_Frame0049_DriverToReference-SequenceTransform =0.1698 0.230656 0.958105 -50.266 -0.87418 0.484083 0.0383873 173.207 -0.454948 -0.844074 0.283832 71.8201 0 0 0 1 
Seq_Frame0049_DriverToReference-SequenceTransformStatus = OK
Seq_Frame0049_Timestamp = 7.912
Seq_Frame0050_DriverToReference-SequenceTransform =0.152472 0.202751 0.967287 -50.8157 -0.866756 0.497685 0.0323068 172.796 -0.474854 -0.843328 0.251619 72.0107 0 0 0 1 
Seq_Frame0050_DriverToReference-SequenceTransformStatus = OK
Seq_Frame0050_Timestamp = 8.015
Seq_Frame0051_DriverToReference-SequenceTransform =0.15987 0.187651 0.969138 -51.2394 -0.868052 0.494196 0.0475047 172.809 -0.470029 -0.848857 0.241898 72.2517 0 0 0 1 
Seq_Frame0051_DriverToReference-SequenceTransformStatus = OK
Seq_Frame0051_Timestamp = 8.125
Seq_Frame0052_DriverToReference-SequenceTransform =0.150753 0.191488 0.969848 -51.2418 -0.866114 0.498534 0.0361971 171.976 -0.476571 -0.845456 0.241006 71.9258 0 0 0 1 
Seq_Frame0052_DriverToReference-SequenceTransformStatus = OK
Seq_Frame0052_Timestamp = 8.23
Seq_Frame0053_DriverToReference-SequenceTransform =0.147764 0.190705 0.970462 -51.3234 -0.865233 0.500253 0.0334371 171.907 -0.4791 -0.844617 0.238924 72.4102 0 0 0 1 
Seq_Frame0053_DriverToReference-SequenceTransformStatus = OK
Seq_Frame0053_Timestamp = 8.34
Seq_Frame0054_DriverToReference-SequenceTransform =0.142872 0.219614 0.965068 -50.5264 -0.864346 0.502714 0.0135618 173.483 -0.482175 -0.836091 0.261647 73.6117 0 0 0 1 
Seq_Frame0054_DriverToReference-SequenceTransformStatus = OK
Seq_Frame0054_Timestamp = 8.446
Seq_Frame0055_DriverToReference-SequenceTransform =0.159087 0.199517 0.966894 -50.382 -0.863168 0.503475 0.0381293 177.711 -0.479199 -0.840658 0.252313 72.5853 0 0 0 1 
Seq_Frame0055_DriverToReference-SequenceTransformStatus = OK
Seq_Frame0055_Timestamp = 8.546
Seq_Frame0056_DriverToReference-SequenceTransform =0.159087 0.199517 0.966894 -50.382 -0.863168 0.503475 0.0381293 177.711 -0.479199 -0.840658 0.252313 72.5853 0 0 0 1 
Seq_Frame0056_DriverToReference-SequenceTransformStatus = OK
Seq_Frame0056_Timestamp = 8.65
Seq_Frame0057_DriverToReference-SequenceTransform =0.159087 0.199517 0.966894 -50.382 -0.863168 0.503475 0.0381293 177.711 -0.479199 -0.840658 0.252313 72.5853 0 0 0 1 
Seq_Frame0057_DriverToReference-SequenceTransformStatus = OK
Seq_Frame0057_Timestamp = 8.755
Seq_Frame0058_DriverToReference-SequenceTransform =0.249399 0.208414 0.945708 -40.2176 -0.6972 0.716405 0.0259831 204.011 -0.672095 -0.665828 0.323977 66.8758 0 0 0 1 
Seq_Frame0058_DriverToReference-SequenceTransformStatus = OK
Seq_Frame0058_Timestamp = 8.866
Seq_Frame0059_DriverToReference-SequenceTransform =0.267161 0.178334 0.947007 -40.7849 -0.662786 0.74738 0.0462373 205.943 -0.699528 -0.640016 0.317868 66.4247 0 0 0 1 
Seq_Frame0059_DriverToReference-SequenceTransformStatus = OK
Seq_Frame0059_Timestamp = 8.969
Seq_Frame0060_DriverToReference-SequenceTransform =0.267161 0.178334 0.947007 -40.7849 -0.662786 0.74738 0.0462373 205.943 -0.699528 -0.640016 0.317868 66.4247 0 0 0 1 
Seq_Frame0060_DriverToReference-SequenceTransformStatus = OK
Seq_Frame0060_Timestamp = 9.075
Seq_Frame0061_DriverToReference-SequenceTransform =0.352062 -0.211066 0.911868 -68.7268 -0.269252 0.910222 0.314641 202.738 -0.896413 -0.356295 0.263625 86.4673 0 0 0 1 
Seq_Frame0061_DriverToReference-SequenceTransformStatus = OK
Seq_Frame0061_Timestamp = 9.18
Seq_Frame0062_DriverToReference-SequenceTransform =0.293218 -0.323237 0.899745 -84.0354 -0.319081 0.854062 0.41081 190.66 -0.901228 -0.407548 0.147287 83.095 0 0 0 1 
Seq_Frame0062_DriverToReference-SequenceTransformStatus = OK
Seq_Frame0062_Timestamp = 10.41
Seq_Frame0063_DriverToReference-SequenceTransform =0.301856 -0.317784 0.89883 -85.5322 -0.367939 0.83093 0.417344 191.964 -0.87949 -0.456693 0.133896 76.7241 0 0 0 1 
Seq_Frame0063_DriverToReference-SequenceTransformStatus = OK
Seq_Frame0063_Timestamp = 11.28
Seq_Frame0064_DriverToReference-SequenceTransform =0.301856 -0.317784 0.89883 -85.5322 -0.367939 0.83093 0.417344 191.964 -0.87949 -0.456693 0.133896 76.7241 0 0 0 1 
Seq_Frame0064_DriverToReference-SequenceTransformStatus = OK
Seq_Frame0064_Timestamp = 11.39
Seq_Frame0065_DriverToReference-SequenceTransform =0.301856 -0.317784 0.89883 -85.5322 -0.367939 0.83093 0.417344 191.964 -0.87949 -0.456693 0.133896 76.7241 0 0 0 1 
Seq_Frame0065_DriverToReference-SequenceTransformStatus = OK
Seq_Frame0065_Timestamp = 11.496
Seq_Frame0066_DriverToReference-SequenceTransform =0.301856 -0.317784 0.89883 -85.5322 -0.367939 0.83093 0.417344 191.964 -0.87949 -0.456693 0.133896 76.7241 0 0 0 1 
Seq_Frame0066_DriverToReference-SequenceTransformStatus = OK
Seq_Frame0066_Timestamp = 11.83
Seq_Frame0067_DriverToReference-SequenceTransform =0.301856 -0.317784 0.89883 -85.5322 -0.367939 0.83093 0.417344 191.964 -0.87949 -0.456693 0.133896 76.7241 0 0 0 1 
Seq_Frame0067_DriverToReference-SequenceTransformStatus = OK
Seq_Frame0067_Timestamp = 11.936
Seq_Frame0068_DriverToReference-SequenceTransform =0.301856 -0.317784 0.89883 -85.5322 -0.367939 0.83093 0.417344 191.964 -0.87949 -0.456693 0.133896 76.7241 0 0 0 1 
Seq_Frame0068_DriverToReference-SequenceTransformStatus = OK
Seq_Frame0068_Timestamp = 12.046
Seq_Frame0069_DriverToReference-SequenceTransform =0.301856 -0.317784 0.89883 -85.5322 -0.367939 0.83093 0.417344 191.964 -0.87949 -0.456693 0.133896 76.7241 0 0 0 1 
Seq_Frame0069_DriverToReference-SequenceTransformStatus = OK
Seq_Frame0069_Timestamp = 12.275
Seq_Frame0070_DriverToReference-SequenceTransform =0.301856 -0.317784 0.89883 -85.5322 -0.367939 0.83093 0.417344 191.964 -0.87949 -0.456693 0.133896 76.7241 0 0 0 1 
Seq_Frame0070_DriverToReference-SequenceTransformStatus = OK
Seq_Frame0070_Timestamp = 12.378
Seq_Frame0071_DriverToReference-SequenceTransform =0.301856 -0.317784 0.89883 -85.5322 -0.367939 0.83093 0.417344 191.964 -0.87949 -0.456693 0.133896 76.7241 0 0 0 1 
Seq_Frame0071_DriverToReference-SequenceTransformStatus = OK
Seq_Frame0071_Timestamp = 12.491
Seq_Frame0072_DriverToReference-SequenceTransform =0.301856 -0.317784 0.89883 -85.5322 -0.367939 0.83093 0.417344 191.964 -0.87949 -0.456693 0.133896 76.7241 0 0 0 1 
Seq_Frame0072_DriverToReference-SequenceTransformStatus = OK
Seq_Frame0072_Timestamp = 12.602
Seq_Frame0073_DriverToReference-SequenceTransform =0.301856 -0.317784 0.89883 -85.5322 -0.367939 0.83093 0.417344 191.964 -0.87949 -0.456693 0.133896 76.7241 0 0 0 1 
Seq_Frame0073_DriverToReference-SequenceTransformStatus = OK
Seq_Frame0073_Timestamp = 12.705
Seq_Frame0074_DriverToReference-SequenceTransform =0.301856 -0.317784 0.89883 -85.5322 -0.367939 0.83093 0.417344 191.964 -0.87949 -0.456693 0.133896 76.7241 0 0 0 1 
Seq_Frame0074_DriverToReference-SequenceTransformStatus = OK
Seq_Frame0074_Timestamp = 12.81
Seq_Frame0075_DriverToReference-SequenceTransform =0.301856 -0.317784 0.89883 -85.5322 -0.367939 0.83093 0.417344 191.964 -0.87949 -0.456693 0.133896 76.7241 0 0 0 1 
Seq_Frame0075_DriverToReference-SequenceTransformStatus = OK
Seq_Frame0075_Timestamp = 12.92
Seq_Frame0076_DriverToReference-SequenceTransform =0.301856 -0.317784 0.89883 -85.5322 -0.367939 0.83093 0.417344 191.964 -0.87949 -0.456693 0.133896 76.7241 0 0 0 1 
Seq_Frame0076_DriverToReference-SequenceTransformStatus = OK
Seq_Frame0076_Timestamp = 13.025
Seq_Frame0077_DriverToReference-SequenceTransform =0.301856 -0.317784 0.89883 -85.5322 -0.367939 0.83093 0.417344 191.964 -0.87949 -0.456693 0.133896 76.7241 0 0 0 1 
Seq_Frame0077_DriverToReference-SequenceTransformStatus = OK
Seq_Frame0077_Timestamp = 13.136
Seq_Frame0078_DriverToReference-SequenceTransform =0.301856 -0.317784 0.89883 -85.5322 -0.367939 0.83093 0.417344 191.964 -0.87949 -0.456693 0.133896 76.7241 0 0 0 1 
Seq_Frame0078_DriverToReference-SequenceTransformStatus = OK
Seq_Frame0078_Timestamp = 13.24
Seq_Frame0079_DriverToReference-SequenceTransform =0.301856 -0.317784 0.89883 -85.5322 -0.367939 0.83093 0.417344 191.964 -0.87949 -0.456693 0.133896 76.7241 0 0 0 1 
Seq_Frame0079_DriverToReference-SequenceTransformStatus = OK
Seq_Frame0079_Timestamp = 13.35
Seq_Frame0080_DriverToReference-SequenceTransform =0.301856 -0.317784 0.89883 -85.5322 -0.367939 0.83093 0.417344 191.964 -0.87949 -0.456693 0.133896 76.7241 0 0 0 1 
Seq_Frame0080_DriverToReference-SequenceTransformStatus = OK
Seq_Frame0080_Timestamp = 13.47
Seq_Frame0081_DriverToReference-SequenceTransform =0.301856 -0.317784 0.89883 -85.5322 -0.367939 0.83093 0.417344 191.964 -0.87949 -0.456693 0.133896 76.7241 0 0 0 1 
Seq_Frame0081_DriverToReference-SequenceTransformStatus = OK
Seq_Frame0081_Timestamp = 13.57
Seq_Frame0082_DriverToReference-SequenceTransform =0.301856 -0.317784 0.89883 -85.5322 -0.367939 0.83093 0.417344 191.964 -0.87949 -0.456693 0.133896 76.7241 0 0 0 1 
Seq_Frame0082_DriverToReference-SequenceTransformStatus = OK
Seq_Frame0082_Timestamp = 13.68
Seq_Frame0083_DriverToReference-SequenceTransform =0.301856 -0.317784 0.89883 -85.5322 -0.367939 0.83093 0.417344 191.964 -0.87949 -0.456693 0.133896 76.7241 0 0 0 1 
Seq_Frame0083_DriverToReference-SequenceTransformStatus = OK
Seq_Frame0083_Timestamp = 13.79
Seq_Frame0084_DriverToReference-SequenceTransform =0.301856 -0.317784 0.89883 -85.5322 -0.367939 0.83093 0.417344 191.964 -0.87949 -0.456693 0.133896 76.7241 0 0 0 1 
Seq_Frame0084_DriverToReference-SequenceTransformStatus = OK
Seq_Frame0084_Timestamp = 13.895
Seq_Frame0085_DriverToReference-SequenceTransform =0.301856 -0.317784 0.89883 -85.5322 -0.367939 0.83093 0.417344 191.964 -0.87949 -0.456693 0.133896 76.7241 0 0 0 1 
Seq_Frame0085_DriverToReference-SequenceTransformStatus = OK
Seq_Frame0085_Timestamp = 14.001
Seq_Frame0086_DriverToReference-SequenceTransform =0.301856 -0.317784 0.89883 -85.5322 -0.367939 0.83093 0.417344 191.964 -0.87949 -0.456693 0.133896 76.7241 0 0 0 1 
Seq_Frame0086_DriverToReference-SequenceTransformStatus = OK
Seq_Frame0086_Timestamp = 14.106
Seq_Frame0087_DriverToReference-SequenceTransform =0.301856 -0.317784 0.89883 -85.5322 -0.367939 0.83093 0.417344 191.964 -0.87949 -0.456693 0.133896 76.7241 0 0 0 1 
Seq_Frame0087_DriverToReference-SequenceTransformStatus = OK
Seq_Frame0087_Timestamp = 14.215
Seq_Frame0088_DriverToReference-SequenceTransform =0.301856 -0.317784 0.89883 -85.5322 -0.367939 0.83093 0.417344 191.964 -0.87949 -0.456693 0.133896 76.7241 0 0 0 1 
Seq_Frame0088_DriverToReference-SequenceTransformStatus = OK
Seq_Frame0088_Timestamp = 14.321
Seq_Frame0089_DriverToReference-SequenceTransform =0.301856 -0.317784 0.89883 -85.5322 -0.367939 0.83093 0.417344 191.964 -0.87949 -0.456693 0.133896 76.7241 0 0 0 1 
Seq_Frame0089_DriverToReference-SequenceTransformStatus = OK
Seq_Frame0089_Timestamp = 14.421
Seq_Frame0090_DriverToReference-SequenceTransform =0.301856 -0.317784 0.89883 -85.5322 -0.367939 0.83093 0.417344 191.964 -0.87949 -0.456693 0.133896 76.7241 0 0 0 1 
Seq_Frame0090_DriverToReference-SequenceTransformStatus = OK
Seq_Frame0090_Timestamp = 14.535
Seq_Frame0091_DriverToReference-SequenceTransform =0.301856 -0.317784 0.89883 -85.5322 -0.367939 0.83093 0.417344 191.964 -0.87949 -0.456693 0.133896 76.7241 0 0 0 1 
Seq_Frame0091_DriverToReference-SequenceTransformStatus = OK
Seq_Frame0091_Timestamp = 14.66
Seq_Frame0092_DriverToReference-SequenceTransform =0.301856 -0.317784 0.89883 -85.5322 -0.367939 0.83093 0.417344 191.964 -0.87949 -0.456693 0.133896 76.7241 0 0 0 1 
Seq_Frame0092_DriverToReference-SequenceTransformStatus = OK
Seq_Frame0092_Timestamp = 14.777
Seq_Frame0093_DriverToReference-SequenceTransform =0.301856 -0.317784 0.89883 -85.5322 -0.367939 0.83093 0.417344 191.964 -0.87949 -0.456693 0.133896 76.7241 0 0 0 1 
Seq_Frame0093_DriverToReference-SequenceTransformStatus = OK
Seq_Frame0093_Timestamp = 14.878
Seq_Frame0094_DriverToReference-SequenceTransform =0.301856 -0.317784 0.89883 -85.5322 -0.367939 0.83093 0.417344 191.964 -0.87949 -0.456693 0.133896 76.7241 0 0 0 1 
Seq_Frame0094_DriverToReference-SequenceTransformStatus = OK
Seq_Frame0094_Timestamp = 14.98
Seq_Frame0095_DriverToReference-SequenceTransform =0.301856 -0.317784 0.89883 -85.5322 -0.367939 0.83093 0.417344 191.964 -0.87949 -0.456693 0.133896 76.7241 0 0 0 1 
Seq_Frame0095_DriverToReference-SequenceTransformStatus = OK
Seq_Frame0095_Timestamp = 15.085
Seq_Frame0096_DriverToReference-SequenceTransform =0.301856 -0.317784 0.89883 -85.5322 -0.367939 0.83093 0.417344 191.964 -0.87949 -0.456693 0.133896 76.7241 0 0 0 1 
Seq_Frame0096_DriverToReference-SequenceTransformStatus = OK
Seq_Frame0096_Timestamp = 15.194
Seq_Frame0097_DriverToReference-SequenceTransform =0.301856 -0.317784 0.89883 -85.5322 -0.367939 0.83093 0.417344 191.964 -0.87949 -0.456693 0.133896 76.7241 0 0 0 1 
Seq_Frame0097_DriverToReference-SequenceTransformStatus = OK
Seq_Frame0097_Timestamp = 15.3
Seq_Frame0098_DriverToReference-SequenceTransform =0.301856 -0.317784 0.89883 -85.5322 -0.367939 0.83093 0.417344 191.964 -0.87949 -0.456693 0.133896 76.7241 0 0 0 1 
Seq_Frame0098_DriverToReference-SequenceTransformStatus = OK
Seq_Frame0098_Timestamp = 15.411
Seq_Frame0099_DriverToReference-SequenceTransform =0.301856 -0.317784 0.89883 -85.5322 -0.367939 0.83093 0.417344 191.964 -0.87949 -0.456693 0.133896 76.7241 0 0 0 1 
Seq_Frame0099_DriverToReference-SequenceTransformStatus = OK
Seq_Frame0099_Timestamp = 15.512
Seq_Frame0100_DriverToReference-SequenceTransform =0.301856 -0.317784 0.89883 -85.5322 -0.367939 0.83093 0.417344 191.964 -0.87949 -0.456693 0.133896 76.7241 0 0 0 1 
Seq_Frame0100_DriverToReference-SequenceTransformStatus = OK
Seq_Frame0100_Timestamp = 15.636
Seq_Frame0101_DriverToReference-SequenceTransform =0.301856 -0.317784 0.89883 -85.5322 -0.367939 0.83093 0.417344 191.964 -0.87949 -0.456693 0.133896 76.7241 0 0 0 1 
Seq_Frame0101_DriverToReference-SequenceTransformStatus = OK
Seq_Frame0101_Timestamp = 15.744
Seq_Frame0102_DriverToReference-SequenceTransform =0.301856 -0.317784 0.89883 -85.5322 -0.367939 0.83093 0.417344 191.964 -0.87949 -0.456693 0.133896 76.7241 0 0 0 1 
Seq_Frame0102_DriverToReference-SequenceTransformStatus = OK
Seq_Frame0102_Timestamp = 15.845
Seq_Frame0103_DriverToReference-SequenceTransform =0.301856 -0.317784 0.89883 -85.5322 -0.367939 0.83093 0.417344 191.964 -0.87949 -0.456693 0.133896 76.7241 0 0 0 1 
Seq_Frame0103_DriverToReference-SequenceTransformStatus = OK
Seq_Frame0103_Timestamp = 15.951
Seq_Frame0104_DriverToReference-SequenceTransform =0.301856 -0.317784 0.89883 -85.5322 -0.367939 0.83093 0.417344 191.964 -0.87949 -0.456693 0.133896 76.7241 0 0 0 1 
Seq_Frame0104_DriverToReference-SequenceTransformStatus = OK
Seq_Frame0104_Timestamp = 16.055
Seq_Frame0105_DriverToReference-SequenceTransform =0.301856 -0.317784 0.89883 -85.5322 -0.367939 0.83093 0.417344 191.964 -0.87949 -0.456693 0.133896 76.7241 0 0 0 1 
Seq_Frame0105_DriverToReference-SequenceTransformStatus = OK
Seq_Frame0105_Timestamp = 16.165
Seq_Frame0106_DriverToReference-SequenceTransform =0.301856 -0.317784 0.89883 -85.5322 -0.367939 0.83093 0.417344 191.964 -0.87949 -0.456693 0.133896 76.7241 0 0 0 1 
Seq_Frame0106_DriverToReference-SequenceTransformStatus = OK
Seq_Frame0106_Timestamp = 16.275
Seq_Frame0107_DriverToReference-SequenceTransform =0.301856 -0.317784 0.89883 -85.5322 -0.367939 0.83093 0.417344 191.964 -0.87949 -0.456693 0.133896 76.7241 0 0 0 1 
Seq_Frame0107_DriverToReference-SequenceTransformStatus = OK
Seq_Frame0107_Timestamp = 16.38
Seq_Frame0108_DriverToReference-SequenceTransform =0.301856 -0.317784 0.89883 -85.5322 -0.367939 0.83093 0.417344 191.964 -0.87949 -0.456693 0.133896 76.7241 0 0 0 1 
Seq_Frame0108_DriverToReference-SequenceTransformStatus = OK
Seq_Frame0108_Timestamp = 16.485
Seq_Frame0109_DriverToReference-SequenceTransform =0.301856 -0.317784 0.89883 -85.5322 -0.367939 0.83093 0.417344 191.964 -0.87949 -0.456693 0.133896 76.7241 0 0 0 1 
Seq_Frame0109_DriverToReference-SequenceTransformStatus = OK
Seq_Frame0109_Timestamp = 16.59
Seq_Frame0110_DriverToReference-SequenceTransform =0.301856 -0.317784 0.89883 -85.5322 -0.367939 0.83093 0.417344 191.964 -0.87949 -0.456693 0.133896 76.7241 0 0 0 1 
Seq_Frame0110_DriverToReference-SequenceTransformStatus = OK
Seq_Frame0110_Timestamp = 16.7
Seq_Frame0111_DriverToReference-SequenceTransform =0.301856 -0.317784 0.89883 -85.5322 -0.367939 0.83093 0.417344 191.964 -0.87949 -0.456693 0.133896 76.7241 0 0 0 1 
Seq_Frame0111_DriverToReference-SequenceTransformStatus = OK
Seq_Frame0111_Timestamp = 16.81
Seq_Frame0112_DriverToReference-SequenceTransform =0.301856 -0.317784 0.89883 -85.5322 -0.367939 0.83093 0.417344 191.964 -0.87949 -0.456693 0.133896 76.7241 0 0 0 1 
Seq_Frame0112_DriverToReference-SequenceTransformStatus = OK
Seq_Frame0112_Timestamp = 16.915
Seq_Frame0113_DriverToReference-SequenceTransform =0.301856 -0.317784 0.89883 -85.5322 -0.367939 0.83093 0.417344 191.964 -0.87949 -0.456693 0.133896 76.7241 0 0 0 1 
Seq_Frame0113_DriverToReference-SequenceTransformStatus = OK
Seq_Frame0113_Timestamp = 17.03
Seq_Frame0114_DriverToReference-SequenceTransform =0.301856 -0.317784 0.89883 -85.5322 -0.367939 0.83093 0.417344 191.964 -0.87949 -0.456693 0.133896 76.7241 0 0 0 1 
Seq_Frame0114_DriverToReference-SequenceTransformStatus = OK
Seq_Frame0114_Timestamp = 17.136
Seq_Frame0115_DriverToReference-SequenceTransform =0.301856 -0.317784 0.89883 -85.5322 -0.367939 0.83093 0.417344 191.964 -0.87949 -0.456693 0.133896 76.7241 0 0 0 1 
Seq_Frame0115_DriverToReference-SequenceTransformStatus = OK
Seq_Frame0115_Timestamp = 17.245
Seq_Frame0116_DriverToReference-SequenceTransform =0.605827 0.234606 0.760219 23.5354 -0.741161 0.513796 0.43208 266.423 -0.289229 -0.825211 0.485153 168.59 0 0 0 1 
Seq_Frame0116_DriverToReference-SequenceTransformStatus = OK
Seq_Frame0116_Timestamp = 17.35
Seq_Frame0117_DriverToReference-SequenceTransform =0.640735 0.223646 0.734466 28.4369 -0.715649 0.520411 0.465853 287.783 -0.278038 -0.824108 0.493498 181.535 0 0 0 1 
Seq_Frame0117_DriverToReference-SequenceTransformStatus = OK
Seq_Frame0117_Timestamp = 17.461
Seq_Frame0118_DriverToReference-SequenceTransform =0.698096 0.176572 0.693891 36.9035 -0.668863 0.506654 0.543989 299.15 -0.255509 -0.843874 0.471796 193.696 0 0 0 1 
Seq_Frame0118_DriverToReference-SequenceTransformStatus = OK
Seq_Frame0118_Timestamp = 17.565
Seq_Frame0119_DriverToReference-SequenceTransform =0.722545 0.155065 0.673709 39.741 -0.64978 0.48506 0.585237 301.725 -0.23604 -0.860623 0.451236 201.213 0 0 0 1 
Seq_Frame0119_DriverToReference-SequenceTransformStatus = OK
Seq_Frame0119_Timestamp = 17.67
Seq_Frame0120_DriverToReference-SequenceTransform =0.757059 0.052492 0.651234 38.382 -0.611418 0.408245 0.677867 305.325 -0.23028 -0.911362 0.34116 205.665 0 0 0 1 
Seq_Frame0120_DriverToReference-SequenceTransformStatus = OK
Seq_Frame0120_Timestamp = 17.775
Seq_Frame0121_DriverToReference-SequenceTransform =0.758281 -0.0257892 0.651418 34.2197 -0.597832 0.371019 0.710593 313.93 -0.260014 -0.928267 0.265919 206.422 0 0 0 1 
Seq_Frame0121_DriverToReference-SequenceTransformStatus = OK
Seq_Frame0121_Timestamp = 17.886
Seq_Frame0122_DriverToReference-SequenceTransform =0.755105 -0.132931 0.641985 28.8577 -0.572392 0.343781 0.744434 322.436 -0.319661 -0.929593 0.183502 206.619 0 0 0 1 
Seq_Frame0122_DriverToReference-SequenceTransformStatus = OK
Seq_Frame0122_Timestamp = 17.99
Seq_Frame0123_DriverToReference-SequenceTransform =0.648842 -0.0865818 0.755981 21.4025 -0.663098 0.42298 0.617566 356.418 -0.373235 -0.901993 0.217035 203.94 0 0 0 1 
Seq_Frame0123_DriverToReference-SequenceTransformStatus = OK
Seq_Frame0123_Timestamp = 18.1
Seq_Frame0124_DriverToReference-SequenceTransform =0.677324 -0.127449 0.724561 26.7377 -0.608492 0.456492 0.649117 395.682 -0.413485 -0.880552 0.231641 202.015 0 0 0 1 
Seq_Frame0124_DriverToReference-SequenceTransformStatus = OK
Seq_Frame0124_Timestamp = 18.205
Seq_Frame0125_DriverToReference-SequenceTransform =0.729447 -0.24829 0.637385 36.5918 -0.532122 0.379545 0.75683 379.926 -0.429829 -0.891234 0.144738 202.284 0 0 0 1 
Seq_Frame0125_DriverToReference-SequenceTransformStatus = OK
Seq_Frame0125_Timestamp = 18.311
Seq_Frame0126_DriverToReference-SequenceTransform =0.754743 -0.309571 0.578385 39.5616 -0.513603 0.269676 0.814547 344.965 -0.408137 -0.911834 0.0445393 201.067 0 0 0 1 
Seq_Frame0126_DriverToReference-SequenceTransformStatus = OK
Seq_Frame0126_Timestamp = 18.415
Seq_Frame0127_DriverToReference-SequenceTransform =0.754743 -0.309571 0.578385 39.5616 -0.513603 0.269676 0.814547 344.965 -0.408137 -0.911834 0.0445393 201.067 0 0 0 1 
Seq_Frame0127_DriverToReference-SequenceTransformStatus = OK
Seq_Frame0127_Timestamp = 18.526
Seq_Frame0128_DriverToReference-SequenceTransform =0.754743 -0.309571 0.578385 39.5616 -0.513603 0.269676 0.814547 344.965 -0.408137 -0.911834 0.0445393 201.067 0 0 0 1 
Seq_Frame0128_DriverToReference-SequenceTransformStatus = OK
Seq_Frame0128_Timestamp = 18.63
Seq_Frame0129_DriverToReference-SequenceTransform =0.754743 -0.309571 0.578385 39.5616 -0.513603 0.269676 0.814547 344.965 -0.408137 -0.911834 0.0445393 201.067 0 0 0 1 
Seq_Frame0129_DriverToReference-SequenceTransformStatus = OK
Seq_Frame0129_Timestamp = 18.752
Seq_Frame0130_DriverToReference-SequenceTransform =0.754743 -0.309571 0.578385 39.5616 -0.513603 0.269676 0.814547 344.965 -0.408137 -0.911834 0.0445393 201.067 0 0 0 1 
Seq_Frame0130_DriverToReference-SequenceTransformStatus = OK
Seq_Frame0130_Timestamp = 18.865
Seq_Frame0131_DriverToReference-SequenceTransform =0.754743 -0.309571 0.578385 39.5616 -0.513603 0.269676 0.814547 344.965 -0.408137 -0.911834 0.0445393 201.067 0 0 0 1 
Seq_Frame0131_DriverToReference-SequenceTransformStatus = OK
Seq_Frame0131_Timestamp = 18.975
Seq_Frame0132_DriverToReference-SequenceTransform =0.754743 -0.309571 0.578385 39.5616 -0.513603 0.269676 0.814547 344.965 -0.408137 -0.911834 0.0445393 201.067 0 0 0 1 
Seq_Frame0132_DriverToReference-SequenceTransformStatus = OK
Seq_Frame0132_Timestamp = 19.085
Seq_Frame0133_DriverToReference-SequenceTransform =0.754743 -0.309571 0.578385 39.5616 -0.513603 0.269676 0.814547 344.965 -0.408137 -0.911834 0.0445393 201.067 0 0 0 1 
Seq_Frame0133_DriverToReference-SequenceTransformStatus = OK
Seq_Frame0133_Timestamp = 19.19
Seq_Frame0134_DriverToReference-SequenceTransform =0.754743 -0.309571 0.578385 39.5616 -0.513603 0.269676 0.814547 344.965 -0.408137 -0.911834 0.0445393 201.067 0 0 0 1 
Seq_Frame0134_DriverToReference-SequenceTransformStatus = OK
Seq_Frame0134_Timestamp = 19.3
Seq_Frame0135_DriverToReference-SequenceTransform =0.754743 -0.309571 0.578385 39.5616 -0.513603 0.269676 0.814547 344.965 -0.408137 -0.911834 0.0445393 201.067 0 0 0 1 
Seq_Frame0135_DriverToReference-SequenceTransformStatus = OK
Seq_Frame0135_Timestamp = 19.405
Seq_Frame0136_DriverToReference-SequenceTransform =0.754743 -0.309571 0.578385 39.5616 -0.513603 0.269676 0.814547 344.965 -0.408137 -0.911834 0.0445393 201.067 0 0 0 1 
Seq_Frame0136_DriverToReference-SequenceTransformStatus = OK
Seq_Frame0136_Timestamp = 19.511
Seq_Frame0137_DriverToReference-SequenceTransform =0.754743 -0.309571 0.578385 39.5616 -0.513603 0.269676 0.814547 344.965 -0.408137 -0.911834 0.0445393 201.067 0 0 0 1 
Seq_Frame0137_DriverToReference-SequenceTransformStatus = OK
Seq_Frame0137_Timestamp = 19.62
Seq_Frame0138_DriverToReference-SequenceTransform =0.754743 -0.309571 0.578385 39.5616 -0.513603 0.269676 0.814547 344.965 -0.408137 -0.911834 0.0445393 201.067 0 0 0 1 
Seq_Frame0138_DriverToReference-SequenceTransformStatus = OK
Seq_Frame0138_Timestamp = 19.726
Seq_Frame0139_DriverToReference-SequenceTransform =0.754743 -0.309571 0.578385 39.5616 -0.513603 0.269676 0.814547 344.965 -0.408137 -0.911834 0.0445393 201.067 0 0 0 1 
Seq_Frame0139_DriverToReference-SequenceTransformStatus = OK
Seq_Frame0139_Timestamp = 19.83
Seq_Frame0140_DriverToReference-SequenceTransform =0.754743 -0.309571 0.578385 39.5616 -0.513603 0.269676 0.814547 344.965 -0.408137 -0.911834 0.0445393 201.067 0 0 0 1 
Seq_Frame0140_DriverToReference-SequenceTransformStatus = OK
Seq_Frame0140_Timestamp = 19.935
Seq_Frame0141_DriverToReference-SequenceTransform =0.754743 -0.309571 0.578385 39.5616 -0.513603 0.269676 0.814547 344.965 -0.408137 -0.911834 0.0445393 201.067 0 0 0 1 
Seq_Frame0141_DriverToReference-SequenceTransformStatus = OK
Seq_Frame0141_Timestamp = 20.045
Seq_Frame0142_DriverToReference-SequenceTransform =0.754743 -0.309571 0.578385 39.5616 -0.513603 0.269676 0.814547 344.965 -0.408137 -0.911834 0.0445393 201.067 0 0 0 1 
Seq_Frame0142_DriverToReference-SequenceTransformStatus = OK
Seq_Frame0142_Timestamp = 20.15
Seq_Frame0143_DriverToReference-SequenceTransform =0.754743 -0.309571 0.578385 39.5616 -0.513603 0.269676 0.814547 344.965 -0.408137 -0.911834 0.0445393 201.067 0 0 0 1 
Seq_Frame0143_DriverToReference-SequenceTransformStatus = OK
Seq_Frame0143_Timestamp = 20.261
Seq_Frame0144_DriverToReference-SequenceTransform =0.754743 -0.309571 0.578385 39.5616 -0.513603 0.269676 0.814547 344.965 -0.408137 -0.911834 0.0445393 201.067 0 0 0 1 
Seq_Frame0144_DriverToReference-SequenceTransformStatus = OK
Seq_Frame0144_Timestamp = 20.365
Seq_Frame0145_DriverToReference-SequenceTransform =0.754743 -0.309571 0.578385 39.5616 -0.513603 0.269676 0.814547 344.965 -0.408137 -0.911834 0.0445393 201.067 0 0 0 1 
Seq_Frame0145_DriverToReference-SequenceTransformStatus = OK
Seq_Frame0145_Timestamp = 20.47
Seq_Frame0146_DriverToReference-SequenceTransform =0.754743 -0.309571 0.578385 39.5616 -0.513603 0.269676 0.814547 344.965 -0.408137 -0.911834 0.0445393 201.067 0 0 0 1 
Seq_Frame0146_DriverToReference-SequenceTransformStatus = OK
Seq_Frame0146_Timestamp = 20.58
Seq_Frame0147_DriverToReference-SequenceTransform =0.754743 -0.309571 0.578385 39.5616 -0.513603 0.269676 0.814547 344.965 -0.408137 -0.911834 0.0445393 201.067 0 0 0 1 
Seq_Frame0147_DriverToReference-SequenceTransformStatus = OK
Seq_Frame0147_Timestamp = 20.685
Seq_Frame0148_DriverToReference-SequenceTransform =0.754743 -0.309571 0.578385 39.5616 -0.513603 0.269676 0.814547 344.965 -0.408137 -0.911834 0.0445393 201.067 0 0 0 1 
Seq_Frame0148_DriverToReference-SequenceTransformStatus = OK
Seq_Frame0148_Timestamp = 20.795
Seq_Frame0149_DriverToReference-SequenceTransform =0.754743 -0.309571 0.578385 39.5616 -0.513603 0.269676 0.814547 344.965 -0.408137 -0.911834 0.0445393 201.067 0 0 0 1 
Seq_Frame0149_DriverToReference-SequenceTransformStatus = OK
Seq_Frame0149_Timestamp = 20.9
Seq_Frame0150_DriverToReference-SequenceTransform =0.754743 -0.309571 0.578385 39.5616 -0.513603 0.269676 0.814547 344.965 -0.408137 -0.911834 0.0445393 201.067 0 0 0 1 
Seq_Frame0150_DriverToReference-SequenceTransformStatus = OK
Seq_Frame0150_Timestamp = 21.006
Seq_Frame0151_DriverToReference-SequenceTransform =0.754743 -0.309571 0.578385 39.5616 -0.513603 0.269676 0.814547 344.965 -0.408137 -0.911834 0.0445393 201.067 0 0 0 1 
Seq_Frame0151_DriverToReference-SequenceTransformStatus = OK
Seq_Frame0151_Timestamp = 21.11
