ObjectType = Image
NDims = 3
AnatomicalOrientation = RAI
BinaryData = True
CompressedData = False
DimSize = 0 0 1202
ElementSpacing = 1 1 1
Offset = 0 0 0
TransformMatrix = 1 0 0 0 1 0 0 0 1
ElementType = MET_UCHAR
Kinds = domain domain list
Seq_Frame0000_ForcepToReference-SequenceTransform =0.74242 0.454295 0.492371 18.3631 -0.578391 0.80551 0.128908 70.4628 -0.338047 -0.380487 0.860787 -78.1705 0 0 0 1 
Seq_Frame0000_ForcepToReference-SequenceTransformStatus = OK
Seq_Frame0000_Timestamp = 1.246
Seq_Frame0001_ForcepToReference-SequenceTransform =0.930086 0.15235 0.33426 4.96059 -0.257963 0.918705 0.299058 118.125 -0.261525 -0.364376 0.893775 -80.378 0 0 0 1 
Seq_Frame0001_ForcepToReference-SequenceTransformStatus = OK
Seq_Frame0001_Timestamp = 1.355
Seq_Frame0002_ForcepToReference-SequenceTransform =0.883271 -0.267624 0.384979 -18.8536 -0.0442707 0.769821 0.636723 128.158 -0.466767 -0.579443 0.668113 -91.6407 0 0 0 1 
Seq_Frame0002_ForcepToReference-SequenceTransformStatus = OK
Seq_Frame0002_Timestamp = 1.46
Seq_Frame0003_ForcepToReference-SequenceTransform =0.894455 -0.309687 0.322559 -20.5917 0.0531525 0.789874 0.610962 144.031 -0.443987 -0.529333 0.722967 -89.4977 0 0 0 1 
Seq_Frame0003_ForcepToReference-SequenceTransformStatus = OK
Seq_Frame0003_Timestamp = 1.571
Seq_Frame0004_ForcepToReference-SequenceTransform =0.805783 0.193139 0.559831 -19.7877 -0.394223 0.880372 0.263692 137.918 -0.441931 -0.433177 0.785529 -95.6814 0 0 0 1 
Seq_Frame0004_ForcepToReference-SequenceTransformStatus = OK
Seq_Frame0004_Timestamp = 1.675
Seq_Frame0005_ForcepToReference-SequenceTransform =0.666973 0.214523 0.713531 -34.791 -0.418366 0.900263 0.120403 134.637 -0.616536 -0.378823 0.6902 -104.694 0 0 0 1 
Seq_Frame0005_ForcepToReference-SequenceTransformStatus = OK
Seq_Frame0005_Timestamp = 1.78
Seq_Frame0006_ForcepToReference-SequenceTransform =0.611157 0.396965 0.684767 -30.5574 -0.476349 0.875393 -0.0823288 136.603 -0.632122 -0.275872 0.724097 -99.5924 0 0 0 1 
Seq_Frame0006_ForcepToReference-SequenceTransformStatus = OK
Seq_Frame0006_Timestamp = 1.894
Seq_Frame0007_ForcepToReference-SequenceTransform =0.608388 0.503323 0.61362 -24.3662 -0.488397 0.846873 -0.210415 133.623 -0.625565 -0.171676 0.761049 -88.0206 0 0 0 1 
Seq_Frame0007_ForcepToReference-SequenceTransformStatus = OK
Seq_Frame0007_Timestamp = 1.996
Seq_Frame0008_ForcepToReference-SequenceTransform =-0.085843 -0.47294 -0.876903 -79.2167 0.92136 -0.372598 0.110758 152.802 -0.379114 -0.798435 0.467733 -106.236 0 0 0 1 
Seq_Frame0008_ForcepToReference-SequenceTransformStatus = OK
Seq_Frame0008_Timestamp = 2.88
Seq_Frame0009_ForcepToReference-SequenceTransform =-0.194852 -0.520606 -0.831265 -82.1913 0.930702 -0.365618 0.0108193 153.701 -0.309558 -0.771552 0.555771 -95.2882 0 0 0 1 
Seq_Frame0009_ForcepToReference-SequenceTransformStatus = OK
Seq_Frame0009_Timestamp = 2.986
Seq_Frame0010_ForcepToReference-SequenceTransform =-0.15248 -0.354324 -0.922608 -76.219 0.941137 -0.337015 -0.0261125 153.508 -0.301681 -0.872282 0.384855 -87.8117 0 0 0 1 
Seq_Frame0010_ForcepToReference-SequenceTransformStatus = OK
Seq_Frame0010_Timestamp = 3.706
Seq_Frame0011_ForcepToReference-SequenceTransform =-0.15248 -0.354324 -0.922608 -76.219 0.941137 -0.337015 -0.0261125 153.508 -0.301681 -0.872282 0.384855 -87.8117 0 0 0 1 
Seq_Frame0011_ForcepToReference-SequenceTransformStatus = OK
Seq_Frame0011_Timestamp = 3.81
Seq_Frame0012_ForcepToReference-SequenceTransform =-0.15248 -0.354324 -0.922608 -76.219 0.941137 -0.337015 -0.0261125 153.508 -0.301681 -0.872282 0.384855 -87.8117 0 0 0 1 
Seq_Frame0012_ForcepToReference-SequenceTransformStatus = OK
Seq_Frame0012_Timestamp = 3.925
Seq_Frame0013_ForcepToReference-SequenceTransform =-0.15248 -0.354324 -0.922608 -76.219 0.941137 -0.337015 -0.0261125 153.508 -0.301681 -0.872282 0.384855 -87.8117 0 0 0 1 
Seq_Frame0013_ForcepToReference-SequenceTransformStatus = OK
Seq_Frame0013_Timestamp = 4.03
Seq_Frame0014_ForcepToReference-SequenceTransform =-0.15248 -0.354324 -0.922608 -76.219 0.941137 -0.337015 -0.0261125 153.508 -0.301681 -0.872282 0.384855 -87.8117 0 0 0 1 
Seq_Frame0014_ForcepToReference-SequenceTransformStatus = OK
Seq_Frame0014_Timestamp = 4.137
Seq_Frame0015_ForcepToReference-SequenceTransform =-0.15248 -0.354324 -0.922608 -76.219 0.941137 -0.337015 -0.0261125 153.508 -0.301681 -0.872282 0.384855 -87.8117 0 0 0 1 
Seq_Frame0015_ForcepToReference-SequenceTransformStatus = OK
Seq_Frame0015_Timestamp = 4.24
Seq_Frame0016_ForcepToReference-SequenceTransform =-0.15248 -0.354324 -0.922608 -76.219 0.941137 -0.337015 -0.0261125 153.508 -0.301681 -0.872282 0.384855 -87.8117 0 0 0 1 
Seq_Frame0016_ForcepToReference-SequenceTransformStatus = OK
Seq_Frame0016_Timestamp = 4.345
Seq_Frame0017_ForcepToReference-SequenceTransform =-0.15248 -0.354324 -0.922608 -76.219 0.941137 -0.337015 -0.0261125 153.508 -0.301681 -0.872282 0.384855 -87.8117 0 0 0 1 
Seq_Frame0017_ForcepToReference-SequenceTransformStatus = OK
Seq_Frame0017_Timestamp = 4.446
Seq_Frame0018_ForcepToReference-SequenceTransform =-0.15248 -0.354324 -0.922608 -76.219 0.941137 -0.337015 -0.0261125 153.508 -0.301681 -0.872282 0.384855 -87.8117 0 0 0 1 
Seq_Frame0018_ForcepToReference-SequenceTransformStatus = OK
Seq_Frame0018_Timestamp = 4.551
Seq_Frame0019_ForcepToReference-SequenceTransform =-0.15248 -0.354324 -0.922608 -76.219 0.941137 -0.337015 -0.0261125 153.508 -0.301681 -0.872282 0.384855 -87.8117 0 0 0 1 
Seq_Frame0019_ForcepToReference-SequenceTransformStatus = OK
Seq_Frame0019_Timestamp = 4.655
Seq_Frame0020_ForcepToReference-SequenceTransform =-0.15248 -0.354324 -0.922608 -76.219 0.941137 -0.337015 -0.0261125 153.508 -0.301681 -0.872282 0.384855 -87.8117 0 0 0 1 
Seq_Frame0020_ForcepToReference-SequenceTransformStatus = OK
Seq_Frame0020_Timestamp = 4.766
Seq_Frame0021_ForcepToReference-SequenceTransform =-0.15248 -0.354324 -0.922608 -76.219 0.941137 -0.337015 -0.0261125 153.508 -0.301681 -0.872282 0.384855 -87.8117 0 0 0 1 
Seq_Frame0021_ForcepToReference-SequenceTransformStatus = OK
Seq_Frame0021_Timestamp = 4.871
Seq_Frame0022_ForcepToReference-SequenceTransform =-0.15248 -0.354324 -0.922608 -76.219 0.941137 -0.337015 -0.0261125 153.508 -0.301681 -0.872282 0.384855 -87.8117 0 0 0 1 
Seq_Frame0022_ForcepToReference-SequenceTransformStatus = OK
Seq_Frame0022_Timestamp = 4.975
Seq_Frame0023_ForcepToReference-SequenceTransform =-0.15248 -0.354324 -0.922608 -76.219 0.941137 -0.337015 -0.0261125 153.508 -0.301681 -0.872282 0.384855 -87.8117 0 0 0 1 
Seq_Frame0023_ForcepToReference-SequenceTransformStatus = OK
Seq_Frame0023_Timestamp = 5.085
Seq_Frame0024_ForcepToReference-SequenceTransform =-0.15248 -0.354324 -0.922608 -76.219 0.941137 -0.337015 -0.0261125 153.508 -0.301681 -0.872282 0.384855 -87.8117 0 0 0 1 
Seq_Frame0024_ForcepToReference-SequenceTransformStatus = OK
Seq_Frame0024_Timestamp = 5.194
Seq_Frame0025_ForcepToReference-SequenceTransform =-0.15248 -0.354324 -0.922608 -76.219 0.941137 -0.337015 -0.0261125 153.508 -0.301681 -0.872282 0.384855 -87.8117 0 0 0 1 
Seq_Frame0025_ForcepToReference-SequenceTransformStatus = OK
Seq_Frame0025_Timestamp = 5.3
Seq_Frame0026_ForcepToReference-SequenceTransform =-0.15248 -0.354324 -0.922608 -76.219 0.941137 -0.337015 -0.0261125 153.508 -0.301681 -0.872282 0.384855 -87.8117 0 0 0 1 
Seq_Frame0026_ForcepToReference-SequenceTransformStatus = OK
Seq_Frame0026_Timestamp = 5.405
Seq_Frame0027_ForcepToReference-SequenceTransform =-0.15248 -0.354324 -0.922608 -76.219 0.941137 -0.337015 -0.0261125 153.508 -0.301681 -0.872282 0.384855 -87.8117 0 0 0 1 
Seq_Frame0027_ForcepToReference-SequenceTransformStatus = OK
Seq_Frame0027_Timestamp = 5.515
Seq_Frame0028_ForcepToReference-SequenceTransform =-0.15248 -0.354324 -0.922608 -76.219 0.941137 -0.337015 -0.0261125 153.508 -0.301681 -0.872282 0.384855 -87.8117 0 0 0 1 
Seq_Frame0028_ForcepToReference-SequenceTransformStatus = OK
Seq_Frame0028_Timestamp = 5.621
Seq_Frame0029_ForcepToReference-SequenceTransform =-0.15248 -0.354324 -0.922608 -76.219 0.941137 -0.337015 -0.0261125 153.508 -0.301681 -0.872282 0.384855 -87.8117 0 0 0 1 
Seq_Frame0029_ForcepToReference-SequenceTransformStatus = OK
Seq_Frame0029_Timestamp = 5.726
Seq_Frame0030_ForcepToReference-SequenceTransform =-0.15248 -0.354324 -0.922608 -76.219 0.941137 -0.337015 -0.0261125 153.508 -0.301681 -0.872282 0.384855 -87.8117 0 0 0 1 
Seq_Frame0030_ForcepToReference-SequenceTransformStatus = OK
Seq_Frame0030_Timestamp = 5.83
Seq_Frame0031_ForcepToReference-SequenceTransform =-0.15248 -0.354324 -0.922608 -76.219 0.941137 -0.337015 -0.0261125 153.508 -0.301681 -0.872282 0.384855 -87.8117 0 0 0 1 
Seq_Frame0031_ForcepToReference-SequenceTransformStatus = OK
Seq_Frame0031_Timestamp = 5.94
Seq_Frame0032_ForcepToReference-SequenceTransform =-0.15248 -0.354324 -0.922608 -76.219 0.941137 -0.337015 -0.0261125 153.508 -0.301681 -0.872282 0.384855 -87.8117 0 0 0 1 
Seq_Frame0032_ForcepToReference-SequenceTransformStatus = OK
Seq_Frame0032_Timestamp = 6.046
Seq_Frame0033_ForcepToReference-SequenceTransform =-0.15248 -0.354324 -0.922608 -76.219 0.941137 -0.337015 -0.0261125 153.508 -0.301681 -0.872282 0.384855 -87.8117 0 0 0 1 
Seq_Frame0033_ForcepToReference-SequenceTransformStatus = OK
Seq_Frame0033_Timestamp = 6.155
Seq_Frame0034_ForcepToReference-SequenceTransform =0.32939 0.167413 0.929234 -73.9947 0.312121 0.909522 -0.274501 183.179 -0.891113 0.380451 0.247334 -6.05805 0 0 0 1 
Seq_Frame0034_ForcepToReference-SequenceTransformStatus = OK
Seq_Frame0034_Timestamp = 6.311
Seq_Frame0035_ForcepToReference-SequenceTransform =0.267905 0.156725 0.950612 -82.2422 0.425563 0.865958 -0.262702 201.003 -0.864363 0.474925 0.165298 6.16377 0 0 0 1 
Seq_Frame0035_ForcepToReference-SequenceTransformStatus = OK
Seq_Frame0035_Timestamp = 6.415
Seq_Frame0036_ForcepToReference-SequenceTransform =0.155515 0.170474 0.973013 -86.1494 0.60895 0.759036 -0.230313 213.006 -0.777814 0.628333 0.0142313 26.9681 0 0 0 1 
Seq_Frame0036_ForcepToReference-SequenceTransformStatus = OK
Seq_Frame0036_Timestamp = 6.521
Seq_Frame0037_ForcepToReference-SequenceTransform =0.0527835 0.1961 0.979162 -90.3419 0.758689 0.629683 -0.167007 221.636 -0.649311 0.751695 -0.115542 46.7302 0 0 0 1 
Seq_Frame0037_ForcepToReference-SequenceTransformStatus = OK
Seq_Frame0037_Timestamp = 6.626
Seq_Frame0038_ForcepToReference-SequenceTransform =-0.0153563 0.27735 0.960646 -91.8443 0.841668 0.522242 -0.137323 225.439 -0.539777 0.806437 -0.241456 70.3043 0 0 0 1 
Seq_Frame0038_ForcepToReference-SequenceTransformStatus = OK
Seq_Frame0038_Timestamp = 6.736
Seq_Frame0039_ForcepToReference-SequenceTransform =-0.0345828 0.301129 0.952956 -92.9189 0.899023 0.42587 -0.101947 225.489 -0.436535 0.853203 -0.28545 88.9542 0 0 0 1 
Seq_Frame0039_ForcepToReference-SequenceTransformStatus = OK
Seq_Frame0039_Timestamp = 6.84
Seq_Frame0040_ForcepToReference-SequenceTransform =-0.0491051 0.320769 0.945884 -92.8702 0.923851 0.374502 -0.0790404 224.109 -0.379589 0.869974 -0.314733 102.243 0 0 0 1 
Seq_Frame0040_ForcepToReference-SequenceTransformStatus = OK
Seq_Frame0040_Timestamp = 6.946
Seq_Frame0041_ForcepToReference-SequenceTransform =-0.030427 0.323439 0.94576 -91.5327 0.925143 0.367317 -0.0958543 222.294 -0.378397 0.872047 -0.310404 109.036 0 0 0 1 
Seq_Frame0041_ForcepToReference-SequenceTransformStatus = OK
Seq_Frame0041_Timestamp = 7.046
Seq_Frame0042_ForcepToReference-SequenceTransform =-0.0600064 0.352588 0.933853 -90.8989 0.943793 0.324681 -0.0619423 219.833 -0.325044 0.877647 -0.352253 111.953 0 0 0 1 
Seq_Frame0042_ForcepToReference-SequenceTransformStatus = OK
Seq_Frame0042_Timestamp = 7.153
Seq_Frame0043_ForcepToReference-SequenceTransform =-0.0409669 0.332294 0.942286 -91.6158 0.942067 0.327073 -0.0743839 220.687 -0.332914 0.884649 -0.326442 112.823 0 0 0 1 
Seq_Frame0043_ForcepToReference-SequenceTransformStatus = OK
Seq_Frame0043_Timestamp = 7.26
Seq_Frame0044_ForcepToReference-SequenceTransform =-0.105005 0.386564 0.916265 -91.0665 0.954985 0.296245 -0.0155406 220.529 -0.277447 0.873388 -0.40027 109.41 0 0 0 1 
Seq_Frame0044_ForcepToReference-SequenceTransformStatus = OK
Seq_Frame0044_Timestamp = 7.377
Seq_Frame0045_ForcepToReference-SequenceTransform =-0.0534221 0.361918 0.930678 -91.0516 0.949053 0.308256 -0.0653965 220.348 -0.310555 0.879769 -0.359947 108.192 0 0 0 1 
Seq_Frame0045_ForcepToReference-SequenceTransformStatus = OK
Seq_Frame0045_Timestamp = 7.48
Seq_Frame0046_ForcepToReference-SequenceTransform =-0.0257325 0.338478 0.940622 -90.0159 0.932845 0.346374 -0.0991211 220.015 -0.359357 0.874904 -0.324661 111.542 0 0 0 1 
Seq_Frame0046_ForcepToReference-SequenceTransformStatus = OK
Seq_Frame0046_Timestamp = 7.586
Seq_Frame0047_ForcepToReference-SequenceTransform =-0.0126526 0.348966 0.93705 -89.5098 0.925273 0.35937 -0.121339 220.5 -0.379091 0.865492 -0.327435 110.263 0 0 0 1 
Seq_Frame0047_ForcepToReference-SequenceTransformStatus = OK
Seq_Frame0047_Timestamp = 7.694
Seq_Frame0048_ForcepToReference-SequenceTransform =-0.0126526 0.348966 0.93705 -89.5098 0.925273 0.35937 -0.121339 220.5 -0.379091 0.865492 -0.327435 110.263 0 0 0 1 
Seq_Frame0048_ForcepToReference-SequenceTransformStatus = OK
Seq_Frame0048_Timestamp = 7.8
Seq_Frame0049_ForcepToReference-SequenceTransform =-0.0126526 0.348966 0.93705 -89.5098 0.925273 0.35937 -0.121339 220.5 -0.379091 0.865492 -0.327435 110.263 0 0 0 1 
Seq_Frame0049_ForcepToReference-SequenceTransformStatus = OK
Seq_Frame0049_Timestamp = 7.912
Seq_Frame0050_ForcepToReference-SequenceTransform =-0.0126526 0.348966 0.93705 -89.5098 0.925273 0.35937 -0.121339 220.5 -0.379091 0.865492 -0.327435 110.263 0 0 0 1 
Seq_Frame0050_ForcepToReference-SequenceTransformStatus = OK
Seq_Frame0050_Timestamp = 8.015
Seq_Frame0051_ForcepToReference-SequenceTransform =-0.0126526 0.348966 0.93705 -89.5098 0.925273 0.35937 -0.121339 220.5 -0.379091 0.865492 -0.327435 110.263 0 0 0 1 
Seq_Frame0051_ForcepToReference-SequenceTransformStatus = OK
Seq_Frame0051_Timestamp = 8.125
Seq_Frame0052_ForcepToReference-SequenceTransform =-0.0126526 0.348966 0.93705 -89.5098 0.925273 0.35937 -0.121339 220.5 -0.379091 0.865492 -0.327435 110.263 0 0 0 1 
Seq_Frame0052_ForcepToReference-SequenceTransformStatus = OK
Seq_Frame0052_Timestamp = 8.23
Seq_Frame0053_ForcepToReference-SequenceTransform =-0.0126526 0.348966 0.93705 -89.5098 0.925273 0.35937 -0.121339 220.5 -0.379091 0.865492 -0.327435 110.263 0 0 0 1 
Seq_Frame0053_ForcepToReference-SequenceTransformStatus = OK
Seq_Frame0053_Timestamp = 8.34
Seq_Frame0054_ForcepToReference-SequenceTransform =-0.0126526 0.348966 0.93705 -89.5098 0.925273 0.35937 -0.121339 220.5 -0.379091 0.865492 -0.327435 110.263 0 0 0 1 
Seq_Frame0054_ForcepToReference-SequenceTransformStatus = OK
Seq_Frame0054_Timestamp = 8.446
Seq_Frame0055_ForcepToReference-SequenceTransform =-0.0445356 0.328436 0.943476 -94.2072 0.926176 0.367564 -0.0842348 223.197 -0.374454 0.870073 -0.320559 108.572 0 0 0 1 
Seq_Frame0055_ForcepToReference-SequenceTransformStatus = OK
Seq_Frame0055_Timestamp = 8.546
Seq_Frame0056_ForcepToReference-SequenceTransform =-0.0808119 0.331607 0.93995 -100.6 0.880182 0.466252 -0.0888166 231.354 -0.467706 0.82015 -0.329553 96.2593 0 0 0 1 
Seq_Frame0056_ForcepToReference-SequenceTransformStatus = OK
Seq_Frame0056_Timestamp = 8.65
Seq_Frame0057_ForcepToReference-SequenceTransform =-0.112678 0.238658 0.964545 -110.172 0.692312 0.715174 -0.0960803 240.328 -0.712747 0.656939 -0.24581 54.8469 0 0 0 1 
Seq_Frame0057_ForcepToReference-SequenceTransformStatus = OK
Seq_Frame0057_Timestamp = 8.755
Seq_Frame0058_ForcepToReference-SequenceTransform =-0.151344 0.118922 0.981302 -125.466 -0.0041267 0.992652 -0.120934 210.695 -0.988473 -0.0223521 -0.149741 -37.7774 0 0 0 1 
Seq_Frame0058_ForcepToReference-SequenceTransformStatus = OK
Seq_Frame0058_Timestamp = 8.866
Seq_Frame0059_ForcepToReference-SequenceTransform =-0.0988887 0.0714009 0.992534 -121.941 -0.723897 0.679217 -0.120985 130.363 -0.682784 -0.730456 -0.01548 -79.0074 0 0 0 1 
Seq_Frame0059_ForcepToReference-SequenceTransformStatus = OK
Seq_Frame0059_Timestamp = 8.969
Seq_Frame0060_ForcepToReference-SequenceTransform =-0.871861 0.206869 -0.443918 -59.1086 0.407904 0.808385 -0.424414 206.358 0.271058 -0.551106 -0.789183 70.4275 0 0 0 1 
Seq_Frame0060_ForcepToReference-SequenceTransformStatus = OK
Seq_Frame0060_Timestamp = 9.075
Seq_Frame0061_ForcepToReference-SequenceTransform =-0.0144598 0.192056 0.981277 -105.265 -0.989628 0.13753 -0.0415004 63.0208 -0.142926 -0.971699 0.188076 -53.5132 0 0 0 1 
Seq_Frame0061_ForcepToReference-SequenceTransformStatus = OK
Seq_Frame0061_Timestamp = 9.18
Seq_Frame0062_ForcepToReference-SequenceTransform =-0.012413 0.204759 0.978734 -104.513 -0.992208 0.118834 -0.0374449 61.3949 -0.123974 -0.971572 0.201688 -51.4854 0 0 0 1 
Seq_Frame0062_ForcepToReference-SequenceTransformStatus = OK
Seq_Frame0062_Timestamp = 10.41
Seq_Frame0063_ForcepToReference-SequenceTransform =-0.0775304 0.189719 0.978773 -116.485 -0.729357 0.658528 -0.185418 127.677 -0.679726 -0.72825 0.0873168 -80.055 0 0 0 1 
Seq_Frame0063_ForcepToReference-SequenceTransformStatus = OK
Seq_Frame0063_Timestamp = 11.28
Seq_Frame0064_ForcepToReference-SequenceTransform =-0.103945 0.19406 0.975467 -119.748 -0.649676 0.729372 -0.21433 141.434 -0.753072 -0.656016 0.0502612 -79.8897 0 0 0 1 
Seq_Frame0064_ForcepToReference-SequenceTransformStatus = OK
Seq_Frame0064_Timestamp = 11.39
Seq_Frame0065_ForcepToReference-SequenceTransform =-0.111345 0.203228 0.97278 -122.951 -0.561648 0.794676 -0.230306 155.063 -0.81985 -0.572004 0.0256594 -75.9826 0 0 0 1 
Seq_Frame0065_ForcepToReference-SequenceTransformStatus = OK
Seq_Frame0065_Timestamp = 11.496
Seq_Frame0066_ForcepToReference-SequenceTransform =-0.3516 -0.710782 -0.609234 -130.176 0.91644 -0.394177 -0.0690141 193.448 -0.191092 -0.582592 0.789982 -63.1302 0 0 0 1 
Seq_Frame0066_ForcepToReference-SequenceTransformStatus = OK
Seq_Frame0066_Timestamp = 11.83
Seq_Frame0067_ForcepToReference-SequenceTransform =-0.317467 -0.730183 -0.605019 -129.666 0.945075 -0.295953 -0.138723 204.742 -0.0777642 -0.615829 0.784033 -54.2785 0 0 0 1 
Seq_Frame0067_ForcepToReference-SequenceTransformStatus = OK
Seq_Frame0067_Timestamp = 11.936
Seq_Frame0068_ForcepToReference-SequenceTransform =-0.286969 -0.806037 -0.517641 -132.927 0.957527 -0.225508 -0.179687 214.52 0.0281019 -0.54722 0.836517 -46.3641 0 0 0 1 
Seq_Frame0068_ForcepToReference-SequenceTransformStatus = OK
Seq_Frame0068_Timestamp = 12.046
Seq_Frame0069_ForcepToReference-SequenceTransform =-0.205996 -0.846516 -0.490894 -136.839 0.964433 -0.0907175 -0.248272 233.964 0.165633 -0.524578 0.835095 -24.9635 0 0 0 1 
Seq_Frame0069_ForcepToReference-SequenceTransformStatus = OK
Seq_Frame0069_Timestamp = 12.275
Seq_Frame0070_ForcepToReference-SequenceTransform =-0.181074 -0.89932 -0.39804 -138.687 0.960507 -0.0747666 -0.268023 237.393 0.211278 -0.430852 0.877342 -22.816 0 0 0 1 
Seq_Frame0070_ForcepToReference-SequenceTransformStatus = OK
Seq_Frame0070_Timestamp = 12.378
Seq_Frame0071_ForcepToReference-SequenceTransform =-0.156994 -0.908981 -0.386144 -138.893 0.964392 -0.0568362 -0.258299 238.103 0.212842 -0.412946 0.885536 -21.2316 0 0 0 1 
Seq_Frame0071_ForcepToReference-SequenceTransformStatus = OK
Seq_Frame0071_Timestamp = 12.491
Seq_Frame0072_ForcepToReference-SequenceTransform =-0.167067 -0.870043 -0.463803 -138.073 0.972117 -0.0668478 -0.224767 237.153 0.164553 -0.488422 0.856952 -20.2822 0 0 0 1 
Seq_Frame0072_ForcepToReference-SequenceTransformStatus = OK
Seq_Frame0072_Timestamp = 12.602
Seq_Frame0073_ForcepToReference-SequenceTransform =-0.151258 -0.88559 -0.439148 -138.2 0.978167 -0.0700458 -0.195661 236.214 0.142515 -0.459155 0.87685 -22.4184 0 0 0 1 
Seq_Frame0073_ForcepToReference-SequenceTransformStatus = OK
Seq_Frame0073_Timestamp = 12.705
Seq_Frame0074_ForcepToReference-SequenceTransform =-0.134825 -0.900172 -0.414141 -139.195 0.977615 -0.0527125 -0.20369 236.715 0.161525 -0.432333 0.887129 -23.2626 0 0 0 1 
Seq_Frame0074_ForcepToReference-SequenceTransformStatus = OK
Seq_Frame0074_Timestamp = 12.81
Seq_Frame0075_ForcepToReference-SequenceTransform =-0.125807 -0.910537 -0.393822 -138.736 0.97415 -0.0383055 -0.22263 236.748 0.187627 -0.41165 0.891819 -22.9154 0 0 0 1 
Seq_Frame0075_ForcepToReference-SequenceTransformStatus = OK
Seq_Frame0075_Timestamp = 12.92
Seq_Frame0076_ForcepToReference-SequenceTransform =-0.122482 -0.917944 -0.37733 -138.332 0.976947 -0.0445308 -0.208786 237.519 0.174851 -0.394204 0.902236 -21.9035 0 0 0 1 
Seq_Frame0076_ForcepToReference-SequenceTransformStatus = OK
Seq_Frame0076_Timestamp = 13.025
Seq_Frame0077_ForcepToReference-SequenceTransform =-0.113671 -0.917803 -0.380416 -138.192 0.978385 -0.0368328 -0.203484 236.751 0.172746 -0.395324 0.902152 -22.1697 0 0 0 1 
Seq_Frame0077_ForcepToReference-SequenceTransformStatus = OK
Seq_Frame0077_Timestamp = 13.136
Seq_Frame0078_ForcepToReference-SequenceTransform =-0.102816 -0.923231 -0.370234 -137.96 0.97448 -0.0188219 -0.223683 237.06 0.199542 -0.383784 0.901606 -20.3417 0 0 0 1 
Seq_Frame0078_ForcepToReference-SequenceTransformStatus = OK
Seq_Frame0078_Timestamp = 13.24
Seq_Frame0079_ForcepToReference-SequenceTransform =-0.0979353 -0.931495 -0.350322 -137.871 0.973947 -0.0173609 -0.226112 236.874 0.204541 -0.363339 0.908927 -20.3328 0 0 0 1 
Seq_Frame0079_ForcepToReference-SequenceTransformStatus = OK
Seq_Frame0079_Timestamp = 13.35
Seq_Frame0080_ForcepToReference-SequenceTransform =-0.100281 -0.92558 -0.365028 -137.785 0.973593 -0.0156619 -0.227753 237.307 0.205087 -0.378228 0.902709 -19.1194 0 0 0 1 
Seq_Frame0080_ForcepToReference-SequenceTransformStatus = OK
Seq_Frame0080_Timestamp = 13.47
Seq_Frame0081_ForcepToReference-SequenceTransform =-0.107591 -0.914126 -0.390893 -137.841 0.975097 -0.0203297 -0.220847 237.378 0.193936 -0.40492 0.893548 -19.2493 0 0 0 1 
Seq_Frame0081_ForcepToReference-SequenceTransformStatus = OK
Seq_Frame0081_Timestamp = 13.57
Seq_Frame0082_ForcepToReference-SequenceTransform =-0.0994575 -0.920454 -0.377985 -136.994 0.976535 -0.0173674 -0.214659 237.458 0.191019 -0.390465 0.900583 -17.4988 0 0 0 1 
Seq_Frame0082_ForcepToReference-SequenceTransformStatus = OK
Seq_Frame0082_Timestamp = 13.68
Seq_Frame0083_ForcepToReference-SequenceTransform =-0.0996537 -0.916974 -0.386301 -136.892 0.979134 -0.0212697 -0.202098 237.047 0.177102 -0.398381 0.89996 -17.7812 0 0 0 1 
Seq_Frame0083_ForcepToReference-SequenceTransformStatus = OK
Seq_Frame0083_Timestamp = 13.79
Seq_Frame0084_ForcepToReference-SequenceTransform =-0.0977876 -0.919653 -0.380363 -136.592 0.980105 -0.0226623 -0.197182 236.583 0.172719 -0.392078 0.903572 -18.3284 0 0 0 1 
Seq_Frame0084_ForcepToReference-SequenceTransformStatus = OK
Seq_Frame0084_Timestamp = 13.895
Seq_Frame0085_ForcepToReference-SequenceTransform =-0.0919886 -0.915338 -0.39204 -136.528 0.980133 -0.0137541 -0.197866 235.512 0.175722 -0.402452 0.898417 -19.1839 0 0 0 1 
Seq_Frame0085_ForcepToReference-SequenceTransformStatus = OK
Seq_Frame0085_Timestamp = 14.001
Seq_Frame0086_ForcepToReference-SequenceTransform =-0.090895 -0.917699 -0.386739 -136.084 0.984432 -0.0241351 -0.1741 235.704 0.150437 -0.396543 0.905606 -19.5716 0 0 0 1 
Seq_Frame0086_ForcepToReference-SequenceTransformStatus = OK
Seq_Frame0086_Timestamp = 14.106
Seq_Frame0087_ForcepToReference-SequenceTransform =-0.0911077 -0.919655 -0.382012 -136.063 0.982666 -0.0208321 -0.184209 236.008 0.161451 -0.392174 0.905612 -19.6431 0 0 0 1 
Seq_Frame0087_ForcepToReference-SequenceTransformStatus = OK
Seq_Frame0087_Timestamp = 14.215
Seq_Frame0088_ForcepToReference-SequenceTransform =-0.087273 -0.929961 -0.35715 -136.224 0.981311 -0.0185327 -0.191536 236.631 0.171502 -0.367191 0.914198 -19.6893 0 0 0 1 
Seq_Frame0088_ForcepToReference-SequenceTransformStatus = OK
Seq_Frame0088_Timestamp = 14.321
Seq_Frame0089_ForcepToReference-SequenceTransform =-0.0792935 -0.927299 -0.365828 -135.521 0.977748 -0.000847135 -0.20978 236.162 0.194219 -0.374321 0.906732 -19.6299 0 0 0 1 
Seq_Frame0089_ForcepToReference-SequenceTransformStatus = OK
Seq_Frame0089_Timestamp = 14.421
Seq_Frame0090_ForcepToReference-SequenceTransform =-0.0782263 -0.926637 -0.367728 -135.373 0.979366 -0.0024851 -0.202077 235.995 0.186339 -0.375948 0.907712 -19.7581 0 0 0 1 
Seq_Frame0090_ForcepToReference-SequenceTransformStatus = OK
Seq_Frame0090_Timestamp = 14.535
Seq_Frame0091_ForcepToReference-SequenceTransform =-0.0740115 -0.932304 -0.354022 -134.792 0.983191 -0.00880161 -0.182367 236.177 0.166905 -0.361568 0.917285 -20.1614 0 0 0 1 
Seq_Frame0091_ForcepToReference-SequenceTransformStatus = OK
Seq_Frame0091_Timestamp = 14.66
Seq_Frame0092_ForcepToReference-SequenceTransform =-0.0688579 -0.930885 -0.358764 -134.08 0.980577 0.00304806 -0.196112 236.012 0.183651 -0.3653 0.912594 -19.3579 0 0 0 1 
Seq_Frame0092_ForcepToReference-SequenceTransformStatus = OK
Seq_Frame0092_Timestamp = 14.777
Seq_Frame0093_ForcepToReference-SequenceTransform =-0.0674533 -0.930551 -0.359895 -134.138 0.980579 0.00474941 -0.196065 236.147 0.184158 -0.366131 0.912159 -19.4357 0 0 0 1 
Seq_Frame0093_ForcepToReference-SequenceTransformStatus = OK
Seq_Frame0093_Timestamp = 14.878
Seq_Frame0094_ForcepToReference-SequenceTransform =-0.0701832 -0.92687 -0.368764 -133.502 0.982095 0.000586701 -0.188387 235.777 0.174827 -0.375383 0.910233 -20.3031 0 0 0 1 
Seq_Frame0094_ForcepToReference-SequenceTransformStatus = OK
Seq_Frame0094_Timestamp = 14.98
Seq_Frame0095_ForcepToReference-SequenceTransform =-0.0658859 -0.929329 -0.363328 -133.554 0.983773 0.000399645 -0.17942 236.043 0.166885 -0.369253 0.914222 -20.45 0 0 0 1 
Seq_Frame0095_ForcepToReference-SequenceTransformStatus = OK
Seq_Frame0095_Timestamp = 15.085
Seq_Frame0096_ForcepToReference-SequenceTransform =-0.0538205 -0.933987 -0.353229 -133.049 0.978723 0.020802 -0.204128 235.868 0.198001 -0.3567 0.912995 -20.6009 0 0 0 1 
Seq_Frame0096_ForcepToReference-SequenceTransformStatus = OK
Seq_Frame0096_Timestamp = 15.194
Seq_Frame0097_ForcepToReference-SequenceTransform =-0.0583241 -0.928468 -0.366805 -132.477 0.982258 0.0122266 -0.187133 236.014 0.178232 -0.371211 0.911282 -19.6663 0 0 0 1 
Seq_Frame0097_ForcepToReference-SequenceTransformStatus = OK
Seq_Frame0097_Timestamp = 15.3
Seq_Frame0098_ForcepToReference-SequenceTransform =-0.0565513 -0.929053 -0.365598 -132.617 0.982532 0.0132395 -0.185624 236.16 0.177295 -0.369709 0.912076 -19.8089 0 0 0 1 
Seq_Frame0098_ForcepToReference-SequenceTransformStatus = OK
Seq_Frame0098_Timestamp = 15.411
Seq_Frame0099_ForcepToReference-SequenceTransform =-0.0592443 -0.921851 -0.38299 -132.192 0.985602 0.00684691 -0.168942 236.167 0.158362 -0.387484 0.908173 -19.8079 0 0 0 1 
Seq_Frame0099_ForcepToReference-SequenceTransformStatus = OK
Seq_Frame0099_Timestamp = 15.512
Seq_Frame0100_ForcepToReference-SequenceTransform =-0.0438415 -0.92866 -0.368333 -131.43 0.980124 0.0314203 -0.19588 235.78 0.193479 -0.3696 0.908825 -19.9356 0 0 0 1 
Seq_Frame0100_ForcepToReference-SequenceTransformStatus = OK
Seq_Frame0100_Timestamp = 15.636
Seq_Frame0101_ForcepToReference-SequenceTransform =-0.0388478 -0.924348 -0.379567 -130.57 0.98547 0.0274156 -0.167625 235.094 0.16535 -0.380564 0.909852 -21.0419 0 0 0 1 
Seq_Frame0101_ForcepToReference-SequenceTransformStatus = OK
Seq_Frame0101_Timestamp = 15.744
Seq_Frame0102_ForcepToReference-SequenceTransform =-0.0328347 -0.920676 -0.388945 -129.743 0.991128 0.0201521 -0.131373 234.143 0.12879 -0.389808 0.911846 -22.2003 0 0 0 1 
Seq_Frame0102_ForcepToReference-SequenceTransformStatus = OK
Seq_Frame0102_Timestamp = 15.845
Seq_Frame0103_ForcepToReference-SequenceTransform =-0.0344346 -0.915599 -0.400615 -129.636 0.992049 0.017238 -0.124668 234.113 0.121052 -0.401723 0.907725 -22.4146 0 0 0 1 
Seq_Frame0103_ForcepToReference-SequenceTransformStatus = OK
Seq_Frame0103_Timestamp = 15.951
Seq_Frame0104_ForcepToReference-SequenceTransform =-0.0310167 -0.918768 -0.393578 -129.332 0.991335 0.0220097 -0.129504 233.645 0.127646 -0.394184 0.910124 -22.8927 0 0 0 1 
Seq_Frame0104_ForcepToReference-SequenceTransformStatus = OK
Seq_Frame0104_Timestamp = 16.055
Seq_Frame0105_ForcepToReference-SequenceTransform =-0.0223367 -0.923614 -0.382674 -128.752 0.992572 0.0253009 -0.119002 232.971 0.119594 -0.382489 0.916187 -22.8206 0 0 0 1 
Seq_Frame0105_ForcepToReference-SequenceTransformStatus = OK
Seq_Frame0105_Timestamp = 16.165
Seq_Frame0106_ForcepToReference-SequenceTransform =-0.0195166 -0.91923 -0.393238 -127.956 0.991104 0.0340016 -0.128671 232.977 0.131649 -0.392251 0.910389 -22.0833 0 0 0 1 
Seq_Frame0106_ForcepToReference-SequenceTransformStatus = OK
Seq_Frame0106_Timestamp = 16.275
Seq_Frame0107_ForcepToReference-SequenceTransform =-0.018306 -0.918529 -0.39493 -127.336 0.993648 0.0271538 -0.109212 232.415 0.111039 -0.394421 0.912197 -22.8359 0 0 0 1 
Seq_Frame0107_ForcepToReference-SequenceTransformStatus = OK
Seq_Frame0107_Timestamp = 16.38
Seq_Frame0108_ForcepToReference-SequenceTransform =-0.0172948 -0.916862 -0.39883 -127.115 0.992809 0.0315089 -0.115487 232.603 0.118452 -0.39796 0.909724 -22.4404 0 0 0 1 
Seq_Frame0108_ForcepToReference-SequenceTransformStatus = OK
Seq_Frame0108_Timestamp = 16.485
Seq_Frame0109_ForcepToReference-SequenceTransform =-0.0105304 -0.919795 -0.392257 -126.272 0.991478 0.0413343 -0.123541 232.437 0.129846 -0.390215 0.911522 -21.9412 0 0 0 1 
Seq_Frame0109_ForcepToReference-SequenceTransformStatus = OK
Seq_Frame0109_Timestamp = 16.59
Seq_Frame0110_ForcepToReference-SequenceTransform =-0.0243961 -0.916306 -0.399735 -126.01 0.99356 0.0220318 -0.111141 229.997 0.110646 -0.399873 0.909868 -24.2016 0 0 0 1 
Seq_Frame0110_ForcepToReference-SequenceTransformStatus = OK
Seq_Frame0110_Timestamp = 16.7
Seq_Frame0111_ForcepToReference-SequenceTransform =-0.08337 -0.91553 -0.393515 -131.712 0.993473 -0.0455123 -0.104591 231.999 0.0778464 -0.399666 0.913349 -25.14 0 0 0 1 
Seq_Frame0111_ForcepToReference-SequenceTransformStatus = OK
Seq_Frame0111_Timestamp = 16.81
Seq_Frame0112_ForcepToReference-SequenceTransform =-0.123361 -0.917582 -0.377922 -136.938 0.98805 -0.0781066 -0.132879 236.212 0.0924094 -0.389798 0.916252 -23.0501 0 0 0 1 
Seq_Frame0112_ForcepToReference-SequenceTransformStatus = OK
Seq_Frame0112_Timestamp = 16.915
Seq_Frame0113_ForcepToReference-SequenceTransform =-0.172905 -0.88907 -0.42386 -140.525 0.979623 -0.110583 -0.167664 239.834 0.102193 -0.444213 0.890074 -20.836 0 0 0 1 
Seq_Frame0113_ForcepToReference-SequenceTransformStatus = OK
Seq_Frame0113_Timestamp = 17.03
Seq_Frame0114_ForcepToReference-SequenceTransform =-0.180216 -0.886634 -0.425914 -140.121 0.973703 -0.0994512 -0.20497 241.958 0.139376 -0.451653 0.88124 -17.9295 0 0 0 1 
Seq_Frame0114_ForcepToReference-SequenceTransformStatus = OK
Seq_Frame0114_Timestamp = 17.136
Seq_Frame0115_ForcepToReference-SequenceTransform =-0.181403 -0.875142 -0.448576 -136.847 0.973452 -0.095052 -0.208222 240.32 0.139586 -0.474439 0.869151 -15.8158 0 0 0 1 
Seq_Frame0115_ForcepToReference-SequenceTransformStatus = OK
Seq_Frame0115_Timestamp = 17.245
Seq_Frame0116_ForcepToReference-SequenceTransform =-0.165957 -0.874045 -0.456621 -131.136 0.979532 -0.0926222 -0.178712 235.49 0.113909 -0.476934 0.871527 -15.1382 0 0 0 1 
Seq_Frame0116_ForcepToReference-SequenceTransformStatus = OK
Seq_Frame0116_Timestamp = 17.35
Seq_Frame0117_ForcepToReference-SequenceTransform =-0.157228 -0.861323 -0.483118 -125.272 0.978822 -0.0709744 -0.192015 230.581 0.131098 -0.503077 0.854241 -15.4448 0 0 0 1 
Seq_Frame0117_ForcepToReference-SequenceTransformStatus = OK
Seq_Frame0117_Timestamp = 17.461
Seq_Frame0118_ForcepToReference-SequenceTransform =-0.153597 -0.852295 -0.500001 -120.193 0.982533 -0.0779359 -0.168979 226.169 0.105052 -0.517223 0.849379 -16.1563 0 0 0 1 
Seq_Frame0118_ForcepToReference-SequenceTransformStatus = OK
Seq_Frame0118_Timestamp = 17.565
Seq_Frame0119_ForcepToReference-SequenceTransform =-0.147208 -0.850548 -0.504874 -116.142 0.987277 -0.0953291 -0.127265 223.365 0.0601158 -0.517184 0.85376 -17.2057 0 0 0 1 
Seq_Frame0119_ForcepToReference-SequenceTransformStatus = OK
Seq_Frame0119_Timestamp = 17.67
Seq_Frame0120_ForcepToReference-SequenceTransform =-0.145401 -0.853782 -0.499914 -112.671 0.98732 -0.0926805 -0.12888 224.812 0.0637027 -0.512315 0.856432 -15.373 0 0 0 1 
Seq_Frame0120_ForcepToReference-SequenceTransformStatus = OK
Seq_Frame0120_Timestamp = 17.775
Seq_Frame0121_ForcepToReference-SequenceTransform =-0.144426 -0.841384 -0.520782 -106.87 0.989061 -0.106805 -0.101737 227.216 0.0299774 -0.529779 0.847606 -13.8549 0 0 0 1 
Seq_Frame0121_ForcepToReference-SequenceTransformStatus = OK
Seq_Frame0121_Timestamp = 17.886
Seq_Frame0122_ForcepToReference-SequenceTransform =-0.151493 -0.844204 -0.514169 -99.6436 0.987399 -0.105171 -0.118246 230.839 0.0457482 -0.525603 0.849499 -9.98167 0 0 0 1 
Seq_Frame0122_ForcepToReference-SequenceTransformStatus = OK
Seq_Frame0122_Timestamp = 17.99
Seq_Frame0123_ForcepToReference-SequenceTransform =-0.175876 -0.831029 -0.527691 -94.9755 0.984298 -0.140273 -0.107152 240.071 0.0150259 -0.538251 0.842651 -3.07419 0 0 0 1 
Seq_Frame0123_ForcepToReference-SequenceTransformStatus = OK
Seq_Frame0123_Timestamp = 18.1
Seq_Frame0124_ForcepToReference-SequenceTransform =-0.193537 -0.819964 -0.538704 -93.4145 0.98108 -0.158965 -0.110505 247.36 0.00497535 -0.549899 0.835217 -0.106212 0 0 0 1 
Seq_Frame0124_ForcepToReference-SequenceTransformStatus = OK
Seq_Frame0124_Timestamp = 18.205
Seq_Frame0125_ForcepToReference-SequenceTransform =-0.202761 -0.820364 -0.534687 -92.9661 0.979183 -0.175102 -0.102664 249.55 -0.00940267 -0.544373 0.838791 -0.335493 0 0 0 1 
Seq_Frame0125_ForcepToReference-SequenceTransformStatus = OK
Seq_Frame0125_Timestamp = 18.311
Seq_Frame0126_ForcepToReference-SequenceTransform =-0.203186 -0.825779 -0.526122 -90.1215 0.979133 -0.169328 -0.112366 251.658 0.00370253 -0.537975 0.842953 -1.181 0 0 0 1 
Seq_Frame0126_ForcepToReference-SequenceTransformStatus = OK
Seq_Frame0126_Timestamp = 18.415
Seq_Frame0127_ForcepToReference-SequenceTransform =-0.198656 -0.819457 -0.537611 -84.9822 0.980062 -0.16817 -0.105814 252.867 -0.00369968 -0.547913 0.836527 -1.22769 0 0 0 1 
Seq_Frame0127_ForcepToReference-SequenceTransformStatus = OK
Seq_Frame0127_Timestamp = 18.526
Seq_Frame0128_ForcepToReference-SequenceTransform =-0.175428 -0.825536 -0.536391 -78.4356 0.984477 -0.144107 -0.100187 248.341 0.0054103 -0.545641 0.838002 -2.62974 0 0 0 1 
Seq_Frame0128_ForcepToReference-SequenceTransformStatus = OK
Seq_Frame0128_Timestamp = 18.63
Seq_Frame0129_ForcepToReference-SequenceTransform =-0.0769968 -0.831019 -0.55089 -67.5118 0.992878 -0.114287 0.0336291 237.083 -0.0909058 -0.544377 0.8339 -4.34097 0 0 0 1 
Seq_Frame0129_ForcepToReference-SequenceTransformStatus = OK
Seq_Frame0129_Timestamp = 18.752
Seq_Frame0130_ForcepToReference-SequenceTransform =-0.0250245 -0.856232 -0.515986 -58.2091 0.993596 -0.0781905 0.0815622 235.957 -0.110181 -0.510641 0.852705 3.53286 0 0 0 1 
Seq_Frame0130_ForcepToReference-SequenceTransformStatus = OK
Seq_Frame0130_Timestamp = 18.865
Seq_Frame0131_ForcepToReference-SequenceTransform =-0.0327831 -0.81839 -0.573727 -47.9817 0.991324 -0.0997335 0.0856196 235.872 -0.12729 -0.565942 0.814559 6.80036 0 0 0 1 
Seq_Frame0131_ForcepToReference-SequenceTransformStatus = OK
Seq_Frame0131_Timestamp = 18.975
Seq_Frame0132_ForcepToReference-SequenceTransform =-0.104236 -0.808055 -0.579812 -44.8911 0.994526 -0.0804283 -0.0667028 233.986 0.00726627 -0.58359 0.812016 23.283 0 0 0 1 
Seq_Frame0132_ForcepToReference-SequenceTransformStatus = OK
Seq_Frame0132_Timestamp = 19.085
Seq_Frame0133_ForcepToReference-SequenceTransform =-0.1724 -0.793481 -0.583666 -49.9384 0.983285 -0.103402 -0.149865 220.357 0.0585624 -0.599746 0.798044 25.6313 0 0 0 1 
Seq_Frame0133_ForcepToReference-SequenceTransformStatus = OK
Seq_Frame0133_Timestamp = 19.19
Seq_Frame0134_ForcepToReference-SequenceTransform =-0.177878 -0.83924 -0.513844 -61.5056 0.983454 -0.169826 -0.0630739 205.92 -0.03433 -0.516561 0.855562 19.3029 0 0 0 1 
Seq_Frame0134_ForcepToReference-SequenceTransformStatus = OK
Seq_Frame0134_Timestamp = 19.3
Seq_Frame0135_ForcepToReference-SequenceTransform =-0.147288 -0.88892 -0.433736 -72.1264 0.989041 -0.136882 -0.0553251 206.74 -0.0101912 -0.437132 0.89934 15.623 0 0 0 1 
Seq_Frame0135_ForcepToReference-SequenceTransformStatus = OK
Seq_Frame0135_Timestamp = 19.405
Seq_Frame0136_ForcepToReference-SequenceTransform =-0.0462073 -0.931377 -0.361111 -72.8268 0.994242 -0.0778683 0.0736157 203.465 -0.0966831 -0.35563 0.929613 11.9001 0 0 0 1 
Seq_Frame0136_ForcepToReference-SequenceTransformStatus = OK
Seq_Frame0136_Timestamp = 19.511
Seq_Frame0137_ForcepToReference-SequenceTransform =-0.0420459 -0.913699 -0.404211 -71.7895 0.989997 -0.092634 0.106416 199.47 -0.134675 -0.395693 0.908454 10.4727 0 0 0 1 
Seq_Frame0137_ForcepToReference-SequenceTransformStatus = OK
Seq_Frame0137_Timestamp = 19.62
Seq_Frame0138_ForcepToReference-SequenceTransform =-0.0441751 -0.915245 -0.400468 -72.1173 0.991334 -0.0898013 0.0958828 199.998 -0.123719 -0.392762 0.91128 11.7231 0 0 0 1 
Seq_Frame0138_ForcepToReference-SequenceTransformStatus = OK
Seq_Frame0138_Timestamp = 19.726
Seq_Frame0139_ForcepToReference-SequenceTransform =-0.0457131 -0.9087 -0.414939 -72.8049 0.992966 -0.0867483 0.0805821 200.989 -0.10922 -0.408336 0.906274 12.8692 0 0 0 1 
Seq_Frame0139_ForcepToReference-SequenceTransformStatus = OK
Seq_Frame0139_Timestamp = 19.83
Seq_Frame0140_ForcepToReference-SequenceTransform =-0.046326 -0.906784 -0.419044 -72.8681 0.991676 -0.092199 0.0898814 200.407 -0.120138 -0.411391 0.903506 11.18 0 0 0 1 
Seq_Frame0140_ForcepToReference-SequenceTransformStatus = OK
Seq_Frame0140_Timestamp = 19.935
Seq_Frame0141_ForcepToReference-SequenceTransform =-0.0567391 -0.890758 -0.450923 -71.496 0.987808 -0.115667 0.104196 198.847 -0.14497 -0.439513 0.88646 10.5898 0 0 0 1 
Seq_Frame0141_ForcepToReference-SequenceTransformStatus = OK
Seq_Frame0141_Timestamp = 20.045
Seq_Frame0142_ForcepToReference-SequenceTransform =-0.0669455 -0.885718 -0.459371 -69.9825 0.984245 -0.134137 0.115195 196.968 -0.163649 -0.444421 0.880743 11.2194 0 0 0 1 
Seq_Frame0142_ForcepToReference-SequenceTransformStatus = OK
Seq_Frame0142_Timestamp = 20.15
Seq_Frame0143_ForcepToReference-SequenceTransform =-0.0716471 -0.881838 -0.466079 -70.2456 0.985415 -0.134891 0.103737 197.626 -0.154349 -0.451848 0.878641 11.9103 0 0 0 1 
Seq_Frame0143_ForcepToReference-SequenceTransformStatus = OK
Seq_Frame0143_Timestamp = 20.261
Seq_Frame0144_ForcepToReference-SequenceTransform =-0.0769856 -0.883008 -0.463001 -70.6038 0.985571 -0.137608 0.0985619 197.906 -0.150744 -0.448732 0.880861 12.1148 0 0 0 1 
Seq_Frame0144_ForcepToReference-SequenceTransformStatus = OK
Seq_Frame0144_Timestamp = 20.365
Seq_Frame0145_ForcepToReference-SequenceTransform =-0.0787163 -0.883172 -0.462397 -71.0794 0.986413 -0.136095 0.0920179 198.676 -0.144198 -0.448871 0.881886 11.8893 0 0 0 1 
Seq_Frame0145_ForcepToReference-SequenceTransformStatus = OK
Seq_Frame0145_Timestamp = 20.47
Seq_Frame0146_ForcepToReference-SequenceTransform =-0.0782081 -0.882119 -0.464489 -70.6146 0.986908 -0.134425 0.0891187 198.276 -0.141052 -0.451438 0.881083 12.4733 0 0 0 1 
Seq_Frame0146_ForcepToReference-SequenceTransformStatus = OK
Seq_Frame0146_Timestamp = 20.58
Seq_Frame0147_ForcepToReference-SequenceTransform =-0.0778865 -0.882272 -0.464252 -70.5947 0.986856 -0.134365 0.0897878 198.308 -0.141597 -0.451156 0.881141 12.5279 0 0 0 1 
Seq_Frame0147_ForcepToReference-SequenceTransformStatus = OK
Seq_Frame0147_Timestamp = 20.685
Seq_Frame0148_ForcepToReference-SequenceTransform =-0.0787973 -0.884683 -0.459486 -71.0193 0.98801 -0.13069 0.0821937 198.764 -0.132766 -0.4475 0.884374 12.0144 0 0 0 1 
Seq_Frame0148_ForcepToReference-SequenceTransformStatus = OK
Seq_Frame0148_Timestamp = 20.795
Seq_Frame0149_ForcepToReference-SequenceTransform =-0.0789402 -0.880631 -0.46718 -71.4263 0.989213 -0.127208 0.0726375 198.814 -0.123396 -0.456406 0.881174 11.5429 0 0 0 1 
