ObjectType = Image
NDims = 3
AnatomicalOrientation = RAI
BinaryData = True
CompressedData = False
DimSize = 0 0 5985
ElementSpacing = 1 1 1
Offset = 0 0 0
TransformMatrix = 1 0 0 0 1 0 0 0 1
ElementType = MET_UCHAR
Kinds = domain domain list
Seq_Frame0000_DriverToReference-SequenceTransform =0.511518 -0.826136 -0.236321 40.2077 -0.213779 0.144023 -0.966207 69.3059 0.832254 0.544753 -0.10294 -7.10977 0 0 0 1 
Seq_Frame0000_DriverToReference-SequenceTransformStatus = OK
Seq_Frame0000_Timestamp = 0.00699997
Seq_Frame0001_DriverToReference-SequenceTransform =0.511518 -0.826136 -0.236321 40.2077 -0.213779 0.144023 -0.966207 69.3059 0.832254 0.544753 -0.10294 -7.10977 0 0 0 1 
Seq_Frame0001_DriverToReference-SequenceTransformStatus = OK
Seq_Frame0001_Timestamp = 0.109
Seq_Frame0002_DriverToReference-SequenceTransform =0.511518 -0.826136 -0.236321 40.2077 -0.213779 0.144023 -0.966207 69.3059 0.832254 0.544753 -0.10294 -7.10977 0 0 0 1 
Seq_Frame0002_DriverToReference-SequenceTransformStatus = OK
Seq_Frame0002_Timestamp = 0.213
Seq_Frame0003_DriverToReference-SequenceTransform =0.511518 -0.826136 -0.236321 40.2077 -0.213779 0.144023 -0.966207 69.3059 0.832254 0.544753 -0.10294 -7.10977 0 0 0 1 
Seq_Frame0003_DriverToReference-SequenceTransformStatus = OK
Seq_Frame0003_Timestamp = 0.313
Seq_Frame0004_DriverToReference-SequenceTransform =0.511518 -0.826136 -0.236321 40.2077 -0.213779 0.144023 -0.966207 69.3059 0.832254 0.544753 -0.10294 -7.10977 0 0 0 1 
Seq_Frame0004_DriverToReference-SequenceTransformStatus = OK
Seq_Frame0004_Timestamp = 0.423
Seq_Frame0005_DriverToReference-SequenceTransform =0.511518 -0.826136 -0.236321 40.2077 -0.213779 0.144023 -0.966207 69.3059 0.832254 0.544753 -0.10294 -7.10977 0 0 0 1 
Seq_Frame0005_DriverToReference-SequenceTransformStatus = OK
Seq_Frame0005_Timestamp = 0.524
Seq_Frame0006_DriverToReference-SequenceTransform =0.511518 -0.826136 -0.236321 40.2077 -0.213779 0.144023 -0.966207 69.3059 0.832254 0.544753 -0.10294 -7.10977 0 0 0 1 
Seq_Frame0006_DriverToReference-SequenceTransformStatus = OK
Seq_Frame0006_Timestamp = 0.638
Seq_Frame0007_DriverToReference-SequenceTransform =0.511518 -0.826136 -0.236321 40.2077 -0.213779 0.144023 -0.966207 69.3059 0.832254 0.544753 -0.10294 -7.10977 0 0 0 1 
Seq_Frame0007_DriverToReference-SequenceTransformStatus = OK
Seq_Frame0007_Timestamp = 0.749
Seq_Frame0008_DriverToReference-SequenceTransform =0.511518 -0.826136 -0.236321 40.2077 -0.213779 0.144023 -0.966207 69.3059 0.832254 0.544753 -0.10294 -7.10977 0 0 0 1 
Seq_Frame0008_DriverToReference-SequenceTransformStatus = OK
Seq_Frame0008_Timestamp = 0.856
Seq_Frame0009_DriverToReference-SequenceTransform =0.511518 -0.826136 -0.236321 40.2077 -0.213779 0.144023 -0.966207 69.3059 0.832254 0.544753 -0.10294 -7.10977 0 0 0 1 
Seq_Frame0009_DriverToReference-SequenceTransformStatus = OK
Seq_Frame0009_Timestamp = 0.963
Seq_Frame0010_DriverToReference-SequenceTransform =0.511518 -0.826136 -0.236321 40.2077 -0.213779 0.144023 -0.966207 69.3059 0.832254 0.544753 -0.10294 -7.10977 0 0 0 1 
Seq_Frame0010_DriverToReference-SequenceTransformStatus = OK
Seq_Frame0010_Timestamp = 1.063
Seq_Frame0011_DriverToReference-SequenceTransform =0.511518 -0.826136 -0.236321 40.2077 -0.213779 0.144023 -0.966207 69.3059 0.832254 0.544753 -0.10294 -7.10977 0 0 0 1 
Seq_Frame0011_DriverToReference-SequenceTransformStatus = OK
Seq_Frame0011_Timestamp = 1.164
Seq_Frame0012_DriverToReference-SequenceTransform =0.511518 -0.826136 -0.236321 40.2077 -0.213779 0.144023 -0.966207 69.3059 0.832254 0.544753 -0.10294 -7.10977 0 0 0 1 
Seq_Frame0012_DriverToReference-SequenceTransformStatus = OK
Seq_Frame0012_Timestamp = 1.273
Seq_Frame0013_DriverToReference-SequenceTransform =0.511518 -0.826136 -0.236321 40.2077 -0.213779 0.144023 -0.966207 69.3059 0.832254 0.544753 -0.10294 -7.10977 0 0 0 1 
Seq_Frame0013_DriverToReference-SequenceTransformStatus = OK
Seq_Frame0013_Timestamp = 1.384
Seq_Frame0014_DriverToReference-SequenceTransform =0.511518 -0.826136 -0.236321 40.2077 -0.213779 0.144023 -0.966207 69.3059 0.832254 0.544753 -0.10294 -7.10977 0 0 0 1 
Seq_Frame0014_DriverToReference-SequenceTransformStatus = OK
Seq_Frame0014_Timestamp = 1.488
Seq_Frame0015_DriverToReference-SequenceTransform =0.511518 -0.826136 -0.236321 40.2077 -0.213779 0.144023 -0.966207 69.3059 0.832254 0.544753 -0.10294 -7.10977 0 0 0 1 
Seq_Frame0015_DriverToReference-SequenceTransformStatus = OK
Seq_Frame0015_Timestamp = 1.589
Seq_Frame0016_DriverToReference-SequenceTransform =0.511518 -0.826136 -0.236321 40.2077 -0.213779 0.144023 -0.966207 69.3059 0.832254 0.544753 -0.10294 -7.10977 0 0 0 1 
Seq_Frame0016_DriverToReference-SequenceTransformStatus = OK
Seq_Frame0016_Timestamp = 1.694
Seq_Frame0017_DriverToReference-SequenceTransform =0.511518 -0.826136 -0.236321 40.2077 -0.213779 0.144023 -0.966207 69.3059 0.832254 0.544753 -0.10294 -7.10977 0 0 0 1 
Seq_Frame0017_DriverToReference-SequenceTransformStatus = OK
Seq_Frame0017_Timestamp = 1.799
Seq_Frame0018_DriverToReference-SequenceTransform =0.511518 -0.826136 -0.236321 40.2077 -0.213779 0.144023 -0.966207 69.3059 0.832254 0.544753 -0.10294 -7.10977 0 0 0 1 
Seq_Frame0018_DriverToReference-SequenceTransformStatus = OK
Seq_Frame0018_Timestamp = 1.903
Seq_Frame0019_DriverToReference-SequenceTransform =0.511518 -0.826136 -0.236321 40.2077 -0.213779 0.144023 -0.966207 69.3059 0.832254 0.544753 -0.10294 -7.10977 0 0 0 1 
Seq_Frame0019_DriverToReference-SequenceTransformStatus = OK
Seq_Frame0019_Timestamp = 2.004
Seq_Frame0020_DriverToReference-SequenceTransform =0.341137 -0.482492 -0.806738 51.7221 -0.598177 0.550607 -0.582251 125.985 0.725127 0.6812 -0.100783 -22.0391 0 0 0 1 
Seq_Frame0020_DriverToReference-SequenceTransformStatus = OK
Seq_Frame0020_Timestamp = 2.113
Seq_Frame0021_DriverToReference-SequenceTransform =0.406533 -0.178447 0.89604 55.0436 -0.275976 0.910944 0.306625 245.95 -0.870958 -0.371939 0.321082 -9.38249 0 0 0 1 
Seq_Frame0021_DriverToReference-SequenceTransformStatus = OK
Seq_Frame0021_Timestamp = 2.214
Seq_Frame0022_DriverToReference-SequenceTransform =0.501999 -0.117649 0.856829 63.0139 -0.125956 0.970197 0.20701 307.028 -0.855647 -0.211841 0.472219 27.6324 0 0 0 1 
Seq_Frame0022_DriverToReference-SequenceTransformStatus = OK
Seq_Frame0022_Timestamp = 2.315
Seq_Frame0023_DriverToReference-SequenceTransform =0.537629 -0.1529 0.829202 64.3811 0.0556176 0.98771 0.146068 344.464 -0.841345 -0.0324118 0.539525 83.5518 0 0 0 1 
Seq_Frame0023_DriverToReference-SequenceTransformStatus = OK
Seq_Frame0023_Timestamp = 2.423
Seq_Frame0024_DriverToReference-SequenceTransform =0.585726 -0.166557 0.793211 62.4515 0.102395 0.986023 0.131432 351.866 -0.804015 0.00423769 0.594594 132.25 0 0 0 1 
Seq_Frame0024_DriverToReference-SequenceTransformStatus = OK
Seq_Frame0024_Timestamp = 2.523
Seq_Frame0025_DriverToReference-SequenceTransform =0.622083 -0.17412 0.763345 66.7514 0.128977 0.984428 0.11944 351.661 -0.772255 0.0241522 0.634854 178.264 0 0 0 1 
Seq_Frame0025_DriverToReference-SequenceTransformStatus = OK
Seq_Frame0025_Timestamp = 2.629
Seq_Frame0026_DriverToReference-SequenceTransform =0.698157 -0.139511 0.702221 75.7232 0.167535 0.985433 0.0292112 358.132 -0.696067 0.0972529 0.71136 211.117 0 0 0 1 
Seq_Frame0026_DriverToReference-SequenceTransformStatus = OK
Seq_Frame0026_Timestamp = 2.731
Seq_Frame0027_DriverToReference-SequenceTransform =0.843992 0.0487935 0.534131 130.179 0.0835206 0.971749 -0.220743 328.774 -0.529813 0.230916 0.816074 281.983 0 0 0 1 
Seq_Frame0027_DriverToReference-SequenceTransformStatus = OK
Seq_Frame0027_Timestamp = 3.643
Seq_Frame0028_DriverToReference-SequenceTransform =0.86173 0.0259971 0.506701 133.997 0.106355 0.967242 -0.230501 335.123 -0.496095 0.25252 0.830737 281.081 0 0 0 1 
Seq_Frame0028_DriverToReference-SequenceTransformStatus = OK
Seq_Frame0028_Timestamp = 3.744
Seq_Frame0029_DriverToReference-SequenceTransform =0.881524 0.0144336 0.471918 141.123 0.110732 0.965333 -0.236368 332.066 -0.45897 0.260621 0.849367 286.023 0 0 0 1 
Seq_Frame0029_DriverToReference-SequenceTransformStatus = OK
Seq_Frame0029_Timestamp = 3.848
Seq_Frame0030_DriverToReference-SequenceTransform =0.886362 0.0107515 0.462869 145.254 0.095534 0.973969 -0.205564 330.094 -0.45303 0.226424 0.862262 289.633 0 0 0 1 
Seq_Frame0030_DriverToReference-SequenceTransformStatus = OK
Seq_Frame0030_Timestamp = 3.959
Seq_Frame0031_DriverToReference-SequenceTransform =0.899897 0.0221597 0.435539 147.562 0.101805 0.96044 -0.259213 329.824 -0.424053 0.277605 0.862041 290.833 0 0 0 1 
Seq_Frame0031_DriverToReference-SequenceTransformStatus = OK
Seq_Frame0031_Timestamp = 4.059
Seq_Frame0032_DriverToReference-SequenceTransform =0.902718 0.0384532 0.428511 149.777 0.0920274 0.955687 -0.279629 326.903 -0.420275 0.291861 0.859178 292.123 0 0 0 1 
Seq_Frame0032_DriverToReference-SequenceTransformStatus = OK
Seq_Frame0032_Timestamp = 4.164
Seq_Frame0033_DriverToReference-SequenceTransform =0.911498 0.0541801 0.407721 152.97 0.0837505 0.94607 -0.312951 326.371 -0.402688 0.319401 0.857803 294.487 0 0 0 1 
Seq_Frame0033_DriverToReference-SequenceTransformStatus = OK
Seq_Frame0033_Timestamp = 4.269
Seq_Frame0034_DriverToReference-SequenceTransform =0.914848 0.0693254 0.397804 156.201 0.0522102 0.956575 -0.286773 326.081 -0.40041 0.283123 0.871501 297.579 0 0 0 1 
Seq_Frame0034_DriverToReference-SequenceTransformStatus = OK
Seq_Frame0034_Timestamp = 4.372
Seq_Frame0035_DriverToReference-SequenceTransform =0.9223 0.0730849 0.379501 158.232 0.0635566 0.939905 -0.33547 325.547 -0.381213 0.333523 0.862229 298.681 0 0 0 1 
Seq_Frame0035_DriverToReference-SequenceTransformStatus = OK
Seq_Frame0035_Timestamp = 4.474
Seq_Frame0036_DriverToReference-SequenceTransform =0.931378 0.0761367 0.356003 160.859 0.0593127 0.933086 -0.354729 323.559 -0.359189 0.351503 0.86454 301.316 0 0 0 1 
Seq_Frame0036_DriverToReference-SequenceTransformStatus = OK
Seq_Frame0036_Timestamp = 4.589
Seq_Frame0037_DriverToReference-SequenceTransform =0.938804 0.082861 0.334338 162.611 0.0557569 0.921277 -0.384888 323.002 -0.33991 0.379976 0.860278 301.741 0 0 0 1 
Seq_Frame0037_DriverToReference-SequenceTransformStatus = OK
Seq_Frame0037_Timestamp = 4.699
Seq_Frame0038_DriverToReference-SequenceTransform =0.939832 0.081654 0.331735 162.868 0.0513443 0.926229 -0.373447 323.681 -0.337756 0.36801 0.866308 302.059 0 0 0 1 
Seq_Frame0038_DriverToReference-SequenceTransformStatus = OK
Seq_Frame0038_Timestamp = 4.799
Seq_Frame0039_DriverToReference-SequenceTransform =0.94157 0.0882254 0.325058 163.337 0.0429087 0.925802 -0.375566 324.127 -0.334073 0.36757 0.867921 301.939 0 0 0 1 
Seq_Frame0039_DriverToReference-SequenceTransformStatus = OK
Seq_Frame0039_Timestamp = 4.909
Seq_Frame0040_DriverToReference-SequenceTransform =0.946446 0.0887381 0.310428 163.836 0.0360635 0.926414 -0.374774 323.715 -0.320842 0.365898 0.873601 301.888 0 0 0 1 
Seq_Frame0040_DriverToReference-SequenceTransformStatus = OK
Seq_Frame0040_Timestamp = 5.013
Seq_Frame0041_DriverToReference-SequenceTransform =0.943129 0.0955911 0.318388 164.568 0.0251764 0.934474 -0.355139 323.488 -0.331474 0.342958 0.878923 302.668 0 0 0 1 
Seq_Frame0041_DriverToReference-SequenceTransformStatus = OK
Seq_Frame0041_Timestamp = 5.115
Seq_Frame0042_DriverToReference-SequenceTransform =0.950253 0.099663 0.295105 165.186 0.0280326 0.91622 -0.399693 322.934 -0.310216 0.388082 0.867847 302.023 0 0 0 1 
Seq_Frame0042_DriverToReference-SequenceTransformStatus = OK
Seq_Frame0042_Timestamp = 5.224
Seq_Frame0043_DriverToReference-SequenceTransform =0.949363 0.0958481 0.299205 164.973 0.0262141 0.924844 -0.379443 322.703 -0.313087 0.368072 0.8755 302.278 0 0 0 1 
Seq_Frame0043_DriverToReference-SequenceTransformStatus = OK
Seq_Frame0043_Timestamp = 5.329
Seq_Frame0044_DriverToReference-SequenceTransform =0.9492 0.0963334 0.299564 165.482 0.0227154 0.928527 -0.37057 322.428 -0.313852 0.35855 0.879169 302.398 0 0 0 1 
Seq_Frame0044_DriverToReference-SequenceTransformStatus = OK
Seq_Frame0044_Timestamp = 5.431
Seq_Frame0045_DriverToReference-SequenceTransform =0.951938 0.0984376 0.290042 165.761 0.019661 0.925357 -0.378586 322.249 -0.30566 0.366093 0.878947 302.821 0 0 0 1 
Seq_Frame0045_DriverToReference-SequenceTransformStatus = OK
Seq_Frame0045_Timestamp = 5.539
Seq_Frame0046_DriverToReference-SequenceTransform =0.953173 0.104786 0.283692 166.138 0.0159242 0.919364 -0.393086 322.151 -0.302006 0.379197 0.874644 302.933 0 0 0 1 
Seq_Frame0046_DriverToReference-SequenceTransformStatus = OK
Seq_Frame0046_Timestamp = 5.64
Seq_Frame0047_DriverToReference-SequenceTransform =0.952849 0.106596 0.284106 166.109 0.0122588 0.921981 -0.38704 322.298 -0.303197 0.372274 0.877202 303.152 0 0 0 1 
Seq_Frame0047_DriverToReference-SequenceTransformStatus = OK
Seq_Frame0047_Timestamp = 5.748
Seq_Frame0048_DriverToReference-SequenceTransform =0.954057 0.105151 0.280568 165.999 0.0157354 0.917522 -0.397374 322.228 -0.299212 0.383532 0.873714 303.23 0 0 0 1 
Seq_Frame0048_DriverToReference-SequenceTransformStatus = OK
Seq_Frame0048_Timestamp = 5.849
Seq_Frame0049_DriverToReference-SequenceTransform =0.954117 0.108045 0.279262 166.235 0.0116528 0.918527 -0.395187 322.302 -0.299207 0.380308 0.875123 303.456 0 0 0 1 
Seq_Frame0049_DriverToReference-SequenceTransformStatus = OK
Seq_Frame0049_Timestamp = 5.95
Seq_Frame0050_DriverToReference-SequenceTransform =0.954155 0.115213 0.276249 166.738 0.00946654 0.91087 -0.412585 322.2 -0.299162 0.396286 0.86802 303.741 0 0 0 1 
Seq_Frame0050_DriverToReference-SequenceTransformStatus = OK
Seq_Frame0050_Timestamp = 6.059
Seq_Frame0051_DriverToReference-SequenceTransform =0.95736 0.116843 0.264215 167.67 -0.00310572 0.918673 -0.395007 322.507 -0.288881 0.377344 0.879864 304.131 0 0 0 1 
Seq_Frame0051_DriverToReference-SequenceTransformStatus = OK
Seq_Frame0051_Timestamp = 6.163
Seq_Frame0052_DriverToReference-SequenceTransform =0.956863 0.121365 0.263978 168.188 -0.0120975 0.92443 -0.381159 322.458 -0.290288 0.361523 0.886021 304.893 0 0 0 1 
Seq_Frame0052_DriverToReference-SequenceTransformStatus = OK
Seq_Frame0052_Timestamp = 6.264
Seq_Frame0053_DriverToReference-SequenceTransform =0.959486 0.131021 0.24944 169.007 -0.0119641 0.90345 -0.428527 322.071 -0.281502 0.408182 0.868415 304.991 0 0 0 1 
Seq_Frame0053_DriverToReference-SequenceTransformStatus = OK
Seq_Frame0053_Timestamp = 6.372
Seq_Frame0054_DriverToReference-SequenceTransform =0.962272 0.131839 0.238014 169.805 -0.0224777 0.910296 -0.413348 321.927 -0.271158 0.392403 0.878916 305.686 0 0 0 1 
Seq_Frame0054_DriverToReference-SequenceTransformStatus = OK
Seq_Frame0054_Timestamp = 6.474
Seq_Frame0055_DriverToReference-SequenceTransform =0.963457 0.132677 0.232694 169.84 -0.0235077 0.90724 -0.419956 321.709 -0.266828 0.39914 0.877206 305.554 0 0 0 1 
Seq_Frame0055_DriverToReference-SequenceTransformStatus = OK
Seq_Frame0055_Timestamp = 6.578
Seq_Frame0056_DriverToReference-SequenceTransform =0.963934 0.135731 0.22893 170.285 -0.0282376 0.907482 -0.419141 321.511 -0.26464 0.39756 0.878585 305.847 0 0 0 1 
Seq_Frame0056_DriverToReference-SequenceTransformStatus = OK
Seq_Frame0056_Timestamp = 6.679
Seq_Frame0057_DriverToReference-SequenceTransform =0.960025 0.143077 0.240585 170.887 -0.0325415 0.910714 -0.411754 321.212 -0.278017 0.387465 0.878964 306.189 0 0 0 1 
Seq_Frame0057_DriverToReference-SequenceTransformStatus = OK
Seq_Frame0057_Timestamp = 6.779
Seq_Frame0058_DriverToReference-SequenceTransform =0.958455 0.147531 0.244127 171.532 -0.040135 0.917094 -0.396645 320.772 -0.282405 0.370369 0.884915 306.919 0 0 0 1 
Seq_Frame0058_DriverToReference-SequenceTransformStatus = OK
Seq_Frame0058_Timestamp = 6.881
Seq_Frame0059_DriverToReference-SequenceTransform =0.96031 0.142342 0.239882 171.115 -0.0337886 0.913022 -0.406509 321.132 -0.276881 0.382269 0.881594 306.701 0 0 0 1 
Seq_Frame0059_DriverToReference-SequenceTransformStatus = OK
Seq_Frame0059_Timestamp = 6.993
Seq_Frame0060_DriverToReference-SequenceTransform =0.962001 0.140093 0.234366 170.773 -0.0330255 0.911741 -0.409436 321.494 -0.27104 0.386138 0.881722 306.545 0 0 0 1 
Seq_Frame0060_DriverToReference-SequenceTransformStatus = OK
Seq_Frame0060_Timestamp = 7.094
Seq_Frame0061_DriverToReference-SequenceTransform =0.961251 0.143115 0.235615 171.058 -0.0334772 0.908962 -0.415533 321.077 -0.273634 0.391544 0.878532 307.042 0 0 0 1 
Seq_Frame0061_DriverToReference-SequenceTransformStatus = OK
Seq_Frame0061_Timestamp = 7.198
Seq_Frame0062_DriverToReference-SequenceTransform =0.959366 0.146921 0.240898 171.469 -0.0373673 0.91238 -0.407635 320.796 -0.279681 0.382069 0.880796 307.159 0 0 0 1 
Seq_Frame0062_DriverToReference-SequenceTransformStatus = OK
Seq_Frame0062_Timestamp = 7.309
Seq_Frame0063_DriverToReference-SequenceTransform =0.960041 0.141338 0.241548 171.847 -0.0372195 0.919916 -0.390345 320.316 -0.277374 0.365757 0.888417 307.157 0 0 0 1 
Seq_Frame0063_DriverToReference-SequenceTransformStatus = OK
Seq_Frame0063_Timestamp = 7.422
Seq_Frame0064_DriverToReference-SequenceTransform =0.96459 0.135022 0.226573 171.876 -0.0272921 0.905515 -0.423435 320.122 -0.262339 0.402258 0.877136 306.579 0 0 0 1 
Seq_Frame0064_DriverToReference-SequenceTransformStatus = OK
Seq_Frame0064_Timestamp = 7.526
Seq_Frame0065_DriverToReference-SequenceTransform =0.964386 0.135798 0.226977 171.832 -0.0283556 0.906275 -0.421737 319.915 -0.262974 0.400281 0.877849 306.765 0 0 0 1 
Seq_Frame0065_DriverToReference-SequenceTransformStatus = OK
Seq_Frame0065_Timestamp = 7.639
Seq_Frame0066_DriverToReference-SequenceTransform =0.965126 0.137081 0.223026 171.952 -0.0305229 0.905054 -0.424199 319.859 -0.26 0.402598 0.877676 306.913 0 0 0 1 
Seq_Frame0066_DriverToReference-SequenceTransformStatus = OK
Seq_Frame0066_Timestamp = 7.748
Seq_Frame0067_DriverToReference-SequenceTransform =0.96914 0.134205 0.206775 172.355 -0.0352168 0.905585 -0.4227 320.003 -0.243981 0.402374 0.882365 307.199 0 0 0 1 
Seq_Frame0067_DriverToReference-SequenceTransformStatus = OK
Seq_Frame0067_Timestamp = 7.855
Seq_Frame0068_DriverToReference-SequenceTransform =0.970666 0.13252 0.200615 172.275 -0.0356885 0.90456 -0.424849 319.351 -0.237769 0.405227 0.882755 306.99 0 0 0 1 
Seq_Frame0068_DriverToReference-SequenceTransformStatus = OK
Seq_Frame0068_Timestamp = 7.958
Seq_Frame0069_DriverToReference-SequenceTransform =0.968332 0.13566 0.209593 172.869 -0.0420696 0.916152 -0.398618 319.358 -0.246095 0.377177 0.892846 307.713 0 0 0 1 
Seq_Frame0069_DriverToReference-SequenceTransformStatus = OK
Seq_Frame0069_Timestamp = 8.059
Seq_Frame0070_DriverToReference-SequenceTransform =0.969614 0.132953 0.205361 172.983 -0.0382451 0.911492 -0.409535 319.85 -0.241633 0.389237 0.88888 308.116 0 0 0 1 
Seq_Frame0070_DriverToReference-SequenceTransformStatus = OK
Seq_Frame0070_Timestamp = 8.163
Seq_Frame0071_DriverToReference-SequenceTransform =0.969928 0.132116 0.204412 172.839 -0.0371483 0.91037 -0.412124 319.589 -0.240539 0.392137 0.887902 308.009 0 0 0 1 
Seq_Frame0071_DriverToReference-SequenceTransformStatus = OK
Seq_Frame0071_Timestamp = 8.265
Seq_Frame0072_DriverToReference-SequenceTransform =0.969309 0.137322 0.203919 173.12 -0.0440756 0.913087 -0.405377 319.827 -0.241863 0.383947 0.891115 308.187 0 0 0 1 
Seq_Frame0072_DriverToReference-SequenceTransformStatus = OK
Seq_Frame0072_Timestamp = 8.374
Seq_Frame0073_DriverToReference-SequenceTransform =0.968451 0.13989 0.206234 173.4 -0.0461887 0.914001 -0.403075 319.749 -0.244884 0.380833 0.891627 308.58 0 0 0 1 
Seq_Frame0073_DriverToReference-SequenceTransformStatus = OK
Seq_Frame0073_Timestamp = 8.474
Seq_Frame0074_DriverToReference-SequenceTransform =0.968729 0.139657 0.205085 173.385 -0.0429826 0.908513 -0.415639 319.933 -0.244369 0.393827 0.886106 308.663 0 0 0 1 
Seq_Frame0074_DriverToReference-SequenceTransformStatus = OK
Seq_Frame0074_Timestamp = 8.581
Seq_Frame0075_DriverToReference-SequenceTransform =0.966546 0.142658 0.21316 173.864 -0.0491418 0.918657 -0.391989 319.845 -0.251741 0.3684 0.894935 309.365 0 0 0 1 
Seq_Frame0075_DriverToReference-SequenceTransformStatus = OK
Seq_Frame0075_Timestamp = 8.684
Seq_Frame0076_DriverToReference-SequenceTransform =0.966749 0.141309 0.213138 173.87 -0.0460628 0.916052 -0.398405 320.011 -0.251543 0.37534 0.892102 309.366 0 0 0 1 
Seq_Frame0076_DriverToReference-SequenceTransformStatus = OK
Seq_Frame0076_Timestamp = 8.788
Seq_Frame0077_DriverToReference-SequenceTransform =0.966167 0.138194 0.21777 173.887 -0.0435329 0.919603 -0.390429 320.412 -0.254217 0.367739 0.894506 309.406 0 0 0 1 
Seq_Frame0077_DriverToReference-SequenceTransformStatus = OK
Seq_Frame0077_Timestamp = 8.889
Seq_Frame0078_DriverToReference-SequenceTransform =0.967227 0.137875 0.213221 174.099 -0.0419693 0.914994 -0.401278 320.427 -0.250422 0.379178 0.890794 309.804 0 0 0 1 
Seq_Frame0078_DriverToReference-SequenceTransformStatus = OK
Seq_Frame0078_Timestamp = 8.999
Seq_Frame0079_DriverToReference-SequenceTransform =0.968739 0.134215 0.208641 174.317 -0.0354597 0.907292 -0.419003 320.627 -0.245535 0.398506 0.883688 309.634 0 0 0 1 
Seq_Frame0079_DriverToReference-SequenceTransformStatus = OK
Seq_Frame0079_Timestamp = 9.099
Seq_Frame0080_DriverToReference-SequenceTransform =0.97053 0.132273 0.201432 174.483 -0.0276521 0.891496 -0.452183 320.175 -0.239387 0.433288 0.868882 309.209 0 0 0 1 
Seq_Frame0080_DriverToReference-SequenceTransformStatus = OK
Seq_Frame0080_Timestamp = 9.2
Seq_Frame0081_DriverToReference-SequenceTransform =0.969899 0.131507 0.204942 174.458 -0.0282716 0.896752 -0.441628 320.511 -0.241859 0.422541 0.873478 309.414 0 0 0 1 
Seq_Frame0081_DriverToReference-SequenceTransformStatus = OK
Seq_Frame0081_Timestamp = 9.301
Seq_Frame0082_DriverToReference-SequenceTransform =0.97143 0.133621 0.196136 174.906 -0.0319357 0.892521 -0.449874 320.2 -0.235168 0.430758 0.871288 309.309 0 0 0 1 
Seq_Frame0082_DriverToReference-SequenceTransformStatus = OK
Seq_Frame0082_Timestamp = 9.406
Seq_Frame0083_DriverToReference-SequenceTransform =0.971606 0.136499 0.193259 176.121 -0.046812 0.911561 -0.408491 320.169 -0.231926 0.387846 0.892068 310.227 0 0 0 1 
Seq_Frame0083_DriverToReference-SequenceTransformStatus = OK
Seq_Frame0083_Timestamp = 9.514
Seq_Frame0084_DriverToReference-SequenceTransform =0.964641 0.129971 0.229291 171.527 -0.0324879 0.921959 -0.385924 318.727 -0.261556 0.364829 0.893582 304.706 0 0 0 1 
Seq_Frame0084_DriverToReference-SequenceTransformStatus = OK
Seq_Frame0084_Timestamp = 9.623
Seq_Frame0085_DriverToReference-SequenceTransform =0.900783 0.27377 0.337104 149.799 -0.15879 0.930144 -0.331086 320.252 -0.404197 0.244708 0.88133 287.336 0 0 0 1 
Seq_Frame0085_DriverToReference-SequenceTransformStatus = OK
Seq_Frame0085_Timestamp = 9.723
Seq_Frame0086_DriverToReference-SequenceTransform =0.824272 0.217098 0.522919 116.227 -0.205591 0.975294 -0.0808371 327.744 -0.527549 -0.0408756 0.84854 272.591 0 0 0 1 
Seq_Frame0086_DriverToReference-SequenceTransformStatus = OK
Seq_Frame0086_Timestamp = 9.824
Seq_Frame0087_DriverToReference-SequenceTransform =0.0258198 -0.808335 -0.588156 101.734 -0.992831 0.0479504 -0.109486 318.878 0.116704 0.586766 -0.801303 263.532 0 0 0 1 
Seq_Frame0087_DriverToReference-SequenceTransformStatus = OK
Seq_Frame0087_Timestamp = 9.929
Seq_Frame0088_DriverToReference-SequenceTransform =0.132403 -0.822542 -0.553076 108.718 -0.9871 -0.0587422 -0.148943 311.062 0.0900227 0.565662 -0.819709 261.648 0 0 0 1 
Seq_Frame0088_DriverToReference-SequenceTransformStatus = OK
Seq_Frame0088_Timestamp = 10.033
Seq_Frame0089_DriverToReference-SequenceTransform =0.345637 -0.723619 -0.59742 99.8664 -0.919136 -0.132835 -0.370869 306.393 0.189009 0.677296 -0.711017 256.645 0 0 0 1 
Seq_Frame0089_DriverToReference-SequenceTransformStatus = OK
Seq_Frame0089_Timestamp = 10.139
Seq_Frame0090_DriverToReference-SequenceTransform =0.369358 -0.726684 -0.579229 101.695 -0.911209 -0.160863 -0.379238 304.612 0.18241 0.667873 -0.721576 256.666 0 0 0 1 
Seq_Frame0090_DriverToReference-SequenceTransformStatus = OK
Seq_Frame0090_Timestamp = 10.249
Seq_Frame0091_DriverToReference-SequenceTransform =0.370329 -0.72295 -0.583267 101.676 -0.908684 -0.151662 -0.388962 303.73 0.19274 0.674049 -0.713098 258.41 0 0 0 1 
Seq_Frame0091_DriverToReference-SequenceTransformStatus = OK
Seq_Frame0091_Timestamp = 10.354
Seq_Frame0092_DriverToReference-SequenceTransform =0.395614 -0.696997 -0.598067 95.7834 -0.89126 -0.134172 -0.43319 298.536 0.221688 0.704409 -0.674286 258.948 0 0 0 1 
Seq_Frame0092_DriverToReference-SequenceTransformStatus = OK
Seq_Frame0092_Timestamp = 10.454
Seq_Frame0093_DriverToReference-SequenceTransform =0.500811 -0.55855 -0.661219 77.5843 -0.832882 -0.103063 -0.54377 291.638 0.235576 0.823043 -0.516821 256.353 0 0 0 1 
Seq_Frame0093_DriverToReference-SequenceTransformStatus = OK
Seq_Frame0093_Timestamp = 10.564
Seq_Frame0094_DriverToReference-SequenceTransform =0.546033 -0.542733 -0.638192 64.6895 -0.781584 -0.0557551 -0.621303 289.537 0.301619 0.838053 -0.454636 248.296 0 0 0 1 
Seq_Frame0094_DriverToReference-SequenceTransformStatus = OK
Seq_Frame0094_Timestamp = 10.664
Seq_Frame0095_DriverToReference-SequenceTransform =0.625953 -0.46554 -0.625665 54.915 -0.704218 0.00726341 -0.709947 277.426 0.335053 0.884997 -0.323295 248.879 0 0 0 1 
Seq_Frame0095_DriverToReference-SequenceTransformStatus = OK
Seq_Frame0095_Timestamp = 10.772
Seq_Frame0096_DriverToReference-SequenceTransform =0.668514 -0.470375 -0.576053 62.0274 -0.636445 0.0388744 -0.770342 277.188 0.384743 0.88161 -0.273379 253.73 0 0 0 1 
Seq_Frame0096_DriverToReference-SequenceTransformStatus = OK
Seq_Frame0096_Timestamp = 10.874
Seq_Frame0097_DriverToReference-SequenceTransform =0.595381 -0.533151 -0.601059 76.3374 -0.701343 0.0200921 -0.71254 285.774 0.391968 0.845781 -0.36196 255.717 0 0 0 1 
Seq_Frame0097_DriverToReference-SequenceTransformStatus = OK
Seq_Frame0097_Timestamp = 10.981
Seq_Frame0098_DriverToReference-SequenceTransform =0.469405 -0.583277 -0.662908 82.0793 -0.820272 -0.0101751 -0.571882 281.034 0.326821 0.81221 -0.483222 257.202 0 0 0 1 
Seq_Frame0098_DriverToReference-SequenceTransformStatus = OK
Seq_Frame0098_Timestamp = 11.083
Seq_Frame0099_DriverToReference-SequenceTransform =0.522944 -0.566035 -0.637286 84.0023 -0.776307 -0.00755691 -0.63031 277.985 0.351962 0.824346 -0.443369 259.107 0 0 0 1 
Seq_Frame0099_DriverToReference-SequenceTransformStatus = OK
Seq_Frame0099_Timestamp = 11.184
Seq_Frame0100_DriverToReference-SequenceTransform =0.554224 -0.631969 -0.541711 86.4794 -0.674977 0.0396075 -0.736775 278.217 0.487075 0.773981 -0.404613 267.651 0 0 0 1 
Seq_Frame0100_DriverToReference-SequenceTransformStatus = OK
Seq_Frame0100_Timestamp = 11.289
Seq_Frame0101_DriverToReference-SequenceTransform =0.554224 -0.631969 -0.541711 86.4794 -0.674977 0.0396075 -0.736775 278.217 0.487075 0.773981 -0.404613 267.651 0 0 0 1 
Seq_Frame0101_DriverToReference-SequenceTransformStatus = OK
Seq_Frame0101_Timestamp = 11.738
Seq_Frame0102_DriverToReference-SequenceTransform =0.623993 -0.486053 0.611871 95.6841 0.120881 0.833629 0.538935 281.205 -0.772024 -0.262328 0.578933 263.971 0 0 0 1 
Seq_Frame0102_DriverToReference-SequenceTransformStatus = OK
Seq_Frame0102_Timestamp = 11.839
Seq_Frame0103_DriverToReference-SequenceTransform =0.625021 -0.491419 0.606511 96.0367 0.107714 0.823834 0.556502 281.319 -0.77314 -0.282496 0.567847 264.527 0 0 0 1 
Seq_Frame0103_DriverToReference-SequenceTransformStatus = OK
Seq_Frame0103_Timestamp = 11.947
Seq_Frame0104_DriverToReference-SequenceTransform =0.643356 -0.53569 0.546927 96.0953 0.0465181 0.740442 0.670509 283.342 -0.764153 -0.405934 0.501287 268.823 0 0 0 1 
Seq_Frame0104_DriverToReference-SequenceTransformStatus = OK
Seq_Frame0104_Timestamp = 12.048
Seq_Frame0105_DriverToReference-SequenceTransform =0.643356 -0.53569 0.546927 96.0953 0.0465181 0.740442 0.670509 283.342 -0.764153 -0.405934 0.501287 268.823 0 0 0 1 
Seq_Frame0105_DriverToReference-SequenceTransformStatus = OK
Seq_Frame0105_Timestamp = 12.383
Seq_Frame0106_DriverToReference-SequenceTransform =0.610138 -0.550701 0.569614 98.6534 0.110682 0.771136 0.626976 294.462 -0.784526 -0.319496 0.531452 265.514 0 0 0 1 
Seq_Frame0106_DriverToReference-SequenceTransformStatus = OK
Seq_Frame0106_Timestamp = 12.489
Seq_Frame0107_DriverToReference-SequenceTransform =0.622123 -0.556416 0.550785 98.8524 0.0835353 0.746661 0.659939 294.636 -0.77845 -0.364554 0.510996 266.887 0 0 0 1 
Seq_Frame0107_DriverToReference-SequenceTransformStatus = OK
Seq_Frame0107_Timestamp = 12.599
Seq_Frame0108_DriverToReference-SequenceTransform =0.622123 -0.556416 0.550785 98.8524 0.0835353 0.746661 0.659939 294.636 -0.77845 -0.364554 0.510996 266.887 0 0 0 1 
Seq_Frame0108_DriverToReference-SequenceTransformStatus = OK
Seq_Frame0108_Timestamp = 12.704
Seq_Frame0109_DriverToReference-SequenceTransform =0.622123 -0.556416 0.550785 98.8524 0.0835353 0.746661 0.659939 294.636 -0.77845 -0.364554 0.510996 266.887 0 0 0 1 
Seq_Frame0109_DriverToReference-SequenceTransformStatus = OK
Seq_Frame0109_Timestamp = 12.813
Seq_Frame0110_DriverToReference-SequenceTransform =0.622123 -0.556416 0.550785 98.8524 0.0835353 0.746661 0.659939 294.636 -0.77845 -0.364554 0.510996 266.887 0 0 0 1 
Seq_Frame0110_DriverToReference-SequenceTransformStatus = OK
Seq_Frame0110_Timestamp = 12.914
Seq_Frame0111_DriverToReference-SequenceTransform =0.558973 -0.509409 -0.654256 82.4709 -0.771309 -0.0298198 -0.635762 286.183 0.304353 0.860008 -0.40958 263.396 0 0 0 1 
Seq_Frame0111_DriverToReference-SequenceTransformStatus = OK
Seq_Frame0111_Timestamp = 13.023
Seq_Frame0112_DriverToReference-SequenceTransform =0.523081 -0.508286 -0.684129 64.277 -0.744208 0.118818 -0.657295 284.363 0.415381 0.852952 -0.316119 260.927 0 0 0 1 
Seq_Frame0112_DriverToReference-SequenceTransformStatus = OK
Seq_Frame0112_Timestamp = 13.124
Seq_Frame0113_DriverToReference-SequenceTransform =0.262852 -0.626409 -0.73384 57.5742 -0.844499 0.218465 -0.488972 288.746 0.466615 0.748255 -0.471578 255.632 0 0 0 1 
Seq_Frame0113_DriverToReference-SequenceTransformStatus = OK
Seq_Frame0113_Timestamp = 13.229
Seq_Frame0114_DriverToReference-SequenceTransform =0.0776448 -0.660265 -0.747008 53.3148 -0.850307 0.34734 -0.395389 286.473 0.520528 0.665886 -0.534459 252.22 0 0 0 1 
Seq_Frame0114_DriverToReference-SequenceTransformStatus = OK
Seq_Frame0114_Timestamp = 13.329
Seq_Frame0115_DriverToReference-SequenceTransform =0.0900348 -0.680589 -0.727112 43.8474 -0.845208 0.333958 -0.417248 284.011 0.526799 0.652128 -0.545171 246.319 0 0 0 1 
Seq_Frame0115_DriverToReference-SequenceTransformStatus = OK
Seq_Frame0115_Timestamp = 13.43
Seq_Frame0116_DriverToReference-SequenceTransform =0.0715737 -0.744735 -0.663511 32.2662 -0.850304 0.30218 -0.430894 286.73 0.521401 0.595027 -0.611623 232.877 0 0 0 1 
Seq_Frame0116_DriverToReference-SequenceTransformStatus = OK
Seq_Frame0116_Timestamp = 13.531
Seq_Frame0117_DriverToReference-SequenceTransform =-0.286013 -0.794159 -0.536197 18.47 -0.902079 0.411884 -0.128862 282.7 0.323188 0.446836 -0.834198 228.401 0 0 0 1 
Seq_Frame0117_DriverToReference-SequenceTransformStatus = OK
Seq_Frame0117_Timestamp = 13.634
Seq_Frame0118_DriverToReference-SequenceTransform =-0.509159 -0.744875 -0.431183 13.8673 -0.844557 0.528897 0.083612 275.207 0.165771 0.406731 -0.898382 225.02 0 0 0 1 
Seq_Frame0118_DriverToReference-SequenceTransformStatus = OK
Seq_Frame0118_Timestamp = 13.747
Seq_Frame0119_DriverToReference-SequenceTransform =-0.704658 -0.691429 -0.15932 25.6523 -0.704888 0.65647 0.268662 268.615 -0.0811712 0.301618 -0.949967 226.19 0 0 0 1 
Seq_Frame0119_DriverToReference-SequenceTransformStatus = OK
Seq_Frame0119_Timestamp = 13.848
Seq_Frame0120_DriverToReference-SequenceTransform =-0.829855 -0.527244 0.182631 53.0073 -0.475648 0.839563 0.262475 291.119 -0.291719 0.130948 -0.947498 231.871 0 0 0 1 
Seq_Frame0120_DriverToReference-SequenceTransformStatus = OK
Seq_Frame0120_Timestamp = 14.098
Seq_Frame0121_DriverToReference-SequenceTransform =-0.830571 -0.505673 0.23334 59.3581 -0.331395 0.785497 0.522659 289.136 -0.447582 0.356777 -0.819988 225.694 0 0 0 1 
Seq_Frame0121_DriverToReference-SequenceTransformStatus = OK
Seq_Frame0121_Timestamp = 14.199
Seq_Frame0122_DriverToReference-SequenceTransform =-0.812342 -0.484874 0.324032 65.8627 -0.254396 0.794604 0.55126 298.681 -0.524769 0.365379 -0.76884 225.437 0 0 0 1 
Seq_Frame0122_DriverToReference-SequenceTransformStatus = OK
Seq_Frame0122_Timestamp = 14.304
Seq_Frame0123_DriverToReference-SequenceTransform =-0.848268 -0.44534 0.286554 65.4379 -0.23033 0.797513 0.557603 300.516 -0.476853 0.406995 -0.77908 223.158 0 0 0 1 
Seq_Frame0123_DriverToReference-SequenceTransformStatus = OK
Seq_Frame0123_Timestamp = 14.404
Seq_Frame0124_DriverToReference-SequenceTransform =-0.844608 -0.400248 0.355582 66.8028 -0.170219 0.830451 0.530449 297.453 -0.507605 0.387495 -0.769536 222.928 0 0 0 1 
Seq_Frame0124_DriverToReference-SequenceTransformStatus = OK
Seq_Frame0124_Timestamp = 14.509
Seq_Frame0125_DriverToReference-SequenceTransform =-0.826782 -0.370033 0.423683 69.51 -0.113133 0.847174 0.519131 293.099 -0.551029 0.381276 -0.742291 224.777 0 0 0 1 
Seq_Frame0125_DriverToReference-SequenceTransformStatus = OK
Seq_Frame0125_Timestamp = 14.613
Seq_Frame0126_DriverToReference-SequenceTransform =-0.826782 -0.370033 0.423683 69.51 -0.113133 0.847174 0.519131 293.099 -0.551029 0.381276 -0.742291 224.777 0 0 0 1 
Seq_Frame0126_DriverToReference-SequenceTransformStatus = OK
Seq_Frame0126_Timestamp = 15.574
Seq_Frame0127_DriverToReference-SequenceTransform =-0.769066 -0.601081 0.217345 98.1447 -0.482015 0.768729 0.420377 294.079 -0.41976 0.218534 -0.880934 240.896 0 0 0 1 
Seq_Frame0127_DriverToReference-SequenceTransformStatus = OK
Seq_Frame0127_Timestamp = 15.999
Seq_Frame0128_DriverToReference-SequenceTransform =-0.7808 -0.581729 0.227909 90.6104 -0.465271 0.784848 0.409312 300.615 -0.416983 0.213551 -0.883471 252.633 0 0 0 1 
Seq_Frame0128_DriverToReference-SequenceTransformStatus = OK
Seq_Frame0128_Timestamp = 16.099
Seq_Frame0129_DriverToReference-SequenceTransform =-0.812539 -0.551629 0.188377 74.2877 -0.448902 0.798321 0.401461 291.444 -0.371843 0.24164 -0.896294 256.916 0 0 0 1 
Seq_Frame0129_DriverToReference-SequenceTransformStatus = OK
Seq_Frame0129_Timestamp = 16.203
Seq_Frame0130_DriverToReference-SequenceTransform =-0.837976 -0.492976 0.234032 67.6504 -0.355981 0.818864 0.450266 295.404 -0.41361 0.294001 -0.861678 260.209 0 0 0 1 
Seq_Frame0130_DriverToReference-SequenceTransformStatus = OK
Seq_Frame0130_Timestamp = 16.304
Seq_Frame0131_DriverToReference-SequenceTransform =-0.837976 -0.492976 0.234032 67.6504 -0.355981 0.818864 0.450266 295.404 -0.41361 0.294001 -0.861678 260.209 0 0 0 1 
Seq_Frame0131_DriverToReference-SequenceTransformStatus = OK
Seq_Frame0131_Timestamp = 17.214
Seq_Frame0132_DriverToReference-SequenceTransform =-0.837976 -0.492976 0.234032 67.6504 -0.355981 0.818864 0.450266 295.404 -0.41361 0.294001 -0.861678 260.209 0 0 0 1 
Seq_Frame0132_DriverToReference-SequenceTransformStatus = OK
Seq_Frame0132_Timestamp = 17.373
Seq_Frame0133_DriverToReference-SequenceTransform =-0.837976 -0.492976 0.234032 67.6504 -0.355981 0.818864 0.450266 295.404 -0.41361 0.294001 -0.861678 260.209 0 0 0 1 
Seq_Frame0133_DriverToReference-SequenceTransformStatus = OK
Seq_Frame0133_Timestamp = 17.693
Seq_Frame0134_DriverToReference-SequenceTransform =-0.837976 -0.492976 0.234032 67.6504 -0.355981 0.818864 0.450266 295.404 -0.41361 0.294001 -0.861678 260.209 0 0 0 1 
Seq_Frame0134_DriverToReference-SequenceTransformStatus = OK
Seq_Frame0134_Timestamp = 18.018
Seq_Frame0135_DriverToReference-SequenceTransform =-0.837976 -0.492976 0.234032 67.6504 -0.355981 0.818864 0.450266 295.404 -0.41361 0.294001 -0.861678 260.209 0 0 0 1 
Seq_Frame0135_DriverToReference-SequenceTransformStatus = OK
Seq_Frame0135_Timestamp = 19.403
Seq_Frame0136_DriverToReference-SequenceTransform =-0.837976 -0.492976 0.234032 67.6504 -0.355981 0.818864 0.450266 295.404 -0.41361 0.294001 -0.861678 260.209 0 0 0 1 
Seq_Frame0136_DriverToReference-SequenceTransformStatus = OK
Seq_Frame0136_Timestamp = 19.839
Seq_Frame0137_DriverToReference-SequenceTransform =-0.837976 -0.492976 0.234032 67.6504 -0.355981 0.818864 0.450266 295.404 -0.41361 0.294001 -0.861678 260.209 0 0 0 1 
Seq_Frame0137_DriverToReference-SequenceTransformStatus = OK
Seq_Frame0137_Timestamp = 22.399
Seq_Frame0138_DriverToReference-SequenceTransform =0.449743 0.80634 -0.384118 59.9603 -0.881135 0.330235 -0.338446 267.61 -0.146054 0.490673 0.859016 262.268 0 0 0 1 
Seq_Frame0138_DriverToReference-SequenceTransformStatus = OK
Seq_Frame0138_Timestamp = 22.764
Seq_Frame0139_DriverToReference-SequenceTransform =0.503374 0.853268 -0.136195 67.8124 -0.627817 0.252873 -0.73614 294.349 -0.593684 0.456058 0.662985 240.973 0 0 0 1 
Seq_Frame0139_DriverToReference-SequenceTransformStatus = OK
Seq_Frame0139_Timestamp = 22.873
Seq_Frame0140_DriverToReference-SequenceTransform =0.585864 0.807457 0.0691074 69.4197 -0.367846 0.34094 -0.86513 327.079 -0.722117 0.481428 0.496764 220.495 0 0 0 1 
Seq_Frame0140_DriverToReference-SequenceTransformStatus = OK
Seq_Frame0140_Timestamp = 22.981
Seq_Frame0141_DriverToReference-SequenceTransform =0.547241 0.811077 0.206596 65.4518 -0.206393 0.369984 -0.905822 352.435 -0.811129 0.453063 0.369871 206.243 0 0 0 1 
Seq_Frame0141_DriverToReference-SequenceTransformStatus = OK
Seq_Frame0141_Timestamp = 23.089
Seq_Frame0142_DriverToReference-SequenceTransform =0.551173 0.795503 0.25176 59.1228 -0.140924 0.386146 -0.911609 363.997 -0.822404 0.466976 0.324939 200.509 0 0 0 1 
Seq_Frame0142_DriverToReference-SequenceTransformStatus = OK
Seq_Frame0142_Timestamp = 23.198
Seq_Frame0143_DriverToReference-SequenceTransform =0.527391 0.811063 0.253052 53.6268 -0.146084 0.379969 -0.913391 366.488 -0.836969 0.444748 0.318876 197.379 0 0 0 1 
Seq_Frame0143_DriverToReference-SequenceTransformStatus = OK
Seq_Frame0143_Timestamp = 23.304
Seq_Frame0144_DriverToReference-SequenceTransform =0.552971 0.799483 0.234627 53.3503 -0.200707 0.401119 -0.893768 361.701 -0.808665 0.447137 0.382269 196.019 0 0 0 1 
Seq_Frame0144_DriverToReference-SequenceTransformStatus = OK
Seq_Frame0144_Timestamp = 23.408
Seq_Frame0145_DriverToReference-SequenceTransform =0.555491 0.829119 -0.0631704 76.5041 -0.458891 0.242319 -0.85481 343.51 -0.693432 0.503828 0.515081 197.975 0 0 0 1 
Seq_Frame0145_DriverToReference-SequenceTransformStatus = OK
Seq_Frame0145_Timestamp = 23.515
Seq_Frame0146_DriverToReference-SequenceTransform =0.470125 0.787143 -0.399234 96.8924 -0.653095 0.00599039 -0.757252 326.571 -0.593674 0.616741 0.516896 203.303 0 0 0 1 
Seq_Frame0146_DriverToReference-SequenceTransformStatus = OK
Seq_Frame0146_Timestamp = 23.615
Seq_Frame0147_DriverToReference-SequenceTransform =0.402175 0.705505 -0.583539 104.406 -0.72329 -0.145948 -0.674945 315.745 -0.561344 0.693514 0.451588 206.974 0 0 0 1 
Seq_Frame0147_DriverToReference-SequenceTransformStatus = OK
Seq_Frame0147_Timestamp = 23.723
Seq_Frame0148_DriverToReference-SequenceTransform =0.385416 0.692765 -0.609534 102.135 -0.729144 -0.176188 -0.661292 315.226 -0.565512 0.69931 0.43722 204.758 0 0 0 1 
Seq_Frame0148_DriverToReference-SequenceTransformStatus = OK
Seq_Frame0148_Timestamp = 23.829
Seq_Frame0149_DriverToReference-SequenceTransform =0.382881 0.699439 -0.603479 100.748 -0.734611 -0.165571 -0.657977 314.673 -0.560133 0.695249 0.450422 203.149 0 0 0 1 
Seq_Frame0149_DriverToReference-SequenceTransformStatus = OK
Seq_Frame0149_Timestamp = 23.934
Seq_Frame0150_DriverToReference-SequenceTransform =0.385404 0.699309 -0.602022 98.5718 -0.76693 -0.120032 -0.630405 311.092 -0.513109 0.70467 0.490061 203.771 0 0 0 1 
Seq_Frame0150_DriverToReference-SequenceTransformStatus = OK
Seq_Frame0150_Timestamp = 24.049
Seq_Frame0151_DriverToReference-SequenceTransform =0.36959 0.69038 -0.621915 90.9042 -0.816744 -0.0777959 -0.571732 305.351 -0.443095 0.719252 0.535111 203.03 0 0 0 1 
