ObjectType = Image
NDims = 3
AnatomicalOrientation = RAI
BinaryData = True
CompressedData = False
DimSize = 0 0 5013
ElementSpacing = 1 1 1
Offset = 0 0 0
TransformMatrix = 1 0 0 0 1 0 0 0 1
ElementType = MET_UCHAR
Kinds = domain domain list
Seq_Frame0000_DriverToReference-SequenceTransform =-0.804302 -0.583591 0.111892 84.6145 -0.241162 0.49268 0.836127 41.3872 -0.543083 0.645514 -0.537003 67.0333 0 0 0 1 
Seq_Frame0000_DriverToReference-SequenceTransformStatus = OK
Seq_Frame0000_Timestamp = 0.00499988
Seq_Frame0001_DriverToReference-SequenceTransform =-0.800543 -0.587974 0.115832 84.5194 -0.234231 0.484909 0.842615 41.171 -0.551604 0.647418 -0.525912 66.944 0 0 0 1 
Seq_Frame0001_DriverToReference-SequenceTransformStatus = OK
Seq_Frame0001_Timestamp = 0.108
Seq_Frame0002_DriverToReference-SequenceTransform =-0.803799 -0.58424 0.112125 84.6103 -0.238611 0.489271 0.838856 41.3235 -0.544952 0.647517 -0.532681 66.9147 0 0 0 1 
Seq_Frame0002_DriverToReference-SequenceTransformStatus = OK
Seq_Frame0002_Timestamp = 0.211
Seq_Frame0003_DriverToReference-SequenceTransform =-0.803545 -0.584345 0.113384 84.6185 -0.238848 0.491004 0.837775 41.3192 -0.545221 0.646109 -0.534114 66.9746 0 0 0 1 
Seq_Frame0003_DriverToReference-SequenceTransformStatus = OK
Seq_Frame0003_Timestamp = 0.316
Seq_Frame0004_DriverToReference-SequenceTransform =-0.803914 -0.584051 0.11228 84.6075 -0.238457 0.489474 0.838781 41.2841 -0.544849 0.647534 -0.532766 66.9286 0 0 0 1 
Seq_Frame0004_DriverToReference-SequenceTransformStatus = OK
Seq_Frame0004_Timestamp = 0.417
Seq_Frame0005_DriverToReference-SequenceTransform =-0.803556 -0.584465 0.112685 84.5983 -0.237096 0.487937 0.840061 41.2244 -0.54597 0.648319 -0.530659 66.9778 0 0 0 1 
Seq_Frame0005_DriverToReference-SequenceTransformStatus = OK
Seq_Frame0005_Timestamp = 0.518
Seq_Frame0006_DriverToReference-SequenceTransform =-0.805324 -0.582435 0.110554 84.6527 -0.24018 0.491038 0.837374 41.3102 -0.542002 0.647805 -0.535334 66.9976 0 0 0 1 
Seq_Frame0006_DriverToReference-SequenceTransformStatus = OK
Seq_Frame0006_Timestamp = 0.624
Seq_Frame0007_DriverToReference-SequenceTransform =-0.803563 -0.584256 0.113717 84.643 -0.237755 0.490209 0.838551 41.243 -0.545674 0.646792 -0.532823 67.0304 0 0 0 1 
Seq_Frame0007_DriverToReference-SequenceTransformStatus = OK
Seq_Frame0007_Timestamp = 0.732
Seq_Frame0008_DriverToReference-SequenceTransform =-0.805417 -0.582505 0.109507 84.5942 -0.241394 0.491117 0.836979 41.4403 -0.541325 0.647682 -0.536167 66.888 0 0 0 1 
Seq_Frame0008_DriverToReference-SequenceTransformStatus = OK
Seq_Frame0008_Timestamp = 0.832
Seq_Frame0009_DriverToReference-SequenceTransform =-0.804583 -0.583107 0.112393 84.649 -0.238174 0.490242 0.838413 41.1315 -0.543984 0.647804 -0.533321 67.0879 0 0 0 1 
Seq_Frame0009_DriverToReference-SequenceTransformStatus = OK
Seq_Frame0009_Timestamp = 0.933
Seq_Frame0010_DriverToReference-SequenceTransform =-0.80389 -0.584138 0.111998 84.6358 -0.238691 0.489312 0.838809 41.3194 -0.544782 0.647577 -0.532782 67.0317 0 0 0 1 
Seq_Frame0010_DriverToReference-SequenceTransformStatus = OK
Seq_Frame0010_Timestamp = 1.036
Seq_Frame0011_DriverToReference-SequenceTransform =-0.805856 -0.581993 0.108993 84.6021 -0.241835 0.491533 0.836607 41.3879 -0.540473 0.647826 -0.536852 67.0149 0 0 0 1 
Seq_Frame0011_DriverToReference-SequenceTransformStatus = OK
Seq_Frame0011_Timestamp = 1.142
Seq_Frame0012_DriverToReference-SequenceTransform =-0.805204 -0.58328 0.106915 84.3382 -0.247034 0.493847 0.83372 41.9854 -0.539092 0.644903 -0.541738 66.6989 0 0 0 1 
Seq_Frame0012_DriverToReference-SequenceTransformStatus = OK
Seq_Frame0012_Timestamp = 1.247
Seq_Frame0013_DriverToReference-SequenceTransform =-0.813004 -0.574148 0.0968414 84.7367 -0.248377 0.492406 0.834173 41.6753 -0.526624 0.654133 -0.542934 67.3439 0 0 0 1 
Seq_Frame0013_DriverToReference-SequenceTransformStatus = OK
Seq_Frame0013_Timestamp = 1.348
Seq_Frame0014_DriverToReference-SequenceTransform =-0.874069 -0.473961 0.106601 89.448 -0.182024 0.522968 0.832689 40.7166 -0.450411 0.708424 -0.543383 66.0679 0 0 0 1 
Seq_Frame0014_DriverToReference-SequenceTransformStatus = OK
Seq_Frame0014_Timestamp = 1.456
Seq_Frame0015_DriverToReference-SequenceTransform =-0.906169 -0.406451 0.116855 90.4347 -0.140009 0.549041 0.823985 40.114 -0.399068 0.730309 -0.55443 66.2617 0 0 0 1 
Seq_Frame0015_DriverToReference-SequenceTransformStatus = OK
Seq_Frame0015_Timestamp = 1.557
Seq_Frame0016_DriverToReference-SequenceTransform =-0.913616 -0.373428 0.160799 88.1472 -0.0826037 0.557732 0.825901 40.9588 -0.398097 0.741274 -0.540399 65.8016 0 0 0 1 
Seq_Frame0016_DriverToReference-SequenceTransformStatus = OK
Seq_Frame0016_Timestamp = 1.662
Seq_Frame0017_DriverToReference-SequenceTransform =-0.907125 -0.367843 0.20449 87.6811 -0.0214079 0.525584 0.850472 42.8568 -0.420317 0.767107 -0.484645 65.2513 0 0 0 1 
Seq_Frame0017_DriverToReference-SequenceTransformStatus = OK
Seq_Frame0017_Timestamp = 1.765
Seq_Frame0018_DriverToReference-SequenceTransform =-0.896131 -0.403812 0.184078 89.757 0.0541058 0.312281 0.948448 48.5374 -0.440479 0.859893 -0.257996 64.1506 0 0 0 1 
Seq_Frame0018_DriverToReference-SequenceTransformStatus = OK
Seq_Frame0018_Timestamp = 1.871
Seq_Frame0019_DriverToReference-SequenceTransform =-0.93242 -0.354491 0.0702037 86.8211 0.0220898 0.137995 0.990187 68.3046 -0.3607 0.924821 -0.120838 51.7997 0 0 0 1 
Seq_Frame0019_DriverToReference-SequenceTransformStatus = OK
Seq_Frame0019_Timestamp = 1.972
Seq_Frame0020_DriverToReference-SequenceTransform =-0.946822 -0.321279 0.0175353 85.8135 -0.0243254 0.125817 0.991755 74.6255 -0.320837 0.938589 -0.126942 49.2176 0 0 0 1 
Seq_Frame0020_DriverToReference-SequenceTransformStatus = OK
Seq_Frame0020_Timestamp = 2.082
Seq_Frame0021_DriverToReference-SequenceTransform =-0.946822 -0.321279 0.0175353 85.8135 -0.0243254 0.125817 0.991755 74.6255 -0.320837 0.938589 -0.126942 49.2176 0 0 0 1 
Seq_Frame0021_DriverToReference-SequenceTransformStatus = OK
Seq_Frame0021_Timestamp = 2.192
Seq_Frame0022_DriverToReference-SequenceTransform =-0.946822 -0.321279 0.0175353 85.8135 -0.0243254 0.125817 0.991755 74.6255 -0.320837 0.938589 -0.126942 49.2176 0 0 0 1 
Seq_Frame0022_DriverToReference-SequenceTransformStatus = OK
Seq_Frame0022_Timestamp = 2.296
Seq_Frame0023_DriverToReference-SequenceTransform =-0.737746 -0.443765 -0.508728 54.6784 -0.58602 0.0468787 0.80894 204.193 -0.335131 0.894916 -0.29464 57.3828 0 0 0 1 
Seq_Frame0023_DriverToReference-SequenceTransformStatus = OK
Seq_Frame0023_Timestamp = 2.397
Seq_Frame0024_DriverToReference-SequenceTransform =-0.627855 -0.590541 -0.50701 52.5505 -0.681197 0.1018 0.724988 218.31 -0.376521 0.800561 -0.46619 69.6058 0 0 0 1 
Seq_Frame0024_DriverToReference-SequenceTransformStatus = OK
Seq_Frame0024_Timestamp = 2.507
Seq_Frame0025_DriverToReference-SequenceTransform =-0.430384 -0.716944 -0.548416 48.0145 -0.841318 0.098489 0.531493 235.278 -0.327038 0.690138 -0.645566 80.706 0 0 0 1 
Seq_Frame0025_DriverToReference-SequenceTransformStatus = OK
Seq_Frame0025_Timestamp = 2.608
Seq_Frame0026_DriverToReference-SequenceTransform =-0.24862 -0.695961 -0.673667 41.3901 -0.943231 0.0158199 0.33176 244.415 -0.220235 0.717905 -0.660385 81.5932 0 0 0 1 
Seq_Frame0026_DriverToReference-SequenceTransformStatus = OK
Seq_Frame0026_Timestamp = 2.716
Seq_Frame0027_DriverToReference-SequenceTransform =-0.189295 -0.623142 -0.758856 40.5651 -0.942155 -0.102441 0.319139 249.364 -0.276607 0.775371 -0.567705 90.8845 0 0 0 1 
Seq_Frame0027_DriverToReference-SequenceTransformStatus = OK
Seq_Frame0027_Timestamp = 2.821
Seq_Frame0028_DriverToReference-SequenceTransform =-0.288246 -0.635852 -0.715966 46.0212 -0.845837 -0.181414 0.501646 253.577 -0.448858 0.750188 -0.485535 109.014 0 0 0 1 
Seq_Frame0028_DriverToReference-SequenceTransformStatus = OK
Seq_Frame0028_Timestamp = 2.922
Seq_Frame0029_DriverToReference-SequenceTransform =-0.129036 -0.466532 -0.875041 45.5778 -0.898021 -0.319302 0.302662 256.374 -0.420604 0.82486 -0.377754 122.659 0 0 0 1 
Seq_Frame0029_DriverToReference-SequenceTransformStatus = OK
Seq_Frame0029_Timestamp = 3.022
Seq_Frame0030_DriverToReference-SequenceTransform =-0.115881 -0.386163 -0.915123 40.4073 -0.877037 -0.392691 0.276766 270.428 -0.466238 0.834669 -0.293174 129.487 0 0 0 1 
Seq_Frame0030_DriverToReference-SequenceTransformStatus = OK
Seq_Frame0030_Timestamp = 3.123
Seq_Frame0031_DriverToReference-SequenceTransform =0.353449 -0.148169 -0.923645 47.072 -0.901029 -0.319316 -0.293571 261.191 -0.251437 0.935993 -0.246367 172.945 0 0 0 1 
Seq_Frame0031_DriverToReference-SequenceTransformStatus = OK
Seq_Frame0031_Timestamp = 4.256
Seq_Frame0032_DriverToReference-SequenceTransform =0.455709 0.00595758 -0.890109 34.9373 -0.851831 -0.287243 -0.438035 250.846 -0.258288 0.957839 -0.125825 173.327 0 0 0 1 
Seq_Frame0032_DriverToReference-SequenceTransformStatus = OK
Seq_Frame0032_Timestamp = 4.357
Seq_Frame0033_DriverToReference-SequenceTransform =0.455709 0.00595758 -0.890109 34.9373 -0.851831 -0.287243 -0.438035 250.846 -0.258288 0.957839 -0.125825 173.327 0 0 0 1 
Seq_Frame0033_DriverToReference-SequenceTransformStatus = OK
Seq_Frame0033_Timestamp = 4.457
Seq_Frame0034_DriverToReference-SequenceTransform =0.455709 0.00595758 -0.890109 34.9373 -0.851831 -0.287243 -0.438035 250.846 -0.258288 0.957839 -0.125825 173.327 0 0 0 1 
Seq_Frame0034_DriverToReference-SequenceTransformStatus = OK
Seq_Frame0034_Timestamp = 4.566
Seq_Frame0035_DriverToReference-SequenceTransform =0.455709 0.00595758 -0.890109 34.9373 -0.851831 -0.287243 -0.438035 250.846 -0.258288 0.957839 -0.125825 173.327 0 0 0 1 
Seq_Frame0035_DriverToReference-SequenceTransformStatus = OK
Seq_Frame0035_Timestamp = 4.672
Seq_Frame0036_DriverToReference-SequenceTransform =0.455709 0.00595758 -0.890109 34.9373 -0.851831 -0.287243 -0.438035 250.846 -0.258288 0.957839 -0.125825 173.327 0 0 0 1 
Seq_Frame0036_DriverToReference-SequenceTransformStatus = OK
Seq_Frame0036_Timestamp = 4.781
Seq_Frame0037_DriverToReference-SequenceTransform =0.455709 0.00595758 -0.890109 34.9373 -0.851831 -0.287243 -0.438035 250.846 -0.258288 0.957839 -0.125825 173.327 0 0 0 1 
Seq_Frame0037_DriverToReference-SequenceTransformStatus = OK
Seq_Frame0037_Timestamp = 4.89
Seq_Frame0038_DriverToReference-SequenceTransform =0.455709 0.00595758 -0.890109 34.9373 -0.851831 -0.287243 -0.438035 250.846 -0.258288 0.957839 -0.125825 173.327 0 0 0 1 
Seq_Frame0038_DriverToReference-SequenceTransformStatus = OK
Seq_Frame0038_Timestamp = 4.991
Seq_Frame0039_DriverToReference-SequenceTransform =0.455709 0.00595758 -0.890109 34.9373 -0.851831 -0.287243 -0.438035 250.846 -0.258288 0.957839 -0.125825 173.327 0 0 0 1 
Seq_Frame0039_DriverToReference-SequenceTransformStatus = OK
Seq_Frame0039_Timestamp = 5.096
Seq_Frame0040_DriverToReference-SequenceTransform =0.455709 0.00595758 -0.890109 34.9373 -0.851831 -0.287243 -0.438035 250.846 -0.258288 0.957839 -0.125825 173.327 0 0 0 1 
Seq_Frame0040_DriverToReference-SequenceTransformStatus = OK
Seq_Frame0040_Timestamp = 5.196
Seq_Frame0041_DriverToReference-SequenceTransform =0.455709 0.00595758 -0.890109 34.9373 -0.851831 -0.287243 -0.438035 250.846 -0.258288 0.957839 -0.125825 173.327 0 0 0 1 
Seq_Frame0041_DriverToReference-SequenceTransformStatus = OK
Seq_Frame0041_Timestamp = 5.297
Seq_Frame0042_DriverToReference-SequenceTransform =0.455709 0.00595758 -0.890109 34.9373 -0.851831 -0.287243 -0.438035 250.846 -0.258288 0.957839 -0.125825 173.327 0 0 0 1 
Seq_Frame0042_DriverToReference-SequenceTransformStatus = OK
Seq_Frame0042_Timestamp = 5.397
Seq_Frame0043_DriverToReference-SequenceTransform =0.455709 0.00595758 -0.890109 34.9373 -0.851831 -0.287243 -0.438035 250.846 -0.258288 0.957839 -0.125825 173.327 0 0 0 1 
Seq_Frame0043_DriverToReference-SequenceTransformStatus = OK
Seq_Frame0043_Timestamp = 5.498
Seq_Frame0044_DriverToReference-SequenceTransform =0.455709 0.00595758 -0.890109 34.9373 -0.851831 -0.287243 -0.438035 250.846 -0.258288 0.957839 -0.125825 173.327 0 0 0 1 
Seq_Frame0044_DriverToReference-SequenceTransformStatus = OK
Seq_Frame0044_Timestamp = 5.606
Seq_Frame0045_DriverToReference-SequenceTransform =0.455709 0.00595758 -0.890109 34.9373 -0.851831 -0.287243 -0.438035 250.846 -0.258288 0.957839 -0.125825 173.327 0 0 0 1 
Seq_Frame0045_DriverToReference-SequenceTransformStatus = OK
Seq_Frame0045_Timestamp = 5.711
Seq_Frame0046_DriverToReference-SequenceTransform =0.455709 0.00595758 -0.890109 34.9373 -0.851831 -0.287243 -0.438035 250.846 -0.258288 0.957839 -0.125825 173.327 0 0 0 1 
Seq_Frame0046_DriverToReference-SequenceTransformStatus = OK
Seq_Frame0046_Timestamp = 5.812
Seq_Frame0047_DriverToReference-SequenceTransform =0.455709 0.00595758 -0.890109 34.9373 -0.851831 -0.287243 -0.438035 250.846 -0.258288 0.957839 -0.125825 173.327 0 0 0 1 
Seq_Frame0047_DriverToReference-SequenceTransformStatus = OK
Seq_Frame0047_Timestamp = 5.921
Seq_Frame0048_DriverToReference-SequenceTransform =0.455709 0.00595758 -0.890109 34.9373 -0.851831 -0.287243 -0.438035 250.846 -0.258288 0.957839 -0.125825 173.327 0 0 0 1 
Seq_Frame0048_DriverToReference-SequenceTransformStatus = OK
Seq_Frame0048_Timestamp = 6.022
Seq_Frame0049_DriverToReference-SequenceTransform =0.455709 0.00595758 -0.890109 34.9373 -0.851831 -0.287243 -0.438035 250.846 -0.258288 0.957839 -0.125825 173.327 0 0 0 1 
Seq_Frame0049_DriverToReference-SequenceTransformStatus = OK
Seq_Frame0049_Timestamp = 6.126
Seq_Frame0050_DriverToReference-SequenceTransform =0.455709 0.00595758 -0.890109 34.9373 -0.851831 -0.287243 -0.438035 250.846 -0.258288 0.957839 -0.125825 173.327 0 0 0 1 
Seq_Frame0050_DriverToReference-SequenceTransformStatus = OK
Seq_Frame0050_Timestamp = 6.227
Seq_Frame0051_DriverToReference-SequenceTransform =0.455709 0.00595758 -0.890109 34.9373 -0.851831 -0.287243 -0.438035 250.846 -0.258288 0.957839 -0.125825 173.327 0 0 0 1 
Seq_Frame0051_DriverToReference-SequenceTransformStatus = OK
Seq_Frame0051_Timestamp = 6.332
Seq_Frame0052_DriverToReference-SequenceTransform =0.455709 0.00595758 -0.890109 34.9373 -0.851831 -0.287243 -0.438035 250.846 -0.258288 0.957839 -0.125825 173.327 0 0 0 1 
Seq_Frame0052_DriverToReference-SequenceTransformStatus = OK
Seq_Frame0052_Timestamp = 6.435
Seq_Frame0053_DriverToReference-SequenceTransform =0.455709 0.00595758 -0.890109 34.9373 -0.851831 -0.287243 -0.438035 250.846 -0.258288 0.957839 -0.125825 173.327 0 0 0 1 
Seq_Frame0053_DriverToReference-SequenceTransformStatus = OK
Seq_Frame0053_Timestamp = 6.54
Seq_Frame0054_DriverToReference-SequenceTransform =0.455709 0.00595758 -0.890109 34.9373 -0.851831 -0.287243 -0.438035 250.846 -0.258288 0.957839 -0.125825 173.327 0 0 0 1 
Seq_Frame0054_DriverToReference-SequenceTransformStatus = OK
Seq_Frame0054_Timestamp = 6.641
Seq_Frame0055_DriverToReference-SequenceTransform =0.455709 0.00595758 -0.890109 34.9373 -0.851831 -0.287243 -0.438035 250.846 -0.258288 0.957839 -0.125825 173.327 0 0 0 1 
Seq_Frame0055_DriverToReference-SequenceTransformStatus = OK
Seq_Frame0055_Timestamp = 6.746
Seq_Frame0056_DriverToReference-SequenceTransform =0.455709 0.00595758 -0.890109 34.9373 -0.851831 -0.287243 -0.438035 250.846 -0.258288 0.957839 -0.125825 173.327 0 0 0 1 
Seq_Frame0056_DriverToReference-SequenceTransformStatus = OK
Seq_Frame0056_Timestamp = 6.847
Seq_Frame0057_DriverToReference-SequenceTransform =0.455709 0.00595758 -0.890109 34.9373 -0.851831 -0.287243 -0.438035 250.846 -0.258288 0.957839 -0.125825 173.327 0 0 0 1 
Seq_Frame0057_DriverToReference-SequenceTransformStatus = OK
Seq_Frame0057_Timestamp = 6.956
Seq_Frame0058_DriverToReference-SequenceTransform =0.455709 0.00595758 -0.890109 34.9373 -0.851831 -0.287243 -0.438035 250.846 -0.258288 0.957839 -0.125825 173.327 0 0 0 1 
Seq_Frame0058_DriverToReference-SequenceTransformStatus = OK
Seq_Frame0058_Timestamp = 7.062
Seq_Frame0059_DriverToReference-SequenceTransform =0.455709 0.00595758 -0.890109 34.9373 -0.851831 -0.287243 -0.438035 250.846 -0.258288 0.957839 -0.125825 173.327 0 0 0 1 
Seq_Frame0059_DriverToReference-SequenceTransformStatus = OK
Seq_Frame0059_Timestamp = 7.166
Seq_Frame0060_DriverToReference-SequenceTransform =0.455709 0.00595758 -0.890109 34.9373 -0.851831 -0.287243 -0.438035 250.846 -0.258288 0.957839 -0.125825 173.327 0 0 0 1 
Seq_Frame0060_DriverToReference-SequenceTransformStatus = OK
Seq_Frame0060_Timestamp = 7.266
Seq_Frame0061_DriverToReference-SequenceTransform =0.455709 0.00595758 -0.890109 34.9373 -0.851831 -0.287243 -0.438035 250.846 -0.258288 0.957839 -0.125825 173.327 0 0 0 1 
Seq_Frame0061_DriverToReference-SequenceTransformStatus = OK
Seq_Frame0061_Timestamp = 7.371
Seq_Frame0062_DriverToReference-SequenceTransform =0.455709 0.00595758 -0.890109 34.9373 -0.851831 -0.287243 -0.438035 250.846 -0.258288 0.957839 -0.125825 173.327 0 0 0 1 
Seq_Frame0062_DriverToReference-SequenceTransformStatus = OK
Seq_Frame0062_Timestamp = 7.481
Seq_Frame0063_DriverToReference-SequenceTransform =-0.0654904 -0.746486 0.662171 79.1535 0.359679 0.601327 0.713468 253.51 -0.930775 0.284894 0.229114 188.88 0 0 0 1 
Seq_Frame0063_DriverToReference-SequenceTransformStatus = OK
Seq_Frame0063_Timestamp = 7.592
Seq_Frame0064_DriverToReference-SequenceTransform =-0.0654904 -0.746486 0.662171 79.1535 0.359679 0.601327 0.713468 253.51 -0.930775 0.284894 0.229114 188.88 0 0 0 1 
Seq_Frame0064_DriverToReference-SequenceTransformStatus = OK
Seq_Frame0064_Timestamp = 7.706
Seq_Frame0065_DriverToReference-SequenceTransform =-0.0654904 -0.746486 0.662171 79.1535 0.359679 0.601327 0.713468 253.51 -0.930775 0.284894 0.229114 188.88 0 0 0 1 
Seq_Frame0065_DriverToReference-SequenceTransformStatus = OK
Seq_Frame0065_Timestamp = 7.807
Seq_Frame0066_DriverToReference-SequenceTransform =-0.0654904 -0.746486 0.662171 79.1535 0.359679 0.601327 0.713468 253.51 -0.930775 0.284894 0.229114 188.88 0 0 0 1 
Seq_Frame0066_DriverToReference-SequenceTransformStatus = OK
Seq_Frame0066_Timestamp = 7.907
Seq_Frame0067_DriverToReference-SequenceTransform =-0.0654904 -0.746486 0.662171 79.1535 0.359679 0.601327 0.713468 253.51 -0.930775 0.284894 0.229114 188.88 0 0 0 1 
Seq_Frame0067_DriverToReference-SequenceTransformStatus = OK
Seq_Frame0067_Timestamp = 8.011
Seq_Frame0068_DriverToReference-SequenceTransform =-0.0654904 -0.746486 0.662171 79.1535 0.359679 0.601327 0.713468 253.51 -0.930775 0.284894 0.229114 188.88 0 0 0 1 
Seq_Frame0068_DriverToReference-SequenceTransformStatus = OK
Seq_Frame0068_Timestamp = 8.112
Seq_Frame0069_DriverToReference-SequenceTransform =-0.0654904 -0.746486 0.662171 79.1535 0.359679 0.601327 0.713468 253.51 -0.930775 0.284894 0.229114 188.88 0 0 0 1 
Seq_Frame0069_DriverToReference-SequenceTransformStatus = OK
Seq_Frame0069_Timestamp = 8.216
Seq_Frame0070_DriverToReference-SequenceTransform =-0.0654904 -0.746486 0.662171 79.1535 0.359679 0.601327 0.713468 253.51 -0.930775 0.284894 0.229114 188.88 0 0 0 1 
Seq_Frame0070_DriverToReference-SequenceTransformStatus = OK
Seq_Frame0070_Timestamp = 8.317
Seq_Frame0071_DriverToReference-SequenceTransform =-0.0654904 -0.746486 0.662171 79.1535 0.359679 0.601327 0.713468 253.51 -0.930775 0.284894 0.229114 188.88 0 0 0 1 
Seq_Frame0071_DriverToReference-SequenceTransformStatus = OK
Seq_Frame0071_Timestamp = 8.421
Seq_Frame0072_DriverToReference-SequenceTransform =-0.0654904 -0.746486 0.662171 79.1535 0.359679 0.601327 0.713468 253.51 -0.930775 0.284894 0.229114 188.88 0 0 0 1 
Seq_Frame0072_DriverToReference-SequenceTransformStatus = OK
Seq_Frame0072_Timestamp = 8.531
Seq_Frame0073_DriverToReference-SequenceTransform =-0.0654904 -0.746486 0.662171 79.1535 0.359679 0.601327 0.713468 253.51 -0.930775 0.284894 0.229114 188.88 0 0 0 1 
Seq_Frame0073_DriverToReference-SequenceTransformStatus = OK
Seq_Frame0073_Timestamp = 8.721
Seq_Frame0074_DriverToReference-SequenceTransform =-0.0654904 -0.746486 0.662171 79.1535 0.359679 0.601327 0.713468 253.51 -0.930775 0.284894 0.229114 188.88 0 0 0 1 
Seq_Frame0074_DriverToReference-SequenceTransformStatus = OK
Seq_Frame0074_Timestamp = 8.821
Seq_Frame0075_DriverToReference-SequenceTransform =-0.0654904 -0.746486 0.662171 79.1535 0.359679 0.601327 0.713468 253.51 -0.930775 0.284894 0.229114 188.88 0 0 0 1 
Seq_Frame0075_DriverToReference-SequenceTransformStatus = OK
Seq_Frame0075_Timestamp = 9.066
Seq_Frame0076_DriverToReference-SequenceTransform =-0.0654904 -0.746486 0.662171 79.1535 0.359679 0.601327 0.713468 253.51 -0.930775 0.284894 0.229114 188.88 0 0 0 1 
Seq_Frame0076_DriverToReference-SequenceTransformStatus = OK
Seq_Frame0076_Timestamp = 9.186
Seq_Frame0077_DriverToReference-SequenceTransform =-0.0654904 -0.746486 0.662171 79.1535 0.359679 0.601327 0.713468 253.51 -0.930775 0.284894 0.229114 188.88 0 0 0 1 
Seq_Frame0077_DriverToReference-SequenceTransformStatus = OK
Seq_Frame0077_Timestamp = 9.297
Seq_Frame0078_DriverToReference-SequenceTransform =-0.0654904 -0.746486 0.662171 79.1535 0.359679 0.601327 0.713468 253.51 -0.930775 0.284894 0.229114 188.88 0 0 0 1 
Seq_Frame0078_DriverToReference-SequenceTransformStatus = OK
Seq_Frame0078_Timestamp = 9.397
Seq_Frame0079_DriverToReference-SequenceTransform =-0.0654904 -0.746486 0.662171 79.1535 0.359679 0.601327 0.713468 253.51 -0.930775 0.284894 0.229114 188.88 0 0 0 1 
Seq_Frame0079_DriverToReference-SequenceTransformStatus = OK
Seq_Frame0079_Timestamp = 9.498
Seq_Frame0080_DriverToReference-SequenceTransform =-0.0654904 -0.746486 0.662171 79.1535 0.359679 0.601327 0.713468 253.51 -0.930775 0.284894 0.229114 188.88 0 0 0 1 
Seq_Frame0080_DriverToReference-SequenceTransformStatus = OK
Seq_Frame0080_Timestamp = 9.602
Seq_Frame0081_DriverToReference-SequenceTransform =-0.0654904 -0.746486 0.662171 79.1535 0.359679 0.601327 0.713468 253.51 -0.930775 0.284894 0.229114 188.88 0 0 0 1 
Seq_Frame0081_DriverToReference-SequenceTransformStatus = OK
Seq_Frame0081_Timestamp = 9.706
Seq_Frame0082_DriverToReference-SequenceTransform =-0.0654904 -0.746486 0.662171 79.1535 0.359679 0.601327 0.713468 253.51 -0.930775 0.284894 0.229114 188.88 0 0 0 1 
Seq_Frame0082_DriverToReference-SequenceTransformStatus = OK
Seq_Frame0082_Timestamp = 9.811
Seq_Frame0083_DriverToReference-SequenceTransform =-0.0654904 -0.746486 0.662171 79.1535 0.359679 0.601327 0.713468 253.51 -0.930775 0.284894 0.229114 188.88 0 0 0 1 
Seq_Frame0083_DriverToReference-SequenceTransformStatus = OK
Seq_Frame0083_Timestamp = 9.911
Seq_Frame0084_DriverToReference-SequenceTransform =-0.0654904 -0.746486 0.662171 79.1535 0.359679 0.601327 0.713468 253.51 -0.930775 0.284894 0.229114 188.88 0 0 0 1 
Seq_Frame0084_DriverToReference-SequenceTransformStatus = OK
Seq_Frame0084_Timestamp = 10.016
Seq_Frame0085_DriverToReference-SequenceTransform =-0.0654904 -0.746486 0.662171 79.1535 0.359679 0.601327 0.713468 253.51 -0.930775 0.284894 0.229114 188.88 0 0 0 1 
Seq_Frame0085_DriverToReference-SequenceTransformStatus = OK
Seq_Frame0085_Timestamp = 10.117
Seq_Frame0086_DriverToReference-SequenceTransform =-0.0654904 -0.746486 0.662171 79.1535 0.359679 0.601327 0.713468 253.51 -0.930775 0.284894 0.229114 188.88 0 0 0 1 
Seq_Frame0086_DriverToReference-SequenceTransformStatus = OK
Seq_Frame0086_Timestamp = 10.223
Seq_Frame0087_DriverToReference-SequenceTransform =-0.0654904 -0.746486 0.662171 79.1535 0.359679 0.601327 0.713468 253.51 -0.930775 0.284894 0.229114 188.88 0 0 0 1 
Seq_Frame0087_DriverToReference-SequenceTransformStatus = OK
Seq_Frame0087_Timestamp = 10.331
Seq_Frame0088_DriverToReference-SequenceTransform =-0.0654904 -0.746486 0.662171 79.1535 0.359679 0.601327 0.713468 253.51 -0.930775 0.284894 0.229114 188.88 0 0 0 1 
Seq_Frame0088_DriverToReference-SequenceTransformStatus = OK
Seq_Frame0088_Timestamp = 10.44
Seq_Frame0089_DriverToReference-SequenceTransform =-0.0654904 -0.746486 0.662171 79.1535 0.359679 0.601327 0.713468 253.51 -0.930775 0.284894 0.229114 188.88 0 0 0 1 
Seq_Frame0089_DriverToReference-SequenceTransformStatus = OK
Seq_Frame0089_Timestamp = 10.541
Seq_Frame0090_DriverToReference-SequenceTransform =-0.0654904 -0.746486 0.662171 79.1535 0.359679 0.601327 0.713468 253.51 -0.930775 0.284894 0.229114 188.88 0 0 0 1 
Seq_Frame0090_DriverToReference-SequenceTransformStatus = OK
Seq_Frame0090_Timestamp = 10.647
Seq_Frame0091_DriverToReference-SequenceTransform =-0.0654904 -0.746486 0.662171 79.1535 0.359679 0.601327 0.713468 253.51 -0.930775 0.284894 0.229114 188.88 0 0 0 1 
Seq_Frame0091_DriverToReference-SequenceTransformStatus = OK
Seq_Frame0091_Timestamp = 10.756
Seq_Frame0092_DriverToReference-SequenceTransform =-0.0654904 -0.746486 0.662171 79.1535 0.359679 0.601327 0.713468 253.51 -0.930775 0.284894 0.229114 188.88 0 0 0 1 
Seq_Frame0092_DriverToReference-SequenceTransformStatus = OK
Seq_Frame0092_Timestamp = 10.861
Seq_Frame0093_DriverToReference-SequenceTransform =-0.0654904 -0.746486 0.662171 79.1535 0.359679 0.601327 0.713468 253.51 -0.930775 0.284894 0.229114 188.88 0 0 0 1 
Seq_Frame0093_DriverToReference-SequenceTransformStatus = OK
Seq_Frame0093_Timestamp = 10.973
Seq_Frame0094_DriverToReference-SequenceTransform =-0.0654904 -0.746486 0.662171 79.1535 0.359679 0.601327 0.713468 253.51 -0.930775 0.284894 0.229114 188.88 0 0 0 1 
Seq_Frame0094_DriverToReference-SequenceTransformStatus = OK
Seq_Frame0094_Timestamp = 11.081
Seq_Frame0095_DriverToReference-SequenceTransform =-0.0654904 -0.746486 0.662171 79.1535 0.359679 0.601327 0.713468 253.51 -0.930775 0.284894 0.229114 188.88 0 0 0 1 
Seq_Frame0095_DriverToReference-SequenceTransformStatus = OK
Seq_Frame0095_Timestamp = 14.991
Seq_Frame0096_DriverToReference-SequenceTransform =-0.0654904 -0.746486 0.662171 79.1535 0.359679 0.601327 0.713468 253.51 -0.930775 0.284894 0.229114 188.88 0 0 0 1 
Seq_Frame0096_DriverToReference-SequenceTransformStatus = OK
Seq_Frame0096_Timestamp = 15.091
Seq_Frame0097_DriverToReference-SequenceTransform =-0.0654904 -0.746486 0.662171 79.1535 0.359679 0.601327 0.713468 253.51 -0.930775 0.284894 0.229114 188.88 0 0 0 1 
Seq_Frame0097_DriverToReference-SequenceTransformStatus = OK
Seq_Frame0097_Timestamp = 15.196
Seq_Frame0098_DriverToReference-SequenceTransform =-0.0654904 -0.746486 0.662171 79.1535 0.359679 0.601327 0.713468 253.51 -0.930775 0.284894 0.229114 188.88 0 0 0 1 
Seq_Frame0098_DriverToReference-SequenceTransformStatus = OK
Seq_Frame0098_Timestamp = 15.302
Seq_Frame0099_DriverToReference-SequenceTransform =-0.0654904 -0.746486 0.662171 79.1535 0.359679 0.601327 0.713468 253.51 -0.930775 0.284894 0.229114 188.88 0 0 0 1 
Seq_Frame0099_DriverToReference-SequenceTransformStatus = OK
Seq_Frame0099_Timestamp = 15.411
Seq_Frame0100_DriverToReference-SequenceTransform =-0.0654904 -0.746486 0.662171 79.1535 0.359679 0.601327 0.713468 253.51 -0.930775 0.284894 0.229114 188.88 0 0 0 1 
Seq_Frame0100_DriverToReference-SequenceTransformStatus = OK
Seq_Frame0100_Timestamp = 15.516
Seq_Frame0101_DriverToReference-SequenceTransform =-0.0654904 -0.746486 0.662171 79.1535 0.359679 0.601327 0.713468 253.51 -0.930775 0.284894 0.229114 188.88 0 0 0 1 
Seq_Frame0101_DriverToReference-SequenceTransformStatus = OK
Seq_Frame0101_Timestamp = 16.611
Seq_Frame0102_DriverToReference-SequenceTransform =-0.0654904 -0.746486 0.662171 79.1535 0.359679 0.601327 0.713468 253.51 -0.930775 0.284894 0.229114 188.88 0 0 0 1 
Seq_Frame0102_DriverToReference-SequenceTransformStatus = OK
Seq_Frame0102_Timestamp = 16.787
Seq_Frame0103_DriverToReference-SequenceTransform =-0.0654904 -0.746486 0.662171 79.1535 0.359679 0.601327 0.713468 253.51 -0.930775 0.284894 0.229114 188.88 0 0 0 1 
Seq_Frame0103_DriverToReference-SequenceTransformStatus = OK
Seq_Frame0103_Timestamp = 16.89
Seq_Frame0104_DriverToReference-SequenceTransform =-0.0654904 -0.746486 0.662171 79.1535 0.359679 0.601327 0.713468 253.51 -0.930775 0.284894 0.229114 188.88 0 0 0 1 
Seq_Frame0104_DriverToReference-SequenceTransformStatus = OK
Seq_Frame0104_Timestamp = 16.991
Seq_Frame0105_DriverToReference-SequenceTransform =-0.0654904 -0.746486 0.662171 79.1535 0.359679 0.601327 0.713468 253.51 -0.930775 0.284894 0.229114 188.88 0 0 0 1 
Seq_Frame0105_DriverToReference-SequenceTransformStatus = OK
Seq_Frame0105_Timestamp = 17.096
Seq_Frame0106_DriverToReference-SequenceTransform =-0.0654904 -0.746486 0.662171 79.1535 0.359679 0.601327 0.713468 253.51 -0.930775 0.284894 0.229114 188.88 0 0 0 1 
Seq_Frame0106_DriverToReference-SequenceTransformStatus = OK
Seq_Frame0106_Timestamp = 17.197
Seq_Frame0107_DriverToReference-SequenceTransform =-0.0654904 -0.746486 0.662171 79.1535 0.359679 0.601327 0.713468 253.51 -0.930775 0.284894 0.229114 188.88 0 0 0 1 
Seq_Frame0107_DriverToReference-SequenceTransformStatus = OK
Seq_Frame0107_Timestamp = 17.301
Seq_Frame0108_DriverToReference-SequenceTransform =-0.0654904 -0.746486 0.662171 79.1535 0.359679 0.601327 0.713468 253.51 -0.930775 0.284894 0.229114 188.88 0 0 0 1 
Seq_Frame0108_DriverToReference-SequenceTransformStatus = OK
Seq_Frame0108_Timestamp = 17.402
Seq_Frame0109_DriverToReference-SequenceTransform =-0.0654904 -0.746486 0.662171 79.1535 0.359679 0.601327 0.713468 253.51 -0.930775 0.284894 0.229114 188.88 0 0 0 1 
Seq_Frame0109_DriverToReference-SequenceTransformStatus = OK
Seq_Frame0109_Timestamp = 17.906
Seq_Frame0110_DriverToReference-SequenceTransform =-0.0654904 -0.746486 0.662171 79.1535 0.359679 0.601327 0.713468 253.51 -0.930775 0.284894 0.229114 188.88 0 0 0 1 
Seq_Frame0110_DriverToReference-SequenceTransformStatus = OK
Seq_Frame0110_Timestamp = 18.011
Seq_Frame0111_DriverToReference-SequenceTransform =-0.636485 0.485652 0.59919 137.933 0.585991 -0.200639 0.785085 203.443 0.501499 0.850815 -0.156884 197.484 0 0 0 1 
Seq_Frame0111_DriverToReference-SequenceTransformStatus = OK
Seq_Frame0111_Timestamp = 18.972
Seq_Frame0112_DriverToReference-SequenceTransform =-0.635874 0.575496 0.514265 150.598 0.528067 -0.161526 0.833699 193.45 0.562858 0.801694 -0.20119 197.008 0 0 0 1 
Seq_Frame0112_DriverToReference-SequenceTransformStatus = OK
Seq_Frame0112_Timestamp = 19.122
Seq_Frame0113_DriverToReference-SequenceTransform =-0.623266 0.608614 0.491049 150.874 0.513082 -0.155625 0.844114 191.135 0.590158 0.778056 -0.215273 196.543 0 0 0 1 
Seq_Frame0113_DriverToReference-SequenceTransformStatus = OK
Seq_Frame0113_Timestamp = 19.461
Seq_Frame0114_DriverToReference-SequenceTransform =-0.623266 0.608614 0.491049 150.874 0.513082 -0.155625 0.844114 191.135 0.590158 0.778056 -0.215273 196.543 0 0 0 1 
Seq_Frame0114_DriverToReference-SequenceTransformStatus = OK
Seq_Frame0114_Timestamp = 20.317
Seq_Frame0115_DriverToReference-SequenceTransform =-0.623266 0.608614 0.491049 150.874 0.513082 -0.155625 0.844114 191.135 0.590158 0.778056 -0.215273 196.543 0 0 0 1 
Seq_Frame0115_DriverToReference-SequenceTransformStatus = OK
Seq_Frame0115_Timestamp = 20.424
Seq_Frame0116_DriverToReference-SequenceTransform =-0.623266 0.608614 0.491049 150.874 0.513082 -0.155625 0.844114 191.135 0.590158 0.778056 -0.215273 196.543 0 0 0 1 
Seq_Frame0116_DriverToReference-SequenceTransformStatus = OK
Seq_Frame0116_Timestamp = 20.596
Seq_Frame0117_DriverToReference-SequenceTransform =-0.623266 0.608614 0.491049 150.874 0.513082 -0.155625 0.844114 191.135 0.590158 0.778056 -0.215273 196.543 0 0 0 1 
Seq_Frame0117_DriverToReference-SequenceTransformStatus = OK
Seq_Frame0117_Timestamp = 20.698
Seq_Frame0118_DriverToReference-SequenceTransform =-0.623266 0.608614 0.491049 150.874 0.513082 -0.155625 0.844114 191.135 0.590158 0.778056 -0.215273 196.543 0 0 0 1 
Seq_Frame0118_DriverToReference-SequenceTransformStatus = OK
Seq_Frame0118_Timestamp = 20.807
Seq_Frame0119_DriverToReference-SequenceTransform =-0.623266 0.608614 0.491049 150.874 0.513082 -0.155625 0.844114 191.135 0.590158 0.778056 -0.215273 196.543 0 0 0 1 
Seq_Frame0119_DriverToReference-SequenceTransformStatus = OK
Seq_Frame0119_Timestamp = 20.911
Seq_Frame0120_DriverToReference-SequenceTransform =-0.623266 0.608614 0.491049 150.874 0.513082 -0.155625 0.844114 191.135 0.590158 0.778056 -0.215273 196.543 0 0 0 1 
Seq_Frame0120_DriverToReference-SequenceTransformStatus = OK
Seq_Frame0120_Timestamp = 21.015
Seq_Frame0121_DriverToReference-SequenceTransform =-0.623266 0.608614 0.491049 150.874 0.513082 -0.155625 0.844114 191.135 0.590158 0.778056 -0.215273 196.543 0 0 0 1 
Seq_Frame0121_DriverToReference-SequenceTransformStatus = OK
Seq_Frame0121_Timestamp = 21.117
Seq_Frame0122_DriverToReference-SequenceTransform =-0.623266 0.608614 0.491049 150.874 0.513082 -0.155625 0.844114 191.135 0.590158 0.778056 -0.215273 196.543 0 0 0 1 
Seq_Frame0122_DriverToReference-SequenceTransformStatus = OK
Seq_Frame0122_Timestamp = 21.221
Seq_Frame0123_DriverToReference-SequenceTransform =-0.623266 0.608614 0.491049 150.874 0.513082 -0.155625 0.844114 191.135 0.590158 0.778056 -0.215273 196.543 0 0 0 1 
Seq_Frame0123_DriverToReference-SequenceTransformStatus = OK
Seq_Frame0123_Timestamp = 21.321
Seq_Frame0124_DriverToReference-SequenceTransform =-0.669662 0.531935 0.518265 130.695 0.531875 -0.143536 0.83457 194.239 0.518327 0.834531 -0.186802 153.14 0 0 0 1 
Seq_Frame0124_DriverToReference-SequenceTransformStatus = OK
Seq_Frame0124_Timestamp = 21.676
Seq_Frame0125_DriverToReference-SequenceTransform =0.831181 -0.0128508 -0.555854 128.467 -0.532228 0.270824 -0.802114 193.465 0.160847 0.962543 0.218265 159.415 0 0 0 1 
Seq_Frame0125_DriverToReference-SequenceTransformStatus = OK
Seq_Frame0125_Timestamp = 21.887
Seq_Frame0126_DriverToReference-SequenceTransform =0.837803 0.0505592 -0.543626 127.408 -0.539056 0.234588 -0.808942 193.501 0.0866285 0.970779 0.223792 158.02 0 0 0 1 
Seq_Frame0126_DriverToReference-SequenceTransformStatus = OK
Seq_Frame0126_Timestamp = 21.997
Seq_Frame0127_DriverToReference-SequenceTransform =0.837803 0.0505592 -0.543626 127.408 -0.539056 0.234588 -0.808942 193.501 0.0866285 0.970779 0.223792 158.02 0 0 0 1 
Seq_Frame0127_DriverToReference-SequenceTransformStatus = OK
Seq_Frame0127_Timestamp = 22.102
Seq_Frame0128_DriverToReference-SequenceTransform =0.837803 0.0505592 -0.543626 127.408 -0.539056 0.234588 -0.808942 193.501 0.0866285 0.970779 0.223792 158.02 0 0 0 1 
Seq_Frame0128_DriverToReference-SequenceTransformStatus = OK
Seq_Frame0128_Timestamp = 22.206
Seq_Frame0129_DriverToReference-SequenceTransform =0.837803 0.0505592 -0.543626 127.408 -0.539056 0.234588 -0.808942 193.501 0.0866285 0.970779 0.223792 158.02 0 0 0 1 
Seq_Frame0129_DriverToReference-SequenceTransformStatus = OK
Seq_Frame0129_Timestamp = 22.312
Seq_Frame0130_DriverToReference-SequenceTransform =0.837803 0.0505592 -0.543626 127.408 -0.539056 0.234588 -0.808942 193.501 0.0866285 0.970779 0.223792 158.02 0 0 0 1 
Seq_Frame0130_DriverToReference-SequenceTransformStatus = OK
Seq_Frame0130_Timestamp = 22.423
Seq_Frame0131_DriverToReference-SequenceTransform =0.837803 0.0505592 -0.543626 127.408 -0.539056 0.234588 -0.808942 193.501 0.0866285 0.970779 0.223792 158.02 0 0 0 1 
Seq_Frame0131_DriverToReference-SequenceTransformStatus = OK
Seq_Frame0131_Timestamp = 22.531
Seq_Frame0132_DriverToReference-SequenceTransform =0.837803 0.0505592 -0.543626 127.408 -0.539056 0.234588 -0.808942 193.501 0.0866285 0.970779 0.223792 158.02 0 0 0 1 
Seq_Frame0132_DriverToReference-SequenceTransformStatus = OK
Seq_Frame0132_Timestamp = 22.637
Seq_Frame0133_DriverToReference-SequenceTransform =0.837803 0.0505592 -0.543626 127.408 -0.539056 0.234588 -0.808942 193.501 0.0866285 0.970779 0.223792 158.02 0 0 0 1 
Seq_Frame0133_DriverToReference-SequenceTransformStatus = OK
Seq_Frame0133_Timestamp = 22.746
Seq_Frame0134_DriverToReference-SequenceTransform =0.837803 0.0505592 -0.543626 127.408 -0.539056 0.234588 -0.808942 193.501 0.0866285 0.970779 0.223792 158.02 0 0 0 1 
Seq_Frame0134_DriverToReference-SequenceTransformStatus = OK
Seq_Frame0134_Timestamp = 22.852
Seq_Frame0135_DriverToReference-SequenceTransform =0.837803 0.0505592 -0.543626 127.408 -0.539056 0.234588 -0.808942 193.501 0.0866285 0.970779 0.223792 158.02 0 0 0 1 
Seq_Frame0135_DriverToReference-SequenceTransformStatus = OK
Seq_Frame0135_Timestamp = 22.961
Seq_Frame0136_DriverToReference-SequenceTransform =0.837803 0.0505592 -0.543626 127.408 -0.539056 0.234588 -0.808942 193.501 0.0866285 0.970779 0.223792 158.02 0 0 0 1 
Seq_Frame0136_DriverToReference-SequenceTransformStatus = OK
Seq_Frame0136_Timestamp = 23.062
Seq_Frame0137_DriverToReference-SequenceTransform =0.837803 0.0505592 -0.543626 127.408 -0.539056 0.234588 -0.808942 193.501 0.0866285 0.970779 0.223792 158.02 0 0 0 1 
Seq_Frame0137_DriverToReference-SequenceTransformStatus = OK
Seq_Frame0137_Timestamp = 23.172
Seq_Frame0138_DriverToReference-SequenceTransform =0.837803 0.0505592 -0.543626 127.408 -0.539056 0.234588 -0.808942 193.501 0.0866285 0.970779 0.223792 158.02 0 0 0 1 
Seq_Frame0138_DriverToReference-SequenceTransformStatus = OK
Seq_Frame0138_Timestamp = 23.274
Seq_Frame0139_DriverToReference-SequenceTransform =0.837803 0.0505592 -0.543626 127.408 -0.539056 0.234588 -0.808942 193.501 0.0866285 0.970779 0.223792 158.02 0 0 0 1 
Seq_Frame0139_DriverToReference-SequenceTransformStatus = OK
Seq_Frame0139_Timestamp = 23.376
Seq_Frame0140_DriverToReference-SequenceTransform =0.837803 0.0505592 -0.543626 127.408 -0.539056 0.234588 -0.808942 193.501 0.0866285 0.970779 0.223792 158.02 0 0 0 1 
Seq_Frame0140_DriverToReference-SequenceTransformStatus = OK
Seq_Frame0140_Timestamp = 23.481
Seq_Frame0141_DriverToReference-SequenceTransform =0.837803 0.0505592 -0.543626 127.408 -0.539056 0.234588 -0.808942 193.501 0.0866285 0.970779 0.223792 158.02 0 0 0 1 
Seq_Frame0141_DriverToReference-SequenceTransformStatus = OK
Seq_Frame0141_Timestamp = 23.589
Seq_Frame0142_DriverToReference-SequenceTransform =0.837803 0.0505592 -0.543626 127.408 -0.539056 0.234588 -0.808942 193.501 0.0866285 0.970779 0.223792 158.02 0 0 0 1 
Seq_Frame0142_DriverToReference-SequenceTransformStatus = OK
Seq_Frame0142_Timestamp = 23.698
Seq_Frame0143_DriverToReference-SequenceTransform =0.837803 0.0505592 -0.543626 127.408 -0.539056 0.234588 -0.808942 193.501 0.0866285 0.970779 0.223792 158.02 0 0 0 1 
Seq_Frame0143_DriverToReference-SequenceTransformStatus = OK
Seq_Frame0143_Timestamp = 23.798
Seq_Frame0144_DriverToReference-SequenceTransform =0.837803 0.0505592 -0.543626 127.408 -0.539056 0.234588 -0.808942 193.501 0.0866285 0.970779 0.223792 158.02 0 0 0 1 
Seq_Frame0144_DriverToReference-SequenceTransformStatus = OK
Seq_Frame0144_Timestamp = 23.901
Seq_Frame0145_DriverToReference-SequenceTransform =0.837803 0.0505592 -0.543626 127.408 -0.539056 0.234588 -0.808942 193.501 0.0866285 0.970779 0.223792 158.02 0 0 0 1 
Seq_Frame0145_DriverToReference-SequenceTransformStatus = OK
Seq_Frame0145_Timestamp = 24.002
Seq_Frame0146_DriverToReference-SequenceTransform =0.837803 0.0505592 -0.543626 127.408 -0.539056 0.234588 -0.808942 193.501 0.0866285 0.970779 0.223792 158.02 0 0 0 1 
Seq_Frame0146_DriverToReference-SequenceTransformStatus = OK
Seq_Frame0146_Timestamp = 24.107
Seq_Frame0147_DriverToReference-SequenceTransform =0.837803 0.0505592 -0.543626 127.408 -0.539056 0.234588 -0.808942 193.501 0.0866285 0.970779 0.223792 158.02 0 0 0 1 
Seq_Frame0147_DriverToReference-SequenceTransformStatus = OK
Seq_Frame0147_Timestamp = 24.211
Seq_Frame0148_DriverToReference-SequenceTransform =0.837803 0.0505592 -0.543626 127.408 -0.539056 0.234588 -0.808942 193.501 0.0866285 0.970779 0.223792 158.02 0 0 0 1 
Seq_Frame0148_DriverToReference-SequenceTransformStatus = OK
Seq_Frame0148_Timestamp = 24.312
Seq_Frame0149_DriverToReference-SequenceTransform =0.837803 0.0505592 -0.543626 127.408 -0.539056 0.234588 -0.808942 193.501 0.0866285 0.970779 0.223792 158.02 0 0 0 1 
Seq_Frame0149_DriverToReference-SequenceTransformStatus = OK
Seq_Frame0149_Timestamp = 24.416
Seq_Frame0150_DriverToReference-SequenceTransform =0.837803 0.0505592 -0.543626 127.408 -0.539056 0.234588 -0.808942 193.501 0.0866285 0.970779 0.223792 158.02 0 0 0 1 
Seq_Frame0150_DriverToReference-SequenceTransformStatus = OK
Seq_Frame0150_Timestamp = 24.518
