ObjectType = Image
NDims = 3
AnatomicalOrientation = RAI
BinaryData = True
CompressedData = False
DimSize = 0 0 5013
ElementSpacing = 1 1 1
Offset = 0 0 0
TransformMatrix = 1 0 0 0 1 0 0 0 1
ElementType = MET_UCHAR
Kinds = domain domain list
Seq_Frame0000_ForcepToReference-SequenceTransform =0.718981 0.128272 -0.683091 59.1341 0.556797 -0.694535 0.45563 -99.8507 -0.415985 -0.707932 -0.570779 -140.94 0 0 0 1 
Seq_Frame0000_ForcepToReference-SequenceTransformStatus = OK
Seq_Frame0000_Timestamp = 0.00499988
Seq_Frame0001_ForcepToReference-SequenceTransform =0.718556 0.128854 -0.683428 59.0899 0.55758 -0.694071 0.455379 -99.7393 -0.415671 -0.708281 -0.570575 -141.066 0 0 0 1 
Seq_Frame0001_ForcepToReference-SequenceTransformStatus = OK
Seq_Frame0001_Timestamp = 0.108
Seq_Frame0002_ForcepToReference-SequenceTransform =0.717069 0.128766 -0.685005 59.0752 0.55801 -0.69496 0.453493 -99.8107 -0.417656 -0.707425 -0.570187 -141.074 0 0 0 1 
Seq_Frame0002_ForcepToReference-SequenceTransformStatus = OK
Seq_Frame0002_Timestamp = 0.211
Seq_Frame0003_ForcepToReference-SequenceTransform =0.717239 0.127382 -0.685086 59.0482 0.557749 -0.694295 0.454831 -99.742 -0.417714 -0.708328 -0.569022 -141.075 0 0 0 1 
Seq_Frame0003_ForcepToReference-SequenceTransformStatus = OK
Seq_Frame0003_Timestamp = 0.316
Seq_Frame0004_ForcepToReference-SequenceTransform =0.718156 0.128556 -0.683905 59.0786 0.557462 -0.694526 0.454828 -99.7627 -0.416519 -0.707889 -0.570443 -141.051 0 0 0 1 
Seq_Frame0004_ForcepToReference-SequenceTransformStatus = OK
Seq_Frame0004_Timestamp = 0.417
Seq_Frame0005_ForcepToReference-SequenceTransform =0.717618 0.128898 -0.684404 59.0666 0.558076 -0.694319 0.454393 -99.7601 -0.416624 -0.70803 -0.570191 -141.071 0 0 0 1 
Seq_Frame0005_ForcepToReference-SequenceTransformStatus = OK
Seq_Frame0005_Timestamp = 0.518
Seq_Frame0006_ForcepToReference-SequenceTransform =0.718545 0.128246 -0.683554 59.038 0.557141 -0.694426 0.455375 -99.7211 -0.416278 -0.708043 -0.570427 -141.071 0 0 0 1 
Seq_Frame0006_ForcepToReference-SequenceTransformStatus = OK
Seq_Frame0006_Timestamp = 0.624
Seq_Frame0007_ForcepToReference-SequenceTransform =0.719051 0.127831 -0.683099 59.0271 0.5568 -0.694154 0.456205 -99.6831 -0.415859 -0.708385 -0.570309 -141.069 0 0 0 1 
Seq_Frame0007_ForcepToReference-SequenceTransformStatus = OK
Seq_Frame0007_Timestamp = 0.732
Seq_Frame0008_ForcepToReference-SequenceTransform =0.71845 0.128862 -0.683538 59.1409 0.557026 -0.695138 0.454428 -99.9192 -0.416595 -0.707232 -0.571202 -140.955 0 0 0 1 
Seq_Frame0008_ForcepToReference-SequenceTransformStatus = OK
Seq_Frame0008_Timestamp = 0.832
Seq_Frame0009_ForcepToReference-SequenceTransform =0.718896 0.128412 -0.683154 59.0564 0.557711 -0.693165 0.456597 -99.5733 -0.414906 -0.709248 -0.56993 -141.239 0 0 0 1 
Seq_Frame0009_ForcepToReference-SequenceTransformStatus = OK
Seq_Frame0009_Timestamp = 0.933
Seq_Frame0010_ForcepToReference-SequenceTransform =0.717948 0.12837 -0.684158 59.0334 0.557957 -0.693797 0.455335 -99.8098 -0.416216 -0.708637 -0.569735 -140.945 0 0 0 1 
Seq_Frame0010_ForcepToReference-SequenceTransformStatus = OK
Seq_Frame0010_Timestamp = 1.036
Seq_Frame0011_ForcepToReference-SequenceTransform =0.718534 0.12872 -0.683476 59.1894 0.556849 -0.69525 0.454474 -99.8839 -0.416687 -0.707148 -0.571239 -140.996 0 0 0 1 
Seq_Frame0011_ForcepToReference-SequenceTransformStatus = OK
Seq_Frame0011_Timestamp = 1.142
Seq_Frame0012_ForcepToReference-SequenceTransform =0.718643 0.132069 -0.682723 59.5754 0.556387 -0.698128 0.450611 -100.493 -0.417116 -0.703687 -0.575186 -140.656 0 0 0 1 
Seq_Frame0012_ForcepToReference-SequenceTransformStatus = OK
Seq_Frame0012_Timestamp = 1.247
Seq_Frame0013_ForcepToReference-SequenceTransform =0.717364 0.13027 -0.684411 59.3292 0.557126 -0.697117 0.451263 -100.227 -0.418328 -0.705023 -0.572663 -140.789 0 0 0 1 
Seq_Frame0013_ForcepToReference-SequenceTransformStatus = OK
Seq_Frame0013_Timestamp = 1.348
Seq_Frame0014_ForcepToReference-SequenceTransform =0.717419 0.128688 -0.684653 59.0651 0.557799 -0.694872 0.453887 -99.8712 -0.417336 -0.707526 -0.570296 -141.025 0 0 0 1 
Seq_Frame0014_ForcepToReference-SequenceTransformStatus = OK
Seq_Frame0014_Timestamp = 1.456
Seq_Frame0015_ForcepToReference-SequenceTransform =0.717852 0.128414 -0.68425 59.0609 0.557079 -0.695424 0.453924 -99.9218 -0.417554 -0.707032 -0.570749 -140.949 0 0 0 1 
Seq_Frame0015_ForcepToReference-SequenceTransformStatus = OK
Seq_Frame0015_Timestamp = 1.557
Seq_Frame0016_ForcepToReference-SequenceTransform =0.71741 0.128368 -0.684722 59.0696 0.557226 -0.695641 0.453413 -99.9471 -0.418117 -0.706828 -0.570589 -140.924 0 0 0 1 
Seq_Frame0016_ForcepToReference-SequenceTransformStatus = OK
Seq_Frame0016_Timestamp = 1.662
Seq_Frame0017_ForcepToReference-SequenceTransform =0.718102 0.128767 -0.683922 59.0762 0.557079 -0.695378 0.453996 -99.9641 -0.417124 -0.707014 -0.571085 -140.89 0 0 0 1 
Seq_Frame0017_ForcepToReference-SequenceTransformStatus = OK
Seq_Frame0017_Timestamp = 1.765
Seq_Frame0018_ForcepToReference-SequenceTransform =0.718543 0.128436 -0.68352 59.1003 0.557709 -0.693586 0.455959 -99.712 -0.415519 -0.708832 -0.570001 -141.135 0 0 0 1 
Seq_Frame0018_ForcepToReference-SequenceTransformStatus = OK
Seq_Frame0018_Timestamp = 1.871
Seq_Frame0019_ForcepToReference-SequenceTransform =0.72034 0.128221 -0.681667 59.0955 0.556993 -0.69261 0.458313 -99.4964 -0.413364 -0.709825 -0.570332 -141.3 0 0 0 1 
Seq_Frame0019_ForcepToReference-SequenceTransformStatus = OK
Seq_Frame0019_Timestamp = 1.972
Seq_Frame0020_ForcepToReference-SequenceTransform =0.717759 0.12768 -0.684485 58.8912 0.557368 -0.694552 0.454905 -99.7838 -0.417328 -0.708022 -0.569686 -141.19 0 0 0 1 
Seq_Frame0020_ForcepToReference-SequenceTransformStatus = OK
Seq_Frame0020_Timestamp = 2.082
Seq_Frame0021_ForcepToReference-SequenceTransform =0.720053 0.129474 -0.681733 59.3917 0.556423 -0.694756 0.455751 -99.8879 -0.41463 -0.707496 -0.572303 -140.669 0 0 0 1 
Seq_Frame0021_ForcepToReference-SequenceTransformStatus = OK
Seq_Frame0021_Timestamp = 2.192
Seq_Frame0022_ForcepToReference-SequenceTransform =0.72029 0.12912 -0.68155 59.3045 0.556257 -0.694531 0.456296 -99.7999 -0.41444 -0.707782 -0.572087 -140.843 0 0 0 1 
Seq_Frame0022_ForcepToReference-SequenceTransformStatus = OK
Seq_Frame0022_Timestamp = 2.296
Seq_Frame0023_ForcepToReference-SequenceTransform =0.719367 0.128515 -0.682638 59.1371 0.556784 -0.694279 0.456035 -99.6554 -0.415334 -0.708139 -0.570997 -141.175 0 0 0 1 
Seq_Frame0023_ForcepToReference-SequenceTransformStatus = OK
Seq_Frame0023_Timestamp = 2.397
Seq_Frame0024_ForcepToReference-SequenceTransform =0.719039 0.128584 -0.682971 59.1368 0.557267 -0.693876 0.456059 -99.7308 -0.415255 -0.708521 -0.570579 -141.109 0 0 0 1 
Seq_Frame0024_ForcepToReference-SequenceTransformStatus = OK
Seq_Frame0024_Timestamp = 2.507
Seq_Frame0025_ForcepToReference-SequenceTransform =0.718262 0.128543 -0.683795 59.1317 0.557622 -0.694126 0.455243 -99.7746 -0.416122 -0.708283 -0.570243 -141.068 0 0 0 1 
Seq_Frame0025_ForcepToReference-SequenceTransformStatus = OK
Seq_Frame0025_Timestamp = 2.608
Seq_Frame0026_ForcepToReference-SequenceTransform =0.718276 0.128508 -0.683787 59.1028 0.557895 -0.693621 0.455678 -99.7089 -0.415731 -0.708784 -0.569906 -141.132 0 0 0 1 
Seq_Frame0026_ForcepToReference-SequenceTransformStatus = OK
Seq_Frame0026_Timestamp = 2.716
Seq_Frame0027_ForcepToReference-SequenceTransform =0.718852 0.128629 -0.683159 59.1234 0.55735 -0.693976 0.455804 -99.7517 -0.415466 -0.708415 -0.570558 -141.086 0 0 0 1 
Seq_Frame0027_ForcepToReference-SequenceTransformStatus = OK
Seq_Frame0027_Timestamp = 2.821
Seq_Frame0028_ForcepToReference-SequenceTransform =0.718838 0.128304 -0.683235 59.1179 0.557454 -0.693598 0.456253 -99.6534 -0.415351 -0.708844 -0.570108 -141.165 0 0 0 1 
Seq_Frame0028_ForcepToReference-SequenceTransformStatus = OK
Seq_Frame0028_Timestamp = 2.922
Seq_Frame0029_ForcepToReference-SequenceTransform =0.718588 0.128527 -0.683456 59.1186 0.557056 -0.694708 0.455048 -99.8072 -0.416316 -0.707715 -0.570806 -140.998 0 0 0 1 
Seq_Frame0029_ForcepToReference-SequenceTransformStatus = OK
Seq_Frame0029_Timestamp = 3.022
Seq_Frame0030_ForcepToReference-SequenceTransform =0.716184 0.133993 -0.684928 59.8376 0.548493 -0.714907 0.433664 -103.142 -0.431552 -0.686261 -0.585498 -138.76 0 0 0 1 
Seq_Frame0030_ForcepToReference-SequenceTransformStatus = OK
Seq_Frame0030_Timestamp = 3.123
Seq_Frame0031_ForcepToReference-SequenceTransform =0.714054 0.134515 -0.687047 59.7835 0.542751 -0.72624 0.421897 -104.882 -0.44221 -0.674152 -0.591583 -137.396 0 0 0 1 
Seq_Frame0031_ForcepToReference-SequenceTransformStatus = OK
Seq_Frame0031_Timestamp = 4.256
Seq_Frame0032_ForcepToReference-SequenceTransform =-0.300385 -0.461588 -0.834689 -73.7421 0.82139 -0.570029 0.0196308 160.694 -0.484858 -0.679708 0.550372 -119.284 0 0 0 1 
Seq_Frame0032_ForcepToReference-SequenceTransformStatus = OK
Seq_Frame0032_Timestamp = 4.357
Seq_Frame0033_ForcepToReference-SequenceTransform =-0.320154 -0.532143 -0.783789 -101.086 0.882629 -0.468126 -0.0426997 174.72 -0.34419 -0.705466 0.619558 -80.1054 0 0 0 1 
Seq_Frame0033_ForcepToReference-SequenceTransformStatus = OK
Seq_Frame0033_Timestamp = 4.457
Seq_Frame0034_ForcepToReference-SequenceTransform =-0.192648 -0.64138 -0.742643 -119.103 0.936412 -0.346368 0.0562259 175.873 -0.29329 -0.684588 0.667323 -48.1141 0 0 0 1 
Seq_Frame0034_ForcepToReference-SequenceTransformStatus = OK
Seq_Frame0034_Timestamp = 4.566
Seq_Frame0035_ForcepToReference-SequenceTransform =-0.0439792 -0.697997 -0.714749 -126.027 0.93347 -0.283618 0.219533 168.524 -0.355949 -0.657542 0.664032 -32.6404 0 0 0 1 
Seq_Frame0035_ForcepToReference-SequenceTransformStatus = OK
Seq_Frame0035_Timestamp = 4.672
Seq_Frame0036_ForcepToReference-SequenceTransform =0.033211 -0.758122 -0.651266 -122.673 0.98725 -0.0766126 0.139527 177.913 -0.155674 -0.647596 0.745912 -16.6024 0 0 0 1 
Seq_Frame0036_ForcepToReference-SequenceTransformStatus = OK
Seq_Frame0036_Timestamp = 4.781
Seq_Frame0037_ForcepToReference-SequenceTransform =-0.0811049 -0.734967 -0.673235 -122.379 0.99608 -0.0358412 -0.0808705 184.099 0.0353076 -0.677155 0.734993 -2.9522 0 0 0 1 
Seq_Frame0037_ForcepToReference-SequenceTransformStatus = OK
Seq_Frame0037_Timestamp = 4.89
Seq_Frame0038_ForcepToReference-SequenceTransform =-0.094354 -0.725765 -0.681442 -120.641 0.993896 -0.107983 -0.0226107 172.885 -0.0571739 -0.679415 0.731523 -0.209907 0 0 0 1 
Seq_Frame0038_ForcepToReference-SequenceTransformStatus = OK
Seq_Frame0038_Timestamp = 4.991
Seq_Frame0039_ForcepToReference-SequenceTransform =0.0380068 -0.83923 -0.542447 -124.545 0.997603 0.0632739 -0.0279945 174.738 0.0578166 -0.540083 0.839623 13.361 0 0 0 1 
Seq_Frame0039_ForcepToReference-SequenceTransformStatus = OK
Seq_Frame0039_Timestamp = 5.096
Seq_Frame0040_ForcepToReference-SequenceTransform =0.0692328 -0.867088 -0.49332 -127.034 0.993842 0.0170616 0.109488 165.17 -0.086519 -0.497862 0.86293 11.4696 0 0 0 1 
Seq_Frame0040_ForcepToReference-SequenceTransformStatus = OK
Seq_Frame0040_Timestamp = 5.196
Seq_Frame0041_ForcepToReference-SequenceTransform =-0.00916162 -0.848202 -0.529593 -124.699 0.99446 0.0477335 -0.0936541 175.766 0.104717 -0.527517 0.843066 25.2849 0 0 0 1 
Seq_Frame0041_ForcepToReference-SequenceTransformStatus = OK
Seq_Frame0041_Timestamp = 5.297
Seq_Frame0042_ForcepToReference-SequenceTransform =-0.0445975 -0.795399 -0.604443 -115.338 0.995551 0.0148862 -0.0930436 179.627 0.0830046 -0.605904 0.791196 29.731 0 0 0 1 
Seq_Frame0042_ForcepToReference-SequenceTransformStatus = OK
Seq_Frame0042_Timestamp = 5.397
Seq_Frame0043_ForcepToReference-SequenceTransform =-0.068597 -0.762701 -0.643103 -110.224 0.981632 0.06343 -0.179932 182.904 0.178027 -0.643633 0.74434 41.84 0 0 0 1 
Seq_Frame0043_ForcepToReference-SequenceTransformStatus = OK
Seq_Frame0043_Timestamp = 5.498
Seq_Frame0044_ForcepToReference-SequenceTransform =-0.0556735 -0.739292 -0.67108 -106.831 0.97651 0.0998067 -0.190964 182.684 0.208156 -0.665948 0.716369 47.9709 0 0 0 1 
Seq_Frame0044_ForcepToReference-SequenceTransformStatus = OK
Seq_Frame0044_Timestamp = 5.606
Seq_Frame0045_ForcepToReference-SequenceTransform =-0.0539059 -0.708303 -0.703847 -105.028 0.970687 0.128169 -0.203323 181.996 0.234225 -0.694175 0.680631 49.0972 0 0 0 1 
Seq_Frame0045_ForcepToReference-SequenceTransformStatus = OK
Seq_Frame0045_Timestamp = 5.711
Seq_Frame0046_ForcepToReference-SequenceTransform =-0.0673702 -0.670448 -0.738891 -103.576 0.968082 0.135262 -0.211 182.001 0.241409 -0.729523 0.639936 50.2737 0 0 0 1 
Seq_Frame0046_ForcepToReference-SequenceTransformStatus = OK
Seq_Frame0046_Timestamp = 5.812
Seq_Frame0047_ForcepToReference-SequenceTransform =-0.0294482 -0.640957 -0.767012 -97.5923 0.958049 0.200757 -0.204546 180.908 0.285088 -0.740858 0.608156 54.8381 0 0 0 1 
Seq_Frame0047_ForcepToReference-SequenceTransformStatus = OK
Seq_Frame0047_Timestamp = 5.921
Seq_Frame0048_ForcepToReference-SequenceTransform =-0.0144778 -0.641183 -0.767251 -96.2423 0.969826 0.177758 -0.16685 180.58 0.243366 -0.746516 0.619263 50.901 0 0 0 1 
Seq_Frame0048_ForcepToReference-SequenceTransformStatus = OK
Seq_Frame0048_Timestamp = 6.022
Seq_Frame0049_ForcepToReference-SequenceTransform =-0.0129777 -0.637603 -0.770256 -93.919 0.970321 0.177997 -0.163691 180.001 0.241474 -0.74952 0.616369 49.6333 0 0 0 1 
Seq_Frame0049_ForcepToReference-SequenceTransformStatus = OK
Seq_Frame0049_Timestamp = 6.126
Seq_Frame0050_ForcepToReference-SequenceTransform =0.0155622 -0.625964 -0.779697 -89.9611 0.981494 0.158411 -0.107587 178.506 0.190858 -0.763594 0.616845 48.5787 0 0 0 1 
Seq_Frame0050_ForcepToReference-SequenceTransformStatus = OK
Seq_Frame0050_Timestamp = 6.227
Seq_Frame0051_ForcepToReference-SequenceTransform =0.00670527 -0.611802 -0.790983 -88.4503 0.98039 0.159816 -0.115302 179.005 0.196954 -0.774698 0.600876 47.0732 0 0 0 1 
Seq_Frame0051_ForcepToReference-SequenceTransformStatus = OK
Seq_Frame0051_Timestamp = 6.332
Seq_Frame0052_ForcepToReference-SequenceTransform =0.0253007 -0.622677 -0.78207 -88.6931 0.986921 0.140148 -0.0796566 177.128 0.159206 -0.769826 0.618079 41.6922 0 0 0 1 
Seq_Frame0052_ForcepToReference-SequenceTransformStatus = OK
Seq_Frame0052_Timestamp = 6.435
Seq_Frame0053_ForcepToReference-SequenceTransform =0.0552109 -0.616148 -0.785693 -86.9725 0.991152 0.128948 -0.0314734 177.145 0.120706 -0.777003 0.617816 40.5676 0 0 0 1 
Seq_Frame0053_ForcepToReference-SequenceTransformStatus = OK
Seq_Frame0053_Timestamp = 6.54
Seq_Frame0054_ForcepToReference-SequenceTransform =0.0561022 -0.609493 -0.790804 -85.5042 0.988839 0.143409 -0.0403776 174.326 0.138018 -0.779713 0.610736 42.2276 0 0 0 1 
Seq_Frame0054_ForcepToReference-SequenceTransformStatus = OK
Seq_Frame0054_Timestamp = 6.641
Seq_Frame0055_ForcepToReference-SequenceTransform =0.0834223 -0.596399 -0.798341 -82.8269 0.992484 0.121705 0.0127899 169.556 0.0895339 -0.793408 0.60207 40.2117 0 0 0 1 
Seq_Frame0055_ForcepToReference-SequenceTransformStatus = OK
Seq_Frame0055_Timestamp = 6.746
Seq_Frame0056_ForcepToReference-SequenceTransform =0.0845044 -0.596737 -0.797975 -81.9871 0.992917 0.117556 0.0172382 169.031 0.0835202 -0.793779 0.602444 39.5915 0 0 0 1 
Seq_Frame0056_ForcepToReference-SequenceTransformStatus = OK
Seq_Frame0056_Timestamp = 6.847
Seq_Frame0057_ForcepToReference-SequenceTransform =0.102916 -0.594467 -0.797507 -81.1166 0.994292 0.0841686 0.0655708 164.38 0.0281454 -0.799703 0.599736 34.9883 0 0 0 1 
Seq_Frame0057_ForcepToReference-SequenceTransformStatus = OK
Seq_Frame0057_Timestamp = 6.956
Seq_Frame0058_ForcepToReference-SequenceTransform =0.101799 -0.610671 -0.785314 -81.5537 0.994805 0.0622107 0.0805787 162.381 -0.000352237 -0.789437 0.613832 31.9751 0 0 0 1 
Seq_Frame0058_ForcepToReference-SequenceTransformStatus = OK
Seq_Frame0058_Timestamp = 7.062
Seq_Frame0059_ForcepToReference-SequenceTransform =0.0897855 -0.625193 -0.775288 -82.7282 0.994669 0.0166425 0.101771 162.138 -0.050724 -0.780293 0.623354 25.262 0 0 0 1 
Seq_Frame0059_ForcepToReference-SequenceTransformStatus = OK
Seq_Frame0059_Timestamp = 7.166
Seq_Frame0060_ForcepToReference-SequenceTransform =0.0797542 -0.641209 -0.76321 -81.0116 0.995119 0.00658251 0.098458 166.512 -0.0581083 -0.767338 0.638605 21.8949 0 0 0 1 
Seq_Frame0060_ForcepToReference-SequenceTransformStatus = OK
Seq_Frame0060_Timestamp = 7.266
Seq_Frame0061_ForcepToReference-SequenceTransform =0.0556127 -0.651804 -0.756346 -76.402 0.995637 -0.0206424 0.0909966 176.608 -0.0749247 -0.758106 0.647812 17.2131 0 0 0 1 
Seq_Frame0061_ForcepToReference-SequenceTransformStatus = OK
Seq_Frame0061_Timestamp = 7.371
Seq_Frame0062_ForcepToReference-SequenceTransform =-0.00467909 -0.660235 -0.751044 -62.9891 0.99976 -0.0191701 0.0106237 192.021 -0.0214117 -0.750814 0.660166 11.3671 0 0 0 1 
Seq_Frame0062_ForcepToReference-SequenceTransformStatus = OK
Seq_Frame0062_Timestamp = 7.481
Seq_Frame0063_ForcepToReference-SequenceTransform =-0.0604726 -0.633708 -0.771205 -35.9451 0.997914 -0.020896 -0.061079 216.454 0.0225912 -0.77329 0.63365 4.56912 0 0 0 1 
Seq_Frame0063_ForcepToReference-SequenceTransformStatus = OK
Seq_Frame0063_Timestamp = 7.592
Seq_Frame0064_ForcepToReference-SequenceTransform =-0.0948795 -0.630531 -0.770343 -4.75484 0.995066 -0.082614 -0.0549374 235.611 -0.0290014 -0.771755 0.635258 -2.59593 0 0 0 1 
Seq_Frame0064_ForcepToReference-SequenceTransformStatus = OK
Seq_Frame0064_Timestamp = 7.706
Seq_Frame0065_ForcepToReference-SequenceTransform =-0.137402 -0.54442 -0.827483 23.4053 0.990508 -0.0788253 -0.112611 243.45 -0.00391882 -0.835101 0.550083 0.486717 0 0 0 1 
Seq_Frame0065_ForcepToReference-SequenceTransformStatus = OK
Seq_Frame0065_Timestamp = 7.807
Seq_Frame0066_ForcepToReference-SequenceTransform =-0.150211 -0.57307 -0.805622 41.9806 0.987365 -0.128546 -0.0926571 239.59 -0.0504608 -0.809362 0.585139 4.41823 0 0 0 1 
Seq_Frame0066_ForcepToReference-SequenceTransformStatus = OK
Seq_Frame0066_Timestamp = 7.907
Seq_Frame0067_ForcepToReference-SequenceTransform =-0.146571 -0.567133 -0.81048 48.9186 0.981587 -0.18484 -0.0481728 233.38 -0.122489 -0.802617 0.583782 8.6413 0 0 0 1 
Seq_Frame0067_ForcepToReference-SequenceTransformStatus = OK
Seq_Frame0067_Timestamp = 8.011
Seq_Frame0068_ForcepToReference-SequenceTransform =-0.0878001 -0.562229 -0.822307 50.1144 0.991227 -0.13118 -0.0161453 228.065 -0.0987933 -0.816511 0.568815 15.0168 0 0 0 1 
Seq_Frame0068_ForcepToReference-SequenceTransformStatus = OK
Seq_Frame0068_Timestamp = 8.112
Seq_Frame0069_ForcepToReference-SequenceTransform =-0.0215766 -0.550105 -0.834817 40.8 0.991186 -0.12094 0.054076 220.456 -0.13071 -0.826292 0.547866 12.7671 0 0 0 1 
Seq_Frame0069_ForcepToReference-SequenceTransformStatus = OK
Seq_Frame0069_Timestamp = 8.216
Seq_Frame0070_ForcepToReference-SequenceTransform =-0.121912 -0.599049 -0.791377 24.95 0.978232 -0.20742 0.00631424 227.499 -0.16793 -0.77338 0.611296 2.28432 0 0 0 1 
Seq_Frame0070_ForcepToReference-SequenceTransformStatus = OK
Seq_Frame0070_Timestamp = 8.317
Seq_Frame0071_ForcepToReference-SequenceTransform =-0.184587 -0.660046 -0.728194 17.2717 0.970258 -0.240447 -0.0280028 238.986 -0.156609 -0.711705 0.684799 1.30806 0 0 0 1 
Seq_Frame0071_ForcepToReference-SequenceTransformStatus = OK
Seq_Frame0071_Timestamp = 8.421
Seq_Frame0072_ForcepToReference-SequenceTransform =-0.207682 -0.641845 -0.738176 18.2062 0.963062 -0.266393 -0.0393229 239.278 -0.171406 -0.719076 0.673461 3.20838 0 0 0 1 
Seq_Frame0072_ForcepToReference-SequenceTransformStatus = OK
Seq_Frame0072_Timestamp = 8.531
Seq_Frame0073_ForcepToReference-SequenceTransform =-0.234955 -0.605881 -0.760069 19.6991 0.966939 -0.225434 -0.119201 240.288 -0.0991241 -0.762947 0.638816 2.86037 0 0 0 1 
Seq_Frame0073_ForcepToReference-SequenceTransformStatus = OK
Seq_Frame0073_Timestamp = 8.721
Seq_Frame0074_ForcepToReference-SequenceTransform =-0.136583 -0.616958 -0.775053 24.9603 0.969164 -0.245205 0.0243979 226.923 -0.2051 -0.747822 0.631425 4.25402 0 0 0 1 
Seq_Frame0074_ForcepToReference-SequenceTransformStatus = OK
Seq_Frame0074_Timestamp = 8.821
Seq_Frame0075_ForcepToReference-SequenceTransform =0.0179227 0.563666 0.825808 17.4594 0.208802 0.805619 -0.554418 194.367 -0.977794 0.182368 -0.103256 13.2622 0 0 0 1 
Seq_Frame0075_ForcepToReference-SequenceTransformStatus = OK
Seq_Frame0075_Timestamp = 9.066
Seq_Frame0076_ForcepToReference-SequenceTransform =0.140619 -0.558892 -0.81723 3.68138 0.98692 0.144851 0.0707549 180.742 0.0788325 -0.816491 0.571951 23.3609 0 0 0 1 
Seq_Frame0076_ForcepToReference-SequenceTransformStatus = OK
Seq_Frame0076_Timestamp = 9.186
Seq_Frame0077_ForcepToReference-SequenceTransform =0.137356 -0.565398 -0.813301 -4.12779 0.981591 0.187708 0.0352858 171.632 0.132713 -0.803176 0.580772 30.9224 0 0 0 1 
Seq_Frame0077_ForcepToReference-SequenceTransformStatus = OK
Seq_Frame0077_Timestamp = 9.297
Seq_Frame0078_ForcepToReference-SequenceTransform =0.131474 -0.567708 -0.812664 -5.77169 0.984686 0.169469 0.0409169 167.841 0.114493 -0.805598 0.581295 30.2868 0 0 0 1 
Seq_Frame0078_ForcepToReference-SequenceTransformStatus = OK
Seq_Frame0078_Timestamp = 9.397
Seq_Frame0079_ForcepToReference-SequenceTransform =0.131491 -0.58168 -0.802719 -6.56349 0.987934 0.143732 0.0576765 163.658 0.0818272 -0.800618 0.593561 26.1825 0 0 0 1 
Seq_Frame0079_ForcepToReference-SequenceTransformStatus = OK
Seq_Frame0079_Timestamp = 9.498
Seq_Frame0080_ForcepToReference-SequenceTransform =0.0740785 -0.602557 -0.794631 -9.65469 0.992047 0.125837 -0.00293803 173.73 0.101764 -0.788093 0.607086 24.7319 0 0 0 1 
Seq_Frame0080_ForcepToReference-SequenceTransformStatus = OK
Seq_Frame0080_Timestamp = 9.602
Seq_Frame0081_ForcepToReference-SequenceTransform =0.0593973 -0.601336 -0.796785 -4.50275 0.988989 0.143835 -0.0348271 172.392 0.135548 -0.785943 0.603258 28.9553 0 0 0 1 
Seq_Frame0081_ForcepToReference-SequenceTransformStatus = OK
Seq_Frame0081_Timestamp = 9.706
Seq_Frame0082_ForcepToReference-SequenceTransform =0.0587517 -0.599744 -0.798032 -2.59087 0.989991 0.137759 -0.0306463 169.647 0.128316 -0.788244 0.601835 28.9863 0 0 0 1 
Seq_Frame0082_ForcepToReference-SequenceTransformStatus = OK
Seq_Frame0082_Timestamp = 9.811
Seq_Frame0083_ForcepToReference-SequenceTransform =0.0651161 -0.598927 -0.798152 -2.27168 0.992781 0.119619 -0.00876674 167.679 0.100725 -0.79182 0.602392 29.7648 0 0 0 1 
Seq_Frame0083_ForcepToReference-SequenceTransformStatus = OK
Seq_Frame0083_Timestamp = 9.911
Seq_Frame0084_ForcepToReference-SequenceTransform =0.068224 -0.608049 -0.790963 -1.3646 0.993505 0.113772 -0.00176718 166.097 0.0910637 -0.785705 0.611861 27.9024 0 0 0 1 
Seq_Frame0084_ForcepToReference-SequenceTransformStatus = OK
Seq_Frame0084_Timestamp = 10.016
Seq_Frame0085_ForcepToReference-SequenceTransform =0.0815391 -0.602661 -0.793821 0.893812 0.994393 0.102997 0.0239469 161.574 0.0673295 -0.791323 0.60768 27.9765 0 0 0 1 
Seq_Frame0085_ForcepToReference-SequenceTransformStatus = OK
Seq_Frame0085_Timestamp = 10.117
Seq_Frame0086_ForcepToReference-SequenceTransform =0.0852905 -0.603475 -0.792808 0.884742 0.993784 0.108662 0.0241999 161.55 0.0715437 -0.789944 0.608991 27.8321 0 0 0 1 
Seq_Frame0086_ForcepToReference-SequenceTransformStatus = OK
Seq_Frame0086_Timestamp = 10.223
Seq_Frame0087_ForcepToReference-SequenceTransform =0.0827686 -0.597205 -0.797807 1.74298 0.992218 0.124109 0.0100351 162.213 0.0930219 -0.792429 0.60283 28.9389 0 0 0 1 
Seq_Frame0087_ForcepToReference-SequenceTransformStatus = OK
Seq_Frame0087_Timestamp = 10.331
Seq_Frame0088_ForcepToReference-SequenceTransform =0.101544 -0.591435 -0.799933 3.37287 0.992874 0.110668 0.0442128 160.448 0.0623776 -0.798722 0.598458 28.0495 0 0 0 1 
Seq_Frame0088_ForcepToReference-SequenceTransformStatus = OK
Seq_Frame0088_Timestamp = 10.44
Seq_Frame0089_ForcepToReference-SequenceTransform =0.0971716 -0.581436 -0.807768 3.80264 0.99243 0.117849 0.034557 161.834 0.0751023 -0.805011 0.588487 29.2282 0 0 0 1 
Seq_Frame0089_ForcepToReference-SequenceTransformStatus = OK
Seq_Frame0089_Timestamp = 10.541
Seq_Frame0090_ForcepToReference-SequenceTransform =0.0875229 -0.59101 -0.801902 2.27329 0.995513 0.0809454 0.0489968 160.801 0.0359526 -0.802593 0.595443 26.2947 0 0 0 1 
Seq_Frame0090_ForcepToReference-SequenceTransformStatus = OK
Seq_Frame0090_Timestamp = 10.647
Seq_Frame0091_ForcepToReference-SequenceTransform =0.0721373 -0.607628 -0.790939 -2.47074 0.997394 0.0446669 0.0566522 163.049 0.000905333 -0.792964 0.609267 21.2734 0 0 0 1 
Seq_Frame0091_ForcepToReference-SequenceTransformStatus = OK
Seq_Frame0091_Timestamp = 10.756
Seq_Frame0092_ForcepToReference-SequenceTransform =0.0601901 -0.625183 -0.778154 -7.26276 0.997533 0.00945272 0.0695646 168.282 -0.0361349 -0.780421 0.62421 15.6261 0 0 0 1 
Seq_Frame0092_ForcepToReference-SequenceTransformStatus = OK
Seq_Frame0092_Timestamp = 10.861
Seq_Frame0093_ForcepToReference-SequenceTransform =0.0446278 -0.62973 -0.775531 -3.64773 0.996521 -0.0266302 0.0789684 171.566 -0.0703814 -0.776357 0.626351 13.9613 0 0 0 1 
Seq_Frame0093_ForcepToReference-SequenceTransformStatus = OK
Seq_Frame0093_Timestamp = 10.973
Seq_Frame0094_ForcepToReference-SequenceTransform =0.00291006 -0.669256 -0.743026 9.5961 0.997582 -0.0496475 0.0486254 182.361 -0.0694322 -0.741371 0.667494 8.64603 0 0 0 1 
Seq_Frame0094_ForcepToReference-SequenceTransformStatus = OK
Seq_Frame0094_Timestamp = 11.081
Seq_Frame0095_ForcepToReference-SequenceTransform =0.182415 -0.636676 -0.749245 71.689 0.982667 0.0924539 0.160682 208.663 -0.0330316 -0.765569 0.642506 52.5674 0 0 0 1 
Seq_Frame0095_ForcepToReference-SequenceTransformStatus = OK
Seq_Frame0095_Timestamp = 14.991
Seq_Frame0096_ForcepToReference-SequenceTransform =0.136996 -0.597436 -0.790128 73.3329 0.990569 0.0808129 0.110644 208.434 -0.00225047 -0.797834 0.602873 58.9059 0 0 0 1 
Seq_Frame0096_ForcepToReference-SequenceTransformStatus = OK
Seq_Frame0096_Timestamp = 15.091
Seq_Frame0097_ForcepToReference-SequenceTransform =0.140339 -0.590565 -0.794694 74.5662 0.987746 0.138858 0.0712411 210.311 0.0682771 -0.794954 0.602816 68.5119 0 0 0 1 
Seq_Frame0097_ForcepToReference-SequenceTransformStatus = OK
Seq_Frame0097_Timestamp = 15.196
Seq_Frame0098_ForcepToReference-SequenceTransform =0.1402 -0.590039 -0.795109 73.6208 0.987379 0.143063 0.0679381 207.926 0.0736641 -0.794599 0.602649 71.886 0 0 0 1 
Seq_Frame0098_ForcepToReference-SequenceTransformStatus = OK
Seq_Frame0098_Timestamp = 15.302
Seq_Frame0099_ForcepToReference-SequenceTransform =0.144794 -0.599455 -0.787203 73.8258 0.988112 0.129142 0.0834063 206.338 0.0516627 -0.789921 0.611028 68.0854 0 0 0 1 
Seq_Frame0099_ForcepToReference-SequenceTransformStatus = OK
Seq_Frame0099_Timestamp = 15.411
Seq_Frame0100_ForcepToReference-SequenceTransform =0.150807 -0.599397 -0.786117 76.9653 0.9875 0.128212 0.0916816 206.743 0.0458357 -0.790117 0.61124 68.1267 0 0 0 1 
Seq_Frame0100_ForcepToReference-SequenceTransformStatus = OK
Seq_Frame0100_Timestamp = 15.516
Seq_Frame0101_ForcepToReference-SequenceTransform =0.0964965 0.472903 0.875815 90.8403 0.171612 0.858839 -0.482644 235.447 -0.980427 0.196874 0.00171918 78.412 0 0 0 1 
Seq_Frame0101_ForcepToReference-SequenceTransformStatus = OK
Seq_Frame0101_Timestamp = 16.611
Seq_Frame0102_ForcepToReference-SequenceTransform =0.211702 0.176395 0.961284 87.0041 0.477872 0.839301 -0.259252 259.302 -0.852538 0.514255 0.0933878 97.2662 0 0 0 1 
Seq_Frame0102_ForcepToReference-SequenceTransformStatus = OK
Seq_Frame0102_Timestamp = 16.787
Seq_Frame0103_ForcepToReference-SequenceTransform =0.242704 0.201677 0.948905 89.9226 0.404879 0.867829 -0.288003 266.274 -0.881571 0.454092 0.128971 92.3719 0 0 0 1 
Seq_Frame0103_ForcepToReference-SequenceTransformStatus = OK
Seq_Frame0103_Timestamp = 16.89
Seq_Frame0104_ForcepToReference-SequenceTransform =0.236448 0.200109 0.950815 88.2134 0.393592 0.874956 -0.282023 262.13 -0.888357 0.440917 0.128121 89.1618 0 0 0 1 
Seq_Frame0104_ForcepToReference-SequenceTransformStatus = OK
Seq_Frame0104_Timestamp = 16.991
Seq_Frame0105_ForcepToReference-SequenceTransform =0.248971 0.190363 0.949619 88.1821 0.366907 0.888872 -0.274381 261.731 -0.896322 0.416735 0.151458 87.9955 0 0 0 1 
Seq_Frame0105_ForcepToReference-SequenceTransformStatus = OK
Seq_Frame0105_Timestamp = 17.096
Seq_Frame0106_ForcepToReference-SequenceTransform =0.288256 0.0957538 0.952754 88.2188 0.435145 0.873216 -0.219414 268.247 -0.852969 0.477834 0.210043 101.341 0 0 0 1 
Seq_Frame0106_ForcepToReference-SequenceTransformStatus = OK
Seq_Frame0106_Timestamp = 17.197
Seq_Frame0107_ForcepToReference-SequenceTransform =0.348019 -0.0501086 0.936147 86.9796 0.572008 0.802503 -0.169693 272.58 -0.742758 0.59454 0.307949 123.642 0 0 0 1 
Seq_Frame0107_ForcepToReference-SequenceTransformStatus = OK
Seq_Frame0107_Timestamp = 17.301
Seq_Frame0108_ForcepToReference-SequenceTransform =0.355682 -0.137364 0.924457 84.4544 0.68226 0.714191 -0.156376 278.655 -0.638758 0.68634 0.347743 136.361 0 0 0 1 
Seq_Frame0108_ForcepToReference-SequenceTransformStatus = OK
Seq_Frame0108_Timestamp = 17.402
Seq_Frame0109_ForcepToReference-SequenceTransform =-0.820144 0.111093 -0.561268 64.8171 0.414281 0.791905 -0.448618 266.894 0.394632 -0.600454 -0.6955 190.551 0 0 0 1 
Seq_Frame0109_ForcepToReference-SequenceTransformStatus = OK
Seq_Frame0109_Timestamp = 17.906
Seq_Frame0110_ForcepToReference-SequenceTransform =-0.887826 0.00479998 -0.460154 53.8339 0.301848 0.760851 -0.574451 271.079 0.347351 -0.648909 -0.676952 193.022 0 0 0 1 
Seq_Frame0110_ForcepToReference-SequenceTransformStatus = OK
Seq_Frame0110_Timestamp = 18.011
Seq_Frame0111_ForcepToReference-SequenceTransform =-0.896519 -0.0125513 -0.442828 51.5724 0.278668 0.761083 -0.585744 270.15 0.344381 -0.648533 -0.678828 193.266 0 0 0 1 
Seq_Frame0111_ForcepToReference-SequenceTransformStatus = OK
Seq_Frame0111_Timestamp = 18.972
Seq_Frame0112_ForcepToReference-SequenceTransform =-0.896519 -0.0125513 -0.442828 51.5724 0.278668 0.761083 -0.585744 270.15 0.344381 -0.648533 -0.678828 193.266 0 0 0 1 
Seq_Frame0112_ForcepToReference-SequenceTransformStatus = OK
Seq_Frame0112_Timestamp = 19.122
Seq_Frame0113_ForcepToReference-SequenceTransform =-0.94864 -0.0635728 -0.309905 33.0646 0.138733 0.796785 -0.588122 246.783 0.284316 -0.60091 -0.747042 193.251 0 0 0 1 
Seq_Frame0113_ForcepToReference-SequenceTransformStatus = OK
Seq_Frame0113_Timestamp = 19.461
Seq_Frame0114_ForcepToReference-SequenceTransform =0.124544 -0.690631 0.712403 23.4303 0.988232 0.0220817 -0.151358 249.001 0.0888012 0.72287 0.685254 189.396 0 0 0 1 
Seq_Frame0114_ForcepToReference-SequenceTransformStatus = OK
Seq_Frame0114_Timestamp = 20.317
Seq_Frame0115_ForcepToReference-SequenceTransform =0.150613 -0.612422 0.776051 29.5484 0.965016 0.261497 0.0190751 262.301 -0.214617 0.746028 0.630382 165.617 0 0 0 1 
Seq_Frame0115_ForcepToReference-SequenceTransformStatus = OK
Seq_Frame0115_Timestamp = 20.424
Seq_Frame0116_ForcepToReference-SequenceTransform =-0.822771 -0.177768 -0.539857 42.8088 0.485341 0.274563 -0.830096 275.312 0.295789 -0.944994 -0.139624 96.2724 0 0 0 1 
Seq_Frame0116_ForcepToReference-SequenceTransformStatus = OK
Seq_Frame0116_Timestamp = 20.596
Seq_Frame0117_ForcepToReference-SequenceTransform =-0.756498 -0.237617 -0.609302 38.9182 0.599134 0.121718 -0.791342 274.859 0.262199 -0.963703 0.0502846 63.461 0 0 0 1 
Seq_Frame0117_ForcepToReference-SequenceTransformStatus = OK
Seq_Frame0117_Timestamp = 20.698
Seq_Frame0118_ForcepToReference-SequenceTransform =-0.701613 -0.291837 -0.650054 31.6944 0.682034 -0.0108905 -0.731239 269.662 0.206323 -0.956406 0.206683 46.9291 0 0 0 1 
Seq_Frame0118_ForcepToReference-SequenceTransformStatus = OK
Seq_Frame0118_Timestamp = 20.807
Seq_Frame0119_ForcepToReference-SequenceTransform =-0.65478 -0.30033 -0.693588 31.6512 0.73331 -0.0301436 -0.679226 263.133 0.183085 -0.953359 0.239972 47.1637 0 0 0 1 
Seq_Frame0119_ForcepToReference-SequenceTransformStatus = OK
Seq_Frame0119_Timestamp = 20.911
Seq_Frame0120_ForcepToReference-SequenceTransform =-0.613725 -0.294694 -0.73246 33.5749 0.773726 -0.0398546 -0.632266 258.897 0.157133 -0.95476 0.252472 45.2391 0 0 0 1 
Seq_Frame0120_ForcepToReference-SequenceTransformStatus = OK
Seq_Frame0120_Timestamp = 21.015
Seq_Frame0121_ForcepToReference-SequenceTransform =-0.597482 -0.291413 -0.747056 32.9891 0.791475 -0.0647043 -0.607767 256.961 0.128774 -0.954406 0.269306 46.698 0 0 0 1 
Seq_Frame0121_ForcepToReference-SequenceTransformStatus = OK
Seq_Frame0121_Timestamp = 21.117
Seq_Frame0122_ForcepToReference-SequenceTransform =-0.571199 -0.300945 -0.763651 31.9194 0.814037 -0.0884167 -0.574044 254.688 0.105236 -0.949534 0.295484 44.0861 0 0 0 1 
Seq_Frame0122_ForcepToReference-SequenceTransformStatus = OK
Seq_Frame0122_Timestamp = 21.221
Seq_Frame0123_ForcepToReference-SequenceTransform =-0.542722 -0.289933 -0.788284 32.0069 0.833916 -0.0740576 -0.5469 251.039 0.100186 -0.954177 0.281972 37.0584 0 0 0 1 
Seq_Frame0123_ForcepToReference-SequenceTransformStatus = OK
Seq_Frame0123_Timestamp = 21.321
Seq_Frame0124_ForcepToReference-SequenceTransform =-0.540444 -0.283218 -0.79228 31.9615 0.835801 -0.0724538 -0.54423 250.599 0.0967324 -0.956315 0.275872 36.1313 0 0 0 1 
Seq_Frame0124_ForcepToReference-SequenceTransformStatus = OK
Seq_Frame0124_Timestamp = 21.676
Seq_Frame0125_ForcepToReference-SequenceTransform =-0.540444 -0.283218 -0.79228 31.9615 0.835801 -0.0724538 -0.54423 250.599 0.0967324 -0.956315 0.275872 36.1313 0 0 0 1 
Seq_Frame0125_ForcepToReference-SequenceTransformStatus = OK
Seq_Frame0125_Timestamp = 21.887
Seq_Frame0126_ForcepToReference-SequenceTransform =-0.441998 -0.331077 -0.833682 34.4362 0.89641 -0.128869 -0.424077 241.493 0.0329664 -0.934762 0.353741 37.0983 0 0 0 1 
Seq_Frame0126_ForcepToReference-SequenceTransformStatus = OK
Seq_Frame0126_Timestamp = 21.997
Seq_Frame0127_ForcepToReference-SequenceTransform =-0.441814 -0.319848 -0.838151 34.8859 0.89674 -0.130757 -0.4228 241.667 0.0256379 -0.938403 0.344591 38.4912 0 0 0 1 
Seq_Frame0127_ForcepToReference-SequenceTransformStatus = OK
Seq_Frame0127_Timestamp = 22.102
Seq_Frame0128_ForcepToReference-SequenceTransform =-0.445692 -0.30387 -0.842034 34.5005 0.89448 -0.113796 -0.432385 241.518 0.0355692 -0.945893 0.322524 40.4842 0 0 0 1 
Seq_Frame0128_ForcepToReference-SequenceTransformStatus = OK
Seq_Frame0128_Timestamp = 22.206
Seq_Frame0129_ForcepToReference-SequenceTransform =-0.453215 -0.296426 -0.840671 32.8533 0.888809 -0.0784032 -0.451521 241.137 0.0679315 -0.951832 0.299 41.3125 0 0 0 1 
Seq_Frame0129_ForcepToReference-SequenceTransformStatus = OK
Seq_Frame0129_Timestamp = 22.312
Seq_Frame0130_ForcepToReference-SequenceTransform =-0.434531 -0.336478 -0.835443 31.1834 0.899244 -0.110146 -0.423353 238.812 0.0504283 -0.935228 0.350437 38.2805 0 0 0 1 
Seq_Frame0130_ForcepToReference-SequenceTransformStatus = OK
Seq_Frame0130_Timestamp = 22.423
Seq_Frame0131_ForcepToReference-SequenceTransform =-0.422971 -0.362313 -0.830557 30.2619 0.905379 -0.131341 -0.40378 236.584 0.0372089 -0.922756 0.383584 31.5674 0 0 0 1 
Seq_Frame0131_ForcepToReference-SequenceTransformStatus = OK
Seq_Frame0131_Timestamp = 22.531
Seq_Frame0132_ForcepToReference-SequenceTransform =-0.421571 -0.385512 -0.820767 30.0927 0.90625 -0.147714 -0.396096 235.563 0.0314611 -0.910802 0.411642 29.2771 0 0 0 1 
Seq_Frame0132_ForcepToReference-SequenceTransformStatus = OK
Seq_Frame0132_Timestamp = 22.637
Seq_Frame0133_ForcepToReference-SequenceTransform =-0.417164 -0.393488 -0.819232 32.2625 0.90789 -0.139414 -0.395347 234.919 0.0413519 -0.908697 0.415403 30.6283 0 0 0 1 
Seq_Frame0133_ForcepToReference-SequenceTransformStatus = OK
Seq_Frame0133_Timestamp = 22.746
Seq_Frame0134_ForcepToReference-SequenceTransform =-0.407323 -0.396211 -0.822864 35.1039 0.910786 -0.109633 -0.398056 235.369 0.0675011 -0.911591 0.405519 32.549 0 0 0 1 
Seq_Frame0134_ForcepToReference-SequenceTransformStatus = OK
Seq_Frame0134_Timestamp = 22.852
Seq_Frame0135_ForcepToReference-SequenceTransform =-0.387064 -0.397967 -0.831747 39.9167 0.917237 -0.0741115 -0.391387 232.295 0.0941172 -0.914401 0.393716 37.0063 0 0 0 1 
Seq_Frame0135_ForcepToReference-SequenceTransformStatus = OK
Seq_Frame0135_Timestamp = 22.961
Seq_Frame0136_ForcepToReference-SequenceTransform =-0.376768 -0.40354 -0.833787 41.0636 0.9218 -0.0746448 -0.380412 229.467 0.0912734 -0.911912 0.400106 38.3912 0 0 0 1 
Seq_Frame0136_ForcepToReference-SequenceTransformStatus = OK
Seq_Frame0136_Timestamp = 23.062
Seq_Frame0137_ForcepToReference-SequenceTransform =-0.365023 -0.409663 -0.836023 41.8619 0.926035 -0.0671536 -0.371417 226.596 0.0960138 -0.909762 0.403875 37.1071 0 0 0 1 
Seq_Frame0137_ForcepToReference-SequenceTransformStatus = OK
Seq_Frame0137_Timestamp = 23.172
Seq_Frame0138_ForcepToReference-SequenceTransform =-0.352118 -0.420442 -0.836207 43.5695 0.931433 -0.0696864 -0.357178 225.091 0.0919007 -0.904639 0.416152 37.6598 0 0 0 1 
Seq_Frame0138_ForcepToReference-SequenceTransformStatus = OK
Seq_Frame0138_Timestamp = 23.274
Seq_Frame0139_ForcepToReference-SequenceTransform =-0.351488 -0.416302 -0.83854 43.9815 0.931572 -0.0666461 -0.357397 223.446 0.0928997 -0.906781 0.41124 37.422 0 0 0 1 
Seq_Frame0139_ForcepToReference-SequenceTransformStatus = OK
Seq_Frame0139_Timestamp = 23.376
Seq_Frame0140_ForcepToReference-SequenceTransform =-0.345786 -0.418221 -0.839954 45.4824 0.93424 -0.0701286 -0.349683 222.178 0.08734 -0.905634 0.414968 39.5835 0 0 0 1 
Seq_Frame0140_ForcepToReference-SequenceTransformStatus = OK
Seq_Frame0140_Timestamp = 23.481
Seq_Frame0141_ForcepToReference-SequenceTransform =-0.345767 -0.419429 -0.839359 44.6596 0.935024 -0.0791003 -0.345649 222.148 0.0785818 -0.904335 0.419527 37.7525 0 0 0 1 
Seq_Frame0141_ForcepToReference-SequenceTransformStatus = OK
Seq_Frame0141_Timestamp = 23.589
Seq_Frame0142_ForcepToReference-SequenceTransform =-0.348218 -0.411072 -0.842475 44.999 0.934526 -0.0817377 -0.346382 223.044 0.0735259 -0.907931 0.41262 39.4053 0 0 0 1 
Seq_Frame0142_ForcepToReference-SequenceTransformStatus = OK
Seq_Frame0142_Timestamp = 23.698
Seq_Frame0143_ForcepToReference-SequenceTransform =-0.353605 -0.397305 -0.846825 46.7217 0.93159 -0.0680042 -0.357094 225.327 0.0842875 -0.915163 0.394172 44.15 0 0 0 1 
Seq_Frame0143_ForcepToReference-SequenceTransformStatus = OK
Seq_Frame0143_Timestamp = 23.798
Seq_Frame0144_ForcepToReference-SequenceTransform =-0.364841 -0.333032 -0.869471 52.848 0.927257 -0.0455349 -0.371647 226.478 0.0841792 -0.941815 0.32542 57.9674 0 0 0 1 
Seq_Frame0144_ForcepToReference-SequenceTransformStatus = OK
Seq_Frame0144_Timestamp = 23.901
Seq_Frame0145_ForcepToReference-SequenceTransform =-0.35348 -0.291102 -0.888995 63.889 0.928993 0.00216096 -0.370091 226.803 0.109655 -0.95669 0.269668 77.2884 0 0 0 1 
Seq_Frame0145_ForcepToReference-SequenceTransformStatus = OK
Seq_Frame0145_Timestamp = 24.002
Seq_Frame0146_ForcepToReference-SequenceTransform =-0.373539 -0.284447 -0.882926 73.0007 0.914384 0.0472783 -0.402079 228.575 0.156113 -0.957525 0.242433 87.9122 0 0 0 1 
Seq_Frame0146_ForcepToReference-SequenceTransformStatus = OK
Seq_Frame0146_Timestamp = 24.107
Seq_Frame0147_ForcepToReference-SequenceTransform =-0.440624 -0.273629 -0.854972 75.9441 0.875177 0.0810291 -0.476969 229.753 0.19979 -0.958416 0.203771 94.8389 0 0 0 1 
Seq_Frame0147_ForcepToReference-SequenceTransformStatus = OK
Seq_Frame0147_Timestamp = 24.211
Seq_Frame0148_ForcepToReference-SequenceTransform =-0.490808 -0.264102 -0.830276 73.888 0.845971 0.0835082 -0.526649 228.861 0.208424 -0.960873 0.182436 100.228 0 0 0 1 
Seq_Frame0148_ForcepToReference-SequenceTransformStatus = OK
Seq_Frame0148_Timestamp = 24.312
Seq_Frame0149_ForcepToReference-SequenceTransform =-0.528128 -0.25382 -0.810343 69.9049 0.827161 0.06206 -0.558528 231.886 0.192056 -0.965258 0.177175 94.4696 0 0 0 1 
Seq_Frame0149_ForcepToReference-SequenceTransformStatus = OK
Seq_Frame0149_Timestamp = 24.416
