ObjectType = Image
NDims = 3
AnatomicalOrientation = RAI
BinaryData = True
CompressedData = False
DimSize = 0 0 3136
ElementSpacing = 1 1 1
Offset = 0 0 0
TransformMatrix = 1 0 0 0 1 0 0 0 1
ElementType = MET_UCHAR
Kinds = domain domain list
Seq_Frame0000_ForcepToReference-SequenceTransform =0.581212 0.745032 -0.327292 -10.6129 -0.812773 0.511763 -0.278387 48.5486 -0.0399113 0.427815 0.902985 87.1279 0 0 0 1 
Seq_Frame0000_ForcepToReference-SequenceTransformStatus = OK
Seq_Frame0000_Timestamp = 0.00999999
Seq_Frame0001_ForcepToReference-SequenceTransform =0.581401 0.744999 -0.32703 -10.6027 -0.812661 0.512264 -0.277791 48.5484 -0.039429 0.427272 0.903263 87.1314 0 0 0 1 
Seq_Frame0001_ForcepToReference-SequenceTransformStatus = OK
Seq_Frame0001_Timestamp = 0.115
Seq_Frame0002_ForcepToReference-SequenceTransform =0.581079 0.745048 -0.327491 -10.6036 -0.812877 0.511687 -0.278222 48.6168 -0.0397159 0.427879 0.902963 87.0987 0 0 0 1 
Seq_Frame0002_ForcepToReference-SequenceTransformStatus = OK
Seq_Frame0002_Timestamp = 0.225
Seq_Frame0003_ForcepToReference-SequenceTransform =0.58101 0.745029 -0.327657 -10.604 -0.812942 0.511733 -0.277946 48.5643 -0.0394051 0.427856 0.902987 87.108 0 0 0 1 
Seq_Frame0003_ForcepToReference-SequenceTransformStatus = OK
Seq_Frame0003_Timestamp = 0.337
Seq_Frame0004_ForcepToReference-SequenceTransform =0.581344 0.744878 -0.327407 -10.6062 -0.81271 0.512167 -0.277826 48.6217 -0.0392592 0.4276 0.903115 87.0537 0 0 0 1 
Seq_Frame0004_ForcepToReference-SequenceTransformStatus = OK
Seq_Frame0004_Timestamp = 0.455
Seq_Frame0005_ForcepToReference-SequenceTransform =0.580625 0.745083 -0.328217 -10.5998 -0.813193 0.510954 -0.278646 48.5379 -0.0399106 0.428693 0.902568 87.0533 0 0 0 1 
Seq_Frame0005_ForcepToReference-SequenceTransformStatus = OK
Seq_Frame0005_Timestamp = 0.565
Seq_Frame0006_ForcepToReference-SequenceTransform =0.581337 0.744894 -0.327385 -10.6102 -0.812735 0.512384 -0.277353 48.6034 -0.0388516 0.427312 0.903269 87.128 0 0 0 1 
Seq_Frame0006_ForcepToReference-SequenceTransformStatus = OK
Seq_Frame0006_Timestamp = 0.675
Seq_Frame0007_ForcepToReference-SequenceTransform =0.581624 0.744927 -0.326799 -10.6072 -0.812476 0.512253 -0.27835 48.5748 -0.0399464 0.427411 0.903174 87.1369 0 0 0 1 
Seq_Frame0007_ForcepToReference-SequenceTransformStatus = OK
Seq_Frame0007_Timestamp = 0.785
Seq_Frame0008_ForcepToReference-SequenceTransform =0.581568 0.745042 -0.326634 -10.6121 -0.812487 0.511967 -0.278843 48.5605 -0.0405239 0.427553 0.903082 87.1259 0 0 0 1 
Seq_Frame0008_ForcepToReference-SequenceTransformStatus = OK
Seq_Frame0008_Timestamp = 0.895
Seq_Frame0009_ForcepToReference-SequenceTransform =0.581561 0.745015 -0.32671 -10.5955 -0.812553 0.512578 -0.277528 48.61 -0.039298 0.426869 0.903459 87.1412 0 0 0 1 
Seq_Frame0009_ForcepToReference-SequenceTransformStatus = OK
Seq_Frame0009_Timestamp = 1
Seq_Frame0010_ForcepToReference-SequenceTransform =0.581245 0.745026 -0.327245 -10.6133 -0.812739 0.511703 -0.278595 48.5489 -0.0401086 0.427897 0.902937 87.1169 0 0 0 1 
Seq_Frame0010_ForcepToReference-SequenceTransformStatus = OK
Seq_Frame0010_Timestamp = 1.11
Seq_Frame0011_ForcepToReference-SequenceTransform =0.581419 0.745014 -0.326966 -10.6014 -0.812634 0.512145 -0.27809 48.5668 -0.0397265 0.42739 0.903194 87.1419 0 0 0 1 
Seq_Frame0011_ForcepToReference-SequenceTransformStatus = OK
Seq_Frame0011_Timestamp = 1.215
Seq_Frame0012_ForcepToReference-SequenceTransform =0.581478 0.74497 -0.326961 -10.5965 -0.812595 0.512232 -0.278042 48.5902 -0.0396531 0.427363 0.90321 87.0957 0 0 0 1 
Seq_Frame0012_ForcepToReference-SequenceTransformStatus = OK
Seq_Frame0012_Timestamp = 1.325
Seq_Frame0013_ForcepToReference-SequenceTransform =0.581995 0.745023 -0.32592 -10.6033 -0.812253 0.513327 -0.277022 48.6505 -0.0390841 0.425954 0.9039 87.0852 0 0 0 1 
Seq_Frame0013_ForcepToReference-SequenceTransformStatus = OK
Seq_Frame0013_Timestamp = 1.43
Seq_Frame0014_ForcepToReference-SequenceTransform =0.58124 0.745065 -0.327166 -10.599 -0.812757 0.511877 -0.278222 48.5471 -0.039825 0.42762 0.903081 87.2087 0 0 0 1 
Seq_Frame0014_ForcepToReference-SequenceTransformStatus = OK
Seq_Frame0014_Timestamp = 1.54
Seq_Frame0015_ForcepToReference-SequenceTransform =0.581334 0.744968 -0.327222 -10.614 -0.812693 0.511956 -0.278266 48.6048 -0.039776 0.427696 0.903047 87.0816 0 0 0 1 
Seq_Frame0015_ForcepToReference-SequenceTransformStatus = OK
Seq_Frame0015_Timestamp = 1.645
Seq_Frame0016_ForcepToReference-SequenceTransform =0.581181 0.74512 -0.327145 -10.5966 -0.812801 0.511859 -0.278128 48.5643 -0.0397865 0.427546 0.903118 87.1405 0 0 0 1 
Seq_Frame0016_ForcepToReference-SequenceTransformStatus = OK
Seq_Frame0016_Timestamp = 1.755
Seq_Frame0017_ForcepToReference-SequenceTransform =0.581374 0.744889 -0.327328 -10.612 -0.812708 0.512434 -0.277339 48.5921 -0.0388523 0.42726 0.903294 87.1411 0 0 0 1 
Seq_Frame0017_ForcepToReference-SequenceTransformStatus = OK
Seq_Frame0017_Timestamp = 1.865
Seq_Frame0018_ForcepToReference-SequenceTransform =0.580431 0.745019 -0.328706 -10.6207 -0.8134 0.511373 -0.277269 48.5997 -0.0384792 0.428304 0.902815 87.0926 0 0 0 1 
Seq_Frame0018_ForcepToReference-SequenceTransformStatus = OK
Seq_Frame0018_Timestamp = 1.975
Seq_Frame0019_ForcepToReference-SequenceTransform =0.581228 0.744993 -0.327352 -10.5994 -0.812814 0.512323 -0.277235 48.6041 -0.0388281 0.427213 0.903317 87.1576 0 0 0 1 
Seq_Frame0019_ForcepToReference-SequenceTransformStatus = OK
Seq_Frame0019_Timestamp = 2.085
Seq_Frame0020_ForcepToReference-SequenceTransform =0.580755 0.744969 -0.328245 -10.613 -0.813126 0.51134 -0.278131 48.598 -0.0393536 0.428431 0.902717 87.0776 0 0 0 1 
Seq_Frame0020_ForcepToReference-SequenceTransformStatus = OK
Seq_Frame0020_Timestamp = 2.19
Seq_Frame0021_ForcepToReference-SequenceTransform =0.578385 0.745697 -0.330767 -10.6063 -0.815161 0.512731 -0.269479 48.6615 -0.0313557 0.425491 0.904419 86.8772 0 0 0 1 
Seq_Frame0021_ForcepToReference-SequenceTransformStatus = OK
Seq_Frame0021_Timestamp = 2.3
Seq_Frame0022_ForcepToReference-SequenceTransform =0.581417 0.744883 -0.327266 -10.5972 -0.812687 0.512594 -0.277106 48.6236 -0.0386568 0.427079 0.903387 87.1171 0 0 0 1 
Seq_Frame0022_ForcepToReference-SequenceTransformStatus = OK
Seq_Frame0022_Timestamp = 2.411
Seq_Frame0023_ForcepToReference-SequenceTransform =0.580915 0.745088 -0.327691 -10.5868 -0.813012 0.511674 -0.277851 48.5911 -0.0393525 0.427825 0.903004 87.1177 0 0 0 1 
Seq_Frame0023_ForcepToReference-SequenceTransformStatus = OK
Seq_Frame0023_Timestamp = 2.52
Seq_Frame0024_ForcepToReference-SequenceTransform =0.581013 0.745008 -0.327701 -10.5957 -0.812943 0.511748 -0.277917 48.5736 -0.0393499 0.427875 0.902981 87.1546 0 0 0 1 
Seq_Frame0024_ForcepToReference-SequenceTransformStatus = OK
Seq_Frame0024_Timestamp = 2.625
Seq_Frame0025_ForcepToReference-SequenceTransform =0.577429 0.744384 -0.335364 -10.6006 -0.815714 0.508664 -0.275448 48.5905 -0.0344516 0.432613 0.900921 87.249 0 0 0 1 
Seq_Frame0025_ForcepToReference-SequenceTransformStatus = OK
Seq_Frame0025_Timestamp = 2.735
Seq_Frame0026_ForcepToReference-SequenceTransform =0.580716 0.744913 -0.328441 -10.6052 -0.8132 0.51173 -0.277198 48.5978 -0.0384158 0.428061 0.902933 87.108 0 0 0 1 
Seq_Frame0026_ForcepToReference-SequenceTransformStatus = OK
Seq_Frame0026_Timestamp = 2.84
Seq_Frame0027_ForcepToReference-SequenceTransform =0.581384 0.745068 -0.326905 -10.6078 -0.812729 0.512904 -0.276409 48.6127 -0.0382722 0.426385 0.903732 87.0889 0 0 0 1 
Seq_Frame0027_ForcepToReference-SequenceTransformStatus = OK
Seq_Frame0027_Timestamp = 2.951
Seq_Frame0028_ForcepToReference-SequenceTransform =0.582332 0.744906 -0.325583 -10.6196 -0.812045 0.514095 -0.276204 48.6865 -0.0383652 0.425231 0.904271 86.9329 0 0 0 1 
Seq_Frame0028_ForcepToReference-SequenceTransformStatus = OK
Seq_Frame0028_Timestamp = 3.055
Seq_Frame0029_ForcepToReference-SequenceTransform =0.581594 0.745064 -0.326539 -10.6033 -0.812524 0.512616 -0.27754 48.6021 -0.0393959 0.426737 0.903517 87.0798 0 0 0 1 
Seq_Frame0029_ForcepToReference-SequenceTransformStatus = OK
Seq_Frame0029_Timestamp = 3.165
Seq_Frame0030_ForcepToReference-SequenceTransform =0.582154 0.744976 -0.325742 -10.6316 -0.812076 0.512848 -0.278423 48.5624 -0.0403626 0.426613 0.903533 87.0989 0 0 0 1 
Seq_Frame0030_ForcepToReference-SequenceTransformStatus = OK
Seq_Frame0030_Timestamp = 3.27
Seq_Frame0031_ForcepToReference-SequenceTransform =0.581293 0.745109 -0.326973 -10.5807 -0.812729 0.512096 -0.277902 48.5878 -0.039626 0.427283 0.903249 87.1216 0 0 0 1 
Seq_Frame0031_ForcepToReference-SequenceTransformStatus = OK
Seq_Frame0031_Timestamp = 3.38
Seq_Frame0032_ForcepToReference-SequenceTransform =0.581237 0.744395 -0.328693 -10.5915 -0.812838 0.512169 -0.277448 48.6301 -0.0381848 0.428438 0.902764 87.1338 0 0 0 1 
Seq_Frame0032_ForcepToReference-SequenceTransformStatus = OK
Seq_Frame0032_Timestamp = 3.486
Seq_Frame0033_ForcepToReference-SequenceTransform =0.581978 0.745485 -0.324891 -10.5377 -0.812162 0.512613 -0.278603 48.4436 -0.0411513 0.426005 0.903784 87.298 0 0 0 1 
Seq_Frame0033_ForcepToReference-SequenceTransformStatus = OK
Seq_Frame0033_Timestamp = 3.595
Seq_Frame0034_ForcepToReference-SequenceTransform =0.581799 0.744938 -0.326462 -10.599 -0.812258 0.511542 -0.280288 48.5847 -0.0417982 0.428243 0.902696 87.1027 0 0 0 1 
Seq_Frame0034_ForcepToReference-SequenceTransformStatus = OK
Seq_Frame0034_Timestamp = 3.7
Seq_Frame0035_ForcepToReference-SequenceTransform =0.58088 0.74476 -0.3285 -10.6294 -0.812928 0.510177 -0.280835 48.5353 -0.0415618 0.430178 0.901787 87.0849 0 0 0 1 
Seq_Frame0035_ForcepToReference-SequenceTransformStatus = OK
Seq_Frame0035_Timestamp = 3.81
Seq_Frame0036_ForcepToReference-SequenceTransform =0.582307 0.744913 -0.325611 -10.5931 -0.81187 0.512016 -0.280549 48.5951 -0.0422663 0.42772 0.902923 87.1181 0 0 0 1 
Seq_Frame0036_ForcepToReference-SequenceTransformStatus = OK
Seq_Frame0036_Timestamp = 3.921
Seq_Frame0037_ForcepToReference-SequenceTransform =0.58247 0.744874 -0.32541 -10.6037 -0.811901 0.513774 -0.277222 48.679 -0.0393085 0.425674 0.904022 87.0573 0 0 0 1 
Seq_Frame0037_ForcepToReference-SequenceTransformStatus = OK
Seq_Frame0037_Timestamp = 4.025
Seq_Frame0038_ForcepToReference-SequenceTransform =0.581116 0.74499 -0.327557 -10.6107 -0.812916 0.512402 -0.276788 48.625 -0.0383638 0.427122 0.90338 87.1272 0 0 0 1 
Seq_Frame0038_ForcepToReference-SequenceTransformStatus = OK
Seq_Frame0038_Timestamp = 4.135
Seq_Frame0039_ForcepToReference-SequenceTransform =0.581778 0.74512 -0.326083 -10.5654 -0.812311 0.512064 -0.27918 48.5248 -0.0410474 0.427301 0.903177 87.1738 0 0 0 1 
Seq_Frame0039_ForcepToReference-SequenceTransformStatus = OK
Seq_Frame0039_Timestamp = 4.245
Seq_Frame0040_ForcepToReference-SequenceTransform =0.581203 0.745202 -0.326921 -10.559 -0.812768 0.51177 -0.278389 48.5185 -0.0401481 0.427511 0.903118 87.1485 0 0 0 1 
Seq_Frame0040_ForcepToReference-SequenceTransformStatus = OK
Seq_Frame0040_Timestamp = 4.35
Seq_Frame0041_ForcepToReference-SequenceTransform =0.581119 0.745134 -0.327224 -10.5692 -0.812826 0.511576 -0.278574 48.5144 -0.0401749 0.427861 0.902951 87.1564 0 0 0 1 
Seq_Frame0041_ForcepToReference-SequenceTransformStatus = OK
Seq_Frame0041_Timestamp = 4.451
Seq_Frame0042_ForcepToReference-SequenceTransform =0.580906 0.745138 -0.327594 -10.5612 -0.813014 0.511651 -0.277888 48.5491 -0.0394511 0.427766 0.903028 87.1189 0 0 0 1 
Seq_Frame0042_ForcepToReference-SequenceTransformStatus = OK
Seq_Frame0042_Timestamp = 4.555
Seq_Frame0043_ForcepToReference-SequenceTransform =0.580389 0.745011 -0.328796 -10.608 -0.813435 0.511369 -0.277172 48.5844 -0.0383599 0.428322 0.902812 87.0652 0 0 0 1 
Seq_Frame0043_ForcepToReference-SequenceTransformStatus = OK
Seq_Frame0043_Timestamp = 4.661
Seq_Frame0044_ForcepToReference-SequenceTransform =0.581304 0.744998 -0.327206 -10.6121 -0.812749 0.512322 -0.277426 48.5778 -0.0390467 0.427205 0.903311 87.0678 0 0 0 1 
Seq_Frame0044_ForcepToReference-SequenceTransformStatus = OK
Seq_Frame0044_Timestamp = 4.77
Seq_Frame0045_ForcepToReference-SequenceTransform =0.581153 0.745076 -0.327297 -10.5918 -0.812844 0.512029 -0.277687 48.5503 -0.0393116 0.42742 0.903198 87.0989 0 0 0 1 
Seq_Frame0045_ForcepToReference-SequenceTransformStatus = OK
Seq_Frame0045_Timestamp = 4.875
Seq_Frame0046_ForcepToReference-SequenceTransform =0.580797 0.745052 -0.327982 -10.5941 -0.813134 0.511881 -0.277112 48.602 -0.0385751 0.427639 0.903126 87.059 0 0 0 1 
Seq_Frame0046_ForcepToReference-SequenceTransformStatus = OK
Seq_Frame0046_Timestamp = 4.98
Seq_Frame0047_ForcepToReference-SequenceTransform =0.58086 0.744943 -0.328118 -10.6132 -0.813108 0.512098 -0.276786 48.6075 -0.0381613 0.427569 0.903177 87.0666 0 0 0 1 
Seq_Frame0047_ForcepToReference-SequenceTransformStatus = OK
Seq_Frame0047_Timestamp = 5.085
Seq_Frame0048_ForcepToReference-SequenceTransform =0.580406 0.745023 -0.328738 -10.586 -0.813397 0.511112 -0.277758 48.5797 -0.0389139 0.428607 0.902653 87.1188 0 0 0 1 
Seq_Frame0048_ForcepToReference-SequenceTransformStatus = OK
Seq_Frame0048_Timestamp = 5.195
Seq_Frame0049_ForcepToReference-SequenceTransform =0.581006 0.745003 -0.327722 -10.576 -0.812934 0.51159 -0.278233 48.5943 -0.039625 0.428071 0.902876 87.037 0 0 0 1 
Seq_Frame0049_ForcepToReference-SequenceTransformStatus = OK
Seq_Frame0049_Timestamp = 5.3
Seq_Frame0050_ForcepToReference-SequenceTransform =0.581567 0.744985 -0.326767 -10.5804 -0.812521 0.512266 -0.278194 48.5704 -0.039859 0.427294 0.903234 87.0991 0 0 0 1 
Seq_Frame0050_ForcepToReference-SequenceTransformStatus = OK
Seq_Frame0050_Timestamp = 5.41
Seq_Frame0051_ForcepToReference-SequenceTransform =0.58157 0.744974 -0.326787 -10.5989 -0.812513 0.512201 -0.278338 48.5929 -0.0399736 0.427392 0.903182 87.0796 0 0 0 1 
Seq_Frame0051_ForcepToReference-SequenceTransformStatus = OK
Seq_Frame0051_Timestamp = 5.515
Seq_Frame0052_ForcepToReference-SequenceTransform =0.581219 0.745007 -0.327336 -10.6013 -0.81277 0.511783 -0.278356 48.5527 -0.0398517 0.427835 0.902978 87.157 0 0 0 1 
Seq_Frame0052_ForcepToReference-SequenceTransformStatus = OK
Seq_Frame0052_Timestamp = 5.62
Seq_Frame0053_ForcepToReference-SequenceTransform =0.581806 0.744741 -0.326898 -10.6006 -0.812343 0.512335 -0.278588 48.5962 -0.0399944 0.427638 0.903065 87.0892 0 0 0 1 
Seq_Frame0053_ForcepToReference-SequenceTransformStatus = OK
Seq_Frame0053_Timestamp = 5.725
Seq_Frame0054_ForcepToReference-SequenceTransform =0.582488 0.744704 -0.325765 -10.5807 -0.811826 0.512996 -0.278879 48.5865 -0.0405661 0.426908 0.903385 87.1928 0 0 0 1 
Seq_Frame0054_ForcepToReference-SequenceTransformStatus = OK
Seq_Frame0054_Timestamp = 5.83
Seq_Frame0055_ForcepToReference-SequenceTransform =0.582118 0.744457 -0.326989 -10.6069 -0.812038 0.511685 -0.280666 48.5833 -0.0416288 0.428908 0.902388 87.1226 0 0 0 1 
Seq_Frame0055_ForcepToReference-SequenceTransformStatus = OK
Seq_Frame0055_Timestamp = 5.935
Seq_Frame0056_ForcepToReference-SequenceTransform =0.58308 0.744545 -0.32507 -10.5747 -0.811205 0.51175 -0.282945 48.56 -0.0443109 0.428678 0.90237 87.2114 0 0 0 1 
Seq_Frame0056_ForcepToReference-SequenceTransformStatus = OK
Seq_Frame0056_Timestamp = 6.045
Seq_Frame0057_ForcepToReference-SequenceTransform =0.582969 0.744611 -0.325118 -10.574 -0.811392 0.512692 -0.280697 48.6122 -0.042325 0.427436 0.903054 87.1949 0 0 0 1 
Seq_Frame0057_ForcepToReference-SequenceTransformStatus = OK
Seq_Frame0057_Timestamp = 6.15
Seq_Frame0058_ForcepToReference-SequenceTransform =0.58259 0.744735 -0.325515 -10.5899 -0.81173 0.512925 -0.279289 48.6174 -0.0410319 0.426941 0.903348 87.1581 0 0 0 1 
Seq_Frame0058_ForcepToReference-SequenceTransformStatus = OK
Seq_Frame0058_Timestamp = 6.255
Seq_Frame0059_ForcepToReference-SequenceTransform =0.580971 0.744859 -0.328113 -10.56 -0.812932 0.511127 -0.279089 48.5452 -0.0401748 0.428876 0.90247 87.1681 0 0 0 1 
Seq_Frame0059_ForcepToReference-SequenceTransformStatus = OK
Seq_Frame0059_Timestamp = 6.36
Seq_Frame0060_ForcepToReference-SequenceTransform =0.580656 0.744905 -0.328566 -10.6246 -0.813412 0.513626 -0.273036 48.7321 -0.0346257 0.425799 0.904155 86.9877 0 0 0 1 
Seq_Frame0060_ForcepToReference-SequenceTransformStatus = OK
Seq_Frame0060_Timestamp = 6.47
Seq_Frame0061_ForcepToReference-SequenceTransform =0.580665 0.744979 -0.328381 -10.6016 -0.813278 0.512185 -0.276127 48.6446 -0.0375167 0.427403 0.903283 87.0392 0 0 0 1 
Seq_Frame0061_ForcepToReference-SequenceTransformStatus = OK
Seq_Frame0061_Timestamp = 6.58
Seq_Frame0062_ForcepToReference-SequenceTransform =0.580976 0.744748 -0.328355 -10.6081 -0.812996 0.511765 -0.277731 48.624 -0.0387989 0.428306 0.9028 87.0152 0 0 0 1 
Seq_Frame0062_ForcepToReference-SequenceTransformStatus = OK
Seq_Frame0062_Timestamp = 6.685
Seq_Frame0063_ForcepToReference-SequenceTransform =0.581394 0.745003 -0.327034 -10.6281 -0.812715 0.512795 -0.276651 48.6035 -0.0384039 0.426629 0.903611 87.0508 0 0 0 1 
Seq_Frame0063_ForcepToReference-SequenceTransformStatus = OK
Seq_Frame0063_Timestamp = 6.79
Seq_Frame0064_ForcepToReference-SequenceTransform =0.573272 0.75145 -0.326622 -10.801 -0.817913 0.501104 -0.282688 48.5578 -0.048754 0.429206 0.90189 86.8372 0 0 0 1 
Seq_Frame0064_ForcepToReference-SequenceTransformStatus = OK
Seq_Frame0064_Timestamp = 6.9
Seq_Frame0065_ForcepToReference-SequenceTransform =0.562418 0.759563 -0.326725 -10.566 -0.825405 0.492369 -0.276188 48.5857 -0.0489133 0.425014 0.903864 86.6825 0 0 0 1 
Seq_Frame0065_ForcepToReference-SequenceTransformStatus = OK
Seq_Frame0065_Timestamp = 7.01
Seq_Frame0066_ForcepToReference-SequenceTransform =0.555851 0.764329 -0.326851 -10.5783 -0.830811 0.524029 -0.187475 49.0333 0.0279875 0.37576 0.926294 86.1078 0 0 0 1 
Seq_Frame0066_ForcepToReference-SequenceTransformStatus = OK
Seq_Frame0066_Timestamp = 7.115
Seq_Frame0067_ForcepToReference-SequenceTransform =0.644325 0.716683 -0.266854 -11.9806 -0.756129 0.649269 -0.0819642 71.2487 0.114518 0.254588 0.960245 69.4842 0 0 0 1 
Seq_Frame0067_ForcepToReference-SequenceTransformStatus = OK
Seq_Frame0067_Timestamp = 7.225
Seq_Frame0068_ForcepToReference-SequenceTransform =0.80253 0.582371 0.129573 -24.4191 -0.585458 0.810528 -0.0168238 110.81 -0.11482 -0.0623578 0.991427 20.444 0 0 0 1 
Seq_Frame0068_ForcepToReference-SequenceTransformStatus = OK
Seq_Frame0068_Timestamp = 7.33
Seq_Frame0069_ForcepToReference-SequenceTransform =0.950362 0.243357 0.193878 -47.1516 -0.257079 0.965163 0.0486854 178.171 -0.175276 -0.0961107 0.979817 -6.12274 0 0 0 1 
Seq_Frame0069_ForcepToReference-SequenceTransformStatus = OK
Seq_Frame0069_Timestamp = 7.445
Seq_Frame0070_ForcepToReference-SequenceTransform =0.938169 -0.285398 0.195927 -94.1026 0.189588 0.897137 0.399001 222.656 -0.289647 -0.337185 0.895774 -27.4886 0 0 0 1 
Seq_Frame0070_ForcepToReference-SequenceTransformStatus = OK
Seq_Frame0070_Timestamp = 7.55
Seq_Frame0071_ForcepToReference-SequenceTransform =0.844057 -0.513754 0.153701 -131.844 0.348909 0.743793 0.570118 239.704 -0.407222 -0.427585 0.807057 -30.485 0 0 0 1 
Seq_Frame0071_ForcepToReference-SequenceTransformStatus = OK
Seq_Frame0071_Timestamp = 7.655
Seq_Frame0072_ForcepToReference-SequenceTransform =0.586081 -0.443009 0.678419 -180.886 0.0429206 0.853092 0.519992 238.891 -0.809115 -0.275639 0.518996 -34.3005 0 0 0 1 
Seq_Frame0072_ForcepToReference-SequenceTransformStatus = OK
Seq_Frame0072_Timestamp = 7.76
Seq_Frame0073_ForcepToReference-SequenceTransform =0.16788 -0.409834 0.896578 -229.403 -0.379577 0.812491 0.442471 206.108 -0.909801 -0.414602 -0.0191628 -22.7335 0 0 0 1 
Seq_Frame0073_ForcepToReference-SequenceTransformStatus = OK
Seq_Frame0073_Timestamp = 7.876
Seq_Frame0074_ForcepToReference-SequenceTransform =-0.0481895 -0.255425 0.965627 -246.315 -0.356237 0.90757 0.222289 206.019 -0.933152 -0.33328 -0.134727 -10.4901 0 0 0 1 
Seq_Frame0074_ForcepToReference-SequenceTransformStatus = OK
Seq_Frame0074_Timestamp = 7.984
Seq_Frame0075_ForcepToReference-SequenceTransform =-0.329178 0.0975191 0.939219 -244.875 -0.0759079 0.988701 -0.129261 213.77 -0.941212 -0.113844 -0.318056 8.1842 0 0 0 1 
Seq_Frame0075_ForcepToReference-SequenceTransformStatus = OK
Seq_Frame0075_Timestamp = 8.095
Seq_Frame0076_ForcepToReference-SequenceTransform =-0.40172 0.275927 0.873204 -239.073 -0.111405 0.931719 -0.34567 192.317 -0.908961 -0.236142 -0.343551 7.40614 0 0 0 1 
Seq_Frame0076_ForcepToReference-SequenceTransformStatus = OK
Seq_Frame0076_Timestamp = 8.205
Seq_Frame0077_ForcepToReference-SequenceTransform =-0.507942 0.305053 0.805567 -240.958 -0.0669296 0.918389 -0.389978 180.231 -0.858787 -0.252002 -0.446071 10.8907 0 0 0 1 
Seq_Frame0077_ForcepToReference-SequenceTransformStatus = OK
Seq_Frame0077_Timestamp = 8.31
Seq_Frame0078_ForcepToReference-SequenceTransform =-0.518748 0.282459 0.806919 -240.292 -0.0543983 0.931027 -0.360873 175.263 -0.853195 -0.231097 -0.467603 15.4216 0 0 0 1 
Seq_Frame0078_ForcepToReference-SequenceTransformStatus = OK
Seq_Frame0078_Timestamp = 8.425
Seq_Frame0079_ForcepToReference-SequenceTransform =-0.544852 0.273709 0.792603 -235.597 -0.0239118 0.939771 -0.340967 173.595 -0.838191 -0.204729 -0.505491 18.2965 0 0 0 1 
Seq_Frame0079_ForcepToReference-SequenceTransformStatus = OK
Seq_Frame0079_Timestamp = 8.53
Seq_Frame0080_ForcepToReference-SequenceTransform =-0.547607 0.291796 0.784208 -227.58 -0.0100302 0.934866 -0.354859 170.82 -0.836675 -0.202189 -0.509013 20.1744 0 0 0 1 
Seq_Frame0080_ForcepToReference-SequenceTransformStatus = OK
Seq_Frame0080_Timestamp = 8.64
Seq_Frame0081_ForcepToReference-SequenceTransform =-0.488525 0.329838 0.807806 -221.723 0.0176816 0.929351 -0.368773 170.398 -0.87237 -0.165872 -0.459844 24.4971 0 0 0 1 
Seq_Frame0081_ForcepToReference-SequenceTransformStatus = OK
Seq_Frame0081_Timestamp = 8.745
Seq_Frame0082_ForcepToReference-SequenceTransform =-0.498192 0.35173 0.792522 -219.337 0.0377753 0.921963 -0.385432 169.699 -0.866243 -0.162081 -0.472601 24.7019 0 0 0 1 
Seq_Frame0082_ForcepToReference-SequenceTransformStatus = OK
Seq_Frame0082_Timestamp = 8.85
Seq_Frame0083_ForcepToReference-SequenceTransform =-0.484451 0.360088 0.797273 -217.555 0.0449254 0.920396 -0.388398 168.769 -0.873664 -0.152342 -0.462064 24.7235 0 0 0 1 
Seq_Frame0083_ForcepToReference-SequenceTransformStatus = OK
Seq_Frame0083_Timestamp = 8.96
Seq_Frame0084_ForcepToReference-SequenceTransform =-0.473068 0.3716 0.798824 -215.145 0.0428269 0.915325 -0.400432 166.284 -0.879984 -0.155221 -0.448925 24.4369 0 0 0 1 
Seq_Frame0084_ForcepToReference-SequenceTransformStatus = OK
Seq_Frame0084_Timestamp = 9.066
Seq_Frame0085_ForcepToReference-SequenceTransform =-0.457365 0.375699 0.80602 -214.649 0.0240527 0.911269 -0.411109 163.765 -0.888954 -0.16864 -0.425819 23.0479 0 0 0 1 
Seq_Frame0085_ForcepToReference-SequenceTransformStatus = OK
Seq_Frame0085_Timestamp = 9.175
Seq_Frame0086_ForcepToReference-SequenceTransform =-0.450999 0.369263 0.812554 -214.75 0.0124078 0.912906 -0.407981 162.633 -0.892438 -0.173917 -0.416302 21.9764 0 0 0 1 
Seq_Frame0086_ForcepToReference-SequenceTransformStatus = OK
Seq_Frame0086_Timestamp = 9.28
Seq_Frame0087_ForcepToReference-SequenceTransform =-0.46522 0.36174 0.807908 -215.408 0.0117633 0.915135 -0.402976 161.261 -0.885117 -0.177969 -0.429994 20.1455 0 0 0 1 
Seq_Frame0087_ForcepToReference-SequenceTransformStatus = OK
Seq_Frame0087_Timestamp = 9.39
Seq_Frame0088_ForcepToReference-SequenceTransform =-0.459736 0.369451 0.807557 -215.267 0.000277569 0.909414 -0.415892 161.541 -0.888056 -0.190976 -0.418193 20.5665 0 0 0 1 
Seq_Frame0088_ForcepToReference-SequenceTransformStatus = OK
Seq_Frame0088_Timestamp = 9.5
Seq_Frame0089_ForcepToReference-SequenceTransform =-0.48905 0.355552 0.7965 -218.005 0.00341175 0.913923 -0.405873 164.407 -0.872249 -0.195775 -0.448167 20.4151 0 0 0 1 
Seq_Frame0089_ForcepToReference-SequenceTransformStatus = OK
Seq_Frame0089_Timestamp = 9.604
Seq_Frame0090_ForcepToReference-SequenceTransform =-0.49413 0.311006 0.811857 -221.174 -0.0209918 0.929285 -0.368766 178.788 -0.869135 -0.199261 -0.452659 17.1043 0 0 0 1 
Seq_Frame0090_ForcepToReference-SequenceTransformStatus = OK
Seq_Frame0090_Timestamp = 9.715
Seq_Frame0091_ForcepToReference-SequenceTransform =-0.501459 0.184917 0.845189 -224.89 -0.0833126 0.962032 -0.259911 201.244 -0.861161 -0.20075 -0.467014 11.7892 0 0 0 1 
Seq_Frame0091_ForcepToReference-SequenceTransformStatus = OK
Seq_Frame0091_Timestamp = 9.825
Seq_Frame0092_ForcepToReference-SequenceTransform =-0.453777 -0.0229694 0.890819 -229.949 -0.280947 0.952372 -0.118556 216.866 -0.845669 -0.304071 -0.438618 0.302837 0 0 0 1 
Seq_Frame0092_ForcepToReference-SequenceTransformStatus = OK
Seq_Frame0092_Timestamp = 9.93
Seq_Frame0093_ForcepToReference-SequenceTransform =-0.377832 -0.176857 0.908826 -218.815 -0.41052 0.911827 0.00677275 226.763 -0.829889 -0.370532 -0.41712 -2.52759 0 0 0 1 
Seq_Frame0093_ForcepToReference-SequenceTransformStatus = OK
Seq_Frame0093_Timestamp = 10.04
Seq_Frame0094_ForcepToReference-SequenceTransform =-0.311202 -0.255536 0.915344 -194.816 -0.466726 0.88011 0.0870208 232.207 -0.827841 -0.400134 -0.393157 4.24804 0 0 0 1 
Seq_Frame0094_ForcepToReference-SequenceTransformStatus = OK
Seq_Frame0094_Timestamp = 10.145
Seq_Frame0095_ForcepToReference-SequenceTransform =-0.191854 -0.285423 0.939003 -168.523 -0.533026 0.833668 0.144499 236.861 -0.82406 -0.47279 -0.312081 13.563 0 0 0 1 
Seq_Frame0095_ForcepToReference-SequenceTransformStatus = OK
Seq_Frame0095_Timestamp = 10.255
Seq_Frame0096_ForcepToReference-SequenceTransform =-0.134617 -0.31865 0.938265 -156.278 -0.553197 0.809753 0.195636 240.217 -0.822102 -0.492709 -0.285283 16.2644 0 0 0 1 
Seq_Frame0096_ForcepToReference-SequenceTransformStatus = OK
Seq_Frame0096_Timestamp = 10.36
Seq_Frame0097_ForcepToReference-SequenceTransform =-0.0990576 -0.350374 0.931357 -152.086 -0.583787 0.778426 0.230751 243.008 -0.805842 -0.520856 -0.281653 13.3412 0 0 0 1 
Seq_Frame0097_ForcepToReference-SequenceTransformStatus = OK
Seq_Frame0097_Timestamp = 10.465
Seq_Frame0098_ForcepToReference-SequenceTransform =-0.0576126 -0.371052 0.926823 -145.97 -0.599314 0.755329 0.265141 243.096 -0.798438 -0.540183 -0.265894 12.5597 0 0 0 1 
Seq_Frame0098_ForcepToReference-SequenceTransformStatus = OK
Seq_Frame0098_Timestamp = 10.57
Seq_Frame0099_ForcepToReference-SequenceTransform =-0.0682038 -0.390282 0.918166 -141.972 -0.595524 0.754295 0.276389 243.248 -0.800437 -0.527939 -0.283868 15.0298 0 0 0 1 
Seq_Frame0099_ForcepToReference-SequenceTransformStatus = OK
Seq_Frame0099_Timestamp = 10.675
Seq_Frame0100_ForcepToReference-SequenceTransform =-0.0923375 -0.430313 0.897945 -145.766 -0.600321 0.743529 0.294582 241.648 -0.794411 -0.511854 -0.326982 13.9082 0 0 0 1 
Seq_Frame0100_ForcepToReference-SequenceTransformStatus = OK
Seq_Frame0100_Timestamp = 10.79
Seq_Frame0101_ForcepToReference-SequenceTransform =-0.151119 -0.454097 0.878043 -150.985 -0.575838 0.762413 0.29519 244.639 -0.803476 -0.461001 -0.376701 12.6331 0 0 0 1 
Seq_Frame0101_ForcepToReference-SequenceTransformStatus = OK
Seq_Frame0101_Timestamp = 10.895
Seq_Frame0102_ForcepToReference-SequenceTransform =-0.19258 -0.465942 0.863603 -152.832 -0.540407 0.784953 0.302999 248.404 -0.819069 -0.408346 -0.402965 12.767 0 0 0 1 
Seq_Frame0102_ForcepToReference-SequenceTransformStatus = OK
Seq_Frame0102_Timestamp = 11.005
Seq_Frame0103_ForcepToReference-SequenceTransform =-0.239348 -0.476479 0.845979 -154.062 -0.502631 0.806273 0.311909 253.178 -0.830708 -0.35056 -0.432472 15.1005 0 0 0 1 
Seq_Frame0103_ForcepToReference-SequenceTransformStatus = OK
Seq_Frame0103_Timestamp = 11.115
Seq_Frame0104_ForcepToReference-SequenceTransform =-0.250895 -0.496538 0.830964 -155.106 -0.485063 0.807361 0.335978 257.571 -0.837714 -0.318775 -0.443415 18.3303 0 0 0 1 
Seq_Frame0104_ForcepToReference-SequenceTransformStatus = OK
Seq_Frame0104_Timestamp = 11.226
Seq_Frame0105_ForcepToReference-SequenceTransform =-0.236567 -0.515006 0.823896 -158.052 -0.505986 0.789207 0.348037 260.491 -0.829466 -0.334546 -0.447286 16.8769 0 0 0 1 
Seq_Frame0105_ForcepToReference-SequenceTransformStatus = OK
Seq_Frame0105_Timestamp = 11.33
Seq_Frame0106_ForcepToReference-SequenceTransform =-0.224778 -0.506951 0.832151 -163.101 -0.505392 0.79081 0.345251 266.468 -0.833099 -0.342958 -0.433965 14.6149 0 0 0 1 
Seq_Frame0106_ForcepToReference-SequenceTransformStatus = OK
Seq_Frame0106_Timestamp = 11.441
Seq_Frame0107_ForcepToReference-SequenceTransform =-0.230575 -0.506548 0.830809 -170.966 -0.514341 0.788235 0.337844 271.879 -0.826007 -0.349421 -0.442286 11.5392 0 0 0 1 
Seq_Frame0107_ForcepToReference-SequenceTransformStatus = OK
Seq_Frame0107_Timestamp = 11.555
Seq_Frame0108_ForcepToReference-SequenceTransform =-0.227871 -0.50835 0.830455 -176.314 -0.529852 0.780296 0.332258 276.888 -0.816904 -0.364306 -0.447157 8.78656 0 0 0 1 
Seq_Frame0108_ForcepToReference-SequenceTransformStatus = OK
Seq_Frame0108_Timestamp = 11.661
Seq_Frame0109_ForcepToReference-SequenceTransform =-0.196225 -0.508603 0.838343 -174.066 -0.566736 0.756525 0.326314 276.312 -0.800191 -0.411088 -0.436692 8.43608 0 0 0 1 
Seq_Frame0109_ForcepToReference-SequenceTransformStatus = OK
Seq_Frame0109_Timestamp = 11.77
Seq_Frame0110_ForcepToReference-SequenceTransform =-0.202778 -0.518249 0.830843 -172.59 -0.594978 0.739098 0.31581 271.983 -0.777742 -0.430294 -0.458219 8.21405 0 0 0 1 
Seq_Frame0110_ForcepToReference-SequenceTransformStatus = OK
Seq_Frame0110_Timestamp = 11.875
Seq_Frame0111_ForcepToReference-SequenceTransform =-0.188249 -0.503168 0.843436 -169.248 -0.607432 0.734482 0.302594 269.138 -0.771744 -0.455367 -0.443906 8.78312 0 0 0 1 
Seq_Frame0111_ForcepToReference-SequenceTransformStatus = OK
Seq_Frame0111_Timestamp = 11.985
Seq_Frame0112_ForcepToReference-SequenceTransform =-0.177102 -0.485802 0.855938 -164.142 -0.615202 0.733485 0.28901 267.668 -0.76822 -0.475391 -0.428769 9.66959 0 0 0 1 
Seq_Frame0112_ForcepToReference-SequenceTransformStatus = OK
Seq_Frame0112_Timestamp = 12.09
Seq_Frame0113_ForcepToReference-SequenceTransform =-0.147438 -0.469242 0.870674 -159.734 -0.622661 0.727996 0.286907 266.244 -0.768476 -0.499834 -0.399512 9.74664 0 0 0 1 
Seq_Frame0113_ForcepToReference-SequenceTransformStatus = OK
Seq_Frame0113_Timestamp = 12.2
Seq_Frame0114_ForcepToReference-SequenceTransform =-0.117791 -0.45174 0.884339 -155.671 -0.621414 0.728158 0.289189 266.671 -0.774578 -0.515477 -0.366488 9.98651 0 0 0 1 
Seq_Frame0114_ForcepToReference-SequenceTransformStatus = OK
Seq_Frame0114_Timestamp = 12.31
Seq_Frame0115_ForcepToReference-SequenceTransform =-0.0960947 -0.437354 0.894141 -153.641 -0.631572 0.7211 0.284838 264.645 -0.769339 -0.537343 -0.345514 9.79258 0 0 0 1 
Seq_Frame0115_ForcepToReference-SequenceTransformStatus = OK
Seq_Frame0115_Timestamp = 12.42
Seq_Frame0116_ForcepToReference-SequenceTransform =-0.0818987 -0.429923 0.899144 -152.292 -0.632069 0.719939 0.286664 263.94 -0.770572 -0.544843 -0.330703 10.5893 0 0 0 1 
Seq_Frame0116_ForcepToReference-SequenceTransformStatus = OK
Seq_Frame0116_Timestamp = 12.525
Seq_Frame0117_ForcepToReference-SequenceTransform =-0.0705193 -0.421414 0.904122 -150.296 -0.636065 0.717203 0.284679 262.156 -0.768407 -0.555005 -0.318623 10.0376 0 0 0 1 
Seq_Frame0117_ForcepToReference-SequenceTransformStatus = OK
Seq_Frame0117_Timestamp = 12.64
Seq_Frame0118_ForcepToReference-SequenceTransform =-0.0499608 -0.408647 0.911324 -149.88 -0.636994 0.715826 0.286062 261.14 -0.769248 -0.566217 -0.296069 9.92639 0 0 0 1 
Seq_Frame0118_ForcepToReference-SequenceTransformStatus = OK
Seq_Frame0118_Timestamp = 12.745
Seq_Frame0119_ForcepToReference-SequenceTransform =-0.0418626 -0.401401 0.914945 -149.015 -0.638194 0.715329 0.284626 260.436 -0.768736 -0.571998 -0.286118 9.06079 0 0 0 1 
Seq_Frame0119_ForcepToReference-SequenceTransformStatus = OK
Seq_Frame0119_Timestamp = 12.85
Seq_Frame0120_ForcepToReference-SequenceTransform =-0.000787175 -0.388638 0.92139 -147.474 -0.62351 0.720548 0.303391 259.094 -0.781815 -0.574257 -0.242887 7.00239 0 0 0 1 
Seq_Frame0120_ForcepToReference-SequenceTransformStatus = OK
Seq_Frame0120_Timestamp = 12.951
Seq_Frame0121_ForcepToReference-SequenceTransform =0.0191026 -0.371631 0.928184 -145.942 -0.625554 0.719756 0.301054 258.991 -0.779947 -0.58638 -0.218726 6.4915 0 0 0 1 
Seq_Frame0121_ForcepToReference-SequenceTransformStatus = OK
Seq_Frame0121_Timestamp = 13.06
Seq_Frame0122_ForcepToReference-SequenceTransform =0.0319915 -0.363778 0.930936 -145.384 -0.624851 0.719677 0.302698 258.457 -0.780089 -0.59138 -0.204283 5.394 0 0 0 1 
Seq_Frame0122_ForcepToReference-SequenceTransformStatus = OK
Seq_Frame0122_Timestamp = 13.165
Seq_Frame0123_ForcepToReference-SequenceTransform =0.0499835 -0.351431 0.934879 -144.434 -0.626523 0.717935 0.303377 258.783 -0.777798 -0.600887 -0.184294 5.20275 0 0 0 1 
Seq_Frame0123_ForcepToReference-SequenceTransformStatus = OK
Seq_Frame0123_Timestamp = 13.27
Seq_Frame0124_ForcepToReference-SequenceTransform =0.0493772 -0.349244 0.93573 -144.358 -0.619428 0.724228 0.302991 259.043 -0.783499 -0.594578 -0.180571 5.47785 0 0 0 1 
Seq_Frame0124_ForcepToReference-SequenceTransformStatus = OK
Seq_Frame0124_Timestamp = 13.375
Seq_Frame0125_ForcepToReference-SequenceTransform =0.0509856 -0.346398 0.936701 -143.746 -0.61652 0.726955 0.30239 259.381 -0.785686 -0.592913 -0.176497 6.13844 0 0 0 1 
Seq_Frame0125_ForcepToReference-SequenceTransformStatus = OK
Seq_Frame0125_Timestamp = 13.485
Seq_Frame0126_ForcepToReference-SequenceTransform =0.0449918 -0.349085 0.93601 -143.259 -0.616406 0.727629 0.300998 259.843 -0.786142 -0.590505 -0.182441 7.04862 0 0 0 1 
Seq_Frame0126_ForcepToReference-SequenceTransformStatus = OK
Seq_Frame0126_Timestamp = 13.59
Seq_Frame0127_ForcepToReference-SequenceTransform =0.0521221 -0.340895 0.938655 -142.062 -0.616859 0.728187 0.298712 259.478 -0.785346 -0.594588 -0.17233 6.91407 0 0 0 1 
Seq_Frame0127_ForcepToReference-SequenceTransformStatus = OK
Seq_Frame0127_Timestamp = 13.7
Seq_Frame0128_ForcepToReference-SequenceTransform =0.0444359 -0.337365 0.940324 -141.823 -0.619578 0.729062 0.290848 260.391 -0.783677 -0.595528 -0.176627 7.29016 0 0 0 1 
Seq_Frame0128_ForcepToReference-SequenceTransformStatus = OK
Seq_Frame0128_Timestamp = 13.81
Seq_Frame0129_ForcepToReference-SequenceTransform =0.0495184 -0.332454 0.941819 -141.579 -0.604998 0.740305 0.293131 261.791 -0.794686 -0.584314 -0.164475 8.16296 0 0 0 1 
Seq_Frame0129_ForcepToReference-SequenceTransformStatus = OK
Seq_Frame0129_Timestamp = 13.915
Seq_Frame0130_ForcepToReference-SequenceTransform =0.0475045 -0.333656 0.941497 -141.613 -0.610344 0.73644 0.291782 261.901 -0.790711 -0.588498 -0.16866 8.37735 0 0 0 1 
Seq_Frame0130_ForcepToReference-SequenceTransformStatus = OK
Seq_Frame0130_Timestamp = 14.02
Seq_Frame0131_ForcepToReference-SequenceTransform =0.0442468 -0.344337 0.937803 -143.614 -0.612121 0.732527 0.297846 261.17 -0.789525 -0.587227 -0.178364 7.57994 0 0 0 1 
Seq_Frame0131_ForcepToReference-SequenceTransformStatus = OK
Seq_Frame0131_Timestamp = 14.13
Seq_Frame0132_ForcepToReference-SequenceTransform =0.0242068 -0.354082 0.934901 -149.676 -0.620029 0.728267 0.291876 260.989 -0.784206 -0.586731 -0.201912 4.88125 0 0 0 1 
Seq_Frame0132_ForcepToReference-SequenceTransformStatus = OK
Seq_Frame0132_Timestamp = 14.235
Seq_Frame0133_ForcepToReference-SequenceTransform =-0.0299603 -0.361089 0.93205 -161.461 -0.597243 0.754176 0.272981 263.657 -0.8015 -0.548482 -0.238254 1.84481 0 0 0 1 
Seq_Frame0133_ForcepToReference-SequenceTransformStatus = OK
Seq_Frame0133_Timestamp = 14.345
Seq_Frame0134_ForcepToReference-SequenceTransform =-0.12857 -0.338669 0.93208 -168.004 -0.443427 0.860323 0.25143 283.578 -0.887041 -0.380983 -0.260786 8.30293 0 0 0 1 
Seq_Frame0134_ForcepToReference-SequenceTransformStatus = OK
Seq_Frame0134_Timestamp = 14.45
Seq_Frame0135_ForcepToReference-SequenceTransform =-0.188023 -0.244976 0.951122 -166.056 -0.253508 0.947685 0.193976 315.762 -0.948884 -0.204646 -0.240291 28.0818 0 0 0 1 
Seq_Frame0135_ForcepToReference-SequenceTransformStatus = OK
Seq_Frame0135_Timestamp = 14.56
Seq_Frame0136_ForcepToReference-SequenceTransform =-0.258763 -0.133809 0.956628 -151.933 -0.036824 0.991005 0.128657 338.814 -0.965239 -0.0019353 -0.261362 52.446 0 0 0 1 
Seq_Frame0136_ForcepToReference-SequenceTransformStatus = OK
Seq_Frame0136_Timestamp = 14.666
Seq_Frame0137_ForcepToReference-SequenceTransform =-0.306001 -0.040032 0.951189 -137.834 0.0290897 0.998256 0.0513711 341.299 -0.951587 0.0433894 -0.304303 65.2615 0 0 0 1 
Seq_Frame0137_ForcepToReference-SequenceTransformStatus = OK
Seq_Frame0137_Timestamp = 14.775
Seq_Frame0138_ForcepToReference-SequenceTransform =-0.223439 0.0195453 0.974522 -130.677 0.0777031 0.996974 -0.00217973 343.316 -0.971616 0.0752364 -0.224282 78.0661 0 0 0 1 
Seq_Frame0138_ForcepToReference-SequenceTransformStatus = OK
Seq_Frame0138_Timestamp = 14.886
Seq_Frame0139_ForcepToReference-SequenceTransform =-0.218968 0.0591311 0.973939 -125.931 0.0961334 0.994613 -0.0387729 342.678 -0.970985 0.085138 -0.223473 85.8061 0 0 0 1 
Seq_Frame0139_ForcepToReference-SequenceTransformStatus = OK
Seq_Frame0139_Timestamp = 14.992
Seq_Frame0140_ForcepToReference-SequenceTransform =-0.224277 0.060825 0.972625 -125.053 0.0838617 0.995553 -0.0429212 342.464 -0.97091 0.0719398 -0.228381 85.4535 0 0 0 1 
Seq_Frame0140_ForcepToReference-SequenceTransformStatus = OK
Seq_Frame0140_Timestamp = 15.099
Seq_Frame0141_ForcepToReference-SequenceTransform =-0.211101 0.0445147 0.97645 -123.591 0.0495172 0.998167 -0.0347995 342.175 -0.976209 0.0410049 -0.212918 84.3196 0 0 0 1 
Seq_Frame0141_ForcepToReference-SequenceTransformStatus = OK
Seq_Frame0141_Timestamp = 15.21
Seq_Frame0142_ForcepToReference-SequenceTransform =-0.255034 0.0695538 0.964427 -117.978 0.0744586 0.995861 -0.0521309 343.903 -0.964061 0.0585148 -0.259157 87.8913 0 0 0 1 
Seq_Frame0142_ForcepToReference-SequenceTransformStatus = OK
Seq_Frame0142_Timestamp = 15.32
Seq_Frame0143_ForcepToReference-SequenceTransform =-0.27068 0.108205 0.956569 -111.982 0.09392 0.991891 -0.0856244 344.37 -0.958077 0.0666642 -0.278647 91.7442 0 0 0 1 
Seq_Frame0143_ForcepToReference-SequenceTransformStatus = OK
Seq_Frame0143_Timestamp = 15.425
Seq_Frame0144_ForcepToReference-SequenceTransform =-0.273855 0.128663 0.953126 -109.047 0.111906 0.988543 -0.101291 345.771 -0.955238 0.0789211 -0.285116 93.1826 0 0 0 1 
Seq_Frame0144_ForcepToReference-SequenceTransformStatus = OK
Seq_Frame0144_Timestamp = 15.536
Seq_Frame0145_ForcepToReference-SequenceTransform =-0.25332 0.133592 0.958114 -106.81 0.11154 0.987847 -0.108247 346.545 -0.960931 0.0794466 -0.265142 92.8059 0 0 0 1 
Seq_Frame0145_ForcepToReference-SequenceTransformStatus = OK
Seq_Frame0145_Timestamp = 15.64
Seq_Frame0146_ForcepToReference-SequenceTransform =-0.246821 0.151313 0.957175 -104.377 0.0880553 0.98715 -0.133346 346.814 -0.965052 0.0513719 -0.256973 90.1943 0 0 0 1 
Seq_Frame0146_ForcepToReference-SequenceTransformStatus = OK
Seq_Frame0146_Timestamp = 15.75
Seq_Frame0147_ForcepToReference-SequenceTransform =-0.248617 0.148749 0.957112 -103.831 0.102043 0.986661 -0.126835 348.072 -0.963212 0.0661332 -0.26048 90.667 0 0 0 1 
Seq_Frame0147_ForcepToReference-SequenceTransformStatus = OK
Seq_Frame0147_Timestamp = 15.86
Seq_Frame0148_ForcepToReference-SequenceTransform =-0.197595 0.133481 0.971154 -104.08 0.0858211 0.989238 -0.118505 347.654 -0.97652 0.0599296 -0.206923 88.4872 0 0 0 1 
Seq_Frame0148_ForcepToReference-SequenceTransformStatus = OK
Seq_Frame0148_Timestamp = 15.97
Seq_Frame0149_ForcepToReference-SequenceTransform =-0.272552 0.14685 0.950868 -106.877 0.0941656 0.98761 -0.125534 349.05 -0.957522 0.0553246 -0.283003 90.4576 0 0 0 1 
Seq_Frame0149_ForcepToReference-SequenceTransformStatus = OK
Seq_Frame0149_Timestamp = 16.075
Seq_Frame0150_ForcepToReference-SequenceTransform =-0.321849 0.148906 0.935008 -109.54 0.126287 0.985482 -0.113474 351.52 -0.938331 0.0815583 -0.335982 93.4229 0 0 0 1 
Seq_Frame0150_ForcepToReference-SequenceTransformStatus = OK
