ObjectType = Image
NDims = 3
AnatomicalOrientation = RAI
BinaryData = True
CompressedData = False
DimSize = 0 0 1163
ElementSpacing = 1 1 1
Offset = 0 0 0
TransformMatrix = 1 0 0 0 1 0 0 0 1
ElementType = MET_UCHAR
Kinds = domain domain list
Seq_Frame0000_DriverToReference-SequenceTransform =0.917689 0.395203 -0.0407561 11.7621 -0.217792 0.414611 -0.883552 20.152 -0.332285 0.819703 0.466556 35.6741 0 0 0 1 
Seq_Frame0000_DriverToReference-SequenceTransformStatus = OK
Seq_Frame0000_Timestamp = 0.00300002
Seq_Frame0001_DriverToReference-SequenceTransform =0.918115 0.393916 -0.0435382 11.7691 -0.219514 0.413989 -0.883418 20.1288 -0.329968 0.820636 0.46656 35.6772 0 0 0 1 
Seq_Frame0001_DriverToReference-SequenceTransformStatus = OK
Seq_Frame0001_Timestamp = 0.104
Seq_Frame0002_DriverToReference-SequenceTransform =0.918224 0.393594 -0.0441519 11.7842 -0.218958 0.41157 -0.884685 20.1529 -0.330035 0.822006 0.464094 35.6465 0 0 0 1 
Seq_Frame0002_DriverToReference-SequenceTransformStatus = OK
Seq_Frame0002_Timestamp = 0.213
Seq_Frame0003_DriverToReference-SequenceTransform =0.917577 0.395279 -0.0425184 11.7664 -0.219044 0.41341 -0.883805 20.1441 -0.331772 0.820273 0.465919 35.7008 0 0 0 1 
Seq_Frame0003_DriverToReference-SequenceTransformStatus = OK
Seq_Frame0003_Timestamp = 0.318
Seq_Frame0004_DriverToReference-SequenceTransform =0.917854 0.394592 -0.0429115 11.7585 -0.219007 0.413311 -0.883861 20.1379 -0.331028 0.820653 0.465778 35.6919 0 0 0 1 
Seq_Frame0004_DriverToReference-SequenceTransformStatus = OK
Seq_Frame0004_Timestamp = 0.423
Seq_Frame0005_DriverToReference-SequenceTransform =0.917805 0.394725 -0.042727 11.7704 -0.219023 0.413609 -0.883718 20.1347 -0.331153 0.820439 0.466066 35.7186 0 0 0 1 
Seq_Frame0005_DriverToReference-SequenceTransformStatus = OK
Seq_Frame0005_Timestamp = 0.524
Seq_Frame0006_DriverToReference-SequenceTransform =0.91764 0.395103 -0.0427814 11.7508 -0.219847 0.415007 -0.882857 20.127 -0.331065 0.81955 0.467689 35.6529 0 0 0 1 
Seq_Frame0006_DriverToReference-SequenceTransformStatus = OK
Seq_Frame0006_Timestamp = 0.624
Seq_Frame0007_DriverToReference-SequenceTransform =0.917812 0.394708 -0.042738 11.7649 -0.219088 0.413767 -0.883627 20.1302 -0.331092 0.820367 0.466236 35.709 0 0 0 1 
Seq_Frame0007_DriverToReference-SequenceTransformStatus = OK
Seq_Frame0007_Timestamp = 0.728
Seq_Frame0008_DriverToReference-SequenceTransform =-0.378896 -0.925306 0.0157137 6.48578 -0.695934 0.296083 0.654226 57.1231 -0.610011 0.236948 -0.756136 25.3772 0 0 0 1 
Seq_Frame0008_DriverToReference-SequenceTransformStatus = OK
Seq_Frame0008_Timestamp = 1.368
Seq_Frame0009_DriverToReference-SequenceTransform =-0.296717 -0.919038 -0.259479 -4.28324 -0.846265 0.127149 0.517367 126.165 -0.442487 0.373099 -0.815477 22.6646 0 0 0 1 
Seq_Frame0009_DriverToReference-SequenceTransformStatus = OK
Seq_Frame0009_Timestamp = 1.469
Seq_Frame0010_DriverToReference-SequenceTransform =-0.0397119 -0.903933 -0.425826 -14.8072 -0.935029 -0.116655 0.334832 202.701 -0.352341 0.411457 -0.840571 54.8611 0 0 0 1 
Seq_Frame0010_DriverToReference-SequenceTransformStatus = OK
Seq_Frame0010_Timestamp = 1.569
Seq_Frame0011_DriverToReference-SequenceTransform =0.310345 -0.882892 -0.352402 -26.6015 -0.946989 -0.254743 -0.19575 255.587 0.0830544 0.394471 -0.915147 101.401 0 0 0 1 
Seq_Frame0011_DriverToReference-SequenceTransformStatus = OK
Seq_Frame0011_Timestamp = 1.679
Seq_Frame0012_DriverToReference-SequenceTransform =0.478206 -0.847532 -0.230238 -38.1009 -0.790867 -0.301569 -0.532528 274.372 0.381902 0.436745 -0.814497 125.07 0 0 0 1 
Seq_Frame0012_DriverToReference-SequenceTransformStatus = OK
Seq_Frame0012_Timestamp = 1.779
Seq_Frame0013_DriverToReference-SequenceTransform =0.526248 -0.782961 -0.331717 -47.9887 -0.753131 -0.24805 -0.609315 279.087 0.394787 0.570477 -0.720208 139.829 0 0 0 1 
Seq_Frame0013_DriverToReference-SequenceTransformStatus = OK
Seq_Frame0013_Timestamp = 1.883
Seq_Frame0014_DriverToReference-SequenceTransform =0.56618 -0.765167 -0.306527 -57.9039 -0.712641 -0.267516 -0.64852 287.199 0.414225 0.585622 -0.696752 148.037 0 0 0 1 
Seq_Frame0014_DriverToReference-SequenceTransformStatus = OK
Seq_Frame0014_Timestamp = 1.983
Seq_Frame0015_DriverToReference-SequenceTransform =0.614926 -0.741 -0.269785 -67.3935 -0.67358 -0.315654 -0.668321 297.528 0.410067 0.59269 -0.693227 150.174 0 0 0 1 
Seq_Frame0015_DriverToReference-SequenceTransformStatus = OK
Seq_Frame0015_Timestamp = 2.084
Seq_Frame0016_DriverToReference-SequenceTransform =0.646023 -0.727373 -0.231482 -71.3974 -0.645801 -0.359156 -0.673756 305.596 0.406934 0.584753 -0.701761 152.74 0 0 0 1 
Seq_Frame0016_DriverToReference-SequenceTransformStatus = OK
Seq_Frame0016_Timestamp = 2.184
Seq_Frame0017_DriverToReference-SequenceTransform =0.656013 -0.706512 -0.265494 -70.2482 -0.659667 -0.365806 -0.656525 311.733 0.366723 0.605827 -0.706037 157.645 0 0 0 1 
Seq_Frame0017_DriverToReference-SequenceTransformStatus = OK
Seq_Frame0017_Timestamp = 2.288
Seq_Frame0018_DriverToReference-SequenceTransform =0.681142 -0.679461 -0.272723 -70.3682 -0.649365 -0.388588 -0.653701 317.066 0.338188 0.62236 -0.705902 158.49 0 0 0 1 
Seq_Frame0018_DriverToReference-SequenceTransformStatus = OK
Seq_Frame0018_Timestamp = 2.401
Seq_Frame0019_DriverToReference-SequenceTransform =0.684192 -0.663317 -0.303137 -69.4829 -0.66532 -0.397449 -0.631968 319.723 0.298713 0.634071 -0.713249 159.021 0 0 0 1 
Seq_Frame0019_DriverToReference-SequenceTransformStatus = OK
Seq_Frame0019_Timestamp = 2.502
Seq_Frame0020_DriverToReference-SequenceTransform =0.697911 -0.653755 -0.292447 -68.2356 -0.654907 -0.417299 -0.630046 320.514 0.289858 0.631241 -0.719386 159.57 0 0 0 1 
Seq_Frame0020_DriverToReference-SequenceTransformStatus = OK
Seq_Frame0020_Timestamp = 2.603
Seq_Frame0021_DriverToReference-SequenceTransform =0.672325 -0.649947 -0.354328 -66.2296 -0.703397 -0.411753 -0.579389 319.907 0.230677 0.638771 -0.734002 162.823 0 0 0 1 
Seq_Frame0021_DriverToReference-SequenceTransformStatus = OK
Seq_Frame0021_Timestamp = 2.708
Seq_Frame0022_DriverToReference-SequenceTransform =0.67029 -0.654426 -0.349911 -61.6593 -0.71517 -0.443785 -0.539988 317.294 0.198097 0.612195 -0.76549 167.232 0 0 0 1 
Seq_Frame0022_DriverToReference-SequenceTransformStatus = OK
Seq_Frame0022_Timestamp = 2.808
Seq_Frame0023_DriverToReference-SequenceTransform =0.588265 -0.673992 -0.446854 -53.3898 -0.802889 -0.420848 -0.422203 314.062 0.0965041 0.607142 -0.788711 174.654 0 0 0 1 
Seq_Frame0023_DriverToReference-SequenceTransformStatus = OK
Seq_Frame0023_Timestamp = 2.918
Seq_Frame0024_DriverToReference-SequenceTransform =0.620627 -0.688771 -0.374723 -40.5223 -0.779786 -0.592261 -0.202881 315.459 -0.0821955 0.418117 -0.904667 183.8 0 0 0 1 
Seq_Frame0024_DriverToReference-SequenceTransformStatus = OK
Seq_Frame0024_Timestamp = 3.019
Seq_Frame0025_DriverToReference-SequenceTransform =0.397932 -0.72263 -0.565204 -12.4329 -0.892678 -0.447094 -0.0568668 327.036 -0.211606 0.527174 -0.822989 190.596 0 0 0 1 
Seq_Frame0025_DriverToReference-SequenceTransformStatus = OK
Seq_Frame0025_Timestamp = 3.12
Seq_Frame0026_DriverToReference-SequenceTransform =0.235642 -0.841082 -0.486882 22.8262 -0.941821 -0.321194 0.0990346 346.711 -0.23968 0.435219 -0.867835 194.749 0 0 0 1 
Seq_Frame0026_DriverToReference-SequenceTransformStatus = OK
Seq_Frame0026_Timestamp = 3.226
Seq_Frame0027_DriverToReference-SequenceTransform =0.101954 -0.858777 -0.502103 52.3696 -0.986332 -0.152942 0.0613071 355.832 -0.129442 0.488989 -0.862632 197.171 0 0 0 1 
Seq_Frame0027_DriverToReference-SequenceTransformStatus = OK
Seq_Frame0027_Timestamp = 3.333
Seq_Frame0028_DriverToReference-SequenceTransform =0.106093 -0.802383 -0.587303 58.4386 -0.993016 -0.11615 -0.0206965 342.939 -0.0516087 0.585397 -0.809102 200.053 0 0 0 1 
Seq_Frame0028_DriverToReference-SequenceTransformStatus = OK
Seq_Frame0028_Timestamp = 3.433
Seq_Frame0029_DriverToReference-SequenceTransform =0.0798261 -0.773285 -0.629014 57.7958 -0.983759 -0.162887 0.0754009 334.424 -0.160764 0.612779 -0.773729 207.894 0 0 0 1 
Seq_Frame0029_DriverToReference-SequenceTransformStatus = OK
Seq_Frame0029_Timestamp = 3.535
Seq_Frame0030_DriverToReference-SequenceTransform =-0.021674 -0.861437 -0.507402 72.2954 -0.99067 -0.0497969 0.126859 319.698 -0.134548 0.505418 -0.85232 213.467 0 0 0 1 
Seq_Frame0030_DriverToReference-SequenceTransformStatus = OK
Seq_Frame0030_Timestamp = 3.638
Seq_Frame0031_DriverToReference-SequenceTransform =-0.0674339 -0.881861 -0.466663 77.3909 -0.993242 0.0150541 0.115078 303.833 -0.0944574 0.47127 -0.876917 213.328 0 0 0 1 
Seq_Frame0031_DriverToReference-SequenceTransformStatus = OK
Seq_Frame0031_Timestamp = 3.745
Seq_Frame0032_DriverToReference-SequenceTransform =-0.0584033 -0.892279 -0.447691 70.5796 -0.995153 0.0164967 0.0969432 295.937 -0.0791149 0.451183 -0.888918 211.583 0 0 0 1 
Seq_Frame0032_DriverToReference-SequenceTransformStatus = OK
Seq_Frame0032_Timestamp = 3.852
Seq_Frame0033_DriverToReference-SequenceTransform =0.0579439 -0.857576 -0.511083 61.0861 -0.994865 -0.0921596 0.0418473 301.294 -0.0829885 0.506034 -0.858512 210.813 0 0 0 1 
Seq_Frame0033_DriverToReference-SequenceTransformStatus = OK
Seq_Frame0033_Timestamp = 3.955
Seq_Frame0034_DriverToReference-SequenceTransform =0.138182 -0.843114 -0.519677 63.1384 -0.98078 -0.189469 0.0466017 310.385 -0.137753 0.503249 -0.853091 217.768 0 0 0 1 
Seq_Frame0034_DriverToReference-SequenceTransformStatus = OK
Seq_Frame0034_Timestamp = 4.058
Seq_Frame0035_DriverToReference-SequenceTransform =0.165271 -0.85545 -0.490807 66.1754 -0.975399 -0.215388 0.0469614 313.809 -0.145887 0.470971 -0.870002 228.774 0 0 0 1 
Seq_Frame0035_DriverToReference-SequenceTransformStatus = OK
Seq_Frame0035_Timestamp = 4.159
Seq_Frame0036_DriverToReference-SequenceTransform =0.19338 -0.862997 -0.466735 66.2614 -0.968418 -0.244206 0.0502993 315.685 -0.157387 0.442268 -0.882966 240.003 0 0 0 1 
Seq_Frame0036_DriverToReference-SequenceTransformStatus = OK
Seq_Frame0036_Timestamp = 4.259
Seq_Frame0037_DriverToReference-SequenceTransform =0.247643 -0.861449 -0.443373 62.8115 -0.956546 -0.290097 0.0293698 316.446 -0.153922 0.416833 -0.895856 249.828 0 0 0 1 
Seq_Frame0037_DriverToReference-SequenceTransformStatus = OK
Seq_Frame0037_Timestamp = 4.364
Seq_Frame0038_DriverToReference-SequenceTransform =0.292468 -0.855244 -0.427809 59.1448 -0.951326 -0.305672 -0.0392894 313.907 -0.097167 0.418477 -0.903015 256.751 0 0 0 1 
Seq_Frame0038_DriverToReference-SequenceTransformStatus = OK
Seq_Frame0038_Timestamp = 4.468
Seq_Frame0039_DriverToReference-SequenceTransform =0.275555 -0.864441 -0.42049 54.797 -0.958435 -0.280722 -0.0509726 311.631 -0.0739781 0.417058 -0.905864 262.028 0 0 0 1 
Seq_Frame0039_DriverToReference-SequenceTransformStatus = OK
Seq_Frame0039_Timestamp = 4.568
Seq_Frame0040_DriverToReference-SequenceTransform =0.259133 -0.873258 -0.412638 53.3973 -0.962843 -0.267206 -0.0391735 310.863 -0.0760509 0.407457 -0.910052 267.145 0 0 0 1 
Seq_Frame0040_DriverToReference-SequenceTransformStatus = OK
Seq_Frame0040_Timestamp = 4.669
Seq_Frame0041_DriverToReference-SequenceTransform =0.299607 -0.867833 -0.39636 52.2316 -0.951513 -0.30215 -0.0576861 312.189 -0.0696984 0.394425 -0.916281 273.712 0 0 0 1 
Seq_Frame0041_DriverToReference-SequenceTransformStatus = OK
Seq_Frame0041_Timestamp = 4.773
Seq_Frame0042_DriverToReference-SequenceTransform =0.336061 -0.853583 -0.39807 50.1568 -0.938902 -0.336979 -0.0700614 313.12 -0.074338 0.397294 -0.914676 276.389 0 0 0 1 
Seq_Frame0042_DriverToReference-SequenceTransformStatus = OK
Seq_Frame0042_Timestamp = 4.883
Seq_Frame0043_DriverToReference-SequenceTransform =0.362492 -0.841224 -0.401175 47.478 -0.928393 -0.363695 -0.0762406 312.556 -0.08177 0.400084 -0.912823 275.639 0 0 0 1 
Seq_Frame0043_DriverToReference-SequenceTransformStatus = OK
Seq_Frame0043_Timestamp = 4.993
Seq_Frame0044_DriverToReference-SequenceTransform =0.362735 -0.839847 -0.403833 47.5377 -0.927222 -0.368601 -0.0662828 312.958 -0.0931858 0.398486 -0.912428 276.494 0 0 0 1 
Seq_Frame0044_DriverToReference-SequenceTransformStatus = OK
Seq_Frame0044_Timestamp = 5.094
Seq_Frame0045_DriverToReference-SequenceTransform =0.356135 -0.845729 -0.39738 48.5736 -0.930506 -0.359928 -0.0679034 313.875 -0.0856006 0.393947 -0.915138 277.753 0 0 0 1 
Seq_Frame0045_DriverToReference-SequenceTransformStatus = OK
Seq_Frame0045_Timestamp = 5.203
Seq_Frame0046_DriverToReference-SequenceTransform =0.357075 -0.847624 -0.392468 48.4099 -0.930448 -0.359763 -0.0695487 313.791 -0.0822446 0.390005 -0.917132 278.451 0 0 0 1 
Seq_Frame0046_DriverToReference-SequenceTransformStatus = OK
Seq_Frame0046_Timestamp = 5.304
Seq_Frame0047_DriverToReference-SequenceTransform =0.361617 -0.848739 -0.385843 49.1053 -0.930906 -0.351531 -0.0991929 313.849 -0.0514472 0.395054 -0.917216 279.32 0 0 0 1 
Seq_Frame0047_DriverToReference-SequenceTransformStatus = OK
Seq_Frame0047_Timestamp = 5.408
Seq_Frame0048_DriverToReference-SequenceTransform =0.353487 -0.847588 -0.395779 48.7726 -0.932099 -0.354871 -0.0725159 313.34 -0.078987 0.394538 -0.915478 278.303 0 0 0 1 
Seq_Frame0048_DriverToReference-SequenceTransformStatus = OK
Seq_Frame0048_Timestamp = 5.509
Seq_Frame0049_DriverToReference-SequenceTransform =0.355886 -0.850509 -0.387273 48.608 -0.932216 -0.352228 -0.0831202 313.276 -0.0657138 0.390603 -0.918211 278.334 0 0 0 1 
Seq_Frame0049_DriverToReference-SequenceTransformStatus = OK
Seq_Frame0049_Timestamp = 5.612
Seq_Frame0050_DriverToReference-SequenceTransform =0.356788 -0.851744 -0.383712 48.6922 -0.931983 -0.35272 -0.0836405 313.37 -0.0641027 0.387455 -0.919657 278.711 0 0 0 1 
Seq_Frame0050_DriverToReference-SequenceTransformStatus = OK
Seq_Frame0050_Timestamp = 5.714
Seq_Frame0051_DriverToReference-SequenceTransform =0.356988 -0.851454 -0.38417 48.7108 -0.932005 -0.352253 -0.0853457 313.585 -0.0626571 0.388516 -0.919309 278.553 0 0 0 1 
Seq_Frame0051_DriverToReference-SequenceTransformStatus = OK
Seq_Frame0051_Timestamp = 5.823
Seq_Frame0052_DriverToReference-SequenceTransform =0.356933 -0.85191 -0.383208 48.7136 -0.932118 -0.351727 -0.0862827 313.416 -0.0612792 0.387992 -0.919623 278.586 0 0 0 1 
Seq_Frame0052_DriverToReference-SequenceTransformStatus = OK
Seq_Frame0052_Timestamp = 5.926
Seq_Frame0053_DriverToReference-SequenceTransform =0.356652 -0.853189 -0.380614 48.6385 -0.932395 -0.350645 -0.087684 313.608 -0.0586495 0.386155 -0.920567 278.792 0 0 0 1 
Seq_Frame0053_DriverToReference-SequenceTransformStatus = OK
Seq_Frame0053_Timestamp = 6.028
Seq_Frame0054_DriverToReference-SequenceTransform =0.361974 -0.854227 -0.37319 48.4289 -0.931736 -0.344001 -0.11632 313.63 -0.0290146 0.389819 -0.920434 279.276 0 0 0 1 
Seq_Frame0054_DriverToReference-SequenceTransformStatus = OK
Seq_Frame0054_Timestamp = 6.128
Seq_Frame0055_DriverToReference-SequenceTransform =0.352551 -0.855051 -0.380257 48.439 -0.934862 -0.339927 -0.102382 313.741 -0.0417171 0.391583 -0.919197 278.965 0 0 0 1 
Seq_Frame0055_DriverToReference-SequenceTransformStatus = OK
Seq_Frame0055_Timestamp = 6.233
Seq_Frame0056_DriverToReference-SequenceTransform =0.350696 -0.858759 -0.373559 47.7028 -0.936206 -0.331303 -0.117289 312.63 -0.0230381 0.390861 -0.920161 278.113 0 0 0 1 
Seq_Frame0056_DriverToReference-SequenceTransformStatus = OK
Seq_Frame0056_Timestamp = 6.343
Seq_Frame0057_DriverToReference-SequenceTransform =0.375427 -0.827461 -0.417568 40.6483 -0.926574 -0.324029 -0.190962 307.537 0.0227099 0.4586 -0.888353 272.189 0 0 0 1 
Seq_Frame0057_DriverToReference-SequenceTransformStatus = OK
Seq_Frame0057_Timestamp = 6.448
Seq_Frame0058_DriverToReference-SequenceTransform =0.353261 -0.796668 -0.490434 31.6743 -0.927638 -0.230362 -0.293976 298.563 0.121224 0.558796 -0.820398 261.964 0 0 0 1 
Seq_Frame0058_DriverToReference-SequenceTransformStatus = OK
Seq_Frame0058_Timestamp = 6.554
Seq_Frame0059_DriverToReference-SequenceTransform =0.293846 -0.769548 -0.566966 26.1171 -0.938093 -0.118368 -0.325531 296.854 0.183401 0.627522 -0.75669 251.399 0 0 0 1 
Seq_Frame0059_DriverToReference-SequenceTransformStatus = OK
Seq_Frame0059_Timestamp = 6.658
Seq_Frame0060_DriverToReference-SequenceTransform =0.338916 -0.734361 -0.588089 14.175 -0.930891 -0.171196 -0.322696 304.233 0.136297 0.656814 -0.741632 234.989 0 0 0 1 
Seq_Frame0060_DriverToReference-SequenceTransformStatus = OK
Seq_Frame0060_Timestamp = 6.759
Seq_Frame0061_DriverToReference-SequenceTransform =0.0519766 -0.80017 -0.597517 -5.47384 -0.997227 -0.00967836 -0.0737856 312.05 0.0532581 0.599695 -0.798455 210.334 0 0 0 1 
Seq_Frame0061_DriverToReference-SequenceTransformStatus = OK
Seq_Frame0061_Timestamp = 6.863
Seq_Frame0062_DriverToReference-SequenceTransform =-0.304418 -0.778308 -0.549151 -24.7022 -0.948231 0.192844 0.252329 318.742 -0.090489 0.597535 -0.79672 189.17 0 0 0 1 
Seq_Frame0062_DriverToReference-SequenceTransformStatus = OK
Seq_Frame0062_Timestamp = 6.968
Seq_Frame0063_DriverToReference-SequenceTransform =-0.645553 -0.634484 -0.425079 -27.4075 -0.726103 0.337381 0.599124 320.154 -0.236721 0.695417 -0.678497 172.675 0 0 0 1 
Seq_Frame0063_DriverToReference-SequenceTransformStatus = OK
Seq_Frame0063_Timestamp = 7.073
Seq_Frame0064_DriverToReference-SequenceTransform =-0.71317 -0.607485 -0.349787 -28.2878 -0.638789 0.357704 0.681173 319.579 -0.288682 0.709232 -0.643159 168.573 0 0 0 1 
Seq_Frame0064_DriverToReference-SequenceTransformStatus = OK
Seq_Frame0064_Timestamp = 7.178
Seq_Frame0065_DriverToReference-SequenceTransform =-0.71317 -0.607485 -0.349787 -28.2878 -0.638789 0.357704 0.681173 319.579 -0.288682 0.709232 -0.643159 168.573 0 0 0 1 
Seq_Frame0065_DriverToReference-SequenceTransformStatus = OK
Seq_Frame0065_Timestamp = 7.283
Seq_Frame0066_DriverToReference-SequenceTransform =-0.71317 -0.607485 -0.349787 -28.2878 -0.638789 0.357704 0.681173 319.579 -0.288682 0.709232 -0.643159 168.573 0 0 0 1 
Seq_Frame0066_DriverToReference-SequenceTransformStatus = OK
Seq_Frame0066_Timestamp = 7.394
Seq_Frame0067_DriverToReference-SequenceTransform =-0.71317 -0.607485 -0.349787 -28.2878 -0.638789 0.357704 0.681173 319.579 -0.288682 0.709232 -0.643159 168.573 0 0 0 1 
Seq_Frame0067_DriverToReference-SequenceTransformStatus = OK
Seq_Frame0067_Timestamp = 7.498
Seq_Frame0068_DriverToReference-SequenceTransform =-0.71317 -0.607485 -0.349787 -28.2878 -0.638789 0.357704 0.681173 319.579 -0.288682 0.709232 -0.643159 168.573 0 0 0 1 
Seq_Frame0068_DriverToReference-SequenceTransformStatus = OK
Seq_Frame0068_Timestamp = 7.598
Seq_Frame0069_DriverToReference-SequenceTransform =-0.71317 -0.607485 -0.349787 -28.2878 -0.638789 0.357704 0.681173 319.579 -0.288682 0.709232 -0.643159 168.573 0 0 0 1 
Seq_Frame0069_DriverToReference-SequenceTransformStatus = OK
Seq_Frame0069_Timestamp = 7.699
Seq_Frame0070_DriverToReference-SequenceTransform =-0.71317 -0.607485 -0.349787 -28.2878 -0.638789 0.357704 0.681173 319.579 -0.288682 0.709232 -0.643159 168.573 0 0 0 1 
Seq_Frame0070_DriverToReference-SequenceTransformStatus = OK
Seq_Frame0070_Timestamp = 7.803
Seq_Frame0071_DriverToReference-SequenceTransform =-0.71317 -0.607485 -0.349787 -28.2878 -0.638789 0.357704 0.681173 319.579 -0.288682 0.709232 -0.643159 168.573 0 0 0 1 
Seq_Frame0071_DriverToReference-SequenceTransformStatus = OK
Seq_Frame0071_Timestamp = 7.908
Seq_Frame0072_DriverToReference-SequenceTransform =-0.71317 -0.607485 -0.349787 -28.2878 -0.638789 0.357704 0.681173 319.579 -0.288682 0.709232 -0.643159 168.573 0 0 0 1 
Seq_Frame0072_DriverToReference-SequenceTransformStatus = OK
Seq_Frame0072_Timestamp = 8.013
Seq_Frame0073_DriverToReference-SequenceTransform =-0.71317 -0.607485 -0.349787 -28.2878 -0.638789 0.357704 0.681173 319.579 -0.288682 0.709232 -0.643159 168.573 0 0 0 1 
Seq_Frame0073_DriverToReference-SequenceTransformStatus = OK
Seq_Frame0073_Timestamp = 8.114
Seq_Frame0074_DriverToReference-SequenceTransform =-0.71317 -0.607485 -0.349787 -28.2878 -0.638789 0.357704 0.681173 319.579 -0.288682 0.709232 -0.643159 168.573 0 0 0 1 
Seq_Frame0074_DriverToReference-SequenceTransformStatus = OK
Seq_Frame0074_Timestamp = 8.218
Seq_Frame0075_DriverToReference-SequenceTransform =-0.71317 -0.607485 -0.349787 -28.2878 -0.638789 0.357704 0.681173 319.579 -0.288682 0.709232 -0.643159 168.573 0 0 0 1 
Seq_Frame0075_DriverToReference-SequenceTransformStatus = OK
Seq_Frame0075_Timestamp = 8.319
Seq_Frame0076_DriverToReference-SequenceTransform =-0.71317 -0.607485 -0.349787 -28.2878 -0.638789 0.357704 0.681173 319.579 -0.288682 0.709232 -0.643159 168.573 0 0 0 1 
Seq_Frame0076_DriverToReference-SequenceTransformStatus = OK
Seq_Frame0076_Timestamp = 8.423
Seq_Frame0077_DriverToReference-SequenceTransform =-0.71317 -0.607485 -0.349787 -28.2878 -0.638789 0.357704 0.681173 319.579 -0.288682 0.709232 -0.643159 168.573 0 0 0 1 
Seq_Frame0077_DriverToReference-SequenceTransformStatus = OK
Seq_Frame0077_Timestamp = 8.524
Seq_Frame0078_DriverToReference-SequenceTransform =-0.71317 -0.607485 -0.349787 -28.2878 -0.638789 0.357704 0.681173 319.579 -0.288682 0.709232 -0.643159 168.573 0 0 0 1 
Seq_Frame0078_DriverToReference-SequenceTransformStatus = OK
Seq_Frame0078_Timestamp = 8.624
Seq_Frame0079_DriverToReference-SequenceTransform =-0.71317 -0.607485 -0.349787 -28.2878 -0.638789 0.357704 0.681173 319.579 -0.288682 0.709232 -0.643159 168.573 0 0 0 1 
Seq_Frame0079_DriverToReference-SequenceTransformStatus = OK
Seq_Frame0079_Timestamp = 8.733
Seq_Frame0080_DriverToReference-SequenceTransform =-0.71317 -0.607485 -0.349787 -28.2878 -0.638789 0.357704 0.681173 319.579 -0.288682 0.709232 -0.643159 168.573 0 0 0 1 
Seq_Frame0080_DriverToReference-SequenceTransformStatus = OK
Seq_Frame0080_Timestamp = 8.838
Seq_Frame0081_DriverToReference-SequenceTransform =-0.71317 -0.607485 -0.349787 -28.2878 -0.638789 0.357704 0.681173 319.579 -0.288682 0.709232 -0.643159 168.573 0 0 0 1 
Seq_Frame0081_DriverToReference-SequenceTransformStatus = OK
Seq_Frame0081_Timestamp = 8.948
Seq_Frame0082_DriverToReference-SequenceTransform =-0.71317 -0.607485 -0.349787 -28.2878 -0.638789 0.357704 0.681173 319.579 -0.288682 0.709232 -0.643159 168.573 0 0 0 1 
Seq_Frame0082_DriverToReference-SequenceTransformStatus = OK
Seq_Frame0082_Timestamp = 9.048
Seq_Frame0083_DriverToReference-SequenceTransform =-0.71317 -0.607485 -0.349787 -28.2878 -0.638789 0.357704 0.681173 319.579 -0.288682 0.709232 -0.643159 168.573 0 0 0 1 
Seq_Frame0083_DriverToReference-SequenceTransformStatus = OK
Seq_Frame0083_Timestamp = 9.152
Seq_Frame0084_DriverToReference-SequenceTransform =-0.71317 -0.607485 -0.349787 -28.2878 -0.638789 0.357704 0.681173 319.579 -0.288682 0.709232 -0.643159 168.573 0 0 0 1 
Seq_Frame0084_DriverToReference-SequenceTransformStatus = OK
Seq_Frame0084_Timestamp = 9.258
Seq_Frame0085_DriverToReference-SequenceTransform =-0.71317 -0.607485 -0.349787 -28.2878 -0.638789 0.357704 0.681173 319.579 -0.288682 0.709232 -0.643159 168.573 0 0 0 1 
Seq_Frame0085_DriverToReference-SequenceTransformStatus = OK
Seq_Frame0085_Timestamp = 9.358
Seq_Frame0086_DriverToReference-SequenceTransform =-0.71317 -0.607485 -0.349787 -28.2878 -0.638789 0.357704 0.681173 319.579 -0.288682 0.709232 -0.643159 168.573 0 0 0 1 
Seq_Frame0086_DriverToReference-SequenceTransformStatus = OK
Seq_Frame0086_Timestamp = 9.464
Seq_Frame0087_DriverToReference-SequenceTransform =-0.71317 -0.607485 -0.349787 -28.2878 -0.638789 0.357704 0.681173 319.579 -0.288682 0.709232 -0.643159 168.573 0 0 0 1 
Seq_Frame0087_DriverToReference-SequenceTransformStatus = OK
Seq_Frame0087_Timestamp = 9.578
Seq_Frame0088_DriverToReference-SequenceTransform =-0.71317 -0.607485 -0.349787 -28.2878 -0.638789 0.357704 0.681173 319.579 -0.288682 0.709232 -0.643159 168.573 0 0 0 1 
Seq_Frame0088_DriverToReference-SequenceTransformStatus = OK
Seq_Frame0088_Timestamp = 9.688
Seq_Frame0089_DriverToReference-SequenceTransform =-0.71317 -0.607485 -0.349787 -28.2878 -0.638789 0.357704 0.681173 319.579 -0.288682 0.709232 -0.643159 168.573 0 0 0 1 
Seq_Frame0089_DriverToReference-SequenceTransformStatus = OK
Seq_Frame0089_Timestamp = 9.793
Seq_Frame0090_DriverToReference-SequenceTransform =-0.71317 -0.607485 -0.349787 -28.2878 -0.638789 0.357704 0.681173 319.579 -0.288682 0.709232 -0.643159 168.573 0 0 0 1 
Seq_Frame0090_DriverToReference-SequenceTransformStatus = OK
Seq_Frame0090_Timestamp = 9.898
Seq_Frame0091_DriverToReference-SequenceTransform =-0.71317 -0.607485 -0.349787 -28.2878 -0.638789 0.357704 0.681173 319.579 -0.288682 0.709232 -0.643159 168.573 0 0 0 1 
Seq_Frame0091_DriverToReference-SequenceTransformStatus = OK
Seq_Frame0091_Timestamp = 10.001
Seq_Frame0092_DriverToReference-SequenceTransform =-0.71317 -0.607485 -0.349787 -28.2878 -0.638789 0.357704 0.681173 319.579 -0.288682 0.709232 -0.643159 168.573 0 0 0 1 
Seq_Frame0092_DriverToReference-SequenceTransformStatus = OK
Seq_Frame0092_Timestamp = 10.109
Seq_Frame0093_DriverToReference-SequenceTransform =-0.71317 -0.607485 -0.349787 -28.2878 -0.638789 0.357704 0.681173 319.579 -0.288682 0.709232 -0.643159 168.573 0 0 0 1 
Seq_Frame0093_DriverToReference-SequenceTransformStatus = OK
Seq_Frame0093_Timestamp = 10.218
Seq_Frame0094_DriverToReference-SequenceTransform =-0.71317 -0.607485 -0.349787 -28.2878 -0.638789 0.357704 0.681173 319.579 -0.288682 0.709232 -0.643159 168.573 0 0 0 1 
Seq_Frame0094_DriverToReference-SequenceTransformStatus = OK
Seq_Frame0094_Timestamp = 10.319
Seq_Frame0095_DriverToReference-SequenceTransform =-0.71317 -0.607485 -0.349787 -28.2878 -0.638789 0.357704 0.681173 319.579 -0.288682 0.709232 -0.643159 168.573 0 0 0 1 
Seq_Frame0095_DriverToReference-SequenceTransformStatus = OK
Seq_Frame0095_Timestamp = 10.423
Seq_Frame0096_DriverToReference-SequenceTransform =-0.71317 -0.607485 -0.349787 -28.2878 -0.638789 0.357704 0.681173 319.579 -0.288682 0.709232 -0.643159 168.573 0 0 0 1 
Seq_Frame0096_DriverToReference-SequenceTransformStatus = OK
Seq_Frame0096_Timestamp = 10.524
Seq_Frame0097_DriverToReference-SequenceTransform =-0.71317 -0.607485 -0.349787 -28.2878 -0.638789 0.357704 0.681173 319.579 -0.288682 0.709232 -0.643159 168.573 0 0 0 1 
Seq_Frame0097_DriverToReference-SequenceTransformStatus = OK
Seq_Frame0097_Timestamp = 10.635
Seq_Frame0098_DriverToReference-SequenceTransform =-0.71317 -0.607485 -0.349787 -28.2878 -0.638789 0.357704 0.681173 319.579 -0.288682 0.709232 -0.643159 168.573 0 0 0 1 
Seq_Frame0098_DriverToReference-SequenceTransformStatus = OK
Seq_Frame0098_Timestamp = 10.744
Seq_Frame0099_DriverToReference-SequenceTransform =-0.71317 -0.607485 -0.349787 -28.2878 -0.638789 0.357704 0.681173 319.579 -0.288682 0.709232 -0.643159 168.573 0 0 0 1 
Seq_Frame0099_DriverToReference-SequenceTransformStatus = OK
Seq_Frame0099_Timestamp = 10.847
Seq_Frame0100_DriverToReference-SequenceTransform =-0.71317 -0.607485 -0.349787 -28.2878 -0.638789 0.357704 0.681173 319.579 -0.288682 0.709232 -0.643159 168.573 0 0 0 1 
Seq_Frame0100_DriverToReference-SequenceTransformStatus = OK
Seq_Frame0100_Timestamp = 10.948
Seq_Frame0101_DriverToReference-SequenceTransform =-0.71317 -0.607485 -0.349787 -28.2878 -0.638789 0.357704 0.681173 319.579 -0.288682 0.709232 -0.643159 168.573 0 0 0 1 
Seq_Frame0101_DriverToReference-SequenceTransformStatus = OK
Seq_Frame0101_Timestamp = 11.048
Seq_Frame0102_DriverToReference-SequenceTransform =-0.71317 -0.607485 -0.349787 -28.2878 -0.638789 0.357704 0.681173 319.579 -0.288682 0.709232 -0.643159 168.573 0 0 0 1 
Seq_Frame0102_DriverToReference-SequenceTransformStatus = OK
Seq_Frame0102_Timestamp = 11.153
Seq_Frame0103_DriverToReference-SequenceTransform =-0.71317 -0.607485 -0.349787 -28.2878 -0.638789 0.357704 0.681173 319.579 -0.288682 0.709232 -0.643159 168.573 0 0 0 1 
Seq_Frame0103_DriverToReference-SequenceTransformStatus = OK
Seq_Frame0103_Timestamp = 11.258
Seq_Frame0104_DriverToReference-SequenceTransform =-0.71317 -0.607485 -0.349787 -28.2878 -0.638789 0.357704 0.681173 319.579 -0.288682 0.709232 -0.643159 168.573 0 0 0 1 
Seq_Frame0104_DriverToReference-SequenceTransformStatus = OK
Seq_Frame0104_Timestamp = 11.358
Seq_Frame0105_DriverToReference-SequenceTransform =-0.71317 -0.607485 -0.349787 -28.2878 -0.638789 0.357704 0.681173 319.579 -0.288682 0.709232 -0.643159 168.573 0 0 0 1 
Seq_Frame0105_DriverToReference-SequenceTransformStatus = OK
Seq_Frame0105_Timestamp = 11.468
Seq_Frame0106_DriverToReference-SequenceTransform =-0.71317 -0.607485 -0.349787 -28.2878 -0.638789 0.357704 0.681173 319.579 -0.288682 0.709232 -0.643159 168.573 0 0 0 1 
Seq_Frame0106_DriverToReference-SequenceTransformStatus = OK
Seq_Frame0106_Timestamp = 11.569
Seq_Frame0107_DriverToReference-SequenceTransform =-0.71317 -0.607485 -0.349787 -28.2878 -0.638789 0.357704 0.681173 319.579 -0.288682 0.709232 -0.643159 168.573 0 0 0 1 
Seq_Frame0107_DriverToReference-SequenceTransformStatus = OK
Seq_Frame0107_Timestamp = 11.673
Seq_Frame0108_DriverToReference-SequenceTransform =-0.71317 -0.607485 -0.349787 -28.2878 -0.638789 0.357704 0.681173 319.579 -0.288682 0.709232 -0.643159 168.573 0 0 0 1 
Seq_Frame0108_DriverToReference-SequenceTransformStatus = OK
Seq_Frame0108_Timestamp = 11.776
Seq_Frame0109_DriverToReference-SequenceTransform =-0.71317 -0.607485 -0.349787 -28.2878 -0.638789 0.357704 0.681173 319.579 -0.288682 0.709232 -0.643159 168.573 0 0 0 1 
Seq_Frame0109_DriverToReference-SequenceTransformStatus = OK
Seq_Frame0109_Timestamp = 11.878
Seq_Frame0110_DriverToReference-SequenceTransform =-0.71317 -0.607485 -0.349787 -28.2878 -0.638789 0.357704 0.681173 319.579 -0.288682 0.709232 -0.643159 168.573 0 0 0 1 
Seq_Frame0110_DriverToReference-SequenceTransformStatus = OK
Seq_Frame0110_Timestamp = 11.979
Seq_Frame0111_DriverToReference-SequenceTransform =-0.71317 -0.607485 -0.349787 -28.2878 -0.638789 0.357704 0.681173 319.579 -0.288682 0.709232 -0.643159 168.573 0 0 0 1 
Seq_Frame0111_DriverToReference-SequenceTransformStatus = OK
Seq_Frame0111_Timestamp = 12.083
Seq_Frame0112_DriverToReference-SequenceTransform =-0.71317 -0.607485 -0.349787 -28.2878 -0.638789 0.357704 0.681173 319.579 -0.288682 0.709232 -0.643159 168.573 0 0 0 1 
Seq_Frame0112_DriverToReference-SequenceTransformStatus = OK
Seq_Frame0112_Timestamp = 12.188
Seq_Frame0113_DriverToReference-SequenceTransform =-0.71317 -0.607485 -0.349787 -28.2878 -0.638789 0.357704 0.681173 319.579 -0.288682 0.709232 -0.643159 168.573 0 0 0 1 
Seq_Frame0113_DriverToReference-SequenceTransformStatus = OK
Seq_Frame0113_Timestamp = 12.293
Seq_Frame0114_DriverToReference-SequenceTransform =-0.71317 -0.607485 -0.349787 -28.2878 -0.638789 0.357704 0.681173 319.579 -0.288682 0.709232 -0.643159 168.573 0 0 0 1 
Seq_Frame0114_DriverToReference-SequenceTransformStatus = OK
Seq_Frame0114_Timestamp = 12.394
Seq_Frame0115_DriverToReference-SequenceTransform =-0.71317 -0.607485 -0.349787 -28.2878 -0.638789 0.357704 0.681173 319.579 -0.288682 0.709232 -0.643159 168.573 0 0 0 1 
Seq_Frame0115_DriverToReference-SequenceTransformStatus = OK
Seq_Frame0115_Timestamp = 12.498
Seq_Frame0116_DriverToReference-SequenceTransform =-0.71317 -0.607485 -0.349787 -28.2878 -0.638789 0.357704 0.681173 319.579 -0.288682 0.709232 -0.643159 168.573 0 0 0 1 
Seq_Frame0116_DriverToReference-SequenceTransformStatus = OK
Seq_Frame0116_Timestamp = 12.598
Seq_Frame0117_DriverToReference-SequenceTransform =-0.71317 -0.607485 -0.349787 -28.2878 -0.638789 0.357704 0.681173 319.579 -0.288682 0.709232 -0.643159 168.573 0 0 0 1 
Seq_Frame0117_DriverToReference-SequenceTransformStatus = OK
Seq_Frame0117_Timestamp = 12.703
Seq_Frame0118_DriverToReference-SequenceTransform =-0.71317 -0.607485 -0.349787 -28.2878 -0.638789 0.357704 0.681173 319.579 -0.288682 0.709232 -0.643159 168.573 0 0 0 1 
Seq_Frame0118_DriverToReference-SequenceTransformStatus = OK
Seq_Frame0118_Timestamp = 12.807
Seq_Frame0119_DriverToReference-SequenceTransform =-0.71317 -0.607485 -0.349787 -28.2878 -0.638789 0.357704 0.681173 319.579 -0.288682 0.709232 -0.643159 168.573 0 0 0 1 
Seq_Frame0119_DriverToReference-SequenceTransformStatus = OK
Seq_Frame0119_Timestamp = 12.913
Seq_Frame0120_DriverToReference-SequenceTransform =-0.71317 -0.607485 -0.349787 -28.2878 -0.638789 0.357704 0.681173 319.579 -0.288682 0.709232 -0.643159 168.573 0 0 0 1 
Seq_Frame0120_DriverToReference-SequenceTransformStatus = OK
Seq_Frame0120_Timestamp = 13.018
Seq_Frame0121_DriverToReference-SequenceTransform =-0.71317 -0.607485 -0.349787 -28.2878 -0.638789 0.357704 0.681173 319.579 -0.288682 0.709232 -0.643159 168.573 0 0 0 1 
Seq_Frame0121_DriverToReference-SequenceTransformStatus = OK
Seq_Frame0121_Timestamp = 13.118
Seq_Frame0122_DriverToReference-SequenceTransform =-0.71317 -0.607485 -0.349787 -28.2878 -0.638789 0.357704 0.681173 319.579 -0.288682 0.709232 -0.643159 168.573 0 0 0 1 
Seq_Frame0122_DriverToReference-SequenceTransformStatus = OK
Seq_Frame0122_Timestamp = 13.225
Seq_Frame0123_DriverToReference-SequenceTransform =-0.71317 -0.607485 -0.349787 -28.2878 -0.638789 0.357704 0.681173 319.579 -0.288682 0.709232 -0.643159 168.573 0 0 0 1 
Seq_Frame0123_DriverToReference-SequenceTransformStatus = OK
Seq_Frame0123_Timestamp = 13.328
Seq_Frame0124_DriverToReference-SequenceTransform =-0.71317 -0.607485 -0.349787 -28.2878 -0.638789 0.357704 0.681173 319.579 -0.288682 0.709232 -0.643159 168.573 0 0 0 1 
Seq_Frame0124_DriverToReference-SequenceTransformStatus = OK
Seq_Frame0124_Timestamp = 13.433
Seq_Frame0125_DriverToReference-SequenceTransform =-0.71317 -0.607485 -0.349787 -28.2878 -0.638789 0.357704 0.681173 319.579 -0.288682 0.709232 -0.643159 168.573 0 0 0 1 
Seq_Frame0125_DriverToReference-SequenceTransformStatus = OK
Seq_Frame0125_Timestamp = 13.544
Seq_Frame0126_DriverToReference-SequenceTransform =-0.71317 -0.607485 -0.349787 -28.2878 -0.638789 0.357704 0.681173 319.579 -0.288682 0.709232 -0.643159 168.573 0 0 0 1 
Seq_Frame0126_DriverToReference-SequenceTransformStatus = OK
Seq_Frame0126_Timestamp = 13.653
Seq_Frame0127_DriverToReference-SequenceTransform =-0.71317 -0.607485 -0.349787 -28.2878 -0.638789 0.357704 0.681173 319.579 -0.288682 0.709232 -0.643159 168.573 0 0 0 1 
Seq_Frame0127_DriverToReference-SequenceTransformStatus = OK
Seq_Frame0127_Timestamp = 13.758
Seq_Frame0128_DriverToReference-SequenceTransform =-0.71317 -0.607485 -0.349787 -28.2878 -0.638789 0.357704 0.681173 319.579 -0.288682 0.709232 -0.643159 168.573 0 0 0 1 
Seq_Frame0128_DriverToReference-SequenceTransformStatus = OK
Seq_Frame0128_Timestamp = 13.858
Seq_Frame0129_DriverToReference-SequenceTransform =-0.71317 -0.607485 -0.349787 -28.2878 -0.638789 0.357704 0.681173 319.579 -0.288682 0.709232 -0.643159 168.573 0 0 0 1 
Seq_Frame0129_DriverToReference-SequenceTransformStatus = OK
Seq_Frame0129_Timestamp = 13.959
Seq_Frame0130_DriverToReference-SequenceTransform =-0.71317 -0.607485 -0.349787 -28.2878 -0.638789 0.357704 0.681173 319.579 -0.288682 0.709232 -0.643159 168.573 0 0 0 1 
Seq_Frame0130_DriverToReference-SequenceTransformStatus = OK
Seq_Frame0130_Timestamp = 14.063
Seq_Frame0131_DriverToReference-SequenceTransform =-0.71317 -0.607485 -0.349787 -28.2878 -0.638789 0.357704 0.681173 319.579 -0.288682 0.709232 -0.643159 168.573 0 0 0 1 
Seq_Frame0131_DriverToReference-SequenceTransformStatus = OK
Seq_Frame0131_Timestamp = 14.164
Seq_Frame0132_DriverToReference-SequenceTransform =-0.71317 -0.607485 -0.349787 -28.2878 -0.638789 0.357704 0.681173 319.579 -0.288682 0.709232 -0.643159 168.573 0 0 0 1 
Seq_Frame0132_DriverToReference-SequenceTransformStatus = OK
Seq_Frame0132_Timestamp = 14.268
Seq_Frame0133_DriverToReference-SequenceTransform =-0.71317 -0.607485 -0.349787 -28.2878 -0.638789 0.357704 0.681173 319.579 -0.288682 0.709232 -0.643159 168.573 0 0 0 1 
Seq_Frame0133_DriverToReference-SequenceTransformStatus = OK
Seq_Frame0133_Timestamp = 14.369
Seq_Frame0134_DriverToReference-SequenceTransform =-0.71317 -0.607485 -0.349787 -28.2878 -0.638789 0.357704 0.681173 319.579 -0.288682 0.709232 -0.643159 168.573 0 0 0 1 
Seq_Frame0134_DriverToReference-SequenceTransformStatus = OK
Seq_Frame0134_Timestamp = 14.473
Seq_Frame0135_DriverToReference-SequenceTransform =-0.71317 -0.607485 -0.349787 -28.2878 -0.638789 0.357704 0.681173 319.579 -0.288682 0.709232 -0.643159 168.573 0 0 0 1 
Seq_Frame0135_DriverToReference-SequenceTransformStatus = OK
Seq_Frame0135_Timestamp = 14.574
Seq_Frame0136_DriverToReference-SequenceTransform =-0.71317 -0.607485 -0.349787 -28.2878 -0.638789 0.357704 0.681173 319.579 -0.288682 0.709232 -0.643159 168.573 0 0 0 1 
Seq_Frame0136_DriverToReference-SequenceTransformStatus = OK
Seq_Frame0136_Timestamp = 14.676
Seq_Frame0137_DriverToReference-SequenceTransform =-0.71317 -0.607485 -0.349787 -28.2878 -0.638789 0.357704 0.681173 319.579 -0.288682 0.709232 -0.643159 168.573 0 0 0 1 
Seq_Frame0137_DriverToReference-SequenceTransformStatus = OK
Seq_Frame0137_Timestamp = 14.776
Seq_Frame0138_DriverToReference-SequenceTransform =-0.71317 -0.607485 -0.349787 -28.2878 -0.638789 0.357704 0.681173 319.579 -0.288682 0.709232 -0.643159 168.573 0 0 0 1 
Seq_Frame0138_DriverToReference-SequenceTransformStatus = OK
Seq_Frame0138_Timestamp = 14.883
Seq_Frame0139_DriverToReference-SequenceTransform =-0.71317 -0.607485 -0.349787 -28.2878 -0.638789 0.357704 0.681173 319.579 -0.288682 0.709232 -0.643159 168.573 0 0 0 1 
Seq_Frame0139_DriverToReference-SequenceTransformStatus = OK
Seq_Frame0139_Timestamp = 14.988
Seq_Frame0140_DriverToReference-SequenceTransform =-0.71317 -0.607485 -0.349787 -28.2878 -0.638789 0.357704 0.681173 319.579 -0.288682 0.709232 -0.643159 168.573 0 0 0 1 
Seq_Frame0140_DriverToReference-SequenceTransformStatus = OK
Seq_Frame0140_Timestamp = 15.093
Seq_Frame0141_DriverToReference-SequenceTransform =-0.71317 -0.607485 -0.349787 -28.2878 -0.638789 0.357704 0.681173 319.579 -0.288682 0.709232 -0.643159 168.573 0 0 0 1 
Seq_Frame0141_DriverToReference-SequenceTransformStatus = OK
Seq_Frame0141_Timestamp = 15.193
Seq_Frame0142_DriverToReference-SequenceTransform =-0.71317 -0.607485 -0.349787 -28.2878 -0.638789 0.357704 0.681173 319.579 -0.288682 0.709232 -0.643159 168.573 0 0 0 1 
Seq_Frame0142_DriverToReference-SequenceTransformStatus = OK
Seq_Frame0142_Timestamp = 15.298
Seq_Frame0143_DriverToReference-SequenceTransform =-0.71317 -0.607485 -0.349787 -28.2878 -0.638789 0.357704 0.681173 319.579 -0.288682 0.709232 -0.643159 168.573 0 0 0 1 
Seq_Frame0143_DriverToReference-SequenceTransformStatus = OK
Seq_Frame0143_Timestamp = 15.399
Seq_Frame0144_DriverToReference-SequenceTransform =-0.71317 -0.607485 -0.349787 -28.2878 -0.638789 0.357704 0.681173 319.579 -0.288682 0.709232 -0.643159 168.573 0 0 0 1 
Seq_Frame0144_DriverToReference-SequenceTransformStatus = OK
Seq_Frame0144_Timestamp = 15.503
Seq_Frame0145_DriverToReference-SequenceTransform =-0.71317 -0.607485 -0.349787 -28.2878 -0.638789 0.357704 0.681173 319.579 -0.288682 0.709232 -0.643159 168.573 0 0 0 1 
Seq_Frame0145_DriverToReference-SequenceTransformStatus = OK
Seq_Frame0145_Timestamp = 15.609
Seq_Frame0146_DriverToReference-SequenceTransform =-0.71317 -0.607485 -0.349787 -28.2878 -0.638789 0.357704 0.681173 319.579 -0.288682 0.709232 -0.643159 168.573 0 0 0 1 
Seq_Frame0146_DriverToReference-SequenceTransformStatus = OK
Seq_Frame0146_Timestamp = 15.718
Seq_Frame0147_DriverToReference-SequenceTransform =-0.71317 -0.607485 -0.349787 -28.2878 -0.638789 0.357704 0.681173 319.579 -0.288682 0.709232 -0.643159 168.573 0 0 0 1 
Seq_Frame0147_DriverToReference-SequenceTransformStatus = OK
Seq_Frame0147_Timestamp = 15.823
Seq_Frame0148_DriverToReference-SequenceTransform =-0.71317 -0.607485 -0.349787 -28.2878 -0.638789 0.357704 0.681173 319.579 -0.288682 0.709232 -0.643159 168.573 0 0 0 1 
Seq_Frame0148_DriverToReference-SequenceTransformStatus = OK
Seq_Frame0148_Timestamp = 15.923
Seq_Frame0149_DriverToReference-SequenceTransform =-0.71317 -0.607485 -0.349787 -28.2878 -0.638789 0.357704 0.681173 319.579 -0.288682 0.709232 -0.643159 168.573 0 0 0 1 
Seq_Frame0149_DriverToReference-SequenceTransformStatus = OK
Seq_Frame0149_Timestamp = 16.027
