ObjectType = Image
NDims = 3
AnatomicalOrientation = RAI
BinaryData = True
CompressedData = False
DimSize = 0 0 1163
ElementSpacing = 1 1 1
Offset = 0 0 0
TransformMatrix = 1 0 0 0 1 0 0 0 1
ElementType = MET_UCHAR
Kinds = domain domain list
Seq_Frame0000_ForcepToReference-SequenceTransform =0.311969 0.946014 -0.0879377 82.9357 -0.918272 0.276473 -0.283442 28.5759 -0.243828 0.169176 0.954949 68.9678 0 0 0 1 
Seq_Frame0000_ForcepToReference-SequenceTransformStatus = OK
Seq_Frame0000_Timestamp = 0.00300002
Seq_Frame0001_ForcepToReference-SequenceTransform =0.311969 0.946014 -0.0879377 82.9357 -0.918272 0.276473 -0.283442 28.5759 -0.243828 0.169176 0.954949 68.9678 0 0 0 1 
Seq_Frame0001_ForcepToReference-SequenceTransformStatus = OK
Seq_Frame0001_Timestamp = 0.104
Seq_Frame0002_ForcepToReference-SequenceTransform =0.311969 0.946014 -0.0879377 82.9357 -0.918272 0.276473 -0.283442 28.5759 -0.243828 0.169176 0.954949 68.9678 0 0 0 1 
Seq_Frame0002_ForcepToReference-SequenceTransformStatus = OK
Seq_Frame0002_Timestamp = 0.213
Seq_Frame0003_ForcepToReference-SequenceTransform =0.311969 0.946014 -0.0879377 82.9357 -0.918272 0.276473 -0.283442 28.5759 -0.243828 0.169176 0.954949 68.9678 0 0 0 1 
Seq_Frame0003_ForcepToReference-SequenceTransformStatus = OK
Seq_Frame0003_Timestamp = 0.318
Seq_Frame0004_ForcepToReference-SequenceTransform =0.311969 0.946014 -0.0879377 82.9357 -0.918272 0.276473 -0.283442 28.5759 -0.243828 0.169176 0.954949 68.9678 0 0 0 1 
Seq_Frame0004_ForcepToReference-SequenceTransformStatus = OK
Seq_Frame0004_Timestamp = 0.423
Seq_Frame0005_ForcepToReference-SequenceTransform =0.311969 0.946014 -0.0879377 82.9357 -0.918272 0.276473 -0.283442 28.5759 -0.243828 0.169176 0.954949 68.9678 0 0 0 1 
Seq_Frame0005_ForcepToReference-SequenceTransformStatus = OK
Seq_Frame0005_Timestamp = 0.524
Seq_Frame0006_ForcepToReference-SequenceTransform =0.311969 0.946014 -0.0879377 82.9357 -0.918272 0.276473 -0.283442 28.5759 -0.243828 0.169176 0.954949 68.9678 0 0 0 1 
Seq_Frame0006_ForcepToReference-SequenceTransformStatus = OK
Seq_Frame0006_Timestamp = 0.624
Seq_Frame0007_ForcepToReference-SequenceTransform =0.311969 0.946014 -0.0879377 82.9357 -0.918272 0.276473 -0.283442 28.5759 -0.243828 0.169176 0.954949 68.9678 0 0 0 1 
Seq_Frame0007_ForcepToReference-SequenceTransformStatus = OK
Seq_Frame0007_Timestamp = 0.728
Seq_Frame0008_ForcepToReference-SequenceTransform =0.313609 0.945161 -0.0912181 83.0566 -0.928536 0.285151 -0.237717 33.6723 -0.19867 0.159249 0.967042 65.8477 0 0 0 1 
Seq_Frame0008_ForcepToReference-SequenceTransformStatus = OK
Seq_Frame0008_Timestamp = 1.368
Seq_Frame0009_ForcepToReference-SequenceTransform =0.317388 0.944269 -0.0872922 82.7123 -0.929072 0.291193 -0.228103 34.4219 -0.189972 0.153498 0.969716 65.521 0 0 0 1 
Seq_Frame0009_ForcepToReference-SequenceTransformStatus = OK
Seq_Frame0009_Timestamp = 1.469
Seq_Frame0010_ForcepToReference-SequenceTransform =0.318151 0.944149 -0.0858077 82.758 -0.928878 0.292335 -0.227435 34.5197 -0.189648 0.152063 0.970005 65.4935 0 0 0 1 
Seq_Frame0010_ForcepToReference-SequenceTransformStatus = OK
Seq_Frame0010_Timestamp = 1.569
Seq_Frame0011_ForcepToReference-SequenceTransform =0.318162 0.944059 -0.0867501 82.7027 -0.929209 0.292389 -0.22601 34.6311 -0.188002 0.152517 0.970255 65.4297 0 0 0 1 
Seq_Frame0011_ForcepToReference-SequenceTransformStatus = OK
Seq_Frame0011_Timestamp = 1.679
Seq_Frame0012_ForcepToReference-SequenceTransform =0.318793 0.94398 -0.0852801 82.7181 -0.928404 0.292874 -0.22867 34.5053 -0.190884 0.152073 0.969761 65.4769 0 0 0 1 
Seq_Frame0012_ForcepToReference-SequenceTransformStatus = OK
Seq_Frame0012_Timestamp = 1.779
Seq_Frame0013_ForcepToReference-SequenceTransform =0.318484 0.944001 -0.0861975 82.7079 -0.929097 0.292828 -0.2259 34.6707 -0.188008 0.152031 0.97033 65.3568 0 0 0 1 
Seq_Frame0013_ForcepToReference-SequenceTransformStatus = OK
Seq_Frame0013_Timestamp = 1.883
Seq_Frame0014_ForcepToReference-SequenceTransform =0.318269 0.944131 -0.0855686 82.7383 -0.928811 0.292484 -0.227516 34.5195 -0.189778 0.151888 0.970007 65.458 0 0 0 1 
Seq_Frame0014_ForcepToReference-SequenceTransformStatus = OK
Seq_Frame0014_Timestamp = 1.983
Seq_Frame0015_ForcepToReference-SequenceTransform =0.318188 0.944061 -0.086631 82.7086 -0.928865 0.292172 -0.227695 34.5471 -0.189646 0.152918 0.969871 65.4623 0 0 0 1 
Seq_Frame0015_ForcepToReference-SequenceTransformStatus = OK
Seq_Frame0015_Timestamp = 2.084
Seq_Frame0016_ForcepToReference-SequenceTransform =0.318399 0.944031 -0.0861846 82.6282 -0.929943 0.293415 -0.221617 34.7977 -0.183926 0.150709 0.971318 65.2611 0 0 0 1 
Seq_Frame0016_ForcepToReference-SequenceTransformStatus = OK
Seq_Frame0016_Timestamp = 2.184
Seq_Frame0017_ForcepToReference-SequenceTransform =0.318419 0.944018 -0.0862549 82.6652 -0.929151 0.292778 -0.225742 34.6392 -0.187851 0.152024 0.970361 65.3839 0 0 0 1 
Seq_Frame0017_ForcepToReference-SequenceTransformStatus = OK
Seq_Frame0017_Timestamp = 2.288
Seq_Frame0018_ForcepToReference-SequenceTransform =0.317977 0.943991 -0.0881622 82.6726 -0.929394 0.291973 -0.225784 34.6564 -0.187397 0.153732 0.97018 65.4411 0 0 0 1 
Seq_Frame0018_ForcepToReference-SequenceTransformStatus = OK
Seq_Frame0018_Timestamp = 2.401
Seq_Frame0019_ForcepToReference-SequenceTransform =0.31851 0.943966 -0.0864801 82.6639 -0.929254 0.29292 -0.225134 34.7118 -0.187187 0.152069 0.970482 65.2747 0 0 0 1 
Seq_Frame0019_ForcepToReference-SequenceTransformStatus = OK
Seq_Frame0019_Timestamp = 2.502
Seq_Frame0020_ForcepToReference-SequenceTransform =0.318178 0.944021 -0.0871014 82.6589 -0.929581 0.292628 -0.224161 34.7059 -0.186124 0.152291 0.970652 65.331 0 0 0 1 
Seq_Frame0020_ForcepToReference-SequenceTransformStatus = OK
Seq_Frame0020_Timestamp = 2.603
Seq_Frame0021_ForcepToReference-SequenceTransform =0.318357 0.944023 -0.0864231 82.7021 -0.929052 0.292581 -0.226406 34.6261 -0.188446 0.152369 0.970192 65.3816 0 0 0 1 
Seq_Frame0021_ForcepToReference-SequenceTransformStatus = OK
Seq_Frame0021_Timestamp = 2.708
Seq_Frame0022_ForcepToReference-SequenceTransform =0.318157 0.944122 -0.0860744 82.7568 -0.928893 0.29229 -0.227431 34.5076 -0.189564 0.152313 0.969983 65.5168 0 0 0 1 
Seq_Frame0022_ForcepToReference-SequenceTransformStatus = OK
Seq_Frame0022_Timestamp = 2.808
Seq_Frame0023_ForcepToReference-SequenceTransform =0.317042 0.944511 -0.0859278 82.7523 -0.930166 0.291978 -0.222575 34.5392 -0.185136 0.150493 0.971121 65.4089 0 0 0 1 
Seq_Frame0023_ForcepToReference-SequenceTransformStatus = OK
Seq_Frame0023_Timestamp = 2.918
Seq_Frame0024_ForcepToReference-SequenceTransform =0.318071 0.944166 -0.0859178 82.7473 -0.928912 0.292238 -0.227419 34.5023 -0.189613 0.152146 0.969999 65.4967 0 0 0 1 
Seq_Frame0024_ForcepToReference-SequenceTransformStatus = OK
Seq_Frame0024_Timestamp = 3.019
Seq_Frame0025_ForcepToReference-SequenceTransform =0.318393 0.944077 -0.0857046 82.7492 -0.928497 0.292354 -0.228958 34.4883 -0.191098 0.152475 0.969656 65.5096 0 0 0 1 
Seq_Frame0025_ForcepToReference-SequenceTransformStatus = OK
Seq_Frame0025_Timestamp = 3.12
Seq_Frame0026_ForcepToReference-SequenceTransform =0.317903 0.94429 -0.0851722 82.7815 -0.928578 0.291944 -0.229154 34.3513 -0.191522 0.151938 0.969657 65.5663 0 0 0 1 
Seq_Frame0026_ForcepToReference-SequenceTransformStatus = OK
Seq_Frame0026_Timestamp = 3.226
Seq_Frame0027_ForcepToReference-SequenceTransform =0.317767 0.944187 -0.0867993 82.7215 -0.92903 0.291746 -0.227568 34.5338 -0.189544 0.152953 0.969886 65.46 0 0 0 1 
Seq_Frame0027_ForcepToReference-SequenceTransformStatus = OK
Seq_Frame0027_Timestamp = 3.333
Seq_Frame0028_ForcepToReference-SequenceTransform =0.318198 0.944105 -0.0861141 82.7406 -0.928824 0.292276 -0.227732 34.5356 -0.189833 0.152448 0.969909 65.4616 0 0 0 1 
Seq_Frame0028_ForcepToReference-SequenceTransformStatus = OK
Seq_Frame0028_Timestamp = 3.433
Seq_Frame0029_ForcepToReference-SequenceTransform =0.317226 0.944438 -0.0860488 82.7546 -0.930054 0.292086 -0.222901 34.5493 -0.185383 0.15074 0.971036 65.4357 0 0 0 1 
Seq_Frame0029_ForcepToReference-SequenceTransformStatus = OK
Seq_Frame0029_Timestamp = 3.535
Seq_Frame0030_ForcepToReference-SequenceTransform =0.318229 0.944113 -0.0859087 82.7376 -0.928896 0.292421 -0.22725 34.5243 -0.189428 0.152118 0.97004 65.479 0 0 0 1 
Seq_Frame0030_ForcepToReference-SequenceTransformStatus = OK
Seq_Frame0030_Timestamp = 3.638
Seq_Frame0031_ForcepToReference-SequenceTransform =0.319411 0.943848 -0.0844306 82.7822 -0.928784 0.294144 -0.225475 34.782 -0.187979 0.150437 0.970584 65.3696 0 0 0 1 
Seq_Frame0031_ForcepToReference-SequenceTransformStatus = OK
Seq_Frame0031_Timestamp = 3.745
Seq_Frame0032_ForcepToReference-SequenceTransform =0.319037 0.94391 -0.085146 82.7558 -0.928738 0.293474 -0.226536 34.6643 -0.188841 0.151352 0.970274 65.4136 0 0 0 1 
Seq_Frame0032_ForcepToReference-SequenceTransformStatus = OK
Seq_Frame0032_Timestamp = 3.852
Seq_Frame0033_ForcepToReference-SequenceTransform =0.347015 0.932674 -0.0984901 83.9149 -0.922085 0.320112 -0.217457 33.5227 -0.171289 0.166277 0.971088 63.8861 0 0 0 1 
Seq_Frame0033_ForcepToReference-SequenceTransformStatus = OK
Seq_Frame0033_Timestamp = 3.955
Seq_Frame0034_ForcepToReference-SequenceTransform =0.577436 0.812542 -0.0796371 86.9306 -0.814961 0.579505 0.00357063 42.4119 0.0490514 0.0628393 0.996818 62.7629 0 0 0 1 
Seq_Frame0034_ForcepToReference-SequenceTransformStatus = OK
Seq_Frame0034_Timestamp = 4.058
Seq_Frame0035_ForcepToReference-SequenceTransform =0.567485 0.794157 -0.217428 85.7175 -0.815121 0.579166 -0.01205 51.407 0.116358 0.184069 0.976002 53.3362 0 0 0 1 
Seq_Frame0035_ForcepToReference-SequenceTransformStatus = OK
Seq_Frame0035_Timestamp = 4.159
Seq_Frame0036_ForcepToReference-SequenceTransform =0.719396 0.693305 -0.0424063 84.5867 -0.693943 0.714717 -0.0873123 95.8839 -0.0302255 0.0922397 0.995278 19.2864 0 0 0 1 
Seq_Frame0036_ForcepToReference-SequenceTransformStatus = OK
Seq_Frame0036_Timestamp = 4.259
Seq_Frame0037_ForcepToReference-SequenceTransform =0.878279 0.428537 0.21209 74.004 -0.442748 0.896369 0.0222942 155.84 -0.180557 -0.113483 0.976996 -4.5032 0 0 0 1 
Seq_Frame0037_ForcepToReference-SequenceTransformStatus = OK
Seq_Frame0037_Timestamp = 4.364
Seq_Frame0038_ForcepToReference-SequenceTransform =0.841564 0.513854 0.166506 95.7591 -0.535409 0.834328 0.13128 169.151 -0.0714619 -0.199629 0.977262 20.3752 0 0 0 1 
Seq_Frame0038_ForcepToReference-SequenceTransformStatus = OK
Seq_Frame0038_Timestamp = 4.468
Seq_Frame0039_ForcepToReference-SequenceTransform =0.75398 0.553254 0.354152 99.0907 -0.644187 0.728274 0.233753 170.618 -0.128595 -0.404385 0.905503 35.4765 0 0 0 1 
Seq_Frame0039_ForcepToReference-SequenceTransformStatus = OK
Seq_Frame0039_Timestamp = 4.568
Seq_Frame0040_ForcepToReference-SequenceTransform =0.763166 0.292637 0.576143 91.7526 -0.400031 0.914154 0.0655652 220.122 -0.507497 -0.280512 0.814715 46.1984 0 0 0 1 
Seq_Frame0040_ForcepToReference-SequenceTransformStatus = OK
Seq_Frame0040_Timestamp = 4.669
Seq_Frame0041_ForcepToReference-SequenceTransform =0.707663 0.262244 0.65608 87.288 -0.310693 0.949473 -0.0443962 231.751 -0.634573 -0.172422 0.753384 52.1375 0 0 0 1 
Seq_Frame0041_ForcepToReference-SequenceTransformStatus = OK
Seq_Frame0041_Timestamp = 4.773
Seq_Frame0042_ForcepToReference-SequenceTransform =0.707663 0.262244 0.65608 87.288 -0.310693 0.949473 -0.0443962 231.751 -0.634573 -0.172422 0.753384 52.1375 0 0 0 1 
Seq_Frame0042_ForcepToReference-SequenceTransformStatus = OK
Seq_Frame0042_Timestamp = 4.883
Seq_Frame0043_ForcepToReference-SequenceTransform =0.707663 0.262244 0.65608 87.288 -0.310693 0.949473 -0.0443962 231.751 -0.634573 -0.172422 0.753384 52.1375 0 0 0 1 
Seq_Frame0043_ForcepToReference-SequenceTransformStatus = OK
Seq_Frame0043_Timestamp = 4.993
Seq_Frame0044_ForcepToReference-SequenceTransform =0.707663 0.262244 0.65608 87.288 -0.310693 0.949473 -0.0443962 231.751 -0.634573 -0.172422 0.753384 52.1375 0 0 0 1 
Seq_Frame0044_ForcepToReference-SequenceTransformStatus = OK
Seq_Frame0044_Timestamp = 5.094
Seq_Frame0045_ForcepToReference-SequenceTransform =0.707663 0.262244 0.65608 87.288 -0.310693 0.949473 -0.0443962 231.751 -0.634573 -0.172422 0.753384 52.1375 0 0 0 1 
Seq_Frame0045_ForcepToReference-SequenceTransformStatus = OK
Seq_Frame0045_Timestamp = 5.203
Seq_Frame0046_ForcepToReference-SequenceTransform =0.707663 0.262244 0.65608 87.288 -0.310693 0.949473 -0.0443962 231.751 -0.634573 -0.172422 0.753384 52.1375 0 0 0 1 
Seq_Frame0046_ForcepToReference-SequenceTransformStatus = OK
Seq_Frame0046_Timestamp = 5.304
Seq_Frame0047_ForcepToReference-SequenceTransform =0.707663 0.262244 0.65608 87.288 -0.310693 0.949473 -0.0443962 231.751 -0.634573 -0.172422 0.753384 52.1375 0 0 0 1 
Seq_Frame0047_ForcepToReference-SequenceTransformStatus = OK
Seq_Frame0047_Timestamp = 5.408
Seq_Frame0048_ForcepToReference-SequenceTransform =0.707663 0.262244 0.65608 87.288 -0.310693 0.949473 -0.0443962 231.751 -0.634573 -0.172422 0.753384 52.1375 0 0 0 1 
Seq_Frame0048_ForcepToReference-SequenceTransformStatus = OK
Seq_Frame0048_Timestamp = 5.509
Seq_Frame0049_ForcepToReference-SequenceTransform =0.707663 0.262244 0.65608 87.288 -0.310693 0.949473 -0.0443962 231.751 -0.634573 -0.172422 0.753384 52.1375 0 0 0 1 
Seq_Frame0049_ForcepToReference-SequenceTransformStatus = OK
Seq_Frame0049_Timestamp = 5.612
Seq_Frame0050_ForcepToReference-SequenceTransform =0.707663 0.262244 0.65608 87.288 -0.310693 0.949473 -0.0443962 231.751 -0.634573 -0.172422 0.753384 52.1375 0 0 0 1 
Seq_Frame0050_ForcepToReference-SequenceTransformStatus = OK
Seq_Frame0050_Timestamp = 5.714
Seq_Frame0051_ForcepToReference-SequenceTransform =0.707663 0.262244 0.65608 87.288 -0.310693 0.949473 -0.0443962 231.751 -0.634573 -0.172422 0.753384 52.1375 0 0 0 1 
Seq_Frame0051_ForcepToReference-SequenceTransformStatus = OK
Seq_Frame0051_Timestamp = 5.823
Seq_Frame0052_ForcepToReference-SequenceTransform =0.707663 0.262244 0.65608 87.288 -0.310693 0.949473 -0.0443962 231.751 -0.634573 -0.172422 0.753384 52.1375 0 0 0 1 
Seq_Frame0052_ForcepToReference-SequenceTransformStatus = OK
Seq_Frame0052_Timestamp = 5.926
Seq_Frame0053_ForcepToReference-SequenceTransform =0.707663 0.262244 0.65608 87.288 -0.310693 0.949473 -0.0443962 231.751 -0.634573 -0.172422 0.753384 52.1375 0 0 0 1 
Seq_Frame0053_ForcepToReference-SequenceTransformStatus = OK
Seq_Frame0053_Timestamp = 6.028
Seq_Frame0054_ForcepToReference-SequenceTransform =0.707663 0.262244 0.65608 87.288 -0.310693 0.949473 -0.0443962 231.751 -0.634573 -0.172422 0.753384 52.1375 0 0 0 1 
Seq_Frame0054_ForcepToReference-SequenceTransformStatus = OK
Seq_Frame0054_Timestamp = 6.128
Seq_Frame0055_ForcepToReference-SequenceTransform =0.707663 0.262244 0.65608 87.288 -0.310693 0.949473 -0.0443962 231.751 -0.634573 -0.172422 0.753384 52.1375 0 0 0 1 
Seq_Frame0055_ForcepToReference-SequenceTransformStatus = OK
Seq_Frame0055_Timestamp = 6.233
Seq_Frame0056_ForcepToReference-SequenceTransform =0.707663 0.262244 0.65608 87.288 -0.310693 0.949473 -0.0443962 231.751 -0.634573 -0.172422 0.753384 52.1375 0 0 0 1 
Seq_Frame0056_ForcepToReference-SequenceTransformStatus = OK
Seq_Frame0056_Timestamp = 6.343
Seq_Frame0057_ForcepToReference-SequenceTransform =0.707663 0.262244 0.65608 87.288 -0.310693 0.949473 -0.0443962 231.751 -0.634573 -0.172422 0.753384 52.1375 0 0 0 1 
Seq_Frame0057_ForcepToReference-SequenceTransformStatus = OK
Seq_Frame0057_Timestamp = 6.448
Seq_Frame0058_ForcepToReference-SequenceTransform =0.435958 0.168569 0.884039 78.8136 -0.365841 0.930673 0.0029511 243.845 -0.822254 -0.324704 0.467404 51.7213 0 0 0 1 
Seq_Frame0058_ForcepToReference-SequenceTransformStatus = OK
Seq_Frame0058_Timestamp = 6.554
Seq_Frame0059_ForcepToReference-SequenceTransform =0.398155 0.138755 0.906763 62.8071 -0.577745 0.805736 0.130389 228.467 -0.712519 -0.575793 0.400972 19.6815 0 0 0 1 
Seq_Frame0059_ForcepToReference-SequenceTransformStatus = OK
Seq_Frame0059_Timestamp = 6.658
Seq_Frame0060_ForcepToReference-SequenceTransform =0.346642 0.0700417 0.935379 37.0599 -0.712763 0.66792 0.214129 220.155 -0.60976 -0.74093 0.281452 -5.15668 0 0 0 1 
Seq_Frame0060_ForcepToReference-SequenceTransformStatus = OK
Seq_Frame0060_Timestamp = 6.759
Seq_Frame0061_ForcepToReference-SequenceTransform =0.232206 -0.00343539 0.972661 5.76564 -0.696965 0.696943 0.16885 230.468 -0.678469 -0.717118 0.15944 -16.4618 0 0 0 1 
Seq_Frame0061_ForcepToReference-SequenceTransformStatus = OK
Seq_Frame0061_Timestamp = 6.863
Seq_Frame0062_ForcepToReference-SequenceTransform =-0.0189703 -0.00230777 0.999817 -18.9612 -0.60612 0.795315 -0.00966464 256.123 -0.795147 -0.606192 -0.0164862 -14.9344 0 0 0 1 
Seq_Frame0062_ForcepToReference-SequenceTransformStatus = OK
Seq_Frame0062_Timestamp = 6.968
Seq_Frame0063_ForcepToReference-SequenceTransform =-0.098672 -0.0586328 0.993391 -37.3917 -0.607279 0.794375 -0.0134337 267.727 -0.788338 -0.604591 -0.113989 -15.0913 0 0 0 1 
Seq_Frame0063_ForcepToReference-SequenceTransformStatus = OK
Seq_Frame0063_Timestamp = 7.073
Seq_Frame0064_ForcepToReference-SequenceTransform =-0.691517 -0.537299 -0.482819 -54.405 0.600882 -0.798835 0.0283613 268.097 -0.400931 -0.270505 0.875261 -9.82522 0 0 0 1 
Seq_Frame0064_ForcepToReference-SequenceTransformStatus = OK
Seq_Frame0064_Timestamp = 7.178
Seq_Frame0065_ForcepToReference-SequenceTransform =-0.18938 -0.208814 0.959444 -73.1161 -0.612545 0.788804 0.050768 273.564 -0.767414 -0.578088 -0.277292 4.63146 0 0 0 1 
Seq_Frame0065_ForcepToReference-SequenceTransformStatus = OK
Seq_Frame0065_Timestamp = 7.283
Seq_Frame0066_ForcepToReference-SequenceTransform =-0.243263 -0.262787 0.933684 -85.8865 -0.591663 0.802978 0.0718465 279.928 -0.768608 -0.534948 -0.350816 13.9534 0 0 0 1 
Seq_Frame0066_ForcepToReference-SequenceTransformStatus = OK
Seq_Frame0066_Timestamp = 7.394
Seq_Frame0067_ForcepToReference-SequenceTransform =-0.33015 -0.265736 0.905751 -93.7257 -0.561195 0.82681 0.0380177 285.966 -0.758987 -0.495752 -0.422101 17.9897 0 0 0 1 
Seq_Frame0067_ForcepToReference-SequenceTransformStatus = OK
Seq_Frame0067_Timestamp = 7.498
Seq_Frame0068_ForcepToReference-SequenceTransform =-0.478825 -0.291173 0.828218 -100.247 -0.565618 0.82382 -0.0373785 290.02 -0.671419 -0.486353 -0.559158 19.1271 0 0 0 1 
Seq_Frame0068_ForcepToReference-SequenceTransformStatus = OK
Seq_Frame0068_Timestamp = 7.598
Seq_Frame0069_ForcepToReference-SequenceTransform =-0.495976 -0.290451 0.818319 -103.46 -0.541439 0.840207 -0.0299421 296.24 -0.67886 -0.457921 -0.573984 26.7143 0 0 0 1 
Seq_Frame0069_ForcepToReference-SequenceTransformStatus = OK
Seq_Frame0069_Timestamp = 7.699
Seq_Frame0070_ForcepToReference-SequenceTransform =-0.443983 -0.297911 0.845061 -106.719 -0.509682 0.85964 0.0352706 300.615 -0.736956 -0.415053 -0.533505 36.049 0 0 0 1 
Seq_Frame0070_ForcepToReference-SequenceTransformStatus = OK
Seq_Frame0070_Timestamp = 7.803
Seq_Frame0071_ForcepToReference-SequenceTransform =-0.451827 -0.307053 0.837598 -109.439 -0.493998 0.867925 0.051692 303.082 -0.742845 -0.390416 -0.543835 36.5671 0 0 0 1 
Seq_Frame0071_ForcepToReference-SequenceTransformStatus = OK
Seq_Frame0071_Timestamp = 7.908
Seq_Frame0072_ForcepToReference-SequenceTransform =-0.459397 -0.311871 0.83168 -111.05 -0.48488 0.872564 0.0593676 304.15 -0.744208 -0.375991 -0.552073 38.0202 0 0 0 1 
Seq_Frame0072_ForcepToReference-SequenceTransformStatus = OK
Seq_Frame0072_Timestamp = 8.013
Seq_Frame0073_ForcepToReference-SequenceTransform =-0.463073 -0.30966 0.830466 -111.534 -0.47602 0.877269 0.06168 304.726 -0.747642 -0.366756 -0.553644 39.9914 0 0 0 1 
Seq_Frame0073_ForcepToReference-SequenceTransformStatus = OK
Seq_Frame0073_Timestamp = 8.114
Seq_Frame0074_ForcepToReference-SequenceTransform =-0.471543 -0.306078 0.827021 -112.019 -0.466058 0.882653 0.0609343 305.61 -0.748623 -0.356707 -0.558859 42.6314 0 0 0 1 
Seq_Frame0074_ForcepToReference-SequenceTransformStatus = OK
Seq_Frame0074_Timestamp = 8.218
Seq_Frame0075_ForcepToReference-SequenceTransform =-0.478548 -0.305889 0.823058 -112.739 -0.452358 0.889279 0.0674873 306.911 -0.752572 -0.340021 -0.563934 43.5342 0 0 0 1 
Seq_Frame0075_ForcepToReference-SequenceTransformStatus = OK
Seq_Frame0075_Timestamp = 8.319
Seq_Frame0076_ForcepToReference-SequenceTransform =-0.480909 -0.304296 0.822272 -113.209 -0.452673 0.88935 0.0643722 307.824 -0.750875 -0.341263 -0.565443 43.6983 0 0 0 1 
Seq_Frame0076_ForcepToReference-SequenceTransformStatus = OK
Seq_Frame0076_Timestamp = 8.423
Seq_Frame0077_ForcepToReference-SequenceTransform =-0.469061 -0.304593 0.828978 -113.285 -0.448526 0.890743 0.0734974 308.041 -0.760793 -0.337344 -0.55443 44.3747 0 0 0 1 
Seq_Frame0077_ForcepToReference-SequenceTransformStatus = OK
Seq_Frame0077_Timestamp = 8.524
Seq_Frame0078_ForcepToReference-SequenceTransform =-0.479793 -0.30529 0.822555 -114.124 -0.455138 0.888108 0.0641392 308.908 -0.750098 -0.343602 -0.565057 45.6405 0 0 0 1 
Seq_Frame0078_ForcepToReference-SequenceTransformStatus = OK
Seq_Frame0078_Timestamp = 8.624
Seq_Frame0079_ForcepToReference-SequenceTransform =-0.480009 -0.300435 0.824215 -114.42 -0.446072 0.892592 0.0655744 308.634 -0.755388 -0.336183 -0.562468 45.9524 0 0 0 1 
Seq_Frame0079_ForcepToReference-SequenceTransformStatus = OK
Seq_Frame0079_Timestamp = 8.733
Seq_Frame0080_ForcepToReference-SequenceTransform =-0.469348 -0.301659 0.829888 -115.056 -0.444523 0.892778 0.0731173 308.707 -0.762963 -0.334587 -0.553118 45.8804 0 0 0 1 
Seq_Frame0080_ForcepToReference-SequenceTransformStatus = OK
Seq_Frame0080_Timestamp = 8.838
Seq_Frame0081_ForcepToReference-SequenceTransform =-0.462832 -0.298825 0.83456 -114.877 -0.444637 0.892726 0.0730648 309.232 -0.766867 -0.337259 -0.546051 46.6364 0 0 0 1 
Seq_Frame0081_ForcepToReference-SequenceTransformStatus = OK
Seq_Frame0081_Timestamp = 8.948
Seq_Frame0082_ForcepToReference-SequenceTransform =-0.469966 -0.2992 0.830428 -114.936 -0.439641 0.895144 0.0737099 308.849 -0.765407 -0.330449 -0.552228 46.3863 0 0 0 1 
Seq_Frame0082_ForcepToReference-SequenceTransformStatus = OK
Seq_Frame0082_Timestamp = 9.048
Seq_Frame0083_ForcepToReference-SequenceTransform =-0.479357 -0.299821 0.824818 -114.975 -0.441466 0.894649 0.0686389 308.806 -0.758501 -0.331227 -0.561217 47.5368 0 0 0 1 
Seq_Frame0083_ForcepToReference-SequenceTransformStatus = OK
Seq_Frame0083_Timestamp = 9.152
Seq_Frame0084_ForcepToReference-SequenceTransform =-0.487619 -0.32404 0.810695 -116.177 -0.422852 0.900047 0.105417 310.078 -0.763822 -0.2914 -0.5759 51.0619 0 0 0 1 
Seq_Frame0084_ForcepToReference-SequenceTransformStatus = OK
Seq_Frame0084_Timestamp = 9.258
Seq_Frame0085_ForcepToReference-SequenceTransform =-0.402762 -0.366306 0.83881 -116.186 -0.447536 0.878223 0.168629 303.572 -0.798432 -0.307481 -0.51765 42.7177 0 0 0 1 
Seq_Frame0085_ForcepToReference-SequenceTransformStatus = OK
Seq_Frame0085_Timestamp = 9.358
Seq_Frame0086_ForcepToReference-SequenceTransform =-0.457592 -0.409862 0.789064 -123.111 -0.526077 0.840231 0.131359 293.888 -0.716835 -0.355 -0.600102 31.0593 0 0 0 1 
Seq_Frame0086_ForcepToReference-SequenceTransformStatus = OK
Seq_Frame0086_Timestamp = 9.464
Seq_Frame0087_ForcepToReference-SequenceTransform =-0.461971 -0.444067 0.767716 -130.633 -0.53489 0.829977 0.158212 288.602 -0.707443 -0.337554 -0.620952 23.2867 0 0 0 1 
Seq_Frame0087_ForcepToReference-SequenceTransformStatus = OK
Seq_Frame0087_Timestamp = 9.578
Seq_Frame0088_ForcepToReference-SequenceTransform =-0.389834 -0.323489 0.862197 -124.021 -0.381502 0.908879 0.168511 297.664 -0.838144 -0.263239 -0.477724 18.4124 0 0 0 1 
Seq_Frame0088_ForcepToReference-SequenceTransformStatus = OK
Seq_Frame0088_Timestamp = 9.688
Seq_Frame0089_ForcepToReference-SequenceTransform =-0.327773 -0.215112 0.919941 -118.4 -0.260913 0.956475 0.130692 306.521 -0.908014 -0.197187 -0.369632 28.7435 0 0 0 1 
Seq_Frame0089_ForcepToReference-SequenceTransformStatus = OK
Seq_Frame0089_Timestamp = 9.793
Seq_Frame0090_ForcepToReference-SequenceTransform =-0.362014 -0.15538 0.919131 -122.142 -0.174156 0.979923 0.0970628 313.982 -0.915759 -0.124935 -0.381807 42.5999 0 0 0 1 
Seq_Frame0090_ForcepToReference-SequenceTransformStatus = OK
Seq_Frame0090_Timestamp = 9.898
Seq_Frame0091_ForcepToReference-SequenceTransform =-0.429427 -0.150714 0.890437 -130.772 -0.109596 0.987386 0.11427 317.228 -0.896427 -0.0485178 -0.440527 54.4792 0 0 0 1 
Seq_Frame0091_ForcepToReference-SequenceTransformStatus = OK
Seq_Frame0091_Timestamp = 10.001
Seq_Frame0092_ForcepToReference-SequenceTransform =-0.393727 -0.0960275 0.914198 -130.238 -0.171578 0.984727 0.0295406 313.263 -0.903073 -0.145226 -0.40419 46.7465 0 0 0 1 
Seq_Frame0092_ForcepToReference-SequenceTransformStatus = OK
Seq_Frame0092_Timestamp = 10.109
Seq_Frame0093_ForcepToReference-SequenceTransform =-0.359829 -0.032817 0.932441 -123.603 -0.243952 0.967925 -0.0600752 304.123 -0.900561 -0.249088 -0.356293 35.5707 0 0 0 1 
Seq_Frame0093_ForcepToReference-SequenceTransformStatus = OK
Seq_Frame0093_Timestamp = 10.218
Seq_Frame0094_ForcepToReference-SequenceTransform =-0.360173 -0.0304098 0.93239 -121.174 -0.286776 0.954681 -0.0796419 300.26 -0.887713 -0.296072 -0.352571 33.9555 0 0 0 1 
Seq_Frame0094_ForcepToReference-SequenceTransformStatus = OK
Seq_Frame0094_Timestamp = 10.319
Seq_Frame0095_ForcepToReference-SequenceTransform =-0.370385 -0.0413922 0.927956 -120.417 -0.309041 0.947586 -0.081083 298.373 -0.875962 -0.316808 -0.363763 36.5243 0 0 0 1 
Seq_Frame0095_ForcepToReference-SequenceTransformStatus = OK
Seq_Frame0095_Timestamp = 10.423
Seq_Frame0096_ForcepToReference-SequenceTransform =-0.372446 -0.0287738 0.927608 -118.134 -0.306772 0.94715 -0.0937929 295.436 -0.875885 -0.319497 -0.361589 37.0205 0 0 0 1 
Seq_Frame0096_ForcepToReference-SequenceTransformStatus = OK
Seq_Frame0096_Timestamp = 10.524
Seq_Frame0097_ForcepToReference-SequenceTransform =-0.37058 -0.011208 0.928733 -116.189 -0.329252 0.936576 -0.120074 293.875 -0.868484 -0.350285 -0.350766 35.2016 0 0 0 1 
Seq_Frame0097_ForcepToReference-SequenceTransformStatus = OK
Seq_Frame0097_Timestamp = 10.635
Seq_Frame0098_ForcepToReference-SequenceTransform =-0.368332 0.0317409 0.929152 -113.252 -0.329338 0.930153 -0.162331 293.832 -0.869406 -0.365797 -0.332152 33.8322 0 0 0 1 
Seq_Frame0098_ForcepToReference-SequenceTransformStatus = OK
Seq_Frame0098_Timestamp = 10.744
Seq_Frame0099_ForcepToReference-SequenceTransform =-0.36422 0.0433302 0.930304 -111.816 -0.347563 0.920423 -0.178943 291.551 -0.864028 -0.388514 -0.320176 30.9516 0 0 0 1 
Seq_Frame0099_ForcepToReference-SequenceTransformStatus = OK
Seq_Frame0099_Timestamp = 10.847
Seq_Frame0100_ForcepToReference-SequenceTransform =-0.385954 0.038256 0.921724 -113.229 -0.357816 0.914714 -0.187794 293.447 -0.850298 -0.402287 -0.339349 30.4217 0 0 0 1 
Seq_Frame0100_ForcepToReference-SequenceTransformStatus = OK
Seq_Frame0100_Timestamp = 10.948
Seq_Frame0101_ForcepToReference-SequenceTransform =-0.404761 0.0374297 0.913656 -114.913 -0.413666 0.883583 -0.219457 293.354 -0.815505 -0.466776 -0.342156 26.8566 0 0 0 1 
Seq_Frame0101_ForcepToReference-SequenceTransformStatus = OK
Seq_Frame0101_Timestamp = 11.048
Seq_Frame0102_ForcepToReference-SequenceTransform =-0.431199 0.0284526 0.901808 -115.791 -0.502398 0.822646 -0.266176 283.311 -0.749442 -0.567842 -0.34043 21.4943 0 0 0 1 
Seq_Frame0102_ForcepToReference-SequenceTransformStatus = OK
Seq_Frame0102_Timestamp = 11.153
Seq_Frame0103_ForcepToReference-SequenceTransform =-0.416788 0.0489997 0.907682 -112.37 -0.588634 0.746359 -0.310579 270.712 -0.692675 -0.663738 -0.28223 15.5318 0 0 0 1 
Seq_Frame0103_ForcepToReference-SequenceTransformStatus = OK
Seq_Frame0103_Timestamp = 11.258
Seq_Frame0104_ForcepToReference-SequenceTransform =-0.406789 0.0630552 0.911344 -111.003 -0.612087 0.721751 -0.323149 266.838 -0.678139 -0.689275 -0.255005 14.0393 0 0 0 1 
Seq_Frame0104_ForcepToReference-SequenceTransformStatus = OK
Seq_Frame0104_Timestamp = 11.358
Seq_Frame0105_ForcepToReference-SequenceTransform =-0.436264 0.0464496 0.898619 -112.927 -0.585163 0.744009 -0.322545 267.866 -0.683563 -0.666553 -0.297404 14.219 0 0 0 1 
Seq_Frame0105_ForcepToReference-SequenceTransformStatus = OK
Seq_Frame0105_Timestamp = 11.468
Seq_Frame0106_ForcepToReference-SequenceTransform =-0.432501 0.0379943 0.900832 -113.314 -0.557039 0.774368 -0.300102 269.415 -0.708978 -0.631593 -0.313751 15.8945 0 0 0 1 
Seq_Frame0106_ForcepToReference-SequenceTransformStatus = OK
Seq_Frame0106_Timestamp = 11.569
Seq_Frame0107_ForcepToReference-SequenceTransform =-0.51131 -0.743308 -0.431342 -114.988 0.822706 -0.56845 0.00434954 278.852 -0.248429 -0.352643 0.902178 25.2273 0 0 0 1 
Seq_Frame0107_ForcepToReference-SequenceTransformStatus = OK
Seq_Frame0107_Timestamp = 11.673
Seq_Frame0108_ForcepToReference-SequenceTransform =-0.567136 -0.740134 -0.361328 -117.792 0.81719 -0.560394 -0.134755 290.556 -0.102749 -0.371698 0.92265 32.1116 0 0 0 1 
Seq_Frame0108_ForcepToReference-SequenceTransformStatus = OK
Seq_Frame0108_Timestamp = 11.776
Seq_Frame0109_ForcepToReference-SequenceTransform =-0.589073 -0.725427 -0.356018 -120.161 0.806486 -0.555433 -0.202667 298.763 -0.050724 -0.40651 0.912237 38.9852 0 0 0 1 
Seq_Frame0109_ForcepToReference-SequenceTransformStatus = OK
Seq_Frame0109_Timestamp = 11.878
Seq_Frame0110_ForcepToReference-SequenceTransform =-0.585469 -0.751015 -0.30529 -122.194 0.810518 -0.534382 -0.239786 304.796 0.0169416 -0.38783 0.921575 44.3554 0 0 0 1 
Seq_Frame0110_ForcepToReference-SequenceTransformStatus = OK
Seq_Frame0110_Timestamp = 11.979
Seq_Frame0111_ForcepToReference-SequenceTransform =-0.587428 -0.742929 -0.320912 -123.158 0.808853 -0.526168 -0.262496 305.221 0.0261621 -0.413768 0.910006 45.753 0 0 0 1 
Seq_Frame0111_ForcepToReference-SequenceTransformStatus = OK
Seq_Frame0111_Timestamp = 12.083
Seq_Frame0112_ForcepToReference-SequenceTransform =-0.596246 -0.707422 -0.379532 -123.653 0.802799 -0.526751 -0.279371 305.974 -0.00228567 -0.471261 0.881991 47.7936 0 0 0 1 
Seq_Frame0112_ForcepToReference-SequenceTransformStatus = OK
Seq_Frame0112_Timestamp = 12.188
Seq_Frame0113_ForcepToReference-SequenceTransform =-0.596596 -0.707017 -0.379738 -124.172 0.802497 -0.520566 -0.291563 306.342 0.00846146 -0.478684 0.877947 47.534 0 0 0 1 
Seq_Frame0113_ForcepToReference-SequenceTransformStatus = OK
Seq_Frame0113_Timestamp = 12.293
Seq_Frame0114_ForcepToReference-SequenceTransform =-0.593718 -0.709385 -0.379833 -123.82 0.804638 -0.518927 -0.288572 306.438 0.00760303 -0.476958 0.878893 46.8895 0 0 0 1 
Seq_Frame0114_ForcepToReference-SequenceTransformStatus = OK
Seq_Frame0114_Timestamp = 12.394
Seq_Frame0115_ForcepToReference-SequenceTransform =-0.593623 -0.707767 -0.382986 -123.43 0.804743 -0.522645 -0.281479 306.423 -0.000944013 -0.475297 0.879825 47.0749 0 0 0 1 
Seq_Frame0115_ForcepToReference-SequenceTransformStatus = OK
Seq_Frame0115_Timestamp = 12.498
Seq_Frame0116_ForcepToReference-SequenceTransform =-0.595006 -0.703292 -0.389036 -123.373 0.803719 -0.521767 -0.285998 306.778 -0.00184597 -0.482846 0.875704 47.1853 0 0 0 1 
Seq_Frame0116_ForcepToReference-SequenceTransformStatus = OK
Seq_Frame0116_Timestamp = 12.598
Seq_Frame0117_ForcepToReference-SequenceTransform =-0.599769 -0.696665 -0.393619 -123.798 0.800122 -0.516568 -0.304897 307.417 0.00907992 -0.497811 0.867238 46.7688 0 0 0 1 
Seq_Frame0117_ForcepToReference-SequenceTransformStatus = OK
Seq_Frame0117_Timestamp = 12.703
Seq_Frame0118_ForcepToReference-SequenceTransform =-0.604022 -0.696145 -0.387994 -124.421 0.796637 -0.513377 -0.319082 308.209 0.0229398 -0.501823 0.864666 47.3853 0 0 0 1 
Seq_Frame0118_ForcepToReference-SequenceTransformStatus = OK
Seq_Frame0118_Timestamp = 12.807
Seq_Frame0119_ForcepToReference-SequenceTransform =-0.61125 -0.679541 -0.405706 -124.481 0.791252 -0.513591 -0.331882 309.268 0.0171608 -0.523878 0.85162 48.6721 0 0 0 1 
Seq_Frame0119_ForcepToReference-SequenceTransformStatus = OK
Seq_Frame0119_Timestamp = 12.913
Seq_Frame0120_ForcepToReference-SequenceTransform =-0.609928 -0.674578 -0.415852 -123.608 0.792369 -0.511331 -0.332704 309.75 0.0117966 -0.532434 0.846389 48.1883 0 0 0 1 
Seq_Frame0120_ForcepToReference-SequenceTransformStatus = OK
Seq_Frame0120_Timestamp = 13.018
Seq_Frame0121_ForcepToReference-SequenceTransform =-0.607721 -0.674887 -0.418572 -123.099 0.794136 -0.513207 -0.325526 310.52 0.00487933 -0.530232 0.847839 48.8517 0 0 0 1 
Seq_Frame0121_ForcepToReference-SequenceTransformStatus = OK
Seq_Frame0121_Timestamp = 13.118
Seq_Frame0122_ForcepToReference-SequenceTransform =-0.608013 -0.671993 -0.422782 -123.52 0.793872 -0.50832 -0.333734 310.537 0.00935888 -0.538549 0.842542 47.8676 0 0 0 1 
Seq_Frame0122_ForcepToReference-SequenceTransformStatus = OK
Seq_Frame0122_Timestamp = 13.225
Seq_Frame0123_ForcepToReference-SequenceTransform =-0.6074 -0.670186 -0.426516 -123.48 0.794381 -0.509118 -0.331298 310.456 0.00488437 -0.540047 0.841621 47.5571 0 0 0 1 
Seq_Frame0123_ForcepToReference-SequenceTransformStatus = OK
Seq_Frame0123_Timestamp = 13.328
Seq_Frame0124_ForcepToReference-SequenceTransform =-0.609778 -0.666709 -0.428568 -123.412 0.792533 -0.507526 -0.338095 310.726 0.00790174 -0.545817 0.837867 47.5005 0 0 0 1 
Seq_Frame0124_ForcepToReference-SequenceTransformStatus = OK
Seq_Frame0124_Timestamp = 13.433
Seq_Frame0125_ForcepToReference-SequenceTransform =-0.609713 -0.664303 -0.432379 -123.475 0.792608 -0.507733 -0.337609 310.628 0.00474173 -0.548552 0.836103 47.2739 0 0 0 1 
Seq_Frame0125_ForcepToReference-SequenceTransformStatus = OK
Seq_Frame0125_Timestamp = 13.544
Seq_Frame0126_ForcepToReference-SequenceTransform =-0.609722 -0.664311 -0.432354 -123.713 0.792614 -0.510129 -0.333963 310.471 0.00129934 -0.546314 0.837579 47.0164 0 0 0 1 
Seq_Frame0126_ForcepToReference-SequenceTransformStatus = OK
Seq_Frame0126_Timestamp = 13.653
Seq_Frame0127_ForcepToReference-SequenceTransform =-0.6135 -0.667995 -0.42119 -124.569 0.789629 -0.512014 -0.338124 311.29 0.01021 -0.540023 0.841588 47.5379 0 0 0 1 
Seq_Frame0127_ForcepToReference-SequenceTransformStatus = OK
Seq_Frame0127_Timestamp = 13.758
Seq_Frame0128_ForcepToReference-SequenceTransform =-0.613009 -0.66311 -0.429542 -124.54 0.790046 -0.50974 -0.340576 311.865 0.00688496 -0.548134 0.836362 47.0689 0 0 0 1 
Seq_Frame0128_ForcepToReference-SequenceTransformStatus = OK
Seq_Frame0128_Timestamp = 13.858
Seq_Frame0129_ForcepToReference-SequenceTransform =-0.615063 -0.655853 -0.437668 -124.61 0.788477 -0.512136 -0.340618 311.973 -0.000750201 -0.554593 0.832121 46.6514 0 0 0 1 
Seq_Frame0129_ForcepToReference-SequenceTransformStatus = OK
Seq_Frame0129_Timestamp = 13.959
Seq_Frame0130_ForcepToReference-SequenceTransform =-0.616421 -0.653192 -0.439733 -124.855 0.787404 -0.514522 -0.339502 312.307 -0.0044925 -0.555524 0.831488 46.9006 0 0 0 1 
Seq_Frame0130_ForcepToReference-SequenceTransformStatus = OK
Seq_Frame0130_Timestamp = 14.063
Seq_Frame0131_ForcepToReference-SequenceTransform =-0.619189 -0.64713 -0.444779 -125.129 0.785194 -0.516531 -0.341565 312.898 -0.00870513 -0.56073 0.827953 46.595 0 0 0 1 
Seq_Frame0131_ForcepToReference-SequenceTransformStatus = OK
Seq_Frame0131_Timestamp = 14.164
Seq_Frame0132_ForcepToReference-SequenceTransform =-0.616849 -0.649167 -0.445062 -125.135 0.787023 -0.515668 -0.338647 313.156 -0.00966568 -0.559168 0.828998 47.2509 0 0 0 1 
Seq_Frame0132_ForcepToReference-SequenceTransformStatus = OK
Seq_Frame0132_Timestamp = 14.268
Seq_Frame0133_ForcepToReference-SequenceTransform =-0.615053 -0.658718 -0.433359 -124.832 0.788431 -0.50732 -0.347855 313.062 0.00928679 -0.555623 0.831383 47.3366 0 0 0 1 
Seq_Frame0133_ForcepToReference-SequenceTransformStatus = OK
Seq_Frame0133_Timestamp = 14.369
Seq_Frame0134_ForcepToReference-SequenceTransform =-0.614176 -0.658657 -0.434694 -124.565 0.78914 -0.507812 -0.345523 312.924 0.00683812 -0.555246 0.831658 47.2615 0 0 0 1 
Seq_Frame0134_ForcepToReference-SequenceTransformStatus = OK
Seq_Frame0134_Timestamp = 14.473
Seq_Frame0135_ForcepToReference-SequenceTransform =-0.612851 -0.651377 -0.44735 -124.198 0.790116 -0.513343 -0.334957 312.143 -0.0114611 -0.558737 0.829266 46.7186 0 0 0 1 
Seq_Frame0135_ForcepToReference-SequenceTransformStatus = OK
Seq_Frame0135_Timestamp = 14.574
Seq_Frame0136_ForcepToReference-SequenceTransform =-0.611331 -0.647552 -0.454918 -123.944 0.791024 -0.517113 -0.326917 312.068 -0.0235484 -0.559706 0.828357 46.7304 0 0 0 1 
Seq_Frame0136_ForcepToReference-SequenceTransformStatus = OK
Seq_Frame0136_Timestamp = 14.676
Seq_Frame0137_ForcepToReference-SequenceTransform =-0.615788 -0.647304 -0.449224 -124.087 0.787553 -0.522854 -0.326165 311.686 -0.023751 -0.554637 0.831754 46.2183 0 0 0 1 
Seq_Frame0137_ForcepToReference-SequenceTransformStatus = OK
Seq_Frame0137_Timestamp = 14.776
Seq_Frame0138_ForcepToReference-SequenceTransform =-0.620356 -0.652469 -0.435251 -124.352 0.78432 -0.516934 -0.342961 312.399 -0.00122473 -0.554134 0.832427 46.3436 0 0 0 1 
Seq_Frame0138_ForcepToReference-SequenceTransformStatus = OK
Seq_Frame0138_Timestamp = 14.883
Seq_Frame0139_ForcepToReference-SequenceTransform =-0.614504 -0.645437 -0.453647 -123.624 0.788638 -0.517788 -0.331581 313.488 -0.0208785 -0.561521 0.827199 46.0288 0 0 0 1 
Seq_Frame0139_ForcepToReference-SequenceTransformStatus = OK
Seq_Frame0139_Timestamp = 14.988
Seq_Frame0140_ForcepToReference-SequenceTransform =-0.613804 -0.642241 -0.459099 -123.571 0.789089 -0.516901 -0.331891 313.532 -0.0241545 -0.565986 0.824061 46.5385 0 0 0 1 
Seq_Frame0140_ForcepToReference-SequenceTransformStatus = OK
Seq_Frame0140_Timestamp = 15.093
Seq_Frame0141_ForcepToReference-SequenceTransform =-0.608181 -0.650589 -0.454807 -123.184 0.793657 -0.509174 -0.332941 314.271 -0.0149683 -0.56345 0.826015 46.7739 0 0 0 1 
Seq_Frame0141_ForcepToReference-SequenceTransformStatus = OK
Seq_Frame0141_Timestamp = 15.193
Seq_Frame0142_ForcepToReference-SequenceTransform =-0.606433 -0.654164 -0.452005 -123.166 0.795001 -0.509229 -0.329634 315.041 -0.0145398 -0.559245 0.828875 46.1361 0 0 0 1 
Seq_Frame0142_ForcepToReference-SequenceTransformStatus = OK
Seq_Frame0142_Timestamp = 15.298
Seq_Frame0143_ForcepToReference-SequenceTransform =-0.6081 -0.656191 -0.446798 -123.013 0.793801 -0.509513 -0.33208 314.821 -0.00974094 -0.556606 0.830719 46.2205 0 0 0 1 
Seq_Frame0143_ForcepToReference-SequenceTransformStatus = OK
Seq_Frame0143_Timestamp = 15.399
Seq_Frame0144_ForcepToReference-SequenceTransform =-0.608216 -0.655589 -0.447523 -123.086 0.793696 -0.510093 -0.331441 314.638 -0.0109892 -0.556784 0.830585 46.0125 0 0 0 1 
Seq_Frame0144_ForcepToReference-SequenceTransformStatus = OK
Seq_Frame0144_Timestamp = 15.503
Seq_Frame0145_ForcepToReference-SequenceTransform =-0.614166 -0.639931 -0.461831 -123.811 0.788738 -0.517263 -0.332163 314.124 -0.0263267 -0.568267 0.822423 45.3259 0 0 0 1 
Seq_Frame0145_ForcepToReference-SequenceTransformStatus = OK
Seq_Frame0145_Timestamp = 15.609
Seq_Frame0146_ForcepToReference-SequenceTransform =-0.613023 -0.644732 -0.456645 -124.218 0.789893 -0.512231 -0.337178 314.534 -0.0165184 -0.567398 0.823278 45.445 0 0 0 1 
Seq_Frame0146_ForcepToReference-SequenceTransformStatus = OK
Seq_Frame0146_Timestamp = 15.718
Seq_Frame0147_ForcepToReference-SequenceTransform =-0.613575 -0.636762 -0.466969 -124.083 0.789178 -0.514662 -0.335144 314.613 -0.0269236 -0.574157 0.818302 45.449 0 0 0 1 
Seq_Frame0147_ForcepToReference-SequenceTransformStatus = OK
Seq_Frame0147_Timestamp = 15.823
Seq_Frame0148_ForcepToReference-SequenceTransform =-0.614428 -0.635833 -0.467113 -123.833 0.788584 -0.513512 -0.338291 314.897 -0.0247714 -0.576214 0.816924 45.3493 0 0 0 1 
Seq_Frame0148_ForcepToReference-SequenceTransformStatus = OK
Seq_Frame0148_Timestamp = 15.923
Seq_Frame0149_ForcepToReference-SequenceTransform =-0.616437 -0.635196 -0.465329 -123.994 0.786866 -0.518784 -0.334222 314.338 -0.0291085 -0.572179 0.819612 44.8544 0 0 0 1 
Seq_Frame0149_ForcepToReference-SequenceTransformStatus = OK
Seq_Frame0149_Timestamp = 16.027
