ObjectType = Image
NDims = 3
AnatomicalOrientation = RAI
BinaryData = True
CompressedData = False
DimSize = 0 0 1569
ElementSpacing = 1 1 1
Offset = 0 0 0
TransformMatrix = 1 0 0 0 1 0 0 0 1
ElementType = MET_UCHAR
Kinds = domain domain list
Seq_Frame0000_DriverToReference-SequenceTransform =-0.658536 -0.742329 0.123603 -5.28861 0.406699 -0.489253 -0.77151 58.4186 0.633188 -0.457798 0.624095 92.0388 0 0 0 1 
Seq_Frame0000_DriverToReference-SequenceTransformStatus = OK
Seq_Frame0000_Timestamp = 0.000999928
Seq_Frame0001_DriverToReference-SequenceTransform =-0.658926 -0.742099 0.122905 -5.28718 0.406428 -0.488731 -0.771983 58.3878 0.632956 -0.458727 0.623648 92.0721 0 0 0 1 
Seq_Frame0001_DriverToReference-SequenceTransformStatus = OK
Seq_Frame0001_Timestamp = 0.105
Seq_Frame0002_DriverToReference-SequenceTransform =-0.658857 -0.742105 0.12324 -5.2762 0.406761 -0.489249 -0.77148 58.4288 0.632814 -0.458165 0.624204 91.9875 0 0 0 1 
Seq_Frame0002_DriverToReference-SequenceTransformStatus = OK
Seq_Frame0002_Timestamp = 0.205
Seq_Frame0003_DriverToReference-SequenceTransform =-0.657778 -0.742926 0.12405 -5.29429 0.404742 -0.48753 -0.773627 58.3528 0.635226 -0.458667 0.62138 91.9115 0 0 0 1 
Seq_Frame0003_DriverToReference-SequenceTransformStatus = OK
Seq_Frame0003_Timestamp = 0.306
Seq_Frame0004_DriverToReference-SequenceTransform =-0.65399 -0.745306 0.129677 -5.33604 0.407753 -0.491668 -0.769415 58.3477 0.637208 -0.450314 0.625447 91.9154 0 0 0 1 
Seq_Frame0004_DriverToReference-SequenceTransformStatus = OK
Seq_Frame0004_Timestamp = 0.408
Seq_Frame0005_DriverToReference-SequenceTransform =-0.659697 -0.741578 0.121907 -5.3005 0.406351 -0.488428 -0.772216 58.4106 0.632201 -0.459891 0.623556 91.9885 0 0 0 1 
Seq_Frame0005_DriverToReference-SequenceTransformStatus = OK
Seq_Frame0005_Timestamp = 0.515
Seq_Frame0006_DriverToReference-SequenceTransform =-0.656642 -0.74426 0.122056 -5.3797 0.408901 -0.4873 -0.771582 58.6245 0.633736 -0.456745 0.62431 91.9512 0 0 0 1 
Seq_Frame0006_DriverToReference-SequenceTransformStatus = OK
Seq_Frame0006_Timestamp = 0.616
Seq_Frame0007_DriverToReference-SequenceTransform =-0.700851 -0.703229 0.119486 -4.52309 0.386991 -0.515576 -0.764473 57.0781 0.599204 -0.489542 0.633485 89.2925 0 0 0 1 
Seq_Frame0007_DriverToReference-SequenceTransformStatus = OK
Seq_Frame0007_Timestamp = 0.719
Seq_Frame0008_DriverToReference-SequenceTransform =0.636562 0.741995 -0.210315 -5.42617 0.562241 -0.259818 0.785099 51.4937 0.527896 -0.618012 -0.58257 90.6072 0 0 0 1 
Seq_Frame0008_DriverToReference-SequenceTransformStatus = OK
Seq_Frame0008_Timestamp = 1.07
Seq_Frame0009_DriverToReference-SequenceTransform =0.487153 0.864934 -0.120711 -28.5587 0.618241 -0.243932 0.747178 55.6948 0.616815 -0.438618 -0.65357 88.9241 0 0 0 1 
Seq_Frame0009_DriverToReference-SequenceTransformStatus = OK
Seq_Frame0009_Timestamp = 1.17
Seq_Frame0010_DriverToReference-SequenceTransform =0.46247 0.882401 -0.0865421 -28.4007 0.601379 -0.240459 0.761921 57.216 0.65151 -0.40441 -0.641863 88.0445 0 0 0 1 
Seq_Frame0010_DriverToReference-SequenceTransformStatus = OK
Seq_Frame0010_Timestamp = 1.271
Seq_Frame0011_DriverToReference-SequenceTransform =0.473685 0.875854 -0.0922052 -28.6132 0.572115 -0.226427 0.788299 58.5652 0.669557 -0.426157 -0.608345 87.3368 0 0 0 1 
Seq_Frame0011_DriverToReference-SequenceTransformStatus = OK
Seq_Frame0011_Timestamp = 1.375
Seq_Frame0012_DriverToReference-SequenceTransform =0.445317 0.892748 -0.0685092 -28.9646 0.554007 -0.21462 0.804372 61.5558 0.703398 -0.396155 -0.590163 85.2619 0 0 0 1 
Seq_Frame0012_DriverToReference-SequenceTransformStatus = OK
Seq_Frame0012_Timestamp = 1.48
Seq_Frame0013_DriverToReference-SequenceTransform =0.52577 0.843348 -0.111044 -31.1497 0.55787 -0.243319 0.793459 52.7894 0.642143 -0.479124 -0.598408 90.7453 0 0 0 1 
Seq_Frame0013_DriverToReference-SequenceTransformStatus = OK
Seq_Frame0013_Timestamp = 1.581
Seq_Frame0014_DriverToReference-SequenceTransform =0.595033 0.798225 -0.0936624 -37.9249 0.454234 -0.237868 0.85854 60.9999 0.663028 -0.553404 -0.50412 84.7374 0 0 0 1 
Seq_Frame0014_DriverToReference-SequenceTransformStatus = OK
Seq_Frame0014_Timestamp = 1.689
Seq_Frame0015_DriverToReference-SequenceTransform =0.509678 0.852805 -0.113807 -34.9128 0.575902 -0.239893 0.781529 54.15 0.63919 -0.46387 -0.6134 91.409 0 0 0 1 
Seq_Frame0015_DriverToReference-SequenceTransformStatus = OK
Seq_Frame0015_Timestamp = 1.799
Seq_Frame0016_DriverToReference-SequenceTransform =0.331394 0.934644 -0.128912 -31.1653 0.597885 -0.102336 0.795022 55.2641 0.729871 -0.34054 -0.592723 93.2998 0 0 0 1 
Seq_Frame0016_DriverToReference-SequenceTransformStatus = OK
Seq_Frame0016_Timestamp = 1.909
Seq_Frame0017_DriverToReference-SequenceTransform =0.247709 0.957468 -0.147969 -29.3399 0.561181 -0.0172988 0.827513 65.0317 0.789757 -0.28802 -0.541598 88.144 0 0 0 1 
Seq_Frame0017_DriverToReference-SequenceTransformStatus = OK
Seq_Frame0017_Timestamp = 2.015
Seq_Frame0018_DriverToReference-SequenceTransform =-0.981957 -0.112731 0.151828 -27.3564 -0.0719706 -0.519674 -0.851328 70.2407 0.174873 -0.846895 0.502184 85.694 0 0 0 1 
Seq_Frame0018_DriverToReference-SequenceTransformStatus = OK
Seq_Frame0018_Timestamp = 2.121
Seq_Frame0019_DriverToReference-SequenceTransform =0.240966 0.941106 -0.237181 -33.9447 0.347107 0.144651 0.926603 81.5166 0.90634 -0.305607 -0.291809 86.9156 0 0 0 1 
Seq_Frame0019_DriverToReference-SequenceTransformStatus = OK
Seq_Frame0019_Timestamp = 2.222
Seq_Frame0020_DriverToReference-SequenceTransform =0.326961 0.91357 -0.241841 -33.5529 0.329864 0.129486 0.935106 83.9923 0.885599 -0.385518 -0.259016 90.2521 0 0 0 1 
Seq_Frame0020_DriverToReference-SequenceTransformStatus = OK
Seq_Frame0020_Timestamp = 2.331
Seq_Frame0021_DriverToReference-SequenceTransform =0.326961 0.91357 -0.241841 -33.5529 0.329864 0.129486 0.935106 83.9923 0.885599 -0.385518 -0.259016 90.2521 0 0 0 1 
Seq_Frame0021_DriverToReference-SequenceTransformStatus = OK
Seq_Frame0021_Timestamp = 2.434
Seq_Frame0022_DriverToReference-SequenceTransform =0.326961 0.91357 -0.241841 -33.5529 0.329864 0.129486 0.935106 83.9923 0.885599 -0.385518 -0.259016 90.2521 0 0 0 1 
Seq_Frame0022_DriverToReference-SequenceTransformStatus = OK
Seq_Frame0022_Timestamp = 2.535
Seq_Frame0023_DriverToReference-SequenceTransform =0.326961 0.91357 -0.241841 -33.5529 0.329864 0.129486 0.935106 83.9923 0.885599 -0.385518 -0.259016 90.2521 0 0 0 1 
Seq_Frame0023_DriverToReference-SequenceTransformStatus = OK
Seq_Frame0023_Timestamp = 2.639
Seq_Frame0024_DriverToReference-SequenceTransform =0.326961 0.91357 -0.241841 -33.5529 0.329864 0.129486 0.935106 83.9923 0.885599 -0.385518 -0.259016 90.2521 0 0 0 1 
Seq_Frame0024_DriverToReference-SequenceTransformStatus = OK
Seq_Frame0024_Timestamp = 2.739
Seq_Frame0025_DriverToReference-SequenceTransform =0.326961 0.91357 -0.241841 -33.5529 0.329864 0.129486 0.935106 83.9923 0.885599 -0.385518 -0.259016 90.2521 0 0 0 1 
Seq_Frame0025_DriverToReference-SequenceTransformStatus = OK
Seq_Frame0025_Timestamp = 2.845
Seq_Frame0026_DriverToReference-SequenceTransform =0.326961 0.91357 -0.241841 -33.5529 0.329864 0.129486 0.935106 83.9923 0.885599 -0.385518 -0.259016 90.2521 0 0 0 1 
Seq_Frame0026_DriverToReference-SequenceTransformStatus = OK
Seq_Frame0026_Timestamp = 2.946
Seq_Frame0027_DriverToReference-SequenceTransform =0.326961 0.91357 -0.241841 -33.5529 0.329864 0.129486 0.935106 83.9923 0.885599 -0.385518 -0.259016 90.2521 0 0 0 1 
Seq_Frame0027_DriverToReference-SequenceTransformStatus = OK
Seq_Frame0027_Timestamp = 3.05
Seq_Frame0028_DriverToReference-SequenceTransform =0.326961 0.91357 -0.241841 -33.5529 0.329864 0.129486 0.935106 83.9923 0.885599 -0.385518 -0.259016 90.2521 0 0 0 1 
Seq_Frame0028_DriverToReference-SequenceTransformStatus = OK
Seq_Frame0028_Timestamp = 3.155
Seq_Frame0029_DriverToReference-SequenceTransform =0.326961 0.91357 -0.241841 -33.5529 0.329864 0.129486 0.935106 83.9923 0.885599 -0.385518 -0.259016 90.2521 0 0 0 1 
Seq_Frame0029_DriverToReference-SequenceTransformStatus = OK
Seq_Frame0029_Timestamp = 3.255
Seq_Frame0030_DriverToReference-SequenceTransform =0.326961 0.91357 -0.241841 -33.5529 0.329864 0.129486 0.935106 83.9923 0.885599 -0.385518 -0.259016 90.2521 0 0 0 1 
Seq_Frame0030_DriverToReference-SequenceTransformStatus = OK
Seq_Frame0030_Timestamp = 3.364
Seq_Frame0031_DriverToReference-SequenceTransform =0.326961 0.91357 -0.241841 -33.5529 0.329864 0.129486 0.935106 83.9923 0.885599 -0.385518 -0.259016 90.2521 0 0 0 1 
Seq_Frame0031_DriverToReference-SequenceTransformStatus = OK
Seq_Frame0031_Timestamp = 3.465
Seq_Frame0032_DriverToReference-SequenceTransform =0.326961 0.91357 -0.241841 -33.5529 0.329864 0.129486 0.935106 83.9923 0.885599 -0.385518 -0.259016 90.2521 0 0 0 1 
Seq_Frame0032_DriverToReference-SequenceTransformStatus = OK
Seq_Frame0032_Timestamp = 3.566
Seq_Frame0033_DriverToReference-SequenceTransform =0.326961 0.91357 -0.241841 -33.5529 0.329864 0.129486 0.935106 83.9923 0.885599 -0.385518 -0.259016 90.2521 0 0 0 1 
Seq_Frame0033_DriverToReference-SequenceTransformStatus = OK
Seq_Frame0033_Timestamp = 3.67
Seq_Frame0034_DriverToReference-SequenceTransform =0.326961 0.91357 -0.241841 -33.5529 0.329864 0.129486 0.935106 83.9923 0.885599 -0.385518 -0.259016 90.2521 0 0 0 1 
Seq_Frame0034_DriverToReference-SequenceTransformStatus = OK
Seq_Frame0034_Timestamp = 3.772
Seq_Frame0035_DriverToReference-SequenceTransform =0.326961 0.91357 -0.241841 -33.5529 0.329864 0.129486 0.935106 83.9923 0.885599 -0.385518 -0.259016 90.2521 0 0 0 1 
Seq_Frame0035_DriverToReference-SequenceTransformStatus = OK
Seq_Frame0035_Timestamp = 3.894
Seq_Frame0036_DriverToReference-SequenceTransform =0.326961 0.91357 -0.241841 -33.5529 0.329864 0.129486 0.935106 83.9923 0.885599 -0.385518 -0.259016 90.2521 0 0 0 1 
Seq_Frame0036_DriverToReference-SequenceTransformStatus = OK
Seq_Frame0036_Timestamp = 3.999
Seq_Frame0037_DriverToReference-SequenceTransform =0.326961 0.91357 -0.241841 -33.5529 0.329864 0.129486 0.935106 83.9923 0.885599 -0.385518 -0.259016 90.2521 0 0 0 1 
Seq_Frame0037_DriverToReference-SequenceTransformStatus = OK
Seq_Frame0037_Timestamp = 4.105
Seq_Frame0038_DriverToReference-SequenceTransform =0.326961 0.91357 -0.241841 -33.5529 0.329864 0.129486 0.935106 83.9923 0.885599 -0.385518 -0.259016 90.2521 0 0 0 1 
Seq_Frame0038_DriverToReference-SequenceTransformStatus = OK
Seq_Frame0038_Timestamp = 4.205
Seq_Frame0039_DriverToReference-SequenceTransform =0.326961 0.91357 -0.241841 -33.5529 0.329864 0.129486 0.935106 83.9923 0.885599 -0.385518 -0.259016 90.2521 0 0 0 1 
Seq_Frame0039_DriverToReference-SequenceTransformStatus = OK
Seq_Frame0039_Timestamp = 4.31
Seq_Frame0040_DriverToReference-SequenceTransform =0.326961 0.91357 -0.241841 -33.5529 0.329864 0.129486 0.935106 83.9923 0.885599 -0.385518 -0.259016 90.2521 0 0 0 1 
Seq_Frame0040_DriverToReference-SequenceTransformStatus = OK
Seq_Frame0040_Timestamp = 4.41
Seq_Frame0041_DriverToReference-SequenceTransform =-0.0290188 0.0499108 0.998332 -11.4374 -0.875095 0.481413 -0.0495045 258.279 -0.48308 -0.875072 0.0297066 178.058 0 0 0 1 
Seq_Frame0041_DriverToReference-SequenceTransformStatus = OK
Seq_Frame0041_Timestamp = 4.522
Seq_Frame0042_DriverToReference-SequenceTransform =-0.0290188 0.0499108 0.998332 -11.4374 -0.875095 0.481413 -0.0495045 258.279 -0.48308 -0.875072 0.0297066 178.058 0 0 0 1 
Seq_Frame0042_DriverToReference-SequenceTransformStatus = OK
Seq_Frame0042_Timestamp = 4.63
Seq_Frame0043_DriverToReference-SequenceTransform =-0.0290188 0.0499108 0.998332 -11.4374 -0.875095 0.481413 -0.0495045 258.279 -0.48308 -0.875072 0.0297066 178.058 0 0 0 1 
Seq_Frame0043_DriverToReference-SequenceTransformStatus = OK
Seq_Frame0043_Timestamp = 4.732
Seq_Frame0044_DriverToReference-SequenceTransform =-0.109527 0.187968 -0.976049 -19.8774 -0.116276 0.972792 0.200388 243.524 0.987159 0.135439 -0.0846907 182.428 0 0 0 1 
Seq_Frame0044_DriverToReference-SequenceTransformStatus = OK
Seq_Frame0044_Timestamp = 4.836
Seq_Frame0045_DriverToReference-SequenceTransform =-0.150007 0.147675 0.977594 -19.2814 -0.988319 0.0044994 -0.152332 241.121 -0.0268942 -0.989026 0.145275 181.625 0 0 0 1 
Seq_Frame0045_DriverToReference-SequenceTransformStatus = OK
Seq_Frame0045_Timestamp = 4.939
Seq_Frame0046_DriverToReference-SequenceTransform =0.027698 0.767392 0.640579 -14.662 -0.993941 0.0893317 -0.0640394 256.308 -0.106367 -0.634924 0.765217 160.401 0 0 0 1 
Seq_Frame0046_DriverToReference-SequenceTransformStatus = OK
Seq_Frame0046_Timestamp = 5.045
Seq_Frame0047_DriverToReference-SequenceTransform =-0.0199526 0.914067 0.405072 -32.0559 -0.997411 0.00979615 -0.0712349 251.905 -0.0690816 -0.405445 0.911505 161.337 0 0 0 1 
Seq_Frame0047_DriverToReference-SequenceTransformStatus = OK
Seq_Frame0047_Timestamp = 5.146
Seq_Frame0048_DriverToReference-SequenceTransform =0.0113325 0.95212 0.305514 -43.2821 -0.999928 0.00960325 0.00716258 240.294 0.00388571 -0.305574 0.952161 167.04 0 0 0 1 
Seq_Frame0048_DriverToReference-SequenceTransformStatus = OK
Seq_Frame0048_Timestamp = 5.247
Seq_Frame0049_DriverToReference-SequenceTransform =0.122509 0.915837 0.382406 -49.9923 -0.992207 0.104195 0.0683285 230.912 0.0227331 -0.387797 0.921465 176.928 0 0 0 1 
Seq_Frame0049_DriverToReference-SequenceTransformStatus = OK
Seq_Frame0049_Timestamp = 5.355
Seq_Frame0050_DriverToReference-SequenceTransform =0.224014 0.885569 0.406923 -52.071 -0.972848 0.178269 0.147601 224.71 0.0581696 -0.428939 0.901459 181.624 0 0 0 1 
Seq_Frame0050_DriverToReference-SequenceTransformStatus = OK
Seq_Frame0050_Timestamp = 5.464
Seq_Frame0051_DriverToReference-SequenceTransform =0.268414 0.869333 0.414986 -53.6063 -0.957014 0.191501 0.217832 215.316 0.109898 -0.455617 0.883366 187.247 0 0 0 1 
Seq_Frame0051_DriverToReference-SequenceTransformStatus = OK
Seq_Frame0051_Timestamp = 5.565
Seq_Frame0052_DriverToReference-SequenceTransform =0.345357 0.82359 0.44992 -54.1595 -0.933025 0.249746 0.259019 210.72 0.100959 -0.509241 0.854682 186.687 0 0 0 1 
Seq_Frame0052_DriverToReference-SequenceTransformStatus = OK
Seq_Frame0052_Timestamp = 5.671
Seq_Frame0053_DriverToReference-SequenceTransform =0.377086 0.778496 0.501747 -54.1047 -0.921384 0.260267 0.288639 205.982 0.0941162 -0.571143 0.815437 187.903 0 0 0 1 
Seq_Frame0053_DriverToReference-SequenceTransformStatus = OK
Seq_Frame0053_Timestamp = 5.771
Seq_Frame0054_DriverToReference-SequenceTransform =0.403294 0.783045 0.473492 -51.6473 -0.907646 0.276523 0.315776 201.721 0.116335 -0.557113 0.822247 189.975 0 0 0 1 
Seq_Frame0054_DriverToReference-SequenceTransformStatus = OK
Seq_Frame0054_Timestamp = 5.875
Seq_Frame0055_DriverToReference-SequenceTransform =0.425262 0.776008 0.465794 -49.3705 -0.894904 0.283603 0.344553 200.855 0.135275 -0.563366 0.815058 190.393 0 0 0 1 
Seq_Frame0055_DriverToReference-SequenceTransformStatus = OK
Seq_Frame0055_Timestamp = 5.975
Seq_Frame0056_DriverToReference-SequenceTransform =0.438987 0.755725 0.485973 -49.1088 -0.890838 0.295634 0.344974 199.537 0.117036 -0.584363 0.803009 190.083 0 0 0 1 
Seq_Frame0056_DriverToReference-SequenceTransformStatus = OK
Seq_Frame0056_Timestamp = 6.08
Seq_Frame0057_DriverToReference-SequenceTransform =0.434381 0.768809 0.469303 -49.251 -0.892157 0.295522 0.341647 199.504 0.123972 -0.567097 0.814267 189.48 0 0 0 1 
Seq_Frame0057_DriverToReference-SequenceTransformStatus = OK
Seq_Frame0057_Timestamp = 6.189
Seq_Frame0058_DriverToReference-SequenceTransform =0.44683 0.764524 0.464593 -51.1533 -0.887387 0.312864 0.338617 205.989 0.113526 -0.563578 0.818225 187.225 0 0 0 1 
Seq_Frame0058_DriverToReference-SequenceTransformStatus = OK
Seq_Frame0058_Timestamp = 6.295
Seq_Frame0059_DriverToReference-SequenceTransform =0.439569 0.758249 0.481494 -52.9938 -0.892381 0.307702 0.330115 211.013 0.102152 -0.574785 0.811904 186.86 0 0 0 1 
Seq_Frame0059_DriverToReference-SequenceTransformStatus = OK
Seq_Frame0059_Timestamp = 6.405
Seq_Frame0060_DriverToReference-SequenceTransform =0.436377 0.753043 0.492444 -55.8475 -0.894243 0.302442 0.329936 208.538 0.0995207 -0.584341 0.805383 188.051 0 0 0 1 
Seq_Frame0060_DriverToReference-SequenceTransformStatus = OK
Seq_Frame0060_Timestamp = 6.51
Seq_Frame0061_DriverToReference-SequenceTransform =0.440813 0.73467 0.515698 -58.6631 -0.890524 0.285959 0.353829 205.23 0.112478 -0.615214 0.780295 188.339 0 0 0 1 
Seq_Frame0061_DriverToReference-SequenceTransformStatus = OK
Seq_Frame0061_Timestamp = 6.61
Seq_Frame0062_DriverToReference-SequenceTransform =0.447744 0.738615 0.503958 -59.8927 -0.887613 0.299054 0.350301 204.87 0.108027 -0.604165 0.789503 186.949 0 0 0 1 
Seq_Frame0062_DriverToReference-SequenceTransformStatus = OK
Seq_Frame0062_Timestamp = 6.716
Seq_Frame0063_DriverToReference-SequenceTransform =0.4626 0.727168 0.507176 -58.3043 -0.877596 0.294415 0.378344 199.331 0.1258 -0.620118 0.774357 188.108 0 0 0 1 
Seq_Frame0063_DriverToReference-SequenceTransformStatus = OK
Seq_Frame0063_Timestamp = 6.824
Seq_Frame0064_DriverToReference-SequenceTransform =0.508753 0.679177 0.529046 -59.232 -0.855678 0.331253 0.397602 195.99 0.0947943 -0.654974 0.749682 189.456 0 0 0 1 
Seq_Frame0064_DriverToReference-SequenceTransformStatus = OK
Seq_Frame0064_Timestamp = 6.936
Seq_Frame0065_DriverToReference-SequenceTransform =0.54413 0.62373 0.561145 -60.8649 -0.837605 0.365273 0.406194 194.417 0.0483843 -0.69104 0.721196 191.782 0 0 0 1 
Seq_Frame0065_DriverToReference-SequenceTransformStatus = OK
Seq_Frame0065_Timestamp = 7.038
Seq_Frame0066_DriverToReference-SequenceTransform =0.551823 0.59165 0.587742 -61.9036 -0.833893 0.382484 0.397904 194.757 0.0106178 -0.709687 0.704437 194.732 0 0 0 1 
Seq_Frame0066_DriverToReference-SequenceTransformStatus = OK
Seq_Frame0066_Timestamp = 7.146
Seq_Frame0067_DriverToReference-SequenceTransform =0.529422 0.568143 0.63002 -60.0642 -0.847148 0.39371 0.356839 201.643 -0.0453093 -0.722638 0.68974 194.999 0 0 0 1 
Seq_Frame0067_DriverToReference-SequenceTransformStatus = OK
Seq_Frame0067_Timestamp = 7.254
Seq_Frame0068_DriverToReference-SequenceTransform =0.532788 0.533274 0.657082 -46.3668 -0.842193 0.410065 0.350083 214.225 -0.0827561 -0.739909 0.667597 192.516 0 0 0 1 
Seq_Frame0068_DriverToReference-SequenceTransformStatus = OK
Seq_Frame0068_Timestamp = 7.363
Seq_Frame0069_DriverToReference-SequenceTransform =0.566656 0.454599 0.687198 -13.0446 -0.816332 0.422932 0.393358 225.512 -0.111818 -0.78388 0.61076 188.573 0 0 0 1 
Seq_Frame0069_DriverToReference-SequenceTransformStatus = OK
Seq_Frame0069_Timestamp = 7.471
Seq_Frame0070_DriverToReference-SequenceTransform =0.624517 0.331389 0.70722 28.0836 -0.768036 0.424961 0.479092 234.341 -0.141775 -0.842371 0.519914 185.739 0 0 0 1 
Seq_Frame0070_DriverToReference-SequenceTransformStatus = OK
Seq_Frame0070_Timestamp = 7.574
Seq_Frame0071_DriverToReference-SequenceTransform =0.629587 0.279574 0.724885 60.0952 -0.762908 0.398924 0.508755 237.074 -0.146939 -0.873326 0.464447 181.157 0 0 0 1 
Seq_Frame0071_DriverToReference-SequenceTransformStatus = OK
Seq_Frame0071_Timestamp = 7.681
Seq_Frame0072_DriverToReference-SequenceTransform =0.649209 0.177215 0.739677 75.5566 -0.750099 0.31028 0.584018 231.118 -0.12601 -0.933981 0.334366 179.709 0 0 0 1 
Seq_Frame0072_DriverToReference-SequenceTransformStatus = OK
Seq_Frame0072_Timestamp = 7.79
Seq_Frame0073_DriverToReference-SequenceTransform =0.676383 -0.0269005 0.736058 75.209 -0.69916 0.290903 0.653108 220.84 -0.23169 -0.956374 0.177954 184.925 0 0 0 1 
Seq_Frame0073_DriverToReference-SequenceTransformStatus = OK
Seq_Frame0073_Timestamp = 7.897
Seq_Frame0074_DriverToReference-SequenceTransform =0.67677 -0.184402 0.712726 66.7811 -0.671754 0.241425 0.700329 210.119 -0.301212 -0.952738 0.0395167 193.029 0 0 0 1 
Seq_Frame0074_DriverToReference-SequenceTransformStatus = OK
Seq_Frame0074_Timestamp = 8.007
Seq_Frame0075_DriverToReference-SequenceTransform =0.67677 -0.184402 0.712726 66.7811 -0.671754 0.241425 0.700329 210.119 -0.301212 -0.952738 0.0395167 193.029 0 0 0 1 
Seq_Frame0075_DriverToReference-SequenceTransformStatus = OK
Seq_Frame0075_Timestamp = 8.113
Seq_Frame0076_DriverToReference-SequenceTransform =0.67677 -0.184402 0.712726 66.7811 -0.671754 0.241425 0.700329 210.119 -0.301212 -0.952738 0.0395167 193.029 0 0 0 1 
Seq_Frame0076_DriverToReference-SequenceTransformStatus = OK
Seq_Frame0076_Timestamp = 8.219
Seq_Frame0077_DriverToReference-SequenceTransform =0.67677 -0.184402 0.712726 66.7811 -0.671754 0.241425 0.700329 210.119 -0.301212 -0.952738 0.0395167 193.029 0 0 0 1 
Seq_Frame0077_DriverToReference-SequenceTransformStatus = OK
Seq_Frame0077_Timestamp = 8.323
Seq_Frame0078_DriverToReference-SequenceTransform =0.67677 -0.184402 0.712726 66.7811 -0.671754 0.241425 0.700329 210.119 -0.301212 -0.952738 0.0395167 193.029 0 0 0 1 
Seq_Frame0078_DriverToReference-SequenceTransformStatus = OK
Seq_Frame0078_Timestamp = 8.428
Seq_Frame0079_DriverToReference-SequenceTransform =0.67677 -0.184402 0.712726 66.7811 -0.671754 0.241425 0.700329 210.119 -0.301212 -0.952738 0.0395167 193.029 0 0 0 1 
Seq_Frame0079_DriverToReference-SequenceTransformStatus = OK
Seq_Frame0079_Timestamp = 8.536
Seq_Frame0080_DriverToReference-SequenceTransform =0.67677 -0.184402 0.712726 66.7811 -0.671754 0.241425 0.700329 210.119 -0.301212 -0.952738 0.0395167 193.029 0 0 0 1 
Seq_Frame0080_DriverToReference-SequenceTransformStatus = OK
Seq_Frame0080_Timestamp = 8.641
Seq_Frame0081_DriverToReference-SequenceTransform =0.67677 -0.184402 0.712726 66.7811 -0.671754 0.241425 0.700329 210.119 -0.301212 -0.952738 0.0395167 193.029 0 0 0 1 
Seq_Frame0081_DriverToReference-SequenceTransformStatus = OK
Seq_Frame0081_Timestamp = 8.752
Seq_Frame0082_DriverToReference-SequenceTransform =0.67677 -0.184402 0.712726 66.7811 -0.671754 0.241425 0.700329 210.119 -0.301212 -0.952738 0.0395167 193.029 0 0 0 1 
Seq_Frame0082_DriverToReference-SequenceTransformStatus = OK
Seq_Frame0082_Timestamp = 8.861
Seq_Frame0083_DriverToReference-SequenceTransform =0.67677 -0.184402 0.712726 66.7811 -0.671754 0.241425 0.700329 210.119 -0.301212 -0.952738 0.0395167 193.029 0 0 0 1 
Seq_Frame0083_DriverToReference-SequenceTransformStatus = OK
Seq_Frame0083_Timestamp = 8.965
Seq_Frame0084_DriverToReference-SequenceTransform =0.67677 -0.184402 0.712726 66.7811 -0.671754 0.241425 0.700329 210.119 -0.301212 -0.952738 0.0395167 193.029 0 0 0 1 
Seq_Frame0084_DriverToReference-SequenceTransformStatus = OK
Seq_Frame0084_Timestamp = 9.074
Seq_Frame0085_DriverToReference-SequenceTransform =0.67677 -0.184402 0.712726 66.7811 -0.671754 0.241425 0.700329 210.119 -0.301212 -0.952738 0.0395167 193.029 0 0 0 1 
Seq_Frame0085_DriverToReference-SequenceTransformStatus = OK
Seq_Frame0085_Timestamp = 9.18
Seq_Frame0086_DriverToReference-SequenceTransform =0.67677 -0.184402 0.712726 66.7811 -0.671754 0.241425 0.700329 210.119 -0.301212 -0.952738 0.0395167 193.029 0 0 0 1 
Seq_Frame0086_DriverToReference-SequenceTransformStatus = OK
Seq_Frame0086_Timestamp = 9.285
Seq_Frame0087_DriverToReference-SequenceTransform =0.67677 -0.184402 0.712726 66.7811 -0.671754 0.241425 0.700329 210.119 -0.301212 -0.952738 0.0395167 193.029 0 0 0 1 
Seq_Frame0087_DriverToReference-SequenceTransformStatus = OK
Seq_Frame0087_Timestamp = 9.393
Seq_Frame0088_DriverToReference-SequenceTransform =0.67677 -0.184402 0.712726 66.7811 -0.671754 0.241425 0.700329 210.119 -0.301212 -0.952738 0.0395167 193.029 0 0 0 1 
Seq_Frame0088_DriverToReference-SequenceTransformStatus = OK
Seq_Frame0088_Timestamp = 9.498
Seq_Frame0089_DriverToReference-SequenceTransform =0.67677 -0.184402 0.712726 66.7811 -0.671754 0.241425 0.700329 210.119 -0.301212 -0.952738 0.0395167 193.029 0 0 0 1 
Seq_Frame0089_DriverToReference-SequenceTransformStatus = OK
Seq_Frame0089_Timestamp = 9.603
Seq_Frame0090_DriverToReference-SequenceTransform =0.67677 -0.184402 0.712726 66.7811 -0.671754 0.241425 0.700329 210.119 -0.301212 -0.952738 0.0395167 193.029 0 0 0 1 
Seq_Frame0090_DriverToReference-SequenceTransformStatus = OK
Seq_Frame0090_Timestamp = 9.711
Seq_Frame0091_DriverToReference-SequenceTransform =0.67677 -0.184402 0.712726 66.7811 -0.671754 0.241425 0.700329 210.119 -0.301212 -0.952738 0.0395167 193.029 0 0 0 1 
Seq_Frame0091_DriverToReference-SequenceTransformStatus = OK
Seq_Frame0091_Timestamp = 9.816
Seq_Frame0092_DriverToReference-SequenceTransform =0.67677 -0.184402 0.712726 66.7811 -0.671754 0.241425 0.700329 210.119 -0.301212 -0.952738 0.0395167 193.029 0 0 0 1 
Seq_Frame0092_DriverToReference-SequenceTransformStatus = OK
Seq_Frame0092_Timestamp = 9.925
Seq_Frame0093_DriverToReference-SequenceTransform =0.67677 -0.184402 0.712726 66.7811 -0.671754 0.241425 0.700329 210.119 -0.301212 -0.952738 0.0395167 193.029 0 0 0 1 
Seq_Frame0093_DriverToReference-SequenceTransformStatus = OK
Seq_Frame0093_Timestamp = 10.029
Seq_Frame0094_DriverToReference-SequenceTransform =0.67677 -0.184402 0.712726 66.7811 -0.671754 0.241425 0.700329 210.119 -0.301212 -0.952738 0.0395167 193.029 0 0 0 1 
Seq_Frame0094_DriverToReference-SequenceTransformStatus = OK
Seq_Frame0094_Timestamp = 10.138
Seq_Frame0095_DriverToReference-SequenceTransform =0.67677 -0.184402 0.712726 66.7811 -0.671754 0.241425 0.700329 210.119 -0.301212 -0.952738 0.0395167 193.029 0 0 0 1 
Seq_Frame0095_DriverToReference-SequenceTransformStatus = OK
Seq_Frame0095_Timestamp = 10.246
Seq_Frame0096_DriverToReference-SequenceTransform =0.67677 -0.184402 0.712726 66.7811 -0.671754 0.241425 0.700329 210.119 -0.301212 -0.952738 0.0395167 193.029 0 0 0 1 
Seq_Frame0096_DriverToReference-SequenceTransformStatus = OK
Seq_Frame0096_Timestamp = 10.353
Seq_Frame0097_DriverToReference-SequenceTransform =0.67677 -0.184402 0.712726 66.7811 -0.671754 0.241425 0.700329 210.119 -0.301212 -0.952738 0.0395167 193.029 0 0 0 1 
Seq_Frame0097_DriverToReference-SequenceTransformStatus = OK
Seq_Frame0097_Timestamp = 10.464
Seq_Frame0098_DriverToReference-SequenceTransform =0.67677 -0.184402 0.712726 66.7811 -0.671754 0.241425 0.700329 210.119 -0.301212 -0.952738 0.0395167 193.029 0 0 0 1 
Seq_Frame0098_DriverToReference-SequenceTransformStatus = OK
Seq_Frame0098_Timestamp = 10.583
Seq_Frame0099_DriverToReference-SequenceTransform =0.67677 -0.184402 0.712726 66.7811 -0.671754 0.241425 0.700329 210.119 -0.301212 -0.952738 0.0395167 193.029 0 0 0 1 
Seq_Frame0099_DriverToReference-SequenceTransformStatus = OK
Seq_Frame0099_Timestamp = 10.699
Seq_Frame0100_DriverToReference-SequenceTransform =0.67677 -0.184402 0.712726 66.7811 -0.671754 0.241425 0.700329 210.119 -0.301212 -0.952738 0.0395167 193.029 0 0 0 1 
Seq_Frame0100_DriverToReference-SequenceTransformStatus = OK
Seq_Frame0100_Timestamp = 10.816
Seq_Frame0101_DriverToReference-SequenceTransform =0.67677 -0.184402 0.712726 66.7811 -0.671754 0.241425 0.700329 210.119 -0.301212 -0.952738 0.0395167 193.029 0 0 0 1 
Seq_Frame0101_DriverToReference-SequenceTransformStatus = OK
Seq_Frame0101_Timestamp = 10.923
Seq_Frame0102_DriverToReference-SequenceTransform =0.67677 -0.184402 0.712726 66.7811 -0.671754 0.241425 0.700329 210.119 -0.301212 -0.952738 0.0395167 193.029 0 0 0 1 
Seq_Frame0102_DriverToReference-SequenceTransformStatus = OK
Seq_Frame0102_Timestamp = 11.03
Seq_Frame0103_DriverToReference-SequenceTransform =0.67677 -0.184402 0.712726 66.7811 -0.671754 0.241425 0.700329 210.119 -0.301212 -0.952738 0.0395167 193.029 0 0 0 1 
Seq_Frame0103_DriverToReference-SequenceTransformStatus = OK
Seq_Frame0103_Timestamp = 11.138
Seq_Frame0104_DriverToReference-SequenceTransform =0.67677 -0.184402 0.712726 66.7811 -0.671754 0.241425 0.700329 210.119 -0.301212 -0.952738 0.0395167 193.029 0 0 0 1 
Seq_Frame0104_DriverToReference-SequenceTransformStatus = OK
Seq_Frame0104_Timestamp = 11.246
Seq_Frame0105_DriverToReference-SequenceTransform =-0.573124 -0.432947 -0.695762 81.7945 0.148039 0.780371 -0.607541 195.056 0.805986 -0.451197 -0.383156 162.34 0 0 0 1 
Seq_Frame0105_DriverToReference-SequenceTransformStatus = OK
Seq_Frame0105_Timestamp = 11.354
Seq_Frame0106_DriverToReference-SequenceTransform =-0.637071 -0.388589 -0.665687 84.2195 0.122125 0.801831 -0.584938 198.194 0.761069 -0.453944 -0.463367 162.793 0 0 0 1 
Seq_Frame0106_DriverToReference-SequenceTransformStatus = OK
Seq_Frame0106_Timestamp = 11.461
Seq_Frame0107_DriverToReference-SequenceTransform =-0.658929 -0.362238 -0.659239 86.6848 0.113063 0.818756 -0.562899 199.278 0.74366 -0.445446 -0.498546 163.343 0 0 0 1 
Seq_Frame0107_DriverToReference-SequenceTransformStatus = OK
Seq_Frame0107_Timestamp = 11.568
Seq_Frame0108_DriverToReference-SequenceTransform =-0.611852 -0.37434 -0.696783 84.8026 0.113318 0.830347 -0.545603 199.689 0.782813 -0.412787 -0.46563 164.081 0 0 0 1 
Seq_Frame0108_DriverToReference-SequenceTransformStatus = OK
Seq_Frame0108_Timestamp = 11.679
Seq_Frame0109_DriverToReference-SequenceTransform =-0.488396 -0.418698 -0.765612 81.0705 0.141787 0.827633 -0.543065 199.081 0.861026 -0.373784 -0.344846 165.481 0 0 0 1 
Seq_Frame0109_DriverToReference-SequenceTransformStatus = OK
Seq_Frame0109_Timestamp = 11.785
Seq_Frame0110_DriverToReference-SequenceTransform =-0.446623 -0.437 -0.780743 79.9023 0.156973 0.820803 -0.549219 198.134 0.880845 -0.367849 -0.297992 166.563 0 0 0 1 
Seq_Frame0110_DriverToReference-SequenceTransformStatus = OK
Seq_Frame0110_Timestamp = 11.889
Seq_Frame0111_DriverToReference-SequenceTransform =-0.446623 -0.437 -0.780743 79.9023 0.156973 0.820803 -0.549219 198.134 0.880845 -0.367849 -0.297992 166.563 0 0 0 1 
Seq_Frame0111_DriverToReference-SequenceTransformStatus = OK
Seq_Frame0111_Timestamp = 11.997
Seq_Frame0112_DriverToReference-SequenceTransform =-0.601309 -0.360901 -0.712866 85.3041 0.142604 0.829381 -0.540176 198.109 0.786188 -0.42647 -0.447249 161.738 0 0 0 1 
Seq_Frame0112_DriverToReference-SequenceTransformStatus = OK
Seq_Frame0112_Timestamp = 12.106
Seq_Frame0113_DriverToReference-SequenceTransform =-0.683817 -0.337964 -0.646665 87.787 0.0689762 0.852352 -0.5184 201.304 0.726386 -0.399095 -0.559541 165.248 0 0 0 1 
Seq_Frame0113_DriverToReference-SequenceTransformStatus = OK
Seq_Frame0113_Timestamp = 12.214
Seq_Frame0114_DriverToReference-SequenceTransform =-0.700476 -0.348997 -0.622523 87.8084 0.0477706 0.847392 -0.528815 200.517 0.712075 -0.40016 -0.576906 164.198 0 0 0 1 
Seq_Frame0114_DriverToReference-SequenceTransformStatus = OK
Seq_Frame0114_Timestamp = 12.319
Seq_Frame0115_DriverToReference-SequenceTransform =-0.752805 -0.305871 -0.582861 92.8628 0.0281592 0.869704 -0.492769 200.982 0.657641 -0.387372 -0.646105 164.261 0 0 0 1 
Seq_Frame0115_DriverToReference-SequenceTransformStatus = OK
Seq_Frame0115_Timestamp = 12.429
Seq_Frame0116_DriverToReference-SequenceTransform =-0.837122 -0.222575 -0.499687 99.4967 -0.00432286 0.916141 -0.400833 205.382 0.546999 -0.333386 -0.767884 168.888 0 0 0 1 
Seq_Frame0116_DriverToReference-SequenceTransformStatus = OK
Seq_Frame0116_Timestamp = 12.536
Seq_Frame0117_DriverToReference-SequenceTransform =-0.879988 -0.183591 -0.438081 102.854 -0.0262124 0.939649 -0.341135 208.262 0.474272 -0.288712 -0.831692 172.611 0 0 0 1 
Seq_Frame0117_DriverToReference-SequenceTransformStatus = OK
Seq_Frame0117_Timestamp = 12.644
Seq_Frame0118_DriverToReference-SequenceTransform =-0.909021 -0.165306 -0.382564 105.177 -0.0401429 0.94843 -0.314433 208.664 0.414813 -0.270469 -0.868779 172.939 0 0 0 1 
Seq_Frame0118_DriverToReference-SequenceTransformStatus = OK
Seq_Frame0118_Timestamp = 12.751
Seq_Frame0119_DriverToReference-SequenceTransform =-0.929807 -0.150976 -0.335655 107.395 -0.045293 0.951997 -0.302737 209.309 0.365249 -0.266285 -0.892012 174.794 0 0 0 1 
Seq_Frame0119_DriverToReference-SequenceTransformStatus = OK
Seq_Frame0119_Timestamp = 12.858
Seq_Frame0120_DriverToReference-SequenceTransform =-0.931236 -0.170894 -0.321862 104.643 -0.0698508 0.950554 -0.302602 209.142 0.35766 -0.259312 -0.897127 173.603 0 0 0 1 
Seq_Frame0120_DriverToReference-SequenceTransformStatus = OK
Seq_Frame0120_Timestamp = 12.965
Seq_Frame0121_DriverToReference-SequenceTransform =-0.924788 -0.178029 -0.336264 103.886 -0.0529314 0.935384 -0.349651 207.781 0.376784 -0.305554 -0.874455 169.812 0 0 0 1 
Seq_Frame0121_DriverToReference-SequenceTransformStatus = OK
Seq_Frame0121_Timestamp = 13.073
Seq_Frame0122_DriverToReference-SequenceTransform =-0.893963 -0.205955 -0.39801 101.066 -0.0280373 0.912102 -0.409004 206.111 0.447262 -0.354476 -0.82116 165.757 0 0 0 1 
Seq_Frame0122_DriverToReference-SequenceTransformStatus = OK
Seq_Frame0122_Timestamp = 13.18
Seq_Frame0123_DriverToReference-SequenceTransform =-0.833014 -0.232372 -0.502086 98.8876 0.028704 0.888145 -0.458667 204.366 0.552506 -0.396488 -0.733167 164.294 0 0 0 1 
Seq_Frame0123_DriverToReference-SequenceTransformStatus = OK
Seq_Frame0123_Timestamp = 13.289
Seq_Frame0124_DriverToReference-SequenceTransform =-0.735403 -0.300531 -0.607341 92.1367 0.081262 0.850692 -0.519345 201.194 0.672739 -0.431282 -0.60118 162.56 0 0 0 1 
Seq_Frame0124_DriverToReference-SequenceTransformStatus = OK
Seq_Frame0124_Timestamp = 13.394
Seq_Frame0125_DriverToReference-SequenceTransform =-0.660265 -0.338957 -0.670193 87.1364 0.158546 0.809344 -0.565531 196.5 0.734107 -0.479657 -0.480641 157.638 0 0 0 1 
Seq_Frame0125_DriverToReference-SequenceTransformStatus = OK
Seq_Frame0125_Timestamp = 13.502
Seq_Frame0126_DriverToReference-SequenceTransform =-0.474027 -0.425465 -0.770894 80.8441 0.196244 0.802436 -0.563546 193.848 0.858362 -0.41842 -0.296882 161.115 0 0 0 1 
Seq_Frame0126_DriverToReference-SequenceTransformStatus = OK
Seq_Frame0126_Timestamp = 13.608
Seq_Frame0127_DriverToReference-SequenceTransform =-0.474027 -0.425465 -0.770894 80.8441 0.196244 0.802436 -0.563546 193.848 0.858362 -0.41842 -0.296882 161.115 0 0 0 1 
Seq_Frame0127_DriverToReference-SequenceTransformStatus = OK
Seq_Frame0127_Timestamp = 13.714
Seq_Frame0128_DriverToReference-SequenceTransform =-0.474027 -0.425465 -0.770894 80.8441 0.196244 0.802436 -0.563546 193.848 0.858362 -0.41842 -0.296882 161.115 0 0 0 1 
Seq_Frame0128_DriverToReference-SequenceTransformStatus = OK
Seq_Frame0128_Timestamp = 13.82
Seq_Frame0129_DriverToReference-SequenceTransform =-0.474027 -0.425465 -0.770894 80.8441 0.196244 0.802436 -0.563546 193.848 0.858362 -0.41842 -0.296882 161.115 0 0 0 1 
Seq_Frame0129_DriverToReference-SequenceTransformStatus = OK
Seq_Frame0129_Timestamp = 13.927
Seq_Frame0130_DriverToReference-SequenceTransform =-0.474027 -0.425465 -0.770894 80.8441 0.196244 0.802436 -0.563546 193.848 0.858362 -0.41842 -0.296882 161.115 0 0 0 1 
Seq_Frame0130_DriverToReference-SequenceTransformStatus = OK
Seq_Frame0130_Timestamp = 14.03
Seq_Frame0131_DriverToReference-SequenceTransform =-0.474027 -0.425465 -0.770894 80.8441 0.196244 0.802436 -0.563546 193.848 0.858362 -0.41842 -0.296882 161.115 0 0 0 1 
Seq_Frame0131_DriverToReference-SequenceTransformStatus = OK
Seq_Frame0131_Timestamp = 14.142
Seq_Frame0132_DriverToReference-SequenceTransform =-0.474027 -0.425465 -0.770894 80.8441 0.196244 0.802436 -0.563546 193.848 0.858362 -0.41842 -0.296882 161.115 0 0 0 1 
Seq_Frame0132_DriverToReference-SequenceTransformStatus = OK
Seq_Frame0132_Timestamp = 14.248
Seq_Frame0133_DriverToReference-SequenceTransform =-0.474027 -0.425465 -0.770894 80.8441 0.196244 0.802436 -0.563546 193.848 0.858362 -0.41842 -0.296882 161.115 0 0 0 1 
Seq_Frame0133_DriverToReference-SequenceTransformStatus = OK
Seq_Frame0133_Timestamp = 14.353
Seq_Frame0134_DriverToReference-SequenceTransform =-0.474027 -0.425465 -0.770894 80.8441 0.196244 0.802436 -0.563546 193.848 0.858362 -0.41842 -0.296882 161.115 0 0 0 1 
Seq_Frame0134_DriverToReference-SequenceTransformStatus = OK
Seq_Frame0134_Timestamp = 14.461
Seq_Frame0135_DriverToReference-SequenceTransform =-0.474027 -0.425465 -0.770894 80.8441 0.196244 0.802436 -0.563546 193.848 0.858362 -0.41842 -0.296882 161.115 0 0 0 1 
Seq_Frame0135_DriverToReference-SequenceTransformStatus = OK
Seq_Frame0135_Timestamp = 14.568
Seq_Frame0136_DriverToReference-SequenceTransform =-0.474027 -0.425465 -0.770894 80.8441 0.196244 0.802436 -0.563546 193.848 0.858362 -0.41842 -0.296882 161.115 0 0 0 1 
Seq_Frame0136_DriverToReference-SequenceTransformStatus = OK
Seq_Frame0136_Timestamp = 14.678
Seq_Frame0137_DriverToReference-SequenceTransform =-0.595287 -0.469801 -0.651859 76.6175 -0.0937403 0.846327 -0.524351 201.626 0.798026 -0.251034 -0.547847 176.011 0 0 0 1 
Seq_Frame0137_DriverToReference-SequenceTransformStatus = OK
Seq_Frame0137_Timestamp = 14.785
Seq_Frame0138_DriverToReference-SequenceTransform =-0.690815 -0.393394 -0.606643 84.4157 -0.114467 0.887951 -0.445466 205.577 0.713913 -0.238294 -0.658441 176.873 0 0 0 1 
Seq_Frame0138_DriverToReference-SequenceTransformStatus = OK
Seq_Frame0138_Timestamp = 14.891
Seq_Frame0139_DriverToReference-SequenceTransform =-0.797276 -0.282279 -0.533544 93.2203 -0.097226 0.932428 -0.34803 209.01 0.595733 -0.225601 -0.770848 177.506 0 0 0 1 
Seq_Frame0139_DriverToReference-SequenceTransformStatus = OK
Seq_Frame0139_Timestamp = 15
Seq_Frame0140_DriverToReference-SequenceTransform =-0.726613 -0.352949 -0.589457 86.073 -0.114745 0.90825 -0.402388 208.17 0.677397 -0.224743 -0.700446 177.736 0 0 0 1 
Seq_Frame0140_DriverToReference-SequenceTransformStatus = OK
Seq_Frame0140_Timestamp = 15.105
Seq_Frame0141_DriverToReference-SequenceTransform =-0.821122 -0.232148 -0.521407 96.406 -0.0754149 0.949664 -0.304057 209.608 0.565748 -0.210346 -0.797298 175.393 0 0 0 1 
Seq_Frame0141_DriverToReference-SequenceTransformStatus = OK
Seq_Frame0141_Timestamp = 15.212
Seq_Frame0142_DriverToReference-SequenceTransform =-0.823585 -0.171218 -0.540733 100.828 -0.0586518 0.973947 -0.219059 212.21 0.564153 -0.148699 -0.81217 180.421 0 0 0 1 
Seq_Frame0142_DriverToReference-SequenceTransformStatus = OK
Seq_Frame0142_Timestamp = 15.319
Seq_Frame0143_DriverToReference-SequenceTransform =-0.816446 -0.176938 -0.549645 98.7237 -0.0521135 0.970589 -0.235036 211.606 0.575066 -0.16325 -0.801654 179.283 0 0 0 1 
Seq_Frame0143_DriverToReference-SequenceTransformStatus = OK
Seq_Frame0143_Timestamp = 15.427
Seq_Frame0144_DriverToReference-SequenceTransform =-0.70961 -0.227867 -0.666731 95.0684 -0.0204126 0.952513 -0.303812 210.044 0.704299 -0.201978 -0.680564 178.427 0 0 0 1 
Seq_Frame0144_DriverToReference-SequenceTransformStatus = OK
Seq_Frame0144_Timestamp = 15.533
Seq_Frame0145_DriverToReference-SequenceTransform =-0.495678 -0.344863 -0.797103 81.478 -0.0489002 0.927411 -0.370833 208.165 0.867129 -0.144835 -0.476561 180.315 0 0 0 1 
Seq_Frame0145_DriverToReference-SequenceTransformStatus = OK
Seq_Frame0145_Timestamp = 15.639
Seq_Frame0146_DriverToReference-SequenceTransform =-0.383665 -0.415556 -0.824691 77.0955 -0.0312717 0.898366 -0.438133 206.75 0.922943 -0.142307 -0.357666 182.327 0 0 0 1 
Seq_Frame0146_DriverToReference-SequenceTransformStatus = OK
Seq_Frame0146_Timestamp = 15.749
Seq_Frame0147_DriverToReference-SequenceTransform =-0.383665 -0.415556 -0.824691 77.0955 -0.0312717 0.898366 -0.438133 206.75 0.922943 -0.142307 -0.357666 182.327 0 0 0 1 
Seq_Frame0147_DriverToReference-SequenceTransformStatus = OK
Seq_Frame0147_Timestamp = 15.855
Seq_Frame0148_DriverToReference-SequenceTransform =-0.383665 -0.415556 -0.824691 77.0955 -0.0312717 0.898366 -0.438133 206.75 0.922943 -0.142307 -0.357666 182.327 0 0 0 1 
Seq_Frame0148_DriverToReference-SequenceTransformStatus = OK
Seq_Frame0148_Timestamp = 15.964
Seq_Frame0149_DriverToReference-SequenceTransform =-0.383665 -0.415556 -0.824691 77.0955 -0.0312717 0.898366 -0.438133 206.75 0.922943 -0.142307 -0.357666 182.327 0 0 0 1 
Seq_Frame0149_DriverToReference-SequenceTransformStatus = OK
Seq_Frame0149_Timestamp = 16.069
Seq_Frame0150_DriverToReference-SequenceTransform =-0.383665 -0.415556 -0.824691 77.0955 -0.0312717 0.898366 -0.438133 206.75 0.922943 -0.142307 -0.357666 182.327 0 0 0 1 
Seq_Frame0150_DriverToReference-SequenceTransformStatus = OK
Seq_Frame0150_Timestamp = 16.176
