ObjectType = Image
NDims = 3
AnatomicalOrientation = RAI
BinaryData = True
CompressedData = False
DimSize = 0 0 1569
ElementSpacing = 1 1 1
Offset = 0 0 0
TransformMatrix = 1 0 0 0 1 0 0 0 1
ElementType = MET_UCHAR
Kinds = domain domain list
Seq_Frame0000_ForcepToReference-SequenceTransform =0.693508 0.170568 -0.699967 96.3816 0.591854 -0.68887 0.418529 -1.95914 -0.410799 -0.704531 -0.578688 -3.66001 0 0 0 1 
Seq_Frame0000_ForcepToReference-SequenceTransformStatus = OK
Seq_Frame0000_Timestamp = 0.000999928
Seq_Frame0001_ForcepToReference-SequenceTransform =0.693985 0.170652 -0.699474 96.3619 0.591599 -0.68887 0.418891 -1.9465 -0.410361 -0.704512 -0.579022 -3.75029 0 0 0 1 
Seq_Frame0001_ForcepToReference-SequenceTransformStatus = OK
Seq_Frame0001_Timestamp = 0.105
Seq_Frame0002_ForcepToReference-SequenceTransform =0.693784 0.17069 -0.699663 96.3768 0.591418 -0.689407 0.418261 -1.94247 -0.41096 -0.703976 -0.579249 -3.71347 0 0 0 1 
Seq_Frame0002_ForcepToReference-SequenceTransformStatus = OK
Seq_Frame0002_Timestamp = 0.205
Seq_Frame0003_ForcepToReference-SequenceTransform =0.693513 0.170444 -0.699992 96.3743 0.592623 -0.687469 0.419743 -1.96996 -0.40968 -0.705929 -0.577778 -3.73464 0 0 0 1 
Seq_Frame0003_ForcepToReference-SequenceTransformStatus = OK
Seq_Frame0003_Timestamp = 0.306
Seq_Frame0004_ForcepToReference-SequenceTransform =0.694159 0.170547 -0.699326 96.3849 0.591646 -0.688545 0.419357 -1.96084 -0.409998 -0.704854 -0.578863 -3.71616 0 0 0 1 
Seq_Frame0004_ForcepToReference-SequenceTransformStatus = OK
Seq_Frame0004_Timestamp = 0.408
Seq_Frame0005_ForcepToReference-SequenceTransform =0.694974 0.170954 -0.698417 96.3808 0.5906 -0.689747 0.418857 -1.96084 -0.410125 -0.70358 -0.580322 -3.71246 0 0 0 1 
Seq_Frame0005_ForcepToReference-SequenceTransformStatus = OK
Seq_Frame0005_Timestamp = 0.515
Seq_Frame0006_ForcepToReference-SequenceTransform =0.69413 0.171337 -0.699162 96.3681 0.591779 -0.68882 0.418718 -1.91459 -0.409854 -0.704394 -0.579524 -3.74523 0 0 0 1 
Seq_Frame0006_ForcepToReference-SequenceTransformStatus = OK
Seq_Frame0006_Timestamp = 0.616
Seq_Frame0007_ForcepToReference-SequenceTransform =0.693565 0.171014 -0.699801 96.3674 0.592192 -0.688498 0.418664 -1.95753 -0.410214 -0.704787 -0.578791 -3.71578 0 0 0 1 
Seq_Frame0007_ForcepToReference-SequenceTransformStatus = OK
Seq_Frame0007_Timestamp = 0.719
Seq_Frame0008_ForcepToReference-SequenceTransform =0.704749 0.162998 -0.690479 96.8415 0.623696 -0.6062 0.493483 -6.23854 -0.338132 -0.77843 -0.52888 -1.32846 0 0 0 1 
Seq_Frame0008_ForcepToReference-SequenceTransformStatus = OK
Seq_Frame0008_Timestamp = 1.07
Seq_Frame0009_ForcepToReference-SequenceTransform =0.694838 0.172277 -0.698226 96.4794 0.592604 -0.687228 0.420165 -2.15257 -0.407456 -0.705719 -0.579604 -3.70773 0 0 0 1 
Seq_Frame0009_ForcepToReference-SequenceTransformStatus = OK
Seq_Frame0009_Timestamp = 1.17
Seq_Frame0010_ForcepToReference-SequenceTransform =0.693423 0.172268 -0.699634 96.4508 0.592734 -0.688461 0.417956 -2.02779 -0.409671 -0.704517 -0.579504 -3.81301 0 0 0 1 
Seq_Frame0010_ForcepToReference-SequenceTransformStatus = OK
Seq_Frame0010_Timestamp = 1.271
Seq_Frame0011_ForcepToReference-SequenceTransform =0.694762 0.17199 -0.698373 96.4662 0.592151 -0.687918 0.419674 -2.08159 -0.408244 -0.705116 -0.579783 -3.78232 0 0 0 1 
Seq_Frame0011_ForcepToReference-SequenceTransformStatus = OK
Seq_Frame0011_Timestamp = 1.375
Seq_Frame0012_ForcepToReference-SequenceTransform =0.694648 0.172682 -0.698315 96.4284 0.590301 -0.691625 0.416173 -1.8916 -0.411106 -0.70131 -0.582371 -3.85575 0 0 0 1 
Seq_Frame0012_ForcepToReference-SequenceTransformStatus = OK
Seq_Frame0012_Timestamp = 1.48
Seq_Frame0013_ForcepToReference-SequenceTransform =0.695381 0.167144 -0.698933 96.6909 0.597056 -0.67566 0.432443 -2.79578 -0.399961 -0.718015 -0.569636 -3.57282 0 0 0 1 
Seq_Frame0013_ForcepToReference-SequenceTransformStatus = OK
Seq_Frame0013_Timestamp = 1.581
Seq_Frame0014_ForcepToReference-SequenceTransform =0.694631 0.168707 -0.699304 96.3575 0.594555 -0.681881 0.426079 -2.2615 -0.40496 -0.711742 -0.573961 -3.35151 0 0 0 1 
Seq_Frame0014_ForcepToReference-SequenceTransformStatus = OK
Seq_Frame0014_Timestamp = 1.689
Seq_Frame0015_ForcepToReference-SequenceTransform =0.696717 0.16456 -0.698216 96.642 0.596583 -0.673409 0.436589 -2.80699 -0.39834 -0.720722 -0.567349 -3.31322 0 0 0 1 
Seq_Frame0015_ForcepToReference-SequenceTransformStatus = OK
Seq_Frame0015_Timestamp = 1.799
Seq_Frame0016_ForcepToReference-SequenceTransform =0.695242 0.159904 -0.700763 96.9231 0.600423 -0.665157 0.443913 -3.39795 -0.395133 -0.729381 -0.558455 -3.24312 0 0 0 1 
Seq_Frame0016_ForcepToReference-SequenceTransformStatus = OK
Seq_Frame0016_Timestamp = 1.909
Seq_Frame0017_ForcepToReference-SequenceTransform =0.69627 0.173432 -0.696513 96.4499 0.589057 -0.692543 0.416408 -1.94602 -0.410147 -0.700218 -0.584359 -3.85786 0 0 0 1 
Seq_Frame0017_ForcepToReference-SequenceTransformStatus = OK
Seq_Frame0017_Timestamp = 2.015
Seq_Frame0018_ForcepToReference-SequenceTransform =0.695863 0.174697 -0.696603 96.3542 0.586677 -0.697731 0.411074 -1.60655 -0.414228 -0.694732 -0.588016 -4.01659 0 0 0 1 
Seq_Frame0018_ForcepToReference-SequenceTransformStatus = OK
Seq_Frame0018_Timestamp = 2.121
Seq_Frame0019_ForcepToReference-SequenceTransform =0.69632 0.167199 -0.697985 96.4832 0.590492 -0.686261 0.424693 -2.20658 -0.407992 -0.707877 -0.576587 -3.58251 0 0 0 1 
Seq_Frame0019_ForcepToReference-SequenceTransformStatus = OK
Seq_Frame0019_Timestamp = 2.222
Seq_Frame0020_ForcepToReference-SequenceTransform =0.697289 0.171638 -0.695937 96.3909 0.588637 -0.691138 0.419326 -1.91176 -0.409017 -0.702046 -0.582956 -3.74787 0 0 0 1 
Seq_Frame0020_ForcepToReference-SequenceTransformStatus = OK
Seq_Frame0020_Timestamp = 2.331
Seq_Frame0021_ForcepToReference-SequenceTransform =0.69588 0.172283 -0.697187 96.3912 0.589559 -0.691396 0.417602 -1.87511 -0.410086 -0.701634 -0.5827 -3.78111 0 0 0 1 
Seq_Frame0021_ForcepToReference-SequenceTransformStatus = OK
Seq_Frame0021_Timestamp = 2.434
Seq_Frame0022_ForcepToReference-SequenceTransform =0.696385 0.173753 -0.696317 96.3687 0.587055 -0.696017 0.413434 -1.7243 -0.412813 -0.696685 -0.586698 -3.867 0 0 0 1 
Seq_Frame0022_ForcepToReference-SequenceTransformStatus = OK
Seq_Frame0022_Timestamp = 2.535
Seq_Frame0023_ForcepToReference-SequenceTransform =0.695381 0.171544 -0.697866 96.3828 0.589903 -0.690877 0.417977 -1.87234 -0.410438 -0.702326 -0.581617 -3.7872 0 0 0 1 
Seq_Frame0023_ForcepToReference-SequenceTransformStatus = OK
Seq_Frame0023_Timestamp = 2.639
Seq_Frame0024_ForcepToReference-SequenceTransform =0.695608 0.171466 -0.697659 96.4099 0.589857 -0.690675 0.418374 -1.94674 -0.410119 -0.702544 -0.58158 -3.69344 0 0 0 1 
Seq_Frame0024_ForcepToReference-SequenceTransformStatus = OK
Seq_Frame0024_Timestamp = 2.739
Seq_Frame0025_ForcepToReference-SequenceTransform =0.695952 0.171017 -0.697426 96.4071 0.589126 -0.691304 0.418366 -1.92591 -0.410586 -0.702035 -0.581865 -3.76742 0 0 0 1 
Seq_Frame0025_ForcepToReference-SequenceTransformStatus = OK
Seq_Frame0025_Timestamp = 2.845
Seq_Frame0026_ForcepToReference-SequenceTransform =0.695742 0.170953 -0.697652 96.4088 0.589537 -0.690778 0.418655 -1.92761 -0.410352 -0.702567 -0.581387 -3.72832 0 0 0 1 
Seq_Frame0026_ForcepToReference-SequenceTransformStatus = OK
Seq_Frame0026_Timestamp = 2.946
Seq_Frame0027_ForcepToReference-SequenceTransform =0.696384 0.171723 -0.696822 96.3992 0.588662 -0.692078 0.417738 -1.89417 -0.41052 -0.701099 -0.583039 -3.7317 0 0 0 1 
Seq_Frame0027_ForcepToReference-SequenceTransformStatus = OK
Seq_Frame0027_Timestamp = 3.05
Seq_Frame0028_ForcepToReference-SequenceTransform =0.695919 0.171048 -0.697452 96.4196 0.589395 -0.690897 0.418658 -1.93148 -0.410257 -0.702427 -0.581623 -3.72376 0 0 0 1 
Seq_Frame0028_ForcepToReference-SequenceTransformStatus = OK
Seq_Frame0028_Timestamp = 3.155
Seq_Frame0029_ForcepToReference-SequenceTransform =0.696091 0.170782 -0.697345 96.4199 0.588908 -0.691393 0.418525 -1.92489 -0.410663 -0.702004 -0.581847 -3.77396 0 0 0 1 
Seq_Frame0029_ForcepToReference-SequenceTransformStatus = OK
Seq_Frame0029_Timestamp = 3.255
Seq_Frame0030_ForcepToReference-SequenceTransform =0.696252 0.17071 -0.697203 96.4133 0.589599 -0.689999 0.419849 -1.97474 -0.409397 -0.703391 -0.581064 -3.7065 0 0 0 1 
Seq_Frame0030_ForcepToReference-SequenceTransformStatus = OK
Seq_Frame0030_Timestamp = 3.364
Seq_Frame0031_ForcepToReference-SequenceTransform =0.696138 0.170778 -0.6973 96.4121 0.589899 -0.689644 0.420012 -1.99154 -0.40916 -0.703723 -0.580829 -3.66868 0 0 0 1 
Seq_Frame0031_ForcepToReference-SequenceTransformStatus = OK
Seq_Frame0031_Timestamp = 3.465
Seq_Frame0032_ForcepToReference-SequenceTransform =0.696634 0.170423 -0.696891 96.4264 0.589842 -0.689012 0.421128 -2.03948 -0.408396 -0.704428 -0.580512 -3.63796 0 0 0 1 
Seq_Frame0032_ForcepToReference-SequenceTransformStatus = OK
Seq_Frame0032_Timestamp = 3.566
Seq_Frame0033_ForcepToReference-SequenceTransform =0.696726 0.170845 -0.696696 96.4188 0.589114 -0.690424 0.419833 -1.97719 -0.409289 -0.702942 -0.581683 -3.68231 0 0 0 1 
Seq_Frame0033_ForcepToReference-SequenceTransformStatus = OK
Seq_Frame0033_Timestamp = 3.67
Seq_Frame0034_ForcepToReference-SequenceTransform =0.697059 0.170896 -0.69635 96.413 0.588963 -0.690369 0.420135 -1.9866 -0.408939 -0.702983 -0.58188 -3.68132 0 0 0 1 
Seq_Frame0034_ForcepToReference-SequenceTransformStatus = OK
Seq_Frame0034_Timestamp = 3.772
Seq_Frame0035_ForcepToReference-SequenceTransform =0.697982 0.170434 -0.695538 96.4256 0.588571 -0.689803 0.421611 -2.04061 -0.407928 -0.70365 -0.581783 -3.65757 0 0 0 1 
Seq_Frame0035_ForcepToReference-SequenceTransformStatus = OK
Seq_Frame0035_Timestamp = 3.894
Seq_Frame0036_ForcepToReference-SequenceTransform =0.697312 0.171001 -0.696071 96.4199 0.589019 -0.690073 0.420542 -2.00022 -0.408427 -0.703248 -0.58192 -3.65629 0 0 0 1 
Seq_Frame0036_ForcepToReference-SequenceTransformStatus = OK
Seq_Frame0036_Timestamp = 3.999
Seq_Frame0037_ForcepToReference-SequenceTransform =0.696617 0.170891 -0.696793 96.41 0.5889 -0.690932 0.419298 -1.96501 -0.409782 -0.702431 -0.581952 -3.72418 0 0 0 1 
Seq_Frame0037_ForcepToReference-SequenceTransformStatus = OK
Seq_Frame0037_Timestamp = 4.105
Seq_Frame0038_ForcepToReference-SequenceTransform =0.696984 0.170916 -0.69642 96.4076 0.588806 -0.690729 0.419763 -1.9485 -0.409293 -0.702625 -0.582064 -3.72727 0 0 0 1 
Seq_Frame0038_ForcepToReference-SequenceTransformStatus = OK
Seq_Frame0038_Timestamp = 4.205
Seq_Frame0039_ForcepToReference-SequenceTransform =0.696814 0.171153 -0.696532 96.4125 0.588842 -0.690985 0.41929 -1.92991 -0.409531 -0.702315 -0.58227 -3.74748 0 0 0 1 
Seq_Frame0039_ForcepToReference-SequenceTransformStatus = OK
Seq_Frame0039_Timestamp = 4.31
Seq_Frame0040_ForcepToReference-SequenceTransform =0.696749 0.171672 -0.696469 96.3948 0.588855 -0.691342 0.418684 -1.91764 -0.409622 -0.701837 -0.582782 -3.75825 0 0 0 1 
Seq_Frame0040_ForcepToReference-SequenceTransformStatus = OK
Seq_Frame0040_Timestamp = 4.41
Seq_Frame0041_ForcepToReference-SequenceTransform =0.696328 0.170411 -0.6972 96.4202 0.589762 -0.68946 0.420506 -1.98144 -0.409032 -0.703992 -0.580592 -3.70916 0 0 0 1 
Seq_Frame0041_ForcepToReference-SequenceTransformStatus = OK
Seq_Frame0041_Timestamp = 4.522
Seq_Frame0042_ForcepToReference-SequenceTransform =0.696719 0.170876 -0.696695 96.4144 0.588905 -0.690809 0.419494 -1.96837 -0.409601 -0.702556 -0.581929 -3.71874 0 0 0 1 
Seq_Frame0042_ForcepToReference-SequenceTransformStatus = OK
Seq_Frame0042_Timestamp = 4.63
Seq_Frame0043_ForcepToReference-SequenceTransform =0.697054 0.170778 -0.696384 96.4123 0.589262 -0.689788 0.420669 -1.98515 -0.408517 -0.703581 -0.581453 -3.69212 0 0 0 1 
Seq_Frame0043_ForcepToReference-SequenceTransformStatus = OK
Seq_Frame0043_Timestamp = 4.732
Seq_Frame0044_ForcepToReference-SequenceTransform =0.697364 0.170399 -0.696166 96.4273 0.588572 -0.690424 0.420592 -1.99552 -0.408982 -0.70305 -0.581769 -3.71958 0 0 0 1 
Seq_Frame0044_ForcepToReference-SequenceTransformStatus = OK
Seq_Frame0044_Timestamp = 4.836
Seq_Frame0045_ForcepToReference-SequenceTransform =0.69688 0.170835 -0.696544 96.4157 0.589413 -0.689744 0.42053 -1.97878 -0.408596 -0.703611 -0.581361 -3.65312 0 0 0 1 
Seq_Frame0045_ForcepToReference-SequenceTransformStatus = OK
Seq_Frame0045_Timestamp = 4.939
Seq_Frame0046_ForcepToReference-SequenceTransform =0.694748 0.170099 -0.69885 96.3827 0.592024 -0.687014 0.421331 -2.0235 -0.408452 -0.706455 -0.578004 -3.62792 0 0 0 1 
Seq_Frame0046_ForcepToReference-SequenceTransformStatus = OK
Seq_Frame0046_Timestamp = 5.045
Seq_Frame0047_ForcepToReference-SequenceTransform =0.695704 0.170875 -0.697708 96.3895 0.590216 -0.689605 0.419631 -1.9494 -0.409439 -0.703738 -0.580614 -3.77026 0 0 0 1 
Seq_Frame0047_ForcepToReference-SequenceTransformStatus = OK
Seq_Frame0047_Timestamp = 5.146
Seq_Frame0048_ForcepToReference-SequenceTransform =0.696869 0.171042 -0.696504 96.4129 0.589186 -0.690271 0.419983 -1.97413 -0.408942 -0.703044 -0.581804 -3.64162 0 0 0 1 
Seq_Frame0048_ForcepToReference-SequenceTransformStatus = OK
Seq_Frame0048_Timestamp = 5.247
Seq_Frame0049_ForcepToReference-SequenceTransform =0.697495 0.170487 -0.696014 96.4025 0.588683 -0.69015 0.420885 -1.96926 -0.408599 -0.703297 -0.581739 -3.75012 0 0 0 1 
Seq_Frame0049_ForcepToReference-SequenceTransformStatus = OK
Seq_Frame0049_Timestamp = 5.355
Seq_Frame0050_ForcepToReference-SequenceTransform =0.695813 0.170554 -0.697679 96.4092 0.58987 -0.689895 0.419641 -1.9601 -0.409754 -0.703531 -0.580642 -3.72689 0 0 0 1 
Seq_Frame0050_ForcepToReference-SequenceTransformStatus = OK
Seq_Frame0050_Timestamp = 5.464
Seq_Frame0051_ForcepToReference-SequenceTransform =0.69547 0.170768 -0.697968 96.4082 0.590306 -0.689629 0.419466 -1.95524 -0.409708 -0.70374 -0.580421 -3.72669 0 0 0 1 
Seq_Frame0051_ForcepToReference-SequenceTransformStatus = OK
Seq_Frame0051_Timestamp = 5.565
Seq_Frame0052_ForcepToReference-SequenceTransform =0.696612 0.171025 -0.696766 96.4221 0.588872 -0.691065 0.419116 -1.97128 -0.409831 -0.702267 -0.582116 -3.68868 0 0 0 1 
Seq_Frame0052_ForcepToReference-SequenceTransformStatus = OK
Seq_Frame0052_Timestamp = 5.671
Seq_Frame0053_ForcepToReference-SequenceTransform =0.696322 0.170796 -0.697111 96.4094 0.58952 -0.690115 0.41977 -1.95745 -0.409392 -0.703257 -0.58123 -3.72353 0 0 0 1 
Seq_Frame0053_ForcepToReference-SequenceTransformStatus = OK
Seq_Frame0053_Timestamp = 5.771
Seq_Frame0054_ForcepToReference-SequenceTransform =0.695689 0.170785 -0.697746 96.4086 0.589806 -0.690271 0.419112 -1.97085 -0.410056 -0.703106 -0.580944 -3.68853 0 0 0 1 
Seq_Frame0054_ForcepToReference-SequenceTransformStatus = OK
Seq_Frame0054_Timestamp = 5.875
Seq_Frame0055_ForcepToReference-SequenceTransform =0.695581 0.170652 -0.697886 96.4114 0.590255 -0.689531 0.419697 -1.96497 -0.409592 -0.703864 -0.580353 -3.6948 0 0 0 1 
Seq_Frame0055_ForcepToReference-SequenceTransformStatus = OK
Seq_Frame0055_Timestamp = 5.975
Seq_Frame0056_ForcepToReference-SequenceTransform =0.695778 0.170746 -0.697667 96.4035 0.589987 -0.689845 0.419558 -1.96973 -0.409644 -0.703533 -0.580718 -3.72764 0 0 0 1 
Seq_Frame0056_ForcepToReference-SequenceTransformStatus = OK
Seq_Frame0056_Timestamp = 6.08
Seq_Frame0057_ForcepToReference-SequenceTransform =0.696009 0.170776 -0.697429 96.3993 0.589824 -0.689905 0.419689 -1.96168 -0.409486 -0.703468 -0.580908 -3.77019 0 0 0 1 
Seq_Frame0057_ForcepToReference-SequenceTransformStatus = OK
Seq_Frame0057_Timestamp = 6.189
Seq_Frame0058_ForcepToReference-SequenceTransform =0.696346 0.170966 -0.697046 96.3969 0.589388 -0.69042 0.419455 -1.95077 -0.409542 -0.702916 -0.581536 -3.73763 0 0 0 1 
Seq_Frame0058_ForcepToReference-SequenceTransformStatus = OK
Seq_Frame0058_Timestamp = 6.295
Seq_Frame0059_ForcepToReference-SequenceTransform =0.696846 0.170886 -0.696566 96.4096 0.589125 -0.690306 0.420012 -1.98618 -0.409069 -0.703048 -0.58171 -3.68057 0 0 0 1 
Seq_Frame0059_ForcepToReference-SequenceTransformStatus = OK
Seq_Frame0059_Timestamp = 6.405
Seq_Frame0060_ForcepToReference-SequenceTransform =0.69655 0.170723 -0.696901 96.4068 0.589261 -0.69028 0.419863 -1.97513 -0.409377 -0.703113 -0.581415 -3.7165 0 0 0 1 
Seq_Frame0060_ForcepToReference-SequenceTransformStatus = OK
Seq_Frame0060_Timestamp = 6.51
Seq_Frame0061_ForcepToReference-SequenceTransform =0.69648 0.170716 -0.696974 96.4077 0.589336 -0.69022 0.419857 -1.96009 -0.409388 -0.703173 -0.581333 -3.7286 0 0 0 1 
Seq_Frame0061_ForcepToReference-SequenceTransformStatus = OK
Seq_Frame0061_Timestamp = 6.61
Seq_Frame0062_ForcepToReference-SequenceTransform =0.696853 0.170852 -0.696566 96.415 0.588716 -0.69098 0.419477 -1.96644 -0.409645 -0.702394 -0.582095 -3.72999 0 0 0 1 
Seq_Frame0062_ForcepToReference-SequenceTransformStatus = OK
Seq_Frame0062_Timestamp = 6.716
Seq_Frame0063_ForcepToReference-SequenceTransform =0.695693 0.170539 -0.697802 96.4076 0.590002 -0.689783 0.419639 -1.96659 -0.409767 -0.703645 -0.580496 -3.71996 0 0 0 1 
Seq_Frame0063_ForcepToReference-SequenceTransformStatus = OK
Seq_Frame0063_Timestamp = 6.824
Seq_Frame0064_ForcepToReference-SequenceTransform =0.695838 0.170628 -0.697635 96.4115 0.589831 -0.689979 0.419556 -1.97621 -0.409766 -0.703431 -0.580756 -3.71273 0 0 0 1 
Seq_Frame0064_ForcepToReference-SequenceTransformStatus = OK
Seq_Frame0064_Timestamp = 6.936
Seq_Frame0065_ForcepToReference-SequenceTransform =0.695886 0.170671 -0.697577 96.4096 0.589689 -0.6902 0.419394 -1.97327 -0.409889 -0.703204 -0.580944 -3.74031 0 0 0 1 
Seq_Frame0065_ForcepToReference-SequenceTransformStatus = OK
Seq_Frame0065_Timestamp = 7.038
Seq_Frame0066_ForcepToReference-SequenceTransform =0.695144 0.170735 -0.698301 96.3911 0.58999 -0.690486 0.418499 -1.9638 -0.410715 -0.702908 -0.580719 -3.75556 0 0 0 1 
Seq_Frame0066_ForcepToReference-SequenceTransformStatus = OK
Seq_Frame0066_Timestamp = 7.146
Seq_Frame0067_ForcepToReference-SequenceTransform =0.696665 0.170767 -0.696776 96.3938 0.589137 -0.690401 0.419838 -1.98093 -0.409361 -0.702983 -0.581583 -3.73617 0 0 0 1 
Seq_Frame0067_ForcepToReference-SequenceTransformStatus = OK
Seq_Frame0067_Timestamp = 7.254
Seq_Frame0068_ForcepToReference-SequenceTransform =0.696633 0.170833 -0.696791 96.4168 0.58959 -0.689695 0.420363 -1.9937 -0.408761 -0.70366 -0.581186 -3.68631 0 0 0 1 
Seq_Frame0068_ForcepToReference-SequenceTransformStatus = OK
Seq_Frame0068_Timestamp = 7.363
Seq_Frame0069_ForcepToReference-SequenceTransform =0.69655 0.170661 -0.696917 96.4042 0.589478 -0.68987 0.420232 -1.9842 -0.409065 -0.70353 -0.58113 -3.71046 0 0 0 1 
Seq_Frame0069_ForcepToReference-SequenceTransformStatus = OK
Seq_Frame0069_Timestamp = 7.471
Seq_Frame0070_ForcepToReference-SequenceTransform =0.695633 0.170659 -0.697832 96.4038 0.590065 -0.689809 0.419509 -1.97684 -0.409778 -0.70359 -0.580554 -3.69768 0 0 0 1 
Seq_Frame0070_ForcepToReference-SequenceTransformStatus = OK
Seq_Frame0070_Timestamp = 7.574
Seq_Frame0071_ForcepToReference-SequenceTransform =0.696503 0.170677 -0.69696 96.4116 0.589351 -0.690148 0.419955 -1.94959 -0.409329 -0.703253 -0.581279 -3.77418 0 0 0 1 
Seq_Frame0071_ForcepToReference-SequenceTransformStatus = OK
Seq_Frame0071_Timestamp = 7.681
Seq_Frame0072_ForcepToReference-SequenceTransform =0.696273 0.170947 -0.697124 96.3993 0.589378 -0.690499 0.419337 -1.97205 -0.409679 -0.702843 -0.581528 -3.70351 0 0 0 1 
Seq_Frame0072_ForcepToReference-SequenceTransformStatus = OK
Seq_Frame0072_Timestamp = 7.79
Seq_Frame0073_ForcepToReference-SequenceTransform =0.696572 0.170796 -0.696862 96.4111 0.589765 -0.689434 0.420545 -1.95542 -0.408613 -0.703924 -0.58097 -3.73861 0 0 0 1 
Seq_Frame0073_ForcepToReference-SequenceTransformStatus = OK
Seq_Frame0073_Timestamp = 7.897
Seq_Frame0074_ForcepToReference-SequenceTransform =0.696792 0.170863 -0.696625 96.4107 0.589059 -0.690461 0.419849 -1.94173 -0.409255 -0.702901 -0.581756 -3.76904 0 0 0 1 
Seq_Frame0074_ForcepToReference-SequenceTransformStatus = OK
Seq_Frame0074_Timestamp = 8.007
Seq_Frame0075_ForcepToReference-SequenceTransform =0.695871 0.170718 -0.697581 96.4103 0.589786 -0.690077 0.419459 -1.9903 -0.409775 -0.703313 -0.580892 -3.69448 0 0 0 1 
Seq_Frame0075_ForcepToReference-SequenceTransformStatus = OK
Seq_Frame0075_Timestamp = 8.113
Seq_Frame0076_ForcepToReference-SequenceTransform =0.697534 0.171007 -0.695847 96.4197 0.588877 -0.69009 0.420713 -1.99453 -0.408252 -0.70323 -0.582064 -3.65335 0 0 0 1 
Seq_Frame0076_ForcepToReference-SequenceTransformStatus = OK
Seq_Frame0076_Timestamp = 8.219
Seq_Frame0077_ForcepToReference-SequenceTransform =0.696645 0.170883 -0.696767 96.4058 0.588948 -0.690815 0.419422 -1.99048 -0.409665 -0.702548 -0.581894 -3.72314 0 0 0 1 
Seq_Frame0077_ForcepToReference-SequenceTransformStatus = OK
Seq_Frame0077_Timestamp = 8.323
Seq_Frame0078_ForcepToReference-SequenceTransform =0.695854 0.171074 -0.69751 96.4063 0.590112 -0.689748 0.419541 -1.94682 -0.409334 -0.703549 -0.580917 -3.69799 0 0 0 1 
Seq_Frame0078_ForcepToReference-SequenceTransformStatus = OK
Seq_Frame0078_Timestamp = 8.428
Seq_Frame0079_ForcepToReference-SequenceTransform =0.696066 0.16982 -0.697605 96.4246 0.590469 -0.688158 0.421646 -1.94201 -0.408459 -0.705407 -0.579277 -3.78205 0 0 0 1 
Seq_Frame0079_ForcepToReference-SequenceTransformStatus = OK
Seq_Frame0079_Timestamp = 8.536
Seq_Frame0080_ForcepToReference-SequenceTransform =0.692699 0.170326 -0.700826 96.3816 0.594176 -0.685559 0.42067 -2.00616 -0.408806 -0.707812 -0.57609 -3.6051 0 0 0 1 
Seq_Frame0080_ForcepToReference-SequenceTransformStatus = OK
Seq_Frame0080_Timestamp = 8.641
Seq_Frame0081_ForcepToReference-SequenceTransform =0.697153 0.170782 -0.696284 96.3153 0.589046 -0.69006 0.420526 -2.12738 -0.40866 -0.703314 -0.581676 -3.76896 0 0 0 1 
Seq_Frame0081_ForcepToReference-SequenceTransformStatus = OK
Seq_Frame0081_Timestamp = 8.752
Seq_Frame0082_ForcepToReference-SequenceTransform =0.697782 0.170049 -0.695833 96.441 0.588343 -0.690173 0.421325 -1.94821 -0.408599 -0.703381 -0.581638 -3.75797 0 0 0 1 
Seq_Frame0082_ForcepToReference-SequenceTransformStatus = OK
Seq_Frame0082_Timestamp = 8.861
Seq_Frame0083_ForcepToReference-SequenceTransform =0.695262 0.170376 -0.698271 96.4172 0.591243 -0.687994 0.420827 -1.95545 -0.408708 -0.705433 -0.57907 -3.6841 0 0 0 1 
Seq_Frame0083_ForcepToReference-SequenceTransformStatus = OK
Seq_Frame0083_Timestamp = 8.965
Seq_Frame0084_ForcepToReference-SequenceTransform =0.694981 0.170785 -0.698451 96.4052 0.59138 -0.688297 0.42014 -1.96234 -0.408988 -0.705039 -0.579352 -3.67164 0 0 0 1 
Seq_Frame0084_ForcepToReference-SequenceTransformStatus = OK
Seq_Frame0084_Timestamp = 9.074
Seq_Frame0085_ForcepToReference-SequenceTransform =0.695164 0.170963 -0.698226 96.3881 0.590431 -0.689846 0.418931 -1.94151 -0.410047 -0.70348 -0.580498 -3.74883 0 0 0 1 
Seq_Frame0085_ForcepToReference-SequenceTransformStatus = OK
Seq_Frame0085_Timestamp = 9.18
Seq_Frame0086_ForcepToReference-SequenceTransform =0.697387 0.171063 -0.695981 96.4016 0.588765 -0.690471 0.420246 -1.98902 -0.408666 -0.702843 -0.582241 -3.75172 0 0 0 1 
Seq_Frame0086_ForcepToReference-SequenceTransformStatus = OK
Seq_Frame0086_Timestamp = 9.285
Seq_Frame0087_ForcepToReference-SequenceTransform =0.697629 0.170976 -0.69576 96.3942 0.588733 -0.69022 0.4207 -1.96496 -0.408298 -0.70311 -0.582177 -3.79999 0 0 0 1 
Seq_Frame0087_ForcepToReference-SequenceTransformStatus = OK
Seq_Frame0087_Timestamp = 9.393
Seq_Frame0088_ForcepToReference-SequenceTransform =0.695798 0.171118 -0.697555 96.3902 0.589524 -0.690841 0.418568 -1.93626 -0.410276 -0.702465 -0.581565 -3.7497 0 0 0 1 
Seq_Frame0088_ForcepToReference-SequenceTransformStatus = OK
Seq_Frame0088_Timestamp = 9.498
Seq_Frame0089_ForcepToReference-SequenceTransform =0.695518 0.170993 -0.697865 96.3983 0.590156 -0.689971 0.419113 -1.90491 -0.409841 -0.70335 -0.5808 -3.77156 0 0 0 1 
Seq_Frame0089_ForcepToReference-SequenceTransformStatus = OK
Seq_Frame0089_Timestamp = 9.603
Seq_Frame0090_ForcepToReference-SequenceTransform =0.695369 0.170794 -0.698062 96.406 0.589942 -0.690372 0.418754 -1.93582 -0.410402 -0.703005 -0.580822 -3.71442 0 0 0 1 
Seq_Frame0090_ForcepToReference-SequenceTransformStatus = OK
Seq_Frame0090_Timestamp = 9.711
Seq_Frame0091_ForcepToReference-SequenceTransform =0.69543 0.170682 -0.69803 96.4089 0.590354 -0.689536 0.41955 -1.95007 -0.409707 -0.703852 -0.580287 -3.67435 0 0 0 1 
Seq_Frame0091_ForcepToReference-SequenceTransformStatus = OK
Seq_Frame0091_Timestamp = 9.816
Seq_Frame0092_ForcepToReference-SequenceTransform =0.695566 0.170669 -0.697897 96.4046 0.590387 -0.689332 0.41984 -1.97874 -0.409429 -0.704055 -0.580236 -3.68181 0 0 0 1 
Seq_Frame0092_ForcepToReference-SequenceTransformStatus = OK
Seq_Frame0092_Timestamp = 9.925
Seq_Frame0093_ForcepToReference-SequenceTransform =0.694558 0.17052 -0.698936 96.4052 0.59092 -0.689364 0.419035 -1.96797 -0.410368 -0.70406 -0.579567 -3.71832 0 0 0 1 
Seq_Frame0093_ForcepToReference-SequenceTransformStatus = OK
Seq_Frame0093_Timestamp = 10.029
Seq_Frame0094_ForcepToReference-SequenceTransform =0.697193 0.170777 -0.696245 96.4062 0.588882 -0.690298 0.420365 -1.95815 -0.408828 -0.703082 -0.581838 -3.75088 0 0 0 1 
Seq_Frame0094_ForcepToReference-SequenceTransformStatus = OK
Seq_Frame0094_Timestamp = 10.138
Seq_Frame0095_ForcepToReference-SequenceTransform =0.696215 0.170781 -0.697222 96.4205 0.589284 -0.690623 0.419268 -1.96734 -0.409914 -0.702762 -0.58146 -3.68972 0 0 0 1 
Seq_Frame0095_ForcepToReference-SequenceTransformStatus = OK
Seq_Frame0095_Timestamp = 10.246
Seq_Frame0096_ForcepToReference-SequenceTransform =0.696645 0.171077 -0.696719 96.4043 0.58928 -0.690362 0.419701 -1.95446 -0.409188 -0.702946 -0.58175 -3.7174 0 0 0 1 
Seq_Frame0096_ForcepToReference-SequenceTransformStatus = OK
Seq_Frame0096_Timestamp = 10.353
Seq_Frame0097_ForcepToReference-SequenceTransform =0.696762 0.170761 -0.69668 96.3946 0.588975 -0.690575 0.419779 -1.95316 -0.409428 -0.702814 -0.58174 -3.81271 0 0 0 1 
Seq_Frame0097_ForcepToReference-SequenceTransformStatus = OK
Seq_Frame0097_Timestamp = 10.464
Seq_Frame0098_ForcepToReference-SequenceTransform =0.696894 0.171066 -0.696473 96.4067 0.589084 -0.690435 0.419857 -1.95802 -0.409046 -0.702877 -0.581932 -3.6965 0 0 0 1 
Seq_Frame0098_ForcepToReference-SequenceTransformStatus = OK
Seq_Frame0098_Timestamp = 10.583
Seq_Frame0099_ForcepToReference-SequenceTransform =0.697591 0.171261 -0.695728 96.4198 0.588566 -0.69072 0.420114 -2.004 -0.408604 -0.702549 -0.582639 -3.63544 0 0 0 1 
Seq_Frame0099_ForcepToReference-SequenceTransformStatus = OK
Seq_Frame0099_Timestamp = 10.699
Seq_Frame0100_ForcepToReference-SequenceTransform =0.697356 0.171198 -0.695978 96.4172 0.588622 -0.690831 0.419855 -1.96486 -0.408925 -0.702456 -0.582526 -3.66363 0 0 0 1 
Seq_Frame0100_ForcepToReference-SequenceTransformStatus = OK
Seq_Frame0100_Timestamp = 10.816
Seq_Frame0101_ForcepToReference-SequenceTransform =0.697197 0.170891 -0.696213 96.4084 0.589468 -0.689353 0.421094 -1.97395 -0.407975 -0.703981 -0.581349 -3.71139 0 0 0 1 
Seq_Frame0101_ForcepToReference-SequenceTransformStatus = OK
Seq_Frame0101_Timestamp = 10.923
Seq_Frame0102_ForcepToReference-SequenceTransform =0.694707 0.168599 -0.699254 96.4151 0.593689 -0.683252 0.425088 -2.06541 -0.406097 -0.710452 -0.574755 -3.69804 0 0 0 1 
Seq_Frame0102_ForcepToReference-SequenceTransformStatus = OK
Seq_Frame0102_Timestamp = 11.03
Seq_Frame0103_ForcepToReference-SequenceTransform =0.695205 0.168907 -0.698685 96.4145 0.592901 -0.684288 0.424521 -2.06943 -0.406397 -0.70938 -0.575865 -3.72119 0 0 0 1 
Seq_Frame0103_ForcepToReference-SequenceTransformStatus = OK
Seq_Frame0103_Timestamp = 11.138
Seq_Frame0104_ForcepToReference-SequenceTransform =0.69408 0.168427 -0.699918 96.4159 0.593699 -0.683795 0.4242 -2.02658 -0.407154 -0.709969 -0.574603 -3.74762 0 0 0 1 
Seq_Frame0104_ForcepToReference-SequenceTransformStatus = OK
Seq_Frame0104_Timestamp = 11.246
Seq_Frame0105_ForcepToReference-SequenceTransform =0.695093 0.16906 -0.698759 96.4123 0.592379 -0.685409 0.42344 -1.9926 -0.407349 -0.70826 -0.576571 -3.7258 0 0 0 1 
Seq_Frame0105_ForcepToReference-SequenceTransformStatus = OK
Seq_Frame0105_Timestamp = 11.354
Seq_Frame0106_ForcepToReference-SequenceTransform =0.694935 0.169076 -0.698913 96.4136 0.592608 -0.685187 0.423479 -2.01529 -0.407286 -0.708472 -0.576356 -3.7123 0 0 0 1 
Seq_Frame0106_ForcepToReference-SequenceTransformStatus = OK
Seq_Frame0106_Timestamp = 11.461
Seq_Frame0107_ForcepToReference-SequenceTransform =0.694477 0.169028 -0.699379 96.4095 0.592672 -0.685528 0.422838 -2.00106 -0.407972 -0.708153 -0.576262 -3.71415 0 0 0 1 
Seq_Frame0107_ForcepToReference-SequenceTransformStatus = OK
Seq_Frame0107_Timestamp = 11.568
Seq_Frame0108_ForcepToReference-SequenceTransform =0.69535 0.16999 -0.698278 96.3931 0.591353 -0.68748 0.421513 -1.94591 -0.408399 -0.706028 -0.578563 -3.82642 0 0 0 1 
Seq_Frame0108_ForcepToReference-SequenceTransformStatus = OK
Seq_Frame0108_Timestamp = 11.679
Seq_Frame0109_ForcepToReference-SequenceTransform =0.695605 0.170078 -0.698003 96.3865 0.590933 -0.687993 0.421264 -1.93586 -0.408573 -0.705506 -0.579076 -3.90335 0 0 0 1 
Seq_Frame0109_ForcepToReference-SequenceTransformStatus = OK
Seq_Frame0109_Timestamp = 11.785
Seq_Frame0110_ForcepToReference-SequenceTransform =0.69539 0.16999 -0.698238 96.4082 0.591468 -0.687239 0.421743 -1.93896 -0.408164 -0.706262 -0.578443 -3.78152 0 0 0 1 
Seq_Frame0110_ForcepToReference-SequenceTransformStatus = OK
Seq_Frame0110_Timestamp = 11.889
Seq_Frame0111_ForcepToReference-SequenceTransform =0.694131 0.169929 -0.699504 96.3914 0.59212 -0.687389 0.420585 -1.93258 -0.409362 -0.706131 -0.577756 -3.82991 0 0 0 1 
Seq_Frame0111_ForcepToReference-SequenceTransformStatus = OK
Seq_Frame0111_Timestamp = 11.997
Seq_Frame0112_ForcepToReference-SequenceTransform =0.695237 0.169846 -0.698425 96.3946 0.591274 -0.687647 0.421351 -1.95631 -0.408705 -0.7059 -0.578503 -3.81332 0 0 0 1 
Seq_Frame0112_ForcepToReference-SequenceTransformStatus = OK
Seq_Frame0112_Timestamp = 12.106
Seq_Frame0113_ForcepToReference-SequenceTransform =0.695808 0.17 -0.697819 96.3943 0.591232 -0.687216 0.422112 -1.92771 -0.407794 -0.706282 -0.57868 -3.8084 0 0 0 1 
Seq_Frame0113_ForcepToReference-SequenceTransformStatus = OK
Seq_Frame0113_Timestamp = 12.214
Seq_Frame0114_ForcepToReference-SequenceTransform =0.695456 0.169794 -0.69822 96.3729 0.591192 -0.687529 0.421658 -1.94367 -0.408451 -0.706026 -0.578527 -3.82951 0 0 0 1 
Seq_Frame0114_ForcepToReference-SequenceTransformStatus = OK
Seq_Frame0114_Timestamp = 12.319
Seq_Frame0115_ForcepToReference-SequenceTransform =0.695082 0.169755 -0.698601 96.3888 0.59198 -0.686533 0.422176 -1.99611 -0.407946 -0.707005 -0.577689 -3.83402 0 0 0 1 
Seq_Frame0115_ForcepToReference-SequenceTransformStatus = OK
Seq_Frame0115_Timestamp = 12.429
Seq_Frame0116_ForcepToReference-SequenceTransform =0.694569 0.169641 -0.69914 96.3949 0.592692 -0.685767 0.422421 -1.96675 -0.407788 -0.707775 -0.576857 -3.68171 0 0 0 1 
Seq_Frame0116_ForcepToReference-SequenceTransformStatus = OK
Seq_Frame0116_Timestamp = 12.536
Seq_Frame0117_ForcepToReference-SequenceTransform =0.695299 0.169858 -0.69836 96.3953 0.59149 -0.687217 0.42175 -1.9812 -0.408287 -0.706316 -0.57829 -3.76483 0 0 0 1 
Seq_Frame0117_ForcepToReference-SequenceTransformStatus = OK
Seq_Frame0117_Timestamp = 12.644
Seq_Frame0118_ForcepToReference-SequenceTransform =0.694869 0.169728 -0.69882 96.3972 0.592051 -0.686617 0.42194 -1.94662 -0.408206 -0.70693 -0.577597 -3.79423 0 0 0 1 
Seq_Frame0118_ForcepToReference-SequenceTransformStatus = OK
Seq_Frame0118_Timestamp = 12.751
Seq_Frame0119_ForcepToReference-SequenceTransform =0.695125 0.169826 -0.698541 96.3991 0.591723 -0.686975 0.421815 -1.9797 -0.408246 -0.706558 -0.578024 -3.76566 0 0 0 1 
Seq_Frame0119_ForcepToReference-SequenceTransformStatus = OK
Seq_Frame0119_Timestamp = 12.858
Seq_Frame0120_ForcepToReference-SequenceTransform =0.694756 0.169759 -0.698925 96.4019 0.591997 -0.686848 0.421639 -1.96016 -0.408478 -0.706698 -0.577688 -3.8042 0 0 0 1 
Seq_Frame0120_ForcepToReference-SequenceTransformStatus = OK
Seq_Frame0120_Timestamp = 12.965
Seq_Frame0121_ForcepToReference-SequenceTransform =0.694972 0.169653 -0.698735 96.4058 0.591976 -0.686593 0.422084 -1.99905 -0.408139 -0.706971 -0.577593 -3.73231 0 0 0 1 
Seq_Frame0121_ForcepToReference-SequenceTransformStatus = OK
Seq_Frame0121_Timestamp = 13.073
Seq_Frame0122_ForcepToReference-SequenceTransform =0.695616 0.169743 -0.698073 96.3942 0.591285 -0.687171 0.422112 -1.8971 -0.408045 -0.706388 -0.578373 -3.86477 0 0 0 1 
Seq_Frame0122_ForcepToReference-SequenceTransformStatus = OK
Seq_Frame0122_Timestamp = 13.18
Seq_Frame0123_ForcepToReference-SequenceTransform =0.695779 0.169788 -0.6979 96.4222 0.591217 -0.687146 0.422248 -2.00379 -0.407867 -0.706401 -0.578483 -3.64129 0 0 0 1 
Seq_Frame0123_ForcepToReference-SequenceTransformStatus = OK
Seq_Frame0123_Timestamp = 13.289
Seq_Frame0124_ForcepToReference-SequenceTransform =0.695157 0.170155 -0.69843 96.3913 0.591529 -0.687477 0.421271 -1.96023 -0.408473 -0.705991 -0.578556 -3.67976 0 0 0 1 
Seq_Frame0124_ForcepToReference-SequenceTransformStatus = OK
Seq_Frame0124_Timestamp = 13.394
Seq_Frame0125_ForcepToReference-SequenceTransform =0.694947 0.170195 -0.698629 96.3823 0.591343 -0.688041 0.42061 -1.94869 -0.4091 -0.705431 -0.578796 -3.75969 0 0 0 1 
Seq_Frame0125_ForcepToReference-SequenceTransformStatus = OK
Seq_Frame0125_Timestamp = 13.502
Seq_Frame0126_ForcepToReference-SequenceTransform =0.695873 0.170371 -0.697664 96.3801 0.591369 -0.687137 0.42205 -2.02067 -0.407485 -0.70627 -0.578912 -3.63538 0 0 0 1 
Seq_Frame0126_ForcepToReference-SequenceTransformStatus = OK
Seq_Frame0126_Timestamp = 13.608
Seq_Frame0127_ForcepToReference-SequenceTransform =0.695054 0.170037 -0.698561 96.3797 0.590856 -0.688673 0.42026 -1.94009 -0.40962 -0.704853 -0.579132 -3.81873 0 0 0 1 
Seq_Frame0127_ForcepToReference-SequenceTransformStatus = OK
Seq_Frame0127_Timestamp = 13.714
Seq_Frame0128_ForcepToReference-SequenceTransform =0.695255 0.170108 -0.698343 96.3804 0.591269 -0.687796 0.421115 -1.9494 -0.408682 -0.705691 -0.578774 -3.73484 0 0 0 1 
Seq_Frame0128_ForcepToReference-SequenceTransformStatus = OK
Seq_Frame0128_Timestamp = 13.82
Seq_Frame0129_ForcepToReference-SequenceTransform =0.696531 0.170112 -0.69707 96.3897 0.590199 -0.688315 0.421768 -1.91904 -0.408056 -0.705184 -0.579833 -3.76393 0 0 0 1 
Seq_Frame0129_ForcepToReference-SequenceTransformStatus = OK
Seq_Frame0129_Timestamp = 13.927
Seq_Frame0130_ForcepToReference-SequenceTransform =0.694705 0.16971 -0.698987 96.3749 0.592036 -0.686802 0.421658 -1.95059 -0.408507 -0.706754 -0.577599 -3.77991 0 0 0 1 
Seq_Frame0130_ForcepToReference-SequenceTransformStatus = OK
Seq_Frame0130_Timestamp = 14.03
Seq_Frame0131_ForcepToReference-SequenceTransform =0.697796 0.170755 -0.695646 96.4069 0.589049 -0.689368 0.421655 -1.9789 -0.407557 -0.703999 -0.581621 -3.67644 0 0 0 1 
Seq_Frame0131_ForcepToReference-SequenceTransformStatus = OK
Seq_Frame0131_Timestamp = 14.142
Seq_Frame0132_ForcepToReference-SequenceTransform =0.697217 0.170615 -0.696261 96.3889 0.589246 -0.689548 0.421085 -1.91304 -0.408262 -0.703857 -0.581299 -3.80706 0 0 0 1 
Seq_Frame0132_ForcepToReference-SequenceTransformStatus = OK
Seq_Frame0132_Timestamp = 14.248
Seq_Frame0133_ForcepToReference-SequenceTransform =0.694264 0.16981 -0.699401 96.3665 0.591991 -0.6874 0.420747 -1.90565 -0.409321 -0.706149 -0.577763 -3.78386 0 0 0 1 
Seq_Frame0133_ForcepToReference-SequenceTransformStatus = OK
Seq_Frame0133_Timestamp = 14.353
Seq_Frame0134_ForcepToReference-SequenceTransform =0.697789 0.170566 -0.695699 96.4014 0.589715 -0.688107 0.422782 -1.9845 -0.406603 -0.705277 -0.580739 -3.6954 0 0 0 1 
Seq_Frame0134_ForcepToReference-SequenceTransformStatus = OK
Seq_Frame0134_Timestamp = 14.461
Seq_Frame0135_ForcepToReference-SequenceTransform =0.698094 0.17058 -0.69539 96.4072 0.589168 -0.688743 0.42251 -1.96351 -0.406873 -0.704653 -0.581307 -3.66927 0 0 0 1 
Seq_Frame0135_ForcepToReference-SequenceTransformStatus = OK
Seq_Frame0135_Timestamp = 14.568
Seq_Frame0136_ForcepToReference-SequenceTransform =0.695394 0.170575 -0.698091 96.3782 0.590963 -0.688461 0.420458 -1.94587 -0.408889 -0.70493 -0.579555 -3.71896 0 0 0 1 
Seq_Frame0136_ForcepToReference-SequenceTransformStatus = OK
Seq_Frame0136_Timestamp = 14.678
Seq_Frame0137_ForcepToReference-SequenceTransform =0.694739 0.170421 -0.698781 96.3721 0.591855 -0.687509 0.42076 -1.94227 -0.408712 -0.705895 -0.578504 -3.69791 0 0 0 1 
Seq_Frame0137_ForcepToReference-SequenceTransformStatus = OK
Seq_Frame0137_Timestamp = 14.785
Seq_Frame0138_ForcepToReference-SequenceTransform =0.696736 0.170992 -0.69665 96.4067 0.589684 -0.689521 0.420515 -1.93982 -0.40845 -0.703791 -0.581245 -3.71376 0 0 0 1 
Seq_Frame0138_ForcepToReference-SequenceTransformStatus = OK
Seq_Frame0138_Timestamp = 14.891
Seq_Frame0139_ForcepToReference-SequenceTransform =0.697184 0.170511 -0.69632 96.4215 0.589604 -0.688903 0.421641 -1.96678 -0.407802 -0.704514 -0.580825 -3.67046 0 0 0 1 
Seq_Frame0139_ForcepToReference-SequenceTransformStatus = OK
Seq_Frame0139_Timestamp = 15
Seq_Frame0140_ForcepToReference-SequenceTransform =0.694478 0.170193 -0.699095 96.3724 0.592092 -0.687233 0.420877 -1.95658 -0.408811 -0.706219 -0.578039 -3.72989 0 0 0 1 
Seq_Frame0140_ForcepToReference-SequenceTransformStatus = OK
Seq_Frame0140_Timestamp = 15.105
Seq_Frame0141_ForcepToReference-SequenceTransform =0.695085 0.170281 -0.698471 96.3717 0.591245 -0.688118 0.420621 -1.92556 -0.409007 -0.705335 -0.578979 -3.79221 0 0 0 1 
Seq_Frame0141_ForcepToReference-SequenceTransformStatus = OK
Seq_Frame0141_Timestamp = 15.212
Seq_Frame0142_ForcepToReference-SequenceTransform =0.695584 0.170383 -0.697949 96.3754 0.591149 -0.687826 0.421234 -1.95346 -0.408296 -0.705596 -0.579162 -3.71392 0 0 0 1 
Seq_Frame0142_ForcepToReference-SequenceTransformStatus = OK
Seq_Frame0142_Timestamp = 15.319
Seq_Frame0143_ForcepToReference-SequenceTransform =0.695336 0.17037 -0.698199 96.3871 0.59145 -0.687558 0.42125 -1.95611 -0.408284 -0.70586 -0.578849 -3.72269 0 0 0 1 
Seq_Frame0143_ForcepToReference-SequenceTransformStatus = OK
Seq_Frame0143_Timestamp = 15.427
Seq_Frame0144_ForcepToReference-SequenceTransform =0.694519 0.170113 -0.699075 96.3816 0.592187 -0.686979 0.421158 -1.96996 -0.408606 -0.706485 -0.577859 -3.67414 0 0 0 1 
Seq_Frame0144_ForcepToReference-SequenceTransformStatus = OK
Seq_Frame0144_Timestamp = 15.533
Seq_Frame0145_ForcepToReference-SequenceTransform =0.695708 0.170243 -0.69786 96.3674 0.591164 -0.687586 0.421605 -1.94511 -0.408063 -0.705863 -0.579 -3.76601 0 0 0 1 
Seq_Frame0145_ForcepToReference-SequenceTransformStatus = OK
Seq_Frame0145_Timestamp = 15.639
Seq_Frame0146_ForcepToReference-SequenceTransform =0.696488 0.170706 -0.696968 96.3955 0.590007 -0.689051 0.420834 -1.90777 -0.408407 -0.704321 -0.580633 -3.76736 0 0 0 1 
Seq_Frame0146_ForcepToReference-SequenceTransformStatus = OK
Seq_Frame0146_Timestamp = 15.749
Seq_Frame0147_ForcepToReference-SequenceTransform =0.695327 0.170094 -0.698276 96.3709 0.591505 -0.687304 0.421585 -1.91595 -0.408219 -0.706173 -0.578512 -3.79959 0 0 0 1 
Seq_Frame0147_ForcepToReference-SequenceTransformStatus = OK
Seq_Frame0147_Timestamp = 15.855
Seq_Frame0148_ForcepToReference-SequenceTransform =0.695203 0.170294 -0.69835 96.3751 0.591369 -0.687789 0.420985 -1.951 -0.408627 -0.705653 -0.57886 -3.75571 0 0 0 1 
Seq_Frame0148_ForcepToReference-SequenceTransformStatus = OK
Seq_Frame0148_Timestamp = 15.964
Seq_Frame0149_ForcepToReference-SequenceTransform =0.695425 0.170451 -0.698091 96.3834 0.591114 -0.688093 0.420847 -1.9532 -0.408618 -0.705319 -0.579273 -3.71514 0 0 0 1 
Seq_Frame0149_ForcepToReference-SequenceTransformStatus = OK
Seq_Frame0149_Timestamp = 16.069
Seq_Frame0150_ForcepToReference-SequenceTransform =0.694608 0.170423 -0.69891 96.3753 0.591709 -0.687899 0.420329 -1.94805 -0.409146 -0.705515 -0.578661 -3.73908 0 0 0 1 
