ObjectType = Image
NDims = 3
AnatomicalOrientation = RAI
BinaryData = True
CompressedData = False
DimSize = 0 0 2016
ElementSpacing = 1 1 1
Offset = 0 0 0
TransformMatrix = 1 0 0 0 1 0 0 0 1
ElementType = MET_UCHAR
Kinds = domain domain list
Seq_Frame0000_DriverToReference-SequenceTransform =0.374192 0.127408 -0.918557 -12.7949 -0.838532 0.469498 -0.276471 308.387 0.396036 0.873693 0.282518 253.583 0 0 0 1 
Seq_Frame0000_DriverToReference-SequenceTransformStatus = OK
Seq_Frame0000_Timestamp = 0.00499988
Seq_Frame0001_DriverToReference-SequenceTransform =0.374192 0.127408 -0.918557 -12.7949 -0.838532 0.469498 -0.276471 308.387 0.396036 0.873693 0.282518 253.583 0 0 0 1 
Seq_Frame0001_DriverToReference-SequenceTransformStatus = OK
Seq_Frame0001_Timestamp = 0.108
Seq_Frame0002_DriverToReference-SequenceTransform =0.374192 0.127408 -0.918557 -12.7949 -0.838532 0.469498 -0.276471 308.387 0.396036 0.873693 0.282518 253.583 0 0 0 1 
Seq_Frame0002_DriverToReference-SequenceTransformStatus = OK
Seq_Frame0002_Timestamp = 0.216
Seq_Frame0003_DriverToReference-SequenceTransform =0.374192 0.127408 -0.918557 -12.7949 -0.838532 0.469498 -0.276471 308.387 0.396036 0.873693 0.282518 253.583 0 0 0 1 
Seq_Frame0003_DriverToReference-SequenceTransformStatus = OK
Seq_Frame0003_Timestamp = 0.324
Seq_Frame0004_DriverToReference-SequenceTransform =0.374192 0.127408 -0.918557 -12.7949 -0.838532 0.469498 -0.276471 308.387 0.396036 0.873693 0.282518 253.583 0 0 0 1 
Seq_Frame0004_DriverToReference-SequenceTransformStatus = OK
Seq_Frame0004_Timestamp = 0.438
Seq_Frame0005_DriverToReference-SequenceTransform =0.374192 0.127408 -0.918557 -12.7949 -0.838532 0.469498 -0.276471 308.387 0.396036 0.873693 0.282518 253.583 0 0 0 1 
Seq_Frame0005_DriverToReference-SequenceTransformStatus = OK
Seq_Frame0005_Timestamp = 0.552
Seq_Frame0006_DriverToReference-SequenceTransform =0.374192 0.127408 -0.918557 -12.7949 -0.838532 0.469498 -0.276471 308.387 0.396036 0.873693 0.282518 253.583 0 0 0 1 
Seq_Frame0006_DriverToReference-SequenceTransformStatus = OK
Seq_Frame0006_Timestamp = 0.657
Seq_Frame0007_DriverToReference-SequenceTransform =0.374192 0.127408 -0.918557 -12.7949 -0.838532 0.469498 -0.276471 308.387 0.396036 0.873693 0.282518 253.583 0 0 0 1 
Seq_Frame0007_DriverToReference-SequenceTransformStatus = OK
Seq_Frame0007_Timestamp = 0.768
Seq_Frame0008_DriverToReference-SequenceTransform =0.374192 0.127408 -0.918557 -12.7949 -0.838532 0.469498 -0.276471 308.387 0.396036 0.873693 0.282518 253.583 0 0 0 1 
Seq_Frame0008_DriverToReference-SequenceTransformStatus = OK
Seq_Frame0008_Timestamp = 0.872
Seq_Frame0009_DriverToReference-SequenceTransform =0.374192 0.127408 -0.918557 -12.7949 -0.838532 0.469498 -0.276471 308.387 0.396036 0.873693 0.282518 253.583 0 0 0 1 
Seq_Frame0009_DriverToReference-SequenceTransformStatus = OK
Seq_Frame0009_Timestamp = 0.977
Seq_Frame0010_DriverToReference-SequenceTransform =0.374192 0.127408 -0.918557 -12.7949 -0.838532 0.469498 -0.276471 308.387 0.396036 0.873693 0.282518 253.583 0 0 0 1 
Seq_Frame0010_DriverToReference-SequenceTransformStatus = OK
Seq_Frame0010_Timestamp = 1.082
Seq_Frame0011_DriverToReference-SequenceTransform =0.374192 0.127408 -0.918557 -12.7949 -0.838532 0.469498 -0.276471 308.387 0.396036 0.873693 0.282518 253.583 0 0 0 1 
Seq_Frame0011_DriverToReference-SequenceTransformStatus = OK
Seq_Frame0011_Timestamp = 1.193
Seq_Frame0012_DriverToReference-SequenceTransform =0.374192 0.127408 -0.918557 -12.7949 -0.838532 0.469498 -0.276471 308.387 0.396036 0.873693 0.282518 253.583 0 0 0 1 
Seq_Frame0012_DriverToReference-SequenceTransformStatus = OK
Seq_Frame0012_Timestamp = 1.302
Seq_Frame0013_DriverToReference-SequenceTransform =0.374192 0.127408 -0.918557 -12.7949 -0.838532 0.469498 -0.276471 308.387 0.396036 0.873693 0.282518 253.583 0 0 0 1 
Seq_Frame0013_DriverToReference-SequenceTransformStatus = OK
Seq_Frame0013_Timestamp = 1.408
Seq_Frame0014_DriverToReference-SequenceTransform =0.374192 0.127408 -0.918557 -12.7949 -0.838532 0.469498 -0.276471 308.387 0.396036 0.873693 0.282518 253.583 0 0 0 1 
Seq_Frame0014_DriverToReference-SequenceTransformStatus = OK
Seq_Frame0014_Timestamp = 1.517
Seq_Frame0015_DriverToReference-SequenceTransform =0.374192 0.127408 -0.918557 -12.7949 -0.838532 0.469498 -0.276471 308.387 0.396036 0.873693 0.282518 253.583 0 0 0 1 
Seq_Frame0015_DriverToReference-SequenceTransformStatus = OK
Seq_Frame0015_Timestamp = 1.623
Seq_Frame0016_DriverToReference-SequenceTransform =0.374192 0.127408 -0.918557 -12.7949 -0.838532 0.469498 -0.276471 308.387 0.396036 0.873693 0.282518 253.583 0 0 0 1 
Seq_Frame0016_DriverToReference-SequenceTransformStatus = OK
Seq_Frame0016_Timestamp = 1.724
Seq_Frame0017_DriverToReference-SequenceTransform =0.374192 0.127408 -0.918557 -12.7949 -0.838532 0.469498 -0.276471 308.387 0.396036 0.873693 0.282518 253.583 0 0 0 1 
Seq_Frame0017_DriverToReference-SequenceTransformStatus = OK
Seq_Frame0017_Timestamp = 1.838
Seq_Frame0018_DriverToReference-SequenceTransform =0.374192 0.127408 -0.918557 -12.7949 -0.838532 0.469498 -0.276471 308.387 0.396036 0.873693 0.282518 253.583 0 0 0 1 
Seq_Frame0018_DriverToReference-SequenceTransformStatus = OK
Seq_Frame0018_Timestamp = 1.947
Seq_Frame0019_DriverToReference-SequenceTransform =0.374192 0.127408 -0.918557 -12.7949 -0.838532 0.469498 -0.276471 308.387 0.396036 0.873693 0.282518 253.583 0 0 0 1 
Seq_Frame0019_DriverToReference-SequenceTransformStatus = OK
Seq_Frame0019_Timestamp = 2.053
Seq_Frame0020_DriverToReference-SequenceTransform =0.374192 0.127408 -0.918557 -12.7949 -0.838532 0.469498 -0.276471 308.387 0.396036 0.873693 0.282518 253.583 0 0 0 1 
Seq_Frame0020_DriverToReference-SequenceTransformStatus = OK
Seq_Frame0020_Timestamp = 2.166
Seq_Frame0021_DriverToReference-SequenceTransform =0.374192 0.127408 -0.918557 -12.7949 -0.838532 0.469498 -0.276471 308.387 0.396036 0.873693 0.282518 253.583 0 0 0 1 
Seq_Frame0021_DriverToReference-SequenceTransformStatus = OK
Seq_Frame0021_Timestamp = 2.267
Seq_Frame0022_DriverToReference-SequenceTransform =0.374192 0.127408 -0.918557 -12.7949 -0.838532 0.469498 -0.276471 308.387 0.396036 0.873693 0.282518 253.583 0 0 0 1 
Seq_Frame0022_DriverToReference-SequenceTransformStatus = OK
Seq_Frame0022_Timestamp = 2.377
Seq_Frame0023_DriverToReference-SequenceTransform =0.374192 0.127408 -0.918557 -12.7949 -0.838532 0.469498 -0.276471 308.387 0.396036 0.873693 0.282518 253.583 0 0 0 1 
Seq_Frame0023_DriverToReference-SequenceTransformStatus = OK
Seq_Frame0023_Timestamp = 2.482
Seq_Frame0024_DriverToReference-SequenceTransform =0.374192 0.127408 -0.918557 -12.7949 -0.838532 0.469498 -0.276471 308.387 0.396036 0.873693 0.282518 253.583 0 0 0 1 
Seq_Frame0024_DriverToReference-SequenceTransformStatus = OK
Seq_Frame0024_Timestamp = 2.587
Seq_Frame0025_DriverToReference-SequenceTransform =0.374192 0.127408 -0.918557 -12.7949 -0.838532 0.469498 -0.276471 308.387 0.396036 0.873693 0.282518 253.583 0 0 0 1 
Seq_Frame0025_DriverToReference-SequenceTransformStatus = OK
Seq_Frame0025_Timestamp = 2.692
Seq_Frame0026_DriverToReference-SequenceTransform =0.374192 0.127408 -0.918557 -12.7949 -0.838532 0.469498 -0.276471 308.387 0.396036 0.873693 0.282518 253.583 0 0 0 1 
Seq_Frame0026_DriverToReference-SequenceTransformStatus = OK
Seq_Frame0026_Timestamp = 2.802
Seq_Frame0027_DriverToReference-SequenceTransform =0.374192 0.127408 -0.918557 -12.7949 -0.838532 0.469498 -0.276471 308.387 0.396036 0.873693 0.282518 253.583 0 0 0 1 
Seq_Frame0027_DriverToReference-SequenceTransformStatus = OK
Seq_Frame0027_Timestamp = 2.907
Seq_Frame0028_DriverToReference-SequenceTransform =0.374192 0.127408 -0.918557 -12.7949 -0.838532 0.469498 -0.276471 308.387 0.396036 0.873693 0.282518 253.583 0 0 0 1 
Seq_Frame0028_DriverToReference-SequenceTransformStatus = OK
Seq_Frame0028_Timestamp = 3.017
Seq_Frame0029_DriverToReference-SequenceTransform =0.374192 0.127408 -0.918557 -12.7949 -0.838532 0.469498 -0.276471 308.387 0.396036 0.873693 0.282518 253.583 0 0 0 1 
Seq_Frame0029_DriverToReference-SequenceTransformStatus = OK
Seq_Frame0029_Timestamp = 3.123
Seq_Frame0030_DriverToReference-SequenceTransform =0.374192 0.127408 -0.918557 -12.7949 -0.838532 0.469498 -0.276471 308.387 0.396036 0.873693 0.282518 253.583 0 0 0 1 
Seq_Frame0030_DriverToReference-SequenceTransformStatus = OK
Seq_Frame0030_Timestamp = 3.232
Seq_Frame0031_DriverToReference-SequenceTransform =0.374192 0.127408 -0.918557 -12.7949 -0.838532 0.469498 -0.276471 308.387 0.396036 0.873693 0.282518 253.583 0 0 0 1 
Seq_Frame0031_DriverToReference-SequenceTransformStatus = OK
Seq_Frame0031_Timestamp = 3.337
Seq_Frame0032_DriverToReference-SequenceTransform =0.374192 0.127408 -0.918557 -12.7949 -0.838532 0.469498 -0.276471 308.387 0.396036 0.873693 0.282518 253.583 0 0 0 1 
Seq_Frame0032_DriverToReference-SequenceTransformStatus = OK
Seq_Frame0032_Timestamp = 3.443
Seq_Frame0033_DriverToReference-SequenceTransform =0.374192 0.127408 -0.918557 -12.7949 -0.838532 0.469498 -0.276471 308.387 0.396036 0.873693 0.282518 253.583 0 0 0 1 
Seq_Frame0033_DriverToReference-SequenceTransformStatus = OK
Seq_Frame0033_Timestamp = 3.548
Seq_Frame0034_DriverToReference-SequenceTransform =0.374192 0.127408 -0.918557 -12.7949 -0.838532 0.469498 -0.276471 308.387 0.396036 0.873693 0.282518 253.583 0 0 0 1 
Seq_Frame0034_DriverToReference-SequenceTransformStatus = OK
Seq_Frame0034_Timestamp = 3.658
Seq_Frame0035_DriverToReference-SequenceTransform =0.374192 0.127408 -0.918557 -12.7949 -0.838532 0.469498 -0.276471 308.387 0.396036 0.873693 0.282518 253.583 0 0 0 1 
Seq_Frame0035_DriverToReference-SequenceTransformStatus = OK
Seq_Frame0035_Timestamp = 3.762
Seq_Frame0036_DriverToReference-SequenceTransform =0.374192 0.127408 -0.918557 -12.7949 -0.838532 0.469498 -0.276471 308.387 0.396036 0.873693 0.282518 253.583 0 0 0 1 
Seq_Frame0036_DriverToReference-SequenceTransformStatus = OK
Seq_Frame0036_Timestamp = 3.873
Seq_Frame0037_DriverToReference-SequenceTransform =0.374192 0.127408 -0.918557 -12.7949 -0.838532 0.469498 -0.276471 308.387 0.396036 0.873693 0.282518 253.583 0 0 0 1 
Seq_Frame0037_DriverToReference-SequenceTransformStatus = OK
Seq_Frame0037_Timestamp = 3.977
Seq_Frame0038_DriverToReference-SequenceTransform =0.374192 0.127408 -0.918557 -12.7949 -0.838532 0.469498 -0.276471 308.387 0.396036 0.873693 0.282518 253.583 0 0 0 1 
Seq_Frame0038_DriverToReference-SequenceTransformStatus = OK
Seq_Frame0038_Timestamp = 4.088
Seq_Frame0039_DriverToReference-SequenceTransform =0.374192 0.127408 -0.918557 -12.7949 -0.838532 0.469498 -0.276471 308.387 0.396036 0.873693 0.282518 253.583 0 0 0 1 
Seq_Frame0039_DriverToReference-SequenceTransformStatus = OK
Seq_Frame0039_Timestamp = 4.206
Seq_Frame0040_DriverToReference-SequenceTransform =0.374192 0.127408 -0.918557 -12.7949 -0.838532 0.469498 -0.276471 308.387 0.396036 0.873693 0.282518 253.583 0 0 0 1 
Seq_Frame0040_DriverToReference-SequenceTransformStatus = OK
Seq_Frame0040_Timestamp = 4.317
Seq_Frame0041_DriverToReference-SequenceTransform =0.374192 0.127408 -0.918557 -12.7949 -0.838532 0.469498 -0.276471 308.387 0.396036 0.873693 0.282518 253.583 0 0 0 1 
Seq_Frame0041_DriverToReference-SequenceTransformStatus = OK
Seq_Frame0041_Timestamp = 4.423
Seq_Frame0042_DriverToReference-SequenceTransform =0.374192 0.127408 -0.918557 -12.7949 -0.838532 0.469498 -0.276471 308.387 0.396036 0.873693 0.282518 253.583 0 0 0 1 
Seq_Frame0042_DriverToReference-SequenceTransformStatus = OK
Seq_Frame0042_Timestamp = 4.523
Seq_Frame0043_DriverToReference-SequenceTransform =-0.699751 0.0397115 -0.713283 24.8171 -0.534625 0.633147 0.559732 259.341 0.473841 0.773012 -0.421815 210.079 0 0 0 1 
Seq_Frame0043_DriverToReference-SequenceTransformStatus = OK
Seq_Frame0043_Timestamp = 4.628
Seq_Frame0044_DriverToReference-SequenceTransform =-0.768766 -0.0247612 -0.639051 30.8526 -0.492731 0.659946 0.567175 254.732 0.407695 0.750905 -0.519544 209.842 0 0 0 1 
Seq_Frame0044_DriverToReference-SequenceTransformStatus = OK
Seq_Frame0044_Timestamp = 4.737
Seq_Frame0045_DriverToReference-SequenceTransform =-0.835357 -0.085576 -0.543006 36.4847 -0.458156 0.654238 0.601718 248.479 0.303763 0.751431 -0.58573 207.722 0 0 0 1 
Seq_Frame0045_DriverToReference-SequenceTransformStatus = OK
Seq_Frame0045_Timestamp = 4.843
Seq_Frame0046_DriverToReference-SequenceTransform =-0.891365 -0.149855 -0.427799 39.2843 -0.422263 0.61766 0.663468 239.756 0.16481 0.772036 -0.613839 203.034 0 0 0 1 
Seq_Frame0046_DriverToReference-SequenceTransformStatus = OK
Seq_Frame0046_Timestamp = 4.947
Seq_Frame0047_DriverToReference-SequenceTransform =-0.933738 -0.204872 -0.293533 42.9104 -0.354213 0.647132 0.675095 228.031 0.0516468 0.734335 -0.67682 201.372 0 0 0 1 
Seq_Frame0047_DriverToReference-SequenceTransformStatus = OK
Seq_Frame0047_Timestamp = 5.059
Seq_Frame0048_DriverToReference-SequenceTransform =-0.959309 -0.266302 -0.0938559 49.7667 -0.263363 0.724044 0.637495 210.085 -0.10181 0.636273 -0.764716 198.568 0 0 0 1 
Seq_Frame0048_DriverToReference-SequenceTransformStatus = OK
Seq_Frame0048_Timestamp = 5.168
Seq_Frame0049_DriverToReference-SequenceTransform =-0.946475 -0.310877 0.0868322 51.4191 -0.192642 0.759911 0.620826 197.79 -0.258985 0.570869 -0.779125 196.648 0 0 0 1 
Seq_Frame0049_DriverToReference-SequenceTransformStatus = OK
Seq_Frame0049_Timestamp = 5.275
Seq_Frame0050_DriverToReference-SequenceTransform =-0.908032 -0.375804 0.185064 49.617 -0.187657 0.759904 0.622359 192.065 -0.374516 0.530394 -0.760539 195.798 0 0 0 1 
Seq_Frame0050_DriverToReference-SequenceTransformStatus = OK
Seq_Frame0050_Timestamp = 5.375
Seq_Frame0051_DriverToReference-SequenceTransform =-0.836276 -0.452537 0.3096 52.0297 -0.182151 0.761868 0.621593 192.286 -0.517169 0.46343 -0.719562 193.886 0 0 0 1 
Seq_Frame0051_DriverToReference-SequenceTransformStatus = OK
Seq_Frame0051_Timestamp = 5.478
Seq_Frame0052_DriverToReference-SequenceTransform =-0.735949 -0.520326 0.433173 56.5086 -0.125008 0.73324 0.66838 194.088 -0.665396 0.437743 -0.604673 192.766 0 0 0 1 
Seq_Frame0052_DriverToReference-SequenceTransformStatus = OK
Seq_Frame0052_Timestamp = 5.584
Seq_Frame0053_DriverToReference-SequenceTransform =-0.735949 -0.520326 0.433173 56.5086 -0.125008 0.73324 0.66838 194.088 -0.665396 0.437743 -0.604673 192.766 0 0 0 1 
Seq_Frame0053_DriverToReference-SequenceTransformStatus = OK
Seq_Frame0053_Timestamp = 5.687
Seq_Frame0054_DriverToReference-SequenceTransform =-0.735949 -0.520326 0.433173 56.5086 -0.125008 0.73324 0.66838 194.088 -0.665396 0.437743 -0.604673 192.766 0 0 0 1 
Seq_Frame0054_DriverToReference-SequenceTransformStatus = OK
Seq_Frame0054_Timestamp = 5.799
Seq_Frame0055_DriverToReference-SequenceTransform =-0.735949 -0.520326 0.433173 56.5086 -0.125008 0.73324 0.66838 194.088 -0.665396 0.437743 -0.604673 192.766 0 0 0 1 
Seq_Frame0055_DriverToReference-SequenceTransformStatus = OK
Seq_Frame0055_Timestamp = 5.902
Seq_Frame0056_DriverToReference-SequenceTransform =-0.735949 -0.520326 0.433173 56.5086 -0.125008 0.73324 0.66838 194.088 -0.665396 0.437743 -0.604673 192.766 0 0 0 1 
Seq_Frame0056_DriverToReference-SequenceTransformStatus = OK
Seq_Frame0056_Timestamp = 6.013
Seq_Frame0057_DriverToReference-SequenceTransform =-0.735949 -0.520326 0.433173 56.5086 -0.125008 0.73324 0.66838 194.088 -0.665396 0.437743 -0.604673 192.766 0 0 0 1 
Seq_Frame0057_DriverToReference-SequenceTransformStatus = OK
Seq_Frame0057_Timestamp = 6.117
Seq_Frame0058_DriverToReference-SequenceTransform =-0.735949 -0.520326 0.433173 56.5086 -0.125008 0.73324 0.66838 194.088 -0.665396 0.437743 -0.604673 192.766 0 0 0 1 
Seq_Frame0058_DriverToReference-SequenceTransformStatus = OK
Seq_Frame0058_Timestamp = 6.223
Seq_Frame0059_DriverToReference-SequenceTransform =-0.735949 -0.520326 0.433173 56.5086 -0.125008 0.73324 0.66838 194.088 -0.665396 0.437743 -0.604673 192.766 0 0 0 1 
Seq_Frame0059_DriverToReference-SequenceTransformStatus = OK
Seq_Frame0059_Timestamp = 6.327
Seq_Frame0060_DriverToReference-SequenceTransform =-0.735949 -0.520326 0.433173 56.5086 -0.125008 0.73324 0.66838 194.088 -0.665396 0.437743 -0.604673 192.766 0 0 0 1 
Seq_Frame0060_DriverToReference-SequenceTransformStatus = OK
Seq_Frame0060_Timestamp = 6.437
Seq_Frame0061_DriverToReference-SequenceTransform =-0.735949 -0.520326 0.433173 56.5086 -0.125008 0.73324 0.66838 194.088 -0.665396 0.437743 -0.604673 192.766 0 0 0 1 
Seq_Frame0061_DriverToReference-SequenceTransformStatus = OK
Seq_Frame0061_Timestamp = 6.543
Seq_Frame0062_DriverToReference-SequenceTransform =-0.735949 -0.520326 0.433173 56.5086 -0.125008 0.73324 0.66838 194.088 -0.665396 0.437743 -0.604673 192.766 0 0 0 1 
Seq_Frame0062_DriverToReference-SequenceTransformStatus = OK
Seq_Frame0062_Timestamp = 6.648
Seq_Frame0063_DriverToReference-SequenceTransform =-0.735949 -0.520326 0.433173 56.5086 -0.125008 0.73324 0.66838 194.088 -0.665396 0.437743 -0.604673 192.766 0 0 0 1 
Seq_Frame0063_DriverToReference-SequenceTransformStatus = OK
Seq_Frame0063_Timestamp = 6.758
Seq_Frame0064_DriverToReference-SequenceTransform =-0.735949 -0.520326 0.433173 56.5086 -0.125008 0.73324 0.66838 194.088 -0.665396 0.437743 -0.604673 192.766 0 0 0 1 
Seq_Frame0064_DriverToReference-SequenceTransformStatus = OK
Seq_Frame0064_Timestamp = 6.867
Seq_Frame0065_DriverToReference-SequenceTransform =-0.735949 -0.520326 0.433173 56.5086 -0.125008 0.73324 0.66838 194.088 -0.665396 0.437743 -0.604673 192.766 0 0 0 1 
Seq_Frame0065_DriverToReference-SequenceTransformStatus = OK
Seq_Frame0065_Timestamp = 6.977
Seq_Frame0066_DriverToReference-SequenceTransform =-0.735949 -0.520326 0.433173 56.5086 -0.125008 0.73324 0.66838 194.088 -0.665396 0.437743 -0.604673 192.766 0 0 0 1 
Seq_Frame0066_DriverToReference-SequenceTransformStatus = OK
Seq_Frame0066_Timestamp = 7.082
Seq_Frame0067_DriverToReference-SequenceTransform =-0.735949 -0.520326 0.433173 56.5086 -0.125008 0.73324 0.66838 194.088 -0.665396 0.437743 -0.604673 192.766 0 0 0 1 
Seq_Frame0067_DriverToReference-SequenceTransformStatus = OK
Seq_Frame0067_Timestamp = 7.183
Seq_Frame0068_DriverToReference-SequenceTransform =-0.735949 -0.520326 0.433173 56.5086 -0.125008 0.73324 0.66838 194.088 -0.665396 0.437743 -0.604673 192.766 0 0 0 1 
Seq_Frame0068_DriverToReference-SequenceTransformStatus = OK
Seq_Frame0068_Timestamp = 7.283
Seq_Frame0069_DriverToReference-SequenceTransform =-0.735949 -0.520326 0.433173 56.5086 -0.125008 0.73324 0.66838 194.088 -0.665396 0.437743 -0.604673 192.766 0 0 0 1 
Seq_Frame0069_DriverToReference-SequenceTransformStatus = OK
Seq_Frame0069_Timestamp = 7.387
Seq_Frame0070_DriverToReference-SequenceTransform =-0.735949 -0.520326 0.433173 56.5086 -0.125008 0.73324 0.66838 194.088 -0.665396 0.437743 -0.604673 192.766 0 0 0 1 
Seq_Frame0070_DriverToReference-SequenceTransformStatus = OK
Seq_Frame0070_Timestamp = 7.498
Seq_Frame0071_DriverToReference-SequenceTransform =-0.735949 -0.520326 0.433173 56.5086 -0.125008 0.73324 0.66838 194.088 -0.665396 0.437743 -0.604673 192.766 0 0 0 1 
Seq_Frame0071_DriverToReference-SequenceTransformStatus = OK
Seq_Frame0071_Timestamp = 7.607
Seq_Frame0072_DriverToReference-SequenceTransform =-0.735949 -0.520326 0.433173 56.5086 -0.125008 0.73324 0.66838 194.088 -0.665396 0.437743 -0.604673 192.766 0 0 0 1 
Seq_Frame0072_DriverToReference-SequenceTransformStatus = OK
Seq_Frame0072_Timestamp = 7.712
Seq_Frame0073_DriverToReference-SequenceTransform =-0.735949 -0.520326 0.433173 56.5086 -0.125008 0.73324 0.66838 194.088 -0.665396 0.437743 -0.604673 192.766 0 0 0 1 
Seq_Frame0073_DriverToReference-SequenceTransformStatus = OK
Seq_Frame0073_Timestamp = 7.815
Seq_Frame0074_DriverToReference-SequenceTransform =-0.735949 -0.520326 0.433173 56.5086 -0.125008 0.73324 0.66838 194.088 -0.665396 0.437743 -0.604673 192.766 0 0 0 1 
Seq_Frame0074_DriverToReference-SequenceTransformStatus = OK
Seq_Frame0074_Timestamp = 7.927
Seq_Frame0075_DriverToReference-SequenceTransform =-0.735949 -0.520326 0.433173 56.5086 -0.125008 0.73324 0.66838 194.088 -0.665396 0.437743 -0.604673 192.766 0 0 0 1 
Seq_Frame0075_DriverToReference-SequenceTransformStatus = OK
Seq_Frame0075_Timestamp = 8.032
Seq_Frame0076_DriverToReference-SequenceTransform =-0.735949 -0.520326 0.433173 56.5086 -0.125008 0.73324 0.66838 194.088 -0.665396 0.437743 -0.604673 192.766 0 0 0 1 
Seq_Frame0076_DriverToReference-SequenceTransformStatus = OK
Seq_Frame0076_Timestamp = 8.138
Seq_Frame0077_DriverToReference-SequenceTransform =-0.735949 -0.520326 0.433173 56.5086 -0.125008 0.73324 0.66838 194.088 -0.665396 0.437743 -0.604673 192.766 0 0 0 1 
Seq_Frame0077_DriverToReference-SequenceTransformStatus = OK
Seq_Frame0077_Timestamp = 8.247
Seq_Frame0078_DriverToReference-SequenceTransform =-0.735949 -0.520326 0.433173 56.5086 -0.125008 0.73324 0.66838 194.088 -0.665396 0.437743 -0.604673 192.766 0 0 0 1 
Seq_Frame0078_DriverToReference-SequenceTransformStatus = OK
Seq_Frame0078_Timestamp = 8.353
Seq_Frame0079_DriverToReference-SequenceTransform =-0.735949 -0.520326 0.433173 56.5086 -0.125008 0.73324 0.66838 194.088 -0.665396 0.437743 -0.604673 192.766 0 0 0 1 
Seq_Frame0079_DriverToReference-SequenceTransformStatus = OK
Seq_Frame0079_Timestamp = 8.458
Seq_Frame0080_DriverToReference-SequenceTransform =-0.735949 -0.520326 0.433173 56.5086 -0.125008 0.73324 0.66838 194.088 -0.665396 0.437743 -0.604673 192.766 0 0 0 1 
Seq_Frame0080_DriverToReference-SequenceTransformStatus = OK
Seq_Frame0080_Timestamp = 8.568
Seq_Frame0081_DriverToReference-SequenceTransform =-0.735949 -0.520326 0.433173 56.5086 -0.125008 0.73324 0.66838 194.088 -0.665396 0.437743 -0.604673 192.766 0 0 0 1 
Seq_Frame0081_DriverToReference-SequenceTransformStatus = OK
Seq_Frame0081_Timestamp = 8.672
Seq_Frame0082_DriverToReference-SequenceTransform =-0.735949 -0.520326 0.433173 56.5086 -0.125008 0.73324 0.66838 194.088 -0.665396 0.437743 -0.604673 192.766 0 0 0 1 
Seq_Frame0082_DriverToReference-SequenceTransformStatus = OK
Seq_Frame0082_Timestamp = 8.783
Seq_Frame0083_DriverToReference-SequenceTransform =-0.735949 -0.520326 0.433173 56.5086 -0.125008 0.73324 0.66838 194.088 -0.665396 0.437743 -0.604673 192.766 0 0 0 1 
Seq_Frame0083_DriverToReference-SequenceTransformStatus = OK
Seq_Frame0083_Timestamp = 8.887
Seq_Frame0084_DriverToReference-SequenceTransform =-0.735949 -0.520326 0.433173 56.5086 -0.125008 0.73324 0.66838 194.088 -0.665396 0.437743 -0.604673 192.766 0 0 0 1 
Seq_Frame0084_DriverToReference-SequenceTransformStatus = OK
Seq_Frame0084_Timestamp = 8.993
Seq_Frame0085_DriverToReference-SequenceTransform =-0.735949 -0.520326 0.433173 56.5086 -0.125008 0.73324 0.66838 194.088 -0.665396 0.437743 -0.604673 192.766 0 0 0 1 
Seq_Frame0085_DriverToReference-SequenceTransformStatus = OK
Seq_Frame0085_Timestamp = 9.097
Seq_Frame0086_DriverToReference-SequenceTransform =-0.735949 -0.520326 0.433173 56.5086 -0.125008 0.73324 0.66838 194.088 -0.665396 0.437743 -0.604673 192.766 0 0 0 1 
Seq_Frame0086_DriverToReference-SequenceTransformStatus = OK
Seq_Frame0086_Timestamp = 9.207
Seq_Frame0087_DriverToReference-SequenceTransform =-0.735949 -0.520326 0.433173 56.5086 -0.125008 0.73324 0.66838 194.088 -0.665396 0.437743 -0.604673 192.766 0 0 0 1 
Seq_Frame0087_DriverToReference-SequenceTransformStatus = OK
Seq_Frame0087_Timestamp = 9.317
Seq_Frame0088_DriverToReference-SequenceTransform =-0.735949 -0.520326 0.433173 56.5086 -0.125008 0.73324 0.66838 194.088 -0.665396 0.437743 -0.604673 192.766 0 0 0 1 
Seq_Frame0088_DriverToReference-SequenceTransformStatus = OK
Seq_Frame0088_Timestamp = 9.424
Seq_Frame0089_DriverToReference-SequenceTransform =-0.735949 -0.520326 0.433173 56.5086 -0.125008 0.73324 0.66838 194.088 -0.665396 0.437743 -0.604673 192.766 0 0 0 1 
Seq_Frame0089_DriverToReference-SequenceTransformStatus = OK
Seq_Frame0089_Timestamp = 9.533
Seq_Frame0090_DriverToReference-SequenceTransform =-0.735949 -0.520326 0.433173 56.5086 -0.125008 0.73324 0.66838 194.088 -0.665396 0.437743 -0.604673 192.766 0 0 0 1 
Seq_Frame0090_DriverToReference-SequenceTransformStatus = OK
Seq_Frame0090_Timestamp = 9.638
Seq_Frame0091_DriverToReference-SequenceTransform =-0.735949 -0.520326 0.433173 56.5086 -0.125008 0.73324 0.66838 194.088 -0.665396 0.437743 -0.604673 192.766 0 0 0 1 
Seq_Frame0091_DriverToReference-SequenceTransformStatus = OK
Seq_Frame0091_Timestamp = 9.749
Seq_Frame0092_DriverToReference-SequenceTransform =-0.735949 -0.520326 0.433173 56.5086 -0.125008 0.73324 0.66838 194.088 -0.665396 0.437743 -0.604673 192.766 0 0 0 1 
Seq_Frame0092_DriverToReference-SequenceTransformStatus = OK
Seq_Frame0092_Timestamp = 9.852
Seq_Frame0093_DriverToReference-SequenceTransform =-0.735949 -0.520326 0.433173 56.5086 -0.125008 0.73324 0.66838 194.088 -0.665396 0.437743 -0.604673 192.766 0 0 0 1 
Seq_Frame0093_DriverToReference-SequenceTransformStatus = OK
Seq_Frame0093_Timestamp = 9.956
Seq_Frame0094_DriverToReference-SequenceTransform =-0.735949 -0.520326 0.433173 56.5086 -0.125008 0.73324 0.66838 194.088 -0.665396 0.437743 -0.604673 192.766 0 0 0 1 
Seq_Frame0094_DriverToReference-SequenceTransformStatus = OK
Seq_Frame0094_Timestamp = 10.063
Seq_Frame0095_DriverToReference-SequenceTransform =-0.735949 -0.520326 0.433173 56.5086 -0.125008 0.73324 0.66838 194.088 -0.665396 0.437743 -0.604673 192.766 0 0 0 1 
Seq_Frame0095_DriverToReference-SequenceTransformStatus = OK
Seq_Frame0095_Timestamp = 10.174
Seq_Frame0096_DriverToReference-SequenceTransform =-0.735949 -0.520326 0.433173 56.5086 -0.125008 0.73324 0.66838 194.088 -0.665396 0.437743 -0.604673 192.766 0 0 0 1 
Seq_Frame0096_DriverToReference-SequenceTransformStatus = OK
Seq_Frame0096_Timestamp = 10.277
Seq_Frame0097_DriverToReference-SequenceTransform =-0.735949 -0.520326 0.433173 56.5086 -0.125008 0.73324 0.66838 194.088 -0.665396 0.437743 -0.604673 192.766 0 0 0 1 
Seq_Frame0097_DriverToReference-SequenceTransformStatus = OK
Seq_Frame0097_Timestamp = 10.382
Seq_Frame0098_DriverToReference-SequenceTransform =-0.735949 -0.520326 0.433173 56.5086 -0.125008 0.73324 0.66838 194.088 -0.665396 0.437743 -0.604673 192.766 0 0 0 1 
Seq_Frame0098_DriverToReference-SequenceTransformStatus = OK
Seq_Frame0098_Timestamp = 10.487
Seq_Frame0099_DriverToReference-SequenceTransform =-0.735949 -0.520326 0.433173 56.5086 -0.125008 0.73324 0.66838 194.088 -0.665396 0.437743 -0.604673 192.766 0 0 0 1 
Seq_Frame0099_DriverToReference-SequenceTransformStatus = OK
Seq_Frame0099_Timestamp = 10.597
Seq_Frame0100_DriverToReference-SequenceTransform =-0.735949 -0.520326 0.433173 56.5086 -0.125008 0.73324 0.66838 194.088 -0.665396 0.437743 -0.604673 192.766 0 0 0 1 
Seq_Frame0100_DriverToReference-SequenceTransformStatus = OK
Seq_Frame0100_Timestamp = 10.707
Seq_Frame0101_DriverToReference-SequenceTransform =-0.735949 -0.520326 0.433173 56.5086 -0.125008 0.73324 0.66838 194.088 -0.665396 0.437743 -0.604673 192.766 0 0 0 1 
Seq_Frame0101_DriverToReference-SequenceTransformStatus = OK
Seq_Frame0101_Timestamp = 10.818
Seq_Frame0102_DriverToReference-SequenceTransform =-0.735949 -0.520326 0.433173 56.5086 -0.125008 0.73324 0.66838 194.088 -0.665396 0.437743 -0.604673 192.766 0 0 0 1 
Seq_Frame0102_DriverToReference-SequenceTransformStatus = OK
Seq_Frame0102_Timestamp = 10.927
Seq_Frame0103_DriverToReference-SequenceTransform =-0.735949 -0.520326 0.433173 56.5086 -0.125008 0.73324 0.66838 194.088 -0.665396 0.437743 -0.604673 192.766 0 0 0 1 
Seq_Frame0103_DriverToReference-SequenceTransformStatus = OK
Seq_Frame0103_Timestamp = 11.032
Seq_Frame0104_DriverToReference-SequenceTransform =-0.735949 -0.520326 0.433173 56.5086 -0.125008 0.73324 0.66838 194.088 -0.665396 0.437743 -0.604673 192.766 0 0 0 1 
Seq_Frame0104_DriverToReference-SequenceTransformStatus = OK
Seq_Frame0104_Timestamp = 11.138
Seq_Frame0105_DriverToReference-SequenceTransform =-0.735949 -0.520326 0.433173 56.5086 -0.125008 0.73324 0.66838 194.088 -0.665396 0.437743 -0.604673 192.766 0 0 0 1 
Seq_Frame0105_DriverToReference-SequenceTransformStatus = OK
Seq_Frame0105_Timestamp = 11.242
Seq_Frame0106_DriverToReference-SequenceTransform =-0.735949 -0.520326 0.433173 56.5086 -0.125008 0.73324 0.66838 194.088 -0.665396 0.437743 -0.604673 192.766 0 0 0 1 
Seq_Frame0106_DriverToReference-SequenceTransformStatus = OK
Seq_Frame0106_Timestamp = 11.352
Seq_Frame0107_DriverToReference-SequenceTransform =-0.735949 -0.520326 0.433173 56.5086 -0.125008 0.73324 0.66838 194.088 -0.665396 0.437743 -0.604673 192.766 0 0 0 1 
Seq_Frame0107_DriverToReference-SequenceTransformStatus = OK
Seq_Frame0107_Timestamp = 11.456
Seq_Frame0108_DriverToReference-SequenceTransform =-0.735949 -0.520326 0.433173 56.5086 -0.125008 0.73324 0.66838 194.088 -0.665396 0.437743 -0.604673 192.766 0 0 0 1 
Seq_Frame0108_DriverToReference-SequenceTransformStatus = OK
Seq_Frame0108_Timestamp = 11.568
Seq_Frame0109_DriverToReference-SequenceTransform =-0.735949 -0.520326 0.433173 56.5086 -0.125008 0.73324 0.66838 194.088 -0.665396 0.437743 -0.604673 192.766 0 0 0 1 
Seq_Frame0109_DriverToReference-SequenceTransformStatus = OK
Seq_Frame0109_Timestamp = 11.673
Seq_Frame0110_DriverToReference-SequenceTransform =-0.735949 -0.520326 0.433173 56.5086 -0.125008 0.73324 0.66838 194.088 -0.665396 0.437743 -0.604673 192.766 0 0 0 1 
Seq_Frame0110_DriverToReference-SequenceTransformStatus = OK
Seq_Frame0110_Timestamp = 11.778
Seq_Frame0111_DriverToReference-SequenceTransform =-0.735949 -0.520326 0.433173 56.5086 -0.125008 0.73324 0.66838 194.088 -0.665396 0.437743 -0.604673 192.766 0 0 0 1 
Seq_Frame0111_DriverToReference-SequenceTransformStatus = OK
Seq_Frame0111_Timestamp = 11.882
Seq_Frame0112_DriverToReference-SequenceTransform =-0.735949 -0.520326 0.433173 56.5086 -0.125008 0.73324 0.66838 194.088 -0.665396 0.437743 -0.604673 192.766 0 0 0 1 
Seq_Frame0112_DriverToReference-SequenceTransformStatus = OK
Seq_Frame0112_Timestamp = 11.992
Seq_Frame0113_DriverToReference-SequenceTransform =-0.735949 -0.520326 0.433173 56.5086 -0.125008 0.73324 0.66838 194.088 -0.665396 0.437743 -0.604673 192.766 0 0 0 1 
Seq_Frame0113_DriverToReference-SequenceTransformStatus = OK
Seq_Frame0113_Timestamp = 12.098
Seq_Frame0114_DriverToReference-SequenceTransform =-0.735949 -0.520326 0.433173 56.5086 -0.125008 0.73324 0.66838 194.088 -0.665396 0.437743 -0.604673 192.766 0 0 0 1 
Seq_Frame0114_DriverToReference-SequenceTransformStatus = OK
Seq_Frame0114_Timestamp = 12.208
Seq_Frame0115_DriverToReference-SequenceTransform =-0.735949 -0.520326 0.433173 56.5086 -0.125008 0.73324 0.66838 194.088 -0.665396 0.437743 -0.604673 192.766 0 0 0 1 
Seq_Frame0115_DriverToReference-SequenceTransformStatus = OK
Seq_Frame0115_Timestamp = 12.313
Seq_Frame0116_DriverToReference-SequenceTransform =-0.735949 -0.520326 0.433173 56.5086 -0.125008 0.73324 0.66838 194.088 -0.665396 0.437743 -0.604673 192.766 0 0 0 1 
Seq_Frame0116_DriverToReference-SequenceTransformStatus = OK
Seq_Frame0116_Timestamp = 12.418
Seq_Frame0117_DriverToReference-SequenceTransform =-0.735949 -0.520326 0.433173 56.5086 -0.125008 0.73324 0.66838 194.088 -0.665396 0.437743 -0.604673 192.766 0 0 0 1 
Seq_Frame0117_DriverToReference-SequenceTransformStatus = OK
Seq_Frame0117_Timestamp = 12.527
Seq_Frame0118_DriverToReference-SequenceTransform =-0.735949 -0.520326 0.433173 56.5086 -0.125008 0.73324 0.66838 194.088 -0.665396 0.437743 -0.604673 192.766 0 0 0 1 
Seq_Frame0118_DriverToReference-SequenceTransformStatus = OK
Seq_Frame0118_Timestamp = 12.632
Seq_Frame0119_DriverToReference-SequenceTransform =-0.735949 -0.520326 0.433173 56.5086 -0.125008 0.73324 0.66838 194.088 -0.665396 0.437743 -0.604673 192.766 0 0 0 1 
Seq_Frame0119_DriverToReference-SequenceTransformStatus = OK
Seq_Frame0119_Timestamp = 12.733
Seq_Frame0120_DriverToReference-SequenceTransform =-0.735949 -0.520326 0.433173 56.5086 -0.125008 0.73324 0.66838 194.088 -0.665396 0.437743 -0.604673 192.766 0 0 0 1 
Seq_Frame0120_DriverToReference-SequenceTransformStatus = OK
Seq_Frame0120_Timestamp = 12.837
Seq_Frame0121_DriverToReference-SequenceTransform =-0.735949 -0.520326 0.433173 56.5086 -0.125008 0.73324 0.66838 194.088 -0.665396 0.437743 -0.604673 192.766 0 0 0 1 
Seq_Frame0121_DriverToReference-SequenceTransformStatus = OK
Seq_Frame0121_Timestamp = 12.942
Seq_Frame0122_DriverToReference-SequenceTransform =-0.735949 -0.520326 0.433173 56.5086 -0.125008 0.73324 0.66838 194.088 -0.665396 0.437743 -0.604673 192.766 0 0 0 1 
Seq_Frame0122_DriverToReference-SequenceTransformStatus = OK
Seq_Frame0122_Timestamp = 13.065
Seq_Frame0123_DriverToReference-SequenceTransform =-0.735949 -0.520326 0.433173 56.5086 -0.125008 0.73324 0.66838 194.088 -0.665396 0.437743 -0.604673 192.766 0 0 0 1 
Seq_Frame0123_DriverToReference-SequenceTransformStatus = OK
Seq_Frame0123_Timestamp = 13.177
Seq_Frame0124_DriverToReference-SequenceTransform =-0.735949 -0.520326 0.433173 56.5086 -0.125008 0.73324 0.66838 194.088 -0.665396 0.437743 -0.604673 192.766 0 0 0 1 
Seq_Frame0124_DriverToReference-SequenceTransformStatus = OK
Seq_Frame0124_Timestamp = 13.282
Seq_Frame0125_DriverToReference-SequenceTransform =-0.756002 -0.600168 0.261265 53.579 -0.305345 0.676403 0.670256 183.968 -0.578987 0.426939 -0.69462 208.275 0 0 0 1 
Seq_Frame0125_DriverToReference-SequenceTransformStatus = OK
Seq_Frame0125_Timestamp = 13.387
Seq_Frame0126_DriverToReference-SequenceTransform =-0.754572 -0.620047 0.214855 51.278 -0.360706 0.665423 0.653532 184.126 -0.54819 0.415637 -0.725764 205.881 0 0 0 1 
Seq_Frame0126_DriverToReference-SequenceTransformStatus = OK
Seq_Frame0126_Timestamp = 13.498
Seq_Frame0127_DriverToReference-SequenceTransform =-0.768549 -0.624066 0.140978 49.2753 -0.419692 0.658078 0.625134 183.994 -0.482899 0.421279 -0.76768 204.352 0 0 0 1 
Seq_Frame0127_DriverToReference-SequenceTransformStatus = OK
Seq_Frame0127_Timestamp = 13.607
Seq_Frame0128_DriverToReference-SequenceTransform =-0.779861 -0.620815 0.0800288 48.81 -0.473103 0.668308 0.574053 184.024 -0.409865 0.40982 -0.814898 203.492 0 0 0 1 
Seq_Frame0128_DriverToReference-SequenceTransformStatus = OK
Seq_Frame0128_Timestamp = 13.713
Seq_Frame0129_DriverToReference-SequenceTransform =-0.788358 -0.613765 0.0422357 49.0107 -0.495137 0.673735 0.548562 184.058 -0.365144 0.411551 -0.835042 203.327 0 0 0 1 
Seq_Frame0129_DriverToReference-SequenceTransformStatus = OK
Seq_Frame0129_Timestamp = 13.816
Seq_Frame0130_DriverToReference-SequenceTransform =-0.786233 -0.617839 0.0106048 48.0044 -0.514799 0.66441 0.541795 183.899 -0.341788 0.420518 -0.840444 202.408 0 0 0 1 
Seq_Frame0130_DriverToReference-SequenceTransformStatus = OK
Seq_Frame0130_Timestamp = 13.928
Seq_Frame0131_DriverToReference-SequenceTransform =-0.78004 -0.625568 0.0141797 47.3901 -0.524865 0.666472 0.529464 183.667 -0.340666 0.405561 -0.848214 201.71 0 0 0 1 
Seq_Frame0131_DriverToReference-SequenceTransformStatus = OK
Seq_Frame0131_Timestamp = 14.04
Seq_Frame0132_DriverToReference-SequenceTransform =-0.7805 -0.624302 -0.0326494 46.7509 -0.551936 0.663621 0.50495 183.114 -0.293574 0.412134 -0.862531 201.369 0 0 0 1 
Seq_Frame0132_DriverToReference-SequenceTransformStatus = OK
Seq_Frame0132_Timestamp = 14.141
Seq_Frame0133_DriverToReference-SequenceTransform =-0.781396 -0.619298 -0.0767474 46.3041 -0.575469 0.667544 0.472463 183.496 -0.241363 0.413347 -0.878002 201.356 0 0 0 1 
Seq_Frame0133_DriverToReference-SequenceTransformStatus = OK
Seq_Frame0133_Timestamp = 14.248
Seq_Frame0134_DriverToReference-SequenceTransform =-0.770688 -0.628665 -0.104021 45.125 -0.605913 0.672468 0.425036 183.317 -0.197255 0.390598 -0.899179 201.561 0 0 0 1 
Seq_Frame0134_DriverToReference-SequenceTransformStatus = OK
Seq_Frame0134_Timestamp = 14.353
Seq_Frame0135_DriverToReference-SequenceTransform =-0.772887 -0.624177 -0.114235 44.5471 -0.571885 0.607181 0.551615 181.709 -0.274944 0.491665 -0.826239 202.555 0 0 0 1 
Seq_Frame0135_DriverToReference-SequenceTransformStatus = OK
Seq_Frame0135_Timestamp = 14.462
Seq_Frame0136_DriverToReference-SequenceTransform =-0.772887 -0.624177 -0.114235 44.5471 -0.571885 0.607181 0.551615 181.709 -0.274944 0.491665 -0.826239 202.555 0 0 0 1 
Seq_Frame0136_DriverToReference-SequenceTransformStatus = OK
Seq_Frame0136_Timestamp = 14.567
Seq_Frame0137_DriverToReference-SequenceTransform =0.738077 0.65925 0.143636 45.4537 -0.612734 0.565781 0.551768 182.097 0.282487 -0.495258 0.821535 187.134 0 0 0 1 
Seq_Frame0137_DriverToReference-SequenceTransformStatus = OK
Seq_Frame0137_Timestamp = 14.678
Seq_Frame0138_DriverToReference-SequenceTransform =0.737048 0.666369 0.112752 44.9654 -0.57946 0.537219 0.61288 181.086 0.347832 -0.517057 0.78209 186.718 0 0 0 1 
Seq_Frame0138_DriverToReference-SequenceTransformStatus = OK
Seq_Frame0138_Timestamp = 14.782
Seq_Frame0139_DriverToReference-SequenceTransform =0.737048 0.666369 0.112752 44.9654 -0.57946 0.537219 0.61288 181.086 0.347832 -0.517057 0.78209 186.718 0 0 0 1 
Seq_Frame0139_DriverToReference-SequenceTransformStatus = OK
Seq_Frame0139_Timestamp = 14.893
Seq_Frame0140_DriverToReference-SequenceTransform =-0.689847 -0.713405 -0.123143 44.2658 -0.581296 0.647224 -0.49315 182.311 0.431517 -0.268616 -0.861184 188.411 0 0 0 1 
Seq_Frame0140_DriverToReference-SequenceTransformStatus = OK
Seq_Frame0140_Timestamp = 15.006
Seq_Frame0141_DriverToReference-SequenceTransform =-0.689847 -0.713405 -0.123143 44.2658 -0.581296 0.647224 -0.49315 182.311 0.431517 -0.268616 -0.861184 188.411 0 0 0 1 
Seq_Frame0141_DriverToReference-SequenceTransformStatus = OK
Seq_Frame0141_Timestamp = 15.108
Seq_Frame0142_DriverToReference-SequenceTransform =-0.689847 -0.713405 -0.123143 44.2658 -0.581296 0.647224 -0.49315 182.311 0.431517 -0.268616 -0.861184 188.411 0 0 0 1 
Seq_Frame0142_DriverToReference-SequenceTransformStatus = OK
Seq_Frame0142_Timestamp = 15.212
Seq_Frame0143_DriverToReference-SequenceTransform =-0.689847 -0.713405 -0.123143 44.2658 -0.581296 0.647224 -0.49315 182.311 0.431517 -0.268616 -0.861184 188.411 0 0 0 1 
Seq_Frame0143_DriverToReference-SequenceTransformStatus = OK
Seq_Frame0143_Timestamp = 15.323
Seq_Frame0144_DriverToReference-SequenceTransform =-0.734003 -0.656029 -0.175683 45.7122 -0.662578 0.634933 0.397303 183.915 -0.149096 0.408026 -0.900714 200.391 0 0 0 1 
Seq_Frame0144_DriverToReference-SequenceTransformStatus = OK
Seq_Frame0144_Timestamp = 15.427
Seq_Frame0145_DriverToReference-SequenceTransform =-0.712838 -0.664677 -0.223756 44.6555 -0.70012 0.655691 0.282669 184.01 -0.0411685 0.358153 -0.932755 198.418 0 0 0 1 
Seq_Frame0145_DriverToReference-SequenceTransformStatus = OK
Seq_Frame0145_Timestamp = 15.533
Seq_Frame0146_DriverToReference-SequenceTransform =-0.658173 -0.673779 -0.335902 42.1765 -0.719354 0.694447 0.0165406 184.618 0.222122 0.252519 -0.941752 190.018 0 0 0 1 
Seq_Frame0146_DriverToReference-SequenceTransformStatus = OK
Seq_Frame0146_Timestamp = 15.642
Seq_Frame0147_DriverToReference-SequenceTransform =-0.694824 -0.638583 -0.330805 43.5939 -0.677646 0.735378 0.00376285 187.922 0.240864 0.226783 -0.943692 186.192 0 0 0 1 
Seq_Frame0147_DriverToReference-SequenceTransformStatus = OK
Seq_Frame0147_Timestamp = 15.748
Seq_Frame0148_DriverToReference-SequenceTransform =-0.749899 -0.573501 -0.32977 48.472 -0.607593 0.794248 0.000399902 191.889 0.26169 0.200666 -0.944061 183.103 0 0 0 1 
Seq_Frame0148_DriverToReference-SequenceTransformStatus = OK
Seq_Frame0148_Timestamp = 15.857
Seq_Frame0149_DriverToReference-SequenceTransform =-0.78037 -0.549197 -0.299008 49.7292 -0.585462 0.809671 0.0408284 193.141 0.219675 0.206919 -0.953377 184.194 0 0 0 1 
Seq_Frame0149_DriverToReference-SequenceTransformStatus = OK
Seq_Frame0149_Timestamp = 15.963
Seq_Frame0150_DriverToReference-SequenceTransform =-0.782293 -0.549535 -0.293308 50.3184 -0.587305 0.807608 0.0533083 192.819 0.207583 0.213964 -0.954531 183.606 0 0 0 1 
Seq_Frame0150_DriverToReference-SequenceTransformStatus = OK
Seq_Frame0150_Timestamp = 16.068
Seq_Frame0151_DriverToReference-SequenceTransform =-0.821142 -0.515756 -0.24438 52.6519 -0.550912 0.828138 0.103363 195.552 0.14907 0.219507 -0.964155 185.013 0 0 0 1 
