ObjectType = Image
NDims = 3
AnatomicalOrientation = RAI
BinaryData = True
CompressedData = False
DimSize = 0 0 2016
ElementSpacing = 1 1 1
Offset = 0 0 0
TransformMatrix = 1 0 0 0 1 0 0 0 1
ElementType = MET_UCHAR
Kinds = domain domain list
Seq_Frame0000_ForcepToReference-SequenceTransform =-0.0212284 0.917115 0.398058 46.7143 -0.916625 0.141116 -0.374011 -1.95293 -0.399183 -0.372809 0.837655 -1.61021 0 0 0 1 
Seq_Frame0000_ForcepToReference-SequenceTransformStatus = OK
Seq_Frame0000_Timestamp = 0.00499988
Seq_Frame0001_ForcepToReference-SequenceTransform =-0.0214364 0.917297 0.397626 46.7227 -0.91645 0.140925 -0.374511 -2.0112 -0.399574 -0.372432 0.837637 -1.55168 0 0 0 1 
Seq_Frame0001_ForcepToReference-SequenceTransformStatus = OK
Seq_Frame0001_Timestamp = 0.108
Seq_Frame0002_ForcepToReference-SequenceTransform =-0.0217962 0.916883 0.398562 46.7107 -0.91676 0.14071 -0.373835 -2.00322 -0.398844 -0.373533 0.837494 -1.60651 0 0 0 1 
Seq_Frame0002_ForcepToReference-SequenceTransformStatus = OK
Seq_Frame0002_Timestamp = 0.216
Seq_Frame0003_ForcepToReference-SequenceTransform =-0.0215616 0.916989 0.398329 46.7144 -0.916237 0.141304 -0.37489 -1.99488 -0.400056 -0.373047 0.837133 -1.61294 0 0 0 1 
Seq_Frame0003_ForcepToReference-SequenceTransformStatus = OK
Seq_Frame0003_Timestamp = 0.324
Seq_Frame0004_ForcepToReference-SequenceTransform =-0.0216295 0.91757 0.396985 46.738 -0.915692 0.141202 -0.376258 -2.00567 -0.401298 -0.371654 0.837158 -1.55632 0 0 0 1 
Seq_Frame0004_ForcepToReference-SequenceTransformStatus = OK
Seq_Frame0004_Timestamp = 0.438
Seq_Frame0005_ForcepToReference-SequenceTransform =-0.0216505 0.91749 0.397169 46.726 -0.916007 0.140967 -0.375578 -2.00201 -0.400577 -0.371942 0.837375 -1.5853 0 0 0 1 
Seq_Frame0005_ForcepToReference-SequenceTransformStatus = OK
Seq_Frame0005_Timestamp = 0.552
Seq_Frame0006_ForcepToReference-SequenceTransform =-0.0216848 0.917335 0.397524 46.7249 -0.916071 0.141024 -0.375402 -2.01642 -0.40043 -0.372301 0.837286 -1.55678 0 0 0 1 
Seq_Frame0006_ForcepToReference-SequenceTransformStatus = OK
Seq_Frame0006_Timestamp = 0.657
Seq_Frame0007_ForcepToReference-SequenceTransform =-0.0215519 0.917423 0.39733 46.7295 -0.916046 0.141081 -0.37544 -2.01986 -0.400493 -0.372064 0.837361 -1.55063 0 0 0 1 
Seq_Frame0007_ForcepToReference-SequenceTransformStatus = OK
Seq_Frame0007_Timestamp = 0.768
Seq_Frame0008_ForcepToReference-SequenceTransform =-0.0215614 0.917282 0.397654 46.72 -0.916042 0.141209 -0.375401 -1.996 -0.400501 -0.372362 0.837225 -1.60225 0 0 0 1 
Seq_Frame0008_ForcepToReference-SequenceTransformStatus = OK
Seq_Frame0008_Timestamp = 0.872
Seq_Frame0009_ForcepToReference-SequenceTransform =-0.0214341 0.917236 0.397768 46.7221 -0.916484 0.140954 -0.374419 -1.98506 -0.399498 -0.372573 0.83761 -1.58304 0 0 0 1 
Seq_Frame0009_ForcepToReference-SequenceTransformStatus = OK
Seq_Frame0009_Timestamp = 0.977
Seq_Frame0010_ForcepToReference-SequenceTransform =-0.0215428 0.917141 0.397981 46.7171 -0.916601 0.140838 -0.374175 -1.99485 -0.399222 -0.37285 0.837619 -1.5946 0 0 0 1 
Seq_Frame0010_ForcepToReference-SequenceTransformStatus = OK
Seq_Frame0010_Timestamp = 1.082
Seq_Frame0011_ForcepToReference-SequenceTransform =-0.0214456 0.917476 0.397212 46.7278 -0.916845 0.14038 -0.373749 -1.99333 -0.398666 -0.372198 0.838173 -1.56093 0 0 0 1 
Seq_Frame0011_ForcepToReference-SequenceTransformStatus = OK
Seq_Frame0011_Timestamp = 1.193
Seq_Frame0012_ForcepToReference-SequenceTransform =-0.0213019 0.917035 0.398237 46.7185 -0.916761 0.141 -0.373723 -1.97107 -0.398869 -0.373049 0.837698 -1.62234 0 0 0 1 
Seq_Frame0012_ForcepToReference-SequenceTransformStatus = OK
Seq_Frame0012_Timestamp = 1.302
Seq_Frame0013_ForcepToReference-SequenceTransform =-0.0214655 0.917309 0.397598 46.7204 -0.915837 0.141459 -0.375808 -1.98625 -0.400975 -0.372202 0.837069 -1.60777 0 0 0 1 
Seq_Frame0013_ForcepToReference-SequenceTransformStatus = OK
Seq_Frame0013_Timestamp = 1.408
Seq_Frame0014_ForcepToReference-SequenceTransform =-0.0213792 0.917255 0.397726 46.7201 -0.916192 0.141255 -0.375019 -1.98149 -0.400169 -0.372411 0.837362 -1.6287 0 0 0 1 
Seq_Frame0014_ForcepToReference-SequenceTransformStatus = OK
Seq_Frame0014_Timestamp = 1.517
Seq_Frame0015_ForcepToReference-SequenceTransform =-0.0212262 0.917135 0.398012 46.7212 -0.916219 0.141478 -0.374868 -1.99137 -0.400115 -0.372623 0.837293 -1.58693 0 0 0 1 
Seq_Frame0015_ForcepToReference-SequenceTransformStatus = OK
Seq_Frame0015_Timestamp = 1.623
Seq_Frame0016_ForcepToReference-SequenceTransform =-0.0214501 0.917191 0.397869 46.7256 -0.91646 0.141004 -0.374459 -1.99451 -0.399552 -0.372663 0.837544 -1.59242 0 0 0 1 
Seq_Frame0016_ForcepToReference-SequenceTransformStatus = OK
Seq_Frame0016_Timestamp = 1.724
Seq_Frame0017_ForcepToReference-SequenceTransform =-0.0214618 0.917272 0.397682 46.7118 -0.916363 0.141008 -0.374694 -1.97523 -0.399772 -0.372463 0.837528 -1.65058 0 0 0 1 
Seq_Frame0017_ForcepToReference-SequenceTransformStatus = OK
Seq_Frame0017_Timestamp = 1.838
Seq_Frame0018_ForcepToReference-SequenceTransform =-0.0217028 0.917609 0.396892 46.7198 -0.915893 0.140915 -0.375876 -1.99928 -0.400835 -0.371668 0.837373 -1.60978 0 0 0 1 
Seq_Frame0018_ForcepToReference-SequenceTransformStatus = OK
Seq_Frame0018_Timestamp = 1.947
Seq_Frame0019_ForcepToReference-SequenceTransform =-0.0217033 0.917432 0.3973 46.722 -0.915733 0.14123 -0.376148 -2.00218 -0.401201 -0.371984 0.837058 -1.59489 0 0 0 1 
Seq_Frame0019_ForcepToReference-SequenceTransformStatus = OK
Seq_Frame0019_Timestamp = 2.053
Seq_Frame0020_ForcepToReference-SequenceTransform =-0.0215712 0.917398 0.397387 46.7195 -0.916312 0.140841 -0.374882 -1.99552 -0.399885 -0.372217 0.837584 -1.59139 0 0 0 1 
Seq_Frame0020_ForcepToReference-SequenceTransformStatus = OK
Seq_Frame0020_Timestamp = 2.166
Seq_Frame0021_ForcepToReference-SequenceTransform =-0.021577 0.917124 0.398017 46.7087 -0.916374 0.141035 -0.374656 -1.99206 -0.39974 -0.372817 0.837386 -1.61543 0 0 0 1 
Seq_Frame0021_ForcepToReference-SequenceTransformStatus = OK
Seq_Frame0021_Timestamp = 2.267
Seq_Frame0022_ForcepToReference-SequenceTransform =-0.0218429 0.917044 0.398187 46.7141 -0.916114 0.14112 -0.375261 -1.99401 -0.400323 -0.372981 0.837034 -1.60342 0 0 0 1 
Seq_Frame0022_ForcepToReference-SequenceTransformStatus = OK
Seq_Frame0022_Timestamp = 2.377
Seq_Frame0023_ForcepToReference-SequenceTransform =-0.0215722 0.917141 0.397978 46.7137 -0.916199 0.141187 -0.375027 -1.991 -0.400142 -0.372717 0.837238 -1.57961 0 0 0 1 
Seq_Frame0023_ForcepToReference-SequenceTransformStatus = OK
Seq_Frame0023_Timestamp = 2.482
Seq_Frame0024_ForcepToReference-SequenceTransform =-0.0217266 0.917434 0.397294 46.7191 -0.916203 0.140771 -0.375174 -1.99961 -0.400125 -0.372153 0.837497 -1.58664 0 0 0 1 
Seq_Frame0024_ForcepToReference-SequenceTransformStatus = OK
Seq_Frame0024_Timestamp = 2.587
Seq_Frame0025_ForcepToReference-SequenceTransform =-0.0218982 0.917437 0.397278 46.7128 -0.916266 0.140559 -0.3751 -1.99956 -0.399972 -0.372226 0.837538 -1.62604 0 0 0 1 
Seq_Frame0025_ForcepToReference-SequenceTransformStatus = OK
Seq_Frame0025_Timestamp = 2.692
Seq_Frame0026_ForcepToReference-SequenceTransform =-0.0215592 0.91699 0.398326 46.7203 -0.915968 0.141555 -0.375452 -1.99598 -0.400671 -0.372949 0.836882 -1.58877 0 0 0 1 
Seq_Frame0026_ForcepToReference-SequenceTransformStatus = OK
Seq_Frame0026_Timestamp = 2.802
Seq_Frame0027_ForcepToReference-SequenceTransform =-0.0215077 0.917503 0.397146 46.7289 -0.916016 0.141072 -0.375517 -2.01072 -0.400564 -0.371869 0.837414 -1.56649 0 0 0 1 
Seq_Frame0027_ForcepToReference-SequenceTransformStatus = OK
Seq_Frame0027_Timestamp = 2.907
Seq_Frame0028_ForcepToReference-SequenceTransform =-0.0215613 0.917331 0.397542 46.7236 -0.9163 0.140923 -0.374879 -2.00044 -0.399911 -0.37235 0.837512 -1.58651 0 0 0 1 
Seq_Frame0028_ForcepToReference-SequenceTransformStatus = OK
Seq_Frame0028_Timestamp = 3.017
Seq_Frame0029_ForcepToReference-SequenceTransform =-0.0213408 0.916974 0.398377 46.7246 -0.915804 0.141916 -0.375718 -1.99797 -0.401059 -0.372853 0.836739 -1.57206 0 0 0 1 
Seq_Frame0029_ForcepToReference-SequenceTransformStatus = OK
Seq_Frame0029_Timestamp = 3.123
Seq_Frame0030_ForcepToReference-SequenceTransform =-0.0216268 0.917268 0.397684 46.7232 -0.916106 0.141107 -0.375286 -2.00811 -0.400353 -0.372436 0.837262 -1.56068 0 0 0 1 
Seq_Frame0030_ForcepToReference-SequenceTransformStatus = OK
Seq_Frame0030_Timestamp = 3.232
Seq_Frame0031_ForcepToReference-SequenceTransform =-0.0215012 0.917051 0.39819 46.7188 -0.916675 0.14089 -0.373975 -2.00063 -0.399055 -0.373052 0.837608 -1.58333 0 0 0 1 
Seq_Frame0031_ForcepToReference-SequenceTransformStatus = OK
Seq_Frame0031_Timestamp = 3.337
Seq_Frame0032_ForcepToReference-SequenceTransform =-0.0216476 0.916937 0.398445 46.7264 -0.915754 0.141728 -0.37591 -2.01466 -0.401156 -0.373015 0.836621 -1.56042 0 0 0 1 
Seq_Frame0032_ForcepToReference-SequenceTransformStatus = OK
Seq_Frame0032_Timestamp = 3.443
Seq_Frame0033_ForcepToReference-SequenceTransform =-0.0216487 0.917198 0.397843 46.7301 -0.915944 0.141304 -0.375606 -2.01251 -0.400722 -0.372533 0.837043 -1.54666 0 0 0 1 
Seq_Frame0033_ForcepToReference-SequenceTransformStatus = OK
Seq_Frame0033_Timestamp = 3.548
Seq_Frame0034_ForcepToReference-SequenceTransform =-0.0217385 0.917103 0.398056 46.7296 -0.91633 0.140954 -0.374795 -2.00721 -0.399833 -0.372899 0.837305 -1.56315 0 0 0 1 
Seq_Frame0034_ForcepToReference-SequenceTransformStatus = OK
Seq_Frame0034_Timestamp = 3.658
Seq_Frame0035_ForcepToReference-SequenceTransform =-0.0216934 0.917292 0.397623 46.7286 -0.915723 0.141381 -0.376117 -2.01221 -0.401225 -0.372272 0.836918 -1.57818 0 0 0 1 
Seq_Frame0035_ForcepToReference-SequenceTransformStatus = OK
Seq_Frame0035_Timestamp = 3.762
Seq_Frame0036_ForcepToReference-SequenceTransform =-0.0216607 0.917171 0.397905 46.717 -0.916019 0.141248 -0.375443 -2.00566 -0.400548 -0.372621 0.837087 -1.60133 0 0 0 1 
Seq_Frame0036_ForcepToReference-SequenceTransformStatus = OK
Seq_Frame0036_Timestamp = 3.873
Seq_Frame0037_ForcepToReference-SequenceTransform =-0.0215775 0.917335 0.397532 46.7367 -0.915995 0.141189 -0.375524 -2.01671 -0.400609 -0.37224 0.837228 -1.53314 0 0 0 1 
Seq_Frame0037_ForcepToReference-SequenceTransformStatus = OK
Seq_Frame0037_Timestamp = 3.977
Seq_Frame0038_ForcepToReference-SequenceTransform =-0.0214751 0.917541 0.39706 46.7256 -0.916279 0.14082 -0.37497 -2.01016 -0.399964 -0.37187 0.8377 -1.59178 0 0 0 1 
Seq_Frame0038_ForcepToReference-SequenceTransformStatus = OK
Seq_Frame0038_Timestamp = 4.088
Seq_Frame0039_ForcepToReference-SequenceTransform =-0.0214151 0.917503 0.397152 46.7301 -0.916119 0.141058 -0.375272 -2.00442 -0.400334 -0.371875 0.837521 -1.58121 0 0 0 1 
Seq_Frame0039_ForcepToReference-SequenceTransformStatus = OK
Seq_Frame0039_Timestamp = 4.206
Seq_Frame0040_ForcepToReference-SequenceTransform =-0.0217041 0.91773 0.396612 46.7415 -0.916201 0.140514 -0.375276 -2.03309 -0.400131 -0.371521 0.837775 -1.53153 0 0 0 1 
Seq_Frame0040_ForcepToReference-SequenceTransformStatus = OK
Seq_Frame0040_Timestamp = 4.317
Seq_Frame0041_ForcepToReference-SequenceTransform =-0.0215439 0.917259 0.397709 46.7273 -0.916301 0.141006 -0.374846 -2.01384 -0.39991 -0.372497 0.837447 -1.56195 0 0 0 1 
Seq_Frame0041_ForcepToReference-SequenceTransformStatus = OK
Seq_Frame0041_Timestamp = 4.423
Seq_Frame0042_ForcepToReference-SequenceTransform =-0.0212446 0.917441 0.397304 46.7289 -0.916625 0.140794 -0.374132 -2.00053 -0.399182 -0.372127 0.837959 -1.57752 0 0 0 1 
Seq_Frame0042_ForcepToReference-SequenceTransformStatus = OK
Seq_Frame0042_Timestamp = 4.523
Seq_Frame0043_ForcepToReference-SequenceTransform =-0.0214469 0.91645 0.399574 46.6977 -0.916598 0.141573 -0.373905 -1.98203 -0.399234 -0.374268 0.83698 -1.63559 0 0 0 1 
Seq_Frame0043_ForcepToReference-SequenceTransformStatus = OK
Seq_Frame0043_Timestamp = 4.628
Seq_Frame0044_ForcepToReference-SequenceTransform =-0.0215375 0.917088 0.398102 46.7178 -0.916512 0.140976 -0.374342 -1.98064 -0.399428 -0.372927 0.837486 -1.5881 0 0 0 1 
Seq_Frame0044_ForcepToReference-SequenceTransformStatus = OK
Seq_Frame0044_Timestamp = 4.737
Seq_Frame0045_ForcepToReference-SequenceTransform =-0.0218448 0.916952 0.398398 46.7166 -0.916297 0.141034 -0.374845 -1.9809 -0.399903 -0.37324 0.83712 -1.59541 0 0 0 1 
Seq_Frame0045_ForcepToReference-SequenceTransformStatus = OK
Seq_Frame0045_Timestamp = 4.843
Seq_Frame0046_ForcepToReference-SequenceTransform =-0.0218382 0.917244 0.397726 46.7163 -0.916277 0.140784 -0.374989 -2.00229 -0.39995 -0.372616 0.837375 -1.56051 0 0 0 1 
Seq_Frame0046_ForcepToReference-SequenceTransformStatus = OK
Seq_Frame0046_Timestamp = 4.947
Seq_Frame0047_ForcepToReference-SequenceTransform =-0.022129 0.917345 0.397478 46.7473 -0.915921 0.140765 -0.375865 -2.02123 -0.400749 -0.372376 0.8371 -1.50783 0 0 0 1 
Seq_Frame0047_ForcepToReference-SequenceTransformStatus = OK
Seq_Frame0047_Timestamp = 5.059
Seq_Frame0048_ForcepToReference-SequenceTransform =-0.0217737 0.917315 0.397568 46.776 -0.913797 0.143065 -0.380143 -2.06474 -0.405588 -0.371573 0.835124 -1.31062 0 0 0 1 
Seq_Frame0048_ForcepToReference-SequenceTransformStatus = OK
Seq_Frame0048_Timestamp = 5.168
Seq_Frame0049_ForcepToReference-SequenceTransform =-0.0209011 0.917111 0.398085 46.702 -0.917182 0.140886 -0.37273 -1.95632 -0.39792 -0.372907 0.838213 -1.65046 0 0 0 1 
Seq_Frame0049_ForcepToReference-SequenceTransformStatus = OK
Seq_Frame0049_Timestamp = 5.275
Seq_Frame0050_ForcepToReference-SequenceTransform =-0.0209323 0.917192 0.397895 46.7018 -0.917676 0.140319 -0.371728 -1.96812 -0.396778 -0.37292 0.838748 -1.59318 0 0 0 1 
Seq_Frame0050_ForcepToReference-SequenceTransformStatus = OK
Seq_Frame0050_Timestamp = 5.375
Seq_Frame0051_ForcepToReference-SequenceTransform =-0.0207614 0.917262 0.397742 46.6892 -0.917732 0.140351 -0.371578 -1.95067 -0.396658 -0.372735 0.838887 -1.64581 0 0 0 1 
Seq_Frame0051_ForcepToReference-SequenceTransformStatus = OK
Seq_Frame0051_Timestamp = 5.478
Seq_Frame0052_ForcepToReference-SequenceTransform =-0.0207443 0.917742 0.396634 46.7037 -0.917359 0.140265 -0.372528 -1.95467 -0.397519 -0.371584 0.83899 -1.61432 0 0 0 1 
Seq_Frame0052_ForcepToReference-SequenceTransformStatus = OK
Seq_Frame0052_Timestamp = 5.584
Seq_Frame0053_ForcepToReference-SequenceTransform =-0.0209799 0.916989 0.39836 46.7184 -0.917305 0.140816 -0.372455 -1.96352 -0.397633 -0.373232 0.838204 -1.56962 0 0 0 1 
Seq_Frame0053_ForcepToReference-SequenceTransformStatus = OK
Seq_Frame0053_Timestamp = 5.687
Seq_Frame0054_ForcepToReference-SequenceTransform =-0.0201442 0.917776 0.396588 46.6731 -0.918928 0.139288 -0.369013 -1.89527 -0.393912 -0.371869 0.840564 -1.79325 0 0 0 1 
Seq_Frame0054_ForcepToReference-SequenceTransformStatus = OK
Seq_Frame0054_Timestamp = 5.799
Seq_Frame0055_ForcepToReference-SequenceTransform =-0.0203189 0.917349 0.397565 46.6866 -0.919018 0.139445 -0.368728 -1.89425 -0.393691 -0.372862 0.840227 -1.78172 0 0 0 1 
Seq_Frame0055_ForcepToReference-SequenceTransformStatus = OK
Seq_Frame0055_Timestamp = 5.902
Seq_Frame0056_ForcepToReference-SequenceTransform =-0.0205121 0.917591 0.396997 46.7094 -0.917796 0.140202 -0.371475 -1.9418 -0.396522 -0.371982 0.839285 -1.60766 0 0 0 1 
Seq_Frame0056_ForcepToReference-SequenceTransformStatus = OK
Seq_Frame0056_Timestamp = 6.013
Seq_Frame0057_ForcepToReference-SequenceTransform =-0.0205602 0.917577 0.397027 46.7042 -0.917861 0.140112 -0.371348 -1.93429 -0.396368 -0.37205 0.839328 -1.6345 0 0 0 1 
Seq_Frame0057_ForcepToReference-SequenceTransformStatus = OK
Seq_Frame0057_Timestamp = 6.117
Seq_Frame0058_ForcepToReference-SequenceTransform =-0.0201186 0.916962 0.398468 46.6718 -0.918707 0.140275 -0.369188 -1.87352 -0.394426 -0.373503 0.839597 -1.7742 0 0 0 1 
Seq_Frame0058_ForcepToReference-SequenceTransformStatus = OK
Seq_Frame0058_Timestamp = 6.223
Seq_Frame0059_ForcepToReference-SequenceTransform =-0.0201418 0.917061 0.398239 46.7023 -0.918807 0.140069 -0.369019 -1.90751 -0.394194 -0.373337 0.83978 -1.66374 0 0 0 1 
Seq_Frame0059_ForcepToReference-SequenceTransformStatus = OK
Seq_Frame0059_Timestamp = 6.327
Seq_Frame0060_ForcepToReference-SequenceTransform =-0.0201893 0.917093 0.398161 46.699 -0.918176 0.140592 -0.370387 -1.90429 -0.395658 -0.373059 0.839215 -1.69034 0 0 0 1 
Seq_Frame0060_ForcepToReference-SequenceTransformStatus = OK
Seq_Frame0060_Timestamp = 6.437
Seq_Frame0061_ForcepToReference-SequenceTransform =-0.0203155 0.91727 0.397746 46.7008 -0.917967 0.140514 -0.370935 -1.92734 -0.396136 -0.372654 0.839169 -1.64461 0 0 0 1 
Seq_Frame0061_ForcepToReference-SequenceTransformStatus = OK
Seq_Frame0061_Timestamp = 6.543
Seq_Frame0062_ForcepToReference-SequenceTransform =-0.0203589 0.917066 0.398216 46.6958 -0.918837 0.139845 -0.369029 -1.91161 -0.394112 -0.373409 0.839787 -1.69659 0 0 0 1 
Seq_Frame0062_ForcepToReference-SequenceTransformStatus = OK
Seq_Frame0062_Timestamp = 6.648
Seq_Frame0063_ForcepToReference-SequenceTransform =-0.0199601 0.917022 0.398336 46.7022 -0.91858 0.140478 -0.369427 -1.89418 -0.39473 -0.373277 0.839555 -1.71174 0 0 0 1 
Seq_Frame0063_ForcepToReference-SequenceTransformStatus = OK
Seq_Frame0063_Timestamp = 6.758
Seq_Frame0064_ForcepToReference-SequenceTransform =-0.0203409 0.917328 0.397613 46.6825 -0.918189 0.140229 -0.370493 -1.9142 -0.39562 -0.37262 0.839428 -1.72831 0 0 0 1 
Seq_Frame0064_ForcepToReference-SequenceTransformStatus = OK
Seq_Frame0064_Timestamp = 6.867
Seq_Frame0065_ForcepToReference-SequenceTransform =-0.0205054 0.917521 0.397158 46.6979 -0.91799 0.140091 -0.371037 -1.92838 -0.396072 -0.372195 0.839403 -1.66789 0 0 0 1 
Seq_Frame0065_ForcepToReference-SequenceTransformStatus = OK
Seq_Frame0065_Timestamp = 6.977
Seq_Frame0066_ForcepToReference-SequenceTransform =-0.0202155 0.917472 0.397286 46.7039 -0.917978 0.140403 -0.37095 -1.92546 -0.396116 -0.372198 0.839381 -1.64112 0 0 0 1 
Seq_Frame0066_ForcepToReference-SequenceTransformStatus = OK
Seq_Frame0066_Timestamp = 7.082
Seq_Frame0067_ForcepToReference-SequenceTransform =-0.020248 0.917037 0.398288 46.6956 -0.917972 0.140786 -0.37082 -1.91967 -0.396129 -0.373125 0.838963 -1.67237 0 0 0 1 
Seq_Frame0067_ForcepToReference-SequenceTransformStatus = OK
Seq_Frame0067_Timestamp = 7.183
Seq_Frame0068_ForcepToReference-SequenceTransform =-0.020211 0.917167 0.397991 46.6895 -0.918517 0.140183 -0.369696 -1.90976 -0.394865 -0.373034 0.8396 -1.70251 0 0 0 1 
Seq_Frame0068_ForcepToReference-SequenceTransformStatus = OK
Seq_Frame0068_Timestamp = 7.283
Seq_Frame0069_ForcepToReference-SequenceTransform =-0.0203776 0.917702 0.396747 46.6835 -0.91853 0.139527 -0.369913 -1.91812 -0.394827 -0.371962 0.840093 -1.72317 0 0 0 1 
Seq_Frame0069_ForcepToReference-SequenceTransformStatus = OK
Seq_Frame0069_Timestamp = 7.387
Seq_Frame0070_ForcepToReference-SequenceTransform =-0.0204297 0.917239 0.397814 46.688 -0.918076 0.14034 -0.37073 -1.9178 -0.395878 -0.372797 0.839228 -1.71924 0 0 0 1 
Seq_Frame0070_ForcepToReference-SequenceTransformStatus = OK
Seq_Frame0070_Timestamp = 7.498
Seq_Frame0071_ForcepToReference-SequenceTransform =-0.0203032 0.917647 0.396877 46.6848 -0.918134 0.140016 -0.370709 -1.90882 -0.395749 -0.371913 0.83968 -1.74987 0 0 0 1 
Seq_Frame0071_ForcepToReference-SequenceTransformStatus = OK
Seq_Frame0071_Timestamp = 7.607
Seq_Frame0072_ForcepToReference-SequenceTransform =-0.0202924 0.917288 0.397708 46.6785 -0.918284 0.140219 -0.370261 -1.90844 -0.395402 -0.372722 0.839485 -1.75283 0 0 0 1 
Seq_Frame0072_ForcepToReference-SequenceTransformStatus = OK
Seq_Frame0072_Timestamp = 7.712
Seq_Frame0073_ForcepToReference-SequenceTransform =-0.0204797 0.917846 0.396409 46.6772 -0.918243 0.139573 -0.370608 -1.934 -0.395489 -0.371589 0.839946 -1.73006 0 0 0 1 
Seq_Frame0073_ForcepToReference-SequenceTransformStatus = OK
Seq_Frame0073_Timestamp = 7.815
Seq_Frame0074_ForcepToReference-SequenceTransform =-0.0206801 0.918116 0.395771 46.6875 -0.917486 0.139852 -0.372371 -1.94951 -0.39723 -0.370815 0.839467 -1.68917 0 0 0 1 
Seq_Frame0074_ForcepToReference-SequenceTransformStatus = OK
Seq_Frame0074_Timestamp = 7.927
Seq_Frame0075_ForcepToReference-SequenceTransform =-0.0207053 0.918243 0.395475 46.6889 -0.918271 0.138976 -0.370761 -1.94538 -0.39541 -0.37083 0.840319 -1.71924 0 0 0 1 
Seq_Frame0075_ForcepToReference-SequenceTransformStatus = OK
Seq_Frame0075_Timestamp = 8.032
Seq_Frame0076_ForcepToReference-SequenceTransform =-0.0203973 0.917712 0.396722 46.6787 -0.918347 0.139672 -0.37031 -1.91642 -0.395249 -0.371882 0.83993 -1.76548 0 0 0 1 
Seq_Frame0076_ForcepToReference-SequenceTransformStatus = OK
Seq_Frame0076_Timestamp = 8.138
Seq_Frame0077_ForcepToReference-SequenceTransform =-0.0204737 0.917865 0.396365 46.6777 -0.917904 0.139878 -0.37133 -1.92188 -0.396273 -0.371428 0.839648 -1.74976 0 0 0 1 
Seq_Frame0077_ForcepToReference-SequenceTransformStatus = OK
Seq_Frame0077_Timestamp = 8.247
Seq_Frame0078_ForcepToReference-SequenceTransform =-0.0206555 0.917866 0.396353 46.6835 -0.91746 0.140133 -0.372331 -1.93685 -0.397292 -0.371328 0.839211 -1.73327 0 0 0 1 
Seq_Frame0078_ForcepToReference-SequenceTransformStatus = OK
Seq_Frame0078_Timestamp = 8.353
Seq_Frame0079_ForcepToReference-SequenceTransform =-0.0209328 0.917931 0.396187 46.6678 -0.917642 0.139658 -0.37206 -1.93388 -0.396856 -0.371346 0.839409 -1.79047 0 0 0 1 
Seq_Frame0079_ForcepToReference-SequenceTransformStatus = OK
Seq_Frame0079_Timestamp = 8.458
Seq_Frame0080_ForcepToReference-SequenceTransform =-0.0208856 0.917459 0.397281 46.6725 -0.918157 0.139658 -0.370787 -1.93417 -0.395665 -0.372511 0.839455 -1.76245 0 0 0 1 
Seq_Frame0080_ForcepToReference-SequenceTransformStatus = OK
Seq_Frame0080_Timestamp = 8.568
Seq_Frame0081_ForcepToReference-SequenceTransform =-0.0209409 0.91785 0.396374 46.6746 -0.917829 0.139552 -0.371639 -1.94973 -0.396424 -0.371586 0.839507 -1.7383 0 0 0 1 
Seq_Frame0081_ForcepToReference-SequenceTransformStatus = OK
Seq_Frame0081_Timestamp = 8.672
Seq_Frame0082_ForcepToReference-SequenceTransform =-0.0208967 0.917943 0.396162 46.6745 -0.917561 0.139755 -0.372224 -1.94032 -0.397046 -0.371281 0.839348 -1.75276 0 0 0 1 
Seq_Frame0082_ForcepToReference-SequenceTransformStatus = OK
Seq_Frame0082_Timestamp = 8.783
Seq_Frame0083_ForcepToReference-SequenceTransform =-0.0208958 0.917566 0.397034 46.6854 -0.916551 0.141052 -0.374217 -1.94859 -0.399371 -0.371722 0.838049 -1.70757 0 0 0 1 
Seq_Frame0083_ForcepToReference-SequenceTransformStatus = OK
Seq_Frame0083_Timestamp = 8.887
Seq_Frame0084_ForcepToReference-SequenceTransform =-0.0207693 0.917758 0.396597 46.676 -0.917717 0.139894 -0.371786 -1.94233 -0.396691 -0.371686 0.839337 -1.76175 0 0 0 1 
Seq_Frame0084_ForcepToReference-SequenceTransformStatus = OK
Seq_Frame0084_Timestamp = 8.993
Seq_Frame0085_ForcepToReference-SequenceTransform =-0.0208418 0.917843 0.396396 46.6748 -0.91775 0.13972 -0.371771 -1.9379 -0.396612 -0.371541 0.839438 -1.77098 0 0 0 1 
Seq_Frame0085_ForcepToReference-SequenceTransformStatus = OK
Seq_Frame0085_Timestamp = 9.097
Seq_Frame0086_ForcepToReference-SequenceTransform =-0.0207461 0.917752 0.396612 46.6723 -0.91794 0.139711 -0.371305 -1.93414 -0.396177 -0.371769 0.839542 -1.77207 0 0 0 1 
Seq_Frame0086_ForcepToReference-SequenceTransformStatus = OK
Seq_Frame0086_Timestamp = 9.207
Seq_Frame0087_ForcepToReference-SequenceTransform =-0.0209719 0.917983 0.396066 46.6823 -0.917344 0.139854 -0.372721 -1.95131 -0.397543 -0.371145 0.839173 -1.73294 0 0 0 1 
Seq_Frame0087_ForcepToReference-SequenceTransformStatus = OK
Seq_Frame0087_Timestamp = 9.317
Seq_Frame0088_ForcepToReference-SequenceTransform =-0.0209089 0.917987 0.39606 46.6699 -0.917657 0.139613 -0.37204 -1.93481 -0.396823 -0.371226 0.839477 -1.79179 0 0 0 1 
Seq_Frame0088_ForcepToReference-SequenceTransformStatus = OK
Seq_Frame0088_Timestamp = 9.424
Seq_Frame0089_ForcepToReference-SequenceTransform =-0.0208418 0.917983 0.396071 46.6723 -0.918 0.139354 -0.371289 -1.95155 -0.396031 -0.371332 0.839804 -1.75422 0 0 0 1 
Seq_Frame0089_ForcepToReference-SequenceTransformStatus = OK
Seq_Frame0089_Timestamp = 9.533
Seq_Frame0090_ForcepToReference-SequenceTransform =-0.020984 0.917998 0.39603 46.6694 -0.91765 0.139543 -0.372084 -1.93067 -0.396835 -0.371225 0.839472 -1.80609 0 0 0 1 
Seq_Frame0090_ForcepToReference-SequenceTransformStatus = OK
Seq_Frame0090_Timestamp = 9.638
Seq_Frame0091_ForcepToReference-SequenceTransform =-0.0209186 0.917754 0.396597 46.6636 -0.917794 0.139694 -0.371671 -1.93633 -0.396504 -0.371769 0.839388 -1.78014 0 0 0 1 
Seq_Frame0091_ForcepToReference-SequenceTransformStatus = OK
Seq_Frame0091_Timestamp = 9.749
Seq_Frame0092_ForcepToReference-SequenceTransform =-0.0209021 0.918308 0.395313 46.6794 -0.917348 0.139605 -0.372805 -1.94933 -0.397538 -0.370432 0.83949 -1.75555 0 0 0 1 
Seq_Frame0092_ForcepToReference-SequenceTransformStatus = OK
Seq_Frame0092_Timestamp = 9.852
Seq_Frame0093_ForcepToReference-SequenceTransform =-0.021137 0.918053 0.395894 46.6711 -0.917534 0.139465 -0.372398 -1.95228 -0.397094 -0.371118 0.839397 -1.75487 0 0 0 1 
Seq_Frame0093_ForcepToReference-SequenceTransformStatus = OK
Seq_Frame0093_Timestamp = 9.956
Seq_Frame0094_ForcepToReference-SequenceTransform =-0.0209432 0.918237 0.395477 46.6687 -0.917747 0.139264 -0.37195 -1.94946 -0.396614 -0.370738 0.839792 -1.79148 0 0 0 1 
Seq_Frame0094_ForcepToReference-SequenceTransformStatus = OK
Seq_Frame0094_Timestamp = 10.063
Seq_Frame0095_ForcepToReference-SequenceTransform =-0.0211135 0.918218 0.395511 46.6711 -0.917407 0.139449 -0.372718 -1.94493 -0.39739 -0.370714 0.839436 -1.76528 0 0 0 1 
Seq_Frame0095_ForcepToReference-SequenceTransformStatus = OK
Seq_Frame0095_Timestamp = 10.174
Seq_Frame0096_ForcepToReference-SequenceTransform =-0.0209567 0.91849 0.394888 46.6784 -0.917634 0.139118 -0.372281 -1.95002 -0.396873 -0.370165 0.839923 -1.74628 0 0 0 1 
Seq_Frame0096_ForcepToReference-SequenceTransformStatus = OK
Seq_Frame0096_Timestamp = 10.277
Seq_Frame0097_ForcepToReference-SequenceTransform =-0.0209844 0.917989 0.396051 46.6738 -0.917639 0.139561 -0.372103 -1.95132 -0.396859 -0.37124 0.839454 -1.75024 0 0 0 1 
Seq_Frame0097_ForcepToReference-SequenceTransformStatus = OK
Seq_Frame0097_Timestamp = 10.382
Seq_Frame0098_ForcepToReference-SequenceTransform =-0.0209159 0.918051 0.39591 46.6775 -0.917642 0.13956 -0.372096 -1.94322 -0.396856 -0.371086 0.839524 -1.75844 0 0 0 1 
Seq_Frame0098_ForcepToReference-SequenceTransformStatus = OK
Seq_Frame0098_Timestamp = 10.487
Seq_Frame0099_ForcepToReference-SequenceTransform =-0.0208884 0.918122 0.395746 46.6686 -0.917778 0.13939 -0.371824 -1.94665 -0.396543 -0.370974 0.839721 -1.76072 0 0 0 1 
Seq_Frame0099_ForcepToReference-SequenceTransformStatus = OK
Seq_Frame0099_Timestamp = 10.597
Seq_Frame0100_ForcepToReference-SequenceTransform =-0.0209507 0.918034 0.395948 46.6768 -0.917128 0.140025 -0.373187 -1.96121 -0.398041 -0.370953 0.839021 -1.71614 0 0 0 1 
Seq_Frame0100_ForcepToReference-SequenceTransformStatus = OK
Seq_Frame0100_Timestamp = 10.707
Seq_Frame0101_ForcepToReference-SequenceTransform =-0.0210546 0.917994 0.396034 46.667 -0.917576 0.139554 -0.372262 -1.94242 -0.397002 -0.371229 0.839391 -1.76926 0 0 0 1 
Seq_Frame0101_ForcepToReference-SequenceTransformStatus = OK
Seq_Frame0101_Timestamp = 10.818
Seq_Frame0102_ForcepToReference-SequenceTransform =-0.0208639 0.918026 0.39597 46.6775 -0.917865 0.139421 -0.371599 -1.95603 -0.396344 -0.3712 0.839715 -1.71835 0 0 0 1 
Seq_Frame0102_ForcepToReference-SequenceTransformStatus = OK
Seq_Frame0102_Timestamp = 10.927
Seq_Frame0103_ForcepToReference-SequenceTransform =-0.0210723 0.91751 0.397153 46.6739 -0.917704 0.139873 -0.371828 -1.95999 -0.396707 -0.372304 0.839055 -1.70537 0 0 0 1 
Seq_Frame0103_ForcepToReference-SequenceTransformStatus = OK
Seq_Frame0103_Timestamp = 11.032
Seq_Frame0104_ForcepToReference-SequenceTransform =-0.0211275 0.917926 0.39619 46.6762 -0.91751 0.139616 -0.372402 -1.95551 -0.397151 -0.371376 0.839256 -1.74357 0 0 0 1 
Seq_Frame0104_ForcepToReference-SequenceTransformStatus = OK
Seq_Frame0104_Timestamp = 11.138
Seq_Frame0105_ForcepToReference-SequenceTransform =-0.0208995 0.917551 0.397069 46.6814 -0.917063 0.140586 -0.373137 -1.94937 -0.398195 -0.371936 0.838514 -1.70233 0 0 0 1 
Seq_Frame0105_ForcepToReference-SequenceTransformStatus = OK
Seq_Frame0105_Timestamp = 11.242
Seq_Frame0106_ForcepToReference-SequenceTransform =-0.0209898 0.918194 0.395574 46.6733 -0.91774 0.139269 -0.371964 -1.95472 -0.396627 -0.370842 0.83974 -1.74828 0 0 0 1 
Seq_Frame0106_ForcepToReference-SequenceTransformStatus = OK
Seq_Frame0106_Timestamp = 11.352
Seq_Frame0107_ForcepToReference-SequenceTransform =-0.0209407 0.917693 0.396737 46.6686 -0.917628 0.139888 -0.372009 -1.9466 -0.396889 -0.371847 0.839171 -1.74892 0 0 0 1 
Seq_Frame0107_ForcepToReference-SequenceTransformStatus = OK
Seq_Frame0107_Timestamp = 11.456
Seq_Frame0108_ForcepToReference-SequenceTransform =-0.0210028 0.918105 0.39578 46.6753 -0.917292 0.13976 -0.372883 -1.95925 -0.39766 -0.370878 0.839235 -1.74362 0 0 0 1 
Seq_Frame0108_ForcepToReference-SequenceTransformStatus = OK
Seq_Frame0108_Timestamp = 11.568
Seq_Frame0109_ForcepToReference-SequenceTransform =-0.0210342 0.917973 0.396086 46.673 -0.917717 0.13946 -0.371949 -1.95208 -0.396677 -0.371318 0.839506 -1.75219 0 0 0 1 
Seq_Frame0109_ForcepToReference-SequenceTransformStatus = OK
Seq_Frame0109_Timestamp = 11.673
Seq_Frame0110_ForcepToReference-SequenceTransform =-0.0211142 0.918279 0.39537 46.6732 -0.91775 0.139071 -0.372015 -1.96564 -0.396598 -0.370706 0.839814 -1.73108 0 0 0 1 
Seq_Frame0110_ForcepToReference-SequenceTransformStatus = OK
Seq_Frame0110_Timestamp = 11.778
Seq_Frame0111_ForcepToReference-SequenceTransform =-0.0209551 0.918176 0.395618 46.6742 -0.917508 0.139534 -0.372438 -1.96605 -0.397166 -0.370788 0.839509 -1.73858 0 0 0 1 
Seq_Frame0111_ForcepToReference-SequenceTransformStatus = OK
Seq_Frame0111_Timestamp = 11.882
Seq_Frame0112_ForcepToReference-SequenceTransform =-0.0211388 0.918209 0.395533 46.6838 -0.917616 0.139241 -0.372281 -1.98044 -0.396905 -0.370817 0.83962 -1.69629 0 0 0 1 
Seq_Frame0112_ForcepToReference-SequenceTransformStatus = OK
Seq_Frame0112_Timestamp = 11.992
Seq_Frame0113_ForcepToReference-SequenceTransform =-0.0208903 0.917814 0.39646 46.6727 -0.917517 0.139922 -0.372269 -1.93393 -0.397147 -0.371536 0.839187 -1.7756 0 0 0 1 
Seq_Frame0113_ForcepToReference-SequenceTransformStatus = OK
Seq_Frame0113_Timestamp = 12.098
Seq_Frame0114_ForcepToReference-SequenceTransform =-0.0211966 0.918339 0.395228 46.6679 -0.917531 0.139147 -0.372525 -1.95964 -0.397099 -0.37053 0.839655 -1.75744 0 0 0 1 
Seq_Frame0114_ForcepToReference-SequenceTransformStatus = OK
Seq_Frame0114_Timestamp = 12.208
Seq_Frame0115_ForcepToReference-SequenceTransform =-0.020924 0.917993 0.396045 46.6771 -0.917491 0.139749 -0.372397 -1.9531 -0.397205 -0.37116 0.839326 -1.74817 0 0 0 1 
Seq_Frame0115_ForcepToReference-SequenceTransformStatus = OK
Seq_Frame0115_Timestamp = 12.313
Seq_Frame0116_ForcepToReference-SequenceTransform =-0.0209295 0.917861 0.396351 46.6764 -0.917328 0.140021 -0.372698 -1.94842 -0.397582 -0.371384 0.839049 -1.72848 0 0 0 1 
Seq_Frame0116_ForcepToReference-SequenceTransformStatus = OK
Seq_Frame0116_Timestamp = 12.418
Seq_Frame0117_ForcepToReference-SequenceTransform =-0.0209247 0.918046 0.395921 46.6847 -0.917664 0.139537 -0.372051 -1.97399 -0.396806 -0.371108 0.839538 -1.68272 0 0 0 1 
Seq_Frame0117_ForcepToReference-SequenceTransformStatus = OK
Seq_Frame0117_Timestamp = 12.527
Seq_Frame0118_ForcepToReference-SequenceTransform =-0.0210806 0.917952 0.396131 46.6754 -0.917574 0.139572 -0.37226 -1.96918 -0.397006 -0.371327 0.839347 -1.70471 0 0 0 1 
Seq_Frame0118_ForcepToReference-SequenceTransformStatus = OK
Seq_Frame0118_Timestamp = 12.632
Seq_Frame0119_ForcepToReference-SequenceTransform =-0.0210057 0.917816 0.39645 46.6821 -0.917496 0.139839 -0.372353 -1.95671 -0.397191 -0.371563 0.839155 -1.71205 0 0 0 1 
Seq_Frame0119_ForcepToReference-SequenceTransformStatus = OK
Seq_Frame0119_Timestamp = 12.733
Seq_Frame0120_ForcepToReference-SequenceTransform =-0.0208218 0.918111 0.395776 46.6643 -0.917571 0.139653 -0.372236 -1.93647 -0.397025 -0.370903 0.839525 -1.77949 0 0 0 1 
Seq_Frame0120_ForcepToReference-SequenceTransformStatus = OK
Seq_Frame0120_Timestamp = 12.837
Seq_Frame0121_ForcepToReference-SequenceTransform =-0.0211767 0.918044 0.395913 46.6735 -0.917454 0.139514 -0.372578 -1.95191 -0.397279 -0.371122 0.839308 -1.7472 0 0 0 1 
Seq_Frame0121_ForcepToReference-SequenceTransformStatus = OK
Seq_Frame0121_Timestamp = 12.942
Seq_Frame0122_ForcepToReference-SequenceTransform =-0.0211997 0.918135 0.395701 46.6684 -0.917174 0.13967 -0.373209 -1.96398 -0.397924 -0.370838 0.839128 -1.7539 0 0 0 1 
Seq_Frame0122_ForcepToReference-SequenceTransformStatus = OK
Seq_Frame0122_Timestamp = 13.065
Seq_Frame0123_ForcepToReference-SequenceTransform =-0.0209273 0.917938 0.396171 46.674 -0.91762 0.139677 -0.372108 -1.94596 -0.396908 -0.371321 0.839395 -1.74443 0 0 0 1 
Seq_Frame0123_ForcepToReference-SequenceTransformStatus = OK
Seq_Frame0123_Timestamp = 13.177
Seq_Frame0124_ForcepToReference-SequenceTransform =-0.0212155 0.917966 0.396091 46.6652 -0.916897 0.140072 -0.373737 -1.96748 -0.398559 -0.371104 0.838709 -1.73846 0 0 0 1 
Seq_Frame0124_ForcepToReference-SequenceTransformStatus = OK
Seq_Frame0124_Timestamp = 13.282
Seq_Frame0125_ForcepToReference-SequenceTransform =-0.0206594 0.917739 0.396645 46.6741 -0.916992 0.140685 -0.373273 -1.92567 -0.39837 -0.371432 0.838653 -1.76326 0 0 0 1 
Seq_Frame0125_ForcepToReference-SequenceTransformStatus = OK
Seq_Frame0125_Timestamp = 13.387
Seq_Frame0126_ForcepToReference-SequenceTransform =-0.0208107 0.918186 0.395602 46.6874 -0.917356 0.139792 -0.372714 -1.94741 -0.397523 -0.370664 0.839395 -1.7268 0 0 0 1 
Seq_Frame0126_ForcepToReference-SequenceTransformStatus = OK
Seq_Frame0126_Timestamp = 13.498
Seq_Frame0127_ForcepToReference-SequenceTransform =-0.0211805 0.9174 0.397401 46.6658 -0.916767 0.140757 -0.373798 -1.94279 -0.39886 -0.372242 0.838061 -1.74991 0 0 0 1 
Seq_Frame0127_ForcepToReference-SequenceTransformStatus = OK
Seq_Frame0127_Timestamp = 13.607
Seq_Frame0128_ForcepToReference-SequenceTransform =-0.0209296 0.916775 0.398855 46.6658 -0.916533 0.141783 -0.373986 -1.92612 -0.399412 -0.373391 0.837287 -1.75249 0 0 0 1 
Seq_Frame0128_ForcepToReference-SequenceTransformStatus = OK
Seq_Frame0128_Timestamp = 13.713
Seq_Frame0129_ForcepToReference-SequenceTransform =-0.0208546 0.916251 0.400061 46.6746 -0.916561 0.142313 -0.373715 -1.91116 -0.399351 -0.374474 0.836832 -1.70628 0 0 0 1 
Seq_Frame0129_ForcepToReference-SequenceTransformStatus = OK
Seq_Frame0129_Timestamp = 13.816
Seq_Frame0130_ForcepToReference-SequenceTransform =-0.020992 0.916326 0.399883 46.6804 -0.916656 0.142034 -0.373588 -1.92473 -0.399125 -0.374397 0.836974 -1.65845 0 0 0 1 
Seq_Frame0130_ForcepToReference-SequenceTransformStatus = OK
Seq_Frame0130_Timestamp = 13.928
Seq_Frame0131_ForcepToReference-SequenceTransform =-0.0215543 0.917175 0.397902 46.7273 -0.916994 0.140429 -0.373365 -1.98399 -0.398317 -0.372922 0.838017 -1.52413 0 0 0 1 
Seq_Frame0131_ForcepToReference-SequenceTransformStatus = OK
Seq_Frame0131_Timestamp = 14.04
Seq_Frame0132_ForcepToReference-SequenceTransform =-0.0216721 0.916904 0.39852 46.7211 -0.917239 0.14035 -0.372794 -1.98407 -0.397748 -0.373617 0.837978 -1.53604 0 0 0 1 
Seq_Frame0132_ForcepToReference-SequenceTransformStatus = OK
Seq_Frame0132_Timestamp = 14.141
Seq_Frame0133_ForcepToReference-SequenceTransform =-0.0215485 0.916605 0.399212 46.7101 -0.916535 0.141397 -0.374125 -1.96201 -0.399373 -0.373954 0.837054 -1.55246 0 0 0 1 
Seq_Frame0133_ForcepToReference-SequenceTransformStatus = OK
Seq_Frame0133_Timestamp = 14.248
Seq_Frame0134_ForcepToReference-SequenceTransform =-0.021693 0.916617 0.399177 46.7186 -0.916323 0.141457 -0.374622 -1.96442 -0.399851 -0.373902 0.836849 -1.51457 0 0 0 1 
Seq_Frame0134_ForcepToReference-SequenceTransformStatus = OK
Seq_Frame0134_Timestamp = 14.353
Seq_Frame0135_ForcepToReference-SequenceTransform =-0.0216653 0.916701 0.398987 46.7339 -0.916969 0.140799 -0.373289 -1.96574 -0.398371 -0.373946 0.837535 -1.47719 0 0 0 1 
Seq_Frame0135_ForcepToReference-SequenceTransformStatus = OK
Seq_Frame0135_Timestamp = 14.462
Seq_Frame0136_ForcepToReference-SequenceTransform =-0.0215337 0.916606 0.399211 46.7323 -0.916613 0.141337 -0.373959 -1.95814 -0.399196 -0.373975 0.837129 -1.51199 0 0 0 1 
Seq_Frame0136_ForcepToReference-SequenceTransformStatus = OK
Seq_Frame0136_Timestamp = 14.567
Seq_Frame0137_ForcepToReference-SequenceTransform =-0.0213451 0.916857 0.398646 46.7351 -0.916674 0.14121 -0.373856 -1.95553 -0.399065 -0.373408 0.837444 -1.53638 0 0 0 1 
Seq_Frame0137_ForcepToReference-SequenceTransformStatus = OK
Seq_Frame0137_Timestamp = 14.678
Seq_Frame0138_ForcepToReference-SequenceTransform =-0.0216752 0.91659 0.39924 46.7163 -0.91653 0.141305 -0.374172 -1.96486 -0.399377 -0.374026 0.83702 -1.54222 0 0 0 1 
Seq_Frame0138_ForcepToReference-SequenceTransformStatus = OK
Seq_Frame0138_Timestamp = 14.782
Seq_Frame0139_ForcepToReference-SequenceTransform =-0.0216679 0.916674 0.399048 46.7204 -0.916537 0.141226 -0.374186 -1.94536 -0.399362 -0.37385 0.837106 -1.56833 0 0 0 1 
Seq_Frame0139_ForcepToReference-SequenceTransformStatus = OK
Seq_Frame0139_Timestamp = 14.893
Seq_Frame0140_ForcepToReference-SequenceTransform =-0.0227225 0.916704 0.39892 46.707 -0.916736 0.140085 -0.374128 -2.01665 -0.398847 -0.374205 0.837192 -1.49758 0 0 0 1 
Seq_Frame0140_ForcepToReference-SequenceTransformStatus = OK
Seq_Frame0140_Timestamp = 15.006
Seq_Frame0141_ForcepToReference-SequenceTransform =-0.0213116 0.917156 0.397958 46.6568 -0.918313 0.139419 -0.370492 -1.93272 -0.395282 -0.373345 0.839265 -1.76398 0 0 0 1 
Seq_Frame0141_ForcepToReference-SequenceTransformStatus = OK
Seq_Frame0141_Timestamp = 15.108
Seq_Frame0142_ForcepToReference-SequenceTransform =-0.0208643 0.917643 0.396858 46.6576 -0.918535 0.139149 -0.370041 -1.92908 -0.394788 -0.372249 0.839984 -1.74553 0 0 0 1 
Seq_Frame0142_ForcepToReference-SequenceTransformStatus = OK
Seq_Frame0142_Timestamp = 15.212
Seq_Frame0143_ForcepToReference-SequenceTransform =-0.0209505 0.916766 0.398876 46.662 -0.917853 0.140534 -0.371208 -1.9291 -0.396367 -0.373887 0.838512 -1.69446 0 0 0 1 
Seq_Frame0143_ForcepToReference-SequenceTransformStatus = OK
Seq_Frame0143_Timestamp = 15.323
Seq_Frame0144_ForcepToReference-SequenceTransform =-0.0210676 0.916821 0.398743 46.6538 -0.917656 0.140565 -0.371683 -1.91966 -0.396816 -0.37374 0.838365 -1.73849 0 0 0 1 
Seq_Frame0144_ForcepToReference-SequenceTransformStatus = OK
Seq_Frame0144_Timestamp = 15.427
Seq_Frame0145_ForcepToReference-SequenceTransform =-0.0209013 0.917525 0.397128 46.6633 -0.918203 0.139539 -0.370718 -1.92804 -0.395558 -0.372393 0.839558 -1.71336 0 0 0 1 
Seq_Frame0145_ForcepToReference-SequenceTransformStatus = OK
Seq_Frame0145_Timestamp = 15.533
Seq_Frame0146_ForcepToReference-SequenceTransform =-0.0210066 0.917744 0.396617 46.6702 -0.918107 0.139333 -0.371034 -1.94077 -0.395776 -0.371931 0.83966 -1.69289 0 0 0 1 
Seq_Frame0146_ForcepToReference-SequenceTransformStatus = OK
Seq_Frame0146_Timestamp = 15.642
Seq_Frame0147_ForcepToReference-SequenceTransform =-0.0210216 0.916991 0.398353 46.6627 -0.917779 0.140331 -0.371468 -1.92188 -0.396534 -0.373409 0.838646 -1.71009 0 0 0 1 
Seq_Frame0147_ForcepToReference-SequenceTransformStatus = OK
Seq_Frame0147_Timestamp = 15.748
Seq_Frame0148_ForcepToReference-SequenceTransform =-0.0207288 0.916634 0.399189 46.6622 -0.918071 0.140645 -0.370628 -1.90709 -0.395874 -0.374166 0.83862 -1.72103 0 0 0 1 
Seq_Frame0148_ForcepToReference-SequenceTransformStatus = OK
Seq_Frame0148_Timestamp = 15.857
Seq_Frame0149_ForcepToReference-SequenceTransform =-0.0208892 0.916886 0.398602 46.6612 -0.917623 0.140693 -0.371718 -1.91181 -0.396904 -0.373531 0.838417 -1.73047 0 0 0 1 
Seq_Frame0149_ForcepToReference-SequenceTransformStatus = OK
