ObjectType = Image
NDims = 3
AnatomicalOrientation = RAI
BinaryData = True
CompressedData = False
DimSize = 0 0 1787
ElementSpacing = 1 1 1
Offset = 0 0 0
TransformMatrix = 1 0 0 0 1 0 0 0 1
ElementType = MET_UCHAR
Kinds = domain domain list
Seq_Frame0000_ForcepToReference-SequenceTransform =0.404007 0.905431 0.130279 22.8875 -0.852838 0.424328 -0.304323 -14.1078 -0.330824 0.0118417 0.943618 -19.659 0 0 0 1 
Seq_Frame0000_ForcepToReference-SequenceTransformStatus = OK
Seq_Frame0000_Timestamp = 0.013
Seq_Frame0001_ForcepToReference-SequenceTransform =0.403131 0.906494 0.125514 22.9012 -0.853213 0.421895 -0.306647 -14.0742 -0.330928 0.0165285 0.943511 -19.7755 0 0 0 1 
Seq_Frame0001_ForcepToReference-SequenceTransformStatus = OK
Seq_Frame0001_Timestamp = 0.123
Seq_Frame0002_ForcepToReference-SequenceTransform =0.40466 0.905037 0.130988 22.893 -0.852228 0.42517 -0.304855 -14.1238 -0.331598 0.011731 0.943348 -19.5899 0 0 0 1 
Seq_Frame0002_ForcepToReference-SequenceTransformStatus = OK
Seq_Frame0002_Timestamp = 0.235
Seq_Frame0003_ForcepToReference-SequenceTransform =0.403361 0.906393 0.12551 22.8995 -0.853184 0.422114 -0.306426 -14.0747 -0.330721 0.0165169 0.943584 -19.7865 0 0 0 1 
Seq_Frame0003_ForcepToReference-SequenceTransformStatus = OK
Seq_Frame0003_Timestamp = 0.339
Seq_Frame0004_ForcepToReference-SequenceTransform =0.403329 0.906328 0.126076 22.8986 -0.852953 0.422263 -0.306863 -14.0844 -0.331356 0.0162304 0.943366 -19.7533 0 0 0 1 
Seq_Frame0004_ForcepToReference-SequenceTransformStatus = OK
Seq_Frame0004_Timestamp = 0.443
Seq_Frame0005_ForcepToReference-SequenceTransform =0.404766 0.904945 0.131294 22.8933 -0.851941 0.425366 -0.305386 -14.1038 -0.332206 0.0117552 0.943134 -19.6379 0 0 0 1 
Seq_Frame0005_ForcepToReference-SequenceTransformStatus = OK
Seq_Frame0005_Timestamp = 0.548
Seq_Frame0006_ForcepToReference-SequenceTransform =0.40329 0.906471 0.125171 22.9015 -0.853537 0.421948 -0.305671 -14.0871 -0.329897 0.0164361 0.943874 -19.7721 0 0 0 1 
Seq_Frame0006_ForcepToReference-SequenceTransformStatus = OK
Seq_Frame0006_Timestamp = 0.658
Seq_Frame0007_ForcepToReference-SequenceTransform =0.40316 0.906566 0.124898 22.9054 -0.853539 0.421731 -0.305964 -14.0707 -0.33005 0.0167468 0.943815 -19.8117 0 0 0 1 
Seq_Frame0007_ForcepToReference-SequenceTransformStatus = OK
Seq_Frame0007_Timestamp = 0.763
Seq_Frame0008_ForcepToReference-SequenceTransform =0.403453 0.906174 0.126787 22.8975 -0.853226 0.422636 -0.305589 -14.0803 -0.330501 0.0151132 0.943685 -19.737 0 0 0 1 
Seq_Frame0008_ForcepToReference-SequenceTransformStatus = OK
Seq_Frame0008_Timestamp = 0.874
Seq_Frame0009_ForcepToReference-SequenceTransform =0.403539 0.906084 0.127152 22.8952 -0.853167 0.422839 -0.305471 -14.1068 -0.330548 0.0147875 0.943673 -19.6825 0 0 0 1 
Seq_Frame0009_ForcepToReference-SequenceTransformStatus = OK
Seq_Frame0009_Timestamp = 0.984
Seq_Frame0010_ForcepToReference-SequenceTransform =0.403539 0.906083 0.127161 22.8902 -0.853118 0.422839 -0.305607 -14.0889 -0.330674 0.0148409 0.943628 -19.7662 0 0 0 1 
Seq_Frame0010_ForcepToReference-SequenceTransformStatus = OK
Seq_Frame0010_Timestamp = 1.088
Seq_Frame0011_ForcepToReference-SequenceTransform =0.403498 0.906099 0.127179 22.8864 -0.853142 0.422807 -0.305585 -14.09 -0.330662 0.0148015 0.943633 -19.7624 0 0 0 1 
Seq_Frame0011_ForcepToReference-SequenceTransformStatus = OK
Seq_Frame0011_Timestamp = 1.193
Seq_Frame0012_ForcepToReference-SequenceTransform =0.403437 0.906382 0.125342 22.8997 -0.853567 0.42215 -0.305307 -14.0603 -0.329638 0.0161839 0.943969 -19.8493 0 0 0 1 
Seq_Frame0012_ForcepToReference-SequenceTransformStatus = OK
Seq_Frame0012_Timestamp = 1.303
Seq_Frame0013_ForcepToReference-SequenceTransform =0.403359 0.906174 0.127084 22.878 -0.853356 0.422652 -0.305204 -14.0719 -0.33028 0.014659 0.943769 -19.7896 0 0 0 1 
Seq_Frame0013_ForcepToReference-SequenceTransformStatus = OK
Seq_Frame0013_Timestamp = 1.408
Seq_Frame0014_ForcepToReference-SequenceTransform =0.404735 0.904996 0.131042 22.8885 -0.852307 0.425264 -0.304505 -14.1078 -0.331304 0.0115557 0.943453 -19.679 0 0 0 1 
Seq_Frame0014_ForcepToReference-SequenceTransformStatus = OK
Seq_Frame0014_Timestamp = 1.513
Seq_Frame0015_ForcepToReference-SequenceTransform =0.403184 0.906393 0.126075 22.891 -0.853767 0.422161 -0.304732 -14.0863 -0.329431 0.0152237 0.944057 -19.7906 0 0 0 1 
Seq_Frame0015_ForcepToReference-SequenceTransformStatus = OK
Seq_Frame0015_Timestamp = 1.623
Seq_Frame0016_ForcepToReference-SequenceTransform =0.403481 0.906119 0.127086 22.8893 -0.853192 0.422762 -0.30551 -14.0831 -0.330555 0.0148392 0.94367 -19.7639 0 0 0 1 
Seq_Frame0016_ForcepToReference-SequenceTransformStatus = OK
Seq_Frame0016_Timestamp = 1.729
Seq_Frame0017_ForcepToReference-SequenceTransform =0.403269 0.906665 0.123823 22.918 -0.853201 0.421455 -0.307285 -14.0764 -0.330791 0.018273 0.943527 -19.8245 0 0 0 1 
Seq_Frame0017_ForcepToReference-SequenceTransformStatus = OK
Seq_Frame0017_Timestamp = 1.838
Seq_Frame0018_ForcepToReference-SequenceTransform =0.40306 0.906409 0.126355 22.8859 -0.85353 0.422126 -0.305444 -14.0773 -0.330195 0.0152642 0.943789 -19.7871 0 0 0 1 
Seq_Frame0018_ForcepToReference-SequenceTransformStatus = OK
Seq_Frame0018_Timestamp = 1.943
Seq_Frame0019_ForcepToReference-SequenceTransform =0.403405 0.906253 0.126368 22.8864 -0.853203 0.422448 -0.305914 -14.0737 -0.330619 0.0155893 0.943635 -19.7894 0 0 0 1 
Seq_Frame0019_ForcepToReference-SequenceTransformStatus = OK
Seq_Frame0019_Timestamp = 2.052
Seq_Frame0020_ForcepToReference-SequenceTransform =0.403392 0.906369 0.125579 22.8964 -0.853075 0.422161 -0.306663 -14.075 -0.330965 0.0165771 0.943497 -19.8105 0 0 0 1 
Seq_Frame0020_ForcepToReference-SequenceTransformStatus = OK
Seq_Frame0020_Timestamp = 2.158
Seq_Frame0021_ForcepToReference-SequenceTransform =0.403493 0.906183 0.126596 22.8905 -0.853229 0.42261 -0.305617 -14.0872 -0.330445 0.0152987 0.943701 -19.7632 0 0 0 1 
Seq_Frame0021_ForcepToReference-SequenceTransformStatus = OK
Seq_Frame0021_Timestamp = 2.263
Seq_Frame0022_ForcepToReference-SequenceTransform =0.403583 0.90622 0.126039 22.8933 -0.853631 0.422528 -0.304605 -14.1119 -0.329294 0.0153425 0.944103 -19.7972 0 0 0 1 
Seq_Frame0022_ForcepToReference-SequenceTransformStatus = OK
Seq_Frame0022_Timestamp = 2.373
Seq_Frame0023_ForcepToReference-SequenceTransform =0.40479 0.905067 0.130383 22.8659 -0.85342 0.425133 -0.301556 -14.1035 -0.328358 0.0107948 0.944492 -19.7402 0 0 0 1 
Seq_Frame0023_ForcepToReference-SequenceTransformStatus = OK
Seq_Frame0023_Timestamp = 2.478
Seq_Frame0024_ForcepToReference-SequenceTransform =0.404249 0.905949 0.12585 22.9 -0.851993 0.423025 -0.308475 -14.1005 -0.332701 0.0174777 0.94287 -19.6296 0 0 0 1 
Seq_Frame0024_ForcepToReference-SequenceTransformStatus = OK
Seq_Frame0024_Timestamp = 2.588
Seq_Frame0025_ForcepToReference-SequenceTransform =0.404664 0.905118 0.130414 22.9115 -0.852897 0.425005 -0.303211 -14.1005 -0.329869 0.011469 0.943957 -19.667 0 0 0 1 
Seq_Frame0025_ForcepToReference-SequenceTransformStatus = OK
Seq_Frame0025_Timestamp = 2.693
Seq_Frame0026_ForcepToReference-SequenceTransform =0.404605 0.905248 0.129695 22.9022 -0.852504 0.424692 -0.30475 -14.1055 -0.330955 0.0127379 0.94356 -19.6607 0 0 0 1 
Seq_Frame0026_ForcepToReference-SequenceTransformStatus = OK
Seq_Frame0026_Timestamp = 2.794
Seq_Frame0027_ForcepToReference-SequenceTransform =0.403745 0.906022 0.12694 22.889 -0.853339 0.422973 -0.304806 -14.0774 -0.329854 0.0147408 0.943917 -19.7737 0 0 0 1 
Seq_Frame0027_ForcepToReference-SequenceTransformStatus = OK
Seq_Frame0027_Timestamp = 2.908
Seq_Frame0028_ForcepToReference-SequenceTransform =0.404319 0.905305 0.130188 22.892 -0.852605 0.424588 -0.304615 -14.1068 -0.331046 0.0121627 0.943536 -19.6439 0 0 0 1 
Seq_Frame0028_ForcepToReference-SequenceTransformStatus = OK
Seq_Frame0028_Timestamp = 3.013
Seq_Frame0029_ForcepToReference-SequenceTransform =0.403846 0.906257 0.124928 22.9135 -0.853993 0.422425 -0.303733 -14.097 -0.328033 0.0159736 0.944531 -19.7999 0 0 0 1 
Seq_Frame0029_ForcepToReference-SequenceTransformStatus = OK
Seq_Frame0029_Timestamp = 3.118
Seq_Frame0030_ForcepToReference-SequenceTransform =0.403867 0.906069 0.126217 22.8886 -0.8536 0.42286 -0.304232 -14.0773 -0.329028 0.0151302 0.944199 -19.8506 0 0 0 1 
Seq_Frame0030_ForcepToReference-SequenceTransformStatus = OK
Seq_Frame0030_Timestamp = 3.235
Seq_Frame0031_ForcepToReference-SequenceTransform =0.403342 0.906301 0.126229 22.9027 -0.853274 0.422342 -0.305859 -14.0921 -0.330512 0.0156576 0.943672 -19.7353 0 0 0 1 
Seq_Frame0031_ForcepToReference-SequenceTransformStatus = OK
Seq_Frame0031_Timestamp = 3.348
Seq_Frame0032_ForcepToReference-SequenceTransform =0.403418 0.906326 0.125806 22.9036 -0.853836 0.4223 -0.304346 -14.0928 -0.328965 0.0153615 0.944217 -19.7923 0 0 0 1 
Seq_Frame0032_ForcepToReference-SequenceTransformStatus = OK
Seq_Frame0032_Timestamp = 3.458
Seq_Frame0033_ForcepToReference-SequenceTransform =0.402994 0.906537 0.125649 22.8955 -0.853855 0.421839 -0.304932 -14.0858 -0.329436 0.0156 0.944049 -19.7808 0 0 0 1 
Seq_Frame0033_ForcepToReference-SequenceTransformStatus = OK
Seq_Frame0033_Timestamp = 3.563
Seq_Frame0034_ForcepToReference-SequenceTransform =0.404264 0.906018 0.125309 22.914 -0.854742 0.422991 -0.300825 -14.0925 -0.325557 0.0145061 0.945411 -19.8708 0 0 0 1 
Seq_Frame0034_ForcepToReference-SequenceTransformStatus = OK
Seq_Frame0034_Timestamp = 3.672
Seq_Frame0035_ForcepToReference-SequenceTransform =0.403876 0.906197 0.125263 22.9188 -0.853537 0.422545 -0.304844 -14.0966 -0.329178 0.0162026 0.944129 -19.7895 0 0 0 1 
Seq_Frame0035_ForcepToReference-SequenceTransformStatus = OK
Seq_Frame0035_Timestamp = 3.785
Seq_Frame0036_ForcepToReference-SequenceTransform =0.404613 0.905124 0.130533 22.9009 -0.852738 0.424991 -0.303678 -14.1096 -0.330342 0.011562 0.943791 -19.6513 0 0 0 1 
Seq_Frame0036_ForcepToReference-SequenceTransformStatus = OK
Seq_Frame0036_Timestamp = 3.887
Seq_Frame0037_ForcepToReference-SequenceTransform =0.40369 0.906242 0.125535 22.9151 -0.852909 0.422426 -0.306761 -14.0866 -0.331029 0.0167664 0.943472 -19.7416 0 0 0 1 
Seq_Frame0037_ForcepToReference-SequenceTransformStatus = OK
Seq_Frame0037_Timestamp = 3.998
Seq_Frame0038_ForcepToReference-SequenceTransform =0.40446 0.905299 0.129791 22.9099 -0.852406 0.424582 -0.305179 -14.0994 -0.331385 0.0127979 0.943409 -19.6541 0 0 0 1 
Seq_Frame0038_ForcepToReference-SequenceTransformStatus = OK
Seq_Frame0038_Timestamp = 4.102
Seq_Frame0039_ForcepToReference-SequenceTransform =0.403456 0.906332 0.125644 22.9041 -0.853867 0.422283 -0.304284 -14.0894 -0.328839 0.0154818 0.944259 -19.7687 0 0 0 1 
Seq_Frame0039_ForcepToReference-SequenceTransformStatus = OK
Seq_Frame0039_Timestamp = 4.208
Seq_Frame0040_ForcepToReference-SequenceTransform =0.403538 0.906362 0.125159 22.903 -0.853593 0.422187 -0.305185 -14.0861 -0.329449 0.0163191 0.944032 -19.7967 0 0 0 1 
Seq_Frame0040_ForcepToReference-SequenceTransformStatus = OK
Seq_Frame0040_Timestamp = 4.313
Seq_Frame0041_ForcepToReference-SequenceTransform =0.404634 0.90512 0.130497 22.8923 -0.852704 0.424997 -0.303766 -14.0939 -0.330405 0.011639 0.943767 -19.6789 0 0 0 1 
Seq_Frame0041_ForcepToReference-SequenceTransformStatus = OK
Seq_Frame0041_Timestamp = 4.418
Seq_Frame0042_ForcepToReference-SequenceTransform =0.403593 0.906262 0.125705 22.9054 -0.853328 0.42241 -0.305617 -14.0813 -0.330068 0.016077 0.94382 -19.784 0 0 0 1 
Seq_Frame0042_ForcepToReference-SequenceTransformStatus = OK
Seq_Frame0042_Timestamp = 4.526
Seq_Frame0043_ForcepToReference-SequenceTransform =0.403404 0.906441 0.125021 22.9078 -0.853349 0.421998 -0.306125 -14.0876 -0.330243 0.0168052 0.943746 -19.7695 0 0 0 1 
Seq_Frame0043_ForcepToReference-SequenceTransformStatus = OK
Seq_Frame0043_Timestamp = 4.633
Seq_Frame0044_ForcepToReference-SequenceTransform =0.403586 0.906129 0.126685 22.8985 -0.85315 0.422726 -0.305676 -14.0866 -0.330535 0.0152853 0.94367 -19.7737 0 0 0 1 
Seq_Frame0044_ForcepToReference-SequenceTransformStatus = OK
Seq_Frame0044_Timestamp = 4.734
Seq_Frame0045_ForcepToReference-SequenceTransform =0.403529 0.906247 0.126018 22.9093 -0.853657 0.42247 -0.304613 -14.0987 -0.329294 0.015344 0.944103 -19.7504 0 0 0 1 
Seq_Frame0045_ForcepToReference-SequenceTransformStatus = OK
Seq_Frame0045_Timestamp = 4.843
Seq_Frame0046_ForcepToReference-SequenceTransform =0.403191 0.906438 0.125723 22.9029 -0.853408 0.422033 -0.305914 -14.0859 -0.330352 0.0160486 0.943721 -19.7639 0 0 0 1 
Seq_Frame0046_ForcepToReference-SequenceTransformStatus = OK
Seq_Frame0046_Timestamp = 4.947
Seq_Frame0047_ForcepToReference-SequenceTransform =0.403099 0.906588 0.12494 22.9071 -0.853699 0.421694 -0.305569 -14.0943 -0.329711 0.0165138 0.943937 -19.7882 0 0 0 1 
Seq_Frame0047_ForcepToReference-SequenceTransformStatus = OK
Seq_Frame0047_Timestamp = 5.053
Seq_Frame0048_ForcepToReference-SequenceTransform =0.403585 0.906139 0.126613 22.9062 -0.853305 0.422708 -0.305267 -14.0888 -0.330135 0.0151617 0.943812 -19.7645 0 0 0 1 
Seq_Frame0048_ForcepToReference-SequenceTransformStatus = OK
Seq_Frame0048_Timestamp = 5.158
Seq_Frame0049_ForcepToReference-SequenceTransform =0.403859 0.906024 0.126563 22.9107 -0.853074 0.422944 -0.305587 -14.0966 -0.330399 0.0154465 0.943715 -19.7231 0 0 0 1 
Seq_Frame0049_ForcepToReference-SequenceTransformStatus = OK
Seq_Frame0049_Timestamp = 5.264
Seq_Frame0050_ForcepToReference-SequenceTransform =0.404521 0.904337 0.136152 22.8401 -0.852621 0.426779 -0.301491 -14.1443 -0.330756 0.00587367 0.943698 -19.5145 0 0 0 1 
Seq_Frame0050_ForcepToReference-SequenceTransformStatus = OK
Seq_Frame0050_Timestamp = 5.373
Seq_Frame0051_ForcepToReference-SequenceTransform =0.403448 0.906202 0.126597 22.9107 -0.85337 0.422574 -0.305273 -14.0812 -0.330135 0.0151279 0.943812 -19.7942 0 0 0 1 
Seq_Frame0051_ForcepToReference-SequenceTransformStatus = OK
Seq_Frame0051_Timestamp = 5.484
Seq_Frame0052_ForcepToReference-SequenceTransform =0.403279 0.906418 0.12559 22.9011 -0.853566 0.422081 -0.305406 -14.0815 -0.329835 0.0159643 0.943904 -19.7851 0 0 0 1 
Seq_Frame0052_ForcepToReference-SequenceTransformStatus = OK
Seq_Frame0052_Timestamp = 5.588
Seq_Frame0053_ForcepToReference-SequenceTransform =0.40439 0.90528 0.130143 22.9044 -0.852446 0.424635 -0.304995 -14.0998 -0.331369 0.012397 0.94342 -19.6913 0 0 0 1 
Seq_Frame0053_ForcepToReference-SequenceTransformStatus = OK
Seq_Frame0053_Timestamp = 5.693
Seq_Frame0054_ForcepToReference-SequenceTransform =0.404399 0.905306 0.129936 22.8982 -0.852603 0.42458 -0.304632 -14.1005 -0.330953 0.012409 0.943565 -19.6913 0 0 0 1 
Seq_Frame0054_ForcepToReference-SequenceTransformStatus = OK
Seq_Frame0054_Timestamp = 5.798
Seq_Frame0055_ForcepToReference-SequenceTransform =0.404787 0.904994 0.130899 22.9088 -0.851909 0.42525 -0.305637 -14.1114 -0.332264 0.0122038 0.943108 -19.5975 0 0 0 1 
Seq_Frame0055_ForcepToReference-SequenceTransformStatus = OK
Seq_Frame0055_Timestamp = 5.903
Seq_Frame0056_ForcepToReference-SequenceTransform =0.4033 0.906217 0.126963 22.8933 -0.853298 0.422551 -0.305506 -14.0918 -0.330503 0.0148735 0.943688 -19.7671 0 0 0 1 
Seq_Frame0056_ForcepToReference-SequenceTransformStatus = OK
Seq_Frame0056_Timestamp = 6.013
Seq_Frame0057_ForcepToReference-SequenceTransform =0.403578 0.906116 0.126802 22.8947 -0.853329 0.422765 -0.305121 -14.0786 -0.330083 0.014936 0.943834 -19.7822 0 0 0 1 
Seq_Frame0057_ForcepToReference-SequenceTransformStatus = OK
Seq_Frame0057_Timestamp = 6.118
Seq_Frame0058_ForcepToReference-SequenceTransform =0.403556 0.906258 0.125856 22.9004 -0.853565 0.422437 -0.304916 -14.0866 -0.329498 0.0156247 0.944027 -19.818 0 0 0 1 
Seq_Frame0058_ForcepToReference-SequenceTransformStatus = OK
Seq_Frame0058_Timestamp = 6.219
Seq_Frame0059_ForcepToReference-SequenceTransform =0.403112 0.906335 0.126723 22.8922 -0.853193 0.422284 -0.306166 -14.0746 -0.331002 0.0153002 0.943506 -19.7834 0 0 0 1 
Seq_Frame0059_ForcepToReference-SequenceTransformStatus = OK
Seq_Frame0059_Timestamp = 6.333
Seq_Frame0060_ForcepToReference-SequenceTransform =0.403286 0.906218 0.127006 22.8968 -0.853298 0.422552 -0.305503 -14.0942 -0.330518 0.0148313 0.943683 -19.732 0 0 0 1 
Seq_Frame0060_ForcepToReference-SequenceTransformStatus = OK
Seq_Frame0060_Timestamp = 6.443
Seq_Frame0061_ForcepToReference-SequenceTransform =0.403702 0.906092 0.126577 22.9033 -0.853145 0.422801 -0.305585 -14.0989 -0.330405 0.0153766 0.943714 -19.7443 0 0 0 1 
Seq_Frame0061_ForcepToReference-SequenceTransformStatus = OK
Seq_Frame0061_Timestamp = 6.548
Seq_Frame0062_ForcepToReference-SequenceTransform =0.403271 0.906314 0.126359 22.9059 -0.852903 0.422301 -0.30695 -14.0752 -0.331555 0.0160123 0.9433 -19.762 0 0 0 1 
Seq_Frame0062_ForcepToReference-SequenceTransformStatus = OK
Seq_Frame0062_Timestamp = 6.653
Seq_Frame0063_ForcepToReference-SequenceTransform =0.403105 0.906455 0.125877 22.9028 -0.853524 0.422008 -0.305625 -14.0838 -0.330157 0.0157599 0.943794 -19.7699 0 0 0 1 
Seq_Frame0063_ForcepToReference-SequenceTransformStatus = OK
Seq_Frame0063_Timestamp = 6.757
Seq_Frame0064_ForcepToReference-SequenceTransform =0.403533 0.906255 0.125944 22.9055 -0.853295 0.422432 -0.305678 -14.0954 -0.330225 0.0158836 0.943768 -19.7579 0 0 0 1 
Seq_Frame0064_ForcepToReference-SequenceTransformStatus = OK
Seq_Frame0064_Timestamp = 6.868
Seq_Frame0065_ForcepToReference-SequenceTransform =0.404397 0.905267 0.13021 22.8995 -0.852541 0.424668 -0.304682 -14.1108 -0.331115 0.0122033 0.943512 -19.6583 0 0 0 1 
Seq_Frame0065_ForcepToReference-SequenceTransformStatus = OK
Seq_Frame0065_Timestamp = 6.973
Seq_Frame0066_ForcepToReference-SequenceTransform =0.403109 0.906373 0.126455 22.9018 -0.853336 0.422197 -0.305888 -14.0883 -0.330637 0.0153977 0.943632 -19.7284 0 0 0 1 
Seq_Frame0066_ForcepToReference-SequenceTransformStatus = OK
Seq_Frame0066_Timestamp = 7.078
Seq_Frame0067_ForcepToReference-SequenceTransform =0.403143 0.906456 0.125754 22.9122 -0.85373 0.422012 -0.305043 -14.0945 -0.329577 0.0156161 0.943999 -19.7066 0 0 0 1 
Seq_Frame0067_ForcepToReference-SequenceTransformStatus = OK
Seq_Frame0067_Timestamp = 7.183
Seq_Frame0068_ForcepToReference-SequenceTransform =0.403096 0.906521 0.125432 22.9072 -0.85336 0.42184 -0.306312 -14.0871 -0.330591 0.0164345 0.943631 -19.7825 0 0 0 1 
Seq_Frame0068_ForcepToReference-SequenceTransformStatus = OK
Seq_Frame0068_Timestamp = 7.289
Seq_Frame0069_ForcepToReference-SequenceTransform =0.403217 0.906323 0.12647 22.8993 -0.853229 0.422301 -0.306043 -14.0891 -0.330783 0.0154936 0.94358 -19.7364 0 0 0 1 
Seq_Frame0069_ForcepToReference-SequenceTransformStatus = OK
Seq_Frame0069_Timestamp = 7.393
Seq_Frame0070_ForcepToReference-SequenceTransform =0.403657 0.906036 0.127125 22.8954 -0.85295 0.422933 -0.305948 -14.0903 -0.330965 0.0150669 0.943523 -19.7342 0 0 0 1 
Seq_Frame0070_ForcepToReference-SequenceTransformStatus = OK
Seq_Frame0070_Timestamp = 7.504
Seq_Frame0071_ForcepToReference-SequenceTransform =0.403135 0.906312 0.12681 22.8862 -0.853328 0.422342 -0.30571 -14.0881 -0.330626 0.0150317 0.943642 -19.7661 0 0 0 1 
Seq_Frame0071_ForcepToReference-SequenceTransformStatus = OK
Seq_Frame0071_Timestamp = 7.608
Seq_Frame0072_ForcepToReference-SequenceTransform =0.403635 0.905964 0.127702 22.9012 -0.852866 0.423103 -0.305946 -14.0874 -0.331207 0.0145775 0.943445 -19.7022 0 0 0 1 
Seq_Frame0072_ForcepToReference-SequenceTransformStatus = OK
Seq_Frame0072_Timestamp = 7.713
Seq_Frame0073_ForcepToReference-SequenceTransform =0.403528 0.906167 0.126595 22.9031 -0.853143 0.42264 -0.305814 -14.0995 -0.330623 0.0154005 0.943637 -19.7216 0 0 0 1 
Seq_Frame0073_ForcepToReference-SequenceTransformStatus = OK
Seq_Frame0073_Timestamp = 7.823
Seq_Frame0074_ForcepToReference-SequenceTransform =0.403508 0.906018 0.127725 22.8882 -0.853125 0.423 -0.305367 -14.0877 -0.330696 0.0142523 0.94363 -19.7659 0 0 0 1 
Seq_Frame0074_ForcepToReference-SequenceTransformStatus = OK
Seq_Frame0074_Timestamp = 7.926
Seq_Frame0075_ForcepToReference-SequenceTransform =0.403511 0.90616 0.126702 22.8897 -0.853246 0.422663 -0.305495 -14.0887 -0.33038 0.0151628 0.943726 -19.7688 0 0 0 1 
Seq_Frame0075_ForcepToReference-SequenceTransformStatus = OK
Seq_Frame0075_Timestamp = 8.038
Seq_Frame0076_ForcepToReference-SequenceTransform =0.403555 0.906085 0.127093 22.8901 -0.85355 0.422852 -0.304384 -14.0899 -0.329539 0.0143555 0.944033 -19.7621 0 0 0 1 
Seq_Frame0076_ForcepToReference-SequenceTransformStatus = OK
Seq_Frame0076_Timestamp = 8.143
Seq_Frame0077_ForcepToReference-SequenceTransform =0.40334 0.906392 0.125578 22.9002 -0.853867 0.42215 -0.304469 -14.1012 -0.328981 0.0155771 0.944208 -19.7563 0 0 0 1 
Seq_Frame0077_ForcepToReference-SequenceTransformStatus = OK
Seq_Frame0077_Timestamp = 8.253
Seq_Frame0078_ForcepToReference-SequenceTransform =0.403766 0.906092 0.126375 22.8953 -0.853483 0.422811 -0.304628 -14.0919 -0.329454 0.01514 0.94405 -19.7866 0 0 0 1 
Seq_Frame0078_ForcepToReference-SequenceTransformStatus = OK
Seq_Frame0078_Timestamp = 8.357
Seq_Frame0079_ForcepToReference-SequenceTransform =0.403701 0.906235 0.125558 22.9057 -0.853298 0.422463 -0.305626 -14.0841 -0.330012 0.0162432 0.943837 -19.8243 0 0 0 1 
Seq_Frame0079_ForcepToReference-SequenceTransformStatus = OK
Seq_Frame0079_Timestamp = 8.463
Seq_Frame0080_ForcepToReference-SequenceTransform =0.403827 0.906004 0.12681 22.8906 -0.853515 0.423017 -0.30425 -14.0853 -0.329295 0.0146301 0.944114 -19.8087 0 0 0 1 
Seq_Frame0080_ForcepToReference-SequenceTransformStatus = OK
Seq_Frame0080_Timestamp = 8.567
Seq_Frame0081_ForcepToReference-SequenceTransform =0.403657 0.906246 0.125614 22.9059 -0.85343 0.422446 -0.30528 -14.0972 -0.329725 0.0160254 0.943941 -19.75 0 0 0 1 
Seq_Frame0081_ForcepToReference-SequenceTransformStatus = OK
Seq_Frame0081_Timestamp = 8.673
Seq_Frame0082_ForcepToReference-SequenceTransform =0.403772 0.906094 0.126337 22.8966 -0.853381 0.422798 -0.304931 -14.0873 -0.329711 0.0153091 0.943958 -19.7761 0 0 0 1 
Seq_Frame0082_ForcepToReference-SequenceTransformStatus = OK
Seq_Frame0082_Timestamp = 8.778
Seq_Frame0083_ForcepToReference-SequenceTransform =0.403892 0.906014 0.126529 22.8959 -0.852949 0.422958 -0.305917 -14.0873 -0.330681 0.0156348 0.943613 -19.7652 0 0 0 1 
Seq_Frame0083_ForcepToReference-SequenceTransformStatus = OK
Seq_Frame0083_Timestamp = 8.888
Seq_Frame0084_ForcepToReference-SequenceTransform =0.403958 0.905915 0.127028 22.9014 -0.853119 0.423198 -0.305109 -14.0794 -0.330161 0.0148812 0.943807 -19.7788 0 0 0 1 
Seq_Frame0084_ForcepToReference-SequenceTransformStatus = OK
Seq_Frame0084_Timestamp = 8.995
Seq_Frame0085_ForcepToReference-SequenceTransform =0.403717 0.906102 0.126462 22.9013 -0.853016 0.42277 -0.305989 -14.0927 -0.330721 0.0156583 0.943599 -19.7484 0 0 0 1 
Seq_Frame0085_ForcepToReference-SequenceTransformStatus = OK
Seq_Frame0085_Timestamp = 9.097
Seq_Frame0086_ForcepToReference-SequenceTransform =0.403385 0.906486 0.124758 22.9035 -0.853574 0.421903 -0.305631 -14.0882 -0.329685 0.0167967 0.943941 -19.8181 0 0 0 1 
Seq_Frame0086_ForcepToReference-SequenceTransformStatus = OK
Seq_Frame0086_Timestamp = 9.201
Seq_Frame0087_ForcepToReference-SequenceTransform =0.403589 0.906142 0.126583 22.9028 -0.853338 0.422703 -0.305184 -14.0727 -0.330047 0.0151507 0.943843 -19.7758 0 0 0 1 
Seq_Frame0087_ForcepToReference-SequenceTransformStatus = OK
Seq_Frame0087_Timestamp = 9.313
Seq_Frame0088_ForcepToReference-SequenceTransform =0.403698 0.906157 0.126124 22.8935 -0.853458 0.422659 -0.304906 -14.1001 -0.329601 0.0154486 0.943994 -19.7683 0 0 0 1 
Seq_Frame0088_ForcepToReference-SequenceTransformStatus = OK
Seq_Frame0088_Timestamp = 9.418
Seq_Frame0089_ForcepToReference-SequenceTransform =0.404311 0.905213 0.130849 22.8823 -0.852703 0.424806 -0.304034 -14.0899 -0.330801 0.0113488 0.943632 -19.7238 0 0 0 1 
Seq_Frame0089_ForcepToReference-SequenceTransformStatus = OK
Seq_Frame0089_Timestamp = 9.524
Seq_Frame0090_ForcepToReference-SequenceTransform =0.403185 0.906449 0.125668 22.9002 -0.854008 0.422037 -0.304227 -14.0872 -0.328803 0.0153387 0.944274 -19.8052 0 0 0 1 
Seq_Frame0090_ForcepToReference-SequenceTransformStatus = OK
Seq_Frame0090_Timestamp = 9.633
Seq_Frame0091_ForcepToReference-SequenceTransform =0.40378 0.90618 0.125694 22.9144 -0.853278 0.422585 -0.305515 -14.0887 -0.329968 0.0161092 0.943855 -19.771 0 0 0 1 
Seq_Frame0091_ForcepToReference-SequenceTransformStatus = OK
Seq_Frame0091_Timestamp = 9.738
Seq_Frame0092_ForcepToReference-SequenceTransform =0.403284 0.906405 0.125669 22.9033 -0.853704 0.422118 -0.304969 -14.1011 -0.329473 0.0157052 0.944035 -19.7191 0 0 0 1 
Seq_Frame0092_ForcepToReference-SequenceTransformStatus = OK
Seq_Frame0092_Timestamp = 9.843
Seq_Frame0093_ForcepToReference-SequenceTransform =0.401486 0.622982 0.671344 21.9088 -0.54828 0.750643 -0.368679 117.343 -0.73362 -0.220065 0.642941 -78.1479 0 0 0 1 
Seq_Frame0093_ForcepToReference-SequenceTransformStatus = OK
Seq_Frame0093_Timestamp = 11.113
Seq_Frame0094_ForcepToReference-SequenceTransform =-0.296859 -0.421032 -0.857092 -1.43768 0.845152 -0.533651 -0.0305759 156.158 -0.444515 -0.733449 0.514256 -49.3481 0 0 0 1 
Seq_Frame0094_ForcepToReference-SequenceTransformStatus = OK
Seq_Frame0094_Timestamp = 11.222
Seq_Frame0095_ForcepToReference-SequenceTransform =-0.285575 -0.517727 -0.806477 16.0603 0.847321 -0.529578 0.0399309 158.798 -0.447766 -0.671942 0.589915 -18.1746 0 0 0 1 
Seq_Frame0095_ForcepToReference-SequenceTransformStatus = OK
Seq_Frame0095_Timestamp = 11.33
Seq_Frame0096_ForcepToReference-SequenceTransform =0.0982882 0.1279 0.986905 39.8018 -0.226001 0.968663 -0.103028 164.8 -0.969156 -0.212915 0.124114 16.2043 0 0 0 1 
Seq_Frame0096_ForcepToReference-SequenceTransformStatus = OK
Seq_Frame0096_Timestamp = 11.568
Seq_Frame0097_ForcepToReference-SequenceTransform =0.465869 -0.386715 0.795875 43.8374 0.137962 0.920188 0.366362 170.58 -0.874032 -0.0608762 0.482039 25.7832 0 0 0 1 
Seq_Frame0097_ForcepToReference-SequenceTransformStatus = OK
Seq_Frame0097_Timestamp = 11.908
Seq_Frame0098_ForcepToReference-SequenceTransform =0.512684 -0.475169 0.715101 50.0177 0.242605 0.879124 0.410225 166.931 -0.823589 -0.0368292 0.565991 30.7372 0 0 0 1 
Seq_Frame0098_ForcepToReference-SequenceTransformStatus = OK
Seq_Frame0098_Timestamp = 12.019
Seq_Frame0099_ForcepToReference-SequenceTransform =0.609371 -0.209478 0.764713 70.9758 0.103749 0.977242 0.185023 167.273 -0.786068 -0.0334092 0.617236 30.1914 0 0 0 1 
Seq_Frame0099_ForcepToReference-SequenceTransformStatus = OK
Seq_Frame0099_Timestamp = 12.122
Seq_Frame0100_ForcepToReference-SequenceTransform =-0.662841 0.2762 -0.695957 69.0167 0.577602 -0.402847 -0.709993 167.685 -0.476464 -0.872598 0.10749 16.8237 0 0 0 1 
Seq_Frame0100_ForcepToReference-SequenceTransformStatus = OK
Seq_Frame0100_Timestamp = 12.308
Seq_Frame0101_ForcepToReference-SequenceTransform =-0.604257 0.224446 -0.764524 67.3026 0.639496 -0.435763 -0.633368 163.515 -0.475309 -0.871628 0.11978 21.3264 0 0 0 1 
Seq_Frame0101_ForcepToReference-SequenceTransformStatus = OK
Seq_Frame0101_Timestamp = 12.413
Seq_Frame0102_ForcepToReference-SequenceTransform =0.0679329 0.171241 0.982884 39.7312 -0.280206 0.948782 -0.145933 159.951 -0.957533 -0.265497 0.112436 12.6633 0 0 0 1 
Seq_Frame0102_ForcepToReference-SequenceTransformStatus = OK
Seq_Frame0102_Timestamp = 12.808
Seq_Frame0103_ForcepToReference-SequenceTransform =0.0160423 0.353296 0.935374 45.0326 -0.369655 0.87131 -0.322759 151.53 -0.92903 -0.340588 0.144576 8.95339 0 0 0 1 
Seq_Frame0103_ForcepToReference-SequenceTransformStatus = OK
Seq_Frame0103_Timestamp = 12.913
Seq_Frame0104_ForcepToReference-SequenceTransform =-0.143949 0.678247 0.720597 61.8621 -0.547572 0.551952 -0.628899 123.797 -0.824284 -0.485108 0.291936 6.61762 0 0 0 1 
Seq_Frame0104_ForcepToReference-SequenceTransformStatus = OK
Seq_Frame0104_Timestamp = 13.023
Seq_Frame0105_ForcepToReference-SequenceTransform =-0.328491 0.728287 0.601408 60.2912 -0.518016 0.393515 -0.759477 116.425 -0.78978 -0.56102 0.247998 6.82134 0 0 0 1 
Seq_Frame0105_ForcepToReference-SequenceTransformStatus = OK
Seq_Frame0105_Timestamp = 13.128
Seq_Frame0106_ForcepToReference-SequenceTransform =-0.369028 0.736606 0.566772 59.6415 -0.465966 0.381006 -0.798567 116.718 -0.804173 -0.55879 0.202631 10.0814 0 0 0 1 
Seq_Frame0106_ForcepToReference-SequenceTransformStatus = OK
Seq_Frame0106_Timestamp = 13.238
Seq_Frame0107_ForcepToReference-SequenceTransform =-0.465661 0.690668 0.553297 53.5804 -0.413772 0.382749 -0.826012 118.32 -0.782274 -0.613581 0.107548 14.552 0 0 0 1 
Seq_Frame0107_ForcepToReference-SequenceTransformStatus = OK
Seq_Frame0107_Timestamp = 13.343
Seq_Frame0108_ForcepToReference-SequenceTransform =-0.479809 0.706244 0.520579 53.7124 -0.392687 0.357729 -0.847247 120.181 -0.784589 -0.610941 0.105691 15.5433 0 0 0 1 
Seq_Frame0108_ForcepToReference-SequenceTransformStatus = OK
Seq_Frame0108_Timestamp = 13.451
Seq_Frame0109_ForcepToReference-SequenceTransform =-0.565242 0.700542 0.435595 49.8872 -0.342613 0.280982 -0.896474 121.997 -0.750412 -0.655965 0.0811918 17.5462 0 0 0 1 
Seq_Frame0109_ForcepToReference-SequenceTransformStatus = OK
Seq_Frame0109_Timestamp = 13.558
Seq_Frame0110_ForcepToReference-SequenceTransform =-0.57085 0.709497 0.413212 48.1224 -0.328588 0.263795 -0.906886 122.265 -0.752436 -0.653473 0.0825448 16.0484 0 0 0 1 
Seq_Frame0110_ForcepToReference-SequenceTransformStatus = OK
Seq_Frame0110_Timestamp = 13.667
Seq_Frame0111_ForcepToReference-SequenceTransform =-0.549654 0.740547 0.386615 48.0759 -0.329079 0.233436 -0.914994 120.943 -0.767846 -0.630157 0.115389 15.7414 0 0 0 1 
Seq_Frame0111_ForcepToReference-SequenceTransformStatus = OK
Seq_Frame0111_Timestamp = 13.773
Seq_Frame0112_ForcepToReference-SequenceTransform =-0.544655 0.746636 0.38195 48.3259 -0.316595 0.238685 -0.91804 122.916 -0.776607 -0.620938 0.10638 19.86 0 0 0 1 
Seq_Frame0112_ForcepToReference-SequenceTransformStatus = OK
Seq_Frame0112_Timestamp = 13.883
Seq_Frame0113_ForcepToReference-SequenceTransform =-0.576302 0.737414 0.352274 47.1226 -0.288666 0.21959 -0.931908 123.928 -0.764558 -0.63875 0.0863162 18.6967 0 0 0 1 
Seq_Frame0113_ForcepToReference-SequenceTransformStatus = OK
Seq_Frame0113_Timestamp = 13.988
Seq_Frame0114_ForcepToReference-SequenceTransform =-0.586712 0.743232 0.321519 47.2253 -0.275108 0.190486 -0.942354 123.103 -0.761633 -0.641343 0.0927089 19.2809 0 0 0 1 
Seq_Frame0114_ForcepToReference-SequenceTransformStatus = OK
Seq_Frame0114_Timestamp = 14.098
Seq_Frame0115_ForcepToReference-SequenceTransform =-0.593306 0.731758 0.335437 46.1108 -0.267826 0.213518 -0.93951 125.945 -0.759116 -0.647256 0.0693019 20.4378 0 0 0 1 
Seq_Frame0115_ForcepToReference-SequenceTransformStatus = OK
Seq_Frame0115_Timestamp = 14.208
Seq_Frame0116_ForcepToReference-SequenceTransform =-0.595034 0.72607 0.344611 45.2421 -0.279662 0.214931 -0.935732 124.237 -0.753474 -0.653167 0.0751631 20.6289 0 0 0 1 
Seq_Frame0116_ForcepToReference-SequenceTransformStatus = OK
Seq_Frame0116_Timestamp = 14.313
Seq_Frame0117_ForcepToReference-SequenceTransform =-0.613249 0.71281 0.340333 43.7979 -0.28951 0.198044 -0.936463 122.269 -0.734921 -0.672815 0.0849148 20.2732 0 0 0 1 
Seq_Frame0117_ForcepToReference-SequenceTransformStatus = OK
Seq_Frame0117_Timestamp = 14.419
Seq_Frame0118_ForcepToReference-SequenceTransform =-0.62871 0.723113 0.286061 43.1513 -0.279886 0.132789 -0.950805 117.724 -0.725526 -0.677845 0.118903 19.9689 0 0 0 1 
Seq_Frame0118_ForcepToReference-SequenceTransformStatus = OK
Seq_Frame0118_Timestamp = 14.528
Seq_Frame0119_ForcepToReference-SequenceTransform =-0.646561 0.718063 0.257573 41.972 -0.25239 0.117275 -0.960492 120.529 -0.719901 -0.686026 0.105407 20.273 0 0 0 1 
Seq_Frame0119_ForcepToReference-SequenceTransformStatus = OK
Seq_Frame0119_Timestamp = 14.633
Seq_Frame0120_ForcepToReference-SequenceTransform =-0.661684 0.713344 0.230899 42.6072 -0.24048 0.0897754 -0.966494 118.881 -0.710171 -0.69504 0.112142 19.5744 0 0 0 1 
Seq_Frame0120_ForcepToReference-SequenceTransformStatus = OK
Seq_Frame0120_Timestamp = 14.743
Seq_Frame0121_ForcepToReference-SequenceTransform =-0.658519 0.718312 0.224456 43.0746 -0.253655 0.0689484 -0.964834 116.33 -0.708528 -0.692296 0.1368 18.5151 0 0 0 1 
Seq_Frame0121_ForcepToReference-SequenceTransformStatus = OK
Seq_Frame0121_Timestamp = 14.848
Seq_Frame0122_ForcepToReference-SequenceTransform =-0.666585 0.712143 0.220264 42.8267 -0.256535 0.0582784 -0.964776 115.128 -0.699896 -0.699611 0.143842 18.0948 0 0 0 1 
Seq_Frame0122_ForcepToReference-SequenceTransformStatus = OK
Seq_Frame0122_Timestamp = 14.958
Seq_Frame0123_ForcepToReference-SequenceTransform =-0.659035 0.721192 0.213435 43.2781 -0.266606 0.0413456 -0.962918 114.545 -0.703274 -0.6915 0.165026 17.5922 0 0 0 1 
Seq_Frame0123_ForcepToReference-SequenceTransformStatus = OK
Seq_Frame0123_Timestamp = 15.063
Seq_Frame0124_ForcepToReference-SequenceTransform =-0.663994 0.716886 0.212572 43.5911 -0.266199 0.0390297 -0.963128 114.156 -0.698749 -0.696097 0.164919 17.7925 0 0 0 1 
Seq_Frame0124_ForcepToReference-SequenceTransformStatus = OK
Seq_Frame0124_Timestamp = 15.173
Seq_Frame0125_ForcepToReference-SequenceTransform =-0.657777 0.726894 0.197369 43.5903 -0.264005 0.0229142 -0.964249 112.834 -0.705429 -0.686368 0.176831 17.8721 0 0 0 1 
Seq_Frame0125_ForcepToReference-SequenceTransformStatus = OK
Seq_Frame0125_Timestamp = 15.285
Seq_Frame0126_ForcepToReference-SequenceTransform =-0.660946 0.722756 0.201926 43.5196 -0.262603 0.0293084 -0.964459 113.469 -0.702986 -0.690482 0.170427 17.8107 0 0 0 1 
Seq_Frame0126_ForcepToReference-SequenceTransformStatus = OK
Seq_Frame0126_Timestamp = 15.388
Seq_Frame0127_ForcepToReference-SequenceTransform =-0.673947 0.709554 0.205741 43.8407 -0.262303 0.0305252 -0.964503 113.262 -0.690647 -0.70399 0.165546 17.2772 0 0 0 1 
Seq_Frame0127_ForcepToReference-SequenceTransformStatus = OK
Seq_Frame0127_Timestamp = 15.498
Seq_Frame0128_ForcepToReference-SequenceTransform =-0.659501 0.724979 0.198655 44.67 -0.264414 0.0236498 -0.964119 113.197 -0.703664 -0.688365 0.176097 16.8446 0 0 0 1 
Seq_Frame0128_ForcepToReference-SequenceTransformStatus = OK
Seq_Frame0128_Timestamp = 15.603
Seq_Frame0129_ForcepToReference-SequenceTransform =-0.649563 0.735264 0.19353 45.0663 -0.269403 0.0154459 -0.962904 112.777 -0.710978 -0.677604 0.188049 17.2908 0 0 0 1 
Seq_Frame0129_ForcepToReference-SequenceTransformStatus = OK
Seq_Frame0129_Timestamp = 15.708
Seq_Frame0130_ForcepToReference-SequenceTransform =-0.652731 0.731938 0.19547 45.4027 -0.265986 0.0201795 -0.963766 113.134 -0.709361 -0.681072 0.181514 17.7114 0 0 0 1 
Seq_Frame0130_ForcepToReference-SequenceTransformStatus = OK
Seq_Frame0130_Timestamp = 15.818
Seq_Frame0131_ForcepToReference-SequenceTransform =-0.650527 0.733739 0.196063 45.4054 -0.267676 0.0200853 -0.9633 112.855 -0.710749 -0.679134 0.183338 17.6434 0 0 0 1 
Seq_Frame0131_ForcepToReference-SequenceTransformStatus = OK
Seq_Frame0131_Timestamp = 15.923
Seq_Frame0132_ForcepToReference-SequenceTransform =-0.663985 0.720473 0.200104 45.3212 -0.263514 0.0249806 -0.964332 112.466 -0.699774 -0.693032 0.173268 17.8361 0 0 0 1 
Seq_Frame0132_ForcepToReference-SequenceTransformStatus = OK
Seq_Frame0132_Timestamp = 16.028
Seq_Frame0133_ForcepToReference-SequenceTransform =-0.660683 0.723543 0.19996 45.3726 -0.264283 0.0251227 -0.964118 112.712 -0.702604 -0.689822 0.174622 18.1588 0 0 0 1 
Seq_Frame0133_ForcepToReference-SequenceTransformStatus = OK
Seq_Frame0133_Timestamp = 16.138
Seq_Frame0134_ForcepToReference-SequenceTransform =-0.650232 0.735018 0.192216 45.1669 -0.263488 0.0191279 -0.964473 112.753 -0.712581 -0.677778 0.18123 17.8883 0 0 0 1 
Seq_Frame0134_ForcepToReference-SequenceTransformStatus = OK
Seq_Frame0134_Timestamp = 16.243
Seq_Frame0135_ForcepToReference-SequenceTransform =-0.668724 0.713765 0.2082 43.1875 -0.2314 0.0663172 -0.970596 119.092 -0.706585 -0.697238 0.120817 19.2021 0 0 0 1 
Seq_Frame0135_ForcepToReference-SequenceTransformStatus = OK
Seq_Frame0135_Timestamp = 16.348
Seq_Frame0136_ForcepToReference-SequenceTransform =-0.670656 0.708053 0.221092 42.2892 -0.229397 0.0854709 -0.969573 122.257 -0.705406 -0.700968 0.105104 19.8593 0 0 0 1 
Seq_Frame0136_ForcepToReference-SequenceTransformStatus = OK
Seq_Frame0136_Timestamp = 16.453
Seq_Frame0137_ForcepToReference-SequenceTransform =-0.666642 0.713183 0.216698 41.9177 -0.225377 0.084251 -0.970622 121.655 -0.710488 -0.695896 0.10457 20.3387 0 0 0 1 
Seq_Frame0137_ForcepToReference-SequenceTransformStatus = OK
Seq_Frame0137_Timestamp = 16.563
Seq_Frame0138_ForcepToReference-SequenceTransform =-0.683147 0.695982 0.221177 41.4258 -0.217972 0.0947326 -0.971346 122.891 -0.696992 -0.711783 0.0869882 20.0399 0 0 0 1 
Seq_Frame0138_ForcepToReference-SequenceTransformStatus = OK
Seq_Frame0138_Timestamp = 16.669
Seq_Frame0139_ForcepToReference-SequenceTransform =-0.678799 0.701796 0.216135 41.6709 -0.215254 0.0912387 -0.972287 123.236 -0.702067 -0.706511 0.0891318 20.1154 0 0 0 1 
Seq_Frame0139_ForcepToReference-SequenceTransformStatus = OK
Seq_Frame0139_Timestamp = 16.773
Seq_Frame0140_ForcepToReference-SequenceTransform =-0.679818 0.699807 0.219359 41.2344 -0.218029 0.0927294 -0.971527 123.34 -0.700222 -0.708288 0.0895392 20.2707 0 0 0 1 
Seq_Frame0140_ForcepToReference-SequenceTransformStatus = OK
Seq_Frame0140_Timestamp = 16.878
Seq_Frame0141_ForcepToReference-SequenceTransform =-0.676154 0.702797 0.221117 41.0035 -0.221768 0.0920589 -0.970744 123.433 -0.702592 -0.705409 0.0936116 20.4386 0 0 0 1 
Seq_Frame0141_ForcepToReference-SequenceTransformStatus = OK
Seq_Frame0141_Timestamp = 16.983
Seq_Frame0142_ForcepToReference-SequenceTransform =-0.67348 0.704983 0.222315 40.7408 -0.222071 0.0938983 -0.970499 123.576 -0.70506 -0.702981 0.0933174 20.6141 0 0 0 1 
Seq_Frame0142_ForcepToReference-SequenceTransformStatus = OK
Seq_Frame0142_Timestamp = 17.087
Seq_Frame0143_ForcepToReference-SequenceTransform =-0.67869 0.699474 0.223865 40.6298 -0.220912 0.0962685 -0.970531 123.823 -0.700412 -0.708145 0.0891858 20.9363 0 0 0 1 
Seq_Frame0143_ForcepToReference-SequenceTransformStatus = OK
Seq_Frame0143_Timestamp = 17.193
Seq_Frame0144_ForcepToReference-SequenceTransform =-0.680313 0.697376 0.225479 40.4209 -0.220474 0.0986715 -0.970389 123.725 -0.698975 -0.709881 0.0866259 20.7146 0 0 0 1 
Seq_Frame0144_ForcepToReference-SequenceTransformStatus = OK
Seq_Frame0144_Timestamp = 17.303
Seq_Frame0145_ForcepToReference-SequenceTransform =-0.678534 0.699083 0.225555 40.3375 -0.221758 0.0977859 -0.970186 123.796 -0.700296 -0.708323 0.0886762 20.4641 0 0 0 1 
Seq_Frame0145_ForcepToReference-SequenceTransformStatus = OK
Seq_Frame0145_Timestamp = 17.408
Seq_Frame0146_ForcepToReference-SequenceTransform =-0.675835 0.702448 0.223192 40.5777 -0.220746 0.0960078 -0.970594 123.739 -0.70322 -0.70523 0.0901774 20.6082 0 0 0 1 
Seq_Frame0146_ForcepToReference-SequenceTransformStatus = OK
Seq_Frame0146_Timestamp = 17.518
Seq_Frame0147_ForcepToReference-SequenceTransform =-0.678881 0.699748 0.222426 40.6372 -0.219588 0.0955759 -0.9709 123.958 -0.700643 -0.707968 0.0887716 20.8088 0 0 0 1 
Seq_Frame0147_ForcepToReference-SequenceTransformStatus = OK
Seq_Frame0147_Timestamp = 17.623
Seq_Frame0148_ForcepToReference-SequenceTransform =-0.681344 0.697596 0.221652 40.6583 -0.218325 0.0953498 -0.971207 124.417 -0.698645 -0.710118 0.0873366 20.5483 0 0 0 1 
Seq_Frame0148_ForcepToReference-SequenceTransformStatus = OK
Seq_Frame0148_Timestamp = 17.733
Seq_Frame0149_ForcepToReference-SequenceTransform =-0.682762 0.69726 0.218324 40.5888 -0.216644 0.0921751 -0.971889 124.188 -0.697783 -0.710868 0.0881239 20.8318 0 0 0 1 
Seq_Frame0149_ForcepToReference-SequenceTransformStatus = OK
Seq_Frame0149_Timestamp = 17.838
Seq_Frame0150_ForcepToReference-SequenceTransform =-0.682696 0.697317 0.218345 40.7627 -0.214352 0.0945487 -0.97217 124.506 -0.698555 -0.710499 0.0849236 20.831 0 0 0 1 
Seq_Frame0150_ForcepToReference-SequenceTransformStatus = OK
Seq_Frame0150_Timestamp = 17.948
