ObjectType = Image
NDims = 3
AnatomicalOrientation = RAI
BinaryData = True
CompressedData = False
DimSize = 0 0 4662
ElementSpacing = 1 1 1
Offset = 0 0 0
TransformMatrix = 1 0 0 0 1 0 0 0 1
ElementType = MET_UCHAR
Kinds = domain domain list
Seq_Frame0000_DriverToReference-SequenceTransform =-0.712624 -0.693894 0.103339 22.5808 -0.299138 0.433787 0.849909 62.2794 -0.634574 0.574753 -0.516696 97.3278 0 0 0 1 
Seq_Frame0000_DriverToReference-SequenceTransformStatus = OK
Seq_Frame0000_Timestamp = 0.00200009
Seq_Frame0001_DriverToReference-SequenceTransform =-0.713288 -0.693251 0.103074 22.6273 -0.298272 0.433339 0.850442 62.0981 -0.634235 0.575865 -0.515873 97.5322 0 0 0 1 
Seq_Frame0001_DriverToReference-SequenceTransformStatus = OK
Seq_Frame0001_Timestamp = 0.111
Seq_Frame0002_DriverToReference-SequenceTransform =-0.711012 -0.695964 0.100481 22.4998 -0.304501 0.433535 0.848131 61.8932 -0.633831 0.572434 -0.52017 97.1236 0 0 0 1 
Seq_Frame0002_DriverToReference-SequenceTransformStatus = OK
Seq_Frame0002_Timestamp = 0.212
Seq_Frame0003_DriverToReference-SequenceTransform =-0.631867 -0.770079 0.0878775 22.7145 -0.388976 0.413128 0.823421 61.8743 -0.670404 0.486111 -0.560585 90.6524 0 0 0 1 
Seq_Frame0003_DriverToReference-SequenceTransformStatus = OK
Seq_Frame0003_Timestamp = 0.318
Seq_Frame0004_DriverToReference-SequenceTransform =-0.747866 -0.661898 0.0508742 27.5582 -0.547796 0.658598 0.515915 69.4513 -0.374989 0.357966 -0.855128 65.9065 0 0 0 1 
Seq_Frame0004_DriverToReference-SequenceTransformStatus = OK
Seq_Frame0004_Timestamp = 0.426
Seq_Frame0005_DriverToReference-SequenceTransform =-0.803486 -0.59532 0.00226427 34.8601 -0.591203 0.798364 0.114431 85.4976 -0.0699309 0.0906052 -0.993429 40.3155 0 0 0 1 
Seq_Frame0005_DriverToReference-SequenceTransformStatus = OK
Seq_Frame0005_Timestamp = 0.536
Seq_Frame0006_DriverToReference-SequenceTransform =-0.708215 -0.681236 -0.185335 31.1661 -0.698709 0.713945 0.0457069 125.736 0.101182 0.161865 -0.981612 8.94046 0 0 0 1 
Seq_Frame0006_DriverToReference-SequenceTransformStatus = OK
Seq_Frame0006_Timestamp = 0.641
Seq_Frame0007_DriverToReference-SequenceTransform =-0.558575 -0.766724 -0.316432 15.5546 -0.784446 0.612272 -0.0988263 163.139 0.269515 0.193022 -0.943453 2.83583 0 0 0 1 
Seq_Frame0007_DriverToReference-SequenceTransformStatus = OK
Seq_Frame0007_Timestamp = 0.746
Seq_Frame0008_DriverToReference-SequenceTransform =-0.411471 -0.903083 -0.123015 0.232265 -0.801484 0.42279 -0.422933 195.206 0.433953 -0.0754298 -0.897772 17.7867 0 0 0 1 
Seq_Frame0008_DriverToReference-SequenceTransformStatus = OK
Seq_Frame0008_Timestamp = 0.846
Seq_Frame0009_DriverToReference-SequenceTransform =-0.404181 -0.906861 -0.119338 -22.0944 -0.796548 0.413104 -0.441426 221.184 0.449611 -0.0833573 -0.889327 27.6498 0 0 0 1 
Seq_Frame0009_DriverToReference-SequenceTransformStatus = OK
Seq_Frame0009_Timestamp = 0.95
Seq_Frame0010_DriverToReference-SequenceTransform =-0.305741 -0.942721 -0.133414 -40.078 -0.76904 0.327129 -0.549149 239.346 0.561338 -0.0652969 -0.825007 25.866 0 0 0 1 
Seq_Frame0010_DriverToReference-SequenceTransformStatus = OK
Seq_Frame0010_Timestamp = 1.051
Seq_Frame0011_DriverToReference-SequenceTransform =-0.209232 -0.97387 -0.0883127 -54.8705 -0.716118 0.214098 -0.664333 254.701 0.665881 -0.0757571 -0.742202 26.1469 0 0 0 1 
Seq_Frame0011_DriverToReference-SequenceTransformStatus = OK
Seq_Frame0011_Timestamp = 1.156
Seq_Frame0012_DriverToReference-SequenceTransform =-0.18756 -0.979382 -0.0750533 -63.157 -0.715262 0.188548 -0.672941 260.387 0.673217 -0.0725337 -0.735879 27.6209 0 0 0 1 
Seq_Frame0012_DriverToReference-SequenceTransformStatus = OK
Seq_Frame0012_Timestamp = 1.26
Seq_Frame0013_DriverToReference-SequenceTransform =-0.187572 -0.980192 -0.0635706 -69.6045 -0.727711 0.182143 -0.661257 264.102 0.659737 -0.0777722 -0.747461 30.4939 0 0 0 1 
Seq_Frame0013_DriverToReference-SequenceTransformStatus = OK
Seq_Frame0013_Timestamp = 1.366
Seq_Frame0014_DriverToReference-SequenceTransform =-0.189037 -0.975279 -0.114438 -72.5642 -0.706804 0.21604 -0.673614 264.681 0.681684 -0.0464526 -0.73017 33.3922 0 0 0 1 
Seq_Frame0014_DriverToReference-SequenceTransformStatus = OK
Seq_Frame0014_Timestamp = 1.475
Seq_Frame0015_DriverToReference-SequenceTransform =-0.172886 -0.976494 -0.128726 -76.1422 -0.725901 0.214659 -0.653444 266.956 0.665716 -0.0195289 -0.74595 34.5916 0 0 0 1 
Seq_Frame0015_DriverToReference-SequenceTransformStatus = OK
Seq_Frame0015_Timestamp = 1.577
Seq_Frame0016_DriverToReference-SequenceTransform =-0.130915 -0.961343 -0.242243 -78.6089 -0.733692 0.25828 -0.62848 265.887 0.666751 0.095454 -0.739142 36.4156 0 0 0 1 
Seq_Frame0016_DriverToReference-SequenceTransformStatus = OK
Seq_Frame0016_Timestamp = 1.678
Seq_Frame0017_DriverToReference-SequenceTransform =-0.140096 -0.946943 -0.289261 -78.9605 -0.756223 0.29091 -0.586087 263.848 0.63914 0.136638 -0.756856 41.6987 0 0 0 1 
Seq_Frame0017_DriverToReference-SequenceTransformStatus = OK
Seq_Frame0017_Timestamp = 1.781
Seq_Frame0018_DriverToReference-SequenceTransform =-0.0857165 -0.971114 -0.222687 -77.2826 -0.787695 0.202914 -0.581689 267.598 0.610073 0.125549 -0.782335 46.9739 0 0 0 1 
Seq_Frame0018_DriverToReference-SequenceTransformStatus = OK
Seq_Frame0018_Timestamp = 1.885
Seq_Frame0019_DriverToReference-SequenceTransform =-0.0319402 -0.983406 -0.178585 -75.1419 -0.833709 0.124765 -0.537925 270.033 0.551279 0.131707 -0.823859 48.5899 0 0 0 1 
Seq_Frame0019_DriverToReference-SequenceTransformStatus = OK
Seq_Frame0019_Timestamp = 1.991
Seq_Frame0020_DriverToReference-SequenceTransform =0.0867931 -0.980592 -0.175802 -72.795 -0.854108 0.017592 -0.519798 275.627 0.512802 0.195269 -0.836005 58.7789 0 0 0 1 
Seq_Frame0020_DriverToReference-SequenceTransformStatus = OK
Seq_Frame0020_Timestamp = 2.094
Seq_Frame0021_DriverToReference-SequenceTransform =0.123438 -0.962725 -0.240672 -68.4798 -0.922292 -0.0217876 -0.385879 281.803 0.366252 0.269602 -0.890603 75.4613 0 0 0 1 
Seq_Frame0021_DriverToReference-SequenceTransformStatus = OK
Seq_Frame0021_Timestamp = 2.196
Seq_Frame0022_DriverToReference-SequenceTransform =0.135392 -0.908263 -0.395889 -67.5896 -0.981469 -0.0682622 -0.179049 288.864 0.135599 0.412794 -0.900674 98.0763 0 0 0 1 
Seq_Frame0022_DriverToReference-SequenceTransformStatus = OK
Seq_Frame0022_Timestamp = 2.301
Seq_Frame0023_DriverToReference-SequenceTransform =0.149264 -0.910245 -0.38623 -67.8236 -0.985374 -0.104455 -0.134638 292.357 0.0822097 0.400678 -0.912523 109.935 0 0 0 1 
Seq_Frame0023_DriverToReference-SequenceTransformStatus = OK
Seq_Frame0023_Timestamp = 2.402
Seq_Frame0024_DriverToReference-SequenceTransform =0.120208 -0.943243 -0.309586 -64.3655 -0.990396 -0.0924867 -0.102769 290.158 0.068304 0.318966 -0.945302 122.297 0 0 0 1 
Seq_Frame0024_DriverToReference-SequenceTransformStatus = OK
Seq_Frame0024_Timestamp = 2.511
Seq_Frame0025_DriverToReference-SequenceTransform =0.200835 -0.934825 -0.292861 -64.0456 -0.978055 -0.174423 -0.113955 294.513 0.0554458 0.30932 -0.94934 129.471 0 0 0 1 
Seq_Frame0025_DriverToReference-SequenceTransformStatus = OK
Seq_Frame0025_Timestamp = 2.621
Seq_Frame0026_DriverToReference-SequenceTransform =0.0932764 -0.911034 -0.401642 -61.0771 -0.995535 -0.0912138 -0.0243027 298.713 -0.0144947 0.402116 -0.915474 134.297 0 0 0 1 
Seq_Frame0026_DriverToReference-SequenceTransformStatus = OK
Seq_Frame0026_Timestamp = 2.731
Seq_Frame0027_DriverToReference-SequenceTransform =-0.0495744 -0.895372 -0.44255 -49.3501 -0.998096 0.0281339 0.0548858 298.903 -0.0366925 0.444429 -0.895062 142.743 0 0 0 1 
Seq_Frame0027_DriverToReference-SequenceTransformStatus = OK
Seq_Frame0027_Timestamp = 2.837
Seq_Frame0028_DriverToReference-SequenceTransform =-0.159037 -0.824516 -0.54303 -39.3134 -0.98726 0.129984 0.0917758 295.725 -0.00508561 0.550707 -0.834683 156.162 0 0 0 1 
Seq_Frame0028_DriverToReference-SequenceTransformStatus = OK
Seq_Frame0028_Timestamp = 2.941
Seq_Frame0029_DriverToReference-SequenceTransform =-0.294231 -0.758781 -0.581102 -26.1136 -0.946022 0.144762 0.289978 298.699 -0.135908 0.635055 -0.760417 173.213 0 0 0 1 
Seq_Frame0029_DriverToReference-SequenceTransformStatus = OK
Seq_Frame0029_Timestamp = 3.042
Seq_Frame0030_DriverToReference-SequenceTransform =-0.376092 -0.755406 -0.536579 -18.3508 -0.905509 0.176837 0.385724 297.917 -0.196491 0.630944 -0.750534 188.773 0 0 0 1 
Seq_Frame0030_DriverToReference-SequenceTransformStatus = OK
Seq_Frame0030_Timestamp = 3.146
Seq_Frame0031_DriverToReference-SequenceTransform =-0.517656 -0.659923 -0.544549 -13.8566 -0.847561 0.308542 0.431791 297.446 -0.116933 0.685057 -0.719044 196.442 0 0 0 1 
Seq_Frame0031_DriverToReference-SequenceTransformStatus = OK
Seq_Frame0031_Timestamp = 3.253
Seq_Frame0032_DriverToReference-SequenceTransform =-0.631558 -0.576388 -0.518566 -12.0998 -0.769197 0.381845 0.512377 298.418 -0.097316 0.722476 -0.684513 193.124 0 0 0 1 
Seq_Frame0032_DriverToReference-SequenceTransformStatus = OK
Seq_Frame0032_Timestamp = 3.361
Seq_Frame0033_DriverToReference-SequenceTransform =-0.619377 -0.425187 -0.659991 -19.0811 -0.76972 0.494416 0.403836 295.304 0.154604 0.758135 -0.633505 183.36 0 0 0 1 
Seq_Frame0033_DriverToReference-SequenceTransformStatus = OK
Seq_Frame0033_Timestamp = 3.476
Seq_Frame0034_DriverToReference-SequenceTransform =-0.330307 -0.411494 -0.849453 -34.6265 -0.87885 0.462334 0.117773 265.969 0.344268 0.785443 -0.514354 173.507 0 0 0 1 
Seq_Frame0034_DriverToReference-SequenceTransformStatus = OK
Seq_Frame0034_Timestamp = 3.576
Seq_Frame0035_DriverToReference-SequenceTransform =0.256608 -0.385434 -0.886337 -54.4336 -0.767351 0.47632 -0.429292 230.766 0.587644 0.790291 -0.173536 182.238 0 0 0 1 
Seq_Frame0035_DriverToReference-SequenceTransformStatus = OK
Seq_Frame0035_Timestamp = 3.677
Seq_Frame0036_DriverToReference-SequenceTransform =0.256608 -0.385434 -0.886337 -54.4336 -0.767351 0.47632 -0.429292 230.766 0.587644 0.790291 -0.173536 182.238 0 0 0 1 
Seq_Frame0036_DriverToReference-SequenceTransformStatus = OK
Seq_Frame0036_Timestamp = 3.786
Seq_Frame0037_DriverToReference-SequenceTransform =0.256608 -0.385434 -0.886337 -54.4336 -0.767351 0.47632 -0.429292 230.766 0.587644 0.790291 -0.173536 182.238 0 0 0 1 
Seq_Frame0037_DriverToReference-SequenceTransformStatus = OK
Seq_Frame0037_Timestamp = 3.891
Seq_Frame0038_DriverToReference-SequenceTransform =0.256608 -0.385434 -0.886337 -54.4336 -0.767351 0.47632 -0.429292 230.766 0.587644 0.790291 -0.173536 182.238 0 0 0 1 
Seq_Frame0038_DriverToReference-SequenceTransformStatus = OK
Seq_Frame0038_Timestamp = 3.996
Seq_Frame0039_DriverToReference-SequenceTransform =0.256608 -0.385434 -0.886337 -54.4336 -0.767351 0.47632 -0.429292 230.766 0.587644 0.790291 -0.173536 182.238 0 0 0 1 
Seq_Frame0039_DriverToReference-SequenceTransformStatus = OK
Seq_Frame0039_Timestamp = 4.101
Seq_Frame0040_DriverToReference-SequenceTransform =0.256608 -0.385434 -0.886337 -54.4336 -0.767351 0.47632 -0.429292 230.766 0.587644 0.790291 -0.173536 182.238 0 0 0 1 
Seq_Frame0040_DriverToReference-SequenceTransformStatus = OK
Seq_Frame0040_Timestamp = 4.201
Seq_Frame0041_DriverToReference-SequenceTransform =0.256608 -0.385434 -0.886337 -54.4336 -0.767351 0.47632 -0.429292 230.766 0.587644 0.790291 -0.173536 182.238 0 0 0 1 
Seq_Frame0041_DriverToReference-SequenceTransformStatus = OK
Seq_Frame0041_Timestamp = 4.302
Seq_Frame0042_DriverToReference-SequenceTransform =0.256608 -0.385434 -0.886337 -54.4336 -0.767351 0.47632 -0.429292 230.766 0.587644 0.790291 -0.173536 182.238 0 0 0 1 
Seq_Frame0042_DriverToReference-SequenceTransformStatus = OK
Seq_Frame0042_Timestamp = 4.409
Seq_Frame0043_DriverToReference-SequenceTransform =0.256608 -0.385434 -0.886337 -54.4336 -0.767351 0.47632 -0.429292 230.766 0.587644 0.790291 -0.173536 182.238 0 0 0 1 
Seq_Frame0043_DriverToReference-SequenceTransformStatus = OK
Seq_Frame0043_Timestamp = 4.51
Seq_Frame0044_DriverToReference-SequenceTransform =0.256608 -0.385434 -0.886337 -54.4336 -0.767351 0.47632 -0.429292 230.766 0.587644 0.790291 -0.173536 182.238 0 0 0 1 
Seq_Frame0044_DriverToReference-SequenceTransformStatus = OK
Seq_Frame0044_Timestamp = 4.612
Seq_Frame0045_DriverToReference-SequenceTransform =0.256608 -0.385434 -0.886337 -54.4336 -0.767351 0.47632 -0.429292 230.766 0.587644 0.790291 -0.173536 182.238 0 0 0 1 
Seq_Frame0045_DriverToReference-SequenceTransformStatus = OK
Seq_Frame0045_Timestamp = 4.72
Seq_Frame0046_DriverToReference-SequenceTransform =0.256608 -0.385434 -0.886337 -54.4336 -0.767351 0.47632 -0.429292 230.766 0.587644 0.790291 -0.173536 182.238 0 0 0 1 
Seq_Frame0046_DriverToReference-SequenceTransformStatus = OK
Seq_Frame0046_Timestamp = 4.826
Seq_Frame0047_DriverToReference-SequenceTransform =0.256608 -0.385434 -0.886337 -54.4336 -0.767351 0.47632 -0.429292 230.766 0.587644 0.790291 -0.173536 182.238 0 0 0 1 
Seq_Frame0047_DriverToReference-SequenceTransformStatus = OK
Seq_Frame0047_Timestamp = 4.934
Seq_Frame0048_DriverToReference-SequenceTransform =0.256608 -0.385434 -0.886337 -54.4336 -0.767351 0.47632 -0.429292 230.766 0.587644 0.790291 -0.173536 182.238 0 0 0 1 
Seq_Frame0048_DriverToReference-SequenceTransformStatus = OK
Seq_Frame0048_Timestamp = 5.036
Seq_Frame0049_DriverToReference-SequenceTransform =0.256608 -0.385434 -0.886337 -54.4336 -0.767351 0.47632 -0.429292 230.766 0.587644 0.790291 -0.173536 182.238 0 0 0 1 
Seq_Frame0049_DriverToReference-SequenceTransformStatus = OK
Seq_Frame0049_Timestamp = 5.161
Seq_Frame0050_DriverToReference-SequenceTransform =0.256608 -0.385434 -0.886337 -54.4336 -0.767351 0.47632 -0.429292 230.766 0.587644 0.790291 -0.173536 182.238 0 0 0 1 
Seq_Frame0050_DriverToReference-SequenceTransformStatus = OK
Seq_Frame0050_Timestamp = 5.271
Seq_Frame0051_DriverToReference-SequenceTransform =0.256608 -0.385434 -0.886337 -54.4336 -0.767351 0.47632 -0.429292 230.766 0.587644 0.790291 -0.173536 182.238 0 0 0 1 
Seq_Frame0051_DriverToReference-SequenceTransformStatus = OK
Seq_Frame0051_Timestamp = 5.436
Seq_Frame0052_DriverToReference-SequenceTransform =0.256608 -0.385434 -0.886337 -54.4336 -0.767351 0.47632 -0.429292 230.766 0.587644 0.790291 -0.173536 182.238 0 0 0 1 
Seq_Frame0052_DriverToReference-SequenceTransformStatus = OK
Seq_Frame0052_Timestamp = 5.631
Seq_Frame0053_DriverToReference-SequenceTransform =0.256608 -0.385434 -0.886337 -54.4336 -0.767351 0.47632 -0.429292 230.766 0.587644 0.790291 -0.173536 182.238 0 0 0 1 
Seq_Frame0053_DriverToReference-SequenceTransformStatus = OK
Seq_Frame0053_Timestamp = 5.836
Seq_Frame0054_DriverToReference-SequenceTransform =0.256608 -0.385434 -0.886337 -54.4336 -0.767351 0.47632 -0.429292 230.766 0.587644 0.790291 -0.173536 182.238 0 0 0 1 
Seq_Frame0054_DriverToReference-SequenceTransformStatus = OK
Seq_Frame0054_Timestamp = 6.086
Seq_Frame0055_DriverToReference-SequenceTransform =0.256608 -0.385434 -0.886337 -54.4336 -0.767351 0.47632 -0.429292 230.766 0.587644 0.790291 -0.173536 182.238 0 0 0 1 
Seq_Frame0055_DriverToReference-SequenceTransformStatus = OK
Seq_Frame0055_Timestamp = 6.19
Seq_Frame0056_DriverToReference-SequenceTransform =0.256608 -0.385434 -0.886337 -54.4336 -0.767351 0.47632 -0.429292 230.766 0.587644 0.790291 -0.173536 182.238 0 0 0 1 
Seq_Frame0056_DriverToReference-SequenceTransformStatus = OK
Seq_Frame0056_Timestamp = 6.536
Seq_Frame0057_DriverToReference-SequenceTransform =0.256608 -0.385434 -0.886337 -54.4336 -0.767351 0.47632 -0.429292 230.766 0.587644 0.790291 -0.173536 182.238 0 0 0 1 
Seq_Frame0057_DriverToReference-SequenceTransformStatus = OK
Seq_Frame0057_Timestamp = 6.636
Seq_Frame0058_DriverToReference-SequenceTransform =0.256608 -0.385434 -0.886337 -54.4336 -0.767351 0.47632 -0.429292 230.766 0.587644 0.790291 -0.173536 182.238 0 0 0 1 
Seq_Frame0058_DriverToReference-SequenceTransformStatus = OK
Seq_Frame0058_Timestamp = 6.741
Seq_Frame0059_DriverToReference-SequenceTransform =0.256608 -0.385434 -0.886337 -54.4336 -0.767351 0.47632 -0.429292 230.766 0.587644 0.790291 -0.173536 182.238 0 0 0 1 
Seq_Frame0059_DriverToReference-SequenceTransformStatus = OK
Seq_Frame0059_Timestamp = 6.846
Seq_Frame0060_DriverToReference-SequenceTransform =0.256608 -0.385434 -0.886337 -54.4336 -0.767351 0.47632 -0.429292 230.766 0.587644 0.790291 -0.173536 182.238 0 0 0 1 
Seq_Frame0060_DriverToReference-SequenceTransformStatus = OK
Seq_Frame0060_Timestamp = 7.141
Seq_Frame0061_DriverToReference-SequenceTransform =0.256608 -0.385434 -0.886337 -54.4336 -0.767351 0.47632 -0.429292 230.766 0.587644 0.790291 -0.173536 182.238 0 0 0 1 
Seq_Frame0061_DriverToReference-SequenceTransformStatus = OK
Seq_Frame0061_Timestamp = 7.366
Seq_Frame0062_DriverToReference-SequenceTransform =0.256608 -0.385434 -0.886337 -54.4336 -0.767351 0.47632 -0.429292 230.766 0.587644 0.790291 -0.173536 182.238 0 0 0 1 
Seq_Frame0062_DriverToReference-SequenceTransformStatus = OK
Seq_Frame0062_Timestamp = 7.476
Seq_Frame0063_DriverToReference-SequenceTransform =0.256608 -0.385434 -0.886337 -54.4336 -0.767351 0.47632 -0.429292 230.766 0.587644 0.790291 -0.173536 182.238 0 0 0 1 
Seq_Frame0063_DriverToReference-SequenceTransformStatus = OK
Seq_Frame0063_Timestamp = 7.584
Seq_Frame0064_DriverToReference-SequenceTransform =0.256608 -0.385434 -0.886337 -54.4336 -0.767351 0.47632 -0.429292 230.766 0.587644 0.790291 -0.173536 182.238 0 0 0 1 
Seq_Frame0064_DriverToReference-SequenceTransformStatus = OK
Seq_Frame0064_Timestamp = 7.69
Seq_Frame0065_DriverToReference-SequenceTransform =0.256608 -0.385434 -0.886337 -54.4336 -0.767351 0.47632 -0.429292 230.766 0.587644 0.790291 -0.173536 182.238 0 0 0 1 
Seq_Frame0065_DriverToReference-SequenceTransformStatus = OK
Seq_Frame0065_Timestamp = 7.796
Seq_Frame0066_DriverToReference-SequenceTransform =0.256608 -0.385434 -0.886337 -54.4336 -0.767351 0.47632 -0.429292 230.766 0.587644 0.790291 -0.173536 182.238 0 0 0 1 
Seq_Frame0066_DriverToReference-SequenceTransformStatus = OK
Seq_Frame0066_Timestamp = 7.905
Seq_Frame0067_DriverToReference-SequenceTransform =0.256608 -0.385434 -0.886337 -54.4336 -0.767351 0.47632 -0.429292 230.766 0.587644 0.790291 -0.173536 182.238 0 0 0 1 
Seq_Frame0067_DriverToReference-SequenceTransformStatus = OK
Seq_Frame0067_Timestamp = 8.012
Seq_Frame0068_DriverToReference-SequenceTransform =0.256608 -0.385434 -0.886337 -54.4336 -0.767351 0.47632 -0.429292 230.766 0.587644 0.790291 -0.173536 182.238 0 0 0 1 
Seq_Frame0068_DriverToReference-SequenceTransformStatus = OK
Seq_Frame0068_Timestamp = 8.122
Seq_Frame0069_DriverToReference-SequenceTransform =0.256608 -0.385434 -0.886337 -54.4336 -0.767351 0.47632 -0.429292 230.766 0.587644 0.790291 -0.173536 182.238 0 0 0 1 
Seq_Frame0069_DriverToReference-SequenceTransformStatus = OK
Seq_Frame0069_Timestamp = 8.243
Seq_Frame0070_DriverToReference-SequenceTransform =0.256608 -0.385434 -0.886337 -54.4336 -0.767351 0.47632 -0.429292 230.766 0.587644 0.790291 -0.173536 182.238 0 0 0 1 
Seq_Frame0070_DriverToReference-SequenceTransformStatus = OK
Seq_Frame0070_Timestamp = 8.509
Seq_Frame0071_DriverToReference-SequenceTransform =0.256608 -0.385434 -0.886337 -54.4336 -0.767351 0.47632 -0.429292 230.766 0.587644 0.790291 -0.173536 182.238 0 0 0 1 
Seq_Frame0071_DriverToReference-SequenceTransformStatus = OK
Seq_Frame0071_Timestamp = 8.616
Seq_Frame0072_DriverToReference-SequenceTransform =0.256608 -0.385434 -0.886337 -54.4336 -0.767351 0.47632 -0.429292 230.766 0.587644 0.790291 -0.173536 182.238 0 0 0 1 
Seq_Frame0072_DriverToReference-SequenceTransformStatus = OK
Seq_Frame0072_Timestamp = 8.723
Seq_Frame0073_DriverToReference-SequenceTransform =0.256608 -0.385434 -0.886337 -54.4336 -0.767351 0.47632 -0.429292 230.766 0.587644 0.790291 -0.173536 182.238 0 0 0 1 
Seq_Frame0073_DriverToReference-SequenceTransformStatus = OK
Seq_Frame0073_Timestamp = 8.826
Seq_Frame0074_DriverToReference-SequenceTransform =0.256608 -0.385434 -0.886337 -54.4336 -0.767351 0.47632 -0.429292 230.766 0.587644 0.790291 -0.173536 182.238 0 0 0 1 
Seq_Frame0074_DriverToReference-SequenceTransformStatus = OK
Seq_Frame0074_Timestamp = 8.936
Seq_Frame0075_DriverToReference-SequenceTransform =0.256608 -0.385434 -0.886337 -54.4336 -0.767351 0.47632 -0.429292 230.766 0.587644 0.790291 -0.173536 182.238 0 0 0 1 
Seq_Frame0075_DriverToReference-SequenceTransformStatus = OK
Seq_Frame0075_Timestamp = 9.045
Seq_Frame0076_DriverToReference-SequenceTransform =0.256608 -0.385434 -0.886337 -54.4336 -0.767351 0.47632 -0.429292 230.766 0.587644 0.790291 -0.173536 182.238 0 0 0 1 
Seq_Frame0076_DriverToReference-SequenceTransformStatus = OK
Seq_Frame0076_Timestamp = 9.15
Seq_Frame0077_DriverToReference-SequenceTransform =0.256608 -0.385434 -0.886337 -54.4336 -0.767351 0.47632 -0.429292 230.766 0.587644 0.790291 -0.173536 182.238 0 0 0 1 
Seq_Frame0077_DriverToReference-SequenceTransformStatus = OK
Seq_Frame0077_Timestamp = 9.259
Seq_Frame0078_DriverToReference-SequenceTransform =0.256608 -0.385434 -0.886337 -54.4336 -0.767351 0.47632 -0.429292 230.766 0.587644 0.790291 -0.173536 182.238 0 0 0 1 
Seq_Frame0078_DriverToReference-SequenceTransformStatus = OK
Seq_Frame0078_Timestamp = 9.37
Seq_Frame0079_DriverToReference-SequenceTransform =0.256608 -0.385434 -0.886337 -54.4336 -0.767351 0.47632 -0.429292 230.766 0.587644 0.790291 -0.173536 182.238 0 0 0 1 
Seq_Frame0079_DriverToReference-SequenceTransformStatus = OK
Seq_Frame0079_Timestamp = 9.473
Seq_Frame0080_DriverToReference-SequenceTransform =0.256608 -0.385434 -0.886337 -54.4336 -0.767351 0.47632 -0.429292 230.766 0.587644 0.790291 -0.173536 182.238 0 0 0 1 
Seq_Frame0080_DriverToReference-SequenceTransformStatus = OK
Seq_Frame0080_Timestamp = 9.582
Seq_Frame0081_DriverToReference-SequenceTransform =0.256608 -0.385434 -0.886337 -54.4336 -0.767351 0.47632 -0.429292 230.766 0.587644 0.790291 -0.173536 182.238 0 0 0 1 
Seq_Frame0081_DriverToReference-SequenceTransformStatus = OK
Seq_Frame0081_Timestamp = 9.687
Seq_Frame0082_DriverToReference-SequenceTransform =0.256608 -0.385434 -0.886337 -54.4336 -0.767351 0.47632 -0.429292 230.766 0.587644 0.790291 -0.173536 182.238 0 0 0 1 
Seq_Frame0082_DriverToReference-SequenceTransformStatus = OK
Seq_Frame0082_Timestamp = 9.792
Seq_Frame0083_DriverToReference-SequenceTransform =0.256608 -0.385434 -0.886337 -54.4336 -0.767351 0.47632 -0.429292 230.766 0.587644 0.790291 -0.173536 182.238 0 0 0 1 
Seq_Frame0083_DriverToReference-SequenceTransformStatus = OK
Seq_Frame0083_Timestamp = 9.933
Seq_Frame0084_DriverToReference-SequenceTransform =0.256608 -0.385434 -0.886337 -54.4336 -0.767351 0.47632 -0.429292 230.766 0.587644 0.790291 -0.173536 182.238 0 0 0 1 
Seq_Frame0084_DriverToReference-SequenceTransformStatus = OK
Seq_Frame0084_Timestamp = 10.038
Seq_Frame0085_DriverToReference-SequenceTransform =0.256608 -0.385434 -0.886337 -54.4336 -0.767351 0.47632 -0.429292 230.766 0.587644 0.790291 -0.173536 182.238 0 0 0 1 
Seq_Frame0085_DriverToReference-SequenceTransformStatus = OK
Seq_Frame0085_Timestamp = 10.152
Seq_Frame0086_DriverToReference-SequenceTransform =0.256608 -0.385434 -0.886337 -54.4336 -0.767351 0.47632 -0.429292 230.766 0.587644 0.790291 -0.173536 182.238 0 0 0 1 
Seq_Frame0086_DriverToReference-SequenceTransformStatus = OK
Seq_Frame0086_Timestamp = 10.255
Seq_Frame0087_DriverToReference-SequenceTransform =0.256608 -0.385434 -0.886337 -54.4336 -0.767351 0.47632 -0.429292 230.766 0.587644 0.790291 -0.173536 182.238 0 0 0 1 
Seq_Frame0087_DriverToReference-SequenceTransformStatus = OK
Seq_Frame0087_Timestamp = 10.362
Seq_Frame0088_DriverToReference-SequenceTransform =0.256608 -0.385434 -0.886337 -54.4336 -0.767351 0.47632 -0.429292 230.766 0.587644 0.790291 -0.173536 182.238 0 0 0 1 
Seq_Frame0088_DriverToReference-SequenceTransformStatus = OK
Seq_Frame0088_Timestamp = 10.471
Seq_Frame0089_DriverToReference-SequenceTransform =0.256608 -0.385434 -0.886337 -54.4336 -0.767351 0.47632 -0.429292 230.766 0.587644 0.790291 -0.173536 182.238 0 0 0 1 
Seq_Frame0089_DriverToReference-SequenceTransformStatus = OK
Seq_Frame0089_Timestamp = 10.577
Seq_Frame0090_DriverToReference-SequenceTransform =0.256608 -0.385434 -0.886337 -54.4336 -0.767351 0.47632 -0.429292 230.766 0.587644 0.790291 -0.173536 182.238 0 0 0 1 
Seq_Frame0090_DriverToReference-SequenceTransformStatus = OK
Seq_Frame0090_Timestamp = 10.685
Seq_Frame0091_DriverToReference-SequenceTransform =0.256608 -0.385434 -0.886337 -54.4336 -0.767351 0.47632 -0.429292 230.766 0.587644 0.790291 -0.173536 182.238 0 0 0 1 
Seq_Frame0091_DriverToReference-SequenceTransformStatus = OK
Seq_Frame0091_Timestamp = 10.793
Seq_Frame0092_DriverToReference-SequenceTransform =0.256608 -0.385434 -0.886337 -54.4336 -0.767351 0.47632 -0.429292 230.766 0.587644 0.790291 -0.173536 182.238 0 0 0 1 
Seq_Frame0092_DriverToReference-SequenceTransformStatus = OK
Seq_Frame0092_Timestamp = 10.898
Seq_Frame0093_DriverToReference-SequenceTransform =0.256608 -0.385434 -0.886337 -54.4336 -0.767351 0.47632 -0.429292 230.766 0.587644 0.790291 -0.173536 182.238 0 0 0 1 
Seq_Frame0093_DriverToReference-SequenceTransformStatus = OK
Seq_Frame0093_Timestamp = 11.006
Seq_Frame0094_DriverToReference-SequenceTransform =0.256608 -0.385434 -0.886337 -54.4336 -0.767351 0.47632 -0.429292 230.766 0.587644 0.790291 -0.173536 182.238 0 0 0 1 
Seq_Frame0094_DriverToReference-SequenceTransformStatus = OK
Seq_Frame0094_Timestamp = 11.116
Seq_Frame0095_DriverToReference-SequenceTransform =0.256608 -0.385434 -0.886337 -54.4336 -0.767351 0.47632 -0.429292 230.766 0.587644 0.790291 -0.173536 182.238 0 0 0 1 
Seq_Frame0095_DriverToReference-SequenceTransformStatus = OK
Seq_Frame0095_Timestamp = 11.223
Seq_Frame0096_DriverToReference-SequenceTransform =0.256608 -0.385434 -0.886337 -54.4336 -0.767351 0.47632 -0.429292 230.766 0.587644 0.790291 -0.173536 182.238 0 0 0 1 
Seq_Frame0096_DriverToReference-SequenceTransformStatus = OK
Seq_Frame0096_Timestamp = 11.338
Seq_Frame0097_DriverToReference-SequenceTransform =0.256608 -0.385434 -0.886337 -54.4336 -0.767351 0.47632 -0.429292 230.766 0.587644 0.790291 -0.173536 182.238 0 0 0 1 
Seq_Frame0097_DriverToReference-SequenceTransformStatus = OK
Seq_Frame0097_Timestamp = 11.44
Seq_Frame0098_DriverToReference-SequenceTransform =0.256608 -0.385434 -0.886337 -54.4336 -0.767351 0.47632 -0.429292 230.766 0.587644 0.790291 -0.173536 182.238 0 0 0 1 
Seq_Frame0098_DriverToReference-SequenceTransformStatus = OK
Seq_Frame0098_Timestamp = 11.551
Seq_Frame0099_DriverToReference-SequenceTransform =0.256608 -0.385434 -0.886337 -54.4336 -0.767351 0.47632 -0.429292 230.766 0.587644 0.790291 -0.173536 182.238 0 0 0 1 
Seq_Frame0099_DriverToReference-SequenceTransformStatus = OK
Seq_Frame0099_Timestamp = 11.655
Seq_Frame0100_DriverToReference-SequenceTransform =0.256608 -0.385434 -0.886337 -54.4336 -0.767351 0.47632 -0.429292 230.766 0.587644 0.790291 -0.173536 182.238 0 0 0 1 
Seq_Frame0100_DriverToReference-SequenceTransformStatus = OK
Seq_Frame0100_Timestamp = 11.763
Seq_Frame0101_DriverToReference-SequenceTransform =0.256608 -0.385434 -0.886337 -54.4336 -0.767351 0.47632 -0.429292 230.766 0.587644 0.790291 -0.173536 182.238 0 0 0 1 
Seq_Frame0101_DriverToReference-SequenceTransformStatus = OK
Seq_Frame0101_Timestamp = 11.869
Seq_Frame0102_DriverToReference-SequenceTransform =0.256608 -0.385434 -0.886337 -54.4336 -0.767351 0.47632 -0.429292 230.766 0.587644 0.790291 -0.173536 182.238 0 0 0 1 
Seq_Frame0102_DriverToReference-SequenceTransformStatus = OK
Seq_Frame0102_Timestamp = 11.976
Seq_Frame0103_DriverToReference-SequenceTransform =0.256608 -0.385434 -0.886337 -54.4336 -0.767351 0.47632 -0.429292 230.766 0.587644 0.790291 -0.173536 182.238 0 0 0 1 
Seq_Frame0103_DriverToReference-SequenceTransformStatus = OK
Seq_Frame0103_Timestamp = 12.085
Seq_Frame0104_DriverToReference-SequenceTransform =0.256608 -0.385434 -0.886337 -54.4336 -0.767351 0.47632 -0.429292 230.766 0.587644 0.790291 -0.173536 182.238 0 0 0 1 
Seq_Frame0104_DriverToReference-SequenceTransformStatus = OK
Seq_Frame0104_Timestamp = 12.195
Seq_Frame0105_DriverToReference-SequenceTransform =0.256608 -0.385434 -0.886337 -54.4336 -0.767351 0.47632 -0.429292 230.766 0.587644 0.790291 -0.173536 182.238 0 0 0 1 
Seq_Frame0105_DriverToReference-SequenceTransformStatus = OK
Seq_Frame0105_Timestamp = 12.315
Seq_Frame0106_DriverToReference-SequenceTransform =0.256608 -0.385434 -0.886337 -54.4336 -0.767351 0.47632 -0.429292 230.766 0.587644 0.790291 -0.173536 182.238 0 0 0 1 
Seq_Frame0106_DriverToReference-SequenceTransformStatus = OK
Seq_Frame0106_Timestamp = 12.452
Seq_Frame0107_DriverToReference-SequenceTransform =0.256608 -0.385434 -0.886337 -54.4336 -0.767351 0.47632 -0.429292 230.766 0.587644 0.790291 -0.173536 182.238 0 0 0 1 
Seq_Frame0107_DriverToReference-SequenceTransformStatus = OK
Seq_Frame0107_Timestamp = 12.577
Seq_Frame0108_DriverToReference-SequenceTransform =0.256608 -0.385434 -0.886337 -54.4336 -0.767351 0.47632 -0.429292 230.766 0.587644 0.790291 -0.173536 182.238 0 0 0 1 
Seq_Frame0108_DriverToReference-SequenceTransformStatus = OK
Seq_Frame0108_Timestamp = 12.685
Seq_Frame0109_DriverToReference-SequenceTransform =0.256608 -0.385434 -0.886337 -54.4336 -0.767351 0.47632 -0.429292 230.766 0.587644 0.790291 -0.173536 182.238 0 0 0 1 
Seq_Frame0109_DriverToReference-SequenceTransformStatus = OK
Seq_Frame0109_Timestamp = 12.795
Seq_Frame0110_DriverToReference-SequenceTransform =0.256608 -0.385434 -0.886337 -54.4336 -0.767351 0.47632 -0.429292 230.766 0.587644 0.790291 -0.173536 182.238 0 0 0 1 
Seq_Frame0110_DriverToReference-SequenceTransformStatus = OK
Seq_Frame0110_Timestamp = 12.92
Seq_Frame0111_DriverToReference-SequenceTransform =0.256608 -0.385434 -0.886337 -54.4336 -0.767351 0.47632 -0.429292 230.766 0.587644 0.790291 -0.173536 182.238 0 0 0 1 
Seq_Frame0111_DriverToReference-SequenceTransformStatus = OK
Seq_Frame0111_Timestamp = 13.025
Seq_Frame0112_DriverToReference-SequenceTransform =0.256608 -0.385434 -0.886337 -54.4336 -0.767351 0.47632 -0.429292 230.766 0.587644 0.790291 -0.173536 182.238 0 0 0 1 
Seq_Frame0112_DriverToReference-SequenceTransformStatus = OK
Seq_Frame0112_Timestamp = 13.137
Seq_Frame0113_DriverToReference-SequenceTransform =0.256608 -0.385434 -0.886337 -54.4336 -0.767351 0.47632 -0.429292 230.766 0.587644 0.790291 -0.173536 182.238 0 0 0 1 
Seq_Frame0113_DriverToReference-SequenceTransformStatus = OK
Seq_Frame0113_Timestamp = 13.24
Seq_Frame0114_DriverToReference-SequenceTransform =0.256608 -0.385434 -0.886337 -54.4336 -0.767351 0.47632 -0.429292 230.766 0.587644 0.790291 -0.173536 182.238 0 0 0 1 
Seq_Frame0114_DriverToReference-SequenceTransformStatus = OK
Seq_Frame0114_Timestamp = 13.349
Seq_Frame0115_DriverToReference-SequenceTransform =0.256608 -0.385434 -0.886337 -54.4336 -0.767351 0.47632 -0.429292 230.766 0.587644 0.790291 -0.173536 182.238 0 0 0 1 
Seq_Frame0115_DriverToReference-SequenceTransformStatus = OK
Seq_Frame0115_Timestamp = 13.457
Seq_Frame0116_DriverToReference-SequenceTransform =0.256608 -0.385434 -0.886337 -54.4336 -0.767351 0.47632 -0.429292 230.766 0.587644 0.790291 -0.173536 182.238 0 0 0 1 
Seq_Frame0116_DriverToReference-SequenceTransformStatus = OK
Seq_Frame0116_Timestamp = 13.561
Seq_Frame0117_DriverToReference-SequenceTransform =0.256608 -0.385434 -0.886337 -54.4336 -0.767351 0.47632 -0.429292 230.766 0.587644 0.790291 -0.173536 182.238 0 0 0 1 
Seq_Frame0117_DriverToReference-SequenceTransformStatus = OK
Seq_Frame0117_Timestamp = 13.672
Seq_Frame0118_DriverToReference-SequenceTransform =0.256608 -0.385434 -0.886337 -54.4336 -0.767351 0.47632 -0.429292 230.766 0.587644 0.790291 -0.173536 182.238 0 0 0 1 
Seq_Frame0118_DriverToReference-SequenceTransformStatus = OK
Seq_Frame0118_Timestamp = 13.778
Seq_Frame0119_DriverToReference-SequenceTransform =0.256608 -0.385434 -0.886337 -54.4336 -0.767351 0.47632 -0.429292 230.766 0.587644 0.790291 -0.173536 182.238 0 0 0 1 
Seq_Frame0119_DriverToReference-SequenceTransformStatus = OK
Seq_Frame0119_Timestamp = 13.886
Seq_Frame0120_DriverToReference-SequenceTransform =0.256608 -0.385434 -0.886337 -54.4336 -0.767351 0.47632 -0.429292 230.766 0.587644 0.790291 -0.173536 182.238 0 0 0 1 
Seq_Frame0120_DriverToReference-SequenceTransformStatus = OK
Seq_Frame0120_Timestamp = 13.993
Seq_Frame0121_DriverToReference-SequenceTransform =0.256608 -0.385434 -0.886337 -54.4336 -0.767351 0.47632 -0.429292 230.766 0.587644 0.790291 -0.173536 182.238 0 0 0 1 
Seq_Frame0121_DriverToReference-SequenceTransformStatus = OK
Seq_Frame0121_Timestamp = 14.1
Seq_Frame0122_DriverToReference-SequenceTransform =0.256608 -0.385434 -0.886337 -54.4336 -0.767351 0.47632 -0.429292 230.766 0.587644 0.790291 -0.173536 182.238 0 0 0 1 
Seq_Frame0122_DriverToReference-SequenceTransformStatus = OK
Seq_Frame0122_Timestamp = 14.206
Seq_Frame0123_DriverToReference-SequenceTransform =0.256608 -0.385434 -0.886337 -54.4336 -0.767351 0.47632 -0.429292 230.766 0.587644 0.790291 -0.173536 182.238 0 0 0 1 
Seq_Frame0123_DriverToReference-SequenceTransformStatus = OK
Seq_Frame0123_Timestamp = 14.315
Seq_Frame0124_DriverToReference-SequenceTransform =0.256608 -0.385434 -0.886337 -54.4336 -0.767351 0.47632 -0.429292 230.766 0.587644 0.790291 -0.173536 182.238 0 0 0 1 
Seq_Frame0124_DriverToReference-SequenceTransformStatus = OK
Seq_Frame0124_Timestamp = 14.422
Seq_Frame0125_DriverToReference-SequenceTransform =0.256608 -0.385434 -0.886337 -54.4336 -0.767351 0.47632 -0.429292 230.766 0.587644 0.790291 -0.173536 182.238 0 0 0 1 
Seq_Frame0125_DriverToReference-SequenceTransformStatus = OK
Seq_Frame0125_Timestamp = 14.527
Seq_Frame0126_DriverToReference-SequenceTransform =0.256608 -0.385434 -0.886337 -54.4336 -0.767351 0.47632 -0.429292 230.766 0.587644 0.790291 -0.173536 182.238 0 0 0 1 
Seq_Frame0126_DriverToReference-SequenceTransformStatus = OK
Seq_Frame0126_Timestamp = 14.637
Seq_Frame0127_DriverToReference-SequenceTransform =0.256608 -0.385434 -0.886337 -54.4336 -0.767351 0.47632 -0.429292 230.766 0.587644 0.790291 -0.173536 182.238 0 0 0 1 
Seq_Frame0127_DriverToReference-SequenceTransformStatus = OK
Seq_Frame0127_Timestamp = 14.742
Seq_Frame0128_DriverToReference-SequenceTransform =0.256608 -0.385434 -0.886337 -54.4336 -0.767351 0.47632 -0.429292 230.766 0.587644 0.790291 -0.173536 182.238 0 0 0 1 
Seq_Frame0128_DriverToReference-SequenceTransformStatus = OK
Seq_Frame0128_Timestamp = 14.855
Seq_Frame0129_DriverToReference-SequenceTransform =0.256608 -0.385434 -0.886337 -54.4336 -0.767351 0.47632 -0.429292 230.766 0.587644 0.790291 -0.173536 182.238 0 0 0 1 
Seq_Frame0129_DriverToReference-SequenceTransformStatus = OK
Seq_Frame0129_Timestamp = 14.958
Seq_Frame0130_DriverToReference-SequenceTransform =0.256608 -0.385434 -0.886337 -54.4336 -0.767351 0.47632 -0.429292 230.766 0.587644 0.790291 -0.173536 182.238 0 0 0 1 
Seq_Frame0130_DriverToReference-SequenceTransformStatus = OK
Seq_Frame0130_Timestamp = 15.065
Seq_Frame0131_DriverToReference-SequenceTransform =0.256608 -0.385434 -0.886337 -54.4336 -0.767351 0.47632 -0.429292 230.766 0.587644 0.790291 -0.173536 182.238 0 0 0 1 
Seq_Frame0131_DriverToReference-SequenceTransformStatus = OK
Seq_Frame0131_Timestamp = 15.175
Seq_Frame0132_DriverToReference-SequenceTransform =0.256608 -0.385434 -0.886337 -54.4336 -0.767351 0.47632 -0.429292 230.766 0.587644 0.790291 -0.173536 182.238 0 0 0 1 
Seq_Frame0132_DriverToReference-SequenceTransformStatus = OK
Seq_Frame0132_Timestamp = 15.279
Seq_Frame0133_DriverToReference-SequenceTransform =0.256608 -0.385434 -0.886337 -54.4336 -0.767351 0.47632 -0.429292 230.766 0.587644 0.790291 -0.173536 182.238 0 0 0 1 
Seq_Frame0133_DriverToReference-SequenceTransformStatus = OK
Seq_Frame0133_Timestamp = 15.386
Seq_Frame0134_DriverToReference-SequenceTransform =0.256608 -0.385434 -0.886337 -54.4336 -0.767351 0.47632 -0.429292 230.766 0.587644 0.790291 -0.173536 182.238 0 0 0 1 
Seq_Frame0134_DriverToReference-SequenceTransformStatus = OK
Seq_Frame0134_Timestamp = 15.494
Seq_Frame0135_DriverToReference-SequenceTransform =0.256608 -0.385434 -0.886337 -54.4336 -0.767351 0.47632 -0.429292 230.766 0.587644 0.790291 -0.173536 182.238 0 0 0 1 
Seq_Frame0135_DriverToReference-SequenceTransformStatus = OK
Seq_Frame0135_Timestamp = 15.605
Seq_Frame0136_DriverToReference-SequenceTransform =0.256608 -0.385434 -0.886337 -54.4336 -0.767351 0.47632 -0.429292 230.766 0.587644 0.790291 -0.173536 182.238 0 0 0 1 
Seq_Frame0136_DriverToReference-SequenceTransformStatus = OK
Seq_Frame0136_Timestamp = 15.711
Seq_Frame0137_DriverToReference-SequenceTransform =0.256608 -0.385434 -0.886337 -54.4336 -0.767351 0.47632 -0.429292 230.766 0.587644 0.790291 -0.173536 182.238 0 0 0 1 
Seq_Frame0137_DriverToReference-SequenceTransformStatus = OK
Seq_Frame0137_Timestamp = 15.821
Seq_Frame0138_DriverToReference-SequenceTransform =0.256608 -0.385434 -0.886337 -54.4336 -0.767351 0.47632 -0.429292 230.766 0.587644 0.790291 -0.173536 182.238 0 0 0 1 
Seq_Frame0138_DriverToReference-SequenceTransformStatus = OK
Seq_Frame0138_Timestamp = 15.926
Seq_Frame0139_DriverToReference-SequenceTransform =0.256608 -0.385434 -0.886337 -54.4336 -0.767351 0.47632 -0.429292 230.766 0.587644 0.790291 -0.173536 182.238 0 0 0 1 
Seq_Frame0139_DriverToReference-SequenceTransformStatus = OK
Seq_Frame0139_Timestamp = 16.034
Seq_Frame0140_DriverToReference-SequenceTransform =0.256608 -0.385434 -0.886337 -54.4336 -0.767351 0.47632 -0.429292 230.766 0.587644 0.790291 -0.173536 182.238 0 0 0 1 
Seq_Frame0140_DriverToReference-SequenceTransformStatus = OK
Seq_Frame0140_Timestamp = 16.141
Seq_Frame0141_DriverToReference-SequenceTransform =0.256608 -0.385434 -0.886337 -54.4336 -0.767351 0.47632 -0.429292 230.766 0.587644 0.790291 -0.173536 182.238 0 0 0 1 
Seq_Frame0141_DriverToReference-SequenceTransformStatus = OK
Seq_Frame0141_Timestamp = 16.247
Seq_Frame0142_DriverToReference-SequenceTransform =0.256608 -0.385434 -0.886337 -54.4336 -0.767351 0.47632 -0.429292 230.766 0.587644 0.790291 -0.173536 182.238 0 0 0 1 
Seq_Frame0142_DriverToReference-SequenceTransformStatus = OK
Seq_Frame0142_Timestamp = 16.355
Seq_Frame0143_DriverToReference-SequenceTransform =0.256608 -0.385434 -0.886337 -54.4336 -0.767351 0.47632 -0.429292 230.766 0.587644 0.790291 -0.173536 182.238 0 0 0 1 
Seq_Frame0143_DriverToReference-SequenceTransformStatus = OK
Seq_Frame0143_Timestamp = 16.462
Seq_Frame0144_DriverToReference-SequenceTransform =0.256608 -0.385434 -0.886337 -54.4336 -0.767351 0.47632 -0.429292 230.766 0.587644 0.790291 -0.173536 182.238 0 0 0 1 
Seq_Frame0144_DriverToReference-SequenceTransformStatus = OK
Seq_Frame0144_Timestamp = 16.571
Seq_Frame0145_DriverToReference-SequenceTransform =0.256608 -0.385434 -0.886337 -54.4336 -0.767351 0.47632 -0.429292 230.766 0.587644 0.790291 -0.173536 182.238 0 0 0 1 
Seq_Frame0145_DriverToReference-SequenceTransformStatus = OK
Seq_Frame0145_Timestamp = 16.679
Seq_Frame0146_DriverToReference-SequenceTransform =0.256608 -0.385434 -0.886337 -54.4336 -0.767351 0.47632 -0.429292 230.766 0.587644 0.790291 -0.173536 182.238 0 0 0 1 
Seq_Frame0146_DriverToReference-SequenceTransformStatus = OK
Seq_Frame0146_Timestamp = 16.789
Seq_Frame0147_DriverToReference-SequenceTransform =0.256608 -0.385434 -0.886337 -54.4336 -0.767351 0.47632 -0.429292 230.766 0.587644 0.790291 -0.173536 182.238 0 0 0 1 
Seq_Frame0147_DriverToReference-SequenceTransformStatus = OK
Seq_Frame0147_Timestamp = 16.894
Seq_Frame0148_DriverToReference-SequenceTransform =0.256608 -0.385434 -0.886337 -54.4336 -0.767351 0.47632 -0.429292 230.766 0.587644 0.790291 -0.173536 182.238 0 0 0 1 
Seq_Frame0148_DriverToReference-SequenceTransformStatus = OK
Seq_Frame0148_Timestamp = 17.004
Seq_Frame0149_DriverToReference-SequenceTransform =0.256608 -0.385434 -0.886337 -54.4336 -0.767351 0.47632 -0.429292 230.766 0.587644 0.790291 -0.173536 182.238 0 0 0 1 
Seq_Frame0149_DriverToReference-SequenceTransformStatus = OK
Seq_Frame0149_Timestamp = 17.109
Seq_Frame0150_DriverToReference-SequenceTransform =0.256608 -0.385434 -0.886337 -54.4336 -0.767351 0.47632 -0.429292 230.766 0.587644 0.790291 -0.173536 182.238 0 0 0 1 
