ObjectType = Image
NDims = 3
AnatomicalOrientation = RAI
BinaryData = True
CompressedData = False
DimSize = 0 0 4662
ElementSpacing = 1 1 1
Offset = 0 0 0
TransformMatrix = 1 0 0 0 1 0 0 0 1
ElementType = MET_UCHAR
Kinds = domain domain list
Seq_Frame0000_ForcepToReference-SequenceTransform =0.579327 0.669969 -0.464243 125.183 0.808462 -0.54482 0.222624 13.6607 -0.103778 -0.504295 -0.857273 20.5073 0 0 0 1 
Seq_Frame0000_ForcepToReference-SequenceTransformStatus = OK
Seq_Frame0000_Timestamp = 0.00200009
Seq_Frame0001_ForcepToReference-SequenceTransform =0.578807 0.669464 -0.465619 125.188 0.80899 -0.543215 0.224616 13.5386 -0.102559 -0.50669 -0.856006 20.548 0 0 0 1 
Seq_Frame0001_ForcepToReference-SequenceTransformStatus = OK
Seq_Frame0001_Timestamp = 0.111
Seq_Frame0002_ForcepToReference-SequenceTransform =0.579048 0.669921 -0.464661 125.167 0.808809 -0.543755 0.223963 13.5628 -0.102624 -0.505507 -0.856698 20.5677 0 0 0 1 
Seq_Frame0002_ForcepToReference-SequenceTransformStatus = OK
Seq_Frame0002_Timestamp = 0.212
Seq_Frame0003_ForcepToReference-SequenceTransform =0.578763 0.669914 -0.465026 125.168 0.808936 -0.543801 0.22339 13.5928 -0.10323 -0.505466 -0.856649 20.6141 0 0 0 1 
Seq_Frame0003_ForcepToReference-SequenceTransformStatus = OK
Seq_Frame0003_Timestamp = 0.318
Seq_Frame0004_ForcepToReference-SequenceTransform =0.577532 0.669412 -0.467273 125.196 0.809786 -0.542287 0.223989 13.5996 -0.103455 -0.507752 -0.855269 20.5609 0 0 0 1 
Seq_Frame0004_ForcepToReference-SequenceTransformStatus = OK
Seq_Frame0004_Timestamp = 0.426
Seq_Frame0005_ForcepToReference-SequenceTransform =0.579108 0.670089 -0.464344 125.124 0.808971 -0.542885 0.225481 13.3955 -0.100993 -0.506219 -0.856471 20.7094 0 0 0 1 
Seq_Frame0005_ForcepToReference-SequenceTransformStatus = OK
Seq_Frame0005_Timestamp = 0.536
Seq_Frame0006_ForcepToReference-SequenceTransform =0.576232 0.669644 -0.468544 125.188 0.810157 -0.543573 0.219486 13.9046 -0.107711 -0.506069 -0.855741 20.4053 0 0 0 1 
Seq_Frame0006_ForcepToReference-SequenceTransformStatus = OK
Seq_Frame0006_Timestamp = 0.641
Seq_Frame0007_ForcepToReference-SequenceTransform =0.579466 0.669688 -0.464474 125.192 0.808504 -0.544151 0.224102 13.5313 -0.102665 -0.505389 -0.856763 20.5581 0 0 0 1 
Seq_Frame0007_ForcepToReference-SequenceTransformStatus = OK
Seq_Frame0007_Timestamp = 0.746
Seq_Frame0008_ForcepToReference-SequenceTransform =0.581866 0.669452 -0.461807 125.164 0.807544 -0.54293 0.230434 13.0579 -0.0964643 -0.507011 -0.856525 20.8303 0 0 0 1 
Seq_Frame0008_ForcepToReference-SequenceTransformStatus = OK
Seq_Frame0008_Timestamp = 0.846
Seq_Frame0009_ForcepToReference-SequenceTransform =0.578377 0.669394 -0.466253 125.193 0.809242 -0.542958 0.22433 13.5198 -0.10299 -0.507059 -0.855736 20.6033 0 0 0 1 
Seq_Frame0009_ForcepToReference-SequenceTransformStatus = OK
Seq_Frame0009_Timestamp = 0.95
Seq_Frame0010_ForcepToReference-SequenceTransform =0.578029 0.669656 -0.466308 125.21 0.809257 -0.543826 0.222164 13.6967 -0.104817 -0.50578 -0.856271 20.4578 0 0 0 1 
Seq_Frame0010_ForcepToReference-SequenceTransformStatus = OK
Seq_Frame0010_Timestamp = 1.051
Seq_Frame0011_ForcepToReference-SequenceTransform =0.576946 0.669748 -0.467516 125.206 0.809877 -0.543358 0.221046 13.7316 -0.105983 -0.506162 -0.855902 20.4864 0 0 0 1 
Seq_Frame0011_ForcepToReference-SequenceTransformStatus = OK
Seq_Frame0011_Timestamp = 1.156
Seq_Frame0012_ForcepToReference-SequenceTransform =0.577986 0.669711 -0.466282 125.196 0.809317 -0.54366 0.222352 13.6554 -0.104588 -0.505886 -0.856236 20.577 0 0 0 1 
Seq_Frame0012_ForcepToReference-SequenceTransformStatus = OK
Seq_Frame0012_Timestamp = 1.26
Seq_Frame0013_ForcepToReference-SequenceTransform =0.577713 0.669522 -0.466891 125.204 0.809516 -0.543234 0.222667 13.6372 -0.104551 -0.506593 -0.855823 20.4999 0 0 0 1 
Seq_Frame0013_ForcepToReference-SequenceTransformStatus = OK
Seq_Frame0013_Timestamp = 1.366
Seq_Frame0014_ForcepToReference-SequenceTransform =0.579385 0.669603 -0.464699 125.184 0.808587 -0.543891 0.22443 13.5517 -0.102467 -0.505781 -0.856555 20.5358 0 0 0 1 
Seq_Frame0014_ForcepToReference-SequenceTransformStatus = OK
Seq_Frame0014_Timestamp = 1.475
Seq_Frame0015_ForcepToReference-SequenceTransform =0.578454 0.669788 -0.465591 125.181 0.809145 -0.543445 0.2235 13.6417 -0.103326 -0.506015 -0.856314 20.5578 0 0 0 1 
Seq_Frame0015_ForcepToReference-SequenceTransformStatus = OK
Seq_Frame0015_Timestamp = 1.577
Seq_Frame0016_ForcepToReference-SequenceTransform =0.578253 0.669776 -0.465858 125.19 0.809212 -0.543581 0.222927 13.6458 -0.10392 -0.505886 -0.856318 20.5514 0 0 0 1 
Seq_Frame0016_ForcepToReference-SequenceTransformStatus = OK
Seq_Frame0016_Timestamp = 1.678
Seq_Frame0017_ForcepToReference-SequenceTransform =0.578351 0.669983 -0.465438 125.186 0.808973 -0.544609 0.221279 13.6771 -0.105228 -0.504504 -0.856973 20.4891 0 0 0 1 
Seq_Frame0017_ForcepToReference-SequenceTransformStatus = OK
Seq_Frame0017_Timestamp = 1.781
Seq_Frame0018_ForcepToReference-SequenceTransform =0.577846 0.669567 -0.466662 125.194 0.809452 -0.543261 0.222836 13.6806 -0.104316 -0.506505 -0.855904 20.5166 0 0 0 1 
Seq_Frame0018_ForcepToReference-SequenceTransformStatus = OK
Seq_Frame0018_Timestamp = 1.885
Seq_Frame0019_ForcepToReference-SequenceTransform =0.577906 0.669727 -0.466358 125.199 0.809333 -0.543773 0.222015 13.7634 -0.104903 -0.505743 -0.856282 20.4834 0 0 0 1 
Seq_Frame0019_ForcepToReference-SequenceTransformStatus = OK
Seq_Frame0019_Timestamp = 1.991
Seq_Frame0020_ForcepToReference-SequenceTransform =0.578615 0.669864 -0.465282 125.194 0.808835 -0.54461 0.221777 13.7228 -0.104837 -0.50466 -0.856929 20.483 0 0 0 1 
Seq_Frame0020_ForcepToReference-SequenceTransformStatus = OK
Seq_Frame0020_Timestamp = 2.094
Seq_Frame0021_ForcepToReference-SequenceTransform =0.579725 0.670497 -0.462982 125.148 0.808222 -0.54531 0.222293 13.6074 -0.103422 -0.503061 -0.858041 20.5183 0 0 0 1 
Seq_Frame0021_ForcepToReference-SequenceTransformStatus = OK
Seq_Frame0021_Timestamp = 2.196
Seq_Frame0022_ForcepToReference-SequenceTransform =0.579539 0.669526 -0.464617 125.204 0.808474 -0.544048 0.224459 13.5516 -0.102493 -0.505714 -0.856591 20.5874 0 0 0 1 
Seq_Frame0022_ForcepToReference-SequenceTransformStatus = OK
Seq_Frame0022_Timestamp = 2.301
Seq_Frame0023_ForcepToReference-SequenceTransform =0.577336 0.668978 -0.468136 125.228 0.80983 -0.542326 0.223736 13.5596 -0.104208 -0.508282 -0.854863 20.553 0 0 0 1 
Seq_Frame0023_ForcepToReference-SequenceTransformStatus = OK
Seq_Frame0023_Timestamp = 2.402
Seq_Frame0024_ForcepToReference-SequenceTransform =0.578179 0.669615 -0.466181 125.192 0.809262 -0.543432 0.223106 13.6699 -0.103943 -0.506258 -0.856095 20.4903 0 0 0 1 
Seq_Frame0024_ForcepToReference-SequenceTransformStatus = OK
Seq_Frame0024_Timestamp = 2.511
Seq_Frame0025_ForcepToReference-SequenceTransform =0.577698 0.670082 -0.466106 125.153 0.809505 -0.543589 0.221839 13.7554 -0.10472 -0.505471 -0.856465 20.5208 0 0 0 1 
Seq_Frame0025_ForcepToReference-SequenceTransformStatus = OK
Seq_Frame0025_Timestamp = 2.621
Seq_Frame0026_ForcepToReference-SequenceTransform =0.577712 0.670031 -0.466163 125.158 0.809529 -0.543419 0.222169 13.7003 -0.104461 -0.505722 -0.856349 20.5452 0 0 0 1 
Seq_Frame0026_ForcepToReference-SequenceTransformStatus = OK
Seq_Frame0026_Timestamp = 2.731
Seq_Frame0027_ForcepToReference-SequenceTransform =0.577619 0.669952 -0.466391 125.178 0.809479 -0.543835 0.221331 13.7265 -0.105359 -0.505379 -0.856441 20.4738 0 0 0 1 
Seq_Frame0027_ForcepToReference-SequenceTransformStatus = OK
Seq_Frame0027_Timestamp = 2.837
Seq_Frame0028_ForcepToReference-SequenceTransform =0.579734 0.668943 -0.465214 125.207 0.808647 -0.542421 0.227749 13.3787 -0.0999909 -0.508228 -0.855398 20.7314 0 0 0 1 
Seq_Frame0028_ForcepToReference-SequenceTransformStatus = OK
Seq_Frame0028_Timestamp = 2.941
Seq_Frame0029_ForcepToReference-SequenceTransform =0.578574 0.669585 -0.465733 125.206 0.809021 -0.543671 0.2234 13.615 -0.10362 -0.506042 -0.856262 20.605 0 0 0 1 
Seq_Frame0029_ForcepToReference-SequenceTransformStatus = OK
Seq_Frame0029_Timestamp = 3.042
Seq_Frame0030_ForcepToReference-SequenceTransform =0.578842 0.669842 -0.46503 125.197 0.808741 -0.544531 0.222316 13.6871 -0.104307 -0.504775 -0.856926 20.5028 0 0 0 1 
Seq_Frame0030_ForcepToReference-SequenceTransformStatus = OK
Seq_Frame0030_Timestamp = 3.146
Seq_Frame0031_ForcepToReference-SequenceTransform =0.578093 0.669381 -0.466624 125.187 0.809381 -0.542943 0.223867 13.5943 -0.103498 -0.507092 -0.855655 20.5511 0 0 0 1 
Seq_Frame0031_ForcepToReference-SequenceTransformStatus = OK
Seq_Frame0031_Timestamp = 3.253
Seq_Frame0032_ForcepToReference-SequenceTransform =0.578355 0.669598 -0.465988 125.185 0.809185 -0.543388 0.223493 13.6246 -0.103562 -0.506329 -0.856099 20.5526 0 0 0 1 
Seq_Frame0032_ForcepToReference-SequenceTransformStatus = OK
Seq_Frame0032_Timestamp = 3.361
Seq_Frame0033_ForcepToReference-SequenceTransform =0.578792 0.66981 -0.465138 125.189 0.808827 -0.544213 0.22278 13.6104 -0.103914 -0.50516 -0.856747 20.4923 0 0 0 1 
Seq_Frame0033_ForcepToReference-SequenceTransformStatus = OK
Seq_Frame0033_Timestamp = 3.476
Seq_Frame0034_ForcepToReference-SequenceTransform =0.577319 0.669484 -0.467433 125.191 0.809822 -0.542645 0.222991 13.6095 -0.104361 -0.507275 -0.855442 20.5395 0 0 0 1 
Seq_Frame0034_ForcepToReference-SequenceTransformStatus = OK
Seq_Frame0034_Timestamp = 3.576
Seq_Frame0035_ForcepToReference-SequenceTransform =0.577974 0.670052 -0.465808 125.178 0.809231 -0.544265 0.221183 13.6582 -0.105319 -0.504784 -0.856797 20.4387 0 0 0 1 
Seq_Frame0035_ForcepToReference-SequenceTransformStatus = OK
Seq_Frame0035_Timestamp = 3.677
Seq_Frame0036_ForcepToReference-SequenceTransform =0.578647 0.669623 -0.465589 125.196 0.808973 -0.543752 0.223375 13.6274 -0.103588 -0.505904 -0.856347 20.5574 0 0 0 1 
Seq_Frame0036_ForcepToReference-SequenceTransformStatus = OK
Seq_Frame0036_Timestamp = 3.786
Seq_Frame0037_ForcepToReference-SequenceTransform =0.579302 0.669835 -0.464468 125.187 0.808542 -0.544424 0.2233 13.6248 -0.103293 -0.5049 -0.856975 20.5191 0 0 0 1 
Seq_Frame0037_ForcepToReference-SequenceTransformStatus = OK
Seq_Frame0037_Timestamp = 3.891
Seq_Frame0038_ForcepToReference-SequenceTransform =0.57874 0.669603 -0.465502 125.193 0.808886 -0.543947 0.223214 13.6336 -0.103744 -0.505721 -0.856436 20.4969 0 0 0 1 
Seq_Frame0038_ForcepToReference-SequenceTransformStatus = OK
Seq_Frame0038_Timestamp = 3.996
Seq_Frame0039_ForcepToReference-SequenceTransform =0.577927 0.669653 -0.46644 125.196 0.809418 -0.54328 0.222912 13.6454 -0.104134 -0.506372 -0.856005 20.5051 0 0 0 1 
Seq_Frame0039_ForcepToReference-SequenceTransformStatus = OK
Seq_Frame0039_Timestamp = 4.101
Seq_Frame0040_ForcepToReference-SequenceTransform =0.578771 0.669463 -0.465665 125.205 0.808911 -0.543688 0.223756 13.5912 -0.10338 -0.506185 -0.856207 20.4563 0 0 0 1 
Seq_Frame0040_ForcepToReference-SequenceTransformStatus = OK
Seq_Frame0040_Timestamp = 4.201
Seq_Frame0041_ForcepToReference-SequenceTransform =0.578344 0.669794 -0.465719 125.19 0.809161 -0.543623 0.223007 13.6181 -0.103807 -0.505816 -0.856373 20.5649 0 0 0 1 
Seq_Frame0041_ForcepToReference-SequenceTransformStatus = OK
Seq_Frame0041_Timestamp = 4.302
Seq_Frame0042_ForcepToReference-SequenceTransform =0.577666 0.67002 -0.466236 125.175 0.809466 -0.54382 0.221413 13.7217 -0.105197 -0.505305 -0.856505 20.5115 0 0 0 1 
Seq_Frame0042_ForcepToReference-SequenceTransformStatus = OK
Seq_Frame0042_Timestamp = 4.409
Seq_Frame0043_ForcepToReference-SequenceTransform =0.578317 0.669952 -0.465526 125.19 0.809053 -0.544287 0.221778 13.6395 -0.104799 -0.504892 -0.856797 20.5134 0 0 0 1 
Seq_Frame0043_ForcepToReference-SequenceTransformStatus = OK
Seq_Frame0043_Timestamp = 4.51
Seq_Frame0044_ForcepToReference-SequenceTransform =0.577463 0.669752 -0.466872 125.205 0.809591 -0.543557 0.221604 13.7684 -0.105351 -0.505944 -0.856109 20.459 0 0 0 1 
Seq_Frame0044_ForcepToReference-SequenceTransformStatus = OK
Seq_Frame0044_Timestamp = 4.612
Seq_Frame0045_ForcepToReference-SequenceTransform =0.578772 0.6684 -0.467189 125.244 0.809562 -0.53988 0.23052 13.0888 -0.0981459 -0.511637 -0.853578 20.923 0 0 0 1 
Seq_Frame0045_ForcepToReference-SequenceTransformStatus = OK
Seq_Frame0045_Timestamp = 4.72
Seq_Frame0046_ForcepToReference-SequenceTransform =0.577825 0.670027 -0.466028 125.162 0.809476 -0.543413 0.222377 13.711 -0.104247 -0.505733 -0.856368 20.5185 0 0 0 1 
Seq_Frame0046_ForcepToReference-SequenceTransformStatus = OK
Seq_Frame0046_Timestamp = 4.826
Seq_Frame0047_ForcepToReference-SequenceTransform =0.577149 0.666166 -0.472358 125.248 0.809244 -0.544208 0.221274 13.8172 -0.109656 -0.509961 -0.85318 20.4312 0 0 0 1 
Seq_Frame0047_ForcepToReference-SequenceTransformStatus = OK
Seq_Frame0047_Timestamp = 4.934
Seq_Frame0048_ForcepToReference-SequenceTransform =0.595657 0.659498 -0.458536 125.174 0.797577 -0.553279 0.240319 12.8662 -0.0952083 -0.508865 -0.855565 19.5342 0 0 0 1 
Seq_Frame0048_ForcepToReference-SequenceTransformStatus = OK
Seq_Frame0048_Timestamp = 5.036
Seq_Frame0049_ForcepToReference-SequenceTransform =0.784111 0.613727 -0.0922478 125.161 -0.137173 0.0264214 -0.990195 39.4997 -0.605271 0.789076 0.104904 8.92265 0 0 0 1 
Seq_Frame0049_ForcepToReference-SequenceTransformStatus = OK
Seq_Frame0049_Timestamp = 5.161
Seq_Frame0050_ForcepToReference-SequenceTransform =0.570195 0.709004 0.414959 99.0331 -0.136447 0.579837 -0.803225 115.907 -0.810099 0.401375 0.427362 -44.5217 0 0 0 1 
Seq_Frame0050_ForcepToReference-SequenceTransformStatus = OK
Seq_Frame0050_Timestamp = 5.271
Seq_Frame0051_ForcepToReference-SequenceTransform =-0.212369 -0.389575 -0.896176 -6.96671 0.935247 -0.346833 -0.0708564 155.718 -0.283219 -0.853193 0.438005 -52.3305 0 0 0 1 
Seq_Frame0051_ForcepToReference-SequenceTransformStatus = OK
Seq_Frame0051_Timestamp = 5.436
Seq_Frame0052_ForcepToReference-SequenceTransform =0.0569215 -0.765211 -0.641258 -58.8054 0.988473 -0.0470586 0.143897 148.78 -0.140288 -0.642057 0.753712 -19.2711 0 0 0 1 
Seq_Frame0052_ForcepToReference-SequenceTransformStatus = OK
Seq_Frame0052_Timestamp = 5.631
Seq_Frame0053_ForcepToReference-SequenceTransform =-0.570601 0.63217 0.52419 -53.6219 0.012256 0.644785 -0.764266 148.846 -0.821136 -0.429666 -0.375663 -5.56203 0 0 0 1 
Seq_Frame0053_ForcepToReference-SequenceTransformStatus = OK
Seq_Frame0053_Timestamp = 5.836
Seq_Frame0054_ForcepToReference-SequenceTransform =0.249468 -0.926424 -0.281965 -56.0514 0.964243 0.210742 0.160699 148.566 -0.0894533 -0.311972 0.945871 5.36049 0 0 0 1 
Seq_Frame0054_ForcepToReference-SequenceTransformStatus = OK
Seq_Frame0054_Timestamp = 6.086
Seq_Frame0055_ForcepToReference-SequenceTransform =0.247152 -0.933699 -0.25908 -57.9714 0.952404 0.184841 0.242407 150.935 -0.178447 -0.306661 0.934942 6.34522 0 0 0 1 
Seq_Frame0055_ForcepToReference-SequenceTransformStatus = OK
Seq_Frame0055_Timestamp = 6.19
Seq_Frame0056_ForcepToReference-SequenceTransform =0.34257 -0.938819 -0.0355709 -52.9745 0.937669 0.339303 0.0751649 151.352 -0.0584969 -0.059103 0.996536 12.8138 0 0 0 1 
Seq_Frame0056_ForcepToReference-SequenceTransformStatus = OK
Seq_Frame0056_Timestamp = 6.536
Seq_Frame0057_ForcepToReference-SequenceTransform =0.32276 -0.942372 -0.0880917 -53.6487 0.939672 0.307903 0.14904 151.956 -0.113327 -0.130881 0.9849 13.4369 0 0 0 1 
Seq_Frame0057_ForcepToReference-SequenceTransformStatus = OK
Seq_Frame0057_Timestamp = 6.636
Seq_Frame0058_ForcepToReference-SequenceTransform =0.305584 -0.938839 -0.158747 -54.1815 0.93837 0.268665 0.217441 153.321 -0.161493 -0.21541 0.963078 13.0028 0 0 0 1 
Seq_Frame0058_ForcepToReference-SequenceTransformStatus = OK
Seq_Frame0058_Timestamp = 6.741
Seq_Frame0059_ForcepToReference-SequenceTransform =0.296198 -0.938046 -0.179824 -55.5929 0.933275 0.244203 0.263369 154.522 -0.203139 -0.245834 0.947787 10.6867 0 0 0 1 
Seq_Frame0059_ForcepToReference-SequenceTransformStatus = OK
Seq_Frame0059_Timestamp = 6.846
Seq_Frame0060_ForcepToReference-SequenceTransform =-0.613214 0.629974 0.476552 -57.6285 0.0647759 0.641366 -0.764496 169.415 -0.787257 -0.43793 -0.434101 13.7027 0 0 0 1 
Seq_Frame0060_ForcepToReference-SequenceTransformStatus = OK
Seq_Frame0060_Timestamp = 7.141
Seq_Frame0061_ForcepToReference-SequenceTransform =-0.731404 0.588784 0.344067 -67.3837 0.359811 0.761782 -0.538725 178.571 -0.579297 -0.270226 -0.769021 39.7333 0 0 0 1 
Seq_Frame0061_ForcepToReference-SequenceTransformStatus = OK
Seq_Frame0061_Timestamp = 7.366
Seq_Frame0062_ForcepToReference-SequenceTransform =-0.696061 0.600267 0.393928 -69.1297 0.355239 0.764725 -0.537589 178.079 -0.623943 -0.234256 -0.745533 48.7654 0 0 0 1 
Seq_Frame0062_ForcepToReference-SequenceTransformStatus = OK
Seq_Frame0062_Timestamp = 7.476
Seq_Frame0063_ForcepToReference-SequenceTransform =-0.746186 0.587381 0.313353 -65.0235 0.377852 0.761193 -0.52708 176.253 -0.548119 -0.274899 -0.789934 48.8159 0 0 0 1 
Seq_Frame0063_ForcepToReference-SequenceTransformStatus = OK
Seq_Frame0063_Timestamp = 7.584
Seq_Frame0064_ForcepToReference-SequenceTransform =-0.752205 0.604587 0.262035 -64.2238 0.385399 0.726226 -0.569266 174.811 -0.534467 -0.327217 -0.779278 46.5925 0 0 0 1 
Seq_Frame0064_ForcepToReference-SequenceTransformStatus = OK
Seq_Frame0064_Timestamp = 7.69
Seq_Frame0065_ForcepToReference-SequenceTransform =-0.7275 0.633515 0.263442 -63.709 0.361116 0.680032 -0.638085 174.933 -0.583385 -0.369074 -0.723496 44.683 0 0 0 1 
Seq_Frame0065_ForcepToReference-SequenceTransformStatus = OK
Seq_Frame0065_Timestamp = 7.796
Seq_Frame0066_ForcepToReference-SequenceTransform =-0.663718 0.647585 0.374316 -66.8687 0.305443 0.69146 -0.654666 181.18 -0.682776 -0.320181 -0.656735 46.0009 0 0 0 1 
Seq_Frame0066_ForcepToReference-SequenceTransformStatus = OK
Seq_Frame0066_Timestamp = 7.905
Seq_Frame0067_ForcepToReference-SequenceTransform =-0.655327 0.598167 0.461241 -76.6044 0.230153 0.739727 -0.632324 191.615 -0.719428 -0.308223 -0.622433 38.6257 0 0 0 1 
Seq_Frame0067_ForcepToReference-SequenceTransformStatus = OK
Seq_Frame0067_Timestamp = 8.012
Seq_Frame0068_ForcepToReference-SequenceTransform =0.263127 -0.964105 0.0355681 -85.3175 0.957802 0.256631 -0.129447 199.048 0.115672 0.0681281 0.990948 29.0649 0 0 0 1 
Seq_Frame0068_ForcepToReference-SequenceTransformStatus = OK
Seq_Frame0068_Timestamp = 8.122
Seq_Frame0069_ForcepToReference-SequenceTransform =0.151099 -0.987257 -0.0499299 -94.0986 0.98373 0.15514 -0.0905868 205.523 0.0971786 -0.03543 0.994636 26.3904 0 0 0 1 
Seq_Frame0069_ForcepToReference-SequenceTransformStatus = OK
Seq_Frame0069_Timestamp = 8.243
Seq_Frame0070_ForcepToReference-SequenceTransform =0.137437 -0.98996 -0.0330162 -106.165 0.967519 0.141313 -0.209611 217.531 0.212172 -0.0031354 0.977227 29.1977 0 0 0 1 
Seq_Frame0070_ForcepToReference-SequenceTransformStatus = OK
Seq_Frame0070_Timestamp = 8.509
Seq_Frame0071_ForcepToReference-SequenceTransform =0.0727017 -0.991187 -0.110735 -110.874 0.972085 0.0952556 -0.214422 223.561 0.22308 -0.0920549 0.970444 34.225 0 0 0 1 
Seq_Frame0071_ForcepToReference-SequenceTransformStatus = OK
Seq_Frame0071_Timestamp = 8.616
Seq_Frame0072_ForcepToReference-SequenceTransform =0.0401264 -0.990685 -0.130127 -114.814 0.985341 0.060844 -0.159375 225.88 0.165808 -0.121824 0.978604 31.5139 0 0 0 1 
Seq_Frame0072_ForcepToReference-SequenceTransformStatus = OK
Seq_Frame0072_Timestamp = 8.723
Seq_Frame0073_ForcepToReference-SequenceTransform =0.0283837 -0.993155 -0.113301 -117.754 0.989416 0.0440497 -0.138259 227.868 0.142303 -0.108178 0.983894 30.1385 0 0 0 1 
Seq_Frame0073_ForcepToReference-SequenceTransformStatus = OK
Seq_Frame0073_Timestamp = 8.826
Seq_Frame0074_ForcepToReference-SequenceTransform =0.020491 -0.994622 -0.101521 -120.315 0.990503 0.0340036 -0.133217 229.34 0.135952 -0.0978273 0.985874 28.9769 0 0 0 1 
Seq_Frame0074_ForcepToReference-SequenceTransformStatus = OK
Seq_Frame0074_Timestamp = 8.936
Seq_Frame0075_ForcepToReference-SequenceTransform =0.0094525 -0.993584 -0.112703 -122.54 0.99318 0.0224262 -0.11441 231.064 0.116203 -0.110853 0.98702 29.2711 0 0 0 1 
Seq_Frame0075_ForcepToReference-SequenceTransformStatus = OK
Seq_Frame0075_Timestamp = 9.045
Seq_Frame0076_ForcepToReference-SequenceTransform =0.00528519 -0.994646 -0.103203 -124.901 0.995426 0.0150783 -0.0943435 231.506 0.0953946 -0.102232 0.990176 29.592 0 0 0 1 
Seq_Frame0076_ForcepToReference-SequenceTransformStatus = OK
Seq_Frame0076_Timestamp = 9.15
Seq_Frame0077_ForcepToReference-SequenceTransform =0.0051602 -0.995497 -0.0946534 -126.732 0.995778 0.0137901 -0.0907473 231.647 0.091644 -0.0937856 0.991366 29.1651 0 0 0 1 
Seq_Frame0077_ForcepToReference-SequenceTransformStatus = OK
Seq_Frame0077_Timestamp = 9.259
Seq_Frame0078_ForcepToReference-SequenceTransform =0.00289161 -0.996479 -0.0837979 -128.292 0.995989 0.0103636 -0.0888692 232.691 0.0894247 -0.0832048 0.992512 29.7595 0 0 0 1 
Seq_Frame0078_ForcepToReference-SequenceTransformStatus = OK
Seq_Frame0078_Timestamp = 9.37
Seq_Frame0079_ForcepToReference-SequenceTransform =0.00343709 -0.997869 -0.0651553 -129.605 0.997379 0.0081297 -0.0718942 232.838 0.0722707 -0.0647375 0.995282 29.5414 0 0 0 1 
Seq_Frame0079_ForcepToReference-SequenceTransformStatus = OK
Seq_Frame0079_Timestamp = 9.473
Seq_Frame0080_ForcepToReference-SequenceTransform =0.00795894 -0.998204 -0.0593828 -130.431 0.997137 0.012388 -0.074594 232.316 0.0751956 -0.0586191 0.995444 30.8787 0 0 0 1 
Seq_Frame0080_ForcepToReference-SequenceTransformStatus = OK
Seq_Frame0080_Timestamp = 9.582
Seq_Frame0081_ForcepToReference-SequenceTransform =0.0149896 -0.998198 -0.0581117 -130.964 0.994255 0.02104 -0.104947 231.949 0.10598 -0.0562048 0.992779 31.0079 0 0 0 1 
Seq_Frame0081_ForcepToReference-SequenceTransformStatus = OK
Seq_Frame0081_Timestamp = 9.687
Seq_Frame0082_ForcepToReference-SequenceTransform =0.00991832 -0.998081 -0.0611264 -131.58 0.9967 0.0147931 -0.0798201 231.653 0.0805712 -0.060133 0.994933 31.4035 0 0 0 1 
Seq_Frame0082_ForcepToReference-SequenceTransformStatus = OK
Seq_Frame0082_Timestamp = 9.792
Seq_Frame0083_ForcepToReference-SequenceTransform =0.0253281 -0.999059 -0.0352216 -132.312 0.993551 0.0290524 -0.1096 231.741 0.11052 -0.0322185 0.993352 32.2736 0 0 0 1 
Seq_Frame0083_ForcepToReference-SequenceTransformStatus = OK
Seq_Frame0083_Timestamp = 9.933
Seq_Frame0084_ForcepToReference-SequenceTransform =0.0284278 -0.999115 -0.0309865 -132.46 0.992676 0.0318587 -0.116531 231.655 0.117415 -0.0274469 0.992704 32.5336 0 0 0 1 
Seq_Frame0084_ForcepToReference-SequenceTransformStatus = OK
Seq_Frame0084_Timestamp = 10.038
Seq_Frame0085_ForcepToReference-SequenceTransform =0.0213962 -0.999164 -0.0348406 -132.286 0.993442 0.025163 -0.111538 231.87 0.112322 -0.0322256 0.993149 34.9264 0 0 0 1 
Seq_Frame0085_ForcepToReference-SequenceTransformStatus = OK
Seq_Frame0085_Timestamp = 10.152
Seq_Frame0086_ForcepToReference-SequenceTransform =0.0238108 -0.99934 -0.027427 -132.602 0.992035 0.0270134 -0.123034 233.05 0.123693 -0.024279 0.992023 35.2929 0 0 0 1 
Seq_Frame0086_ForcepToReference-SequenceTransformStatus = OK
Seq_Frame0086_Timestamp = 10.255
Seq_Frame0087_ForcepToReference-SequenceTransform =0.0218703 -0.999186 -0.0338863 -132.667 0.99249 0.0257792 -0.11958 233.08 0.120356 -0.0310166 0.992246 35.069 0 0 0 1 
Seq_Frame0087_ForcepToReference-SequenceTransformStatus = OK
Seq_Frame0087_Timestamp = 10.362
Seq_Frame0088_ForcepToReference-SequenceTransform =0.0270502 -0.999299 -0.0258643 -133.622 0.988667 0.0305666 -0.146977 233.543 0.147665 -0.0215954 0.988802 36.5012 0 0 0 1 
Seq_Frame0088_ForcepToReference-SequenceTransformStatus = OK
Seq_Frame0088_Timestamp = 10.471
Seq_Frame0089_ForcepToReference-SequenceTransform =0.0281351 -0.999467 -0.0165524 -133.926 0.991036 0.0300536 -0.130171 233.916 0.130599 -0.0127417 0.991353 37.246 0 0 0 1 
Seq_Frame0089_ForcepToReference-SequenceTransformStatus = OK
Seq_Frame0089_Timestamp = 10.577
Seq_Frame0090_ForcepToReference-SequenceTransform =0.0285786 -0.999477 -0.0151591 -134.644 0.989109 0.0304662 -0.143997 234.873 0.144383 -0.0108788 0.989462 38.1548 0 0 0 1 
Seq_Frame0090_ForcepToReference-SequenceTransformStatus = OK
Seq_Frame0090_Timestamp = 10.685
Seq_Frame0091_ForcepToReference-SequenceTransform =0.0202675 -0.999582 -0.0205974 -135.369 0.992631 0.0225798 -0.119056 235.336 0.119471 -0.0180326 0.992674 38.0572 0 0 0 1 
Seq_Frame0091_ForcepToReference-SequenceTransformStatus = OK
Seq_Frame0091_Timestamp = 10.793
Seq_Frame0092_ForcepToReference-SequenceTransform =0.0176915 -0.999417 -0.0292121 -135.873 0.993423 0.0208761 -0.112583 235.338 0.113127 -0.0270282 0.993213 37.0354 0 0 0 1 
Seq_Frame0092_ForcepToReference-SequenceTransformStatus = OK
Seq_Frame0092_Timestamp = 10.898
Seq_Frame0093_ForcepToReference-SequenceTransform =0.0276857 -0.999538 -0.0125106 -135.739 0.992137 0.0290045 -0.121751 234.82 0.122057 -0.00904143 0.992482 38.0802 0 0 0 1 
Seq_Frame0093_ForcepToReference-SequenceTransformStatus = OK
Seq_Frame0093_Timestamp = 11.006
Seq_Frame0094_ForcepToReference-SequenceTransform =0.0396695 -0.999206 -0.0037912 -135.184 0.989121 0.0398065 -0.141618 233.629 0.141657 0.00186798 0.989914 39.4195 0 0 0 1 
Seq_Frame0094_ForcepToReference-SequenceTransformStatus = OK
Seq_Frame0094_Timestamp = 11.116
Seq_Frame0095_ForcepToReference-SequenceTransform =0.0359281 -0.99925 -0.0144487 -135.509 0.989093 0.037622 -0.142408 233.77 0.142844 -0.00917472 0.989703 39.3986 0 0 0 1 
Seq_Frame0095_ForcepToReference-SequenceTransformStatus = OK
Seq_Frame0095_Timestamp = 11.223
Seq_Frame0096_ForcepToReference-SequenceTransform =0.0283419 -0.998713 -0.0420624 -135.022 0.990312 0.0337762 -0.13469 233.66 0.135937 -0.0378376 0.989995 39.4236 0 0 0 1 
Seq_Frame0096_ForcepToReference-SequenceTransformStatus = OK
Seq_Frame0096_Timestamp = 11.338
Seq_Frame0097_ForcepToReference-SequenceTransform =0.0316454 -0.999057 -0.0297233 -135.006 0.990278 0.0353698 -0.134532 233.943 0.135456 -0.025177 0.990463 40.2809 0 0 0 1 
Seq_Frame0097_ForcepToReference-SequenceTransformStatus = OK
Seq_Frame0097_Timestamp = 11.44
Seq_Frame0098_ForcepToReference-SequenceTransform =0.0387779 -0.999004 -0.0220614 -135.543 0.986947 0.0417448 -0.155542 234.522 0.156308 -0.0157418 0.987583 40.6972 0 0 0 1 
Seq_Frame0098_ForcepToReference-SequenceTransformStatus = OK
Seq_Frame0098_Timestamp = 11.551
Seq_Frame0099_ForcepToReference-SequenceTransform =0.0404485 -0.999032 -0.0172912 -135.662 0.988372 0.0425436 -0.145985 233.856 0.146579 -0.0111852 0.989136 40.5381 0 0 0 1 
Seq_Frame0099_ForcepToReference-SequenceTransformStatus = OK
Seq_Frame0099_Timestamp = 11.655
Seq_Frame0100_ForcepToReference-SequenceTransform =0.0364949 -0.998936 -0.0281809 -136.009 0.988317 0.040254 -0.147 234.02 0.147978 -0.0224869 0.988735 40.6538 0 0 0 1 
Seq_Frame0100_ForcepToReference-SequenceTransformStatus = OK
Seq_Frame0100_Timestamp = 11.763
Seq_Frame0101_ForcepToReference-SequenceTransform =0.0276209 -0.99882 -0.0399483 -136.801 0.988993 0.0331169 -0.144211 234.929 0.145363 -0.0355253 0.98874 40.6411 0 0 0 1 
Seq_Frame0101_ForcepToReference-SequenceTransformStatus = OK
Seq_Frame0101_Timestamp = 11.869
Seq_Frame0102_ForcepToReference-SequenceTransform =0.0385902 -0.999241 -0.00530841 -137.359 0.988494 0.0389516 -0.146162 235.507 0.146258 0.000393098 0.989246 40.6667 0 0 0 1 
Seq_Frame0102_ForcepToReference-SequenceTransformStatus = OK
Seq_Frame0102_Timestamp = 11.976
Seq_Frame0103_ForcepToReference-SequenceTransform =0.0333335 -0.999323 -0.0155572 -137.726 0.990158 0.0351368 -0.135472 235.236 0.135926 -0.0108883 0.990659 40.1592 0 0 0 1 
Seq_Frame0103_ForcepToReference-SequenceTransformStatus = OK
Seq_Frame0103_Timestamp = 12.085
Seq_Frame0104_ForcepToReference-SequenceTransform =0.0159806 -0.998604 -0.050348 -138.323 0.991252 0.0224208 -0.130068 235.377 0.131015 -0.047829 0.990226 39.6055 0 0 0 1 
Seq_Frame0104_ForcepToReference-SequenceTransformStatus = OK
Seq_Frame0104_Timestamp = 12.195
Seq_Frame0105_ForcepToReference-SequenceTransform =0.0284893 -0.999374 -0.0209695 -138.567 0.990547 0.0310413 -0.133617 235.641 0.134184 -0.0169646 0.990811 38.8701 0 0 0 1 
Seq_Frame0105_ForcepToReference-SequenceTransformStatus = OK
Seq_Frame0105_Timestamp = 12.315
Seq_Frame0106_ForcepToReference-SequenceTransform =0.0327533 -0.999316 -0.0171534 -138.791 0.98837 0.034935 -0.147999 235.657 0.148497 -0.0121065 0.988839 39.0271 0 0 0 1 
Seq_Frame0106_ForcepToReference-SequenceTransformStatus = OK
Seq_Frame0106_Timestamp = 12.452
Seq_Frame0107_ForcepToReference-SequenceTransform =0.0365949 -0.999305 -0.00714553 -139.033 0.989761 0.0372307 -0.137796 235.749 0.137966 -0.00202973 0.990435 39.2716 0 0 0 1 
Seq_Frame0107_ForcepToReference-SequenceTransformStatus = OK
Seq_Frame0107_Timestamp = 12.577
Seq_Frame0108_ForcepToReference-SequenceTransform =0.0379608 -0.999268 -0.00469869 -138.943 0.989878 0.0382468 -0.136667 235.693 0.136747 0.000536857 0.990606 39.0322 0 0 0 1 
Seq_Frame0108_ForcepToReference-SequenceTransformStatus = OK
Seq_Frame0108_Timestamp = 12.685
Seq_Frame0109_ForcepToReference-SequenceTransform =0.0355869 -0.999325 -0.00909195 -139.207 0.990565 0.0364768 -0.132101 236.012 0.132344 -0.0043051 0.991195 38.9481 0 0 0 1 
Seq_Frame0109_ForcepToReference-SequenceTransformStatus = OK
Seq_Frame0109_Timestamp = 12.795
Seq_Frame0110_ForcepToReference-SequenceTransform =0.0319584 -0.9992 -0.0240488 -139.401 0.990133 0.0349347 -0.135707 236.357 0.136439 -0.0194745 0.990457 39.1004 0 0 0 1 
Seq_Frame0110_ForcepToReference-SequenceTransformStatus = OK
Seq_Frame0110_Timestamp = 12.92
Seq_Frame0111_ForcepToReference-SequenceTransform =0.0390318 -0.998987 -0.0223823 -139.19 0.985727 0.0421654 -0.162988 236.512 0.163767 -0.0157011 0.986374 41.5194 0 0 0 1 
Seq_Frame0111_ForcepToReference-SequenceTransformStatus = OK
Seq_Frame0111_Timestamp = 13.025
Seq_Frame0112_ForcepToReference-SequenceTransform =0.0385432 -0.998572 -0.0370002 -139.503 0.982706 0.0445902 -0.179723 236.821 0.181116 -0.0294333 0.983021 43.5633 0 0 0 1 
Seq_Frame0112_ForcepToReference-SequenceTransformStatus = OK
Seq_Frame0112_Timestamp = 13.137
Seq_Frame0113_ForcepToReference-SequenceTransform =0.0240324 -0.997866 -0.060706 -140.167 0.987462 0.0331709 -0.154334 236.97 0.156019 -0.0562358 0.986152 45.3413 0 0 0 1 
Seq_Frame0113_ForcepToReference-SequenceTransformStatus = OK
Seq_Frame0113_Timestamp = 13.24
Seq_Frame0114_ForcepToReference-SequenceTransform =0.0402784 -0.998027 -0.0481543 -140.908 0.976804 0.0494743 -0.208343 236.947 0.210314 -0.0386456 0.97687 45.7882 0 0 0 1 
Seq_Frame0114_ForcepToReference-SequenceTransformStatus = OK
Seq_Frame0114_Timestamp = 13.349
Seq_Frame0115_ForcepToReference-SequenceTransform =0.0229018 -0.997495 -0.0669333 -141.622 0.984082 0.0342945 -0.174373 237.682 0.176231 -0.0618744 0.982402 45.4581 0 0 0 1 
Seq_Frame0115_ForcepToReference-SequenceTransformStatus = OK
Seq_Frame0115_Timestamp = 13.457
Seq_Frame0116_ForcepToReference-SequenceTransform =0.0160388 -0.99759 -0.0675054 -141.968 0.988173 0.0261123 -0.151103 238.007 0.152502 -0.0642835 0.98621 44.219 0 0 0 1 
Seq_Frame0116_ForcepToReference-SequenceTransformStatus = OK
Seq_Frame0116_Timestamp = 13.561
Seq_Frame0117_ForcepToReference-SequenceTransform =0.0180888 -0.998342 -0.0546482 -142.079 0.989089 0.0258601 -0.145033 238.17 0.146206 -0.0514284 0.987916 44.0015 0 0 0 1 
Seq_Frame0117_ForcepToReference-SequenceTransformStatus = OK
Seq_Frame0117_Timestamp = 13.672
Seq_Frame0118_ForcepToReference-SequenceTransform =0.0247134 -0.998618 -0.0463734 -142.289 0.985145 0.0322128 -0.168674 238.013 0.169934 -0.0415161 0.98458 45.014 0 0 0 1 
Seq_Frame0118_ForcepToReference-SequenceTransformStatus = OK
Seq_Frame0118_Timestamp = 13.778
Seq_Frame0119_ForcepToReference-SequenceTransform =0.0259634 -0.998567 -0.0467904 -142.668 0.982899 0.034036 -0.180974 237.942 0.182308 -0.0412915 0.982374 44.8511 0 0 0 1 
Seq_Frame0119_ForcepToReference-SequenceTransformStatus = OK
Seq_Frame0119_Timestamp = 13.886
Seq_Frame0120_ForcepToReference-SequenceTransform =0.000295406 -0.998084 -0.0618751 -142.809 0.981465 0.0121471 -0.191254 238.064 0.19164 -0.0606717 0.979588 47.1245 0 0 0 1 
Seq_Frame0120_ForcepToReference-SequenceTransformStatus = OK
Seq_Frame0120_Timestamp = 13.993
Seq_Frame0121_ForcepToReference-SequenceTransform =-0.0102039 -0.998734 -0.0492512 -144.807 0.975455 0.000892654 -0.220197 240.073 0.219963 -0.0502892 0.974211 49.6596 0 0 0 1 
Seq_Frame0121_ForcepToReference-SequenceTransformStatus = OK
Seq_Frame0121_Timestamp = 14.1
Seq_Frame0122_ForcepToReference-SequenceTransform =-0.0171299 -0.999005 -0.0411736 -145.458 0.979339 -0.00846535 -0.202049 240.594 0.201499 -0.043784 0.97851 48.8986 0 0 0 1 
Seq_Frame0122_ForcepToReference-SequenceTransformStatus = OK
Seq_Frame0122_Timestamp = 14.206
Seq_Frame0123_ForcepToReference-SequenceTransform =-0.0161281 -0.998486 -0.0525902 -146.705 0.972295 -0.00339433 -0.233734 241.09 0.233202 -0.0549029 0.970877 49.6277 0 0 0 1 
Seq_Frame0123_ForcepToReference-SequenceTransformStatus = OK
Seq_Frame0123_Timestamp = 14.315
Seq_Frame0124_ForcepToReference-SequenceTransform =-0.0205219 -0.997932 -0.06092 -146.037 0.981923 -0.00864971 -0.189086 241.568 0.188168 -0.0636991 0.980069 48.554 0 0 0 1 
Seq_Frame0124_ForcepToReference-SequenceTransformStatus = OK
Seq_Frame0124_Timestamp = 14.422
Seq_Frame0125_ForcepToReference-SequenceTransform =-0.00602893 -0.998978 -0.0448028 -146.45 0.979116 0.0032076 -0.203276 243.174 0.203212 -0.0450927 0.978096 50.293 0 0 0 1 
Seq_Frame0125_ForcepToReference-SequenceTransformStatus = OK
Seq_Frame0125_Timestamp = 14.527
Seq_Frame0126_ForcepToReference-SequenceTransform =-0.016169 -0.998266 -0.056597 -146.72 0.982351 -0.00531074 -0.186973 243.923 0.186349 -0.0586213 0.980733 50.2236 0 0 0 1 
Seq_Frame0126_ForcepToReference-SequenceTransformStatus = OK
Seq_Frame0126_Timestamp = 14.637
Seq_Frame0127_ForcepToReference-SequenceTransform =-0.0106784 -0.99911 -0.0408175 -146.943 0.983645 -0.00315579 -0.180089 244.135 0.1798 -0.042073 0.982803 49.4748 0 0 0 1 
Seq_Frame0127_ForcepToReference-SequenceTransformStatus = OK
Seq_Frame0127_Timestamp = 14.742
Seq_Frame0128_ForcepToReference-SequenceTransform =-0.0117465 -0.998921 -0.0449307 -147.184 0.985275 -0.00389758 -0.170934 244.388 0.170575 -0.046277 0.984257 50.1011 0 0 0 1 
Seq_Frame0128_ForcepToReference-SequenceTransformStatus = OK
Seq_Frame0128_Timestamp = 14.855
Seq_Frame0129_ForcepToReference-SequenceTransform =-0.0136928 -0.998884 -0.0452074 -147.139 0.984109 -0.0054579 -0.177481 244.327 0.177036 -0.0469192 0.983085 50.2992 0 0 0 1 
Seq_Frame0129_ForcepToReference-SequenceTransformStatus = OK
Seq_Frame0129_Timestamp = 14.958
Seq_Frame0130_ForcepToReference-SequenceTransform =-0.0392996 -0.998182 -0.0457046 -147.187 0.986062 -0.0313407 -0.163401 244.049 0.161672 -0.0514892 0.9855 48.6741 0 0 0 1 
Seq_Frame0130_ForcepToReference-SequenceTransformStatus = OK
Seq_Frame0130_Timestamp = 15.065
Seq_Frame0131_ForcepToReference-SequenceTransform =-0.0949364 -0.993625 -0.0607939 -151.465 0.986384 -0.0856547 -0.140393 246.466 0.134291 -0.0732945 0.988228 45.5526 0 0 0 1 
Seq_Frame0131_ForcepToReference-SequenceTransformStatus = OK
Seq_Frame0131_Timestamp = 15.175
Seq_Frame0132_ForcepToReference-SequenceTransform =-0.135451 -0.989554 -0.0493642 -156.839 0.977163 -0.125189 -0.171698 249.057 0.163724 -0.0714935 0.983912 43.8594 0 0 0 1 
Seq_Frame0132_ForcepToReference-SequenceTransformStatus = OK
Seq_Frame0132_Timestamp = 15.279
Seq_Frame0133_ForcepToReference-SequenceTransform =-0.143817 -0.988236 -0.052014 -148.43 0.989516 -0.142904 -0.0208723 237.029 0.0131937 -0.0544705 0.998428 32.992 0 0 0 1 
Seq_Frame0133_ForcepToReference-SequenceTransformStatus = OK
Seq_Frame0133_Timestamp = 15.386
Seq_Frame0134_ForcepToReference-SequenceTransform =-0.170356 -0.983223 -0.0651989 -143.497 0.979739 -0.17608 0.0954276 220.181 -0.105307 -0.0476213 0.993299 21.1803 0 0 0 1 
Seq_Frame0134_ForcepToReference-SequenceTransformStatus = OK
Seq_Frame0134_Timestamp = 15.494
Seq_Frame0135_ForcepToReference-SequenceTransform =-0.197912 -0.977341 -0.0750709 -143.185 0.963526 -0.208044 0.168332 213.456 -0.180136 -0.0390178 0.982868 14.7119 0 0 0 1 
Seq_Frame0135_ForcepToReference-SequenceTransformStatus = OK
Seq_Frame0135_Timestamp = 15.605
Seq_Frame0136_ForcepToReference-SequenceTransform =-0.214443 -0.973213 -0.0828851 -142.855 0.945837 -0.228086 0.231019 210.747 -0.243736 -0.0288553 0.969412 12.0438 0 0 0 1 
Seq_Frame0136_ForcepToReference-SequenceTransformStatus = OK
Seq_Frame0136_Timestamp = 15.711
Seq_Frame0137_ForcepToReference-SequenceTransform =-0.211323 -0.972906 -0.093789 -139.565 0.939965 -0.228596 0.253397 209.468 -0.267971 -0.0346097 0.962805 12.6041 0 0 0 1 
Seq_Frame0137_ForcepToReference-SequenceTransformStatus = OK
Seq_Frame0137_Timestamp = 15.821
Seq_Frame0138_ForcepToReference-SequenceTransform =-0.209271 -0.975422 -0.0689707 -137.298 0.929703 -0.220331 0.295139 205.342 -0.303081 -0.00235822 0.952962 11.7112 0 0 0 1 
Seq_Frame0138_ForcepToReference-SequenceTransformStatus = OK
Seq_Frame0138_Timestamp = 15.926
Seq_Frame0139_ForcepToReference-SequenceTransform =-0.203107 -0.978081 -0.0458801 -135.562 0.928802 -0.207283 0.307183 205.36 -0.30996 0.0197774 0.950544 10.7843 0 0 0 1 
Seq_Frame0139_ForcepToReference-SequenceTransformStatus = OK
Seq_Frame0139_Timestamp = 16.034
Seq_Frame0140_ForcepToReference-SequenceTransform =-0.198639 -0.978495 -0.0555898 -134.775 0.926248 -0.205966 0.315661 206.445 -0.320323 0.0112127 0.947242 12.4077 0 0 0 1 
Seq_Frame0140_ForcepToReference-SequenceTransformStatus = OK
Seq_Frame0140_Timestamp = 16.141
Seq_Frame0141_ForcepToReference-SequenceTransform =-0.189296 -0.979321 -0.0713913 -134.989 0.923431 -0.202267 0.326134 207.729 -0.33383 -0.00418922 0.942624 13.086 0 0 0 1 
Seq_Frame0141_ForcepToReference-SequenceTransformStatus = OK
Seq_Frame0141_Timestamp = 16.247
Seq_Frame0142_ForcepToReference-SequenceTransform =-0.179489 -0.982955 -0.039792 -135.415 0.930357 -0.182752 0.317863 210.05 -0.319717 0.0200322 0.947301 11.9941 0 0 0 1 
Seq_Frame0142_ForcepToReference-SequenceTransformStatus = OK
Seq_Frame0142_Timestamp = 16.355
Seq_Frame0143_ForcepToReference-SequenceTransform =-0.18091 -0.983318 -0.0189124 -135.661 0.926956 -0.176903 0.330843 210.877 -0.328669 0.0423216 0.943496 11.0827 0 0 0 1 
Seq_Frame0143_ForcepToReference-SequenceTransformStatus = OK
Seq_Frame0143_Timestamp = 16.462
Seq_Frame0144_ForcepToReference-SequenceTransform =-0.181996 -0.982888 -0.0284272 -137.093 0.93247 -0.181691 0.31223 210.268 -0.312052 0.0303172 0.949581 11.5285 0 0 0 1 
Seq_Frame0144_ForcepToReference-SequenceTransformStatus = OK
Seq_Frame0144_Timestamp = 16.571
Seq_Frame0145_ForcepToReference-SequenceTransform =-0.181904 -0.981919 -0.0523963 -137.924 0.932853 -0.189175 0.30659 210.637 -0.310959 0.00689193 0.950398 12.1992 0 0 0 1 
Seq_Frame0145_ForcepToReference-SequenceTransformStatus = OK
Seq_Frame0145_Timestamp = 16.679
Seq_Frame0146_ForcepToReference-SequenceTransform =-0.183424 -0.981069 -0.0621245 -139.422 0.933793 -0.193639 0.300891 211.76 -0.307224 -0.00282076 0.951633 12.5031 0 0 0 1 
Seq_Frame0146_ForcepToReference-SequenceTransformStatus = OK
Seq_Frame0146_Timestamp = 16.789
Seq_Frame0147_ForcepToReference-SequenceTransform =-0.185602 -0.981042 -0.0557531 -140.374 0.936047 -0.193781 0.293708 212.784 -0.298943 0.00232505 0.954268 13.0414 0 0 0 1 
Seq_Frame0147_ForcepToReference-SequenceTransformStatus = OK
Seq_Frame0147_Timestamp = 16.894
Seq_Frame0148_ForcepToReference-SequenceTransform =-0.188366 -0.979941 -0.0650645 -140.841 0.931885 -0.199255 0.30313 212.598 -0.310014 -0.00353324 0.950725 12.8997 0 0 0 1 
Seq_Frame0148_ForcepToReference-SequenceTransformStatus = OK
Seq_Frame0148_Timestamp = 17.004
Seq_Frame0149_ForcepToReference-SequenceTransform =-0.182124 -0.981714 -0.0553927 -140.697 0.934016 -0.190333 0.302305 211.87 -0.30732 0.00331934 0.951601 13.4227 0 0 0 1 
Seq_Frame0149_ForcepToReference-SequenceTransformStatus = OK
Seq_Frame0149_Timestamp = 17.109
