ObjectType = Image
NDims = 3
AnatomicalOrientation = RAI
BinaryData = True
CompressedData = False
DimSize = 0 0 2856
ElementSpacing = 1 1 1
Offset = 0 0 0
TransformMatrix = 1 0 0 0 1 0 0 0 1
ElementType = MET_UCHAR
Kinds = domain domain list
Seq_Frame0000_DriverToReference-SequenceTransform =-0.447576 0.891541 0.0695052 79.511 0.622388 0.254756 0.740089 5.17259 0.642113 0.374505 -0.668907 16.6066 0 0 0 1 
Seq_Frame0000_DriverToReference-SequenceTransformStatus = OK
Seq_Frame0000_Timestamp = 0.00800014
Seq_Frame0001_DriverToReference-SequenceTransform =-0.448004 0.89146 0.0677662 79.4852 0.619331 0.254792 0.742637 5.16018 0.644765 0.374674 -0.666256 16.6896 0 0 0 1 
Seq_Frame0001_DriverToReference-SequenceTransformStatus = OK
Seq_Frame0001_Timestamp = 0.115
Seq_Frame0002_DriverToReference-SequenceTransform =-0.447568 0.89156 0.0693104 79.5197 0.622406 0.254922 0.740018 5.16959 0.642101 0.374347 -0.669007 16.5971 0 0 0 1 
Seq_Frame0002_DriverToReference-SequenceTransformStatus = OK
Seq_Frame0002_Timestamp = 0.217
Seq_Frame0003_DriverToReference-SequenceTransform =-0.448051 0.891359 0.0687766 79.5098 0.623834 0.256616 0.738227 5.27214 0.640376 0.373669 -0.671036 16.5439 0 0 0 1 
Seq_Frame0003_DriverToReference-SequenceTransformStatus = OK
Seq_Frame0003_Timestamp = 0.318
Seq_Frame0004_DriverToReference-SequenceTransform =-0.4481 0.891468 0.0670243 79.4777 0.618715 0.255135 0.743032 5.16844 0.645289 0.374421 -0.665891 16.717 0 0 0 1 
Seq_Frame0004_DriverToReference-SequenceTransformStatus = OK
Seq_Frame0004_Timestamp = 0.431
Seq_Frame0005_DriverToReference-SequenceTransform =-0.452047 0.889838 0.0619782 79.3694 0.605599 0.255151 0.753756 5.18913 0.654907 0.378267 -0.654225 17.2542 0 0 0 1 
Seq_Frame0005_DriverToReference-SequenceTransformStatus = OK
Seq_Frame0005_Timestamp = 0.54
Seq_Frame0006_DriverToReference-SequenceTransform =-0.507745 0.847094 0.156932 82.3047 0.766811 0.361343 0.530502 4.14259 0.392679 0.389697 -0.83303 10.5183 0 0 0 1 
Seq_Frame0006_DriverToReference-SequenceTransformStatus = OK
Seq_Frame0006_Timestamp = 1.748
Seq_Frame0007_DriverToReference-SequenceTransform =-0.507745 0.847094 0.156932 82.3047 0.766811 0.361343 0.530502 4.14259 0.392679 0.389697 -0.83303 10.5183 0 0 0 1 
Seq_Frame0007_DriverToReference-SequenceTransformStatus = OK
Seq_Frame0007_Timestamp = 1.848
Seq_Frame0008_DriverToReference-SequenceTransform =-0.507745 0.847094 0.156932 82.3047 0.766811 0.361343 0.530502 4.14259 0.392679 0.389697 -0.83303 10.5183 0 0 0 1 
Seq_Frame0008_DriverToReference-SequenceTransformStatus = OK
Seq_Frame0008_Timestamp = 1.953
Seq_Frame0009_DriverToReference-SequenceTransform =-0.507745 0.847094 0.156932 82.3047 0.766811 0.361343 0.530502 4.14259 0.392679 0.389697 -0.83303 10.5183 0 0 0 1 
Seq_Frame0009_DriverToReference-SequenceTransformStatus = OK
Seq_Frame0009_Timestamp = 2.057
Seq_Frame0010_DriverToReference-SequenceTransform =-0.507745 0.847094 0.156932 82.3047 0.766811 0.361343 0.530502 4.14259 0.392679 0.389697 -0.83303 10.5183 0 0 0 1 
Seq_Frame0010_DriverToReference-SequenceTransformStatus = OK
Seq_Frame0010_Timestamp = 2.162
Seq_Frame0011_DriverToReference-SequenceTransform =-0.507745 0.847094 0.156932 82.3047 0.766811 0.361343 0.530502 4.14259 0.392679 0.389697 -0.83303 10.5183 0 0 0 1 
Seq_Frame0011_DriverToReference-SequenceTransformStatus = OK
Seq_Frame0011_Timestamp = 2.262
Seq_Frame0012_DriverToReference-SequenceTransform =-0.507745 0.847094 0.156932 82.3047 0.766811 0.361343 0.530502 4.14259 0.392679 0.389697 -0.83303 10.5183 0 0 0 1 
Seq_Frame0012_DriverToReference-SequenceTransformStatus = OK
Seq_Frame0012_Timestamp = 2.363
Seq_Frame0013_DriverToReference-SequenceTransform =-0.507745 0.847094 0.156932 82.3047 0.766811 0.361343 0.530502 4.14259 0.392679 0.389697 -0.83303 10.5183 0 0 0 1 
Seq_Frame0013_DriverToReference-SequenceTransformStatus = OK
Seq_Frame0013_Timestamp = 2.463
Seq_Frame0014_DriverToReference-SequenceTransform =-0.507745 0.847094 0.156932 82.3047 0.766811 0.361343 0.530502 4.14259 0.392679 0.389697 -0.83303 10.5183 0 0 0 1 
Seq_Frame0014_DriverToReference-SequenceTransformStatus = OK
Seq_Frame0014_Timestamp = 2.573
Seq_Frame0015_DriverToReference-SequenceTransform =-0.507745 0.847094 0.156932 82.3047 0.766811 0.361343 0.530502 4.14259 0.392679 0.389697 -0.83303 10.5183 0 0 0 1 
Seq_Frame0015_DriverToReference-SequenceTransformStatus = OK
Seq_Frame0015_Timestamp = 2.678
Seq_Frame0016_DriverToReference-SequenceTransform =-0.507745 0.847094 0.156932 82.3047 0.766811 0.361343 0.530502 4.14259 0.392679 0.389697 -0.83303 10.5183 0 0 0 1 
Seq_Frame0016_DriverToReference-SequenceTransformStatus = OK
Seq_Frame0016_Timestamp = 2.783
Seq_Frame0017_DriverToReference-SequenceTransform =-0.507745 0.847094 0.156932 82.3047 0.766811 0.361343 0.530502 4.14259 0.392679 0.389697 -0.83303 10.5183 0 0 0 1 
Seq_Frame0017_DriverToReference-SequenceTransformStatus = OK
Seq_Frame0017_Timestamp = 2.883
Seq_Frame0018_DriverToReference-SequenceTransform =-0.507745 0.847094 0.156932 82.3047 0.766811 0.361343 0.530502 4.14259 0.392679 0.389697 -0.83303 10.5183 0 0 0 1 
Seq_Frame0018_DriverToReference-SequenceTransformStatus = OK
Seq_Frame0018_Timestamp = 2.984
Seq_Frame0019_DriverToReference-SequenceTransform =-0.507745 0.847094 0.156932 82.3047 0.766811 0.361343 0.530502 4.14259 0.392679 0.389697 -0.83303 10.5183 0 0 0 1 
Seq_Frame0019_DriverToReference-SequenceTransformStatus = OK
Seq_Frame0019_Timestamp = 3.091
Seq_Frame0020_DriverToReference-SequenceTransform =-0.507745 0.847094 0.156932 82.3047 0.766811 0.361343 0.530502 4.14259 0.392679 0.389697 -0.83303 10.5183 0 0 0 1 
Seq_Frame0020_DriverToReference-SequenceTransformStatus = OK
Seq_Frame0020_Timestamp = 3.198
Seq_Frame0021_DriverToReference-SequenceTransform =-0.507745 0.847094 0.156932 82.3047 0.766811 0.361343 0.530502 4.14259 0.392679 0.389697 -0.83303 10.5183 0 0 0 1 
Seq_Frame0021_DriverToReference-SequenceTransformStatus = OK
Seq_Frame0021_Timestamp = 3.298
Seq_Frame0022_DriverToReference-SequenceTransform =-0.507745 0.847094 0.156932 82.3047 0.766811 0.361343 0.530502 4.14259 0.392679 0.389697 -0.83303 10.5183 0 0 0 1 
Seq_Frame0022_DriverToReference-SequenceTransformStatus = OK
Seq_Frame0022_Timestamp = 3.402
Seq_Frame0023_DriverToReference-SequenceTransform =-0.557905 0.828017 0.0559378 -7.23919 0.827383 0.549695 0.115203 240.112 0.0646415 0.110554 -0.991766 93.8555 0 0 0 1 
Seq_Frame0023_DriverToReference-SequenceTransformStatus = OK
Seq_Frame0023_Timestamp = 3.503
Seq_Frame0024_DriverToReference-SequenceTransform =-0.568314 0.817248 0.0955267 -10.808 0.821064 0.570836 0.00112947 234.059 -0.053607 0.0790754 -0.995426 97.598 0 0 0 1 
Seq_Frame0024_DriverToReference-SequenceTransformStatus = OK
Seq_Frame0024_Timestamp = 3.608
Seq_Frame0025_DriverToReference-SequenceTransform =-0.548554 0.809415 0.209609 -10.7187 0.833921 0.547794 0.0670672 229.944 -0.0605371 0.211587 -0.975483 94.6364 0 0 0 1 
Seq_Frame0025_DriverToReference-SequenceTransformStatus = OK
Seq_Frame0025_Timestamp = 3.709
Seq_Frame0026_DriverToReference-SequenceTransform =-0.394967 0.755205 0.523131 -11.8207 0.820093 0.546478 -0.169734 223.45 -0.414063 0.361977 -0.835179 96.1315 0 0 0 1 
Seq_Frame0026_DriverToReference-SequenceTransformStatus = OK
Seq_Frame0026_Timestamp = 3.813
Seq_Frame0027_DriverToReference-SequenceTransform =-0.162594 0.608094 0.777036 -15.5118 0.644349 0.661843 -0.383117 221.925 -0.747247 0.438389 -0.499437 103.073 0 0 0 1 
Seq_Frame0027_DriverToReference-SequenceTransformStatus = OK
Seq_Frame0027_Timestamp = 3.913
Seq_Frame0028_DriverToReference-SequenceTransform =-0.0360169 0.508936 0.860051 -17.4407 0.565585 0.719899 -0.402316 222.936 -0.823903 0.471942 -0.313775 102.574 0 0 0 1 
Seq_Frame0028_DriverToReference-SequenceTransformStatus = OK
Seq_Frame0028_Timestamp = 4.014
Seq_Frame0029_DriverToReference-SequenceTransform =-0.0360169 0.508936 0.860051 -17.4407 0.565585 0.719899 -0.402316 222.936 -0.823903 0.471942 -0.313775 102.574 0 0 0 1 
Seq_Frame0029_DriverToReference-SequenceTransformStatus = OK
Seq_Frame0029_Timestamp = 4.122
Seq_Frame0030_DriverToReference-SequenceTransform =0.927368 0.28932 0.237242 -51.0522 -0.288879 0.956634 -0.037412 265.984 -0.237778 -0.0338396 0.97073 114.962 0 0 0 1 
Seq_Frame0030_DriverToReference-SequenceTransformStatus = OK
Seq_Frame0030_Timestamp = 4.224
Seq_Frame0031_DriverToReference-SequenceTransform =0.844466 0.234345 0.481621 -50.5524 -0.204174 0.972153 -0.115032 264.513 -0.495167 -0.00119397 0.868797 116.493 0 0 0 1 
Seq_Frame0031_DriverToReference-SequenceTransformStatus = OK
Seq_Frame0031_Timestamp = 4.324
Seq_Frame0032_DriverToReference-SequenceTransform =0.846445 0.270661 0.458556 -50.5622 -0.240264 0.962664 -0.124709 262.756 -0.475189 -0.00461548 0.879872 119.459 0 0 0 1 
Seq_Frame0032_DriverToReference-SequenceTransformStatus = OK
Seq_Frame0032_Timestamp = 4.428
Seq_Frame0033_DriverToReference-SequenceTransform =0.846445 0.270661 0.458556 -50.5622 -0.240264 0.962664 -0.124709 262.756 -0.475189 -0.00461548 0.879872 119.459 0 0 0 1 
Seq_Frame0033_DriverToReference-SequenceTransformStatus = OK
Seq_Frame0033_Timestamp = 4.528
Seq_Frame0034_DriverToReference-SequenceTransform =0.846445 0.270661 0.458556 -50.5622 -0.240264 0.962664 -0.124709 262.756 -0.475189 -0.00461548 0.879872 119.459 0 0 0 1 
Seq_Frame0034_DriverToReference-SequenceTransformStatus = OK
Seq_Frame0034_Timestamp = 4.638
Seq_Frame0035_DriverToReference-SequenceTransform =0.846445 0.270661 0.458556 -50.5622 -0.240264 0.962664 -0.124709 262.756 -0.475189 -0.00461548 0.879872 119.459 0 0 0 1 
Seq_Frame0035_DriverToReference-SequenceTransformStatus = OK
Seq_Frame0035_Timestamp = 4.743
Seq_Frame0036_DriverToReference-SequenceTransform =0.846445 0.270661 0.458556 -50.5622 -0.240264 0.962664 -0.124709 262.756 -0.475189 -0.00461548 0.879872 119.459 0 0 0 1 
Seq_Frame0036_DriverToReference-SequenceTransformStatus = OK
Seq_Frame0036_Timestamp = 4.848
Seq_Frame0037_DriverToReference-SequenceTransform =0.846445 0.270661 0.458556 -50.5622 -0.240264 0.962664 -0.124709 262.756 -0.475189 -0.00461548 0.879872 119.459 0 0 0 1 
Seq_Frame0037_DriverToReference-SequenceTransformStatus = OK
Seq_Frame0037_Timestamp = 4.949
Seq_Frame0038_DriverToReference-SequenceTransform =0.846445 0.270661 0.458556 -50.5622 -0.240264 0.962664 -0.124709 262.756 -0.475189 -0.00461548 0.879872 119.459 0 0 0 1 
Seq_Frame0038_DriverToReference-SequenceTransformStatus = OK
Seq_Frame0038_Timestamp = 5.052
Seq_Frame0039_DriverToReference-SequenceTransform =0.846445 0.270661 0.458556 -50.5622 -0.240264 0.962664 -0.124709 262.756 -0.475189 -0.00461548 0.879872 119.459 0 0 0 1 
Seq_Frame0039_DriverToReference-SequenceTransformStatus = OK
Seq_Frame0039_Timestamp = 5.158
Seq_Frame0040_DriverToReference-SequenceTransform =0.846445 0.270661 0.458556 -50.5622 -0.240264 0.962664 -0.124709 262.756 -0.475189 -0.00461548 0.879872 119.459 0 0 0 1 
Seq_Frame0040_DriverToReference-SequenceTransformStatus = OK
Seq_Frame0040_Timestamp = 5.267
Seq_Frame0041_DriverToReference-SequenceTransform =0.846445 0.270661 0.458556 -50.5622 -0.240264 0.962664 -0.124709 262.756 -0.475189 -0.00461548 0.879872 119.459 0 0 0 1 
Seq_Frame0041_DriverToReference-SequenceTransformStatus = OK
Seq_Frame0041_Timestamp = 5.373
Seq_Frame0042_DriverToReference-SequenceTransform =0.846445 0.270661 0.458556 -50.5622 -0.240264 0.962664 -0.124709 262.756 -0.475189 -0.00461548 0.879872 119.459 0 0 0 1 
Seq_Frame0042_DriverToReference-SequenceTransformStatus = OK
Seq_Frame0042_Timestamp = 5.473
Seq_Frame0043_DriverToReference-SequenceTransform =0.846445 0.270661 0.458556 -50.5622 -0.240264 0.962664 -0.124709 262.756 -0.475189 -0.00461548 0.879872 119.459 0 0 0 1 
Seq_Frame0043_DriverToReference-SequenceTransformStatus = OK
Seq_Frame0043_Timestamp = 5.578
Seq_Frame0044_DriverToReference-SequenceTransform =0.846445 0.270661 0.458556 -50.5622 -0.240264 0.962664 -0.124709 262.756 -0.475189 -0.00461548 0.879872 119.459 0 0 0 1 
Seq_Frame0044_DriverToReference-SequenceTransformStatus = OK
Seq_Frame0044_Timestamp = 5.681
Seq_Frame0045_DriverToReference-SequenceTransform =0.846445 0.270661 0.458556 -50.5622 -0.240264 0.962664 -0.124709 262.756 -0.475189 -0.00461548 0.879872 119.459 0 0 0 1 
Seq_Frame0045_DriverToReference-SequenceTransformStatus = OK
Seq_Frame0045_Timestamp = 5.784
Seq_Frame0046_DriverToReference-SequenceTransform =0.846445 0.270661 0.458556 -50.5622 -0.240264 0.962664 -0.124709 262.756 -0.475189 -0.00461548 0.879872 119.459 0 0 0 1 
Seq_Frame0046_DriverToReference-SequenceTransformStatus = OK
Seq_Frame0046_Timestamp = 5.884
Seq_Frame0047_DriverToReference-SequenceTransform =0.846445 0.270661 0.458556 -50.5622 -0.240264 0.962664 -0.124709 262.756 -0.475189 -0.00461548 0.879872 119.459 0 0 0 1 
Seq_Frame0047_DriverToReference-SequenceTransformStatus = OK
Seq_Frame0047_Timestamp = 5.988
Seq_Frame0048_DriverToReference-SequenceTransform =0.846445 0.270661 0.458556 -50.5622 -0.240264 0.962664 -0.124709 262.756 -0.475189 -0.00461548 0.879872 119.459 0 0 0 1 
Seq_Frame0048_DriverToReference-SequenceTransformStatus = OK
Seq_Frame0048_Timestamp = 6.09
Seq_Frame0049_DriverToReference-SequenceTransform =0.846445 0.270661 0.458556 -50.5622 -0.240264 0.962664 -0.124709 262.756 -0.475189 -0.00461548 0.879872 119.459 0 0 0 1 
Seq_Frame0049_DriverToReference-SequenceTransformStatus = OK
Seq_Frame0049_Timestamp = 6.193
Seq_Frame0050_DriverToReference-SequenceTransform =0.846445 0.270661 0.458556 -50.5622 -0.240264 0.962664 -0.124709 262.756 -0.475189 -0.00461548 0.879872 119.459 0 0 0 1 
Seq_Frame0050_DriverToReference-SequenceTransformStatus = OK
Seq_Frame0050_Timestamp = 6.298
Seq_Frame0051_DriverToReference-SequenceTransform =0.846445 0.270661 0.458556 -50.5622 -0.240264 0.962664 -0.124709 262.756 -0.475189 -0.00461548 0.879872 119.459 0 0 0 1 
Seq_Frame0051_DriverToReference-SequenceTransformStatus = OK
Seq_Frame0051_Timestamp = 6.403
Seq_Frame0052_DriverToReference-SequenceTransform =0.846445 0.270661 0.458556 -50.5622 -0.240264 0.962664 -0.124709 262.756 -0.475189 -0.00461548 0.879872 119.459 0 0 0 1 
Seq_Frame0052_DriverToReference-SequenceTransformStatus = OK
Seq_Frame0052_Timestamp = 6.504
Seq_Frame0053_DriverToReference-SequenceTransform =0.846445 0.270661 0.458556 -50.5622 -0.240264 0.962664 -0.124709 262.756 -0.475189 -0.00461548 0.879872 119.459 0 0 0 1 
Seq_Frame0053_DriverToReference-SequenceTransformStatus = OK
Seq_Frame0053_Timestamp = 6.607
Seq_Frame0054_DriverToReference-SequenceTransform =0.846445 0.270661 0.458556 -50.5622 -0.240264 0.962664 -0.124709 262.756 -0.475189 -0.00461548 0.879872 119.459 0 0 0 1 
Seq_Frame0054_DriverToReference-SequenceTransformStatus = OK
Seq_Frame0054_Timestamp = 6.713
Seq_Frame0055_DriverToReference-SequenceTransform =0.846445 0.270661 0.458556 -50.5622 -0.240264 0.962664 -0.124709 262.756 -0.475189 -0.00461548 0.879872 119.459 0 0 0 1 
Seq_Frame0055_DriverToReference-SequenceTransformStatus = OK
Seq_Frame0055_Timestamp = 6.814
Seq_Frame0056_DriverToReference-SequenceTransform =0.846445 0.270661 0.458556 -50.5622 -0.240264 0.962664 -0.124709 262.756 -0.475189 -0.00461548 0.879872 119.459 0 0 0 1 
Seq_Frame0056_DriverToReference-SequenceTransformStatus = OK
Seq_Frame0056_Timestamp = 6.923
Seq_Frame0057_DriverToReference-SequenceTransform =0.846445 0.270661 0.458556 -50.5622 -0.240264 0.962664 -0.124709 262.756 -0.475189 -0.00461548 0.879872 119.459 0 0 0 1 
Seq_Frame0057_DriverToReference-SequenceTransformStatus = OK
Seq_Frame0057_Timestamp = 7.029
Seq_Frame0058_DriverToReference-SequenceTransform =0.846445 0.270661 0.458556 -50.5622 -0.240264 0.962664 -0.124709 262.756 -0.475189 -0.00461548 0.879872 119.459 0 0 0 1 
Seq_Frame0058_DriverToReference-SequenceTransformStatus = OK
Seq_Frame0058_Timestamp = 7.133
Seq_Frame0059_DriverToReference-SequenceTransform =0.846445 0.270661 0.458556 -50.5622 -0.240264 0.962664 -0.124709 262.756 -0.475189 -0.00461548 0.879872 119.459 0 0 0 1 
Seq_Frame0059_DriverToReference-SequenceTransformStatus = OK
Seq_Frame0059_Timestamp = 7.242
Seq_Frame0060_DriverToReference-SequenceTransform =0.846445 0.270661 0.458556 -50.5622 -0.240264 0.962664 -0.124709 262.756 -0.475189 -0.00461548 0.879872 119.459 0 0 0 1 
Seq_Frame0060_DriverToReference-SequenceTransformStatus = OK
Seq_Frame0060_Timestamp = 7.351
Seq_Frame0061_DriverToReference-SequenceTransform =0.846445 0.270661 0.458556 -50.5622 -0.240264 0.962664 -0.124709 262.756 -0.475189 -0.00461548 0.879872 119.459 0 0 0 1 
Seq_Frame0061_DriverToReference-SequenceTransformStatus = OK
Seq_Frame0061_Timestamp = 7.458
Seq_Frame0062_DriverToReference-SequenceTransform =0.846445 0.270661 0.458556 -50.5622 -0.240264 0.962664 -0.124709 262.756 -0.475189 -0.00461548 0.879872 119.459 0 0 0 1 
Seq_Frame0062_DriverToReference-SequenceTransformStatus = OK
Seq_Frame0062_Timestamp = 7.568
Seq_Frame0063_DriverToReference-SequenceTransform =0.846445 0.270661 0.458556 -50.5622 -0.240264 0.962664 -0.124709 262.756 -0.475189 -0.00461548 0.879872 119.459 0 0 0 1 
Seq_Frame0063_DriverToReference-SequenceTransformStatus = OK
Seq_Frame0063_Timestamp = 7.672
Seq_Frame0064_DriverToReference-SequenceTransform =0.846445 0.270661 0.458556 -50.5622 -0.240264 0.962664 -0.124709 262.756 -0.475189 -0.00461548 0.879872 119.459 0 0 0 1 
Seq_Frame0064_DriverToReference-SequenceTransformStatus = OK
Seq_Frame0064_Timestamp = 7.782
Seq_Frame0065_DriverToReference-SequenceTransform =0.846445 0.270661 0.458556 -50.5622 -0.240264 0.962664 -0.124709 262.756 -0.475189 -0.00461548 0.879872 119.459 0 0 0 1 
Seq_Frame0065_DriverToReference-SequenceTransformStatus = OK
Seq_Frame0065_Timestamp = 7.888
Seq_Frame0066_DriverToReference-SequenceTransform =0.846445 0.270661 0.458556 -50.5622 -0.240264 0.962664 -0.124709 262.756 -0.475189 -0.00461548 0.879872 119.459 0 0 0 1 
Seq_Frame0066_DriverToReference-SequenceTransformStatus = OK
Seq_Frame0066_Timestamp = 7.994
Seq_Frame0067_DriverToReference-SequenceTransform =0.846445 0.270661 0.458556 -50.5622 -0.240264 0.962664 -0.124709 262.756 -0.475189 -0.00461548 0.879872 119.459 0 0 0 1 
Seq_Frame0067_DriverToReference-SequenceTransformStatus = OK
Seq_Frame0067_Timestamp = 8.1
Seq_Frame0068_DriverToReference-SequenceTransform =0.846445 0.270661 0.458556 -50.5622 -0.240264 0.962664 -0.124709 262.756 -0.475189 -0.00461548 0.879872 119.459 0 0 0 1 
Seq_Frame0068_DriverToReference-SequenceTransformStatus = OK
Seq_Frame0068_Timestamp = 8.222
Seq_Frame0069_DriverToReference-SequenceTransform =0.846445 0.270661 0.458556 -50.5622 -0.240264 0.962664 -0.124709 262.756 -0.475189 -0.00461548 0.879872 119.459 0 0 0 1 
Seq_Frame0069_DriverToReference-SequenceTransformStatus = OK
Seq_Frame0069_Timestamp = 8.326
Seq_Frame0070_DriverToReference-SequenceTransform =0.846445 0.270661 0.458556 -50.5622 -0.240264 0.962664 -0.124709 262.756 -0.475189 -0.00461548 0.879872 119.459 0 0 0 1 
Seq_Frame0070_DriverToReference-SequenceTransformStatus = OK
Seq_Frame0070_Timestamp = 8.431
Seq_Frame0071_DriverToReference-SequenceTransform =0.846445 0.270661 0.458556 -50.5622 -0.240264 0.962664 -0.124709 262.756 -0.475189 -0.00461548 0.879872 119.459 0 0 0 1 
Seq_Frame0071_DriverToReference-SequenceTransformStatus = OK
Seq_Frame0071_Timestamp = 8.567
Seq_Frame0072_DriverToReference-SequenceTransform =0.846445 0.270661 0.458556 -50.5622 -0.240264 0.962664 -0.124709 262.756 -0.475189 -0.00461548 0.879872 119.459 0 0 0 1 
Seq_Frame0072_DriverToReference-SequenceTransformStatus = OK
Seq_Frame0072_Timestamp = 8.673
Seq_Frame0073_DriverToReference-SequenceTransform =0.846445 0.270661 0.458556 -50.5622 -0.240264 0.962664 -0.124709 262.756 -0.475189 -0.00461548 0.879872 119.459 0 0 0 1 
Seq_Frame0073_DriverToReference-SequenceTransformStatus = OK
Seq_Frame0073_Timestamp = 8.781
Seq_Frame0074_DriverToReference-SequenceTransform =0.846445 0.270661 0.458556 -50.5622 -0.240264 0.962664 -0.124709 262.756 -0.475189 -0.00461548 0.879872 119.459 0 0 0 1 
Seq_Frame0074_DriverToReference-SequenceTransformStatus = OK
Seq_Frame0074_Timestamp = 8.886
Seq_Frame0075_DriverToReference-SequenceTransform =0.846445 0.270661 0.458556 -50.5622 -0.240264 0.962664 -0.124709 262.756 -0.475189 -0.00461548 0.879872 119.459 0 0 0 1 
Seq_Frame0075_DriverToReference-SequenceTransformStatus = OK
Seq_Frame0075_Timestamp = 8.992
Seq_Frame0076_DriverToReference-SequenceTransform =0.846445 0.270661 0.458556 -50.5622 -0.240264 0.962664 -0.124709 262.756 -0.475189 -0.00461548 0.879872 119.459 0 0 0 1 
Seq_Frame0076_DriverToReference-SequenceTransformStatus = OK
Seq_Frame0076_Timestamp = 9.1
Seq_Frame0077_DriverToReference-SequenceTransform =0.846445 0.270661 0.458556 -50.5622 -0.240264 0.962664 -0.124709 262.756 -0.475189 -0.00461548 0.879872 119.459 0 0 0 1 
Seq_Frame0077_DriverToReference-SequenceTransformStatus = OK
Seq_Frame0077_Timestamp = 9.203
Seq_Frame0078_DriverToReference-SequenceTransform =0.846445 0.270661 0.458556 -50.5622 -0.240264 0.962664 -0.124709 262.756 -0.475189 -0.00461548 0.879872 119.459 0 0 0 1 
Seq_Frame0078_DriverToReference-SequenceTransformStatus = OK
Seq_Frame0078_Timestamp = 9.314
Seq_Frame0079_DriverToReference-SequenceTransform =0.846445 0.270661 0.458556 -50.5622 -0.240264 0.962664 -0.124709 262.756 -0.475189 -0.00461548 0.879872 119.459 0 0 0 1 
Seq_Frame0079_DriverToReference-SequenceTransformStatus = OK
Seq_Frame0079_Timestamp = 9.418
Seq_Frame0080_DriverToReference-SequenceTransform =0.846445 0.270661 0.458556 -50.5622 -0.240264 0.962664 -0.124709 262.756 -0.475189 -0.00461548 0.879872 119.459 0 0 0 1 
Seq_Frame0080_DriverToReference-SequenceTransformStatus = OK
Seq_Frame0080_Timestamp = 9.527
Seq_Frame0081_DriverToReference-SequenceTransform =0.846445 0.270661 0.458556 -50.5622 -0.240264 0.962664 -0.124709 262.756 -0.475189 -0.00461548 0.879872 119.459 0 0 0 1 
Seq_Frame0081_DriverToReference-SequenceTransformStatus = OK
Seq_Frame0081_Timestamp = 9.635
Seq_Frame0082_DriverToReference-SequenceTransform =0.846445 0.270661 0.458556 -50.5622 -0.240264 0.962664 -0.124709 262.756 -0.475189 -0.00461548 0.879872 119.459 0 0 0 1 
Seq_Frame0082_DriverToReference-SequenceTransformStatus = OK
Seq_Frame0082_Timestamp = 9.738
Seq_Frame0083_DriverToReference-SequenceTransform =0.846445 0.270661 0.458556 -50.5622 -0.240264 0.962664 -0.124709 262.756 -0.475189 -0.00461548 0.879872 119.459 0 0 0 1 
Seq_Frame0083_DriverToReference-SequenceTransformStatus = OK
Seq_Frame0083_Timestamp = 9.845
Seq_Frame0084_DriverToReference-SequenceTransform =0.846445 0.270661 0.458556 -50.5622 -0.240264 0.962664 -0.124709 262.756 -0.475189 -0.00461548 0.879872 119.459 0 0 0 1 
Seq_Frame0084_DriverToReference-SequenceTransformStatus = OK
Seq_Frame0084_Timestamp = 9.95
Seq_Frame0085_DriverToReference-SequenceTransform =0.846445 0.270661 0.458556 -50.5622 -0.240264 0.962664 -0.124709 262.756 -0.475189 -0.00461548 0.879872 119.459 0 0 0 1 
Seq_Frame0085_DriverToReference-SequenceTransformStatus = OK
Seq_Frame0085_Timestamp = 10.055
Seq_Frame0086_DriverToReference-SequenceTransform =0.846445 0.270661 0.458556 -50.5622 -0.240264 0.962664 -0.124709 262.756 -0.475189 -0.00461548 0.879872 119.459 0 0 0 1 
Seq_Frame0086_DriverToReference-SequenceTransformStatus = OK
Seq_Frame0086_Timestamp = 10.161
Seq_Frame0087_DriverToReference-SequenceTransform =0.846445 0.270661 0.458556 -50.5622 -0.240264 0.962664 -0.124709 262.756 -0.475189 -0.00461548 0.879872 119.459 0 0 0 1 
Seq_Frame0087_DriverToReference-SequenceTransformStatus = OK
Seq_Frame0087_Timestamp = 10.269
Seq_Frame0088_DriverToReference-SequenceTransform =0.846445 0.270661 0.458556 -50.5622 -0.240264 0.962664 -0.124709 262.756 -0.475189 -0.00461548 0.879872 119.459 0 0 0 1 
Seq_Frame0088_DriverToReference-SequenceTransformStatus = OK
Seq_Frame0088_Timestamp = 10.373
Seq_Frame0089_DriverToReference-SequenceTransform =0.846445 0.270661 0.458556 -50.5622 -0.240264 0.962664 -0.124709 262.756 -0.475189 -0.00461548 0.879872 119.459 0 0 0 1 
Seq_Frame0089_DriverToReference-SequenceTransformStatus = OK
Seq_Frame0089_Timestamp = 10.48
Seq_Frame0090_DriverToReference-SequenceTransform =0.846445 0.270661 0.458556 -50.5622 -0.240264 0.962664 -0.124709 262.756 -0.475189 -0.00461548 0.879872 119.459 0 0 0 1 
Seq_Frame0090_DriverToReference-SequenceTransformStatus = OK
Seq_Frame0090_Timestamp = 10.589
Seq_Frame0091_DriverToReference-SequenceTransform =0.846445 0.270661 0.458556 -50.5622 -0.240264 0.962664 -0.124709 262.756 -0.475189 -0.00461548 0.879872 119.459 0 0 0 1 
Seq_Frame0091_DriverToReference-SequenceTransformStatus = OK
Seq_Frame0091_Timestamp = 10.698
Seq_Frame0092_DriverToReference-SequenceTransform =0.846445 0.270661 0.458556 -50.5622 -0.240264 0.962664 -0.124709 262.756 -0.475189 -0.00461548 0.879872 119.459 0 0 0 1 
Seq_Frame0092_DriverToReference-SequenceTransformStatus = OK
Seq_Frame0092_Timestamp = 10.808
Seq_Frame0093_DriverToReference-SequenceTransform =0.846445 0.270661 0.458556 -50.5622 -0.240264 0.962664 -0.124709 262.756 -0.475189 -0.00461548 0.879872 119.459 0 0 0 1 
Seq_Frame0093_DriverToReference-SequenceTransformStatus = OK
Seq_Frame0093_Timestamp = 10.91
Seq_Frame0094_DriverToReference-SequenceTransform =0.846445 0.270661 0.458556 -50.5622 -0.240264 0.962664 -0.124709 262.756 -0.475189 -0.00461548 0.879872 119.459 0 0 0 1 
Seq_Frame0094_DriverToReference-SequenceTransformStatus = OK
Seq_Frame0094_Timestamp = 11.016
Seq_Frame0095_DriverToReference-SequenceTransform =0.846445 0.270661 0.458556 -50.5622 -0.240264 0.962664 -0.124709 262.756 -0.475189 -0.00461548 0.879872 119.459 0 0 0 1 
Seq_Frame0095_DriverToReference-SequenceTransformStatus = OK
Seq_Frame0095_Timestamp = 11.122
Seq_Frame0096_DriverToReference-SequenceTransform =0.846445 0.270661 0.458556 -50.5622 -0.240264 0.962664 -0.124709 262.756 -0.475189 -0.00461548 0.879872 119.459 0 0 0 1 
Seq_Frame0096_DriverToReference-SequenceTransformStatus = OK
Seq_Frame0096_Timestamp = 11.227
Seq_Frame0097_DriverToReference-SequenceTransform =0.846445 0.270661 0.458556 -50.5622 -0.240264 0.962664 -0.124709 262.756 -0.475189 -0.00461548 0.879872 119.459 0 0 0 1 
Seq_Frame0097_DriverToReference-SequenceTransformStatus = OK
Seq_Frame0097_Timestamp = 11.348
Seq_Frame0098_DriverToReference-SequenceTransform =0.846445 0.270661 0.458556 -50.5622 -0.240264 0.962664 -0.124709 262.756 -0.475189 -0.00461548 0.879872 119.459 0 0 0 1 
Seq_Frame0098_DriverToReference-SequenceTransformStatus = OK
Seq_Frame0098_Timestamp = 11.453
Seq_Frame0099_DriverToReference-SequenceTransform =0.846445 0.270661 0.458556 -50.5622 -0.240264 0.962664 -0.124709 262.756 -0.475189 -0.00461548 0.879872 119.459 0 0 0 1 
Seq_Frame0099_DriverToReference-SequenceTransformStatus = OK
Seq_Frame0099_Timestamp = 11.589
Seq_Frame0100_DriverToReference-SequenceTransform =0.846445 0.270661 0.458556 -50.5622 -0.240264 0.962664 -0.124709 262.756 -0.475189 -0.00461548 0.879872 119.459 0 0 0 1 
Seq_Frame0100_DriverToReference-SequenceTransformStatus = OK
Seq_Frame0100_Timestamp = 11.71
Seq_Frame0101_DriverToReference-SequenceTransform =0.846445 0.270661 0.458556 -50.5622 -0.240264 0.962664 -0.124709 262.756 -0.475189 -0.00461548 0.879872 119.459 0 0 0 1 
Seq_Frame0101_DriverToReference-SequenceTransformStatus = OK
Seq_Frame0101_Timestamp = 11.815
Seq_Frame0102_DriverToReference-SequenceTransform =0.846445 0.270661 0.458556 -50.5622 -0.240264 0.962664 -0.124709 262.756 -0.475189 -0.00461548 0.879872 119.459 0 0 0 1 
Seq_Frame0102_DriverToReference-SequenceTransformStatus = OK
Seq_Frame0102_Timestamp = 11.925
Seq_Frame0103_DriverToReference-SequenceTransform =0.846445 0.270661 0.458556 -50.5622 -0.240264 0.962664 -0.124709 262.756 -0.475189 -0.00461548 0.879872 119.459 0 0 0 1 
Seq_Frame0103_DriverToReference-SequenceTransformStatus = OK
Seq_Frame0103_Timestamp = 12.043
Seq_Frame0104_DriverToReference-SequenceTransform =0.846445 0.270661 0.458556 -50.5622 -0.240264 0.962664 -0.124709 262.756 -0.475189 -0.00461548 0.879872 119.459 0 0 0 1 
Seq_Frame0104_DriverToReference-SequenceTransformStatus = OK
Seq_Frame0104_Timestamp = 12.153
Seq_Frame0105_DriverToReference-SequenceTransform =0.846445 0.270661 0.458556 -50.5622 -0.240264 0.962664 -0.124709 262.756 -0.475189 -0.00461548 0.879872 119.459 0 0 0 1 
Seq_Frame0105_DriverToReference-SequenceTransformStatus = OK
Seq_Frame0105_Timestamp = 12.259
Seq_Frame0106_DriverToReference-SequenceTransform =0.846445 0.270661 0.458556 -50.5622 -0.240264 0.962664 -0.124709 262.756 -0.475189 -0.00461548 0.879872 119.459 0 0 0 1 
Seq_Frame0106_DriverToReference-SequenceTransformStatus = OK
Seq_Frame0106_Timestamp = 12.37
Seq_Frame0107_DriverToReference-SequenceTransform =0.910926 -0.0913878 0.402321 -80.7777 0.404386 0.391036 -0.826779 188.203 -0.0817643 0.915827 0.393161 150.211 0 0 0 1 
Seq_Frame0107_DriverToReference-SequenceTransformStatus = OK
Seq_Frame0107_Timestamp = 12.476
Seq_Frame0108_DriverToReference-SequenceTransform =0.831078 -0.025719 0.55556 -76.8153 0.525561 0.363066 -0.769395 189.232 -0.181917 0.931409 0.315253 150.861 0 0 0 1 
Seq_Frame0108_DriverToReference-SequenceTransformStatus = OK
Seq_Frame0108_Timestamp = 12.586
Seq_Frame0109_DriverToReference-SequenceTransform =0.831078 -0.025719 0.55556 -76.8153 0.525561 0.363066 -0.769395 189.232 -0.181917 0.931409 0.315253 150.861 0 0 0 1 
Seq_Frame0109_DriverToReference-SequenceTransformStatus = OK
Seq_Frame0109_Timestamp = 12.689
Seq_Frame0110_DriverToReference-SequenceTransform =0.831078 -0.025719 0.55556 -76.8153 0.525561 0.363066 -0.769395 189.232 -0.181917 0.931409 0.315253 150.861 0 0 0 1 
Seq_Frame0110_DriverToReference-SequenceTransformStatus = OK
Seq_Frame0110_Timestamp = 12.809
Seq_Frame0111_DriverToReference-SequenceTransform =0.831078 -0.025719 0.55556 -76.8153 0.525561 0.363066 -0.769395 189.232 -0.181917 0.931409 0.315253 150.861 0 0 0 1 
Seq_Frame0111_DriverToReference-SequenceTransformStatus = OK
Seq_Frame0111_Timestamp = 12.915
Seq_Frame0112_DriverToReference-SequenceTransform =0.831078 -0.025719 0.55556 -76.8153 0.525561 0.363066 -0.769395 189.232 -0.181917 0.931409 0.315253 150.861 0 0 0 1 
Seq_Frame0112_DriverToReference-SequenceTransformStatus = OK
Seq_Frame0112_Timestamp = 13.022
Seq_Frame0113_DriverToReference-SequenceTransform =0.831078 -0.025719 0.55556 -76.8153 0.525561 0.363066 -0.769395 189.232 -0.181917 0.931409 0.315253 150.861 0 0 0 1 
Seq_Frame0113_DriverToReference-SequenceTransformStatus = OK
Seq_Frame0113_Timestamp = 13.126
Seq_Frame0114_DriverToReference-SequenceTransform =0.831078 -0.025719 0.55556 -76.8153 0.525561 0.363066 -0.769395 189.232 -0.181917 0.931409 0.315253 150.861 0 0 0 1 
Seq_Frame0114_DriverToReference-SequenceTransformStatus = OK
Seq_Frame0114_Timestamp = 13.239
Seq_Frame0115_DriverToReference-SequenceTransform =0.831078 -0.025719 0.55556 -76.8153 0.525561 0.363066 -0.769395 189.232 -0.181917 0.931409 0.315253 150.861 0 0 0 1 
Seq_Frame0115_DriverToReference-SequenceTransformStatus = OK
Seq_Frame0115_Timestamp = 13.371
Seq_Frame0116_DriverToReference-SequenceTransform =0.831078 -0.025719 0.55556 -76.8153 0.525561 0.363066 -0.769395 189.232 -0.181917 0.931409 0.315253 150.861 0 0 0 1 
Seq_Frame0116_DriverToReference-SequenceTransformStatus = OK
Seq_Frame0116_Timestamp = 13.492
Seq_Frame0117_DriverToReference-SequenceTransform =0.831078 -0.025719 0.55556 -76.8153 0.525561 0.363066 -0.769395 189.232 -0.181917 0.931409 0.315253 150.861 0 0 0 1 
Seq_Frame0117_DriverToReference-SequenceTransformStatus = OK
Seq_Frame0117_Timestamp = 13.598
Seq_Frame0118_DriverToReference-SequenceTransform =0.831078 -0.025719 0.55556 -76.8153 0.525561 0.363066 -0.769395 189.232 -0.181917 0.931409 0.315253 150.861 0 0 0 1 
Seq_Frame0118_DriverToReference-SequenceTransformStatus = OK
Seq_Frame0118_Timestamp = 13.705
Seq_Frame0119_DriverToReference-SequenceTransform =0.831078 -0.025719 0.55556 -76.8153 0.525561 0.363066 -0.769395 189.232 -0.181917 0.931409 0.315253 150.861 0 0 0 1 
Seq_Frame0119_DriverToReference-SequenceTransformStatus = OK
Seq_Frame0119_Timestamp = 13.808
Seq_Frame0120_DriverToReference-SequenceTransform =0.831078 -0.025719 0.55556 -76.8153 0.525561 0.363066 -0.769395 189.232 -0.181917 0.931409 0.315253 150.861 0 0 0 1 
Seq_Frame0120_DriverToReference-SequenceTransformStatus = OK
Seq_Frame0120_Timestamp = 13.914
Seq_Frame0121_DriverToReference-SequenceTransform =0.831078 -0.025719 0.55556 -76.8153 0.525561 0.363066 -0.769395 189.232 -0.181917 0.931409 0.315253 150.861 0 0 0 1 
Seq_Frame0121_DriverToReference-SequenceTransformStatus = OK
Seq_Frame0121_Timestamp = 14.02
Seq_Frame0122_DriverToReference-SequenceTransform =0.831078 -0.025719 0.55556 -76.8153 0.525561 0.363066 -0.769395 189.232 -0.181917 0.931409 0.315253 150.861 0 0 0 1 
Seq_Frame0122_DriverToReference-SequenceTransformStatus = OK
Seq_Frame0122_Timestamp = 14.143
Seq_Frame0123_DriverToReference-SequenceTransform =0.831078 -0.025719 0.55556 -76.8153 0.525561 0.363066 -0.769395 189.232 -0.181917 0.931409 0.315253 150.861 0 0 0 1 
Seq_Frame0123_DriverToReference-SequenceTransformStatus = OK
Seq_Frame0123_Timestamp = 14.261
Seq_Frame0124_DriverToReference-SequenceTransform =0.831078 -0.025719 0.55556 -76.8153 0.525561 0.363066 -0.769395 189.232 -0.181917 0.931409 0.315253 150.861 0 0 0 1 
Seq_Frame0124_DriverToReference-SequenceTransformStatus = OK
Seq_Frame0124_Timestamp = 14.367
Seq_Frame0125_DriverToReference-SequenceTransform =0.831078 -0.025719 0.55556 -76.8153 0.525561 0.363066 -0.769395 189.232 -0.181917 0.931409 0.315253 150.861 0 0 0 1 
Seq_Frame0125_DriverToReference-SequenceTransformStatus = OK
Seq_Frame0125_Timestamp = 14.475
Seq_Frame0126_DriverToReference-SequenceTransform =0.831078 -0.025719 0.55556 -76.8153 0.525561 0.363066 -0.769395 189.232 -0.181917 0.931409 0.315253 150.861 0 0 0 1 
Seq_Frame0126_DriverToReference-SequenceTransformStatus = OK
Seq_Frame0126_Timestamp = 14.578
Seq_Frame0127_DriverToReference-SequenceTransform =0.831078 -0.025719 0.55556 -76.8153 0.525561 0.363066 -0.769395 189.232 -0.181917 0.931409 0.315253 150.861 0 0 0 1 
Seq_Frame0127_DriverToReference-SequenceTransformStatus = OK
Seq_Frame0127_Timestamp = 14.688
Seq_Frame0128_DriverToReference-SequenceTransform =0.831078 -0.025719 0.55556 -76.8153 0.525561 0.363066 -0.769395 189.232 -0.181917 0.931409 0.315253 150.861 0 0 0 1 
Seq_Frame0128_DriverToReference-SequenceTransformStatus = OK
Seq_Frame0128_Timestamp = 14.793
Seq_Frame0129_DriverToReference-SequenceTransform =0.831078 -0.025719 0.55556 -76.8153 0.525561 0.363066 -0.769395 189.232 -0.181917 0.931409 0.315253 150.861 0 0 0 1 
Seq_Frame0129_DriverToReference-SequenceTransformStatus = OK
Seq_Frame0129_Timestamp = 14.901
Seq_Frame0130_DriverToReference-SequenceTransform =0.831078 -0.025719 0.55556 -76.8153 0.525561 0.363066 -0.769395 189.232 -0.181917 0.931409 0.315253 150.861 0 0 0 1 
Seq_Frame0130_DriverToReference-SequenceTransformStatus = OK
Seq_Frame0130_Timestamp = 15.008
Seq_Frame0131_DriverToReference-SequenceTransform =0.831078 -0.025719 0.55556 -76.8153 0.525561 0.363066 -0.769395 189.232 -0.181917 0.931409 0.315253 150.861 0 0 0 1 
Seq_Frame0131_DriverToReference-SequenceTransformStatus = OK
Seq_Frame0131_Timestamp = 15.116
Seq_Frame0132_DriverToReference-SequenceTransform =0.831078 -0.025719 0.55556 -76.8153 0.525561 0.363066 -0.769395 189.232 -0.181917 0.931409 0.315253 150.861 0 0 0 1 
Seq_Frame0132_DriverToReference-SequenceTransformStatus = OK
Seq_Frame0132_Timestamp = 15.222
Seq_Frame0133_DriverToReference-SequenceTransform =0.831078 -0.025719 0.55556 -76.8153 0.525561 0.363066 -0.769395 189.232 -0.181917 0.931409 0.315253 150.861 0 0 0 1 
Seq_Frame0133_DriverToReference-SequenceTransformStatus = OK
Seq_Frame0133_Timestamp = 15.328
Seq_Frame0134_DriverToReference-SequenceTransform =0.831078 -0.025719 0.55556 -76.8153 0.525561 0.363066 -0.769395 189.232 -0.181917 0.931409 0.315253 150.861 0 0 0 1 
Seq_Frame0134_DriverToReference-SequenceTransformStatus = OK
Seq_Frame0134_Timestamp = 15.439
Seq_Frame0135_DriverToReference-SequenceTransform =0.831078 -0.025719 0.55556 -76.8153 0.525561 0.363066 -0.769395 189.232 -0.181917 0.931409 0.315253 150.861 0 0 0 1 
Seq_Frame0135_DriverToReference-SequenceTransformStatus = OK
Seq_Frame0135_Timestamp = 15.542
Seq_Frame0136_DriverToReference-SequenceTransform =0.831078 -0.025719 0.55556 -76.8153 0.525561 0.363066 -0.769395 189.232 -0.181917 0.931409 0.315253 150.861 0 0 0 1 
Seq_Frame0136_DriverToReference-SequenceTransformStatus = OK
Seq_Frame0136_Timestamp = 15.648
Seq_Frame0137_DriverToReference-SequenceTransform =0.831078 -0.025719 0.55556 -76.8153 0.525561 0.363066 -0.769395 189.232 -0.181917 0.931409 0.315253 150.861 0 0 0 1 
Seq_Frame0137_DriverToReference-SequenceTransformStatus = OK
Seq_Frame0137_Timestamp = 15.754
Seq_Frame0138_DriverToReference-SequenceTransform =0.831078 -0.025719 0.55556 -76.8153 0.525561 0.363066 -0.769395 189.232 -0.181917 0.931409 0.315253 150.861 0 0 0 1 
Seq_Frame0138_DriverToReference-SequenceTransformStatus = OK
Seq_Frame0138_Timestamp = 15.858
Seq_Frame0139_DriverToReference-SequenceTransform =0.226926 0.784549 0.577051 -67.3551 0.973355 -0.162654 -0.161631 191.427 -0.0329474 0.598353 -0.800555 135.086 0 0 0 1 
Seq_Frame0139_DriverToReference-SequenceTransformStatus = OK
Seq_Frame0139_Timestamp = 15.963
Seq_Frame0140_DriverToReference-SequenceTransform =0.208401 0.807747 0.551464 -68.8609 0.97698 -0.145642 -0.155879 192.156 -0.0455941 0.571255 -0.819505 137.694 0 0 0 1 
Seq_Frame0140_DriverToReference-SequenceTransformStatus = OK
Seq_Frame0140_Timestamp = 16.07
Seq_Frame0141_DriverToReference-SequenceTransform =0.0348633 0.777794 0.627552 -66.2969 0.984047 -0.136333 0.114305 193.688 0.174462 0.613555 -0.770139 138.962 0 0 0 1 
Seq_Frame0141_DriverToReference-SequenceTransformStatus = OK
Seq_Frame0141_Timestamp = 16.174
Seq_Frame0142_DriverToReference-SequenceTransform =0.0490982 0.720591 0.69162 -66.3892 0.984761 -0.150594 0.0869934 190.694 0.16684 0.676809 -0.717003 143.498 0 0 0 1 
Seq_Frame0142_DriverToReference-SequenceTransformStatus = OK
Seq_Frame0142_Timestamp = 16.281
Seq_Frame0143_DriverToReference-SequenceTransform =-0.116066 0.695379 0.709209 -61.9474 0.964916 -0.0903667 0.246518 194.046 0.235512 0.712939 -0.660494 140.935 0 0 0 1 
Seq_Frame0143_DriverToReference-SequenceTransformStatus = OK
Seq_Frame0143_Timestamp = 16.384
Seq_Frame0144_DriverToReference-SequenceTransform =-0.0301567 0.561598 0.82686 -63.8913 0.990182 -0.0961755 0.101435 190.686 0.136489 0.821801 -0.553184 149.019 0 0 0 1 
Seq_Frame0144_DriverToReference-SequenceTransformStatus = OK
Seq_Frame0144_Timestamp = 16.491
Seq_Frame0145_DriverToReference-SequenceTransform =-0.0719179 0.549282 0.832536 -64.4216 0.966498 -0.167819 0.194212 188.388 0.246393 0.818612 -0.518811 151.258 0 0 0 1 
Seq_Frame0145_DriverToReference-SequenceTransformStatus = OK
Seq_Frame0145_Timestamp = 16.599
Seq_Frame0146_DriverToReference-SequenceTransform =-0.0710039 0.533523 0.8428 -62.5574 0.960766 -0.190536 0.201558 188.591 0.268119 0.824045 -0.499061 155.435 0 0 0 1 
Seq_Frame0146_DriverToReference-SequenceTransformStatus = OK
Seq_Frame0146_Timestamp = 16.707
Seq_Frame0147_DriverToReference-SequenceTransform =-0.188284 0.551682 0.812524 -61.5679 0.917442 -0.196455 0.345984 189.912 0.350498 0.810588 -0.469147 155.493 0 0 0 1 
Seq_Frame0147_DriverToReference-SequenceTransformStatus = OK
Seq_Frame0147_Timestamp = 16.817
Seq_Frame0148_DriverToReference-SequenceTransform =-0.208029 0.53841 0.816602 -60.946 0.922522 -0.169469 0.346748 191.594 0.325081 0.825467 -0.46144 154.849 0 0 0 1 
Seq_Frame0148_DriverToReference-SequenceTransformStatus = OK
Seq_Frame0148_Timestamp = 16.921
Seq_Frame0149_DriverToReference-SequenceTransform =-0.231947 0.557447 0.797154 -58.5696 0.914733 -0.153739 0.373668 191.964 0.330854 0.815854 -0.474256 152.558 0 0 0 1 
Seq_Frame0149_DriverToReference-SequenceTransformStatus = OK
Seq_Frame0149_Timestamp = 17.026
Seq_Frame0150_DriverToReference-SequenceTransform =-0.370216 0.584034 0.722388 -56.5455 0.796762 -0.200181 0.570173 195.665 0.477609 0.786659 -0.391226 153.351 0 0 0 1 
Seq_Frame0150_DriverToReference-SequenceTransformStatus = OK
