ObjectType = Image
NDims = 3
AnatomicalOrientation = RAI
BinaryData = True
CompressedData = False
DimSize = 0 0 2856
ElementSpacing = 1 1 1
Offset = 0 0 0
TransformMatrix = 1 0 0 0 1 0 0 0 1
ElementType = MET_UCHAR
Kinds = domain domain list
Seq_Frame0000_ForcepToReference-SequenceTransform =-0.140128 0.910686 0.388606 -0.23435 0.979649 0.0705555 0.187908 81.0613 0.143707 0.407029 -0.90204 117.081 0 0 0 1 
Seq_Frame0000_ForcepToReference-SequenceTransformStatus = OK
Seq_Frame0000_Timestamp = 0.00800014
Seq_Frame0001_ForcepToReference-SequenceTransform =-0.139708 0.91002 0.390315 -0.238614 0.97957 0.0694343 0.188737 81.069 0.144653 0.408709 -0.901128 117.032 0 0 0 1 
Seq_Frame0001_ForcepToReference-SequenceTransformStatus = OK
Seq_Frame0001_Timestamp = 0.115
Seq_Frame0002_ForcepToReference-SequenceTransform =-0.140632 0.912038 0.38524 -0.211919 0.97925 0.0707873 0.189889 81.0783 0.145915 0.403951 -0.903068 116.928 0 0 0 1 
Seq_Frame0002_ForcepToReference-SequenceTransformStatus = OK
Seq_Frame0002_Timestamp = 0.217
Seq_Frame0003_ForcepToReference-SequenceTransform =-0.141054 0.910949 0.387654 -0.301126 0.980108 0.0732741 0.184441 81.3519 0.139611 0.405959 -0.903164 116.822 0 0 0 1 
Seq_Frame0003_ForcepToReference-SequenceTransformStatus = OK
Seq_Frame0003_Timestamp = 0.318
Seq_Frame0004_ForcepToReference-SequenceTransform =-0.146684 0.922278 0.357612 0.188929 0.986561 0.110095 0.120731 81.3755 0.071976 0.370516 -0.926033 116.423 0 0 0 1 
Seq_Frame0004_ForcepToReference-SequenceTransformStatus = OK
Seq_Frame0004_Timestamp = 0.431
Seq_Frame0005_ForcepToReference-SequenceTransform =-0.146684 0.922278 0.357612 0.188929 0.986561 0.110095 0.120731 81.3755 0.071976 0.370516 -0.926033 116.423 0 0 0 1 
Seq_Frame0005_ForcepToReference-SequenceTransformStatus = OK
Seq_Frame0005_Timestamp = 0.54
Seq_Frame0006_ForcepToReference-SequenceTransform =-0.139695 0.909871 0.390665 -0.360472 0.98155 0.075225 0.175784 80.9792 0.130553 0.408014 -0.903593 117.098 0 0 0 1 
Seq_Frame0006_ForcepToReference-SequenceTransformStatus = OK
Seq_Frame0006_Timestamp = 1.748
Seq_Frame0007_ForcepToReference-SequenceTransform =-0.139393 0.90955 0.391521 -0.245926 0.979511 0.0686114 0.189342 81.0132 0.145353 0.409892 -0.900478 117.163 0 0 0 1 
Seq_Frame0007_ForcepToReference-SequenceTransformStatus = OK
Seq_Frame0007_Timestamp = 1.848
Seq_Frame0008_ForcepToReference-SequenceTransform =-0.140025 0.910495 0.389092 -0.206952 0.979519 0.0699541 0.188811 81.1061 0.144693 0.407561 -0.901642 117.046 0 0 0 1 
Seq_Frame0008_ForcepToReference-SequenceTransformStatus = OK
Seq_Frame0008_Timestamp = 1.953
Seq_Frame0009_ForcepToReference-SequenceTransform =-0.139836 0.910588 0.388942 -0.220527 0.979643 0.0700913 0.188112 81.0264 0.144031 0.407329 -0.901852 117.125 0 0 0 1 
Seq_Frame0009_ForcepToReference-SequenceTransformStatus = OK
Seq_Frame0009_Timestamp = 2.057
Seq_Frame0010_ForcepToReference-SequenceTransform =-0.13965 0.910252 0.389793 -0.257153 0.979861 0.0702942 0.186899 80.9737 0.142725 0.408044 -0.901737 117.079 0 0 0 1 
Seq_Frame0010_ForcepToReference-SequenceTransformStatus = OK
Seq_Frame0010_Timestamp = 2.162
Seq_Frame0011_ForcepToReference-SequenceTransform =-0.139592 0.910011 0.390378 -0.26447 0.979573 0.0692821 0.188774 80.989 0.14474 0.408755 -0.901093 117.037 0 0 0 1 
Seq_Frame0011_ForcepToReference-SequenceTransformStatus = OK
Seq_Frame0011_Timestamp = 2.262
Seq_Frame0012_ForcepToReference-SequenceTransform =-0.139092 0.909861 0.390904 -0.274297 0.979742 0.0690055 0.187997 80.8711 0.144077 0.409134 -0.901028 117.147 0 0 0 1 
Seq_Frame0012_ForcepToReference-SequenceTransformStatus = OK
Seq_Frame0012_Timestamp = 2.363
Seq_Frame0013_ForcepToReference-SequenceTransform =-0.139007 0.909632 0.391468 -0.27374 0.979591 0.0683499 0.189023 80.835 0.145185 0.409754 -0.900568 117.265 0 0 0 1 
Seq_Frame0013_ForcepToReference-SequenceTransformStatus = OK
Seq_Frame0013_Timestamp = 2.463
Seq_Frame0014_ForcepToReference-SequenceTransform =-0.138281 0.909913 0.39107 -0.207492 0.978978 0.0658004 0.193063 80.3213 0.149938 0.409546 -0.899884 117.799 0 0 0 1 
Seq_Frame0014_ForcepToReference-SequenceTransformStatus = OK
Seq_Frame0014_Timestamp = 2.573
Seq_Frame0015_ForcepToReference-SequenceTransform =-0.138499 0.909565 0.391802 -0.224509 0.979337 0.066915 0.190846 80.619 0.14737 0.410138 -0.900038 117.459 0 0 0 1 
Seq_Frame0015_ForcepToReference-SequenceTransformStatus = OK
Seq_Frame0015_Timestamp = 2.678
Seq_Frame0016_ForcepToReference-SequenceTransform =-0.138561 0.910289 0.390096 -0.196579 0.978999 0.0664245 0.192737 80.3337 0.149535 0.408609 -0.900376 117.802 0 0 0 1 
Seq_Frame0016_ForcepToReference-SequenceTransformStatus = OK
Seq_Frame0016_Timestamp = 2.783
Seq_Frame0017_ForcepToReference-SequenceTransform =-0.138973 0.910188 0.390185 -0.193625 0.979248 0.067616 0.191053 80.4728 0.147512 0.408639 -0.900697 117.712 0 0 0 1 
Seq_Frame0017_ForcepToReference-SequenceTransformStatus = OK
Seq_Frame0017_Timestamp = 2.883
Seq_Frame0018_ForcepToReference-SequenceTransform =-0.139546 0.910426 0.389425 -0.246818 0.979149 0.0682352 0.191342 80.9525 0.14763 0.408006 -0.900964 117.072 0 0 0 1 
Seq_Frame0018_ForcepToReference-SequenceTransformStatus = OK
Seq_Frame0018_Timestamp = 2.984
Seq_Frame0019_ForcepToReference-SequenceTransform =-0.139547 0.910562 0.389106 -0.268181 0.979096 0.0681567 0.191641 80.9607 0.147981 0.407715 -0.901038 117.063 0 0 0 1 
Seq_Frame0019_ForcepToReference-SequenceTransformStatus = OK
Seq_Frame0019_Timestamp = 3.091
Seq_Frame0020_ForcepToReference-SequenceTransform =-0.139055 0.909728 0.391228 -0.243831 0.979515 0.0682467 0.189456 80.7807 0.145654 0.409559 -0.900581 117.325 0 0 0 1 
Seq_Frame0020_ForcepToReference-SequenceTransformStatus = OK
Seq_Frame0020_Timestamp = 3.198
Seq_Frame0021_ForcepToReference-SequenceTransform =-0.139698 0.910398 0.389434 -0.257627 0.979364 0.0690277 0.189949 80.9838 0.146047 0.407934 -0.901255 117.042 0 0 0 1 
Seq_Frame0021_ForcepToReference-SequenceTransformStatus = OK
Seq_Frame0021_Timestamp = 3.298
Seq_Frame0022_ForcepToReference-SequenceTransform =-0.139787 0.910226 0.389805 -0.239302 0.979281 0.0688314 0.190451 80.958 0.146523 0.408351 -0.900989 117.03 0 0 0 1 
Seq_Frame0022_ForcepToReference-SequenceTransformStatus = OK
Seq_Frame0022_Timestamp = 3.402
Seq_Frame0023_ForcepToReference-SequenceTransform =-0.139904 0.909563 0.391308 -0.232184 0.979728 0.0699313 0.187732 81.023 0.143389 0.40964 -0.900908 117.139 0 0 0 1 
Seq_Frame0023_ForcepToReference-SequenceTransformStatus = OK
Seq_Frame0023_Timestamp = 3.503
Seq_Frame0024_ForcepToReference-SequenceTransform =-0.139931 0.909946 0.390407 -0.239622 0.979832 0.0704505 0.186991 80.9637 0.142647 0.408699 -0.901453 117.209 0 0 0 1 
Seq_Frame0024_ForcepToReference-SequenceTransformStatus = OK
Seq_Frame0024_Timestamp = 3.608
Seq_Frame0025_ForcepToReference-SequenceTransform =-0.140254 0.910325 0.389407 -0.219435 0.979691 0.0706735 0.187645 81.0246 0.143297 0.407816 -0.901749 117.211 0 0 0 1 
Seq_Frame0025_ForcepToReference-SequenceTransformStatus = OK
Seq_Frame0025_Timestamp = 3.709
Seq_Frame0026_ForcepToReference-SequenceTransform =-0.14047 0.91022 0.389573 -0.229876 0.979694 0.0709288 0.187532 81.1195 0.143063 0.408005 -0.901701 117.112 0 0 0 1 
Seq_Frame0026_ForcepToReference-SequenceTransformStatus = OK
Seq_Frame0026_Timestamp = 3.813
Seq_Frame0027_ForcepToReference-SequenceTransform =-0.140458 0.910588 0.388717 -0.210479 0.979688 0.0710703 0.187513 80.9883 0.143121 0.407159 -0.902074 117.266 0 0 0 1 
Seq_Frame0027_ForcepToReference-SequenceTransformStatus = OK
Seq_Frame0027_Timestamp = 3.913
Seq_Frame0028_ForcepToReference-SequenceTransform =-0.140032 0.909856 0.390581 -0.198084 0.979608 0.0699072 0.188364 81.0251 0.14408 0.408993 -0.901091 117.2 0 0 0 1 
Seq_Frame0028_ForcepToReference-SequenceTransformStatus = OK
Seq_Frame0028_Timestamp = 4.014
Seq_Frame0029_ForcepToReference-SequenceTransform =-0.141081 0.910417 0.388891 -0.262263 0.979955 0.0726151 0.185511 81.3788 0.140653 0.407268 -0.902413 116.811 0 0 0 1 
Seq_Frame0029_ForcepToReference-SequenceTransformStatus = OK
Seq_Frame0029_Timestamp = 4.122
Seq_Frame0030_ForcepToReference-SequenceTransform =-0.139982 0.909893 0.390512 -0.269807 0.980198 0.0715542 0.184638 81.0488 0.140058 0.408626 -0.901892 117.088 0 0 0 1 
Seq_Frame0030_ForcepToReference-SequenceTransformStatus = OK
Seq_Frame0030_Timestamp = 4.224
Seq_Frame0031_ForcepToReference-SequenceTransform =-0.139827 0.910006 0.390304 -0.237445 0.979651 0.0698208 0.188172 81.0533 0.143986 0.408673 -0.901252 117.121 0 0 0 1 
Seq_Frame0031_ForcepToReference-SequenceTransformStatus = OK
Seq_Frame0031_Timestamp = 4.324
Seq_Frame0032_ForcepToReference-SequenceTransform =-0.139671 0.909932 0.390533 -0.254067 0.97976 0.0698828 0.187579 81.0658 0.143392 0.408828 -0.901276 117.081 0 0 0 1 
Seq_Frame0032_ForcepToReference-SequenceTransformStatus = OK
Seq_Frame0032_Timestamp = 4.428
Seq_Frame0033_ForcepToReference-SequenceTransform =-0.139617 0.90993 0.390557 -0.243942 0.979686 0.0695962 0.188074 81.0624 0.143952 0.408882 -0.901162 117.059 0 0 0 1 
Seq_Frame0033_ForcepToReference-SequenceTransformStatus = OK
Seq_Frame0033_Timestamp = 4.528
Seq_Frame0034_ForcepToReference-SequenceTransform =-0.139922 0.909991 0.390305 -0.248138 0.97998 0.070885 0.186048 81.0878 0.141636 0.408523 -0.901692 117.073 0 0 0 1 
Seq_Frame0034_ForcepToReference-SequenceTransformStatus = OK
Seq_Frame0034_Timestamp = 4.638
Seq_Frame0035_ForcepToReference-SequenceTransform =-0.139888 0.909602 0.391223 -0.26491 0.979965 0.0706084 0.186236 81.0923 0.141777 0.409436 -0.901255 117.08 0 0 0 1 
Seq_Frame0035_ForcepToReference-SequenceTransformStatus = OK
Seq_Frame0035_Timestamp = 4.743
Seq_Frame0036_ForcepToReference-SequenceTransform =-0.140334 0.910724 0.388444 -0.268775 0.979415 0.0701947 0.18926 81.1888 0.145097 0.407007 -0.901827 116.852 0 0 0 1 
Seq_Frame0036_ForcepToReference-SequenceTransformStatus = OK
Seq_Frame0036_Timestamp = 4.848
Seq_Frame0037_ForcepToReference-SequenceTransform =-0.139539 0.90995 0.390538 -0.24495 0.979644 0.0693778 0.188375 81.0346 0.144317 0.408874 -0.901107 117.112 0 0 0 1 
Seq_Frame0037_ForcepToReference-SequenceTransformStatus = OK
Seq_Frame0037_Timestamp = 4.949
Seq_Frame0038_ForcepToReference-SequenceTransform =-0.139502 0.909998 0.39044 -0.233634 0.97972 0.0695677 0.187908 80.9629 0.143834 0.408735 -0.901248 117.161 0 0 0 1 
Seq_Frame0038_ForcepToReference-SequenceTransformStatus = OK
Seq_Frame0038_Timestamp = 5.052
Seq_Frame0039_ForcepToReference-SequenceTransform =-0.139681 0.910304 0.389662 -0.231122 0.979714 0.0699442 0.187796 80.9751 0.143697 0.407989 -0.901608 117.161 0 0 0 1 
Seq_Frame0039_ForcepToReference-SequenceTransformStatus = OK
Seq_Frame0039_Timestamp = 5.158
Seq_Frame0040_ForcepToReference-SequenceTransform =-0.14031 0.911498 0.386633 -0.243119 0.97926 0.0701095 0.19009 81.0539 0.14616 0.405285 -0.902431 116.988 0 0 0 1 
Seq_Frame0040_ForcepToReference-SequenceTransformStatus = OK
Seq_Frame0040_Timestamp = 5.267
Seq_Frame0041_ForcepToReference-SequenceTransform =-0.139809 0.911222 0.387464 -0.207229 0.978925 0.0683719 0.192432 80.9958 0.148857 0.406202 -0.901577 117.035 0 0 0 1 
Seq_Frame0041_ForcepToReference-SequenceTransformStatus = OK
Seq_Frame0041_Timestamp = 5.373
Seq_Frame0042_ForcepToReference-SequenceTransform =-0.139295 0.910106 0.390261 -0.224574 0.979038 0.0674306 0.192193 80.9326 0.148601 0.408852 -0.900421 117.332 0 0 0 1 
Seq_Frame0042_ForcepToReference-SequenceTransformStatus = OK
Seq_Frame0042_Timestamp = 5.473
Seq_Frame0043_ForcepToReference-SequenceTransform =-0.138639 0.909358 0.392235 -0.214584 0.978785 0.0654843 0.194141 80.8769 0.150859 0.410829 -0.899145 117.397 0 0 0 1 
Seq_Frame0043_ForcepToReference-SequenceTransformStatus = OK
Seq_Frame0043_Timestamp = 5.578
Seq_Frame0044_ForcepToReference-SequenceTransform =-0.139521 0.910114 0.390162 -0.258964 0.979587 0.0692749 0.188704 80.9928 0.144714 0.408526 -0.901201 117.141 0 0 0 1 
Seq_Frame0044_ForcepToReference-SequenceTransformStatus = OK
Seq_Frame0044_Timestamp = 5.681
Seq_Frame0045_ForcepToReference-SequenceTransform =-0.139166 0.909608 0.391468 -0.236893 0.979691 0.0688399 0.188324 80.9413 0.144352 0.409726 -0.900715 117.182 0 0 0 1 
Seq_Frame0045_ForcepToReference-SequenceTransformStatus = OK
Seq_Frame0045_Timestamp = 5.784
Seq_Frame0046_ForcepToReference-SequenceTransform =-0.139548 0.909719 0.391073 -0.234644 0.979962 0.070191 0.186405 80.9612 0.142127 0.409249 -0.901285 117.211 0 0 0 1 
Seq_Frame0046_ForcepToReference-SequenceTransformStatus = OK
Seq_Frame0046_Timestamp = 5.884
Seq_Frame0047_ForcepToReference-SequenceTransform =-0.139737 0.909942 0.390486 -0.230344 0.979913 0.0704142 0.18658 80.9541 0.142281 0.408715 -0.901503 117.289 0 0 0 1 
Seq_Frame0047_ForcepToReference-SequenceTransformStatus = OK
Seq_Frame0047_Timestamp = 5.988
Seq_Frame0048_ForcepToReference-SequenceTransform =-0.139689 0.909879 0.39065 -0.247986 0.979871 0.0701968 0.186885 80.984 0.14262 0.408892 -0.901369 117.179 0 0 0 1 
Seq_Frame0048_ForcepToReference-SequenceTransformStatus = OK
Seq_Frame0048_Timestamp = 6.09
Seq_Frame0049_ForcepToReference-SequenceTransform =-0.14046 0.91136 0.386902 -0.252518 0.979316 0.0704017 0.189695 81.0984 0.145642 0.405544 -0.902398 116.895 0 0 0 1 
Seq_Frame0049_ForcepToReference-SequenceTransformStatus = OK
Seq_Frame0049_Timestamp = 6.193
Seq_Frame0050_ForcepToReference-SequenceTransform =-0.139791 0.910044 0.390229 -0.261319 0.979607 0.0696643 0.188461 81.0313 0.144322 0.408616 -0.901224 117.077 0 0 0 1 
Seq_Frame0050_ForcepToReference-SequenceTransformStatus = OK
Seq_Frame0050_Timestamp = 6.298
Seq_Frame0051_ForcepToReference-SequenceTransform =-0.140262 0.909945 0.390291 -0.316959 0.97972 0.0705836 0.187527 81.1045 0.143091 0.408678 -0.901392 116.958 0 0 0 1 
Seq_Frame0051_ForcepToReference-SequenceTransformStatus = OK
Seq_Frame0051_Timestamp = 6.403
Seq_Frame0052_ForcepToReference-SequenceTransform =-0.140169 0.910495 0.38904 -0.277697 0.979658 0.0705451 0.187863 81.0871 0.143604 0.407459 -0.901862 116.965 0 0 0 1 
Seq_Frame0052_ForcepToReference-SequenceTransformStatus = OK
Seq_Frame0052_Timestamp = 6.504
Seq_Frame0053_ForcepToReference-SequenceTransform =-0.139977 0.910958 0.388022 -0.233755 0.979474 0.0699885 0.189028 80.953 0.145039 0.406517 -0.902057 117.124 0 0 0 1 
Seq_Frame0053_ForcepToReference-SequenceTransformStatus = OK
Seq_Frame0053_Timestamp = 6.607
Seq_Frame0054_ForcepToReference-SequenceTransform =-0.140045 0.910738 0.388515 -0.230526 0.979352 0.0696326 0.18979 80.987 0.145796 0.407072 -0.901685 117.193 0 0 0 1 
Seq_Frame0054_ForcepToReference-SequenceTransformStatus = OK
Seq_Frame0054_Timestamp = 6.713
Seq_Frame0055_ForcepToReference-SequenceTransform =-0.139276 0.910271 0.389883 -0.237085 0.979094 0.0676416 0.191832 80.9284 0.148247 0.40845 -0.900662 117.203 0 0 0 1 
Seq_Frame0055_ForcepToReference-SequenceTransformStatus = OK
Seq_Frame0055_Timestamp = 6.814
Seq_Frame0056_ForcepToReference-SequenceTransform =-0.140199 0.911277 0.387194 -0.230375 0.979044 0.0692537 0.191511 81.0723 0.147705 0.40593 -0.901889 117.004 0 0 0 1 
Seq_Frame0056_ForcepToReference-SequenceTransformStatus = OK
Seq_Frame0056_Timestamp = 6.923
Seq_Frame0057_ForcepToReference-SequenceTransform =-0.140176 0.911543 0.386574 -0.219986 0.978962 0.0691284 0.191978 80.9933 0.148273 0.405352 -0.902056 117.065 0 0 0 1 
Seq_Frame0057_ForcepToReference-SequenceTransformStatus = OK
Seq_Frame0057_Timestamp = 7.029
Seq_Frame0058_ForcepToReference-SequenceTransform =-0.140082 0.910425 0.389234 -0.259851 0.979448 0.0697989 0.189233 81.0532 0.145114 0.407743 -0.901492 117.062 0 0 0 1 
Seq_Frame0058_ForcepToReference-SequenceTransformStatus = OK
Seq_Frame0058_Timestamp = 7.133
Seq_Frame0059_ForcepToReference-SequenceTransform =-0.139497 0.910068 0.390279 -0.254631 0.97949 0.0689456 0.189328 80.9507 0.145394 0.408685 -0.90102 117.122 0 0 0 1 
Seq_Frame0059_ForcepToReference-SequenceTransformStatus = OK
Seq_Frame0059_Timestamp = 7.242
Seq_Frame0060_ForcepToReference-SequenceTransform =-0.14023 0.911222 0.387312 -0.217013 0.979149 0.069558 0.190863 81.0758 0.146978 0.406001 -0.901976 116.953 0 0 0 1 
Seq_Frame0060_ForcepToReference-SequenceTransformStatus = OK
Seq_Frame0060_Timestamp = 7.351
Seq_Frame0061_ForcepToReference-SequenceTransform =-0.139671 0.910247 0.389798 -0.234552 0.979361 0.0689063 0.190012 80.9963 0.146098 0.408291 -0.901085 117.063 0 0 0 1 
Seq_Frame0061_ForcepToReference-SequenceTransformStatus = OK
Seq_Frame0061_Timestamp = 7.458
Seq_Frame0062_ForcepToReference-SequenceTransform =-0.140579 0.911017 0.387666 -0.243695 0.979587 0.0711587 0.188003 80.975 0.143688 0.406182 -0.902425 117.178 0 0 0 1 
Seq_Frame0062_ForcepToReference-SequenceTransformStatus = OK
Seq_Frame0062_Timestamp = 7.568
Seq_Frame0063_ForcepToReference-SequenceTransform =-0.14094 0.91202 0.385169 -0.219539 0.979689 0.0724268 0.186988 80.9738 0.142641 0.4037 -0.903703 117.103 0 0 0 1 
Seq_Frame0063_ForcepToReference-SequenceTransformStatus = OK
Seq_Frame0063_Timestamp = 7.672
Seq_Frame0064_ForcepToReference-SequenceTransform =-0.14002 0.910229 0.389716 -0.234848 0.979789 0.0705862 0.187163 81.0707 0.142853 0.408046 -0.901716 117.104 0 0 0 1 
Seq_Frame0064_ForcepToReference-SequenceTransformStatus = OK
Seq_Frame0064_Timestamp = 7.782
Seq_Frame0065_ForcepToReference-SequenceTransform =-0.140804 0.910339 0.389174 -0.353251 0.979985 0.0722811 0.185483 81.2926 0.140723 0.407502 -0.902297 116.852 0 0 0 1 
Seq_Frame0065_ForcepToReference-SequenceTransformStatus = OK
Seq_Frame0065_Timestamp = 7.888
Seq_Frame0066_ForcepToReference-SequenceTransform =-0.140259 0.910249 0.389582 -0.27746 0.979595 0.0703696 0.188262 81.1521 0.143951 0.408038 -0.901545 117.061 0 0 0 1 
Seq_Frame0066_ForcepToReference-SequenceTransformStatus = OK
Seq_Frame0066_Timestamp = 7.994
Seq_Frame0067_ForcepToReference-SequenceTransform =-0.13985 0.910601 0.388906 -0.259693 0.979434 0.0695284 0.189407 81.073 0.145434 0.407396 -0.901597 117.024 0 0 0 1 
Seq_Frame0067_ForcepToReference-SequenceTransformStatus = OK
Seq_Frame0067_Timestamp = 8.1
Seq_Frame0068_ForcepToReference-SequenceTransform =-0.142348 0.914629 0.378406 -0.307376 0.979509 0.0751377 0.186858 81.1058 0.142473 0.397251 -0.906583 117.082 0 0 0 1 
Seq_Frame0068_ForcepToReference-SequenceTransformStatus = OK
Seq_Frame0068_Timestamp = 8.222
Seq_Frame0069_ForcepToReference-SequenceTransform =-0.140925 0.912043 0.385119 -0.286074 0.979655 0.0723221 0.187207 81.1276 0.142888 0.403666 -0.90368 117.061 0 0 0 1 
Seq_Frame0069_ForcepToReference-SequenceTransformStatus = OK
Seq_Frame0069_Timestamp = 8.326
Seq_Frame0070_ForcepToReference-SequenceTransform =-0.139796 0.910105 0.390084 -0.273007 0.978894 0.067715 0.192825 81.0992 0.149077 0.408807 -0.900363 117.062 0 0 0 1 
Seq_Frame0070_ForcepToReference-SequenceTransformStatus = OK
Seq_Frame0070_Timestamp = 8.431
Seq_Frame0071_ForcepToReference-SequenceTransform =-0.138964 0.909261 0.392344 -0.246529 0.978498 0.0650963 0.195712 81.1467 0.152414 0.411105 -0.898756 117.035 0 0 0 1 
Seq_Frame0071_ForcepToReference-SequenceTransformStatus = OK
Seq_Frame0071_Timestamp = 8.567
Seq_Frame0072_ForcepToReference-SequenceTransform =-0.139951 0.910071 0.390108 -0.264873 0.9792 0.0687528 0.190896 81.1614 0.146908 0.40871 -0.900763 117.023 0 0 0 1 
Seq_Frame0072_ForcepToReference-SequenceTransformStatus = OK
Seq_Frame0072_Timestamp = 8.673
Seq_Frame0073_ForcepToReference-SequenceTransform =-0.140219 0.912155 0.385113 -0.269114 0.978984 0.0695514 0.191711 81.0226 0.148085 0.403901 -0.902737 117.124 0 0 0 1 
Seq_Frame0073_ForcepToReference-SequenceTransformStatus = OK
Seq_Frame0073_Timestamp = 8.781
Seq_Frame0074_ForcepToReference-SequenceTransform =-0.140897 0.913006 0.382841 -0.223425 0.978412 0.0693579 0.194679 80.7772 0.15119 0.402006 -0.903068 117.371 0 0 0 1 
Seq_Frame0074_ForcepToReference-SequenceTransformStatus = OK
Seq_Frame0074_Timestamp = 8.886
Seq_Frame0075_ForcepToReference-SequenceTransform =-0.142046 0.912342 0.383998 -0.254475 0.979666 0.0740427 0.186474 81.0065 0.141696 0.402677 -0.904308 117.23 0 0 0 1 
Seq_Frame0075_ForcepToReference-SequenceTransformStatus = OK
Seq_Frame0075_Timestamp = 8.992
Seq_Frame0076_ForcepToReference-SequenceTransform =-0.142458 0.913097 0.382047 -0.274897 0.979737 0.0751801 0.185643 81.0647 0.140788 0.400752 -0.905305 117.148 0 0 0 1 
Seq_Frame0076_ForcepToReference-SequenceTransformStatus = OK
Seq_Frame0076_Timestamp = 9.1
Seq_Frame0077_ForcepToReference-SequenceTransform =-0.141436 0.912254 0.384432 -0.248291 0.979783 0.0734899 0.186079 81.0497 0.141499 0.402978 -0.904205 117.057 0 0 0 1 
Seq_Frame0077_ForcepToReference-SequenceTransformStatus = OK
Seq_Frame0077_Timestamp = 9.203
Seq_Frame0078_ForcepToReference-SequenceTransform =-0.140874 0.914015 0.380436 -0.239658 0.979024 0.0714803 0.190793 80.8672 0.147194 0.399334 -0.904912 117.397 0 0 0 1 
Seq_Frame0078_ForcepToReference-SequenceTransformStatus = OK
Seq_Frame0078_Timestamp = 9.314
Seq_Frame0079_ForcepToReference-SequenceTransform =-0.140055 0.9112 0.387427 -0.302808 0.979436 0.0701052 0.189185 81.0827 0.145224 0.405956 -0.90228 117.077 0 0 0 1 
Seq_Frame0079_ForcepToReference-SequenceTransformStatus = OK
Seq_Frame0079_Timestamp = 9.418
Seq_Frame0080_ForcepToReference-SequenceTransform =-0.139731 0.910016 0.390315 -0.342869 0.979354 0.0688566 0.190066 81.2812 0.146088 0.408815 -0.900849 116.851 0 0 0 1 
Seq_Frame0080_ForcepToReference-SequenceTransformStatus = OK
Seq_Frame0080_Timestamp = 9.527
Seq_Frame0081_ForcepToReference-SequenceTransform =-0.139824 0.91015 0.389969 -0.303846 0.979693 0.0700057 0.187885 81.2234 0.143704 0.408321 -0.901456 116.87 0 0 0 1 
Seq_Frame0081_ForcepToReference-SequenceTransformStatus = OK
Seq_Frame0081_Timestamp = 9.635
Seq_Frame0082_ForcepToReference-SequenceTransform =-0.140789 0.912719 0.383566 -0.222381 0.979323 0.0715384 0.189234 81.0118 0.145278 0.402277 -0.903918 117.093 0 0 0 1 
Seq_Frame0082_ForcepToReference-SequenceTransformStatus = OK
Seq_Frame0082_Timestamp = 9.738
Seq_Frame0083_ForcepToReference-SequenceTransform =-0.139614 0.909861 0.390719 -0.230628 0.979408 0.0687751 0.189813 81.0242 0.145832 0.409174 -0.900727 117.099 0 0 0 1 
Seq_Frame0083_ForcepToReference-SequenceTransformStatus = OK
Seq_Frame0083_Timestamp = 9.845
Seq_Frame0084_ForcepToReference-SequenceTransform =-0.140191 0.909722 0.390836 -0.256925 0.979623 0.0701018 0.188215 81.0739 0.143825 0.409258 -0.901012 116.96 0 0 0 1 
Seq_Frame0084_ForcepToReference-SequenceTransformStatus = OK
Seq_Frame0084_Timestamp = 9.95
Seq_Frame0085_ForcepToReference-SequenceTransform =-0.140119 0.910178 0.389798 -0.297095 0.980074 0.0715162 0.185312 81.1528 0.14079 0.407997 -0.902063 116.918 0 0 0 1 
Seq_Frame0085_ForcepToReference-SequenceTransformStatus = OK
Seq_Frame0085_Timestamp = 10.055
Seq_Frame0086_ForcepToReference-SequenceTransform =-0.139872 0.909961 0.390393 -0.293419 0.979698 0.069993 0.187865 81.1398 0.143625 0.408744 -0.901277 116.934 0 0 0 1 
Seq_Frame0086_ForcepToReference-SequenceTransformStatus = OK
Seq_Frame0086_Timestamp = 10.161
Seq_Frame0087_ForcepToReference-SequenceTransform =-0.139596 0.908813 0.393156 -0.285218 0.979226 0.0677303 0.191125 81.2386 0.147068 0.411669 -0.899388 116.618 0 0 0 1 
Seq_Frame0087_ForcepToReference-SequenceTransformStatus = OK
Seq_Frame0087_Timestamp = 10.269
Seq_Frame0088_ForcepToReference-SequenceTransform =-0.140773 0.91081 0.388082 -0.278726 0.980171 0.0729999 0.184219 81.1227 0.139459 0.406319 -0.903026 116.93 0 0 0 1 
Seq_Frame0088_ForcepToReference-SequenceTransformStatus = OK
Seq_Frame0088_Timestamp = 10.373
Seq_Frame0089_ForcepToReference-SequenceTransform =-0.14039 0.910087 0.389913 -0.338159 0.979885 0.0713005 0.18639 81.2747 0.14183 0.408237 -0.901791 116.741 0 0 0 1 
Seq_Frame0089_ForcepToReference-SequenceTransformStatus = OK
Seq_Frame0089_Timestamp = 10.48
Seq_Frame0090_ForcepToReference-SequenceTransform =-0.140163 0.91073 0.388491 -0.268363 0.979378 0.0698619 0.189571 80.8845 0.145507 0.407051 -0.901741 117.06 0 0 0 1 
Seq_Frame0090_ForcepToReference-SequenceTransformStatus = OK
Seq_Frame0090_Timestamp = 10.589
Seq_Frame0091_ForcepToReference-SequenceTransform =-0.140749 0.910407 0.389036 -0.300226 0.980165 0.0727601 0.184344 81.223 0.139522 0.407265 -0.90259 116.851 0 0 0 1 
Seq_Frame0091_ForcepToReference-SequenceTransformStatus = OK
Seq_Frame0091_Timestamp = 10.698
Seq_Frame0092_ForcepToReference-SequenceTransform =-0.140598 0.910371 0.389174 -0.323442 0.980124 0.0724142 0.184697 81.1256 0.139961 0.407406 -0.902458 116.912 0 0 0 1 
Seq_Frame0092_ForcepToReference-SequenceTransformStatus = OK
Seq_Frame0092_Timestamp = 10.808
Seq_Frame0093_ForcepToReference-SequenceTransform =-0.14049 0.910615 0.388643 -0.309586 0.980078 0.072247 0.185007 81.1566 0.140392 0.406892 -0.902624 116.908 0 0 0 1 
Seq_Frame0093_ForcepToReference-SequenceTransformStatus = OK
Seq_Frame0093_Timestamp = 10.91
Seq_Frame0094_ForcepToReference-SequenceTransform =-0.140758 0.911607 0.386212 -0.278098 0.97987 0.0724933 0.18601 81.1678 0.14157 0.40462 -0.90346 116.814 0 0 0 1 
Seq_Frame0094_ForcepToReference-SequenceTransformStatus = OK
Seq_Frame0094_Timestamp = 11.016
Seq_Frame0095_ForcepToReference-SequenceTransform =-0.140703 0.910923 0.387842 -0.246592 0.980314 0.0733772 0.183303 81.1507 0.138516 0.405998 -0.903315 116.932 0 0 0 1 
Seq_Frame0095_ForcepToReference-SequenceTransformStatus = OK
Seq_Frame0095_Timestamp = 11.122
Seq_Frame0096_ForcepToReference-SequenceTransform =-0.140368 0.911013 0.387752 -0.255323 0.980033 0.072139 0.185287 81.1095 0.140827 0.406018 -0.902949 116.965 0 0 0 1 
Seq_Frame0096_ForcepToReference-SequenceTransformStatus = OK
Seq_Frame0096_Timestamp = 11.227
Seq_Frame0097_ForcepToReference-SequenceTransform =-0.140331 0.910876 0.388087 -0.257439 0.980025 0.0720014 0.18538 81.1387 0.140916 0.40635 -0.902786 116.924 0 0 0 1 
Seq_Frame0097_ForcepToReference-SequenceTransformStatus = OK
Seq_Frame0097_Timestamp = 11.348
Seq_Frame0098_ForcepToReference-SequenceTransform =-0.140009 0.91103 0.387843 -0.251985 0.979194 0.0692868 0.190731 81.0742 0.146889 0.406477 -0.901776 116.934 0 0 0 1 
Seq_Frame0098_ForcepToReference-SequenceTransformStatus = OK
Seq_Frame0098_Timestamp = 11.453
Seq_Frame0099_ForcepToReference-SequenceTransform =-0.139736 0.910284 0.389687 -0.248179 0.979957 0.0707029 0.186241 81.0412 0.141981 0.407901 -0.901919 117.051 0 0 0 1 
Seq_Frame0099_ForcepToReference-SequenceTransformStatus = OK
Seq_Frame0099_Timestamp = 11.589
Seq_Frame0100_ForcepToReference-SequenceTransform =-0.139045 0.909757 0.391163 -0.270933 0.979628 0.0685658 0.188755 81.1921 0.144901 0.40944 -0.900757 116.881 0 0 0 1 
Seq_Frame0100_ForcepToReference-SequenceTransformStatus = OK
Seq_Frame0100_Timestamp = 11.71
Seq_Frame0101_ForcepToReference-SequenceTransform =-0.141944 0.912478 0.383714 -0.226124 0.979436 0.0733198 0.187959 81.1537 0.143374 0.402503 -0.904121 116.845 0 0 0 1 
Seq_Frame0101_ForcepToReference-SequenceTransformStatus = OK
Seq_Frame0101_Timestamp = 11.815
Seq_Frame0102_ForcepToReference-SequenceTransform =-0.140856 0.913703 0.381191 -0.250867 0.979941 0.0738449 0.1851 81.043 0.140978 0.399618 -0.905777 117.284 0 0 0 1 
Seq_Frame0102_ForcepToReference-SequenceTransformStatus = OK
Seq_Frame0102_Timestamp = 11.925
Seq_Frame0103_ForcepToReference-SequenceTransform =-0.141485 0.915211 0.377319 -0.217818 0.978972 0.0727749 0.19057 81.0522 0.146953 0.396348 -0.906263 117.28 0 0 0 1 
Seq_Frame0103_ForcepToReference-SequenceTransformStatus = OK
Seq_Frame0103_Timestamp = 12.043
Seq_Frame0104_ForcepToReference-SequenceTransform =-0.140486 0.911529 0.386495 -0.243274 0.979207 0.0702191 0.190321 81.053 0.146344 0.405196 -0.902441 117.142 0 0 0 1 
Seq_Frame0104_ForcepToReference-SequenceTransformStatus = OK
Seq_Frame0104_Timestamp = 12.153
Seq_Frame0105_ForcepToReference-SequenceTransform =-0.140369 0.911146 0.38744 -0.263992 0.979219 0.0699051 0.190375 81.0721 0.146375 0.406111 -0.902024 117.12 0 0 0 1 
Seq_Frame0105_ForcepToReference-SequenceTransformStatus = OK
Seq_Frame0105_Timestamp = 12.259
Seq_Frame0106_ForcepToReference-SequenceTransform =-0.140726 0.910687 0.388388 -0.309899 0.979627 0.071314 0.187737 81.1926 0.143272 0.406895 -0.902169 116.912 0 0 0 1 
Seq_Frame0106_ForcepToReference-SequenceTransformStatus = OK
Seq_Frame0106_Timestamp = 12.37
Seq_Frame0107_ForcepToReference-SequenceTransform =-0.141361 0.911669 0.385845 -0.272661 0.979391 0.0719958 0.188705 81.2464 0.144258 0.404569 -0.903058 116.778 0 0 0 1 
Seq_Frame0107_ForcepToReference-SequenceTransformStatus = OK
Seq_Frame0107_Timestamp = 12.476
Seq_Frame0108_ForcepToReference-SequenceTransform =-0.14172 0.912349 0.384102 -0.301693 0.979449 0.0729855 0.188022 81.135 0.143508 0.402855 -0.903943 117.052 0 0 0 1 
Seq_Frame0108_ForcepToReference-SequenceTransformStatus = OK
Seq_Frame0108_Timestamp = 12.586
Seq_Frame0109_ForcepToReference-SequenceTransform =-0.141419 0.91208 0.384851 -0.313946 0.979226 0.0718172 0.189628 81.1806 0.145317 0.403673 -0.903289 117.034 0 0 0 1 
Seq_Frame0109_ForcepToReference-SequenceTransformStatus = OK
Seq_Frame0109_Timestamp = 12.689
Seq_Frame0110_ForcepToReference-SequenceTransform =-0.140521 0.911617 0.386275 -0.206415 0.979096 0.0700014 0.190975 80.9791 0.147056 0.405037 -0.902397 117.268 0 0 0 1 
Seq_Frame0110_ForcepToReference-SequenceTransformStatus = OK
Seq_Frame0110_Timestamp = 12.809
Seq_Frame0111_ForcepToReference-SequenceTransform =-0.140778 0.911248 0.387052 -0.281643 0.979762 0.0720404 0.186752 81.1738 0.142294 0.405509 -0.902948 117.031 0 0 0 1 
Seq_Frame0111_ForcepToReference-SequenceTransformStatus = OK
Seq_Frame0111_Timestamp = 12.915
Seq_Frame0112_ForcepToReference-SequenceTransform =-0.140097 0.91061 0.388795 -0.26772 0.979307 0.0695155 0.190065 81.2217 0.146048 0.407377 -0.901506 116.981 0 0 0 1 
Seq_Frame0112_ForcepToReference-SequenceTransformStatus = OK
Seq_Frame0112_Timestamp = 13.022
Seq_Frame0113_ForcepToReference-SequenceTransform =-0.140487 0.911895 0.38563 -0.276247 0.979509 0.0712411 0.188377 81.1621 0.144308 0.404193 -0.903219 117.089 0 0 0 1 
Seq_Frame0113_ForcepToReference-SequenceTransformStatus = OK
Seq_Frame0113_Timestamp = 13.126
Seq_Frame0114_ForcepToReference-SequenceTransform =-0.139776 0.910983 0.388037 -0.2524 0.979452 0.0696648 0.189262 81.1758 0.145382 0.406518 -0.902002 117.034 0 0 0 1 
Seq_Frame0114_ForcepToReference-SequenceTransformStatus = OK
Seq_Frame0114_Timestamp = 13.239
Seq_Frame0115_ForcepToReference-SequenceTransform =-0.139698 0.910307 0.389647 -0.24303 0.979493 0.0693439 0.189168 81.134 0.145181 0.408083 -0.901327 117.048 0 0 0 1 
Seq_Frame0115_ForcepToReference-SequenceTransformStatus = OK
Seq_Frame0115_Timestamp = 13.371
Seq_Frame0116_ForcepToReference-SequenceTransform =-0.14038 0.910694 0.388498 -0.268063 0.97955 0.0706226 0.188401 81.0867 0.144139 0.407 -0.901984 117.05 0 0 0 1 
Seq_Frame0116_ForcepToReference-SequenceTransformStatus = OK
Seq_Frame0116_Timestamp = 13.492
Seq_Frame0117_ForcepToReference-SequenceTransform =-0.140112 0.910574 0.388875 -0.248724 0.979541 0.0701732 0.188616 81.0466 0.14446 0.407347 -0.901776 117.137 0 0 0 1 
Seq_Frame0117_ForcepToReference-SequenceTransformStatus = OK
Seq_Frame0117_Timestamp = 13.598
Seq_Frame0118_ForcepToReference-SequenceTransform =-0.139623 0.910291 0.389712 -0.238952 0.979402 0.0689797 0.18977 81.0687 0.145864 0.408182 -0.901172 117.099 0 0 0 1 
Seq_Frame0118_ForcepToReference-SequenceTransformStatus = OK
Seq_Frame0118_Timestamp = 13.705
Seq_Frame0119_ForcepToReference-SequenceTransform =-0.139671 0.910617 0.388933 -0.197411 0.979099 0.0683611 0.191551 80.9167 0.147842 0.407558 -0.901132 117.29 0 0 0 1 
Seq_Frame0119_ForcepToReference-SequenceTransformStatus = OK
Seq_Frame0119_Timestamp = 13.808
Seq_Frame0120_ForcepToReference-SequenceTransform =-0.140281 0.911604 0.386393 -0.212625 0.978809 0.0688845 0.192843 81.0415 0.14918 0.405257 -0.901949 117.089 0 0 0 1 
Seq_Frame0120_ForcepToReference-SequenceTransformStatus = OK
Seq_Frame0120_Timestamp = 13.914
Seq_Frame0121_ForcepToReference-SequenceTransform =-0.139584 0.910132 0.390098 -0.232125 0.97925 0.0684243 0.190753 81.0307 0.146918 0.40863 -0.900798 117.099 0 0 0 1 
Seq_Frame0121_ForcepToReference-SequenceTransformStatus = OK
Seq_Frame0121_Timestamp = 14.02
Seq_Frame0122_ForcepToReference-SequenceTransform =-0.140045 0.911685 0.386286 -0.209828 0.978936 0.068952 0.192169 80.9874 0.148563 0.405062 -0.902138 117.086 0 0 0 1 
Seq_Frame0122_ForcepToReference-SequenceTransformStatus = OK
Seq_Frame0122_Timestamp = 14.143
Seq_Frame0123_ForcepToReference-SequenceTransform =-0.140046 0.911363 0.387046 -0.199902 0.979091 0.0692165 0.191285 80.9762 0.14754 0.405742 -0.902001 117.095 0 0 0 1 
Seq_Frame0123_ForcepToReference-SequenceTransformStatus = OK
Seq_Frame0123_Timestamp = 14.261
Seq_Frame0124_ForcepToReference-SequenceTransform =-0.139466 0.910794 0.388592 -0.202828 0.97888 0.0675714 0.192944 80.8737 0.149474 0.407294 -0.900982 117.283 0 0 0 1 
Seq_Frame0124_ForcepToReference-SequenceTransformStatus = OK
Seq_Frame0124_Timestamp = 14.367
Seq_Frame0125_ForcepToReference-SequenceTransform =-0.139909 0.911793 0.386081 -0.192044 0.978765 0.0683568 0.193251 80.8718 0.149814 0.40492 -0.901995 117.171 0 0 0 1 
Seq_Frame0125_ForcepToReference-SequenceTransformStatus = OK
Seq_Frame0125_Timestamp = 14.475
Seq_Frame0126_ForcepToReference-SequenceTransform =-0.139469 0.910776 0.388633 -0.203848 0.978968 0.0678065 0.192416 80.6839 0.148896 0.407295 -0.901078 117.52 0 0 0 1 
Seq_Frame0126_ForcepToReference-SequenceTransformStatus = OK
Seq_Frame0126_Timestamp = 14.578
Seq_Frame0127_ForcepToReference-SequenceTransform =-0.139924 0.910185 0.389852 -0.298391 0.97916 0.0686612 0.191134 81.2023 0.147199 0.408471 -0.900824 117.023 0 0 0 1 
Seq_Frame0127_ForcepToReference-SequenceTransformStatus = OK
Seq_Frame0127_Timestamp = 14.688
Seq_Frame0128_ForcepToReference-SequenceTransform =-0.139387 0.909635 0.391324 -0.27718 0.979357 0.0682125 0.19028 81.1037 0.146392 0.409769 -0.900366 117.037 0 0 0 1 
Seq_Frame0128_ForcepToReference-SequenceTransformStatus = OK
Seq_Frame0128_Timestamp = 14.793
Seq_Frame0129_ForcepToReference-SequenceTransform =-0.13971 0.909905 0.390581 -0.302252 0.979728 0.0698311 0.187767 81.1383 0.143575 0.408896 -0.901216 116.918 0 0 0 1 
Seq_Frame0129_ForcepToReference-SequenceTransformStatus = OK
Seq_Frame0129_Timestamp = 14.901
Seq_Frame0130_ForcepToReference-SequenceTransform =-0.140303 0.910681 0.388556 -0.293317 0.979904 0.0715208 0.186206 81.1905 0.141784 0.406873 -0.902415 116.903 0 0 0 1 
Seq_Frame0130_ForcepToReference-SequenceTransformStatus = OK
Seq_Frame0130_Timestamp = 15.008
Seq_Frame0131_ForcepToReference-SequenceTransform =-0.14045 0.910864 0.388072 -0.28006 0.979839 0.0716229 0.18651 81.2067 0.14209 0.406443 -0.90256 116.922 0 0 0 1 
Seq_Frame0131_ForcepToReference-SequenceTransformStatus = OK
Seq_Frame0131_Timestamp = 15.116
Seq_Frame0132_ForcepToReference-SequenceTransform =-0.141217 0.91209 0.384901 -0.257015 0.979701 0.0728764 0.186751 81.0918 0.142284 0.40346 -0.903867 117.095 0 0 0 1 
Seq_Frame0132_ForcepToReference-SequenceTransformStatus = OK
Seq_Frame0132_Timestamp = 15.222
Seq_Frame0133_ForcepToReference-SequenceTransform =-0.140707 0.91088 0.387943 -0.256359 0.97999 0.0724173 0.185407 81.0681 0.14079 0.406268 -0.902842 117.054 0 0 0 1 
Seq_Frame0133_ForcepToReference-SequenceTransformStatus = OK
Seq_Frame0133_Timestamp = 15.328
Seq_Frame0134_ForcepToReference-SequenceTransform =-0.140514 0.911016 0.387693 -0.273213 0.979708 0.0714113 0.187276 81.0626 0.142926 0.406141 -0.902564 117.073 0 0 0 1 
Seq_Frame0134_ForcepToReference-SequenceTransformStatus = OK
Seq_Frame0134_Timestamp = 15.439
Seq_Frame0135_ForcepToReference-SequenceTransform =-0.141114 0.91177 0.385697 -0.269808 0.979936 0.0732518 0.185363 81.0671 0.140755 0.404116 -0.903813 117.068 0 0 0 1 
Seq_Frame0135_ForcepToReference-SequenceTransformStatus = OK
Seq_Frame0135_Timestamp = 15.542
Seq_Frame0136_ForcepToReference-SequenceTransform =-0.141097 0.912265 0.384532 -0.223436 0.979353 0.0718197 0.18897 81.0573 0.144774 0.403256 -0.903563 117.003 0 0 0 1 
Seq_Frame0136_ForcepToReference-SequenceTransformStatus = OK
Seq_Frame0136_Timestamp = 15.648
Seq_Frame0137_ForcepToReference-SequenceTransform =-0.140139 0.910679 0.388618 -0.241348 0.979478 0.0700839 0.188974 80.9982 0.144859 0.407125 -0.901812 117.093 0 0 0 1 
Seq_Frame0137_ForcepToReference-SequenceTransformStatus = OK
Seq_Frame0137_Timestamp = 15.754
Seq_Frame0138_ForcepToReference-SequenceTransform =-0.139681 0.911002 0.388027 -0.188672 0.979237 0.0689457 0.190633 80.7802 0.146914 0.406599 -0.901717 117.309 0 0 0 1 
Seq_Frame0138_ForcepToReference-SequenceTransformStatus = OK
Seq_Frame0138_Timestamp = 15.858
Seq_Frame0139_ForcepToReference-SequenceTransform =-0.140628 0.912804 0.383423 -0.0966459 0.979041 0.0705875 0.191038 80.5225 0.147316 0.402252 -0.903599 117.702 0 0 0 1 
Seq_Frame0139_ForcepToReference-SequenceTransformStatus = OK
Seq_Frame0139_Timestamp = 15.963
Seq_Frame0140_ForcepToReference-SequenceTransform =-0.140158 0.9108 0.388329 -0.209659 0.979257 0.0695526 0.190308 80.8903 0.146323 0.406948 -0.901656 117.233 0 0 0 1 
Seq_Frame0140_ForcepToReference-SequenceTransformStatus = OK
Seq_Frame0140_Timestamp = 16.07
Seq_Frame0141_ForcepToReference-SequenceTransform =-0.141961 0.914584 0.378661 -0.0705123 0.979305 0.0740189 0.188367 80.3686 0.144249 0.397565 -0.906164 117.961 0 0 0 1 
Seq_Frame0141_ForcepToReference-SequenceTransformStatus = OK
Seq_Frame0141_Timestamp = 16.174
Seq_Frame0142_ForcepToReference-SequenceTransform =-0.140898 0.913374 0.381963 -0.0974985 0.978807 0.0706028 0.192231 80.5009 0.148611 0.400953 -0.903964 117.712 0 0 0 1 
Seq_Frame0142_ForcepToReference-SequenceTransformStatus = OK
Seq_Frame0142_Timestamp = 16.281
Seq_Frame0143_ForcepToReference-SequenceTransform =-0.142584 0.914299 0.379114 -0.279504 0.97955 0.075412 0.186536 80.9757 0.14196 0.397958 -0.906353 117.358 0 0 0 1 
Seq_Frame0143_ForcepToReference-SequenceTransformStatus = OK
Seq_Frame0143_Timestamp = 16.384
Seq_Frame0144_ForcepToReference-SequenceTransform =-0.141361 0.914309 0.379548 -0.241122 0.979697 0.0741448 0.186272 80.888 0.142169 0.398173 -0.906226 117.461 0 0 0 1 
Seq_Frame0144_ForcepToReference-SequenceTransformStatus = OK
Seq_Frame0144_Timestamp = 16.491
Seq_Frame0145_ForcepToReference-SequenceTransform =-0.140418 0.912684 0.383786 -0.214928 0.979273 0.070878 0.189736 80.8941 0.145967 0.402473 -0.903719 117.407 0 0 0 1 
Seq_Frame0145_ForcepToReference-SequenceTransformStatus = OK
Seq_Frame0145_Timestamp = 16.599
Seq_Frame0146_ForcepToReference-SequenceTransform =-0.139977 0.910329 0.389496 -0.218398 0.97914 0.0687498 0.191202 80.9622 0.147279 0.408135 -0.900963 117.22 0 0 0 1 
Seq_Frame0146_ForcepToReference-SequenceTransformStatus = OK
Seq_Frame0146_Timestamp = 16.707
Seq_Frame0147_ForcepToReference-SequenceTransform =-0.140141 0.910461 0.38913 -0.245877 0.979145 0.0690513 0.191066 80.9913 0.147088 0.407791 -0.90115 117.225 0 0 0 1 
Seq_Frame0147_ForcepToReference-SequenceTransformStatus = OK
Seq_Frame0147_Timestamp = 16.817
Seq_Frame0148_ForcepToReference-SequenceTransform =-0.139924 0.910242 0.389719 -0.233351 0.979028 0.0683257 0.191924 80.9823 0.148069 0.408401 -0.900713 117.164 0 0 0 1 
Seq_Frame0148_ForcepToReference-SequenceTransformStatus = OK
Seq_Frame0148_Timestamp = 16.921
Seq_Frame0149_ForcepToReference-SequenceTransform =-0.139819 0.911628 0.386504 -0.256167 0.97929 0.0695868 0.190131 80.9953 0.146433 0.405084 -0.902477 117.264 0 0 0 1 
Seq_Frame0149_ForcepToReference-SequenceTransformStatus = OK
Seq_Frame0149_Timestamp = 17.026
Seq_Frame0150_ForcepToReference-SequenceTransform =-0.139278 0.910176 0.390104 -0.254925 0.979413 0.0684833 0.189896 81.095 0.146123 0.408522 -0.900976 117.054 0 0 0 1 
Seq_Frame0150_ForcepToReference-SequenceTransformStatus = OK
Seq_Frame0150_Timestamp = 17.133
