ObjectType = Image
NDims = 3
AnatomicalOrientation = RAI
BinaryData = True
CompressedData = False
DimSize = 0 0 2947
ElementSpacing = 1 1 1
Offset = 0 0 0
TransformMatrix = 1 0 0 0 1 0 0 0 1
ElementType = MET_UCHAR
Kinds = domain domain list
Seq_Frame0000_DriverToReference-SequenceTransform =-0.937784 -0.315135 0.145781 86.3255 -0.0654051 0.57266 0.81718 42.2724 -0.341005 0.756803 -0.557643 69.0242 0 0 0 1 
Seq_Frame0000_DriverToReference-SequenceTransformStatus = OK
Seq_Frame0000_Timestamp = 0.0190001
Seq_Frame0001_DriverToReference-SequenceTransform =-0.936996 -0.316123 0.148678 86.3543 -0.0639015 0.573515 0.816699 42.1574 -0.343446 0.755743 -0.557582 69.2908 0 0 0 1 
Seq_Frame0001_DriverToReference-SequenceTransformStatus = OK
Seq_Frame0001_Timestamp = 0.122
Seq_Frame0002_DriverToReference-SequenceTransform =-0.93613 -0.317732 0.150688 86.332 -0.0634091 0.574006 0.816392 42.2101 -0.34589 0.754695 -0.557491 69.2766 0 0 0 1 
Seq_Frame0002_DriverToReference-SequenceTransformStatus = OK
Seq_Frame0002_Timestamp = 0.226
Seq_Frame0003_DriverToReference-SequenceTransform =-0.934485 -0.329885 0.133841 85.2853 -0.0836319 0.568859 0.818172 42.2392 -0.346039 0.753376 -0.559179 69.5286 0 0 0 1 
Seq_Frame0003_DriverToReference-SequenceTransformStatus = OK
Seq_Frame0003_Timestamp = 0.333
Seq_Frame0004_DriverToReference-SequenceTransform =-0.922534 -0.363422 0.129832 84.1762 -0.101904 0.553886 0.826333 42.3166 -0.372219 0.74909 -0.548012 69.2571 0 0 0 1 
Seq_Frame0004_DriverToReference-SequenceTransformStatus = OK
Seq_Frame0004_Timestamp = 0.444
Seq_Frame0005_DriverToReference-SequenceTransform =-0.851699 -0.490159 0.185347 89.2763 -0.149615 0.566422 0.810421 47.0579 -0.502219 0.662504 -0.555756 73.1532 0 0 0 1 
Seq_Frame0005_DriverToReference-SequenceTransformStatus = OK
Seq_Frame0005_Timestamp = 0.554
Seq_Frame0006_DriverToReference-SequenceTransform =-0.805282 -0.493952 0.327923 93.7116 -0.0614797 0.619677 0.782445 49.2633 -0.589696 0.609928 -0.529382 70.8028 0 0 0 1 
Seq_Frame0006_DriverToReference-SequenceTransformStatus = OK
Seq_Frame0006_Timestamp = 0.658
Seq_Frame0007_DriverToReference-SequenceTransform =-0.853738 -0.463413 0.237445 94.9533 -0.213931 0.727911 0.651444 63.1619 -0.474727 0.505366 -0.720583 57.5117 0 0 0 1 
Seq_Frame0007_DriverToReference-SequenceTransformStatus = OK
Seq_Frame0007_Timestamp = 0.762
Seq_Frame0008_DriverToReference-SequenceTransform =-0.860986 -0.49738 0.106381 91.8661 -0.381761 0.770143 0.511017 89.9229 -0.336098 0.399366 -0.852962 46.6828 0 0 0 1 
Seq_Frame0008_DriverToReference-SequenceTransformStatus = OK
Seq_Frame0008_Timestamp = 0.866
Seq_Frame0009_DriverToReference-SequenceTransform =-0.742832 -0.668795 -0.0302162 80.4403 -0.630289 0.683421 0.368337 149.392 -0.225692 0.292657 -0.929201 40.4743 0 0 0 1 
Seq_Frame0009_DriverToReference-SequenceTransformStatus = OK
Seq_Frame0009_Timestamp = 0.966
Seq_Frame0010_DriverToReference-SequenceTransform =-0.607502 -0.729223 -0.31492 61.1888 -0.78805 0.503607 0.354059 208.578 -0.0995916 0.463264 -0.880606 43.2952 0 0 0 1 
Seq_Frame0010_DriverToReference-SequenceTransformStatus = OK
Seq_Frame0010_Timestamp = 1.067
Seq_Frame0011_DriverToReference-SequenceTransform =-0.556601 -0.737016 -0.38341 49.1937 -0.781939 0.308847 0.541465 242.609 -0.280654 0.601183 -0.748206 68.5684 0 0 0 1 
Seq_Frame0011_DriverToReference-SequenceTransformStatus = OK
Seq_Frame0011_Timestamp = 1.175
Seq_Frame0012_DriverToReference-SequenceTransform =-0.501935 -0.766686 -0.400318 42.1792 -0.787721 0.214101 0.57763 260.578 -0.357152 0.605271 -0.711399 86.5499 0 0 0 1 
Seq_Frame0012_DriverToReference-SequenceTransformStatus = OK
Seq_Frame0012_Timestamp = 1.291
Seq_Frame0013_DriverToReference-SequenceTransform =-0.500356 -0.778468 -0.378987 40.9959 -0.754049 0.176685 0.632608 268.68 -0.425504 0.602304 -0.675408 97.1198 0 0 0 1 
Seq_Frame0013_DriverToReference-SequenceTransformStatus = OK
Seq_Frame0013_Timestamp = 1.395
Seq_Frame0014_DriverToReference-SequenceTransform =-0.443035 -0.802341 -0.399962 39.3069 -0.797708 0.14921 0.584293 275.027 -0.409124 0.577915 -0.706138 100.557 0 0 0 1 
Seq_Frame0014_DriverToReference-SequenceTransformStatus = OK
Seq_Frame0014_Timestamp = 1.496
Seq_Frame0015_DriverToReference-SequenceTransform =-0.440947 -0.745899 -0.4992 42.6884 -0.761624 0.0166932 0.647804 278.764 -0.474863 0.66585 -0.575455 103.525 0 0 0 1 
Seq_Frame0015_DriverToReference-SequenceTransformStatus = OK
Seq_Frame0015_Timestamp = 1.605
Seq_Frame0016_DriverToReference-SequenceTransform =-0.471473 -0.765361 -0.438105 50.3324 -0.745925 0.0810904 0.661075 276.913 -0.470434 0.638473 -0.609134 106.247 0 0 0 1 
Seq_Frame0016_DriverToReference-SequenceTransformStatus = OK
Seq_Frame0016_Timestamp = 1.715
Seq_Frame0017_DriverToReference-SequenceTransform =-0.470289 -0.725214 -0.502885 55.7025 -0.771054 0.0604548 0.633893 277.575 -0.429307 0.685864 -0.587611 109.858 0 0 0 1 
Seq_Frame0017_DriverToReference-SequenceTransformStatus = OK
Seq_Frame0017_Timestamp = 1.827
Seq_Frame0018_DriverToReference-SequenceTransform =-0.450274 -0.709908 -0.541557 55.931 -0.776077 0.0112333 0.630538 278.413 -0.441541 0.704205 -0.556001 111.148 0 0 0 1 
Seq_Frame0018_DriverToReference-SequenceTransformStatus = OK
Seq_Frame0018_Timestamp = 1.934
Seq_Frame0019_DriverToReference-SequenceTransform =-0.494366 -0.719058 -0.488423 62.1737 -0.765026 0.093128 0.637231 267.293 -0.41272 0.688682 -0.596137 114.621 0 0 0 1 
Seq_Frame0019_DriverToReference-SequenceTransformStatus = OK
Seq_Frame0019_Timestamp = 2.047
Seq_Frame0020_DriverToReference-SequenceTransform =-0.507654 -0.703863 -0.496854 62.8728 -0.77635 0.123653 0.618054 262.046 -0.373587 0.699491 -0.609217 115.911 0 0 0 1 
Seq_Frame0020_DriverToReference-SequenceTransformStatus = OK
Seq_Frame0020_Timestamp = 2.155
Seq_Frame0021_DriverToReference-SequenceTransform =-0.522483 -0.680091 -0.514284 61.0772 -0.789066 0.157115 0.593877 262.181 -0.323088 0.716094 -0.618727 117.289 0 0 0 1 
Seq_Frame0021_DriverToReference-SequenceTransformStatus = OK
Seq_Frame0021_Timestamp = 2.267
Seq_Frame0022_DriverToReference-SequenceTransform =-0.583097 -0.720093 -0.376117 80.2179 -0.727545 0.256851 0.636165 267.874 -0.361492 0.644588 -0.673669 122.992 0 0 0 1 
Seq_Frame0022_DriverToReference-SequenceTransformStatus = OK
Seq_Frame0022_Timestamp = 2.392
Seq_Frame0023_DriverToReference-SequenceTransform =-0.555019 -0.699767 -0.449755 97.8146 -0.792844 0.281413 0.54056 270.864 -0.251699 0.656607 -0.710996 128.834 0 0 0 1 
Seq_Frame0023_DriverToReference-SequenceTransformStatus = OK
Seq_Frame0023_Timestamp = 2.517
Seq_Frame0024_DriverToReference-SequenceTransform =-0.549668 -0.726949 -0.411594 97.691 -0.764319 0.238773 0.599002 277.296 -0.337167 0.643842 -0.686867 131.833 0 0 0 1 
Seq_Frame0024_DriverToReference-SequenceTransformStatus = OK
Seq_Frame0024_Timestamp = 2.625
Seq_Frame0025_DriverToReference-SequenceTransform =-0.544669 -0.765693 -0.342126 115.577 -0.671552 0.153845 0.72481 314.488 -0.502348 0.624537 -0.597997 162.433 0 0 0 1 
Seq_Frame0025_DriverToReference-SequenceTransformStatus = OK
Seq_Frame0025_Timestamp = 3.284
Seq_Frame0026_DriverToReference-SequenceTransform =-0.551042 -0.756272 -0.35271 117.591 -0.687999 0.172545 0.704901 315.623 -0.472239 0.631095 -0.615394 162.887 0 0 0 1 
Seq_Frame0026_DriverToReference-SequenceTransformStatus = OK
Seq_Frame0026_Timestamp = 3.395
Seq_Frame0027_DriverToReference-SequenceTransform =-0.544555 -0.75563 -0.363981 116.18 -0.69 0.156893 0.706601 314.55 -0.476823 0.63593 -0.606822 161.84 0 0 0 1 
Seq_Frame0027_DriverToReference-SequenceTransformStatus = OK
Seq_Frame0027_Timestamp = 3.522
Seq_Frame0028_DriverToReference-SequenceTransform =-0.535617 -0.765818 -0.35586 114.838 -0.691674 0.156097 0.705139 310.336 -0.48446 0.623824 -0.613305 161.122 0 0 0 1 
Seq_Frame0028_DriverToReference-SequenceTransformStatus = OK
Seq_Frame0028_Timestamp = 3.647
Seq_Frame0029_DriverToReference-SequenceTransform =-0.534558 -0.762933 -0.363568 114.234 -0.710253 0.172406 0.682508 305.586 -0.458026 0.623065 -0.634036 160.829 0 0 0 1 
Seq_Frame0029_DriverToReference-SequenceTransformStatus = OK
Seq_Frame0029_Timestamp = 3.755
Seq_Frame0030_DriverToReference-SequenceTransform =-0.522838 -0.769442 -0.366877 113.104 -0.72012 0.168379 0.673109 300.965 -0.456144 0.616123 -0.642126 159.56 0 0 0 1 
Seq_Frame0030_DriverToReference-SequenceTransformStatus = OK
Seq_Frame0030_Timestamp = 3.867
Seq_Frame0031_DriverToReference-SequenceTransform =-0.500137 -0.765878 -0.404097 108.923 -0.733245 0.126304 0.668131 303.065 -0.460668 0.630459 -0.624745 158.657 0 0 0 1 
Seq_Frame0031_DriverToReference-SequenceTransformStatus = OK
Seq_Frame0031_Timestamp = 3.974
Seq_Frame0032_DriverToReference-SequenceTransform =-0.487183 -0.769344 -0.413234 108.264 -0.723127 0.0900836 0.684816 314.562 -0.489633 0.632451 -0.60022 164.665 0 0 0 1 
Seq_Frame0032_DriverToReference-SequenceTransformStatus = OK
Seq_Frame0032_Timestamp = 4.102
Seq_Frame0033_DriverToReference-SequenceTransform =-0.467617 -0.815905 -0.340048 119.134 -0.725953 0.135006 0.674363 309.6 -0.504308 0.562203 -0.65544 173.317 0 0 0 1 
Seq_Frame0033_DriverToReference-SequenceTransformStatus = OK
Seq_Frame0033_Timestamp = 4.227
Seq_Frame0034_DriverToReference-SequenceTransform =-0.421298 -0.837361 -0.348331 119.214 -0.760869 0.117325 0.638211 304.037 -0.493545 0.533911 -0.686551 180.428 0 0 0 1 
Seq_Frame0034_DriverToReference-SequenceTransformStatus = OK
Seq_Frame0034_Timestamp = 4.354
Seq_Frame0035_DriverToReference-SequenceTransform =-0.412129 -0.837882 -0.357914 120.577 -0.769294 0.109518 0.629439 302.044 -0.488197 0.534751 -0.689713 183.677 0 0 0 1 
Seq_Frame0035_DriverToReference-SequenceTransformStatus = OK
Seq_Frame0035_Timestamp = 4.461
Seq_Frame0036_DriverToReference-SequenceTransform =-0.403747 -0.845665 -0.349056 121.51 -0.750704 0.0881643 0.654729 303.079 -0.522907 0.526382 -0.67044 184.138 0 0 0 1 
Seq_Frame0036_DriverToReference-SequenceTransformStatus = OK
Seq_Frame0036_Timestamp = 4.573
Seq_Frame0037_DriverToReference-SequenceTransform =-0.387387 -0.851143 -0.354241 123.2 -0.768831 0.0862182 0.633613 304.612 -0.508753 0.517805 -0.687785 187.195 0 0 0 1 
Seq_Frame0037_DriverToReference-SequenceTransformStatus = OK
Seq_Frame0037_Timestamp = 4.698
Seq_Frame0038_DriverToReference-SequenceTransform =-0.391058 -0.84954 -0.354056 124.822 -0.76698 0.088166 0.635585 304.313 -0.508739 0.520105 -0.686058 189.544 0 0 0 1 
Seq_Frame0038_DriverToReference-SequenceTransformStatus = OK
Seq_Frame0038_Timestamp = 4.824
Seq_Frame0039_DriverToReference-SequenceTransform =-0.416009 -0.842689 -0.341777 123.878 -0.754333 0.109888 0.647229 303.424 -0.507856 0.527067 -0.681383 189.05 0 0 0 1 
Seq_Frame0039_DriverToReference-SequenceTransformStatus = OK
Seq_Frame0039_Timestamp = 4.932
Seq_Frame0040_DriverToReference-SequenceTransform =-0.401801 -0.857153 -0.32225 122.299 -0.762488 0.118282 0.636098 303.713 -0.507117 0.501296 -0.701095 189.956 0 0 0 1 
Seq_Frame0040_DriverToReference-SequenceTransformStatus = OK
Seq_Frame0040_Timestamp = 5.044
Seq_Frame0041_DriverToReference-SequenceTransform =-0.416323 -0.811674 -0.409708 117.388 -0.811675 0.128733 0.569747 304.272 -0.409705 0.569749 -0.71241 183.404 0 0 0 1 
Seq_Frame0041_DriverToReference-SequenceTransformStatus = OK
Seq_Frame0041_Timestamp = 5.168
Seq_Frame0042_DriverToReference-SequenceTransform =-0.536497 -0.768894 -0.347811 117.699 -0.743168 0.235189 0.626409 296.25 -0.399841 0.594548 -0.697596 179.553 0 0 0 1 
Seq_Frame0042_DriverToReference-SequenceTransformStatus = OK
Seq_Frame0042_Timestamp = 5.294
Seq_Frame0043_DriverToReference-SequenceTransform =-0.664516 -0.737676 -0.119382 123.676 -0.613123 0.446891 0.651436 281.31 -0.427198 0.506085 -0.749253 181.532 0 0 0 1 
Seq_Frame0043_DriverToReference-SequenceTransformStatus = OK
Seq_Frame0043_Timestamp = 5.402
Seq_Frame0044_DriverToReference-SequenceTransform =-0.70275 -0.708464 -0.0649775 115.953 -0.55577 0.489671 0.67182 275.896 -0.444142 0.508234 -0.737859 177.787 0 0 0 1 
Seq_Frame0044_DriverToReference-SequenceTransformStatus = OK
Seq_Frame0044_Timestamp = 5.528
Seq_Frame0045_DriverToReference-SequenceTransform =-0.564718 -0.73392 -0.377432 75.5057 -0.715824 0.20799 0.666585 284.882 -0.410718 0.646608 -0.642813 168.509 0 0 0 1 
Seq_Frame0045_DriverToReference-SequenceTransformStatus = OK
Seq_Frame0045_Timestamp = 5.64
Seq_Frame0046_DriverToReference-SequenceTransform =-0.453889 -0.5268 -0.718656 34.4341 -0.850575 0.0158126 0.525616 286.301 -0.265531 0.849842 -0.45526 153.328 0 0 0 1 
Seq_Frame0046_DriverToReference-SequenceTransformStatus = OK
Seq_Frame0046_Timestamp = 5.763
Seq_Frame0047_DriverToReference-SequenceTransform =-0.693897 -0.419852 -0.585006 43.5597 -0.707424 0.245866 0.662647 258.848 -0.13438 0.873656 -0.467619 135.813 0 0 0 1 
Seq_Frame0047_DriverToReference-SequenceTransformStatus = OK
Seq_Frame0047_Timestamp = 5.891
Seq_Frame0048_DriverToReference-SequenceTransform =-0.67558 -0.512359 -0.53017 59.5377 -0.704322 0.235871 0.669549 254.202 -0.217998 0.825744 -0.520215 137.3 0 0 0 1 
Seq_Frame0048_DriverToReference-SequenceTransformStatus = OK
Seq_Frame0048_Timestamp = 6.015
Seq_Frame0049_DriverToReference-SequenceTransform =-0.609209 -0.65446 -0.447824 74.1229 -0.741046 0.268767 0.615318 243.59 -0.28234 0.706715 -0.64872 138.754 0 0 0 1 
Seq_Frame0049_DriverToReference-SequenceTransformStatus = OK
Seq_Frame0049_Timestamp = 6.142
Seq_Frame0050_DriverToReference-SequenceTransform =-0.644327 -0.641934 -0.415648 70.0226 -0.736047 0.373044 0.564866 234.096 -0.207552 0.669895 -0.712856 136.53 0 0 0 1 
Seq_Frame0050_DriverToReference-SequenceTransformStatus = OK
Seq_Frame0050_Timestamp = 6.268
Seq_Frame0051_DriverToReference-SequenceTransform =-0.644327 -0.641934 -0.415648 70.0226 -0.736047 0.373044 0.564866 234.096 -0.207552 0.669895 -0.712856 136.53 0 0 0 1 
Seq_Frame0051_DriverToReference-SequenceTransformStatus = OK
Seq_Frame0051_Timestamp = 6.393
Seq_Frame0052_DriverToReference-SequenceTransform =-0.644327 -0.641934 -0.415648 70.0226 -0.736047 0.373044 0.564866 234.096 -0.207552 0.669895 -0.712856 136.53 0 0 0 1 
Seq_Frame0052_DriverToReference-SequenceTransformStatus = OK
Seq_Frame0052_Timestamp = 6.5
Seq_Frame0053_DriverToReference-SequenceTransform =-0.644327 -0.641934 -0.415648 70.0226 -0.736047 0.373044 0.564866 234.096 -0.207552 0.669895 -0.712856 136.53 0 0 0 1 
Seq_Frame0053_DriverToReference-SequenceTransformStatus = OK
Seq_Frame0053_Timestamp = 6.608
Seq_Frame0054_DriverToReference-SequenceTransform =-0.644327 -0.641934 -0.415648 70.0226 -0.736047 0.373044 0.564866 234.096 -0.207552 0.669895 -0.712856 136.53 0 0 0 1 
Seq_Frame0054_DriverToReference-SequenceTransformStatus = OK
Seq_Frame0054_Timestamp = 6.757
Seq_Frame0055_DriverToReference-SequenceTransform =-0.644327 -0.641934 -0.415648 70.0226 -0.736047 0.373044 0.564866 234.096 -0.207552 0.669895 -0.712856 136.53 0 0 0 1 
Seq_Frame0055_DriverToReference-SequenceTransformStatus = OK
Seq_Frame0055_Timestamp = 6.884
Seq_Frame0056_DriverToReference-SequenceTransform =-0.644327 -0.641934 -0.415648 70.0226 -0.736047 0.373044 0.564866 234.096 -0.207552 0.669895 -0.712856 136.53 0 0 0 1 
Seq_Frame0056_DriverToReference-SequenceTransformStatus = OK
Seq_Frame0056_Timestamp = 7.001
Seq_Frame0057_DriverToReference-SequenceTransform =-0.644327 -0.641934 -0.415648 70.0226 -0.736047 0.373044 0.564866 234.096 -0.207552 0.669895 -0.712856 136.53 0 0 0 1 
Seq_Frame0057_DriverToReference-SequenceTransformStatus = OK
Seq_Frame0057_Timestamp = 7.11
Seq_Frame0058_DriverToReference-SequenceTransform =-0.644327 -0.641934 -0.415648 70.0226 -0.736047 0.373044 0.564866 234.096 -0.207552 0.669895 -0.712856 136.53 0 0 0 1 
Seq_Frame0058_DriverToReference-SequenceTransformStatus = OK
Seq_Frame0058_Timestamp = 7.216
Seq_Frame0059_DriverToReference-SequenceTransform =-0.644327 -0.641934 -0.415648 70.0226 -0.736047 0.373044 0.564866 234.096 -0.207552 0.669895 -0.712856 136.53 0 0 0 1 
Seq_Frame0059_DriverToReference-SequenceTransformStatus = OK
Seq_Frame0059_Timestamp = 7.431
Seq_Frame0060_DriverToReference-SequenceTransform =-0.644327 -0.641934 -0.415648 70.0226 -0.736047 0.373044 0.564866 234.096 -0.207552 0.669895 -0.712856 136.53 0 0 0 1 
Seq_Frame0060_DriverToReference-SequenceTransformStatus = OK
Seq_Frame0060_Timestamp = 7.572
Seq_Frame0061_DriverToReference-SequenceTransform =-0.644327 -0.641934 -0.415648 70.0226 -0.736047 0.373044 0.564866 234.096 -0.207552 0.669895 -0.712856 136.53 0 0 0 1 
Seq_Frame0061_DriverToReference-SequenceTransformStatus = OK
Seq_Frame0061_Timestamp = 7.974
Seq_Frame0062_DriverToReference-SequenceTransform =-0.644327 -0.641934 -0.415648 70.0226 -0.736047 0.373044 0.564866 234.096 -0.207552 0.669895 -0.712856 136.53 0 0 0 1 
Seq_Frame0062_DriverToReference-SequenceTransformStatus = OK
Seq_Frame0062_Timestamp = 8.097
Seq_Frame0063_DriverToReference-SequenceTransform =-0.644327 -0.641934 -0.415648 70.0226 -0.736047 0.373044 0.564866 234.096 -0.207552 0.669895 -0.712856 136.53 0 0 0 1 
Seq_Frame0063_DriverToReference-SequenceTransformStatus = OK
Seq_Frame0063_Timestamp = 8.339
Seq_Frame0064_DriverToReference-SequenceTransform =-0.644327 -0.641934 -0.415648 70.0226 -0.736047 0.373044 0.564866 234.096 -0.207552 0.669895 -0.712856 136.53 0 0 0 1 
Seq_Frame0064_DriverToReference-SequenceTransformStatus = OK
Seq_Frame0064_Timestamp = 8.469
Seq_Frame0065_DriverToReference-SequenceTransform =-0.165449 -0.709196 -0.685323 188.517 -0.919868 0.361549 -0.152071 262.999 0.355625 0.605247 -0.712185 186.677 0 0 0 1 
Seq_Frame0065_DriverToReference-SequenceTransformStatus = OK
Seq_Frame0065_Timestamp = 8.578
Seq_Frame0066_DriverToReference-SequenceTransform =-0.325503 -0.60454 -0.727035 190.592 -0.86957 0.493365 -0.0209223 248.518 0.371342 0.625398 -0.686282 176.545 0 0 0 1 
Seq_Frame0066_DriverToReference-SequenceTransformStatus = OK
Seq_Frame0066_Timestamp = 8.707
Seq_Frame0067_DriverToReference-SequenceTransform =-0.309487 -0.574002 -0.758116 199.174 -0.851041 0.522858 -0.048457 248.483 0.424201 0.630191 -0.650317 173.373 0 0 0 1 
Seq_Frame0067_DriverToReference-SequenceTransformStatus = OK
Seq_Frame0067_Timestamp = 8.832
Seq_Frame0068_DriverToReference-SequenceTransform =-0.36147 -0.609289 -0.705767 208.629 -0.854875 0.518737 -0.00998796 245.355 0.372193 0.599732 -0.708374 176.714 0 0 0 1 
Seq_Frame0068_DriverToReference-SequenceTransformStatus = OK
Seq_Frame0068_Timestamp = 8.946
Seq_Frame0069_DriverToReference-SequenceTransform =-0.371126 -0.613791 -0.696797 211.16 -0.857217 0.514947 0.00296473 247.124 0.356994 0.598407 -0.717262 177.609 0 0 0 1 
Seq_Frame0069_DriverToReference-SequenceTransformStatus = OK
Seq_Frame0069_Timestamp = 9.067
Seq_Frame0070_DriverToReference-SequenceTransform =-0.379103 -0.613346 -0.692884 213.303 -0.852117 0.523344 0.00295782 245.893 0.360802 0.591539 -0.721043 179.094 0 0 0 1 
Seq_Frame0070_DriverToReference-SequenceTransformStatus = OK
Seq_Frame0070_Timestamp = 9.189
Seq_Frame0071_DriverToReference-SequenceTransform =-0.39412 -0.605644 -0.691278 212.595 -0.851549 0.523591 0.0267664 246.123 0.345736 0.599206 -0.722093 179.3 0 0 0 1 
Seq_Frame0071_DriverToReference-SequenceTransformStatus = OK
Seq_Frame0071_Timestamp = 9.306
Seq_Frame0072_DriverToReference-SequenceTransform =-0.366694 -0.589661 -0.719608 211.073 -0.844324 0.535761 -0.00876677 244.234 0.390707 0.604367 -0.694326 181.096 0 0 0 1 
Seq_Frame0072_DriverToReference-SequenceTransformStatus = OK
Seq_Frame0072_Timestamp = 9.436
Seq_Frame0073_DriverToReference-SequenceTransform =-0.382426 -0.596911 -0.705299 210.567 -0.844579 0.53541 0.00481534 243.749 0.37475 0.597522 -0.708893 180.388 0 0 0 1 
Seq_Frame0073_DriverToReference-SequenceTransformStatus = OK
Seq_Frame0073_Timestamp = 9.559
Seq_Frame0074_DriverToReference-SequenceTransform =-0.322503 -0.579048 -0.748796 210.14 -0.835172 0.54639 -0.0628219 242.042 0.445511 0.605113 -0.659817 182.686 0 0 0 1 
Seq_Frame0074_DriverToReference-SequenceTransformStatus = OK
Seq_Frame0074_Timestamp = 9.669
Seq_Frame0075_DriverToReference-SequenceTransform =-0.293577 -0.556612 -0.777171 206.764 -0.793597 0.595154 -0.126469 236.428 0.532931 0.579632 -0.61645 182.471 0 0 0 1 
Seq_Frame0075_DriverToReference-SequenceTransformStatus = OK
Seq_Frame0075_Timestamp = 9.784
Seq_Frame0076_DriverToReference-SequenceTransform =-0.478065 -0.684035 -0.550953 199.005 -0.680606 0.685003 -0.259899 231.726 0.555184 0.250733 -0.793034 186.669 0 0 0 1 
Seq_Frame0076_DriverToReference-SequenceTransformStatus = OK
Seq_Frame0076_Timestamp = 10.064
Seq_Frame0077_DriverToReference-SequenceTransform =-0.478065 -0.684035 -0.550953 199.005 -0.680606 0.685003 -0.259899 231.726 0.555184 0.250733 -0.793034 186.669 0 0 0 1 
Seq_Frame0077_DriverToReference-SequenceTransformStatus = OK
Seq_Frame0077_Timestamp = 10.185
Seq_Frame0078_DriverToReference-SequenceTransform =-0.478065 -0.684035 -0.550953 199.005 -0.680606 0.685003 -0.259899 231.726 0.555184 0.250733 -0.793034 186.669 0 0 0 1 
Seq_Frame0078_DriverToReference-SequenceTransformStatus = OK
Seq_Frame0078_Timestamp = 10.291
Seq_Frame0079_DriverToReference-SequenceTransform =-0.478065 -0.684035 -0.550953 199.005 -0.680606 0.685003 -0.259899 231.726 0.555184 0.250733 -0.793034 186.669 0 0 0 1 
Seq_Frame0079_DriverToReference-SequenceTransformStatus = OK
Seq_Frame0079_Timestamp = 10.406
Seq_Frame0080_DriverToReference-SequenceTransform =-0.478065 -0.684035 -0.550953 199.005 -0.680606 0.685003 -0.259899 231.726 0.555184 0.250733 -0.793034 186.669 0 0 0 1 
Seq_Frame0080_DriverToReference-SequenceTransformStatus = OK
Seq_Frame0080_Timestamp = 10.53
Seq_Frame0081_DriverToReference-SequenceTransform =-0.478065 -0.684035 -0.550953 199.005 -0.680606 0.685003 -0.259899 231.726 0.555184 0.250733 -0.793034 186.669 0 0 0 1 
Seq_Frame0081_DriverToReference-SequenceTransformStatus = OK
Seq_Frame0081_Timestamp = 10.639
Seq_Frame0082_DriverToReference-SequenceTransform =-0.478065 -0.684035 -0.550953 199.005 -0.680606 0.685003 -0.259899 231.726 0.555184 0.250733 -0.793034 186.669 0 0 0 1 
Seq_Frame0082_DriverToReference-SequenceTransformStatus = OK
Seq_Frame0082_Timestamp = 10.753
Seq_Frame0083_DriverToReference-SequenceTransform =-0.478065 -0.684035 -0.550953 199.005 -0.680606 0.685003 -0.259899 231.726 0.555184 0.250733 -0.793034 186.669 0 0 0 1 
Seq_Frame0083_DriverToReference-SequenceTransformStatus = OK
Seq_Frame0083_Timestamp = 10.87
Seq_Frame0084_DriverToReference-SequenceTransform =-0.478065 -0.684035 -0.550953 199.005 -0.680606 0.685003 -0.259899 231.726 0.555184 0.250733 -0.793034 186.669 0 0 0 1 
Seq_Frame0084_DriverToReference-SequenceTransformStatus = OK
Seq_Frame0084_Timestamp = 10.992
Seq_Frame0085_DriverToReference-SequenceTransform =-0.478065 -0.684035 -0.550953 199.005 -0.680606 0.685003 -0.259899 231.726 0.555184 0.250733 -0.793034 186.669 0 0 0 1 
Seq_Frame0085_DriverToReference-SequenceTransformStatus = OK
Seq_Frame0085_Timestamp = 11.368
Seq_Frame0086_DriverToReference-SequenceTransform =-0.478065 -0.684035 -0.550953 199.005 -0.680606 0.685003 -0.259899 231.726 0.555184 0.250733 -0.793034 186.669 0 0 0 1 
Seq_Frame0086_DriverToReference-SequenceTransformStatus = OK
Seq_Frame0086_Timestamp = 11.743
Seq_Frame0087_DriverToReference-SequenceTransform =-0.478065 -0.684035 -0.550953 199.005 -0.680606 0.685003 -0.259899 231.726 0.555184 0.250733 -0.793034 186.669 0 0 0 1 
Seq_Frame0087_DriverToReference-SequenceTransformStatus = OK
Seq_Frame0087_Timestamp = 11.856
Seq_Frame0088_DriverToReference-SequenceTransform =-0.478065 -0.684035 -0.550953 199.005 -0.680606 0.685003 -0.259899 231.726 0.555184 0.250733 -0.793034 186.669 0 0 0 1 
Seq_Frame0088_DriverToReference-SequenceTransformStatus = OK
Seq_Frame0088_Timestamp = 11.965
Seq_Frame0089_DriverToReference-SequenceTransform =-0.478065 -0.684035 -0.550953 199.005 -0.680606 0.685003 -0.259899 231.726 0.555184 0.250733 -0.793034 186.669 0 0 0 1 
Seq_Frame0089_DriverToReference-SequenceTransformStatus = OK
Seq_Frame0089_Timestamp = 12.077
Seq_Frame0090_DriverToReference-SequenceTransform =-0.478065 -0.684035 -0.550953 199.005 -0.680606 0.685003 -0.259899 231.726 0.555184 0.250733 -0.793034 186.669 0 0 0 1 
Seq_Frame0090_DriverToReference-SequenceTransformStatus = OK
Seq_Frame0090_Timestamp = 12.188
Seq_Frame0091_DriverToReference-SequenceTransform =-0.478065 -0.684035 -0.550953 199.005 -0.680606 0.685003 -0.259899 231.726 0.555184 0.250733 -0.793034 186.669 0 0 0 1 
Seq_Frame0091_DriverToReference-SequenceTransformStatus = OK
Seq_Frame0091_Timestamp = 12.299
Seq_Frame0092_DriverToReference-SequenceTransform =-0.478065 -0.684035 -0.550953 199.005 -0.680606 0.685003 -0.259899 231.726 0.555184 0.250733 -0.793034 186.669 0 0 0 1 
Seq_Frame0092_DriverToReference-SequenceTransformStatus = OK
Seq_Frame0092_Timestamp = 12.424
Seq_Frame0093_DriverToReference-SequenceTransform =-0.478065 -0.684035 -0.550953 199.005 -0.680606 0.685003 -0.259899 231.726 0.555184 0.250733 -0.793034 186.669 0 0 0 1 
Seq_Frame0093_DriverToReference-SequenceTransformStatus = OK
Seq_Frame0093_Timestamp = 12.545
Seq_Frame0094_DriverToReference-SequenceTransform =-0.478065 -0.684035 -0.550953 199.005 -0.680606 0.685003 -0.259899 231.726 0.555184 0.250733 -0.793034 186.669 0 0 0 1 
Seq_Frame0094_DriverToReference-SequenceTransformStatus = OK
Seq_Frame0094_Timestamp = 12.736
Seq_Frame0095_DriverToReference-SequenceTransform =-0.478065 -0.684035 -0.550953 199.005 -0.680606 0.685003 -0.259899 231.726 0.555184 0.250733 -0.793034 186.669 0 0 0 1 
Seq_Frame0095_DriverToReference-SequenceTransformStatus = OK
Seq_Frame0095_Timestamp = 12.859
Seq_Frame0096_DriverToReference-SequenceTransform =-0.478065 -0.684035 -0.550953 199.005 -0.680606 0.685003 -0.259899 231.726 0.555184 0.250733 -0.793034 186.669 0 0 0 1 
Seq_Frame0096_DriverToReference-SequenceTransformStatus = OK
Seq_Frame0096_Timestamp = 12.965
Seq_Frame0097_DriverToReference-SequenceTransform =-0.478065 -0.684035 -0.550953 199.005 -0.680606 0.685003 -0.259899 231.726 0.555184 0.250733 -0.793034 186.669 0 0 0 1 
Seq_Frame0097_DriverToReference-SequenceTransformStatus = OK
Seq_Frame0097_Timestamp = 13.074
Seq_Frame0098_DriverToReference-SequenceTransform =-0.478065 -0.684035 -0.550953 199.005 -0.680606 0.685003 -0.259899 231.726 0.555184 0.250733 -0.793034 186.669 0 0 0 1 
Seq_Frame0098_DriverToReference-SequenceTransformStatus = OK
Seq_Frame0098_Timestamp = 13.232
Seq_Frame0099_DriverToReference-SequenceTransform =-0.478065 -0.684035 -0.550953 199.005 -0.680606 0.685003 -0.259899 231.726 0.555184 0.250733 -0.793034 186.669 0 0 0 1 
Seq_Frame0099_DriverToReference-SequenceTransformStatus = OK
Seq_Frame0099_Timestamp = 13.357
Seq_Frame0100_DriverToReference-SequenceTransform =-0.478065 -0.684035 -0.550953 199.005 -0.680606 0.685003 -0.259899 231.726 0.555184 0.250733 -0.793034 186.669 0 0 0 1 
Seq_Frame0100_DriverToReference-SequenceTransformStatus = OK
Seq_Frame0100_Timestamp = 13.479
Seq_Frame0101_DriverToReference-SequenceTransform =-0.478065 -0.684035 -0.550953 199.005 -0.680606 0.685003 -0.259899 231.726 0.555184 0.250733 -0.793034 186.669 0 0 0 1 
Seq_Frame0101_DriverToReference-SequenceTransformStatus = OK
Seq_Frame0101_Timestamp = 13.583
Seq_Frame0102_DriverToReference-SequenceTransform =-0.478065 -0.684035 -0.550953 199.005 -0.680606 0.685003 -0.259899 231.726 0.555184 0.250733 -0.793034 186.669 0 0 0 1 
Seq_Frame0102_DriverToReference-SequenceTransformStatus = OK
Seq_Frame0102_Timestamp = 13.911
Seq_Frame0103_DriverToReference-SequenceTransform =-0.478065 -0.684035 -0.550953 199.005 -0.680606 0.685003 -0.259899 231.726 0.555184 0.250733 -0.793034 186.669 0 0 0 1 
Seq_Frame0103_DriverToReference-SequenceTransformStatus = OK
Seq_Frame0103_Timestamp = 14.015
Seq_Frame0104_DriverToReference-SequenceTransform =-0.478065 -0.684035 -0.550953 199.005 -0.680606 0.685003 -0.259899 231.726 0.555184 0.250733 -0.793034 186.669 0 0 0 1 
Seq_Frame0104_DriverToReference-SequenceTransformStatus = OK
Seq_Frame0104_Timestamp = 14.119
Seq_Frame0105_DriverToReference-SequenceTransform =-0.478065 -0.684035 -0.550953 199.005 -0.680606 0.685003 -0.259899 231.726 0.555184 0.250733 -0.793034 186.669 0 0 0 1 
Seq_Frame0105_DriverToReference-SequenceTransformStatus = OK
Seq_Frame0105_Timestamp = 14.239
Seq_Frame0106_DriverToReference-SequenceTransform =-0.478065 -0.684035 -0.550953 199.005 -0.680606 0.685003 -0.259899 231.726 0.555184 0.250733 -0.793034 186.669 0 0 0 1 
Seq_Frame0106_DriverToReference-SequenceTransformStatus = OK
Seq_Frame0106_Timestamp = 14.346
Seq_Frame0107_DriverToReference-SequenceTransform =-0.478065 -0.684035 -0.550953 199.005 -0.680606 0.685003 -0.259899 231.726 0.555184 0.250733 -0.793034 186.669 0 0 0 1 
Seq_Frame0107_DriverToReference-SequenceTransformStatus = OK
Seq_Frame0107_Timestamp = 18.195
Seq_Frame0108_DriverToReference-SequenceTransform =-0.478065 -0.684035 -0.550953 199.005 -0.680606 0.685003 -0.259899 231.726 0.555184 0.250733 -0.793034 186.669 0 0 0 1 
Seq_Frame0108_DriverToReference-SequenceTransformStatus = OK
Seq_Frame0108_Timestamp = 18.307
Seq_Frame0109_DriverToReference-SequenceTransform =-0.478065 -0.684035 -0.550953 199.005 -0.680606 0.685003 -0.259899 231.726 0.555184 0.250733 -0.793034 186.669 0 0 0 1 
Seq_Frame0109_DriverToReference-SequenceTransformStatus = OK
Seq_Frame0109_Timestamp = 18.431
Seq_Frame0110_DriverToReference-SequenceTransform =-0.478065 -0.684035 -0.550953 199.005 -0.680606 0.685003 -0.259899 231.726 0.555184 0.250733 -0.793034 186.669 0 0 0 1 
Seq_Frame0110_DriverToReference-SequenceTransformStatus = OK
Seq_Frame0110_Timestamp = 18.545
Seq_Frame0111_DriverToReference-SequenceTransform =-0.478065 -0.684035 -0.550953 199.005 -0.680606 0.685003 -0.259899 231.726 0.555184 0.250733 -0.793034 186.669 0 0 0 1 
Seq_Frame0111_DriverToReference-SequenceTransformStatus = OK
Seq_Frame0111_Timestamp = 18.679
Seq_Frame0112_DriverToReference-SequenceTransform =-0.478065 -0.684035 -0.550953 199.005 -0.680606 0.685003 -0.259899 231.726 0.555184 0.250733 -0.793034 186.669 0 0 0 1 
Seq_Frame0112_DriverToReference-SequenceTransformStatus = OK
Seq_Frame0112_Timestamp = 18.805
Seq_Frame0113_DriverToReference-SequenceTransform =-0.478065 -0.684035 -0.550953 199.005 -0.680606 0.685003 -0.259899 231.726 0.555184 0.250733 -0.793034 186.669 0 0 0 1 
Seq_Frame0113_DriverToReference-SequenceTransformStatus = OK
Seq_Frame0113_Timestamp = 19.009
Seq_Frame0114_DriverToReference-SequenceTransform =-0.478065 -0.684035 -0.550953 199.005 -0.680606 0.685003 -0.259899 231.726 0.555184 0.250733 -0.793034 186.669 0 0 0 1 
Seq_Frame0114_DriverToReference-SequenceTransformStatus = OK
Seq_Frame0114_Timestamp = 19.11
Seq_Frame0115_DriverToReference-SequenceTransform =-0.478065 -0.684035 -0.550953 199.005 -0.680606 0.685003 -0.259899 231.726 0.555184 0.250733 -0.793034 186.669 0 0 0 1 
Seq_Frame0115_DriverToReference-SequenceTransformStatus = OK
Seq_Frame0115_Timestamp = 19.229
Seq_Frame0116_DriverToReference-SequenceTransform =-0.478065 -0.684035 -0.550953 199.005 -0.680606 0.685003 -0.259899 231.726 0.555184 0.250733 -0.793034 186.669 0 0 0 1 
Seq_Frame0116_DriverToReference-SequenceTransformStatus = OK
Seq_Frame0116_Timestamp = 19.338
Seq_Frame0117_DriverToReference-SequenceTransform =-0.478065 -0.684035 -0.550953 199.005 -0.680606 0.685003 -0.259899 231.726 0.555184 0.250733 -0.793034 186.669 0 0 0 1 
Seq_Frame0117_DriverToReference-SequenceTransformStatus = OK
Seq_Frame0117_Timestamp = 19.467
Seq_Frame0118_DriverToReference-SequenceTransform =-0.478065 -0.684035 -0.550953 199.005 -0.680606 0.685003 -0.259899 231.726 0.555184 0.250733 -0.793034 186.669 0 0 0 1 
Seq_Frame0118_DriverToReference-SequenceTransformStatus = OK
Seq_Frame0118_Timestamp = 19.581
Seq_Frame0119_DriverToReference-SequenceTransform =-0.478065 -0.684035 -0.550953 199.005 -0.680606 0.685003 -0.259899 231.726 0.555184 0.250733 -0.793034 186.669 0 0 0 1 
Seq_Frame0119_DriverToReference-SequenceTransformStatus = OK
Seq_Frame0119_Timestamp = 19.685
Seq_Frame0120_DriverToReference-SequenceTransform =-0.478065 -0.684035 -0.550953 199.005 -0.680606 0.685003 -0.259899 231.726 0.555184 0.250733 -0.793034 186.669 0 0 0 1 
Seq_Frame0120_DriverToReference-SequenceTransformStatus = OK
Seq_Frame0120_Timestamp = 19.8
Seq_Frame0121_DriverToReference-SequenceTransform =-0.478065 -0.684035 -0.550953 199.005 -0.680606 0.685003 -0.259899 231.726 0.555184 0.250733 -0.793034 186.669 0 0 0 1 
Seq_Frame0121_DriverToReference-SequenceTransformStatus = OK
Seq_Frame0121_Timestamp = 19.906
Seq_Frame0122_DriverToReference-SequenceTransform =-0.478065 -0.684035 -0.550953 199.005 -0.680606 0.685003 -0.259899 231.726 0.555184 0.250733 -0.793034 186.669 0 0 0 1 
Seq_Frame0122_DriverToReference-SequenceTransformStatus = OK
Seq_Frame0122_Timestamp = 20.017
Seq_Frame0123_DriverToReference-SequenceTransform =-0.478065 -0.684035 -0.550953 199.005 -0.680606 0.685003 -0.259899 231.726 0.555184 0.250733 -0.793034 186.669 0 0 0 1 
Seq_Frame0123_DriverToReference-SequenceTransformStatus = OK
Seq_Frame0123_Timestamp = 20.125
Seq_Frame0124_DriverToReference-SequenceTransform =-0.478065 -0.684035 -0.550953 199.005 -0.680606 0.685003 -0.259899 231.726 0.555184 0.250733 -0.793034 186.669 0 0 0 1 
Seq_Frame0124_DriverToReference-SequenceTransformStatus = OK
Seq_Frame0124_Timestamp = 20.244
Seq_Frame0125_DriverToReference-SequenceTransform =-0.478065 -0.684035 -0.550953 199.005 -0.680606 0.685003 -0.259899 231.726 0.555184 0.250733 -0.793034 186.669 0 0 0 1 
Seq_Frame0125_DriverToReference-SequenceTransformStatus = OK
Seq_Frame0125_Timestamp = 20.356
Seq_Frame0126_DriverToReference-SequenceTransform =-0.478065 -0.684035 -0.550953 199.005 -0.680606 0.685003 -0.259899 231.726 0.555184 0.250733 -0.793034 186.669 0 0 0 1 
Seq_Frame0126_DriverToReference-SequenceTransformStatus = OK
Seq_Frame0126_Timestamp = 20.783
Seq_Frame0127_DriverToReference-SequenceTransform =-0.478065 -0.684035 -0.550953 199.005 -0.680606 0.685003 -0.259899 231.726 0.555184 0.250733 -0.793034 186.669 0 0 0 1 
Seq_Frame0127_DriverToReference-SequenceTransformStatus = OK
Seq_Frame0127_Timestamp = 20.895
Seq_Frame0128_DriverToReference-SequenceTransform =-0.478065 -0.684035 -0.550953 199.005 -0.680606 0.685003 -0.259899 231.726 0.555184 0.250733 -0.793034 186.669 0 0 0 1 
Seq_Frame0128_DriverToReference-SequenceTransformStatus = OK
Seq_Frame0128_Timestamp = 21.02
Seq_Frame0129_DriverToReference-SequenceTransform =-0.478065 -0.684035 -0.550953 199.005 -0.680606 0.685003 -0.259899 231.726 0.555184 0.250733 -0.793034 186.669 0 0 0 1 
Seq_Frame0129_DriverToReference-SequenceTransformStatus = OK
Seq_Frame0129_Timestamp = 21.371
Seq_Frame0130_DriverToReference-SequenceTransform =-0.478065 -0.684035 -0.550953 199.005 -0.680606 0.685003 -0.259899 231.726 0.555184 0.250733 -0.793034 186.669 0 0 0 1 
Seq_Frame0130_DriverToReference-SequenceTransformStatus = OK
Seq_Frame0130_Timestamp = 21.499
Seq_Frame0131_DriverToReference-SequenceTransform =-0.478065 -0.684035 -0.550953 199.005 -0.680606 0.685003 -0.259899 231.726 0.555184 0.250733 -0.793034 186.669 0 0 0 1 
Seq_Frame0131_DriverToReference-SequenceTransformStatus = OK
Seq_Frame0131_Timestamp = 22.567
Seq_Frame0132_DriverToReference-SequenceTransform =-0.478065 -0.684035 -0.550953 199.005 -0.680606 0.685003 -0.259899 231.726 0.555184 0.250733 -0.793034 186.669 0 0 0 1 
Seq_Frame0132_DriverToReference-SequenceTransformStatus = OK
Seq_Frame0132_Timestamp = 22.692
Seq_Frame0133_DriverToReference-SequenceTransform =-0.478065 -0.684035 -0.550953 199.005 -0.680606 0.685003 -0.259899 231.726 0.555184 0.250733 -0.793034 186.669 0 0 0 1 
Seq_Frame0133_DriverToReference-SequenceTransformStatus = OK
Seq_Frame0133_Timestamp = 22.81
Seq_Frame0134_DriverToReference-SequenceTransform =-0.478065 -0.684035 -0.550953 199.005 -0.680606 0.685003 -0.259899 231.726 0.555184 0.250733 -0.793034 186.669 0 0 0 1 
Seq_Frame0134_DriverToReference-SequenceTransformStatus = OK
Seq_Frame0134_Timestamp = 22.92
Seq_Frame0135_DriverToReference-SequenceTransform =-0.478065 -0.684035 -0.550953 199.005 -0.680606 0.685003 -0.259899 231.726 0.555184 0.250733 -0.793034 186.669 0 0 0 1 
Seq_Frame0135_DriverToReference-SequenceTransformStatus = OK
Seq_Frame0135_Timestamp = 23.034
Seq_Frame0136_DriverToReference-SequenceTransform =-0.478065 -0.684035 -0.550953 199.005 -0.680606 0.685003 -0.259899 231.726 0.555184 0.250733 -0.793034 186.669 0 0 0 1 
Seq_Frame0136_DriverToReference-SequenceTransformStatus = OK
Seq_Frame0136_Timestamp = 23.159
Seq_Frame0137_DriverToReference-SequenceTransform =-0.478065 -0.684035 -0.550953 199.005 -0.680606 0.685003 -0.259899 231.726 0.555184 0.250733 -0.793034 186.669 0 0 0 1 
Seq_Frame0137_DriverToReference-SequenceTransformStatus = OK
Seq_Frame0137_Timestamp = 23.281
Seq_Frame0138_DriverToReference-SequenceTransform =-0.478065 -0.684035 -0.550953 199.005 -0.680606 0.685003 -0.259899 231.726 0.555184 0.250733 -0.793034 186.669 0 0 0 1 
Seq_Frame0138_DriverToReference-SequenceTransformStatus = OK
Seq_Frame0138_Timestamp = 23.403
Seq_Frame0139_DriverToReference-SequenceTransform =-0.478065 -0.684035 -0.550953 199.005 -0.680606 0.685003 -0.259899 231.726 0.555184 0.250733 -0.793034 186.669 0 0 0 1 
Seq_Frame0139_DriverToReference-SequenceTransformStatus = OK
Seq_Frame0139_Timestamp = 23.531
Seq_Frame0140_DriverToReference-SequenceTransform =-0.478065 -0.684035 -0.550953 199.005 -0.680606 0.685003 -0.259899 231.726 0.555184 0.250733 -0.793034 186.669 0 0 0 1 
Seq_Frame0140_DriverToReference-SequenceTransformStatus = OK
Seq_Frame0140_Timestamp = 23.641
Seq_Frame0141_DriverToReference-SequenceTransform =-0.478065 -0.684035 -0.550953 199.005 -0.680606 0.685003 -0.259899 231.726 0.555184 0.250733 -0.793034 186.669 0 0 0 1 
Seq_Frame0141_DriverToReference-SequenceTransformStatus = OK
Seq_Frame0141_Timestamp = 23.745
Seq_Frame0142_DriverToReference-SequenceTransform =-0.478065 -0.684035 -0.550953 199.005 -0.680606 0.685003 -0.259899 231.726 0.555184 0.250733 -0.793034 186.669 0 0 0 1 
Seq_Frame0142_DriverToReference-SequenceTransformStatus = OK
Seq_Frame0142_Timestamp = 23.872
Seq_Frame0143_DriverToReference-SequenceTransform =-0.478065 -0.684035 -0.550953 199.005 -0.680606 0.685003 -0.259899 231.726 0.555184 0.250733 -0.793034 186.669 0 0 0 1 
Seq_Frame0143_DriverToReference-SequenceTransformStatus = OK
Seq_Frame0143_Timestamp = 23.996
Seq_Frame0144_DriverToReference-SequenceTransform =-0.478065 -0.684035 -0.550953 199.005 -0.680606 0.685003 -0.259899 231.726 0.555184 0.250733 -0.793034 186.669 0 0 0 1 
Seq_Frame0144_DriverToReference-SequenceTransformStatus = OK
Seq_Frame0144_Timestamp = 24.113
Seq_Frame0145_DriverToReference-SequenceTransform =-0.478065 -0.684035 -0.550953 199.005 -0.680606 0.685003 -0.259899 231.726 0.555184 0.250733 -0.793034 186.669 0 0 0 1 
Seq_Frame0145_DriverToReference-SequenceTransformStatus = OK
Seq_Frame0145_Timestamp = 24.241
Seq_Frame0146_DriverToReference-SequenceTransform =-0.478065 -0.684035 -0.550953 199.005 -0.680606 0.685003 -0.259899 231.726 0.555184 0.250733 -0.793034 186.669 0 0 0 1 
Seq_Frame0146_DriverToReference-SequenceTransformStatus = OK
Seq_Frame0146_Timestamp = 24.365
Seq_Frame0147_DriverToReference-SequenceTransform =-0.478065 -0.684035 -0.550953 199.005 -0.680606 0.685003 -0.259899 231.726 0.555184 0.250733 -0.793034 186.669 0 0 0 1 
Seq_Frame0147_DriverToReference-SequenceTransformStatus = OK
Seq_Frame0147_Timestamp = 24.485
Seq_Frame0148_DriverToReference-SequenceTransform =-0.478065 -0.684035 -0.550953 199.005 -0.680606 0.685003 -0.259899 231.726 0.555184 0.250733 -0.793034 186.669 0 0 0 1 
Seq_Frame0148_DriverToReference-SequenceTransformStatus = OK
Seq_Frame0148_Timestamp = 24.612
Seq_Frame0149_DriverToReference-SequenceTransform =-0.478065 -0.684035 -0.550953 199.005 -0.680606 0.685003 -0.259899 231.726 0.555184 0.250733 -0.793034 186.669 0 0 0 1 
Seq_Frame0149_DriverToReference-SequenceTransformStatus = OK
Seq_Frame0149_Timestamp = 24.736
Seq_Frame0150_DriverToReference-SequenceTransform =-0.478065 -0.684035 -0.550953 199.005 -0.680606 0.685003 -0.259899 231.726 0.555184 0.250733 -0.793034 186.669 0 0 0 1 
