ObjectType = Image
NDims = 3
AnatomicalOrientation = RAI
BinaryData = True
CompressedData = False
DimSize = 0 0 6113
ElementSpacing = 1 1 1
Offset = 0 0 0
TransformMatrix = 1 0 0 0 1 0 0 0 1
ElementType = MET_UCHAR
Kinds = domain domain list
Seq_Frame0000_DriverToReference-SequenceTransform =-0.801929 -0.589995 0.0938936 37.8226 -0.223879 0.442495 0.868375 16.4258 -0.553885 0.675354 -0.486937 30.2345 0 0 0 1 
Seq_Frame0000_DriverToReference-SequenceTransformStatus = OK
Seq_Frame0000_Timestamp = 0.0110002
Seq_Frame0001_DriverToReference-SequenceTransform =-0.80433 -0.587202 0.0908116 37.8592 -0.224487 0.44182 0.868562 16.3985 -0.550144 0.678225 -0.487188 30.3074 0 0 0 1 
Seq_Frame0001_DriverToReference-SequenceTransformStatus = OK
Seq_Frame0001_Timestamp = 0.112
Seq_Frame0002_DriverToReference-SequenceTransform =-0.802509 -0.589339 0.0930548 37.8365 -0.224539 0.442818 0.868041 16.4019 -0.552776 0.675716 -0.487694 30.3487 0 0 0 1 
Seq_Frame0002_DriverToReference-SequenceTransformStatus = OK
Seq_Frame0002_Timestamp = 0.214
Seq_Frame0003_DriverToReference-SequenceTransform =-0.801035 -0.591084 0.0946717 37.8048 -0.224212 0.442891 0.868088 16.3827 -0.555042 0.674142 -0.4873 30.2898 0 0 0 1 
Seq_Frame0003_DriverToReference-SequenceTransformStatus = OK
Seq_Frame0003_Timestamp = 0.317
Seq_Frame0004_DriverToReference-SequenceTransform =-0.802672 -0.589236 0.0922983 37.8158 -0.225926 0.443612 0.867275 16.3933 -0.551974 0.675284 -0.489199 30.3228 0 0 0 1 
Seq_Frame0004_DriverToReference-SequenceTransformStatus = OK
Seq_Frame0004_Timestamp = 0.429
Seq_Frame0005_DriverToReference-SequenceTransform =-0.801762 -0.590129 0.0944729 37.8335 -0.222841 0.441868 0.868962 16.388 -0.554544 0.675648 -0.485778 30.3137 0 0 0 1 
Seq_Frame0005_DriverToReference-SequenceTransformStatus = OK
Seq_Frame0005_Timestamp = 0.542
Seq_Frame0006_DriverToReference-SequenceTransform =-0.805786 -0.585584 0.0883243 37.863 -0.225847 0.441734 0.868254 16.3759 -0.547451 0.679679 -0.488195 30.3996 0 0 0 1 
Seq_Frame0006_DriverToReference-SequenceTransformStatus = OK
Seq_Frame0006_Timestamp = 0.648
Seq_Frame0007_DriverToReference-SequenceTransform =-0.80269 -0.58926 0.0919821 37.8233 -0.225476 0.44262 0.867899 16.3723 -0.552131 0.675914 -0.48815 30.3713 0 0 0 1 
Seq_Frame0007_DriverToReference-SequenceTransformStatus = OK
Seq_Frame0007_Timestamp = 0.752
Seq_Frame0008_DriverToReference-SequenceTransform =-0.8025 -0.589364 0.0929722 37.8367 -0.224754 0.442947 0.867919 16.3855 -0.552702 0.675609 -0.487927 30.3811 0 0 0 1 
Seq_Frame0008_DriverToReference-SequenceTransformStatus = OK
Seq_Frame0008_Timestamp = 0.858
Seq_Frame0009_DriverToReference-SequenceTransform =-0.801835 -0.590066 0.0942515 37.8074 -0.22335 0.442255 0.868634 16.3838 -0.554234 0.67545 -0.486407 30.2254 0 0 0 1 
Seq_Frame0009_DriverToReference-SequenceTransformStatus = OK
Seq_Frame0009_Timestamp = 0.962
Seq_Frame0010_DriverToReference-SequenceTransform =-0.80184 -0.590136 0.0937638 37.8137 -0.223824 0.442122 0.86858 16.3822 -0.554035 0.675475 -0.486598 30.2312 0 0 0 1 
Seq_Frame0010_DriverToReference-SequenceTransformStatus = OK
Seq_Frame0010_Timestamp = 1.068
Seq_Frame0011_DriverToReference-SequenceTransform =-0.802002 -0.589786 0.094574 37.8471 -0.221913 0.441195 0.869541 16.3576 -0.554569 0.676387 -0.48472 30.273 0 0 0 1 
Seq_Frame0011_DriverToReference-SequenceTransformStatus = OK
Seq_Frame0011_Timestamp = 1.173
Seq_Frame0012_DriverToReference-SequenceTransform =-0.801183 -0.590626 0.0962632 37.8263 -0.220845 0.441331 0.869744 16.3093 -0.556177 0.675565 -0.484024 30.286 0 0 0 1 
Seq_Frame0012_DriverToReference-SequenceTransformStatus = OK
Seq_Frame0012_Timestamp = 1.283
Seq_Frame0013_DriverToReference-SequenceTransform =-0.801338 -0.591618 0.0885701 37.6334 -0.247933 0.463203 0.850865 18.4757 -0.544413 0.659872 -0.517864 28.6955 0 0 0 1 
Seq_Frame0013_DriverToReference-SequenceTransformStatus = OK
Seq_Frame0013_Timestamp = 1.387
Seq_Frame0014_DriverToReference-SequenceTransform =-0.801454 -0.59088 0.0923674 37.8808 -0.2324 0.45001 0.862253 17.153 -0.551055 0.66959 -0.497983 29.5201 0 0 0 1 
Seq_Frame0014_DriverToReference-SequenceTransformStatus = OK
Seq_Frame0014_Timestamp = 1.493
Seq_Frame0015_DriverToReference-SequenceTransform =-0.799799 -0.593257 0.0914776 37.6372 -0.243929 0.460459 0.853508 18.1504 -0.548471 0.660321 -0.512987 28.9115 0 0 0 1 
Seq_Frame0015_DriverToReference-SequenceTransformStatus = OK
Seq_Frame0015_Timestamp = 1.598
Seq_Frame0016_DriverToReference-SequenceTransform =-0.801866 -0.589923 0.0948791 37.836 -0.222128 0.441731 0.869214 16.4152 -0.55468 0.675918 -0.485247 30.1816 0 0 0 1 
Seq_Frame0016_DriverToReference-SequenceTransformStatus = OK
Seq_Frame0016_Timestamp = 1.702
Seq_Frame0017_DriverToReference-SequenceTransform =-0.802053 -0.589696 0.0947084 37.8277 -0.222105 0.441693 0.869239 16.3273 -0.554419 0.676141 -0.485235 30.3401 0 0 0 1 
Seq_Frame0017_DriverToReference-SequenceTransformStatus = OK
Seq_Frame0017_Timestamp = 1.809
Seq_Frame0018_DriverToReference-SequenceTransform =-0.802441 -0.589417 0.0931453 37.812 -0.224214 0.442467 0.868304 16.3437 -0.553006 0.675878 -0.487209 30.3394 0 0 0 1 
Seq_Frame0018_DriverToReference-SequenceTransformStatus = OK
Seq_Frame0018_Timestamp = 1.913
Seq_Frame0019_DriverToReference-SequenceTransform =-0.802403 -0.589375 0.0937391 37.8332 -0.22262 0.441344 0.869285 16.3515 -0.553705 0.676648 -0.485342 30.2907 0 0 0 1 
Seq_Frame0019_DriverToReference-SequenceTransformStatus = OK
Seq_Frame0019_Timestamp = 2.017
Seq_Frame0020_DriverToReference-SequenceTransform =-0.802486 -0.589246 0.0938325 37.8346 -0.222722 0.441714 0.869071 16.3198 -0.553544 0.676519 -0.485707 30.2639 0 0 0 1 
Seq_Frame0020_DriverToReference-SequenceTransformStatus = OK
Seq_Frame0020_Timestamp = 2.123
Seq_Frame0021_DriverToReference-SequenceTransform =-0.804686 -0.586701 0.0909005 37.8704 -0.22658 0.444999 0.866393 16.3535 -0.548764 0.676578 -0.491019 30.3049 0 0 0 1 
Seq_Frame0021_DriverToReference-SequenceTransformStatus = OK
Seq_Frame0021_Timestamp = 2.233
Seq_Frame0022_DriverToReference-SequenceTransform =-0.804824 -0.586829 0.0888327 37.8683 -0.227615 0.443405 0.866939 16.4618 -0.548134 0.677513 -0.490434 30.3189 0 0 0 1 
Seq_Frame0022_DriverToReference-SequenceTransformStatus = OK
Seq_Frame0022_Timestamp = 2.337
Seq_Frame0023_DriverToReference-SequenceTransform =-0.805277 -0.58601 0.09012 37.767 -0.225379 0.443142 0.867657 16.3126 -0.548391 0.678393 -0.488926 30.1981 0 0 0 1 
Seq_Frame0023_DriverToReference-SequenceTransformStatus = OK
Seq_Frame0023_Timestamp = 2.447
Seq_Frame0024_DriverToReference-SequenceTransform =-0.802169 -0.589464 0.0951729 37.8444 -0.221344 0.441598 0.869481 16.3586 -0.554556 0.676405 -0.48471 30.2744 0 0 0 1 
Seq_Frame0024_DriverToReference-SequenceTransformStatus = OK
Seq_Frame0024_Timestamp = 2.558
Seq_Frame0025_DriverToReference-SequenceTransform =-0.801751 -0.590121 0.0946155 37.8242 -0.22279 0.442001 0.868907 16.3572 -0.554581 0.675568 -0.485848 30.2967 0 0 0 1 
Seq_Frame0025_DriverToReference-SequenceTransformStatus = OK
Seq_Frame0025_Timestamp = 2.662
Seq_Frame0026_DriverToReference-SequenceTransform =-0.803127 -0.588544 0.0927498 37.8194 -0.225488 0.444335 0.867019 16.3853 -0.551491 0.675412 -0.489567 30.2435 0 0 0 1 
Seq_Frame0026_DriverToReference-SequenceTransformStatus = OK
Seq_Frame0026_Timestamp = 2.773
Seq_Frame0027_DriverToReference-SequenceTransform =-0.803137 -0.588432 0.0933774 37.8265 -0.22496 0.444626 0.867007 16.3635 -0.551692 0.675319 -0.489469 30.2967 0 0 0 1 
Seq_Frame0027_DriverToReference-SequenceTransformStatus = OK
Seq_Frame0027_Timestamp = 2.883
Seq_Frame0028_DriverToReference-SequenceTransform =-0.803996 -0.587408 0.0924222 37.7137 -0.229416 0.449813 0.863155 17.0867 -0.548597 0.67277 -0.496409 30.2467 0 0 0 1 
Seq_Frame0028_DriverToReference-SequenceTransformStatus = OK
Seq_Frame0028_Timestamp = 3.062
Seq_Frame0029_DriverToReference-SequenceTransform =-0.803996 -0.587408 0.0924222 37.7137 -0.229416 0.449813 0.863155 17.0867 -0.548597 0.67277 -0.496409 30.2467 0 0 0 1 
Seq_Frame0029_DriverToReference-SequenceTransformStatus = OK
Seq_Frame0029_Timestamp = 3.862
Seq_Frame0030_DriverToReference-SequenceTransform =-0.803996 -0.587408 0.0924222 37.7137 -0.229416 0.449813 0.863155 17.0867 -0.548597 0.67277 -0.496409 30.2467 0 0 0 1 
Seq_Frame0030_DriverToReference-SequenceTransformStatus = OK
Seq_Frame0030_Timestamp = 3.967
Seq_Frame0031_DriverToReference-SequenceTransform =-0.803996 -0.587408 0.0924222 37.7137 -0.229416 0.449813 0.863155 17.0867 -0.548597 0.67277 -0.496409 30.2467 0 0 0 1 
Seq_Frame0031_DriverToReference-SequenceTransformStatus = OK
Seq_Frame0031_Timestamp = 4.072
Seq_Frame0032_DriverToReference-SequenceTransform =-0.803996 -0.587408 0.0924222 37.7137 -0.229416 0.449813 0.863155 17.0867 -0.548597 0.67277 -0.496409 30.2467 0 0 0 1 
Seq_Frame0032_DriverToReference-SequenceTransformStatus = OK
Seq_Frame0032_Timestamp = 4.175
Seq_Frame0033_DriverToReference-SequenceTransform =-0.803996 -0.587408 0.0924222 37.7137 -0.229416 0.449813 0.863155 17.0867 -0.548597 0.67277 -0.496409 30.2467 0 0 0 1 
Seq_Frame0033_DriverToReference-SequenceTransformStatus = OK
Seq_Frame0033_Timestamp = 4.284
Seq_Frame0034_DriverToReference-SequenceTransform =-0.803996 -0.587408 0.0924222 37.7137 -0.229416 0.449813 0.863155 17.0867 -0.548597 0.67277 -0.496409 30.2467 0 0 0 1 
Seq_Frame0034_DriverToReference-SequenceTransformStatus = OK
Seq_Frame0034_Timestamp = 4.822
Seq_Frame0035_DriverToReference-SequenceTransform =-0.803996 -0.587408 0.0924222 37.7137 -0.229416 0.449813 0.863155 17.0867 -0.548597 0.67277 -0.496409 30.2467 0 0 0 1 
Seq_Frame0035_DriverToReference-SequenceTransformStatus = OK
Seq_Frame0035_Timestamp = 4.925
Seq_Frame0036_DriverToReference-SequenceTransform =-0.803996 -0.587408 0.0924222 37.7137 -0.229416 0.449813 0.863155 17.0867 -0.548597 0.67277 -0.496409 30.2467 0 0 0 1 
Seq_Frame0036_DriverToReference-SequenceTransformStatus = OK
Seq_Frame0036_Timestamp = 5.033
Seq_Frame0037_DriverToReference-SequenceTransform =-0.803996 -0.587408 0.0924222 37.7137 -0.229416 0.449813 0.863155 17.0867 -0.548597 0.67277 -0.496409 30.2467 0 0 0 1 
Seq_Frame0037_DriverToReference-SequenceTransformStatus = OK
Seq_Frame0037_Timestamp = 5.142
Seq_Frame0038_DriverToReference-SequenceTransform =-0.803996 -0.587408 0.0924222 37.7137 -0.229416 0.449813 0.863155 17.0867 -0.548597 0.67277 -0.496409 30.2467 0 0 0 1 
Seq_Frame0038_DriverToReference-SequenceTransformStatus = OK
Seq_Frame0038_Timestamp = 5.247
Seq_Frame0039_DriverToReference-SequenceTransform =-0.803996 -0.587408 0.0924222 37.7137 -0.229416 0.449813 0.863155 17.0867 -0.548597 0.67277 -0.496409 30.2467 0 0 0 1 
Seq_Frame0039_DriverToReference-SequenceTransformStatus = OK
Seq_Frame0039_Timestamp = 5.792
Seq_Frame0040_DriverToReference-SequenceTransform =-0.833513 -0.25175 -0.491811 35.8925 -0.540449 0.556407 0.63113 138.345 0.11476 0.791854 -0.599831 -44.2394 0 0 0 1 
Seq_Frame0040_DriverToReference-SequenceTransformStatus = OK
Seq_Frame0040_Timestamp = 6.623
Seq_Frame0041_DriverToReference-SequenceTransform =-0.837803 -0.264825 -0.477445 36.8447 -0.539838 0.53253 0.65191 146.549 0.0816119 0.803915 -0.589118 -41.1061 0 0 0 1 
Seq_Frame0041_DriverToReference-SequenceTransformStatus = OK
Seq_Frame0041_Timestamp = 6.725
Seq_Frame0042_DriverToReference-SequenceTransform =-0.824468 -0.280714 -0.491377 34.3581 -0.564011 0.478646 0.672896 155.594 0.0463044 0.831924 -0.552954 -35.6043 0 0 0 1 
Seq_Frame0042_DriverToReference-SequenceTransformStatus = OK
Seq_Frame0042_Timestamp = 6.833
Seq_Frame0043_DriverToReference-SequenceTransform =-0.764709 -0.286988 -0.576939 32.8883 -0.642147 0.413813 0.645295 159.897 0.0535532 0.863942 -0.500735 -32.2224 0 0 0 1 
Seq_Frame0043_DriverToReference-SequenceTransformStatus = OK
Seq_Frame0043_Timestamp = 6.939
Seq_Frame0044_DriverToReference-SequenceTransform =-0.755529 -0.392129 -0.524797 36.4616 -0.654578 0.419404 0.62899 167.105 -0.026543 0.81874 -0.57355 -26.6942 0 0 0 1 
Seq_Frame0044_DriverToReference-SequenceTransformStatus = OK
Seq_Frame0044_Timestamp = 7.043
Seq_Frame0045_DriverToReference-SequenceTransform =-0.784138 -0.323058 -0.529869 41.9885 -0.61828 0.333139 0.711863 172.787 -0.0534534 0.885806 -0.460967 -24.7844 0 0 0 1 
Seq_Frame0045_DriverToReference-SequenceTransformStatus = OK
Seq_Frame0045_Timestamp = 7.152
Seq_Frame0046_DriverToReference-SequenceTransform =-0.762739 -0.372454 -0.528684 47.0833 -0.639482 0.312521 0.70242 177.46 -0.0963944 0.873847 -0.47655 -20.9282 0 0 0 1 
Seq_Frame0046_DriverToReference-SequenceTransformStatus = OK
Seq_Frame0046_Timestamp = 7.263
Seq_Frame0047_DriverToReference-SequenceTransform =-0.79626 -0.3076 -0.520915 49.7337 -0.599804 0.289294 0.746019 181.815 -0.0787775 0.906472 -0.414853 -18.0556 0 0 0 1 
Seq_Frame0047_DriverToReference-SequenceTransformStatus = OK
Seq_Frame0047_Timestamp = 7.375
Seq_Frame0048_DriverToReference-SequenceTransform =-0.731883 -0.377934 -0.567021 48.7093 -0.677827 0.318306 0.662746 187.417 -0.0699878 0.869395 -0.489136 -13.9082 0 0 0 1 
Seq_Frame0048_DriverToReference-SequenceTransformStatus = OK
Seq_Frame0048_Timestamp = 7.478
Seq_Frame0049_DriverToReference-SequenceTransform =-0.699072 -0.422244 -0.577069 46.4595 -0.708206 0.297461 0.640282 193.081 -0.0986996 0.856287 -0.506982 -7.41448 0 0 0 1 
Seq_Frame0049_DriverToReference-SequenceTransformStatus = OK
Seq_Frame0049_Timestamp = 7.582
Seq_Frame0050_DriverToReference-SequenceTransform =-0.693872 -0.362086 -0.622443 45.0719 -0.713631 0.230178 0.661626 196.548 -0.0962926 0.903279 -0.418109 1.39309 0 0 0 1 
Seq_Frame0050_DriverToReference-SequenceTransformStatus = OK
Seq_Frame0050_Timestamp = 7.688
Seq_Frame0051_DriverToReference-SequenceTransform =-0.707981 -0.378838 -0.596024 44.9948 -0.696857 0.237684 0.67668 199.34 -0.114686 0.894421 -0.432272 6.29658 0 0 0 1 
Seq_Frame0051_DriverToReference-SequenceTransformStatus = OK
Seq_Frame0051_Timestamp = 7.793
Seq_Frame0052_DriverToReference-SequenceTransform =-0.748199 -0.413108 -0.519172 47.438 -0.643366 0.260557 0.719854 203.835 -0.162104 0.872612 -0.460728 12.961 0 0 0 1 
Seq_Frame0052_DriverToReference-SequenceTransformStatus = OK
Seq_Frame0052_Timestamp = 7.898
Seq_Frame0053_DriverToReference-SequenceTransform =-0.786271 -0.44534 -0.428311 56.7065 -0.5997 0.38311 0.702557 208.974 -0.148786 0.809259 -0.568299 25.4375 0 0 0 1 
Seq_Frame0053_DriverToReference-SequenceTransformStatus = OK
Seq_Frame0053_Timestamp = 8.003
Seq_Frame0054_DriverToReference-SequenceTransform =-0.78904 -0.545351 -0.282857 83.7228 -0.558905 0.446092 0.699019 222.547 -0.255031 0.709644 -0.656783 60.8641 0 0 0 1 
Seq_Frame0054_DriverToReference-SequenceTransformStatus = OK
Seq_Frame0054_Timestamp = 8.113
Seq_Frame0055_DriverToReference-SequenceTransform =-0.742525 -0.628565 -0.231434 93.5632 -0.588029 0.446259 0.674592 237.718 -0.320746 0.636992 -0.700973 107.382 0 0 0 1 
Seq_Frame0055_DriverToReference-SequenceTransformStatus = OK
Seq_Frame0055_Timestamp = 8.217
Seq_Frame0056_DriverToReference-SequenceTransform =-0.712412 -0.687575 -0.140389 88.6954 -0.573367 0.454956 0.68137 243.78 -0.404622 0.565911 -0.718349 147.997 0 0 0 1 
Seq_Frame0056_DriverToReference-SequenceTransformStatus = OK
Seq_Frame0056_Timestamp = 8.333
Seq_Frame0057_DriverToReference-SequenceTransform =-0.649403 -0.754053 -0.0983885 86.7743 -0.625544 0.456142 0.632952 243.612 -0.4324 0.472588 -0.767913 179.655 0 0 0 1 
Seq_Frame0057_DriverToReference-SequenceTransformStatus = OK
Seq_Frame0057_Timestamp = 8.447
Seq_Frame0058_DriverToReference-SequenceTransform =-0.575832 -0.799613 -0.170397 90.3528 -0.691379 0.365021 0.623502 254.794 -0.436362 0.476842 -0.763027 190.044 0 0 0 1 
Seq_Frame0058_DriverToReference-SequenceTransformStatus = OK
Seq_Frame0058_Timestamp = 8.552
Seq_Frame0059_DriverToReference-SequenceTransform =-0.543335 -0.830514 -0.122613 95.5862 -0.713705 0.380052 0.588375 261.333 -0.442055 0.407194 -0.799237 210.492 0 0 0 1 
Seq_Frame0059_DriverToReference-SequenceTransformStatus = OK
Seq_Frame0059_Timestamp = 8.663
Seq_Frame0060_DriverToReference-SequenceTransform =-0.531315 -0.836901 -0.131533 92.1915 -0.760813 0.403071 0.508623 269.538 -0.37265 0.370311 -0.850883 227.455 0 0 0 1 
Seq_Frame0060_DriverToReference-SequenceTransformStatus = OK
Seq_Frame0060_Timestamp = 8.767
Seq_Frame0061_DriverToReference-SequenceTransform =-0.560835 -0.825895 -0.0579815 99.8299 -0.738365 0.467257 0.4863 283.57 -0.37454 0.315546 -0.871866 248.757 0 0 0 1 
Seq_Frame0061_DriverToReference-SequenceTransformStatus = OK
Seq_Frame0061_Timestamp = 8.873
Seq_Frame0062_DriverToReference-SequenceTransform =-0.642218 -0.765382 -0.0417827 112.85 -0.70727 0.570679 0.417245 296.514 -0.295508 0.297514 -0.907833 276.161 0 0 0 1 
Seq_Frame0062_DriverToReference-SequenceTransformStatus = OK
Seq_Frame0062_Timestamp = 8.978
Seq_Frame0063_DriverToReference-SequenceTransform =-0.676328 -0.736407 -0.0168965 118.004 -0.683869 0.619223 0.385857 297.863 -0.273685 0.272521 -0.922404 288.45 0 0 0 1 
Seq_Frame0063_DriverToReference-SequenceTransformStatus = OK
Seq_Frame0063_Timestamp = 9.082
Seq_Frame0064_DriverToReference-SequenceTransform =-0.643006 -0.7657 0.0157269 122.791 -0.708533 0.602543 0.367319 294.368 -0.290732 0.225045 -0.929962 293.713 0 0 0 1 
Seq_Frame0064_DriverToReference-SequenceTransformStatus = OK
Seq_Frame0064_Timestamp = 9.193
Seq_Frame0065_DriverToReference-SequenceTransform =-0.646034 -0.762684 -0.0308647 120.363 -0.72328 0.598733 0.344071 290.633 -0.243938 0.244605 -0.938436 292.287 0 0 0 1 
Seq_Frame0065_DriverToReference-SequenceTransformStatus = OK
Seq_Frame0065_Timestamp = 9.293
Seq_Frame0066_DriverToReference-SequenceTransform =-0.662991 -0.74827 -0.0231195 115.721 -0.711368 0.620072 0.330856 288.683 -0.233234 0.235801 -0.943398 291.778 0 0 0 1 
Seq_Frame0066_DriverToReference-SequenceTransformStatus = OK
Seq_Frame0066_Timestamp = 9.409
Seq_Frame0067_DriverToReference-SequenceTransform =-0.660842 -0.721229 -0.207643 116.291 -0.7491 0.650882 0.123296 295.028 0.0462268 0.237025 -0.970403 306.66 0 0 0 1 
Seq_Frame0067_DriverToReference-SequenceTransformStatus = OK
Seq_Frame0067_Timestamp = 9.523
Seq_Frame0068_DriverToReference-SequenceTransform =-0.699978 -0.69508 -0.163994 107.334 -0.71339 0.669846 0.205865 289.976 -0.0332419 0.261093 -0.964741 289.243 0 0 0 1 
Seq_Frame0068_DriverToReference-SequenceTransformStatus = OK
Seq_Frame0068_Timestamp = 9.629
Seq_Frame0069_DriverToReference-SequenceTransform =-0.76478 -0.612379 -0.200256 90.4563 -0.636936 0.671773 0.378198 268.785 -0.097074 0.416789 -0.903805 251.208 0 0 0 1 
Seq_Frame0069_DriverToReference-SequenceTransformStatus = OK
Seq_Frame0069_Timestamp = 9.732
Seq_Frame0070_DriverToReference-SequenceTransform =-0.69006 -0.677321 -0.255056 73.8889 -0.711457 0.570138 0.410817 251.85 -0.132838 0.46495 -0.875314 219.892 0 0 0 1 
Seq_Frame0070_DriverToReference-SequenceTransformStatus = OK
Seq_Frame0070_Timestamp = 9.844
Seq_Frame0071_DriverToReference-SequenceTransform =-0.585579 -0.702624 -0.404247 55.6236 -0.802678 0.43298 0.410167 250.664 -0.113163 0.564666 -0.817525 201.458 0 0 0 1 
Seq_Frame0071_DriverToReference-SequenceTransformStatus = OK
Seq_Frame0071_Timestamp = 9.947
Seq_Frame0072_DriverToReference-SequenceTransform =-0.536701 -0.737923 -0.409172 53.3981 -0.825619 0.359226 0.435097 257.849 -0.174083 0.571338 -0.80204 206.484 0 0 0 1 
Seq_Frame0072_DriverToReference-SequenceTransformStatus = OK
Seq_Frame0072_Timestamp = 10.053
Seq_Frame0073_DriverToReference-SequenceTransform =-0.529493 -0.744038 -0.407485 57.6125 -0.831683 0.360653 0.422176 260.418 -0.167154 0.562438 -0.809767 211.176 0 0 0 1 
Seq_Frame0073_DriverToReference-SequenceTransformStatus = OK
Seq_Frame0073_Timestamp = 10.158
Seq_Frame0074_DriverToReference-SequenceTransform =-0.535623 -0.738504 -0.409536 58.3026 -0.824473 0.352452 0.442745 261.09 -0.182627 0.574795 -0.797658 211.582 0 0 0 1 
Seq_Frame0074_DriverToReference-SequenceTransformStatus = OK
Seq_Frame0074_Timestamp = 10.263
Seq_Frame0075_DriverToReference-SequenceTransform =-0.560665 -0.732646 -0.385855 59.6084 -0.799716 0.358261 0.481771 260.432 -0.214731 0.578687 -0.786773 210.962 0 0 0 1 
Seq_Frame0075_DriverToReference-SequenceTransformStatus = OK
Seq_Frame0075_Timestamp = 10.367
Seq_Frame0076_DriverToReference-SequenceTransform =-0.575301 -0.715584 -0.396194 59.028 -0.79401 0.372267 0.480589 259.799 -0.196412 0.591065 -0.782346 210.722 0 0 0 1 
Seq_Frame0076_DriverToReference-SequenceTransformStatus = OK
Seq_Frame0076_Timestamp = 10.473
Seq_Frame0077_DriverToReference-SequenceTransform =-0.608785 -0.714512 -0.344752 66.0308 -0.762098 0.40597 0.504375 257.169 -0.220423 0.569791 -0.791677 212.671 0 0 0 1 
Seq_Frame0077_DriverToReference-SequenceTransformStatus = OK
Seq_Frame0077_Timestamp = 10.578
Seq_Frame0078_DriverToReference-SequenceTransform =-0.600543 -0.726594 -0.333781 64.2321 -0.75863 0.385864 0.524965 256.909 -0.252643 0.56848 -0.782944 209.84 0 0 0 1 
Seq_Frame0078_DriverToReference-SequenceTransformStatus = OK
Seq_Frame0078_Timestamp = 10.689
Seq_Frame0079_DriverToReference-SequenceTransform =-0.545201 -0.753026 -0.368386 62.0553 -0.801639 0.339775 0.491861 264.856 -0.245215 0.563476 -0.788901 214.626 0 0 0 1 
Seq_Frame0079_DriverToReference-SequenceTransformStatus = OK
Seq_Frame0079_Timestamp = 10.793
Seq_Frame0080_DriverToReference-SequenceTransform =-0.441764 -0.828924 -0.343118 71.5166 -0.850333 0.264971 0.45467 285.189 -0.285971 0.492621 -0.821916 234.355 0 0 0 1 
Seq_Frame0080_DriverToReference-SequenceTransformStatus = OK
Seq_Frame0080_Timestamp = 10.898
Seq_Frame0081_DriverToReference-SequenceTransform =-0.445804 -0.860964 -0.244949 85.0809 -0.849005 0.319983 0.420479 285.768 -0.283638 0.395414 -0.873612 252.324 0 0 0 1 
Seq_Frame0081_DriverToReference-SequenceTransformStatus = OK
Seq_Frame0081_Timestamp = 11.003
Seq_Frame0082_DriverToReference-SequenceTransform =-0.422399 -0.849436 -0.316288 71.6163 -0.867099 0.27703 0.413997 285.446 -0.264042 0.449125 -0.853562 242.055 0 0 0 1 
Seq_Frame0082_DriverToReference-SequenceTransformStatus = OK
Seq_Frame0082_Timestamp = 11.107
Seq_Frame0083_DriverToReference-SequenceTransform =-0.594085 -0.736856 -0.322654 38.8553 -0.780472 0.4309 0.452978 268.454 -0.194748 0.52093 -0.831087 223.69 0 0 0 1 
Seq_Frame0083_DriverToReference-SequenceTransformStatus = OK
Seq_Frame0083_Timestamp = 11.213
Seq_Frame0084_DriverToReference-SequenceTransform =-0.702746 -0.654415 -0.279087 10.8382 -0.683297 0.5116 0.520932 254.977 -0.198125 0.556782 -0.806685 211.051 0 0 0 1 
Seq_Frame0084_DriverToReference-SequenceTransformStatus = OK
Seq_Frame0084_Timestamp = 11.317
Seq_Frame0085_DriverToReference-SequenceTransform =0.624062 0.601903 0.498256 8.02917 -0.581148 0.783791 -0.218951 237.341 -0.522316 -0.152921 0.838928 150.008 0 0 0 1 
Seq_Frame0085_DriverToReference-SequenceTransformStatus = OK
Seq_Frame0085_Timestamp = 13.822
Seq_Frame0086_DriverToReference-SequenceTransform =-0.694843 -0.409551 -0.591152 -12.6993 -0.700199 0.572782 0.426194 232.648 0.164053 0.710063 -0.684761 143.071 0 0 0 1 
Seq_Frame0086_DriverToReference-SequenceTransformStatus = OK
Seq_Frame0086_Timestamp = 13.932
Seq_Frame0087_DriverToReference-SequenceTransform =-0.660625 -0.406239 -0.631304 -18.6018 -0.72739 0.55438 0.404434 229.922 0.185686 0.726383 -0.661731 139.469 0 0 0 1 
Seq_Frame0087_DriverToReference-SequenceTransformStatus = OK
Seq_Frame0087_Timestamp = 14.037
Seq_Frame0088_DriverToReference-SequenceTransform =-0.648395 -0.457067 -0.608829 -10.4386 -0.74244 0.556555 0.372866 227.371 0.168422 0.693784 -0.700213 138.414 0 0 0 1 
Seq_Frame0088_DriverToReference-SequenceTransformStatus = OK
Seq_Frame0088_Timestamp = 14.143
Seq_Frame0089_DriverToReference-SequenceTransform =-0.637731 -0.511688 -0.575738 1.93293 -0.759768 0.540824 0.360918 225.942 0.126696 0.667596 -0.733665 137.656 0 0 0 1 
Seq_Frame0089_DriverToReference-SequenceTransformStatus = OK
Seq_Frame0089_Timestamp = 14.247
Seq_Frame0090_DriverToReference-SequenceTransform =-0.634356 -0.564746 -0.527878 20.7808 -0.770933 0.512562 0.378078 223.115 0.0570521 0.646794 -0.760528 142.018 0 0 0 1 
Seq_Frame0090_DriverToReference-SequenceTransformStatus = OK
Seq_Frame0090_Timestamp = 14.353
Seq_Frame0091_DriverToReference-SequenceTransform =-0.648819 -0.605717 -0.460588 45.0826 -0.760918 0.52137 0.386235 226.33 0.0061869 0.601066 -0.799175 152.951 0 0 0 1 
Seq_Frame0091_DriverToReference-SequenceTransformStatus = OK
Seq_Frame0091_Timestamp = 14.462
Seq_Frame0092_DriverToReference-SequenceTransform =-0.687138 -0.689076 -0.230253 69.204 -0.702923 0.550415 0.450493 229.194 -0.183689 0.471401 -0.862577 159.091 0 0 0 1 
Seq_Frame0092_DriverToReference-SequenceTransformStatus = OK
Seq_Frame0092_Timestamp = 14.573
Seq_Frame0093_DriverToReference-SequenceTransform =-0.628767 -0.684641 -0.368672 89.5594 -0.777489 0.545719 0.312573 228.247 -0.0128091 0.483174 -0.875431 171.135 0 0 0 1 
Seq_Frame0093_DriverToReference-SequenceTransformStatus = OK
Seq_Frame0093_Timestamp = 14.693
Seq_Frame0094_DriverToReference-SequenceTransform =-0.611481 -0.70397 -0.361273 90.6309 -0.790577 0.56251 0.242013 229.746 0.0328499 0.4336 -0.900506 177.287 0 0 0 1 
Seq_Frame0094_DriverToReference-SequenceTransformStatus = OK
Seq_Frame0094_Timestamp = 14.802
Seq_Frame0095_DriverToReference-SequenceTransform =-0.6518 -0.695628 -0.30209 59.6384 -0.756623 0.56928 0.321623 225.779 -0.0517567 0.438202 -0.897385 166.193 0 0 0 1 
Seq_Frame0095_DriverToReference-SequenceTransformStatus = OK
Seq_Frame0095_Timestamp = 14.913
Seq_Frame0096_DriverToReference-SequenceTransform =0.185619 -0.605911 -0.773574 18.6218 -0.872554 0.260398 -0.41333 220.719 0.451879 0.751707 -0.480356 152.543 0 0 0 1 
Seq_Frame0096_DriverToReference-SequenceTransformStatus = OK
Seq_Frame0096_Timestamp = 15.017
Seq_Frame0097_DriverToReference-SequenceTransform =0.474608 -0.444636 -0.759636 4.24481 -0.777882 0.191966 -0.598371 206.589 0.411882 0.874899 -0.254766 145.916 0 0 0 1 
Seq_Frame0097_DriverToReference-SequenceTransformStatus = OK
Seq_Frame0097_Timestamp = 15.168
Seq_Frame0098_DriverToReference-SequenceTransform =0.474608 -0.444636 -0.759636 4.24481 -0.777882 0.191966 -0.598371 206.589 0.411882 0.874899 -0.254766 145.916 0 0 0 1 
Seq_Frame0098_DriverToReference-SequenceTransformStatus = OK
Seq_Frame0098_Timestamp = 15.363
Seq_Frame0099_DriverToReference-SequenceTransform =0.474608 -0.444636 -0.759636 4.24481 -0.777882 0.191966 -0.598371 206.589 0.411882 0.874899 -0.254766 145.916 0 0 0 1 
Seq_Frame0099_DriverToReference-SequenceTransformStatus = OK
Seq_Frame0099_Timestamp = 15.468
Seq_Frame0100_DriverToReference-SequenceTransform =0.474608 -0.444636 -0.759636 4.24481 -0.777882 0.191966 -0.598371 206.589 0.411882 0.874899 -0.254766 145.916 0 0 0 1 
Seq_Frame0100_DriverToReference-SequenceTransformStatus = OK
Seq_Frame0100_Timestamp = 15.575
Seq_Frame0101_DriverToReference-SequenceTransform =0.474608 -0.444636 -0.759636 4.24481 -0.777882 0.191966 -0.598371 206.589 0.411882 0.874899 -0.254766 145.916 0 0 0 1 
Seq_Frame0101_DriverToReference-SequenceTransformStatus = OK
Seq_Frame0101_Timestamp = 15.728
Seq_Frame0102_DriverToReference-SequenceTransform =0.474608 -0.444636 -0.759636 4.24481 -0.777882 0.191966 -0.598371 206.589 0.411882 0.874899 -0.254766 145.916 0 0 0 1 
Seq_Frame0102_DriverToReference-SequenceTransformStatus = OK
Seq_Frame0102_Timestamp = 15.832
Seq_Frame0103_DriverToReference-SequenceTransform =0.474608 -0.444636 -0.759636 4.24481 -0.777882 0.191966 -0.598371 206.589 0.411882 0.874899 -0.254766 145.916 0 0 0 1 
Seq_Frame0103_DriverToReference-SequenceTransformStatus = OK
Seq_Frame0103_Timestamp = 15.938
Seq_Frame0104_DriverToReference-SequenceTransform =0.474608 -0.444636 -0.759636 4.24481 -0.777882 0.191966 -0.598371 206.589 0.411882 0.874899 -0.254766 145.916 0 0 0 1 
Seq_Frame0104_DriverToReference-SequenceTransformStatus = OK
Seq_Frame0104_Timestamp = 16.042
Seq_Frame0105_DriverToReference-SequenceTransform =0.474608 -0.444636 -0.759636 4.24481 -0.777882 0.191966 -0.598371 206.589 0.411882 0.874899 -0.254766 145.916 0 0 0 1 
Seq_Frame0105_DriverToReference-SequenceTransformStatus = OK
Seq_Frame0105_Timestamp = 16.148
Seq_Frame0106_DriverToReference-SequenceTransform =0.474608 -0.444636 -0.759636 4.24481 -0.777882 0.191966 -0.598371 206.589 0.411882 0.874899 -0.254766 145.916 0 0 0 1 
Seq_Frame0106_DriverToReference-SequenceTransformStatus = OK
Seq_Frame0106_Timestamp = 16.252
Seq_Frame0107_DriverToReference-SequenceTransform =0.474608 -0.444636 -0.759636 4.24481 -0.777882 0.191966 -0.598371 206.589 0.411882 0.874899 -0.254766 145.916 0 0 0 1 
Seq_Frame0107_DriverToReference-SequenceTransformStatus = OK
Seq_Frame0107_Timestamp = 17.523
Seq_Frame0108_DriverToReference-SequenceTransform =0.474608 -0.444636 -0.759636 4.24481 -0.777882 0.191966 -0.598371 206.589 0.411882 0.874899 -0.254766 145.916 0 0 0 1 
Seq_Frame0108_DriverToReference-SequenceTransformStatus = OK
Seq_Frame0108_Timestamp = 17.628
Seq_Frame0109_DriverToReference-SequenceTransform =0.474608 -0.444636 -0.759636 4.24481 -0.777882 0.191966 -0.598371 206.589 0.411882 0.874899 -0.254766 145.916 0 0 0 1 
Seq_Frame0109_DriverToReference-SequenceTransformStatus = OK
Seq_Frame0109_Timestamp = 17.733
Seq_Frame0110_DriverToReference-SequenceTransform =0.474608 -0.444636 -0.759636 4.24481 -0.777882 0.191966 -0.598371 206.589 0.411882 0.874899 -0.254766 145.916 0 0 0 1 
Seq_Frame0110_DriverToReference-SequenceTransformStatus = OK
Seq_Frame0110_Timestamp = 17.837
Seq_Frame0111_DriverToReference-SequenceTransform =0.474608 -0.444636 -0.759636 4.24481 -0.777882 0.191966 -0.598371 206.589 0.411882 0.874899 -0.254766 145.916 0 0 0 1 
Seq_Frame0111_DriverToReference-SequenceTransformStatus = OK
Seq_Frame0111_Timestamp = 17.949
Seq_Frame0112_DriverToReference-SequenceTransform =0.474608 -0.444636 -0.759636 4.24481 -0.777882 0.191966 -0.598371 206.589 0.411882 0.874899 -0.254766 145.916 0 0 0 1 
Seq_Frame0112_DriverToReference-SequenceTransformStatus = OK
Seq_Frame0112_Timestamp = 18.057
Seq_Frame0113_DriverToReference-SequenceTransform =0.474608 -0.444636 -0.759636 4.24481 -0.777882 0.191966 -0.598371 206.589 0.411882 0.874899 -0.254766 145.916 0 0 0 1 
Seq_Frame0113_DriverToReference-SequenceTransformStatus = OK
Seq_Frame0113_Timestamp = 18.163
Seq_Frame0114_DriverToReference-SequenceTransform =0.474608 -0.444636 -0.759636 4.24481 -0.777882 0.191966 -0.598371 206.589 0.411882 0.874899 -0.254766 145.916 0 0 0 1 
Seq_Frame0114_DriverToReference-SequenceTransformStatus = OK
Seq_Frame0114_Timestamp = 18.267
Seq_Frame0115_DriverToReference-SequenceTransform =0.474608 -0.444636 -0.759636 4.24481 -0.777882 0.191966 -0.598371 206.589 0.411882 0.874899 -0.254766 145.916 0 0 0 1 
Seq_Frame0115_DriverToReference-SequenceTransformStatus = OK
Seq_Frame0115_Timestamp = 18.373
Seq_Frame0116_DriverToReference-SequenceTransform =0.474608 -0.444636 -0.759636 4.24481 -0.777882 0.191966 -0.598371 206.589 0.411882 0.874899 -0.254766 145.916 0 0 0 1 
Seq_Frame0116_DriverToReference-SequenceTransformStatus = OK
Seq_Frame0116_Timestamp = 18.477
Seq_Frame0117_DriverToReference-SequenceTransform =0.474608 -0.444636 -0.759636 4.24481 -0.777882 0.191966 -0.598371 206.589 0.411882 0.874899 -0.254766 145.916 0 0 0 1 
Seq_Frame0117_DriverToReference-SequenceTransformStatus = OK
Seq_Frame0117_Timestamp = 18.582
Seq_Frame0118_DriverToReference-SequenceTransform =0.474608 -0.444636 -0.759636 4.24481 -0.777882 0.191966 -0.598371 206.589 0.411882 0.874899 -0.254766 145.916 0 0 0 1 
Seq_Frame0118_DriverToReference-SequenceTransformStatus = OK
Seq_Frame0118_Timestamp = 18.688
Seq_Frame0119_DriverToReference-SequenceTransform =0.474608 -0.444636 -0.759636 4.24481 -0.777882 0.191966 -0.598371 206.589 0.411882 0.874899 -0.254766 145.916 0 0 0 1 
Seq_Frame0119_DriverToReference-SequenceTransformStatus = OK
Seq_Frame0119_Timestamp = 18.793
Seq_Frame0120_DriverToReference-SequenceTransform =0.474608 -0.444636 -0.759636 4.24481 -0.777882 0.191966 -0.598371 206.589 0.411882 0.874899 -0.254766 145.916 0 0 0 1 
Seq_Frame0120_DriverToReference-SequenceTransformStatus = OK
Seq_Frame0120_Timestamp = 18.902
Seq_Frame0121_DriverToReference-SequenceTransform =0.474608 -0.444636 -0.759636 4.24481 -0.777882 0.191966 -0.598371 206.589 0.411882 0.874899 -0.254766 145.916 0 0 0 1 
Seq_Frame0121_DriverToReference-SequenceTransformStatus = OK
Seq_Frame0121_Timestamp = 19.012
Seq_Frame0122_DriverToReference-SequenceTransform =0.474608 -0.444636 -0.759636 4.24481 -0.777882 0.191966 -0.598371 206.589 0.411882 0.874899 -0.254766 145.916 0 0 0 1 
Seq_Frame0122_DriverToReference-SequenceTransformStatus = OK
Seq_Frame0122_Timestamp = 19.118
Seq_Frame0123_DriverToReference-SequenceTransform =0.474608 -0.444636 -0.759636 4.24481 -0.777882 0.191966 -0.598371 206.589 0.411882 0.874899 -0.254766 145.916 0 0 0 1 
Seq_Frame0123_DriverToReference-SequenceTransformStatus = OK
Seq_Frame0123_Timestamp = 19.232
Seq_Frame0124_DriverToReference-SequenceTransform =0.474608 -0.444636 -0.759636 4.24481 -0.777882 0.191966 -0.598371 206.589 0.411882 0.874899 -0.254766 145.916 0 0 0 1 
Seq_Frame0124_DriverToReference-SequenceTransformStatus = OK
Seq_Frame0124_Timestamp = 19.338
Seq_Frame0125_DriverToReference-SequenceTransform =0.474608 -0.444636 -0.759636 4.24481 -0.777882 0.191966 -0.598371 206.589 0.411882 0.874899 -0.254766 145.916 0 0 0 1 
Seq_Frame0125_DriverToReference-SequenceTransformStatus = OK
Seq_Frame0125_Timestamp = 19.447
Seq_Frame0126_DriverToReference-SequenceTransform =0.474608 -0.444636 -0.759636 4.24481 -0.777882 0.191966 -0.598371 206.589 0.411882 0.874899 -0.254766 145.916 0 0 0 1 
Seq_Frame0126_DriverToReference-SequenceTransformStatus = OK
Seq_Frame0126_Timestamp = 19.55
Seq_Frame0127_DriverToReference-SequenceTransform =0.474608 -0.444636 -0.759636 4.24481 -0.777882 0.191966 -0.598371 206.589 0.411882 0.874899 -0.254766 145.916 0 0 0 1 
Seq_Frame0127_DriverToReference-SequenceTransformStatus = OK
Seq_Frame0127_Timestamp = 19.658
Seq_Frame0128_DriverToReference-SequenceTransform =0.474608 -0.444636 -0.759636 4.24481 -0.777882 0.191966 -0.598371 206.589 0.411882 0.874899 -0.254766 145.916 0 0 0 1 
Seq_Frame0128_DriverToReference-SequenceTransformStatus = OK
Seq_Frame0128_Timestamp = 19.763
Seq_Frame0129_DriverToReference-SequenceTransform =0.474608 -0.444636 -0.759636 4.24481 -0.777882 0.191966 -0.598371 206.589 0.411882 0.874899 -0.254766 145.916 0 0 0 1 
Seq_Frame0129_DriverToReference-SequenceTransformStatus = OK
Seq_Frame0129_Timestamp = 19.868
Seq_Frame0130_DriverToReference-SequenceTransform =0.474608 -0.444636 -0.759636 4.24481 -0.777882 0.191966 -0.598371 206.589 0.411882 0.874899 -0.254766 145.916 0 0 0 1 
Seq_Frame0130_DriverToReference-SequenceTransformStatus = OK
Seq_Frame0130_Timestamp = 19.972
Seq_Frame0131_DriverToReference-SequenceTransform =0.474608 -0.444636 -0.759636 4.24481 -0.777882 0.191966 -0.598371 206.589 0.411882 0.874899 -0.254766 145.916 0 0 0 1 
Seq_Frame0131_DriverToReference-SequenceTransformStatus = OK
Seq_Frame0131_Timestamp = 20.078
Seq_Frame0132_DriverToReference-SequenceTransform =0.474608 -0.444636 -0.759636 4.24481 -0.777882 0.191966 -0.598371 206.589 0.411882 0.874899 -0.254766 145.916 0 0 0 1 
Seq_Frame0132_DriverToReference-SequenceTransformStatus = OK
Seq_Frame0132_Timestamp = 20.182
Seq_Frame0133_DriverToReference-SequenceTransform =0.474608 -0.444636 -0.759636 4.24481 -0.777882 0.191966 -0.598371 206.589 0.411882 0.874899 -0.254766 145.916 0 0 0 1 
Seq_Frame0133_DriverToReference-SequenceTransformStatus = OK
Seq_Frame0133_Timestamp = 20.288
Seq_Frame0134_DriverToReference-SequenceTransform =0.474608 -0.444636 -0.759636 4.24481 -0.777882 0.191966 -0.598371 206.589 0.411882 0.874899 -0.254766 145.916 0 0 0 1 
Seq_Frame0134_DriverToReference-SequenceTransformStatus = OK
Seq_Frame0134_Timestamp = 20.398
Seq_Frame0135_DriverToReference-SequenceTransform =0.474608 -0.444636 -0.759636 4.24481 -0.777882 0.191966 -0.598371 206.589 0.411882 0.874899 -0.254766 145.916 0 0 0 1 
Seq_Frame0135_DriverToReference-SequenceTransformStatus = OK
Seq_Frame0135_Timestamp = 20.5
Seq_Frame0136_DriverToReference-SequenceTransform =0.474608 -0.444636 -0.759636 4.24481 -0.777882 0.191966 -0.598371 206.589 0.411882 0.874899 -0.254766 145.916 0 0 0 1 
Seq_Frame0136_DriverToReference-SequenceTransformStatus = OK
Seq_Frame0136_Timestamp = 20.608
Seq_Frame0137_DriverToReference-SequenceTransform =0.474608 -0.444636 -0.759636 4.24481 -0.777882 0.191966 -0.598371 206.589 0.411882 0.874899 -0.254766 145.916 0 0 0 1 
Seq_Frame0137_DriverToReference-SequenceTransformStatus = OK
Seq_Frame0137_Timestamp = 20.988
Seq_Frame0138_DriverToReference-SequenceTransform =0.474608 -0.444636 -0.759636 4.24481 -0.777882 0.191966 -0.598371 206.589 0.411882 0.874899 -0.254766 145.916 0 0 0 1 
Seq_Frame0138_DriverToReference-SequenceTransformStatus = OK
Seq_Frame0138_Timestamp = 21.098
Seq_Frame0139_DriverToReference-SequenceTransform =0.474608 -0.444636 -0.759636 4.24481 -0.777882 0.191966 -0.598371 206.589 0.411882 0.874899 -0.254766 145.916 0 0 0 1 
Seq_Frame0139_DriverToReference-SequenceTransformStatus = OK
Seq_Frame0139_Timestamp = 21.202
Seq_Frame0140_DriverToReference-SequenceTransform =0.474608 -0.444636 -0.759636 4.24481 -0.777882 0.191966 -0.598371 206.589 0.411882 0.874899 -0.254766 145.916 0 0 0 1 
Seq_Frame0140_DriverToReference-SequenceTransformStatus = OK
Seq_Frame0140_Timestamp = 21.308
Seq_Frame0141_DriverToReference-SequenceTransform =0.474608 -0.444636 -0.759636 4.24481 -0.777882 0.191966 -0.598371 206.589 0.411882 0.874899 -0.254766 145.916 0 0 0 1 
Seq_Frame0141_DriverToReference-SequenceTransformStatus = OK
Seq_Frame0141_Timestamp = 21.412
Seq_Frame0142_DriverToReference-SequenceTransform =0.474608 -0.444636 -0.759636 4.24481 -0.777882 0.191966 -0.598371 206.589 0.411882 0.874899 -0.254766 145.916 0 0 0 1 
Seq_Frame0142_DriverToReference-SequenceTransformStatus = OK
Seq_Frame0142_Timestamp = 21.518
Seq_Frame0143_DriverToReference-SequenceTransform =0.474608 -0.444636 -0.759636 4.24481 -0.777882 0.191966 -0.598371 206.589 0.411882 0.874899 -0.254766 145.916 0 0 0 1 
Seq_Frame0143_DriverToReference-SequenceTransformStatus = OK
Seq_Frame0143_Timestamp = 21.625
Seq_Frame0144_DriverToReference-SequenceTransform =0.474608 -0.444636 -0.759636 4.24481 -0.777882 0.191966 -0.598371 206.589 0.411882 0.874899 -0.254766 145.916 0 0 0 1 
Seq_Frame0144_DriverToReference-SequenceTransformStatus = OK
Seq_Frame0144_Timestamp = 21.733
Seq_Frame0145_DriverToReference-SequenceTransform =0.474608 -0.444636 -0.759636 4.24481 -0.777882 0.191966 -0.598371 206.589 0.411882 0.874899 -0.254766 145.916 0 0 0 1 
Seq_Frame0145_DriverToReference-SequenceTransformStatus = OK
Seq_Frame0145_Timestamp = 21.838
Seq_Frame0146_DriverToReference-SequenceTransform =0.474608 -0.444636 -0.759636 4.24481 -0.777882 0.191966 -0.598371 206.589 0.411882 0.874899 -0.254766 145.916 0 0 0 1 
Seq_Frame0146_DriverToReference-SequenceTransformStatus = OK
Seq_Frame0146_Timestamp = 21.944
Seq_Frame0147_DriverToReference-SequenceTransform =0.474608 -0.444636 -0.759636 4.24481 -0.777882 0.191966 -0.598371 206.589 0.411882 0.874899 -0.254766 145.916 0 0 0 1 
Seq_Frame0147_DriverToReference-SequenceTransformStatus = OK
Seq_Frame0147_Timestamp = 22.377
Seq_Frame0148_DriverToReference-SequenceTransform =0.474608 -0.444636 -0.759636 4.24481 -0.777882 0.191966 -0.598371 206.589 0.411882 0.874899 -0.254766 145.916 0 0 0 1 
Seq_Frame0148_DriverToReference-SequenceTransformStatus = OK
Seq_Frame0148_Timestamp = 22.492
Seq_Frame0149_DriverToReference-SequenceTransform =0.474608 -0.444636 -0.759636 4.24481 -0.777882 0.191966 -0.598371 206.589 0.411882 0.874899 -0.254766 145.916 0 0 0 1 
Seq_Frame0149_DriverToReference-SequenceTransformStatus = OK
Seq_Frame0149_Timestamp = 22.593
Seq_Frame0150_DriverToReference-SequenceTransform =0.474608 -0.444636 -0.759636 4.24481 -0.777882 0.191966 -0.598371 206.589 0.411882 0.874899 -0.254766 145.916 0 0 0 1 
Seq_Frame0150_DriverToReference-SequenceTransformStatus = OK
