ObjectType = Image
NDims = 3
AnatomicalOrientation = RAI
BinaryData = True
CompressedData = False
DimSize = 0 0 6113
ElementSpacing = 1 1 1
Offset = 0 0 0
TransformMatrix = 1 0 0 0 1 0 0 0 1
ElementType = MET_UCHAR
Kinds = domain domain list
Seq_Frame0000_ForcepTipToForcep-SequenceTransform =0.699526 5.55112e-17 -0.714607 -93.8638 -0.573602 0.596408 -0.561496 -77.4251 0.426198 0.802681 0.417203 64.7054 0 0 0 1 
Seq_Frame0000_ForcepTipToForcep-SequenceTransformStatus = OK
Seq_Frame0000_Timestamp = 0.0110002
Seq_Frame0001_ForcepTipToForcep-SequenceTransform =0.699526 5.55112e-17 -0.714607 -93.8638 -0.573602 0.596408 -0.561496 -77.4251 0.426198 0.802681 0.417203 64.7054 0 0 0 1 
Seq_Frame0001_ForcepTipToForcep-SequenceTransformStatus = OK
Seq_Frame0001_Timestamp = 0.112
Seq_Frame0002_ForcepTipToForcep-SequenceTransform =0.699526 5.55112e-17 -0.714607 -93.8638 -0.573602 0.596408 -0.561496 -77.4251 0.426198 0.802681 0.417203 64.7054 0 0 0 1 
Seq_Frame0002_ForcepTipToForcep-SequenceTransformStatus = OK
Seq_Frame0002_Timestamp = 0.214
Seq_Frame0003_ForcepTipToForcep-SequenceTransform =0.699526 5.55112e-17 -0.714607 -93.8638 -0.573602 0.596408 -0.561496 -77.4251 0.426198 0.802681 0.417203 64.7054 0 0 0 1 
Seq_Frame0003_ForcepTipToForcep-SequenceTransformStatus = OK
Seq_Frame0003_Timestamp = 0.317
Seq_Frame0004_ForcepTipToForcep-SequenceTransform =0.699526 5.55112e-17 -0.714607 -93.8638 -0.573602 0.596408 -0.561496 -77.4251 0.426198 0.802681 0.417203 64.7054 0 0 0 1 
Seq_Frame0004_ForcepTipToForcep-SequenceTransformStatus = OK
Seq_Frame0004_Timestamp = 0.429
Seq_Frame0005_ForcepTipToForcep-SequenceTransform =0.699526 5.55112e-17 -0.714607 -93.8638 -0.573602 0.596408 -0.561496 -77.4251 0.426198 0.802681 0.417203 64.7054 0 0 0 1 
Seq_Frame0005_ForcepTipToForcep-SequenceTransformStatus = OK
Seq_Frame0005_Timestamp = 0.542
Seq_Frame0006_ForcepTipToForcep-SequenceTransform =0.699526 5.55112e-17 -0.714607 -93.8638 -0.573602 0.596408 -0.561496 -77.4251 0.426198 0.802681 0.417203 64.7054 0 0 0 1 
Seq_Frame0006_ForcepTipToForcep-SequenceTransformStatus = OK
Seq_Frame0006_Timestamp = 0.648
Seq_Frame0007_ForcepTipToForcep-SequenceTransform =0.699526 5.55112e-17 -0.714607 -93.8638 -0.573602 0.596408 -0.561496 -77.4251 0.426198 0.802681 0.417203 64.7054 0 0 0 1 
Seq_Frame0007_ForcepTipToForcep-SequenceTransformStatus = OK
Seq_Frame0007_Timestamp = 0.752
Seq_Frame0008_ForcepTipToForcep-SequenceTransform =0.699526 5.55112e-17 -0.714607 -93.8638 -0.573602 0.596408 -0.561496 -77.4251 0.426198 0.802681 0.417203 64.7054 0 0 0 1 
Seq_Frame0008_ForcepTipToForcep-SequenceTransformStatus = OK
Seq_Frame0008_Timestamp = 0.858
Seq_Frame0009_ForcepTipToForcep-SequenceTransform =0.699526 5.55112e-17 -0.714607 -93.8638 -0.573602 0.596408 -0.561496 -77.4251 0.426198 0.802681 0.417203 64.7054 0 0 0 1 
Seq_Frame0009_ForcepTipToForcep-SequenceTransformStatus = OK
Seq_Frame0009_Timestamp = 0.962
Seq_Frame0010_ForcepTipToForcep-SequenceTransform =0.699526 5.55112e-17 -0.714607 -93.8638 -0.573602 0.596408 -0.561496 -77.4251 0.426198 0.802681 0.417203 64.7054 0 0 0 1 
Seq_Frame0010_ForcepTipToForcep-SequenceTransformStatus = OK
Seq_Frame0010_Timestamp = 1.068
Seq_Frame0011_ForcepTipToForcep-SequenceTransform =0.699526 5.55112e-17 -0.714607 -93.8638 -0.573602 0.596408 -0.561496 -77.4251 0.426198 0.802681 0.417203 64.7054 0 0 0 1 
Seq_Frame0011_ForcepTipToForcep-SequenceTransformStatus = OK
Seq_Frame0011_Timestamp = 1.173
Seq_Frame0012_ForcepTipToForcep-SequenceTransform =0.699526 5.55112e-17 -0.714607 -93.8638 -0.573602 0.596408 -0.561496 -77.4251 0.426198 0.802681 0.417203 64.7054 0 0 0 1 
Seq_Frame0012_ForcepTipToForcep-SequenceTransformStatus = OK
Seq_Frame0012_Timestamp = 1.283
Seq_Frame0013_ForcepTipToForcep-SequenceTransform =0.699526 5.55112e-17 -0.714607 -93.8638 -0.573602 0.596408 -0.561496 -77.4251 0.426198 0.802681 0.417203 64.7054 0 0 0 1 
Seq_Frame0013_ForcepTipToForcep-SequenceTransformStatus = OK
Seq_Frame0013_Timestamp = 1.387
Seq_Frame0014_ForcepTipToForcep-SequenceTransform =0.699526 5.55112e-17 -0.714607 -93.8638 -0.573602 0.596408 -0.561496 -77.4251 0.426198 0.802681 0.417203 64.7054 0 0 0 1 
Seq_Frame0014_ForcepTipToForcep-SequenceTransformStatus = OK
Seq_Frame0014_Timestamp = 1.493
Seq_Frame0015_ForcepTipToForcep-SequenceTransform =0.699526 5.55112e-17 -0.714607 -93.8638 -0.573602 0.596408 -0.561496 -77.4251 0.426198 0.802681 0.417203 64.7054 0 0 0 1 
Seq_Frame0015_ForcepTipToForcep-SequenceTransformStatus = OK
Seq_Frame0015_Timestamp = 1.598
Seq_Frame0016_ForcepTipToForcep-SequenceTransform =0.699526 5.55112e-17 -0.714607 -93.8638 -0.573602 0.596408 -0.561496 -77.4251 0.426198 0.802681 0.417203 64.7054 0 0 0 1 
Seq_Frame0016_ForcepTipToForcep-SequenceTransformStatus = OK
Seq_Frame0016_Timestamp = 1.702
Seq_Frame0017_ForcepTipToForcep-SequenceTransform =0.699526 5.55112e-17 -0.714607 -93.8638 -0.573602 0.596408 -0.561496 -77.4251 0.426198 0.802681 0.417203 64.7054 0 0 0 1 
Seq_Frame0017_ForcepTipToForcep-SequenceTransformStatus = OK
Seq_Frame0017_Timestamp = 1.809
Seq_Frame0018_ForcepTipToForcep-SequenceTransform =0.699526 5.55112e-17 -0.714607 -93.8638 -0.573602 0.596408 -0.561496 -77.4251 0.426198 0.802681 0.417203 64.7054 0 0 0 1 
Seq_Frame0018_ForcepTipToForcep-SequenceTransformStatus = OK
Seq_Frame0018_Timestamp = 1.913
Seq_Frame0019_ForcepTipToForcep-SequenceTransform =0.699526 5.55112e-17 -0.714607 -93.8638 -0.573602 0.596408 -0.561496 -77.4251 0.426198 0.802681 0.417203 64.7054 0 0 0 1 
Seq_Frame0019_ForcepTipToForcep-SequenceTransformStatus = OK
Seq_Frame0019_Timestamp = 2.017
Seq_Frame0020_ForcepTipToForcep-SequenceTransform =0.699526 5.55112e-17 -0.714607 -93.8638 -0.573602 0.596408 -0.561496 -77.4251 0.426198 0.802681 0.417203 64.7054 0 0 0 1 
Seq_Frame0020_ForcepTipToForcep-SequenceTransformStatus = OK
Seq_Frame0020_Timestamp = 2.123
Seq_Frame0021_ForcepTipToForcep-SequenceTransform =0.699526 5.55112e-17 -0.714607 -93.8638 -0.573602 0.596408 -0.561496 -77.4251 0.426198 0.802681 0.417203 64.7054 0 0 0 1 
Seq_Frame0021_ForcepTipToForcep-SequenceTransformStatus = OK
Seq_Frame0021_Timestamp = 2.233
Seq_Frame0022_ForcepTipToForcep-SequenceTransform =0.699526 5.55112e-17 -0.714607 -93.8638 -0.573602 0.596408 -0.561496 -77.4251 0.426198 0.802681 0.417203 64.7054 0 0 0 1 
Seq_Frame0022_ForcepTipToForcep-SequenceTransformStatus = OK
Seq_Frame0022_Timestamp = 2.337
Seq_Frame0023_ForcepTipToForcep-SequenceTransform =0.699526 5.55112e-17 -0.714607 -93.8638 -0.573602 0.596408 -0.561496 -77.4251 0.426198 0.802681 0.417203 64.7054 0 0 0 1 
Seq_Frame0023_ForcepTipToForcep-SequenceTransformStatus = OK
Seq_Frame0023_Timestamp = 2.447
Seq_Frame0024_ForcepTipToForcep-SequenceTransform =0.699526 5.55112e-17 -0.714607 -93.8638 -0.573602 0.596408 -0.561496 -77.4251 0.426198 0.802681 0.417203 64.7054 0 0 0 1 
Seq_Frame0024_ForcepTipToForcep-SequenceTransformStatus = OK
Seq_Frame0024_Timestamp = 2.558
Seq_Frame0025_ForcepTipToForcep-SequenceTransform =0.699526 5.55112e-17 -0.714607 -93.8638 -0.573602 0.596408 -0.561496 -77.4251 0.426198 0.802681 0.417203 64.7054 0 0 0 1 
Seq_Frame0025_ForcepTipToForcep-SequenceTransformStatus = OK
Seq_Frame0025_Timestamp = 2.662
Seq_Frame0026_ForcepTipToForcep-SequenceTransform =0.699526 5.55112e-17 -0.714607 -93.8638 -0.573602 0.596408 -0.561496 -77.4251 0.426198 0.802681 0.417203 64.7054 0 0 0 1 
Seq_Frame0026_ForcepTipToForcep-SequenceTransformStatus = OK
Seq_Frame0026_Timestamp = 2.773
Seq_Frame0027_ForcepTipToForcep-SequenceTransform =0.699526 5.55112e-17 -0.714607 -93.8638 -0.573602 0.596408 -0.561496 -77.4251 0.426198 0.802681 0.417203 64.7054 0 0 0 1 
Seq_Frame0027_ForcepTipToForcep-SequenceTransformStatus = OK
Seq_Frame0027_Timestamp = 2.883
Seq_Frame0028_ForcepTipToForcep-SequenceTransform =0.699526 5.55112e-17 -0.714607 -93.8638 -0.573602 0.596408 -0.561496 -77.4251 0.426198 0.802681 0.417203 64.7054 0 0 0 1 
Seq_Frame0028_ForcepTipToForcep-SequenceTransformStatus = OK
Seq_Frame0028_Timestamp = 3.062
Seq_Frame0029_ForcepTipToForcep-SequenceTransform =0.699526 5.55112e-17 -0.714607 -93.8638 -0.573602 0.596408 -0.561496 -77.4251 0.426198 0.802681 0.417203 64.7054 0 0 0 1 
Seq_Frame0029_ForcepTipToForcep-SequenceTransformStatus = OK
Seq_Frame0029_Timestamp = 3.862
Seq_Frame0030_ForcepTipToForcep-SequenceTransform =0.699526 5.55112e-17 -0.714607 -93.8638 -0.573602 0.596408 -0.561496 -77.4251 0.426198 0.802681 0.417203 64.7054 0 0 0 1 
Seq_Frame0030_ForcepTipToForcep-SequenceTransformStatus = OK
Seq_Frame0030_Timestamp = 3.967
Seq_Frame0031_ForcepTipToForcep-SequenceTransform =0.699526 5.55112e-17 -0.714607 -93.8638 -0.573602 0.596408 -0.561496 -77.4251 0.426198 0.802681 0.417203 64.7054 0 0 0 1 
Seq_Frame0031_ForcepTipToForcep-SequenceTransformStatus = OK
Seq_Frame0031_Timestamp = 4.072
Seq_Frame0032_ForcepTipToForcep-SequenceTransform =0.699526 5.55112e-17 -0.714607 -93.8638 -0.573602 0.596408 -0.561496 -77.4251 0.426198 0.802681 0.417203 64.7054 0 0 0 1 
Seq_Frame0032_ForcepTipToForcep-SequenceTransformStatus = OK
Seq_Frame0032_Timestamp = 4.175
Seq_Frame0033_ForcepTipToForcep-SequenceTransform =0.699526 5.55112e-17 -0.714607 -93.8638 -0.573602 0.596408 -0.561496 -77.4251 0.426198 0.802681 0.417203 64.7054 0 0 0 1 
Seq_Frame0033_ForcepTipToForcep-SequenceTransformStatus = OK
Seq_Frame0033_Timestamp = 4.284
Seq_Frame0034_ForcepTipToForcep-SequenceTransform =0.699526 5.55112e-17 -0.714607 -93.8638 -0.573602 0.596408 -0.561496 -77.4251 0.426198 0.802681 0.417203 64.7054 0 0 0 1 
Seq_Frame0034_ForcepTipToForcep-SequenceTransformStatus = OK
Seq_Frame0034_Timestamp = 4.822
Seq_Frame0035_ForcepTipToForcep-SequenceTransform =0.699526 5.55112e-17 -0.714607 -93.8638 -0.573602 0.596408 -0.561496 -77.4251 0.426198 0.802681 0.417203 64.7054 0 0 0 1 
Seq_Frame0035_ForcepTipToForcep-SequenceTransformStatus = OK
Seq_Frame0035_Timestamp = 4.925
Seq_Frame0036_ForcepTipToForcep-SequenceTransform =0.699526 5.55112e-17 -0.714607 -93.8638 -0.573602 0.596408 -0.561496 -77.4251 0.426198 0.802681 0.417203 64.7054 0 0 0 1 
Seq_Frame0036_ForcepTipToForcep-SequenceTransformStatus = OK
Seq_Frame0036_Timestamp = 5.033
Seq_Frame0037_ForcepTipToForcep-SequenceTransform =0.699526 5.55112e-17 -0.714607 -93.8638 -0.573602 0.596408 -0.561496 -77.4251 0.426198 0.802681 0.417203 64.7054 0 0 0 1 
Seq_Frame0037_ForcepTipToForcep-SequenceTransformStatus = OK
Seq_Frame0037_Timestamp = 5.142
Seq_Frame0038_ForcepTipToForcep-SequenceTransform =0.699526 5.55112e-17 -0.714607 -93.8638 -0.573602 0.596408 -0.561496 -77.4251 0.426198 0.802681 0.417203 64.7054 0 0 0 1 
Seq_Frame0038_ForcepTipToForcep-SequenceTransformStatus = OK
Seq_Frame0038_Timestamp = 5.247
Seq_Frame0039_ForcepTipToForcep-SequenceTransform =0.699526 5.55112e-17 -0.714607 -93.8638 -0.573602 0.596408 -0.561496 -77.4251 0.426198 0.802681 0.417203 64.7054 0 0 0 1 
Seq_Frame0039_ForcepTipToForcep-SequenceTransformStatus = OK
Seq_Frame0039_Timestamp = 5.792
Seq_Frame0040_ForcepTipToForcep-SequenceTransform =0.699526 5.55112e-17 -0.714607 -93.8638 -0.573602 0.596408 -0.561496 -77.4251 0.426198 0.802681 0.417203 64.7054 0 0 0 1 
Seq_Frame0040_ForcepTipToForcep-SequenceTransformStatus = OK
Seq_Frame0040_Timestamp = 6.623
Seq_Frame0041_ForcepTipToForcep-SequenceTransform =0.699526 5.55112e-17 -0.714607 -93.8638 -0.573602 0.596408 -0.561496 -77.4251 0.426198 0.802681 0.417203 64.7054 0 0 0 1 
Seq_Frame0041_ForcepTipToForcep-SequenceTransformStatus = OK
Seq_Frame0041_Timestamp = 6.725
Seq_Frame0042_ForcepTipToForcep-SequenceTransform =0.699526 5.55112e-17 -0.714607 -93.8638 -0.573602 0.596408 -0.561496 -77.4251 0.426198 0.802681 0.417203 64.7054 0 0 0 1 
Seq_Frame0042_ForcepTipToForcep-SequenceTransformStatus = OK
Seq_Frame0042_Timestamp = 6.833
Seq_Frame0043_ForcepTipToForcep-SequenceTransform =0.699526 5.55112e-17 -0.714607 -93.8638 -0.573602 0.596408 -0.561496 -77.4251 0.426198 0.802681 0.417203 64.7054 0 0 0 1 
Seq_Frame0043_ForcepTipToForcep-SequenceTransformStatus = OK
Seq_Frame0043_Timestamp = 6.939
Seq_Frame0044_ForcepTipToForcep-SequenceTransform =0.699526 5.55112e-17 -0.714607 -93.8638 -0.573602 0.596408 -0.561496 -77.4251 0.426198 0.802681 0.417203 64.7054 0 0 0 1 
Seq_Frame0044_ForcepTipToForcep-SequenceTransformStatus = OK
Seq_Frame0044_Timestamp = 7.043
Seq_Frame0045_ForcepTipToForcep-SequenceTransform =0.699526 5.55112e-17 -0.714607 -93.8638 -0.573602 0.596408 -0.561496 -77.4251 0.426198 0.802681 0.417203 64.7054 0 0 0 1 
Seq_Frame0045_ForcepTipToForcep-SequenceTransformStatus = OK
Seq_Frame0045_Timestamp = 7.152
Seq_Frame0046_ForcepTipToForcep-SequenceTransform =0.699526 5.55112e-17 -0.714607 -93.8638 -0.573602 0.596408 -0.561496 -77.4251 0.426198 0.802681 0.417203 64.7054 0 0 0 1 
Seq_Frame0046_ForcepTipToForcep-SequenceTransformStatus = OK
Seq_Frame0046_Timestamp = 7.263
Seq_Frame0047_ForcepTipToForcep-SequenceTransform =0.699526 5.55112e-17 -0.714607 -93.8638 -0.573602 0.596408 -0.561496 -77.4251 0.426198 0.802681 0.417203 64.7054 0 0 0 1 
Seq_Frame0047_ForcepTipToForcep-SequenceTransformStatus = OK
Seq_Frame0047_Timestamp = 7.375
Seq_Frame0048_ForcepTipToForcep-SequenceTransform =0.699526 5.55112e-17 -0.714607 -93.8638 -0.573602 0.596408 -0.561496 -77.4251 0.426198 0.802681 0.417203 64.7054 0 0 0 1 
Seq_Frame0048_ForcepTipToForcep-SequenceTransformStatus = OK
Seq_Frame0048_Timestamp = 7.478
Seq_Frame0049_ForcepTipToForcep-SequenceTransform =0.699526 5.55112e-17 -0.714607 -93.8638 -0.573602 0.596408 -0.561496 -77.4251 0.426198 0.802681 0.417203 64.7054 0 0 0 1 
Seq_Frame0049_ForcepTipToForcep-SequenceTransformStatus = OK
Seq_Frame0049_Timestamp = 7.582
Seq_Frame0050_ForcepTipToForcep-SequenceTransform =0.699526 5.55112e-17 -0.714607 -93.8638 -0.573602 0.596408 -0.561496 -77.4251 0.426198 0.802681 0.417203 64.7054 0 0 0 1 
Seq_Frame0050_ForcepTipToForcep-SequenceTransformStatus = OK
Seq_Frame0050_Timestamp = 7.688
Seq_Frame0051_ForcepTipToForcep-SequenceTransform =0.699526 5.55112e-17 -0.714607 -93.8638 -0.573602 0.596408 -0.561496 -77.4251 0.426198 0.802681 0.417203 64.7054 0 0 0 1 
Seq_Frame0051_ForcepTipToForcep-SequenceTransformStatus = OK
Seq_Frame0051_Timestamp = 7.793
Seq_Frame0052_ForcepTipToForcep-SequenceTransform =0.699526 5.55112e-17 -0.714607 -93.8638 -0.573602 0.596408 -0.561496 -77.4251 0.426198 0.802681 0.417203 64.7054 0 0 0 1 
Seq_Frame0052_ForcepTipToForcep-SequenceTransformStatus = OK
Seq_Frame0052_Timestamp = 7.898
Seq_Frame0053_ForcepTipToForcep-SequenceTransform =0.699526 5.55112e-17 -0.714607 -93.8638 -0.573602 0.596408 -0.561496 -77.4251 0.426198 0.802681 0.417203 64.7054 0 0 0 1 
Seq_Frame0053_ForcepTipToForcep-SequenceTransformStatus = OK
Seq_Frame0053_Timestamp = 8.003
Seq_Frame0054_ForcepTipToForcep-SequenceTransform =0.699526 5.55112e-17 -0.714607 -93.8638 -0.573602 0.596408 -0.561496 -77.4251 0.426198 0.802681 0.417203 64.7054 0 0 0 1 
Seq_Frame0054_ForcepTipToForcep-SequenceTransformStatus = OK
Seq_Frame0054_Timestamp = 8.113
Seq_Frame0055_ForcepTipToForcep-SequenceTransform =0.699526 5.55112e-17 -0.714607 -93.8638 -0.573602 0.596408 -0.561496 -77.4251 0.426198 0.802681 0.417203 64.7054 0 0 0 1 
Seq_Frame0055_ForcepTipToForcep-SequenceTransformStatus = OK
Seq_Frame0055_Timestamp = 8.217
Seq_Frame0056_ForcepTipToForcep-SequenceTransform =0.699526 5.55112e-17 -0.714607 -93.8638 -0.573602 0.596408 -0.561496 -77.4251 0.426198 0.802681 0.417203 64.7054 0 0 0 1 
Seq_Frame0056_ForcepTipToForcep-SequenceTransformStatus = OK
Seq_Frame0056_Timestamp = 8.333
Seq_Frame0057_ForcepTipToForcep-SequenceTransform =0.699526 5.55112e-17 -0.714607 -93.8638 -0.573602 0.596408 -0.561496 -77.4251 0.426198 0.802681 0.417203 64.7054 0 0 0 1 
Seq_Frame0057_ForcepTipToForcep-SequenceTransformStatus = OK
Seq_Frame0057_Timestamp = 8.447
Seq_Frame0058_ForcepTipToForcep-SequenceTransform =0.699526 5.55112e-17 -0.714607 -93.8638 -0.573602 0.596408 -0.561496 -77.4251 0.426198 0.802681 0.417203 64.7054 0 0 0 1 
Seq_Frame0058_ForcepTipToForcep-SequenceTransformStatus = OK
Seq_Frame0058_Timestamp = 8.552
Seq_Frame0059_ForcepTipToForcep-SequenceTransform =0.699526 5.55112e-17 -0.714607 -93.8638 -0.573602 0.596408 -0.561496 -77.4251 0.426198 0.802681 0.417203 64.7054 0 0 0 1 
Seq_Frame0059_ForcepTipToForcep-SequenceTransformStatus = OK
Seq_Frame0059_Timestamp = 8.663
Seq_Frame0060_ForcepTipToForcep-SequenceTransform =0.699526 5.55112e-17 -0.714607 -93.8638 -0.573602 0.596408 -0.561496 -77.4251 0.426198 0.802681 0.417203 64.7054 0 0 0 1 
Seq_Frame0060_ForcepTipToForcep-SequenceTransformStatus = OK
Seq_Frame0060_Timestamp = 8.767
Seq_Frame0061_ForcepTipToForcep-SequenceTransform =0.699526 5.55112e-17 -0.714607 -93.8638 -0.573602 0.596408 -0.561496 -77.4251 0.426198 0.802681 0.417203 64.7054 0 0 0 1 
Seq_Frame0061_ForcepTipToForcep-SequenceTransformStatus = OK
Seq_Frame0061_Timestamp = 8.873
Seq_Frame0062_ForcepTipToForcep-SequenceTransform =0.699526 5.55112e-17 -0.714607 -93.8638 -0.573602 0.596408 -0.561496 -77.4251 0.426198 0.802681 0.417203 64.7054 0 0 0 1 
Seq_Frame0062_ForcepTipToForcep-SequenceTransformStatus = OK
Seq_Frame0062_Timestamp = 8.978
Seq_Frame0063_ForcepTipToForcep-SequenceTransform =0.699526 5.55112e-17 -0.714607 -93.8638 -0.573602 0.596408 -0.561496 -77.4251 0.426198 0.802681 0.417203 64.7054 0 0 0 1 
Seq_Frame0063_ForcepTipToForcep-SequenceTransformStatus = OK
Seq_Frame0063_Timestamp = 9.082
Seq_Frame0064_ForcepTipToForcep-SequenceTransform =0.699526 5.55112e-17 -0.714607 -93.8638 -0.573602 0.596408 -0.561496 -77.4251 0.426198 0.802681 0.417203 64.7054 0 0 0 1 
Seq_Frame0064_ForcepTipToForcep-SequenceTransformStatus = OK
Seq_Frame0064_Timestamp = 9.193
Seq_Frame0065_ForcepTipToForcep-SequenceTransform =0.699526 5.55112e-17 -0.714607 -93.8638 -0.573602 0.596408 -0.561496 -77.4251 0.426198 0.802681 0.417203 64.7054 0 0 0 1 
Seq_Frame0065_ForcepTipToForcep-SequenceTransformStatus = OK
Seq_Frame0065_Timestamp = 9.293
Seq_Frame0066_ForcepTipToForcep-SequenceTransform =0.699526 5.55112e-17 -0.714607 -93.8638 -0.573602 0.596408 -0.561496 -77.4251 0.426198 0.802681 0.417203 64.7054 0 0 0 1 
Seq_Frame0066_ForcepTipToForcep-SequenceTransformStatus = OK
Seq_Frame0066_Timestamp = 9.409
Seq_Frame0067_ForcepTipToForcep-SequenceTransform =0.699526 5.55112e-17 -0.714607 -93.8638 -0.573602 0.596408 -0.561496 -77.4251 0.426198 0.802681 0.417203 64.7054 0 0 0 1 
Seq_Frame0067_ForcepTipToForcep-SequenceTransformStatus = OK
Seq_Frame0067_Timestamp = 9.523
Seq_Frame0068_ForcepTipToForcep-SequenceTransform =0.699526 5.55112e-17 -0.714607 -93.8638 -0.573602 0.596408 -0.561496 -77.4251 0.426198 0.802681 0.417203 64.7054 0 0 0 1 
Seq_Frame0068_ForcepTipToForcep-SequenceTransformStatus = OK
Seq_Frame0068_Timestamp = 9.629
Seq_Frame0069_ForcepTipToForcep-SequenceTransform =0.699526 5.55112e-17 -0.714607 -93.8638 -0.573602 0.596408 -0.561496 -77.4251 0.426198 0.802681 0.417203 64.7054 0 0 0 1 
Seq_Frame0069_ForcepTipToForcep-SequenceTransformStatus = OK
Seq_Frame0069_Timestamp = 9.732
Seq_Frame0070_ForcepTipToForcep-SequenceTransform =0.699526 5.55112e-17 -0.714607 -93.8638 -0.573602 0.596408 -0.561496 -77.4251 0.426198 0.802681 0.417203 64.7054 0 0 0 1 
Seq_Frame0070_ForcepTipToForcep-SequenceTransformStatus = OK
Seq_Frame0070_Timestamp = 9.844
Seq_Frame0071_ForcepTipToForcep-SequenceTransform =0.699526 5.55112e-17 -0.714607 -93.8638 -0.573602 0.596408 -0.561496 -77.4251 0.426198 0.802681 0.417203 64.7054 0 0 0 1 
Seq_Frame0071_ForcepTipToForcep-SequenceTransformStatus = OK
Seq_Frame0071_Timestamp = 9.947
Seq_Frame0072_ForcepTipToForcep-SequenceTransform =0.699526 5.55112e-17 -0.714607 -93.8638 -0.573602 0.596408 -0.561496 -77.4251 0.426198 0.802681 0.417203 64.7054 0 0 0 1 
Seq_Frame0072_ForcepTipToForcep-SequenceTransformStatus = OK
Seq_Frame0072_Timestamp = 10.053
Seq_Frame0073_ForcepTipToForcep-SequenceTransform =0.699526 5.55112e-17 -0.714607 -93.8638 -0.573602 0.596408 -0.561496 -77.4251 0.426198 0.802681 0.417203 64.7054 0 0 0 1 
Seq_Frame0073_ForcepTipToForcep-SequenceTransformStatus = OK
Seq_Frame0073_Timestamp = 10.158
Seq_Frame0074_ForcepTipToForcep-SequenceTransform =0.699526 5.55112e-17 -0.714607 -93.8638 -0.573602 0.596408 -0.561496 -77.4251 0.426198 0.802681 0.417203 64.7054 0 0 0 1 
Seq_Frame0074_ForcepTipToForcep-SequenceTransformStatus = OK
Seq_Frame0074_Timestamp = 10.263
Seq_Frame0075_ForcepTipToForcep-SequenceTransform =0.699526 5.55112e-17 -0.714607 -93.8638 -0.573602 0.596408 -0.561496 -77.4251 0.426198 0.802681 0.417203 64.7054 0 0 0 1 
Seq_Frame0075_ForcepTipToForcep-SequenceTransformStatus = OK
Seq_Frame0075_Timestamp = 10.367
Seq_Frame0076_ForcepTipToForcep-SequenceTransform =0.699526 5.55112e-17 -0.714607 -93.8638 -0.573602 0.596408 -0.561496 -77.4251 0.426198 0.802681 0.417203 64.7054 0 0 0 1 
Seq_Frame0076_ForcepTipToForcep-SequenceTransformStatus = OK
Seq_Frame0076_Timestamp = 10.473
Seq_Frame0077_ForcepTipToForcep-SequenceTransform =0.699526 5.55112e-17 -0.714607 -93.8638 -0.573602 0.596408 -0.561496 -77.4251 0.426198 0.802681 0.417203 64.7054 0 0 0 1 
Seq_Frame0077_ForcepTipToForcep-SequenceTransformStatus = OK
Seq_Frame0077_Timestamp = 10.578
Seq_Frame0078_ForcepTipToForcep-SequenceTransform =0.699526 5.55112e-17 -0.714607 -93.8638 -0.573602 0.596408 -0.561496 -77.4251 0.426198 0.802681 0.417203 64.7054 0 0 0 1 
Seq_Frame0078_ForcepTipToForcep-SequenceTransformStatus = OK
Seq_Frame0078_Timestamp = 10.689
Seq_Frame0079_ForcepTipToForcep-SequenceTransform =0.699526 5.55112e-17 -0.714607 -93.8638 -0.573602 0.596408 -0.561496 -77.4251 0.426198 0.802681 0.417203 64.7054 0 0 0 1 
Seq_Frame0079_ForcepTipToForcep-SequenceTransformStatus = OK
Seq_Frame0079_Timestamp = 10.793
Seq_Frame0080_ForcepTipToForcep-SequenceTransform =0.699526 5.55112e-17 -0.714607 -93.8638 -0.573602 0.596408 -0.561496 -77.4251 0.426198 0.802681 0.417203 64.7054 0 0 0 1 
Seq_Frame0080_ForcepTipToForcep-SequenceTransformStatus = OK
Seq_Frame0080_Timestamp = 10.898
Seq_Frame0081_ForcepTipToForcep-SequenceTransform =0.699526 5.55112e-17 -0.714607 -93.8638 -0.573602 0.596408 -0.561496 -77.4251 0.426198 0.802681 0.417203 64.7054 0 0 0 1 
Seq_Frame0081_ForcepTipToForcep-SequenceTransformStatus = OK
Seq_Frame0081_Timestamp = 11.003
Seq_Frame0082_ForcepTipToForcep-SequenceTransform =0.699526 5.55112e-17 -0.714607 -93.8638 -0.573602 0.596408 -0.561496 -77.4251 0.426198 0.802681 0.417203 64.7054 0 0 0 1 
Seq_Frame0082_ForcepTipToForcep-SequenceTransformStatus = OK
Seq_Frame0082_Timestamp = 11.107
Seq_Frame0083_ForcepTipToForcep-SequenceTransform =0.699526 5.55112e-17 -0.714607 -93.8638 -0.573602 0.596408 -0.561496 -77.4251 0.426198 0.802681 0.417203 64.7054 0 0 0 1 
Seq_Frame0083_ForcepTipToForcep-SequenceTransformStatus = OK
Seq_Frame0083_Timestamp = 11.213
Seq_Frame0084_ForcepTipToForcep-SequenceTransform =0.699526 5.55112e-17 -0.714607 -93.8638 -0.573602 0.596408 -0.561496 -77.4251 0.426198 0.802681 0.417203 64.7054 0 0 0 1 
Seq_Frame0084_ForcepTipToForcep-SequenceTransformStatus = OK
Seq_Frame0084_Timestamp = 11.317
Seq_Frame0085_ForcepTipToForcep-SequenceTransform =0.699526 5.55112e-17 -0.714607 -93.8638 -0.573602 0.596408 -0.561496 -77.4251 0.426198 0.802681 0.417203 64.7054 0 0 0 1 
Seq_Frame0085_ForcepTipToForcep-SequenceTransformStatus = OK
Seq_Frame0085_Timestamp = 13.822
Seq_Frame0086_ForcepTipToForcep-SequenceTransform =0.699526 5.55112e-17 -0.714607 -93.8638 -0.573602 0.596408 -0.561496 -77.4251 0.426198 0.802681 0.417203 64.7054 0 0 0 1 
Seq_Frame0086_ForcepTipToForcep-SequenceTransformStatus = OK
Seq_Frame0086_Timestamp = 13.932
Seq_Frame0087_ForcepTipToForcep-SequenceTransform =0.699526 5.55112e-17 -0.714607 -93.8638 -0.573602 0.596408 -0.561496 -77.4251 0.426198 0.802681 0.417203 64.7054 0 0 0 1 
Seq_Frame0087_ForcepTipToForcep-SequenceTransformStatus = OK
Seq_Frame0087_Timestamp = 14.037
Seq_Frame0088_ForcepTipToForcep-SequenceTransform =0.699526 5.55112e-17 -0.714607 -93.8638 -0.573602 0.596408 -0.561496 -77.4251 0.426198 0.802681 0.417203 64.7054 0 0 0 1 
Seq_Frame0088_ForcepTipToForcep-SequenceTransformStatus = OK
Seq_Frame0088_Timestamp = 14.143
Seq_Frame0089_ForcepTipToForcep-SequenceTransform =0.699526 5.55112e-17 -0.714607 -93.8638 -0.573602 0.596408 -0.561496 -77.4251 0.426198 0.802681 0.417203 64.7054 0 0 0 1 
Seq_Frame0089_ForcepTipToForcep-SequenceTransformStatus = OK
Seq_Frame0089_Timestamp = 14.247
Seq_Frame0090_ForcepTipToForcep-SequenceTransform =0.699526 5.55112e-17 -0.714607 -93.8638 -0.573602 0.596408 -0.561496 -77.4251 0.426198 0.802681 0.417203 64.7054 0 0 0 1 
Seq_Frame0090_ForcepTipToForcep-SequenceTransformStatus = OK
Seq_Frame0090_Timestamp = 14.353
Seq_Frame0091_ForcepTipToForcep-SequenceTransform =0.699526 5.55112e-17 -0.714607 -93.8638 -0.573602 0.596408 -0.561496 -77.4251 0.426198 0.802681 0.417203 64.7054 0 0 0 1 
Seq_Frame0091_ForcepTipToForcep-SequenceTransformStatus = OK
Seq_Frame0091_Timestamp = 14.462
Seq_Frame0092_ForcepTipToForcep-SequenceTransform =0.699526 5.55112e-17 -0.714607 -93.8638 -0.573602 0.596408 -0.561496 -77.4251 0.426198 0.802681 0.417203 64.7054 0 0 0 1 
Seq_Frame0092_ForcepTipToForcep-SequenceTransformStatus = OK
Seq_Frame0092_Timestamp = 14.573
Seq_Frame0093_ForcepTipToForcep-SequenceTransform =0.699526 5.55112e-17 -0.714607 -93.8638 -0.573602 0.596408 -0.561496 -77.4251 0.426198 0.802681 0.417203 64.7054 0 0 0 1 
Seq_Frame0093_ForcepTipToForcep-SequenceTransformStatus = OK
Seq_Frame0093_Timestamp = 14.693
Seq_Frame0094_ForcepTipToForcep-SequenceTransform =0.699526 5.55112e-17 -0.714607 -93.8638 -0.573602 0.596408 -0.561496 -77.4251 0.426198 0.802681 0.417203 64.7054 0 0 0 1 
Seq_Frame0094_ForcepTipToForcep-SequenceTransformStatus = OK
Seq_Frame0094_Timestamp = 14.802
Seq_Frame0095_ForcepTipToForcep-SequenceTransform =0.699526 5.55112e-17 -0.714607 -93.8638 -0.573602 0.596408 -0.561496 -77.4251 0.426198 0.802681 0.417203 64.7054 0 0 0 1 
Seq_Frame0095_ForcepTipToForcep-SequenceTransformStatus = OK
Seq_Frame0095_Timestamp = 14.913
Seq_Frame0096_ForcepTipToForcep-SequenceTransform =0.699526 5.55112e-17 -0.714607 -93.8638 -0.573602 0.596408 -0.561496 -77.4251 0.426198 0.802681 0.417203 64.7054 0 0 0 1 
Seq_Frame0096_ForcepTipToForcep-SequenceTransformStatus = OK
Seq_Frame0096_Timestamp = 15.017
Seq_Frame0097_ForcepTipToForcep-SequenceTransform =0.699526 5.55112e-17 -0.714607 -93.8638 -0.573602 0.596408 -0.561496 -77.4251 0.426198 0.802681 0.417203 64.7054 0 0 0 1 
Seq_Frame0097_ForcepTipToForcep-SequenceTransformStatus = OK
Seq_Frame0097_Timestamp = 15.168
Seq_Frame0098_ForcepTipToForcep-SequenceTransform =0.699526 5.55112e-17 -0.714607 -93.8638 -0.573602 0.596408 -0.561496 -77.4251 0.426198 0.802681 0.417203 64.7054 0 0 0 1 
Seq_Frame0098_ForcepTipToForcep-SequenceTransformStatus = OK
Seq_Frame0098_Timestamp = 15.363
Seq_Frame0099_ForcepTipToForcep-SequenceTransform =0.699526 5.55112e-17 -0.714607 -93.8638 -0.573602 0.596408 -0.561496 -77.4251 0.426198 0.802681 0.417203 64.7054 0 0 0 1 
Seq_Frame0099_ForcepTipToForcep-SequenceTransformStatus = OK
Seq_Frame0099_Timestamp = 15.468
Seq_Frame0100_ForcepTipToForcep-SequenceTransform =0.699526 5.55112e-17 -0.714607 -93.8638 -0.573602 0.596408 -0.561496 -77.4251 0.426198 0.802681 0.417203 64.7054 0 0 0 1 
Seq_Frame0100_ForcepTipToForcep-SequenceTransformStatus = OK
Seq_Frame0100_Timestamp = 15.575
Seq_Frame0101_ForcepTipToForcep-SequenceTransform =0.699526 5.55112e-17 -0.714607 -93.8638 -0.573602 0.596408 -0.561496 -77.4251 0.426198 0.802681 0.417203 64.7054 0 0 0 1 
Seq_Frame0101_ForcepTipToForcep-SequenceTransformStatus = OK
Seq_Frame0101_Timestamp = 15.728
Seq_Frame0102_ForcepTipToForcep-SequenceTransform =0.699526 5.55112e-17 -0.714607 -93.8638 -0.573602 0.596408 -0.561496 -77.4251 0.426198 0.802681 0.417203 64.7054 0 0 0 1 
Seq_Frame0102_ForcepTipToForcep-SequenceTransformStatus = OK
Seq_Frame0102_Timestamp = 15.832
Seq_Frame0103_ForcepTipToForcep-SequenceTransform =0.699526 5.55112e-17 -0.714607 -93.8638 -0.573602 0.596408 -0.561496 -77.4251 0.426198 0.802681 0.417203 64.7054 0 0 0 1 
Seq_Frame0103_ForcepTipToForcep-SequenceTransformStatus = OK
Seq_Frame0103_Timestamp = 15.938
Seq_Frame0104_ForcepTipToForcep-SequenceTransform =0.699526 5.55112e-17 -0.714607 -93.8638 -0.573602 0.596408 -0.561496 -77.4251 0.426198 0.802681 0.417203 64.7054 0 0 0 1 
Seq_Frame0104_ForcepTipToForcep-SequenceTransformStatus = OK
Seq_Frame0104_Timestamp = 16.042
Seq_Frame0105_ForcepTipToForcep-SequenceTransform =0.699526 5.55112e-17 -0.714607 -93.8638 -0.573602 0.596408 -0.561496 -77.4251 0.426198 0.802681 0.417203 64.7054 0 0 0 1 
Seq_Frame0105_ForcepTipToForcep-SequenceTransformStatus = OK
Seq_Frame0105_Timestamp = 16.148
Seq_Frame0106_ForcepTipToForcep-SequenceTransform =0.699526 5.55112e-17 -0.714607 -93.8638 -0.573602 0.596408 -0.561496 -77.4251 0.426198 0.802681 0.417203 64.7054 0 0 0 1 
Seq_Frame0106_ForcepTipToForcep-SequenceTransformStatus = OK
Seq_Frame0106_Timestamp = 16.252
Seq_Frame0107_ForcepTipToForcep-SequenceTransform =0.699526 5.55112e-17 -0.714607 -93.8638 -0.573602 0.596408 -0.561496 -77.4251 0.426198 0.802681 0.417203 64.7054 0 0 0 1 
Seq_Frame0107_ForcepTipToForcep-SequenceTransformStatus = OK
Seq_Frame0107_Timestamp = 17.523
Seq_Frame0108_ForcepTipToForcep-SequenceTransform =0.699526 5.55112e-17 -0.714607 -93.8638 -0.573602 0.596408 -0.561496 -77.4251 0.426198 0.802681 0.417203 64.7054 0 0 0 1 
Seq_Frame0108_ForcepTipToForcep-SequenceTransformStatus = OK
Seq_Frame0108_Timestamp = 17.628
Seq_Frame0109_ForcepTipToForcep-SequenceTransform =0.699526 5.55112e-17 -0.714607 -93.8638 -0.573602 0.596408 -0.561496 -77.4251 0.426198 0.802681 0.417203 64.7054 0 0 0 1 
Seq_Frame0109_ForcepTipToForcep-SequenceTransformStatus = OK
Seq_Frame0109_Timestamp = 17.733
Seq_Frame0110_ForcepTipToForcep-SequenceTransform =0.699526 5.55112e-17 -0.714607 -93.8638 -0.573602 0.596408 -0.561496 -77.4251 0.426198 0.802681 0.417203 64.7054 0 0 0 1 
Seq_Frame0110_ForcepTipToForcep-SequenceTransformStatus = OK
Seq_Frame0110_Timestamp = 17.837
Seq_Frame0111_ForcepTipToForcep-SequenceTransform =0.699526 5.55112e-17 -0.714607 -93.8638 -0.573602 0.596408 -0.561496 -77.4251 0.426198 0.802681 0.417203 64.7054 0 0 0 1 
Seq_Frame0111_ForcepTipToForcep-SequenceTransformStatus = OK
Seq_Frame0111_Timestamp = 17.949
Seq_Frame0112_ForcepTipToForcep-SequenceTransform =0.699526 5.55112e-17 -0.714607 -93.8638 -0.573602 0.596408 -0.561496 -77.4251 0.426198 0.802681 0.417203 64.7054 0 0 0 1 
Seq_Frame0112_ForcepTipToForcep-SequenceTransformStatus = OK
Seq_Frame0112_Timestamp = 18.057
Seq_Frame0113_ForcepTipToForcep-SequenceTransform =0.699526 5.55112e-17 -0.714607 -93.8638 -0.573602 0.596408 -0.561496 -77.4251 0.426198 0.802681 0.417203 64.7054 0 0 0 1 
Seq_Frame0113_ForcepTipToForcep-SequenceTransformStatus = OK
Seq_Frame0113_Timestamp = 18.163
Seq_Frame0114_ForcepTipToForcep-SequenceTransform =0.699526 5.55112e-17 -0.714607 -93.8638 -0.573602 0.596408 -0.561496 -77.4251 0.426198 0.802681 0.417203 64.7054 0 0 0 1 
Seq_Frame0114_ForcepTipToForcep-SequenceTransformStatus = OK
Seq_Frame0114_Timestamp = 18.267
Seq_Frame0115_ForcepTipToForcep-SequenceTransform =0.699526 5.55112e-17 -0.714607 -93.8638 -0.573602 0.596408 -0.561496 -77.4251 0.426198 0.802681 0.417203 64.7054 0 0 0 1 
Seq_Frame0115_ForcepTipToForcep-SequenceTransformStatus = OK
Seq_Frame0115_Timestamp = 18.373
Seq_Frame0116_ForcepTipToForcep-SequenceTransform =0.699526 5.55112e-17 -0.714607 -93.8638 -0.573602 0.596408 -0.561496 -77.4251 0.426198 0.802681 0.417203 64.7054 0 0 0 1 
Seq_Frame0116_ForcepTipToForcep-SequenceTransformStatus = OK
Seq_Frame0116_Timestamp = 18.477
Seq_Frame0117_ForcepTipToForcep-SequenceTransform =0.699526 5.55112e-17 -0.714607 -93.8638 -0.573602 0.596408 -0.561496 -77.4251 0.426198 0.802681 0.417203 64.7054 0 0 0 1 
Seq_Frame0117_ForcepTipToForcep-SequenceTransformStatus = OK
Seq_Frame0117_Timestamp = 18.582
Seq_Frame0118_ForcepTipToForcep-SequenceTransform =0.699526 5.55112e-17 -0.714607 -93.8638 -0.573602 0.596408 -0.561496 -77.4251 0.426198 0.802681 0.417203 64.7054 0 0 0 1 
Seq_Frame0118_ForcepTipToForcep-SequenceTransformStatus = OK
Seq_Frame0118_Timestamp = 18.688
Seq_Frame0119_ForcepTipToForcep-SequenceTransform =0.699526 5.55112e-17 -0.714607 -93.8638 -0.573602 0.596408 -0.561496 -77.4251 0.426198 0.802681 0.417203 64.7054 0 0 0 1 
Seq_Frame0119_ForcepTipToForcep-SequenceTransformStatus = OK
Seq_Frame0119_Timestamp = 18.793
Seq_Frame0120_ForcepTipToForcep-SequenceTransform =0.699526 5.55112e-17 -0.714607 -93.8638 -0.573602 0.596408 -0.561496 -77.4251 0.426198 0.802681 0.417203 64.7054 0 0 0 1 
Seq_Frame0120_ForcepTipToForcep-SequenceTransformStatus = OK
Seq_Frame0120_Timestamp = 18.902
Seq_Frame0121_ForcepTipToForcep-SequenceTransform =0.699526 5.55112e-17 -0.714607 -93.8638 -0.573602 0.596408 -0.561496 -77.4251 0.426198 0.802681 0.417203 64.7054 0 0 0 1 
Seq_Frame0121_ForcepTipToForcep-SequenceTransformStatus = OK
Seq_Frame0121_Timestamp = 19.012
Seq_Frame0122_ForcepTipToForcep-SequenceTransform =0.699526 5.55112e-17 -0.714607 -93.8638 -0.573602 0.596408 -0.561496 -77.4251 0.426198 0.802681 0.417203 64.7054 0 0 0 1 
Seq_Frame0122_ForcepTipToForcep-SequenceTransformStatus = OK
Seq_Frame0122_Timestamp = 19.118
Seq_Frame0123_ForcepTipToForcep-SequenceTransform =0.699526 5.55112e-17 -0.714607 -93.8638 -0.573602 0.596408 -0.561496 -77.4251 0.426198 0.802681 0.417203 64.7054 0 0 0 1 
Seq_Frame0123_ForcepTipToForcep-SequenceTransformStatus = OK
Seq_Frame0123_Timestamp = 19.232
Seq_Frame0124_ForcepTipToForcep-SequenceTransform =0.699526 5.55112e-17 -0.714607 -93.8638 -0.573602 0.596408 -0.561496 -77.4251 0.426198 0.802681 0.417203 64.7054 0 0 0 1 
Seq_Frame0124_ForcepTipToForcep-SequenceTransformStatus = OK
Seq_Frame0124_Timestamp = 19.338
Seq_Frame0125_ForcepTipToForcep-SequenceTransform =0.699526 5.55112e-17 -0.714607 -93.8638 -0.573602 0.596408 -0.561496 -77.4251 0.426198 0.802681 0.417203 64.7054 0 0 0 1 
Seq_Frame0125_ForcepTipToForcep-SequenceTransformStatus = OK
Seq_Frame0125_Timestamp = 19.447
Seq_Frame0126_ForcepTipToForcep-SequenceTransform =0.699526 5.55112e-17 -0.714607 -93.8638 -0.573602 0.596408 -0.561496 -77.4251 0.426198 0.802681 0.417203 64.7054 0 0 0 1 
Seq_Frame0126_ForcepTipToForcep-SequenceTransformStatus = OK
Seq_Frame0126_Timestamp = 19.55
Seq_Frame0127_ForcepTipToForcep-SequenceTransform =0.699526 5.55112e-17 -0.714607 -93.8638 -0.573602 0.596408 -0.561496 -77.4251 0.426198 0.802681 0.417203 64.7054 0 0 0 1 
Seq_Frame0127_ForcepTipToForcep-SequenceTransformStatus = OK
Seq_Frame0127_Timestamp = 19.658
Seq_Frame0128_ForcepTipToForcep-SequenceTransform =0.699526 5.55112e-17 -0.714607 -93.8638 -0.573602 0.596408 -0.561496 -77.4251 0.426198 0.802681 0.417203 64.7054 0 0 0 1 
Seq_Frame0128_ForcepTipToForcep-SequenceTransformStatus = OK
Seq_Frame0128_Timestamp = 19.763
Seq_Frame0129_ForcepTipToForcep-SequenceTransform =0.699526 5.55112e-17 -0.714607 -93.8638 -0.573602 0.596408 -0.561496 -77.4251 0.426198 0.802681 0.417203 64.7054 0 0 0 1 
Seq_Frame0129_ForcepTipToForcep-SequenceTransformStatus = OK
Seq_Frame0129_Timestamp = 19.868
Seq_Frame0130_ForcepTipToForcep-SequenceTransform =0.699526 5.55112e-17 -0.714607 -93.8638 -0.573602 0.596408 -0.561496 -77.4251 0.426198 0.802681 0.417203 64.7054 0 0 0 1 
Seq_Frame0130_ForcepTipToForcep-SequenceTransformStatus = OK
Seq_Frame0130_Timestamp = 19.972
Seq_Frame0131_ForcepTipToForcep-SequenceTransform =0.699526 5.55112e-17 -0.714607 -93.8638 -0.573602 0.596408 -0.561496 -77.4251 0.426198 0.802681 0.417203 64.7054 0 0 0 1 
Seq_Frame0131_ForcepTipToForcep-SequenceTransformStatus = OK
Seq_Frame0131_Timestamp = 20.078
Seq_Frame0132_ForcepTipToForcep-SequenceTransform =0.699526 5.55112e-17 -0.714607 -93.8638 -0.573602 0.596408 -0.561496 -77.4251 0.426198 0.802681 0.417203 64.7054 0 0 0 1 
Seq_Frame0132_ForcepTipToForcep-SequenceTransformStatus = OK
Seq_Frame0132_Timestamp = 20.182
Seq_Frame0133_ForcepTipToForcep-SequenceTransform =0.699526 5.55112e-17 -0.714607 -93.8638 -0.573602 0.596408 -0.561496 -77.4251 0.426198 0.802681 0.417203 64.7054 0 0 0 1 
Seq_Frame0133_ForcepTipToForcep-SequenceTransformStatus = OK
Seq_Frame0133_Timestamp = 20.288
Seq_Frame0134_ForcepTipToForcep-SequenceTransform =0.699526 5.55112e-17 -0.714607 -93.8638 -0.573602 0.596408 -0.561496 -77.4251 0.426198 0.802681 0.417203 64.7054 0 0 0 1 
Seq_Frame0134_ForcepTipToForcep-SequenceTransformStatus = OK
Seq_Frame0134_Timestamp = 20.398
Seq_Frame0135_ForcepTipToForcep-SequenceTransform =0.699526 5.55112e-17 -0.714607 -93.8638 -0.573602 0.596408 -0.561496 -77.4251 0.426198 0.802681 0.417203 64.7054 0 0 0 1 
Seq_Frame0135_ForcepTipToForcep-SequenceTransformStatus = OK
Seq_Frame0135_Timestamp = 20.5
Seq_Frame0136_ForcepTipToForcep-SequenceTransform =0.699526 5.55112e-17 -0.714607 -93.8638 -0.573602 0.596408 -0.561496 -77.4251 0.426198 0.802681 0.417203 64.7054 0 0 0 1 
Seq_Frame0136_ForcepTipToForcep-SequenceTransformStatus = OK
Seq_Frame0136_Timestamp = 20.608
Seq_Frame0137_ForcepTipToForcep-SequenceTransform =0.699526 5.55112e-17 -0.714607 -93.8638 -0.573602 0.596408 -0.561496 -77.4251 0.426198 0.802681 0.417203 64.7054 0 0 0 1 
Seq_Frame0137_ForcepTipToForcep-SequenceTransformStatus = OK
Seq_Frame0137_Timestamp = 20.988
Seq_Frame0138_ForcepTipToForcep-SequenceTransform =0.699526 5.55112e-17 -0.714607 -93.8638 -0.573602 0.596408 -0.561496 -77.4251 0.426198 0.802681 0.417203 64.7054 0 0 0 1 
Seq_Frame0138_ForcepTipToForcep-SequenceTransformStatus = OK
Seq_Frame0138_Timestamp = 21.098
Seq_Frame0139_ForcepTipToForcep-SequenceTransform =0.699526 5.55112e-17 -0.714607 -93.8638 -0.573602 0.596408 -0.561496 -77.4251 0.426198 0.802681 0.417203 64.7054 0 0 0 1 
Seq_Frame0139_ForcepTipToForcep-SequenceTransformStatus = OK
Seq_Frame0139_Timestamp = 21.202
Seq_Frame0140_ForcepTipToForcep-SequenceTransform =0.699526 5.55112e-17 -0.714607 -93.8638 -0.573602 0.596408 -0.561496 -77.4251 0.426198 0.802681 0.417203 64.7054 0 0 0 1 
Seq_Frame0140_ForcepTipToForcep-SequenceTransformStatus = OK
Seq_Frame0140_Timestamp = 21.308
Seq_Frame0141_ForcepTipToForcep-SequenceTransform =0.699526 5.55112e-17 -0.714607 -93.8638 -0.573602 0.596408 -0.561496 -77.4251 0.426198 0.802681 0.417203 64.7054 0 0 0 1 
Seq_Frame0141_ForcepTipToForcep-SequenceTransformStatus = OK
Seq_Frame0141_Timestamp = 21.412
Seq_Frame0142_ForcepTipToForcep-SequenceTransform =0.699526 5.55112e-17 -0.714607 -93.8638 -0.573602 0.596408 -0.561496 -77.4251 0.426198 0.802681 0.417203 64.7054 0 0 0 1 
Seq_Frame0142_ForcepTipToForcep-SequenceTransformStatus = OK
Seq_Frame0142_Timestamp = 21.518
Seq_Frame0143_ForcepTipToForcep-SequenceTransform =0.699526 5.55112e-17 -0.714607 -93.8638 -0.573602 0.596408 -0.561496 -77.4251 0.426198 0.802681 0.417203 64.7054 0 0 0 1 
Seq_Frame0143_ForcepTipToForcep-SequenceTransformStatus = OK
Seq_Frame0143_Timestamp = 21.625
Seq_Frame0144_ForcepTipToForcep-SequenceTransform =0.699526 5.55112e-17 -0.714607 -93.8638 -0.573602 0.596408 -0.561496 -77.4251 0.426198 0.802681 0.417203 64.7054 0 0 0 1 
Seq_Frame0144_ForcepTipToForcep-SequenceTransformStatus = OK
Seq_Frame0144_Timestamp = 21.733
Seq_Frame0145_ForcepTipToForcep-SequenceTransform =0.699526 5.55112e-17 -0.714607 -93.8638 -0.573602 0.596408 -0.561496 -77.4251 0.426198 0.802681 0.417203 64.7054 0 0 0 1 
Seq_Frame0145_ForcepTipToForcep-SequenceTransformStatus = OK
Seq_Frame0145_Timestamp = 21.838
Seq_Frame0146_ForcepTipToForcep-SequenceTransform =0.699526 5.55112e-17 -0.714607 -93.8638 -0.573602 0.596408 -0.561496 -77.4251 0.426198 0.802681 0.417203 64.7054 0 0 0 1 
Seq_Frame0146_ForcepTipToForcep-SequenceTransformStatus = OK
Seq_Frame0146_Timestamp = 21.944
Seq_Frame0147_ForcepTipToForcep-SequenceTransform =0.699526 5.55112e-17 -0.714607 -93.8638 -0.573602 0.596408 -0.561496 -77.4251 0.426198 0.802681 0.417203 64.7054 0 0 0 1 
Seq_Frame0147_ForcepTipToForcep-SequenceTransformStatus = OK
Seq_Frame0147_Timestamp = 22.377
Seq_Frame0148_ForcepTipToForcep-SequenceTransform =0.699526 5.55112e-17 -0.714607 -93.8638 -0.573602 0.596408 -0.561496 -77.4251 0.426198 0.802681 0.417203 64.7054 0 0 0 1 
Seq_Frame0148_ForcepTipToForcep-SequenceTransformStatus = OK
Seq_Frame0148_Timestamp = 22.492
