ObjectType = Image
NDims = 3
AnatomicalOrientation = RAI
BinaryData = True
CompressedData = False
DimSize = 0 0 2946
ElementSpacing = 1 1 1
Offset = 0 0 0
TransformMatrix = 1 0 0 0 1 0 0 0 1
ElementType = MET_UCHAR
Kinds = domain domain list
Seq_Frame0000_DriverToReference-SequenceTransform =0.725693 0.675721 -0.129501 55.4847 0.49551 -0.382719 0.779741 10.3127 0.477324 -0.630022 -0.612564 25.2209 0 0 0 1 
Seq_Frame0000_DriverToReference-SequenceTransformStatus = OK
Seq_Frame0000_Timestamp = 0.0239999
Seq_Frame0001_DriverToReference-SequenceTransform =0.726137 0.674824 -0.131671 55.5112 0.495758 -0.381197 0.780329 10.3436 0.476393 -0.631903 -0.61135 25.3192 0 0 0 1 
Seq_Frame0001_DriverToReference-SequenceTransformStatus = OK
Seq_Frame0001_Timestamp = 0.127
Seq_Frame0002_DriverToReference-SequenceTransform =0.725799 0.67526 -0.131298 55.5202 0.495414 -0.380672 0.780803 10.3679 0.477264 -0.631753 -0.610825 25.3297 0 0 0 1 
Seq_Frame0002_DriverToReference-SequenceTransformStatus = OK
Seq_Frame0002_Timestamp = 0.227
Seq_Frame0003_DriverToReference-SequenceTransform =0.726031 0.674998 -0.131365 55.5013 0.495105 -0.380529 0.781069 10.3594 0.477232 -0.63212 -0.610471 25.2591 0 0 0 1 
Seq_Frame0003_DriverToReference-SequenceTransformStatus = OK
Seq_Frame0003_Timestamp = 0.328
Seq_Frame0004_DriverToReference-SequenceTransform =0.726035 0.674904 -0.131824 55.5248 0.494985 -0.379846 0.781477 10.3936 0.477349 -0.632631 -0.609849 25.3563 0 0 0 1 
Seq_Frame0004_DriverToReference-SequenceTransformStatus = OK
Seq_Frame0004_Timestamp = 0.441
Seq_Frame0005_DriverToReference-SequenceTransform =0.725578 0.675795 -0.129759 55.4996 0.495221 -0.381868 0.780342 10.3758 0.4778 -0.630458 -0.611743 25.1877 0 0 0 1 
Seq_Frame0005_DriverToReference-SequenceTransformStatus = OK
Seq_Frame0005_Timestamp = 0.542
Seq_Frame0006_DriverToReference-SequenceTransform =0.725909 0.675385 -0.130045 55.5088 0.494412 -0.380958 0.781299 10.3225 0.478136 -0.631447 -0.610459 25.2754 0 0 0 1 
Seq_Frame0006_DriverToReference-SequenceTransformStatus = OK
Seq_Frame0006_Timestamp = 0.643
Seq_Frame0007_DriverToReference-SequenceTransform =0.726254 0.674911 -0.130577 55.5011 0.493848 -0.380108 0.782069 10.2813 0.478194 -0.632466 -0.609359 25.3212 0 0 0 1 
Seq_Frame0007_DriverToReference-SequenceTransformStatus = OK
Seq_Frame0007_Timestamp = 0.752
Seq_Frame0008_DriverToReference-SequenceTransform =0.726109 0.675084 -0.130489 55.4897 0.493794 -0.379925 0.782192 10.2748 0.47847 -0.632391 -0.609219 25.3723 0 0 0 1 
Seq_Frame0008_DriverToReference-SequenceTransformStatus = OK
Seq_Frame0008_Timestamp = 0.852
Seq_Frame0009_DriverToReference-SequenceTransform =0.726132 0.674741 -0.132127 55.4995 0.49609 -0.381104 0.780163 10.3459 0.476054 -0.632048 -0.611464 25.3138 0 0 0 1 
Seq_Frame0009_DriverToReference-SequenceTransformStatus = OK
Seq_Frame0009_Timestamp = 0.953
Seq_Frame0010_DriverToReference-SequenceTransform =0.725872 0.675009 -0.132183 55.5217 0.49601 -0.380548 0.780485 10.4361 0.476533 -0.632097 -0.61104 25.2571 0 0 0 1 
Seq_Frame0010_DriverToReference-SequenceTransformStatus = OK
Seq_Frame0010_Timestamp = 1.062
Seq_Frame0011_DriverToReference-SequenceTransform =0.725973 0.67502 -0.131571 55.5248 0.495896 -0.381254 0.780213 10.3986 0.476497 -0.631659 -0.61152 25.3343 0 0 0 1 
Seq_Frame0011_DriverToReference-SequenceTransformStatus = OK
Seq_Frame0011_Timestamp = 1.165
Seq_Frame0012_DriverToReference-SequenceTransform =0.702198 0.70203 -0.118626 55.9408 0.501115 -0.368964 0.782783 9.55502 0.505768 -0.609114 -0.610884 23.9339 0 0 0 1 
Seq_Frame0012_DriverToReference-SequenceTransformStatus = OK
Seq_Frame0012_Timestamp = 1.267
Seq_Frame0013_DriverToReference-SequenceTransform =0.711478 0.690862 -0.128486 52.5055 0.507009 -0.378081 0.774594 10.3423 0.486559 -0.61625 -0.61927 24.498 0 0 0 1 
Seq_Frame0013_DriverToReference-SequenceTransformStatus = OK
Seq_Frame0013_Timestamp = 1.368
Seq_Frame0014_DriverToReference-SequenceTransform =0.745994 0.663294 -0.0594542 50.0045 0.494417 -0.491819 0.716705 9.99255 0.446145 -0.564053 -0.694837 19.6576 0 0 0 1 
Seq_Frame0014_DriverToReference-SequenceTransformStatus = OK
Seq_Frame0014_Timestamp = 1.477
Seq_Frame0015_DriverToReference-SequenceTransform =0.854794 0.518872 0.00997365 42.2044 0.416007 -0.696569 0.584576 10.3572 0.310268 -0.495543 -0.811277 9.03689 0 0 0 1 
Seq_Frame0015_DriverToReference-SequenceTransformStatus = OK
Seq_Frame0015_Timestamp = 1.587
Seq_Frame0016_DriverToReference-SequenceTransform =0.868501 0.485795 0.0985348 41.3294 0.423199 -0.830194 0.362878 20.4236 0.258087 -0.27346 -0.926612 3.09521 0 0 0 1 
Seq_Frame0016_DriverToReference-SequenceTransformStatus = OK
Seq_Frame0016_Timestamp = 1.699
Seq_Frame0017_DriverToReference-SequenceTransform =0.670094 0.494064 -0.553962 34.4944 0.275199 -0.858477 -0.432761 45.9833 -0.689376 0.137541 -0.711227 19.7209 0 0 0 1 
Seq_Frame0017_DriverToReference-SequenceTransformStatus = OK
Seq_Frame0017_Timestamp = 1.801
Seq_Frame0018_DriverToReference-SequenceTransform =0.685767 0.52563 -0.503425 26.3617 0.104817 -0.755802 -0.646357 88.5069 -0.720234 0.390482 -0.573399 16.7527 0 0 0 1 
Seq_Frame0018_DriverToReference-SequenceTransformStatus = OK
Seq_Frame0018_Timestamp = 1.902
Seq_Frame0019_DriverToReference-SequenceTransform =0.812111 0.505374 -0.291672 21.675 0.0154557 -0.518319 -0.855048 132.262 -0.583298 0.689885 -0.428744 6.77255 0 0 0 1 
Seq_Frame0019_DriverToReference-SequenceTransformStatus = OK
Seq_Frame0019_Timestamp = 2.006
Seq_Frame0020_DriverToReference-SequenceTransform =0.812111 0.505374 -0.291672 21.675 0.0154557 -0.518319 -0.855048 132.262 -0.583298 0.689885 -0.428744 6.77255 0 0 0 1 
Seq_Frame0020_DriverToReference-SequenceTransformStatus = OK
Seq_Frame0020_Timestamp = 2.106
Seq_Frame0021_DriverToReference-SequenceTransform =0.812111 0.505374 -0.291672 21.675 0.0154557 -0.518319 -0.855048 132.262 -0.583298 0.689885 -0.428744 6.77255 0 0 0 1 
Seq_Frame0021_DriverToReference-SequenceTransformStatus = OK
Seq_Frame0021_Timestamp = 2.207
Seq_Frame0022_DriverToReference-SequenceTransform =0.812111 0.505374 -0.291672 21.675 0.0154557 -0.518319 -0.855048 132.262 -0.583298 0.689885 -0.428744 6.77255 0 0 0 1 
Seq_Frame0022_DriverToReference-SequenceTransformStatus = OK
Seq_Frame0022_Timestamp = 2.312
Seq_Frame0023_DriverToReference-SequenceTransform =0.812111 0.505374 -0.291672 21.675 0.0154557 -0.518319 -0.855048 132.262 -0.583298 0.689885 -0.428744 6.77255 0 0 0 1 
Seq_Frame0023_DriverToReference-SequenceTransformStatus = OK
Seq_Frame0023_Timestamp = 2.415
Seq_Frame0024_DriverToReference-SequenceTransform =0.812111 0.505374 -0.291672 21.675 0.0154557 -0.518319 -0.855048 132.262 -0.583298 0.689885 -0.428744 6.77255 0 0 0 1 
Seq_Frame0024_DriverToReference-SequenceTransformStatus = OK
Seq_Frame0024_Timestamp = 2.517
Seq_Frame0025_DriverToReference-SequenceTransform =0.812111 0.505374 -0.291672 21.675 0.0154557 -0.518319 -0.855048 132.262 -0.583298 0.689885 -0.428744 6.77255 0 0 0 1 
Seq_Frame0025_DriverToReference-SequenceTransformStatus = OK
Seq_Frame0025_Timestamp = 2.631
Seq_Frame0026_DriverToReference-SequenceTransform =0.812111 0.505374 -0.291672 21.675 0.0154557 -0.518319 -0.855048 132.262 -0.583298 0.689885 -0.428744 6.77255 0 0 0 1 
Seq_Frame0026_DriverToReference-SequenceTransformStatus = OK
Seq_Frame0026_Timestamp = 2.736
Seq_Frame0027_DriverToReference-SequenceTransform =0.812111 0.505374 -0.291672 21.675 0.0154557 -0.518319 -0.855048 132.262 -0.583298 0.689885 -0.428744 6.77255 0 0 0 1 
Seq_Frame0027_DriverToReference-SequenceTransformStatus = OK
Seq_Frame0027_Timestamp = 2.846
Seq_Frame0028_DriverToReference-SequenceTransform =0.812111 0.505374 -0.291672 21.675 0.0154557 -0.518319 -0.855048 132.262 -0.583298 0.689885 -0.428744 6.77255 0 0 0 1 
Seq_Frame0028_DriverToReference-SequenceTransformStatus = OK
Seq_Frame0028_Timestamp = 2.951
Seq_Frame0029_DriverToReference-SequenceTransform =0.812111 0.505374 -0.291672 21.675 0.0154557 -0.518319 -0.855048 132.262 -0.583298 0.689885 -0.428744 6.77255 0 0 0 1 
Seq_Frame0029_DriverToReference-SequenceTransformStatus = OK
Seq_Frame0029_Timestamp = 3.052
Seq_Frame0030_DriverToReference-SequenceTransform =0.812111 0.505374 -0.291672 21.675 0.0154557 -0.518319 -0.855048 132.262 -0.583298 0.689885 -0.428744 6.77255 0 0 0 1 
Seq_Frame0030_DriverToReference-SequenceTransformStatus = OK
Seq_Frame0030_Timestamp = 3.152
Seq_Frame0031_DriverToReference-SequenceTransform =0.812111 0.505374 -0.291672 21.675 0.0154557 -0.518319 -0.855048 132.262 -0.583298 0.689885 -0.428744 6.77255 0 0 0 1 
Seq_Frame0031_DriverToReference-SequenceTransformStatus = OK
Seq_Frame0031_Timestamp = 3.262
Seq_Frame0032_DriverToReference-SequenceTransform =0.812111 0.505374 -0.291672 21.675 0.0154557 -0.518319 -0.855048 132.262 -0.583298 0.689885 -0.428744 6.77255 0 0 0 1 
Seq_Frame0032_DriverToReference-SequenceTransformStatus = OK
Seq_Frame0032_Timestamp = 3.362
Seq_Frame0033_DriverToReference-SequenceTransform =0.812111 0.505374 -0.291672 21.675 0.0154557 -0.518319 -0.855048 132.262 -0.583298 0.689885 -0.428744 6.77255 0 0 0 1 
Seq_Frame0033_DriverToReference-SequenceTransformStatus = OK
Seq_Frame0033_Timestamp = 3.467
Seq_Frame0034_DriverToReference-SequenceTransform =0.812111 0.505374 -0.291672 21.675 0.0154557 -0.518319 -0.855048 132.262 -0.583298 0.689885 -0.428744 6.77255 0 0 0 1 
Seq_Frame0034_DriverToReference-SequenceTransformStatus = OK
Seq_Frame0034_Timestamp = 3.577
Seq_Frame0035_DriverToReference-SequenceTransform =0.812111 0.505374 -0.291672 21.675 0.0154557 -0.518319 -0.855048 132.262 -0.583298 0.689885 -0.428744 6.77255 0 0 0 1 
Seq_Frame0035_DriverToReference-SequenceTransformStatus = OK
Seq_Frame0035_Timestamp = 3.687
Seq_Frame0036_DriverToReference-SequenceTransform =0.812111 0.505374 -0.291672 21.675 0.0154557 -0.518319 -0.855048 132.262 -0.583298 0.689885 -0.428744 6.77255 0 0 0 1 
Seq_Frame0036_DriverToReference-SequenceTransformStatus = OK
Seq_Frame0036_Timestamp = 3.787
Seq_Frame0037_DriverToReference-SequenceTransform =-0.236673 -0.97142 -0.0181467 57.1598 0.494731 -0.136567 0.858249 246.524 -0.836198 0.194147 0.512913 72.0075 0 0 0 1 
Seq_Frame0037_DriverToReference-SequenceTransformStatus = OK
Seq_Frame0037_Timestamp = 3.892
Seq_Frame0038_DriverToReference-SequenceTransform =0.996567 0.0780709 0.0275406 72.6499 0.0568967 -0.404252 -0.912876 243.483 -0.0601357 0.91131 -0.407306 80.6072 0 0 0 1 
Seq_Frame0038_DriverToReference-SequenceTransformStatus = OK
Seq_Frame0038_Timestamp = 3.998
Seq_Frame0039_DriverToReference-SequenceTransform =0.974674 0.128786 0.182826 89.4139 0.219196 -0.388155 -0.895147 241.892 -0.0443179 0.912551 -0.406554 95.0309 0 0 0 1 
Seq_Frame0039_DriverToReference-SequenceTransformStatus = OK
Seq_Frame0039_Timestamp = 4.102
Seq_Frame0040_DriverToReference-SequenceTransform =0.958411 0.146922 0.244668 102.232 0.282786 -0.373307 -0.883557 241.032 -0.0384775 0.916 -0.399329 109.539 0 0 0 1 
Seq_Frame0040_DriverToReference-SequenceTransformStatus = OK
Seq_Frame0040_Timestamp = 4.212
Seq_Frame0041_DriverToReference-SequenceTransform =0.907392 0.334696 0.254202 113.229 0.377931 -0.385176 -0.841907 255.504 -0.18387 0.860011 -0.475998 121.089 0 0 0 1 
Seq_Frame0041_DriverToReference-SequenceTransformStatus = OK
Seq_Frame0041_Timestamp = 4.313
Seq_Frame0042_DriverToReference-SequenceTransform =0.991449 0.109444 0.0710734 120.793 0.116567 -0.497902 -0.859363 277.589 -0.0586643 0.8603 -0.506402 128.995 0 0 0 1 
Seq_Frame0042_DriverToReference-SequenceTransformStatus = OK
Seq_Frame0042_Timestamp = 4.415
Seq_Frame0043_DriverToReference-SequenceTransform =0.999285 -0.0238579 0.029322 119.3 0.0146756 -0.46999 -0.88255 284.161 0.0348368 0.882349 -0.469304 146.635 0 0 0 1 
Seq_Frame0043_DriverToReference-SequenceTransformStatus = OK
Seq_Frame0043_Timestamp = 4.516
Seq_Frame0044_DriverToReference-SequenceTransform =0.991669 0.091768 0.0903957 126.587 0.115025 -0.314974 -0.942104 276.708 -0.0579828 0.944653 -0.322905 169.759 0 0 0 1 
Seq_Frame0044_DriverToReference-SequenceTransformStatus = OK
Seq_Frame0044_Timestamp = 4.623
Seq_Frame0045_DriverToReference-SequenceTransform =0.992576 -0.0241341 -0.119205 121.857 -0.121596 -0.217783 -0.968393 287.123 -0.0025896 0.975699 -0.219101 192.834 0 0 0 1 
Seq_Frame0045_DriverToReference-SequenceTransformStatus = OK
Seq_Frame0045_Timestamp = 4.727
Seq_Frame0046_DriverToReference-SequenceTransform =0.994701 -0.0150821 -0.101695 119.783 -0.102645 -0.201264 -0.974144 286.706 -0.0057753 0.979421 -0.201745 198.014 0 0 0 1 
Seq_Frame0046_DriverToReference-SequenceTransformStatus = OK
Seq_Frame0046_Timestamp = 4.837
Seq_Frame0047_DriverToReference-SequenceTransform =0.994701 -0.0150821 -0.101695 119.783 -0.102645 -0.201264 -0.974144 286.706 -0.0057753 0.979421 -0.201745 198.014 0 0 0 1 
Seq_Frame0047_DriverToReference-SequenceTransformStatus = OK
Seq_Frame0047_Timestamp = 4.948
Seq_Frame0048_DriverToReference-SequenceTransform =0.994701 -0.0150821 -0.101695 119.783 -0.102645 -0.201264 -0.974144 286.706 -0.0057753 0.979421 -0.201745 198.014 0 0 0 1 
Seq_Frame0048_DriverToReference-SequenceTransformStatus = OK
Seq_Frame0048_Timestamp = 5.051
Seq_Frame0049_DriverToReference-SequenceTransform =0.994701 -0.0150821 -0.101695 119.783 -0.102645 -0.201264 -0.974144 286.706 -0.0057753 0.979421 -0.201745 198.014 0 0 0 1 
Seq_Frame0049_DriverToReference-SequenceTransformStatus = OK
Seq_Frame0049_Timestamp = 5.156
Seq_Frame0050_DriverToReference-SequenceTransform =0.994701 -0.0150821 -0.101695 119.783 -0.102645 -0.201264 -0.974144 286.706 -0.0057753 0.979421 -0.201745 198.014 0 0 0 1 
Seq_Frame0050_DriverToReference-SequenceTransformStatus = OK
Seq_Frame0050_Timestamp = 5.257
Seq_Frame0051_DriverToReference-SequenceTransform =0.994701 -0.0150821 -0.101695 119.783 -0.102645 -0.201264 -0.974144 286.706 -0.0057753 0.979421 -0.201745 198.014 0 0 0 1 
Seq_Frame0051_DriverToReference-SequenceTransformStatus = OK
Seq_Frame0051_Timestamp = 5.372
Seq_Frame0052_DriverToReference-SequenceTransform =0.918635 0.288454 0.270009 150.719 0.0467338 0.599257 -0.799191 289.969 -0.392335 0.746783 0.537018 284.718 0 0 0 1 
Seq_Frame0052_DriverToReference-SequenceTransformStatus = OK
Seq_Frame0052_Timestamp = 5.477
Seq_Frame0053_DriverToReference-SequenceTransform =0.958438 0.285193 0.00785655 150.117 -0.149441 0.525298 -0.837693 295.937 -0.243031 0.801703 0.546085 273.551 0 0 0 1 
Seq_Frame0053_DriverToReference-SequenceTransformStatus = OK
Seq_Frame0053_Timestamp = 5.59
Seq_Frame0054_DriverToReference-SequenceTransform =0.958438 0.285193 0.00785655 150.117 -0.149441 0.525298 -0.837693 295.937 -0.243031 0.801703 0.546085 273.551 0 0 0 1 
Seq_Frame0054_DriverToReference-SequenceTransformStatus = OK
Seq_Frame0054_Timestamp = 5.698
Seq_Frame0055_DriverToReference-SequenceTransform =0.958438 0.285193 0.00785655 150.117 -0.149441 0.525298 -0.837693 295.937 -0.243031 0.801703 0.546085 273.551 0 0 0 1 
Seq_Frame0055_DriverToReference-SequenceTransformStatus = OK
Seq_Frame0055_Timestamp = 5.802
Seq_Frame0056_DriverToReference-SequenceTransform =0.958438 0.285193 0.00785655 150.117 -0.149441 0.525298 -0.837693 295.937 -0.243031 0.801703 0.546085 273.551 0 0 0 1 
Seq_Frame0056_DriverToReference-SequenceTransformStatus = OK
Seq_Frame0056_Timestamp = 5.902
Seq_Frame0057_DriverToReference-SequenceTransform =0.958438 0.285193 0.00785655 150.117 -0.149441 0.525298 -0.837693 295.937 -0.243031 0.801703 0.546085 273.551 0 0 0 1 
Seq_Frame0057_DriverToReference-SequenceTransformStatus = OK
Seq_Frame0057_Timestamp = 6.012
Seq_Frame0058_DriverToReference-SequenceTransform =0.958438 0.285193 0.00785655 150.117 -0.149441 0.525298 -0.837693 295.937 -0.243031 0.801703 0.546085 273.551 0 0 0 1 
Seq_Frame0058_DriverToReference-SequenceTransformStatus = OK
Seq_Frame0058_Timestamp = 6.117
Seq_Frame0059_DriverToReference-SequenceTransform =0.958438 0.285193 0.00785655 150.117 -0.149441 0.525298 -0.837693 295.937 -0.243031 0.801703 0.546085 273.551 0 0 0 1 
Seq_Frame0059_DriverToReference-SequenceTransformStatus = OK
Seq_Frame0059_Timestamp = 6.217
Seq_Frame0060_DriverToReference-SequenceTransform =0.958438 0.285193 0.00785655 150.117 -0.149441 0.525298 -0.837693 295.937 -0.243031 0.801703 0.546085 273.551 0 0 0 1 
Seq_Frame0060_DriverToReference-SequenceTransformStatus = OK
Seq_Frame0060_Timestamp = 6.322
Seq_Frame0061_DriverToReference-SequenceTransform =0.958438 0.285193 0.00785655 150.117 -0.149441 0.525298 -0.837693 295.937 -0.243031 0.801703 0.546085 273.551 0 0 0 1 
Seq_Frame0061_DriverToReference-SequenceTransformStatus = OK
Seq_Frame0061_Timestamp = 6.432
Seq_Frame0062_DriverToReference-SequenceTransform =0.958438 0.285193 0.00785655 150.117 -0.149441 0.525298 -0.837693 295.937 -0.243031 0.801703 0.546085 273.551 0 0 0 1 
Seq_Frame0062_DriverToReference-SequenceTransformStatus = OK
Seq_Frame0062_Timestamp = 6.537
Seq_Frame0063_DriverToReference-SequenceTransform =0.958438 0.285193 0.00785655 150.117 -0.149441 0.525298 -0.837693 295.937 -0.243031 0.801703 0.546085 273.551 0 0 0 1 
Seq_Frame0063_DriverToReference-SequenceTransformStatus = OK
Seq_Frame0063_Timestamp = 6.648
Seq_Frame0064_DriverToReference-SequenceTransform =0.958438 0.285193 0.00785655 150.117 -0.149441 0.525298 -0.837693 295.937 -0.243031 0.801703 0.546085 273.551 0 0 0 1 
Seq_Frame0064_DriverToReference-SequenceTransformStatus = OK
Seq_Frame0064_Timestamp = 6.757
Seq_Frame0065_DriverToReference-SequenceTransform =0.958438 0.285193 0.00785655 150.117 -0.149441 0.525298 -0.837693 295.937 -0.243031 0.801703 0.546085 273.551 0 0 0 1 
Seq_Frame0065_DriverToReference-SequenceTransformStatus = OK
Seq_Frame0065_Timestamp = 6.858
Seq_Frame0066_DriverToReference-SequenceTransform =0.958438 0.285193 0.00785655 150.117 -0.149441 0.525298 -0.837693 295.937 -0.243031 0.801703 0.546085 273.551 0 0 0 1 
Seq_Frame0066_DriverToReference-SequenceTransformStatus = OK
Seq_Frame0066_Timestamp = 6.967
Seq_Frame0067_DriverToReference-SequenceTransform =0.958438 0.285193 0.00785655 150.117 -0.149441 0.525298 -0.837693 295.937 -0.243031 0.801703 0.546085 273.551 0 0 0 1 
Seq_Frame0067_DriverToReference-SequenceTransformStatus = OK
Seq_Frame0067_Timestamp = 7.077
Seq_Frame0068_DriverToReference-SequenceTransform =0.958438 0.285193 0.00785655 150.117 -0.149441 0.525298 -0.837693 295.937 -0.243031 0.801703 0.546085 273.551 0 0 0 1 
Seq_Frame0068_DriverToReference-SequenceTransformStatus = OK
Seq_Frame0068_Timestamp = 7.181
Seq_Frame0069_DriverToReference-SequenceTransform =0.958438 0.285193 0.00785655 150.117 -0.149441 0.525298 -0.837693 295.937 -0.243031 0.801703 0.546085 273.551 0 0 0 1 
Seq_Frame0069_DriverToReference-SequenceTransformStatus = OK
Seq_Frame0069_Timestamp = 7.282
Seq_Frame0070_DriverToReference-SequenceTransform =0.958438 0.285193 0.00785655 150.117 -0.149441 0.525298 -0.837693 295.937 -0.243031 0.801703 0.546085 273.551 0 0 0 1 
Seq_Frame0070_DriverToReference-SequenceTransformStatus = OK
Seq_Frame0070_Timestamp = 7.383
Seq_Frame0071_DriverToReference-SequenceTransform =0.958438 0.285193 0.00785655 150.117 -0.149441 0.525298 -0.837693 295.937 -0.243031 0.801703 0.546085 273.551 0 0 0 1 
Seq_Frame0071_DriverToReference-SequenceTransformStatus = OK
Seq_Frame0071_Timestamp = 7.491
Seq_Frame0072_DriverToReference-SequenceTransform =0.958438 0.285193 0.00785655 150.117 -0.149441 0.525298 -0.837693 295.937 -0.243031 0.801703 0.546085 273.551 0 0 0 1 
Seq_Frame0072_DriverToReference-SequenceTransformStatus = OK
Seq_Frame0072_Timestamp = 7.592
Seq_Frame0073_DriverToReference-SequenceTransform =0.958438 0.285193 0.00785655 150.117 -0.149441 0.525298 -0.837693 295.937 -0.243031 0.801703 0.546085 273.551 0 0 0 1 
Seq_Frame0073_DriverToReference-SequenceTransformStatus = OK
Seq_Frame0073_Timestamp = 7.696
Seq_Frame0074_DriverToReference-SequenceTransform =0.958438 0.285193 0.00785655 150.117 -0.149441 0.525298 -0.837693 295.937 -0.243031 0.801703 0.546085 273.551 0 0 0 1 
Seq_Frame0074_DriverToReference-SequenceTransformStatus = OK
Seq_Frame0074_Timestamp = 7.802
Seq_Frame0075_DriverToReference-SequenceTransform =0.958438 0.285193 0.00785655 150.117 -0.149441 0.525298 -0.837693 295.937 -0.243031 0.801703 0.546085 273.551 0 0 0 1 
Seq_Frame0075_DriverToReference-SequenceTransformStatus = OK
Seq_Frame0075_Timestamp = 7.915
Seq_Frame0076_DriverToReference-SequenceTransform =0.958438 0.285193 0.00785655 150.117 -0.149441 0.525298 -0.837693 295.937 -0.243031 0.801703 0.546085 273.551 0 0 0 1 
Seq_Frame0076_DriverToReference-SequenceTransformStatus = OK
Seq_Frame0076_Timestamp = 8.023
Seq_Frame0077_DriverToReference-SequenceTransform =0.958438 0.285193 0.00785655 150.117 -0.149441 0.525298 -0.837693 295.937 -0.243031 0.801703 0.546085 273.551 0 0 0 1 
Seq_Frame0077_DriverToReference-SequenceTransformStatus = OK
Seq_Frame0077_Timestamp = 8.127
Seq_Frame0078_DriverToReference-SequenceTransform =0.958438 0.285193 0.00785655 150.117 -0.149441 0.525298 -0.837693 295.937 -0.243031 0.801703 0.546085 273.551 0 0 0 1 
Seq_Frame0078_DriverToReference-SequenceTransformStatus = OK
Seq_Frame0078_Timestamp = 8.231
Seq_Frame0079_DriverToReference-SequenceTransform =0.958438 0.285193 0.00785655 150.117 -0.149441 0.525298 -0.837693 295.937 -0.243031 0.801703 0.546085 273.551 0 0 0 1 
Seq_Frame0079_DriverToReference-SequenceTransformStatus = OK
Seq_Frame0079_Timestamp = 8.333
Seq_Frame0080_DriverToReference-SequenceTransform =0.958438 0.285193 0.00785655 150.117 -0.149441 0.525298 -0.837693 295.937 -0.243031 0.801703 0.546085 273.551 0 0 0 1 
Seq_Frame0080_DriverToReference-SequenceTransformStatus = OK
Seq_Frame0080_Timestamp = 8.441
Seq_Frame0081_DriverToReference-SequenceTransform =0.958438 0.285193 0.00785655 150.117 -0.149441 0.525298 -0.837693 295.937 -0.243031 0.801703 0.546085 273.551 0 0 0 1 
Seq_Frame0081_DriverToReference-SequenceTransformStatus = OK
Seq_Frame0081_Timestamp = 8.542
Seq_Frame0082_DriverToReference-SequenceTransform =0.958438 0.285193 0.00785655 150.117 -0.149441 0.525298 -0.837693 295.937 -0.243031 0.801703 0.546085 273.551 0 0 0 1 
Seq_Frame0082_DriverToReference-SequenceTransformStatus = OK
Seq_Frame0082_Timestamp = 8.642
Seq_Frame0083_DriverToReference-SequenceTransform =0.958438 0.285193 0.00785655 150.117 -0.149441 0.525298 -0.837693 295.937 -0.243031 0.801703 0.546085 273.551 0 0 0 1 
Seq_Frame0083_DriverToReference-SequenceTransformStatus = OK
Seq_Frame0083_Timestamp = 8.752
Seq_Frame0084_DriverToReference-SequenceTransform =0.958438 0.285193 0.00785655 150.117 -0.149441 0.525298 -0.837693 295.937 -0.243031 0.801703 0.546085 273.551 0 0 0 1 
Seq_Frame0084_DriverToReference-SequenceTransformStatus = OK
Seq_Frame0084_Timestamp = 8.852
Seq_Frame0085_DriverToReference-SequenceTransform =0.958438 0.285193 0.00785655 150.117 -0.149441 0.525298 -0.837693 295.937 -0.243031 0.801703 0.546085 273.551 0 0 0 1 
Seq_Frame0085_DriverToReference-SequenceTransformStatus = OK
Seq_Frame0085_Timestamp = 8.965
Seq_Frame0086_DriverToReference-SequenceTransform =0.958438 0.285193 0.00785655 150.117 -0.149441 0.525298 -0.837693 295.937 -0.243031 0.801703 0.546085 273.551 0 0 0 1 
Seq_Frame0086_DriverToReference-SequenceTransformStatus = OK
Seq_Frame0086_Timestamp = 9.067
Seq_Frame0087_DriverToReference-SequenceTransform =0.958438 0.285193 0.00785655 150.117 -0.149441 0.525298 -0.837693 295.937 -0.243031 0.801703 0.546085 273.551 0 0 0 1 
Seq_Frame0087_DriverToReference-SequenceTransformStatus = OK
Seq_Frame0087_Timestamp = 9.171
Seq_Frame0088_DriverToReference-SequenceTransform =0.958438 0.285193 0.00785655 150.117 -0.149441 0.525298 -0.837693 295.937 -0.243031 0.801703 0.546085 273.551 0 0 0 1 
Seq_Frame0088_DriverToReference-SequenceTransformStatus = OK
Seq_Frame0088_Timestamp = 9.281
Seq_Frame0089_DriverToReference-SequenceTransform =0.958438 0.285193 0.00785655 150.117 -0.149441 0.525298 -0.837693 295.937 -0.243031 0.801703 0.546085 273.551 0 0 0 1 
Seq_Frame0089_DriverToReference-SequenceTransformStatus = OK
Seq_Frame0089_Timestamp = 9.387
Seq_Frame0090_DriverToReference-SequenceTransform =0.958438 0.285193 0.00785655 150.117 -0.149441 0.525298 -0.837693 295.937 -0.243031 0.801703 0.546085 273.551 0 0 0 1 
Seq_Frame0090_DriverToReference-SequenceTransformStatus = OK
Seq_Frame0090_Timestamp = 9.492
Seq_Frame0091_DriverToReference-SequenceTransform =0.958438 0.285193 0.00785655 150.117 -0.149441 0.525298 -0.837693 295.937 -0.243031 0.801703 0.546085 273.551 0 0 0 1 
Seq_Frame0091_DriverToReference-SequenceTransformStatus = OK
Seq_Frame0091_Timestamp = 9.592
Seq_Frame0092_DriverToReference-SequenceTransform =0.958438 0.285193 0.00785655 150.117 -0.149441 0.525298 -0.837693 295.937 -0.243031 0.801703 0.546085 273.551 0 0 0 1 
Seq_Frame0092_DriverToReference-SequenceTransformStatus = OK
Seq_Frame0092_Timestamp = 9.697
Seq_Frame0093_DriverToReference-SequenceTransform =0.958438 0.285193 0.00785655 150.117 -0.149441 0.525298 -0.837693 295.937 -0.243031 0.801703 0.546085 273.551 0 0 0 1 
Seq_Frame0093_DriverToReference-SequenceTransformStatus = OK
Seq_Frame0093_Timestamp = 9.807
Seq_Frame0094_DriverToReference-SequenceTransform =0.958438 0.285193 0.00785655 150.117 -0.149441 0.525298 -0.837693 295.937 -0.243031 0.801703 0.546085 273.551 0 0 0 1 
Seq_Frame0094_DriverToReference-SequenceTransformStatus = OK
Seq_Frame0094_Timestamp = 9.909
Seq_Frame0095_DriverToReference-SequenceTransform =0.958438 0.285193 0.00785655 150.117 -0.149441 0.525298 -0.837693 295.937 -0.243031 0.801703 0.546085 273.551 0 0 0 1 
Seq_Frame0095_DriverToReference-SequenceTransformStatus = OK
Seq_Frame0095_Timestamp = 10.017
Seq_Frame0096_DriverToReference-SequenceTransform =0.958438 0.285193 0.00785655 150.117 -0.149441 0.525298 -0.837693 295.937 -0.243031 0.801703 0.546085 273.551 0 0 0 1 
Seq_Frame0096_DriverToReference-SequenceTransformStatus = OK
Seq_Frame0096_Timestamp = 10.126
Seq_Frame0097_DriverToReference-SequenceTransform =0.958438 0.285193 0.00785655 150.117 -0.149441 0.525298 -0.837693 295.937 -0.243031 0.801703 0.546085 273.551 0 0 0 1 
Seq_Frame0097_DriverToReference-SequenceTransformStatus = OK
Seq_Frame0097_Timestamp = 10.227
Seq_Frame0098_DriverToReference-SequenceTransform =0.958438 0.285193 0.00785655 150.117 -0.149441 0.525298 -0.837693 295.937 -0.243031 0.801703 0.546085 273.551 0 0 0 1 
Seq_Frame0098_DriverToReference-SequenceTransformStatus = OK
Seq_Frame0098_Timestamp = 10.331
Seq_Frame0099_DriverToReference-SequenceTransform =0.958438 0.285193 0.00785655 150.117 -0.149441 0.525298 -0.837693 295.937 -0.243031 0.801703 0.546085 273.551 0 0 0 1 
Seq_Frame0099_DriverToReference-SequenceTransformStatus = OK
Seq_Frame0099_Timestamp = 10.44
Seq_Frame0100_DriverToReference-SequenceTransform =0.958438 0.285193 0.00785655 150.117 -0.149441 0.525298 -0.837693 295.937 -0.243031 0.801703 0.546085 273.551 0 0 0 1 
Seq_Frame0100_DriverToReference-SequenceTransformStatus = OK
Seq_Frame0100_Timestamp = 10.541
Seq_Frame0101_DriverToReference-SequenceTransform =0.958438 0.285193 0.00785655 150.117 -0.149441 0.525298 -0.837693 295.937 -0.243031 0.801703 0.546085 273.551 0 0 0 1 
Seq_Frame0101_DriverToReference-SequenceTransformStatus = OK
Seq_Frame0101_Timestamp = 10.642
Seq_Frame0102_DriverToReference-SequenceTransform =0.958438 0.285193 0.00785655 150.117 -0.149441 0.525298 -0.837693 295.937 -0.243031 0.801703 0.546085 273.551 0 0 0 1 
Seq_Frame0102_DriverToReference-SequenceTransformStatus = OK
Seq_Frame0102_Timestamp = 10.756
Seq_Frame0103_DriverToReference-SequenceTransform =0.958438 0.285193 0.00785655 150.117 -0.149441 0.525298 -0.837693 295.937 -0.243031 0.801703 0.546085 273.551 0 0 0 1 
Seq_Frame0103_DriverToReference-SequenceTransformStatus = OK
Seq_Frame0103_Timestamp = 10.856
Seq_Frame0104_DriverToReference-SequenceTransform =0.958438 0.285193 0.00785655 150.117 -0.149441 0.525298 -0.837693 295.937 -0.243031 0.801703 0.546085 273.551 0 0 0 1 
Seq_Frame0104_DriverToReference-SequenceTransformStatus = OK
Seq_Frame0104_Timestamp = 10.957
Seq_Frame0105_DriverToReference-SequenceTransform =0.958438 0.285193 0.00785655 150.117 -0.149441 0.525298 -0.837693 295.937 -0.243031 0.801703 0.546085 273.551 0 0 0 1 
Seq_Frame0105_DriverToReference-SequenceTransformStatus = OK
Seq_Frame0105_Timestamp = 11.067
Seq_Frame0106_DriverToReference-SequenceTransform =0.958438 0.285193 0.00785655 150.117 -0.149441 0.525298 -0.837693 295.937 -0.243031 0.801703 0.546085 273.551 0 0 0 1 
Seq_Frame0106_DriverToReference-SequenceTransformStatus = OK
Seq_Frame0106_Timestamp = 11.176
Seq_Frame0107_DriverToReference-SequenceTransform =0.958438 0.285193 0.00785655 150.117 -0.149441 0.525298 -0.837693 295.937 -0.243031 0.801703 0.546085 273.551 0 0 0 1 
Seq_Frame0107_DriverToReference-SequenceTransformStatus = OK
Seq_Frame0107_Timestamp = 11.287
Seq_Frame0108_DriverToReference-SequenceTransform =0.958438 0.285193 0.00785655 150.117 -0.149441 0.525298 -0.837693 295.937 -0.243031 0.801703 0.546085 273.551 0 0 0 1 
Seq_Frame0108_DriverToReference-SequenceTransformStatus = OK
Seq_Frame0108_Timestamp = 11.392
Seq_Frame0109_DriverToReference-SequenceTransform =0.958438 0.285193 0.00785655 150.117 -0.149441 0.525298 -0.837693 295.937 -0.243031 0.801703 0.546085 273.551 0 0 0 1 
Seq_Frame0109_DriverToReference-SequenceTransformStatus = OK
Seq_Frame0109_Timestamp = 11.501
Seq_Frame0110_DriverToReference-SequenceTransform =0.958438 0.285193 0.00785655 150.117 -0.149441 0.525298 -0.837693 295.937 -0.243031 0.801703 0.546085 273.551 0 0 0 1 
Seq_Frame0110_DriverToReference-SequenceTransformStatus = OK
Seq_Frame0110_Timestamp = 11.615
Seq_Frame0111_DriverToReference-SequenceTransform =0.958438 0.285193 0.00785655 150.117 -0.149441 0.525298 -0.837693 295.937 -0.243031 0.801703 0.546085 273.551 0 0 0 1 
Seq_Frame0111_DriverToReference-SequenceTransformStatus = OK
Seq_Frame0111_Timestamp = 11.723
Seq_Frame0112_DriverToReference-SequenceTransform =0.958438 0.285193 0.00785655 150.117 -0.149441 0.525298 -0.837693 295.937 -0.243031 0.801703 0.546085 273.551 0 0 0 1 
Seq_Frame0112_DriverToReference-SequenceTransformStatus = OK
Seq_Frame0112_Timestamp = 11.831
Seq_Frame0113_DriverToReference-SequenceTransform =-0.219427 -0.935847 -0.275758 93.8568 -0.767908 -0.00868058 0.640501 191.473 -0.601805 0.3523 -0.71674 236.706 0 0 0 1 
Seq_Frame0113_DriverToReference-SequenceTransformStatus = OK
Seq_Frame0113_Timestamp = 11.933
Seq_Frame0114_DriverToReference-SequenceTransform =-0.219427 -0.935847 -0.275758 93.8568 -0.767908 -0.00868058 0.640501 191.473 -0.601805 0.3523 -0.71674 236.706 0 0 0 1 
Seq_Frame0114_DriverToReference-SequenceTransformStatus = OK
Seq_Frame0114_Timestamp = 12.041
Seq_Frame0115_DriverToReference-SequenceTransform =-0.211625 -0.951327 -0.224034 96.1991 -0.806277 0.0403783 0.590159 193.065 -0.552388 0.305526 -0.775578 232.007 0 0 0 1 
Seq_Frame0115_DriverToReference-SequenceTransformStatus = OK
Seq_Frame0115_Timestamp = 12.142
Seq_Frame0116_DriverToReference-SequenceTransform =-0.169619 -0.977881 -0.122386 101.725 -0.801825 0.0647336 0.594042 195.613 -0.57298 0.198893 -0.79507 227.202 0 0 0 1 
Seq_Frame0116_DriverToReference-SequenceTransformStatus = OK
Seq_Frame0116_Timestamp = 12.247
Seq_Frame0117_DriverToReference-SequenceTransform =-0.147726 -0.988288 0.0382577 106.057 -0.804904 0.142613 0.576013 199.082 -0.574723 0.0542984 -0.816545 229.344 0 0 0 1 
Seq_Frame0117_DriverToReference-SequenceTransformStatus = OK
Seq_Frame0117_Timestamp = 12.352
Seq_Frame0118_DriverToReference-SequenceTransform =-0.139359 -0.983818 0.112608 105.705 -0.814768 0.17855 0.551609 199.78 -0.562789 -0.0148778 -0.826467 226.884 0 0 0 1 
Seq_Frame0118_DriverToReference-SequenceTransformStatus = OK
Seq_Frame0118_Timestamp = 12.456
Seq_Frame0119_DriverToReference-SequenceTransform =-0.140066 -0.982473 0.122995 102.492 -0.791357 0.185737 0.582457 195.078 -0.595093 -0.0157506 -0.803502 225.018 0 0 0 1 
Seq_Frame0119_DriverToReference-SequenceTransformStatus = OK
Seq_Frame0119_Timestamp = 12.559
Seq_Frame0120_DriverToReference-SequenceTransform =-0.132197 -0.982554 0.13081 100.446 -0.776547 0.184677 0.602387 193.56 -0.616035 -0.0219457 -0.787413 224.354 0 0 0 1 
Seq_Frame0120_DriverToReference-SequenceTransformStatus = OK
Seq_Frame0120_Timestamp = 12.667
Seq_Frame0121_DriverToReference-SequenceTransform =-0.132197 -0.982554 0.13081 100.446 -0.776547 0.184677 0.602387 193.56 -0.616035 -0.0219457 -0.787413 224.354 0 0 0 1 
Seq_Frame0121_DriverToReference-SequenceTransformStatus = OK
Seq_Frame0121_Timestamp = 12.767
Seq_Frame0122_DriverToReference-SequenceTransform =-0.132197 -0.982554 0.13081 100.446 -0.776547 0.184677 0.602387 193.56 -0.616035 -0.0219457 -0.787413 224.354 0 0 0 1 
Seq_Frame0122_DriverToReference-SequenceTransformStatus = OK
Seq_Frame0122_Timestamp = 12.877
Seq_Frame0123_DriverToReference-SequenceTransform =-0.132197 -0.982554 0.13081 100.446 -0.776547 0.184677 0.602387 193.56 -0.616035 -0.0219457 -0.787413 224.354 0 0 0 1 
Seq_Frame0123_DriverToReference-SequenceTransformStatus = OK
Seq_Frame0123_Timestamp = 12.981
Seq_Frame0124_DriverToReference-SequenceTransform =-0.132197 -0.982554 0.13081 100.446 -0.776547 0.184677 0.602387 193.56 -0.616035 -0.0219457 -0.787413 224.354 0 0 0 1 
Seq_Frame0124_DriverToReference-SequenceTransformStatus = OK
Seq_Frame0124_Timestamp = 13.097
Seq_Frame0125_DriverToReference-SequenceTransform =-0.132197 -0.982554 0.13081 100.446 -0.776547 0.184677 0.602387 193.56 -0.616035 -0.0219457 -0.787413 224.354 0 0 0 1 
Seq_Frame0125_DriverToReference-SequenceTransformStatus = OK
Seq_Frame0125_Timestamp = 13.207
Seq_Frame0126_DriverToReference-SequenceTransform =-0.132197 -0.982554 0.13081 100.446 -0.776547 0.184677 0.602387 193.56 -0.616035 -0.0219457 -0.787413 224.354 0 0 0 1 
Seq_Frame0126_DriverToReference-SequenceTransformStatus = OK
Seq_Frame0126_Timestamp = 13.308
Seq_Frame0127_DriverToReference-SequenceTransform =-0.132197 -0.982554 0.13081 100.446 -0.776547 0.184677 0.602387 193.56 -0.616035 -0.0219457 -0.787413 224.354 0 0 0 1 
Seq_Frame0127_DriverToReference-SequenceTransformStatus = OK
Seq_Frame0127_Timestamp = 13.415
Seq_Frame0128_DriverToReference-SequenceTransform =-0.132197 -0.982554 0.13081 100.446 -0.776547 0.184677 0.602387 193.56 -0.616035 -0.0219457 -0.787413 224.354 0 0 0 1 
Seq_Frame0128_DriverToReference-SequenceTransformStatus = OK
Seq_Frame0128_Timestamp = 13.527
Seq_Frame0129_DriverToReference-SequenceTransform =-0.132197 -0.982554 0.13081 100.446 -0.776547 0.184677 0.602387 193.56 -0.616035 -0.0219457 -0.787413 224.354 0 0 0 1 
Seq_Frame0129_DriverToReference-SequenceTransformStatus = OK
Seq_Frame0129_Timestamp = 13.632
Seq_Frame0130_DriverToReference-SequenceTransform =-0.132197 -0.982554 0.13081 100.446 -0.776547 0.184677 0.602387 193.56 -0.616035 -0.0219457 -0.787413 224.354 0 0 0 1 
Seq_Frame0130_DriverToReference-SequenceTransformStatus = OK
Seq_Frame0130_Timestamp = 13.737
Seq_Frame0131_DriverToReference-SequenceTransform =-0.132197 -0.982554 0.13081 100.446 -0.776547 0.184677 0.602387 193.56 -0.616035 -0.0219457 -0.787413 224.354 0 0 0 1 
Seq_Frame0131_DriverToReference-SequenceTransformStatus = OK
Seq_Frame0131_Timestamp = 13.841
Seq_Frame0132_DriverToReference-SequenceTransform =-0.132197 -0.982554 0.13081 100.446 -0.776547 0.184677 0.602387 193.56 -0.616035 -0.0219457 -0.787413 224.354 0 0 0 1 
Seq_Frame0132_DriverToReference-SequenceTransformStatus = OK
Seq_Frame0132_Timestamp = 13.942
Seq_Frame0133_DriverToReference-SequenceTransform =-0.132197 -0.982554 0.13081 100.446 -0.776547 0.184677 0.602387 193.56 -0.616035 -0.0219457 -0.787413 224.354 0 0 0 1 
Seq_Frame0133_DriverToReference-SequenceTransformStatus = OK
Seq_Frame0133_Timestamp = 14.052
Seq_Frame0134_DriverToReference-SequenceTransform =-0.132197 -0.982554 0.13081 100.446 -0.776547 0.184677 0.602387 193.56 -0.616035 -0.0219457 -0.787413 224.354 0 0 0 1 
Seq_Frame0134_DriverToReference-SequenceTransformStatus = OK
Seq_Frame0134_Timestamp = 14.156
Seq_Frame0135_DriverToReference-SequenceTransform =-0.132197 -0.982554 0.13081 100.446 -0.776547 0.184677 0.602387 193.56 -0.616035 -0.0219457 -0.787413 224.354 0 0 0 1 
Seq_Frame0135_DriverToReference-SequenceTransformStatus = OK
Seq_Frame0135_Timestamp = 14.265
Seq_Frame0136_DriverToReference-SequenceTransform =-0.132197 -0.982554 0.13081 100.446 -0.776547 0.184677 0.602387 193.56 -0.616035 -0.0219457 -0.787413 224.354 0 0 0 1 
Seq_Frame0136_DriverToReference-SequenceTransformStatus = OK
Seq_Frame0136_Timestamp = 14.366
Seq_Frame0137_DriverToReference-SequenceTransform =-0.132197 -0.982554 0.13081 100.446 -0.776547 0.184677 0.602387 193.56 -0.616035 -0.0219457 -0.787413 224.354 0 0 0 1 
Seq_Frame0137_DriverToReference-SequenceTransformStatus = OK
Seq_Frame0137_Timestamp = 14.467
Seq_Frame0138_DriverToReference-SequenceTransform =-0.342057 -0.939356 -0.0246462 116.785 -0.666 0.223848 0.711573 209.398 -0.662903 0.259813 -0.70218 242.076 0 0 0 1 
Seq_Frame0138_DriverToReference-SequenceTransformStatus = OK
Seq_Frame0138_Timestamp = 14.581
Seq_Frame0139_DriverToReference-SequenceTransform =-0.486619 -0.775211 -0.402803 125.935 -0.680701 0.047449 0.731023 202.76 -0.547585 0.629918 -0.550776 240.927 0 0 0 1 
Seq_Frame0139_DriverToReference-SequenceTransformStatus = OK
Seq_Frame0139_Timestamp = 14.689
Seq_Frame0140_DriverToReference-SequenceTransform =-0.451987 -0.756748 -0.472272 134.875 -0.668562 -0.0631112 0.740973 201.582 -0.590536 0.650654 -0.477407 239.492 0 0 0 1 
Seq_Frame0140_DriverToReference-SequenceTransformStatus = OK
Seq_Frame0140_Timestamp = 14.792
Seq_Frame0141_DriverToReference-SequenceTransform =-0.399626 -0.794248 -0.457678 135.235 -0.59588 -0.154322 0.788107 207.62 -0.696582 0.587669 -0.411605 232.477 0 0 0 1 
Seq_Frame0141_DriverToReference-SequenceTransformStatus = OK
Seq_Frame0141_Timestamp = 14.892
Seq_Frame0142_DriverToReference-SequenceTransform =-0.322909 -0.86843 -0.376242 131.148 -0.502603 -0.179501 0.845677 205.537 -0.801947 0.462177 -0.378513 230.475 0 0 0 1 
Seq_Frame0142_DriverToReference-SequenceTransformStatus = OK
Seq_Frame0142_Timestamp = 14.993
Seq_Frame0143_DriverToReference-SequenceTransform =-0.297842 -0.900117 -0.317932 129.016 -0.432601 -0.16962 0.885486 193.064 -0.850968 0.401272 -0.338872 229.085 0 0 0 1 
Seq_Frame0143_DriverToReference-SequenceTransformStatus = OK
Seq_Frame0143_Timestamp = 15.098
Seq_Frame0144_DriverToReference-SequenceTransform =-0.297842 -0.900117 -0.317932 129.016 -0.432601 -0.16962 0.885486 193.064 -0.850968 0.401272 -0.338872 229.085 0 0 0 1 
Seq_Frame0144_DriverToReference-SequenceTransformStatus = OK
Seq_Frame0144_Timestamp = 15.201
Seq_Frame0145_DriverToReference-SequenceTransform =-0.297842 -0.900117 -0.317932 129.016 -0.432601 -0.16962 0.885486 193.064 -0.850968 0.401272 -0.338872 229.085 0 0 0 1 
Seq_Frame0145_DriverToReference-SequenceTransformStatus = OK
Seq_Frame0145_Timestamp = 15.307
Seq_Frame0146_DriverToReference-SequenceTransform =-0.297842 -0.900117 -0.317932 129.016 -0.432601 -0.16962 0.885486 193.064 -0.850968 0.401272 -0.338872 229.085 0 0 0 1 
Seq_Frame0146_DriverToReference-SequenceTransformStatus = OK
Seq_Frame0146_Timestamp = 15.417
Seq_Frame0147_DriverToReference-SequenceTransform =-0.297842 -0.900117 -0.317932 129.016 -0.432601 -0.16962 0.885486 193.064 -0.850968 0.401272 -0.338872 229.085 0 0 0 1 
Seq_Frame0147_DriverToReference-SequenceTransformStatus = OK
Seq_Frame0147_Timestamp = 15.517
Seq_Frame0148_DriverToReference-SequenceTransform =-0.297842 -0.900117 -0.317932 129.016 -0.432601 -0.16962 0.885486 193.064 -0.850968 0.401272 -0.338872 229.085 0 0 0 1 
Seq_Frame0148_DriverToReference-SequenceTransformStatus = OK
Seq_Frame0148_Timestamp = 15.623
Seq_Frame0149_DriverToReference-SequenceTransform =-0.297842 -0.900117 -0.317932 129.016 -0.432601 -0.16962 0.885486 193.064 -0.850968 0.401272 -0.338872 229.085 0 0 0 1 
Seq_Frame0149_DriverToReference-SequenceTransformStatus = OK
Seq_Frame0149_Timestamp = 15.727
Seq_Frame0150_DriverToReference-SequenceTransform =-0.297842 -0.900117 -0.317932 129.016 -0.432601 -0.16962 0.885486 193.064 -0.850968 0.401272 -0.338872 229.085 0 0 0 1 
Seq_Frame0150_DriverToReference-SequenceTransformStatus = OK
