ObjectType = Image
NDims = 3
AnatomicalOrientation = RAI
BinaryData = True
CompressedData = False
DimSize = 0 0 2946
ElementSpacing = 1 1 1
Offset = 0 0 0
TransformMatrix = 1 0 0 0 1 0 0 0 1
ElementType = MET_UCHAR
Kinds = domain domain list
Seq_Frame0000_ForcepToReference-SequenceTransform =0.337174 -0.704588 -0.624396 23.1228 0.264351 -0.565693 0.781096 -72.598 -0.903566 -0.428425 -0.00447815 -103.611 0 0 0 1 
Seq_Frame0000_ForcepToReference-SequenceTransformStatus = OK
Seq_Frame0000_Timestamp = 0.0239999
Seq_Frame0001_ForcepToReference-SequenceTransform =0.33585 -0.704762 -0.624912 23.1058 0.26375 -0.566543 0.780683 -72.6202 -0.904235 -0.427013 -0.0043927 -103.596 0 0 0 1 
Seq_Frame0001_ForcepToReference-SequenceTransformStatus = OK
Seq_Frame0001_Timestamp = 0.127
Seq_Frame0002_ForcepToReference-SequenceTransform =0.335963 -0.704593 -0.625041 23.127 0.26386 -0.566634 0.780579 -72.6641 -0.904161 -0.427169 -0.00445415 -103.567 0 0 0 1 
Seq_Frame0002_ForcepToReference-SequenceTransformStatus = OK
Seq_Frame0002_Timestamp = 0.227
Seq_Frame0003_ForcepToReference-SequenceTransform =0.335995 -0.704701 -0.624904 23.1024 0.264182 -0.56633 0.780691 -72.6347 -0.904055 -0.427397 -0.00411421 -103.586 0 0 0 1 
Seq_Frame0003_ForcepToReference-SequenceTransformStatus = OK
Seq_Frame0003_Timestamp = 0.328
Seq_Frame0004_ForcepToReference-SequenceTransform =0.335593 -0.704602 -0.625231 23.1174 0.264163 -0.566699 0.780429 -72.6716 -0.90421 -0.427069 -0.00405068 -103.548 0 0 0 1 
Seq_Frame0004_ForcepToReference-SequenceTransformStatus = OK
Seq_Frame0004_Timestamp = 0.441
Seq_Frame0005_ForcepToReference-SequenceTransform =0.335213 -0.704717 -0.625305 23.1287 0.264277 -0.566726 0.780372 -72.6784 -0.904317 -0.426844 -0.00373341 -103.579 0 0 0 1 
Seq_Frame0005_ForcepToReference-SequenceTransformStatus = OK
Seq_Frame0005_Timestamp = 0.542
Seq_Frame0006_ForcepToReference-SequenceTransform =0.336076 -0.704812 -0.624735 23.0959 0.264604 -0.565943 0.780828 -72.5829 -0.903902 -0.427725 -0.00370399 -103.601 0 0 0 1 
Seq_Frame0006_ForcepToReference-SequenceTransformStatus = OK
Seq_Frame0006_Timestamp = 0.643
Seq_Frame0007_ForcepToReference-SequenceTransform =0.338386 -0.704635 -0.623686 23.1348 0.264864 -0.564669 0.781662 -72.4637 -0.902963 -0.429695 -0.00444357 -103.755 0 0 0 1 
Seq_Frame0007_ForcepToReference-SequenceTransformStatus = OK
Seq_Frame0007_Timestamp = 0.752
Seq_Frame0008_ForcepToReference-SequenceTransform =0.337742 -0.704722 -0.623937 23.1337 0.264399 -0.565165 0.781462 -72.491 -0.90334 -0.4289 -0.00455206 -103.724 0 0 0 1 
Seq_Frame0008_ForcepToReference-SequenceTransformStatus = OK
Seq_Frame0008_Timestamp = 0.852
Seq_Frame0009_ForcepToReference-SequenceTransform =0.336208 -0.704593 -0.62491 23.0933 0.263248 -0.566779 0.78068 -72.6761 -0.904248 -0.426977 -0.00507322 -103.516 0 0 0 1 
Seq_Frame0009_ForcepToReference-SequenceTransformStatus = OK
Seq_Frame0009_Timestamp = 0.953
Seq_Frame0010_ForcepToReference-SequenceTransform =0.334651 -0.704573 -0.625768 23.0619 0.26292 -0.567875 0.779994 -72.7976 -0.904921 -0.425553 -0.0047934 -103.38 0 0 0 1 
Seq_Frame0010_ForcepToReference-SequenceTransformStatus = OK
Seq_Frame0010_Timestamp = 1.062
Seq_Frame0011_ForcepToReference-SequenceTransform =0.334998 -0.704559 -0.625598 23.0676 0.26321 -0.567552 0.780132 -72.7651 -0.904708 -0.426006 -0.0046821 -103.4 0 0 0 1 
Seq_Frame0011_ForcepToReference-SequenceTransformStatus = OK
Seq_Frame0011_Timestamp = 1.165
Seq_Frame0012_ForcepToReference-SequenceTransform =0.335279 -0.70453 -0.62548 23.0721 0.262944 -0.567548 0.780224 -72.7684 -0.904681 -0.426059 -0.00503513 -103.431 0 0 0 1 
Seq_Frame0012_ForcepToReference-SequenceTransformStatus = OK
Seq_Frame0012_Timestamp = 1.267
Seq_Frame0013_ForcepToReference-SequenceTransform =0.33626 -0.70459 -0.624886 23.0798 0.264226 -0.56629 0.780705 -72.6643 -0.903943 -0.427631 -0.00425002 -103.531 0 0 0 1 
Seq_Frame0013_ForcepToReference-SequenceTransformStatus = OK
Seq_Frame0013_Timestamp = 1.368
Seq_Frame0014_ForcepToReference-SequenceTransform =0.336586 -0.704632 -0.624663 23.0687 0.265585 -0.565401 0.780888 -72.6143 -0.903424 -0.428737 -0.00316594 -103.537 0 0 0 1 
Seq_Frame0014_ForcepToReference-SequenceTransformStatus = OK
Seq_Frame0014_Timestamp = 1.477
Seq_Frame0015_ForcepToReference-SequenceTransform =0.335882 -0.704517 -0.625171 23.1084 0.263441 -0.566975 0.780473 -72.6918 -0.904313 -0.426843 -0.00483816 -103.491 0 0 0 1 
Seq_Frame0015_ForcepToReference-SequenceTransformStatus = OK
Seq_Frame0015_Timestamp = 1.587
Seq_Frame0016_ForcepToReference-SequenceTransform =0.335773 -0.704526 -0.625219 23.078 0.263494 -0.567003 0.780435 -72.6907 -0.904338 -0.42679 -0.00474549 -103.478 0 0 0 1 
Seq_Frame0016_ForcepToReference-SequenceTransformStatus = OK
Seq_Frame0016_Timestamp = 1.699
Seq_Frame0017_ForcepToReference-SequenceTransform =0.335215 -0.704773 -0.625241 23.0296 0.26341 -0.567064 0.780419 -72.6152 -0.90457 -0.426303 -0.00444465 -103.551 0 0 0 1 
Seq_Frame0017_ForcepToReference-SequenceTransformStatus = OK
Seq_Frame0017_Timestamp = 1.801
Seq_Frame0018_ForcepToReference-SequenceTransform =0.333999 -0.704328 -0.626392 23.0511 0.262373 -0.568819 0.779491 -72.9399 -0.905321 -0.424697 -0.00518825 -103.183 0 0 0 1 
Seq_Frame0018_ForcepToReference-SequenceTransformStatus = OK
Seq_Frame0018_Timestamp = 1.902
Seq_Frame0019_ForcepToReference-SequenceTransform =0.336967 -0.703956 -0.62522 23.0158 0.261418 -0.567992 0.780414 -72.7215 -0.904497 -0.426417 -0.00736794 -103.451 0 0 0 1 
Seq_Frame0019_ForcepToReference-SequenceTransformStatus = OK
Seq_Frame0019_Timestamp = 2.006
Seq_Frame0020_ForcepToReference-SequenceTransform =0.33874 -0.704119 -0.624077 23.156 0.270341 -0.562484 0.781363 -72.7298 -0.901205 -0.433392 -0.000183656 -103.127 0 0 0 1 
Seq_Frame0020_ForcepToReference-SequenceTransformStatus = OK
Seq_Frame0020_Timestamp = 2.106
Seq_Frame0021_ForcepToReference-SequenceTransform =0.335854 -0.704076 -0.625683 23.1317 0.263806 -0.56737 0.780063 -72.7565 -0.904217 -0.427046 -0.00481364 -103.526 0 0 0 1 
Seq_Frame0021_ForcepToReference-SequenceTransformStatus = OK
Seq_Frame0021_Timestamp = 2.207
Seq_Frame0022_ForcepToReference-SequenceTransform =0.335499 -0.703751 -0.626239 23.1544 0.260844 -0.569378 0.779596 -72.9483 -0.905208 -0.424904 -0.00745671 -103.248 0 0 0 1 
Seq_Frame0022_ForcepToReference-SequenceTransformStatus = OK
Seq_Frame0022_Timestamp = 2.312
Seq_Frame0023_ForcepToReference-SequenceTransform =0.336416 -0.703954 -0.625518 23.1716 0.262309 -0.567898 0.780183 -72.8565 -0.904444 -0.426545 -0.00639602 -103.361 0 0 0 1 
Seq_Frame0023_ForcepToReference-SequenceTransformStatus = OK
Seq_Frame0023_Timestamp = 2.415
Seq_Frame0024_ForcepToReference-SequenceTransform =0.336872 -0.704798 -0.624321 23.0715 0.26697 -0.564365 0.781165 -72.5337 -0.902909 -0.429828 -0.00195888 -103.51 0 0 0 1 
Seq_Frame0024_ForcepToReference-SequenceTransformStatus = OK
Seq_Frame0024_Timestamp = 2.517
Seq_Frame0025_ForcepToReference-SequenceTransform =0.336452 -0.704667 -0.624696 23.0839 0.266021 -0.56523 0.780863 -72.5696 -0.903345 -0.428905 -0.00271639 -103.536 0 0 0 1 
Seq_Frame0025_ForcepToReference-SequenceTransformStatus = OK
Seq_Frame0025_Timestamp = 2.631
Seq_Frame0026_ForcepToReference-SequenceTransform =0.335734 -0.704496 -0.625275 23.0981 0.262545 -0.567512 0.780385 -72.7004 -0.904629 -0.426164 -0.00557151 -103.51 0 0 0 1 
Seq_Frame0026_ForcepToReference-SequenceTransformStatus = OK
Seq_Frame0026_Timestamp = 2.736
Seq_Frame0027_ForcepToReference-SequenceTransform =0.335545 -0.704492 -0.62538 23.0619 0.262338 -0.567725 0.7803 -72.6763 -0.904759 -0.425887 -0.00568233 -103.484 0 0 0 1 
Seq_Frame0027_ForcepToReference-SequenceTransformStatus = OK
Seq_Frame0027_Timestamp = 2.846
Seq_Frame0028_ForcepToReference-SequenceTransform =0.33565 -0.70472 -0.625067 23.1048 0.264233 -0.566485 0.780561 -72.6512 -0.904168 -0.427159 -0.00393062 -103.533 0 0 0 1 
Seq_Frame0028_ForcepToReference-SequenceTransformStatus = OK
Seq_Frame0028_Timestamp = 2.951
Seq_Frame0029_ForcepToReference-SequenceTransform =0.336595 -0.704749 -0.624526 23.0851 0.26635 -0.564886 0.781 -72.5679 -0.903195 -0.429224 -0.00242816 -103.565 0 0 0 1 
Seq_Frame0029_ForcepToReference-SequenceTransformStatus = OK
Seq_Frame0029_Timestamp = 3.052
Seq_Frame0030_ForcepToReference-SequenceTransform =0.335749 -0.704607 -0.625141 23.0282 0.263736 -0.566802 0.780499 -72.6402 -0.904276 -0.426924 -0.00447242 -103.519 0 0 0 1 
Seq_Frame0030_ForcepToReference-SequenceTransformStatus = OK
Seq_Frame0030_Timestamp = 3.152
Seq_Frame0031_ForcepToReference-SequenceTransform =0.335262 -0.704663 -0.625339 23.0831 0.263795 -0.566991 0.780342 -72.6783 -0.90444 -0.42658 -0.00420387 -103.495 0 0 0 1 
Seq_Frame0031_ForcepToReference-SequenceTransformStatus = OK
Seq_Frame0031_Timestamp = 3.262
Seq_Frame0032_ForcepToReference-SequenceTransform =0.335441 -0.704643 -0.625266 23.0977 0.264274 -0.566685 0.780402 -72.6829 -0.904234 -0.427021 -0.00387056 -103.53 0 0 0 1 
Seq_Frame0032_ForcepToReference-SequenceTransformStatus = OK
Seq_Frame0032_Timestamp = 3.362
Seq_Frame0033_ForcepToReference-SequenceTransform =0.335888 -0.704729 -0.624929 23.0674 0.262941 -0.566944 0.780665 -72.6688 -0.904457 -0.426535 -0.00512737 -103.486 0 0 0 1 
Seq_Frame0033_ForcepToReference-SequenceTransformStatus = OK
Seq_Frame0033_Timestamp = 3.467
Seq_Frame0034_ForcepToReference-SequenceTransform =0.334094 -0.704742 -0.625876 22.9977 0.262624 -0.56813 0.779909 -72.7586 -0.905213 -0.424932 -0.00472617 -103.388 0 0 0 1 
Seq_Frame0034_ForcepToReference-SequenceTransformStatus = OK
Seq_Frame0034_Timestamp = 3.577
Seq_Frame0035_ForcepToReference-SequenceTransform =0.333089 -0.704284 -0.626926 22.9839 0.261055 -0.57002 0.779056 -73.0322 -0.906036 -0.423157 -0.00601088 -103.172 0 0 0 1 
Seq_Frame0035_ForcepToReference-SequenceTransformStatus = OK
Seq_Frame0035_Timestamp = 3.687
Seq_Frame0036_ForcepToReference-SequenceTransform =0.332271 -0.704382 -0.62725 22.989 0.260583 -0.570592 0.778794 -73.0611 -0.906473 -0.422221 -0.00604095 -103.075 0 0 0 1 
Seq_Frame0036_ForcepToReference-SequenceTransformStatus = OK
Seq_Frame0036_Timestamp = 3.787
Seq_Frame0037_ForcepToReference-SequenceTransform =0.335829 -0.70482 -0.624858 23.0948 0.265086 -0.56585 0.780732 -72.5637 -0.903852 -0.427834 -0.00319062 -103.607 0 0 0 1 
Seq_Frame0037_ForcepToReference-SequenceTransformStatus = OK
Seq_Frame0037_Timestamp = 3.892
Seq_Frame0038_ForcepToReference-SequenceTransform =0.335045 -0.704798 -0.625303 23.049 0.264716 -0.566515 0.780375 -72.6261 -0.904251 -0.426989 -0.0032366 -103.547 0 0 0 1 
Seq_Frame0038_ForcepToReference-SequenceTransformStatus = OK
Seq_Frame0038_Timestamp = 3.998
Seq_Frame0039_ForcepToReference-SequenceTransform =0.336487 -0.704627 -0.624721 23.0941 0.264289 -0.56608 0.780836 -72.6198 -0.903841 -0.427848 -0.00425371 -103.561 0 0 0 1 
Seq_Frame0039_ForcepToReference-SequenceTransformStatus = OK
Seq_Frame0039_Timestamp = 4.102
Seq_Frame0040_ForcepToReference-SequenceTransform =0.337399 -0.7046 -0.62426 23.0717 0.265094 -0.565191 0.781207 -72.6102 -0.903265 -0.429066 -0.00390969 -103.508 0 0 0 1 
Seq_Frame0040_ForcepToReference-SequenceTransformStatus = OK
Seq_Frame0040_Timestamp = 4.212
Seq_Frame0041_ForcepToReference-SequenceTransform =0.335539 -0.704865 -0.624964 23.0409 0.264834 -0.566086 0.780647 -72.6012 -0.904034 -0.427449 -0.00327179 -103.592 0 0 0 1 
Seq_Frame0041_ForcepToReference-SequenceTransformStatus = OK
Seq_Frame0041_Timestamp = 4.313
Seq_Frame0042_ForcepToReference-SequenceTransform =0.33638 -0.704563 -0.624851 23.0623 0.263474 -0.566608 0.780728 -72.6327 -0.904118 -0.427253 -0.00496143 -103.587 0 0 0 1 
Seq_Frame0042_ForcepToReference-SequenceTransformStatus = OK
Seq_Frame0042_Timestamp = 4.415
Seq_Frame0043_ForcepToReference-SequenceTransform =0.336818 -0.704517 -0.624668 23.1103 0.26371 -0.566296 0.780875 -72.6342 -0.903887 -0.427743 -0.00495057 -103.553 0 0 0 1 
Seq_Frame0043_ForcepToReference-SequenceTransformStatus = OK
Seq_Frame0043_Timestamp = 4.516
Seq_Frame0044_ForcepToReference-SequenceTransform =0.336289 -0.704708 -0.624737 23.0939 0.264539 -0.565977 0.780826 -72.5967 -0.903841 -0.427851 -0.00390944 -103.582 0 0 0 1 
Seq_Frame0044_ForcepToReference-SequenceTransformStatus = OK
Seq_Frame0044_Timestamp = 4.623
Seq_Frame0045_ForcepToReference-SequenceTransform =0.33591 -0.704592 -0.625072 23.0905 0.264714 -0.566264 0.780559 -72.626 -0.903931 -0.427662 -0.00369823 -103.559 0 0 0 1 
Seq_Frame0045_ForcepToReference-SequenceTransformStatus = OK
Seq_Frame0045_Timestamp = 4.727
Seq_Frame0046_ForcepToReference-SequenceTransform =0.33529 -0.704891 -0.625067 23.0402 0.264934 -0.566152 0.780565 -72.5993 -0.904097 -0.427317 -0.00307595 -103.567 0 0 0 1 
Seq_Frame0046_ForcepToReference-SequenceTransformStatus = OK
Seq_Frame0046_Timestamp = 4.837
Seq_Frame0047_ForcepToReference-SequenceTransform =0.335478 -0.70489 -0.624968 23.0441 0.264111 -0.566432 0.780641 -72.5701 -0.904267 -0.426949 -0.0038564 -103.553 0 0 0 1 
Seq_Frame0047_ForcepToReference-SequenceTransformStatus = OK
Seq_Frame0047_Timestamp = 4.948
Seq_Frame0048_ForcepToReference-SequenceTransform =0.335522 -0.704804 -0.625041 23.0824 0.265073 -0.566059 0.780585 -72.6212 -0.90397 -0.427585 -0.00310072 -103.55 0 0 0 1 
Seq_Frame0048_ForcepToReference-SequenceTransformStatus = OK
Seq_Frame0048_Timestamp = 5.051
Seq_Frame0049_ForcepToReference-SequenceTransform =0.336504 -0.704615 -0.624726 23.0999 0.263914 -0.566262 0.780831 -72.6245 -0.903944 -0.427626 -0.0045914 -103.597 0 0 0 1 
Seq_Frame0049_ForcepToReference-SequenceTransformStatus = OK
Seq_Frame0049_Timestamp = 5.156
Seq_Frame0050_ForcepToReference-SequenceTransform =0.335521 -0.704661 -0.625203 23.0702 0.264776 -0.566378 0.780455 -72.6616 -0.904057 -0.427398 -0.0034545 -103.528 0 0 0 1 
Seq_Frame0050_ForcepToReference-SequenceTransformStatus = OK
Seq_Frame0050_Timestamp = 5.257
Seq_Frame0051_ForcepToReference-SequenceTransform =0.335225 -0.70503 -0.624946 23.0297 0.264205 -0.566362 0.78066 -72.5668 -0.904334 -0.42681 -0.00358657 -103.582 0 0 0 1 
Seq_Frame0051_ForcepToReference-SequenceTransformStatus = OK
Seq_Frame0051_Timestamp = 5.372
Seq_Frame0052_ForcepToReference-SequenceTransform =0.336138 -0.704636 -0.6249 23.0984 0.264809 -0.56603 0.780696 -72.5845 -0.903818 -0.427901 -0.00366989 -103.594 0 0 0 1 
Seq_Frame0052_ForcepToReference-SequenceTransformStatus = OK
Seq_Frame0052_Timestamp = 5.477
Seq_Frame0053_ForcepToReference-SequenceTransform =0.335956 -0.704642 -0.624991 23.1179 0.264304 -0.566369 0.780621 -72.6412 -0.904034 -0.427442 -0.0040356 -103.565 0 0 0 1 
Seq_Frame0053_ForcepToReference-SequenceTransformStatus = OK
Seq_Frame0053_Timestamp = 5.59
Seq_Frame0054_ForcepToReference-SequenceTransform =0.336513 -0.704432 -0.624928 23.1155 0.264168 -0.566366 0.78067 -72.6928 -0.903866 -0.427792 -0.00450146 -103.52 0 0 0 1 
Seq_Frame0054_ForcepToReference-SequenceTransformStatus = OK
Seq_Frame0054_Timestamp = 5.698
Seq_Frame0055_ForcepToReference-SequenceTransform =0.335021 -0.70476 -0.625359 23.0884 0.264284 -0.566781 0.780329 -72.672 -0.904387 -0.426699 -0.0036268 -103.498 0 0 0 1 
Seq_Frame0055_ForcepToReference-SequenceTransformStatus = OK
Seq_Frame0055_Timestamp = 5.802
Seq_Frame0056_ForcepToReference-SequenceTransform =0.336502 -0.704567 -0.624781 23.0753 0.263405 -0.566564 0.780784 -72.6104 -0.904093 -0.427305 -0.00506322 -103.57 0 0 0 1 
Seq_Frame0056_ForcepToReference-SequenceTransformStatus = OK
Seq_Frame0056_Timestamp = 5.902
Seq_Frame0057_ForcepToReference-SequenceTransform =0.335975 -0.704765 -0.624841 23.1155 0.264593 -0.566066 0.780743 -72.6019 -0.903942 -0.427639 -0.00370842 -103.619 0 0 0 1 
Seq_Frame0057_ForcepToReference-SequenceTransformStatus = OK
Seq_Frame0057_Timestamp = 6.012
Seq_Frame0058_ForcepToReference-SequenceTransform =0.336048 -0.704615 -0.624971 23.1049 0.264218 -0.566388 0.780637 -72.6412 -0.904025 -0.42746 -0.00416192 -103.57 0 0 0 1 
Seq_Frame0058_ForcepToReference-SequenceTransformStatus = OK
Seq_Frame0058_Timestamp = 6.117
Seq_Frame0059_ForcepToReference-SequenceTransform =0.336405 -0.704525 -0.624881 23.1026 0.263736 -0.566517 0.780706 -72.6478 -0.904033 -0.427437 -0.00477022 -103.592 0 0 0 1 
Seq_Frame0059_ForcepToReference-SequenceTransformStatus = OK
Seq_Frame0059_Timestamp = 6.217
Seq_Frame0060_ForcepToReference-SequenceTransform =0.335544 -0.704743 -0.625099 23.1223 0.264125 -0.56657 0.780536 -72.6665 -0.904239 -0.427008 -0.00396856 -103.563 0 0 0 1 
Seq_Frame0060_ForcepToReference-SequenceTransformStatus = OK
Seq_Frame0060_Timestamp = 6.322
Seq_Frame0061_ForcepToReference-SequenceTransform =0.33672 -0.704542 -0.624692 23.1515 0.263529 -0.566408 0.780855 -72.6788 -0.903976 -0.427554 -0.00505391 -103.515 0 0 0 1 
Seq_Frame0061_ForcepToReference-SequenceTransformStatus = OK
Seq_Frame0061_Timestamp = 6.432
Seq_Frame0062_ForcepToReference-SequenceTransform =0.336703 -0.70441 -0.62485 23.1297 0.263851 -0.566431 0.78073 -72.6753 -0.903888 -0.427741 -0.00485961 -103.558 0 0 0 1 
Seq_Frame0062_ForcepToReference-SequenceTransformStatus = OK
Seq_Frame0062_Timestamp = 6.537
Seq_Frame0063_ForcepToReference-SequenceTransform =0.335683 -0.704511 -0.625285 23.1722 0.263518 -0.567064 0.780382 -72.7084 -0.904365 -0.426734 -0.00470247 -103.552 0 0 0 1 
Seq_Frame0063_ForcepToReference-SequenceTransformStatus = OK
Seq_Frame0063_Timestamp = 6.648
Seq_Frame0064_ForcepToReference-SequenceTransform =0.337952 -0.704495 -0.62408 23.0412 0.264644 -0.565208 0.781347 -72.5876 -0.90319 -0.429216 -0.00457307 -103.573 0 0 0 1 
Seq_Frame0064_ForcepToReference-SequenceTransformStatus = OK
Seq_Frame0064_Timestamp = 6.757
Seq_Frame0065_ForcepToReference-SequenceTransform =0.336566 -0.704707 -0.624589 23.0991 0.264678 -0.565749 0.780944 -72.6001 -0.903697 -0.428154 -0.00389171 -103.595 0 0 0 1 
Seq_Frame0065_ForcepToReference-SequenceTransformStatus = OK
Seq_Frame0065_Timestamp = 6.858
Seq_Frame0066_ForcepToReference-SequenceTransform =0.336152 -0.704768 -0.624742 23.1187 0.264838 -0.565842 0.780823 -72.5883 -0.903804 -0.427931 -0.00355941 -103.593 0 0 0 1 
Seq_Frame0066_ForcepToReference-SequenceTransformStatus = OK
Seq_Frame0066_Timestamp = 6.967
Seq_Frame0067_ForcepToReference-SequenceTransform =0.337041 -0.704688 -0.624354 23.1029 0.264063 -0.565783 0.781128 -72.56 -0.9037 -0.428141 -0.00460952 -103.573 0 0 0 1 
Seq_Frame0067_ForcepToReference-SequenceTransformStatus = OK
Seq_Frame0067_Timestamp = 7.077
Seq_Frame0068_ForcepToReference-SequenceTransform =0.336053 -0.704634 -0.624947 23.1095 0.263858 -0.566532 0.780654 -72.6141 -0.904128 -0.427239 -0.00446151 -103.602 0 0 0 1 
Seq_Frame0068_ForcepToReference-SequenceTransformStatus = OK
Seq_Frame0068_Timestamp = 7.181
Seq_Frame0069_ForcepToReference-SequenceTransform =0.336621 -0.704564 -0.624721 23.1347 0.264367 -0.566043 0.780837 -72.6438 -0.903768 -0.428001 -0.00427839 -103.575 0 0 0 1 
Seq_Frame0069_ForcepToReference-SequenceTransformStatus = OK
Seq_Frame0069_Timestamp = 7.282
Seq_Frame0070_ForcepToReference-SequenceTransform =0.335298 -0.704759 -0.625212 23.1341 0.265202 -0.566187 0.780449 -72.6203 -0.904015 -0.427491 -0.00293828 -103.603 0 0 0 1 
Seq_Frame0070_ForcepToReference-SequenceTransformStatus = OK
Seq_Frame0070_Timestamp = 7.383
Seq_Frame0071_ForcepToReference-SequenceTransform =0.33642 -0.704452 -0.624955 23.1226 0.264311 -0.566328 0.780648 -72.6491 -0.903859 -0.427808 -0.00433015 -103.581 0 0 0 1 
Seq_Frame0071_ForcepToReference-SequenceTransformStatus = OK
Seq_Frame0071_Timestamp = 7.491
Seq_Frame0072_ForcepToReference-SequenceTransform =0.336506 -0.704688 -0.624643 23.1034 0.264759 -0.56577 0.780901 -72.6129 -0.903696 -0.428158 -0.00381254 -103.547 0 0 0 1 
Seq_Frame0072_ForcepToReference-SequenceTransformStatus = OK
Seq_Frame0072_Timestamp = 7.592
Seq_Frame0073_ForcepToReference-SequenceTransform =0.336015 -0.704578 -0.625031 23.1401 0.263529 -0.56678 0.780585 -72.6719 -0.904238 -0.427003 -0.00476991 -103.59 0 0 0 1 
Seq_Frame0073_ForcepToReference-SequenceTransformStatus = OK
Seq_Frame0073_Timestamp = 7.696
Seq_Frame0074_ForcepToReference-SequenceTransform =0.336329 -0.704128 -0.625369 23.1929 0.261735 -0.568002 0.7803 -72.8298 -0.904642 -0.426119 -0.00674023 -103.424 0 0 0 1 
Seq_Frame0074_ForcepToReference-SequenceTransformStatus = OK
Seq_Frame0074_Timestamp = 7.802
Seq_Frame0075_ForcepToReference-SequenceTransform =0.336062 -0.704658 -0.624916 23.1474 0.264612 -0.56614 0.780683 -72.5871 -0.903904 -0.427718 -0.00379712 -103.597 0 0 0 1 
Seq_Frame0075_ForcepToReference-SequenceTransformStatus = OK
Seq_Frame0075_Timestamp = 7.915
Seq_Frame0076_ForcepToReference-SequenceTransform =0.335424 -0.704674 -0.62524 23.1309 0.263925 -0.566821 0.780422 -72.6497 -0.904342 -0.426789 -0.00414439 -103.518 0 0 0 1 
Seq_Frame0076_ForcepToReference-SequenceTransformStatus = OK
Seq_Frame0076_Timestamp = 8.023
Seq_Frame0077_ForcepToReference-SequenceTransform =0.335555 -0.705075 -0.624717 23.0644 0.266149 -0.56519 0.780849 -72.4881 -0.903641 -0.428286 -0.0019973 -103.624 0 0 0 1 
Seq_Frame0077_ForcepToReference-SequenceTransformStatus = OK
Seq_Frame0077_Timestamp = 8.127
Seq_Frame0078_ForcepToReference-SequenceTransform =0.335907 -0.704975 -0.624642 23.0907 0.264724 -0.565783 0.780904 -72.5459 -0.903929 -0.427668 -0.0034266 -103.548 0 0 0 1 
Seq_Frame0078_ForcepToReference-SequenceTransformStatus = OK
Seq_Frame0078_Timestamp = 8.231
Seq_Frame0079_ForcepToReference-SequenceTransform =0.335766 -0.704784 -0.624932 23.0815 0.263452 -0.566705 0.780666 -72.5556 -0.904353 -0.426761 -0.00460316 -103.595 0 0 0 1 
Seq_Frame0079_ForcepToReference-SequenceTransformStatus = OK
Seq_Frame0079_Timestamp = 8.333
Seq_Frame0080_ForcepToReference-SequenceTransform =0.335516 -0.705041 -0.624777 23.0553 0.264058 -0.566246 0.780794 -72.4894 -0.904269 -0.426946 -0.00381346 -103.637 0 0 0 1 
Seq_Frame0080_ForcepToReference-SequenceTransformStatus = OK
Seq_Frame0080_Timestamp = 8.441
Seq_Frame0081_ForcepToReference-SequenceTransform =0.335595 -0.704854 -0.624945 23.0399 0.264144 -0.566391 0.780659 -72.5709 -0.904214 -0.427061 -0.00389499 -103.582 0 0 0 1 
Seq_Frame0081_ForcepToReference-SequenceTransformStatus = OK
Seq_Frame0081_Timestamp = 8.542
Seq_Frame0082_ForcepToReference-SequenceTransform =0.335905 -0.704771 -0.624872 23.0678 0.264268 -0.566254 0.780717 -72.5862 -0.904063 -0.427381 -0.00395883 -103.577 0 0 0 1 
Seq_Frame0082_ForcepToReference-SequenceTransformStatus = OK
Seq_Frame0082_Timestamp = 8.642
Seq_Frame0083_ForcepToReference-SequenceTransform =0.335346 -0.704834 -0.625102 23.0807 0.264958 -0.56618 0.780537 -72.5925 -0.904069 -0.427376 -0.00311496 -103.547 0 0 0 1 
Seq_Frame0083_ForcepToReference-SequenceTransformStatus = OK
Seq_Frame0083_Timestamp = 8.752
Seq_Frame0084_ForcepToReference-SequenceTransform =0.335965 -0.704945 -0.624644 23.0387 0.26442 -0.565929 0.780901 -72.5586 -0.903996 -0.427524 -0.00373095 -103.556 0 0 0 1 
Seq_Frame0084_ForcepToReference-SequenceTransformStatus = OK
Seq_Frame0084_Timestamp = 8.852
Seq_Frame0085_ForcepToReference-SequenceTransform =0.33596 -0.704825 -0.624783 23.0609 0.263732 -0.566408 0.780786 -72.5652 -0.904199 -0.427088 -0.00440563 -103.571 0 0 0 1 
Seq_Frame0085_ForcepToReference-SequenceTransformStatus = OK
Seq_Frame0085_Timestamp = 8.965
Seq_Frame0086_ForcepToReference-SequenceTransform =0.336515 -0.704684 -0.624643 23.0747 0.263647 -0.566296 0.780896 -72.5699 -0.904018 -0.427469 -0.00477938 -103.6 0 0 0 1 
Seq_Frame0086_ForcepToReference-SequenceTransformStatus = OK
Seq_Frame0086_Timestamp = 9.067
Seq_Frame0087_ForcepToReference-SequenceTransform =0.334516 -0.705095 -0.625253 23.0339 0.265449 -0.566112 0.780419 -72.5446 -0.904232 -0.427035 -0.00220656 -103.564 0 0 0 1 
Seq_Frame0087_ForcepToReference-SequenceTransformStatus = OK
Seq_Frame0087_Timestamp = 9.171
Seq_Frame0088_ForcepToReference-SequenceTransform =0.335968 -0.704772 -0.624837 23.1033 0.26448 -0.566115 0.780746 -72.6 -0.903978 -0.427563 -0.00379784 -103.528 0 0 0 1 
Seq_Frame0088_ForcepToReference-SequenceTransformStatus = OK
Seq_Frame0088_Timestamp = 9.281
Seq_Frame0089_ForcepToReference-SequenceTransform =0.336465 -0.704825 -0.62451 23.0843 0.265129 -0.565448 0.781009 -72.5588 -0.903603 -0.428358 -0.00338366 -103.606 0 0 0 1 
Seq_Frame0089_ForcepToReference-SequenceTransformStatus = OK
Seq_Frame0089_Timestamp = 9.387
Seq_Frame0090_ForcepToReference-SequenceTransform =0.335743 -0.704787 -0.624941 23.0553 0.264319 -0.566306 0.780662 -72.6107 -0.904109 -0.427285 -0.00384441 -103.551 0 0 0 1 
Seq_Frame0090_ForcepToReference-SequenceTransformStatus = OK
Seq_Frame0090_Timestamp = 9.492
Seq_Frame0091_ForcepToReference-SequenceTransform =0.334947 -0.704933 -0.625204 23.0633 0.264521 -0.566498 0.780454 -72.6126 -0.904344 -0.426791 -0.0032772 -103.544 0 0 0 1 
Seq_Frame0091_ForcepToReference-SequenceTransformStatus = OK
Seq_Frame0091_Timestamp = 9.592
Seq_Frame0092_ForcepToReference-SequenceTransform =0.334802 -0.704974 -0.625236 23.0854 0.265081 -0.566267 0.780431 -72.5768 -0.904234 -0.427028 -0.00271193 -103.565 0 0 0 1 
Seq_Frame0092_ForcepToReference-SequenceTransformStatus = OK
Seq_Frame0092_Timestamp = 9.697
Seq_Frame0093_ForcepToReference-SequenceTransform =0.335032 -0.704962 -0.625126 23.064 0.264101 -0.56661 0.780515 -72.5919 -0.904436 -0.426594 -0.0036511 -103.542 0 0 0 1 
Seq_Frame0093_ForcepToReference-SequenceTransformStatus = OK
Seq_Frame0093_Timestamp = 9.807
Seq_Frame0094_ForcepToReference-SequenceTransform =0.335656 -0.704855 -0.624912 23.073 0.264568 -0.566155 0.780687 -72.6004 -0.904068 -0.427374 -0.00355111 -103.569 0 0 0 1 
Seq_Frame0094_ForcepToReference-SequenceTransformStatus = OK
Seq_Frame0094_Timestamp = 9.909
Seq_Frame0095_ForcepToReference-SequenceTransform =0.335748 -0.704623 -0.625123 23.1126 0.263733 -0.566784 0.780513 -72.6071 -0.904278 -0.426922 -0.00446421 -103.562 0 0 0 1 
Seq_Frame0095_ForcepToReference-SequenceTransformStatus = OK
Seq_Frame0095_Timestamp = 10.017
Seq_Frame0096_ForcepToReference-SequenceTransform =0.336169 -0.704738 -0.624768 23.1011 0.263821 -0.566352 0.780797 -72.5847 -0.904096 -0.427307 -0.0044654 -103.603 0 0 0 1 
Seq_Frame0096_ForcepToReference-SequenceTransformStatus = OK
Seq_Frame0096_Timestamp = 10.126
Seq_Frame0097_ForcepToReference-SequenceTransform =0.336661 -0.704672 -0.624577 23.117 0.264148 -0.565987 0.780951 -72.6168 -0.903817 -0.427897 -0.00440755 -103.545 0 0 0 1 
Seq_Frame0097_ForcepToReference-SequenceTransformStatus = OK
Seq_Frame0097_Timestamp = 10.227
Seq_Frame0098_ForcepToReference-SequenceTransform =0.336281 -0.704664 -0.624791 23.1277 0.26382 -0.566378 0.780779 -72.661 -0.904054 -0.427394 -0.00455792 -103.536 0 0 0 1 
Seq_Frame0098_ForcepToReference-SequenceTransformStatus = OK
Seq_Frame0098_Timestamp = 10.331
Seq_Frame0099_ForcepToReference-SequenceTransform =0.335758 -0.704921 -0.624783 23.0872 0.264702 -0.565949 0.780791 -72.6227 -0.903991 -0.427538 -0.0034274 -103.535 0 0 0 1 
Seq_Frame0099_ForcepToReference-SequenceTransformStatus = OK
Seq_Frame0099_Timestamp = 10.44
Seq_Frame0100_ForcepToReference-SequenceTransform =0.334709 -0.704923 -0.625342 23.0844 0.264925 -0.566459 0.780346 -72.6524 -0.904314 -0.426858 -0.00284713 -103.518 0 0 0 1 
Seq_Frame0100_ForcepToReference-SequenceTransformStatus = OK
Seq_Frame0100_Timestamp = 10.541
Seq_Frame0101_ForcepToReference-SequenceTransform =0.33598 -0.70469 -0.624924 23.1203 0.264072 -0.566404 0.780675 -72.6457 -0.904093 -0.427316 -0.00421122 -103.591 0 0 0 1 
Seq_Frame0101_ForcepToReference-SequenceTransformStatus = OK
Seq_Frame0101_Timestamp = 10.642
Seq_Frame0102_ForcepToReference-SequenceTransform =0.336238 -0.704613 -0.624872 23.1216 0.263758 -0.566497 0.780713 -72.6481 -0.904089 -0.42732 -0.00463031 -103.573 0 0 0 1 
Seq_Frame0102_ForcepToReference-SequenceTransformStatus = OK
Seq_Frame0102_Timestamp = 10.756
Seq_Frame0103_ForcepToReference-SequenceTransform =0.335846 -0.704623 -0.625071 23.0818 0.264318 -0.56645 0.780557 -72.6303 -0.904071 -0.427364 -0.00399513 -103.587 0 0 0 1 
Seq_Frame0103_ForcepToReference-SequenceTransformStatus = OK
Seq_Frame0103_Timestamp = 10.856
Seq_Frame0104_ForcepToReference-SequenceTransform =0.335053 -0.704666 -0.625448 23.0762 0.263123 -0.567427 0.780252 -72.6636 -0.904713 -0.425996 -0.00470452 -103.545 0 0 0 1 
Seq_Frame0104_ForcepToReference-SequenceTransformStatus = OK
Seq_Frame0104_Timestamp = 10.957
Seq_Frame0105_ForcepToReference-SequenceTransform =0.335245 -0.704573 -0.62545 23.071 0.263452 -0.567275 0.780251 -72.6918 -0.904546 -0.426352 -0.00455466 -103.498 0 0 0 1 
Seq_Frame0105_ForcepToReference-SequenceTransformStatus = OK
Seq_Frame0105_Timestamp = 11.067
Seq_Frame0106_ForcepToReference-SequenceTransform =0.334532 -0.705098 -0.625241 23.0286 0.264674 -0.566464 0.780427 -72.5503 -0.904454 -0.426562 -0.00287948 -103.6 0 0 0 1 
Seq_Frame0106_ForcepToReference-SequenceTransformStatus = OK
Seq_Frame0106_Timestamp = 11.176
Seq_Frame0107_ForcepToReference-SequenceTransform =0.335343 -0.704942 -0.624982 23.0827 0.266208 -0.565455 0.780637 -72.594 -0.903703 -0.428156 -0.00195981 -103.535 0 0 0 1 
Seq_Frame0107_ForcepToReference-SequenceTransformStatus = OK
Seq_Frame0107_Timestamp = 11.287
Seq_Frame0108_ForcepToReference-SequenceTransform =0.335878 -0.704812 -0.624841 23.1 0.265342 -0.565711 0.780746 -72.5958 -0.903759 -0.428031 -0.00299363 -103.544 0 0 0 1 
Seq_Frame0108_ForcepToReference-SequenceTransformStatus = OK
Seq_Frame0108_Timestamp = 11.392
Seq_Frame0109_ForcepToReference-SequenceTransform =0.335465 -0.70488 -0.624986 23.0642 0.264352 -0.566339 0.780627 -72.5901 -0.904202 -0.427089 -0.00365047 -103.571 0 0 0 1 
Seq_Frame0109_ForcepToReference-SequenceTransformStatus = OK
Seq_Frame0109_Timestamp = 11.501
Seq_Frame0110_ForcepToReference-SequenceTransform =0.335752 -0.704797 -0.624925 23.0611 0.264501 -0.566202 0.780676 -72.5942 -0.904052 -0.427407 -0.00368378 -103.56 0 0 0 1 
Seq_Frame0110_ForcepToReference-SequenceTransformStatus = OK
Seq_Frame0110_Timestamp = 11.615
Seq_Frame0111_ForcepToReference-SequenceTransform =0.33599 -0.704695 -0.624912 23.057 0.263715 -0.56656 0.780682 -72.6155 -0.904193 -0.4271 -0.00451962 -103.572 0 0 0 1 
Seq_Frame0111_ForcepToReference-SequenceTransformStatus = OK
Seq_Frame0111_Timestamp = 11.723
Seq_Frame0112_ForcepToReference-SequenceTransform =0.335612 -0.704662 -0.625153 23.0995 0.263776 -0.566796 0.78049 -72.6741 -0.904316 -0.426842 -0.00435037 -103.549 0 0 0 1 
Seq_Frame0112_ForcepToReference-SequenceTransformStatus = OK
Seq_Frame0112_Timestamp = 11.831
Seq_Frame0113_ForcepToReference-SequenceTransform =0.334927 -0.705001 -0.625138 23.0788 0.264376 -0.566492 0.780507 -72.6092 -0.904394 -0.426685 -0.00334838 -103.507 0 0 0 1 
Seq_Frame0113_ForcepToReference-SequenceTransformStatus = OK
Seq_Frame0113_Timestamp = 11.933
Seq_Frame0114_ForcepToReference-SequenceTransform =0.336141 -0.704665 -0.624864 23.0757 0.264059 -0.566345 0.780721 -72.619 -0.904036 -0.427434 -0.00429907 -103.515 0 0 0 1 
Seq_Frame0114_ForcepToReference-SequenceTransformStatus = OK
Seq_Frame0114_Timestamp = 12.041
Seq_Frame0115_ForcepToReference-SequenceTransform =0.336618 -0.704529 -0.624762 23.1125 0.26511 -0.565736 0.780806 -72.655 -0.903551 -0.428464 -0.00365902 -103.517 0 0 0 1 
Seq_Frame0115_ForcepToReference-SequenceTransformStatus = OK
Seq_Frame0115_Timestamp = 12.142
Seq_Frame0116_ForcepToReference-SequenceTransform =0.334969 -0.704732 -0.625419 23.0621 0.265004 -0.566507 0.780283 -72.6401 -0.904195 -0.427109 -0.00300514 -103.551 0 0 0 1 
Seq_Frame0116_ForcepToReference-SequenceTransformStatus = OK
Seq_Frame0116_Timestamp = 12.247
Seq_Frame0117_ForcepToReference-SequenceTransform =0.33519 -0.704902 -0.625108 23.064 0.264639 -0.566337 0.780531 -72.5706 -0.90422 -0.427054 -0.0032862 -103.619 0 0 0 1 
Seq_Frame0117_ForcepToReference-SequenceTransformStatus = OK
Seq_Frame0117_Timestamp = 12.352
Seq_Frame0118_ForcepToReference-SequenceTransform =0.335592 -0.704769 -0.625043 23.0721 0.263662 -0.566728 0.780578 -72.6382 -0.904356 -0.426756 -0.00436844 -103.507 0 0 0 1 
Seq_Frame0118_ForcepToReference-SequenceTransformStatus = OK
Seq_Frame0118_Timestamp = 12.456
Seq_Frame0119_ForcepToReference-SequenceTransform =0.33582 -0.704923 -0.624747 23.0852 0.264837 -0.565846 0.78082 -72.5819 -0.903928 -0.427671 -0.00333233 -103.585 0 0 0 1 
Seq_Frame0119_ForcepToReference-SequenceTransformStatus = OK
Seq_Frame0119_Timestamp = 12.559
Seq_Frame0120_ForcepToReference-SequenceTransform =0.33591 -0.704808 -0.624829 23.0784 0.264824 -0.565943 0.780754 -72.5908 -0.903899 -0.427732 -0.00345618 -103.562 0 0 0 1 
Seq_Frame0120_ForcepToReference-SequenceTransformStatus = OK
Seq_Frame0120_Timestamp = 12.667
Seq_Frame0121_ForcepToReference-SequenceTransform =0.335857 -0.704779 -0.624889 23.0811 0.264925 -0.565962 0.780706 -72.5818 -0.903889 -0.427754 -0.00336832 -103.574 0 0 0 1 
Seq_Frame0121_ForcepToReference-SequenceTransformStatus = OK
Seq_Frame0121_Timestamp = 12.767
Seq_Frame0122_ForcepToReference-SequenceTransform =0.33611 -0.70467 -0.624876 23.0799 0.264417 -0.566188 0.780714 -72.5758 -0.903943 -0.427634 -0.00397494 -103.587 0 0 0 1 
Seq_Frame0122_ForcepToReference-SequenceTransformStatus = OK
Seq_Frame0122_Timestamp = 12.877
Seq_Frame0123_ForcepToReference-SequenceTransform =0.336396 -0.704572 -0.624833 23.0828 0.263867 -0.566403 0.780745 -72.6193 -0.903998 -0.427512 -0.00462198 -103.522 0 0 0 1 
Seq_Frame0123_ForcepToReference-SequenceTransformStatus = OK
Seq_Frame0123_Timestamp = 12.981
Seq_Frame0124_ForcepToReference-SequenceTransform =0.33611 -0.704841 -0.624683 23.0623 0.2645 -0.565936 0.780869 -72.5633 -0.903919 -0.427687 -0.00378638 -103.569 0 0 0 1 
Seq_Frame0124_ForcepToReference-SequenceTransformStatus = OK
Seq_Frame0124_Timestamp = 13.097
Seq_Frame0125_ForcepToReference-SequenceTransform =0.336673 -0.70459 -0.624664 23.0915 0.264306 -0.566009 0.780882 -72.6046 -0.903767 -0.428004 -0.00433255 -103.575 0 0 0 1 
Seq_Frame0125_ForcepToReference-SequenceTransformStatus = OK
Seq_Frame0125_Timestamp = 13.207
Seq_Frame0126_ForcepToReference-SequenceTransform =0.336175 -0.704729 -0.624775 23.0968 0.264056 -0.566248 0.780793 -72.6187 -0.904025 -0.427458 -0.00427082 -103.539 0 0 0 1 
Seq_Frame0126_ForcepToReference-SequenceTransformStatus = OK
Seq_Frame0126_Timestamp = 13.308
Seq_Frame0127_ForcepToReference-SequenceTransform =0.336148 -0.704761 -0.624754 23.095 0.264204 -0.566154 0.780811 -72.5952 -0.903992 -0.42753 -0.00411098 -103.576 0 0 0 1 
Seq_Frame0127_ForcepToReference-SequenceTransformStatus = OK
Seq_Frame0127_Timestamp = 13.415
Seq_Frame0128_ForcepToReference-SequenceTransform =0.335773 -0.704778 -0.624936 23.0842 0.264815 -0.566065 0.780668 -72.5862 -0.903952 -0.427619 -0.00343353 -103.576 0 0 0 1 
Seq_Frame0128_ForcepToReference-SequenceTransformStatus = OK
Seq_Frame0128_Timestamp = 13.527
Seq_Frame0129_ForcepToReference-SequenceTransform =0.335115 -0.704921 -0.625127 23.0722 0.264646 -0.566354 0.780516 -72.5657 -0.904246 -0.426999 -0.00323939 -103.577 0 0 0 1 
Seq_Frame0129_ForcepToReference-SequenceTransformStatus = OK
Seq_Frame0129_Timestamp = 13.632
Seq_Frame0130_ForcepToReference-SequenceTransform =0.335535 -0.70477 -0.625073 23.1041 0.265175 -0.566045 0.780561 -72.5939 -0.903935 -0.427659 -0.00304039 -103.539 0 0 0 1 
Seq_Frame0130_ForcepToReference-SequenceTransformStatus = OK
Seq_Frame0130_Timestamp = 13.737
Seq_Frame0131_ForcepToReference-SequenceTransform =0.336006 -0.704693 -0.624906 23.1084 0.264205 -0.566321 0.780689 -72.651 -0.904044 -0.42742 -0.00410344 -103.525 0 0 0 1 
Seq_Frame0131_ForcepToReference-SequenceTransformStatus = OK
Seq_Frame0131_Timestamp = 13.841
Seq_Frame0132_ForcepToReference-SequenceTransform =0.335994 -0.704719 -0.624883 23.0617 0.263684 -0.566542 0.780705 -72.598 -0.904201 -0.427084 -0.00453195 -103.578 0 0 0 1 
Seq_Frame0132_ForcepToReference-SequenceTransformStatus = OK
Seq_Frame0132_Timestamp = 13.942
Seq_Frame0133_ForcepToReference-SequenceTransform =0.335027 -0.704795 -0.625316 23.067 0.264846 -0.566469 0.780365 -72.6312 -0.90422 -0.427056 -0.00312007 -103.541 0 0 0 1 
Seq_Frame0133_ForcepToReference-SequenceTransformStatus = OK
Seq_Frame0133_Timestamp = 14.052
Seq_Frame0134_ForcepToReference-SequenceTransform =0.33548 -0.704809 -0.625058 23.0702 0.264222 -0.566479 0.780569 -72.6188 -0.904234 -0.427019 -0.00381601 -103.553 0 0 0 1 
Seq_Frame0134_ForcepToReference-SequenceTransformStatus = OK
Seq_Frame0134_Timestamp = 14.156
Seq_Frame0135_ForcepToReference-SequenceTransform =0.335723 -0.704732 -0.625015 23.0744 0.264443 -0.566328 0.780604 -72.6366 -0.90408 -0.427347 -0.0037678 -103.548 0 0 0 1 
Seq_Frame0135_ForcepToReference-SequenceTransformStatus = OK
Seq_Frame0135_Timestamp = 14.265
Seq_Frame0136_ForcepToReference-SequenceTransform =0.335883 -0.704688 -0.624978 23.0899 0.264695 -0.566169 0.780634 -72.6344 -0.903947 -0.42763 -0.0036392 -103.505 0 0 0 1 
Seq_Frame0136_ForcepToReference-SequenceTransformStatus = OK
Seq_Frame0136_Timestamp = 14.366
Seq_Frame0137_ForcepToReference-SequenceTransform =0.335824 -0.704932 -0.624735 23.0819 0.26538 -0.565575 0.780832 -72.5274 -0.903767 -0.428014 -0.00285901 -103.629 0 0 0 1 
Seq_Frame0137_ForcepToReference-SequenceTransformStatus = OK
Seq_Frame0137_Timestamp = 14.467
Seq_Frame0138_ForcepToReference-SequenceTransform =0.335251 -0.704845 -0.62514 23.0859 0.264666 -0.56636 0.780505 -72.6421 -0.904189 -0.427119 -0.00332419 -103.587 0 0 0 1 
Seq_Frame0138_ForcepToReference-SequenceTransformStatus = OK
Seq_Frame0138_Timestamp = 14.581
Seq_Frame0139_ForcepToReference-SequenceTransform =0.336087 -0.704884 -0.624647 23.0738 0.264981 -0.565668 0.7809 -72.5487 -0.903787 -0.42797 -0.00333303 -103.601 0 0 0 1 
Seq_Frame0139_ForcepToReference-SequenceTransformStatus = OK
Seq_Frame0139_Timestamp = 14.689
Seq_Frame0140_ForcepToReference-SequenceTransform =0.336404 -0.704874 -0.624488 23.065 0.265093 -0.56544 0.781027 -72.5294 -0.903636 -0.428288 -0.00335923 -103.651 0 0 0 1 
Seq_Frame0140_ForcepToReference-SequenceTransformStatus = OK
Seq_Frame0140_Timestamp = 14.792
Seq_Frame0141_ForcepToReference-SequenceTransform =0.336994 -0.704472 -0.624623 23.1499 0.264097 -0.566064 0.780912 -72.6757 -0.903708 -0.428124 -0.00471081 -103.565 0 0 0 1 
Seq_Frame0141_ForcepToReference-SequenceTransformStatus = OK
Seq_Frame0141_Timestamp = 14.892
Seq_Frame0142_ForcepToReference-SequenceTransform =0.336813 -0.704548 -0.624636 23.1096 0.264126 -0.566063 0.780903 -72.6388 -0.903767 -0.428001 -0.00456778 -103.597 0 0 0 1 
Seq_Frame0142_ForcepToReference-SequenceTransformStatus = OK
Seq_Frame0142_Timestamp = 14.993
Seq_Frame0143_ForcepToReference-SequenceTransform =0.33465 -0.704378 -0.625988 23.0915 0.26239 -0.568368 0.779814 -72.8404 -0.905075 -0.425218 -0.00538245 -103.395 0 0 0 1 
Seq_Frame0143_ForcepToReference-SequenceTransformStatus = OK
Seq_Frame0143_Timestamp = 15.098
Seq_Frame0144_ForcepToReference-SequenceTransform =0.335957 -0.704443 -0.625214 23.1086 0.2639 -0.566807 0.78044 -72.7104 -0.904151 -0.427188 -0.00452092 -103.565 0 0 0 1 
Seq_Frame0144_ForcepToReference-SequenceTransformStatus = OK
Seq_Frame0144_Timestamp = 15.201
Seq_Frame0145_ForcepToReference-SequenceTransform =0.335105 -0.704476 -0.625635 23.1231 0.263211 -0.567593 0.780102 -72.7622 -0.904668 -0.42609 -0.00477735 -103.514 0 0 0 1 
Seq_Frame0145_ForcepToReference-SequenceTransformStatus = OK
Seq_Frame0145_Timestamp = 15.307
Seq_Frame0146_ForcepToReference-SequenceTransform =0.335995 -0.704796 -0.624797 23.0664 0.264734 -0.56595 0.780779 -72.586 -0.903894 -0.427742 -0.00357325 -103.578 0 0 0 1 
Seq_Frame0146_ForcepToReference-SequenceTransformStatus = OK
Seq_Frame0146_Timestamp = 15.417
Seq_Frame0147_ForcepToReference-SequenceTransform =0.335842 -0.704704 -0.624982 23.0524 0.263993 -0.566505 0.780628 -72.6164 -0.904167 -0.427159 -0.00421974 -103.612 0 0 0 1 
Seq_Frame0147_ForcepToReference-SequenceTransformStatus = OK
Seq_Frame0147_Timestamp = 15.517
Seq_Frame0148_ForcepToReference-SequenceTransform =0.336016 -0.704662 -0.624935 23.0603 0.263455 -0.566709 0.780662 -72.6469 -0.904259 -0.426957 -0.00477683 -103.533 0 0 0 1 
