ObjectType = Image
NDims = 3
AnatomicalOrientation = RAI
BinaryData = True
CompressedData = False
DimSize = 0 0 2868
ElementSpacing = 1 1 1
Offset = 0 0 0
TransformMatrix = 1 0 0 0 1 0 0 0 1
ElementType = MET_UCHAR
Kinds = domain domain list
Seq_Frame0000_ForcepToReference-SequenceTransform =0.691199 0.132494 -0.710415 61.2854 0.577452 -0.692322 0.432712 -2.28696 -0.434504 -0.709321 -0.555041 -2.38039 0 0 0 1 
Seq_Frame0000_ForcepToReference-SequenceTransformStatus = OK
Seq_Frame0000_Timestamp = 0.00699997
Seq_Frame0001_ForcepToReference-SequenceTransform =0.690516 0.132553 -0.711067 61.2847 0.578052 -0.692056 0.432336 -2.30689 -0.434791 -0.709569 -0.554498 -2.34511 0 0 0 1 
Seq_Frame0001_ForcepToReference-SequenceTransformStatus = OK
Seq_Frame0001_Timestamp = 0.115
Seq_Frame0002_ForcepToReference-SequenceTransform =0.691535 0.132479 -0.710091 61.2885 0.577549 -0.691819 0.433386 -2.31489 -0.43384 -0.709814 -0.55493 -2.35175 0 0 0 1 
Seq_Frame0002_ForcepToReference-SequenceTransformStatus = OK
Seq_Frame0002_Timestamp = 0.22
Seq_Frame0003_ForcepToReference-SequenceTransform =0.691526 0.132575 -0.710081 61.2829 0.577344 -0.692222 0.433016 -2.31366 -0.434126 -0.709403 -0.555231 -2.38489 0 0 0 1 
Seq_Frame0003_ForcepToReference-SequenceTransformStatus = OK
Seq_Frame0003_Timestamp = 0.331
Seq_Frame0004_ForcepToReference-SequenceTransform =0.69157 0.132554 -0.710043 61.2798 0.576832 -0.693001 0.432451 -2.28217 -0.434737 -0.708646 -0.55572 -2.44448 0 0 0 1 
Seq_Frame0004_ForcepToReference-SequenceTransformStatus = OK
Seq_Frame0004_Timestamp = 0.435
Seq_Frame0005_ForcepToReference-SequenceTransform =0.691822 0.132673 -0.709775 61.2841 0.576844 -0.692803 0.432753 -2.29302 -0.43432 -0.708817 -0.555828 -2.3929 0 0 0 1 
Seq_Frame0005_ForcepToReference-SequenceTransformStatus = OK
Seq_Frame0005_Timestamp = 0.542
Seq_Frame0006_ForcepToReference-SequenceTransform =0.690783 0.132489 -0.710821 61.2738 0.578255 -0.69142 0.433081 -2.3193 -0.434097 -0.710201 -0.554233 -2.40466 0 0 0 1 
Seq_Frame0006_ForcepToReference-SequenceTransformStatus = OK
Seq_Frame0006_Timestamp = 0.65
Seq_Frame0007_ForcepToReference-SequenceTransform =0.691296 0.132463 -0.710326 61.2772 0.577718 -0.69177 0.433239 -2.30261 -0.433994 -0.709865 -0.554744 -2.37996 0 0 0 1 
Seq_Frame0007_ForcepToReference-SequenceTransformStatus = OK
Seq_Frame0007_Timestamp = 0.754
Seq_Frame0008_ForcepToReference-SequenceTransform =0.69196 0.1328 -0.709616 61.2899 0.576029 -0.694072 0.431805 -2.27453 -0.435181 -0.707551 -0.556766 -2.40047 0 0 0 1 
Seq_Frame0008_ForcepToReference-SequenceTransformStatus = OK
Seq_Frame0008_Timestamp = 0.86
Seq_Frame0009_ForcepToReference-SequenceTransform =0.690604 0.132375 -0.711015 61.2668 0.578235 -0.691561 0.432882 -2.29907 -0.434408 -0.710084 -0.554139 -2.43554 0 0 0 1 
Seq_Frame0009_ForcepToReference-SequenceTransformStatus = OK
Seq_Frame0009_Timestamp = 0.964
Seq_Frame0010_ForcepToReference-SequenceTransform =0.691137 0.132512 -0.710471 61.2908 0.577124 -0.692928 0.432179 -2.28563 -0.435036 -0.708726 -0.555384 -2.38337 0 0 0 1 
Seq_Frame0010_ForcepToReference-SequenceTransformStatus = OK
Seq_Frame0010_Timestamp = 1.07
Seq_Frame0011_ForcepToReference-SequenceTransform =0.691529 0.132765 -0.710043 61.2897 0.576736 -0.693325 0.432059 -2.2699 -0.434929 -0.708289 -0.556025 -2.37584 0 0 0 1 
Seq_Frame0011_ForcepToReference-SequenceTransformStatus = OK
Seq_Frame0011_Timestamp = 1.175
Seq_Frame0012_ForcepToReference-SequenceTransform =0.690557 0.132167 -0.7111 61.2655 0.578231 -0.691489 0.433004 -2.29058 -0.434489 -0.710194 -0.553935 -2.41002 0 0 0 1 
Seq_Frame0012_ForcepToReference-SequenceTransformStatus = OK
Seq_Frame0012_Timestamp = 1.28
Seq_Frame0013_ForcepToReference-SequenceTransform =0.693894 0.133891 -0.70752 61.2913 0.574254 -0.695705 0.43154 -2.25121 -0.434446 -0.705739 -0.559633 -2.44393 0 0 0 1 
Seq_Frame0013_ForcepToReference-SequenceTransformStatus = OK
Seq_Frame0013_Timestamp = 1.397
Seq_Frame0014_ForcepToReference-SequenceTransform =0.691593 0.132823 -0.70997 61.3125 0.575381 -0.695498 0.430372 -2.24155 -0.436619 -0.706145 -0.557425 -2.31208 0 0 0 1 
Seq_Frame0014_ForcepToReference-SequenceTransformStatus = OK
Seq_Frame0014_Timestamp = 1.506
Seq_Frame0015_ForcepToReference-SequenceTransform =0.691857 0.132732 -0.70973 61.259 0.577621 -0.691534 0.433745 -2.321 -0.433231 -0.710044 -0.555111 -2.46058 0 0 0 1 
Seq_Frame0015_ForcepToReference-SequenceTransformStatus = OK
Seq_Frame0015_Timestamp = 1.614
Seq_Frame0016_ForcepToReference-SequenceTransform =0.691721 0.13269 -0.70987 61.26 0.577899 -0.691189 0.433925 -2.32798 -0.433077 -0.710388 -0.554791 -2.41248 0 0 0 1 
Seq_Frame0016_ForcepToReference-SequenceTransformStatus = OK
Seq_Frame0016_Timestamp = 1.72
Seq_Frame0017_ForcepToReference-SequenceTransform =0.691484 0.1331 -0.710024 61.2378 0.578008 -0.691497 0.433288 -2.36775 -0.433308 -0.710012 -0.555092 -2.31653 0 0 0 1 
Seq_Frame0017_ForcepToReference-SequenceTransformStatus = OK
Seq_Frame0017_Timestamp = 1.825
Seq_Frame0018_ForcepToReference-SequenceTransform =0.692445 0.13341 -0.709029 61.2459 0.57667 -0.692916 0.432804 -2.34485 -0.433557 -0.708569 -0.55674 -2.29732 0 0 0 1 
Seq_Frame0018_ForcepToReference-SequenceTransformStatus = OK
Seq_Frame0018_Timestamp = 1.93
Seq_Frame0019_ForcepToReference-SequenceTransform =0.690697 0.133651 -0.710687 61.2114 0.579294 -0.690511 0.433143 -2.33762 -0.432847 -0.710867 -0.554357 -2.33908 0 0 0 1 
Seq_Frame0019_ForcepToReference-SequenceTransformStatus = OK
Seq_Frame0019_Timestamp = 2.035
Seq_Frame0020_ForcepToReference-SequenceTransform =0.691495 0.134659 -0.709719 61.1821 0.578869 -0.691025 0.432892 -2.34438 -0.432141 -0.710177 -0.55579 -2.34047 0 0 0 1 
Seq_Frame0020_ForcepToReference-SequenceTransformStatus = OK
Seq_Frame0020_Timestamp = 2.14
Seq_Frame0021_ForcepToReference-SequenceTransform =0.692404 0.129471 -0.709798 61.264 0.583136 -0.679746 0.444857 -2.71533 -0.424887 -0.72193 -0.546158 -1.82199 0 0 0 1 
Seq_Frame0021_ForcepToReference-SequenceTransformStatus = OK
Seq_Frame0021_Timestamp = 2.244
Seq_Frame0022_ForcepToReference-SequenceTransform =0.694693 0.125347 -0.708301 61.4506 0.588635 -0.665012 0.459639 -3.44421 -0.413415 -0.736238 -0.535762 -1.33272 0 0 0 1 
Seq_Frame0022_ForcepToReference-SequenceTransformStatus = OK
Seq_Frame0022_Timestamp = 2.35
Seq_Frame0023_ForcepToReference-SequenceTransform =0.692324 0.120437 -0.711465 61.7261 0.584399 -0.671951 0.454928 -3.12925 -0.42328 -0.730737 -0.535591 -1.48771 0 0 0 1 
Seq_Frame0023_ForcepToReference-SequenceTransformStatus = OK
Seq_Frame0023_Timestamp = 2.456
Seq_Frame0024_ForcepToReference-SequenceTransform =0.69292 0.133763 -0.708498 61.1955 0.578852 -0.689063 0.436031 -2.48493 -0.429875 -0.71225 -0.554894 -2.21607 0 0 0 1 
Seq_Frame0024_ForcepToReference-SequenceTransformStatus = OK
Seq_Frame0024_Timestamp = 2.565
Seq_Frame0025_ForcepToReference-SequenceTransform =0.692253 0.133117 -0.709271 61.2711 0.577421 -0.6917 0.433747 -2.32493 -0.432864 -0.709811 -0.555696 -2.38759 0 0 0 1 
Seq_Frame0025_ForcepToReference-SequenceTransformStatus = OK
Seq_Frame0025_Timestamp = 2.669
Seq_Frame0026_ForcepToReference-SequenceTransform =0.691688 0.1332 -0.709806 61.2712 0.577788 -0.691715 0.433234 -2.34991 -0.433277 -0.70978 -0.555412 -2.3494 0 0 0 1 
Seq_Frame0026_ForcepToReference-SequenceTransformStatus = OK
Seq_Frame0026_Timestamp = 2.775
Seq_Frame0027_ForcepToReference-SequenceTransform =0.691462 0.13348 -0.709975 61.2721 0.577787 -0.692113 0.432599 -2.30598 -0.43364 -0.70934 -0.555692 -2.34004 0 0 0 1 
Seq_Frame0027_ForcepToReference-SequenceTransformStatus = OK
Seq_Frame0027_Timestamp = 2.88
Seq_Frame0028_ForcepToReference-SequenceTransform =0.690796 0.133309 -0.710654 61.267 0.578164 -0.692055 0.432188 -2.3067 -0.434197 -0.709428 -0.555144 -2.36399 0 0 0 1 
Seq_Frame0028_ForcepToReference-SequenceTransformStatus = OK
Seq_Frame0028_Timestamp = 2.99
Seq_Frame0029_ForcepToReference-SequenceTransform =0.690382 0.132993 -0.711116 61.2668 0.57837 -0.691938 0.432099 -2.31274 -0.434582 -0.709601 -0.554621 -2.38935 0 0 0 1 
Seq_Frame0029_ForcepToReference-SequenceTransformStatus = OK
Seq_Frame0029_Timestamp = 3.095
Seq_Frame0030_ForcepToReference-SequenceTransform =0.690247 0.132919 -0.71126 61.2692 0.578578 -0.691686 0.432224 -2.30412 -0.434518 -0.709861 -0.554339 -2.37825 0 0 0 1 
Seq_Frame0030_ForcepToReference-SequenceTransformStatus = OK
Seq_Frame0030_Timestamp = 3.199
Seq_Frame0031_ForcepToReference-SequenceTransform =0.690242 0.132999 -0.711251 61.2725 0.578536 -0.691809 0.432083 -2.31139 -0.434583 -0.709726 -0.554461 -2.33654 0 0 0 1 
Seq_Frame0031_ForcepToReference-SequenceTransformStatus = OK
Seq_Frame0031_Timestamp = 3.305
Seq_Frame0032_ForcepToReference-SequenceTransform =0.690046 0.132755 -0.711486 61.2754 0.578489 -0.691931 0.431951 -2.30759 -0.434956 -0.709653 -0.554262 -2.3453 0 0 0 1 
Seq_Frame0032_ForcepToReference-SequenceTransformStatus = OK
Seq_Frame0032_Timestamp = 3.406
Seq_Frame0033_ForcepToReference-SequenceTransform =0.690593 0.133264 -0.71086 61.275 0.578451 -0.691762 0.432274 -2.3137 -0.434139 -0.709723 -0.554812 -2.34156 0 0 0 1 
Seq_Frame0033_ForcepToReference-SequenceTransformStatus = OK
Seq_Frame0033_Timestamp = 3.506
Seq_Frame0034_ForcepToReference-SequenceTransform =0.69006 0.132923 -0.711441 61.2637 0.578781 -0.691542 0.432182 -2.28883 -0.434545 -0.71 -0.554139 -2.36263 0 0 0 1 
Seq_Frame0034_ForcepToReference-SequenceTransformStatus = OK
Seq_Frame0034_Timestamp = 3.607
Seq_Frame0035_ForcepToReference-SequenceTransform =0.691067 0.132762 -0.710493 61.268 0.578518 -0.690871 0.433606 -2.32621 -0.433292 -0.710684 -0.554243 -2.35489 0 0 0 1 
Seq_Frame0035_ForcepToReference-SequenceTransformStatus = OK
Seq_Frame0035_Timestamp = 3.707
Seq_Frame0036_ForcepToReference-SequenceTransform =0.691678 0.133344 -0.70979 61.2662 0.578762 -0.690212 0.434328 -2.40281 -0.431991 -0.711215 -0.554579 -2.37207 0 0 0 1 
Seq_Frame0036_ForcepToReference-SequenceTransformStatus = OK
Seq_Frame0036_Timestamp = 3.82
Seq_Frame0037_ForcepToReference-SequenceTransform =0.690524 0.136964 -0.710223 61.189 0.574612 -0.700254 0.423633 -1.96992 -0.439315 -0.700632 -0.562244 -2.83504 0 0 0 1 
Seq_Frame0037_ForcepToReference-SequenceTransformStatus = OK
Seq_Frame0037_Timestamp = 4.674
Seq_Frame0038_ForcepToReference-SequenceTransform =0.7211 0.326963 0.610828 17.6437 -0.442569 0.895702 0.0430161 161.102 -0.533055 -0.301353 0.790594 -73.8708 0 0 0 1 
Seq_Frame0038_ForcepToReference-SequenceTransformStatus = OK
Seq_Frame0038_Timestamp = 4.78
Seq_Frame0039_ForcepToReference-SequenceTransform =0.744162 0.199885 0.637393 11.1454 -0.36099 0.923188 0.13195 189.017 -0.562058 -0.328284 0.759157 -74.7686 0 0 0 1 
Seq_Frame0039_ForcepToReference-SequenceTransformStatus = OK
Seq_Frame0039_Timestamp = 5.154
Seq_Frame0040_ForcepToReference-SequenceTransform =0.744162 0.199885 0.637393 11.1454 -0.36099 0.923188 0.13195 189.017 -0.562058 -0.328284 0.759157 -74.7686 0 0 0 1 
Seq_Frame0040_ForcepToReference-SequenceTransformStatus = OK
Seq_Frame0040_Timestamp = 5.259
Seq_Frame0041_ForcepToReference-SequenceTransform =0.744162 0.199885 0.637393 11.1454 -0.36099 0.923188 0.13195 189.017 -0.562058 -0.328284 0.759157 -74.7686 0 0 0 1 
Seq_Frame0041_ForcepToReference-SequenceTransformStatus = OK
Seq_Frame0041_Timestamp = 5.365
Seq_Frame0042_ForcepToReference-SequenceTransform =0.744162 0.199885 0.637393 11.1454 -0.36099 0.923188 0.13195 189.017 -0.562058 -0.328284 0.759157 -74.7686 0 0 0 1 
Seq_Frame0042_ForcepToReference-SequenceTransformStatus = OK
Seq_Frame0042_Timestamp = 5.469
Seq_Frame0043_ForcepToReference-SequenceTransform =0.744162 0.199885 0.637393 11.1454 -0.36099 0.923188 0.13195 189.017 -0.562058 -0.328284 0.759157 -74.7686 0 0 0 1 
Seq_Frame0043_ForcepToReference-SequenceTransformStatus = OK
Seq_Frame0043_Timestamp = 5.575
Seq_Frame0044_ForcepToReference-SequenceTransform =0.744162 0.199885 0.637393 11.1454 -0.36099 0.923188 0.13195 189.017 -0.562058 -0.328284 0.759157 -74.7686 0 0 0 1 
Seq_Frame0044_ForcepToReference-SequenceTransformStatus = OK
Seq_Frame0044_Timestamp = 5.686
Seq_Frame0045_ForcepToReference-SequenceTransform =0.744162 0.199885 0.637393 11.1454 -0.36099 0.923188 0.13195 189.017 -0.562058 -0.328284 0.759157 -74.7686 0 0 0 1 
Seq_Frame0045_ForcepToReference-SequenceTransformStatus = OK
Seq_Frame0045_Timestamp = 5.79
Seq_Frame0046_ForcepToReference-SequenceTransform =0.744162 0.199885 0.637393 11.1454 -0.36099 0.923188 0.13195 189.017 -0.562058 -0.328284 0.759157 -74.7686 0 0 0 1 
Seq_Frame0046_ForcepToReference-SequenceTransformStatus = OK
Seq_Frame0046_Timestamp = 5.895
Seq_Frame0047_ForcepToReference-SequenceTransform =0.744162 0.199885 0.637393 11.1454 -0.36099 0.923188 0.13195 189.017 -0.562058 -0.328284 0.759157 -74.7686 0 0 0 1 
Seq_Frame0047_ForcepToReference-SequenceTransformStatus = OK
Seq_Frame0047_Timestamp = 6.005
Seq_Frame0048_ForcepToReference-SequenceTransform =0.744162 0.199885 0.637393 11.1454 -0.36099 0.923188 0.13195 189.017 -0.562058 -0.328284 0.759157 -74.7686 0 0 0 1 
Seq_Frame0048_ForcepToReference-SequenceTransformStatus = OK
Seq_Frame0048_Timestamp = 6.109
Seq_Frame0049_ForcepToReference-SequenceTransform =0.744162 0.199885 0.637393 11.1454 -0.36099 0.923188 0.13195 189.017 -0.562058 -0.328284 0.759157 -74.7686 0 0 0 1 
Seq_Frame0049_ForcepToReference-SequenceTransformStatus = OK
Seq_Frame0049_Timestamp = 6.214
Seq_Frame0050_ForcepToReference-SequenceTransform =0.744162 0.199885 0.637393 11.1454 -0.36099 0.923188 0.13195 189.017 -0.562058 -0.328284 0.759157 -74.7686 0 0 0 1 
Seq_Frame0050_ForcepToReference-SequenceTransformStatus = OK
Seq_Frame0050_Timestamp = 6.319
Seq_Frame0051_ForcepToReference-SequenceTransform =0.744162 0.199885 0.637393 11.1454 -0.36099 0.923188 0.13195 189.017 -0.562058 -0.328284 0.759157 -74.7686 0 0 0 1 
Seq_Frame0051_ForcepToReference-SequenceTransformStatus = OK
Seq_Frame0051_Timestamp = 6.425
Seq_Frame0052_ForcepToReference-SequenceTransform =-0.2898 -0.855908 -0.428296 69.3575 0.361454 0.316483 -0.877034 330.51 0.886209 -0.408974 0.217655 358.484 0 0 0 1 
Seq_Frame0052_ForcepToReference-SequenceTransformStatus = OK
Seq_Frame0052_Timestamp = 6.785
Seq_Frame0053_ForcepToReference-SequenceTransform =-0.238598 -0.88267 -0.404925 69.3468 0.349996 0.310786 -0.883694 329.769 0.905855 -0.35257 0.234778 357.265 0 0 0 1 
Seq_Frame0053_ForcepToReference-SequenceTransformStatus = OK
Seq_Frame0053_Timestamp = 7.72
Seq_Frame0054_ForcepToReference-SequenceTransform =-0.361525 -0.135832 0.922415 -50.8933 -0.184117 0.98025 0.0721872 233.635 -0.914002 -0.143735 -0.379394 -112.33 0 0 0 1 
Seq_Frame0054_ForcepToReference-SequenceTransformStatus = OK
Seq_Frame0054_Timestamp = 8.15
Seq_Frame0055_ForcepToReference-SequenceTransform =-0.529772 0.11086 0.840864 -53.6714 0.227558 0.973649 0.015002 227.71 -0.817043 0.199293 -0.541039 -129.142 0 0 0 1 
Seq_Frame0055_ForcepToReference-SequenceTransformStatus = OK
Seq_Frame0055_Timestamp = 8.255
Seq_Frame0056_ForcepToReference-SequenceTransform =-0.330744 0.16498 0.929188 -37.1913 0.379645 0.924676 -0.0290448 218.604 -0.86399 0.343155 -0.368465 -106.419 0 0 0 1 
Seq_Frame0056_ForcepToReference-SequenceTransformStatus = OK
Seq_Frame0056_Timestamp = 8.36
Seq_Frame0057_ForcepToReference-SequenceTransform =-0.161076 0.0232292 0.986669 -17.5662 0.354545 0.93435 0.0358828 230.726 -0.92106 0.355599 -0.158737 -51.2621 0 0 0 1 
Seq_Frame0057_ForcepToReference-SequenceTransformStatus = OK
Seq_Frame0057_Timestamp = 8.469
Seq_Frame0058_ForcepToReference-SequenceTransform =0.0242569 -0.0716403 0.997136 5.93745 0.137919 0.988131 0.0676383 231.517 -0.990146 0.135883 0.0338496 -1.95622 0 0 0 1 
Seq_Frame0058_ForcepToReference-SequenceTransformStatus = OK
Seq_Frame0058_Timestamp = 8.575
Seq_Frame0059_ForcepToReference-SequenceTransform =-0.515956 -0.399186 -0.757918 57.8233 0.805685 -0.526674 -0.271082 223.341 -0.290964 -0.75051 0.593359 -3.30777 0 0 0 1 
Seq_Frame0059_ForcepToReference-SequenceTransformStatus = OK
Seq_Frame0059_Timestamp = 10.4
Seq_Frame0060_ForcepToReference-SequenceTransform =-0.232532 -0.348475 -0.908016 101.516 0.74588 -0.663052 0.0634526 181.024 -0.624173 -0.662516 0.414101 -11.638 0 0 0 1 
Seq_Frame0060_ForcepToReference-SequenceTransformStatus = OK
Seq_Frame0060_Timestamp = 10.505
Seq_Frame0061_ForcepToReference-SequenceTransform =0.0575748 -0.323521 -0.944468 134.492 0.652795 -0.703571 0.280798 151.476 -0.755344 -0.63271 0.170685 -0.102665 0 0 0 1 
Seq_Frame0061_ForcepToReference-SequenceTransformStatus = OK
Seq_Frame0061_Timestamp = 10.61
Seq_Frame0062_ForcepToReference-SequenceTransform =0.0977194 -0.251992 -0.962783 151.856 0.62624 -0.736306 0.256277 146.707 -0.773482 -0.627976 0.0858563 7.15449 0 0 0 1 
Seq_Frame0062_ForcepToReference-SequenceTransformStatus = OK
Seq_Frame0062_Timestamp = 10.72
Seq_Frame0063_ForcepToReference-SequenceTransform =0.231333 -0.173833 -0.957218 164.882 0.555127 -0.784423 0.276612 143.784 -0.798948 -0.595367 -0.0849641 24.6105 0 0 0 1 
Seq_Frame0063_ForcepToReference-SequenceTransformStatus = OK
Seq_Frame0063_Timestamp = 10.823
Seq_Frame0064_ForcepToReference-SequenceTransform =0.310258 -0.139283 -0.940394 169.803 0.524786 -0.799734 0.291589 142.593 -0.792679 -0.583973 -0.17503 38.8287 0 0 0 1 
Seq_Frame0064_ForcepToReference-SequenceTransformStatus = OK
Seq_Frame0064_Timestamp = 10.932
Seq_Frame0065_ForcepToReference-SequenceTransform =0.171974 -0.148897 -0.973784 164.108 0.532826 -0.817374 0.219081 146.763 -0.828566 -0.556533 -0.0612306 17.7699 0 0 0 1 
Seq_Frame0065_ForcepToReference-SequenceTransformStatus = OK
Seq_Frame0065_Timestamp = 11.04
Seq_Frame0066_ForcepToReference-SequenceTransform =0.0015431 -0.140306 -0.990107 148.661 0.628721 -0.769802 0.110067 153.615 -0.777629 -0.622671 0.0870253 9.52929 0 0 0 1 
Seq_Frame0066_ForcepToReference-SequenceTransformStatus = OK
Seq_Frame0066_Timestamp = 11.148
Seq_Frame0067_ForcepToReference-SequenceTransform =-0.10768 -0.0850644 -0.99054 127.397 0.672588 -0.739955 -0.00957109 158.041 -0.732141 -0.667256 0.136892 11.2832 0 0 0 1 
Seq_Frame0067_ForcepToReference-SequenceTransformStatus = OK
Seq_Frame0067_Timestamp = 11.256
Seq_Frame0068_ForcepToReference-SequenceTransform =-0.277645 -0.0226412 -0.960417 103.002 0.703403 -0.685703 -0.18718 171.441 -0.654322 -0.72753 0.206308 2.91779 0 0 0 1 
Seq_Frame0068_ForcepToReference-SequenceTransformStatus = OK
Seq_Frame0068_Timestamp = 11.36
Seq_Frame0069_ForcepToReference-SequenceTransform =-0.413544 -0.0366397 -0.909746 85.3038 0.696253 -0.656582 -0.290053 186.949 -0.586696 -0.753364 0.297036 -11.3111 0 0 0 1 
Seq_Frame0069_ForcepToReference-SequenceTransformStatus = OK
Seq_Frame0069_Timestamp = 11.465
Seq_Frame0070_ForcepToReference-SequenceTransform =0.366977 0.0111782 0.930163 67.0537 -0.25341 0.963311 0.0884014 206.658 -0.895048 -0.268154 0.356346 -22.2742 0 0 0 1 
Seq_Frame0070_ForcepToReference-SequenceTransformStatus = OK
Seq_Frame0070_Timestamp = 11.57
Seq_Frame0071_ForcepToReference-SequenceTransform =-0.784481 0.432411 -0.444534 84.5371 0.603327 0.697994 -0.385747 245.973 0.14348 -0.57081 -0.808448 193.558 0 0 0 1 
Seq_Frame0071_ForcepToReference-SequenceTransformStatus = OK
Seq_Frame0071_Timestamp = 11.78
Seq_Frame0072_ForcepToReference-SequenceTransform =-0.863838 -0.314182 -0.393795 79.7092 -0.376635 -0.116352 0.919026 244.255 -0.33456 0.942206 -0.0178229 169.556 0 0 0 1 
Seq_Frame0072_ForcepToReference-SequenceTransformStatus = OK
Seq_Frame0072_Timestamp = 11.98
Seq_Frame0073_ForcepToReference-SequenceTransform =-0.863838 -0.314182 -0.393795 79.7092 -0.376635 -0.116352 0.919026 244.255 -0.33456 0.942206 -0.0178229 169.556 0 0 0 1 
Seq_Frame0073_ForcepToReference-SequenceTransformStatus = OK
Seq_Frame0073_Timestamp = 12.09
Seq_Frame0074_ForcepToReference-SequenceTransform =-0.863838 -0.314182 -0.393795 79.7092 -0.376635 -0.116352 0.919026 244.255 -0.33456 0.942206 -0.0178229 169.556 0 0 0 1 
Seq_Frame0074_ForcepToReference-SequenceTransformStatus = OK
Seq_Frame0074_Timestamp = 12.194
Seq_Frame0075_ForcepToReference-SequenceTransform =-0.863838 -0.314182 -0.393795 79.7092 -0.376635 -0.116352 0.919026 244.255 -0.33456 0.942206 -0.0178229 169.556 0 0 0 1 
Seq_Frame0075_ForcepToReference-SequenceTransformStatus = OK
Seq_Frame0075_Timestamp = 12.3
Seq_Frame0076_ForcepToReference-SequenceTransform =-0.477932 -0.20823 -0.853359 59.462 0.739274 -0.620033 -0.262742 195.885 -0.4744 -0.756439 0.450272 -8.99291 0 0 0 1 
Seq_Frame0076_ForcepToReference-SequenceTransformStatus = OK
Seq_Frame0076_Timestamp = 12.405
Seq_Frame0077_ForcepToReference-SequenceTransform =-0.0672367 0.0604568 0.995904 37.5328 -0.247798 0.965876 -0.0753636 187.441 -0.966476 -0.25185 -0.0499612 -33.4849 0 0 0 1 
Seq_Frame0077_ForcepToReference-SequenceTransformStatus = OK
Seq_Frame0077_Timestamp = 14.379
Seq_Frame0078_ForcepToReference-SequenceTransform =-0.272322 0.182976 0.944648 22.0582 -0.376266 0.883327 -0.279567 168.86 -0.885587 -0.431572 -0.171702 -80.3618 0 0 0 1 
Seq_Frame0078_ForcepToReference-SequenceTransformStatus = OK
Seq_Frame0078_Timestamp = 14.485
Seq_Frame0079_ForcepToReference-SequenceTransform =-0.368191 -0.43408 -0.822198 82.364 0.69881 -0.712507 0.0632328 202.509 -0.61327 -0.551279 0.565678 -22.4145 0 0 0 1 
Seq_Frame0079_ForcepToReference-SequenceTransformStatus = OK
Seq_Frame0079_Timestamp = 14.7
Seq_Frame0080_ForcepToReference-SequenceTransform =-0.215621 -0.440388 -0.871531 107.748 0.674931 -0.712218 0.192905 184.707 -0.705674 -0.546629 0.450801 -10.5306 0 0 0 1 
Seq_Frame0080_ForcepToReference-SequenceTransformStatus = OK
Seq_Frame0080_Timestamp = 14.805
Seq_Frame0081_ForcepToReference-SequenceTransform =-0.0593203 -0.456985 -0.887494 121.819 0.648954 -0.693206 0.313567 175.584 -0.758512 -0.557342 0.337683 -1.89515 0 0 0 1 
Seq_Frame0081_ForcepToReference-SequenceTransformStatus = OK
Seq_Frame0081_Timestamp = 14.906
Seq_Frame0082_ForcepToReference-SequenceTransform =0.0700112 -0.445486 -0.892547 134.311 0.628081 -0.675438 0.386389 171.109 -0.774992 -0.587644 0.232513 9.9224 0 0 0 1 
Seq_Frame0082_ForcepToReference-SequenceTransformStatus = OK
Seq_Frame0082_Timestamp = 15.025
Seq_Frame0083_ForcepToReference-SequenceTransform =0.0968935 -0.428406 -0.898376 138.999 0.639407 -0.664927 0.386044 169.903 -0.762739 -0.611834 0.209499 12.9758 0 0 0 1 
Seq_Frame0083_ForcepToReference-SequenceTransformStatus = OK
Seq_Frame0083_Timestamp = 15.13
Seq_Frame0084_ForcepToReference-SequenceTransform =0.0647364 -0.397901 -0.915142 141.474 0.640826 -0.686409 0.34378 171.561 -0.764952 -0.608701 0.210549 16.9638 0 0 0 1 
Seq_Frame0084_ForcepToReference-SequenceTransformStatus = OK
Seq_Frame0084_Timestamp = 15.241
Seq_Frame0085_ForcepToReference-SequenceTransform =0.0745411 -0.369522 -0.926227 143.435 0.613908 -0.714939 0.334634 169.819 -0.785851 -0.593562 0.17356 19.007 0 0 0 1 
Seq_Frame0085_ForcepToReference-SequenceTransformStatus = OK
Seq_Frame0085_Timestamp = 15.345
Seq_Frame0086_ForcepToReference-SequenceTransform =0.119242 -0.371699 -0.920663 146.885 0.597726 -0.71354 0.365493 163.488 -0.792783 -0.593886 0.137091 19.374 0 0 0 1 
Seq_Frame0086_ForcepToReference-SequenceTransformStatus = OK
Seq_Frame0086_Timestamp = 15.45
Seq_Frame0087_ForcepToReference-SequenceTransform =0.201183 -0.3655 -0.90881 152.411 0.566734 -0.7133 0.412329 157.411 -0.79896 -0.598007 0.0636378 21.7021 0 0 0 1 
Seq_Frame0087_ForcepToReference-SequenceTransformStatus = OK
Seq_Frame0087_Timestamp = 15.555
Seq_Frame0088_ForcepToReference-SequenceTransform =0.204131 -0.340475 -0.917828 155.443 0.557661 -0.730129 0.394874 157.85 -0.804577 -0.592443 0.0408276 25.4923 0 0 0 1 
Seq_Frame0088_ForcepToReference-SequenceTransformStatus = OK
Seq_Frame0088_Timestamp = 15.66
Seq_Frame0089_ForcepToReference-SequenceTransform =0.231377 -0.320392 -0.918593 157.841 0.543989 -0.740201 0.395193 158.578 -0.806561 -0.591144 0.00302407 28.503 0 0 0 1 
Seq_Frame0089_ForcepToReference-SequenceTransformStatus = OK
Seq_Frame0089_Timestamp = 15.765
Seq_Frame0090_ForcepToReference-SequenceTransform =0.320386 -0.32836 -0.888556 161.622 0.508078 -0.732103 0.453741 154.205 -0.799506 -0.596829 -0.0677234 28.7231 0 0 0 1 
Seq_Frame0090_ForcepToReference-SequenceTransformStatus = OK
Seq_Frame0090_Timestamp = 15.87
Seq_Frame0091_ForcepToReference-SequenceTransform =0.326438 -0.330708 -0.885477 162.783 0.50414 -0.73151 0.45906 151.972 -0.799551 -0.596259 -0.0720691 29.2008 0 0 0 1 
Seq_Frame0091_ForcepToReference-SequenceTransformStatus = OK
Seq_Frame0091_Timestamp = 15.975
Seq_Frame0092_ForcepToReference-SequenceTransform =0.327954 -0.318952 -0.889222 163.083 0.513143 -0.730168 0.451154 152.288 -0.793178 -0.604255 -0.0757938 30.7408 0 0 0 1 
Seq_Frame0092_ForcepToReference-SequenceTransformStatus = OK
Seq_Frame0092_Timestamp = 16.085
Seq_Frame0093_ForcepToReference-SequenceTransform =0.340559 -0.300914 -0.89077 163.211 0.518117 -0.730515 0.444863 153.7 -0.784586 -0.613025 -0.0928747 33.3601 0 0 0 1 
Seq_Frame0093_ForcepToReference-SequenceTransformStatus = OK
Seq_Frame0093_Timestamp = 16.195
Seq_Frame0094_ForcepToReference-SequenceTransform =0.344116 -0.288644 -0.893459 164.638 0.498705 -0.750063 0.434394 151.988 -0.795536 -0.595054 -0.11416 35.2143 0 0 0 1 
Seq_Frame0094_ForcepToReference-SequenceTransformStatus = OK
Seq_Frame0094_Timestamp = 16.299
Seq_Frame0095_ForcepToReference-SequenceTransform =0.364915 -0.296088 -0.882705 166.827 0.488264 -0.746392 0.452215 149.342 -0.792739 -0.596013 -0.127801 34.2197 0 0 0 1 
Seq_Frame0095_ForcepToReference-SequenceTransformStatus = OK
Seq_Frame0095_Timestamp = 16.405
Seq_Frame0096_ForcepToReference-SequenceTransform =0.367526 -0.290861 -0.88336 167.794 0.493012 -0.744458 0.450246 151.051 -0.788584 -0.600984 -0.13021 35.5765 0 0 0 1 
Seq_Frame0096_ForcepToReference-SequenceTransformStatus = OK
Seq_Frame0096_Timestamp = 16.51
Seq_Frame0097_ForcepToReference-SequenceTransform =0.407328 -0.290875 -0.865723 169.259 0.479781 -0.738431 0.473846 149.462 -0.777106 -0.608368 -0.161228 36.8745 0 0 0 1 
Seq_Frame0097_ForcepToReference-SequenceTransformStatus = OK
Seq_Frame0097_Timestamp = 16.614
Seq_Frame0098_ForcepToReference-SequenceTransform =0.401847 -0.327727 -0.855052 171.254 0.47103 -0.726774 0.49993 141.358 -0.78527 -0.603651 -0.137682 35.3906 0 0 0 1 
Seq_Frame0098_ForcepToReference-SequenceTransformStatus = OK
Seq_Frame0098_Timestamp = 16.72
Seq_Frame0099_ForcepToReference-SequenceTransform =0.403415 -0.329926 -0.853467 172.306 0.452959 -0.738424 0.499557 138.889 -0.795037 -0.588114 -0.148449 35.8929 0 0 0 1 
Seq_Frame0099_ForcepToReference-SequenceTransformStatus = OK
Seq_Frame0099_Timestamp = 16.826
Seq_Frame0100_ForcepToReference-SequenceTransform =0.430147 -0.30841 -0.848444 173.954 0.436337 -0.751736 0.494473 142.582 -0.790306 -0.582903 -0.188786 38.1485 0 0 0 1 
Seq_Frame0100_ForcepToReference-SequenceTransformStatus = OK
Seq_Frame0100_Timestamp = 16.931
Seq_Frame0101_ForcepToReference-SequenceTransform =0.441765 -0.290379 -0.848837 174.845 0.46579 -0.734406 0.493647 146.265 -0.766736 -0.613456 -0.189179 38.9486 0 0 0 1 
Seq_Frame0101_ForcepToReference-SequenceTransformStatus = OK
Seq_Frame0101_Timestamp = 17.041
Seq_Frame0102_ForcepToReference-SequenceTransform =0.458936 -0.279923 -0.84322 174.833 0.472836 -0.726554 0.498542 148.421 -0.752199 -0.627504 -0.201084 40.2523 0 0 0 1 
Seq_Frame0102_ForcepToReference-SequenceTransformStatus = OK
Seq_Frame0102_Timestamp = 17.145
Seq_Frame0103_ForcepToReference-SequenceTransform =0.481479 -0.272833 -0.832911 175.334 0.469312 -0.722341 0.507908 149.816 -0.74022 -0.635441 -0.219748 41.9145 0 0 0 1 
Seq_Frame0103_ForcepToReference-SequenceTransformStatus = OK
Seq_Frame0103_Timestamp = 17.247
Seq_Frame0104_ForcepToReference-SequenceTransform =0.491642 -0.265707 -0.829269 175.792 0.480571 -0.711367 0.512843 150.679 -0.726181 -0.650658 -0.222047 43.1604 0 0 0 1 
Seq_Frame0104_ForcepToReference-SequenceTransformStatus = OK
Seq_Frame0104_Timestamp = 17.355
Seq_Frame0105_ForcepToReference-SequenceTransform =0.500962 -0.253039 -0.827652 175.786 0.483776 -0.711081 0.51022 151.355 -0.717633 -0.655999 -0.23381 44.1571 0 0 0 1 
Seq_Frame0105_ForcepToReference-SequenceTransformStatus = OK
Seq_Frame0105_Timestamp = 17.459
Seq_Frame0106_ForcepToReference-SequenceTransform =0.474146 -0.245144 -0.84563 174.961 0.496907 -0.718363 0.486866 153.259 -0.726821 -0.651045 -0.218795 45.046 0 0 0 1 
Seq_Frame0106_ForcepToReference-SequenceTransformStatus = OK
Seq_Frame0106_Timestamp = 17.565
Seq_Frame0107_ForcepToReference-SequenceTransform =0.425246 -0.236271 -0.873694 173.105 0.509157 -0.735641 0.446756 155.557 -0.748281 -0.634829 -0.19253 44.1206 0 0 0 1 
Seq_Frame0107_ForcepToReference-SequenceTransformStatus = OK
Seq_Frame0107_Timestamp = 17.67
Seq_Frame0108_ForcepToReference-SequenceTransform =0.389344 -0.231818 -0.891443 171.287 0.51727 -0.745758 0.419854 157.031 -0.762131 -0.624584 -0.170445 42.3436 0 0 0 1 
Seq_Frame0108_ForcepToReference-SequenceTransformStatus = OK
Seq_Frame0108_Timestamp = 17.773
Seq_Frame0109_ForcepToReference-SequenceTransform =0.381514 -0.248811 -0.890247 169.126 0.520938 -0.73771 0.429426 159.255 -0.763591 -0.627596 -0.151831 41.2559 0 0 0 1 
Seq_Frame0109_ForcepToReference-SequenceTransformStatus = OK
Seq_Frame0109_Timestamp = 17.885
Seq_Frame0110_ForcepToReference-SequenceTransform =0.4067 -0.284039 -0.868284 167.01 0.519705 -0.709727 0.475599 160.96 -0.751333 -0.644678 -0.14103 39.7462 0 0 0 1 
Seq_Frame0110_ForcepToReference-SequenceTransformStatus = OK
Seq_Frame0110_Timestamp = 17.991
Seq_Frame0111_ForcepToReference-SequenceTransform =0.426579 -0.312076 -0.848905 166.049 0.51981 -0.683496 0.512475 162.139 -0.740154 -0.65988 -0.129345 37.1944 0 0 0 1 
Seq_Frame0111_ForcepToReference-SequenceTransformStatus = OK
Seq_Frame0111_Timestamp = 18.098
Seq_Frame0112_ForcepToReference-SequenceTransform =0.436504 -0.330166 -0.836932 165.332 0.549231 -0.639002 0.538536 165.57 -0.712608 -0.694742 -0.0975897 35.6253 0 0 0 1 
Seq_Frame0112_ForcepToReference-SequenceTransformStatus = OK
Seq_Frame0112_Timestamp = 18.199
Seq_Frame0113_ForcepToReference-SequenceTransform =0.277091 -0.444586 0.8518 53.6992 0.943219 0.294878 -0.152922 246.632 -0.18319 0.845807 0.50105 214.054 0 0 0 1 
Seq_Frame0113_ForcepToReference-SequenceTransformStatus = OK
Seq_Frame0113_Timestamp = 18.3
Seq_Frame0114_ForcepToReference-SequenceTransform =0.113132 -0.53414 -0.837792 154.777 0.709588 -0.546783 0.444425 172.804 -0.695476 -0.644766 0.317161 5.28481 0 0 0 1 
Seq_Frame0114_ForcepToReference-SequenceTransformStatus = OK
Seq_Frame0114_Timestamp = 20.419
Seq_Frame0115_ForcepToReference-SequenceTransform =0.0886961 -0.490486 -0.866923 146.599 0.635421 -0.642388 0.42846 159.719 -0.767055 -0.588864 0.254688 7.32557 0 0 0 1 
Seq_Frame0115_ForcepToReference-SequenceTransformStatus = OK
Seq_Frame0115_Timestamp = 20.525
Seq_Frame0116_ForcepToReference-SequenceTransform =0.0302819 -0.549541 -0.834918 125.508 0.648935 -0.624512 0.434589 166.549 -0.760241 -0.554968 0.337705 -5.63977 0 0 0 1 
Seq_Frame0116_ForcepToReference-SequenceTransformStatus = OK
Seq_Frame0116_Timestamp = 20.63
Seq_Frame0117_ForcepToReference-SequenceTransform =-0.293258 -0.654463 -0.696906 69.1604 0.724057 -0.628051 0.285119 189.963 -0.624292 -0.420987 0.65805 -24.9094 0 0 0 1 
Seq_Frame0117_ForcepToReference-SequenceTransformStatus = OK
Seq_Frame0117_Timestamp = 20.741
Seq_Frame0118_ForcepToReference-SequenceTransform =-0.441688 -0.68785 -0.575997 48.0753 0.737808 -0.643761 0.203005 195.61 -0.510442 -0.33531 0.791843 4.00048 0 0 0 1 
Seq_Frame0118_ForcepToReference-SequenceTransformStatus = OK
Seq_Frame0118_Timestamp = 20.845
Seq_Frame0119_ForcepToReference-SequenceTransform =-0.213983 0.267237 0.939572 53.3969 -0.697745 0.631337 -0.338476 171.206 -0.68364 -0.72801 0.0513675 11.3192 0 0 0 1 
Seq_Frame0119_ForcepToReference-SequenceTransformStatus = OK
Seq_Frame0119_Timestamp = 20.947
Seq_Frame0120_ForcepToReference-SequenceTransform =-0.204051 0.373635 0.904854 63.5567 -0.757049 0.525797 -0.387833 158.606 -0.620677 -0.764156 0.175571 19.2223 0 0 0 1 
Seq_Frame0120_ForcepToReference-SequenceTransformStatus = OK
Seq_Frame0120_Timestamp = 21.055
Seq_Frame0121_ForcepToReference-SequenceTransform =-0.199966 0.411714 0.889103 70.1056 -0.753908 0.514931 -0.408007 156.652 -0.625809 -0.751889 0.207426 20.2652 0 0 0 1 
Seq_Frame0121_ForcepToReference-SequenceTransformStatus = OK
Seq_Frame0121_Timestamp = 21.164
Seq_Frame0122_ForcepToReference-SequenceTransform =-0.203634 0.420787 0.884009 74.4121 -0.741613 0.523184 -0.419868 157.788 -0.639174 -0.741092 0.205523 23.6028 0 0 0 1 
Seq_Frame0122_ForcepToReference-SequenceTransformStatus = OK
Seq_Frame0122_Timestamp = 21.275
Seq_Frame0123_ForcepToReference-SequenceTransform =-0.182679 0.420643 0.888644 75.1504 -0.738717 0.537721 -0.406391 158.963 -0.648788 -0.730695 0.212505 26.8504 0 0 0 1 
Seq_Frame0123_ForcepToReference-SequenceTransformStatus = OK
Seq_Frame0123_Timestamp = 21.38
Seq_Frame0124_ForcepToReference-SequenceTransform =-0.171837 0.410586 0.895484 75.9755 -0.746518 0.538852 -0.390319 160.102 -0.642793 -0.735566 0.213915 28.3057 0 0 0 1 
Seq_Frame0124_ForcepToReference-SequenceTransformStatus = OK
Seq_Frame0124_Timestamp = 21.489
Seq_Frame0125_ForcepToReference-SequenceTransform =-0.166406 0.413633 0.895107 77.0574 -0.744772 0.542203 -0.389012 160.39 -0.646238 -0.731385 0.217837 28.8983 0 0 0 1 
Seq_Frame0125_ForcepToReference-SequenceTransformStatus = OK
Seq_Frame0125_Timestamp = 21.594
Seq_Frame0126_ForcepToReference-SequenceTransform =-0.161842 0.437149 0.884708 79.3933 -0.740689 0.53859 -0.401623 159.353 -0.652064 -0.720293 0.236624 30.166 0 0 0 1 
Seq_Frame0126_ForcepToReference-SequenceTransformStatus = OK
Seq_Frame0126_Timestamp = 21.697
Seq_Frame0127_ForcepToReference-SequenceTransform =-0.172966 0.416719 0.892428 77.7941 -0.733723 0.54995 -0.399006 158.307 -0.657064 -0.72381 0.210633 29.458 0 0 0 1 
Seq_Frame0127_ForcepToReference-SequenceTransformStatus = OK
Seq_Frame0127_Timestamp = 21.805
Seq_Frame0128_ForcepToReference-SequenceTransform =-0.177512 0.418842 0.89054 77.3408 -0.736588 0.543556 -0.402472 156.175 -0.652631 -0.727405 0.212027 29.3199 0 0 0 1 
Seq_Frame0128_ForcepToReference-SequenceTransformStatus = OK
Seq_Frame0128_Timestamp = 21.909
Seq_Frame0129_ForcepToReference-SequenceTransform =-0.160384 0.431522 0.887731 79.0611 -0.727983 0.555646 -0.401619 158.438 -0.666572 -0.710666 0.225024 31.5593 0 0 0 1 
Seq_Frame0129_ForcepToReference-SequenceTransformStatus = OK
Seq_Frame0129_Timestamp = 22.014
Seq_Frame0130_ForcepToReference-SequenceTransform =-0.152009 0.428696 0.890569 79.4119 -0.731946 0.556672 -0.392901 157.548 -0.66419 -0.711573 0.229163 32.6858 0 0 0 1 
Seq_Frame0130_ForcepToReference-SequenceTransformStatus = OK
Seq_Frame0130_Timestamp = 22.12
Seq_Frame0131_ForcepToReference-SequenceTransform =-0.152623 0.425572 0.891961 80.9148 -0.74027 0.548717 -0.388471 156.715 -0.654756 -0.719582 0.231292 34.4979 0 0 0 1 
Seq_Frame0131_ForcepToReference-SequenceTransformStatus = OK
Seq_Frame0131_Timestamp = 22.225
Seq_Frame0132_ForcepToReference-SequenceTransform =-0.111125 0.379315 0.91857 81.9124 -0.734495 0.591282 -0.333021 160.7 -0.669453 -0.711692 0.212899 36.4342 0 0 0 1 
Seq_Frame0132_ForcepToReference-SequenceTransformStatus = OK
Seq_Frame0132_Timestamp = 22.33
Seq_Frame0133_ForcepToReference-SequenceTransform =-0.0744196 0.375232 0.923939 83.7061 -0.737209 0.603229 -0.304364 160.323 -0.671554 -0.703786 0.231732 36.9242 0 0 0 1 
Seq_Frame0133_ForcepToReference-SequenceTransformStatus = OK
Seq_Frame0133_Timestamp = 22.434
Seq_Frame0134_ForcepToReference-SequenceTransform =-0.0571356 0.377091 0.924412 85.3221 -0.733127 0.612667 -0.295235 160.623 -0.677687 -0.69458 0.241451 37.8894 0 0 0 1 
Seq_Frame0134_ForcepToReference-SequenceTransformStatus = OK
Seq_Frame0134_Timestamp = 22.54
Seq_Frame0135_ForcepToReference-SequenceTransform =-0.0122746 0.348159 0.937355 88.1172 -0.691695 0.673996 -0.259398 168.173 -0.722086 -0.651548 0.232547 38.7023 0 0 0 1 
Seq_Frame0135_ForcepToReference-SequenceTransformStatus = OK
Seq_Frame0135_Timestamp = 22.65
Seq_Frame0136_ForcepToReference-SequenceTransform =0.0195401 0.350491 0.936362 90.4692 -0.565992 0.775903 -0.278618 187.03 -0.824179 -0.52453 0.213536 40.0954 0 0 0 1 
Seq_Frame0136_ForcepToReference-SequenceTransformStatus = OK
Seq_Frame0136_Timestamp = 22.754
Seq_Frame0137_ForcepToReference-SequenceTransform =0.0136918 0.338614 0.940826 90.3104 -0.546956 0.790201 -0.276443 190.985 -0.837049 -0.510805 0.196026 39.681 0 0 0 1 
Seq_Frame0137_ForcepToReference-SequenceTransformStatus = OK
Seq_Frame0137_Timestamp = 22.86
Seq_Frame0138_ForcepToReference-SequenceTransform =0.0136918 0.338614 0.940826 90.3104 -0.546956 0.790201 -0.276443 190.985 -0.837049 -0.510805 0.196026 39.681 0 0 0 1 
Seq_Frame0138_ForcepToReference-SequenceTransformStatus = OK
Seq_Frame0138_Timestamp = 22.965
Seq_Frame0139_ForcepToReference-SequenceTransform =-0.308594 -0.478033 -0.822347 90.7772 0.892286 -0.445001 -0.0761594 219.262 -0.329538 -0.757271 0.563866 55.8042 0 0 0 1 
Seq_Frame0139_ForcepToReference-SequenceTransformStatus = OK
Seq_Frame0139_Timestamp = 23.085
Seq_Frame0140_ForcepToReference-SequenceTransform =-0.163977 0.310196 0.936424 76.5115 -0.362379 0.86396 -0.349648 213.931 -0.917493 -0.396675 -0.0292605 61.6842 0 0 0 1 
Seq_Frame0140_ForcepToReference-SequenceTransformStatus = OK
Seq_Frame0140_Timestamp = 23.825
Seq_Frame0141_ForcepToReference-SequenceTransform =-0.0923689 0.364368 0.926663 72.0137 -0.278883 0.883927 -0.375363 202.211 -0.955873 -0.293102 0.0199686 64.3086 0 0 0 1 
Seq_Frame0141_ForcepToReference-SequenceTransformStatus = OK
Seq_Frame0141_Timestamp = 23.935
Seq_Frame0142_ForcepToReference-SequenceTransform =-0.222684 -0.618245 -0.75378 71.049 0.944988 -0.326919 -0.011035 194.372 -0.239603 -0.714771 0.657034 66.758 0 0 0 1 
Seq_Frame0142_ForcepToReference-SequenceTransformStatus = OK
Seq_Frame0142_Timestamp = 24.085
Seq_Frame0143_ForcepToReference-SequenceTransform =-0.211512 -0.66588 -0.715449 74.4655 0.920696 -0.381399 0.0827844 192.68 -0.327996 -0.641201 0.693743 71.1183 0 0 0 1 
Seq_Frame0143_ForcepToReference-SequenceTransformStatus = OK
Seq_Frame0143_Timestamp = 24.19
Seq_Frame0144_ForcepToReference-SequenceTransform =-0.195298 -0.685219 -0.701665 76.522 0.914635 -0.385476 0.121866 189.152 -0.353979 -0.617967 0.702008 72.4065 0 0 0 1 
Seq_Frame0144_ForcepToReference-SequenceTransformStatus = OK
Seq_Frame0144_Timestamp = 24.294
Seq_Frame0145_ForcepToReference-SequenceTransform =-0.195673 -0.699427 -0.687396 76.1944 0.893346 -0.416273 0.169261 188.242 -0.404531 -0.580963 0.706284 69.2114 0 0 0 1 
Seq_Frame0145_ForcepToReference-SequenceTransformStatus = OK
Seq_Frame0145_Timestamp = 24.4
Seq_Frame0146_ForcepToReference-SequenceTransform =-0.18176 0.408284 0.894577 75.7234 -0.410673 0.79508 -0.446314 187.349 -0.893483 -0.4485 0.0231578 67.8844 0 0 0 1 
Seq_Frame0146_ForcepToReference-SequenceTransformStatus = OK
Seq_Frame0146_Timestamp = 24.535
Seq_Frame0147_ForcepToReference-SequenceTransform =-0.156693 0.421995 0.892954 76.3349 -0.406513 0.79643 -0.447713 185.951 -0.900108 -0.433151 0.0467518 66.7083 0 0 0 1 
Seq_Frame0147_ForcepToReference-SequenceTransformStatus = OK
Seq_Frame0147_Timestamp = 24.642
Seq_Frame0148_ForcepToReference-SequenceTransform =-0.183577 0.411443 0.892756 77.4244 -0.414261 0.791225 -0.449835 185.61 -0.891452 -0.452413 0.0251943 70.1202 0 0 0 1 
Seq_Frame0148_ForcepToReference-SequenceTransformStatus = OK
Seq_Frame0148_Timestamp = 24.75
Seq_Frame0149_ForcepToReference-SequenceTransform =-0.158751 0.415286 0.895732 77.5899 -0.405413 0.799806 -0.442663 185.638 -0.900244 -0.433414 0.0413925 68.7478 0 0 0 1 
Seq_Frame0149_ForcepToReference-SequenceTransformStatus = OK
Seq_Frame0149_Timestamp = 24.86
Seq_Frame0150_ForcepToReference-SequenceTransform =-0.17546 0.409403 0.895323 78.059 -0.441979 0.779874 -0.443228 184.448 -0.879698 -0.473483 0.0441105 70.5623 0 0 0 1 
Seq_Frame0150_ForcepToReference-SequenceTransformStatus = OK
Seq_Frame0150_Timestamp = 24.965
