ObjectType = Image
NDims = 3
AnatomicalOrientation = RAI
BinaryData = True
CompressedData = False
DimSize = 0 0 898
ElementSpacing = 1 1 1
Offset = 0 0 0
TransformMatrix = 1 0 0 0 1 0 0 0 1
ElementType = MET_UCHAR
Kinds = domain domain list
Seq_Frame0000_DriverToReference-SequenceTransform =-0.697082 0.705393 0.128444 85.625 0.505798 0.356827 0.785394 161.319 0.508179 0.61245 -0.605524 233.532 0 0 0 1 
Seq_Frame0000_DriverToReference-SequenceTransformStatus = OK
Seq_Frame0000_Timestamp = 0.0190001
Seq_Frame0001_DriverToReference-SequenceTransform =-0.696743 0.705849 0.127775 85.6389 0.504958 0.356112 0.786258 161.265 0.509477 0.612341 -0.604542 233.533 0 0 0 1 
Seq_Frame0001_DriverToReference-SequenceTransformStatus = OK
Seq_Frame0001_Timestamp = 0.12
Seq_Frame0002_DriverToReference-SequenceTransform =-0.697029 0.705445 0.128443 85.6019 0.505653 0.356584 0.785597 161.272 0.508395 0.612531 -0.60526 233.524 0 0 0 1 
Seq_Frame0002_DriverToReference-SequenceTransformStatus = OK
Seq_Frame0002_Timestamp = 0.225
Seq_Frame0003_DriverToReference-SequenceTransform =-0.696279 0.706445 0.127008 85.6685 0.505457 0.356952 0.785556 161.295 0.509616 0.611163 -0.605616 233.478 0 0 0 1 
Seq_Frame0003_DriverToReference-SequenceTransformStatus = OK
Seq_Frame0003_Timestamp = 0.335
Seq_Frame0004_DriverToReference-SequenceTransform =-0.696435 0.706275 0.127099 85.6583 0.505473 0.357077 0.785489 161.214 0.509387 0.611287 -0.605684 233.534 0 0 0 1 
Seq_Frame0004_DriverToReference-SequenceTransformStatus = OK
Seq_Frame0004_Timestamp = 0.439
Seq_Frame0005_DriverToReference-SequenceTransform =-0.6982 0.703947 0.130287 85.5478 0.506664 0.357311 0.784615 161.239 0.505775 0.61383 -0.606139 233.568 0 0 0 1 
Seq_Frame0005_DriverToReference-SequenceTransformStatus = OK
Seq_Frame0005_Timestamp = 0.549
Seq_Frame0006_DriverToReference-SequenceTransform =-0.69645 0.706155 0.12768 85.7108 0.504359 0.355113 0.787094 161.287 0.510469 0.612568 -0.603474 233.388 0 0 0 1 
Seq_Frame0006_DriverToReference-SequenceTransformStatus = OK
Seq_Frame0006_Timestamp = 0.654
Seq_Frame0007_DriverToReference-SequenceTransform =-0.696348 0.706074 0.128679 85.7119 0.503869 0.353276 0.788234 161.136 0.511093 0.613722 -0.601772 233.443 0 0 0 1 
Seq_Frame0007_DriverToReference-SequenceTransformStatus = OK
Seq_Frame0007_Timestamp = 0.759
Seq_Frame0008_DriverToReference-SequenceTransform =-0.696825 0.705554 0.128955 85.6489 0.504704 0.3546 0.787104 161.28 0.509617 0.613557 -0.60319 233.342 0 0 0 1 
Seq_Frame0008_DriverToReference-SequenceTransformStatus = OK
Seq_Frame0008_Timestamp = 0.863
Seq_Frame0009_DriverToReference-SequenceTransform =-0.696611 0.705626 0.12971 85.6874 0.505953 0.35498 0.78613 161.367 0.50867 0.613254 -0.604297 233.31 0 0 0 1 
Seq_Frame0009_DriverToReference-SequenceTransformStatus = OK
Seq_Frame0009_Timestamp = 0.974
Seq_Frame0010_DriverToReference-SequenceTransform =-0.697134 0.705672 0.126614 86.7891 0.506953 0.360323 0.783049 160.223 0.506954 0.610078 -0.608936 231.692 0 0 0 1 
Seq_Frame0010_DriverToReference-SequenceTransformStatus = OK
Seq_Frame0010_Timestamp = 1.079
Seq_Frame0011_DriverToReference-SequenceTransform =-0.689818 0.710141 0.14089 87.8526 0.514366 0.343775 0.78565 160.505 0.509488 0.614425 -0.602415 233.082 0 0 0 1 
Seq_Frame0011_DriverToReference-SequenceTransformStatus = OK
Seq_Frame0011_Timestamp = 1.189
Seq_Frame0012_DriverToReference-SequenceTransform =-0.68057 0.717124 0.150192 87.465 0.531934 0.342637 0.774368 161.205 0.503857 0.606904 -0.614651 232.725 0 0 0 1 
Seq_Frame0012_DriverToReference-SequenceTransformStatus = OK
Seq_Frame0012_Timestamp = 1.299
Seq_Frame0013_DriverToReference-SequenceTransform =-0.670233 0.724841 0.159349 86.5282 0.541608 0.330922 0.772756 161.786 0.507393 0.604231 -0.614375 233.688 0 0 0 1 
Seq_Frame0013_DriverToReference-SequenceTransformStatus = OK
Seq_Frame0013_Timestamp = 1.41
Seq_Frame0014_DriverToReference-SequenceTransform =-0.678047 0.720961 0.143063 85.4092 0.535574 0.351307 0.767948 162.644 0.503401 0.597326 -0.624331 236.44 0 0 0 1 
Seq_Frame0014_DriverToReference-SequenceTransformStatus = OK
Seq_Frame0014_Timestamp = 1.52
Seq_Frame0015_DriverToReference-SequenceTransform =-0.686475 0.712849 0.143521 82.771 0.559137 0.391287 0.730931 163.513 0.464886 0.582014 -0.667189 237.166 0 0 0 1 
Seq_Frame0015_DriverToReference-SequenceTransformStatus = OK
Seq_Frame0015_Timestamp = 1.624
Seq_Frame0016_DriverToReference-SequenceTransform =-0.699944 0.692319 0.175421 83.108 0.569724 0.393131 0.721708 165.136 0.430689 0.605096 -0.669601 238.478 0 0 0 1 
Seq_Frame0016_DriverToReference-SequenceTransformStatus = OK
Seq_Frame0016_Timestamp = 1.729
Seq_Frame0017_DriverToReference-SequenceTransform =-0.668835 0.673372 0.315009 75.5511 0.655843 0.334941 0.676523 175.074 0.350042 0.659079 -0.665647 240.157 0 0 0 1 
Seq_Frame0017_DriverToReference-SequenceTransformStatus = OK
Seq_Frame0017_Timestamp = 1.839
Seq_Frame0018_DriverToReference-SequenceTransform =-0.5937 0.702279 0.392842 57.8901 0.723494 0.252161 0.642628 189.155 0.352245 0.665747 -0.657803 239.209 0 0 0 1 
Seq_Frame0018_DriverToReference-SequenceTransformStatus = OK
Seq_Frame0018_Timestamp = 1.949
Seq_Frame0019_DriverToReference-SequenceTransform =-0.526811 0.687254 0.500152 44.9357 0.788594 0.175627 0.5893 196.019 0.317159 0.704867 -0.634487 240.94 0 0 0 1 
Seq_Frame0019_DriverToReference-SequenceTransformStatus = OK
Seq_Frame0019_Timestamp = 2.054
Seq_Frame0020_DriverToReference-SequenceTransform =-0.407425 0.621551 0.669089 35.8357 0.878621 0.0669729 0.4728 203.672 0.249058 0.780506 -0.573394 242.642 0 0 0 1 
Seq_Frame0020_DriverToReference-SequenceTransformStatus = OK
Seq_Frame0020_Timestamp = 2.164
Seq_Frame0021_DriverToReference-SequenceTransform =-0.253113 0.494254 0.831653 25.6126 0.939568 -0.0792593 0.333061 208.62 0.230533 0.865697 -0.444324 242.619 0 0 0 1 
Seq_Frame0021_DriverToReference-SequenceTransformStatus = OK
Seq_Frame0021_Timestamp = 2.269
Seq_Frame0022_DriverToReference-SequenceTransform =-0.253113 0.494254 0.831653 25.6126 0.939568 -0.0792593 0.333061 208.62 0.230533 0.865697 -0.444324 242.619 0 0 0 1 
Seq_Frame0022_DriverToReference-SequenceTransformStatus = OK
Seq_Frame0022_Timestamp = 2.379
Seq_Frame0023_DriverToReference-SequenceTransform =-0.253113 0.494254 0.831653 25.6126 0.939568 -0.0792593 0.333061 208.62 0.230533 0.865697 -0.444324 242.619 0 0 0 1 
Seq_Frame0023_DriverToReference-SequenceTransformStatus = OK
Seq_Frame0023_Timestamp = 2.488
Seq_Frame0024_DriverToReference-SequenceTransform =-0.253113 0.494254 0.831653 25.6126 0.939568 -0.0792593 0.333061 208.62 0.230533 0.865697 -0.444324 242.619 0 0 0 1 
Seq_Frame0024_DriverToReference-SequenceTransformStatus = OK
Seq_Frame0024_Timestamp = 2.599
Seq_Frame0025_DriverToReference-SequenceTransform =-0.0566064 0.069644 0.995965 9.72233 0.92355 -0.375308 0.0787345 243.111 0.379277 0.92428 -0.0430749 214.658 0 0 0 1 
Seq_Frame0025_DriverToReference-SequenceTransformStatus = OK
Seq_Frame0025_Timestamp = 2.71
Seq_Frame0026_DriverToReference-SequenceTransform =-0.0634065 -0.0532453 0.996566 31.0137 0.866698 -0.498016 0.0285353 247.226 0.494787 0.865532 0.0777251 202.697 0 0 0 1 
Seq_Frame0026_DriverToReference-SequenceTransformStatus = OK
Seq_Frame0026_Timestamp = 2.815
Seq_Frame0027_DriverToReference-SequenceTransform =-0.0719422 -0.105884 0.991773 42.0297 0.848229 -0.529607 0.00498755 248.687 0.524721 0.841609 0.127915 204.053 0 0 0 1 
Seq_Frame0027_DriverToReference-SequenceTransformStatus = OK
Seq_Frame0027_Timestamp = 2.92
Seq_Frame0028_DriverToReference-SequenceTransform =-0.0719422 -0.105884 0.991773 42.0297 0.848229 -0.529607 0.00498755 248.687 0.524721 0.841609 0.127915 204.053 0 0 0 1 
Seq_Frame0028_DriverToReference-SequenceTransformStatus = OK
Seq_Frame0028_Timestamp = 3.028
Seq_Frame0029_DriverToReference-SequenceTransform =-0.0719422 -0.105884 0.991773 42.0297 0.848229 -0.529607 0.00498755 248.687 0.524721 0.841609 0.127915 204.053 0 0 0 1 
Seq_Frame0029_DriverToReference-SequenceTransformStatus = OK
Seq_Frame0029_Timestamp = 3.139
Seq_Frame0030_DriverToReference-SequenceTransform =-0.0719422 -0.105884 0.991773 42.0297 0.848229 -0.529607 0.00498755 248.687 0.524721 0.841609 0.127915 204.053 0 0 0 1 
Seq_Frame0030_DriverToReference-SequenceTransformStatus = OK
Seq_Frame0030_Timestamp = 3.243
Seq_Frame0031_DriverToReference-SequenceTransform =-0.0719422 -0.105884 0.991773 42.0297 0.848229 -0.529607 0.00498755 248.687 0.524721 0.841609 0.127915 204.053 0 0 0 1 
Seq_Frame0031_DriverToReference-SequenceTransformStatus = OK
Seq_Frame0031_Timestamp = 3.349
Seq_Frame0032_DriverToReference-SequenceTransform =-0.0719422 -0.105884 0.991773 42.0297 0.848229 -0.529607 0.00498755 248.687 0.524721 0.841609 0.127915 204.053 0 0 0 1 
Seq_Frame0032_DriverToReference-SequenceTransformStatus = OK
Seq_Frame0032_Timestamp = 3.459
Seq_Frame0033_DriverToReference-SequenceTransform =-0.0719422 -0.105884 0.991773 42.0297 0.848229 -0.529607 0.00498755 248.687 0.524721 0.841609 0.127915 204.053 0 0 0 1 
Seq_Frame0033_DriverToReference-SequenceTransformStatus = OK
Seq_Frame0033_Timestamp = 3.564
Seq_Frame0034_DriverToReference-SequenceTransform =-0.0719422 -0.105884 0.991773 42.0297 0.848229 -0.529607 0.00498755 248.687 0.524721 0.841609 0.127915 204.053 0 0 0 1 
Seq_Frame0034_DriverToReference-SequenceTransformStatus = OK
Seq_Frame0034_Timestamp = 3.669
Seq_Frame0035_DriverToReference-SequenceTransform =-0.0719422 -0.105884 0.991773 42.0297 0.848229 -0.529607 0.00498755 248.687 0.524721 0.841609 0.127915 204.053 0 0 0 1 
Seq_Frame0035_DriverToReference-SequenceTransformStatus = OK
Seq_Frame0035_Timestamp = 3.778
Seq_Frame0036_DriverToReference-SequenceTransform =-0.0719422 -0.105884 0.991773 42.0297 0.848229 -0.529607 0.00498755 248.687 0.524721 0.841609 0.127915 204.053 0 0 0 1 
Seq_Frame0036_DriverToReference-SequenceTransformStatus = OK
Seq_Frame0036_Timestamp = 3.889
Seq_Frame0037_DriverToReference-SequenceTransform =-0.0719422 -0.105884 0.991773 42.0297 0.848229 -0.529607 0.00498755 248.687 0.524721 0.841609 0.127915 204.053 0 0 0 1 
Seq_Frame0037_DriverToReference-SequenceTransformStatus = OK
Seq_Frame0037_Timestamp = 4.009
Seq_Frame0038_DriverToReference-SequenceTransform =-0.0719422 -0.105884 0.991773 42.0297 0.848229 -0.529607 0.00498755 248.687 0.524721 0.841609 0.127915 204.053 0 0 0 1 
Seq_Frame0038_DriverToReference-SequenceTransformStatus = OK
Seq_Frame0038_Timestamp = 4.114
Seq_Frame0039_DriverToReference-SequenceTransform =-0.0719422 -0.105884 0.991773 42.0297 0.848229 -0.529607 0.00498755 248.687 0.524721 0.841609 0.127915 204.053 0 0 0 1 
Seq_Frame0039_DriverToReference-SequenceTransformStatus = OK
Seq_Frame0039_Timestamp = 4.224
Seq_Frame0040_DriverToReference-SequenceTransform =-0.0719422 -0.105884 0.991773 42.0297 0.848229 -0.529607 0.00498755 248.687 0.524721 0.841609 0.127915 204.053 0 0 0 1 
Seq_Frame0040_DriverToReference-SequenceTransformStatus = OK
Seq_Frame0040_Timestamp = 4.329
Seq_Frame0041_DriverToReference-SequenceTransform =-0.0719422 -0.105884 0.991773 42.0297 0.848229 -0.529607 0.00498755 248.687 0.524721 0.841609 0.127915 204.053 0 0 0 1 
Seq_Frame0041_DriverToReference-SequenceTransformStatus = OK
Seq_Frame0041_Timestamp = 4.439
Seq_Frame0042_DriverToReference-SequenceTransform =-0.0719422 -0.105884 0.991773 42.0297 0.848229 -0.529607 0.00498755 248.687 0.524721 0.841609 0.127915 204.053 0 0 0 1 
Seq_Frame0042_DriverToReference-SequenceTransformStatus = OK
Seq_Frame0042_Timestamp = 4.899
Seq_Frame0043_DriverToReference-SequenceTransform =-0.0719422 -0.105884 0.991773 42.0297 0.848229 -0.529607 0.00498755 248.687 0.524721 0.841609 0.127915 204.053 0 0 0 1 
Seq_Frame0043_DriverToReference-SequenceTransformStatus = OK
Seq_Frame0043_Timestamp = 5.009
Seq_Frame0044_DriverToReference-SequenceTransform =-0.0719422 -0.105884 0.991773 42.0297 0.848229 -0.529607 0.00498755 248.687 0.524721 0.841609 0.127915 204.053 0 0 0 1 
Seq_Frame0044_DriverToReference-SequenceTransformStatus = OK
Seq_Frame0044_Timestamp = 5.114
Seq_Frame0045_DriverToReference-SequenceTransform =-0.0719422 -0.105884 0.991773 42.0297 0.848229 -0.529607 0.00498755 248.687 0.524721 0.841609 0.127915 204.053 0 0 0 1 
Seq_Frame0045_DriverToReference-SequenceTransformStatus = OK
Seq_Frame0045_Timestamp = 5.224
Seq_Frame0046_DriverToReference-SequenceTransform =-0.0719422 -0.105884 0.991773 42.0297 0.848229 -0.529607 0.00498755 248.687 0.524721 0.841609 0.127915 204.053 0 0 0 1 
Seq_Frame0046_DriverToReference-SequenceTransformStatus = OK
Seq_Frame0046_Timestamp = 5.334
Seq_Frame0047_DriverToReference-SequenceTransform =-0.0719422 -0.105884 0.991773 42.0297 0.848229 -0.529607 0.00498755 248.687 0.524721 0.841609 0.127915 204.053 0 0 0 1 
Seq_Frame0047_DriverToReference-SequenceTransformStatus = OK
Seq_Frame0047_Timestamp = 5.444
Seq_Frame0048_DriverToReference-SequenceTransform =-0.0719422 -0.105884 0.991773 42.0297 0.848229 -0.529607 0.00498755 248.687 0.524721 0.841609 0.127915 204.053 0 0 0 1 
Seq_Frame0048_DriverToReference-SequenceTransformStatus = OK
Seq_Frame0048_Timestamp = 5.549
Seq_Frame0049_DriverToReference-SequenceTransform =-0.0719422 -0.105884 0.991773 42.0297 0.848229 -0.529607 0.00498755 248.687 0.524721 0.841609 0.127915 204.053 0 0 0 1 
Seq_Frame0049_DriverToReference-SequenceTransformStatus = OK
Seq_Frame0049_Timestamp = 5.659
Seq_Frame0050_DriverToReference-SequenceTransform =-0.0719422 -0.105884 0.991773 42.0297 0.848229 -0.529607 0.00498755 248.687 0.524721 0.841609 0.127915 204.053 0 0 0 1 
Seq_Frame0050_DriverToReference-SequenceTransformStatus = OK
Seq_Frame0050_Timestamp = 5.874
Seq_Frame0051_DriverToReference-SequenceTransform =-0.0719422 -0.105884 0.991773 42.0297 0.848229 -0.529607 0.00498755 248.687 0.524721 0.841609 0.127915 204.053 0 0 0 1 
Seq_Frame0051_DriverToReference-SequenceTransformStatus = OK
Seq_Frame0051_Timestamp = 5.985
Seq_Frame0052_DriverToReference-SequenceTransform =-0.0719422 -0.105884 0.991773 42.0297 0.848229 -0.529607 0.00498755 248.687 0.524721 0.841609 0.127915 204.053 0 0 0 1 
Seq_Frame0052_DriverToReference-SequenceTransformStatus = OK
Seq_Frame0052_Timestamp = 6.089
Seq_Frame0053_DriverToReference-SequenceTransform =-0.0719422 -0.105884 0.991773 42.0297 0.848229 -0.529607 0.00498755 248.687 0.524721 0.841609 0.127915 204.053 0 0 0 1 
Seq_Frame0053_DriverToReference-SequenceTransformStatus = OK
Seq_Frame0053_Timestamp = 6.199
Seq_Frame0054_DriverToReference-SequenceTransform =-0.0719422 -0.105884 0.991773 42.0297 0.848229 -0.529607 0.00498755 248.687 0.524721 0.841609 0.127915 204.053 0 0 0 1 
Seq_Frame0054_DriverToReference-SequenceTransformStatus = OK
Seq_Frame0054_Timestamp = 6.309
Seq_Frame0055_DriverToReference-SequenceTransform =-0.0719422 -0.105884 0.991773 42.0297 0.848229 -0.529607 0.00498755 248.687 0.524721 0.841609 0.127915 204.053 0 0 0 1 
Seq_Frame0055_DriverToReference-SequenceTransformStatus = OK
Seq_Frame0055_Timestamp = 6.414
Seq_Frame0056_DriverToReference-SequenceTransform =-0.0719422 -0.105884 0.991773 42.0297 0.848229 -0.529607 0.00498755 248.687 0.524721 0.841609 0.127915 204.053 0 0 0 1 
Seq_Frame0056_DriverToReference-SequenceTransformStatus = OK
Seq_Frame0056_Timestamp = 6.524
Seq_Frame0057_DriverToReference-SequenceTransform =-0.0719422 -0.105884 0.991773 42.0297 0.848229 -0.529607 0.00498755 248.687 0.524721 0.841609 0.127915 204.053 0 0 0 1 
Seq_Frame0057_DriverToReference-SequenceTransformStatus = OK
Seq_Frame0057_Timestamp = 6.629
Seq_Frame0058_DriverToReference-SequenceTransform =-0.0719422 -0.105884 0.991773 42.0297 0.848229 -0.529607 0.00498755 248.687 0.524721 0.841609 0.127915 204.053 0 0 0 1 
Seq_Frame0058_DriverToReference-SequenceTransformStatus = OK
Seq_Frame0058_Timestamp = 6.739
Seq_Frame0059_DriverToReference-SequenceTransform =-0.0719422 -0.105884 0.991773 42.0297 0.848229 -0.529607 0.00498755 248.687 0.524721 0.841609 0.127915 204.053 0 0 0 1 
Seq_Frame0059_DriverToReference-SequenceTransformStatus = OK
Seq_Frame0059_Timestamp = 6.844
Seq_Frame0060_DriverToReference-SequenceTransform =-0.0719422 -0.105884 0.991773 42.0297 0.848229 -0.529607 0.00498755 248.687 0.524721 0.841609 0.127915 204.053 0 0 0 1 
Seq_Frame0060_DriverToReference-SequenceTransformStatus = OK
Seq_Frame0060_Timestamp = 6.954
Seq_Frame0061_DriverToReference-SequenceTransform =-0.0719422 -0.105884 0.991773 42.0297 0.848229 -0.529607 0.00498755 248.687 0.524721 0.841609 0.127915 204.053 0 0 0 1 
Seq_Frame0061_DriverToReference-SequenceTransformStatus = OK
Seq_Frame0061_Timestamp = 7.059
Seq_Frame0062_DriverToReference-SequenceTransform =-0.0719422 -0.105884 0.991773 42.0297 0.848229 -0.529607 0.00498755 248.687 0.524721 0.841609 0.127915 204.053 0 0 0 1 
Seq_Frame0062_DriverToReference-SequenceTransformStatus = OK
Seq_Frame0062_Timestamp = 7.169
Seq_Frame0063_DriverToReference-SequenceTransform =-0.0719422 -0.105884 0.991773 42.0297 0.848229 -0.529607 0.00498755 248.687 0.524721 0.841609 0.127915 204.053 0 0 0 1 
Seq_Frame0063_DriverToReference-SequenceTransformStatus = OK
Seq_Frame0063_Timestamp = 7.274
Seq_Frame0064_DriverToReference-SequenceTransform =-0.0719422 -0.105884 0.991773 42.0297 0.848229 -0.529607 0.00498755 248.687 0.524721 0.841609 0.127915 204.053 0 0 0 1 
Seq_Frame0064_DriverToReference-SequenceTransformStatus = OK
Seq_Frame0064_Timestamp = 7.384
Seq_Frame0065_DriverToReference-SequenceTransform =-0.0719422 -0.105884 0.991773 42.0297 0.848229 -0.529607 0.00498755 248.687 0.524721 0.841609 0.127915 204.053 0 0 0 1 
Seq_Frame0065_DriverToReference-SequenceTransformStatus = OK
Seq_Frame0065_Timestamp = 7.489
Seq_Frame0066_DriverToReference-SequenceTransform =-0.0719422 -0.105884 0.991773 42.0297 0.848229 -0.529607 0.00498755 248.687 0.524721 0.841609 0.127915 204.053 0 0 0 1 
Seq_Frame0066_DriverToReference-SequenceTransformStatus = OK
Seq_Frame0066_Timestamp = 7.604
Seq_Frame0067_DriverToReference-SequenceTransform =-0.0719422 -0.105884 0.991773 42.0297 0.848229 -0.529607 0.00498755 248.687 0.524721 0.841609 0.127915 204.053 0 0 0 1 
Seq_Frame0067_DriverToReference-SequenceTransformStatus = OK
Seq_Frame0067_Timestamp = 7.709
Seq_Frame0068_DriverToReference-SequenceTransform =-0.0719422 -0.105884 0.991773 42.0297 0.848229 -0.529607 0.00498755 248.687 0.524721 0.841609 0.127915 204.053 0 0 0 1 
Seq_Frame0068_DriverToReference-SequenceTransformStatus = OK
Seq_Frame0068_Timestamp = 7.814
Seq_Frame0069_DriverToReference-SequenceTransform =-0.0719422 -0.105884 0.991773 42.0297 0.848229 -0.529607 0.00498755 248.687 0.524721 0.841609 0.127915 204.053 0 0 0 1 
Seq_Frame0069_DriverToReference-SequenceTransformStatus = OK
Seq_Frame0069_Timestamp = 7.924
Seq_Frame0070_DriverToReference-SequenceTransform =-0.0719422 -0.105884 0.991773 42.0297 0.848229 -0.529607 0.00498755 248.687 0.524721 0.841609 0.127915 204.053 0 0 0 1 
Seq_Frame0070_DriverToReference-SequenceTransformStatus = OK
Seq_Frame0070_Timestamp = 8.033
Seq_Frame0071_DriverToReference-SequenceTransform =-0.0719422 -0.105884 0.991773 42.0297 0.848229 -0.529607 0.00498755 248.687 0.524721 0.841609 0.127915 204.053 0 0 0 1 
Seq_Frame0071_DriverToReference-SequenceTransformStatus = OK
Seq_Frame0071_Timestamp = 8.139
Seq_Frame0072_DriverToReference-SequenceTransform =-0.0719422 -0.105884 0.991773 42.0297 0.848229 -0.529607 0.00498755 248.687 0.524721 0.841609 0.127915 204.053 0 0 0 1 
Seq_Frame0072_DriverToReference-SequenceTransformStatus = OK
Seq_Frame0072_Timestamp = 8.249
Seq_Frame0073_DriverToReference-SequenceTransform =-0.0719422 -0.105884 0.991773 42.0297 0.848229 -0.529607 0.00498755 248.687 0.524721 0.841609 0.127915 204.053 0 0 0 1 
Seq_Frame0073_DriverToReference-SequenceTransformStatus = OK
Seq_Frame0073_Timestamp = 8.358
Seq_Frame0074_DriverToReference-SequenceTransform =-0.0719422 -0.105884 0.991773 42.0297 0.848229 -0.529607 0.00498755 248.687 0.524721 0.841609 0.127915 204.053 0 0 0 1 
Seq_Frame0074_DriverToReference-SequenceTransformStatus = OK
Seq_Frame0074_Timestamp = 8.469
Seq_Frame0075_DriverToReference-SequenceTransform =-0.0719422 -0.105884 0.991773 42.0297 0.848229 -0.529607 0.00498755 248.687 0.524721 0.841609 0.127915 204.053 0 0 0 1 
Seq_Frame0075_DriverToReference-SequenceTransformStatus = OK
Seq_Frame0075_Timestamp = 8.573
Seq_Frame0076_DriverToReference-SequenceTransform =-0.0719422 -0.105884 0.991773 42.0297 0.848229 -0.529607 0.00498755 248.687 0.524721 0.841609 0.127915 204.053 0 0 0 1 
Seq_Frame0076_DriverToReference-SequenceTransformStatus = OK
Seq_Frame0076_Timestamp = 8.684
Seq_Frame0077_DriverToReference-SequenceTransform =-0.0719422 -0.105884 0.991773 42.0297 0.848229 -0.529607 0.00498755 248.687 0.524721 0.841609 0.127915 204.053 0 0 0 1 
Seq_Frame0077_DriverToReference-SequenceTransformStatus = OK
Seq_Frame0077_Timestamp = 8.788
Seq_Frame0078_DriverToReference-SequenceTransform =-0.0719422 -0.105884 0.991773 42.0297 0.848229 -0.529607 0.00498755 248.687 0.524721 0.841609 0.127915 204.053 0 0 0 1 
Seq_Frame0078_DriverToReference-SequenceTransformStatus = OK
Seq_Frame0078_Timestamp = 8.901
Seq_Frame0079_DriverToReference-SequenceTransform =-0.0719422 -0.105884 0.991773 42.0297 0.848229 -0.529607 0.00498755 248.687 0.524721 0.841609 0.127915 204.053 0 0 0 1 
Seq_Frame0079_DriverToReference-SequenceTransformStatus = OK
Seq_Frame0079_Timestamp = 9.005
Seq_Frame0080_DriverToReference-SequenceTransform =-0.0719422 -0.105884 0.991773 42.0297 0.848229 -0.529607 0.00498755 248.687 0.524721 0.841609 0.127915 204.053 0 0 0 1 
Seq_Frame0080_DriverToReference-SequenceTransformStatus = OK
Seq_Frame0080_Timestamp = 9.114
Seq_Frame0081_DriverToReference-SequenceTransform =-0.0719422 -0.105884 0.991773 42.0297 0.848229 -0.529607 0.00498755 248.687 0.524721 0.841609 0.127915 204.053 0 0 0 1 
Seq_Frame0081_DriverToReference-SequenceTransformStatus = OK
Seq_Frame0081_Timestamp = 9.225
Seq_Frame0082_DriverToReference-SequenceTransform =-0.0719422 -0.105884 0.991773 42.0297 0.848229 -0.529607 0.00498755 248.687 0.524721 0.841609 0.127915 204.053 0 0 0 1 
Seq_Frame0082_DriverToReference-SequenceTransformStatus = OK
Seq_Frame0082_Timestamp = 9.329
Seq_Frame0083_DriverToReference-SequenceTransform =-0.0719422 -0.105884 0.991773 42.0297 0.848229 -0.529607 0.00498755 248.687 0.524721 0.841609 0.127915 204.053 0 0 0 1 
Seq_Frame0083_DriverToReference-SequenceTransformStatus = OK
Seq_Frame0083_Timestamp = 9.438
Seq_Frame0084_DriverToReference-SequenceTransform =-0.0719422 -0.105884 0.991773 42.0297 0.848229 -0.529607 0.00498755 248.687 0.524721 0.841609 0.127915 204.053 0 0 0 1 
Seq_Frame0084_DriverToReference-SequenceTransformStatus = OK
Seq_Frame0084_Timestamp = 9.544
Seq_Frame0085_DriverToReference-SequenceTransform =-0.0719422 -0.105884 0.991773 42.0297 0.848229 -0.529607 0.00498755 248.687 0.524721 0.841609 0.127915 204.053 0 0 0 1 
Seq_Frame0085_DriverToReference-SequenceTransformStatus = OK
Seq_Frame0085_Timestamp = 9.654
Seq_Frame0086_DriverToReference-SequenceTransform =-0.0719422 -0.105884 0.991773 42.0297 0.848229 -0.529607 0.00498755 248.687 0.524721 0.841609 0.127915 204.053 0 0 0 1 
Seq_Frame0086_DriverToReference-SequenceTransformStatus = OK
Seq_Frame0086_Timestamp = 9.763
Seq_Frame0087_DriverToReference-SequenceTransform =-0.0719422 -0.105884 0.991773 42.0297 0.848229 -0.529607 0.00498755 248.687 0.524721 0.841609 0.127915 204.053 0 0 0 1 
Seq_Frame0087_DriverToReference-SequenceTransformStatus = OK
Seq_Frame0087_Timestamp = 9.874
Seq_Frame0088_DriverToReference-SequenceTransform =-0.0719422 -0.105884 0.991773 42.0297 0.848229 -0.529607 0.00498755 248.687 0.524721 0.841609 0.127915 204.053 0 0 0 1 
Seq_Frame0088_DriverToReference-SequenceTransformStatus = OK
Seq_Frame0088_Timestamp = 9.979
Seq_Frame0089_DriverToReference-SequenceTransform =-0.0719422 -0.105884 0.991773 42.0297 0.848229 -0.529607 0.00498755 248.687 0.524721 0.841609 0.127915 204.053 0 0 0 1 
Seq_Frame0089_DriverToReference-SequenceTransformStatus = OK
Seq_Frame0089_Timestamp = 10.089
Seq_Frame0090_DriverToReference-SequenceTransform =-0.0719422 -0.105884 0.991773 42.0297 0.848229 -0.529607 0.00498755 248.687 0.524721 0.841609 0.127915 204.053 0 0 0 1 
Seq_Frame0090_DriverToReference-SequenceTransformStatus = OK
Seq_Frame0090_Timestamp = 10.194
Seq_Frame0091_DriverToReference-SequenceTransform =-0.0719422 -0.105884 0.991773 42.0297 0.848229 -0.529607 0.00498755 248.687 0.524721 0.841609 0.127915 204.053 0 0 0 1 
Seq_Frame0091_DriverToReference-SequenceTransformStatus = OK
Seq_Frame0091_Timestamp = 10.304
Seq_Frame0092_DriverToReference-SequenceTransform =-0.0719422 -0.105884 0.991773 42.0297 0.848229 -0.529607 0.00498755 248.687 0.524721 0.841609 0.127915 204.053 0 0 0 1 
Seq_Frame0092_DriverToReference-SequenceTransformStatus = OK
Seq_Frame0092_Timestamp = 10.414
Seq_Frame0093_DriverToReference-SequenceTransform =-0.0719422 -0.105884 0.991773 42.0297 0.848229 -0.529607 0.00498755 248.687 0.524721 0.841609 0.127915 204.053 0 0 0 1 
Seq_Frame0093_DriverToReference-SequenceTransformStatus = OK
Seq_Frame0093_Timestamp = 10.524
Seq_Frame0094_DriverToReference-SequenceTransform =-0.0719422 -0.105884 0.991773 42.0297 0.848229 -0.529607 0.00498755 248.687 0.524721 0.841609 0.127915 204.053 0 0 0 1 
Seq_Frame0094_DriverToReference-SequenceTransformStatus = OK
Seq_Frame0094_Timestamp = 11.344
Seq_Frame0095_DriverToReference-SequenceTransform =-0.0719422 -0.105884 0.991773 42.0297 0.848229 -0.529607 0.00498755 248.687 0.524721 0.841609 0.127915 204.053 0 0 0 1 
Seq_Frame0095_DriverToReference-SequenceTransformStatus = OK
Seq_Frame0095_Timestamp = 11.454
Seq_Frame0096_DriverToReference-SequenceTransform =-0.0719422 -0.105884 0.991773 42.0297 0.848229 -0.529607 0.00498755 248.687 0.524721 0.841609 0.127915 204.053 0 0 0 1 
Seq_Frame0096_DriverToReference-SequenceTransformStatus = OK
Seq_Frame0096_Timestamp = 11.559
Seq_Frame0097_DriverToReference-SequenceTransform =-0.0719422 -0.105884 0.991773 42.0297 0.848229 -0.529607 0.00498755 248.687 0.524721 0.841609 0.127915 204.053 0 0 0 1 
Seq_Frame0097_DriverToReference-SequenceTransformStatus = OK
Seq_Frame0097_Timestamp = 11.669
Seq_Frame0098_DriverToReference-SequenceTransform =-0.0719422 -0.105884 0.991773 42.0297 0.848229 -0.529607 0.00498755 248.687 0.524721 0.841609 0.127915 204.053 0 0 0 1 
Seq_Frame0098_DriverToReference-SequenceTransformStatus = OK
Seq_Frame0098_Timestamp = 11.778
Seq_Frame0099_DriverToReference-SequenceTransform =-0.0719422 -0.105884 0.991773 42.0297 0.848229 -0.529607 0.00498755 248.687 0.524721 0.841609 0.127915 204.053 0 0 0 1 
Seq_Frame0099_DriverToReference-SequenceTransformStatus = OK
Seq_Frame0099_Timestamp = 11.884
Seq_Frame0100_DriverToReference-SequenceTransform =-0.0719422 -0.105884 0.991773 42.0297 0.848229 -0.529607 0.00498755 248.687 0.524721 0.841609 0.127915 204.053 0 0 0 1 
Seq_Frame0100_DriverToReference-SequenceTransformStatus = OK
Seq_Frame0100_Timestamp = 11.994
Seq_Frame0101_DriverToReference-SequenceTransform =-0.0719422 -0.105884 0.991773 42.0297 0.848229 -0.529607 0.00498755 248.687 0.524721 0.841609 0.127915 204.053 0 0 0 1 
Seq_Frame0101_DriverToReference-SequenceTransformStatus = OK
Seq_Frame0101_Timestamp = 12.099
Seq_Frame0102_DriverToReference-SequenceTransform =0.196886 0.601053 0.774578 19.7412 -0.245635 0.795085 -0.55453 263.984 -0.949157 -0.0810842 0.304181 155.454 0 0 0 1 
Seq_Frame0102_DriverToReference-SequenceTransformStatus = OK
Seq_Frame0102_Timestamp = 12.209
Seq_Frame0103_DriverToReference-SequenceTransform =-0.612099 -0.197189 -0.765801 34.1988 -0.790166 0.190691 0.582472 271.413 0.0311738 0.961641 -0.272534 157.077 0 0 0 1 
Seq_Frame0103_DriverToReference-SequenceTransformStatus = OK
Seq_Frame0103_Timestamp = 12.314
Seq_Frame0104_DriverToReference-SequenceTransform =-0.596469 -0.181536 -0.781837 37.8912 -0.801785 0.179602 0.569986 276.208 0.0369467 0.966844 -0.25268 156.71 0 0 0 1 
Seq_Frame0104_DriverToReference-SequenceTransformStatus = OK
Seq_Frame0104_Timestamp = 12.419
Seq_Frame0105_DriverToReference-SequenceTransform =-0.596469 -0.181536 -0.781837 37.8912 -0.801785 0.179602 0.569986 276.208 0.0369467 0.966844 -0.25268 156.71 0 0 0 1 
Seq_Frame0105_DriverToReference-SequenceTransformStatus = OK
Seq_Frame0105_Timestamp = 12.529
Seq_Frame0106_DriverToReference-SequenceTransform =-0.596469 -0.181536 -0.781837 37.8912 -0.801785 0.179602 0.569986 276.208 0.0369467 0.966844 -0.25268 156.71 0 0 0 1 
Seq_Frame0106_DriverToReference-SequenceTransformStatus = OK
Seq_Frame0106_Timestamp = 12.634
Seq_Frame0107_DriverToReference-SequenceTransform =-0.596469 -0.181536 -0.781837 37.8912 -0.801785 0.179602 0.569986 276.208 0.0369467 0.966844 -0.25268 156.71 0 0 0 1 
Seq_Frame0107_DriverToReference-SequenceTransformStatus = OK
Seq_Frame0107_Timestamp = 12.735
Seq_Frame0108_DriverToReference-SequenceTransform =-0.596469 -0.181536 -0.781837 37.8912 -0.801785 0.179602 0.569986 276.208 0.0369467 0.966844 -0.25268 156.71 0 0 0 1 
Seq_Frame0108_DriverToReference-SequenceTransformStatus = OK
Seq_Frame0108_Timestamp = 12.839
Seq_Frame0109_DriverToReference-SequenceTransform =-0.596469 -0.181536 -0.781837 37.8912 -0.801785 0.179602 0.569986 276.208 0.0369467 0.966844 -0.25268 156.71 0 0 0 1 
Seq_Frame0109_DriverToReference-SequenceTransformStatus = OK
Seq_Frame0109_Timestamp = 12.949
Seq_Frame0110_DriverToReference-SequenceTransform =-0.596469 -0.181536 -0.781837 37.8912 -0.801785 0.179602 0.569986 276.208 0.0369467 0.966844 -0.25268 156.71 0 0 0 1 
Seq_Frame0110_DriverToReference-SequenceTransformStatus = OK
Seq_Frame0110_Timestamp = 13.053
Seq_Frame0111_DriverToReference-SequenceTransform =-0.596469 -0.181536 -0.781837 37.8912 -0.801785 0.179602 0.569986 276.208 0.0369467 0.966844 -0.25268 156.71 0 0 0 1 
Seq_Frame0111_DriverToReference-SequenceTransformStatus = OK
Seq_Frame0111_Timestamp = 13.164
Seq_Frame0112_DriverToReference-SequenceTransform =-0.596469 -0.181536 -0.781837 37.8912 -0.801785 0.179602 0.569986 276.208 0.0369467 0.966844 -0.25268 156.71 0 0 0 1 
Seq_Frame0112_DriverToReference-SequenceTransformStatus = OK
Seq_Frame0112_Timestamp = 13.274
Seq_Frame0113_DriverToReference-SequenceTransform =-0.596469 -0.181536 -0.781837 37.8912 -0.801785 0.179602 0.569986 276.208 0.0369467 0.966844 -0.25268 156.71 0 0 0 1 
Seq_Frame0113_DriverToReference-SequenceTransformStatus = OK
Seq_Frame0113_Timestamp = 13.384
Seq_Frame0114_DriverToReference-SequenceTransform =-0.590573 -0.243049 -0.769514 57.0628 -0.790609 0.365387 0.491355 281.202 0.161747 0.898565 -0.407944 173.666 0 0 0 1 
Seq_Frame0114_DriverToReference-SequenceTransformStatus = OK
Seq_Frame0114_Timestamp = 13.488
Seq_Frame0115_DriverToReference-SequenceTransform =-0.682048 -0.0963648 -0.72493 38.0995 -0.647666 0.539941 0.53758 274.898 0.339616 0.836168 -0.430678 171.623 0 0 0 1 
Seq_Frame0115_DriverToReference-SequenceTransformStatus = OK
Seq_Frame0115_Timestamp = 13.6
Seq_Frame0116_DriverToReference-SequenceTransform =-0.761319 0.16299 -0.627557 4.98988 -0.411288 0.626835 0.661755 268.467 0.501234 0.761913 -0.410186 174.392 0 0 0 1 
Seq_Frame0116_DriverToReference-SequenceTransformStatus = OK
Seq_Frame0116_Timestamp = 13.704
Seq_Frame0117_DriverToReference-SequenceTransform =-0.813212 0.2771 -0.511763 -19.4033 -0.319582 0.522283 0.790625 272.809 0.486367 0.806496 -0.336171 179.928 0 0 0 1 
Seq_Frame0117_DriverToReference-SequenceTransformStatus = OK
Seq_Frame0117_Timestamp = 13.815
Seq_Frame0118_DriverToReference-SequenceTransform =-0.813212 0.2771 -0.511763 -19.4033 -0.319582 0.522283 0.790625 272.809 0.486367 0.806496 -0.336171 179.928 0 0 0 1 
Seq_Frame0118_DriverToReference-SequenceTransformStatus = OK
Seq_Frame0118_Timestamp = 13.924
Seq_Frame0119_DriverToReference-SequenceTransform =-0.813212 0.2771 -0.511763 -19.4033 -0.319582 0.522283 0.790625 272.809 0.486367 0.806496 -0.336171 179.928 0 0 0 1 
Seq_Frame0119_DriverToReference-SequenceTransformStatus = OK
Seq_Frame0119_Timestamp = 14.029
Seq_Frame0120_DriverToReference-SequenceTransform =-0.813212 0.2771 -0.511763 -19.4033 -0.319582 0.522283 0.790625 272.809 0.486367 0.806496 -0.336171 179.928 0 0 0 1 
Seq_Frame0120_DriverToReference-SequenceTransformStatus = OK
Seq_Frame0120_Timestamp = 14.139
Seq_Frame0121_DriverToReference-SequenceTransform =-0.813212 0.2771 -0.511763 -19.4033 -0.319582 0.522283 0.790625 272.809 0.486367 0.806496 -0.336171 179.928 0 0 0 1 
Seq_Frame0121_DriverToReference-SequenceTransformStatus = OK
Seq_Frame0121_Timestamp = 14.244
Seq_Frame0122_DriverToReference-SequenceTransform =-0.813212 0.2771 -0.511763 -19.4033 -0.319582 0.522283 0.790625 272.809 0.486367 0.806496 -0.336171 179.928 0 0 0 1 
Seq_Frame0122_DriverToReference-SequenceTransformStatus = OK
Seq_Frame0122_Timestamp = 14.354
Seq_Frame0123_DriverToReference-SequenceTransform =-0.813212 0.2771 -0.511763 -19.4033 -0.319582 0.522283 0.790625 272.809 0.486367 0.806496 -0.336171 179.928 0 0 0 1 
Seq_Frame0123_DriverToReference-SequenceTransformStatus = OK
Seq_Frame0123_Timestamp = 14.464
Seq_Frame0124_DriverToReference-SequenceTransform =-0.813212 0.2771 -0.511763 -19.4033 -0.319582 0.522283 0.790625 272.809 0.486367 0.806496 -0.336171 179.928 0 0 0 1 
Seq_Frame0124_DriverToReference-SequenceTransformStatus = OK
Seq_Frame0124_Timestamp = 17.659
Seq_Frame0125_DriverToReference-SequenceTransform =-0.813212 0.2771 -0.511763 -19.4033 -0.319582 0.522283 0.790625 272.809 0.486367 0.806496 -0.336171 179.928 0 0 0 1 
Seq_Frame0125_DriverToReference-SequenceTransformStatus = OK
Seq_Frame0125_Timestamp = 17.763
Seq_Frame0126_DriverToReference-SequenceTransform =-0.813212 0.2771 -0.511763 -19.4033 -0.319582 0.522283 0.790625 272.809 0.486367 0.806496 -0.336171 179.928 0 0 0 1 
Seq_Frame0126_DriverToReference-SequenceTransformStatus = OK
Seq_Frame0126_Timestamp = 17.874
Seq_Frame0127_DriverToReference-SequenceTransform =-0.813212 0.2771 -0.511763 -19.4033 -0.319582 0.522283 0.790625 272.809 0.486367 0.806496 -0.336171 179.928 0 0 0 1 
Seq_Frame0127_DriverToReference-SequenceTransformStatus = OK
Seq_Frame0127_Timestamp = 17.978
Seq_Frame0128_DriverToReference-SequenceTransform =-0.813212 0.2771 -0.511763 -19.4033 -0.319582 0.522283 0.790625 272.809 0.486367 0.806496 -0.336171 179.928 0 0 0 1 
Seq_Frame0128_DriverToReference-SequenceTransformStatus = OK
Seq_Frame0128_Timestamp = 18.089
Seq_Frame0129_DriverToReference-SequenceTransform =-0.813212 0.2771 -0.511763 -19.4033 -0.319582 0.522283 0.790625 272.809 0.486367 0.806496 -0.336171 179.928 0 0 0 1 
Seq_Frame0129_DriverToReference-SequenceTransformStatus = OK
Seq_Frame0129_Timestamp = 18.199
Seq_Frame0130_DriverToReference-SequenceTransform =-0.813212 0.2771 -0.511763 -19.4033 -0.319582 0.522283 0.790625 272.809 0.486367 0.806496 -0.336171 179.928 0 0 0 1 
Seq_Frame0130_DriverToReference-SequenceTransformStatus = OK
Seq_Frame0130_Timestamp = 18.309
Seq_Frame0131_DriverToReference-SequenceTransform =-0.813212 0.2771 -0.511763 -19.4033 -0.319582 0.522283 0.790625 272.809 0.486367 0.806496 -0.336171 179.928 0 0 0 1 
Seq_Frame0131_DriverToReference-SequenceTransformStatus = OK
Seq_Frame0131_Timestamp = 18.414
Seq_Frame0132_DriverToReference-SequenceTransform =-0.813212 0.2771 -0.511763 -19.4033 -0.319582 0.522283 0.790625 272.809 0.486367 0.806496 -0.336171 179.928 0 0 0 1 
Seq_Frame0132_DriverToReference-SequenceTransformStatus = OK
Seq_Frame0132_Timestamp = 18.524
Seq_Frame0133_DriverToReference-SequenceTransform =-0.813212 0.2771 -0.511763 -19.4033 -0.319582 0.522283 0.790625 272.809 0.486367 0.806496 -0.336171 179.928 0 0 0 1 
Seq_Frame0133_DriverToReference-SequenceTransformStatus = OK
Seq_Frame0133_Timestamp = 18.629
Seq_Frame0134_DriverToReference-SequenceTransform =-0.813212 0.2771 -0.511763 -19.4033 -0.319582 0.522283 0.790625 272.809 0.486367 0.806496 -0.336171 179.928 0 0 0 1 
Seq_Frame0134_DriverToReference-SequenceTransformStatus = OK
Seq_Frame0134_Timestamp = 18.739
Seq_Frame0135_DriverToReference-SequenceTransform =-0.813212 0.2771 -0.511763 -19.4033 -0.319582 0.522283 0.790625 272.809 0.486367 0.806496 -0.336171 179.928 0 0 0 1 
Seq_Frame0135_DriverToReference-SequenceTransformStatus = OK
Seq_Frame0135_Timestamp = 18.844
Seq_Frame0136_DriverToReference-SequenceTransform =-0.813212 0.2771 -0.511763 -19.4033 -0.319582 0.522283 0.790625 272.809 0.486367 0.806496 -0.336171 179.928 0 0 0 1 
Seq_Frame0136_DriverToReference-SequenceTransformStatus = OK
Seq_Frame0136_Timestamp = 18.949
Seq_Frame0137_DriverToReference-SequenceTransform =-0.813212 0.2771 -0.511763 -19.4033 -0.319582 0.522283 0.790625 272.809 0.486367 0.806496 -0.336171 179.928 0 0 0 1 
Seq_Frame0137_DriverToReference-SequenceTransformStatus = OK
Seq_Frame0137_Timestamp = 19.059
Seq_Frame0138_DriverToReference-SequenceTransform =-0.813212 0.2771 -0.511763 -19.4033 -0.319582 0.522283 0.790625 272.809 0.486367 0.806496 -0.336171 179.928 0 0 0 1 
Seq_Frame0138_DriverToReference-SequenceTransformStatus = OK
Seq_Frame0138_Timestamp = 19.164
Seq_Frame0139_DriverToReference-SequenceTransform =-0.813212 0.2771 -0.511763 -19.4033 -0.319582 0.522283 0.790625 272.809 0.486367 0.806496 -0.336171 179.928 0 0 0 1 
Seq_Frame0139_DriverToReference-SequenceTransformStatus = OK
Seq_Frame0139_Timestamp = 19.273
Seq_Frame0140_DriverToReference-SequenceTransform =-0.813212 0.2771 -0.511763 -19.4033 -0.319582 0.522283 0.790625 272.809 0.486367 0.806496 -0.336171 179.928 0 0 0 1 
Seq_Frame0140_DriverToReference-SequenceTransformStatus = OK
Seq_Frame0140_Timestamp = 19.384
Seq_Frame0141_DriverToReference-SequenceTransform =-0.813212 0.2771 -0.511763 -19.4033 -0.319582 0.522283 0.790625 272.809 0.486367 0.806496 -0.336171 179.928 0 0 0 1 
Seq_Frame0141_DriverToReference-SequenceTransformStatus = OK
Seq_Frame0141_Timestamp = 19.494
Seq_Frame0142_DriverToReference-SequenceTransform =-0.813212 0.2771 -0.511763 -19.4033 -0.319582 0.522283 0.790625 272.809 0.486367 0.806496 -0.336171 179.928 0 0 0 1 
Seq_Frame0142_DriverToReference-SequenceTransformStatus = OK
Seq_Frame0142_Timestamp = 19.604
Seq_Frame0143_DriverToReference-SequenceTransform =-0.813212 0.2771 -0.511763 -19.4033 -0.319582 0.522283 0.790625 272.809 0.486367 0.806496 -0.336171 179.928 0 0 0 1 
Seq_Frame0143_DriverToReference-SequenceTransformStatus = OK
Seq_Frame0143_Timestamp = 19.714
Seq_Frame0144_DriverToReference-SequenceTransform =-0.637731 0.646461 -0.418792 15.6748 -0.0121125 0.535219 0.844626 316.465 0.770164 0.543717 -0.333496 184.048 0 0 0 1 
Seq_Frame0144_DriverToReference-SequenceTransformStatus = OK
Seq_Frame0144_Timestamp = 19.824
Seq_Frame0145_DriverToReference-SequenceTransform =-0.718868 0.64645 -0.255599 4.80245 0.0909615 0.452005 0.887365 324.303 0.689169 0.614649 -0.383734 176.7 0 0 0 1 
Seq_Frame0145_DriverToReference-SequenceTransformStatus = OK
Seq_Frame0145_Timestamp = 19.929
Seq_Frame0146_DriverToReference-SequenceTransform =-0.767352 0.604732 -0.213237 -19.5957 0.0925225 0.433486 0.896398 322.127 0.634516 0.668124 -0.388587 179.159 0 0 0 1 
Seq_Frame0146_DriverToReference-SequenceTransformStatus = OK
Seq_Frame0146_Timestamp = 20.035
Seq_Frame0147_DriverToReference-SequenceTransform =-0.795314 0.558198 -0.23641 -26.5533 0.0246538 0.41945 0.907444 319.252 0.605696 0.715874 -0.347356 177.571 0 0 0 1 
Seq_Frame0147_DriverToReference-SequenceTransformStatus = OK
Seq_Frame0147_Timestamp = 20.144
Seq_Frame0148_DriverToReference-SequenceTransform =-0.795314 0.558198 -0.23641 -26.5533 0.0246538 0.41945 0.907444 319.252 0.605696 0.715874 -0.347356 177.571 0 0 0 1 
Seq_Frame0148_DriverToReference-SequenceTransformStatus = OK
Seq_Frame0148_Timestamp = 20.254
Seq_Frame0149_DriverToReference-SequenceTransform =-0.795314 0.558198 -0.23641 -26.5533 0.0246538 0.41945 0.907444 319.252 0.605696 0.715874 -0.347356 177.571 0 0 0 1 
Seq_Frame0149_DriverToReference-SequenceTransformStatus = OK
Seq_Frame0149_Timestamp = 20.359
Seq_Frame0150_DriverToReference-SequenceTransform =-0.795314 0.558198 -0.23641 -26.5533 0.0246538 0.41945 0.907444 319.252 0.605696 0.715874 -0.347356 177.571 0 0 0 1 
Seq_Frame0150_DriverToReference-SequenceTransformStatus = OK
Seq_Frame0150_Timestamp = 20.469
