ObjectType = Image
NDims = 3
AnatomicalOrientation = RAI
BinaryData = True
CompressedData = False
DimSize = 0 0 1719
ElementSpacing = 1 1 1
Offset = 0 0 0
TransformMatrix = 1 0 0 0 1 0 0 0 1
ElementType = MET_UCHAR
Kinds = domain domain list
Seq_Frame0000_DriverToReference-SequenceTransform =-0.882012 -0.448302 0.14519 61.7488 -0.143633 0.549213 0.823247 51.0758 -0.448803 0.705259 -0.548803 81.285 0 0 0 1 
Seq_Frame0000_DriverToReference-SequenceTransformStatus = OK
Seq_Frame0000_Timestamp = 0.000999928
Seq_Frame0001_DriverToReference-SequenceTransform =-0.8815 -0.449272 0.145303 61.7278 -0.143327 0.547793 0.824245 51.0627 -0.449907 0.705746 -0.547272 81.2286 0 0 0 1 
Seq_Frame0001_DriverToReference-SequenceTransformStatus = OK
Seq_Frame0001_Timestamp = 0.104
Seq_Frame0002_DriverToReference-SequenceTransform =-0.883182 -0.446832 0.142588 61.7864 -0.144314 0.548139 0.823843 51.0459 -0.446277 0.707026 -0.54859 81.249 0 0 0 1 
Seq_Frame0002_DriverToReference-SequenceTransformStatus = OK
Seq_Frame0002_Timestamp = 0.205
Seq_Frame0003_DriverToReference-SequenceTransform =-0.883539 -0.446383 0.141779 61.7676 -0.144209 0.547288 0.824427 51.0186 -0.445604 0.707967 -0.547923 81.2475 0 0 0 1 
Seq_Frame0003_DriverToReference-SequenceTransformStatus = OK
Seq_Frame0003_Timestamp = 0.305
Seq_Frame0004_DriverToReference-SequenceTransform =-0.883154 -0.446685 0.143221 61.7966 -0.143769 0.548378 0.823779 51.0054 -0.446509 0.706933 -0.548521 81.2918 0 0 0 1 
Seq_Frame0004_DriverToReference-SequenceTransformStatus = OK
Seq_Frame0004_Timestamp = 0.406
Seq_Frame0005_DriverToReference-SequenceTransform =-0.882324 -0.447962 0.144343 61.7346 -0.143538 0.548208 0.823933 51.0699 -0.44822 0.706257 -0.547996 81.2173 0 0 0 1 
Seq_Frame0005_DriverToReference-SequenceTransformStatus = OK
Seq_Frame0005_Timestamp = 0.521
Seq_Frame0006_DriverToReference-SequenceTransform =-0.882938 -0.447123 0.143181 61.7583 -0.1441 0.548342 0.823745 51.1111 -0.446828 0.706684 -0.548582 81.2464 0 0 0 1 
Seq_Frame0006_DriverToReference-SequenceTransformStatus = OK
Seq_Frame0006_Timestamp = 0.625
Seq_Frame0007_DriverToReference-SequenceTransform =-0.882541 -0.447838 0.143394 61.7484 -0.144432 0.54836 0.823675 51.1949 -0.447505 0.706217 -0.548632 81.2481 0 0 0 1 
Seq_Frame0007_DriverToReference-SequenceTransformStatus = OK
Seq_Frame0007_Timestamp = 0.732
Seq_Frame0008_DriverToReference-SequenceTransform =-0.881705 -0.448581 0.146187 61.7276 -0.141518 0.547036 0.82506 50.8382 -0.450076 0.706772 -0.545807 81.3915 0 0 0 1 
Seq_Frame0008_DriverToReference-SequenceTransformStatus = OK
Seq_Frame0008_Timestamp = 0.833
Seq_Frame0009_DriverToReference-SequenceTransform =-0.886244 -0.442322 0.137563 61.9094 -0.145726 0.548122 0.823605 50.7923 -0.4397 0.709869 -0.550227 81.5925 0 0 0 1 
Seq_Frame0009_DriverToReference-SequenceTransformStatus = OK
Seq_Frame0009_Timestamp = 0.936
Seq_Frame0010_DriverToReference-SequenceTransform =-0.881673 -0.448665 0.146126 61.7648 -0.140621 0.545442 0.826268 50.6051 -0.450421 0.70795 -0.543993 81.5867 0 0 0 1 
Seq_Frame0010_DriverToReference-SequenceTransformStatus = OK
Seq_Frame0010_Timestamp = 1.043
Seq_Frame0011_DriverToReference-SequenceTransform =-0.892382 -0.433991 0.123718 62.0126 -0.151348 0.546086 0.823944 50.7145 -0.425145 0.716548 -0.553001 82.1363 0 0 0 1 
Seq_Frame0011_DriverToReference-SequenceTransformStatus = OK
Seq_Frame0011_Timestamp = 1.149
Seq_Frame0012_DriverToReference-SequenceTransform =-0.88729 -0.442517 0.129983 61.6897 -0.151321 0.545542 0.824309 51.516 -0.435682 0.711732 -0.551016 81.5191 0 0 0 1 
Seq_Frame0012_DriverToReference-SequenceTransformStatus = OK
Seq_Frame0012_Timestamp = 1.254
Seq_Frame0013_DriverToReference-SequenceTransform =-0.928116 -0.346112 0.137138 57.8864 -0.093215 0.572673 0.814467 52.3017 -0.360432 0.743137 -0.56377 84.226 0 0 0 1 
Seq_Frame0013_DriverToReference-SequenceTransformStatus = OK
Seq_Frame0013_Timestamp = 1.356
Seq_Frame0014_DriverToReference-SequenceTransform =-0.959208 -0.23842 0.15191 53.8465 -0.0265652 0.610988 0.791194 56.476 -0.281452 0.754884 -0.592398 90.0679 0 0 0 1 
Seq_Frame0014_DriverToReference-SequenceTransformStatus = OK
Seq_Frame0014_Timestamp = 1.468
Seq_Frame0015_DriverToReference-SequenceTransform =-0.978662 -0.13069 0.158556 47.3203 0.0488469 0.601558 0.797334 62.0803 -0.199585 0.788066 -0.582339 97.6699 0 0 0 1 
Seq_Frame0015_DriverToReference-SequenceTransformStatus = OK
Seq_Frame0015_Timestamp = 1.571
Seq_Frame0016_DriverToReference-SequenceTransform =-0.971537 -0.118853 0.204914 38.6291 0.089368 0.617213 0.781704 67.0342 -0.219384 0.777767 -0.589024 103.465 0 0 0 1 
Seq_Frame0016_DriverToReference-SequenceTransformStatus = OK
Seq_Frame0016_Timestamp = 1.679
Seq_Frame0017_DriverToReference-SequenceTransform =-0.977041 -0.119241 0.176559 31.2596 0.04479 0.695231 0.71739 78.2783 -0.208292 0.708827 -0.673928 103.618 0 0 0 1 
Seq_Frame0017_DriverToReference-SequenceTransformStatus = OK
Seq_Frame0017_Timestamp = 1.78
Seq_Frame0018_DriverToReference-SequenceTransform =-0.979946 -0.198823 -0.0132444 24.2227 -0.179252 0.850554 0.494395 100.133 -0.0870319 0.486854 -0.869137 99.033 0 0 0 1 
Seq_Frame0018_DriverToReference-SequenceTransformStatus = OK
Seq_Frame0018_Timestamp = 1.884
Seq_Frame0019_DriverToReference-SequenceTransform =-0.923015 -0.383753 0.0278835 20.9338 -0.346238 0.860016 0.374822 121.692 -0.16782 0.336312 -0.926677 114.357 0 0 0 1 
Seq_Frame0019_DriverToReference-SequenceTransformStatus = OK
Seq_Frame0019_Timestamp = 1.985
Seq_Frame0020_DriverToReference-SequenceTransform =-0.905072 -0.42516 -0.00913557 18.9125 -0.408032 0.862158 0.300322 138.356 -0.119809 0.275541 -0.953794 119.895 0 0 0 1 
Seq_Frame0020_DriverToReference-SequenceTransformStatus = OK
Seq_Frame0020_Timestamp = 2.091
Seq_Frame0021_DriverToReference-SequenceTransform =-0.872117 -0.486631 -0.0510155 14.6311 -0.474383 0.815377 0.331846 158.376 -0.11989 0.313609 -0.941953 119.82 0 0 0 1 
Seq_Frame0021_DriverToReference-SequenceTransformStatus = OK
Seq_Frame0021_Timestamp = 2.191
Seq_Frame0022_DriverToReference-SequenceTransform =-0.779115 -0.566358 -0.268735 7.3398 -0.626763 0.695456 0.351438 188.124 -0.0121465 0.442244 -0.896812 112.508 0 0 0 1 
Seq_Frame0022_DriverToReference-SequenceTransformStatus = OK
Seq_Frame0022_Timestamp = 2.3
Seq_Frame0023_DriverToReference-SequenceTransform =-0.565334 -0.563416 -0.602461 -9.4871 -0.819883 0.463948 0.335477 219.382 0.090497 0.683604 -0.72422 105.854 0 0 0 1 
Seq_Frame0023_DriverToReference-SequenceTransformStatus = OK
Seq_Frame0023_Timestamp = 2.403
Seq_Frame0024_DriverToReference-SequenceTransform =-0.227954 -0.564838 -0.793092 -30.8179 -0.963896 0.246045 0.101815 242.116 0.137627 0.787668 -0.600532 102.088 0 0 0 1 
Seq_Frame0024_DriverToReference-SequenceTransformStatus = OK
Seq_Frame0024_Timestamp = 2.509
Seq_Frame0025_DriverToReference-SequenceTransform =-0.0422211 -0.571349 -0.81962 -39.9977 -0.990054 0.134118 -0.0424916 244.044 0.134203 0.809674 -0.571329 106.016 0 0 0 1 
Seq_Frame0025_DriverToReference-SequenceTransformStatus = OK
Seq_Frame0025_Timestamp = 2.617
Seq_Frame0026_DriverToReference-SequenceTransform =0.156365 -0.551445 -0.819426 -49.7367 -0.975909 0.0415472 -0.214186 242.051 0.152157 0.833176 -0.531664 108.792 0 0 0 1 
Seq_Frame0026_DriverToReference-SequenceTransformStatus = OK
Seq_Frame0026_Timestamp = 2.724
Seq_Frame0027_DriverToReference-SequenceTransform =0.417368 -0.522424 -0.743557 -55.8289 -0.874381 -0.00801112 -0.485173 230.787 0.24751 0.852648 -0.460142 110.159 0 0 0 1 
Seq_Frame0027_DriverToReference-SequenceTransformStatus = OK
Seq_Frame0027_Timestamp = 2.855
Seq_Frame0028_DriverToReference-SequenceTransform =0.543122 -0.421437 -0.726229 -58.4821 -0.802977 -0.00786068 -0.595958 223.716 0.24545 0.906824 -0.342674 111.989 0 0 0 1 
Seq_Frame0028_DriverToReference-SequenceTransformStatus = OK
Seq_Frame0028_Timestamp = 3.025
Seq_Frame0029_DriverToReference-SequenceTransform =0.496566 0.0304963 0.867463 -30.07 -0.386122 0.902817 0.189291 238.715 -0.777388 -0.428942 0.460084 115.72 0 0 0 1 
Seq_Frame0029_DriverToReference-SequenceTransformStatus = OK
Seq_Frame0029_Timestamp = 3.125
Seq_Frame0030_DriverToReference-SequenceTransform =0.244526 0.673284 0.69778 -28.0171 -0.680004 0.632074 -0.371588 242.471 -0.691232 -0.38363 0.612394 122.757 0 0 0 1 
Seq_Frame0030_DriverToReference-SequenceTransformStatus = OK
Seq_Frame0030_Timestamp = 3.233
Seq_Frame0031_DriverToReference-SequenceTransform =0.114525 0.767109 0.631212 -41.868 -0.658556 0.534339 -0.529893 246.137 -0.743766 -0.355002 0.566379 125.543 0 0 0 1 
Seq_Frame0031_DriverToReference-SequenceTransformStatus = OK
Seq_Frame0031_Timestamp = 3.34
Seq_Frame0032_DriverToReference-SequenceTransform =0.0337742 0.797357 0.602562 -42.6296 -0.600902 0.497962 -0.62526 253.737 -0.798609 -0.340963 0.495952 126.151 0 0 0 1 
Seq_Frame0032_DriverToReference-SequenceTransformStatus = OK
Seq_Frame0032_Timestamp = 3.441
Seq_Frame0033_DriverToReference-SequenceTransform =-0.950429 0.139439 -0.277923 -38.5195 -0.17244 0.507407 0.844276 244.817 0.258745 0.85035 -0.45821 121.298 0 0 0 1 
Seq_Frame0033_DriverToReference-SequenceTransformStatus = OK
Seq_Frame0033_Timestamp = 3.543
Seq_Frame0034_DriverToReference-SequenceTransform =-0.933024 0.266708 -0.241522 -37.6837 -0.12432 0.390948 0.911978 237.084 0.337654 0.880924 -0.331606 110.584 0 0 0 1 
Seq_Frame0034_DriverToReference-SequenceTransformStatus = OK
Seq_Frame0034_Timestamp = 3.644
Seq_Frame0035_DriverToReference-SequenceTransform =-0.933024 0.266708 -0.241522 -37.6837 -0.12432 0.390948 0.911978 237.084 0.337654 0.880924 -0.331606 110.584 0 0 0 1 
Seq_Frame0035_DriverToReference-SequenceTransformStatus = OK
Seq_Frame0035_Timestamp = 3.751
Seq_Frame0036_DriverToReference-SequenceTransform =-0.933024 0.266708 -0.241522 -37.6837 -0.12432 0.390948 0.911978 237.084 0.337654 0.880924 -0.331606 110.584 0 0 0 1 
Seq_Frame0036_DriverToReference-SequenceTransformStatus = OK
Seq_Frame0036_Timestamp = 3.858
Seq_Frame0037_DriverToReference-SequenceTransform =-0.933024 0.266708 -0.241522 -37.6837 -0.12432 0.390948 0.911978 237.084 0.337654 0.880924 -0.331606 110.584 0 0 0 1 
Seq_Frame0037_DriverToReference-SequenceTransformStatus = OK
Seq_Frame0037_Timestamp = 3.964
Seq_Frame0038_DriverToReference-SequenceTransform =-0.933024 0.266708 -0.241522 -37.6837 -0.12432 0.390948 0.911978 237.084 0.337654 0.880924 -0.331606 110.584 0 0 0 1 
Seq_Frame0038_DriverToReference-SequenceTransformStatus = OK
Seq_Frame0038_Timestamp = 4.065
Seq_Frame0039_DriverToReference-SequenceTransform =-0.933024 0.266708 -0.241522 -37.6837 -0.12432 0.390948 0.911978 237.084 0.337654 0.880924 -0.331606 110.584 0 0 0 1 
Seq_Frame0039_DriverToReference-SequenceTransformStatus = OK
Seq_Frame0039_Timestamp = 4.175
Seq_Frame0040_DriverToReference-SequenceTransform =-0.933024 0.266708 -0.241522 -37.6837 -0.12432 0.390948 0.911978 237.084 0.337654 0.880924 -0.331606 110.584 0 0 0 1 
Seq_Frame0040_DriverToReference-SequenceTransformStatus = OK
Seq_Frame0040_Timestamp = 4.282
Seq_Frame0041_DriverToReference-SequenceTransform =-0.933024 0.266708 -0.241522 -37.6837 -0.12432 0.390948 0.911978 237.084 0.337654 0.880924 -0.331606 110.584 0 0 0 1 
Seq_Frame0041_DriverToReference-SequenceTransformStatus = OK
Seq_Frame0041_Timestamp = 4.391
Seq_Frame0042_DriverToReference-SequenceTransform =-0.933024 0.266708 -0.241522 -37.6837 -0.12432 0.390948 0.911978 237.084 0.337654 0.880924 -0.331606 110.584 0 0 0 1 
Seq_Frame0042_DriverToReference-SequenceTransformStatus = OK
Seq_Frame0042_Timestamp = 4.501
Seq_Frame0043_DriverToReference-SequenceTransform =-0.933024 0.266708 -0.241522 -37.6837 -0.12432 0.390948 0.911978 237.084 0.337654 0.880924 -0.331606 110.584 0 0 0 1 
Seq_Frame0043_DriverToReference-SequenceTransformStatus = OK
Seq_Frame0043_Timestamp = 4.605
Seq_Frame0044_DriverToReference-SequenceTransform =-0.933024 0.266708 -0.241522 -37.6837 -0.12432 0.390948 0.911978 237.084 0.337654 0.880924 -0.331606 110.584 0 0 0 1 
Seq_Frame0044_DriverToReference-SequenceTransformStatus = OK
Seq_Frame0044_Timestamp = 4.716
Seq_Frame0045_DriverToReference-SequenceTransform =-0.933024 0.266708 -0.241522 -37.6837 -0.12432 0.390948 0.911978 237.084 0.337654 0.880924 -0.331606 110.584 0 0 0 1 
Seq_Frame0045_DriverToReference-SequenceTransformStatus = OK
Seq_Frame0045_Timestamp = 4.816
Seq_Frame0046_DriverToReference-SequenceTransform =0.119975 -0.870956 -0.476489 -34.0453 0.126624 -0.462611 0.877472 262.234 -0.984669 -0.16561 0.0547823 109.469 0 0 0 1 
Seq_Frame0046_DriverToReference-SequenceTransformStatus = OK
Seq_Frame0046_Timestamp = 4.92
Seq_Frame0047_DriverToReference-SequenceTransform =0.119975 -0.870956 -0.476489 -34.0453 0.126624 -0.462611 0.877472 262.234 -0.984669 -0.16561 0.0547823 109.469 0 0 0 1 
Seq_Frame0047_DriverToReference-SequenceTransformStatus = OK
Seq_Frame0047_Timestamp = 5.027
Seq_Frame0048_DriverToReference-SequenceTransform =0.119975 -0.870956 -0.476489 -34.0453 0.126624 -0.462611 0.877472 262.234 -0.984669 -0.16561 0.0547823 109.469 0 0 0 1 
Seq_Frame0048_DriverToReference-SequenceTransformStatus = OK
Seq_Frame0048_Timestamp = 5.134
Seq_Frame0049_DriverToReference-SequenceTransform =0.119975 -0.870956 -0.476489 -34.0453 0.126624 -0.462611 0.877472 262.234 -0.984669 -0.16561 0.0547823 109.469 0 0 0 1 
Seq_Frame0049_DriverToReference-SequenceTransformStatus = OK
Seq_Frame0049_Timestamp = 5.242
Seq_Frame0050_DriverToReference-SequenceTransform =0.119975 -0.870956 -0.476489 -34.0453 0.126624 -0.462611 0.877472 262.234 -0.984669 -0.16561 0.0547823 109.469 0 0 0 1 
Seq_Frame0050_DriverToReference-SequenceTransformStatus = OK
Seq_Frame0050_Timestamp = 5.354
Seq_Frame0051_DriverToReference-SequenceTransform =0.119975 -0.870956 -0.476489 -34.0453 0.126624 -0.462611 0.877472 262.234 -0.984669 -0.16561 0.0547823 109.469 0 0 0 1 
Seq_Frame0051_DriverToReference-SequenceTransformStatus = OK
Seq_Frame0051_Timestamp = 5.455
Seq_Frame0052_DriverToReference-SequenceTransform =0.119975 -0.870956 -0.476489 -34.0453 0.126624 -0.462611 0.877472 262.234 -0.984669 -0.16561 0.0547823 109.469 0 0 0 1 
Seq_Frame0052_DriverToReference-SequenceTransformStatus = OK
Seq_Frame0052_Timestamp = 5.555
Seq_Frame0053_DriverToReference-SequenceTransform =0.119975 -0.870956 -0.476489 -34.0453 0.126624 -0.462611 0.877472 262.234 -0.984669 -0.16561 0.0547823 109.469 0 0 0 1 
Seq_Frame0053_DriverToReference-SequenceTransformStatus = OK
Seq_Frame0053_Timestamp = 5.667
Seq_Frame0054_DriverToReference-SequenceTransform =0.119975 -0.870956 -0.476489 -34.0453 0.126624 -0.462611 0.877472 262.234 -0.984669 -0.16561 0.0547823 109.469 0 0 0 1 
Seq_Frame0054_DriverToReference-SequenceTransformStatus = OK
Seq_Frame0054_Timestamp = 5.77
Seq_Frame0055_DriverToReference-SequenceTransform =-0.0817343 -0.444465 -0.89206 -64.4664 -0.953337 0.295873 -0.0600689 257.869 0.290635 0.845523 -0.447908 165.995 0 0 0 1 
Seq_Frame0055_DriverToReference-SequenceTransformStatus = OK
Seq_Frame0055_Timestamp = 5.871
Seq_Frame0056_DriverToReference-SequenceTransform =-0.135033 -0.588417 -0.797203 -33.6607 -0.95513 0.291358 -0.0532692 250.757 0.263616 0.754239 -0.601357 172.03 0 0 0 1 
Seq_Frame0056_DriverToReference-SequenceTransformStatus = OK
Seq_Frame0056_Timestamp = 5.975
Seq_Frame0057_DriverToReference-SequenceTransform =-0.094547 -0.637769 -0.764403 -30.0914 -0.960279 0.260921 -0.0989215 247.36 0.262538 0.724687 -0.637105 178.152 0 0 0 1 
Seq_Frame0057_DriverToReference-SequenceTransformStatus = OK
Seq_Frame0057_Timestamp = 6.075
Seq_Frame0058_DriverToReference-SequenceTransform =-0.0728583 -0.61202 -0.787479 -32.0471 -0.968012 0.23347 -0.0918889 246.727 0.240091 0.755595 -0.609453 179.936 0 0 0 1 
Seq_Frame0058_DriverToReference-SequenceTransformStatus = OK
Seq_Frame0058_Timestamp = 6.176
Seq_Frame0059_DriverToReference-SequenceTransform =-0.0614429 -0.615121 -0.786035 -30.692 -0.966916 0.232031 -0.105997 245.653 0.247585 0.753517 -0.609027 181.254 0 0 0 1 
Seq_Frame0059_DriverToReference-SequenceTransformStatus = OK
Seq_Frame0059_Timestamp = 6.277
Seq_Frame0060_DriverToReference-SequenceTransform =-0.270527 -0.501801 -0.821591 -29.2735 -0.855044 0.517409 -0.0344749 242.784 0.442398 0.693169 -0.569034 172.164 0 0 0 1 
Seq_Frame0060_DriverToReference-SequenceTransformStatus = OK
Seq_Frame0060_Timestamp = 7.295
Seq_Frame0061_DriverToReference-SequenceTransform =-0.591725 -0.254533 -0.764902 -49.6605 -0.57524 0.798061 0.179435 235.766 0.564766 0.546178 -0.61865 151.16 0 0 0 1 
Seq_Frame0061_DriverToReference-SequenceTransformStatus = OK
Seq_Frame0061_Timestamp = 7.396
Seq_Frame0062_DriverToReference-SequenceTransform =-0.627981 -0.0721404 -0.774878 -83.8955 -0.394049 0.888096 0.236667 213.779 0.671092 0.453962 -0.586134 124.916 0 0 0 1 
Seq_Frame0062_DriverToReference-SequenceTransformStatus = OK
Seq_Frame0062_Timestamp = 7.503
Seq_Frame0063_DriverToReference-SequenceTransform =-0.57589 0.0144023 -0.8174 -114.616 -0.243029 0.951628 0.187991 181.522 0.780569 0.306914 -0.544533 102.891 0 0 0 1 
Seq_Frame0063_DriverToReference-SequenceTransformStatus = OK
Seq_Frame0063_Timestamp = 7.606
Seq_Frame0064_DriverToReference-SequenceTransform =-0.56315 -0.0238017 -0.826012 -121.088 -0.204775 0.972427 0.111589 162.43 0.80058 0.231988 -0.552497 92.7661 0 0 0 1 
Seq_Frame0064_DriverToReference-SequenceTransformStatus = OK
Seq_Frame0064_Timestamp = 7.708
Seq_Frame0065_DriverToReference-SequenceTransform =-0.56315 -0.0238017 -0.826012 -121.088 -0.204775 0.972427 0.111589 162.43 0.80058 0.231988 -0.552497 92.7661 0 0 0 1 
Seq_Frame0065_DriverToReference-SequenceTransformStatus = OK
Seq_Frame0065_Timestamp = 7.815
Seq_Frame0066_DriverToReference-SequenceTransform =-0.56315 -0.0238017 -0.826012 -121.088 -0.204775 0.972427 0.111589 162.43 0.80058 0.231988 -0.552497 92.7661 0 0 0 1 
Seq_Frame0066_DriverToReference-SequenceTransformStatus = OK
Seq_Frame0066_Timestamp = 7.925
Seq_Frame0067_DriverToReference-SequenceTransform =-0.56315 -0.0238017 -0.826012 -121.088 -0.204775 0.972427 0.111589 162.43 0.80058 0.231988 -0.552497 92.7661 0 0 0 1 
Seq_Frame0067_DriverToReference-SequenceTransformStatus = OK
Seq_Frame0067_Timestamp = 8.029
Seq_Frame0068_DriverToReference-SequenceTransform =-0.56315 -0.0238017 -0.826012 -121.088 -0.204775 0.972427 0.111589 162.43 0.80058 0.231988 -0.552497 92.7661 0 0 0 1 
Seq_Frame0068_DriverToReference-SequenceTransformStatus = OK
Seq_Frame0068_Timestamp = 8.136
Seq_Frame0069_DriverToReference-SequenceTransform =-0.56315 -0.0238017 -0.826012 -121.088 -0.204775 0.972427 0.111589 162.43 0.80058 0.231988 -0.552497 92.7661 0 0 0 1 
Seq_Frame0069_DriverToReference-SequenceTransformStatus = OK
Seq_Frame0069_Timestamp = 8.243
Seq_Frame0070_DriverToReference-SequenceTransform =-0.56315 -0.0238017 -0.826012 -121.088 -0.204775 0.972427 0.111589 162.43 0.80058 0.231988 -0.552497 92.7661 0 0 0 1 
Seq_Frame0070_DriverToReference-SequenceTransformStatus = OK
Seq_Frame0070_Timestamp = 8.351
Seq_Frame0071_DriverToReference-SequenceTransform =-0.56315 -0.0238017 -0.826012 -121.088 -0.204775 0.972427 0.111589 162.43 0.80058 0.231988 -0.552497 92.7661 0 0 0 1 
Seq_Frame0071_DriverToReference-SequenceTransformStatus = OK
Seq_Frame0071_Timestamp = 8.455
Seq_Frame0072_DriverToReference-SequenceTransform =-0.56315 -0.0238017 -0.826012 -121.088 -0.204775 0.972427 0.111589 162.43 0.80058 0.231988 -0.552497 92.7661 0 0 0 1 
Seq_Frame0072_DriverToReference-SequenceTransformStatus = OK
Seq_Frame0072_Timestamp = 8.564
Seq_Frame0073_DriverToReference-SequenceTransform =-0.56315 -0.0238017 -0.826012 -121.088 -0.204775 0.972427 0.111589 162.43 0.80058 0.231988 -0.552497 92.7661 0 0 0 1 
Seq_Frame0073_DriverToReference-SequenceTransformStatus = OK
Seq_Frame0073_Timestamp = 8.666
Seq_Frame0074_DriverToReference-SequenceTransform =0.125982 0.481794 0.867181 -70.2524 -0.909492 0.405188 -0.0929881 187.042 -0.396172 -0.77698 0.489234 83.1254 0 0 0 1 
Seq_Frame0074_DriverToReference-SequenceTransformStatus = OK
Seq_Frame0074_Timestamp = 8.775
Seq_Frame0075_DriverToReference-SequenceTransform =0.0356466 0.481266 0.875849 -88.6418 -0.939045 0.315999 -0.135418 175.756 -0.34194 -0.817635 0.463195 80.601 0 0 0 1 
Seq_Frame0075_DriverToReference-SequenceTransformStatus = OK
Seq_Frame0075_Timestamp = 8.883
Seq_Frame0076_DriverToReference-SequenceTransform =-0.0204981 0.471718 0.881511 -93.9493 -0.97755 0.175479 -0.116634 151.263 -0.209705 -0.864112 0.45753 71.0658 0 0 0 1 
Seq_Frame0076_DriverToReference-SequenceTransformStatus = OK
Seq_Frame0076_Timestamp = 8.984
Seq_Frame0077_DriverToReference-SequenceTransform =-0.0459105 0.467897 0.88259 -93.8073 -0.989233 0.101607 -0.105324 136.666 -0.138958 -0.877923 0.458194 65.3518 0 0 0 1 
Seq_Frame0077_DriverToReference-SequenceTransformStatus = OK
Seq_Frame0077_Timestamp = 9.085
Seq_Frame0078_DriverToReference-SequenceTransform =-0.0238078 0.441812 0.896792 -95.5968 -0.993639 0.088303 -0.0698822 129.168 -0.110064 -0.892751 0.4369 62.8964 0 0 0 1 
Seq_Frame0078_DriverToReference-SequenceTransformStatus = OK
Seq_Frame0078_Timestamp = 9.186
Seq_Frame0079_DriverToReference-SequenceTransform =-0.00362512 0.439898 0.898041 -94.5065 -0.99507 0.0874181 -0.0468378 120.114 -0.0991088 -0.893783 0.437412 60.4689 0 0 0 1 
Seq_Frame0079_DriverToReference-SequenceTransformStatus = OK
Seq_Frame0079_Timestamp = 9.286
Seq_Frame0080_DriverToReference-SequenceTransform =0.000236628 0.432084 0.901833 -94.4854 -0.995055 0.0896733 -0.042703 118 -0.0993217 -0.897364 0.429969 61.3253 0 0 0 1 
Seq_Frame0080_DriverToReference-SequenceTransformStatus = OK
Seq_Frame0080_Timestamp = 9.41
Seq_Frame0081_DriverToReference-SequenceTransform =0.000236628 0.432084 0.901833 -94.4854 -0.995055 0.0896733 -0.042703 118 -0.0993217 -0.897364 0.429969 61.3253 0 0 0 1 
Seq_Frame0081_DriverToReference-SequenceTransformStatus = OK
Seq_Frame0081_Timestamp = 9.511
Seq_Frame0082_DriverToReference-SequenceTransform =0.000236628 0.432084 0.901833 -94.4854 -0.995055 0.0896733 -0.042703 118 -0.0993217 -0.897364 0.429969 61.3253 0 0 0 1 
Seq_Frame0082_DriverToReference-SequenceTransformStatus = OK
Seq_Frame0082_Timestamp = 9.615
Seq_Frame0083_DriverToReference-SequenceTransform =0.000236628 0.432084 0.901833 -94.4854 -0.995055 0.0896733 -0.042703 118 -0.0993217 -0.897364 0.429969 61.3253 0 0 0 1 
Seq_Frame0083_DriverToReference-SequenceTransformStatus = OK
Seq_Frame0083_Timestamp = 9.717
Seq_Frame0084_DriverToReference-SequenceTransform =0.060245 0.554822 0.829785 -53.2776 -0.912543 0.3675 -0.179469 192.2 -0.404519 -0.746402 0.528439 69.8671 0 0 0 1 
Seq_Frame0084_DriverToReference-SequenceTransformStatus = OK
Seq_Frame0084_Timestamp = 9.825
Seq_Frame0085_DriverToReference-SequenceTransform =0.11631 0.549145 0.827594 -22.8176 -0.88446 0.436374 -0.165252 221.946 -0.451888 -0.712753 0.536452 75.9418 0 0 0 1 
Seq_Frame0085_DriverToReference-SequenceTransformStatus = OK
Seq_Frame0085_Timestamp = 9.926
Seq_Frame0086_DriverToReference-SequenceTransform =0.196796 0.54139 0.817416 9.57834 -0.86181 0.493056 -0.119077 240.435 -0.467499 -0.681023 0.563607 94.6067 0 0 0 1 
Seq_Frame0086_DriverToReference-SequenceTransformStatus = OK
Seq_Frame0086_Timestamp = 10.026
Seq_Frame0087_DriverToReference-SequenceTransform =0.24891 0.530107 0.810574 34.8449 -0.854787 0.513748 -0.0734998 253.106 -0.455394 -0.674573 0.581005 111.725 0 0 0 1 
Seq_Frame0087_DriverToReference-SequenceTransformStatus = OK
Seq_Frame0087_Timestamp = 10.132
Seq_Frame0088_DriverToReference-SequenceTransform =0.247054 0.506573 0.826044 45.1631 -0.871385 0.489025 -0.0392818 258.264 -0.423855 -0.710097 0.562235 125.874 0 0 0 1 
Seq_Frame0088_DriverToReference-SequenceTransformStatus = OK
Seq_Frame0088_Timestamp = 10.234
Seq_Frame0089_DriverToReference-SequenceTransform =0.281852 0.486647 0.826882 53.7511 -0.866302 0.499519 0.00130625 262.17 -0.412407 -0.716698 0.562373 138.347 0 0 0 1 
Seq_Frame0089_DriverToReference-SequenceTransformStatus = OK
Seq_Frame0089_Timestamp = 10.34
Seq_Frame0090_DriverToReference-SequenceTransform =0.294344 0.491601 0.819567 66.077 -0.86123 0.508195 0.00447623 263.853 -0.414299 -0.707153 0.572966 148.302 0 0 0 1 
Seq_Frame0090_DriverToReference-SequenceTransformStatus = OK
Seq_Frame0090_Timestamp = 10.45
Seq_Frame0091_DriverToReference-SequenceTransform =0.284955 0.412309 0.865334 72.8582 -0.865736 0.498223 0.0476975 267.028 -0.411463 -0.762742 0.498921 155.849 0 0 0 1 
Seq_Frame0091_DriverToReference-SequenceTransformStatus = OK
Seq_Frame0091_Timestamp = 10.558
Seq_Frame0092_DriverToReference-SequenceTransform =-0.48317 -0.266225 -0.834069 75.4872 -0.42855 0.902638 -0.0398552 273.58 0.763474 0.338184 -0.550218 161.869 0 0 0 1 
Seq_Frame0092_DriverToReference-SequenceTransformStatus = OK
Seq_Frame0092_Timestamp = 10.73
Seq_Frame0093_DriverToReference-SequenceTransform =-0.357406 -0.270616 -0.893884 73.7832 -0.476475 0.876009 -0.0746927 287.865 0.803263 0.399218 -0.442033 162.006 0 0 0 1 
Seq_Frame0093_DriverToReference-SequenceTransformStatus = OK
Seq_Frame0093_Timestamp = 10.832
Seq_Frame0094_DriverToReference-SequenceTransform =-0.263587 -0.203478 -0.942931 59.168 -0.476379 0.877443 -0.0561793 312.53 0.8388 0.434384 -0.328215 160.746 0 0 0 1 
Seq_Frame0094_DriverToReference-SequenceTransformStatus = OK
Seq_Frame0094_Timestamp = 10.935
Seq_Frame0095_DriverToReference-SequenceTransform =-0.251893 -0.196115 -0.947676 55.2742 -0.479304 0.875993 -0.0538809 316.733 0.840724 0.440652 -0.314655 160.778 0 0 0 1 
Seq_Frame0095_DriverToReference-SequenceTransformStatus = OK
Seq_Frame0095_Timestamp = 11.041
Seq_Frame0096_DriverToReference-SequenceTransform =-0.251893 -0.196115 -0.947676 55.2742 -0.479304 0.875993 -0.0538809 316.733 0.840724 0.440652 -0.314655 160.778 0 0 0 1 
Seq_Frame0096_DriverToReference-SequenceTransformStatus = OK
Seq_Frame0096_Timestamp = 11.149
Seq_Frame0097_DriverToReference-SequenceTransform =-0.251893 -0.196115 -0.947676 55.2742 -0.479304 0.875993 -0.0538809 316.733 0.840724 0.440652 -0.314655 160.778 0 0 0 1 
Seq_Frame0097_DriverToReference-SequenceTransformStatus = OK
Seq_Frame0097_Timestamp = 11.25
Seq_Frame0098_DriverToReference-SequenceTransform =-0.251893 -0.196115 -0.947676 55.2742 -0.479304 0.875993 -0.0538809 316.733 0.840724 0.440652 -0.314655 160.778 0 0 0 1 
Seq_Frame0098_DriverToReference-SequenceTransformStatus = OK
Seq_Frame0098_Timestamp = 11.351
Seq_Frame0099_DriverToReference-SequenceTransform =-0.251893 -0.196115 -0.947676 55.2742 -0.479304 0.875993 -0.0538809 316.733 0.840724 0.440652 -0.314655 160.778 0 0 0 1 
Seq_Frame0099_DriverToReference-SequenceTransformStatus = OK
Seq_Frame0099_Timestamp = 11.465
Seq_Frame0100_DriverToReference-SequenceTransform =-0.251893 -0.196115 -0.947676 55.2742 -0.479304 0.875993 -0.0538809 316.733 0.840724 0.440652 -0.314655 160.778 0 0 0 1 
Seq_Frame0100_DriverToReference-SequenceTransformStatus = OK
Seq_Frame0100_Timestamp = 11.574
Seq_Frame0101_DriverToReference-SequenceTransform =-0.251893 -0.196115 -0.947676 55.2742 -0.479304 0.875993 -0.0538809 316.733 0.840724 0.440652 -0.314655 160.778 0 0 0 1 
Seq_Frame0101_DriverToReference-SequenceTransformStatus = OK
Seq_Frame0101_Timestamp = 11.674
Seq_Frame0102_DriverToReference-SequenceTransform =-0.251893 -0.196115 -0.947676 55.2742 -0.479304 0.875993 -0.0538809 316.733 0.840724 0.440652 -0.314655 160.778 0 0 0 1 
Seq_Frame0102_DriverToReference-SequenceTransformStatus = OK
Seq_Frame0102_Timestamp = 11.775
Seq_Frame0103_DriverToReference-SequenceTransform =-0.251893 -0.196115 -0.947676 55.2742 -0.479304 0.875993 -0.0538809 316.733 0.840724 0.440652 -0.314655 160.778 0 0 0 1 
Seq_Frame0103_DriverToReference-SequenceTransformStatus = OK
Seq_Frame0103_Timestamp = 11.876
Seq_Frame0104_DriverToReference-SequenceTransform =-0.251893 -0.196115 -0.947676 55.2742 -0.479304 0.875993 -0.0538809 316.733 0.840724 0.440652 -0.314655 160.778 0 0 0 1 
Seq_Frame0104_DriverToReference-SequenceTransformStatus = OK
Seq_Frame0104_Timestamp = 11.981
Seq_Frame0105_DriverToReference-SequenceTransform =-0.251893 -0.196115 -0.947676 55.2742 -0.479304 0.875993 -0.0538809 316.733 0.840724 0.440652 -0.314655 160.778 0 0 0 1 
Seq_Frame0105_DriverToReference-SequenceTransformStatus = OK
Seq_Frame0105_Timestamp = 12.083
Seq_Frame0106_DriverToReference-SequenceTransform =-0.251893 -0.196115 -0.947676 55.2742 -0.479304 0.875993 -0.0538809 316.733 0.840724 0.440652 -0.314655 160.778 0 0 0 1 
Seq_Frame0106_DriverToReference-SequenceTransformStatus = OK
Seq_Frame0106_Timestamp = 12.185
Seq_Frame0107_DriverToReference-SequenceTransform =-0.251893 -0.196115 -0.947676 55.2742 -0.479304 0.875993 -0.0538809 316.733 0.840724 0.440652 -0.314655 160.778 0 0 0 1 
Seq_Frame0107_DriverToReference-SequenceTransformStatus = OK
Seq_Frame0107_Timestamp = 12.289
Seq_Frame0108_DriverToReference-SequenceTransform =-0.251893 -0.196115 -0.947676 55.2742 -0.479304 0.875993 -0.0538809 316.733 0.840724 0.440652 -0.314655 160.778 0 0 0 1 
Seq_Frame0108_DriverToReference-SequenceTransformStatus = OK
Seq_Frame0108_Timestamp = 12.399
Seq_Frame0109_DriverToReference-SequenceTransform =-0.251893 -0.196115 -0.947676 55.2742 -0.479304 0.875993 -0.0538809 316.733 0.840724 0.440652 -0.314655 160.778 0 0 0 1 
Seq_Frame0109_DriverToReference-SequenceTransformStatus = OK
Seq_Frame0109_Timestamp = 12.509
Seq_Frame0110_DriverToReference-SequenceTransform =-0.251893 -0.196115 -0.947676 55.2742 -0.479304 0.875993 -0.0538809 316.733 0.840724 0.440652 -0.314655 160.778 0 0 0 1 
Seq_Frame0110_DriverToReference-SequenceTransformStatus = OK
Seq_Frame0110_Timestamp = 12.61
Seq_Frame0111_DriverToReference-SequenceTransform =-0.251893 -0.196115 -0.947676 55.2742 -0.479304 0.875993 -0.0538809 316.733 0.840724 0.440652 -0.314655 160.778 0 0 0 1 
Seq_Frame0111_DriverToReference-SequenceTransformStatus = OK
Seq_Frame0111_Timestamp = 12.715
Seq_Frame0112_DriverToReference-SequenceTransform =-0.251893 -0.196115 -0.947676 55.2742 -0.479304 0.875993 -0.0538809 316.733 0.840724 0.440652 -0.314655 160.778 0 0 0 1 
Seq_Frame0112_DriverToReference-SequenceTransformStatus = OK
Seq_Frame0112_Timestamp = 12.815
Seq_Frame0113_DriverToReference-SequenceTransform =-0.251893 -0.196115 -0.947676 55.2742 -0.479304 0.875993 -0.0538809 316.733 0.840724 0.440652 -0.314655 160.778 0 0 0 1 
Seq_Frame0113_DriverToReference-SequenceTransformStatus = OK
Seq_Frame0113_Timestamp = 12.916
Seq_Frame0114_DriverToReference-SequenceTransform =-0.251893 -0.196115 -0.947676 55.2742 -0.479304 0.875993 -0.0538809 316.733 0.840724 0.440652 -0.314655 160.778 0 0 0 1 
Seq_Frame0114_DriverToReference-SequenceTransformStatus = OK
Seq_Frame0114_Timestamp = 13.016
Seq_Frame0115_DriverToReference-SequenceTransform =-0.251893 -0.196115 -0.947676 55.2742 -0.479304 0.875993 -0.0538809 316.733 0.840724 0.440652 -0.314655 160.778 0 0 0 1 
Seq_Frame0115_DriverToReference-SequenceTransformStatus = OK
Seq_Frame0115_Timestamp = 13.12
Seq_Frame0116_DriverToReference-SequenceTransform =-0.251893 -0.196115 -0.947676 55.2742 -0.479304 0.875993 -0.0538809 316.733 0.840724 0.440652 -0.314655 160.778 0 0 0 1 
Seq_Frame0116_DriverToReference-SequenceTransformStatus = OK
Seq_Frame0116_Timestamp = 13.22
Seq_Frame0117_DriverToReference-SequenceTransform =-0.251893 -0.196115 -0.947676 55.2742 -0.479304 0.875993 -0.0538809 316.733 0.840724 0.440652 -0.314655 160.778 0 0 0 1 
Seq_Frame0117_DriverToReference-SequenceTransformStatus = OK
Seq_Frame0117_Timestamp = 13.321
Seq_Frame0118_DriverToReference-SequenceTransform =-0.251893 -0.196115 -0.947676 55.2742 -0.479304 0.875993 -0.0538809 316.733 0.840724 0.440652 -0.314655 160.778 0 0 0 1 
Seq_Frame0118_DriverToReference-SequenceTransformStatus = OK
Seq_Frame0118_Timestamp = 13.43
Seq_Frame0119_DriverToReference-SequenceTransform =0.30626 0.258184 0.916267 83.7078 -0.863654 0.480187 0.153368 285.497 -0.400383 -0.838309 0.370044 170.073 0 0 0 1 
Seq_Frame0119_DriverToReference-SequenceTransformStatus = OK
Seq_Frame0119_Timestamp = 13.533
Seq_Frame0120_DriverToReference-SequenceTransform =0.339096 0.272294 0.900483 96.6997 -0.858148 0.48175 0.177479 281.044 -0.385482 -0.83293 0.397028 168.309 0 0 0 1 
Seq_Frame0120_DriverToReference-SequenceTransformStatus = OK
Seq_Frame0120_Timestamp = 13.641
Seq_Frame0121_DriverToReference-SequenceTransform =0.38269 0.282875 0.879506 102.551 -0.828617 0.526102 0.191338 279.948 -0.408585 -0.801997 0.435729 164.078 0 0 0 1 
Seq_Frame0121_DriverToReference-SequenceTransformStatus = OK
Seq_Frame0121_Timestamp = 13.749
Seq_Frame0122_DriverToReference-SequenceTransform =0.355804 0.27053 0.894548 103.198 -0.844949 0.502117 0.184225 278.58 -0.39933 -0.821396 0.40724 161.293 0 0 0 1 
Seq_Frame0122_DriverToReference-SequenceTransformStatus = OK
Seq_Frame0122_Timestamp = 13.85
Seq_Frame0123_DriverToReference-SequenceTransform =0.368956 0.269245 0.889595 104.074 -0.845951 0.493761 0.201413 273.601 -0.385017 -0.826866 0.409944 159.879 0 0 0 1 
Seq_Frame0123_DriverToReference-SequenceTransformStatus = OK
Seq_Frame0123_Timestamp = 13.96
Seq_Frame0124_DriverToReference-SequenceTransform =0.341036 0.267542 0.901175 100.406 -0.863966 0.467015 0.188306 265.29 -0.370482 -0.842804 0.390416 163.313 0 0 0 1 
Seq_Frame0124_DriverToReference-SequenceTransformStatus = OK
Seq_Frame0124_Timestamp = 14.065
Seq_Frame0125_DriverToReference-SequenceTransform =0.3406 0.258498 0.903975 97.4059 -0.870312 0.45046 0.199104 261.273 -0.355737 -0.854555 0.3784 164.934 0 0 0 1 
Seq_Frame0125_DriverToReference-SequenceTransformStatus = OK
Seq_Frame0125_Timestamp = 14.171
Seq_Frame0126_DriverToReference-SequenceTransform =0.332286 0.228524 0.915075 95.5454 -0.866945 0.456119 0.200901 260.241 -0.371473 -0.860077 0.34968 163.409 0 0 0 1 
Seq_Frame0126_DriverToReference-SequenceTransformStatus = OK
Seq_Frame0126_Timestamp = 14.283
Seq_Frame0127_DriverToReference-SequenceTransform =0.326647 0.210792 0.921341 89.9091 -0.860804 0.468879 0.197911 264.552 -0.39028 -0.857741 0.334609 159.393 0 0 0 1 
Seq_Frame0127_DriverToReference-SequenceTransformStatus = OK
Seq_Frame0127_Timestamp = 14.386
Seq_Frame0128_DriverToReference-SequenceTransform =0.306571 0.170405 0.93647 82.5312 -0.855936 0.47975 0.192909 269.386 -0.416399 -0.860699 0.292933 155.558 0 0 0 1 
Seq_Frame0128_DriverToReference-SequenceTransformStatus = OK
Seq_Frame0128_Timestamp = 14.493
Seq_Frame0129_DriverToReference-SequenceTransform =0.308701 0.175188 0.934887 83.9907 -0.859669 0.471998 0.195416 264.203 -0.40703 -0.864018 0.29631 158.352 0 0 0 1 
Seq_Frame0129_DriverToReference-SequenceTransformStatus = OK
Seq_Frame0129_Timestamp = 14.595
Seq_Frame0130_DriverToReference-SequenceTransform =0.324835 0.136601 0.935854 89.0732 -0.871159 0.428437 0.239843 250.751 -0.368191 -0.893186 0.258173 175.652 0 0 0 1 
Seq_Frame0130_DriverToReference-SequenceTransformStatus = OK
Seq_Frame0130_Timestamp = 14.706
Seq_Frame0131_DriverToReference-SequenceTransform =0.361792 0.166722 0.91723 87.4891 -0.865712 0.42514 0.264195 251.312 -0.345904 -0.88964 0.298146 185.531 0 0 0 1 
Seq_Frame0131_DriverToReference-SequenceTransformStatus = OK
Seq_Frame0131_Timestamp = 14.815
Seq_Frame0132_DriverToReference-SequenceTransform =0.386506 0.125905 0.913653 82.7497 -0.859485 0.408475 0.307302 255.734 -0.334513 -0.904044 0.266091 195.178 0 0 0 1 
Seq_Frame0132_DriverToReference-SequenceTransformStatus = OK
Seq_Frame0132_Timestamp = 14.916
Seq_Frame0133_DriverToReference-SequenceTransform =0.390523 -0.0655937 0.918254 71.9204 -0.848302 0.361815 0.386618 259.004 -0.357598 -0.929939 0.0856537 210.835 0 0 0 1 
Seq_Frame0133_DriverToReference-SequenceTransformStatus = OK
Seq_Frame0133_Timestamp = 15.027
Seq_Frame0134_DriverToReference-SequenceTransform =0.382874 -0.175304 0.907015 67.9484 -0.823279 0.380643 0.421096 258.12 -0.419069 -0.907953 0.00141409 215.412 0 0 0 1 
Seq_Frame0134_DriverToReference-SequenceTransformStatus = OK
Seq_Frame0134_Timestamp = 15.619
Seq_Frame0135_DriverToReference-SequenceTransform =0.382874 -0.175304 0.907015 67.9484 -0.823279 0.380643 0.421096 258.12 -0.419069 -0.907953 0.00141409 215.412 0 0 0 1 
Seq_Frame0135_DriverToReference-SequenceTransformStatus = OK
Seq_Frame0135_Timestamp = 15.726
Seq_Frame0136_DriverToReference-SequenceTransform =0.382874 -0.175304 0.907015 67.9484 -0.823279 0.380643 0.421096 258.12 -0.419069 -0.907953 0.00141409 215.412 0 0 0 1 
Seq_Frame0136_DriverToReference-SequenceTransformStatus = OK
Seq_Frame0136_Timestamp = 15.826
Seq_Frame0137_DriverToReference-SequenceTransform =0.382874 -0.175304 0.907015 67.9484 -0.823279 0.380643 0.421096 258.12 -0.419069 -0.907953 0.00141409 215.412 0 0 0 1 
Seq_Frame0137_DriverToReference-SequenceTransformStatus = OK
Seq_Frame0137_Timestamp = 15.933
Seq_Frame0138_DriverToReference-SequenceTransform =0.382874 -0.175304 0.907015 67.9484 -0.823279 0.380643 0.421096 258.12 -0.419069 -0.907953 0.00141409 215.412 0 0 0 1 
Seq_Frame0138_DriverToReference-SequenceTransformStatus = OK
Seq_Frame0138_Timestamp = 16.034
Seq_Frame0139_DriverToReference-SequenceTransform =0.382874 -0.175304 0.907015 67.9484 -0.823279 0.380643 0.421096 258.12 -0.419069 -0.907953 0.00141409 215.412 0 0 0 1 
Seq_Frame0139_DriverToReference-SequenceTransformStatus = OK
Seq_Frame0139_Timestamp = 16.155
Seq_Frame0140_DriverToReference-SequenceTransform =0.382874 -0.175304 0.907015 67.9484 -0.823279 0.380643 0.421096 258.12 -0.419069 -0.907953 0.00141409 215.412 0 0 0 1 
Seq_Frame0140_DriverToReference-SequenceTransformStatus = OK
Seq_Frame0140_Timestamp = 16.274
Seq_Frame0141_DriverToReference-SequenceTransform =0.382874 -0.175304 0.907015 67.9484 -0.823279 0.380643 0.421096 258.12 -0.419069 -0.907953 0.00141409 215.412 0 0 0 1 
Seq_Frame0141_DriverToReference-SequenceTransformStatus = OK
Seq_Frame0141_Timestamp = 16.38
Seq_Frame0142_DriverToReference-SequenceTransform =0.382874 -0.175304 0.907015 67.9484 -0.823279 0.380643 0.421096 258.12 -0.419069 -0.907953 0.00141409 215.412 0 0 0 1 
Seq_Frame0142_DriverToReference-SequenceTransformStatus = OK
Seq_Frame0142_Timestamp = 16.49
Seq_Frame0143_DriverToReference-SequenceTransform =0.382874 -0.175304 0.907015 67.9484 -0.823279 0.380643 0.421096 258.12 -0.419069 -0.907953 0.00141409 215.412 0 0 0 1 
Seq_Frame0143_DriverToReference-SequenceTransformStatus = OK
Seq_Frame0143_Timestamp = 17.02
Seq_Frame0144_DriverToReference-SequenceTransform =0.382874 -0.175304 0.907015 67.9484 -0.823279 0.380643 0.421096 258.12 -0.419069 -0.907953 0.00141409 215.412 0 0 0 1 
Seq_Frame0144_DriverToReference-SequenceTransformStatus = OK
Seq_Frame0144_Timestamp = 17.124
Seq_Frame0145_DriverToReference-SequenceTransform =0.382874 -0.175304 0.907015 67.9484 -0.823279 0.380643 0.421096 258.12 -0.419069 -0.907953 0.00141409 215.412 0 0 0 1 
Seq_Frame0145_DriverToReference-SequenceTransformStatus = OK
Seq_Frame0145_Timestamp = 17.225
Seq_Frame0146_DriverToReference-SequenceTransform =0.697985 -0.0120863 0.71601 109.865 -0.547862 0.634866 0.544786 331.326 -0.461155 -0.772528 0.436505 212.105 0 0 0 1 
Seq_Frame0146_DriverToReference-SequenceTransformStatus = OK
Seq_Frame0146_Timestamp = 17.337
Seq_Frame0147_DriverToReference-SequenceTransform =0.503621 0.375317 0.77814 88.9166 -0.749864 0.637202 0.177982 307.707 -0.429033 -0.673135 0.602345 192.527 0 0 0 1 
Seq_Frame0147_DriverToReference-SequenceTransformStatus = OK
Seq_Frame0147_Timestamp = 17.437
Seq_Frame0148_DriverToReference-SequenceTransform =0.387419 0.570113 0.724484 80.9525 -0.868922 0.488386 0.0803362 276.66 -0.308027 -0.660644 0.684594 193.909 0 0 0 1 
Seq_Frame0148_DriverToReference-SequenceTransformStatus = OK
Seq_Frame0148_Timestamp = 17.54
Seq_Frame0149_DriverToReference-SequenceTransform =0.438404 0.594432 0.674131 81.7645 -0.868129 0.474266 0.14637 272.073 -0.23271 -0.649401 0.723964 195.658 0 0 0 1 
Seq_Frame0149_DriverToReference-SequenceTransformStatus = OK
Seq_Frame0149_Timestamp = 17.79
Seq_Frame0150_DriverToReference-SequenceTransform =0.438404 0.594432 0.674131 81.7645 -0.868129 0.474266 0.14637 272.073 -0.23271 -0.649401 0.723964 195.658 0 0 0 1 
Seq_Frame0150_DriverToReference-SequenceTransformStatus = OK
Seq_Frame0150_Timestamp = 18.645
