ObjectType = Image
NDims = 3
AnatomicalOrientation = RAI
BinaryData = True
CompressedData = False
DimSize = 0 0 1719
ElementSpacing = 1 1 1
Offset = 0 0 0
TransformMatrix = 1 0 0 0 1 0 0 0 1
ElementType = MET_UCHAR
Kinds = domain domain list
Seq_Frame0000_ForcepToReference-SequenceTransform =0.703521 0.191674 -0.684338 39.8017 0.591355 -0.691954 0.414124 -0.862006 -0.394154 -0.696032 -0.600152 -1.01447 0 0 0 1 
Seq_Frame0000_ForcepToReference-SequenceTransformStatus = OK
Seq_Frame0000_Timestamp = 0.000999928
Seq_Frame0001_ForcepToReference-SequenceTransform =0.703353 0.191582 -0.684537 39.8076 0.591799 -0.691294 0.414592 -0.857817 -0.393789 -0.696713 -0.599602 -0.987051 0 0 0 1 
Seq_Frame0001_ForcepToReference-SequenceTransformStatus = OK
Seq_Frame0001_Timestamp = 0.104
Seq_Frame0002_ForcepToReference-SequenceTransform =0.702118 0.191249 -0.685896 39.7976 0.593434 -0.689519 0.41521 -0.851968 -0.39353 -0.698561 -0.597618 -1.03242 0 0 0 1 
Seq_Frame0002_ForcepToReference-SequenceTransformStatus = OK
Seq_Frame0002_Timestamp = 0.205
Seq_Frame0003_ForcepToReference-SequenceTransform =0.702673 0.191392 -0.685288 39.8139 0.592758 -0.690208 0.41503 -0.865457 -0.393558 -0.697841 -0.59844 -0.942617 0 0 0 1 
Seq_Frame0003_ForcepToReference-SequenceTransformStatus = OK
Seq_Frame0003_Timestamp = 0.305
Seq_Frame0004_ForcepToReference-SequenceTransform =0.703119 0.191296 -0.684858 39.8119 0.592292 -0.690499 0.415213 -0.870202 -0.393465 -0.69758 -0.598806 -0.965287 0 0 0 1 
Seq_Frame0004_ForcepToReference-SequenceTransformStatus = OK
Seq_Frame0004_Timestamp = 0.406
Seq_Frame0005_ForcepToReference-SequenceTransform =0.702547 0.191426 -0.685408 39.8006 0.592645 -0.690565 0.414599 -0.852632 -0.393953 -0.697479 -0.598602 -1.02545 0 0 0 1 
Seq_Frame0005_ForcepToReference-SequenceTransformStatus = OK
Seq_Frame0005_Timestamp = 0.521
Seq_Frame0006_ForcepToReference-SequenceTransform =0.703276 0.19168 -0.684588 39.804 0.591699 -0.691612 0.414205 -0.863973 -0.394074 -0.696371 -0.599811 -0.982651 0 0 0 1 
Seq_Frame0006_ForcepToReference-SequenceTransformStatus = OK
Seq_Frame0006_Timestamp = 0.625
Seq_Frame0007_ForcepToReference-SequenceTransform =0.702364 0.19165 -0.685533 39.8111 0.592428 -0.69128 0.413716 -0.846244 -0.394607 -0.696708 -0.599069 -0.950291 0 0 0 1 
Seq_Frame0007_ForcepToReference-SequenceTransformStatus = OK
Seq_Frame0007_Timestamp = 0.732
Seq_Frame0008_ForcepToReference-SequenceTransform =0.704248 0.191476 -0.683646 39.8094 0.591851 -0.690172 0.416383 -0.912816 -0.392106 -0.697854 -0.599378 -0.98487 0 0 0 1 
Seq_Frame0008_ForcepToReference-SequenceTransformStatus = OK
Seq_Frame0008_Timestamp = 0.833
Seq_Frame0009_ForcepToReference-SequenceTransform =0.703632 0.191052 -0.684398 39.8192 0.593092 -0.68837 0.417599 -0.897901 -0.391335 -0.699747 -0.597671 -0.949934 0 0 0 1 
Seq_Frame0009_ForcepToReference-SequenceTransformStatus = OK
Seq_Frame0009_Timestamp = 0.936
Seq_Frame0010_ForcepToReference-SequenceTransform =0.704277 0.19126 -0.683676 39.8246 0.592558 -0.688746 0.417736 -0.965826 -0.390983 -0.69932 -0.598401 -0.878956 0 0 0 1 
Seq_Frame0010_ForcepToReference-SequenceTransformStatus = OK
Seq_Frame0010_Timestamp = 1.043
Seq_Frame0011_ForcepToReference-SequenceTransform =0.703924 0.192077 -0.683811 39.8013 0.592363 -0.689977 0.415977 -0.942989 -0.391914 -0.697881 -0.599471 -1.0242 0 0 0 1 
Seq_Frame0011_ForcepToReference-SequenceTransformStatus = OK
Seq_Frame0011_Timestamp = 1.149
Seq_Frame0012_ForcepToReference-SequenceTransform =0.701988 0.191345 -0.686003 39.8063 0.592408 -0.691531 0.413325 -0.839649 -0.395305 -0.696542 -0.598801 -0.970152 0 0 0 1 
Seq_Frame0012_ForcepToReference-SequenceTransformStatus = OK
Seq_Frame0012_Timestamp = 1.254
Seq_Frame0013_ForcepToReference-SequenceTransform =0.70146 0.191016 -0.686634 39.7921 0.594187 -0.688748 0.415413 -0.874086 -0.393568 -0.699385 -0.596628 -0.96522 0 0 0 1 
Seq_Frame0013_ForcepToReference-SequenceTransformStatus = OK
Seq_Frame0013_Timestamp = 1.356
Seq_Frame0014_ForcepToReference-SequenceTransform =0.701477 0.190917 -0.686644 39.8065 0.595504 -0.686319 0.417541 -0.947851 -0.391541 -0.701796 -0.595129 -0.9147 0 0 0 1 
Seq_Frame0014_ForcepToReference-SequenceTransformStatus = OK
Seq_Frame0014_Timestamp = 1.468
Seq_Frame0015_ForcepToReference-SequenceTransform =0.703529 0.1916 -0.684351 39.7942 0.593665 -0.687789 0.41774 -0.90678 -0.39065 -0.700168 -0.597626 -0.956717 0 0 0 1 
Seq_Frame0015_ForcepToReference-SequenceTransformStatus = OK
Seq_Frame0015_Timestamp = 1.571
Seq_Frame0016_ForcepToReference-SequenceTransform =0.702897 0.190857 -0.685207 39.7943 0.594073 -0.687297 0.417971 -0.927222 -0.391168 -0.700854 -0.596482 -0.913791 0 0 0 1 
Seq_Frame0016_ForcepToReference-SequenceTransformStatus = OK
Seq_Frame0016_Timestamp = 1.679
Seq_Frame0017_ForcepToReference-SequenceTransform =0.702283 0.191958 -0.685529 39.7796 0.594086 -0.68861 0.415785 -0.899684 -0.392249 -0.699262 -0.59764 -1.02204 0 0 0 1 
Seq_Frame0017_ForcepToReference-SequenceTransformStatus = OK
Seq_Frame0017_Timestamp = 1.78
Seq_Frame0018_ForcepToReference-SequenceTransform =0.702604 0.192084 -0.685165 39.7858 0.593942 -0.688597 0.416013 -0.912287 -0.391893 -0.699241 -0.597898 -1.03711 0 0 0 1 
Seq_Frame0018_ForcepToReference-SequenceTransformStatus = OK
Seq_Frame0018_Timestamp = 1.884
Seq_Frame0019_ForcepToReference-SequenceTransform =0.703045 0.191899 -0.684765 39.8004 0.593326 -0.689106 0.41605 -0.904233 -0.392035 -0.69879 -0.598331 -1.00527 0 0 0 1 
Seq_Frame0019_ForcepToReference-SequenceTransformStatus = OK
Seq_Frame0019_Timestamp = 1.985
Seq_Frame0020_ForcepToReference-SequenceTransform =0.702926 0.19162 -0.684965 39.7994 0.593571 -0.688627 0.416492 -0.890215 -0.391877 -0.699338 -0.597795 -1.00037 0 0 0 1 
Seq_Frame0020_ForcepToReference-SequenceTransformStatus = OK
Seq_Frame0020_Timestamp = 2.091
Seq_Frame0021_ForcepToReference-SequenceTransform =0.702418 0.191032 -0.68565 39.8004 0.595068 -0.686144 0.418451 -0.965973 -0.390517 -0.701936 -0.595637 -0.89208 0 0 0 1 
Seq_Frame0021_ForcepToReference-SequenceTransformStatus = OK
Seq_Frame0021_Timestamp = 2.191
Seq_Frame0022_ForcepToReference-SequenceTransform =0.703009 0.191176 -0.685004 39.804 0.594518 -0.686571 0.418531 -0.965472 -0.39029 -0.701478 -0.596323 -0.900033 0 0 0 1 
Seq_Frame0022_ForcepToReference-SequenceTransformStatus = OK
Seq_Frame0022_Timestamp = 2.3
Seq_Frame0023_ForcepToReference-SequenceTransform =0.701995 0.191287 -0.686012 39.7952 0.594745 -0.68734 0.416944 -0.939922 -0.391768 -0.700695 -0.596276 -0.98082 0 0 0 1 
Seq_Frame0023_ForcepToReference-SequenceTransformStatus = OK
Seq_Frame0023_Timestamp = 2.403
Seq_Frame0024_ForcepToReference-SequenceTransform =0.702754 0.193922 -0.684493 39.7297 0.592433 -0.692226 0.412125 -0.796509 -0.393904 -0.695139 -0.60135 -1.17345 0 0 0 1 
Seq_Frame0024_ForcepToReference-SequenceTransformStatus = OK
Seq_Frame0024_Timestamp = 2.509
Seq_Frame0025_ForcepToReference-SequenceTransform =0.702494 0.193561 -0.684862 39.7426 0.593284 -0.69078 0.413325 -0.808449 -0.393085 -0.696676 -0.600105 -1.15208 0 0 0 1 
Seq_Frame0025_ForcepToReference-SequenceTransformStatus = OK
Seq_Frame0025_Timestamp = 2.617
Seq_Frame0026_ForcepToReference-SequenceTransform =0.702093 0.192336 -0.685619 39.7756 0.593983 -0.689228 0.414907 -0.880286 -0.392747 -0.698549 -0.598146 -1.07391 0 0 0 1 
Seq_Frame0026_ForcepToReference-SequenceTransformStatus = OK
Seq_Frame0026_Timestamp = 2.724
Seq_Frame0027_ForcepToReference-SequenceTransform =0.702972 0.193033 -0.684521 39.7457 0.592618 -0.691131 0.413694 -0.847954 -0.393237 -0.696475 -0.60024 -1.2143 0 0 0 1 
Seq_Frame0027_ForcepToReference-SequenceTransformStatus = OK
Seq_Frame0027_Timestamp = 2.855
Seq_Frame0028_ForcepToReference-SequenceTransform =0.702997 0.191538 -0.684914 39.8045 0.593874 -0.687959 0.417164 -0.925181 -0.391291 -0.700018 -0.597383 -0.971979 0 0 0 1 
Seq_Frame0028_ForcepToReference-SequenceTransformStatus = OK
Seq_Frame0028_Timestamp = 3.025
Seq_Frame0029_ForcepToReference-SequenceTransform =0.701651 0.191445 -0.68632 39.7966 0.59443 -0.688371 0.415691 -0.916606 -0.39286 -0.699639 -0.596796 -0.999305 0 0 0 1 
Seq_Frame0029_ForcepToReference-SequenceTransformStatus = OK
Seq_Frame0029_Timestamp = 3.125
Seq_Frame0030_ForcepToReference-SequenceTransform =0.703626 0.191563 -0.684262 39.7981 0.593327 -0.688268 0.417433 -0.905511 -0.390991 -0.699707 -0.597943 -1.03047 0 0 0 1 
Seq_Frame0030_ForcepToReference-SequenceTransformStatus = OK
Seq_Frame0030_Timestamp = 3.233
Seq_Frame0031_ForcepToReference-SequenceTransform =0.702031 0.192478 -0.685642 39.7853 0.593749 -0.689797 0.414297 -0.881284 -0.393211 -0.697949 -0.598542 -1.04545 0 0 0 1 
Seq_Frame0031_ForcepToReference-SequenceTransformStatus = OK
Seq_Frame0031_Timestamp = 3.34
Seq_Frame0032_ForcepToReference-SequenceTransform =0.702319 0.192473 -0.685349 39.7874 0.593551 -0.689836 0.414515 -0.867422 -0.392995 -0.697912 -0.598727 -1.11198 0 0 0 1 
Seq_Frame0032_ForcepToReference-SequenceTransformStatus = OK
Seq_Frame0032_Timestamp = 3.441
Seq_Frame0033_ForcepToReference-SequenceTransform =0.702634 0.191585 -0.685274 39.7907 0.594293 -0.687633 0.417104 -0.920943 -0.391307 -0.700325 -0.597012 -1.00679 0 0 0 1 
Seq_Frame0033_ForcepToReference-SequenceTransformStatus = OK
Seq_Frame0033_Timestamp = 3.543
Seq_Frame0034_ForcepToReference-SequenceTransform =0.702082 0.190388 -0.686173 39.7911 0.595492 -0.685357 0.419137 -0.955492 -0.390474 -0.702879 -0.594551 -0.813746 0 0 0 1 
Seq_Frame0034_ForcepToReference-SequenceTransformStatus = OK
Seq_Frame0034_Timestamp = 3.644
Seq_Frame0035_ForcepToReference-SequenceTransform =0.702035 0.190989 -0.686054 39.7973 0.594484 -0.687581 0.416918 -0.904005 -0.392091 -0.70054 -0.596246 -0.969438 0 0 0 1 
Seq_Frame0035_ForcepToReference-SequenceTransformStatus = OK
Seq_Frame0035_Timestamp = 3.751
Seq_Frame0036_ForcepToReference-SequenceTransform =0.702774 0.191397 -0.685183 39.8012 0.59405 -0.687802 0.417172 -0.927258 -0.391425 -0.700211 -0.597069 -0.95126 0 0 0 1 
Seq_Frame0036_ForcepToReference-SequenceTransformStatus = OK
Seq_Frame0036_Timestamp = 3.858
Seq_Frame0037_ForcepToReference-SequenceTransform =0.701361 0.190971 -0.686748 39.7984 0.595449 -0.686576 0.417197 -0.908585 -0.391833 -0.701529 -0.595251 -0.992109 0 0 0 1 
Seq_Frame0037_ForcepToReference-SequenceTransformStatus = OK
Seq_Frame0037_Timestamp = 3.964
Seq_Frame0038_ForcepToReference-SequenceTransform =0.703017 0.191267 -0.68497 39.8064 0.593967 -0.687607 0.417613 -0.925343 -0.391114 -0.700438 -0.597006 -0.911191 0 0 0 1 
Seq_Frame0038_ForcepToReference-SequenceTransformStatus = OK
Seq_Frame0038_Timestamp = 4.065
Seq_Frame0039_ForcepToReference-SequenceTransform =0.702359 0.19159 -0.685554 39.7796 0.594108 -0.688266 0.416323 -0.905749 -0.39208 -0.699702 -0.597236 -1.02155 0 0 0 1 
Seq_Frame0039_ForcepToReference-SequenceTransformStatus = OK
Seq_Frame0039_Timestamp = 4.175
Seq_Frame0040_ForcepToReference-SequenceTransform =0.702013 0.191534 -0.685925 39.784 0.594121 -0.688584 0.415779 -0.889412 -0.392681 -0.699405 -0.597189 -1.03684 0 0 0 1 
Seq_Frame0040_ForcepToReference-SequenceTransformStatus = OK
Seq_Frame0040_Timestamp = 4.282
Seq_Frame0041_ForcepToReference-SequenceTransform =0.70295 0.192082 -0.68481 39.7833 0.593674 -0.688699 0.416227 -0.905799 -0.391678 -0.699141 -0.598155 -1.04346 0 0 0 1 
Seq_Frame0041_ForcepToReference-SequenceTransformStatus = OK
Seq_Frame0041_Timestamp = 4.391
Seq_Frame0042_ForcepToReference-SequenceTransform =0.702452 0.191517 -0.685479 39.784 0.59407 -0.688188 0.416507 -0.91511 -0.39197 -0.699799 -0.597194 -1.02674 0 0 0 1 
Seq_Frame0042_ForcepToReference-SequenceTransformStatus = OK
Seq_Frame0042_Timestamp = 4.501
Seq_Frame0043_ForcepToReference-SequenceTransform =0.702841 0.192041 -0.684934 39.8001 0.593635 -0.688862 0.416014 -0.905299 -0.391933 -0.698992 -0.598163 -1.02327 0 0 0 1 
Seq_Frame0043_ForcepToReference-SequenceTransformStatus = OK
Seq_Frame0043_Timestamp = 4.605
Seq_Frame0044_ForcepToReference-SequenceTransform =0.702893 0.191648 -0.684991 39.7918 0.593826 -0.688226 0.416792 -0.907893 -0.391551 -0.699725 -0.597555 -1.02188 0 0 0 1 
Seq_Frame0044_ForcepToReference-SequenceTransformStatus = OK
Seq_Frame0044_Timestamp = 4.716
Seq_Frame0045_ForcepToReference-SequenceTransform =0.701957 0.191309 -0.686044 39.7789 0.594763 -0.687362 0.416882 -0.903064 -0.391807 -0.700667 -0.596282 -0.990232 0 0 0 1 
Seq_Frame0045_ForcepToReference-SequenceTransformStatus = OK
Seq_Frame0045_Timestamp = 4.816
Seq_Frame0046_ForcepToReference-SequenceTransform =0.70176 0.191259 -0.68626 39.8053 0.594351 -0.688279 0.415954 -0.915971 -0.392783 -0.69978 -0.596682 -0.969476 0 0 0 1 
Seq_Frame0046_ForcepToReference-SequenceTransformStatus = OK
Seq_Frame0046_Timestamp = 4.92
Seq_Frame0047_ForcepToReference-SequenceTransform =0.702974 0.191299 -0.685005 39.7953 0.593576 -0.688371 0.416908 -0.911089 -0.391784 -0.699678 -0.597458 -0.929959 0 0 0 1 
Seq_Frame0047_ForcepToReference-SequenceTransformStatus = OK
Seq_Frame0047_Timestamp = 5.027
Seq_Frame0048_ForcepToReference-SequenceTransform =0.702618 0.190959 -0.685465 39.8083 0.593793 -0.688165 0.41694 -0.9388 -0.392095 -0.699974 -0.596908 -0.924697 0 0 0 1 
Seq_Frame0048_ForcepToReference-SequenceTransformStatus = OK
Seq_Frame0048_Timestamp = 5.134
Seq_Frame0049_ForcepToReference-SequenceTransform =0.703047 0.19065 -0.685111 39.8165 0.594266 -0.68666 0.418743 -0.941923 -0.390605 -0.701534 -0.596052 -0.920712 0 0 0 1 
Seq_Frame0049_ForcepToReference-SequenceTransformStatus = OK
Seq_Frame0049_Timestamp = 5.242
Seq_Frame0050_ForcepToReference-SequenceTransform =0.702856 0.191087 -0.685186 39.8257 0.59421 -0.687238 0.417874 -0.960796 -0.391036 -0.700849 -0.596575 -0.847341 0 0 0 1 
Seq_Frame0050_ForcepToReference-SequenceTransformStatus = OK
Seq_Frame0050_Timestamp = 5.354
Seq_Frame0051_ForcepToReference-SequenceTransform =0.702105 0.191057 -0.685963 39.7975 0.594666 -0.68722 0.417253 -0.931655 -0.391689 -0.700875 -0.596116 -0.955243 0 0 0 1 
Seq_Frame0051_ForcepToReference-SequenceTransformStatus = OK
Seq_Frame0051_Timestamp = 5.455
Seq_Frame0052_ForcepToReference-SequenceTransform =0.702671 0.191112 -0.685368 39.7995 0.594295 -0.687302 0.417648 -0.929383 -0.391237 -0.70078 -0.596524 -0.938352 0 0 0 1 
Seq_Frame0052_ForcepToReference-SequenceTransformStatus = OK
Seq_Frame0052_Timestamp = 5.555
Seq_Frame0053_ForcepToReference-SequenceTransform =0.702812 0.191021 -0.685249 39.8025 0.594203 -0.687258 0.417851 -0.920993 -0.391125 -0.700848 -0.596518 -0.971754 0 0 0 1 
Seq_Frame0053_ForcepToReference-SequenceTransformStatus = OK
Seq_Frame0053_Timestamp = 5.667
Seq_Frame0054_ForcepToReference-SequenceTransform =0.70263 0.19106 -0.685425 39.8069 0.594217 -0.687454 0.417507 -0.919271 -0.391429 -0.700644 -0.596557 -0.928966 0 0 0 1 
Seq_Frame0054_ForcepToReference-SequenceTransformStatus = OK
Seq_Frame0054_Timestamp = 5.77
Seq_Frame0055_ForcepToReference-SequenceTransform =0.702284 0.193827 -0.685003 39.7099 0.593448 -0.690875 0.41293 -0.806005 -0.393215 -0.696507 -0.600217 -1.17122 0 0 0 1 
Seq_Frame0055_ForcepToReference-SequenceTransformStatus = OK
Seq_Frame0055_Timestamp = 5.871
Seq_Frame0056_ForcepToReference-SequenceTransform =0.702157 0.191 -0.685926 39.7918 0.59506 -0.686423 0.418002 -0.955502 -0.390998 -0.701671 -0.595633 -0.924909 0 0 0 1 
Seq_Frame0056_ForcepToReference-SequenceTransformStatus = OK
Seq_Frame0056_Timestamp = 5.975
Seq_Frame0057_ForcepToReference-SequenceTransform =0.70191 0.191021 -0.686173 39.7995 0.594801 -0.68717 0.417144 -0.941946 -0.391835 -0.700934 -0.595951 -0.933737 0 0 0 1 
Seq_Frame0057_ForcepToReference-SequenceTransformStatus = OK
Seq_Frame0057_Timestamp = 6.075
Seq_Frame0058_ForcepToReference-SequenceTransform =0.702742 0.19116 -0.685282 39.7986 0.594515 -0.68686 0.418062 -0.92923 -0.390776 -0.7012 -0.596333 -0.966573 0 0 0 1 
Seq_Frame0058_ForcepToReference-SequenceTransformStatus = OK
Seq_Frame0058_Timestamp = 6.176
Seq_Frame0059_ForcepToReference-SequenceTransform =0.703386 0.191058 -0.684649 39.8135 0.594787 -0.685598 0.419742 -1.01267 -0.389199 -0.702461 -0.59588 -0.9462 0 0 0 1 
Seq_Frame0059_ForcepToReference-SequenceTransformStatus = OK
Seq_Frame0059_Timestamp = 6.277
Seq_Frame0060_ForcepToReference-SequenceTransform =0.36851 -0.286032 -0.884526 -37.1383 0.925353 0.0217609 0.378483 127.087 -0.0890102 -0.957973 0.2727 -68.3896 0 0 0 1 
Seq_Frame0060_ForcepToReference-SequenceTransformStatus = OK
Seq_Frame0060_Timestamp = 7.295
Seq_Frame0061_ForcepToReference-SequenceTransform =0.274322 -0.64813 -0.710405 -107.074 0.951126 0.0739358 0.299822 126.252 -0.141799 -0.757932 0.636735 -82.1158 0 0 0 1 
Seq_Frame0061_ForcepToReference-SequenceTransformStatus = OK
Seq_Frame0061_Timestamp = 7.396
Seq_Frame0062_ForcepToReference-SequenceTransform =0.217267 -0.825624 -0.520712 -152.192 0.958611 0.0799105 0.273276 113.303 -0.184013 -0.558533 0.808814 -74.4082 0 0 0 1 
Seq_Frame0062_ForcepToReference-SequenceTransformStatus = OK
Seq_Frame0062_Timestamp = 7.503
Seq_Frame0063_ForcepToReference-SequenceTransform =0.154462 -0.897421 -0.413252 -176.382 0.977085 0.0767519 0.198532 111.944 -0.146448 -0.434448 0.888711 -66.7984 0 0 0 1 
Seq_Frame0063_ForcepToReference-SequenceTransformStatus = OK
Seq_Frame0063_Timestamp = 7.606
Seq_Frame0064_ForcepToReference-SequenceTransform =0.0954664 -0.938949 -0.330545 -193.11 0.983512 0.0377358 0.176861 112.329 -0.15359 -0.341979 0.927071 -64.8804 0 0 0 1 
Seq_Frame0064_ForcepToReference-SequenceTransformStatus = OK
Seq_Frame0064_Timestamp = 7.708
Seq_Frame0065_ForcepToReference-SequenceTransform =0.0792118 -0.943156 -0.322773 -197.428 0.992384 0.043968 0.115065 119.364 -0.0943324 -0.329429 0.939456 -60.2774 0 0 0 1 
Seq_Frame0065_ForcepToReference-SequenceTransformStatus = OK
Seq_Frame0065_Timestamp = 7.815
Seq_Frame0066_ForcepToReference-SequenceTransform =0.0663668 -0.945166 -0.319776 -197.827 0.987815 0.0170232 0.154697 116.052 -0.14077 -0.326147 0.934779 -62.2524 0 0 0 1 
Seq_Frame0066_ForcepToReference-SequenceTransformStatus = OK
Seq_Frame0066_Timestamp = 7.925
Seq_Frame0067_ForcepToReference-SequenceTransform =0.0704875 -0.940166 -0.333346 -195.687 0.985194 0.0132576 0.170932 115.679 -0.156285 -0.340459 0.92718 -62.642 0 0 0 1 
Seq_Frame0067_ForcepToReference-SequenceTransformStatus = OK
Seq_Frame0067_Timestamp = 8.029
Seq_Frame0068_ForcepToReference-SequenceTransform =0.078924 -0.956205 -0.281856 -195.034 0.988492 0.0384648 0.1463 116.31 -0.129051 -0.290159 0.948237 -63.7285 0 0 0 1 
Seq_Frame0068_ForcepToReference-SequenceTransformStatus = OK
Seq_Frame0068_Timestamp = 8.136
Seq_Frame0069_ForcepToReference-SequenceTransform =0.0747277 -0.93508 -0.346471 -194.116 0.984506 0.0139105 0.174798 115.665 -0.158631 -0.354165 0.921631 -62.1196 0 0 0 1 
Seq_Frame0069_ForcepToReference-SequenceTransformStatus = OK
Seq_Frame0069_Timestamp = 8.243
Seq_Frame0070_ForcepToReference-SequenceTransform =0.0851196 -0.933226 -0.34906 -192.943 0.982945 0.0213332 0.182659 115.01 -0.163016 -0.358655 0.919126 -62.1597 0 0 0 1 
Seq_Frame0070_ForcepToReference-SequenceTransformStatus = OK
Seq_Frame0070_Timestamp = 8.351
Seq_Frame0071_ForcepToReference-SequenceTransform =0.0997275 -0.929382 -0.355393 -189.902 0.981021 0.0321469 0.191219 113.583 -0.166291 -0.367717 0.914949 -62.1354 0 0 0 1 
Seq_Frame0071_ForcepToReference-SequenceTransformStatus = OK
Seq_Frame0071_Timestamp = 8.455
Seq_Frame0072_ForcepToReference-SequenceTransform =0.111906 -0.922541 -0.369317 -188.659 0.979705 0.0402299 0.196366 113.911 -0.166298 -0.383796 0.90832 -60.7815 0 0 0 1 
Seq_Frame0072_ForcepToReference-SequenceTransformStatus = OK
Seq_Frame0072_Timestamp = 8.564
Seq_Frame0073_ForcepToReference-SequenceTransform =0.124275 -0.919181 -0.373715 -187.111 0.979978 0.054653 0.191458 115.479 -0.15556 -0.390025 0.907569 -59.2728 0 0 0 1 
Seq_Frame0073_ForcepToReference-SequenceTransformStatus = OK
Seq_Frame0073_Timestamp = 8.666
Seq_Frame0074_ForcepToReference-SequenceTransform =0.137457 -0.910914 -0.389027 -181.921 0.981445 0.0722472 0.177611 117.315 -0.133682 -0.406223 0.903943 -57.329 0 0 0 1 
Seq_Frame0074_ForcepToReference-SequenceTransformStatus = OK
Seq_Frame0074_Timestamp = 8.775
Seq_Frame0075_ForcepToReference-SequenceTransform =0.151536 -0.900022 -0.408654 -179.155 0.980296 0.0838411 0.178859 118.624 -0.126715 -0.427705 0.894993 -55.0218 0 0 0 1 
Seq_Frame0075_ForcepToReference-SequenceTransformStatus = OK
Seq_Frame0075_Timestamp = 8.883
Seq_Frame0076_ForcepToReference-SequenceTransform =0.156848 -0.90181 -0.402663 -179.739 0.977508 0.0835515 0.193642 117.777 -0.140985 -0.423978 0.894631 -55.9949 0 0 0 1 
Seq_Frame0076_ForcepToReference-SequenceTransformStatus = OK
Seq_Frame0076_Timestamp = 8.984
Seq_Frame0077_ForcepToReference-SequenceTransform =0.161679 -0.894036 -0.417803 -178.704 0.974726 0.0785318 0.209147 118.327 -0.154174 -0.441058 0.884137 -55.5551 0 0 0 1 
Seq_Frame0077_ForcepToReference-SequenceTransformStatus = OK
Seq_Frame0077_Timestamp = 9.085
Seq_Frame0078_ForcepToReference-SequenceTransform =0.164848 -0.896689 -0.410821 -177.625 0.980089 0.10218 0.170251 120.392 -0.110684 -0.430707 0.895679 -53.6145 0 0 0 1 
Seq_Frame0078_ForcepToReference-SequenceTransformStatus = OK
Seq_Frame0078_Timestamp = 9.186
Seq_Frame0079_ForcepToReference-SequenceTransform =0.160659 -0.895878 -0.414235 -177.478 0.98164 0.101312 0.161613 122.094 -0.102819 -0.432594 0.895707 -53.4126 0 0 0 1 
Seq_Frame0079_ForcepToReference-SequenceTransformStatus = OK
Seq_Frame0079_Timestamp = 9.286
Seq_Frame0080_ForcepToReference-SequenceTransform =0.166951 -0.922973 -0.346767 -178.065 0.982281 0.125325 0.139349 122.106 -0.0851567 -0.363887 0.927542 -55.6909 0 0 0 1 
Seq_Frame0080_ForcepToReference-SequenceTransformStatus = OK
Seq_Frame0080_Timestamp = 9.41
Seq_Frame0081_ForcepToReference-SequenceTransform =0.155526 -0.895164 -0.417724 -178.294 0.981415 0.0918993 0.168461 122.031 -0.112411 -0.436161 0.89282 -54.1797 0 0 0 1 
Seq_Frame0081_ForcepToReference-SequenceTransformStatus = OK
Seq_Frame0081_Timestamp = 9.511
Seq_Frame0082_ForcepToReference-SequenceTransform =0.15693 -0.892541 -0.422781 -177.62 0.983159 0.100589 0.152579 122.421 -0.0936558 -0.439605 0.893295 -53.6819 0 0 0 1 
Seq_Frame0082_ForcepToReference-SequenceTransformStatus = OK
Seq_Frame0082_Timestamp = 9.615
Seq_Frame0083_ForcepToReference-SequenceTransform =0.160319 -0.891186 -0.424364 -176.552 0.981689 0.0991494 0.162651 122.745 -0.102877 -0.44267 0.890764 -52.992 0 0 0 1 
Seq_Frame0083_ForcepToReference-SequenceTransformStatus = OK
Seq_Frame0083_Timestamp = 9.717
Seq_Frame0084_ForcepToReference-SequenceTransform =0.173069 -0.887192 -0.427711 -174.138 0.981591 0.119751 0.148793 122.706 -0.0807892 -0.445589 0.891585 -50.9915 0 0 0 1 
Seq_Frame0084_ForcepToReference-SequenceTransformStatus = OK
Seq_Frame0084_Timestamp = 9.825
Seq_Frame0085_ForcepToReference-SequenceTransform =0.179929 -0.886767 -0.425758 -174.212 0.981761 0.134868 0.133998 123.585 -0.0614033 -0.442103 0.89486 -50.835 0 0 0 1 
Seq_Frame0085_ForcepToReference-SequenceTransformStatus = OK
Seq_Frame0085_Timestamp = 9.926
Seq_Frame0086_ForcepToReference-SequenceTransform =0.189107 -0.876539 -0.442626 -170.333 0.980564 0.144575 0.132633 125.948 -0.0522654 -0.459105 0.886843 -47.6141 0 0 0 1 
Seq_Frame0086_ForcepToReference-SequenceTransformStatus = OK
Seq_Frame0086_Timestamp = 10.026
Seq_Frame0087_ForcepToReference-SequenceTransform =0.185182 -0.885163 -0.426842 -165.475 0.98167 0.146702 0.121666 133.735 -0.0450755 -0.441548 0.896104 -43.5169 0 0 0 1 
Seq_Frame0087_ForcepToReference-SequenceTransformStatus = OK
Seq_Frame0087_Timestamp = 10.132
Seq_Frame0088_ForcepToReference-SequenceTransform =0.134096 -0.882339 -0.451105 -148.696 0.988521 0.0871289 0.123429 152.722 -0.0696016 -0.462478 0.883894 -33.2205 0 0 0 1 
Seq_Frame0088_ForcepToReference-SequenceTransformStatus = OK
Seq_Frame0088_Timestamp = 10.234
Seq_Frame0089_ForcepToReference-SequenceTransform =-0.00765718 -0.865748 -0.500421 -120.949 0.997973 0.0250017 -0.0585244 199.632 0.0631787 -0.499855 0.863802 -9.6071 0 0 0 1 
Seq_Frame0089_ForcepToReference-SequenceTransformStatus = OK
Seq_Frame0089_Timestamp = 10.34
Seq_Frame0090_ForcepToReference-SequenceTransform =-0.103165 -0.865993 -0.489298 -83.8359 0.982891 -0.0132932 -0.183708 232.94 0.152585 -0.499879 0.852549 4.5477 0 0 0 1 
Seq_Frame0090_ForcepToReference-SequenceTransformStatus = OK
Seq_Frame0090_Timestamp = 10.45
Seq_Frame0091_ForcepToReference-SequenceTransform =-0.128841 -0.848282 -0.513632 -43.8277 0.976195 -0.0173604 -0.2162 246.658 0.174482 -0.52926 0.830325 17.9877 0 0 0 1 
Seq_Frame0091_ForcepToReference-SequenceTransformStatus = OK
Seq_Frame0091_Timestamp = 10.558
Seq_Frame0092_ForcepToReference-SequenceTransform =-0.156844 -0.695453 -0.701245 0.0518388 0.978701 -0.0142202 -0.204798 236.199 0.132456 -0.718431 0.682871 67.6919 0 0 0 1 
Seq_Frame0092_ForcepToReference-SequenceTransformStatus = OK
Seq_Frame0092_Timestamp = 10.73
Seq_Frame0093_ForcepToReference-SequenceTransform =-0.156194 -0.716373 -0.680009 -1.75219 0.987523 -0.127239 -0.0927838 217.74 -0.0200561 -0.686017 0.727309 65.3075 0 0 0 1 
Seq_Frame0093_ForcepToReference-SequenceTransformStatus = OK
Seq_Frame0093_Timestamp = 10.832
Seq_Frame0094_ForcepToReference-SequenceTransform =-0.297526 -0.762844 -0.574063 -26.406 0.952424 -0.278777 -0.123171 221.335 -0.0660755 -0.583398 0.809494 48.1909 0 0 0 1 
Seq_Frame0094_ForcepToReference-SequenceTransformStatus = OK
Seq_Frame0094_Timestamp = 10.935
Seq_Frame0095_ForcepToReference-SequenceTransform =-0.425662 -0.810612 -0.402144 -48.8588 0.904526 -0.368698 -0.21423 229.363 0.0253882 -0.454939 0.890161 41.911 0 0 0 1 
Seq_Frame0095_ForcepToReference-SequenceTransformStatus = OK
Seq_Frame0095_Timestamp = 11.041
Seq_Frame0096_ForcepToReference-SequenceTransform =-0.528022 -0.77518 -0.346828 -55.0316 0.846647 -0.448678 -0.286141 243.425 0.0661968 -0.44473 0.893215 54.9747 0 0 0 1 
Seq_Frame0096_ForcepToReference-SequenceTransformStatus = OK
Seq_Frame0096_Timestamp = 11.149
Seq_Frame0097_ForcepToReference-SequenceTransform =-0.507495 -0.751103 -0.422249 -37.0417 0.853292 -0.369979 -0.367435 251.866 0.119758 -0.546773 0.828672 89.7052 0 0 0 1 
Seq_Frame0097_ForcepToReference-SequenceTransformStatus = OK
Seq_Frame0097_Timestamp = 11.25
Seq_Frame0098_ForcepToReference-SequenceTransform =-0.487948 -0.673768 -0.554926 -13.6797 0.869952 -0.323425 -0.372262 243.884 0.0713409 -0.664404 0.743961 124.091 0 0 0 1 
Seq_Frame0098_ForcepToReference-SequenceTransformStatus = OK
Seq_Frame0098_Timestamp = 11.351
Seq_Frame0099_ForcepToReference-SequenceTransform =-0.432504 -0.639373 -0.635722 -0.626825 0.900239 -0.267039 -0.34389 229.148 0.0501114 -0.721036 0.691083 140.302 0 0 0 1 
Seq_Frame0099_ForcepToReference-SequenceTransformStatus = OK
Seq_Frame0099_Timestamp = 11.465
Seq_Frame0100_ForcepToReference-SequenceTransform =-0.418232 -0.647 -0.637553 -0.639451 0.908229 -0.286901 -0.304643 223.667 0.01419 -0.706456 0.707615 138.312 0 0 0 1 
Seq_Frame0100_ForcepToReference-SequenceTransformStatus = OK
Seq_Frame0100_Timestamp = 11.574
Seq_Frame0101_ForcepToReference-SequenceTransform =-0.422059 -0.663476 -0.617791 -2.477 0.90628 -0.291608 -0.305976 224.506 0.0228547 -0.689031 0.724371 137.234 0 0 0 1 
Seq_Frame0101_ForcepToReference-SequenceTransformStatus = OK
Seq_Frame0101_Timestamp = 11.674
Seq_Frame0102_ForcepToReference-SequenceTransform =-0.446665 -0.714383 -0.538654 -10.1291 0.894546 -0.345368 -0.28374 225.284 0.0166649 -0.608587 0.793312 125.727 0 0 0 1 
Seq_Frame0102_ForcepToReference-SequenceTransformStatus = OK
Seq_Frame0102_Timestamp = 11.775
Seq_Frame0103_ForcepToReference-SequenceTransform =-0.459328 -0.740028 -0.4913 -15.1545 0.885843 -0.422456 -0.191865 220.032 -0.0655674 -0.523344 0.849595 112.012 0 0 0 1 
Seq_Frame0103_ForcepToReference-SequenceTransformStatus = OK
Seq_Frame0103_Timestamp = 11.876
Seq_Frame0104_ForcepToReference-SequenceTransform =-0.442174 -0.752549 -0.488008 -14.8537 0.886419 -0.449698 -0.109694 214.471 -0.136906 -0.481084 0.865919 105.288 0 0 0 1 
Seq_Frame0104_ForcepToReference-SequenceTransformStatus = OK
Seq_Frame0104_Timestamp = 11.981
Seq_Frame0105_ForcepToReference-SequenceTransform =-0.408325 -0.767638 -0.493966 -12.4639 0.895722 -0.441232 -0.0547401 210.191 -0.175933 -0.464808 0.867756 103.119 0 0 0 1 
Seq_Frame0105_ForcepToReference-SequenceTransformStatus = OK
Seq_Frame0105_Timestamp = 12.083
Seq_Frame0106_ForcepToReference-SequenceTransform =-0.412158 -0.76793 -0.490315 -11.2588 0.897069 -0.436153 -0.0709732 209.354 -0.15935 -0.469099 0.868651 104.42 0 0 0 1 
Seq_Frame0106_ForcepToReference-SequenceTransformStatus = OK
Seq_Frame0106_Timestamp = 12.185
Seq_Frame0107_ForcepToReference-SequenceTransform =-0.417909 -0.761163 -0.495967 -10.3064 0.889203 -0.454594 -0.0515872 208.745 -0.186198 -0.462575 0.866808 104.051 0 0 0 1 
Seq_Frame0107_ForcepToReference-SequenceTransformStatus = OK
Seq_Frame0107_Timestamp = 12.289
Seq_Frame0108_ForcepToReference-SequenceTransform =-0.439929 -0.761295 -0.476331 -12.7797 0.878051 -0.475914 -0.0503199 211.632 -0.188384 -0.44038 0.877825 102.887 0 0 0 1 
Seq_Frame0108_ForcepToReference-SequenceTransformStatus = OK
Seq_Frame0108_Timestamp = 12.399
Seq_Frame0109_ForcepToReference-SequenceTransform =-0.488636 -0.756914 -0.433953 -23.5621 0.844971 -0.534467 -0.0192145 215.614 -0.21739 -0.376067 0.90073 95.044 0 0 0 1 
Seq_Frame0109_ForcepToReference-SequenceTransformStatus = OK
Seq_Frame0109_Timestamp = 12.509
Seq_Frame0110_ForcepToReference-SequenceTransform =-0.559653 -0.734236 -0.3843 -31.5444 0.804017 -0.59345 -0.0370494 220.916 -0.20086 -0.329719 0.922465 91.8329 0 0 0 1 
Seq_Frame0110_ForcepToReference-SequenceTransformStatus = OK
Seq_Frame0110_Timestamp = 12.61
Seq_Frame0111_ForcepToReference-SequenceTransform =-0.600786 -0.716604 -0.35431 -28.8487 0.786037 -0.610274 -0.0985444 225.798 -0.145609 -0.337705 0.929921 96.6371 0 0 0 1 
Seq_Frame0111_ForcepToReference-SequenceTransformStatus = OK
Seq_Frame0111_Timestamp = 12.715
Seq_Frame0112_ForcepToReference-SequenceTransform =-0.619078 -0.716175 -0.322236 -30.9029 0.777317 -0.617267 -0.12149 235.416 -0.111897 -0.325691 0.938831 103.228 0 0 0 1 
Seq_Frame0112_ForcepToReference-SequenceTransformStatus = OK
Seq_Frame0112_Timestamp = 12.815
Seq_Frame0113_ForcepToReference-SequenceTransform =-0.628803 -0.71378 -0.308424 -34.3002 0.772869 -0.617262 -0.147179 239.717 -0.0853248 -0.330918 0.939794 105.728 0 0 0 1 
Seq_Frame0113_ForcepToReference-SequenceTransformStatus = OK
Seq_Frame0113_Timestamp = 12.916
Seq_Frame0114_ForcepToReference-SequenceTransform =-0.564405 -0.729515 -0.386335 -28.4026 0.810892 -0.577604 -0.0939592 235.542 -0.154604 -0.366307 0.91756 103.665 0 0 0 1 
Seq_Frame0114_ForcepToReference-SequenceTransformStatus = OK
Seq_Frame0114_Timestamp = 13.016
Seq_Frame0115_ForcepToReference-SequenceTransform =-0.501248 -0.735595 -0.455687 -22.4845 0.845301 -0.528838 -0.0761377 235.37 -0.184978 -0.423356 0.886878 107.951 0 0 0 1 
Seq_Frame0115_ForcepToReference-SequenceTransformStatus = OK
Seq_Frame0115_Timestamp = 13.12
Seq_Frame0116_ForcepToReference-SequenceTransform =-0.522897 -0.746593 -0.411313 -26.7795 0.847378 -0.50758 -0.155928 241.744 -0.0923596 -0.430071 0.898058 107.782 0 0 0 1 
Seq_Frame0116_ForcepToReference-SequenceTransformStatus = OK
Seq_Frame0116_Timestamp = 13.22
Seq_Frame0117_ForcepToReference-SequenceTransform =-0.555505 -0.740954 -0.377362 -28.3687 0.830948 -0.511409 -0.219059 244.316 -0.0306736 -0.435256 0.899784 110.492 0 0 0 1 
Seq_Frame0117_ForcepToReference-SequenceTransformStatus = OK
Seq_Frame0117_Timestamp = 13.321
Seq_Frame0118_ForcepToReference-SequenceTransform =-0.508998 -0.714959 -0.479327 -20.5575 0.853854 -0.489817 -0.176104 242.592 -0.108875 -0.498912 0.859787 115.31 0 0 0 1 
Seq_Frame0118_ForcepToReference-SequenceTransformStatus = OK
Seq_Frame0118_Timestamp = 13.43
Seq_Frame0119_ForcepToReference-SequenceTransform =-0.435997 -0.698817 -0.567064 -14.7168 0.887487 -0.438361 -0.14215 241.03 -0.149242 -0.565239 0.811315 123.528 0 0 0 1 
Seq_Frame0119_ForcepToReference-SequenceTransformStatus = OK
Seq_Frame0119_Timestamp = 13.533
Seq_Frame0120_ForcepToReference-SequenceTransform =-0.380505 -0.665469 -0.642158 -12.2223 0.903498 -0.41562 -0.104653 241.354 -0.197251 -0.62001 0.759395 129.276 0 0 0 1 
Seq_Frame0120_ForcepToReference-SequenceTransformStatus = OK
Seq_Frame0120_Timestamp = 13.641
Seq_Frame0121_ForcepToReference-SequenceTransform =-0.352222 -0.666388 -0.657166 -16.2735 0.915637 -0.390733 -0.0945388 241.563 -0.193777 -0.635024 0.747793 135.082 0 0 0 1 
Seq_Frame0121_ForcepToReference-SequenceTransformStatus = OK
Seq_Frame0121_Timestamp = 13.749
Seq_Frame0122_ForcepToReference-SequenceTransform =-0.347193 -0.670079 -0.656088 -19.8487 0.927737 -0.347603 -0.135931 244.369 -0.136974 -0.655871 0.742342 141.375 0 0 0 1 
Seq_Frame0122_ForcepToReference-SequenceTransformStatus = OK
Seq_Frame0122_Timestamp = 13.85
Seq_Frame0123_ForcepToReference-SequenceTransform =-0.319473 -0.671633 -0.668465 -18.6326 0.939772 -0.315027 -0.132616 244.43 -0.121515 -0.670572 0.731824 145.946 0 0 0 1 
Seq_Frame0123_ForcepToReference-SequenceTransformStatus = OK
Seq_Frame0123_Timestamp = 13.96
Seq_Frame0124_ForcepToReference-SequenceTransform =-0.311253 -0.671467 -0.672498 -17.4689 0.943358 -0.303854 -0.133226 243.066 -0.114885 -0.675873 0.728009 146.797 0 0 0 1 
Seq_Frame0124_ForcepToReference-SequenceTransformStatus = OK
Seq_Frame0124_Timestamp = 14.065
Seq_Frame0125_ForcepToReference-SequenceTransform =-0.303279 -0.673874 -0.673732 -16.8561 0.94551 -0.300704 -0.124852 242.601 -0.11846 -0.674885 0.728352 146.975 0 0 0 1 
Seq_Frame0125_ForcepToReference-SequenceTransformStatus = OK
Seq_Frame0125_Timestamp = 14.171
Seq_Frame0126_ForcepToReference-SequenceTransform =-0.298816 -0.668814 -0.680733 -15.9223 0.947874 -0.290717 -0.130454 241.72 -0.110651 -0.684231 0.720822 147.635 0 0 0 1 
Seq_Frame0126_ForcepToReference-SequenceTransformStatus = OK
Seq_Frame0126_Timestamp = 14.283
Seq_Frame0127_ForcepToReference-SequenceTransform =-0.291919 -0.663969 -0.688424 -15.305 0.948014 -0.296213 -0.116305 240.965 -0.126697 -0.686588 0.715923 147.499 0 0 0 1 
Seq_Frame0127_ForcepToReference-SequenceTransformStatus = OK
Seq_Frame0127_Timestamp = 14.386
Seq_Frame0128_ForcepToReference-SequenceTransform =-0.290387 -0.665001 -0.688076 -15.1206 0.947713 -0.299314 -0.110685 240.737 -0.132345 -0.68424 0.717147 147.204 0 0 0 1 
Seq_Frame0128_ForcepToReference-SequenceTransformStatus = OK
Seq_Frame0128_Timestamp = 14.493
Seq_Frame0129_ForcepToReference-SequenceTransform =-0.289706 -0.662961 -0.690328 -15.0332 0.947962 -0.298262 -0.111388 240.824 -0.132053 -0.686675 0.71487 147.357 0 0 0 1 
Seq_Frame0129_ForcepToReference-SequenceTransformStatus = OK
Seq_Frame0129_Timestamp = 14.595
Seq_Frame0130_ForcepToReference-SequenceTransform =-0.285807 -0.663094 -0.691825 -14.8613 0.949036 -0.295931 -0.108425 240.561 -0.132837 -0.687555 0.713879 147.42 0 0 0 1 
Seq_Frame0130_ForcepToReference-SequenceTransformStatus = OK
Seq_Frame0130_Timestamp = 14.706
Seq_Frame0131_ForcepToReference-SequenceTransform =-0.276741 -0.659051 -0.699333 -13.6747 0.951723 -0.288559 -0.104679 240.57 -0.13281 -0.69454 0.70709 149.465 0 0 0 1 
Seq_Frame0131_ForcepToReference-SequenceTransformStatus = OK
Seq_Frame0131_Timestamp = 14.815
Seq_Frame0132_ForcepToReference-SequenceTransform =-0.270933 -0.66067 -0.700079 -12.329 0.954919 -0.27615 -0.108951 239.687 -0.121346 -0.698037 0.705705 149.763 0 0 0 1 
Seq_Frame0132_ForcepToReference-SequenceTransformStatus = OK
Seq_Frame0132_Timestamp = 14.916
Seq_Frame0133_ForcepToReference-SequenceTransform =-0.258025 -0.66276 -0.702974 -11.1592 0.955687 -0.281822 -0.0850824 238.919 -0.141724 -0.693777 0.706108 150.543 0 0 0 1 
Seq_Frame0133_ForcepToReference-SequenceTransformStatus = OK
Seq_Frame0133_Timestamp = 15.027
Seq_Frame0134_ForcepToReference-SequenceTransform =-0.38325 0.280515 0.880017 -25.5335 -0.278504 0.873326 -0.399671 233.776 -0.880656 -0.398262 -0.256578 119.008 0 0 0 1 
Seq_Frame0134_ForcepToReference-SequenceTransformStatus = OK
Seq_Frame0134_Timestamp = 15.619
Seq_Frame0135_ForcepToReference-SequenceTransform =-0.370343 0.248349 0.89508 -32.5009 -0.357306 0.85137 -0.384058 228.522 -0.857426 -0.462051 -0.226562 107.874 0 0 0 1 
Seq_Frame0135_ForcepToReference-SequenceTransformStatus = OK
Seq_Frame0135_Timestamp = 15.726
Seq_Frame0136_ForcepToReference-SequenceTransform =-0.423365 0.14211 0.894744 -42.5015 -0.40898 0.851279 -0.328723 227.798 -0.808392 -0.505102 -0.302282 92.6075 0 0 0 1 
Seq_Frame0136_ForcepToReference-SequenceTransformStatus = OK
Seq_Frame0136_Timestamp = 15.826
Seq_Frame0137_ForcepToReference-SequenceTransform =-0.54414 0.0522288 0.837367 -23.8501 -0.348529 0.893797 -0.28223 243.155 -0.763177 -0.445419 -0.468147 84.7379 0 0 0 1 
Seq_Frame0137_ForcepToReference-SequenceTransformStatus = OK
Seq_Frame0137_Timestamp = 15.933
Seq_Frame0138_ForcepToReference-SequenceTransform =-0.389621 0.123861 0.912608 12.0179 -0.165916 0.965262 -0.201842 249.774 -0.905907 -0.230059 -0.355536 104.65 0 0 0 1 
Seq_Frame0138_ForcepToReference-SequenceTransformStatus = OK
Seq_Frame0138_Timestamp = 16.034
Seq_Frame0139_ForcepToReference-SequenceTransform =-0.412535 -0.769656 -0.487283 33.993 0.909282 -0.315638 -0.271255 237.993 0.0549683 -0.55498 0.830045 116.124 0 0 0 1 
Seq_Frame0139_ForcepToReference-SequenceTransformStatus = OK
Seq_Frame0139_Timestamp = 16.155
Seq_Frame0140_ForcepToReference-SequenceTransform =-0.329338 -0.871124 -0.364252 45.063 0.881162 -0.144949 -0.450049 231.261 0.33925 -0.469183 0.815338 133.617 0 0 0 1 
Seq_Frame0140_ForcepToReference-SequenceTransformStatus = OK
Seq_Frame0140_Timestamp = 16.274
Seq_Frame0141_ForcepToReference-SequenceTransform =-0.607348 0.251921 0.753435 46.4293 0.283464 0.954683 -0.0907095 226.972 -0.742143 0.158479 -0.651236 132.418 0 0 0 1 
Seq_Frame0141_ForcepToReference-SequenceTransformStatus = OK
Seq_Frame0141_Timestamp = 16.38
Seq_Frame0142_ForcepToReference-SequenceTransform =-0.771098 0.352175 0.530453 47.5688 0.45686 0.886313 0.0756831 223.697 -0.443493 0.300701 -0.844329 133.135 0 0 0 1 
Seq_Frame0142_ForcepToReference-SequenceTransformStatus = OK
Seq_Frame0142_Timestamp = 16.49
Seq_Frame0143_ForcepToReference-SequenceTransform =-0.443771 0.245251 0.861928 47.7235 -0.157017 0.925664 -0.344228 221.826 -0.882277 -0.288095 -0.372274 119.464 0 0 0 1 
Seq_Frame0143_ForcepToReference-SequenceTransformStatus = OK
Seq_Frame0143_Timestamp = 17.02
Seq_Frame0144_ForcepToReference-SequenceTransform =-0.406021 0.250939 0.878736 47.4886 -0.10205 0.943097 -0.316471 218.436 -0.908148 -0.218169 -0.357309 120.842 0 0 0 1 
Seq_Frame0144_ForcepToReference-SequenceTransformStatus = OK
Seq_Frame0144_Timestamp = 17.124
Seq_Frame0145_ForcepToReference-SequenceTransform =-0.406218 0.249733 0.878989 47.074 -0.127727 0.936968 -0.325233 215.562 -0.904806 -0.244386 -0.348715 116.862 0 0 0 1 
Seq_Frame0145_ForcepToReference-SequenceTransformStatus = OK
Seq_Frame0145_Timestamp = 17.225
Seq_Frame0146_ForcepToReference-SequenceTransform =-0.427355 0.225312 0.875558 44.4873 -0.149074 0.93763 -0.314048 214.009 -0.891709 -0.264733 -0.367113 113.713 0 0 0 1 
Seq_Frame0146_ForcepToReference-SequenceTransformStatus = OK
Seq_Frame0146_Timestamp = 17.337
Seq_Frame0147_ForcepToReference-SequenceTransform =-0.443722 0.219051 0.868981 42.5663 -0.167238 0.932392 -0.320431 212.535 -0.880422 -0.287509 -0.377089 110.882 0 0 0 1 
Seq_Frame0147_ForcepToReference-SequenceTransformStatus = OK
Seq_Frame0147_Timestamp = 17.437
Seq_Frame0148_ForcepToReference-SequenceTransform =-0.477015 0.205144 0.854618 36.9146 -0.167053 0.933489 -0.317319 213.15 -0.862873 -0.294132 -0.411018 106.97 0 0 0 1 
Seq_Frame0148_ForcepToReference-SequenceTransformStatus = OK
Seq_Frame0148_Timestamp = 17.54
Seq_Frame0149_ForcepToReference-SequenceTransform =-0.544581 0.204236 0.813461 39.6653 -0.223474 0.8995 -0.375445 210 -0.808388 -0.386248 -0.444209 105.4 0 0 0 1 
Seq_Frame0149_ForcepToReference-SequenceTransformStatus = OK
Seq_Frame0149_Timestamp = 17.79
