ObjectType = Image
NDims = 3
AnatomicalOrientation = RAI
BinaryData = True
CompressedData = False
DimSize = 0 0 1378
ElementSpacing = 1 1 1
Offset = 0 0 0
TransformMatrix = 1 0 0 0 1 0 0 0 1
ElementType = MET_UCHAR
Kinds = domain domain list
Seq_Frame0000_DriverToReference-SequenceTransform =0.441208 0.887905 -0.13023 19.5281 0.718653 -0.262671 0.643849 48.5716 0.53747 -0.377661 -0.753988 75.4605 0 0 0 1 
Seq_Frame0000_DriverToReference-SequenceTransformStatus = OK
Seq_Frame0000_Timestamp = 0.000999928
Seq_Frame0001_DriverToReference-SequenceTransform =0.440282 0.888399 -0.129996 19.502 0.719547 -0.262526 0.642909 48.6081 0.537033 -0.3766 -0.75483 75.3956 0 0 0 1 
Seq_Frame0001_DriverToReference-SequenceTransformStatus = OK
Seq_Frame0001_Timestamp = 0.103
Seq_Frame0002_DriverToReference-SequenceTransform =0.440686 0.888635 -0.126979 19.5347 0.716089 -0.262712 0.646682 48.5645 0.541306 -0.375912 -0.752116 75.4411 0 0 0 1 
Seq_Frame0002_DriverToReference-SequenceTransformStatus = OK
Seq_Frame0002_Timestamp = 0.203
Seq_Frame0003_DriverToReference-SequenceTransform =0.450795 0.873429 -0.184133 19.1932 0.772413 -0.278304 0.570898 48.5507 0.447394 -0.399585 -0.800107 73.3476 0 0 0 1 
Seq_Frame0003_DriverToReference-SequenceTransformStatus = OK
Seq_Frame0003_Timestamp = 0.313
Seq_Frame0004_DriverToReference-SequenceTransform =0.461996 0.853481 -0.241103 17.3733 0.808284 -0.293306 0.510538 49.2357 0.365017 -0.430746 -0.82536 72.3727 0 0 0 1 
Seq_Frame0004_DriverToReference-SequenceTransformStatus = OK
Seq_Frame0004_Timestamp = 0.413
Seq_Frame0005_DriverToReference-SequenceTransform =0.482926 0.863997 -0.142449 18.2537 0.752965 -0.326683 0.571245 49.9004 0.447018 -0.383129 -0.808324 73.0579 0 0 0 1 
Seq_Frame0005_DriverToReference-SequenceTransformStatus = OK
Seq_Frame0005_Timestamp = 0.515
Seq_Frame0006_DriverToReference-SequenceTransform =0.473144 0.87186 -0.126474 16.6952 0.686539 -0.27493 0.67311 49.0388 0.552086 -0.405307 -0.728648 76.7873 0 0 0 1 
Seq_Frame0006_DriverToReference-SequenceTransformStatus = OK
Seq_Frame0006_Timestamp = 0.618
Seq_Frame0007_DriverToReference-SequenceTransform =0.526893 0.839226 -0.134476 15.6561 0.643891 -0.290859 0.707676 44.9373 0.554786 -0.459458 -0.693622 70.4173 0 0 0 1 
Seq_Frame0007_DriverToReference-SequenceTransformStatus = OK
Seq_Frame0007_Timestamp = 0.719
Seq_Frame0008_DriverToReference-SequenceTransform =0.450669 0.86918 -0.203528 19.39 0.720172 -0.219277 0.658232 48.8539 0.527493 -0.44322 -0.724781 72.3125 0 0 0 1 
Seq_Frame0008_DriverToReference-SequenceTransformStatus = OK
Seq_Frame0008_Timestamp = 0.823
Seq_Frame0009_DriverToReference-SequenceTransform =0.429631 0.862697 -0.266779 13.944 0.720575 -0.149476 0.677074 60.1823 0.544232 -0.483127 -0.685857 79.5089 0 0 0 1 
Seq_Frame0009_DriverToReference-SequenceTransformStatus = OK
Seq_Frame0009_Timestamp = 0.927
Seq_Frame0010_DriverToReference-SequenceTransform =0.395676 0.858003 -0.327522 11.2371 0.595987 0.0314441 0.802378 84.5324 0.698742 -0.512681 -0.498917 62.7799 0 0 0 1 
Seq_Frame0010_DriverToReference-SequenceTransformStatus = OK
Seq_Frame0010_Timestamp = 1.033
Seq_Frame0011_DriverToReference-SequenceTransform =0.359257 0.835326 -0.416131 16.3674 0.503934 0.201663 0.83987 92.9933 0.785484 -0.511432 -0.348501 61.9807 0 0 0 1 
Seq_Frame0011_DriverToReference-SequenceTransformStatus = OK
Seq_Frame0011_Timestamp = 1.135
Seq_Frame0012_DriverToReference-SequenceTransform =0.334847 0.799024 -0.499438 14.0424 0.407161 0.355306 0.841414 114.429 0.849763 -0.485096 -0.206358 56.1865 0 0 0 1 
Seq_Frame0012_DriverToReference-SequenceTransformStatus = OK
Seq_Frame0012_Timestamp = 1.237
Seq_Frame0013_DriverToReference-SequenceTransform =0.334847 0.799024 -0.499438 14.0424 0.407161 0.355306 0.841414 114.429 0.849763 -0.485096 -0.206358 56.1865 0 0 0 1 
Seq_Frame0013_DriverToReference-SequenceTransformStatus = OK
Seq_Frame0013_Timestamp = 1.338
Seq_Frame0014_DriverToReference-SequenceTransform =0.334847 0.799024 -0.499438 14.0424 0.407161 0.355306 0.841414 114.429 0.849763 -0.485096 -0.206358 56.1865 0 0 0 1 
Seq_Frame0014_DriverToReference-SequenceTransformStatus = OK
Seq_Frame0014_Timestamp = 1.448
Seq_Frame0015_DriverToReference-SequenceTransform =0.334847 0.799024 -0.499438 14.0424 0.407161 0.355306 0.841414 114.429 0.849763 -0.485096 -0.206358 56.1865 0 0 0 1 
Seq_Frame0015_DriverToReference-SequenceTransformStatus = OK
Seq_Frame0015_Timestamp = 1.548
Seq_Frame0016_DriverToReference-SequenceTransform =0.334847 0.799024 -0.499438 14.0424 0.407161 0.355306 0.841414 114.429 0.849763 -0.485096 -0.206358 56.1865 0 0 0 1 
Seq_Frame0016_DriverToReference-SequenceTransformStatus = OK
Seq_Frame0016_Timestamp = 1.653
Seq_Frame0017_DriverToReference-SequenceTransform =0.334847 0.799024 -0.499438 14.0424 0.407161 0.355306 0.841414 114.429 0.849763 -0.485096 -0.206358 56.1865 0 0 0 1 
Seq_Frame0017_DriverToReference-SequenceTransformStatus = OK
Seq_Frame0017_Timestamp = 1.759
Seq_Frame0018_DriverToReference-SequenceTransform =0.334847 0.799024 -0.499438 14.0424 0.407161 0.355306 0.841414 114.429 0.849763 -0.485096 -0.206358 56.1865 0 0 0 1 
Seq_Frame0018_DriverToReference-SequenceTransformStatus = OK
Seq_Frame0018_Timestamp = 1.868
Seq_Frame0019_DriverToReference-SequenceTransform =0.334847 0.799024 -0.499438 14.0424 0.407161 0.355306 0.841414 114.429 0.849763 -0.485096 -0.206358 56.1865 0 0 0 1 
Seq_Frame0019_DriverToReference-SequenceTransformStatus = OK
Seq_Frame0019_Timestamp = 1.974
Seq_Frame0020_DriverToReference-SequenceTransform =0.334847 0.799024 -0.499438 14.0424 0.407161 0.355306 0.841414 114.429 0.849763 -0.485096 -0.206358 56.1865 0 0 0 1 
Seq_Frame0020_DriverToReference-SequenceTransformStatus = OK
Seq_Frame0020_Timestamp = 2.078
Seq_Frame0021_DriverToReference-SequenceTransform =0.334847 0.799024 -0.499438 14.0424 0.407161 0.355306 0.841414 114.429 0.849763 -0.485096 -0.206358 56.1865 0 0 0 1 
Seq_Frame0021_DriverToReference-SequenceTransformStatus = OK
Seq_Frame0021_Timestamp = 2.184
Seq_Frame0022_DriverToReference-SequenceTransform =0.334847 0.799024 -0.499438 14.0424 0.407161 0.355306 0.841414 114.429 0.849763 -0.485096 -0.206358 56.1865 0 0 0 1 
Seq_Frame0022_DriverToReference-SequenceTransformStatus = OK
Seq_Frame0022_Timestamp = 2.298
Seq_Frame0023_DriverToReference-SequenceTransform =0.334847 0.799024 -0.499438 14.0424 0.407161 0.355306 0.841414 114.429 0.849763 -0.485096 -0.206358 56.1865 0 0 0 1 
Seq_Frame0023_DriverToReference-SequenceTransformStatus = OK
Seq_Frame0023_Timestamp = 2.406
Seq_Frame0024_DriverToReference-SequenceTransform =0.334847 0.799024 -0.499438 14.0424 0.407161 0.355306 0.841414 114.429 0.849763 -0.485096 -0.206358 56.1865 0 0 0 1 
Seq_Frame0024_DriverToReference-SequenceTransformStatus = OK
Seq_Frame0024_Timestamp = 2.523
Seq_Frame0025_DriverToReference-SequenceTransform =0.334847 0.799024 -0.499438 14.0424 0.407161 0.355306 0.841414 114.429 0.849763 -0.485096 -0.206358 56.1865 0 0 0 1 
Seq_Frame0025_DriverToReference-SequenceTransformStatus = OK
Seq_Frame0025_Timestamp = 2.624
Seq_Frame0026_DriverToReference-SequenceTransform =0.334847 0.799024 -0.499438 14.0424 0.407161 0.355306 0.841414 114.429 0.849763 -0.485096 -0.206358 56.1865 0 0 0 1 
Seq_Frame0026_DriverToReference-SequenceTransformStatus = OK
Seq_Frame0026_Timestamp = 2.732
Seq_Frame0027_DriverToReference-SequenceTransform =0.348203 0.297082 0.889099 -105.271 -0.567623 0.82163 -0.0522358 248.687 -0.746028 -0.486484 0.454725 144.613 0 0 0 1 
Seq_Frame0027_DriverToReference-SequenceTransformStatus = OK
Seq_Frame0027_Timestamp = 2.833
Seq_Frame0028_DriverToReference-SequenceTransform =0.239406 0.25138 0.937813 -103.021 -0.624777 0.77924 -0.0493808 246.848 -0.743195 -0.574102 0.343611 141.425 0 0 0 1 
Seq_Frame0028_DriverToReference-SequenceTransformStatus = OK
Seq_Frame0028_Timestamp = 2.933
Seq_Frame0029_DriverToReference-SequenceTransform =-0.541989 -0.166795 -0.823667 -67.6671 -0.558687 0.803674 0.204881 246.948 0.627787 0.571216 -0.528769 138.103 0 0 0 1 
Seq_Frame0029_DriverToReference-SequenceTransformStatus = OK
Seq_Frame0029_Timestamp = 3.039
Seq_Frame0030_DriverToReference-SequenceTransform =-0.760578 -0.084315 -0.643748 -52.6716 -0.34593 0.891691 0.291922 246.886 0.549411 0.444722 -0.707368 135.726 0 0 0 1 
Seq_Frame0030_DriverToReference-SequenceTransformStatus = OK
Seq_Frame0030_Timestamp = 3.148
Seq_Frame0031_DriverToReference-SequenceTransform =-0.817863 -0.0126226 -0.575275 -47.9509 -0.210856 0.936791 0.279217 238.447 0.535388 0.349662 -0.768828 132.605 0 0 0 1 
Seq_Frame0031_DriverToReference-SequenceTransformStatus = OK
Seq_Frame0031_Timestamp = 3.249
Seq_Frame0032_DriverToReference-SequenceTransform =-0.852018 0.0446648 -0.521604 -42.485 -0.110073 0.958797 0.261901 232.218 0.51181 0.280558 -0.811996 125.797 0 0 0 1 
Seq_Frame0032_DriverToReference-SequenceTransformStatus = OK
Seq_Frame0032_Timestamp = 3.358
Seq_Frame0033_DriverToReference-SequenceTransform =-0.854562 0.0993747 -0.509754 -36.7113 -0.0226067 0.973475 0.227674 232.49 0.518857 0.206085 -0.829648 104.098 0 0 0 1 
Seq_Frame0033_DriverToReference-SequenceTransformStatus = OK
Seq_Frame0033_Timestamp = 3.465
Seq_Frame0034_DriverToReference-SequenceTransform =-0.841525 0.1182 -0.527129 -84.4569 -0.00585656 0.973716 0.227689 228.942 0.540186 0.194693 -0.818714 92.7827 0 0 0 1 
Seq_Frame0034_DriverToReference-SequenceTransformStatus = OK
Seq_Frame0034_Timestamp = 3.567
Seq_Frame0035_DriverToReference-SequenceTransform =-0.74378 -0.0401735 -0.667217 -123.569 -0.141855 0.984942 0.0988293 205.593 0.653199 0.168155 -0.738278 99.9744 0 0 0 1 
Seq_Frame0035_DriverToReference-SequenceTransformStatus = OK
Seq_Frame0035_Timestamp = 3.668
Seq_Frame0036_DriverToReference-SequenceTransform =-0.762531 -0.122624 -0.635224 -121.529 -0.163012 0.98661 0.00522626 180.579 0.626078 0.107534 -0.77231 108.184 0 0 0 1 
Seq_Frame0036_DriverToReference-SequenceTransformStatus = OK
Seq_Frame0036_Timestamp = 3.772
Seq_Frame0037_DriverToReference-SequenceTransform =-0.741329 -0.195261 -0.64211 -109.171 -0.187383 0.978913 -0.081343 167.452 0.644453 0.0600186 -0.762285 112.041 0 0 0 1 
Seq_Frame0037_DriverToReference-SequenceTransformStatus = OK
Seq_Frame0037_Timestamp = 3.873
Seq_Frame0038_DriverToReference-SequenceTransform =-0.737398 -0.239544 -0.631556 -94.5521 -0.193051 0.970743 -0.142791 162.897 0.647284 0.0166294 -0.762068 114.943 0 0 0 1 
Seq_Frame0038_DriverToReference-SequenceTransformStatus = OK
Seq_Frame0038_Timestamp = 3.983
Seq_Frame0039_DriverToReference-SequenceTransform =-0.764996 -0.234104 -0.599981 -86.2749 -0.184575 0.972211 -0.144003 160.712 0.61702 0.000579841 -0.786947 120.986 0 0 0 1 
Seq_Frame0039_DriverToReference-SequenceTransformStatus = OK
Seq_Frame0039_Timestamp = 4.088
Seq_Frame0040_DriverToReference-SequenceTransform =-0.75823 -0.246554 -0.603571 -82.5401 -0.200059 0.969065 -0.144533 155.297 0.620535 0.0111606 -0.784099 122.363 0 0 0 1 
Seq_Frame0040_DriverToReference-SequenceTransformStatus = OK
Seq_Frame0040_Timestamp = 4.199
Seq_Frame0041_DriverToReference-SequenceTransform =-0.722947 -0.275383 -0.63365 -79.7726 -0.274407 0.95614 -0.102458 154.636 0.634073 0.0998064 -0.766805 125.423 0 0 0 1 
Seq_Frame0041_DriverToReference-SequenceTransformStatus = OK
Seq_Frame0041_Timestamp = 4.303
Seq_Frame0042_DriverToReference-SequenceTransform =-0.716375 -0.286446 -0.636204 -77.9746 -0.299025 0.949898 -0.0909785 157.011 0.63039 0.125066 -0.766138 126.457 0 0 0 1 
Seq_Frame0042_DriverToReference-SequenceTransformStatus = OK
Seq_Frame0042_Timestamp = 4.407
Seq_Frame0043_DriverToReference-SequenceTransform =-0.736298 -0.25945 -0.624941 -75.2398 -0.283206 0.956947 -0.0636145 160.848 0.61454 0.130148 -0.778076 127.742 0 0 0 1 
Seq_Frame0043_DriverToReference-SequenceTransformStatus = OK
Seq_Frame0043_Timestamp = 4.512
Seq_Frame0044_DriverToReference-SequenceTransform =-0.726958 -0.24963 -0.639701 -76.9889 -0.287002 0.956766 -0.047208 170.491 0.623829 0.149277 -0.767173 129.039 0 0 0 1 
Seq_Frame0044_DriverToReference-SequenceTransformStatus = OK
Seq_Frame0044_Timestamp = 4.623
Seq_Frame0045_DriverToReference-SequenceTransform =-0.701918 -0.267956 -0.659932 -73.2531 -0.332515 0.942649 -0.0290782 183.16 0.629877 0.199027 -0.750762 121.165 0 0 0 1 
Seq_Frame0045_DriverToReference-SequenceTransformStatus = OK
Seq_Frame0045_Timestamp = 4.723
Seq_Frame0046_DriverToReference-SequenceTransform =-0.635709 -0.271021 -0.722787 -59.53 -0.325744 0.943073 -0.0671208 189.244 0.699832 0.192774 -0.687803 119.499 0 0 0 1 
Seq_Frame0046_DriverToReference-SequenceTransformStatus = OK
Seq_Frame0046_Timestamp = 4.828
Seq_Frame0047_DriverToReference-SequenceTransform =-0.60411 -0.26604 -0.751182 -60.9005 -0.32647 0.942518 -0.0712523 209.334 0.726958 0.202194 -0.656239 114.851 0 0 0 1 
Seq_Frame0047_DriverToReference-SequenceTransformStatus = OK
Seq_Frame0047_Timestamp = 4.932
Seq_Frame0048_DriverToReference-SequenceTransform =-0.546885 -0.273029 -0.791437 -62.6846 -0.348937 0.933642 -0.0809707 211.648 0.761026 0.23188 -0.605865 117.295 0 0 0 1 
Seq_Frame0048_DriverToReference-SequenceTransformStatus = OK
Seq_Frame0048_Timestamp = 5.04
Seq_Frame0049_DriverToReference-SequenceTransform =-0.540254 -0.284973 -0.79178 -56.0924 -0.358904 0.929074 -0.0894961 208.103 0.761126 0.235822 -0.604214 118.908 0 0 0 1 
Seq_Frame0049_DriverToReference-SequenceTransformStatus = OK
Seq_Frame0049_Timestamp = 5.148
Seq_Frame0050_DriverToReference-SequenceTransform =-0.545159 -0.294805 -0.784787 -46.5766 -0.41655 0.907647 -0.0515976 211.638 0.727521 0.298774 -0.617613 116.956 0 0 0 1 
Seq_Frame0050_DriverToReference-SequenceTransformStatus = OK
Seq_Frame0050_Timestamp = 5.249
Seq_Frame0051_DriverToReference-SequenceTransform =-0.551553 -0.322621 -0.769224 -38.8291 -0.438855 0.896463 -0.0613165 218.311 0.709363 0.303759 -0.636031 113.236 0 0 0 1 
Seq_Frame0051_DriverToReference-SequenceTransformStatus = OK
Seq_Frame0051_Timestamp = 5.353
Seq_Frame0052_DriverToReference-SequenceTransform =-0.444735 -0.36206 -0.819221 -40.5115 -0.469879 0.872995 -0.130739 219.315 0.762512 0.326791 -0.558376 117.881 0 0 0 1 
Seq_Frame0052_DriverToReference-SequenceTransformStatus = OK
Seq_Frame0052_Timestamp = 5.465
Seq_Frame0053_DriverToReference-SequenceTransform =-0.205569 -0.365638 -0.907772 -51.8203 -0.449151 0.85937 -0.244431 215.585 0.869485 0.35748 -0.340887 134.939 0 0 0 1 
Seq_Frame0053_DriverToReference-SequenceTransformStatus = OK
Seq_Frame0053_Timestamp = 5.567
Seq_Frame0054_DriverToReference-SequenceTransform =0.129174 -0.320297 -0.938469 -70.2206 -0.493723 0.799978 -0.340988 209.367 0.859972 0.50739 -0.0548021 144.829 0 0 0 1 
Seq_Frame0054_DriverToReference-SequenceTransformStatus = OK
Seq_Frame0054_Timestamp = 5.673
Seq_Frame0055_DriverToReference-SequenceTransform =0.129174 -0.320297 -0.938469 -70.2206 -0.493723 0.799978 -0.340988 209.367 0.859972 0.50739 -0.0548021 144.829 0 0 0 1 
Seq_Frame0055_DriverToReference-SequenceTransformStatus = OK
Seq_Frame0055_Timestamp = 5.774
Seq_Frame0056_DriverToReference-SequenceTransform =0.129174 -0.320297 -0.938469 -70.2206 -0.493723 0.799978 -0.340988 209.367 0.859972 0.50739 -0.0548021 144.829 0 0 0 1 
Seq_Frame0056_DriverToReference-SequenceTransformStatus = OK
Seq_Frame0056_Timestamp = 5.878
Seq_Frame0057_DriverToReference-SequenceTransform =0.129174 -0.320297 -0.938469 -70.2206 -0.493723 0.799978 -0.340988 209.367 0.859972 0.50739 -0.0548021 144.829 0 0 0 1 
Seq_Frame0057_DriverToReference-SequenceTransformStatus = OK
Seq_Frame0057_Timestamp = 5.99
Seq_Frame0058_DriverToReference-SequenceTransform =0.129174 -0.320297 -0.938469 -70.2206 -0.493723 0.799978 -0.340988 209.367 0.859972 0.50739 -0.0548021 144.829 0 0 0 1 
Seq_Frame0058_DriverToReference-SequenceTransformStatus = OK
Seq_Frame0058_Timestamp = 6.1
Seq_Frame0059_DriverToReference-SequenceTransform =0.129174 -0.320297 -0.938469 -70.2206 -0.493723 0.799978 -0.340988 209.367 0.859972 0.50739 -0.0548021 144.829 0 0 0 1 
Seq_Frame0059_DriverToReference-SequenceTransformStatus = OK
Seq_Frame0059_Timestamp = 6.206
Seq_Frame0060_DriverToReference-SequenceTransform =0.129174 -0.320297 -0.938469 -70.2206 -0.493723 0.799978 -0.340988 209.367 0.859972 0.50739 -0.0548021 144.829 0 0 0 1 
Seq_Frame0060_DriverToReference-SequenceTransformStatus = OK
Seq_Frame0060_Timestamp = 6.308
Seq_Frame0061_DriverToReference-SequenceTransform =0.129174 -0.320297 -0.938469 -70.2206 -0.493723 0.799978 -0.340988 209.367 0.859972 0.50739 -0.0548021 144.829 0 0 0 1 
Seq_Frame0061_DriverToReference-SequenceTransformStatus = OK
Seq_Frame0061_Timestamp = 6.412
Seq_Frame0062_DriverToReference-SequenceTransform =0.129174 -0.320297 -0.938469 -70.2206 -0.493723 0.799978 -0.340988 209.367 0.859972 0.50739 -0.0548021 144.829 0 0 0 1 
Seq_Frame0062_DriverToReference-SequenceTransformStatus = OK
Seq_Frame0062_Timestamp = 6.513
Seq_Frame0063_DriverToReference-SequenceTransform =0.129174 -0.320297 -0.938469 -70.2206 -0.493723 0.799978 -0.340988 209.367 0.859972 0.50739 -0.0548021 144.829 0 0 0 1 
Seq_Frame0063_DriverToReference-SequenceTransformStatus = OK
Seq_Frame0063_Timestamp = 6.614
Seq_Frame0064_DriverToReference-SequenceTransform =0.129174 -0.320297 -0.938469 -70.2206 -0.493723 0.799978 -0.340988 209.367 0.859972 0.50739 -0.0548021 144.829 0 0 0 1 
Seq_Frame0064_DriverToReference-SequenceTransformStatus = OK
Seq_Frame0064_Timestamp = 6.725
Seq_Frame0065_DriverToReference-SequenceTransform =0.129174 -0.320297 -0.938469 -70.2206 -0.493723 0.799978 -0.340988 209.367 0.859972 0.50739 -0.0548021 144.829 0 0 0 1 
Seq_Frame0065_DriverToReference-SequenceTransformStatus = OK
Seq_Frame0065_Timestamp = 6.832
Seq_Frame0066_DriverToReference-SequenceTransform =0.129174 -0.320297 -0.938469 -70.2206 -0.493723 0.799978 -0.340988 209.367 0.859972 0.50739 -0.0548021 144.829 0 0 0 1 
Seq_Frame0066_DriverToReference-SequenceTransformStatus = OK
Seq_Frame0066_Timestamp = 6.939
Seq_Frame0067_DriverToReference-SequenceTransform =0.129174 -0.320297 -0.938469 -70.2206 -0.493723 0.799978 -0.340988 209.367 0.859972 0.50739 -0.0548021 144.829 0 0 0 1 
Seq_Frame0067_DriverToReference-SequenceTransformStatus = OK
Seq_Frame0067_Timestamp = 7.046
Seq_Frame0068_DriverToReference-SequenceTransform =0.129174 -0.320297 -0.938469 -70.2206 -0.493723 0.799978 -0.340988 209.367 0.859972 0.50739 -0.0548021 144.829 0 0 0 1 
Seq_Frame0068_DriverToReference-SequenceTransformStatus = OK
Seq_Frame0068_Timestamp = 7.15
Seq_Frame0069_DriverToReference-SequenceTransform =0.129174 -0.320297 -0.938469 -70.2206 -0.493723 0.799978 -0.340988 209.367 0.859972 0.50739 -0.0548021 144.829 0 0 0 1 
Seq_Frame0069_DriverToReference-SequenceTransformStatus = OK
Seq_Frame0069_Timestamp = 7.259
Seq_Frame0070_DriverToReference-SequenceTransform =0.129174 -0.320297 -0.938469 -70.2206 -0.493723 0.799978 -0.340988 209.367 0.859972 0.50739 -0.0548021 144.829 0 0 0 1 
Seq_Frame0070_DriverToReference-SequenceTransformStatus = OK
Seq_Frame0070_Timestamp = 7.366
Seq_Frame0071_DriverToReference-SequenceTransform =0.129174 -0.320297 -0.938469 -70.2206 -0.493723 0.799978 -0.340988 209.367 0.859972 0.50739 -0.0548021 144.829 0 0 0 1 
Seq_Frame0071_DriverToReference-SequenceTransformStatus = OK
Seq_Frame0071_Timestamp = 7.474
Seq_Frame0072_DriverToReference-SequenceTransform =0.129174 -0.320297 -0.938469 -70.2206 -0.493723 0.799978 -0.340988 209.367 0.859972 0.50739 -0.0548021 144.829 0 0 0 1 
Seq_Frame0072_DriverToReference-SequenceTransformStatus = OK
Seq_Frame0072_Timestamp = 7.581
Seq_Frame0073_DriverToReference-SequenceTransform =0.129174 -0.320297 -0.938469 -70.2206 -0.493723 0.799978 -0.340988 209.367 0.859972 0.50739 -0.0548021 144.829 0 0 0 1 
Seq_Frame0073_DriverToReference-SequenceTransformStatus = OK
Seq_Frame0073_Timestamp = 7.702
Seq_Frame0074_DriverToReference-SequenceTransform =0.129174 -0.320297 -0.938469 -70.2206 -0.493723 0.799978 -0.340988 209.367 0.859972 0.50739 -0.0548021 144.829 0 0 0 1 
Seq_Frame0074_DriverToReference-SequenceTransformStatus = OK
Seq_Frame0074_Timestamp = 7.827
Seq_Frame0075_DriverToReference-SequenceTransform =0.129174 -0.320297 -0.938469 -70.2206 -0.493723 0.799978 -0.340988 209.367 0.859972 0.50739 -0.0548021 144.829 0 0 0 1 
Seq_Frame0075_DriverToReference-SequenceTransformStatus = OK
Seq_Frame0075_Timestamp = 7.931
Seq_Frame0076_DriverToReference-SequenceTransform =0.129174 -0.320297 -0.938469 -70.2206 -0.493723 0.799978 -0.340988 209.367 0.859972 0.50739 -0.0548021 144.829 0 0 0 1 
Seq_Frame0076_DriverToReference-SequenceTransformStatus = OK
Seq_Frame0076_Timestamp = 8.041
Seq_Frame0077_DriverToReference-SequenceTransform =0.129174 -0.320297 -0.938469 -70.2206 -0.493723 0.799978 -0.340988 209.367 0.859972 0.50739 -0.0548021 144.829 0 0 0 1 
Seq_Frame0077_DriverToReference-SequenceTransformStatus = OK
Seq_Frame0077_Timestamp = 8.147
Seq_Frame0078_DriverToReference-SequenceTransform =0.129174 -0.320297 -0.938469 -70.2206 -0.493723 0.799978 -0.340988 209.367 0.859972 0.50739 -0.0548021 144.829 0 0 0 1 
Seq_Frame0078_DriverToReference-SequenceTransformStatus = OK
Seq_Frame0078_Timestamp = 8.253
Seq_Frame0079_DriverToReference-SequenceTransform =0.129174 -0.320297 -0.938469 -70.2206 -0.493723 0.799978 -0.340988 209.367 0.859972 0.50739 -0.0548021 144.829 0 0 0 1 
Seq_Frame0079_DriverToReference-SequenceTransformStatus = OK
Seq_Frame0079_Timestamp = 8.361
Seq_Frame0080_DriverToReference-SequenceTransform =-0.420091 -0.458783 -0.78297 67.4968 -0.454365 0.853194 -0.256148 247.07 0.785542 0.248149 -0.566874 208.817 0 0 0 1 
Seq_Frame0080_DriverToReference-SequenceTransformStatus = OK
Seq_Frame0080_Timestamp = 8.468
Seq_Frame0081_DriverToReference-SequenceTransform =-0.599326 -0.399345 -0.693781 69.4993 -0.426274 0.89279 -0.145657 263.25 0.677568 0.208444 -0.705303 213.755 0 0 0 1 
Seq_Frame0081_DriverToReference-SequenceTransformStatus = OK
Seq_Frame0081_Timestamp = 8.578
Seq_Frame0082_DriverToReference-SequenceTransform =-0.707051 -0.360765 -0.608217 75.5217 -0.392666 0.915594 -0.0866121 274.34 0.588126 0.177587 -0.789031 214.424 0 0 0 1 
Seq_Frame0082_DriverToReference-SequenceTransformStatus = OK
Seq_Frame0082_Timestamp = 8.68
Seq_Frame0083_DriverToReference-SequenceTransform =-0.653464 -0.410383 -0.636058 88.5512 -0.494868 0.867454 -0.0512683 289.597 0.572791 0.281263 -0.769936 206.801 0 0 0 1 
Seq_Frame0083_DriverToReference-SequenceTransformStatus = OK
Seq_Frame0083_Timestamp = 8.789
Seq_Frame0084_DriverToReference-SequenceTransform =-0.569508 -0.451621 -0.686804 102.084 -0.55757 0.826176 -0.0809233 306.918 0.603967 0.336854 -0.722324 196.358 0 0 0 1 
Seq_Frame0084_DriverToReference-SequenceTransformStatus = OK
Seq_Frame0084_Timestamp = 8.894
Seq_Frame0085_DriverToReference-SequenceTransform =-0.58786 -0.390777 -0.708317 100.495 -0.527251 0.849148 -0.0308875 312.56 0.613536 0.355303 -0.705218 177.917 0 0 0 1 
Seq_Frame0085_DriverToReference-SequenceTransformStatus = OK
Seq_Frame0085_Timestamp = 9.003
Seq_Frame0086_DriverToReference-SequenceTransform =-0.605165 -0.337581 -0.720981 94.1698 -0.510106 0.85973 0.025618 321.755 0.611201 0.38328 -0.692481 152.148 0 0 0 1 
Seq_Frame0086_DriverToReference-SequenceTransformStatus = OK
Seq_Frame0086_Timestamp = 9.116
Seq_Frame0087_DriverToReference-SequenceTransform =-0.64709 -0.2803 -0.709018 89.9816 -0.385274 0.922708 -0.0131558 288.453 0.657904 0.264653 -0.705068 143.86 0 0 0 1 
Seq_Frame0087_DriverToReference-SequenceTransformStatus = OK
Seq_Frame0087_Timestamp = 9.232
Seq_Frame0088_DriverToReference-SequenceTransform =-0.569173 -0.263973 -0.778692 84.0392 -0.188292 0.963741 -0.189075 231.368 0.800368 0.0390048 -0.598239 160.323 0 0 0 1 
Seq_Frame0088_DriverToReference-SequenceTransformStatus = OK
Seq_Frame0088_Timestamp = 9.336
Seq_Frame0089_DriverToReference-SequenceTransform =-0.531553 -0.244467 -0.810979 90.7375 -0.0809012 0.96772 -0.238689 208.627 0.843153 -0.0612668 -0.534172 164.251 0 0 0 1 
Seq_Frame0089_DriverToReference-SequenceTransformStatus = OK
Seq_Frame0089_Timestamp = 9.448
Seq_Frame0090_DriverToReference-SequenceTransform =-0.521694 -0.227447 -0.822255 88.7147 -0.0489446 0.970199 -0.237316 204.249 0.851728 -0.0835614 -0.517279 162.682 0 0 0 1 
Seq_Frame0090_DriverToReference-SequenceTransformStatus = OK
Seq_Frame0090_Timestamp = 9.55
Seq_Frame0091_DriverToReference-SequenceTransform =-0.515358 -0.225901 -0.826665 92.6806 -0.0229303 0.967921 -0.250207 198.644 0.856668 -0.10999 -0.504006 163.583 0 0 0 1 
Seq_Frame0091_DriverToReference-SequenceTransformStatus = OK
Seq_Frame0091_Timestamp = 9.659
Seq_Frame0092_DriverToReference-SequenceTransform =-0.490828 -0.224499 -0.841836 93.2271 -0.00511364 0.966958 -0.254885 196.541 0.871241 -0.1208 -0.475758 161.314 0 0 0 1 
Seq_Frame0092_DriverToReference-SequenceTransformStatus = OK
Seq_Frame0092_Timestamp = 9.775
Seq_Frame0093_DriverToReference-SequenceTransform =-0.485503 -0.221712 -0.845654 95.156 0.0147609 0.965091 -0.2615 196.399 0.87411 -0.139442 -0.465282 159.577 0 0 0 1 
Seq_Frame0093_DriverToReference-SequenceTransformStatus = OK
Seq_Frame0093_Timestamp = 9.888
Seq_Frame0094_DriverToReference-SequenceTransform =-0.474785 -0.227642 -0.850152 94.6835 0.0262013 0.961886 -0.272193 193.466 0.879712 -0.151508 -0.450724 158.087 0 0 0 1 
Seq_Frame0094_DriverToReference-SequenceTransformStatus = OK
Seq_Frame0094_Timestamp = 9.992
Seq_Frame0095_DriverToReference-SequenceTransform =-0.484487 -0.218993 -0.846944 96.2607 0.0688268 0.955616 -0.286463 192.113 0.872087 -0.19708 -0.447911 155.063 0 0 0 1 
Seq_Frame0095_DriverToReference-SequenceTransformStatus = OK
Seq_Frame0095_Timestamp = 10.099
Seq_Frame0096_DriverToReference-SequenceTransform =-0.472348 -0.217552 -0.854142 95.6663 0.0395213 0.962859 -0.267098 192.595 0.880526 -0.15992 -0.446206 156.235 0 0 0 1 
Seq_Frame0096_DriverToReference-SequenceTransformStatus = OK
Seq_Frame0096_Timestamp = 10.206
Seq_Frame0097_DriverToReference-SequenceTransform =-0.440029 -0.236733 -0.866217 93.6613 -0.0279629 0.967769 -0.250281 194.721 0.897548 -0.0859089 -0.432466 160.207 0 0 0 1 
Seq_Frame0097_DriverToReference-SequenceTransformStatus = OK
Seq_Frame0097_Timestamp = 10.311
Seq_Frame0098_DriverToReference-SequenceTransform =-0.421365 -0.24371 -0.873532 91.2685 -0.103487 0.969845 -0.220661 195.133 0.900967 -0.00257985 -0.433879 164.522 0 0 0 1 
Seq_Frame0098_DriverToReference-SequenceTransformStatus = OK
Seq_Frame0098_Timestamp = 10.417
Seq_Frame0099_DriverToReference-SequenceTransform =-0.36666 -0.285897 -0.885338 88.3336 -0.148028 0.957418 -0.247868 196.265 0.918503 0.0401714 -0.393367 169.898 0 0 0 1 
Seq_Frame0099_DriverToReference-SequenceTransformStatus = OK
Seq_Frame0099_Timestamp = 10.522
Seq_Frame0100_DriverToReference-SequenceTransform =-0.310499 -0.321373 -0.8946 87.5973 -0.141364 0.946263 -0.290867 197.821 0.940003 0.0361503 -0.339244 172.617 0 0 0 1 
Seq_Frame0100_DriverToReference-SequenceTransformStatus = OK
Seq_Frame0100_Timestamp = 10.634
Seq_Frame0101_DriverToReference-SequenceTransform =-0.00981189 -0.403561 -0.9149 84.3856 -0.188538 0.89928 -0.39465 200.4 0.982017 0.168621 -0.0849103 193.444 0 0 0 1 
Seq_Frame0101_DriverToReference-SequenceTransformStatus = OK
Seq_Frame0101_Timestamp = 10.739
Seq_Frame0102_DriverToReference-SequenceTransform =0.461605 -0.200328 0.86417 81.151 -0.847224 0.189184 0.496409 200.443 -0.262931 -0.96129 -0.082395 203.862 0 0 0 1 
Seq_Frame0102_DriverToReference-SequenceTransformStatus = OK
Seq_Frame0102_Timestamp = 10.848
Seq_Frame0103_DriverToReference-SequenceTransform =0.47885 -0.30799 0.822098 76.8508 -0.812193 0.200035 0.548022 199.138 -0.333233 -0.930123 -0.154361 207.474 0 0 0 1 
Seq_Frame0103_DriverToReference-SequenceTransformStatus = OK
Seq_Frame0103_Timestamp = 10.957
Seq_Frame0104_DriverToReference-SequenceTransform =0.484815 -0.357093 0.798397 74.8649 -0.798248 0.192395 0.570775 198.111 -0.357428 -0.91404 -0.191773 215.648 0 0 0 1 
Seq_Frame0104_DriverToReference-SequenceTransformStatus = OK
Seq_Frame0104_Timestamp = 11.065
Seq_Frame0105_DriverToReference-SequenceTransform =0.484815 -0.357093 0.798397 74.8649 -0.798248 0.192395 0.570775 198.111 -0.357428 -0.91404 -0.191773 215.648 0 0 0 1 
Seq_Frame0105_DriverToReference-SequenceTransformStatus = OK
Seq_Frame0105_Timestamp = 11.173
Seq_Frame0106_DriverToReference-SequenceTransform =0.484815 -0.357093 0.798397 74.8649 -0.798248 0.192395 0.570775 198.111 -0.357428 -0.91404 -0.191773 215.648 0 0 0 1 
Seq_Frame0106_DriverToReference-SequenceTransformStatus = OK
Seq_Frame0106_Timestamp = 11.284
Seq_Frame0107_DriverToReference-SequenceTransform =0.484815 -0.357093 0.798397 74.8649 -0.798248 0.192395 0.570775 198.111 -0.357428 -0.91404 -0.191773 215.648 0 0 0 1 
Seq_Frame0107_DriverToReference-SequenceTransformStatus = OK
Seq_Frame0107_Timestamp = 11.392
Seq_Frame0108_DriverToReference-SequenceTransform =0.484815 -0.357093 0.798397 74.8649 -0.798248 0.192395 0.570775 198.111 -0.357428 -0.91404 -0.191773 215.648 0 0 0 1 
Seq_Frame0108_DriverToReference-SequenceTransformStatus = OK
Seq_Frame0108_Timestamp = 11.5
Seq_Frame0109_DriverToReference-SequenceTransform =0.484815 -0.357093 0.798397 74.8649 -0.798248 0.192395 0.570775 198.111 -0.357428 -0.91404 -0.191773 215.648 0 0 0 1 
Seq_Frame0109_DriverToReference-SequenceTransformStatus = OK
Seq_Frame0109_Timestamp = 11.609
Seq_Frame0110_DriverToReference-SequenceTransform =0.484815 -0.357093 0.798397 74.8649 -0.798248 0.192395 0.570775 198.111 -0.357428 -0.91404 -0.191773 215.648 0 0 0 1 
Seq_Frame0110_DriverToReference-SequenceTransformStatus = OK
Seq_Frame0110_Timestamp = 11.716
Seq_Frame0111_DriverToReference-SequenceTransform =0.484815 -0.357093 0.798397 74.8649 -0.798248 0.192395 0.570775 198.111 -0.357428 -0.91404 -0.191773 215.648 0 0 0 1 
Seq_Frame0111_DriverToReference-SequenceTransformStatus = OK
Seq_Frame0111_Timestamp = 11.824
Seq_Frame0112_DriverToReference-SequenceTransform =0.484815 -0.357093 0.798397 74.8649 -0.798248 0.192395 0.570775 198.111 -0.357428 -0.91404 -0.191773 215.648 0 0 0 1 
Seq_Frame0112_DriverToReference-SequenceTransformStatus = OK
Seq_Frame0112_Timestamp = 11.932
Seq_Frame0113_DriverToReference-SequenceTransform =0.484815 -0.357093 0.798397 74.8649 -0.798248 0.192395 0.570775 198.111 -0.357428 -0.91404 -0.191773 215.648 0 0 0 1 
Seq_Frame0113_DriverToReference-SequenceTransformStatus = OK
Seq_Frame0113_Timestamp = 12.038
Seq_Frame0114_DriverToReference-SequenceTransform =0.484815 -0.357093 0.798397 74.8649 -0.798248 0.192395 0.570775 198.111 -0.357428 -0.91404 -0.191773 215.648 0 0 0 1 
Seq_Frame0114_DriverToReference-SequenceTransformStatus = OK
Seq_Frame0114_Timestamp = 12.144
Seq_Frame0115_DriverToReference-SequenceTransform =0.484815 -0.357093 0.798397 74.8649 -0.798248 0.192395 0.570775 198.111 -0.357428 -0.91404 -0.191773 215.648 0 0 0 1 
Seq_Frame0115_DriverToReference-SequenceTransformStatus = OK
Seq_Frame0115_Timestamp = 12.256
Seq_Frame0116_DriverToReference-SequenceTransform =0.484815 -0.357093 0.798397 74.8649 -0.798248 0.192395 0.570775 198.111 -0.357428 -0.91404 -0.191773 215.648 0 0 0 1 
Seq_Frame0116_DriverToReference-SequenceTransformStatus = OK
Seq_Frame0116_Timestamp = 12.368
Seq_Frame0117_DriverToReference-SequenceTransform =0.484815 -0.357093 0.798397 74.8649 -0.798248 0.192395 0.570775 198.111 -0.357428 -0.91404 -0.191773 215.648 0 0 0 1 
Seq_Frame0117_DriverToReference-SequenceTransformStatus = OK
Seq_Frame0117_Timestamp = 12.477
Seq_Frame0118_DriverToReference-SequenceTransform =0.484815 -0.357093 0.798397 74.8649 -0.798248 0.192395 0.570775 198.111 -0.357428 -0.91404 -0.191773 215.648 0 0 0 1 
Seq_Frame0118_DriverToReference-SequenceTransformStatus = OK
Seq_Frame0118_Timestamp = 12.584
Seq_Frame0119_DriverToReference-SequenceTransform =0.484815 -0.357093 0.798397 74.8649 -0.798248 0.192395 0.570775 198.111 -0.357428 -0.91404 -0.191773 215.648 0 0 0 1 
Seq_Frame0119_DriverToReference-SequenceTransformStatus = OK
Seq_Frame0119_Timestamp = 12.691
Seq_Frame0120_DriverToReference-SequenceTransform =0.200555 -0.476985 -0.855724 70.0605 -0.190991 0.837675 -0.511687 203.434 0.960885 0.266057 0.0769003 217.267 0 0 0 1 
Seq_Frame0120_DriverToReference-SequenceTransformStatus = OK
Seq_Frame0120_Timestamp = 12.802
Seq_Frame0121_DriverToReference-SequenceTransform =0.203393 -0.493334 -0.845726 68.4912 -0.144382 0.839226 -0.524265 202.851 0.968393 0.228739 0.0994643 215.273 0 0 0 1 
Seq_Frame0121_DriverToReference-SequenceTransformStatus = OK
Seq_Frame0121_Timestamp = 12.906
Seq_Frame0122_DriverToReference-SequenceTransform =0.184744 -0.431792 -0.882851 72.7041 -0.227043 0.855262 -0.465809 202.807 0.956201 0.2865 0.059969 216.037 0 0 0 1 
Seq_Frame0122_DriverToReference-SequenceTransformStatus = OK
Seq_Frame0122_Timestamp = 13.016
Seq_Frame0123_DriverToReference-SequenceTransform =0.133069 -0.399118 -0.907192 76.3262 -0.25766 0.869929 -0.420518 204.915 0.957029 0.289705 0.0129243 215.744 0 0 0 1 
Seq_Frame0123_DriverToReference-SequenceTransformStatus = OK
Seq_Frame0123_Timestamp = 13.122
Seq_Frame0124_DriverToReference-SequenceTransform =0.133069 -0.399118 -0.907192 76.3262 -0.25766 0.869929 -0.420518 204.915 0.957029 0.289705 0.0129243 215.744 0 0 0 1 
Seq_Frame0124_DriverToReference-SequenceTransformStatus = OK
Seq_Frame0124_Timestamp = 13.225
Seq_Frame0125_DriverToReference-SequenceTransform =0.133069 -0.399118 -0.907192 76.3262 -0.25766 0.869929 -0.420518 204.915 0.957029 0.289705 0.0129243 215.744 0 0 0 1 
Seq_Frame0125_DriverToReference-SequenceTransformStatus = OK
Seq_Frame0125_Timestamp = 13.334
Seq_Frame0126_DriverToReference-SequenceTransform =0.133069 -0.399118 -0.907192 76.3262 -0.25766 0.869929 -0.420518 204.915 0.957029 0.289705 0.0129243 215.744 0 0 0 1 
Seq_Frame0126_DriverToReference-SequenceTransformStatus = OK
Seq_Frame0126_Timestamp = 13.44
Seq_Frame0127_DriverToReference-SequenceTransform =0.133069 -0.399118 -0.907192 76.3262 -0.25766 0.869929 -0.420518 204.915 0.957029 0.289705 0.0129243 215.744 0 0 0 1 
Seq_Frame0127_DriverToReference-SequenceTransformStatus = OK
Seq_Frame0127_Timestamp = 13.548
Seq_Frame0128_DriverToReference-SequenceTransform =-0.485368 -0.185413 -0.854424 98.7795 -0.269591 0.961376 -0.0554773 215.986 0.831709 0.203418 -0.516606 204.655 0 0 0 1 
Seq_Frame0128_DriverToReference-SequenceTransformStatus = OK
Seq_Frame0128_Timestamp = 13.656
Seq_Frame0129_DriverToReference-SequenceTransform =-0.508475 -0.232265 -0.82916 94.7682 -0.290126 0.952842 -0.0889941 216.119 0.810728 0.19531 -0.551882 204.444 0 0 0 1 
Seq_Frame0129_DriverToReference-SequenceTransformStatus = OK
Seq_Frame0129_Timestamp = 13.767
Seq_Frame0130_DriverToReference-SequenceTransform =-0.494033 -0.294356 -0.818099 90.2695 -0.31491 0.937638 -0.147199 214.694 0.810409 0.184906 -0.555919 204.189 0 0 0 1 
Seq_Frame0130_DriverToReference-SequenceTransformStatus = OK
Seq_Frame0130_Timestamp = 13.873
Seq_Frame0131_DriverToReference-SequenceTransform =-0.413994 -0.336856 -0.845658 86.1014 -0.339905 0.919018 -0.199676 212.599 0.844437 0.204779 -0.494967 205.04 0 0 0 1 
Seq_Frame0131_DriverToReference-SequenceTransformStatus = OK
Seq_Frame0131_Timestamp = 13.982
Seq_Frame0132_DriverToReference-SequenceTransform =-0.320178 -0.360668 -0.876016 83.8592 -0.332614 0.908625 -0.252525 211.307 0.887048 0.210523 -0.410885 205.783 0 0 0 1 
Seq_Frame0132_DriverToReference-SequenceTransformStatus = OK
Seq_Frame0132_Timestamp = 14.091
Seq_Frame0133_DriverToReference-SequenceTransform =-0.304976 -0.347628 -0.886648 83.9169 -0.331589 0.911507 -0.243319 210.976 0.89277 0.219796 -0.393258 206.432 0 0 0 1 
Seq_Frame0133_DriverToReference-SequenceTransformStatus = OK
Seq_Frame0133_Timestamp = 14.194
Seq_Frame0134_DriverToReference-SequenceTransform =-0.679072 -0.184218 -0.710581 99.1636 -0.298489 0.953655 0.0380184 215.039 0.670646 0.237918 -0.702587 204.507 0 0 0 1 
Seq_Frame0134_DriverToReference-SequenceTransformStatus = OK
Seq_Frame0134_Timestamp = 14.303
Seq_Frame0135_DriverToReference-SequenceTransform =-0.73128 -0.200901 -0.65182 102.145 -0.263675 0.96461 -0.00148984 215.572 0.629051 0.170779 -0.758373 203.432 0 0 0 1 
Seq_Frame0135_DriverToReference-SequenceTransformStatus = OK
Seq_Frame0135_Timestamp = 14.408
Seq_Frame0136_DriverToReference-SequenceTransform =-0.879447 -0.120046 -0.46061 111.167 -0.186724 0.977118 0.101854 216.617 0.437843 0.175583 -0.881739 204.643 0 0 0 1 
Seq_Frame0136_DriverToReference-SequenceTransformStatus = OK
Seq_Frame0136_Timestamp = 14.514
Seq_Frame0137_DriverToReference-SequenceTransform =-0.960649 -0.0692419 -0.268997 117.288 -0.117412 0.978884 0.167331 216.22 0.25173 0.19233 -0.948494 205.607 0 0 0 1 
Seq_Frame0137_DriverToReference-SequenceTransformStatus = OK
Seq_Frame0137_Timestamp = 14.622
Seq_Frame0138_DriverToReference-SequenceTransform =-0.967786 -0.0982796 -0.231801 115.43 -0.135663 0.979139 0.151266 216.385 0.212099 0.17784 -0.96093 204.189 0 0 0 1 
Seq_Frame0138_DriverToReference-SequenceTransformStatus = OK
Seq_Frame0138_Timestamp = 14.732
Seq_Frame0139_DriverToReference-SequenceTransform =-0.914657 -0.158084 -0.372037 109.615 -0.206715 0.973835 0.0944143 216.82 0.347377 0.163262 -0.923404 203.296 0 0 0 1 
Seq_Frame0139_DriverToReference-SequenceTransformStatus = OK
Seq_Frame0139_Timestamp = 14.84
Seq_Frame0140_DriverToReference-SequenceTransform =-0.728045 -0.310997 -0.610926 94.6424 -0.324486 0.941356 -0.0925132 215.904 0.60387 0.130883 -0.786263 201.116 0 0 0 1 
Seq_Frame0140_DriverToReference-SequenceTransformStatus = OK
Seq_Frame0140_Timestamp = 14.948
Seq_Frame0141_DriverToReference-SequenceTransform =-0.493809 -0.334784 -0.802541 85.4304 -0.358957 0.919093 -0.162535 213.271 0.792024 0.207817 -0.57403 205.312 0 0 0 1 
Seq_Frame0141_DriverToReference-SequenceTransformStatus = OK
Seq_Frame0141_Timestamp = 15.052
Seq_Frame0142_DriverToReference-SequenceTransform =-0.294957 -0.38019 -0.876616 82.9808 -0.296361 0.908589 -0.29434 213.019 0.908389 0.172977 -0.380668 205.753 0 0 0 1 
Seq_Frame0142_DriverToReference-SequenceTransformStatus = OK
Seq_Frame0142_Timestamp = 15.161
Seq_Frame0143_DriverToReference-SequenceTransform =0.187854 -0.430949 -0.882606 72.6845 -0.211675 0.859725 -0.46483 207.394 0.959117 0.274145 0.0702818 216.126 0 0 0 1 
Seq_Frame0143_DriverToReference-SequenceTransformStatus = OK
Seq_Frame0143_Timestamp = 15.274
Seq_Frame0144_DriverToReference-SequenceTransform =0.212386 -0.441363 -0.871832 72.3312 -0.173048 0.861098 -0.478085 206.723 0.961742 0.252407 0.106508 215.892 0 0 0 1 
Seq_Frame0144_DriverToReference-SequenceTransformStatus = OK
Seq_Frame0144_Timestamp = 15.379
Seq_Frame0145_DriverToReference-SequenceTransform =0.212386 -0.441363 -0.871832 72.3312 -0.173048 0.861098 -0.478085 206.723 0.961742 0.252407 0.106508 215.892 0 0 0 1 
Seq_Frame0145_DriverToReference-SequenceTransformStatus = OK
Seq_Frame0145_Timestamp = 15.49
Seq_Frame0146_DriverToReference-SequenceTransform =0.212386 -0.441363 -0.871832 72.3312 -0.173048 0.861098 -0.478085 206.723 0.961742 0.252407 0.106508 215.892 0 0 0 1 
Seq_Frame0146_DriverToReference-SequenceTransformStatus = OK
Seq_Frame0146_Timestamp = 15.598
Seq_Frame0147_DriverToReference-SequenceTransform =0.212386 -0.441363 -0.871832 72.3312 -0.173048 0.861098 -0.478085 206.723 0.961742 0.252407 0.106508 215.892 0 0 0 1 
Seq_Frame0147_DriverToReference-SequenceTransformStatus = OK
Seq_Frame0147_Timestamp = 15.749
Seq_Frame0148_DriverToReference-SequenceTransform =0.212386 -0.441363 -0.871832 72.3312 -0.173048 0.861098 -0.478085 206.723 0.961742 0.252407 0.106508 215.892 0 0 0 1 
Seq_Frame0148_DriverToReference-SequenceTransformStatus = OK
Seq_Frame0148_Timestamp = 15.854
Seq_Frame0149_DriverToReference-SequenceTransform =0.212386 -0.441363 -0.871832 72.3312 -0.173048 0.861098 -0.478085 206.723 0.961742 0.252407 0.106508 215.892 0 0 0 1 
Seq_Frame0149_DriverToReference-SequenceTransformStatus = OK
Seq_Frame0149_Timestamp = 15.962
Seq_Frame0150_DriverToReference-SequenceTransform =0.212386 -0.441363 -0.871832 72.3312 -0.173048 0.861098 -0.478085 206.723 0.961742 0.252407 0.106508 215.892 0 0 0 1 
Seq_Frame0150_DriverToReference-SequenceTransformStatus = OK
Seq_Frame0150_Timestamp = 16.071
