ObjectType = Image
NDims = 3
AnatomicalOrientation = RAI
BinaryData = True
CompressedData = False
DimSize = 0 0 1378
ElementSpacing = 1 1 1
Offset = 0 0 0
TransformMatrix = 1 0 0 0 1 0 0 0 1
ElementType = MET_UCHAR
Kinds = domain domain list
Seq_Frame0000_ForcepToReference-SequenceTransform =0.653733 -0.0956945 -0.75065 66.5071 0.500224 -0.68968 0.523562 -0.994537 -0.567811 -0.717763 -0.402998 -2.85362 0 0 0 1 
Seq_Frame0000_ForcepToReference-SequenceTransformStatus = OK
Seq_Frame0000_Timestamp = 0.000999928
Seq_Frame0001_ForcepToReference-SequenceTransform =0.653311 -0.0959353 -0.750987 66.5004 0.501591 -0.688155 0.524261 -0.999677 -0.56709 -0.719194 -0.401459 -2.92922 0 0 0 1 
Seq_Frame0001_ForcepToReference-SequenceTransformStatus = OK
Seq_Frame0001_Timestamp = 0.103
Seq_Frame0002_ForcepToReference-SequenceTransform =0.654638 -0.0954835 -0.749888 66.5119 0.500746 -0.688366 0.524791 -1.00179 -0.566307 -0.719052 -0.402817 -2.90357 0 0 0 1 
Seq_Frame0002_ForcepToReference-SequenceTransformStatus = OK
Seq_Frame0002_Timestamp = 0.203
Seq_Frame0003_ForcepToReference-SequenceTransform =0.654535 -0.0955399 -0.74997 66.5095 0.498882 -0.690776 0.523397 -1.00305 -0.568067 -0.716729 -0.404474 -2.85773 0 0 0 1 
Seq_Frame0003_ForcepToReference-SequenceTransformStatus = OK
Seq_Frame0003_Timestamp = 0.313
Seq_Frame0004_ForcepToReference-SequenceTransform =0.666554 -0.0904565 -0.739948 66.5626 0.487028 -0.698638 0.524127 -1.01468 -0.564367 -0.709734 -0.421625 -2.32131 0 0 0 1 
Seq_Frame0004_ForcepToReference-SequenceTransformStatus = OK
Seq_Frame0004_Timestamp = 0.413
Seq_Frame0005_ForcepToReference-SequenceTransform =0.652843 -0.0965524 -0.751315 66.514 0.502737 -0.686684 0.525091 -1.02144 -0.566615 -0.720516 -0.399756 -2.78251 0 0 0 1 
Seq_Frame0005_ForcepToReference-SequenceTransformStatus = OK
Seq_Frame0005_Timestamp = 0.515
Seq_Frame0006_ForcepToReference-SequenceTransform =0.652927 -0.0962721 -0.751277 66.5133 0.502573 -0.687012 0.524818 -1.03626 -0.566662 -0.72024 -0.400185 -2.79478 0 0 0 1 
Seq_Frame0006_ForcepToReference-SequenceTransformStatus = OK
Seq_Frame0006_Timestamp = 0.618
Seq_Frame0007_ForcepToReference-SequenceTransform =0.653634 -0.0966934 -0.750608 66.5006 0.501455 -0.68751 0.525236 -1.04814 -0.566837 -0.719709 -0.400893 -2.86667 0 0 0 1 
Seq_Frame0007_ForcepToReference-SequenceTransformStatus = OK
Seq_Frame0007_Timestamp = 0.719
Seq_Frame0008_ForcepToReference-SequenceTransform =0.652785 -0.0967178 -0.751344 66.5075 0.501722 -0.687908 0.524459 -1.0375 -0.56758 -0.719325 -0.400531 -2.87671 0 0 0 1 
Seq_Frame0008_ForcepToReference-SequenceTransformStatus = OK
Seq_Frame0008_Timestamp = 0.823
Seq_Frame0009_ForcepToReference-SequenceTransform =0.652612 -0.0964357 -0.75153 66.5249 0.504209 -0.685095 0.525755 -1.05731 -0.565571 -0.722042 -0.398478 -2.7336 0 0 0 1 
Seq_Frame0009_ForcepToReference-SequenceTransformStatus = OK
Seq_Frame0009_Timestamp = 0.927
Seq_Frame0010_ForcepToReference-SequenceTransform =0.651964 -0.0965957 -0.752072 66.5161 0.503933 -0.685912 0.524953 -1.0451 -0.566564 -0.721244 -0.398512 -2.78705 0 0 0 1 
Seq_Frame0010_ForcepToReference-SequenceTransformStatus = OK
Seq_Frame0010_Timestamp = 1.033
Seq_Frame0011_ForcepToReference-SequenceTransform =0.653685 -0.096001 -0.750652 66.5294 0.503003 -0.68598 0.525757 -1.04536 -0.565405 -0.72126 -0.400126 -2.81117 0 0 0 1 
Seq_Frame0011_ForcepToReference-SequenceTransformStatus = OK
Seq_Frame0011_Timestamp = 1.135
Seq_Frame0012_ForcepToReference-SequenceTransform =0.655653 -0.0957904 -0.748961 66.5009 0.500935 -0.687005 0.526393 -1.0198 -0.564963 -0.720312 -0.402452 -2.95642 0 0 0 1 
Seq_Frame0012_ForcepToReference-SequenceTransformStatus = OK
Seq_Frame0012_Timestamp = 1.237
Seq_Frame0013_ForcepToReference-SequenceTransform =0.650619 -0.095966 -0.753316 66.484 0.500446 -0.691932 0.520368 -0.86722 -0.571181 -0.715556 -0.402159 -2.97058 0 0 0 1 
Seq_Frame0013_ForcepToReference-SequenceTransformStatus = OK
Seq_Frame0013_Timestamp = 1.338
Seq_Frame0014_ForcepToReference-SequenceTransform =0.657376 -0.0956758 -0.747464 66.5112 0.501493 -0.684817 0.528707 -1.15439 -0.562461 -0.722407 -0.402201 -2.9237 0 0 0 1 
Seq_Frame0014_ForcepToReference-SequenceTransformStatus = OK
Seq_Frame0014_Timestamp = 1.448
Seq_Frame0015_ForcepToReference-SequenceTransform =0.655495 -0.0957331 -0.749107 66.5111 0.500866 -0.687274 0.526106 -1.05559 -0.565208 -0.720062 -0.402555 -2.82458 0 0 0 1 
Seq_Frame0015_ForcepToReference-SequenceTransformStatus = OK
Seq_Frame0015_Timestamp = 1.548
Seq_Frame0016_ForcepToReference-SequenceTransform =0.655339 -0.0960102 -0.749208 66.4767 0.501634 -0.686239 0.526725 -1.09526 -0.564707 -0.721012 -0.401557 -2.9306 0 0 0 1 
Seq_Frame0016_ForcepToReference-SequenceTransformStatus = OK
Seq_Frame0016_Timestamp = 1.653
Seq_Frame0017_ForcepToReference-SequenceTransform =0.652734 -0.0956383 -0.751526 66.5197 0.501522 -0.688958 0.52327 -0.979973 -0.567815 -0.718463 -0.401742 -2.873 0 0 0 1 
Seq_Frame0017_ForcepToReference-SequenceTransformStatus = OK
Seq_Frame0017_Timestamp = 1.759
Seq_Frame0018_ForcepToReference-SequenceTransform =0.652898 -0.0951024 -0.751451 66.4897 0.501045 -0.68979 0.522632 -0.950349 -0.568047 -0.717737 -0.402712 -2.97937 0 0 0 1 
Seq_Frame0018_ForcepToReference-SequenceTransformStatus = OK
Seq_Frame0018_Timestamp = 1.868
Seq_Frame0019_ForcepToReference-SequenceTransform =0.653948 -0.0955383 -0.750483 66.5124 0.500542 -0.689198 0.523893 -0.992016 -0.567283 -0.718247 -0.402879 -2.88031 0 0 0 1 
Seq_Frame0019_ForcepToReference-SequenceTransformStatus = OK
Seq_Frame0019_Timestamp = 1.974
Seq_Frame0020_ForcepToReference-SequenceTransform =0.654066 -0.0957871 -0.750348 66.5148 0.500548 -0.688912 0.524263 -1.01767 -0.567142 -0.718488 -0.402648 -2.84741 0 0 0 1 
Seq_Frame0020_ForcepToReference-SequenceTransformStatus = OK
Seq_Frame0020_Timestamp = 2.078
Seq_Frame0021_ForcepToReference-SequenceTransform =0.653429 -0.0958616 -0.750893 66.5089 0.500895 -0.688983 0.523838 -1.00174 -0.567569 -0.71841 -0.402185 -2.88084 0 0 0 1 
Seq_Frame0021_ForcepToReference-SequenceTransformStatus = OK
Seq_Frame0021_Timestamp = 2.184
Seq_Frame0022_ForcepToReference-SequenceTransform =0.653168 -0.0959432 -0.75111 66.5092 0.501273 -0.688678 0.523877 -0.979083 -0.567536 -0.718691 -0.401729 -2.92802 0 0 0 1 
Seq_Frame0022_ForcepToReference-SequenceTransformStatus = OK
Seq_Frame0022_Timestamp = 2.298
Seq_Frame0023_ForcepToReference-SequenceTransform =0.653737 -0.0956175 -0.750656 66.5126 0.500743 -0.689074 0.523864 -0.9837 -0.567348 -0.718356 -0.402593 -2.89956 0 0 0 1 
Seq_Frame0023_ForcepToReference-SequenceTransformStatus = OK
Seq_Frame0023_Timestamp = 2.406
Seq_Frame0024_ForcepToReference-SequenceTransform =0.652975 -0.0960802 -0.75126 66.5074 0.501077 -0.689001 0.523641 -0.979139 -0.567931 -0.718364 -0.401757 -2.91855 0 0 0 1 
Seq_Frame0024_ForcepToReference-SequenceTransformStatus = OK
Seq_Frame0024_Timestamp = 2.523
Seq_Frame0025_ForcepToReference-SequenceTransform =0.652981 -0.0958604 -0.751284 66.5094 0.501092 -0.68913 0.523456 -0.974047 -0.567911 -0.718269 -0.401954 -2.89991 0 0 0 1 
Seq_Frame0025_ForcepToReference-SequenceTransformStatus = OK
Seq_Frame0025_Timestamp = 2.624
Seq_Frame0026_ForcepToReference-SequenceTransform =0.65327 -0.0958596 -0.751032 66.5065 0.501581 -0.688256 0.524137 -0.985442 -0.567146 -0.719107 -0.401536 -2.93831 0 0 0 1 
Seq_Frame0026_ForcepToReference-SequenceTransformStatus = OK
Seq_Frame0026_Timestamp = 2.732
Seq_Frame0027_ForcepToReference-SequenceTransform =0.653868 -0.0956888 -0.750534 66.5159 0.50073 -0.688926 0.524072 -1.01528 -0.56721 -0.718488 -0.402552 -2.86207 0 0 0 1 
Seq_Frame0027_ForcepToReference-SequenceTransformStatus = OK
Seq_Frame0027_Timestamp = 2.833
Seq_Frame0028_ForcepToReference-SequenceTransform =0.654117 -0.0958436 -0.750296 66.5135 0.500449 -0.688952 0.524305 -1.00587 -0.567169 -0.718442 -0.40269 -2.8668 0 0 0 1 
Seq_Frame0028_ForcepToReference-SequenceTransformStatus = OK
Seq_Frame0028_Timestamp = 2.933
Seq_Frame0029_ForcepToReference-SequenceTransform =0.653588 -0.0955867 -0.75079 66.5003 0.501116 -0.688754 0.523928 -0.985261 -0.56719 -0.718666 -0.402262 -2.95139 0 0 0 1 
Seq_Frame0029_ForcepToReference-SequenceTransformStatus = OK
Seq_Frame0029_Timestamp = 3.039
Seq_Frame0030_ForcepToReference-SequenceTransform =0.653587 -0.093951 -0.750998 66.5155 0.498943 -0.692636 0.520876 -0.866321 -0.569105 -0.715142 -0.405822 -3.12204 0 0 0 1 
Seq_Frame0030_ForcepToReference-SequenceTransformStatus = OK
Seq_Frame0030_Timestamp = 3.148
Seq_Frame0031_ForcepToReference-SequenceTransform =0.653719 -0.0951045 -0.750737 66.5099 0.500559 -0.689681 0.523241 -0.970136 -0.567532 -0.717841 -0.403252 -2.95495 0 0 0 1 
Seq_Frame0031_ForcepToReference-SequenceTransformStatus = OK
Seq_Frame0031_Timestamp = 3.249
Seq_Frame0032_ForcepToReference-SequenceTransform =0.654281 -0.0964281 -0.750079 66.5277 0.501158 -0.687499 0.525534 -1.06703 -0.566355 -0.719755 -0.401492 -2.80756 0 0 0 1 
Seq_Frame0032_ForcepToReference-SequenceTransformStatus = OK
Seq_Frame0032_Timestamp = 3.358
Seq_Frame0033_ForcepToReference-SequenceTransform =0.654119 -0.0955198 -0.750336 66.5181 0.500854 -0.688663 0.524298 -0.997308 -0.566809 -0.718762 -0.402626 -2.87064 0 0 0 1 
Seq_Frame0033_ForcepToReference-SequenceTransformStatus = OK
Seq_Frame0033_Timestamp = 3.465
Seq_Frame0034_ForcepToReference-SequenceTransform =0.653582 -0.0958941 -0.750756 66.513 0.501045 -0.688635 0.524152 -1.01614 -0.56726 -0.718739 -0.402032 -2.85979 0 0 0 1 
Seq_Frame0034_ForcepToReference-SequenceTransformStatus = OK
Seq_Frame0034_Timestamp = 3.567
Seq_Frame0035_ForcepToReference-SequenceTransform =0.653656 -0.0964688 -0.750619 66.5111 0.501923 -0.687055 0.525385 -1.03363 -0.566399 -0.720173 -0.400677 -2.8972 0 0 0 1 
Seq_Frame0035_ForcepToReference-SequenceTransformStatus = OK
Seq_Frame0035_Timestamp = 3.668
Seq_Frame0036_ForcepToReference-SequenceTransform =0.653894 -0.095963 -0.750476 66.5174 0.501166 -0.688158 0.524663 -1.01465 -0.566794 -0.719187 -0.401889 -2.84647 0 0 0 1 
Seq_Frame0036_ForcepToReference-SequenceTransformStatus = OK
Seq_Frame0036_Timestamp = 3.772
Seq_Frame0037_ForcepToReference-SequenceTransform =0.654109 -0.0959515 -0.750289 66.5132 0.501427 -0.687643 0.525088 -1.024 -0.566315 -0.71968 -0.401681 -2.87665 0 0 0 1 
Seq_Frame0037_ForcepToReference-SequenceTransformStatus = OK
Seq_Frame0037_Timestamp = 3.873
Seq_Frame0038_ForcepToReference-SequenceTransform =0.653844 -0.0986313 -0.750173 66.5464 0.50296 -0.684045 0.528312 -1.16414 -0.565261 -0.72274 -0.397651 -2.7161 0 0 0 1 
Seq_Frame0038_ForcepToReference-SequenceTransformStatus = OK
Seq_Frame0038_Timestamp = 3.983
Seq_Frame0039_ForcepToReference-SequenceTransform =0.65397 -0.0989706 -0.750019 66.5688 0.50353 -0.682963 0.529168 -1.21554 -0.564607 -0.723717 -0.396802 -2.66835 0 0 0 1 
Seq_Frame0039_ForcepToReference-SequenceTransformStatus = OK
Seq_Frame0039_Timestamp = 4.088
Seq_Frame0040_ForcepToReference-SequenceTransform =0.654403 -0.0981147 -0.749754 66.5565 0.503042 -0.6838 0.528551 -1.18456 -0.56454 -0.723043 -0.398125 -2.61906 0 0 0 1 
Seq_Frame0040_ForcepToReference-SequenceTransformStatus = OK
Seq_Frame0040_Timestamp = 4.199
Seq_Frame0041_ForcepToReference-SequenceTransform =0.653162 -0.0991767 -0.750695 66.578 0.504392 -0.682443 0.529019 -1.18558 -0.564773 -0.724179 -0.395722 -2.59102 0 0 0 1 
Seq_Frame0041_ForcepToReference-SequenceTransformStatus = OK
Seq_Frame0041_Timestamp = 4.303
Seq_Frame0042_ForcepToReference-SequenceTransform =0.654651 -0.0978159 -0.749576 66.5538 0.502452 -0.684542 0.528151 -1.14665 -0.564778 -0.722381 -0.398988 -2.7168 0 0 0 1 
Seq_Frame0042_ForcepToReference-SequenceTransformStatus = OK
Seq_Frame0042_Timestamp = 4.407
Seq_Frame0043_ForcepToReference-SequenceTransform =0.653805 -0.0952461 -0.750644 66.5078 0.501502 -0.688311 0.524141 -1.02286 -0.566599 -0.719136 -0.402255 -2.92061 0 0 0 1 
Seq_Frame0043_ForcepToReference-SequenceTransformStatus = OK
Seq_Frame0043_Timestamp = 4.512
Seq_Frame0044_ForcepToReference-SequenceTransform =0.654043 -0.0961615 -0.75032 66.5116 0.501609 -0.687324 0.525333 -1.02737 -0.56623 -0.719958 -0.401304 -2.87355 0 0 0 1 
Seq_Frame0044_ForcepToReference-SequenceTransformStatus = OK
Seq_Frame0044_Timestamp = 4.623
Seq_Frame0045_ForcepToReference-SequenceTransform =0.653796 -0.0941534 -0.75079 66.5264 0.499063 -0.692162 0.521391 -0.895973 -0.568759 -0.715575 -0.405544 -3.04267 0 0 0 1 
Seq_Frame0045_ForcepToReference-SequenceTransformStatus = OK
Seq_Frame0045_Timestamp = 4.723
Seq_Frame0046_ForcepToReference-SequenceTransform =0.65403 -0.094883 -0.750494 66.4997 0.500158 -0.690068 0.523114 -0.953233 -0.567527 -0.717498 -0.403869 -3.01255 0 0 0 1 
Seq_Frame0046_ForcepToReference-SequenceTransformStatus = OK
Seq_Frame0046_Timestamp = 4.828
Seq_Frame0047_ForcepToReference-SequenceTransform =0.654469 -0.0954382 -0.750042 66.5228 0.50014 -0.689316 0.524122 -1.0057 -0.567037 -0.718147 -0.403403 -2.88064 0 0 0 1 
Seq_Frame0047_ForcepToReference-SequenceTransformStatus = OK
Seq_Frame0047_Timestamp = 4.932
Seq_Frame0048_ForcepToReference-SequenceTransform =0.653727 -0.0954894 -0.750682 66.5227 0.500168 -0.6899 0.523326 -0.965542 -0.567868 -0.717579 -0.403245 -2.97546 0 0 0 1 
Seq_Frame0048_ForcepToReference-SequenceTransformStatus = OK
Seq_Frame0048_Timestamp = 5.04
Seq_Frame0049_ForcepToReference-SequenceTransform =0.654612 -0.0953333 -0.74993 66.5074 0.500005 -0.689433 0.524096 -0.988383 -0.56699 -0.718048 -0.403644 -2.95582 0 0 0 1 
Seq_Frame0049_ForcepToReference-SequenceTransformStatus = OK
Seq_Frame0049_Timestamp = 5.148
Seq_Frame0050_ForcepToReference-SequenceTransform =0.653815 -0.0950518 -0.75066 66.5029 0.50041 -0.689822 0.523198 -0.954436 -0.567553 -0.717712 -0.403451 -3.02797 0 0 0 1 
Seq_Frame0050_ForcepToReference-SequenceTransformStatus = OK
Seq_Frame0050_Timestamp = 5.249
Seq_Frame0051_ForcepToReference-SequenceTransform =0.65408 -0.0943936 -0.750513 66.4996 0.500013 -0.690548 0.522618 -0.930855 -0.567597 -0.7171 -0.404476 -3.03041 0 0 0 1 
Seq_Frame0051_ForcepToReference-SequenceTransformStatus = OK
Seq_Frame0051_Timestamp = 5.353
Seq_Frame0052_ForcepToReference-SequenceTransform =0.654775 -0.0944788 -0.749896 66.5019 0.499371 -0.690688 0.523048 -0.951902 -0.567361 -0.716954 -0.405065 -3.00302 0 0 0 1 
Seq_Frame0052_ForcepToReference-SequenceTransformStatus = OK
Seq_Frame0052_Timestamp = 5.465
Seq_Frame0053_ForcepToReference-SequenceTransform =0.653867 -0.0943635 -0.750702 66.4843 0.499637 -0.691231 0.522075 -0.908156 -0.568173 -0.716446 -0.404825 -3.06143 0 0 0 1 
Seq_Frame0053_ForcepToReference-SequenceTransformStatus = OK
Seq_Frame0053_Timestamp = 5.567
Seq_Frame0054_ForcepToReference-SequenceTransform =0.654319 -0.097076 -0.749962 66.537 0.50291 -0.684776 0.527412 -1.14709 -0.564755 -0.722259 -0.399241 -2.68889 0 0 0 1 
Seq_Frame0054_ForcepToReference-SequenceTransformStatus = OK
Seq_Frame0054_Timestamp = 5.673
Seq_Frame0055_ForcepToReference-SequenceTransform =0.653988 -0.0957887 -0.750416 66.5092 0.501311 -0.688012 0.524716 -1.02599 -0.566557 -0.71935 -0.401932 -2.85893 0 0 0 1 
Seq_Frame0055_ForcepToReference-SequenceTransformStatus = OK
Seq_Frame0055_Timestamp = 5.774
Seq_Frame0056_ForcepToReference-SequenceTransform =0.653328 -0.0961702 -0.750942 66.5149 0.501793 -0.687719 0.52464 -1.01473 -0.566891 -0.719579 -0.401049 -2.87883 0 0 0 1 
Seq_Frame0056_ForcepToReference-SequenceTransformStatus = OK
Seq_Frame0056_Timestamp = 5.878
Seq_Frame0057_ForcepToReference-SequenceTransform =0.65377 -0.0964314 -0.750524 66.5187 0.502112 -0.686739 0.525618 -1.05016 -0.5661 -0.72048 -0.40055 -2.83093 0 0 0 1 
Seq_Frame0057_ForcepToReference-SequenceTransformStatus = OK
Seq_Frame0057_Timestamp = 5.99
Seq_Frame0058_ForcepToReference-SequenceTransform =0.65427 -0.0959662 -0.750148 66.5109 0.501484 -0.687418 0.525329 -1.04592 -0.566079 -0.719894 -0.401631 -2.85155 0 0 0 1 
Seq_Frame0058_ForcepToReference-SequenceTransformStatus = OK
Seq_Frame0058_Timestamp = 6.1
Seq_Frame0059_ForcepToReference-SequenceTransform =0.654369 -0.0959582 -0.750062 66.5196 0.501024 -0.68792 0.525111 -1.05604 -0.566372 -0.719415 -0.402076 -2.80046 0 0 0 1 
Seq_Frame0059_ForcepToReference-SequenceTransformStatus = OK
Seq_Frame0059_Timestamp = 6.206
Seq_Frame0060_ForcepToReference-SequenceTransform =0.653402 -0.0962763 -0.750864 66.5086 0.501622 -0.687797 0.524701 -1.02068 -0.566958 -0.719491 -0.401113 -2.85885 0 0 0 1 
Seq_Frame0060_ForcepToReference-SequenceTransformStatus = OK
Seq_Frame0060_Timestamp = 6.308
Seq_Frame0061_ForcepToReference-SequenceTransform =0.653562 -0.0963148 -0.75072 66.5159 0.501973 -0.687182 0.525171 -1.03459 -0.566463 -0.720073 -0.400768 -2.8532 0 0 0 1 
Seq_Frame0061_ForcepToReference-SequenceTransformStatus = OK
Seq_Frame0061_Timestamp = 6.412
Seq_Frame0062_ForcepToReference-SequenceTransform =0.654195 -0.0964172 -0.750155 66.5172 0.501084 -0.687676 0.525373 -1.05186 -0.566518 -0.719587 -0.401561 -2.83495 0 0 0 1 
Seq_Frame0062_ForcepToReference-SequenceTransformStatus = OK
Seq_Frame0062_Timestamp = 6.513
Seq_Frame0063_ForcepToReference-SequenceTransform =0.653925 -0.0947786 -0.7506 66.5083 0.501538 -0.688486 0.523877 -1.01969 -0.56643 -0.71903 -0.402683 -2.94086 0 0 0 1 
Seq_Frame0063_ForcepToReference-SequenceTransformStatus = OK
Seq_Frame0063_Timestamp = 6.614
Seq_Frame0064_ForcepToReference-SequenceTransform =0.653232 -0.094328 -0.75126 66.477 0.500893 -0.690227 0.522199 -0.941213 -0.567798 -0.717418 -0.40363 -2.99594 0 0 0 1 
Seq_Frame0064_ForcepToReference-SequenceTransformStatus = OK
Seq_Frame0064_Timestamp = 6.725
Seq_Frame0065_ForcepToReference-SequenceTransform =0.669476 -0.089194 -0.737459 66.603 0.48717 -0.696731 0.526528 -1.06891 -0.560774 -0.711766 -0.422992 -2.26281 0 0 0 1 
Seq_Frame0065_ForcepToReference-SequenceTransformStatus = OK
Seq_Frame0065_Timestamp = 6.832
Seq_Frame0066_ForcepToReference-SequenceTransform =0.65416 -0.0961692 -0.750217 66.5146 0.501677 -0.687127 0.525525 -1.05024 -0.566034 -0.720144 -0.401245 -2.86346 0 0 0 1 
Seq_Frame0066_ForcepToReference-SequenceTransformStatus = OK
Seq_Frame0066_Timestamp = 6.939
Seq_Frame0067_ForcepToReference-SequenceTransform =0.65474 -0.0956754 -0.749775 66.5206 0.500057 -0.689015 0.524596 -1.03743 -0.566797 -0.718404 -0.403282 -2.81807 0 0 0 1 
Seq_Frame0067_ForcepToReference-SequenceTransformStatus = OK
Seq_Frame0067_Timestamp = 7.046
Seq_Frame0068_ForcepToReference-SequenceTransform =0.654906 -0.0960923 -0.749576 66.5158 0.499496 -0.689287 0.524774 -1.04491 -0.5671 -0.718088 -0.40342 -2.79795 0 0 0 1 
Seq_Frame0068_ForcepToReference-SequenceTransformStatus = OK
Seq_Frame0068_Timestamp = 7.15
Seq_Frame0069_ForcepToReference-SequenceTransform =0.668329 -0.0896224 -0.738447 66.5854 0.488316 -0.69601 0.52642 -1.06316 -0.561145 -0.712417 -0.421399 -2.2734 0 0 0 1 
Seq_Frame0069_ForcepToReference-SequenceTransformStatus = OK
Seq_Frame0069_Timestamp = 7.259
Seq_Frame0070_ForcepToReference-SequenceTransform =0.653653 -0.0960634 -0.750672 66.5183 0.501146 -0.688326 0.524461 -1.01304 -0.567089 -0.719012 -0.401785 -2.87255 0 0 0 1 
Seq_Frame0070_ForcepToReference-SequenceTransformStatus = OK
Seq_Frame0070_Timestamp = 7.366
Seq_Frame0071_ForcepToReference-SequenceTransform =0.65436 -0.0958025 -0.75009 66.5044 0.500264 -0.689001 0.524418 -1.02257 -0.567053 -0.718401 -0.402928 -2.89087 0 0 0 1 
Seq_Frame0071_ForcepToReference-SequenceTransformStatus = OK
Seq_Frame0071_Timestamp = 7.474
Seq_Frame0072_ForcepToReference-SequenceTransform =0.65397 -0.0962286 -0.750376 66.5033 0.49995 -0.689445 0.524133 -1.02049 -0.567779 -0.717918 -0.402767 -2.90118 0 0 0 1 
Seq_Frame0072_ForcepToReference-SequenceTransformStatus = OK
Seq_Frame0072_Timestamp = 7.581
Seq_Frame0073_ForcepToReference-SequenceTransform =0.654066 -0.095626 -0.750369 66.521 0.500854 -0.688636 0.524334 -1.01316 -0.566871 -0.718774 -0.402519 -2.84844 0 0 0 1 
Seq_Frame0073_ForcepToReference-SequenceTransformStatus = OK
Seq_Frame0073_Timestamp = 7.702
Seq_Frame0074_ForcepToReference-SequenceTransform =0.653066 -0.0960348 -0.751187 66.5147 0.501987 -0.687799 0.524349 -1.02116 -0.567021 -0.719521 -0.40097 -2.82235 0 0 0 1 
Seq_Frame0074_ForcepToReference-SequenceTransformStatus = OK
Seq_Frame0074_Timestamp = 7.827
Seq_Frame0075_ForcepToReference-SequenceTransform =0.65441 -0.0957619 -0.750051 66.5124 0.500914 -0.68816 0.524901 -1.01905 -0.566421 -0.719212 -0.40237 -2.87859 0 0 0 1 
Seq_Frame0075_ForcepToReference-SequenceTransformStatus = OK
Seq_Frame0075_Timestamp = 7.931
Seq_Frame0076_ForcepToReference-SequenceTransform =0.653643 -0.0960071 -0.750688 66.5024 0.501253 -0.688238 0.524474 -1.01386 -0.567006 -0.719104 -0.401738 -2.89115 0 0 0 1 
Seq_Frame0076_ForcepToReference-SequenceTransformStatus = OK
Seq_Frame0076_Timestamp = 8.041
Seq_Frame0077_ForcepToReference-SequenceTransform =0.654313 -0.0955113 -0.750168 66.5034 0.500226 -0.689294 0.524069 -0.994224 -0.56714 -0.718159 -0.403237 -2.93773 0 0 0 1 
Seq_Frame0077_ForcepToReference-SequenceTransformStatus = OK
Seq_Frame0077_Timestamp = 8.147
Seq_Frame0078_ForcepToReference-SequenceTransform =0.653421 -0.0958897 -0.750897 66.5034 0.501019 -0.688815 0.523941 -0.986925 -0.56747 -0.718568 -0.402043 -2.92949 0 0 0 1 
Seq_Frame0078_ForcepToReference-SequenceTransformStatus = OK
Seq_Frame0078_Timestamp = 8.253
Seq_Frame0079_ForcepToReference-SequenceTransform =0.653574 -0.0958164 -0.750773 66.5115 0.501366 -0.688291 0.524298 -1.02206 -0.566986 -0.719079 -0.40181 -2.86632 0 0 0 1 
Seq_Frame0079_ForcepToReference-SequenceTransformStatus = OK
Seq_Frame0079_Timestamp = 8.361
Seq_Frame0080_ForcepToReference-SequenceTransform =0.653892 -0.0961772 -0.75045 66.5181 0.501056 -0.68815 0.524779 -1.01728 -0.566894 -0.719166 -0.401785 -2.89998 0 0 0 1 
Seq_Frame0080_ForcepToReference-SequenceTransformStatus = OK
Seq_Frame0080_Timestamp = 8.468
Seq_Frame0081_ForcepToReference-SequenceTransform =0.653253 -0.0965682 -0.750956 66.5217 0.501945 -0.687315 0.525024 -1.04008 -0.566844 -0.719912 -0.400518 -2.82602 0 0 0 1 
Seq_Frame0081_ForcepToReference-SequenceTransformStatus = OK
Seq_Frame0081_Timestamp = 8.578
Seq_Frame0082_ForcepToReference-SequenceTransform =0.653705 -0.0963656 -0.750589 66.5127 0.501657 -0.687421 0.52516 -1.02324 -0.566578 -0.719838 -0.401028 -2.8859 0 0 0 1 
Seq_Frame0082_ForcepToReference-SequenceTransformStatus = OK
Seq_Frame0082_Timestamp = 8.68
Seq_Frame0083_ForcepToReference-SequenceTransform =0.654086 -0.0959297 -0.750313 66.5132 0.501008 -0.688212 0.524744 -1.02462 -0.566713 -0.71914 -0.402088 -2.9274 0 0 0 1 
Seq_Frame0083_ForcepToReference-SequenceTransformStatus = OK
Seq_Frame0083_Timestamp = 8.789
Seq_Frame0084_ForcepToReference-SequenceTransform =0.653341 -0.0959729 -0.750956 66.5251 0.501762 -0.687885 0.524451 -1.01104 -0.566904 -0.719447 -0.401268 -2.91184 0 0 0 1 
Seq_Frame0084_ForcepToReference-SequenceTransformStatus = OK
Seq_Frame0084_Timestamp = 8.894
Seq_Frame0085_ForcepToReference-SequenceTransform =0.653395 -0.0966893 -0.750817 66.51 0.501751 -0.68735 0.525163 -1.0269 -0.566851 -0.719862 -0.400597 -2.88541 0 0 0 1 
Seq_Frame0085_ForcepToReference-SequenceTransformStatus = OK
Seq_Frame0085_Timestamp = 9.003
Seq_Frame0086_ForcepToReference-SequenceTransform =0.669798 -0.0897537 -0.737099 66.6372 0.488136 -0.694808 0.528171 -1.08833 -0.559548 -0.713572 -0.421569 -2.26778 0 0 0 1 
Seq_Frame0086_ForcepToReference-SequenceTransformStatus = OK
Seq_Frame0086_Timestamp = 9.116
Seq_Frame0087_ForcepToReference-SequenceTransform =0.652965 -0.0965692 -0.751206 66.4958 0.501338 -0.688339 0.524261 -1.02313 -0.567712 -0.718933 -0.401047 -2.90154 0 0 0 1 
Seq_Frame0087_ForcepToReference-SequenceTransformStatus = OK
Seq_Frame0087_Timestamp = 9.232
Seq_Frame0088_ForcepToReference-SequenceTransform =0.654202 -0.0963965 -0.750151 66.4984 0.500448 -0.688491 0.524911 -1.03151 -0.567072 -0.71881 -0.402171 -2.8337 0 0 0 1 
Seq_Frame0088_ForcepToReference-SequenceTransformStatus = OK
Seq_Frame0088_Timestamp = 9.336
Seq_Frame0089_ForcepToReference-SequenceTransform =0.654043 -0.0960588 -0.750334 66.5134 0.501727 -0.687246 0.525322 -1.03027 -0.566126 -0.720045 -0.401293 -2.88273 0 0 0 1 
Seq_Frame0089_ForcepToReference-SequenceTransformStatus = OK
Seq_Frame0089_Timestamp = 9.448
Seq_Frame0090_ForcepToReference-SequenceTransform =0.668688 -0.0899541 -0.738082 66.6042 0.488216 -0.695574 0.527088 -1.08654 -0.560805 -0.7128 -0.421205 -2.26272 0 0 0 1 
Seq_Frame0090_ForcepToReference-SequenceTransformStatus = OK
Seq_Frame0090_Timestamp = 9.55
Seq_Frame0091_ForcepToReference-SequenceTransform =0.653367 -0.0961511 -0.75091 66.5174 0.501425 -0.688165 0.524407 -1.01929 -0.567172 -0.719155 -0.401412 -2.89791 0 0 0 1 
Seq_Frame0091_ForcepToReference-SequenceTransformStatus = OK
Seq_Frame0091_Timestamp = 9.659
Seq_Frame0092_ForcepToReference-SequenceTransform =0.653759 -0.0961159 -0.750574 66.5087 0.500804 -0.688629 0.52439 -1.01024 -0.567269 -0.718715 -0.402062 -2.87228 0 0 0 1 
Seq_Frame0092_ForcepToReference-SequenceTransformStatus = OK
Seq_Frame0092_Timestamp = 9.775
Seq_Frame0093_ForcepToReference-SequenceTransform =0.653464 -0.0962652 -0.750812 66.5157 0.501554 -0.687836 0.524714 -1.02543 -0.566947 -0.719454 -0.401194 -2.87815 0 0 0 1 
Seq_Frame0093_ForcepToReference-SequenceTransformStatus = OK
Seq_Frame0093_Timestamp = 9.888
Seq_Frame0094_ForcepToReference-SequenceTransform =0.655058 -0.0957017 -0.749493 66.5208 0.500355 -0.688336 0.525204 -1.04471 -0.566166 -0.719051 -0.403015 -2.81728 0 0 0 1 
Seq_Frame0094_ForcepToReference-SequenceTransformStatus = OK
Seq_Frame0094_Timestamp = 9.992
Seq_Frame0095_ForcepToReference-SequenceTransform =0.653249 -0.0960258 -0.751029 66.5104 0.502111 -0.687486 0.52464 -0.99793 -0.566701 -0.719821 -0.400884 -2.92694 0 0 0 1 
Seq_Frame0095_ForcepToReference-SequenceTransformStatus = OK
Seq_Frame0095_Timestamp = 10.099
Seq_Frame0096_ForcepToReference-SequenceTransform =0.653998 -0.095888 -0.750395 66.5106 0.500986 -0.688346 0.524588 -1.03382 -0.566833 -0.719017 -0.402138 -2.8764 0 0 0 1 
Seq_Frame0096_ForcepToReference-SequenceTransformStatus = OK
Seq_Frame0096_Timestamp = 10.206
Seq_Frame0097_ForcepToReference-SequenceTransform =0.654366 -0.0958898 -0.750073 66.5186 0.501461 -0.687414 0.525356 -1.03369 -0.565987 -0.719907 -0.401736 -2.86396 0 0 0 1 
Seq_Frame0097_ForcepToReference-SequenceTransformStatus = OK
Seq_Frame0097_Timestamp = 10.311
Seq_Frame0098_ForcepToReference-SequenceTransform =0.654407 -0.0958011 -0.750049 66.5116 0.500872 -0.688188 0.524904 -1.02071 -0.566461 -0.719179 -0.402371 -2.87534 0 0 0 1 
Seq_Frame0098_ForcepToReference-SequenceTransformStatus = OK
Seq_Frame0098_Timestamp = 10.417
Seq_Frame0099_ForcepToReference-SequenceTransform =0.655402 -0.0952807 -0.749246 66.5187 0.500672 -0.687921 0.525444 -1.0545 -0.565487 -0.719504 -0.40316 -2.81243 0 0 0 1 
Seq_Frame0099_ForcepToReference-SequenceTransformStatus = OK
Seq_Frame0099_Timestamp = 10.522
Seq_Frame0100_ForcepToReference-SequenceTransform =0.653199 -0.0964403 -0.75102 66.508 0.501607 -0.687882 0.524604 -1.00362 -0.567206 -0.719387 -0.400948 -2.92784 0 0 0 1 
Seq_Frame0100_ForcepToReference-SequenceTransformStatus = OK
Seq_Frame0100_Timestamp = 10.634
Seq_Frame0101_ForcepToReference-SequenceTransform =0.65443 -0.0959131 -0.750015 66.523 0.501112 -0.687785 0.525203 -1.05366 -0.566223 -0.71955 -0.402044 -2.81164 0 0 0 1 
Seq_Frame0101_ForcepToReference-SequenceTransformStatus = OK
Seq_Frame0101_Timestamp = 10.739
Seq_Frame0102_ForcepToReference-SequenceTransform =0.654124 -0.096113 -0.750256 66.5135 0.500988 -0.688074 0.524943 -1.03112 -0.566685 -0.719248 -0.401934 -2.87436 0 0 0 1 
Seq_Frame0102_ForcepToReference-SequenceTransformStatus = OK
Seq_Frame0102_Timestamp = 10.848
Seq_Frame0103_ForcepToReference-SequenceTransform =0.65395 -0.0959631 -0.750427 66.5158 0.501009 -0.688307 0.524617 -1.01841 -0.566868 -0.719044 -0.40204 -2.86732 0 0 0 1 
Seq_Frame0103_ForcepToReference-SequenceTransformStatus = OK
Seq_Frame0103_Timestamp = 10.957
Seq_Frame0104_ForcepToReference-SequenceTransform =0.654247 -0.0961193 -0.750148 66.5159 0.501449 -0.687375 0.525418 -1.02809 -0.566136 -0.719914 -0.401514 -2.83938 0 0 0 1 
Seq_Frame0104_ForcepToReference-SequenceTransformStatus = OK
Seq_Frame0104_Timestamp = 11.065
Seq_Frame0105_ForcepToReference-SequenceTransform =0.654196 -0.0959192 -0.750218 66.5065 0.501127 -0.68797 0.524947 -1.02277 -0.56648 -0.719373 -0.401999 -2.89422 0 0 0 1 
Seq_Frame0105_ForcepToReference-SequenceTransformStatus = OK
Seq_Frame0105_Timestamp = 11.173
Seq_Frame0106_ForcepToReference-SequenceTransform =0.654025 -0.0955756 -0.750411 66.5132 0.500773 -0.688811 0.524181 -1.026 -0.566991 -0.718613 -0.402638 -2.85492 0 0 0 1 
Seq_Frame0106_ForcepToReference-SequenceTransformStatus = OK
Seq_Frame0106_Timestamp = 11.284
Seq_Frame0107_ForcepToReference-SequenceTransform =0.652786 -0.0960924 -0.751423 66.5234 0.501631 -0.688459 0.523823 -1.01317 -0.56766 -0.718881 -0.401213 -2.80817 0 0 0 1 
Seq_Frame0107_ForcepToReference-SequenceTransformStatus = OK
Seq_Frame0107_Timestamp = 11.392
Seq_Frame0108_ForcepToReference-SequenceTransform =0.652451 -0.0962681 -0.751691 66.5178 0.501848 -0.688357 0.52375 -0.988955 -0.567852 -0.718956 -0.400807 -2.88483 0 0 0 1 
Seq_Frame0108_ForcepToReference-SequenceTransformStatus = OK
Seq_Frame0108_Timestamp = 11.5
Seq_Frame0109_ForcepToReference-SequenceTransform =0.652718 -0.0962134 -0.751467 66.5151 0.502327 -0.687552 0.524347 -1.00039 -0.567122 -0.719733 -0.400447 -2.88398 0 0 0 1 
Seq_Frame0109_ForcepToReference-SequenceTransformStatus = OK
Seq_Frame0109_Timestamp = 11.609
Seq_Frame0110_ForcepToReference-SequenceTransform =0.654085 -0.0960767 -0.750294 66.5259 0.500987 -0.688136 0.524863 -1.04316 -0.566731 -0.719193 -0.401966 -2.80703 0 0 0 1 
Seq_Frame0110_ForcepToReference-SequenceTransformStatus = OK
Seq_Frame0110_Timestamp = 11.716
Seq_Frame0111_ForcepToReference-SequenceTransform =0.653221 -0.0961778 -0.751034 66.5205 0.501164 -0.688606 0.524077 -1.00238 -0.567571 -0.718729 -0.401611 -2.87966 0 0 0 1 
Seq_Frame0111_ForcepToReference-SequenceTransformStatus = OK
Seq_Frame0111_Timestamp = 11.824
Seq_Frame0112_ForcepToReference-SequenceTransform =0.653404 -0.0959959 -0.750898 66.5226 0.501115 -0.688633 0.524088 -1.0102 -0.567403 -0.718728 -0.40185 -2.85622 0 0 0 1 
Seq_Frame0112_ForcepToReference-SequenceTransformStatus = OK
Seq_Frame0112_Timestamp = 11.932
Seq_Frame0113_ForcepToReference-SequenceTransform =0.65365 -0.0960793 -0.750674 66.5186 0.500901 -0.68863 0.524298 -1.01183 -0.56731 -0.71872 -0.401996 -2.87767 0 0 0 1 
Seq_Frame0113_ForcepToReference-SequenceTransformStatus = OK
Seq_Frame0113_Timestamp = 12.038
Seq_Frame0114_ForcepToReference-SequenceTransform =0.65356 -0.0960524 -0.750755 66.5245 0.501963 -0.687379 0.524922 -1.03908 -0.566473 -0.71992 -0.401029 -2.80688 0 0 0 1 
Seq_Frame0114_ForcepToReference-SequenceTransformStatus = OK
Seq_Frame0114_Timestamp = 12.144
Seq_Frame0115_ForcepToReference-SequenceTransform =0.653088 -0.0963877 -0.751123 66.5232 0.501664 -0.687943 0.524468 -1.03113 -0.567282 -0.719335 -0.400933 -2.80874 0 0 0 1 
Seq_Frame0115_ForcepToReference-SequenceTransformStatus = OK
Seq_Frame0115_Timestamp = 12.256
Seq_Frame0116_ForcepToReference-SequenceTransform =0.652861 -0.0961423 -0.751351 66.5165 0.501357 -0.688704 0.523763 -0.998005 -0.567814 -0.71864 -0.401426 -2.85343 0 0 0 1 
Seq_Frame0116_ForcepToReference-SequenceTransformStatus = OK
Seq_Frame0116_Timestamp = 12.368
Seq_Frame0117_ForcepToReference-SequenceTransform =0.65283 -0.0961343 -0.75138 66.5231 0.502016 -0.687903 0.524185 -1.00402 -0.567268 -0.719408 -0.400822 -2.83619 0 0 0 1 
Seq_Frame0117_ForcepToReference-SequenceTransformStatus = OK
Seq_Frame0117_Timestamp = 12.477
Seq_Frame0118_ForcepToReference-SequenceTransform =0.652939 -0.0961702 -0.751281 66.5227 0.501755 -0.688113 0.52416 -0.99245 -0.567374 -0.719202 -0.401042 -2.89146 0 0 0 1 
Seq_Frame0118_ForcepToReference-SequenceTransformStatus = OK
Seq_Frame0118_Timestamp = 12.584
Seq_Frame0119_ForcepToReference-SequenceTransform =0.65323 -0.0964105 -0.750996 66.5084 0.50166 -0.687806 0.524652 -1.01556 -0.567122 -0.719463 -0.400931 -2.91607 0 0 0 1 
Seq_Frame0119_ForcepToReference-SequenceTransformStatus = OK
Seq_Frame0119_Timestamp = 12.691
Seq_Frame0120_ForcepToReference-SequenceTransform =0.654234 -0.095797 -0.750201 66.5111 0.500648 -0.68863 0.524538 -1.01273 -0.56686 -0.718757 -0.402564 -2.89089 0 0 0 1 
Seq_Frame0120_ForcepToReference-SequenceTransformStatus = OK
Seq_Frame0120_Timestamp = 12.802
Seq_Frame0121_ForcepToReference-SequenceTransform =0.653799 -0.0958619 -0.750571 66.5069 0.501247 -0.688209 0.524518 -1.01359 -0.566831 -0.719151 -0.4019 -2.89579 0 0 0 1 
Seq_Frame0121_ForcepToReference-SequenceTransformStatus = OK
Seq_Frame0121_Timestamp = 12.906
Seq_Frame0122_ForcepToReference-SequenceTransform =0.65431 -0.0957655 -0.750138 66.5208 0.50038 -0.688923 0.524409 -1.04035 -0.567008 -0.71848 -0.40285 -2.84031 0 0 0 1 
Seq_Frame0122_ForcepToReference-SequenceTransformStatus = OK
Seq_Frame0122_Timestamp = 13.016
Seq_Frame0123_ForcepToReference-SequenceTransform =0.654289 -0.0960667 -0.750118 66.5127 0.501147 -0.687758 0.525205 -1.01456 -0.566355 -0.719555 -0.401849 -2.92079 0 0 0 1 
Seq_Frame0123_ForcepToReference-SequenceTransformStatus = OK
Seq_Frame0123_Timestamp = 13.122
Seq_Frame0124_ForcepToReference-SequenceTransform =0.653428 -0.0959519 -0.750883 66.5086 0.501224 -0.688505 0.524152 -0.983551 -0.56728 -0.718856 -0.401795 -2.9154 0 0 0 1 
Seq_Frame0124_ForcepToReference-SequenceTransformStatus = OK
Seq_Frame0124_Timestamp = 13.225
Seq_Frame0125_ForcepToReference-SequenceTransform =0.653675 -0.0963719 -0.750614 66.5146 0.500745 -0.688599 0.524486 -1.00139 -0.567418 -0.71871 -0.401862 -2.8864 0 0 0 1 
Seq_Frame0125_ForcepToReference-SequenceTransformStatus = OK
Seq_Frame0125_Timestamp = 13.334
Seq_Frame0126_ForcepToReference-SequenceTransform =0.65318 -0.096646 -0.75101 66.5339 0.501403 -0.688013 0.524626 -1.01294 -0.567408 -0.719234 -0.400938 -2.84735 0 0 0 1 
Seq_Frame0126_ForcepToReference-SequenceTransformStatus = OK
Seq_Frame0126_Timestamp = 13.44
Seq_Frame0127_ForcepToReference-SequenceTransform =0.653123 -0.095934 -0.75115 66.5457 0.500219 -0.690056 0.523071 -0.894395 -0.568516 -0.71737 -0.402704 -2.91462 0 0 0 1 
Seq_Frame0127_ForcepToReference-SequenceTransformStatus = OK
Seq_Frame0127_Timestamp = 13.548
Seq_Frame0128_ForcepToReference-SequenceTransform =0.65374 -0.0957704 -0.750635 66.5504 0.500316 -0.689506 0.523704 -0.91753 -0.567722 -0.71792 -0.402842 -2.86846 0 0 0 1 
Seq_Frame0128_ForcepToReference-SequenceTransformStatus = OK
Seq_Frame0128_Timestamp = 13.656
Seq_Frame0129_ForcepToReference-SequenceTransform =0.652894 -0.0958625 -0.751359 66.5434 0.501159 -0.689121 0.523404 -0.911254 -0.567952 -0.718277 -0.401881 -2.89531 0 0 0 1 
Seq_Frame0129_ForcepToReference-SequenceTransformStatus = OK
Seq_Frame0129_Timestamp = 13.767
Seq_Frame0130_ForcepToReference-SequenceTransform =0.652943 -0.0962432 -0.751267 66.5468 0.501075 -0.688918 0.523751 -0.917503 -0.567969 -0.718421 -0.4016 -2.91926 0 0 0 1 
Seq_Frame0130_ForcepToReference-SequenceTransformStatus = OK
Seq_Frame0130_Timestamp = 13.873
Seq_Frame0131_ForcepToReference-SequenceTransform =0.654613 -0.0950153 -0.74997 66.5691 0.499998 -0.689664 0.523799 -0.902271 -0.566996 -0.717869 -0.403955 -2.85116 0 0 0 1 
Seq_Frame0131_ForcepToReference-SequenceTransformStatus = OK
Seq_Frame0131_Timestamp = 13.982
Seq_Frame0132_ForcepToReference-SequenceTransform =0.654812 -0.0951258 -0.749781 66.5337 0.498831 -0.690886 0.523301 -0.886608 -0.567793 -0.716678 -0.404949 -2.91876 0 0 0 1 
Seq_Frame0132_ForcepToReference-SequenceTransformStatus = OK
Seq_Frame0132_Timestamp = 14.091
Seq_Frame0133_ForcepToReference-SequenceTransform =0.652506 -0.0958723 -0.751694 66.5283 0.501272 -0.689312 0.523044 -0.88483 -0.568297 -0.718093 -0.401722 -2.96822 0 0 0 1 
Seq_Frame0133_ForcepToReference-SequenceTransformStatus = OK
Seq_Frame0133_Timestamp = 14.194
Seq_Frame0134_ForcepToReference-SequenceTransform =0.653775 -0.0955584 -0.750631 66.5405 0.500773 -0.689044 0.523875 -0.921129 -0.567279 -0.718391 -0.402627 -2.88642 0 0 0 1 
Seq_Frame0134_ForcepToReference-SequenceTransformStatus = OK
Seq_Frame0134_Timestamp = 14.303
Seq_Frame0135_ForcepToReference-SequenceTransform =0.652138 -0.0962649 -0.751963 66.5274 0.501849 -0.688633 0.523385 -0.895574 -0.56821 -0.718692 -0.400773 -2.97434 0 0 0 1 
Seq_Frame0135_ForcepToReference-SequenceTransformStatus = OK
Seq_Frame0135_Timestamp = 14.408
Seq_Frame0136_ForcepToReference-SequenceTransform =0.65361 -0.0957285 -0.750753 66.5524 0.500411 -0.689528 0.523583 -0.922871 -0.567787 -0.717904 -0.402779 -2.86764 0 0 0 1 
Seq_Frame0136_ForcepToReference-SequenceTransformStatus = OK
Seq_Frame0136_Timestamp = 14.514
Seq_Frame0137_ForcepToReference-SequenceTransform =0.653356 -0.0960044 -0.750939 66.5466 0.500876 -0.688972 0.523871 -0.917394 -0.56767 -0.718401 -0.402058 -2.92537 0 0 0 1 
Seq_Frame0137_ForcepToReference-SequenceTransformStatus = OK
Seq_Frame0137_Timestamp = 14.622
Seq_Frame0138_ForcepToReference-SequenceTransform =0.652957 -0.0957826 -0.751314 66.5454 0.50116 -0.68912 0.523405 -0.899389 -0.567879 -0.718289 -0.401963 -2.89417 0 0 0 1 
Seq_Frame0138_ForcepToReference-SequenceTransformStatus = OK
Seq_Frame0138_Timestamp = 14.732
Seq_Frame0139_ForcepToReference-SequenceTransform =0.652879 -0.0961735 -0.751332 66.5386 0.501293 -0.688747 0.523767 -0.920965 -0.56785 -0.718594 -0.401457 -2.91388 0 0 0 1 
Seq_Frame0139_ForcepToReference-SequenceTransformStatus = OK
Seq_Frame0139_Timestamp = 14.84
Seq_Frame0140_ForcepToReference-SequenceTransform =0.652745 -0.0962784 -0.751435 66.5512 0.501655 -0.688334 0.523964 -0.930049 -0.567684 -0.718976 -0.401008 -2.92012 0 0 0 1 
Seq_Frame0140_ForcepToReference-SequenceTransformStatus = OK
Seq_Frame0140_Timestamp = 14.948
Seq_Frame0141_ForcepToReference-SequenceTransform =0.661863 -0.0905495 -0.744136 66.5373 0.49431 -0.69356 0.524053 -0.905058 -0.563556 -0.714685 -0.414282 -2.58427 0 0 0 1 
Seq_Frame0141_ForcepToReference-SequenceTransformStatus = OK
Seq_Frame0141_Timestamp = 15.052
Seq_Frame0142_ForcepToReference-SequenceTransform =0.663426 -0.0911094 -0.742675 66.5855 0.492682 -0.69383 0.525227 -1.01832 -0.563143 -0.714352 -0.415417 -2.40085 0 0 0 1 
Seq_Frame0142_ForcepToReference-SequenceTransformStatus = OK
Seq_Frame0142_Timestamp = 15.161
Seq_Frame0143_ForcepToReference-SequenceTransform =0.663269 -0.0910026 -0.742828 66.5835 0.493035 -0.693599 0.525202 -0.952968 -0.563019 -0.71459 -0.415175 -2.46527 0 0 0 1 
Seq_Frame0143_ForcepToReference-SequenceTransformStatus = OK
Seq_Frame0143_Timestamp = 15.274
Seq_Frame0144_ForcepToReference-SequenceTransform =0.662631 -0.091133 -0.743381 66.586 0.492795 -0.694382 0.524392 -0.999098 -0.56398 -0.713812 -0.415209 -2.39065 0 0 0 1 
Seq_Frame0144_ForcepToReference-SequenceTransformStatus = OK
Seq_Frame0144_Timestamp = 15.379
Seq_Frame0145_ForcepToReference-SequenceTransform =0.662881 -0.0912434 -0.743144 66.5789 0.492568 -0.694368 0.524624 -0.967209 -0.563883 -0.713812 -0.41534 -2.40657 0 0 0 1 
Seq_Frame0145_ForcepToReference-SequenceTransformStatus = OK
Seq_Frame0145_Timestamp = 15.49
Seq_Frame0146_ForcepToReference-SequenceTransform =0.664199 -0.0910987 -0.741984 66.5787 0.493342 -0.692303 0.526622 -1.01659 -0.561652 -0.715834 -0.414884 -2.42499 0 0 0 1 
Seq_Frame0146_ForcepToReference-SequenceTransformStatus = OK
Seq_Frame0146_Timestamp = 15.598
Seq_Frame0147_ForcepToReference-SequenceTransform =0.661711 -0.0915411 -0.74415 66.5758 0.494304 -0.693004 0.524794 -0.976938 -0.563739 -0.715098 -0.413319 -2.43022 0 0 0 1 
Seq_Frame0147_ForcepToReference-SequenceTransformStatus = OK
Seq_Frame0147_Timestamp = 15.749
Seq_Frame0148_ForcepToReference-SequenceTransform =0.661689 -0.0915165 -0.744172 66.5795 0.494405 -0.692914 0.524819 -0.983742 -0.563677 -0.715189 -0.413247 -2.39939 0 0 0 1 
Seq_Frame0148_ForcepToReference-SequenceTransformStatus = OK
Seq_Frame0148_Timestamp = 15.854
