ObjectType = Image
NDims = 3
AnatomicalOrientation = RAI
BinaryData = True
CompressedData = False
DimSize = 0 0 3192
ElementSpacing = 1 1 1
Offset = 0 0 0
TransformMatrix = 1 0 0 0 1 0 0 0 1
ElementType = MET_UCHAR
Kinds = domain domain list
Seq_Frame0000_DriverToReference-SequenceTransform =-0.749904 -0.653723 0.10144 23.5597 -0.267043 0.43942 0.85767 79.009 -0.605254 0.616081 -0.504095 121.2 0 0 0 1 
Seq_Frame0000_DriverToReference-SequenceTransformStatus = OK
Seq_Frame0000_Timestamp = 0.00199986
Seq_Frame0001_DriverToReference-SequenceTransform =-0.746973 -0.656524 0.104914 23.5187 -0.265526 0.439255 0.858226 78.965 -0.60953 0.613214 -0.502436 121.175 0 0 0 1 
Seq_Frame0001_DriverToReference-SequenceTransformStatus = OK
Seq_Frame0001_Timestamp = 0.107
Seq_Frame0002_DriverToReference-SequenceTransform =-0.748959 -0.65457 0.10295 23.5477 -0.264847 0.438142 0.859004 78.8223 -0.607385 0.616093 -0.501512 121.326 0 0 0 1 
Seq_Frame0002_DriverToReference-SequenceTransformStatus = OK
Seq_Frame0002_Timestamp = 0.218
Seq_Frame0003_DriverToReference-SequenceTransform =-0.748751 -0.654931 0.102164 23.5566 -0.268213 0.440296 0.856855 78.7918 -0.606163 0.61417 -0.505333 121.33 0 0 0 1 
Seq_Frame0003_DriverToReference-SequenceTransformStatus = OK
Seq_Frame0003_Timestamp = 0.321
Seq_Frame0004_DriverToReference-SequenceTransform =-0.755486 -0.650875 0.0748492 23.4582 -0.286378 0.43082 0.855793 78.425 -0.589261 0.625105 -0.511875 121.715 0 0 0 1 
Seq_Frame0004_DriverToReference-SequenceTransformStatus = OK
Seq_Frame0004_Timestamp = 0.426
Seq_Frame0005_DriverToReference-SequenceTransform =-0.781428 -0.623959 0.00675618 23.6851 -0.335452 0.429191 0.83861 77.8378 -0.526158 0.653047 -0.54469 123.58 0 0 0 1 
Seq_Frame0005_DriverToReference-SequenceTransformStatus = OK
Seq_Frame0005_Timestamp = 0.534
Seq_Frame0006_DriverToReference-SequenceTransform =-0.781428 -0.623959 0.00675618 23.6851 -0.335452 0.429191 0.83861 77.8378 -0.526158 0.653047 -0.54469 123.58 0 0 0 1 
Seq_Frame0006_DriverToReference-SequenceTransformStatus = OK
Seq_Frame0006_Timestamp = 0.641
Seq_Frame0007_DriverToReference-SequenceTransform =-0.781428 -0.623959 0.00675618 23.6851 -0.335452 0.429191 0.83861 77.8378 -0.526158 0.653047 -0.54469 123.58 0 0 0 1 
Seq_Frame0007_DriverToReference-SequenceTransformStatus = OK
Seq_Frame0007_Timestamp = 0.742
Seq_Frame0008_DriverToReference-SequenceTransform =-0.781428 -0.623959 0.00675618 23.6851 -0.335452 0.429191 0.83861 77.8378 -0.526158 0.653047 -0.54469 123.58 0 0 0 1 
Seq_Frame0008_DriverToReference-SequenceTransformStatus = OK
Seq_Frame0008_Timestamp = 0.842
Seq_Frame0009_DriverToReference-SequenceTransform =-0.781428 -0.623959 0.00675618 23.6851 -0.335452 0.429191 0.83861 77.8378 -0.526158 0.653047 -0.54469 123.58 0 0 0 1 
Seq_Frame0009_DriverToReference-SequenceTransformStatus = OK
Seq_Frame0009_Timestamp = 0.946
Seq_Frame0010_DriverToReference-SequenceTransform =-0.781428 -0.623959 0.00675618 23.6851 -0.335452 0.429191 0.83861 77.8378 -0.526158 0.653047 -0.54469 123.58 0 0 0 1 
Seq_Frame0010_DriverToReference-SequenceTransformStatus = OK
Seq_Frame0010_Timestamp = 1.051
Seq_Frame0011_DriverToReference-SequenceTransform =-0.781428 -0.623959 0.00675618 23.6851 -0.335452 0.429191 0.83861 77.8378 -0.526158 0.653047 -0.54469 123.58 0 0 0 1 
Seq_Frame0011_DriverToReference-SequenceTransformStatus = OK
Seq_Frame0011_Timestamp = 1.168
Seq_Frame0012_DriverToReference-SequenceTransform =-0.781428 -0.623959 0.00675618 23.6851 -0.335452 0.429191 0.83861 77.8378 -0.526158 0.653047 -0.54469 123.58 0 0 0 1 
Seq_Frame0012_DriverToReference-SequenceTransformStatus = OK
Seq_Frame0012_Timestamp = 1.282
Seq_Frame0013_DriverToReference-SequenceTransform =-0.781428 -0.623959 0.00675618 23.6851 -0.335452 0.429191 0.83861 77.8378 -0.526158 0.653047 -0.54469 123.58 0 0 0 1 
Seq_Frame0013_DriverToReference-SequenceTransformStatus = OK
Seq_Frame0013_Timestamp = 1.384
Seq_Frame0014_DriverToReference-SequenceTransform =-0.781428 -0.623959 0.00675618 23.6851 -0.335452 0.429191 0.83861 77.8378 -0.526158 0.653047 -0.54469 123.58 0 0 0 1 
Seq_Frame0014_DriverToReference-SequenceTransformStatus = OK
Seq_Frame0014_Timestamp = 1.491
Seq_Frame0015_DriverToReference-SequenceTransform =-0.781428 -0.623959 0.00675618 23.6851 -0.335452 0.429191 0.83861 77.8378 -0.526158 0.653047 -0.54469 123.58 0 0 0 1 
Seq_Frame0015_DriverToReference-SequenceTransformStatus = OK
Seq_Frame0015_Timestamp = 1.596
Seq_Frame0016_DriverToReference-SequenceTransform =-0.781428 -0.623959 0.00675618 23.6851 -0.335452 0.429191 0.83861 77.8378 -0.526158 0.653047 -0.54469 123.58 0 0 0 1 
Seq_Frame0016_DriverToReference-SequenceTransformStatus = OK
Seq_Frame0016_Timestamp = 1.701
Seq_Frame0017_DriverToReference-SequenceTransform =0.449774 -0.730581 -0.513766 -62.9715 -0.608252 -0.671777 0.422783 332.284 -0.654013 0.122342 -0.746525 174.833 0 0 0 1 
Seq_Frame0017_DriverToReference-SequenceTransformStatus = OK
Seq_Frame0017_Timestamp = 1.806
Seq_Frame0018_DriverToReference-SequenceTransform =0.449774 -0.730581 -0.513766 -62.9715 -0.608252 -0.671777 0.422783 332.284 -0.654013 0.122342 -0.746525 174.833 0 0 0 1 
Seq_Frame0018_DriverToReference-SequenceTransformStatus = OK
Seq_Frame0018_Timestamp = 1.911
Seq_Frame0019_DriverToReference-SequenceTransform =0.449774 -0.730581 -0.513766 -62.9715 -0.608252 -0.671777 0.422783 332.284 -0.654013 0.122342 -0.746525 174.833 0 0 0 1 
Seq_Frame0019_DriverToReference-SequenceTransformStatus = OK
Seq_Frame0019_Timestamp = 2.017
Seq_Frame0020_DriverToReference-SequenceTransform =0.449774 -0.730581 -0.513766 -62.9715 -0.608252 -0.671777 0.422783 332.284 -0.654013 0.122342 -0.746525 174.833 0 0 0 1 
Seq_Frame0020_DriverToReference-SequenceTransformStatus = OK
Seq_Frame0020_Timestamp = 2.127
Seq_Frame0021_DriverToReference-SequenceTransform =0.449774 -0.730581 -0.513766 -62.9715 -0.608252 -0.671777 0.422783 332.284 -0.654013 0.122342 -0.746525 174.833 0 0 0 1 
Seq_Frame0021_DriverToReference-SequenceTransformStatus = OK
Seq_Frame0021_Timestamp = 2.232
Seq_Frame0022_DriverToReference-SequenceTransform =0.449774 -0.730581 -0.513766 -62.9715 -0.608252 -0.671777 0.422783 332.284 -0.654013 0.122342 -0.746525 174.833 0 0 0 1 
Seq_Frame0022_DriverToReference-SequenceTransformStatus = OK
Seq_Frame0022_Timestamp = 2.334
Seq_Frame0023_DriverToReference-SequenceTransform =0.449774 -0.730581 -0.513766 -62.9715 -0.608252 -0.671777 0.422783 332.284 -0.654013 0.122342 -0.746525 174.833 0 0 0 1 
Seq_Frame0023_DriverToReference-SequenceTransformStatus = OK
Seq_Frame0023_Timestamp = 2.446
Seq_Frame0024_DriverToReference-SequenceTransform =0.449774 -0.730581 -0.513766 -62.9715 -0.608252 -0.671777 0.422783 332.284 -0.654013 0.122342 -0.746525 174.833 0 0 0 1 
Seq_Frame0024_DriverToReference-SequenceTransformStatus = OK
Seq_Frame0024_Timestamp = 2.552
Seq_Frame0025_DriverToReference-SequenceTransform =0.449774 -0.730581 -0.513766 -62.9715 -0.608252 -0.671777 0.422783 332.284 -0.654013 0.122342 -0.746525 174.833 0 0 0 1 
Seq_Frame0025_DriverToReference-SequenceTransformStatus = OK
Seq_Frame0025_Timestamp = 2.659
Seq_Frame0026_DriverToReference-SequenceTransform =-0.130993 -0.986179 0.101453 -37.8308 0.35841 0.0483048 0.932314 269.735 -0.924329 0.158488 0.347129 221.591 0 0 0 1 
Seq_Frame0026_DriverToReference-SequenceTransformStatus = OK
Seq_Frame0026_Timestamp = 2.767
Seq_Frame0027_DriverToReference-SequenceTransform =-0.130993 -0.986179 0.101453 -37.8308 0.35841 0.0483048 0.932314 269.735 -0.924329 0.158488 0.347129 221.591 0 0 0 1 
Seq_Frame0027_DriverToReference-SequenceTransformStatus = OK
Seq_Frame0027_Timestamp = 2.876
Seq_Frame0028_DriverToReference-SequenceTransform =-0.131609 -0.888223 0.440158 -29.3622 -0.318539 0.458365 0.829719 235.971 -0.938729 -0.031009 -0.343259 268.973 0 0 0 1 
Seq_Frame0028_DriverToReference-SequenceTransformStatus = OK
Seq_Frame0028_Timestamp = 2.982
Seq_Frame0029_DriverToReference-SequenceTransform =-0.115574 -0.841417 0.527882 -28.1868 -0.310551 0.53541 0.785426 235.267 -0.943504 -0.0731599 -0.323183 265.503 0 0 0 1 
Seq_Frame0029_DriverToReference-SequenceTransformStatus = OK
Seq_Frame0029_Timestamp = 3.091
Seq_Frame0030_DriverToReference-SequenceTransform =-0.115574 -0.841417 0.527882 -28.1868 -0.310551 0.53541 0.785426 235.267 -0.943504 -0.0731599 -0.323183 265.503 0 0 0 1 
Seq_Frame0030_DriverToReference-SequenceTransformStatus = OK
Seq_Frame0030_Timestamp = 3.197
Seq_Frame0031_DriverToReference-SequenceTransform =-0.115574 -0.841417 0.527882 -28.1868 -0.310551 0.53541 0.785426 235.267 -0.943504 -0.0731599 -0.323183 265.503 0 0 0 1 
Seq_Frame0031_DriverToReference-SequenceTransformStatus = OK
Seq_Frame0031_Timestamp = 3.306
Seq_Frame0032_DriverToReference-SequenceTransform =-0.115574 -0.841417 0.527882 -28.1868 -0.310551 0.53541 0.785426 235.267 -0.943504 -0.0731599 -0.323183 265.503 0 0 0 1 
Seq_Frame0032_DriverToReference-SequenceTransformStatus = OK
Seq_Frame0032_Timestamp = 3.412
Seq_Frame0033_DriverToReference-SequenceTransform =-0.198323 -0.585488 0.786048 -16.2788 -0.269578 0.803632 0.530569 236.118 -0.942335 -0.106678 -0.317214 257.568 0 0 0 1 
Seq_Frame0033_DriverToReference-SequenceTransformStatus = OK
Seq_Frame0033_Timestamp = 3.522
Seq_Frame0034_DriverToReference-SequenceTransform =-0.198323 -0.585488 0.786048 -16.2788 -0.269578 0.803632 0.530569 236.118 -0.942335 -0.106678 -0.317214 257.568 0 0 0 1 
Seq_Frame0034_DriverToReference-SequenceTransformStatus = OK
Seq_Frame0034_Timestamp = 3.626
Seq_Frame0035_DriverToReference-SequenceTransform =-0.198323 -0.585488 0.786048 -16.2788 -0.269578 0.803632 0.530569 236.118 -0.942335 -0.106678 -0.317214 257.568 0 0 0 1 
Seq_Frame0035_DriverToReference-SequenceTransformStatus = OK
Seq_Frame0035_Timestamp = 3.734
Seq_Frame0036_DriverToReference-SequenceTransform =-0.198323 -0.585488 0.786048 -16.2788 -0.269578 0.803632 0.530569 236.118 -0.942335 -0.106678 -0.317214 257.568 0 0 0 1 
Seq_Frame0036_DriverToReference-SequenceTransformStatus = OK
Seq_Frame0036_Timestamp = 3.842
Seq_Frame0037_DriverToReference-SequenceTransform =-0.198323 -0.585488 0.786048 -16.2788 -0.269578 0.803632 0.530569 236.118 -0.942335 -0.106678 -0.317214 257.568 0 0 0 1 
Seq_Frame0037_DriverToReference-SequenceTransformStatus = OK
Seq_Frame0037_Timestamp = 3.947
Seq_Frame0038_DriverToReference-SequenceTransform =-0.198323 -0.585488 0.786048 -16.2788 -0.269578 0.803632 0.530569 236.118 -0.942335 -0.106678 -0.317214 257.568 0 0 0 1 
Seq_Frame0038_DriverToReference-SequenceTransformStatus = OK
Seq_Frame0038_Timestamp = 4.051
Seq_Frame0039_DriverToReference-SequenceTransform =-0.198323 -0.585488 0.786048 -16.2788 -0.269578 0.803632 0.530569 236.118 -0.942335 -0.106678 -0.317214 257.568 0 0 0 1 
Seq_Frame0039_DriverToReference-SequenceTransformStatus = OK
Seq_Frame0039_Timestamp = 4.159
Seq_Frame0040_DriverToReference-SequenceTransform =-0.198323 -0.585488 0.786048 -16.2788 -0.269578 0.803632 0.530569 236.118 -0.942335 -0.106678 -0.317214 257.568 0 0 0 1 
Seq_Frame0040_DriverToReference-SequenceTransformStatus = OK
Seq_Frame0040_Timestamp = 4.267
Seq_Frame0041_DriverToReference-SequenceTransform =0.864402 0.390377 -0.316884 -16.843 -0.468867 0.398223 -0.788404 202.115 -0.181585 0.830075 0.52726 255.633 0 0 0 1 
Seq_Frame0041_DriverToReference-SequenceTransformStatus = OK
Seq_Frame0041_Timestamp = 4.372
Seq_Frame0042_DriverToReference-SequenceTransform =0.860949 0.506307 -0.0491869 -11.1223 -0.351753 0.522697 -0.776568 188.032 -0.367472 0.685887 0.628111 256.692 0 0 0 1 
Seq_Frame0042_DriverToReference-SequenceTransformStatus = OK
Seq_Frame0042_Timestamp = 4.476
Seq_Frame0043_DriverToReference-SequenceTransform =0.839393 0.542366 0.0354837 -7.79314 -0.354423 0.595681 -0.720797 181.793 -0.412073 0.592456 0.692237 251.156 0 0 0 1 
Seq_Frame0043_DriverToReference-SequenceTransformStatus = OK
Seq_Frame0043_Timestamp = 4.576
Seq_Frame0044_DriverToReference-SequenceTransform =0.800495 0.590367 0.103321 -7.79715 -0.395906 0.65029 -0.648368 180.106 -0.449963 0.47811 0.754284 246.866 0 0 0 1 
Seq_Frame0044_DriverToReference-SequenceTransformStatus = OK
Seq_Frame0044_Timestamp = 4.687
Seq_Frame0045_DriverToReference-SequenceTransform =0.787237 0.597933 0.150776 -6.49458 -0.436024 0.712646 -0.549563 179.442 -0.436052 0.366894 0.821734 248.698 0 0 0 1 
Seq_Frame0045_DriverToReference-SequenceTransformStatus = OK
Seq_Frame0045_Timestamp = 4.796
Seq_Frame0046_DriverToReference-SequenceTransform =0.779532 0.599939 0.18001 -7.04003 -0.436375 0.726342 -0.531041 180.386 -0.449341 0.335412 0.828005 243.241 0 0 0 1 
Seq_Frame0046_DriverToReference-SequenceTransformStatus = OK
Seq_Frame0046_Timestamp = 4.909
Seq_Frame0047_DriverToReference-SequenceTransform =0.773976 0.598747 0.206066 -5.60055 -0.438686 0.741696 -0.507387 181.243 -0.456635 0.302307 0.836717 239.379 0 0 0 1 
Seq_Frame0047_DriverToReference-SequenceTransformStatus = OK
Seq_Frame0047_Timestamp = 5.021
Seq_Frame0048_DriverToReference-SequenceTransform =0.768369 0.60624 0.205141 -6.38938 -0.452556 0.741302 -0.495645 180.037 -0.452551 0.288 0.843951 237.241 0 0 0 1 
Seq_Frame0048_DriverToReference-SequenceTransformStatus = OK
Seq_Frame0048_Timestamp = 5.125
Seq_Frame0049_DriverToReference-SequenceTransform =0.735121 0.631157 0.247464 -5.19808 -0.457644 0.731308 -0.505718 175.895 -0.50016 0.258514 0.826445 236.111 0 0 0 1 
Seq_Frame0049_DriverToReference-SequenceTransformStatus = OK
Seq_Frame0049_Timestamp = 5.231
Seq_Frame0050_DriverToReference-SequenceTransform =0.639688 0.693943 0.33052 -2.17311 -0.475697 0.695186 -0.538914 174.413 -0.603748 0.187509 0.774809 231.827 0 0 0 1 
Seq_Frame0050_DriverToReference-SequenceTransformStatus = OK
Seq_Frame0050_Timestamp = 5.342
Seq_Frame0051_DriverToReference-SequenceTransform =0.605727 0.715617 0.347833 -1.46395 -0.483044 0.67811 -0.553927 174.16 -0.632268 0.16751 0.756424 230.771 0 0 0 1 
Seq_Frame0051_DriverToReference-SequenceTransformStatus = OK
Seq_Frame0051_Timestamp = 5.446
Seq_Frame0052_DriverToReference-SequenceTransform =0.605727 0.715617 0.347833 -1.46395 -0.483044 0.67811 -0.553927 174.16 -0.632268 0.16751 0.756424 230.771 0 0 0 1 
Seq_Frame0052_DriverToReference-SequenceTransformStatus = OK
Seq_Frame0052_Timestamp = 5.552
Seq_Frame0053_DriverToReference-SequenceTransform =0.605727 0.715617 0.347833 -1.46395 -0.483044 0.67811 -0.553927 174.16 -0.632268 0.16751 0.756424 230.771 0 0 0 1 
Seq_Frame0053_DriverToReference-SequenceTransformStatus = OK
Seq_Frame0053_Timestamp = 5.656
Seq_Frame0054_DriverToReference-SequenceTransform =0.605727 0.715617 0.347833 -1.46395 -0.483044 0.67811 -0.553927 174.16 -0.632268 0.16751 0.756424 230.771 0 0 0 1 
Seq_Frame0054_DriverToReference-SequenceTransformStatus = OK
Seq_Frame0054_Timestamp = 5.762
Seq_Frame0055_DriverToReference-SequenceTransform =0.605727 0.715617 0.347833 -1.46395 -0.483044 0.67811 -0.553927 174.16 -0.632268 0.16751 0.756424 230.771 0 0 0 1 
Seq_Frame0055_DriverToReference-SequenceTransformStatus = OK
Seq_Frame0055_Timestamp = 5.866
Seq_Frame0056_DriverToReference-SequenceTransform =0.605727 0.715617 0.347833 -1.46395 -0.483044 0.67811 -0.553927 174.16 -0.632268 0.16751 0.756424 230.771 0 0 0 1 
Seq_Frame0056_DriverToReference-SequenceTransformStatus = OK
Seq_Frame0056_Timestamp = 5.972
Seq_Frame0057_DriverToReference-SequenceTransform =0.605727 0.715617 0.347833 -1.46395 -0.483044 0.67811 -0.553927 174.16 -0.632268 0.16751 0.756424 230.771 0 0 0 1 
Seq_Frame0057_DriverToReference-SequenceTransformStatus = OK
Seq_Frame0057_Timestamp = 6.077
Seq_Frame0058_DriverToReference-SequenceTransform =0.605727 0.715617 0.347833 -1.46395 -0.483044 0.67811 -0.553927 174.16 -0.632268 0.16751 0.756424 230.771 0 0 0 1 
Seq_Frame0058_DriverToReference-SequenceTransformStatus = OK
Seq_Frame0058_Timestamp = 6.188
Seq_Frame0059_DriverToReference-SequenceTransform =0.605727 0.715617 0.347833 -1.46395 -0.483044 0.67811 -0.553927 174.16 -0.632268 0.16751 0.756424 230.771 0 0 0 1 
Seq_Frame0059_DriverToReference-SequenceTransformStatus = OK
Seq_Frame0059_Timestamp = 6.297
Seq_Frame0060_DriverToReference-SequenceTransform =0.605727 0.715617 0.347833 -1.46395 -0.483044 0.67811 -0.553927 174.16 -0.632268 0.16751 0.756424 230.771 0 0 0 1 
Seq_Frame0060_DriverToReference-SequenceTransformStatus = OK
Seq_Frame0060_Timestamp = 6.409
Seq_Frame0061_DriverToReference-SequenceTransform =0.605727 0.715617 0.347833 -1.46395 -0.483044 0.67811 -0.553927 174.16 -0.632268 0.16751 0.756424 230.771 0 0 0 1 
Seq_Frame0061_DriverToReference-SequenceTransformStatus = OK
Seq_Frame0061_Timestamp = 6.521
Seq_Frame0062_DriverToReference-SequenceTransform =0.605727 0.715617 0.347833 -1.46395 -0.483044 0.67811 -0.553927 174.16 -0.632268 0.16751 0.756424 230.771 0 0 0 1 
Seq_Frame0062_DriverToReference-SequenceTransformStatus = OK
Seq_Frame0062_Timestamp = 6.626
Seq_Frame0063_DriverToReference-SequenceTransform =0.605727 0.715617 0.347833 -1.46395 -0.483044 0.67811 -0.553927 174.16 -0.632268 0.16751 0.756424 230.771 0 0 0 1 
Seq_Frame0063_DriverToReference-SequenceTransformStatus = OK
Seq_Frame0063_Timestamp = 6.732
Seq_Frame0064_DriverToReference-SequenceTransform =0.721158 0.690319 -0.0582193 -30.1079 -0.626449 0.613931 -0.48026 226.363 -0.29579 0.382815 0.875192 258.869 0 0 0 1 
Seq_Frame0064_DriverToReference-SequenceTransformStatus = OK
Seq_Frame0064_Timestamp = 6.836
Seq_Frame0065_DriverToReference-SequenceTransform =0.713874 0.695481 -0.081794 -49.0861 -0.601026 0.548562 -0.581247 227.497 -0.359377 0.464097 0.809606 270.615 0 0 0 1 
Seq_Frame0065_DriverToReference-SequenceTransformStatus = OK
Seq_Frame0065_Timestamp = 6.942
Seq_Frame0066_DriverToReference-SequenceTransform =0.775444 0.630805 -0.0277866 -55.3404 -0.514024 0.605105 -0.60797 213.966 -0.366697 0.485729 0.793474 271.466 0 0 0 1 
Seq_Frame0066_DriverToReference-SequenceTransformStatus = OK
Seq_Frame0066_Timestamp = 7.052
Seq_Frame0067_DriverToReference-SequenceTransform =0.793685 0.606725 0.0441398 -59.1719 -0.414336 0.592286 -0.69103 204.456 -0.445409 0.530172 0.721477 270.855 0 0 0 1 
Seq_Frame0067_DriverToReference-SequenceTransformStatus = OK
Seq_Frame0067_Timestamp = 7.156
Seq_Frame0068_DriverToReference-SequenceTransform =0.785465 0.606505 0.123268 -62.2114 -0.332992 0.582026 -0.741864 195.057 -0.52169 0.541662 0.659122 272.702 0 0 0 1 
Seq_Frame0068_DriverToReference-SequenceTransformStatus = OK
Seq_Frame0068_Timestamp = 7.259
Seq_Frame0069_DriverToReference-SequenceTransform =0.782898 0.605655 0.142311 -66.6678 -0.323003 0.59118 -0.739036 194.244 -0.531733 0.532623 0.658462 271.811 0 0 0 1 
Seq_Frame0069_DriverToReference-SequenceTransformStatus = OK
Seq_Frame0069_Timestamp = 7.367
Seq_Frame0070_DriverToReference-SequenceTransform =0.791812 0.596656 0.130523 -69.9641 -0.326465 0.594073 -0.735186 194.713 -0.516193 0.539518 0.665181 273.512 0 0 0 1 
Seq_Frame0070_DriverToReference-SequenceTransformStatus = OK
Seq_Frame0070_Timestamp = 7.471
Seq_Frame0071_DriverToReference-SequenceTransform =0.797259 0.593606 0.109591 -72.9077 -0.33361 0.584601 -0.739558 195.038 -0.503073 0.553059 0.664111 274.651 0 0 0 1 
Seq_Frame0071_DriverToReference-SequenceTransformStatus = OK
Seq_Frame0071_Timestamp = 7.577
Seq_Frame0072_DriverToReference-SequenceTransform =0.791731 0.600052 0.11445 -72.218 -0.353768 0.60313 -0.7149 196.899 -0.498006 0.52552 0.689796 275.931 0 0 0 1 
Seq_Frame0072_DriverToReference-SequenceTransformStatus = OK
Seq_Frame0072_Timestamp = 7.687
Seq_Frame0073_DriverToReference-SequenceTransform =0.799801 0.591479 0.102329 -70.3864 -0.377875 0.62857 -0.679786 196.374 -0.4664 0.505026 0.726236 280.357 0 0 0 1 
Seq_Frame0073_DriverToReference-SequenceTransformStatus = OK
Seq_Frame0073_Timestamp = 7.791
Seq_Frame0074_DriverToReference-SequenceTransform =0.799777 0.593057 0.0929493 -67.3318 -0.369246 0.608096 -0.702763 197.441 -0.473301 0.527733 0.705325 279.08 0 0 0 1 
Seq_Frame0074_DriverToReference-SequenceTransformStatus = OK
Seq_Frame0074_Timestamp = 7.909
Seq_Frame0075_DriverToReference-SequenceTransform =0.819689 0.572466 0.0198011 -60.6092 -0.408174 0.608 -0.680977 203.608 -0.401875 0.550107 0.732037 273.205 0 0 0 1 
Seq_Frame0075_DriverToReference-SequenceTransformStatus = OK
Seq_Frame0075_Timestamp = 8.022
Seq_Frame0076_DriverToReference-SequenceTransform =0.827726 0.561101 -0.00592883 -57.6658 -0.427235 0.623329 -0.654928 208.318 -0.363785 0.544635 0.755668 277.307 0 0 0 1 
Seq_Frame0076_DriverToReference-SequenceTransformStatus = OK
Seq_Frame0076_Timestamp = 8.132
Seq_Frame0077_DriverToReference-SequenceTransform =0.80985 0.586319 0.0193152 -63.5405 -0.4214 0.604331 -0.67617 204.884 -0.408125 0.539457 0.736492 283.63 0 0 0 1 
Seq_Frame0077_DriverToReference-SequenceTransformStatus = OK
Seq_Frame0077_Timestamp = 8.237
Seq_Frame0078_DriverToReference-SequenceTransform =0.806274 0.590441 0.0360735 -65.2258 -0.395548 0.583473 -0.709296 196.887 -0.439846 0.557618 0.703987 283.615 0 0 0 1 
Seq_Frame0078_DriverToReference-SequenceTransformStatus = OK
Seq_Frame0078_Timestamp = 8.346
Seq_Frame0079_DriverToReference-SequenceTransform =0.806503 0.590185 0.0351241 -64.4554 -0.396478 0.583955 -0.70838 192.932 -0.438586 0.557385 0.704957 279.748 0 0 0 1 
Seq_Frame0079_DriverToReference-SequenceTransformStatus = OK
Seq_Frame0079_Timestamp = 8.452
Seq_Frame0080_DriverToReference-SequenceTransform =0.802764 0.592838 0.0641437 -62.0066 -0.388588 0.601692 -0.697829 189.594 -0.452294 0.535266 0.713386 277.447 0 0 0 1 
Seq_Frame0080_DriverToReference-SequenceTransformStatus = OK
Seq_Frame0080_Timestamp = 8.562
Seq_Frame0081_DriverToReference-SequenceTransform =0.808212 0.587377 0.0422016 -59.6775 -0.413914 0.617583 -0.66878 186.763 -0.418889 0.523048 0.742262 275.243 0 0 0 1 
Seq_Frame0081_DriverToReference-SequenceTransformStatus = OK
Seq_Frame0081_Timestamp = 8.667
Seq_Frame0082_DriverToReference-SequenceTransform =0.789493 0.610225 0.0657695 -59.3156 -0.415587 0.610357 -0.674353 186.758 -0.45165 0.505064 0.735474 276.22 0 0 0 1 
Seq_Frame0082_DriverToReference-SequenceTransformStatus = OK
Seq_Frame0082_Timestamp = 8.776
Seq_Frame0083_DriverToReference-SequenceTransform =0.773988 0.627491 0.0848421 -59.2802 -0.452717 0.642065 -0.618708 190.13 -0.442708 0.440463 0.781027 278.621 0 0 0 1 
Seq_Frame0083_DriverToReference-SequenceTransformStatus = OK
Seq_Frame0083_Timestamp = 8.882
Seq_Frame0084_DriverToReference-SequenceTransform =0.766194 0.636192 0.0905898 -59.5446 -0.442784 0.624832 -0.643061 192.494 -0.465714 0.452598 0.760438 276.539 0 0 0 1 
Seq_Frame0084_DriverToReference-SequenceTransformStatus = OK
Seq_Frame0084_Timestamp = 8.991
Seq_Frame0085_DriverToReference-SequenceTransform =0.771351 0.629446 0.0938848 -58.6196 -0.435408 0.629548 -0.643498 188.647 -0.464152 0.455485 0.759669 275.099 0 0 0 1 
Seq_Frame0085_DriverToReference-SequenceTransformStatus = OK
Seq_Frame0085_Timestamp = 9.102
Seq_Frame0086_DriverToReference-SequenceTransform =0.754633 0.644588 0.12262 -59.4566 -0.419093 0.617298 -0.66581 186.934 -0.504866 0.451054 0.735976 274.396 0 0 0 1 
Seq_Frame0086_DriverToReference-SequenceTransformStatus = OK
Seq_Frame0086_Timestamp = 9.207
Seq_Frame0087_DriverToReference-SequenceTransform =0.739281 0.66232 0.121635 -59.1249 -0.428413 0.601952 -0.673881 186.442 -0.519543 0.446078 0.728759 271.531 0 0 0 1 
Seq_Frame0087_DriverToReference-SequenceTransformStatus = OK
Seq_Frame0087_Timestamp = 9.313
Seq_Frame0088_DriverToReference-SequenceTransform =0.729411 0.675285 0.109311 -58.3354 -0.453515 0.596988 -0.661762 185.991 -0.512135 0.433122 0.741702 271.179 0 0 0 1 
Seq_Frame0088_DriverToReference-SequenceTransformStatus = OK
Seq_Frame0088_Timestamp = 9.422
Seq_Frame0089_DriverToReference-SequenceTransform =0.710173 0.69926 0.0817914 -56.0644 -0.483379 0.568762 -0.665474 184.582 -0.511859 0.433065 0.741926 269.853 0 0 0 1 
Seq_Frame0089_DriverToReference-SequenceTransformStatus = OK
Seq_Frame0089_Timestamp = 9.534
Seq_Frame0090_DriverToReference-SequenceTransform =0.665805 0.735967 0.122708 -54.5215 -0.467754 0.539846 -0.699838 184.4 -0.581301 0.408558 0.703683 269.018 0 0 0 1 
Seq_Frame0090_DriverToReference-SequenceTransformStatus = OK
Seq_Frame0090_Timestamp = 9.635
Seq_Frame0091_DriverToReference-SequenceTransform =0.645119 0.753887 0.124403 -53.5579 -0.457698 0.511651 -0.727135 184.326 -0.611829 0.41215 0.675128 268.914 0 0 0 1 
Seq_Frame0091_DriverToReference-SequenceTransformStatus = OK
Seq_Frame0091_Timestamp = 9.742
Seq_Frame0092_DriverToReference-SequenceTransform =0.637585 0.75725 0.141626 -51.8478 -0.412377 0.49076 -0.767529 182.615 -0.650715 0.430962 0.625174 267.802 0 0 0 1 
Seq_Frame0092_DriverToReference-SequenceTransformStatus = OK
Seq_Frame0092_Timestamp = 9.848
Seq_Frame0093_DriverToReference-SequenceTransform =0.642769 0.755295 0.12797 -49.7332 -0.411198 0.481116 -0.774238 181.883 -0.646346 0.445035 0.619823 266.909 0 0 0 1 
Seq_Frame0093_DriverToReference-SequenceTransformStatus = OK
Seq_Frame0093_Timestamp = 9.957
Seq_Frame0094_DriverToReference-SequenceTransform =0.645949 0.75217 0.130346 -47.3401 -0.387139 0.469936 -0.793274 181.095 -0.657931 0.461953 0.594749 266.156 0 0 0 1 
Seq_Frame0094_DriverToReference-SequenceTransformStatus = OK
Seq_Frame0094_Timestamp = 10.063
Seq_Frame0095_DriverToReference-SequenceTransform =0.66217 0.737623 0.132073 -45.3669 -0.437879 0.523905 -0.730606 181.918 -0.608106 0.425953 0.669904 264.134 0 0 0 1 
Seq_Frame0095_DriverToReference-SequenceTransformStatus = OK
Seq_Frame0095_Timestamp = 10.176
Seq_Frame0096_DriverToReference-SequenceTransform =0.656317 0.74846 0.095157 -45.262 -0.390963 0.445246 -0.805546 185.148 -0.645288 0.491491 0.584843 263.596 0 0 0 1 
Seq_Frame0096_DriverToReference-SequenceTransformStatus = OK
Seq_Frame0096_Timestamp = 10.278
Seq_Frame0097_DriverToReference-SequenceTransform =0.664834 0.742765 0.0793402 -42.162 -0.37484 0.4236 -0.824656 188.317 -0.646135 0.51852 0.560042 260.947 0 0 0 1 
Seq_Frame0097_DriverToReference-SequenceTransformStatus = OK
Seq_Frame0097_Timestamp = 10.381
Seq_Frame0098_DriverToReference-SequenceTransform =0.685515 0.723601 0.0804389 -38.845 -0.325065 0.403056 -0.855499 189.983 -0.651462 0.56031 0.511518 261.813 0 0 0 1 
Seq_Frame0098_DriverToReference-SequenceTransformStatus = OK
Seq_Frame0098_Timestamp = 10.487
Seq_Frame0099_DriverToReference-SequenceTransform =0.719697 0.688576 0.0888717 -33.6895 -0.263839 0.389647 -0.882363 192.914 -0.642203 0.611586 0.462101 266.84 0 0 0 1 
Seq_Frame0099_DriverToReference-SequenceTransformStatus = OK
Seq_Frame0099_Timestamp = 10.597
Seq_Frame0100_DriverToReference-SequenceTransform =0.77031 0.636789 0.033505 -28.9371 -0.30611 0.415366 -0.856602 197.309 -0.559392 0.649593 0.514888 268.753 0 0 0 1 
Seq_Frame0100_DriverToReference-SequenceTransformStatus = OK
Seq_Frame0100_Timestamp = 10.707
Seq_Frame0101_DriverToReference-SequenceTransform =0.803746 0.594743 0.016539 -31.2359 -0.343318 0.48631 -0.803515 200.915 -0.485928 0.640143 0.595055 272.231 0 0 0 1 
Seq_Frame0101_DriverToReference-SequenceTransformStatus = OK
Seq_Frame0101_Timestamp = 10.812
Seq_Frame0102_DriverToReference-SequenceTransform =0.84343 0.536037 -0.0359157 -52.0517 -0.403904 0.588603 -0.700291 203.242 -0.354242 0.605153 0.712953 279.985 0 0 0 1 
Seq_Frame0102_DriverToReference-SequenceTransformStatus = OK
Seq_Frame0102_Timestamp = 10.923
Seq_Frame0103_DriverToReference-SequenceTransform =0.825443 0.56139 0.059038 -60.8093 -0.369167 0.615991 -0.695895 200.038 -0.427035 0.552627 0.715712 281.789 0 0 0 1 
Seq_Frame0103_DriverToReference-SequenceTransformStatus = OK
Seq_Frame0103_Timestamp = 11.027
Seq_Frame0104_DriverToReference-SequenceTransform =0.830984 0.552389 0.0658164 -64.1068 -0.341631 0.600111 -0.723295 196.498 -0.439037 0.578562 0.687396 279.946 0 0 0 1 
Seq_Frame0104_DriverToReference-SequenceTransformStatus = OK
Seq_Frame0104_Timestamp = 11.132
Seq_Frame0105_DriverToReference-SequenceTransform =0.835766 0.541992 0.0879812 -62.4217 -0.309464 0.597309 -0.739901 192.516 -0.453572 0.591157 0.666937 277.521 0 0 0 1 
Seq_Frame0105_DriverToReference-SequenceTransformStatus = OK
Seq_Frame0105_Timestamp = 11.237
Seq_Frame0106_DriverToReference-SequenceTransform =0.830359 0.550576 0.0858543 -64.4104 -0.308303 0.582277 -0.752265 189.456 -0.46417 0.598181 0.653243 278.995 0 0 0 1 
Seq_Frame0106_DriverToReference-SequenceTransformStatus = OK
Seq_Frame0106_Timestamp = 11.347
Seq_Frame0107_DriverToReference-SequenceTransform =0.820759 0.563676 0.0928659 -64.0291 -0.316268 0.583718 -0.747829 187.204 -0.47574 0.584417 0.657365 276.392 0 0 0 1 
Seq_Frame0107_DriverToReference-SequenceTransformStatus = OK
Seq_Frame0107_Timestamp = 11.45
Seq_Frame0108_DriverToReference-SequenceTransform =0.819312 0.568528 0.0741846 -64.6184 -0.341101 0.587335 -0.733954 186.586 -0.460845 0.576033 0.675136 276.445 0 0 0 1 
Seq_Frame0108_DriverToReference-SequenceTransformStatus = OK
Seq_Frame0108_Timestamp = 11.562
Seq_Frame0109_DriverToReference-SequenceTransform =0.815793 0.572713 0.0805036 -65.1001 -0.337892 0.584949 -0.737336 185.082 -0.469372 0.574312 0.670713 275.691 0 0 0 1 
Seq_Frame0109_DriverToReference-SequenceTransformStatus = OK
Seq_Frame0109_Timestamp = 11.667
Seq_Frame0110_DriverToReference-SequenceTransform =0.811337 0.578376 0.0849299 -65.1854 -0.350238 0.597259 -0.721536 184.666 -0.468045 0.555664 0.687148 275.324 0 0 0 1 
Seq_Frame0110_DriverToReference-SequenceTransformStatus = OK
Seq_Frame0110_Timestamp = 11.777
Seq_Frame0111_DriverToReference-SequenceTransform =0.802392 0.589484 0.0931402 -65.4572 -0.348278 0.589257 -0.729026 183.94 -0.484633 0.552526 0.678119 274.376 0 0 0 1 
Seq_Frame0111_DriverToReference-SequenceTransformStatus = OK
Seq_Frame0111_Timestamp = 11.882
Seq_Frame0112_DriverToReference-SequenceTransform =0.786012 0.608828 0.107307 -65.7026 -0.33634 0.56678 -0.752088 183.475 -0.518711 0.555058 0.650269 274.402 0 0 0 1 
Seq_Frame0112_DriverToReference-SequenceTransformStatus = OK
Seq_Frame0112_Timestamp = 11.991
Seq_Frame0113_DriverToReference-SequenceTransform =0.797031 0.603921 0.00447882 -65.4011 -0.429017 0.571388 -0.699615 182.837 -0.425071 0.555693 0.714506 276.427 0 0 0 1 
Seq_Frame0113_DriverToReference-SequenceTransformStatus = OK
Seq_Frame0113_Timestamp = 12.109
Seq_Frame0114_DriverToReference-SequenceTransform =0.679811 0.724177 0.115866 -61.7007 -0.405625 0.502894 -0.76326 182.903 -0.611004 0.471874 0.635618 273.683 0 0 0 1 
Seq_Frame0114_DriverToReference-SequenceTransformStatus = OK
Seq_Frame0114_Timestamp = 12.222
Seq_Frame0115_DriverToReference-SequenceTransform =0.66272 0.743245 0.0915876 -58.8851 -0.465203 0.504438 -0.727412 183.723 -0.586846 0.439464 0.680061 275.088 0 0 0 1 
Seq_Frame0115_DriverToReference-SequenceTransformStatus = OK
Seq_Frame0115_Timestamp = 12.332
Seq_Frame0116_DriverToReference-SequenceTransform =0.680366 0.730603 0.0576311 -58.02 -0.442769 0.472437 -0.762075 184.124 -0.584002 0.492973 0.644918 275.624 0 0 0 1 
Seq_Frame0116_DriverToReference-SequenceTransformStatus = OK
Seq_Frame0116_Timestamp = 12.435
Seq_Frame0117_DriverToReference-SequenceTransform =0.677543 0.732068 0.0707937 -57.1166 -0.436035 0.477334 -0.762906 184.453 -0.592292 0.486033 0.642622 276.223 0 0 0 1 
Seq_Frame0117_DriverToReference-SequenceTransformStatus = OK
Seq_Frame0117_Timestamp = 12.541
Seq_Frame0118_DriverToReference-SequenceTransform =0.691601 0.717985 0.0786451 -55.2208 -0.402739 0.473727 -0.783188 184.41 -0.599574 0.50998 0.616791 274.607 0 0 0 1 
Seq_Frame0118_DriverToReference-SequenceTransformStatus = OK
Seq_Frame0118_Timestamp = 12.651
Seq_Frame0119_DriverToReference-SequenceTransform =0.69501 0.714714 0.0783874 -51.6854 -0.362272 0.44227 -0.820461 184.826 -0.621064 0.541831 0.566303 271.052 0 0 0 1 
Seq_Frame0119_DriverToReference-SequenceTransformStatus = OK
Seq_Frame0119_Timestamp = 12.757
Seq_Frame0120_DriverToReference-SequenceTransform =0.716607 0.694841 0.0605876 -45.0039 -0.32091 0.405591 -0.85587 185.905 -0.619267 0.593879 0.513631 268.946 0 0 0 1 
Seq_Frame0120_DriverToReference-SequenceTransformStatus = OK
Seq_Frame0120_Timestamp = 12.866
Seq_Frame0121_DriverToReference-SequenceTransform =0.755213 0.655474 -0.00268493 -46.8732 -0.43418 0.497169 -0.751206 195.205 -0.491061 0.568487 0.660062 270.498 0 0 0 1 
Seq_Frame0121_DriverToReference-SequenceTransformStatus = OK
Seq_Frame0121_Timestamp = 12.972
Seq_Frame0122_DriverToReference-SequenceTransform =0.852294 0.516912 -0.0799874 -71.8927 -0.45479 0.656791 -0.601492 222.862 -0.258383 0.549025 0.794865 287.566 0 0 0 1 
Seq_Frame0122_DriverToReference-SequenceTransformStatus = OK
Seq_Frame0122_Timestamp = 13.078
Seq_Frame0123_DriverToReference-SequenceTransform =0.771895 0.49235 -0.402207 -90.4579 -0.628098 0.688456 -0.36266 254.189 0.0983458 0.532561 0.840659 289.611 0 0 0 1 
Seq_Frame0123_DriverToReference-SequenceTransformStatus = OK
Seq_Frame0123_Timestamp = 13.182
Seq_Frame0124_DriverToReference-SequenceTransform =0.771895 0.49235 -0.402207 -90.4579 -0.628098 0.688456 -0.36266 254.189 0.0983458 0.532561 0.840659 289.611 0 0 0 1 
Seq_Frame0124_DriverToReference-SequenceTransformStatus = OK
Seq_Frame0124_Timestamp = 13.291
Seq_Frame0125_DriverToReference-SequenceTransform =0.771895 0.49235 -0.402207 -90.4579 -0.628098 0.688456 -0.36266 254.189 0.0983458 0.532561 0.840659 289.611 0 0 0 1 
Seq_Frame0125_DriverToReference-SequenceTransformStatus = OK
Seq_Frame0125_Timestamp = 13.402
Seq_Frame0126_DriverToReference-SequenceTransform =0.771895 0.49235 -0.402207 -90.4579 -0.628098 0.688456 -0.36266 254.189 0.0983458 0.532561 0.840659 289.611 0 0 0 1 
Seq_Frame0126_DriverToReference-SequenceTransformStatus = OK
Seq_Frame0126_Timestamp = 13.507
Seq_Frame0127_DriverToReference-SequenceTransform =0.771895 0.49235 -0.402207 -90.4579 -0.628098 0.688456 -0.36266 254.189 0.0983458 0.532561 0.840659 289.611 0 0 0 1 
Seq_Frame0127_DriverToReference-SequenceTransformStatus = OK
Seq_Frame0127_Timestamp = 13.609
Seq_Frame0128_DriverToReference-SequenceTransform =0.771895 0.49235 -0.402207 -90.4579 -0.628098 0.688456 -0.36266 254.189 0.0983458 0.532561 0.840659 289.611 0 0 0 1 
Seq_Frame0128_DriverToReference-SequenceTransformStatus = OK
Seq_Frame0128_Timestamp = 13.716
Seq_Frame0129_DriverToReference-SequenceTransform =0.771895 0.49235 -0.402207 -90.4579 -0.628098 0.688456 -0.36266 254.189 0.0983458 0.532561 0.840659 289.611 0 0 0 1 
Seq_Frame0129_DriverToReference-SequenceTransformStatus = OK
Seq_Frame0129_Timestamp = 13.821
Seq_Frame0130_DriverToReference-SequenceTransform =0.771895 0.49235 -0.402207 -90.4579 -0.628098 0.688456 -0.36266 254.189 0.0983458 0.532561 0.840659 289.611 0 0 0 1 
Seq_Frame0130_DriverToReference-SequenceTransformStatus = OK
Seq_Frame0130_Timestamp = 13.927
Seq_Frame0131_DriverToReference-SequenceTransform =0.771895 0.49235 -0.402207 -90.4579 -0.628098 0.688456 -0.36266 254.189 0.0983458 0.532561 0.840659 289.611 0 0 0 1 
Seq_Frame0131_DriverToReference-SequenceTransformStatus = OK
Seq_Frame0131_Timestamp = 14.034
Seq_Frame0132_DriverToReference-SequenceTransform =0.771895 0.49235 -0.402207 -90.4579 -0.628098 0.688456 -0.36266 254.189 0.0983458 0.532561 0.840659 289.611 0 0 0 1 
Seq_Frame0132_DriverToReference-SequenceTransformStatus = OK
Seq_Frame0132_Timestamp = 14.141
Seq_Frame0133_DriverToReference-SequenceTransform =0.771895 0.49235 -0.402207 -90.4579 -0.628098 0.688456 -0.36266 254.189 0.0983458 0.532561 0.840659 289.611 0 0 0 1 
Seq_Frame0133_DriverToReference-SequenceTransformStatus = OK
Seq_Frame0133_Timestamp = 14.242
Seq_Frame0134_DriverToReference-SequenceTransform =0.771895 0.49235 -0.402207 -90.4579 -0.628098 0.688456 -0.36266 254.189 0.0983458 0.532561 0.840659 289.611 0 0 0 1 
Seq_Frame0134_DriverToReference-SequenceTransformStatus = OK
Seq_Frame0134_Timestamp = 14.342
Seq_Frame0135_DriverToReference-SequenceTransform =0.771895 0.49235 -0.402207 -90.4579 -0.628098 0.688456 -0.36266 254.189 0.0983458 0.532561 0.840659 289.611 0 0 0 1 
Seq_Frame0135_DriverToReference-SequenceTransformStatus = OK
Seq_Frame0135_Timestamp = 14.446
Seq_Frame0136_DriverToReference-SequenceTransform =0.771895 0.49235 -0.402207 -90.4579 -0.628098 0.688456 -0.36266 254.189 0.0983458 0.532561 0.840659 289.611 0 0 0 1 
Seq_Frame0136_DriverToReference-SequenceTransformStatus = OK
Seq_Frame0136_Timestamp = 14.557
Seq_Frame0137_DriverToReference-SequenceTransform =0.771895 0.49235 -0.402207 -90.4579 -0.628098 0.688456 -0.36266 254.189 0.0983458 0.532561 0.840659 289.611 0 0 0 1 
Seq_Frame0137_DriverToReference-SequenceTransformStatus = OK
Seq_Frame0137_Timestamp = 14.659
Seq_Frame0138_DriverToReference-SequenceTransform =0.771895 0.49235 -0.402207 -90.4579 -0.628098 0.688456 -0.36266 254.189 0.0983458 0.532561 0.840659 289.611 0 0 0 1 
Seq_Frame0138_DriverToReference-SequenceTransformStatus = OK
Seq_Frame0138_Timestamp = 14.767
Seq_Frame0139_DriverToReference-SequenceTransform =0.771895 0.49235 -0.402207 -90.4579 -0.628098 0.688456 -0.36266 254.189 0.0983458 0.532561 0.840659 289.611 0 0 0 1 
Seq_Frame0139_DriverToReference-SequenceTransformStatus = OK
Seq_Frame0139_Timestamp = 14.872
Seq_Frame0140_DriverToReference-SequenceTransform =0.771895 0.49235 -0.402207 -90.4579 -0.628098 0.688456 -0.36266 254.189 0.0983458 0.532561 0.840659 289.611 0 0 0 1 
Seq_Frame0140_DriverToReference-SequenceTransformStatus = OK
Seq_Frame0140_Timestamp = 14.981
Seq_Frame0141_DriverToReference-SequenceTransform =0.771895 0.49235 -0.402207 -90.4579 -0.628098 0.688456 -0.36266 254.189 0.0983458 0.532561 0.840659 289.611 0 0 0 1 
Seq_Frame0141_DriverToReference-SequenceTransformStatus = OK
Seq_Frame0141_Timestamp = 15.087
Seq_Frame0142_DriverToReference-SequenceTransform =0.771895 0.49235 -0.402207 -90.4579 -0.628098 0.688456 -0.36266 254.189 0.0983458 0.532561 0.840659 289.611 0 0 0 1 
Seq_Frame0142_DriverToReference-SequenceTransformStatus = OK
Seq_Frame0142_Timestamp = 15.196
Seq_Frame0143_DriverToReference-SequenceTransform =0.771895 0.49235 -0.402207 -90.4579 -0.628098 0.688456 -0.36266 254.189 0.0983458 0.532561 0.840659 289.611 0 0 0 1 
Seq_Frame0143_DriverToReference-SequenceTransformStatus = OK
Seq_Frame0143_Timestamp = 15.307
Seq_Frame0144_DriverToReference-SequenceTransform =0.771895 0.49235 -0.402207 -90.4579 -0.628098 0.688456 -0.36266 254.189 0.0983458 0.532561 0.840659 289.611 0 0 0 1 
Seq_Frame0144_DriverToReference-SequenceTransformStatus = OK
Seq_Frame0144_Timestamp = 15.411
Seq_Frame0145_DriverToReference-SequenceTransform =0.771895 0.49235 -0.402207 -90.4579 -0.628098 0.688456 -0.36266 254.189 0.0983458 0.532561 0.840659 289.611 0 0 0 1 
Seq_Frame0145_DriverToReference-SequenceTransformStatus = OK
Seq_Frame0145_Timestamp = 15.522
Seq_Frame0146_DriverToReference-SequenceTransform =0.771895 0.49235 -0.402207 -90.4579 -0.628098 0.688456 -0.36266 254.189 0.0983458 0.532561 0.840659 289.611 0 0 0 1 
Seq_Frame0146_DriverToReference-SequenceTransformStatus = OK
Seq_Frame0146_Timestamp = 15.634
Seq_Frame0147_DriverToReference-SequenceTransform =0.771895 0.49235 -0.402207 -90.4579 -0.628098 0.688456 -0.36266 254.189 0.0983458 0.532561 0.840659 289.611 0 0 0 1 
Seq_Frame0147_DriverToReference-SequenceTransformStatus = OK
Seq_Frame0147_Timestamp = 15.751
Seq_Frame0148_DriverToReference-SequenceTransform =0.771895 0.49235 -0.402207 -90.4579 -0.628098 0.688456 -0.36266 254.189 0.0983458 0.532561 0.840659 289.611 0 0 0 1 
Seq_Frame0148_DriverToReference-SequenceTransformStatus = OK
Seq_Frame0148_Timestamp = 15.857
Seq_Frame0149_DriverToReference-SequenceTransform =0.771895 0.49235 -0.402207 -90.4579 -0.628098 0.688456 -0.36266 254.189 0.0983458 0.532561 0.840659 289.611 0 0 0 1 
Seq_Frame0149_DriverToReference-SequenceTransformStatus = OK
Seq_Frame0149_Timestamp = 15.966
Seq_Frame0150_DriverToReference-SequenceTransform =0.771895 0.49235 -0.402207 -90.4579 -0.628098 0.688456 -0.36266 254.189 0.0983458 0.532561 0.840659 289.611 0 0 0 1 
Seq_Frame0150_DriverToReference-SequenceTransformStatus = OK
Seq_Frame0150_Timestamp = 16.072
Seq_Frame0151_DriverToReference-SequenceTransform =0.771895 0.49235 -0.402207 -90.4579 -0.628098 0.688456 -0.36266 254.189 0.0983458 0.532561 0.840659 289.611 0 0 0 1 
