ObjectType = Image
NDims = 3
AnatomicalOrientation = RAI
BinaryData = True
CompressedData = False
DimSize = 0 0 3192
ElementSpacing = 1 1 1
Offset = 0 0 0
TransformMatrix = 1 0 0 0 1 0 0 0 1
ElementType = MET_UCHAR
Kinds = domain domain list
Seq_Frame0000_ForcepToReference-SequenceTransform =0.47579 0.877911 0.0538199 28.525 -0.831287 0.468827 -0.298603 -12.9956 -0.287379 0.0973325 0.952859 -17.9608 0 0 0 1 
Seq_Frame0000_ForcepToReference-SequenceTransformStatus = OK
Seq_Frame0000_Timestamp = 0.00199986
Seq_Frame0001_ForcepToReference-SequenceTransform =0.476037 0.877748 0.0542805 28.5423 -0.831141 0.469214 -0.298401 -13.0036 -0.28739 0.0969353 0.952896 -17.9103 0 0 0 1 
Seq_Frame0001_ForcepToReference-SequenceTransformStatus = OK
Seq_Frame0001_Timestamp = 0.107
Seq_Frame0002_ForcepToReference-SequenceTransform =0.475425 0.878128 0.0534971 28.5298 -0.831786 0.468475 -0.297765 -13.0085 -0.286538 0.0970667 0.953139 -17.8954 0 0 0 1 
Seq_Frame0002_ForcepToReference-SequenceTransformStatus = OK
Seq_Frame0002_Timestamp = 0.218
Seq_Frame0003_ForcepToReference-SequenceTransform =0.476116 0.877648 0.0551971 28.5257 -0.830703 0.469467 -0.299221 -12.9787 -0.288524 0.0966114 0.952586 -17.9483 0 0 0 1 
Seq_Frame0003_ForcepToReference-SequenceTransformStatus = OK
Seq_Frame0003_Timestamp = 0.321
Seq_Frame0004_ForcepToReference-SequenceTransform =0.474919 0.878496 0.0519253 28.5064 -0.832435 0.467592 -0.297338 -12.9865 -0.285491 0.0979872 0.953359 -18.0351 0 0 0 1 
Seq_Frame0004_ForcepToReference-SequenceTransformStatus = OK
Seq_Frame0004_Timestamp = 0.426
Seq_Frame0005_ForcepToReference-SequenceTransform =0.475047 0.878399 0.0524076 28.5313 -0.832382 0.467882 -0.29703 -13.0058 -0.285431 0.0974801 0.953429 -17.9342 0 0 0 1 
Seq_Frame0005_ForcepToReference-SequenceTransformStatus = OK
Seq_Frame0005_Timestamp = 0.534
Seq_Frame0006_ForcepToReference-SequenceTransform =0.476006 0.877744 0.0546268 28.515 -0.831468 0.469406 -0.297185 -12.976 -0.286494 0.0960412 0.953256 -17.9196 0 0 0 1 
Seq_Frame0006_ForcepToReference-SequenceTransformStatus = OK
Seq_Frame0006_Timestamp = 0.641
Seq_Frame0007_ForcepToReference-SequenceTransform =0.476128 0.877669 0.0547681 28.5232 -0.831651 0.469653 -0.296281 -12.9939 -0.285758 0.0955197 0.953529 -17.9378 0 0 0 1 
Seq_Frame0007_ForcepToReference-SequenceTransformStatus = OK
Seq_Frame0007_Timestamp = 0.742
Seq_Frame0008_ForcepToReference-SequenceTransform =0.475412 0.878169 0.0529411 28.5236 -0.833045 0.468699 -0.293866 -12.9744 -0.282878 0.0956053 0.954379 -18.0312 0 0 0 1 
Seq_Frame0008_ForcepToReference-SequenceTransformStatus = OK
Seq_Frame0008_Timestamp = 0.842
Seq_Frame0009_ForcepToReference-SequenceTransform =0.47624 0.877598 0.0549301 28.5279 -0.831268 0.469705 -0.297272 -12.9882 -0.286686 0.0959109 0.953212 -17.9366 0 0 0 1 
Seq_Frame0009_ForcepToReference-SequenceTransformStatus = OK
Seq_Frame0009_Timestamp = 0.946
Seq_Frame0010_ForcepToReference-SequenceTransform =0.476058 0.877742 0.0541976 28.5305 -0.831211 0.469232 -0.298177 -12.9875 -0.287154 0.0968999 0.952971 -17.9486 0 0 0 1 
Seq_Frame0010_ForcepToReference-SequenceTransformStatus = OK
Seq_Frame0010_Timestamp = 1.051
Seq_Frame0011_ForcepToReference-SequenceTransform =0.475944 0.877808 0.0541324 28.526 -0.83195 0.46933 -0.295952 -13.0027 -0.285195 0.0958211 0.953668 -17.9257 0 0 0 1 
Seq_Frame0011_ForcepToReference-SequenceTransformStatus = OK
Seq_Frame0011_Timestamp = 1.168
Seq_Frame0012_ForcepToReference-SequenceTransform =0.475964 0.877788 0.0542787 28.526 -0.831948 0.469402 -0.295846 -12.9853 -0.285169 0.0956552 0.953692 -17.941 0 0 0 1 
Seq_Frame0012_ForcepToReference-SequenceTransformStatus = OK
Seq_Frame0012_Timestamp = 1.282
Seq_Frame0013_ForcepToReference-SequenceTransform =0.475296 0.878251 0.052625 28.5463 -0.832235 0.468187 -0.296963 -13.0029 -0.285446 0.0973489 0.953438 -17.9622 0 0 0 1 
Seq_Frame0013_ForcepToReference-SequenceTransformStatus = OK
Seq_Frame0013_Timestamp = 1.384
Seq_Frame0014_ForcepToReference-SequenceTransform =0.475511 0.878063 0.0538027 28.5258 -0.832019 0.468754 -0.296672 -12.9714 -0.285717 0.096306 0.953463 -17.9755 0 0 0 1 
Seq_Frame0014_ForcepToReference-SequenceTransformStatus = OK
Seq_Frame0014_Timestamp = 1.491
Seq_Frame0015_ForcepToReference-SequenceTransform =0.476047 0.877761 0.0539902 28.5445 -0.831496 0.469245 -0.297361 -13.0033 -0.286347 0.0966654 0.953237 -17.9341 0 0 0 1 
Seq_Frame0015_ForcepToReference-SequenceTransformStatus = OK
Seq_Frame0015_Timestamp = 1.596
Seq_Frame0016_ForcepToReference-SequenceTransform =0.476514 0.877447 0.0549706 28.5435 -0.831057 0.469957 -0.297463 -13.0077 -0.286842 0.0960614 0.95315 -17.923 0 0 0 1 
Seq_Frame0016_ForcepToReference-SequenceTransformStatus = OK
Seq_Frame0016_Timestamp = 1.701
Seq_Frame0017_ForcepToReference-SequenceTransform =0.475326 0.878223 0.0528219 28.5349 -0.832357 0.468329 -0.296396 -13.0021 -0.28504 0.0969182 0.953603 -17.9495 0 0 0 1 
Seq_Frame0017_ForcepToReference-SequenceTransformStatus = OK
Seq_Frame0017_Timestamp = 1.806
Seq_Frame0018_ForcepToReference-SequenceTransform =0.475727 0.877964 0.0535047 28.5361 -0.831678 0.468781 -0.297583 -12.9954 -0.286349 0.0970695 0.953195 -17.946 0 0 0 1 
Seq_Frame0018_ForcepToReference-SequenceTransformStatus = OK
Seq_Frame0018_Timestamp = 1.911
Seq_Frame0019_ForcepToReference-SequenceTransform =0.475737 0.877943 0.0537635 28.5326 -0.831541 0.468835 -0.297882 -12.9985 -0.286729 0.0970067 0.953088 -17.9471 0 0 0 1 
Seq_Frame0019_ForcepToReference-SequenceTransformStatus = OK
Seq_Frame0019_Timestamp = 2.017
Seq_Frame0020_ForcepToReference-SequenceTransform =0.475635 0.877999 0.0537463 28.5408 -0.831784 0.468796 -0.297265 -12.9884 -0.286195 0.0966845 0.953281 -17.9793 0 0 0 1 
Seq_Frame0020_ForcepToReference-SequenceTransformStatus = OK
Seq_Frame0020_Timestamp = 2.127
Seq_Frame0021_ForcepToReference-SequenceTransform =0.475607 0.878043 0.0532874 28.5401 -0.832223 0.468757 -0.296092 -12.9977 -0.28496 0.0964763 0.953672 -17.9741 0 0 0 1 
Seq_Frame0021_ForcepToReference-SequenceTransformStatus = OK
Seq_Frame0021_Timestamp = 2.232
Seq_Frame0022_ForcepToReference-SequenceTransform =0.476023 0.877768 0.0540791 28.5442 -0.831394 0.469215 -0.297695 -12.9978 -0.286682 0.0967486 0.953128 -17.9481 0 0 0 1 
Seq_Frame0022_ForcepToReference-SequenceTransformStatus = OK
Seq_Frame0022_Timestamp = 2.334
Seq_Frame0023_ForcepToReference-SequenceTransform =0.475585 0.878051 0.0533369 28.5375 -0.831677 0.468564 -0.297926 -12.9851 -0.286586 0.0973301 0.953098 -17.998 0 0 0 1 
Seq_Frame0023_ForcepToReference-SequenceTransformStatus = OK
Seq_Frame0023_Timestamp = 2.446
Seq_Frame0024_ForcepToReference-SequenceTransform =0.475719 0.877962 0.0536085 28.539 -0.83179 0.468846 -0.297167 -13.0022 -0.286036 0.096777 0.953319 -17.9335 0 0 0 1 
Seq_Frame0024_ForcepToReference-SequenceTransformStatus = OK
Seq_Frame0024_Timestamp = 2.552
Seq_Frame0025_ForcepToReference-SequenceTransform =0.476154 0.877666 0.0545831 28.5437 -0.831262 0.469489 -0.29763 -12.991 -0.286846 0.0963448 0.95312 -17.934 0 0 0 1 
Seq_Frame0025_ForcepToReference-SequenceTransformStatus = OK
Seq_Frame0025_Timestamp = 2.659
Seq_Frame0026_ForcepToReference-SequenceTransform =0.475769 0.87792 0.053852 28.545 -0.831438 0.468866 -0.298121 -13.0039 -0.286976 0.0970623 0.953008 -17.9052 0 0 0 1 
Seq_Frame0026_ForcepToReference-SequenceTransformStatus = OK
Seq_Frame0026_Timestamp = 2.767
Seq_Frame0027_ForcepToReference-SequenceTransform =0.475853 0.877868 0.0539512 28.5382 -0.831766 0.469105 -0.296826 -13.0056 -0.285883 0.0963707 0.953406 -17.9263 0 0 0 1 
Seq_Frame0027_ForcepToReference-SequenceTransformStatus = OK
Seq_Frame0027_Timestamp = 2.876
Seq_Frame0028_ForcepToReference-SequenceTransform =0.476052 0.877743 0.0542427 28.5386 -0.831103 0.469205 -0.298522 -13.0079 -0.287476 0.0970307 0.95286 -17.9064 0 0 0 1 
Seq_Frame0028_ForcepToReference-SequenceTransformStatus = OK
Seq_Frame0028_Timestamp = 2.982
Seq_Frame0029_ForcepToReference-SequenceTransform =0.476032 0.877716 0.0548411 28.5327 -0.831089 0.469381 -0.298282 -12.9803 -0.287548 0.0964138 0.952901 -17.9537 0 0 0 1 
Seq_Frame0029_ForcepToReference-SequenceTransformStatus = OK
Seq_Frame0029_Timestamp = 3.091
Seq_Frame0030_ForcepToReference-SequenceTransform =0.475834 0.877923 0.0532252 28.5384 -0.831836 0.468861 -0.297016 -12.9929 -0.285713 0.0970557 0.953388 -17.9855 0 0 0 1 
Seq_Frame0030_ForcepToReference-SequenceTransformStatus = OK
Seq_Frame0030_Timestamp = 3.197
Seq_Frame0031_ForcepToReference-SequenceTransform =0.475299 0.878238 0.0528106 28.5285 -0.831854 0.468123 -0.298127 -12.9965 -0.286548 0.0977689 0.953064 -18.0139 0 0 0 1 
Seq_Frame0031_ForcepToReference-SequenceTransformStatus = OK
Seq_Frame0031_Timestamp = 3.306
Seq_Frame0032_ForcepToReference-SequenceTransform =0.476875 0.877195 0.0558395 28.544 -0.830927 0.470614 -0.296788 -13.0324 -0.28662 0.0951323 0.953309 -17.8573 0 0 0 1 
Seq_Frame0032_ForcepToReference-SequenceTransformStatus = OK
Seq_Frame0032_Timestamp = 3.412
Seq_Frame0033_ForcepToReference-SequenceTransform =0.476648 0.877364 0.0551299 28.5363 -0.831347 0.470259 -0.296174 -13.0218 -0.285778 0.0953386 0.953542 -17.9254 0 0 0 1 
Seq_Frame0033_ForcepToReference-SequenceTransformStatus = OK
Seq_Frame0033_Timestamp = 3.522
Seq_Frame0034_ForcepToReference-SequenceTransform =0.475623 0.878038 0.0532089 28.5268 -0.832216 0.468747 -0.296129 -13.0072 -0.284954 0.0965646 0.953665 -17.983 0 0 0 1 
Seq_Frame0034_ForcepToReference-SequenceTransformStatus = OK
Seq_Frame0034_Timestamp = 3.626
Seq_Frame0035_ForcepToReference-SequenceTransform =0.475768 0.877963 0.053163 28.5339 -0.832009 0.468825 -0.296589 -13.0222 -0.285318 0.0968753 0.953524 -17.9352 0 0 0 1 
Seq_Frame0035_ForcepToReference-SequenceTransformStatus = OK
Seq_Frame0035_Timestamp = 3.734
Seq_Frame0036_ForcepToReference-SequenceTransform =0.476377 0.87755 0.0545073 28.5356 -0.831451 0.469778 -0.296646 -13.0164 -0.285928 0.0959951 0.953431 -17.9451 0 0 0 1 
Seq_Frame0036_ForcepToReference-SequenceTransformStatus = OK
Seq_Frame0036_Timestamp = 3.842
Seq_Frame0037_ForcepToReference-SequenceTransform =0.475736 0.878002 0.0527996 28.5336 -0.83189 0.468626 -0.297235 -13.0074 -0.285716 0.0974819 0.953343 -17.9998 0 0 0 1 
Seq_Frame0037_ForcepToReference-SequenceTransformStatus = OK
Seq_Frame0037_Timestamp = 3.947
Seq_Frame0038_ForcepToReference-SequenceTransform =0.475458 0.878171 0.0524934 28.5329 -0.831965 0.468233 -0.297644 -13.0027 -0.285961 0.0978446 0.953233 -18.0126 0 0 0 1 
Seq_Frame0038_ForcepToReference-SequenceTransformStatus = OK
Seq_Frame0038_Timestamp = 4.051
Seq_Frame0039_ForcepToReference-SequenceTransform =0.475631 0.87806 0.0527791 28.533 -0.831954 0.468521 -0.29722 -13.0048 -0.285705 0.0974571 0.953349 -18.0166 0 0 0 1 
Seq_Frame0039_ForcepToReference-SequenceTransformStatus = OK
Seq_Frame0039_Timestamp = 4.159
Seq_Frame0040_ForcepToReference-SequenceTransform =0.475407 0.878189 0.0526583 28.5217 -0.831945 0.468225 -0.297714 -12.9875 -0.286105 0.0977267 0.953202 -18.0511 0 0 0 1 
Seq_Frame0040_ForcepToReference-SequenceTransformStatus = OK
Seq_Frame0040_Timestamp = 4.267
Seq_Frame0041_ForcepToReference-SequenceTransform =0.475979 0.877813 0.0537467 28.5248 -0.832 0.469257 -0.295929 -13.0161 -0.284991 0.0961386 0.953697 -17.9469 0 0 0 1 
Seq_Frame0041_ForcepToReference-SequenceTransformStatus = OK
Seq_Frame0041_Timestamp = 4.372
Seq_Frame0042_ForcepToReference-SequenceTransform =0.475397 0.878198 0.0525891 28.5269 -0.832484 0.468374 -0.295966 -13.0173 -0.284548 0.096922 0.95375 -17.9535 0 0 0 1 
Seq_Frame0042_ForcepToReference-SequenceTransformStatus = OK
Seq_Frame0042_Timestamp = 4.476
Seq_Frame0043_ForcepToReference-SequenceTransform =0.475963 0.877803 0.0540421 28.5155 -0.831715 0.469243 -0.296751 -13.0106 -0.285848 0.0962948 0.953425 -17.9881 0 0 0 1 
Seq_Frame0043_ForcepToReference-SequenceTransformStatus = OK
Seq_Frame0043_Timestamp = 4.576
Seq_Frame0044_ForcepToReference-SequenceTransform =0.476056 0.877744 0.0541882 28.5153 -0.83153 0.469334 -0.297125 -12.9997 -0.286232 0.0963891 0.9533 -17.9974 0 0 0 1 
Seq_Frame0044_ForcepToReference-SequenceTransformStatus = OK
Seq_Frame0044_Timestamp = 4.687
Seq_Frame0045_ForcepToReference-SequenceTransform =0.475491 0.878138 0.0527473 28.5262 -0.831928 0.468344 -0.297572 -13.0113 -0.286013 0.0976109 0.953241 -17.9998 0 0 0 1 
Seq_Frame0045_ForcepToReference-SequenceTransformStatus = OK
Seq_Frame0045_Timestamp = 4.796
Seq_Frame0046_ForcepToReference-SequenceTransform =0.475447 0.878188 0.0522989 28.5348 -0.832025 0.468176 -0.297568 -13.0017 -0.285805 0.0979637 0.953267 -18.0217 0 0 0 1 
Seq_Frame0046_ForcepToReference-SequenceTransformStatus = OK
Seq_Frame0046_Timestamp = 4.909
Seq_Frame0047_ForcepToReference-SequenceTransform =0.475564 0.878115 0.0524597 28.5365 -0.831846 0.468301 -0.297869 -13.0063 -0.28613 0.0980174 0.953164 -18.0113 0 0 0 1 
Seq_Frame0047_ForcepToReference-SequenceTransformStatus = OK
Seq_Frame0047_Timestamp = 5.021
Seq_Frame0048_ForcepToReference-SequenceTransform =0.475512 0.878132 0.0526575 28.5232 -0.831991 0.468359 -0.297372 -12.9997 -0.285794 0.0975933 0.953309 -18.0369 0 0 0 1 
Seq_Frame0048_ForcepToReference-SequenceTransformStatus = OK
Seq_Frame0048_Timestamp = 5.125
Seq_Frame0049_ForcepToReference-SequenceTransform =0.475599 0.878063 0.0530089 28.5205 -0.831883 0.46854 -0.29739 -12.9958 -0.285964 0.0973414 0.953283 -18.067 0 0 0 1 
Seq_Frame0049_ForcepToReference-SequenceTransformStatus = OK
Seq_Frame0049_Timestamp = 5.231
Seq_Frame0050_ForcepToReference-SequenceTransform =0.475432 0.878192 0.0523635 28.5258 -0.83188 0.468131 -0.298042 -13.0125 -0.286251 0.0981388 0.953115 -18.0097 0 0 0 1 
Seq_Frame0050_ForcepToReference-SequenceTransformStatus = OK
Seq_Frame0050_Timestamp = 5.342
Seq_Frame0051_ForcepToReference-SequenceTransform =0.474982 0.878489 0.0514645 28.5279 -0.832644 0.46758 -0.29677 -13.0138 -0.284773 0.0981087 0.953561 -18.0192 0 0 0 1 
Seq_Frame0051_ForcepToReference-SequenceTransformStatus = OK
Seq_Frame0051_Timestamp = 5.446
Seq_Frame0052_ForcepToReference-SequenceTransform =0.475232 0.878326 0.0519346 28.5256 -0.832178 0.467862 -0.297634 -13.0134 -0.285718 0.0982264 0.953266 -18.0236 0 0 0 1 
Seq_Frame0052_ForcepToReference-SequenceTransformStatus = OK
Seq_Frame0052_Timestamp = 5.552
Seq_Frame0053_ForcepToReference-SequenceTransform =0.475341 0.878251 0.0522156 28.5211 -0.832023 0.468027 -0.297806 -13.0366 -0.285987 0.0981151 0.953197 -17.9443 0 0 0 1 
Seq_Frame0053_ForcepToReference-SequenceTransformStatus = OK
Seq_Frame0053_Timestamp = 5.656
Seq_Frame0054_ForcepToReference-SequenceTransform =0.475195 0.878348 0.0519123 28.5181 -0.832137 0.467797 -0.297848 -13.0116 -0.285899 0.0983378 0.953201 -18.0508 0 0 0 1 
Seq_Frame0054_ForcepToReference-SequenceTransformStatus = OK
Seq_Frame0054_Timestamp = 5.762
Seq_Frame0055_ForcepToReference-SequenceTransform =0.47482 0.878578 0.0514438 28.522 -0.832449 0.467322 -0.297723 -13.0097 -0.285614 0.0985406 0.953265 -18.0443 0 0 0 1 
Seq_Frame0055_ForcepToReference-SequenceTransformStatus = OK
Seq_Frame0055_Timestamp = 5.866
Seq_Frame0056_ForcepToReference-SequenceTransform =0.475358 0.878233 0.0523566 28.5251 -0.831964 0.468074 -0.297895 -13.0109 -0.286128 0.0980483 0.953162 -18.0114 0 0 0 1 
Seq_Frame0056_ForcepToReference-SequenceTransformStatus = OK
Seq_Frame0056_Timestamp = 5.972
Seq_Frame0057_ForcepToReference-SequenceTransform =0.47507 0.878394 0.0522765 28.5131 -0.832212 0.467806 -0.297627 -12.9949 -0.285889 0.0978885 0.95325 -18.051 0 0 0 1 
Seq_Frame0057_ForcepToReference-SequenceTransformStatus = OK
Seq_Frame0057_Timestamp = 6.077
Seq_Frame0058_ForcepToReference-SequenceTransform =0.474995 0.878438 0.0522233 28.5141 -0.832114 0.46767 -0.298112 -12.9897 -0.286296 0.0981458 0.953101 -18.0733 0 0 0 1 
Seq_Frame0058_ForcepToReference-SequenceTransformStatus = OK
Seq_Frame0058_Timestamp = 6.188
Seq_Frame0059_ForcepToReference-SequenceTransform =0.474889 0.878545 0.0513793 28.5191 -0.832145 0.467274 -0.298647 -13.0162 -0.286383 0.0990693 0.95298 -18.0054 0 0 0 1 
Seq_Frame0059_ForcepToReference-SequenceTransformStatus = OK
Seq_Frame0059_Timestamp = 6.297
Seq_Frame0060_ForcepToReference-SequenceTransform =0.474921 0.878516 0.0515839 28.515 -0.832305 0.467434 -0.297949 -13 -0.285865 0.0985685 0.953187 -18.0589 0 0 0 1 
Seq_Frame0060_ForcepToReference-SequenceTransformStatus = OK
Seq_Frame0060_Timestamp = 6.409
Seq_Frame0061_ForcepToReference-SequenceTransform =0.475086 0.878408 0.0518903 28.5232 -0.832245 0.467704 -0.297694 -13.0184 -0.285766 0.0982448 0.95325 -18.0058 0 0 0 1 
Seq_Frame0061_ForcepToReference-SequenceTransformStatus = OK
Seq_Frame0061_Timestamp = 6.521
Seq_Frame0062_ForcepToReference-SequenceTransform =0.474813 0.878592 0.0512615 28.5074 -0.832304 0.467203 -0.298315 -13.0132 -0.286047 0.0989789 0.95309 -18.0482 0 0 0 1 
Seq_Frame0062_ForcepToReference-SequenceTransformStatus = OK
Seq_Frame0062_Timestamp = 6.626
Seq_Frame0063_ForcepToReference-SequenceTransform =0.475049 0.878417 0.0520845 28.5127 -0.831996 0.467643 -0.298483 -13.0046 -0.28655 0.09846 0.952993 -18.0645 0 0 0 1 
Seq_Frame0063_ForcepToReference-SequenceTransformStatus = OK
Seq_Frame0063_Timestamp = 6.732
Seq_Frame0064_ForcepToReference-SequenceTransform =0.474724 0.878634 0.051381 28.5219 -0.832334 0.467153 -0.298309 -13.0109 -0.286107 0.098848 0.953085 -18.0262 0 0 0 1 
Seq_Frame0064_ForcepToReference-SequenceTransformStatus = OK
Seq_Frame0064_Timestamp = 6.836
Seq_Frame0065_ForcepToReference-SequenceTransform =0.474467 0.878807 0.0507973 28.5177 -0.832785 0.46682 -0.29757 -12.9954 -0.28522 0.0988837 0.953348 -18.1007 0 0 0 1 
Seq_Frame0065_ForcepToReference-SequenceTransformStatus = OK
Seq_Frame0065_Timestamp = 6.942
Seq_Frame0066_ForcepToReference-SequenceTransform =0.474886 0.878529 0.0516688 28.5177 -0.832429 0.467467 -0.297551 -12.9994 -0.285561 0.0982924 0.953307 -18.0682 0 0 0 1 
Seq_Frame0066_ForcepToReference-SequenceTransformStatus = OK
Seq_Frame0066_Timestamp = 7.052
Seq_Frame0067_ForcepToReference-SequenceTransform =0.474957 0.878487 0.0517337 28.52 -0.832506 0.467596 -0.297133 -13.0082 -0.285218 0.0980569 0.953434 -18.0196 0 0 0 1 
Seq_Frame0067_ForcepToReference-SequenceTransformStatus = OK
Seq_Frame0067_Timestamp = 7.156
Seq_Frame0068_ForcepToReference-SequenceTransform =0.475178 0.878347 0.0520884 28.5232 -0.832351 0.467911 -0.29707 -13.0239 -0.285303 0.097805 0.953434 -17.9519 0 0 0 1 
Seq_Frame0068_ForcepToReference-SequenceTransformStatus = OK
Seq_Frame0068_Timestamp = 7.259
Seq_Frame0069_ForcepToReference-SequenceTransform =0.474763 0.878588 0.0518013 28.5226 -0.832605 0.467433 -0.297112 -12.997 -0.285253 0.0979279 0.953436 -18.0225 0 0 0 1 
Seq_Frame0069_ForcepToReference-SequenceTransformStatus = OK
Seq_Frame0069_Timestamp = 7.367
Seq_Frame0070_ForcepToReference-SequenceTransform =0.474371 0.878831 0.0512599 28.5157 -0.833019 0.466949 -0.296711 -12.9924 -0.284695 0.0980507 0.953591 -18.0412 0 0 0 1 
Seq_Frame0070_ForcepToReference-SequenceTransformStatus = OK
Seq_Frame0070_Timestamp = 7.471
Seq_Frame0071_ForcepToReference-SequenceTransform =0.474121 0.879023 0.0502754 28.5297 -0.832991 0.466323 -0.297774 -13.0121 -0.285195 0.0993019 0.953312 -17.9796 0 0 0 1 
Seq_Frame0071_ForcepToReference-SequenceTransformStatus = OK
Seq_Frame0071_Timestamp = 7.577
Seq_Frame0072_ForcepToReference-SequenceTransform =0.474987 0.87847 0.0517481 28.5198 -0.832454 0.467616 -0.297245 -13.0015 -0.285319 0.0981096 0.953398 -18.0177 0 0 0 1 
Seq_Frame0072_ForcepToReference-SequenceTransformStatus = OK
Seq_Frame0072_Timestamp = 7.687
Seq_Frame0073_ForcepToReference-SequenceTransform =0.474551 0.878732 0.0512916 28.5191 -0.832456 0.466969 -0.298255 -13.002 -0.286038 0.0988392 0.953107 -18.0093 0 0 0 1 
Seq_Frame0073_ForcepToReference-SequenceTransformStatus = OK
Seq_Frame0073_Timestamp = 7.791
Seq_Frame0074_ForcepToReference-SequenceTransform =0.474973 0.878443 0.0523297 28.5265 -0.832101 0.467676 -0.29814 -13.007 -0.286373 0.0980651 0.953087 -17.9906 0 0 0 1 
Seq_Frame0074_ForcepToReference-SequenceTransformStatus = OK
Seq_Frame0074_Timestamp = 7.909
Seq_Frame0075_ForcepToReference-SequenceTransform =0.474879 0.878527 0.0517718 28.5312 -0.832419 0.46749 -0.297543 -13.0115 -0.285602 0.0982012 0.953304 -17.9829 0 0 0 1 
Seq_Frame0075_ForcepToReference-SequenceTransformStatus = OK
Seq_Frame0075_Timestamp = 8.022
Seq_Frame0076_ForcepToReference-SequenceTransform =0.47501 0.878433 0.0521656 28.522 -0.832118 0.467668 -0.298105 -13.0059 -0.286262 0.0981951 0.953106 -17.9953 0 0 0 1 
Seq_Frame0076_ForcepToReference-SequenceTransformStatus = OK
Seq_Frame0076_Timestamp = 8.132
Seq_Frame0077_ForcepToReference-SequenceTransform =0.474801 0.87857 0.0517514 28.5205 -0.832319 0.467361 -0.298024 -12.9962 -0.286022 0.0984286 0.953154 -18.02 0 0 0 1 
Seq_Frame0077_ForcepToReference-SequenceTransformStatus = OK
Seq_Frame0077_Timestamp = 8.237
Seq_Frame0078_ForcepToReference-SequenceTransform =0.474951 0.878483 0.0518562 28.529 -0.832759 0.467717 -0.296232 -13.0098 -0.284489 0.0975119 0.953707 -17.9909 0 0 0 1 
Seq_Frame0078_ForcepToReference-SequenceTransformStatus = OK
Seq_Frame0078_Timestamp = 8.346
Seq_Frame0079_ForcepToReference-SequenceTransform =0.475108 0.87839 0.052002 28.5257 -0.832394 0.467818 -0.297095 -13.0002 -0.285293 0.0978661 0.953431 -18.0224 0 0 0 1 
Seq_Frame0079_ForcepToReference-SequenceTransformStatus = OK
Seq_Frame0079_Timestamp = 8.452
Seq_Frame0080_ForcepToReference-SequenceTransform =0.475204 0.878327 0.0521756 28.5247 -0.832303 0.467954 -0.297137 -13.0123 -0.285399 0.0977748 0.953408 -17.97 0 0 0 1 
Seq_Frame0080_ForcepToReference-SequenceTransformStatus = OK
Seq_Frame0080_Timestamp = 8.562
Seq_Frame0081_ForcepToReference-SequenceTransform =0.475271 0.87827 0.0525298 28.5196 -0.832108 0.468083 -0.29748 -12.9932 -0.285856 0.0976732 0.953282 -18.0124 0 0 0 1 
Seq_Frame0081_ForcepToReference-SequenceTransformStatus = OK
Seq_Frame0081_Timestamp = 8.667
Seq_Frame0082_ForcepToReference-SequenceTransform =0.475058 0.878409 0.0521184 28.5255 -0.832232 0.467746 -0.297664 -13.0052 -0.285849 0.0980333 0.953247 -17.9825 0 0 0 1 
Seq_Frame0082_ForcepToReference-SequenceTransformStatus = OK
Seq_Frame0082_Timestamp = 8.776
Seq_Frame0083_ForcepToReference-SequenceTransform =0.475006 0.878451 0.0518975 28.5246 -0.832429 0.467679 -0.297216 -13.0154 -0.285361 0.0979783 0.953399 -17.9798 0 0 0 1 
Seq_Frame0083_ForcepToReference-SequenceTransformStatus = OK
Seq_Frame0083_Timestamp = 8.882
Seq_Frame0084_ForcepToReference-SequenceTransform =0.475199 0.878329 0.0522001 28.5256 -0.83227 0.467945 -0.297243 -13.0298 -0.285504 0.0978049 0.953374 -17.9224 0 0 0 1 
Seq_Frame0084_ForcepToReference-SequenceTransformStatus = OK
Seq_Frame0084_Timestamp = 8.991
Seq_Frame0085_ForcepToReference-SequenceTransform =0.475128 0.878361 0.0523078 28.5199 -0.832336 0.467924 -0.297094 -13.0054 -0.285432 0.0976199 0.953414 -17.977 0 0 0 1 
Seq_Frame0085_ForcepToReference-SequenceTransformStatus = OK
Seq_Frame0085_Timestamp = 9.102
Seq_Frame0086_ForcepToReference-SequenceTransform =0.475117 0.878379 0.0521015 28.5205 -0.832197 0.467795 -0.297684 -13.0093 -0.285852 0.0980759 0.953242 -17.9879 0 0 0 1 
Seq_Frame0086_ForcepToReference-SequenceTransformStatus = OK
Seq_Frame0086_Timestamp = 9.207
Seq_Frame0087_ForcepToReference-SequenceTransform =0.475362 0.878206 0.0527846 28.5291 -0.832058 0.468255 -0.297349 -13.0223 -0.28585 0.0974282 0.953309 -17.9248 0 0 0 1 
Seq_Frame0087_ForcepToReference-SequenceTransformStatus = OK
Seq_Frame0087_Timestamp = 9.313
Seq_Frame0088_ForcepToReference-SequenceTransform =0.474756 0.878602 0.0516224 28.5121 -0.833026 0.46751 -0.295807 -13.0109 -0.284031 0.0974337 0.953852 -18.006 0 0 0 1 
Seq_Frame0088_ForcepToReference-SequenceTransformStatus = OK
Seq_Frame0088_Timestamp = 9.422
Seq_Frame0089_ForcepToReference-SequenceTransform =0.47503 0.878419 0.0522201 28.5234 -0.832335 0.467783 -0.297316 -13.011 -0.285596 0.0977693 0.95335 -17.9869 0 0 0 1 
Seq_Frame0089_ForcepToReference-SequenceTransformStatus = OK
Seq_Frame0089_Timestamp = 9.534
Seq_Frame0090_ForcepToReference-SequenceTransform =0.475042 0.878419 0.0521133 28.5275 -0.832131 0.467691 -0.298032 -13.0148 -0.286169 0.0982125 0.953132 -17.9698 0 0 0 1 
Seq_Frame0090_ForcepToReference-SequenceTransformStatus = OK
Seq_Frame0090_Timestamp = 9.635
Seq_Frame0091_ForcepToReference-SequenceTransform =0.474949 0.878467 0.0521385 28.5201 -0.832469 0.467711 -0.297054 -13.0071 -0.285338 0.0976819 0.953436 -18.0125 0 0 0 1 
Seq_Frame0091_ForcepToReference-SequenceTransformStatus = OK
Seq_Frame0091_Timestamp = 9.742
Seq_Frame0092_ForcepToReference-SequenceTransform =0.474953 0.878477 0.051934 28.521 -0.832377 0.467615 -0.297464 -13.0002 -0.285601 0.098053 0.953319 -18.008 0 0 0 1 
Seq_Frame0092_ForcepToReference-SequenceTransformStatus = OK
Seq_Frame0092_Timestamp = 9.848
Seq_Frame0093_ForcepToReference-SequenceTransform =0.475105 0.878371 0.0523363 28.5229 -0.8322 0.467862 -0.29757 -13.0101 -0.285863 0.0978229 0.953264 -17.967 0 0 0 1 
Seq_Frame0093_ForcepToReference-SequenceTransformStatus = OK
Seq_Frame0093_Timestamp = 9.957
Seq_Frame0094_ForcepToReference-SequenceTransform =0.474768 0.878587 0.0517754 28.5207 -0.832514 0.467398 -0.297421 -13.0123 -0.28551 0.0981022 0.953341 -17.9665 0 0 0 1 
Seq_Frame0094_ForcepToReference-SequenceTransformStatus = OK
Seq_Frame0094_Timestamp = 10.063
Seq_Frame0095_ForcepToReference-SequenceTransform =0.475155 0.878334 0.0525171 28.5156 -0.83227 0.468003 -0.297152 -13.0205 -0.285577 0.0974847 0.953385 -17.958 0 0 0 1 
Seq_Frame0095_ForcepToReference-SequenceTransformStatus = OK
Seq_Frame0095_Timestamp = 10.176
Seq_Frame0096_ForcepToReference-SequenceTransform =0.475068 0.878386 0.0524226 28.521 -0.831947 0.467762 -0.298433 -13.0128 -0.286661 0.0981628 0.95299 -17.952 0 0 0 1 
Seq_Frame0096_ForcepToReference-SequenceTransformStatus = OK
Seq_Frame0096_Timestamp = 10.278
Seq_Frame0097_ForcepToReference-SequenceTransform =0.47501 0.878444 0.051982 28.5266 -0.832449 0.467719 -0.297096 -13.0071 -0.285296 0.0978513 0.953431 -17.9761 0 0 0 1 
Seq_Frame0097_ForcepToReference-SequenceTransformStatus = OK
Seq_Frame0097_Timestamp = 10.381
Seq_Frame0098_ForcepToReference-SequenceTransform =0.475166 0.878337 0.0523523 28.5215 -0.832308 0.467973 -0.297093 -13.0131 -0.285448 0.0975954 0.953412 -17.9543 0 0 0 1 
Seq_Frame0098_ForcepToReference-SequenceTransformStatus = OK
Seq_Frame0098_Timestamp = 10.487
Seq_Frame0099_ForcepToReference-SequenceTransform =0.475081 0.878404 0.0520075 28.5266 -0.832129 0.467698 -0.298026 -13.0183 -0.286111 0.0983093 0.95314 -17.9657 0 0 0 1 
Seq_Frame0099_ForcepToReference-SequenceTransformStatus = OK
Seq_Frame0099_Timestamp = 10.597
Seq_Frame0100_ForcepToReference-SequenceTransform =0.474969 0.87848 0.0517541 28.5283 -0.832255 0.467529 -0.29794 -13.0125 -0.285931 0.0984395 0.953181 -17.9917 0 0 0 1 
Seq_Frame0100_ForcepToReference-SequenceTransformStatus = OK
Seq_Frame0100_Timestamp = 10.707
Seq_Frame0101_ForcepToReference-SequenceTransform =0.474737 0.878625 0.0514175 28.531 -0.832314 0.467173 -0.298332 -13.0131 -0.286143 0.0988337 0.953076 -17.9851 0 0 0 1 
Seq_Frame0101_ForcepToReference-SequenceTransformStatus = OK
Seq_Frame0101_Timestamp = 10.812
Seq_Frame0102_ForcepToReference-SequenceTransform =0.475164 0.878325 0.0525803 28.5238 -0.831917 0.467914 -0.298278 -13.012 -0.286588 0.0979886 0.95303 -17.9623 0 0 0 1 
Seq_Frame0102_ForcepToReference-SequenceTransformStatus = OK
Seq_Frame0102_Timestamp = 10.923
Seq_Frame0103_ForcepToReference-SequenceTransform =0.474765 0.878574 0.0520203 28.5221 -0.832426 0.467448 -0.297591 -13.0126 -0.285772 0.0979826 0.953275 -17.9488 0 0 0 1 
Seq_Frame0103_ForcepToReference-SequenceTransformStatus = OK
Seq_Frame0103_Timestamp = 11.027
Seq_Frame0104_ForcepToReference-SequenceTransform =0.47523 0.878279 0.0527568 28.5212 -0.832359 0.468199 -0.296593 -13.0279 -0.285192 0.0970373 0.953546 -17.8972 0 0 0 1 
Seq_Frame0104_ForcepToReference-SequenceTransformStatus = OK
Seq_Frame0104_Timestamp = 11.132
Seq_Frame0105_ForcepToReference-SequenceTransform =0.47502 0.878424 0.0522175 28.514 -0.832402 0.467794 -0.297113 -13.0145 -0.285418 0.0976687 0.953413 -17.9757 0 0 0 1 
Seq_Frame0105_ForcepToReference-SequenceTransformStatus = OK
Seq_Frame0105_Timestamp = 11.237
Seq_Frame0106_ForcepToReference-SequenceTransform =0.475309 0.878242 0.0526441 28.5142 -0.832235 0.468209 -0.296926 -13.0054 -0.285422 0.0973196 0.953448 -18.005 0 0 0 1 
Seq_Frame0106_ForcepToReference-SequenceTransformStatus = OK
Seq_Frame0106_Timestamp = 11.347
Seq_Frame0107_ForcepToReference-SequenceTransform =0.475481 0.878123 0.0530805 28.519 -0.831961 0.468457 -0.297302 -13.0275 -0.285934 0.0972007 0.953307 -17.9404 0 0 0 1 
Seq_Frame0107_ForcepToReference-SequenceTransformStatus = OK
Seq_Frame0107_Timestamp = 11.45
Seq_Frame0108_ForcepToReference-SequenceTransform =0.475394 0.878177 0.0529734 28.5166 -0.832063 0.468356 -0.297177 -13.013 -0.285784 0.0971986 0.953352 -17.9706 0 0 0 1 
Seq_Frame0108_ForcepToReference-SequenceTransformStatus = OK
Seq_Frame0108_Timestamp = 11.562
Seq_Frame0109_ForcepToReference-SequenceTransform =0.474951 0.878483 0.0518485 28.5213 -0.832542 0.46764 -0.296964 -13.0193 -0.285125 0.0978774 0.95348 -17.9645 0 0 0 1 
Seq_Frame0109_ForcepToReference-SequenceTransformStatus = OK
Seq_Frame0109_Timestamp = 11.667
Seq_Frame0110_ForcepToReference-SequenceTransform =0.474993 0.878465 0.0517792 28.5299 -0.832418 0.467621 -0.29734 -13.0061 -0.285416 0.0981325 0.953367 -18.0006 0 0 0 1 
Seq_Frame0110_ForcepToReference-SequenceTransformStatus = OK
Seq_Frame0110_Timestamp = 11.777
Seq_Frame0111_ForcepToReference-SequenceTransform =0.47494 0.878478 0.0520481 28.5201 -0.832418 0.467652 -0.297292 -12.9988 -0.285505 0.09787 0.953367 -18.0344 0 0 0 1 
Seq_Frame0111_ForcepToReference-SequenceTransformStatus = OK
Seq_Frame0111_Timestamp = 11.882
Seq_Frame0112_ForcepToReference-SequenceTransform =0.4754 0.878199 0.0525464 28.5231 -0.832262 0.468287 -0.296729 -13.0237 -0.285194 0.0973327 0.953515 -17.9774 0 0 0 1 
Seq_Frame0112_ForcepToReference-SequenceTransformStatus = OK
Seq_Frame0112_Timestamp = 11.991
Seq_Frame0113_ForcepToReference-SequenceTransform =0.475164 0.878336 0.0523946 28.5217 -0.832419 0.468023 -0.296702 -13.0288 -0.285126 0.0973679 0.953532 -17.9443 0 0 0 1 
Seq_Frame0113_ForcepToReference-SequenceTransformStatus = OK
Seq_Frame0113_Timestamp = 12.109
Seq_Frame0114_ForcepToReference-SequenceTransform =0.475765 0.877947 0.0534484 28.5186 -0.831814 0.468852 -0.297092 -13.0132 -0.28589 0.0968869 0.953352 -17.9798 0 0 0 1 
Seq_Frame0114_ForcepToReference-SequenceTransformStatus = OK
Seq_Frame0114_Timestamp = 12.222
Seq_Frame0115_ForcepToReference-SequenceTransform =0.47488 0.878528 0.0517436 28.5152 -0.832617 0.46755 -0.296894 -13.0028 -0.285022 0.0979062 0.953508 -18.034 0 0 0 1 
Seq_Frame0115_ForcepToReference-SequenceTransformStatus = OK
Seq_Frame0115_Timestamp = 12.332
Seq_Frame0116_ForcepToReference-SequenceTransform =0.475251 0.878296 0.0522842 28.5246 -0.832446 0.468093 -0.296517 -13.0207 -0.284903 0.0973959 0.953595 -17.96 0 0 0 1 
Seq_Frame0116_ForcepToReference-SequenceTransformStatus = OK
Seq_Frame0116_Timestamp = 12.435
Seq_Frame0117_ForcepToReference-SequenceTransform =0.475521 0.878102 0.0530707 28.5172 -0.831777 0.468436 -0.297851 -13.0191 -0.286404 0.0974915 0.953136 -17.9542 0 0 0 1 
Seq_Frame0117_ForcepToReference-SequenceTransformStatus = OK
Seq_Frame0117_Timestamp = 12.541
Seq_Frame0118_ForcepToReference-SequenceTransform =0.475232 0.878287 0.0525934 28.5126 -0.832124 0.468066 -0.297462 -13.0063 -0.285874 0.0975992 0.953284 -17.9844 0 0 0 1 
Seq_Frame0118_ForcepToReference-SequenceTransformStatus = OK
Seq_Frame0118_Timestamp = 12.651
Seq_Frame0119_ForcepToReference-SequenceTransform =0.475022 0.878437 0.0519823 28.5247 -0.832424 0.467725 -0.297159 -13.0032 -0.285349 0.0978856 0.953412 -18.0061 0 0 0 1 
Seq_Frame0119_ForcepToReference-SequenceTransformStatus = OK
Seq_Frame0119_Timestamp = 12.757
Seq_Frame0120_ForcepToReference-SequenceTransform =0.475485 0.878138 0.0528017 28.5363 -0.832114 0.468419 -0.296935 -13.0201 -0.285483 0.0972512 0.953437 -17.9505 0 0 0 1 
Seq_Frame0120_ForcepToReference-SequenceTransformStatus = OK
Seq_Frame0120_Timestamp = 12.866
Seq_Frame0121_ForcepToReference-SequenceTransform =0.475249 0.878277 0.0525986 28.5264 -0.832244 0.468129 -0.297027 -13.0122 -0.285495 0.0973872 0.953419 -17.9707 0 0 0 1 
Seq_Frame0121_ForcepToReference-SequenceTransformStatus = OK
Seq_Frame0121_Timestamp = 12.972
Seq_Frame0122_ForcepToReference-SequenceTransform =0.47508 0.878401 0.0520547 28.5287 -0.832236 0.467751 -0.297646 -13.0214 -0.285801 0.0980838 0.953256 -17.9695 0 0 0 1 
Seq_Frame0122_ForcepToReference-SequenceTransformStatus = OK
Seq_Frame0122_Timestamp = 13.078
Seq_Frame0123_ForcepToReference-SequenceTransform =0.475361 0.878209 0.0527289 28.5232 -0.831757 0.468132 -0.298382 -13.0096 -0.286726 0.0979815 0.952989 -17.9827 0 0 0 1 
Seq_Frame0123_ForcepToReference-SequenceTransformStatus = OK
Seq_Frame0123_Timestamp = 13.182
Seq_Frame0124_ForcepToReference-SequenceTransform =0.475507 0.878109 0.0530913 28.5141 -0.832163 0.468558 -0.296577 -13.0082 -0.285303 0.0968437 0.953532 -17.9911 0 0 0 1 
Seq_Frame0124_ForcepToReference-SequenceTransformStatus = OK
Seq_Frame0124_Timestamp = 13.291
Seq_Frame0125_ForcepToReference-SequenceTransform =0.4756 0.878071 0.0528727 28.5165 -0.832219 0.468608 -0.296342 -13.0192 -0.284986 0.0969384 0.953617 -17.9933 0 0 0 1 
Seq_Frame0125_ForcepToReference-SequenceTransformStatus = OK
Seq_Frame0125_Timestamp = 13.402
Seq_Frame0126_ForcepToReference-SequenceTransform =0.475563 0.878102 0.0526913 28.5164 -0.832235 0.468511 -0.296449 -13.0212 -0.284999 0.0971287 0.953594 -17.9999 0 0 0 1 
Seq_Frame0126_ForcepToReference-SequenceTransformStatus = OK
Seq_Frame0126_Timestamp = 13.507
Seq_Frame0127_ForcepToReference-SequenceTransform =0.474891 0.878525 0.0516935 28.5118 -0.833026 0.467685 -0.29553 -12.9989 -0.283807 0.0972821 0.953934 -18.0518 0 0 0 1 
Seq_Frame0127_ForcepToReference-SequenceTransformStatus = OK
Seq_Frame0127_Timestamp = 13.609
Seq_Frame0128_ForcepToReference-SequenceTransform =0.474951 0.878493 0.0516918 28.5231 -0.833372 0.467871 -0.29426 -13.0103 -0.28269 0.0966804 0.954327 -17.9977 0 0 0 1 
Seq_Frame0128_ForcepToReference-SequenceTransformStatus = OK
Seq_Frame0128_Timestamp = 13.716
Seq_Frame0129_ForcepToReference-SequenceTransform =0.475275 0.878297 0.0520406 28.5286 -0.832473 0.468047 -0.296515 -13.0141 -0.284786 0.097604 0.953609 -17.9779 0 0 0 1 
Seq_Frame0129_ForcepToReference-SequenceTransformStatus = OK
Seq_Frame0129_Timestamp = 13.821
Seq_Frame0130_ForcepToReference-SequenceTransform =0.475066 0.8784 0.0522049 28.532 -0.832357 0.467826 -0.297188 -12.9967 -0.285473 0.0977308 0.953391 -18.0148 0 0 0 1 
Seq_Frame0130_ForcepToReference-SequenceTransformStatus = OK
Seq_Frame0130_Timestamp = 13.927
Seq_Frame0131_ForcepToReference-SequenceTransform =0.475287 0.878263 0.0525051 28.5436 -0.832027 0.468066 -0.297733 -13.0056 -0.286064 0.0978231 0.953204 -17.9891 0 0 0 1 
Seq_Frame0131_ForcepToReference-SequenceTransformStatus = OK
Seq_Frame0131_Timestamp = 14.034
Seq_Frame0132_ForcepToReference-SequenceTransform =0.475043 0.878427 0.0519623 28.5361 -0.83207 0.46762 -0.298314 -13.0035 -0.286346 0.0984758 0.953052 -18.0049 0 0 0 1 
Seq_Frame0132_ForcepToReference-SequenceTransformStatus = OK
Seq_Frame0132_Timestamp = 14.141
Seq_Frame0133_ForcepToReference-SequenceTransform =0.474871 0.878539 0.0516391 28.5376 -0.832112 0.46733 -0.298651 -13.0166 -0.286509 0.0988511 0.952964 -17.97 0 0 0 1 
Seq_Frame0133_ForcepToReference-SequenceTransformStatus = OK
Seq_Frame0133_Timestamp = 14.242
Seq_Frame0134_ForcepToReference-SequenceTransform =0.475279 0.878243 0.0529053 28.5371 -0.831771 0.468104 -0.298386 -13.0009 -0.286821 0.0978115 0.952978 -17.9706 0 0 0 1 
Seq_Frame0134_ForcepToReference-SequenceTransformStatus = OK
Seq_Frame0134_Timestamp = 14.342
Seq_Frame0135_ForcepToReference-SequenceTransform =0.475689 0.877984 0.0535166 28.5378 -0.831331 0.468626 -0.298797 -13.0027 -0.287418 0.0976444 0.952815 -17.9576 0 0 0 1 
Seq_Frame0135_ForcepToReference-SequenceTransformStatus = OK
Seq_Frame0135_Timestamp = 14.446
Seq_Frame0136_ForcepToReference-SequenceTransform =0.475315 0.878237 0.0526856 28.5318 -0.83194 0.468129 -0.297877 -13.0031 -0.28627 0.0977542 0.953149 -17.9804 0 0 0 1 
Seq_Frame0136_ForcepToReference-SequenceTransformStatus = OK
Seq_Frame0136_Timestamp = 14.557
Seq_Frame0137_ForcepToReference-SequenceTransform =0.475703 0.877946 0.0540138 28.5311 -0.831566 0.468889 -0.297726 -12.9904 -0.286714 0.0967129 0.953122 -17.9643 0 0 0 1 
Seq_Frame0137_ForcepToReference-SequenceTransformStatus = OK
Seq_Frame0137_Timestamp = 14.659
Seq_Frame0138_ForcepToReference-SequenceTransform =0.475457 0.878132 0.0531584 28.535 -0.832098 0.468502 -0.296848 -13.0102 -0.285577 0.0969055 0.953444 -17.9285 0 0 0 1 
Seq_Frame0138_ForcepToReference-SequenceTransformStatus = OK
Seq_Frame0138_Timestamp = 14.767
Seq_Frame0139_ForcepToReference-SequenceTransform =0.475628 0.878036 0.0532027 28.5372 -0.831673 0.468566 -0.297935 -12.9941 -0.286527 0.097459 0.953102 -18.001 0 0 0 1 
Seq_Frame0139_ForcepToReference-SequenceTransformStatus = OK
Seq_Frame0139_Timestamp = 14.872
Seq_Frame0140_ForcepToReference-SequenceTransform =0.47589 0.877859 0.0537775 28.5326 -0.831114 0.468867 -0.299022 -12.9929 -0.287714 0.0976063 0.95273 -17.9865 0 0 0 1 
Seq_Frame0140_ForcepToReference-SequenceTransformStatus = OK
Seq_Frame0140_Timestamp = 14.981
Seq_Frame0141_ForcepToReference-SequenceTransform =0.475663 0.878 0.0534863 28.5367 -0.831426 0.468618 -0.298543 -12.998 -0.287185 0.0975358 0.952896 -17.9776 0 0 0 1 
Seq_Frame0141_ForcepToReference-SequenceTransformStatus = OK
Seq_Frame0141_Timestamp = 15.087
Seq_Frame0142_ForcepToReference-SequenceTransform =0.475798 0.877895 0.0540137 28.5318 -0.831209 0.468876 -0.298741 -12.9923 -0.287589 0.0972437 0.952804 -17.9708 0 0 0 1 
Seq_Frame0142_ForcepToReference-SequenceTransformStatus = OK
Seq_Frame0142_Timestamp = 15.196
Seq_Frame0143_ForcepToReference-SequenceTransform =0.475536 0.878059 0.0536533 28.5371 -0.831243 0.468469 -0.299284 -12.9923 -0.287924 0.0977214 0.952654 -17.9885 0 0 0 1 
Seq_Frame0143_ForcepToReference-SequenceTransformStatus = OK
Seq_Frame0143_Timestamp = 15.307
Seq_Frame0144_ForcepToReference-SequenceTransform =0.475739 0.877941 0.0537808 28.5364 -0.831311 0.468765 -0.298632 -13.0013 -0.287392 0.0973622 0.952852 -17.952 0 0 0 1 
Seq_Frame0144_ForcepToReference-SequenceTransformStatus = OK
Seq_Frame0144_Timestamp = 15.411
Seq_Frame0145_ForcepToReference-SequenceTransform =0.47549 0.878094 0.0534721 28.5414 -0.831774 0.468536 -0.297701 -13.0057 -0.286463 0.0970771 0.953161 -17.9492 0 0 0 1 
Seq_Frame0145_ForcepToReference-SequenceTransformStatus = OK
Seq_Frame0145_Timestamp = 15.522
Seq_Frame0146_ForcepToReference-SequenceTransform =0.475228 0.878258 0.0531128 28.541 -0.831642 0.468073 -0.298796 -12.9803 -0.28728 0.0978252 0.952838 -17.9978 0 0 0 1 
Seq_Frame0146_ForcepToReference-SequenceTransformStatus = OK
Seq_Frame0146_Timestamp = 15.634
Seq_Frame0147_ForcepToReference-SequenceTransform =0.475194 0.878293 0.0528316 28.5442 -0.831498 0.467891 -0.299483 -12.9967 -0.287753 0.098383 0.952638 -17.9776 0 0 0 1 
Seq_Frame0147_ForcepToReference-SequenceTransformStatus = OK
Seq_Frame0147_Timestamp = 15.751
Seq_Frame0148_ForcepToReference-SequenceTransform =0.475308 0.878203 0.0533043 28.5395 -0.831482 0.468174 -0.299084 -12.9932 -0.287612 0.0978354 0.952737 -17.9715 0 0 0 1 
Seq_Frame0148_ForcepToReference-SequenceTransformStatus = OK
Seq_Frame0148_Timestamp = 15.857
Seq_Frame0149_ForcepToReference-SequenceTransform =0.475572 0.878064 0.0532423 28.551 -0.831057 0.468307 -0.300056 -13.0145 -0.288402 0.0984511 0.952434 -17.9324 0 0 0 1 
Seq_Frame0149_ForcepToReference-SequenceTransformStatus = OK
Seq_Frame0149_Timestamp = 15.966
