ObjectType = Image
NDims = 3
AnatomicalOrientation = RAI
BinaryData = True
CompressedData = False
DimSize = 0 0 2370
ElementSpacing = 1 1 1
Offset = 0 0 0
TransformMatrix = 1 0 0 0 1 0 0 0 1
ElementType = MET_UCHAR
Kinds = domain domain list
Seq_Frame0000_DriverToReference-SequenceTransform =0.936811 0.327422 -0.123208 17.2307 0.295165 -0.550723 0.780757 49.4223 0.187784 -0.767788 -0.612567 80.3963 0 0 0 1 
Seq_Frame0000_DriverToReference-SequenceTransformStatus = OK
Seq_Frame0000_Timestamp = 0.0100002
Seq_Frame0001_DriverToReference-SequenceTransform =0.93701 0.326035 -0.125352 17.3047 0.295858 -0.550009 0.780998 49.357 0.185688 -0.76889 -0.611824 80.4719 0 0 0 1 
Seq_Frame0001_DriverToReference-SequenceTransformStatus = OK
Seq_Frame0001_Timestamp = 0.116
Seq_Frame0002_DriverToReference-SequenceTransform =0.936853 0.326605 -0.125045 17.2986 0.295937 -0.549831 0.781093 49.3989 0.186355 -0.768775 -0.611765 80.4558 0 0 0 1 
Seq_Frame0002_DriverToReference-SequenceTransformStatus = OK
Seq_Frame0002_Timestamp = 0.223
Seq_Frame0003_DriverToReference-SequenceTransform =0.936894 0.327244 -0.123049 17.2925 0.294585 -0.549372 0.781927 49.3655 0.188281 -0.768831 -0.611104 80.4424 0 0 0 1 
Seq_Frame0003_DriverToReference-SequenceTransformStatus = OK
Seq_Frame0003_Timestamp = 0.327
Seq_Frame0004_DriverToReference-SequenceTransform =0.936936 0.327125 -0.123046 17.2923 0.294661 -0.550019 0.781443 49.3569 0.187952 -0.768419 -0.611724 80.5089 0 0 0 1 
Seq_Frame0004_DriverToReference-SequenceTransformStatus = OK
Seq_Frame0004_Timestamp = 0.444
Seq_Frame0005_DriverToReference-SequenceTransform =0.936938 0.326645 -0.124301 17.2673 0.295661 -0.55114 0.780275 49.367 0.186365 -0.767821 -0.61296 80.4174 0 0 0 1 
Seq_Frame0005_DriverToReference-SequenceTransformStatus = OK
Seq_Frame0005_Timestamp = 0.547
Seq_Frame0006_DriverToReference-SequenceTransform =0.93684 0.327059 -0.123947 17.2589 0.295447 -0.550339 0.780921 49.4223 0.187195 -0.768218 -0.612208 80.3978 0 0 0 1 
Seq_Frame0006_DriverToReference-SequenceTransformStatus = OK
Seq_Frame0006_Timestamp = 0.648
Seq_Frame0007_DriverToReference-SequenceTransform =0.936913 0.326916 -0.123776 17.2939 0.295287 -0.550657 0.780758 49.4453 0.187085 -0.768051 -0.612451 80.4173 0 0 0 1 
Seq_Frame0007_DriverToReference-SequenceTransformStatus = OK
Seq_Frame0007_Timestamp = 0.75
Seq_Frame0008_DriverToReference-SequenceTransform =0.937051 0.326832 -0.122945 17.292 0.294629 -0.55103 0.780743 49.3129 0.187425 -0.76782 -0.612637 80.4954 0 0 0 1 
Seq_Frame0008_DriverToReference-SequenceTransformStatus = OK
Seq_Frame0008_Timestamp = 0.85
Seq_Frame0009_DriverToReference-SequenceTransform =0.936554 0.329879 -0.118516 17.2151 0.293904 -0.554777 0.778359 49.3444 0.191014 -0.763808 -0.616532 80.4438 0 0 0 1 
Seq_Frame0009_DriverToReference-SequenceTransformStatus = OK
Seq_Frame0009_Timestamp = 0.951
Seq_Frame0010_DriverToReference-SequenceTransform =0.619919 0.779933 -0.0860454 41.5753 0.478041 -0.288437 0.829627 142.514 0.622235 -0.555435 -0.551648 -1.7014 0 0 0 1 
Seq_Frame0010_DriverToReference-SequenceTransformStatus = OK
Seq_Frame0010_Timestamp = 2.29
Seq_Frame0011_DriverToReference-SequenceTransform =0.246406 0.963085 0.108407 65.9495 0.385978 -0.200119 0.900541 191.246 0.888991 -0.180056 -0.42104 -15.3563 0 0 0 1 
Seq_Frame0011_DriverToReference-SequenceTransformStatus = OK
Seq_Frame0011_Timestamp = 2.395
Seq_Frame0012_DriverToReference-SequenceTransform =-0.0501254 0.929865 0.36447 96.3058 0.495514 -0.293694 0.817441 223.06 0.867152 0.221575 -0.446039 3.64082 0 0 0 1 
Seq_Frame0012_DriverToReference-SequenceTransformStatus = OK
Seq_Frame0012_Timestamp = 2.496
Seq_Frame0013_DriverToReference-SequenceTransform =0.915049 -0.206632 0.346394 -4.63373 0.334722 -0.090151 -0.937994 341.592 0.225048 0.974257 -0.0133281 112.365 0 0 0 1 
Seq_Frame0013_DriverToReference-SequenceTransformStatus = OK
Seq_Frame0013_Timestamp = 6.685
Seq_Frame0014_DriverToReference-SequenceTransform =-0.682872 -0.4585 -0.568739 104.876 -0.686585 0.136832 0.714057 450.138 -0.249574 0.878097 -0.408238 190.692 0 0 0 1 
Seq_Frame0014_DriverToReference-SequenceTransformStatus = OK
Seq_Frame0014_Timestamp = 8.125
Seq_Frame0015_DriverToReference-SequenceTransform =-0.706665 -0.458739 -0.538687 109.63 -0.699691 0.339926 0.628397 405.418 -0.105156 0.820981 -0.561189 198.041 0 0 0 1 
Seq_Frame0015_DriverToReference-SequenceTransformStatus = OK
Seq_Frame0015_Timestamp = 8.231
Seq_Frame0016_DriverToReference-SequenceTransform =-0.727667 -0.477975 -0.491976 113.28 -0.671118 0.347856 0.654673 402.932 -0.141781 0.806558 -0.573901 216.294 0 0 0 1 
Seq_Frame0016_DriverToReference-SequenceTransformStatus = OK
Seq_Frame0016_Timestamp = 8.335
Seq_Frame0017_DriverToReference-SequenceTransform =-0.815687 -0.408256 -0.409855 127.238 -0.569584 0.442923 0.692383 400.557 -0.101136 0.798214 -0.593823 227.447 0 0 0 1 
Seq_Frame0017_DriverToReference-SequenceTransformStatus = OK
Seq_Frame0017_Timestamp = 8.435
Seq_Frame0018_DriverToReference-SequenceTransform =-0.848107 -0.393952 -0.354283 139.126 -0.520153 0.491917 0.698182 394.304 -0.100772 0.776415 -0.622114 233.566 0 0 0 1 
Seq_Frame0018_DriverToReference-SequenceTransformStatus = OK
Seq_Frame0018_Timestamp = 8.536
Seq_Frame0019_DriverToReference-SequenceTransform =-0.866546 -0.385358 -0.317171 148.081 -0.48819 0.522311 0.699187 385.146 -0.103775 0.760717 -0.640734 236.04 0 0 0 1 
Seq_Frame0019_DriverToReference-SequenceTransformStatus = OK
Seq_Frame0019_Timestamp = 8.645
Seq_Frame0020_DriverToReference-SequenceTransform =-0.873362 -0.411943 -0.259889 156.196 -0.464621 0.544471 0.69834 378.518 -0.146174 0.730653 -0.666918 235.597 0 0 0 1 
Seq_Frame0020_DriverToReference-SequenceTransformStatus = OK
Seq_Frame0020_Timestamp = 8.746
Seq_Frame0021_DriverToReference-SequenceTransform =-0.865886 -0.449196 -0.220146 159.572 -0.462074 0.549607 0.696003 376.352 -0.191648 0.704383 -0.683459 237.008 0 0 0 1 
Seq_Frame0021_DriverToReference-SequenceTransformStatus = OK
Seq_Frame0021_Timestamp = 8.85
Seq_Frame0022_DriverToReference-SequenceTransform =-0.839652 -0.50068 -0.210488 163.631 -0.491452 0.535407 0.686888 378.613 -0.231214 0.680191 -0.695615 237.362 0 0 0 1 
Seq_Frame0022_DriverToReference-SequenceTransformStatus = OK
Seq_Frame0022_Timestamp = 8.951
Seq_Frame0023_DriverToReference-SequenceTransform =-0.805636 -0.532276 -0.260063 159.877 -0.545115 0.494187 0.677221 381.112 -0.231949 0.687358 -0.688287 234.353 0 0 0 1 
Seq_Frame0023_DriverToReference-SequenceTransformStatus = OK
Seq_Frame0023_Timestamp = 9.055
Seq_Frame0024_DriverToReference-SequenceTransform =-0.813887 -0.514372 -0.270203 151.092 -0.539383 0.496005 0.680474 382.369 -0.215995 0.699572 -0.681135 227.864 0 0 0 1 
Seq_Frame0024_DriverToReference-SequenceTransformStatus = OK
Seq_Frame0024_Timestamp = 9.157
Seq_Frame0025_DriverToReference-SequenceTransform =-0.816832 -0.501807 -0.284561 137.912 -0.534141 0.471583 0.701643 386.912 -0.217895 0.725121 -0.65324 218.339 0 0 0 1 
Seq_Frame0025_DriverToReference-SequenceTransformStatus = OK
Seq_Frame0025_Timestamp = 9.264
Seq_Frame0026_DriverToReference-SequenceTransform =-0.762968 -0.544331 -0.348689 123.23 -0.598812 0.391922 0.698442 394.116 -0.243524 0.741688 -0.624976 204.252 0 0 0 1 
Seq_Frame0026_DriverToReference-SequenceTransformStatus = OK
Seq_Frame0026_Timestamp = 9.365
Seq_Frame0027_DriverToReference-SequenceTransform =-0.718327 -0.597613 -0.356183 119.846 -0.630295 0.342299 0.69682 396.129 -0.294507 0.725045 -0.622555 201.156 0 0 0 1 
Seq_Frame0027_DriverToReference-SequenceTransformStatus = OK
Seq_Frame0027_Timestamp = 9.47
Seq_Frame0028_DriverToReference-SequenceTransform =-0.718327 -0.597613 -0.356183 119.846 -0.630295 0.342299 0.69682 396.129 -0.294507 0.725045 -0.622555 201.156 0 0 0 1 
Seq_Frame0028_DriverToReference-SequenceTransformStatus = OK
Seq_Frame0028_Timestamp = 9.686
Seq_Frame0029_DriverToReference-SequenceTransform =-0.718327 -0.597613 -0.356183 119.846 -0.630295 0.342299 0.69682 396.129 -0.294507 0.725045 -0.622555 201.156 0 0 0 1 
Seq_Frame0029_DriverToReference-SequenceTransformStatus = OK
Seq_Frame0029_Timestamp = 9.79
Seq_Frame0030_DriverToReference-SequenceTransform =-0.718327 -0.597613 -0.356183 119.846 -0.630295 0.342299 0.69682 396.129 -0.294507 0.725045 -0.622555 201.156 0 0 0 1 
Seq_Frame0030_DriverToReference-SequenceTransformStatus = OK
Seq_Frame0030_Timestamp = 10.065
Seq_Frame0031_DriverToReference-SequenceTransform =-0.718327 -0.597613 -0.356183 119.846 -0.630295 0.342299 0.69682 396.129 -0.294507 0.725045 -0.622555 201.156 0 0 0 1 
Seq_Frame0031_DriverToReference-SequenceTransformStatus = OK
Seq_Frame0031_Timestamp = 10.171
Seq_Frame0032_DriverToReference-SequenceTransform =-0.718327 -0.597613 -0.356183 119.846 -0.630295 0.342299 0.69682 396.129 -0.294507 0.725045 -0.622555 201.156 0 0 0 1 
Seq_Frame0032_DriverToReference-SequenceTransformStatus = OK
Seq_Frame0032_Timestamp = 10.285
Seq_Frame0033_DriverToReference-SequenceTransform =-0.718327 -0.597613 -0.356183 119.846 -0.630295 0.342299 0.69682 396.129 -0.294507 0.725045 -0.622555 201.156 0 0 0 1 
Seq_Frame0033_DriverToReference-SequenceTransformStatus = OK
Seq_Frame0033_Timestamp = 10.385
Seq_Frame0034_DriverToReference-SequenceTransform =-0.426326 -0.832739 -0.353258 98.7387 -0.825585 0.198607 0.528171 360.271 -0.369669 0.516818 -0.772169 191.364 0 0 0 1 
Seq_Frame0034_DriverToReference-SequenceTransformStatus = OK
Seq_Frame0034_Timestamp = 11.071
Seq_Frame0035_DriverToReference-SequenceTransform =-0.536976 -0.684908 -0.492501 110.038 -0.841463 0.393356 0.370419 360.408 -0.0599747 0.613328 -0.787548 220.304 0 0 0 1 
Seq_Frame0035_DriverToReference-SequenceTransformStatus = OK
Seq_Frame0035_Timestamp = 11.176
Seq_Frame0036_DriverToReference-SequenceTransform =-0.5345 -0.646973 -0.543816 121.962 -0.808443 0.578992 0.105771 364.25 0.246434 0.496179 -0.832512 261.432 0 0 0 1 
Seq_Frame0036_DriverToReference-SequenceTransformStatus = OK
Seq_Frame0036_Timestamp = 11.281
Seq_Frame0037_DriverToReference-SequenceTransform =-0.452906 -0.670421 -0.587718 131.909 -0.782882 0.614463 -0.0976264 370.962 0.426582 0.415898 -0.803154 286.453 0 0 0 1 
Seq_Frame0037_DriverToReference-SequenceTransformStatus = OK
Seq_Frame0037_Timestamp = 11.382
Seq_Frame0038_DriverToReference-SequenceTransform =-0.45736 -0.682096 -0.570585 131.112 -0.740309 0.647533 -0.180678 378.558 0.492712 0.339774 -0.801117 294.984 0 0 0 1 
Seq_Frame0038_DriverToReference-SequenceTransformStatus = OK
Seq_Frame0038_Timestamp = 11.486
Seq_Frame0039_DriverToReference-SequenceTransform =-0.477647 -0.693435 -0.539445 128.934 -0.735154 0.651668 -0.186756 384.464 0.481042 0.307372 -0.821049 286.217 0 0 0 1 
Seq_Frame0039_DriverToReference-SequenceTransformStatus = OK
Seq_Frame0039_Timestamp = 11.586
Seq_Frame0040_DriverToReference-SequenceTransform =-0.418382 -0.744463 -0.520319 132.016 -0.816358 0.55934 -0.14387 386.225 0.398141 0.364574 -0.841766 277.653 0 0 0 1 
Seq_Frame0040_DriverToReference-SequenceTransformStatus = OK
Seq_Frame0040_Timestamp = 11.698
Seq_Frame0041_DriverToReference-SequenceTransform =-0.427224 -0.752164 -0.501726 131.433 -0.785561 0.583528 -0.205886 377.871 0.447631 0.306177 -0.840168 275.172 0 0 0 1 
Seq_Frame0041_DriverToReference-SequenceTransformStatus = OK
Seq_Frame0041_Timestamp = 11.806
Seq_Frame0042_DriverToReference-SequenceTransform =-0.35749 -0.710001 -0.606712 122.26 -0.823767 0.545799 -0.153334 371.249 0.44001 0.444973 -0.779993 277.01 0 0 0 1 
Seq_Frame0042_DriverToReference-SequenceTransformStatus = OK
Seq_Frame0042_Timestamp = 11.907
Seq_Frame0043_DriverToReference-SequenceTransform =-0.246887 -0.712334 -0.656983 118.548 -0.879151 0.449819 -0.157342 375.827 0.407604 0.538742 -0.737303 277.624 0 0 0 1 
Seq_Frame0043_DriverToReference-SequenceTransformStatus = OK
Seq_Frame0043_Timestamp = 12.01
Seq_Frame0044_DriverToReference-SequenceTransform =-0.339807 -0.684524 -0.644948 126.007 -0.906925 0.420076 0.0319843 381.829 0.249033 0.595788 -0.763557 274.924 0 0 0 1 
Seq_Frame0044_DriverToReference-SequenceTransformStatus = OK
Seq_Frame0044_Timestamp = 12.111
Seq_Frame0045_DriverToReference-SequenceTransform =-0.337654 -0.686118 -0.644385 135.978 -0.871465 0.486591 -0.0614624 383.855 0.355722 0.540806 -0.762228 264.693 0 0 0 1 
Seq_Frame0045_DriverToReference-SequenceTransformStatus = OK
Seq_Frame0045_Timestamp = 12.211
Seq_Frame0046_DriverToReference-SequenceTransform =-0.305623 -0.70713 -0.637621 145.634 -0.794957 0.558082 -0.237883 382.473 0.524059 0.434179 -0.732701 264.121 0 0 0 1 
Seq_Frame0046_DriverToReference-SequenceTransformStatus = OK
Seq_Frame0046_Timestamp = 12.315
Seq_Frame0047_DriverToReference-SequenceTransform =-0.390933 -0.60777 -0.691221 151.773 -0.676187 0.699145 -0.232307 369.128 0.624453 0.376579 -0.684286 274.148 0 0 0 1 
Seq_Frame0047_DriverToReference-SequenceTransformStatus = OK
Seq_Frame0047_Timestamp = 12.421
Seq_Frame0048_DriverToReference-SequenceTransform =-0.683066 -0.372638 -0.628141 150.504 -0.429013 0.900748 -0.0678318 354.147 0.591073 0.223147 -0.775137 283.128 0 0 0 1 
Seq_Frame0048_DriverToReference-SequenceTransformStatus = OK
Seq_Frame0048_Timestamp = 12.526
Seq_Frame0049_DriverToReference-SequenceTransform =-0.783826 -0.183229 -0.593333 147.585 -0.213119 0.976819 -0.020113 337.369 0.583265 0.110686 -0.804706 287.427 0 0 0 1 
Seq_Frame0049_DriverToReference-SequenceTransformStatus = OK
Seq_Frame0049_Timestamp = 12.626
Seq_Frame0050_DriverToReference-SequenceTransform =-0.803195 -0.0486908 -0.593723 147.715 -0.0585889 0.998279 -0.00260851 316.487 0.592828 0.0326904 -0.804665 290.979 0 0 0 1 
Seq_Frame0050_DriverToReference-SequenceTransformStatus = OK
Seq_Frame0050_Timestamp = 12.736
Seq_Frame0051_DriverToReference-SequenceTransform =-0.814275 0.0287722 -0.579766 146.143 0.0518678 0.998382 -0.0233007 300.156 0.578157 -0.0490444 -0.81445 291.272 0 0 0 1 
Seq_Frame0051_DriverToReference-SequenceTransformStatus = OK
Seq_Frame0051_Timestamp = 12.836
Seq_Frame0052_DriverToReference-SequenceTransform =-0.74383 0.0323588 -0.667585 143.407 0.121642 0.9887 -0.087611 287.541 0.657206 -0.146374 -0.739361 294.852 0 0 0 1 
Seq_Frame0052_DriverToReference-SequenceTransformStatus = OK
Seq_Frame0052_Timestamp = 12.94
Seq_Frame0053_DriverToReference-SequenceTransform =-0.599677 0.00394029 -0.800233 137.154 0.115878 0.989876 -0.0819624 284.106 0.791808 -0.14188 -0.594062 292.702 0 0 0 1 
Seq_Frame0053_DriverToReference-SequenceTransformStatus = OK
Seq_Frame0053_Timestamp = 13.04
Seq_Frame0054_DriverToReference-SequenceTransform =-0.402743 -0.0527795 -0.91379 131.705 0.129308 0.985043 -0.113886 284.89 0.906133 -0.164027 -0.389895 288.656 0 0 0 1 
Seq_Frame0054_DriverToReference-SequenceTransformStatus = OK
Seq_Frame0054_Timestamp = 13.15
Seq_Frame0055_DriverToReference-SequenceTransform =-0.402743 -0.0527795 -0.91379 131.705 0.129308 0.985043 -0.113886 284.89 0.906133 -0.164027 -0.389895 288.656 0 0 0 1 
Seq_Frame0055_DriverToReference-SequenceTransformStatus = OK
Seq_Frame0055_Timestamp = 13.26
Seq_Frame0056_DriverToReference-SequenceTransform =-0.402743 -0.0527795 -0.91379 131.705 0.129308 0.985043 -0.113886 284.89 0.906133 -0.164027 -0.389895 288.656 0 0 0 1 
Seq_Frame0056_DriverToReference-SequenceTransformStatus = OK
Seq_Frame0056_Timestamp = 13.37
Seq_Frame0057_DriverToReference-SequenceTransform =-0.402743 -0.0527795 -0.91379 131.705 0.129308 0.985043 -0.113886 284.89 0.906133 -0.164027 -0.389895 288.656 0 0 0 1 
Seq_Frame0057_DriverToReference-SequenceTransformStatus = OK
Seq_Frame0057_Timestamp = 13.481
Seq_Frame0058_DriverToReference-SequenceTransform =-0.402743 -0.0527795 -0.91379 131.705 0.129308 0.985043 -0.113886 284.89 0.906133 -0.164027 -0.389895 288.656 0 0 0 1 
Seq_Frame0058_DriverToReference-SequenceTransformStatus = OK
Seq_Frame0058_Timestamp = 13.59
Seq_Frame0059_DriverToReference-SequenceTransform =-0.402743 -0.0527795 -0.91379 131.705 0.129308 0.985043 -0.113886 284.89 0.906133 -0.164027 -0.389895 288.656 0 0 0 1 
Seq_Frame0059_DriverToReference-SequenceTransformStatus = OK
Seq_Frame0059_Timestamp = 13.695
Seq_Frame0060_DriverToReference-SequenceTransform =-0.402743 -0.0527795 -0.91379 131.705 0.129308 0.985043 -0.113886 284.89 0.906133 -0.164027 -0.389895 288.656 0 0 0 1 
Seq_Frame0060_DriverToReference-SequenceTransformStatus = OK
Seq_Frame0060_Timestamp = 13.798
Seq_Frame0061_DriverToReference-SequenceTransform =-0.402743 -0.0527795 -0.91379 131.705 0.129308 0.985043 -0.113886 284.89 0.906133 -0.164027 -0.389895 288.656 0 0 0 1 
Seq_Frame0061_DriverToReference-SequenceTransformStatus = OK
Seq_Frame0061_Timestamp = 13.899
Seq_Frame0062_DriverToReference-SequenceTransform =-0.402743 -0.0527795 -0.91379 131.705 0.129308 0.985043 -0.113886 284.89 0.906133 -0.164027 -0.389895 288.656 0 0 0 1 
Seq_Frame0062_DriverToReference-SequenceTransformStatus = OK
Seq_Frame0062_Timestamp = 14.011
Seq_Frame0063_DriverToReference-SequenceTransform =-0.402743 -0.0527795 -0.91379 131.705 0.129308 0.985043 -0.113886 284.89 0.906133 -0.164027 -0.389895 288.656 0 0 0 1 
Seq_Frame0063_DriverToReference-SequenceTransformStatus = OK
Seq_Frame0063_Timestamp = 14.123
Seq_Frame0064_DriverToReference-SequenceTransform =-0.402743 -0.0527795 -0.91379 131.705 0.129308 0.985043 -0.113886 284.89 0.906133 -0.164027 -0.389895 288.656 0 0 0 1 
Seq_Frame0064_DriverToReference-SequenceTransformStatus = OK
Seq_Frame0064_Timestamp = 14.231
Seq_Frame0065_DriverToReference-SequenceTransform =-0.402743 -0.0527795 -0.91379 131.705 0.129308 0.985043 -0.113886 284.89 0.906133 -0.164027 -0.389895 288.656 0 0 0 1 
Seq_Frame0065_DriverToReference-SequenceTransformStatus = OK
Seq_Frame0065_Timestamp = 14.339
Seq_Frame0066_DriverToReference-SequenceTransform =-0.402743 -0.0527795 -0.91379 131.705 0.129308 0.985043 -0.113886 284.89 0.906133 -0.164027 -0.389895 288.656 0 0 0 1 
Seq_Frame0066_DriverToReference-SequenceTransformStatus = OK
Seq_Frame0066_Timestamp = 14.445
Seq_Frame0067_DriverToReference-SequenceTransform =-0.402743 -0.0527795 -0.91379 131.705 0.129308 0.985043 -0.113886 284.89 0.906133 -0.164027 -0.389895 288.656 0 0 0 1 
Seq_Frame0067_DriverToReference-SequenceTransformStatus = OK
Seq_Frame0067_Timestamp = 14.55
Seq_Frame0068_DriverToReference-SequenceTransform =-0.402743 -0.0527795 -0.91379 131.705 0.129308 0.985043 -0.113886 284.89 0.906133 -0.164027 -0.389895 288.656 0 0 0 1 
Seq_Frame0068_DriverToReference-SequenceTransformStatus = OK
Seq_Frame0068_Timestamp = 14.657
Seq_Frame0069_DriverToReference-SequenceTransform =-0.402743 -0.0527795 -0.91379 131.705 0.129308 0.985043 -0.113886 284.89 0.906133 -0.164027 -0.389895 288.656 0 0 0 1 
Seq_Frame0069_DriverToReference-SequenceTransformStatus = OK
Seq_Frame0069_Timestamp = 14.757
Seq_Frame0070_DriverToReference-SequenceTransform =-0.402743 -0.0527795 -0.91379 131.705 0.129308 0.985043 -0.113886 284.89 0.906133 -0.164027 -0.389895 288.656 0 0 0 1 
Seq_Frame0070_DriverToReference-SequenceTransformStatus = OK
Seq_Frame0070_Timestamp = 14.858
Seq_Frame0071_DriverToReference-SequenceTransform =-0.402743 -0.0527795 -0.91379 131.705 0.129308 0.985043 -0.113886 284.89 0.906133 -0.164027 -0.389895 288.656 0 0 0 1 
Seq_Frame0071_DriverToReference-SequenceTransformStatus = OK
Seq_Frame0071_Timestamp = 14.96
Seq_Frame0072_DriverToReference-SequenceTransform =-0.402743 -0.0527795 -0.91379 131.705 0.129308 0.985043 -0.113886 284.89 0.906133 -0.164027 -0.389895 288.656 0 0 0 1 
Seq_Frame0072_DriverToReference-SequenceTransformStatus = OK
Seq_Frame0072_Timestamp = 15.55
Seq_Frame0073_DriverToReference-SequenceTransform =-0.402743 -0.0527795 -0.91379 131.705 0.129308 0.985043 -0.113886 284.89 0.906133 -0.164027 -0.389895 288.656 0 0 0 1 
Seq_Frame0073_DriverToReference-SequenceTransformStatus = OK
Seq_Frame0073_Timestamp = 15.651
Seq_Frame0074_DriverToReference-SequenceTransform =-0.402743 -0.0527795 -0.91379 131.705 0.129308 0.985043 -0.113886 284.89 0.906133 -0.164027 -0.389895 288.656 0 0 0 1 
Seq_Frame0074_DriverToReference-SequenceTransformStatus = OK
Seq_Frame0074_Timestamp = 15.757
Seq_Frame0075_DriverToReference-SequenceTransform =-0.402743 -0.0527795 -0.91379 131.705 0.129308 0.985043 -0.113886 284.89 0.906133 -0.164027 -0.389895 288.656 0 0 0 1 
Seq_Frame0075_DriverToReference-SequenceTransformStatus = OK
Seq_Frame0075_Timestamp = 15.867
Seq_Frame0076_DriverToReference-SequenceTransform =-0.402743 -0.0527795 -0.91379 131.705 0.129308 0.985043 -0.113886 284.89 0.906133 -0.164027 -0.389895 288.656 0 0 0 1 
Seq_Frame0076_DriverToReference-SequenceTransformStatus = OK
Seq_Frame0076_Timestamp = 15.975
Seq_Frame0077_DriverToReference-SequenceTransform =0.939532 -0.0996015 0.327658 73.8446 0.259965 0.830255 -0.493047 318.957 -0.222931 0.548413 0.805944 214.45 0 0 0 1 
Seq_Frame0077_DriverToReference-SequenceTransformStatus = OK
Seq_Frame0077_Timestamp = 16.076
Seq_Frame0078_DriverToReference-SequenceTransform =0.968481 -0.000419665 0.249088 55.1065 0.130507 0.85261 -0.505989 291.884 -0.212163 0.522548 0.825791 217.038 0 0 0 1 
Seq_Frame0078_DriverToReference-SequenceTransformStatus = OK
Seq_Frame0078_Timestamp = 16.185
Seq_Frame0079_DriverToReference-SequenceTransform =0.952174 0.0857128 0.293287 52.2211 0.0792752 0.857684 -0.508029 274.523 -0.295092 0.506982 0.80987 215.846 0 0 0 1 
Seq_Frame0079_DriverToReference-SequenceTransformStatus = OK
Seq_Frame0079_Timestamp = 16.29
Seq_Frame0080_DriverToReference-SequenceTransform =0.945333 0.137795 0.295563 57.5065 0.0389058 0.852211 -0.521749 262.928 -0.323777 0.504726 0.800263 216.623 0 0 0 1 
Seq_Frame0080_DriverToReference-SequenceTransformStatus = OK
Seq_Frame0080_Timestamp = 16.398
Seq_Frame0081_DriverToReference-SequenceTransform =0.962571 0.14294 0.230272 62.1732 0.00598699 0.838198 -0.545333 257.572 -0.270964 0.526301 0.805969 216.718 0 0 0 1 
Seq_Frame0081_DriverToReference-SequenceTransformStatus = OK
Seq_Frame0081_Timestamp = 16.5
Seq_Frame0082_DriverToReference-SequenceTransform =0.97413 0.150694 0.168408 66.8574 -0.0318595 0.829348 -0.557824 253.792 -0.223729 0.538028 0.812694 215.265 0 0 0 1 
Seq_Frame0082_DriverToReference-SequenceTransformStatus = OK
Seq_Frame0082_Timestamp = 16.6
Seq_Frame0083_DriverToReference-SequenceTransform =0.971528 0.176561 0.157988 71.176 -0.0481881 0.80014 -0.597875 251.635 -0.231974 0.573239 0.785866 213.448 0 0 0 1 
Seq_Frame0083_DriverToReference-SequenceTransformStatus = OK
Seq_Frame0083_Timestamp = 16.705
Seq_Frame0084_DriverToReference-SequenceTransform =0.969825 0.193169 0.148746 75.366 -0.0644593 0.79156 -0.607683 248.979 -0.235127 0.579758 0.780126 211.626 0 0 0 1 
Seq_Frame0084_DriverToReference-SequenceTransformStatus = OK
Seq_Frame0084_Timestamp = 16.81
Seq_Frame0085_DriverToReference-SequenceTransform =0.970253 0.206361 0.126585 78.0847 -0.0849134 0.779747 -0.62031 248.073 -0.226712 0.591109 0.774075 210.257 0 0 0 1 
Seq_Frame0085_DriverToReference-SequenceTransformStatus = OK
Seq_Frame0085_Timestamp = 16.915
Seq_Frame0086_DriverToReference-SequenceTransform =0.973796 0.20766 0.0927251 80.1884 -0.101282 0.761052 -0.640736 247.639 -0.203624 0.614555 0.762142 209.176 0 0 0 1 
Seq_Frame0086_DriverToReference-SequenceTransformStatus = OK
Seq_Frame0086_Timestamp = 17.025
Seq_Frame0087_DriverToReference-SequenceTransform =0.971583 0.218938 0.0899598 79.3881 -0.111017 0.757163 -0.643723 246.715 -0.20905 0.615443 0.759953 210.755 0 0 0 1 
Seq_Frame0087_DriverToReference-SequenceTransformStatus = OK
Seq_Frame0087_Timestamp = 17.13
Seq_Frame0088_DriverToReference-SequenceTransform =0.972546 0.218731 0.0794408 78.8696 -0.114739 0.747707 -0.65404 247.037 -0.202457 0.626969 0.752277 211.358 0 0 0 1 
Seq_Frame0088_DriverToReference-SequenceTransformStatus = OK
Seq_Frame0088_Timestamp = 17.235
Seq_Frame0089_DriverToReference-SequenceTransform =0.972062 0.219594 0.0829084 78.6025 -0.110804 0.740677 -0.662661 247.567 -0.206925 0.634961 0.744316 211.361 0 0 0 1 
Seq_Frame0089_DriverToReference-SequenceTransformStatus = OK
Seq_Frame0089_Timestamp = 17.336
Seq_Frame0090_DriverToReference-SequenceTransform =0.974814 0.214747 0.0601807 77.3326 -0.126004 0.752977 -0.64587 248.038 -0.184014 0.62202 0.761072 211.76 0 0 0 1 
Seq_Frame0090_DriverToReference-SequenceTransformStatus = OK
Seq_Frame0090_Timestamp = 17.445
Seq_Frame0091_DriverToReference-SequenceTransform =0.974394 0.217168 0.0582534 76.7888 -0.128924 0.751893 -0.646557 248.162 -0.184212 0.622491 0.760638 211.621 0 0 0 1 
Seq_Frame0091_DriverToReference-SequenceTransformStatus = OK
Seq_Frame0091_Timestamp = 17.546
Seq_Frame0092_DriverToReference-SequenceTransform =0.974196 0.216988 0.0621177 76.8417 -0.126068 0.75141 -0.64768 247.895 -0.187215 0.623136 0.759376 211.596 0 0 0 1 
Seq_Frame0092_DriverToReference-SequenceTransformStatus = OK
Seq_Frame0092_Timestamp = 17.648
Seq_Frame0093_DriverToReference-SequenceTransform =0.973105 0.218878 0.07183 76.9387 -0.121402 0.752259 -0.647586 246.785 -0.195777 0.621449 0.758599 211.57 0 0 0 1 
Seq_Frame0093_DriverToReference-SequenceTransformStatus = OK
Seq_Frame0093_Timestamp = 17.748
Seq_Frame0094_DriverToReference-SequenceTransform =0.975241 0.210876 0.0666016 76.6679 -0.116813 0.746951 -0.654537 246.246 -0.187774 0.630552 0.753091 210.28 0 0 0 1 
Seq_Frame0094_DriverToReference-SequenceTransformStatus = OK
Seq_Frame0094_Timestamp = 17.851
Seq_Frame0095_DriverToReference-SequenceTransform =0.969308 0.209047 0.129386 77.0964 -0.0734461 0.74848 -0.659078 243.571 -0.234621 0.629347 0.740862 209.233 0 0 0 1 
Seq_Frame0095_DriverToReference-SequenceTransformStatus = OK
Seq_Frame0095_Timestamp = 17.96
Seq_Frame0096_DriverToReference-SequenceTransform =0.967793 0.212749 0.13459 77.5373 -0.0511545 0.689659 -0.722325 239.278 -0.246495 0.692176 0.67833 206.215 0 0 0 1 
Seq_Frame0096_DriverToReference-SequenceTransformStatus = OK
Seq_Frame0096_Timestamp = 18.066
Seq_Frame0097_DriverToReference-SequenceTransform =0.971667 0.202654 0.121632 77.3295 -0.0418337 0.653953 -0.755377 236.387 -0.232622 0.728887 0.643903 204.768 0 0 0 1 
Seq_Frame0097_DriverToReference-SequenceTransformStatus = OK
Seq_Frame0097_Timestamp = 18.17
Seq_Frame0098_DriverToReference-SequenceTransform =0.975863 0.191283 0.10537 77.1187 -0.0438904 0.644437 -0.763396 236.279 -0.213929 0.740345 0.637278 204.675 0 0 0 1 
Seq_Frame0098_DriverToReference-SequenceTransformStatus = OK
Seq_Frame0098_Timestamp = 18.271
Seq_Frame0099_DriverToReference-SequenceTransform =0.975863 0.191283 0.10537 77.1187 -0.0438904 0.644437 -0.763396 236.279 -0.213929 0.740345 0.637278 204.675 0 0 0 1 
Seq_Frame0099_DriverToReference-SequenceTransformStatus = OK
Seq_Frame0099_Timestamp = 18.372
Seq_Frame0100_DriverToReference-SequenceTransform =0.975863 0.191283 0.10537 77.1187 -0.0438904 0.644437 -0.763396 236.279 -0.213929 0.740345 0.637278 204.675 0 0 0 1 
Seq_Frame0100_DriverToReference-SequenceTransformStatus = OK
Seq_Frame0100_Timestamp = 18.474
Seq_Frame0101_DriverToReference-SequenceTransform =0.975863 0.191283 0.10537 77.1187 -0.0438904 0.644437 -0.763396 236.279 -0.213929 0.740345 0.637278 204.675 0 0 0 1 
Seq_Frame0101_DriverToReference-SequenceTransformStatus = OK
Seq_Frame0101_Timestamp = 18.576
Seq_Frame0102_DriverToReference-SequenceTransform =0.975863 0.191283 0.10537 77.1187 -0.0438904 0.644437 -0.763396 236.279 -0.213929 0.740345 0.637278 204.675 0 0 0 1 
Seq_Frame0102_DriverToReference-SequenceTransformStatus = OK
Seq_Frame0102_Timestamp = 18.68
Seq_Frame0103_DriverToReference-SequenceTransform =-0.631612 0.301374 -0.714311 73.2814 -0.0793805 0.891372 0.446268 286.784 0.77121 0.33857 -0.539078 164.04 0 0 0 1 
Seq_Frame0103_DriverToReference-SequenceTransformStatus = OK
Seq_Frame0103_Timestamp = 18.785
Seq_Frame0104_DriverToReference-SequenceTransform =-0.79968 0.328808 -0.502392 83.7905 0.0259957 0.8549 0.51814 277.309 0.599864 0.401286 -0.692194 162.033 0 0 0 1 
Seq_Frame0104_DriverToReference-SequenceTransformStatus = OK
Seq_Frame0104_Timestamp = 18.899
Seq_Frame0105_DriverToReference-SequenceTransform =-0.799892 0.404283 -0.44354 90.3228 0.158203 0.854959 0.49398 274.253 0.578916 0.324961 -0.747834 158.716 0 0 0 1 
Seq_Frame0105_DriverToReference-SequenceTransformStatus = OK
Seq_Frame0105_Timestamp = 19.009
Seq_Frame0106_DriverToReference-SequenceTransform =-0.792689 0.458657 -0.401595 85.1994 0.188328 0.810772 0.55424 275.254 0.579808 0.363708 -0.729068 159.402 0 0 0 1 
Seq_Frame0106_DriverToReference-SequenceTransformStatus = OK
Seq_Frame0106_Timestamp = 19.11
Seq_Frame0107_DriverToReference-SequenceTransform =-0.78442 0.476013 -0.397614 87.7854 0.227333 0.81712 0.52975 275.93 0.577066 0.325156 -0.749179 159.155 0 0 0 1 
Seq_Frame0107_DriverToReference-SequenceTransformStatus = OK
Seq_Frame0107_Timestamp = 19.216
Seq_Frame0108_DriverToReference-SequenceTransform =-0.812822 0.452917 -0.366315 91.0554 0.215162 0.817819 0.533739 271.689 0.541319 0.355017 -0.762192 160.681 0 0 0 1 
Seq_Frame0108_DriverToReference-SequenceTransformStatus = OK
Seq_Frame0108_Timestamp = 19.32
Seq_Frame0109_DriverToReference-SequenceTransform =-0.80599 0.413677 -0.42338 88.6465 0.155495 0.838104 0.52288 269.765 0.57114 0.355602 -0.739828 162.06 0 0 0 1 
Seq_Frame0109_DriverToReference-SequenceTransformStatus = OK
Seq_Frame0109_Timestamp = 19.421
Seq_Frame0110_DriverToReference-SequenceTransform =-0.808167 0.359798 -0.466274 86.5836 0.0700849 0.844826 0.530431 267.757 0.584768 0.395998 -0.707977 163.032 0 0 0 1 
Seq_Frame0110_DriverToReference-SequenceTransformStatus = OK
Seq_Frame0110_Timestamp = 19.525
Seq_Frame0111_DriverToReference-SequenceTransform =-0.82048 0.325545 -0.469928 84.931 0.0248581 0.841559 0.539593 267.094 0.571134 0.431044 -0.698575 163.664 0 0 0 1 
Seq_Frame0111_DriverToReference-SequenceTransformStatus = OK
Seq_Frame0111_Timestamp = 19.63
Seq_Frame0112_DriverToReference-SequenceTransform =-0.818633 0.307918 -0.484795 86.6715 0.0124416 0.853435 0.521051 266.663 0.574182 0.420518 -0.702481 163.351 0 0 0 1 
Seq_Frame0112_DriverToReference-SequenceTransformStatus = OK
Seq_Frame0112_Timestamp = 19.732
Seq_Frame0113_DriverToReference-SequenceTransform =-0.814 0.27455 -0.511885 86.4488 -0.0317994 0.858862 0.511219 265.41 0.579993 0.43241 -0.690383 166.48 0 0 0 1 
Seq_Frame0113_DriverToReference-SequenceTransformStatus = OK
Seq_Frame0113_Timestamp = 19.846
Seq_Frame0114_DriverToReference-SequenceTransform =-0.777077 0.126562 -0.61655 92.4475 -0.138992 0.920885 0.364215 259.586 0.613867 0.368719 -0.698007 171.228 0 0 0 1 
Seq_Frame0114_DriverToReference-SequenceTransformStatus = OK
Seq_Frame0114_Timestamp = 19.95
Seq_Frame0115_DriverToReference-SequenceTransform =-0.476288 -0.262682 -0.839135 98.4331 -0.502594 0.864398 0.0146791 253.428 0.721491 0.428736 -0.543724 183.42 0 0 0 1 
Seq_Frame0115_DriverToReference-SequenceTransformStatus = OK
Seq_Frame0115_Timestamp = 20.051
Seq_Frame0116_DriverToReference-SequenceTransform =0.0264495 -0.509729 -0.859929 92.0475 -0.58718 0.688268 -0.426036 247.017 0.809024 0.516202 -0.281098 196.558 0 0 0 1 
Seq_Frame0116_DriverToReference-SequenceTransformStatus = OK
Seq_Frame0116_Timestamp = 20.16
Seq_Frame0117_DriverToReference-SequenceTransform =0.0264495 -0.509729 -0.859929 92.0475 -0.58718 0.688268 -0.426036 247.017 0.809024 0.516202 -0.281098 196.558 0 0 0 1 
Seq_Frame0117_DriverToReference-SequenceTransformStatus = OK
Seq_Frame0117_Timestamp = 20.261
Seq_Frame0118_DriverToReference-SequenceTransform =0.0264495 -0.509729 -0.859929 92.0475 -0.58718 0.688268 -0.426036 247.017 0.809024 0.516202 -0.281098 196.558 0 0 0 1 
Seq_Frame0118_DriverToReference-SequenceTransformStatus = OK
Seq_Frame0118_Timestamp = 20.374
Seq_Frame0119_DriverToReference-SequenceTransform =0.0264495 -0.509729 -0.859929 92.0475 -0.58718 0.688268 -0.426036 247.017 0.809024 0.516202 -0.281098 196.558 0 0 0 1 
Seq_Frame0119_DriverToReference-SequenceTransformStatus = OK
Seq_Frame0119_Timestamp = 20.481
Seq_Frame0120_DriverToReference-SequenceTransform =0.0264495 -0.509729 -0.859929 92.0475 -0.58718 0.688268 -0.426036 247.017 0.809024 0.516202 -0.281098 196.558 0 0 0 1 
Seq_Frame0120_DriverToReference-SequenceTransformStatus = OK
Seq_Frame0120_Timestamp = 20.589
Seq_Frame0121_DriverToReference-SequenceTransform =0.0264495 -0.509729 -0.859929 92.0475 -0.58718 0.688268 -0.426036 247.017 0.809024 0.516202 -0.281098 196.558 0 0 0 1 
Seq_Frame0121_DriverToReference-SequenceTransformStatus = OK
Seq_Frame0121_Timestamp = 20.697
Seq_Frame0122_DriverToReference-SequenceTransform =0.0264495 -0.509729 -0.859929 92.0475 -0.58718 0.688268 -0.426036 247.017 0.809024 0.516202 -0.281098 196.558 0 0 0 1 
Seq_Frame0122_DriverToReference-SequenceTransformStatus = OK
Seq_Frame0122_Timestamp = 20.803
Seq_Frame0123_DriverToReference-SequenceTransform =0.0264495 -0.509729 -0.859929 92.0475 -0.58718 0.688268 -0.426036 247.017 0.809024 0.516202 -0.281098 196.558 0 0 0 1 
Seq_Frame0123_DriverToReference-SequenceTransformStatus = OK
Seq_Frame0123_Timestamp = 20.91
Seq_Frame0124_DriverToReference-SequenceTransform =0.572697 -0.819186 0.0308602 127.915 -0.482774 -0.367456 -0.794925 502.41 0.662531 0.440353 -0.605922 263.902 0 0 0 1 
Seq_Frame0124_DriverToReference-SequenceTransformStatus = OK
Seq_Frame0124_Timestamp = 21.02
Seq_Frame0125_DriverToReference-SequenceTransform =0.542523 -0.830692 0.124976 129.291 -0.484504 -0.43096 -0.761269 526.34 0.68624 0.352454 -0.636279 271.357 0 0 0 1 
Seq_Frame0125_DriverToReference-SequenceTransformStatus = OK
Seq_Frame0125_Timestamp = 21.123
Seq_Frame0126_DriverToReference-SequenceTransform =0.448193 -0.891581 -0.0648518 114.44 -0.478812 -0.178167 -0.859648 463.062 0.754892 0.41634 -0.506753 246.276 0 0 0 1 
Seq_Frame0126_DriverToReference-SequenceTransformStatus = OK
Seq_Frame0126_Timestamp = 21.233
Seq_Frame0127_DriverToReference-SequenceTransform =0.425497 -0.888287 -0.172913 105.122 -0.46785 -0.0523655 -0.882255 431.119 0.774641 0.456294 -0.437866 236.999 0 0 0 1 
Seq_Frame0127_DriverToReference-SequenceTransformStatus = OK
Seq_Frame0127_Timestamp = 21.336
Seq_Frame0128_DriverToReference-SequenceTransform =0.425497 -0.888287 -0.172913 105.122 -0.46785 -0.0523655 -0.882255 431.119 0.774641 0.456294 -0.437866 236.999 0 0 0 1 
Seq_Frame0128_DriverToReference-SequenceTransformStatus = OK
Seq_Frame0128_Timestamp = 21.443
Seq_Frame0129_DriverToReference-SequenceTransform =0.425497 -0.888287 -0.172913 105.122 -0.46785 -0.0523655 -0.882255 431.119 0.774641 0.456294 -0.437866 236.999 0 0 0 1 
Seq_Frame0129_DriverToReference-SequenceTransformStatus = OK
Seq_Frame0129_Timestamp = 21.55
Seq_Frame0130_DriverToReference-SequenceTransform =0.425497 -0.888287 -0.172913 105.122 -0.46785 -0.0523655 -0.882255 431.119 0.774641 0.456294 -0.437866 236.999 0 0 0 1 
Seq_Frame0130_DriverToReference-SequenceTransformStatus = OK
Seq_Frame0130_Timestamp = 21.656
Seq_Frame0131_DriverToReference-SequenceTransform =0.425497 -0.888287 -0.172913 105.122 -0.46785 -0.0523655 -0.882255 431.119 0.774641 0.456294 -0.437866 236.999 0 0 0 1 
Seq_Frame0131_DriverToReference-SequenceTransformStatus = OK
Seq_Frame0131_Timestamp = 21.764
Seq_Frame0132_DriverToReference-SequenceTransform =0.425497 -0.888287 -0.172913 105.122 -0.46785 -0.0523655 -0.882255 431.119 0.774641 0.456294 -0.437866 236.999 0 0 0 1 
Seq_Frame0132_DriverToReference-SequenceTransformStatus = OK
Seq_Frame0132_Timestamp = 21.87
Seq_Frame0133_DriverToReference-SequenceTransform =0.425497 -0.888287 -0.172913 105.122 -0.46785 -0.0523655 -0.882255 431.119 0.774641 0.456294 -0.437866 236.999 0 0 0 1 
Seq_Frame0133_DriverToReference-SequenceTransformStatus = OK
Seq_Frame0133_Timestamp = 21.98
Seq_Frame0134_DriverToReference-SequenceTransform =0.425497 -0.888287 -0.172913 105.122 -0.46785 -0.0523655 -0.882255 431.119 0.774641 0.456294 -0.437866 236.999 0 0 0 1 
Seq_Frame0134_DriverToReference-SequenceTransformStatus = OK
Seq_Frame0134_Timestamp = 22.086
Seq_Frame0135_DriverToReference-SequenceTransform =0.425497 -0.888287 -0.172913 105.122 -0.46785 -0.0523655 -0.882255 431.119 0.774641 0.456294 -0.437866 236.999 0 0 0 1 
Seq_Frame0135_DriverToReference-SequenceTransformStatus = OK
Seq_Frame0135_Timestamp = 22.193
Seq_Frame0136_DriverToReference-SequenceTransform =0.425497 -0.888287 -0.172913 105.122 -0.46785 -0.0523655 -0.882255 431.119 0.774641 0.456294 -0.437866 236.999 0 0 0 1 
Seq_Frame0136_DriverToReference-SequenceTransformStatus = OK
Seq_Frame0136_Timestamp = 22.302
Seq_Frame0137_DriverToReference-SequenceTransform =0.425497 -0.888287 -0.172913 105.122 -0.46785 -0.0523655 -0.882255 431.119 0.774641 0.456294 -0.437866 236.999 0 0 0 1 
Seq_Frame0137_DriverToReference-SequenceTransformStatus = OK
Seq_Frame0137_Timestamp = 22.413
Seq_Frame0138_DriverToReference-SequenceTransform =0.425497 -0.888287 -0.172913 105.122 -0.46785 -0.0523655 -0.882255 431.119 0.774641 0.456294 -0.437866 236.999 0 0 0 1 
Seq_Frame0138_DriverToReference-SequenceTransformStatus = OK
Seq_Frame0138_Timestamp = 22.519
Seq_Frame0139_DriverToReference-SequenceTransform =0.425497 -0.888287 -0.172913 105.122 -0.46785 -0.0523655 -0.882255 431.119 0.774641 0.456294 -0.437866 236.999 0 0 0 1 
Seq_Frame0139_DriverToReference-SequenceTransformStatus = OK
Seq_Frame0139_Timestamp = 24.449
Seq_Frame0140_DriverToReference-SequenceTransform =0.425497 -0.888287 -0.172913 105.122 -0.46785 -0.0523655 -0.882255 431.119 0.774641 0.456294 -0.437866 236.999 0 0 0 1 
Seq_Frame0140_DriverToReference-SequenceTransformStatus = OK
Seq_Frame0140_Timestamp = 24.72
Seq_Frame0141_DriverToReference-SequenceTransform =0.425497 -0.888287 -0.172913 105.122 -0.46785 -0.0523655 -0.882255 431.119 0.774641 0.456294 -0.437866 236.999 0 0 0 1 
Seq_Frame0141_DriverToReference-SequenceTransformStatus = OK
Seq_Frame0141_Timestamp = 24.825
Seq_Frame0142_DriverToReference-SequenceTransform =0.425497 -0.888287 -0.172913 105.122 -0.46785 -0.0523655 -0.882255 431.119 0.774641 0.456294 -0.437866 236.999 0 0 0 1 
Seq_Frame0142_DriverToReference-SequenceTransformStatus = OK
Seq_Frame0142_Timestamp = 24.935
Seq_Frame0143_DriverToReference-SequenceTransform =0.425497 -0.888287 -0.172913 105.122 -0.46785 -0.0523655 -0.882255 431.119 0.774641 0.456294 -0.437866 236.999 0 0 0 1 
Seq_Frame0143_DriverToReference-SequenceTransformStatus = OK
Seq_Frame0143_Timestamp = 25.039
Seq_Frame0144_DriverToReference-SequenceTransform =0.425497 -0.888287 -0.172913 105.122 -0.46785 -0.0523655 -0.882255 431.119 0.774641 0.456294 -0.437866 236.999 0 0 0 1 
Seq_Frame0144_DriverToReference-SequenceTransformStatus = OK
Seq_Frame0144_Timestamp = 25.145
Seq_Frame0145_DriverToReference-SequenceTransform =0.425497 -0.888287 -0.172913 105.122 -0.46785 -0.0523655 -0.882255 431.119 0.774641 0.456294 -0.437866 236.999 0 0 0 1 
Seq_Frame0145_DriverToReference-SequenceTransformStatus = OK
Seq_Frame0145_Timestamp = 25.252
Seq_Frame0146_DriverToReference-SequenceTransform =0.425497 -0.888287 -0.172913 105.122 -0.46785 -0.0523655 -0.882255 431.119 0.774641 0.456294 -0.437866 236.999 0 0 0 1 
Seq_Frame0146_DriverToReference-SequenceTransformStatus = OK
Seq_Frame0146_Timestamp = 25.358
Seq_Frame0147_DriverToReference-SequenceTransform =0.425497 -0.888287 -0.172913 105.122 -0.46785 -0.0523655 -0.882255 431.119 0.774641 0.456294 -0.437866 236.999 0 0 0 1 
Seq_Frame0147_DriverToReference-SequenceTransformStatus = OK
Seq_Frame0147_Timestamp = 25.466
Seq_Frame0148_DriverToReference-SequenceTransform =0.425497 -0.888287 -0.172913 105.122 -0.46785 -0.0523655 -0.882255 431.119 0.774641 0.456294 -0.437866 236.999 0 0 0 1 
Seq_Frame0148_DriverToReference-SequenceTransformStatus = OK
Seq_Frame0148_Timestamp = 25.57
Seq_Frame0149_DriverToReference-SequenceTransform =0.425497 -0.888287 -0.172913 105.122 -0.46785 -0.0523655 -0.882255 431.119 0.774641 0.456294 -0.437866 236.999 0 0 0 1 
Seq_Frame0149_DriverToReference-SequenceTransformStatus = OK
Seq_Frame0149_Timestamp = 25.677
Seq_Frame0150_DriverToReference-SequenceTransform =0.425497 -0.888287 -0.172913 105.122 -0.46785 -0.0523655 -0.882255 431.119 0.774641 0.456294 -0.437866 236.999 0 0 0 1 
Seq_Frame0150_DriverToReference-SequenceTransformStatus = OK
Seq_Frame0150_Timestamp = 25.785
