ObjectType = Image
NDims = 3
AnatomicalOrientation = RAI
BinaryData = True
CompressedData = False
DimSize = 0 0 2370
ElementSpacing = 1 1 1
Offset = 0 0 0
TransformMatrix = 1 0 0 0 1 0 0 0 1
ElementType = MET_UCHAR
Kinds = domain domain list
Seq_Frame0000_ForcepToReference-SequenceTransform =0.603308 0.178696 -0.77723 123.406 0.441967 -0.886144 0.13933 9.43473 -0.663841 -0.427569 -0.613596 -4.90431 0 0 0 1 
Seq_Frame0000_ForcepToReference-SequenceTransformStatus = OK
Seq_Frame0000_Timestamp = 0.0100002
Seq_Frame0001_ForcepToReference-SequenceTransform =0.603308 0.178696 -0.77723 123.406 0.441967 -0.886144 0.13933 9.43473 -0.663841 -0.427569 -0.613596 -4.90431 0 0 0 1 
Seq_Frame0001_ForcepToReference-SequenceTransformStatus = OK
Seq_Frame0001_Timestamp = 0.116
Seq_Frame0002_ForcepToReference-SequenceTransform =0.603308 0.178696 -0.77723 123.406 0.441967 -0.886144 0.13933 9.43473 -0.663841 -0.427569 -0.613596 -4.90431 0 0 0 1 
Seq_Frame0002_ForcepToReference-SequenceTransformStatus = OK
Seq_Frame0002_Timestamp = 0.223
Seq_Frame0003_ForcepToReference-SequenceTransform =0.603308 0.178696 -0.77723 123.406 0.441967 -0.886144 0.13933 9.43473 -0.663841 -0.427569 -0.613596 -4.90431 0 0 0 1 
Seq_Frame0003_ForcepToReference-SequenceTransformStatus = OK
Seq_Frame0003_Timestamp = 0.327
Seq_Frame0004_ForcepToReference-SequenceTransform =0.603308 0.178696 -0.77723 123.406 0.441967 -0.886144 0.13933 9.43473 -0.663841 -0.427569 -0.613596 -4.90431 0 0 0 1 
Seq_Frame0004_ForcepToReference-SequenceTransformStatus = OK
Seq_Frame0004_Timestamp = 0.444
Seq_Frame0005_ForcepToReference-SequenceTransform =0.603308 0.178696 -0.77723 123.406 0.441967 -0.886144 0.13933 9.43473 -0.663841 -0.427569 -0.613596 -4.90431 0 0 0 1 
Seq_Frame0005_ForcepToReference-SequenceTransformStatus = OK
Seq_Frame0005_Timestamp = 0.547
Seq_Frame0006_ForcepToReference-SequenceTransform =0.603308 0.178696 -0.77723 123.406 0.441967 -0.886144 0.13933 9.43473 -0.663841 -0.427569 -0.613596 -4.90431 0 0 0 1 
Seq_Frame0006_ForcepToReference-SequenceTransformStatus = OK
Seq_Frame0006_Timestamp = 0.648
Seq_Frame0007_ForcepToReference-SequenceTransform =0.603308 0.178696 -0.77723 123.406 0.441967 -0.886144 0.13933 9.43473 -0.663841 -0.427569 -0.613596 -4.90431 0 0 0 1 
Seq_Frame0007_ForcepToReference-SequenceTransformStatus = OK
Seq_Frame0007_Timestamp = 0.75
Seq_Frame0008_ForcepToReference-SequenceTransform =0.603308 0.178696 -0.77723 123.406 0.441967 -0.886144 0.13933 9.43473 -0.663841 -0.427569 -0.613596 -4.90431 0 0 0 1 
Seq_Frame0008_ForcepToReference-SequenceTransformStatus = OK
Seq_Frame0008_Timestamp = 0.85
Seq_Frame0009_ForcepToReference-SequenceTransform =0.603308 0.178696 -0.77723 123.406 0.441967 -0.886144 0.13933 9.43473 -0.663841 -0.427569 -0.613596 -4.90431 0 0 0 1 
Seq_Frame0009_ForcepToReference-SequenceTransformStatus = OK
Seq_Frame0009_Timestamp = 0.951
Seq_Frame0010_ForcepToReference-SequenceTransform =0.603308 0.178696 -0.77723 123.406 0.441967 -0.886144 0.13933 9.43473 -0.663841 -0.427569 -0.613596 -4.90431 0 0 0 1 
Seq_Frame0010_ForcepToReference-SequenceTransformStatus = OK
Seq_Frame0010_Timestamp = 2.29
Seq_Frame0011_ForcepToReference-SequenceTransform =0.603308 0.178696 -0.77723 123.406 0.441967 -0.886144 0.13933 9.43473 -0.663841 -0.427569 -0.613596 -4.90431 0 0 0 1 
Seq_Frame0011_ForcepToReference-SequenceTransformStatus = OK
Seq_Frame0011_Timestamp = 2.395
Seq_Frame0012_ForcepToReference-SequenceTransform =0.603308 0.178696 -0.77723 123.406 0.441967 -0.886144 0.13933 9.43473 -0.663841 -0.427569 -0.613596 -4.90431 0 0 0 1 
Seq_Frame0012_ForcepToReference-SequenceTransformStatus = OK
Seq_Frame0012_Timestamp = 2.496
Seq_Frame0013_ForcepToReference-SequenceTransform =0.983869 -0.0580527 -0.169212 104.623 0.0960171 -0.626728 0.7733 235.288 -0.150942 -0.777073 -0.611044 19.9084 0 0 0 1 
Seq_Frame0013_ForcepToReference-SequenceTransformStatus = OK
Seq_Frame0013_Timestamp = 6.685
Seq_Frame0014_ForcepToReference-SequenceTransform =0.983869 -0.0580527 -0.169212 104.623 0.0960171 -0.626728 0.7733 235.288 -0.150942 -0.777073 -0.611044 19.9084 0 0 0 1 
Seq_Frame0014_ForcepToReference-SequenceTransformStatus = OK
Seq_Frame0014_Timestamp = 8.125
Seq_Frame0015_ForcepToReference-SequenceTransform =0.983869 -0.0580527 -0.169212 104.623 0.0960171 -0.626728 0.7733 235.288 -0.150942 -0.777073 -0.611044 19.9084 0 0 0 1 
Seq_Frame0015_ForcepToReference-SequenceTransformStatus = OK
Seq_Frame0015_Timestamp = 8.231
Seq_Frame0016_ForcepToReference-SequenceTransform =0.983869 -0.0580527 -0.169212 104.623 0.0960171 -0.626728 0.7733 235.288 -0.150942 -0.777073 -0.611044 19.9084 0 0 0 1 
Seq_Frame0016_ForcepToReference-SequenceTransformStatus = OK
Seq_Frame0016_Timestamp = 8.335
Seq_Frame0017_ForcepToReference-SequenceTransform =0.983869 -0.0580527 -0.169212 104.623 0.0960171 -0.626728 0.7733 235.288 -0.150942 -0.777073 -0.611044 19.9084 0 0 0 1 
Seq_Frame0017_ForcepToReference-SequenceTransformStatus = OK
Seq_Frame0017_Timestamp = 8.435
Seq_Frame0018_ForcepToReference-SequenceTransform =0.983869 -0.0580527 -0.169212 104.623 0.0960171 -0.626728 0.7733 235.288 -0.150942 -0.777073 -0.611044 19.9084 0 0 0 1 
Seq_Frame0018_ForcepToReference-SequenceTransformStatus = OK
Seq_Frame0018_Timestamp = 8.536
Seq_Frame0019_ForcepToReference-SequenceTransform =0.983869 -0.0580527 -0.169212 104.623 0.0960171 -0.626728 0.7733 235.288 -0.150942 -0.777073 -0.611044 19.9084 0 0 0 1 
Seq_Frame0019_ForcepToReference-SequenceTransformStatus = OK
Seq_Frame0019_Timestamp = 8.645
Seq_Frame0020_ForcepToReference-SequenceTransform =0.983869 -0.0580527 -0.169212 104.623 0.0960171 -0.626728 0.7733 235.288 -0.150942 -0.777073 -0.611044 19.9084 0 0 0 1 
Seq_Frame0020_ForcepToReference-SequenceTransformStatus = OK
Seq_Frame0020_Timestamp = 8.746
Seq_Frame0021_ForcepToReference-SequenceTransform =0.852205 -0.101357 -0.513297 120.576 0.469874 -0.283275 0.836047 5.85536 -0.230143 -0.953668 -0.193783 -18.8438 0 0 0 1 
Seq_Frame0021_ForcepToReference-SequenceTransformStatus = OK
Seq_Frame0021_Timestamp = 8.85
Seq_Frame0022_ForcepToReference-SequenceTransform =0.830382 -0.249879 -0.498023 120.996 0.537478 0.123551 0.834178 55.8132 -0.146912 -0.960362 0.236899 -38.3225 0 0 0 1 
Seq_Frame0022_ForcepToReference-SequenceTransformStatus = OK
Seq_Frame0022_Timestamp = 8.951
Seq_Frame0023_ForcepToReference-SequenceTransform =0.830382 -0.249879 -0.498023 120.996 0.537478 0.123551 0.834178 55.8132 -0.146912 -0.960362 0.236899 -38.3225 0 0 0 1 
Seq_Frame0023_ForcepToReference-SequenceTransformStatus = OK
Seq_Frame0023_Timestamp = 9.055
Seq_Frame0024_ForcepToReference-SequenceTransform =0.830382 -0.249879 -0.498023 120.996 0.537478 0.123551 0.834178 55.8132 -0.146912 -0.960362 0.236899 -38.3225 0 0 0 1 
Seq_Frame0024_ForcepToReference-SequenceTransformStatus = OK
Seq_Frame0024_Timestamp = 9.157
Seq_Frame0025_ForcepToReference-SequenceTransform =0.830382 -0.249879 -0.498023 120.996 0.537478 0.123551 0.834178 55.8132 -0.146912 -0.960362 0.236899 -38.3225 0 0 0 1 
Seq_Frame0025_ForcepToReference-SequenceTransformStatus = OK
Seq_Frame0025_Timestamp = 9.264
Seq_Frame0026_ForcepToReference-SequenceTransform =0.830382 -0.249879 -0.498023 120.996 0.537478 0.123551 0.834178 55.8132 -0.146912 -0.960362 0.236899 -38.3225 0 0 0 1 
Seq_Frame0026_ForcepToReference-SequenceTransformStatus = OK
Seq_Frame0026_Timestamp = 9.365
Seq_Frame0027_ForcepToReference-SequenceTransform =-0.0388645 0.741551 0.66977 58.9573 -0.282763 0.634718 -0.719151 354.89 -0.958402 -0.217336 0.185015 -14.6722 0 0 0 1 
Seq_Frame0027_ForcepToReference-SequenceTransformStatus = OK
Seq_Frame0027_Timestamp = 9.47
Seq_Frame0028_ForcepToReference-SequenceTransform =-0.287127 0.64623 0.707068 38.3159 -0.416583 0.580447 -0.699671 373.479 -0.862564 -0.495447 0.102547 32.2109 0 0 0 1 
Seq_Frame0028_ForcepToReference-SequenceTransformStatus = OK
Seq_Frame0028_Timestamp = 9.686
Seq_Frame0029_ForcepToReference-SequenceTransform =-0.190367 0.661234 0.725624 34.8357 -0.484609 0.579513 -0.655225 368.264 -0.853765 -0.476377 0.21012 45.6492 0 0 0 1 
Seq_Frame0029_ForcepToReference-SequenceTransformStatus = OK
Seq_Frame0029_Timestamp = 9.79
Seq_Frame0030_ForcepToReference-SequenceTransform =0.0861016 -0.885239 -0.457099 12.7901 0.840804 -0.181555 0.509987 381.081 -0.534449 -0.428241 0.72868 62.3752 0 0 0 1 
Seq_Frame0030_ForcepToReference-SequenceTransformStatus = OK
Seq_Frame0030_Timestamp = 10.065
Seq_Frame0031_ForcepToReference-SequenceTransform =0.0369117 -0.967582 -0.249846 4.71399 0.771996 -0.131148 0.621951 375.145 -0.634555 -0.215837 0.742128 61.7775 0 0 0 1 
Seq_Frame0031_ForcepToReference-SequenceTransformStatus = OK
Seq_Frame0031_Timestamp = 10.171
Seq_Frame0032_ForcepToReference-SequenceTransform =0.0882511 -0.995334 -0.0390105 -6.48277 0.706351 0.0349187 0.707 383.245 -0.702339 -0.0899487 0.706137 72.4285 0 0 0 1 
Seq_Frame0032_ForcepToReference-SequenceTransformStatus = OK
Seq_Frame0032_Timestamp = 10.285
Seq_Frame0033_ForcepToReference-SequenceTransform =0.149594 -0.987851 0.0420935 -6.70963 0.743793 0.140481 0.653481 394.523 -0.651455 -0.0664477 0.755772 78.4472 0 0 0 1 
Seq_Frame0033_ForcepToReference-SequenceTransformStatus = OK
Seq_Frame0033_Timestamp = 10.385
Seq_Frame0034_ForcepToReference-SequenceTransform =0.186303 -0.979023 0.0824994 -6.55176 0.716333 0.192823 0.670586 393.014 -0.672427 -0.0658349 0.73723 79.1842 0 0 0 1 
Seq_Frame0034_ForcepToReference-SequenceTransformStatus = OK
Seq_Frame0034_Timestamp = 11.071
Seq_Frame0035_ForcepToReference-SequenceTransform =0.186303 -0.979023 0.0824994 -6.55176 0.716333 0.192823 0.670586 393.014 -0.672427 -0.0658349 0.73723 79.1842 0 0 0 1 
Seq_Frame0035_ForcepToReference-SequenceTransformStatus = OK
Seq_Frame0035_Timestamp = 11.176
Seq_Frame0036_ForcepToReference-SequenceTransform =-0.221994 -0.974579 0.0302466 -93.0365 0.857431 -0.180352 0.481961 329.202 -0.464253 0.132927 0.875671 46.5467 0 0 0 1 
Seq_Frame0036_ForcepToReference-SequenceTransformStatus = OK
Seq_Frame0036_Timestamp = 11.281
Seq_Frame0037_ForcepToReference-SequenceTransform =-0.193269 -0.973927 -0.118797 -82.7155 0.853199 -0.226614 0.469785 316.058 -0.484458 -0.010562 0.874751 59.1785 0 0 0 1 
Seq_Frame0037_ForcepToReference-SequenceTransformStatus = OK
Seq_Frame0037_Timestamp = 11.382
Seq_Frame0038_ForcepToReference-SequenceTransform =-0.214132 -0.961773 -0.170705 -70.4092 0.840417 -0.270467 0.469624 312.244 -0.497841 -0.0429016 0.866206 72.297 0 0 0 1 
Seq_Frame0038_ForcepToReference-SequenceTransformStatus = OK
Seq_Frame0038_Timestamp = 11.486
Seq_Frame0039_ForcepToReference-SequenceTransform =-0.219734 -0.944153 -0.245543 -63.9445 0.829838 -0.313227 0.461798 312.17 -0.512919 -0.102288 0.852321 79.3086 0 0 0 1 
Seq_Frame0039_ForcepToReference-SequenceTransformStatus = OK
Seq_Frame0039_Timestamp = 11.586
Seq_Frame0040_ForcepToReference-SequenceTransform =-0.248464 -0.928778 -0.275022 -64.7618 0.823422 -0.352052 0.445011 314.909 -0.510139 -0.11589 0.852249 82.2513 0 0 0 1 
Seq_Frame0040_ForcepToReference-SequenceTransformStatus = OK
Seq_Frame0040_Timestamp = 11.698
Seq_Frame0041_ForcepToReference-SequenceTransform =-0.252068 -0.931273 -0.263043 -71.6516 0.81929 -0.350031 0.454138 313.768 -0.515 -0.101035 0.851215 78.276 0 0 0 1 
Seq_Frame0041_ForcepToReference-SequenceTransformStatus = OK
Seq_Frame0041_Timestamp = 11.806
Seq_Frame0042_ForcepToReference-SequenceTransform =-0.248376 -0.935428 -0.251563 -77.2719 0.818755 -0.341515 0.461528 310.516 -0.517639 -0.0913358 0.85071 74.2663 0 0 0 1 
Seq_Frame0042_ForcepToReference-SequenceTransformStatus = OK
Seq_Frame0042_Timestamp = 11.907
Seq_Frame0043_ForcepToReference-SequenceTransform =-0.25803 -0.931773 -0.255382 -78.5089 0.812892 -0.352236 0.463828 309.533 -0.522137 -0.0879164 0.848318 76.059 0 0 0 1 
Seq_Frame0043_ForcepToReference-SequenceTransformStatus = OK
Seq_Frame0043_Timestamp = 12.01
Seq_Frame0044_ForcepToReference-SequenceTransform =-0.280523 -0.925249 -0.255383 -79.0711 0.806624 -0.371458 0.459757 308.182 -0.520254 -0.0770257 0.850531 79.3479 0 0 0 1 
Seq_Frame0044_ForcepToReference-SequenceTransformStatus = OK
Seq_Frame0044_Timestamp = 12.111
Seq_Frame0045_ForcepToReference-SequenceTransform =-0.315997 -0.920882 -0.228304 -85.6988 0.812489 -0.386913 0.436073 306.488 -0.489905 -0.0476966 0.87047 76.1082 0 0 0 1 
Seq_Frame0045_ForcepToReference-SequenceTransformStatus = OK
Seq_Frame0045_Timestamp = 12.211
Seq_Frame0046_ForcepToReference-SequenceTransform =-0.324612 -0.929908 -0.172911 -96.9953 0.792792 -0.367202 0.48646 300.541 -0.515856 0.0208287 0.856422 68.227 0 0 0 1 
Seq_Frame0046_ForcepToReference-SequenceTransformStatus = OK
Seq_Frame0046_Timestamp = 12.315
Seq_Frame0047_ForcepToReference-SequenceTransform =-0.247374 -0.963252 -0.104654 -102.073 0.844717 -0.26731 0.463679 295.034 -0.474615 0.0262988 0.879801 69.884 0 0 0 1 
Seq_Frame0047_ForcepToReference-SequenceTransformStatus = OK
Seq_Frame0047_Timestamp = 12.421
Seq_Frame0048_ForcepToReference-SequenceTransform =-0.21648 -0.972039 -0.0909731 -102.582 0.870332 -0.234365 0.433124 294.216 -0.442334 0.0145857 0.896732 77.8191 0 0 0 1 
Seq_Frame0048_ForcepToReference-SequenceTransformStatus = OK
Seq_Frame0048_Timestamp = 12.526
Seq_Frame0049_ForcepToReference-SequenceTransform =-0.229161 -0.968261 -0.0997785 -102.754 0.884026 -0.24993 0.39501 301.138 -0.40741 0.00231389 0.913242 82.8137 0 0 0 1 
Seq_Frame0049_ForcepToReference-SequenceTransformStatus = OK
Seq_Frame0049_Timestamp = 12.626
Seq_Frame0050_ForcepToReference-SequenceTransform =-0.229533 -0.967551 -0.105636 -106.675 0.879258 -0.252675 0.403808 304.645 -0.417396 -0.000194285 0.908725 80.2231 0 0 0 1 
Seq_Frame0050_ForcepToReference-SequenceTransformStatus = OK
Seq_Frame0050_Timestamp = 12.736
Seq_Frame0051_ForcepToReference-SequenceTransform =-0.222491 -0.969356 -0.104143 -113.034 0.885967 -0.245612 0.393366 304.767 -0.406891 -0.00474668 0.913465 76.7052 0 0 0 1 
Seq_Frame0051_ForcepToReference-SequenceTransformStatus = OK
Seq_Frame0051_Timestamp = 12.836
Seq_Frame0052_ForcepToReference-SequenceTransform =-0.209634 -0.972348 -0.102919 -115.632 0.87996 -0.233504 0.413699 301.357 -0.426292 -0.00383911 0.904578 74.6702 0 0 0 1 
Seq_Frame0052_ForcepToReference-SequenceTransformStatus = OK
Seq_Frame0052_Timestamp = 12.94
Seq_Frame0053_ForcepToReference-SequenceTransform =-0.189445 -0.976379 -0.103899 -112.304 0.879865 -0.215775 0.423414 298.4 -0.435831 -0.0112039 0.899959 77.0417 0 0 0 1 
Seq_Frame0053_ForcepToReference-SequenceTransformStatus = OK
Seq_Frame0053_Timestamp = 13.04
Seq_Frame0054_ForcepToReference-SequenceTransform =-0.191237 -0.974962 -0.113479 -111.068 0.886427 -0.221196 0.406595 299.829 -0.421516 -0.0228349 0.906534 75.3636 0 0 0 1 
Seq_Frame0054_ForcepToReference-SequenceTransformStatus = OK
Seq_Frame0054_Timestamp = 13.15
Seq_Frame0055_ForcepToReference-SequenceTransform =-0.205848 -0.975378 -0.0791536 -114.683 0.894364 -0.220343 0.389309 302.77 -0.397164 0.00934623 0.9177 74.6227 0 0 0 1 
Seq_Frame0055_ForcepToReference-SequenceTransformStatus = OK
Seq_Frame0055_Timestamp = 13.26
Seq_Frame0056_ForcepToReference-SequenceTransform =-0.260978 -0.964603 -0.0378473 -122.354 0.882477 -0.254284 0.395694 303.946 -0.391312 0.0698679 0.917602 71.6525 0 0 0 1 
Seq_Frame0056_ForcepToReference-SequenceTransformStatus = OK
Seq_Frame0056_Timestamp = 13.37
Seq_Frame0057_ForcepToReference-SequenceTransform =-0.347791 -0.937569 -0.00231667 -126.598 0.840702 -0.31295 0.441908 300.653 -0.415044 0.151744 0.897057 71.4059 0 0 0 1 
Seq_Frame0057_ForcepToReference-SequenceTransformStatus = OK
Seq_Frame0057_Timestamp = 13.481
Seq_Frame0058_ForcepToReference-SequenceTransform =-0.363178 -0.931351 0.0262005 -119.273 0.856829 -0.322808 0.402043 293.389 -0.365986 0.168462 0.915246 78.3089 0 0 0 1 
Seq_Frame0058_ForcepToReference-SequenceTransformStatus = OK
Seq_Frame0058_Timestamp = 13.59
Seq_Frame0059_ForcepToReference-SequenceTransform =-0.358291 -0.93354 0.0114609 -109.257 0.853956 -0.322736 0.408167 279.186 -0.377341 0.15603 0.912835 76.9057 0 0 0 1 
Seq_Frame0059_ForcepToReference-SequenceTransformStatus = OK
Seq_Frame0059_Timestamp = 13.695
Seq_Frame0060_ForcepToReference-SequenceTransform =-0.380322 -0.924806 -0.00941867 -109.463 0.827239 -0.344717 0.443672 264.889 -0.413558 0.160947 0.89614 66.1646 0 0 0 1 
Seq_Frame0060_ForcepToReference-SequenceTransformStatus = OK
Seq_Frame0060_Timestamp = 13.798
Seq_Frame0061_ForcepToReference-SequenceTransform =-0.387986 -0.921656 -0.00415163 -114.443 0.82572 -0.349595 0.442686 253.073 -0.409455 0.168328 0.896667 54.6291 0 0 0 1 
Seq_Frame0061_ForcepToReference-SequenceTransformStatus = OK
Seq_Frame0061_Timestamp = 13.899
Seq_Frame0062_ForcepToReference-SequenceTransform =-0.387879 -0.921696 -0.00508034 -120.404 0.82334 -0.348954 0.447596 242.356 -0.414321 0.16943 0.894221 47.2092 0 0 0 1 
Seq_Frame0062_ForcepToReference-SequenceTransformStatus = OK
Seq_Frame0062_Timestamp = 14.011
Seq_Frame0063_ForcepToReference-SequenceTransform =-0.395525 -0.918439 -0.00540022 -126.198 0.812462 -0.352616 0.464292 237.98 -0.428329 0.179252 0.885666 46.077 0 0 0 1 
Seq_Frame0063_ForcepToReference-SequenceTransformStatus = OK
Seq_Frame0063_Timestamp = 14.123
Seq_Frame0064_ForcepToReference-SequenceTransform =-0.410619 -0.911141 -0.0348575 -126.872 0.792488 -0.375531 0.480562 239.106 -0.450949 0.169703 0.876268 46.0908 0 0 0 1 
Seq_Frame0064_ForcepToReference-SequenceTransformStatus = OK
Seq_Frame0064_Timestamp = 14.231
Seq_Frame0065_ForcepToReference-SequenceTransform =-0.412191 -0.911041 -0.0101424 -126.114 0.81118 -0.372034 0.451196 242.309 -0.414831 0.177752 0.892367 46.5025 0 0 0 1 
Seq_Frame0065_ForcepToReference-SequenceTransformStatus = OK
Seq_Frame0065_Timestamp = 14.339
Seq_Frame0066_ForcepToReference-SequenceTransform =-0.414024 -0.910159 -0.0139666 -126.766 0.811801 -0.376136 0.446655 243.199 -0.41178 0.173588 0.894597 46.327 0 0 0 1 
Seq_Frame0066_ForcepToReference-SequenceTransformStatus = OK
Seq_Frame0066_Timestamp = 14.445
Seq_Frame0067_ForcepToReference-SequenceTransform =-0.411555 -0.911264 -0.0148371 -127.796 0.810437 -0.373368 0.451429 242.551 -0.416911 0.173763 0.892184 46.7229 0 0 0 1 
Seq_Frame0067_ForcepToReference-SequenceTransformStatus = OK
Seq_Frame0067_Timestamp = 14.55
Seq_Frame0068_ForcepToReference-SequenceTransform =-0.412574 -0.910098 -0.0387892 -128.407 0.798249 -0.381728 0.465921 242.926 -0.43884 0.161263 0.883976 45.7151 0 0 0 1 
Seq_Frame0068_ForcepToReference-SequenceTransformStatus = OK
Seq_Frame0068_Timestamp = 14.657
Seq_Frame0069_ForcepToReference-SequenceTransform =-0.410418 -0.911784 -0.0144144 -130.291 0.805094 -0.369727 0.463816 242.293 -0.428229 0.178753 0.885814 45.1288 0 0 0 1 
Seq_Frame0069_ForcepToReference-SequenceTransformStatus = OK
Seq_Frame0069_Timestamp = 14.757
Seq_Frame0070_ForcepToReference-SequenceTransform =-0.406329 -0.91328 -0.0285844 -132.415 0.800247 -0.370791 0.471294 241.01 -0.441022 0.168626 0.881513 44.2335 0 0 0 1 
Seq_Frame0070_ForcepToReference-SequenceTransformStatus = OK
Seq_Frame0070_Timestamp = 14.858
Seq_Frame0071_ForcepToReference-SequenceTransform =-0.418185 -0.908224 -0.0158496 -132.443 0.774906 -0.365796 0.515474 234.692 -0.473964 0.203282 0.856758 42.9593 0 0 0 1 
Seq_Frame0071_ForcepToReference-SequenceTransformStatus = OK
Seq_Frame0071_Timestamp = 14.96
Seq_Frame0072_ForcepToReference-SequenceTransform =-0.809279 -0.0307812 0.586617 -136.681 -0.536342 0.446028 -0.716517 238.928 -0.239592 -0.89449 -0.37747 48.9364 0 0 0 1 
Seq_Frame0072_ForcepToReference-SequenceTransformStatus = OK
Seq_Frame0072_Timestamp = 15.55
Seq_Frame0073_ForcepToReference-SequenceTransform =-0.820959 -0.0502289 0.568773 -139.917 -0.521515 0.471543 -0.711105 243.532 -0.232483 -0.880412 -0.413312 48.7045 0 0 0 1 
Seq_Frame0073_ForcepToReference-SequenceTransformStatus = OK
Seq_Frame0073_Timestamp = 15.651
Seq_Frame0074_ForcepToReference-SequenceTransform =-0.837253 -0.0711512 0.542166 -144.558 -0.503758 0.48601 -0.714158 246.112 -0.212685 -0.871052 -0.442757 49.7843 0 0 0 1 
Seq_Frame0074_ForcepToReference-SequenceTransformStatus = OK
Seq_Frame0074_Timestamp = 15.757
Seq_Frame0075_ForcepToReference-SequenceTransform =-0.840661 -0.0766608 0.536109 -149.477 -0.496562 0.504197 -0.70655 247.432 -0.21614 -0.86018 -0.461925 48.9662 0 0 0 1 
Seq_Frame0075_ForcepToReference-SequenceTransformStatus = OK
Seq_Frame0075_Timestamp = 15.867
Seq_Frame0076_ForcepToReference-SequenceTransform =-0.843094 -0.0414915 0.536163 -147.401 -0.492108 0.461558 -0.738102 242.083 -0.216845 -0.886139 -0.409555 50.5385 0 0 0 1 
Seq_Frame0076_ForcepToReference-SequenceTransformStatus = OK
Seq_Frame0076_Timestamp = 15.975
Seq_Frame0077_ForcepToReference-SequenceTransform =-0.834619 -0.0255461 0.550235 -144.342 -0.513126 0.399269 -0.759793 238.648 -0.200282 -0.916478 -0.346346 54.3243 0 0 0 1 
Seq_Frame0077_ForcepToReference-SequenceTransformStatus = OK
Seq_Frame0077_Timestamp = 16.076
Seq_Frame0078_ForcepToReference-SequenceTransform =-0.834619 -0.0255461 0.550235 -144.342 -0.513126 0.399269 -0.759793 238.648 -0.200282 -0.916478 -0.346346 54.3243 0 0 0 1 
Seq_Frame0078_ForcepToReference-SequenceTransformStatus = OK
Seq_Frame0078_Timestamp = 16.185
Seq_Frame0079_ForcepToReference-SequenceTransform =-0.834619 -0.0255461 0.550235 -144.342 -0.513126 0.399269 -0.759793 238.648 -0.200282 -0.916478 -0.346346 54.3243 0 0 0 1 
Seq_Frame0079_ForcepToReference-SequenceTransformStatus = OK
Seq_Frame0079_Timestamp = 16.29
Seq_Frame0080_ForcepToReference-SequenceTransform =-0.834619 -0.0255461 0.550235 -144.342 -0.513126 0.399269 -0.759793 238.648 -0.200282 -0.916478 -0.346346 54.3243 0 0 0 1 
Seq_Frame0080_ForcepToReference-SequenceTransformStatus = OK
Seq_Frame0080_Timestamp = 16.398
Seq_Frame0081_ForcepToReference-SequenceTransform =-0.834619 -0.0255461 0.550235 -144.342 -0.513126 0.399269 -0.759793 238.648 -0.200282 -0.916478 -0.346346 54.3243 0 0 0 1 
Seq_Frame0081_ForcepToReference-SequenceTransformStatus = OK
Seq_Frame0081_Timestamp = 16.5
Seq_Frame0082_ForcepToReference-SequenceTransform =-0.834619 -0.0255461 0.550235 -144.342 -0.513126 0.399269 -0.759793 238.648 -0.200282 -0.916478 -0.346346 54.3243 0 0 0 1 
Seq_Frame0082_ForcepToReference-SequenceTransformStatus = OK
Seq_Frame0082_Timestamp = 16.6
Seq_Frame0083_ForcepToReference-SequenceTransform =-0.834619 -0.0255461 0.550235 -144.342 -0.513126 0.399269 -0.759793 238.648 -0.200282 -0.916478 -0.346346 54.3243 0 0 0 1 
Seq_Frame0083_ForcepToReference-SequenceTransformStatus = OK
Seq_Frame0083_Timestamp = 16.705
Seq_Frame0084_ForcepToReference-SequenceTransform =-0.834619 -0.0255461 0.550235 -144.342 -0.513126 0.399269 -0.759793 238.648 -0.200282 -0.916478 -0.346346 54.3243 0 0 0 1 
Seq_Frame0084_ForcepToReference-SequenceTransformStatus = OK
Seq_Frame0084_Timestamp = 16.81
Seq_Frame0085_ForcepToReference-SequenceTransform =-0.834619 -0.0255461 0.550235 -144.342 -0.513126 0.399269 -0.759793 238.648 -0.200282 -0.916478 -0.346346 54.3243 0 0 0 1 
Seq_Frame0085_ForcepToReference-SequenceTransformStatus = OK
Seq_Frame0085_Timestamp = 16.915
Seq_Frame0086_ForcepToReference-SequenceTransform =-0.834619 -0.0255461 0.550235 -144.342 -0.513126 0.399269 -0.759793 238.648 -0.200282 -0.916478 -0.346346 54.3243 0 0 0 1 
Seq_Frame0086_ForcepToReference-SequenceTransformStatus = OK
Seq_Frame0086_Timestamp = 17.025
Seq_Frame0087_ForcepToReference-SequenceTransform =-0.834619 -0.0255461 0.550235 -144.342 -0.513126 0.399269 -0.759793 238.648 -0.200282 -0.916478 -0.346346 54.3243 0 0 0 1 
Seq_Frame0087_ForcepToReference-SequenceTransformStatus = OK
Seq_Frame0087_Timestamp = 17.13
Seq_Frame0088_ForcepToReference-SequenceTransform =-0.834619 -0.0255461 0.550235 -144.342 -0.513126 0.399269 -0.759793 238.648 -0.200282 -0.916478 -0.346346 54.3243 0 0 0 1 
Seq_Frame0088_ForcepToReference-SequenceTransformStatus = OK
Seq_Frame0088_Timestamp = 17.235
Seq_Frame0089_ForcepToReference-SequenceTransform =-0.834619 -0.0255461 0.550235 -144.342 -0.513126 0.399269 -0.759793 238.648 -0.200282 -0.916478 -0.346346 54.3243 0 0 0 1 
Seq_Frame0089_ForcepToReference-SequenceTransformStatus = OK
Seq_Frame0089_Timestamp = 17.336
Seq_Frame0090_ForcepToReference-SequenceTransform =-0.834619 -0.0255461 0.550235 -144.342 -0.513126 0.399269 -0.759793 238.648 -0.200282 -0.916478 -0.346346 54.3243 0 0 0 1 
Seq_Frame0090_ForcepToReference-SequenceTransformStatus = OK
Seq_Frame0090_Timestamp = 17.445
Seq_Frame0091_ForcepToReference-SequenceTransform =-0.834619 -0.0255461 0.550235 -144.342 -0.513126 0.399269 -0.759793 238.648 -0.200282 -0.916478 -0.346346 54.3243 0 0 0 1 
Seq_Frame0091_ForcepToReference-SequenceTransformStatus = OK
Seq_Frame0091_Timestamp = 17.546
Seq_Frame0092_ForcepToReference-SequenceTransform =-0.834619 -0.0255461 0.550235 -144.342 -0.513126 0.399269 -0.759793 238.648 -0.200282 -0.916478 -0.346346 54.3243 0 0 0 1 
Seq_Frame0092_ForcepToReference-SequenceTransformStatus = OK
Seq_Frame0092_Timestamp = 17.648
Seq_Frame0093_ForcepToReference-SequenceTransform =-0.834619 -0.0255461 0.550235 -144.342 -0.513126 0.399269 -0.759793 238.648 -0.200282 -0.916478 -0.346346 54.3243 0 0 0 1 
Seq_Frame0093_ForcepToReference-SequenceTransformStatus = OK
Seq_Frame0093_Timestamp = 17.748
Seq_Frame0094_ForcepToReference-SequenceTransform =-0.834619 -0.0255461 0.550235 -144.342 -0.513126 0.399269 -0.759793 238.648 -0.200282 -0.916478 -0.346346 54.3243 0 0 0 1 
Seq_Frame0094_ForcepToReference-SequenceTransformStatus = OK
Seq_Frame0094_Timestamp = 17.851
Seq_Frame0095_ForcepToReference-SequenceTransform =-0.834619 -0.0255461 0.550235 -144.342 -0.513126 0.399269 -0.759793 238.648 -0.200282 -0.916478 -0.346346 54.3243 0 0 0 1 
Seq_Frame0095_ForcepToReference-SequenceTransformStatus = OK
Seq_Frame0095_Timestamp = 17.96
Seq_Frame0096_ForcepToReference-SequenceTransform =-0.91948 -0.0535848 0.389469 -48.8984 -0.367672 0.467958 -0.803637 226.478 -0.139192 -0.882125 -0.449979 80.7136 0 0 0 1 
Seq_Frame0096_ForcepToReference-SequenceTransformStatus = OK
Seq_Frame0096_Timestamp = 18.066
Seq_Frame0097_ForcepToReference-SequenceTransform =-0.9313 -0.0439622 0.361591 -47.9984 -0.333661 0.501171 -0.798434 229.089 -0.146118 -0.864231 -0.481409 82.5117 0 0 0 1 
Seq_Frame0097_ForcepToReference-SequenceTransformStatus = OK
Seq_Frame0097_Timestamp = 18.17
Seq_Frame0098_ForcepToReference-SequenceTransform =-0.936072 -0.0620892 0.346286 -48.3801 -0.323155 0.540838 -0.776572 231.547 -0.139068 -0.838832 -0.526328 85.3662 0 0 0 1 
Seq_Frame0098_ForcepToReference-SequenceTransformStatus = OK
Seq_Frame0098_Timestamp = 18.271
Seq_Frame0099_ForcepToReference-SequenceTransform =-0.931649 -0.0701215 0.356529 -47.5453 -0.335951 0.54008 -0.771654 230.458 -0.138445 -0.838687 -0.526723 85.8537 0 0 0 1 
Seq_Frame0099_ForcepToReference-SequenceTransformStatus = OK
Seq_Frame0099_Timestamp = 18.372
Seq_Frame0100_ForcepToReference-SequenceTransform =-0.934325 -0.107284 0.339893 -50.0647 -0.335498 0.586655 -0.737073 232.832 -0.120324 -0.802699 -0.58412 86.8729 0 0 0 1 
Seq_Frame0100_ForcepToReference-SequenceTransformStatus = OK
Seq_Frame0100_Timestamp = 18.474
Seq_Frame0101_ForcepToReference-SequenceTransform =-0.92713 -0.135613 0.349341 -52.621 -0.358499 0.592438 -0.721454 235.276 -0.109125 -0.79412 -0.597884 86.117 0 0 0 1 
Seq_Frame0101_ForcepToReference-SequenceTransformStatus = OK
Seq_Frame0101_Timestamp = 18.576
Seq_Frame0102_ForcepToReference-SequenceTransform =-0.915202 -0.180329 0.360397 -57.2731 -0.391706 0.608236 -0.690373 237.477 -0.0947128 -0.773001 -0.627295 86.8684 0 0 0 1 
Seq_Frame0102_ForcepToReference-SequenceTransformStatus = OK
Seq_Frame0102_Timestamp = 18.68
Seq_Frame0103_ForcepToReference-SequenceTransform =-0.894022 -0.226022 0.38683 -63.1727 -0.437728 0.624687 -0.646654 240.388 -0.0954896 -0.747449 -0.65742 89.2988 0 0 0 1 
Seq_Frame0103_ForcepToReference-SequenceTransformStatus = OK
Seq_Frame0103_Timestamp = 18.785
Seq_Frame0104_ForcepToReference-SequenceTransform =-0.885543 -0.23207 0.402438 -66.2869 -0.449721 0.645428 -0.617393 242.574 -0.116467 -0.727713 -0.675921 89.5642 0 0 0 1 
Seq_Frame0104_ForcepToReference-SequenceTransformStatus = OK
Seq_Frame0104_Timestamp = 18.899
Seq_Frame0105_ForcepToReference-SequenceTransform =-0.889125 -0.224344 0.398907 -66.3537 -0.437533 0.672337 -0.5971 245.625 -0.134244 -0.705431 -0.695949 91.2482 0 0 0 1 
Seq_Frame0105_ForcepToReference-SequenceTransformStatus = OK
Seq_Frame0105_Timestamp = 19.009
Seq_Frame0106_ForcepToReference-SequenceTransform =-0.892021 -0.235296 0.385921 -65.9809 -0.435088 0.678326 -0.592091 247.273 -0.122464 -0.696067 -0.707456 92.8625 0 0 0 1 
Seq_Frame0106_ForcepToReference-SequenceTransformStatus = OK
Seq_Frame0106_Timestamp = 19.11
Seq_Frame0107_ForcepToReference-SequenceTransform =-0.891271 -0.224662 0.393908 -63.728 -0.428942 0.699498 -0.571587 249.022 -0.147124 -0.678403 -0.719809 93.3359 0 0 0 1 
Seq_Frame0107_ForcepToReference-SequenceTransformStatus = OK
Seq_Frame0107_Timestamp = 19.216
Seq_Frame0108_ForcepToReference-SequenceTransform =-0.884122 -0.225618 0.409176 -62.502 -0.438082 0.704831 -0.55794 250.419 -0.162519 -0.672539 -0.721996 94.2442 0 0 0 1 
Seq_Frame0108_ForcepToReference-SequenceTransformStatus = OK
Seq_Frame0108_Timestamp = 19.32
Seq_Frame0109_ForcepToReference-SequenceTransform =-0.888887 -0.220652 0.401488 -61.5818 -0.426364 0.719073 -0.54877 251.193 -0.167613 -0.658974 -0.733252 96.7672 0 0 0 1 
Seq_Frame0109_ForcepToReference-SequenceTransformStatus = OK
Seq_Frame0109_Timestamp = 19.421
Seq_Frame0110_ForcepToReference-SequenceTransform =-0.886415 -0.215304 0.40977 -61.2206 -0.426768 0.722957 -0.543325 250.954 -0.179266 -0.656489 -0.732725 96.8102 0 0 0 1 
Seq_Frame0110_ForcepToReference-SequenceTransformStatus = OK
Seq_Frame0110_Timestamp = 19.525
Seq_Frame0111_ForcepToReference-SequenceTransform =-0.890171 -0.196847 0.41091 -59.702 -0.407853 0.746283 -0.52604 251.717 -0.203106 -0.635856 -0.744604 96.9621 0 0 0 1 
Seq_Frame0111_ForcepToReference-SequenceTransformStatus = OK
Seq_Frame0111_Timestamp = 19.63
Seq_Frame0112_ForcepToReference-SequenceTransform =-0.889806 -0.205078 0.407662 -58.3773 -0.411466 0.746861 -0.522393 252.025 -0.197336 -0.632567 -0.748944 98.3988 0 0 0 1 
Seq_Frame0112_ForcepToReference-SequenceTransformStatus = OK
Seq_Frame0112_Timestamp = 19.732
Seq_Frame0113_ForcepToReference-SequenceTransform =-0.895511 -0.202677 0.396209 -57.0251 -0.401929 0.750574 -0.524492 253.206 -0.191082 -0.628937 -0.753609 102.171 0 0 0 1 
Seq_Frame0113_ForcepToReference-SequenceTransformStatus = OK
Seq_Frame0113_Timestamp = 19.846
Seq_Frame0114_ForcepToReference-SequenceTransform =-0.908687 -0.205041 0.363656 -62.7422 -0.367749 0.805445 -0.464778 257.669 -0.197607 -0.556072 -0.807301 105.723 0 0 0 1 
Seq_Frame0114_ForcepToReference-SequenceTransformStatus = OK
Seq_Frame0114_Timestamp = 19.95
Seq_Frame0115_ForcepToReference-SequenceTransform =-0.921119 -0.201233 0.333233 -75.484 -0.34229 0.826398 -0.447106 258.043 -0.185411 -0.5259 -0.830091 102.548 0 0 0 1 
Seq_Frame0115_ForcepToReference-SequenceTransformStatus = OK
Seq_Frame0115_Timestamp = 20.051
Seq_Frame0116_ForcepToReference-SequenceTransform =-0.94666 -0.147219 0.286638 -82.5262 -0.270784 0.845636 -0.459973 251.619 -0.174675 -0.513055 -0.840395 93.8568 0 0 0 1 
Seq_Frame0116_ForcepToReference-SequenceTransformStatus = OK
Seq_Frame0116_Timestamp = 20.16
Seq_Frame0117_ForcepToReference-SequenceTransform =-0.916983 -0.0506736 0.395694 -72.8058 -0.265241 0.818338 -0.509873 240.891 -0.297974 -0.5725 -0.763843 75.7787 0 0 0 1 
Seq_Frame0117_ForcepToReference-SequenceTransformStatus = OK
Seq_Frame0117_Timestamp = 20.261
Seq_Frame0118_ForcepToReference-SequenceTransform =-0.85523 0.0615313 0.514583 -55.1057 -0.24875 0.822335 -0.511751 232.181 -0.454648 -0.565667 -0.68798 61.4749 0 0 0 1 
Seq_Frame0118_ForcepToReference-SequenceTransformStatus = OK
Seq_Frame0118_Timestamp = 20.374
Seq_Frame0119_ForcepToReference-SequenceTransform =-0.824167 0.135916 0.549796 -32.3212 -0.209887 0.82835 -0.519407 230.764 -0.52602 -0.543473 -0.654172 53.9478 0 0 0 1 
Seq_Frame0119_ForcepToReference-SequenceTransformStatus = OK
Seq_Frame0119_Timestamp = 20.481
Seq_Frame0120_ForcepToReference-SequenceTransform =-0.809449 0.141368 0.569919 -28.335 -0.217215 0.829645 -0.514301 242.74 -0.545536 -0.540096 -0.640849 50.2186 0 0 0 1 
Seq_Frame0120_ForcepToReference-SequenceTransformStatus = OK
Seq_Frame0120_Timestamp = 20.589
Seq_Frame0121_ForcepToReference-SequenceTransform =-0.847484 0.131135 0.514369 -42.3562 -0.199427 0.819362 -0.537471 261.956 -0.491935 -0.558077 -0.668244 58.8564 0 0 0 1 
Seq_Frame0121_ForcepToReference-SequenceTransformStatus = OK
Seq_Frame0121_Timestamp = 20.697
Seq_Frame0122_ForcepToReference-SequenceTransform =-0.848875 0.142088 0.509138 -57.0741 -0.202039 0.802845 -0.56091 276.456 -0.488458 -0.579009 -0.652808 74.1651 0 0 0 1 
Seq_Frame0122_ForcepToReference-SequenceTransformStatus = OK
Seq_Frame0122_Timestamp = 20.803
Seq_Frame0123_ForcepToReference-SequenceTransform =-0.836253 0.15276 0.526636 -59.8783 -0.167704 0.843143 -0.510868 292.296 -0.522069 -0.515533 -0.679462 74.0302 0 0 0 1 
Seq_Frame0123_ForcepToReference-SequenceTransformStatus = OK
Seq_Frame0123_Timestamp = 20.91
Seq_Frame0124_ForcepToReference-SequenceTransform =-0.84484 0.1259 0.519995 -62.2919 -0.156491 0.871264 -0.465199 299.238 -0.511621 -0.474393 -0.716376 59.934 0 0 0 1 
Seq_Frame0124_ForcepToReference-SequenceTransformStatus = OK
Seq_Frame0124_Timestamp = 21.02
Seq_Frame0125_ForcepToReference-SequenceTransform =-0.85321 0.100475 0.511799 -65.3051 -0.192327 0.85151 -0.487791 293.351 -0.484813 -0.514621 -0.707193 51.9683 0 0 0 1 
Seq_Frame0125_ForcepToReference-SequenceTransformStatus = OK
Seq_Frame0125_Timestamp = 21.123
Seq_Frame0126_ForcepToReference-SequenceTransform =-0.853865 0.112375 0.508219 -65.9404 -0.199929 0.8307 -0.519583 273.109 -0.480565 -0.545261 -0.686839 51.3969 0 0 0 1 
Seq_Frame0126_ForcepToReference-SequenceTransformStatus = OK
Seq_Frame0126_Timestamp = 21.233
Seq_Frame0127_ForcepToReference-SequenceTransform =-0.864495 0.123668 0.48719 -68.5073 -0.199376 0.805382 -0.558219 255.158 -0.461408 -0.579712 -0.671593 52.8931 0 0 0 1 
Seq_Frame0127_ForcepToReference-SequenceTransformStatus = OK
Seq_Frame0127_Timestamp = 21.336
Seq_Frame0128_ForcepToReference-SequenceTransform =-0.867405 0.118715 0.483235 -71.0134 -0.238804 0.752673 -0.61356 231.753 -0.436557 -0.647603 -0.624523 51.3753 0 0 0 1 
Seq_Frame0128_ForcepToReference-SequenceTransformStatus = OK
Seq_Frame0128_Timestamp = 21.443
Seq_Frame0129_ForcepToReference-SequenceTransform =-0.8703 0.107863 0.480565 -64.57 -0.282785 0.689436 -0.666866 210.989 -0.403249 -0.716271 -0.569514 44.3635 0 0 0 1 
Seq_Frame0129_ForcepToReference-SequenceTransformStatus = OK
Seq_Frame0129_Timestamp = 21.55
Seq_Frame0130_ForcepToReference-SequenceTransform =-0.809784 0.133045 0.571445 -57.9893 -0.339828 0.687604 -0.641653 203.652 -0.478296 -0.713793 -0.511598 38.6816 0 0 0 1 
Seq_Frame0130_ForcepToReference-SequenceTransformStatus = OK
Seq_Frame0130_Timestamp = 21.656
Seq_Frame0131_ForcepToReference-SequenceTransform =-0.797999 0.122875 0.59 -51.7052 -0.378254 0.66003 -0.649064 197.423 -0.469172 -0.741122 -0.480225 28.3699 0 0 0 1 
Seq_Frame0131_ForcepToReference-SequenceTransformStatus = OK
Seq_Frame0131_Timestamp = 21.764
Seq_Frame0132_ForcepToReference-SequenceTransform =-0.798187 0.1513 0.5831 -41.0526 -0.364235 0.649763 -0.667188 189.752 -0.479822 -0.744927 -0.463524 26.286 0 0 0 1 
Seq_Frame0132_ForcepToReference-SequenceTransformStatus = OK
Seq_Frame0132_Timestamp = 21.87
Seq_Frame0133_ForcepToReference-SequenceTransform =-0.755434 0.184443 0.628729 -34.4042 -0.395291 0.636981 -0.661816 184.011 -0.522556 -0.748489 -0.408289 31.4799 0 0 0 1 
Seq_Frame0133_ForcepToReference-SequenceTransformStatus = OK
Seq_Frame0133_Timestamp = 21.98
Seq_Frame0134_ForcepToReference-SequenceTransform =-0.815356 0.156375 0.557442 -32.7719 -0.335576 0.656955 -0.675129 184.602 -0.471787 -0.737535 -0.483176 32.4371 0 0 0 1 
Seq_Frame0134_ForcepToReference-SequenceTransformStatus = OK
Seq_Frame0134_Timestamp = 22.086
Seq_Frame0135_ForcepToReference-SequenceTransform =-0.823429 0.159575 0.544519 -30.877 -0.308178 0.679994 -0.665308 185.91 -0.476436 -0.715643 -0.510749 35.2062 0 0 0 1 
Seq_Frame0135_ForcepToReference-SequenceTransformStatus = OK
Seq_Frame0135_Timestamp = 22.193
Seq_Frame0136_ForcepToReference-SequenceTransform =-0.821201 0.163545 0.546701 -30.2013 -0.307011 0.680951 -0.664868 184.601 -0.481012 -0.713833 -0.508988 37.9454 0 0 0 1 
Seq_Frame0136_ForcepToReference-SequenceTransformStatus = OK
Seq_Frame0136_Timestamp = 22.302
Seq_Frame0137_ForcepToReference-SequenceTransform =-0.822991 0.162301 0.544375 -29.875 -0.312509 0.670903 -0.672478 182.156 -0.474367 -0.723566 -0.501427 37.9445 0 0 0 1 
Seq_Frame0137_ForcepToReference-SequenceTransformStatus = OK
Seq_Frame0137_Timestamp = 22.413
Seq_Frame0138_ForcepToReference-SequenceTransform =-0.753712 0.209956 0.622765 -28.5324 -0.34505 0.680067 -0.646877 180.952 -0.559338 -0.702444 -0.440129 41.471 0 0 0 1 
Seq_Frame0138_ForcepToReference-SequenceTransformStatus = OK
Seq_Frame0138_Timestamp = 22.519
Seq_Frame0139_ForcepToReference-SequenceTransform =-0.206265 -0.974727 -0.0858033 -27.4456 0.912298 -0.223275 0.343309 178.942 -0.35379 -0.00746547 0.935295 40.1428 0 0 0 1 
Seq_Frame0139_ForcepToReference-SequenceTransformStatus = OK
Seq_Frame0139_Timestamp = 24.449
Seq_Frame0140_ForcepToReference-SequenceTransform =-0.132825 -0.984172 -0.117316 -19.8494 0.910747 -0.16789 0.377298 177.376 -0.391022 -0.0567305 0.918631 45.6456 0 0 0 1 
Seq_Frame0140_ForcepToReference-SequenceTransformStatus = OK
Seq_Frame0140_Timestamp = 24.72
Seq_Frame0141_ForcepToReference-SequenceTransform =-0.0991298 -0.993198 -0.061087 -18.3382 0.917169 -0.115008 0.381541 176.026 -0.385972 -0.018205 0.922331 46.9902 0 0 0 1 
Seq_Frame0141_ForcepToReference-SequenceTransformStatus = OK
Seq_Frame0141_Timestamp = 24.825
Seq_Frame0142_ForcepToReference-SequenceTransform =-0.0991758 -0.995069 0.00128676 -15.2317 0.930022 -0.0922327 0.355741 175.029 -0.353868 0.0364776 0.934584 46.6737 0 0 0 1 
Seq_Frame0142_ForcepToReference-SequenceTransformStatus = OK
Seq_Frame0142_Timestamp = 24.935
Seq_Frame0143_ForcepToReference-SequenceTransform =-0.0902777 -0.984236 -0.152082 -10.162 0.923175 -0.139991 0.357982 174.396 -0.373629 -0.108081 0.92126 55.3371 0 0 0 1 
Seq_Frame0143_ForcepToReference-SequenceTransformStatus = OK
Seq_Frame0143_Timestamp = 25.039
Seq_Frame0144_ForcepToReference-SequenceTransform =-0.0852057 -0.976134 -0.199758 -5.34637 0.929777 -0.149959 0.336196 174.649 -0.358128 -0.157085 0.920363 60.6755 0 0 0 1 
Seq_Frame0144_ForcepToReference-SequenceTransformStatus = OK
Seq_Frame0144_Timestamp = 25.145
Seq_Frame0145_ForcepToReference-SequenceTransform =-0.0699797 -0.972654 -0.221465 0.686085 0.92823 -0.144806 0.342666 173.907 -0.365364 -0.181591 0.912981 65.9165 0 0 0 1 
Seq_Frame0145_ForcepToReference-SequenceTransformStatus = OK
Seq_Frame0145_Timestamp = 25.252
Seq_Frame0146_ForcepToReference-SequenceTransform =-0.0616446 -0.975115 -0.212956 2.83886 0.930911 -0.133129 0.340119 174.069 -0.360006 -0.177277 0.915952 69.0481 0 0 0 1 
Seq_Frame0146_ForcepToReference-SequenceTransformStatus = OK
Seq_Frame0146_Timestamp = 25.358
Seq_Frame0147_ForcepToReference-SequenceTransform =-0.0546414 -0.970298 -0.23566 3.92306 0.931044 -0.134789 0.339099 173.894 -0.360792 -0.200881 0.910756 70.586 0 0 0 1 
Seq_Frame0147_ForcepToReference-SequenceTransformStatus = OK
Seq_Frame0147_Timestamp = 25.466
Seq_Frame0148_ForcepToReference-SequenceTransform =-0.0673716 -0.974885 -0.212276 3.40879 0.929053 -0.138867 0.342894 173.132 -0.36376 -0.174114 0.915075 70.2054 0 0 0 1 
Seq_Frame0148_ForcepToReference-SequenceTransformStatus = OK
Seq_Frame0148_Timestamp = 25.57
Seq_Frame0149_ForcepToReference-SequenceTransform =-0.0927791 -0.977491 -0.189484 -0.90113 0.927546 -0.154041 0.340485 173.305 -0.362009 -0.144165 0.920959 66.3595 0 0 0 1 
Seq_Frame0149_ForcepToReference-SequenceTransformStatus = OK
Seq_Frame0149_Timestamp = 25.677
