ObjectType = Image
NDims = 3
AnatomicalOrientation = RAI
BinaryData = True
CompressedData = False
DimSize = 0 0 3136
ElementSpacing = 1 1 1
Offset = 0 0 0
TransformMatrix = 1 0 0 0 1 0 0 0 1
ElementType = MET_UCHAR
Kinds = domain domain list
Seq_Frame0000_DriverToReference-SequenceTransform =-0.725162 0.682811 0.0889339 25.4772 0.47242 0.399387 0.78569 130.47 0.500959 0.611767 -0.612194 200.242 0 0 0 1 
Seq_Frame0000_DriverToReference-SequenceTransformStatus = OK
Seq_Frame0000_Timestamp = 0.00999999
Seq_Frame0001_DriverToReference-SequenceTransform =-0.72525 0.682739 0.0887711 25.4914 0.471799 0.398941 0.78629 130.493 0.501416 0.612139 -0.611448 200.249 0 0 0 1 
Seq_Frame0001_DriverToReference-SequenceTransformStatus = OK
Seq_Frame0001_Timestamp = 0.115
Seq_Frame0002_DriverToReference-SequenceTransform =-0.725465 0.682485 0.0889647 25.4728 0.472294 0.399626 0.785645 130.619 0.500638 0.611975 -0.612248 200.154 0 0 0 1 
Seq_Frame0002_DriverToReference-SequenceTransformStatus = OK
Seq_Frame0002_Timestamp = 0.225
Seq_Frame0003_DriverToReference-SequenceTransform =-0.725229 0.682867 0.0879478 25.4896 0.471555 0.399562 0.786121 130.533 0.501676 0.61159 -0.611783 200.152 0 0 0 1 
Seq_Frame0003_DriverToReference-SequenceTransformStatus = OK
Seq_Frame0003_Timestamp = 0.337
Seq_Frame0004_DriverToReference-SequenceTransform =-0.7251 0.682982 0.0881218 25.5002 0.472445 0.400266 0.785228 130.678 0.501024 0.611001 -0.612904 200.136 0 0 0 1 
Seq_Frame0004_DriverToReference-SequenceTransformStatus = OK
Seq_Frame0004_Timestamp = 0.455
Seq_Frame0005_DriverToReference-SequenceTransform =-0.724867 0.68331 0.0874933 25.5147 0.470917 0.398801 0.78689 130.418 0.502797 0.611592 -0.61086 200.317 0 0 0 1 
Seq_Frame0005_DriverToReference-SequenceTransformStatus = OK
Seq_Frame0005_Timestamp = 0.565
Seq_Frame0006_DriverToReference-SequenceTransform =-0.724975 0.683204 0.0874255 25.4867 0.471371 0.399582 0.786221 130.612 0.502216 0.6112 -0.61173 200.271 0 0 0 1 
Seq_Frame0006_DriverToReference-SequenceTransformStatus = OK
Seq_Frame0006_Timestamp = 0.675
Seq_Frame0007_DriverToReference-SequenceTransform =-0.724903 0.683247 0.0876822 25.5034 0.471532 0.399383 0.786225 130.55 0.502168 0.611282 -0.611687 200.272 0 0 0 1 
Seq_Frame0007_DriverToReference-SequenceTransformStatus = OK
Seq_Frame0007_Timestamp = 0.785
Seq_Frame0008_DriverToReference-SequenceTransform =-0.724334 0.683916 0.0871733 25.5224 0.473207 0.401205 0.784289 130.488 0.501414 0.609338 -0.61424 200.212 0 0 0 1 
Seq_Frame0008_DriverToReference-SequenceTransformStatus = OK
Seq_Frame0008_Timestamp = 0.895
Seq_Frame0009_DriverToReference-SequenceTransform =-0.725779 0.682044 0.0897834 25.4721 0.471533 0.398192 0.786829 130.635 0.500901 0.6134 -0.610605 200.216 0 0 0 1 
Seq_Frame0009_DriverToReference-SequenceTransformStatus = OK
Seq_Frame0009_Timestamp = 1
Seq_Frame0010_DriverToReference-SequenceTransform =-0.725366 0.6826 0.0888888 25.4601 0.471258 0.398308 0.786935 130.463 0.501756 0.612705 -0.6106 200.238 0 0 0 1 
Seq_Frame0010_DriverToReference-SequenceTransformStatus = OK
Seq_Frame0010_Timestamp = 1.11
Seq_Frame0011_DriverToReference-SequenceTransform =-0.7257 0.682209 0.0891684 25.472 0.471267 0.398465 0.78685 130.502 0.501266 0.613039 -0.610668 200.229 0 0 0 1 
Seq_Frame0011_DriverToReference-SequenceTransformStatus = OK
Seq_Frame0011_Timestamp = 1.215
Seq_Frame0012_DriverToReference-SequenceTransform =-0.729252 0.678075 0.0916838 25.3619 0.470602 0.399763 0.78659 130.644 0.496715 0.616768 -0.610631 200.233 0 0 0 1 
Seq_Frame0012_DriverToReference-SequenceTransformStatus = OK
Seq_Frame0012_Timestamp = 1.325
Seq_Frame0013_DriverToReference-SequenceTransform =-0.729938 0.677048 0.0937905 25.3378 0.471936 0.399963 0.785688 130.773 0.494436 0.617767 -0.611471 200.261 0 0 0 1 
Seq_Frame0013_DriverToReference-SequenceTransformStatus = OK
Seq_Frame0013_Timestamp = 1.43
Seq_Frame0014_DriverToReference-SequenceTransform =-0.749836 0.656215 0.0844245 24.3134 0.451018 0.413613 0.79089 131.052 0.484074 0.631115 -0.606107 200.965 0 0 0 1 
Seq_Frame0014_DriverToReference-SequenceTransformStatus = OK
Seq_Frame0014_Timestamp = 1.54
Seq_Frame0015_DriverToReference-SequenceTransform =-0.743722 0.665366 0.0645395 24.1301 0.442892 0.418118 0.793111 131.385 0.500724 0.618438 -0.605649 201.251 0 0 0 1 
Seq_Frame0015_DriverToReference-SequenceTransformStatus = OK
Seq_Frame0015_Timestamp = 1.645
Seq_Frame0016_DriverToReference-SequenceTransform =-0.747724 0.662851 0.0392055 20.5675 0.42783 0.435774 0.791873 134.032 0.507809 0.608876 -0.609426 201.015 0 0 0 1 
Seq_Frame0016_DriverToReference-SequenceTransformStatus = OK
Seq_Frame0016_Timestamp = 1.755
Seq_Frame0017_DriverToReference-SequenceTransform =-0.753957 0.656748 0.0151649 20.265 0.402929 0.444089 0.800271 135.808 0.518842 0.60948 -0.599447 201.587 0 0 0 1 
Seq_Frame0017_DriverToReference-SequenceTransformStatus = OK
Seq_Frame0017_Timestamp = 1.865
Seq_Frame0018_DriverToReference-SequenceTransform =-0.793182 0.608981 0.00191354 23.1027 0.374698 0.485552 0.789836 139.596 0.480066 0.627201 -0.613315 202.44 0 0 0 1 
Seq_Frame0018_DriverToReference-SequenceTransformStatus = OK
Seq_Frame0018_Timestamp = 1.975
Seq_Frame0019_DriverToReference-SequenceTransform =-0.790379 0.612177 0.0232527 24.4593 0.407475 0.496989 0.766137 138.604 0.457455 0.615014 -0.642256 202.004 0 0 0 1 
Seq_Frame0019_DriverToReference-SequenceTransformStatus = OK
Seq_Frame0019_Timestamp = 2.085
Seq_Frame0020_DriverToReference-SequenceTransform =-0.785223 0.614697 0.0746481 23.7037 0.479092 0.526729 0.70216 141.036 0.392296 0.587115 -0.708096 195.074 0 0 0 1 
Seq_Frame0020_DriverToReference-SequenceTransformStatus = OK
Seq_Frame0020_Timestamp = 2.19
Seq_Frame0021_DriverToReference-SequenceTransform =-0.747932 0.645975 0.152692 22.8019 0.488483 0.379903 0.78553 162.78 0.449424 0.66211 -0.59969 173.463 0 0 0 1 
Seq_Frame0021_DriverToReference-SequenceTransformStatus = OK
Seq_Frame0021_Timestamp = 2.3
Seq_Frame0022_DriverToReference-SequenceTransform =-0.734174 0.619699 0.277419 24.1914 0.498549 0.214666 0.839861 199.641 0.460909 0.754912 -0.466552 145.019 0 0 0 1 
Seq_Frame0022_DriverToReference-SequenceTransformStatus = OK
Seq_Frame0022_Timestamp = 2.411
Seq_Frame0023_DriverToReference-SequenceTransform =-0.740487 0.602978 0.29681 31.2699 0.389428 0.0250235 0.920717 238.639 0.547745 0.797365 -0.253346 120.013 0 0 0 1 
Seq_Frame0023_DriverToReference-SequenceTransformStatus = OK
Seq_Frame0023_Timestamp = 2.52
Seq_Frame0024_DriverToReference-SequenceTransform =-0.752464 0.598952 0.273961 28.566 0.405996 0.0942764 0.908999 237.045 0.518618 0.795216 -0.314112 118.821 0 0 0 1 
Seq_Frame0024_DriverToReference-SequenceTransformStatus = OK
Seq_Frame0024_Timestamp = 2.625
Seq_Frame0025_DriverToReference-SequenceTransform =-0.755875 0.614135 0.226916 22.8685 0.403516 0.164052 0.900146 225.816 0.515584 0.771962 -0.371816 126.286 0 0 0 1 
Seq_Frame0025_DriverToReference-SequenceTransformStatus = OK
Seq_Frame0025_Timestamp = 2.735
Seq_Frame0026_DriverToReference-SequenceTransform =-0.767446 0.610715 0.195075 19.1548 0.378865 0.186556 0.906454 218.48 0.517193 0.769561 -0.37455 133.157 0 0 0 1 
Seq_Frame0026_DriverToReference-SequenceTransformStatus = OK
Seq_Frame0026_Timestamp = 2.84
Seq_Frame0027_DriverToReference-SequenceTransform =-0.789699 0.593166 0.156615 17.8631 0.341066 0.212281 0.915757 214.712 0.50995 0.776589 -0.369948 137.421 0 0 0 1 
Seq_Frame0027_DriverToReference-SequenceTransformStatus = OK
Seq_Frame0027_Timestamp = 2.951
Seq_Frame0028_DriverToReference-SequenceTransform =-0.813245 0.573746 0.0972034 17.7428 0.305902 0.279399 0.910143 213.882 0.495032 0.769904 -0.40273 137.625 0 0 0 1 
Seq_Frame0028_DriverToReference-SequenceTransformStatus = OK
Seq_Frame0028_Timestamp = 3.055
Seq_Frame0029_DriverToReference-SequenceTransform =-0.835493 0.549208 0.0179727 13.5302 0.241867 0.338182 0.909469 214.546 0.493409 0.764201 -0.415384 137.415 0 0 0 1 
Seq_Frame0029_DriverToReference-SequenceTransformStatus = OK
Seq_Frame0029_Timestamp = 3.165
Seq_Frame0030_DriverToReference-SequenceTransform =-0.870838 0.473684 -0.131392 11.5675 0.134116 0.486098 0.863552 215.998 0.47292 0.734392 -0.486842 137.34 0 0 0 1 
Seq_Frame0030_DriverToReference-SequenceTransformStatus = OK
Seq_Frame0030_Timestamp = 3.27
Seq_Frame0031_DriverToReference-SequenceTransform =-0.871778 0.461371 -0.16474 6.63535 0.0715476 0.452572 0.888853 220.25 0.484648 0.763096 -0.427552 135.864 0 0 0 1 
Seq_Frame0031_DriverToReference-SequenceTransformStatus = OK
Seq_Frame0031_Timestamp = 3.38
Seq_Frame0032_DriverToReference-SequenceTransform =-0.857011 0.452852 -0.24588 -3.07547 -0.0541154 0.395428 0.916901 229.214 0.512449 0.799101 -0.31438 134.317 0 0 0 1 
Seq_Frame0032_DriverToReference-SequenceTransformStatus = OK
Seq_Frame0032_Timestamp = 3.486
Seq_Frame0033_DriverToReference-SequenceTransform =-0.842105 0.459739 -0.281957 -4.06732 -0.095598 0.387282 0.916991 231.13 0.530773 0.799158 -0.282182 135.265 0 0 0 1 
Seq_Frame0033_DriverToReference-SequenceTransformStatus = OK
Seq_Frame0033_Timestamp = 3.595
Seq_Frame0034_DriverToReference-SequenceTransform =-0.842105 0.459739 -0.281957 -4.06732 -0.095598 0.387282 0.916991 231.13 0.530773 0.799158 -0.282182 135.265 0 0 0 1 
Seq_Frame0034_DriverToReference-SequenceTransformStatus = OK
Seq_Frame0034_Timestamp = 3.7
Seq_Frame0035_DriverToReference-SequenceTransform =-0.842105 0.459739 -0.281957 -4.06732 -0.095598 0.387282 0.916991 231.13 0.530773 0.799158 -0.282182 135.265 0 0 0 1 
Seq_Frame0035_DriverToReference-SequenceTransformStatus = OK
Seq_Frame0035_Timestamp = 3.81
Seq_Frame0036_DriverToReference-SequenceTransform =-0.842105 0.459739 -0.281957 -4.06732 -0.095598 0.387282 0.916991 231.13 0.530773 0.799158 -0.282182 135.265 0 0 0 1 
Seq_Frame0036_DriverToReference-SequenceTransformStatus = OK
Seq_Frame0036_Timestamp = 3.921
Seq_Frame0037_DriverToReference-SequenceTransform =-0.842105 0.459739 -0.281957 -4.06732 -0.095598 0.387282 0.916991 231.13 0.530773 0.799158 -0.282182 135.265 0 0 0 1 
Seq_Frame0037_DriverToReference-SequenceTransformStatus = OK
Seq_Frame0037_Timestamp = 4.025
Seq_Frame0038_DriverToReference-SequenceTransform =-0.842105 0.459739 -0.281957 -4.06732 -0.095598 0.387282 0.916991 231.13 0.530773 0.799158 -0.282182 135.265 0 0 0 1 
Seq_Frame0038_DriverToReference-SequenceTransformStatus = OK
Seq_Frame0038_Timestamp = 4.135
Seq_Frame0039_DriverToReference-SequenceTransform =-0.842105 0.459739 -0.281957 -4.06732 -0.095598 0.387282 0.916991 231.13 0.530773 0.799158 -0.282182 135.265 0 0 0 1 
Seq_Frame0039_DriverToReference-SequenceTransformStatus = OK
Seq_Frame0039_Timestamp = 4.245
Seq_Frame0040_DriverToReference-SequenceTransform =-0.842105 0.459739 -0.281957 -4.06732 -0.095598 0.387282 0.916991 231.13 0.530773 0.799158 -0.282182 135.265 0 0 0 1 
Seq_Frame0040_DriverToReference-SequenceTransformStatus = OK
Seq_Frame0040_Timestamp = 4.35
Seq_Frame0041_DriverToReference-SequenceTransform =-0.842105 0.459739 -0.281957 -4.06732 -0.095598 0.387282 0.916991 231.13 0.530773 0.799158 -0.282182 135.265 0 0 0 1 
Seq_Frame0041_DriverToReference-SequenceTransformStatus = OK
Seq_Frame0041_Timestamp = 4.451
Seq_Frame0042_DriverToReference-SequenceTransform =-0.842105 0.459739 -0.281957 -4.06732 -0.095598 0.387282 0.916991 231.13 0.530773 0.799158 -0.282182 135.265 0 0 0 1 
Seq_Frame0042_DriverToReference-SequenceTransformStatus = OK
Seq_Frame0042_Timestamp = 4.555
Seq_Frame0043_DriverToReference-SequenceTransform =-0.842105 0.459739 -0.281957 -4.06732 -0.095598 0.387282 0.916991 231.13 0.530773 0.799158 -0.282182 135.265 0 0 0 1 
Seq_Frame0043_DriverToReference-SequenceTransformStatus = OK
Seq_Frame0043_Timestamp = 4.661
Seq_Frame0044_DriverToReference-SequenceTransform =-0.842105 0.459739 -0.281957 -4.06732 -0.095598 0.387282 0.916991 231.13 0.530773 0.799158 -0.282182 135.265 0 0 0 1 
Seq_Frame0044_DriverToReference-SequenceTransformStatus = OK
Seq_Frame0044_Timestamp = 4.77
Seq_Frame0045_DriverToReference-SequenceTransform =-0.842105 0.459739 -0.281957 -4.06732 -0.095598 0.387282 0.916991 231.13 0.530773 0.799158 -0.282182 135.265 0 0 0 1 
Seq_Frame0045_DriverToReference-SequenceTransformStatus = OK
Seq_Frame0045_Timestamp = 4.875
Seq_Frame0046_DriverToReference-SequenceTransform =-0.842105 0.459739 -0.281957 -4.06732 -0.095598 0.387282 0.916991 231.13 0.530773 0.799158 -0.282182 135.265 0 0 0 1 
Seq_Frame0046_DriverToReference-SequenceTransformStatus = OK
Seq_Frame0046_Timestamp = 4.98
Seq_Frame0047_DriverToReference-SequenceTransform =-0.842105 0.459739 -0.281957 -4.06732 -0.095598 0.387282 0.916991 231.13 0.530773 0.799158 -0.282182 135.265 0 0 0 1 
Seq_Frame0047_DriverToReference-SequenceTransformStatus = OK
Seq_Frame0047_Timestamp = 5.085
Seq_Frame0048_DriverToReference-SequenceTransform =-0.842105 0.459739 -0.281957 -4.06732 -0.095598 0.387282 0.916991 231.13 0.530773 0.799158 -0.282182 135.265 0 0 0 1 
Seq_Frame0048_DriverToReference-SequenceTransformStatus = OK
Seq_Frame0048_Timestamp = 5.195
Seq_Frame0049_DriverToReference-SequenceTransform =-0.842105 0.459739 -0.281957 -4.06732 -0.095598 0.387282 0.916991 231.13 0.530773 0.799158 -0.282182 135.265 0 0 0 1 
Seq_Frame0049_DriverToReference-SequenceTransformStatus = OK
Seq_Frame0049_Timestamp = 5.3
Seq_Frame0050_DriverToReference-SequenceTransform =-0.842105 0.459739 -0.281957 -4.06732 -0.095598 0.387282 0.916991 231.13 0.530773 0.799158 -0.282182 135.265 0 0 0 1 
Seq_Frame0050_DriverToReference-SequenceTransformStatus = OK
Seq_Frame0050_Timestamp = 5.41
Seq_Frame0051_DriverToReference-SequenceTransform =-0.842105 0.459739 -0.281957 -4.06732 -0.095598 0.387282 0.916991 231.13 0.530773 0.799158 -0.282182 135.265 0 0 0 1 
Seq_Frame0051_DriverToReference-SequenceTransformStatus = OK
Seq_Frame0051_Timestamp = 5.515
Seq_Frame0052_DriverToReference-SequenceTransform =-0.842105 0.459739 -0.281957 -4.06732 -0.095598 0.387282 0.916991 231.13 0.530773 0.799158 -0.282182 135.265 0 0 0 1 
Seq_Frame0052_DriverToReference-SequenceTransformStatus = OK
Seq_Frame0052_Timestamp = 5.62
Seq_Frame0053_DriverToReference-SequenceTransform =-0.842105 0.459739 -0.281957 -4.06732 -0.095598 0.387282 0.916991 231.13 0.530773 0.799158 -0.282182 135.265 0 0 0 1 
Seq_Frame0053_DriverToReference-SequenceTransformStatus = OK
Seq_Frame0053_Timestamp = 5.725
Seq_Frame0054_DriverToReference-SequenceTransform =-0.842105 0.459739 -0.281957 -4.06732 -0.095598 0.387282 0.916991 231.13 0.530773 0.799158 -0.282182 135.265 0 0 0 1 
Seq_Frame0054_DriverToReference-SequenceTransformStatus = OK
Seq_Frame0054_Timestamp = 5.83
Seq_Frame0055_DriverToReference-SequenceTransform =-0.842105 0.459739 -0.281957 -4.06732 -0.095598 0.387282 0.916991 231.13 0.530773 0.799158 -0.282182 135.265 0 0 0 1 
Seq_Frame0055_DriverToReference-SequenceTransformStatus = OK
Seq_Frame0055_Timestamp = 5.935
Seq_Frame0056_DriverToReference-SequenceTransform =-0.842105 0.459739 -0.281957 -4.06732 -0.095598 0.387282 0.916991 231.13 0.530773 0.799158 -0.282182 135.265 0 0 0 1 
Seq_Frame0056_DriverToReference-SequenceTransformStatus = OK
Seq_Frame0056_Timestamp = 6.045
Seq_Frame0057_DriverToReference-SequenceTransform =-0.842105 0.459739 -0.281957 -4.06732 -0.095598 0.387282 0.916991 231.13 0.530773 0.799158 -0.282182 135.265 0 0 0 1 
Seq_Frame0057_DriverToReference-SequenceTransformStatus = OK
Seq_Frame0057_Timestamp = 6.15
Seq_Frame0058_DriverToReference-SequenceTransform =-0.842105 0.459739 -0.281957 -4.06732 -0.095598 0.387282 0.916991 231.13 0.530773 0.799158 -0.282182 135.265 0 0 0 1 
Seq_Frame0058_DriverToReference-SequenceTransformStatus = OK
Seq_Frame0058_Timestamp = 6.255
Seq_Frame0059_DriverToReference-SequenceTransform =-0.842105 0.459739 -0.281957 -4.06732 -0.095598 0.387282 0.916991 231.13 0.530773 0.799158 -0.282182 135.265 0 0 0 1 
Seq_Frame0059_DriverToReference-SequenceTransformStatus = OK
Seq_Frame0059_Timestamp = 6.36
Seq_Frame0060_DriverToReference-SequenceTransform =-0.842105 0.459739 -0.281957 -4.06732 -0.095598 0.387282 0.916991 231.13 0.530773 0.799158 -0.282182 135.265 0 0 0 1 
Seq_Frame0060_DriverToReference-SequenceTransformStatus = OK
Seq_Frame0060_Timestamp = 6.47
Seq_Frame0061_DriverToReference-SequenceTransform =-0.842105 0.459739 -0.281957 -4.06732 -0.095598 0.387282 0.916991 231.13 0.530773 0.799158 -0.282182 135.265 0 0 0 1 
Seq_Frame0061_DriverToReference-SequenceTransformStatus = OK
Seq_Frame0061_Timestamp = 6.58
Seq_Frame0062_DriverToReference-SequenceTransform =-0.842105 0.459739 -0.281957 -4.06732 -0.095598 0.387282 0.916991 231.13 0.530773 0.799158 -0.282182 135.265 0 0 0 1 
Seq_Frame0062_DriverToReference-SequenceTransformStatus = OK
Seq_Frame0062_Timestamp = 6.685
Seq_Frame0063_DriverToReference-SequenceTransform =-0.842105 0.459739 -0.281957 -4.06732 -0.095598 0.387282 0.916991 231.13 0.530773 0.799158 -0.282182 135.265 0 0 0 1 
Seq_Frame0063_DriverToReference-SequenceTransformStatus = OK
Seq_Frame0063_Timestamp = 6.79
Seq_Frame0064_DriverToReference-SequenceTransform =-0.842105 0.459739 -0.281957 -4.06732 -0.095598 0.387282 0.916991 231.13 0.530773 0.799158 -0.282182 135.265 0 0 0 1 
Seq_Frame0064_DriverToReference-SequenceTransformStatus = OK
Seq_Frame0064_Timestamp = 6.9
Seq_Frame0065_DriverToReference-SequenceTransform =-0.842105 0.459739 -0.281957 -4.06732 -0.095598 0.387282 0.916991 231.13 0.530773 0.799158 -0.282182 135.265 0 0 0 1 
Seq_Frame0065_DriverToReference-SequenceTransformStatus = OK
Seq_Frame0065_Timestamp = 7.01
Seq_Frame0066_DriverToReference-SequenceTransform =-0.842105 0.459739 -0.281957 -4.06732 -0.095598 0.387282 0.916991 231.13 0.530773 0.799158 -0.282182 135.265 0 0 0 1 
Seq_Frame0066_DriverToReference-SequenceTransformStatus = OK
Seq_Frame0066_Timestamp = 7.115
Seq_Frame0067_DriverToReference-SequenceTransform =-0.842105 0.459739 -0.281957 -4.06732 -0.095598 0.387282 0.916991 231.13 0.530773 0.799158 -0.282182 135.265 0 0 0 1 
Seq_Frame0067_DriverToReference-SequenceTransformStatus = OK
Seq_Frame0067_Timestamp = 7.225
Seq_Frame0068_DriverToReference-SequenceTransform =-0.842105 0.459739 -0.281957 -4.06732 -0.095598 0.387282 0.916991 231.13 0.530773 0.799158 -0.282182 135.265 0 0 0 1 
Seq_Frame0068_DriverToReference-SequenceTransformStatus = OK
Seq_Frame0068_Timestamp = 7.33
Seq_Frame0069_DriverToReference-SequenceTransform =-0.842105 0.459739 -0.281957 -4.06732 -0.095598 0.387282 0.916991 231.13 0.530773 0.799158 -0.282182 135.265 0 0 0 1 
Seq_Frame0069_DriverToReference-SequenceTransformStatus = OK
Seq_Frame0069_Timestamp = 7.445
Seq_Frame0070_DriverToReference-SequenceTransform =-0.842105 0.459739 -0.281957 -4.06732 -0.095598 0.387282 0.916991 231.13 0.530773 0.799158 -0.282182 135.265 0 0 0 1 
Seq_Frame0070_DriverToReference-SequenceTransformStatus = OK
Seq_Frame0070_Timestamp = 7.55
Seq_Frame0071_DriverToReference-SequenceTransform =-0.842105 0.459739 -0.281957 -4.06732 -0.095598 0.387282 0.916991 231.13 0.530773 0.799158 -0.282182 135.265 0 0 0 1 
Seq_Frame0071_DriverToReference-SequenceTransformStatus = OK
Seq_Frame0071_Timestamp = 7.655
Seq_Frame0072_DriverToReference-SequenceTransform =-0.842105 0.459739 -0.281957 -4.06732 -0.095598 0.387282 0.916991 231.13 0.530773 0.799158 -0.282182 135.265 0 0 0 1 
Seq_Frame0072_DriverToReference-SequenceTransformStatus = OK
Seq_Frame0072_Timestamp = 7.76
Seq_Frame0073_DriverToReference-SequenceTransform =-0.842105 0.459739 -0.281957 -4.06732 -0.095598 0.387282 0.916991 231.13 0.530773 0.799158 -0.282182 135.265 0 0 0 1 
Seq_Frame0073_DriverToReference-SequenceTransformStatus = OK
Seq_Frame0073_Timestamp = 7.876
Seq_Frame0074_DriverToReference-SequenceTransform =-0.842105 0.459739 -0.281957 -4.06732 -0.095598 0.387282 0.916991 231.13 0.530773 0.799158 -0.282182 135.265 0 0 0 1 
Seq_Frame0074_DriverToReference-SequenceTransformStatus = OK
Seq_Frame0074_Timestamp = 7.984
Seq_Frame0075_DriverToReference-SequenceTransform =-0.842105 0.459739 -0.281957 -4.06732 -0.095598 0.387282 0.916991 231.13 0.530773 0.799158 -0.282182 135.265 0 0 0 1 
Seq_Frame0075_DriverToReference-SequenceTransformStatus = OK
Seq_Frame0075_Timestamp = 8.095
Seq_Frame0076_DriverToReference-SequenceTransform =-0.842105 0.459739 -0.281957 -4.06732 -0.095598 0.387282 0.916991 231.13 0.530773 0.799158 -0.282182 135.265 0 0 0 1 
Seq_Frame0076_DriverToReference-SequenceTransformStatus = OK
Seq_Frame0076_Timestamp = 8.205
Seq_Frame0077_DriverToReference-SequenceTransform =-0.842105 0.459739 -0.281957 -4.06732 -0.095598 0.387282 0.916991 231.13 0.530773 0.799158 -0.282182 135.265 0 0 0 1 
Seq_Frame0077_DriverToReference-SequenceTransformStatus = OK
Seq_Frame0077_Timestamp = 8.31
Seq_Frame0078_DriverToReference-SequenceTransform =-0.842105 0.459739 -0.281957 -4.06732 -0.095598 0.387282 0.916991 231.13 0.530773 0.799158 -0.282182 135.265 0 0 0 1 
Seq_Frame0078_DriverToReference-SequenceTransformStatus = OK
Seq_Frame0078_Timestamp = 8.425
Seq_Frame0079_DriverToReference-SequenceTransform =-0.842105 0.459739 -0.281957 -4.06732 -0.095598 0.387282 0.916991 231.13 0.530773 0.799158 -0.282182 135.265 0 0 0 1 
Seq_Frame0079_DriverToReference-SequenceTransformStatus = OK
Seq_Frame0079_Timestamp = 8.53
Seq_Frame0080_DriverToReference-SequenceTransform =-0.842105 0.459739 -0.281957 -4.06732 -0.095598 0.387282 0.916991 231.13 0.530773 0.799158 -0.282182 135.265 0 0 0 1 
Seq_Frame0080_DriverToReference-SequenceTransformStatus = OK
Seq_Frame0080_Timestamp = 8.64
Seq_Frame0081_DriverToReference-SequenceTransform =-0.842105 0.459739 -0.281957 -4.06732 -0.095598 0.387282 0.916991 231.13 0.530773 0.799158 -0.282182 135.265 0 0 0 1 
Seq_Frame0081_DriverToReference-SequenceTransformStatus = OK
Seq_Frame0081_Timestamp = 8.745
Seq_Frame0082_DriverToReference-SequenceTransform =-0.842105 0.459739 -0.281957 -4.06732 -0.095598 0.387282 0.916991 231.13 0.530773 0.799158 -0.282182 135.265 0 0 0 1 
Seq_Frame0082_DriverToReference-SequenceTransformStatus = OK
Seq_Frame0082_Timestamp = 8.85
Seq_Frame0083_DriverToReference-SequenceTransform =-0.842105 0.459739 -0.281957 -4.06732 -0.095598 0.387282 0.916991 231.13 0.530773 0.799158 -0.282182 135.265 0 0 0 1 
Seq_Frame0083_DriverToReference-SequenceTransformStatus = OK
Seq_Frame0083_Timestamp = 8.96
Seq_Frame0084_DriverToReference-SequenceTransform =-0.842105 0.459739 -0.281957 -4.06732 -0.095598 0.387282 0.916991 231.13 0.530773 0.799158 -0.282182 135.265 0 0 0 1 
Seq_Frame0084_DriverToReference-SequenceTransformStatus = OK
Seq_Frame0084_Timestamp = 9.066
Seq_Frame0085_DriverToReference-SequenceTransform =-0.842105 0.459739 -0.281957 -4.06732 -0.095598 0.387282 0.916991 231.13 0.530773 0.799158 -0.282182 135.265 0 0 0 1 
Seq_Frame0085_DriverToReference-SequenceTransformStatus = OK
Seq_Frame0085_Timestamp = 9.175
Seq_Frame0086_DriverToReference-SequenceTransform =-0.842105 0.459739 -0.281957 -4.06732 -0.095598 0.387282 0.916991 231.13 0.530773 0.799158 -0.282182 135.265 0 0 0 1 
Seq_Frame0086_DriverToReference-SequenceTransformStatus = OK
Seq_Frame0086_Timestamp = 9.28
Seq_Frame0087_DriverToReference-SequenceTransform =-0.842105 0.459739 -0.281957 -4.06732 -0.095598 0.387282 0.916991 231.13 0.530773 0.799158 -0.282182 135.265 0 0 0 1 
Seq_Frame0087_DriverToReference-SequenceTransformStatus = OK
Seq_Frame0087_Timestamp = 9.39
Seq_Frame0088_DriverToReference-SequenceTransform =-0.842105 0.459739 -0.281957 -4.06732 -0.095598 0.387282 0.916991 231.13 0.530773 0.799158 -0.282182 135.265 0 0 0 1 
Seq_Frame0088_DriverToReference-SequenceTransformStatus = OK
Seq_Frame0088_Timestamp = 9.5
Seq_Frame0089_DriverToReference-SequenceTransform =-0.842105 0.459739 -0.281957 -4.06732 -0.095598 0.387282 0.916991 231.13 0.530773 0.799158 -0.282182 135.265 0 0 0 1 
Seq_Frame0089_DriverToReference-SequenceTransformStatus = OK
Seq_Frame0089_Timestamp = 9.604
Seq_Frame0090_DriverToReference-SequenceTransform =-0.842105 0.459739 -0.281957 -4.06732 -0.095598 0.387282 0.916991 231.13 0.530773 0.799158 -0.282182 135.265 0 0 0 1 
Seq_Frame0090_DriverToReference-SequenceTransformStatus = OK
Seq_Frame0090_Timestamp = 9.715
Seq_Frame0091_DriverToReference-SequenceTransform =-0.842105 0.459739 -0.281957 -4.06732 -0.095598 0.387282 0.916991 231.13 0.530773 0.799158 -0.282182 135.265 0 0 0 1 
Seq_Frame0091_DriverToReference-SequenceTransformStatus = OK
Seq_Frame0091_Timestamp = 9.825
Seq_Frame0092_DriverToReference-SequenceTransform =-0.842105 0.459739 -0.281957 -4.06732 -0.095598 0.387282 0.916991 231.13 0.530773 0.799158 -0.282182 135.265 0 0 0 1 
Seq_Frame0092_DriverToReference-SequenceTransformStatus = OK
Seq_Frame0092_Timestamp = 9.93
Seq_Frame0093_DriverToReference-SequenceTransform =-0.842105 0.459739 -0.281957 -4.06732 -0.095598 0.387282 0.916991 231.13 0.530773 0.799158 -0.282182 135.265 0 0 0 1 
Seq_Frame0093_DriverToReference-SequenceTransformStatus = OK
Seq_Frame0093_Timestamp = 10.04
Seq_Frame0094_DriverToReference-SequenceTransform =-0.842105 0.459739 -0.281957 -4.06732 -0.095598 0.387282 0.916991 231.13 0.530773 0.799158 -0.282182 135.265 0 0 0 1 
Seq_Frame0094_DriverToReference-SequenceTransformStatus = OK
Seq_Frame0094_Timestamp = 10.145
Seq_Frame0095_DriverToReference-SequenceTransform =-0.842105 0.459739 -0.281957 -4.06732 -0.095598 0.387282 0.916991 231.13 0.530773 0.799158 -0.282182 135.265 0 0 0 1 
Seq_Frame0095_DriverToReference-SequenceTransformStatus = OK
Seq_Frame0095_Timestamp = 10.255
Seq_Frame0096_DriverToReference-SequenceTransform =-0.842105 0.459739 -0.281957 -4.06732 -0.095598 0.387282 0.916991 231.13 0.530773 0.799158 -0.282182 135.265 0 0 0 1 
Seq_Frame0096_DriverToReference-SequenceTransformStatus = OK
Seq_Frame0096_Timestamp = 10.36
Seq_Frame0097_DriverToReference-SequenceTransform =-0.842105 0.459739 -0.281957 -4.06732 -0.095598 0.387282 0.916991 231.13 0.530773 0.799158 -0.282182 135.265 0 0 0 1 
Seq_Frame0097_DriverToReference-SequenceTransformStatus = OK
Seq_Frame0097_Timestamp = 10.465
Seq_Frame0098_DriverToReference-SequenceTransform =-0.842105 0.459739 -0.281957 -4.06732 -0.095598 0.387282 0.916991 231.13 0.530773 0.799158 -0.282182 135.265 0 0 0 1 
Seq_Frame0098_DriverToReference-SequenceTransformStatus = OK
Seq_Frame0098_Timestamp = 10.57
Seq_Frame0099_DriverToReference-SequenceTransform =-0.842105 0.459739 -0.281957 -4.06732 -0.095598 0.387282 0.916991 231.13 0.530773 0.799158 -0.282182 135.265 0 0 0 1 
Seq_Frame0099_DriverToReference-SequenceTransformStatus = OK
Seq_Frame0099_Timestamp = 10.675
Seq_Frame0100_DriverToReference-SequenceTransform =-0.842105 0.459739 -0.281957 -4.06732 -0.095598 0.387282 0.916991 231.13 0.530773 0.799158 -0.282182 135.265 0 0 0 1 
Seq_Frame0100_DriverToReference-SequenceTransformStatus = OK
Seq_Frame0100_Timestamp = 10.79
Seq_Frame0101_DriverToReference-SequenceTransform =-0.842105 0.459739 -0.281957 -4.06732 -0.095598 0.387282 0.916991 231.13 0.530773 0.799158 -0.282182 135.265 0 0 0 1 
Seq_Frame0101_DriverToReference-SequenceTransformStatus = OK
Seq_Frame0101_Timestamp = 10.895
Seq_Frame0102_DriverToReference-SequenceTransform =-0.842105 0.459739 -0.281957 -4.06732 -0.095598 0.387282 0.916991 231.13 0.530773 0.799158 -0.282182 135.265 0 0 0 1 
Seq_Frame0102_DriverToReference-SequenceTransformStatus = OK
Seq_Frame0102_Timestamp = 11.005
Seq_Frame0103_DriverToReference-SequenceTransform =-0.842105 0.459739 -0.281957 -4.06732 -0.095598 0.387282 0.916991 231.13 0.530773 0.799158 -0.282182 135.265 0 0 0 1 
Seq_Frame0103_DriverToReference-SequenceTransformStatus = OK
Seq_Frame0103_Timestamp = 11.115
Seq_Frame0104_DriverToReference-SequenceTransform =0.260414 0.842205 0.472096 -11.3631 -0.278583 0.533715 -0.798461 322.954 -0.924433 0.0764123 0.373611 177.173 0 0 0 1 
Seq_Frame0104_DriverToReference-SequenceTransformStatus = OK
Seq_Frame0104_Timestamp = 11.226
Seq_Frame0105_DriverToReference-SequenceTransform =0.234291 0.84561 0.479636 -21.4508 -0.285861 0.531481 -0.797378 323.26 -0.929189 0.0497095 0.366248 177.982 0 0 0 1 
Seq_Frame0105_DriverToReference-SequenceTransformStatus = OK
Seq_Frame0105_Timestamp = 11.33
Seq_Frame0106_DriverToReference-SequenceTransform =0.111946 0.555181 0.824161 -45.2807 -0.381435 0.789849 -0.480257 303.203 -0.917592 -0.260601 0.300186 171.936 0 0 0 1 
Seq_Frame0106_DriverToReference-SequenceTransformStatus = OK
Seq_Frame0106_Timestamp = 11.441
Seq_Frame0107_DriverToReference-SequenceTransform =0.0449761 0.252119 0.96665 -60.7811 -0.356255 0.908057 -0.220261 292.899 -0.933306 -0.334467 0.130659 181.141 0 0 0 1 
Seq_Frame0107_DriverToReference-SequenceTransformStatus = OK
Seq_Frame0107_Timestamp = 11.555
Seq_Frame0108_DriverToReference-SequenceTransform =0.0449761 0.252119 0.96665 -60.7811 -0.356255 0.908057 -0.220261 292.899 -0.933306 -0.334467 0.130659 181.141 0 0 0 1 
Seq_Frame0108_DriverToReference-SequenceTransformStatus = OK
Seq_Frame0108_Timestamp = 11.661
Seq_Frame0109_DriverToReference-SequenceTransform =0.0449761 0.252119 0.96665 -60.7811 -0.356255 0.908057 -0.220261 292.899 -0.933306 -0.334467 0.130659 181.141 0 0 0 1 
Seq_Frame0109_DriverToReference-SequenceTransformStatus = OK
Seq_Frame0109_Timestamp = 11.77
Seq_Frame0110_DriverToReference-SequenceTransform =0.0449761 0.252119 0.96665 -60.7811 -0.356255 0.908057 -0.220261 292.899 -0.933306 -0.334467 0.130659 181.141 0 0 0 1 
Seq_Frame0110_DriverToReference-SequenceTransformStatus = OK
Seq_Frame0110_Timestamp = 11.875
Seq_Frame0111_DriverToReference-SequenceTransform =0.0449761 0.252119 0.96665 -60.7811 -0.356255 0.908057 -0.220261 292.899 -0.933306 -0.334467 0.130659 181.141 0 0 0 1 
Seq_Frame0111_DriverToReference-SequenceTransformStatus = OK
Seq_Frame0111_Timestamp = 11.985
Seq_Frame0112_DriverToReference-SequenceTransform =0.0449761 0.252119 0.96665 -60.7811 -0.356255 0.908057 -0.220261 292.899 -0.933306 -0.334467 0.130659 181.141 0 0 0 1 
Seq_Frame0112_DriverToReference-SequenceTransformStatus = OK
Seq_Frame0112_Timestamp = 12.09
Seq_Frame0113_DriverToReference-SequenceTransform =0.0449761 0.252119 0.96665 -60.7811 -0.356255 0.908057 -0.220261 292.899 -0.933306 -0.334467 0.130659 181.141 0 0 0 1 
Seq_Frame0113_DriverToReference-SequenceTransformStatus = OK
Seq_Frame0113_Timestamp = 12.2
Seq_Frame0114_DriverToReference-SequenceTransform =0.0449761 0.252119 0.96665 -60.7811 -0.356255 0.908057 -0.220261 292.899 -0.933306 -0.334467 0.130659 181.141 0 0 0 1 
Seq_Frame0114_DriverToReference-SequenceTransformStatus = OK
Seq_Frame0114_Timestamp = 12.31
Seq_Frame0115_DriverToReference-SequenceTransform =0.0449761 0.252119 0.96665 -60.7811 -0.356255 0.908057 -0.220261 292.899 -0.933306 -0.334467 0.130659 181.141 0 0 0 1 
Seq_Frame0115_DriverToReference-SequenceTransformStatus = OK
Seq_Frame0115_Timestamp = 12.42
Seq_Frame0116_DriverToReference-SequenceTransform =0.0449761 0.252119 0.96665 -60.7811 -0.356255 0.908057 -0.220261 292.899 -0.933306 -0.334467 0.130659 181.141 0 0 0 1 
Seq_Frame0116_DriverToReference-SequenceTransformStatus = OK
Seq_Frame0116_Timestamp = 12.525
Seq_Frame0117_DriverToReference-SequenceTransform =0.0449761 0.252119 0.96665 -60.7811 -0.356255 0.908057 -0.220261 292.899 -0.933306 -0.334467 0.130659 181.141 0 0 0 1 
Seq_Frame0117_DriverToReference-SequenceTransformStatus = OK
Seq_Frame0117_Timestamp = 12.64
Seq_Frame0118_DriverToReference-SequenceTransform =0.0449761 0.252119 0.96665 -60.7811 -0.356255 0.908057 -0.220261 292.899 -0.933306 -0.334467 0.130659 181.141 0 0 0 1 
Seq_Frame0118_DriverToReference-SequenceTransformStatus = OK
Seq_Frame0118_Timestamp = 12.745
Seq_Frame0119_DriverToReference-SequenceTransform =0.0449761 0.252119 0.96665 -60.7811 -0.356255 0.908057 -0.220261 292.899 -0.933306 -0.334467 0.130659 181.141 0 0 0 1 
Seq_Frame0119_DriverToReference-SequenceTransformStatus = OK
Seq_Frame0119_Timestamp = 12.85
Seq_Frame0120_DriverToReference-SequenceTransform =0.0449761 0.252119 0.96665 -60.7811 -0.356255 0.908057 -0.220261 292.899 -0.933306 -0.334467 0.130659 181.141 0 0 0 1 
Seq_Frame0120_DriverToReference-SequenceTransformStatus = OK
Seq_Frame0120_Timestamp = 12.951
Seq_Frame0121_DriverToReference-SequenceTransform =0.0449761 0.252119 0.96665 -60.7811 -0.356255 0.908057 -0.220261 292.899 -0.933306 -0.334467 0.130659 181.141 0 0 0 1 
Seq_Frame0121_DriverToReference-SequenceTransformStatus = OK
Seq_Frame0121_Timestamp = 13.06
Seq_Frame0122_DriverToReference-SequenceTransform =0.0449761 0.252119 0.96665 -60.7811 -0.356255 0.908057 -0.220261 292.899 -0.933306 -0.334467 0.130659 181.141 0 0 0 1 
Seq_Frame0122_DriverToReference-SequenceTransformStatus = OK
Seq_Frame0122_Timestamp = 13.165
Seq_Frame0123_DriverToReference-SequenceTransform =0.0449761 0.252119 0.96665 -60.7811 -0.356255 0.908057 -0.220261 292.899 -0.933306 -0.334467 0.130659 181.141 0 0 0 1 
Seq_Frame0123_DriverToReference-SequenceTransformStatus = OK
Seq_Frame0123_Timestamp = 13.27
Seq_Frame0124_DriverToReference-SequenceTransform =0.0449761 0.252119 0.96665 -60.7811 -0.356255 0.908057 -0.220261 292.899 -0.933306 -0.334467 0.130659 181.141 0 0 0 1 
Seq_Frame0124_DriverToReference-SequenceTransformStatus = OK
Seq_Frame0124_Timestamp = 13.375
Seq_Frame0125_DriverToReference-SequenceTransform =0.0449761 0.252119 0.96665 -60.7811 -0.356255 0.908057 -0.220261 292.899 -0.933306 -0.334467 0.130659 181.141 0 0 0 1 
Seq_Frame0125_DriverToReference-SequenceTransformStatus = OK
Seq_Frame0125_Timestamp = 13.485
Seq_Frame0126_DriverToReference-SequenceTransform =0.0449761 0.252119 0.96665 -60.7811 -0.356255 0.908057 -0.220261 292.899 -0.933306 -0.334467 0.130659 181.141 0 0 0 1 
Seq_Frame0126_DriverToReference-SequenceTransformStatus = OK
Seq_Frame0126_Timestamp = 13.59
Seq_Frame0127_DriverToReference-SequenceTransform =0.0449761 0.252119 0.96665 -60.7811 -0.356255 0.908057 -0.220261 292.899 -0.933306 -0.334467 0.130659 181.141 0 0 0 1 
Seq_Frame0127_DriverToReference-SequenceTransformStatus = OK
Seq_Frame0127_Timestamp = 13.7
Seq_Frame0128_DriverToReference-SequenceTransform =0.0449761 0.252119 0.96665 -60.7811 -0.356255 0.908057 -0.220261 292.899 -0.933306 -0.334467 0.130659 181.141 0 0 0 1 
Seq_Frame0128_DriverToReference-SequenceTransformStatus = OK
Seq_Frame0128_Timestamp = 13.81
Seq_Frame0129_DriverToReference-SequenceTransform =0.0449761 0.252119 0.96665 -60.7811 -0.356255 0.908057 -0.220261 292.899 -0.933306 -0.334467 0.130659 181.141 0 0 0 1 
Seq_Frame0129_DriverToReference-SequenceTransformStatus = OK
Seq_Frame0129_Timestamp = 13.915
Seq_Frame0130_DriverToReference-SequenceTransform =0.0449761 0.252119 0.96665 -60.7811 -0.356255 0.908057 -0.220261 292.899 -0.933306 -0.334467 0.130659 181.141 0 0 0 1 
Seq_Frame0130_DriverToReference-SequenceTransformStatus = OK
Seq_Frame0130_Timestamp = 14.02
Seq_Frame0131_DriverToReference-SequenceTransform =0.0449761 0.252119 0.96665 -60.7811 -0.356255 0.908057 -0.220261 292.899 -0.933306 -0.334467 0.130659 181.141 0 0 0 1 
Seq_Frame0131_DriverToReference-SequenceTransformStatus = OK
Seq_Frame0131_Timestamp = 14.13
Seq_Frame0132_DriverToReference-SequenceTransform =0.0449761 0.252119 0.96665 -60.7811 -0.356255 0.908057 -0.220261 292.899 -0.933306 -0.334467 0.130659 181.141 0 0 0 1 
Seq_Frame0132_DriverToReference-SequenceTransformStatus = OK
Seq_Frame0132_Timestamp = 14.235
Seq_Frame0133_DriverToReference-SequenceTransform =0.0449761 0.252119 0.96665 -60.7811 -0.356255 0.908057 -0.220261 292.899 -0.933306 -0.334467 0.130659 181.141 0 0 0 1 
Seq_Frame0133_DriverToReference-SequenceTransformStatus = OK
Seq_Frame0133_Timestamp = 14.345
Seq_Frame0134_DriverToReference-SequenceTransform =0.0449761 0.252119 0.96665 -60.7811 -0.356255 0.908057 -0.220261 292.899 -0.933306 -0.334467 0.130659 181.141 0 0 0 1 
Seq_Frame0134_DriverToReference-SequenceTransformStatus = OK
Seq_Frame0134_Timestamp = 14.45
Seq_Frame0135_DriverToReference-SequenceTransform =0.0449761 0.252119 0.96665 -60.7811 -0.356255 0.908057 -0.220261 292.899 -0.933306 -0.334467 0.130659 181.141 0 0 0 1 
Seq_Frame0135_DriverToReference-SequenceTransformStatus = OK
Seq_Frame0135_Timestamp = 14.56
Seq_Frame0136_DriverToReference-SequenceTransform =0.0449761 0.252119 0.96665 -60.7811 -0.356255 0.908057 -0.220261 292.899 -0.933306 -0.334467 0.130659 181.141 0 0 0 1 
Seq_Frame0136_DriverToReference-SequenceTransformStatus = OK
Seq_Frame0136_Timestamp = 14.666
Seq_Frame0137_DriverToReference-SequenceTransform =0.0449761 0.252119 0.96665 -60.7811 -0.356255 0.908057 -0.220261 292.899 -0.933306 -0.334467 0.130659 181.141 0 0 0 1 
Seq_Frame0137_DriverToReference-SequenceTransformStatus = OK
Seq_Frame0137_Timestamp = 14.775
Seq_Frame0138_DriverToReference-SequenceTransform =0.0449761 0.252119 0.96665 -60.7811 -0.356255 0.908057 -0.220261 292.899 -0.933306 -0.334467 0.130659 181.141 0 0 0 1 
Seq_Frame0138_DriverToReference-SequenceTransformStatus = OK
Seq_Frame0138_Timestamp = 14.886
Seq_Frame0139_DriverToReference-SequenceTransform =0.0449761 0.252119 0.96665 -60.7811 -0.356255 0.908057 -0.220261 292.899 -0.933306 -0.334467 0.130659 181.141 0 0 0 1 
Seq_Frame0139_DriverToReference-SequenceTransformStatus = OK
Seq_Frame0139_Timestamp = 14.992
Seq_Frame0140_DriverToReference-SequenceTransform =0.0449761 0.252119 0.96665 -60.7811 -0.356255 0.908057 -0.220261 292.899 -0.933306 -0.334467 0.130659 181.141 0 0 0 1 
Seq_Frame0140_DriverToReference-SequenceTransformStatus = OK
Seq_Frame0140_Timestamp = 15.099
Seq_Frame0141_DriverToReference-SequenceTransform =0.0449761 0.252119 0.96665 -60.7811 -0.356255 0.908057 -0.220261 292.899 -0.933306 -0.334467 0.130659 181.141 0 0 0 1 
Seq_Frame0141_DriverToReference-SequenceTransformStatus = OK
Seq_Frame0141_Timestamp = 15.21
Seq_Frame0142_DriverToReference-SequenceTransform =0.0449761 0.252119 0.96665 -60.7811 -0.356255 0.908057 -0.220261 292.899 -0.933306 -0.334467 0.130659 181.141 0 0 0 1 
Seq_Frame0142_DriverToReference-SequenceTransformStatus = OK
Seq_Frame0142_Timestamp = 15.32
Seq_Frame0143_DriverToReference-SequenceTransform =0.0449761 0.252119 0.96665 -60.7811 -0.356255 0.908057 -0.220261 292.899 -0.933306 -0.334467 0.130659 181.141 0 0 0 1 
Seq_Frame0143_DriverToReference-SequenceTransformStatus = OK
Seq_Frame0143_Timestamp = 15.425
Seq_Frame0144_DriverToReference-SequenceTransform =0.0449761 0.252119 0.96665 -60.7811 -0.356255 0.908057 -0.220261 292.899 -0.933306 -0.334467 0.130659 181.141 0 0 0 1 
Seq_Frame0144_DriverToReference-SequenceTransformStatus = OK
Seq_Frame0144_Timestamp = 15.536
Seq_Frame0145_DriverToReference-SequenceTransform =0.0449761 0.252119 0.96665 -60.7811 -0.356255 0.908057 -0.220261 292.899 -0.933306 -0.334467 0.130659 181.141 0 0 0 1 
Seq_Frame0145_DriverToReference-SequenceTransformStatus = OK
Seq_Frame0145_Timestamp = 15.64
Seq_Frame0146_DriverToReference-SequenceTransform =0.0449761 0.252119 0.96665 -60.7811 -0.356255 0.908057 -0.220261 292.899 -0.933306 -0.334467 0.130659 181.141 0 0 0 1 
Seq_Frame0146_DriverToReference-SequenceTransformStatus = OK
Seq_Frame0146_Timestamp = 15.75
Seq_Frame0147_DriverToReference-SequenceTransform =0.0449761 0.252119 0.96665 -60.7811 -0.356255 0.908057 -0.220261 292.899 -0.933306 -0.334467 0.130659 181.141 0 0 0 1 
Seq_Frame0147_DriverToReference-SequenceTransformStatus = OK
Seq_Frame0147_Timestamp = 15.86
Seq_Frame0148_DriverToReference-SequenceTransform =0.0449761 0.252119 0.96665 -60.7811 -0.356255 0.908057 -0.220261 292.899 -0.933306 -0.334467 0.130659 181.141 0 0 0 1 
Seq_Frame0148_DriverToReference-SequenceTransformStatus = OK
Seq_Frame0148_Timestamp = 15.97
Seq_Frame0149_DriverToReference-SequenceTransform =0.0449761 0.252119 0.96665 -60.7811 -0.356255 0.908057 -0.220261 292.899 -0.933306 -0.334467 0.130659 181.141 0 0 0 1 
Seq_Frame0149_DriverToReference-SequenceTransformStatus = OK
Seq_Frame0149_Timestamp = 16.075
Seq_Frame0150_DriverToReference-SequenceTransform =0.0449761 0.252119 0.96665 -60.7811 -0.356255 0.908057 -0.220261 292.899 -0.933306 -0.334467 0.130659 181.141 0 0 0 1 
Seq_Frame0150_DriverToReference-SequenceTransformStatus = OK
Seq_Frame0150_Timestamp = 16.185
Seq_Frame0151_DriverToReference-SequenceTransform =0.0449761 0.252119 0.96665 -60.7811 -0.356255 0.908057 -0.220261 292.899 -0.933306 -0.334467 0.130659 181.141 0 0 0 1 
Seq_Frame0151_DriverToReference-SequenceTransformStatus = OK
