ObjectType = Image
NDims = 3
AnatomicalOrientation = RAI
BinaryData = True
CompressedData = False
DimSize = 0 0 1902
ElementSpacing = 1 1 1
Offset = 0 0 0
TransformMatrix = 1 0 0 0 1 0 0 0 1
ElementType = MET_UCHAR
Kinds = domain domain list
Seq_Frame0000_DriverToReference-SequenceTransform =0.13378 -0.988752 0.0668812 -58.7618 -0.536555 -0.0155254 0.843723 108.397 -0.833194 -0.148758 -0.532596 160.571 0 0 0 1 
Seq_Frame0000_DriverToReference-SequenceTransformStatus = OK
Seq_Frame0000_Timestamp = 0.0180001
Seq_Frame0001_DriverToReference-SequenceTransform =0.13378 -0.988752 0.0668812 -58.7618 -0.536555 -0.0155254 0.843723 108.397 -0.833194 -0.148758 -0.532596 160.571 0 0 0 1 
Seq_Frame0001_DriverToReference-SequenceTransformStatus = OK
Seq_Frame0001_Timestamp = 0.131
Seq_Frame0002_DriverToReference-SequenceTransform =0.13378 -0.988752 0.0668812 -58.7618 -0.536555 -0.0155254 0.843723 108.397 -0.833194 -0.148758 -0.532596 160.571 0 0 0 1 
Seq_Frame0002_DriverToReference-SequenceTransformStatus = OK
Seq_Frame0002_Timestamp = 0.234
Seq_Frame0003_DriverToReference-SequenceTransform =0.13378 -0.988752 0.0668812 -58.7618 -0.536555 -0.0155254 0.843723 108.397 -0.833194 -0.148758 -0.532596 160.571 0 0 0 1 
Seq_Frame0003_DriverToReference-SequenceTransformStatus = OK
Seq_Frame0003_Timestamp = 0.335
Seq_Frame0004_DriverToReference-SequenceTransform =0.13378 -0.988752 0.0668812 -58.7618 -0.536555 -0.0155254 0.843723 108.397 -0.833194 -0.148758 -0.532596 160.571 0 0 0 1 
Seq_Frame0004_DriverToReference-SequenceTransformStatus = OK
Seq_Frame0004_Timestamp = 0.444
Seq_Frame0005_DriverToReference-SequenceTransform =0.13378 -0.988752 0.0668812 -58.7618 -0.536555 -0.0155254 0.843723 108.397 -0.833194 -0.148758 -0.532596 160.571 0 0 0 1 
Seq_Frame0005_DriverToReference-SequenceTransformStatus = OK
Seq_Frame0005_Timestamp = 0.55
Seq_Frame0006_DriverToReference-SequenceTransform =0.13378 -0.988752 0.0668812 -58.7618 -0.536555 -0.0155254 0.843723 108.397 -0.833194 -0.148758 -0.532596 160.571 0 0 0 1 
Seq_Frame0006_DriverToReference-SequenceTransformStatus = OK
Seq_Frame0006_Timestamp = 0.659
Seq_Frame0007_DriverToReference-SequenceTransform =0.13378 -0.988752 0.0668812 -58.7618 -0.536555 -0.0155254 0.843723 108.397 -0.833194 -0.148758 -0.532596 160.571 0 0 0 1 
Seq_Frame0007_DriverToReference-SequenceTransformStatus = OK
Seq_Frame0007_Timestamp = 0.76
Seq_Frame0008_DriverToReference-SequenceTransform =0.13378 -0.988752 0.0668812 -58.7618 -0.536555 -0.0155254 0.843723 108.397 -0.833194 -0.148758 -0.532596 160.571 0 0 0 1 
Seq_Frame0008_DriverToReference-SequenceTransformStatus = OK
Seq_Frame0008_Timestamp = 0.865
Seq_Frame0009_DriverToReference-SequenceTransform =0.13378 -0.988752 0.0668812 -58.7618 -0.536555 -0.0155254 0.843723 108.397 -0.833194 -0.148758 -0.532596 160.571 0 0 0 1 
Seq_Frame0009_DriverToReference-SequenceTransformStatus = OK
Seq_Frame0009_Timestamp = 0.979
Seq_Frame0010_DriverToReference-SequenceTransform =0.13378 -0.988752 0.0668812 -58.7618 -0.536555 -0.0155254 0.843723 108.397 -0.833194 -0.148758 -0.532596 160.571 0 0 0 1 
Seq_Frame0010_DriverToReference-SequenceTransformStatus = OK
Seq_Frame0010_Timestamp = 1.085
Seq_Frame0011_DriverToReference-SequenceTransform =0.0756362 -0.982043 -0.172833 -64.5635 -0.956353 -0.120508 0.266208 156.411 -0.282256 0.145154 -0.948294 127.675 0 0 0 1 
Seq_Frame0011_DriverToReference-SequenceTransformStatus = OK
Seq_Frame0011_Timestamp = 1.195
Seq_Frame0012_DriverToReference-SequenceTransform =0.249793 -0.882618 -0.398232 -67.7394 -0.942645 -0.127617 -0.308437 193.633 0.221411 0.452437 -0.863874 111.44 0 0 0 1 
Seq_Frame0012_DriverToReference-SequenceTransformStatus = OK
Seq_Frame0012_Timestamp = 1.296
Seq_Frame0013_DriverToReference-SequenceTransform =0.485293 -0.775976 -0.402928 -63.6671 -0.740041 -0.11911 -0.661931 213.404 0.46565 0.619414 -0.632058 110.926 0 0 0 1 
Seq_Frame0013_DriverToReference-SequenceTransformStatus = OK
Seq_Frame0013_Timestamp = 1.399
Seq_Frame0014_DriverToReference-SequenceTransform =0.454409 -0.629844 -0.629928 -58.5271 -0.803238 0.0160166 -0.595443 213.208 0.385125 0.776557 -0.498636 113.029 0 0 0 1 
Seq_Frame0014_DriverToReference-SequenceTransformStatus = OK
Seq_Frame0014_Timestamp = 1.504
Seq_Frame0015_DriverToReference-SequenceTransform =0.548611 -0.705104 -0.449283 -48.2623 -0.686173 -0.0726864 -0.723798 214.574 0.477696 0.705369 -0.523699 110.543 0 0 0 1 
Seq_Frame0015_DriverToReference-SequenceTransformStatus = OK
Seq_Frame0015_Timestamp = 1.609
Seq_Frame0016_DriverToReference-SequenceTransform =0.574374 -0.71558 -0.397542 -42.8302 -0.664655 -0.12419 -0.736757 216.888 0.477838 0.687402 -0.546945 104.461 0 0 0 1 
Seq_Frame0016_DriverToReference-SequenceTransformStatus = OK
Seq_Frame0016_Timestamp = 1.724
Seq_Frame0017_DriverToReference-SequenceTransform =0.559 -0.661096 -0.50047 -42.3459 -0.736464 -0.118539 -0.66601 221.432 0.380971 0.740878 -0.553137 105.881 0 0 0 1 
Seq_Frame0017_DriverToReference-SequenceTransformStatus = OK
Seq_Frame0017_Timestamp = 1.825
Seq_Frame0018_DriverToReference-SequenceTransform =0.600827 -0.590077 -0.539274 -42.8229 -0.726782 -0.122326 -0.675888 225.295 0.332859 0.798026 -0.502353 110.324 0 0 0 1 
Seq_Frame0018_DriverToReference-SequenceTransformStatus = OK
Seq_Frame0018_Timestamp = 1.925
Seq_Frame0019_DriverToReference-SequenceTransform =0.61939 -0.591847 -0.515824 -38.9317 -0.727455 -0.185577 -0.660584 234.229 0.295239 0.784397 -0.545486 116.598 0 0 0 1 
Seq_Frame0019_DriverToReference-SequenceTransformStatus = OK
Seq_Frame0019_Timestamp = 2.033
Seq_Frame0020_DriverToReference-SequenceTransform =0.593352 -0.614648 -0.519752 -35.0189 -0.776172 -0.265793 -0.571762 239.372 0.213286 0.742673 -0.634781 120.797 0 0 0 1 
Seq_Frame0020_DriverToReference-SequenceTransformStatus = OK
Seq_Frame0020_Timestamp = 2.135
Seq_Frame0021_DriverToReference-SequenceTransform =0.471822 -0.663647 -0.58048 -20.8353 -0.861847 -0.20824 -0.462446 234.291 0.186022 0.718477 -0.670214 120.753 0 0 0 1 
Seq_Frame0021_DriverToReference-SequenceTransformStatus = OK
Seq_Frame0021_Timestamp = 2.236
Seq_Frame0022_DriverToReference-SequenceTransform =0.255056 -0.592493 -0.764132 -1.55681 -0.954828 -0.0297104 -0.295671 237.158 0.15248 0.805027 -0.573307 122.627 0 0 0 1 
Seq_Frame0022_DriverToReference-SequenceTransformStatus = OK
Seq_Frame0022_Timestamp = 2.336
Seq_Frame0023_DriverToReference-SequenceTransform =0.175762 -0.714693 -0.676994 23.8222 -0.982044 -0.175169 -0.0700356 252.021 -0.0685345 0.677148 -0.732649 128.376 0 0 0 1 
Seq_Frame0023_DriverToReference-SequenceTransformStatus = OK
Seq_Frame0023_Timestamp = 2.439
Seq_Frame0024_DriverToReference-SequenceTransform =0.0238085 -0.704249 -0.709554 41.681 -0.992986 0.0655617 -0.0983903 253.7 0.115811 0.70692 -0.697748 115.167 0 0 0 1 
Seq_Frame0024_DriverToReference-SequenceTransformStatus = OK
Seq_Frame0024_Timestamp = 2.54
Seq_Frame0025_DriverToReference-SequenceTransform =-0.0172405 -0.614331 -0.78886 40.4646 -0.972604 0.19324 -0.129231 249.878 0.23183 0.76502 -0.600833 116.19 0 0 0 1 
Seq_Frame0025_DriverToReference-SequenceTransformStatus = OK
Seq_Frame0025_Timestamp = 2.644
Seq_Frame0026_DriverToReference-SequenceTransform =-0.0915233 -0.615031 -0.783174 41.6032 -0.9796 0.196906 -0.0401531 246.431 0.178907 0.763522 -0.620505 122.713 0 0 0 1 
Seq_Frame0026_DriverToReference-SequenceTransformStatus = OK
Seq_Frame0026_Timestamp = 2.746
Seq_Frame0027_DriverToReference-SequenceTransform =-0.126366 -0.635521 -0.761673 44.8391 -0.987131 0.156416 0.0332615 250.689 0.0979991 0.756074 -0.647108 129.111 0 0 0 1 
Seq_Frame0027_DriverToReference-SequenceTransformStatus = OK
Seq_Frame0027_Timestamp = 2.849
Seq_Frame0028_DriverToReference-SequenceTransform =-0.144281 -0.647854 -0.747976 47.2591 -0.98806 0.135604 0.0731394 254.78 0.0540449 0.749597 -0.659684 140.11 0 0 0 1 
Seq_Frame0028_DriverToReference-SequenceTransformStatus = OK
Seq_Frame0028_Timestamp = 2.95
Seq_Frame0029_DriverToReference-SequenceTransform =-0.177788 -0.631216 -0.754955 48.7601 -0.983361 0.143041 0.11198 260.592 0.0373058 0.762303 -0.646145 148.397 0 0 0 1 
Seq_Frame0029_DriverToReference-SequenceTransformStatus = OK
Seq_Frame0029_Timestamp = 3.05
Seq_Frame0030_DriverToReference-SequenceTransform =-0.285931 -0.576662 -0.765313 51.6772 -0.953219 0.252902 0.165574 262.05 0.0980693 0.776854 -0.621998 158.435 0 0 0 1 
Seq_Frame0030_DriverToReference-SequenceTransformStatus = OK
Seq_Frame0030_Timestamp = 3.156
Seq_Frame0031_DriverToReference-SequenceTransform =-0.382131 -0.720455 -0.578723 64.8012 -0.923675 0.316958 0.215321 256.671 0.028302 0.616833 -0.786585 170.94 0 0 0 1 
Seq_Frame0031_DriverToReference-SequenceTransformStatus = OK
Seq_Frame0031_Timestamp = 3.26
Seq_Frame0032_DriverToReference-SequenceTransform =-0.380187 -0.73605 -0.560079 66.4309 -0.923626 0.33403 0.187986 263.54 0.0487161 0.588774 -0.806829 174.449 0 0 0 1 
Seq_Frame0032_DriverToReference-SequenceTransformStatus = OK
Seq_Frame0032_Timestamp = 3.369
Seq_Frame0033_DriverToReference-SequenceTransform =-0.354649 -0.694283 -0.626255 56.8142 -0.927655 0.345065 0.142783 263.007 0.116967 0.631586 -0.766432 177.989 0 0 0 1 
Seq_Frame0033_DriverToReference-SequenceTransformStatus = OK
Seq_Frame0033_Timestamp = 3.474
Seq_Frame0034_DriverToReference-SequenceTransform =-0.49327 -0.535231 -0.68572 56.0774 -0.795755 0.59606 0.107176 265.051 0.351367 0.598532 -0.719931 167.898 0 0 0 1 
Seq_Frame0034_DriverToReference-SequenceTransformStatus = OK
Seq_Frame0034_Timestamp = 3.586
Seq_Frame0035_DriverToReference-SequenceTransform =-0.456835 -0.521214 -0.720859 44.0792 -0.816429 0.567421 0.107131 269.18 0.353192 0.637472 -0.684752 159.1 0 0 0 1 
Seq_Frame0035_DriverToReference-SequenceTransformStatus = OK
Seq_Frame0035_Timestamp = 3.695
Seq_Frame0036_DriverToReference-SequenceTransform =-0.41437 -0.501818 -0.75926 33.7343 -0.833965 0.543404 0.0959886 274.064 0.364416 0.672971 -0.64367 156.156 0 0 0 1 
Seq_Frame0036_DriverToReference-SequenceTransformStatus = OK
Seq_Frame0036_Timestamp = 3.796
Seq_Frame0037_DriverToReference-SequenceTransform =-0.414492 -0.512288 -0.752169 25.0488 -0.85862 0.494062 0.136656 274.308 0.301611 0.702469 -0.644645 159.364 0 0 0 1 
Seq_Frame0037_DriverToReference-SequenceTransformStatus = OK
Seq_Frame0037_Timestamp = 3.9
Seq_Frame0038_DriverToReference-SequenceTransform =-0.370178 -0.53386 -0.760238 14.7479 -0.872948 0.479784 0.0881421 276.221 0.317694 0.696276 -0.643638 168.065 0 0 0 1 
Seq_Frame0038_DriverToReference-SequenceTransformStatus = OK
Seq_Frame0038_Timestamp = 4.009
Seq_Frame0039_DriverToReference-SequenceTransform =-0.365834 -0.531917 -0.763694 7.76905 -0.869807 0.487307 0.0772536 276.602 0.331061 0.692528 -0.640939 178.699 0 0 0 1 
Seq_Frame0039_DriverToReference-SequenceTransformStatus = OK
Seq_Frame0039_Timestamp = 4.115
Seq_Frame0040_DriverToReference-SequenceTransform =-0.39579 -0.501577 -0.769267 0.248993 -0.837223 0.541297 0.0778178 278.994 0.37737 0.674847 -0.634171 188.389 0 0 0 1 
Seq_Frame0040_DriverToReference-SequenceTransformStatus = OK
Seq_Frame0040_Timestamp = 4.215
Seq_Frame0041_DriverToReference-SequenceTransform =-0.4187 -0.438387 -0.795303 -14.2646 -0.784972 0.61507 0.0742217 281.252 0.456629 0.655367 -0.601651 198.469 0 0 0 1 
Seq_Frame0041_DriverToReference-SequenceTransformStatus = OK
Seq_Frame0041_Timestamp = 4.316
Seq_Frame0042_DriverToReference-SequenceTransform =-0.335025 -0.377014 -0.863492 -32.9571 -0.763045 0.646195 0.0139133 275.538 0.552739 0.663545 -0.50417 208.165 0 0 0 1 
Seq_Frame0042_DriverToReference-SequenceTransformStatus = OK
Seq_Frame0042_Timestamp = 4.417
Seq_Frame0043_DriverToReference-SequenceTransform =-0.214338 -0.347826 -0.91273 -42.8303 -0.746679 0.660775 -0.0764667 270.893 0.629706 0.665127 -0.401344 213.174 0 0 0 1 
Seq_Frame0043_DriverToReference-SequenceTransformStatus = OK
Seq_Frame0043_Timestamp = 4.519
Seq_Frame0044_DriverToReference-SequenceTransform =-0.214338 -0.347826 -0.91273 -42.8303 -0.746679 0.660775 -0.0764667 270.893 0.629706 0.665127 -0.401344 213.174 0 0 0 1 
Seq_Frame0044_DriverToReference-SequenceTransformStatus = OK
Seq_Frame0044_Timestamp = 4.624
Seq_Frame0045_DriverToReference-SequenceTransform =-0.214338 -0.347826 -0.91273 -42.8303 -0.746679 0.660775 -0.0764667 270.893 0.629706 0.665127 -0.401344 213.174 0 0 0 1 
Seq_Frame0045_DriverToReference-SequenceTransformStatus = OK
Seq_Frame0045_Timestamp = 4.724
Seq_Frame0046_DriverToReference-SequenceTransform =-0.192254 -0.342771 -0.919536 -36.6945 -0.783777 0.617492 -0.0663094 269.962 0.590535 0.707963 -0.387371 223.929 0 0 0 1 
Seq_Frame0046_DriverToReference-SequenceTransformStatus = OK
Seq_Frame0046_Timestamp = 4.829
Seq_Frame0047_DriverToReference-SequenceTransform =-0.192254 -0.342771 -0.919536 -36.6945 -0.783777 0.617492 -0.0663094 269.962 0.590535 0.707963 -0.387371 223.929 0 0 0 1 
Seq_Frame0047_DriverToReference-SequenceTransformStatus = OK
Seq_Frame0047_Timestamp = 4.935
Seq_Frame0048_DriverToReference-SequenceTransform =-0.263536 -0.448376 -0.854112 -23.945 -0.768915 0.632301 -0.0946853 280.231 0.582511 0.631786 -0.511397 235.326 0 0 0 1 
Seq_Frame0048_DriverToReference-SequenceTransformStatus = OK
Seq_Frame0048_Timestamp = 5.044
Seq_Frame0049_DriverToReference-SequenceTransform =-0.284569 -0.511674 -0.810685 -21.0645 -0.781608 0.613478 -0.112842 279.936 0.555076 0.601526 -0.574506 233.174 0 0 0 1 
Seq_Frame0049_DriverToReference-SequenceTransformStatus = OK
Seq_Frame0049_Timestamp = 5.15
Seq_Frame0050_DriverToReference-SequenceTransform =-0.306247 -0.518448 -0.798388 -19.9595 -0.786696 0.61008 -0.094405 279.096 0.536025 0.599177 -0.594696 232.6 0 0 0 1 
Seq_Frame0050_DriverToReference-SequenceTransformStatus = OK
Seq_Frame0050_Timestamp = 5.254
Seq_Frame0051_DriverToReference-SequenceTransform =-0.340858 -0.513735 -0.787332 -18.5448 -0.774232 0.628457 -0.074883 284.532 0.533274 0.584053 -0.611964 234.164 0 0 0 1 
Seq_Frame0051_DriverToReference-SequenceTransformStatus = OK
Seq_Frame0051_Timestamp = 5.355
Seq_Frame0052_DriverToReference-SequenceTransform =-0.34193 -0.484247 -0.80535 -22.8929 -0.768836 0.63694 -0.0565575 283.998 0.540348 0.599843 -0.590096 238.664 0 0 0 1 
Seq_Frame0052_DriverToReference-SequenceTransformStatus = OK
Seq_Frame0052_Timestamp = 5.455
Seq_Frame0053_DriverToReference-SequenceTransform =-0.402377 -0.472368 -0.784195 -28.5842 -0.738799 0.673403 -0.0265467 281.863 0.540619 0.568681 -0.619946 241.313 0 0 0 1 
Seq_Frame0053_DriverToReference-SequenceTransformStatus = OK
Seq_Frame0053_Timestamp = 5.558
Seq_Frame0054_DriverToReference-SequenceTransform =-0.492433 -0.441672 -0.749957 -41.6103 -0.682236 0.730922 0.0175041 276.274 0.54043 0.520268 -0.661255 239.392 0 0 0 1 
Seq_Frame0054_DriverToReference-SequenceTransformStatus = OK
Seq_Frame0054_Timestamp = 5.66
Seq_Frame0055_DriverToReference-SequenceTransform =-0.647733 -0.399368 -0.648804 -42.0025 -0.587351 0.804156 0.0913878 263.077 0.485242 0.440271 -0.755448 235.537 0 0 0 1 
Seq_Frame0055_DriverToReference-SequenceTransformStatus = OK
Seq_Frame0055_Timestamp = 5.76
Seq_Frame0056_DriverToReference-SequenceTransform =-0.734814 -0.390059 -0.55489 -38.712 -0.543823 0.827724 0.13831 254.867 0.405346 0.403394 -0.820346 235.846 0 0 0 1 
Seq_Frame0056_DriverToReference-SequenceTransformStatus = OK
Seq_Frame0056_Timestamp = 5.861
Seq_Frame0057_DriverToReference-SequenceTransform =-0.70184 -0.430177 -0.567774 -36.5998 -0.577708 0.810048 0.100382 253.107 0.416742 0.39846 -0.817041 235.7 0 0 0 1 
Seq_Frame0057_DriverToReference-SequenceTransformStatus = OK
Seq_Frame0057_Timestamp = 5.969
Seq_Frame0058_DriverToReference-SequenceTransform =-0.695281 -0.453168 -0.557873 -37.333 -0.593426 0.799857 0.0898545 254.201 0.4055 0.393531 -0.825048 231.239 0 0 0 1 
Seq_Frame0058_DriverToReference-SequenceTransformStatus = OK
Seq_Frame0058_Timestamp = 6.075
Seq_Frame0059_DriverToReference-SequenceTransform =-0.668999 -0.433594 -0.603686 -38.8213 -0.57877 0.813489 0.0571043 252.012 0.466332 0.387598 -0.795174 227.995 0 0 0 1 
Seq_Frame0059_DriverToReference-SequenceTransformStatus = OK
Seq_Frame0059_Timestamp = 6.175
Seq_Frame0060_DriverToReference-SequenceTransform =-0.63573 -0.436121 -0.636903 -39.6443 -0.569859 0.82172 0.00613364 246.825 0.520681 0.366844 -0.770919 225.638 0 0 0 1 
Seq_Frame0060_DriverToReference-SequenceTransformStatus = OK
Seq_Frame0060_Timestamp = 6.284
Seq_Frame0061_DriverToReference-SequenceTransform =-0.620185 -0.435506 -0.652461 -36.3498 -0.5715 0.82059 -0.00449983 247.927 0.537362 0.370091 -0.757809 222.003 0 0 0 1 
Seq_Frame0061_DriverToReference-SequenceTransformStatus = OK
Seq_Frame0061_Timestamp = 6.389
Seq_Frame0062_DriverToReference-SequenceTransform =-0.613585 -0.44213 -0.654244 -34.0387 -0.56597 0.824014 -0.0260612 249.207 0.550628 0.354292 -0.755835 218.852 0 0 0 1 
Seq_Frame0062_DriverToReference-SequenceTransformStatus = OK
Seq_Frame0062_Timestamp = 6.494
Seq_Frame0063_DriverToReference-SequenceTransform =-0.634137 -0.458155 -0.622868 -32.7287 -0.554207 0.831048 -0.0470496 251.446 0.53919 0.315362 -0.780911 216.478 0 0 0 1 
Seq_Frame0063_DriverToReference-SequenceTransformStatus = OK
Seq_Frame0063_Timestamp = 6.6
Seq_Frame0064_DriverToReference-SequenceTransform =-0.570695 -0.350416 -0.742641 -31.808 -0.631851 0.765012 0.124585 252.352 0.524473 0.540338 -0.657999 210.786 0 0 0 1 
Seq_Frame0064_DriverToReference-SequenceTransformStatus = OK
Seq_Frame0064_Timestamp = 6.709
Seq_Frame0065_DriverToReference-SequenceTransform =-0.570695 -0.350416 -0.742641 -31.808 -0.631851 0.765012 0.124585 252.352 0.524473 0.540338 -0.657999 210.786 0 0 0 1 
Seq_Frame0065_DriverToReference-SequenceTransformStatus = OK
Seq_Frame0065_Timestamp = 6.815
Seq_Frame0066_DriverToReference-SequenceTransform =-0.570695 -0.350416 -0.742641 -31.808 -0.631851 0.765012 0.124585 252.352 0.524473 0.540338 -0.657999 210.786 0 0 0 1 
Seq_Frame0066_DriverToReference-SequenceTransformStatus = OK
Seq_Frame0066_Timestamp = 6.919
Seq_Frame0067_DriverToReference-SequenceTransform =-0.570695 -0.350416 -0.742641 -31.808 -0.631851 0.765012 0.124585 252.352 0.524473 0.540338 -0.657999 210.786 0 0 0 1 
Seq_Frame0067_DriverToReference-SequenceTransformStatus = OK
Seq_Frame0067_Timestamp = 7.024
Seq_Frame0068_DriverToReference-SequenceTransform =-0.610823 -0.456594 -0.646852 -29.8749 -0.590711 0.806798 -0.0116862 247.53 0.527215 0.374965 -0.762526 219.725 0 0 0 1 
Seq_Frame0068_DriverToReference-SequenceTransformStatus = OK
Seq_Frame0068_Timestamp = 7.134
Seq_Frame0069_DriverToReference-SequenceTransform =-0.589229 -0.442711 -0.675881 -32.5419 -0.562809 0.825086 -0.0497896 246.111 0.579703 0.351054 -0.735327 220.057 0 0 0 1 
Seq_Frame0069_DriverToReference-SequenceTransformStatus = OK
Seq_Frame0069_Timestamp = 7.234
Seq_Frame0070_DriverToReference-SequenceTransform =-0.547669 -0.423032 -0.721875 -34.0963 -0.576632 0.815989 -0.0407078 246.344 0.606263 0.393962 -0.690826 216.986 0 0 0 1 
Seq_Frame0070_DriverToReference-SequenceTransformStatus = OK
Seq_Frame0070_Timestamp = 7.34
Seq_Frame0071_DriverToReference-SequenceTransform =-0.542907 -0.407004 -0.734575 -33.9437 -0.588173 0.808625 -0.0133285 246.421 0.59942 0.424821 -0.678397 215.611 0 0 0 1 
Seq_Frame0071_DriverToReference-SequenceTransformStatus = OK
Seq_Frame0071_Timestamp = 7.549
Seq_Frame0072_DriverToReference-SequenceTransform =0.704935 -0.4664 0.534357 -28.8895 -0.180023 -0.846372 -0.501244 258.7 0.686045 0.257148 -0.680601 128.629 0 0 0 1 
Seq_Frame0072_DriverToReference-SequenceTransformStatus = OK
Seq_Frame0072_Timestamp = 7.649
Seq_Frame0073_DriverToReference-SequenceTransform =0.704935 -0.4664 0.534357 -28.8895 -0.180023 -0.846372 -0.501244 258.7 0.686045 0.257148 -0.680601 128.629 0 0 0 1 
Seq_Frame0073_DriverToReference-SequenceTransformStatus = OK
Seq_Frame0073_Timestamp = 7.75
Seq_Frame0074_DriverToReference-SequenceTransform =0.704935 -0.4664 0.534357 -28.8895 -0.180023 -0.846372 -0.501244 258.7 0.686045 0.257148 -0.680601 128.629 0 0 0 1 
Seq_Frame0074_DriverToReference-SequenceTransformStatus = OK
Seq_Frame0074_Timestamp = 7.85
Seq_Frame0075_DriverToReference-SequenceTransform =0.704935 -0.4664 0.534357 -28.8895 -0.180023 -0.846372 -0.501244 258.7 0.686045 0.257148 -0.680601 128.629 0 0 0 1 
Seq_Frame0075_DriverToReference-SequenceTransformStatus = OK
Seq_Frame0075_Timestamp = 7.951
Seq_Frame0076_DriverToReference-SequenceTransform =0.704935 -0.4664 0.534357 -28.8895 -0.180023 -0.846372 -0.501244 258.7 0.686045 0.257148 -0.680601 128.629 0 0 0 1 
Seq_Frame0076_DriverToReference-SequenceTransformStatus = OK
Seq_Frame0076_Timestamp = 8.054
Seq_Frame0077_DriverToReference-SequenceTransform =0.704935 -0.4664 0.534357 -28.8895 -0.180023 -0.846372 -0.501244 258.7 0.686045 0.257148 -0.680601 128.629 0 0 0 1 
Seq_Frame0077_DriverToReference-SequenceTransformStatus = OK
Seq_Frame0077_Timestamp = 8.16
Seq_Frame0078_DriverToReference-SequenceTransform =-0.541299 -0.447839 -0.711643 -34.2528 -0.671416 0.739701 0.0452051 289.629 0.506158 0.502278 -0.701086 165.056 0 0 0 1 
Seq_Frame0078_DriverToReference-SequenceTransformStatus = OK
Seq_Frame0078_Timestamp = 8.26
Seq_Frame0079_DriverToReference-SequenceTransform =-0.572229 -0.413712 -0.708094 -33.6037 -0.628991 0.775447 0.0552405 284.05 0.526236 0.476995 -0.703954 167.278 0 0 0 1 
Seq_Frame0079_DriverToReference-SequenceTransformStatus = OK
Seq_Frame0079_Timestamp = 8.364
Seq_Frame0080_DriverToReference-SequenceTransform =-0.531335 -0.442943 -0.722138 -41.779 -0.671513 0.739899 0.0402485 282.502 0.516482 0.50631 -0.690577 165.818 0 0 0 1 
Seq_Frame0080_DriverToReference-SequenceTransformStatus = OK
Seq_Frame0080_Timestamp = 8.464
Seq_Frame0081_DriverToReference-SequenceTransform =-0.448756 -0.464776 -0.763283 -44.9287 -0.694486 0.718903 -0.0294439 280.608 0.562412 0.516877 -0.645393 166.947 0 0 0 1 
Seq_Frame0081_DriverToReference-SequenceTransformStatus = OK
Seq_Frame0081_Timestamp = 8.566
Seq_Frame0082_DriverToReference-SequenceTransform =-0.448756 -0.464776 -0.763283 -44.9287 -0.694486 0.718903 -0.0294439 280.608 0.562412 0.516877 -0.645393 166.947 0 0 0 1 
Seq_Frame0082_DriverToReference-SequenceTransformStatus = OK
Seq_Frame0082_Timestamp = 8.674
Seq_Frame0083_DriverToReference-SequenceTransform =-0.448756 -0.464776 -0.763283 -44.9287 -0.694486 0.718903 -0.0294439 280.608 0.562412 0.516877 -0.645393 166.947 0 0 0 1 
Seq_Frame0083_DriverToReference-SequenceTransformStatus = OK
Seq_Frame0083_Timestamp = 8.774
Seq_Frame0084_DriverToReference-SequenceTransform =-0.448756 -0.464776 -0.763283 -44.9287 -0.694486 0.718903 -0.0294439 280.608 0.562412 0.516877 -0.645393 166.947 0 0 0 1 
Seq_Frame0084_DriverToReference-SequenceTransformStatus = OK
Seq_Frame0084_Timestamp = 8.875
Seq_Frame0085_DriverToReference-SequenceTransform =-0.448756 -0.464776 -0.763283 -44.9287 -0.694486 0.718903 -0.0294439 280.608 0.562412 0.516877 -0.645393 166.947 0 0 0 1 
Seq_Frame0085_DriverToReference-SequenceTransformStatus = OK
Seq_Frame0085_Timestamp = 8.983
Seq_Frame0086_DriverToReference-SequenceTransform =-0.448756 -0.464776 -0.763283 -44.9287 -0.694486 0.718903 -0.0294439 280.608 0.562412 0.516877 -0.645393 166.947 0 0 0 1 
Seq_Frame0086_DriverToReference-SequenceTransformStatus = OK
Seq_Frame0086_Timestamp = 9.085
Seq_Frame0087_DriverToReference-SequenceTransform =-0.448756 -0.464776 -0.763283 -44.9287 -0.694486 0.718903 -0.0294439 280.608 0.562412 0.516877 -0.645393 166.947 0 0 0 1 
Seq_Frame0087_DriverToReference-SequenceTransformStatus = OK
Seq_Frame0087_Timestamp = 9.186
Seq_Frame0088_DriverToReference-SequenceTransform =-0.448756 -0.464776 -0.763283 -44.9287 -0.694486 0.718903 -0.0294439 280.608 0.562412 0.516877 -0.645393 166.947 0 0 0 1 
Seq_Frame0088_DriverToReference-SequenceTransformStatus = OK
Seq_Frame0088_Timestamp = 9.295
Seq_Frame0089_DriverToReference-SequenceTransform =-0.448756 -0.464776 -0.763283 -44.9287 -0.694486 0.718903 -0.0294439 280.608 0.562412 0.516877 -0.645393 166.947 0 0 0 1 
Seq_Frame0089_DriverToReference-SequenceTransformStatus = OK
Seq_Frame0089_Timestamp = 9.399
Seq_Frame0090_DriverToReference-SequenceTransform =-0.448756 -0.464776 -0.763283 -44.9287 -0.694486 0.718903 -0.0294439 280.608 0.562412 0.516877 -0.645393 166.947 0 0 0 1 
Seq_Frame0090_DriverToReference-SequenceTransformStatus = OK
Seq_Frame0090_Timestamp = 9.509
Seq_Frame0091_DriverToReference-SequenceTransform =-0.448756 -0.464776 -0.763283 -44.9287 -0.694486 0.718903 -0.0294439 280.608 0.562412 0.516877 -0.645393 166.947 0 0 0 1 
Seq_Frame0091_DriverToReference-SequenceTransformStatus = OK
Seq_Frame0091_Timestamp = 9.609
Seq_Frame0092_DriverToReference-SequenceTransform =-0.448756 -0.464776 -0.763283 -44.9287 -0.694486 0.718903 -0.0294439 280.608 0.562412 0.516877 -0.645393 166.947 0 0 0 1 
Seq_Frame0092_DriverToReference-SequenceTransformStatus = OK
Seq_Frame0092_Timestamp = 9.71
Seq_Frame0093_DriverToReference-SequenceTransform =-0.448756 -0.464776 -0.763283 -44.9287 -0.694486 0.718903 -0.0294439 280.608 0.562412 0.516877 -0.645393 166.947 0 0 0 1 
Seq_Frame0093_DriverToReference-SequenceTransformStatus = OK
Seq_Frame0093_Timestamp = 9.814
Seq_Frame0094_DriverToReference-SequenceTransform =-0.448756 -0.464776 -0.763283 -44.9287 -0.694486 0.718903 -0.0294439 280.608 0.562412 0.516877 -0.645393 166.947 0 0 0 1 
Seq_Frame0094_DriverToReference-SequenceTransformStatus = OK
Seq_Frame0094_Timestamp = 9.916
Seq_Frame0095_DriverToReference-SequenceTransform =-0.448756 -0.464776 -0.763283 -44.9287 -0.694486 0.718903 -0.0294439 280.608 0.562412 0.516877 -0.645393 166.947 0 0 0 1 
Seq_Frame0095_DriverToReference-SequenceTransformStatus = OK
Seq_Frame0095_Timestamp = 10.029
Seq_Frame0096_DriverToReference-SequenceTransform =-0.448756 -0.464776 -0.763283 -44.9287 -0.694486 0.718903 -0.0294439 280.608 0.562412 0.516877 -0.645393 166.947 0 0 0 1 
Seq_Frame0096_DriverToReference-SequenceTransformStatus = OK
Seq_Frame0096_Timestamp = 10.129
Seq_Frame0097_DriverToReference-SequenceTransform =-0.448756 -0.464776 -0.763283 -44.9287 -0.694486 0.718903 -0.0294439 280.608 0.562412 0.516877 -0.645393 166.947 0 0 0 1 
Seq_Frame0097_DriverToReference-SequenceTransformStatus = OK
Seq_Frame0097_Timestamp = 10.234
Seq_Frame0098_DriverToReference-SequenceTransform =0.826765 -0.244447 -0.506661 -42.2587 -0.396442 0.385815 -0.833055 227.248 0.399115 0.889602 0.22207 230.634 0 0 0 1 
Seq_Frame0098_DriverToReference-SequenceTransformStatus = OK
Seq_Frame0098_Timestamp = 10.335
Seq_Frame0099_DriverToReference-SequenceTransform =0.855119 -0.226012 -0.466573 -38.2193 -0.361277 0.385674 -0.848961 224.569 0.37182 0.894525 0.248144 234.54 0 0 0 1 
Seq_Frame0099_DriverToReference-SequenceTransformStatus = OK
Seq_Frame0099_Timestamp = 10.444
Seq_Frame0100_DriverToReference-SequenceTransform =0.855119 -0.226012 -0.466573 -38.2193 -0.361277 0.385674 -0.848961 224.569 0.37182 0.894525 0.248144 234.54 0 0 0 1 
Seq_Frame0100_DriverToReference-SequenceTransformStatus = OK
Seq_Frame0100_Timestamp = 10.55
Seq_Frame0101_DriverToReference-SequenceTransform =0.855119 -0.226012 -0.466573 -38.2193 -0.361277 0.385674 -0.848961 224.569 0.37182 0.894525 0.248144 234.54 0 0 0 1 
Seq_Frame0101_DriverToReference-SequenceTransformStatus = OK
Seq_Frame0101_Timestamp = 29.029
Seq_Frame0102_DriverToReference-SequenceTransform =0.855119 -0.226012 -0.466573 -38.2193 -0.361277 0.385674 -0.848961 224.569 0.37182 0.894525 0.248144 234.54 0 0 0 1 
Seq_Frame0102_DriverToReference-SequenceTransformStatus = OK
Seq_Frame0102_Timestamp = 29.154
Seq_Frame0103_DriverToReference-SequenceTransform =0.855119 -0.226012 -0.466573 -38.2193 -0.361277 0.385674 -0.848961 224.569 0.37182 0.894525 0.248144 234.54 0 0 0 1 
Seq_Frame0103_DriverToReference-SequenceTransformStatus = OK
Seq_Frame0103_Timestamp = 29.74
Seq_Frame0104_DriverToReference-SequenceTransform =0.511012 -0.577866 -0.636347 169.939 -0.81024 -0.0766301 -0.581067 232.73 0.287016 0.812526 -0.507369 142.981 0 0 0 1 
Seq_Frame0104_DriverToReference-SequenceTransformStatus = OK
Seq_Frame0104_Timestamp = 29.849
Seq_Frame0105_DriverToReference-SequenceTransform =0.466413 -0.685635 -0.558895 178.593 -0.817024 -0.091765 -0.569255 239.449 0.339014 0.722139 -0.60298 154.922 0 0 0 1 
Seq_Frame0105_DriverToReference-SequenceTransformStatus = OK
Seq_Frame0105_Timestamp = 29.95
Seq_Frame0106_DriverToReference-SequenceTransform =0.525082 -0.644995 -0.555222 179.146 -0.794329 -0.137235 -0.591784 241.814 0.305502 0.751763 -0.584398 162.009 0 0 0 1 
Seq_Frame0106_DriverToReference-SequenceTransformStatus = OK
Seq_Frame0106_Timestamp = 30.05
Seq_Frame0107_DriverToReference-SequenceTransform =0.563601 -0.598857 -0.568968 177.193 -0.769198 -0.129368 -0.625778 242.537 0.301145 0.790338 -0.533551 163.035 0 0 0 1 
Seq_Frame0107_DriverToReference-SequenceTransformStatus = OK
Seq_Frame0107_Timestamp = 30.154
Seq_Frame0108_DriverToReference-SequenceTransform =0.56913 -0.559898 -0.602167 169.51 -0.772436 -0.113042 -0.624951 240.422 0.281839 0.820814 -0.496821 163.125 0 0 0 1 
Seq_Frame0108_DriverToReference-SequenceTransformStatus = OK
Seq_Frame0108_Timestamp = 30.259
Seq_Frame0109_DriverToReference-SequenceTransform =0.57571 -0.515446 -0.634724 162.649 -0.774934 -0.0963266 -0.624659 234.783 0.260837 0.851491 -0.454892 164.642 0 0 0 1 
Seq_Frame0109_DriverToReference-SequenceTransformStatus = OK
Seq_Frame0109_Timestamp = 30.364
Seq_Frame0110_DriverToReference-SequenceTransform =0.566807 -0.450773 -0.689589 143.478 -0.793723 -0.0745023 -0.603699 231.511 0.220756 0.889524 -0.400018 170.949 0 0 0 1 
Seq_Frame0110_DriverToReference-SequenceTransformStatus = OK
Seq_Frame0110_Timestamp = 30.464
Seq_Frame0111_DriverToReference-SequenceTransform =0.531454 -0.24399 -0.811188 117.345 -0.843321 -0.0621896 -0.5338 229.011 0.0797945 0.967782 -0.238813 180.541 0 0 0 1 
Seq_Frame0111_DriverToReference-SequenceTransformStatus = OK
Seq_Frame0111_Timestamp = 30.565
Seq_Frame0112_DriverToReference-SequenceTransform =0.531454 -0.24399 -0.811188 117.345 -0.843321 -0.0621896 -0.5338 229.011 0.0797945 0.967782 -0.238813 180.541 0 0 0 1 
Seq_Frame0112_DriverToReference-SequenceTransformStatus = OK
Seq_Frame0112_Timestamp = 30.704
Seq_Frame0113_DriverToReference-SequenceTransform =0.531454 -0.24399 -0.811188 117.345 -0.843321 -0.0621896 -0.5338 229.011 0.0797945 0.967782 -0.238813 180.541 0 0 0 1 
Seq_Frame0113_DriverToReference-SequenceTransformStatus = OK
Seq_Frame0113_Timestamp = 30.805
Seq_Frame0114_DriverToReference-SequenceTransform =0.531454 -0.24399 -0.811188 117.345 -0.843321 -0.0621896 -0.5338 229.011 0.0797945 0.967782 -0.238813 180.541 0 0 0 1 
Seq_Frame0114_DriverToReference-SequenceTransformStatus = OK
Seq_Frame0114_Timestamp = 30.905
Seq_Frame0115_DriverToReference-SequenceTransform =0.531454 -0.24399 -0.811188 117.345 -0.843321 -0.0621896 -0.5338 229.011 0.0797945 0.967782 -0.238813 180.541 0 0 0 1 
Seq_Frame0115_DriverToReference-SequenceTransformStatus = OK
Seq_Frame0115_Timestamp = 31.006
Seq_Frame0116_DriverToReference-SequenceTransform =0.531454 -0.24399 -0.811188 117.345 -0.843321 -0.0621896 -0.5338 229.011 0.0797945 0.967782 -0.238813 180.541 0 0 0 1 
Seq_Frame0116_DriverToReference-SequenceTransformStatus = OK
Seq_Frame0116_Timestamp = 31.114
Seq_Frame0117_DriverToReference-SequenceTransform =0.531454 -0.24399 -0.811188 117.345 -0.843321 -0.0621896 -0.5338 229.011 0.0797945 0.967782 -0.238813 180.541 0 0 0 1 
Seq_Frame0117_DriverToReference-SequenceTransformStatus = OK
Seq_Frame0117_Timestamp = 31.216
Seq_Frame0118_DriverToReference-SequenceTransform =0.531454 -0.24399 -0.811188 117.345 -0.843321 -0.0621896 -0.5338 229.011 0.0797945 0.967782 -0.238813 180.541 0 0 0 1 
Seq_Frame0118_DriverToReference-SequenceTransformStatus = OK
Seq_Frame0118_Timestamp = 31.324
Seq_Frame0119_DriverToReference-SequenceTransform =0.531454 -0.24399 -0.811188 117.345 -0.843321 -0.0621896 -0.5338 229.011 0.0797945 0.967782 -0.238813 180.541 0 0 0 1 
Seq_Frame0119_DriverToReference-SequenceTransformStatus = OK
Seq_Frame0119_Timestamp = 31.425
Seq_Frame0120_DriverToReference-SequenceTransform =0.531454 -0.24399 -0.811188 117.345 -0.843321 -0.0621896 -0.5338 229.011 0.0797945 0.967782 -0.238813 180.541 0 0 0 1 
Seq_Frame0120_DriverToReference-SequenceTransformStatus = OK
Seq_Frame0120_Timestamp = 31.53
Seq_Frame0121_DriverToReference-SequenceTransform =0.531454 -0.24399 -0.811188 117.345 -0.843321 -0.0621896 -0.5338 229.011 0.0797945 0.967782 -0.238813 180.541 0 0 0 1 
Seq_Frame0121_DriverToReference-SequenceTransformStatus = OK
Seq_Frame0121_Timestamp = 31.639
Seq_Frame0122_DriverToReference-SequenceTransform =0.531454 -0.24399 -0.811188 117.345 -0.843321 -0.0621896 -0.5338 229.011 0.0797945 0.967782 -0.238813 180.541 0 0 0 1 
Seq_Frame0122_DriverToReference-SequenceTransformStatus = OK
Seq_Frame0122_Timestamp = 31.74
Seq_Frame0123_DriverToReference-SequenceTransform =0.531454 -0.24399 -0.811188 117.345 -0.843321 -0.0621896 -0.5338 229.011 0.0797945 0.967782 -0.238813 180.541 0 0 0 1 
Seq_Frame0123_DriverToReference-SequenceTransformStatus = OK
Seq_Frame0123_Timestamp = 31.84
Seq_Frame0124_DriverToReference-SequenceTransform =0.531454 -0.24399 -0.811188 117.345 -0.843321 -0.0621896 -0.5338 229.011 0.0797945 0.967782 -0.238813 180.541 0 0 0 1 
Seq_Frame0124_DriverToReference-SequenceTransformStatus = OK
Seq_Frame0124_Timestamp = 31.946
Seq_Frame0125_DriverToReference-SequenceTransform =0.531454 -0.24399 -0.811188 117.345 -0.843321 -0.0621896 -0.5338 229.011 0.0797945 0.967782 -0.238813 180.541 0 0 0 1 
Seq_Frame0125_DriverToReference-SequenceTransformStatus = OK
Seq_Frame0125_Timestamp = 32.047
Seq_Frame0126_DriverToReference-SequenceTransform =0.531454 -0.24399 -0.811188 117.345 -0.843321 -0.0621896 -0.5338 229.011 0.0797945 0.967782 -0.238813 180.541 0 0 0 1 
Seq_Frame0126_DriverToReference-SequenceTransformStatus = OK
Seq_Frame0126_Timestamp = 32.154
Seq_Frame0127_DriverToReference-SequenceTransform =0.531454 -0.24399 -0.811188 117.345 -0.843321 -0.0621896 -0.5338 229.011 0.0797945 0.967782 -0.238813 180.541 0 0 0 1 
Seq_Frame0127_DriverToReference-SequenceTransformStatus = OK
Seq_Frame0127_Timestamp = 32.265
Seq_Frame0128_DriverToReference-SequenceTransform =0.531454 -0.24399 -0.811188 117.345 -0.843321 -0.0621896 -0.5338 229.011 0.0797945 0.967782 -0.238813 180.541 0 0 0 1 
Seq_Frame0128_DriverToReference-SequenceTransformStatus = OK
Seq_Frame0128_Timestamp = 32.374
Seq_Frame0129_DriverToReference-SequenceTransform =0.531454 -0.24399 -0.811188 117.345 -0.843321 -0.0621896 -0.5338 229.011 0.0797945 0.967782 -0.238813 180.541 0 0 0 1 
Seq_Frame0129_DriverToReference-SequenceTransformStatus = OK
Seq_Frame0129_Timestamp = 32.475
Seq_Frame0130_DriverToReference-SequenceTransform =0.531454 -0.24399 -0.811188 117.345 -0.843321 -0.0621896 -0.5338 229.011 0.0797945 0.967782 -0.238813 180.541 0 0 0 1 
Seq_Frame0130_DriverToReference-SequenceTransformStatus = OK
Seq_Frame0130_Timestamp = 32.579
Seq_Frame0131_DriverToReference-SequenceTransform =0.531454 -0.24399 -0.811188 117.345 -0.843321 -0.0621896 -0.5338 229.011 0.0797945 0.967782 -0.238813 180.541 0 0 0 1 
Seq_Frame0131_DriverToReference-SequenceTransformStatus = OK
Seq_Frame0131_Timestamp = 32.68
Seq_Frame0132_DriverToReference-SequenceTransform =0.531454 -0.24399 -0.811188 117.345 -0.843321 -0.0621896 -0.5338 229.011 0.0797945 0.967782 -0.238813 180.541 0 0 0 1 
Seq_Frame0132_DriverToReference-SequenceTransformStatus = OK
Seq_Frame0132_Timestamp = 32.784
Seq_Frame0133_DriverToReference-SequenceTransform =0.531454 -0.24399 -0.811188 117.345 -0.843321 -0.0621896 -0.5338 229.011 0.0797945 0.967782 -0.238813 180.541 0 0 0 1 
Seq_Frame0133_DriverToReference-SequenceTransformStatus = OK
Seq_Frame0133_Timestamp = 32.89
Seq_Frame0134_DriverToReference-SequenceTransform =0.531454 -0.24399 -0.811188 117.345 -0.843321 -0.0621896 -0.5338 229.011 0.0797945 0.967782 -0.238813 180.541 0 0 0 1 
Seq_Frame0134_DriverToReference-SequenceTransformStatus = OK
Seq_Frame0134_Timestamp = 32.994
Seq_Frame0135_DriverToReference-SequenceTransform =0.531454 -0.24399 -0.811188 117.345 -0.843321 -0.0621896 -0.5338 229.011 0.0797945 0.967782 -0.238813 180.541 0 0 0 1 
Seq_Frame0135_DriverToReference-SequenceTransformStatus = OK
Seq_Frame0135_Timestamp = 33.1
Seq_Frame0136_DriverToReference-SequenceTransform =0.531454 -0.24399 -0.811188 117.345 -0.843321 -0.0621896 -0.5338 229.011 0.0797945 0.967782 -0.238813 180.541 0 0 0 1 
Seq_Frame0136_DriverToReference-SequenceTransformStatus = OK
Seq_Frame0136_Timestamp = 33.729
Seq_Frame0137_DriverToReference-SequenceTransform =0.531454 -0.24399 -0.811188 117.345 -0.843321 -0.0621896 -0.5338 229.011 0.0797945 0.967782 -0.238813 180.541 0 0 0 1 
Seq_Frame0137_DriverToReference-SequenceTransformStatus = OK
Seq_Frame0137_Timestamp = 34.039
Seq_Frame0138_DriverToReference-SequenceTransform =0.531454 -0.24399 -0.811188 117.345 -0.843321 -0.0621896 -0.5338 229.011 0.0797945 0.967782 -0.238813 180.541 0 0 0 1 
Seq_Frame0138_DriverToReference-SequenceTransformStatus = OK
Seq_Frame0138_Timestamp = 34.153
Seq_Frame0139_DriverToReference-SequenceTransform =0.531454 -0.24399 -0.811188 117.345 -0.843321 -0.0621896 -0.5338 229.011 0.0797945 0.967782 -0.238813 180.541 0 0 0 1 
Seq_Frame0139_DriverToReference-SequenceTransformStatus = OK
Seq_Frame0139_Timestamp = 34.254
Seq_Frame0140_DriverToReference-SequenceTransform =0.531454 -0.24399 -0.811188 117.345 -0.843321 -0.0621896 -0.5338 229.011 0.0797945 0.967782 -0.238813 180.541 0 0 0 1 
Seq_Frame0140_DriverToReference-SequenceTransformStatus = OK
Seq_Frame0140_Timestamp = 34.366
Seq_Frame0141_DriverToReference-SequenceTransform =0.531454 -0.24399 -0.811188 117.345 -0.843321 -0.0621896 -0.5338 229.011 0.0797945 0.967782 -0.238813 180.541 0 0 0 1 
Seq_Frame0141_DriverToReference-SequenceTransformStatus = OK
Seq_Frame0141_Timestamp = 34.475
Seq_Frame0142_DriverToReference-SequenceTransform =0.531454 -0.24399 -0.811188 117.345 -0.843321 -0.0621896 -0.5338 229.011 0.0797945 0.967782 -0.238813 180.541 0 0 0 1 
Seq_Frame0142_DriverToReference-SequenceTransformStatus = OK
Seq_Frame0142_Timestamp = 34.579
Seq_Frame0143_DriverToReference-SequenceTransform =0.531454 -0.24399 -0.811188 117.345 -0.843321 -0.0621896 -0.5338 229.011 0.0797945 0.967782 -0.238813 180.541 0 0 0 1 
Seq_Frame0143_DriverToReference-SequenceTransformStatus = OK
Seq_Frame0143_Timestamp = 34.68
Seq_Frame0144_DriverToReference-SequenceTransform =0.531454 -0.24399 -0.811188 117.345 -0.843321 -0.0621896 -0.5338 229.011 0.0797945 0.967782 -0.238813 180.541 0 0 0 1 
Seq_Frame0144_DriverToReference-SequenceTransformStatus = OK
Seq_Frame0144_Timestamp = 34.78
Seq_Frame0145_DriverToReference-SequenceTransform =0.531454 -0.24399 -0.811188 117.345 -0.843321 -0.0621896 -0.5338 229.011 0.0797945 0.967782 -0.238813 180.541 0 0 0 1 
Seq_Frame0145_DriverToReference-SequenceTransformStatus = OK
Seq_Frame0145_Timestamp = 34.885
Seq_Frame0146_DriverToReference-SequenceTransform =0.531454 -0.24399 -0.811188 117.345 -0.843321 -0.0621896 -0.5338 229.011 0.0797945 0.967782 -0.238813 180.541 0 0 0 1 
Seq_Frame0146_DriverToReference-SequenceTransformStatus = OK
Seq_Frame0146_Timestamp = 34.989
Seq_Frame0147_DriverToReference-SequenceTransform =0.531454 -0.24399 -0.811188 117.345 -0.843321 -0.0621896 -0.5338 229.011 0.0797945 0.967782 -0.238813 180.541 0 0 0 1 
Seq_Frame0147_DriverToReference-SequenceTransformStatus = OK
Seq_Frame0147_Timestamp = 35.089
Seq_Frame0148_DriverToReference-SequenceTransform =0.531454 -0.24399 -0.811188 117.345 -0.843321 -0.0621896 -0.5338 229.011 0.0797945 0.967782 -0.238813 180.541 0 0 0 1 
Seq_Frame0148_DriverToReference-SequenceTransformStatus = OK
Seq_Frame0148_Timestamp = 35.19
Seq_Frame0149_DriverToReference-SequenceTransform =0.531454 -0.24399 -0.811188 117.345 -0.843321 -0.0621896 -0.5338 229.011 0.0797945 0.967782 -0.238813 180.541 0 0 0 1 
Seq_Frame0149_DriverToReference-SequenceTransformStatus = OK
Seq_Frame0149_Timestamp = 35.29
Seq_Frame0150_DriverToReference-SequenceTransform =0.531454 -0.24399 -0.811188 117.345 -0.843321 -0.0621896 -0.5338 229.011 0.0797945 0.967782 -0.238813 180.541 0 0 0 1 
