ObjectType = Image
NDims = 3
AnatomicalOrientation = RAI
BinaryData = True
CompressedData = False
DimSize = 0 0 1902
ElementSpacing = 1 1 1
Offset = 0 0 0
TransformMatrix = 1 0 0 0 1 0 0 0 1
ElementType = MET_UCHAR
Kinds = domain domain list
Seq_Frame0000_ForcepToReference-SequenceTransform =0.673706 -0.126741 -0.72805 90.3173 0.447274 -0.714315 0.538238 19.9541 -0.588274 -0.688252 -0.424551 30.6003 0 0 0 1 
Seq_Frame0000_ForcepToReference-SequenceTransformStatus = OK
Seq_Frame0000_Timestamp = 0.0180001
Seq_Frame0001_ForcepToReference-SequenceTransform =0.672122 -0.126802 -0.729502 90.3221 0.448164 -0.714595 0.537124 20.0894 -0.589407 -0.68795 -0.423467 30.4609 0 0 0 1 
Seq_Frame0001_ForcepToReference-SequenceTransformStatus = OK
Seq_Frame0001_Timestamp = 0.131
Seq_Frame0002_ForcepToReference-SequenceTransform =0.672178 -0.126904 -0.729432 90.3178 0.448911 -0.713599 0.537825 19.9664 -0.588775 -0.688964 -0.422697 30.6123 0 0 0 1 
Seq_Frame0002_ForcepToReference-SequenceTransformStatus = OK
Seq_Frame0002_Timestamp = 0.234
Seq_Frame0003_ForcepToReference-SequenceTransform =0.673017 -0.126887 -0.728661 90.3268 0.447918 -0.71405 0.538055 19.9848 -0.588573 -0.6885 -0.423733 30.5751 0 0 0 1 
Seq_Frame0003_ForcepToReference-SequenceTransformStatus = OK
Seq_Frame0003_Timestamp = 0.335
Seq_Frame0004_ForcepToReference-SequenceTransform =0.673467 -0.126823 -0.728257 90.351 0.448351 -0.7132 0.538821 19.9432 -0.587727 -0.689393 -0.423455 30.678 0 0 0 1 
Seq_Frame0004_ForcepToReference-SequenceTransformStatus = OK
Seq_Frame0004_Timestamp = 0.444
Seq_Frame0005_ForcepToReference-SequenceTransform =0.673153 -0.127015 -0.728514 90.3218 0.447119 -0.714771 0.537761 19.939 -0.589024 -0.687728 -0.42436 30.5944 0 0 0 1 
Seq_Frame0005_ForcepToReference-SequenceTransformStatus = OK
Seq_Frame0005_Timestamp = 0.55
Seq_Frame0006_ForcepToReference-SequenceTransform =0.672046 -0.126884 -0.729558 90.3002 0.448025 -0.714762 0.537018 20.004 -0.589599 -0.687761 -0.423506 30.5029 0 0 0 1 
Seq_Frame0006_ForcepToReference-SequenceTransformStatus = OK
Seq_Frame0006_Timestamp = 0.659
Seq_Frame0007_ForcepToReference-SequenceTransform =0.672826 -0.126889 -0.728837 90.3107 0.448163 -0.713926 0.538015 19.9476 -0.588604 -0.688628 -0.423481 30.5952 0 0 0 1 
Seq_Frame0007_ForcepToReference-SequenceTransformStatus = OK
Seq_Frame0007_Timestamp = 0.76
Seq_Frame0008_ForcepToReference-SequenceTransform =0.674071 -0.127061 -0.727656 90.3272 0.448165 -0.712717 0.539614 19.8001 -0.587177 -0.689848 -0.423477 30.7529 0 0 0 1 
Seq_Frame0008_ForcepToReference-SequenceTransformStatus = OK
Seq_Frame0008_Timestamp = 0.865
Seq_Frame0009_ForcepToReference-SequenceTransform =0.674126 -0.126755 -0.727659 90.321 0.447758 -0.713374 0.539083 19.9165 -0.587425 -0.689225 -0.424148 30.6075 0 0 0 1 
Seq_Frame0009_ForcepToReference-SequenceTransformStatus = OK
Seq_Frame0009_Timestamp = 0.979
Seq_Frame0010_ForcepToReference-SequenceTransform =0.671631 -0.127141 -0.729895 90.2976 0.447429 -0.715623 0.536368 20.0546 -0.590524 -0.686818 -0.423748 30.4479 0 0 0 1 
Seq_Frame0010_ForcepToReference-SequenceTransformStatus = OK
Seq_Frame0010_Timestamp = 1.085
Seq_Frame0011_ForcepToReference-SequenceTransform =0.67234 -0.126832 -0.729296 90.3066 0.44892 -0.713501 0.537947 19.9981 -0.588582 -0.689079 -0.422778 30.5174 0 0 0 1 
Seq_Frame0011_ForcepToReference-SequenceTransformStatus = OK
Seq_Frame0011_Timestamp = 1.195
Seq_Frame0012_ForcepToReference-SequenceTransform =0.673258 -0.12629 -0.728543 90.265 0.44734 -0.714958 0.537329 19.9825 -0.588737 -0.687667 -0.424856 30.5041 0 0 0 1 
Seq_Frame0012_ForcepToReference-SequenceTransformStatus = OK
Seq_Frame0012_Timestamp = 1.296
Seq_Frame0013_ForcepToReference-SequenceTransform =0.67383 -0.125829 -0.728094 90.2682 0.4474 -0.714735 0.537576 20.0329 -0.588036 -0.687983 -0.425314 30.5051 0 0 0 1 
Seq_Frame0013_ForcepToReference-SequenceTransformStatus = OK
Seq_Frame0013_Timestamp = 1.399
Seq_Frame0014_ForcepToReference-SequenceTransform =0.674175 -0.126582 -0.727643 90.3192 0.447782 -0.71343 0.538988 19.902 -0.587349 -0.689198 -0.424296 30.6036 0 0 0 1 
Seq_Frame0014_ForcepToReference-SequenceTransformStatus = OK
Seq_Frame0014_Timestamp = 1.504
Seq_Frame0015_ForcepToReference-SequenceTransform =0.673222 -0.126569 -0.728527 90.3011 0.448186 -0.713793 0.538172 19.9503 -0.588133 -0.688825 -0.423814 30.5775 0 0 0 1 
Seq_Frame0015_ForcepToReference-SequenceTransformStatus = OK
Seq_Frame0015_Timestamp = 1.609
Seq_Frame0016_ForcepToReference-SequenceTransform =0.673381 -0.126821 -0.728337 90.3052 0.447961 -0.713733 0.538438 19.9004 -0.588124 -0.688841 -0.423803 30.5974 0 0 0 1 
Seq_Frame0016_ForcepToReference-SequenceTransformStatus = OK
Seq_Frame0016_Timestamp = 1.724
Seq_Frame0017_ForcepToReference-SequenceTransform =0.673417 -0.127018 -0.728269 90.3234 0.448811 -0.712559 0.539285 19.8173 -0.587434 -0.690019 -0.422842 30.6909 0 0 0 1 
Seq_Frame0017_ForcepToReference-SequenceTransformStatus = OK
Seq_Frame0017_Timestamp = 1.825
Seq_Frame0018_ForcepToReference-SequenceTransform =0.671923 -0.127639 -0.729539 90.3285 0.449656 -0.712404 0.538785 19.8139 -0.588497 -0.690064 -0.421287 30.6566 0 0 0 1 
Seq_Frame0018_ForcepToReference-SequenceTransformStatus = OK
Seq_Frame0018_Timestamp = 1.925
Seq_Frame0019_ForcepToReference-SequenceTransform =0.672446 -0.127369 -0.729105 90.3203 0.449869 -0.711901 0.539273 19.8094 -0.587737 -0.690633 -0.421415 30.7013 0 0 0 1 
Seq_Frame0019_ForcepToReference-SequenceTransformStatus = OK
Seq_Frame0019_Timestamp = 2.033
Seq_Frame0020_ForcepToReference-SequenceTransform =0.672976 -0.127231 -0.728639 90.3238 0.449678 -0.711766 0.53961 19.7899 -0.587276 -0.690798 -0.421788 30.7227 0 0 0 1 
Seq_Frame0020_ForcepToReference-SequenceTransformStatus = OK
Seq_Frame0020_Timestamp = 2.135
Seq_Frame0021_ForcepToReference-SequenceTransform =0.673163 -0.127176 -0.728476 90.31 0.448872 -0.712592 0.539191 19.8183 -0.587678 -0.689956 -0.422605 30.7005 0 0 0 1 
Seq_Frame0021_ForcepToReference-SequenceTransformStatus = OK
Seq_Frame0021_Timestamp = 2.236
Seq_Frame0022_ForcepToReference-SequenceTransform =0.672313 -0.126433 -0.72939 90.2918 0.448499 -0.714312 0.537222 20.0219 -0.588935 -0.688312 -0.423536 30.5235 0 0 0 1 
Seq_Frame0022_ForcepToReference-SequenceTransformStatus = OK
Seq_Frame0022_Timestamp = 2.336
Seq_Frame0023_ForcepToReference-SequenceTransform =0.672416 -0.126807 -0.72923 90.3089 0.448292 -0.71419 0.537557 20.0057 -0.588974 -0.68837 -0.423386 30.549 0 0 0 1 
Seq_Frame0023_ForcepToReference-SequenceTransformStatus = OK
Seq_Frame0023_Timestamp = 2.439
Seq_Frame0024_ForcepToReference-SequenceTransform =0.671823 -0.126917 -0.729757 90.3082 0.448906 -0.713901 0.537428 20.0149 -0.589184 -0.688649 -0.422642 30.5572 0 0 0 1 
Seq_Frame0024_ForcepToReference-SequenceTransformStatus = OK
Seq_Frame0024_Timestamp = 2.54
Seq_Frame0025_ForcepToReference-SequenceTransform =0.673204 -0.126925 -0.728483 90.3076 0.447407 -0.714458 0.537938 19.9595 -0.588748 -0.68807 -0.424188 30.5572 0 0 0 1 
Seq_Frame0025_ForcepToReference-SequenceTransformStatus = OK
Seq_Frame0025_Timestamp = 2.644
Seq_Frame0026_ForcepToReference-SequenceTransform =0.668619 -0.122395 -0.733463 90.1704 0.368386 -0.802294 0.469699 21.6623 -0.645941 -0.584247 -0.49134 28.7673 0 0 0 1 
Seq_Frame0026_ForcepToReference-SequenceTransformStatus = OK
Seq_Frame0026_Timestamp = 2.746
Seq_Frame0027_ForcepToReference-SequenceTransform =0.668619 -0.122395 -0.733463 90.1704 0.368386 -0.802294 0.469699 21.6623 -0.645941 -0.584247 -0.49134 28.7673 0 0 0 1 
Seq_Frame0027_ForcepToReference-SequenceTransformStatus = OK
Seq_Frame0027_Timestamp = 2.849
Seq_Frame0028_ForcepToReference-SequenceTransform =0.668619 -0.122395 -0.733463 90.1704 0.368386 -0.802294 0.469699 21.6623 -0.645941 -0.584247 -0.49134 28.7673 0 0 0 1 
Seq_Frame0028_ForcepToReference-SequenceTransformStatus = OK
Seq_Frame0028_Timestamp = 2.95
Seq_Frame0029_ForcepToReference-SequenceTransform =0.668619 -0.122395 -0.733463 90.1704 0.368386 -0.802294 0.469699 21.6623 -0.645941 -0.584247 -0.49134 28.7673 0 0 0 1 
Seq_Frame0029_ForcepToReference-SequenceTransformStatus = OK
Seq_Frame0029_Timestamp = 3.05
Seq_Frame0030_ForcepToReference-SequenceTransform =0.668619 -0.122395 -0.733463 90.1704 0.368386 -0.802294 0.469699 21.6623 -0.645941 -0.584247 -0.49134 28.7673 0 0 0 1 
Seq_Frame0030_ForcepToReference-SequenceTransformStatus = OK
Seq_Frame0030_Timestamp = 3.156
Seq_Frame0031_ForcepToReference-SequenceTransform =0.668619 -0.122395 -0.733463 90.1704 0.368386 -0.802294 0.469699 21.6623 -0.645941 -0.584247 -0.49134 28.7673 0 0 0 1 
Seq_Frame0031_ForcepToReference-SequenceTransformStatus = OK
Seq_Frame0031_Timestamp = 3.26
Seq_Frame0032_ForcepToReference-SequenceTransform =0.668619 -0.122395 -0.733463 90.1704 0.368386 -0.802294 0.469699 21.6623 -0.645941 -0.584247 -0.49134 28.7673 0 0 0 1 
Seq_Frame0032_ForcepToReference-SequenceTransformStatus = OK
Seq_Frame0032_Timestamp = 3.369
Seq_Frame0033_ForcepToReference-SequenceTransform =0.668619 -0.122395 -0.733463 90.1704 0.368386 -0.802294 0.469699 21.6623 -0.645941 -0.584247 -0.49134 28.7673 0 0 0 1 
Seq_Frame0033_ForcepToReference-SequenceTransformStatus = OK
Seq_Frame0033_Timestamp = 3.474
Seq_Frame0034_ForcepToReference-SequenceTransform =0.668619 -0.122395 -0.733463 90.1704 0.368386 -0.802294 0.469699 21.6623 -0.645941 -0.584247 -0.49134 28.7673 0 0 0 1 
Seq_Frame0034_ForcepToReference-SequenceTransformStatus = OK
Seq_Frame0034_Timestamp = 3.586
Seq_Frame0035_ForcepToReference-SequenceTransform =0.670901 -0.124105 -0.731088 90.1225 0.424233 -0.744386 0.51567 20.4963 -0.608209 -0.656115 -0.44676 29.8518 0 0 0 1 
Seq_Frame0035_ForcepToReference-SequenceTransformStatus = OK
Seq_Frame0035_Timestamp = 3.695
Seq_Frame0036_ForcepToReference-SequenceTransform =0.67253 -0.126988 -0.729094 90.3133 0.448719 -0.713458 0.538172 19.9642 -0.588519 -0.689095 -0.42284 30.5273 0 0 0 1 
Seq_Frame0036_ForcepToReference-SequenceTransformStatus = OK
Seq_Frame0036_Timestamp = 3.796
Seq_Frame0037_ForcepToReference-SequenceTransform =0.672745 -0.12711 -0.728874 90.3171 0.447937 -0.714098 0.537975 19.9614 -0.588869 -0.68841 -0.423468 30.5625 0 0 0 1 
Seq_Frame0037_ForcepToReference-SequenceTransformStatus = OK
Seq_Frame0037_Timestamp = 3.9
Seq_Frame0038_ForcepToReference-SequenceTransform =0.672863 -0.12661 -0.728852 90.3052 0.448248 -0.714001 0.537844 19.9524 -0.588498 -0.688602 -0.423672 30.6659 0 0 0 1 
Seq_Frame0038_ForcepToReference-SequenceTransformStatus = OK
Seq_Frame0038_Timestamp = 4.009
Seq_Frame0039_ForcepToReference-SequenceTransform =0.672689 -0.127018 -0.728942 90.3124 0.447728 -0.714457 0.537671 19.9551 -0.589092 -0.688053 -0.423738 30.5686 0 0 0 1 
Seq_Frame0039_ForcepToReference-SequenceTransformStatus = OK
Seq_Frame0039_Timestamp = 4.115
Seq_Frame0040_ForcepToReference-SequenceTransform =0.672714 -0.126842 -0.72895 90.3116 0.447672 -0.714631 0.537486 19.9968 -0.589106 -0.687905 -0.423959 30.5396 0 0 0 1 
Seq_Frame0040_ForcepToReference-SequenceTransformStatus = OK
Seq_Frame0040_Timestamp = 4.215
Seq_Frame0041_ForcepToReference-SequenceTransform =0.672893 -0.127091 -0.72874 90.3003 0.448466 -0.713364 0.538507 19.873 -0.588296 -0.689173 -0.423022 30.6128 0 0 0 1 
Seq_Frame0041_ForcepToReference-SequenceTransformStatus = OK
Seq_Frame0041_Timestamp = 4.316
Seq_Frame0042_ForcepToReference-SequenceTransform =0.673313 -0.126866 -0.728392 90.3057 0.447681 -0.714087 0.538203 19.9188 -0.588415 -0.688466 -0.424008 30.5891 0 0 0 1 
Seq_Frame0042_ForcepToReference-SequenceTransformStatus = OK
Seq_Frame0042_Timestamp = 4.417
Seq_Frame0043_ForcepToReference-SequenceTransform =0.673062 -0.126634 -0.728664 90.3 0.447873 -0.714249 0.537827 19.9528 -0.588555 -0.68834 -0.424018 30.57 0 0 0 1 
Seq_Frame0043_ForcepToReference-SequenceTransformStatus = OK
Seq_Frame0043_Timestamp = 4.519
Seq_Frame0044_ForcepToReference-SequenceTransform =0.673159 -0.126605 -0.72858 90.3027 0.448293 -0.713696 0.538211 19.9607 -0.588125 -0.688919 -0.423674 30.5576 0 0 0 1 
Seq_Frame0044_ForcepToReference-SequenceTransformStatus = OK
Seq_Frame0044_Timestamp = 4.624
Seq_Frame0045_ForcepToReference-SequenceTransform =0.673334 -0.126725 -0.728397 90.298 0.44816 -0.713611 0.538435 19.9116 -0.588025 -0.688985 -0.423705 30.5608 0 0 0 1 
Seq_Frame0045_ForcepToReference-SequenceTransformStatus = OK
Seq_Frame0045_Timestamp = 4.724
Seq_Frame0046_ForcepToReference-SequenceTransform =0.671505 -0.127386 -0.729968 90.304 0.448274 -0.714567 0.537071 19.9542 -0.590026 -0.687872 -0.422731 30.56 0 0 0 1 
Seq_Frame0046_ForcepToReference-SequenceTransformStatus = OK
Seq_Frame0046_Timestamp = 4.829
Seq_Frame0047_ForcepToReference-SequenceTransform =0.672889 -0.126938 -0.728771 90.3146 0.447997 -0.71403 0.538015 19.9447 -0.588659 -0.688511 -0.423595 30.6001 0 0 0 1 
Seq_Frame0047_ForcepToReference-SequenceTransformStatus = OK
Seq_Frame0047_Timestamp = 4.935
Seq_Frame0048_ForcepToReference-SequenceTransform =0.67214 -0.126926 -0.729464 90.3105 0.448265 -0.71437 0.537339 20.0141 -0.58931 -0.68816 -0.42326 30.5363 0 0 0 1 
Seq_Frame0048_ForcepToReference-SequenceTransformStatus = OK
Seq_Frame0048_Timestamp = 5.044
Seq_Frame0049_ForcepToReference-SequenceTransform =0.673202 -0.126903 -0.728488 90.2939 0.447741 -0.714084 0.538155 19.9458 -0.588495 -0.688461 -0.423903 30.5938 0 0 0 1 
Seq_Frame0049_ForcepToReference-SequenceTransformStatus = OK
Seq_Frame0049_Timestamp = 5.15
Seq_Frame0050_ForcepToReference-SequenceTransform =0.684951 -0.0603962 -0.726082 91.6502 0.462555 -0.733918 0.4974 20.493 -0.562926 -0.676547 -0.474761 30.9938 0 0 0 1 
Seq_Frame0050_ForcepToReference-SequenceTransformStatus = OK
Seq_Frame0050_Timestamp = 5.254
Seq_Frame0051_ForcepToReference-SequenceTransform =0.37044 0.550012 -0.748506 98.1563 0.296366 -0.833705 -0.465944 51.5155 -0.880308 -0.0492269 -0.471842 31.847 0 0 0 1 
Seq_Frame0051_ForcepToReference-SequenceTransformStatus = OK
Seq_Frame0051_Timestamp = 5.355
Seq_Frame0052_ForcepToReference-SequenceTransform =0.216854 0.943268 -0.251438 81.0867 -0.166602 -0.218028 -0.961617 106.057 -0.961883 0.25042 0.10987 6.68628 0 0 0 1 
Seq_Frame0052_ForcepToReference-SequenceTransformStatus = OK
Seq_Frame0052_Timestamp = 5.455
Seq_Frame0053_ForcepToReference-SequenceTransform =0.267878 0.954185 0.133316 61.5702 -0.392309 0.23441 -0.889464 140.637 -0.879963 0.185966 0.437128 2.72153 0 0 0 1 
Seq_Frame0053_ForcepToReference-SequenceTransformStatus = OK
Seq_Frame0053_Timestamp = 5.558
Seq_Frame0054_ForcepToReference-SequenceTransform =0.267878 0.954185 0.133316 61.5702 -0.392309 0.23441 -0.889464 140.637 -0.879963 0.185966 0.437128 2.72153 0 0 0 1 
Seq_Frame0054_ForcepToReference-SequenceTransformStatus = OK
Seq_Frame0054_Timestamp = 5.66
Seq_Frame0055_ForcepToReference-SequenceTransform =0.267878 0.954185 0.133316 61.5702 -0.392309 0.23441 -0.889464 140.637 -0.879963 0.185966 0.437128 2.72153 0 0 0 1 
Seq_Frame0055_ForcepToReference-SequenceTransformStatus = OK
Seq_Frame0055_Timestamp = 5.76
Seq_Frame0056_ForcepToReference-SequenceTransform =0.267878 0.954185 0.133316 61.5702 -0.392309 0.23441 -0.889464 140.637 -0.879963 0.185966 0.437128 2.72153 0 0 0 1 
Seq_Frame0056_ForcepToReference-SequenceTransformStatus = OK
Seq_Frame0056_Timestamp = 5.861
Seq_Frame0057_ForcepToReference-SequenceTransform =0.267878 0.954185 0.133316 61.5702 -0.392309 0.23441 -0.889464 140.637 -0.879963 0.185966 0.437128 2.72153 0 0 0 1 
Seq_Frame0057_ForcepToReference-SequenceTransformStatus = OK
Seq_Frame0057_Timestamp = 5.969
Seq_Frame0058_ForcepToReference-SequenceTransform =0.267878 0.954185 0.133316 61.5702 -0.392309 0.23441 -0.889464 140.637 -0.879963 0.185966 0.437128 2.72153 0 0 0 1 
Seq_Frame0058_ForcepToReference-SequenceTransformStatus = OK
Seq_Frame0058_Timestamp = 6.075
Seq_Frame0059_ForcepToReference-SequenceTransform =0.267878 0.954185 0.133316 61.5702 -0.392309 0.23441 -0.889464 140.637 -0.879963 0.185966 0.437128 2.72153 0 0 0 1 
Seq_Frame0059_ForcepToReference-SequenceTransformStatus = OK
Seq_Frame0059_Timestamp = 6.175
Seq_Frame0060_ForcepToReference-SequenceTransform =0.267878 0.954185 0.133316 61.5702 -0.392309 0.23441 -0.889464 140.637 -0.879963 0.185966 0.437128 2.72153 0 0 0 1 
Seq_Frame0060_ForcepToReference-SequenceTransformStatus = OK
Seq_Frame0060_Timestamp = 6.284
Seq_Frame0061_ForcepToReference-SequenceTransform =0.267878 0.954185 0.133316 61.5702 -0.392309 0.23441 -0.889464 140.637 -0.879963 0.185966 0.437128 2.72153 0 0 0 1 
Seq_Frame0061_ForcepToReference-SequenceTransformStatus = OK
Seq_Frame0061_Timestamp = 6.389
Seq_Frame0062_ForcepToReference-SequenceTransform =0.267878 0.954185 0.133316 61.5702 -0.392309 0.23441 -0.889464 140.637 -0.879963 0.185966 0.437128 2.72153 0 0 0 1 
Seq_Frame0062_ForcepToReference-SequenceTransformStatus = OK
Seq_Frame0062_Timestamp = 6.494
Seq_Frame0063_ForcepToReference-SequenceTransform =0.267878 0.954185 0.133316 61.5702 -0.392309 0.23441 -0.889464 140.637 -0.879963 0.185966 0.437128 2.72153 0 0 0 1 
Seq_Frame0063_ForcepToReference-SequenceTransformStatus = OK
Seq_Frame0063_Timestamp = 6.6
Seq_Frame0064_ForcepToReference-SequenceTransform =0.805096 -0.567889 0.171237 -30.3267 0.569477 0.659324 -0.490905 252.374 0.165879 0.492741 0.854219 207.937 0 0 0 1 
Seq_Frame0064_ForcepToReference-SequenceTransformStatus = OK
Seq_Frame0064_Timestamp = 6.709
Seq_Frame0065_ForcepToReference-SequenceTransform =0.815467 -0.558936 0.150347 -28.801 0.548501 0.663303 -0.509093 251.919 0.184825 0.497614 0.847479 208.222 0 0 0 1 
Seq_Frame0065_ForcepToReference-SequenceTransformStatus = OK
Seq_Frame0065_Timestamp = 6.815
Seq_Frame0066_ForcepToReference-SequenceTransform =0.797096 -0.581798 0.161704 -29.8326 0.577413 0.655987 -0.486082 250.206 0.176726 0.480824 0.858823 211.143 0 0 0 1 
Seq_Frame0066_ForcepToReference-SequenceTransformStatus = OK
Seq_Frame0066_Timestamp = 6.919
Seq_Frame0067_ForcepToReference-SequenceTransform =0.785056 -0.600467 0.152072 -30.3534 0.590127 0.650424 -0.478225 248.929 0.188247 0.465175 0.864971 213.332 0 0 0 1 
Seq_Frame0067_ForcepToReference-SequenceTransformStatus = OK
Seq_Frame0067_Timestamp = 7.024
Seq_Frame0068_ForcepToReference-SequenceTransform =0.786664 -0.600102 0.145044 -30.5348 0.586522 0.653078 -0.479042 248.959 0.192748 0.461916 0.865726 213.157 0 0 0 1 
Seq_Frame0068_ForcepToReference-SequenceTransformStatus = OK
Seq_Frame0068_Timestamp = 7.134
Seq_Frame0069_ForcepToReference-SequenceTransform =0.786664 -0.600102 0.145044 -30.5348 0.586522 0.653078 -0.479042 248.959 0.192748 0.461916 0.865726 213.157 0 0 0 1 
Seq_Frame0069_ForcepToReference-SequenceTransformStatus = OK
Seq_Frame0069_Timestamp = 7.234
Seq_Frame0070_ForcepToReference-SequenceTransform =0.786664 -0.600102 0.145044 -30.5348 0.586522 0.653078 -0.479042 248.959 0.192748 0.461916 0.865726 213.157 0 0 0 1 
Seq_Frame0070_ForcepToReference-SequenceTransformStatus = OK
Seq_Frame0070_Timestamp = 7.34
Seq_Frame0071_ForcepToReference-SequenceTransform =-0.593497 -0.160578 -0.788655 -33.3938 0.804358 -0.0845674 -0.588096 272.052 0.027741 -0.983394 0.179353 79.1637 0 0 0 1 
Seq_Frame0071_ForcepToReference-SequenceTransformStatus = OK
Seq_Frame0071_Timestamp = 7.549
Seq_Frame0072_ForcepToReference-SequenceTransform =-0.693745 -0.32827 -0.641059 -61.0987 0.633995 0.143962 -0.759819 296.582 0.341714 -0.933549 0.108249 89.7448 0 0 0 1 
Seq_Frame0072_ForcepToReference-SequenceTransformStatus = OK
Seq_Frame0072_Timestamp = 7.649
Seq_Frame0073_ForcepToReference-SequenceTransform =-0.149498 -0.155588 0.976444 -85.339 0.714284 0.665865 0.21546 310.761 -0.683703 0.729669 0.0115887 109.337 0 0 0 1 
Seq_Frame0073_ForcepToReference-SequenceTransformStatus = OK
Seq_Frame0073_Timestamp = 7.75
Seq_Frame0074_ForcepToReference-SequenceTransform =-0.220022 -0.132245 0.966489 -98.1992 0.702661 0.665761 0.251058 315.282 -0.676652 0.734353 -0.0535584 116.261 0 0 0 1 
Seq_Frame0074_ForcepToReference-SequenceTransformStatus = OK
Seq_Frame0074_Timestamp = 7.85
Seq_Frame0075_ForcepToReference-SequenceTransform =-0.258583 -0.123057 0.958119 -102.282 0.728221 0.626848 0.277047 313.81 -0.634688 0.769362 -0.0724794 122.092 0 0 0 1 
Seq_Frame0075_ForcepToReference-SequenceTransformStatus = OK
Seq_Frame0075_Timestamp = 7.951
Seq_Frame0076_ForcepToReference-SequenceTransform =-0.310473 -0.0891937 0.946389 -104.572 0.762518 0.571109 0.303977 307.044 -0.567603 0.816014 -0.109302 125.694 0 0 0 1 
Seq_Frame0076_ForcepToReference-SequenceTransformStatus = OK
Seq_Frame0076_Timestamp = 8.054
Seq_Frame0077_ForcepToReference-SequenceTransform =-0.305487 -0.107095 0.946154 -106.403 0.810929 0.491539 0.317464 302.856 -0.49907 0.864246 -0.0633123 136.744 0 0 0 1 
Seq_Frame0077_ForcepToReference-SequenceTransformStatus = OK
Seq_Frame0077_Timestamp = 8.16
Seq_Frame0078_ForcepToReference-SequenceTransform =-0.262051 -0.132698 0.955887 -105.373 0.869551 0.397151 0.293516 299.005 -0.418581 0.908109 0.0113134 152.533 0 0 0 1 
Seq_Frame0078_ForcepToReference-SequenceTransformStatus = OK
Seq_Frame0078_Timestamp = 8.26
Seq_Frame0079_ForcepToReference-SequenceTransform =-0.257742 -0.160751 0.952748 -107.676 0.906584 0.300809 0.296007 297.126 -0.334178 0.940039 0.0682029 160.828 0 0 0 1 
Seq_Frame0079_ForcepToReference-SequenceTransformStatus = OK
Seq_Frame0079_Timestamp = 8.364
Seq_Frame0080_ForcepToReference-SequenceTransform =-0.245371 -0.175165 0.953473 -110.811 0.908188 0.302499 0.28929 298.937 -0.339097 0.936916 0.0848581 159.978 0 0 0 1 
Seq_Frame0080_ForcepToReference-SequenceTransformStatus = OK
Seq_Frame0080_Timestamp = 8.464
Seq_Frame0081_ForcepToReference-SequenceTransform =-0.245125 -0.175199 0.95353 -112.648 0.895055 0.337045 0.292021 300.232 -0.372545 0.925044 0.0741947 156.782 0 0 0 1 
Seq_Frame0081_ForcepToReference-SequenceTransformStatus = OK
Seq_Frame0081_Timestamp = 8.566
Seq_Frame0082_ForcepToReference-SequenceTransform =-0.261467 -0.156962 0.952365 -113.514 0.889731 0.343315 0.300854 299.103 -0.374184 0.926012 0.049888 156.252 0 0 0 1 
Seq_Frame0082_ForcepToReference-SequenceTransformStatus = OK
Seq_Frame0082_Timestamp = 8.674
Seq_Frame0083_ForcepToReference-SequenceTransform =-0.261777 -0.163436 0.95119 -114.73 0.887463 0.346586 0.30379 298.754 -0.379319 0.92367 0.0543152 156.338 0 0 0 1 
Seq_Frame0083_ForcepToReference-SequenceTransformStatus = OK
Seq_Frame0083_Timestamp = 8.774
Seq_Frame0084_ForcepToReference-SequenceTransform =-0.267365 -0.169106 0.948641 -115.694 0.885483 0.345167 0.311094 299.762 -0.380047 0.923181 0.0574546 157.229 0 0 0 1 
Seq_Frame0084_ForcepToReference-SequenceTransformStatus = OK
Seq_Frame0084_Timestamp = 8.875
Seq_Frame0085_ForcepToReference-SequenceTransform =-0.256735 -0.167876 0.95179 -114.763 0.885459 0.353848 0.301254 299.924 -0.387362 0.920114 0.0578021 157.194 0 0 0 1 
Seq_Frame0085_ForcepToReference-SequenceTransformStatus = OK
Seq_Frame0085_Timestamp = 8.983
Seq_Frame0086_ForcepToReference-SequenceTransform =-0.256769 -0.152017 0.954443 -113.671 0.886547 0.356189 0.295235 299.591 -0.384843 0.921965 0.0433113 157.085 0 0 0 1 
Seq_Frame0086_ForcepToReference-SequenceTransformStatus = OK
Seq_Frame0086_Timestamp = 9.085
Seq_Frame0087_ForcepToReference-SequenceTransform =-0.256948 -0.159847 0.953114 -113.243 0.886 0.354927 0.29838 300.161 -0.385981 0.921128 0.0504268 157.342 0 0 0 1 
Seq_Frame0087_ForcepToReference-SequenceTransformStatus = OK
Seq_Frame0087_Timestamp = 9.186
Seq_Frame0088_ForcepToReference-SequenceTransform =-0.2474 -0.163541 0.955012 -112.79 0.883376 0.36685 0.291664 301.762 -0.398045 0.915792 0.0537094 157.974 0 0 0 1 
Seq_Frame0088_ForcepToReference-SequenceTransformStatus = OK
Seq_Frame0088_Timestamp = 9.295
Seq_Frame0089_ForcepToReference-SequenceTransform =-0.246102 -0.160428 0.955875 -111.463 0.88249 0.370733 0.289429 301.936 -0.400807 0.914779 0.050338 158.466 0 0 0 1 
Seq_Frame0089_ForcepToReference-SequenceTransformStatus = OK
Seq_Frame0089_Timestamp = 9.399
Seq_Frame0090_ForcepToReference-SequenceTransform =-0.248207 -0.162485 0.954983 -111.121 0.882488 0.368645 0.292089 302.559 -0.39951 0.915259 0.0518909 159.436 0 0 0 1 
Seq_Frame0090_ForcepToReference-SequenceTransformStatus = OK
Seq_Frame0090_Timestamp = 9.509
Seq_Frame0091_ForcepToReference-SequenceTransform =-0.246555 -0.159763 0.955869 -111.143 0.8806 0.374911 0.289803 302.681 -0.404666 0.913191 0.0482506 159.673 0 0 0 1 
Seq_Frame0091_ForcepToReference-SequenceTransformStatus = OK
Seq_Frame0091_Timestamp = 9.609
Seq_Frame0092_ForcepToReference-SequenceTransform =-0.242224 -0.158019 0.957266 -111.506 0.87633 0.387798 0.285759 303.52 -0.416381 0.908099 0.0445427 159.574 0 0 0 1 
Seq_Frame0092_ForcepToReference-SequenceTransformStatus = OK
Seq_Frame0092_Timestamp = 9.71
Seq_Frame0093_ForcepToReference-SequenceTransform =-0.300218 -0.10348 0.948241 -111.424 0.812285 0.493417 0.311019 304.896 -0.500063 0.863615 -0.0640777 157.579 0 0 0 1 
Seq_Frame0093_ForcepToReference-SequenceTransformStatus = OK
Seq_Frame0093_Timestamp = 9.814
Seq_Frame0094_ForcepToReference-SequenceTransform =-0.401138 -0.104835 0.909999 -122.543 0.661331 0.65424 0.366893 309.609 -0.633821 0.748985 -0.19311 138.605 0 0 0 1 
Seq_Frame0094_ForcepToReference-SequenceTransformStatus = OK
Seq_Frame0094_Timestamp = 9.916
Seq_Frame0095_ForcepToReference-SequenceTransform =-0.411506 -0.160433 0.897175 -133.896 0.46333 0.810869 0.357514 303.684 -0.784849 0.562808 -0.259345 109.078 0 0 0 1 
Seq_Frame0095_ForcepToReference-SequenceTransformStatus = OK
Seq_Frame0095_Timestamp = 10.029
Seq_Frame0096_ForcepToReference-SequenceTransform =-0.29967 -0.172326 0.938351 -139.947 0.163427 0.959742 0.228446 288.614 -0.939941 0.22181 -0.259443 62.0358 0 0 0 1 
Seq_Frame0096_ForcepToReference-SequenceTransformStatus = OK
Seq_Frame0096_Timestamp = 10.129
Seq_Frame0097_ForcepToReference-SequenceTransform =-0.235524 -0.1518 0.95994 -138.326 -0.0238552 0.988332 0.150437 274.954 -0.971576 0.0125319 -0.236397 27.3055 0 0 0 1 
Seq_Frame0097_ForcepToReference-SequenceTransformStatus = OK
Seq_Frame0097_Timestamp = 10.234
Seq_Frame0098_ForcepToReference-SequenceTransform =-0.235495 -0.115741 0.964959 -131.612 -0.054878 0.992883 0.105697 272.589 -0.970325 -0.0280639 -0.240171 14.4314 0 0 0 1 
Seq_Frame0098_ForcepToReference-SequenceTransformStatus = OK
Seq_Frame0098_Timestamp = 10.335
Seq_Frame0099_ForcepToReference-SequenceTransform =-0.216791 -0.0804861 0.972894 -119.182 -0.0523784 0.996119 0.0707359 276.121 -0.974812 -0.0356237 -0.220165 1.739 0 0 0 1 
Seq_Frame0099_ForcepToReference-SequenceTransformStatus = OK
Seq_Frame0099_Timestamp = 10.444
Seq_Frame0100_ForcepToReference-SequenceTransform =0.0147463 -0.0310653 0.999409 -69.4809 -0.0800294 0.996274 0.0321487 283.14 -0.996683 -0.0804561 0.0122052 -28.3499 0 0 0 1 
Seq_Frame0100_ForcepToReference-SequenceTransformStatus = OK
Seq_Frame0100_Timestamp = 10.55
Seq_Frame0101_ForcepToReference-SequenceTransform =0.439182 0.345605 0.829263 48.5296 -0.379817 0.907925 -0.177235 142.671 -0.814161 -0.23713 0.53001 4.62977 0 0 0 1 
Seq_Frame0101_ForcepToReference-SequenceTransformStatus = OK
Seq_Frame0101_Timestamp = 29.029
Seq_Frame0102_ForcepToReference-SequenceTransform =0.360493 0.349639 0.864753 36.7378 -0.350525 0.909917 -0.221774 160.705 -0.864394 -0.22317 0.450576 -8.33297 0 0 0 1 
Seq_Frame0102_ForcepToReference-SequenceTransformStatus = OK
Seq_Frame0102_Timestamp = 29.154
Seq_Frame0103_ForcepToReference-SequenceTransform =-0.91185 -0.35814 -0.200661 158.049 -0.190505 0.802131 -0.565945 222.55 0.363644 -0.477831 -0.79965 151.357 0 0 0 1 
Seq_Frame0103_ForcepToReference-SequenceTransformStatus = OK
Seq_Frame0103_Timestamp = 29.74
Seq_Frame0104_ForcepToReference-SequenceTransform =-0.925099 -0.316534 -0.209758 160.35 -0.185288 0.858449 -0.478261 224.086 0.331452 -0.403573 -0.8528 146.07 0 0 0 1 
Seq_Frame0104_ForcepToReference-SequenceTransformStatus = OK
Seq_Frame0104_Timestamp = 29.849
Seq_Frame0105_ForcepToReference-SequenceTransform =-0.925099 -0.316534 -0.209758 160.35 -0.185288 0.858449 -0.478261 224.086 0.331452 -0.403573 -0.8528 146.07 0 0 0 1 
Seq_Frame0105_ForcepToReference-SequenceTransformStatus = OK
Seq_Frame0105_Timestamp = 29.95
Seq_Frame0106_ForcepToReference-SequenceTransform =-0.925099 -0.316534 -0.209758 160.35 -0.185288 0.858449 -0.478261 224.086 0.331452 -0.403573 -0.8528 146.07 0 0 0 1 
Seq_Frame0106_ForcepToReference-SequenceTransformStatus = OK
Seq_Frame0106_Timestamp = 30.05
Seq_Frame0107_ForcepToReference-SequenceTransform =-0.925099 -0.316534 -0.209758 160.35 -0.185288 0.858449 -0.478261 224.086 0.331452 -0.403573 -0.8528 146.07 0 0 0 1 
Seq_Frame0107_ForcepToReference-SequenceTransformStatus = OK
Seq_Frame0107_Timestamp = 30.154
Seq_Frame0108_ForcepToReference-SequenceTransform =-0.925099 -0.316534 -0.209758 160.35 -0.185288 0.858449 -0.478261 224.086 0.331452 -0.403573 -0.8528 146.07 0 0 0 1 
Seq_Frame0108_ForcepToReference-SequenceTransformStatus = OK
Seq_Frame0108_Timestamp = 30.259
Seq_Frame0109_ForcepToReference-SequenceTransform =-0.925099 -0.316534 -0.209758 160.35 -0.185288 0.858449 -0.478261 224.086 0.331452 -0.403573 -0.8528 146.07 0 0 0 1 
Seq_Frame0109_ForcepToReference-SequenceTransformStatus = OK
Seq_Frame0109_Timestamp = 30.364
Seq_Frame0110_ForcepToReference-SequenceTransform =-0.925099 -0.316534 -0.209758 160.35 -0.185288 0.858449 -0.478261 224.086 0.331452 -0.403573 -0.8528 146.07 0 0 0 1 
Seq_Frame0110_ForcepToReference-SequenceTransformStatus = OK
Seq_Frame0110_Timestamp = 30.464
Seq_Frame0111_ForcepToReference-SequenceTransform =-0.925099 -0.316534 -0.209758 160.35 -0.185288 0.858449 -0.478261 224.086 0.331452 -0.403573 -0.8528 146.07 0 0 0 1 
Seq_Frame0111_ForcepToReference-SequenceTransformStatus = OK
Seq_Frame0111_Timestamp = 30.565
Seq_Frame0112_ForcepToReference-SequenceTransform =0.600208 -0.197465 -0.775086 171.9 0.781097 -0.0638681 0.621135 174.62 -0.172156 -0.978227 0.115905 80.2486 0 0 0 1 
Seq_Frame0112_ForcepToReference-SequenceTransformStatus = OK
Seq_Frame0112_Timestamp = 30.704
Seq_Frame0113_ForcepToReference-SequenceTransform =0.603953 -0.211345 -0.768488 171.791 0.787749 0.0116546 0.615886 175.536 -0.121208 -0.977342 0.173526 79.5365 0 0 0 1 
Seq_Frame0113_ForcepToReference-SequenceTransformStatus = OK
Seq_Frame0113_Timestamp = 30.805
Seq_Frame0114_ForcepToReference-SequenceTransform =0.616332 -0.209978 -0.758975 172.944 0.78405 0.0736898 0.616308 176.192 -0.0734821 -0.974925 0.21005 80.4713 0 0 0 1 
Seq_Frame0114_ForcepToReference-SequenceTransformStatus = OK
Seq_Frame0114_Timestamp = 30.905
Seq_Frame0115_ForcepToReference-SequenceTransform =0.658438 -0.191213 -0.727941 176.516 0.752306 0.138583 0.644074 177.355 -0.022275 -0.971716 0.235098 84.9794 0 0 0 1 
Seq_Frame0115_ForcepToReference-SequenceTransformStatus = OK
Seq_Frame0115_Timestamp = 31.006
Seq_Frame0116_ForcepToReference-SequenceTransform =0.709261 -0.154638 -0.687776 182.847 0.703169 0.224429 0.674674 177.637 0.0500267 -0.962143 0.267916 90.8215 0 0 0 1 
Seq_Frame0116_ForcepToReference-SequenceTransformStatus = OK
Seq_Frame0116_Timestamp = 31.114
Seq_Frame0117_ForcepToReference-SequenceTransform =0.727578 -0.170591 -0.664477 182.494 0.685093 0.231163 0.690805 175.625 0.0357573 -0.957842 0.28506 88.1956 0 0 0 1 
Seq_Frame0117_ForcepToReference-SequenceTransformStatus = OK
Seq_Frame0117_Timestamp = 31.216
Seq_Frame0118_ForcepToReference-SequenceTransform =0.734124 -0.180754 -0.654515 180.562 0.677268 0.264023 0.686731 176.572 0.0486779 -0.947428 0.316244 88.7395 0 0 0 1 
Seq_Frame0118_ForcepToReference-SequenceTransformStatus = OK
Seq_Frame0118_Timestamp = 31.324
Seq_Frame0119_ForcepToReference-SequenceTransform =0.745541 -0.173988 -0.643348 181.152 0.662007 0.304736 0.68475 178.825 0.0769136 -0.93641 0.342374 90.8177 0 0 0 1 
Seq_Frame0119_ForcepToReference-SequenceTransformStatus = OK
Seq_Frame0119_Timestamp = 31.425
Seq_Frame0120_ForcepToReference-SequenceTransform =0.775611 -0.166594 -0.60883 184.146 0.624927 0.338437 0.703511 177.839 0.0888501 -0.926125 0.366604 91.6052 0 0 0 1 
Seq_Frame0120_ForcepToReference-SequenceTransformStatus = OK
Seq_Frame0120_Timestamp = 31.53
Seq_Frame0121_ForcepToReference-SequenceTransform =0.808336 -0.138287 -0.57225 186.589 0.576401 0.383719 0.721472 175.59 0.119813 -0.913037 0.389882 93.5705 0 0 0 1 
Seq_Frame0121_ForcepToReference-SequenceTransformStatus = OK
Seq_Frame0121_Timestamp = 31.639
Seq_Frame0122_ForcepToReference-SequenceTransform =0.82072 -0.0877554 -0.564551 189.85 0.544317 0.420353 0.725964 175.405 0.173603 -0.903107 0.392758 97.7932 0 0 0 1 
Seq_Frame0122_ForcepToReference-SequenceTransformStatus = OK
Seq_Frame0122_Timestamp = 31.74
Seq_Frame0123_ForcepToReference-SequenceTransform =0.831951 -0.0651614 -0.551009 191.781 0.519314 0.441126 0.731929 173.533 0.195371 -0.895077 0.400834 100.934 0 0 0 1 
Seq_Frame0123_ForcepToReference-SequenceTransformStatus = OK
Seq_Frame0123_Timestamp = 31.84
Seq_Frame0124_ForcepToReference-SequenceTransform =0.843386 -0.0582284 -0.534143 192.263 0.497339 0.46084 0.735038 171.968 0.203354 -0.885571 0.417625 102.456 0 0 0 1 
Seq_Frame0124_ForcepToReference-SequenceTransformStatus = OK
Seq_Frame0124_Timestamp = 31.946
Seq_Frame0125_ForcepToReference-SequenceTransform =0.844785 -0.057811 -0.531974 193.517 0.493109 0.470171 0.731972 173.47 0.207803 -0.88068 0.4257 100.733 0 0 0 1 
Seq_Frame0125_ForcepToReference-SequenceTransformStatus = OK
Seq_Frame0125_Timestamp = 32.047
Seq_Frame0126_ForcepToReference-SequenceTransform =0.847682 -0.0759928 -0.525033 192.654 0.495597 0.466508 0.732635 173.173 0.189257 -0.881247 0.433112 98.031 0 0 0 1 
Seq_Frame0126_ForcepToReference-SequenceTransformStatus = OK
Seq_Frame0126_Timestamp = 32.154
Seq_Frame0127_ForcepToReference-SequenceTransform =0.848041 -0.127901 -0.514264 187.946 0.513083 0.440924 0.736432 172.16 0.132561 -0.888385 0.439546 91.3894 0 0 0 1 
Seq_Frame0127_ForcepToReference-SequenceTransformStatus = OK
Seq_Frame0127_Timestamp = 32.265
Seq_Frame0128_ForcepToReference-SequenceTransform =0.841904 -0.154508 -0.517035 184.189 0.53038 0.413543 0.740054 171.654 0.0994721 -0.897279 0.430111 86.9864 0 0 0 1 
Seq_Frame0128_ForcepToReference-SequenceTransformStatus = OK
Seq_Frame0128_Timestamp = 32.374
Seq_Frame0129_ForcepToReference-SequenceTransform =0.837693 -0.185694 -0.513603 181.747 0.542138 0.396403 0.740913 172.121 0.0660105 -0.899101 0.432735 83.764 0 0 0 1 
Seq_Frame0129_ForcepToReference-SequenceTransformStatus = OK
Seq_Frame0129_Timestamp = 32.475
Seq_Frame0130_ForcepToReference-SequenceTransform =0.831139 -0.237722 -0.502689 178.48 0.555562 0.393435 0.732502 173.784 0.0236437 -0.888086 0.459069 78.7185 0 0 0 1 
Seq_Frame0130_ForcepToReference-SequenceTransformStatus = OK
Seq_Frame0130_Timestamp = 32.579
Seq_Frame0131_ForcepToReference-SequenceTransform =0.828751 -0.268285 -0.491116 176.481 0.559601 0.390441 0.731029 174.655 -0.00437205 -0.88067 0.473711 76.8352 0 0 0 1 
Seq_Frame0131_ForcepToReference-SequenceTransformStatus = OK
Seq_Frame0131_Timestamp = 32.68
Seq_Frame0132_ForcepToReference-SequenceTransform =0.8159 -0.302917 -0.492493 174.27 0.578087 0.411038 0.704885 177.855 -0.0110882 -0.859819 0.510478 74.2477 0 0 0 1 
Seq_Frame0132_ForcepToReference-SequenceTransformStatus = OK
Seq_Frame0132_Timestamp = 32.784
Seq_Frame0133_ForcepToReference-SequenceTransform =0.782729 -0.345585 -0.517597 168.399 0.618889 0.344454 0.705924 180.376 -0.0656689 -0.872882 0.483493 64.4505 0 0 0 1 
Seq_Frame0133_ForcepToReference-SequenceTransformStatus = OK
Seq_Frame0133_Timestamp = 32.89
Seq_Frame0134_ForcepToReference-SequenceTransform =0.708818 -0.400721 -0.580516 160.194 0.691175 0.230159 0.685058 186.881 -0.140906 -0.88682 0.44011 56.4997 0 0 0 1 
Seq_Frame0134_ForcepToReference-SequenceTransformStatus = OK
Seq_Frame0134_Timestamp = 32.994
Seq_Frame0135_ForcepToReference-SequenceTransform =0.600716 -0.397222 -0.693798 155.956 0.778624 0.0938385 0.620435 190.575 -0.181345 -0.912913 0.365656 54.6542 0 0 0 1 
Seq_Frame0135_ForcepToReference-SequenceTransformStatus = OK
Seq_Frame0135_Timestamp = 33.1
Seq_Frame0136_ForcepToReference-SequenceTransform =-0.494815 0.400767 -0.771067 109.348 0.7308 -0.288197 -0.618768 212.663 -0.470201 -0.869671 -0.150277 64.6 0 0 0 1 
Seq_Frame0136_ForcepToReference-SequenceTransformStatus = OK
Seq_Frame0136_Timestamp = 33.729
Seq_Frame0137_ForcepToReference-SequenceTransform =-0.555518 0.437071 -0.707368 105.109 0.68439 -0.242807 -0.687499 212.939 -0.47224 -0.866033 -0.164243 63.1846 0 0 0 1 
Seq_Frame0137_ForcepToReference-SequenceTransformStatus = OK
Seq_Frame0137_Timestamp = 34.039
Seq_Frame0138_ForcepToReference-SequenceTransform =-0.511666 0.527933 -0.677854 105.076 0.676836 -0.238302 -0.696495 213.387 -0.529236 -0.815168 -0.235393 66.5716 0 0 0 1 
Seq_Frame0138_ForcepToReference-SequenceTransformStatus = OK
Seq_Frame0138_Timestamp = 34.153
Seq_Frame0139_ForcepToReference-SequenceTransform =-0.48543 0.565439 -0.66681 107.259 0.679618 -0.235739 -0.694655 211.081 -0.549979 -0.790383 -0.269848 69.8799 0 0 0 1 
Seq_Frame0139_ForcepToReference-SequenceTransformStatus = OK
Seq_Frame0139_Timestamp = 34.254
Seq_Frame0140_ForcepToReference-SequenceTransform =-0.429714 0.570221 -0.700138 112.579 0.728838 -0.238696 -0.641732 211.744 -0.533049 -0.786048 -0.313028 74.284 0 0 0 1 
Seq_Frame0140_ForcepToReference-SequenceTransformStatus = OK
Seq_Frame0140_Timestamp = 34.366
Seq_Frame0141_ForcepToReference-SequenceTransform =-0.471711 0.532096 -0.703109 112.453 0.727363 -0.215933 -0.651395 215.23 -0.498429 -0.818686 -0.285169 73.9986 0 0 0 1 
Seq_Frame0141_ForcepToReference-SequenceTransformStatus = OK
Seq_Frame0141_Timestamp = 34.475
Seq_Frame0142_ForcepToReference-SequenceTransform =-0.553403 0.46824 -0.688837 107.822 0.67732 -0.22833 -0.699359 212.744 -0.48475 -0.853591 -0.190789 66.371 0 0 0 1 
Seq_Frame0142_ForcepToReference-SequenceTransformStatus = OK
Seq_Frame0142_Timestamp = 34.579
Seq_Frame0143_ForcepToReference-SequenceTransform =-0.558183 0.502505 -0.660242 103.774 0.627648 -0.264723 -0.732106 213.489 -0.542669 -0.823049 -0.167633 57.4039 0 0 0 1 
Seq_Frame0143_ForcepToReference-SequenceTransformStatus = OK
Seq_Frame0143_Timestamp = 34.68
Seq_Frame0144_ForcepToReference-SequenceTransform =-0.519809 0.5532 -0.650975 103.247 0.635064 -0.25945 -0.727585 212.735 -0.571395 -0.791616 -0.216453 61.7537 0 0 0 1 
Seq_Frame0144_ForcepToReference-SequenceTransformStatus = OK
Seq_Frame0144_Timestamp = 34.78
Seq_Frame0145_ForcepToReference-SequenceTransform =-0.506669 0.553788 -0.660762 105.06 0.644998 -0.265071 -0.716739 211.143 -0.57207 -0.789339 -0.222889 65.4854 0 0 0 1 
Seq_Frame0145_ForcepToReference-SequenceTransformStatus = OK
Seq_Frame0145_Timestamp = 34.885
Seq_Frame0146_ForcepToReference-SequenceTransform =-0.493359 0.56253 -0.663443 106.76 0.659596 -0.255273 -0.706943 210.454 -0.567036 -0.786381 -0.245101 68.3708 0 0 0 1 
Seq_Frame0146_ForcepToReference-SequenceTransformStatus = OK
Seq_Frame0146_Timestamp = 34.989
Seq_Frame0147_ForcepToReference-SequenceTransform =-0.491002 0.592402 -0.638731 104.732 0.626531 -0.269301 -0.731393 209.872 -0.605289 -0.7593 -0.238931 63.708 0 0 0 1 
Seq_Frame0147_ForcepToReference-SequenceTransformStatus = OK
Seq_Frame0147_Timestamp = 35.089
Seq_Frame0148_ForcepToReference-SequenceTransform =-0.494875 0.59617 -0.632203 102.525 0.618057 -0.269923 -0.738341 209.071 -0.610822 -0.756124 -0.234889 58.8049 0 0 0 1 
Seq_Frame0148_ForcepToReference-SequenceTransformStatus = OK
Seq_Frame0148_Timestamp = 35.19
Seq_Frame0149_ForcepToReference-SequenceTransform =-0.503989 0.587273 -0.633329 100.975 0.60379 -0.284769 -0.744543 208.241 -0.617602 -0.757639 -0.21107 53.0535 0 0 0 1 
Seq_Frame0149_ForcepToReference-SequenceTransformStatus = OK
Seq_Frame0149_Timestamp = 35.29
Seq_Frame0150_ForcepToReference-SequenceTransform =-0.506871 0.569844 -0.646807 102.037 0.618568 -0.282155 -0.733323 203.686 -0.600379 -0.771795 -0.209471 54.3716 0 0 0 1 
Seq_Frame0150_ForcepToReference-SequenceTransformStatus = OK
Seq_Frame0150_Timestamp = 35.391
