ObjectType = Image
NDims = 3
AnatomicalOrientation = RAI
BinaryData = True
CompressedData = False
DimSize = 0 0 1588
ElementSpacing = 1 1 1
Offset = 0 0 0
TransformMatrix = 1 0 0 0 1 0 0 0 1
ElementType = MET_UCHAR
Kinds = domain domain list
Seq_Frame0000_ForcepToReference-SequenceTransform =0.530944 -0.48857 -0.692385 29.3517 0.338573 -0.62671 0.701857 -27.1644 -0.776831 -0.60707 -0.167332 -38.2489 0 0 0 1 
Seq_Frame0000_ForcepToReference-SequenceTransformStatus = OK
Seq_Frame0000_Timestamp = 0.00199986
Seq_Frame0001_ForcepToReference-SequenceTransform =0.531786 -0.488295 -0.691933 29.3771 0.339109 -0.625901 0.702319 -27.1707 -0.776021 -0.608125 -0.16726 -38.213 0 0 0 1 
Seq_Frame0001_ForcepToReference-SequenceTransformStatus = OK
Seq_Frame0001_Timestamp = 0.107
Seq_Frame0002_ForcepToReference-SequenceTransform =0.53081 -0.488522 -0.692522 29.3044 0.339556 -0.626097 0.701929 -27.1321 -0.776494 -0.607741 -0.166458 -38.4133 0 0 0 1 
Seq_Frame0002_ForcepToReference-SequenceTransformStatus = OK
Seq_Frame0002_Timestamp = 0.213
Seq_Frame0003_ForcepToReference-SequenceTransform =0.533421 -0.488221 -0.690726 29.3319 0.339328 -0.6245 0.703461 -27.1325 -0.774802 -0.609623 -0.167454 -38.2668 0 0 0 1 
Seq_Frame0003_ForcepToReference-SequenceTransformStatus = OK
Seq_Frame0003_Timestamp = 0.323
Seq_Frame0004_ForcepToReference-SequenceTransform =0.534626 -0.48513 -0.691971 29.3828 0.333254 -0.631435 0.700166 -27.2661 -0.776606 -0.604928 -0.17591 -38.3167 0 0 0 1 
Seq_Frame0004_ForcepToReference-SequenceTransformStatus = OK
Seq_Frame0004_Timestamp = 0.431
Seq_Frame0005_ForcepToReference-SequenceTransform =0.530898 -0.488357 -0.692571 29.3224 0.338256 -0.62721 0.701562 -27.1924 -0.777001 -0.606725 -0.167795 -38.217 0 0 0 1 
Seq_Frame0005_ForcepToReference-SequenceTransformStatus = OK
Seq_Frame0005_Timestamp = 0.542
Seq_Frame0006_ForcepToReference-SequenceTransform =0.533108 -0.487602 -0.691405 29.3637 0.338039 -0.626392 0.702398 -27.2075 -0.775581 -0.608176 -0.169106 -38.1805 0 0 0 1 
Seq_Frame0006_ForcepToReference-SequenceTransformStatus = OK
Seq_Frame0006_Timestamp = 0.648
Seq_Frame0007_ForcepToReference-SequenceTransform =0.533616 -0.486981 -0.691451 29.336 0.335856 -0.628328 0.701716 -27.2186 -0.77618 -0.606674 -0.17173 -38.1942 0 0 0 1 
Seq_Frame0007_ForcepToReference-SequenceTransformStatus = OK
Seq_Frame0007_Timestamp = 0.749
Seq_Frame0008_ForcepToReference-SequenceTransform =0.534146 -0.487417 -0.690733 29.3281 0.334607 -0.628439 0.702212 -27.1976 -0.776354 -0.606208 -0.172585 -38.1958 0 0 0 1 
Seq_Frame0008_ForcepToReference-SequenceTransformStatus = OK
Seq_Frame0008_Timestamp = 0.857
Seq_Frame0009_ForcepToReference-SequenceTransform =0.534899 -0.488223 -0.689581 29.3388 0.337425 -0.624809 0.704101 -27.1568 -0.774615 -0.609304 -0.169471 -38.2341 0 0 0 1 
Seq_Frame0009_ForcepToReference-SequenceTransformStatus = OK
Seq_Frame0009_Timestamp = 0.962
Seq_Frame0010_ForcepToReference-SequenceTransform =0.53349 -0.488554 -0.690437 29.3327 0.338798 -0.624522 0.703696 -27.1571 -0.774987 -0.609333 -0.167655 -38.2377 0 0 0 1 
Seq_Frame0010_ForcepToReference-SequenceTransformStatus = OK
Seq_Frame0010_Timestamp = 1.067
Seq_Frame0011_ForcepToReference-SequenceTransform =0.533074 -0.487841 -0.691262 29.3515 0.337833 -0.626338 0.702545 -27.1692 -0.775694 -0.60804 -0.169076 -38.2525 0 0 0 1 
Seq_Frame0011_ForcepToReference-SequenceTransformStatus = OK
Seq_Frame0011_Timestamp = 1.178
Seq_Frame0012_ForcepToReference-SequenceTransform =0.533634 -0.487852 -0.690822 29.3492 0.337101 -0.626454 0.702794 -27.158 -0.775627 -0.607911 -0.169841 -38.1942 0 0 0 1 
Seq_Frame0012_ForcepToReference-SequenceTransformStatus = OK
Seq_Frame0012_Timestamp = 1.282
Seq_Frame0013_ForcepToReference-SequenceTransform =0.535252 -0.488106 -0.689389 29.3466 0.338599 -0.623719 0.704503 -27.0808 -0.773857 -0.610514 -0.168575 -38.4002 0 0 0 1 
Seq_Frame0013_ForcepToReference-SequenceTransformStatus = OK
Seq_Frame0013_Timestamp = 1.388
Seq_Frame0014_ForcepToReference-SequenceTransform =0.533091 -0.488041 -0.691108 29.3209 0.336224 -0.62738 0.702387 -27.2013 -0.776381 -0.606803 -0.170359 -38.1736 0 0 0 1 
Seq_Frame0014_ForcepToReference-SequenceTransformStatus = OK
Seq_Frame0014_Timestamp = 1.498
Seq_Frame0015_ForcepToReference-SequenceTransform =0.532661 -0.488357 -0.691216 29.3499 0.337363 -0.62651 0.702617 -27.1527 -0.776182 -0.607448 -0.168964 -38.2904 0 0 0 1 
Seq_Frame0015_ForcepToReference-SequenceTransformStatus = OK
Seq_Frame0015_Timestamp = 1.609
Seq_Frame0016_ForcepToReference-SequenceTransform =0.53177 -0.488506 -0.691797 29.3582 0.338347 -0.626297 0.702335 -27.1722 -0.776365 -0.607548 -0.167761 -38.2585 0 0 0 1 
Seq_Frame0016_ForcepToReference-SequenceTransformStatus = OK
Seq_Frame0016_Timestamp = 1.724
Seq_Frame0017_ForcepToReference-SequenceTransform =0.530848 -0.488576 -0.692455 29.3395 0.338169 -0.627096 0.701707 -27.1874 -0.777073 -0.606667 -0.167671 -38.2036 0 0 0 1 
Seq_Frame0017_ForcepToReference-SequenceTransformStatus = OK
Seq_Frame0017_Timestamp = 1.832
Seq_Frame0018_ForcepToReference-SequenceTransform =0.53217 -0.488364 -0.691589 29.3604 0.337732 -0.626604 0.702356 -27.1621 -0.776358 -0.607345 -0.168524 -38.2145 0 0 0 1 
Seq_Frame0018_ForcepToReference-SequenceTransformStatus = OK
Seq_Frame0018_Timestamp = 1.938
Seq_Frame0019_ForcepToReference-SequenceTransform =0.531245 -0.488982 -0.691864 29.3324 0.34005 -0.624897 0.702758 -27.1432 -0.77598 -0.608605 -0.165695 -38.1481 0 0 0 1 
Seq_Frame0019_ForcepToReference-SequenceTransformStatus = OK
Seq_Frame0019_Timestamp = 2.042
Seq_Frame0020_ForcepToReference-SequenceTransform =0.530292 -0.489463 -0.692254 29.309 0.340593 -0.624741 0.702634 -27.1234 -0.776393 -0.608379 -0.164587 -38.1549 0 0 0 1 
Seq_Frame0020_ForcepToReference-SequenceTransformStatus = OK
Seq_Frame0020_Timestamp = 2.148
Seq_Frame0021_ForcepToReference-SequenceTransform =0.531354 -0.489159 -0.691655 29.3388 0.339368 -0.625165 0.70285 -27.1446 -0.776204 -0.608188 -0.166179 -38.1609 0 0 0 1 
Seq_Frame0021_ForcepToReference-SequenceTransformStatus = OK
Seq_Frame0021_Timestamp = 2.252
Seq_Frame0022_ForcepToReference-SequenceTransform =0.531108 -0.488472 -0.692329 29.3538 0.338458 -0.626769 0.701859 -27.183 -0.776769 -0.607088 -0.167555 -38.2051 0 0 0 1 
Seq_Frame0022_ForcepToReference-SequenceTransformStatus = OK
Seq_Frame0022_Timestamp = 2.358
Seq_Frame0023_ForcepToReference-SequenceTransform =0.531506 -0.491005 -0.690229 29.2329 0.345102 -0.618641 0.705824 -26.9439 -0.773567 -0.613349 -0.159364 -38.0043 0 0 0 1 
Seq_Frame0023_ForcepToReference-SequenceTransformStatus = OK
Seq_Frame0023_Timestamp = 2.463
Seq_Frame0024_ForcepToReference-SequenceTransform =0.531506 -0.491005 -0.690229 29.2329 0.345102 -0.618641 0.705824 -26.9439 -0.773567 -0.613349 -0.159364 -38.0043 0 0 0 1 
Seq_Frame0024_ForcepToReference-SequenceTransformStatus = OK
Seq_Frame0024_Timestamp = 3.232
Seq_Frame0025_ForcepToReference-SequenceTransform =0.41036 0.61181 0.676234 -8.61361 -0.676299 0.701622 -0.224379 144.347 -0.611738 -0.365261 0.701684 -42.6678 0 0 0 1 
Seq_Frame0025_ForcepToReference-SequenceTransformStatus = OK
Seq_Frame0025_Timestamp = 3.343
Seq_Frame0026_ForcepToReference-SequenceTransform =0.398121 0.446073 0.801573 -14.5866 -0.570152 0.804856 -0.16472 192.839 -0.718628 -0.39144 0.574759 12.0645 0 0 0 1 
Seq_Frame0026_ForcepToReference-SequenceTransformStatus = OK
Seq_Frame0026_Timestamp = 3.448
Seq_Frame0027_ForcepToReference-SequenceTransform =0.282353 0.105936 0.953443 -28.9816 -0.320089 0.94733 -0.0104656 224.19 -0.904334 -0.302232 0.30139 73.7221 0 0 0 1 
Seq_Frame0027_ForcepToReference-SequenceTransformStatus = OK
Seq_Frame0027_Timestamp = 3.552
Seq_Frame0028_ForcepToReference-SequenceTransform =0.264189 0.024992 0.964147 -29.0317 -0.263262 0.963571 0.0471604 227.232 -0.927845 -0.266283 0.261145 84.4609 0 0 0 1 
Seq_Frame0028_ForcepToReference-SequenceTransformStatus = OK
Seq_Frame0028_Timestamp = 3.672
Seq_Frame0029_ForcepToReference-SequenceTransform =0.264189 0.024992 0.964147 -29.0317 -0.263262 0.963571 0.0471604 227.232 -0.927845 -0.266283 0.261145 84.4609 0 0 0 1 
Seq_Frame0029_ForcepToReference-SequenceTransformStatus = OK
Seq_Frame0029_Timestamp = 3.777
Seq_Frame0030_ForcepToReference-SequenceTransform =0.264189 0.024992 0.964147 -29.0317 -0.263262 0.963571 0.0471604 227.232 -0.927845 -0.266283 0.261145 84.4609 0 0 0 1 
Seq_Frame0030_ForcepToReference-SequenceTransformStatus = OK
Seq_Frame0030_Timestamp = 3.882
Seq_Frame0031_ForcepToReference-SequenceTransform =0.264189 0.024992 0.964147 -29.0317 -0.263262 0.963571 0.0471604 227.232 -0.927845 -0.266283 0.261145 84.4609 0 0 0 1 
Seq_Frame0031_ForcepToReference-SequenceTransformStatus = OK
Seq_Frame0031_Timestamp = 3.993
Seq_Frame0032_ForcepToReference-SequenceTransform =0.264189 0.024992 0.964147 -29.0317 -0.263262 0.963571 0.0471604 227.232 -0.927845 -0.266283 0.261145 84.4609 0 0 0 1 
Seq_Frame0032_ForcepToReference-SequenceTransformStatus = OK
Seq_Frame0032_Timestamp = 4.097
Seq_Frame0033_ForcepToReference-SequenceTransform =0.264189 0.024992 0.964147 -29.0317 -0.263262 0.963571 0.0471604 227.232 -0.927845 -0.266283 0.261145 84.4609 0 0 0 1 
Seq_Frame0033_ForcepToReference-SequenceTransformStatus = OK
Seq_Frame0033_Timestamp = 4.202
Seq_Frame0034_ForcepToReference-SequenceTransform =0.264189 0.024992 0.964147 -29.0317 -0.263262 0.963571 0.0471604 227.232 -0.927845 -0.266283 0.261145 84.4609 0 0 0 1 
Seq_Frame0034_ForcepToReference-SequenceTransformStatus = OK
Seq_Frame0034_Timestamp = 4.307
Seq_Frame0035_ForcepToReference-SequenceTransform =0.264189 0.024992 0.964147 -29.0317 -0.263262 0.963571 0.0471604 227.232 -0.927845 -0.266283 0.261145 84.4609 0 0 0 1 
Seq_Frame0035_ForcepToReference-SequenceTransformStatus = OK
Seq_Frame0035_Timestamp = 4.408
Seq_Frame0036_ForcepToReference-SequenceTransform =0.264189 0.024992 0.964147 -29.0317 -0.263262 0.963571 0.0471604 227.232 -0.927845 -0.266283 0.261145 84.4609 0 0 0 1 
Seq_Frame0036_ForcepToReference-SequenceTransformStatus = OK
Seq_Frame0036_Timestamp = 4.513
Seq_Frame0037_ForcepToReference-SequenceTransform =0.264189 0.024992 0.964147 -29.0317 -0.263262 0.963571 0.0471604 227.232 -0.927845 -0.266283 0.261145 84.4609 0 0 0 1 
Seq_Frame0037_ForcepToReference-SequenceTransformStatus = OK
Seq_Frame0037_Timestamp = 4.618
Seq_Frame0038_ForcepToReference-SequenceTransform =0.264189 0.024992 0.964147 -29.0317 -0.263262 0.963571 0.0471604 227.232 -0.927845 -0.266283 0.261145 84.4609 0 0 0 1 
Seq_Frame0038_ForcepToReference-SequenceTransformStatus = OK
Seq_Frame0038_Timestamp = 4.723
Seq_Frame0039_ForcepToReference-SequenceTransform =0.264189 0.024992 0.964147 -29.0317 -0.263262 0.963571 0.0471604 227.232 -0.927845 -0.266283 0.261145 84.4609 0 0 0 1 
Seq_Frame0039_ForcepToReference-SequenceTransformStatus = OK
Seq_Frame0039_Timestamp = 4.827
Seq_Frame0040_ForcepToReference-SequenceTransform =0.264189 0.024992 0.964147 -29.0317 -0.263262 0.963571 0.0471604 227.232 -0.927845 -0.266283 0.261145 84.4609 0 0 0 1 
Seq_Frame0040_ForcepToReference-SequenceTransformStatus = OK
Seq_Frame0040_Timestamp = 5.022
Seq_Frame0041_ForcepToReference-SequenceTransform =-0.819462 0.480151 -0.312949 52.1516 0.337884 -0.0363249 -0.940486 298.826 -0.462943 -0.876433 -0.132469 26.6373 0 0 0 1 
Seq_Frame0041_ForcepToReference-SequenceTransformStatus = OK
Seq_Frame0041_Timestamp = 5.823
Seq_Frame0042_ForcepToReference-SequenceTransform =-0.791859 0.361171 -0.492458 53.8236 0.509696 -0.0533434 -0.858699 287.852 -0.336407 -0.930973 -0.141847 18.3141 0 0 0 1 
Seq_Frame0042_ForcepToReference-SequenceTransformStatus = OK
Seq_Frame0042_Timestamp = 5.932
Seq_Frame0043_ForcepToReference-SequenceTransform =-0.0558069 -0.563382 -0.82431 -12.7551 0.957712 -0.263606 0.115325 185.62 -0.282265 -0.783015 0.554269 -16.632 0 0 0 1 
Seq_Frame0043_ForcepToReference-SequenceTransformStatus = OK
Seq_Frame0043_Timestamp = 6.192
Seq_Frame0044_ForcepToReference-SequenceTransform =-0.138734 -0.648854 -0.748158 -31.1489 0.974282 -0.224873 0.0143602 174.829 -0.177558 -0.726925 0.663365 4.27833 0 0 0 1 
Seq_Frame0044_ForcepToReference-SequenceTransformStatus = OK
Seq_Frame0044_Timestamp = 6.303
Seq_Frame0045_ForcepToReference-SequenceTransform =-0.17676 -0.510763 -0.841355 -18.2778 0.979873 -0.171881 -0.101517 171.107 -0.0927623 -0.842365 0.530864 14.2841 0 0 0 1 
Seq_Frame0045_ForcepToReference-SequenceTransformStatus = OK
Seq_Frame0045_Timestamp = 6.408
Seq_Frame0046_ForcepToReference-SequenceTransform =-0.189899 -0.400562 -0.896375 -12.8747 0.979161 -0.144203 -0.142998 164.986 -0.0719809 -0.904851 0.419599 16.9189 0 0 0 1 
Seq_Frame0046_ForcepToReference-SequenceTransformStatus = OK
Seq_Frame0046_Timestamp = 6.517
Seq_Frame0047_ForcepToReference-SequenceTransform =-0.548938 0.44534 -0.707346 26.6422 0.82753 0.408751 -0.384861 234.203 0.117734 -0.796615 -0.592911 172.973 0 0 0 1 
Seq_Frame0047_ForcepToReference-SequenceTransformStatus = OK
Seq_Frame0047_Timestamp = 6.698
Seq_Frame0048_ForcepToReference-SequenceTransform =-0.518421 0.481536 -0.706656 29.2883 0.846476 0.406217 -0.344189 237.783 0.121316 -0.776602 -0.6182 171.204 0 0 0 1 
Seq_Frame0048_ForcepToReference-SequenceTransformStatus = OK
Seq_Frame0048_Timestamp = 6.808
Seq_Frame0049_ForcepToReference-SequenceTransform =-0.501389 0.49561 -0.70921 30.3167 0.855211 0.40821 -0.319342 238.311 0.131237 -0.766639 -0.628523 170.009 0 0 0 1 
Seq_Frame0049_ForcepToReference-SequenceTransformStatus = OK
Seq_Frame0049_Timestamp = 6.912
Seq_Frame0050_ForcepToReference-SequenceTransform =-0.509836 0.497368 -0.701921 29.8008 0.853938 0.391421 -0.3429 238.291 0.104199 -0.774219 -0.624281 172.578 0 0 0 1 
Seq_Frame0050_ForcepToReference-SequenceTransformStatus = OK
Seq_Frame0050_Timestamp = 7.018
Seq_Frame0051_ForcepToReference-SequenceTransform =-0.484337 0.516464 -0.706175 28.5733 0.866616 0.393908 -0.30629 237.187 0.119981 -0.76033 -0.63836 173.55 0 0 0 1 
Seq_Frame0051_ForcepToReference-SequenceTransformStatus = OK
Seq_Frame0051_Timestamp = 7.134
Seq_Frame0052_ForcepToReference-SequenceTransform =-0.50609 0.525187 -0.684143 28.6628 0.858951 0.3786 -0.344768 236.188 0.077949 -0.762129 -0.642716 175.415 0 0 0 1 
Seq_Frame0052_ForcepToReference-SequenceTransformStatus = OK
Seq_Frame0052_Timestamp = 7.248
Seq_Frame0053_ForcepToReference-SequenceTransform =-0.512223 0.532887 -0.673542 29.2162 0.85646 0.375425 -0.354306 235.77 0.0640596 -0.758345 -0.648698 174.378 0 0 0 1 
Seq_Frame0053_ForcepToReference-SequenceTransformStatus = OK
Seq_Frame0053_Timestamp = 7.349
Seq_Frame0054_ForcepToReference-SequenceTransform =-0.510464 0.533717 -0.67422 29.2239 0.857463 0.374913 -0.352417 235.745 0.0646827 -0.758015 -0.649022 174.543 0 0 0 1 
Seq_Frame0054_ForcepToReference-SequenceTransformStatus = OK
Seq_Frame0054_Timestamp = 7.833
Seq_Frame0055_ForcepToReference-SequenceTransform =-0.510464 0.533717 -0.67422 29.2239 0.857463 0.374913 -0.352417 235.745 0.0646827 -0.758015 -0.649022 174.543 0 0 0 1 
Seq_Frame0055_ForcepToReference-SequenceTransformStatus = OK
Seq_Frame0055_Timestamp = 8.117
Seq_Frame0056_ForcepToReference-SequenceTransform =0.653286 -0.192985 0.732102 17.8304 0.365906 0.927019 -0.0821475 254.944 -0.66282 0.321546 0.676224 13.0847 0 0 0 1 
Seq_Frame0056_ForcepToReference-SequenceTransformStatus = OK
Seq_Frame0056_Timestamp = 8.627
Seq_Frame0057_ForcepToReference-SequenceTransform =0.504331 -0.0543575 0.861798 16.3509 0.291489 0.950153 -0.110651 250.413 -0.812825 0.307009 0.495037 -16.6662 0 0 0 1 
Seq_Frame0057_ForcepToReference-SequenceTransformStatus = OK
Seq_Frame0057_Timestamp = 9.447
Seq_Frame0058_ForcepToReference-SequenceTransform =-0.432151 0.378786 -0.818393 37.7426 0.901245 0.21328 -0.377185 253.101 0.0316745 -0.900573 -0.433548 199.11 0 0 0 1 
Seq_Frame0058_ForcepToReference-SequenceTransformStatus = OK
Seq_Frame0058_Timestamp = 11.932
Seq_Frame0059_ForcepToReference-SequenceTransform =-0.0699388 0.707866 -0.702875 89.4185 0.991507 0.126778 0.0290191 246.295 0.10965 -0.694876 -0.710721 147.219 0 0 0 1 
Seq_Frame0059_ForcepToReference-SequenceTransformStatus = OK
Seq_Frame0059_Timestamp = 14.242
Seq_Frame0060_ForcepToReference-SequenceTransform =-0.0699388 0.707866 -0.702875 89.4185 0.991507 0.126778 0.0290191 246.295 0.10965 -0.694876 -0.710721 147.219 0 0 0 1 
Seq_Frame0060_ForcepToReference-SequenceTransformStatus = OK
Seq_Frame0060_Timestamp = 14.352
Seq_Frame0061_ForcepToReference-SequenceTransform =0.309947 -0.0269946 0.95037 15.1863 -0.351014 0.925728 0.140772 195.822 -0.883584 -0.377226 0.277452 -19.6764 0 0 0 1 
Seq_Frame0061_ForcepToReference-SequenceTransformStatus = OK
Seq_Frame0061_Timestamp = 14.458
Seq_Frame0062_ForcepToReference-SequenceTransform =0.256892 0.0264299 0.966079 21.3641 -0.440999 0.892692 0.0928451 189.063 -0.859957 -0.449891 0.240981 -6.70586 0 0 0 1 
Seq_Frame0062_ForcepToReference-SequenceTransformStatus = OK
Seq_Frame0062_Timestamp = 14.563
Seq_Frame0063_ForcepToReference-SequenceTransform =0.184164 0.133155 0.973834 27.5032 -0.547167 0.836952 -0.0109621 183.65 -0.816512 -0.530831 0.226994 -9.76285 0 0 0 1 
Seq_Frame0063_ForcepToReference-SequenceTransformStatus = OK
Seq_Frame0063_Timestamp = 14.674
Seq_Frame0064_ForcepToReference-SequenceTransform =0.144303 0.162122 0.976162 29.4156 -0.587904 0.807552 -0.0472111 180.189 -0.795956 -0.567077 0.211845 -13.0123 0 0 0 1 
Seq_Frame0064_ForcepToReference-SequenceTransformStatus = OK
Seq_Frame0064_Timestamp = 14.788
Seq_Frame0065_ForcepToReference-SequenceTransform =0.118614 0.208151 0.970878 33.5127 -0.644615 0.759861 -0.0841567 175.798 -0.75525 -0.61586 0.224308 -11.6378 0 0 0 1 
Seq_Frame0065_ForcepToReference-SequenceTransformStatus = OK
Seq_Frame0065_Timestamp = 14.893
Seq_Frame0066_ForcepToReference-SequenceTransform =0.118659 0.217059 0.96892 36.8161 -0.651426 0.753472 -0.0890174 176.796 -0.749376 -0.620617 0.230804 -7.63852 0 0 0 1 
Seq_Frame0066_ForcepToReference-SequenceTransformStatus = OK
Seq_Frame0066_Timestamp = 14.998
Seq_Frame0067_ForcepToReference-SequenceTransform =0.117852 0.207023 0.971212 40.7772 -0.646591 0.758289 -0.0831754 178.382 -0.753679 -0.618174 0.223225 -4.31928 0 0 0 1 
Seq_Frame0067_ForcepToReference-SequenceTransformStatus = OK
Seq_Frame0067_Timestamp = 15.103
Seq_Frame0068_ForcepToReference-SequenceTransform =0.161893 0.167478 0.972493 44.0568 -0.627938 0.777708 -0.0293987 179.238 -0.761239 -0.605906 0.231071 -1.81108 0 0 0 1 
Seq_Frame0068_ForcepToReference-SequenceTransformStatus = OK
Seq_Frame0068_Timestamp = 15.208
Seq_Frame0069_ForcepToReference-SequenceTransform =0.226956 0.176013 0.957868 48.7922 -0.619306 0.785146 0.002463 178.96 -0.751632 -0.593772 0.287199 -1.06862 0 0 0 1 
Seq_Frame0069_ForcepToReference-SequenceTransformStatus = OK
Seq_Frame0069_Timestamp = 15.324
Seq_Frame0070_ForcepToReference-SequenceTransform =0.270331 0.154629 0.950269 47.6655 -0.603944 0.795903 0.0422986 176.677 -0.749782 -0.585344 0.308545 -6.16686 0 0 0 1 
Seq_Frame0070_ForcepToReference-SequenceTransformStatus = OK
Seq_Frame0070_Timestamp = 15.424
Seq_Frame0071_ForcepToReference-SequenceTransform =0.299429 0.144303 0.943143 43.7915 -0.596152 0.800084 0.0668515 173.482 -0.744947 -0.582274 0.325594 -14.6014 0 0 0 1 
Seq_Frame0071_ForcepToReference-SequenceTransformStatus = OK
Seq_Frame0071_Timestamp = 15.525
Seq_Frame0072_ForcepToReference-SequenceTransform =0.312074 0.153193 0.937626 39.8082 -0.624408 0.776898 0.0808918 167.632 -0.716048 -0.610706 0.338104 -28.6796 0 0 0 1 
Seq_Frame0072_ForcepToReference-SequenceTransformStatus = OK
Seq_Frame0072_Timestamp = 15.633
Seq_Frame0073_ForcepToReference-SequenceTransform =0.293597 0.136794 0.946091 35.9796 -0.639868 0.763408 0.0881873 164.306 -0.71019 -0.631265 0.311664 -44.513 0 0 0 1 
Seq_Frame0073_ForcepToReference-SequenceTransformStatus = OK
Seq_Frame0073_Timestamp = 15.738
Seq_Frame0074_ForcepToReference-SequenceTransform =0.256091 0.182181 0.94933 43.7748 -0.614284 0.788955 0.0143042 166.267 -0.746373 -0.586821 0.313955 -54.4481 0 0 0 1 
Seq_Frame0074_ForcepToReference-SequenceTransformStatus = OK
Seq_Frame0074_Timestamp = 15.847
Seq_Frame0075_ForcepToReference-SequenceTransform =0.214884 0.300295 0.929327 70.4025 -0.552518 0.82202 -0.137865 177.598 -0.805325 -0.483845 0.342557 -48.4025 0 0 0 1 
Seq_Frame0075_ForcepToReference-SequenceTransformStatus = OK
Seq_Frame0075_Timestamp = 15.953
Seq_Frame0076_ForcepToReference-SequenceTransform =0.195392 0.460678 0.865793 98.3854 -0.489154 0.81094 -0.3211 180.975 -0.85003 -0.360766 0.383793 -33.6865 0 0 0 1 
Seq_Frame0076_ForcepToReference-SequenceTransformStatus = OK
Seq_Frame0076_Timestamp = 16.062
Seq_Frame0077_ForcepToReference-SequenceTransform =0.195392 0.460678 0.865793 98.3854 -0.489154 0.81094 -0.3211 180.975 -0.85003 -0.360766 0.383793 -33.6865 0 0 0 1 
Seq_Frame0077_ForcepToReference-SequenceTransformStatus = OK
Seq_Frame0077_Timestamp = 16.167
Seq_Frame0078_ForcepToReference-SequenceTransform =-0.0128858 -0.66971 -0.742511 79.3377 0.836196 -0.414389 0.359247 172.979 -0.54828 -0.616256 0.565348 -27.0883 0 0 0 1 
Seq_Frame0078_ForcepToReference-SequenceTransformStatus = OK
Seq_Frame0078_Timestamp = 16.273
Seq_Frame0079_ForcepToReference-SequenceTransform =-0.0251755 -0.765536 -0.6429 49.9055 0.809102 -0.393308 0.436649 166.655 -0.587128 -0.509179 0.629299 -23.8107 0 0 0 1 
Seq_Frame0079_ForcepToReference-SequenceTransformStatus = OK
Seq_Frame0079_Timestamp = 16.377
Seq_Frame0080_ForcepToReference-SequenceTransform =0.00180376 -0.731515 -0.681823 35.2461 0.80114 -0.406998 0.43878 170.689 -0.598475 -0.547027 0.585311 0.107976 0 0 0 1 
Seq_Frame0080_ForcepToReference-SequenceTransformStatus = OK
Seq_Frame0080_Timestamp = 16.488
Seq_Frame0081_ForcepToReference-SequenceTransform =-0.0103331 -0.759508 -0.650416 36.9069 0.743447 -0.440825 0.502952 166.684 -0.668715 -0.478353 0.569209 23.5564 0 0 0 1 
Seq_Frame0081_ForcepToReference-SequenceTransformStatus = OK
Seq_Frame0081_Timestamp = 16.597
Seq_Frame0082_ForcepToReference-SequenceTransform =-0.256249 0.532794 0.806515 46.1035 -0.658379 0.5147 -0.5492 166.631 -0.707724 -0.671725 0.218889 38.9742 0 0 0 1 
Seq_Frame0082_ForcepToReference-SequenceTransformStatus = OK
Seq_Frame0082_Timestamp = 16.702
Seq_Frame0083_ForcepToReference-SequenceTransform =-0.20711 0.530091 0.822258 53.373 -0.633405 0.567887 -0.525646 175.343 -0.74559 -0.629689 0.218147 51.4837 0 0 0 1 
Seq_Frame0083_ForcepToReference-SequenceTransformStatus = OK
Seq_Frame0083_Timestamp = 16.813
Seq_Frame0084_ForcepToReference-SequenceTransform =-0.196306 0.506539 0.839572 67.9479 -0.603376 0.612527 -0.510635 178.542 -0.772917 -0.606819 0.185391 33.4547 0 0 0 1 
Seq_Frame0084_ForcepToReference-SequenceTransformStatus = OK
Seq_Frame0084_Timestamp = 16.993
Seq_Frame0085_ForcepToReference-SequenceTransform =0.10373 -0.611392 -0.7845 106.339 0.802351 -0.414682 0.429269 169.868 -0.58777 -0.673972 0.447536 39.376 0 0 0 1 
Seq_Frame0085_ForcepToReference-SequenceTransformStatus = OK
Seq_Frame0085_Timestamp = 17.097
Seq_Frame0086_ForcepToReference-SequenceTransform =0.192583 -0.709946 -0.677413 71.3127 0.745794 -0.342753 0.571237 150.164 -0.637733 -0.615221 0.463464 4.39205 0 0 0 1 
Seq_Frame0086_ForcepToReference-SequenceTransformStatus = OK
Seq_Frame0086_Timestamp = 18.413
Seq_Frame0087_ForcepToReference-SequenceTransform =0.051755 -0.800009 -0.597751 41.0638 0.754761 -0.360618 0.547987 161.532 -0.653955 -0.479521 0.585152 -20.0736 0 0 0 1 
Seq_Frame0087_ForcepToReference-SequenceTransformStatus = OK
Seq_Frame0087_Timestamp = 18.522
Seq_Frame0088_ForcepToReference-SequenceTransform =-0.0406406 -0.719717 -0.693077 45.23 0.793186 -0.445064 0.41566 179.517 -0.607621 -0.532847 0.588957 17.3066 0 0 0 1 
Seq_Frame0088_ForcepToReference-SequenceTransformStatus = OK
Seq_Frame0088_Timestamp = 18.633
Seq_Frame0089_ForcepToReference-SequenceTransform =-0.239652 0.640622 0.7295 68.5652 -0.657651 0.445625 -0.607382 151.006 -0.714186 -0.625317 0.314511 21.9832 0 0 0 1 
Seq_Frame0089_ForcepToReference-SequenceTransformStatus = OK
Seq_Frame0089_Timestamp = 18.742
Seq_Frame0090_ForcepToReference-SequenceTransform =-0.172098 0.741314 0.648719 93.0437 -0.649214 0.409938 -0.64068 151.292 -0.74088 -0.531417 0.410722 31.0882 0 0 0 1 
Seq_Frame0090_ForcepToReference-SequenceTransformStatus = OK
Seq_Frame0090_Timestamp = 21.132
Seq_Frame0091_ForcepToReference-SequenceTransform =-0.172098 0.741314 0.648719 93.0437 -0.649214 0.409938 -0.64068 151.292 -0.74088 -0.531417 0.410722 31.0882 0 0 0 1 
Seq_Frame0091_ForcepToReference-SequenceTransformStatus = OK
Seq_Frame0091_Timestamp = 21.482
Seq_Frame0092_ForcepToReference-SequenceTransform =-0.172098 0.741314 0.648719 93.0437 -0.649214 0.409938 -0.64068 151.292 -0.74088 -0.531417 0.410722 31.0882 0 0 0 1 
Seq_Frame0092_ForcepToReference-SequenceTransformStatus = OK
Seq_Frame0092_Timestamp = 21.587
Seq_Frame0093_ForcepToReference-SequenceTransform =-0.172098 0.741314 0.648719 93.0437 -0.649214 0.409938 -0.64068 151.292 -0.74088 -0.531417 0.410722 31.0882 0 0 0 1 
Seq_Frame0093_ForcepToReference-SequenceTransformStatus = OK
Seq_Frame0093_Timestamp = 21.693
Seq_Frame0094_ForcepToReference-SequenceTransform =-0.172098 0.741314 0.648719 93.0437 -0.649214 0.409938 -0.64068 151.292 -0.74088 -0.531417 0.410722 31.0882 0 0 0 1 
Seq_Frame0094_ForcepToReference-SequenceTransformStatus = OK
Seq_Frame0094_Timestamp = 21.797
Seq_Frame0095_ForcepToReference-SequenceTransform =-0.172098 0.741314 0.648719 93.0437 -0.649214 0.409938 -0.64068 151.292 -0.74088 -0.531417 0.410722 31.0882 0 0 0 1 
Seq_Frame0095_ForcepToReference-SequenceTransformStatus = OK
Seq_Frame0095_Timestamp = 21.905
Seq_Frame0096_ForcepToReference-SequenceTransform =-0.172098 0.741314 0.648719 93.0437 -0.649214 0.409938 -0.64068 151.292 -0.74088 -0.531417 0.410722 31.0882 0 0 0 1 
Seq_Frame0096_ForcepToReference-SequenceTransformStatus = OK
Seq_Frame0096_Timestamp = 22.013
Seq_Frame0097_ForcepToReference-SequenceTransform =-0.172098 0.741314 0.648719 93.0437 -0.649214 0.409938 -0.64068 151.292 -0.74088 -0.531417 0.410722 31.0882 0 0 0 1 
Seq_Frame0097_ForcepToReference-SequenceTransformStatus = OK
Seq_Frame0097_Timestamp = 22.118
Seq_Frame0098_ForcepToReference-SequenceTransform =-0.172098 0.741314 0.648719 93.0437 -0.649214 0.409938 -0.64068 151.292 -0.74088 -0.531417 0.410722 31.0882 0 0 0 1 
Seq_Frame0098_ForcepToReference-SequenceTransformStatus = OK
Seq_Frame0098_Timestamp = 22.223
Seq_Frame0099_ForcepToReference-SequenceTransform =-0.172098 0.741314 0.648719 93.0437 -0.649214 0.409938 -0.64068 151.292 -0.74088 -0.531417 0.410722 31.0882 0 0 0 1 
Seq_Frame0099_ForcepToReference-SequenceTransformStatus = OK
Seq_Frame0099_Timestamp = 22.327
Seq_Frame0100_ForcepToReference-SequenceTransform =-0.172098 0.741314 0.648719 93.0437 -0.649214 0.409938 -0.64068 151.292 -0.74088 -0.531417 0.410722 31.0882 0 0 0 1 
Seq_Frame0100_ForcepToReference-SequenceTransformStatus = OK
Seq_Frame0100_Timestamp = 22.433
Seq_Frame0101_ForcepToReference-SequenceTransform =-0.172098 0.741314 0.648719 93.0437 -0.649214 0.409938 -0.64068 151.292 -0.74088 -0.531417 0.410722 31.0882 0 0 0 1 
Seq_Frame0101_ForcepToReference-SequenceTransformStatus = OK
Seq_Frame0101_Timestamp = 22.542
Seq_Frame0102_ForcepToReference-SequenceTransform =-0.172098 0.741314 0.648719 93.0437 -0.649214 0.409938 -0.64068 151.292 -0.74088 -0.531417 0.410722 31.0882 0 0 0 1 
Seq_Frame0102_ForcepToReference-SequenceTransformStatus = OK
Seq_Frame0102_Timestamp = 22.648
Seq_Frame0103_ForcepToReference-SequenceTransform =-0.172098 0.741314 0.648719 93.0437 -0.649214 0.409938 -0.64068 151.292 -0.74088 -0.531417 0.410722 31.0882 0 0 0 1 
Seq_Frame0103_ForcepToReference-SequenceTransformStatus = OK
Seq_Frame0103_Timestamp = 22.752
Seq_Frame0104_ForcepToReference-SequenceTransform =-0.172098 0.741314 0.648719 93.0437 -0.649214 0.409938 -0.64068 151.292 -0.74088 -0.531417 0.410722 31.0882 0 0 0 1 
Seq_Frame0104_ForcepToReference-SequenceTransformStatus = OK
Seq_Frame0104_Timestamp = 22.863
Seq_Frame0105_ForcepToReference-SequenceTransform =-0.172098 0.741314 0.648719 93.0437 -0.649214 0.409938 -0.64068 151.292 -0.74088 -0.531417 0.410722 31.0882 0 0 0 1 
Seq_Frame0105_ForcepToReference-SequenceTransformStatus = OK
Seq_Frame0105_Timestamp = 22.968
Seq_Frame0106_ForcepToReference-SequenceTransform =-0.172098 0.741314 0.648719 93.0437 -0.649214 0.409938 -0.64068 151.292 -0.74088 -0.531417 0.410722 31.0882 0 0 0 1 
Seq_Frame0106_ForcepToReference-SequenceTransformStatus = OK
Seq_Frame0106_Timestamp = 23.074
Seq_Frame0107_ForcepToReference-SequenceTransform =-0.172098 0.741314 0.648719 93.0437 -0.649214 0.409938 -0.64068 151.292 -0.74088 -0.531417 0.410722 31.0882 0 0 0 1 
Seq_Frame0107_ForcepToReference-SequenceTransformStatus = OK
Seq_Frame0107_Timestamp = 23.174
Seq_Frame0108_ForcepToReference-SequenceTransform =-0.172098 0.741314 0.648719 93.0437 -0.649214 0.409938 -0.64068 151.292 -0.74088 -0.531417 0.410722 31.0882 0 0 0 1 
Seq_Frame0108_ForcepToReference-SequenceTransformStatus = OK
Seq_Frame0108_Timestamp = 23.287
Seq_Frame0109_ForcepToReference-SequenceTransform =-0.172098 0.741314 0.648719 93.0437 -0.649214 0.409938 -0.64068 151.292 -0.74088 -0.531417 0.410722 31.0882 0 0 0 1 
Seq_Frame0109_ForcepToReference-SequenceTransformStatus = OK
Seq_Frame0109_Timestamp = 23.392
Seq_Frame0110_ForcepToReference-SequenceTransform =-0.172098 0.741314 0.648719 93.0437 -0.649214 0.409938 -0.64068 151.292 -0.74088 -0.531417 0.410722 31.0882 0 0 0 1 
Seq_Frame0110_ForcepToReference-SequenceTransformStatus = OK
Seq_Frame0110_Timestamp = 23.498
Seq_Frame0111_ForcepToReference-SequenceTransform =-0.172098 0.741314 0.648719 93.0437 -0.649214 0.409938 -0.64068 151.292 -0.74088 -0.531417 0.410722 31.0882 0 0 0 1 
Seq_Frame0111_ForcepToReference-SequenceTransformStatus = OK
Seq_Frame0111_Timestamp = 23.602
Seq_Frame0112_ForcepToReference-SequenceTransform =-0.172098 0.741314 0.648719 93.0437 -0.649214 0.409938 -0.64068 151.292 -0.74088 -0.531417 0.410722 31.0882 0 0 0 1 
Seq_Frame0112_ForcepToReference-SequenceTransformStatus = OK
Seq_Frame0112_Timestamp = 23.707
Seq_Frame0113_ForcepToReference-SequenceTransform =-0.172098 0.741314 0.648719 93.0437 -0.649214 0.409938 -0.64068 151.292 -0.74088 -0.531417 0.410722 31.0882 0 0 0 1 
Seq_Frame0113_ForcepToReference-SequenceTransformStatus = OK
Seq_Frame0113_Timestamp = 23.818
Seq_Frame0114_ForcepToReference-SequenceTransform =-0.172098 0.741314 0.648719 93.0437 -0.649214 0.409938 -0.64068 151.292 -0.74088 -0.531417 0.410722 31.0882 0 0 0 1 
Seq_Frame0114_ForcepToReference-SequenceTransformStatus = OK
Seq_Frame0114_Timestamp = 23.924
Seq_Frame0115_ForcepToReference-SequenceTransform =-0.172098 0.741314 0.648719 93.0437 -0.649214 0.409938 -0.64068 151.292 -0.74088 -0.531417 0.410722 31.0882 0 0 0 1 
Seq_Frame0115_ForcepToReference-SequenceTransformStatus = OK
Seq_Frame0115_Timestamp = 24.027
Seq_Frame0116_ForcepToReference-SequenceTransform =-0.172098 0.741314 0.648719 93.0437 -0.649214 0.409938 -0.64068 151.292 -0.74088 -0.531417 0.410722 31.0882 0 0 0 1 
Seq_Frame0116_ForcepToReference-SequenceTransformStatus = OK
Seq_Frame0116_Timestamp = 24.132
Seq_Frame0117_ForcepToReference-SequenceTransform =-0.172098 0.741314 0.648719 93.0437 -0.649214 0.409938 -0.64068 151.292 -0.74088 -0.531417 0.410722 31.0882 0 0 0 1 
Seq_Frame0117_ForcepToReference-SequenceTransformStatus = OK
Seq_Frame0117_Timestamp = 24.237
Seq_Frame0118_ForcepToReference-SequenceTransform =-0.172098 0.741314 0.648719 93.0437 -0.649214 0.409938 -0.64068 151.292 -0.74088 -0.531417 0.410722 31.0882 0 0 0 1 
Seq_Frame0118_ForcepToReference-SequenceTransformStatus = OK
Seq_Frame0118_Timestamp = 24.342
Seq_Frame0119_ForcepToReference-SequenceTransform =-0.172098 0.741314 0.648719 93.0437 -0.649214 0.409938 -0.64068 151.292 -0.74088 -0.531417 0.410722 31.0882 0 0 0 1 
Seq_Frame0119_ForcepToReference-SequenceTransformStatus = OK
Seq_Frame0119_Timestamp = 24.447
Seq_Frame0120_ForcepToReference-SequenceTransform =-0.172098 0.741314 0.648719 93.0437 -0.649214 0.409938 -0.64068 151.292 -0.74088 -0.531417 0.410722 31.0882 0 0 0 1 
Seq_Frame0120_ForcepToReference-SequenceTransformStatus = OK
Seq_Frame0120_Timestamp = 24.553
Seq_Frame0121_ForcepToReference-SequenceTransform =-0.172098 0.741314 0.648719 93.0437 -0.649214 0.409938 -0.64068 151.292 -0.74088 -0.531417 0.410722 31.0882 0 0 0 1 
Seq_Frame0121_ForcepToReference-SequenceTransformStatus = OK
Seq_Frame0121_Timestamp = 24.662
Seq_Frame0122_ForcepToReference-SequenceTransform =-0.172098 0.741314 0.648719 93.0437 -0.649214 0.409938 -0.64068 151.292 -0.74088 -0.531417 0.410722 31.0882 0 0 0 1 
Seq_Frame0122_ForcepToReference-SequenceTransformStatus = OK
Seq_Frame0122_Timestamp = 24.766
Seq_Frame0123_ForcepToReference-SequenceTransform =-0.172098 0.741314 0.648719 93.0437 -0.649214 0.409938 -0.64068 151.292 -0.74088 -0.531417 0.410722 31.0882 0 0 0 1 
Seq_Frame0123_ForcepToReference-SequenceTransformStatus = OK
Seq_Frame0123_Timestamp = 24.873
Seq_Frame0124_ForcepToReference-SequenceTransform =-0.172098 0.741314 0.648719 93.0437 -0.649214 0.409938 -0.64068 151.292 -0.74088 -0.531417 0.410722 31.0882 0 0 0 1 
Seq_Frame0124_ForcepToReference-SequenceTransformStatus = OK
Seq_Frame0124_Timestamp = 24.975
Seq_Frame0125_ForcepToReference-SequenceTransform =-0.172098 0.741314 0.648719 93.0437 -0.649214 0.409938 -0.64068 151.292 -0.74088 -0.531417 0.410722 31.0882 0 0 0 1 
Seq_Frame0125_ForcepToReference-SequenceTransformStatus = OK
Seq_Frame0125_Timestamp = 25.083
Seq_Frame0126_ForcepToReference-SequenceTransform =-0.172098 0.741314 0.648719 93.0437 -0.649214 0.409938 -0.64068 151.292 -0.74088 -0.531417 0.410722 31.0882 0 0 0 1 
Seq_Frame0126_ForcepToReference-SequenceTransformStatus = OK
Seq_Frame0126_Timestamp = 25.188
Seq_Frame0127_ForcepToReference-SequenceTransform =-0.172098 0.741314 0.648719 93.0437 -0.649214 0.409938 -0.64068 151.292 -0.74088 -0.531417 0.410722 31.0882 0 0 0 1 
Seq_Frame0127_ForcepToReference-SequenceTransformStatus = OK
Seq_Frame0127_Timestamp = 25.292
Seq_Frame0128_ForcepToReference-SequenceTransform =-0.172098 0.741314 0.648719 93.0437 -0.649214 0.409938 -0.64068 151.292 -0.74088 -0.531417 0.410722 31.0882 0 0 0 1 
Seq_Frame0128_ForcepToReference-SequenceTransformStatus = OK
Seq_Frame0128_Timestamp = 25.398
Seq_Frame0129_ForcepToReference-SequenceTransform =-0.172098 0.741314 0.648719 93.0437 -0.649214 0.409938 -0.64068 151.292 -0.74088 -0.531417 0.410722 31.0882 0 0 0 1 
Seq_Frame0129_ForcepToReference-SequenceTransformStatus = OK
Seq_Frame0129_Timestamp = 25.502
Seq_Frame0130_ForcepToReference-SequenceTransform =-0.172098 0.741314 0.648719 93.0437 -0.649214 0.409938 -0.64068 151.292 -0.74088 -0.531417 0.410722 31.0882 0 0 0 1 
Seq_Frame0130_ForcepToReference-SequenceTransformStatus = OK
Seq_Frame0130_Timestamp = 25.608
Seq_Frame0131_ForcepToReference-SequenceTransform =-0.172098 0.741314 0.648719 93.0437 -0.649214 0.409938 -0.64068 151.292 -0.74088 -0.531417 0.410722 31.0882 0 0 0 1 
Seq_Frame0131_ForcepToReference-SequenceTransformStatus = OK
Seq_Frame0131_Timestamp = 25.713
Seq_Frame0132_ForcepToReference-SequenceTransform =-0.172098 0.741314 0.648719 93.0437 -0.649214 0.409938 -0.64068 151.292 -0.74088 -0.531417 0.410722 31.0882 0 0 0 1 
Seq_Frame0132_ForcepToReference-SequenceTransformStatus = OK
Seq_Frame0132_Timestamp = 25.822
Seq_Frame0133_ForcepToReference-SequenceTransform =-0.172098 0.741314 0.648719 93.0437 -0.649214 0.409938 -0.64068 151.292 -0.74088 -0.531417 0.410722 31.0882 0 0 0 1 
Seq_Frame0133_ForcepToReference-SequenceTransformStatus = OK
Seq_Frame0133_Timestamp = 25.928
Seq_Frame0134_ForcepToReference-SequenceTransform =-0.172098 0.741314 0.648719 93.0437 -0.649214 0.409938 -0.64068 151.292 -0.74088 -0.531417 0.410722 31.0882 0 0 0 1 
Seq_Frame0134_ForcepToReference-SequenceTransformStatus = OK
Seq_Frame0134_Timestamp = 26.033
Seq_Frame0135_ForcepToReference-SequenceTransform =-0.172098 0.741314 0.648719 93.0437 -0.649214 0.409938 -0.64068 151.292 -0.74088 -0.531417 0.410722 31.0882 0 0 0 1 
Seq_Frame0135_ForcepToReference-SequenceTransformStatus = OK
Seq_Frame0135_Timestamp = 26.138
Seq_Frame0136_ForcepToReference-SequenceTransform =-0.172098 0.741314 0.648719 93.0437 -0.649214 0.409938 -0.64068 151.292 -0.74088 -0.531417 0.410722 31.0882 0 0 0 1 
Seq_Frame0136_ForcepToReference-SequenceTransformStatus = OK
Seq_Frame0136_Timestamp = 26.241
Seq_Frame0137_ForcepToReference-SequenceTransform =-0.172098 0.741314 0.648719 93.0437 -0.649214 0.409938 -0.64068 151.292 -0.74088 -0.531417 0.410722 31.0882 0 0 0 1 
Seq_Frame0137_ForcepToReference-SequenceTransformStatus = OK
Seq_Frame0137_Timestamp = 26.347
Seq_Frame0138_ForcepToReference-SequenceTransform =-0.172098 0.741314 0.648719 93.0437 -0.649214 0.409938 -0.64068 151.292 -0.74088 -0.531417 0.410722 31.0882 0 0 0 1 
Seq_Frame0138_ForcepToReference-SequenceTransformStatus = OK
Seq_Frame0138_Timestamp = 26.452
Seq_Frame0139_ForcepToReference-SequenceTransform =-0.172098 0.741314 0.648719 93.0437 -0.649214 0.409938 -0.64068 151.292 -0.74088 -0.531417 0.410722 31.0882 0 0 0 1 
Seq_Frame0139_ForcepToReference-SequenceTransformStatus = OK
Seq_Frame0139_Timestamp = 26.557
Seq_Frame0140_ForcepToReference-SequenceTransform =-0.172098 0.741314 0.648719 93.0437 -0.649214 0.409938 -0.64068 151.292 -0.74088 -0.531417 0.410722 31.0882 0 0 0 1 
Seq_Frame0140_ForcepToReference-SequenceTransformStatus = OK
Seq_Frame0140_Timestamp = 26.662
Seq_Frame0141_ForcepToReference-SequenceTransform =-0.172098 0.741314 0.648719 93.0437 -0.649214 0.409938 -0.64068 151.292 -0.74088 -0.531417 0.410722 31.0882 0 0 0 1 
Seq_Frame0141_ForcepToReference-SequenceTransformStatus = OK
Seq_Frame0141_Timestamp = 26.767
Seq_Frame0142_ForcepToReference-SequenceTransform =-0.172098 0.741314 0.648719 93.0437 -0.649214 0.409938 -0.64068 151.292 -0.74088 -0.531417 0.410722 31.0882 0 0 0 1 
Seq_Frame0142_ForcepToReference-SequenceTransformStatus = OK
Seq_Frame0142_Timestamp = 26.877
Seq_Frame0143_ForcepToReference-SequenceTransform =-0.172098 0.741314 0.648719 93.0437 -0.649214 0.409938 -0.64068 151.292 -0.74088 -0.531417 0.410722 31.0882 0 0 0 1 
Seq_Frame0143_ForcepToReference-SequenceTransformStatus = OK
Seq_Frame0143_Timestamp = 26.987
Seq_Frame0144_ForcepToReference-SequenceTransform =-0.172098 0.741314 0.648719 93.0437 -0.649214 0.409938 -0.64068 151.292 -0.74088 -0.531417 0.410722 31.0882 0 0 0 1 
Seq_Frame0144_ForcepToReference-SequenceTransformStatus = OK
Seq_Frame0144_Timestamp = 27.091
Seq_Frame0145_ForcepToReference-SequenceTransform =-0.172098 0.741314 0.648719 93.0437 -0.649214 0.409938 -0.64068 151.292 -0.74088 -0.531417 0.410722 31.0882 0 0 0 1 
Seq_Frame0145_ForcepToReference-SequenceTransformStatus = OK
Seq_Frame0145_Timestamp = 27.197
Seq_Frame0146_ForcepToReference-SequenceTransform =-0.172098 0.741314 0.648719 93.0437 -0.649214 0.409938 -0.64068 151.292 -0.74088 -0.531417 0.410722 31.0882 0 0 0 1 
Seq_Frame0146_ForcepToReference-SequenceTransformStatus = OK
Seq_Frame0146_Timestamp = 27.303
Seq_Frame0147_ForcepToReference-SequenceTransform =-0.172098 0.741314 0.648719 93.0437 -0.649214 0.409938 -0.64068 151.292 -0.74088 -0.531417 0.410722 31.0882 0 0 0 1 
Seq_Frame0147_ForcepToReference-SequenceTransformStatus = OK
Seq_Frame0147_Timestamp = 27.413
Seq_Frame0148_ForcepToReference-SequenceTransform =-0.172098 0.741314 0.648719 93.0437 -0.649214 0.409938 -0.64068 151.292 -0.74088 -0.531417 0.410722 31.0882 0 0 0 1 
Seq_Frame0148_ForcepToReference-SequenceTransformStatus = OK
Seq_Frame0148_Timestamp = 27.515
Seq_Frame0149_ForcepToReference-SequenceTransform =-0.172098 0.741314 0.648719 93.0437 -0.649214 0.409938 -0.64068 151.292 -0.74088 -0.531417 0.410722 31.0882 0 0 0 1 
Seq_Frame0149_ForcepToReference-SequenceTransformStatus = OK
Seq_Frame0149_Timestamp = 27.623
Seq_Frame0150_ForcepToReference-SequenceTransform =-0.172098 0.741314 0.648719 93.0437 -0.649214 0.409938 -0.64068 151.292 -0.74088 -0.531417 0.410722 31.0882 0 0 0 1 
Seq_Frame0150_ForcepToReference-SequenceTransformStatus = OK
Seq_Frame0150_Timestamp = 27.728
