ObjectType = Image
NDims = 3
AnatomicalOrientation = RAI
BinaryData = True
CompressedData = False
DimSize = 0 0 1945
ElementSpacing = 1 1 1
Offset = 0 0 0
TransformMatrix = 1 0 0 0 1 0 0 0 1
ElementType = MET_UCHAR
Kinds = domain domain list
Seq_Frame0000_DriverToReference-SequenceTransform =0.44187 -0.196767 -0.875234 -39.9495 -0.481742 -0.87508 -0.0464791 377.709 -0.756754 0.442174 -0.481462 -423.94 0 0 0 1 
Seq_Frame0000_DriverToReference-SequenceTransformStatus = OK
Seq_Frame0000_Timestamp = 4.415
Seq_Frame0001_DriverToReference-SequenceTransform =0.44187 -0.196767 -0.875234 -39.9495 -0.481742 -0.87508 -0.0464791 377.709 -0.756754 0.442174 -0.481462 -423.94 0 0 0 1 
Seq_Frame0001_DriverToReference-SequenceTransformStatus = OK
Seq_Frame0001_Timestamp = 4.52
Seq_Frame0002_DriverToReference-SequenceTransform =0.44187 -0.196767 -0.875234 -39.9495 -0.481742 -0.87508 -0.0464791 377.709 -0.756754 0.442174 -0.481462 -423.94 0 0 0 1 
Seq_Frame0002_DriverToReference-SequenceTransformStatus = OK
Seq_Frame0002_Timestamp = 4.63
Seq_Frame0003_DriverToReference-SequenceTransform =0.44187 -0.196767 -0.875234 -39.9495 -0.481742 -0.87508 -0.0464791 377.709 -0.756754 0.442174 -0.481462 -423.94 0 0 0 1 
Seq_Frame0003_DriverToReference-SequenceTransformStatus = OK
Seq_Frame0003_Timestamp = 4.74
Seq_Frame0004_DriverToReference-SequenceTransform =0.44187 -0.196767 -0.875234 -39.9495 -0.481742 -0.87508 -0.0464791 377.709 -0.756754 0.442174 -0.481462 -423.94 0 0 0 1 
Seq_Frame0004_DriverToReference-SequenceTransformStatus = OK
Seq_Frame0004_Timestamp = 4.845
Seq_Frame0005_DriverToReference-SequenceTransform =0.44187 -0.196767 -0.875234 -39.9495 -0.481742 -0.87508 -0.0464791 377.709 -0.756754 0.442174 -0.481462 -423.94 0 0 0 1 
Seq_Frame0005_DriverToReference-SequenceTransformStatus = OK
Seq_Frame0005_Timestamp = 4.95
Seq_Frame0006_DriverToReference-SequenceTransform =0.44187 -0.196767 -0.875234 -39.9495 -0.481742 -0.87508 -0.0464791 377.709 -0.756754 0.442174 -0.481462 -423.94 0 0 0 1 
Seq_Frame0006_DriverToReference-SequenceTransformStatus = OK
Seq_Frame0006_Timestamp = 5.055
Seq_Frame0007_DriverToReference-SequenceTransform =0.44187 -0.196767 -0.875234 -39.9495 -0.481742 -0.87508 -0.0464791 377.709 -0.756754 0.442174 -0.481462 -423.94 0 0 0 1 
Seq_Frame0007_DriverToReference-SequenceTransformStatus = OK
Seq_Frame0007_Timestamp = 5.16
Seq_Frame0008_DriverToReference-SequenceTransform =0.44187 -0.196767 -0.875234 -39.9495 -0.481742 -0.87508 -0.0464791 377.709 -0.756754 0.442174 -0.481462 -423.94 0 0 0 1 
Seq_Frame0008_DriverToReference-SequenceTransformStatus = OK
Seq_Frame0008_Timestamp = 5.27
Seq_Frame0009_DriverToReference-SequenceTransform =0.44187 -0.196767 -0.875234 -39.9495 -0.481742 -0.87508 -0.0464791 377.709 -0.756754 0.442174 -0.481462 -423.94 0 0 0 1 
Seq_Frame0009_DriverToReference-SequenceTransformStatus = OK
Seq_Frame0009_Timestamp = 5.375
Seq_Frame0010_DriverToReference-SequenceTransform =0.44187 -0.196767 -0.875234 -39.9495 -0.481742 -0.87508 -0.0464791 377.709 -0.756754 0.442174 -0.481462 -423.94 0 0 0 1 
Seq_Frame0010_DriverToReference-SequenceTransformStatus = OK
Seq_Frame0010_Timestamp = 5.486
Seq_Frame0011_DriverToReference-SequenceTransform =0.44187 -0.196767 -0.875234 -39.9495 -0.481742 -0.87508 -0.0464791 377.709 -0.756754 0.442174 -0.481462 -423.94 0 0 0 1 
Seq_Frame0011_DriverToReference-SequenceTransformStatus = OK
Seq_Frame0011_Timestamp = 5.59
Seq_Frame0012_DriverToReference-SequenceTransform =0.44187 -0.196767 -0.875234 -39.9495 -0.481742 -0.87508 -0.0464791 377.709 -0.756754 0.442174 -0.481462 -423.94 0 0 0 1 
Seq_Frame0012_DriverToReference-SequenceTransformStatus = OK
Seq_Frame0012_Timestamp = 5.701
Seq_Frame0013_DriverToReference-SequenceTransform =0.44187 -0.196767 -0.875234 -39.9495 -0.481742 -0.87508 -0.0464791 377.709 -0.756754 0.442174 -0.481462 -423.94 0 0 0 1 
Seq_Frame0013_DriverToReference-SequenceTransformStatus = OK
Seq_Frame0013_Timestamp = 5.805
Seq_Frame0014_DriverToReference-SequenceTransform =0.44187 -0.196767 -0.875234 -39.9495 -0.481742 -0.87508 -0.0464791 377.709 -0.756754 0.442174 -0.481462 -423.94 0 0 0 1 
Seq_Frame0014_DriverToReference-SequenceTransformStatus = OK
Seq_Frame0014_Timestamp = 5.91
Seq_Frame0015_DriverToReference-SequenceTransform =0.44187 -0.196767 -0.875234 -39.9495 -0.481742 -0.87508 -0.0464791 377.709 -0.756754 0.442174 -0.481462 -423.94 0 0 0 1 
Seq_Frame0015_DriverToReference-SequenceTransformStatus = OK
Seq_Frame0015_Timestamp = 6.015
Seq_Frame0016_DriverToReference-SequenceTransform =0.44187 -0.196767 -0.875234 -39.9495 -0.481742 -0.87508 -0.0464791 377.709 -0.756754 0.442174 -0.481462 -423.94 0 0 0 1 
Seq_Frame0016_DriverToReference-SequenceTransformStatus = OK
Seq_Frame0016_Timestamp = 6.125
Seq_Frame0017_DriverToReference-SequenceTransform =0.44187 -0.196767 -0.875234 -39.9495 -0.481742 -0.87508 -0.0464791 377.709 -0.756754 0.442174 -0.481462 -423.94 0 0 0 1 
Seq_Frame0017_DriverToReference-SequenceTransformStatus = OK
Seq_Frame0017_Timestamp = 6.23
Seq_Frame0018_DriverToReference-SequenceTransform =0.44187 -0.196767 -0.875234 -39.9495 -0.481742 -0.87508 -0.0464791 377.709 -0.756754 0.442174 -0.481462 -423.94 0 0 0 1 
Seq_Frame0018_DriverToReference-SequenceTransformStatus = OK
Seq_Frame0018_Timestamp = 6.34
Seq_Frame0019_DriverToReference-SequenceTransform =0.44187 -0.196767 -0.875234 -39.9495 -0.481742 -0.87508 -0.0464791 377.709 -0.756754 0.442174 -0.481462 -423.94 0 0 0 1 
Seq_Frame0019_DriverToReference-SequenceTransformStatus = OK
Seq_Frame0019_Timestamp = 6.446
Seq_Frame0020_DriverToReference-SequenceTransform =0.44187 -0.196767 -0.875234 -39.9495 -0.481742 -0.87508 -0.0464791 377.709 -0.756754 0.442174 -0.481462 -423.94 0 0 0 1 
Seq_Frame0020_DriverToReference-SequenceTransformStatus = OK
Seq_Frame0020_Timestamp = 6.555
Seq_Frame0021_DriverToReference-SequenceTransform =0.44187 -0.196767 -0.875234 -39.9495 -0.481742 -0.87508 -0.0464791 377.709 -0.756754 0.442174 -0.481462 -423.94 0 0 0 1 
Seq_Frame0021_DriverToReference-SequenceTransformStatus = OK
Seq_Frame0021_Timestamp = 6.66
Seq_Frame0022_DriverToReference-SequenceTransform =0.44187 -0.196767 -0.875234 -39.9495 -0.481742 -0.87508 -0.0464791 377.709 -0.756754 0.442174 -0.481462 -423.94 0 0 0 1 
Seq_Frame0022_DriverToReference-SequenceTransformStatus = OK
Seq_Frame0022_Timestamp = 6.765
Seq_Frame0023_DriverToReference-SequenceTransform =0.44187 -0.196767 -0.875234 -39.9495 -0.481742 -0.87508 -0.0464791 377.709 -0.756754 0.442174 -0.481462 -423.94 0 0 0 1 
Seq_Frame0023_DriverToReference-SequenceTransformStatus = OK
Seq_Frame0023_Timestamp = 6.875
Seq_Frame0024_DriverToReference-SequenceTransform =0.44187 -0.196767 -0.875234 -39.9495 -0.481742 -0.87508 -0.0464791 377.709 -0.756754 0.442174 -0.481462 -423.94 0 0 0 1 
Seq_Frame0024_DriverToReference-SequenceTransformStatus = OK
Seq_Frame0024_Timestamp = 6.979
Seq_Frame0025_DriverToReference-SequenceTransform =0.44187 -0.196767 -0.875234 -39.9495 -0.481742 -0.87508 -0.0464791 377.709 -0.756754 0.442174 -0.481462 -423.94 0 0 0 1 
Seq_Frame0025_DriverToReference-SequenceTransformStatus = OK
Seq_Frame0025_Timestamp = 7.085
Seq_Frame0026_DriverToReference-SequenceTransform =0.44187 -0.196767 -0.875234 -39.9495 -0.481742 -0.87508 -0.0464791 377.709 -0.756754 0.442174 -0.481462 -423.94 0 0 0 1 
Seq_Frame0026_DriverToReference-SequenceTransformStatus = OK
Seq_Frame0026_Timestamp = 7.19
Seq_Frame0027_DriverToReference-SequenceTransform =0.44187 -0.196767 -0.875234 -39.9495 -0.481742 -0.87508 -0.0464791 377.709 -0.756754 0.442174 -0.481462 -423.94 0 0 0 1 
Seq_Frame0027_DriverToReference-SequenceTransformStatus = OK
Seq_Frame0027_Timestamp = 7.295
Seq_Frame0028_DriverToReference-SequenceTransform =0.44187 -0.196767 -0.875234 -39.9495 -0.481742 -0.87508 -0.0464791 377.709 -0.756754 0.442174 -0.481462 -423.94 0 0 0 1 
Seq_Frame0028_DriverToReference-SequenceTransformStatus = OK
Seq_Frame0028_Timestamp = 7.405
Seq_Frame0029_DriverToReference-SequenceTransform =0.44187 -0.196767 -0.875234 -39.9495 -0.481742 -0.87508 -0.0464791 377.709 -0.756754 0.442174 -0.481462 -423.94 0 0 0 1 
Seq_Frame0029_DriverToReference-SequenceTransformStatus = OK
Seq_Frame0029_Timestamp = 7.51
Seq_Frame0030_DriverToReference-SequenceTransform =0.44187 -0.196767 -0.875234 -39.9495 -0.481742 -0.87508 -0.0464791 377.709 -0.756754 0.442174 -0.481462 -423.94 0 0 0 1 
Seq_Frame0030_DriverToReference-SequenceTransformStatus = OK
Seq_Frame0030_Timestamp = 7.62
Seq_Frame0031_DriverToReference-SequenceTransform =0.44187 -0.196767 -0.875234 -39.9495 -0.481742 -0.87508 -0.0464791 377.709 -0.756754 0.442174 -0.481462 -423.94 0 0 0 1 
Seq_Frame0031_DriverToReference-SequenceTransformStatus = OK
Seq_Frame0031_Timestamp = 7.725
Seq_Frame0032_DriverToReference-SequenceTransform =0.44187 -0.196767 -0.875234 -39.9495 -0.481742 -0.87508 -0.0464791 377.709 -0.756754 0.442174 -0.481462 -423.94 0 0 0 1 
Seq_Frame0032_DriverToReference-SequenceTransformStatus = OK
Seq_Frame0032_Timestamp = 7.83
Seq_Frame0033_DriverToReference-SequenceTransform =0.44187 -0.196767 -0.875234 -39.9495 -0.481742 -0.87508 -0.0464791 377.709 -0.756754 0.442174 -0.481462 -423.94 0 0 0 1 
Seq_Frame0033_DriverToReference-SequenceTransformStatus = OK
Seq_Frame0033_Timestamp = 7.94
Seq_Frame0034_DriverToReference-SequenceTransform =0.44187 -0.196767 -0.875234 -39.9495 -0.481742 -0.87508 -0.0464791 377.709 -0.756754 0.442174 -0.481462 -423.94 0 0 0 1 
Seq_Frame0034_DriverToReference-SequenceTransformStatus = OK
Seq_Frame0034_Timestamp = 8.045
Seq_Frame0035_DriverToReference-SequenceTransform =0.44187 -0.196767 -0.875234 -39.9495 -0.481742 -0.87508 -0.0464791 377.709 -0.756754 0.442174 -0.481462 -423.94 0 0 0 1 
Seq_Frame0035_DriverToReference-SequenceTransformStatus = OK
Seq_Frame0035_Timestamp = 8.154
Seq_Frame0036_DriverToReference-SequenceTransform =0.44187 -0.196767 -0.875234 -39.9495 -0.481742 -0.87508 -0.0464791 377.709 -0.756754 0.442174 -0.481462 -423.94 0 0 0 1 
Seq_Frame0036_DriverToReference-SequenceTransformStatus = OK
Seq_Frame0036_Timestamp = 8.26
Seq_Frame0037_DriverToReference-SequenceTransform =0.44187 -0.196767 -0.875234 -39.9495 -0.481742 -0.87508 -0.0464791 377.709 -0.756754 0.442174 -0.481462 -423.94 0 0 0 1 
Seq_Frame0037_DriverToReference-SequenceTransformStatus = OK
Seq_Frame0037_Timestamp = 8.37
Seq_Frame0038_DriverToReference-SequenceTransform =0.44187 -0.196767 -0.875234 -39.9495 -0.481742 -0.87508 -0.0464791 377.709 -0.756754 0.442174 -0.481462 -423.94 0 0 0 1 
Seq_Frame0038_DriverToReference-SequenceTransformStatus = OK
Seq_Frame0038_Timestamp = 8.475
Seq_Frame0039_DriverToReference-SequenceTransform =0.44187 -0.196767 -0.875234 -39.9495 -0.481742 -0.87508 -0.0464791 377.709 -0.756754 0.442174 -0.481462 -423.94 0 0 0 1 
Seq_Frame0039_DriverToReference-SequenceTransformStatus = OK
Seq_Frame0039_Timestamp = 8.585
Seq_Frame0040_DriverToReference-SequenceTransform =0.44187 -0.196767 -0.875234 -39.9495 -0.481742 -0.87508 -0.0464791 377.709 -0.756754 0.442174 -0.481462 -423.94 0 0 0 1 
Seq_Frame0040_DriverToReference-SequenceTransformStatus = OK
Seq_Frame0040_Timestamp = 8.69
Seq_Frame0041_DriverToReference-SequenceTransform =0.44187 -0.196767 -0.875234 -39.9495 -0.481742 -0.87508 -0.0464791 377.709 -0.756754 0.442174 -0.481462 -423.94 0 0 0 1 
Seq_Frame0041_DriverToReference-SequenceTransformStatus = OK
Seq_Frame0041_Timestamp = 8.8
Seq_Frame0042_DriverToReference-SequenceTransform =0.44187 -0.196767 -0.875234 -39.9495 -0.481742 -0.87508 -0.0464791 377.709 -0.756754 0.442174 -0.481462 -423.94 0 0 0 1 
Seq_Frame0042_DriverToReference-SequenceTransformStatus = OK
Seq_Frame0042_Timestamp = 8.905
Seq_Frame0043_DriverToReference-SequenceTransform =0.44187 -0.196767 -0.875234 -39.9495 -0.481742 -0.87508 -0.0464791 377.709 -0.756754 0.442174 -0.481462 -423.94 0 0 0 1 
Seq_Frame0043_DriverToReference-SequenceTransformStatus = OK
Seq_Frame0043_Timestamp = 9.015
Seq_Frame0044_DriverToReference-SequenceTransform =0.44187 -0.196767 -0.875234 -39.9495 -0.481742 -0.87508 -0.0464791 377.709 -0.756754 0.442174 -0.481462 -423.94 0 0 0 1 
Seq_Frame0044_DriverToReference-SequenceTransformStatus = OK
Seq_Frame0044_Timestamp = 9.12
Seq_Frame0045_DriverToReference-SequenceTransform =0.44187 -0.196767 -0.875234 -39.9495 -0.481742 -0.87508 -0.0464791 377.709 -0.756754 0.442174 -0.481462 -423.94 0 0 0 1 
Seq_Frame0045_DriverToReference-SequenceTransformStatus = OK
Seq_Frame0045_Timestamp = 9.225
Seq_Frame0046_DriverToReference-SequenceTransform =0.44187 -0.196767 -0.875234 -39.9495 -0.481742 -0.87508 -0.0464791 377.709 -0.756754 0.442174 -0.481462 -423.94 0 0 0 1 
Seq_Frame0046_DriverToReference-SequenceTransformStatus = OK
Seq_Frame0046_Timestamp = 9.33
Seq_Frame0047_DriverToReference-SequenceTransform =0.44187 -0.196767 -0.875234 -39.9495 -0.481742 -0.87508 -0.0464791 377.709 -0.756754 0.442174 -0.481462 -423.94 0 0 0 1 
Seq_Frame0047_DriverToReference-SequenceTransformStatus = OK
Seq_Frame0047_Timestamp = 9.44
Seq_Frame0048_DriverToReference-SequenceTransform =0.44187 -0.196767 -0.875234 -39.9495 -0.481742 -0.87508 -0.0464791 377.709 -0.756754 0.442174 -0.481462 -423.94 0 0 0 1 
Seq_Frame0048_DriverToReference-SequenceTransformStatus = OK
Seq_Frame0048_Timestamp = 9.545
Seq_Frame0049_DriverToReference-SequenceTransform =0.44187 -0.196767 -0.875234 -39.9495 -0.481742 -0.87508 -0.0464791 377.709 -0.756754 0.442174 -0.481462 -423.94 0 0 0 1 
Seq_Frame0049_DriverToReference-SequenceTransformStatus = OK
Seq_Frame0049_Timestamp = 9.655
Seq_Frame0050_DriverToReference-SequenceTransform =0.44187 -0.196767 -0.875234 -39.9495 -0.481742 -0.87508 -0.0464791 377.709 -0.756754 0.442174 -0.481462 -423.94 0 0 0 1 
Seq_Frame0050_DriverToReference-SequenceTransformStatus = OK
Seq_Frame0050_Timestamp = 9.76
Seq_Frame0051_DriverToReference-SequenceTransform =0.44187 -0.196767 -0.875234 -39.9495 -0.481742 -0.87508 -0.0464791 377.709 -0.756754 0.442174 -0.481462 -423.94 0 0 0 1 
Seq_Frame0051_DriverToReference-SequenceTransformStatus = OK
Seq_Frame0051_Timestamp = 9.871
Seq_Frame0052_DriverToReference-SequenceTransform =0.44187 -0.196767 -0.875234 -39.9495 -0.481742 -0.87508 -0.0464791 377.709 -0.756754 0.442174 -0.481462 -423.94 0 0 0 1 
Seq_Frame0052_DriverToReference-SequenceTransformStatus = OK
Seq_Frame0052_Timestamp = 9.975
Seq_Frame0053_DriverToReference-SequenceTransform =0.44187 -0.196767 -0.875234 -39.9495 -0.481742 -0.87508 -0.0464791 377.709 -0.756754 0.442174 -0.481462 -423.94 0 0 0 1 
Seq_Frame0053_DriverToReference-SequenceTransformStatus = OK
Seq_Frame0053_Timestamp = 10.086
Seq_Frame0054_DriverToReference-SequenceTransform =0.44187 -0.196767 -0.875234 -39.9495 -0.481742 -0.87508 -0.0464791 377.709 -0.756754 0.442174 -0.481462 -423.94 0 0 0 1 
Seq_Frame0054_DriverToReference-SequenceTransformStatus = OK
Seq_Frame0054_Timestamp = 10.19
Seq_Frame0055_DriverToReference-SequenceTransform =0.44187 -0.196767 -0.875234 -39.9495 -0.481742 -0.87508 -0.0464791 377.709 -0.756754 0.442174 -0.481462 -423.94 0 0 0 1 
Seq_Frame0055_DriverToReference-SequenceTransformStatus = OK
Seq_Frame0055_Timestamp = 10.301
Seq_Frame0056_DriverToReference-SequenceTransform =0.44187 -0.196767 -0.875234 -39.9495 -0.481742 -0.87508 -0.0464791 377.709 -0.756754 0.442174 -0.481462 -423.94 0 0 0 1 
Seq_Frame0056_DriverToReference-SequenceTransformStatus = OK
Seq_Frame0056_Timestamp = 10.405
Seq_Frame0057_DriverToReference-SequenceTransform =0.44187 -0.196767 -0.875234 -39.9495 -0.481742 -0.87508 -0.0464791 377.709 -0.756754 0.442174 -0.481462 -423.94 0 0 0 1 
Seq_Frame0057_DriverToReference-SequenceTransformStatus = OK
Seq_Frame0057_Timestamp = 10.514
Seq_Frame0058_DriverToReference-SequenceTransform =0.44187 -0.196767 -0.875234 -39.9495 -0.481742 -0.87508 -0.0464791 377.709 -0.756754 0.442174 -0.481462 -423.94 0 0 0 1 
Seq_Frame0058_DriverToReference-SequenceTransformStatus = OK
Seq_Frame0058_Timestamp = 10.62
Seq_Frame0059_DriverToReference-SequenceTransform =0.44187 -0.196767 -0.875234 -39.9495 -0.481742 -0.87508 -0.0464791 377.709 -0.756754 0.442174 -0.481462 -423.94 0 0 0 1 
Seq_Frame0059_DriverToReference-SequenceTransformStatus = OK
Seq_Frame0059_Timestamp = 11.05
Seq_Frame0060_DriverToReference-SequenceTransform =0.44187 -0.196767 -0.875234 -39.9495 -0.481742 -0.87508 -0.0464791 377.709 -0.756754 0.442174 -0.481462 -423.94 0 0 0 1 
Seq_Frame0060_DriverToReference-SequenceTransformStatus = OK
Seq_Frame0060_Timestamp = 11.155
Seq_Frame0061_DriverToReference-SequenceTransform =0.44187 -0.196767 -0.875234 -39.9495 -0.481742 -0.87508 -0.0464791 377.709 -0.756754 0.442174 -0.481462 -423.94 0 0 0 1 
Seq_Frame0061_DriverToReference-SequenceTransformStatus = OK
Seq_Frame0061_Timestamp = 11.265
Seq_Frame0062_DriverToReference-SequenceTransform =0.44187 -0.196767 -0.875234 -39.9495 -0.481742 -0.87508 -0.0464791 377.709 -0.756754 0.442174 -0.481462 -423.94 0 0 0 1 
Seq_Frame0062_DriverToReference-SequenceTransformStatus = OK
Seq_Frame0062_Timestamp = 11.37
Seq_Frame0063_DriverToReference-SequenceTransform =0.44187 -0.196767 -0.875234 -39.9495 -0.481742 -0.87508 -0.0464791 377.709 -0.756754 0.442174 -0.481462 -423.94 0 0 0 1 
Seq_Frame0063_DriverToReference-SequenceTransformStatus = OK
Seq_Frame0063_Timestamp = 11.476
Seq_Frame0064_DriverToReference-SequenceTransform =0.44187 -0.196767 -0.875234 -39.9495 -0.481742 -0.87508 -0.0464791 377.709 -0.756754 0.442174 -0.481462 -423.94 0 0 0 1 
Seq_Frame0064_DriverToReference-SequenceTransformStatus = OK
Seq_Frame0064_Timestamp = 11.586
Seq_Frame0065_DriverToReference-SequenceTransform =0.44187 -0.196767 -0.875234 -39.9495 -0.481742 -0.87508 -0.0464791 377.709 -0.756754 0.442174 -0.481462 -423.94 0 0 0 1 
Seq_Frame0065_DriverToReference-SequenceTransformStatus = OK
Seq_Frame0065_Timestamp = 11.695
Seq_Frame0066_DriverToReference-SequenceTransform =0.44187 -0.196767 -0.875234 -39.9495 -0.481742 -0.87508 -0.0464791 377.709 -0.756754 0.442174 -0.481462 -423.94 0 0 0 1 
Seq_Frame0066_DriverToReference-SequenceTransformStatus = OK
Seq_Frame0066_Timestamp = 11.803
Seq_Frame0067_DriverToReference-SequenceTransform =0.44187 -0.196767 -0.875234 -39.9495 -0.481742 -0.87508 -0.0464791 377.709 -0.756754 0.442174 -0.481462 -423.94 0 0 0 1 
Seq_Frame0067_DriverToReference-SequenceTransformStatus = OK
Seq_Frame0067_Timestamp = 11.913
Seq_Frame0068_DriverToReference-SequenceTransform =0.44187 -0.196767 -0.875234 -39.9495 -0.481742 -0.87508 -0.0464791 377.709 -0.756754 0.442174 -0.481462 -423.94 0 0 0 1 
Seq_Frame0068_DriverToReference-SequenceTransformStatus = OK
Seq_Frame0068_Timestamp = 12.02
Seq_Frame0069_DriverToReference-SequenceTransform =0.44187 -0.196767 -0.875234 -39.9495 -0.481742 -0.87508 -0.0464791 377.709 -0.756754 0.442174 -0.481462 -423.94 0 0 0 1 
Seq_Frame0069_DriverToReference-SequenceTransformStatus = OK
Seq_Frame0069_Timestamp = 12.13
Seq_Frame0070_DriverToReference-SequenceTransform =0.44187 -0.196767 -0.875234 -39.9495 -0.481742 -0.87508 -0.0464791 377.709 -0.756754 0.442174 -0.481462 -423.94 0 0 0 1 
Seq_Frame0070_DriverToReference-SequenceTransformStatus = OK
Seq_Frame0070_Timestamp = 12.23
Seq_Frame0071_DriverToReference-SequenceTransform =0.44187 -0.196767 -0.875234 -39.9495 -0.481742 -0.87508 -0.0464791 377.709 -0.756754 0.442174 -0.481462 -423.94 0 0 0 1 
Seq_Frame0071_DriverToReference-SequenceTransformStatus = OK
Seq_Frame0071_Timestamp = 12.34
Seq_Frame0072_DriverToReference-SequenceTransform =0.44187 -0.196767 -0.875234 -39.9495 -0.481742 -0.87508 -0.0464791 377.709 -0.756754 0.442174 -0.481462 -423.94 0 0 0 1 
Seq_Frame0072_DriverToReference-SequenceTransformStatus = OK
Seq_Frame0072_Timestamp = 12.444
Seq_Frame0073_DriverToReference-SequenceTransform =0.44187 -0.196767 -0.875234 -39.9495 -0.481742 -0.87508 -0.0464791 377.709 -0.756754 0.442174 -0.481462 -423.94 0 0 0 1 
Seq_Frame0073_DriverToReference-SequenceTransformStatus = OK
Seq_Frame0073_Timestamp = 12.55
Seq_Frame0074_DriverToReference-SequenceTransform =0.44187 -0.196767 -0.875234 -39.9495 -0.481742 -0.87508 -0.0464791 377.709 -0.756754 0.442174 -0.481462 -423.94 0 0 0 1 
Seq_Frame0074_DriverToReference-SequenceTransformStatus = OK
Seq_Frame0074_Timestamp = 12.66
Seq_Frame0075_DriverToReference-SequenceTransform =0.44187 -0.196767 -0.875234 -39.9495 -0.481742 -0.87508 -0.0464791 377.709 -0.756754 0.442174 -0.481462 -423.94 0 0 0 1 
Seq_Frame0075_DriverToReference-SequenceTransformStatus = OK
Seq_Frame0075_Timestamp = 12.772
Seq_Frame0076_DriverToReference-SequenceTransform =0.44187 -0.196767 -0.875234 -39.9495 -0.481742 -0.87508 -0.0464791 377.709 -0.756754 0.442174 -0.481462 -423.94 0 0 0 1 
Seq_Frame0076_DriverToReference-SequenceTransformStatus = OK
Seq_Frame0076_Timestamp = 12.876
Seq_Frame0077_DriverToReference-SequenceTransform =0.44187 -0.196767 -0.875234 -39.9495 -0.481742 -0.87508 -0.0464791 377.709 -0.756754 0.442174 -0.481462 -423.94 0 0 0 1 
Seq_Frame0077_DriverToReference-SequenceTransformStatus = OK
Seq_Frame0077_Timestamp = 12.98
Seq_Frame0078_DriverToReference-SequenceTransform =0.44187 -0.196767 -0.875234 -39.9495 -0.481742 -0.87508 -0.0464791 377.709 -0.756754 0.442174 -0.481462 -423.94 0 0 0 1 
Seq_Frame0078_DriverToReference-SequenceTransformStatus = OK
Seq_Frame0078_Timestamp = 13.085
Seq_Frame0079_DriverToReference-SequenceTransform =0.44187 -0.196767 -0.875234 -39.9495 -0.481742 -0.87508 -0.0464791 377.709 -0.756754 0.442174 -0.481462 -423.94 0 0 0 1 
Seq_Frame0079_DriverToReference-SequenceTransformStatus = OK
Seq_Frame0079_Timestamp = 13.19
Seq_Frame0080_DriverToReference-SequenceTransform =0.44187 -0.196767 -0.875234 -39.9495 -0.481742 -0.87508 -0.0464791 377.709 -0.756754 0.442174 -0.481462 -423.94 0 0 0 1 
Seq_Frame0080_DriverToReference-SequenceTransformStatus = OK
Seq_Frame0080_Timestamp = 13.295
Seq_Frame0081_DriverToReference-SequenceTransform =0.44187 -0.196767 -0.875234 -39.9495 -0.481742 -0.87508 -0.0464791 377.709 -0.756754 0.442174 -0.481462 -423.94 0 0 0 1 
Seq_Frame0081_DriverToReference-SequenceTransformStatus = OK
Seq_Frame0081_Timestamp = 13.406
Seq_Frame0082_DriverToReference-SequenceTransform =0.44187 -0.196767 -0.875234 -39.9495 -0.481742 -0.87508 -0.0464791 377.709 -0.756754 0.442174 -0.481462 -423.94 0 0 0 1 
Seq_Frame0082_DriverToReference-SequenceTransformStatus = OK
Seq_Frame0082_Timestamp = 13.511
Seq_Frame0083_DriverToReference-SequenceTransform =0.44187 -0.196767 -0.875234 -39.9495 -0.481742 -0.87508 -0.0464791 377.709 -0.756754 0.442174 -0.481462 -423.94 0 0 0 1 
Seq_Frame0083_DriverToReference-SequenceTransformStatus = OK
Seq_Frame0083_Timestamp = 13.615
Seq_Frame0084_DriverToReference-SequenceTransform =0.44187 -0.196767 -0.875234 -39.9495 -0.481742 -0.87508 -0.0464791 377.709 -0.756754 0.442174 -0.481462 -423.94 0 0 0 1 
Seq_Frame0084_DriverToReference-SequenceTransformStatus = OK
Seq_Frame0084_Timestamp = 13.72
Seq_Frame0085_DriverToReference-SequenceTransform =0.44187 -0.196767 -0.875234 -39.9495 -0.481742 -0.87508 -0.0464791 377.709 -0.756754 0.442174 -0.481462 -423.94 0 0 0 1 
Seq_Frame0085_DriverToReference-SequenceTransformStatus = OK
Seq_Frame0085_Timestamp = 13.825
Seq_Frame0086_DriverToReference-SequenceTransform =0.44187 -0.196767 -0.875234 -39.9495 -0.481742 -0.87508 -0.0464791 377.709 -0.756754 0.442174 -0.481462 -423.94 0 0 0 1 
Seq_Frame0086_DriverToReference-SequenceTransformStatus = OK
Seq_Frame0086_Timestamp = 13.93
Seq_Frame0087_DriverToReference-SequenceTransform =0.44187 -0.196767 -0.875234 -39.9495 -0.481742 -0.87508 -0.0464791 377.709 -0.756754 0.442174 -0.481462 -423.94 0 0 0 1 
Seq_Frame0087_DriverToReference-SequenceTransformStatus = OK
Seq_Frame0087_Timestamp = 14.04
Seq_Frame0088_DriverToReference-SequenceTransform =0.44187 -0.196767 -0.875234 -39.9495 -0.481742 -0.87508 -0.0464791 377.709 -0.756754 0.442174 -0.481462 -423.94 0 0 0 1 
Seq_Frame0088_DriverToReference-SequenceTransformStatus = OK
Seq_Frame0088_Timestamp = 14.15
Seq_Frame0089_DriverToReference-SequenceTransform =0.44187 -0.196767 -0.875234 -39.9495 -0.481742 -0.87508 -0.0464791 377.709 -0.756754 0.442174 -0.481462 -423.94 0 0 0 1 
Seq_Frame0089_DriverToReference-SequenceTransformStatus = OK
Seq_Frame0089_Timestamp = 14.255
Seq_Frame0090_DriverToReference-SequenceTransform =0.44187 -0.196767 -0.875234 -39.9495 -0.481742 -0.87508 -0.0464791 377.709 -0.756754 0.442174 -0.481462 -423.94 0 0 0 1 
Seq_Frame0090_DriverToReference-SequenceTransformStatus = OK
Seq_Frame0090_Timestamp = 14.36
Seq_Frame0091_DriverToReference-SequenceTransform =0.44187 -0.196767 -0.875234 -39.9495 -0.481742 -0.87508 -0.0464791 377.709 -0.756754 0.442174 -0.481462 -423.94 0 0 0 1 
Seq_Frame0091_DriverToReference-SequenceTransformStatus = OK
Seq_Frame0091_Timestamp = 14.465
Seq_Frame0092_DriverToReference-SequenceTransform =0.44187 -0.196767 -0.875234 -39.9495 -0.481742 -0.87508 -0.0464791 377.709 -0.756754 0.442174 -0.481462 -423.94 0 0 0 1 
Seq_Frame0092_DriverToReference-SequenceTransformStatus = OK
Seq_Frame0092_Timestamp = 14.568
Seq_Frame0093_DriverToReference-SequenceTransform =0.44187 -0.196767 -0.875234 -39.9495 -0.481742 -0.87508 -0.0464791 377.709 -0.756754 0.442174 -0.481462 -423.94 0 0 0 1 
Seq_Frame0093_DriverToReference-SequenceTransformStatus = OK
Seq_Frame0093_Timestamp = 14.68
Seq_Frame0094_DriverToReference-SequenceTransform =0.44187 -0.196767 -0.875234 -39.9495 -0.481742 -0.87508 -0.0464791 377.709 -0.756754 0.442174 -0.481462 -423.94 0 0 0 1 
Seq_Frame0094_DriverToReference-SequenceTransformStatus = OK
Seq_Frame0094_Timestamp = 14.785
Seq_Frame0095_DriverToReference-SequenceTransform =0.44187 -0.196767 -0.875234 -39.9495 -0.481742 -0.87508 -0.0464791 377.709 -0.756754 0.442174 -0.481462 -423.94 0 0 0 1 
Seq_Frame0095_DriverToReference-SequenceTransformStatus = OK
Seq_Frame0095_Timestamp = 14.889
Seq_Frame0096_DriverToReference-SequenceTransform =0.44187 -0.196767 -0.875234 -39.9495 -0.481742 -0.87508 -0.0464791 377.709 -0.756754 0.442174 -0.481462 -423.94 0 0 0 1 
Seq_Frame0096_DriverToReference-SequenceTransformStatus = OK
Seq_Frame0096_Timestamp = 14.995
Seq_Frame0097_DriverToReference-SequenceTransform =0.44187 -0.196767 -0.875234 -39.9495 -0.481742 -0.87508 -0.0464791 377.709 -0.756754 0.442174 -0.481462 -423.94 0 0 0 1 
Seq_Frame0097_DriverToReference-SequenceTransformStatus = OK
Seq_Frame0097_Timestamp = 15.1
Seq_Frame0098_DriverToReference-SequenceTransform =0.44187 -0.196767 -0.875234 -39.9495 -0.481742 -0.87508 -0.0464791 377.709 -0.756754 0.442174 -0.481462 -423.94 0 0 0 1 
Seq_Frame0098_DriverToReference-SequenceTransformStatus = OK
Seq_Frame0098_Timestamp = 15.21
Seq_Frame0099_DriverToReference-SequenceTransform =0.44187 -0.196767 -0.875234 -39.9495 -0.481742 -0.87508 -0.0464791 377.709 -0.756754 0.442174 -0.481462 -423.94 0 0 0 1 
Seq_Frame0099_DriverToReference-SequenceTransformStatus = OK
Seq_Frame0099_Timestamp = 15.316
Seq_Frame0100_DriverToReference-SequenceTransform =0.44187 -0.196767 -0.875234 -39.9495 -0.481742 -0.87508 -0.0464791 377.709 -0.756754 0.442174 -0.481462 -423.94 0 0 0 1 
Seq_Frame0100_DriverToReference-SequenceTransformStatus = OK
Seq_Frame0100_Timestamp = 15.421
Seq_Frame0101_DriverToReference-SequenceTransform =0.44187 -0.196767 -0.875234 -39.9495 -0.481742 -0.87508 -0.0464791 377.709 -0.756754 0.442174 -0.481462 -423.94 0 0 0 1 
Seq_Frame0101_DriverToReference-SequenceTransformStatus = OK
Seq_Frame0101_Timestamp = 15.525
Seq_Frame0102_DriverToReference-SequenceTransform =0.44187 -0.196767 -0.875234 -39.9495 -0.481742 -0.87508 -0.0464791 377.709 -0.756754 0.442174 -0.481462 -423.94 0 0 0 1 
Seq_Frame0102_DriverToReference-SequenceTransformStatus = OK
Seq_Frame0102_Timestamp = 15.635
Seq_Frame0103_DriverToReference-SequenceTransform =0.44187 -0.196767 -0.875234 -39.9495 -0.481742 -0.87508 -0.0464791 377.709 -0.756754 0.442174 -0.481462 -423.94 0 0 0 1 
Seq_Frame0103_DriverToReference-SequenceTransformStatus = OK
Seq_Frame0103_Timestamp = 15.74
Seq_Frame0104_DriverToReference-SequenceTransform =0.44187 -0.196767 -0.875234 -39.9495 -0.481742 -0.87508 -0.0464791 377.709 -0.756754 0.442174 -0.481462 -423.94 0 0 0 1 
Seq_Frame0104_DriverToReference-SequenceTransformStatus = OK
Seq_Frame0104_Timestamp = 15.853
Seq_Frame0105_DriverToReference-SequenceTransform =0.44187 -0.196767 -0.875234 -39.9495 -0.481742 -0.87508 -0.0464791 377.709 -0.756754 0.442174 -0.481462 -423.94 0 0 0 1 
Seq_Frame0105_DriverToReference-SequenceTransformStatus = OK
Seq_Frame0105_Timestamp = 15.96
Seq_Frame0106_DriverToReference-SequenceTransform =0.44187 -0.196767 -0.875234 -39.9495 -0.481742 -0.87508 -0.0464791 377.709 -0.756754 0.442174 -0.481462 -423.94 0 0 0 1 
Seq_Frame0106_DriverToReference-SequenceTransformStatus = OK
Seq_Frame0106_Timestamp = 16.073
Seq_Frame0107_DriverToReference-SequenceTransform =0.44187 -0.196767 -0.875234 -39.9495 -0.481742 -0.87508 -0.0464791 377.709 -0.756754 0.442174 -0.481462 -423.94 0 0 0 1 
Seq_Frame0107_DriverToReference-SequenceTransformStatus = OK
Seq_Frame0107_Timestamp = 16.192
Seq_Frame0108_DriverToReference-SequenceTransform =0.44187 -0.196767 -0.875234 -39.9495 -0.481742 -0.87508 -0.0464791 377.709 -0.756754 0.442174 -0.481462 -423.94 0 0 0 1 
Seq_Frame0108_DriverToReference-SequenceTransformStatus = OK
Seq_Frame0108_Timestamp = 16.311
Seq_Frame0109_DriverToReference-SequenceTransform =0.44187 -0.196767 -0.875234 -39.9495 -0.481742 -0.87508 -0.0464791 377.709 -0.756754 0.442174 -0.481462 -423.94 0 0 0 1 
Seq_Frame0109_DriverToReference-SequenceTransformStatus = OK
Seq_Frame0109_Timestamp = 16.43
Seq_Frame0110_DriverToReference-SequenceTransform =0.44187 -0.196767 -0.875234 -39.9495 -0.481742 -0.87508 -0.0464791 377.709 -0.756754 0.442174 -0.481462 -423.94 0 0 0 1 
Seq_Frame0110_DriverToReference-SequenceTransformStatus = OK
Seq_Frame0110_Timestamp = 16.54
Seq_Frame0111_DriverToReference-SequenceTransform =0.44187 -0.196767 -0.875234 -39.9495 -0.481742 -0.87508 -0.0464791 377.709 -0.756754 0.442174 -0.481462 -423.94 0 0 0 1 
Seq_Frame0111_DriverToReference-SequenceTransformStatus = OK
Seq_Frame0111_Timestamp = 16.645
Seq_Frame0112_DriverToReference-SequenceTransform =0.44187 -0.196767 -0.875234 -39.9495 -0.481742 -0.87508 -0.0464791 377.709 -0.756754 0.442174 -0.481462 -423.94 0 0 0 1 
Seq_Frame0112_DriverToReference-SequenceTransformStatus = OK
Seq_Frame0112_Timestamp = 16.755
Seq_Frame0113_DriverToReference-SequenceTransform =0.44187 -0.196767 -0.875234 -39.9495 -0.481742 -0.87508 -0.0464791 377.709 -0.756754 0.442174 -0.481462 -423.94 0 0 0 1 
Seq_Frame0113_DriverToReference-SequenceTransformStatus = OK
Seq_Frame0113_Timestamp = 16.861
Seq_Frame0114_DriverToReference-SequenceTransform =0.44187 -0.196767 -0.875234 -39.9495 -0.481742 -0.87508 -0.0464791 377.709 -0.756754 0.442174 -0.481462 -423.94 0 0 0 1 
Seq_Frame0114_DriverToReference-SequenceTransformStatus = OK
Seq_Frame0114_Timestamp = 16.966
Seq_Frame0115_DriverToReference-SequenceTransform =0.44187 -0.196767 -0.875234 -39.9495 -0.481742 -0.87508 -0.0464791 377.709 -0.756754 0.442174 -0.481462 -423.94 0 0 0 1 
Seq_Frame0115_DriverToReference-SequenceTransformStatus = OK
Seq_Frame0115_Timestamp = 17.07
Seq_Frame0116_DriverToReference-SequenceTransform =0.44187 -0.196767 -0.875234 -39.9495 -0.481742 -0.87508 -0.0464791 377.709 -0.756754 0.442174 -0.481462 -423.94 0 0 0 1 
Seq_Frame0116_DriverToReference-SequenceTransformStatus = OK
Seq_Frame0116_Timestamp = 17.176
Seq_Frame0117_DriverToReference-SequenceTransform =0.44187 -0.196767 -0.875234 -39.9495 -0.481742 -0.87508 -0.0464791 377.709 -0.756754 0.442174 -0.481462 -423.94 0 0 0 1 
Seq_Frame0117_DriverToReference-SequenceTransformStatus = OK
Seq_Frame0117_Timestamp = 17.285
Seq_Frame0118_DriverToReference-SequenceTransform =0.44187 -0.196767 -0.875234 -39.9495 -0.481742 -0.87508 -0.0464791 377.709 -0.756754 0.442174 -0.481462 -423.94 0 0 0 1 
Seq_Frame0118_DriverToReference-SequenceTransformStatus = OK
Seq_Frame0118_Timestamp = 17.39
Seq_Frame0119_DriverToReference-SequenceTransform =0.44187 -0.196767 -0.875234 -39.9495 -0.481742 -0.87508 -0.0464791 377.709 -0.756754 0.442174 -0.481462 -423.94 0 0 0 1 
Seq_Frame0119_DriverToReference-SequenceTransformStatus = OK
Seq_Frame0119_Timestamp = 17.495
Seq_Frame0120_DriverToReference-SequenceTransform =0.44187 -0.196767 -0.875234 -39.9495 -0.481742 -0.87508 -0.0464791 377.709 -0.756754 0.442174 -0.481462 -423.94 0 0 0 1 
Seq_Frame0120_DriverToReference-SequenceTransformStatus = OK
Seq_Frame0120_Timestamp = 17.601
Seq_Frame0121_DriverToReference-SequenceTransform =0.44187 -0.196767 -0.875234 -39.9495 -0.481742 -0.87508 -0.0464791 377.709 -0.756754 0.442174 -0.481462 -423.94 0 0 0 1 
Seq_Frame0121_DriverToReference-SequenceTransformStatus = OK
Seq_Frame0121_Timestamp = 17.705
Seq_Frame0122_DriverToReference-SequenceTransform =0.44187 -0.196767 -0.875234 -39.9495 -0.481742 -0.87508 -0.0464791 377.709 -0.756754 0.442174 -0.481462 -423.94 0 0 0 1 
Seq_Frame0122_DriverToReference-SequenceTransformStatus = OK
Seq_Frame0122_Timestamp = 17.812
Seq_Frame0123_DriverToReference-SequenceTransform =0.44187 -0.196767 -0.875234 -39.9495 -0.481742 -0.87508 -0.0464791 377.709 -0.756754 0.442174 -0.481462 -423.94 0 0 0 1 
Seq_Frame0123_DriverToReference-SequenceTransformStatus = OK
Seq_Frame0123_Timestamp = 17.926
Seq_Frame0124_DriverToReference-SequenceTransform =0.44187 -0.196767 -0.875234 -39.9495 -0.481742 -0.87508 -0.0464791 377.709 -0.756754 0.442174 -0.481462 -423.94 0 0 0 1 
Seq_Frame0124_DriverToReference-SequenceTransformStatus = OK
Seq_Frame0124_Timestamp = 18.052
Seq_Frame0125_DriverToReference-SequenceTransform =0.44187 -0.196767 -0.875234 -39.9495 -0.481742 -0.87508 -0.0464791 377.709 -0.756754 0.442174 -0.481462 -423.94 0 0 0 1 
Seq_Frame0125_DriverToReference-SequenceTransformStatus = OK
Seq_Frame0125_Timestamp = 18.179
Seq_Frame0126_DriverToReference-SequenceTransform =0.44187 -0.196767 -0.875234 -39.9495 -0.481742 -0.87508 -0.0464791 377.709 -0.756754 0.442174 -0.481462 -423.94 0 0 0 1 
Seq_Frame0126_DriverToReference-SequenceTransformStatus = OK
Seq_Frame0126_Timestamp = 18.302
Seq_Frame0127_DriverToReference-SequenceTransform =0.44187 -0.196767 -0.875234 -39.9495 -0.481742 -0.87508 -0.0464791 377.709 -0.756754 0.442174 -0.481462 -423.94 0 0 0 1 
Seq_Frame0127_DriverToReference-SequenceTransformStatus = OK
Seq_Frame0127_Timestamp = 18.415
Seq_Frame0128_DriverToReference-SequenceTransform =0.44187 -0.196767 -0.875234 -39.9495 -0.481742 -0.87508 -0.0464791 377.709 -0.756754 0.442174 -0.481462 -423.94 0 0 0 1 
Seq_Frame0128_DriverToReference-SequenceTransformStatus = OK
Seq_Frame0128_Timestamp = 18.528
Seq_Frame0129_DriverToReference-SequenceTransform =0.44187 -0.196767 -0.875234 -39.9495 -0.481742 -0.87508 -0.0464791 377.709 -0.756754 0.442174 -0.481462 -423.94 0 0 0 1 
Seq_Frame0129_DriverToReference-SequenceTransformStatus = OK
Seq_Frame0129_Timestamp = 18.628
Seq_Frame0130_DriverToReference-SequenceTransform =0.44187 -0.196767 -0.875234 -39.9495 -0.481742 -0.87508 -0.0464791 377.709 -0.756754 0.442174 -0.481462 -423.94 0 0 0 1 
Seq_Frame0130_DriverToReference-SequenceTransformStatus = OK
Seq_Frame0130_Timestamp = 18.736
Seq_Frame0131_DriverToReference-SequenceTransform =0.44187 -0.196767 -0.875234 -39.9495 -0.481742 -0.87508 -0.0464791 377.709 -0.756754 0.442174 -0.481462 -423.94 0 0 0 1 
Seq_Frame0131_DriverToReference-SequenceTransformStatus = OK
Seq_Frame0131_Timestamp = 18.863
Seq_Frame0132_DriverToReference-SequenceTransform =0.44187 -0.196767 -0.875234 -39.9495 -0.481742 -0.87508 -0.0464791 377.709 -0.756754 0.442174 -0.481462 -423.94 0 0 0 1 
Seq_Frame0132_DriverToReference-SequenceTransformStatus = OK
Seq_Frame0132_Timestamp = 18.979
Seq_Frame0133_DriverToReference-SequenceTransform =0.44187 -0.196767 -0.875234 -39.9495 -0.481742 -0.87508 -0.0464791 377.709 -0.756754 0.442174 -0.481462 -423.94 0 0 0 1 
Seq_Frame0133_DriverToReference-SequenceTransformStatus = OK
Seq_Frame0133_Timestamp = 19.079
Seq_Frame0134_DriverToReference-SequenceTransform =0.44187 -0.196767 -0.875234 -39.9495 -0.481742 -0.87508 -0.0464791 377.709 -0.756754 0.442174 -0.481462 -423.94 0 0 0 1 
Seq_Frame0134_DriverToReference-SequenceTransformStatus = OK
Seq_Frame0134_Timestamp = 19.197
Seq_Frame0135_DriverToReference-SequenceTransform =0.44187 -0.196767 -0.875234 -39.9495 -0.481742 -0.87508 -0.0464791 377.709 -0.756754 0.442174 -0.481462 -423.94 0 0 0 1 
Seq_Frame0135_DriverToReference-SequenceTransformStatus = OK
Seq_Frame0135_Timestamp = 19.317
Seq_Frame0136_DriverToReference-SequenceTransform =-0.895549 0.242224 0.373255 165.454 0.442584 0.571516 0.691006 240.815 -0.0459429 0.784026 -0.619025 247.623 0 0 0 1 
Seq_Frame0136_DriverToReference-SequenceTransformStatus = OK
Seq_Frame0136_Timestamp = 19.443
Seq_Frame0137_DriverToReference-SequenceTransform =-0.898703 0.226582 0.37549 173.245 0.436961 0.535623 0.722615 258.073 -0.0373896 0.813491 -0.580374 250.409 0 0 0 1 
Seq_Frame0137_DriverToReference-SequenceTransformStatus = OK
Seq_Frame0137_Timestamp = 19.553
Seq_Frame0138_DriverToReference-SequenceTransform =-0.898703 0.226582 0.37549 173.245 0.436961 0.535623 0.722615 258.073 -0.0373896 0.813491 -0.580374 250.409 0 0 0 1 
Seq_Frame0138_DriverToReference-SequenceTransformStatus = OK
Seq_Frame0138_Timestamp = 19.661
Seq_Frame0139_DriverToReference-SequenceTransform =-0.898703 0.226582 0.37549 173.245 0.436961 0.535623 0.722615 258.073 -0.0373896 0.813491 -0.580374 250.409 0 0 0 1 
Seq_Frame0139_DriverToReference-SequenceTransformStatus = OK
Seq_Frame0139_Timestamp = 19.77
Seq_Frame0140_DriverToReference-SequenceTransform =-0.898703 0.226582 0.37549 173.245 0.436961 0.535623 0.722615 258.073 -0.0373896 0.813491 -0.580374 250.409 0 0 0 1 
Seq_Frame0140_DriverToReference-SequenceTransformStatus = OK
Seq_Frame0140_Timestamp = 19.887
Seq_Frame0141_DriverToReference-SequenceTransform =-0.898703 0.226582 0.37549 173.245 0.436961 0.535623 0.722615 258.073 -0.0373896 0.813491 -0.580374 250.409 0 0 0 1 
Seq_Frame0141_DriverToReference-SequenceTransformStatus = OK
Seq_Frame0141_Timestamp = 19.997
Seq_Frame0142_DriverToReference-SequenceTransform =-0.898703 0.226582 0.37549 173.245 0.436961 0.535623 0.722615 258.073 -0.0373896 0.813491 -0.580374 250.409 0 0 0 1 
Seq_Frame0142_DriverToReference-SequenceTransformStatus = OK
Seq_Frame0142_Timestamp = 20.12
Seq_Frame0143_DriverToReference-SequenceTransform =-0.898703 0.226582 0.37549 173.245 0.436961 0.535623 0.722615 258.073 -0.0373896 0.813491 -0.580374 250.409 0 0 0 1 
Seq_Frame0143_DriverToReference-SequenceTransformStatus = OK
Seq_Frame0143_Timestamp = 20.243
Seq_Frame0144_DriverToReference-SequenceTransform =-0.898703 0.226582 0.37549 173.245 0.436961 0.535623 0.722615 258.073 -0.0373896 0.813491 -0.580374 250.409 0 0 0 1 
Seq_Frame0144_DriverToReference-SequenceTransformStatus = OK
Seq_Frame0144_Timestamp = 20.367
Seq_Frame0145_DriverToReference-SequenceTransform =-0.638429 -0.458282 0.618373 146.211 0.607273 0.193697 0.77052 286.866 -0.472892 0.867444 0.154641 231.494 0 0 0 1 
Seq_Frame0145_DriverToReference-SequenceTransformStatus = OK
Seq_Frame0145_Timestamp = 20.473
Seq_Frame0146_DriverToReference-SequenceTransform =-0.675324 -0.476339 0.563062 148.644 0.531926 0.214256 0.819237 282.21 -0.510874 0.852757 0.108685 238.765 0 0 0 1 
Seq_Frame0146_DriverToReference-SequenceTransformStatus = OK
Seq_Frame0146_Timestamp = 20.585
Seq_Frame0147_DriverToReference-SequenceTransform =-0.675324 -0.476339 0.563062 148.644 0.531926 0.214256 0.819237 282.21 -0.510874 0.852757 0.108685 238.765 0 0 0 1 
Seq_Frame0147_DriverToReference-SequenceTransformStatus = OK
Seq_Frame0147_Timestamp = 20.716
Seq_Frame0148_DriverToReference-SequenceTransform =-0.675324 -0.476339 0.563062 148.644 0.531926 0.214256 0.819237 282.21 -0.510874 0.852757 0.108685 238.765 0 0 0 1 
Seq_Frame0148_DriverToReference-SequenceTransformStatus = OK
Seq_Frame0148_Timestamp = 20.83
Seq_Frame0149_DriverToReference-SequenceTransform =-0.95358 -0.241997 0.179229 115.499 -0.0774083 0.772145 0.630713 213.566 -0.291022 0.587562 -0.755035 248.124 0 0 0 1 
Seq_Frame0149_DriverToReference-SequenceTransformStatus = OK
Seq_Frame0149_Timestamp = 20.941
