ObjectType = Image
NDims = 3
AnatomicalOrientation = RAI
BinaryData = True
CompressedData = False
DimSize = 0 0 3550
ElementSpacing = 1 1 1
Offset = 0 0 0
TransformMatrix = 1 0 0 0 1 0 0 0 1
ElementType = MET_UCHAR
Kinds = domain domain list
Seq_Frame0000_DriverToReference-SequenceTransform =-0.870255 -0.473459 0.13599 105.019 -0.157284 0.528683 0.83412 35.5586 -0.466817 0.704508 -0.534556 59.3417 0 0 0 1 
Seq_Frame0000_DriverToReference-SequenceTransformStatus = OK
Seq_Frame0000_Timestamp = 0.00300002
Seq_Frame0001_DriverToReference-SequenceTransform =-0.87683 -0.464575 0.123852 105.159 -0.163169 0.529834 0.832257 35.6338 -0.452267 0.70954 -0.540378 59.7999 0 0 0 1 
Seq_Frame0001_DriverToReference-SequenceTransformStatus = OK
Seq_Frame0001_Timestamp = 0.107
Seq_Frame0002_DriverToReference-SequenceTransform =-0.875759 -0.46608 0.125763 105.138 -0.163041 0.530768 0.831687 35.6127 -0.454384 0.707852 -0.540814 59.794 0 0 0 1 
Seq_Frame0002_DriverToReference-SequenceTransformStatus = OK
Seq_Frame0002_Timestamp = 0.211
Seq_Frame0003_DriverToReference-SequenceTransform =-0.89259 -0.432924 0.125939 107.027 -0.140047 0.531724 0.835258 35.5784 -0.428568 0.727906 -0.535241 59.7324 0 0 0 1 
Seq_Frame0003_DriverToReference-SequenceTransformStatus = OK
Seq_Frame0003_Timestamp = 0.317
Seq_Frame0004_DriverToReference-SequenceTransform =-0.892691 -0.432547 0.126512 107.078 -0.141979 0.536351 0.831967 35.587 -0.42772 0.724728 -0.540209 59.8866 0 0 0 1 
Seq_Frame0004_DriverToReference-SequenceTransformStatus = OK
Seq_Frame0004_Timestamp = 0.421
Seq_Frame0005_DriverToReference-SequenceTransform =-0.868977 -0.468115 0.160459 102.619 -0.152428 0.561697 0.81318 34.4824 -0.470791 0.682177 -0.559456 55.918 0 0 0 1 
Seq_Frame0005_DriverToReference-SequenceTransformStatus = OK
Seq_Frame0005_Timestamp = 0.532
Seq_Frame0006_DriverToReference-SequenceTransform =-0.906782 -0.414894 0.0748932 101.03 -0.272442 0.71222 0.64693 44.7199 -0.321748 0.56622 -0.758863 40.1631 0 0 0 1 
Seq_Frame0006_DriverToReference-SequenceTransformStatus = OK
Seq_Frame0006_Timestamp = 0.636
Seq_Frame0007_DriverToReference-SequenceTransform =-0.830633 -0.553138 0.0639324 91.7386 -0.503938 0.795611 0.336228 75.3256 -0.236846 0.247064 -0.939608 28.9085 0 0 0 1 
Seq_Frame0007_DriverToReference-SequenceTransformStatus = OK
Seq_Frame0007_Timestamp = 0.741
Seq_Frame0008_DriverToReference-SequenceTransform =-0.632968 -0.740888 -0.22458 69.72 -0.765975 0.641449 0.0427241 152.226 0.112403 0.199065 -0.973519 38.776 0 0 0 1 
Seq_Frame0008_DriverToReference-SequenceTransformStatus = OK
Seq_Frame0008_Timestamp = 0.847
Seq_Frame0009_DriverToReference-SequenceTransform =-0.361955 -0.89747 -0.252063 36.3836 -0.92686 0.375366 -0.00554727 229.637 0.0995944 0.231619 -0.967695 61.7663 0 0 0 1 
Seq_Frame0009_DriverToReference-SequenceTransformStatus = OK
Seq_Frame0009_Timestamp = 0.957
Seq_Frame0010_DriverToReference-SequenceTransform =-0.179149 -0.921239 -0.345288 9.50983 -0.983339 0.178665 0.033513 275.052 0.0308172 0.345539 -0.937898 89.8709 0 0 0 1 
Seq_Frame0010_DriverToReference-SequenceTransformStatus = OK
Seq_Frame0010_Timestamp = 1.063
Seq_Frame0011_DriverToReference-SequenceTransform =-0.171578 -0.89269 -0.416731 -2.29714 -0.978126 0.103864 0.180227 291.667 -0.117603 0.438539 -0.890984 111.247 0 0 0 1 
Seq_Frame0011_DriverToReference-SequenceTransformStatus = OK
Seq_Frame0011_Timestamp = 1.166
Seq_Frame0012_DriverToReference-SequenceTransform =-0.168439 -0.855425 -0.489772 -13.7625 -0.968234 0.0504311 0.244907 298.996 -0.1848 0.515466 -0.836746 113.949 0 0 0 1 
Seq_Frame0012_DriverToReference-SequenceTransformStatus = OK
Seq_Frame0012_Timestamp = 1.272
Seq_Frame0013_DriverToReference-SequenceTransform =-0.137978 -0.875365 -0.463355 -18.6952 -0.957575 -0.00160521 0.288179 301.841 -0.253005 0.48346 -0.838006 122.854 0 0 0 1 
Seq_Frame0013_DriverToReference-SequenceTransformStatus = OK
Seq_Frame0013_Timestamp = 1.376
Seq_Frame0014_DriverToReference-SequenceTransform =-0.156191 -0.896984 -0.413551 -18.3664 -0.922299 -0.017404 0.386085 303.038 -0.35351 0.441721 -0.824569 133.108 0 0 0 1 
Seq_Frame0014_DriverToReference-SequenceTransformStatus = OK
Seq_Frame0014_Timestamp = 1.482
Seq_Frame0015_DriverToReference-SequenceTransform =-0.128666 -0.864179 -0.486456 -20.7497 -0.947761 -0.037222 0.316803 304.369 -0.291882 0.501805 -0.814246 136.983 0 0 0 1 
Seq_Frame0015_DriverToReference-SequenceTransformStatus = OK
Seq_Frame0015_Timestamp = 1.587
Seq_Frame0016_DriverToReference-SequenceTransform =-0.0120065 -0.814288 -0.580337 -27.2574 -0.970994 -0.129111 0.201249 307.155 -0.238802 0.56592 -0.789119 137.742 0 0 0 1 
Seq_Frame0016_DriverToReference-SequenceTransformStatus = OK
Seq_Frame0016_Timestamp = 1.692
Seq_Frame0017_DriverToReference-SequenceTransform =-0.00727756 -0.768539 -0.639761 -26.9904 -0.972813 -0.142656 0.182437 306.769 -0.231476 0.623696 -0.746607 136.741 0 0 0 1 
Seq_Frame0017_DriverToReference-SequenceTransformStatus = OK
Seq_Frame0017_Timestamp = 1.802
Seq_Frame0018_DriverToReference-SequenceTransform =0.0171794 -0.58668 -0.809637 -25.001 -0.999749 -0.0217331 -0.00546513 297.637 -0.0143896 0.809527 -0.586906 133.656 0 0 0 1 
Seq_Frame0018_DriverToReference-SequenceTransformStatus = OK
Seq_Frame0018_Timestamp = 1.907
Seq_Frame0019_DriverToReference-SequenceTransform =-0.303997 -0.626003 -0.718127 1.39 -0.948139 0.125356 0.292092 299.958 -0.0928291 0.769679 -0.631646 146.176 0 0 0 1 
Seq_Frame0019_DriverToReference-SequenceTransformStatus = OK
Seq_Frame0019_Timestamp = 2.012
Seq_Frame0020_DriverToReference-SequenceTransform =-0.659332 -0.617989 -0.428219 32.8727 -0.714765 0.338538 0.611966 292.969 -0.23322 0.709565 -0.664926 159.985 0 0 0 1 
Seq_Frame0020_DriverToReference-SequenceTransformStatus = OK
Seq_Frame0020_Timestamp = 2.121
Seq_Frame0021_DriverToReference-SequenceTransform =-0.768197 -0.637754 0.0560664 53.5433 -0.477818 0.629421 0.612796 280.474 -0.426102 0.443958 -0.78825 172.32 0 0 0 1 
Seq_Frame0021_DriverToReference-SequenceTransformStatus = OK
Seq_Frame0021_Timestamp = 2.227
Seq_Frame0022_DriverToReference-SequenceTransform =-0.778226 -0.595641 0.198934 61.6619 -0.418157 0.727852 0.543485 279.557 -0.468517 0.339768 -0.815506 172.291 0 0 0 1 
Seq_Frame0022_DriverToReference-SequenceTransformStatus = OK
Seq_Frame0022_Timestamp = 2.332
Seq_Frame0023_DriverToReference-SequenceTransform =-0.758995 -0.586525 0.282692 64.4632 -0.387235 0.755683 0.528197 282.946 -0.523426 0.291431 -0.800683 166.882 0 0 0 1 
Seq_Frame0023_DriverToReference-SequenceTransformStatus = OK
Seq_Frame0023_Timestamp = 2.442
Seq_Frame0024_DriverToReference-SequenceTransform =-0.755663 -0.597658 0.267915 65.5313 -0.399771 0.744901 0.534141 288.965 -0.518803 0.296526 -0.80182 163.55 0 0 0 1 
Seq_Frame0024_DriverToReference-SequenceTransformStatus = OK
Seq_Frame0024_Timestamp = 2.547
Seq_Frame0025_DriverToReference-SequenceTransform =-0.738141 -0.634461 0.22936 62.8001 -0.447316 0.714761 0.53761 293.135 -0.505031 0.294236 -0.8114 159.711 0 0 0 1 
Seq_Frame0025_DriverToReference-SequenceTransformStatus = OK
Seq_Frame0025_Timestamp = 2.651
Seq_Frame0026_DriverToReference-SequenceTransform =-0.749234 -0.629604 0.205542 59.2037 -0.427986 0.697097 0.575225 292.531 -0.505447 0.343009 -0.79175 159.415 0 0 0 1 
Seq_Frame0026_DriverToReference-SequenceTransformStatus = OK
Seq_Frame0026_Timestamp = 2.757
Seq_Frame0027_DriverToReference-SequenceTransform =-0.725204 -0.685289 -0.0667674 48.5133 -0.542963 0.509555 0.667492 303.438 -0.423403 0.52032 -0.741618 158.289 0 0 0 1 
Seq_Frame0027_DriverToReference-SequenceTransformStatus = OK
Seq_Frame0027_Timestamp = 2.867
Seq_Frame0028_DriverToReference-SequenceTransform =-0.519095 -0.832845 -0.192121 42.7732 -0.730175 0.315271 0.606175 311.233 -0.44428 0.454944 -0.771778 181.156 0 0 0 1 
Seq_Frame0028_DriverToReference-SequenceTransformStatus = OK
Seq_Frame0028_Timestamp = 2.97
Seq_Frame0029_DriverToReference-SequenceTransform =-0.393518 -0.890532 -0.228245 38.9791 -0.795973 0.205829 0.569264 315.542 -0.459969 0.405692 -0.789837 192.278 0 0 0 1 
Seq_Frame0029_DriverToReference-SequenceTransformStatus = OK
Seq_Frame0029_Timestamp = 3.082
Seq_Frame0030_DriverToReference-SequenceTransform =-0.414147 -0.852051 -0.320143 35.6833 -0.824327 0.20196 0.528863 312.095 -0.385962 0.48293 -0.78601 188.824 0 0 0 1 
Seq_Frame0030_DriverToReference-SequenceTransformStatus = OK
Seq_Frame0030_Timestamp = 3.186
Seq_Frame0031_DriverToReference-SequenceTransform =-0.415094 -0.809354 -0.415504 72.0825 -0.858505 0.197306 0.473328 292.122 -0.301108 0.553188 -0.776735 180.801 0 0 0 1 
Seq_Frame0031_DriverToReference-SequenceTransformStatus = OK
Seq_Frame0031_Timestamp = 4.171
Seq_Frame0032_DriverToReference-SequenceTransform =-0.385569 -0.78644 -0.482544 76.4668 -0.878248 0.152477 0.453245 283.887 -0.282873 0.59855 -0.74948 190.839 0 0 0 1 
Seq_Frame0032_DriverToReference-SequenceTransformStatus = OK
Seq_Frame0032_Timestamp = 4.277
Seq_Frame0033_DriverToReference-SequenceTransform =-0.253487 -0.670363 -0.697394 60.7497 -0.964649 0.121448 0.233888 277.466 -0.0720925 0.732027 -0.67745 179.966 0 0 0 1 
Seq_Frame0033_DriverToReference-SequenceTransformStatus = OK
Seq_Frame0033_Timestamp = 4.381
Seq_Frame0034_DriverToReference-SequenceTransform =0.211618 -0.369316 -0.904889 31.072 -0.97159 0.0208958 -0.235746 275.968 0.105973 0.929069 -0.354401 172.635 0 0 0 1 
Seq_Frame0034_DriverToReference-SequenceTransformStatus = OK
Seq_Frame0034_Timestamp = 4.491
Seq_Frame0035_DriverToReference-SequenceTransform =0.211618 -0.369316 -0.904889 31.072 -0.97159 0.0208958 -0.235746 275.968 0.105973 0.929069 -0.354401 172.635 0 0 0 1 
Seq_Frame0035_DriverToReference-SequenceTransformStatus = OK
Seq_Frame0035_Timestamp = 4.597
Seq_Frame0036_DriverToReference-SequenceTransform =0.211618 -0.369316 -0.904889 31.072 -0.97159 0.0208958 -0.235746 275.968 0.105973 0.929069 -0.354401 172.635 0 0 0 1 
Seq_Frame0036_DriverToReference-SequenceTransformStatus = OK
Seq_Frame0036_Timestamp = 4.701
Seq_Frame0037_DriverToReference-SequenceTransform =0.211618 -0.369316 -0.904889 31.072 -0.97159 0.0208958 -0.235746 275.968 0.105973 0.929069 -0.354401 172.635 0 0 0 1 
Seq_Frame0037_DriverToReference-SequenceTransformStatus = OK
Seq_Frame0037_Timestamp = 4.807
Seq_Frame0038_DriverToReference-SequenceTransform =0.211618 -0.369316 -0.904889 31.072 -0.97159 0.0208958 -0.235746 275.968 0.105973 0.929069 -0.354401 172.635 0 0 0 1 
Seq_Frame0038_DriverToReference-SequenceTransformStatus = OK
Seq_Frame0038_Timestamp = 4.917
Seq_Frame0039_DriverToReference-SequenceTransform =0.211618 -0.369316 -0.904889 31.072 -0.97159 0.0208958 -0.235746 275.968 0.105973 0.929069 -0.354401 172.635 0 0 0 1 
Seq_Frame0039_DriverToReference-SequenceTransformStatus = OK
Seq_Frame0039_Timestamp = 5.022
Seq_Frame0040_DriverToReference-SequenceTransform =0.211618 -0.369316 -0.904889 31.072 -0.97159 0.0208958 -0.235746 275.968 0.105973 0.929069 -0.354401 172.635 0 0 0 1 
Seq_Frame0040_DriverToReference-SequenceTransformStatus = OK
Seq_Frame0040_Timestamp = 5.127
Seq_Frame0041_DriverToReference-SequenceTransform =0.211618 -0.369316 -0.904889 31.072 -0.97159 0.0208958 -0.235746 275.968 0.105973 0.929069 -0.354401 172.635 0 0 0 1 
Seq_Frame0041_DriverToReference-SequenceTransformStatus = OK
Seq_Frame0041_Timestamp = 5.232
Seq_Frame0042_DriverToReference-SequenceTransform =0.211618 -0.369316 -0.904889 31.072 -0.97159 0.0208958 -0.235746 275.968 0.105973 0.929069 -0.354401 172.635 0 0 0 1 
Seq_Frame0042_DriverToReference-SequenceTransformStatus = OK
Seq_Frame0042_Timestamp = 5.337
Seq_Frame0043_DriverToReference-SequenceTransform =0.211618 -0.369316 -0.904889 31.072 -0.97159 0.0208958 -0.235746 275.968 0.105973 0.929069 -0.354401 172.635 0 0 0 1 
Seq_Frame0043_DriverToReference-SequenceTransformStatus = OK
Seq_Frame0043_Timestamp = 5.442
Seq_Frame0044_DriverToReference-SequenceTransform =0.211618 -0.369316 -0.904889 31.072 -0.97159 0.0208958 -0.235746 275.968 0.105973 0.929069 -0.354401 172.635 0 0 0 1 
Seq_Frame0044_DriverToReference-SequenceTransformStatus = OK
Seq_Frame0044_Timestamp = 5.546
Seq_Frame0045_DriverToReference-SequenceTransform =0.211618 -0.369316 -0.904889 31.072 -0.97159 0.0208958 -0.235746 275.968 0.105973 0.929069 -0.354401 172.635 0 0 0 1 
Seq_Frame0045_DriverToReference-SequenceTransformStatus = OK
Seq_Frame0045_Timestamp = 5.651
Seq_Frame0046_DriverToReference-SequenceTransform =0.211618 -0.369316 -0.904889 31.072 -0.97159 0.0208958 -0.235746 275.968 0.105973 0.929069 -0.354401 172.635 0 0 0 1 
Seq_Frame0046_DriverToReference-SequenceTransformStatus = OK
Seq_Frame0046_Timestamp = 5.756
Seq_Frame0047_DriverToReference-SequenceTransform =0.211618 -0.369316 -0.904889 31.072 -0.97159 0.0208958 -0.235746 275.968 0.105973 0.929069 -0.354401 172.635 0 0 0 1 
Seq_Frame0047_DriverToReference-SequenceTransformStatus = OK
Seq_Frame0047_Timestamp = 5.866
Seq_Frame0048_DriverToReference-SequenceTransform =0.211618 -0.369316 -0.904889 31.072 -0.97159 0.0208958 -0.235746 275.968 0.105973 0.929069 -0.354401 172.635 0 0 0 1 
Seq_Frame0048_DriverToReference-SequenceTransformStatus = OK
Seq_Frame0048_Timestamp = 5.972
Seq_Frame0049_DriverToReference-SequenceTransform =0.211618 -0.369316 -0.904889 31.072 -0.97159 0.0208958 -0.235746 275.968 0.105973 0.929069 -0.354401 172.635 0 0 0 1 
Seq_Frame0049_DriverToReference-SequenceTransformStatus = OK
Seq_Frame0049_Timestamp = 6.076
Seq_Frame0050_DriverToReference-SequenceTransform =0.211618 -0.369316 -0.904889 31.072 -0.97159 0.0208958 -0.235746 275.968 0.105973 0.929069 -0.354401 172.635 0 0 0 1 
Seq_Frame0050_DriverToReference-SequenceTransformStatus = OK
Seq_Frame0050_Timestamp = 6.182
Seq_Frame0051_DriverToReference-SequenceTransform =0.211618 -0.369316 -0.904889 31.072 -0.97159 0.0208958 -0.235746 275.968 0.105973 0.929069 -0.354401 172.635 0 0 0 1 
Seq_Frame0051_DriverToReference-SequenceTransformStatus = OK
Seq_Frame0051_Timestamp = 6.294
Seq_Frame0052_DriverToReference-SequenceTransform =0.211618 -0.369316 -0.904889 31.072 -0.97159 0.0208958 -0.235746 275.968 0.105973 0.929069 -0.354401 172.635 0 0 0 1 
Seq_Frame0052_DriverToReference-SequenceTransformStatus = OK
Seq_Frame0052_Timestamp = 6.397
Seq_Frame0053_DriverToReference-SequenceTransform =0.211618 -0.369316 -0.904889 31.072 -0.97159 0.0208958 -0.235746 275.968 0.105973 0.929069 -0.354401 172.635 0 0 0 1 
Seq_Frame0053_DriverToReference-SequenceTransformStatus = OK
Seq_Frame0053_Timestamp = 6.502
Seq_Frame0054_DriverToReference-SequenceTransform =0.211618 -0.369316 -0.904889 31.072 -0.97159 0.0208958 -0.235746 275.968 0.105973 0.929069 -0.354401 172.635 0 0 0 1 
Seq_Frame0054_DriverToReference-SequenceTransformStatus = OK
Seq_Frame0054_Timestamp = 8.195
Seq_Frame0055_DriverToReference-SequenceTransform =0.211618 -0.369316 -0.904889 31.072 -0.97159 0.0208958 -0.235746 275.968 0.105973 0.929069 -0.354401 172.635 0 0 0 1 
Seq_Frame0055_DriverToReference-SequenceTransformStatus = OK
Seq_Frame0055_Timestamp = 8.307
Seq_Frame0056_DriverToReference-SequenceTransform =0.211618 -0.369316 -0.904889 31.072 -0.97159 0.0208958 -0.235746 275.968 0.105973 0.929069 -0.354401 172.635 0 0 0 1 
Seq_Frame0056_DriverToReference-SequenceTransformStatus = OK
Seq_Frame0056_Timestamp = 8.414
Seq_Frame0057_DriverToReference-SequenceTransform =0.211618 -0.369316 -0.904889 31.072 -0.97159 0.0208958 -0.235746 275.968 0.105973 0.929069 -0.354401 172.635 0 0 0 1 
Seq_Frame0057_DriverToReference-SequenceTransformStatus = OK
Seq_Frame0057_Timestamp = 8.537
Seq_Frame0058_DriverToReference-SequenceTransform =0.211618 -0.369316 -0.904889 31.072 -0.97159 0.0208958 -0.235746 275.968 0.105973 0.929069 -0.354401 172.635 0 0 0 1 
Seq_Frame0058_DriverToReference-SequenceTransformStatus = OK
Seq_Frame0058_Timestamp = 8.671
Seq_Frame0059_DriverToReference-SequenceTransform =0.211618 -0.369316 -0.904889 31.072 -0.97159 0.0208958 -0.235746 275.968 0.105973 0.929069 -0.354401 172.635 0 0 0 1 
Seq_Frame0059_DriverToReference-SequenceTransformStatus = OK
Seq_Frame0059_Timestamp = 9.602
Seq_Frame0060_DriverToReference-SequenceTransform =0.211618 -0.369316 -0.904889 31.072 -0.97159 0.0208958 -0.235746 275.968 0.105973 0.929069 -0.354401 172.635 0 0 0 1 
Seq_Frame0060_DriverToReference-SequenceTransformStatus = OK
Seq_Frame0060_Timestamp = 9.724
Seq_Frame0061_DriverToReference-SequenceTransform =0.211618 -0.369316 -0.904889 31.072 -0.97159 0.0208958 -0.235746 275.968 0.105973 0.929069 -0.354401 172.635 0 0 0 1 
Seq_Frame0061_DriverToReference-SequenceTransformStatus = OK
Seq_Frame0061_Timestamp = 9.834
Seq_Frame0062_DriverToReference-SequenceTransform =0.211618 -0.369316 -0.904889 31.072 -0.97159 0.0208958 -0.235746 275.968 0.105973 0.929069 -0.354401 172.635 0 0 0 1 
Seq_Frame0062_DriverToReference-SequenceTransformStatus = OK
Seq_Frame0062_Timestamp = 9.942
Seq_Frame0063_DriverToReference-SequenceTransform =0.211618 -0.369316 -0.904889 31.072 -0.97159 0.0208958 -0.235746 275.968 0.105973 0.929069 -0.354401 172.635 0 0 0 1 
Seq_Frame0063_DriverToReference-SequenceTransformStatus = OK
Seq_Frame0063_Timestamp = 10.049
Seq_Frame0064_DriverToReference-SequenceTransform =0.211618 -0.369316 -0.904889 31.072 -0.97159 0.0208958 -0.235746 275.968 0.105973 0.929069 -0.354401 172.635 0 0 0 1 
Seq_Frame0064_DriverToReference-SequenceTransformStatus = OK
Seq_Frame0064_Timestamp = 10.178
Seq_Frame0065_DriverToReference-SequenceTransform =0.211618 -0.369316 -0.904889 31.072 -0.97159 0.0208958 -0.235746 275.968 0.105973 0.929069 -0.354401 172.635 0 0 0 1 
Seq_Frame0065_DriverToReference-SequenceTransformStatus = OK
Seq_Frame0065_Timestamp = 10.3
Seq_Frame0066_DriverToReference-SequenceTransform =0.211618 -0.369316 -0.904889 31.072 -0.97159 0.0208958 -0.235746 275.968 0.105973 0.929069 -0.354401 172.635 0 0 0 1 
Seq_Frame0066_DriverToReference-SequenceTransformStatus = OK
Seq_Frame0066_Timestamp = 10.408
Seq_Frame0067_DriverToReference-SequenceTransform =0.211618 -0.369316 -0.904889 31.072 -0.97159 0.0208958 -0.235746 275.968 0.105973 0.929069 -0.354401 172.635 0 0 0 1 
Seq_Frame0067_DriverToReference-SequenceTransformStatus = OK
Seq_Frame0067_Timestamp = 10.517
Seq_Frame0068_DriverToReference-SequenceTransform =0.211618 -0.369316 -0.904889 31.072 -0.97159 0.0208958 -0.235746 275.968 0.105973 0.929069 -0.354401 172.635 0 0 0 1 
Seq_Frame0068_DriverToReference-SequenceTransformStatus = OK
Seq_Frame0068_Timestamp = 10.637
Seq_Frame0069_DriverToReference-SequenceTransform =0.211618 -0.369316 -0.904889 31.072 -0.97159 0.0208958 -0.235746 275.968 0.105973 0.929069 -0.354401 172.635 0 0 0 1 
Seq_Frame0069_DriverToReference-SequenceTransformStatus = OK
Seq_Frame0069_Timestamp = 10.743
Seq_Frame0070_DriverToReference-SequenceTransform =0.211618 -0.369316 -0.904889 31.072 -0.97159 0.0208958 -0.235746 275.968 0.105973 0.929069 -0.354401 172.635 0 0 0 1 
Seq_Frame0070_DriverToReference-SequenceTransformStatus = OK
Seq_Frame0070_Timestamp = 10.849
Seq_Frame0071_DriverToReference-SequenceTransform =0.211618 -0.369316 -0.904889 31.072 -0.97159 0.0208958 -0.235746 275.968 0.105973 0.929069 -0.354401 172.635 0 0 0 1 
Seq_Frame0071_DriverToReference-SequenceTransformStatus = OK
Seq_Frame0071_Timestamp = 10.974
Seq_Frame0072_DriverToReference-SequenceTransform =0.211618 -0.369316 -0.904889 31.072 -0.97159 0.0208958 -0.235746 275.968 0.105973 0.929069 -0.354401 172.635 0 0 0 1 
Seq_Frame0072_DriverToReference-SequenceTransformStatus = OK
Seq_Frame0072_Timestamp = 11.082
Seq_Frame0073_DriverToReference-SequenceTransform =0.211618 -0.369316 -0.904889 31.072 -0.97159 0.0208958 -0.235746 275.968 0.105973 0.929069 -0.354401 172.635 0 0 0 1 
Seq_Frame0073_DriverToReference-SequenceTransformStatus = OK
Seq_Frame0073_Timestamp = 11.25
Seq_Frame0074_DriverToReference-SequenceTransform =0.211618 -0.369316 -0.904889 31.072 -0.97159 0.0208958 -0.235746 275.968 0.105973 0.929069 -0.354401 172.635 0 0 0 1 
Seq_Frame0074_DriverToReference-SequenceTransformStatus = OK
Seq_Frame0074_Timestamp = 11.373
Seq_Frame0075_DriverToReference-SequenceTransform =0.211618 -0.369316 -0.904889 31.072 -0.97159 0.0208958 -0.235746 275.968 0.105973 0.929069 -0.354401 172.635 0 0 0 1 
Seq_Frame0075_DriverToReference-SequenceTransformStatus = OK
Seq_Frame0075_Timestamp = 11.54
Seq_Frame0076_DriverToReference-SequenceTransform =0.211618 -0.369316 -0.904889 31.072 -0.97159 0.0208958 -0.235746 275.968 0.105973 0.929069 -0.354401 172.635 0 0 0 1 
Seq_Frame0076_DriverToReference-SequenceTransformStatus = OK
Seq_Frame0076_Timestamp = 11.647
Seq_Frame0077_DriverToReference-SequenceTransform =0.211618 -0.369316 -0.904889 31.072 -0.97159 0.0208958 -0.235746 275.968 0.105973 0.929069 -0.354401 172.635 0 0 0 1 
Seq_Frame0077_DriverToReference-SequenceTransformStatus = OK
Seq_Frame0077_Timestamp = 11.748
Seq_Frame0078_DriverToReference-SequenceTransform =0.211618 -0.369316 -0.904889 31.072 -0.97159 0.0208958 -0.235746 275.968 0.105973 0.929069 -0.354401 172.635 0 0 0 1 
Seq_Frame0078_DriverToReference-SequenceTransformStatus = OK
Seq_Frame0078_Timestamp = 11.87
Seq_Frame0079_DriverToReference-SequenceTransform =0.211618 -0.369316 -0.904889 31.072 -0.97159 0.0208958 -0.235746 275.968 0.105973 0.929069 -0.354401 172.635 0 0 0 1 
Seq_Frame0079_DriverToReference-SequenceTransformStatus = OK
Seq_Frame0079_Timestamp = 11.993
Seq_Frame0080_DriverToReference-SequenceTransform =0.211618 -0.369316 -0.904889 31.072 -0.97159 0.0208958 -0.235746 275.968 0.105973 0.929069 -0.354401 172.635 0 0 0 1 
Seq_Frame0080_DriverToReference-SequenceTransformStatus = OK
Seq_Frame0080_Timestamp = 12.116
Seq_Frame0081_DriverToReference-SequenceTransform =0.211618 -0.369316 -0.904889 31.072 -0.97159 0.0208958 -0.235746 275.968 0.105973 0.929069 -0.354401 172.635 0 0 0 1 
Seq_Frame0081_DriverToReference-SequenceTransformStatus = OK
Seq_Frame0081_Timestamp = 12.238
Seq_Frame0082_DriverToReference-SequenceTransform =0.211618 -0.369316 -0.904889 31.072 -0.97159 0.0208958 -0.235746 275.968 0.105973 0.929069 -0.354401 172.635 0 0 0 1 
Seq_Frame0082_DriverToReference-SequenceTransformStatus = OK
Seq_Frame0082_Timestamp = 12.358
Seq_Frame0083_DriverToReference-SequenceTransform =0.211618 -0.369316 -0.904889 31.072 -0.97159 0.0208958 -0.235746 275.968 0.105973 0.929069 -0.354401 172.635 0 0 0 1 
Seq_Frame0083_DriverToReference-SequenceTransformStatus = OK
Seq_Frame0083_Timestamp = 12.46
Seq_Frame0084_DriverToReference-SequenceTransform =0.211618 -0.369316 -0.904889 31.072 -0.97159 0.0208958 -0.235746 275.968 0.105973 0.929069 -0.354401 172.635 0 0 0 1 
Seq_Frame0084_DriverToReference-SequenceTransformStatus = OK
Seq_Frame0084_Timestamp = 12.584
Seq_Frame0085_DriverToReference-SequenceTransform =0.211618 -0.369316 -0.904889 31.072 -0.97159 0.0208958 -0.235746 275.968 0.105973 0.929069 -0.354401 172.635 0 0 0 1 
Seq_Frame0085_DriverToReference-SequenceTransformStatus = OK
Seq_Frame0085_Timestamp = 12.691
Seq_Frame0086_DriverToReference-SequenceTransform =0.211618 -0.369316 -0.904889 31.072 -0.97159 0.0208958 -0.235746 275.968 0.105973 0.929069 -0.354401 172.635 0 0 0 1 
Seq_Frame0086_DriverToReference-SequenceTransformStatus = OK
Seq_Frame0086_Timestamp = 12.802
Seq_Frame0087_DriverToReference-SequenceTransform =0.211618 -0.369316 -0.904889 31.072 -0.97159 0.0208958 -0.235746 275.968 0.105973 0.929069 -0.354401 172.635 0 0 0 1 
Seq_Frame0087_DriverToReference-SequenceTransformStatus = OK
Seq_Frame0087_Timestamp = 12.918
Seq_Frame0088_DriverToReference-SequenceTransform =0.211618 -0.369316 -0.904889 31.072 -0.97159 0.0208958 -0.235746 275.968 0.105973 0.929069 -0.354401 172.635 0 0 0 1 
Seq_Frame0088_DriverToReference-SequenceTransformStatus = OK
Seq_Frame0088_Timestamp = 13.032
Seq_Frame0089_DriverToReference-SequenceTransform =0.211618 -0.369316 -0.904889 31.072 -0.97159 0.0208958 -0.235746 275.968 0.105973 0.929069 -0.354401 172.635 0 0 0 1 
Seq_Frame0089_DriverToReference-SequenceTransformStatus = OK
Seq_Frame0089_Timestamp = 13.162
Seq_Frame0090_DriverToReference-SequenceTransform =0.211618 -0.369316 -0.904889 31.072 -0.97159 0.0208958 -0.235746 275.968 0.105973 0.929069 -0.354401 172.635 0 0 0 1 
Seq_Frame0090_DriverToReference-SequenceTransformStatus = OK
Seq_Frame0090_Timestamp = 13.283
Seq_Frame0091_DriverToReference-SequenceTransform =0.211618 -0.369316 -0.904889 31.072 -0.97159 0.0208958 -0.235746 275.968 0.105973 0.929069 -0.354401 172.635 0 0 0 1 
Seq_Frame0091_DriverToReference-SequenceTransformStatus = OK
Seq_Frame0091_Timestamp = 13.404
Seq_Frame0092_DriverToReference-SequenceTransform =0.211618 -0.369316 -0.904889 31.072 -0.97159 0.0208958 -0.235746 275.968 0.105973 0.929069 -0.354401 172.635 0 0 0 1 
Seq_Frame0092_DriverToReference-SequenceTransformStatus = OK
Seq_Frame0092_Timestamp = 13.619
Seq_Frame0093_DriverToReference-SequenceTransform =0.211618 -0.369316 -0.904889 31.072 -0.97159 0.0208958 -0.235746 275.968 0.105973 0.929069 -0.354401 172.635 0 0 0 1 
Seq_Frame0093_DriverToReference-SequenceTransformStatus = OK
Seq_Frame0093_Timestamp = 13.743
Seq_Frame0094_DriverToReference-SequenceTransform =0.211618 -0.369316 -0.904889 31.072 -0.97159 0.0208958 -0.235746 275.968 0.105973 0.929069 -0.354401 172.635 0 0 0 1 
Seq_Frame0094_DriverToReference-SequenceTransformStatus = OK
Seq_Frame0094_Timestamp = 14.199
Seq_Frame0095_DriverToReference-SequenceTransform =0.211618 -0.369316 -0.904889 31.072 -0.97159 0.0208958 -0.235746 275.968 0.105973 0.929069 -0.354401 172.635 0 0 0 1 
Seq_Frame0095_DriverToReference-SequenceTransformStatus = OK
Seq_Frame0095_Timestamp = 14.674
Seq_Frame0096_DriverToReference-SequenceTransform =0.211618 -0.369316 -0.904889 31.072 -0.97159 0.0208958 -0.235746 275.968 0.105973 0.929069 -0.354401 172.635 0 0 0 1 
Seq_Frame0096_DriverToReference-SequenceTransformStatus = OK
Seq_Frame0096_Timestamp = 14.79
Seq_Frame0097_DriverToReference-SequenceTransform =0.211618 -0.369316 -0.904889 31.072 -0.97159 0.0208958 -0.235746 275.968 0.105973 0.929069 -0.354401 172.635 0 0 0 1 
Seq_Frame0097_DriverToReference-SequenceTransformStatus = OK
Seq_Frame0097_Timestamp = 14.898
Seq_Frame0098_DriverToReference-SequenceTransform =0.211618 -0.369316 -0.904889 31.072 -0.97159 0.0208958 -0.235746 275.968 0.105973 0.929069 -0.354401 172.635 0 0 0 1 
Seq_Frame0098_DriverToReference-SequenceTransformStatus = OK
Seq_Frame0098_Timestamp = 15.027
Seq_Frame0099_DriverToReference-SequenceTransform =0.211618 -0.369316 -0.904889 31.072 -0.97159 0.0208958 -0.235746 275.968 0.105973 0.929069 -0.354401 172.635 0 0 0 1 
Seq_Frame0099_DriverToReference-SequenceTransformStatus = OK
Seq_Frame0099_Timestamp = 15.15
Seq_Frame0100_DriverToReference-SequenceTransform =0.211618 -0.369316 -0.904889 31.072 -0.97159 0.0208958 -0.235746 275.968 0.105973 0.929069 -0.354401 172.635 0 0 0 1 
Seq_Frame0100_DriverToReference-SequenceTransformStatus = OK
Seq_Frame0100_Timestamp = 15.255
Seq_Frame0101_DriverToReference-SequenceTransform =0.211618 -0.369316 -0.904889 31.072 -0.97159 0.0208958 -0.235746 275.968 0.105973 0.929069 -0.354401 172.635 0 0 0 1 
Seq_Frame0101_DriverToReference-SequenceTransformStatus = OK
Seq_Frame0101_Timestamp = 15.361
Seq_Frame0102_DriverToReference-SequenceTransform =0.211618 -0.369316 -0.904889 31.072 -0.97159 0.0208958 -0.235746 275.968 0.105973 0.929069 -0.354401 172.635 0 0 0 1 
Seq_Frame0102_DriverToReference-SequenceTransformStatus = OK
Seq_Frame0102_Timestamp = 15.462
Seq_Frame0103_DriverToReference-SequenceTransform =0.211618 -0.369316 -0.904889 31.072 -0.97159 0.0208958 -0.235746 275.968 0.105973 0.929069 -0.354401 172.635 0 0 0 1 
Seq_Frame0103_DriverToReference-SequenceTransformStatus = OK
Seq_Frame0103_Timestamp = 15.585
Seq_Frame0104_DriverToReference-SequenceTransform =0.211618 -0.369316 -0.904889 31.072 -0.97159 0.0208958 -0.235746 275.968 0.105973 0.929069 -0.354401 172.635 0 0 0 1 
Seq_Frame0104_DriverToReference-SequenceTransformStatus = OK
Seq_Frame0104_Timestamp = 15.709
Seq_Frame0105_DriverToReference-SequenceTransform =0.211618 -0.369316 -0.904889 31.072 -0.97159 0.0208958 -0.235746 275.968 0.105973 0.929069 -0.354401 172.635 0 0 0 1 
Seq_Frame0105_DriverToReference-SequenceTransformStatus = OK
Seq_Frame0105_Timestamp = 15.832
Seq_Frame0106_DriverToReference-SequenceTransform =0.211618 -0.369316 -0.904889 31.072 -0.97159 0.0208958 -0.235746 275.968 0.105973 0.929069 -0.354401 172.635 0 0 0 1 
Seq_Frame0106_DriverToReference-SequenceTransformStatus = OK
Seq_Frame0106_Timestamp = 15.958
Seq_Frame0107_DriverToReference-SequenceTransform =0.211618 -0.369316 -0.904889 31.072 -0.97159 0.0208958 -0.235746 275.968 0.105973 0.929069 -0.354401 172.635 0 0 0 1 
Seq_Frame0107_DriverToReference-SequenceTransformStatus = OK
Seq_Frame0107_Timestamp = 16.077
Seq_Frame0108_DriverToReference-SequenceTransform =0.211618 -0.369316 -0.904889 31.072 -0.97159 0.0208958 -0.235746 275.968 0.105973 0.929069 -0.354401 172.635 0 0 0 1 
Seq_Frame0108_DriverToReference-SequenceTransformStatus = OK
Seq_Frame0108_Timestamp = 16.179
Seq_Frame0109_DriverToReference-SequenceTransform =0.211618 -0.369316 -0.904889 31.072 -0.97159 0.0208958 -0.235746 275.968 0.105973 0.929069 -0.354401 172.635 0 0 0 1 
Seq_Frame0109_DriverToReference-SequenceTransformStatus = OK
Seq_Frame0109_Timestamp = 16.299
Seq_Frame0110_DriverToReference-SequenceTransform =0.211618 -0.369316 -0.904889 31.072 -0.97159 0.0208958 -0.235746 275.968 0.105973 0.929069 -0.354401 172.635 0 0 0 1 
Seq_Frame0110_DriverToReference-SequenceTransformStatus = OK
Seq_Frame0110_Timestamp = 16.406
Seq_Frame0111_DriverToReference-SequenceTransform =0.211618 -0.369316 -0.904889 31.072 -0.97159 0.0208958 -0.235746 275.968 0.105973 0.929069 -0.354401 172.635 0 0 0 1 
Seq_Frame0111_DriverToReference-SequenceTransformStatus = OK
Seq_Frame0111_Timestamp = 16.514
Seq_Frame0112_DriverToReference-SequenceTransform =0.211618 -0.369316 -0.904889 31.072 -0.97159 0.0208958 -0.235746 275.968 0.105973 0.929069 -0.354401 172.635 0 0 0 1 
Seq_Frame0112_DriverToReference-SequenceTransformStatus = OK
Seq_Frame0112_Timestamp = 16.635
Seq_Frame0113_DriverToReference-SequenceTransform =0.211618 -0.369316 -0.904889 31.072 -0.97159 0.0208958 -0.235746 275.968 0.105973 0.929069 -0.354401 172.635 0 0 0 1 
Seq_Frame0113_DriverToReference-SequenceTransformStatus = OK
Seq_Frame0113_Timestamp = 16.742
Seq_Frame0114_DriverToReference-SequenceTransform =0.211618 -0.369316 -0.904889 31.072 -0.97159 0.0208958 -0.235746 275.968 0.105973 0.929069 -0.354401 172.635 0 0 0 1 
Seq_Frame0114_DriverToReference-SequenceTransformStatus = OK
Seq_Frame0114_Timestamp = 16.849
Seq_Frame0115_DriverToReference-SequenceTransform =0.211618 -0.369316 -0.904889 31.072 -0.97159 0.0208958 -0.235746 275.968 0.105973 0.929069 -0.354401 172.635 0 0 0 1 
Seq_Frame0115_DriverToReference-SequenceTransformStatus = OK
Seq_Frame0115_Timestamp = 16.974
Seq_Frame0116_DriverToReference-SequenceTransform =0.211618 -0.369316 -0.904889 31.072 -0.97159 0.0208958 -0.235746 275.968 0.105973 0.929069 -0.354401 172.635 0 0 0 1 
Seq_Frame0116_DriverToReference-SequenceTransformStatus = OK
Seq_Frame0116_Timestamp = 17.085
Seq_Frame0117_DriverToReference-SequenceTransform =0.211618 -0.369316 -0.904889 31.072 -0.97159 0.0208958 -0.235746 275.968 0.105973 0.929069 -0.354401 172.635 0 0 0 1 
Seq_Frame0117_DriverToReference-SequenceTransformStatus = OK
Seq_Frame0117_Timestamp = 17.194
Seq_Frame0118_DriverToReference-SequenceTransform =0.211618 -0.369316 -0.904889 31.072 -0.97159 0.0208958 -0.235746 275.968 0.105973 0.929069 -0.354401 172.635 0 0 0 1 
Seq_Frame0118_DriverToReference-SequenceTransformStatus = OK
Seq_Frame0118_Timestamp = 17.319
Seq_Frame0119_DriverToReference-SequenceTransform =0.211618 -0.369316 -0.904889 31.072 -0.97159 0.0208958 -0.235746 275.968 0.105973 0.929069 -0.354401 172.635 0 0 0 1 
Seq_Frame0119_DriverToReference-SequenceTransformStatus = OK
Seq_Frame0119_Timestamp = 17.437
Seq_Frame0120_DriverToReference-SequenceTransform =0.211618 -0.369316 -0.904889 31.072 -0.97159 0.0208958 -0.235746 275.968 0.105973 0.929069 -0.354401 172.635 0 0 0 1 
Seq_Frame0120_DriverToReference-SequenceTransformStatus = OK
Seq_Frame0120_Timestamp = 17.562
Seq_Frame0121_DriverToReference-SequenceTransform =0.211618 -0.369316 -0.904889 31.072 -0.97159 0.0208958 -0.235746 275.968 0.105973 0.929069 -0.354401 172.635 0 0 0 1 
Seq_Frame0121_DriverToReference-SequenceTransformStatus = OK
Seq_Frame0121_Timestamp = 17.671
Seq_Frame0122_DriverToReference-SequenceTransform =0.211618 -0.369316 -0.904889 31.072 -0.97159 0.0208958 -0.235746 275.968 0.105973 0.929069 -0.354401 172.635 0 0 0 1 
Seq_Frame0122_DriverToReference-SequenceTransformStatus = OK
Seq_Frame0122_Timestamp = 18.238
Seq_Frame0123_DriverToReference-SequenceTransform =0.211618 -0.369316 -0.904889 31.072 -0.97159 0.0208958 -0.235746 275.968 0.105973 0.929069 -0.354401 172.635 0 0 0 1 
Seq_Frame0123_DriverToReference-SequenceTransformStatus = OK
Seq_Frame0123_Timestamp = 18.359
Seq_Frame0124_DriverToReference-SequenceTransform =0.211618 -0.369316 -0.904889 31.072 -0.97159 0.0208958 -0.235746 275.968 0.105973 0.929069 -0.354401 172.635 0 0 0 1 
Seq_Frame0124_DriverToReference-SequenceTransformStatus = OK
Seq_Frame0124_Timestamp = 19.463
Seq_Frame0125_DriverToReference-SequenceTransform =0.211618 -0.369316 -0.904889 31.072 -0.97159 0.0208958 -0.235746 275.968 0.105973 0.929069 -0.354401 172.635 0 0 0 1 
Seq_Frame0125_DriverToReference-SequenceTransformStatus = OK
Seq_Frame0125_Timestamp = 19.57
Seq_Frame0126_DriverToReference-SequenceTransform =0.211618 -0.369316 -0.904889 31.072 -0.97159 0.0208958 -0.235746 275.968 0.105973 0.929069 -0.354401 172.635 0 0 0 1 
Seq_Frame0126_DriverToReference-SequenceTransformStatus = OK
Seq_Frame0126_Timestamp = 19.676
Seq_Frame0127_DriverToReference-SequenceTransform =0.211618 -0.369316 -0.904889 31.072 -0.97159 0.0208958 -0.235746 275.968 0.105973 0.929069 -0.354401 172.635 0 0 0 1 
Seq_Frame0127_DriverToReference-SequenceTransformStatus = OK
Seq_Frame0127_Timestamp = 19.928
Seq_Frame0128_DriverToReference-SequenceTransform =0.211618 -0.369316 -0.904889 31.072 -0.97159 0.0208958 -0.235746 275.968 0.105973 0.929069 -0.354401 172.635 0 0 0 1 
Seq_Frame0128_DriverToReference-SequenceTransformStatus = OK
Seq_Frame0128_Timestamp = 22.16
Seq_Frame0129_DriverToReference-SequenceTransform =0.211618 -0.369316 -0.904889 31.072 -0.97159 0.0208958 -0.235746 275.968 0.105973 0.929069 -0.354401 172.635 0 0 0 1 
Seq_Frame0129_DriverToReference-SequenceTransformStatus = OK
Seq_Frame0129_Timestamp = 22.279
Seq_Frame0130_DriverToReference-SequenceTransform =0.211618 -0.369316 -0.904889 31.072 -0.97159 0.0208958 -0.235746 275.968 0.105973 0.929069 -0.354401 172.635 0 0 0 1 
Seq_Frame0130_DriverToReference-SequenceTransformStatus = OK
Seq_Frame0130_Timestamp = 22.496
Seq_Frame0131_DriverToReference-SequenceTransform =0.211618 -0.369316 -0.904889 31.072 -0.97159 0.0208958 -0.235746 275.968 0.105973 0.929069 -0.354401 172.635 0 0 0 1 
Seq_Frame0131_DriverToReference-SequenceTransformStatus = OK
Seq_Frame0131_Timestamp = 22.619
Seq_Frame0132_DriverToReference-SequenceTransform =0.211618 -0.369316 -0.904889 31.072 -0.97159 0.0208958 -0.235746 275.968 0.105973 0.929069 -0.354401 172.635 0 0 0 1 
Seq_Frame0132_DriverToReference-SequenceTransformStatus = OK
Seq_Frame0132_Timestamp = 22.745
Seq_Frame0133_DriverToReference-SequenceTransform =0.211618 -0.369316 -0.904889 31.072 -0.97159 0.0208958 -0.235746 275.968 0.105973 0.929069 -0.354401 172.635 0 0 0 1 
Seq_Frame0133_DriverToReference-SequenceTransformStatus = OK
Seq_Frame0133_Timestamp = 22.866
Seq_Frame0134_DriverToReference-SequenceTransform =0.211618 -0.369316 -0.904889 31.072 -0.97159 0.0208958 -0.235746 275.968 0.105973 0.929069 -0.354401 172.635 0 0 0 1 
Seq_Frame0134_DriverToReference-SequenceTransformStatus = OK
Seq_Frame0134_Timestamp = 22.978
Seq_Frame0135_DriverToReference-SequenceTransform =0.211618 -0.369316 -0.904889 31.072 -0.97159 0.0208958 -0.235746 275.968 0.105973 0.929069 -0.354401 172.635 0 0 0 1 
Seq_Frame0135_DriverToReference-SequenceTransformStatus = OK
Seq_Frame0135_Timestamp = 23.104
Seq_Frame0136_DriverToReference-SequenceTransform =0.211618 -0.369316 -0.904889 31.072 -0.97159 0.0208958 -0.235746 275.968 0.105973 0.929069 -0.354401 172.635 0 0 0 1 
Seq_Frame0136_DriverToReference-SequenceTransformStatus = OK
Seq_Frame0136_Timestamp = 23.219
Seq_Frame0137_DriverToReference-SequenceTransform =0.211618 -0.369316 -0.904889 31.072 -0.97159 0.0208958 -0.235746 275.968 0.105973 0.929069 -0.354401 172.635 0 0 0 1 
Seq_Frame0137_DriverToReference-SequenceTransformStatus = OK
Seq_Frame0137_Timestamp = 23.352
Seq_Frame0138_DriverToReference-SequenceTransform =0.211618 -0.369316 -0.904889 31.072 -0.97159 0.0208958 -0.235746 275.968 0.105973 0.929069 -0.354401 172.635 0 0 0 1 
Seq_Frame0138_DriverToReference-SequenceTransformStatus = OK
Seq_Frame0138_Timestamp = 23.478
Seq_Frame0139_DriverToReference-SequenceTransform =0.211618 -0.369316 -0.904889 31.072 -0.97159 0.0208958 -0.235746 275.968 0.105973 0.929069 -0.354401 172.635 0 0 0 1 
Seq_Frame0139_DriverToReference-SequenceTransformStatus = OK
Seq_Frame0139_Timestamp = 23.7
Seq_Frame0140_DriverToReference-SequenceTransform =0.211618 -0.369316 -0.904889 31.072 -0.97159 0.0208958 -0.235746 275.968 0.105973 0.929069 -0.354401 172.635 0 0 0 1 
Seq_Frame0140_DriverToReference-SequenceTransformStatus = OK
Seq_Frame0140_Timestamp = 23.806
Seq_Frame0141_DriverToReference-SequenceTransform =0.211618 -0.369316 -0.904889 31.072 -0.97159 0.0208958 -0.235746 275.968 0.105973 0.929069 -0.354401 172.635 0 0 0 1 
Seq_Frame0141_DriverToReference-SequenceTransformStatus = OK
Seq_Frame0141_Timestamp = 23.915
Seq_Frame0142_DriverToReference-SequenceTransform =0.211618 -0.369316 -0.904889 31.072 -0.97159 0.0208958 -0.235746 275.968 0.105973 0.929069 -0.354401 172.635 0 0 0 1 
Seq_Frame0142_DriverToReference-SequenceTransformStatus = OK
Seq_Frame0142_Timestamp = 24.041
Seq_Frame0143_DriverToReference-SequenceTransform =0.211618 -0.369316 -0.904889 31.072 -0.97159 0.0208958 -0.235746 275.968 0.105973 0.929069 -0.354401 172.635 0 0 0 1 
Seq_Frame0143_DriverToReference-SequenceTransformStatus = OK
Seq_Frame0143_Timestamp = 24.167
Seq_Frame0144_DriverToReference-SequenceTransform =0.211618 -0.369316 -0.904889 31.072 -0.97159 0.0208958 -0.235746 275.968 0.105973 0.929069 -0.354401 172.635 0 0 0 1 
Seq_Frame0144_DriverToReference-SequenceTransformStatus = OK
Seq_Frame0144_Timestamp = 24.287
Seq_Frame0145_DriverToReference-SequenceTransform =0.211618 -0.369316 -0.904889 31.072 -0.97159 0.0208958 -0.235746 275.968 0.105973 0.929069 -0.354401 172.635 0 0 0 1 
Seq_Frame0145_DriverToReference-SequenceTransformStatus = OK
Seq_Frame0145_Timestamp = 24.401
Seq_Frame0146_DriverToReference-SequenceTransform =0.211618 -0.369316 -0.904889 31.072 -0.97159 0.0208958 -0.235746 275.968 0.105973 0.929069 -0.354401 172.635 0 0 0 1 
Seq_Frame0146_DriverToReference-SequenceTransformStatus = OK
Seq_Frame0146_Timestamp = 24.512
Seq_Frame0147_DriverToReference-SequenceTransform =0.211618 -0.369316 -0.904889 31.072 -0.97159 0.0208958 -0.235746 275.968 0.105973 0.929069 -0.354401 172.635 0 0 0 1 
Seq_Frame0147_DriverToReference-SequenceTransformStatus = OK
Seq_Frame0147_Timestamp = 25.374
Seq_Frame0148_DriverToReference-SequenceTransform =0.211618 -0.369316 -0.904889 31.072 -0.97159 0.0208958 -0.235746 275.968 0.105973 0.929069 -0.354401 172.635 0 0 0 1 
Seq_Frame0148_DriverToReference-SequenceTransformStatus = OK
Seq_Frame0148_Timestamp = 25.485
Seq_Frame0149_DriverToReference-SequenceTransform =0.211618 -0.369316 -0.904889 31.072 -0.97159 0.0208958 -0.235746 275.968 0.105973 0.929069 -0.354401 172.635 0 0 0 1 
Seq_Frame0149_DriverToReference-SequenceTransformStatus = OK
Seq_Frame0149_Timestamp = 25.609
Seq_Frame0150_DriverToReference-SequenceTransform =0.211618 -0.369316 -0.904889 31.072 -0.97159 0.0208958 -0.235746 275.968 0.105973 0.929069 -0.354401 172.635 0 0 0 1 
Seq_Frame0150_DriverToReference-SequenceTransformStatus = OK
Seq_Frame0150_Timestamp = 25.729
