ObjectType = Image
NDims = 3
AnatomicalOrientation = RAI
BinaryData = True
CompressedData = False
DimSize = 0 0 2226
ElementSpacing = 1 1 1
Offset = 0 0 0
TransformMatrix = 1 0 0 0 1 0 0 0 1
ElementType = MET_UCHAR
Kinds = domain domain list
Seq_Frame0000_ForcepToReference-SequenceTransform =0.757652 0.131669 -0.639239 -68.0014 -0.530477 0.69481 -0.485627 117.092 0.380208 0.707038 0.596271 185.81 0 0 0 1 
Seq_Frame0000_ForcepToReference-SequenceTransformStatus = OK
Seq_Frame0000_Timestamp = 0.00199986
Seq_Frame0001_ForcepToReference-SequenceTransform =0.760427 0.132372 -0.63579 -67.8216 -0.52828 0.695496 -0.487037 116.944 0.377719 0.706231 0.598803 186.014 0 0 0 1 
Seq_Frame0001_ForcepToReference-SequenceTransformStatus = OK
Seq_Frame0001_Timestamp = 0.107
Seq_Frame0002_ForcepToReference-SequenceTransform =0.759497 0.131576 -0.637065 -67.896 -0.529447 0.694035 -0.487854 116.874 0.377956 0.707816 0.59678 186.034 0 0 0 1 
Seq_Frame0002_ForcepToReference-SequenceTransformStatus = OK
Seq_Frame0002_Timestamp = 0.212
Seq_Frame0003_ForcepToReference-SequenceTransform =0.758193 0.131556 -0.638621 -67.8966 -0.531092 0.692806 -0.487813 116.87 0.378265 0.709023 0.595149 186.005 0 0 0 1 
Seq_Frame0003_ForcepToReference-SequenceTransformStatus = OK
Seq_Frame0003_Timestamp = 0.326
Seq_Frame0004_ForcepToReference-SequenceTransform =0.757616 0.131372 -0.639342 -67.8789 -0.531307 0.693086 -0.48718 116.848 0.379118 0.708782 0.594893 186.067 0 0 0 1 
Seq_Frame0004_ForcepToReference-SequenceTransformStatus = OK
Seq_Frame0004_Timestamp = 0.43
Seq_Frame0005_ForcepToReference-SequenceTransform =0.759627 0.132223 -0.636776 -67.8356 -0.529386 0.694457 -0.487319 116.776 0.377778 0.707281 0.597526 186.123 0 0 0 1 
Seq_Frame0005_ForcepToReference-SequenceTransformStatus = OK
Seq_Frame0005_Timestamp = 0.537
Seq_Frame0006_ForcepToReference-SequenceTransform =0.758618 0.131849 -0.638055 -67.7983 -0.530551 0.693435 -0.487507 116.694 0.378173 0.708352 0.596005 186.188 0 0 0 1 
Seq_Frame0006_ForcepToReference-SequenceTransformStatus = OK
Seq_Frame0006_Timestamp = 0.647
Seq_Frame0007_ForcepToReference-SequenceTransform =0.757972 0.131354 -0.638925 -67.8756 -0.531049 0.693049 -0.487515 116.851 0.378769 0.708823 0.595067 186.059 0 0 0 1 
Seq_Frame0007_ForcepToReference-SequenceTransformStatus = OK
Seq_Frame0007_Timestamp = 0.757
Seq_Frame0008_ForcepToReference-SequenceTransform =0.758432 0.131413 -0.638366 -67.8884 -0.530316 0.693807 -0.487234 116.86 0.378874 0.70807 0.595896 186.034 0 0 0 1 
Seq_Frame0008_ForcepToReference-SequenceTransformStatus = OK
Seq_Frame0008_Timestamp = 0.866
Seq_Frame0009_ForcepToReference-SequenceTransform =0.759611 0.131308 -0.636984 -67.9185 -0.529002 0.694498 -0.487678 116.886 0.378348 0.707411 0.59701 185.987 0 0 0 1 
Seq_Frame0009_ForcepToReference-SequenceTransformStatus = OK
Seq_Frame0009_Timestamp = 0.972
Seq_Frame0010_ForcepToReference-SequenceTransform =0.75972 0.132039 -0.636704 -67.855 -0.528974 0.694955 -0.487057 116.922 0.37817 0.706826 0.597816 186.021 0 0 0 1 
Seq_Frame0010_ForcepToReference-SequenceTransformStatus = OK
Seq_Frame0010_Timestamp = 1.082
Seq_Frame0011_ForcepToReference-SequenceTransform =0.757058 0.131629 -0.639951 -67.8732 -0.532374 0.692082 -0.487443 116.737 0.378737 0.709716 0.594022 186.089 0 0 0 1 
Seq_Frame0011_ForcepToReference-SequenceTransformStatus = OK
Seq_Frame0011_Timestamp = 1.186
Seq_Frame0012_ForcepToReference-SequenceTransform =0.75974 0.131389 -0.636814 -67.8581 -0.529087 0.694219 -0.487984 116.844 0.377972 0.70767 0.596942 186.03 0 0 0 1 
Seq_Frame0012_ForcepToReference-SequenceTransformStatus = OK
Seq_Frame0012_Timestamp = 1.292
Seq_Frame0013_ForcepToReference-SequenceTransform =0.758618 0.131586 -0.63811 -67.8572 -0.530426 0.693469 -0.487595 116.806 0.378349 0.708368 0.595874 186.077 0 0 0 1 
Seq_Frame0013_ForcepToReference-SequenceTransformStatus = OK
Seq_Frame0013_Timestamp = 1.401
Seq_Frame0014_ForcepToReference-SequenceTransform =0.773518 0.107833 -0.624534 -68.905 -0.514241 0.682763 -0.519028 117.864 0.370441 0.722638 0.583582 186.273 0 0 0 1 
Seq_Frame0014_ForcepToReference-SequenceTransformStatus = OK
Seq_Frame0014_Timestamp = 1.507
Seq_Frame0015_ForcepToReference-SequenceTransform =0.844681 0.0906773 -0.527533 -70.1704 -0.464544 0.6138 -0.638317 123.629 0.265919 0.784237 0.560589 182.126 0 0 0 1 
Seq_Frame0015_ForcepToReference-SequenceTransformStatus = OK
Seq_Frame0015_Timestamp = 1.622
Seq_Frame0016_ForcepToReference-SequenceTransform =0.912198 0.322815 0.252359 -79.9196 0.190076 0.212235 -0.958555 155.163 -0.362995 0.922359 0.132241 165.645 0 0 0 1 
Seq_Frame0016_ForcepToReference-SequenceTransformStatus = OK
Seq_Frame0016_Timestamp = 1.726
Seq_Frame0017_ForcepToReference-SequenceTransform =0.689534 0.448555 0.568631 -95.2231 0.499676 0.273711 -0.821831 191.182 -0.524277 0.850812 -0.0353995 138.747 0 0 0 1 
Seq_Frame0017_ForcepToReference-SequenceTransformStatus = OK
Seq_Frame0017_Timestamp = 1.832
Seq_Frame0018_ForcepToReference-SequenceTransform =0.416027 0.458885 0.785077 -116.156 0.512385 0.594946 -0.619274 244.08 -0.751255 0.659896 0.0123875 76.1939 0 0 0 1 
Seq_Frame0018_ForcepToReference-SequenceTransformStatus = OK
Seq_Frame0018_Timestamp = 1.942
Seq_Frame0019_ForcepToReference-SequenceTransform =0.270468 0.227711 0.935411 -158.815 0.255358 0.919854 -0.297759 280.495 -0.928245 0.319399 0.190644 13.1322 0 0 0 1 
Seq_Frame0019_ForcepToReference-SequenceTransformStatus = OK
Seq_Frame0019_Timestamp = 2.047
Seq_Frame0020_ForcepToReference-SequenceTransform =0.106153 -0.0249282 0.994037 -204.684 -0.339444 0.938724 0.0597904 258.642 -0.934617 -0.343767 0.0911871 -40.7444 0 0 0 1 
Seq_Frame0020_ForcepToReference-SequenceTransformStatus = OK
Seq_Frame0020_Timestamp = 2.157
Seq_Frame0021_ForcepToReference-SequenceTransform =-0.0703462 -0.426308 0.901839 -232.607 -0.38733 0.844815 0.369139 242.9 -0.919254 -0.323341 -0.224551 -22.8885 0 0 0 1 
Seq_Frame0021_ForcepToReference-SequenceTransformStatus = OK
Seq_Frame0021_Timestamp = 2.261
Seq_Frame0022_ForcepToReference-SequenceTransform =-0.217841 -0.595969 0.772895 -232.926 -0.604652 0.704041 0.372455 225.292 -0.766121 -0.386196 -0.513722 -0.22069 0 0 0 1 
Seq_Frame0022_ForcepToReference-SequenceTransformStatus = OK
Seq_Frame0022_Timestamp = 2.372
Seq_Frame0023_ForcepToReference-SequenceTransform =-0.227526 -0.684115 0.692978 -222.514 -0.736472 0.586461 0.337154 209.78 -0.637057 -0.433647 -0.637266 16.4214 0 0 0 1 
Seq_Frame0023_ForcepToReference-SequenceTransformStatus = OK
Seq_Frame0023_Timestamp = 2.476
Seq_Frame0024_ForcepToReference-SequenceTransform =-0.236229 -0.562087 0.792625 -213.005 -0.595547 0.728298 0.338977 219.307 -0.767802 -0.391969 -0.506794 23.1924 0 0 0 1 
Seq_Frame0024_ForcepToReference-SequenceTransformStatus = OK
Seq_Frame0024_Timestamp = 2.587
Seq_Frame0025_ForcepToReference-SequenceTransform =-0.325683 -0.378362 0.866472 -202.629 -0.347059 0.900303 0.262685 240.735 -0.879477 -0.215165 -0.424527 33.4545 0 0 0 1 
Seq_Frame0025_ForcepToReference-SequenceTransformStatus = OK
Seq_Frame0025_Timestamp = 2.692
Seq_Frame0026_ForcepToReference-SequenceTransform =-0.175584 -0.203641 0.963172 -179.934 -0.278674 0.948636 0.149766 249.523 -0.944199 -0.242114 -0.223314 32.5793 0 0 0 1 
Seq_Frame0026_ForcepToReference-SequenceTransformStatus = OK
Seq_Frame0026_Timestamp = 2.801
Seq_Frame0027_ForcepToReference-SequenceTransform =-0.121392 -0.0858792 0.988883 -164.61 -0.261893 0.963719 0.0515446 247.095 -0.957432 -0.252725 -0.139479 34.7773 0 0 0 1 
Seq_Frame0027_ForcepToReference-SequenceTransformStatus = OK
Seq_Frame0027_Timestamp = 2.907
Seq_Frame0028_ForcepToReference-SequenceTransform =0.0252043 -0.185184 0.982381 -152.114 -0.214487 0.958806 0.186243 234.037 -0.976402 -0.215402 -0.0155535 35.6509 0 0 0 1 
Seq_Frame0028_ForcepToReference-SequenceTransformStatus = OK
Seq_Frame0028_Timestamp = 3.016
Seq_Frame0029_ForcepToReference-SequenceTransform =0.0458438 -0.112728 0.992568 -139.012 -0.286496 0.950388 0.12117 223.609 -0.956984 -0.289921 0.0112734 40.3859 0 0 0 1 
Seq_Frame0029_ForcepToReference-SequenceTransformStatus = OK
Seq_Frame0029_Timestamp = 3.122
Seq_Frame0030_ForcepToReference-SequenceTransform =-0.175213 0.0459929 0.983456 -128.524 -0.43213 0.893953 -0.118796 223.226 -0.884627 -0.445795 -0.136757 44.1028 0 0 0 1 
Seq_Frame0030_ForcepToReference-SequenceTransformStatus = OK
Seq_Frame0030_Timestamp = 3.232
Seq_Frame0031_ForcepToReference-SequenceTransform =-0.245227 0.211052 0.946214 -108.105 -0.38036 0.876814 -0.294149 227.251 -0.891734 -0.432035 -0.134743 50.955 0 0 0 1 
Seq_Frame0031_ForcepToReference-SequenceTransformStatus = OK
Seq_Frame0031_Timestamp = 3.342
Seq_Frame0032_ForcepToReference-SequenceTransform =-0.236705 0.332057 0.913077 -88.5723 -0.430141 0.80685 -0.404935 227.571 -0.871177 -0.488601 -0.0481544 58.0177 0 0 0 1 
Seq_Frame0032_ForcepToReference-SequenceTransformStatus = OK
Seq_Frame0032_Timestamp = 3.45
Seq_Frame0033_ForcepToReference-SequenceTransform =-0.290297 0.347156 0.891746 -81.0171 -0.432031 0.783952 -0.445834 236.177 -0.85386 -0.514686 -0.0775965 64.3543 0 0 0 1 
Seq_Frame0033_ForcepToReference-SequenceTransformStatus = OK
Seq_Frame0033_Timestamp = 3.562
Seq_Frame0034_ForcepToReference-SequenceTransform =-0.276177 0.38848 0.879096 -81.8155 -0.471144 0.742509 -0.476135 245.682 -0.837705 -0.545678 -0.0220339 69.5656 0 0 0 1 
Seq_Frame0034_ForcepToReference-SequenceTransformStatus = OK
Seq_Frame0034_Timestamp = 3.712
Seq_Frame0035_ForcepToReference-SequenceTransform =-0.393685 0.31879 0.862198 -86.315 -0.499544 0.713166 -0.491782 249.685 -0.771666 -0.624313 -0.121513 67.2007 0 0 0 1 
Seq_Frame0035_ForcepToReference-SequenceTransformStatus = OK
Seq_Frame0035_Timestamp = 3.821
Seq_Frame0036_ForcepToReference-SequenceTransform =-0.184361 0.169246 0.968177 -90.9181 -0.624984 0.740069 -0.248381 233.259 -0.758555 -0.650887 -0.0306642 74.1468 0 0 0 1 
Seq_Frame0036_ForcepToReference-SequenceTransformStatus = OK
Seq_Frame0036_Timestamp = 4.507
Seq_Frame0037_ForcepToReference-SequenceTransform =-0.165529 0.172795 0.970949 -91.1855 -0.620236 0.747209 -0.238717 232.98 -0.766751 -0.641732 -0.0165113 75.4641 0 0 0 1 
Seq_Frame0037_ForcepToReference-SequenceTransformStatus = OK
Seq_Frame0037_Timestamp = 4.626
Seq_Frame0038_ForcepToReference-SequenceTransform =-0.494788 0.0883236 0.864514 -127.917 -0.422925 0.844587 -0.328341 223.929 -0.759157 -0.528083 -0.380537 58.548 0 0 0 1 
Seq_Frame0038_ForcepToReference-SequenceTransformStatus = OK
Seq_Frame0038_Timestamp = 4.742
Seq_Frame0039_ForcepToReference-SequenceTransform =-0.661346 0.276726 0.697168 -123.143 -0.169594 0.850222 -0.498357 224.579 -0.730656 -0.447822 -0.51536 60.0168 0 0 0 1 
Seq_Frame0039_ForcepToReference-SequenceTransformStatus = OK
Seq_Frame0039_Timestamp = 4.847
Seq_Frame0040_ForcepToReference-SequenceTransform =-0.703731 0.361587 0.611569 -113.818 -0.0387756 0.839969 -0.541247 221.24 -0.709407 -0.404606 -0.577092 65.596 0 0 0 1 
Seq_Frame0040_ForcepToReference-SequenceTransformStatus = OK
Seq_Frame0040_Timestamp = 4.957
Seq_Frame0041_ForcepToReference-SequenceTransform =-0.692426 0.398665 0.601342 -104.648 0.0124441 0.839949 -0.542522 217.653 -0.721382 -0.368173 -0.586564 69.8196 0 0 0 1 
Seq_Frame0041_ForcepToReference-SequenceTransformStatus = OK
Seq_Frame0041_Timestamp = 5.062
Seq_Frame0042_ForcepToReference-SequenceTransform =-0.661696 0.432334 0.612573 -96.4885 -0.0026594 0.815653 -0.578535 211.607 -0.749768 -0.384443 -0.538565 71.0658 0 0 0 1 
Seq_Frame0042_ForcepToReference-SequenceTransformStatus = OK
Seq_Frame0042_Timestamp = 5.167
Seq_Frame0043_ForcepToReference-SequenceTransform =-0.629749 0.451923 0.631808 -91.5166 0.0255749 0.82497 -0.564598 208.181 -0.776378 -0.339396 -0.531082 71.2769 0 0 0 1 
Seq_Frame0043_ForcepToReference-SequenceTransformStatus = OK
Seq_Frame0043_Timestamp = 5.271
Seq_Frame0044_ForcepToReference-SequenceTransform =-0.609388 0.484257 0.627807 -86.4817 0.0633913 0.819036 -0.570229 207.154 -0.790334 -0.307693 -0.529808 72.244 0 0 0 1 
Seq_Frame0044_ForcepToReference-SequenceTransformStatus = OK
Seq_Frame0044_Timestamp = 5.382
Seq_Frame0045_ForcepToReference-SequenceTransform =-0.58628 0.511364 0.628318 -82.9377 0.0639466 0.802389 -0.593366 205.499 -0.807581 -0.3077 -0.503124 73.6034 0 0 0 1 
Seq_Frame0045_ForcepToReference-SequenceTransformStatus = OK
Seq_Frame0045_Timestamp = 5.492
Seq_Frame0046_ForcepToReference-SequenceTransform =-0.574698 0.530679 0.622978 -79.6879 0.083791 0.795403 -0.600261 204.927 -0.814065 -0.292769 -0.501583 74.9267 0 0 0 1 
Seq_Frame0046_ForcepToReference-SequenceTransformStatus = OK
Seq_Frame0046_Timestamp = 5.596
Seq_Frame0047_ForcepToReference-SequenceTransform =-0.571716 0.540407 0.617334 -77.3733 0.062438 0.778907 -0.624023 203.848 -0.818072 -0.318219 -0.479056 74.8698 0 0 0 1 
Seq_Frame0047_ForcepToReference-SequenceTransformStatus = OK
Seq_Frame0047_Timestamp = 5.707
Seq_Frame0048_ForcepToReference-SequenceTransform =-0.558747 0.552528 0.618478 -76.1777 0.0929677 0.782777 -0.615318 204.859 -0.824111 -0.286309 -0.488742 76.7884 0 0 0 1 
Seq_Frame0048_ForcepToReference-SequenceTransformStatus = OK
Seq_Frame0048_Timestamp = 5.812
Seq_Frame0049_ForcepToReference-SequenceTransform =-0.567589 0.551507 0.611295 -76.7364 0.081591 0.776507 -0.624804 203.965 -0.819259 -0.304756 -0.485735 75.2929 0 0 0 1 
Seq_Frame0049_ForcepToReference-SequenceTransformStatus = OK
Seq_Frame0049_Timestamp = 5.922
Seq_Frame0050_ForcepToReference-SequenceTransform =-0.557293 0.532706 0.636906 -79.2267 -0.0191867 0.758597 -0.651277 199.941 -0.830094 -0.375172 -0.41254 65.128 0 0 0 1 
Seq_Frame0050_ForcepToReference-SequenceTransformStatus = OK
Seq_Frame0050_Timestamp = 6.032
Seq_Frame0051_ForcepToReference-SequenceTransform =-0.557778 0.525927 0.642094 -80.1421 -0.0288968 0.760842 -0.648294 199.417 -0.829487 -0.380158 -0.409183 64.7824 0 0 0 1 
Seq_Frame0051_ForcepToReference-SequenceTransformStatus = OK
Seq_Frame0051_Timestamp = 6.142
Seq_Frame0052_ForcepToReference-SequenceTransform =-0.587938 0.506341 0.630831 -83.8209 -0.00444026 0.777825 -0.628465 200.619 -0.808894 -0.3723 -0.455065 64.5564 0 0 0 1 
Seq_Frame0052_ForcepToReference-SequenceTransformStatus = OK
Seq_Frame0052_Timestamp = 6.247
Seq_Frame0053_ForcepToReference-SequenceTransform =-0.622 0.526865 0.579249 -83.5324 0.115312 0.793334 -0.597767 205.464 -0.77448 -0.305017 -0.554207 69.9081 0 0 0 1 
Seq_Frame0053_ForcepToReference-SequenceTransformStatus = OK
Seq_Frame0053_Timestamp = 6.357
Seq_Frame0054_ForcepToReference-SequenceTransform =-0.60364 0.542859 0.583886 -80.8058 0.101205 0.77862 -0.619281 204.466 -0.790807 -0.31473 -0.524946 71.7359 0 0 0 1 
Seq_Frame0054_ForcepToReference-SequenceTransformStatus = OK
Seq_Frame0054_Timestamp = 6.462
Seq_Frame0055_ForcepToReference-SequenceTransform =-0.604652 0.543491 0.582248 -80.6192 0.0861524 0.771357 -0.630545 203.692 -0.791817 -0.331098 -0.513225 68.4339 0 0 0 1 
Seq_Frame0055_ForcepToReference-SequenceTransformStatus = OK
Seq_Frame0055_Timestamp = 6.572
Seq_Frame0056_ForcepToReference-SequenceTransform =-0.592658 0.543495 0.594449 -79.4724 0.047047 0.760129 -0.648067 202.361 -0.804079 -0.356115 -0.476066 68.8907 0 0 0 1 
Seq_Frame0056_ForcepToReference-SequenceTransformStatus = OK
Seq_Frame0056_Timestamp = 6.677
Seq_Frame0057_ForcepToReference-SequenceTransform =-0.578427 0.555101 0.597734 -77.9804 0.05785 0.758824 -0.648721 201.016 -0.813681 -0.340659 -0.471037 68.6838 0 0 0 1 
Seq_Frame0057_ForcepToReference-SequenceTransformStatus = OK
Seq_Frame0057_Timestamp = 6.787
Seq_Frame0058_ForcepToReference-SequenceTransform =-0.578218 0.554724 0.598285 -77.8334 0.0561108 0.7586 -0.649136 201.303 -0.81395 -0.341772 -0.469762 69.1624 0 0 0 1 
Seq_Frame0058_ForcepToReference-SequenceTransformStatus = OK
Seq_Frame0058_Timestamp = 6.892
Seq_Frame0059_ForcepToReference-SequenceTransform =-0.571186 0.551805 0.607666 -77.1255 0.0341393 0.755645 -0.654091 200.771 -0.82011 -0.352862 -0.450452 69.348 0 0 0 1 
Seq_Frame0059_ForcepToReference-SequenceTransformStatus = OK
Seq_Frame0059_Timestamp = 6.997
Seq_Frame0060_ForcepToReference-SequenceTransform =-0.563794 0.55303 0.613428 -76.8053 0.0448467 0.762128 -0.645871 201.285 -0.824697 -0.336628 -0.454485 70.1133 0 0 0 1 
Seq_Frame0060_ForcepToReference-SequenceTransformStatus = OK
Seq_Frame0060_Timestamp = 7.102
Seq_Frame0061_ForcepToReference-SequenceTransform =-0.560681 0.554844 0.614641 -76.6143 0.0241782 0.752946 -0.657638 201.671 -0.827679 -0.353864 -0.435578 69.3694 0 0 0 1 
Seq_Frame0061_ForcepToReference-SequenceTransformStatus = OK
Seq_Frame0061_Timestamp = 7.207
Seq_Frame0062_ForcepToReference-SequenceTransform =-0.61788 0.5062 0.601653 -85.1181 0.077566 0.800706 -0.594015 207.013 -0.782437 -0.320362 -0.534004 67.393 0 0 0 1 
Seq_Frame0062_ForcepToReference-SequenceTransformStatus = OK
Seq_Frame0062_Timestamp = 7.311
Seq_Frame0063_ForcepToReference-SequenceTransform =-0.675505 0.281066 0.681685 -110.148 -0.254558 0.778766 -0.573344 199.771 -0.692021 -0.560825 -0.454513 46.894 0 0 0 1 
Seq_Frame0063_ForcepToReference-SequenceTransformStatus = OK
Seq_Frame0063_Timestamp = 7.416
Seq_Frame0064_ForcepToReference-SequenceTransform =-0.621964 0.0661336 0.780248 -129.949 -0.594833 0.608117 -0.525706 178.09 -0.509249 -0.791088 -0.338888 27.1578 0 0 0 1 
Seq_Frame0064_ForcepToReference-SequenceTransformStatus = OK
Seq_Frame0064_Timestamp = 7.527
Seq_Frame0065_ForcepToReference-SequenceTransform =-0.621964 0.0661336 0.780248 -129.949 -0.594833 0.608117 -0.525706 178.09 -0.509249 -0.791088 -0.338888 27.1578 0 0 0 1 
Seq_Frame0065_ForcepToReference-SequenceTransformStatus = OK
Seq_Frame0065_Timestamp = 7.637
Seq_Frame0066_ForcepToReference-SequenceTransform =-0.621964 0.0661336 0.780248 -129.949 -0.594833 0.608117 -0.525706 178.09 -0.509249 -0.791088 -0.338888 27.1578 0 0 0 1 
Seq_Frame0066_ForcepToReference-SequenceTransformStatus = OK
Seq_Frame0066_Timestamp = 7.741
Seq_Frame0067_ForcepToReference-SequenceTransform =-0.621964 0.0661336 0.780248 -129.949 -0.594833 0.608117 -0.525706 178.09 -0.509249 -0.791088 -0.338888 27.1578 0 0 0 1 
Seq_Frame0067_ForcepToReference-SequenceTransformStatus = OK
Seq_Frame0067_Timestamp = 7.847
Seq_Frame0068_ForcepToReference-SequenceTransform =-0.621964 0.0661336 0.780248 -129.949 -0.594833 0.608117 -0.525706 178.09 -0.509249 -0.791088 -0.338888 27.1578 0 0 0 1 
Seq_Frame0068_ForcepToReference-SequenceTransformStatus = OK
Seq_Frame0068_Timestamp = 7.962
Seq_Frame0069_ForcepToReference-SequenceTransform =-0.651248 -0.756258 0.0628499 -148.688 0.741597 -0.616674 0.264096 222.194 -0.160967 0.218602 0.962446 31.7113 0 0 0 1 
Seq_Frame0069_ForcepToReference-SequenceTransformStatus = OK
Seq_Frame0069_Timestamp = 8.067
Seq_Frame0070_ForcepToReference-SequenceTransform =-0.663409 -0.743658 0.0828267 -153.42 0.735194 -0.627229 0.257046 233.194 -0.139203 0.231421 0.962843 30.2235 0 0 0 1 
Seq_Frame0070_ForcepToReference-SequenceTransformStatus = OK
Seq_Frame0070_Timestamp = 8.177
Seq_Frame0071_ForcepToReference-SequenceTransform =-0.6969 -0.712262 0.0837446 -164.097 0.701393 -0.652551 0.28675 236.223 -0.149594 0.258574 0.954338 31.4968 0 0 0 1 
Seq_Frame0071_ForcepToReference-SequenceTransformStatus = OK
Seq_Frame0071_Timestamp = 8.288
Seq_Frame0072_ForcepToReference-SequenceTransform =-0.72603 -0.678541 0.111635 -176.366 0.676121 -0.674754 0.295918 238.987 -0.125467 0.290324 0.948668 32.661 0 0 0 1 
Seq_Frame0072_ForcepToReference-SequenceTransformStatus = OK
Seq_Frame0072_Timestamp = 8.392
Seq_Frame0073_ForcepToReference-SequenceTransform =-0.752564 -0.646377 0.125874 -184.893 0.65252 -0.706214 0.274735 243.454 -0.0886884 0.288891 0.953245 36.8408 0 0 0 1 
Seq_Frame0073_ForcepToReference-SequenceTransformStatus = OK
Seq_Frame0073_Timestamp = 8.497
Seq_Frame0074_ForcepToReference-SequenceTransform =-0.764274 -0.629771 0.138833 -191.031 0.641753 -0.721504 0.259973 246.81 -0.0635546 0.287787 0.955583 42.7411 0 0 0 1 
Seq_Frame0074_ForcepToReference-SequenceTransformStatus = OK
Seq_Frame0074_Timestamp = 8.602
Seq_Frame0075_ForcepToReference-SequenceTransform =-0.759169 -0.628243 0.170216 -195.99 0.649956 -0.717661 0.25004 251.887 -0.0349284 0.300456 0.953156 46.1794 0 0 0 1 
Seq_Frame0075_ForcepToReference-SequenceTransformStatus = OK
Seq_Frame0075_Timestamp = 8.708
Seq_Frame0076_ForcepToReference-SequenceTransform =-0.752771 -0.631044 0.187402 -200.553 0.658019 -0.713277 0.241343 257.806 -0.018629 0.30499 0.952173 47.9784 0 0 0 1 
Seq_Frame0076_ForcepToReference-SequenceTransformStatus = OK
Seq_Frame0076_Timestamp = 8.816
Seq_Frame0077_ForcepToReference-SequenceTransform =-0.752393 -0.632491 0.18401 -203.835 0.658475 -0.714639 0.236015 261.994 -0.0177769 0.298742 0.954168 51.7156 0 0 0 1 
Seq_Frame0077_ForcepToReference-SequenceTransformStatus = OK
Seq_Frame0077_Timestamp = 8.922
Seq_Frame0078_ForcepToReference-SequenceTransform =-0.748426 -0.632657 0.199005 -205.636 0.663165 -0.710074 0.236658 264.128 -0.00841531 0.309094 0.950994 53.3069 0 0 0 1 
Seq_Frame0078_ForcepToReference-SequenceTransformStatus = OK
Seq_Frame0078_Timestamp = 9.032
Seq_Frame0079_ForcepToReference-SequenceTransform =-0.747429 -0.634512 0.196838 -206.746 0.664286 -0.709962 0.233834 266.029 -0.00862358 0.305531 0.952143 55.6403 0 0 0 1 
Seq_Frame0079_ForcepToReference-SequenceTransformStatus = OK
Seq_Frame0079_Timestamp = 9.142
Seq_Frame0080_ForcepToReference-SequenceTransform =-0.744256 -0.635982 0.203985 -206.942 0.667894 -0.708358 0.228356 266.669 -0.000735586 0.306196 0.951968 56.3881 0 0 0 1 
Seq_Frame0080_ForcepToReference-SequenceTransformStatus = OK
Seq_Frame0080_Timestamp = 9.251
Seq_Frame0081_ForcepToReference-SequenceTransform =-0.742446 -0.63551 0.2119 -207.51 0.669875 -0.707318 0.225761 266.385 0.00640758 0.309561 0.950858 57.3876 0 0 0 1 
Seq_Frame0081_ForcepToReference-SequenceTransformStatus = OK
Seq_Frame0081_Timestamp = 9.358
Seq_Frame0082_ForcepToReference-SequenceTransform =-0.739017 -0.637894 0.216668 -207.387 0.673609 -0.704565 0.223247 266.139 0.0102483 0.310933 0.950377 58.2754 0 0 0 1 
Seq_Frame0082_ForcepToReference-SequenceTransformStatus = OK
Seq_Frame0082_Timestamp = 9.472
Seq_Frame0083_ForcepToReference-SequenceTransform =-0.74398 -0.639078 0.195122 -206.981 0.668202 -0.711684 0.216825 266.029 0.000296628 0.291695 0.956511 58.6697 0 0 0 1 
Seq_Frame0083_ForcepToReference-SequenceTransformStatus = OK
Seq_Frame0083_Timestamp = 9.577
Seq_Frame0084_ForcepToReference-SequenceTransform =-0.746999 -0.637269 0.189422 -207.148 0.664821 -0.715033 0.216194 265.915 -0.00233103 0.287429 0.957799 58.8448 0 0 0 1 
Seq_Frame0084_ForcepToReference-SequenceTransformStatus = OK
Seq_Frame0084_Timestamp = 9.688
Seq_Frame0085_ForcepToReference-SequenceTransform =-0.741794 -0.641678 0.194913 -207.39 0.670628 -0.709648 0.216005 266.811 -0.000286108 0.290945 0.95674 60.5101 0 0 0 1 
Seq_Frame0085_ForcepToReference-SequenceTransformStatus = OK
Seq_Frame0085_Timestamp = 9.792
Seq_Frame0086_ForcepToReference-SequenceTransform =-0.74455 -0.63919 0.192567 -207.272 0.667567 -0.713175 0.213859 266.395 0.000637006 0.28778 0.957696 60.382 0 0 0 1 
Seq_Frame0086_ForcepToReference-SequenceTransformStatus = OK
Seq_Frame0086_Timestamp = 9.902
Seq_Frame0087_ForcepToReference-SequenceTransform =-0.74718 -0.638443 0.184698 -207.382 0.664561 -0.713924 0.220616 266.68 -0.00899055 0.287583 0.957714 60.7092 0 0 0 1 
Seq_Frame0087_ForcepToReference-SequenceTransformStatus = OK
Seq_Frame0087_Timestamp = 10.013
Seq_Frame0088_ForcepToReference-SequenceTransform =-0.745203 -0.638405 0.192643 -207.383 0.666826 -0.711777 0.220717 266.927 -0.00378766 0.292939 0.956124 61.5394 0 0 0 1 
Seq_Frame0088_ForcepToReference-SequenceTransformStatus = OK
Seq_Frame0088_Timestamp = 10.117
Seq_Frame0089_ForcepToReference-SequenceTransform =-0.744769 -0.638433 0.194225 -207.406 0.667322 -0.712152 0.217993 267.317 -0.000856075 0.291966 0.956428 61.9947 0 0 0 1 
Seq_Frame0089_ForcepToReference-SequenceTransformStatus = OK
Seq_Frame0089_Timestamp = 10.222
Seq_Frame0090_ForcepToReference-SequenceTransform =-0.733315 -0.645903 0.212271 -207.587 0.679434 -0.707612 0.194047 268.618 0.0248703 0.286521 0.957751 62.8164 0 0 0 1 
Seq_Frame0090_ForcepToReference-SequenceTransformStatus = OK
Seq_Frame0090_Timestamp = 10.332
Seq_Frame0091_ForcepToReference-SequenceTransform =-0.728362 -0.64999 0.2168 -207.896 0.683286 -0.712606 0.159101 271.188 0.051079 0.26402 0.963164 64.4109 0 0 0 1 
Seq_Frame0091_ForcepToReference-SequenceTransformStatus = OK
Seq_Frame0091_Timestamp = 10.434
Seq_Frame0092_ForcepToReference-SequenceTransform =-0.703806 -0.668111 0.241422 -208.669 0.701009 -0.708227 0.0836744 278.77 0.115078 0.22813 0.966806 66.9943 0 0 0 1 
Seq_Frame0092_ForcepToReference-SequenceTransformStatus = OK
Seq_Frame0092_Timestamp = 10.537
Seq_Frame0093_ForcepToReference-SequenceTransform =-0.683548 -0.689658 0.239029 -209.068 0.713049 -0.700913 0.0167898 286.238 0.155959 0.181916 0.970867 70.9162 0 0 0 1 
Seq_Frame0093_ForcepToReference-SequenceTransformStatus = OK
Seq_Frame0093_Timestamp = 10.647
Seq_Frame0094_ForcepToReference-SequenceTransform =-0.649376 -0.71387 0.262108 -209.196 0.721389 -0.687327 -0.0847324 294.347 0.240642 0.134059 0.961311 77.816 0 0 0 1 
Seq_Frame0094_ForcepToReference-SequenceTransformStatus = OK
Seq_Frame0094_Timestamp = 10.752
Seq_Frame0095_ForcepToReference-SequenceTransform =-0.627911 -0.728578 0.273684 -209.338 0.727725 -0.674299 -0.125446 299.75 0.275942 0.120398 0.953604 81.5787 0 0 0 1 
Seq_Frame0095_ForcepToReference-SequenceTransformStatus = OK
Seq_Frame0095_Timestamp = 10.862
Seq_Frame0096_ForcepToReference-SequenceTransform =-0.622347 -0.732796 0.275126 -208.901 0.724619 -0.672288 -0.151516 300.921 0.295994 0.105066 0.949394 82.97 0 0 0 1 
Seq_Frame0096_ForcepToReference-SequenceTransformStatus = OK
Seq_Frame0096_Timestamp = 10.971
Seq_Frame0097_ForcepToReference-SequenceTransform =-0.606918 -0.738712 0.293181 -208.564 0.725903 -0.665435 -0.173959 301.989 0.323598 0.107242 0.940097 84.5778 0 0 0 1 
Seq_Frame0097_ForcepToReference-SequenceTransformStatus = OK
Seq_Frame0097_Timestamp = 11.078
Seq_Frame0098_ForcepToReference-SequenceTransform =-0.601585 -0.741575 0.296921 -208.672 0.732318 -0.660467 -0.165816 301.785 0.319072 0.117688 0.940395 84.5566 0 0 0 1 
Seq_Frame0098_ForcepToReference-SequenceTransformStatus = OK
Seq_Frame0098_Timestamp = 11.187
Seq_Frame0099_ForcepToReference-SequenceTransform =-0.594885 -0.746698 0.297579 -208.223 0.732375 -0.656077 -0.182179 301.898 0.331268 0.109564 0.937154 85.1973 0 0 0 1 
Seq_Frame0099_ForcepToReference-SequenceTransformStatus = OK
Seq_Frame0099_Timestamp = 11.297
Seq_Frame0100_ForcepToReference-SequenceTransform =-0.599739 -0.743208 0.29657 -208.244 0.736757 -0.657492 -0.157775 300.52 0.312252 0.123876 0.941888 84.2999 0 0 0 1 
Seq_Frame0100_ForcepToReference-SequenceTransformStatus = OK
Seq_Frame0100_Timestamp = 11.407
Seq_Frame0101_ForcepToReference-SequenceTransform =-0.59717 -0.744072 0.299576 -208.262 0.736553 -0.656566 -0.162515 299.379 0.317614 0.123604 0.940129 83.4834 0 0 0 1 
Seq_Frame0101_ForcepToReference-SequenceTransformStatus = OK
Seq_Frame0101_Timestamp = 11.517
Seq_Frame0102_ForcepToReference-SequenceTransform =-0.623415 -0.736482 0.262579 -209.15 0.729418 -0.668754 -0.143938 298.848 0.281609 0.101797 0.954114 84.472 0 0 0 1 
Seq_Frame0102_ForcepToReference-SequenceTransformStatus = OK
Seq_Frame0102_Timestamp = 11.622
Seq_Frame0103_ForcepToReference-SequenceTransform =-0.656545 -0.712056 0.248848 -215.512 0.706487 -0.696086 -0.127835 296.805 0.264245 0.0918784 0.960069 81.5161 0 0 0 1 
Seq_Frame0103_ForcepToReference-SequenceTransformStatus = OK
Seq_Frame0103_Timestamp = 11.727
Seq_Frame0104_ForcepToReference-SequenceTransform =-0.662235 -0.701996 0.262005 -225.319 0.696268 -0.705726 -0.131004 292.514 0.276868 0.0956699 0.956134 74.3444 0 0 0 1 
Seq_Frame0104_ForcepToReference-SequenceTransformStatus = OK
Seq_Frame0104_Timestamp = 11.838
Seq_Frame0105_ForcepToReference-SequenceTransform =-0.664732 -0.722856 0.188711 -228.091 0.682926 -0.690354 -0.238796 292.04 0.302892 -0.0298592 0.952557 69.284 0 0 0 1 
Seq_Frame0105_ForcepToReference-SequenceTransformStatus = OK
Seq_Frame0105_Timestamp = 11.947
Seq_Frame0106_ForcepToReference-SequenceTransform =-0.735933 -0.677025 0.00619771 -222.321 0.662942 -0.722423 -0.196503 280.855 0.137515 -0.140505 0.980484 58.0763 0 0 0 1 
Seq_Frame0106_ForcepToReference-SequenceTransformStatus = OK
Seq_Frame0106_Timestamp = 12.052
Seq_Frame0107_ForcepToReference-SequenceTransform =-0.756478 -0.644991 -0.108296 -220.422 0.646991 -0.713807 -0.26811 279.068 0.0956266 -0.272886 0.957282 59.7829 0 0 0 1 
Seq_Frame0107_ForcepToReference-SequenceTransformStatus = OK
Seq_Frame0107_Timestamp = 12.157
Seq_Frame0108_ForcepToReference-SequenceTransform =-0.74296 -0.61906 -0.254508 -209.362 0.668758 -0.670768 -0.320677 285.538 0.0278032 -0.408455 0.912355 62.2527 0 0 0 1 
Seq_Frame0108_ForcepToReference-SequenceTransformStatus = OK
Seq_Frame0108_Timestamp = 12.267
Seq_Frame0109_ForcepToReference-SequenceTransform =-0.722007 -0.621955 -0.303114 -202.27 0.6867 -0.697705 -0.204086 281.241 -0.0845518 -0.3555 0.930844 58.688 0 0 0 1 
Seq_Frame0109_ForcepToReference-SequenceTransformStatus = OK
Seq_Frame0109_Timestamp = 12.372
Seq_Frame0110_ForcepToReference-SequenceTransform =-0.737893 -0.641171 -0.210747 -203.115 0.674826 -0.695756 -0.246036 285.065 0.0111232 -0.323766 0.946072 71.9085 0 0 0 1 
Seq_Frame0110_ForcepToReference-SequenceTransformStatus = OK
Seq_Frame0110_Timestamp = 12.481
Seq_Frame0111_ForcepToReference-SequenceTransform =-0.733875 -0.650983 -0.194033 -197.294 0.678464 -0.688409 -0.256475 284.77 0.0333867 -0.319865 0.946875 78.8226 0 0 0 1 
Seq_Frame0111_ForcepToReference-SequenceTransformStatus = OK
Seq_Frame0111_Timestamp = 12.587
Seq_Frame0112_ForcepToReference-SequenceTransform =-0.746272 -0.622154 -0.236648 -192.011 0.665641 -0.697315 -0.265846 283.204 0.000378666 -0.355916 0.934518 82.7338 0 0 0 1 
Seq_Frame0112_ForcepToReference-SequenceTransformStatus = OK
Seq_Frame0112_Timestamp = 12.697
Seq_Frame0113_ForcepToReference-SequenceTransform =-0.749479 -0.611528 -0.253603 -188.162 0.661577 -0.705986 -0.252784 281.951 -0.0244555 -0.357234 0.933695 84.4636 0 0 0 1 
Seq_Frame0113_ForcepToReference-SequenceTransformStatus = OK
Seq_Frame0113_Timestamp = 12.802
Seq_Frame0114_ForcepToReference-SequenceTransform =-0.747417 -0.598417 -0.288558 -184.799 0.661399 -0.711172 -0.238298 280.76 -0.0626132 -0.36896 0.927334 84.1436 0 0 0 1 
Seq_Frame0114_ForcepToReference-SequenceTransformStatus = OK
Seq_Frame0114_Timestamp = 12.912
Seq_Frame0115_ForcepToReference-SequenceTransform =-0.742298 -0.592436 -0.31307 -183.497 0.665321 -0.707169 -0.239291 280.691 -0.0796288 -0.385917 0.91909 84.5274 0 0 0 1 
Seq_Frame0115_ForcepToReference-SequenceTransformStatus = OK
Seq_Frame0115_Timestamp = 13.017
Seq_Frame0116_ForcepToReference-SequenceTransform =-0.735183 -0.588912 -0.335691 -182.297 0.670371 -0.705093 -0.231186 280.233 -0.100545 -0.395001 0.913162 83.9454 0 0 0 1 
Seq_Frame0116_ForcepToReference-SequenceTransformStatus = OK
Seq_Frame0116_Timestamp = 13.118
Seq_Frame0117_ForcepToReference-SequenceTransform =-0.714359 -0.597452 -0.364339 -181.338 0.686089 -0.700451 -0.196596 281.087 -0.137745 -0.390409 0.910279 82.8591 0 0 0 1 
Seq_Frame0117_ForcepToReference-SequenceTransformStatus = OK
Seq_Frame0117_Timestamp = 13.222
Seq_Frame0118_ForcepToReference-SequenceTransform =-0.715849 -0.585186 -0.380944 -180.708 0.688649 -0.681861 -0.246632 284.706 -0.115425 -0.438888 0.891097 83.8096 0 0 0 1 
Seq_Frame0118_ForcepToReference-SequenceTransformStatus = OK
Seq_Frame0118_Timestamp = 13.332
Seq_Frame0119_ForcepToReference-SequenceTransform =-0.716821 -0.572843 -0.397515 -180.4 0.688553 -0.671365 -0.274161 287.219 -0.109826 -0.470234 0.875681 83.8237 0 0 0 1 
Seq_Frame0119_ForcepToReference-SequenceTransformStatus = OK
Seq_Frame0119_Timestamp = 13.437
Seq_Frame0120_ForcepToReference-SequenceTransform =-0.7248 -0.568036 -0.389871 -181.475 0.687267 -0.635756 -0.351395 291.866 -0.0482581 -0.522636 0.851189 85.8202 0 0 0 1 
Seq_Frame0120_ForcepToReference-SequenceTransformStatus = OK
Seq_Frame0120_Timestamp = 13.546
Seq_Frame0121_ForcepToReference-SequenceTransform =-0.718298 -0.601635 -0.349405 -184.369 0.694088 -0.585126 -0.419369 299.434 0.0478616 -0.543749 0.837882 92.333 0 0 0 1 
Seq_Frame0121_ForcepToReference-SequenceTransformStatus = OK
Seq_Frame0121_Timestamp = 13.657
Seq_Frame0122_ForcepToReference-SequenceTransform =-0.709692 -0.65157 -0.267943 -186.028 0.680975 -0.536946 -0.497958 307.366 0.180583 -0.535859 0.824769 98.0759 0 0 0 1 
Seq_Frame0122_ForcepToReference-SequenceTransformStatus = OK
Seq_Frame0122_Timestamp = 13.761
Seq_Frame0123_ForcepToReference-SequenceTransform =-0.698274 -0.669369 -0.253691 -183.491 0.669358 -0.484948 -0.562836 313.116 0.253718 -0.562824 0.786674 103.22 0 0 0 1 
Seq_Frame0123_ForcepToReference-SequenceTransformStatus = OK
Seq_Frame0123_Timestamp = 13.872
Seq_Frame0124_ForcepToReference-SequenceTransform =-0.677389 -0.696677 -0.236188 -180.837 0.667607 -0.447367 -0.595116 315.596 0.308941 -0.560806 0.768148 106.746 0 0 0 1 
Seq_Frame0124_ForcepToReference-SequenceTransformStatus = OK
Seq_Frame0124_Timestamp = 13.976
Seq_Frame0125_ForcepToReference-SequenceTransform =-0.686978 -0.688847 -0.231411 -180.828 0.651307 -0.44244 -0.616479 314.596 0.322274 -0.574227 0.752597 106.923 0 0 0 1 
Seq_Frame0125_ForcepToReference-SequenceTransformStatus = OK
Seq_Frame0125_Timestamp = 14.087
Seq_Frame0126_ForcepToReference-SequenceTransform =-0.702278 -0.678797 -0.214569 -182.507 0.629535 -0.451412 -0.632387 314.736 0.332404 -0.57919 0.744343 106.73 0 0 0 1 
Seq_Frame0126_ForcepToReference-SequenceTransformStatus = OK
Seq_Frame0126_Timestamp = 14.192
Seq_Frame0127_ForcepToReference-SequenceTransform =-0.713993 -0.67794 -0.174958 -185.82 0.595551 -0.456665 -0.66089 318.879 0.368147 -0.576068 0.729804 108.179 0 0 0 1 
Seq_Frame0127_ForcepToReference-SequenceTransformStatus = OK
Seq_Frame0127_Timestamp = 14.302
Seq_Frame0128_ForcepToReference-SequenceTransform =-0.718019 -0.684583 -0.125682 -189.648 0.558984 -0.459579 -0.690162 323.811 0.414712 -0.565804 0.712657 109.179 0 0 0 1 
Seq_Frame0128_ForcepToReference-SequenceTransformStatus = OK
Seq_Frame0128_Timestamp = 14.407
Seq_Frame0129_ForcepToReference-SequenceTransform =-0.726345 -0.677407 -0.116375 -189.301 0.48713 -0.3879 -0.782456 328.985 0.4849 -0.625022 0.611735 120.061 0 0 0 1 
Seq_Frame0129_ForcepToReference-SequenceTransformStatus = OK
Seq_Frame0129_Timestamp = 14.517
Seq_Frame0130_ForcepToReference-SequenceTransform =-0.765574 -0.621625 -0.165769 -188.925 0.422313 -0.291197 -0.858403 331.716 0.485333 -0.727177 0.485453 135.983 0 0 0 1 
Seq_Frame0130_ForcepToReference-SequenceTransformStatus = OK
Seq_Frame0130_Timestamp = 14.622
Seq_Frame0131_ForcepToReference-SequenceTransform =-0.81701 -0.539702 -0.203018 -192.03 0.377333 -0.234173 -0.895982 332.203 0.436022 -0.808631 0.394969 145.659 0 0 0 1 
Seq_Frame0131_ForcepToReference-SequenceTransformStatus = OK
Seq_Frame0131_Timestamp = 14.732
Seq_Frame0132_ForcepToReference-SequenceTransform =-0.826393 -0.543748 -0.14633 -196.752 0.298328 -0.202382 -0.932761 332.897 0.477572 -0.814481 0.329462 151.184 0 0 0 1 
Seq_Frame0132_ForcepToReference-SequenceTransformStatus = OK
Seq_Frame0132_Timestamp = 14.837
Seq_Frame0133_ForcepToReference-SequenceTransform =-0.873034 -0.466326 -0.142659 -199.924 0.248122 -0.172928 -0.953169 332.932 0.419817 -0.867546 0.266678 152.428 0 0 0 1 
Seq_Frame0133_ForcepToReference-SequenceTransformStatus = OK
Seq_Frame0133_Timestamp = 14.947
Seq_Frame0134_ForcepToReference-SequenceTransform =-0.907821 -0.394175 -0.143129 -201.021 0.207125 -0.124688 -0.970336 334.364 0.364636 -0.910538 0.194838 151.815 0 0 0 1 
Seq_Frame0134_ForcepToReference-SequenceTransformStatus = OK
Seq_Frame0134_Timestamp = 15.051
Seq_Frame0135_ForcepToReference-SequenceTransform =-0.922468 -0.359128 -0.141702 -201.4 0.195811 -0.118885 -0.973409 335.498 0.332732 -0.925685 0.179989 151.322 0 0 0 1 
Seq_Frame0135_ForcepToReference-SequenceTransformStatus = OK
Seq_Frame0135_Timestamp = 15.162
Seq_Frame0136_ForcepToReference-SequenceTransform =-0.947802 -0.289594 -0.133444 -201.741 0.162979 -0.0802766 -0.983358 337.606 0.274062 -0.953777 0.123284 148.692 0 0 0 1 
Seq_Frame0136_ForcepToReference-SequenceTransformStatus = OK
Seq_Frame0136_Timestamp = 15.272
Seq_Frame0137_ForcepToReference-SequenceTransform =-0.975432 -0.183885 -0.121322 -201.041 0.129793 -0.0347083 -0.990933 339.12 0.178007 -0.982335 0.0577226 144.015 0 0 0 1 
Seq_Frame0137_ForcepToReference-SequenceTransformStatus = OK
Seq_Frame0137_Timestamp = 15.382
Seq_Frame0138_ForcepToReference-SequenceTransform =-0.989554 -0.103213 -0.100651 -200.514 0.100294 0.00865634 -0.99492 341.446 0.10356 -0.994622 0.00178573 139.789 0 0 0 1 
Seq_Frame0138_ForcepToReference-SequenceTransformStatus = OK
Seq_Frame0138_Timestamp = 15.487
Seq_Frame0139_ForcepToReference-SequenceTransform =-0.99629 -0.0361965 -0.0780832 -199.608 0.076945 0.0318408 -0.996527 343.181 0.038557 -0.998837 -0.0289375 135.36 0 0 0 1 
Seq_Frame0139_ForcepToReference-SequenceTransformStatus = OK
Seq_Frame0139_Timestamp = 15.597
Seq_Frame0140_ForcepToReference-SequenceTransform =-0.997455 -0.0091586 -0.070704 -200.831 0.0701507 0.0508659 -0.996239 344.351 0.0127206 -0.998663 -0.050094 135.305 0 0 0 1 
Seq_Frame0140_ForcepToReference-SequenceTransformStatus = OK
Seq_Frame0140_Timestamp = 15.707
Seq_Frame0141_ForcepToReference-SequenceTransform =0.0198827 -0.747294 0.664197 -196.479 0.587467 0.546282 0.597041 341.459 -0.809003 0.378323 0.449872 131.648 0 0 0 1 
Seq_Frame0141_ForcepToReference-SequenceTransformStatus = OK
Seq_Frame0141_Timestamp = 15.813
Seq_Frame0142_ForcepToReference-SequenceTransform =0.124053 -0.68811 0.714923 -183.873 0.488496 0.669483 0.559611 326.18 -0.863703 0.279816 0.41919 119.376 0 0 0 1 
Seq_Frame0142_ForcepToReference-SequenceTransformStatus = OK
Seq_Frame0142_Timestamp = 15.922
Seq_Frame0143_ForcepToReference-SequenceTransform =0.124053 -0.68811 0.714923 -183.873 0.488496 0.669483 0.559611 326.18 -0.863703 0.279816 0.41919 119.376 0 0 0 1 
Seq_Frame0143_ForcepToReference-SequenceTransformStatus = OK
Seq_Frame0143_Timestamp = 16.026
Seq_Frame0144_ForcepToReference-SequenceTransform =0.124053 -0.68811 0.714923 -183.873 0.488496 0.669483 0.559611 326.18 -0.863703 0.279816 0.41919 119.376 0 0 0 1 
Seq_Frame0144_ForcepToReference-SequenceTransformStatus = OK
Seq_Frame0144_Timestamp = 16.136
Seq_Frame0145_ForcepToReference-SequenceTransform =0.245252 -0.382625 0.890758 -140.838 0.0650186 0.923242 0.378677 278.258 -0.967277 -0.0349554 0.251305 136.386 0 0 0 1 
Seq_Frame0145_ForcepToReference-SequenceTransformStatus = OK
Seq_Frame0145_Timestamp = 16.247
Seq_Frame0146_ForcepToReference-SequenceTransform =0.187962 -0.258323 0.947597 -121.898 -0.0326509 0.962616 0.268894 274.864 -0.981633 -0.0814817 0.172501 152.579 0 0 0 1 
Seq_Frame0146_ForcepToReference-SequenceTransformStatus = OK
Seq_Frame0146_Timestamp = 16.351
Seq_Frame0147_ForcepToReference-SequenceTransform =0.094997 -0.0992327 0.990519 -105.761 -0.103075 0.98869 0.108935 278.247 -0.990127 -0.112446 0.0836942 165.963 0 0 0 1 
Seq_Frame0147_ForcepToReference-SequenceTransformStatus = OK
Seq_Frame0147_Timestamp = 16.462
Seq_Frame0148_ForcepToReference-SequenceTransform =-0.0104517 -0.0286712 0.999534 -98.4312 -0.0899095 0.995567 0.0276173 281.692 -0.995895 -0.089579 -0.0129832 176.2 0 0 0 1 
Seq_Frame0148_ForcepToReference-SequenceTransformStatus = OK
Seq_Frame0148_Timestamp = 16.571
Seq_Frame0149_ForcepToReference-SequenceTransform =-0.0416979 0.00731115 0.999103 -92.3339 -0.0697326 0.997513 -0.0102098 281.215 -0.996694 -0.0700958 -0.0410844 180.831 0 0 0 1 
Seq_Frame0149_ForcepToReference-SequenceTransformStatus = OK
Seq_Frame0149_Timestamp = 16.677
