ObjectType = Image
NDims = 3
AnatomicalOrientation = RAI
BinaryData = True
CompressedData = False
DimSize = 0 0 5985
ElementSpacing = 1 1 1
Offset = 0 0 0
TransformMatrix = 1 0 0 0 1 0 0 0 1
ElementType = MET_UCHAR
Kinds = domain domain list
Seq_Frame0000_ForcepTipToForcep-SequenceTransform =0.699526 5.55112e-17 -0.714607 -93.8638 -0.573602 0.596408 -0.561496 -77.4251 0.426198 0.802681 0.417203 64.7054 0 0 0 1 
Seq_Frame0000_ForcepTipToForcep-SequenceTransformStatus = OK
Seq_Frame0000_Timestamp = 0.00699997
Seq_Frame0001_ForcepTipToForcep-SequenceTransform =0.699526 5.55112e-17 -0.714607 -93.8638 -0.573602 0.596408 -0.561496 -77.4251 0.426198 0.802681 0.417203 64.7054 0 0 0 1 
Seq_Frame0001_ForcepTipToForcep-SequenceTransformStatus = OK
Seq_Frame0001_Timestamp = 0.109
Seq_Frame0002_ForcepTipToForcep-SequenceTransform =0.699526 5.55112e-17 -0.714607 -93.8638 -0.573602 0.596408 -0.561496 -77.4251 0.426198 0.802681 0.417203 64.7054 0 0 0 1 
Seq_Frame0002_ForcepTipToForcep-SequenceTransformStatus = OK
Seq_Frame0002_Timestamp = 0.213
Seq_Frame0003_ForcepTipToForcep-SequenceTransform =0.699526 5.55112e-17 -0.714607 -93.8638 -0.573602 0.596408 -0.561496 -77.4251 0.426198 0.802681 0.417203 64.7054 0 0 0 1 
Seq_Frame0003_ForcepTipToForcep-SequenceTransformStatus = OK
Seq_Frame0003_Timestamp = 0.313
Seq_Frame0004_ForcepTipToForcep-SequenceTransform =0.699526 5.55112e-17 -0.714607 -93.8638 -0.573602 0.596408 -0.561496 -77.4251 0.426198 0.802681 0.417203 64.7054 0 0 0 1 
Seq_Frame0004_ForcepTipToForcep-SequenceTransformStatus = OK
Seq_Frame0004_Timestamp = 0.423
Seq_Frame0005_ForcepTipToForcep-SequenceTransform =0.699526 5.55112e-17 -0.714607 -93.8638 -0.573602 0.596408 -0.561496 -77.4251 0.426198 0.802681 0.417203 64.7054 0 0 0 1 
Seq_Frame0005_ForcepTipToForcep-SequenceTransformStatus = OK
Seq_Frame0005_Timestamp = 0.524
Seq_Frame0006_ForcepTipToForcep-SequenceTransform =0.699526 5.55112e-17 -0.714607 -93.8638 -0.573602 0.596408 -0.561496 -77.4251 0.426198 0.802681 0.417203 64.7054 0 0 0 1 
Seq_Frame0006_ForcepTipToForcep-SequenceTransformStatus = OK
Seq_Frame0006_Timestamp = 0.638
Seq_Frame0007_ForcepTipToForcep-SequenceTransform =0.699526 5.55112e-17 -0.714607 -93.8638 -0.573602 0.596408 -0.561496 -77.4251 0.426198 0.802681 0.417203 64.7054 0 0 0 1 
Seq_Frame0007_ForcepTipToForcep-SequenceTransformStatus = OK
Seq_Frame0007_Timestamp = 0.749
Seq_Frame0008_ForcepTipToForcep-SequenceTransform =0.699526 5.55112e-17 -0.714607 -93.8638 -0.573602 0.596408 -0.561496 -77.4251 0.426198 0.802681 0.417203 64.7054 0 0 0 1 
Seq_Frame0008_ForcepTipToForcep-SequenceTransformStatus = OK
Seq_Frame0008_Timestamp = 0.856
Seq_Frame0009_ForcepTipToForcep-SequenceTransform =0.699526 5.55112e-17 -0.714607 -93.8638 -0.573602 0.596408 -0.561496 -77.4251 0.426198 0.802681 0.417203 64.7054 0 0 0 1 
Seq_Frame0009_ForcepTipToForcep-SequenceTransformStatus = OK
Seq_Frame0009_Timestamp = 0.963
Seq_Frame0010_ForcepTipToForcep-SequenceTransform =0.699526 5.55112e-17 -0.714607 -93.8638 -0.573602 0.596408 -0.561496 -77.4251 0.426198 0.802681 0.417203 64.7054 0 0 0 1 
Seq_Frame0010_ForcepTipToForcep-SequenceTransformStatus = OK
Seq_Frame0010_Timestamp = 1.063
Seq_Frame0011_ForcepTipToForcep-SequenceTransform =0.699526 5.55112e-17 -0.714607 -93.8638 -0.573602 0.596408 -0.561496 -77.4251 0.426198 0.802681 0.417203 64.7054 0 0 0 1 
Seq_Frame0011_ForcepTipToForcep-SequenceTransformStatus = OK
Seq_Frame0011_Timestamp = 1.164
Seq_Frame0012_ForcepTipToForcep-SequenceTransform =0.699526 5.55112e-17 -0.714607 -93.8638 -0.573602 0.596408 -0.561496 -77.4251 0.426198 0.802681 0.417203 64.7054 0 0 0 1 
Seq_Frame0012_ForcepTipToForcep-SequenceTransformStatus = OK
Seq_Frame0012_Timestamp = 1.273
Seq_Frame0013_ForcepTipToForcep-SequenceTransform =0.699526 5.55112e-17 -0.714607 -93.8638 -0.573602 0.596408 -0.561496 -77.4251 0.426198 0.802681 0.417203 64.7054 0 0 0 1 
Seq_Frame0013_ForcepTipToForcep-SequenceTransformStatus = OK
Seq_Frame0013_Timestamp = 1.384
Seq_Frame0014_ForcepTipToForcep-SequenceTransform =0.699526 5.55112e-17 -0.714607 -93.8638 -0.573602 0.596408 -0.561496 -77.4251 0.426198 0.802681 0.417203 64.7054 0 0 0 1 
Seq_Frame0014_ForcepTipToForcep-SequenceTransformStatus = OK
Seq_Frame0014_Timestamp = 1.488
Seq_Frame0015_ForcepTipToForcep-SequenceTransform =0.699526 5.55112e-17 -0.714607 -93.8638 -0.573602 0.596408 -0.561496 -77.4251 0.426198 0.802681 0.417203 64.7054 0 0 0 1 
Seq_Frame0015_ForcepTipToForcep-SequenceTransformStatus = OK
Seq_Frame0015_Timestamp = 1.589
Seq_Frame0016_ForcepTipToForcep-SequenceTransform =0.699526 5.55112e-17 -0.714607 -93.8638 -0.573602 0.596408 -0.561496 -77.4251 0.426198 0.802681 0.417203 64.7054 0 0 0 1 
Seq_Frame0016_ForcepTipToForcep-SequenceTransformStatus = OK
Seq_Frame0016_Timestamp = 1.694
Seq_Frame0017_ForcepTipToForcep-SequenceTransform =0.699526 5.55112e-17 -0.714607 -93.8638 -0.573602 0.596408 -0.561496 -77.4251 0.426198 0.802681 0.417203 64.7054 0 0 0 1 
Seq_Frame0017_ForcepTipToForcep-SequenceTransformStatus = OK
Seq_Frame0017_Timestamp = 1.799
Seq_Frame0018_ForcepTipToForcep-SequenceTransform =0.699526 5.55112e-17 -0.714607 -93.8638 -0.573602 0.596408 -0.561496 -77.4251 0.426198 0.802681 0.417203 64.7054 0 0 0 1 
Seq_Frame0018_ForcepTipToForcep-SequenceTransformStatus = OK
Seq_Frame0018_Timestamp = 1.903
Seq_Frame0019_ForcepTipToForcep-SequenceTransform =0.699526 5.55112e-17 -0.714607 -93.8638 -0.573602 0.596408 -0.561496 -77.4251 0.426198 0.802681 0.417203 64.7054 0 0 0 1 
Seq_Frame0019_ForcepTipToForcep-SequenceTransformStatus = OK
Seq_Frame0019_Timestamp = 2.004
Seq_Frame0020_ForcepTipToForcep-SequenceTransform =0.699526 5.55112e-17 -0.714607 -93.8638 -0.573602 0.596408 -0.561496 -77.4251 0.426198 0.802681 0.417203 64.7054 0 0 0 1 
Seq_Frame0020_ForcepTipToForcep-SequenceTransformStatus = OK
Seq_Frame0020_Timestamp = 2.113
Seq_Frame0021_ForcepTipToForcep-SequenceTransform =0.699526 5.55112e-17 -0.714607 -93.8638 -0.573602 0.596408 -0.561496 -77.4251 0.426198 0.802681 0.417203 64.7054 0 0 0 1 
Seq_Frame0021_ForcepTipToForcep-SequenceTransformStatus = OK
Seq_Frame0021_Timestamp = 2.214
Seq_Frame0022_ForcepTipToForcep-SequenceTransform =0.699526 5.55112e-17 -0.714607 -93.8638 -0.573602 0.596408 -0.561496 -77.4251 0.426198 0.802681 0.417203 64.7054 0 0 0 1 
Seq_Frame0022_ForcepTipToForcep-SequenceTransformStatus = OK
Seq_Frame0022_Timestamp = 2.315
Seq_Frame0023_ForcepTipToForcep-SequenceTransform =0.699526 5.55112e-17 -0.714607 -93.8638 -0.573602 0.596408 -0.561496 -77.4251 0.426198 0.802681 0.417203 64.7054 0 0 0 1 
Seq_Frame0023_ForcepTipToForcep-SequenceTransformStatus = OK
Seq_Frame0023_Timestamp = 2.423
Seq_Frame0024_ForcepTipToForcep-SequenceTransform =0.699526 5.55112e-17 -0.714607 -93.8638 -0.573602 0.596408 -0.561496 -77.4251 0.426198 0.802681 0.417203 64.7054 0 0 0 1 
Seq_Frame0024_ForcepTipToForcep-SequenceTransformStatus = OK
Seq_Frame0024_Timestamp = 2.523
Seq_Frame0025_ForcepTipToForcep-SequenceTransform =0.699526 5.55112e-17 -0.714607 -93.8638 -0.573602 0.596408 -0.561496 -77.4251 0.426198 0.802681 0.417203 64.7054 0 0 0 1 
Seq_Frame0025_ForcepTipToForcep-SequenceTransformStatus = OK
Seq_Frame0025_Timestamp = 2.629
Seq_Frame0026_ForcepTipToForcep-SequenceTransform =0.699526 5.55112e-17 -0.714607 -93.8638 -0.573602 0.596408 -0.561496 -77.4251 0.426198 0.802681 0.417203 64.7054 0 0 0 1 
Seq_Frame0026_ForcepTipToForcep-SequenceTransformStatus = OK
Seq_Frame0026_Timestamp = 2.731
Seq_Frame0027_ForcepTipToForcep-SequenceTransform =0.699526 5.55112e-17 -0.714607 -93.8638 -0.573602 0.596408 -0.561496 -77.4251 0.426198 0.802681 0.417203 64.7054 0 0 0 1 
Seq_Frame0027_ForcepTipToForcep-SequenceTransformStatus = OK
Seq_Frame0027_Timestamp = 3.643
Seq_Frame0028_ForcepTipToForcep-SequenceTransform =0.699526 5.55112e-17 -0.714607 -93.8638 -0.573602 0.596408 -0.561496 -77.4251 0.426198 0.802681 0.417203 64.7054 0 0 0 1 
Seq_Frame0028_ForcepTipToForcep-SequenceTransformStatus = OK
Seq_Frame0028_Timestamp = 3.744
Seq_Frame0029_ForcepTipToForcep-SequenceTransform =0.699526 5.55112e-17 -0.714607 -93.8638 -0.573602 0.596408 -0.561496 -77.4251 0.426198 0.802681 0.417203 64.7054 0 0 0 1 
Seq_Frame0029_ForcepTipToForcep-SequenceTransformStatus = OK
Seq_Frame0029_Timestamp = 3.848
Seq_Frame0030_ForcepTipToForcep-SequenceTransform =0.699526 5.55112e-17 -0.714607 -93.8638 -0.573602 0.596408 -0.561496 -77.4251 0.426198 0.802681 0.417203 64.7054 0 0 0 1 
Seq_Frame0030_ForcepTipToForcep-SequenceTransformStatus = OK
Seq_Frame0030_Timestamp = 3.959
Seq_Frame0031_ForcepTipToForcep-SequenceTransform =0.699526 5.55112e-17 -0.714607 -93.8638 -0.573602 0.596408 -0.561496 -77.4251 0.426198 0.802681 0.417203 64.7054 0 0 0 1 
Seq_Frame0031_ForcepTipToForcep-SequenceTransformStatus = OK
Seq_Frame0031_Timestamp = 4.059
Seq_Frame0032_ForcepTipToForcep-SequenceTransform =0.699526 5.55112e-17 -0.714607 -93.8638 -0.573602 0.596408 -0.561496 -77.4251 0.426198 0.802681 0.417203 64.7054 0 0 0 1 
Seq_Frame0032_ForcepTipToForcep-SequenceTransformStatus = OK
Seq_Frame0032_Timestamp = 4.164
Seq_Frame0033_ForcepTipToForcep-SequenceTransform =0.699526 5.55112e-17 -0.714607 -93.8638 -0.573602 0.596408 -0.561496 -77.4251 0.426198 0.802681 0.417203 64.7054 0 0 0 1 
Seq_Frame0033_ForcepTipToForcep-SequenceTransformStatus = OK
Seq_Frame0033_Timestamp = 4.269
Seq_Frame0034_ForcepTipToForcep-SequenceTransform =0.699526 5.55112e-17 -0.714607 -93.8638 -0.573602 0.596408 -0.561496 -77.4251 0.426198 0.802681 0.417203 64.7054 0 0 0 1 
Seq_Frame0034_ForcepTipToForcep-SequenceTransformStatus = OK
Seq_Frame0034_Timestamp = 4.372
Seq_Frame0035_ForcepTipToForcep-SequenceTransform =0.699526 5.55112e-17 -0.714607 -93.8638 -0.573602 0.596408 -0.561496 -77.4251 0.426198 0.802681 0.417203 64.7054 0 0 0 1 
Seq_Frame0035_ForcepTipToForcep-SequenceTransformStatus = OK
Seq_Frame0035_Timestamp = 4.474
Seq_Frame0036_ForcepTipToForcep-SequenceTransform =0.699526 5.55112e-17 -0.714607 -93.8638 -0.573602 0.596408 -0.561496 -77.4251 0.426198 0.802681 0.417203 64.7054 0 0 0 1 
Seq_Frame0036_ForcepTipToForcep-SequenceTransformStatus = OK
Seq_Frame0036_Timestamp = 4.589
Seq_Frame0037_ForcepTipToForcep-SequenceTransform =0.699526 5.55112e-17 -0.714607 -93.8638 -0.573602 0.596408 -0.561496 -77.4251 0.426198 0.802681 0.417203 64.7054 0 0 0 1 
Seq_Frame0037_ForcepTipToForcep-SequenceTransformStatus = OK
Seq_Frame0037_Timestamp = 4.699
Seq_Frame0038_ForcepTipToForcep-SequenceTransform =0.699526 5.55112e-17 -0.714607 -93.8638 -0.573602 0.596408 -0.561496 -77.4251 0.426198 0.802681 0.417203 64.7054 0 0 0 1 
Seq_Frame0038_ForcepTipToForcep-SequenceTransformStatus = OK
Seq_Frame0038_Timestamp = 4.799
Seq_Frame0039_ForcepTipToForcep-SequenceTransform =0.699526 5.55112e-17 -0.714607 -93.8638 -0.573602 0.596408 -0.561496 -77.4251 0.426198 0.802681 0.417203 64.7054 0 0 0 1 
Seq_Frame0039_ForcepTipToForcep-SequenceTransformStatus = OK
Seq_Frame0039_Timestamp = 4.909
Seq_Frame0040_ForcepTipToForcep-SequenceTransform =0.699526 5.55112e-17 -0.714607 -93.8638 -0.573602 0.596408 -0.561496 -77.4251 0.426198 0.802681 0.417203 64.7054 0 0 0 1 
Seq_Frame0040_ForcepTipToForcep-SequenceTransformStatus = OK
Seq_Frame0040_Timestamp = 5.013
Seq_Frame0041_ForcepTipToForcep-SequenceTransform =0.699526 5.55112e-17 -0.714607 -93.8638 -0.573602 0.596408 -0.561496 -77.4251 0.426198 0.802681 0.417203 64.7054 0 0 0 1 
Seq_Frame0041_ForcepTipToForcep-SequenceTransformStatus = OK
Seq_Frame0041_Timestamp = 5.115
Seq_Frame0042_ForcepTipToForcep-SequenceTransform =0.699526 5.55112e-17 -0.714607 -93.8638 -0.573602 0.596408 -0.561496 -77.4251 0.426198 0.802681 0.417203 64.7054 0 0 0 1 
Seq_Frame0042_ForcepTipToForcep-SequenceTransformStatus = OK
Seq_Frame0042_Timestamp = 5.224
Seq_Frame0043_ForcepTipToForcep-SequenceTransform =0.699526 5.55112e-17 -0.714607 -93.8638 -0.573602 0.596408 -0.561496 -77.4251 0.426198 0.802681 0.417203 64.7054 0 0 0 1 
Seq_Frame0043_ForcepTipToForcep-SequenceTransformStatus = OK
Seq_Frame0043_Timestamp = 5.329
Seq_Frame0044_ForcepTipToForcep-SequenceTransform =0.699526 5.55112e-17 -0.714607 -93.8638 -0.573602 0.596408 -0.561496 -77.4251 0.426198 0.802681 0.417203 64.7054 0 0 0 1 
Seq_Frame0044_ForcepTipToForcep-SequenceTransformStatus = OK
Seq_Frame0044_Timestamp = 5.431
Seq_Frame0045_ForcepTipToForcep-SequenceTransform =0.699526 5.55112e-17 -0.714607 -93.8638 -0.573602 0.596408 -0.561496 -77.4251 0.426198 0.802681 0.417203 64.7054 0 0 0 1 
Seq_Frame0045_ForcepTipToForcep-SequenceTransformStatus = OK
Seq_Frame0045_Timestamp = 5.539
Seq_Frame0046_ForcepTipToForcep-SequenceTransform =0.699526 5.55112e-17 -0.714607 -93.8638 -0.573602 0.596408 -0.561496 -77.4251 0.426198 0.802681 0.417203 64.7054 0 0 0 1 
Seq_Frame0046_ForcepTipToForcep-SequenceTransformStatus = OK
Seq_Frame0046_Timestamp = 5.64
Seq_Frame0047_ForcepTipToForcep-SequenceTransform =0.699526 5.55112e-17 -0.714607 -93.8638 -0.573602 0.596408 -0.561496 -77.4251 0.426198 0.802681 0.417203 64.7054 0 0 0 1 
Seq_Frame0047_ForcepTipToForcep-SequenceTransformStatus = OK
Seq_Frame0047_Timestamp = 5.748
Seq_Frame0048_ForcepTipToForcep-SequenceTransform =0.699526 5.55112e-17 -0.714607 -93.8638 -0.573602 0.596408 -0.561496 -77.4251 0.426198 0.802681 0.417203 64.7054 0 0 0 1 
Seq_Frame0048_ForcepTipToForcep-SequenceTransformStatus = OK
Seq_Frame0048_Timestamp = 5.849
Seq_Frame0049_ForcepTipToForcep-SequenceTransform =0.699526 5.55112e-17 -0.714607 -93.8638 -0.573602 0.596408 -0.561496 -77.4251 0.426198 0.802681 0.417203 64.7054 0 0 0 1 
Seq_Frame0049_ForcepTipToForcep-SequenceTransformStatus = OK
Seq_Frame0049_Timestamp = 5.95
Seq_Frame0050_ForcepTipToForcep-SequenceTransform =0.699526 5.55112e-17 -0.714607 -93.8638 -0.573602 0.596408 -0.561496 -77.4251 0.426198 0.802681 0.417203 64.7054 0 0 0 1 
Seq_Frame0050_ForcepTipToForcep-SequenceTransformStatus = OK
Seq_Frame0050_Timestamp = 6.059
Seq_Frame0051_ForcepTipToForcep-SequenceTransform =0.699526 5.55112e-17 -0.714607 -93.8638 -0.573602 0.596408 -0.561496 -77.4251 0.426198 0.802681 0.417203 64.7054 0 0 0 1 
Seq_Frame0051_ForcepTipToForcep-SequenceTransformStatus = OK
Seq_Frame0051_Timestamp = 6.163
Seq_Frame0052_ForcepTipToForcep-SequenceTransform =0.699526 5.55112e-17 -0.714607 -93.8638 -0.573602 0.596408 -0.561496 -77.4251 0.426198 0.802681 0.417203 64.7054 0 0 0 1 
Seq_Frame0052_ForcepTipToForcep-SequenceTransformStatus = OK
Seq_Frame0052_Timestamp = 6.264
Seq_Frame0053_ForcepTipToForcep-SequenceTransform =0.699526 5.55112e-17 -0.714607 -93.8638 -0.573602 0.596408 -0.561496 -77.4251 0.426198 0.802681 0.417203 64.7054 0 0 0 1 
Seq_Frame0053_ForcepTipToForcep-SequenceTransformStatus = OK
Seq_Frame0053_Timestamp = 6.372
Seq_Frame0054_ForcepTipToForcep-SequenceTransform =0.699526 5.55112e-17 -0.714607 -93.8638 -0.573602 0.596408 -0.561496 -77.4251 0.426198 0.802681 0.417203 64.7054 0 0 0 1 
Seq_Frame0054_ForcepTipToForcep-SequenceTransformStatus = OK
Seq_Frame0054_Timestamp = 6.474
Seq_Frame0055_ForcepTipToForcep-SequenceTransform =0.699526 5.55112e-17 -0.714607 -93.8638 -0.573602 0.596408 -0.561496 -77.4251 0.426198 0.802681 0.417203 64.7054 0 0 0 1 
Seq_Frame0055_ForcepTipToForcep-SequenceTransformStatus = OK
Seq_Frame0055_Timestamp = 6.578
Seq_Frame0056_ForcepTipToForcep-SequenceTransform =0.699526 5.55112e-17 -0.714607 -93.8638 -0.573602 0.596408 -0.561496 -77.4251 0.426198 0.802681 0.417203 64.7054 0 0 0 1 
Seq_Frame0056_ForcepTipToForcep-SequenceTransformStatus = OK
Seq_Frame0056_Timestamp = 6.679
Seq_Frame0057_ForcepTipToForcep-SequenceTransform =0.699526 5.55112e-17 -0.714607 -93.8638 -0.573602 0.596408 -0.561496 -77.4251 0.426198 0.802681 0.417203 64.7054 0 0 0 1 
Seq_Frame0057_ForcepTipToForcep-SequenceTransformStatus = OK
Seq_Frame0057_Timestamp = 6.779
Seq_Frame0058_ForcepTipToForcep-SequenceTransform =0.699526 5.55112e-17 -0.714607 -93.8638 -0.573602 0.596408 -0.561496 -77.4251 0.426198 0.802681 0.417203 64.7054 0 0 0 1 
Seq_Frame0058_ForcepTipToForcep-SequenceTransformStatus = OK
Seq_Frame0058_Timestamp = 6.881
Seq_Frame0059_ForcepTipToForcep-SequenceTransform =0.699526 5.55112e-17 -0.714607 -93.8638 -0.573602 0.596408 -0.561496 -77.4251 0.426198 0.802681 0.417203 64.7054 0 0 0 1 
Seq_Frame0059_ForcepTipToForcep-SequenceTransformStatus = OK
Seq_Frame0059_Timestamp = 6.993
Seq_Frame0060_ForcepTipToForcep-SequenceTransform =0.699526 5.55112e-17 -0.714607 -93.8638 -0.573602 0.596408 -0.561496 -77.4251 0.426198 0.802681 0.417203 64.7054 0 0 0 1 
Seq_Frame0060_ForcepTipToForcep-SequenceTransformStatus = OK
Seq_Frame0060_Timestamp = 7.094
Seq_Frame0061_ForcepTipToForcep-SequenceTransform =0.699526 5.55112e-17 -0.714607 -93.8638 -0.573602 0.596408 -0.561496 -77.4251 0.426198 0.802681 0.417203 64.7054 0 0 0 1 
Seq_Frame0061_ForcepTipToForcep-SequenceTransformStatus = OK
Seq_Frame0061_Timestamp = 7.198
Seq_Frame0062_ForcepTipToForcep-SequenceTransform =0.699526 5.55112e-17 -0.714607 -93.8638 -0.573602 0.596408 -0.561496 -77.4251 0.426198 0.802681 0.417203 64.7054 0 0 0 1 
Seq_Frame0062_ForcepTipToForcep-SequenceTransformStatus = OK
Seq_Frame0062_Timestamp = 7.309
Seq_Frame0063_ForcepTipToForcep-SequenceTransform =0.699526 5.55112e-17 -0.714607 -93.8638 -0.573602 0.596408 -0.561496 -77.4251 0.426198 0.802681 0.417203 64.7054 0 0 0 1 
Seq_Frame0063_ForcepTipToForcep-SequenceTransformStatus = OK
Seq_Frame0063_Timestamp = 7.422
Seq_Frame0064_ForcepTipToForcep-SequenceTransform =0.699526 5.55112e-17 -0.714607 -93.8638 -0.573602 0.596408 -0.561496 -77.4251 0.426198 0.802681 0.417203 64.7054 0 0 0 1 
Seq_Frame0064_ForcepTipToForcep-SequenceTransformStatus = OK
Seq_Frame0064_Timestamp = 7.526
Seq_Frame0065_ForcepTipToForcep-SequenceTransform =0.699526 5.55112e-17 -0.714607 -93.8638 -0.573602 0.596408 -0.561496 -77.4251 0.426198 0.802681 0.417203 64.7054 0 0 0 1 
Seq_Frame0065_ForcepTipToForcep-SequenceTransformStatus = OK
Seq_Frame0065_Timestamp = 7.639
Seq_Frame0066_ForcepTipToForcep-SequenceTransform =0.699526 5.55112e-17 -0.714607 -93.8638 -0.573602 0.596408 -0.561496 -77.4251 0.426198 0.802681 0.417203 64.7054 0 0 0 1 
Seq_Frame0066_ForcepTipToForcep-SequenceTransformStatus = OK
Seq_Frame0066_Timestamp = 7.748
Seq_Frame0067_ForcepTipToForcep-SequenceTransform =0.699526 5.55112e-17 -0.714607 -93.8638 -0.573602 0.596408 -0.561496 -77.4251 0.426198 0.802681 0.417203 64.7054 0 0 0 1 
Seq_Frame0067_ForcepTipToForcep-SequenceTransformStatus = OK
Seq_Frame0067_Timestamp = 7.855
Seq_Frame0068_ForcepTipToForcep-SequenceTransform =0.699526 5.55112e-17 -0.714607 -93.8638 -0.573602 0.596408 -0.561496 -77.4251 0.426198 0.802681 0.417203 64.7054 0 0 0 1 
Seq_Frame0068_ForcepTipToForcep-SequenceTransformStatus = OK
Seq_Frame0068_Timestamp = 7.958
Seq_Frame0069_ForcepTipToForcep-SequenceTransform =0.699526 5.55112e-17 -0.714607 -93.8638 -0.573602 0.596408 -0.561496 -77.4251 0.426198 0.802681 0.417203 64.7054 0 0 0 1 
Seq_Frame0069_ForcepTipToForcep-SequenceTransformStatus = OK
Seq_Frame0069_Timestamp = 8.059
Seq_Frame0070_ForcepTipToForcep-SequenceTransform =0.699526 5.55112e-17 -0.714607 -93.8638 -0.573602 0.596408 -0.561496 -77.4251 0.426198 0.802681 0.417203 64.7054 0 0 0 1 
Seq_Frame0070_ForcepTipToForcep-SequenceTransformStatus = OK
Seq_Frame0070_Timestamp = 8.163
Seq_Frame0071_ForcepTipToForcep-SequenceTransform =0.699526 5.55112e-17 -0.714607 -93.8638 -0.573602 0.596408 -0.561496 -77.4251 0.426198 0.802681 0.417203 64.7054 0 0 0 1 
Seq_Frame0071_ForcepTipToForcep-SequenceTransformStatus = OK
Seq_Frame0071_Timestamp = 8.265
Seq_Frame0072_ForcepTipToForcep-SequenceTransform =0.699526 5.55112e-17 -0.714607 -93.8638 -0.573602 0.596408 -0.561496 -77.4251 0.426198 0.802681 0.417203 64.7054 0 0 0 1 
Seq_Frame0072_ForcepTipToForcep-SequenceTransformStatus = OK
Seq_Frame0072_Timestamp = 8.374
Seq_Frame0073_ForcepTipToForcep-SequenceTransform =0.699526 5.55112e-17 -0.714607 -93.8638 -0.573602 0.596408 -0.561496 -77.4251 0.426198 0.802681 0.417203 64.7054 0 0 0 1 
Seq_Frame0073_ForcepTipToForcep-SequenceTransformStatus = OK
Seq_Frame0073_Timestamp = 8.474
Seq_Frame0074_ForcepTipToForcep-SequenceTransform =0.699526 5.55112e-17 -0.714607 -93.8638 -0.573602 0.596408 -0.561496 -77.4251 0.426198 0.802681 0.417203 64.7054 0 0 0 1 
Seq_Frame0074_ForcepTipToForcep-SequenceTransformStatus = OK
Seq_Frame0074_Timestamp = 8.581
Seq_Frame0075_ForcepTipToForcep-SequenceTransform =0.699526 5.55112e-17 -0.714607 -93.8638 -0.573602 0.596408 -0.561496 -77.4251 0.426198 0.802681 0.417203 64.7054 0 0 0 1 
Seq_Frame0075_ForcepTipToForcep-SequenceTransformStatus = OK
Seq_Frame0075_Timestamp = 8.684
Seq_Frame0076_ForcepTipToForcep-SequenceTransform =0.699526 5.55112e-17 -0.714607 -93.8638 -0.573602 0.596408 -0.561496 -77.4251 0.426198 0.802681 0.417203 64.7054 0 0 0 1 
Seq_Frame0076_ForcepTipToForcep-SequenceTransformStatus = OK
Seq_Frame0076_Timestamp = 8.788
Seq_Frame0077_ForcepTipToForcep-SequenceTransform =0.699526 5.55112e-17 -0.714607 -93.8638 -0.573602 0.596408 -0.561496 -77.4251 0.426198 0.802681 0.417203 64.7054 0 0 0 1 
Seq_Frame0077_ForcepTipToForcep-SequenceTransformStatus = OK
Seq_Frame0077_Timestamp = 8.889
Seq_Frame0078_ForcepTipToForcep-SequenceTransform =0.699526 5.55112e-17 -0.714607 -93.8638 -0.573602 0.596408 -0.561496 -77.4251 0.426198 0.802681 0.417203 64.7054 0 0 0 1 
Seq_Frame0078_ForcepTipToForcep-SequenceTransformStatus = OK
Seq_Frame0078_Timestamp = 8.999
Seq_Frame0079_ForcepTipToForcep-SequenceTransform =0.699526 5.55112e-17 -0.714607 -93.8638 -0.573602 0.596408 -0.561496 -77.4251 0.426198 0.802681 0.417203 64.7054 0 0 0 1 
Seq_Frame0079_ForcepTipToForcep-SequenceTransformStatus = OK
Seq_Frame0079_Timestamp = 9.099
Seq_Frame0080_ForcepTipToForcep-SequenceTransform =0.699526 5.55112e-17 -0.714607 -93.8638 -0.573602 0.596408 -0.561496 -77.4251 0.426198 0.802681 0.417203 64.7054 0 0 0 1 
Seq_Frame0080_ForcepTipToForcep-SequenceTransformStatus = OK
Seq_Frame0080_Timestamp = 9.2
Seq_Frame0081_ForcepTipToForcep-SequenceTransform =0.699526 5.55112e-17 -0.714607 -93.8638 -0.573602 0.596408 -0.561496 -77.4251 0.426198 0.802681 0.417203 64.7054 0 0 0 1 
Seq_Frame0081_ForcepTipToForcep-SequenceTransformStatus = OK
Seq_Frame0081_Timestamp = 9.301
Seq_Frame0082_ForcepTipToForcep-SequenceTransform =0.699526 5.55112e-17 -0.714607 -93.8638 -0.573602 0.596408 -0.561496 -77.4251 0.426198 0.802681 0.417203 64.7054 0 0 0 1 
Seq_Frame0082_ForcepTipToForcep-SequenceTransformStatus = OK
Seq_Frame0082_Timestamp = 9.406
Seq_Frame0083_ForcepTipToForcep-SequenceTransform =0.699526 5.55112e-17 -0.714607 -93.8638 -0.573602 0.596408 -0.561496 -77.4251 0.426198 0.802681 0.417203 64.7054 0 0 0 1 
Seq_Frame0083_ForcepTipToForcep-SequenceTransformStatus = OK
Seq_Frame0083_Timestamp = 9.514
Seq_Frame0084_ForcepTipToForcep-SequenceTransform =0.699526 5.55112e-17 -0.714607 -93.8638 -0.573602 0.596408 -0.561496 -77.4251 0.426198 0.802681 0.417203 64.7054 0 0 0 1 
Seq_Frame0084_ForcepTipToForcep-SequenceTransformStatus = OK
Seq_Frame0084_Timestamp = 9.623
Seq_Frame0085_ForcepTipToForcep-SequenceTransform =0.699526 5.55112e-17 -0.714607 -93.8638 -0.573602 0.596408 -0.561496 -77.4251 0.426198 0.802681 0.417203 64.7054 0 0 0 1 
Seq_Frame0085_ForcepTipToForcep-SequenceTransformStatus = OK
Seq_Frame0085_Timestamp = 9.723
Seq_Frame0086_ForcepTipToForcep-SequenceTransform =0.699526 5.55112e-17 -0.714607 -93.8638 -0.573602 0.596408 -0.561496 -77.4251 0.426198 0.802681 0.417203 64.7054 0 0 0 1 
Seq_Frame0086_ForcepTipToForcep-SequenceTransformStatus = OK
Seq_Frame0086_Timestamp = 9.824
Seq_Frame0087_ForcepTipToForcep-SequenceTransform =0.699526 5.55112e-17 -0.714607 -93.8638 -0.573602 0.596408 -0.561496 -77.4251 0.426198 0.802681 0.417203 64.7054 0 0 0 1 
Seq_Frame0087_ForcepTipToForcep-SequenceTransformStatus = OK
Seq_Frame0087_Timestamp = 9.929
Seq_Frame0088_ForcepTipToForcep-SequenceTransform =0.699526 5.55112e-17 -0.714607 -93.8638 -0.573602 0.596408 -0.561496 -77.4251 0.426198 0.802681 0.417203 64.7054 0 0 0 1 
Seq_Frame0088_ForcepTipToForcep-SequenceTransformStatus = OK
Seq_Frame0088_Timestamp = 10.033
Seq_Frame0089_ForcepTipToForcep-SequenceTransform =0.699526 5.55112e-17 -0.714607 -93.8638 -0.573602 0.596408 -0.561496 -77.4251 0.426198 0.802681 0.417203 64.7054 0 0 0 1 
Seq_Frame0089_ForcepTipToForcep-SequenceTransformStatus = OK
Seq_Frame0089_Timestamp = 10.139
Seq_Frame0090_ForcepTipToForcep-SequenceTransform =0.699526 5.55112e-17 -0.714607 -93.8638 -0.573602 0.596408 -0.561496 -77.4251 0.426198 0.802681 0.417203 64.7054 0 0 0 1 
Seq_Frame0090_ForcepTipToForcep-SequenceTransformStatus = OK
Seq_Frame0090_Timestamp = 10.249
Seq_Frame0091_ForcepTipToForcep-SequenceTransform =0.699526 5.55112e-17 -0.714607 -93.8638 -0.573602 0.596408 -0.561496 -77.4251 0.426198 0.802681 0.417203 64.7054 0 0 0 1 
Seq_Frame0091_ForcepTipToForcep-SequenceTransformStatus = OK
Seq_Frame0091_Timestamp = 10.354
Seq_Frame0092_ForcepTipToForcep-SequenceTransform =0.699526 5.55112e-17 -0.714607 -93.8638 -0.573602 0.596408 -0.561496 -77.4251 0.426198 0.802681 0.417203 64.7054 0 0 0 1 
Seq_Frame0092_ForcepTipToForcep-SequenceTransformStatus = OK
Seq_Frame0092_Timestamp = 10.454
Seq_Frame0093_ForcepTipToForcep-SequenceTransform =0.699526 5.55112e-17 -0.714607 -93.8638 -0.573602 0.596408 -0.561496 -77.4251 0.426198 0.802681 0.417203 64.7054 0 0 0 1 
Seq_Frame0093_ForcepTipToForcep-SequenceTransformStatus = OK
Seq_Frame0093_Timestamp = 10.564
Seq_Frame0094_ForcepTipToForcep-SequenceTransform =0.699526 5.55112e-17 -0.714607 -93.8638 -0.573602 0.596408 -0.561496 -77.4251 0.426198 0.802681 0.417203 64.7054 0 0 0 1 
Seq_Frame0094_ForcepTipToForcep-SequenceTransformStatus = OK
Seq_Frame0094_Timestamp = 10.664
Seq_Frame0095_ForcepTipToForcep-SequenceTransform =0.699526 5.55112e-17 -0.714607 -93.8638 -0.573602 0.596408 -0.561496 -77.4251 0.426198 0.802681 0.417203 64.7054 0 0 0 1 
Seq_Frame0095_ForcepTipToForcep-SequenceTransformStatus = OK
Seq_Frame0095_Timestamp = 10.772
Seq_Frame0096_ForcepTipToForcep-SequenceTransform =0.699526 5.55112e-17 -0.714607 -93.8638 -0.573602 0.596408 -0.561496 -77.4251 0.426198 0.802681 0.417203 64.7054 0 0 0 1 
Seq_Frame0096_ForcepTipToForcep-SequenceTransformStatus = OK
Seq_Frame0096_Timestamp = 10.874
Seq_Frame0097_ForcepTipToForcep-SequenceTransform =0.699526 5.55112e-17 -0.714607 -93.8638 -0.573602 0.596408 -0.561496 -77.4251 0.426198 0.802681 0.417203 64.7054 0 0 0 1 
Seq_Frame0097_ForcepTipToForcep-SequenceTransformStatus = OK
Seq_Frame0097_Timestamp = 10.981
Seq_Frame0098_ForcepTipToForcep-SequenceTransform =0.699526 5.55112e-17 -0.714607 -93.8638 -0.573602 0.596408 -0.561496 -77.4251 0.426198 0.802681 0.417203 64.7054 0 0 0 1 
Seq_Frame0098_ForcepTipToForcep-SequenceTransformStatus = OK
Seq_Frame0098_Timestamp = 11.083
Seq_Frame0099_ForcepTipToForcep-SequenceTransform =0.699526 5.55112e-17 -0.714607 -93.8638 -0.573602 0.596408 -0.561496 -77.4251 0.426198 0.802681 0.417203 64.7054 0 0 0 1 
Seq_Frame0099_ForcepTipToForcep-SequenceTransformStatus = OK
Seq_Frame0099_Timestamp = 11.184
Seq_Frame0100_ForcepTipToForcep-SequenceTransform =0.699526 5.55112e-17 -0.714607 -93.8638 -0.573602 0.596408 -0.561496 -77.4251 0.426198 0.802681 0.417203 64.7054 0 0 0 1 
Seq_Frame0100_ForcepTipToForcep-SequenceTransformStatus = OK
Seq_Frame0100_Timestamp = 11.289
Seq_Frame0101_ForcepTipToForcep-SequenceTransform =0.699526 5.55112e-17 -0.714607 -93.8638 -0.573602 0.596408 -0.561496 -77.4251 0.426198 0.802681 0.417203 64.7054 0 0 0 1 
Seq_Frame0101_ForcepTipToForcep-SequenceTransformStatus = OK
Seq_Frame0101_Timestamp = 11.738
Seq_Frame0102_ForcepTipToForcep-SequenceTransform =0.699526 5.55112e-17 -0.714607 -93.8638 -0.573602 0.596408 -0.561496 -77.4251 0.426198 0.802681 0.417203 64.7054 0 0 0 1 
Seq_Frame0102_ForcepTipToForcep-SequenceTransformStatus = OK
Seq_Frame0102_Timestamp = 11.839
Seq_Frame0103_ForcepTipToForcep-SequenceTransform =0.699526 5.55112e-17 -0.714607 -93.8638 -0.573602 0.596408 -0.561496 -77.4251 0.426198 0.802681 0.417203 64.7054 0 0 0 1 
Seq_Frame0103_ForcepTipToForcep-SequenceTransformStatus = OK
Seq_Frame0103_Timestamp = 11.947
Seq_Frame0104_ForcepTipToForcep-SequenceTransform =0.699526 5.55112e-17 -0.714607 -93.8638 -0.573602 0.596408 -0.561496 -77.4251 0.426198 0.802681 0.417203 64.7054 0 0 0 1 
Seq_Frame0104_ForcepTipToForcep-SequenceTransformStatus = OK
Seq_Frame0104_Timestamp = 12.048
Seq_Frame0105_ForcepTipToForcep-SequenceTransform =0.699526 5.55112e-17 -0.714607 -93.8638 -0.573602 0.596408 -0.561496 -77.4251 0.426198 0.802681 0.417203 64.7054 0 0 0 1 
Seq_Frame0105_ForcepTipToForcep-SequenceTransformStatus = OK
Seq_Frame0105_Timestamp = 12.383
Seq_Frame0106_ForcepTipToForcep-SequenceTransform =0.699526 5.55112e-17 -0.714607 -93.8638 -0.573602 0.596408 -0.561496 -77.4251 0.426198 0.802681 0.417203 64.7054 0 0 0 1 
Seq_Frame0106_ForcepTipToForcep-SequenceTransformStatus = OK
Seq_Frame0106_Timestamp = 12.489
Seq_Frame0107_ForcepTipToForcep-SequenceTransform =0.699526 5.55112e-17 -0.714607 -93.8638 -0.573602 0.596408 -0.561496 -77.4251 0.426198 0.802681 0.417203 64.7054 0 0 0 1 
Seq_Frame0107_ForcepTipToForcep-SequenceTransformStatus = OK
Seq_Frame0107_Timestamp = 12.599
Seq_Frame0108_ForcepTipToForcep-SequenceTransform =0.699526 5.55112e-17 -0.714607 -93.8638 -0.573602 0.596408 -0.561496 -77.4251 0.426198 0.802681 0.417203 64.7054 0 0 0 1 
Seq_Frame0108_ForcepTipToForcep-SequenceTransformStatus = OK
Seq_Frame0108_Timestamp = 12.704
Seq_Frame0109_ForcepTipToForcep-SequenceTransform =0.699526 5.55112e-17 -0.714607 -93.8638 -0.573602 0.596408 -0.561496 -77.4251 0.426198 0.802681 0.417203 64.7054 0 0 0 1 
Seq_Frame0109_ForcepTipToForcep-SequenceTransformStatus = OK
Seq_Frame0109_Timestamp = 12.813
Seq_Frame0110_ForcepTipToForcep-SequenceTransform =0.699526 5.55112e-17 -0.714607 -93.8638 -0.573602 0.596408 -0.561496 -77.4251 0.426198 0.802681 0.417203 64.7054 0 0 0 1 
Seq_Frame0110_ForcepTipToForcep-SequenceTransformStatus = OK
Seq_Frame0110_Timestamp = 12.914
Seq_Frame0111_ForcepTipToForcep-SequenceTransform =0.699526 5.55112e-17 -0.714607 -93.8638 -0.573602 0.596408 -0.561496 -77.4251 0.426198 0.802681 0.417203 64.7054 0 0 0 1 
Seq_Frame0111_ForcepTipToForcep-SequenceTransformStatus = OK
Seq_Frame0111_Timestamp = 13.023
Seq_Frame0112_ForcepTipToForcep-SequenceTransform =0.699526 5.55112e-17 -0.714607 -93.8638 -0.573602 0.596408 -0.561496 -77.4251 0.426198 0.802681 0.417203 64.7054 0 0 0 1 
Seq_Frame0112_ForcepTipToForcep-SequenceTransformStatus = OK
Seq_Frame0112_Timestamp = 13.124
Seq_Frame0113_ForcepTipToForcep-SequenceTransform =0.699526 5.55112e-17 -0.714607 -93.8638 -0.573602 0.596408 -0.561496 -77.4251 0.426198 0.802681 0.417203 64.7054 0 0 0 1 
Seq_Frame0113_ForcepTipToForcep-SequenceTransformStatus = OK
Seq_Frame0113_Timestamp = 13.229
Seq_Frame0114_ForcepTipToForcep-SequenceTransform =0.699526 5.55112e-17 -0.714607 -93.8638 -0.573602 0.596408 -0.561496 -77.4251 0.426198 0.802681 0.417203 64.7054 0 0 0 1 
Seq_Frame0114_ForcepTipToForcep-SequenceTransformStatus = OK
Seq_Frame0114_Timestamp = 13.329
Seq_Frame0115_ForcepTipToForcep-SequenceTransform =0.699526 5.55112e-17 -0.714607 -93.8638 -0.573602 0.596408 -0.561496 -77.4251 0.426198 0.802681 0.417203 64.7054 0 0 0 1 
Seq_Frame0115_ForcepTipToForcep-SequenceTransformStatus = OK
Seq_Frame0115_Timestamp = 13.43
Seq_Frame0116_ForcepTipToForcep-SequenceTransform =0.699526 5.55112e-17 -0.714607 -93.8638 -0.573602 0.596408 -0.561496 -77.4251 0.426198 0.802681 0.417203 64.7054 0 0 0 1 
Seq_Frame0116_ForcepTipToForcep-SequenceTransformStatus = OK
Seq_Frame0116_Timestamp = 13.531
Seq_Frame0117_ForcepTipToForcep-SequenceTransform =0.699526 5.55112e-17 -0.714607 -93.8638 -0.573602 0.596408 -0.561496 -77.4251 0.426198 0.802681 0.417203 64.7054 0 0 0 1 
Seq_Frame0117_ForcepTipToForcep-SequenceTransformStatus = OK
Seq_Frame0117_Timestamp = 13.634
Seq_Frame0118_ForcepTipToForcep-SequenceTransform =0.699526 5.55112e-17 -0.714607 -93.8638 -0.573602 0.596408 -0.561496 -77.4251 0.426198 0.802681 0.417203 64.7054 0 0 0 1 
Seq_Frame0118_ForcepTipToForcep-SequenceTransformStatus = OK
Seq_Frame0118_Timestamp = 13.747
Seq_Frame0119_ForcepTipToForcep-SequenceTransform =0.699526 5.55112e-17 -0.714607 -93.8638 -0.573602 0.596408 -0.561496 -77.4251 0.426198 0.802681 0.417203 64.7054 0 0 0 1 
Seq_Frame0119_ForcepTipToForcep-SequenceTransformStatus = OK
Seq_Frame0119_Timestamp = 13.848
Seq_Frame0120_ForcepTipToForcep-SequenceTransform =0.699526 5.55112e-17 -0.714607 -93.8638 -0.573602 0.596408 -0.561496 -77.4251 0.426198 0.802681 0.417203 64.7054 0 0 0 1 
Seq_Frame0120_ForcepTipToForcep-SequenceTransformStatus = OK
Seq_Frame0120_Timestamp = 14.098
Seq_Frame0121_ForcepTipToForcep-SequenceTransform =0.699526 5.55112e-17 -0.714607 -93.8638 -0.573602 0.596408 -0.561496 -77.4251 0.426198 0.802681 0.417203 64.7054 0 0 0 1 
Seq_Frame0121_ForcepTipToForcep-SequenceTransformStatus = OK
Seq_Frame0121_Timestamp = 14.199
Seq_Frame0122_ForcepTipToForcep-SequenceTransform =0.699526 5.55112e-17 -0.714607 -93.8638 -0.573602 0.596408 -0.561496 -77.4251 0.426198 0.802681 0.417203 64.7054 0 0 0 1 
Seq_Frame0122_ForcepTipToForcep-SequenceTransformStatus = OK
Seq_Frame0122_Timestamp = 14.304
Seq_Frame0123_ForcepTipToForcep-SequenceTransform =0.699526 5.55112e-17 -0.714607 -93.8638 -0.573602 0.596408 -0.561496 -77.4251 0.426198 0.802681 0.417203 64.7054 0 0 0 1 
Seq_Frame0123_ForcepTipToForcep-SequenceTransformStatus = OK
Seq_Frame0123_Timestamp = 14.404
Seq_Frame0124_ForcepTipToForcep-SequenceTransform =0.699526 5.55112e-17 -0.714607 -93.8638 -0.573602 0.596408 -0.561496 -77.4251 0.426198 0.802681 0.417203 64.7054 0 0 0 1 
Seq_Frame0124_ForcepTipToForcep-SequenceTransformStatus = OK
Seq_Frame0124_Timestamp = 14.509
Seq_Frame0125_ForcepTipToForcep-SequenceTransform =0.699526 5.55112e-17 -0.714607 -93.8638 -0.573602 0.596408 -0.561496 -77.4251 0.426198 0.802681 0.417203 64.7054 0 0 0 1 
Seq_Frame0125_ForcepTipToForcep-SequenceTransformStatus = OK
Seq_Frame0125_Timestamp = 14.613
Seq_Frame0126_ForcepTipToForcep-SequenceTransform =0.699526 5.55112e-17 -0.714607 -93.8638 -0.573602 0.596408 -0.561496 -77.4251 0.426198 0.802681 0.417203 64.7054 0 0 0 1 
Seq_Frame0126_ForcepTipToForcep-SequenceTransformStatus = OK
Seq_Frame0126_Timestamp = 15.574
Seq_Frame0127_ForcepTipToForcep-SequenceTransform =0.699526 5.55112e-17 -0.714607 -93.8638 -0.573602 0.596408 -0.561496 -77.4251 0.426198 0.802681 0.417203 64.7054 0 0 0 1 
Seq_Frame0127_ForcepTipToForcep-SequenceTransformStatus = OK
Seq_Frame0127_Timestamp = 15.999
Seq_Frame0128_ForcepTipToForcep-SequenceTransform =0.699526 5.55112e-17 -0.714607 -93.8638 -0.573602 0.596408 -0.561496 -77.4251 0.426198 0.802681 0.417203 64.7054 0 0 0 1 
Seq_Frame0128_ForcepTipToForcep-SequenceTransformStatus = OK
Seq_Frame0128_Timestamp = 16.099
Seq_Frame0129_ForcepTipToForcep-SequenceTransform =0.699526 5.55112e-17 -0.714607 -93.8638 -0.573602 0.596408 -0.561496 -77.4251 0.426198 0.802681 0.417203 64.7054 0 0 0 1 
Seq_Frame0129_ForcepTipToForcep-SequenceTransformStatus = OK
Seq_Frame0129_Timestamp = 16.203
Seq_Frame0130_ForcepTipToForcep-SequenceTransform =0.699526 5.55112e-17 -0.714607 -93.8638 -0.573602 0.596408 -0.561496 -77.4251 0.426198 0.802681 0.417203 64.7054 0 0 0 1 
Seq_Frame0130_ForcepTipToForcep-SequenceTransformStatus = OK
Seq_Frame0130_Timestamp = 16.304
Seq_Frame0131_ForcepTipToForcep-SequenceTransform =0.699526 5.55112e-17 -0.714607 -93.8638 -0.573602 0.596408 -0.561496 -77.4251 0.426198 0.802681 0.417203 64.7054 0 0 0 1 
Seq_Frame0131_ForcepTipToForcep-SequenceTransformStatus = OK
Seq_Frame0131_Timestamp = 17.214
Seq_Frame0132_ForcepTipToForcep-SequenceTransform =0.699526 5.55112e-17 -0.714607 -93.8638 -0.573602 0.596408 -0.561496 -77.4251 0.426198 0.802681 0.417203 64.7054 0 0 0 1 
Seq_Frame0132_ForcepTipToForcep-SequenceTransformStatus = OK
Seq_Frame0132_Timestamp = 17.373
Seq_Frame0133_ForcepTipToForcep-SequenceTransform =0.699526 5.55112e-17 -0.714607 -93.8638 -0.573602 0.596408 -0.561496 -77.4251 0.426198 0.802681 0.417203 64.7054 0 0 0 1 
Seq_Frame0133_ForcepTipToForcep-SequenceTransformStatus = OK
Seq_Frame0133_Timestamp = 17.693
Seq_Frame0134_ForcepTipToForcep-SequenceTransform =0.699526 5.55112e-17 -0.714607 -93.8638 -0.573602 0.596408 -0.561496 -77.4251 0.426198 0.802681 0.417203 64.7054 0 0 0 1 
Seq_Frame0134_ForcepTipToForcep-SequenceTransformStatus = OK
Seq_Frame0134_Timestamp = 18.018
Seq_Frame0135_ForcepTipToForcep-SequenceTransform =0.699526 5.55112e-17 -0.714607 -93.8638 -0.573602 0.596408 -0.561496 -77.4251 0.426198 0.802681 0.417203 64.7054 0 0 0 1 
Seq_Frame0135_ForcepTipToForcep-SequenceTransformStatus = OK
Seq_Frame0135_Timestamp = 19.403
Seq_Frame0136_ForcepTipToForcep-SequenceTransform =0.699526 5.55112e-17 -0.714607 -93.8638 -0.573602 0.596408 -0.561496 -77.4251 0.426198 0.802681 0.417203 64.7054 0 0 0 1 
Seq_Frame0136_ForcepTipToForcep-SequenceTransformStatus = OK
Seq_Frame0136_Timestamp = 19.839
Seq_Frame0137_ForcepTipToForcep-SequenceTransform =0.699526 5.55112e-17 -0.714607 -93.8638 -0.573602 0.596408 -0.561496 -77.4251 0.426198 0.802681 0.417203 64.7054 0 0 0 1 
Seq_Frame0137_ForcepTipToForcep-SequenceTransformStatus = OK
Seq_Frame0137_Timestamp = 22.399
Seq_Frame0138_ForcepTipToForcep-SequenceTransform =0.699526 5.55112e-17 -0.714607 -93.8638 -0.573602 0.596408 -0.561496 -77.4251 0.426198 0.802681 0.417203 64.7054 0 0 0 1 
Seq_Frame0138_ForcepTipToForcep-SequenceTransformStatus = OK
Seq_Frame0138_Timestamp = 22.764
Seq_Frame0139_ForcepTipToForcep-SequenceTransform =0.699526 5.55112e-17 -0.714607 -93.8638 -0.573602 0.596408 -0.561496 -77.4251 0.426198 0.802681 0.417203 64.7054 0 0 0 1 
Seq_Frame0139_ForcepTipToForcep-SequenceTransformStatus = OK
Seq_Frame0139_Timestamp = 22.873
Seq_Frame0140_ForcepTipToForcep-SequenceTransform =0.699526 5.55112e-17 -0.714607 -93.8638 -0.573602 0.596408 -0.561496 -77.4251 0.426198 0.802681 0.417203 64.7054 0 0 0 1 
Seq_Frame0140_ForcepTipToForcep-SequenceTransformStatus = OK
Seq_Frame0140_Timestamp = 22.981
Seq_Frame0141_ForcepTipToForcep-SequenceTransform =0.699526 5.55112e-17 -0.714607 -93.8638 -0.573602 0.596408 -0.561496 -77.4251 0.426198 0.802681 0.417203 64.7054 0 0 0 1 
Seq_Frame0141_ForcepTipToForcep-SequenceTransformStatus = OK
Seq_Frame0141_Timestamp = 23.089
Seq_Frame0142_ForcepTipToForcep-SequenceTransform =0.699526 5.55112e-17 -0.714607 -93.8638 -0.573602 0.596408 -0.561496 -77.4251 0.426198 0.802681 0.417203 64.7054 0 0 0 1 
Seq_Frame0142_ForcepTipToForcep-SequenceTransformStatus = OK
Seq_Frame0142_Timestamp = 23.198
Seq_Frame0143_ForcepTipToForcep-SequenceTransform =0.699526 5.55112e-17 -0.714607 -93.8638 -0.573602 0.596408 -0.561496 -77.4251 0.426198 0.802681 0.417203 64.7054 0 0 0 1 
Seq_Frame0143_ForcepTipToForcep-SequenceTransformStatus = OK
Seq_Frame0143_Timestamp = 23.304
Seq_Frame0144_ForcepTipToForcep-SequenceTransform =0.699526 5.55112e-17 -0.714607 -93.8638 -0.573602 0.596408 -0.561496 -77.4251 0.426198 0.802681 0.417203 64.7054 0 0 0 1 
Seq_Frame0144_ForcepTipToForcep-SequenceTransformStatus = OK
Seq_Frame0144_Timestamp = 23.408
Seq_Frame0145_ForcepTipToForcep-SequenceTransform =0.699526 5.55112e-17 -0.714607 -93.8638 -0.573602 0.596408 -0.561496 -77.4251 0.426198 0.802681 0.417203 64.7054 0 0 0 1 
Seq_Frame0145_ForcepTipToForcep-SequenceTransformStatus = OK
Seq_Frame0145_Timestamp = 23.515
Seq_Frame0146_ForcepTipToForcep-SequenceTransform =0.699526 5.55112e-17 -0.714607 -93.8638 -0.573602 0.596408 -0.561496 -77.4251 0.426198 0.802681 0.417203 64.7054 0 0 0 1 
Seq_Frame0146_ForcepTipToForcep-SequenceTransformStatus = OK
Seq_Frame0146_Timestamp = 23.615
Seq_Frame0147_ForcepTipToForcep-SequenceTransform =0.699526 5.55112e-17 -0.714607 -93.8638 -0.573602 0.596408 -0.561496 -77.4251 0.426198 0.802681 0.417203 64.7054 0 0 0 1 
Seq_Frame0147_ForcepTipToForcep-SequenceTransformStatus = OK
Seq_Frame0147_Timestamp = 23.723
Seq_Frame0148_ForcepTipToForcep-SequenceTransform =0.699526 5.55112e-17 -0.714607 -93.8638 -0.573602 0.596408 -0.561496 -77.4251 0.426198 0.802681 0.417203 64.7054 0 0 0 1 
Seq_Frame0148_ForcepTipToForcep-SequenceTransformStatus = OK
Seq_Frame0148_Timestamp = 23.829
