ObjectType = Image
NDims = 3
AnatomicalOrientation = RAI
BinaryData = True
CompressedData = False
DimSize = 0 0 5985
ElementSpacing = 1 1 1
Offset = 0 0 0
TransformMatrix = 1 0 0 0 1 0 0 0 1
ElementType = MET_UCHAR
Kinds = domain domain list
Seq_Frame0000_ForcepToReference-SequenceTransform =0.52798 0.848294 0.0404285 55.6421 -0.821647 0.522276 -0.228309 -86.7555 -0.214788 0.0873247 0.972749 -121.925 0 0 0 1 
Seq_Frame0000_ForcepToReference-SequenceTransformStatus = OK
Seq_Frame0000_Timestamp = 0.00699997
Seq_Frame0001_ForcepToReference-SequenceTransform =0.528733 0.847765 0.0416558 55.6565 -0.820956 0.523244 -0.228577 -86.8267 -0.215576 0.0866587 0.972634 -121.877 0 0 0 1 
Seq_Frame0001_ForcepToReference-SequenceTransformStatus = OK
Seq_Frame0001_Timestamp = 0.109
Seq_Frame0002_ForcepToReference-SequenceTransform =0.527983 0.848292 0.0404353 55.6396 -0.821534 0.522235 -0.228806 -86.7478 -0.215211 0.0875868 0.972632 -121.899 0 0 0 1 
Seq_Frame0002_ForcepToReference-SequenceTransformStatus = OK
Seq_Frame0002_Timestamp = 0.213
Seq_Frame0003_ForcepToReference-SequenceTransform =0.528408 0.84801 0.0407853 55.684 -0.821471 0.522822 -0.22769 -86.8289 -0.214407 0.0868094 0.972879 -121.866 0 0 0 1 
Seq_Frame0003_ForcepToReference-SequenceTransformStatus = OK
Seq_Frame0003_Timestamp = 0.313
Seq_Frame0004_ForcepToReference-SequenceTransform =0.528614 0.847842 0.0416059 55.6619 -0.821118 0.523151 -0.228208 -86.7992 -0.21525 0.0864707 0.972723 -121.909 0 0 0 1 
Seq_Frame0004_ForcepToReference-SequenceTransformStatus = OK
Seq_Frame0004_Timestamp = 0.423
Seq_Frame0005_ForcepToReference-SequenceTransform =0.52915 0.847472 0.0423186 55.6513 -0.820725 0.523837 -0.228047 -86.9317 -0.215432 0.0859394 0.97273 -121.784 0 0 0 1 
Seq_Frame0005_ForcepToReference-SequenceTransformStatus = OK
Seq_Frame0005_Timestamp = 0.524
Seq_Frame0006_ForcepToReference-SequenceTransform =0.528661 0.847844 0.0409684 55.6805 -0.821193 0.523067 -0.228131 -86.8863 -0.214849 0.0869612 0.972768 -121.821 0 0 0 1 
Seq_Frame0006_ForcepToReference-SequenceTransformStatus = OK
Seq_Frame0006_Timestamp = 0.638
Seq_Frame0007_ForcepToReference-SequenceTransform =0.528242 0.848167 0.0396501 55.7582 -0.821688 0.522403 -0.227868 -86.8518 -0.213983 0.0877893 0.972884 -121.847 0 0 0 1 
Seq_Frame0007_ForcepToReference-SequenceTransformStatus = OK
Seq_Frame0007_Timestamp = 0.749
Seq_Frame0008_ForcepToReference-SequenceTransform =0.528003 0.848251 0.0410333 55.6035 -0.821209 0.522289 -0.22985 -86.677 -0.216402 0.0876646 0.972361 -121.976 0 0 0 1 
Seq_Frame0008_ForcepToReference-SequenceTransformStatus = OK
Seq_Frame0008_Timestamp = 0.856
Seq_Frame0009_ForcepToReference-SequenceTransform =0.527884 0.848347 0.0405595 55.617 -0.821478 0.522126 -0.229256 -86.7373 -0.215666 0.0877017 0.972521 -121.927 0 0 0 1 
Seq_Frame0009_ForcepToReference-SequenceTransformStatus = OK
Seq_Frame0009_Timestamp = 0.963
Seq_Frame0010_ForcepToReference-SequenceTransform =0.528565 0.847863 0.0417895 55.6372 -0.821036 0.523108 -0.228601 -86.7938 -0.215683 0.0865197 0.972623 -121.893 0 0 0 1 
Seq_Frame0010_ForcepToReference-SequenceTransformStatus = OK
Seq_Frame0010_Timestamp = 1.063
Seq_Frame0011_ForcepToReference-SequenceTransform =0.528841 0.847671 0.042211 55.6266 -0.820709 0.523426 -0.229047 -86.7791 -0.21625 0.0864864 0.9725 -121.852 0 0 0 1 
Seq_Frame0011_ForcepToReference-SequenceTransformStatus = OK
Seq_Frame0011_Timestamp = 1.164
Seq_Frame0012_ForcepToReference-SequenceTransform =0.528514 0.847897 0.0417538 55.5849 -0.821163 0.523087 -0.228189 -86.8372 -0.215322 0.0863145 0.972721 -121.819 0 0 0 1 
Seq_Frame0012_ForcepToReference-SequenceTransformStatus = OK
Seq_Frame0012_Timestamp = 1.273
Seq_Frame0013_ForcepToReference-SequenceTransform =0.528832 0.847677 0.0422035 55.5905 -0.821071 0.523557 -0.227443 -86.895 -0.214894 0.085627 0.972876 -121.809 0 0 0 1 
Seq_Frame0013_ForcepToReference-SequenceTransformStatus = OK
Seq_Frame0013_Timestamp = 1.384
Seq_Frame0014_ForcepToReference-SequenceTransform =0.528428 0.847953 0.0417008 55.6071 -0.821079 0.522935 -0.22884 -86.8065 -0.215852 0.0866857 0.972571 -121.872 0 0 0 1 
Seq_Frame0014_ForcepToReference-SequenceTransformStatus = OK
Seq_Frame0014_Timestamp = 1.488
Seq_Frame0015_ForcepToReference-SequenceTransform =0.528431 0.847977 0.0411868 55.642 -0.821163 0.522833 -0.22877 -86.7812 -0.215526 0.0870682 0.972609 -121.899 0 0 0 1 
Seq_Frame0015_ForcepToReference-SequenceTransformStatus = OK
Seq_Frame0015_Timestamp = 1.589
Seq_Frame0016_ForcepToReference-SequenceTransform =0.52865 0.847807 0.0418706 55.6188 -0.821035 0.523232 -0.228321 -86.7967 -0.215481 0.0863247 0.972685 -121.885 0 0 0 1 
Seq_Frame0016_ForcepToReference-SequenceTransformStatus = OK
Seq_Frame0016_Timestamp = 1.694
Seq_Frame0017_ForcepToReference-SequenceTransform =0.528582 0.847846 0.0419333 55.6034 -0.820948 0.523132 -0.228861 -86.7677 -0.215976 0.0865469 0.972555 -121.862 0 0 0 1 
Seq_Frame0017_ForcepToReference-SequenceTransformStatus = OK
Seq_Frame0017_Timestamp = 1.799
Seq_Frame0018_ForcepToReference-SequenceTransform =0.528867 0.847658 0.0421364 55.6227 -0.82098 0.523545 -0.227799 -86.8857 -0.215156 0.0858824 0.972796 -121.746 0 0 0 1 
Seq_Frame0018_ForcepToReference-SequenceTransformStatus = OK
Seq_Frame0018_Timestamp = 1.903
Seq_Frame0019_ForcepToReference-SequenceTransform =0.528951 0.847666 0.0408939 55.7657 -0.821195 0.523401 -0.227356 -87.0209 -0.214126 0.0866785 0.972953 -121.735 0 0 0 1 
Seq_Frame0019_ForcepToReference-SequenceTransformStatus = OK
Seq_Frame0019_Timestamp = 2.004
Seq_Frame0020_ForcepToReference-SequenceTransform =0.527081 0.849003 0.0371462 55.6533 -0.823876 0.521221 -0.222615 -86.7285 -0.208362 0.0867321 0.974199 -122.036 0 0 0 1 
Seq_Frame0020_ForcepToReference-SequenceTransformStatus = OK
Seq_Frame0020_Timestamp = 2.113
Seq_Frame0021_ForcepToReference-SequenceTransform =0.526688 0.849259 0.0368703 55.6477 -0.822506 0.52009 -0.230197 -86.7871 -0.214673 0.090916 0.972445 -121.994 0 0 0 1 
Seq_Frame0021_ForcepToReference-SequenceTransformStatus = OK
Seq_Frame0021_Timestamp = 2.214
Seq_Frame0022_ForcepToReference-SequenceTransform =0.528118 0.848218 0.0402087 55.6465 -0.821383 0.522278 -0.22925 -86.8207 -0.215455 0.0880446 0.972537 -121.869 0 0 0 1 
Seq_Frame0022_ForcepToReference-SequenceTransformStatus = OK
Seq_Frame0022_Timestamp = 2.315
Seq_Frame0023_ForcepToReference-SequenceTransform =0.52844 0.847951 0.0415983 55.6359 -0.821204 0.522971 -0.228308 -86.7893 -0.215348 0.0864861 0.9727 -121.88 0 0 0 1 
Seq_Frame0023_ForcepToReference-SequenceTransformStatus = OK
Seq_Frame0023_Timestamp = 2.423
Seq_Frame0024_ForcepToReference-SequenceTransform =0.529035 0.847545 0.0423131 55.6486 -0.820801 0.523726 -0.228029 -86.8285 -0.215425 0.0859048 0.972734 -121.882 0 0 0 1 
Seq_Frame0024_ForcepToReference-SequenceTransformStatus = OK
Seq_Frame0024_Timestamp = 2.523
Seq_Frame0025_ForcepToReference-SequenceTransform =0.527284 0.848809 0.038659 55.7516 -0.821529 0.520897 -0.231854 -86.4756 -0.216937 0.0904936 0.971982 -122.206 0 0 0 1 
Seq_Frame0025_ForcepToReference-SequenceTransformStatus = OK
Seq_Frame0025_Timestamp = 2.629
Seq_Frame0026_ForcepToReference-SequenceTransform =0.528659 0.84804 0.0367238 56.085 -0.822954 0.522662 -0.222643 -87.3605 -0.208005 0.0874803 0.974208 -121.789 0 0 0 1 
Seq_Frame0026_ForcepToReference-SequenceTransformStatus = OK
Seq_Frame0026_Timestamp = 2.731
Seq_Frame0027_ForcepToReference-SequenceTransform =-0.055069 0.83279 -0.550843 33.7815 -0.176074 -0.551134 -0.815628 97.0767 -0.982835 0.0520735 0.176983 -170.133 0 0 0 1 
Seq_Frame0027_ForcepToReference-SequenceTransformStatus = OK
Seq_Frame0027_Timestamp = 3.643
Seq_Frame0028_ForcepToReference-SequenceTransform =0.238021 0.970124 -0.0469558 30.3503 -0.878083 0.194273 -0.437296 138.283 -0.415109 0.145317 0.898091 -116.849 0 0 0 1 
Seq_Frame0028_ForcepToReference-SequenceTransformStatus = OK
Seq_Frame0028_Timestamp = 3.744
Seq_Frame0029_ForcepToReference-SequenceTransform =0.651969 0.689307 0.315898 29.0427 -0.754383 0.631674 0.178592 171.463 -0.07644 -0.354744 0.931833 -59.8944 0 0 0 1 
Seq_Frame0029_ForcepToReference-SequenceTransformStatus = OK
Seq_Frame0029_Timestamp = 3.848
Seq_Frame0030_ForcepToReference-SequenceTransform =0.587398 0.756622 0.287207 41.1165 -0.759932 0.637716 -0.125787 209.791 -0.27833 -0.14437 0.949573 -3.34122 0 0 0 1 
Seq_Frame0030_ForcepToReference-SequenceTransformStatus = OK
Seq_Frame0030_Timestamp = 3.959
Seq_Frame0031_ForcepToReference-SequenceTransform =0.370852 0.615135 0.695757 18.2026 -0.772621 0.620047 -0.136377 223.817 -0.515292 -0.48698 0.705212 18.125 0 0 0 1 
Seq_Frame0031_ForcepToReference-SequenceTransformStatus = OK
Seq_Frame0031_Timestamp = 4.059
Seq_Frame0032_ForcepToReference-SequenceTransform =0.0897024 0.716018 0.692295 9.18846 -0.717245 0.528714 -0.453896 232.429 -0.691023 -0.455829 0.560987 41.1659 0 0 0 1 
Seq_Frame0032_ForcepToReference-SequenceTransformStatus = OK
Seq_Frame0032_Timestamp = 4.164
Seq_Frame0033_ForcepToReference-SequenceTransform =0.14732 -0.675156 -0.722815 7.77229 0.831966 -0.310633 0.459718 250.79 -0.534911 -0.669082 0.515945 86.5515 0 0 0 1 
Seq_Frame0033_ForcepToReference-SequenceTransformStatus = OK
Seq_Frame0033_Timestamp = 4.269
Seq_Frame0034_ForcepToReference-SequenceTransform =0.0271094 -0.728768 -0.684224 5.4312 0.868929 -0.321209 0.376547 249.721 -0.494195 -0.60475 0.624539 110.124 0 0 0 1 
Seq_Frame0034_ForcepToReference-SequenceTransformStatus = OK
Seq_Frame0034_Timestamp = 4.372
Seq_Frame0035_ForcepToReference-SequenceTransform =-0.0436609 -0.717446 -0.695244 5.10755 0.893006 -0.340036 0.294815 247.302 -0.447922 -0.607985 0.65553 123.037 0 0 0 1 
Seq_Frame0035_ForcepToReference-SequenceTransformStatus = OK
Seq_Frame0035_Timestamp = 4.474
Seq_Frame0036_ForcepToReference-SequenceTransform =-0.0112876 -0.82923 -0.558793 -2.24981 0.840316 -0.310759 0.444182 235.693 -0.541979 -0.464549 0.700324 138.401 0 0 0 1 
Seq_Frame0036_ForcepToReference-SequenceTransformStatus = OK
Seq_Frame0036_Timestamp = 4.589
Seq_Frame0037_ForcepToReference-SequenceTransform =-0.0195404 -0.830674 -0.556416 -0.912571 0.860078 -0.297729 0.414275 239.46 -0.509788 -0.470466 0.720262 145.296 0 0 0 1 
Seq_Frame0037_ForcepToReference-SequenceTransformStatus = OK
Seq_Frame0037_Timestamp = 4.699
Seq_Frame0038_ForcepToReference-SequenceTransform =-0.122474 -0.815935 -0.565022 -5.28421 0.935846 -0.284494 0.207977 247.537 -0.330442 -0.503302 0.798433 155.785 0 0 0 1 
Seq_Frame0038_ForcepToReference-SequenceTransformStatus = OK
Seq_Frame0038_Timestamp = 4.799
Seq_Frame0039_ForcepToReference-SequenceTransform =-0.22401 -0.822061 -0.523483 -10.1186 0.931233 -0.338968 0.133809 246.581 -0.287444 -0.45751 0.841463 162.336 0 0 0 1 
Seq_Frame0039_ForcepToReference-SequenceTransformStatus = OK
Seq_Frame0039_Timestamp = 4.909
Seq_Frame0040_ForcepToReference-SequenceTransform =-0.300322 -0.792645 -0.530585 -11.7902 0.919475 -0.388542 0.0600037 245.335 -0.253716 -0.469839 0.845505 164.027 0 0 0 1 
Seq_Frame0040_ForcepToReference-SequenceTransformStatus = OK
Seq_Frame0040_Timestamp = 5.013
Seq_Frame0041_ForcepToReference-SequenceTransform =-0.376117 -0.728097 -0.573072 -9.30873 0.919815 -0.367954 -0.1362 247.709 -0.111697 -0.578347 0.808108 170.373 0 0 0 1 
Seq_Frame0041_ForcepToReference-SequenceTransformStatus = OK
Seq_Frame0041_Timestamp = 5.115
Seq_Frame0042_ForcepToReference-SequenceTransform =-0.294679 -0.742113 -0.602024 -4.63561 0.920489 -0.389635 0.0297406 243.821 -0.25664 -0.545392 0.797924 165.664 0 0 0 1 
Seq_Frame0042_ForcepToReference-SequenceTransformStatus = OK
Seq_Frame0042_Timestamp = 5.224
Seq_Frame0043_ForcepToReference-SequenceTransform =-0.294865 -0.736137 -0.609227 -2.93435 0.914389 -0.402466 0.0437422 243.142 -0.277394 -0.544173 0.791789 166.419 0 0 0 1 
Seq_Frame0043_ForcepToReference-SequenceTransformStatus = OK
Seq_Frame0043_Timestamp = 5.329
Seq_Frame0044_ForcepToReference-SequenceTransform =-0.319496 -0.716409 -0.620226 -1.32942 0.91383 -0.406094 -0.00166938 244.21 -0.250674 -0.567315 0.784421 170.469 0 0 0 1 
Seq_Frame0044_ForcepToReference-SequenceTransformStatus = OK
Seq_Frame0044_Timestamp = 5.431
Seq_Frame0045_ForcepToReference-SequenceTransform =-0.338583 -0.692669 -0.636844 -0.104641 0.912875 -0.405875 -0.043883 244.405 -0.228083 -0.596217 0.769742 172.093 0 0 0 1 
Seq_Frame0045_ForcepToReference-SequenceTransformStatus = OK
Seq_Frame0045_Timestamp = 5.539
Seq_Frame0046_ForcepToReference-SequenceTransform =-0.357086 -0.683553 -0.636588 0.302952 0.905582 -0.42038 -0.0565816 243.772 -0.228933 -0.596688 0.769125 173.762 0 0 0 1 
Seq_Frame0046_ForcepToReference-SequenceTransformStatus = OK
Seq_Frame0046_Timestamp = 5.64
Seq_Frame0047_ForcepToReference-SequenceTransform =-0.346346 -0.673383 -0.653146 1.37297 0.906951 -0.418296 -0.0496767 244.124 -0.239757 -0.609577 0.755601 175.328 0 0 0 1 
Seq_Frame0047_ForcepToReference-SequenceTransformStatus = OK
Seq_Frame0047_Timestamp = 5.748
Seq_Frame0048_ForcepToReference-SequenceTransform =-0.347778 -0.670094 -0.655762 2.16452 0.917029 -0.388739 -0.089104 244.882 -0.195212 -0.632342 0.749691 177.485 0 0 0 1 
Seq_Frame0048_ForcepToReference-SequenceTransformStatus = OK
Seq_Frame0048_Timestamp = 5.849
Seq_Frame0049_ForcepToReference-SequenceTransform =-0.358285 -0.658788 -0.661536 2.07797 0.914685 -0.389649 -0.107359 246.112 -0.18704 -0.643562 0.742189 179.184 0 0 0 1 
Seq_Frame0049_ForcepToReference-SequenceTransformStatus = OK
Seq_Frame0049_Timestamp = 5.95
Seq_Frame0050_ForcepToReference-SequenceTransform =-0.355864 -0.657415 -0.664203 1.78355 0.917952 -0.3792 -0.116492 247.728 -0.175282 -0.651162 0.73842 180.561 0 0 0 1 
Seq_Frame0050_ForcepToReference-SequenceTransformStatus = OK
Seq_Frame0050_Timestamp = 6.059
Seq_Frame0051_ForcepToReference-SequenceTransform =-0.347268 -0.652369 -0.673662 1.80059 0.920993 -0.372519 -0.114021 249.591 -0.176568 -0.660034 0.730191 181.099 0 0 0 1 
Seq_Frame0051_ForcepToReference-SequenceTransformStatus = OK
Seq_Frame0051_Timestamp = 6.163
Seq_Frame0052_ForcepToReference-SequenceTransform =-0.355125 -0.645121 -0.676539 1.15428 0.91967 -0.370859 -0.129111 250.348 -0.167608 -0.668043 0.725 181.712 0 0 0 1 
Seq_Frame0052_ForcepToReference-SequenceTransformStatus = OK
Seq_Frame0052_Timestamp = 6.264
Seq_Frame0053_ForcepToReference-SequenceTransform =-0.354212 -0.642457 -0.679546 0.699579 0.920123 -0.369238 -0.130527 250.345 -0.167056 -0.6715 0.721928 179.962 0 0 0 1 
Seq_Frame0053_ForcepToReference-SequenceTransformStatus = OK
Seq_Frame0053_Timestamp = 6.372
Seq_Frame0054_ForcepToReference-SequenceTransform =-0.333682 -0.648827 -0.683871 0.420636 0.923238 -0.371522 -0.097993 249.11 -0.190493 -0.664075 0.722992 174.208 0 0 0 1 
Seq_Frame0054_ForcepToReference-SequenceTransformStatus = OK
Seq_Frame0054_Timestamp = 6.474
Seq_Frame0055_ForcepToReference-SequenceTransform =-0.297579 -0.632842 -0.714813 1.5926 0.934063 -0.347818 -0.0809212 248.158 -0.197415 -0.691761 0.694618 174.724 0 0 0 1 
Seq_Frame0055_ForcepToReference-SequenceTransformStatus = OK
Seq_Frame0055_Timestamp = 6.578
Seq_Frame0056_ForcepToReference-SequenceTransform =-0.395365 -0.600142 -0.695353 -3.66632 0.910965 -0.353117 -0.213192 252.646 -0.117595 -0.717731 0.686318 177.84 0 0 0 1 
Seq_Frame0056_ForcepToReference-SequenceTransformStatus = OK
Seq_Frame0056_Timestamp = 6.679
Seq_Frame0057_ForcepToReference-SequenceTransform =-0.422078 -0.605678 -0.67454 -3.36685 0.896859 -0.387536 -0.213215 252.154 -0.132269 -0.69496 0.706778 177.354 0 0 0 1 
Seq_Frame0057_ForcepToReference-SequenceTransformStatus = OK
Seq_Frame0057_Timestamp = 6.779
Seq_Frame0058_ForcepToReference-SequenceTransform =-0.279177 -0.731328 -0.62227 3.31767 0.909046 -0.410056 0.0740846 247.272 -0.309346 -0.54499 0.779289 162.045 0 0 0 1 
Seq_Frame0058_ForcepToReference-SequenceTransformStatus = OK
Seq_Frame0058_Timestamp = 6.881
Seq_Frame0059_ForcepToReference-SequenceTransform =-0.159891 -0.787933 -0.59464 13.273 0.927823 -0.325617 0.181982 246.272 -0.337014 -0.522624 0.783125 154.067 0 0 0 1 
Seq_Frame0059_ForcepToReference-SequenceTransformStatus = OK
Seq_Frame0059_Timestamp = 6.993
Seq_Frame0060_ForcepToReference-SequenceTransform =-0.379969 -0.591167 -0.711438 7.33424 0.915894 -0.348095 -0.199918 254.628 -0.129463 -0.727565 0.673712 172.474 0 0 0 1 
Seq_Frame0060_ForcepToReference-SequenceTransformStatus = OK
Seq_Frame0060_Timestamp = 7.094
Seq_Frame0061_ForcepToReference-SequenceTransform =-0.482016 -0.481852 -0.731764 2.73314 0.874938 -0.308864 -0.372944 255.468 -0.0463119 -0.820013 0.570468 181.291 0 0 0 1 
Seq_Frame0061_ForcepToReference-SequenceTransformStatus = OK
Seq_Frame0061_Timestamp = 7.198
Seq_Frame0062_ForcepToReference-SequenceTransform =-0.419169 -0.486658 -0.76646 6.38772 0.896501 -0.355263 -0.264716 251.399 -0.143469 -0.798093 0.585205 176.464 0 0 0 1 
Seq_Frame0062_ForcepToReference-SequenceTransformStatus = OK
Seq_Frame0062_Timestamp = 7.309
Seq_Frame0063_ForcepToReference-SequenceTransform =-0.40319 -0.493966 -0.770347 8.16208 0.901428 -0.359435 -0.241318 250.518 -0.157687 -0.791709 0.590196 174.888 0 0 0 1 
Seq_Frame0063_ForcepToReference-SequenceTransformStatus = OK
Seq_Frame0063_Timestamp = 7.422
Seq_Frame0064_ForcepToReference-SequenceTransform =-0.287265 -0.546161 -0.786884 13.764 0.932639 -0.346731 -0.0998153 248.374 -0.218322 -0.762552 0.608974 168.937 0 0 0 1 
Seq_Frame0064_ForcepToReference-SequenceTransformStatus = OK
Seq_Frame0064_Timestamp = 7.526
Seq_Frame0065_ForcepToReference-SequenceTransform =-0.168086 -0.563656 -0.808727 17.4502 0.943242 -0.330342 0.0341933 242.215 -0.286429 -0.757078 0.587189 160.006 0 0 0 1 
Seq_Frame0065_ForcepToReference-SequenceTransformStatus = OK
Seq_Frame0065_Timestamp = 7.639
Seq_Frame0066_ForcepToReference-SequenceTransform =-0.102092 -0.520773 -0.847569 19.6812 0.962115 -0.26822 0.048913 241.49 -0.252808 -0.810465 0.528426 153.479 0 0 0 1 
Seq_Frame0066_ForcepToReference-SequenceTransformStatus = OK
Seq_Frame0066_Timestamp = 7.748
Seq_Frame0067_ForcepToReference-SequenceTransform =-0.124926 -0.561376 -0.818077 17.052 0.978721 -0.205007 -0.0087787 246.671 -0.162784 -0.801766 0.575041 135.135 0 0 0 1 
Seq_Frame0067_ForcepToReference-SequenceTransformStatus = OK
Seq_Frame0067_Timestamp = 7.855
Seq_Frame0068_ForcepToReference-SequenceTransform =-0.127004 -0.663631 -0.7372 15.5851 0.962762 -0.261303 0.0693622 257.502 -0.238663 -0.700939 0.672105 114.703 0 0 0 1 
Seq_Frame0068_ForcepToReference-SequenceTransformStatus = OK
Seq_Frame0068_Timestamp = 7.958
Seq_Frame0069_ForcepToReference-SequenceTransform =-0.193151 -0.602966 -0.774031 15.8393 0.951773 -0.3068 0.00149141 262.325 -0.238372 -0.736414 0.633146 136.928 0 0 0 1 
Seq_Frame0069_ForcepToReference-SequenceTransformStatus = OK
Seq_Frame0069_Timestamp = 8.059
Seq_Frame0070_ForcepToReference-SequenceTransform =-0.258875 -0.566752 -0.782161 13.8331 0.947547 -0.306159 -0.0917711 261.98 -0.187454 -0.764892 0.61628 154.415 0 0 0 1 
Seq_Frame0070_ForcepToReference-SequenceTransformStatus = OK
Seq_Frame0070_Timestamp = 8.163
Seq_Frame0071_ForcepToReference-SequenceTransform =-0.233627 -0.585132 -0.776555 14.5366 0.953048 -0.296054 -0.0636498 260.907 -0.192658 -0.754965 0.626826 160.088 0 0 0 1 
Seq_Frame0071_ForcepToReference-SequenceTransformStatus = OK
Seq_Frame0071_Timestamp = 8.265
Seq_Frame0072_ForcepToReference-SequenceTransform =-0.238605 -0.567906 -0.78775 13.9242 0.958172 -0.26968 -0.0958072 259.479 -0.158031 -0.77766 0.608499 168.974 0 0 0 1 
Seq_Frame0072_ForcepToReference-SequenceTransformStatus = OK
Seq_Frame0072_Timestamp = 8.374
Seq_Frame0073_ForcepToReference-SequenceTransform =-0.223979 -0.574438 -0.787309 15.005 0.963387 -0.252653 -0.0897297 257.786 -0.147372 -0.778581 0.609995 171.767 0 0 0 1 
Seq_Frame0073_ForcepToReference-SequenceTransformStatus = OK
Seq_Frame0073_Timestamp = 8.474
Seq_Frame0074_ForcepToReference-SequenceTransform =-0.231457 -0.575362 -0.784466 14.3637 0.96375 -0.245615 -0.104211 258.278 -0.132717 -0.780149 0.611354 174.123 0 0 0 1 
Seq_Frame0074_ForcepToReference-SequenceTransformStatus = OK
Seq_Frame0074_Timestamp = 8.581
Seq_Frame0075_ForcepToReference-SequenceTransform =-0.24228 -0.583849 -0.774868 13.7376 0.965522 -0.22348 -0.133504 259.718 -0.0952212 -0.780498 0.617864 175.491 0 0 0 1 
Seq_Frame0075_ForcepToReference-SequenceTransformStatus = OK
Seq_Frame0075_Timestamp = 8.684
Seq_Frame0076_ForcepToReference-SequenceTransform =-0.247231 -0.573583 -0.780948 13.8719 0.966376 -0.204746 -0.155554 262.995 -0.0706723 -0.793147 0.604916 179.039 0 0 0 1 
Seq_Frame0076_ForcepToReference-SequenceTransformStatus = OK
Seq_Frame0076_Timestamp = 8.788
Seq_Frame0077_ForcepToReference-SequenceTransform =-0.264867 -0.557573 -0.786739 16.4319 0.964066 -0.170491 -0.203737 265.932 -0.0205339 -0.812432 0.582694 180.377 0 0 0 1 
Seq_Frame0077_ForcepToReference-SequenceTransformStatus = OK
Seq_Frame0077_Timestamp = 8.889
Seq_Frame0078_ForcepToReference-SequenceTransform =-0.22828 -0.54444 -0.807139 21.1682 0.972768 -0.161719 -0.16604 264.593 -0.040131 -0.823063 0.566531 179.035 0 0 0 1 
Seq_Frame0078_ForcepToReference-SequenceTransformStatus = OK
Seq_Frame0078_Timestamp = 8.999
Seq_Frame0079_ForcepToReference-SequenceTransform =-0.190698 -0.550108 -0.813028 23.821 0.977572 -0.18183 -0.106262 260.742 -0.089377 -0.815057 0.572445 175.051 0 0 0 1 
Seq_Frame0079_ForcepToReference-SequenceTransformStatus = OK
Seq_Frame0079_Timestamp = 9.099
Seq_Frame0080_ForcepToReference-SequenceTransform =-0.174877 -0.574691 -0.799468 23.9325 0.979365 -0.185075 -0.0811881 258.468 -0.101303 -0.797168 0.595197 171.7 0 0 0 1 
Seq_Frame0080_ForcepToReference-SequenceTransformStatus = OK
Seq_Frame0080_Timestamp = 9.2
Seq_Frame0081_ForcepToReference-SequenceTransform =-0.151201 -0.568582 -0.808612 24.3864 0.972539 -0.231986 -0.0187312 254.215 -0.176936 -0.789238 0.588045 161.596 0 0 0 1 
Seq_Frame0081_ForcepToReference-SequenceTransformStatus = OK
Seq_Frame0081_Timestamp = 9.301
Seq_Frame0082_ForcepToReference-SequenceTransform =-0.133184 -0.616816 -0.775758 24.9427 0.950343 -0.301613 0.0766605 246.1 -0.281264 -0.727026 0.626357 139.634 0 0 0 1 
Seq_Frame0082_ForcepToReference-SequenceTransformStatus = OK
Seq_Frame0082_Timestamp = 9.406
Seq_Frame0083_ForcepToReference-SequenceTransform =-0.118406 -0.62304 -0.773176 25.3922 0.922833 -0.356485 0.145937 237.516 -0.366551 -0.696232 0.617172 117.498 0 0 0 1 
Seq_Frame0083_ForcepToReference-SequenceTransformStatus = OK
Seq_Frame0083_Timestamp = 9.514
Seq_Frame0084_ForcepToReference-SequenceTransform =-0.139582 -0.573865 -0.806967 24.9505 0.943393 -0.32469 0.0677199 246.105 -0.300876 -0.751835 0.586701 115.143 0 0 0 1 
Seq_Frame0084_ForcepToReference-SequenceTransformStatus = OK
Seq_Frame0084_Timestamp = 9.623
Seq_Frame0085_ForcepToReference-SequenceTransform =-0.170531 -0.522232 -0.83558 25.6916 0.973779 -0.218909 -0.0619192 260.827 -0.15058 -0.824229 0.545869 119.691 0 0 0 1 
Seq_Frame0085_ForcepToReference-SequenceTransformStatus = OK
Seq_Frame0085_Timestamp = 9.723
Seq_Frame0086_ForcepToReference-SequenceTransform =-0.222636 -0.579077 -0.784285 26.2775 0.969686 -0.214637 -0.116788 264.976 -0.100707 -0.786512 0.609309 110.631 0 0 0 1 
Seq_Frame0086_ForcepToReference-SequenceTransformStatus = OK
Seq_Frame0086_Timestamp = 9.824
Seq_Frame0087_ForcepToReference-SequenceTransform =-0.138868 -0.602495 -0.785949 36.9508 0.937579 -0.335509 0.0915365 247.31 -0.318843 -0.724178 0.611478 78.5966 0 0 0 1 
Seq_Frame0087_ForcepToReference-SequenceTransformStatus = OK
Seq_Frame0087_Timestamp = 9.929
Seq_Frame0088_ForcepToReference-SequenceTransform =-0.0983231 -0.771074 -0.629109 40.2663 0.838028 -0.405091 0.365528 217.952 -0.536695 -0.491271 0.686011 48.718 0 0 0 1 
Seq_Frame0088_ForcepToReference-SequenceTransformStatus = OK
Seq_Frame0088_Timestamp = 10.033
Seq_Frame0089_ForcepToReference-SequenceTransform =-0.0405031 -0.852214 -0.521623 39.4924 0.683392 -0.404478 0.607761 190.295 -0.728928 -0.331857 0.598779 33.6308 0 0 0 1 
Seq_Frame0089_ForcepToReference-SequenceTransformStatus = OK
Seq_Frame0089_Timestamp = 10.139
Seq_Frame0090_ForcepToReference-SequenceTransform =0.0351689 -0.903427 -0.427297 36.5058 0.546791 -0.340495 0.764907 178.125 -0.83653 -0.260543 0.482011 34.4031 0 0 0 1 
Seq_Frame0090_ForcepToReference-SequenceTransformStatus = OK
Seq_Frame0090_Timestamp = 10.249
Seq_Frame0091_ForcepToReference-SequenceTransform =0.143345 -0.912612 -0.382874 32.8933 0.519068 -0.26006 0.81421 174.272 -0.842628 -0.31545 0.436429 44.2637 0 0 0 1 
Seq_Frame0091_ForcepToReference-SequenceTransformStatus = OK
Seq_Frame0091_Timestamp = 10.354
Seq_Frame0092_ForcepToReference-SequenceTransform =0.156599 -0.914729 -0.372489 28.2906 0.514384 -0.24642 0.821393 172.652 -0.84314 -0.320231 0.431933 48.4371 0 0 0 1 
Seq_Frame0092_ForcepToReference-SequenceTransformStatus = OK
Seq_Frame0092_Timestamp = 10.454
Seq_Frame0093_ForcepToReference-SequenceTransform =0.157201 -0.915593 -0.370104 25.5348 0.454157 -0.26576 0.85036 167.521 -0.876943 -0.301763 0.374045 48.1285 0 0 0 1 
Seq_Frame0093_ForcepToReference-SequenceTransformStatus = OK
Seq_Frame0093_Timestamp = 10.564
Seq_Frame0094_ForcepToReference-SequenceTransform =0.121046 -0.921316 -0.369492 28.555 0.259204 -0.329978 0.907705 152.994 -0.958207 -0.205648 0.198866 52.9247 0 0 0 1 
Seq_Frame0094_ForcepToReference-SequenceTransformStatus = OK
Seq_Frame0094_Timestamp = 10.664
Seq_Frame0095_ForcepToReference-SequenceTransform =0.130438 -0.923653 -0.360348 31.9284 0.27371 -0.315781 0.908496 149.681 -0.952926 -0.217133 0.211624 56.8891 0 0 0 1 
Seq_Frame0095_ForcepToReference-SequenceTransformStatus = OK
Seq_Frame0095_Timestamp = 10.772
Seq_Frame0096_ForcepToReference-SequenceTransform =0.117207 -0.918604 -0.377397 30.219 0.509996 -0.270405 0.816569 171.733 -0.852154 -0.288179 0.436791 52.3732 0 0 0 1 
Seq_Frame0096_ForcepToReference-SequenceTransformStatus = OK
Seq_Frame0096_Timestamp = 10.874
Seq_Frame0097_ForcepToReference-SequenceTransform =0.0768592 -0.831064 -0.55084 31.4407 0.784731 -0.290387 0.547607 206.34 -0.615053 -0.47435 0.629843 68.0081 0 0 0 1 
Seq_Frame0097_ForcepToReference-SequenceTransformStatus = OK
Seq_Frame0097_Timestamp = 10.981
Seq_Frame0098_ForcepToReference-SequenceTransform =0.0133835 -0.693828 -0.720016 33.5611 0.908173 -0.29286 0.299089 227.97 -0.418381 -0.657902 0.626197 91.8825 0 0 0 1 
Seq_Frame0098_ForcepToReference-SequenceTransformStatus = OK
Seq_Frame0098_Timestamp = 11.083
Seq_Frame0099_ForcepToReference-SequenceTransform =0.0133835 -0.693828 -0.720016 33.5611 0.908173 -0.29286 0.299089 227.97 -0.418381 -0.657902 0.626197 91.8825 0 0 0 1 
Seq_Frame0099_ForcepToReference-SequenceTransformStatus = OK
Seq_Frame0099_Timestamp = 11.184
Seq_Frame0100_ForcepToReference-SequenceTransform =-0.949169 -0.314199 -0.0189154 89.4098 -0.261705 0.821124 -0.507213 276.935 0.174898 -0.476481 -0.861613 270.426 0 0 0 1 
Seq_Frame0100_ForcepToReference-SequenceTransformStatus = OK
Seq_Frame0100_Timestamp = 11.289
Seq_Frame0101_ForcepToReference-SequenceTransform =-0.960573 -0.276742 0.0266909 97.6144 -0.254229 0.835435 -0.487253 283.007 0.112545 -0.474828 -0.872853 271.762 0 0 0 1 
Seq_Frame0101_ForcepToReference-SequenceTransformStatus = OK
Seq_Frame0101_Timestamp = 11.738
Seq_Frame0102_ForcepToReference-SequenceTransform =-0.971292 -0.237237 -0.0176235 96.6436 -0.213847 0.903179 -0.372206 281.887 0.104218 -0.357752 -0.927983 267.287 0 0 0 1 
Seq_Frame0102_ForcepToReference-SequenceTransformStatus = OK
Seq_Frame0102_Timestamp = 11.839
Seq_Frame0103_ForcepToReference-SequenceTransform =-0.971292 -0.237237 -0.0176235 96.6436 -0.213847 0.903179 -0.372206 281.887 0.104218 -0.357752 -0.927983 267.287 0 0 0 1 
Seq_Frame0103_ForcepToReference-SequenceTransformStatus = OK
Seq_Frame0103_Timestamp = 11.947
Seq_Frame0104_ForcepToReference-SequenceTransform =-0.965466 -0.260477 -0.00529204 96.0825 -0.23097 0.865143 -0.445175 283.33 0.120536 -0.428578 -0.895428 269.89 0 0 0 1 
Seq_Frame0104_ForcepToReference-SequenceTransformStatus = OK
Seq_Frame0104_Timestamp = 12.048
Seq_Frame0105_ForcepToReference-SequenceTransform =-0.955205 -0.295938 0.00195112 97.2316 -0.26643 0.857055 -0.440991 291.803 0.128834 -0.421756 -0.89751 268.684 0 0 0 1 
Seq_Frame0105_ForcepToReference-SequenceTransformStatus = OK
Seq_Frame0105_Timestamp = 12.383
Seq_Frame0106_ForcepToReference-SequenceTransform =-0.0814871 0.290403 0.953428 30.2466 0.0535927 0.956502 -0.286759 253.326 -0.995232 0.0277296 -0.0935061 164.109 0 0 0 1 
Seq_Frame0106_ForcepToReference-SequenceTransformStatus = OK
Seq_Frame0106_Timestamp = 12.489
Seq_Frame0107_ForcepToReference-SequenceTransform =-0.0827927 0.3256 0.941876 31.5528 0.00658966 0.945279 -0.326197 250.414 -0.996545 -0.0208001 -0.0804078 159.459 0 0 0 1 
Seq_Frame0107_ForcepToReference-SequenceTransformStatus = OK
Seq_Frame0107_Timestamp = 12.599
Seq_Frame0108_ForcepToReference-SequenceTransform =-0.141162 0.345955 0.927571 32.217 -0.0370176 0.934454 -0.354156 246.882 -0.989294 -0.0843296 -0.119102 154.011 0 0 0 1 
Seq_Frame0108_ForcepToReference-SequenceTransformStatus = OK
Seq_Frame0108_Timestamp = 12.704
Seq_Frame0109_ForcepToReference-SequenceTransform =-0.0708431 0.371236 0.925832 34.054 -0.112167 0.919313 -0.377204 242.882 -0.991161 -0.13057 -0.0234867 145.86 0 0 0 1 
Seq_Frame0109_ForcepToReference-SequenceTransformStatus = OK
Seq_Frame0109_Timestamp = 12.813
Seq_Frame0110_ForcepToReference-SequenceTransform =-0.114314 0.406118 0.906642 36.8025 -0.203268 0.883756 -0.421495 235.969 -0.972427 -0.232474 -0.018475 133.948 0 0 0 1 
Seq_Frame0110_ForcepToReference-SequenceTransformStatus = OK
Seq_Frame0110_Timestamp = 12.914
Seq_Frame0111_ForcepToReference-SequenceTransform =-0.164532 -0.692533 -0.702373 38.2077 0.935308 -0.335682 0.111881 225.893 -0.313255 -0.638527 0.702962 115.898 0 0 0 1 
Seq_Frame0111_ForcepToReference-SequenceTransformStatus = OK
Seq_Frame0111_Timestamp = 13.023
Seq_Frame0112_ForcepToReference-SequenceTransform =-0.139883 -0.755436 -0.640116 38.6399 0.83028 -0.441728 0.339869 207.607 -0.539507 -0.483934 0.689014 93.8398 0 0 0 1 
Seq_Frame0112_ForcepToReference-SequenceTransformStatus = OK
Seq_Frame0112_Timestamp = 13.124
Seq_Frame0113_ForcepToReference-SequenceTransform =-0.115113 -0.769774 -0.627851 38.498 0.639457 -0.541101 0.546174 186.398 -0.760161 -0.338612 0.554525 77.55 0 0 0 1 
Seq_Frame0113_ForcepToReference-SequenceTransformStatus = OK
Seq_Frame0113_Timestamp = 13.229
Seq_Frame0114_ForcepToReference-SequenceTransform =-0.124315 -0.796266 -0.592035 36.7272 0.48689 -0.568844 0.662838 171.499 -0.864571 -0.205855 0.45841 71.8169 0 0 0 1 
Seq_Frame0114_ForcepToReference-SequenceTransformStatus = OK
Seq_Frame0114_Timestamp = 13.329
Seq_Frame0115_ForcepToReference-SequenceTransform =-0.384179 0.394866 0.834558 32.5736 -0.849869 0.201932 -0.486771 163.952 -0.360733 -0.896272 0.258006 70.2759 0 0 0 1 
Seq_Frame0115_ForcepToReference-SequenceTransformStatus = OK
Seq_Frame0115_Timestamp = 13.43
Seq_Frame0116_ForcepToReference-SequenceTransform =-0.384179 0.394866 0.834558 32.5736 -0.849869 0.201932 -0.486771 163.952 -0.360733 -0.896272 0.258006 70.2759 0 0 0 1 
Seq_Frame0116_ForcepToReference-SequenceTransformStatus = OK
Seq_Frame0116_Timestamp = 13.531
Seq_Frame0117_ForcepToReference-SequenceTransform =-0.384179 0.394866 0.834558 32.5736 -0.849869 0.201932 -0.486771 163.952 -0.360733 -0.896272 0.258006 70.2759 0 0 0 1 
Seq_Frame0117_ForcepToReference-SequenceTransformStatus = OK
Seq_Frame0117_Timestamp = 13.634
Seq_Frame0118_ForcepToReference-SequenceTransform =-0.384179 0.394866 0.834558 32.5736 -0.849869 0.201932 -0.486771 163.952 -0.360733 -0.896272 0.258006 70.2759 0 0 0 1 
Seq_Frame0118_ForcepToReference-SequenceTransformStatus = OK
Seq_Frame0118_Timestamp = 13.747
Seq_Frame0119_ForcepToReference-SequenceTransform =-0.384179 0.394866 0.834558 32.5736 -0.849869 0.201932 -0.486771 163.952 -0.360733 -0.896272 0.258006 70.2759 0 0 0 1 
Seq_Frame0119_ForcepToReference-SequenceTransformStatus = OK
Seq_Frame0119_Timestamp = 13.848
Seq_Frame0120_ForcepToReference-SequenceTransform =-0.396163 -0.908882 -0.13034 -1.06044 0.814272 -0.413368 0.407538 238.557 -0.424282 0.0553195 0.903839 86.1678 0 0 0 1 
Seq_Frame0120_ForcepToReference-SequenceTransformStatus = OK
Seq_Frame0120_Timestamp = 14.098
Seq_Frame0121_ForcepToReference-SequenceTransform =-0.396163 -0.908882 -0.13034 -1.06044 0.814272 -0.413368 0.407538 238.557 -0.424282 0.0553195 0.903839 86.1678 0 0 0 1 
Seq_Frame0121_ForcepToReference-SequenceTransformStatus = OK
Seq_Frame0121_Timestamp = 14.199
Seq_Frame0122_ForcepToReference-SequenceTransform =-0.396163 -0.908882 -0.13034 -1.06044 0.814272 -0.413368 0.407538 238.557 -0.424282 0.0553195 0.903839 86.1678 0 0 0 1 
Seq_Frame0122_ForcepToReference-SequenceTransformStatus = OK
Seq_Frame0122_Timestamp = 14.304
Seq_Frame0123_ForcepToReference-SequenceTransform =-0.552496 0.0928933 0.828323 -4.68571 -0.485045 0.772343 -0.410143 259.236 -0.677849 -0.628377 -0.381659 105.043 0 0 0 1 
Seq_Frame0123_ForcepToReference-SequenceTransformStatus = OK
Seq_Frame0123_Timestamp = 14.404
Seq_Frame0124_ForcepToReference-SequenceTransform =-0.565309 0.0861114 0.820372 -3.93398 -0.472331 0.78156 -0.407515 260.096 -0.676261 -0.617859 -0.40115 106.37 0 0 0 1 
Seq_Frame0124_ForcepToReference-SequenceTransformStatus = OK
Seq_Frame0124_Timestamp = 14.509
Seq_Frame0125_ForcepToReference-SequenceTransform =-0.454961 0.0646081 0.888165 -5.17596 -0.500733 0.806194 -0.315145 262.429 -0.736394 -0.588113 -0.334436 108.694 0 0 0 1 
Seq_Frame0125_ForcepToReference-SequenceTransformStatus = OK
Seq_Frame0125_Timestamp = 14.613
Seq_Frame0126_ForcepToReference-SequenceTransform =-0.443018 -0.853291 -0.275008 -5.50348 0.869542 -0.48365 0.0998922 263.925 -0.218245 -0.194877 0.956239 111.734 0 0 0 1 
Seq_Frame0126_ForcepToReference-SequenceTransformStatus = OK
Seq_Frame0126_Timestamp = 15.574
Seq_Frame0127_ForcepToReference-SequenceTransform =-0.551068 0.240039 0.799191 -8.27042 -0.345756 0.80597 -0.480485 247.701 -0.759458 -0.541105 -0.361149 96.7487 0 0 0 1 
Seq_Frame0127_ForcepToReference-SequenceTransformStatus = OK
Seq_Frame0127_Timestamp = 15.999
Seq_Frame0128_ForcepToReference-SequenceTransform =-0.416435 0.37119 0.82994 1.4417 -0.352244 0.775689 -0.52367 236.77 -0.838157 -0.510415 -0.192274 97.8728 0 0 0 1 
Seq_Frame0128_ForcepToReference-SequenceTransformStatus = OK
Seq_Frame0128_Timestamp = 16.099
Seq_Frame0129_ForcepToReference-SequenceTransform =-0.301785 0.513533 0.803249 22.0603 -0.414481 0.688071 -0.59562 229.252 -0.858563 -0.512681 0.00520066 103.072 0 0 0 1 
Seq_Frame0129_ForcepToReference-SequenceTransformStatus = OK
Seq_Frame0129_Timestamp = 16.203
Seq_Frame0130_ForcepToReference-SequenceTransform =-0.0202495 0.481466 0.876231 33.2357 -0.274984 0.839928 -0.467873 244.275 -0.961236 -0.250423 0.115387 121.381 0 0 0 1 
Seq_Frame0130_ForcepToReference-SequenceTransformStatus = OK
Seq_Frame0130_Timestamp = 16.304
Seq_Frame0131_ForcepToReference-SequenceTransform =-0.117034 -0.548472 -0.827938 71.2579 0.947616 -0.311152 0.0721731 248.437 -0.297199 -0.77612 0.556156 131.818 0 0 0 1 
Seq_Frame0131_ForcepToReference-SequenceTransformStatus = OK
Seq_Frame0131_Timestamp = 17.214
Seq_Frame0132_ForcepToReference-SequenceTransform =-0.041286 0.479285 0.876688 64.2844 -0.248953 0.844828 -0.473591 245.356 -0.967635 -0.237807 0.0844398 136.243 0 0 0 1 
Seq_Frame0132_ForcepToReference-SequenceTransformStatus = OK
Seq_Frame0132_Timestamp = 17.373
Seq_Frame0133_ForcepToReference-SequenceTransform =0.0525067 0.441889 0.895532 66.5938 -0.184954 0.885557 -0.426123 242.033 -0.981343 -0.143258 0.128227 148.649 0 0 0 1 
Seq_Frame0133_ForcepToReference-SequenceTransformStatus = OK
Seq_Frame0133_Timestamp = 17.693
Seq_Frame0134_ForcepToReference-SequenceTransform =-0.139882 -0.490549 -0.860113 67.8764 0.969793 -0.243186 -0.0190238 245.893 -0.199835 -0.836793 0.509748 152.886 0 0 0 1 
Seq_Frame0134_ForcepToReference-SequenceTransformStatus = OK
Seq_Frame0134_Timestamp = 18.018
Seq_Frame0135_ForcepToReference-SequenceTransform =0.54174 -0.822122 0.175024 45.6985 0.371604 0.04748 -0.927176 241.469 0.753942 0.567328 0.331226 145.802 0 0 0 1 
Seq_Frame0135_ForcepToReference-SequenceTransformStatus = OK
Seq_Frame0135_Timestamp = 19.403
Seq_Frame0136_ForcepToReference-SequenceTransform =-0.430247 0.186556 0.883224 23.4754 -0.303796 0.891418 -0.336276 242.322 -0.850056 -0.413002 -0.326855 130.303 0 0 0 1 
Seq_Frame0136_ForcepToReference-SequenceTransformStatus = OK
Seq_Frame0136_Timestamp = 19.839
Seq_Frame0137_ForcepToReference-SequenceTransform =-0.697842 -0.429467 -0.573214 -10.1816 0.715095 -0.372298 -0.591636 252.116 0.0406817 -0.822771 0.566915 104.831 0 0 0 1 
Seq_Frame0137_ForcepToReference-SequenceTransformStatus = OK
Seq_Frame0137_Timestamp = 22.399
Seq_Frame0138_ForcepToReference-SequenceTransform =-0.211881 0.197756 0.957078 1.72274 -0.292863 0.92146 -0.255231 213.969 -0.932383 -0.334372 -0.137324 90.9435 0 0 0 1 
Seq_Frame0138_ForcepToReference-SequenceTransformStatus = OK
Seq_Frame0138_Timestamp = 22.764
Seq_Frame0139_ForcepToReference-SequenceTransform =-0.197585 0.23095 0.952692 -4.04359 -0.313704 0.905848 -0.284656 209.652 -0.928736 -0.355107 -0.106532 96.0944 0 0 0 1 
Seq_Frame0139_ForcepToReference-SequenceTransformStatus = OK
Seq_Frame0139_Timestamp = 22.873
Seq_Frame0140_ForcepToReference-SequenceTransform =-0.231388 0.230709 0.94511 -9.81023 -0.371209 0.877038 -0.304974 210.421 -0.899257 -0.4214 -0.117295 93.1272 0 0 0 1 
Seq_Frame0140_ForcepToReference-SequenceTransformStatus = OK
Seq_Frame0140_Timestamp = 22.981
Seq_Frame0141_ForcepToReference-SequenceTransform =-0.264297 0.219751 0.939072 -14.5043 -0.354077 0.883592 -0.306421 215.014 -0.897093 -0.41349 -0.155722 90.4419 0 0 0 1 
Seq_Frame0141_ForcepToReference-SequenceTransformStatus = OK
Seq_Frame0141_Timestamp = 23.089
Seq_Frame0142_ForcepToReference-SequenceTransform =-0.25903 0.206138 0.943616 -22.0698 -0.342877 0.893705 -0.289357 221.503 -0.902961 -0.398496 -0.160816 91.7947 0 0 0 1 
Seq_Frame0142_ForcepToReference-SequenceTransformStatus = OK
Seq_Frame0142_Timestamp = 23.198
Seq_Frame0143_ForcepToReference-SequenceTransform =-0.235902 0.220022 0.946541 -28.366 -0.357397 0.886123 -0.29505 221.765 -0.903669 -0.407894 -0.130403 92.796 0 0 0 1 
Seq_Frame0143_ForcepToReference-SequenceTransformStatus = OK
Seq_Frame0143_Timestamp = 23.304
Seq_Frame0144_ForcepToReference-SequenceTransform =-0.263696 0.327487 0.907313 -27.6554 -0.343297 0.847158 -0.405548 216.236 -0.90145 -0.41842 -0.110967 96.1759 0 0 0 1 
Seq_Frame0144_ForcepToReference-SequenceTransformStatus = OK
Seq_Frame0144_Timestamp = 23.408
Seq_Frame0145_ForcepToReference-SequenceTransform =-0.443399 0.603793 0.662444 -23.4666 -0.385525 0.538739 -0.749087 194.906 -0.809177 -0.587533 -0.0060991 93.3517 0 0 0 1 
Seq_Frame0145_ForcepToReference-SequenceTransformStatus = OK
Seq_Frame0145_Timestamp = 23.515
Seq_Frame0146_ForcepToReference-SequenceTransform =-0.478561 0.75648 0.445777 -16.4463 -0.41718 0.250834 -0.873523 173.607 -0.772619 -0.604003 0.195549 89.8536 0 0 0 1 
Seq_Frame0146_ForcepToReference-SequenceTransformStatus = OK
Seq_Frame0146_Timestamp = 23.615
Seq_Frame0147_ForcepToReference-SequenceTransform =-0.47231 0.859949 0.193421 -6.58057 -0.486158 -0.0711124 -0.870973 144.41 -0.735237 -0.505402 0.451658 89.3829 0 0 0 1 
Seq_Frame0147_ForcepToReference-SequenceTransformStatus = OK
Seq_Frame0147_Timestamp = 23.723
Seq_Frame0148_ForcepToReference-SequenceTransform =0.684574 -0.706744 -0.178523 -4.20363 0.332226 0.0845099 0.939406 137.345 -0.648833 -0.702403 0.292652 92.8608 0 0 0 1 
Seq_Frame0148_ForcepToReference-SequenceTransformStatus = OK
Seq_Frame0148_Timestamp = 23.829
Seq_Frame0149_ForcepToReference-SequenceTransform =0.684574 -0.706744 -0.178523 -4.20363 0.332226 0.0845099 0.939406 137.345 -0.648833 -0.702403 0.292652 92.8608 0 0 0 1 
Seq_Frame0149_ForcepToReference-SequenceTransformStatus = OK
Seq_Frame0149_Timestamp = 23.934
