ObjectType = Image
NDims = 3
AnatomicalOrientation = RAI
BinaryData = True
CompressedData = False
DimSize = 0 0 3201
ElementSpacing = 1 1 1
Offset = 0 0 0
TransformMatrix = 1 0 0 0 1 0 0 0 1
ElementType = MET_UCHAR
Kinds = domain domain list
Seq_Frame0000_DriverToReference-SequenceTransform =-0.958631 -0.24938 0.137244 55.5756 -0.0375087 0.588611 0.807546 40.1714 -0.28217 0.76899 -0.573615 67.246 0 0 0 1 
Seq_Frame0000_DriverToReference-SequenceTransformStatus = OK
Seq_Frame0000_Timestamp = 0.00300002
Seq_Frame0001_DriverToReference-SequenceTransform =-0.958512 -0.249558 0.137751 55.5603 -0.0371733 0.588557 0.807601 40.1424 -0.282618 0.768975 -0.573415 67.3115 0 0 0 1 
Seq_Frame0001_DriverToReference-SequenceTransformStatus = OK
Seq_Frame0001_Timestamp = 0.106
Seq_Frame0002_DriverToReference-SequenceTransform =-0.958204 -0.249942 0.139191 55.5204 -0.0359451 0.587863 0.808162 40.0913 -0.283818 0.769381 -0.572277 67.3099 0 0 0 1 
Seq_Frame0002_DriverToReference-SequenceTransformStatus = OK
Seq_Frame0002_Timestamp = 0.21
Seq_Frame0003_DriverToReference-SequenceTransform =-0.95859 -0.248961 0.138288 55.5237 -0.0358107 0.587098 0.808724 40.0678 -0.282529 0.770282 -0.571701 67.2994 0 0 0 1 
Seq_Frame0003_DriverToReference-SequenceTransformStatus = OK
Seq_Frame0003_Timestamp = 0.316
Seq_Frame0004_DriverToReference-SequenceTransform =-0.958347 -0.249672 0.138687 55.5135 -0.0361211 0.587648 0.80831 40.0752 -0.283311 0.769632 -0.572189 67.2859 0 0 0 1 
Seq_Frame0004_DriverToReference-SequenceTransformStatus = OK
Seq_Frame0004_Timestamp = 0.42
Seq_Frame0005_DriverToReference-SequenceTransform =-0.9581 -0.250011 0.139784 55.4803 -0.0351648 0.586987 0.808832 40.1116 -0.284269 0.770026 -0.571184 67.2308 0 0 0 1 
Seq_Frame0005_DriverToReference-SequenceTransformStatus = OK
Seq_Frame0005_Timestamp = 0.531
Seq_Frame0006_DriverToReference-SequenceTransform =-0.958103 -0.250241 0.13935 55.501 -0.0360624 0.588035 0.808031 40.1422 -0.284145 0.769152 -0.572423 67.2355 0 0 0 1 
Seq_Frame0006_DriverToReference-SequenceTransformStatus = OK
Seq_Frame0006_Timestamp = 0.636
Seq_Frame0007_DriverToReference-SequenceTransform =-0.958702 -0.249056 0.137342 55.5206 -0.0369979 0.587998 0.808016 40.1562 -0.281997 0.769565 -0.572929 67.2153 0 0 0 1 
Seq_Frame0007_DriverToReference-SequenceTransformStatus = OK
Seq_Frame0007_Timestamp = 0.743
Seq_Frame0008_DriverToReference-SequenceTransform =-0.958463 -0.249697 0.137844 55.5278 -0.037252 0.588747 0.807459 40.1131 -0.282775 0.768784 -0.573593 67.2684 0 0 0 1 
Seq_Frame0008_DriverToReference-SequenceTransformStatus = OK
Seq_Frame0008_Timestamp = 0.851
Seq_Frame0009_DriverToReference-SequenceTransform =-0.956984 -0.252641 0.142665 55.4935 -0.0345324 0.587398 0.808561 40.1081 -0.288077 0.768854 -0.570855 67.1217 0 0 0 1 
Seq_Frame0009_DriverToReference-SequenceTransformStatus = OK
Seq_Frame0009_Timestamp = 0.96
Seq_Frame0010_DriverToReference-SequenceTransform =-0.958547 -0.249458 0.137687 55.5353 -0.0370468 0.588236 0.80784 40.1268 -0.282515 0.769252 -0.573094 67.2836 0 0 0 1 
Seq_Frame0010_DriverToReference-SequenceTransformStatus = OK
Seq_Frame0010_Timestamp = 1.061
Seq_Frame0011_DriverToReference-SequenceTransform =-0.958847 -0.248854 0.136688 55.5405 -0.0375488 0.588344 0.807739 40.1523 -0.281429 0.769365 -0.573476 67.2757 0 0 0 1 
Seq_Frame0011_DriverToReference-SequenceTransformStatus = OK
Seq_Frame0011_Timestamp = 1.162
Seq_Frame0012_DriverToReference-SequenceTransform =-0.958627 -0.249299 0.137419 55.557 -0.0370503 0.587904 0.808082 40.2042 -0.282243 0.769558 -0.572817 67.2333 0 0 0 1 
Seq_Frame0012_DriverToReference-SequenceTransformStatus = OK
Seq_Frame0012_Timestamp = 1.276
Seq_Frame0013_DriverToReference-SequenceTransform =-0.957075 -0.252873 0.141642 55.5265 -0.0361007 0.588889 0.807408 40.1822 -0.287583 0.767636 -0.572739 67.0569 0 0 0 1 
Seq_Frame0013_DriverToReference-SequenceTransformStatus = OK
Seq_Frame0013_Timestamp = 1.382
Seq_Frame0014_DriverToReference-SequenceTransform =-0.95854 -0.249563 0.13755 55.5754 -0.0372535 0.588304 0.807781 40.102 -0.282513 0.769166 -0.57321 67.3333 0 0 0 1 
Seq_Frame0014_DriverToReference-SequenceTransformStatus = OK
Seq_Frame0014_Timestamp = 1.485
Seq_Frame0015_DriverToReference-SequenceTransform =-0.955249 -0.256433 0.147446 55.5051 -0.033685 0.589525 0.807048 40.1649 -0.293877 0.765965 -0.571781 66.9937 0 0 0 1 
Seq_Frame0015_DriverToReference-SequenceTransformStatus = OK
Seq_Frame0015_Timestamp = 1.586
Seq_Frame0016_DriverToReference-SequenceTransform =-0.953726 -0.259441 0.151979 55.4488 -0.0316178 0.589187 0.807378 40.1575 -0.299011 0.765212 -0.570126 66.9242 0 0 0 1 
Seq_Frame0016_DriverToReference-SequenceTransformStatus = OK
Seq_Frame0016_Timestamp = 1.692
Seq_Frame0017_DriverToReference-SequenceTransform =-0.956599 -0.253413 0.143875 55.5134 -0.033903 0.587154 0.808765 40.0623 -0.289429 0.768786 -0.570262 67.2194 0 0 0 1 
Seq_Frame0017_DriverToReference-SequenceTransformStatus = OK
Seq_Frame0017_Timestamp = 1.792
Seq_Frame0018_DriverToReference-SequenceTransform =-0.958214 -0.249648 0.13965 55.5515 -0.0347338 0.586128 0.809474 40.0275 -0.283936 0.770798 -0.570307 67.3035 0 0 0 1 
Seq_Frame0018_DriverToReference-SequenceTransformStatus = OK
Seq_Frame0018_Timestamp = 1.893
Seq_Frame0019_DriverToReference-SequenceTransform =-0.953936 -0.258948 0.1515 55.4498 -0.0315767 0.588838 0.807634 40.141 -0.298344 0.765647 -0.569891 66.8483 0 0 0 1 
Seq_Frame0019_DriverToReference-SequenceTransformStatus = OK
Seq_Frame0019_Timestamp = 1.994
Seq_Frame0020_DriverToReference-SequenceTransform =-0.958978 -0.248419 0.136563 55.5814 -0.0370327 0.58739 0.808456 40.0373 -0.281052 0.770234 -0.572494 67.3301 0 0 0 1 
Seq_Frame0020_DriverToReference-SequenceTransformStatus = OK
Seq_Frame0020_Timestamp = 2.101
Seq_Frame0021_DriverToReference-SequenceTransform =-0.958257 -0.249986 0.138749 55.5978 -0.0364852 0.588242 0.807862 39.9579 -0.283572 0.769076 -0.572808 67.3709 0 0 0 1 
Seq_Frame0021_DriverToReference-SequenceTransformStatus = OK
Seq_Frame0021_Timestamp = 2.21
Seq_Frame0022_DriverToReference-SequenceTransform =-0.955566 -0.255426 0.147147 55.53 -0.0328451 0.588327 0.807956 40.0377 -0.292943 0.767222 -0.570575 67.0499 0 0 0 1 
Seq_Frame0022_DriverToReference-SequenceTransformStatus = OK
Seq_Frame0022_Timestamp = 2.316
Seq_Frame0023_DriverToReference-SequenceTransform =-0.955161 -0.255605 0.149447 55.5 -0.0303168 0.586512 0.809373 39.8942 -0.294532 0.76855 -0.567962 67.2056 0 0 0 1 
Seq_Frame0023_DriverToReference-SequenceTransformStatus = OK
Seq_Frame0023_Timestamp = 2.417
Seq_Frame0024_DriverToReference-SequenceTransform =-0.958009 -0.249696 0.140966 55.5142 -0.0332355 0.585001 0.810351 39.7848 -0.284807 0.771638 -0.568735 67.4064 0 0 0 1 
Seq_Frame0024_DriverToReference-SequenceTransformStatus = OK
Seq_Frame0024_Timestamp = 2.526
Seq_Frame0025_DriverToReference-SequenceTransform =-0.958026 -0.250102 0.140129 55.4494 -0.0349144 0.586944 0.808874 40.0381 -0.284549 0.77003 -0.57104 67.2737 0 0 0 1 
Seq_Frame0025_DriverToReference-SequenceTransformStatus = OK
Seq_Frame0025_Timestamp = 2.627
Seq_Frame0026_DriverToReference-SequenceTransform =-0.955461 -0.254504 0.149404 55.438 -0.0302399 0.588019 0.808282 40.0723 -0.293564 0.767764 -0.569526 67.065 0 0 0 1 
Seq_Frame0026_DriverToReference-SequenceTransformStatus = OK
Seq_Frame0026_Timestamp = 2.728
Seq_Frame0027_DriverToReference-SequenceTransform =-0.96404 -0.22404 0.142943 56.168 -0.0181371 0.592084 0.805672 39.7117 -0.265137 0.774108 -0.574856 66.5603 0 0 0 1 
Seq_Frame0027_DriverToReference-SequenceTransformStatus = OK
Seq_Frame0027_Timestamp = 2.828
Seq_Frame0028_DriverToReference-SequenceTransform =-0.977827 -0.158499 0.136868 57.3008 0.0167296 0.592361 0.805499 38.5983 -0.208746 0.789928 -0.576575 65.2705 0 0 0 1 
Seq_Frame0028_DriverToReference-SequenceTransformStatus = OK
Seq_Frame0028_Timestamp = 2.931
Seq_Frame0029_DriverToReference-SequenceTransform =-0.962497 -0.235886 0.134008 54.5578 -0.0299793 0.583412 0.811623 35.0078 -0.269632 0.777166 -0.568604 59.3435 0 0 0 1 
Seq_Frame0029_DriverToReference-SequenceTransformStatus = OK
Seq_Frame0029_Timestamp = 3.035
Seq_Frame0030_DriverToReference-SequenceTransform =-0.911778 -0.3838 0.146145 48.7459 -0.102456 0.557183 0.824045 34.2809 -0.397698 0.736372 -0.54735 57.4574 0 0 0 1 
Seq_Frame0030_DriverToReference-SequenceTransformStatus = OK
Seq_Frame0030_Timestamp = 3.141
Seq_Frame0031_DriverToReference-SequenceTransform =-0.914896 -0.379015 0.13897 49.4236 -0.106906 0.559437 0.82195 34.0886 -0.389276 0.737142 -0.552346 57.4044 0 0 0 1 
Seq_Frame0031_DriverToReference-SequenceTransformStatus = OK
Seq_Frame0031_Timestamp = 3.242
Seq_Frame0032_DriverToReference-SequenceTransform =-0.90189 -0.412833 0.127131 48.8612 -0.129924 0.539932 0.831621 35.4958 -0.411963 0.733514 -0.540596 57.8162 0 0 0 1 
Seq_Frame0032_DriverToReference-SequenceTransformStatus = OK
Seq_Frame0032_Timestamp = 3.351
Seq_Frame0033_DriverToReference-SequenceTransform =-0.895217 -0.43152 0.111252 49.6199 -0.16395 0.551067 0.818197 36.834 -0.414375 0.714224 -0.564072 59.285 0 0 0 1 
Seq_Frame0033_DriverToReference-SequenceTransformStatus = OK
Seq_Frame0033_Timestamp = 3.46
Seq_Frame0034_DriverToReference-SequenceTransform =-0.910915 -0.412368 0.0136679 48.8689 -0.260485 0.600466 0.756035 38.4531 -0.319971 0.685123 -0.654389 52.6479 0 0 0 1 
Seq_Frame0034_DriverToReference-SequenceTransformStatus = OK
Seq_Frame0034_Timestamp = 3.561
Seq_Frame0035_DriverToReference-SequenceTransform =-0.677035 -0.334144 -0.655722 41.136 -0.708039 0.538787 0.456497 90.2627 0.200759 0.773341 -0.601365 -0.806629 0 0 0 1 
Seq_Frame0035_DriverToReference-SequenceTransformStatus = OK
Seq_Frame0035_Timestamp = 3.772
Seq_Frame0036_DriverToReference-SequenceTransform =0.0310781 -0.179365 -0.983292 0.870496 -0.95978 0.269276 -0.0794544 160.467 0.279028 0.946213 -0.163782 -45.3085 0 0 0 1 
Seq_Frame0036_DriverToReference-SequenceTransformStatus = OK
Seq_Frame0036_Timestamp = 3.882
Seq_Frame0037_DriverToReference-SequenceTransform =0.0955352 -0.10677 -0.989683 -6.39617 -0.971892 0.204907 -0.115924 167.921 0.21517 0.972941 -0.0841929 -45.9159 0 0 0 1 
Seq_Frame0037_DriverToReference-SequenceTransformStatus = OK
Seq_Frame0037_Timestamp = 3.993
Seq_Frame0038_DriverToReference-SequenceTransform =0.0955352 -0.10677 -0.989683 -6.39617 -0.971892 0.204907 -0.115924 167.921 0.21517 0.972941 -0.0841929 -45.9159 0 0 0 1 
Seq_Frame0038_DriverToReference-SequenceTransformStatus = OK
Seq_Frame0038_Timestamp = 4.101
Seq_Frame0039_DriverToReference-SequenceTransform =0.0955352 -0.10677 -0.989683 -6.39617 -0.971892 0.204907 -0.115924 167.921 0.21517 0.972941 -0.0841929 -45.9159 0 0 0 1 
Seq_Frame0039_DriverToReference-SequenceTransformStatus = OK
Seq_Frame0039_Timestamp = 4.207
Seq_Frame0040_DriverToReference-SequenceTransform =0.0955352 -0.10677 -0.989683 -6.39617 -0.971892 0.204907 -0.115924 167.921 0.21517 0.972941 -0.0841929 -45.9159 0 0 0 1 
Seq_Frame0040_DriverToReference-SequenceTransformStatus = OK
Seq_Frame0040_Timestamp = 4.312
Seq_Frame0041_DriverToReference-SequenceTransform =0.0955352 -0.10677 -0.989683 -6.39617 -0.971892 0.204907 -0.115924 167.921 0.21517 0.972941 -0.0841929 -45.9159 0 0 0 1 
Seq_Frame0041_DriverToReference-SequenceTransformStatus = OK
Seq_Frame0041_Timestamp = 4.418
Seq_Frame0042_DriverToReference-SequenceTransform =0.0955352 -0.10677 -0.989683 -6.39617 -0.971892 0.204907 -0.115924 167.921 0.21517 0.972941 -0.0841929 -45.9159 0 0 0 1 
Seq_Frame0042_DriverToReference-SequenceTransformStatus = OK
Seq_Frame0042_Timestamp = 4.521
Seq_Frame0043_DriverToReference-SequenceTransform =0.0955352 -0.10677 -0.989683 -6.39617 -0.971892 0.204907 -0.115924 167.921 0.21517 0.972941 -0.0841929 -45.9159 0 0 0 1 
Seq_Frame0043_DriverToReference-SequenceTransformStatus = OK
Seq_Frame0043_Timestamp = 4.622
Seq_Frame0044_DriverToReference-SequenceTransform =0.0955352 -0.10677 -0.989683 -6.39617 -0.971892 0.204907 -0.115924 167.921 0.21517 0.972941 -0.0841929 -45.9159 0 0 0 1 
Seq_Frame0044_DriverToReference-SequenceTransformStatus = OK
Seq_Frame0044_Timestamp = 4.731
Seq_Frame0045_DriverToReference-SequenceTransform =0.0955352 -0.10677 -0.989683 -6.39617 -0.971892 0.204907 -0.115924 167.921 0.21517 0.972941 -0.0841929 -45.9159 0 0 0 1 
Seq_Frame0045_DriverToReference-SequenceTransformStatus = OK
Seq_Frame0045_Timestamp = 4.831
Seq_Frame0046_DriverToReference-SequenceTransform =0.0955352 -0.10677 -0.989683 -6.39617 -0.971892 0.204907 -0.115924 167.921 0.21517 0.972941 -0.0841929 -45.9159 0 0 0 1 
Seq_Frame0046_DriverToReference-SequenceTransformStatus = OK
Seq_Frame0046_Timestamp = 4.936
Seq_Frame0047_DriverToReference-SequenceTransform =0.0955352 -0.10677 -0.989683 -6.39617 -0.971892 0.204907 -0.115924 167.921 0.21517 0.972941 -0.0841929 -45.9159 0 0 0 1 
Seq_Frame0047_DriverToReference-SequenceTransformStatus = OK
Seq_Frame0047_Timestamp = 5.037
Seq_Frame0048_DriverToReference-SequenceTransform =0.0955352 -0.10677 -0.989683 -6.39617 -0.971892 0.204907 -0.115924 167.921 0.21517 0.972941 -0.0841929 -45.9159 0 0 0 1 
Seq_Frame0048_DriverToReference-SequenceTransformStatus = OK
Seq_Frame0048_Timestamp = 5.152
Seq_Frame0049_DriverToReference-SequenceTransform =0.0955352 -0.10677 -0.989683 -6.39617 -0.971892 0.204907 -0.115924 167.921 0.21517 0.972941 -0.0841929 -45.9159 0 0 0 1 
Seq_Frame0049_DriverToReference-SequenceTransformStatus = OK
Seq_Frame0049_Timestamp = 5.261
Seq_Frame0050_DriverToReference-SequenceTransform =0.0955352 -0.10677 -0.989683 -6.39617 -0.971892 0.204907 -0.115924 167.921 0.21517 0.972941 -0.0841929 -45.9159 0 0 0 1 
Seq_Frame0050_DriverToReference-SequenceTransformStatus = OK
Seq_Frame0050_Timestamp = 5.368
Seq_Frame0051_DriverToReference-SequenceTransform =0.0955352 -0.10677 -0.989683 -6.39617 -0.971892 0.204907 -0.115924 167.921 0.21517 0.972941 -0.0841929 -45.9159 0 0 0 1 
Seq_Frame0051_DriverToReference-SequenceTransformStatus = OK
Seq_Frame0051_Timestamp = 5.471
Seq_Frame0052_DriverToReference-SequenceTransform =0.0955352 -0.10677 -0.989683 -6.39617 -0.971892 0.204907 -0.115924 167.921 0.21517 0.972941 -0.0841929 -45.9159 0 0 0 1 
Seq_Frame0052_DriverToReference-SequenceTransformStatus = OK
Seq_Frame0052_Timestamp = 5.571
Seq_Frame0053_DriverToReference-SequenceTransform =0.0955352 -0.10677 -0.989683 -6.39617 -0.971892 0.204907 -0.115924 167.921 0.21517 0.972941 -0.0841929 -45.9159 0 0 0 1 
Seq_Frame0053_DriverToReference-SequenceTransformStatus = OK
Seq_Frame0053_Timestamp = 5.672
Seq_Frame0054_DriverToReference-SequenceTransform =0.0955352 -0.10677 -0.989683 -6.39617 -0.971892 0.204907 -0.115924 167.921 0.21517 0.972941 -0.0841929 -45.9159 0 0 0 1 
Seq_Frame0054_DriverToReference-SequenceTransformStatus = OK
Seq_Frame0054_Timestamp = 5.785
Seq_Frame0055_DriverToReference-SequenceTransform =0.0955352 -0.10677 -0.989683 -6.39617 -0.971892 0.204907 -0.115924 167.921 0.21517 0.972941 -0.0841929 -45.9159 0 0 0 1 
Seq_Frame0055_DriverToReference-SequenceTransformStatus = OK
Seq_Frame0055_Timestamp = 5.886
Seq_Frame0056_DriverToReference-SequenceTransform =0.0955352 -0.10677 -0.989683 -6.39617 -0.971892 0.204907 -0.115924 167.921 0.21517 0.972941 -0.0841929 -45.9159 0 0 0 1 
Seq_Frame0056_DriverToReference-SequenceTransformStatus = OK
Seq_Frame0056_Timestamp = 5.987
Seq_Frame0057_DriverToReference-SequenceTransform =0.0955352 -0.10677 -0.989683 -6.39617 -0.971892 0.204907 -0.115924 167.921 0.21517 0.972941 -0.0841929 -45.9159 0 0 0 1 
Seq_Frame0057_DriverToReference-SequenceTransformStatus = OK
Seq_Frame0057_Timestamp = 6.094
Seq_Frame0058_DriverToReference-SequenceTransform =0.0955352 -0.10677 -0.989683 -6.39617 -0.971892 0.204907 -0.115924 167.921 0.21517 0.972941 -0.0841929 -45.9159 0 0 0 1 
Seq_Frame0058_DriverToReference-SequenceTransformStatus = OK
Seq_Frame0058_Timestamp = 6.276
Seq_Frame0059_DriverToReference-SequenceTransform =0.0955352 -0.10677 -0.989683 -6.39617 -0.971892 0.204907 -0.115924 167.921 0.21517 0.972941 -0.0841929 -45.9159 0 0 0 1 
Seq_Frame0059_DriverToReference-SequenceTransformStatus = OK
Seq_Frame0059_Timestamp = 6.381
Seq_Frame0060_DriverToReference-SequenceTransform =0.0955352 -0.10677 -0.989683 -6.39617 -0.971892 0.204907 -0.115924 167.921 0.21517 0.972941 -0.0841929 -45.9159 0 0 0 1 
Seq_Frame0060_DriverToReference-SequenceTransformStatus = OK
Seq_Frame0060_Timestamp = 6.486
Seq_Frame0061_DriverToReference-SequenceTransform =0.0955352 -0.10677 -0.989683 -6.39617 -0.971892 0.204907 -0.115924 167.921 0.21517 0.972941 -0.0841929 -45.9159 0 0 0 1 
Seq_Frame0061_DriverToReference-SequenceTransformStatus = OK
Seq_Frame0061_Timestamp = 6.587
Seq_Frame0062_DriverToReference-SequenceTransform =0.0955352 -0.10677 -0.989683 -6.39617 -0.971892 0.204907 -0.115924 167.921 0.21517 0.972941 -0.0841929 -45.9159 0 0 0 1 
Seq_Frame0062_DriverToReference-SequenceTransformStatus = OK
Seq_Frame0062_Timestamp = 6.692
Seq_Frame0063_DriverToReference-SequenceTransform =0.0955352 -0.10677 -0.989683 -6.39617 -0.971892 0.204907 -0.115924 167.921 0.21517 0.972941 -0.0841929 -45.9159 0 0 0 1 
Seq_Frame0063_DriverToReference-SequenceTransformStatus = OK
Seq_Frame0063_Timestamp = 6.792
Seq_Frame0064_DriverToReference-SequenceTransform =0.0955352 -0.10677 -0.989683 -6.39617 -0.971892 0.204907 -0.115924 167.921 0.21517 0.972941 -0.0841929 -45.9159 0 0 0 1 
Seq_Frame0064_DriverToReference-SequenceTransformStatus = OK
Seq_Frame0064_Timestamp = 6.902
Seq_Frame0065_DriverToReference-SequenceTransform =0.0955352 -0.10677 -0.989683 -6.39617 -0.971892 0.204907 -0.115924 167.921 0.21517 0.972941 -0.0841929 -45.9159 0 0 0 1 
Seq_Frame0065_DriverToReference-SequenceTransformStatus = OK
Seq_Frame0065_Timestamp = 7.002
Seq_Frame0066_DriverToReference-SequenceTransform =0.316398 -0.25879 0.912645 -24.0181 -0.336064 0.869097 0.362949 184.342 -0.887104 -0.421544 0.18801 42.408 0 0 0 1 
Seq_Frame0066_DriverToReference-SequenceTransformStatus = OK
Seq_Frame0066_Timestamp = 7.103
Seq_Frame0067_DriverToReference-SequenceTransform =0.35167 -0.221859 0.909454 -12.3837 -0.45599 0.807865 0.3734 181.366 -0.817558 -0.546016 0.182936 46.5613 0 0 0 1 
Seq_Frame0067_DriverToReference-SequenceTransformStatus = OK
Seq_Frame0067_Timestamp = 7.206
Seq_Frame0068_DriverToReference-SequenceTransform =0.597498 -0.0515928 0.800209 0.0812632 -0.638382 0.573284 0.513627 184.128 -0.485247 -0.817731 0.3096 62.8655 0 0 0 1 
Seq_Frame0068_DriverToReference-SequenceTransformStatus = OK
Seq_Frame0068_Timestamp = 7.31
Seq_Frame0069_DriverToReference-SequenceTransform =0.643524 0.0853819 0.760649 8.70916 -0.68747 0.501412 0.52533 182.944 -0.336545 -0.860986 0.381368 94.8191 0 0 0 1 
Seq_Frame0069_DriverToReference-SequenceTransformStatus = OK
Seq_Frame0069_Timestamp = 7.41
Seq_Frame0070_DriverToReference-SequenceTransform =0.637266 0.189822 0.7469 12.4445 -0.724547 0.477752 0.496775 176.046 -0.262534 -0.857741 0.44199 118.437 0 0 0 1 
Seq_Frame0070_DriverToReference-SequenceTransformStatus = OK
Seq_Frame0070_Timestamp = 7.518
Seq_Frame0071_DriverToReference-SequenceTransform =0.628293 0.182209 0.756339 14.0572 -0.754763 0.378478 0.535805 173.798 -0.188629 -0.907499 0.37532 121.03 0 0 0 1 
Seq_Frame0071_DriverToReference-SequenceTransformStatus = OK
Seq_Frame0071_Timestamp = 7.619
Seq_Frame0072_DriverToReference-SequenceTransform =0.618456 0.0990838 0.779548 16.9825 -0.749602 0.372079 0.547406 176.412 -0.235814 -0.922898 0.304388 120.798 0 0 0 1 
Seq_Frame0072_DriverToReference-SequenceTransformStatus = OK
Seq_Frame0072_Timestamp = 7.721
Seq_Frame0073_DriverToReference-SequenceTransform =0.620689 0.0664928 0.781232 18.7079 -0.739519 0.380687 0.555147 180.952 -0.260491 -0.92231 0.285461 120.639 0 0 0 1 
Seq_Frame0073_DriverToReference-SequenceTransformStatus = OK
Seq_Frame0073_Timestamp = 7.821
Seq_Frame0074_DriverToReference-SequenceTransform =0.604803 0.0232404 0.796036 17.4012 -0.730443 0.414422 0.542869 184.986 -0.317278 -0.909788 0.26762 120.079 0 0 0 1 
Seq_Frame0074_DriverToReference-SequenceTransformStatus = OK
Seq_Frame0074_Timestamp = 7.926
Seq_Frame0075_DriverToReference-SequenceTransform =0.596816 -0.0301956 0.80181 15.284 -0.719014 0.423405 0.551133 186.658 -0.356132 -0.905437 0.230984 114.729 0 0 0 1 
Seq_Frame0075_DriverToReference-SequenceTransformStatus = OK
Seq_Frame0075_Timestamp = 8.036
Seq_Frame0076_DriverToReference-SequenceTransform =0.571328 -0.0558525 0.818819 12.5471 -0.725461 0.432167 0.535666 184.28 -0.383785 -0.900062 0.206391 108.103 0 0 0 1 
Seq_Frame0076_DriverToReference-SequenceTransformStatus = OK
Seq_Frame0076_Timestamp = 8.146
Seq_Frame0077_DriverToReference-SequenceTransform =0.571973 -0.0400354 0.819295 12.2643 -0.734435 0.419827 0.533245 183.111 -0.365311 -0.906721 0.210726 112.911 0 0 0 1 
Seq_Frame0077_DriverToReference-SequenceTransformStatus = OK
Seq_Frame0077_Timestamp = 8.247
Seq_Frame0078_DriverToReference-SequenceTransform =0.568459 -0.0070885 0.822681 11.6338 -0.738558 0.436171 0.514089 182.205 -0.362474 -0.899836 0.24271 115.951 0 0 0 1 
Seq_Frame0078_DriverToReference-SequenceTransformStatus = OK
Seq_Frame0078_Timestamp = 8.356
Seq_Frame0079_DriverToReference-SequenceTransform =0.561704 -0.0112209 0.827262 11.0119 -0.736982 0.447594 0.506476 180.903 -0.375961 -0.894166 0.243146 113.888 0 0 0 1 
Seq_Frame0079_DriverToReference-SequenceTransformStatus = OK
Seq_Frame0079_Timestamp = 8.46
Seq_Frame0080_DriverToReference-SequenceTransform =0.562257 -0.00288958 0.826958 10.0668 -0.734023 0.458842 0.500673 179.989 -0.38089 -0.888513 0.255866 110.684 0 0 0 1 
Seq_Frame0080_DriverToReference-SequenceTransformStatus = OK
Seq_Frame0080_Timestamp = 8.561
Seq_Frame0081_DriverToReference-SequenceTransform =0.550018 -0.0315476 0.834557 4.41136 -0.718821 0.490856 0.492297 181.282 -0.425178 -0.870669 0.247303 102.263 0 0 0 1 
Seq_Frame0081_DriverToReference-SequenceTransformStatus = OK
Seq_Frame0081_Timestamp = 8.671
Seq_Frame0082_DriverToReference-SequenceTransform =0.490399 -0.0512329 0.869991 -4.93559 -0.695731 0.578182 0.42622 184.517 -0.52485 -0.814298 0.247896 91.6916 0 0 0 1 
Seq_Frame0082_DriverToReference-SequenceTransformStatus = OK
Seq_Frame0082_Timestamp = 8.772
Seq_Frame0083_DriverToReference-SequenceTransform =0.455455 -0.071683 0.887368 -12.2008 -0.667972 0.631421 0.393854 188.663 -0.588536 -0.77212 0.239701 86.7868 0 0 0 1 
Seq_Frame0083_DriverToReference-SequenceTransformStatus = OK
Seq_Frame0083_Timestamp = 8.881
Seq_Frame0084_DriverToReference-SequenceTransform =0.455455 -0.071683 0.887368 -12.2008 -0.667972 0.631421 0.393854 188.663 -0.588536 -0.77212 0.239701 86.7868 0 0 0 1 
Seq_Frame0084_DriverToReference-SequenceTransformStatus = OK
Seq_Frame0084_Timestamp = 8.986
Seq_Frame0085_DriverToReference-SequenceTransform =0.455455 -0.071683 0.887368 -12.2008 -0.667972 0.631421 0.393854 188.663 -0.588536 -0.77212 0.239701 86.7868 0 0 0 1 
Seq_Frame0085_DriverToReference-SequenceTransformStatus = OK
Seq_Frame0085_Timestamp = 9.091
Seq_Frame0086_DriverToReference-SequenceTransform =0.455455 -0.071683 0.887368 -12.2008 -0.667972 0.631421 0.393854 188.663 -0.588536 -0.77212 0.239701 86.7868 0 0 0 1 
Seq_Frame0086_DriverToReference-SequenceTransformStatus = OK
Seq_Frame0086_Timestamp = 9.2
Seq_Frame0087_DriverToReference-SequenceTransform =0.455455 -0.071683 0.887368 -12.2008 -0.667972 0.631421 0.393854 188.663 -0.588536 -0.77212 0.239701 86.7868 0 0 0 1 
Seq_Frame0087_DriverToReference-SequenceTransformStatus = OK
Seq_Frame0087_Timestamp = 9.301
Seq_Frame0088_DriverToReference-SequenceTransform =0.455455 -0.071683 0.887368 -12.2008 -0.667972 0.631421 0.393854 188.663 -0.588536 -0.77212 0.239701 86.7868 0 0 0 1 
Seq_Frame0088_DriverToReference-SequenceTransformStatus = OK
Seq_Frame0088_Timestamp = 9.401
Seq_Frame0089_DriverToReference-SequenceTransform =0.455455 -0.071683 0.887368 -12.2008 -0.667972 0.631421 0.393854 188.663 -0.588536 -0.77212 0.239701 86.7868 0 0 0 1 
Seq_Frame0089_DriverToReference-SequenceTransformStatus = OK
Seq_Frame0089_Timestamp = 9.502
Seq_Frame0090_DriverToReference-SequenceTransform =0.455455 -0.071683 0.887368 -12.2008 -0.667972 0.631421 0.393854 188.663 -0.588536 -0.77212 0.239701 86.7868 0 0 0 1 
Seq_Frame0090_DriverToReference-SequenceTransformStatus = OK
Seq_Frame0090_Timestamp = 9.646
Seq_Frame0091_DriverToReference-SequenceTransform =0.455455 -0.071683 0.887368 -12.2008 -0.667972 0.631421 0.393854 188.663 -0.588536 -0.77212 0.239701 86.7868 0 0 0 1 
Seq_Frame0091_DriverToReference-SequenceTransformStatus = OK
Seq_Frame0091_Timestamp = 9.746
Seq_Frame0092_DriverToReference-SequenceTransform =0.455455 -0.071683 0.887368 -12.2008 -0.667972 0.631421 0.393854 188.663 -0.588536 -0.77212 0.239701 86.7868 0 0 0 1 
Seq_Frame0092_DriverToReference-SequenceTransformStatus = OK
Seq_Frame0092_Timestamp = 9.857
Seq_Frame0093_DriverToReference-SequenceTransform =0.455455 -0.071683 0.887368 -12.2008 -0.667972 0.631421 0.393854 188.663 -0.588536 -0.77212 0.239701 86.7868 0 0 0 1 
Seq_Frame0093_DriverToReference-SequenceTransformStatus = OK
Seq_Frame0093_Timestamp = 9.961
Seq_Frame0094_DriverToReference-SequenceTransform =0.455455 -0.071683 0.887368 -12.2008 -0.667972 0.631421 0.393854 188.663 -0.588536 -0.77212 0.239701 86.7868 0 0 0 1 
Seq_Frame0094_DriverToReference-SequenceTransformStatus = OK
Seq_Frame0094_Timestamp = 10.066
Seq_Frame0095_DriverToReference-SequenceTransform =0.455455 -0.071683 0.887368 -12.2008 -0.667972 0.631421 0.393854 188.663 -0.588536 -0.77212 0.239701 86.7868 0 0 0 1 
Seq_Frame0095_DriverToReference-SequenceTransformStatus = OK
Seq_Frame0095_Timestamp = 10.171
Seq_Frame0096_DriverToReference-SequenceTransform =0.455455 -0.071683 0.887368 -12.2008 -0.667972 0.631421 0.393854 188.663 -0.588536 -0.77212 0.239701 86.7868 0 0 0 1 
Seq_Frame0096_DriverToReference-SequenceTransformStatus = OK
Seq_Frame0096_Timestamp = 10.272
Seq_Frame0097_DriverToReference-SequenceTransform =0.455455 -0.071683 0.887368 -12.2008 -0.667972 0.631421 0.393854 188.663 -0.588536 -0.77212 0.239701 86.7868 0 0 0 1 
Seq_Frame0097_DriverToReference-SequenceTransformStatus = OK
Seq_Frame0097_Timestamp = 10.381
Seq_Frame0098_DriverToReference-SequenceTransform =0.455455 -0.071683 0.887368 -12.2008 -0.667972 0.631421 0.393854 188.663 -0.588536 -0.77212 0.239701 86.7868 0 0 0 1 
Seq_Frame0098_DriverToReference-SequenceTransformStatus = OK
Seq_Frame0098_Timestamp = 10.482
Seq_Frame0099_DriverToReference-SequenceTransform =0.455455 -0.071683 0.887368 -12.2008 -0.667972 0.631421 0.393854 188.663 -0.588536 -0.77212 0.239701 86.7868 0 0 0 1 
Seq_Frame0099_DriverToReference-SequenceTransformStatus = OK
Seq_Frame0099_Timestamp = 10.585
Seq_Frame0100_DriverToReference-SequenceTransform =0.455455 -0.071683 0.887368 -12.2008 -0.667972 0.631421 0.393854 188.663 -0.588536 -0.77212 0.239701 86.7868 0 0 0 1 
Seq_Frame0100_DriverToReference-SequenceTransformStatus = OK
Seq_Frame0100_Timestamp = 10.686
Seq_Frame0101_DriverToReference-SequenceTransform =0.455455 -0.071683 0.887368 -12.2008 -0.667972 0.631421 0.393854 188.663 -0.588536 -0.77212 0.239701 86.7868 0 0 0 1 
Seq_Frame0101_DriverToReference-SequenceTransformStatus = OK
Seq_Frame0101_Timestamp = 11.411
Seq_Frame0102_DriverToReference-SequenceTransform =0.455455 -0.071683 0.887368 -12.2008 -0.667972 0.631421 0.393854 188.663 -0.588536 -0.77212 0.239701 86.7868 0 0 0 1 
Seq_Frame0102_DriverToReference-SequenceTransformStatus = OK
Seq_Frame0102_Timestamp = 11.512
Seq_Frame0103_DriverToReference-SequenceTransform =0.455455 -0.071683 0.887368 -12.2008 -0.667972 0.631421 0.393854 188.663 -0.588536 -0.77212 0.239701 86.7868 0 0 0 1 
Seq_Frame0103_DriverToReference-SequenceTransformStatus = OK
Seq_Frame0103_Timestamp = 11.616
Seq_Frame0104_DriverToReference-SequenceTransform =0.455455 -0.071683 0.887368 -12.2008 -0.667972 0.631421 0.393854 188.663 -0.588536 -0.77212 0.239701 86.7868 0 0 0 1 
Seq_Frame0104_DriverToReference-SequenceTransformStatus = OK
Seq_Frame0104_Timestamp = 11.716
Seq_Frame0105_DriverToReference-SequenceTransform =0.455455 -0.071683 0.887368 -12.2008 -0.667972 0.631421 0.393854 188.663 -0.588536 -0.77212 0.239701 86.7868 0 0 0 1 
Seq_Frame0105_DriverToReference-SequenceTransformStatus = OK
Seq_Frame0105_Timestamp = 11.817
Seq_Frame0106_DriverToReference-SequenceTransform =0.455455 -0.071683 0.887368 -12.2008 -0.667972 0.631421 0.393854 188.663 -0.588536 -0.77212 0.239701 86.7868 0 0 0 1 
Seq_Frame0106_DriverToReference-SequenceTransformStatus = OK
Seq_Frame0106_Timestamp = 11.918
Seq_Frame0107_DriverToReference-SequenceTransform =0.455455 -0.071683 0.887368 -12.2008 -0.667972 0.631421 0.393854 188.663 -0.588536 -0.77212 0.239701 86.7868 0 0 0 1 
Seq_Frame0107_DriverToReference-SequenceTransformStatus = OK
Seq_Frame0107_Timestamp = 12.021
Seq_Frame0108_DriverToReference-SequenceTransform =0.455455 -0.071683 0.887368 -12.2008 -0.667972 0.631421 0.393854 188.663 -0.588536 -0.77212 0.239701 86.7868 0 0 0 1 
Seq_Frame0108_DriverToReference-SequenceTransformStatus = OK
Seq_Frame0108_Timestamp = 12.121
Seq_Frame0109_DriverToReference-SequenceTransform =0.455455 -0.071683 0.887368 -12.2008 -0.667972 0.631421 0.393854 188.663 -0.588536 -0.77212 0.239701 86.7868 0 0 0 1 
Seq_Frame0109_DriverToReference-SequenceTransformStatus = OK
Seq_Frame0109_Timestamp = 12.23
Seq_Frame0110_DriverToReference-SequenceTransform =0.455455 -0.071683 0.887368 -12.2008 -0.667972 0.631421 0.393854 188.663 -0.588536 -0.77212 0.239701 86.7868 0 0 0 1 
Seq_Frame0110_DriverToReference-SequenceTransformStatus = OK
Seq_Frame0110_Timestamp = 12.341
Seq_Frame0111_DriverToReference-SequenceTransform =0.455455 -0.071683 0.887368 -12.2008 -0.667972 0.631421 0.393854 188.663 -0.588536 -0.77212 0.239701 86.7868 0 0 0 1 
Seq_Frame0111_DriverToReference-SequenceTransformStatus = OK
Seq_Frame0111_Timestamp = 12.442
Seq_Frame0112_DriverToReference-SequenceTransform =0.455455 -0.071683 0.887368 -12.2008 -0.667972 0.631421 0.393854 188.663 -0.588536 -0.77212 0.239701 86.7868 0 0 0 1 
Seq_Frame0112_DriverToReference-SequenceTransformStatus = OK
Seq_Frame0112_Timestamp = 12.543
Seq_Frame0113_DriverToReference-SequenceTransform =0.455455 -0.071683 0.887368 -12.2008 -0.667972 0.631421 0.393854 188.663 -0.588536 -0.77212 0.239701 86.7868 0 0 0 1 
Seq_Frame0113_DriverToReference-SequenceTransformStatus = OK
Seq_Frame0113_Timestamp = 12.647
Seq_Frame0114_DriverToReference-SequenceTransform =0.455455 -0.071683 0.887368 -12.2008 -0.667972 0.631421 0.393854 188.663 -0.588536 -0.77212 0.239701 86.7868 0 0 0 1 
Seq_Frame0114_DriverToReference-SequenceTransformStatus = OK
Seq_Frame0114_Timestamp = 12.76
Seq_Frame0115_DriverToReference-SequenceTransform =0.455455 -0.071683 0.887368 -12.2008 -0.667972 0.631421 0.393854 188.663 -0.588536 -0.77212 0.239701 86.7868 0 0 0 1 
Seq_Frame0115_DriverToReference-SequenceTransformStatus = OK
Seq_Frame0115_Timestamp = 12.868
Seq_Frame0116_DriverToReference-SequenceTransform =0.636677 0.168453 0.752506 -31.5748 -0.663842 0.616268 0.423706 199.022 -0.392371 -0.76931 0.50419 126.373 0 0 0 1 
Seq_Frame0116_DriverToReference-SequenceTransformStatus = OK
Seq_Frame0116_Timestamp = 12.971
Seq_Frame0117_DriverToReference-SequenceTransform =0.657008 0.309454 0.687444 -6.64064 -0.672001 0.653697 0.347986 189.978 -0.341694 -0.690593 0.637437 146.357 0 0 0 1 
Seq_Frame0117_DriverToReference-SequenceTransformStatus = OK
Seq_Frame0117_Timestamp = 13.071
Seq_Frame0118_DriverToReference-SequenceTransform =0.664519 0.416321 0.620558 11.3313 -0.692306 0.655586 0.301528 180.984 -0.281297 -0.629987 0.723871 153.121 0 0 0 1 
Seq_Frame0118_DriverToReference-SequenceTransformStatus = OK
Seq_Frame0118_Timestamp = 13.172
Seq_Frame0119_DriverToReference-SequenceTransform =0.64456 0.488514 0.58813 23.0849 -0.722328 0.641203 0.259037 179.211 -0.250567 -0.591788 0.766162 157.556 0 0 0 1 
Seq_Frame0119_DriverToReference-SequenceTransformStatus = OK
Seq_Frame0119_Timestamp = 13.272
Seq_Frame0120_DriverToReference-SequenceTransform =0.616515 0.588015 0.52359 32.0954 -0.738896 0.661775 0.12683 176.482 -0.271921 -0.465072 0.842477 162.217 0 0 0 1 
Seq_Frame0120_DriverToReference-SequenceTransformStatus = OK
Seq_Frame0120_Timestamp = 13.385
Seq_Frame0121_DriverToReference-SequenceTransform =0.590085 0.65816 0.467574 38.2134 -0.727521 0.684577 -0.0454722 171.574 -0.350018 -0.313337 0.882784 167.207 0 0 0 1 
Seq_Frame0121_DriverToReference-SequenceTransformStatus = OK
Seq_Frame0121_Timestamp = 13.492
Seq_Frame0122_DriverToReference-SequenceTransform =0.576887 0.688843 0.438972 41.1317 -0.715794 0.68522 -0.134582 170.582 -0.393499 -0.236575 0.888364 172.912 0 0 0 1 
Seq_Frame0122_DriverToReference-SequenceTransformStatus = OK
Seq_Frame0122_Timestamp = 13.596
Seq_Frame0123_DriverToReference-SequenceTransform =0.567343 0.68808 0.452401 43.3869 -0.706774 0.688806 -0.161296 171.106 -0.422601 -0.228235 0.877107 176.081 0 0 0 1 
Seq_Frame0123_DriverToReference-SequenceTransformStatus = OK
Seq_Frame0123_Timestamp = 13.696
Seq_Frame0124_DriverToReference-SequenceTransform =0.570353 0.72435 0.387317 43.4143 -0.696475 0.676447 -0.239463 171.954 -0.435454 -0.133178 0.890305 176.858 0 0 0 1 
Seq_Frame0124_DriverToReference-SequenceTransformStatus = OK
Seq_Frame0124_Timestamp = 13.801
Seq_Frame0125_DriverToReference-SequenceTransform =0.554536 0.726936 0.405036 44.4174 -0.709356 0.667414 -0.226656 173.19 -0.435091 -0.161626 0.885761 178.812 0 0 0 1 
Seq_Frame0125_DriverToReference-SequenceTransformStatus = OK
Seq_Frame0125_Timestamp = 13.902
Seq_Frame0126_DriverToReference-SequenceTransform =0.560755 0.745882 0.359464 45.7135 -0.713654 0.655531 -0.246934 173.323 -0.419824 -0.118064 0.899894 179.309 0 0 0 1 
Seq_Frame0126_DriverToReference-SequenceTransformStatus = OK
Seq_Frame0126_Timestamp = 14.007
Seq_Frame0127_DriverToReference-SequenceTransform =0.545844 0.75199 0.369546 46.9819 -0.718337 0.647033 -0.255618 172.858 -0.431331 -0.125931 0.893362 179.28 0 0 0 1 
Seq_Frame0127_DriverToReference-SequenceTransformStatus = OK
Seq_Frame0127_Timestamp = 14.116
Seq_Frame0128_DriverToReference-SequenceTransform =0.546519 0.753213 0.366042 47.839 -0.717202 0.646635 -0.259778 172.272 -0.432364 -0.120552 0.893604 178.277 0 0 0 1 
Seq_Frame0128_DriverToReference-SequenceTransformStatus = OK
Seq_Frame0128_Timestamp = 14.222
Seq_Frame0129_DriverToReference-SequenceTransform =0.521055 0.75206 0.403618 48.8104 -0.727759 0.638537 -0.250276 170.818 -0.445948 -0.163329 0.880031 177.286 0 0 0 1 
Seq_Frame0129_DriverToReference-SequenceTransformStatus = OK
Seq_Frame0129_Timestamp = 14.326
Seq_Frame0130_DriverToReference-SequenceTransform =0.537883 0.7571 0.370786 48.8426 -0.71793 0.641928 -0.269268 170.526 -0.441881 -0.121364 0.888826 177.613 0 0 0 1 
Seq_Frame0130_DriverToReference-SequenceTransformStatus = OK
Seq_Frame0130_Timestamp = 14.427
Seq_Frame0131_DriverToReference-SequenceTransform =0.576852 0.749093 0.325732 48.0492 -0.684008 0.660952 -0.308668 169.227 -0.446514 -0.0447477 0.893657 177.679 0 0 0 1 
Seq_Frame0131_DriverToReference-SequenceTransformStatus = OK
Seq_Frame0131_Timestamp = 14.535
Seq_Frame0132_DriverToReference-SequenceTransform =0.584487 0.741209 0.330127 47.8308 -0.667433 0.670556 -0.323864 167.466 -0.46142 -0.0310429 0.886639 179.663 0 0 0 1 
Seq_Frame0132_DriverToReference-SequenceTransformStatus = OK
Seq_Frame0132_Timestamp = 14.636
Seq_Frame0133_DriverToReference-SequenceTransform =0.598009 0.750746 0.280651 48.5772 -0.662798 0.660103 -0.353501 167.118 -0.450648 0.0253818 0.892341 179.504 0 0 0 1 
Seq_Frame0133_DriverToReference-SequenceTransformStatus = OK
Seq_Frame0133_Timestamp = 14.736
Seq_Frame0134_DriverToReference-SequenceTransform =0.56841 0.766641 0.298615 51.095 -0.685246 0.642011 -0.34389 166.775 -0.455354 -0.00915458 0.890263 179.462 0 0 0 1 
Seq_Frame0134_DriverToReference-SequenceTransformStatus = OK
Seq_Frame0134_Timestamp = 14.837
Seq_Frame0135_DriverToReference-SequenceTransform =0.573319 0.778533 0.255328 53.4828 -0.675972 0.625549 -0.38955 167.061 -0.462998 0.0507421 0.884906 179.492 0 0 0 1 
Seq_Frame0135_DriverToReference-SequenceTransformStatus = OK
Seq_Frame0135_Timestamp = 14.941
Seq_Frame0136_DriverToReference-SequenceTransform =0.599217 0.785758 0.153372 54.4975 -0.667556 0.596146 -0.44607 166.962 -0.441935 0.164909 0.881759 179.849 0 0 0 1 
Seq_Frame0136_DriverToReference-SequenceTransformStatus = OK
Seq_Frame0136_Timestamp = 15.046
Seq_Frame0137_DriverToReference-SequenceTransform =0.568267 0.804844 0.171169 56.4636 -0.67993 0.576455 -0.453205 169.743 -0.463431 0.141159 0.874818 181.235 0 0 0 1 
Seq_Frame0137_DriverToReference-SequenceTransformStatus = OK
Seq_Frame0137_Timestamp = 15.147
Seq_Frame0138_DriverToReference-SequenceTransform =0.596494 0.795321 0.107979 58.4085 -0.663667 0.564403 -0.490912 178.855 -0.451376 0.221164 0.864492 184.789 0 0 0 1 
Seq_Frame0138_DriverToReference-SequenceTransformStatus = OK
Seq_Frame0138_Timestamp = 15.251
Seq_Frame0139_DriverToReference-SequenceTransform =0.541652 0.838772 0.055443 61.2829 -0.684198 0.478229 -0.550609 183.624 -0.48835 0.260305 0.83292 189.054 0 0 0 1 
Seq_Frame0139_DriverToReference-SequenceTransformStatus = OK
Seq_Frame0139_Timestamp = 15.359
Seq_Frame0140_DriverToReference-SequenceTransform =0.505967 0.862224 0.0237942 66.8612 -0.715109 0.434743 -0.547373 189.094 -0.482303 0.259937 0.836551 198.691 0 0 0 1 
Seq_Frame0140_DriverToReference-SequenceTransformStatus = OK
Seq_Frame0140_Timestamp = 15.462
Seq_Frame0141_DriverToReference-SequenceTransform =0.446256 0.893461 0.05082 71.3113 -0.739734 0.400242 -0.540925 189.534 -0.503636 0.203798 0.839534 204.725 0 0 0 1 
Seq_Frame0141_DriverToReference-SequenceTransformStatus = OK
Seq_Frame0141_Timestamp = 15.562
Seq_Frame0142_DriverToReference-SequenceTransform =0.43797 0.895693 0.0769204 77.4848 -0.753322 0.412352 -0.51232 197.088 -0.490599 0.166435 0.855343 208.863 0 0 0 1 
Seq_Frame0142_DriverToReference-SequenceTransformStatus = OK
Seq_Frame0142_Timestamp = 15.663
Seq_Frame0143_DriverToReference-SequenceTransform =0.421973 0.904346 0.0640141 81.8906 -0.74567 0.386361 -0.542864 200.253 -0.51567 0.181341 0.837377 211.594 0 0 0 1 
Seq_Frame0143_DriverToReference-SequenceTransformStatus = OK
Seq_Frame0143_Timestamp = 15.768
Seq_Frame0144_DriverToReference-SequenceTransform =0.416795 0.907766 0.0473693 84.4012 -0.747438 0.371906 -0.550475 201.411 -0.517319 0.194029 0.833507 213.753 0 0 0 1 
Seq_Frame0144_DriverToReference-SequenceTransformStatus = OK
Seq_Frame0144_Timestamp = 15.876
Seq_Frame0145_DriverToReference-SequenceTransform =0.406142 0.912845 0.0419752 86.765 -0.742498 0.35643 -0.567147 202.619 -0.532678 0.199175 0.822547 212.851 0 0 0 1 
Seq_Frame0145_DriverToReference-SequenceTransformStatus = OK
Seq_Frame0145_Timestamp = 15.981
Seq_Frame0146_DriverToReference-SequenceTransform =0.379059 0.92296 0.0667747 87.6557 -0.763292 0.352647 -0.541318 202.181 -0.523163 0.154223 0.838162 213.577 0 0 0 1 
Seq_Frame0146_DriverToReference-SequenceTransformStatus = OK
Seq_Frame0146_Timestamp = 16.086
Seq_Frame0147_DriverToReference-SequenceTransform =0.395027 0.918407 -0.0219698 84.4573 -0.778255 0.321846 -0.539197 200.073 -0.488132 0.230096 0.841893 216.162 0 0 0 1 
Seq_Frame0147_DriverToReference-SequenceTransformStatus = OK
Seq_Frame0147_Timestamp = 16.186
Seq_Frame0148_DriverToReference-SequenceTransform =0.345153 0.937585 -0.0424845 83.5195 -0.802772 0.271467 -0.530907 198.386 -0.486237 0.217349 0.846365 221.016 0 0 0 1 
Seq_Frame0148_DriverToReference-SequenceTransformStatus = OK
Seq_Frame0148_Timestamp = 16.293
Seq_Frame0149_DriverToReference-SequenceTransform =0.339466 0.937535 -0.0761005 90.4729 -0.763532 0.227402 -0.604407 201.311 -0.549347 0.263281 0.793033 219.302 0 0 0 1 
Seq_Frame0149_DriverToReference-SequenceTransformStatus = OK
Seq_Frame0149_Timestamp = 16.394
Seq_Frame0150_DriverToReference-SequenceTransform =0.322303 0.934399 -0.15172 92.2864 -0.76188 0.160922 -0.627409 197.031 -0.561836 0.317808 0.763766 230.182 0 0 0 1 
Seq_Frame0150_DriverToReference-SequenceTransformStatus = OK
Seq_Frame0150_Timestamp = 16.496
