ObjectType = Image
NDims = 3
AnatomicalOrientation = RAI
BinaryData = True
CompressedData = False
DimSize = 0 0 3201
ElementSpacing = 1 1 1
Offset = 0 0 0
TransformMatrix = 1 0 0 0 1 0 0 0 1
ElementType = MET_UCHAR
Kinds = domain domain list
Seq_Frame0000_ForcepToReference-SequenceTransform =0.400317 -0.689581 -0.60351 126.85 0.271939 -0.539521 0.796848 -11.6565 -0.875097 -0.48311 -0.0284557 -15.6739 0 0 0 1 
Seq_Frame0000_ForcepToReference-SequenceTransformStatus = OK
Seq_Frame0000_Timestamp = 0.00300002
Seq_Frame0001_ForcepToReference-SequenceTransform =0.401902 -0.68925 -0.602834 126.858 0.273882 -0.537722 0.797398 -11.6896 -0.873764 -0.485581 -0.0273384 -15.5915 0 0 0 1 
Seq_Frame0001_ForcepToReference-SequenceTransformStatus = OK
Seq_Frame0001_Timestamp = 0.106
Seq_Frame0002_ForcepToReference-SequenceTransform =0.400194 -0.68992 -0.603204 126.882 0.273666 -0.538208 0.797144 -11.7613 -0.874615 -0.484089 -0.0265796 -15.4223 0 0 0 1 
Seq_Frame0002_ForcepToReference-SequenceTransformStatus = OK
Seq_Frame0002_Timestamp = 0.21
Seq_Frame0003_ForcepToReference-SequenceTransform =0.40188 -0.689452 -0.602618 126.851 0.27268 -0.538138 0.797529 -11.7497 -0.87415 -0.484833 -0.0282673 -15.5588 0 0 0 1 
Seq_Frame0003_ForcepToReference-SequenceTransformStatus = OK
Seq_Frame0003_Timestamp = 0.316
Seq_Frame0004_ForcepToReference-SequenceTransform =0.399176 -0.690183 -0.603577 126.863 0.274986 -0.537875 0.796915 -11.7521 -0.874666 -0.484084 -0.0249162 -15.4875 0 0 0 1 
Seq_Frame0004_ForcepToReference-SequenceTransformStatus = OK
Seq_Frame0004_Timestamp = 0.42
Seq_Frame0005_ForcepToReference-SequenceTransform =0.400647 -0.689613 -0.603254 126.882 0.275476 -0.537278 0.797148 -11.7715 -0.873839 -0.485557 -0.025287 -15.4005 0 0 0 1 
Seq_Frame0005_ForcepToReference-SequenceTransformStatus = OK
Seq_Frame0005_Timestamp = 0.531
Seq_Frame0006_ForcepToReference-SequenceTransform =0.400827 -0.68951 -0.603252 126.854 0.272902 -0.53871 0.797067 -11.7167 -0.874564 -0.484115 -0.0277609 -15.5786 0 0 0 1 
Seq_Frame0006_ForcepToReference-SequenceTransformStatus = OK
Seq_Frame0006_Timestamp = 0.636
Seq_Frame0007_ForcepToReference-SequenceTransform =0.400645 -0.68958 -0.603294 126.859 0.272925 -0.538739 0.79704 -11.7019 -0.874641 -0.483983 -0.0276395 -15.5873 0 0 0 1 
Seq_Frame0007_ForcepToReference-SequenceTransformStatus = OK
Seq_Frame0007_Timestamp = 0.743
Seq_Frame0008_ForcepToReference-SequenceTransform =0.402307 -0.689126 -0.602706 126.856 0.272143 -0.538555 0.797431 -11.7054 -0.874121 -0.484834 -0.0291234 -15.6006 0 0 0 1 
Seq_Frame0008_ForcepToReference-SequenceTransformStatus = OK
Seq_Frame0008_Timestamp = 0.851
Seq_Frame0009_ForcepToReference-SequenceTransform =0.402308 -0.689181 -0.602643 126.847 0.271547 -0.538811 0.797461 -11.7157 -0.874306 -0.484471 -0.0296229 -15.6188 0 0 0 1 
Seq_Frame0009_ForcepToReference-SequenceTransformStatus = OK
Seq_Frame0009_Timestamp = 0.96
Seq_Frame0010_ForcepToReference-SequenceTransform =0.398166 -0.690244 -0.604175 126.875 0.275631 -0.538175 0.796489 -11.7194 -0.874924 -0.483664 -0.0240303 -15.442 0 0 0 1 
Seq_Frame0010_ForcepToReference-SequenceTransformStatus = OK
Seq_Frame0010_Timestamp = 1.061
Seq_Frame0011_ForcepToReference-SequenceTransform =0.397763 -0.690248 -0.604436 126.874 0.275588 -0.538488 0.796293 -11.6966 -0.875121 -0.483311 -0.0239667 -15.4844 0 0 0 1 
Seq_Frame0011_ForcepToReference-SequenceTransformStatus = OK
Seq_Frame0011_Timestamp = 1.162
Seq_Frame0012_ForcepToReference-SequenceTransform =0.400489 -0.689298 -0.603719 126.853 0.272905 -0.539236 0.796711 -11.6398 -0.874718 -0.483832 -0.0278452 -15.6632 0 0 0 1 
Seq_Frame0012_ForcepToReference-SequenceTransformStatus = OK
Seq_Frame0012_Timestamp = 1.276
Seq_Frame0013_ForcepToReference-SequenceTransform =0.40182 -0.689172 -0.602979 126.862 0.272206 -0.538816 0.797233 -11.6561 -0.874325 -0.484479 -0.0289104 -15.6765 0 0 0 1 
Seq_Frame0013_ForcepToReference-SequenceTransformStatus = OK
Seq_Frame0013_Timestamp = 1.382
Seq_Frame0014_ForcepToReference-SequenceTransform =0.398192 -0.690042 -0.604388 126.863 0.275069 -0.538732 0.796307 -11.6645 -0.875089 -0.483331 -0.0247098 -15.5412 0 0 0 1 
Seq_Frame0014_ForcepToReference-SequenceTransformStatus = OK
Seq_Frame0014_Timestamp = 1.485
Seq_Frame0015_ForcepToReference-SequenceTransform =0.399197 -0.68996 -0.603818 126.866 0.275409 -0.537919 0.796739 -11.6787 -0.874524 -0.484353 -0.0247142 -15.5586 0 0 0 1 
Seq_Frame0015_ForcepToReference-SequenceTransformStatus = OK
Seq_Frame0015_Timestamp = 1.586
Seq_Frame0016_ForcepToReference-SequenceTransform =0.401005 -0.689519 -0.603124 126.835 0.272805 -0.538622 0.79716 -11.6641 -0.874513 -0.4842 -0.0278858 -15.7141 0 0 0 1 
Seq_Frame0016_ForcepToReference-SequenceTransformStatus = OK
Seq_Frame0016_Timestamp = 1.692
Seq_Frame0017_ForcepToReference-SequenceTransform =0.401592 -0.689428 -0.602837 126.87 0.273587 -0.537878 0.797394 -11.7211 -0.873999 -0.485156 -0.0273884 -15.5763 0 0 0 1 
Seq_Frame0017_ForcepToReference-SequenceTransformStatus = OK
Seq_Frame0017_Timestamp = 1.792
Seq_Frame0018_ForcepToReference-SequenceTransform =0.400387 -0.689844 -0.603162 126.849 0.274137 -0.537906 0.797186 -11.7124 -0.874379 -0.484533 -0.0262589 -15.645 0 0 0 1 
Seq_Frame0018_ForcepToReference-SequenceTransformStatus = OK
Seq_Frame0018_Timestamp = 1.893
Seq_Frame0019_ForcepToReference-SequenceTransform =0.401072 -0.68943 -0.603181 126.845 0.271674 -0.539317 0.797076 -11.6905 -0.874834 -0.483554 -0.0290049 -15.6959 0 0 0 1 
Seq_Frame0019_ForcepToReference-SequenceTransformStatus = OK
Seq_Frame0019_Timestamp = 1.994
Seq_Frame0020_ForcepToReference-SequenceTransform =0.400884 -0.689649 -0.603056 126.873 0.272789 -0.538547 0.797216 -11.7383 -0.874573 -0.484098 -0.0277656 -15.5593 0 0 0 1 
Seq_Frame0020_ForcepToReference-SequenceTransformStatus = OK
Seq_Frame0020_Timestamp = 2.101
Seq_Frame0021_ForcepToReference-SequenceTransform =0.398701 -0.690574 -0.603445 126.859 0.276891 -0.536651 0.79708 -11.7555 -0.874282 -0.484885 -0.0227502 -15.5443 0 0 0 1 
Seq_Frame0021_ForcepToReference-SequenceTransformStatus = OK
Seq_Frame0021_Timestamp = 2.21
Seq_Frame0022_ForcepToReference-SequenceTransform =0.400424 -0.689937 -0.603032 126.843 0.273994 -0.537836 0.797283 -11.7287 -0.874407 -0.484478 -0.0263237 -15.6692 0 0 0 1 
Seq_Frame0022_ForcepToReference-SequenceTransformStatus = OK
Seq_Frame0022_Timestamp = 2.316
Seq_Frame0023_ForcepToReference-SequenceTransform =0.402286 -0.689839 -0.601903 126.855 0.273411 -0.536921 0.798099 -11.8252 -0.873735 -0.485631 -0.0273865 -15.5694 0 0 0 1 
Seq_Frame0023_ForcepToReference-SequenceTransformStatus = OK
Seq_Frame0023_Timestamp = 2.417
Seq_Frame0024_ForcepToReference-SequenceTransform =0.402821 -0.689744 -0.601654 126.857 0.275475 -0.535501 0.798343 -11.8709 -0.872839 -0.48733 -0.025704 -15.5438 0 0 0 1 
Seq_Frame0024_ForcepToReference-SequenceTransformStatus = OK
Seq_Frame0024_Timestamp = 2.526
Seq_Frame0025_ForcepToReference-SequenceTransform =0.403608 -0.688833 -0.602171 126.862 0.273884 -0.537016 0.797873 -11.7848 -0.872976 -0.486953 -0.0280841 -15.5301 0 0 0 1 
Seq_Frame0025_ForcepToReference-SequenceTransformStatus = OK
Seq_Frame0025_Timestamp = 2.627
Seq_Frame0026_ForcepToReference-SequenceTransform =0.402932 -0.689082 -0.602338 126.85 0.273392 -0.537458 0.797744 -11.7655 -0.873443 -0.486111 -0.0281701 -15.6188 0 0 0 1 
Seq_Frame0026_ForcepToReference-SequenceTransformStatus = OK
Seq_Frame0026_Timestamp = 2.728
Seq_Frame0027_ForcepToReference-SequenceTransform =0.402281 -0.689303 -0.602522 126.855 0.273186 -0.537761 0.79761 -11.7804 -0.873808 -0.485464 -0.028023 -15.6101 0 0 0 1 
Seq_Frame0027_ForcepToReference-SequenceTransformStatus = OK
Seq_Frame0027_Timestamp = 2.828
Seq_Frame0028_ForcepToReference-SequenceTransform =0.400285 -0.690067 -0.602975 126.854 0.276513 -0.536367 0.797403 -11.8249 -0.873677 -0.485919 -0.0238868 -15.4903 0 0 0 1 
Seq_Frame0028_ForcepToReference-SequenceTransformStatus = OK
Seq_Frame0028_Timestamp = 2.931
Seq_Frame0029_ForcepToReference-SequenceTransform =0.401592 -0.689371 -0.602902 126.845 0.272729 -0.53843 0.797316 -11.7439 -0.874267 -0.484625 -0.0282179 -15.6313 0 0 0 1 
Seq_Frame0029_ForcepToReference-SequenceTransformStatus = OK
Seq_Frame0029_Timestamp = 3.035
Seq_Frame0030_ForcepToReference-SequenceTransform =0.400622 -0.688676 -0.604341 126.852 0.27076 -0.541143 0.796149 -11.5584 -0.875323 -0.482586 -0.0303277 -15.6459 0 0 0 1 
Seq_Frame0030_ForcepToReference-SequenceTransformStatus = OK
Seq_Frame0030_Timestamp = 3.141
Seq_Frame0031_ForcepToReference-SequenceTransform =0.401177 -0.688488 -0.604186 126.855 0.270933 -0.540892 0.796261 -11.5848 -0.875016 -0.483136 -0.0304588 -15.5933 0 0 0 1 
Seq_Frame0031_ForcepToReference-SequenceTransformStatus = OK
Seq_Frame0031_Timestamp = 3.242
Seq_Frame0032_ForcepToReference-SequenceTransform =0.401884 -0.687137 -0.605254 126.844 0.269745 -0.542813 0.795356 -11.4803 -0.875058 -0.482905 -0.0327964 -15.3436 0 0 0 1 
Seq_Frame0032_ForcepToReference-SequenceTransformStatus = OK
Seq_Frame0032_Timestamp = 3.351
Seq_Frame0033_ForcepToReference-SequenceTransform =0.403574 -0.686162 -0.605235 126.802 0.265882 -0.544998 0.795163 -11.4042 -0.875462 -0.481828 -0.0375094 -15.4771 0 0 0 1 
Seq_Frame0033_ForcepToReference-SequenceTransformStatus = OK
Seq_Frame0033_Timestamp = 3.46
Seq_Frame0034_ForcepToReference-SequenceTransform =0.399938 -0.691928 -0.60107 126.818 0.281606 -0.531314 0.799002 -12.0152 -0.872208 -0.488816 -0.0176416 -15.35 0 0 0 1 
Seq_Frame0034_ForcepToReference-SequenceTransformStatus = OK
Seq_Frame0034_Timestamp = 3.561
Seq_Frame0035_ForcepToReference-SequenceTransform =0.396054 -0.692078 -0.603465 126.808 0.282095 -0.533717 0.797226 -11.8811 -0.873821 -0.485979 -0.016149 -15.3156 0 0 0 1 
Seq_Frame0035_ForcepToReference-SequenceTransformStatus = OK
Seq_Frame0035_Timestamp = 3.772
Seq_Frame0036_ForcepToReference-SequenceTransform =0.400259 -0.689693 -0.60342 126.875 0.274913 -0.53777 0.797011 -11.7452 -0.874195 -0.484898 -0.0256416 -15.4515 0 0 0 1 
Seq_Frame0036_ForcepToReference-SequenceTransformStatus = OK
Seq_Frame0036_Timestamp = 3.882
Seq_Frame0037_ForcepToReference-SequenceTransform =0.402273 -0.689214 -0.602628 126.856 0.273137 -0.537911 0.797526 -11.7275 -0.873827 -0.485423 -0.0281375 -15.5996 0 0 0 1 
Seq_Frame0037_ForcepToReference-SequenceTransformStatus = OK
Seq_Frame0037_Timestamp = 3.993
Seq_Frame0038_ForcepToReference-SequenceTransform =0.40302 -0.689508 -0.601792 126.849 0.274118 -0.536426 0.79819 -11.8408 -0.873175 -0.486648 -0.0271839 -15.5592 0 0 0 1 
Seq_Frame0038_ForcepToReference-SequenceTransformStatus = OK
Seq_Frame0038_Timestamp = 4.101
Seq_Frame0039_ForcepToReference-SequenceTransform =0.399949 -0.690268 -0.602969 126.858 0.276919 -0.536124 0.797425 -11.8326 -0.873703 -0.485903 -0.0232737 -15.4828 0 0 0 1 
Seq_Frame0039_ForcepToReference-SequenceTransformStatus = OK
Seq_Frame0039_Timestamp = 4.207
Seq_Frame0040_ForcepToReference-SequenceTransform =0.398395 -0.690404 -0.603841 126.855 0.275983 -0.537602 0.796754 -11.7745 -0.874708 -0.484073 -0.0236385 -15.5442 0 0 0 1 
Seq_Frame0040_ForcepToReference-SequenceTransformStatus = OK
Seq_Frame0040_Timestamp = 4.312
Seq_Frame0041_ForcepToReference-SequenceTransform =0.399679 -0.689986 -0.60347 126.845 0.273399 -0.538645 0.796941 -11.7017 -0.874934 -0.483509 -0.0266441 -15.6618 0 0 0 1 
Seq_Frame0041_ForcepToReference-SequenceTransformStatus = OK
Seq_Frame0041_Timestamp = 4.418
Seq_Frame0042_ForcepToReference-SequenceTransform =0.398279 -0.690785 -0.603481 126.86 0.276226 -0.537049 0.797043 -11.7926 -0.874685 -0.484142 -0.0230827 -15.488 0 0 0 1 
Seq_Frame0042_ForcepToReference-SequenceTransformStatus = OK
Seq_Frame0042_Timestamp = 4.521
Seq_Frame0043_ForcepToReference-SequenceTransform =0.399381 -0.69051 -0.603068 126.854 0.277056 -0.536145 0.797364 -11.802 -0.873919 -0.485535 -0.0228159 -15.5246 0 0 0 1 
Seq_Frame0043_ForcepToReference-SequenceTransformStatus = OK
Seq_Frame0043_Timestamp = 4.622
Seq_Frame0044_ForcepToReference-SequenceTransform =0.399806 -0.690145 -0.603204 126.853 0.274649 -0.53765 0.797182 -11.7409 -0.874484 -0.484388 -0.0254082 -15.622 0 0 0 1 
Seq_Frame0044_ForcepToReference-SequenceTransformStatus = OK
Seq_Frame0044_Timestamp = 4.731
Seq_Frame0045_ForcepToReference-SequenceTransform =0.400407 -0.689857 -0.603135 126.858 0.273113 -0.538443 0.797176 -11.6999 -0.87469 -0.483919 -0.027188 -15.6121 0 0 0 1 
Seq_Frame0045_ForcepToReference-SequenceTransformStatus = OK
Seq_Frame0045_Timestamp = 4.831
Seq_Frame0046_ForcepToReference-SequenceTransform =0.396065 -0.691079 -0.6046 126.864 0.275624 -0.538605 0.796201 -11.7072 -0.875879 -0.48199 -0.0228445 -15.5823 0 0 0 1 
Seq_Frame0046_ForcepToReference-SequenceTransformStatus = OK
Seq_Frame0046_Timestamp = 4.936
Seq_Frame0047_ForcepToReference-SequenceTransform =0.399387 -0.690074 -0.603562 126.857 0.273678 -0.538588 0.796884 -11.6996 -0.87498 -0.483447 -0.0262466 -15.6368 0 0 0 1 
Seq_Frame0047_ForcepToReference-SequenceTransformStatus = OK
Seq_Frame0047_Timestamp = 5.037
Seq_Frame0048_ForcepToReference-SequenceTransform =0.399928 -0.689929 -0.603371 126.852 0.272909 -0.53881 0.796997 -11.6864 -0.874973 -0.483407 -0.027197 -15.6667 0 0 0 1 
Seq_Frame0048_ForcepToReference-SequenceTransformStatus = OK
Seq_Frame0048_Timestamp = 5.152
Seq_Frame0049_ForcepToReference-SequenceTransform =0.399854 -0.690439 -0.602835 126.871 0.276138 -0.5364 0.79751 -11.7714 -0.873993 -0.485354 -0.0238251 -15.4859 0 0 0 1 
Seq_Frame0049_ForcepToReference-SequenceTransformStatus = OK
Seq_Frame0049_Timestamp = 5.261
Seq_Frame0050_ForcepToReference-SequenceTransform =0.402539 -0.689317 -0.602333 126.862 0.272743 -0.537798 0.797737 -11.7409 -0.873827 -0.485402 -0.0284785 -15.5909 0 0 0 1 
Seq_Frame0050_ForcepToReference-SequenceTransformStatus = OK
Seq_Frame0050_Timestamp = 5.368
Seq_Frame0051_ForcepToReference-SequenceTransform =0.397621 -0.690543 -0.604192 126.817 0.274589 -0.538753 0.796459 -11.6432 -0.875499 -0.482593 -0.0246038 -15.8766 0 0 0 1 
Seq_Frame0051_ForcepToReference-SequenceTransformStatus = OK
Seq_Frame0051_Timestamp = 5.471
Seq_Frame0052_ForcepToReference-SequenceTransform =0.39705 -0.690455 -0.604668 126.815 0.275298 -0.538892 0.79612 -11.5751 -0.875536 -0.482563 -0.023886 -15.9746 0 0 0 1 
Seq_Frame0052_ForcepToReference-SequenceTransformStatus = OK
Seq_Frame0052_Timestamp = 5.571
Seq_Frame0053_ForcepToReference-SequenceTransform =0.403133 -0.68871 -0.602629 126.817 0.274426 -0.537227 0.797545 -11.6408 -0.873026 -0.486894 -0.0275737 -15.8889 0 0 0 1 
Seq_Frame0053_ForcepToReference-SequenceTransformStatus = OK
Seq_Frame0053_Timestamp = 5.672
Seq_Frame0054_ForcepToReference-SequenceTransform =0.402742 -0.688915 -0.602657 126.783 0.271632 -0.538798 0.797441 -11.548 -0.87408 -0.484864 -0.0298655 -16.1166 0 0 0 1 
Seq_Frame0054_ForcepToReference-SequenceTransformStatus = OK
Seq_Frame0054_Timestamp = 5.785
Seq_Frame0055_ForcepToReference-SequenceTransform =0.399813 -0.689917 -0.60346 126.827 0.274761 -0.537885 0.796986 -11.6654 -0.874446 -0.484453 -0.0254909 -15.7662 0 0 0 1 
Seq_Frame0055_ForcepToReference-SequenceTransformStatus = OK
Seq_Frame0055_Timestamp = 5.886
Seq_Frame0056_ForcepToReference-SequenceTransform =0.389007 -0.706367 -0.591371 126.056 0.268357 -0.527205 0.80625 -11.9585 -0.881282 -0.472335 -0.0155284 -16.7462 0 0 0 1 
Seq_Frame0056_ForcepToReference-SequenceTransformStatus = OK
Seq_Frame0056_Timestamp = 5.987
Seq_Frame0057_ForcepToReference-SequenceTransform =0.450472 -0.645741 -0.616517 127.106 0.243238 -0.575659 0.780674 -12.7534 -0.859017 -0.501632 -0.10225 -17.9488 0 0 0 1 
Seq_Frame0057_ForcepToReference-SequenceTransformStatus = OK
Seq_Frame0057_Timestamp = 6.094
Seq_Frame0058_ForcepToReference-SequenceTransform =-0.481349 0.664492 -0.571623 120.069 -0.139065 -0.701779 -0.69869 19.7856 -0.865427 -0.256821 0.430208 -44.296 0 0 0 1 
Seq_Frame0058_ForcepToReference-SequenceTransformStatus = OK
Seq_Frame0058_Timestamp = 6.276
Seq_Frame0059_ForcepToReference-SequenceTransform =-0.371002 0.570524 -0.732707 129.479 0.229248 -0.708328 -0.66762 65.1986 -0.89989 -0.41566 0.132 -65.9986 0 0 0 1 
Seq_Frame0059_ForcepToReference-SequenceTransformStatus = OK
Seq_Frame0059_Timestamp = 6.381
Seq_Frame0060_ForcepToReference-SequenceTransform =-0.0748129 0.507174 -0.85859 153.301 0.387632 -0.778499 -0.49364 106.648 -0.918773 -0.369748 -0.138355 -69.2268 0 0 0 1 
Seq_Frame0060_ForcepToReference-SequenceTransformStatus = OK
Seq_Frame0060_Timestamp = 6.486
Seq_Frame0061_ForcepToReference-SequenceTransform =0.0500522 0.495272 -0.867295 173.314 0.514418 -0.757121 -0.402669 134.673 -0.856077 -0.425998 -0.292672 -50.0615 0 0 0 1 
Seq_Frame0061_ForcepToReference-SequenceTransformStatus = OK
Seq_Frame0061_Timestamp = 6.587
Seq_Frame0062_ForcepToReference-SequenceTransform =0.072846 0.484861 -0.871552 184.337 0.364687 -0.826307 -0.429209 140.612 -0.928276 -0.286578 -0.237016 -33.118 0 0 0 1 
Seq_Frame0062_ForcepToReference-SequenceTransformStatus = OK
Seq_Frame0062_Timestamp = 6.692
Seq_Frame0063_ForcepToReference-SequenceTransform =0.0556462 0.607859 -0.792093 193.816 0.358006 -0.752718 -0.552492 161.376 -0.93206 -0.25283 -0.259503 -16.0512 0 0 0 1 
Seq_Frame0063_ForcepToReference-SequenceTransformStatus = OK
Seq_Frame0063_Timestamp = 6.792
Seq_Frame0064_ForcepToReference-SequenceTransform =-0.0954097 0.916132 -0.389357 195.43 0.0468607 -0.386574 -0.921067 180.869 -0.994334 -0.106124 -0.0060477 4.94774 0 0 0 1 
Seq_Frame0064_ForcepToReference-SequenceTransformStatus = OK
Seq_Frame0064_Timestamp = 6.902
Seq_Frame0065_ForcepToReference-SequenceTransform =0.165524 0.969065 0.183069 203.929 -0.00582953 0.186588 -0.982421 211.889 -0.986189 0.161547 0.036534 26.5733 0 0 0 1 
Seq_Frame0065_ForcepToReference-SequenceTransformStatus = OK
Seq_Frame0065_Timestamp = 7.002
Seq_Frame0066_ForcepToReference-SequenceTransform =0.365057 0.921109 0.135247 227.585 -0.089594 0.179357 -0.979696 208.903 -0.926664 0.345527 0.148001 41.0635 0 0 0 1 
Seq_Frame0066_ForcepToReference-SequenceTransformStatus = OK
Seq_Frame0066_Timestamp = 7.103
Seq_Frame0067_ForcepToReference-SequenceTransform =0.381701 0.908536 0.169903 235.358 0.413432 -0.00341825 -0.910529 232.729 -0.826667 0.417793 -0.376922 64.7711 0 0 0 1 
Seq_Frame0067_ForcepToReference-SequenceTransformStatus = OK
Seq_Frame0067_Timestamp = 7.206
Seq_Frame0068_ForcepToReference-SequenceTransform =0.418318 0.894842 0.155784 231.4 0.648038 -0.173854 -0.741499 241.602 -0.636441 0.411136 -0.652618 87.5471 0 0 0 1 
Seq_Frame0068_ForcepToReference-SequenceTransformStatus = OK
Seq_Frame0068_Timestamp = 7.31
Seq_Frame0069_ForcepToReference-SequenceTransform =0.336456 0.895385 0.291689 213.433 0.801163 -0.109379 -0.588366 255.565 -0.494909 0.43165 -0.754151 109.801 0 0 0 1 
Seq_Frame0069_ForcepToReference-SequenceTransformStatus = OK
Seq_Frame0069_Timestamp = 7.41
Seq_Frame0070_ForcepToReference-SequenceTransform =0.168377 0.803677 0.570747 192.446 0.777204 0.247901 -0.578359 270.822 -0.606303 0.540969 -0.58288 115.555 0 0 0 1 
Seq_Frame0070_ForcepToReference-SequenceTransformStatus = OK
Seq_Frame0070_Timestamp = 7.518
Seq_Frame0071_ForcepToReference-SequenceTransform =0.492326 0.548318 0.67599 199.517 0.503349 0.45425 -0.735049 269.973 -0.710109 0.702143 -0.0523558 111.575 0 0 0 1 
Seq_Frame0071_ForcepToReference-SequenceTransformStatus = OK
Seq_Frame0071_Timestamp = 7.619
Seq_Frame0072_ForcepToReference-SequenceTransform =0.632478 0.526089 0.568508 210.783 0.311071 0.499652 -0.808445 262.218 -0.70937 0.68817 0.152368 112.086 0 0 0 1 
Seq_Frame0072_ForcepToReference-SequenceTransformStatus = OK
Seq_Frame0072_Timestamp = 7.721
Seq_Frame0073_ForcepToReference-SequenceTransform =0.632478 0.526089 0.568508 210.783 0.311071 0.499652 -0.808445 262.218 -0.70937 0.68817 0.152368 112.086 0 0 0 1 
Seq_Frame0073_ForcepToReference-SequenceTransformStatus = OK
Seq_Frame0073_Timestamp = 7.821
Seq_Frame0074_ForcepToReference-SequenceTransform =0.632478 0.526089 0.568508 210.783 0.311071 0.499652 -0.808445 262.218 -0.70937 0.68817 0.152368 112.086 0 0 0 1 
Seq_Frame0074_ForcepToReference-SequenceTransformStatus = OK
Seq_Frame0074_Timestamp = 7.926
Seq_Frame0075_ForcepToReference-SequenceTransform =0.632478 0.526089 0.568508 210.783 0.311071 0.499652 -0.808445 262.218 -0.70937 0.68817 0.152368 112.086 0 0 0 1 
Seq_Frame0075_ForcepToReference-SequenceTransformStatus = OK
Seq_Frame0075_Timestamp = 8.036
Seq_Frame0076_ForcepToReference-SequenceTransform =0.632478 0.526089 0.568508 210.783 0.311071 0.499652 -0.808445 262.218 -0.70937 0.68817 0.152368 112.086 0 0 0 1 
Seq_Frame0076_ForcepToReference-SequenceTransformStatus = OK
Seq_Frame0076_Timestamp = 8.146
Seq_Frame0077_ForcepToReference-SequenceTransform =0.987708 0.139184 0.0711431 229.467 0.000181208 0.454114 -0.890943 265.28 -0.156312 0.880005 0.448507 136.925 0 0 0 1 
Seq_Frame0077_ForcepToReference-SequenceTransformStatus = OK
Seq_Frame0077_Timestamp = 8.247
Seq_Frame0078_ForcepToReference-SequenceTransform =0.999025 0.0440151 -0.00328492 224.78 -0.0266172 0.541425 -0.840328 259.505 -0.0352085 0.839596 0.542069 138.975 0 0 0 1 
Seq_Frame0078_ForcepToReference-SequenceTransformStatus = OK
Seq_Frame0078_Timestamp = 8.356
Seq_Frame0079_ForcepToReference-SequenceTransform =0.997465 0.0558461 0.0440924 224.473 -0.00012728 0.621074 -0.783752 256.354 -0.0711541 0.78176 0.619506 133.51 0 0 0 1 
Seq_Frame0079_ForcepToReference-SequenceTransformStatus = OK
Seq_Frame0079_Timestamp = 8.46
Seq_Frame0080_ForcepToReference-SequenceTransform =0.937191 0.230058 0.262196 222.505 0.0911831 0.563957 -0.820755 255.75 -0.336689 0.793111 0.507558 120.834 0 0 0 1 
Seq_Frame0080_ForcepToReference-SequenceTransformStatus = OK
Seq_Frame0080_Timestamp = 8.561
Seq_Frame0081_ForcepToReference-SequenceTransform =0.220585 0.367869 -0.903335 227.476 0.973034 -0.147025 0.177731 238.403 -0.0674311 -0.918181 -0.39038 83.5139 0 0 0 1 
Seq_Frame0081_ForcepToReference-SequenceTransformStatus = OK
Seq_Frame0081_Timestamp = 8.671
Seq_Frame0082_ForcepToReference-SequenceTransform =-0.0116053 0.236519 -0.971558 205.422 0.966802 -0.24538 -0.0712846 232.554 -0.255261 -0.940132 -0.225819 46.7373 0 0 0 1 
Seq_Frame0082_ForcepToReference-SequenceTransformStatus = OK
Seq_Frame0082_Timestamp = 8.772
Seq_Frame0083_ForcepToReference-SequenceTransform =-0.204297 0.00593718 -0.978891 165.151 0.752118 -0.639099 -0.160845 158.152 -0.626564 -0.769101 0.126101 -15.829 0 0 0 1 
Seq_Frame0083_ForcepToReference-SequenceTransformStatus = OK
Seq_Frame0083_Timestamp = 8.881
Seq_Frame0084_ForcepToReference-SequenceTransform =-0.458122 -0.0118206 -0.888811 130.42 0.557817 -0.782336 -0.277112 113.324 -0.692073 -0.622745 0.364999 -43.8861 0 0 0 1 
Seq_Frame0084_ForcepToReference-SequenceTransformStatus = OK
Seq_Frame0084_Timestamp = 8.986
Seq_Frame0085_ForcepToReference-SequenceTransform =-0.760046 0.628184 0.166476 88.7176 -0.446588 -0.318775 -0.836027 73.1291 -0.472111 -0.709766 0.522823 -50.7394 0 0 0 1 
Seq_Frame0085_ForcepToReference-SequenceTransformStatus = OK
Seq_Frame0085_Timestamp = 9.091
Seq_Frame0086_ForcepToReference-SequenceTransform =-0.484204 0.491328 0.723978 73.4523 -0.810495 0.0598424 -0.58268 46.6661 -0.329611 -0.868917 0.369243 -45.2936 0 0 0 1 
Seq_Frame0086_ForcepToReference-SequenceTransformStatus = OK
Seq_Frame0086_Timestamp = 9.2
Seq_Frame0087_ForcepToReference-SequenceTransform =-0.668146 0.636244 0.385713 78.0249 -0.615324 -0.181077 -0.767195 56.942 -0.418279 -0.749936 0.512482 -55.0321 0 0 0 1 
Seq_Frame0087_ForcepToReference-SequenceTransformStatus = OK
Seq_Frame0087_Timestamp = 9.301
Seq_Frame0088_ForcepToReference-SequenceTransform =-0.795246 0.595989 -0.111268 84.8698 -0.153411 -0.375358 -0.914096 96.4531 -0.586556 -0.709862 0.389934 -67.1749 0 0 0 1 
Seq_Frame0088_ForcepToReference-SequenceTransformStatus = OK
Seq_Frame0088_Timestamp = 9.401
Seq_Frame0089_ForcepToReference-SequenceTransform =-0.503296 -0.0966467 -0.858692 97.8872 0.621715 -0.730654 -0.282163 108.318 -0.600137 -0.675873 0.427822 -75.16 0 0 0 1 
Seq_Frame0089_ForcepToReference-SequenceTransformStatus = OK
Seq_Frame0089_Timestamp = 9.502
Seq_Frame0090_ForcepToReference-SequenceTransform =0.115385 -0.446615 -0.887255 119.459 0.78061 -0.511604 0.359041 99.8122 -0.614276 -0.734028 0.289601 -68.4926 0 0 0 1 
Seq_Frame0090_ForcepToReference-SequenceTransformStatus = OK
Seq_Frame0090_Timestamp = 9.646
Seq_Frame0091_ForcepToReference-SequenceTransform =0.0959423 -0.389506 -0.916013 119.349 0.518778 -0.765824 0.379978 64.1081 -0.849508 -0.511663 0.128592 -56.7946 0 0 0 1 
Seq_Frame0091_ForcepToReference-SequenceTransformStatus = OK
Seq_Frame0091_Timestamp = 9.746
Seq_Frame0092_ForcepToReference-SequenceTransform =-0.00971266 -0.406547 -0.913578 114.816 0.515322 -0.784992 0.343847 53.8672 -0.856942 -0.467447 0.217127 -59.3538 0 0 0 1 
Seq_Frame0092_ForcepToReference-SequenceTransformStatus = OK
Seq_Frame0092_Timestamp = 9.857
Seq_Frame0093_ForcepToReference-SequenceTransform =0.140874 -0.378783 -0.914701 128.549 0.580967 -0.716482 0.386174 54.3514 -0.801643 -0.585813 0.119127 -56.1051 0 0 0 1 
Seq_Frame0093_ForcepToReference-SequenceTransformStatus = OK
Seq_Frame0093_Timestamp = 9.961
Seq_Frame0094_ForcepToReference-SequenceTransform =0.36478 -0.396127 -0.842626 140.798 0.314992 -0.799123 0.512038 19.3453 -0.876194 -0.452202 -0.166728 -33.7752 0 0 0 1 
Seq_Frame0094_ForcepToReference-SequenceTransformStatus = OK
Seq_Frame0094_Timestamp = 10.066
Seq_Frame0095_ForcepToReference-SequenceTransform =0.430491 -0.363883 -0.825995 143.996 0.2831 -0.814519 0.506373 6.93428 -0.857049 -0.451828 -0.247628 -20.2336 0 0 0 1 
Seq_Frame0095_ForcepToReference-SequenceTransformStatus = OK
Seq_Frame0095_Timestamp = 10.171
Seq_Frame0096_ForcepToReference-SequenceTransform =0.427097 -0.334105 -0.840216 142.721 0.323876 -0.811049 0.487139 3.97259 -0.844211 -0.480181 -0.238188 -16.6563 0 0 0 1 
Seq_Frame0096_ForcepToReference-SequenceTransformStatus = OK
Seq_Frame0096_Timestamp = 10.272
Seq_Frame0097_ForcepToReference-SequenceTransform =0.435806 -0.350367 -0.829045 138.803 0.310627 -0.805972 0.503904 -9.91676 -0.844739 -0.477129 -0.242414 -0.863853 0 0 0 1 
Seq_Frame0097_ForcepToReference-SequenceTransformStatus = OK
Seq_Frame0097_Timestamp = 10.381
Seq_Frame0098_ForcepToReference-SequenceTransform =0.42412 -0.339865 -0.839413 138.265 0.322079 -0.809698 0.490566 -4.91233 -0.846397 -0.478416 -0.233946 -11.5079 0 0 0 1 
Seq_Frame0098_ForcepToReference-SequenceTransformStatus = OK
Seq_Frame0098_Timestamp = 10.482
Seq_Frame0099_ForcepToReference-SequenceTransform =0.410565 -0.321006 -0.853459 140.613 0.347539 -0.810242 0.471938 -3.35163 -0.843003 -0.490371 -0.221095 -11.6005 0 0 0 1 
Seq_Frame0099_ForcepToReference-SequenceTransformStatus = OK
Seq_Frame0099_Timestamp = 10.585
Seq_Frame0100_ForcepToReference-SequenceTransform =0.523843 -0.318486 -0.790035 138.578 0.303955 -0.796526 0.522645 -10.006 -0.795739 -0.513919 -0.320449 -5.62964 0 0 0 1 
Seq_Frame0100_ForcepToReference-SequenceTransformStatus = OK
Seq_Frame0100_Timestamp = 10.686
Seq_Frame0101_ForcepToReference-SequenceTransform =0.379195 -0.423771 -0.822575 137.568 0.352117 -0.756001 0.551794 -6.21243 -0.855702 -0.49888 -0.137455 -12.4311 0 0 0 1 
Seq_Frame0101_ForcepToReference-SequenceTransformStatus = OK
Seq_Frame0101_Timestamp = 11.411
Seq_Frame0102_ForcepToReference-SequenceTransform =0.45046 -0.469796 -0.759195 139.121 0.357548 -0.684258 0.635571 -5.85932 -0.818074 -0.557748 -0.140256 -9.78033 0 0 0 1 
Seq_Frame0102_ForcepToReference-SequenceTransformStatus = OK
Seq_Frame0102_Timestamp = 11.512
Seq_Frame0103_ForcepToReference-SequenceTransform =0.486148 -0.522556 -0.700425 136.262 0.334561 -0.629153 0.701595 -7.17092 -0.807297 -0.575414 -0.131035 -10.4778 0 0 0 1 
Seq_Frame0103_ForcepToReference-SequenceTransformStatus = OK
Seq_Frame0103_Timestamp = 11.616
Seq_Frame0104_ForcepToReference-SequenceTransform =0.491478 -0.534475 -0.687594 135.066 0.326261 -0.619035 0.714388 -8.00671 -0.807467 -0.575441 -0.129863 -11.1321 0 0 0 1 
Seq_Frame0104_ForcepToReference-SequenceTransformStatus = OK
Seq_Frame0104_Timestamp = 11.716
Seq_Frame0105_ForcepToReference-SequenceTransform =0.491526 -0.541958 -0.681677 134.038 0.327004 -0.610622 0.721255 -9.29596 -0.807137 -0.577427 -0.122914 -12.582 0 0 0 1 
Seq_Frame0105_ForcepToReference-SequenceTransformStatus = OK
Seq_Frame0105_Timestamp = 11.817
Seq_Frame0106_ForcepToReference-SequenceTransform =0.498987 -0.548998 -0.670531 133.857 0.324307 -0.599224 0.731954 -10.0041 -0.80364 -0.582693 -0.120961 -13.1335 0 0 0 1 
Seq_Frame0106_ForcepToReference-SequenceTransformStatus = OK
Seq_Frame0106_Timestamp = 11.918
Seq_Frame0107_ForcepToReference-SequenceTransform =0.501356 -0.544127 -0.672732 133.957 0.325677 -0.601653 0.729348 -9.94749 -0.801609 -0.584756 -0.124432 -13.0327 0 0 0 1 
Seq_Frame0107_ForcepToReference-SequenceTransformStatus = OK
Seq_Frame0107_Timestamp = 12.021
Seq_Frame0108_ForcepToReference-SequenceTransform =0.508672 -0.533044 -0.676104 134.132 0.32141 -0.610948 0.723491 -9.77768 -0.798717 -0.585326 -0.139447 -12.8509 0 0 0 1 
Seq_Frame0108_ForcepToReference-SequenceTransformStatus = OK
Seq_Frame0108_Timestamp = 12.121
Seq_Frame0109_ForcepToReference-SequenceTransform =0.507829 -0.533231 -0.67659 134.139 0.323007 -0.610239 0.723378 -9.84778 -0.798609 -0.585896 -0.13766 -12.7656 0 0 0 1 
Seq_Frame0109_ForcepToReference-SequenceTransformStatus = OK
Seq_Frame0109_Timestamp = 12.23
Seq_Frame0110_ForcepToReference-SequenceTransform =0.506658 -0.533152 -0.67753 134.141 0.322582 -0.61155 0.722459 -9.85121 -0.799524 -0.584599 -0.137861 -12.8267 0 0 0 1 
Seq_Frame0110_ForcepToReference-SequenceTransformStatus = OK
Seq_Frame0110_Timestamp = 12.341
Seq_Frame0111_ForcepToReference-SequenceTransform =0.506938 -0.533168 -0.677307 134.13 0.322263 -0.611547 0.722604 -9.72608 -0.799475 -0.584587 -0.138196 -13.0342 0 0 0 1 
Seq_Frame0111_ForcepToReference-SequenceTransformStatus = OK
Seq_Frame0111_Timestamp = 12.442
Seq_Frame0112_ForcepToReference-SequenceTransform =0.506716 -0.533188 -0.677458 134.131 0.323323 -0.610924 0.722658 -9.74361 -0.799188 -0.58522 -0.137173 -12.9905 0 0 0 1 
Seq_Frame0112_ForcepToReference-SequenceTransformStatus = OK
Seq_Frame0112_Timestamp = 12.543
Seq_Frame0113_ForcepToReference-SequenceTransform =0.510232 -0.532207 -0.675588 134.158 0.321634 -0.610454 0.723808 -9.86577 -0.797631 -0.586602 -0.140297 -12.6499 0 0 0 1 
Seq_Frame0113_ForcepToReference-SequenceTransformStatus = OK
Seq_Frame0113_Timestamp = 12.647
Seq_Frame0114_ForcepToReference-SequenceTransform =0.508955 -0.533313 -0.675678 134.154 0.321427 -0.610425 0.723924 -9.85823 -0.798529 -0.585626 -0.139258 -12.7643 0 0 0 1 
Seq_Frame0114_ForcepToReference-SequenceTransformStatus = OK
Seq_Frame0114_Timestamp = 12.76
Seq_Frame0115_ForcepToReference-SequenceTransform =0.508621 -0.535166 -0.674464 134.149 0.326059 -0.605289 0.726162 -10.0689 -0.796863 -0.589256 -0.133366 -12.7364 0 0 0 1 
Seq_Frame0115_ForcepToReference-SequenceTransformStatus = OK
Seq_Frame0115_Timestamp = 12.868
Seq_Frame0116_ForcepToReference-SequenceTransform =0.506412 -0.533132 -0.67773 134.182 0.321711 -0.612399 0.722128 -9.69063 -0.800031 -0.583727 -0.138612 -12.828 0 0 0 1 
Seq_Frame0116_ForcepToReference-SequenceTransformStatus = OK
Seq_Frame0116_Timestamp = 12.971
Seq_Frame0117_ForcepToReference-SequenceTransform =0.507184 -0.534108 -0.676382 134.173 0.32299 -0.609819 0.723739 -9.89166 -0.799025 -0.585534 -0.136779 -12.7121 0 0 0 1 
Seq_Frame0117_ForcepToReference-SequenceTransformStatus = OK
Seq_Frame0117_Timestamp = 13.071
Seq_Frame0118_ForcepToReference-SequenceTransform =0.508055 -0.533975 -0.675834 134.153 0.32347 -0.608925 0.724277 -9.92264 -0.798278 -0.586585 -0.136642 -12.7411 0 0 0 1 
Seq_Frame0118_ForcepToReference-SequenceTransformStatus = OK
Seq_Frame0118_Timestamp = 13.172
Seq_Frame0119_ForcepToReference-SequenceTransform =0.507534 -0.533183 -0.676849 134.165 0.321555 -0.611584 0.722888 -9.76053 -0.799382 -0.584534 -0.138952 -12.8147 0 0 0 1 
Seq_Frame0119_ForcepToReference-SequenceTransformStatus = OK
Seq_Frame0119_Timestamp = 13.272
Seq_Frame0120_ForcepToReference-SequenceTransform =0.507781 -0.533242 -0.676618 134.166 0.321896 -0.611079 0.723164 -9.77321 -0.799088 -0.585009 -0.138646 -12.7976 0 0 0 1 
Seq_Frame0120_ForcepToReference-SequenceTransformStatus = OK
Seq_Frame0120_Timestamp = 13.385
Seq_Frame0121_ForcepToReference-SequenceTransform =0.508742 -0.533088 -0.676017 134.172 0.322443 -0.610088 0.723756 -9.86766 -0.798256 -0.586182 -0.138487 -12.7572 0 0 0 1 
Seq_Frame0121_ForcepToReference-SequenceTransformStatus = OK
Seq_Frame0121_Timestamp = 13.492
Seq_Frame0122_ForcepToReference-SequenceTransform =0.509013 -0.533504 -0.675484 134.164 0.322732 -0.609216 0.724362 -9.95425 -0.797966 -0.58671 -0.13792 -12.7294 0 0 0 1 
Seq_Frame0122_ForcepToReference-SequenceTransformStatus = OK
Seq_Frame0122_Timestamp = 13.596
Seq_Frame0123_ForcepToReference-SequenceTransform =0.509884 -0.533118 -0.675132 134.148 0.322819 -0.608879 0.724606 -9.96126 -0.797374 -0.587411 -0.138357 -12.7334 0 0 0 1 
Seq_Frame0123_ForcepToReference-SequenceTransformStatus = OK
Seq_Frame0123_Timestamp = 13.696
Seq_Frame0124_ForcepToReference-SequenceTransform =0.508376 -0.533421 -0.67603 134.142 0.322175 -0.610217 0.723767 -9.87418 -0.798597 -0.585745 -0.138365 -12.7891 0 0 0 1 
Seq_Frame0124_ForcepToReference-SequenceTransformStatus = OK
Seq_Frame0124_Timestamp = 13.801
Seq_Frame0125_ForcepToReference-SequenceTransform =0.508581 -0.533156 -0.676085 134.146 0.322439 -0.610146 0.723709 -9.91246 -0.79836 -0.586061 -0.138398 -12.7284 0 0 0 1 
Seq_Frame0125_ForcepToReference-SequenceTransformStatus = OK
Seq_Frame0125_Timestamp = 13.902
Seq_Frame0126_ForcepToReference-SequenceTransform =0.50961 -0.533096 -0.675356 134.157 0.323122 -0.608897 0.724457 -9.98503 -0.797427 -0.587413 -0.138045 -12.6148 0 0 0 1 
Seq_Frame0126_ForcepToReference-SequenceTransformStatus = OK
Seq_Frame0126_Timestamp = 14.007
Seq_Frame0127_ForcepToReference-SequenceTransform =0.508491 -0.533309 -0.676031 134.151 0.322131 -0.610277 0.723735 -9.88493 -0.798541 -0.585784 -0.138525 -12.7263 0 0 0 1 
Seq_Frame0127_ForcepToReference-SequenceTransformStatus = OK
Seq_Frame0127_Timestamp = 14.116
Seq_Frame0128_ForcepToReference-SequenceTransform =0.508362 -0.533513 -0.675968 134.141 0.321484 -0.610636 0.723721 -9.88434 -0.798885 -0.585225 -0.138908 -12.7668 0 0 0 1 
Seq_Frame0128_ForcepToReference-SequenceTransformStatus = OK
Seq_Frame0128_Timestamp = 14.222
Seq_Frame0129_ForcepToReference-SequenceTransform =0.50814 -0.533545 -0.676109 134.152 0.32362 -0.609208 0.723972 -9.92155 -0.798163 -0.586682 -0.136897 -12.7343 0 0 0 1 
Seq_Frame0129_ForcepToReference-SequenceTransformStatus = OK
Seq_Frame0129_Timestamp = 14.326
Seq_Frame0130_ForcepToReference-SequenceTransform =0.508669 -0.53322 -0.675968 134.162 0.323188 -0.609457 0.723955 -9.92329 -0.798001 -0.586718 -0.137681 -12.6596 0 0 0 1 
Seq_Frame0130_ForcepToReference-SequenceTransformStatus = OK
Seq_Frame0130_Timestamp = 14.427
Seq_Frame0131_ForcepToReference-SequenceTransform =0.509205 -0.533038 -0.675708 134.161 0.322291 -0.60989 0.723991 -9.896 -0.798022 -0.586434 -0.138766 -12.6955 0 0 0 1 
Seq_Frame0131_ForcepToReference-SequenceTransformStatus = OK
Seq_Frame0131_Timestamp = 14.535
Seq_Frame0132_ForcepToReference-SequenceTransform =0.508423 -0.533362 -0.676041 134.155 0.32318 -0.609505 0.723919 -9.89505 -0.798161 -0.58654 -0.137514 -12.6912 0 0 0 1 
Seq_Frame0132_ForcepToReference-SequenceTransformStatus = OK
Seq_Frame0132_Timestamp = 14.636
Seq_Frame0133_ForcepToReference-SequenceTransform =0.508589 -0.533279 -0.675981 134.162 0.322726 -0.609797 0.723876 -9.91408 -0.798239 -0.586312 -0.138033 -12.6818 0 0 0 1 
Seq_Frame0133_ForcepToReference-SequenceTransformStatus = OK
Seq_Frame0133_Timestamp = 14.736
Seq_Frame0134_ForcepToReference-SequenceTransform =0.508625 -0.533486 -0.675791 134.149 0.323833 -0.608732 0.724277 -9.89843 -0.797767 -0.587229 -0.136856 -12.78 0 0 0 1 
Seq_Frame0134_ForcepToReference-SequenceTransformStatus = OK
Seq_Frame0134_Timestamp = 14.837
Seq_Frame0135_ForcepToReference-SequenceTransform =0.508977 -0.533207 -0.675746 134.159 0.323459 -0.609029 0.724195 -9.89914 -0.797694 -0.587175 -0.137511 -12.7117 0 0 0 1 
Seq_Frame0135_ForcepToReference-SequenceTransformStatus = OK
Seq_Frame0135_Timestamp = 14.941
Seq_Frame0136_ForcepToReference-SequenceTransform =0.509545 -0.533132 -0.675377 134.157 0.322891 -0.609079 0.724406 -9.91474 -0.797562 -0.587191 -0.13821 -12.722 0 0 0 1 
Seq_Frame0136_ForcepToReference-SequenceTransformStatus = OK
Seq_Frame0136_Timestamp = 15.046
Seq_Frame0137_ForcepToReference-SequenceTransform =0.509495 -0.53315 -0.675401 134.163 0.322586 -0.609324 0.724336 -9.94358 -0.797717 -0.586921 -0.138461 -12.6649 0 0 0 1 
Seq_Frame0137_ForcepToReference-SequenceTransformStatus = OK
Seq_Frame0137_Timestamp = 15.147
Seq_Frame0138_ForcepToReference-SequenceTransform =0.509661 -0.533014 -0.675383 134.157 0.3226 -0.609329 0.724326 -9.95528 -0.797606 -0.587039 -0.138602 -12.6681 0 0 0 1 
Seq_Frame0138_ForcepToReference-SequenceTransformStatus = OK
Seq_Frame0138_Timestamp = 15.251
Seq_Frame0139_ForcepToReference-SequenceTransform =0.509031 -0.533428 -0.67553 134.171 0.322388 -0.609537 0.724245 -9.94365 -0.798093 -0.586446 -0.138303 -12.6607 0 0 0 1 
Seq_Frame0139_ForcepToReference-SequenceTransformStatus = OK
Seq_Frame0139_Timestamp = 15.359
Seq_Frame0140_ForcepToReference-SequenceTransform =0.508501 -0.533423 -0.675934 134.175 0.323881 -0.608862 0.724146 -9.95326 -0.797827 -0.587152 -0.136842 -12.6039 0 0 0 1 
Seq_Frame0140_ForcepToReference-SequenceTransformStatus = OK
Seq_Frame0140_Timestamp = 15.462
Seq_Frame0141_ForcepToReference-SequenceTransform =0.509861 -0.533008 -0.675237 134.169 0.322806 -0.609025 0.724489 -9.94211 -0.797395 -0.587359 -0.13846 -12.6203 0 0 0 1 
Seq_Frame0141_ForcepToReference-SequenceTransformStatus = OK
Seq_Frame0141_Timestamp = 15.562
Seq_Frame0142_ForcepToReference-SequenceTransform =0.509483 -0.533112 -0.67544 134.172 0.322646 -0.60933 0.724304 -9.93064 -0.797701 -0.586948 -0.138437 -12.6222 0 0 0 1 
Seq_Frame0142_ForcepToReference-SequenceTransformStatus = OK
Seq_Frame0142_Timestamp = 15.663
Seq_Frame0143_ForcepToReference-SequenceTransform =0.508293 -0.533504 -0.676027 134.148 0.32301 -0.60958 0.723931 -9.87211 -0.798312 -0.586333 -0.137518 -12.7716 0 0 0 1 
Seq_Frame0143_ForcepToReference-SequenceTransformStatus = OK
Seq_Frame0143_Timestamp = 15.768
Seq_Frame0144_ForcepToReference-SequenceTransform =0.510078 -0.532734 -0.675289 134.136 0.321604 -0.610032 0.724176 -9.86119 -0.797741 -0.586562 -0.139835 -12.7876 0 0 0 1 
Seq_Frame0144_ForcepToReference-SequenceTransformStatus = OK
Seq_Frame0144_Timestamp = 15.876
Seq_Frame0145_ForcepToReference-SequenceTransform =0.510141 -0.532814 -0.675178 134.136 0.321785 -0.609763 0.724322 -9.85182 -0.797628 -0.586769 -0.139614 -12.8184 0 0 0 1 
Seq_Frame0145_ForcepToReference-SequenceTransformStatus = OK
Seq_Frame0145_Timestamp = 15.981
Seq_Frame0146_ForcepToReference-SequenceTransform =0.510699 -0.532827 -0.674746 134.122 0.321725 -0.609353 0.724695 -9.88543 -0.797295 -0.587183 -0.139772 -12.8295 0 0 0 1 
Seq_Frame0146_ForcepToReference-SequenceTransformStatus = OK
Seq_Frame0146_Timestamp = 16.086
Seq_Frame0147_ForcepToReference-SequenceTransform =0.509424 -0.533154 -0.675451 134.13 0.323018 -0.609058 0.724367 -9.87606 -0.797588 -0.587192 -0.13805 -12.8117 0 0 0 1 
Seq_Frame0147_ForcepToReference-SequenceTransformStatus = OK
Seq_Frame0147_Timestamp = 16.186
Seq_Frame0148_ForcepToReference-SequenceTransform =0.510063 -0.532774 -0.675269 134.136 0.321885 -0.609795 0.724251 -9.8513 -0.797638 -0.586773 -0.139542 -12.7727 0 0 0 1 
Seq_Frame0148_ForcepToReference-SequenceTransformStatus = OK
Seq_Frame0148_Timestamp = 16.293
Seq_Frame0149_ForcepToReference-SequenceTransform =0.50904 -0.532982 -0.675876 134.126 0.321321 -0.610791 0.723662 -9.8156 -0.798518 -0.585546 -0.139659 -12.8274 0 0 0 1 
Seq_Frame0149_ForcepToReference-SequenceTransformStatus = OK
