ObjectType = Image
NDims = 3
AnatomicalOrientation = RAI
BinaryData = True
CompressedData = False
DimSize = 0 0 1787
ElementSpacing = 1 1 1
Offset = 0 0 0
TransformMatrix = 1 0 0 0 1 0 0 0 1
ElementType = MET_UCHAR
Kinds = domain domain list
Seq_Frame0000_DriverToReference-SequenceTransform =-0.964837 -0.227738 0.131245 -5.05318 -0.0209769 0.564437 0.82521 60.8924 -0.262011 0.793439 -0.549367 95.494 0 0 0 1 
Seq_Frame0000_DriverToReference-SequenceTransformStatus = OK
Seq_Frame0000_Timestamp = 0.013
Seq_Frame0001_DriverToReference-SequenceTransform =-0.966153 -0.224361 0.127319 -5.04941 -0.0223207 0.564398 0.825201 60.9005 -0.257002 0.794429 -0.550303 95.5894 0 0 0 1 
Seq_Frame0001_DriverToReference-SequenceTransformStatus = OK
Seq_Frame0001_Timestamp = 0.123
Seq_Frame0002_DriverToReference-SequenceTransform =-0.965454 -0.226414 0.12898 -5.05693 -0.0221818 0.564598 0.825068 60.9122 -0.259629 0.793704 -0.550116 95.5106 0 0 0 1 
Seq_Frame0002_DriverToReference-SequenceTransformStatus = OK
Seq_Frame0002_Timestamp = 0.235
Seq_Frame0003_DriverToReference-SequenceTransform =-0.96645 -0.223762 0.126113 -5.05704 -0.0230582 0.56459 0.825049 60.8651 -0.255816 0.794461 -0.550808 95.6567 0 0 0 1 
Seq_Frame0003_DriverToReference-SequenceTransformStatus = OK
Seq_Frame0003_Timestamp = 0.339
Seq_Frame0004_DriverToReference-SequenceTransform =-0.966236 -0.224176 0.127018 -5.04891 -0.0224902 0.564465 0.825151 60.8787 -0.256676 0.794433 -0.550448 95.625 0 0 0 1 
Seq_Frame0004_DriverToReference-SequenceTransformStatus = OK
Seq_Frame0004_Timestamp = 0.443
Seq_Frame0005_DriverToReference-SequenceTransform =-0.965228 -0.226766 0.130045 -5.0706 -0.0213282 0.564136 0.825407 60.9329 -0.260538 0.793932 -0.549356 95.4444 0 0 0 1 
Seq_Frame0005_DriverToReference-SequenceTransformStatus = OK
Seq_Frame0005_Timestamp = 0.548
Seq_Frame0006_DriverToReference-SequenceTransform =-0.966437 -0.223609 0.126487 -5.09446 -0.0223283 0.563596 0.825749 60.9548 -0.255933 0.79521 -0.549673 95.5075 0 0 0 1 
Seq_Frame0006_DriverToReference-SequenceTransformStatus = OK
Seq_Frame0006_Timestamp = 0.658
Seq_Frame0007_DriverToReference-SequenceTransform =-0.964921 -0.227383 0.131239 -5.09265 -0.0208265 0.564604 0.825099 60.8666 -0.261712 0.793423 -0.549534 95.5135 0 0 0 1 
Seq_Frame0007_DriverToReference-SequenceTransformStatus = OK
Seq_Frame0007_Timestamp = 0.763
Seq_Frame0008_DriverToReference-SequenceTransform =-0.965493 -0.226257 0.128959 -5.06026 -0.0222764 0.565117 0.82471 60.9371 -0.259473 0.793379 -0.550657 95.5154 0 0 0 1 
Seq_Frame0008_DriverToReference-SequenceTransformStatus = OK
Seq_Frame0008_Timestamp = 0.874
Seq_Frame0009_DriverToReference-SequenceTransform =-0.964741 -0.228096 0.13133 -5.08255 -0.0215382 0.565714 0.82432 60.925 -0.262319 0.792427 -0.55068 95.5475 0 0 0 1 
Seq_Frame0009_DriverToReference-SequenceTransformStatus = OK
Seq_Frame0009_Timestamp = 0.984
Seq_Frame0010_DriverToReference-SequenceTransform =-0.96528 -0.226546 0.130047 -5.07231 -0.0218009 0.565979 0.824131 60.9585 -0.260308 0.792682 -0.551267 95.4461 0 0 0 1 
Seq_Frame0010_DriverToReference-SequenceTransformStatus = OK
Seq_Frame0010_Timestamp = 1.088
Seq_Frame0011_DriverToReference-SequenceTransform =-0.965131 -0.226652 0.130965 -5.08165 -0.0203113 0.563638 0.825772 60.8891 -0.26098 0.794318 -0.548588 95.4944 0 0 0 1 
Seq_Frame0011_DriverToReference-SequenceTransformStatus = OK
Seq_Frame0011_Timestamp = 1.193
Seq_Frame0012_DriverToReference-SequenceTransform =-0.965711 -0.225971 0.127826 -5.05626 -0.0237147 0.567079 0.823322 60.9538 -0.258534 0.79206 -0.552993 95.6245 0 0 0 1 
Seq_Frame0012_DriverToReference-SequenceTransformStatus = OK
Seq_Frame0012_Timestamp = 1.303
Seq_Frame0013_DriverToReference-SequenceTransform =-0.966 -0.224822 0.127668 -5.05483 -0.0223385 0.56453 0.82511 60.9102 -0.257576 0.794204 -0.550358 95.586 0 0 0 1 
Seq_Frame0013_DriverToReference-SequenceTransformStatus = OK
Seq_Frame0013_Timestamp = 1.408
Seq_Frame0014_DriverToReference-SequenceTransform =-0.96464 -0.228251 0.131799 -5.08051 -0.0210121 0.565056 0.824785 60.937 -0.262732 0.792851 -0.549872 95.4886 0 0 0 1 
Seq_Frame0014_DriverToReference-SequenceTransformStatus = OK
Seq_Frame0014_Timestamp = 1.513
Seq_Frame0015_DriverToReference-SequenceTransform =-0.964991 -0.227425 0.130654 -5.11288 -0.0215103 0.565085 0.824752 60.9613 -0.2614 0.793068 -0.550194 95.5113 0 0 0 1 
Seq_Frame0015_DriverToReference-SequenceTransformStatus = OK
Seq_Frame0015_Timestamp = 1.623
Seq_Frame0016_DriverToReference-SequenceTransform =-0.958737 -0.257498 0.120491 -5.56504 -0.0476719 0.563436 0.824783 61.3645 -0.280268 0.785006 -0.552462 96.5358 0 0 0 1 
Seq_Frame0016_DriverToReference-SequenceTransformStatus = OK
Seq_Frame0016_Timestamp = 1.729
Seq_Frame0017_DriverToReference-SequenceTransform =-0.939184 -0.320261 0.123958 -6.64327 -0.0790835 0.552956 0.829449 62.2332 -0.334184 0.769202 -0.544655 97.5113 0 0 0 1 
Seq_Frame0017_DriverToReference-SequenceTransformStatus = OK
Seq_Frame0017_Timestamp = 1.838
Seq_Frame0018_DriverToReference-SequenceTransform =-0.937235 -0.329369 0.114482 -7.11888 -0.0969445 0.561496 0.821781 63.5522 -0.33495 0.759104 -0.558184 99.1665 0 0 0 1 
Seq_Frame0018_DriverToReference-SequenceTransformStatus = OK
Seq_Frame0018_Timestamp = 1.943
Seq_Frame0019_DriverToReference-SequenceTransform =-0.947017 -0.29024 0.137552 -7.09633 -0.0642679 0.59084 0.804225 63.2345 -0.314689 0.752774 -0.578189 98.6577 0 0 0 1 
Seq_Frame0019_DriverToReference-SequenceTransformStatus = OK
Seq_Frame0019_Timestamp = 2.052
Seq_Frame0020_DriverToReference-SequenceTransform =-0.960756 -0.27052 0.0613694 -5.411 -0.123107 0.614071 0.779591 64.0384 -0.24858 0.741442 -0.623275 95.2077 0 0 0 1 
Seq_Frame0020_DriverToReference-SequenceTransformStatus = OK
Seq_Frame0020_Timestamp = 2.158
Seq_Frame0021_DriverToReference-SequenceTransform =-0.958938 -0.279378 0.0488455 -2.08195 -0.144985 0.630905 0.762193 63.7804 -0.243757 0.723814 -0.645505 92.3134 0 0 0 1 
Seq_Frame0021_DriverToReference-SequenceTransformStatus = OK
Seq_Frame0021_Timestamp = 2.263
Seq_Frame0022_DriverToReference-SequenceTransform =-0.951412 -0.307538 0.0153692 4.30686 -0.196726 0.645482 0.738006 64.261 -0.236885 0.699124 -0.674619 88.4815 0 0 0 1 
Seq_Frame0022_DriverToReference-SequenceTransformStatus = OK
Seq_Frame0022_Timestamp = 2.373
Seq_Frame0023_DriverToReference-SequenceTransform =-0.952853 -0.302606 -0.0223888 11.0245 -0.229952 0.671996 0.703949 64.1552 -0.197974 0.675908 -0.709898 82.8504 0 0 0 1 
Seq_Frame0023_DriverToReference-SequenceTransformStatus = OK
Seq_Frame0023_Timestamp = 2.478
Seq_Frame0024_DriverToReference-SequenceTransform =-0.956513 -0.264871 -0.122177 18.4948 -0.281905 0.73184 0.620435 65.0161 -0.0749213 0.627896 -0.774683 75.1452 0 0 0 1 
Seq_Frame0024_DriverToReference-SequenceTransformStatus = OK
Seq_Frame0024_Timestamp = 2.588
Seq_Frame0025_DriverToReference-SequenceTransform =-0.929826 -0.270569 -0.249433 27.7677 -0.363155 0.784276 0.50302 69.2879 0.0595221 0.558304 -0.827499 68.2143 0 0 0 1 
Seq_Frame0025_DriverToReference-SequenceTransformStatus = OK
Seq_Frame0025_Timestamp = 2.693
Seq_Frame0026_DriverToReference-SequenceTransform =-0.771759 -0.305554 -0.557696 32.7805 -0.552511 0.756379 0.350175 85.1259 0.314832 0.578384 -0.752564 57.8836 0 0 0 1 
Seq_Frame0026_DriverToReference-SequenceTransformStatus = OK
Seq_Frame0026_Timestamp = 2.794
Seq_Frame0027_DriverToReference-SequenceTransform =-0.597759 -0.366984 -0.712746 30.1779 -0.763887 0.530484 0.367509 130.525 0.243231 0.764139 -0.597436 49.6077 0 0 0 1 
Seq_Frame0027_DriverToReference-SequenceTransformStatus = OK
Seq_Frame0027_Timestamp = 2.908
Seq_Frame0028_DriverToReference-SequenceTransform =-0.597759 -0.366984 -0.712746 30.1779 -0.763887 0.530484 0.367509 130.525 0.243231 0.764139 -0.597436 49.6077 0 0 0 1 
Seq_Frame0028_DriverToReference-SequenceTransformStatus = OK
Seq_Frame0028_Timestamp = 3.013
Seq_Frame0029_DriverToReference-SequenceTransform =-0.753107 -0.173037 -0.634735 -26.9135 -0.656913 0.250572 0.711111 244.926 0.035998 0.952508 -0.302378 94.1203 0 0 0 1 
Seq_Frame0029_DriverToReference-SequenceTransformStatus = OK
Seq_Frame0029_Timestamp = 3.118
Seq_Frame0030_DriverToReference-SequenceTransform =-0.867479 0.00761971 -0.497415 -37.9295 -0.497378 0.00630086 0.867511 258.161 0.00974433 0.999951 -0.00167599 110.8 0 0 0 1 
Seq_Frame0030_DriverToReference-SequenceTransformStatus = OK
Seq_Frame0030_Timestamp = 3.235
Seq_Frame0031_DriverToReference-SequenceTransform =0.213838 0.861017 0.461435 -35.903 -0.265091 0.505783 -0.82092 262.533 -0.940213 0.053222 0.336403 133.215 0 0 0 1 
Seq_Frame0031_DriverToReference-SequenceTransformStatus = OK
Seq_Frame0031_Timestamp = 3.348
Seq_Frame0032_DriverToReference-SequenceTransform =0.229315 0.816047 0.530549 -41.3065 -0.304807 0.577863 -0.757078 266.414 -0.924396 0.011894 0.381249 134.758 0 0 0 1 
Seq_Frame0032_DriverToReference-SequenceTransformStatus = OK
Seq_Frame0032_Timestamp = 3.458
Seq_Frame0033_DriverToReference-SequenceTransform =0.314706 0.787426 0.530019 -41.6938 -0.338783 0.614795 -0.712217 267.872 -0.886671 0.0445777 0.460247 136.867 0 0 0 1 
Seq_Frame0033_DriverToReference-SequenceTransformStatus = OK
Seq_Frame0033_Timestamp = 3.563
Seq_Frame0034_DriverToReference-SequenceTransform =0.314706 0.787426 0.530019 -41.6938 -0.338783 0.614795 -0.712217 267.872 -0.886671 0.0445777 0.460247 136.867 0 0 0 1 
Seq_Frame0034_DriverToReference-SequenceTransformStatus = OK
Seq_Frame0034_Timestamp = 3.672
Seq_Frame0035_DriverToReference-SequenceTransform =0.314706 0.787426 0.530019 -41.6938 -0.338783 0.614795 -0.712217 267.872 -0.886671 0.0445777 0.460247 136.867 0 0 0 1 
Seq_Frame0035_DriverToReference-SequenceTransformStatus = OK
Seq_Frame0035_Timestamp = 3.785
Seq_Frame0036_DriverToReference-SequenceTransform =0.314706 0.787426 0.530019 -41.6938 -0.338783 0.614795 -0.712217 267.872 -0.886671 0.0445777 0.460247 136.867 0 0 0 1 
Seq_Frame0036_DriverToReference-SequenceTransformStatus = OK
Seq_Frame0036_Timestamp = 3.887
Seq_Frame0037_DriverToReference-SequenceTransform =0.314706 0.787426 0.530019 -41.6938 -0.338783 0.614795 -0.712217 267.872 -0.886671 0.0445777 0.460247 136.867 0 0 0 1 
Seq_Frame0037_DriverToReference-SequenceTransformStatus = OK
Seq_Frame0037_Timestamp = 3.998
Seq_Frame0038_DriverToReference-SequenceTransform =0.314706 0.787426 0.530019 -41.6938 -0.338783 0.614795 -0.712217 267.872 -0.886671 0.0445777 0.460247 136.867 0 0 0 1 
Seq_Frame0038_DriverToReference-SequenceTransformStatus = OK
Seq_Frame0038_Timestamp = 4.102
Seq_Frame0039_DriverToReference-SequenceTransform =0.314706 0.787426 0.530019 -41.6938 -0.338783 0.614795 -0.712217 267.872 -0.886671 0.0445777 0.460247 136.867 0 0 0 1 
Seq_Frame0039_DriverToReference-SequenceTransformStatus = OK
Seq_Frame0039_Timestamp = 4.208
Seq_Frame0040_DriverToReference-SequenceTransform =0.314706 0.787426 0.530019 -41.6938 -0.338783 0.614795 -0.712217 267.872 -0.886671 0.0445777 0.460247 136.867 0 0 0 1 
Seq_Frame0040_DriverToReference-SequenceTransformStatus = OK
Seq_Frame0040_Timestamp = 4.313
Seq_Frame0041_DriverToReference-SequenceTransform =0.314706 0.787426 0.530019 -41.6938 -0.338783 0.614795 -0.712217 267.872 -0.886671 0.0445777 0.460247 136.867 0 0 0 1 
Seq_Frame0041_DriverToReference-SequenceTransformStatus = OK
Seq_Frame0041_Timestamp = 4.418
Seq_Frame0042_DriverToReference-SequenceTransform =-0.636958 -0.639191 -0.430951 17.2689 -0.770365 0.548561 0.32499 299.265 0.028672 0.538994 -0.841821 231.162 0 0 0 1 
Seq_Frame0042_DriverToReference-SequenceTransformStatus = OK
Seq_Frame0042_Timestamp = 4.526
Seq_Frame0043_DriverToReference-SequenceTransform =-0.82559 -0.509048 -0.243458 60.5173 -0.564175 0.752626 0.339501 297.462 0.0104107 0.417641 -0.908552 256.545 0 0 0 1 
Seq_Frame0043_DriverToReference-SequenceTransformStatus = OK
Seq_Frame0043_Timestamp = 4.633
Seq_Frame0044_DriverToReference-SequenceTransform =-0.830646 -0.480736 -0.280928 79.7401 -0.548171 0.794541 0.261175 300.046 0.097653 0.370941 -0.923508 264.676 0 0 0 1 
Seq_Frame0044_DriverToReference-SequenceTransformStatus = OK
Seq_Frame0044_Timestamp = 4.734
Seq_Frame0045_DriverToReference-SequenceTransform =-0.807556 -0.48646 -0.333482 81.9247 -0.572013 0.783775 0.241864 304.644 0.143717 0.386075 -0.911203 262.051 0 0 0 1 
Seq_Frame0045_DriverToReference-SequenceTransformStatus = OK
Seq_Frame0045_Timestamp = 4.843
Seq_Frame0046_DriverToReference-SequenceTransform =-0.796843 -0.491214 -0.351782 81.4062 -0.581604 0.78133 0.226408 302.01 0.163643 0.385009 -0.908289 261.18 0 0 0 1 
Seq_Frame0046_DriverToReference-SequenceTransformStatus = OK
Seq_Frame0046_Timestamp = 4.947
Seq_Frame0047_DriverToReference-SequenceTransform =-0.791458 -0.502381 -0.348148 81.406 -0.588215 0.780841 0.21045 299.074 0.166122 0.371349 -0.913512 263.159 0 0 0 1 
Seq_Frame0047_DriverToReference-SequenceTransformStatus = OK
Seq_Frame0047_Timestamp = 5.053
Seq_Frame0048_DriverToReference-SequenceTransform =-0.774352 -0.539189 -0.331141 82.821 -0.617876 0.757153 0.21201 299.649 0.136411 0.368775 -0.919455 264.321 0 0 0 1 
Seq_Frame0048_DriverToReference-SequenceTransformStatus = OK
Seq_Frame0048_Timestamp = 5.158
Seq_Frame0049_DriverToReference-SequenceTransform =-0.784402 -0.495313 -0.373334 87.6282 -0.582759 0.794631 0.170159 302.002 0.21238 0.351037 -0.911958 261.885 0 0 0 1 
Seq_Frame0049_DriverToReference-SequenceTransformStatus = OK
Seq_Frame0049_Timestamp = 5.264
Seq_Frame0050_DriverToReference-SequenceTransform =-0.904712 -0.313426 -0.288547 91.7105 -0.38637 0.888993 0.245785 299.165 0.179481 0.333851 -0.925381 262.886 0 0 0 1 
Seq_Frame0050_DriverToReference-SequenceTransformStatus = OK
Seq_Frame0050_Timestamp = 5.373
Seq_Frame0051_DriverToReference-SequenceTransform =-0.968988 -0.167709 -0.181482 100.304 -0.212037 0.941449 0.262132 292.234 0.126895 0.292484 -0.947814 261.987 0 0 0 1 
Seq_Frame0051_DriverToReference-SequenceTransformStatus = OK
Seq_Frame0051_Timestamp = 5.484
Seq_Frame0052_DriverToReference-SequenceTransform =-0.96661 -0.171582 -0.190328 108.741 -0.210766 0.954789 0.209656 287.623 0.14575 0.24277 -0.959072 255.265 0 0 0 1 
Seq_Frame0052_DriverToReference-SequenceTransformStatus = OK
Seq_Frame0052_Timestamp = 5.588
Seq_Frame0053_DriverToReference-SequenceTransform =-0.969882 -0.146893 -0.194297 113.866 -0.189068 0.956928 0.220324 285.537 0.153564 0.250424 -0.95588 257.791 0 0 0 1 
Seq_Frame0053_DriverToReference-SequenceTransformStatus = OK
Seq_Frame0053_Timestamp = 5.693
Seq_Frame0054_DriverToReference-SequenceTransform =-0.977506 -0.126087 -0.169067 115.38 -0.166436 0.953525 0.251177 285.91 0.129539 0.273666 -0.953062 264.398 0 0 0 1 
Seq_Frame0054_DriverToReference-SequenceTransformStatus = OK
Seq_Frame0054_Timestamp = 5.798
Seq_Frame0055_DriverToReference-SequenceTransform =-0.967924 -0.165965 -0.188623 123.504 -0.218656 0.926227 0.307072 298.934 0.123745 0.338466 -0.932806 272.616 0 0 0 1 
Seq_Frame0055_DriverToReference-SequenceTransformStatus = OK
Seq_Frame0055_Timestamp = 5.903
Seq_Frame0056_DriverToReference-SequenceTransform =-0.960716 -0.227672 -0.158714 125.545 -0.270824 0.894046 0.356841 312.39 0.0606551 0.385807 -0.920583 283.601 0 0 0 1 
Seq_Frame0056_DriverToReference-SequenceTransformStatus = OK
Seq_Frame0056_Timestamp = 6.013
Seq_Frame0057_DriverToReference-SequenceTransform =-0.939146 -0.285999 -0.190289 116.108 -0.339465 0.857516 0.386561 325.757 0.0526195 0.427634 -0.902419 300.189 0 0 0 1 
Seq_Frame0057_DriverToReference-SequenceTransformStatus = OK
Seq_Frame0057_Timestamp = 6.118
Seq_Frame0058_DriverToReference-SequenceTransform =-0.893756 -0.36539 -0.260175 114.119 -0.44043 0.824753 0.354687 337.343 0.0849811 0.431593 -0.898057 320.078 0 0 0 1 
Seq_Frame0058_DriverToReference-SequenceTransformStatus = OK
Seq_Frame0058_Timestamp = 6.219
Seq_Frame0059_DriverToReference-SequenceTransform =-0.884693 -0.419223 -0.203888 124.406 -0.465868 0.810925 0.354073 342.828 0.0169023 0.40823 -0.912722 342.101 0 0 0 1 
Seq_Frame0059_DriverToReference-SequenceTransformStatus = OK
Seq_Frame0059_Timestamp = 6.333
Seq_Frame0060_DriverToReference-SequenceTransform =-0.883071 -0.431424 -0.18455 128.768 -0.469056 0.800587 0.37289 345.913 -0.0131257 0.415853 -0.909337 347.816 0 0 0 1 
Seq_Frame0060_DriverToReference-SequenceTransformStatus = OK
Seq_Frame0060_Timestamp = 6.443
Seq_Frame0061_DriverToReference-SequenceTransform =-0.883472 -0.423811 -0.199653 130.784 -0.468449 0.804398 0.365376 346.161 0.00574946 0.416327 -0.909197 348.933 0 0 0 1 
Seq_Frame0061_DriverToReference-SequenceTransformStatus = OK
Seq_Frame0061_Timestamp = 6.548
Seq_Frame0062_DriverToReference-SequenceTransform =-0.891939 -0.411505 -0.187374 131.748 -0.452067 0.803355 0.387629 342.736 -0.00898374 0.430447 -0.902571 347.683 0 0 0 1 
Seq_Frame0062_DriverToReference-SequenceTransformStatus = OK
Seq_Frame0062_Timestamp = 6.653
Seq_Frame0063_DriverToReference-SequenceTransform =-0.898477 -0.392762 -0.196153 129.157 -0.439014 0.806099 0.396827 339.717 0.00226051 0.442654 -0.89669 344.832 0 0 0 1 
Seq_Frame0063_DriverToReference-SequenceTransformStatus = OK
Seq_Frame0063_Timestamp = 6.757
Seq_Frame0064_DriverToReference-SequenceTransform =-0.900725 -0.388714 -0.193895 125.379 -0.434341 0.81259 0.388646 337.966 0.00648492 0.43428 -0.900755 342.529 0 0 0 1 
Seq_Frame0064_DriverToReference-SequenceTransformStatus = OK
Seq_Frame0064_Timestamp = 6.868
Seq_Frame0065_DriverToReference-SequenceTransform =-0.89965 -0.375187 -0.223302 124.523 -0.435069 0.813305 0.386329 337.321 0.036667 0.444713 -0.894922 342.321 0 0 0 1 
Seq_Frame0065_DriverToReference-SequenceTransformStatus = OK
Seq_Frame0065_Timestamp = 6.973
Seq_Frame0066_DriverToReference-SequenceTransform =-0.902934 -0.387829 -0.185199 122.908 -0.429736 0.808589 0.401885 337.752 -0.0061131 0.442462 -0.896766 339.419 0 0 0 1 
Seq_Frame0066_DriverToReference-SequenceTransformStatus = OK
Seq_Frame0066_Timestamp = 7.078
Seq_Frame0067_DriverToReference-SequenceTransform =-0.899139 -0.389954 -0.198709 120.942 -0.437633 0.806382 0.397776 338.281 0.00512108 0.444617 -0.895706 338.791 0 0 0 1 
Seq_Frame0067_DriverToReference-SequenceTransformStatus = OK
Seq_Frame0067_Timestamp = 7.183
Seq_Frame0068_DriverToReference-SequenceTransform =-0.893891 -0.391504 -0.218364 121.359 -0.447447 0.80896 0.38128 338.252 0.0273751 0.43853 -0.8983 340.364 0 0 0 1 
Seq_Frame0068_DriverToReference-SequenceTransformStatus = OK
Seq_Frame0068_Timestamp = 7.289
Seq_Frame0069_DriverToReference-SequenceTransform =-0.872257 -0.399785 -0.281675 110.693 -0.482289 0.798624 0.359997 340.753 0.0810308 0.449858 -0.889416 330.307 0 0 0 1 
Seq_Frame0069_DriverToReference-SequenceTransformStatus = OK
Seq_Frame0069_Timestamp = 7.393
Seq_Frame0070_DriverToReference-SequenceTransform =-0.584631 -0.392826 -0.709855 74.5966 -0.615143 0.785107 0.0721576 330.441 0.528966 0.478848 -0.700642 308.359 0 0 0 1 
Seq_Frame0070_DriverToReference-SequenceTransformStatus = OK
Seq_Frame0070_Timestamp = 7.504
Seq_Frame0071_DriverToReference-SequenceTransform =-0.226363 -0.474632 -0.850579 54.2256 -0.648363 0.725101 -0.232066 317.647 0.726901 0.498952 -0.47187 303.711 0 0 0 1 
Seq_Frame0071_DriverToReference-SequenceTransformStatus = OK
Seq_Frame0071_Timestamp = 7.608
Seq_Frame0072_DriverToReference-SequenceTransform =-0.226363 -0.474632 -0.850579 54.2256 -0.648363 0.725101 -0.232066 317.647 0.726901 0.498952 -0.47187 303.711 0 0 0 1 
Seq_Frame0072_DriverToReference-SequenceTransformStatus = OK
Seq_Frame0072_Timestamp = 7.713
Seq_Frame0073_DriverToReference-SequenceTransform =-0.226363 -0.474632 -0.850579 54.2256 -0.648363 0.725101 -0.232066 317.647 0.726901 0.498952 -0.47187 303.711 0 0 0 1 
Seq_Frame0073_DriverToReference-SequenceTransformStatus = OK
Seq_Frame0073_Timestamp = 7.823
Seq_Frame0074_DriverToReference-SequenceTransform =-0.226363 -0.474632 -0.850579 54.2256 -0.648363 0.725101 -0.232066 317.647 0.726901 0.498952 -0.47187 303.711 0 0 0 1 
Seq_Frame0074_DriverToReference-SequenceTransformStatus = OK
Seq_Frame0074_Timestamp = 7.926
Seq_Frame0075_DriverToReference-SequenceTransform =-0.226363 -0.474632 -0.850579 54.2256 -0.648363 0.725101 -0.232066 317.647 0.726901 0.498952 -0.47187 303.711 0 0 0 1 
Seq_Frame0075_DriverToReference-SequenceTransformStatus = OK
Seq_Frame0075_Timestamp = 8.038
Seq_Frame0076_DriverToReference-SequenceTransform =-0.226363 -0.474632 -0.850579 54.2256 -0.648363 0.725101 -0.232066 317.647 0.726901 0.498952 -0.47187 303.711 0 0 0 1 
Seq_Frame0076_DriverToReference-SequenceTransformStatus = OK
Seq_Frame0076_Timestamp = 8.143
Seq_Frame0077_DriverToReference-SequenceTransform =-0.226363 -0.474632 -0.850579 54.2256 -0.648363 0.725101 -0.232066 317.647 0.726901 0.498952 -0.47187 303.711 0 0 0 1 
Seq_Frame0077_DriverToReference-SequenceTransformStatus = OK
Seq_Frame0077_Timestamp = 8.253
Seq_Frame0078_DriverToReference-SequenceTransform =-0.226363 -0.474632 -0.850579 54.2256 -0.648363 0.725101 -0.232066 317.647 0.726901 0.498952 -0.47187 303.711 0 0 0 1 
Seq_Frame0078_DriverToReference-SequenceTransformStatus = OK
Seq_Frame0078_Timestamp = 8.357
Seq_Frame0079_DriverToReference-SequenceTransform =-0.226363 -0.474632 -0.850579 54.2256 -0.648363 0.725101 -0.232066 317.647 0.726901 0.498952 -0.47187 303.711 0 0 0 1 
Seq_Frame0079_DriverToReference-SequenceTransformStatus = OK
Seq_Frame0079_Timestamp = 8.463
Seq_Frame0080_DriverToReference-SequenceTransform =-0.226363 -0.474632 -0.850579 54.2256 -0.648363 0.725101 -0.232066 317.647 0.726901 0.498952 -0.47187 303.711 0 0 0 1 
Seq_Frame0080_DriverToReference-SequenceTransformStatus = OK
Seq_Frame0080_Timestamp = 8.567
Seq_Frame0081_DriverToReference-SequenceTransform =-0.226363 -0.474632 -0.850579 54.2256 -0.648363 0.725101 -0.232066 317.647 0.726901 0.498952 -0.47187 303.711 0 0 0 1 
Seq_Frame0081_DriverToReference-SequenceTransformStatus = OK
Seq_Frame0081_Timestamp = 8.673
Seq_Frame0082_DriverToReference-SequenceTransform =-0.226363 -0.474632 -0.850579 54.2256 -0.648363 0.725101 -0.232066 317.647 0.726901 0.498952 -0.47187 303.711 0 0 0 1 
Seq_Frame0082_DriverToReference-SequenceTransformStatus = OK
Seq_Frame0082_Timestamp = 8.778
Seq_Frame0083_DriverToReference-SequenceTransform =-0.226363 -0.474632 -0.850579 54.2256 -0.648363 0.725101 -0.232066 317.647 0.726901 0.498952 -0.47187 303.711 0 0 0 1 
Seq_Frame0083_DriverToReference-SequenceTransformStatus = OK
Seq_Frame0083_Timestamp = 8.888
Seq_Frame0084_DriverToReference-SequenceTransform =-0.226363 -0.474632 -0.850579 54.2256 -0.648363 0.725101 -0.232066 317.647 0.726901 0.498952 -0.47187 303.711 0 0 0 1 
Seq_Frame0084_DriverToReference-SequenceTransformStatus = OK
Seq_Frame0084_Timestamp = 8.995
Seq_Frame0085_DriverToReference-SequenceTransform =-0.226363 -0.474632 -0.850579 54.2256 -0.648363 0.725101 -0.232066 317.647 0.726901 0.498952 -0.47187 303.711 0 0 0 1 
Seq_Frame0085_DriverToReference-SequenceTransformStatus = OK
Seq_Frame0085_Timestamp = 9.097
Seq_Frame0086_DriverToReference-SequenceTransform =-0.226363 -0.474632 -0.850579 54.2256 -0.648363 0.725101 -0.232066 317.647 0.726901 0.498952 -0.47187 303.711 0 0 0 1 
Seq_Frame0086_DriverToReference-SequenceTransformStatus = OK
Seq_Frame0086_Timestamp = 9.201
Seq_Frame0087_DriverToReference-SequenceTransform =-0.226363 -0.474632 -0.850579 54.2256 -0.648363 0.725101 -0.232066 317.647 0.726901 0.498952 -0.47187 303.711 0 0 0 1 
Seq_Frame0087_DriverToReference-SequenceTransformStatus = OK
Seq_Frame0087_Timestamp = 9.313
Seq_Frame0088_DriverToReference-SequenceTransform =-0.226363 -0.474632 -0.850579 54.2256 -0.648363 0.725101 -0.232066 317.647 0.726901 0.498952 -0.47187 303.711 0 0 0 1 
Seq_Frame0088_DriverToReference-SequenceTransformStatus = OK
Seq_Frame0088_Timestamp = 9.418
Seq_Frame0089_DriverToReference-SequenceTransform =-0.226363 -0.474632 -0.850579 54.2256 -0.648363 0.725101 -0.232066 317.647 0.726901 0.498952 -0.47187 303.711 0 0 0 1 
Seq_Frame0089_DriverToReference-SequenceTransformStatus = OK
Seq_Frame0089_Timestamp = 9.524
Seq_Frame0090_DriverToReference-SequenceTransform =-0.226363 -0.474632 -0.850579 54.2256 -0.648363 0.725101 -0.232066 317.647 0.726901 0.498952 -0.47187 303.711 0 0 0 1 
Seq_Frame0090_DriverToReference-SequenceTransformStatus = OK
Seq_Frame0090_Timestamp = 9.633
Seq_Frame0091_DriverToReference-SequenceTransform =-0.226363 -0.474632 -0.850579 54.2256 -0.648363 0.725101 -0.232066 317.647 0.726901 0.498952 -0.47187 303.711 0 0 0 1 
Seq_Frame0091_DriverToReference-SequenceTransformStatus = OK
Seq_Frame0091_Timestamp = 9.738
Seq_Frame0092_DriverToReference-SequenceTransform =-0.226363 -0.474632 -0.850579 54.2256 -0.648363 0.725101 -0.232066 317.647 0.726901 0.498952 -0.47187 303.711 0 0 0 1 
Seq_Frame0092_DriverToReference-SequenceTransformStatus = OK
Seq_Frame0092_Timestamp = 9.843
Seq_Frame0093_DriverToReference-SequenceTransform =-0.226363 -0.474632 -0.850579 54.2256 -0.648363 0.725101 -0.232066 317.647 0.726901 0.498952 -0.47187 303.711 0 0 0 1 
Seq_Frame0093_DriverToReference-SequenceTransformStatus = OK
Seq_Frame0093_Timestamp = 11.113
Seq_Frame0094_DriverToReference-SequenceTransform =-0.226363 -0.474632 -0.850579 54.2256 -0.648363 0.725101 -0.232066 317.647 0.726901 0.498952 -0.47187 303.711 0 0 0 1 
Seq_Frame0094_DriverToReference-SequenceTransformStatus = OK
Seq_Frame0094_Timestamp = 11.222
Seq_Frame0095_DriverToReference-SequenceTransform =-0.226363 -0.474632 -0.850579 54.2256 -0.648363 0.725101 -0.232066 317.647 0.726901 0.498952 -0.47187 303.711 0 0 0 1 
Seq_Frame0095_DriverToReference-SequenceTransformStatus = OK
Seq_Frame0095_Timestamp = 11.33
Seq_Frame0096_DriverToReference-SequenceTransform =-0.226363 -0.474632 -0.850579 54.2256 -0.648363 0.725101 -0.232066 317.647 0.726901 0.498952 -0.47187 303.711 0 0 0 1 
Seq_Frame0096_DriverToReference-SequenceTransformStatus = OK
Seq_Frame0096_Timestamp = 11.568
Seq_Frame0097_DriverToReference-SequenceTransform =-0.226363 -0.474632 -0.850579 54.2256 -0.648363 0.725101 -0.232066 317.647 0.726901 0.498952 -0.47187 303.711 0 0 0 1 
Seq_Frame0097_DriverToReference-SequenceTransformStatus = OK
Seq_Frame0097_Timestamp = 11.908
Seq_Frame0098_DriverToReference-SequenceTransform =-0.226363 -0.474632 -0.850579 54.2256 -0.648363 0.725101 -0.232066 317.647 0.726901 0.498952 -0.47187 303.711 0 0 0 1 
Seq_Frame0098_DriverToReference-SequenceTransformStatus = OK
Seq_Frame0098_Timestamp = 12.019
Seq_Frame0099_DriverToReference-SequenceTransform =-0.226363 -0.474632 -0.850579 54.2256 -0.648363 0.725101 -0.232066 317.647 0.726901 0.498952 -0.47187 303.711 0 0 0 1 
Seq_Frame0099_DriverToReference-SequenceTransformStatus = OK
Seq_Frame0099_Timestamp = 12.122
Seq_Frame0100_DriverToReference-SequenceTransform =-0.226363 -0.474632 -0.850579 54.2256 -0.648363 0.725101 -0.232066 317.647 0.726901 0.498952 -0.47187 303.711 0 0 0 1 
Seq_Frame0100_DriverToReference-SequenceTransformStatus = OK
Seq_Frame0100_Timestamp = 12.308
Seq_Frame0101_DriverToReference-SequenceTransform =-0.226363 -0.474632 -0.850579 54.2256 -0.648363 0.725101 -0.232066 317.647 0.726901 0.498952 -0.47187 303.711 0 0 0 1 
Seq_Frame0101_DriverToReference-SequenceTransformStatus = OK
Seq_Frame0101_Timestamp = 12.413
Seq_Frame0102_DriverToReference-SequenceTransform =-0.226363 -0.474632 -0.850579 54.2256 -0.648363 0.725101 -0.232066 317.647 0.726901 0.498952 -0.47187 303.711 0 0 0 1 
Seq_Frame0102_DriverToReference-SequenceTransformStatus = OK
Seq_Frame0102_Timestamp = 12.808
Seq_Frame0103_DriverToReference-SequenceTransform =-0.226363 -0.474632 -0.850579 54.2256 -0.648363 0.725101 -0.232066 317.647 0.726901 0.498952 -0.47187 303.711 0 0 0 1 
Seq_Frame0103_DriverToReference-SequenceTransformStatus = OK
Seq_Frame0103_Timestamp = 12.913
Seq_Frame0104_DriverToReference-SequenceTransform =-0.226363 -0.474632 -0.850579 54.2256 -0.648363 0.725101 -0.232066 317.647 0.726901 0.498952 -0.47187 303.711 0 0 0 1 
Seq_Frame0104_DriverToReference-SequenceTransformStatus = OK
Seq_Frame0104_Timestamp = 13.023
Seq_Frame0105_DriverToReference-SequenceTransform =-0.226363 -0.474632 -0.850579 54.2256 -0.648363 0.725101 -0.232066 317.647 0.726901 0.498952 -0.47187 303.711 0 0 0 1 
Seq_Frame0105_DriverToReference-SequenceTransformStatus = OK
Seq_Frame0105_Timestamp = 13.128
Seq_Frame0106_DriverToReference-SequenceTransform =-0.226363 -0.474632 -0.850579 54.2256 -0.648363 0.725101 -0.232066 317.647 0.726901 0.498952 -0.47187 303.711 0 0 0 1 
Seq_Frame0106_DriverToReference-SequenceTransformStatus = OK
Seq_Frame0106_Timestamp = 13.238
Seq_Frame0107_DriverToReference-SequenceTransform =-0.226363 -0.474632 -0.850579 54.2256 -0.648363 0.725101 -0.232066 317.647 0.726901 0.498952 -0.47187 303.711 0 0 0 1 
Seq_Frame0107_DriverToReference-SequenceTransformStatus = OK
Seq_Frame0107_Timestamp = 13.343
Seq_Frame0108_DriverToReference-SequenceTransform =-0.226363 -0.474632 -0.850579 54.2256 -0.648363 0.725101 -0.232066 317.647 0.726901 0.498952 -0.47187 303.711 0 0 0 1 
Seq_Frame0108_DriverToReference-SequenceTransformStatus = OK
Seq_Frame0108_Timestamp = 13.451
Seq_Frame0109_DriverToReference-SequenceTransform =-0.226363 -0.474632 -0.850579 54.2256 -0.648363 0.725101 -0.232066 317.647 0.726901 0.498952 -0.47187 303.711 0 0 0 1 
Seq_Frame0109_DriverToReference-SequenceTransformStatus = OK
Seq_Frame0109_Timestamp = 13.558
Seq_Frame0110_DriverToReference-SequenceTransform =-0.226363 -0.474632 -0.850579 54.2256 -0.648363 0.725101 -0.232066 317.647 0.726901 0.498952 -0.47187 303.711 0 0 0 1 
Seq_Frame0110_DriverToReference-SequenceTransformStatus = OK
Seq_Frame0110_Timestamp = 13.667
Seq_Frame0111_DriverToReference-SequenceTransform =-0.226363 -0.474632 -0.850579 54.2256 -0.648363 0.725101 -0.232066 317.647 0.726901 0.498952 -0.47187 303.711 0 0 0 1 
Seq_Frame0111_DriverToReference-SequenceTransformStatus = OK
Seq_Frame0111_Timestamp = 13.773
Seq_Frame0112_DriverToReference-SequenceTransform =-0.226363 -0.474632 -0.850579 54.2256 -0.648363 0.725101 -0.232066 317.647 0.726901 0.498952 -0.47187 303.711 0 0 0 1 
Seq_Frame0112_DriverToReference-SequenceTransformStatus = OK
Seq_Frame0112_Timestamp = 13.883
Seq_Frame0113_DriverToReference-SequenceTransform =-0.226363 -0.474632 -0.850579 54.2256 -0.648363 0.725101 -0.232066 317.647 0.726901 0.498952 -0.47187 303.711 0 0 0 1 
Seq_Frame0113_DriverToReference-SequenceTransformStatus = OK
Seq_Frame0113_Timestamp = 13.988
Seq_Frame0114_DriverToReference-SequenceTransform =-0.226363 -0.474632 -0.850579 54.2256 -0.648363 0.725101 -0.232066 317.647 0.726901 0.498952 -0.47187 303.711 0 0 0 1 
Seq_Frame0114_DriverToReference-SequenceTransformStatus = OK
Seq_Frame0114_Timestamp = 14.098
Seq_Frame0115_DriverToReference-SequenceTransform =-0.226363 -0.474632 -0.850579 54.2256 -0.648363 0.725101 -0.232066 317.647 0.726901 0.498952 -0.47187 303.711 0 0 0 1 
Seq_Frame0115_DriverToReference-SequenceTransformStatus = OK
Seq_Frame0115_Timestamp = 14.208
Seq_Frame0116_DriverToReference-SequenceTransform =-0.226363 -0.474632 -0.850579 54.2256 -0.648363 0.725101 -0.232066 317.647 0.726901 0.498952 -0.47187 303.711 0 0 0 1 
Seq_Frame0116_DriverToReference-SequenceTransformStatus = OK
Seq_Frame0116_Timestamp = 14.313
Seq_Frame0117_DriverToReference-SequenceTransform =-0.226363 -0.474632 -0.850579 54.2256 -0.648363 0.725101 -0.232066 317.647 0.726901 0.498952 -0.47187 303.711 0 0 0 1 
Seq_Frame0117_DriverToReference-SequenceTransformStatus = OK
Seq_Frame0117_Timestamp = 14.419
Seq_Frame0118_DriverToReference-SequenceTransform =-0.226363 -0.474632 -0.850579 54.2256 -0.648363 0.725101 -0.232066 317.647 0.726901 0.498952 -0.47187 303.711 0 0 0 1 
Seq_Frame0118_DriverToReference-SequenceTransformStatus = OK
Seq_Frame0118_Timestamp = 14.528
Seq_Frame0119_DriverToReference-SequenceTransform =-0.226363 -0.474632 -0.850579 54.2256 -0.648363 0.725101 -0.232066 317.647 0.726901 0.498952 -0.47187 303.711 0 0 0 1 
Seq_Frame0119_DriverToReference-SequenceTransformStatus = OK
Seq_Frame0119_Timestamp = 14.633
Seq_Frame0120_DriverToReference-SequenceTransform =-0.226363 -0.474632 -0.850579 54.2256 -0.648363 0.725101 -0.232066 317.647 0.726901 0.498952 -0.47187 303.711 0 0 0 1 
Seq_Frame0120_DriverToReference-SequenceTransformStatus = OK
Seq_Frame0120_Timestamp = 14.743
Seq_Frame0121_DriverToReference-SequenceTransform =-0.226363 -0.474632 -0.850579 54.2256 -0.648363 0.725101 -0.232066 317.647 0.726901 0.498952 -0.47187 303.711 0 0 0 1 
Seq_Frame0121_DriverToReference-SequenceTransformStatus = OK
Seq_Frame0121_Timestamp = 14.848
Seq_Frame0122_DriverToReference-SequenceTransform =-0.226363 -0.474632 -0.850579 54.2256 -0.648363 0.725101 -0.232066 317.647 0.726901 0.498952 -0.47187 303.711 0 0 0 1 
Seq_Frame0122_DriverToReference-SequenceTransformStatus = OK
Seq_Frame0122_Timestamp = 14.958
Seq_Frame0123_DriverToReference-SequenceTransform =-0.226363 -0.474632 -0.850579 54.2256 -0.648363 0.725101 -0.232066 317.647 0.726901 0.498952 -0.47187 303.711 0 0 0 1 
Seq_Frame0123_DriverToReference-SequenceTransformStatus = OK
Seq_Frame0123_Timestamp = 15.063
Seq_Frame0124_DriverToReference-SequenceTransform =-0.226363 -0.474632 -0.850579 54.2256 -0.648363 0.725101 -0.232066 317.647 0.726901 0.498952 -0.47187 303.711 0 0 0 1 
Seq_Frame0124_DriverToReference-SequenceTransformStatus = OK
Seq_Frame0124_Timestamp = 15.173
Seq_Frame0125_DriverToReference-SequenceTransform =-0.226363 -0.474632 -0.850579 54.2256 -0.648363 0.725101 -0.232066 317.647 0.726901 0.498952 -0.47187 303.711 0 0 0 1 
Seq_Frame0125_DriverToReference-SequenceTransformStatus = OK
Seq_Frame0125_Timestamp = 15.285
Seq_Frame0126_DriverToReference-SequenceTransform =-0.226363 -0.474632 -0.850579 54.2256 -0.648363 0.725101 -0.232066 317.647 0.726901 0.498952 -0.47187 303.711 0 0 0 1 
Seq_Frame0126_DriverToReference-SequenceTransformStatus = OK
Seq_Frame0126_Timestamp = 15.388
Seq_Frame0127_DriverToReference-SequenceTransform =-0.226363 -0.474632 -0.850579 54.2256 -0.648363 0.725101 -0.232066 317.647 0.726901 0.498952 -0.47187 303.711 0 0 0 1 
Seq_Frame0127_DriverToReference-SequenceTransformStatus = OK
Seq_Frame0127_Timestamp = 15.498
Seq_Frame0128_DriverToReference-SequenceTransform =-0.226363 -0.474632 -0.850579 54.2256 -0.648363 0.725101 -0.232066 317.647 0.726901 0.498952 -0.47187 303.711 0 0 0 1 
Seq_Frame0128_DriverToReference-SequenceTransformStatus = OK
Seq_Frame0128_Timestamp = 15.603
Seq_Frame0129_DriverToReference-SequenceTransform =-0.226363 -0.474632 -0.850579 54.2256 -0.648363 0.725101 -0.232066 317.647 0.726901 0.498952 -0.47187 303.711 0 0 0 1 
Seq_Frame0129_DriverToReference-SequenceTransformStatus = OK
Seq_Frame0129_Timestamp = 15.708
Seq_Frame0130_DriverToReference-SequenceTransform =-0.226363 -0.474632 -0.850579 54.2256 -0.648363 0.725101 -0.232066 317.647 0.726901 0.498952 -0.47187 303.711 0 0 0 1 
Seq_Frame0130_DriverToReference-SequenceTransformStatus = OK
Seq_Frame0130_Timestamp = 15.818
Seq_Frame0131_DriverToReference-SequenceTransform =-0.226363 -0.474632 -0.850579 54.2256 -0.648363 0.725101 -0.232066 317.647 0.726901 0.498952 -0.47187 303.711 0 0 0 1 
Seq_Frame0131_DriverToReference-SequenceTransformStatus = OK
Seq_Frame0131_Timestamp = 15.923
Seq_Frame0132_DriverToReference-SequenceTransform =-0.226363 -0.474632 -0.850579 54.2256 -0.648363 0.725101 -0.232066 317.647 0.726901 0.498952 -0.47187 303.711 0 0 0 1 
Seq_Frame0132_DriverToReference-SequenceTransformStatus = OK
Seq_Frame0132_Timestamp = 16.028
Seq_Frame0133_DriverToReference-SequenceTransform =-0.226363 -0.474632 -0.850579 54.2256 -0.648363 0.725101 -0.232066 317.647 0.726901 0.498952 -0.47187 303.711 0 0 0 1 
Seq_Frame0133_DriverToReference-SequenceTransformStatus = OK
Seq_Frame0133_Timestamp = 16.138
Seq_Frame0134_DriverToReference-SequenceTransform =-0.226363 -0.474632 -0.850579 54.2256 -0.648363 0.725101 -0.232066 317.647 0.726901 0.498952 -0.47187 303.711 0 0 0 1 
Seq_Frame0134_DriverToReference-SequenceTransformStatus = OK
Seq_Frame0134_Timestamp = 16.243
Seq_Frame0135_DriverToReference-SequenceTransform =-0.226363 -0.474632 -0.850579 54.2256 -0.648363 0.725101 -0.232066 317.647 0.726901 0.498952 -0.47187 303.711 0 0 0 1 
Seq_Frame0135_DriverToReference-SequenceTransformStatus = OK
Seq_Frame0135_Timestamp = 16.348
Seq_Frame0136_DriverToReference-SequenceTransform =-0.226363 -0.474632 -0.850579 54.2256 -0.648363 0.725101 -0.232066 317.647 0.726901 0.498952 -0.47187 303.711 0 0 0 1 
Seq_Frame0136_DriverToReference-SequenceTransformStatus = OK
Seq_Frame0136_Timestamp = 16.453
Seq_Frame0137_DriverToReference-SequenceTransform =-0.226363 -0.474632 -0.850579 54.2256 -0.648363 0.725101 -0.232066 317.647 0.726901 0.498952 -0.47187 303.711 0 0 0 1 
Seq_Frame0137_DriverToReference-SequenceTransformStatus = OK
Seq_Frame0137_Timestamp = 16.563
Seq_Frame0138_DriverToReference-SequenceTransform =-0.226363 -0.474632 -0.850579 54.2256 -0.648363 0.725101 -0.232066 317.647 0.726901 0.498952 -0.47187 303.711 0 0 0 1 
Seq_Frame0138_DriverToReference-SequenceTransformStatus = OK
Seq_Frame0138_Timestamp = 16.669
Seq_Frame0139_DriverToReference-SequenceTransform =-0.226363 -0.474632 -0.850579 54.2256 -0.648363 0.725101 -0.232066 317.647 0.726901 0.498952 -0.47187 303.711 0 0 0 1 
Seq_Frame0139_DriverToReference-SequenceTransformStatus = OK
Seq_Frame0139_Timestamp = 16.773
Seq_Frame0140_DriverToReference-SequenceTransform =-0.226363 -0.474632 -0.850579 54.2256 -0.648363 0.725101 -0.232066 317.647 0.726901 0.498952 -0.47187 303.711 0 0 0 1 
Seq_Frame0140_DriverToReference-SequenceTransformStatus = OK
Seq_Frame0140_Timestamp = 16.878
Seq_Frame0141_DriverToReference-SequenceTransform =-0.226363 -0.474632 -0.850579 54.2256 -0.648363 0.725101 -0.232066 317.647 0.726901 0.498952 -0.47187 303.711 0 0 0 1 
Seq_Frame0141_DriverToReference-SequenceTransformStatus = OK
Seq_Frame0141_Timestamp = 16.983
Seq_Frame0142_DriverToReference-SequenceTransform =-0.226363 -0.474632 -0.850579 54.2256 -0.648363 0.725101 -0.232066 317.647 0.726901 0.498952 -0.47187 303.711 0 0 0 1 
Seq_Frame0142_DriverToReference-SequenceTransformStatus = OK
Seq_Frame0142_Timestamp = 17.087
Seq_Frame0143_DriverToReference-SequenceTransform =-0.226363 -0.474632 -0.850579 54.2256 -0.648363 0.725101 -0.232066 317.647 0.726901 0.498952 -0.47187 303.711 0 0 0 1 
Seq_Frame0143_DriverToReference-SequenceTransformStatus = OK
Seq_Frame0143_Timestamp = 17.193
Seq_Frame0144_DriverToReference-SequenceTransform =-0.226363 -0.474632 -0.850579 54.2256 -0.648363 0.725101 -0.232066 317.647 0.726901 0.498952 -0.47187 303.711 0 0 0 1 
Seq_Frame0144_DriverToReference-SequenceTransformStatus = OK
Seq_Frame0144_Timestamp = 17.303
Seq_Frame0145_DriverToReference-SequenceTransform =-0.226363 -0.474632 -0.850579 54.2256 -0.648363 0.725101 -0.232066 317.647 0.726901 0.498952 -0.47187 303.711 0 0 0 1 
Seq_Frame0145_DriverToReference-SequenceTransformStatus = OK
Seq_Frame0145_Timestamp = 17.408
Seq_Frame0146_DriverToReference-SequenceTransform =-0.226363 -0.474632 -0.850579 54.2256 -0.648363 0.725101 -0.232066 317.647 0.726901 0.498952 -0.47187 303.711 0 0 0 1 
Seq_Frame0146_DriverToReference-SequenceTransformStatus = OK
Seq_Frame0146_Timestamp = 17.518
Seq_Frame0147_DriverToReference-SequenceTransform =-0.226363 -0.474632 -0.850579 54.2256 -0.648363 0.725101 -0.232066 317.647 0.726901 0.498952 -0.47187 303.711 0 0 0 1 
Seq_Frame0147_DriverToReference-SequenceTransformStatus = OK
Seq_Frame0147_Timestamp = 17.623
Seq_Frame0148_DriverToReference-SequenceTransform =-0.226363 -0.474632 -0.850579 54.2256 -0.648363 0.725101 -0.232066 317.647 0.726901 0.498952 -0.47187 303.711 0 0 0 1 
Seq_Frame0148_DriverToReference-SequenceTransformStatus = OK
Seq_Frame0148_Timestamp = 17.733
Seq_Frame0149_DriverToReference-SequenceTransform =-0.226363 -0.474632 -0.850579 54.2256 -0.648363 0.725101 -0.232066 317.647 0.726901 0.498952 -0.47187 303.711 0 0 0 1 
Seq_Frame0149_DriverToReference-SequenceTransformStatus = OK
Seq_Frame0149_Timestamp = 17.838
Seq_Frame0150_DriverToReference-SequenceTransform =-0.226363 -0.474632 -0.850579 54.2256 -0.648363 0.725101 -0.232066 317.647 0.726901 0.498952 -0.47187 303.711 0 0 0 1 
Seq_Frame0150_DriverToReference-SequenceTransformStatus = OK
