ObjectType = Image
NDims = 3
AnatomicalOrientation = RAI
BinaryData = True
CompressedData = False
DimSize = 0 0 1832
ElementSpacing = 1 1 1
Offset = 0 0 0
TransformMatrix = 1 0 0 0 1 0 0 0 1
ElementType = MET_UCHAR
Kinds = domain domain list
Seq_Frame0000_ForcepToReference-SequenceTransform =0.334715 0.883078 0.328846 40.7147 -0.82731 0.442461 -0.346102 -20.9669 -0.451136 -0.156212 0.878677 -41.2145 0 0 0 1 
Seq_Frame0000_ForcepToReference-SequenceTransformStatus = OK
Seq_Frame0000_Timestamp = 0.00899982
Seq_Frame0001_ForcepToReference-SequenceTransform =0.3344 0.883434 0.328207 40.7115 -0.827714 0.44183 -0.345941 -21.0134 -0.450628 -0.155979 0.87898 -41.2678 0 0 0 1 
Seq_Frame0001_ForcepToReference-SequenceTransformStatus = OK
Seq_Frame0001_Timestamp = 0.111
Seq_Frame0002_ForcepToReference-SequenceTransform =0.334353 0.883316 0.328574 40.7149 -0.827744 0.441927 -0.345746 -21.0013 -0.450609 -0.156374 0.878919 -41.2311 0 0 0 1 
Seq_Frame0002_ForcepToReference-SequenceTransformStatus = OK
Seq_Frame0002_Timestamp = 0.216
Seq_Frame0003_ForcepToReference-SequenceTransform =0.334518 0.883542 0.327798 40.7179 -0.828041 0.441647 -0.345392 -20.9584 -0.449939 -0.15589 0.879348 -41.1975 0 0 0 1 
Seq_Frame0003_ForcepToReference-SequenceTransformStatus = OK
Seq_Frame0003_Timestamp = 0.326
Seq_Frame0004_ForcepToReference-SequenceTransform =0.334923 0.88288 0.329164 40.7074 -0.827365 0.442725 -0.345633 -20.9626 -0.450882 -0.156578 0.878743 -41.2364 0 0 0 1 
Seq_Frame0004_ForcepToReference-SequenceTransformStatus = OK
Seq_Frame0004_Timestamp = 0.432
Seq_Frame0005_ForcepToReference-SequenceTransform =0.334214 0.883803 0.327405 40.7145 -0.828087 0.441245 -0.345795 -21.0067 -0.45008 -0.15555 0.879336 -41.2346 0 0 0 1 
Seq_Frame0005_ForcepToReference-SequenceTransformStatus = OK
Seq_Frame0005_Timestamp = 0.536
Seq_Frame0006_ForcepToReference-SequenceTransform =0.334664 0.883177 0.32863 40.6991 -0.827896 0.442134 -0.345116 -20.989 -0.450098 -0.156574 0.879145 -41.2671 0 0 0 1 
Seq_Frame0006_ForcepToReference-SequenceTransformStatus = OK
Seq_Frame0006_Timestamp = 0.642
Seq_Frame0007_ForcepToReference-SequenceTransform =0.334841 0.883632 0.327224 40.6982 -0.82856 0.44149 -0.344347 -20.9638 -0.448742 -0.155823 0.879972 -41.217 0 0 0 1 
Seq_Frame0007_ForcepToReference-SequenceTransformStatus = OK
Seq_Frame0007_Timestamp = 0.752
Seq_Frame0008_ForcepToReference-SequenceTransform =0.335148 0.882577 0.329748 40.7013 -0.827577 0.443052 -0.344706 -20.9696 -0.450325 -0.157364 0.878888 -41.1993 0 0 0 1 
Seq_Frame0008_ForcepToReference-SequenceTransformStatus = OK
Seq_Frame0008_Timestamp = 0.857
Seq_Frame0009_ForcepToReference-SequenceTransform =0.334703 0.88328 0.328314 40.714 -0.827951 0.442021 -0.345129 -20.9627 -0.449968 -0.156312 0.879259 -41.1923 0 0 0 1 
Seq_Frame0009_ForcepToReference-SequenceTransformStatus = OK
Seq_Frame0009_Timestamp = 0.962
Seq_Frame0010_ForcepToReference-SequenceTransform =0.328554 0.89027 0.315391 40.9302 -0.830378 0.431389 -0.352669 -21.8676 -0.450027 -0.146023 0.880996 -40.4453 0 0 0 1 
Seq_Frame0010_ForcepToReference-SequenceTransformStatus = OK
Seq_Frame0010_Timestamp = 1.072
Seq_Frame0011_ForcepToReference-SequenceTransform =0.332323 0.885351 0.32514 40.8115 -0.828045 0.438922 -0.348839 -21.4124 -0.451556 -0.153304 0.878974 -40.9591 0 0 0 1 
Seq_Frame0011_ForcepToReference-SequenceTransformStatus = OK
Seq_Frame0011_Timestamp = 1.174
Seq_Frame0012_ForcepToReference-SequenceTransform =0.318146 0.888426 0.330881 40.0097 -0.826721 0.430814 -0.361845 -21.6173 -0.464021 -0.158427 0.871542 -41.8132 0 0 0 1 
Seq_Frame0012_ForcepToReference-SequenceTransformStatus = OK
Seq_Frame0012_Timestamp = 1.282
Seq_Frame0013_ForcepToReference-SequenceTransform =0.332782 0.883755 0.328988 40.624 -0.826411 0.44135 -0.34965 -20.9064 -0.454204 -0.155522 0.877218 -41.2057 0 0 0 1 
Seq_Frame0013_ForcepToReference-SequenceTransformStatus = OK
Seq_Frame0013_Timestamp = 1.384
Seq_Frame0014_ForcepToReference-SequenceTransform =0.334013 0.884097 0.326814 40.6491 -0.828457 0.440732 -0.345564 -21.058 -0.449549 -0.155328 0.879647 -41.4154 0 0 0 1 
Seq_Frame0014_ForcepToReference-SequenceTransformStatus = OK
Seq_Frame0014_Timestamp = 1.492
Seq_Frame0015_ForcepToReference-SequenceTransform =0.334937 0.882999 0.328831 40.7033 -0.827595 0.442526 -0.345336 -20.9623 -0.450447 -0.156473 0.878984 -41.2116 0 0 0 1 
Seq_Frame0015_ForcepToReference-SequenceTransformStatus = OK
Seq_Frame0015_Timestamp = 1.596
Seq_Frame0016_ForcepToReference-SequenceTransform =0.334106 0.883556 0.328181 40.714 -0.826995 0.441843 -0.34764 -21.0338 -0.452164 -0.155256 0.878319 -41.2446 0 0 0 1 
Seq_Frame0016_ForcepToReference-SequenceTransformStatus = OK
Seq_Frame0016_Timestamp = 1.702
Seq_Frame0017_ForcepToReference-SequenceTransform =0.334669 0.883414 0.327987 40.7166 -0.82825 0.441764 -0.344742 -21.0138 -0.449443 -0.156281 0.879532 -41.1906 0 0 0 1 
Seq_Frame0017_ForcepToReference-SequenceTransformStatus = OK
Seq_Frame0017_Timestamp = 1.806
Seq_Frame0018_ForcepToReference-SequenceTransform =0.334965 0.883272 0.328068 40.6963 -0.828408 0.441966 -0.344101 -20.9344 -0.44893 -0.156512 0.879753 -41.225 0 0 0 1 
Seq_Frame0018_ForcepToReference-SequenceTransformStatus = OK
Seq_Frame0018_Timestamp = 1.917
Seq_Frame0019_ForcepToReference-SequenceTransform =0.334887 0.882847 0.329289 40.723 -0.827215 0.442798 -0.345897 -21.0108 -0.451183 -0.156557 0.878592 -41.1249 0 0 0 1 
Seq_Frame0019_ForcepToReference-SequenceTransformStatus = OK
Seq_Frame0019_Timestamp = 2.021
Seq_Frame0020_ForcepToReference-SequenceTransform =0.328687 0.885797 0.32761 40.9168 -0.822495 0.438964 -0.361681 -21.5801 -0.464185 -0.150578 0.872845 -41.014 0 0 0 1 
Seq_Frame0020_ForcepToReference-SequenceTransformStatus = OK
Seq_Frame0020_Timestamp = 2.126
Seq_Frame0021_ForcepToReference-SequenceTransform =0.327966 0.885716 0.32855 40.5609 -0.825615 0.437761 -0.355985 -21.606 -0.459128 -0.154505 0.874831 -41.3055 0 0 0 1 
Seq_Frame0021_ForcepToReference-SequenceTransformStatus = OK
Seq_Frame0021_Timestamp = 2.231
Seq_Frame0022_ForcepToReference-SequenceTransform =0.532072 -0.20296 -0.822014 40.2194 0.548113 -0.657405 0.517099 -21.6097 -0.645346 -0.72569 -0.238542 -41.2441 0 0 0 1 
Seq_Frame0022_ForcepToReference-SequenceTransformStatus = OK
Seq_Frame0022_Timestamp = 2.336
Seq_Frame0023_ForcepToReference-SequenceTransform =0.55841 -0.197314 -0.805758 40.5401 0.511054 -0.683277 0.521494 -21.8695 -0.653454 -0.702993 -0.280711 -40.6613 0 0 0 1 
Seq_Frame0023_ForcepToReference-SequenceTransformStatus = OK
Seq_Frame0023_Timestamp = 2.441
Seq_Frame0024_ForcepToReference-SequenceTransform =0.564643 -0.200354 -0.800648 40.4749 0.509418 -0.678649 0.529083 -22.3866 -0.649363 -0.706607 -0.281131 -40.4981 0 0 0 1 
Seq_Frame0024_ForcepToReference-SequenceTransformStatus = OK
Seq_Frame0024_Timestamp = 2.546
Seq_Frame0025_ForcepToReference-SequenceTransform =0.52999 -0.203243 -0.823288 40.2349 0.549866 -0.656726 0.5161 -21.5506 -0.645568 -0.726226 -0.236302 -41.1922 0 0 0 1 
Seq_Frame0025_ForcepToReference-SequenceTransformStatus = OK
Seq_Frame0025_Timestamp = 2.652
Seq_Frame0026_ForcepToReference-SequenceTransform =0.567111 -0.197174 -0.799692 40.731 0.506801 -0.681821 0.527515 -22.3089 -0.64926 -0.704445 -0.28674 -40.1364 0 0 0 1 
Seq_Frame0026_ForcepToReference-SequenceTransformStatus = OK
Seq_Frame0026_Timestamp = 2.758
Seq_Frame0027_ForcepToReference-SequenceTransform =0.532633 -0.201583 -0.821989 40.26 0.541606 -0.665131 0.514066 -21.3537 -0.650358 -0.719003 -0.245092 -41.4055 0 0 0 1 
Seq_Frame0027_ForcepToReference-SequenceTransformStatus = OK
Seq_Frame0027_Timestamp = 2.866
Seq_Frame0028_ForcepToReference-SequenceTransform =0.53554 -0.204184 -0.819455 40.1169 0.538119 -0.665331 0.517458 -21.6617 -0.650865 -0.718084 -0.246436 -41.4594 0 0 0 1 
Seq_Frame0028_ForcepToReference-SequenceTransformStatus = OK
Seq_Frame0028_Timestamp = 2.971
Seq_Frame0029_ForcepToReference-SequenceTransform =0.558921 -0.2001 -0.804716 40.5861 0.51951 -0.671886 0.5279 -22.3411 -0.64631 -0.713112 -0.271578 -40.3601 0 0 0 1 
Seq_Frame0029_ForcepToReference-SequenceTransformStatus = OK
Seq_Frame0029_Timestamp = 3.077
Seq_Frame0030_ForcepToReference-SequenceTransform =0.534222 -0.2019 -0.820879 40.4342 0.547795 -0.656905 0.51807 -21.8096 -0.643838 -0.726438 -0.240334 -40.8439 0 0 0 1 
Seq_Frame0030_ForcepToReference-SequenceTransformStatus = OK
Seq_Frame0030_Timestamp = 3.186
Seq_Frame0031_ForcepToReference-SequenceTransform =0.534977 -0.201359 -0.820521 40.3637 0.541076 -0.664232 0.515784 -21.4593 -0.648874 -0.719896 -0.246398 -41.2584 0 0 0 1 
Seq_Frame0031_ForcepToReference-SequenceTransformStatus = OK
Seq_Frame0031_Timestamp = 3.296
Seq_Frame0032_ForcepToReference-SequenceTransform =0.532558 -0.202166 -0.821895 40.2043 0.539852 -0.666753 0.51381 -21.3936 -0.651876 -0.717335 -0.245945 -41.4548 0 0 0 1 
Seq_Frame0032_ForcepToReference-SequenceTransformStatus = OK
Seq_Frame0032_Timestamp = 3.402
Seq_Frame0033_ForcepToReference-SequenceTransform =0.535283 -0.202774 -0.819972 40.3992 0.54841 -0.654898 0.519957 -21.8635 -0.642432 -0.728005 -0.239353 -40.8855 0 0 0 1 
Seq_Frame0033_ForcepToReference-SequenceTransformStatus = OK
Seq_Frame0033_Timestamp = 3.516
Seq_Frame0034_ForcepToReference-SequenceTransform =0.568197 -0.197184 -0.798918 40.7361 0.506304 -0.681576 0.52831 -22.3307 -0.648697 -0.70468 -0.287434 -40.1475 0 0 0 1 
Seq_Frame0034_ForcepToReference-SequenceTransformStatus = OK
Seq_Frame0034_Timestamp = 3.618
Seq_Frame0035_ForcepToReference-SequenceTransform =0.533624 -0.201332 -0.821408 40.3887 0.539782 -0.666617 0.514059 -21.4924 -0.651061 -0.717696 -0.247047 -41.1911 0 0 0 1 
Seq_Frame0035_ForcepToReference-SequenceTransformStatus = OK
Seq_Frame0035_Timestamp = 3.721
Seq_Frame0036_ForcepToReference-SequenceTransform =0.537682 -0.204168 -0.818055 40.2538 0.536831 -0.665266 0.518878 -21.8645 -0.650162 -0.718148 -0.248097 -41.1833 0 0 0 1 
Seq_Frame0036_ForcepToReference-SequenceTransformStatus = OK
Seq_Frame0036_Timestamp = 3.824
Seq_Frame0037_ForcepToReference-SequenceTransform =0.546492 -0.20184 -0.812777 40.541 0.531187 -0.666771 0.522739 -22.237 -0.647446 -0.71741 -0.257171 -40.556 0 0 0 1 
Seq_Frame0037_ForcepToReference-SequenceTransformStatus = OK
Seq_Frame0037_Timestamp = 3.931
Seq_Frame0038_ForcepToReference-SequenceTransform =0.566711 -0.19711 -0.799992 40.7227 0.505581 -0.68347 0.526552 -22.3406 -0.650559 -0.702863 -0.287674 -40.1493 0 0 0 1 
Seq_Frame0038_ForcepToReference-SequenceTransformStatus = OK
Seq_Frame0038_Timestamp = 4.036
Seq_Frame0039_ForcepToReference-SequenceTransform =-0.106411 0.238814 -0.965217 30.5932 0.603844 -0.755703 -0.253547 118.252 -0.789968 -0.60982 -0.0637914 -43.5703 0 0 0 1 
Seq_Frame0039_ForcepToReference-SequenceTransformStatus = OK
Seq_Frame0039_Timestamp = 4.972
Seq_Frame0040_ForcepToReference-SequenceTransform =-0.0966325 -0.605395 -0.790037 -13.1904 0.666179 -0.629083 0.400575 154.141 -0.739505 -0.487597 0.464091 -27.5378 0 0 0 1 
Seq_Frame0040_ForcepToReference-SequenceTransformStatus = OK
Seq_Frame0040_Timestamp = 5.076
Seq_Frame0041_ForcepToReference-SequenceTransform =-0.241578 -0.430496 -0.869663 13.4939 0.494185 -0.825862 0.271538 176.441 -0.835118 -0.364177 0.412255 12.7512 0 0 0 1 
Seq_Frame0041_ForcepToReference-SequenceTransformStatus = OK
Seq_Frame0041_Timestamp = 5.182
Seq_Frame0042_ForcepToReference-SequenceTransform =-0.183112 -0.57519 -0.797262 49.7399 0.742764 -0.612217 0.271094 213.709 -0.644028 -0.542536 0.539335 61.1076 0 0 0 1 
Seq_Frame0042_ForcepToReference-SequenceTransformStatus = OK
Seq_Frame0042_Timestamp = 5.286
Seq_Frame0043_ForcepToReference-SequenceTransform =-0.226602 -0.487924 -0.84296 64.4403 0.820355 -0.562157 0.104863 227.822 -0.525041 -0.667765 0.527657 85.4511 0 0 0 1 
Seq_Frame0043_ForcepToReference-SequenceTransformStatus = OK
Seq_Frame0043_Timestamp = 5.392
Seq_Frame0044_ForcepToReference-SequenceTransform =-0.226602 -0.487924 -0.84296 64.4403 0.820355 -0.562157 0.104863 227.822 -0.525041 -0.667765 0.527657 85.4511 0 0 0 1 
Seq_Frame0044_ForcepToReference-SequenceTransformStatus = OK
Seq_Frame0044_Timestamp = 5.496
Seq_Frame0045_ForcepToReference-SequenceTransform =-0.226602 -0.487924 -0.84296 64.4403 0.820355 -0.562157 0.104863 227.822 -0.525041 -0.667765 0.527657 85.4511 0 0 0 1 
Seq_Frame0045_ForcepToReference-SequenceTransformStatus = OK
Seq_Frame0045_Timestamp = 5.602
Seq_Frame0046_ForcepToReference-SequenceTransform =-0.226602 -0.487924 -0.84296 64.4403 0.820355 -0.562157 0.104863 227.822 -0.525041 -0.667765 0.527657 85.4511 0 0 0 1 
Seq_Frame0046_ForcepToReference-SequenceTransformStatus = OK
Seq_Frame0046_Timestamp = 5.716
Seq_Frame0047_ForcepToReference-SequenceTransform =-0.226602 -0.487924 -0.84296 64.4403 0.820355 -0.562157 0.104863 227.822 -0.525041 -0.667765 0.527657 85.4511 0 0 0 1 
Seq_Frame0047_ForcepToReference-SequenceTransformStatus = OK
Seq_Frame0047_Timestamp = 5.816
Seq_Frame0048_ForcepToReference-SequenceTransform =-0.226602 -0.487924 -0.84296 64.4403 0.820355 -0.562157 0.104863 227.822 -0.525041 -0.667765 0.527657 85.4511 0 0 0 1 
Seq_Frame0048_ForcepToReference-SequenceTransformStatus = OK
Seq_Frame0048_Timestamp = 5.921
Seq_Frame0049_ForcepToReference-SequenceTransform =-0.226602 -0.487924 -0.84296 64.4403 0.820355 -0.562157 0.104863 227.822 -0.525041 -0.667765 0.527657 85.4511 0 0 0 1 
Seq_Frame0049_ForcepToReference-SequenceTransformStatus = OK
Seq_Frame0049_Timestamp = 6.027
Seq_Frame0050_ForcepToReference-SequenceTransform =-0.226602 -0.487924 -0.84296 64.4403 0.820355 -0.562157 0.104863 227.822 -0.525041 -0.667765 0.527657 85.4511 0 0 0 1 
Seq_Frame0050_ForcepToReference-SequenceTransformStatus = OK
Seq_Frame0050_Timestamp = 6.131
Seq_Frame0051_ForcepToReference-SequenceTransform =-0.226602 -0.487924 -0.84296 64.4403 0.820355 -0.562157 0.104863 227.822 -0.525041 -0.667765 0.527657 85.4511 0 0 0 1 
Seq_Frame0051_ForcepToReference-SequenceTransformStatus = OK
Seq_Frame0051_Timestamp = 6.236
Seq_Frame0052_ForcepToReference-SequenceTransform =-0.226602 -0.487924 -0.84296 64.4403 0.820355 -0.562157 0.104863 227.822 -0.525041 -0.667765 0.527657 85.4511 0 0 0 1 
Seq_Frame0052_ForcepToReference-SequenceTransformStatus = OK
Seq_Frame0052_Timestamp = 6.343
Seq_Frame0053_ForcepToReference-SequenceTransform =-0.226602 -0.487924 -0.84296 64.4403 0.820355 -0.562157 0.104863 227.822 -0.525041 -0.667765 0.527657 85.4511 0 0 0 1 
Seq_Frame0053_ForcepToReference-SequenceTransformStatus = OK
Seq_Frame0053_Timestamp = 6.447
Seq_Frame0054_ForcepToReference-SequenceTransform =-0.226602 -0.487924 -0.84296 64.4403 0.820355 -0.562157 0.104863 227.822 -0.525041 -0.667765 0.527657 85.4511 0 0 0 1 
Seq_Frame0054_ForcepToReference-SequenceTransformStatus = OK
Seq_Frame0054_Timestamp = 6.552
Seq_Frame0055_ForcepToReference-SequenceTransform =-0.226602 -0.487924 -0.84296 64.4403 0.820355 -0.562157 0.104863 227.822 -0.525041 -0.667765 0.527657 85.4511 0 0 0 1 
Seq_Frame0055_ForcepToReference-SequenceTransformStatus = OK
Seq_Frame0055_Timestamp = 6.656
Seq_Frame0056_ForcepToReference-SequenceTransform =-0.226602 -0.487924 -0.84296 64.4403 0.820355 -0.562157 0.104863 227.822 -0.525041 -0.667765 0.527657 85.4511 0 0 0 1 
Seq_Frame0056_ForcepToReference-SequenceTransformStatus = OK
Seq_Frame0056_Timestamp = 6.761
Seq_Frame0057_ForcepToReference-SequenceTransform =-0.226602 -0.487924 -0.84296 64.4403 0.820355 -0.562157 0.104863 227.822 -0.525041 -0.667765 0.527657 85.4511 0 0 0 1 
Seq_Frame0057_ForcepToReference-SequenceTransformStatus = OK
Seq_Frame0057_Timestamp = 6.866
Seq_Frame0058_ForcepToReference-SequenceTransform =-0.226602 -0.487924 -0.84296 64.4403 0.820355 -0.562157 0.104863 227.822 -0.525041 -0.667765 0.527657 85.4511 0 0 0 1 
Seq_Frame0058_ForcepToReference-SequenceTransformStatus = OK
Seq_Frame0058_Timestamp = 6.971
Seq_Frame0059_ForcepToReference-SequenceTransform =-0.226602 -0.487924 -0.84296 64.4403 0.820355 -0.562157 0.104863 227.822 -0.525041 -0.667765 0.527657 85.4511 0 0 0 1 
Seq_Frame0059_ForcepToReference-SequenceTransformStatus = OK
Seq_Frame0059_Timestamp = 7.081
Seq_Frame0060_ForcepToReference-SequenceTransform =0.421139 -0.169712 0.890977 99.2504 -0.231635 0.929638 0.286563 245.181 -0.876919 -0.327065 0.352196 140.801 0 0 0 1 
Seq_Frame0060_ForcepToReference-SequenceTransformStatus = OK
Seq_Frame0060_Timestamp = 7.192
Seq_Frame0061_ForcepToReference-SequenceTransform =0.291759 -0.0847338 0.952731 104.591 -0.49862 0.836544 0.227095 231.524 -0.816244 -0.541308 0.201819 113.535 0 0 0 1 
Seq_Frame0061_ForcepToReference-SequenceTransformStatus = OK
Seq_Frame0061_Timestamp = 7.296
Seq_Frame0062_ForcepToReference-SequenceTransform =0.0492888 0.108911 0.992829 103.285 -0.676897 0.734577 -0.046977 216.963 -0.734426 -0.669727 0.109928 95.2641 0 0 0 1 
Seq_Frame0062_ForcepToReference-SequenceTransformStatus = OK
Seq_Frame0062_Timestamp = 7.411
Seq_Frame0063_ForcepToReference-SequenceTransform =-0.00317816 0.0775475 0.996984 92.8684 -0.738703 0.671815 -0.05461 211.063 -0.674023 -0.736649 0.0551494 90.6393 0 0 0 1 
Seq_Frame0063_ForcepToReference-SequenceTransformStatus = OK
Seq_Frame0063_Timestamp = 7.517
Seq_Frame0064_ForcepToReference-SequenceTransform =0.00773601 0.0363472 0.999309 89.7697 -0.841296 0.540416 -0.0131434 196.046 -0.54052 -0.840613 0.0347594 90.3954 0 0 0 1 
Seq_Frame0064_ForcepToReference-SequenceTransformStatus = OK
Seq_Frame0064_Timestamp = 7.626
Seq_Frame0065_ForcepToReference-SequenceTransform =0.00773601 0.0363472 0.999309 89.7697 -0.841296 0.540416 -0.0131434 196.046 -0.54052 -0.840613 0.0347594 90.3954 0 0 0 1 
Seq_Frame0065_ForcepToReference-SequenceTransformStatus = OK
Seq_Frame0065_Timestamp = 7.732
Seq_Frame0066_ForcepToReference-SequenceTransform =0.00773601 0.0363472 0.999309 89.7697 -0.841296 0.540416 -0.0131434 196.046 -0.54052 -0.840613 0.0347594 90.3954 0 0 0 1 
Seq_Frame0066_ForcepToReference-SequenceTransformStatus = OK
Seq_Frame0066_Timestamp = 8.876
Seq_Frame0067_ForcepToReference-SequenceTransform =0.00773601 0.0363472 0.999309 89.7697 -0.841296 0.540416 -0.0131434 196.046 -0.54052 -0.840613 0.0347594 90.3954 0 0 0 1 
Seq_Frame0067_ForcepToReference-SequenceTransformStatus = OK
Seq_Frame0067_Timestamp = 8.982
Seq_Frame0068_ForcepToReference-SequenceTransform =0.00773601 0.0363472 0.999309 89.7697 -0.841296 0.540416 -0.0131434 196.046 -0.54052 -0.840613 0.0347594 90.3954 0 0 0 1 
Seq_Frame0068_ForcepToReference-SequenceTransformStatus = OK
Seq_Frame0068_Timestamp = 9.086
Seq_Frame0069_ForcepToReference-SequenceTransform =-0.994082 0.0754619 -0.0781483 51.1207 0.106974 0.805284 -0.583159 285.011 0.0189253 -0.588067 -0.808591 202.854 0 0 0 1 
Seq_Frame0069_ForcepToReference-SequenceTransformStatus = OK
Seq_Frame0069_Timestamp = 9.221
Seq_Frame0070_ForcepToReference-SequenceTransform =-0.994921 0.0494383 -0.0876796 49.3851 0.0923285 0.795171 -0.599315 282.014 0.0400912 -0.604366 -0.795697 204.187 0 0 0 1 
Seq_Frame0070_ForcepToReference-SequenceTransformStatus = OK
Seq_Frame0070_Timestamp = 9.327
Seq_Frame0071_ForcepToReference-SequenceTransform =-0.971824 -0.14057 -0.189204 41.5462 0.0602961 0.627739 -0.776085 251.259 0.227865 -0.765627 -0.601576 224.796 0 0 0 1 
Seq_Frame0071_ForcepToReference-SequenceTransformStatus = OK
Seq_Frame0071_Timestamp = 9.431
Seq_Frame0072_ForcepToReference-SequenceTransform =-0.468304 -0.797944 -0.379442 17.7131 0.660349 -0.601405 0.449723 202.662 -0.587052 -0.0399572 0.808563 51.7892 0 0 0 1 
Seq_Frame0072_ForcepToReference-SequenceTransformStatus = OK
Seq_Frame0072_Timestamp = 9.551
Seq_Frame0073_ForcepToReference-SequenceTransform =-0.363183 -0.78096 -0.508134 31.0766 0.705997 -0.586557 0.396886 203.711 -0.608002 -0.214599 0.764383 56.0019 0 0 0 1 
Seq_Frame0073_ForcepToReference-SequenceTransformStatus = OK
Seq_Frame0073_Timestamp = 9.651
Seq_Frame0074_ForcepToReference-SequenceTransform =-0.355136 -0.753947 -0.552669 37.0021 0.770759 -0.570695 0.283261 205.122 -0.528969 -0.325379 0.783786 53.4641 0 0 0 1 
Seq_Frame0074_ForcepToReference-SequenceTransformStatus = OK
Seq_Frame0074_Timestamp = 9.752
Seq_Frame0075_ForcepToReference-SequenceTransform =-0.228146 -0.761292 -0.606946 42.9472 0.810456 -0.49395 0.314918 195.037 -0.539546 -0.420056 0.729687 51.843 0 0 0 1 
Seq_Frame0075_ForcepToReference-SequenceTransformStatus = OK
Seq_Frame0075_Timestamp = 9.857
Seq_Frame0076_ForcepToReference-SequenceTransform =-0.0820518 -0.818039 -0.569279 58.8892 0.855014 -0.351268 0.381527 192.831 -0.512074 -0.455437 0.728257 52.6663 0 0 0 1 
Seq_Frame0076_ForcepToReference-SequenceTransformStatus = OK
Seq_Frame0076_Timestamp = 9.962
Seq_Frame0077_ForcepToReference-SequenceTransform =-0.00120211 -0.835038 -0.550191 77.1207 0.852547 -0.288413 0.435869 184.038 -0.522649 -0.46854 0.712256 57.1809 0 0 0 1 
Seq_Frame0077_ForcepToReference-SequenceTransformStatus = OK
Seq_Frame0077_Timestamp = 10.066
Seq_Frame0078_ForcepToReference-SequenceTransform =0.0711848 -0.856055 -0.511959 86.0985 0.823601 -0.239095 0.51431 170.862 -0.562685 -0.458261 0.688028 65.307 0 0 0 1 
Seq_Frame0078_ForcepToReference-SequenceTransformStatus = OK
Seq_Frame0078_Timestamp = 10.171
Seq_Frame0079_ForcepToReference-SequenceTransform =0.111793 -0.866189 -0.487051 91.8001 0.81775 -0.198287 0.54034 168.472 -0.564613 -0.458692 0.686159 70.4906 0 0 0 1 
Seq_Frame0079_ForcepToReference-SequenceTransformStatus = OK
Seq_Frame0079_Timestamp = 10.276
Seq_Frame0080_ForcepToReference-SequenceTransform =0.137198 -0.864284 -0.483932 98.2397 0.812588 -0.181183 0.553961 166.825 -0.56646 -0.46924 0.677449 74.8322 0 0 0 1 
Seq_Frame0080_ForcepToReference-SequenceTransformStatus = OK
Seq_Frame0080_Timestamp = 10.381
Seq_Frame0081_ForcepToReference-SequenceTransform =0.164175 -0.855918 -0.490358 99.6965 0.842208 -0.137172 0.521411 174.603 -0.513549 -0.498586 0.698341 76.1477 0 0 0 1 
Seq_Frame0081_ForcepToReference-SequenceTransformStatus = OK
Seq_Frame0081_Timestamp = 10.491
Seq_Frame0082_ForcepToReference-SequenceTransform =0.216385 -0.848724 -0.482541 99.7457 0.832674 -0.0976182 0.545092 174.946 -0.509737 -0.519749 0.685587 75.8418 0 0 0 1 
Seq_Frame0082_ForcepToReference-SequenceTransformStatus = OK
Seq_Frame0082_Timestamp = 10.596
Seq_Frame0083_ForcepToReference-SequenceTransform =0.22816 -0.866744 -0.443507 98.4974 0.808108 -0.0854885 0.582798 170.721 -0.543051 -0.491372 0.680918 75.9098 0 0 0 1 
Seq_Frame0083_ForcepToReference-SequenceTransformStatus = OK
Seq_Frame0083_Timestamp = 10.702
Seq_Frame0084_ForcepToReference-SequenceTransform =0.30204 -0.864085 -0.402653 105.299 0.759995 -0.0367201 0.648891 163.744 -0.575482 -0.502005 0.645609 75.9982 0 0 0 1 
Seq_Frame0084_ForcepToReference-SequenceTransformStatus = OK
Seq_Frame0084_Timestamp = 10.807
Seq_Frame0085_ForcepToReference-SequenceTransform =0.335242 -0.861395 -0.381591 108.278 0.758926 0.00691367 0.65114 166.831 -0.55825 -0.507889 0.656053 75.3647 0 0 0 1 
Seq_Frame0085_ForcepToReference-SequenceTransformStatus = OK
Seq_Frame0085_Timestamp = 10.912
Seq_Frame0086_ForcepToReference-SequenceTransform =0.36253 -0.860823 -0.357149 111.47 0.757032 0.0484848 0.651577 168.531 -0.543576 -0.506589 0.669248 74.4003 0 0 0 1 
Seq_Frame0086_ForcepToReference-SequenceTransformStatus = OK
Seq_Frame0086_Timestamp = 11.021
Seq_Frame0087_ForcepToReference-SequenceTransform =0.39709 -0.844618 -0.359082 114.252 0.762672 0.0860322 0.641038 170.583 -0.510539 -0.528412 0.678329 75.7935 0 0 0 1 
Seq_Frame0087_ForcepToReference-SequenceTransformStatus = OK
Seq_Frame0087_Timestamp = 11.126
Seq_Frame0088_ForcepToReference-SequenceTransform =0.384974 -0.84609 -0.368682 113.802 0.763148 0.0671692 0.642724 170.064 -0.519038 -0.528791 0.67155 75.7873 0 0 0 1 
Seq_Frame0088_ForcepToReference-SequenceTransformStatus = OK
Seq_Frame0088_Timestamp = 11.231
Seq_Frame0089_ForcepToReference-SequenceTransform =0.387118 -0.839608 -0.381049 113.773 0.752841 0.0492288 0.656359 166.839 -0.532326 -0.540957 0.651149 75.549 0 0 0 1 
Seq_Frame0089_ForcepToReference-SequenceTransformStatus = OK
Seq_Frame0089_Timestamp = 11.336
Seq_Frame0090_ForcepToReference-SequenceTransform =0.387309 -0.840189 -0.379571 115.277 0.748859 0.0465466 0.661093 165.648 -0.537776 -0.540292 0.647211 76.0575 0 0 0 1 
Seq_Frame0090_ForcepToReference-SequenceTransformStatus = OK
Seq_Frame0090_Timestamp = 11.441
Seq_Frame0091_ForcepToReference-SequenceTransform =0.394169 -0.836013 -0.381724 115.932 0.742253 0.0446653 0.66863 164.123 -0.541933 -0.546889 0.638138 76.4987 0 0 0 1 
Seq_Frame0091_ForcepToReference-SequenceTransformStatus = OK
Seq_Frame0091_Timestamp = 11.546
Seq_Frame0092_ForcepToReference-SequenceTransform =0.353104 -0.845534 -0.400487 113.502 0.737759 -0.0116009 0.674965 159.593 -0.575352 -0.533795 0.619704 75.4202 0 0 0 1 
Seq_Frame0092_ForcepToReference-SequenceTransformStatus = OK
Seq_Frame0092_Timestamp = 11.651
Seq_Frame0093_ForcepToReference-SequenceTransform =0.303299 -0.853844 -0.423036 108.828 0.704504 -0.0979999 0.702901 149.75 -0.641626 -0.51122 0.571813 72.4251 0 0 0 1 
Seq_Frame0093_ForcepToReference-SequenceTransformStatus = OK
Seq_Frame0093_Timestamp = 11.762
Seq_Frame0094_ForcepToReference-SequenceTransform =0.279521 -0.859456 -0.428022 106.355 0.675811 -0.140545 0.723552 143.951 -0.682018 -0.49151 0.541544 71.13 0 0 0 1 
Seq_Frame0094_ForcepToReference-SequenceTransformStatus = OK
Seq_Frame0094_Timestamp = 11.866
Seq_Frame0095_ForcepToReference-SequenceTransform =0.292508 -0.862178 -0.413628 106.62 0.659859 -0.131082 0.739867 142.479 -0.692117 -0.489353 0.530574 70.9098 0 0 0 1 
Seq_Frame0095_ForcepToReference-SequenceTransformStatus = OK
Seq_Frame0095_Timestamp = 11.971
Seq_Frame0096_ForcepToReference-SequenceTransform =0.313637 -0.864331 -0.393145 106.983 0.646777 -0.108674 0.754897 141.624 -0.695206 -0.491041 0.524945 70.6222 0 0 0 1 
Seq_Frame0096_ForcepToReference-SequenceTransformStatus = OK
Seq_Frame0096_Timestamp = 12.081
Seq_Frame0097_ForcepToReference-SequenceTransform =0.326059 -0.860862 -0.390643 107.43 0.640251 -0.102934 0.761238 140.885 -0.695531 -0.498318 0.517605 70.2507 0 0 0 1 
Seq_Frame0097_ForcepToReference-SequenceTransformStatus = OK
Seq_Frame0097_Timestamp = 12.187
Seq_Frame0098_ForcepToReference-SequenceTransform =0.324163 -0.860116 -0.393852 107.532 0.639971 -0.107218 0.760882 140.645 -0.696675 -0.498704 0.515693 70.3184 0 0 0 1 
Seq_Frame0098_ForcepToReference-SequenceTransformStatus = OK
Seq_Frame0098_Timestamp = 12.292
Seq_Frame0099_ForcepToReference-SequenceTransform =0.320058 -0.86332 -0.390182 107.838 0.640367 -0.106385 0.760666 140.688 -0.698207 -0.493317 0.518792 70.5283 0 0 0 1 
Seq_Frame0099_ForcepToReference-SequenceTransformStatus = OK
Seq_Frame0099_Timestamp = 12.396
Seq_Frame0100_ForcepToReference-SequenceTransform =0.322169 -0.862179 -0.390966 107.692 0.638281 -0.107172 0.762307 140.449 -0.699146 -0.495137 0.515785 70.2947 0 0 0 1 
Seq_Frame0100_ForcepToReference-SequenceTransformStatus = OK
Seq_Frame0100_Timestamp = 12.501
Seq_Frame0101_ForcepToReference-SequenceTransform =0.321879 -0.86333 -0.388658 108.164 0.637211 -0.106077 0.763355 140.461 -0.700255 -0.493365 0.515979 71.0539 0 0 0 1 
Seq_Frame0101_ForcepToReference-SequenceTransformStatus = OK
Seq_Frame0101_Timestamp = 12.607
Seq_Frame0102_ForcepToReference-SequenceTransform =0.323082 -0.862019 -0.390566 108.209 0.637109 -0.107054 0.763303 140.546 -0.699793 -0.495442 0.514612 70.9566 0 0 0 1 
Seq_Frame0102_ForcepToReference-SequenceTransformStatus = OK
Seq_Frame0102_Timestamp = 12.716
Seq_Frame0103_ForcepToReference-SequenceTransform =0.333596 -0.855681 -0.395631 108.541 0.635797 -0.105643 0.764593 140.338 -0.696043 -0.506606 0.508797 70.7064 0 0 0 1 
Seq_Frame0103_ForcepToReference-SequenceTransformStatus = OK
Seq_Frame0103_Timestamp = 12.822
Seq_Frame0104_ForcepToReference-SequenceTransform =0.333321 -0.85599 -0.395193 108.453 0.634853 -0.106118 0.765311 140.34 -0.697036 -0.505984 0.508056 70.6474 0 0 0 1 
Seq_Frame0104_ForcepToReference-SequenceTransformStatus = OK
Seq_Frame0104_Timestamp = 12.931
Seq_Frame0105_ForcepToReference-SequenceTransform =0.332582 -0.85653 -0.394646 108.268 0.631868 -0.108267 0.767477 139.956 -0.700095 -0.504613 0.505206 70.5935 0 0 0 1 
Seq_Frame0105_ForcepToReference-SequenceTransformStatus = OK
Seq_Frame0105_Timestamp = 13.037
Seq_Frame0106_ForcepToReference-SequenceTransform =0.331806 -0.856 -0.396446 108.243 0.632427 -0.109978 0.766773 140.063 -0.699958 -0.505143 0.504866 70.5395 0 0 0 1 
Seq_Frame0106_ForcepToReference-SequenceTransformStatus = OK
Seq_Frame0106_Timestamp = 13.146
Seq_Frame0107_ForcepToReference-SequenceTransform =0.332185 -0.855591 -0.39701 108.314 0.63278 -0.109983 0.766481 140.101 -0.699458 -0.505834 0.504866 70.6108 0 0 0 1 
Seq_Frame0107_ForcepToReference-SequenceTransformStatus = OK
Seq_Frame0107_Timestamp = 13.256
Seq_Frame0108_ForcepToReference-SequenceTransform =0.334001 -0.857398 -0.39155 108.248 0.628812 -0.106771 0.770192 139.682 -0.702167 -0.503456 0.503481 70.4127 0 0 0 1 
Seq_Frame0108_ForcepToReference-SequenceTransformStatus = OK
Seq_Frame0108_Timestamp = 13.361
Seq_Frame0109_ForcepToReference-SequenceTransform =0.33636 -0.855693 -0.393258 108.496 0.631841 -0.104593 0.768008 139.963 -0.698311 -0.506804 0.505481 70.7754 0 0 0 1 
Seq_Frame0109_ForcepToReference-SequenceTransformStatus = OK
Seq_Frame0109_Timestamp = 13.472
Seq_Frame0110_ForcepToReference-SequenceTransform =0.334683 -0.85689 -0.392079 108.833 0.634041 -0.103033 0.766405 140.255 -0.697122 -0.505097 0.50882 70.4646 0 0 0 1 
Seq_Frame0110_ForcepToReference-SequenceTransformStatus = OK
Seq_Frame0110_Timestamp = 13.581
Seq_Frame0111_ForcepToReference-SequenceTransform =0.336443 -0.85761 -0.388988 108.824 0.634193 -0.0990074 0.766809 140.294 -0.696136 -0.504681 0.51058 70.4303 0 0 0 1 
Seq_Frame0111_ForcepToReference-SequenceTransformStatus = OK
Seq_Frame0111_Timestamp = 13.686
Seq_Frame0112_ForcepToReference-SequenceTransform =0.335774 -0.859069 -0.386336 108.815 0.632327 -0.0984212 0.768424 140.159 -0.698153 -0.502308 0.510166 70.6998 0 0 0 1 
Seq_Frame0112_ForcepToReference-SequenceTransformStatus = OK
Seq_Frame0112_Timestamp = 13.793
Seq_Frame0113_ForcepToReference-SequenceTransform =0.333515 -0.860452 -0.385215 109.003 0.633198 -0.0982719 0.767726 140.362 -0.698447 -0.499965 0.512061 70.7064 0 0 0 1 
Seq_Frame0113_ForcepToReference-SequenceTransformStatus = OK
Seq_Frame0113_Timestamp = 13.897
Seq_Frame0114_ForcepToReference-SequenceTransform =0.334056 -0.858651 -0.388748 108.995 0.635511 -0.0994058 0.765666 140.713 -0.696084 -0.502829 0.512475 70.5975 0 0 0 1 
Seq_Frame0114_ForcepToReference-SequenceTransformStatus = OK
Seq_Frame0114_Timestamp = 14.007
Seq_Frame0115_ForcepToReference-SequenceTransform =0.333027 -0.859567 -0.387606 108.783 0.635367 -0.0991673 0.765817 140.397 -0.696708 -0.501309 0.513115 70.9149 0 0 0 1 
Seq_Frame0115_ForcepToReference-SequenceTransformStatus = OK
Seq_Frame0115_Timestamp = 14.124
Seq_Frame0116_ForcepToReference-SequenceTransform =0.33435 -0.859701 -0.386167 108.823 0.633626 -0.0982675 0.767373 140.396 -0.697659 -0.501257 0.511873 70.8226 0 0 0 1 
Seq_Frame0116_ForcepToReference-SequenceTransformStatus = OK
Seq_Frame0116_Timestamp = 14.236
Seq_Frame0117_ForcepToReference-SequenceTransform =0.332142 -0.861193 -0.384744 108.829 0.634602 -0.0977475 0.766632 140.342 -0.697827 -0.49879 0.514049 70.8047 0 0 0 1 
Seq_Frame0117_ForcepToReference-SequenceTransformStatus = OK
Seq_Frame0117_Timestamp = 14.341
Seq_Frame0118_ForcepToReference-SequenceTransform =0.336803 -0.858736 -0.386181 109.071 0.633715 -0.0966082 0.767511 140.56 -0.696397 -0.503228 0.511656 70.3869 0 0 0 1 
Seq_Frame0118_ForcepToReference-SequenceTransformStatus = OK
Seq_Frame0118_Timestamp = 14.446
Seq_Frame0119_ForcepToReference-SequenceTransform =0.339288 -0.857972 -0.385705 109.418 0.634794 -0.0937636 0.766971 140.655 -0.694205 -0.505067 0.512822 70.5887 0 0 0 1 
Seq_Frame0119_ForcepToReference-SequenceTransformStatus = OK
Seq_Frame0119_Timestamp = 14.557
Seq_Frame0120_ForcepToReference-SequenceTransform =0.343768 -0.857708 -0.38231 109.681 0.631905 -0.0898677 0.769818 140.554 -0.694636 -0.506222 0.511097 70.7528 0 0 0 1 
Seq_Frame0120_ForcepToReference-SequenceTransformStatus = OK
Seq_Frame0120_Timestamp = 14.661
Seq_Frame0121_ForcepToReference-SequenceTransform =0.353022 -0.854349 -0.381396 110.482 0.629414 -0.0847507 0.772435 140.694 -0.692253 -0.512742 0.507821 71.4866 0 0 0 1 
Seq_Frame0121_ForcepToReference-SequenceTransformStatus = OK
Seq_Frame0121_Timestamp = 14.766
Seq_Frame0122_ForcepToReference-SequenceTransform =0.350468 -0.860826 -0.368985 108.968 0.629357 -0.0753058 0.773459 140.409 -0.693601 -0.503296 0.515374 70.8792 0 0 0 1 
Seq_Frame0122_ForcepToReference-SequenceTransformStatus = OK
Seq_Frame0122_Timestamp = 14.871
Seq_Frame0123_ForcepToReference-SequenceTransform =0.355524 -0.86411 -0.356254 108.935 0.63251 -0.0581921 0.772363 141.197 -0.688138 -0.499928 0.525869 71.3261 0 0 0 1 
Seq_Frame0123_ForcepToReference-SequenceTransformStatus = OK
Seq_Frame0123_Timestamp = 14.976
Seq_Frame0124_ForcepToReference-SequenceTransform =0.341742 -0.88023 -0.329253 105.705 0.626747 -0.047598 0.777768 142.372 -0.700287 -0.472154 0.535415 69.2424 0 0 0 1 
Seq_Frame0124_ForcepToReference-SequenceTransformStatus = OK
Seq_Frame0124_Timestamp = 15.087
Seq_Frame0125_ForcepToReference-SequenceTransform =0.370194 -0.877117 -0.305978 103.734 0.648248 0.00799186 0.761388 150.034 -0.665381 -0.48021 0.571548 68.9814 0 0 0 1 
Seq_Frame0125_ForcepToReference-SequenceTransformStatus = OK
Seq_Frame0125_Timestamp = 15.191
Seq_Frame0126_ForcepToReference-SequenceTransform =0.416055 -0.873224 -0.253728 103.762 0.723242 0.148636 0.674409 172.396 -0.551197 -0.464098 0.693393 70.7464 0 0 0 1 
Seq_Frame0126_ForcepToReference-SequenceTransformStatus = OK
Seq_Frame0126_Timestamp = 15.301
Seq_Frame0127_ForcepToReference-SequenceTransform =0.491216 -0.837418 -0.239663 111.806 0.747636 0.264173 0.609305 185.736 -0.44693 -0.478481 0.75585 78.0694 0 0 0 1 
Seq_Frame0127_ForcepToReference-SequenceTransformStatus = OK
Seq_Frame0127_Timestamp = 15.407
Seq_Frame0128_ForcepToReference-SequenceTransform =0.569722 -0.788004 -0.233381 118.852 0.753006 0.386752 0.532358 199.507 -0.32924 -0.479034 0.813713 84.1332 0 0 0 1 
Seq_Frame0128_ForcepToReference-SequenceTransformStatus = OK
Seq_Frame0128_Timestamp = 15.511
Seq_Frame0129_ForcepToReference-SequenceTransform =0.638601 -0.757667 -0.134646 128.106 0.710278 0.513 0.482012 210.835 -0.296131 -0.40345 0.865757 95.3207 0 0 0 1 
Seq_Frame0129_ForcepToReference-SequenceTransformStatus = OK
Seq_Frame0129_Timestamp = 15.617
Seq_Frame0130_ForcepToReference-SequenceTransform =0.710771 -0.685516 -0.15771 137.29 0.675138 0.601882 0.426529 213.206 -0.19747 -0.40964 0.890618 99.2327 0 0 0 1 
Seq_Frame0130_ForcepToReference-SequenceTransformStatus = OK
Seq_Frame0130_Timestamp = 15.721
Seq_Frame0131_ForcepToReference-SequenceTransform =0.743618 -0.647531 -0.166538 143.803 0.656526 0.660039 0.365134 220.03 -0.126514 -0.380857 0.915938 105.917 0 0 0 1 
Seq_Frame0131_ForcepToReference-SequenceTransformStatus = OK
Seq_Frame0131_Timestamp = 15.827
Seq_Frame0132_ForcepToReference-SequenceTransform =0.775591 -0.602612 -0.187926 149.672 0.626685 0.699402 0.343661 220.424 -0.0756585 -0.384311 0.920098 107.782 0 0 0 1 
Seq_Frame0132_ForcepToReference-SequenceTransformStatus = OK
Seq_Frame0132_Timestamp = 15.933
Seq_Frame0133_ForcepToReference-SequenceTransform =0.782503 -0.564394 -0.26296 156.683 0.622472 0.699104 0.351827 217.305 -0.014732 -0.438991 0.898371 106.562 0 0 0 1 
Seq_Frame0133_ForcepToReference-SequenceTransformStatus = OK
Seq_Frame0133_Timestamp = 16.041
Seq_Frame0134_ForcepToReference-SequenceTransform =0.8183 -0.476473 -0.321495 166.426 0.567446 0.758793 0.319747 218.221 0.0915968 -0.44408 0.891293 114.66 0 0 0 1 
Seq_Frame0134_ForcepToReference-SequenceTransformStatus = OK
Seq_Frame0134_Timestamp = 16.146
Seq_Frame0135_ForcepToReference-SequenceTransform =0.834705 -0.431938 -0.34161 172.251 0.532689 0.790626 0.301915 217.651 0.139677 -0.433982 0.890028 120.062 0 0 0 1 
Seq_Frame0135_ForcepToReference-SequenceTransformStatus = OK
Seq_Frame0135_Timestamp = 16.249
Seq_Frame0136_ForcepToReference-SequenceTransform =0.890321 -0.362456 -0.275598 178.727 0.4264 0.876 0.225406 219.288 0.159724 -0.318198 0.934472 128.872 0 0 0 1 
Seq_Frame0136_ForcepToReference-SequenceTransformStatus = OK
Seq_Frame0136_Timestamp = 16.356
Seq_Frame0137_ForcepToReference-SequenceTransform =0.877735 -0.354333 -0.322537 180.914 0.430673 0.87846 0.20695 220.452 0.210006 -0.320555 0.923657 133.288 0 0 0 1 
Seq_Frame0137_ForcepToReference-SequenceTransformStatus = OK
Seq_Frame0137_Timestamp = 16.461
Seq_Frame0138_ForcepToReference-SequenceTransform =0.674384 -0.454482 -0.581938 171.207 0.7021 0.638705 0.314819 218.863 0.228607 -0.620888 0.749824 122.708 0 0 0 1 
Seq_Frame0138_ForcepToReference-SequenceTransformStatus = OK
Seq_Frame0138_Timestamp = 16.566
Seq_Frame0139_ForcepToReference-SequenceTransform =0.599235 -0.539474 -0.591511 161.902 0.790941 0.51321 0.333209 217.915 0.123812 -0.667521 0.734225 115.407 0 0 0 1 
Seq_Frame0139_ForcepToReference-SequenceTransformStatus = OK
Seq_Frame0139_Timestamp = 16.671
Seq_Frame0140_ForcepToReference-SequenceTransform =0.596269 -0.654007 -0.465552 147.551 0.799664 0.432789 0.416211 208.981 -0.0707192 -0.620459 0.781044 99.7211 0 0 0 1 
Seq_Frame0140_ForcepToReference-SequenceTransformStatus = OK
Seq_Frame0140_Timestamp = 16.776
Seq_Frame0141_ForcepToReference-SequenceTransform =0.531067 -0.748795 -0.396579 130.01 0.810626 0.312722 0.495066 199.305 -0.246684 -0.58439 0.773069 86.7412 0 0 0 1 
Seq_Frame0141_ForcepToReference-SequenceTransformStatus = OK
Seq_Frame0141_Timestamp = 16.886
Seq_Frame0142_ForcepToReference-SequenceTransform =0.46802 -0.813314 -0.345655 116.84 0.798705 0.221909 0.559309 185.587 -0.37819 -0.537844 0.753456 78.9121 0 0 0 1 
Seq_Frame0142_ForcepToReference-SequenceTransformStatus = OK
Seq_Frame0142_Timestamp = 16.991
Seq_Frame0143_ForcepToReference-SequenceTransform =0.421457 -0.817254 -0.393026 108.632 0.800921 0.132185 0.583997 175.381 -0.425322 -0.560912 0.710267 73.3742 0 0 0 1 
Seq_Frame0143_ForcepToReference-SequenceTransformStatus = OK
Seq_Frame0143_Timestamp = 17.096
Seq_Frame0144_ForcepToReference-SequenceTransform =0.394072 -0.82061 -0.413892 104.686 0.783942 0.0650562 0.617416 164.962 -0.479732 -0.567774 0.668947 70.2068 0 0 0 1 
Seq_Frame0144_ForcepToReference-SequenceTransformStatus = OK
Seq_Frame0144_Timestamp = 17.199
Seq_Frame0145_ForcepToReference-SequenceTransform =0.373789 -0.841824 -0.389377 101.765 0.761722 0.0390868 0.646724 163.454 -0.529208 -0.538336 0.655846 69.4924 0 0 0 1 
Seq_Frame0145_ForcepToReference-SequenceTransformStatus = OK
Seq_Frame0145_Timestamp = 17.306
Seq_Frame0146_ForcepToReference-SequenceTransform =0.353299 -0.858515 -0.371661 100.89 0.749625 0.0221201 0.661493 162.143 -0.55968 -0.512311 0.651379 69.5995 0 0 0 1 
Seq_Frame0146_ForcepToReference-SequenceTransformStatus = OK
Seq_Frame0146_Timestamp = 17.411
Seq_Frame0147_ForcepToReference-SequenceTransform =0.344224 -0.860971 -0.374484 100.893 0.751954 0.0139731 0.659068 162.014 -0.562205 -0.508462 0.65222 69.6872 0 0 0 1 
Seq_Frame0147_ForcepToReference-SequenceTransformStatus = OK
Seq_Frame0147_Timestamp = 17.521
Seq_Frame0148_ForcepToReference-SequenceTransform =0.349046 -0.854154 -0.385471 101.055 0.753004 0.0107954 0.657927 161.84 -0.55781 -0.519908 0.64695 69.6809 0 0 0 1 
Seq_Frame0148_ForcepToReference-SequenceTransformStatus = OK
Seq_Frame0148_Timestamp = 17.627
Seq_Frame0149_ForcepToReference-SequenceTransform =0.365026 -0.834535 -0.412684 101.224 0.757053 0.00807172 0.653303 160.726 -0.541873 -0.550896 0.634733 68.1168 0 0 0 1 
Seq_Frame0149_ForcepToReference-SequenceTransformStatus = OK
Seq_Frame0149_Timestamp = 17.736
Seq_Frame0150_ForcepToReference-SequenceTransform =0.366548 -0.832936 -0.414561 101.551 0.755388 0.00629854 0.655247 160.01 -0.543168 -0.553334 0.631499 67.7987 0 0 0 1 
Seq_Frame0150_ForcepToReference-SequenceTransformStatus = OK
Seq_Frame0150_Timestamp = 17.841
