ObjectType = Image
NDims = 3
AnatomicalOrientation = RAI
BinaryData = True
CompressedData = False
DimSize = 0 0 3740
ElementSpacing = 1 1 1
Offset = 0 0 0
TransformMatrix = 1 0 0 0 1 0 0 0 1
ElementType = MET_UCHAR
Kinds = domain domain list
Seq_Frame0000_DriverToReference-SequenceTransform =0.56141 -0.347993 -0.750813 6.97506 0.318207 -0.74675 0.584045 15.5347 -0.763913 -0.566803 -0.308499 30.4134 0 0 0 1 
Seq_Frame0000_DriverToReference-SequenceTransformStatus = OK
Seq_Frame0000_Timestamp = 0.0139999
Seq_Frame0001_DriverToReference-SequenceTransform =0.557891 -0.349298 -0.752827 6.97934 0.318354 -0.747648 0.582815 15.4967 -0.766426 -0.564812 -0.305906 30.5326 0 0 0 1 
Seq_Frame0001_DriverToReference-SequenceTransformStatus = OK
Seq_Frame0001_Timestamp = 0.125
Seq_Frame0002_DriverToReference-SequenceTransform =0.559481 -0.349395 -0.751601 6.98087 0.319317 -0.745949 0.584463 15.4652 -0.764864 -0.566995 -0.305776 30.5923 0 0 0 1 
Seq_Frame0002_DriverToReference-SequenceTransformStatus = OK
Seq_Frame0002_Timestamp = 0.23
Seq_Frame0003_DriverToReference-SequenceTransform =0.560232 -0.347657 -0.751847 6.87474 0.317559 -0.748167 0.582582 15.562 -0.765047 -0.565137 -0.308746 30.2406 0 0 0 1 
Seq_Frame0003_DriverToReference-SequenceTransformStatus = OK
Seq_Frame0003_Timestamp = 0.34
Seq_Frame0004_DriverToReference-SequenceTransform =0.562658 -0.344035 -0.751702 6.72408 0.316469 -0.750388 0.580314 15.5217 -0.763717 -0.564409 -0.313335 30.0962 0 0 0 1 
Seq_Frame0004_DriverToReference-SequenceTransformStatus = OK
Seq_Frame0004_Timestamp = 0.445
Seq_Frame0005_DriverToReference-SequenceTransform =0.549597 -0.357738 -0.754962 8.43334 0.313732 -0.74916 0.583379 13.1856 -0.774284 -0.557478 -0.299502 27.479 0 0 0 1 
Seq_Frame0005_DriverToReference-SequenceTransformStatus = OK
Seq_Frame0005_Timestamp = 0.55
Seq_Frame0006_DriverToReference-SequenceTransform =0.518767 -0.41955 -0.744889 10.4729 0.271533 -0.745325 0.608901 10.7773 -0.810649 -0.518139 -0.272728 23.3613 0 0 0 1 
Seq_Frame0006_DriverToReference-SequenceTransformStatus = OK
Seq_Frame0006_Timestamp = 0.655
Seq_Frame0007_DriverToReference-SequenceTransform =0.439093 -0.518337 -0.733842 14.522 0.258339 -0.709459 0.65569 4.9973 -0.860499 -0.477489 -0.177612 16.1087 0 0 0 1 
Seq_Frame0007_DriverToReference-SequenceTransformStatus = OK
Seq_Frame0007_Timestamp = 0.76
Seq_Frame0008_DriverToReference-SequenceTransform =0.452842 -0.50505 -0.734751 14.3402 0.259428 -0.713793 0.650535 4.77499 -0.853013 -0.485205 -0.192212 15.3771 0 0 0 1 
Seq_Frame0008_DriverToReference-SequenceTransformStatus = OK
Seq_Frame0008_Timestamp = 0.865
Seq_Frame0009_DriverToReference-SequenceTransform =0.426598 -0.527731 -0.734517 15.3734 0.238206 -0.717891 0.654133 5.40092 -0.872509 -0.454018 -0.180542 15.6418 0 0 0 1 
Seq_Frame0009_DriverToReference-SequenceTransformStatus = OK
Seq_Frame0009_Timestamp = 0.971
Seq_Frame0010_DriverToReference-SequenceTransform =0.175051 -0.150975 -0.972915 17.1918 -0.313933 -0.945152 0.0901828 96.1776 -0.933168 0.289643 -0.212846 -13.9751 0 0 0 1 
Seq_Frame0010_DriverToReference-SequenceTransformStatus = OK
Seq_Frame0010_Timestamp = 2.22
Seq_Frame0011_DriverToReference-SequenceTransform =0.171144 -0.125314 -0.977244 15.0361 -0.161476 -0.982034 0.0976493 110.489 -0.971923 0.14109 -0.188304 -16.3554 0 0 0 1 
Seq_Frame0011_DriverToReference-SequenceTransformStatus = OK
Seq_Frame0011_Timestamp = 2.323
Seq_Frame0012_DriverToReference-SequenceTransform =0.164008 -0.057755 -0.984767 19.9138 -0.208911 -0.977675 0.0225461 121.694 -0.964084 0.20203 -0.172412 -13.4247 0 0 0 1 
Seq_Frame0012_DriverToReference-SequenceTransformStatus = OK
Seq_Frame0012_Timestamp = 2.435
Seq_Frame0013_DriverToReference-SequenceTransform =-0.0474486 0.109857 -0.992814 12.56 -0.124983 -0.986775 -0.103216 138.115 -0.991024 0.119188 0.0605514 -19.6406 0 0 0 1 
Seq_Frame0013_DriverToReference-SequenceTransformStatus = OK
Seq_Frame0013_Timestamp = 2.539
Seq_Frame0014_DriverToReference-SequenceTransform =-0.0611476 0.215328 -0.974626 9.12774 -0.0613356 -0.975418 -0.211655 151.478 -0.996242 0.0468371 0.0728517 -16.7892 0 0 0 1 
Seq_Frame0014_DriverToReference-SequenceTransformStatus = OK
Seq_Frame0014_Timestamp = 2.646
Seq_Frame0015_DriverToReference-SequenceTransform =0.0211993 0.228965 -0.973204 15.6701 -0.130867 -0.964412 -0.229747 160.887 -0.991173 0.132231 0.00951904 -11.9145 0 0 0 1 
Seq_Frame0015_DriverToReference-SequenceTransformStatus = OK
Seq_Frame0015_Timestamp = 2.75
Seq_Frame0016_DriverToReference-SequenceTransform =0.0975332 0.222851 -0.969961 23.708 -0.0914757 -0.968475 -0.231708 171.202 -0.991019 0.111327 -0.0740729 -1.87673 0 0 0 1 
Seq_Frame0016_DriverToReference-SequenceTransformStatus = OK
Seq_Frame0016_Timestamp = 2.861
Seq_Frame0017_DriverToReference-SequenceTransform =0.127618 0.19153 -0.973154 34.8872 0.00623749 -0.981313 -0.192318 183.141 -0.991804 0.0184733 -0.126428 11.4139 0 0 0 1 
Seq_Frame0017_DriverToReference-SequenceTransformStatus = OK
Seq_Frame0017_Timestamp = 2.962
Seq_Frame0018_DriverToReference-SequenceTransform =0.124158 0.382364 -0.915632 48.0841 0.107379 -0.922531 -0.370685 205.097 -0.986435 -0.0522959 -0.155598 29.1553 0 0 0 1 
Seq_Frame0018_DriverToReference-SequenceTransformStatus = OK
Seq_Frame0018_Timestamp = 3.069
Seq_Frame0019_DriverToReference-SequenceTransform =0.15131 0.494618 -0.855838 72.7307 0.165212 -0.866282 -0.471445 228.295 -0.974582 -0.0700607 -0.212794 56.5571 0 0 0 1 
Seq_Frame0019_DriverToReference-SequenceTransformStatus = OK
Seq_Frame0019_Timestamp = 3.174
Seq_Frame0020_DriverToReference-SequenceTransform =0.0138943 0.613543 -0.789539 91.7757 0.143015 -0.782716 -0.605724 243.52 -0.989623 -0.1045 -0.0986212 74.6203 0 0 0 1 
Seq_Frame0020_DriverToReference-SequenceTransformStatus = OK
Seq_Frame0020_Timestamp = 3.28
Seq_Frame0021_DriverToReference-SequenceTransform =0.0405035 0.6599 -0.750261 109.933 0.140806 -0.747154 -0.649565 244.965 -0.989208 -0.0793317 -0.12318 91.5534 0 0 0 1 
Seq_Frame0021_DriverToReference-SequenceTransformStatus = OK
Seq_Frame0021_Timestamp = 3.385
Seq_Frame0022_DriverToReference-SequenceTransform =0.186023 0.628722 -0.755052 126.857 0.205472 -0.776367 -0.595849 244.647 -0.960821 -0.0443002 -0.273607 105.94 0 0 0 1 
Seq_Frame0022_DriverToReference-SequenceTransformStatus = OK
Seq_Frame0022_Timestamp = 3.49
Seq_Frame0023_DriverToReference-SequenceTransform =0.118601 0.689758 -0.71426 121.442 0.228179 -0.719019 -0.656465 253.609 -0.966369 -0.0851217 -0.242665 107.63 0 0 0 1 
Seq_Frame0023_DriverToReference-SequenceTransformStatus = OK
Seq_Frame0023_Timestamp = 3.595
Seq_Frame0024_DriverToReference-SequenceTransform =0.0629479 0.715392 -0.695882 112.585 0.214994 -0.690614 -0.690528 259.53 -0.974585 -0.106143 -0.197278 108.761 0 0 0 1 
Seq_Frame0024_DriverToReference-SequenceTransformStatus = OK
Seq_Frame0024_Timestamp = 3.7
Seq_Frame0025_DriverToReference-SequenceTransform =0.057571 0.710563 -0.701274 110.237 0.226364 -0.693435 -0.684037 264.356 -0.97234 -0.119362 -0.200768 108.616 0 0 0 1 
Seq_Frame0025_DriverToReference-SequenceTransformStatus = OK
Seq_Frame0025_Timestamp = 3.81
Seq_Frame0026_DriverToReference-SequenceTransform =0.0569478 0.722276 -0.689256 109.679 0.239823 -0.680059 -0.692824 264.561 -0.969145 -0.125845 -0.211946 109.428 0 0 0 1 
Seq_Frame0026_DriverToReference-SequenceTransformStatus = OK
Seq_Frame0026_Timestamp = 3.914
Seq_Frame0027_DriverToReference-SequenceTransform =0.0483597 0.72151 -0.690713 109.732 0.231771 -0.680754 -0.694879 261.396 -0.971568 -0.126483 -0.200146 109.513 0 0 0 1 
Seq_Frame0027_DriverToReference-SequenceTransformStatus = OK
Seq_Frame0027_Timestamp = 4.018
Seq_Frame0028_DriverToReference-SequenceTransform =0.0538268 0.726859 -0.684674 109.948 0.230423 -0.676205 -0.699752 258.7 -0.971601 -0.120099 -0.203883 108.855 0 0 0 1 
Seq_Frame0028_DriverToReference-SequenceTransformStatus = OK
Seq_Frame0028_Timestamp = 4.125
Seq_Frame0029_DriverToReference-SequenceTransform =0.0693112 0.726996 -0.683135 110.564 0.241148 -0.676683 -0.695663 256.029 -0.96801 -0.116519 -0.222215 109.713 0 0 0 1 
Seq_Frame0029_DriverToReference-SequenceTransformStatus = OK
Seq_Frame0029_Timestamp = 4.23
Seq_Frame0030_DriverToReference-SequenceTransform =0.0779403 0.722557 -0.686903 111.113 0.229361 -0.683513 -0.692967 254.097 -0.970216 -0.103539 -0.219 110.598 0 0 0 1 
Seq_Frame0030_DriverToReference-SequenceTransformStatus = OK
Seq_Frame0030_Timestamp = 4.335
Seq_Frame0031_DriverToReference-SequenceTransform =0.0741187 0.711374 -0.698894 110.437 0.261119 -0.690215 -0.674848 252.356 -0.962457 -0.132476 -0.236911 109.048 0 0 0 1 
Seq_Frame0031_DriverToReference-SequenceTransformStatus = OK
Seq_Frame0031_Timestamp = 4.44
Seq_Frame0032_DriverToReference-SequenceTransform =0.0838297 0.71971 -0.689195 111.61 0.232136 -0.686705 -0.688875 251.248 -0.969064 -0.102239 -0.224637 110.604 0 0 0 1 
Seq_Frame0032_DriverToReference-SequenceTransformStatus = OK
Seq_Frame0032_Timestamp = 4.545
Seq_Frame0033_DriverToReference-SequenceTransform =0.0838105 0.719536 -0.68938 110.84 0.225845 -0.687527 -0.690145 249.314 -0.970551 -0.0978512 -0.220125 110.941 0 0 0 1 
Seq_Frame0033_DriverToReference-SequenceTransformStatus = OK
Seq_Frame0033_Timestamp = 4.65
Seq_Frame0034_DriverToReference-SequenceTransform =0.0842012 0.716063 -0.692939 108.557 0.226415 -0.690967 -0.686513 245.897 -0.970385 -0.0990862 -0.220307 110.707 0 0 0 1 
Seq_Frame0034_DriverToReference-SequenceTransformStatus = OK
Seq_Frame0034_Timestamp = 4.76
Seq_Frame0035_DriverToReference-SequenceTransform =0.0811536 0.719893 -0.689325 106.45 0.198805 -0.6894 -0.696566 242.067 -0.976673 -0.0805123 -0.199066 110.851 0 0 0 1 
Seq_Frame0035_DriverToReference-SequenceTransformStatus = OK
Seq_Frame0035_Timestamp = 4.864
Seq_Frame0036_DriverToReference-SequenceTransform =0.073268 0.712567 -0.697767 102.084 0.197251 -0.696181 -0.690235 239.618 -0.977611 -0.0870635 -0.191563 110.686 0 0 0 1 
Seq_Frame0036_DriverToReference-SequenceTransformStatus = OK
Seq_Frame0036_Timestamp = 4.978
Seq_Frame0037_DriverToReference-SequenceTransform =0.0277602 0.705674 -0.707992 90.8458 0.184148 -0.699754 -0.690242 233.386 -0.982506 -0.111214 -0.149374 109.898 0 0 0 1 
Seq_Frame0037_DriverToReference-SequenceTransformStatus = OK
Seq_Frame0037_Timestamp = 5.09
Seq_Frame0038_DriverToReference-SequenceTransform =-0.0164761 0.677372 -0.735456 78.5875 0.187843 -0.720362 -0.667678 226.724 -0.982061 -0.149151 -0.115371 109.642 0 0 0 1 
Seq_Frame0038_DriverToReference-SequenceTransformStatus = OK
Seq_Frame0038_Timestamp = 5.195
Seq_Frame0039_DriverToReference-SequenceTransform =-0.0421782 0.635763 -0.770731 64.9434 0.122968 -0.762249 -0.635496 219.917 -0.991514 -0.121579 -0.0460282 110.221 0 0 0 1 
Seq_Frame0039_DriverToReference-SequenceTransformStatus = OK
Seq_Frame0039_Timestamp = 5.3
Seq_Frame0040_DriverToReference-SequenceTransform =-0.0272385 0.460295 -0.887348 45.6944 0.100834 -0.881884 -0.460557 212.755 -0.99453 -0.10202 -0.0223922 110.707 0 0 0 1 
Seq_Frame0040_DriverToReference-SequenceTransformStatus = OK
Seq_Frame0040_Timestamp = 5.405
Seq_Frame0041_DriverToReference-SequenceTransform =-0.135366 0.297108 -0.9452 17.6463 0.0102299 -0.953511 -0.301185 210.709 -0.990743 -0.0504396 0.126034 108.516 0 0 0 1 
Seq_Frame0041_DriverToReference-SequenceTransformStatus = OK
Seq_Frame0041_Timestamp = 5.515
Seq_Frame0042_DriverToReference-SequenceTransform =-0.31314 0.11553 -0.942654 -7.81821 -0.0959454 -0.991343 -0.0896256 209.753 -0.944848 0.0623779 0.321514 101.995 0 0 0 1 
Seq_Frame0042_DriverToReference-SequenceTransformStatus = OK
Seq_Frame0042_Timestamp = 5.619
Seq_Frame0043_DriverToReference-SequenceTransform =-0.361551 -0.109286 -0.925925 -32.3326 -0.197272 -0.961655 0.190534 201.262 -0.911243 0.251547 0.326128 98.2208 0 0 0 1 
Seq_Frame0043_DriverToReference-SequenceTransformStatus = OK
Seq_Frame0043_Timestamp = 5.727
Seq_Frame0044_DriverToReference-SequenceTransform =-0.479895 -0.190322 -0.856434 -66.6546 -0.331439 -0.864516 0.377837 183.589 -0.812311 0.465177 0.351796 108.708 0 0 0 1 
Seq_Frame0044_DriverToReference-SequenceTransformStatus = OK
Seq_Frame0044_Timestamp = 5.835
Seq_Frame0045_DriverToReference-SequenceTransform =-0.583574 -0.217247 -0.782461 -98.1724 -0.484487 -0.680132 0.550175 168.455 -0.651701 0.70016 0.291654 110.797 0 0 0 1 
Seq_Frame0045_DriverToReference-SequenceTransformStatus = OK
Seq_Frame0045_Timestamp = 5.94
Seq_Frame0046_DriverToReference-SequenceTransform =-0.72219 -0.154778 -0.674155 -124.795 -0.4368 -0.65367 0.617998 159.415 -0.536327 0.740783 0.404467 100.362 0 0 0 1 
Seq_Frame0046_DriverToReference-SequenceTransformStatus = OK
Seq_Frame0046_Timestamp = 6.044
Seq_Frame0047_DriverToReference-SequenceTransform =-0.710532 -0.219061 -0.668698 -125.938 -0.50622 -0.500944 0.701995 140.201 -0.48876 0.837298 0.245044 90.7263 0 0 0 1 
Seq_Frame0047_DriverToReference-SequenceTransformStatus = OK
Seq_Frame0047_Timestamp = 6.15
Seq_Frame0048_DriverToReference-SequenceTransform =-0.68646 -0.366469 -0.628071 -130.108 -0.48024 -0.420085 0.769999 133.11 -0.546024 0.830198 0.112379 89.7175 0 0 0 1 
Seq_Frame0048_DriverToReference-SequenceTransformStatus = OK
Seq_Frame0048_Timestamp = 6.26
Seq_Frame0049_DriverToReference-SequenceTransform =-0.67568 -0.441059 -0.590698 -131.572 -0.446369 -0.39292 0.803971 130.032 -0.586695 0.806896 0.0686124 86.7903 0 0 0 1 
Seq_Frame0049_DriverToReference-SequenceTransformStatus = OK
Seq_Frame0049_Timestamp = 6.365
Seq_Frame0050_DriverToReference-SequenceTransform =-0.650577 -0.498863 -0.572613 -133.732 -0.42558 -0.384998 0.818937 128.31 -0.628992 0.776474 0.0381651 82.5952 0 0 0 1 
Seq_Frame0050_DriverToReference-SequenceTransformStatus = OK
Seq_Frame0050_Timestamp = 6.47
Seq_Frame0051_DriverToReference-SequenceTransform =-0.611158 -0.458335 -0.645302 -131.933 -0.604324 -0.256301 0.754389 125.544 -0.511154 0.851022 -0.120342 85.611 0 0 0 1 
Seq_Frame0051_DriverToReference-SequenceTransformStatus = OK
Seq_Frame0051_Timestamp = 6.575
Seq_Frame0052_DriverToReference-SequenceTransform =-0.663184 -0.504853 -0.552549 -134.405 -0.378287 -0.410923 0.829482 124.674 -0.645822 0.759122 0.0815384 80.9257 0 0 0 1 
Seq_Frame0052_DriverToReference-SequenceTransformStatus = OK
Seq_Frame0052_Timestamp = 6.679
Seq_Frame0053_DriverToReference-SequenceTransform =-0.658952 -0.481475 -0.577897 -132.692 -0.500423 -0.292975 0.814704 122.781 -0.561569 0.826043 -0.0478847 83.8398 0 0 0 1 
Seq_Frame0053_DriverToReference-SequenceTransformStatus = OK
Seq_Frame0053_Timestamp = 6.785
Seq_Frame0054_DriverToReference-SequenceTransform =-0.669942 -0.448395 -0.591709 -133.844 -0.536969 -0.257726 0.803269 121.718 -0.512681 0.855873 -0.0681128 84.8872 0 0 0 1 
Seq_Frame0054_DriverToReference-SequenceTransformStatus = OK
Seq_Frame0054_Timestamp = 6.894
Seq_Frame0055_DriverToReference-SequenceTransform =-0.657037 -0.550945 -0.514551 -135.974 -0.364468 -0.365328 0.856562 117.523 -0.659898 0.75033 0.0392319 79.099 0 0 0 1 
Seq_Frame0055_DriverToReference-SequenceTransformStatus = OK
Seq_Frame0055_Timestamp = 7
Seq_Frame0056_DriverToReference-SequenceTransform =-0.625611 -0.563163 -0.539869 -133.482 -0.527257 -0.204818 0.824651 114.249 -0.574988 0.800561 -0.168795 78.4545 0 0 0 1 
Seq_Frame0056_DriverToReference-SequenceTransformStatus = OK
Seq_Frame0056_Timestamp = 7.105
Seq_Frame0057_DriverToReference-SequenceTransform =-0.606471 -0.592944 -0.529727 -131.534 -0.510861 -0.219936 0.831053 110.341 -0.609274 0.774626 -0.169527 78.6251 0 0 0 1 
Seq_Frame0057_DriverToReference-SequenceTransformStatus = OK
Seq_Frame0057_Timestamp = 7.225
Seq_Frame0058_DriverToReference-SequenceTransform =-0.609736 -0.607387 -0.509218 -131.19 -0.477136 -0.231732 0.847727 109.187 -0.6329 0.759856 -0.148511 76.678 0 0 0 1 
Seq_Frame0058_DriverToReference-SequenceTransformStatus = OK
Seq_Frame0058_Timestamp = 7.336
Seq_Frame0059_DriverToReference-SequenceTransform =-0.584636 -0.641169 -0.497094 -130.567 -0.459345 -0.243446 0.854246 108.344 -0.668732 0.727761 -0.152191 76.349 0 0 0 1 
Seq_Frame0059_DriverToReference-SequenceTransformStatus = OK
Seq_Frame0059_Timestamp = 7.44
Seq_Frame0060_DriverToReference-SequenceTransform =-0.575765 -0.649811 -0.496227 -130.142 -0.459107 -0.245254 0.853857 107.733 -0.676547 0.719442 -0.157124 76.5012 0 0 0 1 
Seq_Frame0060_DriverToReference-SequenceTransformStatus = OK
Seq_Frame0060_Timestamp = 7.548
Seq_Frame0061_DriverToReference-SequenceTransform =-0.571667 -0.655062 -0.494055 -127.03 -0.451007 -0.252139 0.856165 107.611 -0.685412 0.712264 -0.151298 76.8951 0 0 0 1 
Seq_Frame0061_DriverToReference-SequenceTransformStatus = OK
Seq_Frame0061_Timestamp = 7.649
Seq_Frame0062_DriverToReference-SequenceTransform =-0.540388 -0.663236 -0.517783 -124.213 -0.446057 -0.295975 0.844649 108.335 -0.713452 0.687399 -0.1359 76.2925 0 0 0 1 
Seq_Frame0062_DriverToReference-SequenceTransformStatus = OK
Seq_Frame0062_Timestamp = 7.773
Seq_Frame0063_DriverToReference-SequenceTransform =-0.527975 -0.659006 -0.53568 -119.172 -0.437252 -0.329797 0.836687 111.914 -0.728048 0.675977 -0.114027 75.5263 0 0 0 1 
Seq_Frame0063_DriverToReference-SequenceTransformStatus = OK
Seq_Frame0063_Timestamp = 7.884
Seq_Frame0064_DriverToReference-SequenceTransform =-0.498724 -0.590755 -0.634258 -106.962 -0.358016 -0.526015 0.771448 129.341 -0.789366 0.611814 0.0508369 65.0037 0 0 0 1 
Seq_Frame0064_DriverToReference-SequenceTransformStatus = OK
Seq_Frame0064_Timestamp = 8.001
Seq_Frame0065_DriverToReference-SequenceTransform =-0.488858 -0.397086 -0.77675 -94.3432 -0.354261 -0.723309 0.592725 142.107 -0.797193 0.564931 0.212924 53.1783 0 0 0 1 
Seq_Frame0065_DriverToReference-SequenceTransformStatus = OK
Seq_Frame0065_Timestamp = 8.109
Seq_Frame0066_DriverToReference-SequenceTransform =-0.446476 -0.305214 -0.841132 -80.0182 -0.367751 -0.794376 0.483452 150.426 -0.815732 0.525177 0.242427 45.4326 0 0 0 1 
Seq_Frame0066_DriverToReference-SequenceTransformStatus = OK
Seq_Frame0066_Timestamp = 8.218
Seq_Frame0067_DriverToReference-SequenceTransform =-0.411662 -0.283287 -0.866189 -72.3222 -0.338875 -0.834725 0.434049 161.37 -0.84599 0.472211 0.247626 45.7207 0 0 0 1 
Seq_Frame0067_DriverToReference-SequenceTransformStatus = OK
Seq_Frame0067_Timestamp = 8.343
Seq_Frame0068_DriverToReference-SequenceTransform =-0.379152 -0.258437 -0.888512 -62.6913 -0.350951 -0.848304 0.396502 168.447 -0.856199 0.462159 0.230938 51.337 0 0 0 1 
Seq_Frame0068_DriverToReference-SequenceTransformStatus = OK
Seq_Frame0068_Timestamp = 8.467
Seq_Frame0069_DriverToReference-SequenceTransform =-0.33192 -0.258292 -0.907257 -47.5621 -0.361857 -0.85334 0.375327 177.06 -0.871142 0.452876 0.189776 54.4462 0 0 0 1 
Seq_Frame0069_DriverToReference-SequenceTransformStatus = OK
Seq_Frame0069_Timestamp = 8.589
Seq_Frame0070_DriverToReference-SequenceTransform =-0.313491 -0.258331 -0.913777 -24.9284 -0.299773 -0.886154 0.353366 188.631 -0.901032 0.384703 0.200361 72.4555 0 0 0 1 
Seq_Frame0070_DriverToReference-SequenceTransformStatus = OK
Seq_Frame0070_Timestamp = 8.865
Seq_Frame0071_DriverToReference-SequenceTransform =-0.325228 -0.232807 -0.91653 -23.442 -0.32219 -0.88395 0.338859 191.116 -0.889056 0.405503 0.212477 73.0942 0 0 0 1 
Seq_Frame0071_DriverToReference-SequenceTransformStatus = OK
Seq_Frame0071_Timestamp = 8.979
Seq_Frame0072_DriverToReference-SequenceTransform =-0.30809 -0.243182 -0.919752 -21.9712 -0.294817 -0.894781 0.335335 195.399 -0.904524 0.374472 0.203979 71.6284 0 0 0 1 
Seq_Frame0072_DriverToReference-SequenceTransformStatus = OK
Seq_Frame0072_Timestamp = 9.107
Seq_Frame0073_DriverToReference-SequenceTransform =-0.289874 -0.249557 -0.923956 -20.2887 -0.286174 -0.898637 0.3325 197.202 -0.913279 0.360795 0.189075 71.4434 0 0 0 1 
Seq_Frame0073_DriverToReference-SequenceTransformStatus = OK
Seq_Frame0073_Timestamp = 9.212
Seq_Frame0074_DriverToReference-SequenceTransform =-0.277711 -0.248663 -0.927924 -15.019 -0.292243 -0.898272 0.32818 199.287 -0.915134 0.362319 0.17679 73.3073 0 0 0 1 
Seq_Frame0074_DriverToReference-SequenceTransformStatus = OK
Seq_Frame0074_Timestamp = 9.312
Seq_Frame0075_DriverToReference-SequenceTransform =-0.271686 -0.247464 -0.930026 -7.26121 -0.283305 -0.902989 0.323031 201.005 -0.919742 0.351244 0.175221 77.2006 0 0 0 1 
Seq_Frame0075_DriverToReference-SequenceTransformStatus = OK
Seq_Frame0075_Timestamp = 9.413
Seq_Frame0076_DriverToReference-SequenceTransform =-0.263612 -0.246342 -0.932644 1.04619 -0.256872 -0.914005 0.314024 204.211 -0.929799 0.322351 0.177664 81.666 0 0 0 1 
Seq_Frame0076_DriverToReference-SequenceTransformStatus = OK
Seq_Frame0076_Timestamp = 9.533
Seq_Frame0077_DriverToReference-SequenceTransform =-0.248097 -0.239291 -0.938716 9.51927 -0.239297 -0.923844 0.298745 209.112 -0.938714 0.29875 0.171941 84.5796 0 0 0 1 
Seq_Frame0077_DriverToReference-SequenceTransformStatus = OK
Seq_Frame0077_Timestamp = 9.644
Seq_Frame0078_DriverToReference-SequenceTransform =-0.204499 -0.25064 -0.946234 14.2185 -0.2224 -0.929486 0.294269 211.089 -0.953267 0.27062 0.134336 87.1409 0 0 0 1 
Seq_Frame0078_DriverToReference-SequenceTransformStatus = OK
Seq_Frame0078_Timestamp = 9.759
Seq_Frame0079_DriverToReference-SequenceTransform =-0.168774 -0.344534 -0.923478 15.6375 -0.213532 -0.901888 0.375504 215.594 -0.962247 0.260567 0.0786461 87.0338 0 0 0 1 
Seq_Frame0079_DriverToReference-SequenceTransformStatus = OK
Seq_Frame0079_Timestamp = 10.072
Seq_Frame0080_DriverToReference-SequenceTransform =-0.168774 -0.344534 -0.923478 15.6375 -0.213532 -0.901888 0.375504 215.594 -0.962247 0.260567 0.0786461 87.0338 0 0 0 1 
Seq_Frame0080_DriverToReference-SequenceTransformStatus = OK
Seq_Frame0080_Timestamp = 10.189
Seq_Frame0081_DriverToReference-SequenceTransform =-0.168774 -0.344534 -0.923478 15.6375 -0.213532 -0.901888 0.375504 215.594 -0.962247 0.260567 0.0786461 87.0338 0 0 0 1 
Seq_Frame0081_DriverToReference-SequenceTransformStatus = OK
Seq_Frame0081_Timestamp = 10.293
Seq_Frame0082_DriverToReference-SequenceTransform =-0.168774 -0.344534 -0.923478 15.6375 -0.213532 -0.901888 0.375504 215.594 -0.962247 0.260567 0.0786461 87.0338 0 0 0 1 
Seq_Frame0082_DriverToReference-SequenceTransformStatus = OK
Seq_Frame0082_Timestamp = 10.397
Seq_Frame0083_DriverToReference-SequenceTransform =-0.168774 -0.344534 -0.923478 15.6375 -0.213532 -0.901888 0.375504 215.594 -0.962247 0.260567 0.0786461 87.0338 0 0 0 1 
Seq_Frame0083_DriverToReference-SequenceTransformStatus = OK
Seq_Frame0083_Timestamp = 10.505
Seq_Frame0084_DriverToReference-SequenceTransform =-0.168774 -0.344534 -0.923478 15.6375 -0.213532 -0.901888 0.375504 215.594 -0.962247 0.260567 0.0786461 87.0338 0 0 0 1 
Seq_Frame0084_DriverToReference-SequenceTransformStatus = OK
Seq_Frame0084_Timestamp = 10.63
Seq_Frame0085_DriverToReference-SequenceTransform =-0.168774 -0.344534 -0.923478 15.6375 -0.213532 -0.901888 0.375504 215.594 -0.962247 0.260567 0.0786461 87.0338 0 0 0 1 
Seq_Frame0085_DriverToReference-SequenceTransformStatus = OK
Seq_Frame0085_Timestamp = 10.787
Seq_Frame0086_DriverToReference-SequenceTransform =-0.168774 -0.344534 -0.923478 15.6375 -0.213532 -0.901888 0.375504 215.594 -0.962247 0.260567 0.0786461 87.0338 0 0 0 1 
Seq_Frame0086_DriverToReference-SequenceTransformStatus = OK
Seq_Frame0086_Timestamp = 11.023
Seq_Frame0087_DriverToReference-SequenceTransform =0.738289 0.658882 0.144234 37.5037 -0.580634 0.512045 0.632988 196.281 0.34321 -0.551075 0.760607 108.774 0 0 0 1 
Seq_Frame0087_DriverToReference-SequenceTransformStatus = OK
Seq_Frame0087_Timestamp = 11.149
Seq_Frame0088_DriverToReference-SequenceTransform =0.43109 0.895606 -0.109778 40.2032 -0.671726 0.399774 0.623671 191.331 0.60245 -0.195117 0.77394 95.5311 0 0 0 1 
Seq_Frame0088_DriverToReference-SequenceTransformStatus = OK
Seq_Frame0088_Timestamp = 11.276
Seq_Frame0089_DriverToReference-SequenceTransform =0.722133 0.683031 0.109508 41.5701 -0.572697 0.501517 0.648459 187.838 0.387998 -0.530988 0.753332 102.7 0 0 0 1 
Seq_Frame0089_DriverToReference-SequenceTransformStatus = OK
Seq_Frame0089_Timestamp = 11.4
Seq_Frame0090_DriverToReference-SequenceTransform =-0.301388 -0.265774 -0.915712 43.7051 -0.421703 -0.824184 0.378005 187.647 -0.855179 0.500085 0.136322 110.357 0 0 0 1 
Seq_Frame0090_DriverToReference-SequenceTransformStatus = OK
Seq_Frame0090_Timestamp = 11.52
Seq_Frame0091_DriverToReference-SequenceTransform =-0.301388 -0.265774 -0.915712 43.7051 -0.421703 -0.824184 0.378005 187.647 -0.855179 0.500085 0.136322 110.357 0 0 0 1 
Seq_Frame0091_DriverToReference-SequenceTransformStatus = OK
Seq_Frame0091_Timestamp = 11.632
Seq_Frame0092_DriverToReference-SequenceTransform =-0.301388 -0.265774 -0.915712 43.7051 -0.421703 -0.824184 0.378005 187.647 -0.855179 0.500085 0.136322 110.357 0 0 0 1 
Seq_Frame0092_DriverToReference-SequenceTransformStatus = OK
Seq_Frame0092_Timestamp = 11.757
Seq_Frame0093_DriverToReference-SequenceTransform =-0.301388 -0.265774 -0.915712 43.7051 -0.421703 -0.824184 0.378005 187.647 -0.855179 0.500085 0.136322 110.357 0 0 0 1 
Seq_Frame0093_DriverToReference-SequenceTransformStatus = OK
Seq_Frame0093_Timestamp = 11.877
Seq_Frame0094_DriverToReference-SequenceTransform =-0.301388 -0.265774 -0.915712 43.7051 -0.421703 -0.824184 0.378005 187.647 -0.855179 0.500085 0.136322 110.357 0 0 0 1 
Seq_Frame0094_DriverToReference-SequenceTransformStatus = OK
Seq_Frame0094_Timestamp = 11.978
Seq_Frame0095_DriverToReference-SequenceTransform =-0.301388 -0.265774 -0.915712 43.7051 -0.421703 -0.824184 0.378005 187.647 -0.855179 0.500085 0.136322 110.357 0 0 0 1 
Seq_Frame0095_DriverToReference-SequenceTransformStatus = OK
Seq_Frame0095_Timestamp = 12.323
Seq_Frame0096_DriverToReference-SequenceTransform =-0.301388 -0.265774 -0.915712 43.7051 -0.421703 -0.824184 0.378005 187.647 -0.855179 0.500085 0.136322 110.357 0 0 0 1 
Seq_Frame0096_DriverToReference-SequenceTransformStatus = OK
Seq_Frame0096_Timestamp = 12.429
Seq_Frame0097_DriverToReference-SequenceTransform =-0.335931 -0.40878 -0.848557 34.4644 -0.487603 -0.695318 0.527993 158.512 -0.80585 0.591128 0.0342567 84.5453 0 0 0 1 
Seq_Frame0097_DriverToReference-SequenceTransformStatus = OK
Seq_Frame0097_Timestamp = 12.537
Seq_Frame0098_DriverToReference-SequenceTransform =-0.489717 -0.327331 -0.808104 83.909 -0.403108 -0.736835 0.54275 219.336 -0.773098 0.591547 0.228891 94.0076 0 0 0 1 
Seq_Frame0098_DriverToReference-SequenceTransformStatus = OK
Seq_Frame0098_Timestamp = 16.916
Seq_Frame0099_DriverToReference-SequenceTransform =-0.486913 -0.278182 -0.827968 82.1281 -0.412607 -0.762239 0.498745 211.822 -0.769852 0.584471 0.256364 104.488 0 0 0 1 
Seq_Frame0099_DriverToReference-SequenceTransformStatus = OK
Seq_Frame0099_Timestamp = 17.04
Seq_Frame0100_DriverToReference-SequenceTransform =-0.493852 -0.266814 -0.827599 79.4954 -0.416835 -0.762636 0.494607 213.263 -0.763125 0.589234 0.265412 106.654 0 0 0 1 
Seq_Frame0100_DriverToReference-SequenceTransformStatus = OK
Seq_Frame0100_Timestamp = 17.144
Seq_Frame0101_DriverToReference-SequenceTransform =-0.555087 -0.210205 -0.804793 71.189 -0.394694 -0.785115 0.477296 223.907 -0.732185 0.582588 0.35284 112.842 0 0 0 1 
Seq_Frame0101_DriverToReference-SequenceTransformStatus = OK
Seq_Frame0101_Timestamp = 17.263
Seq_Frame0102_DriverToReference-SequenceTransform =-0.532026 0.100462 -0.840747 69.043 -0.427693 -0.888842 0.164436 233.041 -0.730772 0.447065 0.515854 118.9 0 0 0 1 
Seq_Frame0102_DriverToReference-SequenceTransformStatus = OK
Seq_Frame0102_Timestamp = 17.377
Seq_Frame0103_DriverToReference-SequenceTransform =-0.597417 0.269648 -0.755237 63.4139 -0.431622 -0.901845 0.0194343 236.373 -0.675866 0.337587 0.655164 121.078 0 0 0 1 
Seq_Frame0103_DriverToReference-SequenceTransformStatus = OK
Seq_Frame0103_Timestamp = 17.502
Seq_Frame0104_DriverToReference-SequenceTransform =-0.597417 0.269648 -0.755237 63.4139 -0.431622 -0.901845 0.0194343 236.373 -0.675866 0.337587 0.655164 121.078 0 0 0 1 
Seq_Frame0104_DriverToReference-SequenceTransformStatus = OK
Seq_Frame0104_Timestamp = 17.623
Seq_Frame0105_DriverToReference-SequenceTransform =0.933518 -0.271458 0.234209 43.0166 0.0356156 0.720231 0.69282 236.007 -0.356756 -0.638419 0.682017 137.824 0 0 0 1 
Seq_Frame0105_DriverToReference-SequenceTransformStatus = OK
Seq_Frame0105_Timestamp = 17.731
Seq_Frame0106_DriverToReference-SequenceTransform =0.952058 -0.280268 0.122622 24.3869 0.113061 0.694809 0.710251 229.365 -0.28426 -0.662336 0.693186 140.338 0 0 0 1 
Seq_Frame0106_DriverToReference-SequenceTransformStatus = OK
Seq_Frame0106_Timestamp = 17.862
Seq_Frame0107_DriverToReference-SequenceTransform =0.95748 -0.287862 0.0191879 21.1177 0.187993 0.67298 0.715372 224.724 -0.218842 -0.681347 0.69848 136.981 0 0 0 1 
Seq_Frame0107_DriverToReference-SequenceTransformStatus = OK
Seq_Frame0107_Timestamp = 17.963
Seq_Frame0108_DriverToReference-SequenceTransform =0.976234 -0.210805 -0.0502857 23.1507 0.186733 0.70044 0.68885 228.041 -0.109991 -0.681869 0.723157 130.454 0 0 0 1 
Seq_Frame0108_DriverToReference-SequenceTransformStatus = OK
Seq_Frame0108_Timestamp = 18.068
Seq_Frame0109_DriverToReference-SequenceTransform =0.983585 -0.172817 -0.051915 20.4032 0.163753 0.733991 0.659122 229.222 -0.0758025 -0.656804 0.750242 126.217 0 0 0 1 
Seq_Frame0109_DriverToReference-SequenceTransformStatus = OK
Seq_Frame0109_Timestamp = 18.169
Seq_Frame0110_DriverToReference-SequenceTransform =0.998913 -0.0465986 0.00105766 24.0303 0.035696 0.779396 0.625514 232.215 -0.0299724 -0.624797 0.780212 126.102 0 0 0 1 
Seq_Frame0110_DriverToReference-SequenceTransformStatus = OK
Seq_Frame0110_Timestamp = 18.276
Seq_Frame0111_DriverToReference-SequenceTransform =0.850165 0.523379 0.0573992 37.6746 -0.467411 0.700043 0.539877 235.58 0.242378 -0.485813 0.839785 126.743 0 0 0 1 
Seq_Frame0111_DriverToReference-SequenceTransformStatus = OK
Seq_Frame0111_Timestamp = 18.384
Seq_Frame0112_DriverToReference-SequenceTransform =0.527692 0.849394 -0.00839721 47.1777 -0.768499 0.481601 0.421271 235.365 0.361869 -0.215848 0.906896 129.244 0 0 0 1 
Seq_Frame0112_DriverToReference-SequenceTransformStatus = OK
Seq_Frame0112_Timestamp = 18.485
Seq_Frame0113_DriverToReference-SequenceTransform =0.294129 0.947642 -0.124348 55.2338 -0.866082 0.319288 0.384652 234.348 0.404215 -0.00544147 0.914648 133.036 0 0 0 1 
Seq_Frame0113_DriverToReference-SequenceTransformStatus = OK
Seq_Frame0113_Timestamp = 18.589
Seq_Frame0114_DriverToReference-SequenceTransform =0.110979 0.969498 -0.218536 61.6372 -0.926243 0.180603 0.330842 237.844 0.360219 0.165701 0.918033 138.112 0 0 0 1 
Seq_Frame0114_DriverToReference-SequenceTransformStatus = OK
Seq_Frame0114_Timestamp = 18.702
Seq_Frame0115_DriverToReference-SequenceTransform =-0.018276 0.975057 -0.221199 63.3044 -0.945924 0.0548022 0.319725 235.434 0.323873 0.215081 0.921329 137.075 0 0 0 1 
Seq_Frame0115_DriverToReference-SequenceTransformStatus = OK
Seq_Frame0115_Timestamp = 18.812
Seq_Frame0116_DriverToReference-SequenceTransform =-0.0515 0.965474 -0.255358 66.883 -0.963641 0.0190887 0.266517 239.224 0.26219 0.259799 0.929388 134.814 0 0 0 1 
Seq_Frame0116_DriverToReference-SequenceTransformStatus = OK
Seq_Frame0116_Timestamp = 18.938
Seq_Frame0117_DriverToReference-SequenceTransform =-0.0640194 0.961019 -0.268967 68.1371 -0.968222 0.00547907 0.250032 239.221 0.241759 0.276427 0.930129 131.375 0 0 0 1 
Seq_Frame0117_DriverToReference-SequenceTransformStatus = OK
Seq_Frame0117_Timestamp = 19.064
Seq_Frame0118_DriverToReference-SequenceTransform =-0.0760028 0.959115 -0.27262 69.5587 -0.969965 -0.00775734 0.243122 238.433 0.231067 0.282909 0.930898 130.838 0 0 0 1 
Seq_Frame0118_DriverToReference-SequenceTransformStatus = OK
Seq_Frame0118_Timestamp = 19.188
Seq_Frame0119_DriverToReference-SequenceTransform =-0.0905062 0.95656 -0.277131 69.5667 -0.967195 -0.0181019 0.253388 235.994 0.237364 0.290973 0.926819 129.859 0 0 0 1 
Seq_Frame0119_DriverToReference-SequenceTransformStatus = OK
Seq_Frame0119_Timestamp = 19.315
Seq_Frame0120_DriverToReference-SequenceTransform =-0.0801012 0.960803 -0.265409 71.1854 -0.971094 -0.0151553 0.238216 236.306 0.224856 0.276818 0.934244 129.67 0 0 0 1 
Seq_Frame0120_DriverToReference-SequenceTransformStatus = OK
Seq_Frame0120_Timestamp = 19.444
Seq_Frame0121_DriverToReference-SequenceTransform =-0.0828132 0.95917 -0.270434 70.3447 -0.966975 -0.0117026 0.254604 235.124 0.241044 0.282587 0.928462 128.166 0 0 0 1 
Seq_Frame0121_DriverToReference-SequenceTransformStatus = OK
Seq_Frame0121_Timestamp = 19.549
Seq_Frame0122_DriverToReference-SequenceTransform =-0.0780594 0.960272 -0.267926 70.3145 -0.966242 -0.00668612 0.257548 234.833 0.245525 0.278986 0.928377 128.056 0 0 0 1 
Seq_Frame0122_DriverToReference-SequenceTransformStatus = OK
Seq_Frame0122_Timestamp = 19.652
Seq_Frame0123_DriverToReference-SequenceTransform =-0.0604294 0.954125 -0.293248 69.6566 -0.965997 0.0180895 0.257919 235.663 0.251392 0.298862 0.920589 126.502 0 0 0 1 
Seq_Frame0123_DriverToReference-SequenceTransformStatus = OK
Seq_Frame0123_Timestamp = 19.778
Seq_Frame0124_DriverToReference-SequenceTransform =-0.0487029 0.955864 -0.289744 69.5608 -0.963574 0.0314111 0.265592 234.515 0.262971 0.292125 0.919516 126.461 0 0 0 1 
Seq_Frame0124_DriverToReference-SequenceTransformStatus = OK
Seq_Frame0124_Timestamp = 19.904
Seq_Frame0125_DriverToReference-SequenceTransform =-0.0429921 0.955439 -0.292043 69.1497 -0.961429 0.0399219 0.272141 234.378 0.271673 0.292478 0.91687 126.181 0 0 0 1 
Seq_Frame0125_DriverToReference-SequenceTransformStatus = OK
Seq_Frame0125_Timestamp = 20.028
Seq_Frame0126_DriverToReference-SequenceTransform =-0.0427413 0.955052 -0.29334 69.442 -0.960939 0.0410597 0.273696 234.101 0.273438 0.29358 0.915992 125.913 0 0 0 1 
Seq_Frame0126_DriverToReference-SequenceTransformStatus = OK
Seq_Frame0126_Timestamp = 20.154
Seq_Frame0127_DriverToReference-SequenceTransform =-0.0416249 0.958212 -0.283014 69.8133 -0.959546 0.0406058 0.278608 233.012 0.278458 0.283162 0.917758 126.239 0 0 0 1 
Seq_Frame0127_DriverToReference-SequenceTransformStatus = OK
Seq_Frame0127_Timestamp = 20.28
Seq_Frame0128_DriverToReference-SequenceTransform =-0.0500008 0.956582 -0.287143 70.322 -0.961674 0.0314954 0.272381 232.053 0.269599 0.289757 0.918345 127.327 0 0 0 1 
Seq_Frame0128_DriverToReference-SequenceTransformStatus = OK
Seq_Frame0128_Timestamp = 20.388
Seq_Frame0129_DriverToReference-SequenceTransform =-0.0662641 0.952426 -0.297478 70.7263 -0.962456 0.0176392 0.270864 231.216 0.263226 0.304258 0.915499 127.235 0 0 0 1 
Seq_Frame0129_DriverToReference-SequenceTransformStatus = OK
Seq_Frame0129_Timestamp = 20.5
Seq_Frame0130_DriverToReference-SequenceTransform =-0.0480475 0.954108 -0.295583 70.695 -0.96287 0.0344628 0.267758 229.846 0.265657 0.297473 0.917026 127.316 0 0 0 1 
Seq_Frame0130_DriverToReference-SequenceTransformStatus = OK
Seq_Frame0130_Timestamp = 20.626
Seq_Frame0131_DriverToReference-SequenceTransform =-0.030597 0.957129 -0.288042 70.659 -0.960458 0.0516332 0.273595 229.223 0.276738 0.285023 0.917702 126.698 0 0 0 1 
Seq_Frame0131_DriverToReference-SequenceTransformStatus = OK
Seq_Frame0131_Timestamp = 20.75
Seq_Frame0132_DriverToReference-SequenceTransform =-0.00539671 0.963564 -0.267424 70.5617 -0.959541 0.0702965 0.272652 229.636 0.281517 0.258075 0.9242 126.181 0 0 0 1 
Seq_Frame0132_DriverToReference-SequenceTransformStatus = OK
Seq_Frame0132_Timestamp = 20.877
Seq_Frame0133_DriverToReference-SequenceTransform =0.0315736 0.964983 -0.260406 71.3024 -0.96083 0.101074 0.25805 231.375 0.275334 0.242059 0.930376 126.217 0 0 0 1 
Seq_Frame0133_DriverToReference-SequenceTransformStatus = OK
Seq_Frame0133_Timestamp = 21
Seq_Frame0134_DriverToReference-SequenceTransform =0.0729563 0.96361 -0.257165 71.8166 -0.956414 0.1407 0.255881 232.948 0.282752 0.227289 0.931875 125.281 0 0 0 1 
Seq_Frame0134_DriverToReference-SequenceTransformStatus = OK
Seq_Frame0134_Timestamp = 21.127
Seq_Frame0135_DriverToReference-SequenceTransform =0.20839 0.959341 -0.190366 72.2277 -0.919276 0.258576 0.296767 234.703 0.333925 0.113156 0.935783 125.044 0 0 0 1 
Seq_Frame0135_DriverToReference-SequenceTransformStatus = OK
Seq_Frame0135_Timestamp = 21.235
Seq_Frame0136_DriverToReference-SequenceTransform =0.512688 0.857012 -0.0517774 69.9781 -0.69996 0.452136 0.552837 228.336 0.497199 -0.247191 0.831679 130.727 0 0 0 1 
Seq_Frame0136_DriverToReference-SequenceTransformStatus = OK
Seq_Frame0136_Timestamp = 21.347
Seq_Frame0137_DriverToReference-SequenceTransform =0.758792 0.649864 -0.0437289 61.7272 -0.228907 0.328925 0.916193 215.774 0.609784 -0.68519 0.398344 153.207 0 0 0 1 
Seq_Frame0137_DriverToReference-SequenceTransformStatus = OK
Seq_Frame0137_Timestamp = 21.473
Seq_Frame0138_DriverToReference-SequenceTransform =-0.361169 -0.120092 -0.924735 44.0076 -0.605775 -0.723708 0.33058 222.296 -0.708938 0.679577 0.188632 153.335 0 0 0 1 
Seq_Frame0138_DriverToReference-SequenceTransformStatus = OK
Seq_Frame0138_Timestamp = 21.643
Seq_Frame0139_DriverToReference-SequenceTransform =-0.474337 0.00762362 -0.88031 32.2857 -0.638501 -0.691401 0.338056 266.559 -0.60607 0.722431 0.332825 144.896 0 0 0 1 
Seq_Frame0139_DriverToReference-SequenceTransformStatus = OK
Seq_Frame0139_Timestamp = 21.769
Seq_Frame0140_DriverToReference-SequenceTransform =-0.556531 -0.00174549 -0.830825 20.8754 -0.570215 -0.726493 0.383487 311.946 -0.604258 0.687172 0.403321 142.337 0 0 0 1 
Seq_Frame0140_DriverToReference-SequenceTransformStatus = OK
Seq_Frame0140_Timestamp = 21.894
Seq_Frame0141_DriverToReference-SequenceTransform =-0.575626 -0.0259727 -0.817301 13.3802 -0.548337 -0.729208 0.409368 346.6 -0.606615 0.683799 0.405509 148.687 0 0 0 1 
Seq_Frame0141_DriverToReference-SequenceTransformStatus = OK
Seq_Frame0141_Timestamp = 22.004
Seq_Frame0142_DriverToReference-SequenceTransform =-0.579723 -0.0587276 -0.812695 9.70253 -0.533485 -0.726538 0.433055 375.647 -0.615886 0.684612 0.38986 160.224 0 0 0 1 
Seq_Frame0142_DriverToReference-SequenceTransformStatus = OK
Seq_Frame0142_Timestamp = 22.114
Seq_Frame0143_DriverToReference-SequenceTransform =-0.567034 -0.139339 -0.811823 14.2044 -0.560185 -0.657329 0.504094 373.9 -0.603876 0.74061 0.294672 166.711 0 0 0 1 
Seq_Frame0143_DriverToReference-SequenceTransformStatus = OK
Seq_Frame0143_Timestamp = 22.239
Seq_Frame0144_DriverToReference-SequenceTransform =-0.570841 -0.253858 -0.780831 24.5313 -0.533478 -0.608232 0.587753 331.694 -0.624133 0.75207 0.211776 161.508 0 0 0 1 
Seq_Frame0144_DriverToReference-SequenceTransformStatus = OK
Seq_Frame0144_Timestamp = 22.354
Seq_Frame0145_DriverToReference-SequenceTransform =-0.522181 -0.395238 -0.755721 40.7352 -0.517175 -0.557847 0.649104 283.263 -0.678127 0.72979 0.08689 157.183 0 0 0 1 
Seq_Frame0145_DriverToReference-SequenceTransformStatus = OK
Seq_Frame0145_Timestamp = 22.462
Seq_Frame0146_DriverToReference-SequenceTransform =-0.466291 -0.461877 -0.754481 51.6738 -0.575904 -0.4889 0.655219 248.079 -0.671496 0.740031 -0.0380276 149.966 0 0 0 1 
Seq_Frame0146_DriverToReference-SequenceTransformStatus = OK
Seq_Frame0146_Timestamp = 22.575
Seq_Frame0147_DriverToReference-SequenceTransform =-0.450489 -0.450608 -0.770722 62.1222 -0.584288 -0.503921 0.636138 218.151 -0.675032 0.736896 -0.0362739 148.386 0 0 0 1 
Seq_Frame0147_DriverToReference-SequenceTransformStatus = OK
Seq_Frame0147_Timestamp = 22.686
Seq_Frame0148_DriverToReference-SequenceTransform =-0.370477 -0.490414 -0.788822 65.2914 -0.665077 -0.45278 0.593854 205.424 -0.648398 0.744637 -0.158418 151.382 0 0 0 1 
Seq_Frame0148_DriverToReference-SequenceTransformStatus = OK
Seq_Frame0148_Timestamp = 22.789
Seq_Frame0149_DriverToReference-SequenceTransform =0.838421 -0.447203 0.311544 80.042 0.545001 0.693096 -0.471797 184.111 -0.00494018 0.565356 0.824832 162.727 0 0 0 1 
Seq_Frame0149_DriverToReference-SequenceTransformStatus = OK
Seq_Frame0149_Timestamp = 23.318
Seq_Frame0150_DriverToReference-SequenceTransform =0.151431 -0.848465 -0.507125 65.8611 -0.711113 -0.449863 0.540317 187.95 -0.686576 0.278802 -0.671478 144.615 0 0 0 1 
