ObjectType = Image
NDims = 3
AnatomicalOrientation = RAI
BinaryData = True
CompressedData = False
DimSize = 0 0 3740
ElementSpacing = 1 1 1
Offset = 0 0 0
TransformMatrix = 1 0 0 0 1 0 0 0 1
ElementType = MET_UCHAR
Kinds = domain domain list
Seq_Frame0000_ForcepToReference-SequenceTransform =0.460708 0.884765 0.0702802 141.05 -0.830046 0.457545 -0.318868 3.1998 -0.314279 0.0885694 0.94519 8.2247 0 0 0 1 
Seq_Frame0000_ForcepToReference-SequenceTransformStatus = OK
Seq_Frame0000_Timestamp = 0.0139999
Seq_Frame0001_ForcepToReference-SequenceTransform =0.460263 0.88498 0.0704875 141.039 -0.829762 0.457057 -0.320303 3.13771 -0.315679 0.0889361 0.944689 8.27368 0 0 0 1 
Seq_Frame0001_ForcepToReference-SequenceTransformStatus = OK
Seq_Frame0001_Timestamp = 0.125
Seq_Frame0002_ForcepToReference-SequenceTransform =0.459624 0.885363 0.0698431 141.036 -0.829751 0.456128 -0.321653 3.05127 -0.316637 0.0898873 0.944278 8.30985 0 0 0 1 
Seq_Frame0002_ForcepToReference-SequenceTransformStatus = OK
Seq_Frame0002_Timestamp = 0.23
Seq_Frame0003_ForcepToReference-SequenceTransform =0.460909 0.88474 0.0692625 140.983 -0.830142 0.457422 -0.318794 3.24662 -0.313732 0.0894374 0.94529 8.25039 0 0 0 1 
Seq_Frame0003_ForcepToReference-SequenceTransformStatus = OK
Seq_Frame0003_Timestamp = 0.34
Seq_Frame0004_ForcepToReference-SequenceTransform =0.461564 0.884456 0.0685295 140.894 -0.82977 0.457764 -0.319271 3.27867 -0.313751 0.0905002 0.945182 8.32632 0 0 0 1 
Seq_Frame0004_ForcepToReference-SequenceTransformStatus = OK
Seq_Frame0004_Timestamp = 0.445
Seq_Frame0005_ForcepToReference-SequenceTransform =0.461922 0.884114 0.0705012 140.957 -0.829793 0.458868 -0.317622 3.34965 -0.313165 0.0882151 0.945593 8.27838 0 0 0 1 
Seq_Frame0005_ForcepToReference-SequenceTransformStatus = OK
Seq_Frame0005_Timestamp = 0.55
Seq_Frame0006_ForcepToReference-SequenceTransform =0.460183 0.885099 0.0695072 140.944 -0.831001 0.456966 -0.317207 3.48969 -0.312522 0.0882124 0.945806 8.06073 0 0 0 1 
Seq_Frame0006_ForcepToReference-SequenceTransformStatus = OK
Seq_Frame0006_Timestamp = 0.655
Seq_Frame0007_ForcepToReference-SequenceTransform =0.463349 0.88271 0.0782944 141.078 -0.830236 0.463295 -0.309945 4.04517 -0.309865 0.0786098 0.947525 7.71719 0 0 0 1 
Seq_Frame0007_ForcepToReference-SequenceTransformStatus = OK
Seq_Frame0007_Timestamp = 0.76
Seq_Frame0008_ForcepToReference-SequenceTransform =0.464534 0.88197 0.0796072 141.079 -0.830171 0.46501 -0.307541 4.1894 -0.30826 0.0767755 0.948199 7.59668 0 0 0 1 
Seq_Frame0008_ForcepToReference-SequenceTransformStatus = OK
Seq_Frame0008_Timestamp = 0.865
Seq_Frame0009_ForcepToReference-SequenceTransform =0.464736 0.882008 0.0779907 141.076 -0.831652 0.465038 -0.303472 4.3762 -0.303933 0.0761735 0.949643 7.43282 0 0 0 1 
Seq_Frame0009_ForcepToReference-SequenceTransformStatus = OK
Seq_Frame0009_Timestamp = 0.971
Seq_Frame0010_ForcepToReference-SequenceTransform =0.456309 0.886955 0.0713669 141.058 -0.826391 0.452155 -0.33561 2.39998 -0.32994 0.0941648 0.939294 8.80032 0 0 0 1 
Seq_Frame0010_ForcepToReference-SequenceTransformStatus = OK
Seq_Frame0010_Timestamp = 2.22
Seq_Frame0011_ForcepToReference-SequenceTransform =0.459682 0.88536 0.069502 141.051 -0.830057 0.456154 -0.320825 3.08474 -0.315749 0.0897868 0.944585 8.26046 0 0 0 1 
Seq_Frame0011_ForcepToReference-SequenceTransformStatus = OK
Seq_Frame0011_Timestamp = 2.323
Seq_Frame0012_ForcepToReference-SequenceTransform =0.459894 0.885118 0.0711589 141.074 -0.829512 0.456831 -0.321271 3.14743 -0.31687 0.0887233 0.94431 8.27173 0 0 0 1 
Seq_Frame0012_ForcepToReference-SequenceTransformStatus = OK
Seq_Frame0012_Timestamp = 2.435
Seq_Frame0013_ForcepToReference-SequenceTransform =0.460269 0.884894 0.0715142 141.079 -0.829754 0.457432 -0.319786 3.20093 -0.31569 0.0878483 0.944787 8.21146 0 0 0 1 
Seq_Frame0013_ForcepToReference-SequenceTransformStatus = OK
Seq_Frame0013_Timestamp = 2.539
Seq_Frame0014_ForcepToReference-SequenceTransform =0.460781 0.884617 0.0716448 141.083 -0.82988 0.458069 -0.318546 3.24716 -0.31461 0.0873235 0.945196 8.21941 0 0 0 1 
Seq_Frame0014_ForcepToReference-SequenceTransformStatus = OK
Seq_Frame0014_Timestamp = 2.646
Seq_Frame0015_ForcepToReference-SequenceTransform =0.458549 0.88605 0.0681793 141.039 -0.831312 0.454805 -0.319489 3.22911 -0.314092 0.0898234 0.945134 8.03651 0 0 0 1 
Seq_Frame0015_ForcepToReference-SequenceTransformStatus = OK
Seq_Frame0015_Timestamp = 2.75
Seq_Frame0016_ForcepToReference-SequenceTransform =0.460202 0.884993 0.0707186 141.07 -0.829554 0.457016 -0.3209 3.10167 -0.316314 0.0890139 0.944469 8.31057 0 0 0 1 
Seq_Frame0016_ForcepToReference-SequenceTransformStatus = OK
Seq_Frame0016_Timestamp = 2.861
Seq_Frame0017_ForcepToReference-SequenceTransform =0.460423 0.884852 0.0710409 141.066 -0.829766 0.457432 -0.319757 3.15685 -0.315434 0.0882762 0.944833 8.28197 0 0 0 1 
Seq_Frame0017_ForcepToReference-SequenceTransformStatus = OK
Seq_Frame0017_Timestamp = 2.962
Seq_Frame0018_ForcepToReference-SequenceTransform =0.46 0.885117 0.0704924 141.054 -0.829088 0.456583 -0.322715 3.00892 -0.317826 0.0900044 0.943867 8.41185 0 0 0 1 
Seq_Frame0018_ForcepToReference-SequenceTransformStatus = OK
Seq_Frame0018_Timestamp = 3.069
Seq_Frame0019_ForcepToReference-SequenceTransform =0.45982 0.88531 0.0692291 141.059 -0.829914 0.456164 -0.32118 2.97523 -0.315924 0.090231 0.944484 8.55423 0 0 0 1 
Seq_Frame0019_ForcepToReference-SequenceTransformStatus = OK
Seq_Frame0019_Timestamp = 3.174
Seq_Frame0020_ForcepToReference-SequenceTransform =0.45807 0.88631 0.0680234 141.016 -0.831172 0.454188 -0.320727 3.16335 -0.315159 0.0903764 0.944726 8.04561 0 0 0 1 
Seq_Frame0020_ForcepToReference-SequenceTransformStatus = OK
Seq_Frame0020_Timestamp = 3.28
Seq_Frame0021_ForcepToReference-SequenceTransform =0.461269 0.884418 0.0709618 141.03 -0.829124 0.458139 -0.32041 3.2408 -0.315887 0.0889594 0.944617 8.18779 0 0 0 1 
Seq_Frame0021_ForcepToReference-SequenceTransformStatus = OK
Seq_Frame0021_Timestamp = 3.385
Seq_Frame0022_ForcepToReference-SequenceTransform =0.460614 0.884698 0.071728 141.085 -0.829634 0.457849 -0.319501 3.21586 -0.315502 0.0876585 0.944867 8.26205 0 0 0 1 
Seq_Frame0022_ForcepToReference-SequenceTransformStatus = OK
Seq_Frame0022_Timestamp = 3.49
Seq_Frame0023_ForcepToReference-SequenceTransform =0.457964 0.886326 0.068517 141.03 -0.831272 0.454281 -0.320338 3.21506 -0.31505 0.089747 0.944822 8.0877 0 0 0 1 
Seq_Frame0023_ForcepToReference-SequenceTransformStatus = OK
Seq_Frame0023_Timestamp = 3.595
Seq_Frame0024_ForcepToReference-SequenceTransform =0.453526 0.888504 0.0698249 142.51 -0.83359 0.450605 -0.319504 4.52118 -0.315344 0.0866981 0.945009 9.70493 0 0 0 1 
Seq_Frame0024_ForcepToReference-SequenceTransformStatus = OK
Seq_Frame0024_Timestamp = 3.7
Seq_Frame0025_ForcepToReference-SequenceTransform =0.665253 0.744441 0.0569644 149.561 -0.745155 0.666789 -0.0117316 13.8452 -0.0467167 -0.0346428 0.998307 14.9848 0 0 0 1 
Seq_Frame0025_ForcepToReference-SequenceTransformStatus = OK
Seq_Frame0025_Timestamp = 3.81
Seq_Frame0026_ForcepToReference-SequenceTransform =0.721341 0.681511 0.12333 148.552 -0.690777 0.695123 0.199076 20.7659 0.049943 -0.228795 0.972193 7.73038 0 0 0 1 
Seq_Frame0026_ForcepToReference-SequenceTransformStatus = OK
Seq_Frame0026_Timestamp = 3.914
Seq_Frame0027_ForcepToReference-SequenceTransform =0.839238 0.517612 0.166603 146.019 -0.542311 0.819126 0.186901 50.9855 -0.0397266 -0.247205 0.968148 3.98755 0 0 0 1 
Seq_Frame0027_ForcepToReference-SequenceTransformStatus = OK
Seq_Frame0027_Timestamp = 4.018
Seq_Frame0028_ForcepToReference-SequenceTransform =0.983086 0.128812 -0.130187 138.214 -0.00124235 0.715526 0.698586 82.8908 0.183139 -0.686608 0.703583 -4.32196 0 0 0 1 
Seq_Frame0028_ForcepToReference-SequenceTransformStatus = OK
Seq_Frame0028_Timestamp = 4.125
Seq_Frame0029_ForcepToReference-SequenceTransform =0.89591 -0.132398 -0.424046 122.569 0.443977 0.299369 0.844549 101.71 0.0151299 -0.944907 0.32699 -20.0682 0 0 0 1 
Seq_Frame0029_ForcepToReference-SequenceTransformStatus = OK
Seq_Frame0029_Timestamp = 4.23
Seq_Frame0030_ForcepToReference-SequenceTransform =0.835502 -0.216957 -0.504842 109.766 0.542765 0.182588 0.819797 119.975 -0.0856831 -0.958953 0.270309 -26.8736 0 0 0 1 
Seq_Frame0030_ForcepToReference-SequenceTransformStatus = OK
Seq_Frame0030_Timestamp = 4.335
Seq_Frame0031_ForcepToReference-SequenceTransform =0.8066 -0.218478 -0.54924 102.747 0.576149 0.0829382 0.813126 130.808 -0.132097 -0.972311 0.192774 -27.7862 0 0 0 1 
Seq_Frame0031_ForcepToReference-SequenceTransformStatus = OK
Seq_Frame0031_Timestamp = 4.44
Seq_Frame0032_ForcepToReference-SequenceTransform =0.719 -0.241456 -0.65172 88.1694 0.676134 0.0259486 0.736321 145.017 -0.160878 -0.970065 0.181914 -35.4146 0 0 0 1 
Seq_Frame0032_ForcepToReference-SequenceTransformStatus = OK
Seq_Frame0032_Timestamp = 4.545
Seq_Frame0033_ForcepToReference-SequenceTransform =0.695962 -0.200253 -0.689591 85.4101 0.697329 -0.0407106 0.715594 147.776 -0.171373 -0.978898 0.111309 -35.1658 0 0 0 1 
Seq_Frame0033_ForcepToReference-SequenceTransformStatus = OK
Seq_Frame0033_Timestamp = 4.65
Seq_Frame0034_ForcepToReference-SequenceTransform =0.695962 -0.200253 -0.689591 85.4101 0.697329 -0.0407106 0.715594 147.776 -0.171373 -0.978898 0.111309 -35.1658 0 0 0 1 
Seq_Frame0034_ForcepToReference-SequenceTransformStatus = OK
Seq_Frame0034_Timestamp = 4.76
Seq_Frame0035_ForcepToReference-SequenceTransform =0.695962 -0.200253 -0.689591 85.4101 0.697329 -0.0407106 0.715594 147.776 -0.171373 -0.978898 0.111309 -35.1658 0 0 0 1 
Seq_Frame0035_ForcepToReference-SequenceTransformStatus = OK
Seq_Frame0035_Timestamp = 4.864
Seq_Frame0036_ForcepToReference-SequenceTransform =0.695962 -0.200253 -0.689591 85.4101 0.697329 -0.0407106 0.715594 147.776 -0.171373 -0.978898 0.111309 -35.1658 0 0 0 1 
Seq_Frame0036_ForcepToReference-SequenceTransformStatus = OK
Seq_Frame0036_Timestamp = 4.978
Seq_Frame0037_ForcepToReference-SequenceTransform =0.695962 -0.200253 -0.689591 85.4101 0.697329 -0.0407106 0.715594 147.776 -0.171373 -0.978898 0.111309 -35.1658 0 0 0 1 
Seq_Frame0037_ForcepToReference-SequenceTransformStatus = OK
Seq_Frame0037_Timestamp = 5.09
Seq_Frame0038_ForcepToReference-SequenceTransform =0.695962 -0.200253 -0.689591 85.4101 0.697329 -0.0407106 0.715594 147.776 -0.171373 -0.978898 0.111309 -35.1658 0 0 0 1 
Seq_Frame0038_ForcepToReference-SequenceTransformStatus = OK
Seq_Frame0038_Timestamp = 5.195
Seq_Frame0039_ForcepToReference-SequenceTransform =0.695962 -0.200253 -0.689591 85.4101 0.697329 -0.0407106 0.715594 147.776 -0.171373 -0.978898 0.111309 -35.1658 0 0 0 1 
Seq_Frame0039_ForcepToReference-SequenceTransformStatus = OK
Seq_Frame0039_Timestamp = 5.3
Seq_Frame0040_ForcepToReference-SequenceTransform =0.695962 -0.200253 -0.689591 85.4101 0.697329 -0.0407106 0.715594 147.776 -0.171373 -0.978898 0.111309 -35.1658 0 0 0 1 
Seq_Frame0040_ForcepToReference-SequenceTransformStatus = OK
Seq_Frame0040_Timestamp = 5.405
Seq_Frame0041_ForcepToReference-SequenceTransform =0.695962 -0.200253 -0.689591 85.4101 0.697329 -0.0407106 0.715594 147.776 -0.171373 -0.978898 0.111309 -35.1658 0 0 0 1 
Seq_Frame0041_ForcepToReference-SequenceTransformStatus = OK
Seq_Frame0041_Timestamp = 5.515
Seq_Frame0042_ForcepToReference-SequenceTransform =0.695962 -0.200253 -0.689591 85.4101 0.697329 -0.0407106 0.715594 147.776 -0.171373 -0.978898 0.111309 -35.1658 0 0 0 1 
Seq_Frame0042_ForcepToReference-SequenceTransformStatus = OK
Seq_Frame0042_Timestamp = 5.619
Seq_Frame0043_ForcepToReference-SequenceTransform =0.695962 -0.200253 -0.689591 85.4101 0.697329 -0.0407106 0.715594 147.776 -0.171373 -0.978898 0.111309 -35.1658 0 0 0 1 
Seq_Frame0043_ForcepToReference-SequenceTransformStatus = OK
Seq_Frame0043_Timestamp = 5.727
Seq_Frame0044_ForcepToReference-SequenceTransform =0.695962 -0.200253 -0.689591 85.4101 0.697329 -0.0407106 0.715594 147.776 -0.171373 -0.978898 0.111309 -35.1658 0 0 0 1 
Seq_Frame0044_ForcepToReference-SequenceTransformStatus = OK
Seq_Frame0044_Timestamp = 5.835
Seq_Frame0045_ForcepToReference-SequenceTransform =0.695962 -0.200253 -0.689591 85.4101 0.697329 -0.0407106 0.715594 147.776 -0.171373 -0.978898 0.111309 -35.1658 0 0 0 1 
Seq_Frame0045_ForcepToReference-SequenceTransformStatus = OK
Seq_Frame0045_Timestamp = 5.94
Seq_Frame0046_ForcepToReference-SequenceTransform =0.695962 -0.200253 -0.689591 85.4101 0.697329 -0.0407106 0.715594 147.776 -0.171373 -0.978898 0.111309 -35.1658 0 0 0 1 
Seq_Frame0046_ForcepToReference-SequenceTransformStatus = OK
Seq_Frame0046_Timestamp = 6.044
Seq_Frame0047_ForcepToReference-SequenceTransform =0.695962 -0.200253 -0.689591 85.4101 0.697329 -0.0407106 0.715594 147.776 -0.171373 -0.978898 0.111309 -35.1658 0 0 0 1 
Seq_Frame0047_ForcepToReference-SequenceTransformStatus = OK
Seq_Frame0047_Timestamp = 6.15
Seq_Frame0048_ForcepToReference-SequenceTransform =-0.533355 0.742752 0.404787 -189.025 -0.324229 0.262477 -0.908835 93.8557 -0.781286 -0.615975 0.100828 -65.6036 0 0 0 1 
Seq_Frame0048_ForcepToReference-SequenceTransformStatus = OK
Seq_Frame0048_Timestamp = 6.26
Seq_Frame0049_ForcepToReference-SequenceTransform =-0.528665 0.746041 0.40489 -189.367 -0.332343 0.256993 -0.907471 89.8375 -0.781064 -0.61431 0.112078 -63.4323 0 0 0 1 
Seq_Frame0049_ForcepToReference-SequenceTransformStatus = OK
Seq_Frame0049_Timestamp = 6.365
Seq_Frame0050_ForcepToReference-SequenceTransform =-0.49755 0.753206 0.43026 -187.785 -0.323468 0.299132 -0.897713 92.0504 -0.804868 -0.585833 0.0948054 -61.4305 0 0 0 1 
Seq_Frame0050_ForcepToReference-SequenceTransformStatus = OK
Seq_Frame0050_Timestamp = 6.47
Seq_Frame0051_ForcepToReference-SequenceTransform =-0.475222 0.736019 0.48212 -186.092 -0.314419 0.36971 -0.874331 95.8623 -0.821769 -0.567089 0.0557244 -58.7151 0 0 0 1 
Seq_Frame0051_ForcepToReference-SequenceTransformStatus = OK
Seq_Frame0051_Timestamp = 6.575
Seq_Frame0052_ForcepToReference-SequenceTransform =-0.475222 0.736019 0.48212 -186.092 -0.314419 0.36971 -0.874331 95.8623 -0.821769 -0.567089 0.0557244 -58.7151 0 0 0 1 
Seq_Frame0052_ForcepToReference-SequenceTransformStatus = OK
Seq_Frame0052_Timestamp = 6.679
Seq_Frame0053_ForcepToReference-SequenceTransform =-0.475222 0.736019 0.48212 -186.092 -0.314419 0.36971 -0.874331 95.8623 -0.821769 -0.567089 0.0557244 -58.7151 0 0 0 1 
Seq_Frame0053_ForcepToReference-SequenceTransformStatus = OK
Seq_Frame0053_Timestamp = 6.785
Seq_Frame0054_ForcepToReference-SequenceTransform =-0.475222 0.736019 0.48212 -186.092 -0.314419 0.36971 -0.874331 95.8623 -0.821769 -0.567089 0.0557244 -58.7151 0 0 0 1 
Seq_Frame0054_ForcepToReference-SequenceTransformStatus = OK
Seq_Frame0054_Timestamp = 6.894
Seq_Frame0055_ForcepToReference-SequenceTransform =-0.475222 0.736019 0.48212 -186.092 -0.314419 0.36971 -0.874331 95.8623 -0.821769 -0.567089 0.0557244 -58.7151 0 0 0 1 
Seq_Frame0055_ForcepToReference-SequenceTransformStatus = OK
Seq_Frame0055_Timestamp = 7
Seq_Frame0056_ForcepToReference-SequenceTransform =-0.475222 0.736019 0.48212 -186.092 -0.314419 0.36971 -0.874331 95.8623 -0.821769 -0.567089 0.0557244 -58.7151 0 0 0 1 
Seq_Frame0056_ForcepToReference-SequenceTransformStatus = OK
Seq_Frame0056_Timestamp = 7.105
Seq_Frame0057_ForcepToReference-SequenceTransform =-0.475222 0.736019 0.48212 -186.092 -0.314419 0.36971 -0.874331 95.8623 -0.821769 -0.567089 0.0557244 -58.7151 0 0 0 1 
Seq_Frame0057_ForcepToReference-SequenceTransformStatus = OK
Seq_Frame0057_Timestamp = 7.225
Seq_Frame0058_ForcepToReference-SequenceTransform =-0.152287 0.639416 0.753628 -178.633 -0.268721 0.707008 -0.654162 100.573 -0.951103 -0.302137 0.0641562 -42.2218 0 0 0 1 
Seq_Frame0058_ForcepToReference-SequenceTransformStatus = OK
Seq_Frame0058_Timestamp = 7.336
Seq_Frame0059_ForcepToReference-SequenceTransform =-0.154963 0.629737 0.761195 -179.058 -0.27381 0.71294 -0.645558 99.7302 -0.949218 -0.30846 0.0619493 -42.5208 0 0 0 1 
Seq_Frame0059_ForcepToReference-SequenceTransformStatus = OK
Seq_Frame0059_Timestamp = 7.44
Seq_Frame0060_ForcepToReference-SequenceTransform =-0.156842 0.627308 0.762814 -178.958 -0.272191 0.715005 -0.643957 100.144 -0.949375 -0.308631 0.0586048 -42.3569 0 0 0 1 
Seq_Frame0060_ForcepToReference-SequenceTransformStatus = OK
Seq_Frame0060_Timestamp = 7.548
Seq_Frame0061_ForcepToReference-SequenceTransform =-0.14566 0.612831 0.776674 -178.786 -0.271918 0.730013 -0.62701 100.678 -0.951233 -0.302522 0.0603062 -42.0181 0 0 0 1 
Seq_Frame0061_ForcepToReference-SequenceTransformStatus = OK
Seq_Frame0061_Timestamp = 7.649
Seq_Frame0062_ForcepToReference-SequenceTransform =-0.143726 0.60888 0.780134 -178.95 -0.271616 0.733774 -0.622737 100.688 -0.951613 -0.3014 0.0599189 -43.2345 0 0 0 1 
Seq_Frame0062_ForcepToReference-SequenceTransformStatus = OK
Seq_Frame0062_Timestamp = 7.773
Seq_Frame0063_ForcepToReference-SequenceTransform =-0.14383 0.65032 0.74592 -177.891 -0.292299 0.692209 -0.659855 99.3803 -0.945449 -0.312939 0.0905276 -50.9095 0 0 0 1 
Seq_Frame0063_ForcepToReference-SequenceTransformStatus = OK
Seq_Frame0063_Timestamp = 7.884
Seq_Frame0064_ForcepToReference-SequenceTransform =0.15491 0.732189 0.663252 -164.892 -0.171067 0.681095 -0.711931 105.53 -0.973005 -0.00317501 0.230762 -55.4971 0 0 0 1 
Seq_Frame0064_ForcepToReference-SequenceTransformStatus = OK
Seq_Frame0064_Timestamp = 8.001
Seq_Frame0065_ForcepToReference-SequenceTransform =0.135008 -0.279695 -0.950549 -170.48 0.970279 -0.157119 0.184042 101.67 -0.200825 -0.947145 0.25017 -66.9293 0 0 0 1 
Seq_Frame0065_ForcepToReference-SequenceTransformStatus = OK
Seq_Frame0065_Timestamp = 8.109
Seq_Frame0066_ForcepToReference-SequenceTransform =0.135008 -0.279695 -0.950549 -170.48 0.970279 -0.157119 0.184042 101.67 -0.200825 -0.947145 0.25017 -66.9293 0 0 0 1 
Seq_Frame0066_ForcepToReference-SequenceTransformStatus = OK
Seq_Frame0066_Timestamp = 8.218
Seq_Frame0067_ForcepToReference-SequenceTransform =0.135008 -0.279695 -0.950549 -170.48 0.970279 -0.157119 0.184042 101.67 -0.200825 -0.947145 0.25017 -66.9293 0 0 0 1 
Seq_Frame0067_ForcepToReference-SequenceTransformStatus = OK
Seq_Frame0067_Timestamp = 8.343
Seq_Frame0068_ForcepToReference-SequenceTransform =0.0707441 0.396375 -0.915359 -109.28 0.928431 -0.361682 -0.0848637 74.8365 -0.364707 -0.843844 -0.393593 -78.3998 0 0 0 1 
Seq_Frame0068_ForcepToReference-SequenceTransformStatus = OK
Seq_Frame0068_Timestamp = 8.467
Seq_Frame0069_ForcepToReference-SequenceTransform =0.106334 0.674442 -0.730631 -84.9402 0.942654 -0.302177 -0.141747 100.195 -0.31638 -0.67366 -0.667897 -55.2821 0 0 0 1 
Seq_Frame0069_ForcepToReference-SequenceTransformStatus = OK
Seq_Frame0069_Timestamp = 8.589
Seq_Frame0070_ForcepToReference-SequenceTransform =0.11258 0.691925 -0.713138 -84.2157 0.940446 -0.30588 -0.148316 100.354 -0.320758 -0.653971 -0.685154 -56.0864 0 0 0 1 
Seq_Frame0070_ForcepToReference-SequenceTransformStatus = OK
Seq_Frame0070_Timestamp = 8.865
Seq_Frame0071_ForcepToReference-SequenceTransform =0.904665 0.086557 -0.41724 -61.3633 -0.220087 0.933354 -0.28357 105.301 0.364888 0.348365 0.863423 10.3863 0 0 0 1 
Seq_Frame0071_ForcepToReference-SequenceTransformStatus = OK
Seq_Frame0071_Timestamp = 8.979
Seq_Frame0072_ForcepToReference-SequenceTransform =0.822586 0.0373758 -0.567411 -58.3049 -0.263512 0.909285 -0.322122 105.163 0.503899 0.414492 0.757814 28.5659 0 0 0 1 
Seq_Frame0072_ForcepToReference-SequenceTransformStatus = OK
Seq_Frame0072_Timestamp = 9.107
Seq_Frame0073_ForcepToReference-SequenceTransform =0.788461 0.0185388 -0.614806 -52.3335 -0.309388 0.875847 -0.370366 99.2714 0.531609 0.482233 0.696307 40.1699 0 0 0 1 
Seq_Frame0073_ForcepToReference-SequenceTransformStatus = OK
Seq_Frame0073_Timestamp = 9.212
Seq_Frame0074_ForcepToReference-SequenceTransform =0.781325 -0.0023969 -0.624119 -49.6338 -0.305486 0.870549 -0.385776 96.8007 0.544251 0.492076 0.679449 44.7242 0 0 0 1 
Seq_Frame0074_ForcepToReference-SequenceTransformStatus = OK
Seq_Frame0074_Timestamp = 9.312
Seq_Frame0075_ForcepToReference-SequenceTransform =0.803684 -0.0145117 -0.594879 -46.6334 -0.279848 0.873033 -0.399373 98.9482 0.525145 0.487446 0.697581 44.334 0 0 0 1 
Seq_Frame0075_ForcepToReference-SequenceTransformStatus = OK
Seq_Frame0075_Timestamp = 9.413
Seq_Frame0076_ForcepToReference-SequenceTransform =0.837179 -0.00524952 -0.546904 -44.5624 -0.181729 0.94047 -0.287211 105.734 0.515855 0.339835 0.786388 28.7874 0 0 0 1 
Seq_Frame0076_ForcepToReference-SequenceTransformStatus = OK
Seq_Frame0076_Timestamp = 9.533
Seq_Frame0077_ForcepToReference-SequenceTransform =0.875308 -0.00848492 -0.483492 -43.1172 -0.113275 0.968429 -0.222066 130.317 0.470112 0.249143 0.846713 -1.47855 0 0 0 1 
Seq_Frame0077_ForcepToReference-SequenceTransformStatus = OK
Seq_Frame0077_Timestamp = 9.644
Seq_Frame0078_ForcepToReference-SequenceTransform =0.898218 -0.0418227 -0.437555 -38.2609 -0.0707764 0.968712 -0.237883 163.338 0.433814 0.244639 0.867155 -18.6494 0 0 0 1 
Seq_Frame0078_ForcepToReference-SequenceTransformStatus = OK
Seq_Frame0078_Timestamp = 9.759
Seq_Frame0079_ForcepToReference-SequenceTransform =0.749068 -0.151561 -0.644924 6.57979 -0.132486 0.919545 -0.369979 234.522 0.649111 0.362583 0.668722 -20.609 0 0 0 1 
Seq_Frame0079_ForcepToReference-SequenceTransformStatus = OK
Seq_Frame0079_Timestamp = 10.072
Seq_Frame0080_ForcepToReference-SequenceTransform =0.884561 -0.221026 -0.41073 23.0419 -0.0114579 0.87003 -0.492866 252.269 0.466284 0.440676 0.767062 -18.819 0 0 0 1 
Seq_Frame0080_ForcepToReference-SequenceTransformStatus = OK
Seq_Frame0080_Timestamp = 10.189
Seq_Frame0081_ForcepToReference-SequenceTransform =0.851149 -0.272567 -0.448613 34.2838 -0.00798347 0.847803 -0.530252 261.874 0.524864 0.454904 0.71943 -19.1803 0 0 0 1 
Seq_Frame0081_ForcepToReference-SequenceTransformStatus = OK
Seq_Frame0081_Timestamp = 10.293
Seq_Frame0082_ForcepToReference-SequenceTransform =0.829102 -0.29591 -0.474371 45.5761 -0.00892072 0.841349 -0.540419 271.366 0.559027 0.452294 0.694924 -22.9867 0 0 0 1 
Seq_Frame0082_ForcepToReference-SequenceTransformStatus = OK
Seq_Frame0082_Timestamp = 10.397
Seq_Frame0083_ForcepToReference-SequenceTransform =0.820147 -0.3178 -0.475776 60.2639 -0.00851128 0.824685 -0.565529 272.151 0.57209 0.467866 0.673657 -25.1308 0 0 0 1 
Seq_Frame0083_ForcepToReference-SequenceTransformStatus = OK
Seq_Frame0083_Timestamp = 10.505
Seq_Frame0084_ForcepToReference-SequenceTransform =0.867579 -0.337479 -0.365259 66.9605 0.0789017 0.818595 -0.568926 263.33 0.491 0.464769 0.736824 -19.0742 0 0 0 1 
Seq_Frame0084_ForcepToReference-SequenceTransformStatus = OK
Seq_Frame0084_Timestamp = 10.63
Seq_Frame0085_ForcepToReference-SequenceTransform =0.87586 -0.299576 -0.378316 44.7839 0.0494551 0.835565 -0.547161 240.276 0.480024 0.460527 0.746654 -10.9571 0 0 0 1 
Seq_Frame0085_ForcepToReference-SequenceTransformStatus = OK
Seq_Frame0085_Timestamp = 10.787
Seq_Frame0086_ForcepToReference-SequenceTransform =0.80632 -0.262569 -0.530006 3.29698 0.141465 0.95567 -0.25823 193.656 0.574314 0.133238 0.80772 2.7299 0 0 0 1 
Seq_Frame0086_ForcepToReference-SequenceTransformStatus = OK
Seq_Frame0086_Timestamp = 11.023
Seq_Frame0087_ForcepToReference-SequenceTransform =0.81744 -0.185736 -0.545247 -0.941276 0.100759 0.978099 -0.182126 180.317 0.567133 0.0939387 0.818252 2.85248 0 0 0 1 
Seq_Frame0087_ForcepToReference-SequenceTransformStatus = OK
Seq_Frame0087_Timestamp = 11.149
Seq_Frame0088_ForcepToReference-SequenceTransform =0.854545 -0.163869 -0.492849 0.668814 0.0919924 0.981674 -0.166896 172.002 0.511166 0.0972819 0.853959 0.186137 0 0 0 1 
Seq_Frame0088_ForcepToReference-SequenceTransformStatus = OK
Seq_Frame0088_Timestamp = 11.276
Seq_Frame0089_ForcepToReference-SequenceTransform =0.945851 -0.211453 -0.246279 3.45238 0.218994 0.975721 0.00331316 169.481 0.239599 -0.0570673 0.969193 -2.33584 0 0 0 1 
Seq_Frame0089_ForcepToReference-SequenceTransformStatus = OK
Seq_Frame0089_Timestamp = 11.4
Seq_Frame0090_ForcepToReference-SequenceTransform =0.931849 -0.0855293 -0.352622 -1.20474 0.0795175 0.996335 -0.031528 181.782 0.354026 0.00133969 0.935235 -2.02988 0 0 0 1 
Seq_Frame0090_ForcepToReference-SequenceTransformStatus = OK
Seq_Frame0090_Timestamp = 11.52
Seq_Frame0091_ForcepToReference-SequenceTransform =0.230582 0.949649 -0.212127 -6.55423 0.842888 -0.303856 -0.444085 192.382 -0.486181 -0.0764017 -0.870512 0.389754 0 0 0 1 
Seq_Frame0091_ForcepToReference-SequenceTransformStatus = OK
Seq_Frame0091_Timestamp = 11.632
Seq_Frame0092_ForcepToReference-SequenceTransform =0.290673 0.922674 -0.253341 -3.58671 0.866075 -0.366264 -0.340241 184.194 -0.406721 -0.120513 -0.905568 -4.72203 0 0 0 1 
Seq_Frame0092_ForcepToReference-SequenceTransformStatus = OK
Seq_Frame0092_Timestamp = 11.757
Seq_Frame0093_ForcepToReference-SequenceTransform =0.253203 0.888628 -0.382398 3.57805 0.887796 -0.370475 -0.273071 177.469 -0.384327 -0.270349 -0.882725 -5.88295 0 0 0 1 
Seq_Frame0093_ForcepToReference-SequenceTransformStatus = OK
Seq_Frame0093_Timestamp = 11.877
Seq_Frame0094_ForcepToReference-SequenceTransform =-0.118609 0.79905 -0.58945 1.19462 0.792214 -0.28173 -0.541318 181.186 -0.598606 -0.531176 -0.599603 -34.4227 0 0 0 1 
Seq_Frame0094_ForcepToReference-SequenceTransformStatus = OK
Seq_Frame0094_Timestamp = 11.978
Seq_Frame0095_ForcepToReference-SequenceTransform =0.934378 -0.355693 -0.0205231 0.113882 0.34631 0.893177 0.286888 168.674 -0.0837132 -0.275169 0.957744 -69.1269 0 0 0 1 
Seq_Frame0095_ForcepToReference-SequenceTransformStatus = OK
Seq_Frame0095_Timestamp = 12.323
Seq_Frame0096_ForcepToReference-SequenceTransform =0.877897 -0.4733 0.0726896 6.51033 0.355568 0.746 0.563077 159.855 -0.320731 -0.468478 0.823201 -76.8763 0 0 0 1 
Seq_Frame0096_ForcepToReference-SequenceTransformStatus = OK
Seq_Frame0096_Timestamp = 12.429
Seq_Frame0097_ForcepToReference-SequenceTransform =0.820625 -0.423412 0.383792 1.08842 0.367866 0.905337 0.212226 176.464 -0.43732 -0.0329736 0.898701 -77.5681 0 0 0 1 
Seq_Frame0097_ForcepToReference-SequenceTransformStatus = OK
Seq_Frame0097_Timestamp = 12.537
Seq_Frame0098_ForcepToReference-SequenceTransform =0.820625 -0.423412 0.383792 1.08842 0.367866 0.905337 0.212226 176.464 -0.43732 -0.0329736 0.898701 -77.5681 0 0 0 1 
Seq_Frame0098_ForcepToReference-SequenceTransformStatus = OK
Seq_Frame0098_Timestamp = 16.916
Seq_Frame0099_ForcepToReference-SequenceTransform =0.820625 -0.423412 0.383792 1.08842 0.367866 0.905337 0.212226 176.464 -0.43732 -0.0329736 0.898701 -77.5681 0 0 0 1 
Seq_Frame0099_ForcepToReference-SequenceTransformStatus = OK
Seq_Frame0099_Timestamp = 17.04
Seq_Frame0100_ForcepToReference-SequenceTransform =0.820625 -0.423412 0.383792 1.08842 0.367866 0.905337 0.212226 176.464 -0.43732 -0.0329736 0.898701 -77.5681 0 0 0 1 
Seq_Frame0100_ForcepToReference-SequenceTransformStatus = OK
Seq_Frame0100_Timestamp = 17.144
Seq_Frame0101_ForcepToReference-SequenceTransform =0.820625 -0.423412 0.383792 1.08842 0.367866 0.905337 0.212226 176.464 -0.43732 -0.0329736 0.898701 -77.5681 0 0 0 1 
Seq_Frame0101_ForcepToReference-SequenceTransformStatus = OK
Seq_Frame0101_Timestamp = 17.263
Seq_Frame0102_ForcepToReference-SequenceTransform =-0.0288021 0.272364 -0.961763 112.474 0.827548 -0.533169 -0.175772 196.71 -0.560656 -0.800968 -0.210038 -31.3564 0 0 0 1 
Seq_Frame0102_ForcepToReference-SequenceTransformStatus = OK
Seq_Frame0102_Timestamp = 17.377
Seq_Frame0103_ForcepToReference-SequenceTransform =0.0498569 0.124685 -0.990943 111.739 0.59247 -0.802444 -0.0711582 170.564 -0.804049 -0.583556 -0.113879 -38.7805 0 0 0 1 
Seq_Frame0103_ForcepToReference-SequenceTransformStatus = OK
Seq_Frame0103_Timestamp = 17.502
Seq_Frame0104_ForcepToReference-SequenceTransform =0.0476818 -0.0999808 -0.993846 95.8005 0.390569 -0.913897 0.110676 140.352 -0.919338 -0.393442 -0.00452684 -41.4712 0 0 0 1 
Seq_Frame0104_ForcepToReference-SequenceTransformStatus = OK
Seq_Frame0104_Timestamp = 17.623
Seq_Frame0105_ForcepToReference-SequenceTransform =-0.142658 -0.318874 -0.936999 63.6168 0.288651 -0.918933 0.268779 116.31 -0.946747 -0.232123 0.223137 -41.3729 0 0 0 1 
Seq_Frame0105_ForcepToReference-SequenceTransformStatus = OK
Seq_Frame0105_Timestamp = 17.731
Seq_Frame0106_ForcepToReference-SequenceTransform =-0.286069 -0.431408 -0.8556 37.3862 0.14075 -0.902149 0.407819 101.469 -0.947815 -0.00376107 0.318797 -39.266 0 0 0 1 
Seq_Frame0106_ForcepToReference-SequenceTransformStatus = OK
Seq_Frame0106_Timestamp = 17.862
Seq_Frame0107_ForcepToReference-SequenceTransform =-0.335701 -0.477948 -0.811708 26.2023 0.0153897 -0.864382 0.502599 97.7909 -0.941843 0.156231 0.29753 -30.975 0 0 0 1 
Seq_Frame0107_ForcepToReference-SequenceTransformStatus = OK
Seq_Frame0107_Timestamp = 17.963
Seq_Frame0108_ForcepToReference-SequenceTransform =-0.329786 -0.574853 -0.748856 18.1762 -0.0561038 -0.779897 0.623388 97.0256 -0.942387 0.247598 0.224948 -18.8481 0 0 0 1 
Seq_Frame0108_ForcepToReference-SequenceTransformStatus = OK
Seq_Frame0108_Timestamp = 18.068
Seq_Frame0109_ForcepToReference-SequenceTransform =-0.325208 -0.616971 -0.716649 15.6333 -0.0402162 -0.748135 0.662327 97.541 -0.944787 0.244215 0.218488 -12.2714 0 0 0 1 
Seq_Frame0109_ForcepToReference-SequenceTransformStatus = OK
Seq_Frame0109_Timestamp = 18.169
Seq_Frame0110_ForcepToReference-SequenceTransform =-0.362451 -0.681279 -0.635994 8.00247 0.0139114 -0.686273 0.727211 102.96 -0.931899 0.25473 0.258218 -13.0254 0 0 0 1 
Seq_Frame0110_ForcepToReference-SequenceTransformStatus = OK
Seq_Frame0110_Timestamp = 18.276
Seq_Frame0111_ForcepToReference-SequenceTransform =-0.385939 -0.758536 -0.525047 -0.819471 0.135736 -0.609639 0.780972 116.467 -0.912484 0.23014 0.338244 -19.1853 0 0 0 1 
Seq_Frame0111_ForcepToReference-SequenceTransformStatus = OK
Seq_Frame0111_Timestamp = 18.384
Seq_Frame0112_ForcepToReference-SequenceTransform =-0.391244 -0.800789 -0.453503 -4.82595 0.259228 -0.568727 0.780609 127.249 -0.883023 0.187848 0.430098 -18.8287 0 0 0 1 
Seq_Frame0112_ForcepToReference-SequenceTransformStatus = OK
Seq_Frame0112_Timestamp = 18.485
Seq_Frame0113_ForcepToReference-SequenceTransform =-0.442595 -0.815466 -0.372994 -5.64074 0.335221 -0.536258 0.774632 132.188 -0.831707 0.217812 0.510707 -14.9781 0 0 0 1 
Seq_Frame0113_ForcepToReference-SequenceTransformStatus = OK
Seq_Frame0113_Timestamp = 18.589
Seq_Frame0114_ForcepToReference-SequenceTransform =-0.442595 -0.815466 -0.372994 -5.64074 0.335221 -0.536258 0.774632 132.188 -0.831707 0.217812 0.510707 -14.9781 0 0 0 1 
Seq_Frame0114_ForcepToReference-SequenceTransformStatus = OK
Seq_Frame0114_Timestamp = 18.702
Seq_Frame0115_ForcepToReference-SequenceTransform =-0.442595 -0.815466 -0.372994 -5.64074 0.335221 -0.536258 0.774632 132.188 -0.831707 0.217812 0.510707 -14.9781 0 0 0 1 
Seq_Frame0115_ForcepToReference-SequenceTransformStatus = OK
Seq_Frame0115_Timestamp = 18.812
Seq_Frame0116_ForcepToReference-SequenceTransform =-0.442595 -0.815466 -0.372994 -5.64074 0.335221 -0.536258 0.774632 132.188 -0.831707 0.217812 0.510707 -14.9781 0 0 0 1 
Seq_Frame0116_ForcepToReference-SequenceTransformStatus = OK
Seq_Frame0116_Timestamp = 18.938
Seq_Frame0117_ForcepToReference-SequenceTransform =-0.442595 -0.815466 -0.372994 -5.64074 0.335221 -0.536258 0.774632 132.188 -0.831707 0.217812 0.510707 -14.9781 0 0 0 1 
Seq_Frame0117_ForcepToReference-SequenceTransformStatus = OK
Seq_Frame0117_Timestamp = 19.064
Seq_Frame0118_ForcepToReference-SequenceTransform =-0.442595 -0.815466 -0.372994 -5.64074 0.335221 -0.536258 0.774632 132.188 -0.831707 0.217812 0.510707 -14.9781 0 0 0 1 
Seq_Frame0118_ForcepToReference-SequenceTransformStatus = OK
Seq_Frame0118_Timestamp = 19.188
Seq_Frame0119_ForcepToReference-SequenceTransform =-0.442595 -0.815466 -0.372994 -5.64074 0.335221 -0.536258 0.774632 132.188 -0.831707 0.217812 0.510707 -14.9781 0 0 0 1 
Seq_Frame0119_ForcepToReference-SequenceTransformStatus = OK
Seq_Frame0119_Timestamp = 19.315
Seq_Frame0120_ForcepToReference-SequenceTransform =-0.442595 -0.815466 -0.372994 -5.64074 0.335221 -0.536258 0.774632 132.188 -0.831707 0.217812 0.510707 -14.9781 0 0 0 1 
Seq_Frame0120_ForcepToReference-SequenceTransformStatus = OK
Seq_Frame0120_Timestamp = 19.444
Seq_Frame0121_ForcepToReference-SequenceTransform =-0.442595 -0.815466 -0.372994 -5.64074 0.335221 -0.536258 0.774632 132.188 -0.831707 0.217812 0.510707 -14.9781 0 0 0 1 
Seq_Frame0121_ForcepToReference-SequenceTransformStatus = OK
Seq_Frame0121_Timestamp = 19.549
Seq_Frame0122_ForcepToReference-SequenceTransform =-0.442595 -0.815466 -0.372994 -5.64074 0.335221 -0.536258 0.774632 132.188 -0.831707 0.217812 0.510707 -14.9781 0 0 0 1 
Seq_Frame0122_ForcepToReference-SequenceTransformStatus = OK
Seq_Frame0122_Timestamp = 19.652
Seq_Frame0123_ForcepToReference-SequenceTransform =-0.442595 -0.815466 -0.372994 -5.64074 0.335221 -0.536258 0.774632 132.188 -0.831707 0.217812 0.510707 -14.9781 0 0 0 1 
Seq_Frame0123_ForcepToReference-SequenceTransformStatus = OK
Seq_Frame0123_Timestamp = 19.778
Seq_Frame0124_ForcepToReference-SequenceTransform =-0.442595 -0.815466 -0.372994 -5.64074 0.335221 -0.536258 0.774632 132.188 -0.831707 0.217812 0.510707 -14.9781 0 0 0 1 
Seq_Frame0124_ForcepToReference-SequenceTransformStatus = OK
Seq_Frame0124_Timestamp = 19.904
Seq_Frame0125_ForcepToReference-SequenceTransform =-0.442595 -0.815466 -0.372994 -5.64074 0.335221 -0.536258 0.774632 132.188 -0.831707 0.217812 0.510707 -14.9781 0 0 0 1 
Seq_Frame0125_ForcepToReference-SequenceTransformStatus = OK
Seq_Frame0125_Timestamp = 20.028
Seq_Frame0126_ForcepToReference-SequenceTransform =-0.442595 -0.815466 -0.372994 -5.64074 0.335221 -0.536258 0.774632 132.188 -0.831707 0.217812 0.510707 -14.9781 0 0 0 1 
Seq_Frame0126_ForcepToReference-SequenceTransformStatus = OK
Seq_Frame0126_Timestamp = 20.154
Seq_Frame0127_ForcepToReference-SequenceTransform =-0.442595 -0.815466 -0.372994 -5.64074 0.335221 -0.536258 0.774632 132.188 -0.831707 0.217812 0.510707 -14.9781 0 0 0 1 
Seq_Frame0127_ForcepToReference-SequenceTransformStatus = OK
Seq_Frame0127_Timestamp = 20.28
Seq_Frame0128_ForcepToReference-SequenceTransform =-0.442595 -0.815466 -0.372994 -5.64074 0.335221 -0.536258 0.774632 132.188 -0.831707 0.217812 0.510707 -14.9781 0 0 0 1 
Seq_Frame0128_ForcepToReference-SequenceTransformStatus = OK
Seq_Frame0128_Timestamp = 20.388
Seq_Frame0129_ForcepToReference-SequenceTransform =-0.442595 -0.815466 -0.372994 -5.64074 0.335221 -0.536258 0.774632 132.188 -0.831707 0.217812 0.510707 -14.9781 0 0 0 1 
Seq_Frame0129_ForcepToReference-SequenceTransformStatus = OK
Seq_Frame0129_Timestamp = 20.5
Seq_Frame0130_ForcepToReference-SequenceTransform =-0.442595 -0.815466 -0.372994 -5.64074 0.335221 -0.536258 0.774632 132.188 -0.831707 0.217812 0.510707 -14.9781 0 0 0 1 
Seq_Frame0130_ForcepToReference-SequenceTransformStatus = OK
Seq_Frame0130_Timestamp = 20.626
Seq_Frame0131_ForcepToReference-SequenceTransform =-0.442595 -0.815466 -0.372994 -5.64074 0.335221 -0.536258 0.774632 132.188 -0.831707 0.217812 0.510707 -14.9781 0 0 0 1 
Seq_Frame0131_ForcepToReference-SequenceTransformStatus = OK
Seq_Frame0131_Timestamp = 20.75
Seq_Frame0132_ForcepToReference-SequenceTransform =-0.442595 -0.815466 -0.372994 -5.64074 0.335221 -0.536258 0.774632 132.188 -0.831707 0.217812 0.510707 -14.9781 0 0 0 1 
Seq_Frame0132_ForcepToReference-SequenceTransformStatus = OK
Seq_Frame0132_Timestamp = 20.877
Seq_Frame0133_ForcepToReference-SequenceTransform =-0.442595 -0.815466 -0.372994 -5.64074 0.335221 -0.536258 0.774632 132.188 -0.831707 0.217812 0.510707 -14.9781 0 0 0 1 
Seq_Frame0133_ForcepToReference-SequenceTransformStatus = OK
Seq_Frame0133_Timestamp = 21
Seq_Frame0134_ForcepToReference-SequenceTransform =-0.442595 -0.815466 -0.372994 -5.64074 0.335221 -0.536258 0.774632 132.188 -0.831707 0.217812 0.510707 -14.9781 0 0 0 1 
Seq_Frame0134_ForcepToReference-SequenceTransformStatus = OK
Seq_Frame0134_Timestamp = 21.127
Seq_Frame0135_ForcepToReference-SequenceTransform =-0.442595 -0.815466 -0.372994 -5.64074 0.335221 -0.536258 0.774632 132.188 -0.831707 0.217812 0.510707 -14.9781 0 0 0 1 
Seq_Frame0135_ForcepToReference-SequenceTransformStatus = OK
Seq_Frame0135_Timestamp = 21.235
Seq_Frame0136_ForcepToReference-SequenceTransform =-0.442595 -0.815466 -0.372994 -5.64074 0.335221 -0.536258 0.774632 132.188 -0.831707 0.217812 0.510707 -14.9781 0 0 0 1 
Seq_Frame0136_ForcepToReference-SequenceTransformStatus = OK
Seq_Frame0136_Timestamp = 21.347
Seq_Frame0137_ForcepToReference-SequenceTransform =-0.209527 0.377367 0.902049 -7.70577 -0.63668 0.647511 -0.418769 175.796 -0.742116 -0.66206 0.104591 -38.143 0 0 0 1 
Seq_Frame0137_ForcepToReference-SequenceTransformStatus = OK
Seq_Frame0137_Timestamp = 21.473
Seq_Frame0138_ForcepToReference-SequenceTransform =-0.0430052 0.526647 0.848996 10.1916 -0.531838 0.707304 -0.465693 178.753 -0.845754 -0.471555 0.249673 -29.2806 0 0 0 1 
Seq_Frame0138_ForcepToReference-SequenceTransformStatus = OK
Seq_Frame0138_Timestamp = 21.643
Seq_Frame0139_ForcepToReference-SequenceTransform =-0.0357448 0.474137 0.879725 16.2853 -0.459528 0.773908 -0.435777 177.852 -0.887444 -0.419835 0.190216 -22.4241 0 0 0 1 
Seq_Frame0139_ForcepToReference-SequenceTransformStatus = OK
Seq_Frame0139_Timestamp = 21.769
Seq_Frame0140_ForcepToReference-SequenceTransform =-0.0195028 0.459079 0.888182 14.9572 -0.437113 0.795037 -0.420533 179.111 -0.899195 -0.396437 0.185164 -19.6509 0 0 0 1 
Seq_Frame0140_ForcepToReference-SequenceTransformStatus = OK
Seq_Frame0140_Timestamp = 21.894
Seq_Frame0141_ForcepToReference-SequenceTransform =0.0360387 0.484562 0.874014 15.4591 -0.420964 0.800564 -0.426482 182.18 -0.906361 -0.352559 0.232834 -9.39532 0 0 0 1 
Seq_Frame0141_ForcepToReference-SequenceTransformStatus = OK
Seq_Frame0141_Timestamp = 22.004
Seq_Frame0142_ForcepToReference-SequenceTransform =0.144796 0.485141 0.862364 13.9062 -0.391148 0.828623 -0.400484 189.441 -0.908866 -0.279323 0.309743 7.92092 0 0 0 1 
Seq_Frame0142_ForcepToReference-SequenceTransformStatus = OK
Seq_Frame0142_Timestamp = 22.114
Seq_Frame0143_ForcepToReference-SequenceTransform =0.144796 0.485141 0.862364 13.9062 -0.391148 0.828623 -0.400484 189.441 -0.908866 -0.279323 0.309743 7.92092 0 0 0 1 
Seq_Frame0143_ForcepToReference-SequenceTransformStatus = OK
Seq_Frame0143_Timestamp = 22.239
Seq_Frame0144_ForcepToReference-SequenceTransform =0.144796 0.485141 0.862364 13.9062 -0.391148 0.828623 -0.400484 189.441 -0.908866 -0.279323 0.309743 7.92092 0 0 0 1 
Seq_Frame0144_ForcepToReference-SequenceTransformStatus = OK
Seq_Frame0144_Timestamp = 22.354
Seq_Frame0145_ForcepToReference-SequenceTransform =0.144796 0.485141 0.862364 13.9062 -0.391148 0.828623 -0.400484 189.441 -0.908866 -0.279323 0.309743 7.92092 0 0 0 1 
Seq_Frame0145_ForcepToReference-SequenceTransformStatus = OK
Seq_Frame0145_Timestamp = 22.462
Seq_Frame0146_ForcepToReference-SequenceTransform =-0.0833076 -0.553539 -0.828646 0.803706 0.900173 -0.398516 0.175711 182.131 -0.427492 -0.731287 0.53148 7.09107 0 0 0 1 
Seq_Frame0146_ForcepToReference-SequenceTransformStatus = OK
Seq_Frame0146_Timestamp = 22.575
Seq_Frame0147_ForcepToReference-SequenceTransform =-0.110467 -0.613919 -0.781601 3.92522 0.915651 -0.368683 0.160175 183.682 -0.386497 -0.69798 0.602863 5.92447 0 0 0 1 
Seq_Frame0147_ForcepToReference-SequenceTransformStatus = OK
Seq_Frame0147_Timestamp = 22.686
Seq_Frame0148_ForcepToReference-SequenceTransform =-0.0573601 0.410993 0.909832 12.9879 -0.0991852 0.904478 -0.414828 189.622 -0.993414 -0.114036 -0.0111165 17.02 0 0 0 1 
Seq_Frame0148_ForcepToReference-SequenceTransformStatus = OK
Seq_Frame0148_Timestamp = 22.789
Seq_Frame0149_ForcepToReference-SequenceTransform =-0.0573601 0.410993 0.909832 12.9879 -0.0991852 0.904478 -0.414828 189.622 -0.993414 -0.114036 -0.0111165 17.02 0 0 0 1 
Seq_Frame0149_ForcepToReference-SequenceTransformStatus = OK
Seq_Frame0149_Timestamp = 23.318
Seq_Frame0150_ForcepToReference-SequenceTransform =-0.0573601 0.410993 0.909832 12.9879 -0.0991852 0.904478 -0.414828 189.622 -0.993414 -0.114036 -0.0111165 17.02 0 0 0 1 
