ObjectType = Image
NDims = 3
AnatomicalOrientation = RAI
BinaryData = True
CompressedData = False
DimSize = 0 0 7725
ElementSpacing = 1 1 1
Offset = 0 0 0
TransformMatrix = 1 0 0 0 1 0 0 0 1
ElementType = MET_UCHAR
Kinds = domain domain list
Seq_Frame0000_DriverToReference-SequenceTransform =0.909014 -0.274367 -0.313713 151.176 -0.373149 -0.200555 -0.905835 277.597 0.185614 0.940479 -0.284687 289.956 0 0 0 1 
Seq_Frame0000_DriverToReference-SequenceTransformStatus = OK
Seq_Frame0000_Timestamp = 0.0059998
Seq_Frame0001_DriverToReference-SequenceTransform =0.909014 -0.274367 -0.313713 151.176 -0.373149 -0.200555 -0.905835 277.597 0.185614 0.940479 -0.284687 289.956 0 0 0 1 
Seq_Frame0001_DriverToReference-SequenceTransformStatus = OK
Seq_Frame0001_Timestamp = 0.109
Seq_Frame0002_DriverToReference-SequenceTransform =0.909014 -0.274367 -0.313713 151.176 -0.373149 -0.200555 -0.905835 277.597 0.185614 0.940479 -0.284687 289.956 0 0 0 1 
Seq_Frame0002_DriverToReference-SequenceTransformStatus = OK
Seq_Frame0002_Timestamp = 0.21
Seq_Frame0003_DriverToReference-SequenceTransform =0.909014 -0.274367 -0.313713 151.176 -0.373149 -0.200555 -0.905835 277.597 0.185614 0.940479 -0.284687 289.956 0 0 0 1 
Seq_Frame0003_DriverToReference-SequenceTransformStatus = OK
Seq_Frame0003_Timestamp = 0.323
Seq_Frame0004_DriverToReference-SequenceTransform =0.909014 -0.274367 -0.313713 151.176 -0.373149 -0.200555 -0.905835 277.597 0.185614 0.940479 -0.284687 289.956 0 0 0 1 
Seq_Frame0004_DriverToReference-SequenceTransformStatus = OK
Seq_Frame0004_Timestamp = 0.426
Seq_Frame0005_DriverToReference-SequenceTransform =0.909014 -0.274367 -0.313713 151.176 -0.373149 -0.200555 -0.905835 277.597 0.185614 0.940479 -0.284687 289.956 0 0 0 1 
Seq_Frame0005_DriverToReference-SequenceTransformStatus = OK
Seq_Frame0005_Timestamp = 0.535
Seq_Frame0006_DriverToReference-SequenceTransform =0.909014 -0.274367 -0.313713 151.176 -0.373149 -0.200555 -0.905835 277.597 0.185614 0.940479 -0.284687 289.956 0 0 0 1 
Seq_Frame0006_DriverToReference-SequenceTransformStatus = OK
Seq_Frame0006_Timestamp = 0.636
Seq_Frame0007_DriverToReference-SequenceTransform =-0.100204 -0.674887 -0.731086 153.86 -0.993098 0.112851 0.0319392 366.637 0.0609487 0.729241 -0.681538 286.436 0 0 0 1 
Seq_Frame0007_DriverToReference-SequenceTransformStatus = OK
Seq_Frame0007_Timestamp = 0.74
Seq_Frame0008_DriverToReference-SequenceTransform =-0.0166451 -0.830719 -0.556444 157.199 -0.997022 -0.0281201 0.0718049 367.391 -0.0752969 0.555982 -0.827777 301.714 0 0 0 1 
Seq_Frame0008_DriverToReference-SequenceTransformStatus = OK
Seq_Frame0008_Timestamp = 0.856
Seq_Frame0009_DriverToReference-SequenceTransform =0.00998795 -0.797741 -0.602918 160.774 -0.998629 0.0230257 -0.0470093 362.635 0.0513839 0.602561 -0.796417 300.895 0 0 0 1 
Seq_Frame0009_DriverToReference-SequenceTransformStatus = OK
Seq_Frame0009_Timestamp = 0.96
Seq_Frame0010_DriverToReference-SequenceTransform =0.103346 -0.780002 -0.617185 159.054 -0.987327 -0.00531427 -0.158609 354.702 0.120435 0.625755 -0.770666 299.889 0 0 0 1 
Seq_Frame0010_DriverToReference-SequenceTransformStatus = OK
Seq_Frame0010_Timestamp = 1.071
Seq_Frame0011_DriverToReference-SequenceTransform =0.279075 -0.762211 -0.584082 159.87 -0.87508 0.0485976 -0.481532 338.927 0.395414 0.645502 -0.653433 289.484 0 0 0 1 
Seq_Frame0011_DriverToReference-SequenceTransformStatus = OK
Seq_Frame0011_Timestamp = 1.171
Seq_Frame0012_DriverToReference-SequenceTransform =0.581248 -0.607121 -0.541807 165.637 -0.565461 0.177445 -0.805461 303.366 0.585153 0.774543 -0.240164 284.419 0 0 0 1 
Seq_Frame0012_DriverToReference-SequenceTransformStatus = OK
Seq_Frame0012_Timestamp = 1.272
Seq_Frame0013_DriverToReference-SequenceTransform =0.581248 -0.607121 -0.541807 165.637 -0.565461 0.177445 -0.805461 303.366 0.585153 0.774543 -0.240164 284.419 0 0 0 1 
Seq_Frame0013_DriverToReference-SequenceTransformStatus = OK
Seq_Frame0013_Timestamp = 1.379
Seq_Frame0014_DriverToReference-SequenceTransform =0.581248 -0.607121 -0.541807 165.637 -0.565461 0.177445 -0.805461 303.366 0.585153 0.774543 -0.240164 284.419 0 0 0 1 
Seq_Frame0014_DriverToReference-SequenceTransformStatus = OK
Seq_Frame0014_Timestamp = 1.48
Seq_Frame0015_DriverToReference-SequenceTransform =0.581248 -0.607121 -0.541807 165.637 -0.565461 0.177445 -0.805461 303.366 0.585153 0.774543 -0.240164 284.419 0 0 0 1 
Seq_Frame0015_DriverToReference-SequenceTransformStatus = OK
Seq_Frame0015_Timestamp = 1.588
Seq_Frame0016_DriverToReference-SequenceTransform =0.581248 -0.607121 -0.541807 165.637 -0.565461 0.177445 -0.805461 303.366 0.585153 0.774543 -0.240164 284.419 0 0 0 1 
Seq_Frame0016_DriverToReference-SequenceTransformStatus = OK
Seq_Frame0016_Timestamp = 1.696
Seq_Frame0017_DriverToReference-SequenceTransform =0.581248 -0.607121 -0.541807 165.637 -0.565461 0.177445 -0.805461 303.366 0.585153 0.774543 -0.240164 284.419 0 0 0 1 
Seq_Frame0017_DriverToReference-SequenceTransformStatus = OK
Seq_Frame0017_Timestamp = 1.804
Seq_Frame0018_DriverToReference-SequenceTransform =0.581248 -0.607121 -0.541807 165.637 -0.565461 0.177445 -0.805461 303.366 0.585153 0.774543 -0.240164 284.419 0 0 0 1 
Seq_Frame0018_DriverToReference-SequenceTransformStatus = OK
Seq_Frame0018_Timestamp = 1.91
Seq_Frame0019_DriverToReference-SequenceTransform =0.581248 -0.607121 -0.541807 165.637 -0.565461 0.177445 -0.805461 303.366 0.585153 0.774543 -0.240164 284.419 0 0 0 1 
Seq_Frame0019_DriverToReference-SequenceTransformStatus = OK
Seq_Frame0019_Timestamp = 2.014
Seq_Frame0020_DriverToReference-SequenceTransform =0.581248 -0.607121 -0.541807 165.637 -0.565461 0.177445 -0.805461 303.366 0.585153 0.774543 -0.240164 284.419 0 0 0 1 
Seq_Frame0020_DriverToReference-SequenceTransformStatus = OK
Seq_Frame0020_Timestamp = 2.115
Seq_Frame0021_DriverToReference-SequenceTransform =0.581248 -0.607121 -0.541807 165.637 -0.565461 0.177445 -0.805461 303.366 0.585153 0.774543 -0.240164 284.419 0 0 0 1 
Seq_Frame0021_DriverToReference-SequenceTransformStatus = OK
Seq_Frame0021_Timestamp = 2.231
Seq_Frame0022_DriverToReference-SequenceTransform =0.581248 -0.607121 -0.541807 165.637 -0.565461 0.177445 -0.805461 303.366 0.585153 0.774543 -0.240164 284.419 0 0 0 1 
Seq_Frame0022_DriverToReference-SequenceTransformStatus = OK
Seq_Frame0022_Timestamp = 2.346
Seq_Frame0023_DriverToReference-SequenceTransform =0.581248 -0.607121 -0.541807 165.637 -0.565461 0.177445 -0.805461 303.366 0.585153 0.774543 -0.240164 284.419 0 0 0 1 
Seq_Frame0023_DriverToReference-SequenceTransformStatus = OK
Seq_Frame0023_Timestamp = 2.447
Seq_Frame0024_DriverToReference-SequenceTransform =0.581248 -0.607121 -0.541807 165.637 -0.565461 0.177445 -0.805461 303.366 0.585153 0.774543 -0.240164 284.419 0 0 0 1 
Seq_Frame0024_DriverToReference-SequenceTransformStatus = OK
Seq_Frame0024_Timestamp = 2.556
Seq_Frame0025_DriverToReference-SequenceTransform =0.581248 -0.607121 -0.541807 165.637 -0.565461 0.177445 -0.805461 303.366 0.585153 0.774543 -0.240164 284.419 0 0 0 1 
Seq_Frame0025_DriverToReference-SequenceTransformStatus = OK
Seq_Frame0025_Timestamp = 2.67
Seq_Frame0026_DriverToReference-SequenceTransform =0.581248 -0.607121 -0.541807 165.637 -0.565461 0.177445 -0.805461 303.366 0.585153 0.774543 -0.240164 284.419 0 0 0 1 
Seq_Frame0026_DriverToReference-SequenceTransformStatus = OK
Seq_Frame0026_Timestamp = 2.78
Seq_Frame0027_DriverToReference-SequenceTransform =0.581248 -0.607121 -0.541807 165.637 -0.565461 0.177445 -0.805461 303.366 0.585153 0.774543 -0.240164 284.419 0 0 0 1 
Seq_Frame0027_DriverToReference-SequenceTransformStatus = OK
Seq_Frame0027_Timestamp = 2.888
Seq_Frame0028_DriverToReference-SequenceTransform =0.581248 -0.607121 -0.541807 165.637 -0.565461 0.177445 -0.805461 303.366 0.585153 0.774543 -0.240164 284.419 0 0 0 1 
Seq_Frame0028_DriverToReference-SequenceTransformStatus = OK
Seq_Frame0028_Timestamp = 2.999
Seq_Frame0029_DriverToReference-SequenceTransform =0.581248 -0.607121 -0.541807 165.637 -0.565461 0.177445 -0.805461 303.366 0.585153 0.774543 -0.240164 284.419 0 0 0 1 
Seq_Frame0029_DriverToReference-SequenceTransformStatus = OK
Seq_Frame0029_Timestamp = 3.1
Seq_Frame0030_DriverToReference-SequenceTransform =0.581248 -0.607121 -0.541807 165.637 -0.565461 0.177445 -0.805461 303.366 0.585153 0.774543 -0.240164 284.419 0 0 0 1 
Seq_Frame0030_DriverToReference-SequenceTransformStatus = OK
Seq_Frame0030_Timestamp = 3.213
Seq_Frame0031_DriverToReference-SequenceTransform =0.581248 -0.607121 -0.541807 165.637 -0.565461 0.177445 -0.805461 303.366 0.585153 0.774543 -0.240164 284.419 0 0 0 1 
Seq_Frame0031_DriverToReference-SequenceTransformStatus = OK
Seq_Frame0031_Timestamp = 3.315
Seq_Frame0032_DriverToReference-SequenceTransform =0.581248 -0.607121 -0.541807 165.637 -0.565461 0.177445 -0.805461 303.366 0.585153 0.774543 -0.240164 284.419 0 0 0 1 
Seq_Frame0032_DriverToReference-SequenceTransformStatus = OK
Seq_Frame0032_Timestamp = 3.42
Seq_Frame0033_DriverToReference-SequenceTransform =0.581248 -0.607121 -0.541807 165.637 -0.565461 0.177445 -0.805461 303.366 0.585153 0.774543 -0.240164 284.419 0 0 0 1 
Seq_Frame0033_DriverToReference-SequenceTransformStatus = OK
Seq_Frame0033_Timestamp = 3.525
Seq_Frame0034_DriverToReference-SequenceTransform =0.581248 -0.607121 -0.541807 165.637 -0.565461 0.177445 -0.805461 303.366 0.585153 0.774543 -0.240164 284.419 0 0 0 1 
Seq_Frame0034_DriverToReference-SequenceTransformStatus = OK
Seq_Frame0034_Timestamp = 3.63
Seq_Frame0035_DriverToReference-SequenceTransform =0.581248 -0.607121 -0.541807 165.637 -0.565461 0.177445 -0.805461 303.366 0.585153 0.774543 -0.240164 284.419 0 0 0 1 
Seq_Frame0035_DriverToReference-SequenceTransformStatus = OK
Seq_Frame0035_Timestamp = 3.735
Seq_Frame0036_DriverToReference-SequenceTransform =0.581248 -0.607121 -0.541807 165.637 -0.565461 0.177445 -0.805461 303.366 0.585153 0.774543 -0.240164 284.419 0 0 0 1 
Seq_Frame0036_DriverToReference-SequenceTransformStatus = OK
Seq_Frame0036_Timestamp = 3.838
Seq_Frame0037_DriverToReference-SequenceTransform =0.581248 -0.607121 -0.541807 165.637 -0.565461 0.177445 -0.805461 303.366 0.585153 0.774543 -0.240164 284.419 0 0 0 1 
Seq_Frame0037_DriverToReference-SequenceTransformStatus = OK
Seq_Frame0037_Timestamp = 3.946
Seq_Frame0038_DriverToReference-SequenceTransform =0.581248 -0.607121 -0.541807 165.637 -0.565461 0.177445 -0.805461 303.366 0.585153 0.774543 -0.240164 284.419 0 0 0 1 
Seq_Frame0038_DriverToReference-SequenceTransformStatus = OK
Seq_Frame0038_Timestamp = 4.05
Seq_Frame0039_DriverToReference-SequenceTransform =0.581248 -0.607121 -0.541807 165.637 -0.565461 0.177445 -0.805461 303.366 0.585153 0.774543 -0.240164 284.419 0 0 0 1 
Seq_Frame0039_DriverToReference-SequenceTransformStatus = OK
Seq_Frame0039_Timestamp = 4.164
Seq_Frame0040_DriverToReference-SequenceTransform =0.581248 -0.607121 -0.541807 165.637 -0.565461 0.177445 -0.805461 303.366 0.585153 0.774543 -0.240164 284.419 0 0 0 1 
Seq_Frame0040_DriverToReference-SequenceTransformStatus = OK
Seq_Frame0040_Timestamp = 4.271
Seq_Frame0041_DriverToReference-SequenceTransform =0.581248 -0.607121 -0.541807 165.637 -0.565461 0.177445 -0.805461 303.366 0.585153 0.774543 -0.240164 284.419 0 0 0 1 
Seq_Frame0041_DriverToReference-SequenceTransformStatus = OK
Seq_Frame0041_Timestamp = 4.38
Seq_Frame0042_DriverToReference-SequenceTransform =0.581248 -0.607121 -0.541807 165.637 -0.565461 0.177445 -0.805461 303.366 0.585153 0.774543 -0.240164 284.419 0 0 0 1 
Seq_Frame0042_DriverToReference-SequenceTransformStatus = OK
Seq_Frame0042_Timestamp = 4.48
Seq_Frame0043_DriverToReference-SequenceTransform =0.581248 -0.607121 -0.541807 165.637 -0.565461 0.177445 -0.805461 303.366 0.585153 0.774543 -0.240164 284.419 0 0 0 1 
Seq_Frame0043_DriverToReference-SequenceTransformStatus = OK
Seq_Frame0043_Timestamp = 4.585
Seq_Frame0044_DriverToReference-SequenceTransform =-0.148787 0.12118 -0.981416 156.142 -0.326772 0.930685 0.164456 271.53 0.933318 0.345169 -0.0988759 260.506 0 0 0 1 
Seq_Frame0044_DriverToReference-SequenceTransformStatus = OK
Seq_Frame0044_Timestamp = 4.69
Seq_Frame0045_DriverToReference-SequenceTransform =-0.175601 0.119535 -0.977177 156.726 -0.307037 0.93644 0.169727 270.079 0.935357 0.329834 -0.127738 259.953 0 0 0 1 
Seq_Frame0045_DriverToReference-SequenceTransformStatus = OK
Seq_Frame0045_Timestamp = 4.792
Seq_Frame0046_DriverToReference-SequenceTransform =-0.175601 0.119535 -0.977177 156.726 -0.307037 0.93644 0.169727 270.079 0.935357 0.329834 -0.127738 259.953 0 0 0 1 
Seq_Frame0046_DriverToReference-SequenceTransformStatus = OK
Seq_Frame0046_Timestamp = 4.905
Seq_Frame0047_DriverToReference-SequenceTransform =-0.175601 0.119535 -0.977177 156.726 -0.307037 0.93644 0.169727 270.079 0.935357 0.329834 -0.127738 259.953 0 0 0 1 
Seq_Frame0047_DriverToReference-SequenceTransformStatus = OK
Seq_Frame0047_Timestamp = 5.01
Seq_Frame0048_DriverToReference-SequenceTransform =-0.175601 0.119535 -0.977177 156.726 -0.307037 0.93644 0.169727 270.079 0.935357 0.329834 -0.127738 259.953 0 0 0 1 
Seq_Frame0048_DriverToReference-SequenceTransformStatus = OK
Seq_Frame0048_Timestamp = 5.113
Seq_Frame0049_DriverToReference-SequenceTransform =-0.175601 0.119535 -0.977177 156.726 -0.307037 0.93644 0.169727 270.079 0.935357 0.329834 -0.127738 259.953 0 0 0 1 
Seq_Frame0049_DriverToReference-SequenceTransformStatus = OK
Seq_Frame0049_Timestamp = 5.226
Seq_Frame0050_DriverToReference-SequenceTransform =-0.175601 0.119535 -0.977177 156.726 -0.307037 0.93644 0.169727 270.079 0.935357 0.329834 -0.127738 259.953 0 0 0 1 
Seq_Frame0050_DriverToReference-SequenceTransformStatus = OK
Seq_Frame0050_Timestamp = 5.334
Seq_Frame0051_DriverToReference-SequenceTransform =-0.175601 0.119535 -0.977177 156.726 -0.307037 0.93644 0.169727 270.079 0.935357 0.329834 -0.127738 259.953 0 0 0 1 
Seq_Frame0051_DriverToReference-SequenceTransformStatus = OK
Seq_Frame0051_Timestamp = 5.434
Seq_Frame0052_DriverToReference-SequenceTransform =-0.175601 0.119535 -0.977177 156.726 -0.307037 0.93644 0.169727 270.079 0.935357 0.329834 -0.127738 259.953 0 0 0 1 
Seq_Frame0052_DriverToReference-SequenceTransformStatus = OK
Seq_Frame0052_Timestamp = 5.546
Seq_Frame0053_DriverToReference-SequenceTransform =-0.175601 0.119535 -0.977177 156.726 -0.307037 0.93644 0.169727 270.079 0.935357 0.329834 -0.127738 259.953 0 0 0 1 
Seq_Frame0053_DriverToReference-SequenceTransformStatus = OK
Seq_Frame0053_Timestamp = 5.65
Seq_Frame0054_DriverToReference-SequenceTransform =-0.175601 0.119535 -0.977177 156.726 -0.307037 0.93644 0.169727 270.079 0.935357 0.329834 -0.127738 259.953 0 0 0 1 
Seq_Frame0054_DriverToReference-SequenceTransformStatus = OK
Seq_Frame0054_Timestamp = 5.755
Seq_Frame0055_DriverToReference-SequenceTransform =-0.175601 0.119535 -0.977177 156.726 -0.307037 0.93644 0.169727 270.079 0.935357 0.329834 -0.127738 259.953 0 0 0 1 
Seq_Frame0055_DriverToReference-SequenceTransformStatus = OK
Seq_Frame0055_Timestamp = 5.86
Seq_Frame0056_DriverToReference-SequenceTransform =-0.175601 0.119535 -0.977177 156.726 -0.307037 0.93644 0.169727 270.079 0.935357 0.329834 -0.127738 259.953 0 0 0 1 
Seq_Frame0056_DriverToReference-SequenceTransformStatus = OK
Seq_Frame0056_Timestamp = 5.963
Seq_Frame0057_DriverToReference-SequenceTransform =-0.175601 0.119535 -0.977177 156.726 -0.307037 0.93644 0.169727 270.079 0.935357 0.329834 -0.127738 259.953 0 0 0 1 
Seq_Frame0057_DriverToReference-SequenceTransformStatus = OK
Seq_Frame0057_Timestamp = 6.065
Seq_Frame0058_DriverToReference-SequenceTransform =-0.175601 0.119535 -0.977177 156.726 -0.307037 0.93644 0.169727 270.079 0.935357 0.329834 -0.127738 259.953 0 0 0 1 
Seq_Frame0058_DriverToReference-SequenceTransformStatus = OK
Seq_Frame0058_Timestamp = 6.165
Seq_Frame0059_DriverToReference-SequenceTransform =-0.562694 0.0797476 -0.82281 150.306 -0.0860745 0.984274 0.15426 219.814 0.822172 0.157624 -0.54698 236.312 0 0 0 1 
Seq_Frame0059_DriverToReference-SequenceTransformStatus = OK
Seq_Frame0059_Timestamp = 6.275
Seq_Frame0060_DriverToReference-SequenceTransform =-0.551337 0.0669481 -0.831592 150.27 -0.0967001 0.984929 0.143404 220.307 0.82866 0.159479 -0.536553 235.82 0 0 0 1 
Seq_Frame0060_DriverToReference-SequenceTransformStatus = OK
Seq_Frame0060_Timestamp = 6.375
Seq_Frame0061_DriverToReference-SequenceTransform =-0.54874 0.0633408 -0.83359 150.865 -0.0915189 0.986581 0.135211 220.984 0.830969 0.150485 -0.535579 235.632 0 0 0 1 
Seq_Frame0061_DriverToReference-SequenceTransformStatus = OK
Seq_Frame0061_Timestamp = 6.488
Seq_Frame0062_DriverToReference-SequenceTransform =-0.554351 0.0716183 -0.829196 152.178 -0.103686 0.982587 0.154185 221.004 0.825799 0.171448 -0.537272 235.822 0 0 0 1 
Seq_Frame0062_DriverToReference-SequenceTransformStatus = OK
Seq_Frame0062_Timestamp = 6.6
Seq_Frame0063_DriverToReference-SequenceTransform =-0.557494 0.0660283 -0.827551 152.473 -0.0932049 0.985552 0.141424 221.186 0.824932 0.155975 -0.543285 235.113 0 0 0 1 
Seq_Frame0063_DriverToReference-SequenceTransformStatus = OK
Seq_Frame0063_Timestamp = 6.701
Seq_Frame0064_DriverToReference-SequenceTransform =-0.545577 0.0630645 -0.835685 153.151 -0.100724 0.985002 0.140091 221.912 0.831986 0.160604 -0.531042 234.982 0 0 0 1 
Seq_Frame0064_DriverToReference-SequenceTransformStatus = OK
Seq_Frame0064_Timestamp = 6.81
Seq_Frame0065_DriverToReference-SequenceTransform =-0.538757 0.0604872 -0.840287 153.76 -0.113047 0.983208 0.143256 221.784 0.834842 0.172172 -0.522873 235.092 0 0 0 1 
Seq_Frame0065_DriverToReference-SequenceTransformStatus = OK
Seq_Frame0065_Timestamp = 6.92
Seq_Frame0066_DriverToReference-SequenceTransform =-0.527907 0.0483601 -0.847924 152.934 -0.122888 0.983522 0.132602 221.221 0.840365 0.174201 -0.513265 235.271 0 0 0 1 
Seq_Frame0066_DriverToReference-SequenceTransformStatus = OK
Seq_Frame0066_Timestamp = 7.026
Seq_Frame0067_DriverToReference-SequenceTransform =-0.493554 0.0263015 -0.869317 151.005 -0.163587 0.978895 0.122493 220.487 0.854192 0.202666 -0.478835 237.673 0 0 0 1 
Seq_Frame0067_DriverToReference-SequenceTransformStatus = OK
Seq_Frame0067_Timestamp = 7.129
Seq_Frame0068_DriverToReference-SequenceTransform =-0.48389 0.0257173 -0.874751 150.809 -0.170635 0.97761 0.123132 220.664 0.858332 0.208846 -0.468668 238.014 0 0 0 1 
Seq_Frame0068_DriverToReference-SequenceTransformStatus = OK
Seq_Frame0068_Timestamp = 7.235
Seq_Frame0069_DriverToReference-SequenceTransform =-0.48389 0.0257173 -0.874751 150.809 -0.170635 0.97761 0.123132 220.664 0.858332 0.208846 -0.468668 238.014 0 0 0 1 
Seq_Frame0069_DriverToReference-SequenceTransformStatus = OK
Seq_Frame0069_Timestamp = 7.335
Seq_Frame0070_DriverToReference-SequenceTransform =-0.48389 0.0257173 -0.874751 150.809 -0.170635 0.97761 0.123132 220.664 0.858332 0.208846 -0.468668 238.014 0 0 0 1 
Seq_Frame0070_DriverToReference-SequenceTransformStatus = OK
Seq_Frame0070_Timestamp = 7.436
Seq_Frame0071_DriverToReference-SequenceTransform =-0.48389 0.0257173 -0.874751 150.809 -0.170635 0.97761 0.123132 220.664 0.858332 0.208846 -0.468668 238.014 0 0 0 1 
Seq_Frame0071_DriverToReference-SequenceTransformStatus = OK
Seq_Frame0071_Timestamp = 7.537
Seq_Frame0072_DriverToReference-SequenceTransform =-0.48389 0.0257173 -0.874751 150.809 -0.170635 0.97761 0.123132 220.664 0.858332 0.208846 -0.468668 238.014 0 0 0 1 
Seq_Frame0072_DriverToReference-SequenceTransformStatus = OK
Seq_Frame0072_Timestamp = 7.64
Seq_Frame0073_DriverToReference-SequenceTransform =-0.48389 0.0257173 -0.874751 150.809 -0.170635 0.97761 0.123132 220.664 0.858332 0.208846 -0.468668 238.014 0 0 0 1 
Seq_Frame0073_DriverToReference-SequenceTransformStatus = OK
Seq_Frame0073_Timestamp = 7.746
Seq_Frame0074_DriverToReference-SequenceTransform =-0.48389 0.0257173 -0.874751 150.809 -0.170635 0.97761 0.123132 220.664 0.858332 0.208846 -0.468668 238.014 0 0 0 1 
Seq_Frame0074_DriverToReference-SequenceTransformStatus = OK
Seq_Frame0074_Timestamp = 7.855
Seq_Frame0075_DriverToReference-SequenceTransform =-0.48389 0.0257173 -0.874751 150.809 -0.170635 0.97761 0.123132 220.664 0.858332 0.208846 -0.468668 238.014 0 0 0 1 
Seq_Frame0075_DriverToReference-SequenceTransformStatus = OK
Seq_Frame0075_Timestamp = 7.956
Seq_Frame0076_DriverToReference-SequenceTransform =-0.48389 0.0257173 -0.874751 150.809 -0.170635 0.97761 0.123132 220.664 0.858332 0.208846 -0.468668 238.014 0 0 0 1 
Seq_Frame0076_DriverToReference-SequenceTransformStatus = OK
Seq_Frame0076_Timestamp = 8.06
Seq_Frame0077_DriverToReference-SequenceTransform =-0.48389 0.0257173 -0.874751 150.809 -0.170635 0.97761 0.123132 220.664 0.858332 0.208846 -0.468668 238.014 0 0 0 1 
Seq_Frame0077_DriverToReference-SequenceTransformStatus = OK
Seq_Frame0077_Timestamp = 8.162
Seq_Frame0078_DriverToReference-SequenceTransform =-0.48389 0.0257173 -0.874751 150.809 -0.170635 0.97761 0.123132 220.664 0.858332 0.208846 -0.468668 238.014 0 0 0 1 
Seq_Frame0078_DriverToReference-SequenceTransformStatus = OK
Seq_Frame0078_Timestamp = 8.27
Seq_Frame0079_DriverToReference-SequenceTransform =-0.48389 0.0257173 -0.874751 150.809 -0.170635 0.97761 0.123132 220.664 0.858332 0.208846 -0.468668 238.014 0 0 0 1 
Seq_Frame0079_DriverToReference-SequenceTransformStatus = OK
Seq_Frame0079_Timestamp = 8.375
Seq_Frame0080_DriverToReference-SequenceTransform =-0.48389 0.0257173 -0.874751 150.809 -0.170635 0.97761 0.123132 220.664 0.858332 0.208846 -0.468668 238.014 0 0 0 1 
Seq_Frame0080_DriverToReference-SequenceTransformStatus = OK
Seq_Frame0080_Timestamp = 8.487
Seq_Frame0081_DriverToReference-SequenceTransform =-0.48389 0.0257173 -0.874751 150.809 -0.170635 0.97761 0.123132 220.664 0.858332 0.208846 -0.468668 238.014 0 0 0 1 
Seq_Frame0081_DriverToReference-SequenceTransformStatus = OK
Seq_Frame0081_Timestamp = 8.595
Seq_Frame0082_DriverToReference-SequenceTransform =-0.48389 0.0257173 -0.874751 150.809 -0.170635 0.97761 0.123132 220.664 0.858332 0.208846 -0.468668 238.014 0 0 0 1 
Seq_Frame0082_DriverToReference-SequenceTransformStatus = OK
Seq_Frame0082_Timestamp = 8.699
Seq_Frame0083_DriverToReference-SequenceTransform =-0.48389 0.0257173 -0.874751 150.809 -0.170635 0.97761 0.123132 220.664 0.858332 0.208846 -0.468668 238.014 0 0 0 1 
Seq_Frame0083_DriverToReference-SequenceTransformStatus = OK
Seq_Frame0083_Timestamp = 8.799
Seq_Frame0084_DriverToReference-SequenceTransform =-0.48389 0.0257173 -0.874751 150.809 -0.170635 0.97761 0.123132 220.664 0.858332 0.208846 -0.468668 238.014 0 0 0 1 
Seq_Frame0084_DriverToReference-SequenceTransformStatus = OK
Seq_Frame0084_Timestamp = 8.9
Seq_Frame0085_DriverToReference-SequenceTransform =-0.48389 0.0257173 -0.874751 150.809 -0.170635 0.97761 0.123132 220.664 0.858332 0.208846 -0.468668 238.014 0 0 0 1 
Seq_Frame0085_DriverToReference-SequenceTransformStatus = OK
Seq_Frame0085_Timestamp = 9
Seq_Frame0086_DriverToReference-SequenceTransform =-0.48389 0.0257173 -0.874751 150.809 -0.170635 0.97761 0.123132 220.664 0.858332 0.208846 -0.468668 238.014 0 0 0 1 
Seq_Frame0086_DriverToReference-SequenceTransformStatus = OK
Seq_Frame0086_Timestamp = 9.113
Seq_Frame0087_DriverToReference-SequenceTransform =-0.48389 0.0257173 -0.874751 150.809 -0.170635 0.97761 0.123132 220.664 0.858332 0.208846 -0.468668 238.014 0 0 0 1 
Seq_Frame0087_DriverToReference-SequenceTransformStatus = OK
Seq_Frame0087_Timestamp = 9.215
Seq_Frame0088_DriverToReference-SequenceTransform =-0.48389 0.0257173 -0.874751 150.809 -0.170635 0.97761 0.123132 220.664 0.858332 0.208846 -0.468668 238.014 0 0 0 1 
Seq_Frame0088_DriverToReference-SequenceTransformStatus = OK
Seq_Frame0088_Timestamp = 9.325
Seq_Frame0089_DriverToReference-SequenceTransform =-0.48389 0.0257173 -0.874751 150.809 -0.170635 0.97761 0.123132 220.664 0.858332 0.208846 -0.468668 238.014 0 0 0 1 
Seq_Frame0089_DriverToReference-SequenceTransformStatus = OK
Seq_Frame0089_Timestamp = 9.425
Seq_Frame0090_DriverToReference-SequenceTransform =-0.48389 0.0257173 -0.874751 150.809 -0.170635 0.97761 0.123132 220.664 0.858332 0.208846 -0.468668 238.014 0 0 0 1 
Seq_Frame0090_DriverToReference-SequenceTransformStatus = OK
Seq_Frame0090_Timestamp = 9.534
Seq_Frame0091_DriverToReference-SequenceTransform =-0.48389 0.0257173 -0.874751 150.809 -0.170635 0.97761 0.123132 220.664 0.858332 0.208846 -0.468668 238.014 0 0 0 1 
Seq_Frame0091_DriverToReference-SequenceTransformStatus = OK
Seq_Frame0091_Timestamp = 9.635
Seq_Frame0092_DriverToReference-SequenceTransform =-0.48389 0.0257173 -0.874751 150.809 -0.170635 0.97761 0.123132 220.664 0.858332 0.208846 -0.468668 238.014 0 0 0 1 
Seq_Frame0092_DriverToReference-SequenceTransformStatus = OK
Seq_Frame0092_Timestamp = 9.737
Seq_Frame0093_DriverToReference-SequenceTransform =-0.48389 0.0257173 -0.874751 150.809 -0.170635 0.97761 0.123132 220.664 0.858332 0.208846 -0.468668 238.014 0 0 0 1 
Seq_Frame0093_DriverToReference-SequenceTransformStatus = OK
Seq_Frame0093_Timestamp = 9.84
Seq_Frame0094_DriverToReference-SequenceTransform =-0.187683 -0.490929 -0.850743 164.819 -0.980588 0.0435887 0.191174 351.299 -0.0567703 0.870108 -0.48958 242.99 0 0 0 1 
Seq_Frame0094_DriverToReference-SequenceTransformStatus = OK
Seq_Frame0094_Timestamp = 9.95
Seq_Frame0095_DriverToReference-SequenceTransform =-0.0999934 -0.687359 -0.719401 167.359 -0.994641 0.0499475 0.0905275 342.395 -0.0262926 0.724598 -0.68867 256.377 0 0 0 1 
Seq_Frame0095_DriverToReference-SequenceTransformStatus = OK
Seq_Frame0095_Timestamp = 10.05
Seq_Frame0096_DriverToReference-SequenceTransform =-0.0315972 -0.376257 -0.925976 160.107 -0.980955 0.189312 -0.043451 331.565 0.191647 0.906968 -0.375073 254.609 0 0 0 1 
Seq_Frame0096_DriverToReference-SequenceTransformStatus = OK
Seq_Frame0096_Timestamp = 10.159
Seq_Frame0097_DriverToReference-SequenceTransform =-0.0315972 -0.376257 -0.925976 160.107 -0.980955 0.189312 -0.043451 331.565 0.191647 0.906968 -0.375073 254.609 0 0 0 1 
Seq_Frame0097_DriverToReference-SequenceTransformStatus = OK
Seq_Frame0097_Timestamp = 10.262
Seq_Frame0098_DriverToReference-SequenceTransform =0.0233872 -0.753359 -0.657194 176.919 -0.998315 -0.0525214 0.0246802 332.608 -0.0531098 0.655509 -0.753317 285.54 0 0 0 1 
Seq_Frame0098_DriverToReference-SequenceTransformStatus = OK
Seq_Frame0098_Timestamp = 10.37
Seq_Frame0099_DriverToReference-SequenceTransform =0.217374 -0.767385 -0.603215 174.295 -0.972632 -0.222249 -0.0677612 328.49 -0.0820652 0.601436 -0.794695 293.616 0 0 0 1 
Seq_Frame0099_DriverToReference-SequenceTransformStatus = OK
Seq_Frame0099_Timestamp = 10.47
Seq_Frame0100_DriverToReference-SequenceTransform =0.34776 -0.704846 -0.618267 165.117 -0.901328 -0.432929 -0.0134204 334.935 -0.258207 0.561928 -0.785854 301.512 0 0 0 1 
Seq_Frame0100_DriverToReference-SequenceTransformStatus = OK
Seq_Frame0100_Timestamp = 10.574
Seq_Frame0101_DriverToReference-SequenceTransform =0.415804 -0.798494 -0.435333 163.244 -0.908192 -0.389779 -0.152514 331.799 -0.0479018 0.458782 -0.887257 295.722 0 0 0 1 
Seq_Frame0101_DriverToReference-SequenceTransformStatus = OK
Seq_Frame0101_Timestamp = 10.675
Seq_Frame0102_DriverToReference-SequenceTransform =0.496674 -0.556885 -0.665728 151.306 -0.782302 0.0449808 -0.621273 297.988 0.375923 0.829371 -0.413312 278.101 0 0 0 1 
Seq_Frame0102_DriverToReference-SequenceTransformStatus = OK
Seq_Frame0102_Timestamp = 10.788
Seq_Frame0103_DriverToReference-SequenceTransform =0.654476 -0.346303 -0.672112 141.74 -0.661485 0.168282 -0.730834 285.004 0.366195 0.922906 -0.118938 277.858 0 0 0 1 
Seq_Frame0103_DriverToReference-SequenceTransformStatus = OK
Seq_Frame0103_Timestamp = 10.89
Seq_Frame0104_DriverToReference-SequenceTransform =0.654476 -0.346303 -0.672112 141.74 -0.661485 0.168282 -0.730834 285.004 0.366195 0.922906 -0.118938 277.858 0 0 0 1 
Seq_Frame0104_DriverToReference-SequenceTransformStatus = OK
Seq_Frame0104_Timestamp = 10.991
Seq_Frame0105_DriverToReference-SequenceTransform =0.654476 -0.346303 -0.672112 141.74 -0.661485 0.168282 -0.730834 285.004 0.366195 0.922906 -0.118938 277.858 0 0 0 1 
Seq_Frame0105_DriverToReference-SequenceTransformStatus = OK
Seq_Frame0105_Timestamp = 11.095
Seq_Frame0106_DriverToReference-SequenceTransform =0.654476 -0.346303 -0.672112 141.74 -0.661485 0.168282 -0.730834 285.004 0.366195 0.922906 -0.118938 277.858 0 0 0 1 
Seq_Frame0106_DriverToReference-SequenceTransformStatus = OK
Seq_Frame0106_Timestamp = 11.2
Seq_Frame0107_DriverToReference-SequenceTransform =0.654476 -0.346303 -0.672112 141.74 -0.661485 0.168282 -0.730834 285.004 0.366195 0.922906 -0.118938 277.858 0 0 0 1 
Seq_Frame0107_DriverToReference-SequenceTransformStatus = OK
Seq_Frame0107_Timestamp = 11.3
Seq_Frame0108_DriverToReference-SequenceTransform =0.773704 -0.435733 -0.459911 113.486 -0.586713 -0.218872 -0.779656 291.267 0.23906 0.873059 -0.424993 219.2 0 0 0 1 
Seq_Frame0108_DriverToReference-SequenceTransformStatus = OK
Seq_Frame0108_Timestamp = 11.41
Seq_Frame0109_DriverToReference-SequenceTransform =0.773704 -0.435733 -0.459911 113.486 -0.586713 -0.218872 -0.779656 291.267 0.23906 0.873059 -0.424993 219.2 0 0 0 1 
Seq_Frame0109_DriverToReference-SequenceTransformStatus = OK
Seq_Frame0109_Timestamp = 11.515
Seq_Frame0110_DriverToReference-SequenceTransform =0.773704 -0.435733 -0.459911 113.486 -0.586713 -0.218872 -0.779656 291.267 0.23906 0.873059 -0.424993 219.2 0 0 0 1 
Seq_Frame0110_DriverToReference-SequenceTransformStatus = OK
Seq_Frame0110_Timestamp = 11.621
Seq_Frame0111_DriverToReference-SequenceTransform =0.773704 -0.435733 -0.459911 113.486 -0.586713 -0.218872 -0.779656 291.267 0.23906 0.873059 -0.424993 219.2 0 0 0 1 
Seq_Frame0111_DriverToReference-SequenceTransformStatus = OK
Seq_Frame0111_Timestamp = 11.739
Seq_Frame0112_DriverToReference-SequenceTransform =0.773704 -0.435733 -0.459911 113.486 -0.586713 -0.218872 -0.779656 291.267 0.23906 0.873059 -0.424993 219.2 0 0 0 1 
Seq_Frame0112_DriverToReference-SequenceTransformStatus = OK
Seq_Frame0112_Timestamp = 11.847
Seq_Frame0113_DriverToReference-SequenceTransform =0.773704 -0.435733 -0.459911 113.486 -0.586713 -0.218872 -0.779656 291.267 0.23906 0.873059 -0.424993 219.2 0 0 0 1 
Seq_Frame0113_DriverToReference-SequenceTransformStatus = OK
Seq_Frame0113_Timestamp = 11.95
Seq_Frame0114_DriverToReference-SequenceTransform =0.773704 -0.435733 -0.459911 113.486 -0.586713 -0.218872 -0.779656 291.267 0.23906 0.873059 -0.424993 219.2 0 0 0 1 
Seq_Frame0114_DriverToReference-SequenceTransformStatus = OK
Seq_Frame0114_Timestamp = 12.05
Seq_Frame0115_DriverToReference-SequenceTransform =0.773704 -0.435733 -0.459911 113.486 -0.586713 -0.218872 -0.779656 291.267 0.23906 0.873059 -0.424993 219.2 0 0 0 1 
Seq_Frame0115_DriverToReference-SequenceTransformStatus = OK
Seq_Frame0115_Timestamp = 12.154
Seq_Frame0116_DriverToReference-SequenceTransform =0.773704 -0.435733 -0.459911 113.486 -0.586713 -0.218872 -0.779656 291.267 0.23906 0.873059 -0.424993 219.2 0 0 0 1 
Seq_Frame0116_DriverToReference-SequenceTransformStatus = OK
Seq_Frame0116_Timestamp = 12.255
Seq_Frame0117_DriverToReference-SequenceTransform =0.375717 -0.536857 -0.755395 134.513 -0.909279 -0.0560948 -0.412389 299.912 0.179021 0.841806 -0.509229 238.922 0 0 0 1 
Seq_Frame0117_DriverToReference-SequenceTransformStatus = OK
Seq_Frame0117_Timestamp = 12.355
Seq_Frame0118_DriverToReference-SequenceTransform =0.23378 -0.600532 -0.764662 151.814 -0.941177 0.0575854 -0.332971 307.338 0.243993 0.797524 -0.551745 251.328 0 0 0 1 
Seq_Frame0118_DriverToReference-SequenceTransformStatus = OK
Seq_Frame0118_Timestamp = 12.456
Seq_Frame0119_DriverToReference-SequenceTransform =0.164027 -0.50044 -0.850091 148.411 -0.861819 0.346594 -0.370326 301.967 0.479962 0.793368 -0.374438 251.848 0 0 0 1 
Seq_Frame0119_DriverToReference-SequenceTransformStatus = OK
Seq_Frame0119_Timestamp = 12.564
Seq_Frame0120_DriverToReference-SequenceTransform =0.354533 -0.404582 -0.842982 137.499 -0.715881 0.462518 -0.52306 287.017 0.601515 0.788917 -0.125655 263.572 0 0 0 1 
Seq_Frame0120_DriverToReference-SequenceTransformStatus = OK
Seq_Frame0120_Timestamp = 12.67
Seq_Frame0121_DriverToReference-SequenceTransform =0.354533 -0.404582 -0.842982 137.499 -0.715881 0.462518 -0.52306 287.017 0.601515 0.788917 -0.125655 263.572 0 0 0 1 
Seq_Frame0121_DriverToReference-SequenceTransformStatus = OK
Seq_Frame0121_Timestamp = 12.775
Seq_Frame0122_DriverToReference-SequenceTransform =0.354533 -0.404582 -0.842982 137.499 -0.715881 0.462518 -0.52306 287.017 0.601515 0.788917 -0.125655 263.572 0 0 0 1 
Seq_Frame0122_DriverToReference-SequenceTransformStatus = OK
Seq_Frame0122_Timestamp = 12.881
Seq_Frame0123_DriverToReference-SequenceTransform =0.354533 -0.404582 -0.842982 137.499 -0.715881 0.462518 -0.52306 287.017 0.601515 0.788917 -0.125655 263.572 0 0 0 1 
Seq_Frame0123_DriverToReference-SequenceTransformStatus = OK
Seq_Frame0123_Timestamp = 12.988
Seq_Frame0124_DriverToReference-SequenceTransform =0.354533 -0.404582 -0.842982 137.499 -0.715881 0.462518 -0.52306 287.017 0.601515 0.788917 -0.125655 263.572 0 0 0 1 
Seq_Frame0124_DriverToReference-SequenceTransformStatus = OK
Seq_Frame0124_Timestamp = 13.089
Seq_Frame0125_DriverToReference-SequenceTransform =0.354533 -0.404582 -0.842982 137.499 -0.715881 0.462518 -0.52306 287.017 0.601515 0.788917 -0.125655 263.572 0 0 0 1 
Seq_Frame0125_DriverToReference-SequenceTransformStatus = OK
Seq_Frame0125_Timestamp = 13.19
Seq_Frame0126_DriverToReference-SequenceTransform =0.354533 -0.404582 -0.842982 137.499 -0.715881 0.462518 -0.52306 287.017 0.601515 0.788917 -0.125655 263.572 0 0 0 1 
Seq_Frame0126_DriverToReference-SequenceTransformStatus = OK
Seq_Frame0126_Timestamp = 13.297
Seq_Frame0127_DriverToReference-SequenceTransform =0.354533 -0.404582 -0.842982 137.499 -0.715881 0.462518 -0.52306 287.017 0.601515 0.788917 -0.125655 263.572 0 0 0 1 
Seq_Frame0127_DriverToReference-SequenceTransformStatus = OK
Seq_Frame0127_Timestamp = 13.401
Seq_Frame0128_DriverToReference-SequenceTransform =0.354533 -0.404582 -0.842982 137.499 -0.715881 0.462518 -0.52306 287.017 0.601515 0.788917 -0.125655 263.572 0 0 0 1 
Seq_Frame0128_DriverToReference-SequenceTransformStatus = OK
Seq_Frame0128_Timestamp = 13.505
Seq_Frame0129_DriverToReference-SequenceTransform =0.354533 -0.404582 -0.842982 137.499 -0.715881 0.462518 -0.52306 287.017 0.601515 0.788917 -0.125655 263.572 0 0 0 1 
Seq_Frame0129_DriverToReference-SequenceTransformStatus = OK
Seq_Frame0129_Timestamp = 13.605
Seq_Frame0130_DriverToReference-SequenceTransform =0.354533 -0.404582 -0.842982 137.499 -0.715881 0.462518 -0.52306 287.017 0.601515 0.788917 -0.125655 263.572 0 0 0 1 
Seq_Frame0130_DriverToReference-SequenceTransformStatus = OK
Seq_Frame0130_Timestamp = 13.71
Seq_Frame0131_DriverToReference-SequenceTransform =0.354533 -0.404582 -0.842982 137.499 -0.715881 0.462518 -0.52306 287.017 0.601515 0.788917 -0.125655 263.572 0 0 0 1 
Seq_Frame0131_DriverToReference-SequenceTransformStatus = OK
Seq_Frame0131_Timestamp = 13.811
Seq_Frame0132_DriverToReference-SequenceTransform =0.354533 -0.404582 -0.842982 137.499 -0.715881 0.462518 -0.52306 287.017 0.601515 0.788917 -0.125655 263.572 0 0 0 1 
Seq_Frame0132_DriverToReference-SequenceTransformStatus = OK
Seq_Frame0132_Timestamp = 13.911
Seq_Frame0133_DriverToReference-SequenceTransform =0.354533 -0.404582 -0.842982 137.499 -0.715881 0.462518 -0.52306 287.017 0.601515 0.788917 -0.125655 263.572 0 0 0 1 
Seq_Frame0133_DriverToReference-SequenceTransformStatus = OK
Seq_Frame0133_Timestamp = 14.022
Seq_Frame0134_DriverToReference-SequenceTransform =0.354533 -0.404582 -0.842982 137.499 -0.715881 0.462518 -0.52306 287.017 0.601515 0.788917 -0.125655 263.572 0 0 0 1 
Seq_Frame0134_DriverToReference-SequenceTransformStatus = OK
Seq_Frame0134_Timestamp = 14.125
Seq_Frame0135_DriverToReference-SequenceTransform =0.354533 -0.404582 -0.842982 137.499 -0.715881 0.462518 -0.52306 287.017 0.601515 0.788917 -0.125655 263.572 0 0 0 1 
Seq_Frame0135_DriverToReference-SequenceTransformStatus = OK
Seq_Frame0135_Timestamp = 14.226
Seq_Frame0136_DriverToReference-SequenceTransform =0.354533 -0.404582 -0.842982 137.499 -0.715881 0.462518 -0.52306 287.017 0.601515 0.788917 -0.125655 263.572 0 0 0 1 
Seq_Frame0136_DriverToReference-SequenceTransformStatus = OK
Seq_Frame0136_Timestamp = 14.33
Seq_Frame0137_DriverToReference-SequenceTransform =0.354533 -0.404582 -0.842982 137.499 -0.715881 0.462518 -0.52306 287.017 0.601515 0.788917 -0.125655 263.572 0 0 0 1 
Seq_Frame0137_DriverToReference-SequenceTransformStatus = OK
Seq_Frame0137_Timestamp = 14.438
Seq_Frame0138_DriverToReference-SequenceTransform =0.354533 -0.404582 -0.842982 137.499 -0.715881 0.462518 -0.52306 287.017 0.601515 0.788917 -0.125655 263.572 0 0 0 1 
Seq_Frame0138_DriverToReference-SequenceTransformStatus = OK
Seq_Frame0138_Timestamp = 14.54
Seq_Frame0139_DriverToReference-SequenceTransform =0.354533 -0.404582 -0.842982 137.499 -0.715881 0.462518 -0.52306 287.017 0.601515 0.788917 -0.125655 263.572 0 0 0 1 
Seq_Frame0139_DriverToReference-SequenceTransformStatus = OK
Seq_Frame0139_Timestamp = 14.641
Seq_Frame0140_DriverToReference-SequenceTransform =0.354533 -0.404582 -0.842982 137.499 -0.715881 0.462518 -0.52306 287.017 0.601515 0.788917 -0.125655 263.572 0 0 0 1 
Seq_Frame0140_DriverToReference-SequenceTransformStatus = OK
Seq_Frame0140_Timestamp = 14.742
Seq_Frame0141_DriverToReference-SequenceTransform =0.354533 -0.404582 -0.842982 137.499 -0.715881 0.462518 -0.52306 287.017 0.601515 0.788917 -0.125655 263.572 0 0 0 1 
Seq_Frame0141_DriverToReference-SequenceTransformStatus = OK
Seq_Frame0141_Timestamp = 14.845
Seq_Frame0142_DriverToReference-SequenceTransform =0.354533 -0.404582 -0.842982 137.499 -0.715881 0.462518 -0.52306 287.017 0.601515 0.788917 -0.125655 263.572 0 0 0 1 
Seq_Frame0142_DriverToReference-SequenceTransformStatus = OK
Seq_Frame0142_Timestamp = 14.95
Seq_Frame0143_DriverToReference-SequenceTransform =0.354533 -0.404582 -0.842982 137.499 -0.715881 0.462518 -0.52306 287.017 0.601515 0.788917 -0.125655 263.572 0 0 0 1 
Seq_Frame0143_DriverToReference-SequenceTransformStatus = OK
Seq_Frame0143_Timestamp = 15.05
Seq_Frame0144_DriverToReference-SequenceTransform =0.354533 -0.404582 -0.842982 137.499 -0.715881 0.462518 -0.52306 287.017 0.601515 0.788917 -0.125655 263.572 0 0 0 1 
Seq_Frame0144_DriverToReference-SequenceTransformStatus = OK
Seq_Frame0144_Timestamp = 15.151
Seq_Frame0145_DriverToReference-SequenceTransform =0.354533 -0.404582 -0.842982 137.499 -0.715881 0.462518 -0.52306 287.017 0.601515 0.788917 -0.125655 263.572 0 0 0 1 
Seq_Frame0145_DriverToReference-SequenceTransformStatus = OK
Seq_Frame0145_Timestamp = 15.255
Seq_Frame0146_DriverToReference-SequenceTransform =0.354533 -0.404582 -0.842982 137.499 -0.715881 0.462518 -0.52306 287.017 0.601515 0.788917 -0.125655 263.572 0 0 0 1 
Seq_Frame0146_DriverToReference-SequenceTransformStatus = OK
Seq_Frame0146_Timestamp = 15.364
Seq_Frame0147_DriverToReference-SequenceTransform =0.354533 -0.404582 -0.842982 137.499 -0.715881 0.462518 -0.52306 287.017 0.601515 0.788917 -0.125655 263.572 0 0 0 1 
Seq_Frame0147_DriverToReference-SequenceTransformStatus = OK
Seq_Frame0147_Timestamp = 15.465
Seq_Frame0148_DriverToReference-SequenceTransform =0.354533 -0.404582 -0.842982 137.499 -0.715881 0.462518 -0.52306 287.017 0.601515 0.788917 -0.125655 263.572 0 0 0 1 
Seq_Frame0148_DriverToReference-SequenceTransformStatus = OK
Seq_Frame0148_Timestamp = 15.566
Seq_Frame0149_DriverToReference-SequenceTransform =0.354533 -0.404582 -0.842982 137.499 -0.715881 0.462518 -0.52306 287.017 0.601515 0.788917 -0.125655 263.572 0 0 0 1 
Seq_Frame0149_DriverToReference-SequenceTransformStatus = OK
Seq_Frame0149_Timestamp = 15.67
Seq_Frame0150_DriverToReference-SequenceTransform =0.354533 -0.404582 -0.842982 137.499 -0.715881 0.462518 -0.52306 287.017 0.601515 0.788917 -0.125655 263.572 0 0 0 1 
Seq_Frame0150_DriverToReference-SequenceTransformStatus = OK
Seq_Frame0150_Timestamp = 15.775
