ObjectType = Image
NDims = 3
AnatomicalOrientation = RAI
BinaryData = True
CompressedData = False
DimSize = 0 0 2631
ElementSpacing = 1 1 1
Offset = 0 0 0
TransformMatrix = 1 0 0 0 1 0 0 0 1
ElementType = MET_UCHAR
Kinds = domain domain list
Seq_Frame0000_DriverToReference-SequenceTransform =0.31524 -0.639946 -0.70078 25.2114 0.227966 -0.665746 0.710502 64.1895 -0.921225 -0.383733 -0.0639838 101.262 0 0 0 1 
Seq_Frame0000_DriverToReference-SequenceTransformStatus = OK
Seq_Frame0000_Timestamp = 0.00300002
Seq_Frame0001_DriverToReference-SequenceTransform =0.314073 -0.63972 -0.70151 25.2404 0.226994 -0.66687 0.709759 64.0215 -0.921863 -0.382155 -0.0642336 101.504 0 0 0 1 
Seq_Frame0001_DriverToReference-SequenceTransformStatus = OK
Seq_Frame0001_Timestamp = 0.107
Seq_Frame0002_DriverToReference-SequenceTransform =0.308891 -0.640355 -0.703229 25.4221 0.226129 -0.668739 0.708275 64.0652 -0.923825 -0.3778 -0.061765 101.684 0 0 0 1 
Seq_Frame0002_DriverToReference-SequenceTransformStatus = OK
Seq_Frame0002_Timestamp = 0.213
Seq_Frame0003_DriverToReference-SequenceTransform =0.296799 -0.649638 -0.699915 25.6947 0.232388 -0.661772 0.712779 64.0969 -0.926232 -0.374203 -0.0454451 102.156 0 0 0 1 
Seq_Frame0003_DriverToReference-SequenceTransformStatus = OK
Seq_Frame0003_Timestamp = 0.319
Seq_Frame0004_DriverToReference-SequenceTransform =0.303305 -0.666283 -0.681229 26.3698 0.194448 -0.656586 0.728756 65.0477 -0.932843 -0.353499 -0.0695882 101.272 0 0 0 1 
Seq_Frame0004_DriverToReference-SequenceTransformStatus = OK
Seq_Frame0004_Timestamp = 0.432
Seq_Frame0005_DriverToReference-SequenceTransform =0.291755 -0.693829 -0.658392 26.7739 0.149456 -0.646816 0.747858 66.9131 -0.944744 -0.316592 -0.085015 102.58 0 0 0 1 
Seq_Frame0005_DriverToReference-SequenceTransformStatus = OK
Seq_Frame0005_Timestamp = 0.533
Seq_Frame0006_DriverToReference-SequenceTransform =0.300825 -0.660107 -0.688305 26.9894 0.124602 -0.688344 0.714602 74.3223 -0.945504 -0.300735 -0.124821 107.397 0 0 0 1 
Seq_Frame0006_DriverToReference-SequenceTransformStatus = OK
Seq_Frame0006_Timestamp = 0.637
Seq_Frame0007_DriverToReference-SequenceTransform =0.248975 -0.666984 -0.702241 28.039 0.036901 -0.718015 0.695049 80.3119 -0.967807 -0.198963 -0.154156 104.532 0 0 0 1 
Seq_Frame0007_DriverToReference-SequenceTransformStatus = OK
Seq_Frame0007_Timestamp = 0.742
Seq_Frame0008_DriverToReference-SequenceTransform =0.237753 -0.612556 -0.753823 27.7454 -0.134836 -0.789376 0.59892 90.0569 -0.961921 -0.0407521 -0.270271 100.639 0 0 0 1 
Seq_Frame0008_DriverToReference-SequenceTransformStatus = OK
Seq_Frame0008_Timestamp = 0.848
Seq_Frame0009_DriverToReference-SequenceTransform =0.242103 -0.586368 -0.773019 28.0439 -0.216087 -0.809297 0.54621 96.6092 -0.945882 0.0348002 -0.32264 100.645 0 0 0 1 
Seq_Frame0009_DriverToReference-SequenceTransformStatus = OK
Seq_Frame0009_Timestamp = 0.953
Seq_Frame0010_DriverToReference-SequenceTransform =0.128926 -0.50869 -0.851242 25.2847 -0.397848 -0.812826 0.425476 101.732 -0.908347 0.28381 -0.307176 92.0797 0 0 0 1 
Seq_Frame0010_DriverToReference-SequenceTransformStatus = OK
Seq_Frame0010_Timestamp = 1.062
Seq_Frame0011_DriverToReference-SequenceTransform =0.187132 -0.54226 -0.819107 25.9382 -0.309975 -0.823831 0.474571 102.702 -0.932146 0.165095 -0.322253 99.2056 0 0 0 1 
Seq_Frame0011_DriverToReference-SequenceTransformStatus = OK
Seq_Frame0011_Timestamp = 1.175
Seq_Frame0012_DriverToReference-SequenceTransform =0.211518 -0.526904 -0.823184 24.7973 -0.328472 -0.831574 0.447873 103.923 -0.920525 0.17566 -0.348966 98.1534 0 0 0 1 
Seq_Frame0012_DriverToReference-SequenceTransformStatus = OK
Seq_Frame0012_Timestamp = 1.276
Seq_Frame0013_DriverToReference-SequenceTransform =0.210309 -0.488735 -0.846704 23.8141 -0.406529 -0.831364 0.378904 106.712 -0.889103 0.264523 -0.373528 94.3403 0 0 0 1 
Seq_Frame0013_DriverToReference-SequenceTransformStatus = OK
Seq_Frame0013_Timestamp = 1.382
Seq_Frame0014_DriverToReference-SequenceTransform =0.192081 -0.423347 -0.885371 21.9808 -0.514523 -0.811679 0.276484 109.613 -0.835686 0.402437 -0.37373 94.5461 0 0 0 1 
Seq_Frame0014_DriverToReference-SequenceTransformStatus = OK
Seq_Frame0014_Timestamp = 1.489
Seq_Frame0015_DriverToReference-SequenceTransform =0.206072 -0.38276 -0.900571 20.4443 -0.573026 -0.793221 0.206013 114.266 -0.793206 0.473597 -0.382792 93.0314 0 0 0 1 
Seq_Frame0015_DriverToReference-SequenceTransformStatus = OK
Seq_Frame0015_Timestamp = 1.597
Seq_Frame0016_DriverToReference-SequenceTransform =0.128546 -0.229746 -0.964724 12.9612 -0.414423 -0.896227 0.158213 125.919 -0.90096 0.379466 -0.210419 88.3601 0 0 0 1 
Seq_Frame0016_DriverToReference-SequenceTransformStatus = OK
Seq_Frame0016_Timestamp = 1.702
Seq_Frame0017_DriverToReference-SequenceTransform =0.172875 -0.145709 -0.974106 10.0205 -0.255714 -0.961724 0.098475 141.327 -0.95117 0.232069 -0.203518 90.6234 0 0 0 1 
Seq_Frame0017_DriverToReference-SequenceTransformStatus = OK
Seq_Frame0017_Timestamp = 1.807
Seq_Frame0018_DriverToReference-SequenceTransform =0.284118 -0.0839403 -0.955108 9.02088 -0.161296 -0.986148 0.0386872 160.292 -0.945125 0.143063 -0.293721 97.5652 0 0 0 1 
Seq_Frame0018_DriverToReference-SequenceTransformStatus = OK
Seq_Frame0018_Timestamp = 1.915
Seq_Frame0019_DriverToReference-SequenceTransform =0.22787 -0.0155146 -0.973568 13.5751 0.0098475 -0.999785 0.0182372 186.703 -0.973642 -0.0137429 -0.227668 97.1653 0 0 0 1 
Seq_Frame0019_DriverToReference-SequenceTransformStatus = OK
Seq_Frame0019_Timestamp = 2.018
Seq_Frame0020_DriverToReference-SequenceTransform =0.22232 0.0478481 -0.973799 25.5443 0.138054 -0.990276 -0.0171397 209.526 -0.96515 -0.130627 -0.226764 103.379 0 0 0 1 
Seq_Frame0020_DriverToReference-SequenceTransformStatus = OK
Seq_Frame0020_Timestamp = 2.125
Seq_Frame0021_DriverToReference-SequenceTransform =0.163653 0.0886573 -0.982526 32.8786 0.171629 -0.983324 -0.0601421 225.818 -0.971474 -0.158788 -0.176141 107.393 0 0 0 1 
Seq_Frame0021_DriverToReference-SequenceTransformStatus = OK
Seq_Frame0021_Timestamp = 2.229
Seq_Frame0022_DriverToReference-SequenceTransform =-0.0360052 0.203576 -0.978397 32.7495 0.100288 -0.973353 -0.206218 236.82 -0.994307 -0.105547 0.0146294 106.033 0 0 0 1 
Seq_Frame0022_DriverToReference-SequenceTransformStatus = OK
Seq_Frame0022_Timestamp = 2.339
Seq_Frame0023_DriverToReference-SequenceTransform =-0.17674 0.256388 -0.950278 35.4699 -0.0485182 -0.966572 -0.251761 236.091 -0.983061 0.00160949 0.183272 101.692 0 0 0 1 
Seq_Frame0023_DriverToReference-SequenceTransformStatus = OK
Seq_Frame0023_Timestamp = 2.454
Seq_Frame0024_DriverToReference-SequenceTransform =-0.149517 0.399288 -0.904552 32.3788 -0.132365 -0.914683 -0.381882 233.849 -0.979859 0.0626332 0.189612 102.589 0 0 0 1 
Seq_Frame0024_DriverToReference-SequenceTransformStatus = OK
Seq_Frame0024_Timestamp = 2.555
Seq_Frame0025_DriverToReference-SequenceTransform =-0.104483 0.518037 -0.848953 31.8493 -0.193246 -0.84793 -0.49363 233.416 -0.975571 0.112481 0.188703 102.266 0 0 0 1 
Seq_Frame0025_DriverToReference-SequenceTransformStatus = OK
Seq_Frame0025_Timestamp = 2.656
Seq_Frame0026_DriverToReference-SequenceTransform =0.0339191 0.641039 -0.766758 33.8705 -0.112997 -0.759821 -0.640238 238.64 -0.993016 0.108358 0.046663 102.372 0 0 0 1 
Seq_Frame0026_DriverToReference-SequenceTransformStatus = OK
Seq_Frame0026_Timestamp = 2.757
Seq_Frame0027_DriverToReference-SequenceTransform =-0.0889651 0.806416 -0.584618 24.7342 -0.0759126 -0.590728 -0.803292 236.951 -0.993138 -0.0270851 0.113771 100.538 0 0 0 1 
Seq_Frame0027_DriverToReference-SequenceTransformStatus = OK
Seq_Frame0027_Timestamp = 2.868
Seq_Frame0028_DriverToReference-SequenceTransform =-0.0207887 0.841514 -0.539836 30.1999 -0.140419 -0.537058 -0.831776 235.001 -0.989874 0.0585118 0.129329 96.3718 0 0 0 1 
Seq_Frame0028_DriverToReference-SequenceTransformStatus = OK
Seq_Frame0028_Timestamp = 2.973
Seq_Frame0029_DriverToReference-SequenceTransform =-0.0347641 0.943805 -0.328671 26.7128 -0.407942 -0.313625 -0.857451 227.44 -0.912346 0.10427 0.39592 90.0588 0 0 0 1 
Seq_Frame0029_DriverToReference-SequenceTransformStatus = OK
Seq_Frame0029_Timestamp = 3.078
Seq_Frame0030_DriverToReference-SequenceTransform =0.0319429 0.961151 -0.274168 30.7229 -0.446334 -0.231721 -0.864345 227.087 -0.894296 0.14998 0.421592 85.772 0 0 0 1 
Seq_Frame0030_DriverToReference-SequenceTransformStatus = OK
Seq_Frame0030_Timestamp = 3.182
Seq_Frame0031_DriverToReference-SequenceTransform =0.0158169 0.964645 -0.263078 30.4282 -0.457305 -0.227001 -0.85985 226.562 -0.889169 0.133907 0.437547 83.1968 0 0 0 1 
Seq_Frame0031_DriverToReference-SequenceTransformStatus = OK
Seq_Frame0031_Timestamp = 3.295
Seq_Frame0032_DriverToReference-SequenceTransform =-0.0193003 0.951927 -0.305717 28.9567 -0.483625 -0.27651 -0.830451 223.661 -0.875062 0.131824 0.465713 84.2317 0 0 0 1 
Seq_Frame0032_DriverToReference-SequenceTransformStatus = OK
Seq_Frame0032_Timestamp = 3.419
Seq_Frame0033_DriverToReference-SequenceTransform =-0.073715 0.910985 -0.405798 30.1603 -0.490975 -0.387328 -0.780334 227.26 -0.868049 0.141714 0.475823 84.1007 0 0 0 1 
Seq_Frame0033_DriverToReference-SequenceTransformStatus = OK
Seq_Frame0033_Timestamp = 3.524
Seq_Frame0034_DriverToReference-SequenceTransform =-0.164691 0.717997 -0.676281 38.4922 -0.463582 -0.661541 -0.589454 241.382 -0.870614 0.216434 0.441801 81.1247 0 0 0 1 
Seq_Frame0034_DriverToReference-SequenceTransformStatus = OK
Seq_Frame0034_Timestamp = 3.624
Seq_Frame0035_DriverToReference-SequenceTransform =-0.243262 0.26268 -0.933715 62.4578 -0.23735 -0.949487 -0.20528 262.681 -0.940473 0.17168 0.293321 75.8801 0 0 0 1 
Seq_Frame0035_DriverToReference-SequenceTransformStatus = OK
Seq_Frame0035_Timestamp = 3.729
Seq_Frame0036_DriverToReference-SequenceTransform =-0.210177 0.061449 -0.97573 84.0036 -0.120949 -0.99199 -0.03642 277.449 -0.970153 0.110359 0.215926 74.613 0 0 0 1 
Seq_Frame0036_DriverToReference-SequenceTransformStatus = OK
Seq_Frame0036_Timestamp = 3.84
Seq_Frame0037_DriverToReference-SequenceTransform =-0.162351 0.0504505 -0.985442 92.065 -0.0766309 -0.99632 -0.0383825 280.197 -0.983753 0.0692839 0.16562 76.1494 0 0 0 1 
Seq_Frame0037_DriverToReference-SequenceTransformStatus = OK
Seq_Frame0037_Timestamp = 3.943
Seq_Frame0038_DriverToReference-SequenceTransform =-0.137784 0.058037 -0.988761 96.4606 -0.0960024 -0.994364 -0.0449879 277.551 -0.985799 0.0887248 0.142579 79.7434 0 0 0 1 
Seq_Frame0038_DriverToReference-SequenceTransformStatus = OK
Seq_Frame0038_Timestamp = 4.049
Seq_Frame0039_DriverToReference-SequenceTransform =-0.139332 0.0825343 -0.9868 99.032 -0.101336 -0.992477 -0.0687009 280.743 -0.985047 0.090426 0.146648 83.1172 0 0 0 1 
Seq_Frame0039_DriverToReference-SequenceTransformStatus = OK
Seq_Frame0039_Timestamp = 4.153
Seq_Frame0040_DriverToReference-SequenceTransform =-0.145089 0.100219 -0.98433 101.562 -0.0982623 -0.991398 -0.0864551 285.264 -0.984527 0.0841789 0.153688 84.4844 0 0 0 1 
Seq_Frame0040_DriverToReference-SequenceTransformStatus = OK
Seq_Frame0040_Timestamp = 4.261
Seq_Frame0041_DriverToReference-SequenceTransform =-0.170749 -0.199776 -0.96485 118.632 -0.0167621 -0.978499 0.205568 290.77 -0.985172 0.0512734 0.163729 87.1563 0 0 0 1 
Seq_Frame0041_DriverToReference-SequenceTransformStatus = OK
Seq_Frame0041_Timestamp = 4.887
Seq_Frame0042_DriverToReference-SequenceTransform =-0.166459 -0.189309 -0.967705 118.848 0.0346721 -0.981914 0.186125 283.897 -0.985439 -0.00257015 0.170013 102.706 0 0 0 1 
Seq_Frame0042_DriverToReference-SequenceTransformStatus = OK
Seq_Frame0042_Timestamp = 4.995
Seq_Frame0043_DriverToReference-SequenceTransform =-0.194835 -0.171034 -0.965809 114.675 0.0239454 -0.985215 0.16964 282.471 -0.980544 0.00992501 0.196049 102.636 0 0 0 1 
Seq_Frame0043_DriverToReference-SequenceTransformStatus = OK
Seq_Frame0043_Timestamp = 5.095
Seq_Frame0044_DriverToReference-SequenceTransform =-0.2054 -0.134718 -0.969362 107.14 -0.0082497 -0.990207 0.139363 277.86 -0.978643 0.0366221 0.202277 102.475 0 0 0 1 
Seq_Frame0044_DriverToReference-SequenceTransformStatus = OK
Seq_Frame0044_Timestamp = 5.204
Seq_Frame0045_DriverToReference-SequenceTransform =-0.215083 -0.115329 -0.969762 102.623 -0.0357852 -0.991405 0.125839 272.585 -0.97594 0.061769 0.209107 102.824 0 0 0 1 
Seq_Frame0045_DriverToReference-SequenceTransformStatus = OK
Seq_Frame0045_Timestamp = 5.308
Seq_Frame0046_DriverToReference-SequenceTransform =-0.226043 -0.145225 -0.963231 96.0203 -0.0470351 -0.986044 0.159702 267.392 -0.972981 0.0814052 0.216058 103.816 0 0 0 1 
Seq_Frame0046_DriverToReference-SequenceTransformStatus = OK
Seq_Frame0046_Timestamp = 5.415
Seq_Frame0047_DriverToReference-SequenceTransform =-0.286237 -0.218985 -0.932799 82.8076 -0.0711481 -0.965987 0.248609 262.923 -0.955514 0.137528 0.260921 112.568 0 0 0 1 
Seq_Frame0047_DriverToReference-SequenceTransformStatus = OK
Seq_Frame0047_Timestamp = 5.531
Seq_Frame0048_DriverToReference-SequenceTransform =-0.307556 -0.342964 -0.887573 46.9365 -0.0901533 -0.918086 0.385994 251.11 -0.94725 0.198732 0.251443 127.584 0 0 0 1 
Seq_Frame0048_DriverToReference-SequenceTransformStatus = OK
Seq_Frame0048_Timestamp = 5.638
Seq_Frame0049_DriverToReference-SequenceTransform =-0.379197 -0.474194 -0.794575 5.87493 -0.140226 -0.81934 0.555894 239.872 -0.914629 0.322213 0.244197 135.572 0 0 0 1 
Seq_Frame0049_DriverToReference-SequenceTransformStatus = OK
Seq_Frame0049_Timestamp = 5.744
Seq_Frame0050_DriverToReference-SequenceTransform =-0.38508 -0.52042 -0.762153 -14.8186 -0.158729 -0.776184 0.610199 229.842 -0.909131 0.355951 0.216287 132.713 0 0 0 1 
Seq_Frame0050_DriverToReference-SequenceTransformStatus = OK
Seq_Frame0050_Timestamp = 5.846
Seq_Frame0051_DriverToReference-SequenceTransform =-0.469436 -0.544901 -0.694775 -45.3776 -0.226725 -0.686093 0.691283 213.267 -0.853361 0.482036 0.198534 122.715 0 0 0 1 
Seq_Frame0051_DriverToReference-SequenceTransformStatus = OK
Seq_Frame0051_Timestamp = 5.959
Seq_Frame0052_DriverToReference-SequenceTransform =-0.559731 -0.508571 -0.65426 -71.7784 -0.30026 -0.611407 0.732138 184.683 -0.772364 0.606248 0.18952 108.882 0 0 0 1 
Seq_Frame0052_DriverToReference-SequenceTransformStatus = OK
Seq_Frame0052_Timestamp = 6.078
Seq_Frame0053_DriverToReference-SequenceTransform =-0.601316 -0.515174 -0.610749 -90.4618 -0.356244 -0.51134 0.782063 157.285 -0.715199 0.687842 0.12395 93.9188 0 0 0 1 
Seq_Frame0053_DriverToReference-SequenceTransformStatus = OK
Seq_Frame0053_Timestamp = 6.188
Seq_Frame0054_DriverToReference-SequenceTransform =-0.603981 -0.50579 -0.615941 -100.514 -0.377061 -0.499527 0.779934 140.037 -0.702162 0.703313 0.110991 85.8721 0 0 0 1 
Seq_Frame0054_DriverToReference-SequenceTransformStatus = OK
Seq_Frame0054_Timestamp = 6.315
Seq_Frame0055_DriverToReference-SequenceTransform =-0.595413 -0.492813 -0.634523 -98.1227 -0.378818 -0.52427 0.762652 136.351 -0.708506 0.694462 0.12547 84.7661 0 0 0 1 
Seq_Frame0055_DriverToReference-SequenceTransformStatus = OK
Seq_Frame0055_Timestamp = 6.429
Seq_Frame0056_DriverToReference-SequenceTransform =-0.582729 -0.505997 -0.63592 -93.2204 -0.357347 -0.543255 0.759721 139.617 -0.729884 0.669956 0.135754 83.4143 0 0 0 1 
Seq_Frame0056_DriverToReference-SequenceTransformStatus = OK
Seq_Frame0056_Timestamp = 6.541
Seq_Frame0057_DriverToReference-SequenceTransform =-0.587389 -0.494289 -0.640822 -92.9267 -0.366257 -0.543735 0.755121 142.679 -0.721685 0.678255 0.138347 87.5583 0 0 0 1 
Seq_Frame0057_DriverToReference-SequenceTransformStatus = OK
Seq_Frame0057_Timestamp = 6.672
Seq_Frame0058_DriverToReference-SequenceTransform =-0.601163 -0.475556 -0.642223 -90.2546 -0.349265 -0.566477 0.746403 143.903 -0.718761 0.673016 0.17445 90.518 0 0 0 1 
Seq_Frame0058_DriverToReference-SequenceTransformStatus = OK
Seq_Frame0058_Timestamp = 6.772
Seq_Frame0059_DriverToReference-SequenceTransform =-0.563013 -0.514045 -0.647128 -86.3109 -0.350578 -0.560531 0.750267 146.131 -0.748406 0.649278 0.135374 91.6189 0 0 0 1 
Seq_Frame0059_DriverToReference-SequenceTransformStatus = OK
Seq_Frame0059_Timestamp = 6.877
Seq_Frame0060_DriverToReference-SequenceTransform =-0.556069 -0.514614 -0.652655 -84.073 -0.351207 -0.566216 0.74569 147.637 -0.753287 0.643872 0.134119 92.7685 0 0 0 1 
Seq_Frame0060_DriverToReference-SequenceTransformStatus = OK
Seq_Frame0060_Timestamp = 6.987
Seq_Frame0061_DriverToReference-SequenceTransform =-0.547343 -0.518827 -0.656684 -81.5527 -0.348599 -0.572011 0.742484 149.506 -0.760852 0.635313 0.132223 92.8477 0 0 0 1 
Seq_Frame0061_DriverToReference-SequenceTransformStatus = OK
Seq_Frame0061_Timestamp = 7.095
Seq_Frame0062_DriverToReference-SequenceTransform =-0.550656 -0.515122 -0.656831 -79.7486 -0.33923 -0.580869 0.739942 150.855 -0.762694 0.63027 0.145114 93.0128 0 0 0 1 
Seq_Frame0062_DriverToReference-SequenceTransformStatus = OK
Seq_Frame0062_Timestamp = 7.204
Seq_Frame0063_DriverToReference-SequenceTransform =-0.502614 -0.539473 -0.675536 -79.2352 -0.472778 -0.482684 0.737222 150.743 -0.723782 0.689917 -0.012447 96.117 0 0 0 1 
Seq_Frame0063_DriverToReference-SequenceTransformStatus = OK
Seq_Frame0063_Timestamp = 7.305
Seq_Frame0064_DriverToReference-SequenceTransform =-0.502614 -0.539473 -0.675536 -79.2352 -0.472778 -0.482684 0.737222 150.743 -0.723782 0.689917 -0.012447 96.117 0 0 0 1 
Seq_Frame0064_DriverToReference-SequenceTransformStatus = OK
Seq_Frame0064_Timestamp = 7.422
Seq_Frame0065_DriverToReference-SequenceTransform =-0.502614 -0.539473 -0.675536 -79.2352 -0.472778 -0.482684 0.737222 150.743 -0.723782 0.689917 -0.012447 96.117 0 0 0 1 
Seq_Frame0065_DriverToReference-SequenceTransformStatus = OK
Seq_Frame0065_Timestamp = 7.534
Seq_Frame0066_DriverToReference-SequenceTransform =-0.502614 -0.539473 -0.675536 -79.2352 -0.472778 -0.482684 0.737222 150.743 -0.723782 0.689917 -0.012447 96.117 0 0 0 1 
Seq_Frame0066_DriverToReference-SequenceTransformStatus = OK
Seq_Frame0066_Timestamp = 7.638
Seq_Frame0067_DriverToReference-SequenceTransform =-0.516618 -0.512316 -0.686031 -76.4948 -0.365333 -0.592743 0.717766 159.404 -0.774363 0.62144 0.119055 95.7281 0 0 0 1 
Seq_Frame0067_DriverToReference-SequenceTransformStatus = OK
Seq_Frame0067_Timestamp = 7.743
Seq_Frame0068_DriverToReference-SequenceTransform =-0.505082 -0.531603 -0.67992 -68.8857 -0.264267 -0.654695 0.708193 168.006 -0.821617 0.537376 0.19019 96.9869 0 0 0 1 
Seq_Frame0068_DriverToReference-SequenceTransformStatus = OK
Seq_Frame0068_Timestamp = 7.847
Seq_Frame0069_DriverToReference-SequenceTransform =-0.463179 -0.499415 -0.732155 -59.0848 -0.185664 -0.753104 0.63116 189.068 -0.866599 0.428275 0.256098 101.387 0 0 0 1 
Seq_Frame0069_DriverToReference-SequenceTransformStatus = OK
Seq_Frame0069_Timestamp = 7.953
Seq_Frame0070_DriverToReference-SequenceTransform =-0.410123 -0.547864 -0.72914 -45.9918 -0.130018 -0.756182 0.641315 205.757 -0.902715 0.357819 0.238896 107.416 0 0 0 1 
Seq_Frame0070_DriverToReference-SequenceTransformStatus = OK
Seq_Frame0070_Timestamp = 8.062
Seq_Frame0071_DriverToReference-SequenceTransform =-0.364813 -0.664759 -0.651926 -29.7649 -0.0150811 -0.695871 0.718009 224.96 -0.930959 0.271771 0.243838 116.002 0 0 0 1 
Seq_Frame0071_DriverToReference-SequenceTransformStatus = OK
Seq_Frame0071_Timestamp = 8.182
Seq_Frame0072_DriverToReference-SequenceTransform =-0.323235 -0.721303 -0.612569 -24.1333 0.0595674 -0.661542 0.747538 241.582 -0.944442 0.205142 0.2568 124.653 0 0 0 1 
Seq_Frame0072_DriverToReference-SequenceTransformStatus = OK
Seq_Frame0072_Timestamp = 8.287
Seq_Frame0073_DriverToReference-SequenceTransform =-0.339094 -0.681928 -0.648067 -20.1495 0.0665576 -0.704545 0.706531 249.206 -0.938395 0.196447 0.284294 130.246 0 0 0 1 
Seq_Frame0073_DriverToReference-SequenceTransformStatus = OK
Seq_Frame0073_Timestamp = 8.397
Seq_Frame0074_DriverToReference-SequenceTransform =-0.362511 -0.609755 -0.704829 -19.1009 0.0709785 -0.772138 0.631479 257.88 -0.929273 0.17889 0.323188 134.538 0 0 0 1 
Seq_Frame0074_DriverToReference-SequenceTransformStatus = OK
Seq_Frame0074_Timestamp = 8.502
Seq_Frame0075_DriverToReference-SequenceTransform =-0.390758 -0.497621 -0.774391 -22.1481 0.0813058 -0.856649 0.509453 273.409 -0.916896 0.13611 0.375202 137.608 0 0 0 1 
Seq_Frame0075_DriverToReference-SequenceTransformStatus = OK
Seq_Frame0075_Timestamp = 8.607
Seq_Frame0076_DriverToReference-SequenceTransform =-0.415386 -0.443024 -0.794471 -21.5333 0.0689318 -0.886205 0.458137 275.924 -0.90703 0.135539 0.398656 137.865 0 0 0 1 
Seq_Frame0076_DriverToReference-SequenceTransformStatus = OK
Seq_Frame0076_Timestamp = 8.717
Seq_Frame0077_DriverToReference-SequenceTransform =-0.411431 -0.428359 -0.804508 -15.5416 0.0478411 -0.89161 0.45027 276.088 -0.910184 0.146767 0.387329 139.741 0 0 0 1 
Seq_Frame0077_DriverToReference-SequenceTransformStatus = OK
Seq_Frame0077_Timestamp = 8.822
Seq_Frame0078_DriverToReference-SequenceTransform =-0.422693 -0.410586 -0.80793 -13.124 0.0317152 -0.897641 0.439584 278.198 -0.905718 0.160185 0.392448 140.954 0 0 0 1 
Seq_Frame0078_DriverToReference-SequenceTransformStatus = OK
Seq_Frame0078_Timestamp = 8.925
Seq_Frame0079_DriverToReference-SequenceTransform =-0.414159 -0.390577 -0.822145 -10.8301 0.00881385 -0.904931 0.425466 277.13 -0.910162 0.168964 0.378228 141.695 0 0 0 1 
Seq_Frame0079_DriverToReference-SequenceTransformStatus = OK
Seq_Frame0079_Timestamp = 9.036
Seq_Frame0080_DriverToReference-SequenceTransform =-0.395771 -0.378248 -0.836835 -11.1952 0.0456684 -0.918218 0.393435 276.524 -0.917213 0.117493 0.380678 142.635 0 0 0 1 
Seq_Frame0080_DriverToReference-SequenceTransformStatus = OK
Seq_Frame0080_Timestamp = 9.138
Seq_Frame0081_DriverToReference-SequenceTransform =-0.389811 -0.349574 -0.851966 -12.0117 0.0591872 -0.932747 0.355639 274.922 -0.918991 0.0882065 0.384285 142.841 0 0 0 1 
Seq_Frame0081_DriverToReference-SequenceTransformStatus = OK
Seq_Frame0081_Timestamp = 9.243
Seq_Frame0082_DriverToReference-SequenceTransform =-0.42023 -0.314207 -0.851281 -14.1193 0.0872978 -0.947784 0.306732 272.479 -0.903208 0.0545832 0.425717 144.105 0 0 0 1 
Seq_Frame0082_DriverToReference-SequenceTransformStatus = OK
Seq_Frame0082_Timestamp = 9.352
Seq_Frame0083_DriverToReference-SequenceTransform =-0.426348 -0.309778 -0.849862 -14.2671 0.0772654 -0.948569 0.306996 270.053 -0.901253 0.0652221 0.428356 142.967 0 0 0 1 
Seq_Frame0083_DriverToReference-SequenceTransformStatus = OK
Seq_Frame0083_Timestamp = 9.458
Seq_Frame0084_DriverToReference-SequenceTransform =-0.47997 -0.283809 -0.830109 -13.6689 0.0496511 -0.953497 0.297286 267.235 -0.875879 0.101473 0.471741 141.557 0 0 0 1 
Seq_Frame0084_DriverToReference-SequenceTransformStatus = OK
Seq_Frame0084_Timestamp = 9.562
Seq_Frame0085_DriverToReference-SequenceTransform =-0.489942 -0.269451 -0.829068 -12.3882 0.0253943 -0.955041 0.295386 266.09 -0.871385 0.123668 0.474757 140.399 0 0 0 1 
Seq_Frame0085_DriverToReference-SequenceTransformStatus = OK
Seq_Frame0085_Timestamp = 9.667
Seq_Frame0086_DriverToReference-SequenceTransform =-0.469151 -0.250425 -0.846868 -11.7884 0.0132915 -0.960846 0.276766 264.627 -0.883018 0.118589 0.45411 140.732 0 0 0 1 
Seq_Frame0086_DriverToReference-SequenceTransformStatus = OK
Seq_Frame0086_Timestamp = 9.778
Seq_Frame0087_DriverToReference-SequenceTransform =-0.474464 -0.203775 -0.856364 -9.05015 -0.0334156 -0.967967 0.248845 261.682 -0.87964 0.146684 0.452457 141.757 0 0 0 1 
Seq_Frame0087_DriverToReference-SequenceTransformStatus = OK
Seq_Frame0087_Timestamp = 9.883
Seq_Frame0088_DriverToReference-SequenceTransform =-0.482026 -0.131255 -0.86627 -11.1633 -0.106465 -0.972614 0.20661 259.004 -0.869664 0.191819 0.454851 141.763 0 0 0 1 
Seq_Frame0088_DriverToReference-SequenceTransformStatus = OK
Seq_Frame0088_Timestamp = 9.995
Seq_Frame0089_DriverToReference-SequenceTransform =-0.461123 -0.0572501 -0.885487 -9.34063 -0.15505 -0.977365 0.143934 255.866 -0.873685 0.203666 0.441809 140.696 0 0 0 1 
Seq_Frame0089_DriverToReference-SequenceTransformStatus = OK
Seq_Frame0089_Timestamp = 10.1
Seq_Frame0090_DriverToReference-SequenceTransform =-0.436991 0.201654 -0.87657 -6.94531 -0.324529 -0.94425 -0.0554384 250.692 -0.83888 0.260246 0.478072 143.389 0 0 0 1 
Seq_Frame0090_DriverToReference-SequenceTransformStatus = OK
Seq_Frame0090_Timestamp = 10.202
Seq_Frame0091_DriverToReference-SequenceTransform =0.897177 -0.439297 0.0457321 6.07855 0.255769 0.601171 0.757084 239.619 -0.360078 -0.667541 0.651715 149.15 0 0 0 1 
Seq_Frame0091_DriverToReference-SequenceTransformStatus = OK
Seq_Frame0091_Timestamp = 10.308
Seq_Frame0092_DriverToReference-SequenceTransform =0.883525 -0.466161 0.0455714 6.71755 0.271287 0.588623 0.761529 238.293 -0.38182 -0.660467 0.646527 152.42 0 0 0 1 
Seq_Frame0092_DriverToReference-SequenceTransformStatus = OK
Seq_Frame0092_Timestamp = 10.432
Seq_Frame0093_DriverToReference-SequenceTransform =0.806589 -0.578225 -0.122762 42.0373 0.442777 0.453419 0.773538 259.413 -0.391616 -0.678283 0.621747 163.321 0 0 0 1 
Seq_Frame0093_DriverToReference-SequenceTransformStatus = OK
Seq_Frame0093_Timestamp = 10.538
Seq_Frame0094_DriverToReference-SequenceTransform =0.853283 -0.520915 -0.0235593 40.4063 0.367521 0.568736 0.735845 314.955 -0.369914 -0.636543 0.67674 158.578 0 0 0 1 
Seq_Frame0094_DriverToReference-SequenceTransformStatus = OK
Seq_Frame0094_Timestamp = 10.642
Seq_Frame0095_DriverToReference-SequenceTransform =0.827018 -0.562151 -0.00523248 43.8267 0.395845 0.575695 0.715459 372.874 -0.399184 -0.593769 0.698635 153.94 0 0 0 1 
Seq_Frame0095_DriverToReference-SequenceTransformStatus = OK
Seq_Frame0095_Timestamp = 10.757
Seq_Frame0096_DriverToReference-SequenceTransform =0.77636 -0.623436 -0.0927001 62.513 0.510005 0.534947 0.673593 426.397 -0.370352 -0.570228 0.733266 148.568 0 0 0 1 
Seq_Frame0096_DriverToReference-SequenceTransformStatus = OK
Seq_Frame0096_Timestamp = 10.858
Seq_Frame0097_DriverToReference-SequenceTransform =0.687185 -0.684892 -0.24228 86.5782 0.650605 0.43179 0.624716 473.622 -0.323249 -0.586924 0.742314 147.311 0 0 0 1 
Seq_Frame0097_DriverToReference-SequenceTransformStatus = OK
Seq_Frame0097_Timestamp = 10.962
Seq_Frame0098_DriverToReference-SequenceTransform =0.616138 -0.714572 -0.331303 90.9489 0.733765 0.367858 0.571199 497.79 -0.28629 -0.595036 0.750979 148.53 0 0 0 1 
Seq_Frame0098_DriverToReference-SequenceTransformStatus = OK
Seq_Frame0098_Timestamp = 11.068
Seq_Frame0099_DriverToReference-SequenceTransform =0.569765 -0.719867 -0.396433 88.4618 0.733281 0.227533 0.640724 471.338 -0.371035 -0.655759 0.657506 154.322 0 0 0 1 
Seq_Frame0099_DriverToReference-SequenceTransformStatus = OK
Seq_Frame0099_Timestamp = 11.178
Seq_Frame0100_DriverToReference-SequenceTransform =0.562949 -0.735446 -0.377104 75.143 0.653814 0.117163 0.747529 422.835 -0.505585 -0.667376 0.546802 159.945 0 0 0 1 
Seq_Frame0100_DriverToReference-SequenceTransformStatus = OK
Seq_Frame0100_Timestamp = 11.293
Seq_Frame0101_DriverToReference-SequenceTransform =0.562949 -0.735446 -0.377104 75.143 0.653814 0.117163 0.747529 422.835 -0.505585 -0.667376 0.546802 159.945 0 0 0 1 
Seq_Frame0101_DriverToReference-SequenceTransformStatus = OK
Seq_Frame0101_Timestamp = 11.402
Seq_Frame0102_DriverToReference-SequenceTransform =0.562949 -0.735446 -0.377104 75.143 0.653814 0.117163 0.747529 422.835 -0.505585 -0.667376 0.546802 159.945 0 0 0 1 
Seq_Frame0102_DriverToReference-SequenceTransformStatus = OK
Seq_Frame0102_Timestamp = 11.507
Seq_Frame0103_DriverToReference-SequenceTransform =0.562949 -0.735446 -0.377104 75.143 0.653814 0.117163 0.747529 422.835 -0.505585 -0.667376 0.546802 159.945 0 0 0 1 
Seq_Frame0103_DriverToReference-SequenceTransformStatus = OK
Seq_Frame0103_Timestamp = 11.612
Seq_Frame0104_DriverToReference-SequenceTransform =0.562949 -0.735446 -0.377104 75.143 0.653814 0.117163 0.747529 422.835 -0.505585 -0.667376 0.546802 159.945 0 0 0 1 
Seq_Frame0104_DriverToReference-SequenceTransformStatus = OK
Seq_Frame0104_Timestamp = 11.717
Seq_Frame0105_DriverToReference-SequenceTransform =0.562949 -0.735446 -0.377104 75.143 0.653814 0.117163 0.747529 422.835 -0.505585 -0.667376 0.546802 159.945 0 0 0 1 
Seq_Frame0105_DriverToReference-SequenceTransformStatus = OK
Seq_Frame0105_Timestamp = 11.824
Seq_Frame0106_DriverToReference-SequenceTransform =0.832278 -0.552126 0.0497058 36.9008 0.335415 0.57293 0.747829 422.133 -0.441374 -0.605729 0.662028 82.1595 0 0 0 1 
Seq_Frame0106_DriverToReference-SequenceTransformStatus = OK
Seq_Frame0106_Timestamp = 11.928
Seq_Frame0107_DriverToReference-SequenceTransform =0.794777 -0.593701 0.125891 23.7856 0.37146 0.639911 0.672705 466.462 -0.479945 -0.487887 0.729122 50.7568 0 0 0 1 
Seq_Frame0107_DriverToReference-SequenceTransformStatus = OK
Seq_Frame0107_Timestamp = 12.033
Seq_Frame0108_DriverToReference-SequenceTransform =0.76641 -0.618864 0.172114 11.5463 0.41081 0.678211 0.609315 506.449 -0.493813 -0.396279 0.774023 17.8701 0 0 0 1 
Seq_Frame0108_DriverToReference-SequenceTransformStatus = OK
Seq_Frame0108_Timestamp = 12.143
Seq_Frame0109_DriverToReference-SequenceTransform =0.75798 -0.605298 0.243065 -5.71699 0.395764 0.722986 0.56627 539.143 -0.518495 -0.333025 0.787564 -20.6107 0 0 0 1 
Seq_Frame0109_DriverToReference-SequenceTransformStatus = OK
Seq_Frame0109_Timestamp = 12.252
Seq_Frame0110_DriverToReference-SequenceTransform =0.742475 -0.592816 0.311928 -14.2762 0.375372 0.753871 0.539235 547.448 -0.554821 -0.283279 0.782257 -29.7338 0 0 0 1 
Seq_Frame0110_DriverToReference-SequenceTransformStatus = OK
Seq_Frame0110_Timestamp = 12.372
Seq_Frame0111_DriverToReference-SequenceTransform =0.742475 -0.592816 0.311928 -14.2762 0.375372 0.753871 0.539235 547.448 -0.554821 -0.283279 0.782257 -29.7338 0 0 0 1 
Seq_Frame0111_DriverToReference-SequenceTransformStatus = OK
Seq_Frame0111_Timestamp = 12.477
Seq_Frame0112_DriverToReference-SequenceTransform =0.742475 -0.592816 0.311928 -14.2762 0.375372 0.753871 0.539235 547.448 -0.554821 -0.283279 0.782257 -29.7338 0 0 0 1 
Seq_Frame0112_DriverToReference-SequenceTransformStatus = OK
Seq_Frame0112_Timestamp = 12.586
Seq_Frame0113_DriverToReference-SequenceTransform =0.742475 -0.592816 0.311928 -14.2762 0.375372 0.753871 0.539235 547.448 -0.554821 -0.283279 0.782257 -29.7338 0 0 0 1 
Seq_Frame0113_DriverToReference-SequenceTransformStatus = OK
Seq_Frame0113_Timestamp = 12.694
Seq_Frame0114_DriverToReference-SequenceTransform =0.742475 -0.592816 0.311928 -14.2762 0.375372 0.753871 0.539235 547.448 -0.554821 -0.283279 0.782257 -29.7338 0 0 0 1 
Seq_Frame0114_DriverToReference-SequenceTransformStatus = OK
Seq_Frame0114_Timestamp = 12.797
Seq_Frame0115_DriverToReference-SequenceTransform =0.742475 -0.592816 0.311928 -14.2762 0.375372 0.753871 0.539235 547.448 -0.554821 -0.283279 0.782257 -29.7338 0 0 0 1 
Seq_Frame0115_DriverToReference-SequenceTransformStatus = OK
Seq_Frame0115_Timestamp = 12.907
Seq_Frame0116_DriverToReference-SequenceTransform =0.742475 -0.592816 0.311928 -14.2762 0.375372 0.753871 0.539235 547.448 -0.554821 -0.283279 0.782257 -29.7338 0 0 0 1 
Seq_Frame0116_DriverToReference-SequenceTransformStatus = OK
Seq_Frame0116_Timestamp = 13.013
Seq_Frame0117_DriverToReference-SequenceTransform =0.742475 -0.592816 0.311928 -14.2762 0.375372 0.753871 0.539235 547.448 -0.554821 -0.283279 0.782257 -29.7338 0 0 0 1 
Seq_Frame0117_DriverToReference-SequenceTransformStatus = OK
Seq_Frame0117_Timestamp = 13.119
Seq_Frame0118_DriverToReference-SequenceTransform =0.742475 -0.592816 0.311928 -14.2762 0.375372 0.753871 0.539235 547.448 -0.554821 -0.283279 0.782257 -29.7338 0 0 0 1 
Seq_Frame0118_DriverToReference-SequenceTransformStatus = OK
Seq_Frame0118_Timestamp = 13.232
Seq_Frame0119_DriverToReference-SequenceTransform =0.742475 -0.592816 0.311928 -14.2762 0.375372 0.753871 0.539235 547.448 -0.554821 -0.283279 0.782257 -29.7338 0 0 0 1 
Seq_Frame0119_DriverToReference-SequenceTransformStatus = OK
Seq_Frame0119_Timestamp = 13.334
Seq_Frame0120_DriverToReference-SequenceTransform =0.742475 -0.592816 0.311928 -14.2762 0.375372 0.753871 0.539235 547.448 -0.554821 -0.283279 0.782257 -29.7338 0 0 0 1 
Seq_Frame0120_DriverToReference-SequenceTransformStatus = OK
Seq_Frame0120_Timestamp = 13.437
Seq_Frame0121_DriverToReference-SequenceTransform =0.742475 -0.592816 0.311928 -14.2762 0.375372 0.753871 0.539235 547.448 -0.554821 -0.283279 0.782257 -29.7338 0 0 0 1 
Seq_Frame0121_DriverToReference-SequenceTransformStatus = OK
Seq_Frame0121_Timestamp = 13.542
Seq_Frame0122_DriverToReference-SequenceTransform =0.742475 -0.592816 0.311928 -14.2762 0.375372 0.753871 0.539235 547.448 -0.554821 -0.283279 0.782257 -29.7338 0 0 0 1 
Seq_Frame0122_DriverToReference-SequenceTransformStatus = OK
Seq_Frame0122_Timestamp = 13.648
Seq_Frame0123_DriverToReference-SequenceTransform =0.742475 -0.592816 0.311928 -14.2762 0.375372 0.753871 0.539235 547.448 -0.554821 -0.283279 0.782257 -29.7338 0 0 0 1 
Seq_Frame0123_DriverToReference-SequenceTransformStatus = OK
Seq_Frame0123_Timestamp = 13.761
Seq_Frame0124_DriverToReference-SequenceTransform =0.742475 -0.592816 0.311928 -14.2762 0.375372 0.753871 0.539235 547.448 -0.554821 -0.283279 0.782257 -29.7338 0 0 0 1 
Seq_Frame0124_DriverToReference-SequenceTransformStatus = OK
Seq_Frame0124_Timestamp = 13.861
Seq_Frame0125_DriverToReference-SequenceTransform =0.742475 -0.592816 0.311928 -14.2762 0.375372 0.753871 0.539235 547.448 -0.554821 -0.283279 0.782257 -29.7338 0 0 0 1 
Seq_Frame0125_DriverToReference-SequenceTransformStatus = OK
Seq_Frame0125_Timestamp = 13.972
Seq_Frame0126_DriverToReference-SequenceTransform =0.742475 -0.592816 0.311928 -14.2762 0.375372 0.753871 0.539235 547.448 -0.554821 -0.283279 0.782257 -29.7338 0 0 0 1 
Seq_Frame0126_DriverToReference-SequenceTransformStatus = OK
Seq_Frame0126_Timestamp = 14.078
Seq_Frame0127_DriverToReference-SequenceTransform =0.742475 -0.592816 0.311928 -14.2762 0.375372 0.753871 0.539235 547.448 -0.554821 -0.283279 0.782257 -29.7338 0 0 0 1 
Seq_Frame0127_DriverToReference-SequenceTransformStatus = OK
Seq_Frame0127_Timestamp = 14.182
Seq_Frame0128_DriverToReference-SequenceTransform =0.742475 -0.592816 0.311928 -14.2762 0.375372 0.753871 0.539235 547.448 -0.554821 -0.283279 0.782257 -29.7338 0 0 0 1 
Seq_Frame0128_DriverToReference-SequenceTransformStatus = OK
Seq_Frame0128_Timestamp = 14.288
Seq_Frame0129_DriverToReference-SequenceTransform =0.742475 -0.592816 0.311928 -14.2762 0.375372 0.753871 0.539235 547.448 -0.554821 -0.283279 0.782257 -29.7338 0 0 0 1 
Seq_Frame0129_DriverToReference-SequenceTransformStatus = OK
Seq_Frame0129_Timestamp = 14.393
Seq_Frame0130_DriverToReference-SequenceTransform =0.742475 -0.592816 0.311928 -14.2762 0.375372 0.753871 0.539235 547.448 -0.554821 -0.283279 0.782257 -29.7338 0 0 0 1 
Seq_Frame0130_DriverToReference-SequenceTransformStatus = OK
Seq_Frame0130_Timestamp = 14.504
Seq_Frame0131_DriverToReference-SequenceTransform =0.742475 -0.592816 0.311928 -14.2762 0.375372 0.753871 0.539235 547.448 -0.554821 -0.283279 0.782257 -29.7338 0 0 0 1 
Seq_Frame0131_DriverToReference-SequenceTransformStatus = OK
Seq_Frame0131_Timestamp = 14.608
Seq_Frame0132_DriverToReference-SequenceTransform =0.742475 -0.592816 0.311928 -14.2762 0.375372 0.753871 0.539235 547.448 -0.554821 -0.283279 0.782257 -29.7338 0 0 0 1 
Seq_Frame0132_DriverToReference-SequenceTransformStatus = OK
Seq_Frame0132_Timestamp = 14.712
Seq_Frame0133_DriverToReference-SequenceTransform =0.742475 -0.592816 0.311928 -14.2762 0.375372 0.753871 0.539235 547.448 -0.554821 -0.283279 0.782257 -29.7338 0 0 0 1 
Seq_Frame0133_DriverToReference-SequenceTransformStatus = OK
Seq_Frame0133_Timestamp = 14.818
Seq_Frame0134_DriverToReference-SequenceTransform =0.742475 -0.592816 0.311928 -14.2762 0.375372 0.753871 0.539235 547.448 -0.554821 -0.283279 0.782257 -29.7338 0 0 0 1 
Seq_Frame0134_DriverToReference-SequenceTransformStatus = OK
Seq_Frame0134_Timestamp = 14.927
Seq_Frame0135_DriverToReference-SequenceTransform =-0.0223116 0.571764 -0.820115 189.998 -0.481756 -0.724945 -0.492307 440.895 -0.876021 0.384111 0.291626 137.387 0 0 0 1 
Seq_Frame0135_DriverToReference-SequenceTransformStatus = OK
Seq_Frame0135_Timestamp = 15.038
Seq_Frame0136_DriverToReference-SequenceTransform =-0.104368 0.55675 -0.824098 157.802 -0.552344 -0.72153 -0.417505 402.782 -0.827057 0.411611 0.382823 149.896 0 0 0 1 
Seq_Frame0136_DriverToReference-SequenceTransformStatus = OK
Seq_Frame0136_Timestamp = 15.138
Seq_Frame0137_DriverToReference-SequenceTransform =-0.165923 0.546149 -0.821091 116.604 -0.658787 -0.680966 -0.31982 353.483 -0.733804 0.487859 0.472784 166.946 0 0 0 1 
Seq_Frame0137_DriverToReference-SequenceTransformStatus = OK
Seq_Frame0137_Timestamp = 15.244
Seq_Frame0138_DriverToReference-SequenceTransform =-0.286682 0.573348 -0.767519 85.5401 -0.743078 -0.638745 -0.199599 313.622 -0.604689 0.513106 0.609159 180.161 0 0 0 1 
Seq_Frame0138_DriverToReference-SequenceTransformStatus = OK
Seq_Frame0138_Timestamp = 15.349
Seq_Frame0139_DriverToReference-SequenceTransform =-0.340651 0.557281 -0.757228 73.2616 -0.775793 -0.621596 -0.10846 283.057 -0.531132 0.550506 0.644082 186.869 0 0 0 1 
Seq_Frame0139_DriverToReference-SequenceTransformStatus = OK
Seq_Frame0139_Timestamp = 15.457
Seq_Frame0140_DriverToReference-SequenceTransform =-0.369527 0.604743 -0.705504 61.2448 -0.800759 -0.592428 -0.088396 261.533 -0.471417 0.532274 0.703172 190.612 0 0 0 1 
Seq_Frame0140_DriverToReference-SequenceTransformStatus = OK
Seq_Frame0140_Timestamp = 15.564
Seq_Frame0141_DriverToReference-SequenceTransform =-0.360191 0.673688 -0.645296 50.7003 -0.840743 -0.534171 -0.0883882 243.355 -0.404245 0.510692 0.758802 193.567 0 0 0 1 
Seq_Frame0141_DriverToReference-SequenceTransformStatus = OK
Seq_Frame0141_Timestamp = 15.667
Seq_Frame0142_DriverToReference-SequenceTransform =0.792885 -0.609096 -0.0183167 44.347 0.179983 0.205362 0.961994 219.377 -0.582185 -0.766048 0.272456 196.172 0 0 0 1 
Seq_Frame0142_DriverToReference-SequenceTransformStatus = OK
Seq_Frame0142_Timestamp = 15.772
Seq_Frame0143_DriverToReference-SequenceTransform =0.745154 -0.642664 -0.178127 41.6039 0.274055 0.0515867 0.960329 202.057 -0.60798 -0.76441 0.214565 194.011 0 0 0 1 
Seq_Frame0143_DriverToReference-SequenceTransformStatus = OK
Seq_Frame0143_Timestamp = 15.877
Seq_Frame0144_DriverToReference-SequenceTransform =0.714936 -0.655362 -0.243653 38.7723 0.307001 -0.0188519 0.951523 193.64 -0.628185 -0.75508 0.187719 193.062 0 0 0 1 
Seq_Frame0144_DriverToReference-SequenceTransformStatus = OK
Seq_Frame0144_Timestamp = 15.982
Seq_Frame0145_DriverToReference-SequenceTransform =0.714936 -0.655362 -0.243653 38.7723 0.307001 -0.0188519 0.951523 193.64 -0.628185 -0.75508 0.187719 193.062 0 0 0 1 
Seq_Frame0145_DriverToReference-SequenceTransformStatus = OK
Seq_Frame0145_Timestamp = 16.093
Seq_Frame0146_DriverToReference-SequenceTransform =0.714936 -0.655362 -0.243653 38.7723 0.307001 -0.0188519 0.951523 193.64 -0.628185 -0.75508 0.187719 193.062 0 0 0 1 
Seq_Frame0146_DriverToReference-SequenceTransformStatus = OK
Seq_Frame0146_Timestamp = 16.197
Seq_Frame0147_DriverToReference-SequenceTransform =0.714936 -0.655362 -0.243653 38.7723 0.307001 -0.0188519 0.951523 193.64 -0.628185 -0.75508 0.187719 193.062 0 0 0 1 
Seq_Frame0147_DriverToReference-SequenceTransformStatus = OK
Seq_Frame0147_Timestamp = 16.302
Seq_Frame0148_DriverToReference-SequenceTransform =0.714936 -0.655362 -0.243653 38.7723 0.307001 -0.0188519 0.951523 193.64 -0.628185 -0.75508 0.187719 193.062 0 0 0 1 
Seq_Frame0148_DriverToReference-SequenceTransformStatus = OK
Seq_Frame0148_Timestamp = 16.407
Seq_Frame0149_DriverToReference-SequenceTransform =0.714936 -0.655362 -0.243653 38.7723 0.307001 -0.0188519 0.951523 193.64 -0.628185 -0.75508 0.187719 193.062 0 0 0 1 
Seq_Frame0149_DriverToReference-SequenceTransformStatus = OK
Seq_Frame0149_Timestamp = 27.337
Seq_Frame0150_DriverToReference-SequenceTransform =0.714936 -0.655362 -0.243653 38.7723 0.307001 -0.0188519 0.951523 193.64 -0.628185 -0.75508 0.187719 193.062 0 0 0 1 
