ObjectType = Image
NDims = 3
AnatomicalOrientation = RAI
BinaryData = True
CompressedData = False
DimSize = 0 0 2631
ElementSpacing = 1 1 1
Offset = 0 0 0
TransformMatrix = 1 0 0 0 1 0 0 0 1
ElementType = MET_UCHAR
Kinds = domain domain list
Seq_Frame0000_ForcepToReference-SequenceTransform =0.450593 0.888429 0.0875212 76.7607 -0.831161 0.453273 -0.322048 -0.165848 -0.325788 0.0723681 0.942669 0.752427 0 0 0 1 
Seq_Frame0000_ForcepToReference-SequenceTransformStatus = OK
Seq_Frame0000_Timestamp = 0.00300002
Seq_Frame0001_ForcepToReference-SequenceTransform =0.450659 0.88833 0.0881826 76.7487 -0.830244 0.45338 -0.324257 -0.183938 -0.328027 0.0729164 0.94185 0.883079 0 0 0 1 
Seq_Frame0001_ForcepToReference-SequenceTransformStatus = OK
Seq_Frame0001_Timestamp = 0.107
Seq_Frame0002_ForcepToReference-SequenceTransform =0.450379 0.888265 0.0902468 76.771 -0.829836 0.453751 -0.32478 -0.160384 -0.32944 0.0713842 0.941474 0.905167 0 0 0 1 
Seq_Frame0002_ForcepToReference-SequenceTransformStatus = OK
Seq_Frame0002_Timestamp = 0.213
Seq_Frame0003_ForcepToReference-SequenceTransform =0.448404 0.889284 0.0900446 76.821 -0.830468 0.451752 -0.325951 -0.195081 -0.330541 0.0713786 0.941089 0.895627 0 0 0 1 
Seq_Frame0003_ForcepToReference-SequenceTransformStatus = OK
Seq_Frame0003_Timestamp = 0.319
Seq_Frame0004_ForcepToReference-SequenceTransform =0.448269 0.889356 0.0900054 76.8463 -0.831057 0.451723 -0.324485 -0.164497 -0.32924 0.0706571 0.941599 0.901558 0 0 0 1 
Seq_Frame0004_ForcepToReference-SequenceTransformStatus = OK
Seq_Frame0004_Timestamp = 0.432
Seq_Frame0005_ForcepToReference-SequenceTransform =0.4481 0.88948 0.0896199 76.8454 -0.831863 0.451579 -0.322614 -0.149467 -0.327429 0.0700117 0.942279 0.795856 0 0 0 1 
Seq_Frame0005_ForcepToReference-SequenceTransformStatus = OK
Seq_Frame0005_Timestamp = 0.533
Seq_Frame0006_ForcepToReference-SequenceTransform =0.448554 0.889094 0.0911636 76.8634 -0.830936 0.452416 -0.323828 -0.153133 -0.329158 0.0695031 0.941714 0.902767 0 0 0 1 
Seq_Frame0006_ForcepToReference-SequenceTransformStatus = OK
Seq_Frame0006_Timestamp = 0.637
Seq_Frame0007_ForcepToReference-SequenceTransform =0.447856 0.889578 0.0898719 76.8767 -0.831465 0.45133 -0.323987 -0.191288 -0.328773 0.0703738 0.941783 0.899341 0 0 0 1 
Seq_Frame0007_ForcepToReference-SequenceTransformStatus = OK
Seq_Frame0007_Timestamp = 0.742
Seq_Frame0008_ForcepToReference-SequenceTransform =0.448022 0.889473 0.0900708 76.8659 -0.831497 0.451584 -0.32355 -0.17478 -0.328464 0.0700641 0.941914 0.81799 0 0 0 1 
Seq_Frame0008_ForcepToReference-SequenceTransformStatus = OK
Seq_Frame0008_Timestamp = 0.848
Seq_Frame0009_ForcepToReference-SequenceTransform =0.448609 0.889109 0.0907421 76.8803 -0.831395 0.452418 -0.322646 -0.102444 -0.327921 0.0692995 0.94216 0.793731 0 0 0 1 
Seq_Frame0009_ForcepToReference-SequenceTransformStatus = OK
Seq_Frame0009_Timestamp = 0.953
Seq_Frame0010_ForcepToReference-SequenceTransform =0.448495 0.889244 0.0899865 76.8735 -0.831335 0.452012 -0.32337 -0.159627 -0.32823 0.0702212 0.941984 0.819124 0 0 0 1 
Seq_Frame0010_ForcepToReference-SequenceTransformStatus = OK
Seq_Frame0010_Timestamp = 1.062
Seq_Frame0011_ForcepToReference-SequenceTransform =0.44781 0.889618 0.0896988 76.8562 -0.831448 0.451216 -0.324189 -0.169039 -0.328878 0.0705953 0.94173 0.764888 0 0 0 1 
Seq_Frame0011_ForcepToReference-SequenceTransformStatus = OK
Seq_Frame0011_Timestamp = 1.175
Seq_Frame0012_ForcepToReference-SequenceTransform =0.448123 0.889429 0.0900095 76.8696 -0.831589 0.451686 -0.323171 -0.141161 -0.328094 0.0699697 0.94205 0.76872 0 0 0 1 
Seq_Frame0012_ForcepToReference-SequenceTransformStatus = OK
Seq_Frame0012_Timestamp = 1.276
Seq_Frame0013_ForcepToReference-SequenceTransform =0.448746 0.889088 0.0902708 76.8672 -0.831414 0.452394 -0.322629 -0.133485 -0.327684 0.0697263 0.942211 0.81751 0 0 0 1 
Seq_Frame0013_ForcepToReference-SequenceTransformStatus = OK
Seq_Frame0013_Timestamp = 1.382
Seq_Frame0014_ForcepToReference-SequenceTransform =0.448889 0.888876 0.0916434 76.8643 -0.83094 0.452941 -0.323083 -0.104263 -0.32869 0.0688782 0.941923 0.756226 0 0 0 1 
Seq_Frame0014_ForcepToReference-SequenceTransformStatus = OK
Seq_Frame0014_Timestamp = 1.489
Seq_Frame0015_ForcepToReference-SequenceTransform =0.448163 0.88943 0.0897963 76.8604 -0.831975 0.451732 -0.322112 -0.122114 -0.32706 0.0696504 0.942433 0.752195 0 0 0 1 
Seq_Frame0015_ForcepToReference-SequenceTransformStatus = OK
Seq_Frame0015_Timestamp = 1.597
Seq_Frame0016_ForcepToReference-SequenceTransform =0.447975 0.88943 0.0907381 76.8756 -0.830556 0.451577 -0.325969 -0.198384 -0.330901 0.0706627 0.941016 0.917396 0 0 0 1 
Seq_Frame0016_ForcepToReference-SequenceTransformStatus = OK
Seq_Frame0016_Timestamp = 1.702
Seq_Frame0017_ForcepToReference-SequenceTransform =0.448355 0.889175 0.0913568 76.8583 -0.831133 0.452321 -0.323456 -0.133733 -0.328932 0.0690937 0.941823 0.828546 0 0 0 1 
Seq_Frame0017_ForcepToReference-SequenceTransformStatus = OK
Seq_Frame0017_Timestamp = 1.807
Seq_Frame0018_ForcepToReference-SequenceTransform =0.448035 0.889397 0.0907604 76.8579 -0.831345 0.451815 -0.323617 -0.140125 -0.328831 0.0695385 0.941825 0.850485 0 0 0 1 
Seq_Frame0018_ForcepToReference-SequenceTransformStatus = OK
Seq_Frame0018_Timestamp = 1.915
Seq_Frame0019_ForcepToReference-SequenceTransform =0.447286 0.889873 0.0897846 76.8653 -0.831259 0.45066 -0.325444 -0.191472 -0.330066 0.0709321 0.941289 0.851355 0 0 0 1 
Seq_Frame0019_ForcepToReference-SequenceTransformStatus = OK
Seq_Frame0019_Timestamp = 2.018
Seq_Frame0020_ForcepToReference-SequenceTransform =0.447731 0.889632 0.0899568 76.8599 -0.831419 0.451222 -0.324254 -0.17846 -0.329057 0.0703869 0.941683 0.887731 0 0 0 1 
Seq_Frame0020_ForcepToReference-SequenceTransformStatus = OK
Seq_Frame0020_Timestamp = 2.125
Seq_Frame0021_ForcepToReference-SequenceTransform =0.448185 0.889311 0.0908649 76.8632 -0.831524 0.452047 -0.322831 -0.1275 -0.328173 0.0691318 0.942085 0.829809 0 0 0 1 
Seq_Frame0021_ForcepToReference-SequenceTransformStatus = OK
Seq_Frame0021_Timestamp = 2.229
Seq_Frame0022_ForcepToReference-SequenceTransform =0.448428 0.889211 0.090638 76.8671 -0.831322 0.452176 -0.323172 -0.126553 -0.328353 0.0695702 0.94199 0.812146 0 0 0 1 
Seq_Frame0022_ForcepToReference-SequenceTransformStatus = OK
Seq_Frame0022_Timestamp = 2.339
Seq_Frame0023_ForcepToReference-SequenceTransform =0.448367 0.889257 0.0904954 76.8706 -0.831478 0.452093 -0.322887 -0.104534 -0.328042 0.0695272 0.942101 0.782121 0 0 0 1 
Seq_Frame0023_ForcepToReference-SequenceTransformStatus = OK
Seq_Frame0023_Timestamp = 2.454
Seq_Frame0024_ForcepToReference-SequenceTransform =0.447869 0.88961 0.0894792 76.8537 -0.832049 0.451327 -0.322489 -0.11792 -0.327274 0.0699816 0.942335 0.713798 0 0 0 1 
Seq_Frame0024_ForcepToReference-SequenceTransformStatus = OK
Seq_Frame0024_Timestamp = 2.555
Seq_Frame0025_ForcepToReference-SequenceTransform =0.448557 0.889182 0.0902897 76.8634 -0.831714 0.452267 -0.322035 -0.0997743 -0.327182 0.0693558 0.942413 0.731005 0 0 0 1 
Seq_Frame0025_ForcepToReference-SequenceTransformStatus = OK
Seq_Frame0025_Timestamp = 2.656
Seq_Frame0026_ForcepToReference-SequenceTransform =0.447981 0.889533 0.0896853 76.8642 -0.832233 0.451558 -0.32169 -0.108765 -0.326652 0.0694721 0.942588 0.731917 0 0 0 1 
Seq_Frame0026_ForcepToReference-SequenceTransformStatus = OK
Seq_Frame0026_Timestamp = 2.757
Seq_Frame0027_ForcepToReference-SequenceTransform =0.447992 0.889551 0.0894512 76.8637 -0.83226 0.451491 -0.321713 -0.119467 -0.326567 0.0696783 0.942602 0.767811 0 0 0 1 
Seq_Frame0027_ForcepToReference-SequenceTransformStatus = OK
Seq_Frame0027_Timestamp = 2.868
Seq_Frame0028_ForcepToReference-SequenceTransform =0.448406 0.889296 0.0899114 76.8601 -0.831473 0.451921 -0.323141 -0.150785 -0.328001 0.0701394 0.94207 0.81805 0 0 0 1 
Seq_Frame0028_ForcepToReference-SequenceTransformStatus = OK
Seq_Frame0028_Timestamp = 2.973
Seq_Frame0029_ForcepToReference-SequenceTransform =0.448645 0.889118 0.0904762 76.8644 -0.831591 0.4524 -0.322166 -0.0874858 -0.327375 0.0692991 0.94235 0.776484 0 0 0 1 
Seq_Frame0029_ForcepToReference-SequenceTransformStatus = OK
Seq_Frame0029_Timestamp = 3.078
Seq_Frame0030_ForcepToReference-SequenceTransform =0.448252 0.889384 0.0898151 76.8534 -0.831981 0.451834 -0.321954 -0.0936727 -0.326922 0.0695924 0.942485 0.726602 0 0 0 1 
Seq_Frame0030_ForcepToReference-SequenceTransformStatus = OK
Seq_Frame0030_Timestamp = 3.182
Seq_Frame0031_ForcepToReference-SequenceTransform =0.448329 0.889233 0.090912 76.8652 -0.831556 0.452222 -0.322505 -0.0881865 -0.327895 0.0689903 0.942192 0.765259 0 0 0 1 
Seq_Frame0031_ForcepToReference-SequenceTransformStatus = OK
Seq_Frame0031_Timestamp = 3.295
Seq_Frame0032_ForcepToReference-SequenceTransform =0.448698 0.889073 0.0906635 76.8596 -0.831438 0.452491 -0.322432 -0.10058 -0.32769 0.0692937 0.942241 0.774161 0 0 0 1 
Seq_Frame0032_ForcepToReference-SequenceTransformStatus = OK
Seq_Frame0032_Timestamp = 3.419
Seq_Frame0033_ForcepToReference-SequenceTransform =0.448187 0.889421 0.0897702 76.857 -0.832011 0.451756 -0.321984 -0.0754571 -0.326934 0.0696196 0.942479 0.731145 0 0 0 1 
Seq_Frame0033_ForcepToReference-SequenceTransformStatus = OK
Seq_Frame0033_Timestamp = 3.524
Seq_Frame0034_ForcepToReference-SequenceTransform =0.448219 0.889387 0.0899472 76.8501 -0.831371 0.451717 -0.323689 -0.143059 -0.328516 0.0703043 0.941878 0.781378 0 0 0 1 
Seq_Frame0034_ForcepToReference-SequenceTransformStatus = OK
Seq_Frame0034_Timestamp = 3.624
Seq_Frame0035_ForcepToReference-SequenceTransform =0.448138 0.88944 0.0898296 76.8702 -0.831633 0.451646 -0.323114 -0.154675 -0.327961 0.0700943 0.942087 0.841575 0 0 0 1 
Seq_Frame0035_ForcepToReference-SequenceTransformStatus = OK
Seq_Frame0035_Timestamp = 3.729
Seq_Frame0036_ForcepToReference-SequenceTransform =0.44816 0.889262 0.0914594 76.8774 -0.83048 0.452018 -0.32555 -0.169452 -0.330841 0.0699435 0.941091 0.88861 0 0 0 1 
Seq_Frame0036_ForcepToReference-SequenceTransformStatus = OK
Seq_Frame0036_Timestamp = 3.84
Seq_Frame0037_ForcepToReference-SequenceTransform =0.448079 0.889481 0.0897154 76.8704 -0.831114 0.451431 -0.324746 -0.189326 -0.329356 0.0709482 0.941536 0.920339 0 0 0 1 
Seq_Frame0037_ForcepToReference-SequenceTransformStatus = OK
Seq_Frame0037_Timestamp = 3.943
Seq_Frame0038_ForcepToReference-SequenceTransform =0.447735 0.889651 0.089744 76.8605 -0.831489 0.451163 -0.324156 -0.152067 -0.328875 0.0705149 0.941737 0.810339 0 0 0 1 
Seq_Frame0038_ForcepToReference-SequenceTransformStatus = OK
Seq_Frame0038_Timestamp = 4.049
Seq_Frame0039_ForcepToReference-SequenceTransform =0.448037 0.889446 0.0902671 76.861 -0.831068 0.451579 -0.324658 -0.160893 -0.329529 0.0704409 0.941514 0.850655 0 0 0 1 
Seq_Frame0039_ForcepToReference-SequenceTransformStatus = OK
Seq_Frame0039_Timestamp = 4.153
Seq_Frame0040_ForcepToReference-SequenceTransform =0.448417 0.88926 0.0902086 76.8581 -0.831483 0.452043 -0.322945 -0.12727 -0.32796 0.0698073 0.942109 0.784419 0 0 0 1 
Seq_Frame0040_ForcepToReference-SequenceTransformStatus = OK
Seq_Frame0040_Timestamp = 4.261
Seq_Frame0041_ForcepToReference-SequenceTransform =0.612147 0.713711 0.340431 73.9795 -0.787861 0.513768 0.339585 13.1183 0.0674633 -0.476088 0.876806 -16.8755 0 0 0 1 
Seq_Frame0041_ForcepToReference-SequenceTransformStatus = OK
Seq_Frame0041_Timestamp = 4.887
Seq_Frame0042_ForcepToReference-SequenceTransform =0.999489 -0.0303684 0.0100033 60.6313 -0.00779254 0.0720635 0.99737 50.7722 -0.0310094 -0.996938 0.07179 -44.4984 0 0 0 1 
Seq_Frame0042_ForcepToReference-SequenceTransformStatus = OK
Seq_Frame0042_Timestamp = 4.995
Seq_Frame0043_ForcepToReference-SequenceTransform =0.818833 -0.253904 -0.514826 38.0318 0.337515 -0.512499 0.789575 89.1751 -0.464323 -0.820291 -0.333954 -62.992 0 0 0 1 
Seq_Frame0043_ForcepToReference-SequenceTransformStatus = OK
Seq_Frame0043_Timestamp = 5.095
Seq_Frame0044_ForcepToReference-SequenceTransform =0.642614 -0.342417 -0.685418 -4.26615 0.423773 -0.58645 0.690284 115.841 -0.638328 -0.734048 -0.231754 -79.9363 0 0 0 1 
Seq_Frame0044_ForcepToReference-SequenceTransformStatus = OK
Seq_Frame0044_Timestamp = 5.204
Seq_Frame0045_ForcepToReference-SequenceTransform =0.438631 -0.477141 -0.761537 -51.8379 0.289311 -0.727319 0.622339 103.005 -0.850824 -0.493298 -0.180983 -80.0492 0 0 0 1 
Seq_Frame0045_ForcepToReference-SequenceTransformStatus = OK
Seq_Frame0045_Timestamp = 5.308
Seq_Frame0046_ForcepToReference-SequenceTransform =0.133194 -0.573712 -0.808155 -103.621 0.405047 -0.712702 0.572706 104.165 -0.904542 -0.403622 0.137453 -83.0993 0 0 0 1 
Seq_Frame0046_ForcepToReference-SequenceTransformStatus = OK
Seq_Frame0046_Timestamp = 5.415
Seq_Frame0047_ForcepToReference-SequenceTransform =-0.00827756 -0.591037 -0.806602 -134.509 0.521791 -0.690658 0.500725 102.744 -0.853033 -0.416733 0.314115 -81.6826 0 0 0 1 
Seq_Frame0047_ForcepToReference-SequenceTransformStatus = OK
Seq_Frame0047_Timestamp = 5.531
Seq_Frame0048_ForcepToReference-SequenceTransform =0.139647 -0.733559 -0.665124 -148.543 0.618613 -0.459862 0.63706 93.3641 -0.773186 -0.500418 0.38957 -70.9035 0 0 0 1 
Seq_Frame0048_ForcepToReference-SequenceTransformStatus = OK
Seq_Frame0048_Timestamp = 5.638
Seq_Frame0049_ForcepToReference-SequenceTransform =0.313185 -0.799563 -0.51246 -149.744 0.482384 -0.330883 0.811063 75.2757 -0.818059 -0.501215 0.282069 -67.7593 0 0 0 1 
Seq_Frame0049_ForcepToReference-SequenceTransformStatus = OK
Seq_Frame0049_Timestamp = 5.744
Seq_Frame0050_ForcepToReference-SequenceTransform =0.116874 -0.75466 -0.645623 -158.995 0.743993 -0.364099 0.560273 95.0289 -0.657886 -0.54582 0.518908 -66.8467 0 0 0 1 
Seq_Frame0050_ForcepToReference-SequenceTransformStatus = OK
Seq_Frame0050_Timestamp = 5.846
Seq_Frame0051_ForcepToReference-SequenceTransform =0.140681 -0.74389 -0.653327 -157.906 0.866564 -0.226628 0.444641 102.873 -0.478826 -0.628703 0.612746 -61.0064 0 0 0 1 
Seq_Frame0051_ForcepToReference-SequenceTransformStatus = OK
Seq_Frame0051_Timestamp = 5.959
Seq_Frame0052_ForcepToReference-SequenceTransform =0.0639363 -0.707169 -0.704148 -155.251 0.886624 -0.283607 0.365329 98.7866 -0.45805 -0.647672 0.60886 -59.4843 0 0 0 1 
Seq_Frame0052_ForcepToReference-SequenceTransformStatus = OK
Seq_Frame0052_Timestamp = 6.078
Seq_Frame0053_ForcepToReference-SequenceTransform =-0.0710022 -0.787688 -0.611969 -166.379 0.977301 -0.177705 0.115342 115.34 -0.199604 -0.589888 0.782426 -46.5139 0 0 0 1 
Seq_Frame0053_ForcepToReference-SequenceTransformStatus = OK
Seq_Frame0053_Timestamp = 6.188
Seq_Frame0054_ForcepToReference-SequenceTransform =-0.187049 -0.812818 -0.55167 -175.625 0.964728 -0.257886 0.0528636 111.321 -0.185236 -0.522323 0.832386 -37.0068 0 0 0 1 
Seq_Frame0054_ForcepToReference-SequenceTransformStatus = OK
Seq_Frame0054_Timestamp = 6.315
Seq_Frame0055_ForcepToReference-SequenceTransform =-0.188476 -0.751239 -0.632547 -171.734 0.972113 -0.234232 -0.0114712 113.974 -0.139545 -0.61707 0.774437 -35.6477 0 0 0 1 
Seq_Frame0055_ForcepToReference-SequenceTransformStatus = OK
Seq_Frame0055_Timestamp = 6.429
Seq_Frame0056_ForcepToReference-SequenceTransform =-0.188706 -0.699851 -0.688911 -166.464 0.977309 -0.202569 -0.0619186 116.791 -0.0962179 -0.684963 0.722197 -33.8117 0 0 0 1 
Seq_Frame0056_ForcepToReference-SequenceTransformStatus = OK
Seq_Frame0056_Timestamp = 6.541
Seq_Frame0057_ForcepToReference-SequenceTransform =-0.211139 -0.627902 -0.749106 -158.985 0.971447 -0.219651 -0.0896958 115.103 -0.108221 -0.746654 0.65635 -35.9578 0 0 0 1 
Seq_Frame0057_ForcepToReference-SequenceTransformStatus = OK
Seq_Frame0057_Timestamp = 6.672
Seq_Frame0058_ForcepToReference-SequenceTransform =-0.246618 -0.586309 -0.771636 -158.274 0.963253 -0.235729 -0.128747 113.45 -0.106411 -0.775032 0.622898 -35.7784 0 0 0 1 
Seq_Frame0058_ForcepToReference-SequenceTransformStatus = OK
Seq_Frame0058_Timestamp = 6.772
Seq_Frame0059_ForcepToReference-SequenceTransform =-0.214588 -0.546595 -0.809436 -153.107 0.968117 -0.228692 -0.102225 111.659 -0.129236 -0.805565 0.578242 -36.8664 0 0 0 1 
Seq_Frame0059_ForcepToReference-SequenceTransformStatus = OK
Seq_Frame0059_Timestamp = 6.877
Seq_Frame0060_ForcepToReference-SequenceTransform =-0.261384 -0.477938 -0.838602 -151.715 0.957017 -0.24145 -0.160686 111.166 -0.125683 -0.844558 0.520506 -37.378 0 0 0 1 
Seq_Frame0060_ForcepToReference-SequenceTransformStatus = OK
Seq_Frame0060_Timestamp = 6.987
Seq_Frame0061_ForcepToReference-SequenceTransform =-0.278551 -0.431006 -0.858279 -149.34 0.947313 -0.270443 -0.171636 110.325 -0.15814 -0.860868 0.48363 -38.1778 0 0 0 1 
Seq_Frame0061_ForcepToReference-SequenceTransformStatus = OK
Seq_Frame0061_Timestamp = 7.095
Seq_Frame0062_ForcepToReference-SequenceTransform =-0.250538 -0.43938 -0.862657 -145.873 0.959472 -0.231443 -0.160774 115.237 -0.129015 -0.867974 0.479557 -34.7782 0 0 0 1 
Seq_Frame0062_ForcepToReference-SequenceTransformStatus = OK
Seq_Frame0062_Timestamp = 7.204
Seq_Frame0063_ForcepToReference-SequenceTransform =-0.17531 -0.479378 -0.85992 -135.709 0.968705 -0.239886 -0.0637589 113.969 -0.175719 -0.844186 0.506431 -37.9134 0 0 0 1 
Seq_Frame0063_ForcepToReference-SequenceTransformStatus = OK
Seq_Frame0063_Timestamp = 7.305
Seq_Frame0064_ForcepToReference-SequenceTransform =-0.114254 -0.410757 -0.904558 -130.742 0.975805 -0.217253 -0.0245994 113.134 -0.186414 -0.885483 0.425641 -37.1066 0 0 0 1 
Seq_Frame0064_ForcepToReference-SequenceTransformStatus = OK
Seq_Frame0064_Timestamp = 7.422
Seq_Frame0065_ForcepToReference-SequenceTransform =-0.105997 -0.401512 -0.909699 -128.322 0.977119 -0.211711 -0.0204108 117.504 -0.184398 -0.891048 0.414766 -34.4173 0 0 0 1 
Seq_Frame0065_ForcepToReference-SequenceTransformStatus = OK
Seq_Frame0065_Timestamp = 7.534
Seq_Frame0066_ForcepToReference-SequenceTransform =-0.162478 -0.393456 -0.904872 -129.473 0.959744 -0.275957 -0.0523398 122.036 -0.229112 -0.876949 0.422454 -38.3894 0 0 0 1 
Seq_Frame0066_ForcepToReference-SequenceTransformStatus = OK
Seq_Frame0066_Timestamp = 7.638
Seq_Frame0067_ForcepToReference-SequenceTransform =-0.280809 -0.474691 -0.834155 -133.979 0.916895 -0.389534 -0.0869915 128.597 -0.283637 -0.78926 0.544627 -49.3108 0 0 0 1 
Seq_Frame0067_ForcepToReference-SequenceTransformStatus = OK
Seq_Frame0067_Timestamp = 7.743
Seq_Frame0068_ForcepToReference-SequenceTransform =-0.395261 -0.440817 -0.805884 -139.702 0.851565 -0.504777 -0.141554 134.794 -0.344393 -0.742213 0.574903 -58.1986 0 0 0 1 
Seq_Frame0068_ForcepToReference-SequenceTransformStatus = OK
Seq_Frame0068_Timestamp = 7.847
Seq_Frame0069_ForcepToReference-SequenceTransform =-0.548445 -0.308885 -0.777044 -140.817 0.671819 -0.716056 -0.189535 126.104 -0.497862 -0.625983 0.600232 -66.4217 0 0 0 1 
Seq_Frame0069_ForcepToReference-SequenceTransformStatus = OK
Seq_Frame0069_Timestamp = 7.953
Seq_Frame0070_ForcepToReference-SequenceTransform =-0.644746 -0.160218 -0.747418 -130.792 0.508373 -0.820074 -0.262745 123.917 -0.570841 -0.549371 0.61019 -67.6784 0 0 0 1 
Seq_Frame0070_ForcepToReference-SequenceTransformStatus = OK
Seq_Frame0070_Timestamp = 8.062
Seq_Frame0071_ForcepToReference-SequenceTransform =-0.698211 0.0173944 -0.715681 -111.19 0.340604 -0.871236 -0.353465 133.64 -0.629675 -0.490556 0.602382 -66.2317 0 0 0 1 
Seq_Frame0071_ForcepToReference-SequenceTransformStatus = OK
Seq_Frame0071_Timestamp = 8.182
Seq_Frame0072_ForcepToReference-SequenceTransform =-0.706331 0.162591 -0.688956 -89.2453 0.188558 -0.894887 -0.404503 141.923 -0.682307 -0.415621 0.601429 -65.5572 0 0 0 1 
Seq_Frame0072_ForcepToReference-SequenceTransformStatus = OK
Seq_Frame0072_Timestamp = 8.287
Seq_Frame0073_ForcepToReference-SequenceTransform =-0.688211 0.297677 -0.661629 -66.6389 0.0661831 -0.882389 -0.465843 151.746 -0.722485 -0.364387 0.587569 -61.6262 0 0 0 1 
Seq_Frame0073_ForcepToReference-SequenceTransformStatus = OK
Seq_Frame0073_Timestamp = 8.397
Seq_Frame0074_ForcepToReference-SequenceTransform =-0.652819 0.403899 -0.640853 -47.0913 -0.0462483 -0.865668 -0.498478 159.955 -0.756101 -0.295778 0.583804 -54.4413 0 0 0 1 
Seq_Frame0074_ForcepToReference-SequenceTransformStatus = OK
Seq_Frame0074_Timestamp = 8.502
Seq_Frame0075_ForcepToReference-SequenceTransform =-0.604906 0.482102 -0.633772 -26.9755 -0.120411 -0.842126 -0.525666 167.251 -0.787141 -0.241665 0.567457 -47.0406 0 0 0 1 
Seq_Frame0075_ForcepToReference-SequenceTransformStatus = OK
Seq_Frame0075_Timestamp = 8.607
Seq_Frame0076_ForcepToReference-SequenceTransform =-0.601659 0.487554 -0.63269 -25.6607 -0.130767 -0.841534 -0.524137 167.486 -0.787976 -0.232616 0.570073 -46.174 0 0 0 1 
Seq_Frame0076_ForcepToReference-SequenceTransformStatus = OK
Seq_Frame0076_Timestamp = 8.717
Seq_Frame0077_ForcepToReference-SequenceTransform =-0.601659 0.487554 -0.63269 -25.6607 -0.130767 -0.841534 -0.524137 167.486 -0.787976 -0.232616 0.570073 -46.174 0 0 0 1 
Seq_Frame0077_ForcepToReference-SequenceTransformStatus = OK
Seq_Frame0077_Timestamp = 8.822
Seq_Frame0078_ForcepToReference-SequenceTransform =-0.601659 0.487554 -0.63269 -25.6607 -0.130767 -0.841534 -0.524137 167.486 -0.787976 -0.232616 0.570073 -46.174 0 0 0 1 
Seq_Frame0078_ForcepToReference-SequenceTransformStatus = OK
Seq_Frame0078_Timestamp = 8.925
Seq_Frame0079_ForcepToReference-SequenceTransform =-0.535571 0.558428 -0.6335 3.68455 -0.186443 -0.809834 -0.556244 181.034 -0.823652 -0.179796 0.537838 -30.2213 0 0 0 1 
Seq_Frame0079_ForcepToReference-SequenceTransformStatus = OK
Seq_Frame0079_Timestamp = 9.036
Seq_Frame0080_ForcepToReference-SequenceTransform =-0.530578 0.56101 -0.635417 4.64326 -0.180899 -0.807307 -0.561721 180.644 -0.828108 -0.183091 0.529825 -29.318 0 0 0 1 
Seq_Frame0080_ForcepToReference-SequenceTransformStatus = OK
Seq_Frame0080_Timestamp = 9.138
Seq_Frame0081_ForcepToReference-SequenceTransform =-0.531046 0.557964 -0.637704 4.3308 -0.181276 -0.809979 -0.55774 179.325 -0.827725 -0.180585 0.531281 -28.7186 0 0 0 1 
Seq_Frame0081_ForcepToReference-SequenceTransformStatus = OK
Seq_Frame0081_Timestamp = 9.243
Seq_Frame0082_ForcepToReference-SequenceTransform =-0.537597 0.552046 -0.637366 3.57335 -0.174735 -0.812416 -0.55628 178.669 -0.824898 -0.187684 0.533214 -28.8724 0 0 0 1 
Seq_Frame0082_ForcepToReference-SequenceTransformStatus = OK
Seq_Frame0082_Timestamp = 9.352
Seq_Frame0083_ForcepToReference-SequenceTransform =-0.534983 0.547309 -0.643619 2.35974 -0.175856 -0.817255 -0.548789 175.812 -0.826358 -0.180409 0.533465 -29.1348 0 0 0 1 
Seq_Frame0083_ForcepToReference-SequenceTransformStatus = OK
Seq_Frame0083_Timestamp = 9.458
Seq_Frame0084_ForcepToReference-SequenceTransform =-0.534983 0.547309 -0.643619 2.35974 -0.175856 -0.817255 -0.548789 175.812 -0.826358 -0.180409 0.533465 -29.1348 0 0 0 1 
Seq_Frame0084_ForcepToReference-SequenceTransformStatus = OK
Seq_Frame0084_Timestamp = 9.562
Seq_Frame0085_ForcepToReference-SequenceTransform =-0.534983 0.547309 -0.643619 2.35974 -0.175856 -0.817255 -0.548789 175.812 -0.826358 -0.180409 0.533465 -29.1348 0 0 0 1 
Seq_Frame0085_ForcepToReference-SequenceTransformStatus = OK
Seq_Frame0085_Timestamp = 9.667
Seq_Frame0086_ForcepToReference-SequenceTransform =-0.534983 0.547309 -0.643619 2.35974 -0.175856 -0.817255 -0.548789 175.812 -0.826358 -0.180409 0.533465 -29.1348 0 0 0 1 
Seq_Frame0086_ForcepToReference-SequenceTransformStatus = OK
Seq_Frame0086_Timestamp = 9.778
Seq_Frame0087_ForcepToReference-SequenceTransform =-0.534983 0.547309 -0.643619 2.35974 -0.175856 -0.817255 -0.548789 175.812 -0.826358 -0.180409 0.533465 -29.1348 0 0 0 1 
Seq_Frame0087_ForcepToReference-SequenceTransformStatus = OK
Seq_Frame0087_Timestamp = 9.883
Seq_Frame0088_ForcepToReference-SequenceTransform =-0.534983 0.547309 -0.643619 2.35974 -0.175856 -0.817255 -0.548789 175.812 -0.826358 -0.180409 0.533465 -29.1348 0 0 0 1 
Seq_Frame0088_ForcepToReference-SequenceTransformStatus = OK
Seq_Frame0088_Timestamp = 9.995
Seq_Frame0089_ForcepToReference-SequenceTransform =-0.534983 0.547309 -0.643619 2.35974 -0.175856 -0.817255 -0.548789 175.812 -0.826358 -0.180409 0.533465 -29.1348 0 0 0 1 
Seq_Frame0089_ForcepToReference-SequenceTransformStatus = OK
Seq_Frame0089_Timestamp = 10.1
Seq_Frame0090_ForcepToReference-SequenceTransform =-0.534983 0.547309 -0.643619 2.35974 -0.175856 -0.817255 -0.548789 175.812 -0.826358 -0.180409 0.533465 -29.1348 0 0 0 1 
Seq_Frame0090_ForcepToReference-SequenceTransformStatus = OK
Seq_Frame0090_Timestamp = 10.202
Seq_Frame0091_ForcepToReference-SequenceTransform =-0.0720508 -0.167625 0.983214 -74.0354 -0.435534 0.892114 0.120177 206.484 -0.897284 -0.419564 -0.137284 -21.555 0 0 0 1 
Seq_Frame0091_ForcepToReference-SequenceTransformStatus = OK
Seq_Frame0091_Timestamp = 10.308
Seq_Frame0092_ForcepToReference-SequenceTransform =-0.121254 -0.00383301 0.992614 -62.7417 -0.457539 0.88764 -0.0524634 203.69 -0.880883 -0.460521 -0.109383 -9.12603 0 0 0 1 
Seq_Frame0092_ForcepToReference-SequenceTransformStatus = OK
Seq_Frame0092_Timestamp = 10.432
Seq_Frame0093_ForcepToReference-SequenceTransform =-0.0314538 0.0521464 0.998144 -51.6794 -0.435255 0.898262 -0.0606441 194.727 -0.899758 -0.436355 -0.00555674 -2.70013 0 0 0 1 
Seq_Frame0093_ForcepToReference-SequenceTransformStatus = OK
Seq_Frame0093_Timestamp = 10.538
Seq_Frame0094_ForcepToReference-SequenceTransform =-0.0249012 0.0443394 0.998706 -53.3333 -0.511692 0.857664 -0.0508358 183.324 -0.858808 -0.512296 0.00133128 -10.1878 0 0 0 1 
Seq_Frame0094_ForcepToReference-SequenceTransformStatus = OK
Seq_Frame0094_Timestamp = 10.642
Seq_Frame0095_ForcepToReference-SequenceTransform =-0.0021178 0.0312912 0.999508 -53.628 -0.511761 0.858672 -0.0279665 178.208 -0.859125 -0.511569 0.0141951 -11.6422 0 0 0 1 
Seq_Frame0095_ForcepToReference-SequenceTransformStatus = OK
Seq_Frame0095_Timestamp = 10.757
Seq_Frame0096_ForcepToReference-SequenceTransform =0.0280172 0.0232451 0.999337 -52.3579 -0.514935 0.857211 -0.0055026 179.146 -0.856771 -0.51444 0.0359864 -8.20289 0 0 0 1 
Seq_Frame0096_ForcepToReference-SequenceTransformStatus = OK
Seq_Frame0096_Timestamp = 10.858
Seq_Frame0097_ForcepToReference-SequenceTransform =0.0415632 0.0170335 0.998991 -54.4695 -0.520459 0.853857 0.00709496 181.032 -0.852874 -0.520229 0.0443543 -6.95687 0 0 0 1 
Seq_Frame0097_ForcepToReference-SequenceTransformStatus = OK
Seq_Frame0097_Timestamp = 10.962
Seq_Frame0098_ForcepToReference-SequenceTransform =0.0447296 0.0479667 0.997847 -58.8319 -0.525362 0.850702 -0.0173435 180.912 -0.849703 -0.523455 0.0632515 -7.26559 0 0 0 1 
Seq_Frame0098_ForcepToReference-SequenceTransformStatus = OK
Seq_Frame0098_Timestamp = 11.068
Seq_Frame0099_ForcepToReference-SequenceTransform =0.0427277 0.119433 0.991922 -64.1637 -0.554837 0.828494 -0.0758554 175.812 -0.830861 -0.547114 0.101666 -4.39785 0 0 0 1 
Seq_Frame0099_ForcepToReference-SequenceTransformStatus = OK
Seq_Frame0099_Timestamp = 11.178
Seq_Frame0100_ForcepToReference-SequenceTransform =0.0423085 0.196368 0.979617 -66.8416 -0.577396 0.804986 -0.136426 167.831 -0.815367 -0.559855 0.14744 8.52451 0 0 0 1 
Seq_Frame0100_ForcepToReference-SequenceTransformStatus = OK
Seq_Frame0100_Timestamp = 11.293
Seq_Frame0101_ForcepToReference-SequenceTransform =0.0764984 0.286753 0.954945 -55.4599 -0.58148 0.790847 -0.190897 167.435 -0.809956 -0.540678 0.22724 14.9858 0 0 0 1 
Seq_Frame0101_ForcepToReference-SequenceTransformStatus = OK
Seq_Frame0101_Timestamp = 11.402
Seq_Frame0102_ForcepToReference-SequenceTransform =0.152146 0.30745 0.939322 -38.9108 -0.621662 0.768616 -0.150883 167.626 -0.768367 -0.560985 0.308071 32.7253 0 0 0 1 
Seq_Frame0102_ForcepToReference-SequenceTransformStatus = OK
Seq_Frame0102_Timestamp = 11.507
Seq_Frame0103_ForcepToReference-SequenceTransform =0.218962 0.398985 0.89043 -14.317 -0.629215 0.755218 -0.183672 179.112 -0.745751 -0.520055 0.416411 63.2708 0 0 0 1 
Seq_Frame0103_ForcepToReference-SequenceTransformStatus = OK
Seq_Frame0103_Timestamp = 11.612
Seq_Frame0104_ForcepToReference-SequenceTransform =0.256554 0.227281 0.939427 -5.27183 -0.435444 0.89491 -0.0975928 208.288 -0.862884 -0.38403 0.328561 83.011 0 0 0 1 
Seq_Frame0104_ForcepToReference-SequenceTransformStatus = OK
Seq_Frame0104_Timestamp = 11.717
Seq_Frame0105_ForcepToReference-SequenceTransform =0.199711 0.167971 0.96535 1.48777 -0.490027 0.870269 -0.0500501 216.114 -0.848522 -0.463052 0.256113 75.7391 0 0 0 1 
Seq_Frame0105_ForcepToReference-SequenceTransformStatus = OK
Seq_Frame0105_Timestamp = 11.824
Seq_Frame0106_ForcepToReference-SequenceTransform =0.1678 0.116585 0.978903 -1.68537 -0.543871 0.839142 -0.00671178 223.733 -0.822221 -0.531271 0.204215 60.4671 0 0 0 1 
Seq_Frame0106_ForcepToReference-SequenceTransformStatus = OK
Seq_Frame0106_Timestamp = 11.928
Seq_Frame0107_ForcepToReference-SequenceTransform =0.128697 -0.0106549 0.991627 -14.6994 -0.518288 0.851785 0.0764174 237.361 -0.845467 -0.523783 0.104099 42.6804 0 0 0 1 
Seq_Frame0107_ForcepToReference-SequenceTransformStatus = OK
Seq_Frame0107_Timestamp = 12.033
Seq_Frame0108_ForcepToReference-SequenceTransform =0.0748345 -0.111428 0.990951 -35.1744 -0.495271 0.858354 0.13392 251.069 -0.865509 -0.500811 0.00904741 19.5504 0 0 0 1 
Seq_Frame0108_ForcepToReference-SequenceTransformStatus = OK
Seq_Frame0108_Timestamp = 12.143
Seq_Frame0109_ForcepToReference-SequenceTransform =0.0534203 -0.278756 0.958875 -62.9911 -0.419082 0.865329 0.274909 270.907 -0.906375 -0.416533 -0.0705956 0.482733 0 0 0 1 
Seq_Frame0109_ForcepToReference-SequenceTransformStatus = OK
Seq_Frame0109_Timestamp = 12.252
Seq_Frame0110_ForcepToReference-SequenceTransform =-0.85356 -0.220525 -0.472021 -86.9701 0.458491 -0.748223 -0.479529 285.698 -0.247428 -0.625724 0.739762 -18.0833 0 0 0 1 
Seq_Frame0110_ForcepToReference-SequenceTransformStatus = OK
Seq_Frame0110_Timestamp = 12.372
Seq_Frame0111_ForcepToReference-SequenceTransform =-0.878381 -0.270937 -0.393751 -118.221 0.449622 -0.747846 -0.488432 289.013 -0.16213 -0.606068 0.778714 -40.6759 0 0 0 1 
Seq_Frame0111_ForcepToReference-SequenceTransformStatus = OK
Seq_Frame0111_Timestamp = 12.477
Seq_Frame0112_ForcepToReference-SequenceTransform =-0.877871 -0.228385 -0.420931 -129.079 0.41481 -0.801877 -0.43003 290.39 -0.239322 -0.552117 0.798681 -54.0691 0 0 0 1 
Seq_Frame0112_ForcepToReference-SequenceTransformStatus = OK
Seq_Frame0112_Timestamp = 12.586
Seq_Frame0113_ForcepToReference-SequenceTransform =-0.861179 -0.176643 -0.476622 -124.14 0.409303 -0.796984 -0.444171 278.848 -0.3014 -0.577593 0.758646 -41.4139 0 0 0 1 
Seq_Frame0113_ForcepToReference-SequenceTransformStatus = OK
Seq_Frame0113_Timestamp = 12.694
Seq_Frame0114_ForcepToReference-SequenceTransform =-0.830749 -0.186227 -0.524572 -123.806 0.445571 -0.787324 -0.426132 264.039 -0.333651 -0.587742 0.737045 -24.6941 0 0 0 1 
Seq_Frame0114_ForcepToReference-SequenceTransformStatus = OK
Seq_Frame0114_Timestamp = 12.797
Seq_Frame0115_ForcepToReference-SequenceTransform =-0.908597 -0.248638 -0.335604 -138.188 0.410067 -0.683677 -0.603681 265.075 -0.0793469 -0.686123 0.723145 -5.55369 0 0 0 1 
Seq_Frame0115_ForcepToReference-SequenceTransformStatus = OK
Seq_Frame0115_Timestamp = 12.907
Seq_Frame0116_ForcepToReference-SequenceTransform =-0.901994 -0.33929 -0.267 -142.755 0.431498 -0.687382 -0.584221 261.364 0.0146892 -0.642174 0.766418 -1.61479 0 0 0 1 
Seq_Frame0116_ForcepToReference-SequenceTransformStatus = OK
Seq_Frame0116_Timestamp = 13.013
Seq_Frame0117_ForcepToReference-SequenceTransform =-0.901313 -0.369806 -0.225561 -141.779 0.428435 -0.684307 -0.590057 256.669 0.063854 -0.628465 0.775213 1.95833 0 0 0 1 
Seq_Frame0117_ForcepToReference-SequenceTransformStatus = OK
Seq_Frame0117_Timestamp = 13.119
Seq_Frame0118_ForcepToReference-SequenceTransform =-0.907647 -0.350609 -0.23076 -136.438 0.418509 -0.713985 -0.561316 254.716 0.0320429 -0.606052 0.79478 4.02684 0 0 0 1 
Seq_Frame0118_ForcepToReference-SequenceTransformStatus = OK
Seq_Frame0118_Timestamp = 13.232
Seq_Frame0119_ForcepToReference-SequenceTransform =-0.894943 -0.32911 -0.301269 -128.08 0.442863 -0.737405 -0.510006 253.126 -0.0543095 -0.589847 0.805687 3.02753 0 0 0 1 
Seq_Frame0119_ForcepToReference-SequenceTransformStatus = OK
Seq_Frame0119_Timestamp = 13.334
Seq_Frame0120_ForcepToReference-SequenceTransform =-0.892701 -0.328709 -0.308279 -122.903 0.449836 -0.691052 -0.565768 254.201 -0.0270641 -0.643737 0.764768 10.5536 0 0 0 1 
Seq_Frame0120_ForcepToReference-SequenceTransformStatus = OK
Seq_Frame0120_Timestamp = 13.437
Seq_Frame0121_ForcepToReference-SequenceTransform =-0.887863 -0.349145 -0.299662 -118.056 0.460069 -0.68214 -0.56835 255.375 -0.00597462 -0.642482 0.766278 14.3587 0 0 0 1 
Seq_Frame0121_ForcepToReference-SequenceTransformStatus = OK
Seq_Frame0121_Timestamp = 13.542
Seq_Frame0122_ForcepToReference-SequenceTransform =-0.882557 -0.354816 -0.308544 -114.71 0.470063 -0.681919 -0.560382 256.302 -0.0115696 -0.639604 0.768618 17.0867 0 0 0 1 
Seq_Frame0122_ForcepToReference-SequenceTransformStatus = OK
Seq_Frame0122_Timestamp = 13.648
Seq_Frame0123_ForcepToReference-SequenceTransform =-0.794532 -0.278768 -0.539451 -97.9195 0.551781 -0.702321 -0.449759 252.307 -0.253489 -0.655007 0.711835 5.16968 0 0 0 1 
Seq_Frame0123_ForcepToReference-SequenceTransformStatus = OK
Seq_Frame0123_Timestamp = 13.761
Seq_Frame0124_ForcepToReference-SequenceTransform =-0.735177 -0.18915 -0.650951 -84.8714 0.593688 -0.643154 -0.48362 252.206 -0.327185 -0.742008 0.585128 -1.89572 0 0 0 1 
Seq_Frame0124_ForcepToReference-SequenceTransformStatus = OK
Seq_Frame0124_Timestamp = 13.861
Seq_Frame0125_ForcepToReference-SequenceTransform =-0.729231 -0.204976 -0.652846 -83.69 0.614045 -0.617034 -0.492157 251.905 -0.301947 -0.759773 0.575824 -4.47592 0 0 0 1 
Seq_Frame0125_ForcepToReference-SequenceTransformStatus = OK
Seq_Frame0125_Timestamp = 13.972
Seq_Frame0126_ForcepToReference-SequenceTransform =-0.707458 -0.218049 -0.672278 -83.8264 0.648203 -0.579276 -0.494238 255.544 -0.281666 -0.785426 0.551153 -4.66713 0 0 0 1 
Seq_Frame0126_ForcepToReference-SequenceTransformStatus = OK
Seq_Frame0126_Timestamp = 14.078
Seq_Frame0127_ForcepToReference-SequenceTransform =-0.686988 -0.2752 -0.672542 -90.6693 0.687767 -0.545005 -0.479527 257.844 -0.234573 -0.791981 0.563686 -8.16333 0 0 0 1 
Seq_Frame0127_ForcepToReference-SequenceTransformStatus = OK
Seq_Frame0127_Timestamp = 14.182
Seq_Frame0128_ForcepToReference-SequenceTransform =-0.653669 -0.401752 -0.641336 -108.036 0.74146 -0.509646 -0.436461 254.528 -0.151505 -0.760826 0.631023 -21.9051 0 0 0 1 
Seq_Frame0128_ForcepToReference-SequenceTransformStatus = OK
Seq_Frame0128_Timestamp = 14.288
Seq_Frame0129_ForcepToReference-SequenceTransform =-0.600418 -0.49924 -0.624706 -130.057 0.794914 -0.457815 -0.398141 248.76 -0.0872314 -0.735639 0.671734 -33.6387 0 0 0 1 
Seq_Frame0129_ForcepToReference-SequenceTransformStatus = OK
Seq_Frame0129_Timestamp = 14.393
Seq_Frame0130_ForcepToReference-SequenceTransform =-0.578076 -0.54857 -0.604069 -147.826 0.813749 -0.442301 -0.37707 240.53 -0.060331 -0.709536 0.702082 -44.8056 0 0 0 1 
Seq_Frame0130_ForcepToReference-SequenceTransformStatus = OK
Seq_Frame0130_Timestamp = 14.504
Seq_Frame0131_ForcepToReference-SequenceTransform =-0.565238 -0.558451 -0.607156 -160.146 0.821191 -0.450892 -0.349774 236.314 -0.0784299 -0.696297 0.713456 -50.7643 0 0 0 1 
Seq_Frame0131_ForcepToReference-SequenceTransformStatus = OK
Seq_Frame0131_Timestamp = 14.608
Seq_Frame0132_ForcepToReference-SequenceTransform =-0.54123 -0.593621 -0.595553 -170.68 0.840102 -0.412078 -0.352732 233.24 -0.0360253 -0.691235 0.721731 -56.5676 0 0 0 1 
Seq_Frame0132_ForcepToReference-SequenceTransformStatus = OK
Seq_Frame0132_Timestamp = 14.712
Seq_Frame0133_ForcepToReference-SequenceTransform =-0.506663 -0.624171 -0.59473 -180.659 0.861255 -0.397755 -0.316277 229.166 -0.0391461 -0.67246 0.739098 -60.2688 0 0 0 1 
Seq_Frame0133_ForcepToReference-SequenceTransformStatus = OK
Seq_Frame0133_Timestamp = 14.818
Seq_Frame0134_ForcepToReference-SequenceTransform =-0.490279 -0.628587 -0.603743 -186.756 0.87104 -0.377445 -0.314364 225.551 -0.0302741 -0.68001 0.732578 -62.3678 0 0 0 1 
Seq_Frame0134_ForcepToReference-SequenceTransformStatus = OK
Seq_Frame0134_Timestamp = 14.927
Seq_Frame0135_ForcepToReference-SequenceTransform =-0.479703 -0.583461 -0.65533 -178.197 0.873532 -0.387901 -0.294067 222.698 -0.0826264 -0.713517 0.695749 -56.8398 0 0 0 1 
Seq_Frame0135_ForcepToReference-SequenceTransformStatus = OK
Seq_Frame0135_Timestamp = 15.038
Seq_Frame0136_ForcepToReference-SequenceTransform =-0.466292 -0.524498 -0.712372 -160.955 0.87337 -0.401027 -0.276411 215.778 -0.140703 -0.751052 0.645076 -39.3924 0 0 0 1 
Seq_Frame0136_ForcepToReference-SequenceTransformStatus = OK
Seq_Frame0136_Timestamp = 15.138
Seq_Frame0137_ForcepToReference-SequenceTransform =-0.403857 -0.471349 -0.784047 -139.606 0.897324 -0.370925 -0.239215 205.755 -0.178068 -0.800153 0.572754 -22.612 0 0 0 1 
Seq_Frame0137_ForcepToReference-SequenceTransformStatus = OK
Seq_Frame0137_Timestamp = 15.244
Seq_Frame0138_ForcepToReference-SequenceTransform =-0.286559 -0.428547 -0.856873 -117.315 0.921394 -0.368343 -0.123918 199.267 -0.262519 -0.825028 0.500413 -13.6659 0 0 0 1 
Seq_Frame0138_ForcepToReference-SequenceTransformStatus = OK
Seq_Frame0138_Timestamp = 15.349
Seq_Frame0139_ForcepToReference-SequenceTransform =-0.315125 -0.550088 -0.773369 -124.513 0.9154 -0.391245 -0.0947109 204.636 -0.250477 -0.737788 0.626842 -17.6734 0 0 0 1 
Seq_Frame0139_ForcepToReference-SequenceTransformStatus = OK
Seq_Frame0139_Timestamp = 15.457
Seq_Frame0140_ForcepToReference-SequenceTransform =-0.480164 -0.589771 -0.649317 -140.489 0.875159 -0.372294 -0.30902 221.906 -0.0594859 -0.716636 0.694906 -23.7399 0 0 0 1 
Seq_Frame0140_ForcepToReference-SequenceTransformStatus = OK
Seq_Frame0140_Timestamp = 15.564
Seq_Frame0141_ForcepToReference-SequenceTransform =-0.432508 -0.62575 -0.649133 -129.242 0.888393 -0.418676 -0.188329 227.817 -0.153929 -0.658139 0.736993 -28.4655 0 0 0 1 
Seq_Frame0141_ForcepToReference-SequenceTransformStatus = OK
Seq_Frame0141_Timestamp = 15.667
Seq_Frame0142_ForcepToReference-SequenceTransform =-0.423125 -0.694154 -0.582336 -110.45 0.903707 -0.369714 -0.215929 242.47 -0.0654097 -0.617626 0.783747 -20.331 0 0 0 1 
Seq_Frame0142_ForcepToReference-SequenceTransformStatus = OK
Seq_Frame0142_Timestamp = 15.772
Seq_Frame0143_ForcepToReference-SequenceTransform =-0.432179 -0.627566 -0.647598 -80.8524 0.892266 -0.401667 -0.206218 238.986 -0.130703 -0.666952 0.733547 -11.4422 0 0 0 1 
Seq_Frame0143_ForcepToReference-SequenceTransformStatus = OK
Seq_Frame0143_Timestamp = 15.877
Seq_Frame0144_ForcepToReference-SequenceTransform =-0.368438 -0.635732 -0.678305 -42.2717 0.915851 -0.373471 -0.147435 219.294 -0.159598 -0.675547 0.719836 16.6839 0 0 0 1 
Seq_Frame0144_ForcepToReference-SequenceTransformStatus = OK
Seq_Frame0144_Timestamp = 15.982
Seq_Frame0145_ForcepToReference-SequenceTransform =-0.298899 -0.589058 -0.75078 -29.5095 0.910751 -0.411004 -0.0401147 198.462 -0.284944 -0.695763 0.659334 29.8386 0 0 0 1 
Seq_Frame0145_ForcepToReference-SequenceTransformStatus = OK
Seq_Frame0145_Timestamp = 16.093
Seq_Frame0146_ForcepToReference-SequenceTransform =-0.372283 -0.583988 -0.721362 -32.624 0.915596 -0.358336 -0.182428 199.318 -0.151954 -0.728391 0.6681 36.846 0 0 0 1 
Seq_Frame0146_ForcepToReference-SequenceTransformStatus = OK
Seq_Frame0146_Timestamp = 16.197
Seq_Frame0147_ForcepToReference-SequenceTransform =-0.342328 -0.549456 -0.762174 -25.8253 0.917065 -0.371911 -0.143784 203.716 -0.204458 -0.748185 0.631202 26.1275 0 0 0 1 
Seq_Frame0147_ForcepToReference-SequenceTransformStatus = OK
Seq_Frame0147_Timestamp = 16.302
Seq_Frame0148_ForcepToReference-SequenceTransform =0.0660185 0.194982 0.978582 -11.8327 -0.042208 0.98039 -0.192495 212.197 -0.996925 -0.0285957 0.0729537 19.2748 0 0 0 1 
Seq_Frame0148_ForcepToReference-SequenceTransformStatus = OK
Seq_Frame0148_Timestamp = 16.407
