ObjectType = Image
NDims = 3
AnatomicalOrientation = RAI
BinaryData = True
CompressedData = False
DimSize = 0 0 3402
ElementSpacing = 1 1 1
Offset = 0 0 0
TransformMatrix = 1 0 0 0 1 0 0 0 1
ElementType = MET_UCHAR
Kinds = domain domain list
Seq_Frame0000_DriverToReference-SequenceTransform =-0.592481 -0.799685 0.0973145 63.3612 -0.338178 0.356538 0.870928 237.041 -0.731164 0.483099 -0.481678 356.276 0 0 0 1 
Seq_Frame0000_DriverToReference-SequenceTransformStatus = OK
Seq_Frame0000_Timestamp = 0.0079999
Seq_Frame0001_DriverToReference-SequenceTransform =-0.594019 -0.798824 0.0949842 63.5168 -0.339723 0.35613 0.870494 236.855 -0.729198 0.484821 -0.482926 356.334 0 0 0 1 
Seq_Frame0001_DriverToReference-SequenceTransformStatus = OK
Seq_Frame0001_Timestamp = 0.111
Seq_Frame0002_DriverToReference-SequenceTransform =-0.592395 -0.799678 0.0978942 63.5883 -0.337349 0.35656 0.871241 236.811 -0.731617 0.483094 -0.480995 356.438 0 0 0 1 
Seq_Frame0002_DriverToReference-SequenceTransformStatus = OK
Seq_Frame0002_Timestamp = 0.212
Seq_Frame0003_DriverToReference-SequenceTransform =-0.593435 -0.799014 0.0970162 63.4569 -0.338077 0.356831 0.870847 237.172 -0.730437 0.483992 -0.481885 356.239 0 0 0 1 
Seq_Frame0003_DriverToReference-SequenceTransformStatus = OK
Seq_Frame0003_Timestamp = 0.324
Seq_Frame0004_DriverToReference-SequenceTransform =-0.593886 -0.798899 0.0951828 63.3224 -0.340783 0.356955 0.869741 237.292 -0.728811 0.484091 -0.484242 356.099 0 0 0 1 
Seq_Frame0004_DriverToReference-SequenceTransformStatus = OK
Seq_Frame0004_Timestamp = 0.433
Seq_Frame0005_DriverToReference-SequenceTransform =-0.595114 -0.799355 0.0828923 63.2587 -0.346407 0.348225 0.871057 237.236 -0.725149 0.489664 -0.484136 356.233 0 0 0 1 
Seq_Frame0005_DriverToReference-SequenceTransformStatus = OK
Seq_Frame0005_Timestamp = 0.541
Seq_Frame0006_DriverToReference-SequenceTransform =-0.613816 -0.785637 0.077489 63.9211 -0.339316 0.351179 0.872661 237.623 -0.712807 0.50936 -0.482139 355.524 0 0 0 1 
Seq_Frame0006_DriverToReference-SequenceTransformStatus = OK
Seq_Frame0006_Timestamp = 0.642
Seq_Frame0007_DriverToReference-SequenceTransform =-0.705397 -0.700813 0.106187 68.85 -0.29926 0.43026 0.851657 236.73 -0.642541 0.568979 -0.51323 355.309 0 0 0 1 
Seq_Frame0007_DriverToReference-SequenceTransformStatus = OK
Seq_Frame0007_Timestamp = 0.751
Seq_Frame0008_DriverToReference-SequenceTransform =-0.826624 -0.554609 0.0953982 71.1096 -0.226955 0.483669 0.845314 234.896 -0.51496 0.677106 -0.525684 352.671 0 0 0 1 
Seq_Frame0008_DriverToReference-SequenceTransformStatus = OK
Seq_Frame0008_Timestamp = 0.852
Seq_Frame0009_DriverToReference-SequenceTransform =-0.901471 -0.421925 0.0965853 72.0699 -0.149537 0.512991 0.845269 231.08 -0.406187 0.747542 -0.52554 348.454 0 0 0 1 
Seq_Frame0009_DriverToReference-SequenceTransformStatus = OK
Seq_Frame0009_Timestamp = 0.956
Seq_Frame0010_DriverToReference-SequenceTransform =-0.894161 -0.433094 0.113604 72.1396 -0.142603 0.515975 0.844651 231.401 -0.42443 0.739053 -0.523125 348.132 0 0 0 1 
Seq_Frame0010_DriverToReference-SequenceTransformStatus = OK
Seq_Frame0010_Timestamp = 1.057
Seq_Frame0011_DriverToReference-SequenceTransform =-0.870422 -0.481549 0.102355 71.2326 -0.176115 0.498726 0.848679 234.817 -0.459728 0.720682 -0.51891 349.037 0 0 0 1 
Seq_Frame0011_DriverToReference-SequenceTransformStatus = OK
Seq_Frame0011_Timestamp = 1.157
Seq_Frame0012_DriverToReference-SequenceTransform =-0.898579 -0.436938 0.0404983 71.2205 -0.215662 0.520115 0.82642 237.188 -0.382158 0.73387 -0.561596 345.363 0 0 0 1 
Seq_Frame0012_DriverToReference-SequenceTransformStatus = OK
Seq_Frame0012_Timestamp = 1.264
Seq_Frame0013_DriverToReference-SequenceTransform =-0.962747 -0.267631 -0.038632 65.7936 -0.171139 0.49246 0.853343 241.682 -0.209357 0.828165 -0.519916 334.979 0 0 0 1 
Seq_Frame0013_DriverToReference-SequenceTransformStatus = OK
Seq_Frame0013_Timestamp = 1.364
Seq_Frame0014_DriverToReference-SequenceTransform =-0.975257 -0.220914 0.00837458 57.6616 -0.0881398 0.423289 0.901697 253.147 -0.202742 0.878649 -0.432287 322.387 0 0 0 1 
Seq_Frame0014_DriverToReference-SequenceTransformStatus = OK
Seq_Frame0014_Timestamp = 1.466
Seq_Frame0015_DriverToReference-SequenceTransform =0.170776 0.983404 -0.0612583 55.045 -0.311553 -0.00508697 -0.950215 259.372 -0.934757 0.18136 0.305514 315.128 0 0 0 1 
Seq_Frame0015_DriverToReference-SequenceTransformStatus = OK
Seq_Frame0015_Timestamp = 1.571
Seq_Frame0016_DriverToReference-SequenceTransform =0.170776 0.983404 -0.0612583 55.045 -0.311553 -0.00508697 -0.950215 259.372 -0.934757 0.18136 0.305514 315.128 0 0 0 1 
Seq_Frame0016_DriverToReference-SequenceTransformStatus = OK
Seq_Frame0016_Timestamp = 1.672
Seq_Frame0017_DriverToReference-SequenceTransform =0.170776 0.983404 -0.0612583 55.045 -0.311553 -0.00508697 -0.950215 259.372 -0.934757 0.18136 0.305514 315.128 0 0 0 1 
Seq_Frame0017_DriverToReference-SequenceTransformStatus = OK
Seq_Frame0017_Timestamp = 1.781
Seq_Frame0018_DriverToReference-SequenceTransform =0.170776 0.983404 -0.0612583 55.045 -0.311553 -0.00508697 -0.950215 259.372 -0.934757 0.18136 0.305514 315.128 0 0 0 1 
Seq_Frame0018_DriverToReference-SequenceTransformStatus = OK
Seq_Frame0018_Timestamp = 1.883
Seq_Frame0019_DriverToReference-SequenceTransform =0.170776 0.983404 -0.0612583 55.045 -0.311553 -0.00508697 -0.950215 259.372 -0.934757 0.18136 0.305514 315.128 0 0 0 1 
Seq_Frame0019_DriverToReference-SequenceTransformStatus = OK
Seq_Frame0019_Timestamp = 1.993
Seq_Frame0020_DriverToReference-SequenceTransform =0.170776 0.983404 -0.0612583 55.045 -0.311553 -0.00508697 -0.950215 259.372 -0.934757 0.18136 0.305514 315.128 0 0 0 1 
Seq_Frame0020_DriverToReference-SequenceTransformStatus = OK
Seq_Frame0020_Timestamp = 2.101
Seq_Frame0021_DriverToReference-SequenceTransform =0.170776 0.983404 -0.0612583 55.045 -0.311553 -0.00508697 -0.950215 259.372 -0.934757 0.18136 0.305514 315.128 0 0 0 1 
Seq_Frame0021_DriverToReference-SequenceTransformStatus = OK
Seq_Frame0021_Timestamp = 2.207
Seq_Frame0022_DriverToReference-SequenceTransform =0.170776 0.983404 -0.0612583 55.045 -0.311553 -0.00508697 -0.950215 259.372 -0.934757 0.18136 0.305514 315.128 0 0 0 1 
Seq_Frame0022_DriverToReference-SequenceTransformStatus = OK
Seq_Frame0022_Timestamp = 2.316
Seq_Frame0023_DriverToReference-SequenceTransform =0.170776 0.983404 -0.0612583 55.045 -0.311553 -0.00508697 -0.950215 259.372 -0.934757 0.18136 0.305514 315.128 0 0 0 1 
Seq_Frame0023_DriverToReference-SequenceTransformStatus = OK
Seq_Frame0023_Timestamp = 2.426
Seq_Frame0024_DriverToReference-SequenceTransform =0.170776 0.983404 -0.0612583 55.045 -0.311553 -0.00508697 -0.950215 259.372 -0.934757 0.18136 0.305514 315.128 0 0 0 1 
Seq_Frame0024_DriverToReference-SequenceTransformStatus = OK
Seq_Frame0024_Timestamp = 2.531
Seq_Frame0025_DriverToReference-SequenceTransform =0.170776 0.983404 -0.0612583 55.045 -0.311553 -0.00508697 -0.950215 259.372 -0.934757 0.18136 0.305514 315.128 0 0 0 1 
Seq_Frame0025_DriverToReference-SequenceTransformStatus = OK
Seq_Frame0025_Timestamp = 2.631
Seq_Frame0026_DriverToReference-SequenceTransform =0.170776 0.983404 -0.0612583 55.045 -0.311553 -0.00508697 -0.950215 259.372 -0.934757 0.18136 0.305514 315.128 0 0 0 1 
Seq_Frame0026_DriverToReference-SequenceTransformStatus = OK
Seq_Frame0026_Timestamp = 2.906
Seq_Frame0027_DriverToReference-SequenceTransform =0.170776 0.983404 -0.0612583 55.045 -0.311553 -0.00508697 -0.950215 259.372 -0.934757 0.18136 0.305514 315.128 0 0 0 1 
Seq_Frame0027_DriverToReference-SequenceTransformStatus = OK
Seq_Frame0027_Timestamp = 3.006
Seq_Frame0028_DriverToReference-SequenceTransform =0.170776 0.983404 -0.0612583 55.045 -0.311553 -0.00508697 -0.950215 259.372 -0.934757 0.18136 0.305514 315.128 0 0 0 1 
Seq_Frame0028_DriverToReference-SequenceTransformStatus = OK
Seq_Frame0028_Timestamp = 3.107
Seq_Frame0029_DriverToReference-SequenceTransform =-0.489513 0.787872 -0.373678 66.2189 0.355778 0.571696 0.739314 262.472 0.796115 0.228958 -0.560161 186.505 0 0 0 1 
Seq_Frame0029_DriverToReference-SequenceTransformStatus = OK
Seq_Frame0029_Timestamp = 3.208
Seq_Frame0030_DriverToReference-SequenceTransform =-0.196145 0.643795 -0.739632 46.1076 0.502549 0.713692 0.487944 242.069 0.842005 -0.275994 -0.463525 161.392 0 0 0 1 
Seq_Frame0030_DriverToReference-SequenceTransformStatus = OK
Seq_Frame0030_Timestamp = 3.313
Seq_Frame0031_DriverToReference-SequenceTransform =-0.168325 0.533467 -0.828902 25.5552 0.690767 0.663728 0.28689 215.314 0.703212 -0.524288 -0.480224 151.838 0 0 0 1 
Seq_Frame0031_DriverToReference-SequenceTransformStatus = OK
Seq_Frame0031_Timestamp = 3.416
Seq_Frame0032_DriverToReference-SequenceTransform =-0.257421 0.412628 -0.873769 13.1766 0.817923 0.574527 0.0303462 186.579 0.514526 -0.706864 -0.485393 155.314 0 0 0 1 
Seq_Frame0032_DriverToReference-SequenceTransformStatus = OK
Seq_Frame0032_Timestamp = 3.522
Seq_Frame0033_DriverToReference-SequenceTransform =-0.252804 0.401886 -0.880101 11.1811 0.809804 0.585667 0.0348248 183.27 0.529442 -0.703905 -0.473507 155.863 0 0 0 1 
Seq_Frame0033_DriverToReference-SequenceTransformStatus = OK
Seq_Frame0033_Timestamp = 3.627
Seq_Frame0034_DriverToReference-SequenceTransform =-0.252804 0.401886 -0.880101 11.1811 0.809804 0.585667 0.0348248 183.27 0.529442 -0.703905 -0.473507 155.863 0 0 0 1 
Seq_Frame0034_DriverToReference-SequenceTransformStatus = OK
Seq_Frame0034_Timestamp = 3.748
Seq_Frame0035_DriverToReference-SequenceTransform =-0.252804 0.401886 -0.880101 11.1811 0.809804 0.585667 0.0348248 183.27 0.529442 -0.703905 -0.473507 155.863 0 0 0 1 
Seq_Frame0035_DriverToReference-SequenceTransformStatus = OK
Seq_Frame0035_Timestamp = 3.848
Seq_Frame0036_DriverToReference-SequenceTransform =-0.252804 0.401886 -0.880101 11.1811 0.809804 0.585667 0.0348248 183.27 0.529442 -0.703905 -0.473507 155.863 0 0 0 1 
Seq_Frame0036_DriverToReference-SequenceTransformStatus = OK
Seq_Frame0036_Timestamp = 3.951
Seq_Frame0037_DriverToReference-SequenceTransform =-0.252804 0.401886 -0.880101 11.1811 0.809804 0.585667 0.0348248 183.27 0.529442 -0.703905 -0.473507 155.863 0 0 0 1 
Seq_Frame0037_DriverToReference-SequenceTransformStatus = OK
Seq_Frame0037_Timestamp = 4.056
Seq_Frame0038_DriverToReference-SequenceTransform =-0.252804 0.401886 -0.880101 11.1811 0.809804 0.585667 0.0348248 183.27 0.529442 -0.703905 -0.473507 155.863 0 0 0 1 
Seq_Frame0038_DriverToReference-SequenceTransformStatus = OK
Seq_Frame0038_Timestamp = 4.166
Seq_Frame0039_DriverToReference-SequenceTransform =-0.252804 0.401886 -0.880101 11.1811 0.809804 0.585667 0.0348248 183.27 0.529442 -0.703905 -0.473507 155.863 0 0 0 1 
Seq_Frame0039_DriverToReference-SequenceTransformStatus = OK
Seq_Frame0039_Timestamp = 4.267
Seq_Frame0040_DriverToReference-SequenceTransform =-0.252804 0.401886 -0.880101 11.1811 0.809804 0.585667 0.0348248 183.27 0.529442 -0.703905 -0.473507 155.863 0 0 0 1 
Seq_Frame0040_DriverToReference-SequenceTransformStatus = OK
Seq_Frame0040_Timestamp = 4.373
Seq_Frame0041_DriverToReference-SequenceTransform =-0.252804 0.401886 -0.880101 11.1811 0.809804 0.585667 0.0348248 183.27 0.529442 -0.703905 -0.473507 155.863 0 0 0 1 
Seq_Frame0041_DriverToReference-SequenceTransformStatus = OK
Seq_Frame0041_Timestamp = 4.476
Seq_Frame0042_DriverToReference-SequenceTransform =-0.252804 0.401886 -0.880101 11.1811 0.809804 0.585667 0.0348248 183.27 0.529442 -0.703905 -0.473507 155.863 0 0 0 1 
Seq_Frame0042_DriverToReference-SequenceTransformStatus = OK
Seq_Frame0042_Timestamp = 4.586
Seq_Frame0043_DriverToReference-SequenceTransform =-0.252804 0.401886 -0.880101 11.1811 0.809804 0.585667 0.0348248 183.27 0.529442 -0.703905 -0.473507 155.863 0 0 0 1 
Seq_Frame0043_DriverToReference-SequenceTransformStatus = OK
Seq_Frame0043_Timestamp = 4.691
Seq_Frame0044_DriverToReference-SequenceTransform =-0.252804 0.401886 -0.880101 11.1811 0.809804 0.585667 0.0348248 183.27 0.529442 -0.703905 -0.473507 155.863 0 0 0 1 
Seq_Frame0044_DriverToReference-SequenceTransformStatus = OK
Seq_Frame0044_Timestamp = 4.801
Seq_Frame0045_DriverToReference-SequenceTransform =-0.252804 0.401886 -0.880101 11.1811 0.809804 0.585667 0.0348248 183.27 0.529442 -0.703905 -0.473507 155.863 0 0 0 1 
Seq_Frame0045_DriverToReference-SequenceTransformStatus = OK
Seq_Frame0045_Timestamp = 4.902
Seq_Frame0046_DriverToReference-SequenceTransform =-0.252804 0.401886 -0.880101 11.1811 0.809804 0.585667 0.0348248 183.27 0.529442 -0.703905 -0.473507 155.863 0 0 0 1 
Seq_Frame0046_DriverToReference-SequenceTransformStatus = OK
Seq_Frame0046_Timestamp = 5.006
Seq_Frame0047_DriverToReference-SequenceTransform =-0.252804 0.401886 -0.880101 11.1811 0.809804 0.585667 0.0348248 183.27 0.529442 -0.703905 -0.473507 155.863 0 0 0 1 
Seq_Frame0047_DriverToReference-SequenceTransformStatus = OK
Seq_Frame0047_Timestamp = 5.111
Seq_Frame0048_DriverToReference-SequenceTransform =-0.464657 0.567515 -0.679721 27.7551 0.7881 0.615029 -0.0252422 173.55 0.403723 -0.547417 -0.733036 154.503 0 0 0 1 
Seq_Frame0048_DriverToReference-SequenceTransformStatus = OK
Seq_Frame0048_Timestamp = 5.217
Seq_Frame0049_DriverToReference-SequenceTransform =-0.400372 0.598231 -0.694134 34.6228 0.734536 0.662408 0.147212 177.147 0.547867 -0.450927 -0.704632 159.12 0 0 0 1 
Seq_Frame0049_DriverToReference-SequenceTransformStatus = OK
Seq_Frame0049_Timestamp = 5.326
Seq_Frame0050_DriverToReference-SequenceTransform =-0.35988 0.629039 -0.689055 42.1002 0.659874 0.693718 0.288657 182.865 0.659586 -0.350808 -0.664741 164.697 0 0 0 1 
Seq_Frame0050_DriverToReference-SequenceTransformStatus = OK
Seq_Frame0050_Timestamp = 5.432
Seq_Frame0051_DriverToReference-SequenceTransform =-0.390041 0.677776 -0.623289 48.4185 0.640902 0.685853 0.344747 186.656 0.661145 -0.265002 -0.701898 170.614 0 0 0 1 
Seq_Frame0051_DriverToReference-SequenceTransformStatus = OK
Seq_Frame0051_Timestamp = 5.532
Seq_Frame0052_DriverToReference-SequenceTransform =-0.419391 0.735905 -0.531559 54.7477 0.628651 0.657855 0.414758 188.298 0.654911 -0.160219 -0.738526 179.196 0 0 0 1 
Seq_Frame0052_DriverToReference-SequenceTransformStatus = OK
Seq_Frame0052_Timestamp = 5.642
Seq_Frame0053_DriverToReference-SequenceTransform =-0.465381 0.791443 -0.39628 60.0819 0.636272 0.610375 0.471806 191.27 0.615287 -0.032572 -0.78763 187.271 0 0 0 1 
Seq_Frame0053_DriverToReference-SequenceTransformStatus = OK
Seq_Frame0053_Timestamp = 5.742
Seq_Frame0054_DriverToReference-SequenceTransform =-0.523181 0.837592 -0.157231 59.7644 0.646812 0.510393 0.566686 203.253 0.554901 0.194781 -0.808793 196.14 0 0 0 1 
Seq_Frame0054_DriverToReference-SequenceTransformStatus = OK
Seq_Frame0054_Timestamp = 5.852
Seq_Frame0055_DriverToReference-SequenceTransform =-0.539131 0.740819 0.400656 51.945 0.738516 0.187136 0.647745 225.858 0.404884 0.645111 -0.647998 202.479 0 0 0 1 
Seq_Frame0055_DriverToReference-SequenceTransformStatus = OK
Seq_Frame0055_Timestamp = 5.956
Seq_Frame0056_DriverToReference-SequenceTransform =-0.481092 0.5057 0.716113 33.9077 0.822437 -0.0224999 0.568411 239.952 0.303558 0.862416 -0.405082 211.14 0 0 0 1 
Seq_Frame0056_DriverToReference-SequenceTransformStatus = OK
Seq_Frame0056_Timestamp = 6.057
Seq_Frame0057_DriverToReference-SequenceTransform =-0.480631 0.485095 0.730532 32.3611 0.826115 -0.028975 0.562757 241.097 0.294158 0.873981 -0.386818 211.765 0 0 0 1 
Seq_Frame0057_DriverToReference-SequenceTransformStatus = OK
Seq_Frame0057_Timestamp = 6.166
Seq_Frame0058_DriverToReference-SequenceTransform =-0.480631 0.485095 0.730532 32.3611 0.826115 -0.028975 0.562757 241.097 0.294158 0.873981 -0.386818 211.765 0 0 0 1 
Seq_Frame0058_DriverToReference-SequenceTransformStatus = OK
Seq_Frame0058_Timestamp = 6.272
Seq_Frame0059_DriverToReference-SequenceTransform =-0.480631 0.485095 0.730532 32.3611 0.826115 -0.028975 0.562757 241.097 0.294158 0.873981 -0.386818 211.765 0 0 0 1 
Seq_Frame0059_DriverToReference-SequenceTransformStatus = OK
Seq_Frame0059_Timestamp = 6.376
Seq_Frame0060_DriverToReference-SequenceTransform =-0.480631 0.485095 0.730532 32.3611 0.826115 -0.028975 0.562757 241.097 0.294158 0.873981 -0.386818 211.765 0 0 0 1 
Seq_Frame0060_DriverToReference-SequenceTransformStatus = OK
Seq_Frame0060_Timestamp = 6.481
Seq_Frame0061_DriverToReference-SequenceTransform =-0.480631 0.485095 0.730532 32.3611 0.826115 -0.028975 0.562757 241.097 0.294158 0.873981 -0.386818 211.765 0 0 0 1 
Seq_Frame0061_DriverToReference-SequenceTransformStatus = OK
Seq_Frame0061_Timestamp = 6.581
Seq_Frame0062_DriverToReference-SequenceTransform =-0.480631 0.485095 0.730532 32.3611 0.826115 -0.028975 0.562757 241.097 0.294158 0.873981 -0.386818 211.765 0 0 0 1 
Seq_Frame0062_DriverToReference-SequenceTransformStatus = OK
Seq_Frame0062_Timestamp = 6.682
Seq_Frame0063_DriverToReference-SequenceTransform =-0.480631 0.485095 0.730532 32.3611 0.826115 -0.028975 0.562757 241.097 0.294158 0.873981 -0.386818 211.765 0 0 0 1 
Seq_Frame0063_DriverToReference-SequenceTransformStatus = OK
Seq_Frame0063_Timestamp = 6.786
Seq_Frame0064_DriverToReference-SequenceTransform =-0.480631 0.485095 0.730532 32.3611 0.826115 -0.028975 0.562757 241.097 0.294158 0.873981 -0.386818 211.765 0 0 0 1 
Seq_Frame0064_DriverToReference-SequenceTransformStatus = OK
Seq_Frame0064_Timestamp = 6.893
Seq_Frame0065_DriverToReference-SequenceTransform =-0.480631 0.485095 0.730532 32.3611 0.826115 -0.028975 0.562757 241.097 0.294158 0.873981 -0.386818 211.765 0 0 0 1 
Seq_Frame0065_DriverToReference-SequenceTransformStatus = OK
Seq_Frame0065_Timestamp = 6.998
Seq_Frame0066_DriverToReference-SequenceTransform =-0.480631 0.485095 0.730532 32.3611 0.826115 -0.028975 0.562757 241.097 0.294158 0.873981 -0.386818 211.765 0 0 0 1 
Seq_Frame0066_DriverToReference-SequenceTransformStatus = OK
Seq_Frame0066_Timestamp = 7.107
Seq_Frame0067_DriverToReference-SequenceTransform =-0.480631 0.485095 0.730532 32.3611 0.826115 -0.028975 0.562757 241.097 0.294158 0.873981 -0.386818 211.765 0 0 0 1 
Seq_Frame0067_DriverToReference-SequenceTransformStatus = OK
Seq_Frame0067_Timestamp = 7.214
Seq_Frame0068_DriverToReference-SequenceTransform =-0.480631 0.485095 0.730532 32.3611 0.826115 -0.028975 0.562757 241.097 0.294158 0.873981 -0.386818 211.765 0 0 0 1 
Seq_Frame0068_DriverToReference-SequenceTransformStatus = OK
Seq_Frame0068_Timestamp = 7.316
Seq_Frame0069_DriverToReference-SequenceTransform =-0.480631 0.485095 0.730532 32.3611 0.826115 -0.028975 0.562757 241.097 0.294158 0.873981 -0.386818 211.765 0 0 0 1 
Seq_Frame0069_DriverToReference-SequenceTransformStatus = OK
Seq_Frame0069_Timestamp = 7.421
Seq_Frame0070_DriverToReference-SequenceTransform =-0.480631 0.485095 0.730532 32.3611 0.826115 -0.028975 0.562757 241.097 0.294158 0.873981 -0.386818 211.765 0 0 0 1 
Seq_Frame0070_DriverToReference-SequenceTransformStatus = OK
Seq_Frame0070_Timestamp = 7.522
Seq_Frame0071_DriverToReference-SequenceTransform =-0.480631 0.485095 0.730532 32.3611 0.826115 -0.028975 0.562757 241.097 0.294158 0.873981 -0.386818 211.765 0 0 0 1 
Seq_Frame0071_DriverToReference-SequenceTransformStatus = OK
Seq_Frame0071_Timestamp = 7.626
Seq_Frame0072_DriverToReference-SequenceTransform =-0.480631 0.485095 0.730532 32.3611 0.826115 -0.028975 0.562757 241.097 0.294158 0.873981 -0.386818 211.765 0 0 0 1 
Seq_Frame0072_DriverToReference-SequenceTransformStatus = OK
Seq_Frame0072_Timestamp = 7.731
Seq_Frame0073_DriverToReference-SequenceTransform =0.148213 0.88837 0.434547 38.2181 -0.37392 0.457121 -0.806985 317.093 -0.915542 -0.04288 0.39993 269.668 0 0 0 1 
Seq_Frame0073_DriverToReference-SequenceTransformStatus = OK
Seq_Frame0073_Timestamp = 7.831
Seq_Frame0074_DriverToReference-SequenceTransform =0.118032 0.760557 0.638452 37.8418 -0.370071 0.63032 -0.682454 305.091 -0.921475 -0.155721 0.355858 257.871 0 0 0 1 
Seq_Frame0074_DriverToReference-SequenceTransformStatus = OK
Seq_Frame0074_Timestamp = 7.932
Seq_Frame0075_DriverToReference-SequenceTransform =-0.136909 0.186871 0.972798 24.3117 -0.221523 0.951398 -0.213937 303.761 -0.965496 -0.244787 -0.0888588 243.37 0 0 0 1 
Seq_Frame0075_DriverToReference-SequenceTransformStatus = OK
Seq_Frame0075_Timestamp = 8.042
Seq_Frame0076_DriverToReference-SequenceTransform =-0.136909 0.186871 0.972798 24.3117 -0.221523 0.951398 -0.213937 303.761 -0.965496 -0.244787 -0.0888588 243.37 0 0 0 1 
Seq_Frame0076_DriverToReference-SequenceTransformStatus = OK
Seq_Frame0076_Timestamp = 8.146
Seq_Frame0077_DriverToReference-SequenceTransform =-0.136909 0.186871 0.972798 24.3117 -0.221523 0.951398 -0.213937 303.761 -0.965496 -0.244787 -0.0888588 243.37 0 0 0 1 
Seq_Frame0077_DriverToReference-SequenceTransformStatus = OK
Seq_Frame0077_Timestamp = 8.246
Seq_Frame0078_DriverToReference-SequenceTransform =-0.601764 -0.751612 -0.270108 28.5014 -0.796686 0.541049 0.269367 248.185 -0.0563175 0.377287 -0.924383 223.674 0 0 0 1 
Seq_Frame0078_DriverToReference-SequenceTransformStatus = OK
Seq_Frame0078_Timestamp = 8.347
Seq_Frame0079_DriverToReference-SequenceTransform =-0.544079 -0.632635 -0.551135 25.6866 -0.829388 0.504836 0.23928 241.76 0.126856 0.587292 -0.799372 212.837 0 0 0 1 
Seq_Frame0079_DriverToReference-SequenceTransformStatus = OK
Seq_Frame0079_Timestamp = 8.456
Seq_Frame0080_DriverToReference-SequenceTransform =-0.620438 -0.770537 -0.146045 5.19313 -0.781742 0.592735 0.193766 246.36 -0.0627375 0.234389 -0.970116 194.456 0 0 0 1 
Seq_Frame0080_DriverToReference-SequenceTransformStatus = OK
Seq_Frame0080_Timestamp = 8.557
Seq_Frame0081_DriverToReference-SequenceTransform =-0.692042 -0.721844 -0.00435487 -16.8978 -0.630562 0.601569 0.490415 256.726 -0.351384 0.342134 -0.871478 176.073 0 0 0 1 
Seq_Frame0081_DriverToReference-SequenceTransformStatus = OK
Seq_Frame0081_Timestamp = 8.657
Seq_Frame0082_DriverToReference-SequenceTransform =-0.725403 -0.687771 0.0275907 -25.7451 -0.549705 0.602975 0.578139 259.812 -0.414264 0.404217 -0.815472 174.924 0 0 0 1 
Seq_Frame0082_DriverToReference-SequenceTransformStatus = OK
Seq_Frame0082_Timestamp = 8.763
Seq_Frame0083_DriverToReference-SequenceTransform =-0.725403 -0.687771 0.0275907 -25.7451 -0.549705 0.602975 0.578139 259.812 -0.414264 0.404217 -0.815472 174.924 0 0 0 1 
Seq_Frame0083_DriverToReference-SequenceTransformStatus = OK
Seq_Frame0083_Timestamp = 8.864
Seq_Frame0084_DriverToReference-SequenceTransform =-0.725403 -0.687771 0.0275907 -25.7451 -0.549705 0.602975 0.578139 259.812 -0.414264 0.404217 -0.815472 174.924 0 0 0 1 
Seq_Frame0084_DriverToReference-SequenceTransformStatus = OK
Seq_Frame0084_Timestamp = 8.965
Seq_Frame0085_DriverToReference-SequenceTransform =-0.725403 -0.687771 0.0275907 -25.7451 -0.549705 0.602975 0.578139 259.812 -0.414264 0.404217 -0.815472 174.924 0 0 0 1 
Seq_Frame0085_DriverToReference-SequenceTransformStatus = OK
Seq_Frame0085_Timestamp = 9.066
Seq_Frame0086_DriverToReference-SequenceTransform =-0.725403 -0.687771 0.0275907 -25.7451 -0.549705 0.602975 0.578139 259.812 -0.414264 0.404217 -0.815472 174.924 0 0 0 1 
Seq_Frame0086_DriverToReference-SequenceTransformStatus = OK
Seq_Frame0086_Timestamp = 9.167
Seq_Frame0087_DriverToReference-SequenceTransform =-0.725403 -0.687771 0.0275907 -25.7451 -0.549705 0.602975 0.578139 259.812 -0.414264 0.404217 -0.815472 174.924 0 0 0 1 
Seq_Frame0087_DriverToReference-SequenceTransformStatus = OK
Seq_Frame0087_Timestamp = 9.271
Seq_Frame0088_DriverToReference-SequenceTransform =-0.725403 -0.687771 0.0275907 -25.7451 -0.549705 0.602975 0.578139 259.812 -0.414264 0.404217 -0.815472 174.924 0 0 0 1 
Seq_Frame0088_DriverToReference-SequenceTransformStatus = OK
Seq_Frame0088_Timestamp = 9.371
Seq_Frame0089_DriverToReference-SequenceTransform =-0.725403 -0.687771 0.0275907 -25.7451 -0.549705 0.602975 0.578139 259.812 -0.414264 0.404217 -0.815472 174.924 0 0 0 1 
Seq_Frame0089_DriverToReference-SequenceTransformStatus = OK
Seq_Frame0089_Timestamp = 9.48
Seq_Frame0090_DriverToReference-SequenceTransform =-0.725403 -0.687771 0.0275907 -25.7451 -0.549705 0.602975 0.578139 259.812 -0.414264 0.404217 -0.815472 174.924 0 0 0 1 
Seq_Frame0090_DriverToReference-SequenceTransformStatus = OK
Seq_Frame0090_Timestamp = 9.581
Seq_Frame0091_DriverToReference-SequenceTransform =-0.725403 -0.687771 0.0275907 -25.7451 -0.549705 0.602975 0.578139 259.812 -0.414264 0.404217 -0.815472 174.924 0 0 0 1 
Seq_Frame0091_DriverToReference-SequenceTransformStatus = OK
Seq_Frame0091_Timestamp = 9.691
Seq_Frame0092_DriverToReference-SequenceTransform =-0.725403 -0.687771 0.0275907 -25.7451 -0.549705 0.602975 0.578139 259.812 -0.414264 0.404217 -0.815472 174.924 0 0 0 1 
Seq_Frame0092_DriverToReference-SequenceTransformStatus = OK
Seq_Frame0092_Timestamp = 9.791
Seq_Frame0093_DriverToReference-SequenceTransform =-0.725403 -0.687771 0.0275907 -25.7451 -0.549705 0.602975 0.578139 259.812 -0.414264 0.404217 -0.815472 174.924 0 0 0 1 
Seq_Frame0093_DriverToReference-SequenceTransformStatus = OK
Seq_Frame0093_Timestamp = 9.896
Seq_Frame0094_DriverToReference-SequenceTransform =-0.725403 -0.687771 0.0275907 -25.7451 -0.549705 0.602975 0.578139 259.812 -0.414264 0.404217 -0.815472 174.924 0 0 0 1 
Seq_Frame0094_DriverToReference-SequenceTransformStatus = OK
Seq_Frame0094_Timestamp = 10.001
Seq_Frame0095_DriverToReference-SequenceTransform =-0.725403 -0.687771 0.0275907 -25.7451 -0.549705 0.602975 0.578139 259.812 -0.414264 0.404217 -0.815472 174.924 0 0 0 1 
Seq_Frame0095_DriverToReference-SequenceTransformStatus = OK
Seq_Frame0095_Timestamp = 10.108
Seq_Frame0096_DriverToReference-SequenceTransform =-0.547941 -0.818326 0.173505 -2.79848 -0.726107 0.568266 0.387095 255.029 -0.415367 0.0861214 -0.905568 205.33 0 0 0 1 
Seq_Frame0096_DriverToReference-SequenceTransformStatus = OK
Seq_Frame0096_Timestamp = 10.215
Seq_Frame0097_DriverToReference-SequenceTransform =-0.549224 -0.827336 -0.117764 10.7326 -0.799763 0.479509 0.361177 242.391 -0.242346 0.29255 -0.925031 206.209 0 0 0 1 
Seq_Frame0097_DriverToReference-SequenceTransformStatus = OK
Seq_Frame0097_Timestamp = 10.316
Seq_Frame0098_DriverToReference-SequenceTransform =-0.498461 -0.791434 -0.353793 21.0006 -0.862568 0.411976 0.293687 232.561 -0.0866797 0.451562 -0.88802 206.204 0 0 0 1 
Seq_Frame0098_DriverToReference-SequenceTransformStatus = OK
Seq_Frame0098_Timestamp = 10.416
Seq_Frame0099_DriverToReference-SequenceTransform =-0.437419 -0.804985 -0.400829 21.0525 -0.898088 0.413782 0.149071 230.538 0.0458556 0.425186 -0.903944 207.836 0 0 0 1 
Seq_Frame0099_DriverToReference-SequenceTransformStatus = OK
Seq_Frame0099_Timestamp = 10.526
Seq_Frame0100_DriverToReference-SequenceTransform =-0.355341 -0.610427 -0.707892 19.6025 -0.909117 0.401786 0.109883 227.716 0.217346 0.682603 -0.697721 201.592 0 0 0 1 
Seq_Frame0100_DriverToReference-SequenceTransformStatus = OK
Seq_Frame0100_Timestamp = 10.631
Seq_Frame0101_DriverToReference-SequenceTransform =-0.355341 -0.610427 -0.707892 19.6025 -0.909117 0.401786 0.109883 227.716 0.217346 0.682603 -0.697721 201.592 0 0 0 1 
Seq_Frame0101_DriverToReference-SequenceTransformStatus = OK
Seq_Frame0101_Timestamp = 10.739
Seq_Frame0102_DriverToReference-SequenceTransform =-0.355341 -0.610427 -0.707892 19.6025 -0.909117 0.401786 0.109883 227.716 0.217346 0.682603 -0.697721 201.592 0 0 0 1 
Seq_Frame0102_DriverToReference-SequenceTransformStatus = OK
Seq_Frame0102_Timestamp = 10.841
Seq_Frame0103_DriverToReference-SequenceTransform =-0.355341 -0.610427 -0.707892 19.6025 -0.909117 0.401786 0.109883 227.716 0.217346 0.682603 -0.697721 201.592 0 0 0 1 
Seq_Frame0103_DriverToReference-SequenceTransformStatus = OK
Seq_Frame0103_Timestamp = 10.946
Seq_Frame0104_DriverToReference-SequenceTransform =-0.355341 -0.610427 -0.707892 19.6025 -0.909117 0.401786 0.109883 227.716 0.217346 0.682603 -0.697721 201.592 0 0 0 1 
Seq_Frame0104_DriverToReference-SequenceTransformStatus = OK
Seq_Frame0104_Timestamp = 11.056
Seq_Frame0105_DriverToReference-SequenceTransform =-0.355341 -0.610427 -0.707892 19.6025 -0.909117 0.401786 0.109883 227.716 0.217346 0.682603 -0.697721 201.592 0 0 0 1 
Seq_Frame0105_DriverToReference-SequenceTransformStatus = OK
Seq_Frame0105_Timestamp = 11.164
Seq_Frame0106_DriverToReference-SequenceTransform =-0.355341 -0.610427 -0.707892 19.6025 -0.909117 0.401786 0.109883 227.716 0.217346 0.682603 -0.697721 201.592 0 0 0 1 
Seq_Frame0106_DriverToReference-SequenceTransformStatus = OK
Seq_Frame0106_Timestamp = 11.267
Seq_Frame0107_DriverToReference-SequenceTransform =-0.355341 -0.610427 -0.707892 19.6025 -0.909117 0.401786 0.109883 227.716 0.217346 0.682603 -0.697721 201.592 0 0 0 1 
Seq_Frame0107_DriverToReference-SequenceTransformStatus = OK
Seq_Frame0107_Timestamp = 11.367
Seq_Frame0108_DriverToReference-SequenceTransform =-0.355341 -0.610427 -0.707892 19.6025 -0.909117 0.401786 0.109883 227.716 0.217346 0.682603 -0.697721 201.592 0 0 0 1 
Seq_Frame0108_DriverToReference-SequenceTransformStatus = OK
Seq_Frame0108_Timestamp = 11.474
Seq_Frame0109_DriverToReference-SequenceTransform =-0.355341 -0.610427 -0.707892 19.6025 -0.909117 0.401786 0.109883 227.716 0.217346 0.682603 -0.697721 201.592 0 0 0 1 
Seq_Frame0109_DriverToReference-SequenceTransformStatus = OK
Seq_Frame0109_Timestamp = 11.581
Seq_Frame0110_DriverToReference-SequenceTransform =-0.355341 -0.610427 -0.707892 19.6025 -0.909117 0.401786 0.109883 227.716 0.217346 0.682603 -0.697721 201.592 0 0 0 1 
Seq_Frame0110_DriverToReference-SequenceTransformStatus = OK
Seq_Frame0110_Timestamp = 11.682
Seq_Frame0111_DriverToReference-SequenceTransform =-0.355341 -0.610427 -0.707892 19.6025 -0.909117 0.401786 0.109883 227.716 0.217346 0.682603 -0.697721 201.592 0 0 0 1 
Seq_Frame0111_DriverToReference-SequenceTransformStatus = OK
Seq_Frame0111_Timestamp = 11.791
Seq_Frame0112_DriverToReference-SequenceTransform =0.688585 0.411419 0.597148 35.8853 -0.343104 0.910312 -0.23154 211.169 -0.638851 -0.0454491 0.767987 227.616 0 0 0 1 
Seq_Frame0112_DriverToReference-SequenceTransformStatus = OK
Seq_Frame0112_Timestamp = 12.641
Seq_Frame0113_DriverToReference-SequenceTransform =-0.0144879 -0.942544 -0.333769 128.874 -0.910005 -0.125895 0.39502 197.364 -0.414344 0.309455 -0.855896 224.177 0 0 0 1 
Seq_Frame0113_DriverToReference-SequenceTransformStatus = OK
Seq_Frame0113_Timestamp = 19.151
Seq_Frame0114_DriverToReference-SequenceTransform =0.0406564 -0.883361 -0.466927 119.396 -0.866819 -0.263612 0.423242 196.437 -0.496963 0.387534 -0.776431 224.75 0 0 0 1 
Seq_Frame0114_DriverToReference-SequenceTransformStatus = OK
Seq_Frame0114_Timestamp = 19.252
Seq_Frame0115_DriverToReference-SequenceTransform =0.0670607 -0.837537 -0.54225 107.067 -0.857435 -0.326284 0.397925 200.033 -0.510205 0.438258 -0.740014 228.574 0 0 0 1 
Seq_Frame0115_DriverToReference-SequenceTransformStatus = OK
Seq_Frame0115_Timestamp = 19.364
Seq_Frame0116_DriverToReference-SequenceTransform =0.116068 -0.782837 -0.611305 102.238 -0.870832 -0.376203 0.316422 200.081 -0.477681 0.495618 -0.725385 230.39 0 0 0 1 
Seq_Frame0116_DriverToReference-SequenceTransformStatus = OK
Seq_Frame0116_Timestamp = 19.48
Seq_Frame0117_DriverToReference-SequenceTransform =0.163797 -0.757116 -0.632412 97.7603 -0.912218 -0.360289 0.195066 199.865 -0.375539 0.544946 -0.749669 229.631 0 0 0 1 
Seq_Frame0117_DriverToReference-SequenceTransformStatus = OK
Seq_Frame0117_Timestamp = 19.592
Seq_Frame0118_DriverToReference-SequenceTransform =0.193655 -0.721821 -0.664434 96.481 -0.926707 -0.3569 0.11763 197.265 -0.322044 0.592956 -0.738031 224.757 0 0 0 1 
Seq_Frame0118_DriverToReference-SequenceTransformStatus = OK
Seq_Frame0118_Timestamp = 19.696
Seq_Frame0119_DriverToReference-SequenceTransform =0.220775 -0.70455 -0.674439 96.7724 -0.93832 -0.342102 0.0502198 195.417 -0.266109 0.621752 -0.736621 224.989 0 0 0 1 
Seq_Frame0119_DriverToReference-SequenceTransformStatus = OK
Seq_Frame0119_Timestamp = 19.797
Seq_Frame0120_DriverToReference-SequenceTransform =0.232572 -0.657641 -0.716533 95.3739 -0.94746 -0.319556 -0.0142348 194.059 -0.219611 0.682197 -0.697408 222.312 0 0 0 1 
Seq_Frame0120_DriverToReference-SequenceTransformStatus = OK
Seq_Frame0120_Timestamp = 19.907
Seq_Frame0121_DriverToReference-SequenceTransform =0.262239 -0.585891 -0.766787 96.579 -0.946005 -0.312973 -0.0843926 192.932 -0.190539 0.747516 -0.636329 219.314 0 0 0 1 
Seq_Frame0121_DriverToReference-SequenceTransformStatus = OK
Seq_Frame0121_Timestamp = 20.017
Seq_Frame0122_DriverToReference-SequenceTransform =0.264566 -0.610823 -0.746257 94.7251 -0.947266 -0.309688 -0.0823449 191.867 -0.180809 0.72869 -0.660545 221.489 0 0 0 1 
Seq_Frame0122_DriverToReference-SequenceTransformStatus = OK
Seq_Frame0122_Timestamp = 20.121
Seq_Frame0123_DriverToReference-SequenceTransform =0.320042 -0.774035 -0.546299 96.1159 -0.917641 -0.396658 0.0244256 189.354 -0.2356 0.493489 -0.837234 225.297 0 0 0 1 
Seq_Frame0123_DriverToReference-SequenceTransformStatus = OK
Seq_Frame0123_Timestamp = 20.222
Seq_Frame0124_DriverToReference-SequenceTransform =0.303221 -0.744501 -0.59479 97.1887 -0.925373 -0.379049 0.00270699 189.283 -0.22747 0.549582 -0.803877 223.227 0 0 0 1 
Seq_Frame0124_DriverToReference-SequenceTransformStatus = OK
Seq_Frame0124_Timestamp = 20.326
Seq_Frame0125_DriverToReference-SequenceTransform =0.245321 -0.541506 -0.804107 99.3274 -0.965063 -0.215161 -0.149531 191.105 -0.0920409 0.812697 -0.575371 214.562 0 0 0 1 
Seq_Frame0125_DriverToReference-SequenceTransformStatus = OK
Seq_Frame0125_Timestamp = 20.426
Seq_Frame0126_DriverToReference-SequenceTransform =0.223064 -0.568456 -0.791897 100.147 -0.969758 -0.211951 -0.121018 193.531 -0.09905 0.794943 -0.598544 214.971 0 0 0 1 
Seq_Frame0126_DriverToReference-SequenceTransformStatus = OK
Seq_Frame0126_Timestamp = 20.534
Seq_Frame0127_DriverToReference-SequenceTransform =0.248844 -0.896841 -0.365724 98.8666 -0.939413 -0.315403 0.134252 197.94 -0.235754 0.310158 -0.92099 224.925 0 0 0 1 
Seq_Frame0127_DriverToReference-SequenceTransformStatus = OK
Seq_Frame0127_Timestamp = 20.64
Seq_Frame0128_DriverToReference-SequenceTransform =0.133782 -0.865204 -0.483243 94.436 -0.952863 -0.246295 0.177177 200.189 -0.272315 0.436761 -0.857371 225.299 0 0 0 1 
Seq_Frame0128_DriverToReference-SequenceTransformStatus = OK
Seq_Frame0128_Timestamp = 20.746
Seq_Frame0129_DriverToReference-SequenceTransform =0.0641235 -0.854899 -0.514816 91.0895 -0.962334 -0.189547 0.194896 201.435 -0.264198 0.482928 -0.834853 218.659 0 0 0 1 
Seq_Frame0129_DriverToReference-SequenceTransformStatus = OK
Seq_Frame0129_Timestamp = 20.856
Seq_Frame0130_DriverToReference-SequenceTransform =0.0641235 -0.854899 -0.514816 91.0895 -0.962334 -0.189547 0.194896 201.435 -0.264198 0.482928 -0.834853 218.659 0 0 0 1 
Seq_Frame0130_DriverToReference-SequenceTransformStatus = OK
Seq_Frame0130_Timestamp = 20.957
Seq_Frame0131_DriverToReference-SequenceTransform =0.0641235 -0.854899 -0.514816 91.0895 -0.962334 -0.189547 0.194896 201.435 -0.264198 0.482928 -0.834853 218.659 0 0 0 1 
Seq_Frame0131_DriverToReference-SequenceTransformStatus = OK
Seq_Frame0131_Timestamp = 21.061
Seq_Frame0132_DriverToReference-SequenceTransform =0.0641235 -0.854899 -0.514816 91.0895 -0.962334 -0.189547 0.194896 201.435 -0.264198 0.482928 -0.834853 218.659 0 0 0 1 
Seq_Frame0132_DriverToReference-SequenceTransformStatus = OK
Seq_Frame0132_Timestamp = 21.165
Seq_Frame0133_DriverToReference-SequenceTransform =0.0641235 -0.854899 -0.514816 91.0895 -0.962334 -0.189547 0.194896 201.435 -0.264198 0.482928 -0.834853 218.659 0 0 0 1 
Seq_Frame0133_DriverToReference-SequenceTransformStatus = OK
Seq_Frame0133_Timestamp = 21.267
Seq_Frame0134_DriverToReference-SequenceTransform =0.0641235 -0.854899 -0.514816 91.0895 -0.962334 -0.189547 0.194896 201.435 -0.264198 0.482928 -0.834853 218.659 0 0 0 1 
Seq_Frame0134_DriverToReference-SequenceTransformStatus = OK
Seq_Frame0134_Timestamp = 21.367
Seq_Frame0135_DriverToReference-SequenceTransform =0.0641235 -0.854899 -0.514816 91.0895 -0.962334 -0.189547 0.194896 201.435 -0.264198 0.482928 -0.834853 218.659 0 0 0 1 
Seq_Frame0135_DriverToReference-SequenceTransformStatus = OK
Seq_Frame0135_Timestamp = 21.474
Seq_Frame0136_DriverToReference-SequenceTransform =0.0641235 -0.854899 -0.514816 91.0895 -0.962334 -0.189547 0.194896 201.435 -0.264198 0.482928 -0.834853 218.659 0 0 0 1 
Seq_Frame0136_DriverToReference-SequenceTransformStatus = OK
Seq_Frame0136_Timestamp = 21.582
Seq_Frame0137_DriverToReference-SequenceTransform =0.0641235 -0.854899 -0.514816 91.0895 -0.962334 -0.189547 0.194896 201.435 -0.264198 0.482928 -0.834853 218.659 0 0 0 1 
Seq_Frame0137_DriverToReference-SequenceTransformStatus = OK
Seq_Frame0137_Timestamp = 21.686
Seq_Frame0138_DriverToReference-SequenceTransform =0.0641235 -0.854899 -0.514816 91.0895 -0.962334 -0.189547 0.194896 201.435 -0.264198 0.482928 -0.834853 218.659 0 0 0 1 
Seq_Frame0138_DriverToReference-SequenceTransformStatus = OK
Seq_Frame0138_Timestamp = 21.792
Seq_Frame0139_DriverToReference-SequenceTransform =0.0641235 -0.854899 -0.514816 91.0895 -0.962334 -0.189547 0.194896 201.435 -0.264198 0.482928 -0.834853 218.659 0 0 0 1 
Seq_Frame0139_DriverToReference-SequenceTransformStatus = OK
Seq_Frame0139_Timestamp = 22.857
Seq_Frame0140_DriverToReference-SequenceTransform =0.0641235 -0.854899 -0.514816 91.0895 -0.962334 -0.189547 0.194896 201.435 -0.264198 0.482928 -0.834853 218.659 0 0 0 1 
Seq_Frame0140_DriverToReference-SequenceTransformStatus = OK
Seq_Frame0140_Timestamp = 22.966
Seq_Frame0141_DriverToReference-SequenceTransform =0.0641235 -0.854899 -0.514816 91.0895 -0.962334 -0.189547 0.194896 201.435 -0.264198 0.482928 -0.834853 218.659 0 0 0 1 
Seq_Frame0141_DriverToReference-SequenceTransformStatus = OK
Seq_Frame0141_Timestamp = 23.072
Seq_Frame0142_DriverToReference-SequenceTransform =0.0641235 -0.854899 -0.514816 91.0895 -0.962334 -0.189547 0.194896 201.435 -0.264198 0.482928 -0.834853 218.659 0 0 0 1 
Seq_Frame0142_DriverToReference-SequenceTransformStatus = OK
Seq_Frame0142_Timestamp = 23.181
Seq_Frame0143_DriverToReference-SequenceTransform =0.0641235 -0.854899 -0.514816 91.0895 -0.962334 -0.189547 0.194896 201.435 -0.264198 0.482928 -0.834853 218.659 0 0 0 1 
Seq_Frame0143_DriverToReference-SequenceTransformStatus = OK
Seq_Frame0143_Timestamp = 23.282
Seq_Frame0144_DriverToReference-SequenceTransform =0.0641235 -0.854899 -0.514816 91.0895 -0.962334 -0.189547 0.194896 201.435 -0.264198 0.482928 -0.834853 218.659 0 0 0 1 
Seq_Frame0144_DriverToReference-SequenceTransformStatus = OK
Seq_Frame0144_Timestamp = 23.397
Seq_Frame0145_DriverToReference-SequenceTransform =0.0641235 -0.854899 -0.514816 91.0895 -0.962334 -0.189547 0.194896 201.435 -0.264198 0.482928 -0.834853 218.659 0 0 0 1 
Seq_Frame0145_DriverToReference-SequenceTransformStatus = OK
Seq_Frame0145_Timestamp = 23.501
Seq_Frame0146_DriverToReference-SequenceTransform =0.0641235 -0.854899 -0.514816 91.0895 -0.962334 -0.189547 0.194896 201.435 -0.264198 0.482928 -0.834853 218.659 0 0 0 1 
Seq_Frame0146_DriverToReference-SequenceTransformStatus = OK
Seq_Frame0146_Timestamp = 23.607
Seq_Frame0147_DriverToReference-SequenceTransform =0.0641235 -0.854899 -0.514816 91.0895 -0.962334 -0.189547 0.194896 201.435 -0.264198 0.482928 -0.834853 218.659 0 0 0 1 
Seq_Frame0147_DriverToReference-SequenceTransformStatus = OK
Seq_Frame0147_Timestamp = 23.811
Seq_Frame0148_DriverToReference-SequenceTransform =0.0641235 -0.854899 -0.514816 91.0895 -0.962334 -0.189547 0.194896 201.435 -0.264198 0.482928 -0.834853 218.659 0 0 0 1 
Seq_Frame0148_DriverToReference-SequenceTransformStatus = OK
Seq_Frame0148_Timestamp = 24.097
Seq_Frame0149_DriverToReference-SequenceTransform =0.0641235 -0.854899 -0.514816 91.0895 -0.962334 -0.189547 0.194896 201.435 -0.264198 0.482928 -0.834853 218.659 0 0 0 1 
Seq_Frame0149_DriverToReference-SequenceTransformStatus = OK
Seq_Frame0149_Timestamp = 24.541
Seq_Frame0150_DriverToReference-SequenceTransform =0.0641235 -0.854899 -0.514816 91.0895 -0.962334 -0.189547 0.194896 201.435 -0.264198 0.482928 -0.834853 218.659 0 0 0 1 
