ObjectType = Image
NDims = 3
AnatomicalOrientation = RAI
BinaryData = True
CompressedData = False
DimSize = 0 0 3402
ElementSpacing = 1 1 1
Offset = 0 0 0
TransformMatrix = 1 0 0 0 1 0 0 0 1
ElementType = MET_UCHAR
Kinds = domain domain list
Seq_Frame0000_ForcepToReference-SequenceTransform =-0.588655 0.360612 0.723495 -164.842 0.800697 0.383234 0.460453 142.175 -0.111223 0.850347 -0.514333 209.07 0 0 0 1 
Seq_Frame0000_ForcepToReference-SequenceTransformStatus = OK
Seq_Frame0000_Timestamp = 0.0079999
Seq_Frame0001_ForcepToReference-SequenceTransform =-0.58816 0.360846 0.72378 -164.739 0.800756 0.385312 0.458612 142.026 -0.113393 0.849308 -0.515575 209.24 0 0 0 1 
Seq_Frame0001_ForcepToReference-SequenceTransformStatus = OK
Seq_Frame0001_Timestamp = 0.111
Seq_Frame0002_ForcepToReference-SequenceTransform =-0.587011 0.359997 0.725134 -164.708 0.801202 0.386845 0.456538 141.989 -0.116163 0.848972 -0.515513 209.249 0 0 0 1 
Seq_Frame0002_ForcepToReference-SequenceTransformStatus = OK
Seq_Frame0002_Timestamp = 0.212
Seq_Frame0003_ForcepToReference-SequenceTransform =-0.590892 0.361539 0.721205 -164.809 0.799731 0.380171 0.46465 142.117 -0.106192 0.851328 -0.513774 209.262 0 0 0 1 
Seq_Frame0003_ForcepToReference-SequenceTransformStatus = OK
Seq_Frame0003_Timestamp = 0.324
Seq_Frame0004_ForcepToReference-SequenceTransform =-0.593328 0.362815 0.718559 -164.903 0.798689 0.376557 0.469362 142.233 -0.100287 0.852391 -0.513198 209.199 0 0 0 1 
Seq_Frame0004_ForcepToReference-SequenceTransformStatus = OK
Seq_Frame0004_Timestamp = 0.433
Seq_Frame0005_ForcepToReference-SequenceTransform =-0.594299 0.363209 0.717557 -164.91 0.798337 0.374365 0.471709 142.192 -0.0972991 0.853188 -0.512448 209.338 0 0 0 1 
Seq_Frame0005_ForcepToReference-SequenceTransformStatus = OK
Seq_Frame0005_Timestamp = 0.541
Seq_Frame0006_ForcepToReference-SequenceTransform =-0.593713 0.362188 0.718558 -164.902 0.798397 0.376493 0.46991 142.274 -0.100337 0.852686 -0.512698 209.285 0 0 0 1 
Seq_Frame0006_ForcepToReference-SequenceTransformStatus = OK
Seq_Frame0006_Timestamp = 0.642
Seq_Frame0007_ForcepToReference-SequenceTransform =-0.593037 0.362207 0.719106 -164.935 0.798737 0.377362 0.468634 142.311 -0.101621 0.852293 -0.513098 209.137 0 0 0 1 
Seq_Frame0007_ForcepToReference-SequenceTransformStatus = OK
Seq_Frame0007_Timestamp = 0.751
Seq_Frame0008_ForcepToReference-SequenceTransform =-0.594114 0.363722 0.71745 -164.917 0.79806 0.378131 0.469167 142.36 -0.100643 0.851307 -0.514925 209.162 0 0 0 1 
Seq_Frame0008_ForcepToReference-SequenceTransformStatus = OK
Seq_Frame0008_Timestamp = 0.852
Seq_Frame0009_ForcepToReference-SequenceTransform =-0.59465 0.362525 0.717612 -164.925 0.798172 0.373332 0.472805 142.263 -0.0965036 0.853932 -0.511359 209.243 0 0 0 1 
Seq_Frame0009_ForcepToReference-SequenceTransformStatus = OK
Seq_Frame0009_Timestamp = 0.956
Seq_Frame0010_ForcepToReference-SequenceTransform =-0.593535 0.362933 0.718329 -164.922 0.798606 0.376188 0.469798 142.262 -0.0997221 0.852504 -0.513121 209.29 0 0 0 1 
Seq_Frame0010_ForcepToReference-SequenceTransformStatus = OK
Seq_Frame0010_Timestamp = 1.057
Seq_Frame0011_ForcepToReference-SequenceTransform =-0.594496 0.363325 0.717335 -164.894 0.798088 0.375488 0.471238 142.24 -0.0981376 0.852645 -0.513191 209.344 0 0 0 1 
Seq_Frame0011_ForcepToReference-SequenceTransformStatus = OK
Seq_Frame0011_Timestamp = 1.157
Seq_Frame0012_ForcepToReference-SequenceTransform =-0.595084 0.363835 0.716588 -164.87 0.797961 0.373523 0.47301 142.183 -0.0955651 0.853291 -0.512604 209.473 0 0 0 1 
Seq_Frame0012_ForcepToReference-SequenceTransformStatus = OK
Seq_Frame0012_Timestamp = 1.264
Seq_Frame0013_ForcepToReference-SequenceTransform =-0.595296 0.363776 0.716443 -164.857 0.79804 0.371514 0.474458 142.076 -0.0935722 0.854192 -0.511468 209.528 0 0 0 1 
Seq_Frame0013_ForcepToReference-SequenceTransformStatus = OK
Seq_Frame0013_Timestamp = 1.364
Seq_Frame0014_ForcepToReference-SequenceTransform =-0.594969 0.364577 0.716307 -164.823 0.798274 0.371886 0.473773 141.99 -0.0936579 0.853689 -0.512293 209.655 0 0 0 1 
Seq_Frame0014_ForcepToReference-SequenceTransformStatus = OK
Seq_Frame0014_Timestamp = 1.466
Seq_Frame0015_ForcepToReference-SequenceTransform =-0.593587 0.363508 0.717994 -164.851 0.798845 0.374203 0.470977 142.03 -0.0974716 0.853132 -0.512509 209.506 0 0 0 1 
Seq_Frame0015_ForcepToReference-SequenceTransformStatus = OK
Seq_Frame0015_Timestamp = 1.571
Seq_Frame0016_ForcepToReference-SequenceTransform =-0.594327 0.363094 0.717592 -164.861 0.798405 0.373527 0.472257 142.111 -0.0965662 0.853604 -0.511894 209.454 0 0 0 1 
Seq_Frame0016_ForcepToReference-SequenceTransformStatus = OK
Seq_Frame0016_Timestamp = 1.672
Seq_Frame0017_ForcepToReference-SequenceTransform =-0.593596 0.362995 0.718247 -164.819 0.798791 0.374289 0.471 142.047 -0.0978611 0.853313 -0.512133 209.517 0 0 0 1 
Seq_Frame0017_ForcepToReference-SequenceTransformStatus = OK
Seq_Frame0017_Timestamp = 1.781
Seq_Frame0018_ForcepToReference-SequenceTransform =-0.59465 0.364063 0.716833 -164.799 0.798269 0.373483 0.472522 142.064 -0.0956976 0.853211 -0.512712 209.597 0 0 0 1 
Seq_Frame0018_ForcepToReference-SequenceTransformStatus = OK
Seq_Frame0018_Timestamp = 1.883
Seq_Frame0019_ForcepToReference-SequenceTransform =-0.594595 0.364156 0.716831 -164.825 0.798142 0.374984 0.471546 142.142 -0.0970839 0.852512 -0.513612 209.435 0 0 0 1 
Seq_Frame0019_ForcepToReference-SequenceTransformStatus = OK
Seq_Frame0019_Timestamp = 1.993
Seq_Frame0020_ForcepToReference-SequenceTransform =-0.595027 0.364122 0.71649 -164.849 0.79814 0.372442 0.47356 142.1 -0.094417 0.853641 -0.512234 209.459 0 0 0 1 
Seq_Frame0020_ForcepToReference-SequenceTransformStatus = OK
Seq_Frame0020_Timestamp = 2.101
Seq_Frame0021_ForcepToReference-SequenceTransform =-0.59379 0.363483 0.717839 -164.844 0.798459 0.376379 0.469896 142.145 -0.0993801 0.852185 -0.513717 209.424 0 0 0 1 
Seq_Frame0021_ForcepToReference-SequenceTransformStatus = OK
Seq_Frame0021_Timestamp = 2.207
Seq_Frame0022_ForcepToReference-SequenceTransform =-0.595 0.364176 0.716485 -164.883 0.798133 0.372707 0.473364 142.113 -0.0946515 0.853502 -0.512421 209.43 0 0 0 1 
Seq_Frame0022_ForcepToReference-SequenceTransformStatus = OK
Seq_Frame0022_Timestamp = 2.316
Seq_Frame0023_ForcepToReference-SequenceTransform =-0.594906 0.364249 0.716526 -164.883 0.79813 0.373342 0.472869 142.135 -0.0952668 0.853193 -0.512822 209.374 0 0 0 1 
Seq_Frame0023_ForcepToReference-SequenceTransformStatus = OK
Seq_Frame0023_Timestamp = 2.426
Seq_Frame0024_ForcepToReference-SequenceTransform =-0.595983 0.363484 0.716019 -164.908 0.797684 0.370396 0.475928 142.137 -0.092219 0.854802 -0.510695 209.394 0 0 0 1 
Seq_Frame0024_ForcepToReference-SequenceTransformStatus = OK
Seq_Frame0024_Timestamp = 2.531
Seq_Frame0025_ForcepToReference-SequenceTransform =-0.634759 0.38234 0.671489 -164.767 0.772627 0.301252 0.558834 141.001 0.0113769 0.873535 -0.486629 210.719 0 0 0 1 
Seq_Frame0025_ForcepToReference-SequenceTransformStatus = OK
Seq_Frame0025_Timestamp = 2.631
Seq_Frame0026_ForcepToReference-SequenceTransform =-0.477226 0.361269 0.801087 -162.58 0.850717 0.418459 0.318078 141.528 -0.220311 0.833293 -0.507037 200.617 0 0 0 1 
Seq_Frame0026_ForcepToReference-SequenceTransformStatus = OK
Seq_Frame0026_Timestamp = 2.906
Seq_Frame0027_ForcepToReference-SequenceTransform =-0.479247 0.439639 0.759631 -161.417 0.859245 0.411475 0.30395 140.627 -0.178941 0.798377 -0.574956 201.423 0 0 0 1 
Seq_Frame0027_ForcepToReference-SequenceTransformStatus = OK
Seq_Frame0027_Timestamp = 3.006
Seq_Frame0028_ForcepToReference-SequenceTransform =-0.518771 0.454388 0.724161 -161.674 0.851711 0.347949 0.391817 139.695 -0.0739339 0.820038 -0.567513 203.074 0 0 0 1 
Seq_Frame0028_ForcepToReference-SequenceTransformStatus = OK
Seq_Frame0028_Timestamp = 3.107
Seq_Frame0029_ForcepToReference-SequenceTransform =-0.544728 0.471216 0.693705 -161.905 0.83861 0.303832 0.452128 139.053 0.00227998 0.828035 -0.560672 204.9 0 0 0 1 
Seq_Frame0029_ForcepToReference-SequenceTransformStatus = OK
Seq_Frame0029_Timestamp = 3.208
Seq_Frame0030_ForcepToReference-SequenceTransform =-0.550051 0.473363 0.68802 -162.065 0.835004 0.297333 0.462992 139.09 0.0145925 0.829168 -0.558808 204.968 0 0 0 1 
Seq_Frame0030_ForcepToReference-SequenceTransformStatus = OK
Seq_Frame0030_Timestamp = 3.313
Seq_Frame0031_ForcepToReference-SequenceTransform =-0.547313 0.46567 0.695414 -162.084 0.836734 0.286547 0.466656 139.345 0.0180386 0.837283 -0.546472 204.357 0 0 0 1 
Seq_Frame0031_ForcepToReference-SequenceTransformStatus = OK
Seq_Frame0031_Timestamp = 3.416
Seq_Frame0032_ForcepToReference-SequenceTransform =-0.541778 0.46312 0.701424 -162.124 0.840344 0.281309 0.463344 139.579 0.0172671 0.840467 -0.541587 204.231 0 0 0 1 
Seq_Frame0032_ForcepToReference-SequenceTransformStatus = OK
Seq_Frame0032_Timestamp = 3.522
Seq_Frame0033_ForcepToReference-SequenceTransform =-0.53521 0.462898 0.706595 -162.14 0.844303 0.266884 0.464678 139.824 0.0265194 0.84528 -0.533665 204.208 0 0 0 1 
Seq_Frame0033_ForcepToReference-SequenceTransformStatus = OK
Seq_Frame0033_Timestamp = 3.627
Seq_Frame0034_ForcepToReference-SequenceTransform =-0.549753 0.52661 0.648424 -162.861 0.83417 0.386947 0.392979 138.616 -0.0439592 0.756937 -0.652008 207.559 0 0 0 1 
Seq_Frame0034_ForcepToReference-SequenceTransformStatus = OK
Seq_Frame0034_Timestamp = 3.748
Seq_Frame0035_ForcepToReference-SequenceTransform =-0.550709 0.520229 0.652749 -162.661 0.833732 0.380439 0.400197 138.834 -0.0401369 0.76461 -0.643243 207.2 0 0 0 1 
Seq_Frame0035_ForcepToReference-SequenceTransformStatus = OK
Seq_Frame0035_Timestamp = 3.848
Seq_Frame0036_ForcepToReference-SequenceTransform =-0.541612 0.467466 0.698664 -162.238 0.84061 0.295651 0.453834 139.38 0.00559178 0.833106 -0.553085 204.453 0 0 0 1 
Seq_Frame0036_ForcepToReference-SequenceTransformStatus = OK
Seq_Frame0036_Timestamp = 3.951
Seq_Frame0037_ForcepToReference-SequenceTransform =-0.54244 0.468855 0.69709 -162.266 0.840061 0.295253 0.455108 139.349 0.00756153 0.832467 -0.554024 204.436 0 0 0 1 
Seq_Frame0037_ForcepToReference-SequenceTransformStatus = OK
Seq_Frame0037_Timestamp = 4.056
Seq_Frame0038_ForcepToReference-SequenceTransform =-0.542116 0.46694 0.698625 -162.23 0.840252 0.29204 0.456824 139.387 0.00928262 0.834673 -0.550667 204.33 0 0 0 1 
Seq_Frame0038_ForcepToReference-SequenceTransformStatus = OK
Seq_Frame0038_Timestamp = 4.166
Seq_Frame0039_ForcepToReference-SequenceTransform =-0.54206 0.467836 0.698069 -162.172 0.840294 0.29311 0.456061 139.259 0.00875082 0.833796 -0.552003 204.551 0 0 0 1 
Seq_Frame0039_ForcepToReference-SequenceTransformStatus = OK
Seq_Frame0039_Timestamp = 4.267
Seq_Frame0040_ForcepToReference-SequenceTransform =-0.543918 0.472164 0.693696 -162.142 0.83913 0.30252 0.452042 138.875 0.00358102 0.827976 -0.560753 205.037 0 0 0 1 
Seq_Frame0040_ForcepToReference-SequenceTransformStatus = OK
Seq_Frame0040_Timestamp = 4.373
Seq_Frame0041_ForcepToReference-SequenceTransform =-0.542694 0.470372 0.695868 -162.095 0.839927 0.301731 0.451088 138.884 0.00221367 0.829282 -0.558827 204.993 0 0 0 1 
Seq_Frame0041_ForcepToReference-SequenceTransformStatus = OK
Seq_Frame0041_Timestamp = 4.476
Seq_Frame0042_ForcepToReference-SequenceTransform =-0.544646 0.468087 0.695885 -162.05 0.838552 0.29028 0.46105 139.2 0.0138104 0.834645 -0.550615 204.97 0 0 0 1 
Seq_Frame0042_ForcepToReference-SequenceTransformStatus = OK
Seq_Frame0042_Timestamp = 4.586
Seq_Frame0043_ForcepToReference-SequenceTransform =-0.537546 0.500679 0.678502 -161.182 0.842434 0.353917 0.406261 139.721 -0.036727 0.789977 -0.612036 207.792 0 0 0 1 
Seq_Frame0043_ForcepToReference-SequenceTransformStatus = OK
Seq_Frame0043_Timestamp = 4.691
Seq_Frame0044_ForcepToReference-SequenceTransform =-0.498383 0.459108 0.735414 -163.701 0.865419 0.313962 0.390484 140.505 -0.0516181 0.831052 -0.553795 205.462 0 0 0 1 
Seq_Frame0044_ForcepToReference-SequenceTransformStatus = OK
Seq_Frame0044_Timestamp = 4.801
Seq_Frame0045_ForcepToReference-SequenceTransform =-0.488542 0.466572 0.737318 -165.873 0.870299 0.321087 0.373473 140.531 -0.0624913 0.824144 -0.562922 204.283 0 0 0 1 
Seq_Frame0045_ForcepToReference-SequenceTransformStatus = OK
Seq_Frame0045_Timestamp = 4.902
Seq_Frame0046_ForcepToReference-SequenceTransform =-0.489111 0.399726 0.775236 -166.438 0.872105 0.238695 0.427152 140.608 -0.0143009 0.885011 -0.465351 201.799 0 0 0 1 
Seq_Frame0046_ForcepToReference-SequenceTransformStatus = OK
Seq_Frame0046_Timestamp = 5.006
Seq_Frame0047_ForcepToReference-SequenceTransform =-0.496775 0.400785 0.769796 -166.815 0.867795 0.241752 0.434152 139.84 -0.0120986 0.883701 -0.467896 202.108 0 0 0 1 
Seq_Frame0047_ForcepToReference-SequenceTransformStatus = OK
Seq_Frame0047_Timestamp = 5.111
Seq_Frame0048_ForcepToReference-SequenceTransform =-0.511691 0.410613 0.754698 -167.026 0.859062 0.258379 0.441874 139.235 -0.0135591 0.874435 -0.484952 202.682 0 0 0 1 
Seq_Frame0048_ForcepToReference-SequenceTransformStatus = OK
Seq_Frame0048_Timestamp = 5.217
Seq_Frame0049_ForcepToReference-SequenceTransform =-0.526113 0.41471 0.742442 -167.096 0.850377 0.26473 0.454727 138.799 -0.00796713 0.870594 -0.491938 202.973 0 0 0 1 
Seq_Frame0049_ForcepToReference-SequenceTransformStatus = OK
Seq_Frame0049_Timestamp = 5.326
Seq_Frame0050_ForcepToReference-SequenceTransform =-0.537666 0.416661 0.733014 -166.721 0.84309 0.276672 0.461141 138.786 -0.010665 0.865937 -0.50004 203.06 0 0 0 1 
Seq_Frame0050_ForcepToReference-SequenceTransformStatus = OK
Seq_Frame0050_Timestamp = 5.432
Seq_Frame0051_ForcepToReference-SequenceTransform =-0.541601 0.418425 0.729102 -166.678 0.840551 0.281897 0.46261 138.798 -0.011964 0.863397 -0.504383 203.069 0 0 0 1 
Seq_Frame0051_ForcepToReference-SequenceTransformStatus = OK
Seq_Frame0051_Timestamp = 5.532
Seq_Frame0052_ForcepToReference-SequenceTransform =-0.554067 0.421276 0.718009 -166.777 0.832389 0.292557 0.470679 138.529 -0.0117731 0.85845 -0.512761 203.081 0 0 0 1 
Seq_Frame0052_ForcepToReference-SequenceTransformStatus = OK
Seq_Frame0052_Timestamp = 5.642
Seq_Frame0053_ForcepToReference-SequenceTransform =-0.568631 0.426962 0.703109 -167.01 0.82229 0.318251 0.471759 138.047 -0.0223419 0.846416 -0.532053 203.133 0 0 0 1 
Seq_Frame0053_ForcepToReference-SequenceTransformStatus = OK
Seq_Frame0053_Timestamp = 5.742
Seq_Frame0054_ForcepToReference-SequenceTransform =-0.562764 0.407948 0.71894 -166.811 0.826592 0.270878 0.493326 138.897 0.0065058 0.871897 -0.489647 202.171 0 0 0 1 
Seq_Frame0054_ForcepToReference-SequenceTransformStatus = OK
Seq_Frame0054_Timestamp = 5.852
Seq_Frame0055_ForcepToReference-SequenceTransform =-0.568368 0.436235 0.697608 -166.832 0.821817 0.341903 0.455763 138.019 -0.0396947 0.832347 -0.552832 203.86 0 0 0 1 
Seq_Frame0055_ForcepToReference-SequenceTransformStatus = OK
Seq_Frame0055_Timestamp = 5.956
Seq_Frame0056_ForcepToReference-SequenceTransform =-0.568101 0.437171 0.697239 -166.876 0.821944 0.343473 0.45435 138.042 -0.0408541 0.831208 -0.554458 203.794 0 0 0 1 
Seq_Frame0056_ForcepToReference-SequenceTransformStatus = OK
Seq_Frame0056_Timestamp = 6.057
Seq_Frame0057_ForcepToReference-SequenceTransform =-0.566921 0.43635 0.698712 -166.893 0.822652 0.344112 0.452583 137.998 -0.0429505 0.831376 -0.554048 203.831 0 0 0 1 
Seq_Frame0057_ForcepToReference-SequenceTransformStatus = OK
Seq_Frame0057_Timestamp = 6.166
Seq_Frame0058_ForcepToReference-SequenceTransform =-0.568222 0.436881 0.697322 -166.907 0.82194 0.341733 0.455669 138.024 -0.0392248 0.832078 -0.55327 203.694 0 0 0 1 
Seq_Frame0058_ForcepToReference-SequenceTransformStatus = OK
Seq_Frame0058_Timestamp = 6.272
Seq_Frame0059_ForcepToReference-SequenceTransform =-0.567371 0.436554 0.698219 -166.817 0.822451 0.342419 0.454228 137.833 -0.040789 0.831967 -0.553323 203.932 0 0 0 1 
Seq_Frame0059_ForcepToReference-SequenceTransformStatus = OK
Seq_Frame0059_Timestamp = 6.376
Seq_Frame0060_ForcepToReference-SequenceTransform =-0.566708 0.435725 0.699276 -166.893 0.822796 0.343582 0.452723 137.865 -0.0429959 0.831923 -0.553223 203.954 0 0 0 1 
Seq_Frame0060_ForcepToReference-SequenceTransformStatus = OK
Seq_Frame0060_Timestamp = 6.481
Seq_Frame0061_ForcepToReference-SequenceTransform =-0.566332 0.434035 0.700629 -166.956 0.822955 0.344075 0.452059 138.06 -0.0448593 0.832602 -0.552052 203.612 0 0 0 1 
Seq_Frame0061_ForcepToReference-SequenceTransformStatus = OK
Seq_Frame0061_Timestamp = 6.581
Seq_Frame0062_ForcepToReference-SequenceTransform =-0.568039 0.435515 0.698326 -166.992 0.822031 0.341444 0.455721 138.112 -0.0399656 0.832912 -0.55196 203.588 0 0 0 1 
Seq_Frame0062_ForcepToReference-SequenceTransformStatus = OK
Seq_Frame0062_Timestamp = 6.682
Seq_Frame0063_ForcepToReference-SequenceTransform =-0.566977 0.435458 0.699224 -166.99 0.822454 0.346569 0.451065 138.205 -0.0459094 0.830823 -0.554641 203.547 0 0 0 1 
Seq_Frame0063_ForcepToReference-SequenceTransformStatus = OK
Seq_Frame0063_Timestamp = 6.786
Seq_Frame0064_ForcepToReference-SequenceTransform =-0.567487 0.43625 0.698315 -166.988 0.822193 0.34581 0.452123 138.16 -0.0442454 0.830724 -0.554924 203.572 0 0 0 1 
Seq_Frame0064_ForcepToReference-SequenceTransformStatus = OK
Seq_Frame0064_Timestamp = 6.893
Seq_Frame0065_ForcepToReference-SequenceTransform =-0.566764 0.434487 0.699999 -167.015 0.822638 0.345078 0.451872 138.2 -0.0452219 0.831951 -0.553004 203.45 0 0 0 1 
Seq_Frame0065_ForcepToReference-SequenceTransformStatus = OK
Seq_Frame0065_Timestamp = 6.998
Seq_Frame0066_ForcepToReference-SequenceTransform =-0.566714 0.43454 0.700007 -167.031 0.822651 0.345482 0.45154 138.196 -0.0456274 0.831755 -0.553264 203.421 0 0 0 1 
Seq_Frame0066_ForcepToReference-SequenceTransformStatus = OK
Seq_Frame0066_Timestamp = 7.107
Seq_Frame0067_ForcepToReference-SequenceTransform =-0.566072 0.434694 0.700431 -167.02 0.822978 0.347104 0.449695 138.081 -0.0476423 0.830999 -0.55423 203.585 0 0 0 1 
Seq_Frame0067_ForcepToReference-SequenceTransformStatus = OK
Seq_Frame0067_Timestamp = 7.214
Seq_Frame0068_ForcepToReference-SequenceTransform =-0.566807 0.435986 0.699032 -167.013 0.822581 0.346574 0.450829 138.139 -0.0457115 0.830544 -0.555075 203.519 0 0 0 1 
Seq_Frame0068_ForcepToReference-SequenceTransformStatus = OK
Seq_Frame0068_Timestamp = 7.316
Seq_Frame0069_ForcepToReference-SequenceTransform =-0.566624 0.434877 0.699872 -167.022 0.822749 0.344958 0.451761 138.163 -0.0449655 0.831797 -0.553255 203.519 0 0 0 1 
Seq_Frame0069_ForcepToReference-SequenceTransformStatus = OK
Seq_Frame0069_Timestamp = 7.421
Seq_Frame0070_ForcepToReference-SequenceTransform =-0.566451 0.435124 0.699857 -166.994 0.822766 0.346823 0.4503 138.168 -0.04679 0.830892 -0.554464 203.552 0 0 0 1 
Seq_Frame0070_ForcepToReference-SequenceTransformStatus = OK
Seq_Frame0070_Timestamp = 7.522
Seq_Frame0071_ForcepToReference-SequenceTransform =-0.566915 0.435411 0.699303 -166.98 0.822535 0.345786 0.451518 138.091 -0.045213 0.831173 -0.554172 203.688 0 0 0 1 
Seq_Frame0071_ForcepToReference-SequenceTransformStatus = OK
Seq_Frame0071_Timestamp = 7.626
Seq_Frame0072_ForcepToReference-SequenceTransform =-0.567143 0.435447 0.699095 -166.927 0.822488 0.343899 0.453041 138.042 -0.0431424 0.831937 -0.55319 203.707 0 0 0 1 
Seq_Frame0072_ForcepToReference-SequenceTransformStatus = OK
Seq_Frame0072_Timestamp = 7.731
Seq_Frame0073_ForcepToReference-SequenceTransform =-0.567193 0.435178 0.699223 -166.892 0.822525 0.342385 0.454121 137.927 -0.0417802 0.832702 -0.552143 203.747 0 0 0 1 
Seq_Frame0073_ForcepToReference-SequenceTransformStatus = OK
Seq_Frame0073_Timestamp = 7.831
Seq_Frame0074_ForcepToReference-SequenceTransform =-0.566866 0.435653 0.699191 -166.95 0.822624 0.344868 0.452057 137.996 -0.0441887 0.831428 -0.553873 203.715 0 0 0 1 
Seq_Frame0074_ForcepToReference-SequenceTransformStatus = OK
Seq_Frame0074_Timestamp = 7.932
Seq_Frame0075_ForcepToReference-SequenceTransform =-0.566573 0.435363 0.69961 -166.938 0.822779 0.345323 0.451428 137.974 -0.0450566 0.831391 -0.553858 203.812 0 0 0 1 
Seq_Frame0075_ForcepToReference-SequenceTransformStatus = OK
Seq_Frame0075_Timestamp = 8.042
Seq_Frame0076_ForcepToReference-SequenceTransform =-0.569611 0.436833 0.696219 -166.841 0.821144 0.339122 0.459041 137.912 -0.035579 0.833171 -0.55187 203.924 0 0 0 1 
Seq_Frame0076_ForcepToReference-SequenceTransformStatus = OK
Seq_Frame0076_Timestamp = 8.146
Seq_Frame0077_ForcepToReference-SequenceTransform =-0.576482 0.439173 0.689054 -166.851 0.816919 0.327979 0.474418 137.807 -0.0176432 0.836395 -0.547843 204.079 0 0 0 1 
Seq_Frame0077_ForcepToReference-SequenceTransformStatus = OK
Seq_Frame0077_Timestamp = 8.246
Seq_Frame0078_ForcepToReference-SequenceTransform =-0.564951 0.433612 0.702005 -166.839 0.823224 0.353919 0.443896 137.989 -0.0559744 0.828687 -0.556906 203.608 0 0 0 1 
Seq_Frame0078_ForcepToReference-SequenceTransformStatus = OK
Seq_Frame0078_Timestamp = 8.347
Seq_Frame0079_ForcepToReference-SequenceTransform =-0.568333 0.436861 0.697244 -166.889 0.821844 0.342206 0.455485 138.058 -0.0396173 0.831894 -0.553519 203.743 0 0 0 1 
Seq_Frame0079_ForcepToReference-SequenceTransformStatus = OK
Seq_Frame0079_Timestamp = 8.456
Seq_Frame0080_ForcepToReference-SequenceTransform =-0.567393 0.435665 0.698757 -166.915 0.822379 0.343009 0.453914 138.034 -0.0419256 0.832191 -0.552902 203.689 0 0 0 1 
Seq_Frame0080_ForcepToReference-SequenceTransformStatus = OK
Seq_Frame0080_Timestamp = 8.557
Seq_Frame0081_ForcepToReference-SequenceTransform =-0.56221 0.432967 0.704599 -166.854 0.824944 0.353578 0.440965 138.022 -0.0582068 0.829169 -0.555959 203.651 0 0 0 1 
Seq_Frame0081_ForcepToReference-SequenceTransformStatus = OK
Seq_Frame0081_Timestamp = 8.657
Seq_Frame0082_ForcepToReference-SequenceTransform =-0.558764 0.43263 0.707541 -166.884 0.826262 0.363687 0.430142 138.118 -0.0712313 0.824962 -0.560681 203.354 0 0 0 1 
Seq_Frame0082_ForcepToReference-SequenceTransformStatus = OK
Seq_Frame0082_Timestamp = 8.763
Seq_Frame0083_ForcepToReference-SequenceTransform =-0.561613 0.434412 0.704185 -166.868 0.825102 0.357438 0.437544 138.077 -0.0616277 0.826755 -0.559176 203.564 0 0 0 1 
Seq_Frame0083_ForcepToReference-SequenceTransformStatus = OK
Seq_Frame0083_Timestamp = 8.864
Seq_Frame0084_ForcepToReference-SequenceTransform =-0.565336 0.435989 0.700221 -166.874 0.823429 0.348289 0.447951 138.076 -0.0485774 0.829825 -0.555906 203.715 0 0 0 1 
Seq_Frame0084_ForcepToReference-SequenceTransformStatus = OK
Seq_Frame0084_Timestamp = 8.965
Seq_Frame0085_ForcepToReference-SequenceTransform =-0.567056 0.437484 0.697893 -166.88 0.822483 0.346389 0.45115 138.128 -0.0443715 0.829833 -0.556245 203.732 0 0 0 1 
Seq_Frame0085_ForcepToReference-SequenceTransformStatus = OK
Seq_Frame0085_Timestamp = 9.066
Seq_Frame0086_ForcepToReference-SequenceTransform =-0.567576 0.438142 0.697057 -166.834 0.822202 0.345757 0.452146 138.079 -0.0429085 0.829749 -0.556484 203.843 0 0 0 1 
Seq_Frame0086_ForcepToReference-SequenceTransformStatus = OK
Seq_Frame0086_Timestamp = 9.167
Seq_Frame0087_ForcepToReference-SequenceTransform =-0.567594 0.437569 0.697402 -166.848 0.822179 0.3456 0.452308 138.058 -0.0431061 0.830117 -0.555921 203.883 0 0 0 1 
Seq_Frame0087_ForcepToReference-SequenceTransformStatus = OK
Seq_Frame0087_Timestamp = 9.271
Seq_Frame0088_ForcepToReference-SequenceTransform =-0.56876 0.437253 0.696651 -166.807 0.821623 0.341215 0.456626 137.99 -0.0380468 0.832095 -0.553326 203.864 0 0 0 1 
Seq_Frame0088_ForcepToReference-SequenceTransformStatus = OK
Seq_Frame0088_Timestamp = 9.371
Seq_Frame0089_ForcepToReference-SequenceTransform =-0.567834 0.436763 0.697712 -166.82 0.822106 0.343452 0.454073 138.042 -0.0413081 0.831432 -0.554089 203.86 0 0 0 1 
Seq_Frame0089_ForcepToReference-SequenceTransformStatus = OK
Seq_Frame0089_Timestamp = 9.48
Seq_Frame0090_ForcepToReference-SequenceTransform =-0.567178 0.436874 0.698176 -166.838 0.822457 0.344995 0.452264 137.985 -0.0432848 0.830734 -0.554984 204 0 0 0 1 
Seq_Frame0090_ForcepToReference-SequenceTransformStatus = OK
Seq_Frame0090_Timestamp = 9.581
Seq_Frame0091_ForcepToReference-SequenceTransform =-0.568006 0.436689 0.697619 -166.833 0.821999 0.343309 0.454376 138.067 -0.0410776 0.83153 -0.553959 203.861 0 0 0 1 
Seq_Frame0091_ForcepToReference-SequenceTransformStatus = OK
Seq_Frame0091_Timestamp = 9.691
Seq_Frame0092_ForcepToReference-SequenceTransform =-0.567616 0.436497 0.698056 -166.813 0.822199 0.344244 0.453304 138.078 -0.0424358 0.831244 -0.554286 203.794 0 0 0 1 
Seq_Frame0092_ForcepToReference-SequenceTransformStatus = OK
Seq_Frame0092_Timestamp = 9.791
Seq_Frame0093_ForcepToReference-SequenceTransform =-0.567245 0.437018 0.698031 -166.865 0.822418 0.345001 0.452331 138.02 -0.0431446 0.830656 -0.555111 203.911 0 0 0 1 
Seq_Frame0093_ForcepToReference-SequenceTransformStatus = OK
Seq_Frame0093_Timestamp = 9.896
Seq_Frame0094_ForcepToReference-SequenceTransform =-0.567163 0.436688 0.698305 -166.827 0.822473 0.344765 0.452411 138.014 -0.0431889 0.830927 -0.554702 203.926 0 0 0 1 
Seq_Frame0094_ForcepToReference-SequenceTransformStatus = OK
Seq_Frame0094_Timestamp = 10.001
Seq_Frame0095_ForcepToReference-SequenceTransform =-0.568617 0.43759 0.696555 -166.922 0.821702 0.341752 0.456082 138.081 -0.038472 0.831697 -0.553895 203.743 0 0 0 1 
Seq_Frame0095_ForcepToReference-SequenceTransformStatus = OK
Seq_Frame0095_Timestamp = 10.108
Seq_Frame0096_ForcepToReference-SequenceTransform =-0.567915 0.437451 0.697215 -166.883 0.822171 0.341445 0.455467 137.924 -0.0388159 0.831896 -0.553572 203.939 0 0 0 1 
Seq_Frame0096_ForcepToReference-SequenceTransformStatus = OK
Seq_Frame0096_Timestamp = 10.215
Seq_Frame0097_ForcepToReference-SequenceTransform =-0.566984 0.436319 0.69868 -166.891 0.822672 0.342881 0.453479 137.93 -0.041703 0.8319 -0.553356 203.944 0 0 0 1 
Seq_Frame0097_ForcepToReference-SequenceTransformStatus = OK
Seq_Frame0097_Timestamp = 10.316
Seq_Frame0098_ForcepToReference-SequenceTransform =-0.566704 0.437129 0.698402 -166.894 0.82269 0.346534 0.450661 138.01 -0.0450229 0.829959 -0.556004 203.875 0 0 0 1 
Seq_Frame0098_ForcepToReference-SequenceTransformStatus = OK
Seq_Frame0098_Timestamp = 10.416
Seq_Frame0099_ForcepToReference-SequenceTransform =-0.567536 0.436805 0.697929 -166.869 0.822308 0.343314 0.453812 138.019 -0.0413815 0.831467 -0.554031 203.81 0 0 0 1 
Seq_Frame0099_ForcepToReference-SequenceTransformStatus = OK
Seq_Frame0099_Timestamp = 10.526
Seq_Frame0100_ForcepToReference-SequenceTransform =-0.565819 0.435866 0.699907 -166.878 0.823162 0.347481 0.449068 138.043 -0.0474707 0.830228 -0.5554 203.781 0 0 0 1 
Seq_Frame0100_ForcepToReference-SequenceTransformStatus = OK
Seq_Frame0100_Timestamp = 10.631
Seq_Frame0101_ForcepToReference-SequenceTransform =-0.56617 0.435733 0.699706 -166.894 0.822974 0.346733 0.449989 138.112 -0.0465363 0.83061 -0.554907 203.639 0 0 0 1 
Seq_Frame0101_ForcepToReference-SequenceTransformStatus = OK
Seq_Frame0101_Timestamp = 10.739
Seq_Frame0102_ForcepToReference-SequenceTransform =-0.565764 0.435105 0.700425 -166.873 0.823239 0.346256 0.449872 138.044 -0.0467851 0.831138 -0.554094 203.731 0 0 0 1 
Seq_Frame0102_ForcepToReference-SequenceTransformStatus = OK
Seq_Frame0102_Timestamp = 10.841
Seq_Frame0103_ForcepToReference-SequenceTransform =-0.565065 0.435576 0.700696 -166.881 0.823544 0.349005 0.447181 137.945 -0.0497648 0.82974 -0.555927 203.962 0 0 0 1 
Seq_Frame0103_ForcepToReference-SequenceTransformStatus = OK
Seq_Frame0103_Timestamp = 10.946
Seq_Frame0104_ForcepToReference-SequenceTransform =-0.564954 0.435408 0.70089 -166.851 0.823613 0.348928 0.447114 137.961 -0.0498831 0.829861 -0.555736 203.779 0 0 0 1 
Seq_Frame0104_ForcepToReference-SequenceTransformStatus = OK
Seq_Frame0104_Timestamp = 11.056
Seq_Frame0105_ForcepToReference-SequenceTransform =-0.565156 0.435429 0.700714 -166.863 0.823561 0.347633 0.448216 137.938 -0.0484251 0.830393 -0.55507 203.806 0 0 0 1 
Seq_Frame0105_ForcepToReference-SequenceTransformStatus = OK
Seq_Frame0105_Timestamp = 11.164
Seq_Frame0106_ForcepToReference-SequenceTransform =-0.565835 0.436371 0.699579 -166.862 0.823129 0.348186 0.44858 137.936 -0.0478367 0.829667 -0.556206 203.89 0 0 0 1 
Seq_Frame0106_ForcepToReference-SequenceTransformStatus = OK
Seq_Frame0106_Timestamp = 11.267
Seq_Frame0107_ForcepToReference-SequenceTransform =-0.566851 0.436355 0.698766 -166.879 0.822654 0.344926 0.451958 137.936 -0.0438085 0.831036 -0.554491 203.876 0 0 0 1 
Seq_Frame0107_ForcepToReference-SequenceTransformStatus = OK
Seq_Frame0107_Timestamp = 11.367
Seq_Frame0108_ForcepToReference-SequenceTransform =-0.566764 0.435664 0.699268 -166.916 0.822733 0.344051 0.452481 138.029 -0.0434541 0.831761 -0.553431 203.753 0 0 0 1 
Seq_Frame0108_ForcepToReference-SequenceTransformStatus = OK
Seq_Frame0108_Timestamp = 11.474
Seq_Frame0109_ForcepToReference-SequenceTransform =-0.566063 0.436853 0.699094 -166.842 0.823115 0.346144 0.450184 137.782 -0.045323 0.830267 -0.555519 204.091 0 0 0 1 
Seq_Frame0109_ForcepToReference-SequenceTransformStatus = OK
Seq_Frame0109_Timestamp = 11.581
Seq_Frame0110_ForcepToReference-SequenceTransform =-0.565552 0.435757 0.70019 -166.906 0.823422 0.34584 0.449857 137.808 -0.0461252 0.83097 -0.554402 204.091 0 0 0 1 
Seq_Frame0110_ForcepToReference-SequenceTransformStatus = OK
Seq_Frame0110_Timestamp = 11.682
Seq_Frame0111_ForcepToReference-SequenceTransform =-0.567464 0.437025 0.69785 -166.846 0.822408 0.342387 0.454331 137.859 -0.0403807 0.831734 -0.553705 203.906 0 0 0 1 
Seq_Frame0111_ForcepToReference-SequenceTransformStatus = OK
Seq_Frame0111_Timestamp = 11.791
Seq_Frame0112_ForcepToReference-SequenceTransform =-0.572004 0.42865 0.699336 -167.061 0.818984 0.345824 0.457899 137.405 -0.0455688 0.834665 -0.54887 203.418 0 0 0 1 
Seq_Frame0112_ForcepToReference-SequenceTransformStatus = OK
Seq_Frame0112_Timestamp = 12.641
Seq_Frame0113_ForcepToReference-SequenceTransform =-0.572004 0.42865 0.699336 -167.061 0.818984 0.345824 0.457899 137.405 -0.0455688 0.834665 -0.54887 203.418 0 0 0 1 
Seq_Frame0113_ForcepToReference-SequenceTransformStatus = OK
Seq_Frame0113_Timestamp = 19.151
Seq_Frame0114_ForcepToReference-SequenceTransform =-0.572004 0.42865 0.699336 -167.061 0.818984 0.345824 0.457899 137.405 -0.0455688 0.834665 -0.54887 203.418 0 0 0 1 
Seq_Frame0114_ForcepToReference-SequenceTransformStatus = OK
Seq_Frame0114_Timestamp = 19.252
Seq_Frame0115_ForcepToReference-SequenceTransform =-0.572004 0.42865 0.699336 -167.061 0.818984 0.345824 0.457899 137.405 -0.0455688 0.834665 -0.54887 203.418 0 0 0 1 
Seq_Frame0115_ForcepToReference-SequenceTransformStatus = OK
Seq_Frame0115_Timestamp = 19.364
Seq_Frame0116_ForcepToReference-SequenceTransform =-0.572004 0.42865 0.699336 -167.061 0.818984 0.345824 0.457899 137.405 -0.0455688 0.834665 -0.54887 203.418 0 0 0 1 
Seq_Frame0116_ForcepToReference-SequenceTransformStatus = OK
Seq_Frame0116_Timestamp = 19.48
Seq_Frame0117_ForcepToReference-SequenceTransform =-0.572004 0.42865 0.699336 -167.061 0.818984 0.345824 0.457899 137.405 -0.0455688 0.834665 -0.54887 203.418 0 0 0 1 
Seq_Frame0117_ForcepToReference-SequenceTransformStatus = OK
Seq_Frame0117_Timestamp = 19.592
Seq_Frame0118_ForcepToReference-SequenceTransform =-0.572004 0.42865 0.699336 -167.061 0.818984 0.345824 0.457899 137.405 -0.0455688 0.834665 -0.54887 203.418 0 0 0 1 
Seq_Frame0118_ForcepToReference-SequenceTransformStatus = OK
Seq_Frame0118_Timestamp = 19.696
Seq_Frame0119_ForcepToReference-SequenceTransform =-0.572004 0.42865 0.699336 -167.061 0.818984 0.345824 0.457899 137.405 -0.0455688 0.834665 -0.54887 203.418 0 0 0 1 
Seq_Frame0119_ForcepToReference-SequenceTransformStatus = OK
Seq_Frame0119_Timestamp = 19.797
Seq_Frame0120_ForcepToReference-SequenceTransform =-0.572004 0.42865 0.699336 -167.061 0.818984 0.345824 0.457899 137.405 -0.0455688 0.834665 -0.54887 203.418 0 0 0 1 
Seq_Frame0120_ForcepToReference-SequenceTransformStatus = OK
Seq_Frame0120_Timestamp = 19.907
Seq_Frame0121_ForcepToReference-SequenceTransform =-0.572004 0.42865 0.699336 -167.061 0.818984 0.345824 0.457899 137.405 -0.0455688 0.834665 -0.54887 203.418 0 0 0 1 
Seq_Frame0121_ForcepToReference-SequenceTransformStatus = OK
Seq_Frame0121_Timestamp = 20.017
Seq_Frame0122_ForcepToReference-SequenceTransform =-0.572004 0.42865 0.699336 -167.061 0.818984 0.345824 0.457899 137.405 -0.0455688 0.834665 -0.54887 203.418 0 0 0 1 
Seq_Frame0122_ForcepToReference-SequenceTransformStatus = OK
Seq_Frame0122_Timestamp = 20.121
Seq_Frame0123_ForcepToReference-SequenceTransform =-0.572004 0.42865 0.699336 -167.061 0.818984 0.345824 0.457899 137.405 -0.0455688 0.834665 -0.54887 203.418 0 0 0 1 
Seq_Frame0123_ForcepToReference-SequenceTransformStatus = OK
Seq_Frame0123_Timestamp = 20.222
Seq_Frame0124_ForcepToReference-SequenceTransform =-0.572004 0.42865 0.699336 -167.061 0.818984 0.345824 0.457899 137.405 -0.0455688 0.834665 -0.54887 203.418 0 0 0 1 
Seq_Frame0124_ForcepToReference-SequenceTransformStatus = OK
Seq_Frame0124_Timestamp = 20.326
Seq_Frame0125_ForcepToReference-SequenceTransform =-0.572004 0.42865 0.699336 -167.061 0.818984 0.345824 0.457899 137.405 -0.0455688 0.834665 -0.54887 203.418 0 0 0 1 
Seq_Frame0125_ForcepToReference-SequenceTransformStatus = OK
Seq_Frame0125_Timestamp = 20.426
Seq_Frame0126_ForcepToReference-SequenceTransform =-0.572004 0.42865 0.699336 -167.061 0.818984 0.345824 0.457899 137.405 -0.0455688 0.834665 -0.54887 203.418 0 0 0 1 
Seq_Frame0126_ForcepToReference-SequenceTransformStatus = OK
Seq_Frame0126_Timestamp = 20.534
Seq_Frame0127_ForcepToReference-SequenceTransform =-0.572004 0.42865 0.699336 -167.061 0.818984 0.345824 0.457899 137.405 -0.0455688 0.834665 -0.54887 203.418 0 0 0 1 
Seq_Frame0127_ForcepToReference-SequenceTransformStatus = OK
Seq_Frame0127_Timestamp = 20.64
Seq_Frame0128_ForcepToReference-SequenceTransform =-0.572004 0.42865 0.699336 -167.061 0.818984 0.345824 0.457899 137.405 -0.0455688 0.834665 -0.54887 203.418 0 0 0 1 
Seq_Frame0128_ForcepToReference-SequenceTransformStatus = OK
Seq_Frame0128_Timestamp = 20.746
Seq_Frame0129_ForcepToReference-SequenceTransform =-0.491223 0.369954 0.788565 -170.192 0.86664 0.298404 0.399863 137.404 -0.0873802 0.879823 -0.4672 193.673 0 0 0 1 
Seq_Frame0129_ForcepToReference-SequenceTransformStatus = OK
Seq_Frame0129_Timestamp = 20.856
Seq_Frame0130_ForcepToReference-SequenceTransform =-0.533144 0.440336 0.7224 -171.264 0.845347 0.31142 0.434057 136.745 -0.0338389 0.842094 -0.538269 198.836 0 0 0 1 
Seq_Frame0130_ForcepToReference-SequenceTransformStatus = OK
Seq_Frame0130_Timestamp = 20.957
Seq_Frame0131_ForcepToReference-SequenceTransform =-0.545117 0.510137 0.665288 -170.462 0.8382 0.316134 0.444387 136.709 0.0163786 0.799887 -0.599927 202.336 0 0 0 1 
Seq_Frame0131_ForcepToReference-SequenceTransformStatus = OK
Seq_Frame0131_Timestamp = 21.061
Seq_Frame0132_ForcepToReference-SequenceTransform =-0.546142 0.488577 0.680457 -170.552 0.837684 0.322311 0.44091 136.346 -0.00390066 0.810807 -0.5853 202.288 0 0 0 1 
Seq_Frame0132_ForcepToReference-SequenceTransformStatus = OK
Seq_Frame0132_Timestamp = 21.165
Seq_Frame0133_ForcepToReference-SequenceTransform =-0.545344 0.459814 0.700836 -172.335 0.836581 0.350706 0.420877 135.862 -0.0522624 0.815829 -0.575927 200.51 0 0 0 1 
Seq_Frame0133_ForcepToReference-SequenceTransformStatus = OK
Seq_Frame0133_Timestamp = 21.267
Seq_Frame0134_ForcepToReference-SequenceTransform =-0.610947 0.323147 0.722717 -188.044 0.783643 0.376531 0.494094 128.119 -0.112461 0.868217 -0.483272 189.34 0 0 0 1 
Seq_Frame0134_ForcepToReference-SequenceTransformStatus = OK
Seq_Frame0134_Timestamp = 21.367
Seq_Frame0135_ForcepToReference-SequenceTransform =-0.685091 0.300744 0.663478 -193.875 0.709443 0.482197 0.513981 126.779 -0.16535 0.822824 -0.54371 183.954 0 0 0 1 
Seq_Frame0135_ForcepToReference-SequenceTransformStatus = OK
Seq_Frame0135_Timestamp = 21.474
Seq_Frame0136_ForcepToReference-SequenceTransform =-0.646261 0.219368 0.730906 -200.235 0.745166 0.387925 0.542441 122.006 -0.164542 0.895205 -0.414166 180.058 0 0 0 1 
Seq_Frame0136_ForcepToReference-SequenceTransformStatus = OK
Seq_Frame0136_Timestamp = 21.582
Seq_Frame0137_ForcepToReference-SequenceTransform =-0.653905 0.2232 0.722904 -200.609 0.741123 0.381101 0.552719 121.896 -0.152133 0.897187 -0.414622 179.693 0 0 0 1 
Seq_Frame0137_ForcepToReference-SequenceTransformStatus = OK
Seq_Frame0137_Timestamp = 21.686
Seq_Frame0138_ForcepToReference-SequenceTransform =-0.653151 0.222107 0.723922 -200.604 0.741355 0.382283 0.551591 121.929 -0.154231 0.896955 -0.414349 179.659 0 0 0 1 
Seq_Frame0138_ForcepToReference-SequenceTransformStatus = OK
Seq_Frame0138_Timestamp = 21.792
Seq_Frame0139_ForcepToReference-SequenceTransform =-0.0194567 0.415517 0.909377 -117.18 0.932869 0.334763 -0.133002 245.251 -0.359691 0.845742 -0.394136 138.733 0 0 0 1 
Seq_Frame0139_ForcepToReference-SequenceTransformStatus = OK
Seq_Frame0139_Timestamp = 22.857
Seq_Frame0140_ForcepToReference-SequenceTransform =0.551338 0.808867 0.204356 -34.7224 0.111172 0.171534 -0.978886 233.879 -0.826842 0.562415 0.00465029 86.2937 0 0 0 1 
Seq_Frame0140_ForcepToReference-SequenceTransformStatus = OK
Seq_Frame0140_Timestamp = 22.966
Seq_Frame0141_ForcepToReference-SequenceTransform =0.502201 0.710283 0.493247 -44.2651 0.307381 0.386517 -0.869552 244.319 -0.808277 0.588305 -0.0242179 83.2893 0 0 0 1 
Seq_Frame0141_ForcepToReference-SequenceTransformStatus = OK
Seq_Frame0141_Timestamp = 23.072
Seq_Frame0142_ForcepToReference-SequenceTransform =0.452819 0.622085 0.638721 -51.2424 0.341903 0.540457 -0.768771 245.95 -0.823442 0.566495 0.0320359 77.7312 0 0 0 1 
Seq_Frame0142_ForcepToReference-SequenceTransformStatus = OK
Seq_Frame0142_Timestamp = 23.181
Seq_Frame0143_ForcepToReference-SequenceTransform =0.489094 0.631099 0.602081 -45.4878 0.21821 0.579794 -0.784999 238.932 -0.844495 0.515319 0.145861 67.2076 0 0 0 1 
Seq_Frame0143_ForcepToReference-SequenceTransformStatus = OK
Seq_Frame0143_Timestamp = 23.282
Seq_Frame0144_ForcepToReference-SequenceTransform =0.350155 0.605776 0.714442 -55.6525 0.381269 0.604511 -0.699429 239.278 -0.855585 0.517303 -0.0192907 67.5952 0 0 0 1 
Seq_Frame0144_ForcepToReference-SequenceTransformStatus = OK
Seq_Frame0144_Timestamp = 23.397
Seq_Frame0145_ForcepToReference-SequenceTransform =0.374137 0.642993 0.668268 -50.3175 0.230441 0.633542 -0.738595 238.679 -0.898286 0.430332 0.0888591 58.8395 0 0 0 1 
Seq_Frame0145_ForcepToReference-SequenceTransformStatus = OK
Seq_Frame0145_Timestamp = 23.501
Seq_Frame0146_ForcepToReference-SequenceTransform =0.295516 0.678458 0.672581 -51.1501 0.108064 0.675766 -0.729152 237.253 -0.949206 0.288158 0.126383 46.1109 0 0 0 1 
Seq_Frame0146_ForcepToReference-SequenceTransformStatus = OK
Seq_Frame0146_Timestamp = 23.607
Seq_Frame0147_ForcepToReference-SequenceTransform =0.207651 0.732099 0.648778 -53.8818 -0.10897 0.676418 -0.728412 231.233 -0.972114 0.0805585 0.220236 30.6499 0 0 0 1 
Seq_Frame0147_ForcepToReference-SequenceTransformStatus = OK
Seq_Frame0147_Timestamp = 23.811
Seq_Frame0148_ForcepToReference-SequenceTransform =0.225002 -0.464153 -0.856701 -50.6533 0.955283 -0.0680398 0.287757 220.678 -0.191853 -0.883138 0.428088 26.3868 0 0 0 1 
Seq_Frame0148_ForcepToReference-SequenceTransformStatus = OK
Seq_Frame0148_Timestamp = 24.097
Seq_Frame0149_ForcepToReference-SequenceTransform =0.343243 -0.380381 -0.858775 -23.7422 0.709869 -0.493656 0.502384 178.478 -0.615037 -0.782057 0.100577 12.4199 0 0 0 1 
Seq_Frame0149_ForcepToReference-SequenceTransformStatus = OK
Seq_Frame0149_Timestamp = 24.541
Seq_Frame0150_ForcepToReference-SequenceTransform =0.360726 -0.467974 -0.806769 -22.2665 0.46552 -0.659216 0.59053 155.925 -0.808188 -0.588587 -0.019945 11.9631 0 0 0 1 
Seq_Frame0150_ForcepToReference-SequenceTransformStatus = OK
Seq_Frame0150_Timestamp = 24.646
Seq_Frame0151_ForcepToReference-SequenceTransform =0.351793 -0.550651 -0.756984 -22.9842 0.417692 -0.631364 0.653386 150.12 -0.83772 -0.546043 0.007893 5.9933 0 0 0 1 
