ObjectType = Image
NDims = 3
AnatomicalOrientation = RAI
BinaryData = True
CompressedData = False
DimSize = 0 0 2096
ElementSpacing = 1 1 1
Offset = 0 0 0
TransformMatrix = 1 0 0 0 1 0 0 0 1
ElementType = MET_UCHAR
Kinds = domain domain list
Seq_Frame0000_DriverToReference-SequenceTransform =-0.719793 -0.683435 0.121714 74.0392 0.379708 -0.534393 -0.755147 11.4676 0.581137 -0.497333 0.644158 20.0549 0 0 0 1 
Seq_Frame0000_DriverToReference-SequenceTransformStatus = OK
Seq_Frame0000_Timestamp = 0.00999999
Seq_Frame0001_DriverToReference-SequenceTransform =-0.720156 -0.683027 0.12186 74.0493 0.379066 -0.534449 -0.755429 11.5045 0.581106 -0.497834 0.643799 20.0312 0 0 0 1 
Seq_Frame0001_DriverToReference-SequenceTransformStatus = OK
Seq_Frame0001_Timestamp = 0.111
Seq_Frame0002_DriverToReference-SequenceTransform =-0.720952 -0.682554 0.119785 74.0602 0.379619 -0.533605 -0.755748 11.4452 0.579757 -0.499386 0.643814 20.0363 0 0 0 1 
Seq_Frame0002_DriverToReference-SequenceTransformStatus = OK
Seq_Frame0002_Timestamp = 0.213
Seq_Frame0003_DriverToReference-SequenceTransform =-0.719275 -0.683813 0.122655 74.0449 0.379253 -0.53441 -0.755363 11.4656 0.582075 -0.496796 0.643726 20.0668 0 0 0 1 
Seq_Frame0003_DriverToReference-SequenceTransformStatus = OK
Seq_Frame0003_Timestamp = 0.321
Seq_Frame0004_DriverToReference-SequenceTransform =-0.720667 -0.682671 0.120826 74.0603 0.379483 -0.534291 -0.755332 11.4994 0.580199 -0.498491 0.644108 20.0242 0 0 0 1 
Seq_Frame0004_DriverToReference-SequenceTransformStatus = OK
Seq_Frame0004_Timestamp = 0.43
Seq_Frame0005_DriverToReference-SequenceTransform =-0.71937 -0.683776 0.122296 74.0513 0.37905 -0.533957 -0.755785 11.4446 0.582089 -0.497333 0.643298 20.1168 0 0 0 1 
Seq_Frame0005_DriverToReference-SequenceTransformStatus = OK
Seq_Frame0005_Timestamp = 0.536
Seq_Frame0006_DriverToReference-SequenceTransform =-0.721802 -0.681422 0.121105 74.099 0.377727 -0.534482 -0.756076 11.5046 0.579935 -0.499992 0.643182 20.0643 0 0 0 1 
Seq_Frame0006_DriverToReference-SequenceTransformStatus = OK
Seq_Frame0006_Timestamp = 0.64
Seq_Frame0007_DriverToReference-SequenceTransform =-0.719797 -0.68315 0.123281 74.0961 0.377991 -0.534663 -0.755816 11.5488 0.58225 -0.497435 0.643073 20.0453 0 0 0 1 
Seq_Frame0007_DriverToReference-SequenceTransformStatus = OK
Seq_Frame0007_Timestamp = 0.751
Seq_Frame0008_DriverToReference-SequenceTransform =-0.720793 -0.682716 0.119815 74.0484 0.379529 -0.533366 -0.755962 11.4098 0.580013 -0.499419 0.643557 20.0798 0 0 0 1 
Seq_Frame0008_DriverToReference-SequenceTransformStatus = OK
Seq_Frame0008_Timestamp = 0.856
Seq_Frame0009_DriverToReference-SequenceTransform =-0.721562 -0.682073 0.11885 74.0546 0.37935 -0.533088 -0.756248 11.4525 0.579174 -0.500594 0.6434 19.9632 0 0 0 1 
Seq_Frame0009_DriverToReference-SequenceTransformStatus = OK
Seq_Frame0009_Timestamp = 0.957
Seq_Frame0010_DriverToReference-SequenceTransform =-0.720159 -0.683312 0.120228 74.0054 0.379999 -0.533448 -0.755668 11.4297 0.580493 -0.498515 0.643825 19.9912 0 0 0 1 
Seq_Frame0010_DriverToReference-SequenceTransformStatus = OK
Seq_Frame0010_Timestamp = 1.061
Seq_Frame0011_DriverToReference-SequenceTransform =-0.720768 -0.682784 0.119579 74.0307 0.379483 -0.533034 -0.756219 11.3826 0.580074 -0.49968 0.643299 20.0604 0 0 0 1 
Seq_Frame0011_DriverToReference-SequenceTransformStatus = OK
Seq_Frame0011_Timestamp = 1.161
Seq_Frame0012_DriverToReference-SequenceTransform =-0.72036 -0.683163 0.119876 74.0171 0.380896 -0.534076 -0.754772 11.4143 0.579655 -0.498047 0.644941 20.0321 0 0 0 1 
Seq_Frame0012_DriverToReference-SequenceTransformStatus = OK
Seq_Frame0012_Timestamp = 1.265
Seq_Frame0013_DriverToReference-SequenceTransform =-0.720541 -0.682914 0.120203 74.0445 0.380943 -0.534702 -0.754305 11.4744 0.579398 -0.497717 0.645426 20.0463 0 0 0 1 
Seq_Frame0013_DriverToReference-SequenceTransformStatus = OK
Seq_Frame0013_Timestamp = 1.376
Seq_Frame0014_DriverToReference-SequenceTransform =-0.720247 -0.682917 0.121935 74.0537 0.380309 -0.535709 -0.75391 11.5785 0.58018 -0.496629 0.645562 19.9819 0 0 0 1 
Seq_Frame0014_DriverToReference-SequenceTransformStatus = OK
Seq_Frame0014_Timestamp = 1.477
Seq_Frame0015_DriverToReference-SequenceTransform =-0.719508 -0.683572 0.122628 74.0367 0.379577 -0.534941 -0.754824 11.5316 0.581575 -0.496555 0.644363 20.0024 0 0 0 1 
Seq_Frame0015_DriverToReference-SequenceTransformStatus = OK
Seq_Frame0015_Timestamp = 1.578
Seq_Frame0016_DriverToReference-SequenceTransform =-0.719388 -0.683743 0.122382 74.0464 0.380312 -0.53515 -0.754305 11.5275 0.581243 -0.496095 0.645016 20.0196 0 0 0 1 
Seq_Frame0016_DriverToReference-SequenceTransformStatus = OK
Seq_Frame0016_Timestamp = 1.685
Seq_Frame0017_DriverToReference-SequenceTransform =-0.720465 -0.682784 0.12139 74.0548 0.379715 -0.534865 -0.754808 11.5292 0.580299 -0.49772 0.644615 20.0127 0 0 0 1 
Seq_Frame0017_DriverToReference-SequenceTransformStatus = OK
Seq_Frame0017_Timestamp = 1.791
Seq_Frame0018_DriverToReference-SequenceTransform =-0.720453 -0.682836 0.121172 74.051 0.380002 -0.534856 -0.754671 11.5352 0.580125 -0.497659 0.644817 19.9682 0 0 0 1 
Seq_Frame0018_DriverToReference-SequenceTransformStatus = OK
Seq_Frame0018_Timestamp = 1.891
Seq_Frame0019_DriverToReference-SequenceTransform =-0.721321 -0.682028 0.120553 74.0702 0.378839 -0.534238 -0.755692 11.472 0.579808 -0.499427 0.643736 20.047 0 0 0 1 
Seq_Frame0019_DriverToReference-SequenceTransformStatus = OK
Seq_Frame0019_Timestamp = 2.001
Seq_Frame0020_DriverToReference-SequenceTransform =-0.720807 -0.682369 0.121693 74.0577 0.379276 -0.535244 -0.754761 11.5446 0.580161 -0.497881 0.644614 19.9497 0 0 0 1 
Seq_Frame0020_DriverToReference-SequenceTransformStatus = OK
Seq_Frame0020_Timestamp = 2.103
Seq_Frame0021_DriverToReference-SequenceTransform =-0.719399 -0.683818 0.121896 73.9937 0.381189 -0.535378 -0.753702 11.5095 0.580655 -0.495746 0.645814 19.9358 0 0 0 1 
Seq_Frame0021_DriverToReference-SequenceTransformStatus = OK
Seq_Frame0021_Timestamp = 2.206
Seq_Frame0022_DriverToReference-SequenceTransform =-0.718725 -0.684397 0.122614 74.0105 0.379862 -0.534213 -0.755196 11.4486 0.582356 -0.496202 0.643929 20.0377 0 0 0 1 
Seq_Frame0022_DriverToReference-SequenceTransformStatus = OK
Seq_Frame0022_Timestamp = 2.311
Seq_Frame0023_DriverToReference-SequenceTransform =-0.72025 -0.683315 0.119666 74.0169 0.380192 -0.533105 -0.755813 11.3728 0.580253 -0.498878 0.64376 20.0908 0 0 0 1 
Seq_Frame0023_DriverToReference-SequenceTransformStatus = OK
Seq_Frame0023_Timestamp = 2.416
Seq_Frame0024_DriverToReference-SequenceTransform =-0.720651 -0.682906 0.11959 74.0486 0.379119 -0.532589 -0.756715 11.3364 0.580458 -0.499988 0.642713 20.1606 0 0 0 1 
Seq_Frame0024_DriverToReference-SequenceTransformStatus = OK
Seq_Frame0024_Timestamp = 2.516
Seq_Frame0025_DriverToReference-SequenceTransform =-0.72125 -0.682455 0.118552 74.0523 0.379043 -0.532108 -0.757091 11.3286 0.579763 -0.501116 0.642462 20.1311 0 0 0 1 
Seq_Frame0025_DriverToReference-SequenceTransformStatus = OK
Seq_Frame0025_Timestamp = 2.626
Seq_Frame0026_DriverToReference-SequenceTransform =-0.721039 -0.682507 0.119525 74.0667 0.378617 -0.53256 -0.756987 11.3929 0.580303 -0.500563 0.642405 20.1532 0 0 0 1 
Seq_Frame0026_DriverToReference-SequenceTransformStatus = OK
Seq_Frame0026_Timestamp = 2.728
Seq_Frame0027_DriverToReference-SequenceTransform =-0.745698 -0.656757 0.112272 72.9285 0.368692 -0.547091 -0.751504 13.6624 0.554978 -0.519001 0.650105 23.9091 0 0 0 1 
Seq_Frame0027_DriverToReference-SequenceTransformStatus = OK
Seq_Frame0027_Timestamp = 2.831
Seq_Frame0028_DriverToReference-SequenceTransform =-0.787555 -0.608379 0.0981458 71.6922 0.281907 -0.497299 -0.820501 17.1397 0.547983 -0.618521 0.563157 22.2397 0 0 0 1 
Seq_Frame0028_DriverToReference-SequenceTransformStatus = OK
Seq_Frame0028_Timestamp = 2.934
Seq_Frame0029_DriverToReference-SequenceTransform =-0.815772 -0.570423 0.0955696 72.3657 0.204124 -0.438556 -0.875216 23.3836 0.541156 -0.694468 0.474198 20.5028 0 0 0 1 
Seq_Frame0029_DriverToReference-SequenceTransformStatus = OK
Seq_Frame0029_Timestamp = 3.035
Seq_Frame0030_DriverToReference-SequenceTransform =-0.813649 -0.579215 0.0498598 73.8338 0.21705 -0.382219 -0.898219 36.2993 0.539319 -0.720013 0.436711 16.4667 0 0 0 1 
Seq_Frame0030_DriverToReference-SequenceTransformStatus = OK
Seq_Frame0030_Timestamp = 3.135
Seq_Frame0031_DriverToReference-SequenceTransform =-0.852921 -0.521232 -0.0290179 71.0002 0.229883 -0.325102 -0.917313 63.2886 0.468699 -0.789066 0.397109 0.826333 0 0 0 1 
Seq_Frame0031_DriverToReference-SequenceTransformStatus = OK
Seq_Frame0031_Timestamp = 3.245
Seq_Frame0032_DriverToReference-SequenceTransform =-0.881187 -0.468583 -0.0627605 64.6007 0.18897 -0.227418 -0.955286 99.1732 0.433358 -0.853646 0.288946 -15.2368 0 0 0 1 
Seq_Frame0032_DriverToReference-SequenceTransformStatus = OK
Seq_Frame0032_Timestamp = 3.351
Seq_Frame0033_DriverToReference-SequenceTransform =-0.896292 -0.44015 -0.0541216 62.1075 0.164865 -0.217424 -0.962053 110.758 0.41168 -0.871203 0.267441 -19.37 0 0 0 1 
Seq_Frame0033_DriverToReference-SequenceTransformStatus = OK
Seq_Frame0033_Timestamp = 3.455
Seq_Frame0034_DriverToReference-SequenceTransform =-0.896292 -0.44015 -0.0541216 62.1075 0.164865 -0.217424 -0.962053 110.758 0.41168 -0.871203 0.267441 -19.37 0 0 0 1 
Seq_Frame0034_DriverToReference-SequenceTransformStatus = OK
Seq_Frame0034_Timestamp = 3.56
Seq_Frame0035_DriverToReference-SequenceTransform =-0.896292 -0.44015 -0.0541216 62.1075 0.164865 -0.217424 -0.962053 110.758 0.41168 -0.871203 0.267441 -19.37 0 0 0 1 
Seq_Frame0035_DriverToReference-SequenceTransformStatus = OK
Seq_Frame0035_Timestamp = 3.661
Seq_Frame0036_DriverToReference-SequenceTransform =-0.896292 -0.44015 -0.0541216 62.1075 0.164865 -0.217424 -0.962053 110.758 0.41168 -0.871203 0.267441 -19.37 0 0 0 1 
Seq_Frame0036_DriverToReference-SequenceTransformStatus = OK
Seq_Frame0036_Timestamp = 3.766
Seq_Frame0037_DriverToReference-SequenceTransform =-0.896292 -0.44015 -0.0541216 62.1075 0.164865 -0.217424 -0.962053 110.758 0.41168 -0.871203 0.267441 -19.37 0 0 0 1 
Seq_Frame0037_DriverToReference-SequenceTransformStatus = OK
Seq_Frame0037_Timestamp = 3.875
Seq_Frame0038_DriverToReference-SequenceTransform =-0.896292 -0.44015 -0.0541216 62.1075 0.164865 -0.217424 -0.962053 110.758 0.41168 -0.871203 0.267441 -19.37 0 0 0 1 
Seq_Frame0038_DriverToReference-SequenceTransformStatus = OK
Seq_Frame0038_Timestamp = 3.98
Seq_Frame0039_DriverToReference-SequenceTransform =-0.896292 -0.44015 -0.0541216 62.1075 0.164865 -0.217424 -0.962053 110.758 0.41168 -0.871203 0.267441 -19.37 0 0 0 1 
Seq_Frame0039_DriverToReference-SequenceTransformStatus = OK
Seq_Frame0039_Timestamp = 4.081
Seq_Frame0040_DriverToReference-SequenceTransform =-0.896292 -0.44015 -0.0541216 62.1075 0.164865 -0.217424 -0.962053 110.758 0.41168 -0.871203 0.267441 -19.37 0 0 0 1 
Seq_Frame0040_DriverToReference-SequenceTransformStatus = OK
Seq_Frame0040_Timestamp = 4.183
Seq_Frame0041_DriverToReference-SequenceTransform =-0.896292 -0.44015 -0.0541216 62.1075 0.164865 -0.217424 -0.962053 110.758 0.41168 -0.871203 0.267441 -19.37 0 0 0 1 
Seq_Frame0041_DriverToReference-SequenceTransformStatus = OK
Seq_Frame0041_Timestamp = 4.286
Seq_Frame0042_DriverToReference-SequenceTransform =-0.896292 -0.44015 -0.0541216 62.1075 0.164865 -0.217424 -0.962053 110.758 0.41168 -0.871203 0.267441 -19.37 0 0 0 1 
Seq_Frame0042_DriverToReference-SequenceTransformStatus = OK
Seq_Frame0042_Timestamp = 4.396
Seq_Frame0043_DriverToReference-SequenceTransform =-0.896292 -0.44015 -0.0541216 62.1075 0.164865 -0.217424 -0.962053 110.758 0.41168 -0.871203 0.267441 -19.37 0 0 0 1 
Seq_Frame0043_DriverToReference-SequenceTransformStatus = OK
Seq_Frame0043_Timestamp = 4.508
Seq_Frame0044_DriverToReference-SequenceTransform =-0.896292 -0.44015 -0.0541216 62.1075 0.164865 -0.217424 -0.962053 110.758 0.41168 -0.871203 0.267441 -19.37 0 0 0 1 
Seq_Frame0044_DriverToReference-SequenceTransformStatus = OK
Seq_Frame0044_Timestamp = 4.61
Seq_Frame0045_DriverToReference-SequenceTransform =-0.896292 -0.44015 -0.0541216 62.1075 0.164865 -0.217424 -0.962053 110.758 0.41168 -0.871203 0.267441 -19.37 0 0 0 1 
Seq_Frame0045_DriverToReference-SequenceTransformStatus = OK
Seq_Frame0045_Timestamp = 4.717
Seq_Frame0046_DriverToReference-SequenceTransform =-0.896292 -0.44015 -0.0541216 62.1075 0.164865 -0.217424 -0.962053 110.758 0.41168 -0.871203 0.267441 -19.37 0 0 0 1 
Seq_Frame0046_DriverToReference-SequenceTransformStatus = OK
Seq_Frame0046_Timestamp = 4.82
Seq_Frame0047_DriverToReference-SequenceTransform =-0.896292 -0.44015 -0.0541216 62.1075 0.164865 -0.217424 -0.962053 110.758 0.41168 -0.871203 0.267441 -19.37 0 0 0 1 
Seq_Frame0047_DriverToReference-SequenceTransformStatus = OK
Seq_Frame0047_Timestamp = 4.921
Seq_Frame0048_DriverToReference-SequenceTransform =-0.896292 -0.44015 -0.0541216 62.1075 0.164865 -0.217424 -0.962053 110.758 0.41168 -0.871203 0.267441 -19.37 0 0 0 1 
Seq_Frame0048_DriverToReference-SequenceTransformStatus = OK
Seq_Frame0048_Timestamp = 5.033
Seq_Frame0049_DriverToReference-SequenceTransform =-0.896292 -0.44015 -0.0541216 62.1075 0.164865 -0.217424 -0.962053 110.758 0.41168 -0.871203 0.267441 -19.37 0 0 0 1 
Seq_Frame0049_DriverToReference-SequenceTransformStatus = OK
Seq_Frame0049_Timestamp = 5.142
Seq_Frame0050_DriverToReference-SequenceTransform =-0.896292 -0.44015 -0.0541216 62.1075 0.164865 -0.217424 -0.962053 110.758 0.41168 -0.871203 0.267441 -19.37 0 0 0 1 
Seq_Frame0050_DriverToReference-SequenceTransformStatus = OK
Seq_Frame0050_Timestamp = 5.26
Seq_Frame0051_DriverToReference-SequenceTransform =-0.896292 -0.44015 -0.0541216 62.1075 0.164865 -0.217424 -0.962053 110.758 0.41168 -0.871203 0.267441 -19.37 0 0 0 1 
Seq_Frame0051_DriverToReference-SequenceTransformStatus = OK
Seq_Frame0051_Timestamp = 5.37
Seq_Frame0052_DriverToReference-SequenceTransform =-0.896292 -0.44015 -0.0541216 62.1075 0.164865 -0.217424 -0.962053 110.758 0.41168 -0.871203 0.267441 -19.37 0 0 0 1 
Seq_Frame0052_DriverToReference-SequenceTransformStatus = OK
Seq_Frame0052_Timestamp = 5.47
Seq_Frame0053_DriverToReference-SequenceTransform =-0.896292 -0.44015 -0.0541216 62.1075 0.164865 -0.217424 -0.962053 110.758 0.41168 -0.871203 0.267441 -19.37 0 0 0 1 
Seq_Frame0053_DriverToReference-SequenceTransformStatus = OK
Seq_Frame0053_Timestamp = 5.576
Seq_Frame0054_DriverToReference-SequenceTransform =-0.896292 -0.44015 -0.0541216 62.1075 0.164865 -0.217424 -0.962053 110.758 0.41168 -0.871203 0.267441 -19.37 0 0 0 1 
Seq_Frame0054_DriverToReference-SequenceTransformStatus = OK
Seq_Frame0054_Timestamp = 5.692
Seq_Frame0055_DriverToReference-SequenceTransform =-0.896292 -0.44015 -0.0541216 62.1075 0.164865 -0.217424 -0.962053 110.758 0.41168 -0.871203 0.267441 -19.37 0 0 0 1 
Seq_Frame0055_DriverToReference-SequenceTransformStatus = OK
Seq_Frame0055_Timestamp = 5.795
Seq_Frame0056_DriverToReference-SequenceTransform =-0.896292 -0.44015 -0.0541216 62.1075 0.164865 -0.217424 -0.962053 110.758 0.41168 -0.871203 0.267441 -19.37 0 0 0 1 
Seq_Frame0056_DriverToReference-SequenceTransformStatus = OK
Seq_Frame0056_Timestamp = 5.896
Seq_Frame0057_DriverToReference-SequenceTransform =-0.896292 -0.44015 -0.0541216 62.1075 0.164865 -0.217424 -0.962053 110.758 0.41168 -0.871203 0.267441 -19.37 0 0 0 1 
Seq_Frame0057_DriverToReference-SequenceTransformStatus = OK
Seq_Frame0057_Timestamp = 5.997
Seq_Frame0058_DriverToReference-SequenceTransform =-0.896292 -0.44015 -0.0541216 62.1075 0.164865 -0.217424 -0.962053 110.758 0.41168 -0.871203 0.267441 -19.37 0 0 0 1 
Seq_Frame0058_DriverToReference-SequenceTransformStatus = OK
Seq_Frame0058_Timestamp = 6.102
Seq_Frame0059_DriverToReference-SequenceTransform =-0.896292 -0.44015 -0.0541216 62.1075 0.164865 -0.217424 -0.962053 110.758 0.41168 -0.871203 0.267441 -19.37 0 0 0 1 
Seq_Frame0059_DriverToReference-SequenceTransformStatus = OK
Seq_Frame0059_Timestamp = 6.211
Seq_Frame0060_DriverToReference-SequenceTransform =-0.896292 -0.44015 -0.0541216 62.1075 0.164865 -0.217424 -0.962053 110.758 0.41168 -0.871203 0.267441 -19.37 0 0 0 1 
Seq_Frame0060_DriverToReference-SequenceTransformStatus = OK
Seq_Frame0060_Timestamp = 6.317
Seq_Frame0061_DriverToReference-SequenceTransform =-0.896292 -0.44015 -0.0541216 62.1075 0.164865 -0.217424 -0.962053 110.758 0.41168 -0.871203 0.267441 -19.37 0 0 0 1 
Seq_Frame0061_DriverToReference-SequenceTransformStatus = OK
Seq_Frame0061_Timestamp = 6.426
Seq_Frame0062_DriverToReference-SequenceTransform =-0.896292 -0.44015 -0.0541216 62.1075 0.164865 -0.217424 -0.962053 110.758 0.41168 -0.871203 0.267441 -19.37 0 0 0 1 
Seq_Frame0062_DriverToReference-SequenceTransformStatus = OK
Seq_Frame0062_Timestamp = 6.53
Seq_Frame0063_DriverToReference-SequenceTransform =-0.896292 -0.44015 -0.0541216 62.1075 0.164865 -0.217424 -0.962053 110.758 0.41168 -0.871203 0.267441 -19.37 0 0 0 1 
Seq_Frame0063_DriverToReference-SequenceTransformStatus = OK
Seq_Frame0063_Timestamp = 6.64
Seq_Frame0064_DriverToReference-SequenceTransform =-0.896292 -0.44015 -0.0541216 62.1075 0.164865 -0.217424 -0.962053 110.758 0.41168 -0.871203 0.267441 -19.37 0 0 0 1 
Seq_Frame0064_DriverToReference-SequenceTransformStatus = OK
Seq_Frame0064_Timestamp = 6.747
Seq_Frame0065_DriverToReference-SequenceTransform =-0.896292 -0.44015 -0.0541216 62.1075 0.164865 -0.217424 -0.962053 110.758 0.41168 -0.871203 0.267441 -19.37 0 0 0 1 
Seq_Frame0065_DriverToReference-SequenceTransformStatus = OK
Seq_Frame0065_Timestamp = 6.855
Seq_Frame0066_DriverToReference-SequenceTransform =-0.100136 -0.366467 -0.925027 -37.8358 -0.984412 0.171594 0.0385843 431.548 0.14459 0.914471 -0.377937 256.073 0 0 0 1 
Seq_Frame0066_DriverToReference-SequenceTransformStatus = OK
Seq_Frame0066_Timestamp = 6.966
Seq_Frame0067_DriverToReference-SequenceTransform =-0.100136 -0.366467 -0.925027 -37.8358 -0.984412 0.171594 0.0385843 431.548 0.14459 0.914471 -0.377937 256.073 0 0 0 1 
Seq_Frame0067_DriverToReference-SequenceTransformStatus = OK
Seq_Frame0067_Timestamp = 7.067
Seq_Frame0068_DriverToReference-SequenceTransform =-0.212265 -0.461076 -0.861599 -30.5853 -0.976977 0.119469 0.176757 429.434 0.021436 0.879282 -0.47582 270.822 0 0 0 1 
Seq_Frame0068_DriverToReference-SequenceTransformStatus = OK
Seq_Frame0068_Timestamp = 7.178
Seq_Frame0069_DriverToReference-SequenceTransform =-0.214901 -0.442176 -0.870803 -30.103 -0.975337 0.143144 0.168012 428.126 0.0503592 0.885432 -0.462032 266.362 0 0 0 1 
Seq_Frame0069_DriverToReference-SequenceTransformStatus = OK
Seq_Frame0069_Timestamp = 7.284
Seq_Frame0070_DriverToReference-SequenceTransform =0.0197259 -0.461063 -0.887148 -42.1615 -0.990456 0.112052 -0.0802579 424.684 0.136411 0.880264 -0.454453 254.538 0 0 0 1 
Seq_Frame0070_DriverToReference-SequenceTransformStatus = OK
Seq_Frame0070_Timestamp = 7.395
Seq_Frame0071_DriverToReference-SequenceTransform =0.0415379 -0.443742 -0.895191 -44.5519 -0.998522 0.0129845 -0.052769 426.989 0.0350394 0.89606 -0.442547 262.467 0 0 0 1 
Seq_Frame0071_DriverToReference-SequenceTransformStatus = OK
Seq_Frame0071_Timestamp = 7.506
Seq_Frame0072_DriverToReference-SequenceTransform =0.0272148 -0.424924 -0.90482 -43.5996 -0.997969 0.0406007 -0.0490835 426.869 0.0575931 0.904318 -0.422956 261.803 0 0 0 1 
Seq_Frame0072_DriverToReference-SequenceTransformStatus = OK
Seq_Frame0072_Timestamp = 7.613
Seq_Frame0073_DriverToReference-SequenceTransform =0.0272148 -0.424924 -0.90482 -43.5996 -0.997969 0.0406007 -0.0490835 426.869 0.0575931 0.904318 -0.422956 261.803 0 0 0 1 
Seq_Frame0073_DriverToReference-SequenceTransformStatus = OK
Seq_Frame0073_Timestamp = 7.725
Seq_Frame0074_DriverToReference-SequenceTransform =0.0272148 -0.424924 -0.90482 -43.5996 -0.997969 0.0406007 -0.0490835 426.869 0.0575931 0.904318 -0.422956 261.803 0 0 0 1 
Seq_Frame0074_DriverToReference-SequenceTransformStatus = OK
Seq_Frame0074_Timestamp = 7.83
Seq_Frame0075_DriverToReference-SequenceTransform =0.0272148 -0.424924 -0.90482 -43.5996 -0.997969 0.0406007 -0.0490835 426.869 0.0575931 0.904318 -0.422956 261.803 0 0 0 1 
Seq_Frame0075_DriverToReference-SequenceTransformStatus = OK
Seq_Frame0075_Timestamp = 7.941
Seq_Frame0076_DriverToReference-SequenceTransform =0.0272148 -0.424924 -0.90482 -43.5996 -0.997969 0.0406007 -0.0490835 426.869 0.0575931 0.904318 -0.422956 261.803 0 0 0 1 
Seq_Frame0076_DriverToReference-SequenceTransformStatus = OK
Seq_Frame0076_Timestamp = 8.051
Seq_Frame0077_DriverToReference-SequenceTransform =0.0272148 -0.424924 -0.90482 -43.5996 -0.997969 0.0406007 -0.0490835 426.869 0.0575931 0.904318 -0.422956 261.803 0 0 0 1 
Seq_Frame0077_DriverToReference-SequenceTransformStatus = OK
Seq_Frame0077_Timestamp = 8.158
Seq_Frame0078_DriverToReference-SequenceTransform =0.0272148 -0.424924 -0.90482 -43.5996 -0.997969 0.0406007 -0.0490835 426.869 0.0575931 0.904318 -0.422956 261.803 0 0 0 1 
Seq_Frame0078_DriverToReference-SequenceTransformStatus = OK
Seq_Frame0078_Timestamp = 8.266
Seq_Frame0079_DriverToReference-SequenceTransform =0.0272148 -0.424924 -0.90482 -43.5996 -0.997969 0.0406007 -0.0490835 426.869 0.0575931 0.904318 -0.422956 261.803 0 0 0 1 
Seq_Frame0079_DriverToReference-SequenceTransformStatus = OK
Seq_Frame0079_Timestamp = 8.371
Seq_Frame0080_DriverToReference-SequenceTransform =0.0272148 -0.424924 -0.90482 -43.5996 -0.997969 0.0406007 -0.0490835 426.869 0.0575931 0.904318 -0.422956 261.803 0 0 0 1 
Seq_Frame0080_DriverToReference-SequenceTransformStatus = OK
Seq_Frame0080_Timestamp = 8.48
Seq_Frame0081_DriverToReference-SequenceTransform =0.0272148 -0.424924 -0.90482 -43.5996 -0.997969 0.0406007 -0.0490835 426.869 0.0575931 0.904318 -0.422956 261.803 0 0 0 1 
Seq_Frame0081_DriverToReference-SequenceTransformStatus = OK
Seq_Frame0081_Timestamp = 8.588
Seq_Frame0082_DriverToReference-SequenceTransform =-0.780951 -0.444357 -0.438933 80.2467 -0.620403 0.47062 0.627389 391.33 -0.0722146 0.762276 -0.643211 277.968 0 0 0 1 
Seq_Frame0082_DriverToReference-SequenceTransformStatus = OK
Seq_Frame0082_Timestamp = 8.693
Seq_Frame0083_DriverToReference-SequenceTransform =-0.762971 -0.472195 -0.441482 85.0825 -0.645098 0.512312 0.566908 374.778 -0.0415148 0.717334 -0.695491 275.074 0 0 0 1 
Seq_Frame0083_DriverToReference-SequenceTransformStatus = OK
Seq_Frame0083_Timestamp = 8.801
Seq_Frame0084_DriverToReference-SequenceTransform =-0.769204 -0.493422 -0.406029 91.2098 -0.63792 0.555984 0.53286 357.966 -0.0371798 0.668892 -0.742429 274.728 0 0 0 1 
Seq_Frame0084_DriverToReference-SequenceTransformStatus = OK
Seq_Frame0084_Timestamp = 8.907
Seq_Frame0085_DriverToReference-SequenceTransform =-0.734601 -0.546163 -0.402575 102.595 -0.677185 0.627084 0.384948 345.526 0.0422035 0.555401 -0.830511 273.374 0 0 0 1 
Seq_Frame0085_DriverToReference-SequenceTransformStatus = OK
Seq_Frame0085_Timestamp = 9.015
Seq_Frame0086_DriverToReference-SequenceTransform =-0.707438 -0.616223 -0.346121 115.092 -0.706573 0.628328 0.325513 335.27 0.0168888 0.47484 -0.87991 270.811 0 0 0 1 
Seq_Frame0086_DriverToReference-SequenceTransformStatus = OK
Seq_Frame0086_Timestamp = 9.126
Seq_Frame0087_DriverToReference-SequenceTransform =-0.727752 -0.622753 -0.287326 123.584 -0.681849 0.61183 0.400932 323.615 -0.0738872 0.487692 -0.869883 265.001 0 0 0 1 
Seq_Frame0087_DriverToReference-SequenceTransformStatus = OK
Seq_Frame0087_Timestamp = 9.233
Seq_Frame0088_DriverToReference-SequenceTransform =-0.719208 -0.619074 -0.315417 119.428 -0.694549 0.628504 0.35012 310.619 -0.0185095 0.470882 -0.882002 249.054 0 0 0 1 
Seq_Frame0088_DriverToReference-SequenceTransformStatus = OK
Seq_Frame0088_Timestamp = 9.34
Seq_Frame0089_DriverToReference-SequenceTransform =-0.662385 -0.625918 -0.41167 109.899 -0.744775 0.609561 0.271559 306.554 0.0809645 0.486479 -0.869933 232.442 0 0 0 1 
Seq_Frame0089_DriverToReference-SequenceTransformStatus = OK
Seq_Frame0089_Timestamp = 9.446
Seq_Frame0090_DriverToReference-SequenceTransform =-0.645996 -0.59178 -0.482168 112.735 -0.758902 0.565913 0.322194 308.418 0.0821974 0.574055 -0.814681 226.78 0 0 0 1 
Seq_Frame0090_DriverToReference-SequenceTransformStatus = OK
Seq_Frame0090_Timestamp = 9.552
Seq_Frame0091_DriverToReference-SequenceTransform =-0.514959 -0.70597 -0.486234 129.798 -0.856668 0.403581 0.321313 308.453 -0.0306022 0.582005 -0.812609 224.457 0 0 0 1 
Seq_Frame0091_DriverToReference-SequenceTransformStatus = OK
Seq_Frame0091_Timestamp = 9.661
Seq_Frame0092_DriverToReference-SequenceTransform =-0.481825 -0.726264 -0.490291 151.193 -0.872275 0.344171 0.347395 303.216 -0.0835566 0.595052 -0.799332 217.173 0 0 0 1 
Seq_Frame0092_DriverToReference-SequenceTransformStatus = OK
Seq_Frame0092_Timestamp = 9.766
Seq_Frame0093_DriverToReference-SequenceTransform =-0.507222 -0.707043 -0.492764 157.124 -0.852545 0.328018 0.406903 297.74 -0.126062 0.626494 -0.769164 205.99 0 0 0 1 
Seq_Frame0093_DriverToReference-SequenceTransformStatus = OK
Seq_Frame0093_Timestamp = 9.875
Seq_Frame0094_DriverToReference-SequenceTransform =-0.557116 -0.698505 -0.449124 159.801 -0.819051 0.372945 0.435967 287.878 -0.137027 0.610739 -0.779885 203.581 0 0 0 1 
Seq_Frame0094_DriverToReference-SequenceTransformStatus = OK
Seq_Frame0094_Timestamp = 9.981
Seq_Frame0095_DriverToReference-SequenceTransform =-0.569933 -0.679055 -0.462667 157.605 -0.817298 0.410333 0.404537 285.204 -0.0848548 0.608696 -0.788853 204.022 0 0 0 1 
Seq_Frame0095_DriverToReference-SequenceTransformStatus = OK
Seq_Frame0095_Timestamp = 10.088
Seq_Frame0096_DriverToReference-SequenceTransform =-0.599634 -0.649584 -0.467419 156.093 -0.798041 0.441761 0.409851 283.785 -0.0597454 0.61878 -0.783289 204.66 0 0 0 1 
Seq_Frame0096_DriverToReference-SequenceTransformStatus = OK
Seq_Frame0096_Timestamp = 10.193
Seq_Frame0097_DriverToReference-SequenceTransform =-0.621304 -0.655097 -0.429917 153.471 -0.775061 0.43316 0.460058 284.481 -0.115159 0.619048 -0.776864 202.496 0 0 0 1 
Seq_Frame0097_DriverToReference-SequenceTransformStatus = OK
Seq_Frame0097_Timestamp = 10.302
Seq_Frame0098_DriverToReference-SequenceTransform =-0.65094 -0.656809 -0.38063 162.237 -0.735553 0.421722 0.530199 280.746 -0.18772 0.625102 -0.757634 219.903 0 0 0 1 
Seq_Frame0098_DriverToReference-SequenceTransformStatus = OK
Seq_Frame0098_Timestamp = 10.591
Seq_Frame0099_DriverToReference-SequenceTransform =-0.658231 -0.652643 -0.375219 154.599 -0.733265 0.44297 0.515849 295.899 -0.170454 0.614683 -0.770137 209.045 0 0 0 1 
Seq_Frame0099_DriverToReference-SequenceTransformStatus = OK
Seq_Frame0099_Timestamp = 10.695
Seq_Frame0100_DriverToReference-SequenceTransform =-0.668459 -0.651878 -0.358074 153.725 -0.725142 0.464215 0.508599 307.168 -0.165321 0.599633 -0.783013 200.498 0 0 0 1 
Seq_Frame0100_DriverToReference-SequenceTransformStatus = OK
Seq_Frame0100_Timestamp = 10.804
Seq_Frame0101_DriverToReference-SequenceTransform =-0.68939 -0.640646 -0.338104 159.514 -0.694831 0.45284 0.5587 298.157 -0.204822 0.620087 -0.757324 214.569 0 0 0 1 
Seq_Frame0101_DriverToReference-SequenceTransformStatus = OK
Seq_Frame0101_Timestamp = 10.914
Seq_Frame0102_DriverToReference-SequenceTransform =-0.69308 -0.642788 -0.326288 153.637 -0.689424 0.458853 0.56049 297.697 -0.210558 0.613415 -0.761175 223.712 0 0 0 1 
Seq_Frame0102_DriverToReference-SequenceTransformStatus = OK
Seq_Frame0102_Timestamp = 11.026
Seq_Frame0103_DriverToReference-SequenceTransform =-0.705642 -0.630944 -0.322457 162.926 -0.675517 0.461662 0.57493 296.042 -0.213883 0.62352 -0.751982 218.871 0 0 0 1 
Seq_Frame0103_DriverToReference-SequenceTransformStatus = OK
Seq_Frame0103_Timestamp = 11.137
Seq_Frame0104_DriverToReference-SequenceTransform =-0.717571 -0.675806 -0.168458 163.199 -0.601929 0.480058 0.638143 268.681 -0.350391 0.559313 -0.751263 254.314 0 0 0 1 
Seq_Frame0104_DriverToReference-SequenceTransformStatus = OK
Seq_Frame0104_Timestamp = 11.245
Seq_Frame0105_DriverToReference-SequenceTransform =-0.692181 -0.681913 -0.23639 156.657 -0.658491 0.46263 0.593602 285.394 -0.295424 0.566541 -0.769257 240.866 0 0 0 1 
Seq_Frame0105_DriverToReference-SequenceTransformStatus = OK
Seq_Frame0105_Timestamp = 11.352
Seq_Frame0106_DriverToReference-SequenceTransform =-0.683137 -0.673263 -0.282915 161.027 -0.674426 0.433012 0.598038 292.315 -0.280131 0.599347 -0.749873 225.228 0 0 0 1 
Seq_Frame0106_DriverToReference-SequenceTransformStatus = OK
Seq_Frame0106_Timestamp = 11.463
Seq_Frame0107_DriverToReference-SequenceTransform =-0.682124 -0.656932 -0.321165 162.22 -0.693906 0.442987 0.567677 292.156 -0.230654 0.610084 -0.758021 227.143 0 0 0 1 
Seq_Frame0107_DriverToReference-SequenceTransformStatus = OK
Seq_Frame0107_Timestamp = 11.566
Seq_Frame0108_DriverToReference-SequenceTransform =-0.680762 -0.666444 -0.304 162.622 -0.68009 0.420882 0.600279 293.037 -0.272104 0.615394 -0.739763 227.3 0 0 0 1 
Seq_Frame0108_DriverToReference-SequenceTransformStatus = OK
Seq_Frame0108_Timestamp = 11.677
Seq_Frame0109_DriverToReference-SequenceTransform =-0.676262 -0.684291 -0.272792 163.544 -0.664157 0.406154 0.627642 294.202 -0.318694 0.605627 -0.729143 228.345 0 0 0 1 
Seq_Frame0109_DriverToReference-SequenceTransformStatus = OK
Seq_Frame0109_Timestamp = 11.783
Seq_Frame0110_DriverToReference-SequenceTransform =-0.667946 -0.683686 -0.293975 162.526 -0.679749 0.399663 0.614989 295.779 -0.302968 0.610609 -0.731688 228.888 0 0 0 1 
Seq_Frame0110_DriverToReference-SequenceTransformStatus = OK
Seq_Frame0110_Timestamp = 11.89
Seq_Frame0111_DriverToReference-SequenceTransform =-0.655398 -0.688369 -0.310808 158.341 -0.691908 0.382205 0.612521 298.664 -0.302849 0.616496 -0.726785 228.198 0 0 0 1 
Seq_Frame0111_DriverToReference-SequenceTransformStatus = OK
Seq_Frame0111_Timestamp = 12
Seq_Frame0112_DriverToReference-SequenceTransform =-0.644706 -0.691481 -0.325895 152.549 -0.703367 0.369632 0.607164 303.598 -0.299381 0.620666 -0.724669 226.964 0 0 0 1 
Seq_Frame0112_DriverToReference-SequenceTransformStatus = OK
Seq_Frame0112_Timestamp = 12.105
Seq_Frame0113_DriverToReference-SequenceTransform =-0.632436 -0.694968 -0.342117 142.415 -0.727209 0.380555 0.571266 307.219 -0.266817 0.61008 -0.746064 224.884 0 0 0 1 
Seq_Frame0113_DriverToReference-SequenceTransformStatus = OK
Seq_Frame0113_Timestamp = 12.215
Seq_Frame0114_DriverToReference-SequenceTransform =-0.632793 -0.693413 -0.344603 125.615 -0.745875 0.426337 0.511768 304.139 -0.20795 0.580874 -0.786983 219.276 0 0 0 1 
Seq_Frame0114_DriverToReference-SequenceTransformStatus = OK
Seq_Frame0114_Timestamp = 12.32
Seq_Frame0115_DriverToReference-SequenceTransform =-0.708791 -0.620639 -0.335295 108.946 -0.685397 0.49347 0.535461 302.693 -0.16687 0.60934 -0.775151 217.621 0 0 0 1 
Seq_Frame0115_DriverToReference-SequenceTransformStatus = OK
Seq_Frame0115_Timestamp = 12.432
Seq_Frame0116_DriverToReference-SequenceTransform =-0.726744 -0.618007 -0.299852 98.8768 -0.65651 0.496488 0.567886 302.166 -0.202085 0.609563 -0.766547 221.136 0 0 0 1 
Seq_Frame0116_DriverToReference-SequenceTransformStatus = OK
Seq_Frame0116_Timestamp = 12.535
Seq_Frame0117_DriverToReference-SequenceTransform =-0.592775 -0.727108 -0.346312 93.2593 -0.773105 0.393243 0.497664 307.183 -0.225671 0.562739 -0.795235 228.498 0 0 0 1 
Seq_Frame0117_DriverToReference-SequenceTransformStatus = OK
Seq_Frame0117_Timestamp = 12.645
Seq_Frame0118_DriverToReference-SequenceTransform =-0.547063 -0.77907 -0.306223 107.637 -0.796771 0.372455 0.47585 314.44 -0.256666 0.504309 -0.824496 241.578 0 0 0 1 
Seq_Frame0118_DriverToReference-SequenceTransformStatus = OK
Seq_Frame0118_Timestamp = 12.749
Seq_Frame0119_DriverToReference-SequenceTransform =-0.44363 -0.865486 -0.232651 131.11 -0.884907 0.381918 0.266604 320.794 -0.141889 0.324148 -0.935305 256.256 0 0 0 1 
Seq_Frame0119_DriverToReference-SequenceTransformStatus = OK
Seq_Frame0119_Timestamp = 12.859
Seq_Frame0120_DriverToReference-SequenceTransform =-0.296394 -0.907588 -0.297378 136.063 -0.951141 0.252303 0.177975 325.02 -0.0864987 0.335599 -0.938025 264.291 0 0 0 1 
Seq_Frame0120_DriverToReference-SequenceTransformStatus = OK
Seq_Frame0120_Timestamp = 12.967
Seq_Frame0121_DriverToReference-SequenceTransform =-0.231913 -0.882264 -0.409665 122.535 -0.961659 0.144572 0.233046 320.198 -0.146382 0.448005 -0.881966 257.906 0 0 0 1 
Seq_Frame0121_DriverToReference-SequenceTransformStatus = OK
Seq_Frame0121_Timestamp = 13.074
Seq_Frame0122_DriverToReference-SequenceTransform =-0.289059 -0.826435 -0.483166 112.799 -0.935526 0.136802 0.325695 310.292 -0.203068 0.546159 -0.812695 246.57 0 0 0 1 
Seq_Frame0122_DriverToReference-SequenceTransformStatus = OK
Seq_Frame0122_Timestamp = 13.181
Seq_Frame0123_DriverToReference-SequenceTransform =-0.313079 -0.844308 -0.434886 112.864 -0.941056 0.21405 0.26191 302.785 -0.128046 0.49125 -0.861555 240.239 0 0 0 1 
Seq_Frame0123_DriverToReference-SequenceTransformStatus = OK
Seq_Frame0123_Timestamp = 13.289
Seq_Frame0124_DriverToReference-SequenceTransform =-0.394697 -0.889008 -0.232119 110.539 -0.901415 0.325737 0.285213 292.476 -0.177947 0.321808 -0.929932 236.875 0 0 0 1 
Seq_Frame0124_DriverToReference-SequenceTransformStatus = OK
Seq_Frame0124_Timestamp = 13.397
Seq_Frame0125_DriverToReference-SequenceTransform =-0.508069 -0.809207 -0.295042 102.899 -0.835342 0.379448 0.397773 280.462 -0.209928 0.448557 -0.86875 235.824 0 0 0 1 
Seq_Frame0125_DriverToReference-SequenceTransformStatus = OK
Seq_Frame0125_Timestamp = 13.504
Seq_Frame0126_DriverToReference-SequenceTransform =-0.554682 -0.765024 -0.327209 96.7215 -0.798262 0.378327 0.468665 278.62 -0.234749 0.521159 -0.820541 231.124 0 0 0 1 
Seq_Frame0126_DriverToReference-SequenceTransformStatus = OK
Seq_Frame0126_Timestamp = 13.61
Seq_Frame0127_DriverToReference-SequenceTransform =-0.554682 -0.765024 -0.327209 96.7215 -0.798262 0.378327 0.468665 278.62 -0.234749 0.521159 -0.820541 231.124 0 0 0 1 
Seq_Frame0127_DriverToReference-SequenceTransformStatus = OK
Seq_Frame0127_Timestamp = 13.717
Seq_Frame0128_DriverToReference-SequenceTransform =-0.554682 -0.765024 -0.327209 96.7215 -0.798262 0.378327 0.468665 278.62 -0.234749 0.521159 -0.820541 231.124 0 0 0 1 
Seq_Frame0128_DriverToReference-SequenceTransformStatus = OK
Seq_Frame0128_Timestamp = 13.826
Seq_Frame0129_DriverToReference-SequenceTransform =-0.554682 -0.765024 -0.327209 96.7215 -0.798262 0.378327 0.468665 278.62 -0.234749 0.521159 -0.820541 231.124 0 0 0 1 
Seq_Frame0129_DriverToReference-SequenceTransformStatus = OK
Seq_Frame0129_Timestamp = 13.932
Seq_Frame0130_DriverToReference-SequenceTransform =0.326025 0.913704 0.242596 44.2283 -0.791359 0.40416 -0.4587 265.454 -0.517163 -0.042433 0.854834 198.574 0 0 0 1 
Seq_Frame0130_DriverToReference-SequenceTransformStatus = OK
Seq_Frame0130_Timestamp = 14.039
Seq_Frame0131_DriverToReference-SequenceTransform =0.0779972 0.926555 0.367984 10.3404 -0.795715 0.280232 -0.536943 250.049 -0.600629 -0.25093 0.759131 175.801 0 0 0 1 
Seq_Frame0131_DriverToReference-SequenceTransformStatus = OK
Seq_Frame0131_Timestamp = 14.147
Seq_Frame0132_DriverToReference-SequenceTransform =-0.081052 0.846147 0.52675 -15.1986 -0.844236 0.22264 -0.487542 242.02 -0.529808 -0.484217 0.696302 149.52 0 0 0 1 
Seq_Frame0132_DriverToReference-SequenceTransformStatus = OK
Seq_Frame0132_Timestamp = 14.254
Seq_Frame0133_DriverToReference-SequenceTransform =-0.331165 0.85611 0.396743 -28.3949 -0.846424 -0.0837075 -0.52589 217.779 -0.41701 -0.509969 0.752353 126.37 0 0 0 1 
Seq_Frame0133_DriverToReference-SequenceTransformStatus = OK
Seq_Frame0133_Timestamp = 14.361
Seq_Frame0134_DriverToReference-SequenceTransform =-0.407068 0.847817 0.339856 -49.6256 -0.833875 -0.1931 -0.517072 194.86 -0.372756 -0.493882 0.785579 109.276 0 0 0 1 
Seq_Frame0134_DriverToReference-SequenceTransformStatus = OK
Seq_Frame0134_Timestamp = 14.473
Seq_Frame0135_DriverToReference-SequenceTransform =-0.279746 0.805865 0.521847 -67.6086 -0.838018 0.0602679 -0.542304 184.325 -0.468475 -0.589024 0.65847 90.8933 0 0 0 1 
Seq_Frame0135_DriverToReference-SequenceTransformStatus = OK
Seq_Frame0135_Timestamp = 14.583
Seq_Frame0136_DriverToReference-SequenceTransform =-0.163205 0.517851 0.839759 -72.9017 -0.814604 0.409455 -0.410813 191.95 -0.556583 -0.751117 0.355018 74.2278 0 0 0 1 
Seq_Frame0136_DriverToReference-SequenceTransformStatus = OK
Seq_Frame0136_Timestamp = 14.69
Seq_Frame0137_DriverToReference-SequenceTransform =-0.303279 0.180667 -0.935618 -74.5466 -0.525784 0.787142 0.322428 193.342 0.794716 0.589718 -0.143731 59.1928 0 0 0 1 
Seq_Frame0137_DriverToReference-SequenceTransformStatus = OK
Seq_Frame0137_Timestamp = 14.803
Seq_Frame0138_DriverToReference-SequenceTransform =-0.303279 0.180667 -0.935618 -74.5466 -0.525784 0.787142 0.322428 193.342 0.794716 0.589718 -0.143731 59.1928 0 0 0 1 
Seq_Frame0138_DriverToReference-SequenceTransformStatus = OK
Seq_Frame0138_Timestamp = 14.91
Seq_Frame0139_DriverToReference-SequenceTransform =-0.303279 0.180667 -0.935618 -74.5466 -0.525784 0.787142 0.322428 193.342 0.794716 0.589718 -0.143731 59.1928 0 0 0 1 
Seq_Frame0139_DriverToReference-SequenceTransformStatus = OK
Seq_Frame0139_Timestamp = 15.015
Seq_Frame0140_DriverToReference-SequenceTransform =-0.303279 0.180667 -0.935618 -74.5466 -0.525784 0.787142 0.322428 193.342 0.794716 0.589718 -0.143731 59.1928 0 0 0 1 
Seq_Frame0140_DriverToReference-SequenceTransformStatus = OK
Seq_Frame0140_Timestamp = 15.122
Seq_Frame0141_DriverToReference-SequenceTransform =-0.303279 0.180667 -0.935618 -74.5466 -0.525784 0.787142 0.322428 193.342 0.794716 0.589718 -0.143731 59.1928 0 0 0 1 
Seq_Frame0141_DriverToReference-SequenceTransformStatus = OK
Seq_Frame0141_Timestamp = 15.226
Seq_Frame0142_DriverToReference-SequenceTransform =-0.303279 0.180667 -0.935618 -74.5466 -0.525784 0.787142 0.322428 193.342 0.794716 0.589718 -0.143731 59.1928 0 0 0 1 
Seq_Frame0142_DriverToReference-SequenceTransformStatus = OK
Seq_Frame0142_Timestamp = 15.337
Seq_Frame0143_DriverToReference-SequenceTransform =-0.303279 0.180667 -0.935618 -74.5466 -0.525784 0.787142 0.322428 193.342 0.794716 0.589718 -0.143731 59.1928 0 0 0 1 
Seq_Frame0143_DriverToReference-SequenceTransformStatus = OK
Seq_Frame0143_Timestamp = 15.441
Seq_Frame0144_DriverToReference-SequenceTransform =-0.303279 0.180667 -0.935618 -74.5466 -0.525784 0.787142 0.322428 193.342 0.794716 0.589718 -0.143731 59.1928 0 0 0 1 
Seq_Frame0144_DriverToReference-SequenceTransformStatus = OK
Seq_Frame0144_Timestamp = 15.55
Seq_Frame0145_DriverToReference-SequenceTransform =-0.303279 0.180667 -0.935618 -74.5466 -0.525784 0.787142 0.322428 193.342 0.794716 0.589718 -0.143731 59.1928 0 0 0 1 
Seq_Frame0145_DriverToReference-SequenceTransformStatus = OK
Seq_Frame0145_Timestamp = 15.657
Seq_Frame0146_DriverToReference-SequenceTransform =-0.303279 0.180667 -0.935618 -74.5466 -0.525784 0.787142 0.322428 193.342 0.794716 0.589718 -0.143731 59.1928 0 0 0 1 
Seq_Frame0146_DriverToReference-SequenceTransformStatus = OK
Seq_Frame0146_Timestamp = 15.76
Seq_Frame0147_DriverToReference-SequenceTransform =-0.303279 0.180667 -0.935618 -74.5466 -0.525784 0.787142 0.322428 193.342 0.794716 0.589718 -0.143731 59.1928 0 0 0 1 
Seq_Frame0147_DriverToReference-SequenceTransformStatus = OK
Seq_Frame0147_Timestamp = 15.867
Seq_Frame0148_DriverToReference-SequenceTransform =-0.303279 0.180667 -0.935618 -74.5466 -0.525784 0.787142 0.322428 193.342 0.794716 0.589718 -0.143731 59.1928 0 0 0 1 
Seq_Frame0148_DriverToReference-SequenceTransformStatus = OK
Seq_Frame0148_Timestamp = 15.977
Seq_Frame0149_DriverToReference-SequenceTransform =-0.303279 0.180667 -0.935618 -74.5466 -0.525784 0.787142 0.322428 193.342 0.794716 0.589718 -0.143731 59.1928 0 0 0 1 
Seq_Frame0149_DriverToReference-SequenceTransformStatus = OK
Seq_Frame0149_Timestamp = 16.089
Seq_Frame0150_DriverToReference-SequenceTransform =-0.303279 0.180667 -0.935618 -74.5466 -0.525784 0.787142 0.322428 193.342 0.794716 0.589718 -0.143731 59.1928 0 0 0 1 
Seq_Frame0150_DriverToReference-SequenceTransformStatus = OK
Seq_Frame0150_Timestamp = 16.195
