ObjectType = Image
NDims = 3
AnatomicalOrientation = RAI
BinaryData = True
CompressedData = False
DimSize = 0 0 2096
ElementSpacing = 1 1 1
Offset = 0 0 0
TransformMatrix = 1 0 0 0 1 0 0 0 1
ElementType = MET_UCHAR
Kinds = domain domain list
Seq_Frame0000_ForcepToReference-SequenceTransform =0.410396 -0.617381 -0.67113 36.8709 0.272437 -0.619343 0.736337 -52.016 -0.87026 -0.48503 -0.0859787 -78.9892 0 0 0 1 
Seq_Frame0000_ForcepToReference-SequenceTransformStatus = OK
Seq_Frame0000_Timestamp = 0.00999999
Seq_Frame0001_ForcepToReference-SequenceTransform =0.409848 -0.617227 -0.671607 36.8669 0.272138 -0.620014 0.735883 -52.0536 -0.870612 -0.48437 -0.0861402 -79.0047 0 0 0 1 
Seq_Frame0001_ForcepToReference-SequenceTransformStatus = OK
Seq_Frame0001_Timestamp = 0.111
Seq_Frame0002_ForcepToReference-SequenceTransform =0.410491 -0.617528 -0.670937 36.8444 0.272603 -0.619031 0.736538 -51.9998 -0.870163 -0.485242 -0.085767 -79.0242 0 0 0 1 
Seq_Frame0002_ForcepToReference-SequenceTransformStatus = OK
Seq_Frame0002_Timestamp = 0.213
Seq_Frame0003_ForcepToReference-SequenceTransform =0.395417 -0.617925 -0.679569 36.8182 0.257148 -0.635804 0.727755 -51.7322 -0.881771 -0.462516 -0.0925098 -79.5567 0 0 0 1 
Seq_Frame0003_ForcepToReference-SequenceTransformStatus = OK
Seq_Frame0003_Timestamp = 0.321
Seq_Frame0004_ForcepToReference-SequenceTransform =0.40973 -0.617315 -0.671597 36.8542 0.272218 -0.619944 0.735912 -52.0262 -0.870642 -0.484346 -0.0859658 -79.0041 0 0 0 1 
Seq_Frame0004_ForcepToReference-SequenceTransformStatus = OK
Seq_Frame0004_Timestamp = 0.43
Seq_Frame0005_ForcepToReference-SequenceTransform =0.410081 -0.617441 -0.671268 36.8418 0.273464 -0.618898 0.736331 -51.9776 -0.870087 -0.485523 -0.0849511 -78.9654 0 0 0 1 
Seq_Frame0005_ForcepToReference-SequenceTransformStatus = OK
Seq_Frame0005_Timestamp = 0.536
Seq_Frame0006_ForcepToReference-SequenceTransform =0.396365 -0.617867 -0.67907 36.8475 0.258927 -0.634397 0.728352 -51.8375 -0.880824 -0.464523 -0.0914698 -79.4787 0 0 0 1 
Seq_Frame0006_ForcepToReference-SequenceTransformStatus = OK
Seq_Frame0006_Timestamp = 0.64
Seq_Frame0007_ForcepToReference-SequenceTransform =0.408986 -0.617223 -0.672135 36.8102 0.272397 -0.620399 0.735463 -52.0566 -0.870936 -0.483882 -0.0856052 -78.893 0 0 0 1 
Seq_Frame0007_ForcepToReference-SequenceTransformStatus = OK
Seq_Frame0007_Timestamp = 0.751
Seq_Frame0008_ForcepToReference-SequenceTransform =0.410166 -0.617524 -0.671139 36.8602 0.272998 -0.619014 0.736406 -51.9923 -0.870193 -0.485268 -0.0853153 -79.0191 0 0 0 1 
Seq_Frame0008_ForcepToReference-SequenceTransformStatus = OK
Seq_Frame0008_Timestamp = 0.856
Seq_Frame0009_ForcepToReference-SequenceTransform =0.410055 -0.617484 -0.671244 36.875 0.274694 -0.61818 0.736476 -51.9883 -0.869712 -0.486382 -0.0838686 -78.998 0 0 0 1 
Seq_Frame0009_ForcepToReference-SequenceTransformStatus = OK
Seq_Frame0009_Timestamp = 0.957
Seq_Frame0010_ForcepToReference-SequenceTransform =0.410176 -0.617586 -0.671076 36.8591 0.274035 -0.618361 0.736569 -51.9539 -0.869862 -0.486021 -0.0843967 -79.0647 0 0 0 1 
Seq_Frame0010_ForcepToReference-SequenceTransformStatus = OK
Seq_Frame0010_Timestamp = 1.061
Seq_Frame0011_ForcepToReference-SequenceTransform =0.411225 -0.617371 -0.670632 36.8434 0.272963 -0.618553 0.736806 -51.971 -0.869704 -0.486051 -0.0858449 -79.0378 0 0 0 1 
Seq_Frame0011_ForcepToReference-SequenceTransformStatus = OK
Seq_Frame0011_Timestamp = 1.161
Seq_Frame0012_ForcepToReference-SequenceTransform =0.408356 -0.617759 -0.672026 36.8396 0.27096 -0.620991 0.735494 -51.9778 -0.87168 -0.482435 -0.0861973 -79.0561 0 0 0 1 
Seq_Frame0012_ForcepToReference-SequenceTransformStatus = OK
Seq_Frame0012_Timestamp = 1.265
Seq_Frame0013_ForcepToReference-SequenceTransform =0.410161 -0.617348 -0.671304 36.8567 0.273858 -0.61873 0.736325 -52.0053 -0.869925 -0.485854 -0.0847138 -79.0055 0 0 0 1 
Seq_Frame0013_ForcepToReference-SequenceTransformStatus = OK
Seq_Frame0013_Timestamp = 1.376
Seq_Frame0014_ForcepToReference-SequenceTransform =0.409383 -0.616979 -0.672118 36.8773 0.271665 -0.620831 0.735369 -52.1495 -0.870979 -0.483638 -0.0865458 -78.8341 0 0 0 1 
Seq_Frame0014_ForcepToReference-SequenceTransformStatus = OK
Seq_Frame0014_Timestamp = 1.477
Seq_Frame0015_ForcepToReference-SequenceTransform =0.396193 -0.618222 -0.678847 36.8065 0.259299 -0.633917 0.728638 -51.8585 -0.880792 -0.464705 -0.0908497 -79.4693 0 0 0 1 
Seq_Frame0015_ForcepToReference-SequenceTransformStatus = OK
Seq_Frame0015_Timestamp = 1.578
Seq_Frame0016_ForcepToReference-SequenceTransform =0.408091 -0.617295 -0.672614 36.8711 0.270845 -0.621723 0.734918 -52.0424 -0.87184 -0.482087 -0.0865285 -78.9982 0 0 0 1 
Seq_Frame0016_ForcepToReference-SequenceTransformStatus = OK
Seq_Frame0016_Timestamp = 1.685
Seq_Frame0017_ForcepToReference-SequenceTransform =0.409524 -0.617239 -0.671793 36.8725 0.271662 -0.620462 0.735681 -52.1251 -0.870913 -0.48378 -0.0864138 -78.9318 0 0 0 1 
Seq_Frame0017_ForcepToReference-SequenceTransformStatus = OK
Seq_Frame0017_Timestamp = 1.791
Seq_Frame0018_ForcepToReference-SequenceTransform =0.410179 -0.617024 -0.671592 36.8796 0.271632 -0.620316 0.735815 -52.0859 -0.870614 -0.484241 -0.0868375 -78.9528 0 0 0 1 
Seq_Frame0018_ForcepToReference-SequenceTransformStatus = OK
Seq_Frame0018_Timestamp = 1.891
Seq_Frame0019_ForcepToReference-SequenceTransform =0.408802 -0.617406 -0.672079 36.8773 0.271911 -0.62058 0.73549 -52.01 -0.871175 -0.483415 -0.0858151 -79.0166 0 0 0 1 
Seq_Frame0019_ForcepToReference-SequenceTransformStatus = OK
Seq_Frame0019_Timestamp = 2.001
Seq_Frame0020_ForcepToReference-SequenceTransform =0.410571 -0.616751 -0.671602 36.9007 0.269623 -0.621491 0.735562 -52.2075 -0.871054 -0.48308 -0.0888764 -78.9155 0 0 0 1 
Seq_Frame0020_ForcepToReference-SequenceTransformStatus = OK
Seq_Frame0020_Timestamp = 2.103
Seq_Frame0021_ForcepToReference-SequenceTransform =0.412103 -0.616728 -0.670685 36.9015 0.271669 -0.619443 0.736537 -52.0283 -0.869694 -0.485733 -0.0877284 -79.082 0 0 0 1 
Seq_Frame0021_ForcepToReference-SequenceTransformStatus = OK
Seq_Frame0021_Timestamp = 2.206
Seq_Frame0022_ForcepToReference-SequenceTransform =0.411743 -0.617015 -0.670642 36.9026 0.272661 -0.618795 0.736715 -52.0095 -0.869554 -0.486195 -0.0865484 -79.0131 0 0 0 1 
Seq_Frame0022_ForcepToReference-SequenceTransformStatus = OK
Seq_Frame0022_Timestamp = 2.311
Seq_Frame0023_ForcepToReference-SequenceTransform =0.411074 -0.617345 -0.670748 36.9291 0.272707 -0.618817 0.736679 -52.0662 -0.869856 -0.485747 -0.086025 -78.9367 0 0 0 1 
Seq_Frame0023_ForcepToReference-SequenceTransformStatus = OK
Seq_Frame0023_Timestamp = 2.416
Seq_Frame0024_ForcepToReference-SequenceTransform =0.40947 -0.617539 -0.67155 36.9069 0.271753 -0.620116 0.735939 -51.9806 -0.87091 -0.483841 -0.0861011 -78.9957 0 0 0 1 
Seq_Frame0024_ForcepToReference-SequenceTransformStatus = OK
Seq_Frame0024_Timestamp = 2.516
Seq_Frame0025_ForcepToReference-SequenceTransform =0.410055 -0.617653 -0.671088 36.8748 0.274356 -0.618182 0.7366 -51.9489 -0.869818 -0.486164 -0.0840321 -78.9928 0 0 0 1 
Seq_Frame0025_ForcepToReference-SequenceTransformStatus = OK
Seq_Frame0025_Timestamp = 2.626
Seq_Frame0026_ForcepToReference-SequenceTransform =0.409582 -0.617638 -0.671391 36.858 0.275416 -0.617897 0.736444 -51.9755 -0.869706 -0.486545 -0.0829721 -78.9361 0 0 0 1 
Seq_Frame0026_ForcepToReference-SequenceTransformStatus = OK
Seq_Frame0026_Timestamp = 2.728
Seq_Frame0027_ForcepToReference-SequenceTransform =0.41044 -0.617531 -0.670965 36.896 0.275737 -0.617307 0.736819 -51.9784 -0.8692 -0.48743 -0.0830906 -78.9693 0 0 0 1 
Seq_Frame0027_ForcepToReference-SequenceTransformStatus = OK
Seq_Frame0027_Timestamp = 2.831
Seq_Frame0028_ForcepToReference-SequenceTransform =0.411613 -0.617359 -0.670405 36.9309 0.274517 -0.617457 0.737148 -51.9643 -0.869031 -0.487457 -0.0846774 -78.9196 0 0 0 1 
Seq_Frame0028_ForcepToReference-SequenceTransformStatus = OK
Seq_Frame0028_Timestamp = 2.934
Seq_Frame0029_ForcepToReference-SequenceTransform =0.412298 -0.617235 -0.670098 36.9828 0.27367 -0.617646 0.737305 -52.026 -0.868973 -0.487375 -0.0857359 -78.8476 0 0 0 1 
Seq_Frame0029_ForcepToReference-SequenceTransformStatus = OK
Seq_Frame0029_Timestamp = 3.035
Seq_Frame0030_ForcepToReference-SequenceTransform =0.414849 -0.616588 -0.669118 37.211 0.273192 -0.617047 0.737983 -52.1183 -0.867909 -0.48895 -0.0875344 -78.5514 0 0 0 1 
Seq_Frame0030_ForcepToReference-SequenceTransformStatus = OK
Seq_Frame0030_Timestamp = 3.135
Seq_Frame0031_ForcepToReference-SequenceTransform =0.410815 -0.616927 -0.671292 36.9594 0.27315 -0.619187 0.736204 -52.1165 -0.869839 -0.485807 -0.0858576 -78.7809 0 0 0 1 
Seq_Frame0031_ForcepToReference-SequenceTransformStatus = OK
Seq_Frame0031_Timestamp = 3.245
Seq_Frame0032_ForcepToReference-SequenceTransform =0.409929 -0.61723 -0.671554 36.9581 0.273191 -0.619374 0.736032 -52.1485 -0.870244 -0.485183 -0.0852771 -78.7382 0 0 0 1 
Seq_Frame0032_ForcepToReference-SequenceTransformStatus = OK
Seq_Frame0032_Timestamp = 3.351
Seq_Frame0033_ForcepToReference-SequenceTransform =0.409416 -0.617217 -0.671879 36.8846 0.27458 -0.618927 0.735891 -52.1052 -0.870049 -0.48577 -0.083923 -78.9633 0 0 0 1 
Seq_Frame0033_ForcepToReference-SequenceTransformStatus = OK
Seq_Frame0033_Timestamp = 3.455
Seq_Frame0034_ForcepToReference-SequenceTransform =0.407306 -0.617727 -0.672692 36.9545 0.275378 -0.61921 0.735354 -52.1384 -0.870786 -0.484759 -0.0820996 -78.8781 0 0 0 1 
Seq_Frame0034_ForcepToReference-SequenceTransformStatus = OK
Seq_Frame0034_Timestamp = 3.56
Seq_Frame0035_ForcepToReference-SequenceTransform =0.409374 -0.617441 -0.671698 36.8795 0.273713 -0.619191 0.735992 -52.0744 -0.870341 -0.485149 -0.0844791 -78.853 0 0 0 1 
Seq_Frame0035_ForcepToReference-SequenceTransformStatus = OK
Seq_Frame0035_Timestamp = 3.661
Seq_Frame0036_ForcepToReference-SequenceTransform =0.40962 -0.617274 -0.671703 36.8581 0.273372 -0.619414 0.735931 -52.0327 -0.870333 -0.485077 -0.084979 -78.9399 0 0 0 1 
Seq_Frame0036_ForcepToReference-SequenceTransformStatus = OK
Seq_Frame0036_Timestamp = 3.766
Seq_Frame0037_ForcepToReference-SequenceTransform =0.406588 -0.616328 -0.674408 36.873 0.269161 -0.624608 0.733088 -52.4324 -0.873063 -0.479589 -0.0880667 -78.6573 0 0 0 1 
Seq_Frame0037_ForcepToReference-SequenceTransformStatus = OK
Seq_Frame0037_Timestamp = 3.875
Seq_Frame0038_ForcepToReference-SequenceTransform =0.410459 -0.616852 -0.671578 36.8765 0.271727 -0.62028 0.73581 -52.0908 -0.870453 -0.484506 -0.0869837 -78.955 0 0 0 1 
Seq_Frame0038_ForcepToReference-SequenceTransformStatus = OK
Seq_Frame0038_Timestamp = 3.98
Seq_Frame0039_ForcepToReference-SequenceTransform =0.40959 -0.617146 -0.671839 36.8531 0.271804 -0.620445 0.735643 -52.043 -0.870838 -0.48392 -0.0863853 -78.9586 0 0 0 1 
Seq_Frame0039_ForcepToReference-SequenceTransformStatus = OK
Seq_Frame0039_Timestamp = 4.081
Seq_Frame0040_ForcepToReference-SequenceTransform =0.410414 -0.617299 -0.671194 36.8447 0.273279 -0.618952 0.736354 -51.9532 -0.869988 -0.485633 -0.0853315 -79.0763 0 0 0 1 
Seq_Frame0040_ForcepToReference-SequenceTransformStatus = OK
Seq_Frame0040_Timestamp = 4.183
Seq_Frame0041_ForcepToReference-SequenceTransform =0.409771 -0.617086 -0.671782 36.8814 0.271372 -0.62064 0.735638 -52.1071 -0.870887 -0.483747 -0.0868601 -78.9616 0 0 0 1 
Seq_Frame0041_ForcepToReference-SequenceTransformStatus = OK
Seq_Frame0041_Timestamp = 4.286
Seq_Frame0042_ForcepToReference-SequenceTransform =0.409717 -0.61751 -0.671427 36.8269 0.273049 -0.619276 0.736167 -51.9739 -0.870389 -0.484952 -0.0851169 -78.9988 0 0 0 1 
Seq_Frame0042_ForcepToReference-SequenceTransformStatus = OK
Seq_Frame0042_Timestamp = 4.396
Seq_Frame0043_ForcepToReference-SequenceTransform =0.409255 -0.617595 -0.671631 36.8475 0.27418 -0.618835 0.736117 -51.9791 -0.870251 -0.485407 -0.0839293 -78.9857 0 0 0 1 
Seq_Frame0043_ForcepToReference-SequenceTransformStatus = OK
Seq_Frame0043_Timestamp = 4.508
Seq_Frame0044_ForcepToReference-SequenceTransform =0.410032 -0.617291 -0.671436 36.8595 0.273326 -0.61917 0.736153 -52.0125 -0.870153 -0.485367 -0.0851577 -78.977 0 0 0 1 
Seq_Frame0044_ForcepToReference-SequenceTransformStatus = OK
Seq_Frame0044_Timestamp = 4.61
Seq_Frame0045_ForcepToReference-SequenceTransform =0.409853 -0.617452 -0.671397 36.8411 0.272289 -0.61968 0.736108 -52.0018 -0.870563 -0.48451 -0.0858517 -78.9853 0 0 0 1 
Seq_Frame0045_ForcepToReference-SequenceTransformStatus = OK
Seq_Frame0045_Timestamp = 4.717
Seq_Frame0046_ForcepToReference-SequenceTransform =0.409699 -0.617676 -0.671285 36.8335 0.272638 -0.619334 0.73627 -51.9933 -0.870526 -0.484667 -0.0853386 -78.9709 0 0 0 1 
Seq_Frame0046_ForcepToReference-SequenceTransformStatus = OK
Seq_Frame0046_Timestamp = 4.82
Seq_Frame0047_ForcepToReference-SequenceTransform =0.410155 -0.617421 -0.67124 36.83 0.272785 -0.619253 0.736284 -51.9941 -0.870265 -0.485095 -0.0855663 -78.9995 0 0 0 1 
Seq_Frame0047_ForcepToReference-SequenceTransformStatus = OK
Seq_Frame0047_Timestamp = 4.921
Seq_Frame0048_ForcepToReference-SequenceTransform =0.410162 -0.617402 -0.671253 36.8642 0.275174 -0.617934 0.736503 -51.9461 -0.869509 -0.486797 -0.0835606 -79.0274 0 0 0 1 
Seq_Frame0048_ForcepToReference-SequenceTransformStatus = OK
Seq_Frame0048_Timestamp = 5.033
Seq_Frame0049_ForcepToReference-SequenceTransform =0.410558 -0.617121 -0.671271 36.8711 0.273241 -0.619081 0.736259 -52.0312 -0.869932 -0.485696 -0.085546 -78.9809 0 0 0 1 
Seq_Frame0049_ForcepToReference-SequenceTransformStatus = OK
Seq_Frame0049_Timestamp = 5.142
Seq_Frame0050_ForcepToReference-SequenceTransform =0.409725 -0.617124 -0.671777 36.9007 0.272711 -0.619883 0.735781 -52.0605 -0.870491 -0.484669 -0.0856846 -78.9392 0 0 0 1 
Seq_Frame0050_ForcepToReference-SequenceTransformStatus = OK
Seq_Frame0050_Timestamp = 5.26
Seq_Frame0051_ForcepToReference-SequenceTransform =0.409787 -0.617275 -0.6716 36.8719 0.271899 -0.62013 0.735873 -52.0219 -0.870716 -0.484158 -0.0862845 -79.0138 0 0 0 1 
Seq_Frame0051_ForcepToReference-SequenceTransformStatus = OK
Seq_Frame0051_Timestamp = 5.37
Seq_Frame0052_ForcepToReference-SequenceTransform =0.409619 -0.617587 -0.671415 36.8352 0.273814 -0.618825 0.736262 -51.9707 -0.870194 -0.48543 -0.0843788 -79.0256 0 0 0 1 
Seq_Frame0052_ForcepToReference-SequenceTransformStatus = OK
Seq_Frame0052_Timestamp = 5.47
Seq_Frame0053_ForcepToReference-SequenceTransform =0.409744 -0.61743 -0.671483 36.86 0.272635 -0.619577 0.736067 -51.9917 -0.870505 -0.484669 -0.0855348 -79.0128 0 0 0 1 
Seq_Frame0053_ForcepToReference-SequenceTransformStatus = OK
Seq_Frame0053_Timestamp = 5.576
Seq_Frame0054_ForcepToReference-SequenceTransform =0.410261 -0.617359 -0.671232 36.8496 0.272587 -0.619366 0.736263 -51.9891 -0.870277 -0.485029 -0.0858178 -79.0265 0 0 0 1 
Seq_Frame0054_ForcepToReference-SequenceTransformStatus = OK
Seq_Frame0054_Timestamp = 5.692
Seq_Frame0055_ForcepToReference-SequenceTransform =0.409929 -0.617437 -0.671364 36.8347 0.271496 -0.62009 0.736056 -52.0076 -0.870774 -0.484003 -0.086561 -78.9747 0 0 0 1 
Seq_Frame0055_ForcepToReference-SequenceTransformStatus = OK
Seq_Frame0055_Timestamp = 5.795
Seq_Frame0056_ForcepToReference-SequenceTransform =0.409409 -0.617404 -0.671711 36.8195 0.272394 -0.619944 0.735847 -52.0218 -0.870738 -0.484233 -0.0856335 -78.976 0 0 0 1 
Seq_Frame0056_ForcepToReference-SequenceTransformStatus = OK
Seq_Frame0056_Timestamp = 5.896
Seq_Frame0057_ForcepToReference-SequenceTransform =0.410333 -0.617365 -0.671183 36.8395 0.274253 -0.618385 0.736468 -51.9635 -0.86972 -0.486271 -0.08443 -79.0034 0 0 0 1 
Seq_Frame0057_ForcepToReference-SequenceTransformStatus = OK
Seq_Frame0057_Timestamp = 5.997
Seq_Frame0058_ForcepToReference-SequenceTransform =0.410116 -0.617409 -0.671276 36.8404 0.273515 -0.618883 0.736324 -51.9964 -0.870054 -0.485583 -0.0849429 -78.9869 0 0 0 1 
Seq_Frame0058_ForcepToReference-SequenceTransformStatus = OK
Seq_Frame0058_Timestamp = 6.102
Seq_Frame0059_ForcepToReference-SequenceTransform =0.409716 -0.617711 -0.671242 36.8436 0.274157 -0.618438 0.73646 -51.9551 -0.870041 -0.485765 -0.0840342 -78.9928 0 0 0 1 
Seq_Frame0059_ForcepToReference-SequenceTransformStatus = OK
Seq_Frame0059_Timestamp = 6.211
Seq_Frame0060_ForcepToReference-SequenceTransform =0.408999 -0.617545 -0.671832 36.8576 0.273571 -0.619386 0.735881 -52.0124 -0.870563 -0.484768 -0.0843858 -78.9626 0 0 0 1 
Seq_Frame0060_ForcepToReference-SequenceTransformStatus = OK
Seq_Frame0060_Timestamp = 6.317
Seq_Frame0061_ForcepToReference-SequenceTransform =0.410023 -0.61728 -0.671451 36.8662 0.272192 -0.619819 0.736027 -52.024 -0.870513 -0.484552 -0.0861211 -79.011 0 0 0 1 
Seq_Frame0061_ForcepToReference-SequenceTransformStatus = OK
Seq_Frame0061_Timestamp = 6.426
Seq_Frame0062_ForcepToReference-SequenceTransform =0.409869 -0.617363 -0.671468 36.863 0.273411 -0.619141 0.736145 -52.0076 -0.870203 -0.485311 -0.0849729 -79.0057 0 0 0 1 
Seq_Frame0062_ForcepToReference-SequenceTransformStatus = OK
Seq_Frame0062_Timestamp = 6.53
Seq_Frame0063_ForcepToReference-SequenceTransform =0.409516 -0.617426 -0.671626 36.8519 0.272783 -0.619638 0.735961 -52.0147 -0.870566 -0.484596 -0.0853285 -78.9957 0 0 0 1 
Seq_Frame0063_ForcepToReference-SequenceTransformStatus = OK
Seq_Frame0063_Timestamp = 6.64
Seq_Frame0064_ForcepToReference-SequenceTransform =0.409125 -0.617305 -0.671975 36.848 0.271501 -0.620722 0.735522 -52.0545 -0.871151 -0.483362 -0.086354 -78.9983 0 0 0 1 
Seq_Frame0064_ForcepToReference-SequenceTransformStatus = OK
Seq_Frame0064_Timestamp = 6.747
Seq_Frame0065_ForcepToReference-SequenceTransform =0.409419 -0.617343 -0.671762 36.8631 0.27333 -0.619485 0.735887 -52.0308 -0.870441 -0.484899 -0.0848905 -78.9608 0 0 0 1 
Seq_Frame0065_ForcepToReference-SequenceTransformStatus = OK
Seq_Frame0065_Timestamp = 6.855
Seq_Frame0066_ForcepToReference-SequenceTransform =0.410585 -0.617154 -0.671223 36.8848 0.273135 -0.619087 0.736294 -52.023 -0.869953 -0.485645 -0.0856213 -78.9864 0 0 0 1 
Seq_Frame0066_ForcepToReference-SequenceTransformStatus = OK
Seq_Frame0066_Timestamp = 6.966
Seq_Frame0067_ForcepToReference-SequenceTransform =0.410245 -0.617198 -0.671391 36.8821 0.271146 -0.620355 0.735962 -52.0417 -0.870735 -0.483969 -0.0871466 -78.9827 0 0 0 1 
Seq_Frame0067_ForcepToReference-SequenceTransformStatus = OK
Seq_Frame0067_Timestamp = 7.067
Seq_Frame0068_ForcepToReference-SequenceTransform =0.410298 -0.61717 -0.671384 36.8666 0.272366 -0.619674 0.736085 -52.0357 -0.870329 -0.484876 -0.086155 -78.9901 0 0 0 1 
Seq_Frame0068_ForcepToReference-SequenceTransformStatus = OK
Seq_Frame0068_Timestamp = 7.178
Seq_Frame0069_ForcepToReference-SequenceTransform =0.409759 -0.617316 -0.671579 36.8704 0.273108 -0.61943 0.736016 -52.0266 -0.87035 -0.485002 -0.0852233 -79.0028 0 0 0 1 
Seq_Frame0069_ForcepToReference-SequenceTransformStatus = OK
Seq_Frame0069_Timestamp = 7.284
Seq_Frame0070_ForcepToReference-SequenceTransform =0.409883 -0.617203 -0.671607 36.8789 0.273335 -0.619351 0.735998 -52.0133 -0.87022 -0.485247 -0.0851578 -78.9683 0 0 0 1 
Seq_Frame0070_ForcepToReference-SequenceTransformStatus = OK
Seq_Frame0070_Timestamp = 7.395
Seq_Frame0071_ForcepToReference-SequenceTransform =0.40932 -0.617479 -0.671697 36.8497 0.273851 -0.619106 0.736012 -52.0153 -0.870323 -0.485209 -0.0843149 -78.9963 0 0 0 1 
Seq_Frame0071_ForcepToReference-SequenceTransformStatus = OK
Seq_Frame0071_Timestamp = 7.506
Seq_Frame0072_ForcepToReference-SequenceTransform =0.409439 -0.617451 -0.67165 36.8481 0.272614 -0.619752 0.735927 -52.0161 -0.870656 -0.484419 -0.0854248 -78.9808 0 0 0 1 
Seq_Frame0072_ForcepToReference-SequenceTransformStatus = OK
Seq_Frame0072_Timestamp = 7.613
Seq_Frame0073_ForcepToReference-SequenceTransform =0.410652 -0.617323 -0.671026 36.886 0.273358 -0.618736 0.736506 -52.0107 -0.86985 -0.485879 -0.0853347 -78.9628 0 0 0 1 
Seq_Frame0073_ForcepToReference-SequenceTransformStatus = OK
Seq_Frame0073_Timestamp = 7.725
Seq_Frame0074_ForcepToReference-SequenceTransform =0.410001 -0.617265 -0.671478 36.8619 0.272287 -0.619796 0.736012 -52.0394 -0.870493 -0.4846 -0.0860439 -78.9614 0 0 0 1 
Seq_Frame0074_ForcepToReference-SequenceTransformStatus = OK
Seq_Frame0074_Timestamp = 7.83
Seq_Frame0075_ForcepToReference-SequenceTransform =0.41061 -0.617298 -0.671075 36.8524 0.273439 -0.618744 0.736469 -51.9745 -0.869845 -0.4859 -0.0852694 -79.0183 0 0 0 1 
Seq_Frame0075_ForcepToReference-SequenceTransformStatus = OK
Seq_Frame0075_Timestamp = 7.941
Seq_Frame0076_ForcepToReference-SequenceTransform =0.410442 -0.617442 -0.671046 36.8754 0.27389 -0.618438 0.736559 -51.962 -0.869783 -0.486107 -0.0847219 -79.0317 0 0 0 1 
Seq_Frame0076_ForcepToReference-SequenceTransformStatus = OK
Seq_Frame0076_Timestamp = 8.051
Seq_Frame0077_ForcepToReference-SequenceTransform =0.41045 -0.61745 -0.671034 36.8418 0.273135 -0.618846 0.736497 -51.9849 -0.870016 -0.485578 -0.0853583 -79.0108 0 0 0 1 
Seq_Frame0077_ForcepToReference-SequenceTransformStatus = OK
Seq_Frame0077_Timestamp = 8.158
Seq_Frame0078_ForcepToReference-SequenceTransform =0.410322 -0.617234 -0.671311 36.8791 0.27216 -0.619704 0.736136 -52.0095 -0.870382 -0.484757 -0.086292 -78.9608 0 0 0 1 
Seq_Frame0078_ForcepToReference-SequenceTransformStatus = OK
Seq_Frame0078_Timestamp = 8.266
Seq_Frame0079_ForcepToReference-SequenceTransform =0.40977 -0.617406 -0.67149 36.8622 0.273666 -0.619014 0.736158 -51.9977 -0.87017 -0.485419 -0.0846904 -78.9621 0 0 0 1 
Seq_Frame0079_ForcepToReference-SequenceTransformStatus = OK
Seq_Frame0079_Timestamp = 8.371
Seq_Frame0080_ForcepToReference-SequenceTransform =0.409738 -0.617099 -0.671791 36.8728 0.272675 -0.619922 0.735762 -52.0604 -0.870496 -0.48465 -0.0857381 -78.979 0 0 0 1 
Seq_Frame0080_ForcepToReference-SequenceTransformStatus = OK
Seq_Frame0080_Timestamp = 8.48
Seq_Frame0081_ForcepToReference-SequenceTransform =0.409327 -0.617781 -0.671415 36.8444 0.274194 -0.618578 0.736328 -51.955 -0.870212 -0.485497 -0.0838086 -79.0038 0 0 0 1 
Seq_Frame0081_ForcepToReference-SequenceTransformStatus = OK
Seq_Frame0081_Timestamp = 8.588
Seq_Frame0082_ForcepToReference-SequenceTransform =0.409606 -0.617666 -0.671351 36.8281 0.27406 -0.618609 0.736352 -51.9439 -0.870123 -0.485604 -0.0841083 -79.0649 0 0 0 1 
Seq_Frame0082_ForcepToReference-SequenceTransformStatus = OK
Seq_Frame0082_Timestamp = 8.693
Seq_Frame0083_ForcepToReference-SequenceTransform =0.409953 -0.617274 -0.671499 36.8593 0.272845 -0.619504 0.73605 -52.0148 -0.870341 -0.484962 -0.085547 -79.0456 0 0 0 1 
Seq_Frame0083_ForcepToReference-SequenceTransformStatus = OK
Seq_Frame0083_Timestamp = 8.801
Seq_Frame0084_ForcepToReference-SequenceTransform =0.409851 -0.617408 -0.671438 36.8422 0.273637 -0.618977 0.736199 -51.9923 -0.870141 -0.485463 -0.0847425 -78.9754 0 0 0 1 
Seq_Frame0084_ForcepToReference-SequenceTransformStatus = OK
Seq_Frame0084_Timestamp = 8.907
Seq_Frame0085_ForcepToReference-SequenceTransform =0.410045 -0.61776 -0.670996 36.7805 0.26781 -0.621708 0.736041 -52.0613 -0.871861 -0.48151 -0.089486 -78.9909 0 0 0 1 
Seq_Frame0085_ForcepToReference-SequenceTransformStatus = OK
Seq_Frame0085_Timestamp = 9.015
Seq_Frame0086_ForcepToReference-SequenceTransform =0.411107 -0.617256 -0.67081 36.8681 0.274438 -0.617927 0.736784 -51.9988 -0.869296 -0.486993 -0.0846354 -78.9011 0 0 0 1 
Seq_Frame0086_ForcepToReference-SequenceTransformStatus = OK
Seq_Frame0086_Timestamp = 9.126
Seq_Frame0087_ForcepToReference-SequenceTransform =0.394472 -0.617846 -0.68019 36.8085 0.257261 -0.636359 0.72723 -51.7462 -0.882161 -0.461858 -0.0920786 -79.5552 0 0 0 1 
Seq_Frame0087_ForcepToReference-SequenceTransformStatus = OK
Seq_Frame0087_Timestamp = 9.233
Seq_Frame0088_ForcepToReference-SequenceTransform =0.409762 -0.61715 -0.67173 36.8767 0.271815 -0.620329 0.735736 -52.0641 -0.870753 -0.484063 -0.0864366 -78.9915 0 0 0 1 
Seq_Frame0088_ForcepToReference-SequenceTransformStatus = OK
Seq_Frame0088_Timestamp = 9.34
Seq_Frame0089_ForcepToReference-SequenceTransform =0.410727 -0.617155 -0.671135 36.8904 0.272759 -0.619209 0.736331 -52.0137 -0.870003 -0.485489 -0.0859911 -79.0607 0 0 0 1 
Seq_Frame0089_ForcepToReference-SequenceTransformStatus = OK
Seq_Frame0089_Timestamp = 9.446
Seq_Frame0090_ForcepToReference-SequenceTransform =0.410598 -0.617458 -0.670936 36.8629 0.273387 -0.618605 0.736605 -51.9547 -0.869867 -0.485873 -0.0851933 -79.0719 0 0 0 1 
Seq_Frame0090_ForcepToReference-SequenceTransformStatus = OK
Seq_Frame0090_Timestamp = 9.552
Seq_Frame0091_ForcepToReference-SequenceTransform =0.395538 -0.617823 -0.679591 36.7886 0.25692 -0.635965 0.727696 -51.739 -0.881783 -0.462432 -0.0928171 -79.5952 0 0 0 1 
Seq_Frame0091_ForcepToReference-SequenceTransformStatus = OK
Seq_Frame0091_Timestamp = 9.661
Seq_Frame0092_ForcepToReference-SequenceTransform =0.395546 -0.618055 -0.679376 36.8071 0.258688 -0.634784 0.7281 -51.8779 -0.881263 -0.463743 -0.0912031 -79.4463 0 0 0 1 
Seq_Frame0092_ForcepToReference-SequenceTransformStatus = OK
Seq_Frame0092_Timestamp = 9.766
Seq_Frame0093_ForcepToReference-SequenceTransform =0.409623 -0.617293 -0.671683 36.8788 0.273339 -0.61941 0.735947 -51.9985 -0.870342 -0.485058 -0.0849945 -79.0245 0 0 0 1 
Seq_Frame0093_ForcepToReference-SequenceTransformStatus = OK
Seq_Frame0093_Timestamp = 9.875
Seq_Frame0094_ForcepToReference-SequenceTransform =0.410135 -0.617244 -0.671416 36.8584 0.269328 -0.62138 0.735765 -52.1484 -0.871351 -0.482594 -0.0886083 -78.9928 0 0 0 1 
Seq_Frame0094_ForcepToReference-SequenceTransformStatus = OK
Seq_Frame0094_Timestamp = 9.981
Seq_Frame0095_ForcepToReference-SequenceTransform =0.41096 -0.617058 -0.671082 36.8839 0.271663 -0.619785 0.736252 -52.0564 -0.870236 -0.484878 -0.0870752 -78.9726 0 0 0 1 
Seq_Frame0095_ForcepToReference-SequenceTransformStatus = OK
Seq_Frame0095_Timestamp = 10.088
Seq_Frame0096_ForcepToReference-SequenceTransform =0.397191 -0.61799 -0.678474 36.8335 0.258605 -0.633966 0.728842 -51.7994 -0.880547 -0.464946 -0.0919909 -79.5505 0 0 0 1 
Seq_Frame0096_ForcepToReference-SequenceTransformStatus = OK
Seq_Frame0096_Timestamp = 10.193
Seq_Frame0097_ForcepToReference-SequenceTransform =0.410761 -0.616872 -0.671375 36.8681 0.271606 -0.620141 0.735972 -52.071 -0.870348 -0.484658 -0.0871838 -78.9876 0 0 0 1 
Seq_Frame0097_ForcepToReference-SequenceTransformStatus = OK
Seq_Frame0097_Timestamp = 10.302
Seq_Frame0098_ForcepToReference-SequenceTransform =0.407117 -0.618845 -0.671779 36.8522 0.275904 -0.61781 0.736334 -51.9273 -0.870708 -0.485121 -0.0807791 -79.0234 0 0 0 1 
Seq_Frame0098_ForcepToReference-SequenceTransformStatus = OK
Seq_Frame0098_Timestamp = 10.591
Seq_Frame0099_ForcepToReference-SequenceTransform =0.407872 -0.614343 -0.675443 37.2825 0.261495 -0.630186 0.731085 -53.0536 -0.874792 -0.474814 -0.0963876 -78.727 0 0 0 1 
Seq_Frame0099_ForcepToReference-SequenceTransformStatus = OK
Seq_Frame0099_Timestamp = 10.695
Seq_Frame0100_ForcepToReference-SequenceTransform =0.406563 -0.612795 -0.677634 37.2739 0.22999 -0.649169 0.725041 -54.7807 -0.884201 -0.450624 -0.122992 -77.7308 0 0 0 1 
Seq_Frame0100_ForcepToReference-SequenceTransformStatus = OK
Seq_Frame0100_Timestamp = 10.804
Seq_Frame0101_ForcepToReference-SequenceTransform =0.403636 -0.623036 -0.670003 36.602 0.262199 -0.622821 0.73712 -52.5141 -0.876544 -0.473202 -0.0880335 -78.1961 0 0 0 1 
Seq_Frame0101_ForcepToReference-SequenceTransformStatus = OK
Seq_Frame0101_Timestamp = 10.914
Seq_Frame0102_ForcepToReference-SequenceTransform =0.413915 -0.607896 -0.677597 41.7362 0.268306 -0.62982 0.72893 -50.7003 -0.869877 -0.483518 -0.0975898 -77.4306 0 0 0 1 
Seq_Frame0102_ForcepToReference-SequenceTransformStatus = OK
Seq_Frame0102_Timestamp = 11.026
Seq_Frame0103_ForcepToReference-SequenceTransform =0.413915 -0.607896 -0.677597 41.7362 0.268306 -0.62982 0.72893 -50.7003 -0.869877 -0.483518 -0.0975898 -77.4306 0 0 0 1 
Seq_Frame0103_ForcepToReference-SequenceTransformStatus = OK
Seq_Frame0103_Timestamp = 11.137
Seq_Frame0104_ForcepToReference-SequenceTransform =0.413915 -0.607896 -0.677597 41.7362 0.268306 -0.62982 0.72893 -50.7003 -0.869877 -0.483518 -0.0975898 -77.4306 0 0 0 1 
Seq_Frame0104_ForcepToReference-SequenceTransformStatus = OK
Seq_Frame0104_Timestamp = 11.245
Seq_Frame0105_ForcepToReference-SequenceTransform =0.336596 -0.358869 -0.870584 60.5644 0.322259 -0.824804 0.464593 -1.02612 -0.88479 -0.436933 -0.161977 -97.8165 0 0 0 1 
Seq_Frame0105_ForcepToReference-SequenceTransformStatus = OK
Seq_Frame0105_Timestamp = 11.352
Seq_Frame0106_ForcepToReference-SequenceTransform =-0.0715745 -0.198771 -0.977429 56.8605 0.345892 -0.924079 0.162593 56.8495 -0.93554 -0.326448 0.134894 -124.496 0 0 0 1 
Seq_Frame0106_ForcepToReference-SequenceTransformStatus = OK
Seq_Frame0106_Timestamp = 11.463
Seq_Frame0107_ForcepToReference-SequenceTransform =0.11438 -0.332276 -0.936221 65.0716 0.336673 -0.873673 0.351209 115.863 -0.934649 -0.355371 0.0119377 -118.705 0 0 0 1 
Seq_Frame0107_ForcepToReference-SequenceTransformStatus = OK
Seq_Frame0107_Timestamp = 11.566
Seq_Frame0108_ForcepToReference-SequenceTransform =0.486447 -0.316952 -0.814193 61.3329 0.388745 -0.756041 0.526573 169.874 -0.782462 -0.572664 -0.24456 -94.3635 0 0 0 1 
Seq_Frame0108_ForcepToReference-SequenceTransformStatus = OK
Seq_Frame0108_Timestamp = 11.677
Seq_Frame0109_ForcepToReference-SequenceTransform =0.180757 -0.318862 -0.930405 25.4771 0.510146 -0.778387 0.365874 207.9 -0.840879 -0.540777 0.0219669 -88.4477 0 0 0 1 
Seq_Frame0109_ForcepToReference-SequenceTransformStatus = OK
Seq_Frame0109_Timestamp = 11.783
Seq_Frame0110_ForcepToReference-SequenceTransform =0.241282 -0.399041 -0.884618 -0.219431 0.309669 -0.832238 0.459876 209.507 -0.919722 -0.384899 -0.0772333 -63.7412 0 0 0 1 
Seq_Frame0110_ForcepToReference-SequenceTransformStatus = OK
Seq_Frame0110_Timestamp = 11.89
Seq_Frame0111_ForcepToReference-SequenceTransform =0.273487 -0.482883 -0.831883 -16.9438 0.351545 -0.754845 0.553738 221.656 -0.895333 -0.443884 -0.036685 -45.2256 0 0 0 1 
Seq_Frame0111_ForcepToReference-SequenceTransformStatus = OK
Seq_Frame0111_Timestamp = 12
Seq_Frame0112_ForcepToReference-SequenceTransform =0.173369 -0.472217 -0.864265 -32.0447 0.431668 -0.752334 0.497651 229.892 -0.885215 -0.459353 0.0734099 -35.02 0 0 0 1 
Seq_Frame0112_ForcepToReference-SequenceTransformStatus = OK
Seq_Frame0112_Timestamp = 12.105
Seq_Frame0113_ForcepToReference-SequenceTransform =-0.0189492 -0.467197 -0.88395 -58.5951 0.309116 -0.843531 0.439208 226.001 -0.950836 -0.26492 0.160402 -32.002 0 0 0 1 
Seq_Frame0113_ForcepToReference-SequenceTransformStatus = OK
Seq_Frame0113_Timestamp = 12.215
Seq_Frame0114_ForcepToReference-SequenceTransform =-0.255574 -0.44987 -0.855744 -87.9811 0.201682 -0.890475 0.407895 219.549 -0.945519 -0.0683405 0.318313 -27.1795 0 0 0 1 
Seq_Frame0114_ForcepToReference-SequenceTransformStatus = OK
Seq_Frame0114_Timestamp = 12.32
Seq_Frame0115_ForcepToReference-SequenceTransform =-0.255574 -0.44987 -0.855744 -87.9811 0.201682 -0.890475 0.407895 219.549 -0.945519 -0.0683405 0.318313 -27.1795 0 0 0 1 
Seq_Frame0115_ForcepToReference-SequenceTransformStatus = OK
Seq_Frame0115_Timestamp = 12.432
Seq_Frame0116_ForcepToReference-SequenceTransform =-0.255574 -0.44987 -0.855744 -87.9811 0.201682 -0.890475 0.407895 219.549 -0.945519 -0.0683405 0.318313 -27.1795 0 0 0 1 
Seq_Frame0116_ForcepToReference-SequenceTransformStatus = OK
Seq_Frame0116_Timestamp = 12.535
Seq_Frame0117_ForcepToReference-SequenceTransform =-0.255574 -0.44987 -0.855744 -87.9811 0.201682 -0.890475 0.407895 219.549 -0.945519 -0.0683405 0.318313 -27.1795 0 0 0 1 
Seq_Frame0117_ForcepToReference-SequenceTransformStatus = OK
Seq_Frame0117_Timestamp = 12.645
Seq_Frame0118_ForcepToReference-SequenceTransform =-0.255574 -0.44987 -0.855744 -87.9811 0.201682 -0.890475 0.407895 219.549 -0.945519 -0.0683405 0.318313 -27.1795 0 0 0 1 
Seq_Frame0118_ForcepToReference-SequenceTransformStatus = OK
Seq_Frame0118_Timestamp = 12.749
Seq_Frame0119_ForcepToReference-SequenceTransform =-0.255574 -0.44987 -0.855744 -87.9811 0.201682 -0.890475 0.407895 219.549 -0.945519 -0.0683405 0.318313 -27.1795 0 0 0 1 
Seq_Frame0119_ForcepToReference-SequenceTransformStatus = OK
Seq_Frame0119_Timestamp = 12.859
Seq_Frame0120_ForcepToReference-SequenceTransform =-0.299436 0.41892 0.857231 -120.046 -0.943621 0.0028704 -0.331015 188.588 -0.14113 -0.908019 0.394442 21.3317 0 0 0 1 
Seq_Frame0120_ForcepToReference-SequenceTransformStatus = OK
Seq_Frame0120_Timestamp = 12.967
Seq_Frame0121_ForcepToReference-SequenceTransform =-0.284494 0.502952 0.816151 -99.458 -0.944856 -0.00306179 -0.327471 176.167 -0.162203 -0.864309 0.476088 21.3873 0 0 0 1 
Seq_Frame0121_ForcepToReference-SequenceTransformStatus = OK
Seq_Frame0121_Timestamp = 13.074
Seq_Frame0122_ForcepToReference-SequenceTransform =-0.21502 0.398072 0.891799 -81.9591 -0.943474 0.151178 -0.294961 172.258 -0.252236 -0.904812 0.343064 15.5937 0 0 0 1 
Seq_Frame0122_ForcepToReference-SequenceTransformStatus = OK
Seq_Frame0122_Timestamp = 13.181
Seq_Frame0123_ForcepToReference-SequenceTransform =-0.207391 0.378573 0.902038 -80.7874 -0.943647 0.165686 -0.286494 172.025 -0.257914 -0.910621 0.322877 16.2868 0 0 0 1 
Seq_Frame0123_ForcepToReference-SequenceTransformStatus = OK
Seq_Frame0123_Timestamp = 13.289
Seq_Frame0124_ForcepToReference-SequenceTransform =-0.376776 -0.714722 -0.589247 -93.0602 0.242787 -0.690085 0.68179 160.615 -0.893921 0.113821 0.433533 17.8745 0 0 0 1 
Seq_Frame0124_ForcepToReference-SequenceTransformStatus = OK
Seq_Frame0124_Timestamp = 13.397
Seq_Frame0125_ForcepToReference-SequenceTransform =-0.371367 -0.773968 -0.512894 -109.166 0.17661 -0.601195 0.779341 157.369 -0.911535 0.198839 0.359954 26.5686 0 0 0 1 
Seq_Frame0125_ForcepToReference-SequenceTransformStatus = OK
Seq_Frame0125_Timestamp = 13.504
Seq_Frame0126_ForcepToReference-SequenceTransform =-0.269351 -0.874997 -0.402281 -111.703 -0.000727343 -0.417534 0.908661 154.687 -0.963042 0.245041 0.111827 36.9499 0 0 0 1 
Seq_Frame0126_ForcepToReference-SequenceTransformStatus = OK
Seq_Frame0126_Timestamp = 13.61
Seq_Frame0127_ForcepToReference-SequenceTransform =-0.27788 -0.930147 -0.240019 -127.403 0.0550686 -0.264873 0.962709 160.051 -0.959036 0.2543 0.124825 41.4574 0 0 0 1 
Seq_Frame0127_ForcepToReference-SequenceTransformStatus = OK
Seq_Frame0127_Timestamp = 13.717
Seq_Frame0128_ForcepToReference-SequenceTransform =-0.337538 -0.937569 -0.0838594 -155.557 0.250792 -0.17544 0.952011 176.693 -0.907288 0.300308 0.294352 39.0475 0 0 0 1 
Seq_Frame0128_ForcepToReference-SequenceTransformStatus = OK
Seq_Frame0128_Timestamp = 13.826
Seq_Frame0129_ForcepToReference-SequenceTransform =-0.28883 -0.949622 0.121634 -187.869 0.452201 -0.0233352 0.891611 194.443 -0.843855 0.312527 0.43616 34.1108 0 0 0 1 
Seq_Frame0129_ForcepToReference-SequenceTransformStatus = OK
Seq_Frame0129_Timestamp = 13.932
Seq_Frame0130_ForcepToReference-SequenceTransform =-0.903479 -0.0121875 0.428458 -222.262 -0.426364 -0.0771271 -0.901257 205.228 0.0440298 -0.996947 0.0644865 27.5928 0 0 0 1 
Seq_Frame0130_ForcepToReference-SequenceTransformStatus = OK
Seq_Frame0130_Timestamp = 14.039
Seq_Frame0131_ForcepToReference-SequenceTransform =-0.954253 -0.0605845 0.292799 -241.96 -0.292768 -0.0095903 -0.956135 210.085 0.060735 -0.998117 -0.00858563 31.301 0 0 0 1 
Seq_Frame0131_ForcepToReference-SequenceTransformStatus = OK
Seq_Frame0131_Timestamp = 14.147
Seq_Frame0132_ForcepToReference-SequenceTransform =-0.980252 -0.0645276 0.186927 -249.387 -0.191057 0.0651815 -0.979412 208.551 0.051015 -0.995785 -0.0762228 35.7199 0 0 0 1 
Seq_Frame0132_ForcepToReference-SequenceTransformStatus = OK
Seq_Frame0132_Timestamp = 14.254
Seq_Frame0133_ForcepToReference-SequenceTransform =-0.983629 -0.0790113 0.161961 -257.815 -0.168591 0.0860367 -0.981924 203.202 0.0636485 -0.993154 -0.0979488 33.5602 0 0 0 1 
Seq_Frame0133_ForcepToReference-SequenceTransformStatus = OK
Seq_Frame0133_Timestamp = 14.361
Seq_Frame0134_ForcepToReference-SequenceTransform =-0.981799 -0.118639 0.148307 -269.338 -0.161915 0.11472 -0.980114 200.862 0.0992663 -0.986288 -0.131842 33.2195 0 0 0 1 
Seq_Frame0134_ForcepToReference-SequenceTransformStatus = OK
Seq_Frame0134_Timestamp = 14.473
Seq_Frame0135_ForcepToReference-SequenceTransform =-0.98363 -0.111936 0.141216 -276.936 -0.15509 0.126855 -0.979722 200.624 0.0917518 -0.985585 -0.142139 30.1856 0 0 0 1 
Seq_Frame0135_ForcepToReference-SequenceTransformStatus = OK
Seq_Frame0135_Timestamp = 14.583
Seq_Frame0136_ForcepToReference-SequenceTransform =-0.986265 -0.113986 0.119534 -283.87 -0.133383 0.122802 -0.983427 197.878 0.0974178 -0.985864 -0.136319 30.0606 0 0 0 1 
Seq_Frame0136_ForcepToReference-SequenceTransformStatus = OK
Seq_Frame0136_Timestamp = 14.69
Seq_Frame0137_ForcepToReference-SequenceTransform =-0.993059 -0.0910402 0.0744656 -284.826 -0.0850707 0.118779 -0.98927 187.292 0.0812183 -0.988738 -0.1257 34.7739 0 0 0 1 
Seq_Frame0137_ForcepToReference-SequenceTransformStatus = OK
Seq_Frame0137_Timestamp = 14.803
Seq_Frame0138_ForcepToReference-SequenceTransform =-0.997784 -0.0334031 0.0575408 -276.582 -0.0599509 0.0763045 -0.995281 176.717 0.0288548 -0.996525 -0.078138 41.8375 0 0 0 1 
Seq_Frame0138_ForcepToReference-SequenceTransformStatus = OK
Seq_Frame0138_Timestamp = 14.91
Seq_Frame0139_ForcepToReference-SequenceTransform =-0.997832 -0.0327203 0.0571107 -270.752 -0.0592331 0.0680594 -0.995921 171.028 0.0286999 -0.997145 -0.06985 52.0082 0 0 0 1 
Seq_Frame0139_ForcepToReference-SequenceTransformStatus = OK
Seq_Frame0139_Timestamp = 15.015
Seq_Frame0140_ForcepToReference-SequenceTransform =-0.995448 -0.0456776 0.0836419 -269.014 -0.0872481 0.0836878 -0.992665 170.906 0.0383428 -0.995445 -0.0872921 59.0034 0 0 0 1 
Seq_Frame0140_ForcepToReference-SequenceTransformStatus = OK
Seq_Frame0140_Timestamp = 15.122
Seq_Frame0141_ForcepToReference-SequenceTransform =-0.987495 -0.0995124 0.122274 -279.129 -0.133362 0.113677 -0.984526 169.332 0.0840727 -0.988522 -0.125527 68.6407 0 0 0 1 
Seq_Frame0141_ForcepToReference-SequenceTransformStatus = OK
Seq_Frame0141_Timestamp = 15.226
Seq_Frame0142_ForcepToReference-SequenceTransform =-0.986128 -0.135469 0.0959203 -289.939 -0.116384 0.152264 -0.981463 166.227 0.118352 -0.979012 -0.165918 74.5654 0 0 0 1 
Seq_Frame0142_ForcepToReference-SequenceTransformStatus = OK
Seq_Frame0142_Timestamp = 15.337
Seq_Frame0143_ForcepToReference-SequenceTransform =-0.98034 -0.170032 0.100111 -298.187 -0.125495 0.145777 -0.981326 163.985 0.152263 -0.974597 -0.164249 76.187 0 0 0 1 
Seq_Frame0143_ForcepToReference-SequenceTransformStatus = OK
Seq_Frame0143_Timestamp = 15.441
Seq_Frame0144_ForcepToReference-SequenceTransform =-0.981645 -0.168969 0.0884405 -301.32 -0.11366 0.145939 -0.982743 162.852 0.153146 -0.974757 -0.162465 78.345 0 0 0 1 
Seq_Frame0144_ForcepToReference-SequenceTransformStatus = OK
Seq_Frame0144_Timestamp = 15.55
Seq_Frame0145_ForcepToReference-SequenceTransform =-0.981177 -0.171753 0.0882708 -302.964 -0.114322 0.148235 -0.982322 163.723 0.155632 -0.973924 -0.16508 78.4454 0 0 0 1 
Seq_Frame0145_ForcepToReference-SequenceTransformStatus = OK
Seq_Frame0145_Timestamp = 15.657
Seq_Frame0146_ForcepToReference-SequenceTransform =-0.980029 -0.177582 0.0894901 -303.112 -0.116141 0.145853 -0.982465 163.218 0.161416 -0.973238 -0.163565 78.0435 0 0 0 1 
Seq_Frame0146_ForcepToReference-SequenceTransformStatus = OK
Seq_Frame0146_Timestamp = 15.76
Seq_Frame0147_ForcepToReference-SequenceTransform =-0.979729 -0.175507 0.0965817 -302.063 -0.124274 0.15434 -0.980171 164.319 0.15712 -0.972305 -0.173023 77.3785 0 0 0 1 
Seq_Frame0147_ForcepToReference-SequenceTransformStatus = OK
Seq_Frame0147_Timestamp = 15.867
Seq_Frame0148_ForcepToReference-SequenceTransform =-0.981112 -0.167565 0.0966476 -301.198 -0.123906 0.160709 -0.979193 164.768 0.148546 -0.972674 -0.178436 77.4329 0 0 0 1 
Seq_Frame0148_ForcepToReference-SequenceTransformStatus = OK
Seq_Frame0148_Timestamp = 15.977
