ObjectType = Image
NDims = 3
AnatomicalOrientation = RAI
BinaryData = True
CompressedData = False
DimSize = 0 0 2163
ElementSpacing = 1 1 1
Offset = 0 0 0
TransformMatrix = 1 0 0 0 1 0 0 0 1
ElementType = MET_UCHAR
Kinds = domain domain list
Seq_Frame0000_DriverToReference-SequenceTransform =0.494719 0.790634 -0.360765 78.5657 -0.838586 0.543253 0.0406083 37.9265 0.228093 0.282443 0.931772 63.8424 0 0 0 1 
Seq_Frame0000_DriverToReference-SequenceTransformStatus = OK
Seq_Frame0000_Timestamp = 0.0250001
Seq_Frame0001_DriverToReference-SequenceTransform =0.496613 0.790287 -0.358917 78.615 -0.836145 0.546536 0.0464723 38.0552 0.232888 0.277028 0.932212 63.7018 0 0 0 1 
Seq_Frame0001_DriverToReference-SequenceTransformStatus = OK
Seq_Frame0001_Timestamp = 0.13
Seq_Frame0002_DriverToReference-SequenceTransform =0.49511 0.790728 -0.360021 78.5274 -0.838338 0.543604 0.041037 37.7511 0.228158 0.281501 0.932041 63.8906 0 0 0 1 
Seq_Frame0002_DriverToReference-SequenceTransformStatus = OK
Seq_Frame0002_Timestamp = 0.237
Seq_Frame0003_DriverToReference-SequenceTransform =0.497776 0.789662 -0.358683 78.5123 -0.836733 0.546074 0.0410071 37.6903 0.228249 0.279709 0.932558 63.9273 0 0 0 1 
Seq_Frame0003_DriverToReference-SequenceTransformStatus = OK
Seq_Frame0003_Timestamp = 0.339
Seq_Frame0004_DriverToReference-SequenceTransform =0.493483 0.792693 -0.357927 78.7798 -0.842057 0.538465 0.0315629 36.6553 0.217751 0.285819 0.933216 64.8295 0 0 0 1 
Seq_Frame0004_DriverToReference-SequenceTransformStatus = OK
Seq_Frame0004_Timestamp = 0.615
Seq_Frame0005_DriverToReference-SequenceTransform =0.503001 0.775193 -0.382185 75.2444 -0.822082 0.565614 0.0652891 39.1567 0.266781 0.281347 0.921776 64.9914 0 0 0 1 
Seq_Frame0005_DriverToReference-SequenceTransformStatus = OK
Seq_Frame0005_Timestamp = 0.722
Seq_Frame0006_DriverToReference-SequenceTransform =0.499027 0.814607 -0.295613 74.1055 -0.816668 0.556178 0.15401 39.6651 0.289871 0.164563 0.942812 58.0548 0 0 0 1 
Seq_Frame0006_DriverToReference-SequenceTransformStatus = OK
Seq_Frame0006_Timestamp = 0.832
Seq_Frame0007_DriverToReference-SequenceTransform =0.698648 0.715392 -0.0102639 73.0485 -0.67989 0.668308 0.301852 53.077 0.222802 -0.20391 0.9533 42.9084 0 0 0 1 
Seq_Frame0007_DriverToReference-SequenceTransformStatus = OK
Seq_Frame0007_Timestamp = 0.932
Seq_Frame0008_DriverToReference-SequenceTransform =0.904751 0.40254 -0.139241 68.0228 -0.2137 0.711767 0.669119 100.243 0.368454 -0.575629 0.729995 10.4518 0 0 0 1 
Seq_Frame0008_DriverToReference-SequenceTransformStatus = OK
Seq_Frame0008_Timestamp = 1.275
Seq_Frame0009_DriverToReference-SequenceTransform =0.973484 0.219401 -0.0647535 61.7656 -0.133001 0.773149 0.620122 119.46 0.186119 -0.595067 0.781828 3.73506 0 0 0 1 
Seq_Frame0009_DriverToReference-SequenceTransformStatus = OK
Seq_Frame0009_Timestamp = 1.384
Seq_Frame0010_DriverToReference-SequenceTransform =0.993073 0.0347471 -0.112243 49.3031 0.0395988 0.800414 0.598138 152.369 0.110624 -0.598439 0.793494 -9.80947 0 0 0 1 
Seq_Frame0010_DriverToReference-SequenceTransformStatus = OK
Seq_Frame0010_Timestamp = 1.491
Seq_Frame0011_DriverToReference-SequenceTransform =0.997834 -0.0553859 -0.0354811 41.2539 0.0657523 0.854452 0.515353 173.063 0.00177359 -0.516569 0.856243 -14.5504 0 0 0 1 
Seq_Frame0011_DriverToReference-SequenceTransformStatus = OK
Seq_Frame0011_Timestamp = 1.594
Seq_Frame0012_DriverToReference-SequenceTransform =0.994233 -0.0822251 -0.0688482 37.7743 0.106655 0.825265 0.554583 187.456 0.0112175 -0.558727 0.829276 -20.2909 0 0 0 1 
Seq_Frame0012_DriverToReference-SequenceTransformStatus = OK
Seq_Frame0012_Timestamp = 1.704
Seq_Frame0013_DriverToReference-SequenceTransform =0.991137 -0.0944002 -0.0934643 33.3715 0.125632 0.894731 0.428571 202.744 0.0431683 -0.436514 0.898661 -15.3098 0 0 0 1 
Seq_Frame0013_DriverToReference-SequenceTransformStatus = OK
Seq_Frame0013_Timestamp = 1.81
Seq_Frame0014_DriverToReference-SequenceTransform =0.977627 -0.172227 -0.120759 26.02 0.205668 0.903059 0.377075 211.371 0.0441102 -0.393475 0.918277 -4.88723 0 0 0 1 
Seq_Frame0014_DriverToReference-SequenceTransformStatus = OK
Seq_Frame0014_Timestamp = 1.915
Seq_Frame0015_DriverToReference-SequenceTransform =0.974004 -0.0924317 -0.206818 22.1865 0.144916 0.955956 0.25524 220.51 0.174116 -0.278576 0.944499 16.2936 0 0 0 1 
Seq_Frame0015_DriverToReference-SequenceTransformStatus = OK
Seq_Frame0015_Timestamp = 2.024
Seq_Frame0016_DriverToReference-SequenceTransform =0.972757 -0.0412224 -0.228135 18.6302 0.0834411 0.980369 0.178643 230.741 0.216292 -0.192812 0.9571 41.5359 0 0 0 1 
Seq_Frame0016_DriverToReference-SequenceTransformStatus = OK
Seq_Frame0016_Timestamp = 2.13
Seq_Frame0017_DriverToReference-SequenceTransform =0.96435 -0.0819399 -0.251625 13.6912 0.110672 0.988586 0.102223 232.136 0.240377 -0.126426 0.962411 57.3291 0 0 0 1 
Seq_Frame0017_DriverToReference-SequenceTransformStatus = OK
Seq_Frame0017_Timestamp = 2.234
Seq_Frame0018_DriverToReference-SequenceTransform =0.960868 -0.145287 -0.235847 7.48246 0.151302 0.988459 0.00751026 234.103 0.232034 -0.0429005 0.971761 74.5085 0 0 0 1 
Seq_Frame0018_DriverToReference-SequenceTransformStatus = OK
Seq_Frame0018_Timestamp = 2.341
Seq_Frame0019_DriverToReference-SequenceTransform =0.95592 -0.137962 -0.259199 6.20224 0.159973 0.98493 0.0657366 236.816 0.246224 -0.104304 0.963584 92.6741 0 0 0 1 
Seq_Frame0019_DriverToReference-SequenceTransformStatus = OK
Seq_Frame0019_Timestamp = 2.444
Seq_Frame0020_DriverToReference-SequenceTransform =0.891682 -0.203275 -0.404454 19.332 0.255302 0.963668 0.0785229 251.785 0.373797 -0.173275 0.911181 114.918 0 0 0 1 
Seq_Frame0020_DriverToReference-SequenceTransformStatus = OK
Seq_Frame0020_Timestamp = 2.549
Seq_Frame0021_DriverToReference-SequenceTransform =0.864048 -0.149704 -0.480636 40.5466 0.209206 0.975191 0.0723512 273.942 0.457881 -0.163067 0.873931 141.588 0 0 0 1 
Seq_Frame0021_DriverToReference-SequenceTransformStatus = OK
Seq_Frame0021_Timestamp = 2.654
Seq_Frame0022_DriverToReference-SequenceTransform =0.899425 -0.0534095 -0.4338 55.8742 0.141301 0.974741 0.172959 287.852 0.413605 -0.21686 0.884253 160.471 0 0 0 1 
Seq_Frame0022_DriverToReference-SequenceTransformStatus = OK
Seq_Frame0022_Timestamp = 2.764
Seq_Frame0023_DriverToReference-SequenceTransform =0.946583 0.00354723 -0.322439 63.7449 0.0992294 0.948213 0.301739 286.608 0.306811 -0.317616 0.89721 163.477 0 0 0 1 
Seq_Frame0023_DriverToReference-SequenceTransformStatus = OK
Seq_Frame0023_Timestamp = 2.869
Seq_Frame0024_DriverToReference-SequenceTransform =0.921294 -0.0458909 -0.386149 63.2904 0.12097 0.977564 0.172441 290.624 0.369571 -0.205581 0.906175 163.863 0 0 0 1 
Seq_Frame0024_DriverToReference-SequenceTransformStatus = OK
Seq_Frame0024_Timestamp = 2.976
Seq_Frame0025_DriverToReference-SequenceTransform =0.916634 -0.100853 -0.386795 64.7337 0.175169 0.971134 0.161906 288.552 0.359302 -0.216163 0.907841 163.31 0 0 0 1 
Seq_Frame0025_DriverToReference-SequenceTransformStatus = OK
Seq_Frame0025_Timestamp = 3.092
Seq_Frame0026_DriverToReference-SequenceTransform =0.912795 -0.00850029 -0.40833 73.4462 0.0954914 0.976514 0.193137 281.588 0.397098 -0.215286 0.892169 163.506 0 0 0 1 
Seq_Frame0026_DriverToReference-SequenceTransformStatus = OK
Seq_Frame0026_Timestamp = 3.204
Seq_Frame0027_DriverToReference-SequenceTransform =0.896786 0.234189 -0.375407 75.165 -0.139423 0.954789 0.262563 275.808 0.419924 -0.183123 0.888893 162.123 0 0 0 1 
Seq_Frame0027_DriverToReference-SequenceTransformStatus = OK
Seq_Frame0027_Timestamp = 3.308
Seq_Frame0028_DriverToReference-SequenceTransform =0.882367 0.43142 -0.187895 59.9497 -0.319889 0.842787 0.432876 267.38 0.345107 -0.32185 0.881654 157.441 0 0 0 1 
Seq_Frame0028_DriverToReference-SequenceTransformStatus = OK
Seq_Frame0028_Timestamp = 3.414
Seq_Frame0029_DriverToReference-SequenceTransform =0.859109 0.511456 0.0185659 31.5373 -0.442652 0.724351 0.528558 249.276 0.256886 -0.462308 0.848694 148.366 0 0 0 1 
Seq_Frame0029_DriverToReference-SequenceTransformStatus = OK
Seq_Frame0029_Timestamp = 3.524
Seq_Frame0030_DriverToReference-SequenceTransform =0.794855 0.586567 0.155386 -1.7558 -0.561517 0.613948 0.554767 229.651 0.230008 -0.528211 0.817367 136.872 0 0 0 1 
Seq_Frame0030_DriverToReference-SequenceTransformStatus = OK
Seq_Frame0030_Timestamp = 3.629
Seq_Frame0031_DriverToReference-SequenceTransform =0.80577 0.54923 0.221543 -29.493 -0.560075 0.58511 0.586484 217.848 0.192487 -0.596651 0.779074 128.869 0 0 0 1 
Seq_Frame0031_DriverToReference-SequenceTransformStatus = OK
Seq_Frame0031_Timestamp = 3.734
Seq_Frame0032_DriverToReference-SequenceTransform =0.802565 0.524197 0.284794 -38.7487 -0.567411 0.523329 0.635745 209.548 0.184214 -0.671822 0.71744 125.777 0 0 0 1 
Seq_Frame0032_DriverToReference-SequenceTransformStatus = OK
Seq_Frame0032_Timestamp = 3.839
Seq_Frame0033_DriverToReference-SequenceTransform =0.830703 0.445174 0.334294 -50.3155 -0.545547 0.531267 0.648178 209.353 0.110952 -0.720816 0.684188 125.99 0 0 0 1 
Seq_Frame0033_DriverToReference-SequenceTransformStatus = OK
Seq_Frame0033_Timestamp = 3.946
Seq_Frame0034_DriverToReference-SequenceTransform =0.857517 0.401865 0.321201 -53.1641 -0.507555 0.558936 0.655728 210.735 0.0839836 -0.725324 0.683265 125.193 0 0 0 1 
Seq_Frame0034_DriverToReference-SequenceTransformStatus = OK
Seq_Frame0034_Timestamp = 4.052
Seq_Frame0035_DriverToReference-SequenceTransform =0.885817 0.350726 0.303841 -59.8632 -0.46175 0.601337 0.652058 210.408 0.0459827 -0.717903 0.694623 123.7 0 0 0 1 
Seq_Frame0035_DriverToReference-SequenceTransformStatus = OK
Seq_Frame0035_Timestamp = 4.158
Seq_Frame0036_DriverToReference-SequenceTransform =0.904852 0.257656 0.338905 -73.803 -0.422601 0.639894 0.641829 216.374 -0.0514924 -0.723982 0.687895 117.372 0 0 0 1 
Seq_Frame0036_DriverToReference-SequenceTransformStatus = OK
Seq_Frame0036_Timestamp = 4.265
Seq_Frame0037_DriverToReference-SequenceTransform =0.946527 0.315875 0.0656535 -28.2746 -0.296256 0.770398 0.564552 234.306 0.127749 -0.553814 0.822782 132.303 0 0 0 1 
Seq_Frame0037_DriverToReference-SequenceTransformStatus = OK
Seq_Frame0037_Timestamp = 4.814
Seq_Frame0038_DriverToReference-SequenceTransform =0.950466 0.299659 0.0825773 -21.7367 -0.291536 0.767296 0.571196 228.599 0.107803 -0.566976 0.81665 141.329 0 0 0 1 
Seq_Frame0038_DriverToReference-SequenceTransformStatus = OK
Seq_Frame0038_Timestamp = 4.919
Seq_Frame0039_DriverToReference-SequenceTransform =0.94694 0.308948 0.0886358 -19.4134 -0.300153 0.751393 0.587637 222.785 0.114949 -0.583061 0.804255 141.504 0 0 0 1 
Seq_Frame0039_DriverToReference-SequenceTransformStatus = OK
Seq_Frame0039_Timestamp = 5.028
Seq_Frame0040_DriverToReference-SequenceTransform =0.942012 0.318439 0.105877 -23.9201 -0.316948 0.740604 0.592494 216.467 0.11026 -0.591695 0.798586 137.343 0 0 0 1 
Seq_Frame0040_DriverToReference-SequenceTransformStatus = OK
Seq_Frame0040_Timestamp = 5.131
Seq_Frame0041_DriverToReference-SequenceTransform =0.945392 0.308413 0.105429 -29.3453 -0.307089 0.73444 0.605222 214.868 0.109227 -0.604548 0.789044 132.255 0 0 0 1 
Seq_Frame0041_DriverToReference-SequenceTransformStatus = OK
Seq_Frame0041_Timestamp = 5.233
Seq_Frame0042_DriverToReference-SequenceTransform =0.948151 0.307997 0.0784044 -29.0449 -0.288792 0.731925 0.617159 212.339 0.132697 -0.607803 0.782922 130.765 0 0 0 1 
Seq_Frame0042_DriverToReference-SequenceTransformStatus = OK
Seq_Frame0042_Timestamp = 5.341
Seq_Frame0043_DriverToReference-SequenceTransform =0.951599 0.30072 0.0634621 -28.607 -0.273222 0.733159 0.622758 209.627 0.140748 -0.609955 0.779837 130.557 0 0 0 1 
Seq_Frame0043_DriverToReference-SequenceTransformStatus = OK
Seq_Frame0043_Timestamp = 5.451
Seq_Frame0044_DriverToReference-SequenceTransform =0.958091 0.279928 0.0608391 -29.3672 -0.251213 0.718961 0.648064 206.074 0.137671 -0.636188 0.759152 129.627 0 0 0 1 
Seq_Frame0044_DriverToReference-SequenceTransformStatus = OK
Seq_Frame0044_Timestamp = 5.555
Seq_Frame0045_DriverToReference-SequenceTransform =0.951085 0.306758 0.0365605 -30.3469 -0.261457 0.736242 0.624169 204.583 0.164552 -0.603197 0.780433 126.24 0 0 0 1 
Seq_Frame0045_DriverToReference-SequenceTransformStatus = OK
Seq_Frame0045_Timestamp = 5.659
Seq_Frame0046_DriverToReference-SequenceTransform =0.961013 0.272084 0.0492439 -32.1838 -0.240005 0.732387 0.637187 203.71 0.137303 -0.624164 0.769134 123.665 0 0 0 1 
Seq_Frame0046_DriverToReference-SequenceTransformStatus = OK
Seq_Frame0046_Timestamp = 5.764
Seq_Frame0047_DriverToReference-SequenceTransform =0.957539 0.285221 0.0420494 -35.1786 -0.24693 0.736071 0.630258 203.24 0.148812 -0.61388 0.775246 121.324 0 0 0 1 
Seq_Frame0047_DriverToReference-SequenceTransformStatus = OK
Seq_Frame0047_Timestamp = 5.87
Seq_Frame0048_DriverToReference-SequenceTransform =0.965258 0.256665 0.0489985 -35.7464 -0.226662 0.72915 0.645728 203.846 0.130008 -0.6344 0.761994 120.984 0 0 0 1 
Seq_Frame0048_DriverToReference-SequenceTransformStatus = OK
Seq_Frame0048_Timestamp = 5.979
Seq_Frame0049_DriverToReference-SequenceTransform =0.964729 0.261784 0.0277072 -35.5748 -0.216754 0.730209 0.64793 204.32 0.149385 -0.631082 0.761196 121.778 0 0 0 1 
Seq_Frame0049_DriverToReference-SequenceTransformStatus = OK
Seq_Frame0049_Timestamp = 6.084
Seq_Frame0050_DriverToReference-SequenceTransform =0.968881 0.244752 0.0369695 -36.4114 -0.21077 0.737434 0.641691 205.074 0.129792 -0.629514 0.766072 122.956 0 0 0 1 
Seq_Frame0050_DriverToReference-SequenceTransformStatus = OK
Seq_Frame0050_Timestamp = 6.189
Seq_Frame0051_DriverToReference-SequenceTransform =0.966277 0.256816 0.0188145 -37.2031 -0.209864 0.743064 0.635463 205.554 0.149216 -0.617982 0.771902 122.857 0 0 0 1 
Seq_Frame0051_DriverToReference-SequenceTransformStatus = OK
Seq_Frame0051_Timestamp = 6.295
Seq_Frame0052_DriverToReference-SequenceTransform =0.971034 0.238642 0.0120028 -36.2061 -0.189807 0.739863 0.645427 206.435 0.145145 -0.62901 0.763727 124.117 0 0 0 1 
Seq_Frame0052_DriverToReference-SequenceTransformStatus = OK
Seq_Frame0052_Timestamp = 6.405
Seq_Frame0053_DriverToReference-SequenceTransform =0.970141 0.242409 0.00806056 -36.0801 -0.191256 0.744138 0.640063 206.687 0.149159 -0.622493 0.76828 124.103 0 0 0 1 
Seq_Frame0053_DriverToReference-SequenceTransformStatus = OK
Seq_Frame0053_Timestamp = 6.511
Seq_Frame0054_DriverToReference-SequenceTransform =0.971444 0.237015 0.0110133 -36.1118 -0.188354 0.742108 0.643272 207.342 0.144292 -0.626977 0.765558 124.444 0 0 0 1 
Seq_Frame0054_DriverToReference-SequenceTransformStatus = OK
Seq_Frame0054_Timestamp = 6.62
Seq_Frame0055_DriverToReference-SequenceTransform =0.968251 0.249938 0.00451267 -35.4113 -0.197275 0.752898 0.627875 207.668 0.153532 -0.608831 0.778301 125.016 0 0 0 1 
Seq_Frame0055_DriverToReference-SequenceTransformStatus = OK
Seq_Frame0055_Timestamp = 6.721
Seq_Frame0056_DriverToReference-SequenceTransform =0.970297 0.2416 0.0123856 -34.6999 -0.196587 0.757613 0.622396 208.748 0.140987 -0.606344 0.782605 125.931 0 0 0 1 
Seq_Frame0056_DriverToReference-SequenceTransformStatus = OK
Seq_Frame0056_Timestamp = 6.828
Seq_Frame0057_DriverToReference-SequenceTransform =0.969154 0.246371 -0.00655731 -33.0868 -0.188969 0.759904 0.621962 210.126 0.158216 -0.601538 0.78302 126.141 0 0 0 1 
Seq_Frame0057_DriverToReference-SequenceTransformStatus = OK
Seq_Frame0057_Timestamp = 6.948
Seq_Frame0058_DriverToReference-SequenceTransform =0.968689 0.24787 -0.0141888 -31.4536 -0.186653 0.764751 0.616699 210.058 0.163712 -0.594741 0.787072 127.192 0 0 0 1 
Seq_Frame0058_DriverToReference-SequenceTransformStatus = OK
Seq_Frame0058_Timestamp = 7.057
Seq_Frame0059_DriverToReference-SequenceTransform =0.969453 0.2443 -0.0218639 -30.6763 -0.17587 0.754492 0.632307 210.374 0.170969 -0.609146 0.77441 127.629 0 0 0 1 
Seq_Frame0059_DriverToReference-SequenceTransformStatus = OK
Seq_Frame0059_Timestamp = 7.158
Seq_Frame0060_DriverToReference-SequenceTransform =0.969654 0.243847 -0.0175931 -29.5403 -0.1809 0.764028 0.619304 211.962 0.164457 -0.597328 0.784954 127.988 0 0 0 1 
Seq_Frame0060_DriverToReference-SequenceTransformStatus = OK
Seq_Frame0060_Timestamp = 7.29
Seq_Frame0061_DriverToReference-SequenceTransform =0.968675 0.24832 0.00224992 -31.0613 -0.196104 0.759363 0.620412 215.171 0.152352 -0.60142 0.784272 128.94 0 0 0 1 
Seq_Frame0061_DriverToReference-SequenceTransformStatus = OK
Seq_Frame0061_Timestamp = 7.402
Seq_Frame0062_DriverToReference-SequenceTransform =0.976325 0.206271 0.0651247 -33.7546 -0.199866 0.745125 0.636272 222.729 0.0827184 -0.634225 0.768711 131.198 0 0 0 1 
Seq_Frame0062_DriverToReference-SequenceTransformStatus = OK
Seq_Frame0062_Timestamp = 7.589
Seq_Frame0063_DriverToReference-SequenceTransform =0.914093 0.392641 0.101328 -40.7666 -0.367462 0.696386 0.616456 243.847 0.171482 -0.600732 0.780842 130.215 0 0 0 1 
Seq_Frame0063_DriverToReference-SequenceTransformStatus = OK
Seq_Frame0063_Timestamp = 7.712
Seq_Frame0064_DriverToReference-SequenceTransform =0.914093 0.392641 0.101328 -40.7666 -0.367462 0.696386 0.616456 243.847 0.171482 -0.600732 0.780842 130.215 0 0 0 1 
Seq_Frame0064_DriverToReference-SequenceTransformStatus = OK
Seq_Frame0064_Timestamp = 8.712
Seq_Frame0065_DriverToReference-SequenceTransform =0.50016 0.0701004 0.863091 -3.33158 0.230931 0.949822 -0.210969 281.833 -0.834572 0.304833 0.458875 46.5326 0 0 0 1 
Seq_Frame0065_DriverToReference-SequenceTransformStatus = OK
Seq_Frame0065_Timestamp = 8.848
Seq_Frame0066_DriverToReference-SequenceTransform =0.47407 0.0458623 0.879292 -7.40968 0.324053 0.91946 -0.222671 282.739 -0.818686 0.390499 0.421027 49.9965 0 0 0 1 
Seq_Frame0066_DriverToReference-SequenceTransformStatus = OK
Seq_Frame0066_Timestamp = 8.974
Seq_Frame0067_DriverToReference-SequenceTransform =-0.282795 0.326489 -0.901905 -10.3826 0.37756 0.902267 0.208236 284.572 0.881746 -0.281635 -0.378426 46.3088 0 0 0 1 
Seq_Frame0067_DriverToReference-SequenceTransformStatus = OK
Seq_Frame0067_Timestamp = 9.112
Seq_Frame0068_DriverToReference-SequenceTransform =-0.282795 0.326489 -0.901905 -10.3826 0.37756 0.902267 0.208236 284.572 0.881746 -0.281635 -0.378426 46.3088 0 0 0 1 
Seq_Frame0068_DriverToReference-SequenceTransformStatus = OK
Seq_Frame0068_Timestamp = 9.233
Seq_Frame0069_DriverToReference-SequenceTransform =-0.282795 0.326489 -0.901905 -10.3826 0.37756 0.902267 0.208236 284.572 0.881746 -0.281635 -0.378426 46.3088 0 0 0 1 
Seq_Frame0069_DriverToReference-SequenceTransformStatus = OK
Seq_Frame0069_Timestamp = 9.34
Seq_Frame0070_DriverToReference-SequenceTransform =-0.282795 0.326489 -0.901905 -10.3826 0.37756 0.902267 0.208236 284.572 0.881746 -0.281635 -0.378426 46.3088 0 0 0 1 
Seq_Frame0070_DriverToReference-SequenceTransformStatus = OK
Seq_Frame0070_Timestamp = 9.444
Seq_Frame0071_DriverToReference-SequenceTransform =-0.282795 0.326489 -0.901905 -10.3826 0.37756 0.902267 0.208236 284.572 0.881746 -0.281635 -0.378426 46.3088 0 0 0 1 
Seq_Frame0071_DriverToReference-SequenceTransformStatus = OK
Seq_Frame0071_Timestamp = 9.545
Seq_Frame0072_DriverToReference-SequenceTransform =-0.282795 0.326489 -0.901905 -10.3826 0.37756 0.902267 0.208236 284.572 0.881746 -0.281635 -0.378426 46.3088 0 0 0 1 
Seq_Frame0072_DriverToReference-SequenceTransformStatus = OK
Seq_Frame0072_Timestamp = 9.655
Seq_Frame0073_DriverToReference-SequenceTransform =-0.282795 0.326489 -0.901905 -10.3826 0.37756 0.902267 0.208236 284.572 0.881746 -0.281635 -0.378426 46.3088 0 0 0 1 
Seq_Frame0073_DriverToReference-SequenceTransformStatus = OK
Seq_Frame0073_Timestamp = 9.771
Seq_Frame0074_DriverToReference-SequenceTransform =-0.282795 0.326489 -0.901905 -10.3826 0.37756 0.902267 0.208236 284.572 0.881746 -0.281635 -0.378426 46.3088 0 0 0 1 
Seq_Frame0074_DriverToReference-SequenceTransformStatus = OK
Seq_Frame0074_Timestamp = 9.897
Seq_Frame0075_DriverToReference-SequenceTransform =-0.282795 0.326489 -0.901905 -10.3826 0.37756 0.902267 0.208236 284.572 0.881746 -0.281635 -0.378426 46.3088 0 0 0 1 
Seq_Frame0075_DriverToReference-SequenceTransformStatus = OK
Seq_Frame0075_Timestamp = 10.018
Seq_Frame0076_DriverToReference-SequenceTransform =-0.282795 0.326489 -0.901905 -10.3826 0.37756 0.902267 0.208236 284.572 0.881746 -0.281635 -0.378426 46.3088 0 0 0 1 
Seq_Frame0076_DriverToReference-SequenceTransformStatus = OK
Seq_Frame0076_Timestamp = 10.143
Seq_Frame0077_DriverToReference-SequenceTransform =-0.282795 0.326489 -0.901905 -10.3826 0.37756 0.902267 0.208236 284.572 0.881746 -0.281635 -0.378426 46.3088 0 0 0 1 
Seq_Frame0077_DriverToReference-SequenceTransformStatus = OK
Seq_Frame0077_Timestamp = 10.266
Seq_Frame0078_DriverToReference-SequenceTransform =-0.282795 0.326489 -0.901905 -10.3826 0.37756 0.902267 0.208236 284.572 0.881746 -0.281635 -0.378426 46.3088 0 0 0 1 
Seq_Frame0078_DriverToReference-SequenceTransformStatus = OK
Seq_Frame0078_Timestamp = 10.377
Seq_Frame0079_DriverToReference-SequenceTransform =-0.282795 0.326489 -0.901905 -10.3826 0.37756 0.902267 0.208236 284.572 0.881746 -0.281635 -0.378426 46.3088 0 0 0 1 
Seq_Frame0079_DriverToReference-SequenceTransformStatus = OK
Seq_Frame0079_Timestamp = 10.485
Seq_Frame0080_DriverToReference-SequenceTransform =-0.282795 0.326489 -0.901905 -10.3826 0.37756 0.902267 0.208236 284.572 0.881746 -0.281635 -0.378426 46.3088 0 0 0 1 
Seq_Frame0080_DriverToReference-SequenceTransformStatus = OK
Seq_Frame0080_Timestamp = 10.592
Seq_Frame0081_DriverToReference-SequenceTransform =-0.282795 0.326489 -0.901905 -10.3826 0.37756 0.902267 0.208236 284.572 0.881746 -0.281635 -0.378426 46.3088 0 0 0 1 
Seq_Frame0081_DriverToReference-SequenceTransformStatus = OK
Seq_Frame0081_Timestamp = 10.695
Seq_Frame0082_DriverToReference-SequenceTransform =-0.282795 0.326489 -0.901905 -10.3826 0.37756 0.902267 0.208236 284.572 0.881746 -0.281635 -0.378426 46.3088 0 0 0 1 
Seq_Frame0082_DriverToReference-SequenceTransformStatus = OK
Seq_Frame0082_Timestamp = 10.797
Seq_Frame0083_DriverToReference-SequenceTransform =-0.282795 0.326489 -0.901905 -10.3826 0.37756 0.902267 0.208236 284.572 0.881746 -0.281635 -0.378426 46.3088 0 0 0 1 
Seq_Frame0083_DriverToReference-SequenceTransformStatus = OK
Seq_Frame0083_Timestamp = 10.918
Seq_Frame0084_DriverToReference-SequenceTransform =-0.282795 0.326489 -0.901905 -10.3826 0.37756 0.902267 0.208236 284.572 0.881746 -0.281635 -0.378426 46.3088 0 0 0 1 
Seq_Frame0084_DriverToReference-SequenceTransformStatus = OK
Seq_Frame0084_Timestamp = 11.028
Seq_Frame0085_DriverToReference-SequenceTransform =-0.282795 0.326489 -0.901905 -10.3826 0.37756 0.902267 0.208236 284.572 0.881746 -0.281635 -0.378426 46.3088 0 0 0 1 
Seq_Frame0085_DriverToReference-SequenceTransformStatus = OK
Seq_Frame0085_Timestamp = 11.133
Seq_Frame0086_DriverToReference-SequenceTransform =-0.282795 0.326489 -0.901905 -10.3826 0.37756 0.902267 0.208236 284.572 0.881746 -0.281635 -0.378426 46.3088 0 0 0 1 
Seq_Frame0086_DriverToReference-SequenceTransformStatus = OK
Seq_Frame0086_Timestamp = 11.257
Seq_Frame0087_DriverToReference-SequenceTransform =-0.282795 0.326489 -0.901905 -10.3826 0.37756 0.902267 0.208236 284.572 0.881746 -0.281635 -0.378426 46.3088 0 0 0 1 
Seq_Frame0087_DriverToReference-SequenceTransformStatus = OK
Seq_Frame0087_Timestamp = 11.361
Seq_Frame0088_DriverToReference-SequenceTransform =-0.282795 0.326489 -0.901905 -10.3826 0.37756 0.902267 0.208236 284.572 0.881746 -0.281635 -0.378426 46.3088 0 0 0 1 
Seq_Frame0088_DriverToReference-SequenceTransformStatus = OK
Seq_Frame0088_Timestamp = 11.466
Seq_Frame0089_DriverToReference-SequenceTransform =-0.282795 0.326489 -0.901905 -10.3826 0.37756 0.902267 0.208236 284.572 0.881746 -0.281635 -0.378426 46.3088 0 0 0 1 
Seq_Frame0089_DriverToReference-SequenceTransformStatus = OK
Seq_Frame0089_Timestamp = 11.619
Seq_Frame0090_DriverToReference-SequenceTransform =-0.282795 0.326489 -0.901905 -10.3826 0.37756 0.902267 0.208236 284.572 0.881746 -0.281635 -0.378426 46.3088 0 0 0 1 
Seq_Frame0090_DriverToReference-SequenceTransformStatus = OK
Seq_Frame0090_Timestamp = 11.739
Seq_Frame0091_DriverToReference-SequenceTransform =-0.282795 0.326489 -0.901905 -10.3826 0.37756 0.902267 0.208236 284.572 0.881746 -0.281635 -0.378426 46.3088 0 0 0 1 
Seq_Frame0091_DriverToReference-SequenceTransformStatus = OK
Seq_Frame0091_Timestamp = 11.848
Seq_Frame0092_DriverToReference-SequenceTransform =-0.0919335 0.695539 -0.712583 -12.5841 -0.341933 -0.69415 -0.633433 241.147 -0.935217 0.185422 0.301643 137.867 0 0 0 1 
Seq_Frame0092_DriverToReference-SequenceTransformStatus = OK
Seq_Frame0092_Timestamp = 12.04
Seq_Frame0093_DriverToReference-SequenceTransform =-0.132249 0.783068 -0.607713 -13.1879 -0.359959 -0.609183 -0.70663 245.22 -0.923547 0.1253 0.362436 140.673 0 0 0 1 
Seq_Frame0093_DriverToReference-SequenceTransformStatus = OK
Seq_Frame0093_Timestamp = 12.15
Seq_Frame0094_DriverToReference-SequenceTransform =-0.119812 0.811351 -0.57215 -16.4159 -0.352374 -0.573532 -0.739522 247.257 -0.928158 0.113007 0.354615 140.015 0 0 0 1 
Seq_Frame0094_DriverToReference-SequenceTransformStatus = OK
Seq_Frame0094_Timestamp = 12.274
Seq_Frame0095_DriverToReference-SequenceTransform =-0.112013 0.842551 -0.52684 -18.1075 -0.355039 -0.529115 -0.770704 246.498 -0.928117 0.10072 0.358406 139.248 0 0 0 1 
Seq_Frame0095_DriverToReference-SequenceTransformStatus = OK
Seq_Frame0095_Timestamp = 12.378
Seq_Frame0096_DriverToReference-SequenceTransform =-0.112877 0.860606 -0.496605 -18.9138 -0.370284 -0.500231 -0.782725 246.117 -0.922035 0.0955333 0.375133 140.11 0 0 0 1 
Seq_Frame0096_DriverToReference-SequenceTransformStatus = OK
Seq_Frame0096_Timestamp = 12.487
Seq_Frame0097_DriverToReference-SequenceTransform =-0.130477 0.861863 -0.490069 -18.0553 -0.329881 -0.503871 -0.798306 245.137 -0.934962 0.0575043 0.350056 139.013 0 0 0 1 
Seq_Frame0097_DriverToReference-SequenceTransformStatus = OK
Seq_Frame0097_Timestamp = 12.593
Seq_Frame0098_DriverToReference-SequenceTransform =-0.102437 0.883771 -0.456569 -18.1672 -0.396239 -0.45725 -0.796189 244.249 -0.912415 0.0993512 0.397024 140.975 0 0 0 1 
Seq_Frame0098_DriverToReference-SequenceTransformStatus = OK
Seq_Frame0098_Timestamp = 12.709
Seq_Frame0099_DriverToReference-SequenceTransform =-0.102085 0.885473 -0.45334 -17.9342 -0.367707 -0.457033 -0.809884 245.682 -0.924322 0.0840194 0.37225 140.503 0 0 0 1 
Seq_Frame0099_DriverToReference-SequenceTransformStatus = OK
Seq_Frame0099_Timestamp = 12.832
Seq_Frame0100_DriverToReference-SequenceTransform =-0.112345 0.87697 -0.467229 -17.1933 -0.357251 -0.474413 -0.804552 243.24 -0.927227 0.0765305 0.366597 139.946 0 0 0 1 
Seq_Frame0100_DriverToReference-SequenceTransformStatus = OK
Seq_Frame0100_Timestamp = 12.937
Seq_Frame0101_DriverToReference-SequenceTransform =-0.112345 0.87697 -0.467229 -17.1933 -0.357251 -0.474413 -0.804552 243.24 -0.927227 0.0765305 0.366597 139.946 0 0 0 1 
Seq_Frame0101_DriverToReference-SequenceTransformStatus = OK
Seq_Frame0101_Timestamp = 13.598
Seq_Frame0102_DriverToReference-SequenceTransform =-0.112345 0.87697 -0.467229 -17.1933 -0.357251 -0.474413 -0.804552 243.24 -0.927227 0.0765305 0.366597 139.946 0 0 0 1 
Seq_Frame0102_DriverToReference-SequenceTransformStatus = OK
Seq_Frame0102_Timestamp = 13.702
Seq_Frame0103_DriverToReference-SequenceTransform =-0.0781664 0.117682 -0.98997 -16.7108 -0.349839 -0.933099 -0.0832984 262.382 -0.933543 0.339819 0.114107 138.468 0 0 0 1 
Seq_Frame0103_DriverToReference-SequenceTransformStatus = OK
Seq_Frame0103_Timestamp = 14.347
Seq_Frame0104_DriverToReference-SequenceTransform =0.00913648 0.0160579 -0.999829 -16.1648 -0.381842 -0.924046 -0.01833 268.609 -0.924183 0.381944 -0.00231096 141.275 0 0 0 1 
Seq_Frame0104_DriverToReference-SequenceTransformStatus = OK
Seq_Frame0104_Timestamp = 14.454
Seq_Frame0105_DriverToReference-SequenceTransform =-0.0668285 -0.0611592 -0.995888 -18.2205 -0.299497 -0.950863 0.0784917 269.421 -0.951754 0.303511 0.0452278 138.704 0 0 0 1 
Seq_Frame0105_DriverToReference-SequenceTransformStatus = OK
Seq_Frame0105_Timestamp = 14.679
Seq_Frame0106_DriverToReference-SequenceTransform =0.805933 0.579952 -0.11886 -10.6105 -0.361455 0.641058 0.677049 273.364 0.468852 -0.502693 0.726276 134.512 0 0 0 1 
Seq_Frame0106_DriverToReference-SequenceTransformStatus = OK
Seq_Frame0106_Timestamp = 14.922
Seq_Frame0107_DriverToReference-SequenceTransform =0.80172 0.590353 -0.0934245 -6.76543 -0.40238 0.648677 0.645994 272.116 0.441967 -0.480315 0.757604 130.428 0 0 0 1 
Seq_Frame0107_DriverToReference-SequenceTransformStatus = OK
Seq_Frame0107_Timestamp = 15.029
Seq_Frame0108_DriverToReference-SequenceTransform =0.811236 0.577144 -0.0938129 -2.66866 -0.417953 0.684557 0.597242 270.829 0.408915 -0.445295 0.796556 127.079 0 0 0 1 
Seq_Frame0108_DriverToReference-SequenceTransformStatus = OK
Seq_Frame0108_Timestamp = 15.148
Seq_Frame0109_DriverToReference-SequenceTransform =0.728776 0.637822 -0.249136 -2.32264 -0.450362 0.720535 0.52726 268.584 0.515809 -0.272053 0.812359 122.163 0 0 0 1 
Seq_Frame0109_DriverToReference-SequenceTransformStatus = OK
Seq_Frame0109_Timestamp = 15.268
Seq_Frame0110_DriverToReference-SequenceTransform =0.676081 0.640413 -0.364397 -2.42532 -0.424468 0.742753 0.517827 265.097 0.60228 -0.195418 0.773996 117.706 0 0 0 1 
Seq_Frame0110_DriverToReference-SequenceTransformStatus = OK
Seq_Frame0110_Timestamp = 15.388
Seq_Frame0111_DriverToReference-SequenceTransform =0.760386 0.580824 -0.290614 -1.18265 -0.357255 0.74774 0.55969 264.327 0.542385 -0.321757 0.776074 118.64 0 0 0 1 
Seq_Frame0111_DriverToReference-SequenceTransformStatus = OK
Seq_Frame0111_Timestamp = 15.493
Seq_Frame0112_DriverToReference-SequenceTransform =0.77166 0.570194 -0.281814 -1.20643 -0.3435 0.746511 0.569849 264.144 0.535302 -0.342927 0.771915 118.99 0 0 0 1 
Seq_Frame0112_DriverToReference-SequenceTransformStatus = OK
Seq_Frame0112_Timestamp = 16.306
Seq_Frame0113_DriverToReference-SequenceTransform =0.77166 0.570194 -0.281814 -1.20643 -0.3435 0.746511 0.569849 264.144 0.535302 -0.342927 0.771915 118.99 0 0 0 1 
Seq_Frame0113_DriverToReference-SequenceTransformStatus = OK
Seq_Frame0113_Timestamp = 16.473
Seq_Frame0114_DriverToReference-SequenceTransform =0.77166 0.570194 -0.281814 -1.20643 -0.3435 0.746511 0.569849 264.144 0.535302 -0.342927 0.771915 118.99 0 0 0 1 
Seq_Frame0114_DriverToReference-SequenceTransformStatus = OK
Seq_Frame0114_Timestamp = 16.583
Seq_Frame0115_DriverToReference-SequenceTransform =0.77166 0.570194 -0.281814 -1.20643 -0.3435 0.746511 0.569849 264.144 0.535302 -0.342927 0.771915 118.99 0 0 0 1 
Seq_Frame0115_DriverToReference-SequenceTransformStatus = OK
Seq_Frame0115_Timestamp = 16.689
Seq_Frame0116_DriverToReference-SequenceTransform =0.77166 0.570194 -0.281814 -1.20643 -0.3435 0.746511 0.569849 264.144 0.535302 -0.342927 0.771915 118.99 0 0 0 1 
Seq_Frame0116_DriverToReference-SequenceTransformStatus = OK
Seq_Frame0116_Timestamp = 16.799
Seq_Frame0117_DriverToReference-SequenceTransform =0.77166 0.570194 -0.281814 -1.20643 -0.3435 0.746511 0.569849 264.144 0.535302 -0.342927 0.771915 118.99 0 0 0 1 
Seq_Frame0117_DriverToReference-SequenceTransformStatus = OK
Seq_Frame0117_Timestamp = 16.908
Seq_Frame0118_DriverToReference-SequenceTransform =0.77166 0.570194 -0.281814 -1.20643 -0.3435 0.746511 0.569849 264.144 0.535302 -0.342927 0.771915 118.99 0 0 0 1 
Seq_Frame0118_DriverToReference-SequenceTransformStatus = OK
Seq_Frame0118_Timestamp = 17.031
Seq_Frame0119_DriverToReference-SequenceTransform =0.77166 0.570194 -0.281814 -1.20643 -0.3435 0.746511 0.569849 264.144 0.535302 -0.342927 0.771915 118.99 0 0 0 1 
Seq_Frame0119_DriverToReference-SequenceTransformStatus = OK
Seq_Frame0119_Timestamp = 17.142
Seq_Frame0120_DriverToReference-SequenceTransform =0.77166 0.570194 -0.281814 -1.20643 -0.3435 0.746511 0.569849 264.144 0.535302 -0.342927 0.771915 118.99 0 0 0 1 
Seq_Frame0120_DriverToReference-SequenceTransformStatus = OK
Seq_Frame0120_Timestamp = 17.25
Seq_Frame0121_DriverToReference-SequenceTransform =0.77166 0.570194 -0.281814 -1.20643 -0.3435 0.746511 0.569849 264.144 0.535302 -0.342927 0.771915 118.99 0 0 0 1 
Seq_Frame0121_DriverToReference-SequenceTransformStatus = OK
Seq_Frame0121_Timestamp = 17.781
Seq_Frame0122_DriverToReference-SequenceTransform =0.77166 0.570194 -0.281814 -1.20643 -0.3435 0.746511 0.569849 264.144 0.535302 -0.342927 0.771915 118.99 0 0 0 1 
Seq_Frame0122_DriverToReference-SequenceTransformStatus = OK
Seq_Frame0122_Timestamp = 18.952
Seq_Frame0123_DriverToReference-SequenceTransform =0.77166 0.570194 -0.281814 -1.20643 -0.3435 0.746511 0.569849 264.144 0.535302 -0.342927 0.771915 118.99 0 0 0 1 
Seq_Frame0123_DriverToReference-SequenceTransformStatus = OK
Seq_Frame0123_Timestamp = 19.067
Seq_Frame0124_DriverToReference-SequenceTransform =0.77166 0.570194 -0.281814 -1.20643 -0.3435 0.746511 0.569849 264.144 0.535302 -0.342927 0.771915 118.99 0 0 0 1 
Seq_Frame0124_DriverToReference-SequenceTransformStatus = OK
Seq_Frame0124_Timestamp = 19.522
Seq_Frame0125_DriverToReference-SequenceTransform =-0.171033 -0.233496 -0.957198 15.8586 -0.575988 -0.764512 0.289411 212.585 -0.799366 0.600833 -0.00373411 122.463 0 0 0 1 
Seq_Frame0125_DriverToReference-SequenceTransformStatus = OK
Seq_Frame0125_Timestamp = 19.649
Seq_Frame0126_DriverToReference-SequenceTransform =-0.112172 -0.168288 -0.979335 12.1436 -0.672308 -0.712881 0.199506 211.202 -0.731724 0.680793 -0.0331762 122.793 0 0 0 1 
Seq_Frame0126_DriverToReference-SequenceTransformStatus = OK
Seq_Frame0126_Timestamp = 19.767
Seq_Frame0127_DriverToReference-SequenceTransform =-0.0151549 -0.204274 -0.978796 11.5526 -0.700273 -0.696573 0.156217 210.821 -0.713714 0.687792 -0.132491 119.263 0 0 0 1 
Seq_Frame0127_DriverToReference-SequenceTransformStatus = OK
Seq_Frame0127_Timestamp = 19.878
Seq_Frame0128_DriverToReference-SequenceTransform =0.23883 -0.400256 -0.884735 6.43065 -0.543963 -0.809878 0.21955 214.471 -0.804403 0.428828 -0.411147 118.812 0 0 0 1 
Seq_Frame0128_DriverToReference-SequenceTransformStatus = OK
Seq_Frame0128_Timestamp = 20.001
Seq_Frame0129_DriverToReference-SequenceTransform =0.644435 -0.51664 -0.563726 -1.26697 -0.373142 -0.855962 0.357902 218.467 -0.667434 -0.0202946 -0.744392 110.607 0 0 0 1 
Seq_Frame0129_DriverToReference-SequenceTransformStatus = OK
Seq_Frame0129_Timestamp = 20.124
Seq_Frame0130_DriverToReference-SequenceTransform =0.644435 -0.51664 -0.563726 -1.26697 -0.373142 -0.855962 0.357902 218.467 -0.667434 -0.0202946 -0.744392 110.607 0 0 0 1 
Seq_Frame0130_DriverToReference-SequenceTransformStatus = OK
Seq_Frame0130_Timestamp = 22.221
Seq_Frame0131_DriverToReference-SequenceTransform =0.644435 -0.51664 -0.563726 -1.26697 -0.373142 -0.855962 0.357902 218.467 -0.667434 -0.0202946 -0.744392 110.607 0 0 0 1 
Seq_Frame0131_DriverToReference-SequenceTransformStatus = OK
Seq_Frame0131_Timestamp = 22.33
Seq_Frame0132_DriverToReference-SequenceTransform =0.644435 -0.51664 -0.563726 -1.26697 -0.373142 -0.855962 0.357902 218.467 -0.667434 -0.0202946 -0.744392 110.607 0 0 0 1 
Seq_Frame0132_DriverToReference-SequenceTransformStatus = OK
Seq_Frame0132_Timestamp = 22.454
Seq_Frame0133_DriverToReference-SequenceTransform =0.644435 -0.51664 -0.563726 -1.26697 -0.373142 -0.855962 0.357902 218.467 -0.667434 -0.0202946 -0.744392 110.607 0 0 0 1 
Seq_Frame0133_DriverToReference-SequenceTransformStatus = OK
Seq_Frame0133_Timestamp = 22.561
Seq_Frame0134_DriverToReference-SequenceTransform =0.644435 -0.51664 -0.563726 -1.26697 -0.373142 -0.855962 0.357902 218.467 -0.667434 -0.0202946 -0.744392 110.607 0 0 0 1 
Seq_Frame0134_DriverToReference-SequenceTransformStatus = OK
Seq_Frame0134_Timestamp = 23.021
Seq_Frame0135_DriverToReference-SequenceTransform =0.644435 -0.51664 -0.563726 -1.26697 -0.373142 -0.855962 0.357902 218.467 -0.667434 -0.0202946 -0.744392 110.607 0 0 0 1 
Seq_Frame0135_DriverToReference-SequenceTransformStatus = OK
Seq_Frame0135_Timestamp = 23.131
Seq_Frame0136_DriverToReference-SequenceTransform =0.644435 -0.51664 -0.563726 -1.26697 -0.373142 -0.855962 0.357902 218.467 -0.667434 -0.0202946 -0.744392 110.607 0 0 0 1 
Seq_Frame0136_DriverToReference-SequenceTransformStatus = OK
Seq_Frame0136_Timestamp = 23.237
Seq_Frame0137_DriverToReference-SequenceTransform =0.644435 -0.51664 -0.563726 -1.26697 -0.373142 -0.855962 0.357902 218.467 -0.667434 -0.0202946 -0.744392 110.607 0 0 0 1 
Seq_Frame0137_DriverToReference-SequenceTransformStatus = OK
Seq_Frame0137_Timestamp = 23.353
Seq_Frame0138_DriverToReference-SequenceTransform =0.644435 -0.51664 -0.563726 -1.26697 -0.373142 -0.855962 0.357902 218.467 -0.667434 -0.0202946 -0.744392 110.607 0 0 0 1 
Seq_Frame0138_DriverToReference-SequenceTransformStatus = OK
Seq_Frame0138_Timestamp = 23.46
Seq_Frame0139_DriverToReference-SequenceTransform =0.644435 -0.51664 -0.563726 -1.26697 -0.373142 -0.855962 0.357902 218.467 -0.667434 -0.0202946 -0.744392 110.607 0 0 0 1 
Seq_Frame0139_DriverToReference-SequenceTransformStatus = OK
Seq_Frame0139_Timestamp = 23.571
Seq_Frame0140_DriverToReference-SequenceTransform =0.644435 -0.51664 -0.563726 -1.26697 -0.373142 -0.855962 0.357902 218.467 -0.667434 -0.0202946 -0.744392 110.607 0 0 0 1 
Seq_Frame0140_DriverToReference-SequenceTransformStatus = OK
Seq_Frame0140_Timestamp = 23.694
Seq_Frame0141_DriverToReference-SequenceTransform =0.644435 -0.51664 -0.563726 -1.26697 -0.373142 -0.855962 0.357902 218.467 -0.667434 -0.0202946 -0.744392 110.607 0 0 0 1 
Seq_Frame0141_DriverToReference-SequenceTransformStatus = OK
Seq_Frame0141_Timestamp = 23.805
Seq_Frame0142_DriverToReference-SequenceTransform =0.644435 -0.51664 -0.563726 -1.26697 -0.373142 -0.855962 0.357902 218.467 -0.667434 -0.0202946 -0.744392 110.607 0 0 0 1 
Seq_Frame0142_DriverToReference-SequenceTransformStatus = OK
Seq_Frame0142_Timestamp = 23.911
Seq_Frame0143_DriverToReference-SequenceTransform =0.644435 -0.51664 -0.563726 -1.26697 -0.373142 -0.855962 0.357902 218.467 -0.667434 -0.0202946 -0.744392 110.607 0 0 0 1 
Seq_Frame0143_DriverToReference-SequenceTransformStatus = OK
Seq_Frame0143_Timestamp = 24.02
Seq_Frame0144_DriverToReference-SequenceTransform =0.644435 -0.51664 -0.563726 -1.26697 -0.373142 -0.855962 0.357902 218.467 -0.667434 -0.0202946 -0.744392 110.607 0 0 0 1 
Seq_Frame0144_DriverToReference-SequenceTransformStatus = OK
Seq_Frame0144_Timestamp = 24.127
Seq_Frame0145_DriverToReference-SequenceTransform =0.644435 -0.51664 -0.563726 -1.26697 -0.373142 -0.855962 0.357902 218.467 -0.667434 -0.0202946 -0.744392 110.607 0 0 0 1 
Seq_Frame0145_DriverToReference-SequenceTransformStatus = OK
Seq_Frame0145_Timestamp = 24.25
Seq_Frame0146_DriverToReference-SequenceTransform =0.644435 -0.51664 -0.563726 -1.26697 -0.373142 -0.855962 0.357902 218.467 -0.667434 -0.0202946 -0.744392 110.607 0 0 0 1 
Seq_Frame0146_DriverToReference-SequenceTransformStatus = OK
Seq_Frame0146_Timestamp = 24.367
Seq_Frame0147_DriverToReference-SequenceTransform =0.644435 -0.51664 -0.563726 -1.26697 -0.373142 -0.855962 0.357902 218.467 -0.667434 -0.0202946 -0.744392 110.607 0 0 0 1 
Seq_Frame0147_DriverToReference-SequenceTransformStatus = OK
Seq_Frame0147_Timestamp = 24.49
Seq_Frame0148_DriverToReference-SequenceTransform =0.644435 -0.51664 -0.563726 -1.26697 -0.373142 -0.855962 0.357902 218.467 -0.667434 -0.0202946 -0.744392 110.607 0 0 0 1 
Seq_Frame0148_DriverToReference-SequenceTransformStatus = OK
Seq_Frame0148_Timestamp = 24.603
Seq_Frame0149_DriverToReference-SequenceTransform =0.644435 -0.51664 -0.563726 -1.26697 -0.373142 -0.855962 0.357902 218.467 -0.667434 -0.0202946 -0.744392 110.607 0 0 0 1 
Seq_Frame0149_DriverToReference-SequenceTransformStatus = OK
Seq_Frame0149_Timestamp = 24.729
Seq_Frame0150_DriverToReference-SequenceTransform =0.644435 -0.51664 -0.563726 -1.26697 -0.373142 -0.855962 0.357902 218.467 -0.667434 -0.0202946 -0.744392 110.607 0 0 0 1 
Seq_Frame0150_DriverToReference-SequenceTransformStatus = OK
Seq_Frame0150_Timestamp = 24.834
