ObjectType = Image
NDims = 3
AnatomicalOrientation = RAI
BinaryData = True
CompressedData = False
DimSize = 0 0 2163
ElementSpacing = 1 1 1
Offset = 0 0 0
TransformMatrix = 1 0 0 0 1 0 0 0 1
ElementType = MET_UCHAR
Kinds = domain domain list
Seq_Frame0000_ForcepToReference-SequenceTransform =0.634706 -0.243966 -0.733232 42.3481 0.436017 -0.670324 0.600462 -88.3021 -0.637995 -0.700819 -0.319086 -124.101 0 0 0 1 
Seq_Frame0000_ForcepToReference-SequenceTransformStatus = OK
Seq_Frame0000_Timestamp = 0.0250001
Seq_Frame0001_ForcepToReference-SequenceTransform =0.634101 -0.244093 -0.733713 42.2984 0.436283 -0.67047 0.600105 -88.4261 -0.638414 -0.700634 -0.318652 -123.937 0 0 0 1 
Seq_Frame0001_ForcepToReference-SequenceTransformStatus = OK
Seq_Frame0001_Timestamp = 0.13
Seq_Frame0002_ForcepToReference-SequenceTransform =0.637141 -0.243757 -0.731187 42.402 0.434946 -0.669474 0.602185 -88.1706 -0.636297 -0.701703 -0.320528 -124.205 0 0 0 1 
Seq_Frame0002_ForcepToReference-SequenceTransformStatus = OK
Seq_Frame0002_Timestamp = 0.237
Seq_Frame0003_ForcepToReference-SequenceTransform =0.635058 -0.243117 -0.733209 42.4436 0.43759 -0.668969 0.600828 -88.1263 -0.636566 -0.702406 -0.318448 -124.317 0 0 0 1 
Seq_Frame0003_ForcepToReference-SequenceTransformStatus = OK
Seq_Frame0003_Timestamp = 0.339
Seq_Frame0004_ForcepToReference-SequenceTransform =0.636049 -0.247131 -0.731005 41.8313 0.44222 -0.659593 0.607766 -86.8266 -0.632363 -0.709834 -0.310247 -124.71 0 0 0 1 
Seq_Frame0004_ForcepToReference-SequenceTransformStatus = OK
Seq_Frame0004_Timestamp = 0.615
Seq_Frame0005_ForcepToReference-SequenceTransform =0.636621 -0.240496 -0.732717 42.8233 0.434762 -0.672819 0.598579 -88.5866 -0.636942 -0.699625 -0.323773 -124.188 0 0 0 1 
Seq_Frame0005_ForcepToReference-SequenceTransformStatus = OK
Seq_Frame0005_Timestamp = 0.722
Seq_Frame0006_ForcepToReference-SequenceTransform =0.63618 -0.240971 -0.732945 42.7309 0.436178 -0.671271 0.599286 -88.4479 -0.636415 -0.700948 -0.321943 -124.152 0 0 0 1 
Seq_Frame0006_ForcepToReference-SequenceTransformStatus = OK
Seq_Frame0006_Timestamp = 0.832
Seq_Frame0007_ForcepToReference-SequenceTransform =0.635943 -0.249266 -0.730372 41.6326 0.441381 -0.658854 0.609174 -86.6663 -0.633055 -0.709773 -0.308972 -124.769 0 0 0 1 
Seq_Frame0007_ForcepToReference-SequenceTransformStatus = OK
Seq_Frame0007_Timestamp = 0.932
Seq_Frame0008_ForcepToReference-SequenceTransform =0.631787 -0.237352 -0.737908 43.0677 0.403103 -0.712511 0.574314 -93.7239 -0.662082 -0.660297 -0.354478 -120.388 0 0 0 1 
Seq_Frame0008_ForcepToReference-SequenceTransformStatus = OK
Seq_Frame0008_Timestamp = 1.275
Seq_Frame0009_ForcepToReference-SequenceTransform =0.635988 -0.243646 -0.732227 42.3909 0.438911 -0.666226 0.602909 -87.7369 -0.634725 -0.704826 -0.316773 -124.479 0 0 0 1 
Seq_Frame0009_ForcepToReference-SequenceTransformStatus = OK
Seq_Frame0009_Timestamp = 1.384
Seq_Frame0010_ForcepToReference-SequenceTransform =0.634236 -0.243973 -0.733636 42.3432 0.435508 -0.671298 0.599743 -88.266 -0.63881 -0.699883 -0.319509 -124.127 0 0 0 1 
Seq_Frame0010_ForcepToReference-SequenceTransformStatus = OK
Seq_Frame0010_Timestamp = 1.491
Seq_Frame0011_ForcepToReference-SequenceTransform =0.634351 -0.244394 -0.733396 42.3138 0.433523 -0.673021 0.599251 -88.248 -0.640044 -0.698079 -0.320981 -124.181 0 0 0 1 
Seq_Frame0011_ForcepToReference-SequenceTransformStatus = OK
Seq_Frame0011_Timestamp = 1.594
Seq_Frame0012_ForcepToReference-SequenceTransform =0.634856 -0.244151 -0.733041 42.3234 0.435775 -0.670303 0.600661 -88.2846 -0.638011 -0.700774 -0.319151 -124.06 0 0 0 1 
Seq_Frame0012_ForcepToReference-SequenceTransformStatus = OK
Seq_Frame0012_Timestamp = 1.704
Seq_Frame0013_ForcepToReference-SequenceTransform =0.634952 -0.244219 -0.732935 42.2916 0.43588 -0.670045 0.600873 -88.2265 -0.637844 -0.700997 -0.318996 -124.116 0 0 0 1 
Seq_Frame0013_ForcepToReference-SequenceTransformStatus = OK
Seq_Frame0013_Timestamp = 1.81
Seq_Frame0014_ForcepToReference-SequenceTransform =0.635159 -0.244207 -0.732759 42.335 0.435683 -0.670085 0.600972 -88.177 -0.637772 -0.700963 -0.319214 -124.146 0 0 0 1 
Seq_Frame0014_ForcepToReference-SequenceTransformStatus = OK
Seq_Frame0014_Timestamp = 1.915
Seq_Frame0015_ForcepToReference-SequenceTransform =0.634621 -0.244174 -0.733236 42.3209 0.435262 -0.671058 0.60019 -88.2994 -0.638595 -0.700043 -0.319588 -124.111 0 0 0 1 
Seq_Frame0015_ForcepToReference-SequenceTransformStatus = OK
Seq_Frame0015_Timestamp = 2.024
Seq_Frame0016_ForcepToReference-SequenceTransform =0.634131 -0.244352 -0.733601 42.3175 0.434788 -0.67187 0.599625 -88.3601 -0.639404 -0.699202 -0.319812 -124.027 0 0 0 1 
Seq_Frame0016_ForcepToReference-SequenceTransformStatus = OK
Seq_Frame0016_Timestamp = 2.13
Seq_Frame0017_ForcepToReference-SequenceTransform =0.634399 -0.244502 -0.733319 42.2653 0.435822 -0.670374 0.600548 -88.2043 -0.638433 -0.700584 -0.318725 -124.133 0 0 0 1 
Seq_Frame0017_ForcepToReference-SequenceTransformStatus = OK
Seq_Frame0017_Timestamp = 2.234
Seq_Frame0018_ForcepToReference-SequenceTransform =0.634188 -0.244311 -0.733565 42.3039 0.436133 -0.670379 0.600317 -88.3002 -0.63843 -0.700646 -0.318594 -124.04 0 0 0 1 
Seq_Frame0018_ForcepToReference-SequenceTransformStatus = OK
Seq_Frame0018_Timestamp = 2.341
Seq_Frame0019_ForcepToReference-SequenceTransform =0.634345 -0.243906 -0.733564 42.3311 0.434397 -0.672471 0.599235 -88.5225 -0.639458 -0.698779 -0.320627 -123.857 0 0 0 1 
Seq_Frame0019_ForcepToReference-SequenceTransformStatus = OK
Seq_Frame0019_Timestamp = 2.444
Seq_Frame0020_ForcepToReference-SequenceTransform =0.634507 -0.244492 -0.733229 42.2582 0.435646 -0.670478 0.600559 -88.2632 -0.638445 -0.700488 -0.318911 -124.021 0 0 0 1 
Seq_Frame0020_ForcepToReference-SequenceTransformStatus = OK
Seq_Frame0020_Timestamp = 2.549
Seq_Frame0021_ForcepToReference-SequenceTransform =0.634685 -0.244226 -0.733163 42.3179 0.435312 -0.670903 0.600327 -88.2883 -0.638497 -0.700173 -0.319498 -124.128 0 0 0 1 
Seq_Frame0021_ForcepToReference-SequenceTransformStatus = OK
Seq_Frame0021_Timestamp = 2.654
Seq_Frame0022_ForcepToReference-SequenceTransform =0.635895 -0.244052 -0.732172 42.3192 0.435176 -0.670105 0.601316 -88.2288 -0.637385 -0.700998 -0.319911 -124.11 0 0 0 1 
Seq_Frame0022_ForcepToReference-SequenceTransformStatus = OK
Seq_Frame0022_Timestamp = 2.764
Seq_Frame0023_ForcepToReference-SequenceTransform =0.635779 -0.24408 -0.732264 42.322 0.435023 -0.670355 0.601148 -88.255 -0.637605 -0.700749 -0.320018 -124.101 0 0 0 1 
Seq_Frame0023_ForcepToReference-SequenceTransformStatus = OK
Seq_Frame0023_Timestamp = 2.869
Seq_Frame0024_ForcepToReference-SequenceTransform =0.635322 -0.244358 -0.732567 42.2844 0.435529 -0.669984 0.601196 -88.2213 -0.637715 -0.701007 -0.319231 -124.08 0 0 0 1 
Seq_Frame0024_ForcepToReference-SequenceTransformStatus = OK
Seq_Frame0024_Timestamp = 2.976
Seq_Frame0025_ForcepToReference-SequenceTransform =0.634722 -0.244268 -0.733117 42.2634 0.436155 -0.669909 0.600825 -88.2487 -0.637884 -0.70111 -0.318668 -124.107 0 0 0 1 
Seq_Frame0025_ForcepToReference-SequenceTransformStatus = OK
Seq_Frame0025_Timestamp = 3.092
Seq_Frame0026_ForcepToReference-SequenceTransform =0.635844 -0.244158 -0.732181 42.2732 0.435066 -0.670185 0.601307 -88.2249 -0.637511 -0.700884 -0.319908 -124.109 0 0 0 1 
Seq_Frame0026_ForcepToReference-SequenceTransformStatus = OK
Seq_Frame0026_Timestamp = 3.204
Seq_Frame0027_ForcepToReference-SequenceTransform =0.634666 -0.244583 -0.733061 42.242 0.436212 -0.66964 0.601084 -88.1692 -0.637902 -0.701257 -0.318307 -124.175 0 0 0 1 
Seq_Frame0027_ForcepToReference-SequenceTransformStatus = OK
Seq_Frame0027_Timestamp = 3.308
Seq_Frame0028_ForcepToReference-SequenceTransform =0.635063 -0.24445 -0.732761 42.2647 0.435441 -0.670238 0.600976 -88.2318 -0.638033 -0.700732 -0.3192 -124.077 0 0 0 1 
Seq_Frame0028_ForcepToReference-SequenceTransformStatus = OK
Seq_Frame0028_Timestamp = 3.414
Seq_Frame0029_ForcepToReference-SequenceTransform =0.63494 -0.244589 -0.732822 42.2816 0.435525 -0.670142 0.601022 -88.2155 -0.638098 -0.700775 -0.318975 -124.081 0 0 0 1 
Seq_Frame0029_ForcepToReference-SequenceTransformStatus = OK
Seq_Frame0029_Timestamp = 3.524
Seq_Frame0030_ForcepToReference-SequenceTransform =0.634694 -0.244616 -0.733026 42.2497 0.436741 -0.669006 0.601406 -88.1154 -0.637512 -0.701851 -0.31778 -124.138 0 0 0 1 
Seq_Frame0030_ForcepToReference-SequenceTransformStatus = OK
Seq_Frame0030_Timestamp = 3.629
Seq_Frame0031_ForcepToReference-SequenceTransform =0.634833 -0.244003 -0.73311 42.3453 0.43602 -0.670176 0.600626 -88.2956 -0.637867 -0.700947 -0.319059 -124.062 0 0 0 1 
Seq_Frame0031_ForcepToReference-SequenceTransformStatus = OK
Seq_Frame0031_Timestamp = 3.734
Seq_Frame0032_ForcepToReference-SequenceTransform =0.634266 -0.244541 -0.733421 42.2901 0.436102 -0.670154 0.60059 -88.1664 -0.638374 -0.70078 -0.318411 -124.12 0 0 0 1 
Seq_Frame0032_ForcepToReference-SequenceTransformStatus = OK
Seq_Frame0032_Timestamp = 3.839
Seq_Frame0033_ForcepToReference-SequenceTransform =0.634966 -0.244039 -0.732983 42.3354 0.435002 -0.671145 0.600282 -88.344 -0.638429 -0.700007 -0.319997 -124.042 0 0 0 1 
Seq_Frame0033_ForcepToReference-SequenceTransformStatus = OK
Seq_Frame0033_Timestamp = 3.946
Seq_Frame0034_ForcepToReference-SequenceTransform =0.635261 -0.243994 -0.732742 42.3379 0.434894 -0.671034 0.600484 -88.3203 -0.638209 -0.700129 -0.320169 -124.088 0 0 0 1 
Seq_Frame0034_ForcepToReference-SequenceTransformStatus = OK
Seq_Frame0034_Timestamp = 4.052
Seq_Frame0035_ForcepToReference-SequenceTransform =0.634962 -0.24432 -0.732892 42.3023 0.435497 -0.670373 0.600784 -88.2673 -0.638095 -0.700648 -0.319261 -124.083 0 0 0 1 
Seq_Frame0035_ForcepToReference-SequenceTransformStatus = OK
Seq_Frame0035_Timestamp = 4.158
Seq_Frame0036_ForcepToReference-SequenceTransform =0.602633 -0.246089 -0.759127 41.1146 0.423014 -0.708114 0.565361 -93.0055 -0.676678 -0.661827 -0.322634 -119.152 0 0 0 1 
Seq_Frame0036_ForcepToReference-SequenceTransformStatus = OK
Seq_Frame0036_Timestamp = 4.265
Seq_Frame0037_ForcepToReference-SequenceTransform =0.584386 -0.237453 -0.775957 41.5202 0.414229 -0.73497 0.536874 -96.8633 -0.697787 -0.635166 -0.331146 -116.645 0 0 0 1 
Seq_Frame0037_ForcepToReference-SequenceTransformStatus = OK
Seq_Frame0037_Timestamp = 4.814
Seq_Frame0038_ForcepToReference-SequenceTransform =0.0922216 -0.682416 -0.725123 -105.457 0.939898 -0.180783 0.289672 106.222 -0.328767 -0.708256 0.624729 -140.7 0 0 0 1 
Seq_Frame0038_ForcepToReference-SequenceTransformStatus = OK
Seq_Frame0038_Timestamp = 4.919
Seq_Frame0039_ForcepToReference-SequenceTransform =-0.191218 -0.620314 -0.760688 -146.82 0.966426 -0.254495 -0.0354037 126.701 -0.17163 -0.741918 0.648152 -88.4754 0 0 0 1 
Seq_Frame0039_ForcepToReference-SequenceTransformStatus = OK
Seq_Frame0039_Timestamp = 5.028
Seq_Frame0040_ForcepToReference-SequenceTransform =0.188227 -0.627053 -0.755894 -144.781 0.904209 -0.189794 0.382603 107.555 -0.383376 -0.755502 0.531262 -74.7054 0 0 0 1 
Seq_Frame0040_ForcepToReference-SequenceTransformStatus = OK
Seq_Frame0040_Timestamp = 5.131
Seq_Frame0041_ForcepToReference-SequenceTransform =0.272971 -0.699075 -0.660893 -149.512 0.840813 -0.160447 0.517 90.9333 -0.467461 -0.696814 0.543995 -66.9047 0 0 0 1 
Seq_Frame0041_ForcepToReference-SequenceTransformStatus = OK
Seq_Frame0041_Timestamp = 5.233
Seq_Frame0042_ForcepToReference-SequenceTransform =0.10107 -0.757437 -0.645039 -164.504 0.695181 -0.41004 0.590416 61.4009 -0.711694 -0.508092 0.485112 -72.5726 0 0 0 1 
Seq_Frame0042_ForcepToReference-SequenceTransformStatus = OK
Seq_Frame0042_Timestamp = 5.341
Seq_Frame0043_ForcepToReference-SequenceTransform =0.304691 -0.792154 -0.528825 -157.539 0.218479 -0.482291 0.848329 24.6336 -0.927055 -0.374015 0.0261189 -66.5619 0 0 0 1 
Seq_Frame0043_ForcepToReference-SequenceTransformStatus = OK
Seq_Frame0043_Timestamp = 5.451
Seq_Frame0044_ForcepToReference-SequenceTransform =0.174759 -0.647289 -0.741941 -146.147 0.243869 -0.701603 0.669538 32.683 -0.953932 -0.297944 0.0352421 -63.717 0 0 0 1 
Seq_Frame0044_ForcepToReference-SequenceTransformStatus = OK
Seq_Frame0044_Timestamp = 5.555
Seq_Frame0045_ForcepToReference-SequenceTransform =0.197611 -0.714153 -0.671517 -147.012 0.330012 -0.596575 0.731567 54.8606 -0.923061 -0.366175 0.117789 -72.2265 0 0 0 1 
Seq_Frame0045_ForcepToReference-SequenceTransformStatus = OK
Seq_Frame0045_Timestamp = 5.659
Seq_Frame0046_ForcepToReference-SequenceTransform =-0.0607105 -0.656806 -0.751612 -156.991 0.509842 -0.667767 0.542355 71.8583 -0.858123 -0.350277 0.375408 -78.6586 0 0 0 1 
Seq_Frame0046_ForcepToReference-SequenceTransformStatus = OK
Seq_Frame0046_Timestamp = 5.764
Seq_Frame0047_ForcepToReference-SequenceTransform =-0.404719 -0.586702 -0.701415 -179.541 0.818807 -0.574018 0.00768546 104.525 -0.407134 -0.571213 0.712712 -70.4016 0 0 0 1 
Seq_Frame0047_ForcepToReference-SequenceTransformStatus = OK
Seq_Frame0047_Timestamp = 5.87
Seq_Frame0048_ForcepToReference-SequenceTransform =-0.315437 -0.601549 -0.73392 -175.003 0.934334 -0.332084 -0.129385 119.101 -0.165892 -0.726539 0.666799 -52.4971 0 0 0 1 
Seq_Frame0048_ForcepToReference-SequenceTransformStatus = OK
Seq_Frame0048_Timestamp = 5.979
Seq_Frame0049_ForcepToReference-SequenceTransform =-0.377687 -0.525123 -0.762626 -173.098 0.923456 -0.273829 -0.268787 120.871 -0.0676827 -0.805769 0.58835 -41.2804 0 0 0 1 
Seq_Frame0049_ForcepToReference-SequenceTransformStatus = OK
Seq_Frame0049_Timestamp = 6.084
Seq_Frame0050_ForcepToReference-SequenceTransform =-0.426459 -0.473614 -0.770599 -174.732 0.904494 -0.227795 -0.360555 119.413 -0.00477472 -0.850764 0.525526 -37.1665 0 0 0 1 
Seq_Frame0050_ForcepToReference-SequenceTransformStatus = OK
Seq_Frame0050_Timestamp = 6.189
Seq_Frame0051_ForcepToReference-SequenceTransform =-0.396024 -0.421169 -0.815954 -169.841 0.916619 -0.234103 -0.324045 117.181 -0.0545391 -0.876249 0.478762 -36.6377 0 0 0 1 
Seq_Frame0051_ForcepToReference-SequenceTransformStatus = OK
Seq_Frame0051_Timestamp = 6.295
Seq_Frame0052_ForcepToReference-SequenceTransform =-0.388075 -0.391851 -0.834177 -168.107 0.918976 -0.233144 -0.318006 120.132 -0.0698721 -0.889998 0.450578 -34.1702 0 0 0 1 
Seq_Frame0052_ForcepToReference-SequenceTransformStatus = OK
Seq_Frame0052_Timestamp = 6.405
Seq_Frame0053_ForcepToReference-SequenceTransform =-0.398607 -0.380027 -0.83468 -166.4 0.914805 -0.229404 -0.332424 121.12 -0.0651489 -0.896077 0.439093 -32.9563 0 0 0 1 
Seq_Frame0053_ForcepToReference-SequenceTransformStatus = OK
Seq_Frame0053_Timestamp = 6.511
Seq_Frame0054_ForcepToReference-SequenceTransform =-0.375164 -0.332631 -0.865222 -161.329 0.924714 -0.19921 -0.324375 122.758 -0.0644634 -0.921777 0.382325 -27.6859 0 0 0 1 
Seq_Frame0054_ForcepToReference-SequenceTransformStatus = OK
Seq_Frame0054_Timestamp = 6.62
Seq_Frame0055_ForcepToReference-SequenceTransform =-0.384419 -0.299211 -0.873324 -158.114 0.921818 -0.17538 -0.345678 123.873 -0.0497332 -0.937931 0.343238 -27.8071 0 0 0 1 
Seq_Frame0055_ForcepToReference-SequenceTransformStatus = OK
Seq_Frame0055_Timestamp = 6.721
Seq_Frame0056_ForcepToReference-SequenceTransform =-0.376478 -0.243242 -0.893923 -150.538 0.925407 -0.143988 -0.350557 123.12 -0.0434435 -0.959219 0.279306 -28.4929 0 0 0 1 
Seq_Frame0056_ForcepToReference-SequenceTransformStatus = OK
Seq_Frame0056_Timestamp = 6.828
Seq_Frame0057_ForcepToReference-SequenceTransform =-0.345617 -0.173662 -0.922166 -143.781 0.93802 -0.091007 -0.334421 126.532 -0.0258474 -0.980591 0.194352 -24.1231 0 0 0 1 
Seq_Frame0057_ForcepToReference-SequenceTransformStatus = OK
Seq_Frame0057_Timestamp = 6.948
Seq_Frame0058_ForcepToReference-SequenceTransform =-0.345617 -0.173662 -0.922166 -143.781 0.93802 -0.091007 -0.334421 126.532 -0.0258474 -0.980591 0.194352 -24.1231 0 0 0 1 
Seq_Frame0058_ForcepToReference-SequenceTransformStatus = OK
Seq_Frame0058_Timestamp = 7.057
Seq_Frame0059_ForcepToReference-SequenceTransform =-0.345617 -0.173662 -0.922166 -143.781 0.93802 -0.091007 -0.334421 126.532 -0.0258474 -0.980591 0.194352 -24.1231 0 0 0 1 
Seq_Frame0059_ForcepToReference-SequenceTransformStatus = OK
Seq_Frame0059_Timestamp = 7.158
Seq_Frame0060_ForcepToReference-SequenceTransform =-0.432351 -0.246677 -0.867308 -132.573 0.894494 -0.238735 -0.378003 156.715 -0.113812 -0.939232 0.323868 -42.4787 0 0 0 1 
Seq_Frame0060_ForcepToReference-SequenceTransformStatus = OK
Seq_Frame0060_Timestamp = 7.29
Seq_Frame0061_ForcepToReference-SequenceTransform =-0.512236 -0.269431 -0.815488 -124.843 0.855741 -0.24077 -0.457972 182.179 -0.0729537 -0.932436 0.353894 -45.7429 0 0 0 1 
Seq_Frame0061_ForcepToReference-SequenceTransformStatus = OK
Seq_Frame0061_Timestamp = 7.402
Seq_Frame0062_ForcepToReference-SequenceTransform =0.18244 -0.0417501 0.98233 -92.2601 0.176821 0.984202 0.00899019 212.871 -0.967187 0.172057 0.18694 -41.6483 0 0 0 1 
Seq_Frame0062_ForcepToReference-SequenceTransformStatus = OK
Seq_Frame0062_Timestamp = 7.589
Seq_Frame0063_ForcepToReference-SequenceTransform =-0.711375 0.67162 -0.207054 -46.5148 0.621444 0.463499 -0.631645 243.548 -0.328256 -0.578009 -0.747096 130.317 0 0 0 1 
Seq_Frame0063_ForcepToReference-SequenceTransformStatus = OK
Seq_Frame0063_Timestamp = 7.712
Seq_Frame0064_ForcepToReference-SequenceTransform =-0.6581 -0.208709 -0.723426 0.898998 0.751841 -0.130481 -0.646305 277.616 0.0404964 -0.969234 0.242785 32.6281 0 0 0 1 
Seq_Frame0064_ForcepToReference-SequenceTransformStatus = OK
Seq_Frame0064_Timestamp = 8.712
Seq_Frame0065_ForcepToReference-SequenceTransform =-0.663798 -0.221153 -0.714467 -0.423778 0.747059 -0.150446 -0.64751 278.647 0.0357096 -0.963565 0.26508 34.5518 0 0 0 1 
Seq_Frame0065_ForcepToReference-SequenceTransformStatus = OK
Seq_Frame0065_Timestamp = 8.848
Seq_Frame0066_ForcepToReference-SequenceTransform =-0.663798 -0.221153 -0.714467 -0.423778 0.747059 -0.150446 -0.64751 278.647 0.0357096 -0.963565 0.26508 34.5518 0 0 0 1 
Seq_Frame0066_ForcepToReference-SequenceTransformStatus = OK
Seq_Frame0066_Timestamp = 8.974
Seq_Frame0067_ForcepToReference-SequenceTransform =-0.68672 -0.355012 -0.634335 -13.3617 0.691989 -0.0520006 -0.720033 285.15 0.222635 -0.933414 0.281375 44.2649 0 0 0 1 
Seq_Frame0067_ForcepToReference-SequenceTransformStatus = OK
Seq_Frame0067_Timestamp = 9.112
Seq_Frame0068_ForcepToReference-SequenceTransform =-0.720853 -0.377257 -0.581419 -16.7111 0.621671 0.0189419 -0.783049 286.52 0.306424 -0.925915 0.220875 45.5107 0 0 0 1 
Seq_Frame0068_ForcepToReference-SequenceTransformStatus = OK
Seq_Frame0068_Timestamp = 9.233
Seq_Frame0069_ForcepToReference-SequenceTransform =-0.745848 -0.399164 -0.533272 -21.6182 0.560766 0.0558294 -0.82609 289.353 0.359518 -0.915178 0.182197 48.168 0 0 0 1 
Seq_Frame0069_ForcepToReference-SequenceTransformStatus = OK
Seq_Frame0069_Timestamp = 9.34
Seq_Frame0070_ForcepToReference-SequenceTransform =-0.71891 -0.428296 -0.547477 -26.6611 0.586541 0.0488774 -0.808443 291.693 0.373012 -0.902316 0.216075 55.0157 0 0 0 1 
Seq_Frame0070_ForcepToReference-SequenceTransformStatus = OK
Seq_Frame0070_Timestamp = 9.444
Seq_Frame0071_ForcepToReference-SequenceTransform =-0.722743 -0.433654 -0.538132 -30.3522 0.573013 0.0593239 -0.817396 292.918 0.386392 -0.899124 0.205614 55.5111 0 0 0 1 
Seq_Frame0071_ForcepToReference-SequenceTransformStatus = OK
Seq_Frame0071_Timestamp = 9.545
Seq_Frame0072_ForcepToReference-SequenceTransform =-0.727918 -0.436999 -0.528362 -32.4611 0.55186 0.0839246 -0.829703 293.904 0.406922 -0.895538 0.180072 58.6172 0 0 0 1 
Seq_Frame0072_ForcepToReference-SequenceTransformStatus = OK
Seq_Frame0072_Timestamp = 9.655
Seq_Frame0073_ForcepToReference-SequenceTransform =-0.725168 -0.454057 -0.517652 -34.6912 0.534188 0.103389 -0.83902 295.561 0.434482 -0.884954 0.167577 62.1692 0 0 0 1 
Seq_Frame0073_ForcepToReference-SequenceTransformStatus = OK
Seq_Frame0073_Timestamp = 9.771
Seq_Frame0074_ForcepToReference-SequenceTransform =-0.72909 -0.458099 -0.508501 -35.6079 0.511396 0.129145 -0.849586 296.427 0.454864 -0.87947 0.140111 65.189 0 0 0 1 
Seq_Frame0074_ForcepToReference-SequenceTransformStatus = OK
Seq_Frame0074_Timestamp = 9.897
Seq_Frame0075_ForcepToReference-SequenceTransform =-0.730514 -0.452469 -0.511488 -36.3999 0.513696 0.129421 -0.848155 296.621 0.449961 -0.882339 0.137888 65.8541 0 0 0 1 
Seq_Frame0075_ForcepToReference-SequenceTransformStatus = OK
Seq_Frame0075_Timestamp = 10.018
Seq_Frame0076_ForcepToReference-SequenceTransform =-0.732347 -0.446942 -0.513722 -36.3532 0.515536 0.12894 -0.847111 296.76 0.444849 -0.885222 0.135986 66.538 0 0 0 1 
Seq_Frame0076_ForcepToReference-SequenceTransformStatus = OK
Seq_Frame0076_Timestamp = 10.143
Seq_Frame0077_ForcepToReference-SequenceTransform =-0.733139 -0.444199 -0.514971 -36.0486 0.512584 0.136732 -0.84768 297.269 0.446952 -0.885433 0.127446 69.4593 0 0 0 1 
Seq_Frame0077_ForcepToReference-SequenceTransformStatus = OK
Seq_Frame0077_Timestamp = 10.266
Seq_Frame0078_ForcepToReference-SequenceTransform =-0.72726 -0.455701 -0.513255 -35.5134 0.503141 0.154666 -0.850251 296.72 0.466843 -0.876593 0.1168 69.4763 0 0 0 1 
Seq_Frame0078_ForcepToReference-SequenceTransformStatus = OK
Seq_Frame0078_Timestamp = 10.377
Seq_Frame0079_ForcepToReference-SequenceTransform =-0.726964 -0.45131 -0.517534 -35.2756 0.506497 0.156486 -0.847923 296.715 0.463663 -0.878539 0.114828 71.1035 0 0 0 1 
Seq_Frame0079_ForcepToReference-SequenceTransformStatus = OK
Seq_Frame0079_Timestamp = 10.485
Seq_Frame0080_ForcepToReference-SequenceTransform =-0.730452 -0.450673 -0.513161 -35.1607 0.496142 0.166199 -0.852186 296.469 0.469344 -0.877081 0.102197 72.1579 0 0 0 1 
Seq_Frame0080_ForcepToReference-SequenceTransformStatus = OK
Seq_Frame0080_Timestamp = 10.592
Seq_Frame0081_ForcepToReference-SequenceTransform =-0.730025 -0.452231 -0.512398 -35.1554 0.494426 0.168127 -0.852805 296.351 0.471813 -0.875911 0.100857 73.2514 0 0 0 1 
Seq_Frame0081_ForcepToReference-SequenceTransformStatus = OK
Seq_Frame0081_Timestamp = 10.695
Seq_Frame0082_ForcepToReference-SequenceTransform =-0.733227 -0.446502 -0.512849 -35.5311 0.495455 0.165757 -0.852672 296.013 0.465728 -0.879296 0.0996843 72.634 0 0 0 1 
Seq_Frame0082_ForcepToReference-SequenceTransformStatus = OK
Seq_Frame0082_Timestamp = 10.797
Seq_Frame0083_ForcepToReference-SequenceTransform =-0.732995 -0.450354 -0.509804 -36.1229 0.493371 0.163978 -0.854223 296.298 0.468299 -0.877663 0.101997 73.6334 0 0 0 1 
Seq_Frame0083_ForcepToReference-SequenceTransformStatus = OK
Seq_Frame0083_Timestamp = 10.918
Seq_Frame0084_ForcepToReference-SequenceTransform =-0.735044 -0.445972 -0.510705 -36.0621 0.49509 0.161594 -0.853682 295.985 0.463245 -0.880339 0.102017 72.8853 0 0 0 1 
Seq_Frame0084_ForcepToReference-SequenceTransformStatus = OK
Seq_Frame0084_Timestamp = 11.028
Seq_Frame0085_ForcepToReference-SequenceTransform =-0.733498 -0.453722 -0.506081 -36.0049 0.48485 0.172535 -0.85741 295.898 0.476342 -0.874282 0.0934328 73.5435 0 0 0 1 
Seq_Frame0085_ForcepToReference-SequenceTransformStatus = OK
Seq_Frame0085_Timestamp = 11.133
Seq_Frame0086_ForcepToReference-SequenceTransform =-0.735719 -0.451496 -0.504846 -36.2484 0.48473 0.169582 -0.858066 295.687 0.473026 -0.87601 0.0940888 73.3447 0 0 0 1 
Seq_Frame0086_ForcepToReference-SequenceTransformStatus = OK
Seq_Frame0086_Timestamp = 11.257
Seq_Frame0087_ForcepToReference-SequenceTransform =-0.730671 -0.45372 -0.510155 -36.4113 0.503324 0.146883 -0.851523 295.991 0.461286 -0.878956 0.121044 73.7176 0 0 0 1 
Seq_Frame0087_ForcepToReference-SequenceTransformStatus = OK
Seq_Frame0087_Timestamp = 11.361
Seq_Frame0088_ForcepToReference-SequenceTransform =-0.731908 -0.458617 -0.503966 -36.7329 0.492872 0.154392 -0.856295 295.198 0.470519 -0.875119 0.113039 72.4533 0 0 0 1 
Seq_Frame0088_ForcepToReference-SequenceTransformStatus = OK
Seq_Frame0088_Timestamp = 11.466
Seq_Frame0089_ForcepToReference-SequenceTransform =-0.736998 -0.536023 -0.411719 -40.6224 0.478473 0.0164807 -0.877947 290.396 0.477386 -0.844042 0.244327 62.5396 0 0 0 1 
Seq_Frame0089_ForcepToReference-SequenceTransformStatus = OK
Seq_Frame0089_Timestamp = 11.619
Seq_Frame0090_ForcepToReference-SequenceTransform =-0.754893 -0.540825 -0.371004 -49.447 0.606232 -0.35957 -0.70936 271.429 0.250238 -0.760406 0.599303 14.5666 0 0 0 1 
Seq_Frame0090_ForcepToReference-SequenceTransformStatus = OK
Seq_Frame0090_Timestamp = 11.739
Seq_Frame0091_ForcepToReference-SequenceTransform =-0.657455 -0.521532 -0.543835 -41.0401 0.695192 -0.698227 -0.170843 226.831 -0.29062 -0.490392 0.821618 -24.4391 0 0 0 1 
Seq_Frame0091_ForcepToReference-SequenceTransformStatus = OK
Seq_Frame0091_Timestamp = 11.848
Seq_Frame0092_ForcepToReference-SequenceTransform =-0.669545 -0.558551 -0.489623 -40.1762 0.670837 -0.737724 -0.0757692 222.227 -0.318886 -0.379188 0.868636 -29.4217 0 0 0 1 
Seq_Frame0092_ForcepToReference-SequenceTransformStatus = OK
Seq_Frame0092_Timestamp = 12.04
Seq_Frame0093_ForcepToReference-SequenceTransform =-0.669545 -0.558551 -0.489623 -40.1762 0.670837 -0.737724 -0.0757692 222.227 -0.318886 -0.379188 0.868636 -29.4217 0 0 0 1 
Seq_Frame0093_ForcepToReference-SequenceTransformStatus = OK
Seq_Frame0093_Timestamp = 12.15
Seq_Frame0094_ForcepToReference-SequenceTransform =-0.669545 -0.558551 -0.489623 -40.1762 0.670837 -0.737724 -0.0757692 222.227 -0.318886 -0.379188 0.868636 -29.4217 0 0 0 1 
Seq_Frame0094_ForcepToReference-SequenceTransformStatus = OK
Seq_Frame0094_Timestamp = 12.274
Seq_Frame0095_ForcepToReference-SequenceTransform =0.0908093 0.256116 0.962371 9.55892 -0.988725 0.138727 0.0563767 140.927 -0.119067 -0.95664 0.265826 -7.49652 0 0 0 1 
Seq_Frame0095_ForcepToReference-SequenceTransformStatus = OK
Seq_Frame0095_Timestamp = 12.378
Seq_Frame0096_ForcepToReference-SequenceTransform =0.105649 0.278315 0.954662 10.4174 -0.991919 0.0973179 0.0814006 139.819 -0.0702506 -0.955547 0.286347 -7.97689 0 0 0 1 
Seq_Frame0096_ForcepToReference-SequenceTransformStatus = OK
Seq_Frame0096_Timestamp = 12.487
Seq_Frame0097_ForcepToReference-SequenceTransform =0.104345 0.284007 0.953128 11.0895 -0.992193 0.0955513 0.0801499 140.014 -0.0683095 -0.954049 0.291759 -6.5034 0 0 0 1 
Seq_Frame0097_ForcepToReference-SequenceTransformStatus = OK
Seq_Frame0097_Timestamp = 12.593
Seq_Frame0098_ForcepToReference-SequenceTransform =0.105705 0.271969 0.956483 11.4351 -0.99099 0.108372 0.0787032 139.759 -0.0822515 -0.956184 0.280974 -7.0419 0 0 0 1 
Seq_Frame0098_ForcepToReference-SequenceTransformStatus = OK
Seq_Frame0098_Timestamp = 12.709
Seq_Frame0099_ForcepToReference-SequenceTransform =0.0785173 0.238829 0.967882 8.98626 -0.9894 0.137634 0.0463012 141.384 -0.122155 -0.961258 0.247104 -8.88701 0 0 0 1 
Seq_Frame0099_ForcepToReference-SequenceTransformStatus = OK
Seq_Frame0099_Timestamp = 12.832
Seq_Frame0100_ForcepToReference-SequenceTransform =0.0451554 0.197221 0.979319 6.90931 -0.982516 0.186013 0.00784242 143.311 -0.180619 -0.96255 0.202172 -11.6524 0 0 0 1 
Seq_Frame0100_ForcepToReference-SequenceTransformStatus = OK
Seq_Frame0100_Timestamp = 12.937
Seq_Frame0101_ForcepToReference-SequenceTransform =-0.757803 -0.0904419 -0.646184 -14.913 0.206996 -0.972513 -0.106635 191.83 -0.618778 -0.214566 0.755695 -36.0964 0 0 0 1 
Seq_Frame0101_ForcepToReference-SequenceTransformStatus = OK
Seq_Frame0101_Timestamp = 13.598
Seq_Frame0102_ForcepToReference-SequenceTransform =-0.804706 -0.00226711 -0.593669 -23.0298 0.202999 -0.940767 -0.271568 204.551 -0.557888 -0.339047 0.757501 -34.7668 0 0 0 1 
Seq_Frame0102_ForcepToReference-SequenceTransformStatus = OK
Seq_Frame0102_Timestamp = 13.702
Seq_Frame0103_ForcepToReference-SequenceTransform =-0.804048 -0.0189162 -0.594263 -22.8925 0.261214 -0.909107 -0.324488 207.563 -0.534111 -0.416134 0.735907 -33.3816 0 0 0 1 
Seq_Frame0103_ForcepToReference-SequenceTransformStatus = OK
Seq_Frame0103_Timestamp = 14.347
Seq_Frame0104_ForcepToReference-SequenceTransform =-0.804048 -0.0189162 -0.594263 -22.8925 0.261214 -0.909107 -0.324488 207.563 -0.534111 -0.416134 0.735907 -33.3816 0 0 0 1 
Seq_Frame0104_ForcepToReference-SequenceTransformStatus = OK
Seq_Frame0104_Timestamp = 14.454
Seq_Frame0105_ForcepToReference-SequenceTransform =-0.828954 -0.139481 -0.541645 -25.8542 0.430295 -0.777713 -0.458267 215.599 -0.357325 -0.61295 0.704706 -30.9482 0 0 0 1 
Seq_Frame0105_ForcepToReference-SequenceTransformStatus = OK
Seq_Frame0105_Timestamp = 14.679
Seq_Frame0106_ForcepToReference-SequenceTransform =0.0346192 -0.417287 0.908115 -31.5585 -0.507654 0.775361 0.375638 221.502 -0.860865 -0.474012 -0.184995 -34.3918 0 0 0 1 
Seq_Frame0106_ForcepToReference-SequenceTransformStatus = OK
Seq_Frame0106_Timestamp = 14.922
Seq_Frame0107_ForcepToReference-SequenceTransform =0.0159677 -0.444822 0.895477 -33.3648 -0.526398 0.757689 0.385763 222.235 -0.850088 -0.477537 -0.222055 -36.6003 0 0 0 1 
Seq_Frame0107_ForcepToReference-SequenceTransformStatus = OK
Seq_Frame0107_Timestamp = 15.029
Seq_Frame0108_ForcepToReference-SequenceTransform =0.0331631 -0.435553 0.899552 -32.5708 -0.490497 0.77711 0.394351 223.401 -0.870812 -0.454305 -0.187866 -33.696 0 0 0 1 
Seq_Frame0108_ForcepToReference-SequenceTransformStatus = OK
Seq_Frame0108_Timestamp = 15.148
Seq_Frame0109_ForcepToReference-SequenceTransform =0.105388 -0.397822 0.91139 -31.8492 -0.350647 0.842761 0.408412 226.078 -0.930559 -0.362618 -0.0506778 -27.5329 0 0 0 1 
Seq_Frame0109_ForcepToReference-SequenceTransformStatus = OK
Seq_Frame0109_Timestamp = 15.268
Seq_Frame0110_ForcepToReference-SequenceTransform =0.11411 -0.396395 0.910961 -31.9771 -0.33579 0.847596 0.410885 226.492 -0.935 -0.352778 -0.0363858 -25.879 0 0 0 1 
Seq_Frame0110_ForcepToReference-SequenceTransformStatus = OK
Seq_Frame0110_Timestamp = 15.388
Seq_Frame0111_ForcepToReference-SequenceTransform =-0.862592 -0.18785 -0.469731 -33.3372 0.433063 -0.754158 -0.493662 227.091 -0.261516 -0.629252 0.731882 -24.6859 0 0 0 1 
Seq_Frame0111_ForcepToReference-SequenceTransformStatus = OK
Seq_Frame0111_Timestamp = 15.493
Seq_Frame0112_ForcepToReference-SequenceTransform =0.0102243 -0.392873 0.919536 -41.5509 -0.458885 0.815192 0.353394 230.45 -0.888437 -0.425575 -0.171949 -29.9388 0 0 0 1 
Seq_Frame0112_ForcepToReference-SequenceTransformStatus = OK
Seq_Frame0112_Timestamp = 16.306
Seq_Frame0113_ForcepToReference-SequenceTransform =-0.188187 -0.415082 0.890108 -49.2002 -0.396332 0.861325 0.317867 231.872 -0.898614 -0.29296 -0.3266 -17.4579 0 0 0 1 
Seq_Frame0113_ForcepToReference-SequenceTransformStatus = OK
Seq_Frame0113_Timestamp = 16.473
Seq_Frame0114_ForcepToReference-SequenceTransform =-0.179908 -0.440236 0.879674 -56.4136 -0.317049 0.872493 0.3718 232.63 -0.931189 -0.21201 -0.296545 -11.6261 0 0 0 1 
Seq_Frame0114_ForcepToReference-SequenceTransformStatus = OK
Seq_Frame0114_Timestamp = 16.583
Seq_Frame0115_ForcepToReference-SequenceTransform =-0.212532 -0.442233 0.871355 -58.1407 -0.342141 0.868957 0.357565 228.801 -0.915297 -0.222133 -0.335988 -13.8918 0 0 0 1 
Seq_Frame0115_ForcepToReference-SequenceTransformStatus = OK
Seq_Frame0115_Timestamp = 16.689
Seq_Frame0116_ForcepToReference-SequenceTransform =-0.233128 -0.366063 0.900916 -49.2692 -0.377556 0.887838 0.26305 223.986 -0.89616 -0.278822 -0.345189 -17.8399 0 0 0 1 
Seq_Frame0116_ForcepToReference-SequenceTransformStatus = OK
Seq_Frame0116_Timestamp = 16.799
Seq_Frame0117_ForcepToReference-SequenceTransform =-0.651382 -0.564636 -0.506841 -16.1536 0.758139 -0.511156 -0.404901 215.736 -0.0304531 -0.648001 0.761031 -8.76818 0 0 0 1 
Seq_Frame0117_ForcepToReference-SequenceTransformStatus = OK
Seq_Frame0117_Timestamp = 16.908
Seq_Frame0118_ForcepToReference-SequenceTransform =-0.52635 -0.380166 -0.760545 7.73351 0.823446 -0.450808 -0.344541 205.083 -0.211877 -0.807617 0.550329 4.51649 0 0 0 1 
Seq_Frame0118_ForcepToReference-SequenceTransformStatus = OK
Seq_Frame0118_Timestamp = 17.031
Seq_Frame0119_ForcepToReference-SequenceTransform =-0.50536 -0.322903 -0.800215 22.3573 0.843829 -0.378855 -0.380028 195.828 -0.180454 -0.867296 0.463933 16.1705 0 0 0 1 
Seq_Frame0119_ForcepToReference-SequenceTransformStatus = OK
Seq_Frame0119_Timestamp = 17.142
Seq_Frame0120_ForcepToReference-SequenceTransform =-0.464084 -0.335742 -0.819697 27.6521 0.847529 -0.437342 -0.30071 184.92 -0.257527 -0.834272 0.487515 19.8823 0 0 0 1 
Seq_Frame0120_ForcepToReference-SequenceTransformStatus = OK
Seq_Frame0120_Timestamp = 17.25
Seq_Frame0121_ForcepToReference-SequenceTransform =0.124617 -0.190391 0.973767 -4.83242 -0.0919857 0.974973 0.202399 185.038 -0.987932 -0.114795 0.103985 14.3476 0 0 0 1 
Seq_Frame0121_ForcepToReference-SequenceTransformStatus = OK
Seq_Frame0121_Timestamp = 17.781
Seq_Frame0122_ForcepToReference-SequenceTransform =-0.77692 -0.308307 -0.548947 -15.6813 0.604307 -0.609814 -0.512778 186.467 -0.176663 -0.730119 0.660088 0.70157 0 0 0 1 
Seq_Frame0122_ForcepToReference-SequenceTransformStatus = OK
Seq_Frame0122_Timestamp = 18.952
Seq_Frame0123_ForcepToReference-SequenceTransform =-0.757174 -0.280204 -0.590062 -15.7016 0.61581 -0.607485 -0.501737 184.584 -0.217865 -0.743268 0.632525 -1.60972 0 0 0 1 
Seq_Frame0123_ForcepToReference-SequenceTransformStatus = OK
Seq_Frame0123_Timestamp = 19.067
Seq_Frame0124_ForcepToReference-SequenceTransform =-0.754424 -0.233258 -0.613543 -14.2331 0.605289 -0.608805 -0.512818 183.639 -0.253909 -0.758253 0.600486 -11.954 0 0 0 1 
Seq_Frame0124_ForcepToReference-SequenceTransformStatus = OK
Seq_Frame0124_Timestamp = 19.522
Seq_Frame0125_ForcepToReference-SequenceTransform =-0.755219 -0.224621 -0.615783 -14.0606 0.581749 -0.662552 -0.471797 182.583 -0.302013 -0.714542 0.631045 -19.0896 0 0 0 1 
Seq_Frame0125_ForcepToReference-SequenceTransformStatus = OK
Seq_Frame0125_Timestamp = 19.649
Seq_Frame0126_ForcepToReference-SequenceTransform =0.195035 -0.238417 0.951377 -14.2989 -0.266914 0.920492 0.285395 182.537 -0.943779 -0.309598 0.115892 -20.7481 0 0 0 1 
Seq_Frame0126_ForcepToReference-SequenceTransformStatus = OK
Seq_Frame0126_Timestamp = 19.767
Seq_Frame0127_ForcepToReference-SequenceTransform =0.194923 -0.234038 0.952487 -14.9698 -0.195552 0.942344 0.271565 184.592 -0.961127 -0.239194 0.137918 -18.0379 0 0 0 1 
Seq_Frame0127_ForcepToReference-SequenceTransformStatus = OK
Seq_Frame0127_Timestamp = 19.878
Seq_Frame0128_ForcepToReference-SequenceTransform =0.140255 -0.239121 0.960807 -16.3592 -0.217534 0.939246 0.26551 185.216 -0.965923 -0.246247 0.0797174 -20.0626 0 0 0 1 
Seq_Frame0128_ForcepToReference-SequenceTransformStatus = OK
Seq_Frame0128_Timestamp = 20.001
Seq_Frame0129_ForcepToReference-SequenceTransform =0.0347991 -0.247426 0.968282 -18.5101 -0.156902 0.955501 0.249799 188.96 -0.987001 -0.160618 -0.00557094 -18.183 0 0 0 1 
Seq_Frame0129_ForcepToReference-SequenceTransformStatus = OK
Seq_Frame0129_Timestamp = 20.124
Seq_Frame0130_ForcepToReference-SequenceTransform =-0.685593 -0.381823 -0.619816 -19.1676 0.713061 -0.523729 -0.466103 194.706 -0.146647 -0.761524 0.631329 -8.88432 0 0 0 1 
Seq_Frame0130_ForcepToReference-SequenceTransformStatus = OK
Seq_Frame0130_Timestamp = 22.221
Seq_Frame0131_ForcepToReference-SequenceTransform =-0.622128 -0.437474 -0.649287 -4.88732 0.779433 -0.424217 -0.461003 187.861 -0.0737619 -0.792879 0.604899 5.73351 0 0 0 1 
Seq_Frame0131_ForcepToReference-SequenceTransformStatus = OK
Seq_Frame0131_Timestamp = 22.33
Seq_Frame0132_ForcepToReference-SequenceTransform =-0.547914 -0.35362 -0.758118 4.35955 0.817521 -0.41847 -0.395654 187.903 -0.177339 -0.836562 0.518378 23.6868 0 0 0 1 
Seq_Frame0132_ForcepToReference-SequenceTransformStatus = OK
Seq_Frame0132_Timestamp = 22.454
Seq_Frame0133_ForcepToReference-SequenceTransform =-0.555392 -0.330337 -0.763162 6.29555 0.828932 -0.293221 -0.476334 187.799 -0.0664248 -0.897161 0.43668 28.0422 0 0 0 1 
Seq_Frame0133_ForcepToReference-SequenceTransformStatus = OK
Seq_Frame0133_Timestamp = 22.561
Seq_Frame0134_ForcepToReference-SequenceTransform =-0.542384 -0.339125 -0.768644 10.6509 0.839172 -0.262387 -0.476386 190.576 -0.0401277 -0.903409 0.426899 41.0472 0 0 0 1 
Seq_Frame0134_ForcepToReference-SequenceTransformStatus = OK
Seq_Frame0134_Timestamp = 23.021
Seq_Frame0135_ForcepToReference-SequenceTransform =-0.539512 -0.349181 -0.766159 11.3155 0.840018 -0.285271 -0.461508 190.989 -0.0574132 -0.892576 0.447226 43.0716 0 0 0 1 
Seq_Frame0135_ForcepToReference-SequenceTransformStatus = OK
Seq_Frame0135_Timestamp = 23.131
Seq_Frame0136_ForcepToReference-SequenceTransform =-0.537528 -0.356807 -0.764037 11.6741 0.841851 -0.279159 -0.461905 190.855 -0.0484763 -0.891492 0.450435 43.0616 0 0 0 1 
Seq_Frame0136_ForcepToReference-SequenceTransformStatus = OK
Seq_Frame0136_Timestamp = 23.237
Seq_Frame0137_ForcepToReference-SequenceTransform =-0.538539 -0.362909 -0.760443 11.3937 0.84106 -0.286073 -0.459108 191.15 -0.0509274 -0.886825 0.45929 43.081 0 0 0 1 
Seq_Frame0137_ForcepToReference-SequenceTransformStatus = OK
Seq_Frame0137_Timestamp = 23.353
Seq_Frame0138_ForcepToReference-SequenceTransform =-0.538937 -0.3798 -0.751863 11.0364 0.84065 -0.299114 -0.451484 191.341 -0.0534196 -0.875376 0.480483 42.4139 0 0 0 1 
Seq_Frame0138_ForcepToReference-SequenceTransformStatus = OK
Seq_Frame0138_Timestamp = 23.46
Seq_Frame0139_ForcepToReference-SequenceTransform =-0.538005 -0.376427 -0.754224 11.1046 0.841645 -0.289506 -0.455873 191.415 -0.0467493 -0.88005 0.472574 42.1428 0 0 0 1 
Seq_Frame0139_ForcepToReference-SequenceTransformStatus = OK
Seq_Frame0139_Timestamp = 23.571
Seq_Frame0140_ForcepToReference-SequenceTransform =-0.534899 -0.382779 -0.753235 11.4747 0.843899 -0.28575 -0.454071 191.043 -0.0414284 -0.878537 0.475874 42.0859 0 0 0 1 
Seq_Frame0140_ForcepToReference-SequenceTransformStatus = OK
Seq_Frame0140_Timestamp = 23.694
Seq_Frame0141_ForcepToReference-SequenceTransform =-0.532063 -0.401768 -0.745313 11.8934 0.846151 -0.284148 -0.450876 190.328 -0.030631 -0.870541 0.491141 41.1475 0 0 0 1 
Seq_Frame0141_ForcepToReference-SequenceTransformStatus = OK
Seq_Frame0141_Timestamp = 23.805
Seq_Frame0142_ForcepToReference-SequenceTransform =-0.522805 -0.409917 -0.747424 13.2261 0.852247 -0.270594 -0.447721 188.646 -0.0187203 -0.871061 0.490819 40.6937 0 0 0 1 
Seq_Frame0142_ForcepToReference-SequenceTransformStatus = OK
Seq_Frame0142_Timestamp = 23.911
Seq_Frame0143_ForcepToReference-SequenceTransform =-0.524713 -0.403876 -0.749374 12.6177 0.851148 -0.264334 -0.453513 189.293 -0.0149224 -0.875792 0.482458 41.7583 0 0 0 1 
Seq_Frame0143_ForcepToReference-SequenceTransformStatus = OK
Seq_Frame0143_Timestamp = 24.02
Seq_Frame0144_ForcepToReference-SequenceTransform =-0.517772 -0.402263 -0.755048 13.2362 0.855249 -0.265553 -0.445007 188.911 -0.0214951 -0.876166 0.481531 41.3743 0 0 0 1 
Seq_Frame0144_ForcepToReference-SequenceTransformStatus = OK
Seq_Frame0144_Timestamp = 24.127
Seq_Frame0145_ForcepToReference-SequenceTransform =-0.513122 -0.382089 -0.768579 13.4188 0.857648 -0.263546 -0.441568 189.152 -0.0338379 -0.885749 0.462929 42.7843 0 0 0 1 
Seq_Frame0145_ForcepToReference-SequenceTransformStatus = OK
Seq_Frame0145_Timestamp = 24.25
Seq_Frame0146_ForcepToReference-SequenceTransform =-0.514297 -0.404425 -0.756267 13.3241 0.857426 -0.260841 -0.443601 188.679 -0.017862 -0.876586 0.480914 40.7108 0 0 0 1 
Seq_Frame0146_ForcepToReference-SequenceTransformStatus = OK
Seq_Frame0146_Timestamp = 24.367
Seq_Frame0147_ForcepToReference-SequenceTransform =-0.509737 -0.401542 -0.760876 13.4627 0.859602 -0.274105 -0.431221 189.004 -0.0354068 -0.873859 0.484888 41.4121 0 0 0 1 
Seq_Frame0147_ForcepToReference-SequenceTransformStatus = OK
Seq_Frame0147_Timestamp = 24.49
Seq_Frame0148_ForcepToReference-SequenceTransform =-0.508176 -0.399005 -0.763251 13.5446 0.860315 -0.276526 -0.428242 189.169 -0.0401879 -0.874259 0.483794 41.7029 0 0 0 1 
Seq_Frame0148_ForcepToReference-SequenceTransformStatus = OK
Seq_Frame0148_Timestamp = 24.603
Seq_Frame0149_ForcepToReference-SequenceTransform =-0.499056 -0.390848 -0.773422 14.6549 0.865602 -0.267018 -0.423598 187.875 -0.0409543 -0.880874 0.471576 42.7189 0 0 0 1 
