ObjectType = Image
NDims = 3
AnatomicalOrientation = RAI
BinaryData = True
CompressedData = False
DimSize = 0 0 4280
ElementSpacing = 1 1 1
Offset = 0 0 0
TransformMatrix = 1 0 0 0 1 0 0 0 1
ElementType = MET_UCHAR
Kinds = domain domain list
Seq_Frame0000_DriverToReference-SequenceTransform =0.394087 0.912332 -0.111111 166.924 -0.533902 0.128847 -0.835672 207.261 -0.748094 0.38865 0.537873 308.791 0 0 0 1 
Seq_Frame0000_DriverToReference-SequenceTransformStatus = OK
Seq_Frame0000_Timestamp = 0.0140002
Seq_Frame0001_DriverToReference-SequenceTransform =0.390697 0.914308 -0.106758 166.898 -0.534406 0.130857 -0.835037 207.567 -0.74951 0.383299 0.539737 308.416 0 0 0 1 
Seq_Frame0001_DriverToReference-SequenceTransformStatus = OK
Seq_Frame0001_Timestamp = 0.122
Seq_Frame0002_DriverToReference-SequenceTransform =0.391167 0.913977 -0.107862 166.815 -0.534064 0.129983 -0.835392 207.241 -0.749509 0.384383 0.538967 308.78 0 0 0 1 
Seq_Frame0002_DriverToReference-SequenceTransformStatus = OK
Seq_Frame0002_Timestamp = 0.227
Seq_Frame0003_DriverToReference-SequenceTransform =0.390975 0.914107 -0.107461 166.804 -0.533141 0.12975 -0.836018 207.315 -0.750266 0.384153 0.538077 308.708 0 0 0 1 
Seq_Frame0003_DriverToReference-SequenceTransformStatus = OK
Seq_Frame0003_Timestamp = 0.333
Seq_Frame0004_DriverToReference-SequenceTransform =0.391035 0.914108 -0.107229 166.84 -0.534362 0.130628 -0.835101 207.359 -0.749365 0.383853 0.539545 308.618 0 0 0 1 
Seq_Frame0004_DriverToReference-SequenceTransformStatus = OK
Seq_Frame0004_Timestamp = 0.437
Seq_Frame0005_DriverToReference-SequenceTransform =0.390405 0.914363 -0.10735 166.905 -0.535429 0.130647 -0.834414 207.012 -0.748933 0.383238 0.540582 308.877 0 0 0 1 
Seq_Frame0005_DriverToReference-SequenceTransformStatus = OK
Seq_Frame0005_Timestamp = 0.547
Seq_Frame0006_DriverToReference-SequenceTransform =0.391339 0.913884 -0.108031 166.849 -0.532917 0.129353 -0.836222 206.892 -0.750236 0.384818 0.537644 308.989 0 0 0 1 
Seq_Frame0006_DriverToReference-SequenceTransformStatus = OK
Seq_Frame0006_Timestamp = 0.654
Seq_Frame0007_DriverToReference-SequenceTransform =0.389752 0.914717 -0.106705 166.961 -0.534362 0.130262 -0.835158 206.946 -0.750034 0.382524 0.53956 309.021 0 0 0 1 
Seq_Frame0007_DriverToReference-SequenceTransformStatus = OK
Seq_Frame0007_Timestamp = 0.763
Seq_Frame0008_DriverToReference-SequenceTransform =0.330319 0.938819 -0.0975061 168.162 -0.535265 0.101233 -0.838596 206.496 -0.777419 0.329196 0.535957 309.066 0 0 0 1 
Seq_Frame0008_DriverToReference-SequenceTransformStatus = OK
Seq_Frame0008_Timestamp = 0.867
Seq_Frame0009_DriverToReference-SequenceTransform =0.298778 0.950932 -0.0803744 168.391 -0.54983 0.10269 -0.82894 207.125 -0.780012 0.291861 0.553533 306.731 0 0 0 1 
Seq_Frame0009_DriverToReference-SequenceTransformStatus = OK
Seq_Frame0009_Timestamp = 0.977
Seq_Frame0010_DriverToReference-SequenceTransform =0.259781 0.964664 -0.0440217 168.545 -0.601014 0.125833 -0.789271 206.941 -0.755841 0.231495 0.612466 303.393 0 0 0 1 
Seq_Frame0010_DriverToReference-SequenceTransformStatus = OK
Seq_Frame0010_Timestamp = 1.087
Seq_Frame0011_DriverToReference-SequenceTransform =0.181124 0.98069 0.0737594 165.809 -0.6577 0.176548 -0.732298 208.717 -0.73118 0.0841255 0.676977 294.47 0 0 0 1 
Seq_Frame0011_DriverToReference-SequenceTransformStatus = OK
Seq_Frame0011_Timestamp = 1.192
Seq_Frame0012_DriverToReference-SequenceTransform =0.204511 0.922039 0.328664 161.361 -0.760234 0.361119 -0.540034 215.992 -0.616619 -0.139419 0.774818 280.748 0 0 0 1 
Seq_Frame0012_DriverToReference-SequenceTransformStatus = OK
Seq_Frame0012_Timestamp = 1.297
Seq_Frame0013_DriverToReference-SequenceTransform =0.375264 0.886941 0.26928 157.841 -0.707848 0.461774 -0.534524 221.89 -0.598438 0.00997789 0.801107 274.837 0 0 0 1 
Seq_Frame0013_DriverToReference-SequenceTransformStatus = OK
Seq_Frame0013_Timestamp = 1.402
Seq_Frame0014_DriverToReference-SequenceTransform =0.201012 0.915723 0.347916 150.522 -0.622172 0.393676 -0.676698 237.712 -0.756634 -0.0804389 0.648871 266.723 0 0 0 1 
Seq_Frame0014_DriverToReference-SequenceTransformStatus = OK
Seq_Frame0014_Timestamp = 1.507
Seq_Frame0015_DriverToReference-SequenceTransform =0.205723 0.925109 0.319142 137.669 -0.482587 0.37961 -0.789307 257.548 -0.851344 0.00836479 0.524541 253.079 0 0 0 1 
Seq_Frame0015_DriverToReference-SequenceTransformStatus = OK
Seq_Frame0015_Timestamp = 1.612
Seq_Frame0016_DriverToReference-SequenceTransform =0.421523 0.858328 0.292562 126.003 -0.565434 0.501006 -0.655192 278.505 -0.708945 0.110754 0.696513 246.122 0 0 0 1 
Seq_Frame0016_DriverToReference-SequenceTransformStatus = OK
Seq_Frame0016_Timestamp = 1.722
Seq_Frame0017_DriverToReference-SequenceTransform =0.438043 0.783345 0.441009 115.8 -0.490185 0.619369 -0.61327 295.936 -0.75355 0.0524629 0.655294 247.403 0 0 0 1 
Seq_Frame0017_DriverToReference-SequenceTransformStatus = OK
Seq_Frame0017_Timestamp = 1.832
Seq_Frame0018_DriverToReference-SequenceTransform =0.528122 0.648884 0.547756 100.976 -0.507449 0.758366 -0.409117 303.247 -0.680869 -0.061895 0.729786 240.155 0 0 0 1 
Seq_Frame0018_DriverToReference-SequenceTransformStatus = OK
Seq_Frame0018_Timestamp = 1.942
Seq_Frame0019_DriverToReference-SequenceTransform =0.346036 0.706305 0.61757 91.958 -0.579645 0.678527 -0.451234 305.542 -0.737747 -0.201828 0.644201 231.439 0 0 0 1 
Seq_Frame0019_DriverToReference-SequenceTransformStatus = OK
Seq_Frame0019_Timestamp = 2.052
Seq_Frame0020_DriverToReference-SequenceTransform =0.478935 0.584325 0.655122 72.3313 -0.535296 0.785874 -0.309612 315.121 -0.695758 -0.2024 0.68917 231.278 0 0 0 1 
Seq_Frame0020_DriverToReference-SequenceTransformStatus = OK
Seq_Frame0020_Timestamp = 2.163
Seq_Frame0021_DriverToReference-SequenceTransform =0.521785 0.652378 0.549676 65.9776 -0.579108 0.744008 -0.333294 315.818 -0.626397 -0.144414 0.76601 235.301 0 0 0 1 
Seq_Frame0021_DriverToReference-SequenceTransformStatus = OK
Seq_Frame0021_Timestamp = 2.267
Seq_Frame0022_DriverToReference-SequenceTransform =0.546213 0.713611 0.438646 66.1113 -0.62345 0.696076 -0.356074 310.534 -0.559429 -0.0789812 0.825106 240.087 0 0 0 1 
Seq_Frame0022_DriverToReference-SequenceTransformStatus = OK
Seq_Frame0022_Timestamp = 2.377
Seq_Frame0023_DriverToReference-SequenceTransform =0.585576 0.687985 0.428693 63.0111 -0.584006 0.724814 -0.365487 312.747 -0.562173 -0.0363388 0.826221 240.938 0 0 0 1 
Seq_Frame0023_DriverToReference-SequenceTransformStatus = OK
Seq_Frame0023_Timestamp = 2.482
Seq_Frame0024_DriverToReference-SequenceTransform =0.510967 0.738037 0.440698 61.2684 -0.585696 0.674171 -0.449948 313.808 -0.629184 -0.0282063 0.776745 243.436 0 0 0 1 
Seq_Frame0024_DriverToReference-SequenceTransformStatus = OK
Seq_Frame0024_Timestamp = 2.592
Seq_Frame0025_DriverToReference-SequenceTransform =0.519246 0.687879 0.507154 57.2443 -0.581764 0.719206 -0.379861 314.66 -0.626046 -0.0978025 0.773628 245.711 0 0 0 1 
Seq_Frame0025_DriverToReference-SequenceTransformStatus = OK
Seq_Frame0025_Timestamp = 2.697
Seq_Frame0026_DriverToReference-SequenceTransform =0.512509 0.743432 0.429701 62.4594 -0.589451 0.668486 -0.453514 316.152 -0.624406 -0.0208578 0.780821 254.414 0 0 0 1 
Seq_Frame0026_DriverToReference-SequenceTransformStatus = OK
Seq_Frame0026_Timestamp = 2.802
Seq_Frame0027_DriverToReference-SequenceTransform =0.376491 0.911537 0.165395 74.8962 -0.683081 0.393743 -0.615115 310.682 -0.625823 0.118607 0.770894 257.297 0 0 0 1 
Seq_Frame0027_DriverToReference-SequenceTransformStatus = OK
Seq_Frame0027_Timestamp = 2.912
Seq_Frame0028_DriverToReference-SequenceTransform =0.258242 0.954881 -0.146677 83.4447 -0.74821 0.101639 -0.65563 300.926 -0.61114 0.279056 0.740699 256.809 0 0 0 1 
Seq_Frame0028_DriverToReference-SequenceTransformStatus = OK
Seq_Frame0028_Timestamp = 3.017
Seq_Frame0029_DriverToReference-SequenceTransform =0.184008 0.952876 -0.241181 82.7647 -0.781913 -0.00678118 -0.623351 295.19 -0.595612 0.303284 0.743818 255.929 0 0 0 1 
Seq_Frame0029_DriverToReference-SequenceTransformStatus = OK
Seq_Frame0029_Timestamp = 3.121
Seq_Frame0030_DriverToReference-SequenceTransform =0.168231 0.961924 -0.215408 76.3494 -0.780488 -0.0034959 -0.625161 293.916 -0.60211 0.273295 0.750182 255.404 0 0 0 1 
Seq_Frame0030_DriverToReference-SequenceTransformStatus = OK
Seq_Frame0030_Timestamp = 3.222
Seq_Frame0031_DriverToReference-SequenceTransform =0.195758 0.960457 -0.197995 72.9657 -0.770707 0.0258377 -0.636665 296.1 -0.606374 0.277228 0.745289 257.213 0 0 0 1 
Seq_Frame0031_DriverToReference-SequenceTransformStatus = OK
Seq_Frame0031_Timestamp = 3.327
Seq_Frame0032_DriverToReference-SequenceTransform =0.206095 0.965543 -0.15891 71.0519 -0.756734 0.0543065 -0.651463 300.703 -0.620385 0.254516 0.741852 258.382 0 0 0 1 
Seq_Frame0032_DriverToReference-SequenceTransformStatus = OK
Seq_Frame0032_Timestamp = 3.437
Seq_Frame0033_DriverToReference-SequenceTransform =0.215307 0.966435 -0.140163 69.6699 -0.748048 0.070956 -0.65984 302.306 -0.627747 0.246917 0.738218 259.592 0 0 0 1 
Seq_Frame0033_DriverToReference-SequenceTransformStatus = OK
Seq_Frame0033_Timestamp = 3.542
Seq_Frame0034_DriverToReference-SequenceTransform =0.220896 0.967705 -0.121458 66.5754 -0.747191 0.0878766 -0.658774 303.617 -0.626825 0.236273 0.742472 259.788 0 0 0 1 
Seq_Frame0034_DriverToReference-SequenceTransformStatus = OK
Seq_Frame0034_Timestamp = 3.646
Seq_Frame0035_DriverToReference-SequenceTransform =0.215179 0.971034 -0.103884 61.3964 -0.747575 0.0953413 -0.657299 302.553 -0.628355 0.219098 0.746436 256.656 0 0 0 1 
Seq_Frame0035_DriverToReference-SequenceTransformStatus = OK
Seq_Frame0035_Timestamp = 3.752
Seq_Frame0036_DriverToReference-SequenceTransform =0.197801 0.977859 -0.0683181 53.5392 -0.756877 0.108068 -0.644561 299.4 -0.622907 0.179203 0.761494 252.04 0 0 0 1 
Seq_Frame0036_DriverToReference-SequenceTransformStatus = OK
Seq_Frame0036_Timestamp = 3.857
Seq_Frame0037_DriverToReference-SequenceTransform =0.198744 0.979271 -0.039102 44.2096 -0.763416 0.12967 -0.632757 295.401 -0.61457 0.155608 0.773363 247.198 0 0 0 1 
Seq_Frame0037_DriverToReference-SequenceTransformStatus = OK
Seq_Frame0037_Timestamp = 3.967
Seq_Frame0038_DriverToReference-SequenceTransform =0.204295 0.978909 -7.61188e-06 36.3976 -0.770876 0.160874 -0.616336 292.304 -0.603336 0.12592 0.787483 241.45 0 0 0 1 
Seq_Frame0038_DriverToReference-SequenceTransformStatus = OK
Seq_Frame0038_Timestamp = 4.072
Seq_Frame0039_DriverToReference-SequenceTransform =0.223638 0.974058 0.0346026 28.9453 -0.765735 0.197551 -0.612065 290.12 -0.603022 0.110385 0.79005 234.645 0 0 0 1 
Seq_Frame0039_DriverToReference-SequenceTransformStatus = OK
Seq_Frame0039_Timestamp = 4.182
Seq_Frame0040_DriverToReference-SequenceTransform =0.242082 0.967493 0.0731711 18.4953 -0.774795 0.238158 -0.585639 284.013 -0.584028 0.0850801 0.807262 226.581 0 0 0 1 
Seq_Frame0040_DriverToReference-SequenceTransformStatus = OK
Seq_Frame0040_Timestamp = 4.287
Seq_Frame0041_DriverToReference-SequenceTransform =0.231789 0.96369 0.132569 3.81181 -0.799264 0.266351 -0.538734 274.767 -0.554483 0.018915 0.83198 216.287 0 0 0 1 
Seq_Frame0041_DriverToReference-SequenceTransformStatus = OK
Seq_Frame0041_Timestamp = 4.392
Seq_Frame0042_DriverToReference-SequenceTransform =0.216311 0.956749 0.194525 -12.3538 -0.794883 0.288269 -0.533912 264.995 -0.566896 -0.0391332 0.82286 206.924 0 0 0 1 
Seq_Frame0042_DriverToReference-SequenceTransformStatus = OK
Seq_Frame0042_Timestamp = 4.504
Seq_Frame0043_DriverToReference-SequenceTransform =0.183884 0.94939 0.254646 -30.5668 -0.812765 0.292554 -0.503811 254.396 -0.552811 -0.114325 0.825427 197.18 0 0 0 1 
Seq_Frame0043_DriverToReference-SequenceTransformStatus = OK
Seq_Frame0043_Timestamp = 4.607
Seq_Frame0044_DriverToReference-SequenceTransform =0.173965 0.925881 0.33538 -48.9182 -0.822828 0.323776 -0.467036 247.792 -0.541008 -0.194712 0.818167 188.299 0 0 0 1 
Seq_Frame0044_DriverToReference-SequenceTransformStatus = OK
Seq_Frame0044_Timestamp = 4.712
Seq_Frame0045_DriverToReference-SequenceTransform =0.148679 0.905904 0.396526 -62.9783 -0.796812 0.347222 -0.494498 244.635 -0.58565 -0.242435 0.773459 182.961 0 0 0 1 
Seq_Frame0045_DriverToReference-SequenceTransformStatus = OK
Seq_Frame0045_Timestamp = 4.817
Seq_Frame0046_DriverToReference-SequenceTransform =0.13662 0.908439 0.395062 -67.9694 -0.790521 0.340317 -0.509177 242.488 -0.597003 -0.242741 0.764634 180.373 0 0 0 1 
Seq_Frame0046_DriverToReference-SequenceTransformStatus = OK
Seq_Frame0046_Timestamp = 4.922
Seq_Frame0047_DriverToReference-SequenceTransform =0.145223 0.912523 0.382376 -67.822 -0.795802 0.337368 -0.502874 241.227 -0.587885 -0.231266 0.775182 180.134 0 0 0 1 
Seq_Frame0047_DriverToReference-SequenceTransformStatus = OK
Seq_Frame0047_Timestamp = 5.032
Seq_Frame0048_DriverToReference-SequenceTransform =0.145791 0.911978 0.38346 -67.2137 -0.799085 0.337072 -0.497841 240.27 -0.583274 -0.233837 0.77789 180.502 0 0 0 1 
Seq_Frame0048_DriverToReference-SequenceTransformStatus = OK
Seq_Frame0048_Timestamp = 5.142
Seq_Frame0049_DriverToReference-SequenceTransform =0.143095 0.906498 0.397221 -67.1375 -0.801974 0.341394 -0.490192 239.788 -0.579967 -0.248417 0.77584 180.95 0 0 0 1 
Seq_Frame0049_DriverToReference-SequenceTransformStatus = OK
Seq_Frame0049_Timestamp = 5.255
Seq_Frame0050_DriverToReference-SequenceTransform =0.150026 0.911459 0.383061 -66.8532 -0.801806 0.338847 -0.492229 240.438 -0.578445 -0.233293 0.781649 181.442 0 0 0 1 
Seq_Frame0050_DriverToReference-SequenceTransformStatus = OK
Seq_Frame0050_Timestamp = 5.357
Seq_Frame0051_DriverToReference-SequenceTransform =0.147684 0.902082 0.405509 -65.2057 -0.794465 0.352405 -0.494607 241.78 -0.589079 -0.249117 0.768717 182.642 0 0 0 1 
Seq_Frame0051_DriverToReference-SequenceTransformStatus = OK
Seq_Frame0051_Timestamp = 5.462
Seq_Frame0052_DriverToReference-SequenceTransform =0.148828 0.913072 0.379671 -64.1944 -0.793329 0.339453 -0.505372 241.77 -0.590321 -0.225991 0.774886 183.242 0 0 0 1 
Seq_Frame0052_DriverToReference-SequenceTransformStatus = OK
Seq_Frame0052_Timestamp = 5.567
Seq_Frame0053_DriverToReference-SequenceTransform =0.150763 0.918844 0.364686 -63.6985 -0.78331 0.336081 -0.522948 243.371 -0.603072 -0.206821 0.770409 183.699 0 0 0 1 
Seq_Frame0053_DriverToReference-SequenceTransformStatus = OK
Seq_Frame0053_Timestamp = 5.678
Seq_Frame0054_DriverToReference-SequenceTransform =0.150856 0.907401 0.392258 -62.7178 -0.793668 0.347734 -0.499172 243.746 -0.58935 -0.23602 0.772633 184.421 0 0 0 1 
Seq_Frame0054_DriverToReference-SequenceTransformStatus = OK
Seq_Frame0054_Timestamp = 5.782
Seq_Frame0055_DriverToReference-SequenceTransform =0.146853 0.910359 0.386885 -62.8734 -0.789891 0.343357 -0.508113 244.622 -0.595405 -0.230979 0.769507 184.987 0 0 0 1 
Seq_Frame0055_DriverToReference-SequenceTransformStatus = OK
Seq_Frame0055_Timestamp = 5.887
Seq_Frame0056_DriverToReference-SequenceTransform =0.146744 0.913299 0.379936 -63.0663 -0.787372 0.340343 -0.514016 245.524 -0.598759 -0.223722 0.769049 185.449 0 0 0 1 
Seq_Frame0056_DriverToReference-SequenceTransformStatus = OK
Seq_Frame0056_Timestamp = 5.992
Seq_Frame0057_DriverToReference-SequenceTransform =0.149573 0.909945 0.386818 -62.5757 -0.785075 0.347122 -0.512994 246.941 -0.601069 -0.226951 0.766296 185.831 0 0 0 1 
Seq_Frame0057_DriverToReference-SequenceTransformStatus = OK
Seq_Frame0057_Timestamp = 6.102
Seq_Frame0058_DriverToReference-SequenceTransform =0.153467 0.912282 0.379722 -62.194 -0.780624 0.347537 -0.519465 247.215 -0.605866 -0.216699 0.765485 186.398 0 0 0 1 
Seq_Frame0058_DriverToReference-SequenceTransformStatus = OK
Seq_Frame0058_Timestamp = 6.207
Seq_Frame0059_DriverToReference-SequenceTransform =0.154113 0.912292 0.379436 -62.1829 -0.780177 0.347999 -0.519828 247.861 -0.606278 -0.215915 0.76538 186.798 0 0 0 1 
Seq_Frame0059_DriverToReference-SequenceTransformStatus = OK
Seq_Frame0059_Timestamp = 6.312
Seq_Frame0060_DriverToReference-SequenceTransform =0.151989 0.910746 0.383981 -62.5024 -0.781909 0.348431 -0.516927 247.669 -0.604581 -0.221671 0.765078 187.27 0 0 0 1 
Seq_Frame0060_DriverToReference-SequenceTransformStatus = OK
Seq_Frame0060_Timestamp = 6.422
Seq_Frame0061_DriverToReference-SequenceTransform =0.151373 0.912345 0.380412 -62.768 -0.779445 0.346847 -0.521691 247.709 -0.607907 -0.217541 0.763626 187.1 0 0 0 1 
Seq_Frame0061_DriverToReference-SequenceTransformStatus = OK
Seq_Frame0061_Timestamp = 6.528
Seq_Frame0062_DriverToReference-SequenceTransform =0.152937 0.914441 0.374712 -62.8317 -0.776016 0.3459 -0.527401 247.982 -0.61189 -0.210124 0.762522 187.347 0 0 0 1 
Seq_Frame0062_DriverToReference-SequenceTransformStatus = OK
Seq_Frame0062_Timestamp = 6.632
Seq_Frame0063_DriverToReference-SequenceTransform =0.153154 0.907859 0.390303 -62.7839 -0.779614 0.353705 -0.516812 248.009 -0.607245 -0.225134 0.76195 187.756 0 0 0 1 
Seq_Frame0063_DriverToReference-SequenceTransformStatus = OK
Seq_Frame0063_Timestamp = 6.738
Seq_Frame0064_DriverToReference-SequenceTransform =0.155369 0.915383 0.371395 -63.0233 -0.773633 0.346537 -0.530476 248.063 -0.614291 -0.204904 0.762011 187.663 0 0 0 1 
Seq_Frame0064_DriverToReference-SequenceTransformStatus = OK
Seq_Frame0064_Timestamp = 6.848
Seq_Frame0065_DriverToReference-SequenceTransform =0.157746 0.911896 0.378895 -63.0698 -0.775267 0.352019 -0.524446 248.589 -0.611618 -0.211016 0.762493 188.078 0 0 0 1 
Seq_Frame0065_DriverToReference-SequenceTransformStatus = OK
Seq_Frame0065_Timestamp = 6.952
Seq_Frame0066_DriverToReference-SequenceTransform =0.171073 0.916285 0.362154 -63.2981 -0.773674 0.352524 -0.526456 248.557 -0.610051 -0.190127 0.769213 188.205 0 0 0 1 
Seq_Frame0066_DriverToReference-SequenceTransformStatus = OK
Seq_Frame0066_Timestamp = 7.057
Seq_Frame0067_DriverToReference-SequenceTransform =0.155658 0.905881 0.393892 -63.7086 -0.780224 0.357304 -0.513405 248.51 -0.605823 -0.227408 0.762407 188.022 0 0 0 1 
Seq_Frame0067_DriverToReference-SequenceTransformStatus = OK
Seq_Frame0067_Timestamp = 7.162
Seq_Frame0068_DriverToReference-SequenceTransform =0.152843 0.907099 0.392188 -63.8179 -0.77196 0.357364 -0.525707 248.634 -0.617022 -0.222403 0.754865 188.605 0 0 0 1 
Seq_Frame0068_DriverToReference-SequenceTransformStatus = OK
Seq_Frame0068_Timestamp = 7.272
Seq_Frame0069_DriverToReference-SequenceTransform =0.157812 0.909285 0.385092 -63.6013 -0.775353 0.355597 -0.521899 248.734 -0.611492 -0.21622 0.761135 188.906 0 0 0 1 
Seq_Frame0069_DriverToReference-SequenceTransformStatus = OK
Seq_Frame0069_Timestamp = 7.377
Seq_Frame0070_DriverToReference-SequenceTransform =0.162061 0.912192 0.376354 -63.5452 -0.77026 0.355334 -0.529564 249.151 -0.616795 -0.204068 0.76021 189.265 0 0 0 1 
Seq_Frame0070_DriverToReference-SequenceTransformStatus = OK
Seq_Frame0070_Timestamp = 7.487
Seq_Frame0071_DriverToReference-SequenceTransform =0.160696 0.898368 0.408793 -63.9661 -0.770279 0.373113 -0.517162 249.621 -0.617128 -0.231779 0.751952 190.181 0 0 0 1 
Seq_Frame0071_DriverToReference-SequenceTransformStatus = OK
Seq_Frame0071_Timestamp = 7.592
Seq_Frame0072_DriverToReference-SequenceTransform =0.167744 0.89354 0.416472 -65.2251 -0.771668 0.381917 -0.508595 248.127 -0.613507 -0.236064 0.75358 190.274 0 0 0 1 
Seq_Frame0072_DriverToReference-SequenceTransformStatus = OK
Seq_Frame0072_Timestamp = 7.697
Seq_Frame0073_DriverToReference-SequenceTransform =0.177635 0.849786 0.496296 -71.0796 -0.776391 0.430904 -0.459932 245.242 -0.6047 -0.30362 0.73631 190.24 0 0 0 1 
Seq_Frame0073_DriverToReference-SequenceTransformStatus = OK
Seq_Frame0073_Timestamp = 7.807
Seq_Frame0074_DriverToReference-SequenceTransform =0.193133 0.732707 0.652565 -87.0435 -0.785395 0.514086 -0.344775 241.042 -0.588093 -0.445934 0.674751 188.068 0 0 0 1 
Seq_Frame0074_DriverToReference-SequenceTransformStatus = OK
Seq_Frame0074_Timestamp = 7.912
Seq_Frame0075_DriverToReference-SequenceTransform =0.144483 0.480917 0.864779 -115.632 -0.708584 0.660302 -0.248817 242.882 -0.690676 -0.576819 0.436173 182.447 0 0 0 1 
Seq_Frame0075_DriverToReference-SequenceTransformStatus = OK
Seq_Frame0075_Timestamp = 8.017
Seq_Frame0076_DriverToReference-SequenceTransform =0.122985 0.451397 0.883807 -120.055 -0.692327 0.677086 -0.249475 243.278 -0.711026 -0.581202 0.395786 182.66 0 0 0 1 
Seq_Frame0076_DriverToReference-SequenceTransformStatus = OK
Seq_Frame0076_Timestamp = 8.122
Seq_Frame0077_DriverToReference-SequenceTransform =0.122985 0.451397 0.883807 -120.055 -0.692327 0.677086 -0.249475 243.278 -0.711026 -0.581202 0.395786 182.66 0 0 0 1 
Seq_Frame0077_DriverToReference-SequenceTransformStatus = OK
Seq_Frame0077_Timestamp = 8.227
Seq_Frame0078_DriverToReference-SequenceTransform =0.122985 0.451397 0.883807 -120.055 -0.692327 0.677086 -0.249475 243.278 -0.711026 -0.581202 0.395786 182.66 0 0 0 1 
Seq_Frame0078_DriverToReference-SequenceTransformStatus = OK
Seq_Frame0078_Timestamp = 8.337
Seq_Frame0079_DriverToReference-SequenceTransform =0.122985 0.451397 0.883807 -120.055 -0.692327 0.677086 -0.249475 243.278 -0.711026 -0.581202 0.395786 182.66 0 0 0 1 
Seq_Frame0079_DriverToReference-SequenceTransformStatus = OK
Seq_Frame0079_Timestamp = 8.442
Seq_Frame0080_DriverToReference-SequenceTransform =0.122985 0.451397 0.883807 -120.055 -0.692327 0.677086 -0.249475 243.278 -0.711026 -0.581202 0.395786 182.66 0 0 0 1 
Seq_Frame0080_DriverToReference-SequenceTransformStatus = OK
Seq_Frame0080_Timestamp = 8.547
Seq_Frame0081_DriverToReference-SequenceTransform =0.122985 0.451397 0.883807 -120.055 -0.692327 0.677086 -0.249475 243.278 -0.711026 -0.581202 0.395786 182.66 0 0 0 1 
Seq_Frame0081_DriverToReference-SequenceTransformStatus = OK
Seq_Frame0081_Timestamp = 8.651
Seq_Frame0082_DriverToReference-SequenceTransform =0.122985 0.451397 0.883807 -120.055 -0.692327 0.677086 -0.249475 243.278 -0.711026 -0.581202 0.395786 182.66 0 0 0 1 
Seq_Frame0082_DriverToReference-SequenceTransformStatus = OK
Seq_Frame0082_Timestamp = 8.762
Seq_Frame0083_DriverToReference-SequenceTransform =0.122985 0.451397 0.883807 -120.055 -0.692327 0.677086 -0.249475 243.278 -0.711026 -0.581202 0.395786 182.66 0 0 0 1 
Seq_Frame0083_DriverToReference-SequenceTransformStatus = OK
Seq_Frame0083_Timestamp = 8.867
Seq_Frame0084_DriverToReference-SequenceTransform =0.122985 0.451397 0.883807 -120.055 -0.692327 0.677086 -0.249475 243.278 -0.711026 -0.581202 0.395786 182.66 0 0 0 1 
Seq_Frame0084_DriverToReference-SequenceTransformStatus = OK
Seq_Frame0084_Timestamp = 8.977
Seq_Frame0085_DriverToReference-SequenceTransform =0.122985 0.451397 0.883807 -120.055 -0.692327 0.677086 -0.249475 243.278 -0.711026 -0.581202 0.395786 182.66 0 0 0 1 
Seq_Frame0085_DriverToReference-SequenceTransformStatus = OK
Seq_Frame0085_Timestamp = 9.087
Seq_Frame0086_DriverToReference-SequenceTransform =0.122985 0.451397 0.883807 -120.055 -0.692327 0.677086 -0.249475 243.278 -0.711026 -0.581202 0.395786 182.66 0 0 0 1 
Seq_Frame0086_DriverToReference-SequenceTransformStatus = OK
Seq_Frame0086_Timestamp = 9.195
Seq_Frame0087_DriverToReference-SequenceTransform =0.122985 0.451397 0.883807 -120.055 -0.692327 0.677086 -0.249475 243.278 -0.711026 -0.581202 0.395786 182.66 0 0 0 1 
Seq_Frame0087_DriverToReference-SequenceTransformStatus = OK
Seq_Frame0087_Timestamp = 9.302
Seq_Frame0088_DriverToReference-SequenceTransform =0.122985 0.451397 0.883807 -120.055 -0.692327 0.677086 -0.249475 243.278 -0.711026 -0.581202 0.395786 182.66 0 0 0 1 
Seq_Frame0088_DriverToReference-SequenceTransformStatus = OK
Seq_Frame0088_Timestamp = 9.404
Seq_Frame0089_DriverToReference-SequenceTransform =0.122985 0.451397 0.883807 -120.055 -0.692327 0.677086 -0.249475 243.278 -0.711026 -0.581202 0.395786 182.66 0 0 0 1 
Seq_Frame0089_DriverToReference-SequenceTransformStatus = OK
Seq_Frame0089_Timestamp = 9.517
Seq_Frame0090_DriverToReference-SequenceTransform =0.122985 0.451397 0.883807 -120.055 -0.692327 0.677086 -0.249475 243.278 -0.711026 -0.581202 0.395786 182.66 0 0 0 1 
Seq_Frame0090_DriverToReference-SequenceTransformStatus = OK
Seq_Frame0090_Timestamp = 9.622
Seq_Frame0091_DriverToReference-SequenceTransform =0.122985 0.451397 0.883807 -120.055 -0.692327 0.677086 -0.249475 243.278 -0.711026 -0.581202 0.395786 182.66 0 0 0 1 
Seq_Frame0091_DriverToReference-SequenceTransformStatus = OK
Seq_Frame0091_Timestamp = 9.728
Seq_Frame0092_DriverToReference-SequenceTransform =0.122985 0.451397 0.883807 -120.055 -0.692327 0.677086 -0.249475 243.278 -0.711026 -0.581202 0.395786 182.66 0 0 0 1 
Seq_Frame0092_DriverToReference-SequenceTransformStatus = OK
Seq_Frame0092_Timestamp = 9.832
Seq_Frame0093_DriverToReference-SequenceTransform =0.294516 0.33765 0.89401 -99.3536 -0.644843 0.760642 -0.0748474 241.204 -0.705293 -0.554452 0.441752 181.112 0 0 0 1 
Seq_Frame0093_DriverToReference-SequenceTransformStatus = OK
Seq_Frame0093_Timestamp = 9.946
Seq_Frame0094_DriverToReference-SequenceTransform =0.417838 0.297411 0.858463 -69.5414 -0.629301 0.776263 0.0373645 249.356 -0.65528 -0.555843 0.511513 183.855 0 0 0 1 
Seq_Frame0094_DriverToReference-SequenceTransformStatus = OK
Seq_Frame0094_Timestamp = 10.052
Seq_Frame0095_DriverToReference-SequenceTransform =0.5724 0.265532 0.77579 -21.5956 -0.551412 0.824889 0.12451 266.23 -0.606879 -0.49905 0.618584 193.715 0 0 0 1 
Seq_Frame0095_DriverToReference-SequenceTransformStatus = OK
Seq_Frame0095_Timestamp = 10.158
Seq_Frame0096_DriverToReference-SequenceTransform =0.635145 0.214307 0.742067 17.6634 -0.50345 0.843475 0.187316 282.765 -0.585772 -0.492567 0.643622 203.877 0 0 0 1 
Seq_Frame0096_DriverToReference-SequenceTransformStatus = OK
Seq_Frame0096_Timestamp = 10.262
Seq_Frame0097_DriverToReference-SequenceTransform =0.689265 0.0866949 0.719304 39.9447 -0.430184 0.847834 0.310032 276.808 -0.582972 -0.523127 0.621677 213.883 0 0 0 1 
Seq_Frame0097_DriverToReference-SequenceTransformStatus = OK
Seq_Frame0097_Timestamp = 10.368
Seq_Frame0098_DriverToReference-SequenceTransform =0.790227 -0.120647 0.60082 60.333 -0.297196 0.781966 0.547908 261.348 -0.535925 -0.611533 0.582075 222.03 0 0 0 1 
Seq_Frame0098_DriverToReference-SequenceTransformStatus = OK
Seq_Frame0098_Timestamp = 10.477
Seq_Frame0099_DriverToReference-SequenceTransform =0.78293 -0.373131 0.497788 73.2306 -0.125634 0.688844 0.71394 261.409 -0.609291 -0.621505 0.492439 229.295 0 0 0 1 
Seq_Frame0099_DriverToReference-SequenceTransformStatus = OK
Seq_Frame0099_Timestamp = 10.582
Seq_Frame0100_DriverToReference-SequenceTransform =0.782513 -0.353607 0.512479 84.3316 -0.105132 0.736226 0.668519 286.409 -0.613694 -0.577003 0.538932 229.841 0 0 0 1 
Seq_Frame0100_DriverToReference-SequenceTransformStatus = OK
Seq_Frame0100_Timestamp = 10.686
Seq_Frame0101_DriverToReference-SequenceTransform =0.839319 -0.196846 0.50675 110.638 -0.112062 0.849479 0.515584 329.404 -0.531964 -0.489527 0.690926 234.363 0 0 0 1 
Seq_Frame0101_DriverToReference-SequenceTransformStatus = OK
Seq_Frame0101_Timestamp = 10.792
Seq_Frame0102_DriverToReference-SequenceTransform =0.914543 -0.144316 0.377868 159.431 -0.0313185 0.906117 0.421866 390.573 -0.403274 -0.397649 0.824163 252.631 0 0 0 1 
Seq_Frame0102_DriverToReference-SequenceTransformStatus = OK
Seq_Frame0102_Timestamp = 10.902
Seq_Frame0103_DriverToReference-SequenceTransform =0.921694 -0.260432 0.287497 195.409 0.146467 0.919911 0.363747 468.595 -0.359203 -0.293155 0.886021 272.936 0 0 0 1 
Seq_Frame0103_DriverToReference-SequenceTransformStatus = OK
Seq_Frame0103_Timestamp = 11.007
Seq_Frame0104_DriverToReference-SequenceTransform =0.895765 -0.3878 0.217291 209.051 0.297714 0.88636 0.354587 537.311 -0.330107 -0.252937 0.909424 281.759 0 0 0 1 
Seq_Frame0104_DriverToReference-SequenceTransformStatus = OK
Seq_Frame0104_Timestamp = 11.112
Seq_Frame0105_DriverToReference-SequenceTransform =0.815702 -0.556509 0.157889 203.806 0.459986 0.789503 0.406322 589.886 -0.350776 -0.258811 0.899985 273.939 0 0 0 1 
Seq_Frame0105_DriverToReference-SequenceTransformStatus = OK
Seq_Frame0105_Timestamp = 11.222
Seq_Frame0106_DriverToReference-SequenceTransform =0.769517 -0.600132 0.218368 187.483 0.467826 0.762492 0.446929 591.012 -0.43472 -0.241761 0.867508 248.433 0 0 0 1 
Seq_Frame0106_DriverToReference-SequenceTransformStatus = OK
Seq_Frame0106_Timestamp = 11.328
Seq_Frame0107_DriverToReference-SequenceTransform =0.840922 -0.363578 0.400825 169.067 0.191054 0.892451 0.408692 500.722 -0.506308 -0.267099 0.819945 223.115 0 0 0 1 
Seq_Frame0107_DriverToReference-SequenceTransformStatus = OK
Seq_Frame0107_Timestamp = 11.438
Seq_Frame0108_DriverToReference-SequenceTransform =0.879152 -0.131948 0.45791 144.318 -0.0795102 0.906818 0.413956 372.898 -0.469862 -0.400338 0.78674 222.455 0 0 0 1 
Seq_Frame0108_DriverToReference-SequenceTransformStatus = OK
Seq_Frame0108_Timestamp = 11.542
Seq_Frame0109_DriverToReference-SequenceTransform =0.859603 -0.0317526 0.509975 113.535 -0.224869 0.87271 0.433372 283.445 -0.458821 -0.487205 0.743044 228.717 0 0 0 1 
Seq_Frame0109_DriverToReference-SequenceTransformStatus = OK
Seq_Frame0109_Timestamp = 11.647
Seq_Frame0110_DriverToReference-SequenceTransform =0.849688 -0.121692 0.513051 88.1723 -0.227358 0.79335 0.564716 242.298 -0.475751 -0.596479 0.646432 229.684 0 0 0 1 
Seq_Frame0110_DriverToReference-SequenceTransformStatus = OK
Seq_Frame0110_Timestamp = 11.757
Seq_Frame0111_DriverToReference-SequenceTransform =0.830043 -0.200182 0.520535 77.8249 -0.206431 0.756786 0.620211 233.231 -0.518088 -0.622256 0.586841 227.185 0 0 0 1 
Seq_Frame0111_DriverToReference-SequenceTransformStatus = OK
Seq_Frame0111_Timestamp = 11.862
Seq_Frame0112_DriverToReference-SequenceTransform =0.819149 -0.25541 0.513577 79.6903 -0.206134 0.704479 0.67913 227.167 -0.535261 -0.662175 0.524424 228.279 0 0 0 1 
Seq_Frame0112_DriverToReference-SequenceTransformStatus = OK
Seq_Frame0112_Timestamp = 11.967
Seq_Frame0113_DriverToReference-SequenceTransform =0.804371 -0.305692 0.509451 78.4968 -0.219672 0.643691 0.73308 220.13 -0.552026 -0.70158 0.450614 231.045 0 0 0 1 
Seq_Frame0113_DriverToReference-SequenceTransformStatus = OK
Seq_Frame0113_Timestamp = 12.073
Seq_Frame0114_DriverToReference-SequenceTransform =0.776594 -0.336133 0.532838 75.1013 -0.241259 0.622625 0.744401 216.755 -0.581976 -0.706649 0.402432 230.971 0 0 0 1 
Seq_Frame0114_DriverToReference-SequenceTransformStatus = OK
Seq_Frame0114_Timestamp = 12.182
Seq_Frame0115_DriverToReference-SequenceTransform =0.764316 -0.348549 0.542526 71.6143 -0.274469 0.585474 0.762815 214.134 -0.583513 -0.731938 0.351821 229.592 0 0 0 1 
Seq_Frame0115_DriverToReference-SequenceTransformStatus = OK
Seq_Frame0115_Timestamp = 12.287
Seq_Frame0116_DriverToReference-SequenceTransform =0.750664 -0.347161 0.562124 70.4189 -0.32099 0.552019 0.769571 211.348 -0.577468 -0.758125 0.302946 229.577 0 0 0 1 
Seq_Frame0116_DriverToReference-SequenceTransformStatus = OK
Seq_Frame0116_Timestamp = 12.392
Seq_Frame0117_DriverToReference-SequenceTransform =0.734688 -0.360383 0.574767 67.4846 -0.348118 0.526913 0.775356 208.371 -0.582277 -0.769732 0.261661 229.539 0 0 0 1 
Seq_Frame0117_DriverToReference-SequenceTransformStatus = OK
Seq_Frame0117_Timestamp = 12.497
Seq_Frame0118_DriverToReference-SequenceTransform =0.717192 -0.399591 0.570931 65.2142 -0.373274 0.471556 0.798938 205.102 -0.588474 -0.786106 0.189039 230.498 0 0 0 1 
Seq_Frame0118_DriverToReference-SequenceTransformStatus = OK
Seq_Frame0118_Timestamp = 12.606
Seq_Frame0119_DriverToReference-SequenceTransform =0.709129 -0.414548 0.570338 63.9746 -0.414406 0.409389 0.812815 201.467 -0.570441 -0.812742 0.118518 229.336 0 0 0 1 
Seq_Frame0119_DriverToReference-SequenceTransformStatus = OK
Seq_Frame0119_Timestamp = 12.712
Seq_Frame0120_DriverToReference-SequenceTransform =0.713285 -0.415222 0.564638 64.2747 -0.423088 0.387185 0.819198 200.672 -0.558768 -0.823213 0.100497 229.105 0 0 0 1 
Seq_Frame0120_DriverToReference-SequenceTransformStatus = OK
Seq_Frame0120_Timestamp = 15.602
Seq_Frame0121_DriverToReference-SequenceTransform =0.713285 -0.415222 0.564638 64.2747 -0.423088 0.387185 0.819198 200.672 -0.558768 -0.823213 0.100497 229.105 0 0 0 1 
Seq_Frame0121_DriverToReference-SequenceTransformStatus = OK
Seq_Frame0121_Timestamp = 15.712
Seq_Frame0122_DriverToReference-SequenceTransform =0.713285 -0.415222 0.564638 64.2747 -0.423088 0.387185 0.819198 200.672 -0.558768 -0.823213 0.100497 229.105 0 0 0 1 
Seq_Frame0122_DriverToReference-SequenceTransformStatus = OK
Seq_Frame0122_Timestamp = 15.822
Seq_Frame0123_DriverToReference-SequenceTransform =0.713285 -0.415222 0.564638 64.2747 -0.423088 0.387185 0.819198 200.672 -0.558768 -0.823213 0.100497 229.105 0 0 0 1 
Seq_Frame0123_DriverToReference-SequenceTransformStatus = OK
Seq_Frame0123_Timestamp = 16.957
Seq_Frame0124_DriverToReference-SequenceTransform =0.713285 -0.415222 0.564638 64.2747 -0.423088 0.387185 0.819198 200.672 -0.558768 -0.823213 0.100497 229.105 0 0 0 1 
Seq_Frame0124_DriverToReference-SequenceTransformStatus = OK
Seq_Frame0124_Timestamp = 17.062
Seq_Frame0125_DriverToReference-SequenceTransform =0.713285 -0.415222 0.564638 64.2747 -0.423088 0.387185 0.819198 200.672 -0.558768 -0.823213 0.100497 229.105 0 0 0 1 
Seq_Frame0125_DriverToReference-SequenceTransformStatus = OK
Seq_Frame0125_Timestamp = 17.172
Seq_Frame0126_DriverToReference-SequenceTransform =0.713285 -0.415222 0.564638 64.2747 -0.423088 0.387185 0.819198 200.672 -0.558768 -0.823213 0.100497 229.105 0 0 0 1 
Seq_Frame0126_DriverToReference-SequenceTransformStatus = OK
Seq_Frame0126_Timestamp = 17.282
Seq_Frame0127_DriverToReference-SequenceTransform =0.713285 -0.415222 0.564638 64.2747 -0.423088 0.387185 0.819198 200.672 -0.558768 -0.823213 0.100497 229.105 0 0 0 1 
Seq_Frame0127_DriverToReference-SequenceTransformStatus = OK
Seq_Frame0127_Timestamp = 17.387
Seq_Frame0128_DriverToReference-SequenceTransform =0.713285 -0.415222 0.564638 64.2747 -0.423088 0.387185 0.819198 200.672 -0.558768 -0.823213 0.100497 229.105 0 0 0 1 
Seq_Frame0128_DriverToReference-SequenceTransformStatus = OK
Seq_Frame0128_Timestamp = 17.492
Seq_Frame0129_DriverToReference-SequenceTransform =0.713285 -0.415222 0.564638 64.2747 -0.423088 0.387185 0.819198 200.672 -0.558768 -0.823213 0.100497 229.105 0 0 0 1 
Seq_Frame0129_DriverToReference-SequenceTransformStatus = OK
Seq_Frame0129_Timestamp = 17.602
Seq_Frame0130_DriverToReference-SequenceTransform =0.713285 -0.415222 0.564638 64.2747 -0.423088 0.387185 0.819198 200.672 -0.558768 -0.823213 0.100497 229.105 0 0 0 1 
Seq_Frame0130_DriverToReference-SequenceTransformStatus = OK
Seq_Frame0130_Timestamp = 17.707
Seq_Frame0131_DriverToReference-SequenceTransform =0.713285 -0.415222 0.564638 64.2747 -0.423088 0.387185 0.819198 200.672 -0.558768 -0.823213 0.100497 229.105 0 0 0 1 
Seq_Frame0131_DriverToReference-SequenceTransformStatus = OK
Seq_Frame0131_Timestamp = 18.132
Seq_Frame0132_DriverToReference-SequenceTransform =0.713285 -0.415222 0.564638 64.2747 -0.423088 0.387185 0.819198 200.672 -0.558768 -0.823213 0.100497 229.105 0 0 0 1 
Seq_Frame0132_DriverToReference-SequenceTransformStatus = OK
Seq_Frame0132_Timestamp = 18.242
Seq_Frame0133_DriverToReference-SequenceTransform =0.713285 -0.415222 0.564638 64.2747 -0.423088 0.387185 0.819198 200.672 -0.558768 -0.823213 0.100497 229.105 0 0 0 1 
Seq_Frame0133_DriverToReference-SequenceTransformStatus = OK
Seq_Frame0133_Timestamp = 18.357
Seq_Frame0134_DriverToReference-SequenceTransform =0.713285 -0.415222 0.564638 64.2747 -0.423088 0.387185 0.819198 200.672 -0.558768 -0.823213 0.100497 229.105 0 0 0 1 
Seq_Frame0134_DriverToReference-SequenceTransformStatus = OK
Seq_Frame0134_Timestamp = 18.467
Seq_Frame0135_DriverToReference-SequenceTransform =0.713285 -0.415222 0.564638 64.2747 -0.423088 0.387185 0.819198 200.672 -0.558768 -0.823213 0.100497 229.105 0 0 0 1 
Seq_Frame0135_DriverToReference-SequenceTransformStatus = OK
Seq_Frame0135_Timestamp = 18.572
Seq_Frame0136_DriverToReference-SequenceTransform =0.713285 -0.415222 0.564638 64.2747 -0.423088 0.387185 0.819198 200.672 -0.558768 -0.823213 0.100497 229.105 0 0 0 1 
Seq_Frame0136_DriverToReference-SequenceTransformStatus = OK
Seq_Frame0136_Timestamp = 18.682
Seq_Frame0137_DriverToReference-SequenceTransform =0.713285 -0.415222 0.564638 64.2747 -0.423088 0.387185 0.819198 200.672 -0.558768 -0.823213 0.100497 229.105 0 0 0 1 
Seq_Frame0137_DriverToReference-SequenceTransformStatus = OK
Seq_Frame0137_Timestamp = 18.787
Seq_Frame0138_DriverToReference-SequenceTransform =0.713285 -0.415222 0.564638 64.2747 -0.423088 0.387185 0.819198 200.672 -0.558768 -0.823213 0.100497 229.105 0 0 0 1 
Seq_Frame0138_DriverToReference-SequenceTransformStatus = OK
Seq_Frame0138_Timestamp = 18.892
Seq_Frame0139_DriverToReference-SequenceTransform =0.713285 -0.415222 0.564638 64.2747 -0.423088 0.387185 0.819198 200.672 -0.558768 -0.823213 0.100497 229.105 0 0 0 1 
Seq_Frame0139_DriverToReference-SequenceTransformStatus = OK
Seq_Frame0139_Timestamp = 19.002
Seq_Frame0140_DriverToReference-SequenceTransform =0.713285 -0.415222 0.564638 64.2747 -0.423088 0.387185 0.819198 200.672 -0.558768 -0.823213 0.100497 229.105 0 0 0 1 
Seq_Frame0140_DriverToReference-SequenceTransformStatus = OK
Seq_Frame0140_Timestamp = 19.108
Seq_Frame0141_DriverToReference-SequenceTransform =0.713285 -0.415222 0.564638 64.2747 -0.423088 0.387185 0.819198 200.672 -0.558768 -0.823213 0.100497 229.105 0 0 0 1 
Seq_Frame0141_DriverToReference-SequenceTransformStatus = OK
Seq_Frame0141_Timestamp = 20.777
Seq_Frame0142_DriverToReference-SequenceTransform =0.713285 -0.415222 0.564638 64.2747 -0.423088 0.387185 0.819198 200.672 -0.558768 -0.823213 0.100497 229.105 0 0 0 1 
Seq_Frame0142_DriverToReference-SequenceTransformStatus = OK
Seq_Frame0142_Timestamp = 20.882
Seq_Frame0143_DriverToReference-SequenceTransform =0.713285 -0.415222 0.564638 64.2747 -0.423088 0.387185 0.819198 200.672 -0.558768 -0.823213 0.100497 229.105 0 0 0 1 
Seq_Frame0143_DriverToReference-SequenceTransformStatus = OK
Seq_Frame0143_Timestamp = 20.987
Seq_Frame0144_DriverToReference-SequenceTransform =0.713285 -0.415222 0.564638 64.2747 -0.423088 0.387185 0.819198 200.672 -0.558768 -0.823213 0.100497 229.105 0 0 0 1 
Seq_Frame0144_DriverToReference-SequenceTransformStatus = OK
Seq_Frame0144_Timestamp = 21.092
Seq_Frame0145_DriverToReference-SequenceTransform =0.713285 -0.415222 0.564638 64.2747 -0.423088 0.387185 0.819198 200.672 -0.558768 -0.823213 0.100497 229.105 0 0 0 1 
Seq_Frame0145_DriverToReference-SequenceTransformStatus = OK
Seq_Frame0145_Timestamp = 21.202
Seq_Frame0146_DriverToReference-SequenceTransform =0.713285 -0.415222 0.564638 64.2747 -0.423088 0.387185 0.819198 200.672 -0.558768 -0.823213 0.100497 229.105 0 0 0 1 
Seq_Frame0146_DriverToReference-SequenceTransformStatus = OK
Seq_Frame0146_Timestamp = 21.307
Seq_Frame0147_DriverToReference-SequenceTransform =0.713285 -0.415222 0.564638 64.2747 -0.423088 0.387185 0.819198 200.672 -0.558768 -0.823213 0.100497 229.105 0 0 0 1 
Seq_Frame0147_DriverToReference-SequenceTransformStatus = OK
Seq_Frame0147_Timestamp = 21.412
Seq_Frame0148_DriverToReference-SequenceTransform =0.713285 -0.415222 0.564638 64.2747 -0.423088 0.387185 0.819198 200.672 -0.558768 -0.823213 0.100497 229.105 0 0 0 1 
Seq_Frame0148_DriverToReference-SequenceTransformStatus = OK
Seq_Frame0148_Timestamp = 21.522
Seq_Frame0149_DriverToReference-SequenceTransform =0.713285 -0.415222 0.564638 64.2747 -0.423088 0.387185 0.819198 200.672 -0.558768 -0.823213 0.100497 229.105 0 0 0 1 
Seq_Frame0149_DriverToReference-SequenceTransformStatus = OK
Seq_Frame0149_Timestamp = 21.782
Seq_Frame0150_DriverToReference-SequenceTransform =0.713285 -0.415222 0.564638 64.2747 -0.423088 0.387185 0.819198 200.672 -0.558768 -0.823213 0.100497 229.105 0 0 0 1 
Seq_Frame0150_DriverToReference-SequenceTransformStatus = OK
Seq_Frame0150_Timestamp = 21.893
Seq_Frame0151_DriverToReference-SequenceTransform =0.713285 -0.415222 0.564638 64.2747 -0.423088 0.387185 0.819198 200.672 -0.558768 -0.823213 0.100497 229.105 0 0 0 1 
