ObjectType = Image
NDims = 3
AnatomicalOrientation = RAI
BinaryData = True
CompressedData = False
DimSize = 0 0 4280
ElementSpacing = 1 1 1
Offset = 0 0 0
TransformMatrix = 1 0 0 0 1 0 0 0 1
ElementType = MET_UCHAR
Kinds = domain domain list
Seq_Frame0000_ForcepToReference-SequenceTransform =0.472455 -0.590034 -0.65471 -68.0061 0.286406 -0.599747 0.747178 74.4234 -0.833521 -0.540521 -0.114364 110.344 0 0 0 1 
Seq_Frame0000_ForcepToReference-SequenceTransformStatus = OK
Seq_Frame0000_Timestamp = 0.0140002
Seq_Frame0001_ForcepToReference-SequenceTransform =0.47491 -0.589054 -0.653817 -67.9716 0.287034 -0.598634 0.747829 74.503 -0.831909 -0.542819 -0.115219 110.257 0 0 0 1 
Seq_Frame0001_ForcepToReference-SequenceTransformStatus = OK
Seq_Frame0001_Timestamp = 0.122
Seq_Frame0002_ForcepToReference-SequenceTransform =0.473303 -0.59005 -0.654084 -68.0286 0.285074 -0.599965 0.747512 74.4342 -0.833497 -0.540262 -0.115757 110.29 0 0 0 1 
Seq_Frame0002_ForcepToReference-SequenceTransformStatus = OK
Seq_Frame0002_Timestamp = 0.227
Seq_Frame0003_ForcepToReference-SequenceTransform =0.473385 -0.589814 -0.654237 -68.029 0.28563 -0.599813 0.747422 74.4583 -0.83326 -0.540688 -0.115474 110.244 0 0 0 1 
Seq_Frame0003_ForcepToReference-SequenceTransformStatus = OK
Seq_Frame0003_Timestamp = 0.333
Seq_Frame0004_ForcepToReference-SequenceTransform =0.472399 -0.590072 -0.654717 -68.0344 0.286695 -0.599558 0.747219 74.451 -0.833454 -0.540689 -0.11406 110.301 0 0 0 1 
Seq_Frame0004_ForcepToReference-SequenceTransformStatus = OK
Seq_Frame0004_Timestamp = 0.437
Seq_Frame0005_ForcepToReference-SequenceTransform =0.472925 -0.590327 -0.654107 -67.9963 0.288201 -0.597897 0.74797 74.37 -0.832635 -0.542248 -0.112628 110.365 0 0 0 1 
Seq_Frame0005_ForcepToReference-SequenceTransformStatus = OK
Seq_Frame0005_Timestamp = 0.547
Seq_Frame0006_ForcepToReference-SequenceTransform =0.474622 -0.589716 -0.653428 -68.0031 0.285125 -0.599334 0.747999 74.362 -0.832729 -0.541326 -0.116314 110.406 0 0 0 1 
Seq_Frame0006_ForcepToReference-SequenceTransformStatus = OK
Seq_Frame0006_Timestamp = 0.654
Seq_Frame0007_ForcepToReference-SequenceTransform =0.473345 -0.590184 -0.653932 -67.9857 0.286039 -0.599154 0.747794 74.3609 -0.833142 -0.541015 -0.114791 110.419 0 0 0 1 
Seq_Frame0007_ForcepToReference-SequenceTransformStatus = OK
Seq_Frame0007_Timestamp = 0.763
Seq_Frame0008_ForcepToReference-SequenceTransform =0.472981 -0.590202 -0.654179 -67.9652 0.286849 -0.598878 0.747705 74.3596 -0.83307 -0.541301 -0.113959 110.424 0 0 0 1 
Seq_Frame0008_ForcepToReference-SequenceTransformStatus = OK
Seq_Frame0008_Timestamp = 0.867
Seq_Frame0009_ForcepToReference-SequenceTransform =0.472619 -0.589814 -0.654791 -68.0015 0.285389 -0.600537 0.746933 74.494 -0.833777 -0.539885 -0.115499 110.286 0 0 0 1 
Seq_Frame0009_ForcepToReference-SequenceTransformStatus = OK
Seq_Frame0009_Timestamp = 0.977
Seq_Frame0010_ForcepToReference-SequenceTransform =0.474196 -0.589492 -0.65394 -68.0199 0.285272 -0.599811 0.74756 74.4566 -0.832921 -0.541041 -0.116263 110.304 0 0 0 1 
Seq_Frame0010_ForcepToReference-SequenceTransformStatus = OK
Seq_Frame0010_Timestamp = 1.087
Seq_Frame0011_ForcepToReference-SequenceTransform =0.474502 -0.589376 -0.653822 -68.0275 0.28375 -0.600705 0.747422 74.5016 -0.833267 -0.540176 -0.1178 110.28 0 0 0 1 
Seq_Frame0011_ForcepToReference-SequenceTransformStatus = OK
Seq_Frame0011_Timestamp = 1.192
Seq_Frame0012_ForcepToReference-SequenceTransform =0.473911 -0.589475 -0.654162 -68.0101 0.285033 -0.600198 0.747341 74.491 -0.833165 -0.540631 -0.11642 110.277 0 0 0 1 
Seq_Frame0012_ForcepToReference-SequenceTransformStatus = OK
Seq_Frame0012_Timestamp = 1.297
Seq_Frame0013_ForcepToReference-SequenceTransform =0.473997 -0.589201 -0.654347 -68.0197 0.285175 -0.600355 0.74716 74.5164 -0.833068 -0.540755 -0.116541 110.286 0 0 0 1 
Seq_Frame0013_ForcepToReference-SequenceTransformStatus = OK
Seq_Frame0013_Timestamp = 1.402
Seq_Frame0014_ForcepToReference-SequenceTransform =0.472994 -0.589735 -0.654591 -68.0238 0.2847 -0.600796 0.746988 74.5064 -0.8338 -0.539683 -0.116276 110.259 0 0 0 1 
Seq_Frame0014_ForcepToReference-SequenceTransformStatus = OK
Seq_Frame0014_Timestamp = 1.507
Seq_Frame0015_ForcepToReference-SequenceTransform =0.472802 -0.589818 -0.654655 -68.0119 0.284473 -0.60099 0.746918 74.4987 -0.833987 -0.539376 -0.116362 110.276 0 0 0 1 
Seq_Frame0015_ForcepToReference-SequenceTransformStatus = OK
Seq_Frame0015_Timestamp = 1.612
Seq_Frame0016_ForcepToReference-SequenceTransform =0.473087 -0.589706 -0.65455 -68.0029 0.284831 -0.600675 0.747035 74.4811 -0.833702 -0.539849 -0.116205 110.279 0 0 0 1 
Seq_Frame0016_ForcepToReference-SequenceTransformStatus = OK
Seq_Frame0016_Timestamp = 1.722
Seq_Frame0017_ForcepToReference-SequenceTransform =0.473522 -0.589528 -0.654395 -68.0069 0.283908 -0.601154 0.747001 74.5009 -0.833771 -0.539509 -0.117288 110.271 0 0 0 1 
Seq_Frame0017_ForcepToReference-SequenceTransformStatus = OK
Seq_Frame0017_Timestamp = 1.832
Seq_Frame0018_ForcepToReference-SequenceTransform =0.473026 -0.589631 -0.654662 -68.0098 0.284832 -0.600805 0.74693 74.4916 -0.833737 -0.539785 -0.116251 110.287 0 0 0 1 
Seq_Frame0018_ForcepToReference-SequenceTransformStatus = OK
Seq_Frame0018_Timestamp = 1.942
Seq_Frame0019_ForcepToReference-SequenceTransform =0.473676 -0.589592 -0.654227 -68.0386 0.285772 -0.599759 0.747411 74.4635 -0.833046 -0.54099 -0.115602 110.272 0 0 0 1 
Seq_Frame0019_ForcepToReference-SequenceTransformStatus = OK
Seq_Frame0019_Timestamp = 2.052
Seq_Frame0020_ForcepToReference-SequenceTransform =0.474253 -0.589422 -0.653962 -68.0076 0.286263 -0.599206 0.747667 74.4413 -0.832549 -0.541788 -0.115445 110.338 0 0 0 1 
Seq_Frame0020_ForcepToReference-SequenceTransformStatus = OK
Seq_Frame0020_Timestamp = 2.163
Seq_Frame0021_ForcepToReference-SequenceTransform =0.475208 -0.588916 -0.653724 -68.0224 0.287321 -0.598382 0.747921 74.4775 -0.831639 -0.543246 -0.115148 110.305 0 0 0 1 
Seq_Frame0021_ForcepToReference-SequenceTransformStatus = OK
Seq_Frame0021_Timestamp = 2.267
Seq_Frame0022_ForcepToReference-SequenceTransform =0.475476 -0.588989 -0.653463 -68.0036 0.287023 -0.598293 0.748107 74.4364 -0.831589 -0.543266 -0.115421 110.335 0 0 0 1 
Seq_Frame0022_ForcepToReference-SequenceTransformStatus = OK
Seq_Frame0022_Timestamp = 2.377
Seq_Frame0023_ForcepToReference-SequenceTransform =0.475056 -0.588782 -0.653955 -68.0156 0.286893 -0.598928 0.747648 74.5147 -0.831873 -0.542791 -0.115607 110.295 0 0 0 1 
Seq_Frame0023_ForcepToReference-SequenceTransformStatus = OK
Seq_Frame0023_Timestamp = 2.482
Seq_Frame0024_ForcepToReference-SequenceTransform =0.476249 -0.588641 -0.653214 -68.0305 0.286481 -0.598467 0.748175 74.4858 -0.831333 -0.543451 -0.116385 110.322 0 0 0 1 
Seq_Frame0024_ForcepToReference-SequenceTransformStatus = OK
Seq_Frame0024_Timestamp = 2.592
Seq_Frame0025_ForcepToReference-SequenceTransform =0.474435 -0.589584 -0.653683 -68.0311 0.286569 -0.598684 0.747967 74.4452 -0.83234 -0.542188 -0.11508 110.288 0 0 0 1 
Seq_Frame0025_ForcepToReference-SequenceTransformStatus = OK
Seq_Frame0025_Timestamp = 2.697
Seq_Frame0026_ForcepToReference-SequenceTransform =0.472737 -0.5898 -0.654718 -68.032 0.286519 -0.599732 0.747146 74.4611 -0.833322 -0.540793 -0.114527 110.243 0 0 0 1 
Seq_Frame0026_ForcepToReference-SequenceTransformStatus = OK
Seq_Frame0026_Timestamp = 2.802
Seq_Frame0027_ForcepToReference-SequenceTransform =0.473658 -0.589405 -0.654408 -68.0402 0.285329 -0.600273 0.747167 74.5068 -0.833208 -0.540624 -0.11615 110.256 0 0 0 1 
Seq_Frame0027_ForcepToReference-SequenceTransformStatus = OK
Seq_Frame0027_Timestamp = 2.912
Seq_Frame0028_ForcepToReference-SequenceTransform =0.474024 -0.589334 -0.654208 -68.0217 0.285767 -0.599799 0.747381 74.4635 -0.83285 -0.541227 -0.115907 110.274 0 0 0 1 
Seq_Frame0028_ForcepToReference-SequenceTransformStatus = OK
Seq_Frame0028_Timestamp = 3.017
Seq_Frame0029_ForcepToReference-SequenceTransform =0.47709 -0.587 -0.654076 -67.9228 0.289116 -0.597986 0.747546 74.6282 -0.829938 -0.545751 -0.115582 110.412 0 0 0 1 
Seq_Frame0029_ForcepToReference-SequenceTransformStatus = OK
Seq_Frame0029_Timestamp = 3.121
Seq_Frame0030_ForcepToReference-SequenceTransform =0.14253 -0.253228 -0.956849 -57.72 0.454409 -0.84208 0.290542 85.4434 -0.879317 -0.476212 -0.00495308 104.822 0 0 0 1 
Seq_Frame0030_ForcepToReference-SequenceTransformStatus = OK
Seq_Frame0030_Timestamp = 3.222
Seq_Frame0031_ForcepToReference-SequenceTransform =-0.511378 0.229498 -0.828145 -74.8069 0.256543 -0.878968 -0.401997 100.583 -0.82017 -0.418027 0.390608 93.7346 0 0 0 1 
Seq_Frame0031_ForcepToReference-SequenceTransformStatus = OK
Seq_Frame0031_Timestamp = 3.327
Seq_Frame0032_ForcepToReference-SequenceTransform =-0.749718 0.646844 -0.139698 -89.951 -0.320928 -0.540007 -0.778073 115.615 -0.57873 -0.538503 0.612443 72.0098 0 0 0 1 
Seq_Frame0032_ForcepToReference-SequenceTransformStatus = OK
Seq_Frame0032_Timestamp = 3.437
Seq_Frame0033_ForcepToReference-SequenceTransform =-0.65609 0.690734 0.304028 -105.865 -0.602377 -0.236622 -0.762333 145.996 -0.45463 -0.683298 0.571328 37.1063 0 0 0 1 
Seq_Frame0033_ForcepToReference-SequenceTransformStatus = OK
Seq_Frame0033_Timestamp = 3.542
Seq_Frame0034_ForcepToReference-SequenceTransform =-0.517812 0.548601 0.656435 -145.06 -0.837135 -0.166815 -0.52094 153.651 -0.176285 -0.819274 0.545632 12.0329 0 0 0 1 
Seq_Frame0034_ForcepToReference-SequenceTransformStatus = OK
Seq_Frame0034_Timestamp = 3.646
Seq_Frame0035_ForcepToReference-SequenceTransform =-0.290412 0.430062 0.854814 -180.356 -0.935879 -0.313873 -0.160042 131.303 0.199476 -0.846481 0.493638 15.749 0 0 0 1 
Seq_Frame0035_ForcepToReference-SequenceTransformStatus = OK
Seq_Frame0035_Timestamp = 3.752
Seq_Frame0036_ForcepToReference-SequenceTransform =-0.235901 0.409462 0.881301 -191.921 -0.890948 -0.453247 -0.0279006 122.994 0.388023 -0.791776 0.471731 27.5464 0 0 0 1 
Seq_Frame0036_ForcepToReference-SequenceTransformStatus = OK
Seq_Frame0036_Timestamp = 3.857
Seq_Frame0037_ForcepToReference-SequenceTransform =-0.1387 0.311246 0.940153 -196.096 -0.938718 -0.343803 -0.0246695 126.225 0.31555 -0.88596 0.339858 21.2474 0 0 0 1 
Seq_Frame0037_ForcepToReference-SequenceTransformStatus = OK
Seq_Frame0037_Timestamp = 3.967
Seq_Frame0038_ForcepToReference-SequenceTransform =0.0527393 0.0530352 0.997199 -210.278 -0.992477 -0.107702 0.0582177 131.565 0.110488 -0.992768 0.0469561 7.59419 0 0 0 1 
Seq_Frame0038_ForcepToReference-SequenceTransformStatus = OK
Seq_Frame0038_Timestamp = 4.072
Seq_Frame0039_ForcepToReference-SequenceTransform =-0.00854319 -0.122827 0.992391 -234.069 -0.999924 0.00990801 -0.00738173 124.319 -0.00892594 -0.992379 -0.122903 8.45981 0 0 0 1 
Seq_Frame0039_ForcepToReference-SequenceTransformStatus = OK
Seq_Frame0039_Timestamp = 4.182
Seq_Frame0040_ForcepToReference-SequenceTransform =-0.0488213 -0.1696 0.984303 -240.255 -0.997027 0.0670849 -0.0378934 126.498 -0.0596051 -0.983227 -0.172371 8.29615 0 0 0 1 
Seq_Frame0040_ForcepToReference-SequenceTransformStatus = OK
Seq_Frame0040_Timestamp = 4.287
Seq_Frame0041_ForcepToReference-SequenceTransform =-0.0488213 -0.1696 0.984303 -240.255 -0.997027 0.0670849 -0.0378934 126.498 -0.0596051 -0.983227 -0.172371 8.29615 0 0 0 1 
Seq_Frame0041_ForcepToReference-SequenceTransformStatus = OK
Seq_Frame0041_Timestamp = 4.392
Seq_Frame0042_ForcepToReference-SequenceTransform =-0.707961 0.134128 0.693398 -294.151 -0.517822 0.569059 -0.638774 168.216 -0.480262 -0.811284 -0.333418 22.5275 0 0 0 1 
Seq_Frame0042_ForcepToReference-SequenceTransformStatus = OK
Seq_Frame0042_Timestamp = 4.504
Seq_Frame0043_ForcepToReference-SequenceTransform =-0.788791 0.0193665 0.614356 -318.758 -0.53129 0.481138 -0.697307 149.547 -0.309094 -0.876431 -0.369228 45.4554 0 0 0 1 
Seq_Frame0043_ForcepToReference-SequenceTransformStatus = OK
Seq_Frame0043_Timestamp = 4.607
Seq_Frame0044_ForcepToReference-SequenceTransform =-0.810329 -0.0161538 0.585752 -326.054 -0.535453 0.426463 -0.728985 141.198 -0.238026 -0.904361 -0.354225 53.0199 0 0 0 1 
Seq_Frame0044_ForcepToReference-SequenceTransformStatus = OK
Seq_Frame0044_Timestamp = 4.712
Seq_Frame0045_ForcepToReference-SequenceTransform =-0.810329 -0.0161538 0.585752 -326.054 -0.535453 0.426463 -0.728985 141.198 -0.238026 -0.904361 -0.354225 53.0199 0 0 0 1 
Seq_Frame0045_ForcepToReference-SequenceTransformStatus = OK
Seq_Frame0045_Timestamp = 4.817
Seq_Frame0046_ForcepToReference-SequenceTransform =-0.810329 -0.0161538 0.585752 -326.054 -0.535453 0.426463 -0.728985 141.198 -0.238026 -0.904361 -0.354225 53.0199 0 0 0 1 
Seq_Frame0046_ForcepToReference-SequenceTransformStatus = OK
Seq_Frame0046_Timestamp = 4.922
Seq_Frame0047_ForcepToReference-SequenceTransform =-0.810329 -0.0161538 0.585752 -326.054 -0.535453 0.426463 -0.728985 141.198 -0.238026 -0.904361 -0.354225 53.0199 0 0 0 1 
Seq_Frame0047_ForcepToReference-SequenceTransformStatus = OK
Seq_Frame0047_Timestamp = 5.032
Seq_Frame0048_ForcepToReference-SequenceTransform =-0.810329 -0.0161538 0.585752 -326.054 -0.535453 0.426463 -0.728985 141.198 -0.238026 -0.904361 -0.354225 53.0199 0 0 0 1 
Seq_Frame0048_ForcepToReference-SequenceTransformStatus = OK
Seq_Frame0048_Timestamp = 5.142
Seq_Frame0049_ForcepToReference-SequenceTransform =-0.810329 -0.0161538 0.585752 -326.054 -0.535453 0.426463 -0.728985 141.198 -0.238026 -0.904361 -0.354225 53.0199 0 0 0 1 
Seq_Frame0049_ForcepToReference-SequenceTransformStatus = OK
Seq_Frame0049_Timestamp = 5.255
Seq_Frame0050_ForcepToReference-SequenceTransform =-0.810329 -0.0161538 0.585752 -326.054 -0.535453 0.426463 -0.728985 141.198 -0.238026 -0.904361 -0.354225 53.0199 0 0 0 1 
Seq_Frame0050_ForcepToReference-SequenceTransformStatus = OK
Seq_Frame0050_Timestamp = 5.357
Seq_Frame0051_ForcepToReference-SequenceTransform =-0.810329 -0.0161538 0.585752 -326.054 -0.535453 0.426463 -0.728985 141.198 -0.238026 -0.904361 -0.354225 53.0199 0 0 0 1 
Seq_Frame0051_ForcepToReference-SequenceTransformStatus = OK
Seq_Frame0051_Timestamp = 5.462
Seq_Frame0052_ForcepToReference-SequenceTransform =-0.810329 -0.0161538 0.585752 -326.054 -0.535453 0.426463 -0.728985 141.198 -0.238026 -0.904361 -0.354225 53.0199 0 0 0 1 
Seq_Frame0052_ForcepToReference-SequenceTransformStatus = OK
Seq_Frame0052_Timestamp = 5.567
Seq_Frame0053_ForcepToReference-SequenceTransform =-0.810329 -0.0161538 0.585752 -326.054 -0.535453 0.426463 -0.728985 141.198 -0.238026 -0.904361 -0.354225 53.0199 0 0 0 1 
Seq_Frame0053_ForcepToReference-SequenceTransformStatus = OK
Seq_Frame0053_Timestamp = 5.678
Seq_Frame0054_ForcepToReference-SequenceTransform =-0.810329 -0.0161538 0.585752 -326.054 -0.535453 0.426463 -0.728985 141.198 -0.238026 -0.904361 -0.354225 53.0199 0 0 0 1 
Seq_Frame0054_ForcepToReference-SequenceTransformStatus = OK
Seq_Frame0054_Timestamp = 5.782
Seq_Frame0055_ForcepToReference-SequenceTransform =-0.810329 -0.0161538 0.585752 -326.054 -0.535453 0.426463 -0.728985 141.198 -0.238026 -0.904361 -0.354225 53.0199 0 0 0 1 
Seq_Frame0055_ForcepToReference-SequenceTransformStatus = OK
Seq_Frame0055_Timestamp = 5.887
Seq_Frame0056_ForcepToReference-SequenceTransform =-0.810329 -0.0161538 0.585752 -326.054 -0.535453 0.426463 -0.728985 141.198 -0.238026 -0.904361 -0.354225 53.0199 0 0 0 1 
Seq_Frame0056_ForcepToReference-SequenceTransformStatus = OK
Seq_Frame0056_Timestamp = 5.992
Seq_Frame0057_ForcepToReference-SequenceTransform =-0.810329 -0.0161538 0.585752 -326.054 -0.535453 0.426463 -0.728985 141.198 -0.238026 -0.904361 -0.354225 53.0199 0 0 0 1 
Seq_Frame0057_ForcepToReference-SequenceTransformStatus = OK
Seq_Frame0057_Timestamp = 6.102
Seq_Frame0058_ForcepToReference-SequenceTransform =-0.810329 -0.0161538 0.585752 -326.054 -0.535453 0.426463 -0.728985 141.198 -0.238026 -0.904361 -0.354225 53.0199 0 0 0 1 
Seq_Frame0058_ForcepToReference-SequenceTransformStatus = OK
Seq_Frame0058_Timestamp = 6.207
Seq_Frame0059_ForcepToReference-SequenceTransform =-0.810329 -0.0161538 0.585752 -326.054 -0.535453 0.426463 -0.728985 141.198 -0.238026 -0.904361 -0.354225 53.0199 0 0 0 1 
Seq_Frame0059_ForcepToReference-SequenceTransformStatus = OK
Seq_Frame0059_Timestamp = 6.312
Seq_Frame0060_ForcepToReference-SequenceTransform =-0.810329 -0.0161538 0.585752 -326.054 -0.535453 0.426463 -0.728985 141.198 -0.238026 -0.904361 -0.354225 53.0199 0 0 0 1 
Seq_Frame0060_ForcepToReference-SequenceTransformStatus = OK
Seq_Frame0060_Timestamp = 6.422
Seq_Frame0061_ForcepToReference-SequenceTransform =-0.810329 -0.0161538 0.585752 -326.054 -0.535453 0.426463 -0.728985 141.198 -0.238026 -0.904361 -0.354225 53.0199 0 0 0 1 
Seq_Frame0061_ForcepToReference-SequenceTransformStatus = OK
Seq_Frame0061_Timestamp = 6.528
Seq_Frame0062_ForcepToReference-SequenceTransform =-0.810329 -0.0161538 0.585752 -326.054 -0.535453 0.426463 -0.728985 141.198 -0.238026 -0.904361 -0.354225 53.0199 0 0 0 1 
Seq_Frame0062_ForcepToReference-SequenceTransformStatus = OK
Seq_Frame0062_Timestamp = 6.632
Seq_Frame0063_ForcepToReference-SequenceTransform =-0.810329 -0.0161538 0.585752 -326.054 -0.535453 0.426463 -0.728985 141.198 -0.238026 -0.904361 -0.354225 53.0199 0 0 0 1 
Seq_Frame0063_ForcepToReference-SequenceTransformStatus = OK
Seq_Frame0063_Timestamp = 6.738
Seq_Frame0064_ForcepToReference-SequenceTransform =-0.810329 -0.0161538 0.585752 -326.054 -0.535453 0.426463 -0.728985 141.198 -0.238026 -0.904361 -0.354225 53.0199 0 0 0 1 
Seq_Frame0064_ForcepToReference-SequenceTransformStatus = OK
Seq_Frame0064_Timestamp = 6.848
Seq_Frame0065_ForcepToReference-SequenceTransform =-0.810329 -0.0161538 0.585752 -326.054 -0.535453 0.426463 -0.728985 141.198 -0.238026 -0.904361 -0.354225 53.0199 0 0 0 1 
Seq_Frame0065_ForcepToReference-SequenceTransformStatus = OK
Seq_Frame0065_Timestamp = 6.952
Seq_Frame0066_ForcepToReference-SequenceTransform =-0.810329 -0.0161538 0.585752 -326.054 -0.535453 0.426463 -0.728985 141.198 -0.238026 -0.904361 -0.354225 53.0199 0 0 0 1 
Seq_Frame0066_ForcepToReference-SequenceTransformStatus = OK
Seq_Frame0066_Timestamp = 7.057
Seq_Frame0067_ForcepToReference-SequenceTransform =-0.810329 -0.0161538 0.585752 -326.054 -0.535453 0.426463 -0.728985 141.198 -0.238026 -0.904361 -0.354225 53.0199 0 0 0 1 
Seq_Frame0067_ForcepToReference-SequenceTransformStatus = OK
Seq_Frame0067_Timestamp = 7.162
Seq_Frame0068_ForcepToReference-SequenceTransform =-0.810329 -0.0161538 0.585752 -326.054 -0.535453 0.426463 -0.728985 141.198 -0.238026 -0.904361 -0.354225 53.0199 0 0 0 1 
Seq_Frame0068_ForcepToReference-SequenceTransformStatus = OK
Seq_Frame0068_Timestamp = 7.272
Seq_Frame0069_ForcepToReference-SequenceTransform =-0.810329 -0.0161538 0.585752 -326.054 -0.535453 0.426463 -0.728985 141.198 -0.238026 -0.904361 -0.354225 53.0199 0 0 0 1 
Seq_Frame0069_ForcepToReference-SequenceTransformStatus = OK
Seq_Frame0069_Timestamp = 7.377
Seq_Frame0070_ForcepToReference-SequenceTransform =-0.810329 -0.0161538 0.585752 -326.054 -0.535453 0.426463 -0.728985 141.198 -0.238026 -0.904361 -0.354225 53.0199 0 0 0 1 
Seq_Frame0070_ForcepToReference-SequenceTransformStatus = OK
Seq_Frame0070_Timestamp = 7.487
Seq_Frame0071_ForcepToReference-SequenceTransform =-0.810329 -0.0161538 0.585752 -326.054 -0.535453 0.426463 -0.728985 141.198 -0.238026 -0.904361 -0.354225 53.0199 0 0 0 1 
Seq_Frame0071_ForcepToReference-SequenceTransformStatus = OK
Seq_Frame0071_Timestamp = 7.592
Seq_Frame0072_ForcepToReference-SequenceTransform =-0.304522 -0.908969 0.284678 -311.753 0.894255 -0.169917 0.414049 155.898 -0.327986 0.380662 0.864593 73.9322 0 0 0 1 
Seq_Frame0072_ForcepToReference-SequenceTransformStatus = OK
Seq_Frame0072_Timestamp = 7.697
Seq_Frame0073_ForcepToReference-SequenceTransform =-0.308432 -0.90987 0.2775 -308.668 0.903695 -0.18919 0.384112 165.049 -0.296992 0.369248 0.880598 69.1442 0 0 0 1 
Seq_Frame0073_ForcepToReference-SequenceTransformStatus = OK
Seq_Frame0073_Timestamp = 7.807
Seq_Frame0074_ForcepToReference-SequenceTransform =-0.325984 -0.908168 0.262613 -302.622 0.90522 -0.219752 0.363712 173.762 -0.272602 0.356287 0.893727 61.7688 0 0 0 1 
Seq_Frame0074_ForcepToReference-SequenceTransformStatus = OK
Seq_Frame0074_Timestamp = 7.912
Seq_Frame0075_ForcepToReference-SequenceTransform =-0.357706 -0.905264 0.229221 -289.182 0.90279 -0.27247 0.332762 187.648 -0.238782 0.32597 0.914728 52.0517 0 0 0 1 
Seq_Frame0075_ForcepToReference-SequenceTransformStatus = OK
Seq_Frame0075_Timestamp = 8.017
Seq_Frame0076_ForcepToReference-SequenceTransform =-0.412452 -0.897186 0.157928 -270.499 0.881703 -0.349555 0.316878 200.111 -0.229093 0.269943 0.935226 45.6745 0 0 0 1 
Seq_Frame0076_ForcepToReference-SequenceTransformStatus = OK
Seq_Frame0076_Timestamp = 8.122
Seq_Frame0077_ForcepToReference-SequenceTransform =-0.476326 -0.872513 0.108784 -258.613 0.840108 -0.415103 0.349155 202.725 -0.259486 0.257701 0.930729 44.6794 0 0 0 1 
Seq_Frame0077_ForcepToReference-SequenceTransformStatus = OK
Seq_Frame0077_Timestamp = 8.227
Seq_Frame0078_ForcepToReference-SequenceTransform =-0.511996 -0.857211 0.0552123 -248.296 0.805398 -0.456714 0.377817 204.292 -0.298653 0.237909 0.924233 45.6729 0 0 0 1 
Seq_Frame0078_ForcepToReference-SequenceTransformStatus = OK
Seq_Frame0078_Timestamp = 8.337
Seq_Frame0079_ForcepToReference-SequenceTransform =-0.523827 -0.851578 0.0205048 -239.486 0.787932 -0.475249 0.391538 204.156 -0.32368 0.221254 0.919933 48.216 0 0 0 1 
Seq_Frame0079_ForcepToReference-SequenceTransformStatus = OK
Seq_Frame0079_Timestamp = 8.442
Seq_Frame0080_ForcepToReference-SequenceTransform =-0.526923 -0.849891 -0.00608247 -234.413 0.779883 -0.486339 0.394026 204.846 -0.337837 0.202878 0.919079 50.5979 0 0 0 1 
Seq_Frame0080_ForcepToReference-SequenceTransformStatus = OK
Seq_Frame0080_Timestamp = 8.547
Seq_Frame0081_ForcepToReference-SequenceTransform =-0.529034 -0.84849 -0.013709 -233.043 0.775064 -0.489705 0.399331 204.771 -0.345541 0.200634 0.916705 51.415 0 0 0 1 
Seq_Frame0081_ForcepToReference-SequenceTransformStatus = OK
Seq_Frame0081_Timestamp = 8.651
Seq_Frame0082_ForcepToReference-SequenceTransform =-0.531449 -0.847036 -0.00954151 -233.154 0.775616 -0.491105 0.39653 205.34 -0.340561 0.203335 0.917972 51.4827 0 0 0 1 
Seq_Frame0082_ForcepToReference-SequenceTransformStatus = OK
Seq_Frame0082_Timestamp = 8.762
Seq_Frame0083_ForcepToReference-SequenceTransform =-0.529055 -0.848568 0.00583091 -236.456 0.785654 -0.48721 0.38128 207.494 -0.320701 0.206299 0.924441 49.5818 0 0 0 1 
Seq_Frame0083_ForcepToReference-SequenceTransformStatus = OK
Seq_Frame0083_Timestamp = 8.867
Seq_Frame0084_ForcepToReference-SequenceTransform =-0.525058 -0.851063 0.00232812 -236.972 0.792899 -0.488177 0.364685 211.462 -0.309233 0.193327 0.931128 47.3978 0 0 0 1 
Seq_Frame0084_ForcepToReference-SequenceTransformStatus = OK
Seq_Frame0084_Timestamp = 8.977
Seq_Frame0085_ForcepToReference-SequenceTransform =-0.516148 -0.856443 -0.00979844 -234.402 0.793097 -0.482228 0.372093 210.533 -0.323402 0.184284 0.928144 49.1072 0 0 0 1 
Seq_Frame0085_ForcepToReference-SequenceTransformStatus = OK
Seq_Frame0085_Timestamp = 9.087
Seq_Frame0086_ForcepToReference-SequenceTransform =-0.51162 -0.859101 -0.0137948 -232.701 0.796469 -0.48022 0.367459 211.523 -0.322309 0.177012 0.929937 51.2298 0 0 0 1 
Seq_Frame0086_ForcepToReference-SequenceTransformStatus = OK
Seq_Frame0086_Timestamp = 9.195
Seq_Frame0087_ForcepToReference-SequenceTransform =-0.5093 -0.860535 -0.00962474 -231.451 0.805739 -0.480738 0.345942 216.065 -0.302322 0.168433 0.938206 51.9331 0 0 0 1 
Seq_Frame0087_ForcepToReference-SequenceTransformStatus = OK
Seq_Frame0087_Timestamp = 9.302
Seq_Frame0088_ForcepToReference-SequenceTransform =-0.510006 -0.859931 -0.0203131 -230.24 0.803154 -0.484522 0.346673 216.347 -0.307957 0.160491 0.937766 52.3417 0 0 0 1 
Seq_Frame0088_ForcepToReference-SequenceTransformStatus = OK
Seq_Frame0088_Timestamp = 9.404
Seq_Frame0089_ForcepToReference-SequenceTransform =-0.504035 -0.86333 -0.0246901 -229.755 0.807916 -0.481403 0.339887 216.656 -0.30532 0.151367 0.940142 52.8629 0 0 0 1 
Seq_Frame0089_ForcepToReference-SequenceTransformStatus = OK
Seq_Frame0089_Timestamp = 9.517
Seq_Frame0090_ForcepToReference-SequenceTransform =-0.503358 -0.863421 -0.0336955 -229.187 0.808655 -0.484455 0.333738 217.509 -0.304481 0.140742 0.942063 53.1158 0 0 0 1 
Seq_Frame0090_ForcepToReference-SequenceTransformStatus = OK
Seq_Frame0090_Timestamp = 9.622
Seq_Frame0091_ForcepToReference-SequenceTransform =-0.506863 -0.861303 -0.0353039 -226.183 0.812963 -0.491233 0.3127 219.185 -0.286672 0.129795 0.949196 53.6164 0 0 0 1 
Seq_Frame0091_ForcepToReference-SequenceTransformStatus = OK
Seq_Frame0091_Timestamp = 9.728
Seq_Frame0092_ForcepToReference-SequenceTransform =-0.519393 -0.851503 -0.0719254 -215.444 0.760952 -0.499169 0.414467 211.389 -0.388823 0.16054 0.907218 49.7714 0 0 0 1 
Seq_Frame0092_ForcepToReference-SequenceTransformStatus = OK
Seq_Frame0092_Timestamp = 9.832
Seq_Frame0093_ForcepToReference-SequenceTransform =-0.54291 -0.834443 -0.0946275 -204.199 0.744878 -0.53052 0.404606 216.814 -0.387822 0.149179 0.909582 48.1834 0 0 0 1 
Seq_Frame0093_ForcepToReference-SequenceTransformStatus = OK
Seq_Frame0093_Timestamp = 9.946
Seq_Frame0094_ForcepToReference-SequenceTransform =-0.600285 -0.791486 -0.114921 -187.389 0.742454 -0.604894 0.287862 223.285 -0.297354 0.0874754 0.950752 42.1619 0 0 0 1 
Seq_Frame0094_ForcepToReference-SequenceTransformStatus = OK
Seq_Frame0094_Timestamp = 10.052
Seq_Frame0095_ForcepToReference-SequenceTransform =-0.683247 -0.690546 -0.237317 -150.261 0.631243 -0.72196 0.283383 222.363 -0.367022 0.0438159 0.92918 32.4498 0 0 0 1 
Seq_Frame0095_ForcepToReference-SequenceTransformStatus = OK
Seq_Frame0095_Timestamp = 10.158
Seq_Frame0096_ForcepToReference-SequenceTransform =-0.684551 -0.68637 -0.245533 -146.752 0.625972 -0.726092 0.284514 222.356 -0.373561 0.0410679 0.926696 31.4468 0 0 0 1 
Seq_Frame0096_ForcepToReference-SequenceTransformStatus = OK
Seq_Frame0096_Timestamp = 10.262
Seq_Frame0097_ForcepToReference-SequenceTransform =-0.684551 -0.68637 -0.245533 -146.752 0.625972 -0.726092 0.284514 222.356 -0.373561 0.0410679 0.926696 31.4468 0 0 0 1 
Seq_Frame0097_ForcepToReference-SequenceTransformStatus = OK
Seq_Frame0097_Timestamp = 10.368
Seq_Frame0098_ForcepToReference-SequenceTransform =-0.684551 -0.68637 -0.245533 -146.752 0.625972 -0.726092 0.284514 222.356 -0.373561 0.0410679 0.926696 31.4468 0 0 0 1 
Seq_Frame0098_ForcepToReference-SequenceTransformStatus = OK
Seq_Frame0098_Timestamp = 10.477
Seq_Frame0099_ForcepToReference-SequenceTransform =-0.684551 -0.68637 -0.245533 -146.752 0.625972 -0.726092 0.284514 222.356 -0.373561 0.0410679 0.926696 31.4468 0 0 0 1 
Seq_Frame0099_ForcepToReference-SequenceTransformStatus = OK
Seq_Frame0099_Timestamp = 10.582
Seq_Frame0100_ForcepToReference-SequenceTransform =-0.684551 -0.68637 -0.245533 -146.752 0.625972 -0.726092 0.284514 222.356 -0.373561 0.0410679 0.926696 31.4468 0 0 0 1 
Seq_Frame0100_ForcepToReference-SequenceTransformStatus = OK
Seq_Frame0100_Timestamp = 10.686
Seq_Frame0101_ForcepToReference-SequenceTransform =-0.684551 -0.68637 -0.245533 -146.752 0.625972 -0.726092 0.284514 222.356 -0.373561 0.0410679 0.926696 31.4468 0 0 0 1 
Seq_Frame0101_ForcepToReference-SequenceTransformStatus = OK
Seq_Frame0101_Timestamp = 10.792
Seq_Frame0102_ForcepToReference-SequenceTransform =-0.684551 -0.68637 -0.245533 -146.752 0.625972 -0.726092 0.284514 222.356 -0.373561 0.0410679 0.926696 31.4468 0 0 0 1 
Seq_Frame0102_ForcepToReference-SequenceTransformStatus = OK
Seq_Frame0102_Timestamp = 10.902
Seq_Frame0103_ForcepToReference-SequenceTransform =-0.684551 -0.68637 -0.245533 -146.752 0.625972 -0.726092 0.284514 222.356 -0.373561 0.0410679 0.926696 31.4468 0 0 0 1 
Seq_Frame0103_ForcepToReference-SequenceTransformStatus = OK
Seq_Frame0103_Timestamp = 11.007
Seq_Frame0104_ForcepToReference-SequenceTransform =-0.684551 -0.68637 -0.245533 -146.752 0.625972 -0.726092 0.284514 222.356 -0.373561 0.0410679 0.926696 31.4468 0 0 0 1 
Seq_Frame0104_ForcepToReference-SequenceTransformStatus = OK
Seq_Frame0104_Timestamp = 11.112
Seq_Frame0105_ForcepToReference-SequenceTransform =-0.684551 -0.68637 -0.245533 -146.752 0.625972 -0.726092 0.284514 222.356 -0.373561 0.0410679 0.926696 31.4468 0 0 0 1 
Seq_Frame0105_ForcepToReference-SequenceTransformStatus = OK
Seq_Frame0105_Timestamp = 11.222
Seq_Frame0106_ForcepToReference-SequenceTransform =-0.684551 -0.68637 -0.245533 -146.752 0.625972 -0.726092 0.284514 222.356 -0.373561 0.0410679 0.926696 31.4468 0 0 0 1 
Seq_Frame0106_ForcepToReference-SequenceTransformStatus = OK
Seq_Frame0106_Timestamp = 11.328
Seq_Frame0107_ForcepToReference-SequenceTransform =-0.684551 -0.68637 -0.245533 -146.752 0.625972 -0.726092 0.284514 222.356 -0.373561 0.0410679 0.926696 31.4468 0 0 0 1 
Seq_Frame0107_ForcepToReference-SequenceTransformStatus = OK
Seq_Frame0107_Timestamp = 11.438
Seq_Frame0108_ForcepToReference-SequenceTransform =-0.684551 -0.68637 -0.245533 -146.752 0.625972 -0.726092 0.284514 222.356 -0.373561 0.0410679 0.926696 31.4468 0 0 0 1 
Seq_Frame0108_ForcepToReference-SequenceTransformStatus = OK
Seq_Frame0108_Timestamp = 11.542
Seq_Frame0109_ForcepToReference-SequenceTransform =-0.684551 -0.68637 -0.245533 -146.752 0.625972 -0.726092 0.284514 222.356 -0.373561 0.0410679 0.926696 31.4468 0 0 0 1 
Seq_Frame0109_ForcepToReference-SequenceTransformStatus = OK
Seq_Frame0109_Timestamp = 11.647
Seq_Frame0110_ForcepToReference-SequenceTransform =-0.684551 -0.68637 -0.245533 -146.752 0.625972 -0.726092 0.284514 222.356 -0.373561 0.0410679 0.926696 31.4468 0 0 0 1 
Seq_Frame0110_ForcepToReference-SequenceTransformStatus = OK
Seq_Frame0110_Timestamp = 11.757
Seq_Frame0111_ForcepToReference-SequenceTransform =-0.684551 -0.68637 -0.245533 -146.752 0.625972 -0.726092 0.284514 222.356 -0.373561 0.0410679 0.926696 31.4468 0 0 0 1 
Seq_Frame0111_ForcepToReference-SequenceTransformStatus = OK
Seq_Frame0111_Timestamp = 11.862
Seq_Frame0112_ForcepToReference-SequenceTransform =-0.684551 -0.68637 -0.245533 -146.752 0.625972 -0.726092 0.284514 222.356 -0.373561 0.0410679 0.926696 31.4468 0 0 0 1 
Seq_Frame0112_ForcepToReference-SequenceTransformStatus = OK
Seq_Frame0112_Timestamp = 11.967
Seq_Frame0113_ForcepToReference-SequenceTransform =-0.684551 -0.68637 -0.245533 -146.752 0.625972 -0.726092 0.284514 222.356 -0.373561 0.0410679 0.926696 31.4468 0 0 0 1 
Seq_Frame0113_ForcepToReference-SequenceTransformStatus = OK
Seq_Frame0113_Timestamp = 12.073
Seq_Frame0114_ForcepToReference-SequenceTransform =-0.684551 -0.68637 -0.245533 -146.752 0.625972 -0.726092 0.284514 222.356 -0.373561 0.0410679 0.926696 31.4468 0 0 0 1 
Seq_Frame0114_ForcepToReference-SequenceTransformStatus = OK
Seq_Frame0114_Timestamp = 12.182
Seq_Frame0115_ForcepToReference-SequenceTransform =-0.684551 -0.68637 -0.245533 -146.752 0.625972 -0.726092 0.284514 222.356 -0.373561 0.0410679 0.926696 31.4468 0 0 0 1 
Seq_Frame0115_ForcepToReference-SequenceTransformStatus = OK
Seq_Frame0115_Timestamp = 12.287
Seq_Frame0116_ForcepToReference-SequenceTransform =-0.684551 -0.68637 -0.245533 -146.752 0.625972 -0.726092 0.284514 222.356 -0.373561 0.0410679 0.926696 31.4468 0 0 0 1 
Seq_Frame0116_ForcepToReference-SequenceTransformStatus = OK
Seq_Frame0116_Timestamp = 12.392
Seq_Frame0117_ForcepToReference-SequenceTransform =-0.684551 -0.68637 -0.245533 -146.752 0.625972 -0.726092 0.284514 222.356 -0.373561 0.0410679 0.926696 31.4468 0 0 0 1 
Seq_Frame0117_ForcepToReference-SequenceTransformStatus = OK
Seq_Frame0117_Timestamp = 12.497
Seq_Frame0118_ForcepToReference-SequenceTransform =-0.684551 -0.68637 -0.245533 -146.752 0.625972 -0.726092 0.284514 222.356 -0.373561 0.0410679 0.926696 31.4468 0 0 0 1 
Seq_Frame0118_ForcepToReference-SequenceTransformStatus = OK
Seq_Frame0118_Timestamp = 12.606
Seq_Frame0119_ForcepToReference-SequenceTransform =-0.684551 -0.68637 -0.245533 -146.752 0.625972 -0.726092 0.284514 222.356 -0.373561 0.0410679 0.926696 31.4468 0 0 0 1 
Seq_Frame0119_ForcepToReference-SequenceTransformStatus = OK
Seq_Frame0119_Timestamp = 12.712
Seq_Frame0120_ForcepToReference-SequenceTransform =-0.815536 0.4411 0.374609 65.8014 -0.127513 0.494445 -0.859805 221.833 -0.564483 -0.748969 -0.346992 96.0282 0 0 0 1 
Seq_Frame0120_ForcepToReference-SequenceTransformStatus = OK
Seq_Frame0120_Timestamp = 15.602
Seq_Frame0121_ForcepToReference-SequenceTransform =-0.785096 0.482382 0.388499 67.6718 -0.0873637 0.534727 -0.840496 226.224 -0.613181 -0.693811 -0.37767 99.3195 0 0 0 1 
Seq_Frame0121_ForcepToReference-SequenceTransformStatus = OK
Seq_Frame0121_Timestamp = 15.712
Seq_Frame0122_ForcepToReference-SequenceTransform =-0.794935 0.470866 0.382576 67.5134 -0.116167 0.50079 -0.857738 221.298 -0.59547 -0.726288 -0.343396 96.2661 0 0 0 1 
Seq_Frame0122_ForcepToReference-SequenceTransformStatus = OK
Seq_Frame0122_Timestamp = 15.822
Seq_Frame0123_ForcepToReference-SequenceTransform =-0.821804 0.39486 0.410759 59.0495 -0.228708 0.431683 -0.872549 214.877 -0.521853 -0.811009 -0.264451 84.7612 0 0 0 1 
Seq_Frame0123_ForcepToReference-SequenceTransformStatus = OK
Seq_Frame0123_Timestamp = 16.957
Seq_Frame0124_ForcepToReference-SequenceTransform =-0.819728 0.431154 0.377031 60.4097 -0.136977 0.4916 -0.859981 219.311 -0.556133 -0.756595 -0.34392 87.9273 0 0 0 1 
Seq_Frame0124_ForcepToReference-SequenceTransformStatus = OK
Seq_Frame0124_Timestamp = 17.062
Seq_Frame0125_ForcepToReference-SequenceTransform =-0.817091 0.441282 0.37099 61.7995 -0.126363 0.490775 -0.862074 221.262 -0.56249 -0.751272 -0.345246 89.9065 0 0 0 1 
Seq_Frame0125_ForcepToReference-SequenceTransformStatus = OK
Seq_Frame0125_Timestamp = 17.172
Seq_Frame0126_ForcepToReference-SequenceTransform =-0.806475 0.464362 0.366015 65.5325 -0.087677 0.518268 -0.850712 224.24 -0.584732 -0.718169 -0.377256 94.8108 0 0 0 1 
Seq_Frame0126_ForcepToReference-SequenceTransformStatus = OK
Seq_Frame0126_Timestamp = 17.282
Seq_Frame0127_ForcepToReference-SequenceTransform =-0.791445 0.477114 0.382071 68.3406 -0.0824952 0.535978 -0.840192 228.686 -0.605649 -0.696484 -0.384837 99.2134 0 0 0 1 
Seq_Frame0127_ForcepToReference-SequenceTransformStatus = OK
Seq_Frame0127_Timestamp = 17.387
Seq_Frame0128_ForcepToReference-SequenceTransform =-0.780073 0.498749 0.377803 71.43 -0.0567237 0.544961 -0.83654 230.445 -0.623112 -0.673993 -0.396819 101.903 0 0 0 1 
Seq_Frame0128_ForcepToReference-SequenceTransformStatus = OK
Seq_Frame0128_Timestamp = 17.492
Seq_Frame0129_ForcepToReference-SequenceTransform =-0.774209 0.505827 0.380445 73.091 -0.0830115 0.514744 -0.853316 226.678 -0.627462 -0.692227 -0.35653 99.203 0 0 0 1 
Seq_Frame0129_ForcepToReference-SequenceTransformStatus = OK
Seq_Frame0129_Timestamp = 17.602
Seq_Frame0130_ForcepToReference-SequenceTransform =-0.774761 0.50199 0.384384 72.3164 -0.119726 0.480473 -0.868799 219.622 -0.620814 -0.719133 -0.312151 93.8498 0 0 0 1 
Seq_Frame0130_ForcepToReference-SequenceTransformStatus = OK
Seq_Frame0130_Timestamp = 17.707
Seq_Frame0131_ForcepToReference-SequenceTransform =-0.801741 0.356782 0.479497 55.4347 -0.319507 0.422159 -0.84835 205.352 -0.5051 -0.83336 -0.224468 83.2406 0 0 0 1 
Seq_Frame0131_ForcepToReference-SequenceTransformStatus = OK
Seq_Frame0131_Timestamp = 18.132
Seq_Frame0132_ForcepToReference-SequenceTransform =-0.819392 0.318692 0.476478 44.1766 -0.270375 0.518077 -0.811476 216.662 -0.505464 -0.793745 -0.338342 83.9494 0 0 0 1 
Seq_Frame0132_ForcepToReference-SequenceTransformStatus = OK
Seq_Frame0132_Timestamp = 18.242
Seq_Frame0133_ForcepToReference-SequenceTransform =-0.826584 0.368656 0.425266 41.3461 -0.157095 0.574448 -0.803324 221.382 -0.540444 -0.730823 -0.416916 87.3403 0 0 0 1 
Seq_Frame0133_ForcepToReference-SequenceTransformStatus = OK
Seq_Frame0133_Timestamp = 18.357
Seq_Frame0134_ForcepToReference-SequenceTransform =-0.806843 0.406749 0.428439 43.2962 -0.137907 0.57551 -0.806083 219.325 -0.574444 -0.709467 -0.408253 88.7643 0 0 0 1 
Seq_Frame0134_ForcepToReference-SequenceTransformStatus = OK
Seq_Frame0134_Timestamp = 18.467
Seq_Frame0135_ForcepToReference-SequenceTransform =-0.795925 0.4194 0.436587 45.7631 -0.146235 0.566615 -0.810903 218.253 -0.587469 -0.709262 -0.389652 90.1391 0 0 0 1 
Seq_Frame0135_ForcepToReference-SequenceTransformStatus = OK
Seq_Frame0135_Timestamp = 18.572
Seq_Frame0136_ForcepToReference-SequenceTransform =-0.801088 0.412107 0.43408 45.5282 -0.189076 0.513855 -0.836781 213.144 -0.567897 -0.75241 -0.333724 86.6964 0 0 0 1 
Seq_Frame0136_ForcepToReference-SequenceTransformStatus = OK
Seq_Frame0136_Timestamp = 18.682
Seq_Frame0137_ForcepToReference-SequenceTransform =-0.799111 0.408673 0.440918 45.5513 -0.197007 0.514906 -0.834302 211.651 -0.567988 -0.753563 -0.330956 86.1122 0 0 0 1 
Seq_Frame0137_ForcepToReference-SequenceTransformStatus = OK
Seq_Frame0137_Timestamp = 18.787
Seq_Frame0138_ForcepToReference-SequenceTransform =-0.791197 0.417792 0.446607 46.3099 -0.187016 0.53 -0.827118 213.071 -0.582265 -0.737936 -0.3412 87.4131 0 0 0 1 
Seq_Frame0138_ForcepToReference-SequenceTransformStatus = OK
Seq_Frame0138_Timestamp = 18.892
Seq_Frame0139_ForcepToReference-SequenceTransform =-0.781914 0.427974 0.453265 46.9593 -0.179288 0.541993 -0.821035 214.407 -0.597048 -0.723244 -0.347061 88.4486 0 0 0 1 
Seq_Frame0139_ForcepToReference-SequenceTransformStatus = OK
Seq_Frame0139_Timestamp = 19.002
Seq_Frame0140_ForcepToReference-SequenceTransform =-0.781065 0.433863 0.449111 47.0648 -0.151594 0.565954 -0.81038 214.712 -0.60577 -0.701042 -0.376276 89.4183 0 0 0 1 
Seq_Frame0140_ForcepToReference-SequenceTransformStatus = OK
Seq_Frame0140_Timestamp = 19.108
Seq_Frame0141_ForcepToReference-SequenceTransform =-0.0208077 -0.996326 -0.0830747 40.4306 0.950899 -0.0453865 0.306156 220.688 -0.308801 -0.0726252 0.94835 91.9501 0 0 0 1 
Seq_Frame0141_ForcepToReference-SequenceTransformStatus = OK
Seq_Frame0141_Timestamp = 20.777
Seq_Frame0142_ForcepToReference-SequenceTransform =-0.0703482 -0.991247 -0.111716 38.0744 0.968803 -0.0945731 0.229078 228.72 -0.237638 -0.0921157 0.966976 92.6285 0 0 0 1 
Seq_Frame0142_ForcepToReference-SequenceTransformStatus = OK
Seq_Frame0142_Timestamp = 20.882
Seq_Frame0143_ForcepToReference-SequenceTransform =-0.0623166 -0.985209 -0.159622 42.6851 0.970555 -0.0971051 0.220441 226.744 -0.23268 -0.141185 0.962251 96.9692 0 0 0 1 
Seq_Frame0143_ForcepToReference-SequenceTransformStatus = OK
Seq_Frame0143_Timestamp = 20.987
Seq_Frame0144_ForcepToReference-SequenceTransform =-0.0492278 -0.988752 -0.141233 42.9547 0.955519 -0.0877912 0.281559 220.975 -0.290791 -0.121091 0.949093 94.4775 0 0 0 1 
Seq_Frame0144_ForcepToReference-SequenceTransformStatus = OK
Seq_Frame0144_Timestamp = 21.092
Seq_Frame0145_ForcepToReference-SequenceTransform =-0.0490951 -0.988694 -0.141682 43.1813 0.951224 -0.0895403 0.295222 218.922 -0.30457 -0.120277 0.944865 94.6125 0 0 0 1 
Seq_Frame0145_ForcepToReference-SequenceTransformStatus = OK
Seq_Frame0145_Timestamp = 21.202
Seq_Frame0146_ForcepToReference-SequenceTransform =-0.0481068 -0.988367 -0.14428 42.7812 0.940908 -0.0933203 0.325552 215.336 -0.335229 -0.120093 0.934451 92.573 0 0 0 1 
Seq_Frame0146_ForcepToReference-SequenceTransformStatus = OK
Seq_Frame0146_Timestamp = 21.307
Seq_Frame0147_ForcepToReference-SequenceTransform =-0.0470725 -0.990571 -0.128657 42.3087 0.943573 -0.0863628 0.319705 216.022 -0.327802 -0.106348 0.938742 93.7901 0 0 0 1 
Seq_Frame0147_ForcepToReference-SequenceTransformStatus = OK
Seq_Frame0147_Timestamp = 21.412
Seq_Frame0148_ForcepToReference-SequenceTransform =-0.0237923 -0.994385 -0.103111 41.9139 0.951669 -0.0541189 0.302321 212.684 -0.306204 -0.0909347 0.947613 91.8771 0 0 0 1 
Seq_Frame0148_ForcepToReference-SequenceTransformStatus = OK
Seq_Frame0148_Timestamp = 21.522
Seq_Frame0149_ForcepToReference-SequenceTransform =-0.0274746 -0.995834 -0.0869483 41.4872 0.948969 -0.0533207 0.310829 211.263 -0.31417 -0.0739714 0.946481 91.4547 0 0 0 1 
Seq_Frame0149_ForcepToReference-SequenceTransformStatus = OK
Seq_Frame0149_Timestamp = 21.782
