ObjectType = Image
NDims = 3
AnatomicalOrientation = RAI
BinaryData = True
CompressedData = False
DimSize = 0 0 4198
ElementSpacing = 1 1 1
Offset = 0 0 0
TransformMatrix = 1 0 0 0 1 0 0 0 1
ElementType = MET_UCHAR
Kinds = domain domain list
Seq_Frame0000_DriverToReference-SequenceTransform =-0.862399 -0.486908 0.138524 33.8685 -0.166633 0.531426 0.830554 28.9462 -0.478018 0.693186 -0.539436 49.8368 0 0 0 1 
Seq_Frame0000_DriverToReference-SequenceTransformStatus = OK
Seq_Frame0000_Timestamp = 0.00200009
Seq_Frame0001_DriverToReference-SequenceTransform =-0.862417 -0.486343 0.140385 33.8132 -0.165483 0.532969 0.829795 28.8298 -0.478385 0.692398 -0.540123 49.761 0 0 0 1 
Seq_Frame0001_DriverToReference-SequenceTransformStatus = OK
Seq_Frame0001_Timestamp = 0.116
Seq_Frame0002_DriverToReference-SequenceTransform =-0.860274 -0.489143 0.143765 33.7838 -0.162134 0.529824 0.832466 28.7926 -0.483365 0.692839 -0.535101 49.6877 0 0 0 1 
Seq_Frame0002_DriverToReference-SequenceTransformStatus = OK
Seq_Frame0002_Timestamp = 0.222
Seq_Frame0003_DriverToReference-SequenceTransform =-0.861343 -0.488158 0.140678 33.8135 -0.16402 0.5293 0.832429 28.7611 -0.480818 0.693933 -0.535977 49.7296 0 0 0 1 
Seq_Frame0003_DriverToReference-SequenceTransformStatus = OK
Seq_Frame0003_Timestamp = 0.326
Seq_Frame0004_DriverToReference-SequenceTransform =-0.862701 -0.486079 0.139549 33.8762 -0.166027 0.532879 0.829744 28.8473 -0.477684 0.692652 -0.540417 49.7606 0 0 0 1 
Seq_Frame0004_DriverToReference-SequenceTransformStatus = OK
Seq_Frame0004_Timestamp = 0.429
Seq_Frame0005_DriverToReference-SequenceTransform =-0.860352 -0.488995 0.143796 33.7533 -0.162268 0.530216 0.83219 28.6914 -0.48318 0.692643 -0.53552 49.7739 0 0 0 1 
Seq_Frame0005_DriverToReference-SequenceTransformStatus = OK
Seq_Frame0005_Timestamp = 0.533
Seq_Frame0006_DriverToReference-SequenceTransform =-0.861472 -0.486521 0.145475 33.7507 -0.158699 0.530071 0.83297 28.3791 -0.48237 0.694494 -0.533852 49.8011 0 0 0 1 
Seq_Frame0006_DriverToReference-SequenceTransformStatus = OK
Seq_Frame0006_Timestamp = 0.634
Seq_Frame0007_DriverToReference-SequenceTransform =-0.861576 -0.485981 0.146658 33.7533 -0.157227 0.530177 0.833182 28.2917 -0.482665 0.694791 -0.533198 49.9328 0 0 0 1 
Seq_Frame0007_DriverToReference-SequenceTransformStatus = OK
Seq_Frame0007_Timestamp = 0.741
Seq_Frame0008_DriverToReference-SequenceTransform =-0.861421 -0.48752 0.142402 33.8105 -0.162018 0.529503 0.832693 28.6673 -0.481357 0.694227 -0.535112 49.8668 0 0 0 1 
Seq_Frame0008_DriverToReference-SequenceTransformStatus = OK
Seq_Frame0008_Timestamp = 0.851
Seq_Frame0009_DriverToReference-SequenceTransform =-0.860498 -0.489139 0.142427 33.7747 -0.161058 0.526421 0.83483 28.6134 -0.483325 0.695431 -0.531764 49.825 0 0 0 1 
Seq_Frame0009_DriverToReference-SequenceTransformStatus = OK
Seq_Frame0009_Timestamp = 0.952
Seq_Frame0010_DriverToReference-SequenceTransform =-0.861603 -0.487482 0.141426 33.8775 -0.163067 0.529695 0.832365 28.6607 -0.480676 0.694107 -0.535879 49.8907 0 0 0 1 
Seq_Frame0010_DriverToReference-SequenceTransformStatus = OK
Seq_Frame0010_Timestamp = 1.052
Seq_Frame0011_DriverToReference-SequenceTransform =-0.863401 -0.484428 0.140956 33.8769 -0.161025 0.52937 0.83297 28.2093 -0.478132 0.696489 -0.535063 50.2956 0 0 0 1 
Seq_Frame0011_DriverToReference-SequenceTransformStatus = OK
Seq_Frame0011_Timestamp = 1.157
Seq_Frame0012_DriverToReference-SequenceTransform =-0.865443 -0.482709 0.134163 34.2041 -0.192444 0.567534 0.800544 32.7193 -0.462572 0.667006 -0.584063 47.2615 0 0 0 1 
Seq_Frame0012_DriverToReference-SequenceTransformStatus = OK
Seq_Frame0012_Timestamp = 1.262
Seq_Frame0013_DriverToReference-SequenceTransform =0.314875 0.929374 0.192663 26.8407 -0.752714 0.368164 -0.545781 46.3979 -0.578166 0.0268326 0.815478 34.6164 0 0 0 1 
Seq_Frame0013_DriverToReference-SequenceTransformStatus = OK
Seq_Frame0013_Timestamp = 2.302
Seq_Frame0014_DriverToReference-SequenceTransform =0.33117 0.928916 0.165652 28.2205 -0.7491 0.365581 -0.552449 44.5205 -0.573738 0.0588648 0.816921 33.6613 0 0 0 1 
Seq_Frame0014_DriverToReference-SequenceTransformStatus = OK
Seq_Frame0014_Timestamp = 2.408
Seq_Frame0015_DriverToReference-SequenceTransform =0.331655 0.930933 0.152867 29.6613 -0.736071 0.356702 -0.575294 43.6946 -0.590088 0.0782785 0.803535 34.6273 0 0 0 1 
Seq_Frame0015_DriverToReference-SequenceTransformStatus = OK
Seq_Frame0015_Timestamp = 2.512
Seq_Frame0016_DriverToReference-SequenceTransform =-0.699365 -0.361077 -0.616857 0.592397 -0.702533 0.506226 0.500182 106.585 0.131665 0.783172 -0.607705 -31.1593 0 0 0 1 
Seq_Frame0016_DriverToReference-SequenceTransformStatus = OK
Seq_Frame0016_Timestamp = 5.266
Seq_Frame0017_DriverToReference-SequenceTransform =-0.163835 -0.34503 -0.924182 -13.6249 -0.979315 0.169652 0.110272 183.793 0.118743 0.923132 -0.365688 -49.8755 0 0 0 1 
Seq_Frame0017_DriverToReference-SequenceTransformStatus = OK
Seq_Frame0017_Timestamp = 5.367
Seq_Frame0018_DriverToReference-SequenceTransform =-0.163835 -0.34503 -0.924182 -13.6249 -0.979315 0.169652 0.110272 183.793 0.118743 0.923132 -0.365688 -49.8755 0 0 0 1 
Seq_Frame0018_DriverToReference-SequenceTransformStatus = OK
Seq_Frame0018_Timestamp = 5.471
Seq_Frame0019_DriverToReference-SequenceTransform =-0.163835 -0.34503 -0.924182 -13.6249 -0.979315 0.169652 0.110272 183.793 0.118743 0.923132 -0.365688 -49.8755 0 0 0 1 
Seq_Frame0019_DriverToReference-SequenceTransformStatus = OK
Seq_Frame0019_Timestamp = 5.572
Seq_Frame0020_DriverToReference-SequenceTransform =-0.163835 -0.34503 -0.924182 -13.6249 -0.979315 0.169652 0.110272 183.793 0.118743 0.923132 -0.365688 -49.8755 0 0 0 1 
Seq_Frame0020_DriverToReference-SequenceTransformStatus = OK
Seq_Frame0020_Timestamp = 5.674
Seq_Frame0021_DriverToReference-SequenceTransform =-0.163835 -0.34503 -0.924182 -13.6249 -0.979315 0.169652 0.110272 183.793 0.118743 0.923132 -0.365688 -49.8755 0 0 0 1 
Seq_Frame0021_DriverToReference-SequenceTransformStatus = OK
Seq_Frame0021_Timestamp = 5.775
Seq_Frame0022_DriverToReference-SequenceTransform =-0.163835 -0.34503 -0.924182 -13.6249 -0.979315 0.169652 0.110272 183.793 0.118743 0.923132 -0.365688 -49.8755 0 0 0 1 
Seq_Frame0022_DriverToReference-SequenceTransformStatus = OK
Seq_Frame0022_Timestamp = 5.876
Seq_Frame0023_DriverToReference-SequenceTransform =-0.163835 -0.34503 -0.924182 -13.6249 -0.979315 0.169652 0.110272 183.793 0.118743 0.923132 -0.365688 -49.8755 0 0 0 1 
Seq_Frame0023_DriverToReference-SequenceTransformStatus = OK
Seq_Frame0023_Timestamp = 5.977
Seq_Frame0024_DriverToReference-SequenceTransform =-0.163835 -0.34503 -0.924182 -13.6249 -0.979315 0.169652 0.110272 183.793 0.118743 0.923132 -0.365688 -49.8755 0 0 0 1 
Seq_Frame0024_DriverToReference-SequenceTransformStatus = OK
Seq_Frame0024_Timestamp = 6.086
Seq_Frame0025_DriverToReference-SequenceTransform =-0.163835 -0.34503 -0.924182 -13.6249 -0.979315 0.169652 0.110272 183.793 0.118743 0.923132 -0.365688 -49.8755 0 0 0 1 
Seq_Frame0025_DriverToReference-SequenceTransformStatus = OK
Seq_Frame0025_Timestamp = 6.191
Seq_Frame0026_DriverToReference-SequenceTransform =-0.606834 -0.690703 -0.393296 3.57856 -0.665307 0.170672 0.7268 183.862 -0.434878 0.702709 -0.563099 29.4319 0 0 0 1 
Seq_Frame0026_DriverToReference-SequenceTransformStatus = OK
Seq_Frame0026_Timestamp = 6.292
Seq_Frame0027_DriverToReference-SequenceTransform =-0.603467 -0.767108 -0.217653 18.5581 -0.581766 0.236892 0.778094 166.005 -0.545322 0.596177 -0.589234 21.5381 0 0 0 1 
Seq_Frame0027_DriverToReference-SequenceTransformStatus = OK
Seq_Frame0027_Timestamp = 6.402
Seq_Frame0028_DriverToReference-SequenceTransform =-0.665965 -0.737639 -0.111263 22.8406 -0.529161 0.361988 0.767433 136.594 -0.525813 0.56996 -0.631401 13.3601 0 0 0 1 
Seq_Frame0028_DriverToReference-SequenceTransformStatus = OK
Seq_Frame0028_Timestamp = 6.502
Seq_Frame0029_DriverToReference-SequenceTransform =-0.722287 -0.690267 0.0428197 20.5103 -0.457293 0.523119 0.719186 95.5863 -0.51883 0.499877 -0.693497 22.5855 0 0 0 1 
Seq_Frame0029_DriverToReference-SequenceTransformStatus = OK
Seq_Frame0029_Timestamp = 6.612
Seq_Frame0030_DriverToReference-SequenceTransform =-0.669077 -0.71349 0.208007 21.2104 -0.337865 0.541304 0.769959 72.2509 -0.661954 0.444884 -0.603238 26.3644 0 0 0 1 
Seq_Frame0030_DriverToReference-SequenceTransformStatus = OK
Seq_Frame0030_Timestamp = 6.713
Seq_Frame0031_DriverToReference-SequenceTransform =-0.663123 -0.706039 0.24855 23.0168 -0.264487 0.531659 0.804603 58.4644 -0.700225 0.467812 -0.539294 33.7565 0 0 0 1 
Seq_Frame0031_DriverToReference-SequenceTransformStatus = OK
Seq_Frame0031_Timestamp = 6.816
Seq_Frame0032_DriverToReference-SequenceTransform =-0.663123 -0.706039 0.24855 23.0168 -0.264487 0.531659 0.804603 58.4644 -0.700225 0.467812 -0.539294 33.7565 0 0 0 1 
Seq_Frame0032_DriverToReference-SequenceTransformStatus = OK
Seq_Frame0032_Timestamp = 11.577
Seq_Frame0033_DriverToReference-SequenceTransform =0.145196 -0.242175 0.959307 -24.221 -0.21655 0.938294 0.269647 170.73 -0.965414 -0.24689 0.0837934 -45.8879 0 0 0 1 
Seq_Frame0033_DriverToReference-SequenceTransformStatus = OK
Seq_Frame0033_Timestamp = 11.682
Seq_Frame0034_DriverToReference-SequenceTransform =0.145196 -0.242175 0.959307 -24.221 -0.21655 0.938294 0.269647 170.73 -0.965414 -0.24689 0.0837934 -45.8879 0 0 0 1 
Seq_Frame0034_DriverToReference-SequenceTransformStatus = OK
Seq_Frame0034_Timestamp = 11.787
Seq_Frame0035_DriverToReference-SequenceTransform =0.145196 -0.242175 0.959307 -24.221 -0.21655 0.938294 0.269647 170.73 -0.965414 -0.24689 0.0837934 -45.8879 0 0 0 1 
Seq_Frame0035_DriverToReference-SequenceTransformStatus = OK
Seq_Frame0035_Timestamp = 11.891
Seq_Frame0036_DriverToReference-SequenceTransform =0.145196 -0.242175 0.959307 -24.221 -0.21655 0.938294 0.269647 170.73 -0.965414 -0.24689 0.0837934 -45.8879 0 0 0 1 
Seq_Frame0036_DriverToReference-SequenceTransformStatus = OK
Seq_Frame0036_Timestamp = 11.999
Seq_Frame0037_DriverToReference-SequenceTransform =0.145196 -0.242175 0.959307 -24.221 -0.21655 0.938294 0.269647 170.73 -0.965414 -0.24689 0.0837934 -45.8879 0 0 0 1 
Seq_Frame0037_DriverToReference-SequenceTransformStatus = OK
Seq_Frame0037_Timestamp = 12.101
Seq_Frame0038_DriverToReference-SequenceTransform =0.145196 -0.242175 0.959307 -24.221 -0.21655 0.938294 0.269647 170.73 -0.965414 -0.24689 0.0837934 -45.8879 0 0 0 1 
Seq_Frame0038_DriverToReference-SequenceTransformStatus = OK
Seq_Frame0038_Timestamp = 12.216
Seq_Frame0039_DriverToReference-SequenceTransform =0.145196 -0.242175 0.959307 -24.221 -0.21655 0.938294 0.269647 170.73 -0.965414 -0.24689 0.0837934 -45.8879 0 0 0 1 
Seq_Frame0039_DriverToReference-SequenceTransformStatus = OK
Seq_Frame0039_Timestamp = 12.317
Seq_Frame0040_DriverToReference-SequenceTransform =0.145196 -0.242175 0.959307 -24.221 -0.21655 0.938294 0.269647 170.73 -0.965414 -0.24689 0.0837934 -45.8879 0 0 0 1 
Seq_Frame0040_DriverToReference-SequenceTransformStatus = OK
Seq_Frame0040_Timestamp = 12.419
Seq_Frame0041_DriverToReference-SequenceTransform =0.145196 -0.242175 0.959307 -24.221 -0.21655 0.938294 0.269647 170.73 -0.965414 -0.24689 0.0837934 -45.8879 0 0 0 1 
Seq_Frame0041_DriverToReference-SequenceTransformStatus = OK
Seq_Frame0041_Timestamp = 12.524
Seq_Frame0042_DriverToReference-SequenceTransform =0.145196 -0.242175 0.959307 -24.221 -0.21655 0.938294 0.269647 170.73 -0.965414 -0.24689 0.0837934 -45.8879 0 0 0 1 
Seq_Frame0042_DriverToReference-SequenceTransformStatus = OK
Seq_Frame0042_Timestamp = 12.626
Seq_Frame0043_DriverToReference-SequenceTransform =0.145196 -0.242175 0.959307 -24.221 -0.21655 0.938294 0.269647 170.73 -0.965414 -0.24689 0.0837934 -45.8879 0 0 0 1 
Seq_Frame0043_DriverToReference-SequenceTransformStatus = OK
Seq_Frame0043_Timestamp = 12.726
Seq_Frame0044_DriverToReference-SequenceTransform =0.145196 -0.242175 0.959307 -24.221 -0.21655 0.938294 0.269647 170.73 -0.965414 -0.24689 0.0837934 -45.8879 0 0 0 1 
Seq_Frame0044_DriverToReference-SequenceTransformStatus = OK
Seq_Frame0044_Timestamp = 12.833
Seq_Frame0045_DriverToReference-SequenceTransform =0.145196 -0.242175 0.959307 -24.221 -0.21655 0.938294 0.269647 170.73 -0.965414 -0.24689 0.0837934 -45.8879 0 0 0 1 
Seq_Frame0045_DriverToReference-SequenceTransformStatus = OK
Seq_Frame0045_Timestamp = 12.941
Seq_Frame0046_DriverToReference-SequenceTransform =0.145196 -0.242175 0.959307 -24.221 -0.21655 0.938294 0.269647 170.73 -0.965414 -0.24689 0.0837934 -45.8879 0 0 0 1 
Seq_Frame0046_DriverToReference-SequenceTransformStatus = OK
Seq_Frame0046_Timestamp = 13.042
Seq_Frame0047_DriverToReference-SequenceTransform =0.145196 -0.242175 0.959307 -24.221 -0.21655 0.938294 0.269647 170.73 -0.965414 -0.24689 0.0837934 -45.8879 0 0 0 1 
Seq_Frame0047_DriverToReference-SequenceTransformStatus = OK
Seq_Frame0047_Timestamp = 13.151
Seq_Frame0048_DriverToReference-SequenceTransform =0.145196 -0.242175 0.959307 -24.221 -0.21655 0.938294 0.269647 170.73 -0.965414 -0.24689 0.0837934 -45.8879 0 0 0 1 
Seq_Frame0048_DriverToReference-SequenceTransformStatus = OK
Seq_Frame0048_Timestamp = 13.252
Seq_Frame0049_DriverToReference-SequenceTransform =0.145196 -0.242175 0.959307 -24.221 -0.21655 0.938294 0.269647 170.73 -0.965414 -0.24689 0.0837934 -45.8879 0 0 0 1 
Seq_Frame0049_DriverToReference-SequenceTransformStatus = OK
Seq_Frame0049_Timestamp = 13.356
Seq_Frame0050_DriverToReference-SequenceTransform =-0.809014 -0.560415 0.177287 -133.059 -0.170895 0.512848 0.841298 104.158 -0.562397 0.650324 -0.510674 52.5456 0 0 0 1 
Seq_Frame0050_DriverToReference-SequenceTransformStatus = OK
Seq_Frame0050_Timestamp = 13.466
Seq_Frame0051_DriverToReference-SequenceTransform =-0.738763 -0.58212 0.339656 -130.094 -0.148165 0.631915 0.760743 99.9713 -0.657478 0.511684 -0.553085 58.8788 0 0 0 1 
Seq_Frame0051_DriverToReference-SequenceTransformStatus = OK
Seq_Frame0051_Timestamp = 13.567
Seq_Frame0052_DriverToReference-SequenceTransform =-0.656149 -0.565167 0.500055 -121.416 -0.117545 0.731105 0.672063 99.768 -0.745421 0.382194 -0.546146 58.776 0 0 0 1 
Seq_Frame0052_DriverToReference-SequenceTransformStatus = OK
Seq_Frame0052_Timestamp = 13.667
Seq_Frame0053_DriverToReference-SequenceTransform =-0.550373 -0.501013 0.667888 -120.611 -0.0969168 0.832874 0.544912 94.4634 -0.829275 0.235175 -0.506948 62.9572 0 0 0 1 
Seq_Frame0053_DriverToReference-SequenceTransformStatus = OK
Seq_Frame0053_Timestamp = 13.773
Seq_Frame0054_DriverToReference-SequenceTransform =-0.519481 -0.454616 0.723507 -111.747 -0.082444 0.869437 0.487116 93.0625 -0.850495 0.193399 -0.489137 58.3793 0 0 0 1 
Seq_Frame0054_DriverToReference-SequenceTransformStatus = OK
Seq_Frame0054_Timestamp = 13.877
Seq_Frame0055_DriverToReference-SequenceTransform =-0.510817 -0.407673 0.756881 -108.412 -0.0776899 0.8987 0.431627 91.3169 -0.856172 0.161681 -0.490744 55.0941 0 0 0 1 
Seq_Frame0055_DriverToReference-SequenceTransformStatus = OK
Seq_Frame0055_Timestamp = 13.978
Seq_Frame0056_DriverToReference-SequenceTransform =-0.495083 -0.385414 0.778684 -109.113 -0.0614864 0.909523 0.411081 90.0175 -0.866667 0.15564 -0.473987 56.1767 0 0 0 1 
Seq_Frame0056_DriverToReference-SequenceTransformStatus = OK
Seq_Frame0056_Timestamp = 14.091
Seq_Frame0057_DriverToReference-SequenceTransform =-0.495083 -0.385414 0.778684 -109.113 -0.0614864 0.909523 0.411081 90.0175 -0.866667 0.15564 -0.473987 56.1767 0 0 0 1 
Seq_Frame0057_DriverToReference-SequenceTransformStatus = OK
Seq_Frame0057_Timestamp = 14.192
Seq_Frame0058_DriverToReference-SequenceTransform =-0.495083 -0.385414 0.778684 -109.113 -0.0614864 0.909523 0.411081 90.0175 -0.866667 0.15564 -0.473987 56.1767 0 0 0 1 
Seq_Frame0058_DriverToReference-SequenceTransformStatus = OK
Seq_Frame0058_Timestamp = 14.292
Seq_Frame0059_DriverToReference-SequenceTransform =-0.495083 -0.385414 0.778684 -109.113 -0.0614864 0.909523 0.411081 90.0175 -0.866667 0.15564 -0.473987 56.1767 0 0 0 1 
Seq_Frame0059_DriverToReference-SequenceTransformStatus = OK
Seq_Frame0059_Timestamp = 14.396
Seq_Frame0060_DriverToReference-SequenceTransform =-0.495083 -0.385414 0.778684 -109.113 -0.0614864 0.909523 0.411081 90.0175 -0.866667 0.15564 -0.473987 56.1767 0 0 0 1 
Seq_Frame0060_DriverToReference-SequenceTransformStatus = OK
Seq_Frame0060_Timestamp = 14.501
Seq_Frame0061_DriverToReference-SequenceTransform =-0.495083 -0.385414 0.778684 -109.113 -0.0614864 0.909523 0.411081 90.0175 -0.866667 0.15564 -0.473987 56.1767 0 0 0 1 
Seq_Frame0061_DriverToReference-SequenceTransformStatus = OK
Seq_Frame0061_Timestamp = 14.607
Seq_Frame0062_DriverToReference-SequenceTransform =-0.625198 -0.324563 0.709779 -100.853 -0.16773 0.944055 0.283948 84.3088 -0.762229 0.0584725 -0.644661 53.2502 0 0 0 1 
Seq_Frame0062_DriverToReference-SequenceTransformStatus = OK
Seq_Frame0062_Timestamp = 14.716
Seq_Frame0063_DriverToReference-SequenceTransform =-0.560287 -0.322524 0.762926 -100.243 -0.145851 0.9451 0.292426 87.8856 -0.815356 0.052569 -0.576568 47.9974 0 0 0 1 
Seq_Frame0063_DriverToReference-SequenceTransformStatus = OK
Seq_Frame0063_Timestamp = 14.827
Seq_Frame0064_DriverToReference-SequenceTransform =-0.598126 -0.329394 0.730579 -99.2313 -0.128095 0.9392 0.318583 91.6636 -0.791099 0.0969693 -0.603953 46.28 0 0 0 1 
Seq_Frame0064_DriverToReference-SequenceTransformStatus = OK
Seq_Frame0064_Timestamp = 14.941
Seq_Frame0065_DriverToReference-SequenceTransform =-0.620471 -0.326432 0.713063 -94.7975 -0.129527 0.939422 0.317348 92.5789 -0.773459 0.104544 -0.625165 45.7743 0 0 0 1 
Seq_Frame0065_DriverToReference-SequenceTransformStatus = OK
Seq_Frame0065_Timestamp = 15.042
Seq_Frame0066_DriverToReference-SequenceTransform =-0.659884 -0.362463 0.658159 -90.6232 -0.141977 0.92032 0.364492 89.1849 -0.737832 0.147078 -0.658766 43.0075 0 0 0 1 
Seq_Frame0066_DriverToReference-SequenceTransformStatus = OK
Seq_Frame0066_Timestamp = 15.147
Seq_Frame0067_DriverToReference-SequenceTransform =-0.627898 -0.323032 0.708092 -88.2245 -0.141702 0.94204 0.304106 87.7299 -0.765288 0.0906098 -0.637279 44.1795 0 0 0 1 
Seq_Frame0067_DriverToReference-SequenceTransformStatus = OK
Seq_Frame0067_Timestamp = 15.252
Seq_Frame0068_DriverToReference-SequenceTransform =-0.624954 -0.312324 0.715463 -86.5957 -0.154388 0.947828 0.278902 88.09 -0.765243 0.0638422 -0.640568 44.5205 0 0 0 1 
Seq_Frame0068_DriverToReference-SequenceTransformStatus = OK
Seq_Frame0068_Timestamp = 15.353
Seq_Frame0069_DriverToReference-SequenceTransform =-0.605825 -0.28887 0.741303 -89.9213 -0.166857 0.957166 0.236624 86.6311 -0.777904 0.0196616 -0.628076 43.1626 0 0 0 1 
Seq_Frame0069_DriverToReference-SequenceTransformStatus = OK
Seq_Frame0069_Timestamp = 15.453
Seq_Frame0070_DriverToReference-SequenceTransform =-0.600297 -0.300401 0.741217 -90.4524 -0.164532 0.953341 0.25312 84.9692 -0.78267 0.0299933 -0.621713 43.8503 0 0 0 1 
Seq_Frame0070_DriverToReference-SequenceTransformStatus = OK
Seq_Frame0070_Timestamp = 15.554
Seq_Frame0071_DriverToReference-SequenceTransform =-0.644892 -0.321848 0.693201 -91.5037 -0.158233 0.943581 0.290891 84.3753 -0.747714 0.0779063 -0.659435 41.1706 0 0 0 1 
Seq_Frame0071_DriverToReference-SequenceTransformStatus = OK
Seq_Frame0071_Timestamp = 15.662
Seq_Frame0072_DriverToReference-SequenceTransform =-0.635504 -0.304537 0.709501 -93.8683 -0.221158 0.952221 0.210626 84.4562 -0.739745 -0.023058 -0.672492 37.7043 0 0 0 1 
Seq_Frame0072_DriverToReference-SequenceTransformStatus = OK
Seq_Frame0072_Timestamp = 15.767
Seq_Frame0073_DriverToReference-SequenceTransform =-0.60661 -0.299788 0.736309 -95.7314 -0.283933 0.946789 0.151566 84.5656 -0.742567 -0.117121 -0.659451 34.9506 0 0 0 1 
Seq_Frame0073_DriverToReference-SequenceTransformStatus = OK
Seq_Frame0073_Timestamp = 15.871
Seq_Frame0074_DriverToReference-SequenceTransform =-0.601137 -0.323802 0.730607 -96.1203 -0.321428 0.934992 0.149915 85.2214 -0.731654 -0.144718 -0.666137 34.8037 0 0 0 1 
Seq_Frame0074_DriverToReference-SequenceTransformStatus = OK
Seq_Frame0074_Timestamp = 15.974
Seq_Frame0075_DriverToReference-SequenceTransform =-0.61287 -0.335276 0.715527 -96.6355 -0.349596 0.927125 0.134986 85.7432 -0.708641 -0.167417 -0.685419 35.5234 0 0 0 1 
Seq_Frame0075_DriverToReference-SequenceTransformStatus = OK
Seq_Frame0075_Timestamp = 16.076
Seq_Frame0076_DriverToReference-SequenceTransform =-0.59697 -0.359213 0.717351 -96.8225 -0.355824 0.919952 0.164553 85.0679 -0.719038 -0.157017 -0.677001 34.3514 0 0 0 1 
Seq_Frame0076_DriverToReference-SequenceTransformStatus = OK
Seq_Frame0076_Timestamp = 16.177
Seq_Frame0077_DriverToReference-SequenceTransform =-0.566247 -0.381762 0.730495 -96.4754 -0.340759 0.915411 0.214258 84.4881 -0.750498 -0.1276 -0.648437 26.5632 0 0 0 1 
Seq_Frame0077_DriverToReference-SequenceTransformStatus = OK
Seq_Frame0077_Timestamp = 16.278
Seq_Frame0078_DriverToReference-SequenceTransform =-0.625874 -0.423837 0.65471 -96.6088 -0.360437 0.901615 0.239113 89.3007 -0.691641 -0.0863267 -0.717063 29.2015 0 0 0 1 
Seq_Frame0078_DriverToReference-SequenceTransformStatus = OK
Seq_Frame0078_Timestamp = 16.382
Seq_Frame0079_DriverToReference-SequenceTransform =-0.581146 -0.551305 0.598608 -92.933 -0.278441 0.82588 0.490299 95.1094 -0.764683 0.118258 -0.633462 27.7019 0 0 0 1 
Seq_Frame0079_DriverToReference-SequenceTransformStatus = OK
Seq_Frame0079_Timestamp = 16.496
Seq_Frame0080_DriverToReference-SequenceTransform =-0.620144 -0.477824 0.622179 -100.888 -0.173798 0.857075 0.484991 92.7683 -0.764994 0.192631 -0.614554 25.0427 0 0 0 1 
Seq_Frame0080_DriverToReference-SequenceTransformStatus = OK
Seq_Frame0080_Timestamp = 16.6
Seq_Frame0081_DriverToReference-SequenceTransform =-0.630436 -0.409934 0.659169 -101.63 -0.11866 0.890095 0.440059 92.9683 -0.767118 0.199212 -0.609791 30.1101 0 0 0 1 
Seq_Frame0081_DriverToReference-SequenceTransformStatus = OK
Seq_Frame0081_Timestamp = 16.7
Seq_Frame0082_DriverToReference-SequenceTransform =-0.611513 -0.374719 0.696877 -101.747 -0.131702 0.916665 0.377332 90.4963 -0.780197 0.138963 -0.609904 38.0233 0 0 0 1 
Seq_Frame0082_DriverToReference-SequenceTransformStatus = OK
Seq_Frame0082_Timestamp = 16.812
Seq_Frame0083_DriverToReference-SequenceTransform =-0.610265 -0.382154 0.693928 -96.2287 -0.162139 0.917662 0.362776 89.2115 -0.775428 0.108877 -0.621979 38.0329 0 0 0 1 
Seq_Frame0083_DriverToReference-SequenceTransformStatus = OK
Seq_Frame0083_Timestamp = 16.918
Seq_Frame0084_DriverToReference-SequenceTransform =-0.666928 -0.359705 0.652548 -92.2718 -0.147154 0.922095 0.357891 87.6907 -0.730447 0.142663 -0.667903 37.8634 0 0 0 1 
Seq_Frame0084_DriverToReference-SequenceTransformStatus = OK
Seq_Frame0084_Timestamp = 17.024
Seq_Frame0085_DriverToReference-SequenceTransform =-0.648627 -0.344022 0.67892 -92.1381 -0.146261 0.931732 0.332391 85.4453 -0.746921 0.116298 -0.654663 36.4042 0 0 0 1 
Seq_Frame0085_DriverToReference-SequenceTransformStatus = OK
Seq_Frame0085_Timestamp = 17.401
Seq_Frame0086_DriverToReference-SequenceTransform =-0.648627 -0.344022 0.67892 -92.1381 -0.146261 0.931732 0.332391 85.4453 -0.746921 0.116298 -0.654663 36.4042 0 0 0 1 
Seq_Frame0086_DriverToReference-SequenceTransformStatus = OK
Seq_Frame0086_Timestamp = 17.507
Seq_Frame0087_DriverToReference-SequenceTransform =-0.648627 -0.344022 0.67892 -92.1381 -0.146261 0.931732 0.332391 85.4453 -0.746921 0.116298 -0.654663 36.4042 0 0 0 1 
Seq_Frame0087_DriverToReference-SequenceTransformStatus = OK
Seq_Frame0087_Timestamp = 18.668
Seq_Frame0088_DriverToReference-SequenceTransform =-0.648627 -0.344022 0.67892 -92.1381 -0.146261 0.931732 0.332391 85.4453 -0.746921 0.116298 -0.654663 36.4042 0 0 0 1 
Seq_Frame0088_DriverToReference-SequenceTransformStatus = OK
Seq_Frame0088_Timestamp = 18.776
Seq_Frame0089_DriverToReference-SequenceTransform =-0.612664 -0.352607 0.707327 -101.902 -0.300012 0.931733 0.204614 84.6059 -0.731188 -0.086847 -0.676626 25.8084 0 0 0 1 
Seq_Frame0089_DriverToReference-SequenceTransformStatus = OK
Seq_Frame0089_Timestamp = 18.877
Seq_Frame0090_DriverToReference-SequenceTransform =-0.576759 -0.41477 0.703787 -98.7166 -0.30327 0.908664 0.28698 90.266 -0.758536 -0.0479188 -0.649867 23.6127 0 0 0 1 
Seq_Frame0090_DriverToReference-SequenceTransformStatus = OK
Seq_Frame0090_Timestamp = 18.982
Seq_Frame0091_DriverToReference-SequenceTransform =-0.539753 -0.498274 0.67852 -84.3745 -0.225897 0.862181 0.453448 99.9316 -0.810948 0.0914741 -0.577923 31.3844 0 0 0 1 
Seq_Frame0091_DriverToReference-SequenceTransformStatus = OK
Seq_Frame0091_Timestamp = 19.083
Seq_Frame0092_DriverToReference-SequenceTransform =-0.477625 -0.585333 0.655179 -70.1718 -0.290666 0.809021 0.51088 122.646 -0.829089 0.0535706 -0.556545 25.3619 0 0 0 1 
Seq_Frame0092_DriverToReference-SequenceTransformStatus = OK
Seq_Frame0092_Timestamp = 19.183
Seq_Frame0093_DriverToReference-SequenceTransform =-0.477907 -0.64159 0.599973 -64.8239 -0.295418 0.760629 0.578075 139.745 -0.827244 0.099023 -0.553047 33.7178 0 0 0 1 
Seq_Frame0093_DriverToReference-SequenceTransformStatus = OK
Seq_Frame0093_Timestamp = 19.287
Seq_Frame0094_DriverToReference-SequenceTransform =-0.539753 -0.713736 0.446371 -63.0139 -0.342373 0.670528 0.658159 159.159 -0.769056 0.202418 -0.606284 31.7539 0 0 0 1 
Seq_Frame0094_DriverToReference-SequenceTransformStatus = OK
Seq_Frame0094_Timestamp = 19.391
Seq_Frame0095_DriverToReference-SequenceTransform =-0.627336 -0.71017 0.319544 -71.8235 -0.387342 0.640524 0.663095 166.828 -0.675586 0.29221 -0.676902 17.1223 0 0 0 1 
Seq_Frame0095_DriverToReference-SequenceTransformStatus = OK
Seq_Frame0095_Timestamp = 19.492
Seq_Frame0096_DriverToReference-SequenceTransform =-0.677443 -0.692217 0.24881 -85.2329 -0.417727 0.640454 0.644456 169.414 -0.605454 0.332648 -0.723029 10.7646 0 0 0 1 
Seq_Frame0096_DriverToReference-SequenceTransformStatus = OK
Seq_Frame0096_Timestamp = 19.601
Seq_Frame0097_DriverToReference-SequenceTransform =-0.669074 -0.706346 0.231119 -95.1888 -0.44259 0.628514 0.639597 168.603 -0.597038 0.325646 -0.733144 13.7038 0 0 0 1 
Seq_Frame0097_DriverToReference-SequenceTransformStatus = OK
Seq_Frame0097_Timestamp = 19.712
Seq_Frame0098_DriverToReference-SequenceTransform =-0.657273 -0.726795 0.199402 -99.7948 -0.463745 0.598588 0.653172 165.87 -0.594081 0.336841 -0.730483 17.389 0 0 0 1 
Seq_Frame0098_DriverToReference-SequenceTransformStatus = OK
Seq_Frame0098_Timestamp = 19.812
Seq_Frame0099_DriverToReference-SequenceTransform =-0.648785 -0.739049 0.181342 -101.197 -0.485346 0.585414 0.649407 162.963 -0.586104 0.333312 -0.738502 19.1667 0 0 0 1 
Seq_Frame0099_DriverToReference-SequenceTransformStatus = OK
Seq_Frame0099_Timestamp = 19.916
Seq_Frame0100_DriverToReference-SequenceTransform =-0.636722 -0.749737 0.180221 -102.862 -0.501067 0.579942 0.642339 161.69 -0.586103 0.318688 -0.74493 20.7055 0 0 0 1 
Seq_Frame0100_DriverToReference-SequenceTransformStatus = OK
Seq_Frame0100_Timestamp = 20.017
Seq_Frame0101_DriverToReference-SequenceTransform =-0.648657 -0.747613 0.142545 -105.532 -0.52586 0.575648 0.62618 163.729 -0.550196 0.331217 -0.766538 22.1886 0 0 0 1 
Seq_Frame0101_DriverToReference-SequenceTransformStatus = OK
Seq_Frame0101_Timestamp = 20.124
Seq_Frame0102_DriverToReference-SequenceTransform =-0.642313 -0.753025 0.142784 -108.296 -0.531211 0.571676 0.625301 166.284 -0.552493 0.325791 -0.76721 23.005 0 0 0 1 
Seq_Frame0102_DriverToReference-SequenceTransformStatus = OK
Seq_Frame0102_Timestamp = 20.226
Seq_Frame0103_DriverToReference-SequenceTransform =-0.622419 -0.76713 0.155259 -108.253 -0.565816 0.578075 0.587947 173.481 -0.540783 0.278101 -0.79386 28.1292 0 0 0 1 
Seq_Frame0103_DriverToReference-SequenceTransformStatus = OK
Seq_Frame0103_Timestamp = 20.327
Seq_Frame0104_DriverToReference-SequenceTransform =-0.580995 -0.800212 0.148681 -103.368 -0.597328 0.543301 0.589935 187.335 -0.552851 0.253938 -0.793644 33.4863 0 0 0 1 
Seq_Frame0104_DriverToReference-SequenceTransformStatus = OK
Seq_Frame0104_Timestamp = 20.427
Seq_Frame0105_DriverToReference-SequenceTransform =-0.568847 -0.815869 0.103782 -94.0335 -0.653485 0.524991 0.545291 207.006 -0.49937 0.242367 -0.831798 40.4695 0 0 0 1 
Seq_Frame0105_DriverToReference-SequenceTransformStatus = OK
Seq_Frame0105_Timestamp = 20.531
Seq_Frame0106_DriverToReference-SequenceTransform =-0.553926 -0.811421 0.186444 -80.5001 -0.655377 0.563073 0.503418 223.462 -0.513466 0.156666 -0.843688 46.9516 0 0 0 1 
Seq_Frame0106_DriverToReference-SequenceTransformStatus = OK
Seq_Frame0106_Timestamp = 20.632
Seq_Frame0107_DriverToReference-SequenceTransform =-0.556693 -0.765295 0.323136 -63.7562 -0.670324 0.643587 0.369408 234.04 -0.490671 -0.0109586 -0.871276 52.4972 0 0 0 1 
Seq_Frame0107_DriverToReference-SequenceTransformStatus = OK
Seq_Frame0107_Timestamp = 20.733
Seq_Frame0108_DriverToReference-SequenceTransform =-0.611288 -0.657921 0.439849 -41.8073 -0.679823 0.721072 0.133776 232.172 -0.405178 -0.217244 -0.888052 62.2891 0 0 0 1 
Seq_Frame0108_DriverToReference-SequenceTransformStatus = OK
Seq_Frame0108_Timestamp = 20.837
Seq_Frame0109_DriverToReference-SequenceTransform =-0.633526 -0.627953 0.452018 -34.9498 -0.678085 0.731969 0.0664972 231.392 -0.37262 -0.264379 -0.889527 64.3271 0 0 0 1 
Seq_Frame0109_DriverToReference-SequenceTransformStatus = OK
Seq_Frame0109_Timestamp = 20.942
Seq_Frame0110_DriverToReference-SequenceTransform =-0.633526 -0.627953 0.452018 -34.9498 -0.678085 0.731969 0.0664972 231.392 -0.37262 -0.264379 -0.889527 64.3271 0 0 0 1 
Seq_Frame0110_DriverToReference-SequenceTransformStatus = OK
Seq_Frame0110_Timestamp = 21.042
Seq_Frame0111_DriverToReference-SequenceTransform =-0.633526 -0.627953 0.452018 -34.9498 -0.678085 0.731969 0.0664972 231.392 -0.37262 -0.264379 -0.889527 64.3271 0 0 0 1 
Seq_Frame0111_DriverToReference-SequenceTransformStatus = OK
Seq_Frame0111_Timestamp = 21.143
Seq_Frame0112_DriverToReference-SequenceTransform =-0.633526 -0.627953 0.452018 -34.9498 -0.678085 0.731969 0.0664972 231.392 -0.37262 -0.264379 -0.889527 64.3271 0 0 0 1 
Seq_Frame0112_DriverToReference-SequenceTransformStatus = OK
Seq_Frame0112_Timestamp = 21.249
Seq_Frame0113_DriverToReference-SequenceTransform =-0.633526 -0.627953 0.452018 -34.9498 -0.678085 0.731969 0.0664972 231.392 -0.37262 -0.264379 -0.889527 64.3271 0 0 0 1 
Seq_Frame0113_DriverToReference-SequenceTransformStatus = OK
Seq_Frame0113_Timestamp = 21.352
Seq_Frame0114_DriverToReference-SequenceTransform =-0.633526 -0.627953 0.452018 -34.9498 -0.678085 0.731969 0.0664972 231.392 -0.37262 -0.264379 -0.889527 64.3271 0 0 0 1 
Seq_Frame0114_DriverToReference-SequenceTransformStatus = OK
Seq_Frame0114_Timestamp = 21.458
Seq_Frame0115_DriverToReference-SequenceTransform =-0.633526 -0.627953 0.452018 -34.9498 -0.678085 0.731969 0.0664972 231.392 -0.37262 -0.264379 -0.889527 64.3271 0 0 0 1 
Seq_Frame0115_DriverToReference-SequenceTransformStatus = OK
Seq_Frame0115_Timestamp = 21.561
Seq_Frame0116_DriverToReference-SequenceTransform =-0.633526 -0.627953 0.452018 -34.9498 -0.678085 0.731969 0.0664972 231.392 -0.37262 -0.264379 -0.889527 64.3271 0 0 0 1 
Seq_Frame0116_DriverToReference-SequenceTransformStatus = OK
Seq_Frame0116_Timestamp = 21.662
Seq_Frame0117_DriverToReference-SequenceTransform =-0.633526 -0.627953 0.452018 -34.9498 -0.678085 0.731969 0.0664972 231.392 -0.37262 -0.264379 -0.889527 64.3271 0 0 0 1 
Seq_Frame0117_DriverToReference-SequenceTransformStatus = OK
Seq_Frame0117_Timestamp = 21.762
Seq_Frame0118_DriverToReference-SequenceTransform =-0.633526 -0.627953 0.452018 -34.9498 -0.678085 0.731969 0.0664972 231.392 -0.37262 -0.264379 -0.889527 64.3271 0 0 0 1 
Seq_Frame0118_DriverToReference-SequenceTransformStatus = OK
Seq_Frame0118_Timestamp = 21.867
Seq_Frame0119_DriverToReference-SequenceTransform =-0.633526 -0.627953 0.452018 -34.9498 -0.678085 0.731969 0.0664972 231.392 -0.37262 -0.264379 -0.889527 64.3271 0 0 0 1 
Seq_Frame0119_DriverToReference-SequenceTransformStatus = OK
Seq_Frame0119_Timestamp = 21.977
Seq_Frame0120_DriverToReference-SequenceTransform =-0.633526 -0.627953 0.452018 -34.9498 -0.678085 0.731969 0.0664972 231.392 -0.37262 -0.264379 -0.889527 64.3271 0 0 0 1 
Seq_Frame0120_DriverToReference-SequenceTransformStatus = OK
Seq_Frame0120_Timestamp = 22.078
Seq_Frame0121_DriverToReference-SequenceTransform =-0.633526 -0.627953 0.452018 -34.9498 -0.678085 0.731969 0.0664972 231.392 -0.37262 -0.264379 -0.889527 64.3271 0 0 0 1 
Seq_Frame0121_DriverToReference-SequenceTransformStatus = OK
Seq_Frame0121_Timestamp = 22.183
Seq_Frame0122_DriverToReference-SequenceTransform =-0.633526 -0.627953 0.452018 -34.9498 -0.678085 0.731969 0.0664972 231.392 -0.37262 -0.264379 -0.889527 64.3271 0 0 0 1 
Seq_Frame0122_DriverToReference-SequenceTransformStatus = OK
Seq_Frame0122_Timestamp = 22.291
Seq_Frame0123_DriverToReference-SequenceTransform =-0.633526 -0.627953 0.452018 -34.9498 -0.678085 0.731969 0.0664972 231.392 -0.37262 -0.264379 -0.889527 64.3271 0 0 0 1 
Seq_Frame0123_DriverToReference-SequenceTransformStatus = OK
Seq_Frame0123_Timestamp = 22.391
Seq_Frame0124_DriverToReference-SequenceTransform =-0.633526 -0.627953 0.452018 -34.9498 -0.678085 0.731969 0.0664972 231.392 -0.37262 -0.264379 -0.889527 64.3271 0 0 0 1 
Seq_Frame0124_DriverToReference-SequenceTransformStatus = OK
Seq_Frame0124_Timestamp = 22.492
Seq_Frame0125_DriverToReference-SequenceTransform =-0.633526 -0.627953 0.452018 -34.9498 -0.678085 0.731969 0.0664972 231.392 -0.37262 -0.264379 -0.889527 64.3271 0 0 0 1 
Seq_Frame0125_DriverToReference-SequenceTransformStatus = OK
Seq_Frame0125_Timestamp = 22.604
Seq_Frame0126_DriverToReference-SequenceTransform =-0.633526 -0.627953 0.452018 -34.9498 -0.678085 0.731969 0.0664972 231.392 -0.37262 -0.264379 -0.889527 64.3271 0 0 0 1 
Seq_Frame0126_DriverToReference-SequenceTransformStatus = OK
Seq_Frame0126_Timestamp = 22.706
Seq_Frame0127_DriverToReference-SequenceTransform =-0.633526 -0.627953 0.452018 -34.9498 -0.678085 0.731969 0.0664972 231.392 -0.37262 -0.264379 -0.889527 64.3271 0 0 0 1 
Seq_Frame0127_DriverToReference-SequenceTransformStatus = OK
Seq_Frame0127_Timestamp = 23.331
Seq_Frame0128_DriverToReference-SequenceTransform =-0.633526 -0.627953 0.452018 -34.9498 -0.678085 0.731969 0.0664972 231.392 -0.37262 -0.264379 -0.889527 64.3271 0 0 0 1 
Seq_Frame0128_DriverToReference-SequenceTransformStatus = OK
Seq_Frame0128_Timestamp = 23.432
Seq_Frame0129_DriverToReference-SequenceTransform =-0.633526 -0.627953 0.452018 -34.9498 -0.678085 0.731969 0.0664972 231.392 -0.37262 -0.264379 -0.889527 64.3271 0 0 0 1 
Seq_Frame0129_DriverToReference-SequenceTransformStatus = OK
Seq_Frame0129_Timestamp = 23.701
Seq_Frame0130_DriverToReference-SequenceTransform =-0.633526 -0.627953 0.452018 -34.9498 -0.678085 0.731969 0.0664972 231.392 -0.37262 -0.264379 -0.889527 64.3271 0 0 0 1 
Seq_Frame0130_DriverToReference-SequenceTransformStatus = OK
Seq_Frame0130_Timestamp = 23.808
Seq_Frame0131_DriverToReference-SequenceTransform =-0.633526 -0.627953 0.452018 -34.9498 -0.678085 0.731969 0.0664972 231.392 -0.37262 -0.264379 -0.889527 64.3271 0 0 0 1 
Seq_Frame0131_DriverToReference-SequenceTransformStatus = OK
Seq_Frame0131_Timestamp = 23.916
Seq_Frame0132_DriverToReference-SequenceTransform =-0.633526 -0.627953 0.452018 -34.9498 -0.678085 0.731969 0.0664972 231.392 -0.37262 -0.264379 -0.889527 64.3271 0 0 0 1 
Seq_Frame0132_DriverToReference-SequenceTransformStatus = OK
Seq_Frame0132_Timestamp = 24.017
Seq_Frame0133_DriverToReference-SequenceTransform =-0.633526 -0.627953 0.452018 -34.9498 -0.678085 0.731969 0.0664972 231.392 -0.37262 -0.264379 -0.889527 64.3271 0 0 0 1 
Seq_Frame0133_DriverToReference-SequenceTransformStatus = OK
Seq_Frame0133_Timestamp = 24.756
Seq_Frame0134_DriverToReference-SequenceTransform =-0.633526 -0.627953 0.452018 -34.9498 -0.678085 0.731969 0.0664972 231.392 -0.37262 -0.264379 -0.889527 64.3271 0 0 0 1 
Seq_Frame0134_DriverToReference-SequenceTransformStatus = OK
Seq_Frame0134_Timestamp = 24.862
Seq_Frame0135_DriverToReference-SequenceTransform =-0.633526 -0.627953 0.452018 -34.9498 -0.678085 0.731969 0.0664972 231.392 -0.37262 -0.264379 -0.889527 64.3271 0 0 0 1 
Seq_Frame0135_DriverToReference-SequenceTransformStatus = OK
Seq_Frame0135_Timestamp = 25.532
Seq_Frame0136_DriverToReference-SequenceTransform =-0.633526 -0.627953 0.452018 -34.9498 -0.678085 0.731969 0.0664972 231.392 -0.37262 -0.264379 -0.889527 64.3271 0 0 0 1 
Seq_Frame0136_DriverToReference-SequenceTransformStatus = OK
Seq_Frame0136_Timestamp = 25.633
Seq_Frame0137_DriverToReference-SequenceTransform =-0.633526 -0.627953 0.452018 -34.9498 -0.678085 0.731969 0.0664972 231.392 -0.37262 -0.264379 -0.889527 64.3271 0 0 0 1 
Seq_Frame0137_DriverToReference-SequenceTransformStatus = OK
Seq_Frame0137_Timestamp = 25.741
Seq_Frame0138_DriverToReference-SequenceTransform =-0.633526 -0.627953 0.452018 -34.9498 -0.678085 0.731969 0.0664972 231.392 -0.37262 -0.264379 -0.889527 64.3271 0 0 0 1 
Seq_Frame0138_DriverToReference-SequenceTransformStatus = OK
Seq_Frame0138_Timestamp = 25.946
Seq_Frame0139_DriverToReference-SequenceTransform =-0.633526 -0.627953 0.452018 -34.9498 -0.678085 0.731969 0.0664972 231.392 -0.37262 -0.264379 -0.889527 64.3271 0 0 0 1 
Seq_Frame0139_DriverToReference-SequenceTransformStatus = OK
Seq_Frame0139_Timestamp = 26.047
Seq_Frame0140_DriverToReference-SequenceTransform =-0.633526 -0.627953 0.452018 -34.9498 -0.678085 0.731969 0.0664972 231.392 -0.37262 -0.264379 -0.889527 64.3271 0 0 0 1 
Seq_Frame0140_DriverToReference-SequenceTransformStatus = OK
Seq_Frame0140_Timestamp = 26.152
Seq_Frame0141_DriverToReference-SequenceTransform =-0.633526 -0.627953 0.452018 -34.9498 -0.678085 0.731969 0.0664972 231.392 -0.37262 -0.264379 -0.889527 64.3271 0 0 0 1 
Seq_Frame0141_DriverToReference-SequenceTransformStatus = OK
Seq_Frame0141_Timestamp = 26.252
Seq_Frame0142_DriverToReference-SequenceTransform =-0.633526 -0.627953 0.452018 -34.9498 -0.678085 0.731969 0.0664972 231.392 -0.37262 -0.264379 -0.889527 64.3271 0 0 0 1 
Seq_Frame0142_DriverToReference-SequenceTransformStatus = OK
Seq_Frame0142_Timestamp = 26.353
Seq_Frame0143_DriverToReference-SequenceTransform =-0.633526 -0.627953 0.452018 -34.9498 -0.678085 0.731969 0.0664972 231.392 -0.37262 -0.264379 -0.889527 64.3271 0 0 0 1 
Seq_Frame0143_DriverToReference-SequenceTransformStatus = OK
Seq_Frame0143_Timestamp = 26.462
Seq_Frame0144_DriverToReference-SequenceTransform =-0.633526 -0.627953 0.452018 -34.9498 -0.678085 0.731969 0.0664972 231.392 -0.37262 -0.264379 -0.889527 64.3271 0 0 0 1 
Seq_Frame0144_DriverToReference-SequenceTransformStatus = OK
Seq_Frame0144_Timestamp = 26.566
Seq_Frame0145_DriverToReference-SequenceTransform =-0.633526 -0.627953 0.452018 -34.9498 -0.678085 0.731969 0.0664972 231.392 -0.37262 -0.264379 -0.889527 64.3271 0 0 0 1 
Seq_Frame0145_DriverToReference-SequenceTransformStatus = OK
Seq_Frame0145_Timestamp = 26.667
Seq_Frame0146_DriverToReference-SequenceTransform =-0.633526 -0.627953 0.452018 -34.9498 -0.678085 0.731969 0.0664972 231.392 -0.37262 -0.264379 -0.889527 64.3271 0 0 0 1 
Seq_Frame0146_DriverToReference-SequenceTransformStatus = OK
Seq_Frame0146_Timestamp = 26.771
Seq_Frame0147_DriverToReference-SequenceTransform =-0.633526 -0.627953 0.452018 -34.9498 -0.678085 0.731969 0.0664972 231.392 -0.37262 -0.264379 -0.889527 64.3271 0 0 0 1 
Seq_Frame0147_DriverToReference-SequenceTransformStatus = OK
Seq_Frame0147_Timestamp = 26.872
Seq_Frame0148_DriverToReference-SequenceTransform =-0.633526 -0.627953 0.452018 -34.9498 -0.678085 0.731969 0.0664972 231.392 -0.37262 -0.264379 -0.889527 64.3271 0 0 0 1 
Seq_Frame0148_DriverToReference-SequenceTransformStatus = OK
Seq_Frame0148_Timestamp = 26.976
Seq_Frame0149_DriverToReference-SequenceTransform =-0.633526 -0.627953 0.452018 -34.9498 -0.678085 0.731969 0.0664972 231.392 -0.37262 -0.264379 -0.889527 64.3271 0 0 0 1 
Seq_Frame0149_DriverToReference-SequenceTransformStatus = OK
Seq_Frame0149_Timestamp = 27.077
