ObjectType = Image
NDims = 3
AnatomicalOrientation = RAI
BinaryData = True
CompressedData = False
DimSize = 0 0 4198
ElementSpacing = 1 1 1
Offset = 0 0 0
TransformMatrix = 1 0 0 0 1 0 0 0 1
ElementType = MET_UCHAR
Kinds = domain domain list
Seq_Frame0000_ForcepToReference-SequenceTransform =0.562884 -0.404407 -0.720845 141.329 0.376707 -0.650759 0.659245 -2.66365 -0.7357 -0.642626 -0.213959 -2.80759 0 0 0 1 
Seq_Frame0000_ForcepToReference-SequenceTransformStatus = OK
Seq_Frame0000_Timestamp = 0.00200009
Seq_Frame0001_ForcepToReference-SequenceTransform =0.567924 -0.403351 -0.717475 141.321 0.375698 -0.648552 0.66199 -2.90158 -0.732334 -0.645514 -0.21679 -2.66813 0 0 0 1 
Seq_Frame0001_ForcepToReference-SequenceTransformStatus = OK
Seq_Frame0001_Timestamp = 0.116
Seq_Frame0002_ForcepToReference-SequenceTransform =0.564335 -0.4046 -0.719601 141.309 0.376815 -0.649324 0.660597 -2.89967 -0.734532 -0.643954 -0.213976 -2.72435 0 0 0 1 
Seq_Frame0002_ForcepToReference-SequenceTransformStatus = OK
Seq_Frame0002_Timestamp = 0.222
Seq_Frame0003_ForcepToReference-SequenceTransform =0.563155 -0.404909 -0.720351 141.326 0.377978 -0.64897 0.660281 -2.87498 -0.73484 -0.644117 -0.212424 -2.83947 0 0 0 1 
Seq_Frame0003_ForcepToReference-SequenceTransformStatus = OK
Seq_Frame0003_Timestamp = 0.326
Seq_Frame0004_ForcepToReference-SequenceTransform =0.565529 -0.40423 -0.718871 141.33 0.376202 -0.64924 0.661029 -2.84135 -0.733928 -0.644272 -0.215092 -2.74023 0 0 0 1 
Seq_Frame0004_ForcepToReference-SequenceTransformStatus = OK
Seq_Frame0004_Timestamp = 0.429
Seq_Frame0005_ForcepToReference-SequenceTransform =0.569018 -0.403248 -0.716666 141.319 0.376275 -0.647246 0.662941 -3.01325 -0.731188 -0.646888 -0.216562 -2.57455 0 0 0 1 
Seq_Frame0005_ForcepToReference-SequenceTransformStatus = OK
Seq_Frame0005_Timestamp = 0.533
Seq_Frame0006_ForcepToReference-SequenceTransform =0.572388 -0.4038 -0.713665 141.306 0.378032 -0.642381 0.666663 -3.45536 -0.727643 -0.651377 -0.215042 -2.44854 0 0 0 1 
Seq_Frame0006_ForcepToReference-SequenceTransformStatus = OK
Seq_Frame0006_Timestamp = 0.634
Seq_Frame0007_ForcepToReference-SequenceTransform =0.573198 -0.403873 -0.712973 141.306 0.378733 -0.641003 0.667589 -3.54595 -0.72664 -0.652688 -0.214462 -2.36219 0 0 0 1 
Seq_Frame0007_ForcepToReference-SequenceTransformStatus = OK
Seq_Frame0007_Timestamp = 0.741
Seq_Frame0008_ForcepToReference-SequenceTransform =0.566409 -0.404329 -0.718122 141.319 0.377793 -0.647034 0.662283 -2.98908 -0.73243 -0.646424 -0.213734 -2.65678 0 0 0 1 
Seq_Frame0008_ForcepToReference-SequenceTransformStatus = OK
Seq_Frame0008_Timestamp = 0.851
Seq_Frame0009_ForcepToReference-SequenceTransform =0.564958 -0.404396 -0.719226 141.357 0.379621 -0.646538 0.661722 -2.94372 -0.732605 -0.646879 -0.21175 -2.63384 0 0 0 1 
Seq_Frame0009_ForcepToReference-SequenceTransformStatus = OK
Seq_Frame0009_Timestamp = 0.952
Seq_Frame0010_ForcepToReference-SequenceTransform =0.56271 -0.40543 -0.720406 141.304 0.380325 -0.646789 0.661073 -2.97265 -0.733969 -0.64598 -0.209759 -2.72876 0 0 0 1 
Seq_Frame0010_ForcepToReference-SequenceTransformStatus = OK
Seq_Frame0010_Timestamp = 1.052
Seq_Frame0011_ForcepToReference-SequenceTransform =0.570245 -0.403682 -0.715445 141.324 0.380204 -0.642334 0.665471 -3.25349 -0.728194 -0.651496 -0.212806 -2.40272 0 0 0 1 
Seq_Frame0011_ForcepToReference-SequenceTransformStatus = OK
Seq_Frame0011_Timestamp = 1.157
Seq_Frame0012_ForcepToReference-SequenceTransform =0.56407 -0.404534 -0.719846 141.463 0.34114 -0.679726 0.649304 -1.19721 -0.751963 -0.611822 -0.24541 -4.2596 0 0 0 1 
Seq_Frame0012_ForcepToReference-SequenceTransformStatus = OK
Seq_Frame0012_Timestamp = 1.262
Seq_Frame0013_ForcepToReference-SequenceTransform =0.557002 -0.408051 -0.723356 141.647 0.342171 -0.680868 0.647563 -1.14931 -0.756748 -0.608205 -0.239622 -4.64594 0 0 0 1 
Seq_Frame0013_ForcepToReference-SequenceTransformStatus = OK
Seq_Frame0013_Timestamp = 2.302
Seq_Frame0014_ForcepToReference-SequenceTransform =0.557797 -0.413965 -0.719372 141.921 0.361213 -0.65927 0.659461 -2.63638 -0.747254 -0.627692 -0.218209 -4.17908 0 0 0 1 
Seq_Frame0014_ForcepToReference-SequenceTransformStatus = OK
Seq_Frame0014_Timestamp = 2.408
Seq_Frame0015_ForcepToReference-SequenceTransform =0.553265 -0.421224 -0.718657 142.621 0.358569 -0.658283 0.661885 -3.22742 -0.751882 -0.623886 -0.213167 -5.31617 0 0 0 1 
Seq_Frame0015_ForcepToReference-SequenceTransformStatus = OK
Seq_Frame0015_Timestamp = 2.512
Seq_Frame0016_ForcepToReference-SequenceTransform =0.568143 -0.404621 -0.716586 141.361 0.376425 -0.646557 0.663527 -3.11015 -0.731791 -0.646719 -0.215028 -2.61015 0 0 0 1 
Seq_Frame0016_ForcepToReference-SequenceTransformStatus = OK
Seq_Frame0016_Timestamp = 5.266
Seq_Frame0017_ForcepToReference-SequenceTransform =0.567366 -0.404082 -0.717505 141.333 0.378067 -0.646239 0.662903 -3.09458 -0.731547 -0.647373 -0.213884 -2.52686 0 0 0 1 
Seq_Frame0017_ForcepToReference-SequenceTransformStatus = OK
Seq_Frame0017_Timestamp = 5.367
Seq_Frame0018_ForcepToReference-SequenceTransform =0.56614 -0.404451 -0.718265 141.326 0.379155 -0.645938 0.662575 -3.10989 -0.731934 -0.647444 -0.212342 -2.48558 0 0 0 1 
Seq_Frame0018_ForcepToReference-SequenceTransformStatus = OK
Seq_Frame0018_Timestamp = 5.471
Seq_Frame0019_ForcepToReference-SequenceTransform =0.570055 -0.403511 -0.715692 141.336 0.375927 -0.646459 0.663906 -3.13664 -0.730559 -0.647511 -0.216826 -2.50638 0 0 0 1 
Seq_Frame0019_ForcepToReference-SequenceTransformStatus = OK
Seq_Frame0019_Timestamp = 5.572
Seq_Frame0020_ForcepToReference-SequenceTransform =0.566381 -0.404392 -0.718108 141.324 0.37803 -0.646789 0.662387 -3.04581 -0.732329 -0.64663 -0.213457 -2.59256 0 0 0 1 
Seq_Frame0020_ForcepToReference-SequenceTransformStatus = OK
Seq_Frame0020_Timestamp = 5.674
Seq_Frame0021_ForcepToReference-SequenceTransform =0.56559 -0.404448 -0.7187 141.326 0.378054 -0.64736 0.661816 -3.03143 -0.732928 -0.646024 -0.213237 -2.54854 0 0 0 1 
Seq_Frame0021_ForcepToReference-SequenceTransformStatus = OK
Seq_Frame0021_Timestamp = 5.775
Seq_Frame0022_ForcepToReference-SequenceTransform =0.569099 -0.403483 -0.716469 141.34 0.377306 -0.646048 0.663523 -3.07938 -0.730593 -0.647938 -0.215429 -2.49902 0 0 0 1 
Seq_Frame0022_ForcepToReference-SequenceTransformStatus = OK
Seq_Frame0022_Timestamp = 5.876
Seq_Frame0023_ForcepToReference-SequenceTransform =0.568423 -0.403916 -0.716762 141.343 0.3776 -0.645941 0.66346 -3.09411 -0.730967 -0.647775 -0.214649 -2.49737 0 0 0 1 
Seq_Frame0023_ForcepToReference-SequenceTransformStatus = OK
Seq_Frame0023_Timestamp = 5.977
Seq_Frame0024_ForcepToReference-SequenceTransform =0.568085 -0.403737 -0.71713 141.341 0.376103 -0.647706 0.662588 -3.02592 -0.732001 -0.646121 -0.216105 -2.49814 0 0 0 1 
Seq_Frame0024_ForcepToReference-SequenceTransformStatus = OK
Seq_Frame0024_Timestamp = 6.086
Seq_Frame0025_ForcepToReference-SequenceTransform =0.569907 -0.403398 -0.715874 141.327 0.377399 -0.645379 0.664121 -3.14525 -0.729915 -0.648658 -0.215564 -2.46217 0 0 0 1 
Seq_Frame0025_ForcepToReference-SequenceTransformStatus = OK
Seq_Frame0025_Timestamp = 6.191
Seq_Frame0026_ForcepToReference-SequenceTransform =0.568891 -0.403617 -0.716559 141.335 0.377564 -0.645865 0.663553 -3.10355 -0.730622 -0.648037 -0.215036 -2.46589 0 0 0 1 
Seq_Frame0026_ForcepToReference-SequenceTransformStatus = OK
Seq_Frame0026_Timestamp = 6.292
Seq_Frame0027_ForcepToReference-SequenceTransform =0.568857 -0.403571 -0.716611 141.331 0.3766 -0.646789 0.663201 -3.06429 -0.731146 -0.647143 -0.215946 -2.50594 0 0 0 1 
Seq_Frame0027_ForcepToReference-SequenceTransformStatus = OK
Seq_Frame0027_Timestamp = 6.402
Seq_Frame0028_ForcepToReference-SequenceTransform =0.569477 -0.403622 -0.71609 141.34 0.37733 -0.645587 0.663958 -3.09373 -0.730286 -0.648311 -0.215349 -2.49299 0 0 0 1 
Seq_Frame0028_ForcepToReference-SequenceTransformStatus = OK
Seq_Frame0028_Timestamp = 6.502
Seq_Frame0029_ForcepToReference-SequenceTransform =0.567751 -0.40409 -0.717196 141.318 0.377414 -0.646495 0.663026 -3.09031 -0.731586 -0.647113 -0.214539 -2.53843 0 0 0 1 
Seq_Frame0029_ForcepToReference-SequenceTransformStatus = OK
Seq_Frame0029_Timestamp = 6.612
Seq_Frame0030_ForcepToReference-SequenceTransform =0.570005 -0.400622 -0.717353 141.219 0.372117 -0.652529 0.660102 -2.65092 -0.732545 -0.643201 -0.222867 -2.44549 0 0 0 1 
Seq_Frame0030_ForcepToReference-SequenceTransformStatus = OK
Seq_Frame0030_Timestamp = 6.713
Seq_Frame0031_ForcepToReference-SequenceTransform =0.565096 -0.412227 -0.714657 141.432 0.400911 -0.619869 0.674561 -4.66399 -0.721066 -0.667706 -0.185019 -1.74351 0 0 0 1 
Seq_Frame0031_ForcepToReference-SequenceTransformStatus = OK
Seq_Frame0031_Timestamp = 6.816
Seq_Frame0032_ForcepToReference-SequenceTransform =0.567734 -0.411051 -0.713243 141.413 0.395804 -0.623396 0.674327 -4.4345 -0.721815 -0.665142 -0.191228 -1.87225 0 0 0 1 
Seq_Frame0032_ForcepToReference-SequenceTransformStatus = OK
Seq_Frame0032_Timestamp = 11.577
Seq_Frame0033_ForcepToReference-SequenceTransform =0.568517 -0.404239 -0.716504 141.332 0.37862 -0.644659 0.664125 -3.16892 -0.730366 -0.648849 -0.213447 -2.48847 0 0 0 1 
Seq_Frame0033_ForcepToReference-SequenceTransformStatus = OK
Seq_Frame0033_Timestamp = 11.682
Seq_Frame0034_ForcepToReference-SequenceTransform =0.56839 -0.404037 -0.71672 141.331 0.378531 -0.64503 0.663815 -3.13942 -0.730511 -0.648606 -0.213689 -2.52687 0 0 0 1 
Seq_Frame0034_ForcepToReference-SequenceTransformStatus = OK
Seq_Frame0034_Timestamp = 11.787
Seq_Frame0035_ForcepToReference-SequenceTransform =0.569863 -0.403866 -0.715646 141.344 0.37767 -0.644741 0.664586 -3.20119 -0.72981 -0.649001 -0.214886 -2.40098 0 0 0 1 
Seq_Frame0035_ForcepToReference-SequenceTransformStatus = OK
Seq_Frame0035_Timestamp = 11.891
Seq_Frame0036_ForcepToReference-SequenceTransform =0.570305 -0.403688 -0.715394 141.339 0.377548 -0.644649 0.664745 -3.16141 -0.729527 -0.649203 -0.215234 -2.46677 0 0 0 1 
Seq_Frame0036_ForcepToReference-SequenceTransformStatus = OK
Seq_Frame0036_Timestamp = 11.999
Seq_Frame0037_ForcepToReference-SequenceTransform =0.56556 -0.404754 -0.718552 141.335 0.378697 -0.646535 0.662254 -3.0867 -0.732619 -0.646658 -0.212375 -2.50596 0 0 0 1 
Seq_Frame0037_ForcepToReference-SequenceTransformStatus = OK
Seq_Frame0037_Timestamp = 12.101
Seq_Frame0038_ForcepToReference-SequenceTransform =0.569034 -0.403422 -0.716555 141.331 0.377222 -0.646232 0.663391 -3.02523 -0.730688 -0.647792 -0.215549 -2.50589 0 0 0 1 
Seq_Frame0038_ForcepToReference-SequenceTransformStatus = OK
Seq_Frame0038_Timestamp = 12.216
Seq_Frame0039_ForcepToReference-SequenceTransform =0.567358 -0.403671 -0.717743 141.331 0.377603 -0.647036 0.662389 -2.96388 -0.731793 -0.646834 -0.214674 -2.62077 0 0 0 1 
Seq_Frame0039_ForcepToReference-SequenceTransformStatus = OK
Seq_Frame0039_Timestamp = 12.317
Seq_Frame0040_ForcepToReference-SequenceTransform =0.566849 -0.404132 -0.717886 141.316 0.378409 -0.646314 0.662635 -3.08102 -0.731771 -0.647268 -0.213435 -2.59464 0 0 0 1 
Seq_Frame0040_ForcepToReference-SequenceTransformStatus = OK
Seq_Frame0040_Timestamp = 12.419
Seq_Frame0041_ForcepToReference-SequenceTransform =0.575811 -0.402367 -0.711718 141.307 0.374321 -0.644176 0.667024 -3.30839 -0.72686 -0.650491 -0.220309 -2.5698 0 0 0 1 
Seq_Frame0041_ForcepToReference-SequenceTransformStatus = OK
Seq_Frame0041_Timestamp = 12.524
Seq_Frame0042_ForcepToReference-SequenceTransform =0.568053 -0.403584 -0.717242 141.367 0.378343 -0.645893 0.663083 -3.03716 -0.730871 -0.64803 -0.214208 -2.53013 0 0 0 1 
Seq_Frame0042_ForcepToReference-SequenceTransformStatus = OK
Seq_Frame0042_Timestamp = 12.626
Seq_Frame0043_ForcepToReference-SequenceTransform =0.566157 -0.404815 -0.718046 141.317 0.379575 -0.645216 0.663038 -3.16722 -0.731702 -0.647937 -0.211636 -2.64329 0 0 0 1 
Seq_Frame0043_ForcepToReference-SequenceTransformStatus = OK
Seq_Frame0043_Timestamp = 12.726
Seq_Frame0044_ForcepToReference-SequenceTransform =0.566172 -0.404916 -0.717978 141.325 0.380165 -0.644588 0.663311 -3.14417 -0.731385 -0.648498 -0.211013 -2.67014 0 0 0 1 
Seq_Frame0044_ForcepToReference-SequenceTransformStatus = OK
Seq_Frame0044_Timestamp = 12.833
Seq_Frame0045_ForcepToReference-SequenceTransform =0.567736 -0.403895 -0.717318 141.321 0.377769 -0.646374 0.662942 -3.0574 -0.731414 -0.647356 -0.214391 -2.58468 0 0 0 1 
Seq_Frame0045_ForcepToReference-SequenceTransformStatus = OK
Seq_Frame0045_Timestamp = 12.941
Seq_Frame0046_ForcepToReference-SequenceTransform =0.569467 -0.403599 -0.716111 141.303 0.377255 -0.645683 0.663907 -3.08229 -0.730333 -0.64823 -0.215436 -2.63675 0 0 0 1 
Seq_Frame0046_ForcepToReference-SequenceTransformStatus = OK
Seq_Frame0046_Timestamp = 13.042
Seq_Frame0047_ForcepToReference-SequenceTransform =0.57018 -0.40321 -0.715763 141.312 0.376591 -0.646045 0.663931 -3.07344 -0.730119 -0.64811 -0.216516 -2.63591 0 0 0 1 
Seq_Frame0047_ForcepToReference-SequenceTransformStatus = OK
Seq_Frame0047_Timestamp = 13.151
Seq_Frame0048_ForcepToReference-SequenceTransform =0.568752 -0.403554 -0.716704 141.312 0.378492 -0.645214 0.663658 -3.06837 -0.73025 -0.648724 -0.214225 -2.6051 0 0 0 1 
Seq_Frame0048_ForcepToReference-SequenceTransformStatus = OK
Seq_Frame0048_Timestamp = 13.252
Seq_Frame0049_ForcepToReference-SequenceTransform =0.566333 -0.404506 -0.718082 141.314 0.378611 -0.64621 0.662621 -3.12827 -0.732066 -0.647138 -0.21282 -2.55545 0 0 0 1 
Seq_Frame0049_ForcepToReference-SequenceTransformStatus = OK
Seq_Frame0049_Timestamp = 13.356
Seq_Frame0050_ForcepToReference-SequenceTransform =0.567426 -0.404152 -0.717418 141.314 0.377096 -0.646984 0.66273 -3.06935 -0.732001 -0.646586 -0.214711 -2.63679 0 0 0 1 
Seq_Frame0050_ForcepToReference-SequenceTransformStatus = OK
Seq_Frame0050_Timestamp = 13.466
Seq_Frame0051_ForcepToReference-SequenceTransform =0.568147 -0.403739 -0.71708 141.312 0.377176 -0.646707 0.662955 -3.02581 -0.731401 -0.647121 -0.215144 -2.65276 0 0 0 1 
Seq_Frame0051_ForcepToReference-SequenceTransformStatus = OK
Seq_Frame0051_Timestamp = 13.567
Seq_Frame0052_ForcepToReference-SequenceTransform =0.568393 -0.403301 -0.717131 141.304 0.376228 -0.647748 0.662477 -2.93345 -0.731698 -0.646352 -0.216443 -2.68825 0 0 0 1 
Seq_Frame0052_ForcepToReference-SequenceTransformStatus = OK
Seq_Frame0052_Timestamp = 13.667
Seq_Frame0053_ForcepToReference-SequenceTransform =0.568286 -0.403349 -0.717189 141.307 0.374968 -0.648902 0.662061 -2.89149 -0.732428 -0.645163 -0.217519 -2.73137 0 0 0 1 
Seq_Frame0053_ForcepToReference-SequenceTransformStatus = OK
Seq_Frame0053_Timestamp = 13.773
Seq_Frame0054_ForcepToReference-SequenceTransform =0.568375 -0.402952 -0.717342 141.311 0.376376 -0.647954 0.66219 -2.89398 -0.731636 -0.646363 -0.216619 -2.66047 0 0 0 1 
Seq_Frame0054_ForcepToReference-SequenceTransformStatus = OK
Seq_Frame0054_Timestamp = 13.877
Seq_Frame0055_ForcepToReference-SequenceTransform =0.567355 -0.403425 -0.717884 141.298 0.376903 -0.647884 0.66196 -2.92862 -0.732156 -0.646138 -0.215528 -2.68035 0 0 0 1 
Seq_Frame0055_ForcepToReference-SequenceTransformStatus = OK
Seq_Frame0055_Timestamp = 13.978
Seq_Frame0056_ForcepToReference-SequenceTransform =0.567651 -0.40344 -0.717641 141.315 0.376746 -0.647767 0.662163 -2.98898 -0.732008 -0.646245 -0.215711 -2.56977 0 0 0 1 
Seq_Frame0056_ForcepToReference-SequenceTransformStatus = OK
Seq_Frame0056_Timestamp = 14.091
Seq_Frame0057_ForcepToReference-SequenceTransform =0.568057 -0.403497 -0.717287 141.314 0.376845 -0.647296 0.662568 -2.98863 -0.731641 -0.646683 -0.215645 -2.63976 0 0 0 1 
Seq_Frame0057_ForcepToReference-SequenceTransformStatus = OK
Seq_Frame0057_Timestamp = 14.192
Seq_Frame0058_ForcepToReference-SequenceTransform =0.567323 -0.403753 -0.717725 141.32 0.376964 -0.647554 0.662248 -3.00842 -0.73215 -0.646264 -0.215172 -2.57182 0 0 0 1 
Seq_Frame0058_ForcepToReference-SequenceTransformStatus = OK
Seq_Frame0058_Timestamp = 14.292
Seq_Frame0059_ForcepToReference-SequenceTransform =0.568722 -0.403505 -0.716756 141.321 0.377542 -0.646128 0.663311 -3.05631 -0.730765 -0.647845 -0.215127 -2.58954 0 0 0 1 
Seq_Frame0059_ForcepToReference-SequenceTransformStatus = OK
Seq_Frame0059_Timestamp = 14.396
Seq_Frame0060_ForcepToReference-SequenceTransform =0.568915 -0.403558 -0.716573 141.332 0.377386 -0.646059 0.663466 -3.08829 -0.730696 -0.64788 -0.215255 -2.54328 0 0 0 1 
Seq_Frame0060_ForcepToReference-SequenceTransformStatus = OK
Seq_Frame0060_Timestamp = 14.501
Seq_Frame0061_ForcepToReference-SequenceTransform =0.565593 -0.404408 -0.718721 141.322 0.37765 -0.647751 0.661664 -3.03518 -0.733134 -0.645657 -0.213639 -2.54782 0 0 0 1 
Seq_Frame0061_ForcepToReference-SequenceTransformStatus = OK
Seq_Frame0061_Timestamp = 14.607
Seq_Frame0062_ForcepToReference-SequenceTransform =0.567469 -0.403867 -0.717545 141.325 0.376994 -0.647302 0.662477 -3.04966 -0.732021 -0.646445 -0.215068 -2.55589 0 0 0 1 
Seq_Frame0062_ForcepToReference-SequenceTransformStatus = OK
Seq_Frame0062_Timestamp = 14.716
Seq_Frame0063_ForcepToReference-SequenceTransform =0.566337 -0.404136 -0.718287 141.326 0.377916 -0.647162 0.662088 -3.00519 -0.732422 -0.646417 -0.213782 -2.5726 0 0 0 1 
Seq_Frame0063_ForcepToReference-SequenceTransformStatus = OK
Seq_Frame0063_Timestamp = 14.827
Seq_Frame0064_ForcepToReference-SequenceTransform =0.568524 -0.403683 -0.716813 141.333 0.377455 -0.646202 0.663288 -3.04439 -0.730964 -0.647659 -0.215009 -2.59788 0 0 0 1 
Seq_Frame0064_ForcepToReference-SequenceTransformStatus = OK
Seq_Frame0064_Timestamp = 14.941
Seq_Frame0065_ForcepToReference-SequenceTransform =0.568609 -0.402985 -0.717139 141.319 0.375606 -0.648414 0.662178 -2.94062 -0.73185 -0.645881 -0.21733 -2.65995 0 0 0 1 
Seq_Frame0065_ForcepToReference-SequenceTransformStatus = OK
Seq_Frame0065_Timestamp = 15.042
Seq_Frame0066_ForcepToReference-SequenceTransform =0.565765 -0.400628 -0.720699 141.205 0.367752 -0.659695 0.65541 -2.23166 -0.738017 -0.635846 -0.2259 -2.74901 0 0 0 1 
Seq_Frame0066_ForcepToReference-SequenceTransformStatus = OK
Seq_Frame0066_Timestamp = 15.147
Seq_Frame0067_ForcepToReference-SequenceTransform =0.566463 -0.401561 -0.719631 141.269 0.372103 -0.654523 0.658133 -2.5395 -0.735295 -0.640585 -0.221342 -2.74951 0 0 0 1 
Seq_Frame0067_ForcepToReference-SequenceTransformStatus = OK
Seq_Frame0067_Timestamp = 15.252
Seq_Frame0068_ForcepToReference-SequenceTransform =0.568692 -0.401211 -0.718067 141.286 0.37254 -0.652677 0.659718 -2.73797 -0.733351 -0.642684 -0.221705 -2.56381 0 0 0 1 
Seq_Frame0068_ForcepToReference-SequenceTransformStatus = OK
Seq_Frame0068_Timestamp = 15.353
Seq_Frame0069_ForcepToReference-SequenceTransform =0.567722 -0.400779 -0.719074 141.253 0.369317 -0.656659 0.657574 -2.42653 -0.735729 -0.638885 -0.224786 -2.74677 0 0 0 1 
Seq_Frame0069_ForcepToReference-SequenceTransformStatus = OK
Seq_Frame0069_Timestamp = 15.453
Seq_Frame0070_ForcepToReference-SequenceTransform =0.566913 -0.401195 -0.719481 141.272 0.369564 -0.656707 0.657388 -2.46957 -0.736228 -0.638576 -0.224028 -2.67124 0 0 0 1 
Seq_Frame0070_ForcepToReference-SequenceTransformStatus = OK
Seq_Frame0070_Timestamp = 15.554
Seq_Frame0071_ForcepToReference-SequenceTransform =0.565261 -0.401048 -0.720861 141.245 0.365524 -0.66162 0.654714 -2.18061 -0.739508 -0.633576 -0.227395 -2.79729 0 0 0 1 
Seq_Frame0071_ForcepToReference-SequenceTransformStatus = OK
Seq_Frame0071_Timestamp = 15.662
Seq_Frame0072_ForcepToReference-SequenceTransform =0.568417 -0.399348 -0.719322 141.191 0.361202 -0.66441 0.654288 -1.94911 -0.739213 -0.631729 -0.233416 -2.91954 0 0 0 1 
Seq_Frame0072_ForcepToReference-SequenceTransformStatus = OK
Seq_Frame0072_Timestamp = 15.767
Seq_Frame0073_ForcepToReference-SequenceTransform =0.569152 -0.399358 -0.718735 141.196 0.364617 -0.660894 0.655952 -2.16028 -0.736968 -0.635399 -0.230536 -2.75551 0 0 0 1 
Seq_Frame0073_ForcepToReference-SequenceTransformStatus = OK
Seq_Frame0073_Timestamp = 15.871
Seq_Frame0074_ForcepToReference-SequenceTransform =0.565783 -0.401273 -0.720326 141.223 0.370253 -0.656932 0.656774 -2.40486 -0.736751 -0.638295 -0.223108 -2.73351 0 0 0 1 
Seq_Frame0074_ForcepToReference-SequenceTransformStatus = OK
Seq_Frame0074_Timestamp = 15.974
Seq_Frame0075_ForcepToReference-SequenceTransform =0.567996 -0.401709 -0.718338 141.274 0.372657 -0.652675 0.659653 -2.68508 -0.73383 -0.642374 -0.221017 -2.59572 0 0 0 1 
Seq_Frame0075_ForcepToReference-SequenceTransformStatus = OK
Seq_Frame0075_Timestamp = 16.076
Seq_Frame0076_ForcepToReference-SequenceTransform =0.568616 -0.400604 -0.718465 141.248 0.36963 -0.655836 0.65822 -2.42912 -0.734881 -0.639841 -0.224843 -2.72226 0 0 0 1 
Seq_Frame0076_ForcepToReference-SequenceTransformStatus = OK
Seq_Frame0076_Timestamp = 16.177
Seq_Frame0077_ForcepToReference-SequenceTransform =0.568573 -0.398883 -0.719456 141.169 0.360999 -0.664884 0.653918 -1.84515 -0.739192 -0.631523 -0.234039 -2.98567 0 0 0 1 
Seq_Frame0077_ForcepToReference-SequenceTransformStatus = OK
Seq_Frame0077_Timestamp = 16.278
Seq_Frame0078_ForcepToReference-SequenceTransform =0.569052 -0.400884 -0.717964 141.253 0.371648 -0.653469 0.659437 -2.58997 -0.733524 -0.642083 -0.22287 -2.63466 0 0 0 1 
Seq_Frame0078_ForcepToReference-SequenceTransformStatus = OK
Seq_Frame0078_Timestamp = 16.382
Seq_Frame0079_ForcepToReference-SequenceTransform =0.56831 -0.403025 -0.717353 141.308 0.375569 -0.648653 0.661965 -2.90911 -0.732101 -0.645616 -0.217272 -2.65252 0 0 0 1 
Seq_Frame0079_ForcepToReference-SequenceTransformStatus = OK
Seq_Frame0079_Timestamp = 16.496
Seq_Frame0080_ForcepToReference-SequenceTransform =0.568731 -0.401746 -0.717737 141.272 0.37304 -0.651715 0.660386 -2.72859 -0.733067 -0.643326 -0.220783 -2.6597 0 0 0 1 
Seq_Frame0080_ForcepToReference-SequenceTransformStatus = OK
Seq_Frame0080_Timestamp = 16.6
Seq_Frame0081_ForcepToReference-SequenceTransform =0.565508 -0.403578 -0.719254 141.3 0.376466 -0.649624 0.660501 -2.87258 -0.733808 -0.644294 -0.215434 -2.6266 0 0 0 1 
Seq_Frame0081_ForcepToReference-SequenceTransformStatus = OK
Seq_Frame0081_Timestamp = 16.7
Seq_Frame0082_ForcepToReference-SequenceTransform =0.56873 -0.402647 -0.717232 141.31 0.376086 -0.648202 0.662113 -2.89935 -0.731509 -0.646304 -0.217221 -2.64471 0 0 0 1 
Seq_Frame0082_ForcepToReference-SequenceTransformStatus = OK
Seq_Frame0082_Timestamp = 16.812
Seq_Frame0083_ForcepToReference-SequenceTransform =0.568432 -0.399615 -0.719162 141.178 0.364779 -0.661086 0.655669 -2.10318 -0.737443 -0.635038 -0.230012 -2.98272 0 0 0 1 
Seq_Frame0083_ForcepToReference-SequenceTransformStatus = OK
Seq_Frame0083_Timestamp = 16.918
Seq_Frame0084_ForcepToReference-SequenceTransform =0.566616 -0.40018 -0.720279 141.199 0.365176 -0.661651 0.654877 -2.14125 -0.738643 -0.634092 -0.228766 -2.84534 0 0 0 1 
Seq_Frame0084_ForcepToReference-SequenceTransformStatus = OK
Seq_Frame0084_Timestamp = 17.024
Seq_Frame0085_ForcepToReference-SequenceTransform =0.566923 -0.422138 -0.707388 142.565 0.420986 -0.589646 0.689267 -7.13931 -0.708074 -0.688561 -0.15657 -2.39921 0 0 0 1 
Seq_Frame0085_ForcepToReference-SequenceTransformStatus = OK
Seq_Frame0085_Timestamp = 17.401
Seq_Frame0086_ForcepToReference-SequenceTransform =0.567406 -0.419734 -0.708431 142.318 0.424189 -0.588401 0.688366 -7.00297 -0.705772 -0.691091 -0.155816 -1.96998 0 0 0 1 
Seq_Frame0086_ForcepToReference-SequenceTransformStatus = OK
Seq_Frame0086_Timestamp = 17.507
Seq_Frame0087_ForcepToReference-SequenceTransform =0.568704 -0.400298 -0.718566 141.228 0.368123 -0.657356 0.657548 -2.35652 -0.735568 -0.638471 -0.226482 -2.72263 0 0 0 1 
Seq_Frame0087_ForcepToReference-SequenceTransformStatus = OK
Seq_Frame0087_Timestamp = 18.668
Seq_Frame0088_ForcepToReference-SequenceTransform =0.568284 -0.398645 -0.719817 141.149 0.3583 -0.667623 0.652611 -1.6904 -0.740726 -0.628778 -0.236565 -3.06744 0 0 0 1 
Seq_Frame0088_ForcepToReference-SequenceTransformStatus = OK
Seq_Frame0088_Timestamp = 18.776
Seq_Frame0089_ForcepToReference-SequenceTransform =0.568048 -0.402678 -0.717755 141.302 0.375253 -0.649464 0.661349 -2.85245 -0.732467 -0.645017 -0.217821 -2.65233 0 0 0 1 
Seq_Frame0089_ForcepToReference-SequenceTransformStatus = OK
Seq_Frame0089_Timestamp = 18.877
Seq_Frame0090_ForcepToReference-SequenceTransform =0.566864 -0.401512 -0.719343 141.236 0.371862 -0.654458 0.658334 -2.54705 -0.735108 -0.640682 -0.221682 -2.70703 0 0 0 1 
Seq_Frame0090_ForcepToReference-SequenceTransformStatus = OK
Seq_Frame0090_Timestamp = 18.982
Seq_Frame0091_ForcepToReference-SequenceTransform =0.572499 -0.407321 -0.711572 141.201 0.415095 -0.60444 0.679963 -5.37214 -0.707066 -0.684647 -0.176964 -0.867728 0 0 0 1 
Seq_Frame0091_ForcepToReference-SequenceTransformStatus = OK
Seq_Frame0091_Timestamp = 19.083
Seq_Frame0092_ForcepToReference-SequenceTransform =0.567806 -0.40295 -0.717793 141.31 0.375235 -0.649425 0.661397 -2.82243 -0.732662 -0.644887 -0.217547 -2.694 0 0 0 1 
Seq_Frame0092_ForcepToReference-SequenceTransformStatus = OK
Seq_Frame0092_Timestamp = 19.183
Seq_Frame0093_ForcepToReference-SequenceTransform =0.56798 -0.40343 -0.717386 141.305 0.376534 -0.647695 0.662354 -3.00188 -0.731861 -0.646324 -0.215973 -2.62615 0 0 0 1 
Seq_Frame0093_ForcepToReference-SequenceTransformStatus = OK
Seq_Frame0093_Timestamp = 19.287
Seq_Frame0094_ForcepToReference-SequenceTransform =0.565906 -0.404256 -0.718559 141.298 0.37974 -0.645791 0.662384 -3.17043 -0.731811 -0.647713 -0.211944 -2.57803 0 0 0 1 
Seq_Frame0094_ForcepToReference-SequenceTransformStatus = OK
Seq_Frame0094_Timestamp = 19.391
Seq_Frame0095_ForcepToReference-SequenceTransform =0.568119 -0.403355 -0.717318 141.315 0.377843 -0.646494 0.662783 -2.95667 -0.731078 -0.647573 -0.21488 -2.66338 0 0 0 1 
Seq_Frame0095_ForcepToReference-SequenceTransformStatus = OK
Seq_Frame0095_Timestamp = 19.492
Seq_Frame0096_ForcepToReference-SequenceTransform =0.564123 -0.404487 -0.71983 141.295 0.378504 -0.648116 0.660818 -2.93554 -0.733826 -0.645241 -0.212517 -2.59571 0 0 0 1 
Seq_Frame0096_ForcepToReference-SequenceTransformStatus = OK
Seq_Frame0096_Timestamp = 19.601
Seq_Frame0097_ForcepToReference-SequenceTransform =0.564042 -0.404039 -0.720145 141.277 0.379405 -0.647799 0.660612 -2.9959 -0.733422 -0.64584 -0.212092 -2.5823 0 0 0 1 
Seq_Frame0097_ForcepToReference-SequenceTransformStatus = OK
Seq_Frame0097_Timestamp = 19.712
Seq_Frame0098_ForcepToReference-SequenceTransform =0.567047 -0.403531 -0.718067 141.287 0.377346 -0.647645 0.661941 -2.9534 -0.732166 -0.646311 -0.214975 -2.78136 0 0 0 1 
Seq_Frame0098_ForcepToReference-SequenceTransformStatus = OK
Seq_Frame0098_Timestamp = 19.812
Seq_Frame0099_ForcepToReference-SequenceTransform =0.559861 -0.412829 -0.718421 140.749 0.380012 -0.642551 0.665372 -3.23211 -0.736306 -0.645524 -0.202859 -3.16738 0 0 0 1 
Seq_Frame0099_ForcepToReference-SequenceTransformStatus = OK
Seq_Frame0099_Timestamp = 19.916
Seq_Frame0100_ForcepToReference-SequenceTransform =0.420076 -0.540615 -0.728883 129.134 0.334677 -0.65428 0.678166 -4.59345 -0.843521 -0.528822 -0.0939162 -7.81827 0 0 0 1 
Seq_Frame0100_ForcepToReference-SequenceTransformStatus = OK
Seq_Frame0100_Timestamp = 20.017
Seq_Frame0101_ForcepToReference-SequenceTransform =-0.422637 0.0139262 -0.906192 114.081 0.219204 -0.968624 -0.11712 15.1018 -0.87939 -0.24814 0.406324 -26.1179 0 0 0 1 
Seq_Frame0101_ForcepToReference-SequenceTransformStatus = OK
Seq_Frame0101_Timestamp = 20.124
Seq_Frame0102_ForcepToReference-SequenceTransform =0.721207 0.130407 0.680334 126.38 -0.610057 0.584828 0.534608 35.0691 -0.328162 -0.800606 0.501339 -38.0489 0 0 0 1 
Seq_Frame0102_ForcepToReference-SequenceTransformStatus = OK
Seq_Frame0102_Timestamp = 20.226
Seq_Frame0103_ForcepToReference-SequenceTransform =0.503162 0.589108 0.632281 132.025 -0.765424 0.643455 0.00959634 71.6208 -0.401191 -0.488791 0.77468 -55.8483 0 0 0 1 
Seq_Frame0103_ForcepToReference-SequenceTransformStatus = OK
Seq_Frame0103_Timestamp = 20.327
Seq_Frame0104_ForcepToReference-SequenceTransform =0.431231 0.714768 0.550587 133.183 -0.631243 0.675033 -0.381921 150.584 -0.644649 -0.182858 0.742288 -69.3509 0 0 0 1 
Seq_Frame0104_ForcepToReference-SequenceTransformStatus = OK
Seq_Frame0104_Timestamp = 20.427
Seq_Frame0105_ForcepToReference-SequenceTransform =0.403635 0.73915 0.5392 134.72 -0.575496 0.663266 -0.478417 165.182 -0.711255 -0.117202 0.693095 -67.651 0 0 0 1 
Seq_Frame0105_ForcepToReference-SequenceTransformStatus = OK
Seq_Frame0105_Timestamp = 20.531
Seq_Frame0106_ForcepToReference-SequenceTransform =0.403635 0.73915 0.5392 134.72 -0.575496 0.663266 -0.478417 165.182 -0.711255 -0.117202 0.693095 -67.651 0 0 0 1 
Seq_Frame0106_ForcepToReference-SequenceTransformStatus = OK
Seq_Frame0106_Timestamp = 20.632
Seq_Frame0107_ForcepToReference-SequenceTransform =0.070276 0.281924 -0.956859 178.738 0.943086 -0.331337 -0.0283591 294.691 -0.325038 -0.900408 -0.289164 27.3061 0 0 0 1 
Seq_Frame0107_ForcepToReference-SequenceTransformStatus = OK
Seq_Frame0107_Timestamp = 20.733
Seq_Frame0108_ForcepToReference-SequenceTransform =0.0387722 0.378522 -0.92478 185.007 0.938171 -0.332387 -0.0967158 302.502 -0.343994 -0.863852 -0.368006 57.3908 0 0 0 1 
Seq_Frame0108_ForcepToReference-SequenceTransformStatus = OK
Seq_Frame0108_Timestamp = 20.837
Seq_Frame0109_ForcepToReference-SequenceTransform =-0.141788 0.440647 -0.886412 174.368 0.966747 -0.130887 -0.219703 310.25 -0.212831 -0.888087 -0.407435 88.0399 0 0 0 1 
Seq_Frame0109_ForcepToReference-SequenceTransformStatus = OK
Seq_Frame0109_Timestamp = 20.942
Seq_Frame0110_ForcepToReference-SequenceTransform =-0.214272 0.661111 -0.719041 183.776 0.971687 0.0692378 -0.2259 306.858 -0.0995602 -0.747087 -0.657229 126.305 0 0 0 1 
Seq_Frame0110_ForcepToReference-SequenceTransformStatus = OK
Seq_Frame0110_Timestamp = 21.042
Seq_Frame0111_ForcepToReference-SequenceTransform =-0.228758 0.795969 -0.560448 192.61 0.875847 -0.0830143 -0.475395 286.679 -0.424925 -0.599618 -0.678157 134.553 0 0 0 1 
Seq_Frame0111_ForcepToReference-SequenceTransformStatus = OK
Seq_Frame0111_Timestamp = 21.143
Seq_Frame0112_ForcepToReference-SequenceTransform =-0.128404 0.839183 -0.528473 203.226 0.842515 -0.188796 -0.504504 266.292 -0.523145 -0.510027 -0.682782 150.822 0 0 0 1 
Seq_Frame0112_ForcepToReference-SequenceTransformStatus = OK
Seq_Frame0112_Timestamp = 21.249
Seq_Frame0113_ForcepToReference-SequenceTransform =-0.203559 0.766881 -0.608652 200.842 0.908845 -0.083177 -0.408757 258.552 -0.364094 -0.636377 -0.680044 154.053 0 0 0 1 
Seq_Frame0113_ForcepToReference-SequenceTransformStatus = OK
Seq_Frame0113_Timestamp = 21.352
Seq_Frame0114_ForcepToReference-SequenceTransform =-0.161475 0.756106 -0.634216 197.323 0.922694 -0.112306 -0.368814 250.103 -0.350088 -0.644742 -0.679519 154.21 0 0 0 1 
Seq_Frame0114_ForcepToReference-SequenceTransformStatus = OK
Seq_Frame0114_Timestamp = 21.458
Seq_Frame0115_ForcepToReference-SequenceTransform =-0.17642 0.752231 -0.634843 194.198 0.939501 -0.0637069 -0.33657 251.079 -0.293622 -0.655813 -0.695482 155.532 0 0 0 1 
Seq_Frame0115_ForcepToReference-SequenceTransformStatus = OK
Seq_Frame0115_Timestamp = 21.561
Seq_Frame0116_ForcepToReference-SequenceTransform =-0.201646 0.785778 -0.584715 206.316 0.944004 -0.00324993 -0.329918 255.437 -0.261143 -0.6185 -0.741122 157.12 0 0 0 1 
Seq_Frame0116_ForcepToReference-SequenceTransformStatus = OK
Seq_Frame0116_Timestamp = 21.662
Seq_Frame0117_ForcepToReference-SequenceTransform =-0.193813 0.740456 -0.643554 198.829 0.941572 -0.0437936 -0.333953 248.21 -0.275461 -0.670677 -0.688705 153.573 0 0 0 1 
Seq_Frame0117_ForcepToReference-SequenceTransformStatus = OK
Seq_Frame0117_Timestamp = 21.762
Seq_Frame0118_ForcepToReference-SequenceTransform =-0.209311 0.664417 -0.717453 181.417 0.940077 -0.0652265 -0.334665 244.624 -0.269154 -0.744511 -0.61095 152.146 0 0 0 1 
Seq_Frame0118_ForcepToReference-SequenceTransformStatus = OK
Seq_Frame0118_Timestamp = 21.867
Seq_Frame0119_ForcepToReference-SequenceTransform =-0.197819 0.634347 -0.74731 171.902 0.936923 -0.101767 -0.334394 244.234 -0.288173 -0.766321 -0.574203 157.446 0 0 0 1 
Seq_Frame0119_ForcepToReference-SequenceTransformStatus = OK
Seq_Frame0119_Timestamp = 21.977
Seq_Frame0120_ForcepToReference-SequenceTransform =-0.196101 0.585247 -0.786785 159.523 0.922395 -0.162189 -0.350545 245.706 -0.332763 -0.794469 -0.508024 168.197 0 0 0 1 
Seq_Frame0120_ForcepToReference-SequenceTransformStatus = OK
Seq_Frame0120_Timestamp = 22.078
Seq_Frame0121_ForcepToReference-SequenceTransform =-0.17154 0.554354 -0.814411 149.201 0.914821 -0.21716 -0.340506 250.817 -0.365619 -0.80345 -0.469883 181.233 0 0 0 1 
Seq_Frame0121_ForcepToReference-SequenceTransformStatus = OK
Seq_Frame0121_Timestamp = 22.183
Seq_Frame0122_ForcepToReference-SequenceTransform =-0.121767 0.496268 -0.859588 132.772 0.914981 -0.279524 -0.290992 256.782 -0.384686 -0.82194 -0.420038 185.626 0 0 0 1 
Seq_Frame0122_ForcepToReference-SequenceTransformStatus = OK
Seq_Frame0122_Timestamp = 22.291
Seq_Frame0123_ForcepToReference-SequenceTransform =-0.169121 0.554229 -0.815002 135.014 0.95412 -0.115243 -0.276358 272.228 -0.247089 -0.824348 -0.509311 187.117 0 0 0 1 
Seq_Frame0123_ForcepToReference-SequenceTransformStatus = OK
Seq_Frame0123_Timestamp = 22.391
Seq_Frame0124_ForcepToReference-SequenceTransform =-0.317485 0.574292 -0.75458 143.865 0.948072 0.176267 -0.264743 284.483 -0.0190324 -0.799449 -0.600433 187.308 0 0 0 1 
Seq_Frame0124_ForcepToReference-SequenceTransformStatus = OK
Seq_Frame0124_Timestamp = 22.492
Seq_Frame0125_ForcepToReference-SequenceTransform =-0.414849 0.416738 -0.808845 123.827 0.909663 0.209833 -0.358447 273.874 0.0203439 -0.884477 -0.46614 191.98 0 0 0 1 
Seq_Frame0125_ForcepToReference-SequenceTransformStatus = OK
Seq_Frame0125_Timestamp = 22.604
Seq_Frame0126_ForcepToReference-SequenceTransform =-0.354517 0.368337 -0.859445 122.473 0.930264 0.231809 -0.284381 273.776 0.0944789 -0.900329 -0.424831 196.959 0 0 0 1 
Seq_Frame0126_ForcepToReference-SequenceTransformStatus = OK
Seq_Frame0126_Timestamp = 22.706
Seq_Frame0127_ForcepToReference-SequenceTransform =0.54945 0.392702 0.737489 94.5084 0.307703 0.725522 -0.615578 280.869 -0.776803 0.565157 0.277803 208.525 0 0 0 1 
Seq_Frame0127_ForcepToReference-SequenceTransformStatus = OK
Seq_Frame0127_Timestamp = 23.331
Seq_Frame0128_ForcepToReference-SequenceTransform =0.613293 0.359309 0.703398 108.603 0.336406 0.686907 -0.644197 304.841 -0.714635 0.631709 0.300401 198.937 0 0 0 1 
Seq_Frame0128_ForcepToReference-SequenceTransformStatus = OK
Seq_Frame0128_Timestamp = 23.432
Seq_Frame0129_ForcepToReference-SequenceTransform =-0.397203 0.447873 -0.801024 172.057 0.916137 0.244919 -0.317344 319.933 0.0540561 -0.859898 -0.507595 178.709 0 0 0 1 
Seq_Frame0129_ForcepToReference-SequenceTransformStatus = OK
Seq_Frame0129_Timestamp = 23.701
Seq_Frame0130_ForcepToReference-SequenceTransform =-0.198821 0.751776 -0.628731 211.871 0.892366 -0.126349 -0.433265 333.978 -0.405158 -0.6472 -0.645739 161.945 0 0 0 1 
Seq_Frame0130_ForcepToReference-SequenceTransformStatus = OK
Seq_Frame0130_Timestamp = 23.808
Seq_Frame0131_ForcepToReference-SequenceTransform =-0.169913 0.856133 -0.488023 227.438 0.85511 -0.118058 -0.504826 362.633 -0.489813 -0.50309 -0.712028 170.745 0 0 0 1 
Seq_Frame0131_ForcepToReference-SequenceTransformStatus = OK
Seq_Frame0131_Timestamp = 23.916
Seq_Frame0132_ForcepToReference-SequenceTransform =-0.298294 0.448859 -0.842346 198.651 0.952085 0.0775187 -0.295847 350.957 -0.0674962 -0.890234 -0.450475 166.271 0 0 0 1 
Seq_Frame0132_ForcepToReference-SequenceTransformStatus = OK
Seq_Frame0132_Timestamp = 24.017
Seq_Frame0133_ForcepToReference-SequenceTransform =0.0258045 0.200161 -0.979423 220.789 0.952863 -0.301204 -0.0364511 308.715 -0.302302 -0.932315 -0.198498 176.11 0 0 0 1 
Seq_Frame0133_ForcepToReference-SequenceTransformStatus = OK
Seq_Frame0133_Timestamp = 24.756
Seq_Frame0134_ForcepToReference-SequenceTransform =-0.0788791 0.252967 -0.964254 217.731 0.867731 -0.458734 -0.191329 294.739 -0.490736 -0.851805 -0.183322 193.523 0 0 0 1 
Seq_Frame0134_ForcepToReference-SequenceTransformStatus = OK
Seq_Frame0134_Timestamp = 24.862
Seq_Frame0135_ForcepToReference-SequenceTransform =-0.155989 0.409547 -0.898854 205.559 0.987427 0.0882376 -0.131156 287.822 0.0255982 -0.908012 -0.418162 151.877 0 0 0 1 
Seq_Frame0135_ForcepToReference-SequenceTransformStatus = OK
Seq_Frame0135_Timestamp = 25.532
Seq_Frame0136_ForcepToReference-SequenceTransform =-0.160911 0.411139 -0.897258 207.53 0.98463 0.129417 -0.117279 286.723 0.0679028 -0.902339 -0.425645 159.888 0 0 0 1 
Seq_Frame0136_ForcepToReference-SequenceTransformStatus = OK
Seq_Frame0136_Timestamp = 25.633
Seq_Frame0137_ForcepToReference-SequenceTransform =-0.187139 0.317134 -0.929734 198.793 0.978139 0.147524 -0.146562 279.916 0.0906783 -0.936836 -0.337809 160.385 0 0 0 1 
Seq_Frame0137_ForcepToReference-SequenceTransformStatus = OK
Seq_Frame0137_Timestamp = 25.741
Seq_Frame0138_ForcepToReference-SequenceTransform =0.47667 0.33761 0.811669 182.318 0.513892 0.642104 -0.568874 281.066 -0.713233 0.688275 0.132576 168.652 0 0 0 1 
Seq_Frame0138_ForcepToReference-SequenceTransformStatus = OK
Seq_Frame0138_Timestamp = 25.946
Seq_Frame0139_ForcepToReference-SequenceTransform =0.400191 0.424073 0.81241 182.462 0.586898 0.562255 -0.582598 283.868 -0.703846 0.709952 -0.0238781 173.598 0 0 0 1 
Seq_Frame0139_ForcepToReference-SequenceTransformStatus = OK
Seq_Frame0139_Timestamp = 26.047
Seq_Frame0140_ForcepToReference-SequenceTransform =0.345745 0.480535 0.805944 177.342 0.615398 0.532265 -0.58136 284.674 -0.70834 0.696979 -0.111692 176.546 0 0 0 1 
Seq_Frame0140_ForcepToReference-SequenceTransformStatus = OK
Seq_Frame0140_Timestamp = 26.152
Seq_Frame0141_ForcepToReference-SequenceTransform =0.0867795 0.688478 0.720047 161.411 0.754567 0.426491 -0.498733 285.5 -0.65046 0.586603 -0.482492 193.414 0 0 0 1 
Seq_Frame0141_ForcepToReference-SequenceTransformStatus = OK
Seq_Frame0141_Timestamp = 26.252
Seq_Frame0142_ForcepToReference-SequenceTransform =-0.102346 0.823448 0.558084 154.406 0.867308 0.348609 -0.355315 283.889 -0.487137 0.447666 -0.749862 210.463 0 0 0 1 
Seq_Frame0142_ForcepToReference-SequenceTransformStatus = OK
Seq_Frame0142_Timestamp = 26.353
Seq_Frame0143_ForcepToReference-SequenceTransform =-0.0851029 0.846492 0.525555 155.449 0.863206 0.326077 -0.385421 285.181 -0.497628 0.420862 -0.758447 211.969 0 0 0 1 
Seq_Frame0143_ForcepToReference-SequenceTransformStatus = OK
Seq_Frame0143_Timestamp = 26.462
Seq_Frame0144_ForcepToReference-SequenceTransform =-0.11296 0.875008 0.470746 156.037 0.866512 0.318592 -0.38426 285.293 -0.486206 0.364501 -0.794193 215.997 0 0 0 1 
Seq_Frame0144_ForcepToReference-SequenceTransformStatus = OK
Seq_Frame0144_Timestamp = 26.566
Seq_Frame0145_ForcepToReference-SequenceTransform =-0.120561 0.883626 0.452404 156.027 0.845645 0.330114 -0.419416 283.631 -0.519951 0.332008 -0.787033 215.882 0 0 0 1 
Seq_Frame0145_ForcepToReference-SequenceTransformStatus = OK
Seq_Frame0145_Timestamp = 26.667
Seq_Frame0146_ForcepToReference-SequenceTransform =-0.113905 0.886374 0.44874 157.93 0.840954 0.326516 -0.43149 283.818 -0.528982 0.328221 -0.782592 215.49 0 0 0 1 
Seq_Frame0146_ForcepToReference-SequenceTransformStatus = OK
Seq_Frame0146_Timestamp = 26.771
Seq_Frame0147_ForcepToReference-SequenceTransform =-0.117379 0.888099 0.444412 157.98 0.837292 0.329137 -0.43659 283.51 -0.534007 0.320856 -0.782232 216.036 0 0 0 1 
Seq_Frame0147_ForcepToReference-SequenceTransformStatus = OK
Seq_Frame0147_Timestamp = 26.872
Seq_Frame0148_ForcepToReference-SequenceTransform =-0.126473 0.891612 0.434779 157.579 0.839889 0.329464 -0.431323 282.646 -0.527817 0.310615 -0.790524 216.157 0 0 0 1 
Seq_Frame0148_ForcepToReference-SequenceTransformStatus = OK
Seq_Frame0148_Timestamp = 26.976
Seq_Frame0149_ForcepToReference-SequenceTransform =-0.117604 0.890021 0.44049 157.075 0.837602 0.327186 -0.437461 282.225 -0.533472 0.317509 -0.783962 216.297 0 0 0 1 
Seq_Frame0149_ForcepToReference-SequenceTransformStatus = OK
Seq_Frame0149_Timestamp = 27.077
