ObjectType = Image
NDims = 3
AnatomicalOrientation = RAI
BinaryData = True
CompressedData = False
DimSize = 0 0 4198
ElementSpacing = 1 1 1
Offset = 0 0 0
TransformMatrix = 1 0 0 0 1 0 0 0 1
ElementType = MET_UCHAR
Kinds = domain domain list
Seq_Frame0000_ForcepTipToForcep-SequenceTransform =0.699526 5.55112e-17 -0.714607 -93.8638 -0.573602 0.596408 -0.561496 -77.4251 0.426198 0.802681 0.417203 64.7054 0 0 0 1 
Seq_Frame0000_ForcepTipToForcep-SequenceTransformStatus = OK
Seq_Frame0000_Timestamp = 0.00200009
Seq_Frame0001_ForcepTipToForcep-SequenceTransform =0.699526 5.55112e-17 -0.714607 -93.8638 -0.573602 0.596408 -0.561496 -77.4251 0.426198 0.802681 0.417203 64.7054 0 0 0 1 
Seq_Frame0001_ForcepTipToForcep-SequenceTransformStatus = OK
Seq_Frame0001_Timestamp = 0.116
Seq_Frame0002_ForcepTipToForcep-SequenceTransform =0.699526 5.55112e-17 -0.714607 -93.8638 -0.573602 0.596408 -0.561496 -77.4251 0.426198 0.802681 0.417203 64.7054 0 0 0 1 
Seq_Frame0002_ForcepTipToForcep-SequenceTransformStatus = OK
Seq_Frame0002_Timestamp = 0.222
Seq_Frame0003_ForcepTipToForcep-SequenceTransform =0.699526 5.55112e-17 -0.714607 -93.8638 -0.573602 0.596408 -0.561496 -77.4251 0.426198 0.802681 0.417203 64.7054 0 0 0 1 
Seq_Frame0003_ForcepTipToForcep-SequenceTransformStatus = OK
Seq_Frame0003_Timestamp = 0.326
Seq_Frame0004_ForcepTipToForcep-SequenceTransform =0.699526 5.55112e-17 -0.714607 -93.8638 -0.573602 0.596408 -0.561496 -77.4251 0.426198 0.802681 0.417203 64.7054 0 0 0 1 
Seq_Frame0004_ForcepTipToForcep-SequenceTransformStatus = OK
Seq_Frame0004_Timestamp = 0.429
Seq_Frame0005_ForcepTipToForcep-SequenceTransform =0.699526 5.55112e-17 -0.714607 -93.8638 -0.573602 0.596408 -0.561496 -77.4251 0.426198 0.802681 0.417203 64.7054 0 0 0 1 
Seq_Frame0005_ForcepTipToForcep-SequenceTransformStatus = OK
Seq_Frame0005_Timestamp = 0.533
Seq_Frame0006_ForcepTipToForcep-SequenceTransform =0.699526 5.55112e-17 -0.714607 -93.8638 -0.573602 0.596408 -0.561496 -77.4251 0.426198 0.802681 0.417203 64.7054 0 0 0 1 
Seq_Frame0006_ForcepTipToForcep-SequenceTransformStatus = OK
Seq_Frame0006_Timestamp = 0.634
Seq_Frame0007_ForcepTipToForcep-SequenceTransform =0.699526 5.55112e-17 -0.714607 -93.8638 -0.573602 0.596408 -0.561496 -77.4251 0.426198 0.802681 0.417203 64.7054 0 0 0 1 
Seq_Frame0007_ForcepTipToForcep-SequenceTransformStatus = OK
Seq_Frame0007_Timestamp = 0.741
Seq_Frame0008_ForcepTipToForcep-SequenceTransform =0.699526 5.55112e-17 -0.714607 -93.8638 -0.573602 0.596408 -0.561496 -77.4251 0.426198 0.802681 0.417203 64.7054 0 0 0 1 
Seq_Frame0008_ForcepTipToForcep-SequenceTransformStatus = OK
Seq_Frame0008_Timestamp = 0.851
Seq_Frame0009_ForcepTipToForcep-SequenceTransform =0.699526 5.55112e-17 -0.714607 -93.8638 -0.573602 0.596408 -0.561496 -77.4251 0.426198 0.802681 0.417203 64.7054 0 0 0 1 
Seq_Frame0009_ForcepTipToForcep-SequenceTransformStatus = OK
Seq_Frame0009_Timestamp = 0.952
Seq_Frame0010_ForcepTipToForcep-SequenceTransform =0.699526 5.55112e-17 -0.714607 -93.8638 -0.573602 0.596408 -0.561496 -77.4251 0.426198 0.802681 0.417203 64.7054 0 0 0 1 
Seq_Frame0010_ForcepTipToForcep-SequenceTransformStatus = OK
Seq_Frame0010_Timestamp = 1.052
Seq_Frame0011_ForcepTipToForcep-SequenceTransform =0.699526 5.55112e-17 -0.714607 -93.8638 -0.573602 0.596408 -0.561496 -77.4251 0.426198 0.802681 0.417203 64.7054 0 0 0 1 
Seq_Frame0011_ForcepTipToForcep-SequenceTransformStatus = OK
Seq_Frame0011_Timestamp = 1.157
Seq_Frame0012_ForcepTipToForcep-SequenceTransform =0.699526 5.55112e-17 -0.714607 -93.8638 -0.573602 0.596408 -0.561496 -77.4251 0.426198 0.802681 0.417203 64.7054 0 0 0 1 
Seq_Frame0012_ForcepTipToForcep-SequenceTransformStatus = OK
Seq_Frame0012_Timestamp = 1.262
Seq_Frame0013_ForcepTipToForcep-SequenceTransform =0.699526 5.55112e-17 -0.714607 -93.8638 -0.573602 0.596408 -0.561496 -77.4251 0.426198 0.802681 0.417203 64.7054 0 0 0 1 
Seq_Frame0013_ForcepTipToForcep-SequenceTransformStatus = OK
Seq_Frame0013_Timestamp = 2.302
Seq_Frame0014_ForcepTipToForcep-SequenceTransform =0.699526 5.55112e-17 -0.714607 -93.8638 -0.573602 0.596408 -0.561496 -77.4251 0.426198 0.802681 0.417203 64.7054 0 0 0 1 
Seq_Frame0014_ForcepTipToForcep-SequenceTransformStatus = OK
Seq_Frame0014_Timestamp = 2.408
Seq_Frame0015_ForcepTipToForcep-SequenceTransform =0.699526 5.55112e-17 -0.714607 -93.8638 -0.573602 0.596408 -0.561496 -77.4251 0.426198 0.802681 0.417203 64.7054 0 0 0 1 
Seq_Frame0015_ForcepTipToForcep-SequenceTransformStatus = OK
Seq_Frame0015_Timestamp = 2.512
Seq_Frame0016_ForcepTipToForcep-SequenceTransform =0.699526 5.55112e-17 -0.714607 -93.8638 -0.573602 0.596408 -0.561496 -77.4251 0.426198 0.802681 0.417203 64.7054 0 0 0 1 
Seq_Frame0016_ForcepTipToForcep-SequenceTransformStatus = OK
Seq_Frame0016_Timestamp = 5.266
Seq_Frame0017_ForcepTipToForcep-SequenceTransform =0.699526 5.55112e-17 -0.714607 -93.8638 -0.573602 0.596408 -0.561496 -77.4251 0.426198 0.802681 0.417203 64.7054 0 0 0 1 
Seq_Frame0017_ForcepTipToForcep-SequenceTransformStatus = OK
Seq_Frame0017_Timestamp = 5.367
Seq_Frame0018_ForcepTipToForcep-SequenceTransform =0.699526 5.55112e-17 -0.714607 -93.8638 -0.573602 0.596408 -0.561496 -77.4251 0.426198 0.802681 0.417203 64.7054 0 0 0 1 
Seq_Frame0018_ForcepTipToForcep-SequenceTransformStatus = OK
Seq_Frame0018_Timestamp = 5.471
Seq_Frame0019_ForcepTipToForcep-SequenceTransform =0.699526 5.55112e-17 -0.714607 -93.8638 -0.573602 0.596408 -0.561496 -77.4251 0.426198 0.802681 0.417203 64.7054 0 0 0 1 
Seq_Frame0019_ForcepTipToForcep-SequenceTransformStatus = OK
Seq_Frame0019_Timestamp = 5.572
Seq_Frame0020_ForcepTipToForcep-SequenceTransform =0.699526 5.55112e-17 -0.714607 -93.8638 -0.573602 0.596408 -0.561496 -77.4251 0.426198 0.802681 0.417203 64.7054 0 0 0 1 
Seq_Frame0020_ForcepTipToForcep-SequenceTransformStatus = OK
Seq_Frame0020_Timestamp = 5.674
Seq_Frame0021_ForcepTipToForcep-SequenceTransform =0.699526 5.55112e-17 -0.714607 -93.8638 -0.573602 0.596408 -0.561496 -77.4251 0.426198 0.802681 0.417203 64.7054 0 0 0 1 
Seq_Frame0021_ForcepTipToForcep-SequenceTransformStatus = OK
Seq_Frame0021_Timestamp = 5.775
Seq_Frame0022_ForcepTipToForcep-SequenceTransform =0.699526 5.55112e-17 -0.714607 -93.8638 -0.573602 0.596408 -0.561496 -77.4251 0.426198 0.802681 0.417203 64.7054 0 0 0 1 
Seq_Frame0022_ForcepTipToForcep-SequenceTransformStatus = OK
Seq_Frame0022_Timestamp = 5.876
Seq_Frame0023_ForcepTipToForcep-SequenceTransform =0.699526 5.55112e-17 -0.714607 -93.8638 -0.573602 0.596408 -0.561496 -77.4251 0.426198 0.802681 0.417203 64.7054 0 0 0 1 
Seq_Frame0023_ForcepTipToForcep-SequenceTransformStatus = OK
Seq_Frame0023_Timestamp = 5.977
Seq_Frame0024_ForcepTipToForcep-SequenceTransform =0.699526 5.55112e-17 -0.714607 -93.8638 -0.573602 0.596408 -0.561496 -77.4251 0.426198 0.802681 0.417203 64.7054 0 0 0 1 
Seq_Frame0024_ForcepTipToForcep-SequenceTransformStatus = OK
Seq_Frame0024_Timestamp = 6.086
Seq_Frame0025_ForcepTipToForcep-SequenceTransform =0.699526 5.55112e-17 -0.714607 -93.8638 -0.573602 0.596408 -0.561496 -77.4251 0.426198 0.802681 0.417203 64.7054 0 0 0 1 
Seq_Frame0025_ForcepTipToForcep-SequenceTransformStatus = OK
Seq_Frame0025_Timestamp = 6.191
Seq_Frame0026_ForcepTipToForcep-SequenceTransform =0.699526 5.55112e-17 -0.714607 -93.8638 -0.573602 0.596408 -0.561496 -77.4251 0.426198 0.802681 0.417203 64.7054 0 0 0 1 
Seq_Frame0026_ForcepTipToForcep-SequenceTransformStatus = OK
Seq_Frame0026_Timestamp = 6.292
Seq_Frame0027_ForcepTipToForcep-SequenceTransform =0.699526 5.55112e-17 -0.714607 -93.8638 -0.573602 0.596408 -0.561496 -77.4251 0.426198 0.802681 0.417203 64.7054 0 0 0 1 
Seq_Frame0027_ForcepTipToForcep-SequenceTransformStatus = OK
Seq_Frame0027_Timestamp = 6.402
Seq_Frame0028_ForcepTipToForcep-SequenceTransform =0.699526 5.55112e-17 -0.714607 -93.8638 -0.573602 0.596408 -0.561496 -77.4251 0.426198 0.802681 0.417203 64.7054 0 0 0 1 
Seq_Frame0028_ForcepTipToForcep-SequenceTransformStatus = OK
Seq_Frame0028_Timestamp = 6.502
Seq_Frame0029_ForcepTipToForcep-SequenceTransform =0.699526 5.55112e-17 -0.714607 -93.8638 -0.573602 0.596408 -0.561496 -77.4251 0.426198 0.802681 0.417203 64.7054 0 0 0 1 
Seq_Frame0029_ForcepTipToForcep-SequenceTransformStatus = OK
Seq_Frame0029_Timestamp = 6.612
Seq_Frame0030_ForcepTipToForcep-SequenceTransform =0.699526 5.55112e-17 -0.714607 -93.8638 -0.573602 0.596408 -0.561496 -77.4251 0.426198 0.802681 0.417203 64.7054 0 0 0 1 
Seq_Frame0030_ForcepTipToForcep-SequenceTransformStatus = OK
Seq_Frame0030_Timestamp = 6.713
Seq_Frame0031_ForcepTipToForcep-SequenceTransform =0.699526 5.55112e-17 -0.714607 -93.8638 -0.573602 0.596408 -0.561496 -77.4251 0.426198 0.802681 0.417203 64.7054 0 0 0 1 
Seq_Frame0031_ForcepTipToForcep-SequenceTransformStatus = OK
Seq_Frame0031_Timestamp = 6.816
Seq_Frame0032_ForcepTipToForcep-SequenceTransform =0.699526 5.55112e-17 -0.714607 -93.8638 -0.573602 0.596408 -0.561496 -77.4251 0.426198 0.802681 0.417203 64.7054 0 0 0 1 
Seq_Frame0032_ForcepTipToForcep-SequenceTransformStatus = OK
Seq_Frame0032_Timestamp = 11.577
Seq_Frame0033_ForcepTipToForcep-SequenceTransform =0.699526 5.55112e-17 -0.714607 -93.8638 -0.573602 0.596408 -0.561496 -77.4251 0.426198 0.802681 0.417203 64.7054 0 0 0 1 
Seq_Frame0033_ForcepTipToForcep-SequenceTransformStatus = OK
Seq_Frame0033_Timestamp = 11.682
Seq_Frame0034_ForcepTipToForcep-SequenceTransform =0.699526 5.55112e-17 -0.714607 -93.8638 -0.573602 0.596408 -0.561496 -77.4251 0.426198 0.802681 0.417203 64.7054 0 0 0 1 
Seq_Frame0034_ForcepTipToForcep-SequenceTransformStatus = OK
Seq_Frame0034_Timestamp = 11.787
Seq_Frame0035_ForcepTipToForcep-SequenceTransform =0.699526 5.55112e-17 -0.714607 -93.8638 -0.573602 0.596408 -0.561496 -77.4251 0.426198 0.802681 0.417203 64.7054 0 0 0 1 
Seq_Frame0035_ForcepTipToForcep-SequenceTransformStatus = OK
Seq_Frame0035_Timestamp = 11.891
Seq_Frame0036_ForcepTipToForcep-SequenceTransform =0.699526 5.55112e-17 -0.714607 -93.8638 -0.573602 0.596408 -0.561496 -77.4251 0.426198 0.802681 0.417203 64.7054 0 0 0 1 
Seq_Frame0036_ForcepTipToForcep-SequenceTransformStatus = OK
Seq_Frame0036_Timestamp = 11.999
Seq_Frame0037_ForcepTipToForcep-SequenceTransform =0.699526 5.55112e-17 -0.714607 -93.8638 -0.573602 0.596408 -0.561496 -77.4251 0.426198 0.802681 0.417203 64.7054 0 0 0 1 
Seq_Frame0037_ForcepTipToForcep-SequenceTransformStatus = OK
Seq_Frame0037_Timestamp = 12.101
Seq_Frame0038_ForcepTipToForcep-SequenceTransform =0.699526 5.55112e-17 -0.714607 -93.8638 -0.573602 0.596408 -0.561496 -77.4251 0.426198 0.802681 0.417203 64.7054 0 0 0 1 
Seq_Frame0038_ForcepTipToForcep-SequenceTransformStatus = OK
Seq_Frame0038_Timestamp = 12.216
Seq_Frame0039_ForcepTipToForcep-SequenceTransform =0.699526 5.55112e-17 -0.714607 -93.8638 -0.573602 0.596408 -0.561496 -77.4251 0.426198 0.802681 0.417203 64.7054 0 0 0 1 
Seq_Frame0039_ForcepTipToForcep-SequenceTransformStatus = OK
Seq_Frame0039_Timestamp = 12.317
Seq_Frame0040_ForcepTipToForcep-SequenceTransform =0.699526 5.55112e-17 -0.714607 -93.8638 -0.573602 0.596408 -0.561496 -77.4251 0.426198 0.802681 0.417203 64.7054 0 0 0 1 
Seq_Frame0040_ForcepTipToForcep-SequenceTransformStatus = OK
Seq_Frame0040_Timestamp = 12.419
Seq_Frame0041_ForcepTipToForcep-SequenceTransform =0.699526 5.55112e-17 -0.714607 -93.8638 -0.573602 0.596408 -0.561496 -77.4251 0.426198 0.802681 0.417203 64.7054 0 0 0 1 
Seq_Frame0041_ForcepTipToForcep-SequenceTransformStatus = OK
Seq_Frame0041_Timestamp = 12.524
Seq_Frame0042_ForcepTipToForcep-SequenceTransform =0.699526 5.55112e-17 -0.714607 -93.8638 -0.573602 0.596408 -0.561496 -77.4251 0.426198 0.802681 0.417203 64.7054 0 0 0 1 
Seq_Frame0042_ForcepTipToForcep-SequenceTransformStatus = OK
Seq_Frame0042_Timestamp = 12.626
Seq_Frame0043_ForcepTipToForcep-SequenceTransform =0.699526 5.55112e-17 -0.714607 -93.8638 -0.573602 0.596408 -0.561496 -77.4251 0.426198 0.802681 0.417203 64.7054 0 0 0 1 
Seq_Frame0043_ForcepTipToForcep-SequenceTransformStatus = OK
Seq_Frame0043_Timestamp = 12.726
Seq_Frame0044_ForcepTipToForcep-SequenceTransform =0.699526 5.55112e-17 -0.714607 -93.8638 -0.573602 0.596408 -0.561496 -77.4251 0.426198 0.802681 0.417203 64.7054 0 0 0 1 
Seq_Frame0044_ForcepTipToForcep-SequenceTransformStatus = OK
Seq_Frame0044_Timestamp = 12.833
Seq_Frame0045_ForcepTipToForcep-SequenceTransform =0.699526 5.55112e-17 -0.714607 -93.8638 -0.573602 0.596408 -0.561496 -77.4251 0.426198 0.802681 0.417203 64.7054 0 0 0 1 
Seq_Frame0045_ForcepTipToForcep-SequenceTransformStatus = OK
Seq_Frame0045_Timestamp = 12.941
Seq_Frame0046_ForcepTipToForcep-SequenceTransform =0.699526 5.55112e-17 -0.714607 -93.8638 -0.573602 0.596408 -0.561496 -77.4251 0.426198 0.802681 0.417203 64.7054 0 0 0 1 
Seq_Frame0046_ForcepTipToForcep-SequenceTransformStatus = OK
Seq_Frame0046_Timestamp = 13.042
Seq_Frame0047_ForcepTipToForcep-SequenceTransform =0.699526 5.55112e-17 -0.714607 -93.8638 -0.573602 0.596408 -0.561496 -77.4251 0.426198 0.802681 0.417203 64.7054 0 0 0 1 
Seq_Frame0047_ForcepTipToForcep-SequenceTransformStatus = OK
Seq_Frame0047_Timestamp = 13.151
Seq_Frame0048_ForcepTipToForcep-SequenceTransform =0.699526 5.55112e-17 -0.714607 -93.8638 -0.573602 0.596408 -0.561496 -77.4251 0.426198 0.802681 0.417203 64.7054 0 0 0 1 
Seq_Frame0048_ForcepTipToForcep-SequenceTransformStatus = OK
Seq_Frame0048_Timestamp = 13.252
Seq_Frame0049_ForcepTipToForcep-SequenceTransform =0.699526 5.55112e-17 -0.714607 -93.8638 -0.573602 0.596408 -0.561496 -77.4251 0.426198 0.802681 0.417203 64.7054 0 0 0 1 
Seq_Frame0049_ForcepTipToForcep-SequenceTransformStatus = OK
Seq_Frame0049_Timestamp = 13.356
Seq_Frame0050_ForcepTipToForcep-SequenceTransform =0.699526 5.55112e-17 -0.714607 -93.8638 -0.573602 0.596408 -0.561496 -77.4251 0.426198 0.802681 0.417203 64.7054 0 0 0 1 
Seq_Frame0050_ForcepTipToForcep-SequenceTransformStatus = OK
Seq_Frame0050_Timestamp = 13.466
Seq_Frame0051_ForcepTipToForcep-SequenceTransform =0.699526 5.55112e-17 -0.714607 -93.8638 -0.573602 0.596408 -0.561496 -77.4251 0.426198 0.802681 0.417203 64.7054 0 0 0 1 
Seq_Frame0051_ForcepTipToForcep-SequenceTransformStatus = OK
Seq_Frame0051_Timestamp = 13.567
Seq_Frame0052_ForcepTipToForcep-SequenceTransform =0.699526 5.55112e-17 -0.714607 -93.8638 -0.573602 0.596408 -0.561496 -77.4251 0.426198 0.802681 0.417203 64.7054 0 0 0 1 
Seq_Frame0052_ForcepTipToForcep-SequenceTransformStatus = OK
Seq_Frame0052_Timestamp = 13.667
Seq_Frame0053_ForcepTipToForcep-SequenceTransform =0.699526 5.55112e-17 -0.714607 -93.8638 -0.573602 0.596408 -0.561496 -77.4251 0.426198 0.802681 0.417203 64.7054 0 0 0 1 
Seq_Frame0053_ForcepTipToForcep-SequenceTransformStatus = OK
Seq_Frame0053_Timestamp = 13.773
Seq_Frame0054_ForcepTipToForcep-SequenceTransform =0.699526 5.55112e-17 -0.714607 -93.8638 -0.573602 0.596408 -0.561496 -77.4251 0.426198 0.802681 0.417203 64.7054 0 0 0 1 
Seq_Frame0054_ForcepTipToForcep-SequenceTransformStatus = OK
Seq_Frame0054_Timestamp = 13.877
Seq_Frame0055_ForcepTipToForcep-SequenceTransform =0.699526 5.55112e-17 -0.714607 -93.8638 -0.573602 0.596408 -0.561496 -77.4251 0.426198 0.802681 0.417203 64.7054 0 0 0 1 
Seq_Frame0055_ForcepTipToForcep-SequenceTransformStatus = OK
Seq_Frame0055_Timestamp = 13.978
Seq_Frame0056_ForcepTipToForcep-SequenceTransform =0.699526 5.55112e-17 -0.714607 -93.8638 -0.573602 0.596408 -0.561496 -77.4251 0.426198 0.802681 0.417203 64.7054 0 0 0 1 
Seq_Frame0056_ForcepTipToForcep-SequenceTransformStatus = OK
Seq_Frame0056_Timestamp = 14.091
Seq_Frame0057_ForcepTipToForcep-SequenceTransform =0.699526 5.55112e-17 -0.714607 -93.8638 -0.573602 0.596408 -0.561496 -77.4251 0.426198 0.802681 0.417203 64.7054 0 0 0 1 
Seq_Frame0057_ForcepTipToForcep-SequenceTransformStatus = OK
Seq_Frame0057_Timestamp = 14.192
Seq_Frame0058_ForcepTipToForcep-SequenceTransform =0.699526 5.55112e-17 -0.714607 -93.8638 -0.573602 0.596408 -0.561496 -77.4251 0.426198 0.802681 0.417203 64.7054 0 0 0 1 
Seq_Frame0058_ForcepTipToForcep-SequenceTransformStatus = OK
Seq_Frame0058_Timestamp = 14.292
Seq_Frame0059_ForcepTipToForcep-SequenceTransform =0.699526 5.55112e-17 -0.714607 -93.8638 -0.573602 0.596408 -0.561496 -77.4251 0.426198 0.802681 0.417203 64.7054 0 0 0 1 
Seq_Frame0059_ForcepTipToForcep-SequenceTransformStatus = OK
Seq_Frame0059_Timestamp = 14.396
Seq_Frame0060_ForcepTipToForcep-SequenceTransform =0.699526 5.55112e-17 -0.714607 -93.8638 -0.573602 0.596408 -0.561496 -77.4251 0.426198 0.802681 0.417203 64.7054 0 0 0 1 
Seq_Frame0060_ForcepTipToForcep-SequenceTransformStatus = OK
Seq_Frame0060_Timestamp = 14.501
Seq_Frame0061_ForcepTipToForcep-SequenceTransform =0.699526 5.55112e-17 -0.714607 -93.8638 -0.573602 0.596408 -0.561496 -77.4251 0.426198 0.802681 0.417203 64.7054 0 0 0 1 
Seq_Frame0061_ForcepTipToForcep-SequenceTransformStatus = OK
Seq_Frame0061_Timestamp = 14.607
Seq_Frame0062_ForcepTipToForcep-SequenceTransform =0.699526 5.55112e-17 -0.714607 -93.8638 -0.573602 0.596408 -0.561496 -77.4251 0.426198 0.802681 0.417203 64.7054 0 0 0 1 
Seq_Frame0062_ForcepTipToForcep-SequenceTransformStatus = OK
Seq_Frame0062_Timestamp = 14.716
Seq_Frame0063_ForcepTipToForcep-SequenceTransform =0.699526 5.55112e-17 -0.714607 -93.8638 -0.573602 0.596408 -0.561496 -77.4251 0.426198 0.802681 0.417203 64.7054 0 0 0 1 
Seq_Frame0063_ForcepTipToForcep-SequenceTransformStatus = OK
Seq_Frame0063_Timestamp = 14.827
Seq_Frame0064_ForcepTipToForcep-SequenceTransform =0.699526 5.55112e-17 -0.714607 -93.8638 -0.573602 0.596408 -0.561496 -77.4251 0.426198 0.802681 0.417203 64.7054 0 0 0 1 
Seq_Frame0064_ForcepTipToForcep-SequenceTransformStatus = OK
Seq_Frame0064_Timestamp = 14.941
Seq_Frame0065_ForcepTipToForcep-SequenceTransform =0.699526 5.55112e-17 -0.714607 -93.8638 -0.573602 0.596408 -0.561496 -77.4251 0.426198 0.802681 0.417203 64.7054 0 0 0 1 
Seq_Frame0065_ForcepTipToForcep-SequenceTransformStatus = OK
Seq_Frame0065_Timestamp = 15.042
Seq_Frame0066_ForcepTipToForcep-SequenceTransform =0.699526 5.55112e-17 -0.714607 -93.8638 -0.573602 0.596408 -0.561496 -77.4251 0.426198 0.802681 0.417203 64.7054 0 0 0 1 
Seq_Frame0066_ForcepTipToForcep-SequenceTransformStatus = OK
Seq_Frame0066_Timestamp = 15.147
Seq_Frame0067_ForcepTipToForcep-SequenceTransform =0.699526 5.55112e-17 -0.714607 -93.8638 -0.573602 0.596408 -0.561496 -77.4251 0.426198 0.802681 0.417203 64.7054 0 0 0 1 
Seq_Frame0067_ForcepTipToForcep-SequenceTransformStatus = OK
Seq_Frame0067_Timestamp = 15.252
Seq_Frame0068_ForcepTipToForcep-SequenceTransform =0.699526 5.55112e-17 -0.714607 -93.8638 -0.573602 0.596408 -0.561496 -77.4251 0.426198 0.802681 0.417203 64.7054 0 0 0 1 
Seq_Frame0068_ForcepTipToForcep-SequenceTransformStatus = OK
Seq_Frame0068_Timestamp = 15.353
Seq_Frame0069_ForcepTipToForcep-SequenceTransform =0.699526 5.55112e-17 -0.714607 -93.8638 -0.573602 0.596408 -0.561496 -77.4251 0.426198 0.802681 0.417203 64.7054 0 0 0 1 
Seq_Frame0069_ForcepTipToForcep-SequenceTransformStatus = OK
Seq_Frame0069_Timestamp = 15.453
Seq_Frame0070_ForcepTipToForcep-SequenceTransform =0.699526 5.55112e-17 -0.714607 -93.8638 -0.573602 0.596408 -0.561496 -77.4251 0.426198 0.802681 0.417203 64.7054 0 0 0 1 
Seq_Frame0070_ForcepTipToForcep-SequenceTransformStatus = OK
Seq_Frame0070_Timestamp = 15.554
Seq_Frame0071_ForcepTipToForcep-SequenceTransform =0.699526 5.55112e-17 -0.714607 -93.8638 -0.573602 0.596408 -0.561496 -77.4251 0.426198 0.802681 0.417203 64.7054 0 0 0 1 
Seq_Frame0071_ForcepTipToForcep-SequenceTransformStatus = OK
Seq_Frame0071_Timestamp = 15.662
Seq_Frame0072_ForcepTipToForcep-SequenceTransform =0.699526 5.55112e-17 -0.714607 -93.8638 -0.573602 0.596408 -0.561496 -77.4251 0.426198 0.802681 0.417203 64.7054 0 0 0 1 
Seq_Frame0072_ForcepTipToForcep-SequenceTransformStatus = OK
Seq_Frame0072_Timestamp = 15.767
Seq_Frame0073_ForcepTipToForcep-SequenceTransform =0.699526 5.55112e-17 -0.714607 -93.8638 -0.573602 0.596408 -0.561496 -77.4251 0.426198 0.802681 0.417203 64.7054 0 0 0 1 
Seq_Frame0073_ForcepTipToForcep-SequenceTransformStatus = OK
Seq_Frame0073_Timestamp = 15.871
Seq_Frame0074_ForcepTipToForcep-SequenceTransform =0.699526 5.55112e-17 -0.714607 -93.8638 -0.573602 0.596408 -0.561496 -77.4251 0.426198 0.802681 0.417203 64.7054 0 0 0 1 
Seq_Frame0074_ForcepTipToForcep-SequenceTransformStatus = OK
Seq_Frame0074_Timestamp = 15.974
Seq_Frame0075_ForcepTipToForcep-SequenceTransform =0.699526 5.55112e-17 -0.714607 -93.8638 -0.573602 0.596408 -0.561496 -77.4251 0.426198 0.802681 0.417203 64.7054 0 0 0 1 
Seq_Frame0075_ForcepTipToForcep-SequenceTransformStatus = OK
Seq_Frame0075_Timestamp = 16.076
Seq_Frame0076_ForcepTipToForcep-SequenceTransform =0.699526 5.55112e-17 -0.714607 -93.8638 -0.573602 0.596408 -0.561496 -77.4251 0.426198 0.802681 0.417203 64.7054 0 0 0 1 
Seq_Frame0076_ForcepTipToForcep-SequenceTransformStatus = OK
Seq_Frame0076_Timestamp = 16.177
Seq_Frame0077_ForcepTipToForcep-SequenceTransform =0.699526 5.55112e-17 -0.714607 -93.8638 -0.573602 0.596408 -0.561496 -77.4251 0.426198 0.802681 0.417203 64.7054 0 0 0 1 
Seq_Frame0077_ForcepTipToForcep-SequenceTransformStatus = OK
Seq_Frame0077_Timestamp = 16.278
Seq_Frame0078_ForcepTipToForcep-SequenceTransform =0.699526 5.55112e-17 -0.714607 -93.8638 -0.573602 0.596408 -0.561496 -77.4251 0.426198 0.802681 0.417203 64.7054 0 0 0 1 
Seq_Frame0078_ForcepTipToForcep-SequenceTransformStatus = OK
Seq_Frame0078_Timestamp = 16.382
Seq_Frame0079_ForcepTipToForcep-SequenceTransform =0.699526 5.55112e-17 -0.714607 -93.8638 -0.573602 0.596408 -0.561496 -77.4251 0.426198 0.802681 0.417203 64.7054 0 0 0 1 
Seq_Frame0079_ForcepTipToForcep-SequenceTransformStatus = OK
Seq_Frame0079_Timestamp = 16.496
Seq_Frame0080_ForcepTipToForcep-SequenceTransform =0.699526 5.55112e-17 -0.714607 -93.8638 -0.573602 0.596408 -0.561496 -77.4251 0.426198 0.802681 0.417203 64.7054 0 0 0 1 
Seq_Frame0080_ForcepTipToForcep-SequenceTransformStatus = OK
Seq_Frame0080_Timestamp = 16.6
Seq_Frame0081_ForcepTipToForcep-SequenceTransform =0.699526 5.55112e-17 -0.714607 -93.8638 -0.573602 0.596408 -0.561496 -77.4251 0.426198 0.802681 0.417203 64.7054 0 0 0 1 
Seq_Frame0081_ForcepTipToForcep-SequenceTransformStatus = OK
Seq_Frame0081_Timestamp = 16.7
Seq_Frame0082_ForcepTipToForcep-SequenceTransform =0.699526 5.55112e-17 -0.714607 -93.8638 -0.573602 0.596408 -0.561496 -77.4251 0.426198 0.802681 0.417203 64.7054 0 0 0 1 
Seq_Frame0082_ForcepTipToForcep-SequenceTransformStatus = OK
Seq_Frame0082_Timestamp = 16.812
Seq_Frame0083_ForcepTipToForcep-SequenceTransform =0.699526 5.55112e-17 -0.714607 -93.8638 -0.573602 0.596408 -0.561496 -77.4251 0.426198 0.802681 0.417203 64.7054 0 0 0 1 
Seq_Frame0083_ForcepTipToForcep-SequenceTransformStatus = OK
Seq_Frame0083_Timestamp = 16.918
Seq_Frame0084_ForcepTipToForcep-SequenceTransform =0.699526 5.55112e-17 -0.714607 -93.8638 -0.573602 0.596408 -0.561496 -77.4251 0.426198 0.802681 0.417203 64.7054 0 0 0 1 
Seq_Frame0084_ForcepTipToForcep-SequenceTransformStatus = OK
Seq_Frame0084_Timestamp = 17.024
Seq_Frame0085_ForcepTipToForcep-SequenceTransform =0.699526 5.55112e-17 -0.714607 -93.8638 -0.573602 0.596408 -0.561496 -77.4251 0.426198 0.802681 0.417203 64.7054 0 0 0 1 
Seq_Frame0085_ForcepTipToForcep-SequenceTransformStatus = OK
Seq_Frame0085_Timestamp = 17.401
Seq_Frame0086_ForcepTipToForcep-SequenceTransform =0.699526 5.55112e-17 -0.714607 -93.8638 -0.573602 0.596408 -0.561496 -77.4251 0.426198 0.802681 0.417203 64.7054 0 0 0 1 
Seq_Frame0086_ForcepTipToForcep-SequenceTransformStatus = OK
Seq_Frame0086_Timestamp = 17.507
Seq_Frame0087_ForcepTipToForcep-SequenceTransform =0.699526 5.55112e-17 -0.714607 -93.8638 -0.573602 0.596408 -0.561496 -77.4251 0.426198 0.802681 0.417203 64.7054 0 0 0 1 
Seq_Frame0087_ForcepTipToForcep-SequenceTransformStatus = OK
Seq_Frame0087_Timestamp = 18.668
Seq_Frame0088_ForcepTipToForcep-SequenceTransform =0.699526 5.55112e-17 -0.714607 -93.8638 -0.573602 0.596408 -0.561496 -77.4251 0.426198 0.802681 0.417203 64.7054 0 0 0 1 
Seq_Frame0088_ForcepTipToForcep-SequenceTransformStatus = OK
Seq_Frame0088_Timestamp = 18.776
Seq_Frame0089_ForcepTipToForcep-SequenceTransform =0.699526 5.55112e-17 -0.714607 -93.8638 -0.573602 0.596408 -0.561496 -77.4251 0.426198 0.802681 0.417203 64.7054 0 0 0 1 
Seq_Frame0089_ForcepTipToForcep-SequenceTransformStatus = OK
Seq_Frame0089_Timestamp = 18.877
Seq_Frame0090_ForcepTipToForcep-SequenceTransform =0.699526 5.55112e-17 -0.714607 -93.8638 -0.573602 0.596408 -0.561496 -77.4251 0.426198 0.802681 0.417203 64.7054 0 0 0 1 
Seq_Frame0090_ForcepTipToForcep-SequenceTransformStatus = OK
Seq_Frame0090_Timestamp = 18.982
Seq_Frame0091_ForcepTipToForcep-SequenceTransform =0.699526 5.55112e-17 -0.714607 -93.8638 -0.573602 0.596408 -0.561496 -77.4251 0.426198 0.802681 0.417203 64.7054 0 0 0 1 
Seq_Frame0091_ForcepTipToForcep-SequenceTransformStatus = OK
Seq_Frame0091_Timestamp = 19.083
Seq_Frame0092_ForcepTipToForcep-SequenceTransform =0.699526 5.55112e-17 -0.714607 -93.8638 -0.573602 0.596408 -0.561496 -77.4251 0.426198 0.802681 0.417203 64.7054 0 0 0 1 
Seq_Frame0092_ForcepTipToForcep-SequenceTransformStatus = OK
Seq_Frame0092_Timestamp = 19.183
Seq_Frame0093_ForcepTipToForcep-SequenceTransform =0.699526 5.55112e-17 -0.714607 -93.8638 -0.573602 0.596408 -0.561496 -77.4251 0.426198 0.802681 0.417203 64.7054 0 0 0 1 
Seq_Frame0093_ForcepTipToForcep-SequenceTransformStatus = OK
Seq_Frame0093_Timestamp = 19.287
Seq_Frame0094_ForcepTipToForcep-SequenceTransform =0.699526 5.55112e-17 -0.714607 -93.8638 -0.573602 0.596408 -0.561496 -77.4251 0.426198 0.802681 0.417203 64.7054 0 0 0 1 
Seq_Frame0094_ForcepTipToForcep-SequenceTransformStatus = OK
Seq_Frame0094_Timestamp = 19.391
Seq_Frame0095_ForcepTipToForcep-SequenceTransform =0.699526 5.55112e-17 -0.714607 -93.8638 -0.573602 0.596408 -0.561496 -77.4251 0.426198 0.802681 0.417203 64.7054 0 0 0 1 
Seq_Frame0095_ForcepTipToForcep-SequenceTransformStatus = OK
Seq_Frame0095_Timestamp = 19.492
Seq_Frame0096_ForcepTipToForcep-SequenceTransform =0.699526 5.55112e-17 -0.714607 -93.8638 -0.573602 0.596408 -0.561496 -77.4251 0.426198 0.802681 0.417203 64.7054 0 0 0 1 
Seq_Frame0096_ForcepTipToForcep-SequenceTransformStatus = OK
Seq_Frame0096_Timestamp = 19.601
Seq_Frame0097_ForcepTipToForcep-SequenceTransform =0.699526 5.55112e-17 -0.714607 -93.8638 -0.573602 0.596408 -0.561496 -77.4251 0.426198 0.802681 0.417203 64.7054 0 0 0 1 
Seq_Frame0097_ForcepTipToForcep-SequenceTransformStatus = OK
Seq_Frame0097_Timestamp = 19.712
Seq_Frame0098_ForcepTipToForcep-SequenceTransform =0.699526 5.55112e-17 -0.714607 -93.8638 -0.573602 0.596408 -0.561496 -77.4251 0.426198 0.802681 0.417203 64.7054 0 0 0 1 
Seq_Frame0098_ForcepTipToForcep-SequenceTransformStatus = OK
Seq_Frame0098_Timestamp = 19.812
Seq_Frame0099_ForcepTipToForcep-SequenceTransform =0.699526 5.55112e-17 -0.714607 -93.8638 -0.573602 0.596408 -0.561496 -77.4251 0.426198 0.802681 0.417203 64.7054 0 0 0 1 
Seq_Frame0099_ForcepTipToForcep-SequenceTransformStatus = OK
Seq_Frame0099_Timestamp = 19.916
Seq_Frame0100_ForcepTipToForcep-SequenceTransform =0.699526 5.55112e-17 -0.714607 -93.8638 -0.573602 0.596408 -0.561496 -77.4251 0.426198 0.802681 0.417203 64.7054 0 0 0 1 
Seq_Frame0100_ForcepTipToForcep-SequenceTransformStatus = OK
Seq_Frame0100_Timestamp = 20.017
Seq_Frame0101_ForcepTipToForcep-SequenceTransform =0.699526 5.55112e-17 -0.714607 -93.8638 -0.573602 0.596408 -0.561496 -77.4251 0.426198 0.802681 0.417203 64.7054 0 0 0 1 
Seq_Frame0101_ForcepTipToForcep-SequenceTransformStatus = OK
Seq_Frame0101_Timestamp = 20.124
Seq_Frame0102_ForcepTipToForcep-SequenceTransform =0.699526 5.55112e-17 -0.714607 -93.8638 -0.573602 0.596408 -0.561496 -77.4251 0.426198 0.802681 0.417203 64.7054 0 0 0 1 
Seq_Frame0102_ForcepTipToForcep-SequenceTransformStatus = OK
Seq_Frame0102_Timestamp = 20.226
Seq_Frame0103_ForcepTipToForcep-SequenceTransform =0.699526 5.55112e-17 -0.714607 -93.8638 -0.573602 0.596408 -0.561496 -77.4251 0.426198 0.802681 0.417203 64.7054 0 0 0 1 
Seq_Frame0103_ForcepTipToForcep-SequenceTransformStatus = OK
Seq_Frame0103_Timestamp = 20.327
Seq_Frame0104_ForcepTipToForcep-SequenceTransform =0.699526 5.55112e-17 -0.714607 -93.8638 -0.573602 0.596408 -0.561496 -77.4251 0.426198 0.802681 0.417203 64.7054 0 0 0 1 
Seq_Frame0104_ForcepTipToForcep-SequenceTransformStatus = OK
Seq_Frame0104_Timestamp = 20.427
Seq_Frame0105_ForcepTipToForcep-SequenceTransform =0.699526 5.55112e-17 -0.714607 -93.8638 -0.573602 0.596408 -0.561496 -77.4251 0.426198 0.802681 0.417203 64.7054 0 0 0 1 
Seq_Frame0105_ForcepTipToForcep-SequenceTransformStatus = OK
Seq_Frame0105_Timestamp = 20.531
Seq_Frame0106_ForcepTipToForcep-SequenceTransform =0.699526 5.55112e-17 -0.714607 -93.8638 -0.573602 0.596408 -0.561496 -77.4251 0.426198 0.802681 0.417203 64.7054 0 0 0 1 
Seq_Frame0106_ForcepTipToForcep-SequenceTransformStatus = OK
Seq_Frame0106_Timestamp = 20.632
Seq_Frame0107_ForcepTipToForcep-SequenceTransform =0.699526 5.55112e-17 -0.714607 -93.8638 -0.573602 0.596408 -0.561496 -77.4251 0.426198 0.802681 0.417203 64.7054 0 0 0 1 
Seq_Frame0107_ForcepTipToForcep-SequenceTransformStatus = OK
Seq_Frame0107_Timestamp = 20.733
Seq_Frame0108_ForcepTipToForcep-SequenceTransform =0.699526 5.55112e-17 -0.714607 -93.8638 -0.573602 0.596408 -0.561496 -77.4251 0.426198 0.802681 0.417203 64.7054 0 0 0 1 
Seq_Frame0108_ForcepTipToForcep-SequenceTransformStatus = OK
Seq_Frame0108_Timestamp = 20.837
Seq_Frame0109_ForcepTipToForcep-SequenceTransform =0.699526 5.55112e-17 -0.714607 -93.8638 -0.573602 0.596408 -0.561496 -77.4251 0.426198 0.802681 0.417203 64.7054 0 0 0 1 
Seq_Frame0109_ForcepTipToForcep-SequenceTransformStatus = OK
Seq_Frame0109_Timestamp = 20.942
Seq_Frame0110_ForcepTipToForcep-SequenceTransform =0.699526 5.55112e-17 -0.714607 -93.8638 -0.573602 0.596408 -0.561496 -77.4251 0.426198 0.802681 0.417203 64.7054 0 0 0 1 
Seq_Frame0110_ForcepTipToForcep-SequenceTransformStatus = OK
Seq_Frame0110_Timestamp = 21.042
Seq_Frame0111_ForcepTipToForcep-SequenceTransform =0.699526 5.55112e-17 -0.714607 -93.8638 -0.573602 0.596408 -0.561496 -77.4251 0.426198 0.802681 0.417203 64.7054 0 0 0 1 
Seq_Frame0111_ForcepTipToForcep-SequenceTransformStatus = OK
Seq_Frame0111_Timestamp = 21.143
Seq_Frame0112_ForcepTipToForcep-SequenceTransform =0.699526 5.55112e-17 -0.714607 -93.8638 -0.573602 0.596408 -0.561496 -77.4251 0.426198 0.802681 0.417203 64.7054 0 0 0 1 
Seq_Frame0112_ForcepTipToForcep-SequenceTransformStatus = OK
Seq_Frame0112_Timestamp = 21.249
Seq_Frame0113_ForcepTipToForcep-SequenceTransform =0.699526 5.55112e-17 -0.714607 -93.8638 -0.573602 0.596408 -0.561496 -77.4251 0.426198 0.802681 0.417203 64.7054 0 0 0 1 
Seq_Frame0113_ForcepTipToForcep-SequenceTransformStatus = OK
Seq_Frame0113_Timestamp = 21.352
Seq_Frame0114_ForcepTipToForcep-SequenceTransform =0.699526 5.55112e-17 -0.714607 -93.8638 -0.573602 0.596408 -0.561496 -77.4251 0.426198 0.802681 0.417203 64.7054 0 0 0 1 
Seq_Frame0114_ForcepTipToForcep-SequenceTransformStatus = OK
Seq_Frame0114_Timestamp = 21.458
Seq_Frame0115_ForcepTipToForcep-SequenceTransform =0.699526 5.55112e-17 -0.714607 -93.8638 -0.573602 0.596408 -0.561496 -77.4251 0.426198 0.802681 0.417203 64.7054 0 0 0 1 
Seq_Frame0115_ForcepTipToForcep-SequenceTransformStatus = OK
Seq_Frame0115_Timestamp = 21.561
Seq_Frame0116_ForcepTipToForcep-SequenceTransform =0.699526 5.55112e-17 -0.714607 -93.8638 -0.573602 0.596408 -0.561496 -77.4251 0.426198 0.802681 0.417203 64.7054 0 0 0 1 
Seq_Frame0116_ForcepTipToForcep-SequenceTransformStatus = OK
Seq_Frame0116_Timestamp = 21.662
Seq_Frame0117_ForcepTipToForcep-SequenceTransform =0.699526 5.55112e-17 -0.714607 -93.8638 -0.573602 0.596408 -0.561496 -77.4251 0.426198 0.802681 0.417203 64.7054 0 0 0 1 
Seq_Frame0117_ForcepTipToForcep-SequenceTransformStatus = OK
Seq_Frame0117_Timestamp = 21.762
Seq_Frame0118_ForcepTipToForcep-SequenceTransform =0.699526 5.55112e-17 -0.714607 -93.8638 -0.573602 0.596408 -0.561496 -77.4251 0.426198 0.802681 0.417203 64.7054 0 0 0 1 
Seq_Frame0118_ForcepTipToForcep-SequenceTransformStatus = OK
Seq_Frame0118_Timestamp = 21.867
Seq_Frame0119_ForcepTipToForcep-SequenceTransform =0.699526 5.55112e-17 -0.714607 -93.8638 -0.573602 0.596408 -0.561496 -77.4251 0.426198 0.802681 0.417203 64.7054 0 0 0 1 
Seq_Frame0119_ForcepTipToForcep-SequenceTransformStatus = OK
Seq_Frame0119_Timestamp = 21.977
Seq_Frame0120_ForcepTipToForcep-SequenceTransform =0.699526 5.55112e-17 -0.714607 -93.8638 -0.573602 0.596408 -0.561496 -77.4251 0.426198 0.802681 0.417203 64.7054 0 0 0 1 
Seq_Frame0120_ForcepTipToForcep-SequenceTransformStatus = OK
Seq_Frame0120_Timestamp = 22.078
Seq_Frame0121_ForcepTipToForcep-SequenceTransform =0.699526 5.55112e-17 -0.714607 -93.8638 -0.573602 0.596408 -0.561496 -77.4251 0.426198 0.802681 0.417203 64.7054 0 0 0 1 
Seq_Frame0121_ForcepTipToForcep-SequenceTransformStatus = OK
Seq_Frame0121_Timestamp = 22.183
Seq_Frame0122_ForcepTipToForcep-SequenceTransform =0.699526 5.55112e-17 -0.714607 -93.8638 -0.573602 0.596408 -0.561496 -77.4251 0.426198 0.802681 0.417203 64.7054 0 0 0 1 
Seq_Frame0122_ForcepTipToForcep-SequenceTransformStatus = OK
Seq_Frame0122_Timestamp = 22.291
Seq_Frame0123_ForcepTipToForcep-SequenceTransform =0.699526 5.55112e-17 -0.714607 -93.8638 -0.573602 0.596408 -0.561496 -77.4251 0.426198 0.802681 0.417203 64.7054 0 0 0 1 
Seq_Frame0123_ForcepTipToForcep-SequenceTransformStatus = OK
Seq_Frame0123_Timestamp = 22.391
Seq_Frame0124_ForcepTipToForcep-SequenceTransform =0.699526 5.55112e-17 -0.714607 -93.8638 -0.573602 0.596408 -0.561496 -77.4251 0.426198 0.802681 0.417203 64.7054 0 0 0 1 
Seq_Frame0124_ForcepTipToForcep-SequenceTransformStatus = OK
Seq_Frame0124_Timestamp = 22.492
Seq_Frame0125_ForcepTipToForcep-SequenceTransform =0.699526 5.55112e-17 -0.714607 -93.8638 -0.573602 0.596408 -0.561496 -77.4251 0.426198 0.802681 0.417203 64.7054 0 0 0 1 
Seq_Frame0125_ForcepTipToForcep-SequenceTransformStatus = OK
Seq_Frame0125_Timestamp = 22.604
Seq_Frame0126_ForcepTipToForcep-SequenceTransform =0.699526 5.55112e-17 -0.714607 -93.8638 -0.573602 0.596408 -0.561496 -77.4251 0.426198 0.802681 0.417203 64.7054 0 0 0 1 
Seq_Frame0126_ForcepTipToForcep-SequenceTransformStatus = OK
Seq_Frame0126_Timestamp = 22.706
Seq_Frame0127_ForcepTipToForcep-SequenceTransform =0.699526 5.55112e-17 -0.714607 -93.8638 -0.573602 0.596408 -0.561496 -77.4251 0.426198 0.802681 0.417203 64.7054 0 0 0 1 
Seq_Frame0127_ForcepTipToForcep-SequenceTransformStatus = OK
Seq_Frame0127_Timestamp = 23.331
Seq_Frame0128_ForcepTipToForcep-SequenceTransform =0.699526 5.55112e-17 -0.714607 -93.8638 -0.573602 0.596408 -0.561496 -77.4251 0.426198 0.802681 0.417203 64.7054 0 0 0 1 
Seq_Frame0128_ForcepTipToForcep-SequenceTransformStatus = OK
Seq_Frame0128_Timestamp = 23.432
Seq_Frame0129_ForcepTipToForcep-SequenceTransform =0.699526 5.55112e-17 -0.714607 -93.8638 -0.573602 0.596408 -0.561496 -77.4251 0.426198 0.802681 0.417203 64.7054 0 0 0 1 
Seq_Frame0129_ForcepTipToForcep-SequenceTransformStatus = OK
Seq_Frame0129_Timestamp = 23.701
Seq_Frame0130_ForcepTipToForcep-SequenceTransform =0.699526 5.55112e-17 -0.714607 -93.8638 -0.573602 0.596408 -0.561496 -77.4251 0.426198 0.802681 0.417203 64.7054 0 0 0 1 
Seq_Frame0130_ForcepTipToForcep-SequenceTransformStatus = OK
Seq_Frame0130_Timestamp = 23.808
Seq_Frame0131_ForcepTipToForcep-SequenceTransform =0.699526 5.55112e-17 -0.714607 -93.8638 -0.573602 0.596408 -0.561496 -77.4251 0.426198 0.802681 0.417203 64.7054 0 0 0 1 
Seq_Frame0131_ForcepTipToForcep-SequenceTransformStatus = OK
Seq_Frame0131_Timestamp = 23.916
Seq_Frame0132_ForcepTipToForcep-SequenceTransform =0.699526 5.55112e-17 -0.714607 -93.8638 -0.573602 0.596408 -0.561496 -77.4251 0.426198 0.802681 0.417203 64.7054 0 0 0 1 
Seq_Frame0132_ForcepTipToForcep-SequenceTransformStatus = OK
Seq_Frame0132_Timestamp = 24.017
Seq_Frame0133_ForcepTipToForcep-SequenceTransform =0.699526 5.55112e-17 -0.714607 -93.8638 -0.573602 0.596408 -0.561496 -77.4251 0.426198 0.802681 0.417203 64.7054 0 0 0 1 
Seq_Frame0133_ForcepTipToForcep-SequenceTransformStatus = OK
Seq_Frame0133_Timestamp = 24.756
Seq_Frame0134_ForcepTipToForcep-SequenceTransform =0.699526 5.55112e-17 -0.714607 -93.8638 -0.573602 0.596408 -0.561496 -77.4251 0.426198 0.802681 0.417203 64.7054 0 0 0 1 
Seq_Frame0134_ForcepTipToForcep-SequenceTransformStatus = OK
Seq_Frame0134_Timestamp = 24.862
Seq_Frame0135_ForcepTipToForcep-SequenceTransform =0.699526 5.55112e-17 -0.714607 -93.8638 -0.573602 0.596408 -0.561496 -77.4251 0.426198 0.802681 0.417203 64.7054 0 0 0 1 
Seq_Frame0135_ForcepTipToForcep-SequenceTransformStatus = OK
Seq_Frame0135_Timestamp = 25.532
Seq_Frame0136_ForcepTipToForcep-SequenceTransform =0.699526 5.55112e-17 -0.714607 -93.8638 -0.573602 0.596408 -0.561496 -77.4251 0.426198 0.802681 0.417203 64.7054 0 0 0 1 
Seq_Frame0136_ForcepTipToForcep-SequenceTransformStatus = OK
Seq_Frame0136_Timestamp = 25.633
Seq_Frame0137_ForcepTipToForcep-SequenceTransform =0.699526 5.55112e-17 -0.714607 -93.8638 -0.573602 0.596408 -0.561496 -77.4251 0.426198 0.802681 0.417203 64.7054 0 0 0 1 
Seq_Frame0137_ForcepTipToForcep-SequenceTransformStatus = OK
Seq_Frame0137_Timestamp = 25.741
Seq_Frame0138_ForcepTipToForcep-SequenceTransform =0.699526 5.55112e-17 -0.714607 -93.8638 -0.573602 0.596408 -0.561496 -77.4251 0.426198 0.802681 0.417203 64.7054 0 0 0 1 
Seq_Frame0138_ForcepTipToForcep-SequenceTransformStatus = OK
Seq_Frame0138_Timestamp = 25.946
Seq_Frame0139_ForcepTipToForcep-SequenceTransform =0.699526 5.55112e-17 -0.714607 -93.8638 -0.573602 0.596408 -0.561496 -77.4251 0.426198 0.802681 0.417203 64.7054 0 0 0 1 
Seq_Frame0139_ForcepTipToForcep-SequenceTransformStatus = OK
Seq_Frame0139_Timestamp = 26.047
Seq_Frame0140_ForcepTipToForcep-SequenceTransform =0.699526 5.55112e-17 -0.714607 -93.8638 -0.573602 0.596408 -0.561496 -77.4251 0.426198 0.802681 0.417203 64.7054 0 0 0 1 
Seq_Frame0140_ForcepTipToForcep-SequenceTransformStatus = OK
Seq_Frame0140_Timestamp = 26.152
Seq_Frame0141_ForcepTipToForcep-SequenceTransform =0.699526 5.55112e-17 -0.714607 -93.8638 -0.573602 0.596408 -0.561496 -77.4251 0.426198 0.802681 0.417203 64.7054 0 0 0 1 
Seq_Frame0141_ForcepTipToForcep-SequenceTransformStatus = OK
Seq_Frame0141_Timestamp = 26.252
Seq_Frame0142_ForcepTipToForcep-SequenceTransform =0.699526 5.55112e-17 -0.714607 -93.8638 -0.573602 0.596408 -0.561496 -77.4251 0.426198 0.802681 0.417203 64.7054 0 0 0 1 
Seq_Frame0142_ForcepTipToForcep-SequenceTransformStatus = OK
Seq_Frame0142_Timestamp = 26.353
Seq_Frame0143_ForcepTipToForcep-SequenceTransform =0.699526 5.55112e-17 -0.714607 -93.8638 -0.573602 0.596408 -0.561496 -77.4251 0.426198 0.802681 0.417203 64.7054 0 0 0 1 
Seq_Frame0143_ForcepTipToForcep-SequenceTransformStatus = OK
Seq_Frame0143_Timestamp = 26.462
Seq_Frame0144_ForcepTipToForcep-SequenceTransform =0.699526 5.55112e-17 -0.714607 -93.8638 -0.573602 0.596408 -0.561496 -77.4251 0.426198 0.802681 0.417203 64.7054 0 0 0 1 
Seq_Frame0144_ForcepTipToForcep-SequenceTransformStatus = OK
Seq_Frame0144_Timestamp = 26.566
Seq_Frame0145_ForcepTipToForcep-SequenceTransform =0.699526 5.55112e-17 -0.714607 -93.8638 -0.573602 0.596408 -0.561496 -77.4251 0.426198 0.802681 0.417203 64.7054 0 0 0 1 
Seq_Frame0145_ForcepTipToForcep-SequenceTransformStatus = OK
Seq_Frame0145_Timestamp = 26.667
Seq_Frame0146_ForcepTipToForcep-SequenceTransform =0.699526 5.55112e-17 -0.714607 -93.8638 -0.573602 0.596408 -0.561496 -77.4251 0.426198 0.802681 0.417203 64.7054 0 0 0 1 
Seq_Frame0146_ForcepTipToForcep-SequenceTransformStatus = OK
Seq_Frame0146_Timestamp = 26.771
Seq_Frame0147_ForcepTipToForcep-SequenceTransform =0.699526 5.55112e-17 -0.714607 -93.8638 -0.573602 0.596408 -0.561496 -77.4251 0.426198 0.802681 0.417203 64.7054 0 0 0 1 
Seq_Frame0147_ForcepTipToForcep-SequenceTransformStatus = OK
Seq_Frame0147_Timestamp = 26.872
Seq_Frame0148_ForcepTipToForcep-SequenceTransform =0.699526 5.55112e-17 -0.714607 -93.8638 -0.573602 0.596408 -0.561496 -77.4251 0.426198 0.802681 0.417203 64.7054 0 0 0 1 
Seq_Frame0148_ForcepTipToForcep-SequenceTransformStatus = OK
Seq_Frame0148_Timestamp = 26.976
