ObjectType = Image
NDims = 3
AnatomicalOrientation = RAI
BinaryData = True
CompressedData = False
DimSize = 0 0 3519
ElementSpacing = 1 1 1
Offset = 0 0 0
TransformMatrix = 1 0 0 0 1 0 0 0 1
ElementType = MET_UCHAR
Kinds = domain domain list
Seq_Frame0000_DriverToReference-SequenceTransform =0.818196 -0.553156 -0.156761 17.3399 0.225068 0.559055 -0.797999 117.118 0.529056 0.617638 0.581914 176.536 0 0 0 1 
Seq_Frame0000_DriverToReference-SequenceTransformStatus = OK
Seq_Frame0000_Timestamp = 0.00200009
Seq_Frame0001_DriverToReference-SequenceTransform =0.817066 -0.554147 -0.159135 17.3223 0.224514 0.560044 -0.797461 117.172 0.531033 0.61585 0.582007 176.46 0 0 0 1 
Seq_Frame0001_DriverToReference-SequenceTransformStatus = OK
Seq_Frame0001_Timestamp = 0.106
Seq_Frame0002_DriverToReference-SequenceTransform =0.798574 -0.586265 -0.136279 13.5326 0.274315 0.556035 -0.784587 114.006 0.535752 0.589167 0.604856 171.429 0 0 0 1 
Seq_Frame0002_DriverToReference-SequenceTransformStatus = OK
Seq_Frame0002_Timestamp = 0.209
Seq_Frame0003_DriverToReference-SequenceTransform =0.803777 -0.579279 -0.135567 15.805 0.287782 0.578013 -0.763598 116.783 0.520696 0.574749 0.6313 169.006 0 0 0 1 
Seq_Frame0003_DriverToReference-SequenceTransformStatus = OK
Seq_Frame0003_Timestamp = 0.31
Seq_Frame0004_DriverToReference-SequenceTransform =0.792073 -0.606277 -0.0710506 22.7539 0.412619 0.617541 -0.669618 127.136 0.449851 0.501069 0.7393 168.827 0 0 0 1 
Seq_Frame0004_DriverToReference-SequenceTransformStatus = OK
Seq_Frame0004_Timestamp = 0.419
Seq_Frame0005_DriverToReference-SequenceTransform =0.742085 -0.660203 0.115937 31.924 0.587798 0.5578 -0.585963 166.643 0.322185 0.502982 0.802001 172.076 0 0 0 1 
Seq_Frame0005_DriverToReference-SequenceTransformStatus = OK
Seq_Frame0005_Timestamp = 0.543
Seq_Frame0006_DriverToReference-SequenceTransform =0.562523 -0.703354 0.434581 26.3776 0.821121 0.536671 -0.194279 210.372 -0.0965801 0.46613 0.879429 181.253 0 0 0 1 
Seq_Frame0006_DriverToReference-SequenceTransformStatus = OK
Seq_Frame0006_Timestamp = 0.65
Seq_Frame0007_DriverToReference-SequenceTransform =0.331701 -0.707694 0.623814 7.29047 0.888339 0.456883 0.0459596 248.722 -0.317535 0.538913 0.780221 180.458 0 0 0 1 
Seq_Frame0007_DriverToReference-SequenceTransformStatus = OK
Seq_Frame0007_Timestamp = 0.756
Seq_Frame0008_DriverToReference-SequenceTransform =0.300069 -0.682741 0.666201 -13.6129 0.932779 0.356216 -0.0550798 282.806 -0.199706 0.637945 0.743736 174.355 0 0 0 1 
Seq_Frame0008_DriverToReference-SequenceTransformStatus = OK
Seq_Frame0008_Timestamp = 0.859
Seq_Frame0009_DriverToReference-SequenceTransform =0.295481 -0.63014 0.718063 -33.7371 0.9455 0.300534 -0.125336 308.426 -0.136823 0.715963 0.684599 171.102 0 0 0 1 
Seq_Frame0009_DriverToReference-SequenceTransformStatus = OK
Seq_Frame0009_Timestamp = 0.961
Seq_Frame0010_DriverToReference-SequenceTransform =0.262398 -0.576141 0.774086 -52.969 0.957188 0.25701 -0.133177 320.063 -0.122219 0.775891 0.618915 172.013 0 0 0 1 
Seq_Frame0010_DriverToReference-SequenceTransformStatus = OK
Seq_Frame0010_Timestamp = 1.061
Seq_Frame0011_DriverToReference-SequenceTransform =0.26007 -0.501701 0.825021 -63.6183 0.96296 0.197777 -0.183283 330.938 -0.0712173 0.842128 0.534554 173.475 0 0 0 1 
Seq_Frame0011_DriverToReference-SequenceTransformStatus = OK
Seq_Frame0011_Timestamp = 1.162
Seq_Frame0012_DriverToReference-SequenceTransform =0.184913 -0.523646 0.831626 -69.3087 0.982657 0.0866041 -0.163964 333.17 0.0138366 0.847523 0.530579 175.788 0 0 0 1 
Seq_Frame0012_DriverToReference-SequenceTransformStatus = OK
Seq_Frame0012_Timestamp = 1.262
Seq_Frame0013_DriverToReference-SequenceTransform =0.0532755 -0.61419 0.787358 -73.0179 0.926544 -0.263639 -0.268349 331.474 0.372396 0.743818 0.555029 183.492 0 0 0 1 
Seq_Frame0013_DriverToReference-SequenceTransformStatus = OK
Seq_Frame0013_Timestamp = 1.366
Seq_Frame0014_DriverToReference-SequenceTransform =-0.244807 -0.726789 0.641754 -78.3425 0.799269 -0.525957 -0.290755 325.069 0.548853 0.441755 0.709657 189.745 0 0 0 1 
Seq_Frame0014_DriverToReference-SequenceTransformStatus = OK
Seq_Frame0014_Timestamp = 1.466
Seq_Frame0015_DriverToReference-SequenceTransform =-0.658719 -0.718025 -0.224789 -85.9406 0.735659 -0.677309 0.00770625 320.408 -0.157785 -0.160292 0.974377 175.805 0 0 0 1 
Seq_Frame0015_DriverToReference-SequenceTransformStatus = OK
Seq_Frame0015_Timestamp = 1.587
Seq_Frame0016_DriverToReference-SequenceTransform =-0.655206 -0.755442 -0.00363255 -92.0056 0.744583 -0.646585 0.165902 323.257 -0.127678 0.105995 0.986135 176.692 0 0 0 1 
Seq_Frame0016_DriverToReference-SequenceTransformStatus = OK
Seq_Frame0016_Timestamp = 1.694
Seq_Frame0017_DriverToReference-SequenceTransform =-0.682463 -0.727322 0.0724391 -96.297 0.724934 -0.686199 -0.0600111 334.326 0.093355 0.0115582 0.995566 195.756 0 0 0 1 
Seq_Frame0017_DriverToReference-SequenceTransformStatus = OK
Seq_Frame0017_Timestamp = 1.801
Seq_Frame0018_DriverToReference-SequenceTransform =-0.626747 -0.778433 -0.0350713 -92.3742 0.734624 -0.575268 -0.359715 338.17 0.259838 -0.251214 0.932403 211.992 0 0 0 1 
Seq_Frame0018_DriverToReference-SequenceTransformStatus = OK
Seq_Frame0018_Timestamp = 1.905
Seq_Frame0019_DriverToReference-SequenceTransform =-0.469745 -0.875374 0.11428 -87.5872 0.73871 -0.460645 -0.49205 341.613 0.483371 -0.146718 0.863033 220.175 0 0 0 1 
Seq_Frame0019_DriverToReference-SequenceTransformStatus = OK
Seq_Frame0019_Timestamp = 2.006
Seq_Frame0020_DriverToReference-SequenceTransform =-0.415066 -0.908571 0.0471124 -86.0103 0.759344 -0.374486 -0.532125 343.703 0.501116 -0.185092 0.845354 224.441 0 0 0 1 
Seq_Frame0020_DriverToReference-SequenceTransformStatus = OK
Seq_Frame0020_Timestamp = 2.117
Seq_Frame0021_DriverToReference-SequenceTransform =-0.415066 -0.908571 0.0471124 -86.0103 0.759344 -0.374486 -0.532125 343.703 0.501116 -0.185092 0.845354 224.441 0 0 0 1 
Seq_Frame0021_DriverToReference-SequenceTransformStatus = OK
Seq_Frame0021_Timestamp = 2.221
Seq_Frame0022_DriverToReference-SequenceTransform =-0.228606 -0.968398 0.0997253 -81.7802 0.664193 -0.230042 -0.711286 350.252 0.711749 -0.0963675 0.695792 230.814 0 0 0 1 
Seq_Frame0022_DriverToReference-SequenceTransformStatus = OK
Seq_Frame0022_Timestamp = 2.321
Seq_Frame0023_DriverToReference-SequenceTransform =-0.249894 -0.964139 -0.0893833 -75.6611 0.676115 -0.107667 -0.728887 344.738 0.693125 -0.242578 0.678774 238.432 0 0 0 1 
Seq_Frame0023_DriverToReference-SequenceTransformStatus = OK
Seq_Frame0023_Timestamp = 2.422
Seq_Frame0024_DriverToReference-SequenceTransform =-0.250378 -0.968088 0.0108236 -74.9771 0.666625 -0.180496 -0.723209 348.382 0.702084 -0.17386 0.690544 239.919 0 0 0 1 
Seq_Frame0024_DriverToReference-SequenceTransformStatus = OK
Seq_Frame0024_Timestamp = 2.531
Seq_Frame0025_DriverToReference-SequenceTransform =-0.283884 -0.943316 0.171947 -79.3663 0.674111 -0.323873 -0.663837 352.069 0.681897 -0.0725408 0.727842 240.316 0 0 0 1 
Seq_Frame0025_DriverToReference-SequenceTransformStatus = OK
Seq_Frame0025_Timestamp = 2.634
Seq_Frame0026_DriverToReference-SequenceTransform =-0.322238 -0.864561 0.385613 -84.075 0.706019 -0.490842 -0.510502 350.854 0.630635 0.107747 0.768564 242.202 0 0 0 1 
Seq_Frame0026_DriverToReference-SequenceTransformStatus = OK
Seq_Frame0026_Timestamp = 2.741
Seq_Frame0027_DriverToReference-SequenceTransform =-0.540165 -0.61757 0.571689 -96.1393 0.792182 -0.602407 0.0977464 318.762 0.284024 0.505681 0.814627 246.965 0 0 0 1 
Seq_Frame0027_DriverToReference-SequenceTransformStatus = OK
Seq_Frame0027_Timestamp = 2.85
Seq_Frame0028_DriverToReference-SequenceTransform =-0.564923 -0.524129 0.637299 -93.9115 0.760931 -0.629627 0.156696 299.399 0.319132 0.573462 0.754517 269.769 0 0 0 1 
Seq_Frame0028_DriverToReference-SequenceTransformStatus = OK
Seq_Frame0028_Timestamp = 2.96
Seq_Frame0029_DriverToReference-SequenceTransform =-0.516086 -0.612834 0.598406 -84.8589 0.736052 -0.674599 -0.0560673 297.597 0.438044 0.411522 0.799229 282.571 0 0 0 1 
Seq_Frame0029_DriverToReference-SequenceTransformStatus = OK
Seq_Frame0029_Timestamp = 3.061
Seq_Frame0030_DriverToReference-SequenceTransform =-0.573921 -0.602628 0.554485 -79.6595 0.705117 -0.707983 -0.0396213 294.176 0.416443 0.368237 0.83125 284.565 0 0 0 1 
Seq_Frame0030_DriverToReference-SequenceTransformStatus = OK
Seq_Frame0030_Timestamp = 3.162
Seq_Frame0031_DriverToReference-SequenceTransform =-0.567539 -0.60109 0.562664 -77.846 0.729354 -0.68412 0.00483349 292.864 0.382024 0.413124 0.826672 285.13 0 0 0 1 
Seq_Frame0031_DriverToReference-SequenceTransformStatus = OK
Seq_Frame0031_Timestamp = 3.267
Seq_Frame0032_DriverToReference-SequenceTransform =-0.553935 -0.566921 0.609719 -74.0716 0.779715 -0.610008 0.141188 296.291 0.291891 0.553616 0.779942 283.14 0 0 0 1 
Seq_Frame0032_DriverToReference-SequenceTransformStatus = OK
Seq_Frame0032_Timestamp = 3.37
Seq_Frame0033_DriverToReference-SequenceTransform =-0.495958 -0.648273 0.577727 -63.6057 0.824521 -0.56027 0.0791376 298.294 0.27238 0.515596 0.812385 285.265 0 0 0 1 
Seq_Frame0033_DriverToReference-SequenceTransformStatus = OK
Seq_Frame0033_Timestamp = 3.471
Seq_Frame0034_DriverToReference-SequenceTransform =-0.431993 -0.72757 0.532939 -60.8352 0.861601 -0.507556 0.0054837 306.268 0.266507 0.46155 0.846136 284.222 0 0 0 1 
Seq_Frame0034_DriverToReference-SequenceTransformStatus = OK
Seq_Frame0034_Timestamp = 3.571
Seq_Frame0035_DriverToReference-SequenceTransform =-0.44215 -0.686206 0.577603 -68.3998 0.859209 -0.508852 0.0531898 313.024 0.257415 0.519799 0.814583 276.718 0 0 0 1 
Seq_Frame0035_DriverToReference-SequenceTransformStatus = OK
Seq_Frame0035_Timestamp = 3.684
Seq_Frame0036_DriverToReference-SequenceTransform =-0.678678 -0.415039 0.605919 -71.9292 0.693731 -0.633118 0.343364 315.736 0.241109 0.653379 0.717609 256.025 0 0 0 1 
Seq_Frame0036_DriverToReference-SequenceTransformStatus = OK
Seq_Frame0036_Timestamp = 3.796
Seq_Frame0037_DriverToReference-SequenceTransform =-0.856658 -0.0232716 0.515359 -65.2895 0.357362 -0.747244 0.560284 309.978 0.37206 0.664142 0.648449 233.863 0 0 0 1 
Seq_Frame0037_DriverToReference-SequenceTransformStatus = OK
Seq_Frame0037_Timestamp = 3.906
Seq_Frame0038_DriverToReference-SequenceTransform =-0.779622 -0.113257 0.615924 -80.6446 0.364541 -0.881782 0.299284 322.051 0.509215 0.457858 0.728743 219.401 0 0 0 1 
Seq_Frame0038_DriverToReference-SequenceTransformStatus = OK
Seq_Frame0038_Timestamp = 4.009
Seq_Frame0039_DriverToReference-SequenceTransform =-0.611749 -0.211109 0.762362 -127.317 0.446977 -0.887387 0.112942 311.372 0.652667 0.409851 0.637219 218.201 0 0 0 1 
Seq_Frame0039_DriverToReference-SequenceTransformStatus = OK
Seq_Frame0039_Timestamp = 4.126
Seq_Frame0040_DriverToReference-SequenceTransform =-0.54952 -0.076654 0.831957 -143.607 0.58493 -0.746319 0.317591 301.758 0.596561 0.66116 0.454954 216.713 0 0 0 1 
Seq_Frame0040_DriverToReference-SequenceTransformStatus = OK
Seq_Frame0040_Timestamp = 4.226
Seq_Frame0041_DriverToReference-SequenceTransform =-0.54952 -0.076654 0.831957 -143.607 0.58493 -0.746319 0.317591 301.758 0.596561 0.66116 0.454954 216.713 0 0 0 1 
Seq_Frame0041_DriverToReference-SequenceTransformStatus = OK
Seq_Frame0041_Timestamp = 4.331
Seq_Frame0042_DriverToReference-SequenceTransform =-0.54952 -0.076654 0.831957 -143.607 0.58493 -0.746319 0.317591 301.758 0.596561 0.66116 0.454954 216.713 0 0 0 1 
Seq_Frame0042_DriverToReference-SequenceTransformStatus = OK
Seq_Frame0042_Timestamp = 4.444
Seq_Frame0043_DriverToReference-SequenceTransform =0.323222 0.483473 -0.8135 -137.782 0.410625 -0.846152 -0.339728 280.658 -0.852593 -0.224236 -0.47202 281.239 0 0 0 1 
Seq_Frame0043_DriverToReference-SequenceTransformStatus = OK
Seq_Frame0043_Timestamp = 4.551
Seq_Frame0044_DriverToReference-SequenceTransform =0.330292 0.490519 -0.806411 -140.401 0.382871 -0.85054 -0.360544 274.265 -0.862738 -0.189666 -0.468732 284.79 0 0 0 1 
Seq_Frame0044_DriverToReference-SequenceTransformStatus = OK
Seq_Frame0044_Timestamp = 4.658
Seq_Frame0045_DriverToReference-SequenceTransform =0.358262 0.48198 -0.79959 -139.4 0.306422 -0.8697 -0.386947 266.816 -0.881904 -0.106383 -0.45927 284.625 0 0 0 1 
Seq_Frame0045_DriverToReference-SequenceTransformStatus = OK
Seq_Frame0045_Timestamp = 4.766
Seq_Frame0046_DriverToReference-SequenceTransform =0.384982 0.469206 -0.794754 -138.24 0.242391 -0.8823 -0.403476 260.484 -0.890525 -0.0373104 -0.453402 284.493 0 0 0 1 
Seq_Frame0046_DriverToReference-SequenceTransformStatus = OK
Seq_Frame0046_Timestamp = 4.87
Seq_Frame0047_DriverToReference-SequenceTransform =0.358957 0.514577 -0.778692 -136.383 0.200574 -0.85733 -0.474084 254.622 -0.911548 0.0139901 -0.410955 284.52 0 0 0 1 
Seq_Frame0047_DriverToReference-SequenceTransformStatus = OK
Seq_Frame0047_Timestamp = 4.982
Seq_Frame0048_DriverToReference-SequenceTransform =0.358957 0.514577 -0.778692 -136.383 0.200574 -0.85733 -0.474084 254.622 -0.911548 0.0139901 -0.410955 284.52 0 0 0 1 
Seq_Frame0048_DriverToReference-SequenceTransformStatus = OK
Seq_Frame0048_Timestamp = 5.235
Seq_Frame0049_DriverToReference-SequenceTransform =0.358957 0.514577 -0.778692 -136.383 0.200574 -0.85733 -0.474084 254.622 -0.911548 0.0139901 -0.410955 284.52 0 0 0 1 
Seq_Frame0049_DriverToReference-SequenceTransformStatus = OK
Seq_Frame0049_Timestamp = 5.351
Seq_Frame0050_DriverToReference-SequenceTransform =0.358957 0.514577 -0.778692 -136.383 0.200574 -0.85733 -0.474084 254.622 -0.911548 0.0139901 -0.410955 284.52 0 0 0 1 
Seq_Frame0050_DriverToReference-SequenceTransformStatus = OK
Seq_Frame0050_Timestamp = 5.459
Seq_Frame0051_DriverToReference-SequenceTransform =0.358957 0.514577 -0.778692 -136.383 0.200574 -0.85733 -0.474084 254.622 -0.911548 0.0139901 -0.410955 284.52 0 0 0 1 
Seq_Frame0051_DriverToReference-SequenceTransformStatus = OK
Seq_Frame0051_Timestamp = 5.56
Seq_Frame0052_DriverToReference-SequenceTransform =0.358957 0.514577 -0.778692 -136.383 0.200574 -0.85733 -0.474084 254.622 -0.911548 0.0139901 -0.410955 284.52 0 0 0 1 
Seq_Frame0052_DriverToReference-SequenceTransformStatus = OK
Seq_Frame0052_Timestamp = 5.676
Seq_Frame0053_DriverToReference-SequenceTransform =0.0102817 -0.999945 0.00229958 -148.206 0.783258 0.00662403 -0.621662 2.80472 0.621612 0.0081929 0.783282 12.2396 0 0 0 1 
Seq_Frame0053_DriverToReference-SequenceTransformStatus = OK
Seq_Frame0053_Timestamp = 5.786
Seq_Frame0054_DriverToReference-SequenceTransform =0.0102817 -0.999945 0.00229958 -148.206 0.783258 0.00662403 -0.621662 2.80472 0.621612 0.0081929 0.783282 12.2396 0 0 0 1 
Seq_Frame0054_DriverToReference-SequenceTransformStatus = OK
Seq_Frame0054_Timestamp = 5.9
Seq_Frame0055_DriverToReference-SequenceTransform =0.0102817 -0.999945 0.00229958 -148.206 0.783258 0.00662403 -0.621662 2.80472 0.621612 0.0081929 0.783282 12.2396 0 0 0 1 
Seq_Frame0055_DriverToReference-SequenceTransformStatus = OK
Seq_Frame0055_Timestamp = 6.001
Seq_Frame0056_DriverToReference-SequenceTransform =0.0102817 -0.999945 0.00229958 -148.206 0.783258 0.00662403 -0.621662 2.80472 0.621612 0.0081929 0.783282 12.2396 0 0 0 1 
Seq_Frame0056_DriverToReference-SequenceTransformStatus = OK
Seq_Frame0056_Timestamp = 6.101
Seq_Frame0057_DriverToReference-SequenceTransform =0.0102817 -0.999945 0.00229958 -148.206 0.783258 0.00662403 -0.621662 2.80472 0.621612 0.0081929 0.783282 12.2396 0 0 0 1 
Seq_Frame0057_DriverToReference-SequenceTransformStatus = OK
Seq_Frame0057_Timestamp = 6.21
Seq_Frame0058_DriverToReference-SequenceTransform =0.0102817 -0.999945 0.00229958 -148.206 0.783258 0.00662403 -0.621662 2.80472 0.621612 0.0081929 0.783282 12.2396 0 0 0 1 
Seq_Frame0058_DriverToReference-SequenceTransformStatus = OK
Seq_Frame0058_Timestamp = 6.321
Seq_Frame0059_DriverToReference-SequenceTransform =0.0102817 -0.999945 0.00229958 -148.206 0.783258 0.00662403 -0.621662 2.80472 0.621612 0.0081929 0.783282 12.2396 0 0 0 1 
Seq_Frame0059_DriverToReference-SequenceTransformStatus = OK
Seq_Frame0059_Timestamp = 6.422
Seq_Frame0060_DriverToReference-SequenceTransform =0.0102817 -0.999945 0.00229958 -148.206 0.783258 0.00662403 -0.621662 2.80472 0.621612 0.0081929 0.783282 12.2396 0 0 0 1 
Seq_Frame0060_DriverToReference-SequenceTransformStatus = OK
Seq_Frame0060_Timestamp = 6.529
Seq_Frame0061_DriverToReference-SequenceTransform =0.0102817 -0.999945 0.00229958 -148.206 0.783258 0.00662403 -0.621662 2.80472 0.621612 0.0081929 0.783282 12.2396 0 0 0 1 
Seq_Frame0061_DriverToReference-SequenceTransformStatus = OK
Seq_Frame0061_Timestamp = 6.635
Seq_Frame0062_DriverToReference-SequenceTransform =0.0102817 -0.999945 0.00229958 -148.206 0.783258 0.00662403 -0.621662 2.80472 0.621612 0.0081929 0.783282 12.2396 0 0 0 1 
Seq_Frame0062_DriverToReference-SequenceTransformStatus = OK
Seq_Frame0062_Timestamp = 6.744
Seq_Frame0063_DriverToReference-SequenceTransform =0.0102817 -0.999945 0.00229958 -148.206 0.783258 0.00662403 -0.621662 2.80472 0.621612 0.0081929 0.783282 12.2396 0 0 0 1 
Seq_Frame0063_DriverToReference-SequenceTransformStatus = OK
Seq_Frame0063_Timestamp = 6.85
Seq_Frame0064_DriverToReference-SequenceTransform =0.0102817 -0.999945 0.00229958 -148.206 0.783258 0.00662403 -0.621662 2.80472 0.621612 0.0081929 0.783282 12.2396 0 0 0 1 
Seq_Frame0064_DriverToReference-SequenceTransformStatus = OK
Seq_Frame0064_Timestamp = 6.957
Seq_Frame0065_DriverToReference-SequenceTransform =0.0102817 -0.999945 0.00229958 -148.206 0.783258 0.00662403 -0.621662 2.80472 0.621612 0.0081929 0.783282 12.2396 0 0 0 1 
Seq_Frame0065_DriverToReference-SequenceTransformStatus = OK
Seq_Frame0065_Timestamp = 7.065
Seq_Frame0066_DriverToReference-SequenceTransform =0.0102817 -0.999945 0.00229958 -148.206 0.783258 0.00662403 -0.621662 2.80472 0.621612 0.0081929 0.783282 12.2396 0 0 0 1 
Seq_Frame0066_DriverToReference-SequenceTransformStatus = OK
Seq_Frame0066_Timestamp = 7.173
Seq_Frame0067_DriverToReference-SequenceTransform =0.0102817 -0.999945 0.00229958 -148.206 0.783258 0.00662403 -0.621662 2.80472 0.621612 0.0081929 0.783282 12.2396 0 0 0 1 
Seq_Frame0067_DriverToReference-SequenceTransformStatus = OK
Seq_Frame0067_Timestamp = 7.279
Seq_Frame0068_DriverToReference-SequenceTransform =0.0102817 -0.999945 0.00229958 -148.206 0.783258 0.00662403 -0.621662 2.80472 0.621612 0.0081929 0.783282 12.2396 0 0 0 1 
Seq_Frame0068_DriverToReference-SequenceTransformStatus = OK
Seq_Frame0068_Timestamp = 7.388
Seq_Frame0069_DriverToReference-SequenceTransform =0.0102817 -0.999945 0.00229958 -148.206 0.783258 0.00662403 -0.621662 2.80472 0.621612 0.0081929 0.783282 12.2396 0 0 0 1 
Seq_Frame0069_DriverToReference-SequenceTransformStatus = OK
Seq_Frame0069_Timestamp = 7.49
Seq_Frame0070_DriverToReference-SequenceTransform =0.0102817 -0.999945 0.00229958 -148.206 0.783258 0.00662403 -0.621662 2.80472 0.621612 0.0081929 0.783282 12.2396 0 0 0 1 
Seq_Frame0070_DriverToReference-SequenceTransformStatus = OK
Seq_Frame0070_Timestamp = 7.596
Seq_Frame0071_DriverToReference-SequenceTransform =0.0102817 -0.999945 0.00229958 -148.206 0.783258 0.00662403 -0.621662 2.80472 0.621612 0.0081929 0.783282 12.2396 0 0 0 1 
Seq_Frame0071_DriverToReference-SequenceTransformStatus = OK
Seq_Frame0071_Timestamp = 7.707
Seq_Frame0072_DriverToReference-SequenceTransform =0.0102817 -0.999945 0.00229958 -148.206 0.783258 0.00662403 -0.621662 2.80472 0.621612 0.0081929 0.783282 12.2396 0 0 0 1 
Seq_Frame0072_DriverToReference-SequenceTransformStatus = OK
Seq_Frame0072_Timestamp = 7.812
Seq_Frame0073_DriverToReference-SequenceTransform =0.0102817 -0.999945 0.00229958 -148.206 0.783258 0.00662403 -0.621662 2.80472 0.621612 0.0081929 0.783282 12.2396 0 0 0 1 
Seq_Frame0073_DriverToReference-SequenceTransformStatus = OK
Seq_Frame0073_Timestamp = 7.92
Seq_Frame0074_DriverToReference-SequenceTransform =0.0102817 -0.999945 0.00229958 -148.206 0.783258 0.00662403 -0.621662 2.80472 0.621612 0.0081929 0.783282 12.2396 0 0 0 1 
Seq_Frame0074_DriverToReference-SequenceTransformStatus = OK
Seq_Frame0074_Timestamp = 8.029
Seq_Frame0075_DriverToReference-SequenceTransform =0.0102817 -0.999945 0.00229958 -148.206 0.783258 0.00662403 -0.621662 2.80472 0.621612 0.0081929 0.783282 12.2396 0 0 0 1 
Seq_Frame0075_DriverToReference-SequenceTransformStatus = OK
Seq_Frame0075_Timestamp = 8.137
Seq_Frame0076_DriverToReference-SequenceTransform =0.0102817 -0.999945 0.00229958 -148.206 0.783258 0.00662403 -0.621662 2.80472 0.621612 0.0081929 0.783282 12.2396 0 0 0 1 
Seq_Frame0076_DriverToReference-SequenceTransformStatus = OK
Seq_Frame0076_Timestamp = 8.246
Seq_Frame0077_DriverToReference-SequenceTransform =0.0102817 -0.999945 0.00229958 -148.206 0.783258 0.00662403 -0.621662 2.80472 0.621612 0.0081929 0.783282 12.2396 0 0 0 1 
Seq_Frame0077_DriverToReference-SequenceTransformStatus = OK
Seq_Frame0077_Timestamp = 8.357
Seq_Frame0078_DriverToReference-SequenceTransform =0.0102817 -0.999945 0.00229958 -148.206 0.783258 0.00662403 -0.621662 2.80472 0.621612 0.0081929 0.783282 12.2396 0 0 0 1 
Seq_Frame0078_DriverToReference-SequenceTransformStatus = OK
Seq_Frame0078_Timestamp = 8.465
Seq_Frame0079_DriverToReference-SequenceTransform =0.0102817 -0.999945 0.00229958 -148.206 0.783258 0.00662403 -0.621662 2.80472 0.621612 0.0081929 0.783282 12.2396 0 0 0 1 
Seq_Frame0079_DriverToReference-SequenceTransformStatus = OK
Seq_Frame0079_Timestamp = 8.572
Seq_Frame0080_DriverToReference-SequenceTransform =0.0102817 -0.999945 0.00229958 -148.206 0.783258 0.00662403 -0.621662 2.80472 0.621612 0.0081929 0.783282 12.2396 0 0 0 1 
Seq_Frame0080_DriverToReference-SequenceTransformStatus = OK
Seq_Frame0080_Timestamp = 8.675
Seq_Frame0081_DriverToReference-SequenceTransform =0.0102817 -0.999945 0.00229958 -148.206 0.783258 0.00662403 -0.621662 2.80472 0.621612 0.0081929 0.783282 12.2396 0 0 0 1 
Seq_Frame0081_DriverToReference-SequenceTransformStatus = OK
Seq_Frame0081_Timestamp = 8.784
Seq_Frame0082_DriverToReference-SequenceTransform =0.0102817 -0.999945 0.00229958 -148.206 0.783258 0.00662403 -0.621662 2.80472 0.621612 0.0081929 0.783282 12.2396 0 0 0 1 
Seq_Frame0082_DriverToReference-SequenceTransformStatus = OK
Seq_Frame0082_Timestamp = 8.893
Seq_Frame0083_DriverToReference-SequenceTransform =0.0102817 -0.999945 0.00229958 -148.206 0.783258 0.00662403 -0.621662 2.80472 0.621612 0.0081929 0.783282 12.2396 0 0 0 1 
Seq_Frame0083_DriverToReference-SequenceTransformStatus = OK
Seq_Frame0083_Timestamp = 9.006
Seq_Frame0084_DriverToReference-SequenceTransform =0.0102817 -0.999945 0.00229958 -148.206 0.783258 0.00662403 -0.621662 2.80472 0.621612 0.0081929 0.783282 12.2396 0 0 0 1 
Seq_Frame0084_DriverToReference-SequenceTransformStatus = OK
Seq_Frame0084_Timestamp = 9.11
Seq_Frame0085_DriverToReference-SequenceTransform =0.0102817 -0.999945 0.00229958 -148.206 0.783258 0.00662403 -0.621662 2.80472 0.621612 0.0081929 0.783282 12.2396 0 0 0 1 
Seq_Frame0085_DriverToReference-SequenceTransformStatus = OK
Seq_Frame0085_Timestamp = 9.216
Seq_Frame0086_DriverToReference-SequenceTransform =0.0102817 -0.999945 0.00229958 -148.206 0.783258 0.00662403 -0.621662 2.80472 0.621612 0.0081929 0.783282 12.2396 0 0 0 1 
Seq_Frame0086_DriverToReference-SequenceTransformStatus = OK
Seq_Frame0086_Timestamp = 9.323
Seq_Frame0087_DriverToReference-SequenceTransform =0.0102817 -0.999945 0.00229958 -148.206 0.783258 0.00662403 -0.621662 2.80472 0.621612 0.0081929 0.783282 12.2396 0 0 0 1 
Seq_Frame0087_DriverToReference-SequenceTransformStatus = OK
Seq_Frame0087_Timestamp = 9.429
Seq_Frame0088_DriverToReference-SequenceTransform =0.0102817 -0.999945 0.00229958 -148.206 0.783258 0.00662403 -0.621662 2.80472 0.621612 0.0081929 0.783282 12.2396 0 0 0 1 
Seq_Frame0088_DriverToReference-SequenceTransformStatus = OK
Seq_Frame0088_Timestamp = 9.536
Seq_Frame0089_DriverToReference-SequenceTransform =0.0102817 -0.999945 0.00229958 -148.206 0.783258 0.00662403 -0.621662 2.80472 0.621612 0.0081929 0.783282 12.2396 0 0 0 1 
Seq_Frame0089_DriverToReference-SequenceTransformStatus = OK
Seq_Frame0089_Timestamp = 9.642
Seq_Frame0090_DriverToReference-SequenceTransform =0.0102817 -0.999945 0.00229958 -148.206 0.783258 0.00662403 -0.621662 2.80472 0.621612 0.0081929 0.783282 12.2396 0 0 0 1 
Seq_Frame0090_DriverToReference-SequenceTransformStatus = OK
Seq_Frame0090_Timestamp = 9.747
Seq_Frame0091_DriverToReference-SequenceTransform =0.0102817 -0.999945 0.00229958 -148.206 0.783258 0.00662403 -0.621662 2.80472 0.621612 0.0081929 0.783282 12.2396 0 0 0 1 
Seq_Frame0091_DriverToReference-SequenceTransformStatus = OK
Seq_Frame0091_Timestamp = 9.858
Seq_Frame0092_DriverToReference-SequenceTransform =0.0102817 -0.999945 0.00229958 -148.206 0.783258 0.00662403 -0.621662 2.80472 0.621612 0.0081929 0.783282 12.2396 0 0 0 1 
Seq_Frame0092_DriverToReference-SequenceTransformStatus = OK
Seq_Frame0092_Timestamp = 9.964
Seq_Frame0093_DriverToReference-SequenceTransform =0.0102817 -0.999945 0.00229958 -148.206 0.783258 0.00662403 -0.621662 2.80472 0.621612 0.0081929 0.783282 12.2396 0 0 0 1 
Seq_Frame0093_DriverToReference-SequenceTransformStatus = OK
Seq_Frame0093_Timestamp = 10.073
Seq_Frame0094_DriverToReference-SequenceTransform =0.0102817 -0.999945 0.00229958 -148.206 0.783258 0.00662403 -0.621662 2.80472 0.621612 0.0081929 0.783282 12.2396 0 0 0 1 
Seq_Frame0094_DriverToReference-SequenceTransformStatus = OK
Seq_Frame0094_Timestamp = 10.18
Seq_Frame0095_DriverToReference-SequenceTransform =0.0102817 -0.999945 0.00229958 -148.206 0.783258 0.00662403 -0.621662 2.80472 0.621612 0.0081929 0.783282 12.2396 0 0 0 1 
Seq_Frame0095_DriverToReference-SequenceTransformStatus = OK
Seq_Frame0095_Timestamp = 10.286
Seq_Frame0096_DriverToReference-SequenceTransform =0.0102817 -0.999945 0.00229958 -148.206 0.783258 0.00662403 -0.621662 2.80472 0.621612 0.0081929 0.783282 12.2396 0 0 0 1 
Seq_Frame0096_DriverToReference-SequenceTransformStatus = OK
Seq_Frame0096_Timestamp = 10.394
Seq_Frame0097_DriverToReference-SequenceTransform =0.0102817 -0.999945 0.00229958 -148.206 0.783258 0.00662403 -0.621662 2.80472 0.621612 0.0081929 0.783282 12.2396 0 0 0 1 
Seq_Frame0097_DriverToReference-SequenceTransformStatus = OK
Seq_Frame0097_Timestamp = 10.545
Seq_Frame0098_DriverToReference-SequenceTransform =0.0102817 -0.999945 0.00229958 -148.206 0.783258 0.00662403 -0.621662 2.80472 0.621612 0.0081929 0.783282 12.2396 0 0 0 1 
Seq_Frame0098_DriverToReference-SequenceTransformStatus = OK
Seq_Frame0098_Timestamp = 11.188
Seq_Frame0099_DriverToReference-SequenceTransform =0.0102817 -0.999945 0.00229958 -148.206 0.783258 0.00662403 -0.621662 2.80472 0.621612 0.0081929 0.783282 12.2396 0 0 0 1 
Seq_Frame0099_DriverToReference-SequenceTransformStatus = OK
Seq_Frame0099_Timestamp = 11.299
Seq_Frame0100_DriverToReference-SequenceTransform =0.34598 0.63 -0.695268 -8.9317 0.096853 -0.761055 -0.641416 232.913 -0.93323 0.154578 -0.324327 184.154 0 0 0 1 
Seq_Frame0100_DriverToReference-SequenceTransformStatus = OK
Seq_Frame0100_Timestamp = 11.617
Seq_Frame0101_DriverToReference-SequenceTransform =-0.433101 -0.280526 0.856579 -55.4029 0.897865 -0.217707 0.382678 255.841 0.079132 0.934831 0.346164 198.014 0 0 0 1 
Seq_Frame0101_DriverToReference-SequenceTransformStatus = OK
Seq_Frame0101_Timestamp = 12.075
Seq_Frame0102_DriverToReference-SequenceTransform =-0.412566 -0.151125 0.898304 -79.7059 0.868453 -0.36287 0.33781 274.815 0.274916 0.919504 0.280953 185.108 0 0 0 1 
Seq_Frame0102_DriverToReference-SequenceTransformStatus = OK
Seq_Frame0102_Timestamp = 12.211
Seq_Frame0103_DriverToReference-SequenceTransform =-0.412566 -0.151125 0.898304 -79.7059 0.868453 -0.36287 0.33781 274.815 0.274916 0.919504 0.280953 185.108 0 0 0 1 
Seq_Frame0103_DriverToReference-SequenceTransformStatus = OK
Seq_Frame0103_Timestamp = 12.88
Seq_Frame0104_DriverToReference-SequenceTransform =-0.412566 -0.151125 0.898304 -79.7059 0.868453 -0.36287 0.33781 274.815 0.274916 0.919504 0.280953 185.108 0 0 0 1 
Seq_Frame0104_DriverToReference-SequenceTransformStatus = OK
Seq_Frame0104_Timestamp = 13.111
Seq_Frame0105_DriverToReference-SequenceTransform =0.110592 0.216101 -0.970088 -106.514 0.433313 -0.888905 -0.148618 253.435 -0.894432 -0.403916 -0.191945 152.443 0 0 0 1 
Seq_Frame0105_DriverToReference-SequenceTransformStatus = OK
Seq_Frame0105_Timestamp = 13.57
Seq_Frame0106_DriverToReference-SequenceTransform =0.159722 0.197936 -0.967115 -103.306 0.329559 -0.934176 -0.136767 252.979 -0.930526 -0.296877 -0.21444 157.393 0 0 0 1 
Seq_Frame0106_DriverToReference-SequenceTransformStatus = OK
Seq_Frame0106_Timestamp = 13.676
Seq_Frame0107_DriverToReference-SequenceTransform =0.190382 0.194307 -0.962289 -102.284 0.368791 -0.922578 -0.113325 258.821 -0.909806 -0.333309 -0.247301 158.779 0 0 0 1 
Seq_Frame0107_DriverToReference-SequenceTransformStatus = OK
Seq_Frame0107_Timestamp = 13.782
Seq_Frame0108_DriverToReference-SequenceTransform =0.214965 0.248807 -0.944397 -97.5232 0.317255 -0.932349 -0.173419 258.228 -0.923655 -0.262335 -0.279358 159.754 0 0 0 1 
Seq_Frame0108_DriverToReference-SequenceTransformStatus = OK
Seq_Frame0108_Timestamp = 13.905
Seq_Frame0109_DriverToReference-SequenceTransform =0.376248 0.458008 -0.805398 -46.4242 0.248195 -0.887327 -0.388653 264.964 -0.892657 -0.0536659 -0.44753 178.061 0 0 0 1 
Seq_Frame0109_DriverToReference-SequenceTransformStatus = OK
Seq_Frame0109_Timestamp = 14.013
Seq_Frame0110_DriverToReference-SequenceTransform =0.395601 0.502739 -0.768605 -34.5129 0.152246 -0.861194 -0.484939 258.474 -0.905716 0.0748257 -0.417229 182.238 0 0 0 1 
Seq_Frame0110_DriverToReference-SequenceTransformStatus = OK
Seq_Frame0110_Timestamp = 14.23
Seq_Frame0111_DriverToReference-SequenceTransform =0.395601 0.502739 -0.768605 -34.5129 0.152246 -0.861194 -0.484939 258.474 -0.905716 0.0748257 -0.417229 182.238 0 0 0 1 
Seq_Frame0111_DriverToReference-SequenceTransformStatus = OK
Seq_Frame0111_Timestamp = 14.335
Seq_Frame0112_DriverToReference-SequenceTransform =0.395601 0.502739 -0.768605 -34.5129 0.152246 -0.861194 -0.484939 258.474 -0.905716 0.0748257 -0.417229 182.238 0 0 0 1 
Seq_Frame0112_DriverToReference-SequenceTransformStatus = OK
Seq_Frame0112_Timestamp = 15.258
Seq_Frame0113_DriverToReference-SequenceTransform =0.395601 0.502739 -0.768605 -34.5129 0.152246 -0.861194 -0.484939 258.474 -0.905716 0.0748257 -0.417229 182.238 0 0 0 1 
Seq_Frame0113_DriverToReference-SequenceTransformStatus = OK
Seq_Frame0113_Timestamp = 15.367
Seq_Frame0114_DriverToReference-SequenceTransform =0.395601 0.502739 -0.768605 -34.5129 0.152246 -0.861194 -0.484939 258.474 -0.905716 0.0748257 -0.417229 182.238 0 0 0 1 
Seq_Frame0114_DriverToReference-SequenceTransformStatus = OK
Seq_Frame0114_Timestamp = 15.47
Seq_Frame0115_DriverToReference-SequenceTransform =0.395601 0.502739 -0.768605 -34.5129 0.152246 -0.861194 -0.484939 258.474 -0.905716 0.0748257 -0.417229 182.238 0 0 0 1 
Seq_Frame0115_DriverToReference-SequenceTransformStatus = OK
Seq_Frame0115_Timestamp = 15.579
Seq_Frame0116_DriverToReference-SequenceTransform =0.395601 0.502739 -0.768605 -34.5129 0.152246 -0.861194 -0.484939 258.474 -0.905716 0.0748257 -0.417229 182.238 0 0 0 1 
Seq_Frame0116_DriverToReference-SequenceTransformStatus = OK
Seq_Frame0116_Timestamp = 15.686
Seq_Frame0117_DriverToReference-SequenceTransform =0.395601 0.502739 -0.768605 -34.5129 0.152246 -0.861194 -0.484939 258.474 -0.905716 0.0748257 -0.417229 182.238 0 0 0 1 
Seq_Frame0117_DriverToReference-SequenceTransformStatus = OK
Seq_Frame0117_Timestamp = 15.797
Seq_Frame0118_DriverToReference-SequenceTransform =0.395601 0.502739 -0.768605 -34.5129 0.152246 -0.861194 -0.484939 258.474 -0.905716 0.0748257 -0.417229 182.238 0 0 0 1 
Seq_Frame0118_DriverToReference-SequenceTransformStatus = OK
Seq_Frame0118_Timestamp = 15.901
Seq_Frame0119_DriverToReference-SequenceTransform =0.395601 0.502739 -0.768605 -34.5129 0.152246 -0.861194 -0.484939 258.474 -0.905716 0.0748257 -0.417229 182.238 0 0 0 1 
Seq_Frame0119_DriverToReference-SequenceTransformStatus = OK
Seq_Frame0119_Timestamp = 16.012
Seq_Frame0120_DriverToReference-SequenceTransform =0.395601 0.502739 -0.768605 -34.5129 0.152246 -0.861194 -0.484939 258.474 -0.905716 0.0748257 -0.417229 182.238 0 0 0 1 
Seq_Frame0120_DriverToReference-SequenceTransformStatus = OK
Seq_Frame0120_Timestamp = 16.115
Seq_Frame0121_DriverToReference-SequenceTransform =0.395601 0.502739 -0.768605 -34.5129 0.152246 -0.861194 -0.484939 258.474 -0.905716 0.0748257 -0.417229 182.238 0 0 0 1 
Seq_Frame0121_DriverToReference-SequenceTransformStatus = OK
Seq_Frame0121_Timestamp = 16.227
Seq_Frame0122_DriverToReference-SequenceTransform =0.395601 0.502739 -0.768605 -34.5129 0.152246 -0.861194 -0.484939 258.474 -0.905716 0.0748257 -0.417229 182.238 0 0 0 1 
Seq_Frame0122_DriverToReference-SequenceTransformStatus = OK
Seq_Frame0122_Timestamp = 16.331
Seq_Frame0123_DriverToReference-SequenceTransform =0.395601 0.502739 -0.768605 -34.5129 0.152246 -0.861194 -0.484939 258.474 -0.905716 0.0748257 -0.417229 182.238 0 0 0 1 
Seq_Frame0123_DriverToReference-SequenceTransformStatus = OK
Seq_Frame0123_Timestamp = 16.44
Seq_Frame0124_DriverToReference-SequenceTransform =0.395601 0.502739 -0.768605 -34.5129 0.152246 -0.861194 -0.484939 258.474 -0.905716 0.0748257 -0.417229 182.238 0 0 0 1 
Seq_Frame0124_DriverToReference-SequenceTransformStatus = OK
Seq_Frame0124_Timestamp = 16.549
Seq_Frame0125_DriverToReference-SequenceTransform =0.395601 0.502739 -0.768605 -34.5129 0.152246 -0.861194 -0.484939 258.474 -0.905716 0.0748257 -0.417229 182.238 0 0 0 1 
Seq_Frame0125_DriverToReference-SequenceTransformStatus = OK
Seq_Frame0125_Timestamp = 16.656
Seq_Frame0126_DriverToReference-SequenceTransform =0.395601 0.502739 -0.768605 -34.5129 0.152246 -0.861194 -0.484939 258.474 -0.905716 0.0748257 -0.417229 182.238 0 0 0 1 
Seq_Frame0126_DriverToReference-SequenceTransformStatus = OK
Seq_Frame0126_Timestamp = 16.764
Seq_Frame0127_DriverToReference-SequenceTransform =0.395601 0.502739 -0.768605 -34.5129 0.152246 -0.861194 -0.484939 258.474 -0.905716 0.0748257 -0.417229 182.238 0 0 0 1 
Seq_Frame0127_DriverToReference-SequenceTransformStatus = OK
Seq_Frame0127_Timestamp = 16.874
Seq_Frame0128_DriverToReference-SequenceTransform =0.395601 0.502739 -0.768605 -34.5129 0.152246 -0.861194 -0.484939 258.474 -0.905716 0.0748257 -0.417229 182.238 0 0 0 1 
Seq_Frame0128_DriverToReference-SequenceTransformStatus = OK
Seq_Frame0128_Timestamp = 16.98
Seq_Frame0129_DriverToReference-SequenceTransform =0.395601 0.502739 -0.768605 -34.5129 0.152246 -0.861194 -0.484939 258.474 -0.905716 0.0748257 -0.417229 182.238 0 0 0 1 
Seq_Frame0129_DriverToReference-SequenceTransformStatus = OK
Seq_Frame0129_Timestamp = 17.09
Seq_Frame0130_DriverToReference-SequenceTransform =0.395601 0.502739 -0.768605 -34.5129 0.152246 -0.861194 -0.484939 258.474 -0.905716 0.0748257 -0.417229 182.238 0 0 0 1 
Seq_Frame0130_DriverToReference-SequenceTransformStatus = OK
Seq_Frame0130_Timestamp = 17.197
Seq_Frame0131_DriverToReference-SequenceTransform =0.395601 0.502739 -0.768605 -34.5129 0.152246 -0.861194 -0.484939 258.474 -0.905716 0.0748257 -0.417229 182.238 0 0 0 1 
Seq_Frame0131_DriverToReference-SequenceTransformStatus = OK
Seq_Frame0131_Timestamp = 17.31
Seq_Frame0132_DriverToReference-SequenceTransform =0.395601 0.502739 -0.768605 -34.5129 0.152246 -0.861194 -0.484939 258.474 -0.905716 0.0748257 -0.417229 182.238 0 0 0 1 
Seq_Frame0132_DriverToReference-SequenceTransformStatus = OK
Seq_Frame0132_Timestamp = 17.415
Seq_Frame0133_DriverToReference-SequenceTransform =0.395601 0.502739 -0.768605 -34.5129 0.152246 -0.861194 -0.484939 258.474 -0.905716 0.0748257 -0.417229 182.238 0 0 0 1 
Seq_Frame0133_DriverToReference-SequenceTransformStatus = OK
Seq_Frame0133_Timestamp = 17.52
Seq_Frame0134_DriverToReference-SequenceTransform =0.395601 0.502739 -0.768605 -34.5129 0.152246 -0.861194 -0.484939 258.474 -0.905716 0.0748257 -0.417229 182.238 0 0 0 1 
Seq_Frame0134_DriverToReference-SequenceTransformStatus = OK
Seq_Frame0134_Timestamp = 17.63
Seq_Frame0135_DriverToReference-SequenceTransform =0.395601 0.502739 -0.768605 -34.5129 0.152246 -0.861194 -0.484939 258.474 -0.905716 0.0748257 -0.417229 182.238 0 0 0 1 
Seq_Frame0135_DriverToReference-SequenceTransformStatus = OK
Seq_Frame0135_Timestamp = 17.739
Seq_Frame0136_DriverToReference-SequenceTransform =0.395601 0.502739 -0.768605 -34.5129 0.152246 -0.861194 -0.484939 258.474 -0.905716 0.0748257 -0.417229 182.238 0 0 0 1 
Seq_Frame0136_DriverToReference-SequenceTransformStatus = OK
Seq_Frame0136_Timestamp = 17.845
Seq_Frame0137_DriverToReference-SequenceTransform =0.395601 0.502739 -0.768605 -34.5129 0.152246 -0.861194 -0.484939 258.474 -0.905716 0.0748257 -0.417229 182.238 0 0 0 1 
Seq_Frame0137_DriverToReference-SequenceTransformStatus = OK
Seq_Frame0137_Timestamp = 17.954
Seq_Frame0138_DriverToReference-SequenceTransform =0.395601 0.502739 -0.768605 -34.5129 0.152246 -0.861194 -0.484939 258.474 -0.905716 0.0748257 -0.417229 182.238 0 0 0 1 
Seq_Frame0138_DriverToReference-SequenceTransformStatus = OK
Seq_Frame0138_Timestamp = 18.061
Seq_Frame0139_DriverToReference-SequenceTransform =0.395601 0.502739 -0.768605 -34.5129 0.152246 -0.861194 -0.484939 258.474 -0.905716 0.0748257 -0.417229 182.238 0 0 0 1 
Seq_Frame0139_DriverToReference-SequenceTransformStatus = OK
Seq_Frame0139_Timestamp = 18.169
Seq_Frame0140_DriverToReference-SequenceTransform =0.395601 0.502739 -0.768605 -34.5129 0.152246 -0.861194 -0.484939 258.474 -0.905716 0.0748257 -0.417229 182.238 0 0 0 1 
Seq_Frame0140_DriverToReference-SequenceTransformStatus = OK
Seq_Frame0140_Timestamp = 18.272
Seq_Frame0141_DriverToReference-SequenceTransform =0.395601 0.502739 -0.768605 -34.5129 0.152246 -0.861194 -0.484939 258.474 -0.905716 0.0748257 -0.417229 182.238 0 0 0 1 
Seq_Frame0141_DriverToReference-SequenceTransformStatus = OK
Seq_Frame0141_Timestamp = 18.38
Seq_Frame0142_DriverToReference-SequenceTransform =0.395601 0.502739 -0.768605 -34.5129 0.152246 -0.861194 -0.484939 258.474 -0.905716 0.0748257 -0.417229 182.238 0 0 0 1 
Seq_Frame0142_DriverToReference-SequenceTransformStatus = OK
Seq_Frame0142_Timestamp = 18.488
Seq_Frame0143_DriverToReference-SequenceTransform =0.395601 0.502739 -0.768605 -34.5129 0.152246 -0.861194 -0.484939 258.474 -0.905716 0.0748257 -0.417229 182.238 0 0 0 1 
Seq_Frame0143_DriverToReference-SequenceTransformStatus = OK
Seq_Frame0143_Timestamp = 18.597
Seq_Frame0144_DriverToReference-SequenceTransform =0.395601 0.502739 -0.768605 -34.5129 0.152246 -0.861194 -0.484939 258.474 -0.905716 0.0748257 -0.417229 182.238 0 0 0 1 
Seq_Frame0144_DriverToReference-SequenceTransformStatus = OK
Seq_Frame0144_Timestamp = 18.709
Seq_Frame0145_DriverToReference-SequenceTransform =0.395601 0.502739 -0.768605 -34.5129 0.152246 -0.861194 -0.484939 258.474 -0.905716 0.0748257 -0.417229 182.238 0 0 0 1 
Seq_Frame0145_DriverToReference-SequenceTransformStatus = OK
Seq_Frame0145_Timestamp = 18.811
Seq_Frame0146_DriverToReference-SequenceTransform =0.395601 0.502739 -0.768605 -34.5129 0.152246 -0.861194 -0.484939 258.474 -0.905716 0.0748257 -0.417229 182.238 0 0 0 1 
Seq_Frame0146_DriverToReference-SequenceTransformStatus = OK
Seq_Frame0146_Timestamp = 18.923
Seq_Frame0147_DriverToReference-SequenceTransform =0.395601 0.502739 -0.768605 -34.5129 0.152246 -0.861194 -0.484939 258.474 -0.905716 0.0748257 -0.417229 182.238 0 0 0 1 
Seq_Frame0147_DriverToReference-SequenceTransformStatus = OK
Seq_Frame0147_Timestamp = 19.026
Seq_Frame0148_DriverToReference-SequenceTransform =0.395601 0.502739 -0.768605 -34.5129 0.152246 -0.861194 -0.484939 258.474 -0.905716 0.0748257 -0.417229 182.238 0 0 0 1 
Seq_Frame0148_DriverToReference-SequenceTransformStatus = OK
Seq_Frame0148_Timestamp = 19.138
Seq_Frame0149_DriverToReference-SequenceTransform =0.395601 0.502739 -0.768605 -34.5129 0.152246 -0.861194 -0.484939 258.474 -0.905716 0.0748257 -0.417229 182.238 0 0 0 1 
Seq_Frame0149_DriverToReference-SequenceTransformStatus = OK
Seq_Frame0149_Timestamp = 19.241
