ObjectType = Image
NDims = 3
AnatomicalOrientation = RAI
BinaryData = True
CompressedData = False
DimSize = 0 0 3519
ElementSpacing = 1 1 1
Offset = 0 0 0
TransformMatrix = 1 0 0 0 1 0 0 0 1
ElementType = MET_UCHAR
Kinds = domain domain list
Seq_Frame0000_ForcepToReference-SequenceTransform =-0.525089 0.518103 0.675167 -42.8798 0.850522 0.347354 0.394916 104.659 -0.0299146 0.78161 -0.623049 151.269 0 0 0 1 
Seq_Frame0000_ForcepToReference-SequenceTransformStatus = OK
Seq_Frame0000_Timestamp = 0.00200009
Seq_Frame0001_ForcepToReference-SequenceTransform =-0.524829 0.517397 0.675911 -42.8727 0.850612 0.348493 0.393715 104.702 -0.0318435 0.781571 -0.623003 151.17 0 0 0 1 
Seq_Frame0001_ForcepToReference-SequenceTransformStatus = OK
Seq_Frame0001_Timestamp = 0.106
Seq_Frame0002_ForcepToReference-SequenceTransform =-0.513964 0.49214 0.702595 -43.0039 0.855304 0.356589 0.375898 104.705 -0.0655432 0.79413 -0.604203 152.093 0 0 0 1 
Seq_Frame0002_ForcepToReference-SequenceTransformStatus = OK
Seq_Frame0002_Timestamp = 0.209
Seq_Frame0003_ForcepToReference-SequenceTransform =-0.537191 0.520742 0.663516 -43.0702 0.842893 0.360287 0.399656 105.015 -0.0309385 0.773965 -0.632472 150.645 0 0 0 1 
Seq_Frame0003_ForcepToReference-SequenceTransformStatus = OK
Seq_Frame0003_Timestamp = 0.31
Seq_Frame0004_ForcepToReference-SequenceTransform =-0.522959 0.530393 0.667231 -42.7131 0.852019 0.347347 0.39168 104.611 -0.0240168 0.773326 -0.633553 150.853 0 0 0 1 
Seq_Frame0004_ForcepToReference-SequenceTransformStatus = OK
Seq_Frame0004_Timestamp = 0.419
Seq_Frame0005_ForcepToReference-SequenceTransform =-0.518178 0.52894 0.672097 -42.8443 0.854515 0.353255 0.380808 104.609 -0.0359973 0.771643 -0.635036 150.62 0 0 0 1 
Seq_Frame0005_ForcepToReference-SequenceTransformStatus = OK
Seq_Frame0005_Timestamp = 0.543
Seq_Frame0006_ForcepToReference-SequenceTransform =-0.517759 0.52699 0.673949 -42.7665 0.854741 0.352381 0.38111 104.59 -0.0366454 0.773375 -0.632889 150.666 0 0 0 1 
Seq_Frame0006_ForcepToReference-SequenceTransformStatus = OK
Seq_Frame0006_Timestamp = 0.65
Seq_Frame0007_ForcepToReference-SequenceTransform =-0.514975 0.523803 0.678551 -42.778 0.856155 0.353467 0.376908 104.533 -0.0424197 0.775043 -0.630483 150.817 0 0 0 1 
Seq_Frame0007_ForcepToReference-SequenceTransformStatus = OK
Seq_Frame0007_Timestamp = 0.756
Seq_Frame0008_ForcepToReference-SequenceTransform =-0.518251 0.527677 0.673032 -42.8091 0.854431 0.353438 0.380826 104.562 -0.036922 0.772424 -0.634034 150.821 0 0 0 1 
Seq_Frame0008_ForcepToReference-SequenceTransformStatus = OK
Seq_Frame0008_Timestamp = 0.859
Seq_Frame0009_ForcepToReference-SequenceTransform =-0.518648 0.528693 0.671928 -42.8119 0.854259 0.352892 0.381718 104.67 -0.0353063 0.771978 -0.634668 150.659 0 0 0 1 
Seq_Frame0009_ForcepToReference-SequenceTransformStatus = OK
Seq_Frame0009_Timestamp = 0.961
Seq_Frame0010_ForcepToReference-SequenceTransform =-0.519017 0.528426 0.671853 -42.8234 0.854109 0.351383 0.383442 104.553 -0.0334569 0.772849 -0.633707 150.67 0 0 0 1 
Seq_Frame0010_ForcepToReference-SequenceTransformStatus = OK
Seq_Frame0010_Timestamp = 1.061
Seq_Frame0011_ForcepToReference-SequenceTransform =-0.519099 0.528578 0.671671 -42.8821 0.854085 0.350932 0.383908 104.471 -0.0327857 0.77295 -0.633619 150.693 0 0 0 1 
Seq_Frame0011_ForcepToReference-SequenceTransformStatus = OK
Seq_Frame0011_Timestamp = 1.162
Seq_Frame0012_ForcepToReference-SequenceTransform =-0.519561 0.528347 0.671495 -42.9212 0.85378 0.351759 0.383829 104.671 -0.0334099 0.772732 -0.633853 150.564 0 0 0 1 
Seq_Frame0012_ForcepToReference-SequenceTransformStatus = OK
Seq_Frame0012_Timestamp = 1.262
Seq_Frame0013_ForcepToReference-SequenceTransform =-0.5198 0.528938 0.670844 -42.9183 0.853629 0.352413 0.383565 104.695 -0.033532 0.77203 -0.634701 150.449 0 0 0 1 
Seq_Frame0013_ForcepToReference-SequenceTransformStatus = OK
Seq_Frame0013_Timestamp = 1.366
Seq_Frame0014_ForcepToReference-SequenceTransform =-0.519725 0.52988 0.670159 -42.796 0.853704 0.352229 0.383569 104.626 -0.0328034 0.771467 -0.635423 150.565 0 0 0 1 
Seq_Frame0014_ForcepToReference-SequenceTransformStatus = OK
Seq_Frame0014_Timestamp = 1.466
Seq_Frame0015_ForcepToReference-SequenceTransform =-0.519452 0.529367 0.670776 -42.8007 0.853864 0.351838 0.383571 104.647 -0.0329547 0.771998 -0.63477 150.593 0 0 0 1 
Seq_Frame0015_ForcepToReference-SequenceTransformStatus = OK
Seq_Frame0015_Timestamp = 1.587
Seq_Frame0016_ForcepToReference-SequenceTransform =-0.518861 0.528514 0.671905 -42.8388 0.854204 0.351302 0.383305 104.566 -0.033459 0.772826 -0.633736 150.73 0 0 0 1 
Seq_Frame0016_ForcepToReference-SequenceTransformStatus = OK
Seq_Frame0016_Timestamp = 1.694
Seq_Frame0017_ForcepToReference-SequenceTransform =-0.518947 0.528703 0.67169 -42.864 0.854091 0.352851 0.382132 104.657 -0.034972 0.771991 -0.634671 150.585 0 0 0 1 
Seq_Frame0017_ForcepToReference-SequenceTransformStatus = OK
Seq_Frame0017_Timestamp = 1.801
Seq_Frame0018_ForcepToReference-SequenceTransform =-0.519097 0.52893 0.671395 -42.8269 0.853997 0.353175 0.382043 104.671 -0.0350466 0.771687 -0.635037 150.606 0 0 0 1 
Seq_Frame0018_ForcepToReference-SequenceTransformStatus = OK
Seq_Frame0018_Timestamp = 1.905
Seq_Frame0019_ForcepToReference-SequenceTransform =-0.519215 0.528659 0.671518 -42.8136 0.853951 0.352542 0.382729 104.669 -0.0344055 0.772162 -0.634494 150.535 0 0 0 1 
Seq_Frame0019_ForcepToReference-SequenceTransformStatus = OK
Seq_Frame0019_Timestamp = 2.006
Seq_Frame0020_ForcepToReference-SequenceTransform =-0.518539 0.528067 0.672505 -42.8382 0.854252 0.354002 0.380706 104.716 -0.0370299 0.771899 -0.634666 150.505 0 0 0 1 
Seq_Frame0020_ForcepToReference-SequenceTransformStatus = OK
Seq_Frame0020_Timestamp = 2.117
Seq_Frame0021_ForcepToReference-SequenceTransform =-0.51914 0.52862 0.671606 -42.8245 0.853981 0.352788 0.382435 104.65 -0.0347717 0.772076 -0.634578 150.607 0 0 0 1 
Seq_Frame0021_ForcepToReference-SequenceTransformStatus = OK
Seq_Frame0021_Timestamp = 2.221
Seq_Frame0022_ForcepToReference-SequenceTransform =-0.518953 0.528982 0.671465 -42.8681 0.854123 0.352221 0.382642 104.626 -0.0340931 0.772087 -0.634602 150.624 0 0 0 1 
Seq_Frame0022_ForcepToReference-SequenceTransformStatus = OK
Seq_Frame0022_Timestamp = 2.321
Seq_Frame0023_ForcepToReference-SequenceTransform =-0.518549 0.52777 0.67273 -42.812 0.854315 0.352357 0.382086 104.617 -0.0353876 0.772854 -0.633596 150.604 0 0 0 1 
Seq_Frame0023_ForcepToReference-SequenceTransformStatus = OK
Seq_Frame0023_Timestamp = 2.422
Seq_Frame0024_ForcepToReference-SequenceTransform =-0.518967 0.529057 0.671395 -42.8286 0.854061 0.353451 0.381644 104.676 -0.0353937 0.771473 -0.635276 150.557 0 0 0 1 
Seq_Frame0024_ForcepToReference-SequenceTransformStatus = OK
Seq_Frame0024_Timestamp = 2.531
Seq_Frame0025_ForcepToReference-SequenceTransform =-0.518739 0.528825 0.671754 -42.8708 0.85424 0.352234 0.382367 104.604 -0.0344092 0.772188 -0.634461 150.648 0 0 0 1 
Seq_Frame0025_ForcepToReference-SequenceTransformStatus = OK
Seq_Frame0025_Timestamp = 2.634
Seq_Frame0026_ForcepToReference-SequenceTransform =-0.518679 0.528324 0.672195 -42.8446 0.854291 0.351581 0.382855 104.604 -0.0340599 0.772829 -0.6337 150.625 0 0 0 1 
Seq_Frame0026_ForcepToReference-SequenceTransformStatus = OK
Seq_Frame0026_Timestamp = 2.741
Seq_Frame0027_ForcepToReference-SequenceTransform =-0.519177 0.528928 0.671335 -42.8279 0.85401 0.351854 0.383232 104.572 -0.0335103 0.772292 -0.634384 150.686 0 0 0 1 
Seq_Frame0027_ForcepToReference-SequenceTransformStatus = OK
Seq_Frame0027_Timestamp = 2.85
Seq_Frame0028_ForcepToReference-SequenceTransform =-0.519457 0.529372 0.670768 -42.8412 0.853855 0.351983 0.383457 104.632 -0.0331075 0.771928 -0.634847 150.638 0 0 0 1 
Seq_Frame0028_ForcepToReference-SequenceTransformStatus = OK
Seq_Frame0028_Timestamp = 2.96
Seq_Frame0029_ForcepToReference-SequenceTransform =-0.5195 0.529376 0.670731 -42.7674 0.853808 0.35249 0.383095 104.598 -0.0336241 0.771694 -0.635105 150.679 0 0 0 1 
Seq_Frame0029_ForcepToReference-SequenceTransformStatus = OK
Seq_Frame0029_Timestamp = 3.061
Seq_Frame0030_ForcepToReference-SequenceTransform =-0.519719 0.529257 0.670656 -42.8241 0.853727 0.351405 0.384272 104.624 -0.032293 0.77227 -0.634473 150.629 0 0 0 1 
Seq_Frame0030_ForcepToReference-SequenceTransformStatus = OK
Seq_Frame0030_Timestamp = 3.162
Seq_Frame0031_ForcepToReference-SequenceTransform =-0.522711 0.528032 0.669295 -43.0117 0.852073 0.348711 0.390348 104.635 -0.0272737 0.774328 -0.632197 150.904 0 0 0 1 
Seq_Frame0031_ForcepToReference-SequenceTransformStatus = OK
Seq_Frame0031_Timestamp = 3.267
Seq_Frame0032_ForcepToReference-SequenceTransform =-0.474732 0.526111 0.705576 -42.2568 0.863195 0.434827 0.256555 105.687 -0.171827 0.730844 -0.660562 148.763 0 0 0 1 
Seq_Frame0032_ForcepToReference-SequenceTransformStatus = OK
Seq_Frame0032_Timestamp = 3.37
Seq_Frame0033_ForcepToReference-SequenceTransform =-0.516138 0.516296 0.683403 -43.2425 0.855491 0.349582 0.382006 104.256 -0.0416773 0.781813 -0.622119 149.93 0 0 0 1 
Seq_Frame0033_ForcepToReference-SequenceTransformStatus = OK
Seq_Frame0033_Timestamp = 3.471
Seq_Frame0034_ForcepToReference-SequenceTransform =-0.516138 0.516296 0.683403 -43.2425 0.855491 0.349582 0.382006 104.256 -0.0416773 0.781813 -0.622119 149.93 0 0 0 1 
Seq_Frame0034_ForcepToReference-SequenceTransformStatus = OK
Seq_Frame0034_Timestamp = 3.571
Seq_Frame0035_ForcepToReference-SequenceTransform =-0.516138 0.516296 0.683403 -43.2425 0.855491 0.349582 0.382006 104.256 -0.0416773 0.781813 -0.622119 149.93 0 0 0 1 
Seq_Frame0035_ForcepToReference-SequenceTransformStatus = OK
Seq_Frame0035_Timestamp = 3.684
Seq_Frame0036_ForcepToReference-SequenceTransform =0.712765 -0.141275 -0.687028 -53.4421 -0.0396728 -0.986057 0.161607 134.687 -0.70028 -0.0879313 -0.708432 110.335 0 0 0 1 
Seq_Frame0036_ForcepToReference-SequenceTransformStatus = OK
Seq_Frame0036_Timestamp = 3.796
Seq_Frame0037_ForcepToReference-SequenceTransform =0.712765 -0.141275 -0.687028 -53.4421 -0.0396728 -0.986057 0.161607 134.687 -0.70028 -0.0879313 -0.708432 110.335 0 0 0 1 
Seq_Frame0037_ForcepToReference-SequenceTransformStatus = OK
Seq_Frame0037_Timestamp = 3.906
Seq_Frame0038_ForcepToReference-SequenceTransform =0.712765 -0.141275 -0.687028 -53.4421 -0.0396728 -0.986057 0.161607 134.687 -0.70028 -0.0879313 -0.708432 110.335 0 0 0 1 
Seq_Frame0038_ForcepToReference-SequenceTransformStatus = OK
Seq_Frame0038_Timestamp = 4.009
Seq_Frame0039_ForcepToReference-SequenceTransform =0.712765 -0.141275 -0.687028 -53.4421 -0.0396728 -0.986057 0.161607 134.687 -0.70028 -0.0879313 -0.708432 110.335 0 0 0 1 
Seq_Frame0039_ForcepToReference-SequenceTransformStatus = OK
Seq_Frame0039_Timestamp = 4.126
Seq_Frame0040_ForcepToReference-SequenceTransform =-0.17637 0.0719855 -0.981688 -144.911 -0.876362 -0.465602 0.123305 300.867 -0.448199 0.882062 0.145204 220.257 0 0 0 1 
Seq_Frame0040_ForcepToReference-SequenceTransformStatus = OK
Seq_Frame0040_Timestamp = 4.226
Seq_Frame0041_ForcepToReference-SequenceTransform =-0.207619 -0.0359459 -0.977549 -136.719 -0.887576 -0.413175 0.203703 297.495 -0.411221 0.909942 0.0538783 240.654 0 0 0 1 
Seq_Frame0041_ForcepToReference-SequenceTransformStatus = OK
Seq_Frame0041_Timestamp = 4.331
Seq_Frame0042_ForcepToReference-SequenceTransform =-0.246493 -0.914413 -0.321078 -207.485 0.891478 -0.343885 0.294975 113.933 -0.380143 -0.213524 0.899944 11.8762 0 0 0 1 
Seq_Frame0042_ForcepToReference-SequenceTransformStatus = OK
Seq_Frame0042_Timestamp = 4.444
Seq_Frame0043_ForcepToReference-SequenceTransform =-0.318387 -0.903373 -0.287311 -205.339 0.838746 -0.409689 0.358693 92.2906 -0.441741 -0.126777 0.88814 4.33019 0 0 0 1 
Seq_Frame0043_ForcepToReference-SequenceTransformStatus = OK
Seq_Frame0043_Timestamp = 4.551
Seq_Frame0044_ForcepToReference-SequenceTransform =-0.318387 -0.903373 -0.287311 -205.339 0.838746 -0.409689 0.358693 92.2906 -0.441741 -0.126777 0.88814 4.33019 0 0 0 1 
Seq_Frame0044_ForcepToReference-SequenceTransformStatus = OK
Seq_Frame0044_Timestamp = 4.658
Seq_Frame0045_ForcepToReference-SequenceTransform =-0.318387 -0.903373 -0.287311 -205.339 0.838746 -0.409689 0.358693 92.2906 -0.441741 -0.126777 0.88814 4.33019 0 0 0 1 
Seq_Frame0045_ForcepToReference-SequenceTransformStatus = OK
Seq_Frame0045_Timestamp = 4.766
Seq_Frame0046_ForcepToReference-SequenceTransform =-0.318387 -0.903373 -0.287311 -205.339 0.838746 -0.409689 0.358693 92.2906 -0.441741 -0.126777 0.88814 4.33019 0 0 0 1 
Seq_Frame0046_ForcepToReference-SequenceTransformStatus = OK
Seq_Frame0046_Timestamp = 4.87
Seq_Frame0047_ForcepToReference-SequenceTransform =-0.318387 -0.903373 -0.287311 -205.339 0.838746 -0.409689 0.358693 92.2906 -0.441741 -0.126777 0.88814 4.33019 0 0 0 1 
Seq_Frame0047_ForcepToReference-SequenceTransformStatus = OK
Seq_Frame0047_Timestamp = 4.982
Seq_Frame0048_ForcepToReference-SequenceTransform =-0.669402 0.0928224 0.737079 -163.547 -0.739911 0.00561901 -0.672681 20.3097 -0.0665815 -0.995667 0.0649189 5.67262 0 0 0 1 
Seq_Frame0048_ForcepToReference-SequenceTransformStatus = OK
Seq_Frame0048_Timestamp = 5.235
Seq_Frame0049_ForcepToReference-SequenceTransform =-0.64728 0.0636752 0.759588 -157.579 -0.76189 -0.0233286 -0.647286 16.0993 -0.023496 -0.997698 0.0636137 9.91588 0 0 0 1 
Seq_Frame0049_ForcepToReference-SequenceTransformStatus = OK
Seq_Frame0049_Timestamp = 5.351
Seq_Frame0050_ForcepToReference-SequenceTransform =-0.652719 0.0701629 0.754344 -154.01 -0.757593 -0.0645441 -0.649528 11.7763 0.00311574 -0.995445 0.0952841 12.3929 0 0 0 1 
Seq_Frame0050_ForcepToReference-SequenceTransformStatus = OK
Seq_Frame0050_Timestamp = 5.459
Seq_Frame0051_ForcepToReference-SequenceTransform =-0.676748 0.0906881 0.730608 -151.037 -0.73211 -0.187545 -0.65486 5.42921 0.0776337 -0.978061 0.193314 15.7377 0 0 0 1 
Seq_Frame0051_ForcepToReference-SequenceTransformStatus = OK
Seq_Frame0051_Timestamp = 5.56
Seq_Frame0052_ForcepToReference-SequenceTransform =-0.725898 0.115086 0.678106 -149.227 -0.667426 -0.356062 -0.654036 1.71723 0.166178 -0.927348 0.335276 17.8849 0 0 0 1 
Seq_Frame0052_ForcepToReference-SequenceTransformStatus = OK
Seq_Frame0052_Timestamp = 5.676
Seq_Frame0053_ForcepToReference-SequenceTransform =-0.726499 0.117422 0.677061 -149.095 -0.663803 -0.374664 -0.647296 1.78339 0.177664 -0.919695 0.350138 17.2162 0 0 0 1 
Seq_Frame0053_ForcepToReference-SequenceTransformStatus = OK
Seq_Frame0053_Timestamp = 5.786
Seq_Frame0054_ForcepToReference-SequenceTransform =-0.727082 0.117196 0.676473 -149.05 -0.663202 -0.374673 -0.647907 1.80297 0.177524 -0.91972 0.350143 17.3322 0 0 0 1 
Seq_Frame0054_ForcepToReference-SequenceTransformStatus = OK
Seq_Frame0054_Timestamp = 5.9
Seq_Frame0055_ForcepToReference-SequenceTransform =-0.726696 0.116772 0.676962 -149.065 -0.663665 -0.373787 -0.647945 1.76401 0.177378 -0.920135 0.349126 17.3808 0 0 0 1 
Seq_Frame0055_ForcepToReference-SequenceTransformStatus = OK
Seq_Frame0055_Timestamp = 6.001
Seq_Frame0056_ForcepToReference-SequenceTransform =-0.727069 0.117406 0.676451 -149.079 -0.663261 -0.374634 -0.64787 1.82271 0.177358 -0.919709 0.350255 17.2151 0 0 0 1 
Seq_Frame0056_ForcepToReference-SequenceTransformStatus = OK
Seq_Frame0056_Timestamp = 6.101
Seq_Frame0057_ForcepToReference-SequenceTransform =-0.726716 0.116982 0.676904 -149.073 -0.663653 -0.373947 -0.647865 1.82734 0.177338 -0.920043 0.349388 17.1935 0 0 0 1 
Seq_Frame0057_ForcepToReference-SequenceTransformStatus = OK
Seq_Frame0057_Timestamp = 6.21
Seq_Frame0058_ForcepToReference-SequenceTransform =-0.726273 0.116745 0.677421 -149.074 -0.663729 -0.375516 -0.646878 1.80158 0.178863 -0.919434 0.350214 17.2173 0 0 0 1 
Seq_Frame0058_ForcepToReference-SequenceTransformStatus = OK
Seq_Frame0058_Timestamp = 6.321
Seq_Frame0059_ForcepToReference-SequenceTransform =-0.726074 0.116579 0.677662 -149.071 -0.663778 -0.376083 -0.646499 1.82458 0.179489 -0.919223 0.350446 17.1973 0 0 0 1 
Seq_Frame0059_ForcepToReference-SequenceTransformStatus = OK
Seq_Frame0059_Timestamp = 6.422
Seq_Frame0060_ForcepToReference-SequenceTransform =-0.726031 0.116681 0.677691 -149.048 -0.663772 -0.376418 -0.64631 1.76659 0.179682 -0.919073 0.350741 17.2385 0 0 0 1 
Seq_Frame0060_ForcepToReference-SequenceTransformStatus = OK
Seq_Frame0060_Timestamp = 6.529
Seq_Frame0061_ForcepToReference-SequenceTransform =-0.726042 0.116925 0.677637 -149.073 -0.663979 -0.375533 -0.646611 1.82506 0.17887 -0.919404 0.350289 17.1207 0 0 0 1 
Seq_Frame0061_ForcepToReference-SequenceTransformStatus = OK
Seq_Frame0061_Timestamp = 6.635
Seq_Frame0062_ForcepToReference-SequenceTransform =-0.725932 0.116661 0.6778 -149.064 -0.66402 -0.375609 -0.646525 1.81128 0.179163 -0.919406 0.350132 17.2232 0 0 0 1 
Seq_Frame0062_ForcepToReference-SequenceTransformStatus = OK
Seq_Frame0062_Timestamp = 6.744
Seq_Frame0063_ForcepToReference-SequenceTransform =-0.725672 0.116542 0.678099 -149.062 -0.664048 -0.376623 -0.645907 1.77852 0.180112 -0.919007 0.350694 17.2421 0 0 0 1 
Seq_Frame0063_ForcepToReference-SequenceTransformStatus = OK
Seq_Frame0063_Timestamp = 6.85
Seq_Frame0064_ForcepToReference-SequenceTransform =-0.725301 0.116307 0.678536 -149.074 -0.664288 -0.376974 -0.645455 1.79769 0.18072 -0.918893 0.350681 17.1932 0 0 0 1 
Seq_Frame0064_ForcepToReference-SequenceTransformStatus = OK
Seq_Frame0064_Timestamp = 6.957
Seq_Frame0065_ForcepToReference-SequenceTransform =-0.725869 0.116618 0.677874 -149.066 -0.664108 -0.375427 -0.646541 1.79743 0.179094 -0.919486 0.349958 17.1951 0 0 0 1 
Seq_Frame0065_ForcepToReference-SequenceTransformStatus = OK
Seq_Frame0065_Timestamp = 7.065
Seq_Frame0066_ForcepToReference-SequenceTransform =-0.725259 0.115607 0.6787 -149.046 -0.664396 -0.37596 -0.645935 1.76277 0.18049 -0.919396 0.349478 17.3885 0 0 0 1 
Seq_Frame0066_ForcepToReference-SequenceTransformStatus = OK
Seq_Frame0066_Timestamp = 7.173
Seq_Frame0067_ForcepToReference-SequenceTransform =-0.725624 0.116578 0.678144 -149.053 -0.663971 -0.377282 -0.645601 1.74968 0.180588 -0.918732 0.351169 17.2827 0 0 0 1 
Seq_Frame0067_ForcepToReference-SequenceTransformStatus = OK
Seq_Frame0067_Timestamp = 7.279
Seq_Frame0068_ForcepToReference-SequenceTransform =-0.72596 0.116945 0.677721 -149.054 -0.663885 -0.376436 -0.646183 1.79614 0.17955 -0.919032 0.350916 17.1558 0 0 0 1 
Seq_Frame0068_ForcepToReference-SequenceTransformStatus = OK
Seq_Frame0068_Timestamp = 7.388
Seq_Frame0069_ForcepToReference-SequenceTransform =-0.725298 0.116211 0.678556 -149.063 -0.664214 -0.377273 -0.645356 1.74203 0.181004 -0.918782 0.350824 17.2903 0 0 0 1 
Seq_Frame0069_ForcepToReference-SequenceTransformStatus = OK
Seq_Frame0069_Timestamp = 7.49
Seq_Frame0070_ForcepToReference-SequenceTransform =-0.72581 0.116564 0.677948 -149.068 -0.664159 -0.375403 -0.646502 1.77451 0.179145 -0.919503 0.349888 17.2712 0 0 0 1 
Seq_Frame0070_ForcepToReference-SequenceTransformStatus = OK
Seq_Frame0070_Timestamp = 7.596
Seq_Frame0071_ForcepToReference-SequenceTransform =-0.725209 0.116114 0.678667 -149.057 -0.664257 -0.377395 -0.645241 1.77948 0.181204 -0.918744 0.35082 17.2647 0 0 0 1 
Seq_Frame0071_ForcepToReference-SequenceTransformStatus = OK
Seq_Frame0071_Timestamp = 7.707
Seq_Frame0072_ForcepToReference-SequenceTransform =-0.723717 0.11485 0.680473 -149.064 -0.665219 -0.378479 -0.643613 1.7135 0.183626 -0.918457 0.350312 17.3417 0 0 0 1 
Seq_Frame0072_ForcepToReference-SequenceTransformStatus = OK
Seq_Frame0072_Timestamp = 7.812
Seq_Frame0073_ForcepToReference-SequenceTransform =-0.724923 0.115868 0.679015 -149.059 -0.664417 -0.377726 -0.644882 1.75249 0.18176 -0.918639 0.350807 17.3201 0 0 0 1 
Seq_Frame0073_ForcepToReference-SequenceTransformStatus = OK
Seq_Frame0073_Timestamp = 7.92
Seq_Frame0074_ForcepToReference-SequenceTransform =-0.725037 0.115946 0.67888 -149.053 -0.664281 -0.377941 -0.644897 1.7554 0.181803 -0.918541 0.351042 17.3098 0 0 0 1 
Seq_Frame0074_ForcepToReference-SequenceTransformStatus = OK
Seq_Frame0074_Timestamp = 8.029
Seq_Frame0075_ForcepToReference-SequenceTransform =-0.724568 0.11546 0.679463 -149.064 -0.664794 -0.377135 -0.644839 1.76286 0.181796 -0.918933 0.350017 17.3006 0 0 0 1 
Seq_Frame0075_ForcepToReference-SequenceTransformStatus = OK
Seq_Frame0075_Timestamp = 8.137
Seq_Frame0076_ForcepToReference-SequenceTransform =-0.725152 0.115835 0.678777 -149.068 -0.664472 -0.376315 -0.645651 1.79134 0.180645 -0.919222 0.349854 17.2595 0 0 0 1 
Seq_Frame0076_ForcepToReference-SequenceTransformStatus = OK
Seq_Frame0076_Timestamp = 8.246
Seq_Frame0077_ForcepToReference-SequenceTransform =-0.724705 0.115253 0.679352 -149.057 -0.664683 -0.376844 -0.645125 1.75138 0.181657 -0.919079 0.349707 17.4435 0 0 0 1 
Seq_Frame0077_ForcepToReference-SequenceTransformStatus = OK
Seq_Frame0077_Timestamp = 8.357
Seq_Frame0078_ForcepToReference-SequenceTransform =-0.725609 0.116253 0.678216 -149.062 -0.664069 -0.376545 -0.64593 1.79845 0.180287 -0.919075 0.350425 17.3196 0 0 0 1 
Seq_Frame0078_ForcepToReference-SequenceTransformStatus = OK
Seq_Frame0078_Timestamp = 8.465
Seq_Frame0079_ForcepToReference-SequenceTransform =-0.724574 0.11554 0.679444 -149.049 -0.664549 -0.37842 -0.644339 1.73112 0.182669 -0.918395 0.350975 17.3136 0 0 0 1 
Seq_Frame0079_ForcepToReference-SequenceTransformStatus = OK
Seq_Frame0079_Timestamp = 8.572
Seq_Frame0080_ForcepToReference-SequenceTransform =-0.724592 0.115608 0.679413 -149.057 -0.664709 -0.377593 -0.644659 1.72836 0.182014 -0.918727 0.350446 17.3587 0 0 0 1 
Seq_Frame0080_ForcepToReference-SequenceTransformStatus = OK
Seq_Frame0080_Timestamp = 8.675
Seq_Frame0081_ForcepToReference-SequenceTransform =-0.72476 0.115745 0.67921 -149.054 -0.664515 -0.377895 -0.644682 1.77634 0.182052 -0.918585 0.350798 17.305 0 0 0 1 
Seq_Frame0081_ForcepToReference-SequenceTransformStatus = OK
Seq_Frame0081_Timestamp = 8.784
Seq_Frame0082_ForcepToReference-SequenceTransform =-0.724717 0.115637 0.679274 -149.055 -0.664635 -0.377391 -0.644853 1.80148 0.181784 -0.918806 0.350358 17.2204 0 0 0 1 
Seq_Frame0082_ForcepToReference-SequenceTransformStatus = OK
Seq_Frame0082_Timestamp = 8.893
Seq_Frame0083_ForcepToReference-SequenceTransform =-0.725344 0.116419 0.678471 -149.054 -0.664126 -0.3777 -0.645198 1.75907 0.181145 -0.91858 0.35128 17.3081 0 0 0 1 
Seq_Frame0083_ForcepToReference-SequenceTransformStatus = OK
Seq_Frame0083_Timestamp = 9.006
Seq_Frame0084_ForcepToReference-SequenceTransform =-0.725223 0.116232 0.678632 -149.055 -0.664311 -0.377164 -0.64532 1.81402 0.180949 -0.918824 0.350742 17.2406 0 0 0 1 
Seq_Frame0084_ForcepToReference-SequenceTransformStatus = OK
Seq_Frame0084_Timestamp = 9.11
Seq_Frame0085_ForcepToReference-SequenceTransform =-0.725407 0.116436 0.678401 -149.057 -0.664224 -0.376913 -0.645557 1.81575 0.180532 -0.918901 0.350755 17.2198 0 0 0 1 
Seq_Frame0085_ForcepToReference-SequenceTransformStatus = OK
Seq_Frame0085_Timestamp = 9.216
Seq_Frame0086_ForcepToReference-SequenceTransform =-0.724016 0.114861 0.680153 -149.045 -0.66501 -0.378116 -0.644042 1.75485 0.183201 -0.918605 0.350146 17.2864 0 0 0 1 
Seq_Frame0086_ForcepToReference-SequenceTransformStatus = OK
Seq_Frame0086_Timestamp = 9.323
Seq_Frame0087_ForcepToReference-SequenceTransform =-0.725485 0.116625 0.678284 -149.049 -0.664123 -0.377228 -0.645477 1.81947 0.180589 -0.918748 0.351127 17.1624 0 0 0 1 
Seq_Frame0087_ForcepToReference-SequenceTransformStatus = OK
Seq_Frame0087_Timestamp = 9.429
Seq_Frame0088_ForcepToReference-SequenceTransform =-0.725021 0.116138 0.678864 -149.043 -0.664323 -0.377986 -0.644827 1.77801 0.181713 -0.918498 0.351201 17.2561 0 0 0 1 
Seq_Frame0088_ForcepToReference-SequenceTransformStatus = OK
Seq_Frame0088_Timestamp = 9.536
Seq_Frame0089_ForcepToReference-SequenceTransform =-0.724534 0.115265 0.679533 -149.048 -0.664835 -0.376908 -0.64493 1.7967 0.181783 -0.919051 0.349714 17.2771 0 0 0 1 
Seq_Frame0089_ForcepToReference-SequenceTransformStatus = OK
Seq_Frame0089_Timestamp = 9.642
Seq_Frame0090_ForcepToReference-SequenceTransform =-0.724911 0.116031 0.678999 -149.052 -0.664558 -0.377225 -0.645031 1.77648 0.181292 -0.918824 0.350564 17.2736 0 0 0 1 
Seq_Frame0090_ForcepToReference-SequenceTransformStatus = OK
Seq_Frame0090_Timestamp = 9.747
Seq_Frame0091_ForcepToReference-SequenceTransform =-0.724664 0.115157 0.679412 -149.042 -0.664851 -0.376101 -0.645385 1.77995 0.181207 -0.919395 0.349109 17.3851 0 0 0 1 
Seq_Frame0091_ForcepToReference-SequenceTransformStatus = OK
Seq_Frame0091_Timestamp = 9.858
Seq_Frame0092_ForcepToReference-SequenceTransform =-0.724455 0.115405 0.679592 -149.077 -0.66492 -0.376987 -0.644796 1.76439 0.181784 -0.919001 0.349845 17.3619 0 0 0 1 
Seq_Frame0092_ForcepToReference-SequenceTransformStatus = OK
Seq_Frame0092_Timestamp = 9.964
Seq_Frame0093_ForcepToReference-SequenceTransform =-0.724067 0.115282 0.680027 -149.057 -0.664888 -0.378883 -0.643717 1.74754 0.183442 -0.918236 0.350986 17.3112 0 0 0 1 
Seq_Frame0093_ForcepToReference-SequenceTransformStatus = OK
Seq_Frame0093_Timestamp = 10.073
Seq_Frame0094_ForcepToReference-SequenceTransform =-0.713231 0.105951 0.692875 -149.167 -0.670262 -0.392288 -0.629967 1.57115 0.205061 -0.91372 0.350807 17.7581 0 0 0 1 
Seq_Frame0094_ForcepToReference-SequenceTransformStatus = OK
Seq_Frame0094_Timestamp = 10.18
Seq_Frame0095_ForcepToReference-SequenceTransform =-0.713747 0.106413 0.692273 -149.157 -0.670275 -0.390551 -0.631032 1.60894 0.203218 -0.91441 0.350081 17.7917 0 0 0 1 
Seq_Frame0095_ForcepToReference-SequenceTransformStatus = OK
Seq_Frame0095_Timestamp = 10.286
Seq_Frame0096_ForcepToReference-SequenceTransform =-0.736189 0.12724 0.664707 -148.594 -0.658649 -0.360497 -0.660472 2.14454 0.155586 -0.924041 0.349201 16.9896 0 0 0 1 
Seq_Frame0096_ForcepToReference-SequenceTransformStatus = OK
Seq_Frame0096_Timestamp = 10.394
Seq_Frame0097_ForcepToReference-SequenceTransform =-0.722853 0.117735 0.680898 -149.16 -0.666295 -0.379896 -0.641662 1.64659 0.183124 -0.917506 0.353055 17.2394 0 0 0 1 
Seq_Frame0097_ForcepToReference-SequenceTransformStatus = OK
Seq_Frame0097_Timestamp = 10.545
Seq_Frame0098_ForcepToReference-SequenceTransform =-0.777373 0.151169 0.610606 -150.113 -0.602181 0.101782 -0.791845 48.5644 -0.181851 -0.983254 0.0119082 0.197288 0 0 0 1 
Seq_Frame0098_ForcepToReference-SequenceTransformStatus = OK
Seq_Frame0098_Timestamp = 11.188
Seq_Frame0099_ForcepToReference-SequenceTransform =-0.86888 0.260492 0.420941 -142.178 -0.444937 -0.0382441 -0.894745 61.3353 -0.216976 -0.964718 0.149132 -8.79272 0 0 0 1 
Seq_Frame0099_ForcepToReference-SequenceTransformStatus = OK
Seq_Frame0099_Timestamp = 11.299
Seq_Frame0100_ForcepToReference-SequenceTransform =-0.850648 0.268551 0.451972 -141.022 -0.47871 -0.0402608 -0.877049 62.9459 -0.217336 -0.962424 0.162806 -10.0597 0 0 0 1 
Seq_Frame0100_ForcepToReference-SequenceTransformStatus = OK
Seq_Frame0100_Timestamp = 11.617
Seq_Frame0101_ForcepToReference-SequenceTransform =-0.850648 0.268551 0.451972 -141.022 -0.47871 -0.0402608 -0.877049 62.9459 -0.217336 -0.962424 0.162806 -10.0597 0 0 0 1 
Seq_Frame0101_ForcepToReference-SequenceTransformStatus = OK
Seq_Frame0101_Timestamp = 12.075
Seq_Frame0102_ForcepToReference-SequenceTransform =-0.290365 0.159614 -0.94351 -89.7029 -0.941589 -0.223424 0.251976 276.137 -0.170584 0.961564 0.215165 184.08 0 0 0 1 
Seq_Frame0102_ForcepToReference-SequenceTransformStatus = OK
Seq_Frame0102_Timestamp = 12.211
Seq_Frame0103_ForcepToReference-SequenceTransform =0.500685 -0.467401 -0.728595 -51.1843 0.778633 -0.124579 0.614989 226.239 -0.378214 -0.875224 0.301559 102.19 0 0 0 1 
Seq_Frame0103_ForcepToReference-SequenceTransformStatus = OK
Seq_Frame0103_Timestamp = 12.88
Seq_Frame0104_ForcepToReference-SequenceTransform =0.687234 -0.304655 -0.659465 -22.7302 0.69369 0.00573693 0.720251 220.081 -0.215645 -0.952445 0.215279 111.48 0 0 0 1 
Seq_Frame0104_ForcepToReference-SequenceTransformStatus = OK
Seq_Frame0104_Timestamp = 13.111
Seq_Frame0105_ForcepToReference-SequenceTransform =-0.439977 0.0461355 -0.896823 -93.7343 -0.873797 -0.252334 0.415699 256.926 -0.20712 0.96654 0.151334 155.118 0 0 0 1 
Seq_Frame0105_ForcepToReference-SequenceTransformStatus = OK
Seq_Frame0105_Timestamp = 13.57
Seq_Frame0106_ForcepToReference-SequenceTransform =-0.204466 0.779196 0.592493 -77.8586 -0.596891 0.380485 -0.706366 200.809 -0.775832 -0.498082 0.387298 103.323 0 0 0 1 
Seq_Frame0106_ForcepToReference-SequenceTransformStatus = OK
Seq_Frame0106_Timestamp = 13.676
Seq_Frame0107_ForcepToReference-SequenceTransform =-0.0717691 0.602247 0.795077 -81.0778 -0.714651 0.525022 -0.462198 187.296 -0.69579 -0.601374 0.392716 92.6472 0 0 0 1 
Seq_Frame0107_ForcepToReference-SequenceTransformStatus = OK
Seq_Frame0107_Timestamp = 13.782
Seq_Frame0108_ForcepToReference-SequenceTransform =-0.305783 0.435538 0.846642 -108.37 -0.658723 0.545276 -0.518419 191.336 -0.687445 -0.716226 0.120163 62.2987 0 0 0 1 
Seq_Frame0108_ForcepToReference-SequenceTransformStatus = OK
Seq_Frame0108_Timestamp = 13.905
Seq_Frame0109_ForcepToReference-SequenceTransform =-0.439266 0.370302 0.818487 -121.322 -0.636618 0.514523 -0.574442 187.506 -0.633847 -0.773397 0.00972883 48.7248 0 0 0 1 
Seq_Frame0109_ForcepToReference-SequenceTransformStatus = OK
Seq_Frame0109_Timestamp = 14.013
Seq_Frame0110_ForcepToReference-SequenceTransform =-0.553592 0.478508 0.681591 -61.9292 -0.498017 0.465754 -0.731473 190.829 -0.66747 -0.744381 -0.0195326 34.0066 0 0 0 1 
Seq_Frame0110_ForcepToReference-SequenceTransformStatus = OK
Seq_Frame0110_Timestamp = 14.23
Seq_Frame0111_ForcepToReference-SequenceTransform =-0.565062 0.534305 0.628668 -24.7849 -0.36614 0.52044 -0.771417 197.939 -0.739356 -0.666078 -0.0984506 36.309 0 0 0 1 
Seq_Frame0111_ForcepToReference-SequenceTransformStatus = OK
Seq_Frame0111_Timestamp = 14.335
Seq_Frame0112_ForcepToReference-SequenceTransform =0.28302 -0.935208 -0.212803 15.7409 0.867757 0.155173 0.472143 176.512 -0.40853 -0.318287 0.855451 57.4484 0 0 0 1 
Seq_Frame0112_ForcepToReference-SequenceTransformStatus = OK
Seq_Frame0112_Timestamp = 15.258
Seq_Frame0113_ForcepToReference-SequenceTransform =0.279968 -0.931644 -0.231641 15.9607 0.889638 0.161101 0.427306 180.178 -0.36078 -0.325709 0.873929 61.0455 0 0 0 1 
Seq_Frame0113_ForcepToReference-SequenceTransformStatus = OK
Seq_Frame0113_Timestamp = 15.367
Seq_Frame0114_ForcepToReference-SequenceTransform =0.264272 -0.930137 -0.254961 15.3412 0.911541 0.154534 0.381067 184.319 -0.315044 -0.333113 0.888697 64.3168 0 0 0 1 
Seq_Frame0114_ForcepToReference-SequenceTransformStatus = OK
Seq_Frame0114_Timestamp = 15.47
Seq_Frame0115_ForcepToReference-SequenceTransform =0.249843 -0.933881 -0.25582 14.7084 0.92466 0.151699 0.349273 188.78 -0.287372 -0.32381 0.901423 67.282 0 0 0 1 
Seq_Frame0115_ForcepToReference-SequenceTransformStatus = OK
Seq_Frame0115_Timestamp = 15.579
Seq_Frame0116_ForcepToReference-SequenceTransform =0.247058 -0.92552 -0.28701 14.722 0.932626 0.146722 0.32967 192.201 -0.263005 -0.349121 0.899413 69.8336 0 0 0 1 
Seq_Frame0116_ForcepToReference-SequenceTransformStatus = OK
Seq_Frame0116_Timestamp = 15.686
Seq_Frame0117_ForcepToReference-SequenceTransform =0.246897 -0.921402 -0.300099 14.8761 0.937382 0.148577 0.315022 193.693 -0.245675 -0.359086 0.90039 71.4358 0 0 0 1 
Seq_Frame0117_ForcepToReference-SequenceTransformStatus = OK
Seq_Frame0117_Timestamp = 15.797
Seq_Frame0118_ForcepToReference-SequenceTransform =0.249512 -0.920231 -0.301527 15.686 0.946324 0.165644 0.277549 195.619 -0.205464 -0.354594 0.912166 73.452 0 0 0 1 
Seq_Frame0118_ForcepToReference-SequenceTransformStatus = OK
Seq_Frame0118_Timestamp = 15.901
Seq_Frame0119_ForcepToReference-SequenceTransform =0.251179 -0.916335 -0.311833 16.4276 0.946057 0.164293 0.279256 195.229 -0.20466 -0.365155 0.908172 71.7047 0 0 0 1 
Seq_Frame0119_ForcepToReference-SequenceTransformStatus = OK
Seq_Frame0119_Timestamp = 16.012
Seq_Frame0120_ForcepToReference-SequenceTransform =0.25197 -0.910846 -0.326912 16.7196 0.951541 0.171647 0.255162 195.894 -0.1763 -0.375363 0.909957 74.2527 0 0 0 1 
Seq_Frame0120_ForcepToReference-SequenceTransformStatus = OK
Seq_Frame0120_Timestamp = 16.115
Seq_Frame0121_ForcepToReference-SequenceTransform =0.250294 -0.909258 -0.332572 16.5522 0.954197 0.173523 0.243716 197.119 -0.163892 -0.378339 0.911043 74.9836 0 0 0 1 
Seq_Frame0121_ForcepToReference-SequenceTransformStatus = OK
Seq_Frame0121_Timestamp = 16.227
Seq_Frame0122_ForcepToReference-SequenceTransform =0.251048 -0.913068 -0.321374 16.4271 0.955672 0.181035 0.2322 197.752 -0.153835 -0.365422 0.918042 76.3638 0 0 0 1 
Seq_Frame0122_ForcepToReference-SequenceTransformStatus = OK
Seq_Frame0122_Timestamp = 16.331
Seq_Frame0123_ForcepToReference-SequenceTransform =0.253452 -0.916334 -0.309991 16.5111 0.955242 0.186542 0.229597 197.601 -0.152561 -0.354308 0.9226 76.3631 0 0 0 1 
Seq_Frame0123_ForcepToReference-SequenceTransformStatus = OK
Seq_Frame0123_Timestamp = 16.44
Seq_Frame0124_ForcepToReference-SequenceTransform =0.249464 -0.918584 -0.306548 16.5775 0.956898 0.185218 0.223696 198.146 -0.148705 -0.34914 0.925196 77.348 0 0 0 1 
Seq_Frame0124_ForcepToReference-SequenceTransformStatus = OK
Seq_Frame0124_Timestamp = 16.549
Seq_Frame0125_ForcepToReference-SequenceTransform =0.249128 -0.915059 -0.317178 16.7642 0.960225 0.190739 0.203926 199.277 -0.126106 -0.355366 0.926182 78.2236 0 0 0 1 
Seq_Frame0125_ForcepToReference-SequenceTransformStatus = OK
Seq_Frame0125_Timestamp = 16.656
Seq_Frame0126_ForcepToReference-SequenceTransform =0.247427 -0.91905 -0.306802 16.3697 0.960779 0.191801 0.200288 198.234 -0.125229 -0.344326 0.930461 77.5173 0 0 0 1 
Seq_Frame0126_ForcepToReference-SequenceTransformStatus = OK
Seq_Frame0126_Timestamp = 16.764
Seq_Frame0127_ForcepToReference-SequenceTransform =0.233101 -0.917389 -0.322584 15.4467 0.962298 0.169792 0.212493 199.472 -0.140166 -0.359954 0.922381 78.9748 0 0 0 1 
Seq_Frame0127_ForcepToReference-SequenceTransformStatus = OK
Seq_Frame0127_Timestamp = 16.874
Seq_Frame0128_ForcepToReference-SequenceTransform =0.228243 -0.919241 -0.320782 14.6173 0.967532 0.177416 0.180013 200.308 -0.108563 -0.351453 0.92989 80.4158 0 0 0 1 
Seq_Frame0128_ForcepToReference-SequenceTransformStatus = OK
Seq_Frame0128_Timestamp = 16.98
Seq_Frame0129_ForcepToReference-SequenceTransform =0.217445 -0.915265 -0.339128 13.8593 0.968127 0.157998 0.194335 200.156 -0.124286 -0.370576 0.920449 80.5019 0 0 0 1 
Seq_Frame0129_ForcepToReference-SequenceTransformStatus = OK
Seq_Frame0129_Timestamp = 17.09
Seq_Frame0130_ForcepToReference-SequenceTransform =0.205319 -0.917751 -0.339968 12.9525 0.973867 0.157121 0.164 200.978 -0.0970953 -0.364755 0.926027 83.5207 0 0 0 1 
Seq_Frame0130_ForcepToReference-SequenceTransformStatus = OK
Seq_Frame0130_Timestamp = 17.197
Seq_Frame0131_ForcepToReference-SequenceTransform =0.185307 -0.91599 -0.355843 11.6803 0.979558 0.143335 0.141145 202.014 -0.0782827 -0.374724 0.923826 85.3722 0 0 0 1 
Seq_Frame0131_ForcepToReference-SequenceTransformStatus = OK
Seq_Frame0131_Timestamp = 17.31
Seq_Frame0132_ForcepToReference-SequenceTransform =0.179717 -0.921522 -0.344238 9.02431 0.980572 0.139851 0.137549 202.916 -0.0786126 -0.36227 0.928752 86.5009 0 0 0 1 
Seq_Frame0132_ForcepToReference-SequenceTransformStatus = OK
Seq_Frame0132_Timestamp = 17.415
Seq_Frame0133_ForcepToReference-SequenceTransform =0.142373 -0.959494 -0.243107 -3.00112 0.989796 0.136589 0.0405767 213.333 -0.00572729 -0.246404 0.96915 83.1562 0 0 0 1 
Seq_Frame0133_ForcepToReference-SequenceTransformStatus = OK
Seq_Frame0133_Timestamp = 17.52
Seq_Frame0134_ForcepToReference-SequenceTransform =0.174521 -0.954902 -0.240218 -3.47995 0.984506 0.164996 0.0593706 212.081 -0.0170581 -0.246857 0.968902 83.8686 0 0 0 1 
Seq_Frame0134_ForcepToReference-SequenceTransformStatus = OK
Seq_Frame0134_Timestamp = 17.63
Seq_Frame0135_ForcepToReference-SequenceTransform =0.207385 -0.942944 -0.260478 3.60634 0.978166 0.203557 0.0419 211.23 0.0135129 -0.26348 0.96457 89.4786 0 0 0 1 
Seq_Frame0135_ForcepToReference-SequenceTransformStatus = OK
Seq_Frame0135_Timestamp = 17.739
Seq_Frame0136_ForcepToReference-SequenceTransform =0.265438 -0.932672 -0.244267 9.77179 0.963962 0.261428 0.0493163 210.31 0.0178622 -0.248555 0.968453 93.2187 0 0 0 1 
Seq_Frame0136_ForcepToReference-SequenceTransformStatus = OK
Seq_Frame0136_Timestamp = 17.845
Seq_Frame0137_ForcepToReference-SequenceTransform =0.280059 -0.936288 -0.211974 9.05948 0.959927 0.27075 0.072347 210.671 -0.0103456 -0.223741 0.974594 92.5967 0 0 0 1 
Seq_Frame0137_ForcepToReference-SequenceTransformStatus = OK
Seq_Frame0137_Timestamp = 17.954
Seq_Frame0138_ForcepToReference-SequenceTransform =0.309534 -0.933992 -0.178458 11.678 0.950203 0.29669 0.0953428 210.731 -0.0361028 -0.199083 0.979317 93.2887 0 0 0 1 
Seq_Frame0138_ForcepToReference-SequenceTransformStatus = OK
Seq_Frame0138_Timestamp = 18.061
Seq_Frame0139_ForcepToReference-SequenceTransform =0.348314 -0.921498 -0.171812 17.6382 0.936049 0.33217 0.116085 213.166 -0.0499016 -0.201258 0.978266 96.0751 0 0 0 1 
Seq_Frame0139_ForcepToReference-SequenceTransformStatus = OK
Seq_Frame0139_Timestamp = 18.169
Seq_Frame0140_ForcepToReference-SequenceTransform =0.393791 -0.905523 -0.157974 22.7909 0.918409 0.380471 0.108474 214.35 -0.0381207 -0.187801 0.981467 97.8892 0 0 0 1 
Seq_Frame0140_ForcepToReference-SequenceTransformStatus = OK
Seq_Frame0140_Timestamp = 18.272
Seq_Frame0141_ForcepToReference-SequenceTransform =0.445846 -0.883342 -0.144665 28.0369 0.894709 0.444624 0.0424946 217.274 0.0267841 -0.148379 0.988568 103.808 0 0 0 1 
Seq_Frame0141_ForcepToReference-SequenceTransformStatus = OK
Seq_Frame0141_Timestamp = 18.38
Seq_Frame0142_ForcepToReference-SequenceTransform =0.464841 -0.871634 -0.155487 33.6167 0.885383 0.45672 0.0866273 217.205 -0.00449339 -0.177933 0.984032 101.818 0 0 0 1 
Seq_Frame0142_ForcepToReference-SequenceTransformStatus = OK
Seq_Frame0142_Timestamp = 18.488
Seq_Frame0143_ForcepToReference-SequenceTransform =0.525522 -0.844889 -0.0999493 41.729 0.846575 0.507637 0.160046 214.974 -0.0844833 -0.168722 0.982036 92.4166 0 0 0 1 
Seq_Frame0143_ForcepToReference-SequenceTransformStatus = OK
Seq_Frame0143_Timestamp = 18.597
Seq_Frame0144_ForcepToReference-SequenceTransform =0.568066 -0.809139 -0.150315 49.1672 0.822645 0.553049 0.131875 215.562 -0.0235731 -0.19857 0.979803 93.2498 0 0 0 1 
Seq_Frame0144_ForcepToReference-SequenceTransformStatus = OK
Seq_Frame0144_Timestamp = 18.709
Seq_Frame0145_ForcepToReference-SequenceTransform =0.607006 -0.77651 -0.169045 57.1555 0.794667 0.59126 0.137531 217.382 -0.00684424 -0.217817 0.975966 94.0479 0 0 0 1 
Seq_Frame0145_ForcepToReference-SequenceTransformStatus = OK
Seq_Frame0145_Timestamp = 18.811
Seq_Frame0146_ForcepToReference-SequenceTransform =0.599556 -0.773802 -0.20436 59.402 0.800333 0.579733 0.152894 216.471 0.000164629 -0.255225 0.966882 95.0067 0 0 0 1 
Seq_Frame0146_ForcepToReference-SequenceTransformStatus = OK
Seq_Frame0146_Timestamp = 18.923
Seq_Frame0147_ForcepToReference-SequenceTransform =0.56271 -0.793229 -0.232692 53.6302 0.824406 0.559236 0.0872359 217.82 0.060932 -0.240921 0.96863 96.5654 0 0 0 1 
Seq_Frame0147_ForcepToReference-SequenceTransformStatus = OK
Seq_Frame0147_Timestamp = 19.026
Seq_Frame0148_ForcepToReference-SequenceTransform =0.515534 -0.839445 -0.171921 43.1104 0.856813 0.502724 0.114628 215.186 -0.00979554 -0.206399 0.978419 91.5598 0 0 0 1 
Seq_Frame0148_ForcepToReference-SequenceTransformStatus = OK
Seq_Frame0148_Timestamp = 19.138
Seq_Frame0149_ForcepToReference-SequenceTransform =0.464686 -0.87096 -0.15967 33.8644 0.881854 0.438907 0.17232 211.402 -0.0800041 -0.22088 0.972014 84.3067 0 0 0 1 
Seq_Frame0149_ForcepToReference-SequenceTransformStatus = OK
Seq_Frame0149_Timestamp = 19.241
Seq_Frame0150_ForcepToReference-SequenceTransform =0.426938 -0.884965 -0.185906 27.6898 0.900329 0.396792 0.178784 210.193 -0.0844514 -0.243706 0.966165 83.6771 0 0 0 1 
Seq_Frame0150_ForcepToReference-SequenceTransformStatus = OK
Seq_Frame0150_Timestamp = 19.353
