ObjectType = Image
NDims = 3
AnatomicalOrientation = RAI
BinaryData = True
CompressedData = False
DimSize = 0 0 3003
ElementSpacing = 1 1 1
Offset = 0 0 0
TransformMatrix = 1 0 0 0 1 0 0 0 1
ElementType = MET_UCHAR
Kinds = domain domain list
Seq_Frame0000_DriverToReference-SequenceTransform =-0.978978 0.146741 0.141663 34.136 0.201503 0.588244 0.783176 14.3307 0.0315918 0.795258 -0.605447 29.9301 0 0 0 1 
Seq_Frame0000_DriverToReference-SequenceTransformStatus = OK
Seq_Frame0000_Timestamp = 0.00199986
Seq_Frame0001_DriverToReference-SequenceTransform =-0.979132 0.148269 0.138987 34.1658 0.200261 0.587519 0.784039 14.3545 0.0345909 0.795511 -0.604951 29.988 0 0 0 1 
Seq_Frame0001_DriverToReference-SequenceTransformStatus = OK
Seq_Frame0001_Timestamp = 0.102
Seq_Frame0002_DriverToReference-SequenceTransform =-0.979004 0.146661 0.141572 34.1361 0.201388 0.588408 0.783083 14.356 0.0315459 0.795152 -0.605589 29.958 0 0 0 1 
Seq_Frame0002_DriverToReference-SequenceTransformStatus = OK
Seq_Frame0002_Timestamp = 0.207
Seq_Frame0003_DriverToReference-SequenceTransform =-0.979131 0.148226 0.139039 34.1497 0.200279 0.587583 0.783986 14.3206 0.0345105 0.795472 -0.605007 30.0252 0 0 0 1 
Seq_Frame0003_DriverToReference-SequenceTransformStatus = OK
Seq_Frame0003_Timestamp = 0.317
Seq_Frame0004_DriverToReference-SequenceTransform =-0.978967 0.146493 0.142001 34.1544 0.201633 0.588545 0.782917 14.3522 0.031118 0.795082 -0.605704 29.9291 0 0 0 1 
Seq_Frame0004_DriverToReference-SequenceTransformStatus = OK
Seq_Frame0004_Timestamp = 0.42
Seq_Frame0005_DriverToReference-SequenceTransform =-0.979117 0.148617 0.138721 34.1765 0.200232 0.586879 0.784525 14.3258 0.035181 0.795918 -0.604381 30.0642 0 0 0 1 
Seq_Frame0005_DriverToReference-SequenceTransformStatus = OK
Seq_Frame0005_Timestamp = 0.526
Seq_Frame0006_DriverToReference-SequenceTransform =-0.979112 0.148588 0.138784 34.1626 0.200261 0.586811 0.784569 14.3263 0.0351377 0.795974 -0.60431 30.019 0 0 0 1 
Seq_Frame0006_DriverToReference-SequenceTransformStatus = OK
Seq_Frame0006_Timestamp = 0.634
Seq_Frame0007_DriverToReference-SequenceTransform =-0.979074 0.148072 0.139599 34.1535 0.200624 0.587342 0.784079 14.3344 0.0341083 0.795679 -0.604758 30.0798 0 0 0 1 
Seq_Frame0007_DriverToReference-SequenceTransformStatus = OK
Seq_Frame0007_Timestamp = 0.741
Seq_Frame0008_DriverToReference-SequenceTransform =-0.979272 0.146945 0.139407 34.1831 0.199863 0.589241 0.782847 14.3267 0.0328914 0.794483 -0.606396 30.0543 0 0 0 1 
Seq_Frame0008_DriverToReference-SequenceTransformStatus = OK
Seq_Frame0008_Timestamp = 0.843
Seq_Frame0009_DriverToReference-SequenceTransform =-0.979027 0.149267 0.138658 34.1893 0.200523 0.585687 0.785342 14.2663 0.0360154 0.796674 -0.603335 30.114 0 0 0 1 
Seq_Frame0009_DriverToReference-SequenceTransformStatus = OK
Seq_Frame0009_Timestamp = 0.951
Seq_Frame0010_DriverToReference-SequenceTransform =-0.979138 0.147613 0.139639 34.1702 0.200386 0.587559 0.783977 14.2877 0.033679 0.795604 -0.604881 30.0384 0 0 0 1 
Seq_Frame0010_DriverToReference-SequenceTransformStatus = OK
Seq_Frame0010_Timestamp = 1.056
Seq_Frame0011_DriverToReference-SequenceTransform =-0.978616 0.145331 0.145563 34.0972 0.20371 0.58672 0.783748 14.1675 0.0284985 0.796642 -0.60378 29.913 0 0 0 1 
Seq_Frame0011_DriverToReference-SequenceTransformStatus = OK
Seq_Frame0011_Timestamp = 1.159
Seq_Frame0012_DriverToReference-SequenceTransform =-0.979066 0.146714 0.141081 34.0654 0.200969 0.586962 0.784275 14.2727 0.0322546 0.79621 -0.60416 29.8467 0 0 0 1 
Seq_Frame0012_DriverToReference-SequenceTransformStatus = OK
Seq_Frame0012_Timestamp = 1.26
Seq_Frame0013_DriverToReference-SequenceTransform =-0.956997 0.25716 0.134258 31.2788 0.262866 0.572942 0.776298 14.4318 0.12271 0.778207 -0.615903 30.6067 0 0 0 1 
Seq_Frame0013_DriverToReference-SequenceTransformStatus = OK
Seq_Frame0013_Timestamp = 1.366
Seq_Frame0014_DriverToReference-SequenceTransform =-0.948039 0.291033 0.128539 30.2183 0.280061 0.571687 0.771194 13.7088 0.150959 0.767121 -0.623488 28.9681 0 0 0 1 
Seq_Frame0014_DriverToReference-SequenceTransformStatus = OK
Seq_Frame0014_Timestamp = 1.476
Seq_Frame0015_DriverToReference-SequenceTransform =-0.940257 0.309098 0.142744 30.0488 0.295277 0.531603 0.793858 15.087 0.169497 0.788579 -0.591112 29.4621 0 0 0 1 
Seq_Frame0015_DriverToReference-SequenceTransformStatus = OK
Seq_Frame0015_Timestamp = 1.576
Seq_Frame0016_DriverToReference-SequenceTransform =-0.949982 0.274963 0.148089 30.1301 0.281113 0.546279 0.789021 16.173 0.136053 0.791185 -0.596251 29.8459 0 0 0 1 
Seq_Frame0016_DriverToReference-SequenceTransformStatus = OK
Seq_Frame0016_Timestamp = 1.681
Seq_Frame0017_DriverToReference-SequenceTransform =-0.973095 0.215861 0.0805652 30.2629 0.198671 0.609013 0.767876 17.8842 0.116689 0.763222 -0.635512 32.6118 0 0 0 1 
Seq_Frame0017_DriverToReference-SequenceTransformStatus = OK
Seq_Frame0017_Timestamp = 1.791
Seq_Frame0018_DriverToReference-SequenceTransform =-0.985348 0.117697 -0.123441 30.2886 -0.0137649 0.666507 0.745372 24.4254 0.170002 0.736149 -0.655121 30.0469 0 0 0 1 
Seq_Frame0018_DriverToReference-SequenceTransformStatus = OK
Seq_Frame0018_Timestamp = 1.9
Seq_Frame0019_DriverToReference-SequenceTransform =-0.943693 -0.00244643 -0.330813 35.2326 -0.219864 0.751816 0.621636 40.0874 0.24719 0.659368 -0.710022 24.3531 0 0 0 1 
Seq_Frame0019_DriverToReference-SequenceTransformStatus = OK
Seq_Frame0019_Timestamp = 2.001
Seq_Frame0020_DriverToReference-SequenceTransform =-0.565399 -0.0790729 -0.821019 32.9727 -0.573718 0.752852 0.322586 83.9595 0.592597 0.653423 -0.471027 -5.09354 0 0 0 1 
Seq_Frame0020_DriverToReference-SequenceTransformStatus = OK
Seq_Frame0020_Timestamp = 2.107
Seq_Frame0021_DriverToReference-SequenceTransform =-0.256769 -0.193286 -0.946948 25.566 -0.712154 0.700228 0.0501764 116.926 0.653381 0.687256 -0.317447 -22.2384 0 0 0 1 
Seq_Frame0021_DriverToReference-SequenceTransformStatus = OK
Seq_Frame0021_Timestamp = 2.208
Seq_Frame0022_DriverToReference-SequenceTransform =-0.256769 -0.193286 -0.946948 25.566 -0.712154 0.700228 0.0501764 116.926 0.653381 0.687256 -0.317447 -22.2384 0 0 0 1 
Seq_Frame0022_DriverToReference-SequenceTransformStatus = OK
Seq_Frame0022_Timestamp = 2.309
Seq_Frame0023_DriverToReference-SequenceTransform =-0.256769 -0.193286 -0.946948 25.566 -0.712154 0.700228 0.0501764 116.926 0.653381 0.687256 -0.317447 -22.2384 0 0 0 1 
Seq_Frame0023_DriverToReference-SequenceTransformStatus = OK
Seq_Frame0023_Timestamp = 2.416
Seq_Frame0024_DriverToReference-SequenceTransform =-0.256769 -0.193286 -0.946948 25.566 -0.712154 0.700228 0.0501764 116.926 0.653381 0.687256 -0.317447 -22.2384 0 0 0 1 
Seq_Frame0024_DriverToReference-SequenceTransformStatus = OK
Seq_Frame0024_Timestamp = 2.517
Seq_Frame0025_DriverToReference-SequenceTransform =-0.256769 -0.193286 -0.946948 25.566 -0.712154 0.700228 0.0501764 116.926 0.653381 0.687256 -0.317447 -22.2384 0 0 0 1 
Seq_Frame0025_DriverToReference-SequenceTransformStatus = OK
Seq_Frame0025_Timestamp = 2.621
Seq_Frame0026_DriverToReference-SequenceTransform =-0.256769 -0.193286 -0.946948 25.566 -0.712154 0.700228 0.0501764 116.926 0.653381 0.687256 -0.317447 -22.2384 0 0 0 1 
Seq_Frame0026_DriverToReference-SequenceTransformStatus = OK
Seq_Frame0026_Timestamp = 2.721
Seq_Frame0027_DriverToReference-SequenceTransform =-0.256769 -0.193286 -0.946948 25.566 -0.712154 0.700228 0.0501764 116.926 0.653381 0.687256 -0.317447 -22.2384 0 0 0 1 
Seq_Frame0027_DriverToReference-SequenceTransformStatus = OK
Seq_Frame0027_Timestamp = 2.826
Seq_Frame0028_DriverToReference-SequenceTransform =-0.256769 -0.193286 -0.946948 25.566 -0.712154 0.700228 0.0501764 116.926 0.653381 0.687256 -0.317447 -22.2384 0 0 0 1 
Seq_Frame0028_DriverToReference-SequenceTransformStatus = OK
Seq_Frame0028_Timestamp = 2.928
Seq_Frame0029_DriverToReference-SequenceTransform =-0.256769 -0.193286 -0.946948 25.566 -0.712154 0.700228 0.0501764 116.926 0.653381 0.687256 -0.317447 -22.2384 0 0 0 1 
Seq_Frame0029_DriverToReference-SequenceTransformStatus = OK
Seq_Frame0029_Timestamp = 3.041
Seq_Frame0030_DriverToReference-SequenceTransform =-0.256769 -0.193286 -0.946948 25.566 -0.712154 0.700228 0.0501764 116.926 0.653381 0.687256 -0.317447 -22.2384 0 0 0 1 
Seq_Frame0030_DriverToReference-SequenceTransformStatus = OK
Seq_Frame0030_Timestamp = 3.146
Seq_Frame0031_DriverToReference-SequenceTransform =-0.256769 -0.193286 -0.946948 25.566 -0.712154 0.700228 0.0501764 116.926 0.653381 0.687256 -0.317447 -22.2384 0 0 0 1 
Seq_Frame0031_DriverToReference-SequenceTransformStatus = OK
Seq_Frame0031_Timestamp = 3.251
Seq_Frame0032_DriverToReference-SequenceTransform =-0.256769 -0.193286 -0.946948 25.566 -0.712154 0.700228 0.0501764 116.926 0.653381 0.687256 -0.317447 -22.2384 0 0 0 1 
Seq_Frame0032_DriverToReference-SequenceTransformStatus = OK
Seq_Frame0032_Timestamp = 3.356
Seq_Frame0033_DriverToReference-SequenceTransform =-0.256769 -0.193286 -0.946948 25.566 -0.712154 0.700228 0.0501764 116.926 0.653381 0.687256 -0.317447 -22.2384 0 0 0 1 
Seq_Frame0033_DriverToReference-SequenceTransformStatus = OK
Seq_Frame0033_Timestamp = 3.457
Seq_Frame0034_DriverToReference-SequenceTransform =-0.256769 -0.193286 -0.946948 25.566 -0.712154 0.700228 0.0501764 116.926 0.653381 0.687256 -0.317447 -22.2384 0 0 0 1 
Seq_Frame0034_DriverToReference-SequenceTransformStatus = OK
Seq_Frame0034_Timestamp = 3.561
Seq_Frame0035_DriverToReference-SequenceTransform =-0.256769 -0.193286 -0.946948 25.566 -0.712154 0.700228 0.0501764 116.926 0.653381 0.687256 -0.317447 -22.2384 0 0 0 1 
Seq_Frame0035_DriverToReference-SequenceTransformStatus = OK
Seq_Frame0035_Timestamp = 3.667
Seq_Frame0036_DriverToReference-SequenceTransform =-0.256769 -0.193286 -0.946948 25.566 -0.712154 0.700228 0.0501764 116.926 0.653381 0.687256 -0.317447 -22.2384 0 0 0 1 
Seq_Frame0036_DriverToReference-SequenceTransformStatus = OK
Seq_Frame0036_Timestamp = 3.77
Seq_Frame0037_DriverToReference-SequenceTransform =-0.256769 -0.193286 -0.946948 25.566 -0.712154 0.700228 0.0501764 116.926 0.653381 0.687256 -0.317447 -22.2384 0 0 0 1 
Seq_Frame0037_DriverToReference-SequenceTransformStatus = OK
Seq_Frame0037_Timestamp = 3.871
Seq_Frame0038_DriverToReference-SequenceTransform =-0.256769 -0.193286 -0.946948 25.566 -0.712154 0.700228 0.0501764 116.926 0.653381 0.687256 -0.317447 -22.2384 0 0 0 1 
Seq_Frame0038_DriverToReference-SequenceTransformStatus = OK
Seq_Frame0038_Timestamp = 3.975
Seq_Frame0039_DriverToReference-SequenceTransform =-0.256769 -0.193286 -0.946948 25.566 -0.712154 0.700228 0.0501764 116.926 0.653381 0.687256 -0.317447 -22.2384 0 0 0 1 
Seq_Frame0039_DriverToReference-SequenceTransformStatus = OK
Seq_Frame0039_Timestamp = 4.081
Seq_Frame0040_DriverToReference-SequenceTransform =-0.256769 -0.193286 -0.946948 25.566 -0.712154 0.700228 0.0501764 116.926 0.653381 0.687256 -0.317447 -22.2384 0 0 0 1 
Seq_Frame0040_DriverToReference-SequenceTransformStatus = OK
Seq_Frame0040_Timestamp = 4.184
Seq_Frame0041_DriverToReference-SequenceTransform =-0.256769 -0.193286 -0.946948 25.566 -0.712154 0.700228 0.0501764 116.926 0.653381 0.687256 -0.317447 -22.2384 0 0 0 1 
Seq_Frame0041_DriverToReference-SequenceTransformStatus = OK
Seq_Frame0041_Timestamp = 4.291
Seq_Frame0042_DriverToReference-SequenceTransform =-0.256769 -0.193286 -0.946948 25.566 -0.712154 0.700228 0.0501764 116.926 0.653381 0.687256 -0.317447 -22.2384 0 0 0 1 
Seq_Frame0042_DriverToReference-SequenceTransformStatus = OK
Seq_Frame0042_Timestamp = 4.396
Seq_Frame0043_DriverToReference-SequenceTransform =-0.256769 -0.193286 -0.946948 25.566 -0.712154 0.700228 0.0501764 116.926 0.653381 0.687256 -0.317447 -22.2384 0 0 0 1 
Seq_Frame0043_DriverToReference-SequenceTransformStatus = OK
Seq_Frame0043_Timestamp = 4.497
Seq_Frame0044_DriverToReference-SequenceTransform =-0.256769 -0.193286 -0.946948 25.566 -0.712154 0.700228 0.0501764 116.926 0.653381 0.687256 -0.317447 -22.2384 0 0 0 1 
Seq_Frame0044_DriverToReference-SequenceTransformStatus = OK
Seq_Frame0044_Timestamp = 4.608
Seq_Frame0045_DriverToReference-SequenceTransform =-0.256769 -0.193286 -0.946948 25.566 -0.712154 0.700228 0.0501764 116.926 0.653381 0.687256 -0.317447 -22.2384 0 0 0 1 
Seq_Frame0045_DriverToReference-SequenceTransformStatus = OK
Seq_Frame0045_Timestamp = 4.711
Seq_Frame0046_DriverToReference-SequenceTransform =-0.256769 -0.193286 -0.946948 25.566 -0.712154 0.700228 0.0501764 116.926 0.653381 0.687256 -0.317447 -22.2384 0 0 0 1 
Seq_Frame0046_DriverToReference-SequenceTransformStatus = OK
Seq_Frame0046_Timestamp = 4.826
Seq_Frame0047_DriverToReference-SequenceTransform =-0.256769 -0.193286 -0.946948 25.566 -0.712154 0.700228 0.0501764 116.926 0.653381 0.687256 -0.317447 -22.2384 0 0 0 1 
Seq_Frame0047_DriverToReference-SequenceTransformStatus = OK
Seq_Frame0047_Timestamp = 4.933
Seq_Frame0048_DriverToReference-SequenceTransform =-0.256769 -0.193286 -0.946948 25.566 -0.712154 0.700228 0.0501764 116.926 0.653381 0.687256 -0.317447 -22.2384 0 0 0 1 
Seq_Frame0048_DriverToReference-SequenceTransformStatus = OK
Seq_Frame0048_Timestamp = 5.042
Seq_Frame0049_DriverToReference-SequenceTransform =-0.256769 -0.193286 -0.946948 25.566 -0.712154 0.700228 0.0501764 116.926 0.653381 0.687256 -0.317447 -22.2384 0 0 0 1 
Seq_Frame0049_DriverToReference-SequenceTransformStatus = OK
Seq_Frame0049_Timestamp = 5.15
Seq_Frame0050_DriverToReference-SequenceTransform =-0.256769 -0.193286 -0.946948 25.566 -0.712154 0.700228 0.0501764 116.926 0.653381 0.687256 -0.317447 -22.2384 0 0 0 1 
Seq_Frame0050_DriverToReference-SequenceTransformStatus = OK
Seq_Frame0050_Timestamp = 5.25
Seq_Frame0051_DriverToReference-SequenceTransform =-0.256769 -0.193286 -0.946948 25.566 -0.712154 0.700228 0.0501764 116.926 0.653381 0.687256 -0.317447 -22.2384 0 0 0 1 
Seq_Frame0051_DriverToReference-SequenceTransformStatus = OK
Seq_Frame0051_Timestamp = 5.356
Seq_Frame0052_DriverToReference-SequenceTransform =0.914312 0.319093 0.249427 -142.361 0.345382 -0.935945 -0.0686899 82.4222 0.211532 0.148952 -0.965954 48.0974 0 0 0 1 
Seq_Frame0052_DriverToReference-SequenceTransformStatus = OK
Seq_Frame0052_Timestamp = 5.457
Seq_Frame0053_DriverToReference-SequenceTransform =0.876434 0.400514 0.267305 -143.518 0.431786 -0.8994 -0.0681202 84.272 0.213131 0.175121 -0.961201 48.956 0 0 0 1 
Seq_Frame0053_DriverToReference-SequenceTransformStatus = OK
Seq_Frame0053_Timestamp = 5.558
Seq_Frame0054_DriverToReference-SequenceTransform =0.830057 0.483794 0.277396 -142.725 0.515352 -0.855517 -0.0500271 86.6287 0.213114 0.184482 -0.959452 49.3428 0 0 0 1 
Seq_Frame0054_DriverToReference-SequenceTransformStatus = OK
Seq_Frame0054_Timestamp = 5.661
Seq_Frame0055_DriverToReference-SequenceTransform =0.89384 0.380436 0.237315 -138.22 0.404813 -0.912278 -0.0622582 85.1571 0.192812 0.151717 -0.969436 47.7092 0 0 0 1 
Seq_Frame0055_DriverToReference-SequenceTransformStatus = OK
Seq_Frame0055_Timestamp = 5.775
Seq_Frame0056_DriverToReference-SequenceTransform =0.914668 0.385612 -0.121184 -136.167 0.359467 -0.913112 -0.192382 87.3846 -0.184839 0.132404 -0.973809 40.8961 0 0 0 1 
Seq_Frame0056_DriverToReference-SequenceTransformStatus = OK
Seq_Frame0056_Timestamp = 5.876
Seq_Frame0057_DriverToReference-SequenceTransform =0.914668 0.385612 -0.121184 -136.167 0.359467 -0.913112 -0.192382 87.3846 -0.184839 0.132404 -0.973809 40.8961 0 0 0 1 
Seq_Frame0057_DriverToReference-SequenceTransformStatus = OK
Seq_Frame0057_Timestamp = 5.981
Seq_Frame0058_DriverToReference-SequenceTransform =0.914668 0.385612 -0.121184 -136.167 0.359467 -0.913112 -0.192382 87.3846 -0.184839 0.132404 -0.973809 40.8961 0 0 0 1 
Seq_Frame0058_DriverToReference-SequenceTransformStatus = OK
Seq_Frame0058_Timestamp = 6.083
Seq_Frame0059_DriverToReference-SequenceTransform =0.914668 0.385612 -0.121184 -136.167 0.359467 -0.913112 -0.192382 87.3846 -0.184839 0.132404 -0.973809 40.8961 0 0 0 1 
Seq_Frame0059_DriverToReference-SequenceTransformStatus = OK
Seq_Frame0059_Timestamp = 6.192
Seq_Frame0060_DriverToReference-SequenceTransform =0.914668 0.385612 -0.121184 -136.167 0.359467 -0.913112 -0.192382 87.3846 -0.184839 0.132404 -0.973809 40.8961 0 0 0 1 
Seq_Frame0060_DriverToReference-SequenceTransformStatus = OK
Seq_Frame0060_Timestamp = 6.296
Seq_Frame0061_DriverToReference-SequenceTransform =-0.147946 -0.543668 -0.826158 9.65259 -0.214673 0.833088 -0.509784 184.646 0.965416 0.101934 -0.239963 95.6561 0 0 0 1 
Seq_Frame0061_DriverToReference-SequenceTransformStatus = OK
Seq_Frame0061_Timestamp = 6.406
Seq_Frame0062_DriverToReference-SequenceTransform =-0.338902 -0.547467 -0.765131 32.5867 -0.367881 0.82562 -0.427802 181.891 0.865915 0.136494 -0.481207 115.051 0 0 0 1 
Seq_Frame0062_DriverToReference-SequenceTransformStatus = OK
Seq_Frame0062_Timestamp = 6.507
Seq_Frame0063_DriverToReference-SequenceTransform =-0.504498 -0.513437 -0.694164 44.9153 -0.596489 0.788532 -0.149725 175.673 0.624245 0.338526 -0.704073 126.53 0 0 0 1 
Seq_Frame0063_DriverToReference-SequenceTransformStatus = OK
Seq_Frame0063_Timestamp = 6.608
Seq_Frame0064_DriverToReference-SequenceTransform =-0.596192 -0.528923 -0.603984 50.0627 -0.663901 0.74782 0.000451812 176.017 0.451432 0.401255 -0.796997 139.018 0 0 0 1 
Seq_Frame0064_DriverToReference-SequenceTransformStatus = OK
Seq_Frame0064_Timestamp = 6.708
Seq_Frame0065_DriverToReference-SequenceTransform =-0.66591 -0.51079 -0.543745 52.6084 -0.672354 0.726729 0.140731 170.4 0.323271 0.459303 -0.827367 148.825 0 0 0 1 
Seq_Frame0065_DriverToReference-SequenceTransformStatus = OK
Seq_Frame0065_Timestamp = 6.811
Seq_Frame0066_DriverToReference-SequenceTransform =-0.698949 -0.506798 -0.504605 54.7433 -0.664608 0.720872 0.196571 167.953 0.264134 0.472757 -0.840675 153.554 0 0 0 1 
Seq_Frame0066_DriverToReference-SequenceTransformStatus = OK
Seq_Frame0066_Timestamp = 6.917
Seq_Frame0067_DriverToReference-SequenceTransform =-0.73559 -0.507378 -0.448859 56.3702 -0.64886 0.718094 0.251639 165.845 0.194647 0.47635 -0.85744 155.558 0 0 0 1 
Seq_Frame0067_DriverToReference-SequenceTransformStatus = OK
Seq_Frame0067_Timestamp = 7.017
Seq_Frame0068_DriverToReference-SequenceTransform =-0.749798 -0.506889 -0.425283 56.8101 -0.644761 0.704091 0.297554 163.769 0.148611 0.497312 -0.854749 157.729 0 0 0 1 
Seq_Frame0068_DriverToReference-SequenceTransformStatus = OK
Seq_Frame0068_Timestamp = 7.122
Seq_Frame0069_DriverToReference-SequenceTransform =-0.742777 -0.506831 -0.437498 54.7922 -0.65072 0.700301 0.2935 164.165 0.157625 0.502694 -0.849973 159.809 0 0 0 1 
Seq_Frame0069_DriverToReference-SequenceTransformStatus = OK
Seq_Frame0069_Timestamp = 7.231
Seq_Frame0070_DriverToReference-SequenceTransform =-0.723582 -0.50155 -0.474212 51.5019 -0.665561 0.689044 0.286787 169.026 0.182915 0.523131 -0.832392 154.092 0 0 0 1 
Seq_Frame0070_DriverToReference-SequenceTransformStatus = OK
Seq_Frame0070_Timestamp = 7.343
Seq_Frame0071_DriverToReference-SequenceTransform =-0.689627 -0.478573 -0.543491 44.0756 -0.674966 0.696695 0.242976 175.332 0.262366 0.534401 -0.80348 146.261 0 0 0 1 
Seq_Frame0071_DriverToReference-SequenceTransformStatus = OK
Seq_Frame0071_Timestamp = 7.451
Seq_Frame0072_DriverToReference-SequenceTransform =-0.670723 -0.47355 -0.57086 35.1257 -0.685322 0.690026 0.232804 179.166 0.283664 0.54737 -0.787351 137.046 0 0 0 1 
Seq_Frame0072_DriverToReference-SequenceTransformStatus = OK
Seq_Frame0072_Timestamp = 7.556
Seq_Frame0073_DriverToReference-SequenceTransform =-0.63967 -0.486115 -0.595411 28.1985 -0.696659 0.693968 0.181864 181.46 0.32479 0.531132 -0.782567 130.095 0 0 0 1 
Seq_Frame0073_DriverToReference-SequenceTransformStatus = OK
Seq_Frame0073_Timestamp = 7.657
Seq_Frame0074_DriverToReference-SequenceTransform =-0.593984 -0.479944 -0.645629 20.6929 -0.708883 0.691697 0.137988 181.769 0.380353 0.539638 -0.751081 123.625 0 0 0 1 
Seq_Frame0074_DriverToReference-SequenceTransformStatus = OK
Seq_Frame0074_Timestamp = 7.757
Seq_Frame0075_DriverToReference-SequenceTransform =-0.566856 -0.468371 -0.677719 10.6029 -0.721803 0.678895 0.134544 183.339 0.397084 0.565447 -0.722907 113.841 0 0 0 1 
Seq_Frame0075_DriverToReference-SequenceTransformStatus = OK
Seq_Frame0075_Timestamp = 7.861
Seq_Frame0076_DriverToReference-SequenceTransform =-0.535841 -0.404282 -0.741235 -4.6887 -0.733528 0.657645 0.171579 183.401 0.418104 0.635656 -0.648946 104.837 0 0 0 1 
Seq_Frame0076_DriverToReference-SequenceTransformStatus = OK
Seq_Frame0076_Timestamp = 7.971
Seq_Frame0077_DriverToReference-SequenceTransform =-0.492645 -0.389659 -0.778117 -18.1877 -0.732171 0.668869 0.128605 185.75 0.470346 0.633072 -0.614813 99.9927 0 0 0 1 
Seq_Frame0077_DriverToReference-SequenceTransformStatus = OK
Seq_Frame0077_Timestamp = 8.072
Seq_Frame0078_DriverToReference-SequenceTransform =-0.4606 -0.395894 -0.794428 -29.151 -0.730221 0.677829 0.0855855 188.147 0.504604 0.619529 -0.601298 97.7196 0 0 0 1 
Seq_Frame0078_DriverToReference-SequenceTransformStatus = OK
Seq_Frame0078_Timestamp = 8.173
Seq_Frame0079_DriverToReference-SequenceTransform =-0.434593 -0.391502 -0.811082 -35.9922 -0.71475 0.697857 0.0461272 189.993 0.547961 0.599768 -0.583111 99.161 0 0 0 1 
Seq_Frame0079_DriverToReference-SequenceTransformStatus = OK
Seq_Frame0079_Timestamp = 8.283
Seq_Frame0080_DriverToReference-SequenceTransform =-0.436694 -0.40859 -0.801469 -38.0338 -0.745939 0.66246 0.0687145 191.723 0.502865 0.627854 -0.594076 98.8616 0 0 0 1 
Seq_Frame0080_DriverToReference-SequenceTransformStatus = OK
Seq_Frame0080_Timestamp = 8.387
Seq_Frame0081_DriverToReference-SequenceTransform =-0.389635 -0.443662 -0.807062 -34.8576 -0.755118 0.655576 0.00417086 198.12 0.52724 0.611052 -0.590452 96.7711 0 0 0 1 
Seq_Frame0081_DriverToReference-SequenceTransformStatus = OK
Seq_Frame0081_Timestamp = 8.492
Seq_Frame0082_DriverToReference-SequenceTransform =-0.374959 -0.433174 -0.819613 -28.0485 -0.781061 0.623844 0.0276132 204.179 0.49935 0.650521 -0.572251 98.5302 0 0 0 1 
Seq_Frame0082_DriverToReference-SequenceTransformStatus = OK
Seq_Frame0082_Timestamp = 8.592
Seq_Frame0083_DriverToReference-SequenceTransform =-0.3498 -0.440533 -0.826783 -22.4676 -0.790608 0.612267 0.00826174 210.622 0.502573 0.656551 -0.56246 98.7908 0 0 0 1 
Seq_Frame0083_DriverToReference-SequenceTransformStatus = OK
Seq_Frame0083_Timestamp = 8.693
Seq_Frame0084_DriverToReference-SequenceTransform =-0.346176 -0.447927 -0.824332 -18.1207 -0.802037 0.597147 0.0123349 216.157 0.486722 0.665415 -0.565972 101.577 0 0 0 1 
Seq_Frame0084_DriverToReference-SequenceTransformStatus = OK
Seq_Frame0084_Timestamp = 8.793
Seq_Frame0085_DriverToReference-SequenceTransform =-0.342406 -0.450814 -0.824333 -13.5197 -0.804157 0.594349 0.00898577 221.501 0.485891 0.665969 -0.566034 104.643 0 0 0 1 
Seq_Frame0085_DriverToReference-SequenceTransformStatus = OK
Seq_Frame0085_Timestamp = 8.901
Seq_Frame0086_DriverToReference-SequenceTransform =-0.31266 -0.495557 -0.81035 -9.39583 -0.814595 0.578678 -0.0395845 227.757 0.488549 0.64773 -0.584607 103.376 0 0 0 1 
Seq_Frame0086_DriverToReference-SequenceTransformStatus = OK
Seq_Frame0086_Timestamp = 9.002
Seq_Frame0087_DriverToReference-SequenceTransform =-0.32332 -0.494404 -0.806864 -4.2536 -0.818015 0.574681 -0.0243453 231.499 0.475725 0.652156 -0.590236 104.16 0 0 0 1 
Seq_Frame0087_DriverToReference-SequenceTransformStatus = OK
Seq_Frame0087_Timestamp = 9.106
Seq_Frame0088_DriverToReference-SequenceTransform =-0.288354 -0.57327 -0.766951 -0.637938 -0.788939 0.59614 -0.148974 231.163 0.542612 0.56212 -0.624174 112.039 0 0 0 1 
Seq_Frame0088_DriverToReference-SequenceTransformStatus = OK
Seq_Frame0088_Timestamp = 9.207
Seq_Frame0089_DriverToReference-SequenceTransform =-0.418741 -0.648935 -0.635247 5.30014 -0.801447 0.593023 -0.0775047 226.718 0.427011 0.476662 -0.76841 128.709 0 0 0 1 
Seq_Frame0089_DriverToReference-SequenceTransformStatus = OK
Seq_Frame0089_Timestamp = 9.308
Seq_Frame0090_DriverToReference-SequenceTransform =-0.552598 -0.690452 -0.466809 17.6384 -0.817997 0.556649 0.144993 214.361 0.159738 0.461971 -0.872391 153.376 0 0 0 1 
Seq_Frame0090_DriverToReference-SequenceTransformStatus = OK
Seq_Frame0090_Timestamp = 9.425
Seq_Frame0091_DriverToReference-SequenceTransform =-0.628027 -0.708147 -0.32266 27.1522 -0.777988 0.561873 0.281127 199.123 -0.0177855 0.427581 -0.903802 169.537 0 0 0 1 
Seq_Frame0091_DriverToReference-SequenceTransformStatus = OK
Seq_Frame0091_Timestamp = 9.526
Seq_Frame0092_DriverToReference-SequenceTransform =-0.674547 -0.725915 -0.13429 32.094 -0.700366 0.571758 0.427295 191.269 -0.233398 0.382282 -0.894084 186.125 0 0 0 1 
Seq_Frame0092_DriverToReference-SequenceTransformStatus = OK
Seq_Frame0092_Timestamp = 9.63
Seq_Frame0093_DriverToReference-SequenceTransform =-0.655197 -0.755283 0.0162687 33.3262 -0.632456 0.56017 0.534984 188.123 -0.413178 0.340231 -0.844705 194.341 0 0 0 1 
Seq_Frame0093_DriverToReference-SequenceTransformStatus = OK
Seq_Frame0093_Timestamp = 9.731
Seq_Frame0094_DriverToReference-SequenceTransform =-0.636351 -0.764571 0.102415 33.2904 -0.538142 0.535122 0.65119 183.884 -0.552685 0.359271 -0.751973 195 0 0 0 1 
Seq_Frame0094_DriverToReference-SequenceTransformStatus = OK
Seq_Frame0094_Timestamp = 9.832
Seq_Frame0095_DriverToReference-SequenceTransform =-0.58203 -0.783906 0.216177 34.7143 -0.409834 0.512397 0.754643 180.437 -0.702338 0.350628 -0.619502 197.726 0 0 0 1 
Seq_Frame0095_DriverToReference-SequenceTransformStatus = OK
Seq_Frame0095_Timestamp = 9.936
Seq_Frame0096_DriverToReference-SequenceTransform =-0.533421 -0.804045 0.262628 34.9018 -0.340095 0.488162 0.803762 179.776 -0.774466 0.339425 -0.533848 199.864 0 0 0 1 
Seq_Frame0096_DriverToReference-SequenceTransformStatus = OK
Seq_Frame0096_Timestamp = 10.036
Seq_Frame0097_DriverToReference-SequenceTransform =-0.533421 -0.804045 0.262628 34.9018 -0.340095 0.488162 0.803762 179.776 -0.774466 0.339425 -0.533848 199.864 0 0 0 1 
Seq_Frame0097_DriverToReference-SequenceTransformStatus = OK
Seq_Frame0097_Timestamp = 10.141
Seq_Frame0098_DriverToReference-SequenceTransform =-0.533421 -0.804045 0.262628 34.9018 -0.340095 0.488162 0.803762 179.776 -0.774466 0.339425 -0.533848 199.864 0 0 0 1 
Seq_Frame0098_DriverToReference-SequenceTransformStatus = OK
Seq_Frame0098_Timestamp = 11.387
Seq_Frame0099_DriverToReference-SequenceTransform =-0.533421 -0.804045 0.262628 34.9018 -0.340095 0.488162 0.803762 179.776 -0.774466 0.339425 -0.533848 199.864 0 0 0 1 
Seq_Frame0099_DriverToReference-SequenceTransformStatus = OK
Seq_Frame0099_Timestamp = 11.492
Seq_Frame0100_DriverToReference-SequenceTransform =-0.533421 -0.804045 0.262628 34.9018 -0.340095 0.488162 0.803762 179.776 -0.774466 0.339425 -0.533848 199.864 0 0 0 1 
Seq_Frame0100_DriverToReference-SequenceTransformStatus = OK
Seq_Frame0100_Timestamp = 11.6
Seq_Frame0101_DriverToReference-SequenceTransform =-0.533421 -0.804045 0.262628 34.9018 -0.340095 0.488162 0.803762 179.776 -0.774466 0.339425 -0.533848 199.864 0 0 0 1 
Seq_Frame0101_DriverToReference-SequenceTransformStatus = OK
Seq_Frame0101_Timestamp = 11.706
Seq_Frame0102_DriverToReference-SequenceTransform =-0.533421 -0.804045 0.262628 34.9018 -0.340095 0.488162 0.803762 179.776 -0.774466 0.339425 -0.533848 199.864 0 0 0 1 
Seq_Frame0102_DriverToReference-SequenceTransformStatus = OK
Seq_Frame0102_Timestamp = 11.807
Seq_Frame0103_DriverToReference-SequenceTransform =-0.533421 -0.804045 0.262628 34.9018 -0.340095 0.488162 0.803762 179.776 -0.774466 0.339425 -0.533848 199.864 0 0 0 1 
Seq_Frame0103_DriverToReference-SequenceTransformStatus = OK
Seq_Frame0103_Timestamp = 11.911
Seq_Frame0104_DriverToReference-SequenceTransform =-0.533421 -0.804045 0.262628 34.9018 -0.340095 0.488162 0.803762 179.776 -0.774466 0.339425 -0.533848 199.864 0 0 0 1 
Seq_Frame0104_DriverToReference-SequenceTransformStatus = OK
Seq_Frame0104_Timestamp = 12.012
Seq_Frame0105_DriverToReference-SequenceTransform =-0.533421 -0.804045 0.262628 34.9018 -0.340095 0.488162 0.803762 179.776 -0.774466 0.339425 -0.533848 199.864 0 0 0 1 
Seq_Frame0105_DriverToReference-SequenceTransformStatus = OK
Seq_Frame0105_Timestamp = 12.116
Seq_Frame0106_DriverToReference-SequenceTransform =-0.533421 -0.804045 0.262628 34.9018 -0.340095 0.488162 0.803762 179.776 -0.774466 0.339425 -0.533848 199.864 0 0 0 1 
Seq_Frame0106_DriverToReference-SequenceTransformStatus = OK
Seq_Frame0106_Timestamp = 12.225
Seq_Frame0107_DriverToReference-SequenceTransform =-0.533421 -0.804045 0.262628 34.9018 -0.340095 0.488162 0.803762 179.776 -0.774466 0.339425 -0.533848 199.864 0 0 0 1 
Seq_Frame0107_DriverToReference-SequenceTransformStatus = OK
Seq_Frame0107_Timestamp = 12.331
Seq_Frame0108_DriverToReference-SequenceTransform =-0.533421 -0.804045 0.262628 34.9018 -0.340095 0.488162 0.803762 179.776 -0.774466 0.339425 -0.533848 199.864 0 0 0 1 
Seq_Frame0108_DriverToReference-SequenceTransformStatus = OK
Seq_Frame0108_Timestamp = 12.431
Seq_Frame0109_DriverToReference-SequenceTransform =-0.533421 -0.804045 0.262628 34.9018 -0.340095 0.488162 0.803762 179.776 -0.774466 0.339425 -0.533848 199.864 0 0 0 1 
Seq_Frame0109_DriverToReference-SequenceTransformStatus = OK
Seq_Frame0109_Timestamp = 12.532
Seq_Frame0110_DriverToReference-SequenceTransform =-0.533421 -0.804045 0.262628 34.9018 -0.340095 0.488162 0.803762 179.776 -0.774466 0.339425 -0.533848 199.864 0 0 0 1 
Seq_Frame0110_DriverToReference-SequenceTransformStatus = OK
Seq_Frame0110_Timestamp = 12.641
Seq_Frame0111_DriverToReference-SequenceTransform =-0.533421 -0.804045 0.262628 34.9018 -0.340095 0.488162 0.803762 179.776 -0.774466 0.339425 -0.533848 199.864 0 0 0 1 
Seq_Frame0111_DriverToReference-SequenceTransformStatus = OK
Seq_Frame0111_Timestamp = 12.741
Seq_Frame0112_DriverToReference-SequenceTransform =-0.533421 -0.804045 0.262628 34.9018 -0.340095 0.488162 0.803762 179.776 -0.774466 0.339425 -0.533848 199.864 0 0 0 1 
Seq_Frame0112_DriverToReference-SequenceTransformStatus = OK
Seq_Frame0112_Timestamp = 12.849
Seq_Frame0113_DriverToReference-SequenceTransform =-0.533421 -0.804045 0.262628 34.9018 -0.340095 0.488162 0.803762 179.776 -0.774466 0.339425 -0.533848 199.864 0 0 0 1 
Seq_Frame0113_DriverToReference-SequenceTransformStatus = OK
Seq_Frame0113_Timestamp = 12.956
Seq_Frame0114_DriverToReference-SequenceTransform =-0.533421 -0.804045 0.262628 34.9018 -0.340095 0.488162 0.803762 179.776 -0.774466 0.339425 -0.533848 199.864 0 0 0 1 
Seq_Frame0114_DriverToReference-SequenceTransformStatus = OK
Seq_Frame0114_Timestamp = 13.066
Seq_Frame0115_DriverToReference-SequenceTransform =-0.533421 -0.804045 0.262628 34.9018 -0.340095 0.488162 0.803762 179.776 -0.774466 0.339425 -0.533848 199.864 0 0 0 1 
Seq_Frame0115_DriverToReference-SequenceTransformStatus = OK
Seq_Frame0115_Timestamp = 13.17
Seq_Frame0116_DriverToReference-SequenceTransform =-0.533421 -0.804045 0.262628 34.9018 -0.340095 0.488162 0.803762 179.776 -0.774466 0.339425 -0.533848 199.864 0 0 0 1 
Seq_Frame0116_DriverToReference-SequenceTransformStatus = OK
Seq_Frame0116_Timestamp = 13.271
Seq_Frame0117_DriverToReference-SequenceTransform =-0.533421 -0.804045 0.262628 34.9018 -0.340095 0.488162 0.803762 179.776 -0.774466 0.339425 -0.533848 199.864 0 0 0 1 
Seq_Frame0117_DriverToReference-SequenceTransformStatus = OK
Seq_Frame0117_Timestamp = 13.383
Seq_Frame0118_DriverToReference-SequenceTransform =-0.533421 -0.804045 0.262628 34.9018 -0.340095 0.488162 0.803762 179.776 -0.774466 0.339425 -0.533848 199.864 0 0 0 1 
Seq_Frame0118_DriverToReference-SequenceTransformStatus = OK
Seq_Frame0118_Timestamp = 13.491
Seq_Frame0119_DriverToReference-SequenceTransform =-0.533421 -0.804045 0.262628 34.9018 -0.340095 0.488162 0.803762 179.776 -0.774466 0.339425 -0.533848 199.864 0 0 0 1 
Seq_Frame0119_DriverToReference-SequenceTransformStatus = OK
Seq_Frame0119_Timestamp = 13.592
Seq_Frame0120_DriverToReference-SequenceTransform =-0.533421 -0.804045 0.262628 34.9018 -0.340095 0.488162 0.803762 179.776 -0.774466 0.339425 -0.533848 199.864 0 0 0 1 
Seq_Frame0120_DriverToReference-SequenceTransformStatus = OK
Seq_Frame0120_Timestamp = 13.697
Seq_Frame0121_DriverToReference-SequenceTransform =-0.533421 -0.804045 0.262628 34.9018 -0.340095 0.488162 0.803762 179.776 -0.774466 0.339425 -0.533848 199.864 0 0 0 1 
Seq_Frame0121_DriverToReference-SequenceTransformStatus = OK
Seq_Frame0121_Timestamp = 13.799
Seq_Frame0122_DriverToReference-SequenceTransform =-0.533421 -0.804045 0.262628 34.9018 -0.340095 0.488162 0.803762 179.776 -0.774466 0.339425 -0.533848 199.864 0 0 0 1 
Seq_Frame0122_DriverToReference-SequenceTransformStatus = OK
Seq_Frame0122_Timestamp = 13.908
Seq_Frame0123_DriverToReference-SequenceTransform =-0.533421 -0.804045 0.262628 34.9018 -0.340095 0.488162 0.803762 179.776 -0.774466 0.339425 -0.533848 199.864 0 0 0 1 
Seq_Frame0123_DriverToReference-SequenceTransformStatus = OK
Seq_Frame0123_Timestamp = 14.009
Seq_Frame0124_DriverToReference-SequenceTransform =-0.533421 -0.804045 0.262628 34.9018 -0.340095 0.488162 0.803762 179.776 -0.774466 0.339425 -0.533848 199.864 0 0 0 1 
Seq_Frame0124_DriverToReference-SequenceTransformStatus = OK
Seq_Frame0124_Timestamp = 14.116
Seq_Frame0125_DriverToReference-SequenceTransform =-0.533421 -0.804045 0.262628 34.9018 -0.340095 0.488162 0.803762 179.776 -0.774466 0.339425 -0.533848 199.864 0 0 0 1 
Seq_Frame0125_DriverToReference-SequenceTransformStatus = OK
Seq_Frame0125_Timestamp = 14.221
Seq_Frame0126_DriverToReference-SequenceTransform =-0.533421 -0.804045 0.262628 34.9018 -0.340095 0.488162 0.803762 179.776 -0.774466 0.339425 -0.533848 199.864 0 0 0 1 
Seq_Frame0126_DriverToReference-SequenceTransformStatus = OK
Seq_Frame0126_Timestamp = 14.326
Seq_Frame0127_DriverToReference-SequenceTransform =-0.533421 -0.804045 0.262628 34.9018 -0.340095 0.488162 0.803762 179.776 -0.774466 0.339425 -0.533848 199.864 0 0 0 1 
Seq_Frame0127_DriverToReference-SequenceTransformStatus = OK
Seq_Frame0127_Timestamp = 14.433
Seq_Frame0128_DriverToReference-SequenceTransform =-0.533421 -0.804045 0.262628 34.9018 -0.340095 0.488162 0.803762 179.776 -0.774466 0.339425 -0.533848 199.864 0 0 0 1 
Seq_Frame0128_DriverToReference-SequenceTransformStatus = OK
Seq_Frame0128_Timestamp = 14.536
Seq_Frame0129_DriverToReference-SequenceTransform =-0.533421 -0.804045 0.262628 34.9018 -0.340095 0.488162 0.803762 179.776 -0.774466 0.339425 -0.533848 199.864 0 0 0 1 
Seq_Frame0129_DriverToReference-SequenceTransformStatus = OK
Seq_Frame0129_Timestamp = 14.637
Seq_Frame0130_DriverToReference-SequenceTransform =-0.533421 -0.804045 0.262628 34.9018 -0.340095 0.488162 0.803762 179.776 -0.774466 0.339425 -0.533848 199.864 0 0 0 1 
Seq_Frame0130_DriverToReference-SequenceTransformStatus = OK
Seq_Frame0130_Timestamp = 14.75
Seq_Frame0131_DriverToReference-SequenceTransform =-0.533421 -0.804045 0.262628 34.9018 -0.340095 0.488162 0.803762 179.776 -0.774466 0.339425 -0.533848 199.864 0 0 0 1 
Seq_Frame0131_DriverToReference-SequenceTransformStatus = OK
Seq_Frame0131_Timestamp = 14.856
Seq_Frame0132_DriverToReference-SequenceTransform =-0.533421 -0.804045 0.262628 34.9018 -0.340095 0.488162 0.803762 179.776 -0.774466 0.339425 -0.533848 199.864 0 0 0 1 
Seq_Frame0132_DriverToReference-SequenceTransformStatus = OK
Seq_Frame0132_Timestamp = 14.959
Seq_Frame0133_DriverToReference-SequenceTransform =-0.533421 -0.804045 0.262628 34.9018 -0.340095 0.488162 0.803762 179.776 -0.774466 0.339425 -0.533848 199.864 0 0 0 1 
Seq_Frame0133_DriverToReference-SequenceTransformStatus = OK
Seq_Frame0133_Timestamp = 15.061
Seq_Frame0134_DriverToReference-SequenceTransform =-0.533421 -0.804045 0.262628 34.9018 -0.340095 0.488162 0.803762 179.776 -0.774466 0.339425 -0.533848 199.864 0 0 0 1 
Seq_Frame0134_DriverToReference-SequenceTransformStatus = OK
Seq_Frame0134_Timestamp = 15.161
Seq_Frame0135_DriverToReference-SequenceTransform =-0.533421 -0.804045 0.262628 34.9018 -0.340095 0.488162 0.803762 179.776 -0.774466 0.339425 -0.533848 199.864 0 0 0 1 
Seq_Frame0135_DriverToReference-SequenceTransformStatus = OK
Seq_Frame0135_Timestamp = 15.266
Seq_Frame0136_DriverToReference-SequenceTransform =-0.681403 0.532354 0.502284 79.8074 -0.493521 -0.840975 0.221806 196.139 0.540487 -0.0967489 0.835771 205.961 0 0 0 1 
Seq_Frame0136_DriverToReference-SequenceTransformStatus = OK
Seq_Frame0136_Timestamp = 15.461
Seq_Frame0137_DriverToReference-SequenceTransform =0.703019 0.711157 -0.00445869 65.5937 -0.675059 0.665336 -0.318783 201.489 -0.223738 0.227121 0.947817 213.059 0 0 0 1 
Seq_Frame0137_DriverToReference-SequenceTransformStatus = OK
Seq_Frame0137_Timestamp = 16.711
Seq_Frame0138_DriverToReference-SequenceTransform =0.718932 0.694416 -0.0303948 63.4789 -0.644357 0.649432 -0.403786 200.103 -0.260656 0.309879 0.914349 217.881 0 0 0 1 
Seq_Frame0138_DriverToReference-SequenceTransformStatus = OK
Seq_Frame0138_Timestamp = 16.816
Seq_Frame0139_DriverToReference-SequenceTransform =0.729966 0.683458 -0.00582801 59.7588 -0.617638 0.655968 -0.433854 197.39 -0.292698 0.320299 0.900964 221.66 0 0 0 1 
Seq_Frame0139_DriverToReference-SequenceTransformStatus = OK
Seq_Frame0139_Timestamp = 16.925
Seq_Frame0140_DriverToReference-SequenceTransform =0.710576 0.70346 0.0149973 52.786 -0.587204 0.604617 -0.538173 192.243 -0.387651 0.373606 0.842701 215.675 0 0 0 1 
Seq_Frame0140_DriverToReference-SequenceTransformStatus = OK
Seq_Frame0140_Timestamp = 17.032
Seq_Frame0141_DriverToReference-SequenceTransform =0.711315 0.70272 -0.0146754 50.2888 -0.598662 0.59478 -0.536507 190.141 -0.368286 0.390411 0.843768 215.608 0 0 0 1 
Seq_Frame0141_DriverToReference-SequenceTransformStatus = OK
Seq_Frame0141_Timestamp = 17.136
Seq_Frame0142_DriverToReference-SequenceTransform =0.734199 0.6783 -0.0293465 51.9966 -0.586009 0.61129 -0.531901 193.19 -0.342849 0.407719 0.846298 217.922 0 0 0 1 
Seq_Frame0142_DriverToReference-SequenceTransformStatus = OK
Seq_Frame0142_Timestamp = 17.246
Seq_Frame0143_DriverToReference-SequenceTransform =0.712456 0.701454 0.0192239 54.5134 -0.61489 0.637266 -0.464545 195.178 -0.338108 0.319147 0.885341 218.674 0 0 0 1 
Seq_Frame0143_DriverToReference-SequenceTransformStatus = OK
Seq_Frame0143_Timestamp = 17.356
Seq_Frame0144_DriverToReference-SequenceTransform =0.703365 0.709814 0.0379643 56.4625 -0.635003 0.651441 -0.415206 196.464 -0.319451 0.267934 0.908935 216.481 0 0 0 1 
Seq_Frame0144_DriverToReference-SequenceTransformStatus = OK
Seq_Frame0144_Timestamp = 17.458
Seq_Frame0145_DriverToReference-SequenceTransform =0.703304 0.707612 0.068181 55.8595 -0.633754 0.667552 -0.390807 196.456 -0.322054 0.231646 0.917944 217.302 0 0 0 1 
Seq_Frame0145_DriverToReference-SequenceTransformStatus = OK
Seq_Frame0145_Timestamp = 17.561
Seq_Frame0146_DriverToReference-SequenceTransform =0.713091 0.700116 0.0366008 55.0956 -0.611993 0.647104 -0.454666 193.805 -0.342004 0.301819 0.889909 218.56 0 0 0 1 
Seq_Frame0146_DriverToReference-SequenceTransformStatus = OK
Seq_Frame0146_Timestamp = 17.661
Seq_Frame0147_DriverToReference-SequenceTransform =0.711129 0.702649 0.0240872 54.8758 -0.635812 0.657352 -0.404514 194.835 -0.300065 0.272347 0.914214 217.366 0 0 0 1 
Seq_Frame0147_DriverToReference-SequenceTransformStatus = OK
Seq_Frame0147_Timestamp = 17.766
Seq_Frame0148_DriverToReference-SequenceTransform =0.720449 0.693451 0.00886278 53.8802 -0.619214 0.648972 -0.442052 194.266 -0.312293 0.312988 0.896946 218.041 0 0 0 1 
Seq_Frame0148_DriverToReference-SequenceTransformStatus = OK
Seq_Frame0148_Timestamp = 17.875
Seq_Frame0149_DriverToReference-SequenceTransform =0.720949 0.692574 -0.0239722 54.2076 -0.618024 0.626926 -0.474352 193.24 -0.313495 0.356799 0.880009 217.977 0 0 0 1 
Seq_Frame0149_DriverToReference-SequenceTransformStatus = OK
Seq_Frame0149_Timestamp = 17.981
Seq_Frame0150_DriverToReference-SequenceTransform =0.73785 0.674594 0.0223473 53.1131 -0.582116 0.652761 -0.484814 192.998 -0.34164 0.344712 0.874331 220.969 0 0 0 1 
Seq_Frame0150_DriverToReference-SequenceTransformStatus = OK
Seq_Frame0150_Timestamp = 18.082
