ObjectType = Image
NDims = 3
AnatomicalOrientation = RAI
BinaryData = True
CompressedData = False
DimSize = 0 0 3003
ElementSpacing = 1 1 1
Offset = 0 0 0
TransformMatrix = 1 0 0 0 1 0 0 0 1
ElementType = MET_UCHAR
Kinds = domain domain list
Seq_Frame0000_ForcepToReference-SequenceTransform =0.188051 0.940501 0.283011 142.52 -0.894986 0.282772 -0.345022 -0.846899 -0.404521 -0.188409 0.894911 0.776044 0 0 0 1 
Seq_Frame0000_ForcepToReference-SequenceTransformStatus = OK
Seq_Frame0000_Timestamp = 0.00199986
Seq_Frame0001_ForcepToReference-SequenceTransform =0.187703 0.940717 0.282523 142.517 -0.895693 0.281981 -0.343831 -0.811671 -0.403114 -0.188516 0.895523 0.717142 0 0 0 1 
Seq_Frame0001_ForcepToReference-SequenceTransformStatus = OK
Seq_Frame0001_Timestamp = 0.102
Seq_Frame0002_ForcepToReference-SequenceTransform =0.188129 0.940463 0.283085 142.529 -0.89545 0.282647 -0.343919 -0.805851 -0.403456 -0.188788 0.895311 0.808561 0 0 0 1 
Seq_Frame0002_ForcepToReference-SequenceTransformStatus = OK
Seq_Frame0002_Timestamp = 0.207
Seq_Frame0003_ForcepToReference-SequenceTransform =0.187958 0.940836 0.281955 142.518 -0.895044 0.282283 -0.345271 -0.864885 -0.404435 -0.187466 0.895148 0.842385 0 0 0 1 
Seq_Frame0003_ForcepToReference-SequenceTransformStatus = OK
Seq_Frame0003_Timestamp = 0.317
Seq_Frame0004_ForcepToReference-SequenceTransform =0.187951 0.940625 0.282666 142.5 -0.895236 0.282448 -0.344638 -0.79656 -0.404014 -0.188278 0.895167 0.707488 0 0 0 1 
Seq_Frame0004_ForcepToReference-SequenceTransformStatus = OK
Seq_Frame0004_Timestamp = 0.42
Seq_Frame0005_ForcepToReference-SequenceTransform =0.187585 0.940831 0.282222 142.504 -0.895281 0.281968 -0.344916 -0.8255 -0.404085 -0.187967 0.895201 0.69509 0 0 0 1 
Seq_Frame0005_ForcepToReference-SequenceTransformStatus = OK
Seq_Frame0005_Timestamp = 0.526
Seq_Frame0006_ForcepToReference-SequenceTransform =0.187938 0.94022 0.284019 142.525 -0.895207 0.282947 -0.344305 -0.827102 -0.404084 -0.189548 0.894867 0.791206 0 0 0 1 
Seq_Frame0006_ForcepToReference-SequenceTransformStatus = OK
Seq_Frame0006_Timestamp = 0.634
Seq_Frame0007_ForcepToReference-SequenceTransform =0.188182 0.940351 0.283422 142.515 -0.895209 0.282925 -0.344316 -0.806492 -0.403965 -0.188928 0.895052 0.771472 0 0 0 1 
Seq_Frame0007_ForcepToReference-SequenceTransformStatus = OK
Seq_Frame0007_Timestamp = 0.741
Seq_Frame0008_ForcepToReference-SequenceTransform =0.187957 0.940177 0.284146 142.533 -0.895029 0.283092 -0.344647 -0.779667 -0.404468 -0.18954 0.894695 0.788074 0 0 0 1 
Seq_Frame0008_ForcepToReference-SequenceTransformStatus = OK
Seq_Frame0008_Timestamp = 0.843
Seq_Frame0009_ForcepToReference-SequenceTransform =0.187206 0.940568 0.283348 142.518 -0.895498 0.281971 -0.344349 -0.898743 -0.40378 -0.189273 0.895063 0.759582 0 0 0 1 
Seq_Frame0009_ForcepToReference-SequenceTransformStatus = OK
Seq_Frame0009_Timestamp = 0.951
Seq_Frame0010_ForcepToReference-SequenceTransform =0.188088 0.940188 0.284023 142.521 -0.895002 0.283167 -0.344655 -0.818147 -0.404467 -0.189376 0.894731 0.780702 0 0 0 1 
Seq_Frame0010_ForcepToReference-SequenceTransformStatus = OK
Seq_Frame0010_Timestamp = 1.056
Seq_Frame0011_ForcepToReference-SequenceTransform =0.187105 0.941739 0.279499 142.491 -0.894336 0.281009 -0.348133 -1.15162 -0.406392 -0.184828 0.894809 0.967446 0 0 0 1 
Seq_Frame0011_ForcepToReference-SequenceTransformStatus = OK
Seq_Frame0011_Timestamp = 1.159
Seq_Frame0012_ForcepToReference-SequenceTransform =0.188245 0.941441 0.279738 142.468 -0.894922 0.281758 -0.346016 -0.936304 -0.404572 -0.185208 0.895555 0.859288 0 0 0 1 
Seq_Frame0012_ForcepToReference-SequenceTransformStatus = OK
Seq_Frame0012_Timestamp = 1.26
Seq_Frame0013_ForcepToReference-SequenceTransform =0.188325 0.941065 0.280944 142.496 -0.894533 0.282445 -0.346462 -0.926052 -0.405394 -0.186067 0.895005 0.866577 0 0 0 1 
Seq_Frame0013_ForcepToReference-SequenceTransformStatus = OK
Seq_Frame0013_Timestamp = 1.366
Seq_Frame0014_ForcepToReference-SequenceTransform =0.188018 0.940684 0.282424 142.49 -0.894904 0.282568 -0.3454 -0.839866 -0.404716 -0.187801 0.89495 0.697952 0 0 0 1 
Seq_Frame0014_ForcepToReference-SequenceTransformStatus = OK
Seq_Frame0014_Timestamp = 1.476
Seq_Frame0015_ForcepToReference-SequenceTransform =0.188362 0.940707 0.282117 142.489 -0.895656 0.282385 -0.343596 -0.821109 -0.402889 -0.187959 0.895741 0.850701 0 0 0 1 
Seq_Frame0015_ForcepToReference-SequenceTransformStatus = OK
Seq_Frame0015_Timestamp = 1.576
Seq_Frame0016_ForcepToReference-SequenceTransform =0.191932 0.940744 0.279577 142.339 -0.897804 0.283362 -0.337127 -0.405782 -0.396372 -0.1863 0.898989 0.915739 0 0 0 1 
Seq_Frame0016_ForcepToReference-SequenceTransformStatus = OK
Seq_Frame0016_Timestamp = 1.681
Seq_Frame0017_ForcepToReference-SequenceTransform =0.186419 0.941713 0.280043 142.394 -0.891607 0.281882 -0.354372 -1.27876 -0.412656 -0.183626 0.892186 1.23484 0 0 0 1 
Seq_Frame0017_ForcepToReference-SequenceTransformStatus = OK
Seq_Frame0017_Timestamp = 1.791
Seq_Frame0018_ForcepToReference-SequenceTransform =0.180251 0.94372 0.277311 142.548 -0.876753 0.281952 -0.389626 -3.14754 -0.445886 -0.172903 0.878231 2.2372 0 0 0 1 
Seq_Frame0018_ForcepToReference-SequenceTransformStatus = OK
Seq_Frame0018_Timestamp = 1.9
Seq_Frame0019_ForcepToReference-SequenceTransform =0.184404 0.941801 0.281081 142.433 -0.890203 0.281258 -0.358375 -1.51909 -0.416575 -0.184134 0.890259 1.32264 0 0 0 1 
Seq_Frame0019_ForcepToReference-SequenceTransformStatus = OK
Seq_Frame0019_Timestamp = 2.001
Seq_Frame0020_ForcepToReference-SequenceTransform =0.18771 0.941117 0.281185 142.526 -0.894366 0.28211 -0.347165 -1.01589 -0.406047 -0.186316 0.894657 0.951554 0 0 0 1 
Seq_Frame0020_ForcepToReference-SequenceTransformStatus = OK
Seq_Frame0020_Timestamp = 2.107
Seq_Frame0021_ForcepToReference-SequenceTransform =0.187917 0.9406 0.28277 142.534 -0.894741 0.282689 -0.345724 -0.860287 -0.405124 -0.188039 0.894716 0.730169 0 0 0 1 
Seq_Frame0021_ForcepToReference-SequenceTransformStatus = OK
Seq_Frame0021_Timestamp = 2.208
Seq_Frame0022_ForcepToReference-SequenceTransform =0.188078 0.940668 0.282436 142.512 -0.89488 0.282633 -0.34541 -0.888577 -0.404742 -0.187782 0.894942 0.791274 0 0 0 1 
Seq_Frame0022_ForcepToReference-SequenceTransformStatus = OK
Seq_Frame0022_Timestamp = 2.309
Seq_Frame0023_ForcepToReference-SequenceTransform =0.187977 0.940842 0.281925 142.517 -0.894472 0.282552 -0.346533 -0.96467 -0.405691 -0.187034 0.894669 0.875583 0 0 0 1 
Seq_Frame0023_ForcepToReference-SequenceTransformStatus = OK
Seq_Frame0023_Timestamp = 2.416
Seq_Frame0024_ForcepToReference-SequenceTransform =0.187873 0.941224 0.280714 142.517 -0.894316 0.282092 -0.347309 -1.03251 -0.406083 -0.185797 0.894749 0.932771 0 0 0 1 
Seq_Frame0024_ForcepToReference-SequenceTransformStatus = OK
Seq_Frame0024_Timestamp = 2.517
Seq_Frame0025_ForcepToReference-SequenceTransform =0.187689 0.941427 0.280156 142.506 -0.894681 0.28157 -0.346791 -1.01307 -0.405362 -0.185561 0.895125 0.842057 0 0 0 1 
Seq_Frame0025_ForcepToReference-SequenceTransformStatus = OK
Seq_Frame0025_Timestamp = 2.621
Seq_Frame0026_ForcepToReference-SequenceTransform =0.187884 0.941058 0.281265 142.492 -0.895277 0.281862 -0.345012 -0.962041 -0.403954 -0.186988 0.895465 0.825 0 0 0 1 
Seq_Frame0026_ForcepToReference-SequenceTransformStatus = OK
Seq_Frame0026_Timestamp = 2.721
Seq_Frame0027_ForcepToReference-SequenceTransform =0.188171 0.941486 0.279635 142.498 -0.895159 0.281552 -0.34557 -0.92606 -0.404081 -0.185292 0.89576 0.778389 0 0 0 1 
Seq_Frame0027_ForcepToReference-SequenceTransformStatus = OK
Seq_Frame0027_Timestamp = 2.826
Seq_Frame0028_ForcepToReference-SequenceTransform =0.187607 0.940955 0.281792 142.521 -0.894701 0.282097 -0.346311 -0.924621 -0.405356 -0.187149 0.894797 0.775674 0 0 0 1 
Seq_Frame0028_ForcepToReference-SequenceTransformStatus = OK
Seq_Frame0028_Timestamp = 2.928
Seq_Frame0029_ForcepToReference-SequenceTransform =0.188234 0.940528 0.282798 142.52 -0.895165 0.28276 -0.344567 -0.859583 -0.404039 -0.188291 0.895153 0.863861 0 0 0 1 
Seq_Frame0029_ForcepToReference-SequenceTransformStatus = OK
Seq_Frame0029_Timestamp = 3.041
Seq_Frame0030_ForcepToReference-SequenceTransform =0.188107 0.940638 0.282516 142.502 -0.895423 0.282433 -0.344165 -0.819391 -0.403527 -0.188232 0.895397 0.74583 0 0 0 1 
Seq_Frame0030_ForcepToReference-SequenceTransformStatus = OK
Seq_Frame0030_Timestamp = 3.146
Seq_Frame0031_ForcepToReference-SequenceTransform =0.188392 0.940124 0.284033 142.519 -0.894801 0.283511 -0.344894 -0.843123 -0.40477 -0.189178 0.894636 0.878314 0 0 0 1 
Seq_Frame0031_ForcepToReference-SequenceTransformStatus = OK
Seq_Frame0031_Timestamp = 3.251
Seq_Frame0032_ForcepToReference-SequenceTransform =0.188341 0.9405 0.282819 142.508 -0.895204 0.282836 -0.344404 -0.814974 -0.403903 -0.188316 0.895209 0.763879 0 0 0 1 
Seq_Frame0032_ForcepToReference-SequenceTransformStatus = OK
Seq_Frame0032_Timestamp = 3.356
Seq_Frame0033_ForcepToReference-SequenceTransform =0.187709 0.94072 0.282508 142.522 -0.894728 0.28243 -0.345971 -0.899135 -0.405251 -0.187826 0.894703 0.79865 0 0 0 1 
Seq_Frame0033_ForcepToReference-SequenceTransformStatus = OK
Seq_Frame0033_Timestamp = 3.457
Seq_Frame0034_ForcepToReference-SequenceTransform =0.187727 0.940483 0.283285 142.536 -0.894479 0.282846 -0.346274 -0.920827 -0.405791 -0.188387 0.89434 0.851687 0 0 0 1 
Seq_Frame0034_ForcepToReference-SequenceTransformStatus = OK
Seq_Frame0034_Timestamp = 3.561
Seq_Frame0035_ForcepToReference-SequenceTransform =0.187517 0.940936 0.281918 142.528 -0.894601 0.282116 -0.346555 -0.947429 -0.405619 -0.187219 0.894663 0.869261 0 0 0 1 
Seq_Frame0035_ForcepToReference-SequenceTransformStatus = OK
Seq_Frame0035_Timestamp = 3.667
Seq_Frame0036_ForcepToReference-SequenceTransform =0.188275 0.940296 0.283541 142.509 -0.894851 0.283211 -0.345011 -0.807472 -0.404714 -0.18877 0.894747 0.767689 0 0 0 1 
Seq_Frame0036_ForcepToReference-SequenceTransformStatus = OK
Seq_Frame0036_Timestamp = 3.77
Seq_Frame0037_ForcepToReference-SequenceTransform =0.188645 0.94028 0.283347 142.523 -0.894713 0.283505 -0.345128 -0.839782 -0.404847 -0.188408 0.894763 0.83349 0 0 0 1 
Seq_Frame0037_ForcepToReference-SequenceTransformStatus = OK
Seq_Frame0037_Timestamp = 3.871
Seq_Frame0038_ForcepToReference-SequenceTransform =0.188396 0.940904 0.281437 142.523 -0.895319 0.282321 -0.344526 -0.828238 -0.403622 -0.187069 0.895597 0.887015 0 0 0 1 
Seq_Frame0038_ForcepToReference-SequenceTransformStatus = OK
Seq_Frame0038_Timestamp = 3.975
Seq_Frame0039_ForcepToReference-SequenceTransform =0.188401 0.940434 0.283 142.514 -0.895434 0.282844 -0.3438 -0.781786 -0.403366 -0.188635 0.895384 0.796357 0 0 0 1 
Seq_Frame0039_ForcepToReference-SequenceTransformStatus = OK
Seq_Frame0039_Timestamp = 4.081
Seq_Frame0040_ForcepToReference-SequenceTransform =0.18846 0.940726 0.281988 142.519 -0.895211 0.282625 -0.34456 -0.794645 -0.403833 -0.187503 0.895411 0.809814 0 0 0 1 
Seq_Frame0040_ForcepToReference-SequenceTransformStatus = OK
Seq_Frame0040_Timestamp = 4.184
Seq_Frame0041_ForcepToReference-SequenceTransform =0.188547 0.940385 0.283067 142.499 -0.895816 0.282807 -0.342832 -0.746186 -0.402448 -0.188936 0.895734 0.73356 0 0 0 1 
Seq_Frame0041_ForcepToReference-SequenceTransformStatus = OK
Seq_Frame0041_Timestamp = 4.291
Seq_Frame0042_ForcepToReference-SequenceTransform =0.188786 0.940533 0.282415 142.511 -0.895637 0.282847 -0.343265 -0.727432 -0.402733 -0.188138 0.895774 0.748766 0 0 0 1 
Seq_Frame0042_ForcepToReference-SequenceTransformStatus = OK
Seq_Frame0042_Timestamp = 4.396
Seq_Frame0043_ForcepToReference-SequenceTransform =0.188773 0.940404 0.282853 142.503 -0.895633 0.282998 -0.343151 -0.740452 -0.402748 -0.188555 0.895679 0.772606 0 0 0 1 
Seq_Frame0043_ForcepToReference-SequenceTransformStatus = OK
Seq_Frame0043_Timestamp = 4.497
Seq_Frame0044_ForcepToReference-SequenceTransform =0.188509 0.940471 0.282806 142.505 -0.895806 0.282686 -0.342959 -0.738614 -0.402488 -0.188688 0.895768 0.798929 0 0 0 1 
Seq_Frame0044_ForcepToReference-SequenceTransformStatus = OK
Seq_Frame0044_Timestamp = 4.608
Seq_Frame0045_ForcepToReference-SequenceTransform =0.188478 0.940581 0.282459 142.496 -0.89607 0.282411 -0.342496 -0.753036 -0.401914 -0.18855 0.896054 0.779571 0 0 0 1 
Seq_Frame0045_ForcepToReference-SequenceTransformStatus = OK
Seq_Frame0045_Timestamp = 4.711
Seq_Frame0046_ForcepToReference-SequenceTransform =0.188633 0.940411 0.282923 142.51 -0.895315 0.283059 -0.343931 -0.746585 -0.403521 -0.188429 0.895358 0.750069 0 0 0 1 
Seq_Frame0046_ForcepToReference-SequenceTransformStatus = OK
Seq_Frame0046_Timestamp = 4.826
Seq_Frame0047_ForcepToReference-SequenceTransform =0.188393 0.940585 0.282502 142.508 -0.895769 0.282498 -0.343208 -0.769968 -0.402623 -0.188399 0.895768 0.745741 0 0 0 1 
Seq_Frame0047_ForcepToReference-SequenceTransformStatus = OK
Seq_Frame0047_Timestamp = 4.933
Seq_Frame0048_ForcepToReference-SequenceTransform =0.188531 0.940874 0.281448 142.503 -0.895371 0.282411 -0.344318 -0.785178 -0.403444 -0.187086 0.895674 0.789613 0 0 0 1 
Seq_Frame0048_ForcepToReference-SequenceTransformStatus = OK
Seq_Frame0048_Timestamp = 5.042
Seq_Frame0049_ForcepToReference-SequenceTransform =0.188833 0.940226 0.283403 142.502 -0.895303 0.283402 -0.343679 -0.742037 -0.403453 -0.188833 0.895303 0.742769 0 0 0 1 
Seq_Frame0049_ForcepToReference-SequenceTransformStatus = OK
Seq_Frame0049_Timestamp = 5.15
Seq_Frame0050_ForcepToReference-SequenceTransform =0.1886 0.940192 0.283671 142.503 -0.895509 0.283215 -0.343296 -0.742496 -0.403104 -0.189284 0.895365 0.755944 0 0 0 1 
Seq_Frame0050_ForcepToReference-SequenceTransformStatus = OK
Seq_Frame0050_Timestamp = 5.25
Seq_Frame0051_ForcepToReference-SequenceTransform =0.187985 0.940315 0.283671 142.506 -0.895282 0.282823 -0.344211 -0.829589 -0.403896 -0.189259 0.895014 0.756545 0 0 0 1 
Seq_Frame0051_ForcepToReference-SequenceTransformStatus = OK
Seq_Frame0051_Timestamp = 5.356
Seq_Frame0052_ForcepToReference-SequenceTransform =0.188356 0.940242 0.283668 142.528 -0.894375 0.283545 -0.345969 -0.842492 -0.405728 -0.18854 0.894336 0.843663 0 0 0 1 
Seq_Frame0052_ForcepToReference-SequenceTransformStatus = OK
Seq_Frame0052_Timestamp = 5.457
Seq_Frame0053_ForcepToReference-SequenceTransform =0.188014 0.94052 0.282972 142.522 -0.894953 0.282744 -0.345131 -0.819583 -0.404611 -0.188357 0.894881 0.741939 0 0 0 1 
Seq_Frame0053_ForcepToReference-SequenceTransformStatus = OK
Seq_Frame0053_Timestamp = 5.558
Seq_Frame0054_ForcepToReference-SequenceTransform =0.187716 0.940845 0.282087 142.517 -0.895233 0.282047 -0.344974 -0.842885 -0.404129 -0.187777 0.89522 0.735754 0 0 0 1 
Seq_Frame0054_ForcepToReference-SequenceTransformStatus = OK
Seq_Frame0054_Timestamp = 5.661
Seq_Frame0055_ForcepToReference-SequenceTransform =0.187831 0.940366 0.283605 142.523 -0.894728 0.282933 -0.34556 -0.864622 -0.405194 -0.188842 0.894515 0.82155 0 0 0 1 
Seq_Frame0055_ForcepToReference-SequenceTransformStatus = OK
Seq_Frame0055_Timestamp = 5.775
Seq_Frame0056_ForcepToReference-SequenceTransform =0.187958 0.940287 0.283781 142.519 -0.894854 0.283041 -0.345142 -0.866391 -0.404855 -0.18907 0.89462 0.818216 0 0 0 1 
Seq_Frame0056_ForcepToReference-SequenceTransformStatus = OK
Seq_Frame0056_Timestamp = 5.876
Seq_Frame0057_ForcepToReference-SequenceTransform =0.187863 0.940597 0.282814 142.519 -0.89525 0.282425 -0.344621 -0.878745 -0.404023 -0.188448 0.895127 0.823032 0 0 0 1 
Seq_Frame0057_ForcepToReference-SequenceTransformStatus = OK
Seq_Frame0057_Timestamp = 5.981
Seq_Frame0058_ForcepToReference-SequenceTransform =0.188682 0.940339 0.283128 142.508 -0.89577 0.282961 -0.342825 -0.753102 -0.402486 -0.188933 0.895717 0.770279 0 0 0 1 
Seq_Frame0058_ForcepToReference-SequenceTransformStatus = OK
Seq_Frame0058_Timestamp = 6.083
Seq_Frame0059_ForcepToReference-SequenceTransform =0.188571 0.940282 0.283392 142.527 -0.894418 0.283598 -0.345814 -0.781405 -0.405532 -0.18826 0.894484 0.839813 0 0 0 1 
Seq_Frame0059_ForcepToReference-SequenceTransformStatus = OK
Seq_Frame0059_Timestamp = 6.192
Seq_Frame0060_ForcepToReference-SequenceTransform =0.187224 0.941271 0.280993 142.518 -0.894451 0.281605 -0.347354 -1.04791 -0.406084 -0.186302 0.894644 0.936031 0 0 0 1 
Seq_Frame0060_ForcepToReference-SequenceTransformStatus = OK
Seq_Frame0060_Timestamp = 6.296
Seq_Frame0061_ForcepToReference-SequenceTransform =0.188559 0.940007 0.28431 142.535 -0.895841 0.283259 -0.342393 -0.667176 -0.402385 -0.190135 0.895508 0.695277 0 0 0 1 
Seq_Frame0061_ForcepToReference-SequenceTransformStatus = OK
Seq_Frame0061_Timestamp = 6.406
Seq_Frame0062_ForcepToReference-SequenceTransform =0.189188 0.939823 0.284502 142.528 -0.895714 0.283898 -0.342197 -0.604838 -0.402374 -0.190093 0.895522 0.701924 0 0 0 1 
Seq_Frame0062_ForcepToReference-SequenceTransformStatus = OK
Seq_Frame0062_Timestamp = 6.507
Seq_Frame0063_ForcepToReference-SequenceTransform =0.188947 0.940226 0.283327 142.526 -0.896039 0.283122 -0.341989 -0.663335 -0.401763 -0.189254 0.895974 0.780358 0 0 0 1 
Seq_Frame0063_ForcepToReference-SequenceTransformStatus = OK
Seq_Frame0063_Timestamp = 6.608
Seq_Frame0064_ForcepToReference-SequenceTransform =0.188217 0.94067 0.282339 142.523 -0.895684 0.282335 -0.343564 -0.791262 -0.402895 -0.188222 0.895683 0.848731 0 0 0 1 
Seq_Frame0064_ForcepToReference-SequenceTransformStatus = OK
Seq_Frame0064_Timestamp = 6.708
Seq_Frame0065_ForcepToReference-SequenceTransform =0.188071 0.940759 0.282139 142.526 -0.89497 0.282476 -0.345305 -0.813803 -0.404547 -0.187564 0.895076 0.757112 0 0 0 1 
Seq_Frame0065_ForcepToReference-SequenceTransformStatus = OK
Seq_Frame0065_Timestamp = 6.811
Seq_Frame0066_ForcepToReference-SequenceTransform =0.188006 0.940508 0.283016 142.532 -0.894513 0.282957 -0.346095 -0.861963 -0.405587 -0.188094 0.894494 0.811798 0 0 0 1 
Seq_Frame0066_ForcepToReference-SequenceTransformStatus = OK
Seq_Frame0066_Timestamp = 6.917
Seq_Frame0067_ForcepToReference-SequenceTransform =0.187878 0.940533 0.283018 142.534 -0.894428 0.282894 -0.346367 -0.868716 -0.405834 -0.188065 0.894388 0.812088 0 0 0 1 
Seq_Frame0067_ForcepToReference-SequenceTransformStatus = OK
Seq_Frame0067_Timestamp = 7.017
Seq_Frame0068_ForcepToReference-SequenceTransform =0.187922 0.940343 0.283619 142.558 -0.894 0.28335 -0.347098 -0.868988 -0.406755 -0.188328 0.893915 0.836589 0 0 0 1 
Seq_Frame0068_ForcepToReference-SequenceTransformStatus = OK
Seq_Frame0068_Timestamp = 7.122
Seq_Frame0069_ForcepToReference-SequenceTransform =0.187751 0.940614 0.282833 142.528 -0.89526 0.282336 -0.344667 -0.897156 -0.404052 -0.188498 0.895103 0.846026 0 0 0 1 
Seq_Frame0069_ForcepToReference-SequenceTransformStatus = OK
Seq_Frame0069_Timestamp = 7.231
Seq_Frame0070_ForcepToReference-SequenceTransform =0.187918 0.9406 0.282769 142.557 -0.894548 0.282779 -0.346149 -0.903274 -0.405549 -0.187903 0.894551 0.908926 0 0 0 1 
Seq_Frame0070_ForcepToReference-SequenceTransformStatus = OK
Seq_Frame0070_Timestamp = 7.343
Seq_Frame0071_ForcepToReference-SequenceTransform =0.187958 0.940402 0.283402 142.516 -0.894778 0.282938 -0.345426 -0.821979 -0.405024 -0.188656 0.894631 0.741532 0 0 0 1 
Seq_Frame0071_ForcepToReference-SequenceTransformStatus = OK
Seq_Frame0071_Timestamp = 7.451
Seq_Frame0072_ForcepToReference-SequenceTransform =0.188072 0.940266 0.283774 142.487 -0.895336 0.282906 -0.344003 -0.799739 -0.403736 -0.189376 0.895061 0.674255 0 0 0 1 
Seq_Frame0072_ForcepToReference-SequenceTransformStatus = OK
Seq_Frame0072_Timestamp = 7.556
Seq_Frame0073_ForcepToReference-SequenceTransform =0.188598 0.939066 0.287378 142.51 -0.894326 0.285128 -0.344795 -0.6958 -0.405724 -0.191982 0.893605 0.561524 0 0 0 1 
Seq_Frame0073_ForcepToReference-SequenceTransformStatus = OK
Seq_Frame0073_Timestamp = 7.657
Seq_Frame0074_ForcepToReference-SequenceTransform =0.188008 0.939323 0.286925 142.499 -0.894994 0.284168 -0.343851 -0.673828 -0.404522 -0.192149 0.894114 0.411979 0 0 0 1 
Seq_Frame0074_ForcepToReference-SequenceTransformStatus = OK
Seq_Frame0074_Timestamp = 7.757
Seq_Frame0075_ForcepToReference-SequenceTransform =0.178753 0.93887 0.29423 142.454 -0.895964 0.278902 -0.345634 -0.819604 -0.406567 -0.201836 0.891048 0.270735 0 0 0 1 
Seq_Frame0075_ForcepToReference-SequenceTransformStatus = OK
Seq_Frame0075_Timestamp = 7.861
Seq_Frame0076_ForcepToReference-SequenceTransform =0.162295 0.939203 0.302586 142.437 -0.895899 0.268775 -0.353731 -1.36334 -0.413553 -0.213678 0.885051 -0.369116 0 0 0 1 
Seq_Frame0076_ForcepToReference-SequenceTransformStatus = OK
Seq_Frame0076_Timestamp = 7.971
Seq_Frame0077_ForcepToReference-SequenceTransform =0.110073 0.930262 0.349996 135.215 -0.909248 0.236471 -0.342564 -3.53347 -0.401438 -0.280526 0.871867 -5.12564 0 0 0 1 
Seq_Frame0077_ForcepToReference-SequenceTransformStatus = OK
Seq_Frame0077_Timestamp = 8.072
Seq_Frame0078_ForcepToReference-SequenceTransform =-0.105516 0.987006 0.121188 136.042 -0.843805 -0.0243836 -0.536096 -0.794572 -0.526175 -0.158826 0.835413 -7.07268 0 0 0 1 
Seq_Frame0078_ForcepToReference-SequenceTransformStatus = OK
Seq_Frame0078_Timestamp = 8.173
Seq_Frame0079_ForcepToReference-SequenceTransform =-0.160387 0.982913 0.0903227 137.748 -0.814639 -0.0801452 -0.574404 2.58487 -0.55735 -0.165707 0.813573 -9.29674 0 0 0 1 
Seq_Frame0079_ForcepToReference-SequenceTransformStatus = OK
Seq_Frame0079_Timestamp = 8.283
Seq_Frame0080_ForcepToReference-SequenceTransform =0.955254 0.0798136 0.284814 161.545 -0.251774 0.724777 0.641333 95.7792 -0.15524 -0.684345 0.712441 -34.2504 0 0 0 1 
Seq_Frame0080_ForcepToReference-SequenceTransformStatus = OK
Seq_Frame0080_Timestamp = 8.387
Seq_Frame0081_ForcepToReference-SequenceTransform =0.898768 0.198314 0.391009 170.035 -0.325763 0.898951 0.292858 158.274 -0.293421 -0.390587 0.872551 -42.9401 0 0 0 1 
Seq_Frame0081_ForcepToReference-SequenceTransformStatus = OK
Seq_Frame0081_Timestamp = 8.492
Seq_Frame0082_ForcepToReference-SequenceTransform =0.877716 0.279654 0.389113 185.222 -0.360226 0.920572 0.150946 197.355 -0.315994 -0.272656 0.908739 -31.5262 0 0 0 1 
Seq_Frame0082_ForcepToReference-SequenceTransformStatus = OK
Seq_Frame0082_Timestamp = 8.592
Seq_Frame0083_ForcepToReference-SequenceTransform =0.736571 0.536005 0.412506 200.621 -0.532857 0.835501 -0.134171 213.756 -0.416566 -0.120981 0.90102 -14.5887 0 0 0 1 
Seq_Frame0083_ForcepToReference-SequenceTransformStatus = OK
Seq_Frame0083_Timestamp = 8.693
Seq_Frame0084_ForcepToReference-SequenceTransform =0.758378 0.524234 0.387353 204.089 -0.517317 0.845614 -0.131604 221.391 -0.396542 -0.100579 0.91249 -3.95107 0 0 0 1 
Seq_Frame0084_ForcepToReference-SequenceTransformStatus = OK
Seq_Frame0084_Timestamp = 8.793
Seq_Frame0085_ForcepToReference-SequenceTransform =0.898786 0.254708 0.356803 199.175 -0.299354 0.951185 0.0750592 239.665 -0.320268 -0.174273 0.931159 -3.6962 0 0 0 1 
Seq_Frame0085_ForcepToReference-SequenceTransformStatus = OK
Seq_Frame0085_Timestamp = 8.901
Seq_Frame0086_ForcepToReference-SequenceTransform =0.693218 -0.579731 -0.428207 171.155 0.720728 0.557116 0.412519 284.24 -0.000588978 -0.594587 0.804031 -4.2572 0 0 0 1 
Seq_Frame0086_ForcepToReference-SequenceTransformStatus = OK
Seq_Frame0086_Timestamp = 9.002
Seq_Frame0087_ForcepToReference-SequenceTransform =0.518331 -0.445424 -0.730021 179.528 0.846002 0.391808 0.361618 298.549 0.124955 -0.805036 0.579916 6.01213 0 0 0 1 
Seq_Frame0087_ForcepToReference-SequenceTransformStatus = OK
Seq_Frame0087_Timestamp = 9.106
Seq_Frame0088_ForcepToReference-SequenceTransform =0.435479 -0.145754 -0.888321 207.795 0.846713 0.4014 0.349222 294.776 0.305671 -0.904231 0.298213 36.142 0 0 0 1 
Seq_Frame0088_ForcepToReference-SequenceTransformStatus = OK
Seq_Frame0088_Timestamp = 9.207
Seq_Frame0089_ForcepToReference-SequenceTransform =0.467946 0.0687283 -0.881081 228.626 0.852298 0.228542 0.470486 266.397 0.233699 -0.971105 0.0483681 63.3653 0 0 0 1 
Seq_Frame0089_ForcepToReference-SequenceTransformStatus = OK
Seq_Frame0089_Timestamp = 9.308
Seq_Frame0090_ForcepToReference-SequenceTransform =0.33678 -0.0773804 -0.938398 219.692 0.886155 0.36294 0.288102 261.294 0.318289 -0.928594 0.190802 87.4389 0 0 0 1 
Seq_Frame0090_ForcepToReference-SequenceTransformStatus = OK
Seq_Frame0090_Timestamp = 9.425
Seq_Frame0091_ForcepToReference-SequenceTransform =0.235469 -0.17006 -0.956888 207.288 0.936113 0.304339 0.176269 260.674 0.261242 -0.937261 0.230858 93.2268 0 0 0 1 
Seq_Frame0091_ForcepToReference-SequenceTransformStatus = OK
Seq_Frame0091_Timestamp = 9.526
Seq_Frame0092_ForcepToReference-SequenceTransform =0.101161 0.192129 -0.976142 211.12 0.960586 0.236495 0.146097 258.122 0.258922 -0.952448 -0.160633 123.991 0 0 0 1 
Seq_Frame0092_ForcepToReference-SequenceTransformStatus = OK
Seq_Frame0092_Timestamp = 9.63
Seq_Frame0093_ForcepToReference-SequenceTransform =0.101161 0.192129 -0.976142 211.12 0.960586 0.236495 0.146097 258.122 0.258922 -0.952448 -0.160633 123.991 0 0 0 1 
Seq_Frame0093_ForcepToReference-SequenceTransformStatus = OK
Seq_Frame0093_Timestamp = 9.731
Seq_Frame0094_ForcepToReference-SequenceTransform =0.101161 0.192129 -0.976142 211.12 0.960586 0.236495 0.146097 258.122 0.258922 -0.952448 -0.160633 123.991 0 0 0 1 
Seq_Frame0094_ForcepToReference-SequenceTransformStatus = OK
Seq_Frame0094_Timestamp = 9.832
Seq_Frame0095_ForcepToReference-SequenceTransform =0.101161 0.192129 -0.976142 211.12 0.960586 0.236495 0.146097 258.122 0.258922 -0.952448 -0.160633 123.991 0 0 0 1 
Seq_Frame0095_ForcepToReference-SequenceTransformStatus = OK
Seq_Frame0095_Timestamp = 9.936
Seq_Frame0096_ForcepToReference-SequenceTransform =0.841761 0.217031 0.494304 199.565 0.00600155 0.911812 -0.410564 249.546 -0.539817 0.348564 0.766225 132.345 0 0 0 1 
Seq_Frame0096_ForcepToReference-SequenceTransformStatus = OK
Seq_Frame0096_Timestamp = 10.036
Seq_Frame0097_ForcepToReference-SequenceTransform =0.758377 0.22691 0.611045 189.207 0.11427 0.876649 -0.467364 253.926 -0.641721 0.424263 0.638902 139.663 0 0 0 1 
Seq_Frame0097_ForcepToReference-SequenceTransformStatus = OK
Seq_Frame0097_Timestamp = 10.141
Seq_Frame0098_ForcepToReference-SequenceTransform =0.828739 0.180896 0.529592 178.904 0.0648563 0.908896 -0.411949 237.794 -0.555864 0.375745 0.741506 147.407 0 0 0 1 
Seq_Frame0098_ForcepToReference-SequenceTransformStatus = OK
Seq_Frame0098_Timestamp = 11.387
Seq_Frame0099_ForcepToReference-SequenceTransform =0.838029 0.170664 0.518248 178.529 0.0615977 0.91416 -0.400647 236.411 -0.542138 0.367676 0.75558 146.75 0 0 0 1 
Seq_Frame0099_ForcepToReference-SequenceTransformStatus = OK
Seq_Frame0099_Timestamp = 11.492
Seq_Frame0100_ForcepToReference-SequenceTransform =0.845384 0.149185 0.512903 177.51 0.0629089 0.925718 -0.372947 234.874 -0.530441 0.34755 0.773202 145.308 0 0 0 1 
Seq_Frame0100_ForcepToReference-SequenceTransformStatus = OK
Seq_Frame0100_Timestamp = 11.6
Seq_Frame0101_ForcepToReference-SequenceTransform =0.852631 0.111094 0.510567 177.728 0.0840911 0.935225 -0.343923 235.468 -0.515703 0.336174 0.788059 146.015 0 0 0 1 
Seq_Frame0101_ForcepToReference-SequenceTransformStatus = OK
Seq_Frame0101_Timestamp = 11.706
Seq_Frame0102_ForcepToReference-SequenceTransform =0.856569 0.0845576 0.509057 176.663 0.0970166 0.942504 -0.319802 235.027 -0.50683 0.32332 0.799117 146.458 0 0 0 1 
Seq_Frame0102_ForcepToReference-SequenceTransformStatus = OK
Seq_Frame0102_Timestamp = 11.807
Seq_Frame0103_ForcepToReference-SequenceTransform =0.869475 0.0625721 0.489999 179.039 0.096431 0.951361 -0.292599 233.629 -0.484474 0.301658 0.82115 148.144 0 0 0 1 
Seq_Frame0103_ForcepToReference-SequenceTransformStatus = OK
Seq_Frame0103_Timestamp = 11.911
Seq_Frame0104_ForcepToReference-SequenceTransform =0.875358 0.0377332 0.482 177.85 0.109563 0.955531 -0.273781 234.016 -0.470897 0.292466 0.832298 148.443 0 0 0 1 
Seq_Frame0104_ForcepToReference-SequenceTransformStatus = OK
Seq_Frame0104_Timestamp = 12.012
Seq_Frame0105_ForcepToReference-SequenceTransform =0.888638 0.00972942 0.458505 177.567 0.122476 0.958429 -0.25771 234.052 -0.441952 0.285167 0.850505 149.374 0 0 0 1 
Seq_Frame0105_ForcepToReference-SequenceTransformStatus = OK
Seq_Frame0105_Timestamp = 12.116
Seq_Frame0106_ForcepToReference-SequenceTransform =0.902116 0.0103654 0.43137 180.785 0.113166 0.959034 -0.259706 232.883 -0.41639 0.283101 0.863987 152.199 0 0 0 1 
Seq_Frame0106_ForcepToReference-SequenceTransformStatus = OK
Seq_Frame0106_Timestamp = 12.225
Seq_Frame0107_ForcepToReference-SequenceTransform =0.916239 0.00625281 0.400584 182.215 0.104605 0.96146 -0.254267 231.949 -0.386735 0.274873 0.880273 153.068 0 0 0 1 
Seq_Frame0107_ForcepToReference-SequenceTransformStatus = OK
Seq_Frame0107_Timestamp = 12.331
Seq_Frame0108_ForcepToReference-SequenceTransform =0.917102 0.0129494 0.398443 181.957 0.0990633 0.960719 -0.259239 231.091 -0.386149 0.277219 0.879795 153.124 0 0 0 1 
Seq_Frame0108_ForcepToReference-SequenceTransformStatus = OK
Seq_Frame0108_Timestamp = 12.431
Seq_Frame0109_ForcepToReference-SequenceTransform =0.911528 0.0110325 0.41109 180.85 0.100191 0.963561 -0.248016 229.189 -0.398847 0.267261 0.877207 152.538 0 0 0 1 
Seq_Frame0109_ForcepToReference-SequenceTransformStatus = OK
Seq_Frame0109_Timestamp = 12.532
Seq_Frame0110_ForcepToReference-SequenceTransform =0.911601 0.0109436 0.41093 179.97 0.0979385 0.965078 -0.242967 228.836 -0.399238 0.261735 0.878694 152.149 0 0 0 1 
Seq_Frame0110_ForcepToReference-SequenceTransformStatus = OK
Seq_Frame0110_Timestamp = 12.641
Seq_Frame0111_ForcepToReference-SequenceTransform =0.915704 0.0226162 0.401217 182.498 0.0853913 0.964663 -0.249267 227.928 -0.392676 0.262515 0.881414 153.088 0 0 0 1 
Seq_Frame0111_ForcepToReference-SequenceTransformStatus = OK
Seq_Frame0111_Timestamp = 12.741
Seq_Frame0112_ForcepToReference-SequenceTransform =0.926217 0.0342712 0.375429 184.907 0.0681584 0.964225 -0.256173 226.588 -0.370777 0.26286 0.890746 154.661 0 0 0 1 
Seq_Frame0112_ForcepToReference-SequenceTransformStatus = OK
Seq_Frame0112_Timestamp = 12.849
Seq_Frame0113_ForcepToReference-SequenceTransform =0.919657 0.0553399 0.388805 185.157 0.0573996 0.96045 -0.272474 225.99 -0.388506 0.2729 0.880107 153.828 0 0 0 1 
Seq_Frame0113_ForcepToReference-SequenceTransformStatus = OK
Seq_Frame0113_Timestamp = 12.956
Seq_Frame0114_ForcepToReference-SequenceTransform =0.921428 0.0544464 0.384715 185.669 0.0575013 0.960123 -0.273601 226.005 -0.384271 0.274225 0.881554 154.388 0 0 0 1 
Seq_Frame0114_ForcepToReference-SequenceTransformStatus = OK
Seq_Frame0114_Timestamp = 13.066
Seq_Frame0115_ForcepToReference-SequenceTransform =0.921973 0.0756275 0.379799 187.215 0.041037 0.956143 -0.290011 225.108 -0.385075 0.282968 0.878434 154.744 0 0 0 1 
Seq_Frame0115_ForcepToReference-SequenceTransformStatus = OK
Seq_Frame0115_Timestamp = 13.17
Seq_Frame0116_ForcepToReference-SequenceTransform =0.917409 0.0737542 0.391051 186.678 0.0514759 0.952425 -0.300395 226.862 -0.394602 0.295715 0.869967 155.105 0 0 0 1 
Seq_Frame0116_ForcepToReference-SequenceTransformStatus = OK
Seq_Frame0116_Timestamp = 13.271
Seq_Frame0117_ForcepToReference-SequenceTransform =0.908847 0.0787145 0.409636 191.626 0.0713136 0.938255 -0.338514 235.915 -0.410989 0.33687 0.847117 157.93 0 0 0 1 
Seq_Frame0117_ForcepToReference-SequenceTransformStatus = OK
Seq_Frame0117_Timestamp = 13.383
Seq_Frame0118_ForcepToReference-SequenceTransform =0.905479 0.073287 0.418015 194.342 0.0804536 0.937473 -0.338633 238.433 -0.416695 0.340256 0.842966 160.388 0 0 0 1 
Seq_Frame0118_ForcepToReference-SequenceTransformStatus = OK
Seq_Frame0118_Timestamp = 13.491
Seq_Frame0119_ForcepToReference-SequenceTransform =0.898284 0.0826226 0.431578 192.198 0.0808858 0.93429 -0.347218 238.14 -0.431907 0.346809 0.832574 159.536 0 0 0 1 
Seq_Frame0119_ForcepToReference-SequenceTransformStatus = OK
Seq_Frame0119_Timestamp = 13.592
Seq_Frame0120_ForcepToReference-SequenceTransform =0.90599 0.0926754 0.413028 194.755 0.0628034 0.935511 -0.347671 236.046 -0.418613 0.340926 0.841744 160.692 0 0 0 1 
Seq_Frame0120_ForcepToReference-SequenceTransformStatus = OK
Seq_Frame0120_Timestamp = 13.697
Seq_Frame0121_ForcepToReference-SequenceTransform =0.898687 0.103417 0.426224 194.235 0.0625113 0.931679 -0.357863 235.659 -0.434114 0.34825 0.830823 160.823 0 0 0 1 
Seq_Frame0121_ForcepToReference-SequenceTransformStatus = OK
Seq_Frame0121_Timestamp = 13.799
Seq_Frame0122_ForcepToReference-SequenceTransform =0.88549 0.0869835 0.456445 190.262 0.096601 0.926398 -0.363944 238.248 -0.454507 0.366362 0.811913 161.493 0 0 0 1 
Seq_Frame0122_ForcepToReference-SequenceTransformStatus = OK
Seq_Frame0122_Timestamp = 13.908
Seq_Frame0123_ForcepToReference-SequenceTransform =0.882796 0.0859762 0.461822 189.502 0.10251 0.924158 -0.368 238.22 -0.458436 0.37221 0.807029 162.127 0 0 0 1 
Seq_Frame0123_ForcepToReference-SequenceTransformStatus = OK
Seq_Frame0123_Timestamp = 14.009
Seq_Frame0124_ForcepToReference-SequenceTransform =0.878689 0.0986505 0.467091 189.516 0.100276 0.91845 -0.382616 237.951 -0.466745 0.383038 0.797139 162.608 0 0 0 1 
Seq_Frame0124_ForcepToReference-SequenceTransformStatus = OK
Seq_Frame0124_Timestamp = 14.116
Seq_Frame0125_ForcepToReference-SequenceTransform =0.881219 0.0977527 0.46249 189.09 0.104204 0.914146 -0.391763 238.376 -0.461079 0.393422 0.795377 162.897 0 0 0 1 
Seq_Frame0125_ForcepToReference-SequenceTransformStatus = OK
Seq_Frame0125_Timestamp = 14.221
Seq_Frame0126_ForcepToReference-SequenceTransform =0.883005 0.103972 0.457704 190.431 0.0999334 0.911152 -0.399769 238.172 -0.458602 0.398738 0.794161 164.624 0 0 0 1 
Seq_Frame0126_ForcepToReference-SequenceTransformStatus = OK
Seq_Frame0126_Timestamp = 14.326
Seq_Frame0127_ForcepToReference-SequenceTransform =0.883817 0.113498 0.453857 191.49 0.0937401 0.907489 -0.409484 237.206 -0.458345 0.404453 0.791415 165.217 0 0 0 1 
Seq_Frame0127_ForcepToReference-SequenceTransformStatus = OK
Seq_Frame0127_Timestamp = 14.433
Seq_Frame0128_ForcepToReference-SequenceTransform =0.888417 0.11327 0.444843 192.251 0.0916953 0.905756 -0.413761 236.96 -0.449786 0.408382 0.794303 166.772 0 0 0 1 
Seq_Frame0128_ForcepToReference-SequenceTransformStatus = OK
Seq_Frame0128_Timestamp = 14.536
Seq_Frame0129_ForcepToReference-SequenceTransform =0.890029 0.116104 0.440872 193.402 0.0898397 0.903401 -0.419279 236.502 -0.446964 0.412778 0.793623 167.459 0 0 0 1 
Seq_Frame0129_ForcepToReference-SequenceTransformStatus = OK
Seq_Frame0129_Timestamp = 14.637
Seq_Frame0130_ForcepToReference-SequenceTransform =0.895347 0.122854 0.42809 194.595 0.0813072 0.899959 -0.428326 235.563 -0.437885 0.418307 0.795787 168.724 0 0 0 1 
Seq_Frame0130_ForcepToReference-SequenceTransformStatus = OK
Seq_Frame0130_Timestamp = 14.75
Seq_Frame0131_ForcepToReference-SequenceTransform =0.894527 0.117264 0.431358 194.256 0.0867735 0.901071 -0.424901 235.513 -0.43851 0.417516 0.795858 168.681 0 0 0 1 
Seq_Frame0131_ForcepToReference-SequenceTransformStatus = OK
Seq_Frame0131_Timestamp = 14.856
Seq_Frame0132_ForcepToReference-SequenceTransform =0.900428 0.117103 0.418946 195.736 0.082186 0.899944 -0.428189 234.714 -0.42717 0.419985 0.800711 170.406 0 0 0 1 
Seq_Frame0132_ForcepToReference-SequenceTransformStatus = OK
Seq_Frame0132_Timestamp = 14.959
Seq_Frame0133_ForcepToReference-SequenceTransform =0.901782 0.11702 0.416047 195.578 0.0826007 0.898237 -0.43168 234.758 -0.424224 0.423647 0.800348 170.906 0 0 0 1 
Seq_Frame0133_ForcepToReference-SequenceTransformStatus = OK
Seq_Frame0133_Timestamp = 15.061
Seq_Frame0134_ForcepToReference-SequenceTransform =0.899681 0.121469 0.419308 195.685 0.0810959 0.897286 -0.433937 234.537 -0.428949 0.424409 0.797421 171.118 0 0 0 1 
Seq_Frame0134_ForcepToReference-SequenceTransformStatus = OK
Seq_Frame0134_Timestamp = 15.161
Seq_Frame0135_ForcepToReference-SequenceTransform =0.905727 0.142316 0.399254 197.726 0.0610688 0.888304 -0.455178 232.983 -0.419438 0.436649 0.79587 171.333 0 0 0 1 
Seq_Frame0135_ForcepToReference-SequenceTransformStatus = OK
Seq_Frame0135_Timestamp = 15.266
Seq_Frame0136_ForcepToReference-SequenceTransform =0.906677 0.157981 0.391126 199.852 0.0484212 0.882112 -0.468544 232.373 -0.419038 0.443757 0.792141 172.225 0 0 0 1 
Seq_Frame0136_ForcepToReference-SequenceTransformStatus = OK
Seq_Frame0136_Timestamp = 15.461
Seq_Frame0137_ForcepToReference-SequenceTransform =0.960489 0.127083 0.247609 82.6953 -0.277419 0.365767 0.888399 194.648 0.0223334 -0.921989 0.386571 214.493 0 0 0 1 
Seq_Frame0137_ForcepToReference-SequenceTransformStatus = OK
Seq_Frame0137_Timestamp = 16.711
Seq_Frame0138_ForcepToReference-SequenceTransform =0.960489 0.127083 0.247609 82.6953 -0.277419 0.365767 0.888399 194.648 0.0223334 -0.921989 0.386571 214.493 0 0 0 1 
Seq_Frame0138_ForcepToReference-SequenceTransformStatus = OK
Seq_Frame0138_Timestamp = 16.816
Seq_Frame0139_ForcepToReference-SequenceTransform =0.960489 0.127083 0.247609 82.6953 -0.277419 0.365767 0.888399 194.648 0.0223334 -0.921989 0.386571 214.493 0 0 0 1 
Seq_Frame0139_ForcepToReference-SequenceTransformStatus = OK
Seq_Frame0139_Timestamp = 16.925
Seq_Frame0140_ForcepToReference-SequenceTransform =-0.279711 0.44646 -0.849962 171.282 0.959996 0.142085 -0.241288 256.204 0.0130418 -0.883451 -0.468342 180.569 0 0 0 1 
Seq_Frame0140_ForcepToReference-SequenceTransformStatus = OK
Seq_Frame0140_Timestamp = 17.032
Seq_Frame0141_ForcepToReference-SequenceTransform =-0.28802 0.445289 -0.847798 170.909 0.957509 0.147646 -0.247744 256.557 0.0148565 -0.88313 -0.468893 180.789 0 0 0 1 
Seq_Frame0141_ForcepToReference-SequenceTransformStatus = OK
Seq_Frame0141_Timestamp = 17.136
Seq_Frame0142_ForcepToReference-SequenceTransform =-0.2909 0.453845 -0.84226 169.395 0.956719 0.145492 -0.252034 257.449 0.00815774 -0.879122 -0.476526 179.605 0 0 0 1 
Seq_Frame0142_ForcepToReference-SequenceTransformStatus = OK
Seq_Frame0142_Timestamp = 17.246
Seq_Frame0143_ForcepToReference-SequenceTransform =-0.303029 0.454045 -0.837864 168.292 0.952932 0.135426 -0.271257 258.171 -0.00969424 -0.880626 -0.473712 178.014 0 0 0 1 
Seq_Frame0143_ForcepToReference-SequenceTransformStatus = OK
Seq_Frame0143_Timestamp = 17.356
Seq_Frame0144_ForcepToReference-SequenceTransform =-0.30213 0.460046 -0.83491 169.038 0.952941 0.122871 -0.277139 257.832 -0.0249104 -0.879352 -0.47552 176.94 0 0 0 1 
Seq_Frame0144_ForcepToReference-SequenceTransformStatus = OK
Seq_Frame0144_Timestamp = 17.458
Seq_Frame0145_ForcepToReference-SequenceTransform =-0.315527 0.451492 -0.834624 166.538 0.948073 0.11291 -0.297337 258.988 -0.0400082 -0.885103 -0.463673 173.8 0 0 0 1 
Seq_Frame0145_ForcepToReference-SequenceTransformStatus = OK
Seq_Frame0145_Timestamp = 17.561
Seq_Frame0146_ForcepToReference-SequenceTransform =-0.323611 0.441472 -0.836886 164.71 0.94474 0.101799 -0.311615 259.706 -0.0523751 -0.891482 -0.450019 170.508 0 0 0 1 
Seq_Frame0146_ForcepToReference-SequenceTransformStatus = OK
Seq_Frame0146_Timestamp = 17.661
Seq_Frame0147_ForcepToReference-SequenceTransform =-0.346968 0.439257 -0.828654 160.167 0.93464 0.0885939 -0.344383 261.075 -0.0778591 -0.893982 -0.441286 165.176 0 0 0 1 
Seq_Frame0147_ForcepToReference-SequenceTransformStatus = OK
Seq_Frame0147_Timestamp = 17.766
Seq_Frame0148_ForcepToReference-SequenceTransform =-0.358572 0.427851 -0.82968 158.886 0.927348 0.0613689 -0.369135 260.667 -0.107018 -0.901763 -0.418772 161.396 0 0 0 1 
Seq_Frame0148_ForcepToReference-SequenceTransformStatus = OK
Seq_Frame0148_Timestamp = 17.875
Seq_Frame0149_ForcepToReference-SequenceTransform =-0.373936 0.418557 -0.827636 154.839 0.919939 0.0540127 -0.388324 261.435 -0.117833 -0.906583 -0.405244 156.703 0 0 0 1 
Seq_Frame0149_ForcepToReference-SequenceTransformStatus = OK
Seq_Frame0149_Timestamp = 17.981
Seq_Frame0150_ForcepToReference-SequenceTransform =-0.388466 0.41309 -0.823681 153.747 0.910572 0.0350642 -0.41186 260.981 -0.141254 -0.910015 -0.38977 154.348 0 0 0 1 
Seq_Frame0150_ForcepToReference-SequenceTransformStatus = OK
Seq_Frame0150_Timestamp = 18.082
