ObjectType = Image
NDims = 3
AnatomicalOrientation = RAI
BinaryData = True
CompressedData = False
DimSize = 0 0 2055
ElementSpacing = 1 1 1
Offset = 0 0 0
TransformMatrix = 1 0 0 0 1 0 0 0 1
ElementType = MET_UCHAR
Kinds = domain domain list
Seq_Frame0000_DriverToReference-SequenceTransform =-0.981973 -0.144356 0.122023 96.7896 0.0114744 0.598844 0.800784 33.8865 -0.188671 0.787748 -0.586392 56.6868 0 0 0 1 
Seq_Frame0000_DriverToReference-SequenceTransformStatus = OK
Seq_Frame0000_Timestamp = 0.00200009
Seq_Frame0001_DriverToReference-SequenceTransform =-0.982178 -0.144424 0.120283 96.824 0.00936027 0.601582 0.798756 34.1102 -0.18772 0.785647 -0.589509 56.5698 0 0 0 1 
Seq_Frame0001_DriverToReference-SequenceTransformStatus = OK
Seq_Frame0001_Timestamp = 0.109
Seq_Frame0002_DriverToReference-SequenceTransform =-0.980934 -0.147527 0.126505 96.7636 0.0136127 0.597191 0.801984 33.8616 -0.193862 0.788415 -0.583797 56.6157 0 0 0 1 
Seq_Frame0002_DriverToReference-SequenceTransformStatus = OK
Seq_Frame0002_Timestamp = 0.214
Seq_Frame0003_DriverToReference-SequenceTransform =-0.980933 -0.147517 0.126526 96.7234 0.0132424 0.59879 0.800797 33.8635 -0.193893 0.787204 -0.585419 56.6223 0 0 0 1 
Seq_Frame0003_DriverToReference-SequenceTransformStatus = OK
Seq_Frame0003_Timestamp = 0.332
Seq_Frame0004_DriverToReference-SequenceTransform =-0.98109 -0.146969 0.125943 96.6987 0.0134586 0.597323 0.801888 33.8019 -0.193081 0.788419 -0.58405 56.6787 0 0 0 1 
Seq_Frame0004_DriverToReference-SequenceTransformStatus = OK
Seq_Frame0004_Timestamp = 0.433
Seq_Frame0005_DriverToReference-SequenceTransform =-0.981876 -0.144877 0.122187 96.7667 0.0112471 0.59903 0.800648 33.9402 -0.189189 0.787511 -0.586544 56.6415 0 0 0 1 
Seq_Frame0005_DriverToReference-SequenceTransformStatus = OK
Seq_Frame0005_Timestamp = 0.534
Seq_Frame0006_DriverToReference-SequenceTransform =-0.981999 -0.144595 0.121533 96.7626 0.0112848 0.59736 0.801894 33.848 -0.188549 0.788831 -0.584975 56.6395 0 0 0 1 
Seq_Frame0006_DriverToReference-SequenceTransformStatus = OK
Seq_Frame0006_Timestamp = 0.641
Seq_Frame0007_DriverToReference-SequenceTransform =-0.981016 -0.147394 0.126023 96.7134 0.0129138 0.598761 0.800824 33.9041 -0.193495 0.787249 -0.585491 56.5314 0 0 0 1 
Seq_Frame0007_DriverToReference-SequenceTransformStatus = OK
Seq_Frame0007_Timestamp = 0.745
Seq_Frame0008_DriverToReference-SequenceTransform =-0.981812 -0.14506 0.122488 96.7676 0.0116861 0.597761 0.801589 33.7975 -0.189497 0.788441 -0.585194 56.6891 0 0 0 1 
Seq_Frame0008_DriverToReference-SequenceTransformStatus = OK
Seq_Frame0008_Timestamp = 0.849
Seq_Frame0009_DriverToReference-SequenceTransform =-0.982209 -0.143918 0.120637 96.8097 0.0102899 0.600185 0.799795 33.9302 -0.187509 0.786807 -0.588026 56.6287 0 0 0 1 
Seq_Frame0009_DriverToReference-SequenceTransformStatus = OK
Seq_Frame0009_Timestamp = 0.951
Seq_Frame0010_DriverToReference-SequenceTransform =-0.981559 -0.145793 0.12364 96.8138 0.0121201 0.598022 0.801388 33.8711 -0.190776 0.788108 -0.585227 56.6758 0 0 0 1 
Seq_Frame0010_DriverToReference-SequenceTransformStatus = OK
Seq_Frame0010_Timestamp = 1.051
Seq_Frame0011_DriverToReference-SequenceTransform =-0.981817 -0.145849 0.121502 96.8496 0.00974275 0.600503 0.799563 33.8532 -0.189578 0.786209 -0.588163 56.6197 0 0 0 1 
Seq_Frame0011_DriverToReference-SequenceTransformStatus = OK
Seq_Frame0011_Timestamp = 1.155
Seq_Frame0012_DriverToReference-SequenceTransform =-0.968376 -0.229427 0.0980404 98.9587 -0.0586218 0.591178 0.804408 34.9104 -0.242512 0.773221 -0.585932 57.0568 0 0 0 1 
Seq_Frame0012_DriverToReference-SequenceTransformStatus = OK
Seq_Frame0012_Timestamp = 1.257
Seq_Frame0013_DriverToReference-SequenceTransform =-0.955809 -0.284011 0.075937 98.6575 -0.122874 0.620586 0.774451 37.7863 -0.267079 0.730897 -0.628059 55.7485 0 0 0 1 
Seq_Frame0013_DriverToReference-SequenceTransformStatus = OK
Seq_Frame0013_Timestamp = 1.365
Seq_Frame0014_DriverToReference-SequenceTransform =-0.958282 -0.280807 -0.0533247 97.8582 -0.248782 0.727591 0.639312 45.6825 -0.140725 0.625907 -0.767097 43.5102 0 0 0 1 
Seq_Frame0014_DriverToReference-SequenceTransformStatus = OK
Seq_Frame0014_Timestamp = 1.475
Seq_Frame0015_DriverToReference-SequenceTransform =-0.907624 -0.388742 -0.158428 97.4982 -0.419229 0.819976 0.389726 64.8129 -0.0215955 0.420142 -0.907201 32.2934 0 0 0 1 
Seq_Frame0015_DriverToReference-SequenceTransformStatus = OK
Seq_Frame0015_Timestamp = 1.58
Seq_Frame0016_DriverToReference-SequenceTransform =-0.867256 -0.452103 -0.208497 93.0907 -0.493446 0.724895 0.480664 104.132 -0.0661711 0.519741 -0.851758 19.3048 0 0 0 1 
Seq_Frame0016_DriverToReference-SequenceTransformStatus = OK
Seq_Frame0016_Timestamp = 1.683
Seq_Frame0017_DriverToReference-SequenceTransform =-0.74905 -0.542481 -0.380313 81.0465 -0.661671 0.583627 0.470713 169.182 -0.0333915 0.60423 -0.79611 14.3395 0 0 0 1 
Seq_Frame0017_DriverToReference-SequenceTransformStatus = OK
Seq_Frame0017_Timestamp = 1.792
Seq_Frame0018_DriverToReference-SequenceTransform =-0.619295 -0.599968 -0.50647 62.3597 -0.782358 0.41711 0.462531 236.377 -0.0662503 0.682684 -0.727704 24.7227 0 0 0 1 
Seq_Frame0018_DriverToReference-SequenceTransformStatus = OK
Seq_Frame0018_Timestamp = 1.9
Seq_Frame0019_DriverToReference-SequenceTransform =-0.506964 -0.659006 -0.555607 48.6483 -0.860009 0.343279 0.377551 283.329 -0.0580798 0.669231 -0.740781 47.9074 0 0 0 1 
Seq_Frame0019_DriverToReference-SequenceTransformStatus = OK
Seq_Frame0019_Timestamp = 2.001
Seq_Frame0020_DriverToReference-SequenceTransform =-0.477891 -0.685625 -0.549125 41.4238 -0.87186 0.293969 0.391717 303.305 -0.107146 0.665958 -0.738254 72.9774 0 0 0 1 
Seq_Frame0020_DriverToReference-SequenceTransformStatus = OK
Seq_Frame0020_Timestamp = 2.105
Seq_Frame0021_DriverToReference-SequenceTransform =-0.487073 -0.688738 -0.537028 39.1778 -0.860776 0.274564 0.428578 307.594 -0.147729 0.67101 -0.726582 90.3868 0 0 0 1 
Seq_Frame0021_DriverToReference-SequenceTransformStatus = OK
Seq_Frame0021_Timestamp = 2.206
Seq_Frame0022_DriverToReference-SequenceTransform =-0.494178 -0.697424 -0.519026 39.6198 -0.841724 0.234502 0.486323 310.171 -0.217461 0.677206 -0.702924 103.705 0 0 0 1 
Seq_Frame0022_DriverToReference-SequenceTransformStatus = OK
Seq_Frame0022_Timestamp = 2.308
Seq_Frame0023_DriverToReference-SequenceTransform =-0.459869 -0.717724 -0.522871 38.8591 -0.869205 0.243366 0.430413 314.205 -0.181669 0.652415 -0.735766 112.153 0 0 0 1 
Seq_Frame0023_DriverToReference-SequenceTransformStatus = OK
Seq_Frame0023_Timestamp = 2.415
Seq_Frame0024_DriverToReference-SequenceTransform =-0.480945 -0.683656 -0.548914 37.7365 -0.852462 0.218289 0.475035 318.857 -0.204938 0.696394 -0.687776 117.38 0 0 0 1 
Seq_Frame0024_DriverToReference-SequenceTransformStatus = OK
Seq_Frame0024_Timestamp = 2.515
Seq_Frame0025_DriverToReference-SequenceTransform =-0.435953 -0.693303 -0.573826 34.9494 -0.873581 0.172725 0.454998 322.029 -0.216337 0.699641 -0.680956 118.742 0 0 0 1 
Seq_Frame0025_DriverToReference-SequenceTransformStatus = OK
Seq_Frame0025_Timestamp = 2.625
Seq_Frame0026_DriverToReference-SequenceTransform =-0.457912 -0.682293 -0.569906 36.0912 -0.848333 0.143695 0.509592 323.808 -0.265799 0.716818 -0.644611 122.06 0 0 0 1 
Seq_Frame0026_DriverToReference-SequenceTransformStatus = OK
Seq_Frame0026_Timestamp = 2.727
Seq_Frame0027_DriverToReference-SequenceTransform =-0.47926 -0.683497 -0.550584 37.5132 -0.833627 0.158263 0.529168 327.639 -0.274548 0.71259 -0.64563 123.189 0 0 0 1 
Seq_Frame0027_DriverToReference-SequenceTransformStatus = OK
Seq_Frame0027_Timestamp = 2.834
Seq_Frame0028_DriverToReference-SequenceTransform =-0.198592 -0.865982 -0.458951 35.7961 -0.962921 0.0851539 0.255991 334.293 -0.182602 0.492771 -0.850784 131.258 0 0 0 1 
Seq_Frame0028_DriverToReference-SequenceTransformStatus = OK
Seq_Frame0028_Timestamp = 2.936
Seq_Frame0029_DriverToReference-SequenceTransform =-0.187407 -0.803301 -0.56532 34.095 -0.978385 0.101436 0.180203 328.068 -0.0874137 0.586872 -0.804947 126.471 0 0 0 1 
Seq_Frame0029_DriverToReference-SequenceTransformStatus = OK
Seq_Frame0029_Timestamp = 3.04
Seq_Frame0030_DriverToReference-SequenceTransform =-0.138097 -0.800672 -0.58297 33.5098 -0.989498 0.0861702 0.116049 325.164 -0.0426827 0.592874 -0.804163 127.261 0 0 0 1 
Seq_Frame0030_DriverToReference-SequenceTransformStatus = OK
Seq_Frame0030_Timestamp = 3.14
Seq_Frame0031_DriverToReference-SequenceTransform =-0.159629 -0.768626 -0.619461 36.2342 -0.985652 0.08923 0.143277 323.593 -0.0548516 0.633444 -0.771842 128.534 0 0 0 1 
Seq_Frame0031_DriverToReference-SequenceTransformStatus = OK
Seq_Frame0031_Timestamp = 3.248
Seq_Frame0032_DriverToReference-SequenceTransform =-0.238055 -0.790439 -0.564389 42.5605 -0.96083 0.106763 0.255747 321.115 -0.141896 0.603164 -0.784894 133.918 0 0 0 1 
Seq_Frame0032_DriverToReference-SequenceTransformStatus = OK
Seq_Frame0032_Timestamp = 3.356
Seq_Frame0033_DriverToReference-SequenceTransform =-0.325121 -0.797696 -0.507915 52.3311 -0.932924 0.182657 0.310305 321.169 -0.154755 0.574733 -0.803575 137.633 0 0 0 1 
Seq_Frame0033_DriverToReference-SequenceTransformStatus = OK
Seq_Frame0033_Timestamp = 3.456
Seq_Frame0034_DriverToReference-SequenceTransform =-0.305065 -0.780736 -0.545332 63.0009 -0.933351 0.131358 0.334066 326.257 -0.189184 0.610899 -0.768773 144.565 0 0 0 1 
Seq_Frame0034_DriverToReference-SequenceTransformStatus = OK
Seq_Frame0034_Timestamp = 3.56
Seq_Frame0035_DriverToReference-SequenceTransform =-0.272844 -0.85623 -0.438663 83.077 -0.914941 0.0899937 0.393425 331.708 -0.297386 0.508695 -0.807955 164.07 0 0 0 1 
Seq_Frame0035_DriverToReference-SequenceTransformStatus = OK
Seq_Frame0035_Timestamp = 3.664
Seq_Frame0036_DriverToReference-SequenceTransform =-0.279728 -0.801759 -0.528143 93.8079 -0.951113 0.156409 0.26631 333.6 -0.13091 0.576817 -0.806315 175.923 0 0 0 1 
Seq_Frame0036_DriverToReference-SequenceTransformStatus = OK
Seq_Frame0036_Timestamp = 3.765
Seq_Frame0037_DriverToReference-SequenceTransform =-0.429061 -0.768947 -0.473948 98.9275 -0.889571 0.268661 0.369438 333.598 -0.156747 0.580122 -0.799305 187.667 0 0 0 1 
Seq_Frame0037_DriverToReference-SequenceTransformStatus = OK
Seq_Frame0037_Timestamp = 3.866
Seq_Frame0038_DriverToReference-SequenceTransform =-0.726518 -0.624533 -0.286585 100.643 -0.678818 0.587569 0.440418 315.537 -0.106667 0.514511 -0.850824 253.762 0 0 0 1 
Seq_Frame0038_DriverToReference-SequenceTransformStatus = OK
Seq_Frame0038_Timestamp = 4.575
Seq_Frame0039_DriverToReference-SequenceTransform =-0.657151 -0.691236 -0.300573 90.5753 -0.742114 0.523509 0.418576 327.796 -0.131982 0.498127 -0.857001 248.603 0 0 0 1 
Seq_Frame0039_DriverToReference-SequenceTransformStatus = OK
Seq_Frame0039_Timestamp = 4.68
Seq_Frame0040_DriverToReference-SequenceTransform =-0.640985 -0.734046 -0.224311 82.5542 -0.736323 0.505545 0.449725 328.634 -0.21672 0.453432 -0.864541 252.856 0 0 0 1 
Seq_Frame0040_DriverToReference-SequenceTransformStatus = OK
Seq_Frame0040_Timestamp = 4.781
Seq_Frame0041_DriverToReference-SequenceTransform =-0.696357 -0.698234 -0.166 71.4902 -0.672382 0.553817 0.491111 328.212 -0.250977 0.453604 -0.855134 250.157 0 0 0 1 
Seq_Frame0041_DriverToReference-SequenceTransformStatus = OK
Seq_Frame0041_Timestamp = 4.892
Seq_Frame0042_DriverToReference-SequenceTransform =-0.704119 -0.706578 -0.0704514 61.7636 -0.630113 0.575996 0.520755 334.791 -0.327375 0.411066 -0.850794 248.698 0 0 0 1 
Seq_Frame0042_DriverToReference-SequenceTransformStatus = OK
Seq_Frame0042_Timestamp = 4.998
Seq_Frame0043_DriverToReference-SequenceTransform =-0.704154 -0.709161 0.0354708 65.4217 -0.571157 0.595388 0.56506 346.215 -0.421838 0.37763 -0.824287 254.227 0 0 0 1 
Seq_Frame0043_DriverToReference-SequenceTransformStatus = OK
Seq_Frame0043_Timestamp = 5.105
Seq_Frame0044_DriverToReference-SequenceTransform =-0.667636 -0.741877 -0.062295 74.2252 -0.627351 0.515563 0.583631 358.093 -0.400865 0.428734 -0.809626 259.415 0 0 0 1 
Seq_Frame0044_DriverToReference-SequenceTransformStatus = OK
Seq_Frame0044_Timestamp = 5.206
Seq_Frame0045_DriverToReference-SequenceTransform =-0.665685 -0.72574 -0.173682 81.3781 -0.691764 0.512859 0.508368 359.419 -0.279869 0.45856 -0.843443 270.169 0 0 0 1 
Seq_Frame0045_DriverToReference-SequenceTransformStatus = OK
Seq_Frame0045_Timestamp = 5.315
Seq_Frame0046_DriverToReference-SequenceTransform =-0.900204 -0.402988 -0.165023 84.5142 -0.433058 0.78864 0.436471 337.103 -0.0457492 0.464378 -0.884455 279.828 0 0 0 1 
Seq_Frame0046_DriverToReference-SequenceTransformStatus = OK
Seq_Frame0046_Timestamp = 5.416
Seq_Frame0047_DriverToReference-SequenceTransform =-0.982896 -0.133711 -0.126637 74.2446 -0.171906 0.912801 0.370463 310.9 0.0660599 0.385896 -0.920174 298.932 0 0 0 1 
Seq_Frame0047_DriverToReference-SequenceTransformStatus = OK
Seq_Frame0047_Timestamp = 5.526
Seq_Frame0048_DriverToReference-SequenceTransform =-0.984529 -0.0711409 -0.160132 76.4024 -0.116849 0.94756 0.29745 300.965 0.130574 0.311559 -0.941213 302.138 0 0 0 1 
Seq_Frame0048_DriverToReference-SequenceTransformStatus = OK
Seq_Frame0048_Timestamp = 5.63
Seq_Frame0049_DriverToReference-SequenceTransform =-0.968822 -0.0420702 -0.24416 82.0513 -0.111069 0.954652 0.276229 298.823 0.221467 0.294735 -0.929561 292.187 0 0 0 1 
Seq_Frame0049_DriverToReference-SequenceTransformStatus = OK
Seq_Frame0049_Timestamp = 5.731
Seq_Frame0050_DriverToReference-SequenceTransform =-0.901195 -0.0125014 -0.433233 92.361 -0.119587 0.967953 0.22083 293.558 0.416588 0.25082 -0.87381 287.362 0 0 0 1 
Seq_Frame0050_DriverToReference-SequenceTransformStatus = OK
Seq_Frame0050_Timestamp = 5.84
Seq_Frame0051_DriverToReference-SequenceTransform =-0.873246 0.0233213 -0.486722 104.464 -0.0811283 0.977955 0.192414 288.093 0.480479 0.207512 -0.852103 285.665 0 0 0 1 
Seq_Frame0051_DriverToReference-SequenceTransformStatus = OK
Seq_Frame0051_Timestamp = 5.941
Seq_Frame0052_DriverToReference-SequenceTransform =-0.87441 0.0628679 -0.481098 121.059 -0.0523895 0.973538 0.222437 281.93 0.482352 0.219706 -0.847978 280.866 0 0 0 1 
Seq_Frame0052_DriverToReference-SequenceTransformStatus = OK
Seq_Frame0052_Timestamp = 6.057
Seq_Frame0053_DriverToReference-SequenceTransform =-0.926722 0.047199 -0.372772 133.084 -0.0429238 0.972287 0.229817 281.558 0.373289 0.228977 -0.899013 272.87 0 0 0 1 
Seq_Frame0053_DriverToReference-SequenceTransformStatus = OK
Seq_Frame0053_Timestamp = 6.157
Seq_Frame0054_DriverToReference-SequenceTransform =-0.918703 0.0556691 -0.391006 138.216 -0.0496226 0.965901 0.254112 281.038 0.391819 0.252856 -0.884614 273.189 0 0 0 1 
Seq_Frame0054_DriverToReference-SequenceTransformStatus = OK
Seq_Frame0054_Timestamp = 6.266
Seq_Frame0055_DriverToReference-SequenceTransform =-0.918703 0.0556691 -0.391006 138.216 -0.0496226 0.965901 0.254112 281.038 0.391819 0.252856 -0.884614 273.189 0 0 0 1 
Seq_Frame0055_DriverToReference-SequenceTransformStatus = OK
Seq_Frame0055_Timestamp = 6.369
Seq_Frame0056_DriverToReference-SequenceTransform =-0.918703 0.0556691 -0.391006 138.216 -0.0496226 0.965901 0.254112 281.038 0.391819 0.252856 -0.884614 273.189 0 0 0 1 
Seq_Frame0056_DriverToReference-SequenceTransformStatus = OK
Seq_Frame0056_Timestamp = 6.472
Seq_Frame0057_DriverToReference-SequenceTransform =-0.918703 0.0556691 -0.391006 138.216 -0.0496226 0.965901 0.254112 281.038 0.391819 0.252856 -0.884614 273.189 0 0 0 1 
Seq_Frame0057_DriverToReference-SequenceTransformStatus = OK
Seq_Frame0057_Timestamp = 6.574
Seq_Frame0058_DriverToReference-SequenceTransform =-0.918703 0.0556691 -0.391006 138.216 -0.0496226 0.965901 0.254112 281.038 0.391819 0.252856 -0.884614 273.189 0 0 0 1 
Seq_Frame0058_DriverToReference-SequenceTransformStatus = OK
Seq_Frame0058_Timestamp = 6.68
Seq_Frame0059_DriverToReference-SequenceTransform =-0.918703 0.0556691 -0.391006 138.216 -0.0496226 0.965901 0.254112 281.038 0.391819 0.252856 -0.884614 273.189 0 0 0 1 
Seq_Frame0059_DriverToReference-SequenceTransformStatus = OK
Seq_Frame0059_Timestamp = 6.781
Seq_Frame0060_DriverToReference-SequenceTransform =-0.918703 0.0556691 -0.391006 138.216 -0.0496226 0.965901 0.254112 281.038 0.391819 0.252856 -0.884614 273.189 0 0 0 1 
Seq_Frame0060_DriverToReference-SequenceTransformStatus = OK
Seq_Frame0060_Timestamp = 6.885
Seq_Frame0061_DriverToReference-SequenceTransform =-0.918703 0.0556691 -0.391006 138.216 -0.0496226 0.965901 0.254112 281.038 0.391819 0.252856 -0.884614 273.189 0 0 0 1 
Seq_Frame0061_DriverToReference-SequenceTransformStatus = OK
Seq_Frame0061_Timestamp = 6.99
Seq_Frame0062_DriverToReference-SequenceTransform =-0.918703 0.0556691 -0.391006 138.216 -0.0496226 0.965901 0.254112 281.038 0.391819 0.252856 -0.884614 273.189 0 0 0 1 
Seq_Frame0062_DriverToReference-SequenceTransformStatus = OK
Seq_Frame0062_Timestamp = 7.091
Seq_Frame0063_DriverToReference-SequenceTransform =-0.918703 0.0556691 -0.391006 138.216 -0.0496226 0.965901 0.254112 281.038 0.391819 0.252856 -0.884614 273.189 0 0 0 1 
Seq_Frame0063_DriverToReference-SequenceTransformStatus = OK
Seq_Frame0063_Timestamp = 7.197
Seq_Frame0064_DriverToReference-SequenceTransform =-0.855463 -0.0568537 -0.514734 148.842 -0.23341 0.929601 0.285239 284.831 0.46228 0.364156 -0.808509 294.689 0 0 0 1 
Seq_Frame0064_DriverToReference-SequenceTransformStatus = OK
Seq_Frame0064_Timestamp = 7.306
Seq_Frame0065_DriverToReference-SequenceTransform =-0.797498 -0.0503414 -0.601218 146.965 -0.268177 0.922234 0.278507 285.369 0.540443 0.383342 -0.74898 294.867 0 0 0 1 
Seq_Frame0065_DriverToReference-SequenceTransformStatus = OK
Seq_Frame0065_Timestamp = 7.406
Seq_Frame0066_DriverToReference-SequenceTransform =-0.797498 -0.0503414 -0.601218 146.965 -0.268177 0.922234 0.278507 285.369 0.540443 0.383342 -0.74898 294.867 0 0 0 1 
Seq_Frame0066_DriverToReference-SequenceTransformStatus = OK
Seq_Frame0066_Timestamp = 7.514
Seq_Frame0067_DriverToReference-SequenceTransform =-0.797498 -0.0503414 -0.601218 146.965 -0.268177 0.922234 0.278507 285.369 0.540443 0.383342 -0.74898 294.867 0 0 0 1 
Seq_Frame0067_DriverToReference-SequenceTransformStatus = OK
Seq_Frame0067_Timestamp = 7.865
Seq_Frame0068_DriverToReference-SequenceTransform =-0.797498 -0.0503414 -0.601218 146.965 -0.268177 0.922234 0.278507 285.369 0.540443 0.383342 -0.74898 294.867 0 0 0 1 
Seq_Frame0068_DriverToReference-SequenceTransformStatus = OK
Seq_Frame0068_Timestamp = 7.978
Seq_Frame0069_DriverToReference-SequenceTransform =-0.797498 -0.0503414 -0.601218 146.965 -0.268177 0.922234 0.278507 285.369 0.540443 0.383342 -0.74898 294.867 0 0 0 1 
Seq_Frame0069_DriverToReference-SequenceTransformStatus = OK
Seq_Frame0069_Timestamp = 8.085
Seq_Frame0070_DriverToReference-SequenceTransform =-0.797498 -0.0503414 -0.601218 146.965 -0.268177 0.922234 0.278507 285.369 0.540443 0.383342 -0.74898 294.867 0 0 0 1 
Seq_Frame0070_DriverToReference-SequenceTransformStatus = OK
Seq_Frame0070_Timestamp = 9.301
Seq_Frame0071_DriverToReference-SequenceTransform =-0.797498 -0.0503414 -0.601218 146.965 -0.268177 0.922234 0.278507 285.369 0.540443 0.383342 -0.74898 294.867 0 0 0 1 
Seq_Frame0071_DriverToReference-SequenceTransformStatus = OK
Seq_Frame0071_Timestamp = 9.412
Seq_Frame0072_DriverToReference-SequenceTransform =-0.797498 -0.0503414 -0.601218 146.965 -0.268177 0.922234 0.278507 285.369 0.540443 0.383342 -0.74898 294.867 0 0 0 1 
Seq_Frame0072_DriverToReference-SequenceTransformStatus = OK
Seq_Frame0072_Timestamp = 9.519
Seq_Frame0073_DriverToReference-SequenceTransform =-0.797498 -0.0503414 -0.601218 146.965 -0.268177 0.922234 0.278507 285.369 0.540443 0.383342 -0.74898 294.867 0 0 0 1 
Seq_Frame0073_DriverToReference-SequenceTransformStatus = OK
Seq_Frame0073_Timestamp = 9.631
Seq_Frame0074_DriverToReference-SequenceTransform =-0.797498 -0.0503414 -0.601218 146.965 -0.268177 0.922234 0.278507 285.369 0.540443 0.383342 -0.74898 294.867 0 0 0 1 
Seq_Frame0074_DriverToReference-SequenceTransformStatus = OK
Seq_Frame0074_Timestamp = 9.738
Seq_Frame0075_DriverToReference-SequenceTransform =-0.295673 -0.309632 -0.903718 66.9504 -0.528369 0.841146 -0.115325 272.858 0.795867 0.443398 -0.412304 243.697 0 0 0 1 
Seq_Frame0075_DriverToReference-SequenceTransformStatus = OK
Seq_Frame0075_Timestamp = 9.846
Seq_Frame0076_DriverToReference-SequenceTransform =-0.295673 -0.309632 -0.903718 66.9504 -0.528369 0.841146 -0.115325 272.858 0.795867 0.443398 -0.412304 243.697 0 0 0 1 
Seq_Frame0076_DriverToReference-SequenceTransformStatus = OK
Seq_Frame0076_Timestamp = 10.415
Seq_Frame0077_DriverToReference-SequenceTransform =-0.295673 -0.309632 -0.903718 66.9504 -0.528369 0.841146 -0.115325 272.858 0.795867 0.443398 -0.412304 243.697 0 0 0 1 
Seq_Frame0077_DriverToReference-SequenceTransformStatus = OK
Seq_Frame0077_Timestamp = 10.52
Seq_Frame0078_DriverToReference-SequenceTransform =-0.295673 -0.309632 -0.903718 66.9504 -0.528369 0.841146 -0.115325 272.858 0.795867 0.443398 -0.412304 243.697 0 0 0 1 
Seq_Frame0078_DriverToReference-SequenceTransformStatus = OK
Seq_Frame0078_Timestamp = 10.625
Seq_Frame0079_DriverToReference-SequenceTransform =-0.295673 -0.309632 -0.903718 66.9504 -0.528369 0.841146 -0.115325 272.858 0.795867 0.443398 -0.412304 243.697 0 0 0 1 
Seq_Frame0079_DriverToReference-SequenceTransformStatus = OK
Seq_Frame0079_Timestamp = 10.734
Seq_Frame0080_DriverToReference-SequenceTransform =-0.295673 -0.309632 -0.903718 66.9504 -0.528369 0.841146 -0.115325 272.858 0.795867 0.443398 -0.412304 243.697 0 0 0 1 
Seq_Frame0080_DriverToReference-SequenceTransformStatus = OK
Seq_Frame0080_Timestamp = 10.839
Seq_Frame0081_DriverToReference-SequenceTransform =-0.295673 -0.309632 -0.903718 66.9504 -0.528369 0.841146 -0.115325 272.858 0.795867 0.443398 -0.412304 243.697 0 0 0 1 
Seq_Frame0081_DriverToReference-SequenceTransformStatus = OK
Seq_Frame0081_Timestamp = 11.968
Seq_Frame0082_DriverToReference-SequenceTransform =-0.836633 0.0537721 -0.545118 112.447 -0.258581 0.838534 0.47958 325.609 0.482888 0.542189 -0.687641 224.229 0 0 0 1 
Seq_Frame0082_DriverToReference-SequenceTransformStatus = OK
Seq_Frame0082_Timestamp = 12.076
Seq_Frame0083_DriverToReference-SequenceTransform =-0.931881 0.196294 -0.305066 86.348 0.00303589 0.845143 0.534531 321.859 0.36275 0.497194 -0.788169 228.078 0 0 0 1 
Seq_Frame0083_DriverToReference-SequenceTransformStatus = OK
Seq_Frame0083_Timestamp = 12.181
Seq_Frame0084_DriverToReference-SequenceTransform =-0.966063 0.173757 -0.191128 61.8471 0.0549437 0.861228 0.50524 312.596 0.252394 0.477592 -0.841548 225.985 0 0 0 1 
Seq_Frame0084_DriverToReference-SequenceTransformStatus = OK
Seq_Frame0084_Timestamp = 12.289
Seq_Frame0085_DriverToReference-SequenceTransform =-0.987908 0.144024 -0.0573976 63.2311 0.0943332 0.852178 0.514679 307.484 0.123039 0.503041 -0.855459 217.861 0 0 0 1 
Seq_Frame0085_DriverToReference-SequenceTransformStatus = OK
Seq_Frame0085_Timestamp = 12.394
Seq_Frame0086_DriverToReference-SequenceTransform =-0.986876 0.151354 -0.056292 61.973 0.0993704 0.84397 0.527105 305.507 0.127288 0.514593 -0.847934 211.683 0 0 0 1 
Seq_Frame0086_DriverToReference-SequenceTransformStatus = OK
Seq_Frame0086_Timestamp = 12.501
Seq_Frame0087_DriverToReference-SequenceTransform =-0.989724 0.13577 -0.0448583 62.3088 0.0927423 0.848307 0.521319 303.711 0.108833 0.511802 -0.852182 209.104 0 0 0 1 
Seq_Frame0087_DriverToReference-SequenceTransformStatus = OK
Seq_Frame0087_Timestamp = 12.605
Seq_Frame0088_DriverToReference-SequenceTransform =-0.992761 0.107124 -0.0543145 61.3709 0.0639117 0.85405 0.51625 305.334 0.10169 0.509042 -0.854714 208.066 0 0 0 1 
Seq_Frame0088_DriverToReference-SequenceTransformStatus = OK
Seq_Frame0088_Timestamp = 12.71
Seq_Frame0089_DriverToReference-SequenceTransform =-0.995701 0.0775834 -0.0506005 60.8136 0.0397942 0.851606 0.52267 300.98 0.0836422 0.51841 -0.851032 210.125 0 0 0 1 
Seq_Frame0089_DriverToReference-SequenceTransformStatus = OK
Seq_Frame0089_Timestamp = 12.818
Seq_Frame0090_DriverToReference-SequenceTransform =-0.997658 0.0216276 -0.0648893 59.8963 -0.0158086 0.850095 0.526391 299.423 0.0665467 0.526184 -0.847763 210.874 0 0 0 1 
Seq_Frame0090_DriverToReference-SequenceTransformStatus = OK
Seq_Frame0090_Timestamp = 12.924
Seq_Frame0091_DriverToReference-SequenceTransform =-0.996353 -0.0298829 -0.0799241 57.2853 -0.0684285 0.83939 0.539205 299.007 0.0509745 0.542708 -0.838373 210.536 0 0 0 1 
Seq_Frame0091_DriverToReference-SequenceTransformStatus = OK
Seq_Frame0091_Timestamp = 13.03
Seq_Frame0092_DriverToReference-SequenceTransform =-0.991854 -0.0423995 -0.120112 57.8183 -0.0989533 0.850252 0.516991 295.505 0.0802057 0.524665 -0.847522 210.445 0 0 0 1 
Seq_Frame0092_DriverToReference-SequenceTransformStatus = OK
Seq_Frame0092_Timestamp = 13.141
Seq_Frame0093_DriverToReference-SequenceTransform =-0.963667 -0.135552 -0.230158 57.0814 -0.228685 0.863936 0.448685 290.776 0.138021 0.485016 -0.863545 209.079 0 0 0 1 
Seq_Frame0093_DriverToReference-SequenceTransformStatus = OK
Seq_Frame0093_Timestamp = 13.244
Seq_Frame0094_DriverToReference-SequenceTransform =-0.821589 -0.33425 -0.461809 64.9984 -0.484014 0.836994 0.25529 281.677 0.301201 0.433265 -0.849447 206.822 0 0 0 1 
Seq_Frame0094_DriverToReference-SequenceTransformStatus = OK
Seq_Frame0094_Timestamp = 13.349
Seq_Frame0095_DriverToReference-SequenceTransform =-0.294903 -0.609483 -0.735909 68.2782 -0.707828 0.656702 -0.260233 270.222 0.641881 0.444154 -0.625073 193.727 0 0 0 1 
Seq_Frame0095_DriverToReference-SequenceTransformStatus = OK
Seq_Frame0095_Timestamp = 13.457
Seq_Frame0096_DriverToReference-SequenceTransform =0.0505727 -0.739619 -0.671123 70.4365 -0.534433 0.547634 -0.643799 244.743 0.843696 0.391229 -0.367582 192.065 0 0 0 1 
Seq_Frame0096_DriverToReference-SequenceTransformStatus = OK
Seq_Frame0096_Timestamp = 13.563
Seq_Frame0097_DriverToReference-SequenceTransform =0.0505727 -0.739619 -0.671123 70.4365 -0.534433 0.547634 -0.643799 244.743 0.843696 0.391229 -0.367582 192.065 0 0 0 1 
Seq_Frame0097_DriverToReference-SequenceTransformStatus = OK
Seq_Frame0097_Timestamp = 13.673
Seq_Frame0098_DriverToReference-SequenceTransform =0.0505727 -0.739619 -0.671123 70.4365 -0.534433 0.547634 -0.643799 244.743 0.843696 0.391229 -0.367582 192.065 0 0 0 1 
Seq_Frame0098_DriverToReference-SequenceTransformStatus = OK
Seq_Frame0098_Timestamp = 13.779
Seq_Frame0099_DriverToReference-SequenceTransform =0.0505727 -0.739619 -0.671123 70.4365 -0.534433 0.547634 -0.643799 244.743 0.843696 0.391229 -0.367582 192.065 0 0 0 1 
Seq_Frame0099_DriverToReference-SequenceTransformStatus = OK
Seq_Frame0099_Timestamp = 13.885
Seq_Frame0100_DriverToReference-SequenceTransform =0.0505727 -0.739619 -0.671123 70.4365 -0.534433 0.547634 -0.643799 244.743 0.843696 0.391229 -0.367582 192.065 0 0 0 1 
Seq_Frame0100_DriverToReference-SequenceTransformStatus = OK
Seq_Frame0100_Timestamp = 13.992
Seq_Frame0101_DriverToReference-SequenceTransform =0.0505727 -0.739619 -0.671123 70.4365 -0.534433 0.547634 -0.643799 244.743 0.843696 0.391229 -0.367582 192.065 0 0 0 1 
Seq_Frame0101_DriverToReference-SequenceTransformStatus = OK
Seq_Frame0101_Timestamp = 14.1
Seq_Frame0102_DriverToReference-SequenceTransform =0.0505727 -0.739619 -0.671123 70.4365 -0.534433 0.547634 -0.643799 244.743 0.843696 0.391229 -0.367582 192.065 0 0 0 1 
Seq_Frame0102_DriverToReference-SequenceTransformStatus = OK
Seq_Frame0102_Timestamp = 14.205
Seq_Frame0103_DriverToReference-SequenceTransform =0.0505727 -0.739619 -0.671123 70.4365 -0.534433 0.547634 -0.643799 244.743 0.843696 0.391229 -0.367582 192.065 0 0 0 1 
Seq_Frame0103_DriverToReference-SequenceTransformStatus = OK
Seq_Frame0103_Timestamp = 14.312
Seq_Frame0104_DriverToReference-SequenceTransform =0.0505727 -0.739619 -0.671123 70.4365 -0.534433 0.547634 -0.643799 244.743 0.843696 0.391229 -0.367582 192.065 0 0 0 1 
Seq_Frame0104_DriverToReference-SequenceTransformStatus = OK
Seq_Frame0104_Timestamp = 14.415
Seq_Frame0105_DriverToReference-SequenceTransform =0.0505727 -0.739619 -0.671123 70.4365 -0.534433 0.547634 -0.643799 244.743 0.843696 0.391229 -0.367582 192.065 0 0 0 1 
Seq_Frame0105_DriverToReference-SequenceTransformStatus = OK
Seq_Frame0105_Timestamp = 14.644
Seq_Frame0106_DriverToReference-SequenceTransform =0.0505727 -0.739619 -0.671123 70.4365 -0.534433 0.547634 -0.643799 244.743 0.843696 0.391229 -0.367582 192.065 0 0 0 1 
Seq_Frame0106_DriverToReference-SequenceTransformStatus = OK
Seq_Frame0106_Timestamp = 14.751
Seq_Frame0107_DriverToReference-SequenceTransform =0.0505727 -0.739619 -0.671123 70.4365 -0.534433 0.547634 -0.643799 244.743 0.843696 0.391229 -0.367582 192.065 0 0 0 1 
Seq_Frame0107_DriverToReference-SequenceTransformStatus = OK
Seq_Frame0107_Timestamp = 14.859
Seq_Frame0108_DriverToReference-SequenceTransform =0.0505727 -0.739619 -0.671123 70.4365 -0.534433 0.547634 -0.643799 244.743 0.843696 0.391229 -0.367582 192.065 0 0 0 1 
Seq_Frame0108_DriverToReference-SequenceTransformStatus = OK
Seq_Frame0108_Timestamp = 14.97
Seq_Frame0109_DriverToReference-SequenceTransform =0.0505727 -0.739619 -0.671123 70.4365 -0.534433 0.547634 -0.643799 244.743 0.843696 0.391229 -0.367582 192.065 0 0 0 1 
Seq_Frame0109_DriverToReference-SequenceTransformStatus = OK
Seq_Frame0109_Timestamp = 15.075
Seq_Frame0110_DriverToReference-SequenceTransform =0.0505727 -0.739619 -0.671123 70.4365 -0.534433 0.547634 -0.643799 244.743 0.843696 0.391229 -0.367582 192.065 0 0 0 1 
Seq_Frame0110_DriverToReference-SequenceTransformStatus = OK
Seq_Frame0110_Timestamp = 15.182
Seq_Frame0111_DriverToReference-SequenceTransform =0.0505727 -0.739619 -0.671123 70.4365 -0.534433 0.547634 -0.643799 244.743 0.843696 0.391229 -0.367582 192.065 0 0 0 1 
Seq_Frame0111_DriverToReference-SequenceTransformStatus = OK
Seq_Frame0111_Timestamp = 15.289
Seq_Frame0112_DriverToReference-SequenceTransform =0.0505727 -0.739619 -0.671123 70.4365 -0.534433 0.547634 -0.643799 244.743 0.843696 0.391229 -0.367582 192.065 0 0 0 1 
Seq_Frame0112_DriverToReference-SequenceTransformStatus = OK
Seq_Frame0112_Timestamp = 15.394
Seq_Frame0113_DriverToReference-SequenceTransform =0.0505727 -0.739619 -0.671123 70.4365 -0.534433 0.547634 -0.643799 244.743 0.843696 0.391229 -0.367582 192.065 0 0 0 1 
Seq_Frame0113_DriverToReference-SequenceTransformStatus = OK
Seq_Frame0113_Timestamp = 15.503
Seq_Frame0114_DriverToReference-SequenceTransform =0.0505727 -0.739619 -0.671123 70.4365 -0.534433 0.547634 -0.643799 244.743 0.843696 0.391229 -0.367582 192.065 0 0 0 1 
Seq_Frame0114_DriverToReference-SequenceTransformStatus = OK
Seq_Frame0114_Timestamp = 15.609
Seq_Frame0115_DriverToReference-SequenceTransform =0.0505727 -0.739619 -0.671123 70.4365 -0.534433 0.547634 -0.643799 244.743 0.843696 0.391229 -0.367582 192.065 0 0 0 1 
Seq_Frame0115_DriverToReference-SequenceTransformStatus = OK
Seq_Frame0115_Timestamp = 15.719
Seq_Frame0116_DriverToReference-SequenceTransform =0.0505727 -0.739619 -0.671123 70.4365 -0.534433 0.547634 -0.643799 244.743 0.843696 0.391229 -0.367582 192.065 0 0 0 1 
Seq_Frame0116_DriverToReference-SequenceTransformStatus = OK
Seq_Frame0116_Timestamp = 15.825
Seq_Frame0117_DriverToReference-SequenceTransform =0.0505727 -0.739619 -0.671123 70.4365 -0.534433 0.547634 -0.643799 244.743 0.843696 0.391229 -0.367582 192.065 0 0 0 1 
Seq_Frame0117_DriverToReference-SequenceTransformStatus = OK
Seq_Frame0117_Timestamp = 15.934
Seq_Frame0118_DriverToReference-SequenceTransform =0.0505727 -0.739619 -0.671123 70.4365 -0.534433 0.547634 -0.643799 244.743 0.843696 0.391229 -0.367582 192.065 0 0 0 1 
Seq_Frame0118_DriverToReference-SequenceTransformStatus = OK
Seq_Frame0118_Timestamp = 16.038
Seq_Frame0119_DriverToReference-SequenceTransform =0.0505727 -0.739619 -0.671123 70.4365 -0.534433 0.547634 -0.643799 244.743 0.843696 0.391229 -0.367582 192.065 0 0 0 1 
Seq_Frame0119_DriverToReference-SequenceTransformStatus = OK
Seq_Frame0119_Timestamp = 16.144
Seq_Frame0120_DriverToReference-SequenceTransform =0.0505727 -0.739619 -0.671123 70.4365 -0.534433 0.547634 -0.643799 244.743 0.843696 0.391229 -0.367582 192.065 0 0 0 1 
Seq_Frame0120_DriverToReference-SequenceTransformStatus = OK
Seq_Frame0120_Timestamp = 16.251
Seq_Frame0121_DriverToReference-SequenceTransform =0.0505727 -0.739619 -0.671123 70.4365 -0.534433 0.547634 -0.643799 244.743 0.843696 0.391229 -0.367582 192.065 0 0 0 1 
Seq_Frame0121_DriverToReference-SequenceTransformStatus = OK
Seq_Frame0121_Timestamp = 16.355
Seq_Frame0122_DriverToReference-SequenceTransform =0.0505727 -0.739619 -0.671123 70.4365 -0.534433 0.547634 -0.643799 244.743 0.843696 0.391229 -0.367582 192.065 0 0 0 1 
Seq_Frame0122_DriverToReference-SequenceTransformStatus = OK
Seq_Frame0122_Timestamp = 16.465
Seq_Frame0123_DriverToReference-SequenceTransform =0.0505727 -0.739619 -0.671123 70.4365 -0.534433 0.547634 -0.643799 244.743 0.843696 0.391229 -0.367582 192.065 0 0 0 1 
Seq_Frame0123_DriverToReference-SequenceTransformStatus = OK
Seq_Frame0123_Timestamp = 16.569
Seq_Frame0124_DriverToReference-SequenceTransform =0.0505727 -0.739619 -0.671123 70.4365 -0.534433 0.547634 -0.643799 244.743 0.843696 0.391229 -0.367582 192.065 0 0 0 1 
Seq_Frame0124_DriverToReference-SequenceTransformStatus = OK
Seq_Frame0124_Timestamp = 16.679
Seq_Frame0125_DriverToReference-SequenceTransform =0.0505727 -0.739619 -0.671123 70.4365 -0.534433 0.547634 -0.643799 244.743 0.843696 0.391229 -0.367582 192.065 0 0 0 1 
Seq_Frame0125_DriverToReference-SequenceTransformStatus = OK
Seq_Frame0125_Timestamp = 16.784
Seq_Frame0126_DriverToReference-SequenceTransform =0.0505727 -0.739619 -0.671123 70.4365 -0.534433 0.547634 -0.643799 244.743 0.843696 0.391229 -0.367582 192.065 0 0 0 1 
Seq_Frame0126_DriverToReference-SequenceTransformStatus = OK
Seq_Frame0126_Timestamp = 16.892
Seq_Frame0127_DriverToReference-SequenceTransform =0.0505727 -0.739619 -0.671123 70.4365 -0.534433 0.547634 -0.643799 244.743 0.843696 0.391229 -0.367582 192.065 0 0 0 1 
Seq_Frame0127_DriverToReference-SequenceTransformStatus = OK
Seq_Frame0127_Timestamp = 17.015
Seq_Frame0128_DriverToReference-SequenceTransform =0.0505727 -0.739619 -0.671123 70.4365 -0.534433 0.547634 -0.643799 244.743 0.843696 0.391229 -0.367582 192.065 0 0 0 1 
Seq_Frame0128_DriverToReference-SequenceTransformStatus = OK
Seq_Frame0128_Timestamp = 17.127
Seq_Frame0129_DriverToReference-SequenceTransform =0.0505727 -0.739619 -0.671123 70.4365 -0.534433 0.547634 -0.643799 244.743 0.843696 0.391229 -0.367582 192.065 0 0 0 1 
Seq_Frame0129_DriverToReference-SequenceTransformStatus = OK
Seq_Frame0129_Timestamp = 17.229
Seq_Frame0130_DriverToReference-SequenceTransform =0.0505727 -0.739619 -0.671123 70.4365 -0.534433 0.547634 -0.643799 244.743 0.843696 0.391229 -0.367582 192.065 0 0 0 1 
Seq_Frame0130_DriverToReference-SequenceTransformStatus = OK
Seq_Frame0130_Timestamp = 17.334
Seq_Frame0131_DriverToReference-SequenceTransform =0.0505727 -0.739619 -0.671123 70.4365 -0.534433 0.547634 -0.643799 244.743 0.843696 0.391229 -0.367582 192.065 0 0 0 1 
Seq_Frame0131_DriverToReference-SequenceTransformStatus = OK
Seq_Frame0131_Timestamp = 17.446
Seq_Frame0132_DriverToReference-SequenceTransform =0.0505727 -0.739619 -0.671123 70.4365 -0.534433 0.547634 -0.643799 244.743 0.843696 0.391229 -0.367582 192.065 0 0 0 1 
Seq_Frame0132_DriverToReference-SequenceTransformStatus = OK
Seq_Frame0132_Timestamp = 17.549
Seq_Frame0133_DriverToReference-SequenceTransform =0.0505727 -0.739619 -0.671123 70.4365 -0.534433 0.547634 -0.643799 244.743 0.843696 0.391229 -0.367582 192.065 0 0 0 1 
Seq_Frame0133_DriverToReference-SequenceTransformStatus = OK
Seq_Frame0133_Timestamp = 17.656
Seq_Frame0134_DriverToReference-SequenceTransform =0.0505727 -0.739619 -0.671123 70.4365 -0.534433 0.547634 -0.643799 244.743 0.843696 0.391229 -0.367582 192.065 0 0 0 1 
Seq_Frame0134_DriverToReference-SequenceTransformStatus = OK
Seq_Frame0134_Timestamp = 17.854
Seq_Frame0135_DriverToReference-SequenceTransform =0.0505727 -0.739619 -0.671123 70.4365 -0.534433 0.547634 -0.643799 244.743 0.843696 0.391229 -0.367582 192.065 0 0 0 1 
Seq_Frame0135_DriverToReference-SequenceTransformStatus = OK
Seq_Frame0135_Timestamp = 17.961
Seq_Frame0136_DriverToReference-SequenceTransform =0.0505727 -0.739619 -0.671123 70.4365 -0.534433 0.547634 -0.643799 244.743 0.843696 0.391229 -0.367582 192.065 0 0 0 1 
Seq_Frame0136_DriverToReference-SequenceTransformStatus = OK
Seq_Frame0136_Timestamp = 18.067
Seq_Frame0137_DriverToReference-SequenceTransform =0.0505727 -0.739619 -0.671123 70.4365 -0.534433 0.547634 -0.643799 244.743 0.843696 0.391229 -0.367582 192.065 0 0 0 1 
Seq_Frame0137_DriverToReference-SequenceTransformStatus = OK
Seq_Frame0137_Timestamp = 18.174
Seq_Frame0138_DriverToReference-SequenceTransform =-0.874953 -0.113275 -0.470772 84.5391 -0.289725 0.901476 0.32156 276.427 0.387965 0.417744 -0.821567 154.287 0 0 0 1 
Seq_Frame0138_DriverToReference-SequenceTransformStatus = OK
Seq_Frame0138_Timestamp = 18.282
Seq_Frame0139_DriverToReference-SequenceTransform =-0.819397 -0.0762459 -0.568133 81.1544 -0.294689 0.906146 0.303411 274.453 0.491677 0.416037 -0.764962 155.826 0 0 0 1 
Seq_Frame0139_DriverToReference-SequenceTransformStatus = OK
Seq_Frame0139_Timestamp = 18.388
Seq_Frame0140_DriverToReference-SequenceTransform =-0.838544 -0.0689489 -0.540453 80.5243 -0.264107 0.919063 0.292526 269.929 0.476541 0.388034 -0.788884 156.336 0 0 0 1 
Seq_Frame0140_DriverToReference-SequenceTransformStatus = OK
Seq_Frame0140_Timestamp = 18.499
Seq_Frame0141_DriverToReference-SequenceTransform =-0.895932 -0.0776099 -0.437359 80.0003 -0.243903 0.908859 0.338359 264.864 0.371237 0.40982 -0.833205 158.852 0 0 0 1 
Seq_Frame0141_DriverToReference-SequenceTransformStatus = OK
Seq_Frame0141_Timestamp = 18.608
Seq_Frame0142_DriverToReference-SequenceTransform =-0.944222 -0.0722463 -0.321287 78.2268 -0.226007 0.851763 0.472674 263.521 0.239511 0.518923 -0.820581 162.068 0 0 0 1 
Seq_Frame0142_DriverToReference-SequenceTransformStatus = OK
Seq_Frame0142_Timestamp = 18.718
Seq_Frame0143_DriverToReference-SequenceTransform =-0.944222 -0.0722463 -0.321287 78.2268 -0.226007 0.851763 0.472674 263.521 0.239511 0.518923 -0.820581 162.068 0 0 0 1 
Seq_Frame0143_DriverToReference-SequenceTransformStatus = OK
Seq_Frame0143_Timestamp = 18.932
Seq_Frame0144_DriverToReference-SequenceTransform =-0.944222 -0.0722463 -0.321287 78.2268 -0.226007 0.851763 0.472674 263.521 0.239511 0.518923 -0.820581 162.068 0 0 0 1 
Seq_Frame0144_DriverToReference-SequenceTransformStatus = OK
Seq_Frame0144_Timestamp = 19.043
Seq_Frame0145_DriverToReference-SequenceTransform =-0.944222 -0.0722463 -0.321287 78.2268 -0.226007 0.851763 0.472674 263.521 0.239511 0.518923 -0.820581 162.068 0 0 0 1 
Seq_Frame0145_DriverToReference-SequenceTransformStatus = OK
Seq_Frame0145_Timestamp = 19.148
Seq_Frame0146_DriverToReference-SequenceTransform =-0.944222 -0.0722463 -0.321287 78.2268 -0.226007 0.851763 0.472674 263.521 0.239511 0.518923 -0.820581 162.068 0 0 0 1 
Seq_Frame0146_DriverToReference-SequenceTransformStatus = OK
Seq_Frame0146_Timestamp = 19.259
Seq_Frame0147_DriverToReference-SequenceTransform =-0.944222 -0.0722463 -0.321287 78.2268 -0.226007 0.851763 0.472674 263.521 0.239511 0.518923 -0.820581 162.068 0 0 0 1 
Seq_Frame0147_DriverToReference-SequenceTransformStatus = OK
Seq_Frame0147_Timestamp = 19.365
Seq_Frame0148_DriverToReference-SequenceTransform =-0.944222 -0.0722463 -0.321287 78.2268 -0.226007 0.851763 0.472674 263.521 0.239511 0.518923 -0.820581 162.068 0 0 0 1 
Seq_Frame0148_DriverToReference-SequenceTransformStatus = OK
Seq_Frame0148_Timestamp = 19.476
Seq_Frame0149_DriverToReference-SequenceTransform =-0.944222 -0.0722463 -0.321287 78.2268 -0.226007 0.851763 0.472674 263.521 0.239511 0.518923 -0.820581 162.068 0 0 0 1 
Seq_Frame0149_DriverToReference-SequenceTransformStatus = OK
Seq_Frame0149_Timestamp = 19.584
Seq_Frame0150_DriverToReference-SequenceTransform =-0.944222 -0.0722463 -0.321287 78.2268 -0.226007 0.851763 0.472674 263.521 0.239511 0.518923 -0.820581 162.068 0 0 0 1 
