ObjectType = Image
NDims = 3
AnatomicalOrientation = RAI
BinaryData = True
CompressedData = False
DimSize = 0 0 2055
ElementSpacing = 1 1 1
Offset = 0 0 0
TransformMatrix = 1 0 0 0 1 0 0 0 1
ElementType = MET_UCHAR
Kinds = domain domain list
Seq_Frame0000_ForcepToReference-SequenceTransform =0.536704 -0.491931 -0.685531 40.2166 0.341152 -0.616579 0.70954 -28.725 -0.771728 -0.614683 -0.163097 -41.8825 0 0 0 1 
Seq_Frame0000_ForcepToReference-SequenceTransformStatus = OK
Seq_Frame0000_Timestamp = 0.00200009
Seq_Frame0001_ForcepToReference-SequenceTransform =0.534405 -0.491966 -0.6873 40.2171 0.340114 -0.61925 0.707709 -28.7638 -0.773779 -0.611963 -0.163606 -41.8736 0 0 0 1 
Seq_Frame0001_ForcepToReference-SequenceTransformStatus = OK
Seq_Frame0001_Timestamp = 0.109
Seq_Frame0002_ForcepToReference-SequenceTransform =0.536015 -0.492212 -0.685868 40.2046 0.341366 -0.616684 0.709345 -28.7132 -0.772112 -0.614352 -0.162527 -41.8591 0 0 0 1 
Seq_Frame0002_ForcepToReference-SequenceTransformStatus = OK
Seq_Frame0002_Timestamp = 0.214
Seq_Frame0003_ForcepToReference-SequenceTransform =0.536952 -0.491706 -0.685498 40.2204 0.341316 -0.616476 0.70955 -28.7311 -0.771483 -0.614966 -0.163191 -41.8743 0 0 0 1 
Seq_Frame0003_ForcepToReference-SequenceTransformStatus = OK
Seq_Frame0003_Timestamp = 0.332
Seq_Frame0004_ForcepToReference-SequenceTransform =0.53804 -0.491527 -0.684773 40.2132 0.340135 -0.616704 0.709919 -28.7007 -0.771246 -0.61488 -0.164625 -41.9345 0 0 0 1 
Seq_Frame0004_ForcepToReference-SequenceTransformStatus = OK
Seq_Frame0004_Timestamp = 0.433
Seq_Frame0005_ForcepToReference-SequenceTransform =0.536989 -0.491732 -0.685451 40.2097 0.340419 -0.617133 0.709409 -28.7293 -0.771854 -0.614285 -0.163999 -41.9141 0 0 0 1 
Seq_Frame0005_ForcepToReference-SequenceTransformStatus = OK
Seq_Frame0005_Timestamp = 0.534
Seq_Frame0006_ForcepToReference-SequenceTransform =0.538595 -0.491423 -0.684411 40.2333 0.342016 -0.614848 0.710624 -28.7354 -0.770026 -0.616818 -0.16308 -41.8969 0 0 0 1 
Seq_Frame0006_ForcepToReference-SequenceTransformStatus = OK
Seq_Frame0006_Timestamp = 0.641
Seq_Frame0007_ForcepToReference-SequenceTransform =0.536611 -0.491834 -0.685674 40.2071 0.340362 -0.617384 0.709218 -28.7317 -0.772141 -0.613952 -0.163893 -41.9034 0 0 0 1 
Seq_Frame0007_ForcepToReference-SequenceTransformStatus = OK
Seq_Frame0007_Timestamp = 0.745
Seq_Frame0008_ForcepToReference-SequenceTransform =0.537795 -0.491624 -0.684896 40.2167 0.342998 -0.614519 0.710435 -28.7405 -0.770149 -0.616986 -0.16186 -41.8522 0 0 0 1 
Seq_Frame0008_ForcepToReference-SequenceTransformStatus = OK
Seq_Frame0008_Timestamp = 0.849
Seq_Frame0009_ForcepToReference-SequenceTransform =0.535555 -0.492134 -0.686284 40.207 0.340133 -0.618122 0.708685 -28.7246 -0.772975 -0.612968 -0.163647 -41.9044 0 0 0 1 
Seq_Frame0009_ForcepToReference-SequenceTransformStatus = OK
Seq_Frame0009_Timestamp = 0.951
Seq_Frame0010_ForcepToReference-SequenceTransform =0.535865 -0.49218 -0.686009 40.1908 0.340995 -0.617136 0.70913 -28.7171 -0.77238 -0.613923 -0.16287 -41.8446 0 0 0 1 
Seq_Frame0010_ForcepToReference-SequenceTransformStatus = OK
Seq_Frame0010_Timestamp = 1.051
Seq_Frame0011_ForcepToReference-SequenceTransform =0.536933 -0.492029 -0.685281 40.2192 0.342808 -0.614965 0.710141 -28.7573 -0.770834 -0.616218 -0.161524 -41.7601 0 0 0 1 
Seq_Frame0011_ForcepToReference-SequenceTransformStatus = OK
Seq_Frame0011_Timestamp = 1.155
Seq_Frame0012_ForcepToReference-SequenceTransform =0.536706 -0.492302 -0.685263 40.2188 0.341821 -0.615659 0.710015 -28.7378 -0.77143 -0.615307 -0.162149 -41.8615 0 0 0 1 
Seq_Frame0012_ForcepToReference-SequenceTransformStatus = OK
Seq_Frame0012_Timestamp = 1.257
Seq_Frame0013_ForcepToReference-SequenceTransform =0.535312 -0.492095 -0.686501 40.2142 0.339878 -0.618563 0.708422 -28.7415 -0.773255 -0.612554 -0.163872 -41.8977 0 0 0 1 
Seq_Frame0013_ForcepToReference-SequenceTransformStatus = OK
Seq_Frame0013_Timestamp = 1.365
Seq_Frame0014_ForcepToReference-SequenceTransform =0.536827 -0.49159 -0.685679 40.2075 0.33954 -0.618112 0.708979 -28.7362 -0.772353 -0.613414 -0.164905 -41.8879 0 0 0 1 
Seq_Frame0014_ForcepToReference-SequenceTransformStatus = OK
Seq_Frame0014_Timestamp = 1.475
Seq_Frame0015_ForcepToReference-SequenceTransform =0.537787 -0.491643 -0.684888 40.2009 0.341725 -0.615524 0.71018 -28.7473 -0.77072 -0.615969 -0.163014 -41.8396 0 0 0 1 
Seq_Frame0015_ForcepToReference-SequenceTransformStatus = OK
Seq_Frame0015_Timestamp = 1.58
Seq_Frame0016_ForcepToReference-SequenceTransform =0.536438 -0.492527 -0.685311 40.1237 0.344486 -0.613517 0.710582 -28.7175 -0.770431 -0.617263 -0.159445 -42.0127 0 0 0 1 
Seq_Frame0016_ForcepToReference-SequenceTransformStatus = OK
Seq_Frame0016_Timestamp = 1.683
Seq_Frame0017_ForcepToReference-SequenceTransform =0.537915 -0.491732 -0.684725 40.209 0.342919 -0.614371 0.710602 -28.7495 -0.7701 -0.617048 -0.161855 -41.779 0 0 0 1 
Seq_Frame0017_ForcepToReference-SequenceTransformStatus = OK
Seq_Frame0017_Timestamp = 1.792
Seq_Frame0018_ForcepToReference-SequenceTransform =0.539112 -0.491645 -0.683845 40.2298 0.343212 -0.613228 0.711447 -28.7146 -0.769132 -0.618253 -0.16186 -41.8323 0 0 0 1 
Seq_Frame0018_ForcepToReference-SequenceTransformStatus = OK
Seq_Frame0018_Timestamp = 1.9
Seq_Frame0019_ForcepToReference-SequenceTransform =0.535583 -0.491956 -0.686389 40.1881 0.341616 -0.617105 0.708858 -28.7282 -0.772301 -0.614134 -0.162451 -41.916 0 0 0 1 
Seq_Frame0019_ForcepToReference-SequenceTransformStatus = OK
Seq_Frame0019_Timestamp = 2.001
Seq_Frame0020_ForcepToReference-SequenceTransform =0.536018 -0.491992 -0.686024 40.2153 0.341033 -0.617174 0.709078 -28.7334 -0.772257 -0.614036 -0.163032 -41.89 0 0 0 1 
Seq_Frame0020_ForcepToReference-SequenceTransformStatus = OK
Seq_Frame0020_Timestamp = 2.105
Seq_Frame0021_ForcepToReference-SequenceTransform =0.53593 -0.492545 -0.685696 40.1934 0.341787 -0.616075 0.709671 -28.7069 -0.771984 -0.614697 -0.161828 -41.8831 0 0 0 1 
Seq_Frame0021_ForcepToReference-SequenceTransformStatus = OK
Seq_Frame0021_Timestamp = 2.206
Seq_Frame0022_ForcepToReference-SequenceTransform =0.537162 -0.492218 -0.684966 40.2141 0.34277 -0.614611 0.710466 -28.7212 -0.770692 -0.616421 -0.161428 -41.8495 0 0 0 1 
Seq_Frame0022_ForcepToReference-SequenceTransformStatus = OK
Seq_Frame0022_Timestamp = 2.308
Seq_Frame0023_ForcepToReference-SequenceTransform =0.536736 -0.491949 -0.685493 40.2199 0.341471 -0.616279 0.709646 -28.721 -0.771565 -0.614969 -0.162793 -41.8721 0 0 0 1 
Seq_Frame0023_ForcepToReference-SequenceTransformStatus = OK
Seq_Frame0023_Timestamp = 2.415
Seq_Frame0024_ForcepToReference-SequenceTransform =0.536839 -0.491852 -0.685482 40.2134 0.342647 -0.615356 0.70988 -28.7098 -0.770972 -0.615969 -0.161816 -41.9278 0 0 0 1 
Seq_Frame0024_ForcepToReference-SequenceTransformStatus = OK
Seq_Frame0024_Timestamp = 2.515
Seq_Frame0025_ForcepToReference-SequenceTransform =0.537318 -0.491818 -0.685131 40.2227 0.342971 -0.614735 0.710262 -28.7481 -0.770493 -0.616617 -0.161629 -41.8365 0 0 0 1 
Seq_Frame0025_ForcepToReference-SequenceTransformStatus = OK
Seq_Frame0025_Timestamp = 2.625
Seq_Frame0026_ForcepToReference-SequenceTransform =0.538263 -0.491627 -0.684526 40.2302 0.343078 -0.614062 0.710792 -28.7233 -0.769786 -0.617439 -0.16186 -41.8722 0 0 0 1 
Seq_Frame0026_ForcepToReference-SequenceTransformStatus = OK
Seq_Frame0026_Timestamp = 2.727
Seq_Frame0027_ForcepToReference-SequenceTransform =0.537274 -0.49166 -0.685279 40.2219 0.342121 -0.615615 0.709909 -28.7203 -0.770902 -0.615864 -0.162547 -41.9206 0 0 0 1 
Seq_Frame0027_ForcepToReference-SequenceTransformStatus = OK
Seq_Frame0027_Timestamp = 2.834
Seq_Frame0028_ForcepToReference-SequenceTransform =0.538518 -0.491387 -0.684498 40.2379 0.343149 -0.614042 0.710775 -28.7498 -0.769576 -0.61765 -0.162054 -41.868 0 0 0 1 
Seq_Frame0028_ForcepToReference-SequenceTransformStatus = OK
Seq_Frame0028_Timestamp = 2.936
Seq_Frame0029_ForcepToReference-SequenceTransform =0.538025 -0.491452 -0.684838 40.2251 0.343128 -0.614401 0.710475 -28.747 -0.76993 -0.61724 -0.161932 -41.8783 0 0 0 1 
Seq_Frame0029_ForcepToReference-SequenceTransformStatus = OK
Seq_Frame0029_Timestamp = 3.04
Seq_Frame0030_ForcepToReference-SequenceTransform =0.537655 -0.491646 -0.68499 40.2197 0.341354 -0.615927 0.710008 -28.7158 -0.770977 -0.615563 -0.163331 -41.9528 0 0 0 1 
Seq_Frame0030_ForcepToReference-SequenceTransformStatus = OK
Seq_Frame0030_Timestamp = 3.14
Seq_Frame0031_ForcepToReference-SequenceTransform =0.536227 -0.491909 -0.68592 40.2147 0.340221 -0.617733 0.708982 -28.7222 -0.77247 -0.61354 -0.163887 -41.9359 0 0 0 1 
Seq_Frame0031_ForcepToReference-SequenceTransformStatus = OK
Seq_Frame0031_Timestamp = 3.248
Seq_Frame0032_ForcepToReference-SequenceTransform =0.538198 -0.491463 -0.684695 40.2323 0.342582 -0.614685 0.710493 -28.7543 -0.770052 -0.61695 -0.162456 -41.8548 0 0 0 1 
Seq_Frame0032_ForcepToReference-SequenceTransformStatus = OK
Seq_Frame0032_Timestamp = 3.356
Seq_Frame0033_ForcepToReference-SequenceTransform =0.536774 -0.491632 -0.685691 40.2214 0.341753 -0.616351 0.709448 -28.7414 -0.771414 -0.61515 -0.162824 -41.9137 0 0 0 1 
Seq_Frame0033_ForcepToReference-SequenceTransformStatus = OK
Seq_Frame0033_Timestamp = 3.456
Seq_Frame0034_ForcepToReference-SequenceTransform =0.536102 -0.491233 -0.686502 40.2399 0.340072 -0.618653 0.708251 -28.7799 -0.772623 -0.613155 -0.164607 -41.9025 0 0 0 1 
Seq_Frame0034_ForcepToReference-SequenceTransformStatus = OK
Seq_Frame0034_Timestamp = 3.56
Seq_Frame0035_ForcepToReference-SequenceTransform =0.535616 -0.492017 -0.68632 40.2071 0.340703 -0.617741 0.708744 -28.7364 -0.772682 -0.613446 -0.16324 -41.8998 0 0 0 1 
Seq_Frame0035_ForcepToReference-SequenceTransformStatus = OK
Seq_Frame0035_Timestamp = 3.664
Seq_Frame0036_ForcepToReference-SequenceTransform =0.536455 -0.492101 -0.685604 40.1977 0.340791 -0.616895 0.709438 -28.7059 -0.772061 -0.614229 -0.163233 -41.9561 0 0 0 1 
Seq_Frame0036_ForcepToReference-SequenceTransformStatus = OK
Seq_Frame0036_Timestamp = 3.765
Seq_Frame0037_ForcepToReference-SequenceTransform =0.540076 -0.490527 -0.683887 40.2502 0.345862 -0.611444 0.711699 -28.7132 -0.767266 -0.620902 -0.160572 -41.92 0 0 0 1 
Seq_Frame0037_ForcepToReference-SequenceTransformStatus = OK
Seq_Frame0037_Timestamp = 3.866
Seq_Frame0038_ForcepToReference-SequenceTransform =-0.0988477 -0.136211 -0.985736 39.5115 0.370205 -0.924519 0.0906288 24.0046 -0.923676 -0.355966 0.141813 -70.9869 0 0 0 1 
Seq_Frame0038_ForcepToReference-SequenceTransformStatus = OK
Seq_Frame0038_Timestamp = 4.575
Seq_Frame0039_ForcepToReference-SequenceTransform =-0.177309 -0.0200472 -0.983951 45.6494 0.478201 -0.875588 -0.0683333 110.195 -0.860166 -0.482643 0.164837 -89.4189 0 0 0 1 
Seq_Frame0039_ForcepToReference-SequenceTransformStatus = OK
Seq_Frame0039_Timestamp = 4.68
Seq_Frame0040_ForcepToReference-SequenceTransform =-0.199387 -0.0416638 -0.979035 33.9753 0.519974 -0.851336 -0.0696665 181.911 -0.830585 -0.522963 0.191409 -93.2126 0 0 0 1 
Seq_Frame0040_ForcepToReference-SequenceTransformStatus = OK
Seq_Frame0040_Timestamp = 4.781
Seq_Frame0041_ForcepToReference-SequenceTransform =0.147009 -0.417124 -0.896881 27.8869 0.713912 -0.58285 0.388092 201.985 -0.68463 -0.697347 0.212106 -90.3107 0 0 0 1 
Seq_Frame0041_ForcepToReference-SequenceTransformStatus = OK
Seq_Frame0041_Timestamp = 4.892
Seq_Frame0042_ForcepToReference-SequenceTransform =0.317183 -0.848678 -0.42325 -15.3345 0.578676 -0.180386 0.795359 229.72 -0.751352 -0.497198 0.433894 -73.4421 0 0 0 1 
Seq_Frame0042_ForcepToReference-SequenceTransformStatus = OK
Seq_Frame0042_Timestamp = 4.998
Seq_Frame0043_ForcepToReference-SequenceTransform =-0.135118 -0.875928 -0.463134 -47.589 0.856087 -0.338539 0.390521 262.011 -0.498857 -0.343717 0.795613 -49.3284 0 0 0 1 
Seq_Frame0043_ForcepToReference-SequenceTransformStatus = OK
Seq_Frame0043_Timestamp = 5.105
Seq_Frame0044_ForcepToReference-SequenceTransform =-0.168747 -0.891287 -0.42087 -59.4876 0.884203 -0.325569 0.334946 274.452 -0.435556 -0.315614 0.843018 -32.1035 0 0 0 1 
Seq_Frame0044_ForcepToReference-SequenceTransformStatus = OK
Seq_Frame0044_Timestamp = 5.206
Seq_Frame0045_ForcepToReference-SequenceTransform =-0.0874758 -0.90601 -0.414117 -64.2722 0.854827 -0.28172 0.435781 282.427 -0.511487 -0.315878 0.799126 -9.28604 0 0 0 1 
Seq_Frame0045_ForcepToReference-SequenceTransformStatus = OK
Seq_Frame0045_Timestamp = 5.315
Seq_Frame0046_ForcepToReference-SequenceTransform =0.0152178 -0.939306 -0.342743 -67.5145 0.853229 -0.166519 0.494239 282.04 -0.521315 -0.299959 0.798909 20.6387 0 0 0 1 
Seq_Frame0046_ForcepToReference-SequenceTransformStatus = OK
Seq_Frame0046_Timestamp = 5.416
Seq_Frame0047_ForcepToReference-SequenceTransform =0.101394 -0.939218 -0.328007 -60.4569 0.82793 -0.103141 0.551265 274.568 -0.55159 -0.327462 0.767149 51.2803 0 0 0 1 
Seq_Frame0047_ForcepToReference-SequenceTransformStatus = OK
Seq_Frame0047_Timestamp = 5.526
Seq_Frame0048_ForcepToReference-SequenceTransform =0.116628 -0.925886 -0.359349 -46.9957 0.825212 -0.110994 0.553809 266.318 -0.55265 -0.36113 0.751108 69.3086 0 0 0 1 
Seq_Frame0048_ForcepToReference-SequenceTransformStatus = OK
Seq_Frame0048_Timestamp = 5.63
Seq_Frame0049_ForcepToReference-SequenceTransform =0.0948647 -0.932483 -0.348534 -34.2331 0.850957 -0.105728 0.514484 267.016 -0.516598 -0.345394 0.783473 82.5367 0 0 0 1 
Seq_Frame0049_ForcepToReference-SequenceTransformStatus = OK
Seq_Frame0049_Timestamp = 5.731
Seq_Frame0050_ForcepToReference-SequenceTransform =0.0607427 -0.943119 -0.326859 -16.9382 0.88824 -0.0983115 0.448736 265.096 -0.455345 -0.317587 0.831744 98.6253 0 0 0 1 
Seq_Frame0050_ForcepToReference-SequenceTransformStatus = OK
Seq_Frame0050_Timestamp = 5.84
Seq_Frame0051_ForcepToReference-SequenceTransform =0.0384736 -0.945035 -0.324698 5.19261 0.908821 -0.10199 0.404528 261.009 -0.415409 -0.310656 0.854943 115.104 0 0 0 1 
Seq_Frame0051_ForcepToReference-SequenceTransformStatus = OK
Seq_Frame0051_Timestamp = 5.941
Seq_Frame0052_ForcepToReference-SequenceTransform =0.0399602 -0.919843 -0.390246 28.5747 0.917095 -0.12128 0.379774 257.6 -0.396661 -0.373069 0.838737 133.826 0 0 0 1 
Seq_Frame0052_ForcepToReference-SequenceTransformStatus = OK
Seq_Frame0052_Timestamp = 6.057
Seq_Frame0053_ForcepToReference-SequenceTransform =0.0258381 -0.892069 -0.451161 33.7335 0.936241 -0.136601 0.323717 261.242 -0.350407 -0.430759 0.831662 150.741 0 0 0 1 
Seq_Frame0053_ForcepToReference-SequenceTransformStatus = OK
Seq_Frame0053_Timestamp = 6.157
Seq_Frame0054_ForcepToReference-SequenceTransform =-0.457922 0.471574 0.753608 28.176 -0.216853 0.76285 -0.609126 262.044 -0.862138 -0.442355 -0.247064 169.958 0 0 0 1 
Seq_Frame0054_ForcepToReference-SequenceTransformStatus = OK
Seq_Frame0054_Timestamp = 6.266
Seq_Frame0055_ForcepToReference-SequenceTransform =-0.456845 0.42064 0.783808 20.4283 -0.17529 0.821285 -0.542921 263.834 -0.872104 -0.385425 -0.301466 178.563 0 0 0 1 
Seq_Frame0055_ForcepToReference-SequenceTransformStatus = OK
Seq_Frame0055_Timestamp = 6.369
Seq_Frame0056_ForcepToReference-SequenceTransform =-0.441382 0.40219 0.802138 17.4016 -0.0478073 0.882117 -0.468598 270.799 -0.896045 -0.245179 -0.370123 187.218 0 0 0 1 
Seq_Frame0056_ForcepToReference-SequenceTransformStatus = OK
Seq_Frame0056_Timestamp = 6.472
Seq_Frame0057_ForcepToReference-SequenceTransform =-0.421465 0.400031 0.813844 20.7815 -0.0176569 0.893656 -0.448406 273.48 -0.906673 -0.203357 -0.369582 194.828 0 0 0 1 
Seq_Frame0057_ForcepToReference-SequenceTransformStatus = OK
Seq_Frame0057_Timestamp = 6.574
Seq_Frame0058_ForcepToReference-SequenceTransform =-0.469562 0.416366 0.778557 26.272 0.00100724 0.88207 -0.471117 274.023 -0.882899 -0.220435 -0.414606 198.572 0 0 0 1 
Seq_Frame0058_ForcepToReference-SequenceTransformStatus = OK
Seq_Frame0058_Timestamp = 6.68
Seq_Frame0059_ForcepToReference-SequenceTransform =-0.482014 0.456705 0.747719 29.6112 0.0376233 0.863403 -0.50311 274.607 -0.875356 -0.214374 -0.433355 199.751 0 0 0 1 
Seq_Frame0059_ForcepToReference-SequenceTransformStatus = OK
Seq_Frame0059_Timestamp = 6.781
Seq_Frame0060_ForcepToReference-SequenceTransform =-0.519108 0.480154 0.707092 30.5791 0.0804814 0.851074 -0.518841 275.329 -0.850911 -0.212427 -0.480442 197.38 0 0 0 1 
Seq_Frame0060_ForcepToReference-SequenceTransformStatus = OK
Seq_Frame0060_Timestamp = 6.885
Seq_Frame0061_ForcepToReference-SequenceTransform =-0.481411 0.499428 0.720288 30.9244 0.0519616 0.836599 -0.545346 273.843 -0.874953 -0.225109 -0.428699 198.603 0 0 0 1 
Seq_Frame0061_ForcepToReference-SequenceTransformStatus = OK
Seq_Frame0061_Timestamp = 6.99
Seq_Frame0062_ForcepToReference-SequenceTransform =-0.500562 0.561539 0.658871 32.0331 0.0622374 0.782458 -0.619585 273.977 -0.86346 -0.269135 -0.426618 197.731 0 0 0 1 
Seq_Frame0062_ForcepToReference-SequenceTransformStatus = OK
Seq_Frame0062_Timestamp = 7.091
Seq_Frame0063_ForcepToReference-SequenceTransform =-0.586064 0.558998 0.586558 31.134 0.0356268 0.740987 -0.670574 275.227 -0.809481 -0.372102 -0.454181 201.708 0 0 0 1 
Seq_Frame0063_ForcepToReference-SequenceTransformStatus = OK
Seq_Frame0063_Timestamp = 7.197
Seq_Frame0064_ForcepToReference-SequenceTransform =-0.576609 0.580237 0.575193 30.276 0.12772 0.759373 -0.637997 273.542 -0.806975 -0.294411 -0.51197 197.937 0 0 0 1 
Seq_Frame0064_ForcepToReference-SequenceTransformStatus = OK
Seq_Frame0064_Timestamp = 7.306
Seq_Frame0065_ForcepToReference-SequenceTransform =-0.603834 0.554137 0.57299 27.9025 0.0991061 0.765447 -0.635821 272.415 -0.790925 -0.327144 -0.517121 194.085 0 0 0 1 
Seq_Frame0065_ForcepToReference-SequenceTransformStatus = OK
Seq_Frame0065_Timestamp = 7.406
Seq_Frame0066_ForcepToReference-SequenceTransform =-0.714928 0.501392 0.487323 21.8813 0.130101 0.780196 -0.611856 274.916 -0.686988 -0.374031 -0.623016 179.319 0 0 0 1 
Seq_Frame0066_ForcepToReference-SequenceTransformStatus = OK
Seq_Frame0066_Timestamp = 7.514
Seq_Frame0067_ForcepToReference-SequenceTransform =-0.00106563 -0.984773 -0.17384 16.2151 0.990936 -0.024392 0.132102 273.187 -0.134331 -0.172123 0.975873 149.077 0 0 0 1 
Seq_Frame0067_ForcepToReference-SequenceTransformStatus = OK
Seq_Frame0067_Timestamp = 7.865
Seq_Frame0068_ForcepToReference-SequenceTransform =0.0160334 -0.984163 -0.176538 14.7167 0.984552 -0.0152486 0.174426 274.59 -0.174355 -0.176608 0.968716 146.074 0 0 0 1 
Seq_Frame0068_ForcepToReference-SequenceTransformStatus = OK
Seq_Frame0068_Timestamp = 7.978
Seq_Frame0069_ForcepToReference-SequenceTransform =-0.0306754 -0.971074 -0.2368 11.7274 0.97099 -0.0851603 0.223444 276.745 -0.237146 -0.223076 0.945515 144.662 0 0 0 1 
Seq_Frame0069_ForcepToReference-SequenceTransformStatus = OK
Seq_Frame0069_Timestamp = 8.085
Seq_Frame0070_ForcepToReference-SequenceTransform =-0.00984247 -0.999411 -0.0328789 0.993439 0.950492 -0.0195635 0.310132 282.104 -0.310592 -0.0281987 0.950125 130.026 0 0 0 1 
Seq_Frame0070_ForcepToReference-SequenceTransformStatus = OK
Seq_Frame0070_Timestamp = 9.301
Seq_Frame0071_ForcepToReference-SequenceTransform =-0.0148827 -0.998595 -0.0508558 0.161872 0.950766 -0.0298793 0.308467 282.942 -0.309553 -0.0437612 0.949875 131.226 0 0 0 1 
Seq_Frame0071_ForcepToReference-SequenceTransformStatus = OK
Seq_Frame0071_Timestamp = 9.412
Seq_Frame0072_ForcepToReference-SequenceTransform =-0.0544204 -0.998326 0.0196041 -3.00014 0.956555 -0.0464915 0.287822 284.321 -0.286429 0.0344158 0.957483 129.881 0 0 0 1 
Seq_Frame0072_ForcepToReference-SequenceTransformStatus = OK
Seq_Frame0072_Timestamp = 9.519
Seq_Frame0073_ForcepToReference-SequenceTransform =-0.109982 -0.992682 0.0498619 -12.9987 0.962672 -0.0939055 0.25386 287.667 -0.24732 0.0759206 0.965955 124.475 0 0 0 1 
Seq_Frame0073_ForcepToReference-SequenceTransformStatus = OK
Seq_Frame0073_Timestamp = 9.631
Seq_Frame0074_ForcepToReference-SequenceTransform =-0.110557 -0.987445 0.112821 -23.974 0.967188 -0.0807667 0.240883 284.676 -0.228747 0.13575 0.963974 112.007 0 0 0 1 
Seq_Frame0074_ForcepToReference-SequenceTransformStatus = OK
Seq_Frame0074_Timestamp = 9.738
Seq_Frame0075_ForcepToReference-SequenceTransform =-0.147524 -0.986264 0.0743034 -28.3983 0.964689 -0.126909 0.230802 279.644 -0.218202 0.105728 0.97016 98.7084 0 0 0 1 
Seq_Frame0075_ForcepToReference-SequenceTransformStatus = OK
Seq_Frame0075_Timestamp = 9.846
Seq_Frame0076_ForcepToReference-SequenceTransform =-0.376983 -0.690439 -0.617396 -13.7884 0.661566 -0.667241 0.342228 253.307 -0.648239 -0.279435 0.708309 69.0667 0 0 0 1 
Seq_Frame0076_ForcepToReference-SequenceTransformStatus = OK
Seq_Frame0076_Timestamp = 10.415
Seq_Frame0077_ForcepToReference-SequenceTransform =-0.384859 -0.688069 -0.615179 -12.8932 0.640629 -0.678958 0.358624 249.628 -0.664438 -0.256082 0.7021 70.8143 0 0 0 1 
Seq_Frame0077_ForcepToReference-SequenceTransformStatus = OK
Seq_Frame0077_Timestamp = 10.52
Seq_Frame0078_ForcepToReference-SequenceTransform =-0.38475 -0.680208 -0.623926 -12.8755 0.603825 -0.696739 0.387235 246.223 -0.698114 -0.227754 0.678797 72.6894 0 0 0 1 
Seq_Frame0078_ForcepToReference-SequenceTransformStatus = OK
Seq_Frame0078_Timestamp = 10.625
Seq_Frame0079_ForcepToReference-SequenceTransform =-0.37992 -0.681807 -0.62514 -11.1917 0.601654 -0.695466 0.392861 245.821 -0.702619 -0.226862 0.674433 75.48 0 0 0 1 
Seq_Frame0079_ForcepToReference-SequenceTransformStatus = OK
Seq_Frame0079_Timestamp = 10.734
Seq_Frame0080_ForcepToReference-SequenceTransform =-0.376928 -0.677774 -0.631306 -9.12904 0.605969 -0.695923 0.385347 246.031 -0.700518 -0.237304 0.673024 75.4379 0 0 0 1 
Seq_Frame0080_ForcepToReference-SequenceTransformStatus = OK
Seq_Frame0080_Timestamp = 10.839
Seq_Frame0081_ForcepToReference-SequenceTransform =-0.406325 -0.889449 -0.209237 -26.9499 0.784174 -0.456988 0.419802 254.63 -0.469011 0.0064977 0.883168 82.6259 0 0 0 1 
Seq_Frame0081_ForcepToReference-SequenceTransformStatus = OK
Seq_Frame0081_Timestamp = 11.968
Seq_Frame0082_ForcepToReference-SequenceTransform =-0.452475 -0.891639 -0.0156728 -42.3295 0.872092 -0.446091 0.201141 271.467 -0.186337 0.0773432 0.979437 95.7451 0 0 0 1 
Seq_Frame0082_ForcepToReference-SequenceTransformStatus = OK
Seq_Frame0082_Timestamp = 12.076
Seq_Frame0083_ForcepToReference-SequenceTransform =-0.508377 -0.860414 -0.0352229 -47.7084 0.853548 -0.508894 0.111729 278.733 -0.114058 0.0267358 0.993114 107.114 0 0 0 1 
Seq_Frame0083_ForcepToReference-SequenceTransformStatus = OK
Seq_Frame0083_Timestamp = 12.181
Seq_Frame0084_ForcepToReference-SequenceTransform =-0.512038 -0.858702 0.0211484 -49.5526 0.857728 -0.509827 0.0661737 286.171 -0.0460415 0.052023 0.997584 113.289 0 0 0 1 
Seq_Frame0084_ForcepToReference-SequenceTransformStatus = OK
Seq_Frame0084_Timestamp = 12.289
Seq_Frame0085_ForcepToReference-SequenceTransform =-0.522368 -0.852676 -0.00863481 -52.5533 0.852591 -0.522439 0.0121105 291.242 -0.0148375 -0.00103582 0.999889 116.306 0 0 0 1 
Seq_Frame0085_ForcepToReference-SequenceTransformStatus = OK
Seq_Frame0085_Timestamp = 12.394
Seq_Frame0086_ForcepToReference-SequenceTransform =-0.519648 -0.85438 -0.000854164 -55.8143 0.854378 -0.519645 -0.00267327 292.176 0.00184012 -0.00211894 0.999996 116.489 0 0 0 1 
Seq_Frame0086_ForcepToReference-SequenceTransformStatus = OK
Seq_Frame0086_Timestamp = 12.501
Seq_Frame0087_ForcepToReference-SequenceTransform =-0.531723 -0.846911 -0.00349961 -57.9049 0.846693 -0.531482 -0.0252691 291.366 0.0195407 -0.0163993 0.999675 118.373 0 0 0 1 
Seq_Frame0087_ForcepToReference-SequenceTransformStatus = OK
Seq_Frame0087_Timestamp = 12.605
Seq_Frame0088_ForcepToReference-SequenceTransform =-0.526809 -0.849964 0.00575334 -57.6155 0.849866 -0.526836 -0.01311 291.238 0.0141741 -0.00201688 0.999897 119.327 0 0 0 1 
Seq_Frame0088_ForcepToReference-SequenceTransformStatus = OK
Seq_Frame0088_Timestamp = 12.71
Seq_Frame0089_ForcepToReference-SequenceTransform =-0.523727 -0.851727 0.0164479 -55.7278 0.85087 -0.523947 -0.038727 290.836 0.0416027 -0.00628737 0.999114 123.252 0 0 0 1 
Seq_Frame0089_ForcepToReference-SequenceTransformStatus = OK
Seq_Frame0089_Timestamp = 12.818
Seq_Frame0090_ForcepToReference-SequenceTransform =-0.525727 -0.850561 0.0125469 -55.4496 0.849809 -0.525805 -0.0367895 290.183 0.037889 -0.00867879 0.999244 123.667 0 0 0 1 
Seq_Frame0090_ForcepToReference-SequenceTransformStatus = OK
Seq_Frame0090_Timestamp = 12.924
Seq_Frame0091_ForcepToReference-SequenceTransform =-0.524362 -0.851285 0.0189394 -55.5635 0.85032 -0.524677 -0.0408617 289.946 0.044722 -0.00532173 0.998985 124.822 0 0 0 1 
Seq_Frame0091_ForcepToReference-SequenceTransformStatus = OK
Seq_Frame0091_Timestamp = 13.03
Seq_Frame0092_ForcepToReference-SequenceTransform =-0.495183 -0.867795 0.041544 -54.5847 0.867346 -0.49655 -0.0338943 288.007 0.050042 0.0192492 0.998562 126.346 0 0 0 1 
Seq_Frame0092_ForcepToReference-SequenceTransformStatus = OK
Seq_Frame0092_Timestamp = 13.141
Seq_Frame0093_ForcepToReference-SequenceTransform =-0.476675 -0.875591 0.0782366 -59.1841 0.872926 -0.481972 -0.0755217 284.29 0.103834 0.0322955 0.99407 129.466 0 0 0 1 
Seq_Frame0093_ForcepToReference-SequenceTransformStatus = OK
Seq_Frame0093_Timestamp = 13.244
Seq_Frame0094_ForcepToReference-SequenceTransform =-0.442872 -0.882866 0.156245 -74.9791 0.881684 -0.460487 -0.102885 274.255 0.162782 0.0921936 0.982345 126.305 0 0 0 1 
Seq_Frame0094_ForcepToReference-SequenceTransformStatus = OK
Seq_Frame0094_Timestamp = 13.349
Seq_Frame0095_ForcepToReference-SequenceTransform =-0.420996 -0.896352 0.138979 -88.6119 0.89954 -0.432267 -0.0630365 255.443 0.116579 0.0984788 0.988287 110.686 0 0 0 1 
Seq_Frame0095_ForcepToReference-SequenceTransformStatus = OK
Seq_Frame0095_Timestamp = 13.457
Seq_Frame0096_ForcepToReference-SequenceTransform =-0.313588 -0.945065 0.0922703 -76.3632 0.948984 -0.308533 0.0650873 236.411 -0.0330433 0.107974 0.993604 87.4581 0 0 0 1 
Seq_Frame0096_ForcepToReference-SequenceTransformStatus = OK
Seq_Frame0096_Timestamp = 13.563
Seq_Frame0097_ForcepToReference-SequenceTransform =-0.234407 -0.972032 -0.0143984 -58.1282 0.960085 -0.233801 0.153538 223.922 -0.15261 0.0221666 0.988038 68.6037 0 0 0 1 
Seq_Frame0097_ForcepToReference-SequenceTransformStatus = OK
Seq_Frame0097_Timestamp = 13.673
Seq_Frame0098_ForcepToReference-SequenceTransform =-0.205153 -0.976445 -0.0668451 -45.5396 0.952902 -0.214859 0.214038 208.672 -0.223359 -0.0197864 0.974535 55.7461 0 0 0 1 
Seq_Frame0098_ForcepToReference-SequenceTransformStatus = OK
Seq_Frame0098_Timestamp = 13.779
Seq_Frame0099_ForcepToReference-SequenceTransform =-0.195364 -0.978963 -0.0588619 -42.9668 0.943756 -0.203984 0.260222 197.038 -0.266755 -0.00471311 0.963753 45.7782 0 0 0 1 
Seq_Frame0099_ForcepToReference-SequenceTransformStatus = OK
Seq_Frame0099_Timestamp = 13.885
Seq_Frame0100_ForcepToReference-SequenceTransform =-0.193799 -0.981014 -0.00728077 -41.0801 0.924534 -0.185113 0.333122 191.557 -0.328145 0.0578272 0.942856 31.736 0 0 0 1 
Seq_Frame0100_ForcepToReference-SequenceTransformStatus = OK
Seq_Frame0100_Timestamp = 13.992
Seq_Frame0101_ForcepToReference-SequenceTransform =-0.198661 -0.977534 -0.070439 -34.9421 0.919594 -0.210776 0.331542 208.114 -0.33894 0.00108901 0.940807 29.4201 0 0 0 1 
Seq_Frame0101_ForcepToReference-SequenceTransformStatus = OK
Seq_Frame0101_Timestamp = 14.1
Seq_Frame0102_ForcepToReference-SequenceTransform =-0.183174 -0.980967 -0.0644221 -27.2571 0.936626 -0.19405 0.291679 224.749 -0.298629 -0.00691118 0.954344 29.4727 0 0 0 1 
Seq_Frame0102_ForcepToReference-SequenceTransformStatus = OK
Seq_Frame0102_Timestamp = 14.205
Seq_Frame0103_ForcepToReference-SequenceTransform =-0.124023 -0.989597 -0.0729068 -20.275 0.968953 -0.136618 0.206072 238.522 -0.213888 -0.0450855 0.975817 32.6745 0 0 0 1 
Seq_Frame0103_ForcepToReference-SequenceTransformStatus = OK
Seq_Frame0103_Timestamp = 14.312
Seq_Frame0104_ForcepToReference-SequenceTransform =-0.0529397 -0.99799 -0.0348184 -16.2151 0.989693 -0.0570817 0.131336 238.223 -0.133059 -0.0275067 0.990726 35.9941 0 0 0 1 
Seq_Frame0104_ForcepToReference-SequenceTransformStatus = OK
Seq_Frame0104_Timestamp = 14.415
Seq_Frame0105_ForcepToReference-SequenceTransform =0.0527267 -0.986016 -0.158093 -15.8343 0.972216 0.0145291 0.233634 212.382 -0.22807 -0.166019 0.959386 38.371 0 0 0 1 
Seq_Frame0105_ForcepToReference-SequenceTransformStatus = OK
Seq_Frame0105_Timestamp = 14.644
Seq_Frame0106_ForcepToReference-SequenceTransform =0.117485 -0.993074 -0.000669568 -12.2196 0.972689 0.114937 0.201657 202.465 -0.200183 -0.0243429 0.979456 33.8472 0 0 0 1 
Seq_Frame0106_ForcepToReference-SequenceTransformStatus = OK
Seq_Frame0106_Timestamp = 14.751
Seq_Frame0107_ForcepToReference-SequenceTransform =0.0276339 -0.967134 -0.252759 -5.8533 0.957395 -0.0471061 0.284913 202.988 -0.287456 -0.249864 0.924628 38.744 0 0 0 1 
Seq_Frame0107_ForcepToReference-SequenceTransformStatus = OK
Seq_Frame0107_Timestamp = 14.859
Seq_Frame0108_ForcepToReference-SequenceTransform =0.0249813 -0.960332 -0.277736 -3.03674 0.966158 -0.0481575 0.253417 206.199 -0.25674 -0.274668 0.92663 39.6277 0 0 0 1 
Seq_Frame0108_ForcepToReference-SequenceTransformStatus = OK
Seq_Frame0108_Timestamp = 14.97
Seq_Frame0109_ForcepToReference-SequenceTransform =0.0273025 -0.960607 -0.276566 -1.03764 0.973917 -0.0367825 0.223902 206.699 -0.225255 -0.275466 0.934547 40.1547 0 0 0 1 
Seq_Frame0109_ForcepToReference-SequenceTransformStatus = OK
Seq_Frame0109_Timestamp = 15.075
Seq_Frame0110_ForcepToReference-SequenceTransform =0.00354505 -0.96253 -0.271151 -0.524771 0.979626 -0.0511048 0.194219 207.602 -0.200799 -0.266315 0.942739 38.1951 0 0 0 1 
Seq_Frame0110_ForcepToReference-SequenceTransformStatus = OK
Seq_Frame0110_Timestamp = 15.182
Seq_Frame0111_ForcepToReference-SequenceTransform =-0.0281413 -0.960862 -0.275595 -4.75164 0.979881 -0.0810148 0.182402 209.25 -0.19759 -0.264917 0.94381 34.1895 0 0 0 1 
Seq_Frame0111_ForcepToReference-SequenceTransformStatus = OK
Seq_Frame0111_Timestamp = 15.289
Seq_Frame0112_ForcepToReference-SequenceTransform =-0.0314385 -0.965876 -0.257089 -12.3726 0.980257 -0.0800328 0.180808 208.303 -0.195214 -0.246329 0.949323 29.2865 0 0 0 1 
Seq_Frame0112_ForcepToReference-SequenceTransformStatus = OK
Seq_Frame0112_Timestamp = 15.394
Seq_Frame0113_ForcepToReference-SequenceTransform =-0.0247924 -0.971258 -0.236734 -19.5971 0.98487 -0.0643573 0.160898 207.546 -0.171509 -0.229164 0.958159 27.2561 0 0 0 1 
Seq_Frame0113_ForcepToReference-SequenceTransformStatus = OK
Seq_Frame0113_Timestamp = 15.503
Seq_Frame0114_ForcepToReference-SequenceTransform =-0.026034 -0.973858 -0.225662 -25.1282 0.990716 -0.0552661 0.124208 210.809 -0.133432 -0.220334 0.966255 27.1674 0 0 0 1 
Seq_Frame0114_ForcepToReference-SequenceTransformStatus = OK
Seq_Frame0114_Timestamp = 15.609
Seq_Frame0115_ForcepToReference-SequenceTransform =-0.0195374 -0.975525 -0.219019 -29.0336 0.998352 -0.0308582 0.0483875 216.411 -0.0539618 -0.217713 0.97452 27.925 0 0 0 1 
Seq_Frame0115_ForcepToReference-SequenceTransformStatus = OK
Seq_Frame0115_Timestamp = 15.719
Seq_Frame0116_ForcepToReference-SequenceTransform =-0.0249808 -0.97719 -0.210894 -32.989 0.999595 -0.0272855 0.00802488 221.748 -0.0135962 -0.210608 0.977476 30.6189 0 0 0 1 
Seq_Frame0116_ForcepToReference-SequenceTransformStatus = OK
Seq_Frame0116_Timestamp = 15.825
Seq_Frame0117_ForcepToReference-SequenceTransform =-0.0329373 -0.977198 -0.20976 -35.0469 0.99935 -0.0352807 0.00743839 222.63 -0.0146693 -0.209378 0.977725 31.6969 0 0 0 1 
Seq_Frame0117_ForcepToReference-SequenceTransformStatus = OK
Seq_Frame0117_Timestamp = 15.934
Seq_Frame0118_ForcepToReference-SequenceTransform =-0.0427298 -0.977288 -0.207561 -37.9613 0.998951 -0.0452199 0.00726467 222.936 -0.0164856 -0.207033 0.978195 31.2755 0 0 0 1 
Seq_Frame0118_ForcepToReference-SequenceTransformStatus = OK
Seq_Frame0118_Timestamp = 16.038
Seq_Frame0119_ForcepToReference-SequenceTransform =-0.0617528 -0.972957 -0.222579 -42.9995 0.997752 -0.0659939 0.0116598 224.366 -0.0260333 -0.221358 0.974845 29.681 0 0 0 1 
Seq_Frame0119_ForcepToReference-SequenceTransformStatus = OK
Seq_Frame0119_Timestamp = 16.144
Seq_Frame0120_ForcepToReference-SequenceTransform =-0.0760989 -0.975613 -0.205883 -47.4443 0.995239 -0.0869308 0.0440745 224.847 -0.0608973 -0.201549 0.977584 27.2122 0 0 0 1 
Seq_Frame0120_ForcepToReference-SequenceTransformStatus = OK
Seq_Frame0120_Timestamp = 16.251
Seq_Frame0121_ForcepToReference-SequenceTransform =-0.0663286 -0.979841 -0.188449 -48.0978 0.996602 -0.0743021 0.035559 223.178 -0.0488443 -0.18545 0.981439 28.5786 0 0 0 1 
Seq_Frame0121_ForcepToReference-SequenceTransformStatus = OK
Seq_Frame0121_Timestamp = 16.355
Seq_Frame0122_ForcepToReference-SequenceTransform =-0.0627801 -0.976714 -0.205155 -50.3059 0.99781 -0.0657158 0.00752043 222.895 -0.0208272 -0.204234 0.978701 28.365 0 0 0 1 
Seq_Frame0122_ForcepToReference-SequenceTransformStatus = OK
Seq_Frame0122_Timestamp = 16.465
Seq_Frame0123_ForcepToReference-SequenceTransform =-0.0518519 -0.982078 -0.181203 -49.9757 0.998648 -0.0516375 -0.00590395 222.596 -0.00355873 -0.181264 0.983428 28.3628 0 0 0 1 
Seq_Frame0123_ForcepToReference-SequenceTransformStatus = OK
Seq_Frame0123_Timestamp = 16.569
Seq_Frame0124_ForcepToReference-SequenceTransform =-0.0571373 -0.980223 -0.18947 -44.0359 0.99783 -0.0622901 0.0213487 223.452 -0.0327285 -0.187839 0.981654 26.6598 0 0 0 1 
Seq_Frame0124_ForcepToReference-SequenceTransformStatus = OK
Seq_Frame0124_Timestamp = 16.679
Seq_Frame0125_ForcepToReference-SequenceTransform =-0.0714304 -0.976846 -0.201667 -36.0398 0.99485 -0.0843495 0.0562009 224.406 -0.0719102 -0.196614 0.97784 21.9511 0 0 0 1 
Seq_Frame0125_ForcepToReference-SequenceTransformStatus = OK
Seq_Frame0125_Timestamp = 16.784
Seq_Frame0126_ForcepToReference-SequenceTransform =-0.0843646 -0.969888 -0.228473 -27.3902 0.990283 -0.10705 0.0887697 226.8 -0.110555 -0.218764 0.969495 19.6212 0 0 0 1 
Seq_Frame0126_ForcepToReference-SequenceTransformStatus = OK
Seq_Frame0126_Timestamp = 16.892
Seq_Frame0127_ForcepToReference-SequenceTransform =-0.0917227 -0.938081 -0.334052 -12.0555 0.98818 -0.127127 0.0856661 226.504 -0.122829 -0.322246 0.938654 21.5579 0 0 0 1 
Seq_Frame0127_ForcepToReference-SequenceTransformStatus = OK
Seq_Frame0127_Timestamp = 17.015
Seq_Frame0128_ForcepToReference-SequenceTransform =-0.0806591 -0.939696 -0.332365 7.83069 0.98677 -0.122331 0.106396 223.418 -0.140638 -0.319386 0.937131 24.058 0 0 0 1 
Seq_Frame0128_ForcepToReference-SequenceTransformStatus = OK
Seq_Frame0128_Timestamp = 17.127
Seq_Frame0129_ForcepToReference-SequenceTransform =-0.0866989 -0.93284 -0.349705 19.0315 0.987981 -0.125601 0.0901015 225.363 -0.127974 -0.33769 0.932517 27.4602 0 0 0 1 
Seq_Frame0129_ForcepToReference-SequenceTransformStatus = OK
Seq_Frame0129_Timestamp = 17.229
Seq_Frame0130_ForcepToReference-SequenceTransform =-0.1082 -0.937236 -0.331485 19.8131 0.984743 -0.146758 0.0935112 225.395 -0.13629 -0.316309 0.938815 24.9405 0 0 0 1 
Seq_Frame0130_ForcepToReference-SequenceTransformStatus = OK
Seq_Frame0130_Timestamp = 17.334
Seq_Frame0131_ForcepToReference-SequenceTransform =-0.207937 -0.899123 -0.385148 12.6673 0.915297 -0.317721 0.247558 221.117 -0.344955 -0.301049 0.889031 12.8473 0 0 0 1 
Seq_Frame0131_ForcepToReference-SequenceTransformStatus = OK
Seq_Frame0131_Timestamp = 17.446
Seq_Frame0132_ForcepToReference-SequenceTransform =-0.479148 0.258675 0.838751 6.12288 -0.432059 0.762289 -0.481914 225.889 -0.76403 -0.593298 -0.253486 13.2696 0 0 0 1 
Seq_Frame0132_ForcepToReference-SequenceTransformStatus = OK
Seq_Frame0132_Timestamp = 17.549
Seq_Frame0133_ForcepToReference-SequenceTransform =-0.332805 -0.828752 -0.4499 1.93868 0.896249 -0.426338 0.122366 233.483 -0.29322 -0.362499 0.884656 22.9404 0 0 0 1 
Seq_Frame0133_ForcepToReference-SequenceTransformStatus = OK
Seq_Frame0133_Timestamp = 17.656
Seq_Frame0134_ForcepToReference-SequenceTransform =-0.435897 -0.853726 -0.284861 -3.39416 0.88582 -0.46293 0.0319055 248.973 -0.159109 -0.238429 0.958038 27.3295 0 0 0 1 
Seq_Frame0134_ForcepToReference-SequenceTransformStatus = OK
Seq_Frame0134_Timestamp = 17.854
Seq_Frame0135_ForcepToReference-SequenceTransform =-0.483521 -0.805523 -0.342548 -2.3048 0.863108 -0.503919 -0.0333167 255.656 -0.145779 -0.311765 0.938909 33.3411 0 0 0 1 
Seq_Frame0135_ForcepToReference-SequenceTransformStatus = OK
Seq_Frame0135_Timestamp = 17.961
Seq_Frame0136_ForcepToReference-SequenceTransform =-0.49733 -0.773091 -0.393691 -0.133355 0.851751 -0.521339 -0.0522205 258.894 -0.164875 -0.361298 0.917758 36.6053 0 0 0 1 
Seq_Frame0136_ForcepToReference-SequenceTransformStatus = OK
Seq_Frame0136_Timestamp = 18.067
Seq_Frame0137_ForcepToReference-SequenceTransform =-0.50999 -0.755923 -0.410476 1.6027 0.8482 -0.521302 -0.0938172 261.719 -0.143064 -0.396012 0.907032 40.8156 0 0 0 1 
Seq_Frame0137_ForcepToReference-SequenceTransformStatus = OK
Seq_Frame0137_Timestamp = 18.174
Seq_Frame0138_ForcepToReference-SequenceTransform =-0.488547 -0.805343 -0.335775 2.30969 0.865642 -0.495646 -0.0707078 263.395 -0.109482 -0.325205 0.939285 40.0905 0 0 0 1 
Seq_Frame0138_ForcepToReference-SequenceTransformStatus = OK
Seq_Frame0138_Timestamp = 18.282
Seq_Frame0139_ForcepToReference-SequenceTransform =-0.441361 -0.821834 -0.360263 4.19103 0.888315 -0.456932 -0.0459263 263.297 -0.126872 -0.340297 0.93172 41.733 0 0 0 1 
Seq_Frame0139_ForcepToReference-SequenceTransformStatus = OK
Seq_Frame0139_Timestamp = 18.388
Seq_Frame0140_ForcepToReference-SequenceTransform =-0.414832 -0.833325 -0.365355 4.54581 0.904872 -0.41997 -0.0695167 263.02 -0.0955081 -0.359437 0.928269 43.882 0 0 0 1 
Seq_Frame0140_ForcepToReference-SequenceTransformStatus = OK
Seq_Frame0140_Timestamp = 18.499
Seq_Frame0141_ForcepToReference-SequenceTransform =-0.393638 -0.835072 -0.384324 5.95141 0.914639 -0.397676 -0.0727227 258.996 -0.0921076 -0.380144 0.92033 47.2989 0 0 0 1 
Seq_Frame0141_ForcepToReference-SequenceTransformStatus = OK
Seq_Frame0141_Timestamp = 18.608
Seq_Frame0142_ForcepToReference-SequenceTransform =-0.363222 -0.890367 -0.274439 7.32199 0.927626 -0.373112 -0.0172263 255.009 -0.087059 -0.260834 0.96145 42.2675 0 0 0 1 
Seq_Frame0142_ForcepToReference-SequenceTransformStatus = OK
Seq_Frame0142_Timestamp = 18.718
Seq_Frame0143_ForcepToReference-SequenceTransform =-0.691291 0.116865 0.713063 10.238 -0.277674 0.868096 -0.411469 249.596 -0.667093 -0.482443 -0.567657 37.8239 0 0 0 1 
Seq_Frame0143_ForcepToReference-SequenceTransformStatus = OK
Seq_Frame0143_Timestamp = 18.932
Seq_Frame0144_ForcepToReference-SequenceTransform =-0.717297 0.115791 0.687078 11.1351 -0.261183 0.869511 -0.419206 249.871 -0.645963 -0.480149 -0.593455 35.9285 0 0 0 1 
Seq_Frame0144_ForcepToReference-SequenceTransformStatus = OK
Seq_Frame0144_Timestamp = 19.043
Seq_Frame0145_ForcepToReference-SequenceTransform =-0.68098 0.147651 0.717262 10.8945 -0.253363 0.871468 -0.419941 249.987 -0.687076 -0.467699 -0.556043 36.5697 0 0 0 1 
Seq_Frame0145_ForcepToReference-SequenceTransformStatus = OK
Seq_Frame0145_Timestamp = 19.148
Seq_Frame0146_ForcepToReference-SequenceTransform =-0.618344 0.165348 0.768317 11.0207 -0.2516 0.884517 -0.392844 251.04 -0.744545 -0.436221 -0.505335 38.9207 0 0 0 1 
Seq_Frame0146_ForcepToReference-SequenceTransformStatus = OK
Seq_Frame0146_Timestamp = 19.259
Seq_Frame0147_ForcepToReference-SequenceTransform =-0.620655 0.160453 0.767491 11.3154 -0.253182 0.885393 -0.389845 252.507 -0.742082 -0.436274 -0.5089 40.1091 0 0 0 1 
Seq_Frame0147_ForcepToReference-SequenceTransformStatus = OK
Seq_Frame0147_Timestamp = 19.365
Seq_Frame0148_ForcepToReference-SequenceTransform =-0.679471 0.1353 0.721119 12.2054 -0.230791 0.893546 -0.385113 254.181 -0.696458 -0.428101 -0.575913 39.8064 0 0 0 1 
Seq_Frame0148_ForcepToReference-SequenceTransformStatus = OK
Seq_Frame0148_Timestamp = 19.476
Seq_Frame0149_ForcepToReference-SequenceTransform =-0.693197 0.123884 0.710021 11.8094 -0.225921 0.898124 -0.377271 255.039 -0.684425 -0.421932 -0.594589 40.1453 0 0 0 1 
