ObjectType = Image
NDims = 3
AnatomicalOrientation = RAI
BinaryData = True
CompressedData = False
DimSize = 0 0 2562
ElementSpacing = 1 1 1
Offset = 0 0 0
TransformMatrix = 1 0 0 0 1 0 0 0 1
ElementType = MET_UCHAR
Kinds = domain domain list
Seq_Frame0000_DriverToReference-SequenceTransform =0.307575 0.943372 -0.124285 160.606 -0.564553 0.0757824 -0.821911 0.0698528 -0.765949 0.322964 0.555892 5.26466 0 0 0 1 
Seq_Frame0000_DriverToReference-SequenceTransformStatus = OK
Seq_Frame0000_Timestamp = 0.00400019
Seq_Frame0001_DriverToReference-SequenceTransform =0.309383 0.942192 -0.128672 160.588 -0.564996 0.0732904 -0.821832 -0.0594102 -0.764893 0.32696 0.55501 5.31724 0 0 0 1 
Seq_Frame0001_DriverToReference-SequenceTransformStatus = OK
Seq_Frame0001_Timestamp = 0.11
Seq_Frame0002_DriverToReference-SequenceTransform =0.309613 0.942159 -0.128358 160.585 -0.565153 0.0737768 -0.821681 0.00060398 -0.764684 0.326945 0.555306 5.2997 0 0 0 1 
Seq_Frame0002_DriverToReference-SequenceTransformStatus = OK
Seq_Frame0002_Timestamp = 0.211
Seq_Frame0003_DriverToReference-SequenceTransform =0.30644 0.944169 -0.120997 160.589 -0.569184 0.0798652 -0.818322 -0.0607072 -0.762971 0.319636 0.561879 5.30541 0 0 0 1 
Seq_Frame0003_DriverToReference-SequenceTransformStatus = OK
Seq_Frame0003_Timestamp = 0.322
Seq_Frame0004_DriverToReference-SequenceTransform =0.409777 0.862911 -0.29575 159.181 -0.597178 0.00869188 -0.802062 0.296527 -0.689537 0.505282 0.518873 -0.516555 0 0 0 1 
Seq_Frame0004_DriverToReference-SequenceTransformStatus = OK
Seq_Frame0004_Timestamp = 0.432
Seq_Frame0005_DriverToReference-SequenceTransform =0.409777 0.862911 -0.29575 159.181 -0.597178 0.00869188 -0.802062 0.296527 -0.689537 0.505282 0.518873 -0.516555 0 0 0 1 
Seq_Frame0005_DriverToReference-SequenceTransformStatus = OK
Seq_Frame0005_Timestamp = 0.541
Seq_Frame0006_DriverToReference-SequenceTransform =0.409777 0.862911 -0.29575 159.181 -0.597178 0.00869188 -0.802062 0.296527 -0.689537 0.505282 0.518873 -0.516555 0 0 0 1 
Seq_Frame0006_DriverToReference-SequenceTransformStatus = OK
Seq_Frame0006_Timestamp = 0.651
Seq_Frame0007_DriverToReference-SequenceTransform =0.409777 0.862911 -0.29575 159.181 -0.597178 0.00869188 -0.802062 0.296527 -0.689537 0.505282 0.518873 -0.516555 0 0 0 1 
Seq_Frame0007_DriverToReference-SequenceTransformStatus = OK
Seq_Frame0007_Timestamp = 0.752
Seq_Frame0008_DriverToReference-SequenceTransform =0.409777 0.862911 -0.29575 159.181 -0.597178 0.00869188 -0.802062 0.296527 -0.689537 0.505282 0.518873 -0.516555 0 0 0 1 
Seq_Frame0008_DriverToReference-SequenceTransformStatus = OK
Seq_Frame0008_Timestamp = 0.853
Seq_Frame0009_DriverToReference-SequenceTransform =0.409777 0.862911 -0.29575 159.181 -0.597178 0.00869188 -0.802062 0.296527 -0.689537 0.505282 0.518873 -0.516555 0 0 0 1 
Seq_Frame0009_DriverToReference-SequenceTransformStatus = OK
Seq_Frame0009_Timestamp = 0.958
Seq_Frame0010_DriverToReference-SequenceTransform =0.409777 0.862911 -0.29575 159.181 -0.597178 0.00869188 -0.802062 0.296527 -0.689537 0.505282 0.518873 -0.516555 0 0 0 1 
Seq_Frame0010_DriverToReference-SequenceTransformStatus = OK
Seq_Frame0010_Timestamp = 1.066
Seq_Frame0011_DriverToReference-SequenceTransform =0.409777 0.862911 -0.29575 159.181 -0.597178 0.00869188 -0.802062 0.296527 -0.689537 0.505282 0.518873 -0.516555 0 0 0 1 
Seq_Frame0011_DriverToReference-SequenceTransformStatus = OK
Seq_Frame0011_Timestamp = 1.179
Seq_Frame0012_DriverToReference-SequenceTransform =0.409777 0.862911 -0.29575 159.181 -0.597178 0.00869188 -0.802062 0.296527 -0.689537 0.505282 0.518873 -0.516555 0 0 0 1 
Seq_Frame0012_DriverToReference-SequenceTransformStatus = OK
Seq_Frame0012_Timestamp = 1.283
Seq_Frame0013_DriverToReference-SequenceTransform =0.409777 0.862911 -0.29575 159.181 -0.597178 0.00869188 -0.802062 0.296527 -0.689537 0.505282 0.518873 -0.516555 0 0 0 1 
Seq_Frame0013_DriverToReference-SequenceTransformStatus = OK
Seq_Frame0013_Timestamp = 1.383
Seq_Frame0014_DriverToReference-SequenceTransform =0.409777 0.862911 -0.29575 159.181 -0.597178 0.00869188 -0.802062 0.296527 -0.689537 0.505282 0.518873 -0.516555 0 0 0 1 
Seq_Frame0014_DriverToReference-SequenceTransformStatus = OK
Seq_Frame0014_Timestamp = 1.484
Seq_Frame0015_DriverToReference-SequenceTransform =0.409777 0.862911 -0.29575 159.181 -0.597178 0.00869188 -0.802062 0.296527 -0.689537 0.505282 0.518873 -0.516555 0 0 0 1 
Seq_Frame0015_DriverToReference-SequenceTransformStatus = OK
Seq_Frame0015_Timestamp = 1.593
Seq_Frame0016_DriverToReference-SequenceTransform =0.409777 0.862911 -0.29575 159.181 -0.597178 0.00869188 -0.802062 0.296527 -0.689537 0.505282 0.518873 -0.516555 0 0 0 1 
Seq_Frame0016_DriverToReference-SequenceTransformStatus = OK
Seq_Frame0016_Timestamp = 1.695
Seq_Frame0017_DriverToReference-SequenceTransform =0.409777 0.862911 -0.29575 159.181 -0.597178 0.00869188 -0.802062 0.296527 -0.689537 0.505282 0.518873 -0.516555 0 0 0 1 
Seq_Frame0017_DriverToReference-SequenceTransformStatus = OK
Seq_Frame0017_Timestamp = 1.798
Seq_Frame0018_DriverToReference-SequenceTransform =0.409777 0.862911 -0.29575 159.181 -0.597178 0.00869188 -0.802062 0.296527 -0.689537 0.505282 0.518873 -0.516555 0 0 0 1 
Seq_Frame0018_DriverToReference-SequenceTransformStatus = OK
Seq_Frame0018_Timestamp = 1.902
Seq_Frame0019_DriverToReference-SequenceTransform =0.409777 0.862911 -0.29575 159.181 -0.597178 0.00869188 -0.802062 0.296527 -0.689537 0.505282 0.518873 -0.516555 0 0 0 1 
Seq_Frame0019_DriverToReference-SequenceTransformStatus = OK
Seq_Frame0019_Timestamp = 2.005
Seq_Frame0020_DriverToReference-SequenceTransform =0.409777 0.862911 -0.29575 159.181 -0.597178 0.00869188 -0.802062 0.296527 -0.689537 0.505282 0.518873 -0.516555 0 0 0 1 
Seq_Frame0020_DriverToReference-SequenceTransformStatus = OK
Seq_Frame0020_Timestamp = 2.115
Seq_Frame0021_DriverToReference-SequenceTransform =0.409777 0.862911 -0.29575 159.181 -0.597178 0.00869188 -0.802062 0.296527 -0.689537 0.505282 0.518873 -0.516555 0 0 0 1 
Seq_Frame0021_DriverToReference-SequenceTransformStatus = OK
Seq_Frame0021_Timestamp = 2.215
Seq_Frame0022_DriverToReference-SequenceTransform =0.409777 0.862911 -0.29575 159.181 -0.597178 0.00869188 -0.802062 0.296527 -0.689537 0.505282 0.518873 -0.516555 0 0 0 1 
Seq_Frame0022_DriverToReference-SequenceTransformStatus = OK
Seq_Frame0022_Timestamp = 2.319
Seq_Frame0023_DriverToReference-SequenceTransform =0.409777 0.862911 -0.29575 159.181 -0.597178 0.00869188 -0.802062 0.296527 -0.689537 0.505282 0.518873 -0.516555 0 0 0 1 
Seq_Frame0023_DriverToReference-SequenceTransformStatus = OK
Seq_Frame0023_Timestamp = 2.419
Seq_Frame0024_DriverToReference-SequenceTransform =0.409777 0.862911 -0.29575 159.181 -0.597178 0.00869188 -0.802062 0.296527 -0.689537 0.505282 0.518873 -0.516555 0 0 0 1 
Seq_Frame0024_DriverToReference-SequenceTransformStatus = OK
Seq_Frame0024_Timestamp = 2.522
Seq_Frame0025_DriverToReference-SequenceTransform =-0.609024 -0.56125 -0.560436 167.838 -0.778419 0.287394 0.558094 220.694 -0.152165 0.776146 -0.611918 -25.0486 0 0 0 1 
Seq_Frame0025_DriverToReference-SequenceTransformStatus = OK
Seq_Frame0025_Timestamp = 2.626
Seq_Frame0026_DriverToReference-SequenceTransform =-0.667444 -0.57593 -0.472041 175.878 -0.73833 0.429345 0.520127 213.604 -0.0968877 0.695678 -0.71179 -28.5202 0 0 0 1 
Seq_Frame0026_DriverToReference-SequenceTransformStatus = OK
Seq_Frame0026_Timestamp = 2.727
Seq_Frame0027_DriverToReference-SequenceTransform =-0.701276 -0.567313 -0.431704 178.451 -0.705688 0.466571 0.533213 211.216 -0.101078 0.678578 -0.72754 -30.997 0 0 0 1 
Seq_Frame0027_DriverToReference-SequenceTransformStatus = OK
Seq_Frame0027_Timestamp = 2.835
Seq_Frame0028_DriverToReference-SequenceTransform =-0.69881 -0.542919 -0.465728 175.386 -0.707262 0.427058 0.563385 216.42 -0.10698 0.723091 -0.682418 -36.3757 0 0 0 1 
Seq_Frame0028_DriverToReference-SequenceTransformStatus = OK
Seq_Frame0028_Timestamp = 2.942
Seq_Frame0029_DriverToReference-SequenceTransform =-0.975108 -0.136055 -0.17508 175.056 -0.220139 0.49965 0.837788 238.975 -0.0265069 0.855476 -0.517164 -27.4552 0 0 0 1 
Seq_Frame0029_DriverToReference-SequenceTransformStatus = OK
Seq_Frame0029_Timestamp = 3.573
Seq_Frame0030_DriverToReference-SequenceTransform =-0.971374 -0.158729 -0.17674 169.661 -0.234072 0.512618 0.826095 244.371 -0.0405253 0.843817 -0.535098 -29.6268 0 0 0 1 
Seq_Frame0030_DriverToReference-SequenceTransformStatus = OK
Seq_Frame0030_Timestamp = 3.684
Seq_Frame0031_DriverToReference-SequenceTransform =-0.984557 -0.118901 -0.128491 165.32 -0.173642 0.569892 0.803163 239.673 -0.0222705 0.813072 -0.581738 -29.8359 0 0 0 1 
Seq_Frame0031_DriverToReference-SequenceTransformStatus = OK
Seq_Frame0031_Timestamp = 3.785
Seq_Frame0032_DriverToReference-SequenceTransform =-0.993405 -0.0806877 -0.081463 160.741 -0.113798 0.606918 0.786575 233.648 -0.0140255 0.790658 -0.612098 -30.1322 0 0 0 1 
Seq_Frame0032_DriverToReference-SequenceTransformStatus = OK
Seq_Frame0032_Timestamp = 3.886
Seq_Frame0033_DriverToReference-SequenceTransform =-0.995132 -0.0891272 -0.0420484 155.116 -0.0882908 0.616785 0.782164 227.755 -0.0437773 0.782069 -0.621652 -31.1893 0 0 0 1 
Seq_Frame0033_DriverToReference-SequenceTransformStatus = OK
Seq_Frame0033_Timestamp = 3.994
Seq_Frame0034_DriverToReference-SequenceTransform =-0.996796 -0.076464 -0.0234638 152.064 -0.0659427 0.619639 0.782112 221.467 -0.0452643 0.781153 -0.622696 -32.1346 0 0 0 1 
Seq_Frame0034_DriverToReference-SequenceTransformStatus = OK
Seq_Frame0034_Timestamp = 4.102
Seq_Frame0035_DriverToReference-SequenceTransform =-0.998558 -0.0387392 0.0371648 149.815 0.00574839 0.611153 0.791492 214.291 -0.0533751 0.790564 -0.610049 -32.5432 0 0 0 1 
Seq_Frame0035_DriverToReference-SequenceTransformStatus = OK
Seq_Frame0035_Timestamp = 4.202
Seq_Frame0036_DriverToReference-SequenceTransform =-0.996197 -0.035928 0.0793818 145.055 0.0450736 0.567186 0.822355 214.212 -0.0745699 0.822806 -0.563409 -31.4737 0 0 0 1 
Seq_Frame0036_DriverToReference-SequenceTransformStatus = OK
Seq_Frame0036_Timestamp = 4.31
Seq_Frame0037_DriverToReference-SequenceTransform =-0.998281 -0.0571312 0.0130813 136.752 -0.0167357 0.491765 0.870567 221.335 -0.0561695 0.868852 -0.491875 -30.4027 0 0 0 1 
Seq_Frame0037_DriverToReference-SequenceTransformStatus = OK
Seq_Frame0037_Timestamp = 4.418
Seq_Frame0038_DriverToReference-SequenceTransform =-0.993959 -0.0910667 -0.0612598 130.874 -0.0956158 0.444455 0.890684 225.929 -0.0538844 0.89116 -0.450477 -30.0491 0 0 0 1 
Seq_Frame0038_DriverToReference-SequenceTransformStatus = OK
Seq_Frame0038_Timestamp = 4.519
Seq_Frame0039_DriverToReference-SequenceTransform =-0.976046 -0.119796 -0.181613 134.075 -0.216286 0.443914 0.869575 233.389 -0.0235511 0.888026 -0.45919 -30.901 0 0 0 1 
Seq_Frame0039_DriverToReference-SequenceTransformStatus = OK
Seq_Frame0039_Timestamp = 4.619
Seq_Frame0040_DriverToReference-SequenceTransform =-0.92816 -0.190803 -0.319552 141.443 -0.371852 0.439306 0.817763 242.335 -0.0156505 0.877841 -0.478697 -18.9085 0 0 0 1 
Seq_Frame0040_DriverToReference-SequenceTransformStatus = OK
Seq_Frame0040_Timestamp = 4.72
Seq_Frame0041_DriverToReference-SequenceTransform =-0.895041 -0.208385 -0.394305 149.723 -0.444501 0.488842 0.750635 245.98 0.0363314 0.847118 -0.530161 13.1772 0 0 0 1 
Seq_Frame0041_DriverToReference-SequenceTransformStatus = OK
Seq_Frame0041_Timestamp = 4.82
Seq_Frame0042_DriverToReference-SequenceTransform =-0.818129 -0.238924 -0.52305 149.78 -0.557882 0.550297 0.621241 244.567 0.139403 0.800055 -0.583505 45.167 0 0 0 1 
Seq_Frame0042_DriverToReference-SequenceTransformStatus = OK
Seq_Frame0042_Timestamp = 4.927
Seq_Frame0043_DriverToReference-SequenceTransform =-0.689506 -0.244892 -0.681622 137.531 -0.669918 0.573355 0.471672 242.913 0.275302 0.781852 -0.559389 73.0967 0 0 0 1 
Seq_Frame0043_DriverToReference-SequenceTransformStatus = OK
Seq_Frame0043_Timestamp = 5.034
Seq_Frame0044_DriverToReference-SequenceTransform =-0.659223 -0.246748 -0.710311 133.139 -0.668619 0.624565 0.403568 244.353 0.344056 0.740968 -0.576708 80.1183 0 0 0 1 
Seq_Frame0044_DriverToReference-SequenceTransformStatus = OK
Seq_Frame0044_Timestamp = 5.142
Seq_Frame0045_DriverToReference-SequenceTransform =-0.523865 -0.296008 -0.798714 116.709 -0.780962 0.541289 0.311617 235.773 0.340094 0.787011 -0.514733 108.199 0 0 0 1 
Seq_Frame0045_DriverToReference-SequenceTransformStatus = OK
Seq_Frame0045_Timestamp = 6.363
Seq_Frame0046_DriverToReference-SequenceTransform =-0.49797 -0.323845 -0.804457 114.032 -0.786774 0.558853 0.26205 235.943 0.36471 0.763418 -0.533085 103.551 0 0 0 1 
Seq_Frame0046_DriverToReference-SequenceTransformStatus = OK
Seq_Frame0046_Timestamp = 6.476
Seq_Frame0047_DriverToReference-SequenceTransform =-0.494329 -0.320834 -0.807902 112.363 -0.780764 0.572464 0.250387 234.271 0.382162 0.754553 -0.533481 104.271 0 0 0 1 
Seq_Frame0047_DriverToReference-SequenceTransformStatus = OK
Seq_Frame0047_Timestamp = 6.577
Seq_Frame0048_DriverToReference-SequenceTransform =-0.537233 -0.265332 -0.800612 110.152 -0.728812 0.623804 0.282317 233.518 0.424517 0.735165 -0.528505 104.579 0 0 0 1 
Seq_Frame0048_DriverToReference-SequenceTransformStatus = OK
Seq_Frame0048_Timestamp = 6.685
Seq_Frame0049_DriverToReference-SequenceTransform =-0.550629 -0.242473 -0.798758 109.777 -0.695743 0.662042 0.278644 232.494 0.461248 0.70916 -0.533238 105.519 0 0 0 1 
Seq_Frame0049_DriverToReference-SequenceTransformStatus = OK
Seq_Frame0049_Timestamp = 6.797
Seq_Frame0050_DriverToReference-SequenceTransform =-0.534817 -0.215467 -0.817034 104.073 -0.662068 0.707656 0.246756 223.045 0.525011 0.672901 -0.521121 103.604 0 0 0 1 
Seq_Frame0050_DriverToReference-SequenceTransformStatus = OK
Seq_Frame0050_Timestamp = 6.898
Seq_Frame0051_DriverToReference-SequenceTransform =-0.516374 -0.218424 -0.828039 92.7785 -0.589267 0.79224 0.158493 198.72 0.621387 0.569778 -0.537802 76.5056 0 0 0 1 
Seq_Frame0051_DriverToReference-SequenceTransformStatus = OK
Seq_Frame0051_Timestamp = 7.758
Seq_Frame0052_DriverToReference-SequenceTransform =-0.509207 -0.18334 -0.840889 88.9286 -0.5644 0.808752 0.165444 189.605 0.649738 0.558844 -0.5153 84.7921 0 0 0 1 
Seq_Frame0052_DriverToReference-SequenceTransformStatus = OK
Seq_Frame0052_Timestamp = 7.865
Seq_Frame0053_DriverToReference-SequenceTransform =-0.368847 -0.108219 -0.923169 71.9459 -0.601957 0.784592 0.148535 193.355 0.708237 0.610494 -0.354538 80.9876 0 0 0 1 
Seq_Frame0053_DriverToReference-SequenceTransformStatus = OK
Seq_Frame0053_Timestamp = 7.965
Seq_Frame0054_DriverToReference-SequenceTransform =-0.368847 -0.108219 -0.923169 71.9459 -0.601957 0.784592 0.148535 193.355 0.708237 0.610494 -0.354538 80.9876 0 0 0 1 
Seq_Frame0054_DriverToReference-SequenceTransformStatus = OK
Seq_Frame0054_Timestamp = 8.074
Seq_Frame0055_DriverToReference-SequenceTransform =-0.368847 -0.108219 -0.923169 71.9459 -0.601957 0.784592 0.148535 193.355 0.708237 0.610494 -0.354538 80.9876 0 0 0 1 
Seq_Frame0055_DriverToReference-SequenceTransformStatus = OK
Seq_Frame0055_Timestamp = 8.185
Seq_Frame0056_DriverToReference-SequenceTransform =-0.368847 -0.108219 -0.923169 71.9459 -0.601957 0.784592 0.148535 193.355 0.708237 0.610494 -0.354538 80.9876 0 0 0 1 
Seq_Frame0056_DriverToReference-SequenceTransformStatus = OK
Seq_Frame0056_Timestamp = 8.293
Seq_Frame0057_DriverToReference-SequenceTransform =-0.368847 -0.108219 -0.923169 71.9459 -0.601957 0.784592 0.148535 193.355 0.708237 0.610494 -0.354538 80.9876 0 0 0 1 
Seq_Frame0057_DriverToReference-SequenceTransformStatus = OK
Seq_Frame0057_Timestamp = 9.387
Seq_Frame0058_DriverToReference-SequenceTransform =-0.368847 -0.108219 -0.923169 71.9459 -0.601957 0.784592 0.148535 193.355 0.708237 0.610494 -0.354538 80.9876 0 0 0 1 
Seq_Frame0058_DriverToReference-SequenceTransformStatus = OK
Seq_Frame0058_Timestamp = 9.501
Seq_Frame0059_DriverToReference-SequenceTransform =-0.368847 -0.108219 -0.923169 71.9459 -0.601957 0.784592 0.148535 193.355 0.708237 0.610494 -0.354538 80.9876 0 0 0 1 
Seq_Frame0059_DriverToReference-SequenceTransformStatus = OK
Seq_Frame0059_Timestamp = 9.61
Seq_Frame0060_DriverToReference-SequenceTransform =-0.368847 -0.108219 -0.923169 71.9459 -0.601957 0.784592 0.148535 193.355 0.708237 0.610494 -0.354538 80.9876 0 0 0 1 
Seq_Frame0060_DriverToReference-SequenceTransformStatus = OK
Seq_Frame0060_Timestamp = 9.711
Seq_Frame0061_DriverToReference-SequenceTransform =-0.368847 -0.108219 -0.923169 71.9459 -0.601957 0.784592 0.148535 193.355 0.708237 0.610494 -0.354538 80.9876 0 0 0 1 
Seq_Frame0061_DriverToReference-SequenceTransformStatus = OK
Seq_Frame0061_Timestamp = 9.812
Seq_Frame0062_DriverToReference-SequenceTransform =-0.368847 -0.108219 -0.923169 71.9459 -0.601957 0.784592 0.148535 193.355 0.708237 0.610494 -0.354538 80.9876 0 0 0 1 
Seq_Frame0062_DriverToReference-SequenceTransformStatus = OK
Seq_Frame0062_Timestamp = 9.913
Seq_Frame0063_DriverToReference-SequenceTransform =-0.368847 -0.108219 -0.923169 71.9459 -0.601957 0.784592 0.148535 193.355 0.708237 0.610494 -0.354538 80.9876 0 0 0 1 
Seq_Frame0063_DriverToReference-SequenceTransformStatus = OK
Seq_Frame0063_Timestamp = 10.016
Seq_Frame0064_DriverToReference-SequenceTransform =-0.368847 -0.108219 -0.923169 71.9459 -0.601957 0.784592 0.148535 193.355 0.708237 0.610494 -0.354538 80.9876 0 0 0 1 
Seq_Frame0064_DriverToReference-SequenceTransformStatus = OK
Seq_Frame0064_Timestamp = 10.126
Seq_Frame0065_DriverToReference-SequenceTransform =0.636292 -0.280631 0.718595 151.72 -0.285463 0.779719 0.55727 279.247 -0.716689 -0.559719 0.416019 208.779 0 0 0 1 
Seq_Frame0065_DriverToReference-SequenceTransformStatus = OK
Seq_Frame0065_Timestamp = 10.228
Seq_Frame0066_DriverToReference-SequenceTransform =0.730589 -0.350247 0.586145 192.709 -0.165743 0.741785 0.649834 324.234 -0.662396 -0.571912 0.483889 244.811 0 0 0 1 
Seq_Frame0066_DriverToReference-SequenceTransformStatus = OK
Seq_Frame0066_Timestamp = 10.331
Seq_Frame0067_DriverToReference-SequenceTransform =0.816038 -0.33088 0.473921 220.752 -0.0971317 0.729771 0.676757 360.561 -0.569779 -0.598292 0.563382 279.657 0 0 0 1 
Seq_Frame0067_DriverToReference-SequenceTransformStatus = OK
Seq_Frame0067_Timestamp = 10.434
Seq_Frame0068_DriverToReference-SequenceTransform =0.879376 -0.291033 0.376826 256.248 -0.0461334 0.735633 0.675807 395.663 -0.473888 -0.611673 0.633472 304.557 0 0 0 1 
Seq_Frame0068_DriverToReference-SequenceTransformStatus = OK
Seq_Frame0068_Timestamp = 10.54
Seq_Frame0069_DriverToReference-SequenceTransform =0.880616 -0.365543 0.301485 290.486 0.070819 0.730664 0.679054 443.561 -0.468508 -0.576636 0.669322 306.261 0 0 0 1 
Seq_Frame0069_DriverToReference-SequenceTransformStatus = OK
Seq_Frame0069_Timestamp = 10.651
Seq_Frame0070_DriverToReference-SequenceTransform =0.851088 -0.482911 0.206026 310.977 0.248939 0.716672 0.651469 508.844 -0.462254 -0.503169 0.730166 294.914 0 0 0 1 
Seq_Frame0070_DriverToReference-SequenceTransformStatus = OK
Seq_Frame0070_Timestamp = 10.751
Seq_Frame0071_DriverToReference-SequenceTransform =0.818516 -0.550995 0.162593 318.047 0.334636 0.687341 0.644655 547.084 -0.466959 -0.473251 0.746983 286.145 0 0 0 1 
Seq_Frame0071_DriverToReference-SequenceTransformStatus = OK
Seq_Frame0071_Timestamp = 10.854
Seq_Frame0072_DriverToReference-SequenceTransform =0.788246 -0.615063 0.0191265 315.866 0.432392 0.575721 0.693961 551.935 -0.437841 -0.538742 0.719758 282.787 0 0 0 1 
Seq_Frame0072_DriverToReference-SequenceTransformStatus = OK
Seq_Frame0072_Timestamp = 10.969
Seq_Frame0073_DriverToReference-SequenceTransform =0.809313 -0.573384 0.127449 282.632 0.26253 0.547208 0.794759 461.892 -0.525443 -0.609749 0.593393 280.862 0 0 0 1 
Seq_Frame0073_DriverToReference-SequenceTransformStatus = OK
Seq_Frame0073_Timestamp = 11.086
Seq_Frame0074_DriverToReference-SequenceTransform =0.807567 -0.468353 0.358442 223.199 -0.0253179 0.579669 0.814458 356.435 -0.589232 -0.666805 0.456264 278.487 0 0 0 1 
Seq_Frame0074_DriverToReference-SequenceTransformStatus = OK
Seq_Frame0074_Timestamp = 11.187
Seq_Frame0075_DriverToReference-SequenceTransform =0.767672 -0.387423 0.510473 164.983 -0.205017 0.606229 0.76841 282.288 -0.607163 -0.694543 0.385957 268.922 0 0 0 1 
Seq_Frame0075_DriverToReference-SequenceTransformStatus = OK
Seq_Frame0075_Timestamp = 11.292
Seq_Frame0076_DriverToReference-SequenceTransform =0.659416 -0.443267 0.607194 141.794 -0.267568 0.616408 0.740573 262.16 -0.702551 -0.650812 0.287865 264.03 0 0 0 1 
Seq_Frame0076_DriverToReference-SequenceTransformStatus = OK
Seq_Frame0076_Timestamp = 11.392
Seq_Frame0077_DriverToReference-SequenceTransform =0.659416 -0.443267 0.607194 141.794 -0.267568 0.616408 0.740573 262.16 -0.702551 -0.650812 0.287865 264.03 0 0 0 1 
Seq_Frame0077_DriverToReference-SequenceTransformStatus = OK
Seq_Frame0077_Timestamp = 11.501
Seq_Frame0078_DriverToReference-SequenceTransform =0.659416 -0.443267 0.607194 141.794 -0.267568 0.616408 0.740573 262.16 -0.702551 -0.650812 0.287865 264.03 0 0 0 1 
Seq_Frame0078_DriverToReference-SequenceTransformStatus = OK
Seq_Frame0078_Timestamp = 11.609
Seq_Frame0079_DriverToReference-SequenceTransform =0.659416 -0.443267 0.607194 141.794 -0.267568 0.616408 0.740573 262.16 -0.702551 -0.650812 0.287865 264.03 0 0 0 1 
Seq_Frame0079_DriverToReference-SequenceTransformStatus = OK
Seq_Frame0079_Timestamp = 11.711
Seq_Frame0080_DriverToReference-SequenceTransform =0.659416 -0.443267 0.607194 141.794 -0.267568 0.616408 0.740573 262.16 -0.702551 -0.650812 0.287865 264.03 0 0 0 1 
Seq_Frame0080_DriverToReference-SequenceTransformStatus = OK
Seq_Frame0080_Timestamp = 11.814
Seq_Frame0081_DriverToReference-SequenceTransform =0.659416 -0.443267 0.607194 141.794 -0.267568 0.616408 0.740573 262.16 -0.702551 -0.650812 0.287865 264.03 0 0 0 1 
Seq_Frame0081_DriverToReference-SequenceTransformStatus = OK
Seq_Frame0081_Timestamp = 11.918
Seq_Frame0082_DriverToReference-SequenceTransform =0.659416 -0.443267 0.607194 141.794 -0.267568 0.616408 0.740573 262.16 -0.702551 -0.650812 0.287865 264.03 0 0 0 1 
Seq_Frame0082_DriverToReference-SequenceTransformStatus = OK
Seq_Frame0082_Timestamp = 12.027
Seq_Frame0083_DriverToReference-SequenceTransform =0.659416 -0.443267 0.607194 141.794 -0.267568 0.616408 0.740573 262.16 -0.702551 -0.650812 0.287865 264.03 0 0 0 1 
Seq_Frame0083_DriverToReference-SequenceTransformStatus = OK
Seq_Frame0083_Timestamp = 12.135
Seq_Frame0084_DriverToReference-SequenceTransform =0.659416 -0.443267 0.607194 141.794 -0.267568 0.616408 0.740573 262.16 -0.702551 -0.650812 0.287865 264.03 0 0 0 1 
Seq_Frame0084_DriverToReference-SequenceTransformStatus = OK
Seq_Frame0084_Timestamp = 12.236
Seq_Frame0085_DriverToReference-SequenceTransform =0.659416 -0.443267 0.607194 141.794 -0.267568 0.616408 0.740573 262.16 -0.702551 -0.650812 0.287865 264.03 0 0 0 1 
Seq_Frame0085_DriverToReference-SequenceTransformStatus = OK
Seq_Frame0085_Timestamp = 12.347
Seq_Frame0086_DriverToReference-SequenceTransform =0.659416 -0.443267 0.607194 141.794 -0.267568 0.616408 0.740573 262.16 -0.702551 -0.650812 0.287865 264.03 0 0 0 1 
Seq_Frame0086_DriverToReference-SequenceTransformStatus = OK
Seq_Frame0086_Timestamp = 12.449
Seq_Frame0087_DriverToReference-SequenceTransform =0.659416 -0.443267 0.607194 141.794 -0.267568 0.616408 0.740573 262.16 -0.702551 -0.650812 0.287865 264.03 0 0 0 1 
Seq_Frame0087_DriverToReference-SequenceTransformStatus = OK
Seq_Frame0087_Timestamp = 12.553
Seq_Frame0088_DriverToReference-SequenceTransform =0.659416 -0.443267 0.607194 141.794 -0.267568 0.616408 0.740573 262.16 -0.702551 -0.650812 0.287865 264.03 0 0 0 1 
Seq_Frame0088_DriverToReference-SequenceTransformStatus = OK
Seq_Frame0088_Timestamp = 12.66
Seq_Frame0089_DriverToReference-SequenceTransform =0.659416 -0.443267 0.607194 141.794 -0.267568 0.616408 0.740573 262.16 -0.702551 -0.650812 0.287865 264.03 0 0 0 1 
Seq_Frame0089_DriverToReference-SequenceTransformStatus = OK
Seq_Frame0089_Timestamp = 12.768
Seq_Frame0090_DriverToReference-SequenceTransform =0.659416 -0.443267 0.607194 141.794 -0.267568 0.616408 0.740573 262.16 -0.702551 -0.650812 0.287865 264.03 0 0 0 1 
Seq_Frame0090_DriverToReference-SequenceTransformStatus = OK
Seq_Frame0090_Timestamp = 12.873
Seq_Frame0091_DriverToReference-SequenceTransform =0.659416 -0.443267 0.607194 141.794 -0.267568 0.616408 0.740573 262.16 -0.702551 -0.650812 0.287865 264.03 0 0 0 1 
Seq_Frame0091_DriverToReference-SequenceTransformStatus = OK
Seq_Frame0091_Timestamp = 12.98
Seq_Frame0092_DriverToReference-SequenceTransform =0.659416 -0.443267 0.607194 141.794 -0.267568 0.616408 0.740573 262.16 -0.702551 -0.650812 0.287865 264.03 0 0 0 1 
Seq_Frame0092_DriverToReference-SequenceTransformStatus = OK
Seq_Frame0092_Timestamp = 13.081
Seq_Frame0093_DriverToReference-SequenceTransform =0.659416 -0.443267 0.607194 141.794 -0.267568 0.616408 0.740573 262.16 -0.702551 -0.650812 0.287865 264.03 0 0 0 1 
Seq_Frame0093_DriverToReference-SequenceTransformStatus = OK
Seq_Frame0093_Timestamp = 13.186
Seq_Frame0094_DriverToReference-SequenceTransform =0.659416 -0.443267 0.607194 141.794 -0.267568 0.616408 0.740573 262.16 -0.702551 -0.650812 0.287865 264.03 0 0 0 1 
Seq_Frame0094_DriverToReference-SequenceTransformStatus = OK
Seq_Frame0094_Timestamp = 13.292
Seq_Frame0095_DriverToReference-SequenceTransform =0.659416 -0.443267 0.607194 141.794 -0.267568 0.616408 0.740573 262.16 -0.702551 -0.650812 0.287865 264.03 0 0 0 1 
Seq_Frame0095_DriverToReference-SequenceTransformStatus = OK
Seq_Frame0095_Timestamp = 13.402
Seq_Frame0096_DriverToReference-SequenceTransform =0.659416 -0.443267 0.607194 141.794 -0.267568 0.616408 0.740573 262.16 -0.702551 -0.650812 0.287865 264.03 0 0 0 1 
Seq_Frame0096_DriverToReference-SequenceTransformStatus = OK
Seq_Frame0096_Timestamp = 13.508
Seq_Frame0097_DriverToReference-SequenceTransform =0.659416 -0.443267 0.607194 141.794 -0.267568 0.616408 0.740573 262.16 -0.702551 -0.650812 0.287865 264.03 0 0 0 1 
Seq_Frame0097_DriverToReference-SequenceTransformStatus = OK
Seq_Frame0097_Timestamp = 13.619
Seq_Frame0098_DriverToReference-SequenceTransform =0.659416 -0.443267 0.607194 141.794 -0.267568 0.616408 0.740573 262.16 -0.702551 -0.650812 0.287865 264.03 0 0 0 1 
Seq_Frame0098_DriverToReference-SequenceTransformStatus = OK
Seq_Frame0098_Timestamp = 13.721
Seq_Frame0099_DriverToReference-SequenceTransform =0.659416 -0.443267 0.607194 141.794 -0.267568 0.616408 0.740573 262.16 -0.702551 -0.650812 0.287865 264.03 0 0 0 1 
Seq_Frame0099_DriverToReference-SequenceTransformStatus = OK
Seq_Frame0099_Timestamp = 13.833
Seq_Frame0100_DriverToReference-SequenceTransform =0.659416 -0.443267 0.607194 141.794 -0.267568 0.616408 0.740573 262.16 -0.702551 -0.650812 0.287865 264.03 0 0 0 1 
Seq_Frame0100_DriverToReference-SequenceTransformStatus = OK
Seq_Frame0100_Timestamp = 13.937
Seq_Frame0101_DriverToReference-SequenceTransform =0.659416 -0.443267 0.607194 141.794 -0.267568 0.616408 0.740573 262.16 -0.702551 -0.650812 0.287865 264.03 0 0 0 1 
Seq_Frame0101_DriverToReference-SequenceTransformStatus = OK
Seq_Frame0101_Timestamp = 14.037
Seq_Frame0102_DriverToReference-SequenceTransform =0.659416 -0.443267 0.607194 141.794 -0.267568 0.616408 0.740573 262.16 -0.702551 -0.650812 0.287865 264.03 0 0 0 1 
Seq_Frame0102_DriverToReference-SequenceTransformStatus = OK
Seq_Frame0102_Timestamp = 14.139
Seq_Frame0103_DriverToReference-SequenceTransform =0.659416 -0.443267 0.607194 141.794 -0.267568 0.616408 0.740573 262.16 -0.702551 -0.650812 0.287865 264.03 0 0 0 1 
Seq_Frame0103_DriverToReference-SequenceTransformStatus = OK
Seq_Frame0103_Timestamp = 14.243
Seq_Frame0104_DriverToReference-SequenceTransform =0.659416 -0.443267 0.607194 141.794 -0.267568 0.616408 0.740573 262.16 -0.702551 -0.650812 0.287865 264.03 0 0 0 1 
Seq_Frame0104_DriverToReference-SequenceTransformStatus = OK
Seq_Frame0104_Timestamp = 14.345
Seq_Frame0105_DriverToReference-SequenceTransform =0.659416 -0.443267 0.607194 141.794 -0.267568 0.616408 0.740573 262.16 -0.702551 -0.650812 0.287865 264.03 0 0 0 1 
Seq_Frame0105_DriverToReference-SequenceTransformStatus = OK
Seq_Frame0105_Timestamp = 14.447
Seq_Frame0106_DriverToReference-SequenceTransform =0.659416 -0.443267 0.607194 141.794 -0.267568 0.616408 0.740573 262.16 -0.702551 -0.650812 0.287865 264.03 0 0 0 1 
Seq_Frame0106_DriverToReference-SequenceTransformStatus = OK
Seq_Frame0106_Timestamp = 14.551
Seq_Frame0107_DriverToReference-SequenceTransform =0.659416 -0.443267 0.607194 141.794 -0.267568 0.616408 0.740573 262.16 -0.702551 -0.650812 0.287865 264.03 0 0 0 1 
Seq_Frame0107_DriverToReference-SequenceTransformStatus = OK
Seq_Frame0107_Timestamp = 14.652
Seq_Frame0108_DriverToReference-SequenceTransform =0.659416 -0.443267 0.607194 141.794 -0.267568 0.616408 0.740573 262.16 -0.702551 -0.650812 0.287865 264.03 0 0 0 1 
Seq_Frame0108_DriverToReference-SequenceTransformStatus = OK
Seq_Frame0108_Timestamp = 14.754
Seq_Frame0109_DriverToReference-SequenceTransform =0.659416 -0.443267 0.607194 141.794 -0.267568 0.616408 0.740573 262.16 -0.702551 -0.650812 0.287865 264.03 0 0 0 1 
Seq_Frame0109_DriverToReference-SequenceTransformStatus = OK
Seq_Frame0109_Timestamp = 14.861
Seq_Frame0110_DriverToReference-SequenceTransform =0.659416 -0.443267 0.607194 141.794 -0.267568 0.616408 0.740573 262.16 -0.702551 -0.650812 0.287865 264.03 0 0 0 1 
Seq_Frame0110_DriverToReference-SequenceTransformStatus = OK
Seq_Frame0110_Timestamp = 14.964
Seq_Frame0111_DriverToReference-SequenceTransform =0.659416 -0.443267 0.607194 141.794 -0.267568 0.616408 0.740573 262.16 -0.702551 -0.650812 0.287865 264.03 0 0 0 1 
Seq_Frame0111_DriverToReference-SequenceTransformStatus = OK
Seq_Frame0111_Timestamp = 15.068
Seq_Frame0112_DriverToReference-SequenceTransform =0.659416 -0.443267 0.607194 141.794 -0.267568 0.616408 0.740573 262.16 -0.702551 -0.650812 0.287865 264.03 0 0 0 1 
Seq_Frame0112_DriverToReference-SequenceTransformStatus = OK
Seq_Frame0112_Timestamp = 15.176
Seq_Frame0113_DriverToReference-SequenceTransform =0.659416 -0.443267 0.607194 141.794 -0.267568 0.616408 0.740573 262.16 -0.702551 -0.650812 0.287865 264.03 0 0 0 1 
Seq_Frame0113_DriverToReference-SequenceTransformStatus = OK
Seq_Frame0113_Timestamp = 15.28
Seq_Frame0114_DriverToReference-SequenceTransform =0.659416 -0.443267 0.607194 141.794 -0.267568 0.616408 0.740573 262.16 -0.702551 -0.650812 0.287865 264.03 0 0 0 1 
Seq_Frame0114_DriverToReference-SequenceTransformStatus = OK
Seq_Frame0114_Timestamp = 15.382
Seq_Frame0115_DriverToReference-SequenceTransform =0.659416 -0.443267 0.607194 141.794 -0.267568 0.616408 0.740573 262.16 -0.702551 -0.650812 0.287865 264.03 0 0 0 1 
Seq_Frame0115_DriverToReference-SequenceTransformStatus = OK
Seq_Frame0115_Timestamp = 15.485
Seq_Frame0116_DriverToReference-SequenceTransform =0.659416 -0.443267 0.607194 141.794 -0.267568 0.616408 0.740573 262.16 -0.702551 -0.650812 0.287865 264.03 0 0 0 1 
Seq_Frame0116_DriverToReference-SequenceTransformStatus = OK
Seq_Frame0116_Timestamp = 15.601
Seq_Frame0117_DriverToReference-SequenceTransform =0.659416 -0.443267 0.607194 141.794 -0.267568 0.616408 0.740573 262.16 -0.702551 -0.650812 0.287865 264.03 0 0 0 1 
Seq_Frame0117_DriverToReference-SequenceTransformStatus = OK
Seq_Frame0117_Timestamp = 15.708
Seq_Frame0118_DriverToReference-SequenceTransform =0.659416 -0.443267 0.607194 141.794 -0.267568 0.616408 0.740573 262.16 -0.702551 -0.650812 0.287865 264.03 0 0 0 1 
Seq_Frame0118_DriverToReference-SequenceTransformStatus = OK
Seq_Frame0118_Timestamp = 15.811
Seq_Frame0119_DriverToReference-SequenceTransform =0.659416 -0.443267 0.607194 141.794 -0.267568 0.616408 0.740573 262.16 -0.702551 -0.650812 0.287865 264.03 0 0 0 1 
Seq_Frame0119_DriverToReference-SequenceTransformStatus = OK
Seq_Frame0119_Timestamp = 15.913
Seq_Frame0120_DriverToReference-SequenceTransform =0.659416 -0.443267 0.607194 141.794 -0.267568 0.616408 0.740573 262.16 -0.702551 -0.650812 0.287865 264.03 0 0 0 1 
Seq_Frame0120_DriverToReference-SequenceTransformStatus = OK
Seq_Frame0120_Timestamp = 16.015
Seq_Frame0121_DriverToReference-SequenceTransform =0.659416 -0.443267 0.607194 141.794 -0.267568 0.616408 0.740573 262.16 -0.702551 -0.650812 0.287865 264.03 0 0 0 1 
Seq_Frame0121_DriverToReference-SequenceTransformStatus = OK
Seq_Frame0121_Timestamp = 16.12
Seq_Frame0122_DriverToReference-SequenceTransform =0.659416 -0.443267 0.607194 141.794 -0.267568 0.616408 0.740573 262.16 -0.702551 -0.650812 0.287865 264.03 0 0 0 1 
Seq_Frame0122_DriverToReference-SequenceTransformStatus = OK
Seq_Frame0122_Timestamp = 16.227
Seq_Frame0123_DriverToReference-SequenceTransform =0.659416 -0.443267 0.607194 141.794 -0.267568 0.616408 0.740573 262.16 -0.702551 -0.650812 0.287865 264.03 0 0 0 1 
Seq_Frame0123_DriverToReference-SequenceTransformStatus = OK
Seq_Frame0123_Timestamp = 16.335
Seq_Frame0124_DriverToReference-SequenceTransform =0.659416 -0.443267 0.607194 141.794 -0.267568 0.616408 0.740573 262.16 -0.702551 -0.650812 0.287865 264.03 0 0 0 1 
Seq_Frame0124_DriverToReference-SequenceTransformStatus = OK
Seq_Frame0124_Timestamp = 16.438
Seq_Frame0125_DriverToReference-SequenceTransform =0.659416 -0.443267 0.607194 141.794 -0.267568 0.616408 0.740573 262.16 -0.702551 -0.650812 0.287865 264.03 0 0 0 1 
Seq_Frame0125_DriverToReference-SequenceTransformStatus = OK
Seq_Frame0125_Timestamp = 16.838
Seq_Frame0126_DriverToReference-SequenceTransform =0.659416 -0.443267 0.607194 141.794 -0.267568 0.616408 0.740573 262.16 -0.702551 -0.650812 0.287865 264.03 0 0 0 1 
Seq_Frame0126_DriverToReference-SequenceTransformStatus = OK
Seq_Frame0126_Timestamp = 16.978
Seq_Frame0127_DriverToReference-SequenceTransform =0.659416 -0.443267 0.607194 141.794 -0.267568 0.616408 0.740573 262.16 -0.702551 -0.650812 0.287865 264.03 0 0 0 1 
Seq_Frame0127_DriverToReference-SequenceTransformStatus = OK
Seq_Frame0127_Timestamp = 17.079
Seq_Frame0128_DriverToReference-SequenceTransform =0.659416 -0.443267 0.607194 141.794 -0.267568 0.616408 0.740573 262.16 -0.702551 -0.650812 0.287865 264.03 0 0 0 1 
Seq_Frame0128_DriverToReference-SequenceTransformStatus = OK
Seq_Frame0128_Timestamp = 17.183
Seq_Frame0129_DriverToReference-SequenceTransform =0.659416 -0.443267 0.607194 141.794 -0.267568 0.616408 0.740573 262.16 -0.702551 -0.650812 0.287865 264.03 0 0 0 1 
Seq_Frame0129_DriverToReference-SequenceTransformStatus = OK
Seq_Frame0129_Timestamp = 17.285
Seq_Frame0130_DriverToReference-SequenceTransform =0.659416 -0.443267 0.607194 141.794 -0.267568 0.616408 0.740573 262.16 -0.702551 -0.650812 0.287865 264.03 0 0 0 1 
Seq_Frame0130_DriverToReference-SequenceTransformStatus = OK
Seq_Frame0130_Timestamp = 17.392
Seq_Frame0131_DriverToReference-SequenceTransform =0.659416 -0.443267 0.607194 141.794 -0.267568 0.616408 0.740573 262.16 -0.702551 -0.650812 0.287865 264.03 0 0 0 1 
Seq_Frame0131_DriverToReference-SequenceTransformStatus = OK
Seq_Frame0131_Timestamp = 17.497
Seq_Frame0132_DriverToReference-SequenceTransform =0.659416 -0.443267 0.607194 141.794 -0.267568 0.616408 0.740573 262.16 -0.702551 -0.650812 0.287865 264.03 0 0 0 1 
Seq_Frame0132_DriverToReference-SequenceTransformStatus = OK
Seq_Frame0132_Timestamp = 17.599
Seq_Frame0133_DriverToReference-SequenceTransform =0.659416 -0.443267 0.607194 141.794 -0.267568 0.616408 0.740573 262.16 -0.702551 -0.650812 0.287865 264.03 0 0 0 1 
Seq_Frame0133_DriverToReference-SequenceTransformStatus = OK
Seq_Frame0133_Timestamp = 17.701
Seq_Frame0134_DriverToReference-SequenceTransform =0.659416 -0.443267 0.607194 141.794 -0.267568 0.616408 0.740573 262.16 -0.702551 -0.650812 0.287865 264.03 0 0 0 1 
Seq_Frame0134_DriverToReference-SequenceTransformStatus = OK
Seq_Frame0134_Timestamp = 17.803
Seq_Frame0135_DriverToReference-SequenceTransform =0.659416 -0.443267 0.607194 141.794 -0.267568 0.616408 0.740573 262.16 -0.702551 -0.650812 0.287865 264.03 0 0 0 1 
Seq_Frame0135_DriverToReference-SequenceTransformStatus = OK
Seq_Frame0135_Timestamp = 17.904
Seq_Frame0136_DriverToReference-SequenceTransform =0.244903 -0.423016 -0.872399 68.8696 -0.501088 0.715086 -0.487405 199.364 0.83002 0.556515 -0.0368414 227.991 0 0 0 1 
Seq_Frame0136_DriverToReference-SequenceTransformStatus = OK
Seq_Frame0136_Timestamp = 18.005
Seq_Frame0137_DriverToReference-SequenceTransform =0.219656 -0.433802 -0.873823 69.5734 -0.4645 0.741151 -0.484701 200.721 0.857899 0.512358 -0.0387033 229.422 0 0 0 1 
Seq_Frame0137_DriverToReference-SequenceTransformStatus = OK
Seq_Frame0137_Timestamp = 18.11
Seq_Frame0138_DriverToReference-SequenceTransform =0.22565 -0.415131 -0.881333 69.91 -0.48829 0.734633 -0.471049 200.961 0.843004 0.536638 -0.0369349 228.368 0 0 0 1 
Seq_Frame0138_DriverToReference-SequenceTransformStatus = OK
Seq_Frame0138_Timestamp = 18.218
Seq_Frame0139_DriverToReference-SequenceTransform =0.22565 -0.415131 -0.881333 69.91 -0.48829 0.734633 -0.471049 200.961 0.843004 0.536638 -0.0369349 228.368 0 0 0 1 
Seq_Frame0139_DriverToReference-SequenceTransformStatus = OK
Seq_Frame0139_Timestamp = 18.326
Seq_Frame0140_DriverToReference-SequenceTransform =0.202162 -0.384189 -0.900849 71.3154 -0.515284 0.740501 -0.431441 200.819 0.832834 0.551414 -0.048265 226.607 0 0 0 1 
Seq_Frame0140_DriverToReference-SequenceTransformStatus = OK
Seq_Frame0140_Timestamp = 18.433
Seq_Frame0141_DriverToReference-SequenceTransform =0.219872 -0.380135 -0.898417 72.7592 -0.496991 0.748828 -0.438471 200.289 0.839438 0.542913 -0.0242772 228.22 0 0 0 1 
Seq_Frame0141_DriverToReference-SequenceTransformStatus = OK
Seq_Frame0141_Timestamp = 18.538
Seq_Frame0142_DriverToReference-SequenceTransform =0.219872 -0.380135 -0.898417 72.7592 -0.496991 0.748828 -0.438471 200.289 0.839438 0.542913 -0.0242772 228.22 0 0 0 1 
Seq_Frame0142_DriverToReference-SequenceTransformStatus = OK
Seq_Frame0142_Timestamp = 18.642
Seq_Frame0143_DriverToReference-SequenceTransform =0.219872 -0.380135 -0.898417 72.7592 -0.496991 0.748828 -0.438471 200.289 0.839438 0.542913 -0.0242772 228.22 0 0 0 1 
Seq_Frame0143_DriverToReference-SequenceTransformStatus = OK
Seq_Frame0143_Timestamp = 18.751
Seq_Frame0144_DriverToReference-SequenceTransform =0.219872 -0.380135 -0.898417 72.7592 -0.496991 0.748828 -0.438471 200.289 0.839438 0.542913 -0.0242772 228.22 0 0 0 1 
Seq_Frame0144_DriverToReference-SequenceTransformStatus = OK
Seq_Frame0144_Timestamp = 18.859
Seq_Frame0145_DriverToReference-SequenceTransform =0.219872 -0.380135 -0.898417 72.7592 -0.496991 0.748828 -0.438471 200.289 0.839438 0.542913 -0.0242772 228.22 0 0 0 1 
Seq_Frame0145_DriverToReference-SequenceTransformStatus = OK
Seq_Frame0145_Timestamp = 18.962
Seq_Frame0146_DriverToReference-SequenceTransform =0.219872 -0.380135 -0.898417 72.7592 -0.496991 0.748828 -0.438471 200.289 0.839438 0.542913 -0.0242772 228.22 0 0 0 1 
Seq_Frame0146_DriverToReference-SequenceTransformStatus = OK
Seq_Frame0146_Timestamp = 19.068
Seq_Frame0147_DriverToReference-SequenceTransform =0.219872 -0.380135 -0.898417 72.7592 -0.496991 0.748828 -0.438471 200.289 0.839438 0.542913 -0.0242772 228.22 0 0 0 1 
Seq_Frame0147_DriverToReference-SequenceTransformStatus = OK
Seq_Frame0147_Timestamp = 19.168
Seq_Frame0148_DriverToReference-SequenceTransform =0.219872 -0.380135 -0.898417 72.7592 -0.496991 0.748828 -0.438471 200.289 0.839438 0.542913 -0.0242772 228.22 0 0 0 1 
Seq_Frame0148_DriverToReference-SequenceTransformStatus = OK
Seq_Frame0148_Timestamp = 19.272
Seq_Frame0149_DriverToReference-SequenceTransform =0.219872 -0.380135 -0.898417 72.7592 -0.496991 0.748828 -0.438471 200.289 0.839438 0.542913 -0.0242772 228.22 0 0 0 1 
Seq_Frame0149_DriverToReference-SequenceTransformStatus = OK
Seq_Frame0149_Timestamp = 19.374
Seq_Frame0150_DriverToReference-SequenceTransform =0.219872 -0.380135 -0.898417 72.7592 -0.496991 0.748828 -0.438471 200.289 0.839438 0.542913 -0.0242772 228.22 0 0 0 1 
Seq_Frame0150_DriverToReference-SequenceTransformStatus = OK
Seq_Frame0150_Timestamp = 19.474
