ObjectType = Image
NDims = 3
AnatomicalOrientation = RAI
BinaryData = True
CompressedData = False
DimSize = 0 0 2562
ElementSpacing = 1 1 1
Offset = 0 0 0
TransformMatrix = 1 0 0 0 1 0 0 0 1
ElementType = MET_UCHAR
Kinds = domain domain list
Seq_Frame0000_ForcepToReference-SequenceTransform =0.187026 0.96462 0.185824 47.2369 -0.956248 0.222089 -0.190437 -18.779 -0.224968 -0.142077 0.963952 -12.8972 0 0 0 1 
Seq_Frame0000_ForcepToReference-SequenceTransformStatus = OK
Seq_Frame0000_Timestamp = 0.00400019
Seq_Frame0001_ForcepToReference-SequenceTransform =0.184566 0.965982 0.181146 47.2195 -0.957065 0.218568 -0.190406 -18.779 -0.223522 -0.138226 0.964848 -12.982 0 0 0 1 
Seq_Frame0001_ForcepToReference-SequenceTransformStatus = OK
Seq_Frame0001_Timestamp = 0.11
Seq_Frame0002_ForcepToReference-SequenceTransform =0.186238 0.96485 0.185417 47.2361 -0.956967 0.220885 -0.188214 -18.8101 -0.222554 -0.142385 0.964467 -12.7518 0 0 0 1 
Seq_Frame0002_ForcepToReference-SequenceTransformStatus = OK
Seq_Frame0002_Timestamp = 0.211
Seq_Frame0003_ForcepToReference-SequenceTransform =0.185854 0.965044 0.184793 47.209 -0.956895 0.220485 -0.189048 -18.8254 -0.223184 -0.141692 0.964423 -12.8775 0 0 0 1 
Seq_Frame0003_ForcepToReference-SequenceTransformStatus = OK
Seq_Frame0003_Timestamp = 0.322
Seq_Frame0004_ForcepToReference-SequenceTransform =0.179482 0.968319 0.173621 47.06 -0.965615 0.207147 -0.157093 -19.1088 -0.188082 -0.139455 0.972202 -12.2839 0 0 0 1 
Seq_Frame0004_ForcepToReference-SequenceTransformStatus = OK
Seq_Frame0004_Timestamp = 0.432
Seq_Frame0005_ForcepToReference-SequenceTransform =0.179529 0.968366 0.173311 47.1232 -0.962865 0.209079 -0.170811 -18.8744 -0.201643 -0.13621 0.969942 -12.9764 0 0 0 1 
Seq_Frame0005_ForcepToReference-SequenceTransformStatus = OK
Seq_Frame0005_Timestamp = 0.541
Seq_Frame0006_ForcepToReference-SequenceTransform =0.18159 0.967067 0.178346 47.0001 -0.963289 0.211399 -0.165482 -18.6582 -0.197735 -0.141749 0.969953 -13.4752 0 0 0 1 
Seq_Frame0006_ForcepToReference-SequenceTransformStatus = OK
Seq_Frame0006_Timestamp = 0.651
Seq_Frame0007_ForcepToReference-SequenceTransform =0.189404 0.962215 0.195624 47.0441 -0.956644 0.225728 -0.184064 -18.465 -0.221267 -0.15228 0.963251 -13.9895 0 0 0 1 
Seq_Frame0007_ForcepToReference-SequenceTransformStatus = OK
Seq_Frame0007_Timestamp = 0.752
Seq_Frame0008_ForcepToReference-SequenceTransform =0.187952 0.96367 0.189772 47.1219 -0.957341 0.222924 -0.183858 -18.5998 -0.219483 -0.14712 0.96446 -13.5357 0 0 0 1 
Seq_Frame0008_ForcepToReference-SequenceTransformStatus = OK
Seq_Frame0008_Timestamp = 0.853
Seq_Frame0009_ForcepToReference-SequenceTransform =0.189051 0.9626 0.194066 47.063 -0.956349 0.225335 -0.186065 -18.5157 -0.222836 -0.150419 0.963181 -13.7848 0 0 0 1 
Seq_Frame0009_ForcepToReference-SequenceTransformStatus = OK
Seq_Frame0009_Timestamp = 0.958
Seq_Frame0010_ForcepToReference-SequenceTransform =0.189017 0.962451 0.194833 46.9688 -0.955994 0.225695 -0.187451 -18.4723 -0.224386 -0.150828 0.962758 -13.995 0 0 0 1 
Seq_Frame0010_ForcepToReference-SequenceTransformStatus = OK
Seq_Frame0010_Timestamp = 1.066
Seq_Frame0011_ForcepToReference-SequenceTransform =0.188207 0.963713 0.1893 47.1158 -0.956343 0.223706 -0.18805 -18.626 -0.223574 -0.145644 0.963744 -13.5469 0 0 0 1 
Seq_Frame0011_ForcepToReference-SequenceTransformStatus = OK
Seq_Frame0011_Timestamp = 1.179
Seq_Frame0012_ForcepToReference-SequenceTransform =0.187355 0.965016 0.183416 47.244 -0.956943 0.221456 -0.187663 -18.7927 -0.221717 -0.140359 0.964956 -12.8987 0 0 0 1 
Seq_Frame0012_ForcepToReference-SequenceTransformStatus = OK
Seq_Frame0012_Timestamp = 1.283
Seq_Frame0013_ForcepToReference-SequenceTransform =0.187032 0.96517 0.182936 47.247 -0.957077 0.221005 -0.187513 -18.7963 -0.221412 -0.140013 0.965077 -12.8683 0 0 0 1 
Seq_Frame0013_ForcepToReference-SequenceTransformStatus = OK
Seq_Frame0013_Timestamp = 1.383
Seq_Frame0014_ForcepToReference-SequenceTransform =0.186904 0.965269 0.182546 47.2517 -0.957591 0.220493 -0.185476 -18.7741 -0.219285 -0.140138 0.965544 -12.9551 0 0 0 1 
Seq_Frame0014_ForcepToReference-SequenceTransformStatus = OK
Seq_Frame0014_Timestamp = 1.484
Seq_Frame0015_ForcepToReference-SequenceTransform =0.187082 0.96507 0.183411 47.2496 -0.957414 0.220925 -0.18588 -18.8053 -0.219908 -0.140825 0.965302 -12.8372 0 0 0 1 
Seq_Frame0015_ForcepToReference-SequenceTransformStatus = OK
Seq_Frame0015_Timestamp = 1.593
Seq_Frame0016_ForcepToReference-SequenceTransform =0.187274 0.96483 0.184475 47.2288 -0.95698 0.22157 -0.187342 -18.7764 -0.221627 -0.141454 0.964817 -12.9498 0 0 0 1 
Seq_Frame0016_ForcepToReference-SequenceTransformStatus = OK
Seq_Frame0016_Timestamp = 1.695
Seq_Frame0017_ForcepToReference-SequenceTransform =0.186664 0.965093 0.18372 47.2299 -0.956678 0.221097 -0.189428 -18.8118 -0.223436 -0.140401 0.964554 -12.8218 0 0 0 1 
Seq_Frame0017_ForcepToReference-SequenceTransformStatus = OK
Seq_Frame0017_Timestamp = 1.798
Seq_Frame0018_ForcepToReference-SequenceTransform =0.186872 0.96496 0.184204 47.2303 -0.956345 0.221577 -0.190544 -18.7931 -0.224683 -0.140555 0.964242 -12.8307 0 0 0 1 
Seq_Frame0018_ForcepToReference-SequenceTransformStatus = OK
Seq_Frame0018_Timestamp = 1.902
Seq_Frame0019_ForcepToReference-SequenceTransform =0.186342 0.965065 0.184189 47.2238 -0.956842 0.220813 -0.188929 -18.7927 -0.223 -0.141034 0.964562 -12.883 0 0 0 1 
Seq_Frame0019_ForcepToReference-SequenceTransformStatus = OK
Seq_Frame0019_Timestamp = 2.005
Seq_Frame0020_ForcepToReference-SequenceTransform =0.186284 0.965145 0.183831 47.2197 -0.956998 0.220595 -0.188394 -18.7968 -0.222379 -0.140832 0.964735 -12.8781 0 0 0 1 
Seq_Frame0020_ForcepToReference-SequenceTransformStatus = OK
Seq_Frame0020_Timestamp = 2.115
Seq_Frame0021_ForcepToReference-SequenceTransform =0.186381 0.964964 0.184682 47.2356 -0.956904 0.220903 -0.188511 -18.7952 -0.222703 -0.141588 0.96455 -12.8173 0 0 0 1 
Seq_Frame0021_ForcepToReference-SequenceTransformStatus = OK
Seq_Frame0021_Timestamp = 2.215
Seq_Frame0022_ForcepToReference-SequenceTransform =0.186083 0.965237 0.183548 47.2199 -0.95702 0.220356 -0.188565 -18.8143 -0.222456 -0.14057 0.964756 -12.8481 0 0 0 1 
Seq_Frame0022_ForcepToReference-SequenceTransformStatus = OK
Seq_Frame0022_Timestamp = 2.319
Seq_Frame0023_ForcepToReference-SequenceTransform =0.185293 0.965838 0.181175 47.225 -0.956733 0.219397 -0.191122 -18.834 -0.224342 -0.137922 0.964701 -12.8028 0 0 0 1 
Seq_Frame0023_ForcepToReference-SequenceTransformStatus = OK
Seq_Frame0023_Timestamp = 2.419
Seq_Frame0024_ForcepToReference-SequenceTransform =0.185221 0.965868 0.181085 47.2221 -0.956067 0.219724 -0.194054 -18.8184 -0.227219 -0.137187 0.964132 -12.8475 0 0 0 1 
Seq_Frame0024_ForcepToReference-SequenceTransformStatus = OK
Seq_Frame0024_Timestamp = 2.522
Seq_Frame0025_ForcepToReference-SequenceTransform =0.184952 0.96598 0.180766 47.2145 -0.956105 0.219407 -0.194224 -18.8114 -0.227278 -0.136909 0.964158 -12.9113 0 0 0 1 
Seq_Frame0025_ForcepToReference-SequenceTransformStatus = OK
Seq_Frame0025_Timestamp = 2.626
Seq_Frame0026_ForcepToReference-SequenceTransform =0.18518 0.965693 0.18206 47.2091 -0.956104 0.219863 -0.193717 -18.7942 -0.227099 -0.138196 0.964017 -13.0053 0 0 0 1 
Seq_Frame0026_ForcepToReference-SequenceTransformStatus = OK
Seq_Frame0026_Timestamp = 2.727
Seq_Frame0027_ForcepToReference-SequenceTransform =0.185598 0.965453 0.182905 47.2077 -0.955682 0.220644 -0.194905 -18.7849 -0.228528 -0.138625 0.963617 -12.9725 0 0 0 1 
Seq_Frame0027_ForcepToReference-SequenceTransformStatus = OK
Seq_Frame0027_Timestamp = 2.835
Seq_Frame0028_ForcepToReference-SequenceTransform =0.191625 0.963935 0.184689 47.2654 -0.957738 0.22478 -0.179476 -18.6979 -0.214518 -0.142492 0.96627 -13.1881 0 0 0 1 
Seq_Frame0028_ForcepToReference-SequenceTransformStatus = OK
Seq_Frame0028_Timestamp = 2.942
Seq_Frame0029_ForcepToReference-SequenceTransform =0.812714 0.27717 0.512516 59.1546 -0.569009 0.56685 0.595743 35.9506 -0.125398 -0.775795 0.618399 -52.5151 0 0 0 1 
Seq_Frame0029_ForcepToReference-SequenceTransformStatus = OK
Seq_Frame0029_Timestamp = 3.573
Seq_Frame0030_ForcepToReference-SequenceTransform =0.898079 -0.0671221 0.434683 55.4504 -0.35892 0.459395 0.812486 60.2658 -0.254227 -0.885693 0.388481 -61.8977 0 0 0 1 
Seq_Frame0030_ForcepToReference-SequenceTransformStatus = OK
Seq_Frame0030_Timestamp = 3.684
Seq_Frame0031_ForcepToReference-SequenceTransform =0.898079 -0.0671221 0.434683 55.4504 -0.35892 0.459395 0.812486 60.2658 -0.254227 -0.885693 0.388481 -61.8977 0 0 0 1 
Seq_Frame0031_ForcepToReference-SequenceTransformStatus = OK
Seq_Frame0031_Timestamp = 3.785
Seq_Frame0032_ForcepToReference-SequenceTransform =0.686252 -0.703178 -0.186008 26.5307 0.169281 -0.0943042 0.981046 78.9489 -0.707392 -0.704732 0.0543185 -77.703 0 0 0 1 
Seq_Frame0032_ForcepToReference-SequenceTransformStatus = OK
Seq_Frame0032_Timestamp = 3.886
Seq_Frame0033_ForcepToReference-SequenceTransform =0.689218 -0.698834 -0.191337 23.7772 0.206655 -0.0635074 0.976351 83.9987 -0.694458 -0.712459 0.100647 -79.8546 0 0 0 1 
Seq_Frame0033_ForcepToReference-SequenceTransformStatus = OK
Seq_Frame0033_Timestamp = 3.994
Seq_Frame0034_ForcepToReference-SequenceTransform =0.711394 -0.677849 -0.185581 23.6086 0.236788 -0.0174443 0.971405 85.9873 -0.661703 -0.734995 0.148096 -78.6466 0 0 0 1 
Seq_Frame0034_ForcepToReference-SequenceTransformStatus = OK
Seq_Frame0034_Timestamp = 4.102
Seq_Frame0035_ForcepToReference-SequenceTransform =0.68818 -0.695616 -0.20622 21.1323 0.249101 -0.0404226 0.967633 83.5048 -0.681438 -0.717275 0.145461 -74.9089 0 0 0 1 
Seq_Frame0035_ForcepToReference-SequenceTransformStatus = OK
Seq_Frame0035_Timestamp = 4.202
Seq_Frame0036_ForcepToReference-SequenceTransform =0.716525 -0.670771 -0.191463 20.849 0.232432 -0.0292086 0.972174 82.0973 -0.657698 -0.741089 0.13498 -74.7627 0 0 0 1 
Seq_Frame0036_ForcepToReference-SequenceTransformStatus = OK
Seq_Frame0036_Timestamp = 4.31
Seq_Frame0037_ForcepToReference-SequenceTransform =0.716525 -0.670771 -0.191463 20.849 0.232432 -0.0292086 0.972174 82.0973 -0.657698 -0.741089 0.13498 -74.7627 0 0 0 1 
Seq_Frame0037_ForcepToReference-SequenceTransformStatus = OK
Seq_Frame0037_Timestamp = 4.418
Seq_Frame0038_ForcepToReference-SequenceTransform =0.577232 -0.816357 0.0190818 -6.03107 0.297404 0.231937 0.926151 107.482 -0.760496 -0.528929 0.37667 -88.9534 0 0 0 1 
Seq_Frame0038_ForcepToReference-SequenceTransformStatus = OK
Seq_Frame0038_Timestamp = 4.519
Seq_Frame0039_ForcepToReference-SequenceTransform =0.424399 -0.878192 0.220599 -37.4465 0.381668 0.394426 0.835917 123.771 -0.821106 -0.270567 0.502572 -84.5772 0 0 0 1 
Seq_Frame0039_ForcepToReference-SequenceTransformStatus = OK
Seq_Frame0039_Timestamp = 4.619
Seq_Frame0040_ForcepToReference-SequenceTransform =0.506115 -0.856325 0.102737 -36.77 0.430591 0.354094 0.830186 122.096 -0.747287 -0.375932 0.547939 -79.2878 0 0 0 1 
Seq_Frame0040_ForcepToReference-SequenceTransformStatus = OK
Seq_Frame0040_Timestamp = 4.72
Seq_Frame0041_ForcepToReference-SequenceTransform =0.545567 -0.834053 0.0819293 -34.7883 0.546198 0.428008 0.720054 128.44 -0.635629 -0.348088 0.689065 -67.0987 0 0 0 1 
Seq_Frame0041_ForcepToReference-SequenceTransformStatus = OK
Seq_Frame0041_Timestamp = 4.82
Seq_Frame0042_ForcepToReference-SequenceTransform =0.603308 -0.797269 0.0195406 -25.6199 0.64478 0.502044 0.576377 136.433 -0.469338 -0.335134 0.81695 -55.3668 0 0 0 1 
Seq_Frame0042_ForcepToReference-SequenceTransformStatus = OK
Seq_Frame0042_Timestamp = 4.927
Seq_Frame0043_ForcepToReference-SequenceTransform =0.624669 -0.778214 -0.0645867 -17.2068 0.712506 0.534165 0.454977 143.284 -0.31957 -0.330228 0.888158 -44.3524 0 0 0 1 
Seq_Frame0043_ForcepToReference-SequenceTransformStatus = OK
Seq_Frame0043_Timestamp = 5.034
Seq_Frame0044_ForcepToReference-SequenceTransform =0.610367 -0.785333 -0.103458 -14.2142 0.71829 0.493676 0.490248 134.669 -0.333933 -0.373544 0.865421 -47.2642 0 0 0 1 
Seq_Frame0044_ForcepToReference-SequenceTransformStatus = OK
Seq_Frame0044_Timestamp = 5.142
Seq_Frame0045_ForcepToReference-SequenceTransform =0.839868 -0.542791 0.000272343 57.9353 0.470792 0.728712 0.497326 93.9626 -0.270143 -0.41756 0.867564 -48.443 0 0 0 1 
Seq_Frame0045_ForcepToReference-SequenceTransformStatus = OK
Seq_Frame0045_Timestamp = 6.363
Seq_Frame0046_ForcepToReference-SequenceTransform =0.766238 -0.576419 -0.283937 88.5137 0.642292 0.699766 0.312712 123.981 0.018436 -0.421982 0.906417 -22.7939 0 0 0 1 
Seq_Frame0046_ForcepToReference-SequenceTransformStatus = OK
Seq_Frame0046_Timestamp = 6.476
Seq_Frame0047_ForcepToReference-SequenceTransform =0.650675 -0.61581 -0.444296 102.947 0.739189 0.647609 0.184939 141.676 0.173843 -0.448754 0.876583 -5.01707 0 0 0 1 
Seq_Frame0047_ForcepToReference-SequenceTransformStatus = OK
Seq_Frame0047_Timestamp = 6.577
Seq_Frame0048_ForcepToReference-SequenceTransform =0.554878 -0.695979 -0.455768 92.6028 0.823484 0.537361 0.181982 157.246 0.118256 -0.476295 0.871297 -26.7627 0 0 0 1 
Seq_Frame0048_ForcepToReference-SequenceTransformStatus = OK
Seq_Frame0048_Timestamp = 6.685
Seq_Frame0049_ForcepToReference-SequenceTransform =0.62004 -0.761863 -0.187391 48.4366 0.759396 0.522757 0.387352 153.768 -0.197149 -0.382478 0.902686 -71.5074 0 0 0 1 
Seq_Frame0049_ForcepToReference-SequenceTransformStatus = OK
Seq_Frame0049_Timestamp = 6.797
Seq_Frame0050_ForcepToReference-SequenceTransform =0.650255 -0.735502 -0.190277 16.7155 0.719743 0.516235 0.464189 137.175 -0.243185 -0.438792 0.865057 -65.0366 0 0 0 1 
Seq_Frame0050_ForcepToReference-SequenceTransformStatus = OK
Seq_Frame0050_Timestamp = 6.898
Seq_Frame0051_ForcepToReference-SequenceTransform =0.206052 -0.764692 -0.610565 -3.43249 0.916401 0.369601 -0.153636 166.588 0.34315 -0.527865 0.776921 20.4615 0 0 0 1 
Seq_Frame0051_ForcepToReference-SequenceTransformStatus = OK
Seq_Frame0051_Timestamp = 7.758
Seq_Frame0052_ForcepToReference-SequenceTransform =0.151797 -0.793561 -0.589253 -13.5892 0.839469 0.418217 -0.346968 174.795 0.521776 -0.441991 0.729654 53.4097 0 0 0 1 
Seq_Frame0052_ForcepToReference-SequenceTransformStatus = OK
Seq_Frame0052_Timestamp = 7.865
Seq_Frame0053_ForcepToReference-SequenceTransform =0.0257192 -0.825886 -0.563251 -28.3979 0.602289 0.462497 -0.65065 186.292 0.797864 -0.322505 0.509317 80.0885 0 0 0 1 
Seq_Frame0053_ForcepToReference-SequenceTransformStatus = OK
Seq_Frame0053_Timestamp = 7.965
Seq_Frame0054_ForcepToReference-SequenceTransform =-0.0624316 -0.847534 -0.527057 -36.9535 0.40627 0.460774 -0.789071 193.529 0.911618 -0.26339 0.31556 101.827 0 0 0 1 
Seq_Frame0054_ForcepToReference-SequenceTransformStatus = OK
Seq_Frame0054_Timestamp = 8.074
Seq_Frame0055_ForcepToReference-SequenceTransform =-0.0867159 -0.854107 -0.512817 -40.023 0.322078 0.463077 -0.825727 202.654 0.942733 -0.236771 0.234933 104.787 0 0 0 1 
Seq_Frame0055_ForcepToReference-SequenceTransformStatus = OK
Seq_Frame0055_Timestamp = 8.185
Seq_Frame0056_ForcepToReference-SequenceTransform =-0.166035 -0.824858 -0.540408 -42.7579 0.272716 0.488232 -0.829008 210.117 0.947659 -0.285023 0.143889 106.287 0 0 0 1 
Seq_Frame0056_ForcepToReference-SequenceTransformStatus = OK
Seq_Frame0056_Timestamp = 8.293
Seq_Frame0057_ForcepToReference-SequenceTransform =-0.219963 -0.818107 -0.531336 -47.0331 0.18853 0.498756 -0.84599 223.203 0.957117 -0.286259 0.0445294 121.94 0 0 0 1 
Seq_Frame0057_ForcepToReference-SequenceTransformStatus = OK
Seq_Frame0057_Timestamp = 9.387
Seq_Frame0058_ForcepToReference-SequenceTransform =-0.254323 -0.806091 -0.534358 -47.1925 0.205042 0.495022 -0.84434 221.924 0.945134 -0.324301 0.0393873 123.675 0 0 0 1 
Seq_Frame0058_ForcepToReference-SequenceTransformStatus = OK
Seq_Frame0058_Timestamp = 9.501
Seq_Frame0059_ForcepToReference-SequenceTransform =-0.256452 -0.815086 -0.519487 -47.5934 0.194823 0.482839 -0.853762 222.16 0.946719 -0.320157 0.0349723 123.054 0 0 0 1 
Seq_Frame0059_ForcepToReference-SequenceTransformStatus = OK
Seq_Frame0059_Timestamp = 9.61
Seq_Frame0060_ForcepToReference-SequenceTransform =-0.171904 -0.879643 -0.443482 -51.4325 0.19117 0.411838 -0.890979 228.903 0.966387 -0.237943 0.0973645 116.65 0 0 0 1 
Seq_Frame0060_ForcepToReference-SequenceTransformStatus = OK
Seq_Frame0060_Timestamp = 9.711
Seq_Frame0061_ForcepToReference-SequenceTransform =-0.0629568 -0.947113 -0.314663 -54.6573 0.179722 0.299375 -0.937056 248.233 0.981701 -0.115546 0.15137 101.987 0 0 0 1 
Seq_Frame0061_ForcepToReference-SequenceTransformStatus = OK
Seq_Frame0061_Timestamp = 9.812
Seq_Frame0062_ForcepToReference-SequenceTransform =0.162035 -0.966182 -0.20059 -46.8627 0.596023 0.257834 -0.760446 277.114 0.786448 0.00366229 0.617645 53.6125 0 0 0 1 
Seq_Frame0062_ForcepToReference-SequenceTransformStatus = OK
Seq_Frame0062_Timestamp = 9.913
Seq_Frame0063_ForcepToReference-SequenceTransform =0.27852 -0.949807 -0.142453 -35.2334 0.883832 0.311516 -0.348997 266.29 0.375857 -0.028702 0.926233 4.42069 0 0 0 1 
Seq_Frame0063_ForcepToReference-SequenceTransformStatus = OK
Seq_Frame0063_Timestamp = 10.016
Seq_Frame0064_ForcepToReference-SequenceTransform =0.234867 -0.956335 -0.173956 -24.7775 0.971604 0.23626 0.0129581 250.949 0.0287066 -0.17206 0.984668 -10.8628 0 0 0 1 
Seq_Frame0064_ForcepToReference-SequenceTransformStatus = OK
Seq_Frame0064_Timestamp = 10.126
Seq_Frame0065_ForcepToReference-SequenceTransform =0.268365 -0.957232 -0.108111 -4.46732 0.948091 0.242579 0.205618 234.63 -0.170599 -0.15768 0.972642 -14.2073 0 0 0 1 
Seq_Frame0065_ForcepToReference-SequenceTransformStatus = OK
Seq_Frame0065_Timestamp = 10.228
Seq_Frame0066_ForcepToReference-SequenceTransform =0.272989 -0.944509 -0.1827 19.657 0.937181 0.218226 0.272158 227.701 -0.217186 -0.245519 0.944749 -2.25345 0 0 0 1 
Seq_Frame0066_ForcepToReference-SequenceTransformStatus = OK
Seq_Frame0066_Timestamp = 10.331
Seq_Frame0067_ForcepToReference-SequenceTransform =0.297307 -0.93033 -0.214695 38.0221 0.913978 0.212278 0.345808 226.145 -0.276141 -0.299038 0.913413 9.73606 0 0 0 1 
Seq_Frame0067_ForcepToReference-SequenceTransformStatus = OK
Seq_Frame0067_Timestamp = 10.434
Seq_Frame0068_ForcepToReference-SequenceTransform =0.313918 -0.924902 -0.214503 45.7162 0.879852 0.198481 0.431816 233.142 -0.356813 -0.324286 0.876084 16.0923 0 0 0 1 
Seq_Frame0068_ForcepToReference-SequenceTransformStatus = OK
Seq_Frame0068_Timestamp = 10.54
Seq_Frame0069_ForcepToReference-SequenceTransform =0.411944 -0.843214 -0.345387 61.8367 0.824771 0.183907 0.534725 232.57 -0.387369 -0.505142 0.771218 29.32 0 0 0 1 
Seq_Frame0069_ForcepToReference-SequenceTransformStatus = OK
Seq_Frame0069_Timestamp = 10.651
Seq_Frame0070_ForcepToReference-SequenceTransform =0.422723 -0.857726 -0.292595 57.9514 0.816705 0.220608 0.533222 231.24 -0.392809 -0.464369 0.793765 32.4193 0 0 0 1 
Seq_Frame0070_ForcepToReference-SequenceTransformStatus = OK
Seq_Frame0070_Timestamp = 10.751
Seq_Frame0071_ForcepToReference-SequenceTransform =0.417629 -0.889953 -0.183222 48.7536 0.768559 0.238435 0.593688 218.601 -0.484668 -0.388758 0.783559 16.9082 0 0 0 1 
Seq_Frame0071_ForcepToReference-SequenceTransformStatus = OK
Seq_Frame0071_Timestamp = 10.854
Seq_Frame0072_ForcepToReference-SequenceTransform =0.389914 -0.912962 -0.120281 41.645 0.731016 0.227448 0.643337 210.31 -0.559985 -0.338773 0.756075 1.1355 0 0 0 1 
Seq_Frame0072_ForcepToReference-SequenceTransformStatus = OK
Seq_Frame0072_Timestamp = 10.969
Seq_Frame0073_ForcepToReference-SequenceTransform =0.407757 -0.90515 -0.12016 44.8137 0.719721 0.237626 0.652331 202.343 -0.561904 -0.352474 0.748349 3.60243 0 0 0 1 
Seq_Frame0073_ForcepToReference-SequenceTransformStatus = OK
Seq_Frame0073_Timestamp = 11.086
Seq_Frame0074_ForcepToReference-SequenceTransform =0.443907 -0.881472 -0.161104 54.7251 0.703013 0.23111 0.672578 193.134 -0.555626 -0.41182 0.722277 23.9705 0 0 0 1 
Seq_Frame0074_ForcepToReference-SequenceTransformStatus = OK
Seq_Frame0074_Timestamp = 11.187
Seq_Frame0075_ForcepToReference-SequenceTransform =0.467161 -0.854233 -0.228137 65.7717 0.699199 0.198988 0.686677 188.395 -0.541186 -0.480301 0.690238 43.9564 0 0 0 1 
Seq_Frame0075_ForcepToReference-SequenceTransformStatus = OK
Seq_Frame0075_Timestamp = 11.292
Seq_Frame0076_ForcepToReference-SequenceTransform =0.474771 -0.844028 -0.249419 76.7849 0.705301 0.195358 0.681458 185.126 -0.526444 -0.499452 0.688044 46.4702 0 0 0 1 
Seq_Frame0076_ForcepToReference-SequenceTransformStatus = OK
Seq_Frame0076_Timestamp = 11.392
Seq_Frame0077_ForcepToReference-SequenceTransform =0.531958 -0.808178 -0.252724 93.9662 0.660296 0.209056 0.721322 178.201 -0.530123 -0.550586 0.644845 43.9164 0 0 0 1 
Seq_Frame0077_ForcepToReference-SequenceTransformStatus = OK
Seq_Frame0077_Timestamp = 11.501
Seq_Frame0078_ForcepToReference-SequenceTransform =0.559709 -0.788231 -0.255767 108.699 0.616356 0.189667 0.764285 170.49 -0.553923 -0.585421 0.59199 48.7419 0 0 0 1 
Seq_Frame0078_ForcepToReference-SequenceTransformStatus = OK
Seq_Frame0078_Timestamp = 11.609
Seq_Frame0079_ForcepToReference-SequenceTransform =0.60686 -0.743401 -0.281203 122.1 0.596946 0.192713 0.778792 163.809 -0.524764 -0.640481 0.56072 56.47 0 0 0 1 
Seq_Frame0079_ForcepToReference-SequenceTransformStatus = OK
Seq_Frame0079_Timestamp = 11.711
Seq_Frame0080_ForcepToReference-SequenceTransform =0.645441 -0.70511 -0.293642 131.43 0.581606 0.2045 0.787346 159.015 -0.495116 -0.678969 0.542089 65.0847 0 0 0 1 
Seq_Frame0080_ForcepToReference-SequenceTransformStatus = OK
Seq_Frame0080_Timestamp = 11.814
Seq_Frame0081_ForcepToReference-SequenceTransform =0.655419 -0.681637 -0.325265 134.238 0.597511 0.204555 0.775331 161.926 -0.461959 -0.702516 0.541355 70.5999 0 0 0 1 
Seq_Frame0081_ForcepToReference-SequenceTransformStatus = OK
Seq_Frame0081_Timestamp = 11.918
Seq_Frame0082_ForcepToReference-SequenceTransform =0.686929 -0.656715 -0.311212 135.227 0.572716 0.225591 0.788102 160.104 -0.447352 -0.719607 0.531077 70.0782 0 0 0 1 
Seq_Frame0082_ForcepToReference-SequenceTransformStatus = OK
Seq_Frame0082_Timestamp = 12.027
Seq_Frame0083_ForcepToReference-SequenceTransform =0.71334 -0.630464 -0.306041 137.793 0.562788 0.255105 0.786251 161.308 -0.417631 -0.733101 0.536794 70.8499 0 0 0 1 
Seq_Frame0083_ForcepToReference-SequenceTransformStatus = OK
Seq_Frame0083_Timestamp = 12.135
Seq_Frame0084_ForcepToReference-SequenceTransform =0.701284 -0.644654 -0.304337 138.303 0.579295 0.266524 0.770313 163.553 -0.415473 -0.716509 0.560354 73.2467 0 0 0 1 
Seq_Frame0084_ForcepToReference-SequenceTransformStatus = OK
Seq_Frame0084_Timestamp = 12.236
Seq_Frame0085_ForcepToReference-SequenceTransform =0.700042 -0.66068 -0.271006 139.401 0.565982 0.281919 0.774717 162.678 -0.435439 -0.695718 0.571287 74.7062 0 0 0 1 
Seq_Frame0085_ForcepToReference-SequenceTransformStatus = OK
Seq_Frame0085_Timestamp = 12.347
Seq_Frame0086_ForcepToReference-SequenceTransform =0.703711 -0.650432 -0.285883 140.139 0.562311 0.263925 0.783677 161.266 -0.434277 -0.712237 0.551472 74.4595 0 0 0 1 
Seq_Frame0086_ForcepToReference-SequenceTransformStatus = OK
Seq_Frame0086_Timestamp = 12.449
Seq_Frame0087_ForcepToReference-SequenceTransform =0.689101 -0.653171 -0.31386 139.967 0.573643 0.227023 0.787016 159.285 -0.442802 -0.722377 0.531128 73.95 0 0 0 1 
Seq_Frame0087_ForcepToReference-SequenceTransformStatus = OK
Seq_Frame0087_Timestamp = 12.553
Seq_Frame0088_ForcepToReference-SequenceTransform =0.67203 -0.662792 -0.330277 139.858 0.589045 0.208159 0.78083 159.437 -0.448777 -0.719289 0.530304 74.0313 0 0 0 1 
Seq_Frame0088_ForcepToReference-SequenceTransformStatus = OK
Seq_Frame0088_Timestamp = 12.66
Seq_Frame0089_ForcepToReference-SequenceTransform =0.6585 -0.667734 -0.347144 139.579 0.596574 0.18195 0.781661 158.234 -0.458779 -0.721821 0.518167 73.6758 0 0 0 1 
Seq_Frame0089_ForcepToReference-SequenceTransformStatus = OK
Seq_Frame0089_Timestamp = 12.768
Seq_Frame0090_ForcepToReference-SequenceTransform =0.657058 -0.671316 -0.342943 139.299 0.58686 0.169983 0.791645 156.373 -0.473149 -0.721416 0.505657 73.2803 0 0 0 1 
Seq_Frame0090_ForcepToReference-SequenceTransformStatus = OK
Seq_Frame0090_Timestamp = 12.873
Seq_Frame0091_ForcepToReference-SequenceTransform =0.665895 -0.653926 -0.359116 138.769 0.585717 0.160097 0.794547 156.055 -0.462082 -0.739425 0.489623 72.3417 0 0 0 1 
Seq_Frame0091_ForcepToReference-SequenceTransformStatus = OK
Seq_Frame0091_Timestamp = 12.98
Seq_Frame0092_ForcepToReference-SequenceTransform =0.663202 -0.657035 -0.358426 138.612 0.585418 0.157016 0.795381 155.744 -0.466315 -0.737327 0.488773 72.5078 0 0 0 1 
Seq_Frame0092_ForcepToReference-SequenceTransformStatus = OK
Seq_Frame0092_Timestamp = 13.081
Seq_Frame0093_ForcepToReference-SequenceTransform =0.661013 -0.659225 -0.358447 138.394 0.585605 0.154522 0.795732 155.444 -0.469179 -0.735897 0.488187 72.4882 0 0 0 1 
Seq_Frame0093_ForcepToReference-SequenceTransformStatus = OK
Seq_Frame0093_Timestamp = 13.186
Seq_Frame0094_ForcepToReference-SequenceTransform =0.651753 -0.66766 -0.359789 138.139 0.590357 0.148793 0.793309 155.774 -0.476127 -0.729446 0.491133 72.1336 0 0 0 1 
Seq_Frame0094_ForcepToReference-SequenceTransformStatus = OK
Seq_Frame0094_Timestamp = 13.292
Seq_Frame0095_ForcepToReference-SequenceTransform =0.643014 -0.674531 -0.362686 138.052 0.591431 0.136487 0.79472 155.97 -0.486562 -0.72552 0.486702 72.9104 0 0 0 1 
Seq_Frame0095_ForcepToReference-SequenceTransformStatus = OK
Seq_Frame0095_Timestamp = 13.402
Seq_Frame0096_ForcepToReference-SequenceTransform =0.639407 -0.68017 -0.358508 137.668 0.59304 0.139524 0.792992 155.479 -0.489349 -0.719654 0.49258 72.1357 0 0 0 1 
Seq_Frame0096_ForcepToReference-SequenceTransformStatus = OK
Seq_Frame0096_Timestamp = 13.508
Seq_Frame0097_ForcepToReference-SequenceTransform =0.638351 -0.681061 -0.358697 137.704 0.587358 0.12979 0.798853 154.955 -0.497512 -0.720632 0.482878 72.2916 0 0 0 1 
Seq_Frame0097_ForcepToReference-SequenceTransformStatus = OK
Seq_Frame0097_Timestamp = 13.619
Seq_Frame0098_ForcepToReference-SequenceTransform =0.635574 -0.682967 -0.360002 137.81 0.588271 0.126432 0.798719 154.823 -0.499983 -0.719424 0.482127 72.6727 0 0 0 1 
Seq_Frame0098_ForcepToReference-SequenceTransformStatus = OK
Seq_Frame0098_Timestamp = 13.721
Seq_Frame0099_ForcepToReference-SequenceTransform =0.636708 -0.682844 -0.358226 137.668 0.58644 0.127157 0.799949 154.537 -0.50069 -0.719413 0.481409 73.0609 0 0 0 1 
Seq_Frame0099_ForcepToReference-SequenceTransformStatus = OK
Seq_Frame0099_Timestamp = 13.833
Seq_Frame0100_ForcepToReference-SequenceTransform =0.638612 -0.681288 -0.357802 137.614 0.584556 0.12709 0.801338 154.301 -0.500469 -0.720899 0.479412 73.0291 0 0 0 1 
Seq_Frame0100_ForcepToReference-SequenceTransformStatus = OK
Seq_Frame0100_Timestamp = 13.937
Seq_Frame0101_ForcepToReference-SequenceTransform =0.642829 -0.671485 -0.368618 137.313 0.589156 0.125857 0.798158 154.013 -0.489558 -0.730252 0.476513 72.6099 0 0 0 1 
Seq_Frame0101_ForcepToReference-SequenceTransformStatus = OK
Seq_Frame0101_Timestamp = 14.037
Seq_Frame0102_ForcepToReference-SequenceTransform =0.65067 -0.681668 -0.3346 134.674 0.554015 0.124801 0.823099 152.666 -0.519322 -0.720939 0.458859 69.3583 0 0 0 1 
Seq_Frame0102_ForcepToReference-SequenceTransformStatus = OK
Seq_Frame0102_Timestamp = 14.139
Seq_Frame0103_ForcepToReference-SequenceTransform =0.663662 -0.684416 -0.301873 131.876 0.555304 0.180386 0.811849 155.848 -0.501189 -0.706425 0.499774 63.2913 0 0 0 1 
Seq_Frame0103_ForcepToReference-SequenceTransformStatus = OK
Seq_Frame0103_Timestamp = 14.243
Seq_Frame0104_ForcepToReference-SequenceTransform =0.685951 -0.660717 -0.304834 132.321 0.554684 0.203658 0.806752 155.48 -0.470953 -0.722479 0.506189 64.3214 0 0 0 1 
Seq_Frame0104_ForcepToReference-SequenceTransformStatus = OK
Seq_Frame0104_Timestamp = 14.345
Seq_Frame0105_ForcepToReference-SequenceTransform =0.699017 -0.643997 -0.310874 132.734 0.551828 0.209284 0.80727 151.838 -0.454819 -0.735845 0.501669 67.0901 0 0 0 1 
Seq_Frame0105_ForcepToReference-SequenceTransformStatus = OK
Seq_Frame0105_Timestamp = 14.447
Seq_Frame0106_ForcepToReference-SequenceTransform =0.69729 -0.629579 -0.342662 132.053 0.572697 0.201851 0.794528 152.483 -0.431052 -0.750257 0.501307 67.1809 0 0 0 1 
Seq_Frame0106_ForcepToReference-SequenceTransformStatus = OK
Seq_Frame0106_Timestamp = 14.551
Seq_Frame0107_ForcepToReference-SequenceTransform =0.689595 -0.642875 -0.333422 131.168 0.570396 0.198475 0.797029 152.096 -0.446214 -0.73981 0.503561 66.884 0 0 0 1 
Seq_Frame0107_ForcepToReference-SequenceTransformStatus = OK
Seq_Frame0107_Timestamp = 14.652
Seq_Frame0108_ForcepToReference-SequenceTransform =0.685653 -0.6481 -0.33143 131.16 0.570928 0.196343 0.797177 152.106 -0.451577 -0.73581 0.504641 67.1526 0 0 0 1 
Seq_Frame0108_ForcepToReference-SequenceTransformStatus = OK
Seq_Frame0108_Timestamp = 14.754
Seq_Frame0109_ForcepToReference-SequenceTransform =0.68607 -0.64961 -0.32759 131.18 0.56999 0.200111 0.796911 152.149 -0.452127 -0.733459 0.507561 67.2238 0 0 0 1 
Seq_Frame0109_ForcepToReference-SequenceTransformStatus = OK
Seq_Frame0109_Timestamp = 14.861
Seq_Frame0110_ForcepToReference-SequenceTransform =0.689705 -0.639995 -0.338693 130.418 0.568418 0.188782 0.800789 151.241 -0.448562 -0.744827 0.493988 65.7672 0 0 0 1 
Seq_Frame0110_ForcepToReference-SequenceTransformStatus = OK
Seq_Frame0110_Timestamp = 14.964
Seq_Frame0111_ForcepToReference-SequenceTransform =0.681438 -0.648914 -0.338456 130.353 0.575004 0.18859 0.796118 151.23 -0.452783 -0.737119 0.501641 66.1884 0 0 0 1 
Seq_Frame0111_ForcepToReference-SequenceTransformStatus = OK
Seq_Frame0111_Timestamp = 15.068
Seq_Frame0112_ForcepToReference-SequenceTransform =0.677239 -0.654377 -0.336358 131.039 0.57495 0.185419 0.796902 151.529 -0.459107 -0.733082 0.501807 67.096 0 0 0 1 
Seq_Frame0112_ForcepToReference-SequenceTransformStatus = OK
Seq_Frame0112_Timestamp = 15.176
Seq_Frame0113_ForcepToReference-SequenceTransform =0.673156 -0.653484 -0.346149 131.478 0.581665 0.178849 0.793523 151.854 -0.456646 -0.735508 0.500502 67.3996 0 0 0 1 
Seq_Frame0113_ForcepToReference-SequenceTransformStatus = OK
Seq_Frame0113_Timestamp = 15.28
Seq_Frame0114_ForcepToReference-SequenceTransform =0.668101 -0.65667 -0.349894 131.551 0.583941 0.171297 0.793517 151.588 -0.461143 -0.734467 0.4979 67.5811 0 0 0 1 
Seq_Frame0114_ForcepToReference-SequenceTransformStatus = OK
Seq_Frame0114_Timestamp = 15.382
Seq_Frame0115_ForcepToReference-SequenceTransform =0.667235 -0.662379 -0.340662 131.315 0.578396 0.17259 0.79729 150.886 -0.469313 -0.729017 0.498276 66.6728 0 0 0 1 
Seq_Frame0115_ForcepToReference-SequenceTransformStatus = OK
Seq_Frame0115_Timestamp = 15.485
Seq_Frame0116_ForcepToReference-SequenceTransform =0.671679 -0.661768 -0.333033 132.155 0.570302 0.174943 0.80259 149.707 -0.472866 -0.729012 0.494913 67.8719 0 0 0 1 
Seq_Frame0116_ForcepToReference-SequenceTransformStatus = OK
Seq_Frame0116_Timestamp = 15.601
Seq_Frame0117_ForcepToReference-SequenceTransform =0.683375 -0.657381 -0.317566 133.147 0.553293 0.182557 0.812736 147.809 -0.476304 -0.73111 0.48848 67.4125 0 0 0 1 
Seq_Frame0117_ForcepToReference-SequenceTransformStatus = OK
Seq_Frame0117_Timestamp = 15.708
Seq_Frame0118_ForcepToReference-SequenceTransform =0.696928 -0.657452 -0.286442 134.358 0.529662 0.202611 0.823655 146.447 -0.483477 -0.725745 0.489432 67.4421 0 0 0 1 
Seq_Frame0118_ForcepToReference-SequenceTransformStatus = OK
Seq_Frame0118_Timestamp = 15.811
Seq_Frame0119_ForcepToReference-SequenceTransform =0.704518 -0.651869 -0.280572 135.434 0.513252 0.194968 0.835799 144.824 -0.490129 -0.73284 0.471932 67.4243 0 0 0 1 
Seq_Frame0119_ForcepToReference-SequenceTransformStatus = OK
Seq_Frame0119_Timestamp = 15.913
Seq_Frame0120_ForcepToReference-SequenceTransform =0.708018 -0.639974 -0.29857 136.065 0.517759 0.182905 0.835746 145.007 -0.480245 -0.746311 0.460853 67.6435 0 0 0 1 
Seq_Frame0120_ForcepToReference-SequenceTransformStatus = OK
Seq_Frame0120_Timestamp = 16.015
Seq_Frame0121_ForcepToReference-SequenceTransform =0.702881 -0.640649 -0.309075 136.295 0.531299 0.183943 0.826974 145.491 -0.472948 -0.745475 0.469667 67.7573 0 0 0 1 
Seq_Frame0121_ForcepToReference-SequenceTransformStatus = OK
Seq_Frame0121_Timestamp = 16.12
Seq_Frame0122_ForcepToReference-SequenceTransform =0.696192 -0.643737 -0.317678 136.402 0.538338 0.175437 0.824266 145.836 -0.474878 -0.744865 0.468686 67.6952 0 0 0 1 
Seq_Frame0122_ForcepToReference-SequenceTransformStatus = OK
Seq_Frame0122_Timestamp = 16.227
Seq_Frame0123_ForcepToReference-SequenceTransform =0.689235 -0.636968 -0.345293 136.73 0.543062 0.138687 0.82816 145.73 -0.479624 -0.758312 0.441501 68.7103 0 0 0 1 
Seq_Frame0123_ForcepToReference-SequenceTransformStatus = OK
Seq_Frame0123_Timestamp = 16.335
Seq_Frame0124_ForcepToReference-SequenceTransform =0.680205 -0.639487 -0.358298 136.489 0.548772 0.120193 0.827287 145.281 -0.485974 -0.759348 0.432689 68.7831 0 0 0 1 
Seq_Frame0124_ForcepToReference-SequenceTransformStatus = OK
Seq_Frame0124_Timestamp = 16.438
Seq_Frame0125_ForcepToReference-SequenceTransform =0.69106 -0.65262 -0.310682 133.775 0.515774 0.144119 0.844516 141.49 -0.506373 -0.743852 0.436199 63.4132 0 0 0 1 
Seq_Frame0125_ForcepToReference-SequenceTransformStatus = OK
Seq_Frame0125_Timestamp = 16.838
Seq_Frame0126_ForcepToReference-SequenceTransform =0.680566 -0.671916 -0.292162 131.512 0.512726 0.151901 0.845007 142.043 -0.523394 -0.724883 0.447888 62.39 0 0 0 1 
Seq_Frame0126_ForcepToReference-SequenceTransformStatus = OK
Seq_Frame0126_Timestamp = 16.978
Seq_Frame0127_ForcepToReference-SequenceTransform =0.671662 -0.683229 -0.286476 130.59 0.526842 0.168619 0.83307 143.228 -0.520872 -0.710469 0.473208 62.3424 0 0 0 1 
Seq_Frame0127_ForcepToReference-SequenceTransformStatus = OK
Seq_Frame0127_Timestamp = 17.079
Seq_Frame0128_ForcepToReference-SequenceTransform =0.669198 -0.682132 -0.294737 129.833 0.536105 0.168541 0.827155 143.823 -0.514554 -0.71154 0.478481 61.6805 0 0 0 1 
Seq_Frame0128_ForcepToReference-SequenceTransformStatus = OK
Seq_Frame0128_Timestamp = 17.183
Seq_Frame0129_ForcepToReference-SequenceTransform =0.662248 -0.690995 -0.289748 129.509 0.538863 0.170526 0.824953 144.206 -0.520628 -0.702458 0.485282 61.3024 0 0 0 1 
Seq_Frame0129_ForcepToReference-SequenceTransformStatus = OK
Seq_Frame0129_Timestamp = 17.285
Seq_Frame0130_ForcepToReference-SequenceTransform =0.659069 -0.691117 -0.296624 128.745 0.551659 0.176177 0.815251 144.554 -0.511175 -0.700942 0.497374 61.171 0 0 0 1 
Seq_Frame0130_ForcepToReference-SequenceTransformStatus = OK
Seq_Frame0130_Timestamp = 17.392
Seq_Frame0131_ForcepToReference-SequenceTransform =0.658632 -0.691211 -0.297375 128.43 0.552693 0.176206 0.814544 144.717 -0.510622 -0.700842 0.498082 61.6953 0 0 0 1 
Seq_Frame0131_ForcepToReference-SequenceTransformStatus = OK
Seq_Frame0131_Timestamp = 17.497
Seq_Frame0132_ForcepToReference-SequenceTransform =0.655669 -0.693287 -0.299082 128.572 0.559536 0.180183 0.808983 145.563 -0.506968 -0.697773 0.50606 62.1325 0 0 0 1 
Seq_Frame0132_ForcepToReference-SequenceTransformStatus = OK
Seq_Frame0132_Timestamp = 17.599
Seq_Frame0133_ForcepToReference-SequenceTransform =0.665729 -0.679425 -0.308523 130.809 0.563008 0.186 0.805249 146.525 -0.489721 -0.709779 0.506347 63.7414 0 0 0 1 
Seq_Frame0133_ForcepToReference-SequenceTransformStatus = OK
Seq_Frame0133_Timestamp = 17.701
Seq_Frame0134_ForcepToReference-SequenceTransform =0.67614 -0.657338 -0.332778 133.135 0.5693 0.179411 0.802315 146.904 -0.467688 -0.731928 0.49553 65.8192 0 0 0 1 
Seq_Frame0134_ForcepToReference-SequenceTransformStatus = OK
Seq_Frame0134_Timestamp = 17.803
Seq_Frame0135_ForcepToReference-SequenceTransform =0.667302 -0.65983 -0.345445 134.827 0.575398 0.162236 0.801621 147.223 -0.47289 -0.733692 0.487925 66.882 0 0 0 1 
Seq_Frame0135_ForcepToReference-SequenceTransformStatus = OK
Seq_Frame0135_Timestamp = 17.904
Seq_Frame0136_ForcepToReference-SequenceTransform =0.668628 -0.651125 -0.359129 135.422 0.571894 0.141606 0.808013 147.962 -0.475262 -0.745644 0.467056 67.2561 0 0 0 1 
Seq_Frame0136_ForcepToReference-SequenceTransformStatus = OK
Seq_Frame0136_Timestamp = 18.005
Seq_Frame0137_ForcepToReference-SequenceTransform =0.668273 -0.647871 -0.365614 135.248 0.582493 0.150006 0.798874 148.623 -0.462723 -0.746834 0.477626 66.9908 0 0 0 1 
Seq_Frame0137_ForcepToReference-SequenceTransformStatus = OK
Seq_Frame0137_Timestamp = 18.11
Seq_Frame0138_ForcepToReference-SequenceTransform =0.671594 -0.645496 -0.363725 136.388 0.583576 0.158377 0.796465 148.393 -0.456509 -0.747162 0.483061 68.6395 0 0 0 1 
Seq_Frame0138_ForcepToReference-SequenceTransformStatus = OK
Seq_Frame0138_Timestamp = 18.218
Seq_Frame0139_ForcepToReference-SequenceTransform =0.675392 -0.63537 -0.374367 136.932 0.584701 0.152 0.796882 148.592 -0.449411 -0.757101 0.474161 68.252 0 0 0 1 
Seq_Frame0139_ForcepToReference-SequenceTransformStatus = OK
Seq_Frame0139_Timestamp = 18.326
Seq_Frame0140_ForcepToReference-SequenceTransform =0.678271 -0.630621 -0.377181 137.197 0.582995 0.14938 0.798626 148.305 -0.447287 -0.761579 0.468969 68.1794 0 0 0 1 
Seq_Frame0140_ForcepToReference-SequenceTransformStatus = OK
Seq_Frame0140_Timestamp = 18.433
Seq_Frame0141_ForcepToReference-SequenceTransform =0.675212 -0.634821 -0.375621 137.603 0.585465 0.151477 0.79642 147.99 -0.448686 -0.757666 0.473944 68.6316 0 0 0 1 
Seq_Frame0141_ForcepToReference-SequenceTransformStatus = OK
Seq_Frame0141_Timestamp = 18.538
Seq_Frame0142_ForcepToReference-SequenceTransform =0.670531 -0.63947 -0.37612 137.997 0.586626 0.146657 0.796468 148.017 -0.454157 -0.754699 0.473468 69.1296 0 0 0 1 
Seq_Frame0142_ForcepToReference-SequenceTransformStatus = OK
Seq_Frame0142_Timestamp = 18.642
Seq_Frame0143_ForcepToReference-SequenceTransform =0.67143 -0.639185 -0.374999 137.795 0.577815 0.134699 0.804976 147.702 -0.464017 -0.757165 0.459771 68.4947 0 0 0 1 
Seq_Frame0143_ForcepToReference-SequenceTransformStatus = OK
Seq_Frame0143_Timestamp = 18.751
Seq_Frame0144_ForcepToReference-SequenceTransform =0.670729 -0.640105 -0.374684 137.579 0.576237 0.131657 0.806609 147.498 -0.466985 -0.756922 0.457158 68.5367 0 0 0 1 
Seq_Frame0144_ForcepToReference-SequenceTransformStatus = OK
Seq_Frame0144_Timestamp = 18.859
Seq_Frame0145_ForcepToReference-SequenceTransform =0.665865 -0.645268 -0.374504 137.385 0.577476 0.127931 0.806322 147.577 -0.472383 -0.753168 0.457812 68.5784 0 0 0 1 
Seq_Frame0145_ForcepToReference-SequenceTransformStatus = OK
Seq_Frame0145_Timestamp = 18.962
Seq_Frame0146_ForcepToReference-SequenceTransform =0.665351 -0.640366 -0.383717 137.435 0.590287 0.136613 0.795549 148.304 -0.457022 -0.755823 0.468895 68.2799 0 0 0 1 
Seq_Frame0146_ForcepToReference-SequenceTransformStatus = OK
Seq_Frame0146_Timestamp = 19.068
Seq_Frame0147_ForcepToReference-SequenceTransform =0.661544 -0.639041 -0.39241 137.355 0.590358 0.121126 0.798001 148.924 -0.462424 -0.759576 0.457394 68.2968 0 0 0 1 
Seq_Frame0147_ForcepToReference-SequenceTransformStatus = OK
Seq_Frame0147_Timestamp = 19.168
Seq_Frame0148_ForcepToReference-SequenceTransform =0.659867 -0.64178 -0.390762 137.343 0.589277 0.119355 0.799067 148.684 -0.466185 -0.757544 0.456944 68.8019 0 0 0 1 
Seq_Frame0148_ForcepToReference-SequenceTransformStatus = OK
Seq_Frame0148_Timestamp = 19.272
Seq_Frame0149_ForcepToReference-SequenceTransform =0.660216 -0.643014 -0.388134 137.379 0.587027 0.119408 0.800713 148.425 -0.468524 -0.756488 0.456301 69.2621 0 0 0 1 
Seq_Frame0149_ForcepToReference-SequenceTransformStatus = OK
Seq_Frame0149_Timestamp = 19.374
Seq_Frame0150_ForcepToReference-SequenceTransform =0.662214 -0.638017 -0.392947 137.456 0.58837 0.118014 0.799934 148.388 -0.463998 -0.760925 0.45354 68.8969 0 0 0 1 
Seq_Frame0150_ForcepToReference-SequenceTransformStatus = OK
Seq_Frame0150_Timestamp = 19.474
Seq_Frame0151_ForcepToReference-SequenceTransform =0.660617 -0.643916 -0.38595 137.42 0.585577 0.120276 0.801644 147.688 -0.469771 -0.755583 0.456519 68.3056 0 0 0 1 
