ObjectType = Image
NDims = 3
AnatomicalOrientation = RAI
BinaryData = True
CompressedData = False
DimSize = 0 0 6113
ElementSpacing = 1 1 1
Offset = 0 0 0
TransformMatrix = 1 0 0 0 1 0 0 0 1
ElementType = MET_UCHAR
Kinds = domain domain list
Seq_Frame0000_ForcepToReference-SequenceTransform =0.610514 -0.107099 -0.784731 99.3433 0.521887 -0.690883 0.500314 19.5368 -0.595741 -0.71499 -0.3659 37.9294 0 0 0 1 
Seq_Frame0000_ForcepToReference-SequenceTransformStatus = OK
Seq_Frame0000_Timestamp = 0.0110002
Seq_Frame0001_ForcepToReference-SequenceTransform =0.610514 -0.107099 -0.784731 99.3433 0.521887 -0.690883 0.500314 19.5368 -0.595741 -0.71499 -0.3659 37.9294 0 0 0 1 
Seq_Frame0001_ForcepToReference-SequenceTransformStatus = OK
Seq_Frame0001_Timestamp = 0.112
Seq_Frame0002_ForcepToReference-SequenceTransform =0.610514 -0.107099 -0.784731 99.3433 0.521887 -0.690883 0.500314 19.5368 -0.595741 -0.71499 -0.3659 37.9294 0 0 0 1 
Seq_Frame0002_ForcepToReference-SequenceTransformStatus = OK
Seq_Frame0002_Timestamp = 0.214
Seq_Frame0003_ForcepToReference-SequenceTransform =0.610514 -0.107099 -0.784731 99.3433 0.521887 -0.690883 0.500314 19.5368 -0.595741 -0.71499 -0.3659 37.9294 0 0 0 1 
Seq_Frame0003_ForcepToReference-SequenceTransformStatus = OK
Seq_Frame0003_Timestamp = 0.317
Seq_Frame0004_ForcepToReference-SequenceTransform =0.610514 -0.107099 -0.784731 99.3433 0.521887 -0.690883 0.500314 19.5368 -0.595741 -0.71499 -0.3659 37.9294 0 0 0 1 
Seq_Frame0004_ForcepToReference-SequenceTransformStatus = OK
Seq_Frame0004_Timestamp = 0.429
Seq_Frame0005_ForcepToReference-SequenceTransform =0.610514 -0.107099 -0.784731 99.3433 0.521887 -0.690883 0.500314 19.5368 -0.595741 -0.71499 -0.3659 37.9294 0 0 0 1 
Seq_Frame0005_ForcepToReference-SequenceTransformStatus = OK
Seq_Frame0005_Timestamp = 0.542
Seq_Frame0006_ForcepToReference-SequenceTransform =0.610514 -0.107099 -0.784731 99.3433 0.521887 -0.690883 0.500314 19.5368 -0.595741 -0.71499 -0.3659 37.9294 0 0 0 1 
Seq_Frame0006_ForcepToReference-SequenceTransformStatus = OK
Seq_Frame0006_Timestamp = 0.648
Seq_Frame0007_ForcepToReference-SequenceTransform =0.610514 -0.107099 -0.784731 99.3433 0.521887 -0.690883 0.500314 19.5368 -0.595741 -0.71499 -0.3659 37.9294 0 0 0 1 
Seq_Frame0007_ForcepToReference-SequenceTransformStatus = OK
Seq_Frame0007_Timestamp = 0.752
Seq_Frame0008_ForcepToReference-SequenceTransform =0.610514 -0.107099 -0.784731 99.3433 0.521887 -0.690883 0.500314 19.5368 -0.595741 -0.71499 -0.3659 37.9294 0 0 0 1 
Seq_Frame0008_ForcepToReference-SequenceTransformStatus = OK
Seq_Frame0008_Timestamp = 0.858
Seq_Frame0009_ForcepToReference-SequenceTransform =0.610514 -0.107099 -0.784731 99.3433 0.521887 -0.690883 0.500314 19.5368 -0.595741 -0.71499 -0.3659 37.9294 0 0 0 1 
Seq_Frame0009_ForcepToReference-SequenceTransformStatus = OK
Seq_Frame0009_Timestamp = 0.962
Seq_Frame0010_ForcepToReference-SequenceTransform =0.610514 -0.107099 -0.784731 99.3433 0.521887 -0.690883 0.500314 19.5368 -0.595741 -0.71499 -0.3659 37.9294 0 0 0 1 
Seq_Frame0010_ForcepToReference-SequenceTransformStatus = OK
Seq_Frame0010_Timestamp = 1.068
Seq_Frame0011_ForcepToReference-SequenceTransform =0.610514 -0.107099 -0.784731 99.3433 0.521887 -0.690883 0.500314 19.5368 -0.595741 -0.71499 -0.3659 37.9294 0 0 0 1 
Seq_Frame0011_ForcepToReference-SequenceTransformStatus = OK
Seq_Frame0011_Timestamp = 1.173
Seq_Frame0012_ForcepToReference-SequenceTransform =0.610514 -0.107099 -0.784731 99.3433 0.521887 -0.690883 0.500314 19.5368 -0.595741 -0.71499 -0.3659 37.9294 0 0 0 1 
Seq_Frame0012_ForcepToReference-SequenceTransformStatus = OK
Seq_Frame0012_Timestamp = 1.283
Seq_Frame0013_ForcepToReference-SequenceTransform =0.610514 -0.107099 -0.784731 99.3433 0.521887 -0.690883 0.500314 19.5368 -0.595741 -0.71499 -0.3659 37.9294 0 0 0 1 
Seq_Frame0013_ForcepToReference-SequenceTransformStatus = OK
Seq_Frame0013_Timestamp = 1.387
Seq_Frame0014_ForcepToReference-SequenceTransform =0.610514 -0.107099 -0.784731 99.3433 0.521887 -0.690883 0.500314 19.5368 -0.595741 -0.71499 -0.3659 37.9294 0 0 0 1 
Seq_Frame0014_ForcepToReference-SequenceTransformStatus = OK
Seq_Frame0014_Timestamp = 1.493
Seq_Frame0015_ForcepToReference-SequenceTransform =0.610514 -0.107099 -0.784731 99.3433 0.521887 -0.690883 0.500314 19.5368 -0.595741 -0.71499 -0.3659 37.9294 0 0 0 1 
Seq_Frame0015_ForcepToReference-SequenceTransformStatus = OK
Seq_Frame0015_Timestamp = 1.598
Seq_Frame0016_ForcepToReference-SequenceTransform =0.610514 -0.107099 -0.784731 99.3433 0.521887 -0.690883 0.500314 19.5368 -0.595741 -0.71499 -0.3659 37.9294 0 0 0 1 
Seq_Frame0016_ForcepToReference-SequenceTransformStatus = OK
Seq_Frame0016_Timestamp = 1.702
Seq_Frame0017_ForcepToReference-SequenceTransform =0.610514 -0.107099 -0.784731 99.3433 0.521887 -0.690883 0.500314 19.5368 -0.595741 -0.71499 -0.3659 37.9294 0 0 0 1 
Seq_Frame0017_ForcepToReference-SequenceTransformStatus = OK
Seq_Frame0017_Timestamp = 1.809
Seq_Frame0018_ForcepToReference-SequenceTransform =0.610514 -0.107099 -0.784731 99.3433 0.521887 -0.690883 0.500314 19.5368 -0.595741 -0.71499 -0.3659 37.9294 0 0 0 1 
Seq_Frame0018_ForcepToReference-SequenceTransformStatus = OK
Seq_Frame0018_Timestamp = 1.913
Seq_Frame0019_ForcepToReference-SequenceTransform =0.610514 -0.107099 -0.784731 99.3433 0.521887 -0.690883 0.500314 19.5368 -0.595741 -0.71499 -0.3659 37.9294 0 0 0 1 
Seq_Frame0019_ForcepToReference-SequenceTransformStatus = OK
Seq_Frame0019_Timestamp = 2.017
Seq_Frame0020_ForcepToReference-SequenceTransform =0.610514 -0.107099 -0.784731 99.3433 0.521887 -0.690883 0.500314 19.5368 -0.595741 -0.71499 -0.3659 37.9294 0 0 0 1 
Seq_Frame0020_ForcepToReference-SequenceTransformStatus = OK
Seq_Frame0020_Timestamp = 2.123
Seq_Frame0021_ForcepToReference-SequenceTransform =0.610514 -0.107099 -0.784731 99.3433 0.521887 -0.690883 0.500314 19.5368 -0.595741 -0.71499 -0.3659 37.9294 0 0 0 1 
Seq_Frame0021_ForcepToReference-SequenceTransformStatus = OK
Seq_Frame0021_Timestamp = 2.233
Seq_Frame0022_ForcepToReference-SequenceTransform =0.610514 -0.107099 -0.784731 99.3433 0.521887 -0.690883 0.500314 19.5368 -0.595741 -0.71499 -0.3659 37.9294 0 0 0 1 
Seq_Frame0022_ForcepToReference-SequenceTransformStatus = OK
Seq_Frame0022_Timestamp = 2.337
Seq_Frame0023_ForcepToReference-SequenceTransform =0.610514 -0.107099 -0.784731 99.3433 0.521887 -0.690883 0.500314 19.5368 -0.595741 -0.71499 -0.3659 37.9294 0 0 0 1 
Seq_Frame0023_ForcepToReference-SequenceTransformStatus = OK
Seq_Frame0023_Timestamp = 2.447
Seq_Frame0024_ForcepToReference-SequenceTransform =0.610514 -0.107099 -0.784731 99.3433 0.521887 -0.690883 0.500314 19.5368 -0.595741 -0.71499 -0.3659 37.9294 0 0 0 1 
Seq_Frame0024_ForcepToReference-SequenceTransformStatus = OK
Seq_Frame0024_Timestamp = 2.558
Seq_Frame0025_ForcepToReference-SequenceTransform =0.610514 -0.107099 -0.784731 99.3433 0.521887 -0.690883 0.500314 19.5368 -0.595741 -0.71499 -0.3659 37.9294 0 0 0 1 
Seq_Frame0025_ForcepToReference-SequenceTransformStatus = OK
Seq_Frame0025_Timestamp = 2.662
Seq_Frame0026_ForcepToReference-SequenceTransform =0.610514 -0.107099 -0.784731 99.3433 0.521887 -0.690883 0.500314 19.5368 -0.595741 -0.71499 -0.3659 37.9294 0 0 0 1 
Seq_Frame0026_ForcepToReference-SequenceTransformStatus = OK
Seq_Frame0026_Timestamp = 2.773
Seq_Frame0027_ForcepToReference-SequenceTransform =0.610514 -0.107099 -0.784731 99.3433 0.521887 -0.690883 0.500314 19.5368 -0.595741 -0.71499 -0.3659 37.9294 0 0 0 1 
Seq_Frame0027_ForcepToReference-SequenceTransformStatus = OK
Seq_Frame0027_Timestamp = 2.883
Seq_Frame0028_ForcepToReference-SequenceTransform =0.610514 -0.107099 -0.784731 99.3433 0.521887 -0.690883 0.500314 19.5368 -0.595741 -0.71499 -0.3659 37.9294 0 0 0 1 
Seq_Frame0028_ForcepToReference-SequenceTransformStatus = OK
Seq_Frame0028_Timestamp = 3.062
Seq_Frame0029_ForcepToReference-SequenceTransform =0.742533 0.0175415 -0.66958 112.174 0.498292 -0.682494 0.534703 25.4092 -0.447604 -0.730681 -0.515515 38.1747 0 0 0 1 
Seq_Frame0029_ForcepToReference-SequenceTransformStatus = OK
Seq_Frame0029_Timestamp = 3.862
Seq_Frame0030_ForcepToReference-SequenceTransform =0.731448 0.0333852 -0.681079 111.669 0.503983 -0.699266 0.506979 26.5442 -0.45933 -0.714081 -0.528303 37.1818 0 0 0 1 
Seq_Frame0030_ForcepToReference-SequenceTransformStatus = OK
Seq_Frame0030_Timestamp = 3.967
Seq_Frame0031_ForcepToReference-SequenceTransform =0.707954 0.0360222 -0.705339 111.665 0.518313 -0.704888 0.484236 26.1514 -0.479742 -0.708404 -0.517699 37.6772 0 0 0 1 
Seq_Frame0031_ForcepToReference-SequenceTransformStatus = OK
Seq_Frame0031_Timestamp = 4.072
Seq_Frame0032_ForcepToReference-SequenceTransform =0.687359 0.0371498 -0.725368 111.583 0.527712 -0.71175 0.463608 26.3487 -0.499058 -0.70145 -0.508832 38.1185 0 0 0 1 
Seq_Frame0032_ForcepToReference-SequenceTransformStatus = OK
Seq_Frame0032_Timestamp = 4.175
Seq_Frame0033_ForcepToReference-SequenceTransform =0.677558 0.031722 -0.734785 111.858 0.534311 -0.707768 0.462142 25.6671 -0.505397 -0.705732 -0.496504 38.7001 0 0 0 1 
Seq_Frame0033_ForcepToReference-SequenceTransformStatus = OK
Seq_Frame0033_Timestamp = 4.284
Seq_Frame0034_ForcepToReference-SequenceTransform =0.687207 0.028855 -0.725889 112.199 0.528636 -0.705232 0.472432 25.7433 -0.498288 -0.708389 -0.499894 38.4104 0 0 0 1 
Seq_Frame0034_ForcepToReference-SequenceTransformStatus = OK
Seq_Frame0034_Timestamp = 4.822
Seq_Frame0035_ForcepToReference-SequenceTransform =0.689654 0.0256283 -0.723685 112.382 0.533861 -0.693207 0.484207 24.0499 -0.489254 -0.720283 -0.491755 39.3017 0 0 0 1 
Seq_Frame0035_ForcepToReference-SequenceTransformStatus = OK
Seq_Frame0035_Timestamp = 4.925
Seq_Frame0036_ForcepToReference-SequenceTransform =0.689027 0.0355848 -0.723861 111.56 0.524547 -0.713687 0.46422 25.961 -0.500091 -0.69956 -0.510416 38.0616 0 0 0 1 
Seq_Frame0036_ForcepToReference-SequenceTransformStatus = OK
Seq_Frame0036_Timestamp = 5.033
Seq_Frame0037_ForcepToReference-SequenceTransform =0.683243 0.0319725 -0.729491 111.904 0.53042 -0.708331 0.465748 25.6977 -0.50183 -0.705156 -0.500921 38.2821 0 0 0 1 
Seq_Frame0037_ForcepToReference-SequenceTransformStatus = OK
Seq_Frame0037_Timestamp = 5.142
Seq_Frame0038_ForcepToReference-SequenceTransform =0.677543 0.0175031 -0.735275 113.697 0.507211 -0.735077 0.449888 27.6712 -0.532609 -0.677758 -0.506924 35.123 0 0 0 1 
Seq_Frame0038_ForcepToReference-SequenceTransformStatus = OK
Seq_Frame0038_Timestamp = 5.247
Seq_Frame0039_ForcepToReference-SequenceTransform =0.685239 0.0324744 -0.727594 111.871 0.515592 -0.727218 0.45312 28.1559 -0.514405 -0.685638 -0.515062 36.8083 0 0 0 1 
Seq_Frame0039_ForcepToReference-SequenceTransformStatus = OK
Seq_Frame0039_Timestamp = 5.792
Seq_Frame0040_ForcepToReference-SequenceTransform =0.688026 0.0253107 -0.725244 112.404 0.533967 -0.694434 0.482329 24.2834 -0.491426 -0.719112 -0.491304 39.213 0 0 0 1 
Seq_Frame0040_ForcepToReference-SequenceTransformStatus = OK
Seq_Frame0040_Timestamp = 6.623
Seq_Frame0041_ForcepToReference-SequenceTransform =0.688642 0.0357808 -0.724218 111.715 0.527622 -0.709837 0.466633 26.0658 -0.49738 -0.703457 -0.507702 38.1237 0 0 0 1 
Seq_Frame0041_ForcepToReference-SequenceTransformStatus = OK
Seq_Frame0041_Timestamp = 6.725
Seq_Frame0042_ForcepToReference-SequenceTransform =0.690357 0.035051 -0.722619 111.796 0.526077 -0.709983 0.468152 25.781 -0.496638 -0.703346 -0.508582 38.1811 0 0 0 1 
Seq_Frame0042_ForcepToReference-SequenceTransformStatus = OK
Seq_Frame0042_Timestamp = 6.833
Seq_Frame0043_ForcepToReference-SequenceTransform =0.68925 0.0342008 -0.723715 111.854 0.528334 -0.707246 0.469751 25.7501 -0.495779 -0.70614 -0.505539 38.2374 0 0 0 1 
Seq_Frame0043_ForcepToReference-SequenceTransformStatus = OK
Seq_Frame0043_Timestamp = 6.939
Seq_Frame0044_ForcepToReference-SequenceTransform =0.689244 0.0344547 -0.72371 111.85 0.529485 -0.705774 0.470668 25.7498 -0.494559 -0.707598 -0.504694 38.3039 0 0 0 1 
Seq_Frame0044_ForcepToReference-SequenceTransformStatus = OK
Seq_Frame0044_Timestamp = 7.043
Seq_Frame0045_ForcepToReference-SequenceTransform =0.689189 0.0342199 -0.723773 111.834 0.52775 -0.708145 0.469052 25.7918 -0.496486 -0.705237 -0.506106 38.1792 0 0 0 1 
Seq_Frame0045_ForcepToReference-SequenceTransformStatus = OK
Seq_Frame0045_Timestamp = 7.152
Seq_Frame0046_ForcepToReference-SequenceTransform =0.688813 0.0340386 -0.724139 111.837 0.527522 -0.708697 0.468475 25.7862 -0.497249 -0.704692 -0.506116 38.2022 0 0 0 1 
Seq_Frame0046_ForcepToReference-SequenceTransformStatus = OK
Seq_Frame0046_Timestamp = 7.263
Seq_Frame0047_ForcepToReference-SequenceTransform =0.688333 0.0339423 -0.724601 111.844 0.528007 -0.708388 0.468396 25.8164 -0.4974 -0.705007 -0.505528 38.1972 0 0 0 1 
Seq_Frame0047_ForcepToReference-SequenceTransformStatus = OK
Seq_Frame0047_Timestamp = 7.375
Seq_Frame0048_ForcepToReference-SequenceTransform =0.688693 0.0339488 -0.724258 111.844 0.527809 -0.708342 0.468688 25.7616 -0.497111 -0.705052 -0.505749 38.2618 0 0 0 1 
Seq_Frame0048_ForcepToReference-SequenceTransformStatus = OK
Seq_Frame0048_Timestamp = 7.478
Seq_Frame0049_ForcepToReference-SequenceTransform =0.68933 0.0343155 -0.723634 111.833 0.527334 -0.708669 0.46873 25.8066 -0.496732 -0.704707 -0.506603 38.2589 0 0 0 1 
Seq_Frame0049_ForcepToReference-SequenceTransformStatus = OK
Seq_Frame0049_Timestamp = 7.582
Seq_Frame0050_ForcepToReference-SequenceTransform =0.688552 0.033916 -0.724394 111.839 0.528037 -0.708128 0.468756 25.8412 -0.497065 -0.705269 -0.505491 38.1947 0 0 0 1 
Seq_Frame0050_ForcepToReference-SequenceTransformStatus = OK
Seq_Frame0050_Timestamp = 7.688
Seq_Frame0051_ForcepToReference-SequenceTransform =0.68905 0.0343801 -0.723898 111.858 0.529378 -0.70606 0.470361 25.7666 -0.494944 -0.707317 -0.50471 38.35 0 0 0 1 
Seq_Frame0051_ForcepToReference-SequenceTransformStatus = OK
Seq_Frame0051_Timestamp = 7.793
Seq_Frame0052_ForcepToReference-SequenceTransform =0.688598 0.0339846 -0.724346 111.85 0.527962 -0.708236 0.468677 25.7874 -0.49708 -0.705157 -0.505633 38.2538 0 0 0 1 
Seq_Frame0052_ForcepToReference-SequenceTransformStatus = OK
Seq_Frame0052_Timestamp = 7.898
Seq_Frame0053_ForcepToReference-SequenceTransform =0.688505 0.0338049 -0.724443 111.85 0.528425 -0.707547 0.469195 25.7647 -0.496717 -0.705857 -0.505013 38.212 0 0 0 1 
Seq_Frame0053_ForcepToReference-SequenceTransformStatus = OK
Seq_Frame0053_Timestamp = 8.003
Seq_Frame0054_ForcepToReference-SequenceTransform =0.692215 0.0342027 -0.720881 111.876 0.528465 -0.704284 0.474035 25.5384 -0.491491 -0.709094 -0.50559 38.3611 0 0 0 1 
Seq_Frame0054_ForcepToReference-SequenceTransformStatus = OK
Seq_Frame0054_Timestamp = 8.113
Seq_Frame0055_ForcepToReference-SequenceTransform =0.688858 0.0330364 -0.724143 111.914 0.529256 -0.705538 0.47128 25.4812 -0.495341 -0.707902 -0.5035 38.4481 0 0 0 1 
Seq_Frame0055_ForcepToReference-SequenceTransformStatus = OK
Seq_Frame0055_Timestamp = 8.217
Seq_Frame0056_ForcepToReference-SequenceTransform =0.689152 0.0331068 -0.72386 111.925 0.527837 -0.707335 0.470176 25.645 -0.496446 -0.706103 -0.504936 38.3495 0 0 0 1 
Seq_Frame0056_ForcepToReference-SequenceTransformStatus = OK
Seq_Frame0056_Timestamp = 8.333
Seq_Frame0057_ForcepToReference-SequenceTransform =0.688336 0.0326605 -0.724656 111.927 0.528798 -0.706432 0.470455 25.6271 -0.496555 -0.707027 -0.503533 38.2994 0 0 0 1 
Seq_Frame0057_ForcepToReference-SequenceTransformStatus = OK
Seq_Frame0057_Timestamp = 8.447
Seq_Frame0058_ForcepToReference-SequenceTransform =0.687374 0.0327081 -0.725567 111.973 0.529954 -0.705704 0.470245 25.7246 -0.496655 -0.707751 -0.502416 38.3219 0 0 0 1 
Seq_Frame0058_ForcepToReference-SequenceTransformStatus = OK
Seq_Frame0058_Timestamp = 8.552
Seq_Frame0059_ForcepToReference-SequenceTransform =0.688527 0.0326709 -0.724475 111.929 0.528932 -0.70607 0.470846 25.5745 -0.496147 -0.707388 -0.503429 38.3493 0 0 0 1 
Seq_Frame0059_ForcepToReference-SequenceTransformStatus = OK
Seq_Frame0059_Timestamp = 8.663
Seq_Frame0060_ForcepToReference-SequenceTransform =0.688882 0.0327664 -0.724133 111.93 0.528432 -0.706516 0.470738 25.6222 -0.496187 -0.706938 -0.504021 38.3602 0 0 0 1 
Seq_Frame0060_ForcepToReference-SequenceTransformStatus = OK
Seq_Frame0060_Timestamp = 8.767
Seq_Frame0061_ForcepToReference-SequenceTransform =0.689661 0.0329487 -0.723382 111.917 0.527903 -0.706666 0.471107 25.5668 -0.495667 -0.70678 -0.504754 38.4012 0 0 0 1 
Seq_Frame0061_ForcepToReference-SequenceTransformStatus = OK
Seq_Frame0061_Timestamp = 8.873
Seq_Frame0062_ForcepToReference-SequenceTransform =0.689724 0.0333252 -0.723305 111.919 0.52962 -0.704395 0.472578 25.4984 -0.493743 -0.709026 -0.503488 38.5256 0 0 0 1 
Seq_Frame0062_ForcepToReference-SequenceTransformStatus = OK
Seq_Frame0062_Timestamp = 8.978
Seq_Frame0063_ForcepToReference-SequenceTransform =0.689447 0.0330912 -0.72358 111.915 0.528597 -0.705967 0.471377 25.5502 -0.495225 -0.707472 -0.504219 38.4425 0 0 0 1 
Seq_Frame0063_ForcepToReference-SequenceTransformStatus = OK
Seq_Frame0063_Timestamp = 9.082
Seq_Frame0064_ForcepToReference-SequenceTransform =0.689566 0.0336549 -0.72344 111.891 0.529518 -0.704905 0.471932 25.592 -0.494074 -0.708503 -0.503899 38.4074 0 0 0 1 
Seq_Frame0064_ForcepToReference-SequenceTransformStatus = OK
Seq_Frame0064_Timestamp = 9.193
Seq_Frame0065_ForcepToReference-SequenceTransform =0.689332 0.0337546 -0.723658 111.89 0.529082 -0.705813 0.471063 25.6519 -0.494867 -0.707594 -0.504399 38.3973 0 0 0 1 
Seq_Frame0065_ForcepToReference-SequenceTransformStatus = OK
Seq_Frame0065_Timestamp = 9.293
Seq_Frame0066_ForcepToReference-SequenceTransform =0.689108 0.0336208 -0.723879 111.873 0.527407 -0.708319 0.469176 25.711 -0.496963 -0.705091 -0.50584 38.2454 0 0 0 1 
Seq_Frame0066_ForcepToReference-SequenceTransformStatus = OK
Seq_Frame0066_Timestamp = 9.409
Seq_Frame0067_ForcepToReference-SequenceTransform =0.689518 0.0336041 -0.723488 111.882 0.528062 -0.706998 0.47043 25.6546 -0.495696 -0.706417 -0.505233 38.3223 0 0 0 1 
Seq_Frame0067_ForcepToReference-SequenceTransformStatus = OK
Seq_Frame0067_Timestamp = 9.523
Seq_Frame0068_ForcepToReference-SequenceTransform =0.688837 0.0335974 -0.724138 111.868 0.527796 -0.708001 0.469218 25.7167 -0.496926 -0.705411 -0.50543 38.2689 0 0 0 1 
Seq_Frame0068_ForcepToReference-SequenceTransformStatus = OK
Seq_Frame0068_Timestamp = 9.629
Seq_Frame0069_ForcepToReference-SequenceTransform =0.689156 0.0333783 -0.723844 111.898 0.527839 -0.707505 0.469918 25.6719 -0.496438 -0.70592 -0.505199 38.3 0 0 0 1 
Seq_Frame0069_ForcepToReference-SequenceTransformStatus = OK
Seq_Frame0069_Timestamp = 9.732
Seq_Frame0070_ForcepToReference-SequenceTransform =0.688493 0.0329417 -0.724495 111.923 0.528294 -0.707185 0.469888 25.66 -0.496873 -0.706261 -0.504295 38.3124 0 0 0 1 
Seq_Frame0070_ForcepToReference-SequenceTransformStatus = OK
Seq_Frame0070_Timestamp = 9.844
Seq_Frame0071_ForcepToReference-SequenceTransform =0.689134 0.0319943 -0.723927 111.875 0.5246 -0.711205 0.467955 25.5297 -0.499889 -0.702256 -0.5069 38.0641 0 0 0 1 
Seq_Frame0071_ForcepToReference-SequenceTransformStatus = OK
Seq_Frame0071_Timestamp = 9.947
Seq_Frame0072_ForcepToReference-SequenceTransform =0.688795 0.0330713 -0.724202 111.906 0.528992 -0.705997 0.470888 25.567 -0.495712 -0.707442 -0.503781 38.3741 0 0 0 1 
Seq_Frame0072_ForcepToReference-SequenceTransformStatus = OK
Seq_Frame0072_Timestamp = 10.053
Seq_Frame0073_ForcepToReference-SequenceTransform =0.69126 0.0545577 -0.720544 113.558 0.528429 -0.718295 0.452566 24.9884 -0.492872 -0.693597 -0.525358 36.7039 0 0 0 1 
Seq_Frame0073_ForcepToReference-SequenceTransformStatus = OK
Seq_Frame0073_Timestamp = 10.158
Seq_Frame0074_ForcepToReference-SequenceTransform =0.705659 0.207446 -0.677503 114.223 0.591511 -0.698876 0.402103 27.8495 -0.390076 -0.684498 -0.615875 42.0088 0 0 0 1 
Seq_Frame0074_ForcepToReference-SequenceTransformStatus = OK
Seq_Frame0074_Timestamp = 10.263
Seq_Frame0075_ForcepToReference-SequenceTransform =0.662911 0.168425 -0.729508 107.992 0.472196 -0.850197 0.232799 28.4893 -0.581017 -0.498796 -0.643134 34.0973 0 0 0 1 
Seq_Frame0075_ForcepToReference-SequenceTransformStatus = OK
Seq_Frame0075_Timestamp = 10.367
Seq_Frame0076_ForcepToReference-SequenceTransform =0.425962 0.265364 -0.86495 93.9947 0.461471 -0.886035 -0.0445723 70.4666 -0.778204 -0.380163 -0.499875 8.6418 0 0 0 1 
Seq_Frame0076_ForcepToReference-SequenceTransformStatus = OK
Seq_Frame0076_Timestamp = 10.473
Seq_Frame0077_ForcepToReference-SequenceTransform =0.139309 -0.233925 -0.962222 40.1863 0.715879 -0.647578 0.261076 126.337 -0.684186 -0.725205 0.0772486 -42.7184 0 0 0 1 
Seq_Frame0077_ForcepToReference-SequenceTransformStatus = OK
Seq_Frame0077_Timestamp = 10.578
Seq_Frame0078_ForcepToReference-SequenceTransform =-0.0560176 -0.155773 -0.986203 25.6591 0.432839 -0.893898 0.116607 126.545 -0.899729 -0.420335 0.117499 -31.4 0 0 0 1 
Seq_Frame0078_ForcepToReference-SequenceTransformStatus = OK
Seq_Frame0078_Timestamp = 10.689
Seq_Frame0079_ForcepToReference-SequenceTransform =0.0768813 0.0108343 -0.996981 42.8903 0.23488 -0.971995 0.00754977 129.903 -0.968979 -0.234752 -0.077273 -8.4064 0 0 0 1 
Seq_Frame0079_ForcepToReference-SequenceTransformStatus = OK
Seq_Frame0079_Timestamp = 10.793
Seq_Frame0080_ForcepToReference-SequenceTransform =-0.117737 -0.120094 -0.985756 44.4149 0.492083 -0.869272 0.0471294 153.194 -0.86255 -0.479525 0.161441 -0.982051 0 0 0 1 
Seq_Frame0080_ForcepToReference-SequenceTransformStatus = OK
Seq_Frame0080_Timestamp = 10.898
Seq_Frame0081_ForcepToReference-SequenceTransform =-0.355756 -0.15449 -0.921722 45.6976 0.385513 -0.922684 0.00585564 147.746 -0.851362 -0.353252 0.387808 6.32222 0 0 0 1 
Seq_Frame0081_ForcepToReference-SequenceTransformStatus = OK
Seq_Frame0081_Timestamp = 11.003
Seq_Frame0082_ForcepToReference-SequenceTransform =-0.429353 -0.271727 -0.86129 54.1132 0.501699 -0.864744 0.0227198 158.101 -0.750968 -0.422354 0.507606 15.4521 0 0 0 1 
Seq_Frame0082_ForcepToReference-SequenceTransformStatus = OK
Seq_Frame0082_Timestamp = 11.107
Seq_Frame0083_ForcepToReference-SequenceTransform =-0.236978 -0.277442 -0.931057 99.6434 0.682361 -0.729704 0.0437634 217.734 -0.691538 -0.624946 0.36224 0.491161 0 0 0 1 
Seq_Frame0083_ForcepToReference-SequenceTransformStatus = OK
Seq_Frame0083_Timestamp = 11.213
Seq_Frame0084_ForcepToReference-SequenceTransform =0.541918 0.142486 0.828265 155.02 -0.315739 0.947847 0.0435248 316.478 -0.778867 -0.285102 0.558644 9.2548 0 0 0 1 
Seq_Frame0084_ForcepToReference-SequenceTransformStatus = OK
Seq_Frame0084_Timestamp = 11.317
Seq_Frame0085_ForcepToReference-SequenceTransform =0.552069 0.0739039 0.830517 166.657 -0.279749 0.954746 0.100999 333.018 -0.785468 -0.288095 0.54776 22.0512 0 0 0 1 
Seq_Frame0085_ForcepToReference-SequenceTransformStatus = OK
Seq_Frame0085_Timestamp = 13.822
Seq_Frame0086_ForcepToReference-SequenceTransform =0.552069 0.0739039 0.830517 166.657 -0.279749 0.954746 0.100999 333.018 -0.785468 -0.288095 0.54776 22.0512 0 0 0 1 
Seq_Frame0086_ForcepToReference-SequenceTransformStatus = OK
Seq_Frame0086_Timestamp = 13.932
Seq_Frame0087_ForcepToReference-SequenceTransform =0.552069 0.0739039 0.830517 166.657 -0.279749 0.954746 0.100999 333.018 -0.785468 -0.288095 0.54776 22.0512 0 0 0 1 
Seq_Frame0087_ForcepToReference-SequenceTransformStatus = OK
Seq_Frame0087_Timestamp = 14.037
Seq_Frame0088_ForcepToReference-SequenceTransform =0.552069 0.0739039 0.830517 166.657 -0.279749 0.954746 0.100999 333.018 -0.785468 -0.288095 0.54776 22.0512 0 0 0 1 
Seq_Frame0088_ForcepToReference-SequenceTransformStatus = OK
Seq_Frame0088_Timestamp = 14.143
Seq_Frame0089_ForcepToReference-SequenceTransform =0.552069 0.0739039 0.830517 166.657 -0.279749 0.954746 0.100999 333.018 -0.785468 -0.288095 0.54776 22.0512 0 0 0 1 
Seq_Frame0089_ForcepToReference-SequenceTransformStatus = OK
Seq_Frame0089_Timestamp = 14.247
Seq_Frame0090_ForcepToReference-SequenceTransform =0.552069 0.0739039 0.830517 166.657 -0.279749 0.954746 0.100999 333.018 -0.785468 -0.288095 0.54776 22.0512 0 0 0 1 
Seq_Frame0090_ForcepToReference-SequenceTransformStatus = OK
Seq_Frame0090_Timestamp = 14.353
Seq_Frame0091_ForcepToReference-SequenceTransform =0.552069 0.0739039 0.830517 166.657 -0.279749 0.954746 0.100999 333.018 -0.785468 -0.288095 0.54776 22.0512 0 0 0 1 
Seq_Frame0091_ForcepToReference-SequenceTransformStatus = OK
Seq_Frame0091_Timestamp = 14.462
Seq_Frame0092_ForcepToReference-SequenceTransform =-0.205424 -0.710193 -0.67337 -2.22701 0.978117 -0.172169 -0.116809 248.121 -0.032976 -0.68263 0.73002 -159.141 0 0 0 1 
Seq_Frame0092_ForcepToReference-SequenceTransformStatus = OK
Seq_Frame0092_Timestamp = 14.573
Seq_Frame0093_ForcepToReference-SequenceTransform =-0.238664 0.392039 0.888451 19.2336 -0.165128 0.885182 -0.434955 172.846 -0.95696 -0.250516 -0.146525 -63.1565 0 0 0 1 
Seq_Frame0093_ForcepToReference-SequenceTransformStatus = OK
Seq_Frame0093_Timestamp = 14.693
Seq_Frame0094_ForcepToReference-SequenceTransform =-0.322258 0.296421 0.899047 4.71071 -0.265735 0.883201 -0.386447 164.504 -0.90859 -0.363444 -0.205849 -15.8709 0 0 0 1 
Seq_Frame0094_ForcepToReference-SequenceTransformStatus = OK
Seq_Frame0094_Timestamp = 14.802
Seq_Frame0095_ForcepToReference-SequenceTransform =-0.323371 0.176128 0.929737 -10.8185 -0.274957 0.922645 -0.270417 168.52 -0.905444 -0.343083 -0.249929 2.39764 0 0 0 1 
Seq_Frame0095_ForcepToReference-SequenceTransformStatus = OK
Seq_Frame0095_Timestamp = 14.913
Seq_Frame0096_ForcepToReference-SequenceTransform =-0.457835 -0.733034 -0.50304 -18.6584 0.862345 -0.50377 -0.0507538 168.746 -0.216212 -0.457031 0.862772 -2.94545 0 0 0 1 
Seq_Frame0096_ForcepToReference-SequenceTransformStatus = OK
Seq_Frame0096_Timestamp = 15.017
Seq_Frame0097_ForcepToReference-SequenceTransform =-0.307559 -0.00581154 0.951511 -33.8221 -0.372293 0.920999 -0.114712 184.217 -0.875674 -0.389522 -0.285425 -9.61111 0 0 0 1 
Seq_Frame0097_ForcepToReference-SequenceTransformStatus = OK
Seq_Frame0097_Timestamp = 15.168
Seq_Frame0098_ForcepToReference-SequenceTransform =-0.714513 -0.58518 -0.383452 -58.4373 0.684078 -0.469464 -0.558248 207.264 0.146659 -0.661187 0.735747 5.36489 0 0 0 1 
Seq_Frame0098_ForcepToReference-SequenceTransformStatus = OK
Seq_Frame0098_Timestamp = 15.363
Seq_Frame0099_ForcepToReference-SequenceTransform =-0.704407 -0.672256 -0.227778 -64.0473 0.649314 -0.480679 -0.589355 210.133 0.286709 -0.563045 0.775099 6.28175 0 0 0 1 
Seq_Frame0099_ForcepToReference-SequenceTransformStatus = OK
Seq_Frame0099_Timestamp = 15.468
Seq_Frame0100_ForcepToReference-SequenceTransform =-0.64252 -0.737083 -0.209467 -60.3607 0.698022 -0.450228 -0.55683 208.772 0.316122 -0.503987 0.803781 5.55177 0 0 0 1 
Seq_Frame0100_ForcepToReference-SequenceTransformStatus = OK
Seq_Frame0100_Timestamp = 15.575
Seq_Frame0101_ForcepToReference-SequenceTransform =-0.370954 -0.172896 0.912414 -55.2651 -0.0469413 0.984751 0.167519 209.64 -0.927464 0.0193119 -0.373413 3.64306 0 0 0 1 
Seq_Frame0101_ForcepToReference-SequenceTransformStatus = OK
Seq_Frame0101_Timestamp = 15.728
Seq_Frame0102_ForcepToReference-SequenceTransform =-0.214963 -0.151604 0.964783 -49.9196 -0.0462441 0.98835 0.145004 209.65 -0.975527 -0.0134451 -0.21947 4.40002 0 0 0 1 
Seq_Frame0102_ForcepToReference-SequenceTransformStatus = OK
Seq_Frame0102_Timestamp = 15.832
Seq_Frame0103_ForcepToReference-SequenceTransform =-0.0846838 -0.120752 0.989064 -45.2557 -0.0197044 0.992638 0.119501 209.667 -0.996213 -0.00936905 -0.0864398 6.31422 0 0 0 1 
Seq_Frame0103_ForcepToReference-SequenceTransformStatus = OK
Seq_Frame0103_Timestamp = 15.938
Seq_Frame0104_ForcepToReference-SequenceTransform =-0.0670525 -0.112122 0.99143 -43.096 -0.0192557 0.993626 0.111068 210.419 -0.997564 -0.0116432 -0.0687841 6.84761 0 0 0 1 
Seq_Frame0104_ForcepToReference-SequenceTransformStatus = OK
Seq_Frame0104_Timestamp = 16.042
Seq_Frame0105_ForcepToReference-SequenceTransform =-0.0968228 -0.113785 0.988776 -42.3448 -0.0484873 0.992803 0.1095 210.704 -0.99412 -0.037341 -0.101643 4.48703 0 0 0 1 
Seq_Frame0105_ForcepToReference-SequenceTransformStatus = OK
Seq_Frame0105_Timestamp = 16.148
Seq_Frame0106_ForcepToReference-SequenceTransform =-0.04731 -0.114425 0.992305 -42.1651 -0.0472439 0.992562 0.112202 210.525 -0.997762 -0.041572 -0.052364 3.81079 0 0 0 1 
Seq_Frame0106_ForcepToReference-SequenceTransformStatus = OK
Seq_Frame0106_Timestamp = 16.252
Seq_Frame0107_ForcepToReference-SequenceTransform =-0.45743 -0.495251 -0.738569 -13.1923 0.714916 -0.698735 0.0257588 151.235 -0.528821 -0.516232 0.673686 -33.0688 0 0 0 1 
Seq_Frame0107_ForcepToReference-SequenceTransformStatus = OK
Seq_Frame0107_Timestamp = 17.523
Seq_Frame0108_ForcepToReference-SequenceTransform =-0.168927 -0.478807 -0.861515 23.3857 0.577975 -0.756141 0.306914 122.263 -0.798379 -0.446088 0.404471 -36.4763 0 0 0 1 
Seq_Frame0108_ForcepToReference-SequenceTransformStatus = OK
Seq_Frame0108_Timestamp = 17.628
Seq_Frame0109_ForcepToReference-SequenceTransform =0.0707635 -0.467744 -0.881027 56.4793 0.463058 -0.766899 0.444345 111.997 -0.883499 -0.43941 0.162324 -29.7108 0 0 0 1 
Seq_Frame0109_ForcepToReference-SequenceTransformStatus = OK
Seq_Frame0109_Timestamp = 17.733
Seq_Frame0110_ForcepToReference-SequenceTransform =0.192801 -0.451507 -0.871188 75.5751 0.387493 -0.780651 0.49034 108.067 -0.901486 -0.432118 0.0244457 -14.7575 0 0 0 1 
Seq_Frame0110_ForcepToReference-SequenceTransformStatus = OK
Seq_Frame0110_Timestamp = 17.837
Seq_Frame0111_ForcepToReference-SequenceTransform =0.286503 -0.419948 -0.861139 83.0047 0.304875 -0.812135 0.497482 103.655 -0.908277 -0.40507 -0.104648 1.36874 0 0 0 1 
Seq_Frame0111_ForcepToReference-SequenceTransformStatus = OK
Seq_Frame0111_Timestamp = 17.949
Seq_Frame0112_ForcepToReference-SequenceTransform =0.374194 -0.397754 -0.837718 86.0038 0.258388 -0.822852 0.506113 100.83 -0.890626 -0.405841 -0.205131 8.09527 0 0 0 1 
Seq_Frame0112_ForcepToReference-SequenceTransformStatus = OK
Seq_Frame0112_Timestamp = 18.057
Seq_Frame0113_ForcepToReference-SequenceTransform =0.376145 -0.374608 -0.847457 89.4001 0.280114 -0.825855 0.489388 101.792 -0.883205 -0.421465 -0.205709 11.5485 0 0 0 1 
Seq_Frame0113_ForcepToReference-SequenceTransformStatus = OK
Seq_Frame0113_Timestamp = 18.163
Seq_Frame0114_ForcepToReference-SequenceTransform =0.371293 -0.371785 -0.850833 90.6135 0.270693 -0.83319 0.482203 100.512 -0.888182 -0.409353 -0.208718 9.54217 0 0 0 1 
Seq_Frame0114_ForcepToReference-SequenceTransformStatus = OK
Seq_Frame0114_Timestamp = 18.267
Seq_Frame0115_ForcepToReference-SequenceTransform =0.410084 -0.382277 -0.828067 91.5214 0.244925 -0.828413 0.50373 95.9682 -0.878546 -0.409386 -0.24609 9.41655 0 0 0 1 
Seq_Frame0115_ForcepToReference-SequenceTransformStatus = OK
Seq_Frame0115_Timestamp = 18.373
Seq_Frame0116_ForcepToReference-SequenceTransform =0.400759 -0.391498 -0.828325 92.6082 0.234218 -0.830281 0.505742 92.5303 -0.885739 -0.396689 -0.241047 7.55822 0 0 0 1 
Seq_Frame0116_ForcepToReference-SequenceTransformStatus = OK
Seq_Frame0116_Timestamp = 18.477
Seq_Frame0117_ForcepToReference-SequenceTransform =0.381819 -0.383106 -0.841097 93.5081 0.248721 -0.833881 0.492727 92.2656 -0.890142 -0.397331 -0.223105 6.37868 0 0 0 1 
Seq_Frame0117_ForcepToReference-SequenceTransformStatus = OK
Seq_Frame0117_Timestamp = 18.582
Seq_Frame0118_ForcepToReference-SequenceTransform =0.306488 -0.365548 -0.878886 91.1647 0.284392 -0.845983 0.451037 94.7498 -0.908397 -0.388186 -0.155325 4.99431 0 0 0 1 
Seq_Frame0118_ForcepToReference-SequenceTransformStatus = OK
Seq_Frame0118_Timestamp = 18.688
Seq_Frame0119_ForcepToReference-SequenceTransform =0.202664 -0.344993 -0.916465 85.4165 0.303493 -0.867675 0.39374 98.0735 -0.931031 -0.357938 -0.0711433 1.49054 0 0 0 1 
Seq_Frame0119_ForcepToReference-SequenceTransformStatus = OK
Seq_Frame0119_Timestamp = 18.793
Seq_Frame0120_ForcepToReference-SequenceTransform =0.147918 -0.354149 -0.923417 77.9883 0.320811 -0.866019 0.383526 101.265 -0.935522 -0.352973 -0.0144852 -1.55174 0 0 0 1 
Seq_Frame0120_ForcepToReference-SequenceTransformStatus = OK
Seq_Frame0120_Timestamp = 18.902
Seq_Frame0121_ForcepToReference-SequenceTransform =0.167862 -0.354006 -0.920055 74.8126 0.312782 -0.86595 0.390254 100.413 -0.934874 -0.353286 -0.0346333 -1.76277 0 0 0 1 
Seq_Frame0121_ForcepToReference-SequenceTransformStatus = OK
Seq_Frame0121_Timestamp = 19.012
Seq_Frame0122_ForcepToReference-SequenceTransform =0.122224 -0.304222 -0.944728 74.4766 0.284575 -0.901156 0.327008 103.588 -0.95083 -0.308814 -0.0235688 -0.156413 0 0 0 1 
Seq_Frame0122_ForcepToReference-SequenceTransformStatus = OK
Seq_Frame0122_Timestamp = 19.118
Seq_Frame0123_ForcepToReference-SequenceTransform =0.135697 -0.260409 -0.955915 76.5015 0.24855 -0.925037 0.28728 106.538 -0.959067 -0.276576 -0.0607996 2.17609 0 0 0 1 
Seq_Frame0123_ForcepToReference-SequenceTransformStatus = OK
Seq_Frame0123_Timestamp = 19.232
Seq_Frame0124_ForcepToReference-SequenceTransform =0.153146 -0.240817 -0.958412 78.925 0.254347 -0.927572 0.27371 108.927 -0.95491 -0.285687 -0.0808025 3.50613 0 0 0 1 
Seq_Frame0124_ForcepToReference-SequenceTransformStatus = OK
Seq_Frame0124_Timestamp = 19.338
Seq_Frame0125_ForcepToReference-SequenceTransform =0.158398 -0.232157 -0.959694 79.4103 0.258568 -0.928293 0.267237 108.886 -0.952918 -0.290476 -0.0870118 3.43218 0 0 0 1 
Seq_Frame0125_ForcepToReference-SequenceTransformStatus = OK
Seq_Frame0125_Timestamp = 19.447
Seq_Frame0126_ForcepToReference-SequenceTransform =0.113025 -0.246675 -0.962485 79.1893 0.276297 -0.922682 0.26892 105.945 -0.954403 -0.296326 -0.0361309 0.353641 0 0 0 1 
Seq_Frame0126_ForcepToReference-SequenceTransformStatus = OK
Seq_Frame0126_Timestamp = 19.55
Seq_Frame0127_ForcepToReference-SequenceTransform =0.1134 -0.233609 -0.965695 80.0638 0.278818 -0.925425 0.256609 106.177 -0.953625 -0.298353 -0.0398086 2.36205 0 0 0 1 
Seq_Frame0127_ForcepToReference-SequenceTransformStatus = OK
Seq_Frame0127_Timestamp = 19.658
Seq_Frame0128_ForcepToReference-SequenceTransform =0.132596 -0.209981 -0.968672 81.583 0.250904 -0.93836 0.237755 105.696 -0.958888 -0.274569 -0.0717376 3.65642 0 0 0 1 
Seq_Frame0128_ForcepToReference-SequenceTransformStatus = OK
Seq_Frame0128_Timestamp = 19.763
Seq_Frame0129_ForcepToReference-SequenceTransform =0.117729 -0.196813 -0.973347 83.465 0.24597 -0.943841 0.220597 106.337 -0.962101 -0.265385 -0.0627074 5.88789 0 0 0 1 
Seq_Frame0129_ForcepToReference-SequenceTransformStatus = OK
Seq_Frame0129_Timestamp = 19.868
Seq_Frame0130_ForcepToReference-SequenceTransform =0.127603 -0.17639 -0.976014 84.4153 0.227343 -0.952657 0.201892 107.506 -0.965418 -0.247652 -0.0814612 6.58669 0 0 0 1 
Seq_Frame0130_ForcepToReference-SequenceTransformStatus = OK
Seq_Frame0130_Timestamp = 19.972
Seq_Frame0131_ForcepToReference-SequenceTransform =0.11568 -0.175256 -0.977703 83.7306 0.222711 -0.954674 0.197478 108.352 -0.967997 -0.24059 -0.0714055 6.08948 0 0 0 1 
Seq_Frame0131_ForcepToReference-SequenceTransformStatus = OK
Seq_Frame0131_Timestamp = 20.078
Seq_Frame0132_ForcepToReference-SequenceTransform =0.124118 -0.179239 -0.975945 82.5487 0.215051 -0.955314 0.202799 106.746 -0.968684 -0.235049 -0.0800259 5.94065 0 0 0 1 
Seq_Frame0132_ForcepToReference-SequenceTransformStatus = OK
Seq_Frame0132_Timestamp = 20.182
Seq_Frame0133_ForcepToReference-SequenceTransform =0.0986994 -0.195913 -0.975642 81.3784 0.233892 -0.948396 0.214104 105.152 -0.96724 -0.249327 -0.0477835 4.39776 0 0 0 1 
Seq_Frame0133_ForcepToReference-SequenceTransformStatus = OK
Seq_Frame0133_Timestamp = 20.288
Seq_Frame0134_ForcepToReference-SequenceTransform =0.0345538 -0.186515 -0.981844 76.9972 0.241518 -0.951754 0.189298 108.359 -0.969781 -0.243674 0.01216 0.4571 0 0 0 1 
Seq_Frame0134_ForcepToReference-SequenceTransformStatus = OK
Seq_Frame0134_Timestamp = 20.398
Seq_Frame0135_ForcepToReference-SequenceTransform =-0.114762 -0.287891 -0.950762 64.5942 0.406069 -0.887067 0.21959 116.73 -0.906608 -0.360875 0.218706 -10.2152 0 0 0 1 
Seq_Frame0135_ForcepToReference-SequenceTransformStatus = OK
Seq_Frame0135_Timestamp = 20.5
Seq_Frame0136_ForcepToReference-SequenceTransform =-0.534308 -0.42585 -0.730183 13.4333 0.648948 -0.760179 -0.0315209 147.951 -0.541647 -0.490693 0.682524 -29.3054 0 0 0 1 
Seq_Frame0136_ForcepToReference-SequenceTransformStatus = OK
Seq_Frame0136_Timestamp = 20.608
Seq_Frame0137_ForcepToReference-SequenceTransform =-0.658109 -0.735463 -0.161205 -65.0279 0.751051 -0.626164 -0.209383 188.485 0.0530526 -0.25887 0.964454 19.6285 0 0 0 1 
Seq_Frame0137_ForcepToReference-SequenceTransformStatus = OK
Seq_Frame0137_Timestamp = 20.988
Seq_Frame0138_ForcepToReference-SequenceTransform =-0.613734 -0.785368 -0.0807932 -66.6183 0.786506 -0.599264 -0.149298 192.127 0.0688376 -0.155174 0.985486 26.1974 0 0 0 1 
Seq_Frame0138_ForcepToReference-SequenceTransformStatus = OK
Seq_Frame0138_Timestamp = 21.098
Seq_Frame0139_ForcepToReference-SequenceTransform =-0.596831 -0.799936 -0.0624211 -66.6421 0.789188 -0.571206 -0.225622 195.152 0.144827 -0.18392 0.972213 35.2086 0 0 0 1 
Seq_Frame0139_ForcepToReference-SequenceTransformStatus = OK
Seq_Frame0139_Timestamp = 21.202
Seq_Frame0140_ForcepToReference-SequenceTransform =-0.567377 -0.823458 -0.000735697 -66.7396 0.789955 -0.54404 -0.282828 197.408 0.232497 -0.161051 0.95917 40.3741 0 0 0 1 
Seq_Frame0140_ForcepToReference-SequenceTransformStatus = OK
Seq_Frame0140_Timestamp = 21.308
Seq_Frame0141_ForcepToReference-SequenceTransform =-0.548304 -0.836223 -0.00966988 -64.2632 0.797951 -0.519679 -0.3053 197.831 0.250274 -0.175113 0.952207 42.1345 0 0 0 1 
Seq_Frame0141_ForcepToReference-SequenceTransformStatus = OK
Seq_Frame0141_Timestamp = 21.412
Seq_Frame0142_ForcepToReference-SequenceTransform =-0.54985 -0.834448 -0.0369006 -62.8551 0.80177 -0.514901 -0.303385 197.802 0.234159 -0.196402 0.952153 43.1915 0 0 0 1 
Seq_Frame0142_ForcepToReference-SequenceTransformStatus = OK
Seq_Frame0142_Timestamp = 21.518
Seq_Frame0143_ForcepToReference-SequenceTransform =-0.54688 -0.836707 -0.0290461 -62.7759 0.803357 -0.514683 -0.299532 197.205 0.235671 -0.187142 0.953644 42.4475 0 0 0 1 
Seq_Frame0143_ForcepToReference-SequenceTransformStatus = OK
Seq_Frame0143_Timestamp = 21.625
Seq_Frame0144_ForcepToReference-SequenceTransform =-0.542088 -0.839698 -0.0323797 -61.9094 0.816941 -0.517587 -0.254385 195.868 0.196847 -0.164351 0.966561 41.5562 0 0 0 1 
Seq_Frame0144_ForcepToReference-SequenceTransformStatus = OK
Seq_Frame0144_Timestamp = 21.733
Seq_Frame0145_ForcepToReference-SequenceTransform =-0.507865 -0.861306 0.0150289 -61.8891 0.825829 -0.491762 -0.276002 194.823 0.245113 -0.12776 0.961039 40.6349 0 0 0 1 
Seq_Frame0145_ForcepToReference-SequenceTransformStatus = OK
Seq_Frame0145_Timestamp = 21.838
Seq_Frame0146_ForcepToReference-SequenceTransform =-0.501283 -0.865155 0.0149186 -62.2984 0.837923 -0.489661 -0.241074 192.852 0.215871 -0.108346 0.970392 38.2735 0 0 0 1 
Seq_Frame0146_ForcepToReference-SequenceTransformStatus = OK
Seq_Frame0146_Timestamp = 21.944
Seq_Frame0147_ForcepToReference-SequenceTransform =-0.495018 -0.867414 -0.0504984 -49.7018 0.865409 -0.487014 -0.117833 189.358 0.0776166 -0.102031 0.991749 28.2575 0 0 0 1 
Seq_Frame0147_ForcepToReference-SequenceTransformStatus = OK
Seq_Frame0147_Timestamp = 22.377
Seq_Frame0148_ForcepToReference-SequenceTransform =-0.280479 -0.941702 0.185817 -46.019 0.904943 -0.323971 -0.275899 199.745 0.320015 0.0907701 0.943054 25.2391 0 0 0 1 
Seq_Frame0148_ForcepToReference-SequenceTransformStatus = OK
Seq_Frame0148_Timestamp = 22.492
Seq_Frame0149_ForcepToReference-SequenceTransform =-0.528274 -0.815941 -0.234874 -41.7892 0.718812 -0.282542 -0.6352 220.495 0.451924 -0.504391 0.735768 56.0263 0 0 0 1 
Seq_Frame0149_ForcepToReference-SequenceTransformStatus = OK
Seq_Frame0149_Timestamp = 22.593
Seq_Frame0150_ForcepToReference-SequenceTransform =-0.622904 -0.75176 -0.216443 -41.8958 0.434833 -0.102722 -0.894633 222.084 0.650316 -0.651387 0.390876 97.3857 0 0 0 1 
