ObjectType = Image
NDims = 3
AnatomicalOrientation = RAI
BinaryData = True
CompressedData = False
DimSize = 0 0 2668
ElementSpacing = 1 1 1
Offset = 0 0 0
TransformMatrix = 1 0 0 0 1 0 0 0 1
ElementType = MET_UCHAR
Kinds = domain domain list
Seq_Frame0000_DriverToReference-SequenceTransform =-0.871946 -0.476237 0.113614 59.1634 -0.169243 0.510931 0.842797 54.775 -0.45942 0.715645 -0.526104 88.9624 0 0 0 1 
Seq_Frame0000_DriverToReference-SequenceTransformStatus = OK
Seq_Frame0000_Timestamp = 0.02
Seq_Frame0001_DriverToReference-SequenceTransform =-0.872126 -0.47587 0.11377 59.185 -0.169189 0.511488 0.84247 54.7856 -0.459098 0.715491 -0.526594 88.9997 0 0 0 1 
Seq_Frame0001_DriverToReference-SequenceTransformStatus = OK
Seq_Frame0001_Timestamp = 0.13
Seq_Frame0002_DriverToReference-SequenceTransform =-0.871541 -0.476723 0.114683 59.1392 -0.167931 0.509962 0.843646 54.7838 -0.460669 0.716013 -0.524509 88.9758 0 0 0 1 
Seq_Frame0002_DriverToReference-SequenceTransformStatus = OK
Seq_Frame0002_Timestamp = 0.236
Seq_Frame0003_DriverToReference-SequenceTransform =-0.871016 -0.477964 0.113495 59.0685 -0.167862 0.5067 0.845622 54.6817 -0.461685 0.717499 -0.521576 88.9201 0 0 0 1 
Seq_Frame0003_DriverToReference-SequenceTransformStatus = OK
Seq_Frame0003_Timestamp = 0.354
Seq_Frame0004_DriverToReference-SequenceTransform =-0.873164 -0.474496 0.111525 59.1634 -0.169984 0.510866 0.842687 54.7204 -0.456826 0.716847 -0.526726 89.0924 0 0 0 1 
Seq_Frame0004_DriverToReference-SequenceTransformStatus = OK
Seq_Frame0004_Timestamp = 0.455
Seq_Frame0005_DriverToReference-SequenceTransform =-0.871939 -0.476219 0.113745 59.1483 -0.168164 0.509467 0.843898 54.6886 -0.459829 0.7167 -0.524308 89.0907 0 0 0 1 
Seq_Frame0005_DriverToReference-SequenceTransformStatus = OK
Seq_Frame0005_Timestamp = 0.555
Seq_Frame0006_DriverToReference-SequenceTransform =-0.872203 -0.475987 0.112684 59.1515 -0.169566 0.510309 0.843109 54.7577 -0.458813 0.716255 -0.525804 88.9701 0 0 0 1 
Seq_Frame0006_DriverToReference-SequenceTransformStatus = OK
Seq_Frame0006_Timestamp = 0.656
Seq_Frame0007_DriverToReference-SequenceTransform =-0.872019 -0.476053 0.113831 59.1536 -0.168965 0.511028 0.842794 54.7534 -0.459385 0.715698 -0.526062 88.9851 0 0 0 1 
Seq_Frame0007_DriverToReference-SequenceTransformStatus = OK
Seq_Frame0007_Timestamp = 0.774
Seq_Frame0008_DriverToReference-SequenceTransform =-0.872204 -0.475935 0.112898 59.1443 -0.168666 0.509286 0.843907 54.6923 -0.459142 0.717018 -0.524475 89.0065 0 0 0 1 
Seq_Frame0008_DriverToReference-SequenceTransformStatus = OK
Seq_Frame0008_Timestamp = 0.877
Seq_Frame0009_DriverToReference-SequenceTransform =-0.856307 -0.505344 0.106608 58.422 -0.190165 0.500421 0.844639 55.0859 -0.480183 0.702998 -0.524613 89.5603 0 0 0 1 
Seq_Frame0009_DriverToReference-SequenceTransformStatus = OK
Seq_Frame0009_Timestamp = 0.979
Seq_Frame0010_DriverToReference-SequenceTransform =-0.869244 -0.487174 0.0841251 59.7434 -0.193591 0.491989 0.848805 55.059 -0.454904 0.721532 -0.521971 87.561 0 0 0 1 
Seq_Frame0010_DriverToReference-SequenceTransformStatus = OK
Seq_Frame0010_Timestamp = 1.084
Seq_Frame0011_DriverToReference-SequenceTransform =-0.827729 -0.555897 0.0764442 61.1036 -0.243973 0.479216 0.843107 56.7942 -0.505314 0.679214 -0.532285 90.9686 0 0 0 1 
Seq_Frame0011_DriverToReference-SequenceTransformStatus = OK
Seq_Frame0011_Timestamp = 1.193
Seq_Frame0012_DriverToReference-SequenceTransform =-0.831793 -0.548456 0.0855341 63.3886 -0.22849 0.478733 0.847707 56.3748 -0.505878 0.685573 -0.523524 90.5134 0 0 0 1 
Seq_Frame0012_DriverToReference-SequenceTransformStatus = OK
Seq_Frame0012_Timestamp = 1.303
Seq_Frame0013_DriverToReference-SequenceTransform =-0.822965 -0.558435 0.104296 63.1634 -0.21229 0.472598 0.855327 55.8196 -0.526935 0.681763 -0.507482 90.9455 0 0 0 1 
Seq_Frame0013_DriverToReference-SequenceTransformStatus = OK
Seq_Frame0013_Timestamp = 1.412
Seq_Frame0014_DriverToReference-SequenceTransform =-0.828161 -0.553359 0.0891224 63.108 -0.230389 0.481038 0.845886 56.1447 -0.51095 0.679997 -0.525865 90.1753 0 0 0 1 
Seq_Frame0014_DriverToReference-SequenceTransformStatus = OK
Seq_Frame0014_Timestamp = 1.528
Seq_Frame0015_DriverToReference-SequenceTransform =-0.856164 -0.509225 0.0875969 63.9632 -0.214026 0.503804 0.836883 55.2068 -0.470294 0.697761 -0.540327 88.7977 0 0 0 1 
Seq_Frame0015_DriverToReference-SequenceTransformStatus = OK
Seq_Frame0015_Timestamp = 1.636
Seq_Frame0016_DriverToReference-SequenceTransform =-0.840243 -0.534869 0.0889192 64.4812 -0.225844 0.494335 0.839421 56.1243 -0.492936 0.685236 -0.536158 90.0155 0 0 0 1 
Seq_Frame0016_DriverToReference-SequenceTransformStatus = OK
Seq_Frame0016_Timestamp = 1.739
Seq_Frame0017_DriverToReference-SequenceTransform =-0.799326 -0.594274 0.0889713 63.9925 -0.254222 0.468605 0.846038 56.3168 -0.544471 0.653642 -0.525646 89.4104 0 0 0 1 
Seq_Frame0017_DriverToReference-SequenceTransformStatus = OK
Seq_Frame0017_Timestamp = 1.84
Seq_Frame0018_DriverToReference-SequenceTransform =-0.817013 -0.570948 0.0806668 63.6548 -0.287846 0.525058 0.800911 58.1 -0.499634 0.631136 -0.593324 87.7726 0 0 0 1 
Seq_Frame0018_DriverToReference-SequenceTransformStatus = OK
Seq_Frame0018_Timestamp = 1.959
Seq_Frame0019_DriverToReference-SequenceTransform =-0.90437 -0.423273 0.0543526 59.4554 -0.232069 0.594684 0.769737 58.1324 -0.358132 0.683514 -0.636043 84.0975 0 0 0 1 
Seq_Frame0019_DriverToReference-SequenceTransformStatus = OK
Seq_Frame0019_Timestamp = 2.06
Seq_Frame0020_DriverToReference-SequenceTransform =-0.897933 -0.437288 0.0499543 58.3954 -0.246659 0.59397 0.765741 61.7419 -0.36452 0.675262 -0.641207 86.9135 0 0 0 1 
Seq_Frame0020_DriverToReference-SequenceTransformStatus = OK
Seq_Frame0020_Timestamp = 2.16
Seq_Frame0021_DriverToReference-SequenceTransform =-0.907798 -0.418192 0.0319038 59.4561 -0.25102 0.602694 0.757462 62.5399 -0.335993 0.679614 -0.652099 87.532 0 0 0 1 
Seq_Frame0021_DriverToReference-SequenceTransformStatus = OK
Seq_Frame0021_Timestamp = 2.264
Seq_Frame0022_DriverToReference-SequenceTransform =-0.910135 -0.414007 0.015871 58.4656 -0.265858 0.612974 0.744031 64.6147 -0.317763 0.672949 -0.667957 88.7195 0 0 0 1 
Seq_Frame0022_DriverToReference-SequenceTransformStatus = OK
Seq_Frame0022_Timestamp = 2.375
Seq_Frame0023_DriverToReference-SequenceTransform =-0.933433 -0.323288 0.155527 54.1575 -0.100961 0.65272 0.750841 65.6958 -0.344253 0.685158 -0.64191 88.7019 0 0 0 1 
Seq_Frame0023_DriverToReference-SequenceTransformStatus = OK
Seq_Frame0023_Timestamp = 2.483
Seq_Frame0024_DriverToReference-SequenceTransform =-0.948974 -0.26978 0.163299 54.4546 -0.0685676 0.681958 0.72817 70.2337 -0.307809 0.679818 -0.665659 87.8952 0 0 0 1 
Seq_Frame0024_DriverToReference-SequenceTransformStatus = OK
Seq_Frame0024_Timestamp = 2.59
Seq_Frame0025_DriverToReference-SequenceTransform =-0.958584 -0.280207 0.0509929 55.1269 -0.0995788 0.49748 0.861741 93.359 -0.266834 0.820974 -0.504779 77.2754 0 0 0 1 
Seq_Frame0025_DriverToReference-SequenceTransformStatus = OK
Seq_Frame0025_Timestamp = 2.7
Seq_Frame0026_DriverToReference-SequenceTransform =-0.918025 -0.394361 -0.0413538 57.2289 -0.257302 0.513101 0.818855 130.587 -0.301706 0.762369 -0.572509 66.3968 0 0 0 1 
Seq_Frame0026_DriverToReference-SequenceTransformStatus = OK
Seq_Frame0026_Timestamp = 2.801
Seq_Frame0027_DriverToReference-SequenceTransform =-0.850028 -0.507186 -0.14218 57.9137 -0.406338 0.459632 0.789701 171.991 -0.335176 0.729041 -0.596789 62.1585 0 0 0 1 
Seq_Frame0027_DriverToReference-SequenceTransformStatus = OK
Seq_Frame0027_Timestamp = 2.909
Seq_Frame0028_DriverToReference-SequenceTransform =-0.776388 -0.575724 -0.256446 58.909 -0.517323 0.349716 0.781074 209.824 -0.359999 0.739081 -0.56935 65.4637 0 0 0 1 
Seq_Frame0028_DriverToReference-SequenceTransformStatus = OK
Seq_Frame0028_Timestamp = 3.014
Seq_Frame0029_DriverToReference-SequenceTransform =-0.638182 -0.647661 -0.416244 53.784 -0.663368 0.188199 0.724241 242.89 -0.390726 0.73832 -0.549742 75.9354 0 0 0 1 
Seq_Frame0029_DriverToReference-SequenceTransformStatus = OK
Seq_Frame0029_Timestamp = 3.116
Seq_Frame0030_DriverToReference-SequenceTransform =-0.483027 -0.686663 -0.543304 48.5157 -0.761847 0.0237388 0.647322 263.828 -0.431594 0.726589 -0.534598 84.6775 0 0 0 1 
Seq_Frame0030_DriverToReference-SequenceTransformStatus = OK
Seq_Frame0030_Timestamp = 3.225
Seq_Frame0031_DriverToReference-SequenceTransform =-0.230218 -0.868124 -0.439728 46.5208 -0.821784 -0.0685904 0.565656 275.651 -0.521221 0.491585 -0.697619 101.723 0 0 0 1 
Seq_Frame0031_DriverToReference-SequenceTransformStatus = OK
Seq_Frame0031_Timestamp = 3.33
Seq_Frame0032_DriverToReference-SequenceTransform =-0.176038 -0.962136 -0.208097 53.0501 -0.673542 -0.0364382 0.73825 272.49 -0.71788 0.270122 -0.641625 123.207 0 0 0 1 
Seq_Frame0032_DriverToReference-SequenceTransformStatus = OK
Seq_Frame0032_Timestamp = 3.43
Seq_Frame0033_DriverToReference-SequenceTransform =-0.144491 -0.814732 -0.561546 47.2474 -0.708266 -0.311146 0.633677 284.223 -0.691 0.489285 -0.53209 119.873 0 0 0 1 
Seq_Frame0033_DriverToReference-SequenceTransformStatus = OK
Seq_Frame0033_Timestamp = 3.531
Seq_Frame0034_DriverToReference-SequenceTransform =-0.0763295 -0.767842 -0.636076 48.8299 -0.636135 -0.453735 0.624065 289.264 -0.767793 0.452265 -0.453818 125.841 0 0 0 1 
Seq_Frame0034_DriverToReference-SequenceTransformStatus = OK
Seq_Frame0034_Timestamp = 3.639
Seq_Frame0035_DriverToReference-SequenceTransform =0.0331528 -0.68925 -0.723765 54.5479 -0.662216 -0.55754 0.500619 301.672 -0.748579 0.462692 -0.474917 132.156 0 0 0 1 
Seq_Frame0035_DriverToReference-SequenceTransformStatus = OK
Seq_Frame0035_Timestamp = 3.749
Seq_Frame0036_DriverToReference-SequenceTransform =0.156548 -0.605021 -0.780668 55.1325 -0.80595 -0.535141 0.253119 308.951 -0.57091 0.589554 -0.571392 129.725 0 0 0 1 
Seq_Frame0036_DriverToReference-SequenceTransformStatus = OK
Seq_Frame0036_Timestamp = 3.854
Seq_Frame0037_DriverToReference-SequenceTransform =0.315659 -0.612037 -0.725101 61.084 -0.857802 -0.510735 0.0576696 310.284 -0.40563 0.603788 -0.686224 128.849 0 0 0 1 
Seq_Frame0037_DriverToReference-SequenceTransformStatus = OK
Seq_Frame0037_Timestamp = 3.955
Seq_Frame0038_DriverToReference-SequenceTransform =0.355871 -0.632985 -0.687522 68.6984 -0.700839 -0.667428 0.251722 306.892 -0.618208 0.392261 -0.681139 136.046 0 0 0 1 
Seq_Frame0038_DriverToReference-SequenceTransformStatus = OK
Seq_Frame0038_Timestamp = 4.064
Seq_Frame0039_DriverToReference-SequenceTransform =0.517639 -0.377453 -0.76784 73.7362 -0.526986 -0.847651 0.0614191 295.294 -0.674044 0.372848 -0.637691 138.853 0 0 0 1 
Seq_Frame0039_DriverToReference-SequenceTransformStatus = OK
Seq_Frame0039_Timestamp = 4.165
Seq_Frame0040_DriverToReference-SequenceTransform =0.590011 -0.297447 -0.750608 90.2771 -0.451018 -0.892515 -0.00083858 289.701 -0.669679 0.339032 -0.660748 145.162 0 0 0 1 
Seq_Frame0040_DriverToReference-SequenceTransformStatus = OK
Seq_Frame0040_Timestamp = 4.269
Seq_Frame0041_DriverToReference-SequenceTransform =0.63036 -0.222635 -0.743694 95.3356 -0.403209 -0.912534 -0.068583 285.779 -0.663377 0.343096 -0.664993 148.223 0 0 0 1 
Seq_Frame0041_DriverToReference-SequenceTransformStatus = OK
Seq_Frame0041_Timestamp = 4.383
Seq_Frame0042_DriverToReference-SequenceTransform =0.58359 -0.439165 -0.68305 92.7277 -0.611422 -0.791186 -0.0137012 288.729 -0.534402 0.425627 -0.730244 143.841 0 0 0 1 
Seq_Frame0042_DriverToReference-SequenceTransformStatus = OK
Seq_Frame0042_Timestamp = 4.484
Seq_Frame0043_DriverToReference-SequenceTransform =0.648334 -0.308214 -0.69618 93.7779 -0.622869 -0.74056 -0.252199 278.456 -0.437832 0.597138 -0.672108 136.426 0 0 0 1 
Seq_Frame0043_DriverToReference-SequenceTransformStatus = OK
Seq_Frame0043_Timestamp = 4.59
Seq_Frame0044_DriverToReference-SequenceTransform =0.577386 -0.41822 -0.701226 97.14 -0.757435 -0.595013 -0.268795 275.121 -0.304823 0.686331 -0.660327 130.697 0 0 0 1 
Seq_Frame0044_DriverToReference-SequenceTransformStatus = OK
Seq_Frame0044_Timestamp = 4.69
Seq_Frame0045_DriverToReference-SequenceTransform =0.741869 -0.388015 -0.546876 97.3022 -0.664324 -0.536135 -0.5208 266.642 -0.0911217 0.749668 -0.65551 125.196 0 0 0 1 
Seq_Frame0045_DriverToReference-SequenceTransformStatus = OK
Seq_Frame0045_Timestamp = 4.801
Seq_Frame0046_DriverToReference-SequenceTransform =0.88673 -0.271055 -0.374485 92.7311 -0.461519 -0.472359 -0.750918 255.125 0.026649 0.838693 -0.543952 122.864 0 0 0 1 
Seq_Frame0046_DriverToReference-SequenceTransformStatus = OK
Seq_Frame0046_Timestamp = 4.909
Seq_Frame0047_DriverToReference-SequenceTransform =0.933113 -0.133083 -0.334049 94.0794 -0.358104 -0.428091 -0.829759 248.789 -0.0325768 0.893883 -0.447114 133.863 0 0 0 1 
Seq_Frame0047_DriverToReference-SequenceTransformStatus = OK
Seq_Frame0047_Timestamp = 5.01
Seq_Frame0048_DriverToReference-SequenceTransform =0.906397 -0.0980384 -0.410893 96.6184 -0.420643 -0.298766 -0.85662 243.532 -0.0387793 0.949277 -0.31204 139.956 0 0 0 1 
Seq_Frame0048_DriverToReference-SequenceTransformStatus = OK
Seq_Frame0048_Timestamp = 5.125
Seq_Frame0049_DriverToReference-SequenceTransform =0.906397 -0.0980384 -0.410893 96.6184 -0.420643 -0.298766 -0.85662 243.532 -0.0387793 0.949277 -0.31204 139.956 0 0 0 1 
Seq_Frame0049_DriverToReference-SequenceTransformStatus = OK
Seq_Frame0049_Timestamp = 5.229
Seq_Frame0050_DriverToReference-SequenceTransform =0.906397 -0.0980384 -0.410893 96.6184 -0.420643 -0.298766 -0.85662 243.532 -0.0387793 0.949277 -0.31204 139.956 0 0 0 1 
Seq_Frame0050_DriverToReference-SequenceTransformStatus = OK
Seq_Frame0050_Timestamp = 5.33
Seq_Frame0051_DriverToReference-SequenceTransform =0.906397 -0.0980384 -0.410893 96.6184 -0.420643 -0.298766 -0.85662 243.532 -0.0387793 0.949277 -0.31204 139.956 0 0 0 1 
Seq_Frame0051_DriverToReference-SequenceTransformStatus = OK
Seq_Frame0051_Timestamp = 5.434
Seq_Frame0052_DriverToReference-SequenceTransform =0.906397 -0.0980384 -0.410893 96.6184 -0.420643 -0.298766 -0.85662 243.532 -0.0387793 0.949277 -0.31204 139.956 0 0 0 1 
Seq_Frame0052_DriverToReference-SequenceTransformStatus = OK
Seq_Frame0052_Timestamp = 5.535
Seq_Frame0053_DriverToReference-SequenceTransform =0.906397 -0.0980384 -0.410893 96.6184 -0.420643 -0.298766 -0.85662 243.532 -0.0387793 0.949277 -0.31204 139.956 0 0 0 1 
Seq_Frame0053_DriverToReference-SequenceTransformStatus = OK
Seq_Frame0053_Timestamp = 5.64
Seq_Frame0054_DriverToReference-SequenceTransform =0.906397 -0.0980384 -0.410893 96.6184 -0.420643 -0.298766 -0.85662 243.532 -0.0387793 0.949277 -0.31204 139.956 0 0 0 1 
Seq_Frame0054_DriverToReference-SequenceTransformStatus = OK
Seq_Frame0054_Timestamp = 5.75
Seq_Frame0055_DriverToReference-SequenceTransform =0.906397 -0.0980384 -0.410893 96.6184 -0.420643 -0.298766 -0.85662 243.532 -0.0387793 0.949277 -0.31204 139.956 0 0 0 1 
Seq_Frame0055_DriverToReference-SequenceTransformStatus = OK
Seq_Frame0055_Timestamp = 5.874
Seq_Frame0056_DriverToReference-SequenceTransform =0.906397 -0.0980384 -0.410893 96.6184 -0.420643 -0.298766 -0.85662 243.532 -0.0387793 0.949277 -0.31204 139.956 0 0 0 1 
Seq_Frame0056_DriverToReference-SequenceTransformStatus = OK
Seq_Frame0056_Timestamp = 5.976
Seq_Frame0057_DriverToReference-SequenceTransform =0.906397 -0.0980384 -0.410893 96.6184 -0.420643 -0.298766 -0.85662 243.532 -0.0387793 0.949277 -0.31204 139.956 0 0 0 1 
Seq_Frame0057_DriverToReference-SequenceTransformStatus = OK
Seq_Frame0057_Timestamp = 6.08
Seq_Frame0058_DriverToReference-SequenceTransform =0.906397 -0.0980384 -0.410893 96.6184 -0.420643 -0.298766 -0.85662 243.532 -0.0387793 0.949277 -0.31204 139.956 0 0 0 1 
Seq_Frame0058_DriverToReference-SequenceTransformStatus = OK
Seq_Frame0058_Timestamp = 6.18
Seq_Frame0059_DriverToReference-SequenceTransform =0.906397 -0.0980384 -0.410893 96.6184 -0.420643 -0.298766 -0.85662 243.532 -0.0387793 0.949277 -0.31204 139.956 0 0 0 1 
Seq_Frame0059_DriverToReference-SequenceTransformStatus = OK
Seq_Frame0059_Timestamp = 6.281
Seq_Frame0060_DriverToReference-SequenceTransform =0.906397 -0.0980384 -0.410893 96.6184 -0.420643 -0.298766 -0.85662 243.532 -0.0387793 0.949277 -0.31204 139.956 0 0 0 1 
Seq_Frame0060_DriverToReference-SequenceTransformStatus = OK
Seq_Frame0060_Timestamp = 6.385
Seq_Frame0061_DriverToReference-SequenceTransform =0.906397 -0.0980384 -0.410893 96.6184 -0.420643 -0.298766 -0.85662 243.532 -0.0387793 0.949277 -0.31204 139.956 0 0 0 1 
Seq_Frame0061_DriverToReference-SequenceTransformStatus = OK
Seq_Frame0061_Timestamp = 6.493
Seq_Frame0062_DriverToReference-SequenceTransform =0.906397 -0.0980384 -0.410893 96.6184 -0.420643 -0.298766 -0.85662 243.532 -0.0387793 0.949277 -0.31204 139.956 0 0 0 1 
Seq_Frame0062_DriverToReference-SequenceTransformStatus = OK
Seq_Frame0062_Timestamp = 6.603
Seq_Frame0063_DriverToReference-SequenceTransform =0.906397 -0.0980384 -0.410893 96.6184 -0.420643 -0.298766 -0.85662 243.532 -0.0387793 0.949277 -0.31204 139.956 0 0 0 1 
Seq_Frame0063_DriverToReference-SequenceTransformStatus = OK
Seq_Frame0063_Timestamp = 6.716
Seq_Frame0064_DriverToReference-SequenceTransform =0.906397 -0.0980384 -0.410893 96.6184 -0.420643 -0.298766 -0.85662 243.532 -0.0387793 0.949277 -0.31204 139.956 0 0 0 1 
Seq_Frame0064_DriverToReference-SequenceTransformStatus = OK
Seq_Frame0064_Timestamp = 6.824
Seq_Frame0065_DriverToReference-SequenceTransform =0.442334 -0.256456 -0.859402 80.5263 -0.865355 -0.373759 -0.333863 272.315 -0.235588 0.891367 -0.387251 145.142 0 0 0 1 
Seq_Frame0065_DriverToReference-SequenceTransformStatus = OK
Seq_Frame0065_Timestamp = 6.932
Seq_Frame0066_DriverToReference-SequenceTransform =0.684945 -0.313361 -0.657765 113.782 -0.724706 -0.386164 -0.570683 279.091 -0.0751757 0.867573 -0.491596 151.665 0 0 0 1 
Seq_Frame0066_DriverToReference-SequenceTransformStatus = OK
Seq_Frame0066_Timestamp = 7.036
Seq_Frame0067_DriverToReference-SequenceTransform =0.825462 -0.168191 -0.538818 128.12 -0.546957 -0.474193 -0.689912 261.177 -0.139467 0.864206 -0.483422 170.927 0 0 0 1 
Seq_Frame0067_DriverToReference-SequenceTransformStatus = OK
Seq_Frame0067_Timestamp = 7.145
Seq_Frame0068_DriverToReference-SequenceTransform =0.737977 -0.280106 -0.613946 139.347 -0.638087 -0.585734 -0.499761 289.751 -0.219623 0.760563 -0.61099 192.776 0 0 0 1 
Seq_Frame0068_DriverToReference-SequenceTransformStatus = OK
Seq_Frame0068_Timestamp = 7.914
Seq_Frame0069_DriverToReference-SequenceTransform =0.720883 -0.263584 -0.640976 131.79 -0.660298 -0.542185 -0.519655 287.672 -0.210555 0.797847 -0.564896 185.626 0 0 0 1 
Seq_Frame0069_DriverToReference-SequenceTransformStatus = OK
Seq_Frame0069_Timestamp = 8.025
Seq_Frame0070_DriverToReference-SequenceTransform =0.695277 -0.25816 -0.670778 125.49 -0.683123 -0.527509 -0.505052 282.266 -0.223457 0.809375 -0.54312 185.358 0 0 0 1 
Seq_Frame0070_DriverToReference-SequenceTransformStatus = OK
Seq_Frame0070_Timestamp = 8.133
Seq_Frame0071_DriverToReference-SequenceTransform =0.682413 -0.258026 -0.683912 117.262 -0.698764 -0.504925 -0.506734 277.344 -0.214574 0.823695 -0.524867 183.61 0 0 0 1 
Seq_Frame0071_DriverToReference-SequenceTransformStatus = OK
Seq_Frame0071_Timestamp = 8.241
Seq_Frame0072_DriverToReference-SequenceTransform =0.668582 -0.22892 -0.707526 112.24 -0.709025 -0.483128 -0.513683 273.11 -0.224234 0.845093 -0.485321 181.264 0 0 0 1 
Seq_Frame0072_DriverToReference-SequenceTransformStatus = OK
Seq_Frame0072_Timestamp = 8.35
Seq_Frame0073_DriverToReference-SequenceTransform =0.650349 -0.224947 -0.725565 109.795 -0.725551 -0.466845 -0.5056 269.267 -0.224993 0.855251 -0.466823 180.807 0 0 0 1 
Seq_Frame0073_DriverToReference-SequenceTransformStatus = OK
Seq_Frame0073_Timestamp = 8.457
Seq_Frame0074_DriverToReference-SequenceTransform =0.647991 -0.224361 -0.727853 107.364 -0.727783 -0.464178 -0.504846 266.718 -0.224586 0.856855 -0.46407 180.929 0 0 0 1 
Seq_Frame0074_DriverToReference-SequenceTransformStatus = OK
Seq_Frame0074_Timestamp = 8.567
Seq_Frame0075_DriverToReference-SequenceTransform =0.647068 -0.235162 -0.72526 108.938 -0.73516 -0.444585 -0.511746 265.52 -0.202096 0.864316 -0.460559 181.002 0 0 0 1 
Seq_Frame0075_DriverToReference-SequenceTransformStatus = OK
Seq_Frame0075_Timestamp = 8.675
Seq_Frame0076_DriverToReference-SequenceTransform =0.635797 -0.24772 -0.731025 110.552 -0.740726 -0.462087 -0.487648 266.011 -0.216996 0.851534 -0.477286 180.875 0 0 0 1 
Seq_Frame0076_DriverToReference-SequenceTransformStatus = OK
Seq_Frame0076_Timestamp = 8.78
Seq_Frame0077_DriverToReference-SequenceTransform =0.647095 -0.266098 -0.714465 110.435 -0.738261 -0.452684 -0.500048 266.979 -0.190365 0.85104 -0.489379 181.548 0 0 0 1 
Seq_Frame0077_DriverToReference-SequenceTransformStatus = OK
Seq_Frame0077_Timestamp = 8.884
Seq_Frame0078_DriverToReference-SequenceTransform =0.639026 -0.245012 -0.729119 110.078 -0.7392 -0.457706 -0.494054 266.58 -0.212673 0.854678 -0.473599 181.059 0 0 0 1 
Seq_Frame0078_DriverToReference-SequenceTransformStatus = OK
Seq_Frame0078_Timestamp = 8.992
Seq_Frame0079_DriverToReference-SequenceTransform =0.638636 -0.240157 -0.731074 109.633 -0.73986 -0.452811 -0.497563 265.406 -0.211545 0.858654 -0.466864 181.286 0 0 0 1 
Seq_Frame0079_DriverToReference-SequenceTransformStatus = OK
Seq_Frame0079_Timestamp = 9.099
Seq_Frame0080_DriverToReference-SequenceTransform =0.637393 -0.244178 -0.730827 109.31 -0.736973 -0.470074 -0.485696 266.035 -0.224947 0.848179 -0.479575 182.257 0 0 0 1 
Seq_Frame0080_DriverToReference-SequenceTransformStatus = OK
Seq_Frame0080_Timestamp = 9.205
Seq_Frame0081_DriverToReference-SequenceTransform =0.646749 -0.241921 -0.723319 109.015 -0.733806 -0.455942 -0.503632 267.056 -0.207952 0.856499 -0.472403 182.341 0 0 0 1 
Seq_Frame0081_DriverToReference-SequenceTransformStatus = OK
Seq_Frame0081_Timestamp = 9.312
Seq_Frame0082_DriverToReference-SequenceTransform =0.644875 -0.247216 -0.723202 107.933 -0.735737 -0.457017 -0.499827 266.858 -0.20695 0.854412 -0.476605 181.834 0 0 0 1 
Seq_Frame0082_DriverToReference-SequenceTransformStatus = OK
Seq_Frame0082_Timestamp = 9.417
Seq_Frame0083_DriverToReference-SequenceTransform =0.611658 -0.239025 -0.754149 103.979 -0.76968 -0.400227 -0.497404 264.309 -0.182938 0.884695 -0.428775 179.667 0 0 0 1 
Seq_Frame0083_DriverToReference-SequenceTransformStatus = OK
Seq_Frame0083_Timestamp = 9.529
Seq_Frame0084_DriverToReference-SequenceTransform =0.582736 -0.222967 -0.781476 96.762 -0.807537 -0.266695 -0.526077 259.006 -0.0911181 0.937635 -0.335467 174.807 0 0 0 1 
Seq_Frame0084_DriverToReference-SequenceTransformStatus = OK
Seq_Frame0084_Timestamp = 9.637
Seq_Frame0085_DriverToReference-SequenceTransform =0.582736 -0.222967 -0.781476 96.762 -0.807537 -0.266695 -0.526077 259.006 -0.0911181 0.937635 -0.335467 174.807 0 0 0 1 
Seq_Frame0085_DriverToReference-SequenceTransformStatus = OK
Seq_Frame0085_Timestamp = 9.75
Seq_Frame0086_DriverToReference-SequenceTransform =0.637233 -0.100155 -0.764136 18.5269 -0.677047 0.40091 -0.617154 215.383 0.368161 0.910626 0.187663 182.172 0 0 0 1 
Seq_Frame0086_DriverToReference-SequenceTransformStatus = OK
Seq_Frame0086_Timestamp = 9.855
Seq_Frame0087_DriverToReference-SequenceTransform =0.637233 -0.100155 -0.764136 18.5269 -0.677047 0.40091 -0.617154 215.383 0.368161 0.910626 0.187663 182.172 0 0 0 1 
Seq_Frame0087_DriverToReference-SequenceTransformStatus = OK
Seq_Frame0087_Timestamp = 11.555
Seq_Frame0088_DriverToReference-SequenceTransform =0.637233 -0.100155 -0.764136 18.5269 -0.677047 0.40091 -0.617154 215.383 0.368161 0.910626 0.187663 182.172 0 0 0 1 
Seq_Frame0088_DriverToReference-SequenceTransformStatus = OK
Seq_Frame0088_Timestamp = 11.663
Seq_Frame0089_DriverToReference-SequenceTransform =0.637233 -0.100155 -0.764136 18.5269 -0.677047 0.40091 -0.617154 215.383 0.368161 0.910626 0.187663 182.172 0 0 0 1 
Seq_Frame0089_DriverToReference-SequenceTransformStatus = OK
Seq_Frame0089_Timestamp = 11.771
Seq_Frame0090_DriverToReference-SequenceTransform =0.637233 -0.100155 -0.764136 18.5269 -0.677047 0.40091 -0.617154 215.383 0.368161 0.910626 0.187663 182.172 0 0 0 1 
Seq_Frame0090_DriverToReference-SequenceTransformStatus = OK
Seq_Frame0090_Timestamp = 11.874
Seq_Frame0091_DriverToReference-SequenceTransform =0.637233 -0.100155 -0.764136 18.5269 -0.677047 0.40091 -0.617154 215.383 0.368161 0.910626 0.187663 182.172 0 0 0 1 
Seq_Frame0091_DriverToReference-SequenceTransformStatus = OK
Seq_Frame0091_Timestamp = 11.984
Seq_Frame0092_DriverToReference-SequenceTransform =0.637233 -0.100155 -0.764136 18.5269 -0.677047 0.40091 -0.617154 215.383 0.368161 0.910626 0.187663 182.172 0 0 0 1 
Seq_Frame0092_DriverToReference-SequenceTransformStatus = OK
Seq_Frame0092_Timestamp = 13.363
Seq_Frame0093_DriverToReference-SequenceTransform =0.637233 -0.100155 -0.764136 18.5269 -0.677047 0.40091 -0.617154 215.383 0.368161 0.910626 0.187663 182.172 0 0 0 1 
Seq_Frame0093_DriverToReference-SequenceTransformStatus = OK
Seq_Frame0093_Timestamp = 13.471
Seq_Frame0094_DriverToReference-SequenceTransform =0.637233 -0.100155 -0.764136 18.5269 -0.677047 0.40091 -0.617154 215.383 0.368161 0.910626 0.187663 182.172 0 0 0 1 
Seq_Frame0094_DriverToReference-SequenceTransformStatus = OK
Seq_Frame0094_Timestamp = 13.578
Seq_Frame0095_DriverToReference-SequenceTransform =0.637233 -0.100155 -0.764136 18.5269 -0.677047 0.40091 -0.617154 215.383 0.368161 0.910626 0.187663 182.172 0 0 0 1 
Seq_Frame0095_DriverToReference-SequenceTransformStatus = OK
Seq_Frame0095_Timestamp = 13.684
Seq_Frame0096_DriverToReference-SequenceTransform =0.637233 -0.100155 -0.764136 18.5269 -0.677047 0.40091 -0.617154 215.383 0.368161 0.910626 0.187663 182.172 0 0 0 1 
Seq_Frame0096_DriverToReference-SequenceTransformStatus = OK
Seq_Frame0096_Timestamp = 13.794
Seq_Frame0097_DriverToReference-SequenceTransform =0.637233 -0.100155 -0.764136 18.5269 -0.677047 0.40091 -0.617154 215.383 0.368161 0.910626 0.187663 182.172 0 0 0 1 
Seq_Frame0097_DriverToReference-SequenceTransformStatus = OK
Seq_Frame0097_Timestamp = 13.899
Seq_Frame0098_DriverToReference-SequenceTransform =0.637233 -0.100155 -0.764136 18.5269 -0.677047 0.40091 -0.617154 215.383 0.368161 0.910626 0.187663 182.172 0 0 0 1 
Seq_Frame0098_DriverToReference-SequenceTransformStatus = OK
Seq_Frame0098_Timestamp = 14.006
Seq_Frame0099_DriverToReference-SequenceTransform =0.637233 -0.100155 -0.764136 18.5269 -0.677047 0.40091 -0.617154 215.383 0.368161 0.910626 0.187663 182.172 0 0 0 1 
Seq_Frame0099_DriverToReference-SequenceTransformStatus = OK
Seq_Frame0099_Timestamp = 14.112
Seq_Frame0100_DriverToReference-SequenceTransform =0.637233 -0.100155 -0.764136 18.5269 -0.677047 0.40091 -0.617154 215.383 0.368161 0.910626 0.187663 182.172 0 0 0 1 
Seq_Frame0100_DriverToReference-SequenceTransformStatus = OK
Seq_Frame0100_Timestamp = 14.219
Seq_Frame0101_DriverToReference-SequenceTransform =0.637233 -0.100155 -0.764136 18.5269 -0.677047 0.40091 -0.617154 215.383 0.368161 0.910626 0.187663 182.172 0 0 0 1 
Seq_Frame0101_DriverToReference-SequenceTransformStatus = OK
Seq_Frame0101_Timestamp = 14.326
Seq_Frame0102_DriverToReference-SequenceTransform =0.637233 -0.100155 -0.764136 18.5269 -0.677047 0.40091 -0.617154 215.383 0.368161 0.910626 0.187663 182.172 0 0 0 1 
Seq_Frame0102_DriverToReference-SequenceTransformStatus = OK
Seq_Frame0102_Timestamp = 14.429
Seq_Frame0103_DriverToReference-SequenceTransform =0.637233 -0.100155 -0.764136 18.5269 -0.677047 0.40091 -0.617154 215.383 0.368161 0.910626 0.187663 182.172 0 0 0 1 
Seq_Frame0103_DriverToReference-SequenceTransformStatus = OK
Seq_Frame0103_Timestamp = 14.537
Seq_Frame0104_DriverToReference-SequenceTransform =0.637233 -0.100155 -0.764136 18.5269 -0.677047 0.40091 -0.617154 215.383 0.368161 0.910626 0.187663 182.172 0 0 0 1 
Seq_Frame0104_DriverToReference-SequenceTransformStatus = OK
Seq_Frame0104_Timestamp = 14.642
Seq_Frame0105_DriverToReference-SequenceTransform =0.637233 -0.100155 -0.764136 18.5269 -0.677047 0.40091 -0.617154 215.383 0.368161 0.910626 0.187663 182.172 0 0 0 1 
Seq_Frame0105_DriverToReference-SequenceTransformStatus = OK
Seq_Frame0105_Timestamp = 14.752
Seq_Frame0106_DriverToReference-SequenceTransform =0.637233 -0.100155 -0.764136 18.5269 -0.677047 0.40091 -0.617154 215.383 0.368161 0.910626 0.187663 182.172 0 0 0 1 
Seq_Frame0106_DriverToReference-SequenceTransformStatus = OK
Seq_Frame0106_Timestamp = 14.857
Seq_Frame0107_DriverToReference-SequenceTransform =0.637233 -0.100155 -0.764136 18.5269 -0.677047 0.40091 -0.617154 215.383 0.368161 0.910626 0.187663 182.172 0 0 0 1 
Seq_Frame0107_DriverToReference-SequenceTransformStatus = OK
Seq_Frame0107_Timestamp = 14.962
Seq_Frame0108_DriverToReference-SequenceTransform =0.637233 -0.100155 -0.764136 18.5269 -0.677047 0.40091 -0.617154 215.383 0.368161 0.910626 0.187663 182.172 0 0 0 1 
Seq_Frame0108_DriverToReference-SequenceTransformStatus = OK
Seq_Frame0108_Timestamp = 15.067
Seq_Frame0109_DriverToReference-SequenceTransform =0.637233 -0.100155 -0.764136 18.5269 -0.677047 0.40091 -0.617154 215.383 0.368161 0.910626 0.187663 182.172 0 0 0 1 
Seq_Frame0109_DriverToReference-SequenceTransformStatus = OK
Seq_Frame0109_Timestamp = 15.176
Seq_Frame0110_DriverToReference-SequenceTransform =0.637233 -0.100155 -0.764136 18.5269 -0.677047 0.40091 -0.617154 215.383 0.368161 0.910626 0.187663 182.172 0 0 0 1 
Seq_Frame0110_DriverToReference-SequenceTransformStatus = OK
Seq_Frame0110_Timestamp = 15.28
Seq_Frame0111_DriverToReference-SequenceTransform =0.637233 -0.100155 -0.764136 18.5269 -0.677047 0.40091 -0.617154 215.383 0.368161 0.910626 0.187663 182.172 0 0 0 1 
Seq_Frame0111_DriverToReference-SequenceTransformStatus = OK
Seq_Frame0111_Timestamp = 15.387
Seq_Frame0112_DriverToReference-SequenceTransform =0.637233 -0.100155 -0.764136 18.5269 -0.677047 0.40091 -0.617154 215.383 0.368161 0.910626 0.187663 182.172 0 0 0 1 
Seq_Frame0112_DriverToReference-SequenceTransformStatus = OK
Seq_Frame0112_Timestamp = 15.494
Seq_Frame0113_DriverToReference-SequenceTransform =0.637233 -0.100155 -0.764136 18.5269 -0.677047 0.40091 -0.617154 215.383 0.368161 0.910626 0.187663 182.172 0 0 0 1 
Seq_Frame0113_DriverToReference-SequenceTransformStatus = OK
Seq_Frame0113_Timestamp = 15.599
Seq_Frame0114_DriverToReference-SequenceTransform =0.637233 -0.100155 -0.764136 18.5269 -0.677047 0.40091 -0.617154 215.383 0.368161 0.910626 0.187663 182.172 0 0 0 1 
Seq_Frame0114_DriverToReference-SequenceTransformStatus = OK
Seq_Frame0114_Timestamp = 15.706
Seq_Frame0115_DriverToReference-SequenceTransform =0.637233 -0.100155 -0.764136 18.5269 -0.677047 0.40091 -0.617154 215.383 0.368161 0.910626 0.187663 182.172 0 0 0 1 
Seq_Frame0115_DriverToReference-SequenceTransformStatus = OK
Seq_Frame0115_Timestamp = 15.84
Seq_Frame0116_DriverToReference-SequenceTransform =0.637233 -0.100155 -0.764136 18.5269 -0.677047 0.40091 -0.617154 215.383 0.368161 0.910626 0.187663 182.172 0 0 0 1 
Seq_Frame0116_DriverToReference-SequenceTransformStatus = OK
Seq_Frame0116_Timestamp = 15.948
Seq_Frame0117_DriverToReference-SequenceTransform =0.637233 -0.100155 -0.764136 18.5269 -0.677047 0.40091 -0.617154 215.383 0.368161 0.910626 0.187663 182.172 0 0 0 1 
Seq_Frame0117_DriverToReference-SequenceTransformStatus = OK
Seq_Frame0117_Timestamp = 16.054
Seq_Frame0118_DriverToReference-SequenceTransform =0.637233 -0.100155 -0.764136 18.5269 -0.677047 0.40091 -0.617154 215.383 0.368161 0.910626 0.187663 182.172 0 0 0 1 
Seq_Frame0118_DriverToReference-SequenceTransformStatus = OK
Seq_Frame0118_Timestamp = 16.159
Seq_Frame0119_DriverToReference-SequenceTransform =0.637233 -0.100155 -0.764136 18.5269 -0.677047 0.40091 -0.617154 215.383 0.368161 0.910626 0.187663 182.172 0 0 0 1 
Seq_Frame0119_DriverToReference-SequenceTransformStatus = OK
Seq_Frame0119_Timestamp = 16.814
Seq_Frame0120_DriverToReference-SequenceTransform =0.637233 -0.100155 -0.764136 18.5269 -0.677047 0.40091 -0.617154 215.383 0.368161 0.910626 0.187663 182.172 0 0 0 1 
Seq_Frame0120_DriverToReference-SequenceTransformStatus = OK
Seq_Frame0120_Timestamp = 16.92
Seq_Frame0121_DriverToReference-SequenceTransform =0.637233 -0.100155 -0.764136 18.5269 -0.677047 0.40091 -0.617154 215.383 0.368161 0.910626 0.187663 182.172 0 0 0 1 
Seq_Frame0121_DriverToReference-SequenceTransformStatus = OK
Seq_Frame0121_Timestamp = 17.029
Seq_Frame0122_DriverToReference-SequenceTransform =0.637233 -0.100155 -0.764136 18.5269 -0.677047 0.40091 -0.617154 215.383 0.368161 0.910626 0.187663 182.172 0 0 0 1 
Seq_Frame0122_DriverToReference-SequenceTransformStatus = OK
Seq_Frame0122_Timestamp = 17.135
Seq_Frame0123_DriverToReference-SequenceTransform =0.637233 -0.100155 -0.764136 18.5269 -0.677047 0.40091 -0.617154 215.383 0.368161 0.910626 0.187663 182.172 0 0 0 1 
Seq_Frame0123_DriverToReference-SequenceTransformStatus = OK
Seq_Frame0123_Timestamp = 17.244
Seq_Frame0124_DriverToReference-SequenceTransform =0.637233 -0.100155 -0.764136 18.5269 -0.677047 0.40091 -0.617154 215.383 0.368161 0.910626 0.187663 182.172 0 0 0 1 
Seq_Frame0124_DriverToReference-SequenceTransformStatus = OK
Seq_Frame0124_Timestamp = 17.682
Seq_Frame0125_DriverToReference-SequenceTransform =0.637233 -0.100155 -0.764136 18.5269 -0.677047 0.40091 -0.617154 215.383 0.368161 0.910626 0.187663 182.172 0 0 0 1 
Seq_Frame0125_DriverToReference-SequenceTransformStatus = OK
Seq_Frame0125_Timestamp = 17.789
Seq_Frame0126_DriverToReference-SequenceTransform =0.637233 -0.100155 -0.764136 18.5269 -0.677047 0.40091 -0.617154 215.383 0.368161 0.910626 0.187663 182.172 0 0 0 1 
Seq_Frame0126_DriverToReference-SequenceTransformStatus = OK
Seq_Frame0126_Timestamp = 17.972
Seq_Frame0127_DriverToReference-SequenceTransform =0.637233 -0.100155 -0.764136 18.5269 -0.677047 0.40091 -0.617154 215.383 0.368161 0.910626 0.187663 182.172 0 0 0 1 
Seq_Frame0127_DriverToReference-SequenceTransformStatus = OK
Seq_Frame0127_Timestamp = 18.304
Seq_Frame0128_DriverToReference-SequenceTransform =0.637233 -0.100155 -0.764136 18.5269 -0.677047 0.40091 -0.617154 215.383 0.368161 0.910626 0.187663 182.172 0 0 0 1 
Seq_Frame0128_DriverToReference-SequenceTransformStatus = OK
Seq_Frame0128_Timestamp = 18.412
Seq_Frame0129_DriverToReference-SequenceTransform =0.637233 -0.100155 -0.764136 18.5269 -0.677047 0.40091 -0.617154 215.383 0.368161 0.910626 0.187663 182.172 0 0 0 1 
Seq_Frame0129_DriverToReference-SequenceTransformStatus = OK
Seq_Frame0129_Timestamp = 18.525
Seq_Frame0130_DriverToReference-SequenceTransform =0.637233 -0.100155 -0.764136 18.5269 -0.677047 0.40091 -0.617154 215.383 0.368161 0.910626 0.187663 182.172 0 0 0 1 
Seq_Frame0130_DriverToReference-SequenceTransformStatus = OK
Seq_Frame0130_Timestamp = 18.63
Seq_Frame0131_DriverToReference-SequenceTransform =0.637233 -0.100155 -0.764136 18.5269 -0.677047 0.40091 -0.617154 215.383 0.368161 0.910626 0.187663 182.172 0 0 0 1 
Seq_Frame0131_DriverToReference-SequenceTransformStatus = OK
Seq_Frame0131_Timestamp = 18.737
Seq_Frame0132_DriverToReference-SequenceTransform =0.637233 -0.100155 -0.764136 18.5269 -0.677047 0.40091 -0.617154 215.383 0.368161 0.910626 0.187663 182.172 0 0 0 1 
Seq_Frame0132_DriverToReference-SequenceTransformStatus = OK
Seq_Frame0132_Timestamp = 18.844
Seq_Frame0133_DriverToReference-SequenceTransform =0.637233 -0.100155 -0.764136 18.5269 -0.677047 0.40091 -0.617154 215.383 0.368161 0.910626 0.187663 182.172 0 0 0 1 
Seq_Frame0133_DriverToReference-SequenceTransformStatus = OK
Seq_Frame0133_Timestamp = 19.017
Seq_Frame0134_DriverToReference-SequenceTransform =0.637233 -0.100155 -0.764136 18.5269 -0.677047 0.40091 -0.617154 215.383 0.368161 0.910626 0.187663 182.172 0 0 0 1 
Seq_Frame0134_DriverToReference-SequenceTransformStatus = OK
Seq_Frame0134_Timestamp = 19.126
Seq_Frame0135_DriverToReference-SequenceTransform =0.637233 -0.100155 -0.764136 18.5269 -0.677047 0.40091 -0.617154 215.383 0.368161 0.910626 0.187663 182.172 0 0 0 1 
Seq_Frame0135_DriverToReference-SequenceTransformStatus = OK
Seq_Frame0135_Timestamp = 19.234
Seq_Frame0136_DriverToReference-SequenceTransform =0.637233 -0.100155 -0.764136 18.5269 -0.677047 0.40091 -0.617154 215.383 0.368161 0.910626 0.187663 182.172 0 0 0 1 
Seq_Frame0136_DriverToReference-SequenceTransformStatus = OK
Seq_Frame0136_Timestamp = 19.341
Seq_Frame0137_DriverToReference-SequenceTransform =0.637233 -0.100155 -0.764136 18.5269 -0.677047 0.40091 -0.617154 215.383 0.368161 0.910626 0.187663 182.172 0 0 0 1 
Seq_Frame0137_DriverToReference-SequenceTransformStatus = OK
Seq_Frame0137_Timestamp = 19.446
Seq_Frame0138_DriverToReference-SequenceTransform =0.637233 -0.100155 -0.764136 18.5269 -0.677047 0.40091 -0.617154 215.383 0.368161 0.910626 0.187663 182.172 0 0 0 1 
Seq_Frame0138_DriverToReference-SequenceTransformStatus = OK
Seq_Frame0138_Timestamp = 19.559
Seq_Frame0139_DriverToReference-SequenceTransform =0.637233 -0.100155 -0.764136 18.5269 -0.677047 0.40091 -0.617154 215.383 0.368161 0.910626 0.187663 182.172 0 0 0 1 
Seq_Frame0139_DriverToReference-SequenceTransformStatus = OK
Seq_Frame0139_Timestamp = 19.665
Seq_Frame0140_DriverToReference-SequenceTransform =0.637233 -0.100155 -0.764136 18.5269 -0.677047 0.40091 -0.617154 215.383 0.368161 0.910626 0.187663 182.172 0 0 0 1 
Seq_Frame0140_DriverToReference-SequenceTransformStatus = OK
Seq_Frame0140_Timestamp = 19.774
Seq_Frame0141_DriverToReference-SequenceTransform =0.637233 -0.100155 -0.764136 18.5269 -0.677047 0.40091 -0.617154 215.383 0.368161 0.910626 0.187663 182.172 0 0 0 1 
Seq_Frame0141_DriverToReference-SequenceTransformStatus = OK
Seq_Frame0141_Timestamp = 19.877
Seq_Frame0142_DriverToReference-SequenceTransform =0.637233 -0.100155 -0.764136 18.5269 -0.677047 0.40091 -0.617154 215.383 0.368161 0.910626 0.187663 182.172 0 0 0 1 
Seq_Frame0142_DriverToReference-SequenceTransformStatus = OK
Seq_Frame0142_Timestamp = 19.985
Seq_Frame0143_DriverToReference-SequenceTransform =0.637233 -0.100155 -0.764136 18.5269 -0.677047 0.40091 -0.617154 215.383 0.368161 0.910626 0.187663 182.172 0 0 0 1 
Seq_Frame0143_DriverToReference-SequenceTransformStatus = OK
Seq_Frame0143_Timestamp = 20.091
Seq_Frame0144_DriverToReference-SequenceTransform =0.637233 -0.100155 -0.764136 18.5269 -0.677047 0.40091 -0.617154 215.383 0.368161 0.910626 0.187663 182.172 0 0 0 1 
Seq_Frame0144_DriverToReference-SequenceTransformStatus = OK
Seq_Frame0144_Timestamp = 20.197
Seq_Frame0145_DriverToReference-SequenceTransform =0.637233 -0.100155 -0.764136 18.5269 -0.677047 0.40091 -0.617154 215.383 0.368161 0.910626 0.187663 182.172 0 0 0 1 
Seq_Frame0145_DriverToReference-SequenceTransformStatus = OK
Seq_Frame0145_Timestamp = 20.303
Seq_Frame0146_DriverToReference-SequenceTransform =0.637233 -0.100155 -0.764136 18.5269 -0.677047 0.40091 -0.617154 215.383 0.368161 0.910626 0.187663 182.172 0 0 0 1 
Seq_Frame0146_DriverToReference-SequenceTransformStatus = OK
Seq_Frame0146_Timestamp = 20.407
Seq_Frame0147_DriverToReference-SequenceTransform =0.637233 -0.100155 -0.764136 18.5269 -0.677047 0.40091 -0.617154 215.383 0.368161 0.910626 0.187663 182.172 0 0 0 1 
Seq_Frame0147_DriverToReference-SequenceTransformStatus = OK
Seq_Frame0147_Timestamp = 20.516
Seq_Frame0148_DriverToReference-SequenceTransform =0.637233 -0.100155 -0.764136 18.5269 -0.677047 0.40091 -0.617154 215.383 0.368161 0.910626 0.187663 182.172 0 0 0 1 
Seq_Frame0148_DriverToReference-SequenceTransformStatus = OK
Seq_Frame0148_Timestamp = 20.625
Seq_Frame0149_DriverToReference-SequenceTransform =0.637233 -0.100155 -0.764136 18.5269 -0.677047 0.40091 -0.617154 215.383 0.368161 0.910626 0.187663 182.172 0 0 0 1 
Seq_Frame0149_DriverToReference-SequenceTransformStatus = OK
Seq_Frame0149_Timestamp = 20.734
Seq_Frame0150_DriverToReference-SequenceTransform =0.637233 -0.100155 -0.764136 18.5269 -0.677047 0.40091 -0.617154 215.383 0.368161 0.910626 0.187663 182.172 0 0 0 1 
Seq_Frame0150_DriverToReference-SequenceTransformStatus = OK
Seq_Frame0150_Timestamp = 20.844
