ObjectType = Image
NDims = 3
AnatomicalOrientation = RAI
BinaryData = True
CompressedData = False
DimSize = 0 0 2668
ElementSpacing = 1 1 1
Offset = 0 0 0
TransformMatrix = 1 0 0 0 1 0 0 0 1
ElementType = MET_UCHAR
Kinds = domain domain list
Seq_Frame0000_ForcepToReference-SequenceTransform =0.765433 0.0131753 -0.643381 82.0201 0.436157 -0.745739 0.503626 -9.25143 -0.473159 -0.666108 -0.57656 -7.46545 0 0 0 1 
Seq_Frame0000_ForcepToReference-SequenceTransformStatus = OK
Seq_Frame0000_Timestamp = 0.02
Seq_Frame0001_ForcepToReference-SequenceTransform =0.766263 0.0133966 -0.642388 82.0251 0.435469 -0.745966 0.503887 -9.25574 -0.472449 -0.66585 -0.57744 -7.43112 0 0 0 1 
Seq_Frame0001_ForcepToReference-SequenceTransformStatus = OK
Seq_Frame0001_Timestamp = 0.13
Seq_Frame0002_ForcepToReference-SequenceTransform =0.765048 0.0138719 -0.643824 82.0218 0.437008 -0.74551 0.503228 -9.2432 -0.472996 -0.66635 -0.576413 -7.40086 0 0 0 1 
Seq_Frame0002_ForcepToReference-SequenceTransformStatus = OK
Seq_Frame0002_Timestamp = 0.236
Seq_Frame0003_ForcepToReference-SequenceTransform =0.762735 0.0155717 -0.646524 82.0173 0.441484 -0.743061 0.502943 -9.16181 -0.472575 -0.669042 -0.573633 -7.41298 0 0 0 1 
Seq_Frame0003_ForcepToReference-SequenceTransformStatus = OK
Seq_Frame0003_Timestamp = 0.354
Seq_Frame0004_ForcepToReference-SequenceTransform =0.766043 0.0131206 -0.642656 82.024 0.435767 -0.745573 0.50421 -9.27846 -0.472531 -0.666294 -0.576859 -7.40776 0 0 0 1 
Seq_Frame0004_ForcepToReference-SequenceTransformStatus = OK
Seq_Frame0004_Timestamp = 0.455
Seq_Frame0005_ForcepToReference-SequenceTransform =0.76532 0.0135372 -0.643508 82.0196 0.437088 -0.744835 0.504157 -9.27364 -0.472482 -0.667111 -0.575954 -7.41007 0 0 0 1 
Seq_Frame0005_ForcepToReference-SequenceTransformStatus = OK
Seq_Frame0005_Timestamp = 0.555
Seq_Frame0006_ForcepToReference-SequenceTransform =0.765478 0.0132575 -0.643325 82.0317 0.436396 -0.745417 0.503897 -9.26675 -0.472865 -0.666466 -0.576386 -7.40591 0 0 0 1 
Seq_Frame0006_ForcepToReference-SequenceTransformStatus = OK
Seq_Frame0006_Timestamp = 0.656
Seq_Frame0007_ForcepToReference-SequenceTransform =0.76563 0.0134557 -0.643141 82.0243 0.436518 -0.745233 0.504063 -9.26424 -0.472507 -0.666669 -0.576446 -7.43166 0 0 0 1 
Seq_Frame0007_ForcepToReference-SequenceTransformStatus = OK
Seq_Frame0007_Timestamp = 0.774
Seq_Frame0008_ForcepToReference-SequenceTransform =0.765471 0.01314 -0.643336 82.022 0.436315 -0.745448 0.503921 -9.2663 -0.472952 -0.666434 -0.576352 -7.39862 0 0 0 1 
Seq_Frame0008_ForcepToReference-SequenceTransformStatus = OK
Seq_Frame0008_Timestamp = 0.877
Seq_Frame0009_ForcepToReference-SequenceTransform =0.765061 0.012982 -0.643827 82.0256 0.436207 -0.745926 0.503306 -9.25258 -0.473713 -0.665902 -0.576342 -7.37388 0 0 0 1 
Seq_Frame0009_ForcepToReference-SequenceTransformStatus = OK
Seq_Frame0009_Timestamp = 0.979
Seq_Frame0010_ForcepToReference-SequenceTransform =0.765531 0.0131968 -0.643263 82.0228 0.4362 -0.745587 0.503815 -9.24087 -0.47296 -0.666278 -0.576527 -7.39705 0 0 0 1 
Seq_Frame0010_ForcepToReference-SequenceTransformStatus = OK
Seq_Frame0010_Timestamp = 1.084
Seq_Frame0011_ForcepToReference-SequenceTransform =0.765565 0.013018 -0.643227 82.0155 0.436087 -0.745569 0.503939 -9.26022 -0.47301 -0.666301 -0.576458 -7.37432 0 0 0 1 
Seq_Frame0011_ForcepToReference-SequenceTransformStatus = OK
Seq_Frame0011_Timestamp = 1.193
Seq_Frame0012_ForcepToReference-SequenceTransform =0.765183 0.0132269 -0.643677 82.0132 0.437264 -0.744495 0.504507 -9.27625 -0.472542 -0.667497 -0.575458 -7.34036 0 0 0 1 
Seq_Frame0012_ForcepToReference-SequenceTransformStatus = OK
Seq_Frame0012_Timestamp = 1.303
Seq_Frame0013_ForcepToReference-SequenceTransform =0.765024 0.0134822 -0.643861 82.0096 0.43713 -0.74506 0.503789 -9.28958 -0.472922 -0.666862 -0.575882 -7.35385 0 0 0 1 
Seq_Frame0013_ForcepToReference-SequenceTransformStatus = OK
Seq_Frame0013_Timestamp = 1.412
Seq_Frame0014_ForcepToReference-SequenceTransform =0.764717 0.0133938 -0.644226 82.0099 0.437458 -0.744866 0.503791 -9.26056 -0.473115 -0.66708 -0.575471 -7.40082 0 0 0 1 
Seq_Frame0014_ForcepToReference-SequenceTransformStatus = OK
Seq_Frame0014_Timestamp = 1.528
Seq_Frame0015_ForcepToReference-SequenceTransform =0.766388 0.0135176 -0.642235 82.0074 0.436122 -0.745 0.50475 -9.25681 -0.471642 -0.666927 -0.576855 -7.38127 0 0 0 1 
Seq_Frame0015_ForcepToReference-SequenceTransformStatus = OK
Seq_Frame0015_Timestamp = 1.636
Seq_Frame0016_ForcepToReference-SequenceTransform =0.765651 0.0132143 -0.64312 82.0045 0.436131 -0.745565 0.503907 -9.23907 -0.472829 -0.666302 -0.576606 -7.4152 0 0 0 1 
Seq_Frame0016_ForcepToReference-SequenceTransformStatus = OK
Seq_Frame0016_Timestamp = 1.739
Seq_Frame0017_ForcepToReference-SequenceTransform =0.7652 0.0141489 -0.643637 82.0126 0.438133 -0.74397 0.504528 -9.26021 -0.471708 -0.668063 -0.575485 -7.29581 0 0 0 1 
Seq_Frame0017_ForcepToReference-SequenceTransformStatus = OK
Seq_Frame0017_Timestamp = 1.84
Seq_Frame0018_ForcepToReference-SequenceTransform =0.765357 0.013508 -0.643465 82.0156 0.436947 -0.74497 0.50408 -9.25996 -0.472553 -0.666961 -0.57607 -7.35024 0 0 0 1 
Seq_Frame0018_ForcepToReference-SequenceTransformStatus = OK
Seq_Frame0018_Timestamp = 1.959
Seq_Frame0019_ForcepToReference-SequenceTransform =0.765134 0.0132621 -0.643734 82.0262 0.436756 -0.745294 0.503768 -9.24455 -0.47309 -0.666605 -0.576042 -7.44388 0 0 0 1 
Seq_Frame0019_ForcepToReference-SequenceTransformStatus = OK
Seq_Frame0019_Timestamp = 2.06
Seq_Frame0020_ForcepToReference-SequenceTransform =0.765083 0.0140682 -0.643778 82.0338 0.437358 -0.745132 0.503485 -9.25289 -0.472616 -0.666769 -0.576241 -7.39292 0 0 0 1 
Seq_Frame0020_ForcepToReference-SequenceTransformStatus = OK
Seq_Frame0020_Timestamp = 2.16
Seq_Frame0021_ForcepToReference-SequenceTransform =0.765206 0.0134613 -0.643645 82.0349 0.437402 -0.744458 0.504442 -9.27853 -0.472376 -0.667534 -0.575552 -7.38239 0 0 0 1 
Seq_Frame0021_ForcepToReference-SequenceTransformStatus = OK
Seq_Frame0021_Timestamp = 2.264
Seq_Frame0022_ForcepToReference-SequenceTransform =0.765789 0.0136022 -0.642948 82.0262 0.437573 -0.743678 0.505442 -9.31197 -0.471271 -0.668399 -0.575453 -7.31734 0 0 0 1 
Seq_Frame0022_ForcepToReference-SequenceTransformStatus = OK
Seq_Frame0022_Timestamp = 2.375
Seq_Frame0023_ForcepToReference-SequenceTransform =0.743393 0.0149874 -0.668687 82.0386 0.468409 -0.72532 0.504484 -9.28675 -0.47745 -0.688249 -0.546218 -7.34759 0 0 0 1 
Seq_Frame0023_ForcepToReference-SequenceTransformStatus = OK
Seq_Frame0023_Timestamp = 2.483
Seq_Frame0024_ForcepToReference-SequenceTransform =0.742721 0.0148055 -0.669438 82.0362 0.468579 -0.725668 0.503825 -9.28986 -0.47833 -0.687886 -0.545906 -7.32921 0 0 0 1 
Seq_Frame0024_ForcepToReference-SequenceTransformStatus = OK
Seq_Frame0024_Timestamp = 2.59
Seq_Frame0025_ForcepToReference-SequenceTransform =0.74201 0.0151739 -0.670217 82.0466 0.469601 -0.725244 0.503485 -9.30129 -0.478431 -0.688325 -0.545264 -7.30843 0 0 0 1 
Seq_Frame0025_ForcepToReference-SequenceTransformStatus = OK
Seq_Frame0025_Timestamp = 2.7
Seq_Frame0026_ForcepToReference-SequenceTransform =0.743145 0.0153289 -0.668955 82.0314 0.468724 -0.725394 0.504085 -9.29896 -0.477529 -0.688164 -0.546257 -7.33697 0 0 0 1 
Seq_Frame0026_ForcepToReference-SequenceTransformStatus = OK
Seq_Frame0026_Timestamp = 2.801
Seq_Frame0027_ForcepToReference-SequenceTransform =0.744137 0.0156631 -0.667843 82.0483 0.468444 -0.724969 0.504956 -9.33198 -0.476256 -0.688603 -0.546814 -7.30242 0 0 0 1 
Seq_Frame0027_ForcepToReference-SequenceTransformStatus = OK
Seq_Frame0027_Timestamp = 2.909
Seq_Frame0028_ForcepToReference-SequenceTransform =0.743635 0.0157593 -0.6684 82.0472 0.469479 -0.724094 0.505251 -9.33875 -0.476022 -0.689522 -0.54586 -7.28389 0 0 0 1 
Seq_Frame0028_ForcepToReference-SequenceTransformStatus = OK
Seq_Frame0028_Timestamp = 3.014
Seq_Frame0029_ForcepToReference-SequenceTransform =0.741681 0.0149725 -0.670586 82.0435 0.470127 -0.724691 0.503789 -9.28821 -0.478425 -0.688911 -0.544529 -7.35478 0 0 0 1 
Seq_Frame0029_ForcepToReference-SequenceTransformStatus = OK
Seq_Frame0029_Timestamp = 3.116
Seq_Frame0030_ForcepToReference-SequenceTransform =0.743193 0.0150079 -0.668909 82.0482 0.469245 -0.724348 0.505104 -9.31752 -0.476942 -0.689272 -0.545372 -7.34217 0 0 0 1 
Seq_Frame0030_ForcepToReference-SequenceTransformStatus = OK
Seq_Frame0030_Timestamp = 3.225
Seq_Frame0031_ForcepToReference-SequenceTransform =0.742721 0.0148041 -0.669438 82.0425 0.469144 -0.724853 0.504472 -9.3118 -0.477776 -0.688745 -0.545309 -7.30296 0 0 0 1 
Seq_Frame0031_ForcepToReference-SequenceTransformStatus = OK
Seq_Frame0031_Timestamp = 3.33
Seq_Frame0032_ForcepToReference-SequenceTransform =0.742721 0.0149534 -0.669434 82.0449 0.469264 -0.724793 0.504447 -9.33316 -0.477658 -0.688805 -0.545336 -7.26158 0 0 0 1 
Seq_Frame0032_ForcepToReference-SequenceTransformStatus = OK
Seq_Frame0032_Timestamp = 3.43
Seq_Frame0033_ForcepToReference-SequenceTransform =0.744142 0.0150603 -0.667852 82.0436 0.46807 -0.725049 0.505188 -9.32693 -0.476617 -0.688533 -0.546589 -7.25664 0 0 0 1 
Seq_Frame0033_ForcepToReference-SequenceTransformStatus = OK
Seq_Frame0033_Timestamp = 3.531
Seq_Frame0034_ForcepToReference-SequenceTransform =0.743017 0.0148801 -0.669107 82.0465 0.468886 -0.724961 0.504556 -9.31738 -0.477569 -0.688629 -0.545636 -7.34302 0 0 0 1 
Seq_Frame0034_ForcepToReference-SequenceTransformStatus = OK
Seq_Frame0034_Timestamp = 3.639
Seq_Frame0035_ForcepToReference-SequenceTransform =0.743291 0.0150797 -0.668798 82.0363 0.468989 -0.724664 0.504888 -9.29484 -0.47704 -0.688938 -0.545709 -7.3732 0 0 0 1 
Seq_Frame0035_ForcepToReference-SequenceTransformStatus = OK
Seq_Frame0035_Timestamp = 3.749
Seq_Frame0036_ForcepToReference-SequenceTransform =0.743167 0.0150923 -0.668936 82.0353 0.468799 -0.725083 0.504462 -9.29941 -0.477421 -0.688496 -0.545933 -7.34511 0 0 0 1 
Seq_Frame0036_ForcepToReference-SequenceTransformStatus = OK
Seq_Frame0036_Timestamp = 3.854
Seq_Frame0037_ForcepToReference-SequenceTransform =0.742327 0.0147485 -0.669876 82.0371 0.469082 -0.725328 0.503847 -9.27545 -0.478448 -0.688246 -0.545348 -7.35198 0 0 0 1 
Seq_Frame0037_ForcepToReference-SequenceTransformStatus = OK
Seq_Frame0037_Timestamp = 3.955
Seq_Frame0038_ForcepToReference-SequenceTransform =0.742897 0.0152479 -0.669232 82.038 0.46885 -0.72542 0.50393 -9.28844 -0.47779 -0.688138 -0.546061 -7.29872 0 0 0 1 
Seq_Frame0038_ForcepToReference-SequenceTransformStatus = OK
Seq_Frame0038_Timestamp = 4.064
Seq_Frame0039_ForcepToReference-SequenceTransform =0.743342 0.0151251 -0.66874 82.0339 0.467482 -0.726813 0.503194 -9.29263 -0.478438 -0.686669 -0.547342 -7.31679 0 0 0 1 
Seq_Frame0039_ForcepToReference-SequenceTransformStatus = OK
Seq_Frame0039_Timestamp = 4.165
Seq_Frame0040_ForcepToReference-SequenceTransform =0.743081 0.0153869 -0.669025 82.0421 0.469498 -0.72439 0.504808 -9.31492 -0.476867 -0.689219 -0.545504 -7.25276 0 0 0 1 
Seq_Frame0040_ForcepToReference-SequenceTransformStatus = OK
Seq_Frame0040_Timestamp = 4.269
Seq_Frame0041_ForcepToReference-SequenceTransform =0.742389 0.0153943 -0.669792 82.031 0.468856 -0.726071 0.502987 -9.2378 -0.478573 -0.687448 -0.546245 -7.38068 0 0 0 1 
Seq_Frame0041_ForcepToReference-SequenceTransformStatus = OK
Seq_Frame0041_Timestamp = 4.383
Seq_Frame0042_ForcepToReference-SequenceTransform =0.741858 0.0150453 -0.670388 82.0411 0.469048 -0.726106 0.502757 -9.25018 -0.479209 -0.687419 -0.545724 -7.34159 0 0 0 1 
Seq_Frame0042_ForcepToReference-SequenceTransformStatus = OK
Seq_Frame0042_Timestamp = 4.484
Seq_Frame0043_ForcepToReference-SequenceTransform =0.741835 0.0152586 -0.670409 82.035 0.46927 -0.725972 0.502743 -9.22766 -0.479027 -0.687555 -0.545711 -7.37041 0 0 0 1 
Seq_Frame0043_ForcepToReference-SequenceTransformStatus = OK
Seq_Frame0043_Timestamp = 4.59
Seq_Frame0044_ForcepToReference-SequenceTransform =0.741675 0.015209 -0.670587 82.0386 0.468521 -0.727179 0.501696 -9.22602 -0.480007 -0.686279 -0.546457 -7.35535 0 0 0 1 
Seq_Frame0044_ForcepToReference-SequenceTransformStatus = OK
Seq_Frame0044_Timestamp = 4.69
Seq_Frame0045_ForcepToReference-SequenceTransform =0.741671 0.0151573 -0.670593 82.0277 0.467408 -0.728733 0.500478 -9.18233 -0.481097 -0.68463 -0.547565 -7.43372 0 0 0 1 
Seq_Frame0045_ForcepToReference-SequenceTransformStatus = OK
Seq_Frame0045_Timestamp = 4.801
Seq_Frame0046_ForcepToReference-SequenceTransform =0.741701 0.0151051 -0.67056 82.0058 0.465361 -0.731562 0.498253 -9.14401 -0.48303 -0.681607 -0.54963 -7.53954 0 0 0 1 
Seq_Frame0046_ForcepToReference-SequenceTransformStatus = OK
Seq_Frame0046_Timestamp = 4.909
Seq_Frame0047_ForcepToReference-SequenceTransform =0.741691 0.0156746 -0.670559 82.04 0.468599 -0.727399 0.501304 -9.18911 -0.479906 -0.686035 -0.546851 -7.30736 0 0 0 1 
Seq_Frame0047_ForcepToReference-SequenceTransformStatus = OK
Seq_Frame0047_Timestamp = 5.01
Seq_Frame0048_ForcepToReference-SequenceTransform =0.741247 0.0150476 -0.671064 82.0441 0.468702 -0.727257 0.501414 -9.22336 -0.48049 -0.686201 -0.54613 -7.34767 0 0 0 1 
Seq_Frame0048_ForcepToReference-SequenceTransformStatus = OK
Seq_Frame0048_Timestamp = 5.125
Seq_Frame0049_ForcepToReference-SequenceTransform =0.741739 0.0155356 -0.670509 82.0465 0.46911 -0.726512 0.502112 -9.22011 -0.479332 -0.686978 -0.54617 -7.27483 0 0 0 1 
Seq_Frame0049_ForcepToReference-SequenceTransformStatus = OK
Seq_Frame0049_Timestamp = 5.229
Seq_Frame0050_ForcepToReference-SequenceTransform =0.741068 0.0151596 -0.671258 82.0451 0.469138 -0.726909 0.501511 -9.19801 -0.480341 -0.686567 -0.545801 -7.34847 0 0 0 1 
Seq_Frame0050_ForcepToReference-SequenceTransformStatus = OK
Seq_Frame0050_Timestamp = 5.33
Seq_Frame0051_ForcepToReference-SequenceTransform =0.742419 0.0154823 -0.669756 82.0368 0.468822 -0.726153 0.502899 -9.253 -0.47856 -0.687358 -0.546369 -7.30227 0 0 0 1 
Seq_Frame0051_ForcepToReference-SequenceTransformStatus = OK
Seq_Frame0051_Timestamp = 5.434
Seq_Frame0052_ForcepToReference-SequenceTransform =0.743156 0.0153897 -0.668942 82.034 0.46802 -0.726441 0.50323 -9.24226 -0.478202 -0.687056 -0.547061 -7.35799 0 0 0 1 
Seq_Frame0052_ForcepToReference-SequenceTransformStatus = OK
Seq_Frame0052_Timestamp = 5.535
Seq_Frame0053_ForcepToReference-SequenceTransform =0.742864 0.0151108 -0.669272 82.0397 0.469401 -0.724558 0.504657 -9.28252 -0.4773 -0.689048 -0.545341 -7.41829 0 0 0 1 
Seq_Frame0053_ForcepToReference-SequenceTransformStatus = OK
Seq_Frame0053_Timestamp = 5.64
Seq_Frame0054_ForcepToReference-SequenceTransform =0.743552 0.0154485 -0.6685 82.0455 0.469003 -0.724639 0.504911 -9.32434 -0.476621 -0.688956 -0.546052 -7.33033 0 0 0 1 
Seq_Frame0054_ForcepToReference-SequenceTransformStatus = OK
Seq_Frame0054_Timestamp = 5.75
Seq_Frame0055_ForcepToReference-SequenceTransform =0.744065 0.0158342 -0.66792 82.0498 0.469094 -0.724237 0.505403 -9.35074 -0.47573 -0.689369 -0.546307 -7.27751 0 0 0 1 
Seq_Frame0055_ForcepToReference-SequenceTransformStatus = OK
Seq_Frame0055_Timestamp = 5.874
Seq_Frame0056_ForcepToReference-SequenceTransform =0.742878 0.0154221 -0.669249 82.0486 0.469256 -0.724986 0.504176 -9.30704 -0.477421 -0.688591 -0.545813 -7.29881 0 0 0 1 
Seq_Frame0056_ForcepToReference-SequenceTransformStatus = OK
Seq_Frame0056_Timestamp = 5.976
Seq_Frame0057_ForcepToReference-SequenceTransform =0.743596 0.0155314 -0.668448 82.0458 0.468193 -0.725821 0.503964 -9.31935 -0.477346 -0.687709 -0.546989 -7.34154 0 0 0 1 
Seq_Frame0057_ForcepToReference-SequenceTransformStatus = OK
Seq_Frame0057_Timestamp = 6.08
Seq_Frame0058_ForcepToReference-SequenceTransform =0.742316 0.0154436 -0.669872 82.0445 0.469948 -0.724614 0.504066 -9.28728 -0.477614 -0.688982 -0.545151 -7.39337 0 0 0 1 
Seq_Frame0058_ForcepToReference-SequenceTransformStatus = OK
Seq_Frame0058_Timestamp = 6.18
Seq_Frame0059_ForcepToReference-SequenceTransform =0.743371 0.0153237 -0.668704 82.0457 0.46911 -0.724586 0.504887 -9.32119 -0.476797 -0.689014 -0.545825 -7.31502 0 0 0 1 
Seq_Frame0059_ForcepToReference-SequenceTransformStatus = OK
Seq_Frame0059_Timestamp = 6.281
Seq_Frame0060_ForcepToReference-SequenceTransform =0.74473 0.0153686 -0.667188 82.0409 0.468306 -0.724295 0.506049 -9.36307 -0.475464 -0.689319 -0.546602 -7.2836 0 0 0 1 
Seq_Frame0060_ForcepToReference-SequenceTransformStatus = OK
Seq_Frame0060_Timestamp = 6.385
Seq_Frame0061_ForcepToReference-SequenceTransform =0.742878 0.0153071 -0.669251 82.0396 0.469042 -0.725208 0.504056 -9.31457 -0.477631 -0.688359 -0.545921 -7.29738 0 0 0 1 
Seq_Frame0061_ForcepToReference-SequenceTransformStatus = OK
Seq_Frame0061_Timestamp = 6.493
Seq_Frame0062_ForcepToReference-SequenceTransform =0.74268 0.0157942 -0.66946 82.0363 0.469498 -0.725133 0.50374 -9.28734 -0.477491 -0.688428 -0.545957 -7.27839 0 0 0 1 
Seq_Frame0062_ForcepToReference-SequenceTransformStatus = OK
Seq_Frame0062_Timestamp = 6.603
Seq_Frame0063_ForcepToReference-SequenceTransform =0.742423 0.0153291 -0.669756 82.0274 0.468754 -0.726132 0.502994 -9.2558 -0.47862 -0.687385 -0.546283 -7.34254 0 0 0 1 
Seq_Frame0063_ForcepToReference-SequenceTransformStatus = OK
Seq_Frame0063_Timestamp = 6.716
Seq_Frame0064_ForcepToReference-SequenceTransform =0.744587 0.0162545 -0.667328 82.0238 0.468808 -0.724396 0.50544 -9.29334 -0.475194 -0.689193 -0.546996 -7.34027 0 0 0 1 
Seq_Frame0064_ForcepToReference-SequenceTransformStatus = OK
Seq_Frame0064_Timestamp = 6.824
Seq_Frame0065_ForcepToReference-SequenceTransform =0.742921 0.0153063 -0.669204 82.0324 0.469606 -0.724347 0.504769 -9.28582 -0.47701 -0.689266 -0.54532 -7.32998 0 0 0 1 
Seq_Frame0065_ForcepToReference-SequenceTransformStatus = OK
Seq_Frame0065_Timestamp = 6.932
Seq_Frame0066_ForcepToReference-SequenceTransform =0.743156 0.0152551 -0.668944 82.0346 0.469178 -0.724671 0.504702 -9.29693 -0.477065 -0.688926 -0.545701 -7.29843 0 0 0 1 
Seq_Frame0066_ForcepToReference-SequenceTransformStatus = OK
Seq_Frame0066_Timestamp = 7.036
Seq_Frame0067_ForcepToReference-SequenceTransform =0.744318 0.00741455 -0.667784 81.879 0.479305 -0.70223 0.526441 -9.92386 -0.465035 -0.711912 -0.526236 -6.20167 0 0 0 1 
Seq_Frame0067_ForcepToReference-SequenceTransformStatus = OK
Seq_Frame0067_Timestamp = 7.145
Seq_Frame0068_ForcepToReference-SequenceTransform =0.746979 0.00899903 -0.664787 81.8064 0.48462 -0.691907 0.535171 -10.3647 -0.455154 -0.721931 -0.521201 -5.96169 0 0 0 1 
Seq_Frame0068_ForcepToReference-SequenceTransformStatus = OK
Seq_Frame0068_Timestamp = 7.914
Seq_Frame0069_ForcepToReference-SequenceTransform =0.746979 0.00899903 -0.664787 81.8064 0.48462 -0.691907 0.535171 -10.3647 -0.455154 -0.721931 -0.521201 -5.96169 0 0 0 1 
Seq_Frame0069_ForcepToReference-SequenceTransformStatus = OK
Seq_Frame0069_Timestamp = 8.025
Seq_Frame0070_ForcepToReference-SequenceTransform =0.746979 0.00899903 -0.664787 81.8064 0.48462 -0.691907 0.535171 -10.3647 -0.455154 -0.721931 -0.521201 -5.96169 0 0 0 1 
Seq_Frame0070_ForcepToReference-SequenceTransformStatus = OK
Seq_Frame0070_Timestamp = 8.133
Seq_Frame0071_ForcepToReference-SequenceTransform =0.746979 0.00899903 -0.664787 81.8064 0.48462 -0.691907 0.535171 -10.3647 -0.455154 -0.721931 -0.521201 -5.96169 0 0 0 1 
Seq_Frame0071_ForcepToReference-SequenceTransformStatus = OK
Seq_Frame0071_Timestamp = 8.241
Seq_Frame0072_ForcepToReference-SequenceTransform =0.746979 0.00899903 -0.664787 81.8064 0.48462 -0.691907 0.535171 -10.3647 -0.455154 -0.721931 -0.521201 -5.96169 0 0 0 1 
Seq_Frame0072_ForcepToReference-SequenceTransformStatus = OK
Seq_Frame0072_Timestamp = 8.35
Seq_Frame0073_ForcepToReference-SequenceTransform =0.746979 0.00899903 -0.664787 81.8064 0.48462 -0.691907 0.535171 -10.3647 -0.455154 -0.721931 -0.521201 -5.96169 0 0 0 1 
Seq_Frame0073_ForcepToReference-SequenceTransformStatus = OK
Seq_Frame0073_Timestamp = 8.457
Seq_Frame0074_ForcepToReference-SequenceTransform =0.746979 0.00899903 -0.664787 81.8064 0.48462 -0.691907 0.535171 -10.3647 -0.455154 -0.721931 -0.521201 -5.96169 0 0 0 1 
Seq_Frame0074_ForcepToReference-SequenceTransformStatus = OK
Seq_Frame0074_Timestamp = 8.567
Seq_Frame0075_ForcepToReference-SequenceTransform =0.746979 0.00899903 -0.664787 81.8064 0.48462 -0.691907 0.535171 -10.3647 -0.455154 -0.721931 -0.521201 -5.96169 0 0 0 1 
Seq_Frame0075_ForcepToReference-SequenceTransformStatus = OK
Seq_Frame0075_Timestamp = 8.675
Seq_Frame0076_ForcepToReference-SequenceTransform =0.746979 0.00899903 -0.664787 81.8064 0.48462 -0.691907 0.535171 -10.3647 -0.455154 -0.721931 -0.521201 -5.96169 0 0 0 1 
Seq_Frame0076_ForcepToReference-SequenceTransformStatus = OK
Seq_Frame0076_Timestamp = 8.78
Seq_Frame0077_ForcepToReference-SequenceTransform =0.110019 -0.699182 -0.706428 -77.8959 0.982701 -0.0300139 0.182752 135.233 -0.148979 -0.714314 0.683784 -9.42943 0 0 0 1 
Seq_Frame0077_ForcepToReference-SequenceTransformStatus = OK
Seq_Frame0077_Timestamp = 8.884
Seq_Frame0078_ForcepToReference-SequenceTransform =0.167258 -0.695286 -0.699001 -72.7684 0.962383 -0.0388311 0.268906 126.386 -0.214109 -0.717684 0.662637 -8.58631 0 0 0 1 
Seq_Frame0078_ForcepToReference-SequenceTransformStatus = OK
Seq_Frame0078_Timestamp = 8.992
Seq_Frame0079_ForcepToReference-SequenceTransform =0.144004 -0.684375 -0.714768 -72.4602 0.964978 -0.0629306 0.254669 124.807 -0.21927 -0.726409 0.651345 -10.133 0 0 0 1 
Seq_Frame0079_ForcepToReference-SequenceTransformStatus = OK
Seq_Frame0079_Timestamp = 9.099
Seq_Frame0080_ForcepToReference-SequenceTransform =0.113339 -0.656675 -0.745609 -70.8706 0.971924 -0.0824653 0.22037 125.185 -0.206198 -0.749652 0.628891 -9.58814 0 0 0 1 
Seq_Frame0080_ForcepToReference-SequenceTransformStatus = OK
Seq_Frame0080_Timestamp = 9.205
Seq_Frame0081_ForcepToReference-SequenceTransform =0.0613693 -0.626841 -0.776726 -70.7482 0.984154 -0.0917017 0.151764 127.657 -0.166359 -0.773732 0.611281 -9.84216 0 0 0 1 
Seq_Frame0081_ForcepToReference-SequenceTransformStatus = OK
Seq_Frame0081_Timestamp = 9.312
Seq_Frame0082_ForcepToReference-SequenceTransform =0.0335078 -0.63157 -0.774595 -71.3061 0.976263 -0.145252 0.160664 127.848 -0.213982 -0.761591 0.611711 -13.8107 0 0 0 1 
Seq_Frame0082_ForcepToReference-SequenceTransformStatus = OK
Seq_Frame0082_Timestamp = 9.417
Seq_Frame0083_ForcepToReference-SequenceTransform =-0.0238624 -0.6527 -0.75724 -73.753 0.972776 -0.189816 0.132957 136.431 -0.230517 -0.733452 0.63946 -22.0197 0 0 0 1 
Seq_Frame0083_ForcepToReference-SequenceTransformStatus = OK
Seq_Frame0083_Timestamp = 9.529
Seq_Frame0084_ForcepToReference-SequenceTransform =-0.0959663 -0.692788 -0.714728 -74.0688 0.96763 -0.23331 0.096225 147.276 -0.233417 -0.682357 0.692752 -29.6799 0 0 0 1 
Seq_Frame0084_ForcepToReference-SequenceTransformStatus = OK
Seq_Frame0084_Timestamp = 9.637
Seq_Frame0085_ForcepToReference-SequenceTransform =-0.208092 -0.723842 -0.657838 -68.4332 0.947486 -0.316152 0.0481568 159.869 -0.242834 -0.613271 0.751619 -38.7382 0 0 0 1 
Seq_Frame0085_ForcepToReference-SequenceTransformStatus = OK
Seq_Frame0085_Timestamp = 9.75
Seq_Frame0086_ForcepToReference-SequenceTransform =-0.298441 -0.774422 -0.557856 -53.5002 0.929488 -0.368572 0.0143998 183.951 -0.216762 -0.514223 0.829813 -47.2951 0 0 0 1 
Seq_Frame0086_ForcepToReference-SequenceTransformStatus = OK
Seq_Frame0086_Timestamp = 9.855
Seq_Frame0087_ForcepToReference-SequenceTransform =0.118108 0.15665 0.980567 -3.27132 -0.709036 0.704648 -0.0271684 219.186 -0.695211 -0.692049 0.194295 -64.5056 0 0 0 1 
Seq_Frame0087_ForcepToReference-SequenceTransformStatus = OK
Seq_Frame0087_Timestamp = 11.555
Seq_Frame0088_ForcepToReference-SequenceTransform =0.186055 0.3219 0.928312 6.10455 -0.655059 0.74483 -0.126988 225.265 -0.732313 -0.584472 0.349443 -66.0615 0 0 0 1 
Seq_Frame0088_ForcepToReference-SequenceTransformStatus = OK
Seq_Frame0088_Timestamp = 11.663
Seq_Frame0089_ForcepToReference-SequenceTransform =0.281699 0.451991 0.846374 22.434 -0.600909 0.770793 -0.211628 236.19 -0.748034 -0.448978 0.488737 -57.1479 0 0 0 1 
Seq_Frame0089_ForcepToReference-SequenceTransformStatus = OK
Seq_Frame0089_Timestamp = 11.771
Seq_Frame0090_ForcepToReference-SequenceTransform =-0.138374 -0.312602 -0.939751 26.9108 0.738905 -0.664401 0.112208 239.621 -0.659448 -0.67886 0.322919 -51.8777 0 0 0 1 
Seq_Frame0090_ForcepToReference-SequenceTransformStatus = OK
Seq_Frame0090_Timestamp = 11.874
Seq_Frame0091_ForcepToReference-SequenceTransform =-0.0602464 -0.306552 -0.949946 32.9678 0.752403 -0.639325 0.158595 239.253 -0.655942 -0.705187 0.269168 -44.928 0 0 0 1 
Seq_Frame0091_ForcepToReference-SequenceTransformStatus = OK
Seq_Frame0091_Timestamp = 11.984
Seq_Frame0092_ForcepToReference-SequenceTransform =-0.0264059 -0.420639 -0.906844 26.4765 0.928997 -0.345316 0.133124 268.326 -0.369144 -0.83894 0.399891 -36.4245 0 0 0 1 
Seq_Frame0092_ForcepToReference-SequenceTransformStatus = OK
Seq_Frame0092_Timestamp = 13.363
Seq_Frame0093_ForcepToReference-SequenceTransform =-0.0689008 -0.604541 -0.793589 10.5461 0.958584 -0.260473 0.115198 282.581 -0.27635 -0.752784 0.59745 -41.2261 0 0 0 1 
Seq_Frame0093_ForcepToReference-SequenceTransformStatus = OK
Seq_Frame0093_Timestamp = 13.471
Seq_Frame0094_ForcepToReference-SequenceTransform =-0.0547582 -0.758362 -0.64953 -1.26655 0.994027 -0.102907 0.0363484 297.918 -0.0944061 -0.643659 0.759467 -38.8492 0 0 0 1 
Seq_Frame0094_ForcepToReference-SequenceTransformStatus = OK
Seq_Frame0094_Timestamp = 13.578
Seq_Frame0095_ForcepToReference-SequenceTransform =-0.0223712 -0.824878 -0.564868 -2.52124 0.997972 0.0152551 -0.0618011 309.92 0.0595955 -0.565105 0.822863 -27.8754 0 0 0 1 
Seq_Frame0095_ForcepToReference-SequenceTransformStatus = OK
Seq_Frame0095_Timestamp = 13.684
Seq_Frame0096_ForcepToReference-SequenceTransform =0.0042536 -0.84904 -0.528311 -1.53824 0.992426 0.0684481 -0.102012 317.394 0.122774 -0.523875 0.842901 -20.8681 0 0 0 1 
Seq_Frame0096_ForcepToReference-SequenceTransformStatus = OK
Seq_Frame0096_Timestamp = 13.794
Seq_Frame0097_ForcepToReference-SequenceTransform =0.0129804 -0.845834 -0.533289 0.632459 0.994841 0.0645877 -0.0782261 317.898 0.10061 -0.529522 0.842309 -21.8422 0 0 0 1 
Seq_Frame0097_ForcepToReference-SequenceTransformStatus = OK
Seq_Frame0097_Timestamp = 13.899
Seq_Frame0098_ForcepToReference-SequenceTransform =0.0235466 -0.846469 -0.531917 2.39628 0.99669 0.0612903 -0.0534136 316.153 0.0778143 -0.528899 0.84511 -22.8743 0 0 0 1 
Seq_Frame0098_ForcepToReference-SequenceTransformStatus = OK
Seq_Frame0098_Timestamp = 14.006
Seq_Frame0099_ForcepToReference-SequenceTransform =0.0292555 -0.843496 -0.536338 2.33715 0.998644 0.047778 -0.0206674 313.451 0.043058 -0.535006 0.84375 -26.5651 0 0 0 1 
Seq_Frame0099_ForcepToReference-SequenceTransformStatus = OK
Seq_Frame0099_Timestamp = 14.112
Seq_Frame0100_ForcepToReference-SequenceTransform =0.0354507 -0.830642 -0.555678 3.99873 0.999225 0.038977 0.00548389 311.261 0.0171035 -0.555442 0.83138 -27.7096 0 0 0 1 
Seq_Frame0100_ForcepToReference-SequenceTransformStatus = OK
Seq_Frame0100_Timestamp = 14.219
Seq_Frame0101_ForcepToReference-SequenceTransform =0.0445994 -0.825139 -0.563167 5.88384 0.998929 0.0438023 0.014931 308.794 0.0123478 -0.563229 0.826208 -27.9235 0 0 0 1 
Seq_Frame0101_ForcepToReference-SequenceTransformStatus = OK
Seq_Frame0101_Timestamp = 14.326
Seq_Frame0102_ForcepToReference-SequenceTransform =0.0490837 -0.809493 -0.585074 7.96721 0.998669 0.0304739 0.0416186 308.466 -0.0158605 -0.586338 0.809911 -27.0975 0 0 0 1 
Seq_Frame0102_ForcepToReference-SequenceTransformStatus = OK
Seq_Frame0102_Timestamp = 14.429
Seq_Frame0103_ForcepToReference-SequenceTransform =0.0537582 -0.807579 -0.587304 8.72157 0.998509 0.0490813 0.0239075 309.559 0.00951851 -0.587713 0.809013 -27.1745 0 0 0 1 
Seq_Frame0103_ForcepToReference-SequenceTransformStatus = OK
Seq_Frame0103_Timestamp = 14.537
Seq_Frame0104_ForcepToReference-SequenceTransform =0.0561599 -0.803096 -0.593198 9.54449 0.998402 0.0413925 0.038483 310.766 -0.00635163 -0.594411 0.804137 -26.1965 0 0 0 1 
Seq_Frame0104_ForcepToReference-SequenceTransformStatus = OK
Seq_Frame0104_Timestamp = 14.642
Seq_Frame0105_ForcepToReference-SequenceTransform =0.056403 -0.807074 -0.58775 9.4497 0.998395 0.0486371 0.0290237 310.875 0.00516225 -0.588444 0.808522 -25.3157 0 0 0 1 
Seq_Frame0105_ForcepToReference-SequenceTransformStatus = OK
Seq_Frame0105_Timestamp = 14.752
Seq_Frame0106_ForcepToReference-SequenceTransform =0.0754212 -0.798828 -0.596813 10.8597 0.997145 0.0582806 0.0480046 309.921 -0.00356479 -0.59873 0.800943 -26.5494 0 0 0 1 
Seq_Frame0106_ForcepToReference-SequenceTransformStatus = OK
Seq_Frame0106_Timestamp = 14.857
Seq_Frame0107_ForcepToReference-SequenceTransform =0.0823984 -0.80685 -0.584982 10.5606 0.996595 0.0649317 0.0508181 310.319 -0.00301868 -0.587177 0.809453 -26.1143 0 0 0 1 
Seq_Frame0107_ForcepToReference-SequenceTransformStatus = OK
Seq_Frame0107_Timestamp = 14.962
Seq_Frame0108_ForcepToReference-SequenceTransform =0.100057 -0.802286 -0.588494 12.2722 0.994318 0.0590317 0.0885797 309.417 -0.0363265 -0.594013 0.803635 -27.6104 0 0 0 1 
Seq_Frame0108_ForcepToReference-SequenceTransformStatus = OK
Seq_Frame0108_Timestamp = 15.067
Seq_Frame0109_ForcepToReference-SequenceTransform =0.0593572 -0.793461 -0.60572 12.8437 0.998148 0.0390774 0.0466237 307.254 -0.0133241 -0.607366 0.794311 -28.425 0 0 0 1 
Seq_Frame0109_ForcepToReference-SequenceTransformStatus = OK
Seq_Frame0109_Timestamp = 15.176
Seq_Frame0110_ForcepToReference-SequenceTransform =0.0571584 -0.771853 -0.633226 17.3398 0.996112 0.00150358 0.0880817 302.121 -0.067034 -0.635799 0.768938 -29.6478 0 0 0 1 
Seq_Frame0110_ForcepToReference-SequenceTransformStatus = OK
Seq_Frame0110_Timestamp = 15.28
Seq_Frame0111_ForcepToReference-SequenceTransform =0.0719484 -0.762593 -0.642865 21.3573 0.9923 -0.0104201 0.123417 298.778 -0.100816 -0.646794 0.755972 -29.2802 0 0 0 1 
Seq_Frame0111_ForcepToReference-SequenceTransformStatus = OK
Seq_Frame0111_Timestamp = 15.387
Seq_Frame0112_ForcepToReference-SequenceTransform =0.0583311 -0.756588 -0.651286 19.1721 0.990839 -0.0357232 0.130242 297.512 -0.121805 -0.652916 0.747572 -32.9855 0 0 0 1 
Seq_Frame0112_ForcepToReference-SequenceTransformStatus = OK
Seq_Frame0112_Timestamp = 15.494
Seq_Frame0113_ForcepToReference-SequenceTransform =0.0427692 -0.749082 -0.661095 15.1862 0.992097 -0.0462829 0.116626 292.121 -0.11796 -0.660858 0.741183 -37.8198 0 0 0 1 
Seq_Frame0113_ForcepToReference-SequenceTransformStatus = OK
Seq_Frame0113_Timestamp = 15.599
Seq_Frame0114_ForcepToReference-SequenceTransform =-0.0379254 -0.702893 -0.710284 17.635 0.996761 -0.0770483 0.0230248 267.62 -0.0709102 -0.70711 0.703539 -35.7631 0 0 0 1 
Seq_Frame0114_ForcepToReference-SequenceTransformStatus = OK
Seq_Frame0114_Timestamp = 15.706
Seq_Frame0115_ForcepToReference-SequenceTransform =0.0320324 -0.622383 -0.782057 49.4979 0.988941 -0.0936298 0.115019 227.307 -0.14481 -0.777092 0.612501 -16.631 0 0 0 1 
Seq_Frame0115_ForcepToReference-SequenceTransformStatus = OK
Seq_Frame0115_Timestamp = 15.84
Seq_Frame0116_ForcepToReference-SequenceTransform =-0.0226837 -0.580059 -0.814259 58.6614 0.994284 -0.0980815 0.042172 222.815 -0.104326 -0.808648 0.578968 -7.68842 0 0 0 1 
Seq_Frame0116_ForcepToReference-SequenceTransformStatus = OK
Seq_Frame0116_Timestamp = 15.948
Seq_Frame0117_ForcepToReference-SequenceTransform =-0.0637492 -0.499848 -0.863764 73.8684 0.975766 -0.212764 0.0511082 213.664 -0.209324 -0.839573 0.501298 -2.08236 0 0 0 1 
Seq_Frame0117_ForcepToReference-SequenceTransformStatus = OK
Seq_Frame0117_Timestamp = 16.054
Seq_Frame0118_ForcepToReference-SequenceTransform =-0.114797 -0.409677 -0.904979 84.7907 0.969149 -0.246209 -0.0114801 213.264 -0.218111 -0.878377 0.425302 20.8306 0 0 0 1 
Seq_Frame0118_ForcepToReference-SequenceTransformStatus = OK
Seq_Frame0118_Timestamp = 16.159
Seq_Frame0119_ForcepToReference-SequenceTransform =-0.612112 0.508478 -0.605615 117.467 0.516413 -0.322954 -0.793106 198.982 -0.598863 -0.798217 -0.0649002 67.1865 0 0 0 1 
Seq_Frame0119_ForcepToReference-SequenceTransformStatus = OK
Seq_Frame0119_Timestamp = 16.814
Seq_Frame0120_ForcepToReference-SequenceTransform =-0.556356 0.668546 -0.493472 120.917 0.456098 -0.250715 -0.853883 198.966 -0.694581 -0.700135 -0.165435 72.8987 0 0 0 1 
Seq_Frame0120_ForcepToReference-SequenceTransformStatus = OK
Seq_Frame0120_Timestamp = 16.92
Seq_Frame0121_ForcepToReference-SequenceTransform =-0.587688 0.72053 -0.368049 117.649 0.309965 -0.219685 -0.925019 197.164 -0.747359 -0.657705 -0.094233 70.7556 0 0 0 1 
Seq_Frame0121_ForcepToReference-SequenceTransformStatus = OK
Seq_Frame0121_Timestamp = 17.029
Seq_Frame0122_ForcepToReference-SequenceTransform =-0.512211 0.851628 -0.111223 111.487 0.146092 -0.0412202 -0.988412 196.75 -0.846343 -0.522524 -0.103303 72.0003 0 0 0 1 
Seq_Frame0122_ForcepToReference-SequenceTransformStatus = OK
Seq_Frame0122_Timestamp = 17.135
Seq_Frame0123_ForcepToReference-SequenceTransform =-0.430511 0.900253 -0.0648517 112.944 0.149232 0.000133983 -0.988802 198.518 -0.890163 -0.435368 -0.134404 70.9269 0 0 0 1 
Seq_Frame0123_ForcepToReference-SequenceTransformStatus = OK
Seq_Frame0123_Timestamp = 17.244
Seq_Frame0124_ForcepToReference-SequenceTransform =0.727008 -0.679035 -0.101838 98.1705 0.580043 0.527992 0.620302 193.878 -0.367437 -0.510035 0.777724 65.9704 0 0 0 1 
Seq_Frame0124_ForcepToReference-SequenceTransformStatus = OK
Seq_Frame0124_Timestamp = 17.682
Seq_Frame0125_ForcepToReference-SequenceTransform =0.732001 -0.67371 0.101435 91.6789 0.512302 0.642438 0.569931 201.711 -0.449134 -0.365224 0.815408 68.8686 0 0 0 1 
Seq_Frame0125_ForcepToReference-SequenceTransformStatus = OK
Seq_Frame0125_Timestamp = 17.789
Seq_Frame0126_ForcepToReference-SequenceTransform =0.125147 0.275355 0.953162 88.1495 0.143004 0.945677 -0.291969 215.83 -0.981778 0.172845 0.0789719 71.1615 0 0 0 1 
Seq_Frame0126_ForcepToReference-SequenceTransformStatus = OK
Seq_Frame0126_Timestamp = 17.972
Seq_Frame0127_ForcepToReference-SequenceTransform =0.0239961 -0.726312 -0.686947 92.6414 0.942363 -0.212953 0.258075 193.64 -0.33373 -0.653546 0.679339 57.3668 0 0 0 1 
Seq_Frame0127_ForcepToReference-SequenceTransformStatus = OK
Seq_Frame0127_Timestamp = 18.304
Seq_Frame0128_ForcepToReference-SequenceTransform =0.300063 -0.651333 -0.696942 108.836 0.9377 0.0672444 0.340876 195.665 -0.175159 -0.755807 0.630932 64.2691 0 0 0 1 
Seq_Frame0128_ForcepToReference-SequenceTransformStatus = OK
Seq_Frame0128_Timestamp = 18.412
Seq_Frame0129_ForcepToReference-SequenceTransform =0.303654 -0.696212 -0.650449 107.827 0.943088 0.122492 0.30916 198.174 -0.135566 -0.707308 0.693784 73.136 0 0 0 1 
Seq_Frame0129_ForcepToReference-SequenceTransformStatus = OK
Seq_Frame0129_Timestamp = 18.525
Seq_Frame0130_ForcepToReference-SequenceTransform =0.331275 -0.676119 -0.658118 111.571 0.939706 0.173654 0.294613 200.955 -0.0849091 -0.716036 0.692881 77.4481 0 0 0 1 
Seq_Frame0130_ForcepToReference-SequenceTransformStatus = OK
Seq_Frame0130_Timestamp = 18.63
Seq_Frame0131_ForcepToReference-SequenceTransform =0.447137 -0.740294 -0.502029 108.263 0.887226 0.295811 0.354014 203.276 -0.113569 -0.603706 0.789076 79.9199 0 0 0 1 
Seq_Frame0131_ForcepToReference-SequenceTransformStatus = OK
Seq_Frame0131_Timestamp = 18.737
Seq_Frame0132_ForcepToReference-SequenceTransform =0.607706 -0.78704 -0.106115 98.3861 0.731354 0.502546 0.461051 199.068 -0.309538 -0.357792 0.881006 73.6566 0 0 0 1 
Seq_Frame0132_ForcepToReference-SequenceTransformStatus = OK
Seq_Frame0132_Timestamp = 18.844
Seq_Frame0133_ForcepToReference-SequenceTransform =0.386074 -0.881405 -0.27216 90.762 0.845903 0.220586 0.485582 189.365 -0.36796 -0.417692 0.830746 69.5284 0 0 0 1 
Seq_Frame0133_ForcepToReference-SequenceTransformStatus = OK
Seq_Frame0133_Timestamp = 19.017
Seq_Frame0134_ForcepToReference-SequenceTransform =0.44795 -0.862481 -0.235515 90.4293 0.805501 0.275021 0.524911 184.837 -0.387954 -0.424841 0.817925 66.1699 0 0 0 1 
Seq_Frame0134_ForcepToReference-SequenceTransformStatus = OK
Seq_Frame0134_Timestamp = 19.126
Seq_Frame0135_ForcepToReference-SequenceTransform =0.45337 -0.86447 -0.217133 90.1333 0.796712 0.283815 0.533571 183.344 -0.399631 -0.414898 0.817407 63.7134 0 0 0 1 
Seq_Frame0135_ForcepToReference-SequenceTransformStatus = OK
Seq_Frame0135_Timestamp = 19.234
Seq_Frame0136_ForcepToReference-SequenceTransform =0.456426 -0.862971 -0.216695 89.9182 0.77417 0.265131 0.574775 175.882 -0.438561 -0.430101 0.789099 62.1283 0 0 0 1 
Seq_Frame0136_ForcepToReference-SequenceTransformStatus = OK
Seq_Frame0136_Timestamp = 19.341
Seq_Frame0137_ForcepToReference-SequenceTransform =0.452718 -0.868448 -0.202099 88.6286 0.771947 0.268302 0.576292 176.252 -0.446256 -0.416908 0.791861 61.1219 0 0 0 1 
Seq_Frame0137_ForcepToReference-SequenceTransformStatus = OK
Seq_Frame0137_Timestamp = 19.446
Seq_Frame0138_ForcepToReference-SequenceTransform =0.433859 -0.88129 -0.187336 85.3576 0.778412 0.261942 0.570493 176.733 -0.453698 -0.393338 0.799652 62.1493 0 0 0 1 
Seq_Frame0138_ForcepToReference-SequenceTransformStatus = OK
Seq_Frame0138_Timestamp = 19.559
Seq_Frame0139_ForcepToReference-SequenceTransform =0.417643 -0.892004 -0.172924 81.5507 0.79214 0.264227 0.550181 178.545 -0.445072 -0.366759 0.816945 65.4051 0 0 0 1 
Seq_Frame0139_ForcepToReference-SequenceTransformStatus = OK
Seq_Frame0139_Timestamp = 19.665
Seq_Frame0140_ForcepToReference-SequenceTransform =0.410508 -0.895624 -0.171292 79.6047 0.78005 0.247635 0.574629 176.398 -0.472234 -0.369506 0.800288 63.6756 0 0 0 1 
Seq_Frame0140_ForcepToReference-SequenceTransformStatus = OK
Seq_Frame0140_Timestamp = 19.774
Seq_Frame0141_ForcepToReference-SequenceTransform =0.400603 -0.896511 -0.189167 79.2779 0.794009 0.236648 0.559953 177.999 -0.457239 -0.37452 0.80664 64.5001 0 0 0 1 
Seq_Frame0141_ForcepToReference-SequenceTransformStatus = OK
Seq_Frame0141_Timestamp = 19.877
Seq_Frame0142_ForcepToReference-SequenceTransform =0.409671 -0.888848 -0.205229 79.6099 0.805408 0.246785 0.538901 179.635 -0.428354 -0.386065 0.816986 65.1342 0 0 0 1 
Seq_Frame0142_ForcepToReference-SequenceTransformStatus = OK
Seq_Frame0142_Timestamp = 19.985
Seq_Frame0143_ForcepToReference-SequenceTransform =0.367135 -0.901255 -0.230112 79.0962 0.82625 0.202356 0.525702 181.805 -0.427226 -0.383134 0.818954 66.8112 0 0 0 1 
Seq_Frame0143_ForcepToReference-SequenceTransformStatus = OK
Seq_Frame0143_Timestamp = 20.091
Seq_Frame0144_ForcepToReference-SequenceTransform =0.381867 -0.888267 -0.255265 83.7515 0.830212 0.208319 0.517061 181.106 -0.406112 -0.409372 0.816999 67.5424 0 0 0 1 
Seq_Frame0144_ForcepToReference-SequenceTransformStatus = OK
Seq_Frame0144_Timestamp = 20.197
Seq_Frame0145_ForcepToReference-SequenceTransform =0.402093 -0.879195 -0.255611 86.362 0.827446 0.229411 0.512546 180.462 -0.391988 -0.417595 0.819731 66.9313 0 0 0 1 
Seq_Frame0145_ForcepToReference-SequenceTransformStatus = OK
Seq_Frame0145_Timestamp = 20.303
Seq_Frame0146_ForcepToReference-SequenceTransform =0.389689 -0.878053 -0.277788 84.9808 0.836139 0.210892 0.506355 180.821 -0.386023 -0.42959 0.816357 66.2534 0 0 0 1 
Seq_Frame0146_ForcepToReference-SequenceTransformStatus = OK
Seq_Frame0146_Timestamp = 20.407
Seq_Frame0147_ForcepToReference-SequenceTransform =0.392586 -0.875801 -0.2808 85.8331 0.844645 0.222513 0.486891 182.693 -0.363938 -0.428323 0.827096 67.3522 0 0 0 1 
Seq_Frame0147_ForcepToReference-SequenceTransformStatus = OK
Seq_Frame0147_Timestamp = 20.516
Seq_Frame0148_ForcepToReference-SequenceTransform =0.440586 -0.862716 -0.248202 87.6365 0.819346 0.273475 0.503869 182.196 -0.366819 -0.425361 0.827352 68.8727 0 0 0 1 
Seq_Frame0148_ForcepToReference-SequenceTransformStatus = OK
Seq_Frame0148_Timestamp = 20.625
Seq_Frame0149_ForcepToReference-SequenceTransform =0.464984 -0.855546 -0.227662 89.2432 0.810771 0.308226 0.497641 184.116 -0.355584 -0.415977 0.836973 70.0531 0 0 0 1 
Seq_Frame0149_ForcepToReference-SequenceTransformStatus = OK
Seq_Frame0149_Timestamp = 20.734
