ObjectType = Image
NDims = 3
AnatomicalOrientation = RAI
BinaryData = True
CompressedData = False
DimSize = 0 0 1656
ElementSpacing = 1 1 1
Offset = 0 0 0
TransformMatrix = 1 0 0 0 1 0 0 0 1
ElementType = MET_UCHAR
Kinds = domain domain list
Seq_Frame0000_DriverToReference-SequenceTransform =-0.938637 -0.319033 0.131068 62.0908 -0.0820313 0.5756 0.813607 48.5845 -0.33501 0.75293 -0.56645 79.0806 0 0 0 1 
Seq_Frame0000_DriverToReference-SequenceTransformStatus = OK
Seq_Frame0000_Timestamp = 0.00400019
Seq_Frame0001_DriverToReference-SequenceTransform =-0.937662 -0.32056 0.134276 62.0889 -0.0810844 0.577466 0.812378 48.666 -0.337956 0.750849 -0.56746 78.9138 0 0 0 1 
Seq_Frame0001_DriverToReference-SequenceTransformStatus = OK
Seq_Frame0001_Timestamp = 0.105
Seq_Frame0002_DriverToReference-SequenceTransform =-0.93901 -0.318285 0.130212 62.0942 -0.0820192 0.575 0.814032 48.525 -0.333966 0.753704 -0.566036 79.1958 0 0 0 1 
Seq_Frame0002_DriverToReference-SequenceTransformStatus = OK
Seq_Frame0002_Timestamp = 0.217
Seq_Frame0003_DriverToReference-SequenceTransform =-0.939035 -0.317821 0.13116 62.0942 -0.0809679 0.575163 0.814022 48.5844 -0.334152 0.753776 -0.565831 79.1183 0 0 0 1 
Seq_Frame0003_DriverToReference-SequenceTransformStatus = OK
Seq_Frame0003_Timestamp = 0.329
Seq_Frame0004_DriverToReference-SequenceTransform =-0.976484 -0.167679 0.135509 68.0837 0.00848579 0.598168 0.801325 45.379 -0.215423 0.783631 -0.582679 74.0325 0 0 0 1 
Seq_Frame0004_DriverToReference-SequenceTransformStatus = OK
Seq_Frame0004_Timestamp = 0.433
Seq_Frame0005_DriverToReference-SequenceTransform =-0.973641 -0.197708 0.113733 72.4976 -0.0437978 0.651419 0.757453 52.9908 -0.223842 0.732506 -0.642908 78.261 0 0 0 1 
Seq_Frame0005_DriverToReference-SequenceTransformStatus = OK
Seq_Frame0005_Timestamp = 0.544
Seq_Frame0006_DriverToReference-SequenceTransform =-0.887429 -0.402368 0.224878 83.5712 -0.121447 0.674726 0.728008 61.0056 -0.444658 0.618744 -0.647638 76.7968 0 0 0 1 
Seq_Frame0006_DriverToReference-SequenceTransformStatus = OK
Seq_Frame0006_Timestamp = 0.654
Seq_Frame0007_DriverToReference-SequenceTransform =-0.755268 -0.3654 0.544107 86.7765 0.109532 0.748127 0.654453 74.3919 -0.646198 0.553885 -0.525014 73.1142 0 0 0 1 
Seq_Frame0007_DriverToReference-SequenceTransformStatus = OK
Seq_Frame0007_Timestamp = 0.763
Seq_Frame0008_DriverToReference-SequenceTransform =-0.458627 -0.367161 0.809231 81.2975 0.492022 0.653402 0.575309 104.193 -0.739984 0.662012 -0.119016 66.7753 0 0 0 1 
Seq_Frame0008_DriverToReference-SequenceTransformStatus = OK
Seq_Frame0008_Timestamp = 0.87
Seq_Frame0009_DriverToReference-SequenceTransform =-0.314682 -0.325382 0.891685 75.1626 0.641618 0.619372 0.452444 111.222 -0.699501 0.714497 0.0138659 63.7936 0 0 0 1 
Seq_Frame0009_DriverToReference-SequenceTransformStatus = OK
Seq_Frame0009_Timestamp = 0.976
Seq_Frame0010_DriverToReference-SequenceTransform =0.985103 -0.0460816 0.165678 1.57829 0.168716 0.445455 -0.879264 194.622 -0.0332843 0.894118 0.446594 70.4796 0 0 0 1 
Seq_Frame0010_DriverToReference-SequenceTransformStatus = OK
Seq_Frame0010_Timestamp = 1.079
Seq_Frame0011_DriverToReference-SequenceTransform =0.996113 -0.050985 0.0718268 -8.40864 0.0830594 0.272256 -0.958633 213.241 0.0293206 0.960873 0.275433 70.2347 0 0 0 1 
Seq_Frame0011_DriverToReference-SequenceTransformStatus = OK
Seq_Frame0011_Timestamp = 1.215
Seq_Frame0012_DriverToReference-SequenceTransform =0.996113 -0.050985 0.0718268 -8.40864 0.0830594 0.272256 -0.958633 213.241 0.0293206 0.960873 0.275433 70.2347 0 0 0 1 
Seq_Frame0012_DriverToReference-SequenceTransformStatus = OK
Seq_Frame0012_Timestamp = 1.332
Seq_Frame0013_DriverToReference-SequenceTransform =0.996113 -0.050985 0.0718268 -8.40864 0.0830594 0.272256 -0.958633 213.241 0.0293206 0.960873 0.275433 70.2347 0 0 0 1 
Seq_Frame0013_DriverToReference-SequenceTransformStatus = OK
Seq_Frame0013_Timestamp = 1.432
Seq_Frame0014_DriverToReference-SequenceTransform =0.996113 -0.050985 0.0718268 -8.40864 0.0830594 0.272256 -0.958633 213.241 0.0293206 0.960873 0.275433 70.2347 0 0 0 1 
Seq_Frame0014_DriverToReference-SequenceTransformStatus = OK
Seq_Frame0014_Timestamp = 1.533
Seq_Frame0015_DriverToReference-SequenceTransform =0.996113 -0.050985 0.0718268 -8.40864 0.0830594 0.272256 -0.958633 213.241 0.0293206 0.960873 0.275433 70.2347 0 0 0 1 
Seq_Frame0015_DriverToReference-SequenceTransformStatus = OK
Seq_Frame0015_Timestamp = 1.641
Seq_Frame0016_DriverToReference-SequenceTransform =0.996113 -0.050985 0.0718268 -8.40864 0.0830594 0.272256 -0.958633 213.241 0.0293206 0.960873 0.275433 70.2347 0 0 0 1 
Seq_Frame0016_DriverToReference-SequenceTransformStatus = OK
Seq_Frame0016_Timestamp = 1.743
Seq_Frame0017_DriverToReference-SequenceTransform =0.996113 -0.050985 0.0718268 -8.40864 0.0830594 0.272256 -0.958633 213.241 0.0293206 0.960873 0.275433 70.2347 0 0 0 1 
Seq_Frame0017_DriverToReference-SequenceTransformStatus = OK
Seq_Frame0017_Timestamp = 1.851
Seq_Frame0018_DriverToReference-SequenceTransform =0.996113 -0.050985 0.0718268 -8.40864 0.0830594 0.272256 -0.958633 213.241 0.0293206 0.960873 0.275433 70.2347 0 0 0 1 
Seq_Frame0018_DriverToReference-SequenceTransformStatus = OK
Seq_Frame0018_Timestamp = 1.96
Seq_Frame0019_DriverToReference-SequenceTransform =0.996113 -0.050985 0.0718268 -8.40864 0.0830594 0.272256 -0.958633 213.241 0.0293206 0.960873 0.275433 70.2347 0 0 0 1 
Seq_Frame0019_DriverToReference-SequenceTransformStatus = OK
Seq_Frame0019_Timestamp = 2.067
Seq_Frame0020_DriverToReference-SequenceTransform =0.996113 -0.050985 0.0718268 -8.40864 0.0830594 0.272256 -0.958633 213.241 0.0293206 0.960873 0.275433 70.2347 0 0 0 1 
Seq_Frame0020_DriverToReference-SequenceTransformStatus = OK
Seq_Frame0020_Timestamp = 2.17
Seq_Frame0021_DriverToReference-SequenceTransform =0.996113 -0.050985 0.0718268 -8.40864 0.0830594 0.272256 -0.958633 213.241 0.0293206 0.960873 0.275433 70.2347 0 0 0 1 
Seq_Frame0021_DriverToReference-SequenceTransformStatus = OK
Seq_Frame0021_Timestamp = 2.279
Seq_Frame0022_DriverToReference-SequenceTransform =0.996113 -0.050985 0.0718268 -8.40864 0.0830594 0.272256 -0.958633 213.241 0.0293206 0.960873 0.275433 70.2347 0 0 0 1 
Seq_Frame0022_DriverToReference-SequenceTransformStatus = OK
Seq_Frame0022_Timestamp = 2.386
Seq_Frame0023_DriverToReference-SequenceTransform =0.996113 -0.050985 0.0718268 -8.40864 0.0830594 0.272256 -0.958633 213.241 0.0293206 0.960873 0.275433 70.2347 0 0 0 1 
Seq_Frame0023_DriverToReference-SequenceTransformStatus = OK
Seq_Frame0023_Timestamp = 2.494
Seq_Frame0024_DriverToReference-SequenceTransform =0.996113 -0.050985 0.0718268 -8.40864 0.0830594 0.272256 -0.958633 213.241 0.0293206 0.960873 0.275433 70.2347 0 0 0 1 
Seq_Frame0024_DriverToReference-SequenceTransformStatus = OK
Seq_Frame0024_Timestamp = 2.605
Seq_Frame0025_DriverToReference-SequenceTransform =0.76789 -0.572635 -0.287113 -11.8775 -0.590573 -0.45924 -0.663567 264.045 0.248128 0.679108 -0.690829 110.441 0 0 0 1 
Seq_Frame0025_DriverToReference-SequenceTransformStatus = OK
Seq_Frame0025_Timestamp = 2.706
Seq_Frame0026_DriverToReference-SequenceTransform =0.480624 -0.690618 -0.540413 8.45796 -0.843584 -0.195804 -0.500027 276.28 0.239513 0.696209 -0.676703 125.985 0 0 0 1 
Seq_Frame0026_DriverToReference-SequenceTransformStatus = OK
Seq_Frame0026_Timestamp = 2.813
Seq_Frame0027_DriverToReference-SequenceTransform =0.313638 -0.667352 -0.67548 21.5558 -0.935529 -0.0954097 -0.340122 286.652 0.162534 0.738606 -0.654251 148.197 0 0 0 1 
Seq_Frame0027_DriverToReference-SequenceTransformStatus = OK
Seq_Frame0027_Timestamp = 2.919
Seq_Frame0028_DriverToReference-SequenceTransform =0.499139 -0.574846 -0.648392 21.2588 -0.865811 -0.300548 -0.400053 277.092 0.0350955 0.761067 -0.647723 168.565 0 0 0 1 
Seq_Frame0028_DriverToReference-SequenceTransformStatus = OK
Seq_Frame0028_Timestamp = 3.024
Seq_Frame0029_DriverToReference-SequenceTransform =0.61608 -0.464548 -0.636113 22.4217 -0.78694 -0.327936 -0.522669 261.469 0.0342009 0.822589 -0.567606 174.77 0 0 0 1 
Seq_Frame0029_DriverToReference-SequenceTransformStatus = OK
Seq_Frame0029_Timestamp = 3.126
Seq_Frame0030_DriverToReference-SequenceTransform =0.606912 -0.484113 -0.630311 40.4115 -0.793434 -0.415011 -0.445229 309.669 -0.0460449 0.770325 -0.635987 185.124 0 0 0 1 
Seq_Frame0030_DriverToReference-SequenceTransformStatus = OK
Seq_Frame0030_Timestamp = 4.006
Seq_Frame0031_DriverToReference-SequenceTransform =0.597431 -0.55209 -0.581612 48.987 -0.801307 -0.439352 -0.40605 320.643 -0.0313566 0.708637 -0.704877 181.117 0 0 0 1 
Seq_Frame0031_DriverToReference-SequenceTransformStatus = OK
Seq_Frame0031_Timestamp = 4.114
Seq_Frame0032_DriverToReference-SequenceTransform =0.586457 -0.588556 -0.55648 56.6296 -0.808582 -0.465759 -0.359533 325.421 -0.0475804 0.660811 -0.749043 182.097 0 0 0 1 
Seq_Frame0032_DriverToReference-SequenceTransformStatus = OK
Seq_Frame0032_Timestamp = 4.215
Seq_Frame0033_DriverToReference-SequenceTransform =0.585182 -0.647137 -0.488646 66.7555 -0.810718 -0.479719 -0.335567 332.984 -0.017255 0.592523 -0.805369 182.895 0 0 0 1 
Seq_Frame0033_DriverToReference-SequenceTransformStatus = OK
Seq_Frame0033_Timestamp = 4.316
Seq_Frame0034_DriverToReference-SequenceTransform =0.602769 -0.679241 -0.41869 73.3018 -0.797835 -0.520527 -0.304157 341.25 -0.0113433 0.517382 -0.855679 194.336 0 0 0 1 
Seq_Frame0034_DriverToReference-SequenceTransformStatus = OK
Seq_Frame0034_Timestamp = 4.416
Seq_Frame0035_DriverToReference-SequenceTransform =0.680038 -0.583121 -0.444431 65.8765 -0.733119 -0.548412 -0.402219 336.693 -0.00918916 0.599345 -0.800438 212.454 0 0 0 1 
Seq_Frame0035_DriverToReference-SequenceTransformStatus = OK
Seq_Frame0035_Timestamp = 4.517
Seq_Frame0036_DriverToReference-SequenceTransform =0.705068 -0.578369 -0.410327 73.5592 -0.702711 -0.492096 -0.513847 320.435 0.0952733 0.650638 -0.753388 222.097 0 0 0 1 
Seq_Frame0036_DriverToReference-SequenceTransformStatus = OK
Seq_Frame0036_Timestamp = 4.619
Seq_Frame0037_DriverToReference-SequenceTransform =0.77388 -0.53765 -0.334727 73.6651 -0.616586 -0.51886 -0.592119 312.476 0.144677 0.664617 -0.733043 211.119 0 0 0 1 
Seq_Frame0037_DriverToReference-SequenceTransformStatus = OK
Seq_Frame0037_Timestamp = 4.72
Seq_Frame0038_DriverToReference-SequenceTransform =0.0135787 0.0636277 -0.997881 79.462 0.930607 0.364255 0.0358892 327.271 0.365767 -0.929123 -0.0542663 170.553 0 0 0 1 
Seq_Frame0038_DriverToReference-SequenceTransformStatus = OK
Seq_Frame0038_Timestamp = 4.875
Seq_Frame0039_DriverToReference-SequenceTransform =0.0135787 0.0636277 -0.997881 79.462 0.930607 0.364255 0.0358892 327.271 0.365767 -0.929123 -0.0542663 170.553 0 0 0 1 
Seq_Frame0039_DriverToReference-SequenceTransformStatus = OK
Seq_Frame0039_Timestamp = 4.976
Seq_Frame0040_DriverToReference-SequenceTransform =0.0135787 0.0636277 -0.997881 79.462 0.930607 0.364255 0.0358892 327.271 0.365767 -0.929123 -0.0542663 170.553 0 0 0 1 
Seq_Frame0040_DriverToReference-SequenceTransformStatus = OK
Seq_Frame0040_Timestamp = 5.456
Seq_Frame0041_DriverToReference-SequenceTransform =0.880537 -0.385339 -0.275987 70.9759 -0.473092 -0.678941 -0.561447 333.753 0.0289683 0.624942 -0.780134 201.098 0 0 0 1 
Seq_Frame0041_DriverToReference-SequenceTransformStatus = OK
Seq_Frame0041_Timestamp = 5.569
Seq_Frame0042_DriverToReference-SequenceTransform =0.876942 -0.451124 -0.165709 127.69 -0.47119 -0.739168 -0.48126 336.212 0.0946213 0.500117 -0.860772 225.141 0 0 0 1 
Seq_Frame0042_DriverToReference-SequenceTransformStatus = OK
Seq_Frame0042_Timestamp = 5.676
Seq_Frame0043_DriverToReference-SequenceTransform =0.897297 -0.364746 -0.248633 151.746 -0.435531 -0.639778 -0.633243 311.822 0.0719027 0.676495 -0.732929 237.24 0 0 0 1 
Seq_Frame0043_DriverToReference-SequenceTransformStatus = OK
Seq_Frame0043_Timestamp = 5.785
Seq_Frame0044_DriverToReference-SequenceTransform =0.899614 -0.335218 -0.279865 165.618 -0.434566 -0.624135 -0.649313 291.59 0.0429879 0.705751 -0.707155 254.052 0 0 0 1 
Seq_Frame0044_DriverToReference-SequenceTransformStatus = OK
Seq_Frame0044_Timestamp = 5.895
Seq_Frame0045_DriverToReference-SequenceTransform =0.940338 -0.225678 -0.254623 156.102 -0.34024 -0.62207 -0.705171 300.376 0.000748462 0.749732 -0.661741 252.129 0 0 0 1 
Seq_Frame0045_DriverToReference-SequenceTransformStatus = OK
Seq_Frame0045_Timestamp = 5.996
Seq_Frame0046_DriverToReference-SequenceTransform =0.948547 -0.164066 -0.270816 150.24 -0.309845 -0.657141 -0.68714 295.879 -0.0652283 0.735695 -0.674164 256.298 0 0 0 1 
Seq_Frame0046_DriverToReference-SequenceTransformStatus = OK
Seq_Frame0046_Timestamp = 6.099
Seq_Frame0047_DriverToReference-SequenceTransform =0.959371 -0.106435 -0.261303 145.024 -0.260243 -0.69159 -0.673778 297.168 -0.109001 0.714405 -0.691191 258.025 0 0 0 1 
Seq_Frame0047_DriverToReference-SequenceTransformStatus = OK
Seq_Frame0047_Timestamp = 6.224
Seq_Frame0048_DriverToReference-SequenceTransform =0.942545 -0.167883 -0.288831 151.165 -0.323313 -0.676099 -0.662087 309.98 -0.0841253 0.71743 -0.691533 255.676 0 0 0 1 
Seq_Frame0048_DriverToReference-SequenceTransformStatus = OK
Seq_Frame0048_Timestamp = 6.336
Seq_Frame0049_DriverToReference-SequenceTransform =0.898441 -0.356503 -0.256338 173.171 -0.438877 -0.710725 -0.54978 322.502 0.0138125 0.606445 -0.795005 256.399 0 0 0 1 
Seq_Frame0049_DriverToReference-SequenceTransformStatus = OK
Seq_Frame0049_Timestamp = 6.447
Seq_Frame0050_DriverToReference-SequenceTransform =0.83571 -0.506905 -0.211274 191.072 -0.545696 -0.72329 -0.423164 333.077 0.061692 0.468934 -0.881076 259.664 0 0 0 1 
Seq_Frame0050_DriverToReference-SequenceTransformStatus = OK
Seq_Frame0050_Timestamp = 6.554
Seq_Frame0051_DriverToReference-SequenceTransform =0.72994 -0.630795 -0.263221 196.924 -0.677582 -0.617187 -0.399953 333.352 0.0898319 0.470295 -0.877925 258.705 0 0 0 1 
Seq_Frame0051_DriverToReference-SequenceTransformStatus = OK
Seq_Frame0051_Timestamp = 6.663
Seq_Frame0052_DriverToReference-SequenceTransform =0.45454 -0.776908 -0.435668 195.421 -0.878522 -0.310338 -0.363165 323.521 0.146941 0.547817 -0.823592 254.761 0 0 0 1 
Seq_Frame0052_DriverToReference-SequenceTransformStatus = OK
Seq_Frame0052_Timestamp = 6.781
Seq_Frame0053_DriverToReference-SequenceTransform =0.294523 -0.742949 -0.601068 181.397 -0.924406 -0.0619867 -0.37634 309.362 0.242343 0.666471 -0.705043 253.7 0 0 0 1 
Seq_Frame0053_DriverToReference-SequenceTransformStatus = OK
Seq_Frame0053_Timestamp = 6.903
Seq_Frame0054_DriverToReference-SequenceTransform =0.319958 -0.69791 -0.640741 173.604 -0.919922 -0.067063 -0.386323 305.819 0.226649 0.713039 -0.66348 253.052 0 0 0 1 
Seq_Frame0054_DriverToReference-SequenceTransformStatus = OK
Seq_Frame0054_Timestamp = 7.016
Seq_Frame0055_DriverToReference-SequenceTransform =0.417155 -0.668819 -0.615356 168.551 -0.875613 -0.114372 -0.469277 304.158 0.243482 0.734575 -0.633338 255.079 0 0 0 1 
Seq_Frame0055_DriverToReference-SequenceTransformStatus = OK
Seq_Frame0055_Timestamp = 7.118
Seq_Frame0056_DriverToReference-SequenceTransform =0.444292 -0.66386 -0.601577 167.604 -0.864425 -0.141287 -0.482502 304.853 0.235318 0.73439 -0.636629 255.642 0 0 0 1 
Seq_Frame0056_DriverToReference-SequenceTransformStatus = OK
Seq_Frame0056_Timestamp = 7.218
Seq_Frame0057_DriverToReference-SequenceTransform =0.451541 -0.638379 -0.623365 169.27 -0.875849 -0.183784 -0.44622 305.822 0.170293 0.74746 -0.642109 254.741 0 0 0 1 
Seq_Frame0057_DriverToReference-SequenceTransformStatus = OK
Seq_Frame0057_Timestamp = 7.338
Seq_Frame0058_DriverToReference-SequenceTransform =0.452939 -0.652758 -0.607251 171.916 -0.878936 -0.212807 -0.42683 310.512 0.14939 0.727063 -0.670121 254.5 0 0 0 1 
Seq_Frame0058_DriverToReference-SequenceTransformStatus = OK
Seq_Frame0058_Timestamp = 7.454
Seq_Frame0059_DriverToReference-SequenceTransform =0.467251 -0.65356 -0.595429 171.39 -0.87083 -0.223855 -0.437657 311.957 0.152745 0.723013 -0.673737 254.343 0 0 0 1 
Seq_Frame0059_DriverToReference-SequenceTransformStatus = OK
Seq_Frame0059_Timestamp = 7.563
Seq_Frame0060_DriverToReference-SequenceTransform =0.458819 -0.648475 -0.607426 171.951 -0.87853 -0.228813 -0.419322 313.697 0.132933 0.726034 -0.674688 253.986 0 0 0 1 
Seq_Frame0060_DriverToReference-SequenceTransformStatus = OK
Seq_Frame0060_Timestamp = 7.67
Seq_Frame0061_DriverToReference-SequenceTransform =0.465143 -0.666527 -0.582567 175.29 -0.871781 -0.230597 -0.432231 316.621 0.153755 0.70892 -0.688326 254.449 0 0 0 1 
Seq_Frame0061_DriverToReference-SequenceTransformStatus = OK
Seq_Frame0061_Timestamp = 7.797
Seq_Frame0062_DriverToReference-SequenceTransform =0.450431 -0.675092 -0.584263 176.586 -0.883346 -0.241945 -0.401449 318.609 0.129655 0.696932 -0.70532 254.162 0 0 0 1 
Seq_Frame0062_DriverToReference-SequenceTransformStatus = OK
Seq_Frame0062_Timestamp = 7.916
Seq_Frame0063_DriverToReference-SequenceTransform =0.444836 -0.689218 -0.571926 178.038 -0.886189 -0.246334 -0.392413 320.482 0.129573 0.681394 -0.720356 254.149 0 0 0 1 
Seq_Frame0063_DriverToReference-SequenceTransformStatus = OK
Seq_Frame0063_Timestamp = 8.02
Seq_Frame0064_DriverToReference-SequenceTransform =0.43537 -0.696329 -0.570596 181.057 -0.890972 -0.242509 -0.383873 323.029 0.128927 0.675511 -0.72599 254.275 0 0 0 1 
Seq_Frame0064_DriverToReference-SequenceTransformStatus = OK
Seq_Frame0064_Timestamp = 8.141
Seq_Frame0065_DriverToReference-SequenceTransform =0.396603 -0.699814 -0.59411 180.272 -0.908586 -0.206847 -0.362885 323.354 0.131062 0.683722 -0.717877 253.246 0 0 0 1 
Seq_Frame0065_DriverToReference-SequenceTransformStatus = OK
Seq_Frame0065_Timestamp = 8.253
Seq_Frame0066_DriverToReference-SequenceTransform =0.382366 -0.69078 -0.613693 177.303 -0.908687 -0.160655 -0.385328 321.85 0.167584 0.704991 -0.689132 253.673 0 0 0 1 
Seq_Frame0066_DriverToReference-SequenceTransformStatus = OK
Seq_Frame0066_Timestamp = 8.362
Seq_Frame0067_DriverToReference-SequenceTransform =0.348331 -0.672581 -0.652917 173.101 -0.91096 -0.0787095 -0.404916 314.51 0.220948 0.735826 -0.640111 253.763 0 0 0 1 
Seq_Frame0067_DriverToReference-SequenceTransformStatus = OK
Seq_Frame0067_Timestamp = 8.471
Seq_Frame0068_DriverToReference-SequenceTransform =0.324965 -0.6363 -0.699657 158.879 -0.877337 0.0733854 -0.47423 303.495 0.353098 0.767943 -0.534402 254.662 0 0 0 1 
Seq_Frame0068_DriverToReference-SequenceTransformStatus = OK
Seq_Frame0068_Timestamp = 8.579
Seq_Frame0069_DriverToReference-SequenceTransform =-0.266139 -0.759047 -0.594153 143.175 -0.911433 0.398803 -0.101223 320.781 0.313783 0.514591 -0.797957 246.702 0 0 0 1 
Seq_Frame0069_DriverToReference-SequenceTransformStatus = OK
Seq_Frame0069_Timestamp = 8.706
Seq_Frame0070_DriverToReference-SequenceTransform =-0.638354 -0.672796 -0.373963 83.4704 -0.766505 0.600124 0.228739 323.808 0.0705298 0.432661 -0.898794 237.708 0 0 0 1 
Seq_Frame0070_DriverToReference-SequenceTransformStatus = OK
Seq_Frame0070_Timestamp = 8.813
Seq_Frame0071_DriverToReference-SequenceTransform =-0.750742 -0.487086 -0.446243 57.6347 -0.626314 0.739613 0.246379 322.784 0.21004 0.464456 -0.860328 233.24 0 0 0 1 
Seq_Frame0071_DriverToReference-SequenceTransformStatus = OK
Seq_Frame0071_Timestamp = 8.915
Seq_Frame0072_DriverToReference-SequenceTransform =-0.750742 -0.487086 -0.446243 57.6347 -0.626314 0.739613 0.246379 322.784 0.21004 0.464456 -0.860328 233.24 0 0 0 1 
Seq_Frame0072_DriverToReference-SequenceTransformStatus = OK
Seq_Frame0072_Timestamp = 9.158
Seq_Frame0073_DriverToReference-SequenceTransform =-0.750742 -0.487086 -0.446243 57.6347 -0.626314 0.739613 0.246379 322.784 0.21004 0.464456 -0.860328 233.24 0 0 0 1 
Seq_Frame0073_DriverToReference-SequenceTransformStatus = OK
Seq_Frame0073_Timestamp = 9.258
Seq_Frame0074_DriverToReference-SequenceTransform =-0.750742 -0.487086 -0.446243 57.6347 -0.626314 0.739613 0.246379 322.784 0.21004 0.464456 -0.860328 233.24 0 0 0 1 
Seq_Frame0074_DriverToReference-SequenceTransformStatus = OK
Seq_Frame0074_Timestamp = 9.379
Seq_Frame0075_DriverToReference-SequenceTransform =-0.750742 -0.487086 -0.446243 57.6347 -0.626314 0.739613 0.246379 322.784 0.21004 0.464456 -0.860328 233.24 0 0 0 1 
Seq_Frame0075_DriverToReference-SequenceTransformStatus = OK
Seq_Frame0075_Timestamp = 9.506
Seq_Frame0076_DriverToReference-SequenceTransform =-0.750742 -0.487086 -0.446243 57.6347 -0.626314 0.739613 0.246379 322.784 0.21004 0.464456 -0.860328 233.24 0 0 0 1 
Seq_Frame0076_DriverToReference-SequenceTransformStatus = OK
Seq_Frame0076_Timestamp = 9.612
Seq_Frame0077_DriverToReference-SequenceTransform =-0.750742 -0.487086 -0.446243 57.6347 -0.626314 0.739613 0.246379 322.784 0.21004 0.464456 -0.860328 233.24 0 0 0 1 
Seq_Frame0077_DriverToReference-SequenceTransformStatus = OK
Seq_Frame0077_Timestamp = 9.728
Seq_Frame0078_DriverToReference-SequenceTransform =-0.918166 -0.385695 0.0906158 8.4704 -0.251075 0.743356 0.619986 325.16 -0.306485 0.546499 -0.779363 158.529 0 0 0 1 
Seq_Frame0078_DriverToReference-SequenceTransformStatus = OK
Seq_Frame0078_Timestamp = 9.836
Seq_Frame0079_DriverToReference-SequenceTransform =-0.910703 -0.411169 0.0395058 8.32287 -0.303054 0.730085 0.612482 322.969 -0.280676 0.545817 -0.789497 159.4 0 0 0 1 
Seq_Frame0079_DriverToReference-SequenceTransformStatus = OK
Seq_Frame0079_Timestamp = 9.962
Seq_Frame0080_DriverToReference-SequenceTransform =-0.941413 -0.334539 -0.0427243 10.426 -0.295041 0.755567 0.584866 322.516 -0.16338 0.563206 -0.810004 164.167 0 0 0 1 
Seq_Frame0080_DriverToReference-SequenceTransformStatus = OK
Seq_Frame0080_Timestamp = 10.07
Seq_Frame0081_DriverToReference-SequenceTransform =-0.946467 -0.320176 -0.0410728 10.5456 -0.281353 0.755865 0.591193 322.482 -0.15824 0.571101 -0.805484 164.938 0 0 0 1 
Seq_Frame0081_DriverToReference-SequenceTransformStatus = OK
Seq_Frame0081_Timestamp = 10.171
Seq_Frame0082_DriverToReference-SequenceTransform =-0.946467 -0.320176 -0.0410728 10.5456 -0.281353 0.755865 0.591193 322.482 -0.15824 0.571101 -0.805484 164.938 0 0 0 1 
Seq_Frame0082_DriverToReference-SequenceTransformStatus = OK
Seq_Frame0082_Timestamp = 10.276
Seq_Frame0083_DriverToReference-SequenceTransform =-0.946467 -0.320176 -0.0410728 10.5456 -0.281353 0.755865 0.591193 322.482 -0.15824 0.571101 -0.805484 164.938 0 0 0 1 
Seq_Frame0083_DriverToReference-SequenceTransformStatus = OK
Seq_Frame0083_Timestamp = 10.387
Seq_Frame0084_DriverToReference-SequenceTransform =-0.946467 -0.320176 -0.0410728 10.5456 -0.281353 0.755865 0.591193 322.482 -0.15824 0.571101 -0.805484 164.938 0 0 0 1 
Seq_Frame0084_DriverToReference-SequenceTransformStatus = OK
Seq_Frame0084_Timestamp = 10.507
Seq_Frame0085_DriverToReference-SequenceTransform =-0.946467 -0.320176 -0.0410728 10.5456 -0.281353 0.755865 0.591193 322.482 -0.15824 0.571101 -0.805484 164.938 0 0 0 1 
Seq_Frame0085_DriverToReference-SequenceTransformStatus = OK
Seq_Frame0085_Timestamp = 10.621
Seq_Frame0086_DriverToReference-SequenceTransform =-0.946467 -0.320176 -0.0410728 10.5456 -0.281353 0.755865 0.591193 322.482 -0.15824 0.571101 -0.805484 164.938 0 0 0 1 
Seq_Frame0086_DriverToReference-SequenceTransformStatus = OK
Seq_Frame0086_Timestamp = 10.745
Seq_Frame0087_DriverToReference-SequenceTransform =-0.946467 -0.320176 -0.0410728 10.5456 -0.281353 0.755865 0.591193 322.482 -0.15824 0.571101 -0.805484 164.938 0 0 0 1 
Seq_Frame0087_DriverToReference-SequenceTransformStatus = OK
Seq_Frame0087_Timestamp = 10.872
Seq_Frame0088_DriverToReference-SequenceTransform =-0.946467 -0.320176 -0.0410728 10.5456 -0.281353 0.755865 0.591193 322.482 -0.15824 0.571101 -0.805484 164.938 0 0 0 1 
Seq_Frame0088_DriverToReference-SequenceTransformStatus = OK
Seq_Frame0088_Timestamp = 10.996
Seq_Frame0089_DriverToReference-SequenceTransform =-0.946467 -0.320176 -0.0410728 10.5456 -0.281353 0.755865 0.591193 322.482 -0.15824 0.571101 -0.805484 164.938 0 0 0 1 
Seq_Frame0089_DriverToReference-SequenceTransformStatus = OK
Seq_Frame0089_Timestamp = 11.123
Seq_Frame0090_DriverToReference-SequenceTransform =-0.96646 -0.250616 -0.0560877 -0.496342 -0.238504 0.79489 0.557913 330.167 -0.0952384 0.552578 -0.828002 152.07 0 0 0 1 
Seq_Frame0090_DriverToReference-SequenceTransformStatus = OK
Seq_Frame0090_Timestamp = 11.248
Seq_Frame0091_DriverToReference-SequenceTransform =-0.966517 -0.241977 -0.0853979 0.748504 -0.249031 0.80427 0.539567 330.855 -0.0618797 0.542767 -0.8376 151.815 0 0 0 1 
Seq_Frame0091_DriverToReference-SequenceTransformStatus = OK
Seq_Frame0091_Timestamp = 11.374
Seq_Frame0092_DriverToReference-SequenceTransform =-0.968983 -0.236726 -0.0709443 2.68141 -0.236564 0.805478 0.543363 328.335 -0.0714841 0.543292 -0.836495 151.159 0 0 0 1 
Seq_Frame0092_DriverToReference-SequenceTransformStatus = OK
Seq_Frame0092_Timestamp = 11.486
Seq_Frame0093_DriverToReference-SequenceTransform =-0.962792 -0.255816 -0.0871209 1.70418 -0.261454 0.800192 0.539754 326.077 -0.068364 0.542449 -0.837302 149.993 0 0 0 1 
Seq_Frame0093_DriverToReference-SequenceTransformStatus = OK
Seq_Frame0093_Timestamp = 11.593
Seq_Frame0094_DriverToReference-SequenceTransform =-0.956795 -0.284283 -0.0610525 1.52042 -0.271282 0.797218 0.539305 322.833 -0.104643 0.532566 -0.839895 149.35 0 0 0 1 
Seq_Frame0094_DriverToReference-SequenceTransformStatus = OK
Seq_Frame0094_Timestamp = 11.703
Seq_Frame0095_DriverToReference-SequenceTransform =-0.94754 -0.319635 -0.00112331 0.73721 -0.267989 0.792511 0.547822 320.206 -0.174213 0.519384 -0.836594 147.089 0 0 0 1 
Seq_Frame0095_DriverToReference-SequenceTransformStatus = OK
Seq_Frame0095_Timestamp = 11.813
Seq_Frame0096_DriverToReference-SequenceTransform =-0.937364 -0.345307 0.0459606 1.75664 -0.262381 0.786643 0.558882 318.516 -0.22914 0.511817 -0.827972 144.894 0 0 0 1 
Seq_Frame0096_DriverToReference-SequenceTransformStatus = OK
Seq_Frame0096_Timestamp = 11.936
Seq_Frame0097_DriverToReference-SequenceTransform =-0.930636 -0.351896 -0.100429 6.16316 -0.35028 0.777156 0.522812 314.976 -0.105926 0.521726 -0.846512 146.955 0 0 0 1 
Seq_Frame0097_DriverToReference-SequenceTransformStatus = OK
Seq_Frame0097_Timestamp = 12.037
Seq_Frame0098_DriverToReference-SequenceTransform =-0.893556 -0.375796 -0.245632 7.29791 -0.448765 0.763436 0.464517 311.319 0.0129605 0.525303 -0.850817 149.438 0 0 0 1 
Seq_Frame0098_DriverToReference-SequenceTransformStatus = OK
Seq_Frame0098_Timestamp = 12.144
Seq_Frame0099_DriverToReference-SequenceTransform =-0.79855 -0.511185 -0.317818 6.91268 -0.6019 0.683368 0.413189 310.135 0.00597111 0.521246 -0.853385 149.228 0 0 0 1 
Seq_Frame0099_DriverToReference-SequenceTransformStatus = OK
Seq_Frame0099_Timestamp = 12.253
Seq_Frame0100_DriverToReference-SequenceTransform =-0.538179 -0.606666 -0.585081 4.55189 -0.808021 0.568821 0.153441 305.953 0.239719 0.555337 -0.796326 154.221 0 0 0 1 
Seq_Frame0100_DriverToReference-SequenceTransformStatus = OK
Seq_Frame0100_Timestamp = 12.359
Seq_Frame0101_DriverToReference-SequenceTransform =-0.0780854 -0.69857 -0.711268 -1.32157 -0.904611 0.349515 -0.243964 281.33 0.419025 0.624371 -0.659226 162.297 0 0 0 1 
Seq_Frame0101_DriverToReference-SequenceTransformStatus = OK
Seq_Frame0101_Timestamp = 12.472
Seq_Frame0102_DriverToReference-SequenceTransform =0.311001 -0.693514 -0.649859 -3.30171 -0.794461 0.185591 -0.578262 257.045 0.521641 0.696128 -0.493251 170.726 0 0 0 1 
Seq_Frame0102_DriverToReference-SequenceTransformStatus = OK
Seq_Frame0102_Timestamp = 12.597
Seq_Frame0103_DriverToReference-SequenceTransform =0.311001 -0.693514 -0.649859 -3.30171 -0.794461 0.185591 -0.578262 257.045 0.521641 0.696128 -0.493251 170.726 0 0 0 1 
Seq_Frame0103_DriverToReference-SequenceTransformStatus = OK
Seq_Frame0103_Timestamp = 12.723
Seq_Frame0104_DriverToReference-SequenceTransform =0.311001 -0.693514 -0.649859 -3.30171 -0.794461 0.185591 -0.578262 257.045 0.521641 0.696128 -0.493251 170.726 0 0 0 1 
Seq_Frame0104_DriverToReference-SequenceTransformStatus = OK
Seq_Frame0104_Timestamp = 12.849
Seq_Frame0105_DriverToReference-SequenceTransform =0.311001 -0.693514 -0.649859 -3.30171 -0.794461 0.185591 -0.578262 257.045 0.521641 0.696128 -0.493251 170.726 0 0 0 1 
Seq_Frame0105_DriverToReference-SequenceTransformStatus = OK
Seq_Frame0105_Timestamp = 12.974
Seq_Frame0106_DriverToReference-SequenceTransform =0.311001 -0.693514 -0.649859 -3.30171 -0.794461 0.185591 -0.578262 257.045 0.521641 0.696128 -0.493251 170.726 0 0 0 1 
Seq_Frame0106_DriverToReference-SequenceTransformStatus = OK
Seq_Frame0106_Timestamp = 13.237
Seq_Frame0107_DriverToReference-SequenceTransform =0.311001 -0.693514 -0.649859 -3.30171 -0.794461 0.185591 -0.578262 257.045 0.521641 0.696128 -0.493251 170.726 0 0 0 1 
Seq_Frame0107_DriverToReference-SequenceTransformStatus = OK
Seq_Frame0107_Timestamp = 13.347
Seq_Frame0108_DriverToReference-SequenceTransform =0.311001 -0.693514 -0.649859 -3.30171 -0.794461 0.185591 -0.578262 257.045 0.521641 0.696128 -0.493251 170.726 0 0 0 1 
Seq_Frame0108_DriverToReference-SequenceTransformStatus = OK
Seq_Frame0108_Timestamp = 13.476
Seq_Frame0109_DriverToReference-SequenceTransform =0.311001 -0.693514 -0.649859 -3.30171 -0.794461 0.185591 -0.578262 257.045 0.521641 0.696128 -0.493251 170.726 0 0 0 1 
Seq_Frame0109_DriverToReference-SequenceTransformStatus = OK
Seq_Frame0109_Timestamp = 13.585
Seq_Frame0110_DriverToReference-SequenceTransform =-0.483026 -0.536159 -0.692257 -21.6215 -0.722105 0.691071 -0.0313891 288.435 0.495228 0.48472 -0.720968 153.859 0 0 0 1 
Seq_Frame0110_DriverToReference-SequenceTransformStatus = OK
Seq_Frame0110_Timestamp = 13.697
Seq_Frame0111_DriverToReference-SequenceTransform =-0.533037 -0.556929 -0.636947 -20.0016 -0.748153 0.66183 0.0474151 289.24 0.395143 0.501808 -0.769448 151.38 0 0 0 1 
Seq_Frame0111_DriverToReference-SequenceTransformStatus = OK
Seq_Frame0111_Timestamp = 13.822
Seq_Frame0112_DriverToReference-SequenceTransform =-0.520621 -0.556027 -0.647911 -19.7955 -0.750383 0.659991 0.0365682 288.714 0.407282 0.50522 -0.760838 151.938 0 0 0 1 
Seq_Frame0112_DriverToReference-SequenceTransformStatus = OK
Seq_Frame0112_Timestamp = 13.947
Seq_Frame0113_DriverToReference-SequenceTransform =-0.525293 -0.536927 -0.660134 -23.1118 -0.74372 0.66665 0.0495792 287.873 0.413458 0.516999 -0.74951 152.447 0 0 0 1 
Seq_Frame0113_DriverToReference-SequenceTransformStatus = OK
Seq_Frame0113_Timestamp = 14.074
Seq_Frame0114_DriverToReference-SequenceTransform =-0.526975 -0.516116 -0.67522 -23.885 -0.729221 0.682639 0.0473336 288.912 0.436502 0.517328 -0.736097 152.829 0 0 0 1 
Seq_Frame0114_DriverToReference-SequenceTransformStatus = OK
Seq_Frame0114_Timestamp = 14.199
Seq_Frame0115_DriverToReference-SequenceTransform =-0.571926 -0.536121 -0.620866 -25.6263 -0.736521 0.668844 0.100914 289.211 0.361161 0.514996 -0.777394 151.34 0 0 0 1 
Seq_Frame0115_DriverToReference-SequenceTransformStatus = OK
Seq_Frame0115_Timestamp = 14.324
Seq_Frame0116_DriverToReference-SequenceTransform =-0.542159 -0.50258 -0.673407 -27.8393 -0.727893 0.681289 0.0775632 286.22 0.419803 0.53222 -0.735192 153.997 0 0 0 1 
Seq_Frame0116_DriverToReference-SequenceTransformStatus = OK
Seq_Frame0116_Timestamp = 14.448
Seq_Frame0117_DriverToReference-SequenceTransform =-0.593435 -0.471995 -0.651962 -27.517 -0.723544 0.667668 0.175225 287.102 0.352589 0.575708 -0.737727 153.992 0 0 0 1 
Seq_Frame0117_DriverToReference-SequenceTransformStatus = OK
Seq_Frame0117_Timestamp = 14.575
Seq_Frame0118_DriverToReference-SequenceTransform =-0.593435 -0.471995 -0.651962 -27.517 -0.723544 0.667668 0.175225 287.102 0.352589 0.575708 -0.737727 153.992 0 0 0 1 
Seq_Frame0118_DriverToReference-SequenceTransformStatus = OK
Seq_Frame0118_Timestamp = 14.701
Seq_Frame0119_DriverToReference-SequenceTransform =-0.593435 -0.471995 -0.651962 -27.517 -0.723544 0.667668 0.175225 287.102 0.352589 0.575708 -0.737727 153.992 0 0 0 1 
Seq_Frame0119_DriverToReference-SequenceTransformStatus = OK
Seq_Frame0119_Timestamp = 14.81
Seq_Frame0120_DriverToReference-SequenceTransform =-0.593435 -0.471995 -0.651962 -27.517 -0.723544 0.667668 0.175225 287.102 0.352589 0.575708 -0.737727 153.992 0 0 0 1 
Seq_Frame0120_DriverToReference-SequenceTransformStatus = OK
Seq_Frame0120_Timestamp = 14.937
Seq_Frame0121_DriverToReference-SequenceTransform =-0.593435 -0.471995 -0.651962 -27.517 -0.723544 0.667668 0.175225 287.102 0.352589 0.575708 -0.737727 153.992 0 0 0 1 
Seq_Frame0121_DriverToReference-SequenceTransformStatus = OK
Seq_Frame0121_Timestamp = 15.061
Seq_Frame0122_DriverToReference-SequenceTransform =-0.593435 -0.471995 -0.651962 -27.517 -0.723544 0.667668 0.175225 287.102 0.352589 0.575708 -0.737727 153.992 0 0 0 1 
Seq_Frame0122_DriverToReference-SequenceTransformStatus = OK
Seq_Frame0122_Timestamp = 15.17
Seq_Frame0123_DriverToReference-SequenceTransform =-0.593435 -0.471995 -0.651962 -27.517 -0.723544 0.667668 0.175225 287.102 0.352589 0.575708 -0.737727 153.992 0 0 0 1 
Seq_Frame0123_DriverToReference-SequenceTransformStatus = OK
Seq_Frame0123_Timestamp = 15.298
Seq_Frame0124_DriverToReference-SequenceTransform =-0.593435 -0.471995 -0.651962 -27.517 -0.723544 0.667668 0.175225 287.102 0.352589 0.575708 -0.737727 153.992 0 0 0 1 
Seq_Frame0124_DriverToReference-SequenceTransformStatus = OK
Seq_Frame0124_Timestamp = 15.424
Seq_Frame0125_DriverToReference-SequenceTransform =-0.593435 -0.471995 -0.651962 -27.517 -0.723544 0.667668 0.175225 287.102 0.352589 0.575708 -0.737727 153.992 0 0 0 1 
Seq_Frame0125_DriverToReference-SequenceTransformStatus = OK
Seq_Frame0125_Timestamp = 15.547
Seq_Frame0126_DriverToReference-SequenceTransform =-0.593435 -0.471995 -0.651962 -27.517 -0.723544 0.667668 0.175225 287.102 0.352589 0.575708 -0.737727 153.992 0 0 0 1 
Seq_Frame0126_DriverToReference-SequenceTransformStatus = OK
Seq_Frame0126_Timestamp = 15.673
Seq_Frame0127_DriverToReference-SequenceTransform =-0.593435 -0.471995 -0.651962 -27.517 -0.723544 0.667668 0.175225 287.102 0.352589 0.575708 -0.737727 153.992 0 0 0 1 
Seq_Frame0127_DriverToReference-SequenceTransformStatus = OK
Seq_Frame0127_Timestamp = 15.78
Seq_Frame0128_DriverToReference-SequenceTransform =-0.593435 -0.471995 -0.651962 -27.517 -0.723544 0.667668 0.175225 287.102 0.352589 0.575708 -0.737727 153.992 0 0 0 1 
Seq_Frame0128_DriverToReference-SequenceTransformStatus = OK
Seq_Frame0128_Timestamp = 15.894
Seq_Frame0129_DriverToReference-SequenceTransform =-0.593435 -0.471995 -0.651962 -27.517 -0.723544 0.667668 0.175225 287.102 0.352589 0.575708 -0.737727 153.992 0 0 0 1 
Seq_Frame0129_DriverToReference-SequenceTransformStatus = OK
Seq_Frame0129_Timestamp = 15.999
Seq_Frame0130_DriverToReference-SequenceTransform =-0.593435 -0.471995 -0.651962 -27.517 -0.723544 0.667668 0.175225 287.102 0.352589 0.575708 -0.737727 153.992 0 0 0 1 
Seq_Frame0130_DriverToReference-SequenceTransformStatus = OK
Seq_Frame0130_Timestamp = 16.111
Seq_Frame0131_DriverToReference-SequenceTransform =-0.593435 -0.471995 -0.651962 -27.517 -0.723544 0.667668 0.175225 287.102 0.352589 0.575708 -0.737727 153.992 0 0 0 1 
Seq_Frame0131_DriverToReference-SequenceTransformStatus = OK
Seq_Frame0131_Timestamp = 16.222
Seq_Frame0132_DriverToReference-SequenceTransform =-0.593435 -0.471995 -0.651962 -27.517 -0.723544 0.667668 0.175225 287.102 0.352589 0.575708 -0.737727 153.992 0 0 0 1 
Seq_Frame0132_DriverToReference-SequenceTransformStatus = OK
Seq_Frame0132_Timestamp = 16.347
Seq_Frame0133_DriverToReference-SequenceTransform =-0.593435 -0.471995 -0.651962 -27.517 -0.723544 0.667668 0.175225 287.102 0.352589 0.575708 -0.737727 153.992 0 0 0 1 
Seq_Frame0133_DriverToReference-SequenceTransformStatus = OK
Seq_Frame0133_Timestamp = 16.475
Seq_Frame0134_DriverToReference-SequenceTransform =-0.593435 -0.471995 -0.651962 -27.517 -0.723544 0.667668 0.175225 287.102 0.352589 0.575708 -0.737727 153.992 0 0 0 1 
Seq_Frame0134_DriverToReference-SequenceTransformStatus = OK
Seq_Frame0134_Timestamp = 16.599
Seq_Frame0135_DriverToReference-SequenceTransform =-0.593435 -0.471995 -0.651962 -27.517 -0.723544 0.667668 0.175225 287.102 0.352589 0.575708 -0.737727 153.992 0 0 0 1 
Seq_Frame0135_DriverToReference-SequenceTransformStatus = OK
Seq_Frame0135_Timestamp = 16.724
Seq_Frame0136_DriverToReference-SequenceTransform =-0.593435 -0.471995 -0.651962 -27.517 -0.723544 0.667668 0.175225 287.102 0.352589 0.575708 -0.737727 153.992 0 0 0 1 
Seq_Frame0136_DriverToReference-SequenceTransformStatus = OK
Seq_Frame0136_Timestamp = 16.847
Seq_Frame0137_DriverToReference-SequenceTransform =-0.593435 -0.471995 -0.651962 -27.517 -0.723544 0.667668 0.175225 287.102 0.352589 0.575708 -0.737727 153.992 0 0 0 1 
Seq_Frame0137_DriverToReference-SequenceTransformStatus = OK
Seq_Frame0137_Timestamp = 16.96
Seq_Frame0138_DriverToReference-SequenceTransform =-0.593435 -0.471995 -0.651962 -27.517 -0.723544 0.667668 0.175225 287.102 0.352589 0.575708 -0.737727 153.992 0 0 0 1 
Seq_Frame0138_DriverToReference-SequenceTransformStatus = OK
Seq_Frame0138_Timestamp = 17.07
Seq_Frame0139_DriverToReference-SequenceTransform =-0.593435 -0.471995 -0.651962 -27.517 -0.723544 0.667668 0.175225 287.102 0.352589 0.575708 -0.737727 153.992 0 0 0 1 
Seq_Frame0139_DriverToReference-SequenceTransformStatus = OK
Seq_Frame0139_Timestamp = 17.177
Seq_Frame0140_DriverToReference-SequenceTransform =-0.593435 -0.471995 -0.651962 -27.517 -0.723544 0.667668 0.175225 287.102 0.352589 0.575708 -0.737727 153.992 0 0 0 1 
Seq_Frame0140_DriverToReference-SequenceTransformStatus = OK
Seq_Frame0140_Timestamp = 17.29
Seq_Frame0141_DriverToReference-SequenceTransform =-0.593435 -0.471995 -0.651962 -27.517 -0.723544 0.667668 0.175225 287.102 0.352589 0.575708 -0.737727 153.992 0 0 0 1 
Seq_Frame0141_DriverToReference-SequenceTransformStatus = OK
Seq_Frame0141_Timestamp = 17.415
Seq_Frame0142_DriverToReference-SequenceTransform =-0.593435 -0.471995 -0.651962 -27.517 -0.723544 0.667668 0.175225 287.102 0.352589 0.575708 -0.737727 153.992 0 0 0 1 
Seq_Frame0142_DriverToReference-SequenceTransformStatus = OK
Seq_Frame0142_Timestamp = 17.54
Seq_Frame0143_DriverToReference-SequenceTransform =-0.642304 -0.555111 -0.528486 2.33608 -0.691123 0.717573 0.0862421 256.269 0.331353 0.420642 -0.84455 171.908 0 0 0 1 
Seq_Frame0143_DriverToReference-SequenceTransformStatus = OK
Seq_Frame0143_Timestamp = 17.667
Seq_Frame0144_DriverToReference-SequenceTransform =-0.618575 -0.648742 -0.443281 8.85448 -0.757369 0.642498 0.116572 254.125 0.209183 0.407836 -0.88877 173.002 0 0 0 1 
Seq_Frame0144_DriverToReference-SequenceTransformStatus = OK
Seq_Frame0144_Timestamp = 17.992
Seq_Frame0145_DriverToReference-SequenceTransform =-0.618575 -0.648742 -0.443281 8.85448 -0.757369 0.642498 0.116572 254.125 0.209183 0.407836 -0.88877 173.002 0 0 0 1 
Seq_Frame0145_DriverToReference-SequenceTransformStatus = OK
Seq_Frame0145_Timestamp = 18.102
Seq_Frame0146_DriverToReference-SequenceTransform =-0.618575 -0.648742 -0.443281 8.85448 -0.757369 0.642498 0.116572 254.125 0.209183 0.407836 -0.88877 173.002 0 0 0 1 
Seq_Frame0146_DriverToReference-SequenceTransformStatus = OK
Seq_Frame0146_Timestamp = 18.202
Seq_Frame0147_DriverToReference-SequenceTransform =-0.618575 -0.648742 -0.443281 8.85448 -0.757369 0.642498 0.116572 254.125 0.209183 0.407836 -0.88877 173.002 0 0 0 1 
Seq_Frame0147_DriverToReference-SequenceTransformStatus = OK
Seq_Frame0147_Timestamp = 18.325
Seq_Frame0148_DriverToReference-SequenceTransform =-0.618575 -0.648742 -0.443281 8.85448 -0.757369 0.642498 0.116572 254.125 0.209183 0.407836 -0.88877 173.002 0 0 0 1 
Seq_Frame0148_DriverToReference-SequenceTransformStatus = OK
Seq_Frame0148_Timestamp = 18.436
Seq_Frame0149_DriverToReference-SequenceTransform =-0.618575 -0.648742 -0.443281 8.85448 -0.757369 0.642498 0.116572 254.125 0.209183 0.407836 -0.88877 173.002 0 0 0 1 
Seq_Frame0149_DriverToReference-SequenceTransformStatus = OK
Seq_Frame0149_Timestamp = 18.558
Seq_Frame0150_DriverToReference-SequenceTransform =-0.618575 -0.648742 -0.443281 8.85448 -0.757369 0.642498 0.116572 254.125 0.209183 0.407836 -0.88877 173.002 0 0 0 1 
