ObjectType = Image
NDims = 3
AnatomicalOrientation = RAI
BinaryData = True
CompressedData = False
DimSize = 0 0 1588
ElementSpacing = 1 1 1
Offset = 0 0 0
TransformMatrix = 1 0 0 0 1 0 0 0 1
ElementType = MET_UCHAR
Kinds = domain domain list
Seq_Frame0000_DriverToReference-SequenceTransform =-0.817716 -0.567058 0.0989226 53.2185 -0.227873 0.476709 0.849012 52.6719 -0.528597 0.671709 -0.51903 82.1581 0 0 0 1 
Seq_Frame0000_DriverToReference-SequenceTransformStatus = OK
Seq_Frame0000_Timestamp = 0.00199986
Seq_Frame0001_DriverToReference-SequenceTransform =-0.822344 -0.561727 0.0906211 53.2655 -0.232305 0.476845 0.847734 52.5519 -0.519408 0.676078 -0.522623 82.4495 0 0 0 1 
Seq_Frame0001_DriverToReference-SequenceTransformStatus = OK
Seq_Frame0001_Timestamp = 0.107
Seq_Frame0002_DriverToReference-SequenceTransform =-0.818538 -0.565983 0.0982778 53.2293 -0.229813 0.479428 0.846956 52.7949 -0.52648 0.67068 -0.5225 82.0294 0 0 0 1 
Seq_Frame0002_DriverToReference-SequenceTransformStatus = OK
Seq_Frame0002_Timestamp = 0.213
Seq_Frame0003_DriverToReference-SequenceTransform =-0.822138 -0.561809 0.0919802 53.3142 -0.230126 0.475751 0.848942 52.3019 -0.520703 0.676781 -0.520419 82.6465 0 0 0 1 
Seq_Frame0003_DriverToReference-SequenceTransformStatus = OK
Seq_Frame0003_Timestamp = 0.323
Seq_Frame0004_DriverToReference-SequenceTransform =-0.818914 -0.565262 0.0992859 53.3817 -0.223486 0.473424 0.852011 51.811 -0.528614 0.675535 -0.514022 82.8279 0 0 0 1 
Seq_Frame0004_DriverToReference-SequenceTransformStatus = OK
Seq_Frame0004_Timestamp = 0.431
Seq_Frame0005_DriverToReference-SequenceTransform =-0.818914 -0.565262 0.0992859 53.3817 -0.223486 0.473424 0.852011 51.811 -0.528614 0.675535 -0.514022 82.8279 0 0 0 1 
Seq_Frame0005_DriverToReference-SequenceTransformStatus = OK
Seq_Frame0005_Timestamp = 0.542
Seq_Frame0006_DriverToReference-SequenceTransform =-0.818914 -0.565262 0.0992859 53.3817 -0.223486 0.473424 0.852011 51.811 -0.528614 0.675535 -0.514022 82.8279 0 0 0 1 
Seq_Frame0006_DriverToReference-SequenceTransformStatus = OK
Seq_Frame0006_Timestamp = 0.648
Seq_Frame0007_DriverToReference-SequenceTransform =-0.818914 -0.565262 0.0992859 53.3817 -0.223486 0.473424 0.852011 51.811 -0.528614 0.675535 -0.514022 82.8279 0 0 0 1 
Seq_Frame0007_DriverToReference-SequenceTransformStatus = OK
Seq_Frame0007_Timestamp = 0.749
Seq_Frame0008_DriverToReference-SequenceTransform =-0.818914 -0.565262 0.0992859 53.3817 -0.223486 0.473424 0.852011 51.811 -0.528614 0.675535 -0.514022 82.8279 0 0 0 1 
Seq_Frame0008_DriverToReference-SequenceTransformStatus = OK
Seq_Frame0008_Timestamp = 0.857
Seq_Frame0009_DriverToReference-SequenceTransform =-0.818914 -0.565262 0.0992859 53.3817 -0.223486 0.473424 0.852011 51.811 -0.528614 0.675535 -0.514022 82.8279 0 0 0 1 
Seq_Frame0009_DriverToReference-SequenceTransformStatus = OK
Seq_Frame0009_Timestamp = 0.962
Seq_Frame0010_DriverToReference-SequenceTransform =-0.818914 -0.565262 0.0992859 53.3817 -0.223486 0.473424 0.852011 51.811 -0.528614 0.675535 -0.514022 82.8279 0 0 0 1 
Seq_Frame0010_DriverToReference-SequenceTransformStatus = OK
Seq_Frame0010_Timestamp = 1.067
Seq_Frame0011_DriverToReference-SequenceTransform =-0.818914 -0.565262 0.0992859 53.3817 -0.223486 0.473424 0.852011 51.811 -0.528614 0.675535 -0.514022 82.8279 0 0 0 1 
Seq_Frame0011_DriverToReference-SequenceTransformStatus = OK
Seq_Frame0011_Timestamp = 1.178
Seq_Frame0012_DriverToReference-SequenceTransform =-0.818914 -0.565262 0.0992859 53.3817 -0.223486 0.473424 0.852011 51.811 -0.528614 0.675535 -0.514022 82.8279 0 0 0 1 
Seq_Frame0012_DriverToReference-SequenceTransformStatus = OK
Seq_Frame0012_Timestamp = 1.282
Seq_Frame0013_DriverToReference-SequenceTransform =-0.818914 -0.565262 0.0992859 53.3817 -0.223486 0.473424 0.852011 51.811 -0.528614 0.675535 -0.514022 82.8279 0 0 0 1 
Seq_Frame0013_DriverToReference-SequenceTransformStatus = OK
Seq_Frame0013_Timestamp = 1.388
Seq_Frame0014_DriverToReference-SequenceTransform =-0.818914 -0.565262 0.0992859 53.3817 -0.223486 0.473424 0.852011 51.811 -0.528614 0.675535 -0.514022 82.8279 0 0 0 1 
Seq_Frame0014_DriverToReference-SequenceTransformStatus = OK
Seq_Frame0014_Timestamp = 1.498
Seq_Frame0015_DriverToReference-SequenceTransform =-0.818914 -0.565262 0.0992859 53.3817 -0.223486 0.473424 0.852011 51.811 -0.528614 0.675535 -0.514022 82.8279 0 0 0 1 
Seq_Frame0015_DriverToReference-SequenceTransformStatus = OK
Seq_Frame0015_Timestamp = 1.609
Seq_Frame0016_DriverToReference-SequenceTransform =-0.818914 -0.565262 0.0992859 53.3817 -0.223486 0.473424 0.852011 51.811 -0.528614 0.675535 -0.514022 82.8279 0 0 0 1 
Seq_Frame0016_DriverToReference-SequenceTransformStatus = OK
Seq_Frame0016_Timestamp = 1.724
Seq_Frame0017_DriverToReference-SequenceTransform =-0.818914 -0.565262 0.0992859 53.3817 -0.223486 0.473424 0.852011 51.811 -0.528614 0.675535 -0.514022 82.8279 0 0 0 1 
Seq_Frame0017_DriverToReference-SequenceTransformStatus = OK
Seq_Frame0017_Timestamp = 1.832
Seq_Frame0018_DriverToReference-SequenceTransform =-0.818914 -0.565262 0.0992859 53.3817 -0.223486 0.473424 0.852011 51.811 -0.528614 0.675535 -0.514022 82.8279 0 0 0 1 
Seq_Frame0018_DriverToReference-SequenceTransformStatus = OK
Seq_Frame0018_Timestamp = 1.938
Seq_Frame0019_DriverToReference-SequenceTransform =-0.818914 -0.565262 0.0992859 53.3817 -0.223486 0.473424 0.852011 51.811 -0.528614 0.675535 -0.514022 82.8279 0 0 0 1 
Seq_Frame0019_DriverToReference-SequenceTransformStatus = OK
Seq_Frame0019_Timestamp = 2.042
Seq_Frame0020_DriverToReference-SequenceTransform =-0.818914 -0.565262 0.0992859 53.3817 -0.223486 0.473424 0.852011 51.811 -0.528614 0.675535 -0.514022 82.8279 0 0 0 1 
Seq_Frame0020_DriverToReference-SequenceTransformStatus = OK
Seq_Frame0020_Timestamp = 2.148
Seq_Frame0021_DriverToReference-SequenceTransform =-0.818914 -0.565262 0.0992859 53.3817 -0.223486 0.473424 0.852011 51.811 -0.528614 0.675535 -0.514022 82.8279 0 0 0 1 
Seq_Frame0021_DriverToReference-SequenceTransformStatus = OK
Seq_Frame0021_Timestamp = 2.252
Seq_Frame0022_DriverToReference-SequenceTransform =-0.565045 -0.633688 -0.52836 35.5533 -0.82421 0.404472 0.396333 271.872 -0.0374453 0.659425 -0.750837 146.124 0 0 0 1 
Seq_Frame0022_DriverToReference-SequenceTransformStatus = OK
Seq_Frame0022_Timestamp = 2.358
Seq_Frame0023_DriverToReference-SequenceTransform =-0.650755 -0.681581 -0.334613 50.2792 -0.753962 0.527951 0.390907 273.001 -0.0897758 0.50667 -0.857453 196.211 0 0 0 1 
Seq_Frame0023_DriverToReference-SequenceTransformStatus = OK
Seq_Frame0023_Timestamp = 2.463
Seq_Frame0024_DriverToReference-SequenceTransform =-0.829813 -0.487809 -0.271023 33.7994 -0.554285 0.776756 0.29903 279.989 0.0646496 0.398363 -0.914947 269.835 0 0 0 1 
Seq_Frame0024_DriverToReference-SequenceTransformStatus = OK
Seq_Frame0024_Timestamp = 3.232
Seq_Frame0025_DriverToReference-SequenceTransform =-0.791027 -0.521511 -0.319848 34.6731 -0.608287 0.726255 0.32022 277.358 0.0652933 0.447862 -0.891715 276.852 0 0 0 1 
Seq_Frame0025_DriverToReference-SequenceTransformStatus = OK
Seq_Frame0025_Timestamp = 3.343
Seq_Frame0026_DriverToReference-SequenceTransform =-0.746023 -0.56474 -0.352871 36.6344 -0.660844 0.693153 0.287793 278.729 0.0820657 0.447893 -0.890313 279.169 0 0 0 1 
Seq_Frame0026_DriverToReference-SequenceTransformStatus = OK
Seq_Frame0026_Timestamp = 3.448
Seq_Frame0027_DriverToReference-SequenceTransform =-0.715529 -0.633779 -0.293841 37.0942 -0.698187 0.662949 0.270245 279.482 0.023526 0.398525 -0.916856 276.908 0 0 0 1 
Seq_Frame0027_DriverToReference-SequenceTransformStatus = OK
Seq_Frame0027_Timestamp = 3.552
Seq_Frame0028_DriverToReference-SequenceTransform =0.688395 0.414362 0.595329 35.3331 -0.625962 0.754039 0.198989 279.775 -0.366448 -0.509636 0.778451 288.657 0 0 0 1 
Seq_Frame0028_DriverToReference-SequenceTransformStatus = OK
Seq_Frame0028_Timestamp = 3.672
Seq_Frame0029_DriverToReference-SequenceTransform =0.670779 0.581679 0.460115 36.1536 -0.600483 0.790061 -0.123384 280.424 -0.435289 -0.193528 0.879244 282.808 0 0 0 1 
Seq_Frame0029_DriverToReference-SequenceTransformStatus = OK
Seq_Frame0029_Timestamp = 3.777
Seq_Frame0030_DriverToReference-SequenceTransform =0.644347 0.540113 0.541382 37.0024 -0.595159 0.79872 -0.0884951 281.523 -0.48021 -0.265187 0.836106 284.623 0 0 0 1 
Seq_Frame0030_DriverToReference-SequenceTransformStatus = OK
Seq_Frame0030_Timestamp = 3.882
Seq_Frame0031_DriverToReference-SequenceTransform =0.637071 0.624386 0.451976 38.552 -0.611994 0.766221 -0.195881 281.042 -0.468619 -0.151817 0.870258 282.735 0 0 0 1 
Seq_Frame0031_DriverToReference-SequenceTransformStatus = OK
Seq_Frame0031_Timestamp = 3.993
Seq_Frame0032_DriverToReference-SequenceTransform =0.634555 0.629153 0.448895 38.7962 -0.617769 0.761905 -0.194582 281.936 -0.464437 -0.15384 0.872142 283.086 0 0 0 1 
Seq_Frame0032_DriverToReference-SequenceTransformStatus = OK
Seq_Frame0032_Timestamp = 4.097
Seq_Frame0033_DriverToReference-SequenceTransform =0.636399 0.637129 0.434813 38.6434 -0.615616 0.759168 -0.211379 282.245 -0.464772 -0.133156 0.875361 283.012 0 0 0 1 
Seq_Frame0033_DriverToReference-SequenceTransformStatus = OK
Seq_Frame0033_Timestamp = 4.202
Seq_Frame0034_DriverToReference-SequenceTransform =0.637257 0.641819 0.426582 39.0603 -0.616642 0.756668 -0.217271 281.821 -0.462229 -0.124591 0.877964 283.442 0 0 0 1 
Seq_Frame0034_DriverToReference-SequenceTransformStatus = OK
Seq_Frame0034_Timestamp = 4.307
Seq_Frame0035_DriverToReference-SequenceTransform =0.630772 0.618032 0.469216 39.0311 -0.621163 0.764568 -0.172021 281.848 -0.465062 -0.182954 0.866167 284.418 0 0 0 1 
Seq_Frame0035_DriverToReference-SequenceTransformStatus = OK
Seq_Frame0035_Timestamp = 4.408
Seq_Frame0036_DriverToReference-SequenceTransform =0.646492 0.638958 0.41687 38.0509 -0.598678 0.763579 -0.241933 282.407 -0.472898 -0.0931628 0.876178 282.131 0 0 0 1 
Seq_Frame0036_DriverToReference-SequenceTransformStatus = OK
Seq_Frame0036_Timestamp = 4.513
Seq_Frame0037_DriverToReference-SequenceTransform =0.63693 0.667164 0.386279 40.0158 -0.620619 0.740984 -0.256465 284.915 -0.457331 -0.0763816 0.88601 282.671 0 0 0 1 
Seq_Frame0037_DriverToReference-SequenceTransformStatus = OK
Seq_Frame0037_Timestamp = 4.618
Seq_Frame0038_DriverToReference-SequenceTransform =0.603795 0.773169 0.194014 43.2416 -0.732724 0.634163 -0.246887 289.523 -0.313922 0.00691039 0.949424 286.914 0 0 0 1 
Seq_Frame0038_DriverToReference-SequenceTransformStatus = OK
Seq_Frame0038_Timestamp = 4.723
Seq_Frame0039_DriverToReference-SequenceTransform =0.515487 0.854799 0.0599362 40.2137 -0.811517 0.464531 0.354474 298.801 0.275162 -0.231366 0.933143 287.902 0 0 0 1 
Seq_Frame0039_DriverToReference-SequenceTransformStatus = OK
Seq_Frame0039_Timestamp = 4.827
Seq_Frame0040_DriverToReference-SequenceTransform =-0.211847 0.568389 -0.795019 50.0639 0.932287 -0.126514 -0.338874 295.865 -0.293193 -0.812975 -0.5031 224.884 0 0 0 1 
Seq_Frame0040_DriverToReference-SequenceTransformStatus = OK
Seq_Frame0040_Timestamp = 5.022
Seq_Frame0041_DriverToReference-SequenceTransform =0.321026 -0.425116 0.846297 62.3709 0.940515 0.0381435 -0.337605 294.53 0.111241 0.904335 0.412073 234.148 0 0 0 1 
Seq_Frame0041_DriverToReference-SequenceTransformStatus = OK
Seq_Frame0041_Timestamp = 5.823
Seq_Frame0042_DriverToReference-SequenceTransform =0.321026 -0.425116 0.846297 62.3709 0.940515 0.0381435 -0.337605 294.53 0.111241 0.904335 0.412073 234.148 0 0 0 1 
Seq_Frame0042_DriverToReference-SequenceTransformStatus = OK
Seq_Frame0042_Timestamp = 5.932
Seq_Frame0043_DriverToReference-SequenceTransform =0.321026 -0.425116 0.846297 62.3709 0.940515 0.0381435 -0.337605 294.53 0.111241 0.904335 0.412073 234.148 0 0 0 1 
Seq_Frame0043_DriverToReference-SequenceTransformStatus = OK
Seq_Frame0043_Timestamp = 6.192
Seq_Frame0044_DriverToReference-SequenceTransform =0.321026 -0.425116 0.846297 62.3709 0.940515 0.0381435 -0.337605 294.53 0.111241 0.904335 0.412073 234.148 0 0 0 1 
Seq_Frame0044_DriverToReference-SequenceTransformStatus = OK
Seq_Frame0044_Timestamp = 6.303
Seq_Frame0045_DriverToReference-SequenceTransform =0.321026 -0.425116 0.846297 62.3709 0.940515 0.0381435 -0.337605 294.53 0.111241 0.904335 0.412073 234.148 0 0 0 1 
Seq_Frame0045_DriverToReference-SequenceTransformStatus = OK
Seq_Frame0045_Timestamp = 6.408
Seq_Frame0046_DriverToReference-SequenceTransform =0.321026 -0.425116 0.846297 62.3709 0.940515 0.0381435 -0.337605 294.53 0.111241 0.904335 0.412073 234.148 0 0 0 1 
Seq_Frame0046_DriverToReference-SequenceTransformStatus = OK
Seq_Frame0046_Timestamp = 6.517
Seq_Frame0047_DriverToReference-SequenceTransform =0.321026 -0.425116 0.846297 62.3709 0.940515 0.0381435 -0.337605 294.53 0.111241 0.904335 0.412073 234.148 0 0 0 1 
Seq_Frame0047_DriverToReference-SequenceTransformStatus = OK
Seq_Frame0047_Timestamp = 6.698
Seq_Frame0048_DriverToReference-SequenceTransform =0.321026 -0.425116 0.846297 62.3709 0.940515 0.0381435 -0.337605 294.53 0.111241 0.904335 0.412073 234.148 0 0 0 1 
Seq_Frame0048_DriverToReference-SequenceTransformStatus = OK
Seq_Frame0048_Timestamp = 6.808
Seq_Frame0049_DriverToReference-SequenceTransform =0.321026 -0.425116 0.846297 62.3709 0.940515 0.0381435 -0.337605 294.53 0.111241 0.904335 0.412073 234.148 0 0 0 1 
Seq_Frame0049_DriverToReference-SequenceTransformStatus = OK
Seq_Frame0049_Timestamp = 6.912
Seq_Frame0050_DriverToReference-SequenceTransform =0.321026 -0.425116 0.846297 62.3709 0.940515 0.0381435 -0.337605 294.53 0.111241 0.904335 0.412073 234.148 0 0 0 1 
Seq_Frame0050_DriverToReference-SequenceTransformStatus = OK
Seq_Frame0050_Timestamp = 7.018
Seq_Frame0051_DriverToReference-SequenceTransform =0.321026 -0.425116 0.846297 62.3709 0.940515 0.0381435 -0.337605 294.53 0.111241 0.904335 0.412073 234.148 0 0 0 1 
Seq_Frame0051_DriverToReference-SequenceTransformStatus = OK
Seq_Frame0051_Timestamp = 7.134
Seq_Frame0052_DriverToReference-SequenceTransform =0.321026 -0.425116 0.846297 62.3709 0.940515 0.0381435 -0.337605 294.53 0.111241 0.904335 0.412073 234.148 0 0 0 1 
Seq_Frame0052_DriverToReference-SequenceTransformStatus = OK
Seq_Frame0052_Timestamp = 7.248
Seq_Frame0053_DriverToReference-SequenceTransform =0.321026 -0.425116 0.846297 62.3709 0.940515 0.0381435 -0.337605 294.53 0.111241 0.904335 0.412073 234.148 0 0 0 1 
Seq_Frame0053_DriverToReference-SequenceTransformStatus = OK
Seq_Frame0053_Timestamp = 7.349
Seq_Frame0054_DriverToReference-SequenceTransform =-0.411373 -0.0124922 -0.911381 35.8601 -0.515604 0.827733 0.221384 232.53 0.751615 0.560984 -0.346948 169.824 0 0 0 1 
Seq_Frame0054_DriverToReference-SequenceTransformStatus = OK
Seq_Frame0054_Timestamp = 7.833
Seq_Frame0055_DriverToReference-SequenceTransform =0.730753 -0.469514 0.495536 55.2424 0.667633 0.340175 -0.662229 244.734 0.142357 0.814762 0.562047 143.776 0 0 0 1 
Seq_Frame0055_DriverToReference-SequenceTransformStatus = OK
Seq_Frame0055_Timestamp = 8.117
Seq_Frame0056_DriverToReference-SequenceTransform =0.730753 -0.469514 0.495536 55.2424 0.667633 0.340175 -0.662229 244.734 0.142357 0.814762 0.562047 143.776 0 0 0 1 
Seq_Frame0056_DriverToReference-SequenceTransformStatus = OK
Seq_Frame0056_Timestamp = 8.627
Seq_Frame0057_DriverToReference-SequenceTransform =0.730753 -0.469514 0.495536 55.2424 0.667633 0.340175 -0.662229 244.734 0.142357 0.814762 0.562047 143.776 0 0 0 1 
Seq_Frame0057_DriverToReference-SequenceTransformStatus = OK
Seq_Frame0057_Timestamp = 9.447
Seq_Frame0058_DriverToReference-SequenceTransform =0.730753 -0.469514 0.495536 55.2424 0.667633 0.340175 -0.662229 244.734 0.142357 0.814762 0.562047 143.776 0 0 0 1 
Seq_Frame0058_DriverToReference-SequenceTransformStatus = OK
Seq_Frame0058_Timestamp = 11.932
Seq_Frame0059_DriverToReference-SequenceTransform =0.730753 -0.469514 0.495536 55.2424 0.667633 0.340175 -0.662229 244.734 0.142357 0.814762 0.562047 143.776 0 0 0 1 
Seq_Frame0059_DriverToReference-SequenceTransformStatus = OK
Seq_Frame0059_Timestamp = 14.242
Seq_Frame0060_DriverToReference-SequenceTransform =-0.711803 0.268803 -0.648908 97.2987 -0.333822 0.683388 0.649264 250.498 0.61798 0.678768 -0.396705 139.857 0 0 0 1 
Seq_Frame0060_DriverToReference-SequenceTransformStatus = OK
Seq_Frame0060_Timestamp = 14.352
Seq_Frame0061_DriverToReference-SequenceTransform =-0.797267 0.246567 -0.550972 104.321 -0.286252 0.64917 0.704725 253.904 0.531436 0.719571 -0.446982 137.134 0 0 0 1 
Seq_Frame0061_DriverToReference-SequenceTransformStatus = OK
Seq_Frame0061_Timestamp = 14.458
Seq_Frame0062_DriverToReference-SequenceTransform =-0.804558 0.260334 -0.533773 103.856 -0.245793 0.672231 0.698349 255.251 0.540623 0.69306 -0.47686 137.631 0 0 0 1 
Seq_Frame0062_DriverToReference-SequenceTransformStatus = OK
Seq_Frame0062_Timestamp = 14.563
Seq_Frame0063_DriverToReference-SequenceTransform =-0.814414 0.236119 -0.530073 102.082 -0.268795 0.656058 0.705221 255.023 0.514275 0.716823 -0.470835 138.578 0 0 0 1 
Seq_Frame0063_DriverToReference-SequenceTransformStatus = OK
Seq_Frame0063_Timestamp = 14.674
Seq_Frame0064_DriverToReference-SequenceTransform =-0.80577 0.233791 -0.54413 102.981 -0.274857 0.666212 0.693265 256.663 0.524585 0.708169 -0.472554 140.396 0 0 0 1 
Seq_Frame0064_DriverToReference-SequenceTransformStatus = OK
Seq_Frame0064_Timestamp = 14.788
Seq_Frame0065_DriverToReference-SequenceTransform =-0.801914 0.243823 -0.545421 103.185 -0.255903 0.684762 0.682359 256.813 0.539859 0.686769 -0.486725 141.27 0 0 0 1 
Seq_Frame0065_DriverToReference-SequenceTransformStatus = OK
Seq_Frame0065_Timestamp = 14.893
Seq_Frame0066_DriverToReference-SequenceTransform =-0.797041 0.243664 -0.552589 103.075 -0.262428 0.684355 0.680286 256.35 0.543928 0.687231 -0.481515 142.142 0 0 0 1 
Seq_Frame0066_DriverToReference-SequenceTransformStatus = OK
Seq_Frame0066_Timestamp = 14.998
Seq_Frame0067_DriverToReference-SequenceTransform =-0.798101 0.24196 -0.551807 103.402 -0.259816 0.688101 0.677505 256.215 0.543627 0.684085 -0.486309 142.784 0 0 0 1 
Seq_Frame0067_DriverToReference-SequenceTransformStatus = OK
Seq_Frame0067_Timestamp = 15.103
Seq_Frame0068_DriverToReference-SequenceTransform =-0.807112 0.231775 -0.543001 103.623 -0.26692 0.67711 0.685766 256.065 0.526615 0.698428 -0.484638 142.808 0 0 0 1 
Seq_Frame0068_DriverToReference-SequenceTransformStatus = OK
Seq_Frame0068_Timestamp = 15.208
Seq_Frame0069_DriverToReference-SequenceTransform =-0.799583 0.231842 -0.554001 105.078 -0.264492 0.692254 0.671437 255.574 0.539176 0.683399 -0.492194 143.819 0 0 0 1 
Seq_Frame0069_DriverToReference-SequenceTransformStatus = OK
Seq_Frame0069_Timestamp = 15.324
Seq_Frame0070_DriverToReference-SequenceTransform =-0.800419 0.216417 -0.559011 107.839 -0.282301 0.686576 0.670015 254.445 0.528807 0.694101 -0.488454 144.336 0 0 0 1 
Seq_Frame0070_DriverToReference-SequenceTransformStatus = OK
Seq_Frame0070_Timestamp = 15.424
Seq_Frame0071_DriverToReference-SequenceTransform =-0.805946 0.205522 -0.555168 110.054 -0.289727 0.680873 0.672659 252.855 0.516245 0.702975 -0.489201 146.837 0 0 0 1 
Seq_Frame0071_DriverToReference-SequenceTransformStatus = OK
Seq_Frame0071_Timestamp = 15.525
Seq_Frame0072_DriverToReference-SequenceTransform =-0.804409 0.209674 -0.555844 111.262 -0.280222 0.691098 0.666227 250.961 0.523833 0.691679 -0.49717 152.844 0 0 0 1 
Seq_Frame0072_DriverToReference-SequenceTransformStatus = OK
Seq_Frame0072_Timestamp = 15.633
Seq_Frame0073_DriverToReference-SequenceTransform =-0.797319 0.224732 -0.560158 108.514 -0.260728 0.708783 0.655475 249.627 0.544337 0.668672 -0.506532 159.16 0 0 0 1 
Seq_Frame0073_DriverToReference-SequenceTransformStatus = OK
Seq_Frame0073_Timestamp = 15.738
Seq_Frame0074_DriverToReference-SequenceTransform =-0.790827 0.238412 -0.563695 105.842 -0.248545 0.716549 0.651753 252.578 0.559301 0.655528 -0.507411 163.678 0 0 0 1 
Seq_Frame0074_DriverToReference-SequenceTransformStatus = OK
Seq_Frame0074_Timestamp = 15.847
Seq_Frame0075_DriverToReference-SequenceTransform =-0.764412 0.151081 -0.626776 108.714 -0.341482 0.729721 0.592365 251.961 0.546867 0.666844 -0.506216 169.88 0 0 0 1 
Seq_Frame0075_DriverToReference-SequenceTransformStatus = OK
Seq_Frame0075_Timestamp = 15.953
Seq_Frame0076_DriverToReference-SequenceTransform =-0.668128 -0.0180937 -0.743826 109.339 -0.500399 0.750772 0.431211 240.851 0.550642 0.660314 -0.510665 180.075 0 0 0 1 
Seq_Frame0076_DriverToReference-SequenceTransformStatus = OK
Seq_Frame0076_Timestamp = 16.062
Seq_Frame0077_DriverToReference-SequenceTransform =-0.281259 -0.223253 -0.933301 101.118 -0.600881 0.799275 -0.0101119 225.336 0.748222 0.557959 -0.358952 200.119 0 0 0 1 
Seq_Frame0077_DriverToReference-SequenceTransformStatus = OK
Seq_Frame0077_Timestamp = 16.167
Seq_Frame0078_DriverToReference-SequenceTransform =-0.140277 -0.282245 -0.949031 95.7403 -0.585955 0.7963 -0.150212 221.426 0.79811 0.535018 -0.277085 207.657 0 0 0 1 
Seq_Frame0078_DriverToReference-SequenceTransformStatus = OK
Seq_Frame0078_Timestamp = 16.273
Seq_Frame0079_DriverToReference-SequenceTransform =-0.140277 -0.282245 -0.949031 95.7403 -0.585955 0.7963 -0.150212 221.426 0.79811 0.535018 -0.277085 207.657 0 0 0 1 
Seq_Frame0079_DriverToReference-SequenceTransformStatus = OK
Seq_Frame0079_Timestamp = 16.377
Seq_Frame0080_DriverToReference-SequenceTransform =-0.140277 -0.282245 -0.949031 95.7403 -0.585955 0.7963 -0.150212 221.426 0.79811 0.535018 -0.277085 207.657 0 0 0 1 
Seq_Frame0080_DriverToReference-SequenceTransformStatus = OK
Seq_Frame0080_Timestamp = 16.488
Seq_Frame0081_DriverToReference-SequenceTransform =-0.140277 -0.282245 -0.949031 95.7403 -0.585955 0.7963 -0.150212 221.426 0.79811 0.535018 -0.277085 207.657 0 0 0 1 
Seq_Frame0081_DriverToReference-SequenceTransformStatus = OK
Seq_Frame0081_Timestamp = 16.597
Seq_Frame0082_DriverToReference-SequenceTransform =-0.140277 -0.282245 -0.949031 95.7403 -0.585955 0.7963 -0.150212 221.426 0.79811 0.535018 -0.277085 207.657 0 0 0 1 
Seq_Frame0082_DriverToReference-SequenceTransformStatus = OK
Seq_Frame0082_Timestamp = 16.702
Seq_Frame0083_DriverToReference-SequenceTransform =-0.140277 -0.282245 -0.949031 95.7403 -0.585955 0.7963 -0.150212 221.426 0.79811 0.535018 -0.277085 207.657 0 0 0 1 
Seq_Frame0083_DriverToReference-SequenceTransformStatus = OK
Seq_Frame0083_Timestamp = 16.813
Seq_Frame0084_DriverToReference-SequenceTransform =-0.140277 -0.282245 -0.949031 95.7403 -0.585955 0.7963 -0.150212 221.426 0.79811 0.535018 -0.277085 207.657 0 0 0 1 
Seq_Frame0084_DriverToReference-SequenceTransformStatus = OK
Seq_Frame0084_Timestamp = 16.993
Seq_Frame0085_DriverToReference-SequenceTransform =-0.140277 -0.282245 -0.949031 95.7403 -0.585955 0.7963 -0.150212 221.426 0.79811 0.535018 -0.277085 207.657 0 0 0 1 
Seq_Frame0085_DriverToReference-SequenceTransformStatus = OK
Seq_Frame0085_Timestamp = 17.097
Seq_Frame0086_DriverToReference-SequenceTransform =-0.140277 -0.282245 -0.949031 95.7403 -0.585955 0.7963 -0.150212 221.426 0.79811 0.535018 -0.277085 207.657 0 0 0 1 
Seq_Frame0086_DriverToReference-SequenceTransformStatus = OK
Seq_Frame0086_Timestamp = 18.413
Seq_Frame0087_DriverToReference-SequenceTransform =-0.140277 -0.282245 -0.949031 95.7403 -0.585955 0.7963 -0.150212 221.426 0.79811 0.535018 -0.277085 207.657 0 0 0 1 
Seq_Frame0087_DriverToReference-SequenceTransformStatus = OK
Seq_Frame0087_Timestamp = 18.522
Seq_Frame0088_DriverToReference-SequenceTransform =-0.140277 -0.282245 -0.949031 95.7403 -0.585955 0.7963 -0.150212 221.426 0.79811 0.535018 -0.277085 207.657 0 0 0 1 
Seq_Frame0088_DriverToReference-SequenceTransformStatus = OK
Seq_Frame0088_Timestamp = 18.633
Seq_Frame0089_DriverToReference-SequenceTransform =-0.140277 -0.282245 -0.949031 95.7403 -0.585955 0.7963 -0.150212 221.426 0.79811 0.535018 -0.277085 207.657 0 0 0 1 
Seq_Frame0089_DriverToReference-SequenceTransformStatus = OK
Seq_Frame0089_Timestamp = 18.742
Seq_Frame0090_DriverToReference-SequenceTransform =0.39888 -0.601446 -0.692212 58.2016 -0.354825 0.594832 -0.7213 185.862 0.845573 0.533327 0.0238586 227.765 0 0 0 1 
Seq_Frame0090_DriverToReference-SequenceTransformStatus = OK
Seq_Frame0090_Timestamp = 21.132
Seq_Frame0091_DriverToReference-SequenceTransform =0.751496 -0.164107 0.639001 54.0223 -0.543188 0.395802 0.740465 183.187 -0.374433 -0.903554 0.208302 216.008 0 0 0 1 
Seq_Frame0091_DriverToReference-SequenceTransformStatus = OK
Seq_Frame0091_Timestamp = 21.482
Seq_Frame0092_DriverToReference-SequenceTransform =0.756055 -0.0394228 0.65332 54.611 -0.571561 0.446587 0.688388 184.984 -0.318903 -0.893871 0.315112 210.197 0 0 0 1 
Seq_Frame0092_DriverToReference-SequenceTransformStatus = OK
Seq_Frame0092_Timestamp = 21.587
Seq_Frame0093_DriverToReference-SequenceTransform =0.738841 0.0376993 0.672825 55.6119 -0.595347 0.504287 0.625505 186.705 -0.315716 -0.862713 0.395032 208.176 0 0 0 1 
Seq_Frame0093_DriverToReference-SequenceTransformStatus = OK
Seq_Frame0093_Timestamp = 21.693
Seq_Frame0094_DriverToReference-SequenceTransform =0.725856 0.098261 0.680792 56.5673 -0.615527 0.534555 0.579118 188.878 -0.307016 -0.839402 0.448492 206.521 0 0 0 1 
Seq_Frame0094_DriverToReference-SequenceTransformStatus = OK
Seq_Frame0094_Timestamp = 21.797
Seq_Frame0095_DriverToReference-SequenceTransform =0.718669 0.144415 0.68019 57.4225 -0.629557 0.550482 0.548296 189.666 -0.29525 -0.822262 0.486532 205.228 0 0 0 1 
Seq_Frame0095_DriverToReference-SequenceTransformStatus = OK
Seq_Frame0095_Timestamp = 21.905
Seq_Frame0096_DriverToReference-SequenceTransform =0.713415 0.177927 0.677777 58.9969 -0.640409 0.558179 0.527553 190.253 -0.284455 -0.810419 0.512159 206.376 0 0 0 1 
Seq_Frame0096_DriverToReference-SequenceTransformStatus = OK
Seq_Frame0096_Timestamp = 22.013
Seq_Frame0097_DriverToReference-SequenceTransform =0.703496 0.156897 0.693164 59.2046 -0.636487 0.573016 0.516273 191.869 -0.316192 -0.804386 0.502977 206.766 0 0 0 1 
Seq_Frame0097_DriverToReference-SequenceTransformStatus = OK
Seq_Frame0097_Timestamp = 22.118
Seq_Frame0098_DriverToReference-SequenceTransform =0.694296 0.174521 0.698209 59.7883 -0.644246 0.583133 0.494878 192.242 -0.320782 -0.793409 0.517301 207.012 0 0 0 1 
Seq_Frame0098_DriverToReference-SequenceTransformStatus = OK
Seq_Frame0098_Timestamp = 22.223
Seq_Frame0099_DriverToReference-SequenceTransform =0.705964 0.218229 0.673789 61.2225 -0.648957 0.580353 0.49198 192.877 -0.283671 -0.78458 0.551329 207.014 0 0 0 1 
Seq_Frame0099_DriverToReference-SequenceTransformStatus = OK
Seq_Frame0099_Timestamp = 22.327
Seq_Frame0100_DriverToReference-SequenceTransform =0.696402 0.24246 0.675454 61.9819 -0.656947 0.594231 0.464016 193.198 -0.28887 -0.766879 0.573107 206.375 0 0 0 1 
Seq_Frame0100_DriverToReference-SequenceTransformStatus = OK
Seq_Frame0100_Timestamp = 22.433
Seq_Frame0101_DriverToReference-SequenceTransform =0.698129 0.271769 0.662388 62.8284 -0.660424 0.601732 0.449176 193.663 -0.276508 -0.75104 0.599569 207.168 0 0 0 1 
Seq_Frame0101_DriverToReference-SequenceTransformStatus = OK
Seq_Frame0101_Timestamp = 22.542
Seq_Frame0102_DriverToReference-SequenceTransform =0.699257 0.279772 0.657851 63.6361 -0.660701 0.604317 0.445281 194.561 -0.272973 -0.746009 0.607418 207.245 0 0 0 1 
Seq_Frame0102_DriverToReference-SequenceTransformStatus = OK
Seq_Frame0102_Timestamp = 22.648
Seq_Frame0103_DriverToReference-SequenceTransform =0.703951 0.283526 0.651204 64.3637 -0.656767 0.6089 0.444857 195.29 -0.270389 -0.740847 0.614846 207.977 0 0 0 1 
Seq_Frame0103_DriverToReference-SequenceTransformStatus = OK
Seq_Frame0103_Timestamp = 22.752
Seq_Frame0104_DriverToReference-SequenceTransform =0.707013 0.282969 0.648121 63.8998 -0.653913 0.610583 0.446752 195.204 -0.269315 -0.739674 0.616727 207.844 0 0 0 1 
Seq_Frame0104_DriverToReference-SequenceTransformStatus = OK
Seq_Frame0104_Timestamp = 22.863
Seq_Frame0105_DriverToReference-SequenceTransform =0.69372 0.290712 0.658968 63.6415 -0.666294 0.606463 0.433884 194.286 -0.273504 -0.740061 0.614415 207.478 0 0 0 1 
Seq_Frame0105_DriverToReference-SequenceTransformStatus = OK
Seq_Frame0105_Timestamp = 22.968
Seq_Frame0106_DriverToReference-SequenceTransform =0.696465 0.297662 0.652943 63.4559 -0.664744 0.610341 0.430812 194.024 -0.270282 -0.734085 0.62295 207.272 0 0 0 1 
Seq_Frame0106_DriverToReference-SequenceTransformStatus = OK
Seq_Frame0106_Timestamp = 23.074
Seq_Frame0107_DriverToReference-SequenceTransform =0.714148 0.273722 0.644258 62.5057 -0.647153 0.608981 0.458623 193.947 -0.266806 -0.744458 0.612043 206.567 0 0 0 1 
Seq_Frame0107_DriverToReference-SequenceTransformStatus = OK
Seq_Frame0107_Timestamp = 23.174
Seq_Frame0108_DriverToReference-SequenceTransform =0.705562 0.296166 0.643792 63.0978 -0.657649 0.612062 0.439179 193.896 -0.26397 -0.733257 0.626621 206.983 0 0 0 1 
Seq_Frame0108_DriverToReference-SequenceTransformStatus = OK
Seq_Frame0108_Timestamp = 23.287
Seq_Frame0109_DriverToReference-SequenceTransform =0.719423 0.310744 0.621184 63.5235 -0.650158 0.615956 0.44485 194.899 -0.244387 -0.723903 0.645166 205.818 0 0 0 1 
Seq_Frame0109_DriverToReference-SequenceTransformStatus = OK
Seq_Frame0109_Timestamp = 23.392
Seq_Frame0110_DriverToReference-SequenceTransform =0.716027 0.331616 0.614277 63.9363 -0.653893 0.626693 0.423886 195.523 -0.244396 -0.705185 0.66557 205.889 0 0 0 1 
Seq_Frame0110_DriverToReference-SequenceTransformStatus = OK
Seq_Frame0110_Timestamp = 23.498
Seq_Frame0111_DriverToReference-SequenceTransform =0.715006 0.319839 0.621666 63.7438 -0.65459 0.618546 0.43464 194.877 -0.245514 -0.717707 0.651628 205.514 0 0 0 1 
Seq_Frame0111_DriverToReference-SequenceTransformStatus = OK
Seq_Frame0111_Timestamp = 23.602
Seq_Frame0112_DriverToReference-SequenceTransform =0.729173 0.337164 0.595506 62.9199 -0.642908 0.635666 0.427314 195.029 -0.234468 -0.694442 0.680276 203.826 0 0 0 1 
Seq_Frame0112_DriverToReference-SequenceTransformStatus = OK
Seq_Frame0112_Timestamp = 23.707
Seq_Frame0113_DriverToReference-SequenceTransform =0.735336 0.358652 0.575022 63.2613 -0.642765 0.638005 0.424031 195.637 -0.214788 -0.681409 0.699677 202.484 0 0 0 1 
Seq_Frame0113_DriverToReference-SequenceTransformStatus = OK
Seq_Frame0113_Timestamp = 23.818
Seq_Frame0114_DriverToReference-SequenceTransform =0.741176 0.37685 0.555555 63.387 -0.644174 0.632169 0.430584 195.664 -0.188939 -0.677013 0.711306 201.197 0 0 0 1 
Seq_Frame0114_DriverToReference-SequenceTransformStatus = OK
Seq_Frame0114_Timestamp = 23.924
Seq_Frame0115_DriverToReference-SequenceTransform =0.74642 0.391335 0.538251 62.4898 -0.640558 0.641755 0.421706 195.716 -0.180397 -0.659551 0.729691 199.52 0 0 0 1 
Seq_Frame0115_DriverToReference-SequenceTransformStatus = OK
Seq_Frame0115_Timestamp = 24.027
Seq_Frame0116_DriverToReference-SequenceTransform =0.743891 0.393473 0.54019 62.1346 -0.644886 0.634716 0.425742 194.783 -0.175349 -0.665067 0.725905 198.187 0 0 0 1 
Seq_Frame0116_DriverToReference-SequenceTransformStatus = OK
Seq_Frame0116_Timestamp = 24.132
Seq_Frame0117_DriverToReference-SequenceTransform =0.744844 0.400836 0.533421 61.9848 -0.646054 0.633096 0.426385 194.215 -0.166796 -0.662209 0.730519 197.74 0 0 0 1 
Seq_Frame0117_DriverToReference-SequenceTransformStatus = OK
Seq_Frame0117_Timestamp = 24.237
Seq_Frame0118_DriverToReference-SequenceTransform =0.751036 0.418465 0.510717 62.4718 -0.642316 0.642171 0.418386 194.635 -0.152888 -0.642265 0.75108 197.362 0 0 0 1 
Seq_Frame0118_DriverToReference-SequenceTransformStatus = OK
Seq_Frame0118_Timestamp = 24.342
Seq_Frame0119_DriverToReference-SequenceTransform =0.752822 0.426767 0.501128 62.6749 -0.642177 0.643287 0.416882 194.694 -0.144457 -0.635651 0.75834 196.95 0 0 0 1 
Seq_Frame0119_DriverToReference-SequenceTransformStatus = OK
Seq_Frame0119_Timestamp = 24.447
Seq_Frame0120_DriverToReference-SequenceTransform =0.742422 0.439801 0.505356 63.2658 -0.650337 0.654247 0.386036 195.416 -0.160848 -0.615253 0.771746 196.815 0 0 0 1 
Seq_Frame0120_DriverToReference-SequenceTransformStatus = OK
Seq_Frame0120_Timestamp = 24.553
Seq_Frame0121_DriverToReference-SequenceTransform =0.754552 0.426122 0.499071 63.1069 -0.63686 0.658947 0.400247 195.389 -0.158307 -0.619845 0.76859 197.492 0 0 0 1 
Seq_Frame0121_DriverToReference-SequenceTransformStatus = OK
Seq_Frame0121_Timestamp = 24.662
Seq_Frame0122_DriverToReference-SequenceTransform =0.757743 0.413508 0.504813 62.6792 -0.631683 0.658889 0.408462 195.067 -0.163714 -0.628391 0.760475 198.289 0 0 0 1 
Seq_Frame0122_DriverToReference-SequenceTransformStatus = OK
Seq_Frame0122_Timestamp = 24.766
Seq_Frame0123_DriverToReference-SequenceTransform =0.756172 0.413658 0.507041 62.5335 -0.632472 0.660797 0.404136 195.094 -0.167877 -0.626286 0.761304 198.509 0 0 0 1 
Seq_Frame0123_DriverToReference-SequenceTransformStatus = OK
Seq_Frame0123_Timestamp = 24.873
Seq_Frame0124_DriverToReference-SequenceTransform =0.751651 0.416422 0.511483 62.6091 -0.638383 0.654263 0.405471 194.48 -0.165798 -0.631294 0.757614 198.781 0 0 0 1 
Seq_Frame0124_DriverToReference-SequenceTransformStatus = OK
Seq_Frame0124_Timestamp = 24.975
Seq_Frame0125_DriverToReference-SequenceTransform =0.745393 0.416654 0.520373 62.7445 -0.646877 0.640678 0.41362 193.768 -0.161055 -0.644927 0.747081 199.256 0 0 0 1 
Seq_Frame0125_DriverToReference-SequenceTransformStatus = OK
Seq_Frame0125_Timestamp = 25.083
Seq_Frame0126_DriverToReference-SequenceTransform =0.74868 0.413227 0.518384 62.3533 -0.64323 0.642028 0.417199 193.861 -0.16042 -0.645788 0.746474 198.825 0 0 0 1 
Seq_Frame0126_DriverToReference-SequenceTransformStatus = OK
Seq_Frame0126_Timestamp = 25.188
Seq_Frame0127_DriverToReference-SequenceTransform =0.745786 0.409316 0.525608 62.4252 -0.646346 0.635692 0.422057 193.679 -0.16137 -0.654489 0.73865 199.107 0 0 0 1 
Seq_Frame0127_DriverToReference-SequenceTransformStatus = OK
Seq_Frame0127_Timestamp = 25.292
Seq_Frame0128_DriverToReference-SequenceTransform =0.739116 0.434791 0.514456 63.479 -0.656269 0.636867 0.404612 196.087 -0.151719 -0.636677 0.756058 197.477 0 0 0 1 
Seq_Frame0128_DriverToReference-SequenceTransformStatus = OK
Seq_Frame0128_Timestamp = 25.398
Seq_Frame0129_DriverToReference-SequenceTransform =0.708499 0.441814 0.550299 66.0963 -0.693199 0.581883 0.425309 199.066 -0.132302 -0.682798 0.718529 197.197 0 0 0 1 
Seq_Frame0129_DriverToReference-SequenceTransformStatus = OK
Seq_Frame0129_Timestamp = 25.502
Seq_Frame0130_DriverToReference-SequenceTransform =0.670551 0.443773 0.594497 68.1839 -0.72864 0.544595 0.415331 200.163 -0.139447 -0.711675 0.68853 199.162 0 0 0 1 
Seq_Frame0130_DriverToReference-SequenceTransformStatus = OK
Seq_Frame0130_Timestamp = 25.608
Seq_Frame0131_DriverToReference-SequenceTransform =0.701493 0.389536 0.596799 64.8879 -0.686884 0.592795 0.420458 198.545 -0.189996 -0.70488 0.683407 202.18 0 0 0 1 
Seq_Frame0131_DriverToReference-SequenceTransformStatus = OK
Seq_Frame0131_Timestamp = 25.713
Seq_Frame0132_DriverToReference-SequenceTransform =0.731135 0.380146 0.566508 62.5118 -0.653168 0.629829 0.420342 196.846 -0.197012 -0.677352 0.708789 201.536 0 0 0 1 
Seq_Frame0132_DriverToReference-SequenceTransformStatus = OK
Seq_Frame0132_Timestamp = 25.822
Seq_Frame0133_DriverToReference-SequenceTransform =0.7211 0.36417 0.589402 61.6298 -0.653472 0.640147 0.403963 195.821 -0.230193 -0.676455 0.699585 203.785 0 0 0 1 
Seq_Frame0133_DriverToReference-SequenceTransformStatus = OK
Seq_Frame0133_Timestamp = 25.928
Seq_Frame0134_DriverToReference-SequenceTransform =0.714549 0.365666 0.596413 61.6338 -0.658212 0.64023 0.396059 195.141 -0.237016 -0.67557 0.698161 203.627 0 0 0 1 
Seq_Frame0134_DriverToReference-SequenceTransformStatus = OK
Seq_Frame0134_Timestamp = 26.033
Seq_Frame0135_DriverToReference-SequenceTransform =0.721892 0.349043 0.597529 61.1192 -0.652883 0.629751 0.420901 194.688 -0.229381 -0.693962 0.682496 202.466 0 0 0 1 
Seq_Frame0135_DriverToReference-SequenceTransformStatus = OK
Seq_Frame0135_Timestamp = 26.138
Seq_Frame0136_DriverToReference-SequenceTransform =0.723836 0.340292 0.600219 60.5591 -0.651303 0.624121 0.431597 193.625 -0.22774 -0.70333 0.673395 201.988 0 0 0 1 
Seq_Frame0136_DriverToReference-SequenceTransformStatus = OK
Seq_Frame0136_Timestamp = 26.241
Seq_Frame0137_DriverToReference-SequenceTransform =0.720758 0.337093 0.605703 60.4593 -0.651145 0.628921 0.424817 192.835 -0.237736 -0.70059 0.672796 202.221 0 0 0 1 
Seq_Frame0137_DriverToReference-SequenceTransformStatus = OK
Seq_Frame0137_Timestamp = 26.347
Seq_Frame0138_DriverToReference-SequenceTransform =0.71694 0.330639 0.613738 60.8673 -0.652977 0.626839 0.42508 193.776 -0.244167 -0.705514 0.665306 203.114 0 0 0 1 
Seq_Frame0138_DriverToReference-SequenceTransformStatus = OK
Seq_Frame0138_Timestamp = 26.452
Seq_Frame0139_DriverToReference-SequenceTransform =0.714407 0.324198 0.620095 61.0505 -0.655167 0.621119 0.430079 193.502 -0.245722 -0.713517 0.656136 203.854 0 0 0 1 
Seq_Frame0139_DriverToReference-SequenceTransformStatus = OK
Seq_Frame0139_Timestamp = 26.557
Seq_Frame0140_DriverToReference-SequenceTransform =0.718717 0.328925 0.61258 60.6994 -0.650109 0.630354 0.424279 193.444 -0.246586 -0.70318 0.666884 203.412 0 0 0 1 
Seq_Frame0140_DriverToReference-SequenceTransformStatus = OK
Seq_Frame0140_Timestamp = 26.662
Seq_Frame0141_DriverToReference-SequenceTransform =0.719288 0.327943 0.612437 60.6942 -0.649841 0.629304 0.426243 193.491 -0.245625 -0.704578 0.665761 203.283 0 0 0 1 
Seq_Frame0141_DriverToReference-SequenceTransformStatus = OK
Seq_Frame0141_Timestamp = 26.767
Seq_Frame0142_DriverToReference-SequenceTransform =0.720536 0.328391 0.610727 60.6948 -0.648996 0.629544 0.427176 193.544 -0.244199 -0.704155 0.666733 203.22 0 0 0 1 
Seq_Frame0142_DriverToReference-SequenceTransformStatus = OK
Seq_Frame0142_Timestamp = 26.877
Seq_Frame0143_DriverToReference-SequenceTransform =0.716937 0.327782 0.615273 60.7216 -0.653068 0.624599 0.428226 193.425 -0.243934 -0.708826 0.661862 203.356 0 0 0 1 
Seq_Frame0143_DriverToReference-SequenceTransformStatus = OK
Seq_Frame0143_Timestamp = 26.987
Seq_Frame0144_DriverToReference-SequenceTransform =0.716112 0.328272 0.615972 60.6954 -0.654425 0.622657 0.428982 193.279 -0.242717 -0.710306 0.660722 203.414 0 0 0 1 
Seq_Frame0144_DriverToReference-SequenceTransformStatus = OK
Seq_Frame0144_Timestamp = 27.091
Seq_Frame0145_DriverToReference-SequenceTransform =0.71659 0.328979 0.615038 60.683 -0.655261 0.619695 0.431985 193.309 -0.239022 -0.712567 0.659634 203.337 0 0 0 1 
Seq_Frame0145_DriverToReference-SequenceTransformStatus = OK
Seq_Frame0145_Timestamp = 27.197
Seq_Frame0146_DriverToReference-SequenceTransform =0.713342 0.327211 0.619739 60.7784 -0.659074 0.613857 0.434513 193.242 -0.238254 -0.71841 0.653546 203.527 0 0 0 1 
Seq_Frame0146_DriverToReference-SequenceTransformStatus = OK
Seq_Frame0146_Timestamp = 27.303
Seq_Frame0147_DriverToReference-SequenceTransform =0.714728 0.327154 0.61817 60.6599 -0.656383 0.618958 0.431338 193.391 -0.241507 -0.714046 0.657125 203.295 0 0 0 1 
Seq_Frame0147_DriverToReference-SequenceTransformStatus = OK
Seq_Frame0147_Timestamp = 27.413
Seq_Frame0148_DriverToReference-SequenceTransform =0.715558 0.321369 0.620241 60.5394 -0.655607 0.615474 0.43746 193.066 -0.241157 -0.719662 0.651099 203.433 0 0 0 1 
Seq_Frame0148_DriverToReference-SequenceTransformStatus = OK
Seq_Frame0148_Timestamp = 27.515
Seq_Frame0149_DriverToReference-SequenceTransform =0.713815 0.31966 0.623126 60.5972 -0.656768 0.614466 0.437136 192.928 -0.243155 -0.721283 0.648557 203.634 0 0 0 1 
Seq_Frame0149_DriverToReference-SequenceTransformStatus = OK
Seq_Frame0149_Timestamp = 27.623
Seq_Frame0150_DriverToReference-SequenceTransform =0.715702 0.320899 0.620319 60.5355 -0.655236 0.615945 0.437352 193.075 -0.241737 -0.719469 0.651098 203.439 0 0 0 1 
Seq_Frame0150_DriverToReference-SequenceTransformStatus = OK
Seq_Frame0150_Timestamp = 27.728
Seq_Frame0151_DriverToReference-SequenceTransform =0.711953 0.320941 0.624596 60.3994 -0.657556 0.616858 0.432557 192.893 -0.246462 -0.718668 0.65021 203.524 0 0 0 1 
Seq_Frame0151_DriverToReference-SequenceTransformStatus = OK
