ObjectType = Image
NDims = 3
AnatomicalOrientation = RAI
BinaryData = True
CompressedData = False
DimSize = 0 0 4315
ElementSpacing = 1 1 1
Offset = 0 0 0
TransformMatrix = 1 0 0 0 1 0 0 0 1
ElementType = MET_UCHAR
Kinds = domain domain list
Seq_Frame0000_DriverToReference-SequenceTransform =-0.543712 -0.836832 0.0639513 -27.2026 -0.409357 0.330946 0.850236 100.126 -0.732669 0.436105 -0.522502 149.36 0 0 0 1 
Seq_Frame0000_DriverToReference-SequenceTransformStatus = OK
Seq_Frame0000_Timestamp = 0.00399995
Seq_Frame0001_DriverToReference-SequenceTransform =-0.543712 -0.836832 0.0639513 -27.2026 -0.409357 0.330946 0.850236 100.126 -0.732669 0.436105 -0.522502 149.36 0 0 0 1 
Seq_Frame0001_DriverToReference-SequenceTransformStatus = OK
Seq_Frame0001_Timestamp = 0.111
Seq_Frame0002_DriverToReference-SequenceTransform =-0.543712 -0.836832 0.0639513 -27.2026 -0.409357 0.330946 0.850236 100.126 -0.732669 0.436105 -0.522502 149.36 0 0 0 1 
Seq_Frame0002_DriverToReference-SequenceTransformStatus = OK
Seq_Frame0002_Timestamp = 0.216
Seq_Frame0003_DriverToReference-SequenceTransform =-0.543712 -0.836832 0.0639513 -27.2026 -0.409357 0.330946 0.850236 100.126 -0.732669 0.436105 -0.522502 149.36 0 0 0 1 
Seq_Frame0003_DriverToReference-SequenceTransformStatus = OK
Seq_Frame0003_Timestamp = 0.326
Seq_Frame0004_DriverToReference-SequenceTransform =-0.543712 -0.836832 0.0639513 -27.2026 -0.409357 0.330946 0.850236 100.126 -0.732669 0.436105 -0.522502 149.36 0 0 0 1 
Seq_Frame0004_DriverToReference-SequenceTransformStatus = OK
Seq_Frame0004_Timestamp = 0.431
Seq_Frame0005_DriverToReference-SequenceTransform =-0.543712 -0.836832 0.0639513 -27.2026 -0.409357 0.330946 0.850236 100.126 -0.732669 0.436105 -0.522502 149.36 0 0 0 1 
Seq_Frame0005_DriverToReference-SequenceTransformStatus = OK
Seq_Frame0005_Timestamp = 0.533
Seq_Frame0006_DriverToReference-SequenceTransform =-0.543712 -0.836832 0.0639513 -27.2026 -0.409357 0.330946 0.850236 100.126 -0.732669 0.436105 -0.522502 149.36 0 0 0 1 
Seq_Frame0006_DriverToReference-SequenceTransformStatus = OK
Seq_Frame0006_Timestamp = 0.65
Seq_Frame0007_DriverToReference-SequenceTransform =-0.543712 -0.836832 0.0639513 -27.2026 -0.409357 0.330946 0.850236 100.126 -0.732669 0.436105 -0.522502 149.36 0 0 0 1 
Seq_Frame0007_DriverToReference-SequenceTransformStatus = OK
Seq_Frame0007_Timestamp = 0.751
Seq_Frame0008_DriverToReference-SequenceTransform =-0.543712 -0.836832 0.0639513 -27.2026 -0.409357 0.330946 0.850236 100.126 -0.732669 0.436105 -0.522502 149.36 0 0 0 1 
Seq_Frame0008_DriverToReference-SequenceTransformStatus = OK
Seq_Frame0008_Timestamp = 0.851
Seq_Frame0009_DriverToReference-SequenceTransform =-0.57046 -0.817623 0.0778948 -27.2698 -0.615038 0.488112 0.619254 102.263 -0.544338 0.305352 -0.781318 147.231 0 0 0 1 
Seq_Frame0009_DriverToReference-SequenceTransformStatus = OK
Seq_Frame0009_Timestamp = 0.966
Seq_Frame0010_DriverToReference-SequenceTransform =-0.57046 -0.817623 0.0778948 -27.2698 -0.615038 0.488112 0.619254 102.263 -0.544338 0.305352 -0.781318 147.231 0 0 0 1 
Seq_Frame0010_DriverToReference-SequenceTransformStatus = OK
Seq_Frame0010_Timestamp = 1.067
Seq_Frame0011_DriverToReference-SequenceTransform =-0.57046 -0.817623 0.0778948 -27.2698 -0.615038 0.488112 0.619254 102.263 -0.544338 0.305352 -0.781318 147.231 0 0 0 1 
Seq_Frame0011_DriverToReference-SequenceTransformStatus = OK
Seq_Frame0011_Timestamp = 1.176
Seq_Frame0012_DriverToReference-SequenceTransform =-0.57046 -0.817623 0.0778948 -27.2698 -0.615038 0.488112 0.619254 102.263 -0.544338 0.305352 -0.781318 147.231 0 0 0 1 
Seq_Frame0012_DriverToReference-SequenceTransformStatus = OK
Seq_Frame0012_Timestamp = 1.286
Seq_Frame0013_DriverToReference-SequenceTransform =-0.57046 -0.817623 0.0778948 -27.2698 -0.615038 0.488112 0.619254 102.263 -0.544338 0.305352 -0.781318 147.231 0 0 0 1 
Seq_Frame0013_DriverToReference-SequenceTransformStatus = OK
Seq_Frame0013_Timestamp = 1.396
Seq_Frame0014_DriverToReference-SequenceTransform =-0.57046 -0.817623 0.0778948 -27.2698 -0.615038 0.488112 0.619254 102.263 -0.544338 0.305352 -0.781318 147.231 0 0 0 1 
Seq_Frame0014_DriverToReference-SequenceTransformStatus = OK
Seq_Frame0014_Timestamp = 1.501
Seq_Frame0015_DriverToReference-SequenceTransform =-0.57046 -0.817623 0.0778948 -27.2698 -0.615038 0.488112 0.619254 102.263 -0.544338 0.305352 -0.781318 147.231 0 0 0 1 
Seq_Frame0015_DriverToReference-SequenceTransformStatus = OK
Seq_Frame0015_Timestamp = 1.606
Seq_Frame0016_DriverToReference-SequenceTransform =-0.57046 -0.817623 0.0778948 -27.2698 -0.615038 0.488112 0.619254 102.263 -0.544338 0.305352 -0.781318 147.231 0 0 0 1 
Seq_Frame0016_DriverToReference-SequenceTransformStatus = OK
Seq_Frame0016_Timestamp = 1.711
Seq_Frame0017_DriverToReference-SequenceTransform =-0.57046 -0.817623 0.0778948 -27.2698 -0.615038 0.488112 0.619254 102.263 -0.544338 0.305352 -0.781318 147.231 0 0 0 1 
Seq_Frame0017_DriverToReference-SequenceTransformStatus = OK
Seq_Frame0017_Timestamp = 1.821
Seq_Frame0018_DriverToReference-SequenceTransform =-0.57046 -0.817623 0.0778948 -27.2698 -0.615038 0.488112 0.619254 102.263 -0.544338 0.305352 -0.781318 147.231 0 0 0 1 
Seq_Frame0018_DriverToReference-SequenceTransformStatus = OK
Seq_Frame0018_Timestamp = 1.926
Seq_Frame0019_DriverToReference-SequenceTransform =-0.57046 -0.817623 0.0778948 -27.2698 -0.615038 0.488112 0.619254 102.263 -0.544338 0.305352 -0.781318 147.231 0 0 0 1 
Seq_Frame0019_DriverToReference-SequenceTransformStatus = OK
Seq_Frame0019_Timestamp = 2.042
Seq_Frame0020_DriverToReference-SequenceTransform =-0.57046 -0.817623 0.0778948 -27.2698 -0.615038 0.488112 0.619254 102.263 -0.544338 0.305352 -0.781318 147.231 0 0 0 1 
Seq_Frame0020_DriverToReference-SequenceTransformStatus = OK
Seq_Frame0020_Timestamp = 2.157
Seq_Frame0021_DriverToReference-SequenceTransform =-0.57046 -0.817623 0.0778948 -27.2698 -0.615038 0.488112 0.619254 102.263 -0.544338 0.305352 -0.781318 147.231 0 0 0 1 
Seq_Frame0021_DriverToReference-SequenceTransformStatus = OK
Seq_Frame0021_Timestamp = 2.262
Seq_Frame0022_DriverToReference-SequenceTransform =-0.57046 -0.817623 0.0778948 -27.2698 -0.615038 0.488112 0.619254 102.263 -0.544338 0.305352 -0.781318 147.231 0 0 0 1 
Seq_Frame0022_DriverToReference-SequenceTransformStatus = OK
Seq_Frame0022_Timestamp = 2.368
Seq_Frame0023_DriverToReference-SequenceTransform =-0.57046 -0.817623 0.0778948 -27.2698 -0.615038 0.488112 0.619254 102.263 -0.544338 0.305352 -0.781318 147.231 0 0 0 1 
Seq_Frame0023_DriverToReference-SequenceTransformStatus = OK
Seq_Frame0023_Timestamp = 2.477
Seq_Frame0024_DriverToReference-SequenceTransform =-0.57046 -0.817623 0.0778948 -27.2698 -0.615038 0.488112 0.619254 102.263 -0.544338 0.305352 -0.781318 147.231 0 0 0 1 
Seq_Frame0024_DriverToReference-SequenceTransformStatus = OK
Seq_Frame0024_Timestamp = 2.592
Seq_Frame0025_DriverToReference-SequenceTransform =-0.57046 -0.817623 0.0778948 -27.2698 -0.615038 0.488112 0.619254 102.263 -0.544338 0.305352 -0.781318 147.231 0 0 0 1 
Seq_Frame0025_DriverToReference-SequenceTransformStatus = OK
Seq_Frame0025_Timestamp = 2.7
Seq_Frame0026_DriverToReference-SequenceTransform =-0.57046 -0.817623 0.0778948 -27.2698 -0.615038 0.488112 0.619254 102.263 -0.544338 0.305352 -0.781318 147.231 0 0 0 1 
Seq_Frame0026_DriverToReference-SequenceTransformStatus = OK
Seq_Frame0026_Timestamp = 2.806
Seq_Frame0027_DriverToReference-SequenceTransform =-0.57046 -0.817623 0.0778948 -27.2698 -0.615038 0.488112 0.619254 102.263 -0.544338 0.305352 -0.781318 147.231 0 0 0 1 
Seq_Frame0027_DriverToReference-SequenceTransformStatus = OK
Seq_Frame0027_Timestamp = 3.256
Seq_Frame0028_DriverToReference-SequenceTransform =-0.57046 -0.817623 0.0778948 -27.2698 -0.615038 0.488112 0.619254 102.263 -0.544338 0.305352 -0.781318 147.231 0 0 0 1 
Seq_Frame0028_DriverToReference-SequenceTransformStatus = OK
Seq_Frame0028_Timestamp = 3.366
Seq_Frame0029_DriverToReference-SequenceTransform =-0.57046 -0.817623 0.0778948 -27.2698 -0.615038 0.488112 0.619254 102.263 -0.544338 0.305352 -0.781318 147.231 0 0 0 1 
Seq_Frame0029_DriverToReference-SequenceTransformStatus = OK
Seq_Frame0029_Timestamp = 3.471
Seq_Frame0030_DriverToReference-SequenceTransform =-0.57046 -0.817623 0.0778948 -27.2698 -0.615038 0.488112 0.619254 102.263 -0.544338 0.305352 -0.781318 147.231 0 0 0 1 
Seq_Frame0030_DriverToReference-SequenceTransformStatus = OK
Seq_Frame0030_Timestamp = 3.577
Seq_Frame0031_DriverToReference-SequenceTransform =-0.57046 -0.817623 0.0778948 -27.2698 -0.615038 0.488112 0.619254 102.263 -0.544338 0.305352 -0.781318 147.231 0 0 0 1 
Seq_Frame0031_DriverToReference-SequenceTransformStatus = OK
Seq_Frame0031_Timestamp = 3.681
Seq_Frame0032_DriverToReference-SequenceTransform =-0.57046 -0.817623 0.0778948 -27.2698 -0.615038 0.488112 0.619254 102.263 -0.544338 0.305352 -0.781318 147.231 0 0 0 1 
Seq_Frame0032_DriverToReference-SequenceTransformStatus = OK
Seq_Frame0032_Timestamp = 3.791
Seq_Frame0033_DriverToReference-SequenceTransform =-0.57046 -0.817623 0.0778948 -27.2698 -0.615038 0.488112 0.619254 102.263 -0.544338 0.305352 -0.781318 147.231 0 0 0 1 
Seq_Frame0033_DriverToReference-SequenceTransformStatus = OK
Seq_Frame0033_Timestamp = 3.896
Seq_Frame0034_DriverToReference-SequenceTransform =-0.57046 -0.817623 0.0778948 -27.2698 -0.615038 0.488112 0.619254 102.263 -0.544338 0.305352 -0.781318 147.231 0 0 0 1 
Seq_Frame0034_DriverToReference-SequenceTransformStatus = OK
Seq_Frame0034_Timestamp = 4.017
Seq_Frame0035_DriverToReference-SequenceTransform =-0.57046 -0.817623 0.0778948 -27.2698 -0.615038 0.488112 0.619254 102.263 -0.544338 0.305352 -0.781318 147.231 0 0 0 1 
Seq_Frame0035_DriverToReference-SequenceTransformStatus = OK
Seq_Frame0035_Timestamp = 4.125
Seq_Frame0036_DriverToReference-SequenceTransform =-0.57046 -0.817623 0.0778948 -27.2698 -0.615038 0.488112 0.619254 102.263 -0.544338 0.305352 -0.781318 147.231 0 0 0 1 
Seq_Frame0036_DriverToReference-SequenceTransformStatus = OK
Seq_Frame0036_Timestamp = 4.227
Seq_Frame0037_DriverToReference-SequenceTransform =-0.57046 -0.817623 0.0778948 -27.2698 -0.615038 0.488112 0.619254 102.263 -0.544338 0.305352 -0.781318 147.231 0 0 0 1 
Seq_Frame0037_DriverToReference-SequenceTransformStatus = OK
Seq_Frame0037_Timestamp = 4.341
Seq_Frame0038_DriverToReference-SequenceTransform =-0.57046 -0.817623 0.0778948 -27.2698 -0.615038 0.488112 0.619254 102.263 -0.544338 0.305352 -0.781318 147.231 0 0 0 1 
Seq_Frame0038_DriverToReference-SequenceTransformStatus = OK
Seq_Frame0038_Timestamp = 4.451
Seq_Frame0039_DriverToReference-SequenceTransform =-0.57046 -0.817623 0.0778948 -27.2698 -0.615038 0.488112 0.619254 102.263 -0.544338 0.305352 -0.781318 147.231 0 0 0 1 
Seq_Frame0039_DriverToReference-SequenceTransformStatus = OK
Seq_Frame0039_Timestamp = 4.557
Seq_Frame0040_DriverToReference-SequenceTransform =-0.57046 -0.817623 0.0778948 -27.2698 -0.615038 0.488112 0.619254 102.263 -0.544338 0.305352 -0.781318 147.231 0 0 0 1 
Seq_Frame0040_DriverToReference-SequenceTransformStatus = OK
Seq_Frame0040_Timestamp = 4.666
Seq_Frame0041_DriverToReference-SequenceTransform =-0.57046 -0.817623 0.0778948 -27.2698 -0.615038 0.488112 0.619254 102.263 -0.544338 0.305352 -0.781318 147.231 0 0 0 1 
Seq_Frame0041_DriverToReference-SequenceTransformStatus = OK
Seq_Frame0041_Timestamp = 4.767
Seq_Frame0042_DriverToReference-SequenceTransform =-0.57046 -0.817623 0.0778948 -27.2698 -0.615038 0.488112 0.619254 102.263 -0.544338 0.305352 -0.781318 147.231 0 0 0 1 
Seq_Frame0042_DriverToReference-SequenceTransformStatus = OK
Seq_Frame0042_Timestamp = 4.875
Seq_Frame0043_DriverToReference-SequenceTransform =-0.57046 -0.817623 0.0778948 -27.2698 -0.615038 0.488112 0.619254 102.263 -0.544338 0.305352 -0.781318 147.231 0 0 0 1 
Seq_Frame0043_DriverToReference-SequenceTransformStatus = OK
Seq_Frame0043_Timestamp = 4.981
Seq_Frame0044_DriverToReference-SequenceTransform =-0.57046 -0.817623 0.0778948 -27.2698 -0.615038 0.488112 0.619254 102.263 -0.544338 0.305352 -0.781318 147.231 0 0 0 1 
Seq_Frame0044_DriverToReference-SequenceTransformStatus = OK
Seq_Frame0044_Timestamp = 5.093
Seq_Frame0045_DriverToReference-SequenceTransform =-0.57046 -0.817623 0.0778948 -27.2698 -0.615038 0.488112 0.619254 102.263 -0.544338 0.305352 -0.781318 147.231 0 0 0 1 
Seq_Frame0045_DriverToReference-SequenceTransformStatus = OK
Seq_Frame0045_Timestamp = 5.196
Seq_Frame0046_DriverToReference-SequenceTransform =-0.57046 -0.817623 0.0778948 -27.2698 -0.615038 0.488112 0.619254 102.263 -0.544338 0.305352 -0.781318 147.231 0 0 0 1 
Seq_Frame0046_DriverToReference-SequenceTransformStatus = OK
Seq_Frame0046_Timestamp = 5.302
Seq_Frame0047_DriverToReference-SequenceTransform =-0.57046 -0.817623 0.0778948 -27.2698 -0.615038 0.488112 0.619254 102.263 -0.544338 0.305352 -0.781318 147.231 0 0 0 1 
Seq_Frame0047_DriverToReference-SequenceTransformStatus = OK
Seq_Frame0047_Timestamp = 5.666
Seq_Frame0048_DriverToReference-SequenceTransform =-0.57046 -0.817623 0.0778948 -27.2698 -0.615038 0.488112 0.619254 102.263 -0.544338 0.305352 -0.781318 147.231 0 0 0 1 
Seq_Frame0048_DriverToReference-SequenceTransformStatus = OK
Seq_Frame0048_Timestamp = 5.831
Seq_Frame0049_DriverToReference-SequenceTransform =-0.57046 -0.817623 0.0778948 -27.2698 -0.615038 0.488112 0.619254 102.263 -0.544338 0.305352 -0.781318 147.231 0 0 0 1 
Seq_Frame0049_DriverToReference-SequenceTransformStatus = OK
Seq_Frame0049_Timestamp = 5.936
Seq_Frame0050_DriverToReference-SequenceTransform =-0.57046 -0.817623 0.0778948 -27.2698 -0.615038 0.488112 0.619254 102.263 -0.544338 0.305352 -0.781318 147.231 0 0 0 1 
Seq_Frame0050_DriverToReference-SequenceTransformStatus = OK
Seq_Frame0050_Timestamp = 6.046
Seq_Frame0051_DriverToReference-SequenceTransform =-0.57046 -0.817623 0.0778948 -27.2698 -0.615038 0.488112 0.619254 102.263 -0.544338 0.305352 -0.781318 147.231 0 0 0 1 
Seq_Frame0051_DriverToReference-SequenceTransformStatus = OK
Seq_Frame0051_Timestamp = 6.15
Seq_Frame0052_DriverToReference-SequenceTransform =-0.57046 -0.817623 0.0778948 -27.2698 -0.615038 0.488112 0.619254 102.263 -0.544338 0.305352 -0.781318 147.231 0 0 0 1 
Seq_Frame0052_DriverToReference-SequenceTransformStatus = OK
Seq_Frame0052_Timestamp = 6.258
Seq_Frame0053_DriverToReference-SequenceTransform =-0.57046 -0.817623 0.0778948 -27.2698 -0.615038 0.488112 0.619254 102.263 -0.544338 0.305352 -0.781318 147.231 0 0 0 1 
Seq_Frame0053_DriverToReference-SequenceTransformStatus = OK
Seq_Frame0053_Timestamp = 6.366
Seq_Frame0054_DriverToReference-SequenceTransform =-0.57046 -0.817623 0.0778948 -27.2698 -0.615038 0.488112 0.619254 102.263 -0.544338 0.305352 -0.781318 147.231 0 0 0 1 
Seq_Frame0054_DriverToReference-SequenceTransformStatus = OK
Seq_Frame0054_Timestamp = 6.477
Seq_Frame0055_DriverToReference-SequenceTransform =-0.57046 -0.817623 0.0778948 -27.2698 -0.615038 0.488112 0.619254 102.263 -0.544338 0.305352 -0.781318 147.231 0 0 0 1 
Seq_Frame0055_DriverToReference-SequenceTransformStatus = OK
Seq_Frame0055_Timestamp = 6.581
Seq_Frame0056_DriverToReference-SequenceTransform =-0.57046 -0.817623 0.0778948 -27.2698 -0.615038 0.488112 0.619254 102.263 -0.544338 0.305352 -0.781318 147.231 0 0 0 1 
Seq_Frame0056_DriverToReference-SequenceTransformStatus = OK
Seq_Frame0056_Timestamp = 6.684
Seq_Frame0057_DriverToReference-SequenceTransform =-0.57046 -0.817623 0.0778948 -27.2698 -0.615038 0.488112 0.619254 102.263 -0.544338 0.305352 -0.781318 147.231 0 0 0 1 
Seq_Frame0057_DriverToReference-SequenceTransformStatus = OK
Seq_Frame0057_Timestamp = 6.786
Seq_Frame0058_DriverToReference-SequenceTransform =-0.57046 -0.817623 0.0778948 -27.2698 -0.615038 0.488112 0.619254 102.263 -0.544338 0.305352 -0.781318 147.231 0 0 0 1 
Seq_Frame0058_DriverToReference-SequenceTransformStatus = OK
Seq_Frame0058_Timestamp = 6.896
Seq_Frame0059_DriverToReference-SequenceTransform =-0.57046 -0.817623 0.0778948 -27.2698 -0.615038 0.488112 0.619254 102.263 -0.544338 0.305352 -0.781318 147.231 0 0 0 1 
Seq_Frame0059_DriverToReference-SequenceTransformStatus = OK
Seq_Frame0059_Timestamp = 7.001
Seq_Frame0060_DriverToReference-SequenceTransform =-0.57046 -0.817623 0.0778948 -27.2698 -0.615038 0.488112 0.619254 102.263 -0.544338 0.305352 -0.781318 147.231 0 0 0 1 
Seq_Frame0060_DriverToReference-SequenceTransformStatus = OK
Seq_Frame0060_Timestamp = 7.507
Seq_Frame0061_DriverToReference-SequenceTransform =-0.57046 -0.817623 0.0778948 -27.2698 -0.615038 0.488112 0.619254 102.263 -0.544338 0.305352 -0.781318 147.231 0 0 0 1 
Seq_Frame0061_DriverToReference-SequenceTransformStatus = OK
Seq_Frame0061_Timestamp = 7.746
Seq_Frame0062_DriverToReference-SequenceTransform =-0.605105 -0.795517 0.0316482 -26.631 -0.288713 0.256307 0.92247 87.9723 -0.741952 0.549054 -0.384769 161.143 0 0 0 1 
Seq_Frame0062_DriverToReference-SequenceTransformStatus = OK
Seq_Frame0062_Timestamp = 7.851
Seq_Frame0063_DriverToReference-SequenceTransform =-0.608981 -0.792286 0.037742 -27.8194 -0.314969 0.285219 0.905232 97.4973 -0.727968 0.539382 -0.423238 155.155 0 0 0 1 
Seq_Frame0063_DriverToReference-SequenceTransformStatus = OK
Seq_Frame0063_Timestamp = 7.961
Seq_Frame0064_DriverToReference-SequenceTransform =-0.608981 -0.792286 0.037742 -27.8194 -0.314969 0.285219 0.905232 97.4973 -0.727968 0.539382 -0.423238 155.155 0 0 0 1 
Seq_Frame0064_DriverToReference-SequenceTransformStatus = OK
Seq_Frame0064_Timestamp = 8.067
Seq_Frame0065_DriverToReference-SequenceTransform =-0.608981 -0.792286 0.037742 -27.8194 -0.314969 0.285219 0.905232 97.4973 -0.727968 0.539382 -0.423238 155.155 0 0 0 1 
Seq_Frame0065_DriverToReference-SequenceTransformStatus = OK
Seq_Frame0065_Timestamp = 8.171
Seq_Frame0066_DriverToReference-SequenceTransform =-0.608981 -0.792286 0.037742 -27.8194 -0.314969 0.285219 0.905232 97.4973 -0.727968 0.539382 -0.423238 155.155 0 0 0 1 
Seq_Frame0066_DriverToReference-SequenceTransformStatus = OK
Seq_Frame0066_Timestamp = 8.276
Seq_Frame0067_DriverToReference-SequenceTransform =-0.608981 -0.792286 0.037742 -27.8194 -0.314969 0.285219 0.905232 97.4973 -0.727968 0.539382 -0.423238 155.155 0 0 0 1 
Seq_Frame0067_DriverToReference-SequenceTransformStatus = OK
Seq_Frame0067_Timestamp = 8.382
Seq_Frame0068_DriverToReference-SequenceTransform =-0.608981 -0.792286 0.037742 -27.8194 -0.314969 0.285219 0.905232 97.4973 -0.727968 0.539382 -0.423238 155.155 0 0 0 1 
Seq_Frame0068_DriverToReference-SequenceTransformStatus = OK
Seq_Frame0068_Timestamp = 9.901
Seq_Frame0069_DriverToReference-SequenceTransform =-0.608981 -0.792286 0.037742 -27.8194 -0.314969 0.285219 0.905232 97.4973 -0.727968 0.539382 -0.423238 155.155 0 0 0 1 
Seq_Frame0069_DriverToReference-SequenceTransformStatus = OK
Seq_Frame0069_Timestamp = 10.008
Seq_Frame0070_DriverToReference-SequenceTransform =-0.608981 -0.792286 0.037742 -27.8194 -0.314969 0.285219 0.905232 97.4973 -0.727968 0.539382 -0.423238 155.155 0 0 0 1 
Seq_Frame0070_DriverToReference-SequenceTransformStatus = OK
Seq_Frame0070_Timestamp = 10.118
Seq_Frame0071_DriverToReference-SequenceTransform =-0.608981 -0.792286 0.037742 -27.8194 -0.314969 0.285219 0.905232 97.4973 -0.727968 0.539382 -0.423238 155.155 0 0 0 1 
Seq_Frame0071_DriverToReference-SequenceTransformStatus = OK
Seq_Frame0071_Timestamp = 10.226
Seq_Frame0072_DriverToReference-SequenceTransform =-0.608981 -0.792286 0.037742 -27.8194 -0.314969 0.285219 0.905232 97.4973 -0.727968 0.539382 -0.423238 155.155 0 0 0 1 
Seq_Frame0072_DriverToReference-SequenceTransformStatus = OK
Seq_Frame0072_Timestamp = 10.331
Seq_Frame0073_DriverToReference-SequenceTransform =-0.608981 -0.792286 0.037742 -27.8194 -0.314969 0.285219 0.905232 97.4973 -0.727968 0.539382 -0.423238 155.155 0 0 0 1 
Seq_Frame0073_DriverToReference-SequenceTransformStatus = OK
Seq_Frame0073_Timestamp = 10.444
Seq_Frame0074_DriverToReference-SequenceTransform =-0.608981 -0.792286 0.037742 -27.8194 -0.314969 0.285219 0.905232 97.4973 -0.727968 0.539382 -0.423238 155.155 0 0 0 1 
Seq_Frame0074_DriverToReference-SequenceTransformStatus = OK
Seq_Frame0074_Timestamp = 10.562
Seq_Frame0075_DriverToReference-SequenceTransform =-0.608981 -0.792286 0.037742 -27.8194 -0.314969 0.285219 0.905232 97.4973 -0.727968 0.539382 -0.423238 155.155 0 0 0 1 
Seq_Frame0075_DriverToReference-SequenceTransformStatus = OK
Seq_Frame0075_Timestamp = 10.666
Seq_Frame0076_DriverToReference-SequenceTransform =-0.555688 -0.829803 0.0513675 -27.0076 -0.46319 0.360305 0.809714 100.3 -0.69041 0.426155 -0.584573 148.737 0 0 0 1 
Seq_Frame0076_DriverToReference-SequenceTransformStatus = OK
Seq_Frame0076_Timestamp = 10.776
Seq_Frame0077_DriverToReference-SequenceTransform =-0.563452 -0.825476 0.0333296 -26.8953 -0.41564 0.318111 0.852085 100.072 -0.713978 0.466256 -0.522341 150.363 0 0 0 1 
Seq_Frame0077_DriverToReference-SequenceTransformStatus = OK
Seq_Frame0077_Timestamp = 10.881
Seq_Frame0078_DriverToReference-SequenceTransform =-0.550043 -0.83288 0.0613422 -26.6854 -0.38131 0.315812 0.86883 100.403 -0.743004 0.454504 -0.491296 149.649 0 0 0 1 
Seq_Frame0078_DriverToReference-SequenceTransformStatus = OK
Seq_Frame0078_Timestamp = 10.991
Seq_Frame0079_DriverToReference-SequenceTransform =-0.550043 -0.83288 0.0613422 -26.6854 -0.38131 0.315812 0.86883 100.403 -0.743004 0.454504 -0.491296 149.649 0 0 0 1 
Seq_Frame0079_DriverToReference-SequenceTransformStatus = OK
Seq_Frame0079_Timestamp = 11.092
Seq_Frame0080_DriverToReference-SequenceTransform =-0.550043 -0.83288 0.0613422 -26.6854 -0.38131 0.315812 0.86883 100.403 -0.743004 0.454504 -0.491296 149.649 0 0 0 1 
Seq_Frame0080_DriverToReference-SequenceTransformStatus = OK
Seq_Frame0080_Timestamp = 11.206
Seq_Frame0081_DriverToReference-SequenceTransform =-0.550043 -0.83288 0.0613422 -26.6854 -0.38131 0.315812 0.86883 100.403 -0.743004 0.454504 -0.491296 149.649 0 0 0 1 
Seq_Frame0081_DriverToReference-SequenceTransformStatus = OK
Seq_Frame0081_Timestamp = 11.351
Seq_Frame0082_DriverToReference-SequenceTransform =-0.550043 -0.83288 0.0613422 -26.6854 -0.38131 0.315812 0.86883 100.403 -0.743004 0.454504 -0.491296 149.649 0 0 0 1 
Seq_Frame0082_DriverToReference-SequenceTransformStatus = OK
Seq_Frame0082_Timestamp = 11.947
Seq_Frame0083_DriverToReference-SequenceTransform =-0.550043 -0.83288 0.0613422 -26.6854 -0.38131 0.315812 0.86883 100.403 -0.743004 0.454504 -0.491296 149.649 0 0 0 1 
Seq_Frame0083_DriverToReference-SequenceTransformStatus = OK
Seq_Frame0083_Timestamp = 12.651
Seq_Frame0084_DriverToReference-SequenceTransform =-0.550043 -0.83288 0.0613422 -26.6854 -0.38131 0.315812 0.86883 100.403 -0.743004 0.454504 -0.491296 149.649 0 0 0 1 
Seq_Frame0084_DriverToReference-SequenceTransformStatus = OK
Seq_Frame0084_Timestamp = 12.761
Seq_Frame0085_DriverToReference-SequenceTransform =-0.550043 -0.83288 0.0613422 -26.6854 -0.38131 0.315812 0.86883 100.403 -0.743004 0.454504 -0.491296 149.649 0 0 0 1 
Seq_Frame0085_DriverToReference-SequenceTransformStatus = OK
Seq_Frame0085_Timestamp = 12.867
Seq_Frame0086_DriverToReference-SequenceTransform =-0.550043 -0.83288 0.0613422 -26.6854 -0.38131 0.315812 0.86883 100.403 -0.743004 0.454504 -0.491296 149.649 0 0 0 1 
Seq_Frame0086_DriverToReference-SequenceTransformStatus = OK
Seq_Frame0086_Timestamp = 12.971
Seq_Frame0087_DriverToReference-SequenceTransform =-0.550043 -0.83288 0.0613422 -26.6854 -0.38131 0.315812 0.86883 100.403 -0.743004 0.454504 -0.491296 149.649 0 0 0 1 
Seq_Frame0087_DriverToReference-SequenceTransformStatus = OK
Seq_Frame0087_Timestamp = 13.072
Seq_Frame0088_DriverToReference-SequenceTransform =-0.550043 -0.83288 0.0613422 -26.6854 -0.38131 0.315812 0.86883 100.403 -0.743004 0.454504 -0.491296 149.649 0 0 0 1 
Seq_Frame0088_DriverToReference-SequenceTransformStatus = OK
Seq_Frame0088_Timestamp = 13.178
Seq_Frame0089_DriverToReference-SequenceTransform =-0.550043 -0.83288 0.0613422 -26.6854 -0.38131 0.315812 0.86883 100.403 -0.743004 0.454504 -0.491296 149.649 0 0 0 1 
Seq_Frame0089_DriverToReference-SequenceTransformStatus = OK
Seq_Frame0089_Timestamp = 13.281
Seq_Frame0090_DriverToReference-SequenceTransform =-0.550043 -0.83288 0.0613422 -26.6854 -0.38131 0.315812 0.86883 100.403 -0.743004 0.454504 -0.491296 149.649 0 0 0 1 
Seq_Frame0090_DriverToReference-SequenceTransformStatus = OK
Seq_Frame0090_Timestamp = 13.387
Seq_Frame0091_DriverToReference-SequenceTransform =-0.550043 -0.83288 0.0613422 -26.6854 -0.38131 0.315812 0.86883 100.403 -0.743004 0.454504 -0.491296 149.649 0 0 0 1 
Seq_Frame0091_DriverToReference-SequenceTransformStatus = OK
Seq_Frame0091_Timestamp = 13.496
Seq_Frame0092_DriverToReference-SequenceTransform =-0.550043 -0.83288 0.0613422 -26.6854 -0.38131 0.315812 0.86883 100.403 -0.743004 0.454504 -0.491296 149.649 0 0 0 1 
Seq_Frame0092_DriverToReference-SequenceTransformStatus = OK
Seq_Frame0092_Timestamp = 13.601
Seq_Frame0093_DriverToReference-SequenceTransform =-0.550043 -0.83288 0.0613422 -26.6854 -0.38131 0.315812 0.86883 100.403 -0.743004 0.454504 -0.491296 149.649 0 0 0 1 
Seq_Frame0093_DriverToReference-SequenceTransformStatus = OK
Seq_Frame0093_Timestamp = 13.707
Seq_Frame0094_DriverToReference-SequenceTransform =-0.550043 -0.83288 0.0613422 -26.6854 -0.38131 0.315812 0.86883 100.403 -0.743004 0.454504 -0.491296 149.649 0 0 0 1 
Seq_Frame0094_DriverToReference-SequenceTransformStatus = OK
Seq_Frame0094_Timestamp = 13.812
Seq_Frame0095_DriverToReference-SequenceTransform =-0.550043 -0.83288 0.0613422 -26.6854 -0.38131 0.315812 0.86883 100.403 -0.743004 0.454504 -0.491296 149.649 0 0 0 1 
Seq_Frame0095_DriverToReference-SequenceTransformStatus = OK
Seq_Frame0095_Timestamp = 13.921
Seq_Frame0096_DriverToReference-SequenceTransform =-0.550043 -0.83288 0.0613422 -26.6854 -0.38131 0.315812 0.86883 100.403 -0.743004 0.454504 -0.491296 149.649 0 0 0 1 
Seq_Frame0096_DriverToReference-SequenceTransformStatus = OK
Seq_Frame0096_Timestamp = 14.025
Seq_Frame0097_DriverToReference-SequenceTransform =-0.550043 -0.83288 0.0613422 -26.6854 -0.38131 0.315812 0.86883 100.403 -0.743004 0.454504 -0.491296 149.649 0 0 0 1 
Seq_Frame0097_DriverToReference-SequenceTransformStatus = OK
Seq_Frame0097_Timestamp = 14.134
Seq_Frame0098_DriverToReference-SequenceTransform =-0.550043 -0.83288 0.0613422 -26.6854 -0.38131 0.315812 0.86883 100.403 -0.743004 0.454504 -0.491296 149.649 0 0 0 1 
Seq_Frame0098_DriverToReference-SequenceTransformStatus = OK
Seq_Frame0098_Timestamp = 14.242
Seq_Frame0099_DriverToReference-SequenceTransform =-0.550043 -0.83288 0.0613422 -26.6854 -0.38131 0.315812 0.86883 100.403 -0.743004 0.454504 -0.491296 149.649 0 0 0 1 
Seq_Frame0099_DriverToReference-SequenceTransformStatus = OK
Seq_Frame0099_Timestamp = 14.346
Seq_Frame0100_DriverToReference-SequenceTransform =-0.550043 -0.83288 0.0613422 -26.6854 -0.38131 0.315812 0.86883 100.403 -0.743004 0.454504 -0.491296 149.649 0 0 0 1 
Seq_Frame0100_DriverToReference-SequenceTransformStatus = OK
Seq_Frame0100_Timestamp = 14.456
Seq_Frame0101_DriverToReference-SequenceTransform =-0.550043 -0.83288 0.0613422 -26.6854 -0.38131 0.315812 0.86883 100.403 -0.743004 0.454504 -0.491296 149.649 0 0 0 1 
Seq_Frame0101_DriverToReference-SequenceTransformStatus = OK
Seq_Frame0101_Timestamp = 16.311
Seq_Frame0102_DriverToReference-SequenceTransform =-0.550043 -0.83288 0.0613422 -26.6854 -0.38131 0.315812 0.86883 100.403 -0.743004 0.454504 -0.491296 149.649 0 0 0 1 
Seq_Frame0102_DriverToReference-SequenceTransformStatus = OK
Seq_Frame0102_Timestamp = 16.801
Seq_Frame0103_DriverToReference-SequenceTransform =-0.550043 -0.83288 0.0613422 -26.6854 -0.38131 0.315812 0.86883 100.403 -0.743004 0.454504 -0.491296 149.649 0 0 0 1 
Seq_Frame0103_DriverToReference-SequenceTransformStatus = OK
Seq_Frame0103_Timestamp = 16.906
Seq_Frame0104_DriverToReference-SequenceTransform =-0.550043 -0.83288 0.0613422 -26.6854 -0.38131 0.315812 0.86883 100.403 -0.743004 0.454504 -0.491296 149.649 0 0 0 1 
Seq_Frame0104_DriverToReference-SequenceTransformStatus = OK
Seq_Frame0104_Timestamp = 17.012
Seq_Frame0105_DriverToReference-SequenceTransform =-0.550043 -0.83288 0.0613422 -26.6854 -0.38131 0.315812 0.86883 100.403 -0.743004 0.454504 -0.491296 149.649 0 0 0 1 
Seq_Frame0105_DriverToReference-SequenceTransformStatus = OK
Seq_Frame0105_Timestamp = 17.118
Seq_Frame0106_DriverToReference-SequenceTransform =-0.550043 -0.83288 0.0613422 -26.6854 -0.38131 0.315812 0.86883 100.403 -0.743004 0.454504 -0.491296 149.649 0 0 0 1 
Seq_Frame0106_DriverToReference-SequenceTransformStatus = OK
Seq_Frame0106_Timestamp = 17.228
Seq_Frame0107_DriverToReference-SequenceTransform =-0.550043 -0.83288 0.0613422 -26.6854 -0.38131 0.315812 0.86883 100.403 -0.743004 0.454504 -0.491296 149.649 0 0 0 1 
Seq_Frame0107_DriverToReference-SequenceTransformStatus = OK
Seq_Frame0107_Timestamp = 17.342
Seq_Frame0108_DriverToReference-SequenceTransform =-0.550043 -0.83288 0.0613422 -26.6854 -0.38131 0.315812 0.86883 100.403 -0.743004 0.454504 -0.491296 149.649 0 0 0 1 
Seq_Frame0108_DriverToReference-SequenceTransformStatus = OK
Seq_Frame0108_Timestamp = 17.443
Seq_Frame0109_DriverToReference-SequenceTransform =-0.550043 -0.83288 0.0613422 -26.6854 -0.38131 0.315812 0.86883 100.403 -0.743004 0.454504 -0.491296 149.649 0 0 0 1 
Seq_Frame0109_DriverToReference-SequenceTransformStatus = OK
Seq_Frame0109_Timestamp = 17.552
Seq_Frame0110_DriverToReference-SequenceTransform =-0.550043 -0.83288 0.0613422 -26.6854 -0.38131 0.315812 0.86883 100.403 -0.743004 0.454504 -0.491296 149.649 0 0 0 1 
Seq_Frame0110_DriverToReference-SequenceTransformStatus = OK
Seq_Frame0110_Timestamp = 17.656
Seq_Frame0111_DriverToReference-SequenceTransform =-0.550043 -0.83288 0.0613422 -26.6854 -0.38131 0.315812 0.86883 100.403 -0.743004 0.454504 -0.491296 149.649 0 0 0 1 
Seq_Frame0111_DriverToReference-SequenceTransformStatus = OK
Seq_Frame0111_Timestamp = 17.766
Seq_Frame0112_DriverToReference-SequenceTransform =-0.550043 -0.83288 0.0613422 -26.6854 -0.38131 0.315812 0.86883 100.403 -0.743004 0.454504 -0.491296 149.649 0 0 0 1 
Seq_Frame0112_DriverToReference-SequenceTransformStatus = OK
Seq_Frame0112_Timestamp = 17.871
Seq_Frame0113_DriverToReference-SequenceTransform =-0.550043 -0.83288 0.0613422 -26.6854 -0.38131 0.315812 0.86883 100.403 -0.743004 0.454504 -0.491296 149.649 0 0 0 1 
Seq_Frame0113_DriverToReference-SequenceTransformStatus = OK
Seq_Frame0113_Timestamp = 17.981
Seq_Frame0114_DriverToReference-SequenceTransform =-0.550043 -0.83288 0.0613422 -26.6854 -0.38131 0.315812 0.86883 100.403 -0.743004 0.454504 -0.491296 149.649 0 0 0 1 
Seq_Frame0114_DriverToReference-SequenceTransformStatus = OK
Seq_Frame0114_Timestamp = 18.087
Seq_Frame0115_DriverToReference-SequenceTransform =-0.550043 -0.83288 0.0613422 -26.6854 -0.38131 0.315812 0.86883 100.403 -0.743004 0.454504 -0.491296 149.649 0 0 0 1 
Seq_Frame0115_DriverToReference-SequenceTransformStatus = OK
Seq_Frame0115_Timestamp = 18.196
Seq_Frame0116_DriverToReference-SequenceTransform =-0.550043 -0.83288 0.0613422 -26.6854 -0.38131 0.315812 0.86883 100.403 -0.743004 0.454504 -0.491296 149.649 0 0 0 1 
Seq_Frame0116_DriverToReference-SequenceTransformStatus = OK
Seq_Frame0116_Timestamp = 18.307
Seq_Frame0117_DriverToReference-SequenceTransform =-0.550043 -0.83288 0.0613422 -26.6854 -0.38131 0.315812 0.86883 100.403 -0.743004 0.454504 -0.491296 149.649 0 0 0 1 
Seq_Frame0117_DriverToReference-SequenceTransformStatus = OK
Seq_Frame0117_Timestamp = 18.408
Seq_Frame0118_DriverToReference-SequenceTransform =-0.550043 -0.83288 0.0613422 -26.6854 -0.38131 0.315812 0.86883 100.403 -0.743004 0.454504 -0.491296 149.649 0 0 0 1 
Seq_Frame0118_DriverToReference-SequenceTransformStatus = OK
Seq_Frame0118_Timestamp = 18.517
Seq_Frame0119_DriverToReference-SequenceTransform =-0.550043 -0.83288 0.0613422 -26.6854 -0.38131 0.315812 0.86883 100.403 -0.743004 0.454504 -0.491296 149.649 0 0 0 1 
Seq_Frame0119_DriverToReference-SequenceTransformStatus = OK
Seq_Frame0119_Timestamp = 18.627
Seq_Frame0120_DriverToReference-SequenceTransform =-0.550043 -0.83288 0.0613422 -26.6854 -0.38131 0.315812 0.86883 100.403 -0.743004 0.454504 -0.491296 149.649 0 0 0 1 
Seq_Frame0120_DriverToReference-SequenceTransformStatus = OK
Seq_Frame0120_Timestamp = 18.731
Seq_Frame0121_DriverToReference-SequenceTransform =-0.550043 -0.83288 0.0613422 -26.6854 -0.38131 0.315812 0.86883 100.403 -0.743004 0.454504 -0.491296 149.649 0 0 0 1 
Seq_Frame0121_DriverToReference-SequenceTransformStatus = OK
Seq_Frame0121_Timestamp = 19.171
Seq_Frame0122_DriverToReference-SequenceTransform =0.299968 -0.914626 0.271068 42.1079 0.557111 -0.0627001 -0.828067 205.243 0.774368 0.399408 0.490741 104.924 0 0 0 1 
Seq_Frame0122_DriverToReference-SequenceTransformStatus = OK
Seq_Frame0122_Timestamp = 19.716
Seq_Frame0123_DriverToReference-SequenceTransform =0.281096 -0.931937 0.229084 41.7807 0.527279 -0.0494715 -0.848251 204.291 0.801849 0.359231 0.477485 106.389 0 0 0 1 
Seq_Frame0123_DriverToReference-SequenceTransformStatus = OK
Seq_Frame0123_Timestamp = 22.291
Seq_Frame0124_DriverToReference-SequenceTransform =-0.60131 -0.369888 -0.708243 11.3383 -0.75449 0.554617 0.35092 221.344 0.263002 0.745375 -0.612574 79.501 0 0 0 1 
Seq_Frame0124_DriverToReference-SequenceTransformStatus = OK
Seq_Frame0124_Timestamp = 22.446
Seq_Frame0125_DriverToReference-SequenceTransform =-0.60131 -0.369888 -0.708243 11.3383 -0.75449 0.554617 0.35092 221.344 0.263002 0.745375 -0.612574 79.501 0 0 0 1 
Seq_Frame0125_DriverToReference-SequenceTransformStatus = OK
Seq_Frame0125_Timestamp = 22.552
Seq_Frame0126_DriverToReference-SequenceTransform =-0.645475 -0.223063 -0.730482 10.2487 -0.704944 0.542091 0.457374 224.509 0.293965 0.810173 -0.507153 76.4422 0 0 0 1 
Seq_Frame0126_DriverToReference-SequenceTransformStatus = OK
Seq_Frame0126_Timestamp = 22.661
Seq_Frame0127_DriverToReference-SequenceTransform =-0.651163 -0.248913 -0.716959 9.41481 -0.710801 0.531107 0.461181 222.683 0.265987 0.809918 -0.522765 75.9361 0 0 0 1 
Seq_Frame0127_DriverToReference-SequenceTransformStatus = OK
Seq_Frame0127_Timestamp = 22.767
Seq_Frame0128_DriverToReference-SequenceTransform =-0.661429 -0.25003 -0.707104 10.8256 -0.705429 0.527588 0.473308 226.527 0.254718 0.811872 -0.525341 76.9502 0 0 0 1 
Seq_Frame0128_DriverToReference-SequenceTransformStatus = OK
Seq_Frame0128_Timestamp = 22.875
Seq_Frame0129_DriverToReference-SequenceTransform =-0.670789 -0.238497 -0.702255 11.4666 -0.693455 0.537458 0.479854 229.992 0.262989 0.808863 -0.525907 77.4747 0 0 0 1 
Seq_Frame0129_DriverToReference-SequenceTransformStatus = OK
Seq_Frame0129_Timestamp = 22.981
Seq_Frame0130_DriverToReference-SequenceTransform =-0.68234 -0.220913 -0.696857 10.3412 -0.682974 0.53257 0.499915 228.225 0.260688 0.817047 -0.514272 76.4293 0 0 0 1 
Seq_Frame0130_DriverToReference-SequenceTransformStatus = OK
Seq_Frame0130_Timestamp = 23.091
Seq_Frame0131_DriverToReference-SequenceTransform =-0.69628 -0.222254 -0.682493 11.7407 -0.664824 0.558115 0.496504 224.96 0.270559 0.799444 -0.536364 77.6217 0 0 0 1 
Seq_Frame0131_DriverToReference-SequenceTransformStatus = OK
Seq_Frame0131_Timestamp = 23.192
Seq_Frame0132_DriverToReference-SequenceTransform =-0.697514 -0.21285 -0.684229 12.3101 -0.662763 0.554659 0.503088 225.743 0.272431 0.804393 -0.527952 77.4241 0 0 0 1 
Seq_Frame0132_DriverToReference-SequenceTransformStatus = OK
Seq_Frame0132_Timestamp = 23.309
Seq_Frame0133_DriverToReference-SequenceTransform =-0.696225 -0.208187 -0.686971 12.5309 -0.662039 0.556128 0.502421 225.078 0.277446 0.804599 -0.525018 77.3513 0 0 0 1 
Seq_Frame0133_DriverToReference-SequenceTransformStatus = OK
Seq_Frame0133_Timestamp = 23.417
Seq_Frame0134_DriverToReference-SequenceTransform =-0.781693 -0.257572 -0.56799 23.9285 -0.577356 0.64325 0.502881 210.51 0.235832 0.721031 -0.651535 81.0377 0 0 0 1 
Seq_Frame0134_DriverToReference-SequenceTransformStatus = OK
Seq_Frame0134_Timestamp = 23.543
Seq_Frame0135_DriverToReference-SequenceTransform =-0.750583 -0.325954 -0.574787 32.6643 -0.616748 0.657796 0.43235 206.87 0.237166 0.679013 -0.694762 83.7923 0 0 0 1 
Seq_Frame0135_DriverToReference-SequenceTransformStatus = OK
Seq_Frame0135_Timestamp = 23.656
Seq_Frame0136_DriverToReference-SequenceTransform =-0.733101 -0.326196 -0.596791 37.6817 -0.628001 0.66154 0.409853 207.329 0.261108 0.675249 -0.689827 85.1137 0 0 0 1 
Seq_Frame0136_DriverToReference-SequenceTransformStatus = OK
Seq_Frame0136_Timestamp = 23.761
Seq_Frame0137_DriverToReference-SequenceTransform =-0.758142 -0.32352 -0.566175 39.7305 -0.609458 0.660329 0.438779 208.889 0.231908 0.677717 -0.697795 85.9674 0 0 0 1 
Seq_Frame0137_DriverToReference-SequenceTransformStatus = OK
Seq_Frame0137_Timestamp = 23.861
Seq_Frame0138_DriverToReference-SequenceTransform =-0.823835 -0.307426 -0.47622 43.9335 -0.537419 0.690742 0.483793 212.67 0.180215 0.654495 -0.734274 88.5117 0 0 0 1 
Seq_Frame0138_DriverToReference-SequenceTransformStatus = OK
Seq_Frame0138_Timestamp = 23.967
Seq_Frame0139_DriverToReference-SequenceTransform =-0.854267 -0.262945 -0.448428 46.179 -0.494787 0.675833 0.546292 218.043 0.159418 0.688556 -0.707444 90.4139 0 0 0 1 
Seq_Frame0139_DriverToReference-SequenceTransformStatus = OK
Seq_Frame0139_Timestamp = 24.068
Seq_Frame0140_DriverToReference-SequenceTransform =-0.825107 -0.287637 -0.486275 44.298 -0.534347 0.676846 0.506313 224.424 0.183499 0.677602 -0.712169 82.5927 0 0 0 1 
Seq_Frame0140_DriverToReference-SequenceTransformStatus = OK
Seq_Frame0140_Timestamp = 24.176
Seq_Frame0141_DriverToReference-SequenceTransform =-0.792886 -0.360474 -0.491316 34.6968 -0.587126 0.667767 0.45757 230.021 0.163142 0.651265 -0.741106 77.0143 0 0 0 1 
Seq_Frame0141_DriverToReference-SequenceTransformStatus = OK
Seq_Frame0141_Timestamp = 24.281
Seq_Frame0142_DriverToReference-SequenceTransform =-0.745927 -0.344036 -0.570291 28.5848 -0.635759 0.622995 0.455727 229.839 0.198501 0.702507 -0.683433 77.0997 0 0 0 1 
Seq_Frame0142_DriverToReference-SequenceTransformStatus = OK
Seq_Frame0142_Timestamp = 24.391
Seq_Frame0143_DriverToReference-SequenceTransform =-0.744928 -0.369874 -0.555225 28.5888 -0.634329 0.650486 0.417726 227.34 0.206661 0.663371 -0.719187 75.6954 0 0 0 1 
Seq_Frame0143_DriverToReference-SequenceTransformStatus = OK
Seq_Frame0143_Timestamp = 24.492
Seq_Frame0144_DriverToReference-SequenceTransform =-0.671071 -0.382418 -0.635154 24.5876 -0.701377 0.605112 0.376709 227.408 0.240279 0.698281 -0.674293 76.9397 0 0 0 1 
Seq_Frame0144_DriverToReference-SequenceTransformStatus = OK
Seq_Frame0144_Timestamp = 24.6
Seq_Frame0145_DriverToReference-SequenceTransform =-0.696637 -0.283262 -0.659136 24.205 -0.65038 0.637157 0.413566 224.903 0.302826 0.716794 -0.628095 78.657 0 0 0 1 
Seq_Frame0145_DriverToReference-SequenceTransformStatus = OK
Seq_Frame0145_Timestamp = 24.706
Seq_Frame0146_DriverToReference-SequenceTransform =-0.664013 -0.255209 -0.702819 21.1062 -0.670089 0.620163 0.407895 227.448 0.331764 0.741799 -0.58281 82.7476 0 0 0 1 
Seq_Frame0146_DriverToReference-SequenceTransformStatus = OK
Seq_Frame0146_Timestamp = 24.816
Seq_Frame0147_DriverToReference-SequenceTransform =-0.607145 -0.219612 -0.76364 15.2143 -0.699126 0.604372 0.382044 229.09 0.377621 0.765837 -0.520478 90.1237 0 0 0 1 
Seq_Frame0147_DriverToReference-SequenceTransformStatus = OK
Seq_Frame0147_Timestamp = 24.922
Seq_Frame0148_DriverToReference-SequenceTransform =-0.670522 -0.145648 -0.727452 16.788 -0.629914 0.629773 0.454526 222.231 0.391929 0.763002 -0.514023 97.7468 0 0 0 1 
Seq_Frame0148_DriverToReference-SequenceTransformStatus = OK
Seq_Frame0148_Timestamp = 25.026
Seq_Frame0149_DriverToReference-SequenceTransform =-0.73853 -0.0780932 -0.669682 19.2662 -0.556416 0.631527 0.539976 221.891 0.380754 0.771411 -0.509854 99.8968 0 0 0 1 
Seq_Frame0149_DriverToReference-SequenceTransformStatus = OK
Seq_Frame0149_Timestamp = 25.134
Seq_Frame0150_DriverToReference-SequenceTransform =-0.763931 -0.0661964 -0.641894 15.2454 -0.520413 0.651356 0.552182 227.042 0.381549 0.755879 -0.53204 93.9302 0 0 0 1 
Seq_Frame0150_DriverToReference-SequenceTransformStatus = OK
