ObjectType = Image
NDims = 3
AnatomicalOrientation = RAI
BinaryData = True
CompressedData = False
DimSize = 0 0 4315
ElementSpacing = 1 1 1
Offset = 0 0 0
TransformMatrix = 1 0 0 0 1 0 0 0 1
ElementType = MET_UCHAR
Kinds = domain domain list
Seq_Frame0000_ForcepToReference-SequenceTransform =0.698237 0.00153036 -0.715865 60.4577 0.503488 -0.711916 0.489567 3.90545 -0.508887 -0.702263 -0.497856 8.14482 0 0 0 1 
Seq_Frame0000_ForcepToReference-SequenceTransformStatus = OK
Seq_Frame0000_Timestamp = 0.00399995
Seq_Frame0001_ForcepToReference-SequenceTransform =0.701933 0.00226267 -0.71224 60.4601 0.500655 -0.712826 0.491146 3.87762 -0.506591 -0.701338 -0.501488 8.21939 0 0 0 1 
Seq_Frame0001_ForcepToReference-SequenceTransformStatus = OK
Seq_Frame0001_Timestamp = 0.111
Seq_Frame0002_ForcepToReference-SequenceTransform =0.698107 0.00134719 -0.715993 60.4596 0.503123 -0.712417 0.489214 3.92397 -0.509426 -0.701755 -0.498021 8.17215 0 0 0 1 
Seq_Frame0002_ForcepToReference-SequenceTransformStatus = OK
Seq_Frame0002_Timestamp = 0.216
Seq_Frame0003_ForcepToReference-SequenceTransform =0.698347 0.00151292 -0.715758 60.4581 0.503209 -0.712184 0.489463 3.91856 -0.509011 -0.701991 -0.498113 8.20125 0 0 0 1 
Seq_Frame0003_ForcepToReference-SequenceTransformStatus = OK
Seq_Frame0003_Timestamp = 0.326
Seq_Frame0004_ForcepToReference-SequenceTransform =0.701072 0.00227285 -0.713087 60.4534 0.501183 -0.712922 0.490466 3.90317 -0.507261 -0.701239 -0.500949 8.20447 0 0 0 1 
Seq_Frame0004_ForcepToReference-SequenceTransformStatus = OK
Seq_Frame0004_Timestamp = 0.431
Seq_Frame0005_ForcepToReference-SequenceTransform =0.699079 0.00172269 -0.715042 60.4467 0.502099 -0.713167 0.489172 3.91919 -0.509102 -0.700992 -0.499425 8.16625 0 0 0 1 
Seq_Frame0005_ForcepToReference-SequenceTransformStatus = OK
Seq_Frame0005_Timestamp = 0.533
Seq_Frame0006_ForcepToReference-SequenceTransform =0.700444 0.00191022 -0.713705 60.4556 0.500894 -0.713667 0.489678 3.86665 -0.508412 -0.700482 -0.500841 8.2371 0 0 0 1 
Seq_Frame0006_ForcepToReference-SequenceTransformStatus = OK
Seq_Frame0006_Timestamp = 0.65
Seq_Frame0007_ForcepToReference-SequenceTransform =0.699606 0.00181112 -0.714527 60.4541 0.501615 -0.713398 0.489332 3.9095 -0.508856 -0.700756 -0.500006 8.19957 0 0 0 1 
Seq_Frame0007_ForcepToReference-SequenceTransformStatus = OK
Seq_Frame0007_Timestamp = 0.751
Seq_Frame0008_ForcepToReference-SequenceTransform =0.69946 0.00189683 -0.714669 60.4584 0.50322 -0.711379 0.490623 3.9125 -0.50747 -0.702806 -0.498536 8.22034 0 0 0 1 
Seq_Frame0008_ForcepToReference-SequenceTransformStatus = OK
Seq_Frame0008_Timestamp = 0.851
Seq_Frame0009_ForcepToReference-SequenceTransform =0.701345 0.00245776 -0.712817 60.4718 0.501793 -0.711945 0.491262 3.82564 -0.506279 -0.702231 -0.500553 8.34251 0 0 0 1 
Seq_Frame0009_ForcepToReference-SequenceTransformStatus = OK
Seq_Frame0009_Timestamp = 0.966
Seq_Frame0010_ForcepToReference-SequenceTransform =0.700334 0.00207062 -0.713812 60.485 0.502179 -0.712108 0.490631 3.86479 -0.507295 -0.702067 -0.499753 8.3129 0 0 0 1 
Seq_Frame0010_ForcepToReference-SequenceTransformStatus = OK
Seq_Frame0010_Timestamp = 1.067
Seq_Frame0011_ForcepToReference-SequenceTransform =0.698009 0.00205981 -0.716086 60.5155 0.507672 -0.706679 0.492823 3.90998 -0.505028 -0.707532 -0.494314 8.31487 0 0 0 1 
Seq_Frame0011_ForcepToReference-SequenceTransformStatus = OK
Seq_Frame0011_Timestamp = 1.176
Seq_Frame0012_ForcepToReference-SequenceTransform =0.683986 -0.000900449 -0.729494 60.619 0.535325 -0.678714 0.502767 3.62564 -0.495571 -0.734402 -0.463749 8.35993 0 0 0 1 
Seq_Frame0012_ForcepToReference-SequenceTransformStatus = OK
Seq_Frame0012_Timestamp = 1.286
Seq_Frame0013_ForcepToReference-SequenceTransform =0.647169 -0.0089049 -0.762294 60.2917 0.552096 -0.684061 0.476707 4.33429 -0.525701 -0.72937 -0.437787 6.27378 0 0 0 1 
Seq_Frame0013_ForcepToReference-SequenceTransformStatus = OK
Seq_Frame0013_Timestamp = 1.396
Seq_Frame0014_ForcepToReference-SequenceTransform =0.691426 0.00278553 -0.722442 60.4664 0.480795 -0.748158 0.457269 4.45594 -0.539227 -0.663514 -0.518636 6.24008 0 0 0 1 
Seq_Frame0014_ForcepToReference-SequenceTransformStatus = OK
Seq_Frame0014_Timestamp = 1.501
Seq_Frame0015_ForcepToReference-SequenceTransform =0.672728 -0.000852753 -0.739889 58.8269 0.481344 -0.758948 0.438526 5.35583 -0.561911 -0.65115 -0.510156 5.66207 0 0 0 1 
Seq_Frame0015_ForcepToReference-SequenceTransformStatus = OK
Seq_Frame0015_Timestamp = 1.606
Seq_Frame0016_ForcepToReference-SequenceTransform =0.673052 0.0152275 -0.739438 59.308 0.498611 -0.747764 0.438447 6.76117 -0.546249 -0.66379 -0.510877 4.19147 0 0 0 1 
Seq_Frame0016_ForcepToReference-SequenceTransformStatus = OK
Seq_Frame0016_Timestamp = 1.711
Seq_Frame0017_ForcepToReference-SequenceTransform =0.857394 -0.0581746 -0.511362 59.4825 0.453784 -0.383306 0.80446 16.5737 -0.242808 -0.921787 -0.302246 2.88284 0 0 0 1 
Seq_Frame0017_ForcepToReference-SequenceTransformStatus = OK
Seq_Frame0017_Timestamp = 1.821
Seq_Frame0018_ForcepToReference-SequenceTransform =0.919497 -0.172259 -0.353345 52.548 0.37545 0.118539 0.919231 37.0153 -0.116461 -0.977893 0.173671 -9.68174 0 0 0 1 
Seq_Frame0018_ForcepToReference-SequenceTransformStatus = OK
Seq_Frame0018_Timestamp = 1.926
Seq_Frame0019_ForcepToReference-SequenceTransform =0.894702 -0.144242 -0.422732 55.9687 0.446416 0.320262 0.835551 61.4922 0.0148636 -0.936283 0.350931 -12.2083 0 0 0 1 
Seq_Frame0019_ForcepToReference-SequenceTransformStatus = OK
Seq_Frame0019_Timestamp = 2.042
Seq_Frame0020_ForcepToReference-SequenceTransform =0.885456 -0.227496 -0.405233 58.2355 0.464125 0.47715 0.746268 90.7793 0.0235834 -0.848866 0.528082 -10.8624 0 0 0 1 
Seq_Frame0020_ForcepToReference-SequenceTransformStatus = OK
Seq_Frame0020_Timestamp = 2.157
Seq_Frame0021_ForcepToReference-SequenceTransform =0.857917 -0.199636 -0.473417 52.5078 0.477032 0.65175 0.58963 122.488 0.190838 -0.731688 0.65438 -10.2506 0 0 0 1 
Seq_Frame0021_ForcepToReference-SequenceTransformStatus = OK
Seq_Frame0021_Timestamp = 2.262
Seq_Frame0022_ForcepToReference-SequenceTransform =0.845348 -0.167277 -0.507351 46.4161 0.438298 0.760141 0.479668 149.228 0.305421 -0.627857 0.7159 -2.8311 0 0 0 1 
Seq_Frame0022_ForcepToReference-SequenceTransformStatus = OK
Seq_Frame0022_Timestamp = 2.368
Seq_Frame0023_ForcepToReference-SequenceTransform =0.822356 -0.167263 -0.543832 39.0715 0.437361 0.797195 0.416167 169.486 0.363931 -0.580089 0.728733 2.8678 0 0 0 1 
Seq_Frame0023_ForcepToReference-SequenceTransformStatus = OK
Seq_Frame0023_Timestamp = 2.477
Seq_Frame0024_ForcepToReference-SequenceTransform =0.778854 -0.183071 -0.599893 33.8941 0.432921 0.848988 0.302983 180.739 0.453834 -0.495686 0.740493 5.38348 0 0 0 1 
Seq_Frame0024_ForcepToReference-SequenceTransformStatus = OK
Seq_Frame0024_Timestamp = 2.592
Seq_Frame0025_ForcepToReference-SequenceTransform =0.6949 -0.250215 -0.674171 25.7072 0.507275 0.835061 0.212943 192.392 0.509693 -0.489964 0.707212 6.40715 0 0 0 1 
Seq_Frame0025_ForcepToReference-SequenceTransformStatus = OK
Seq_Frame0025_Timestamp = 2.7
Seq_Frame0026_ForcepToReference-SequenceTransform =0.5471 -0.204874 -0.811608 24.8095 0.450094 0.889491 0.0788715 191.422 0.70576 -0.408451 0.578853 9.15817 0 0 0 1 
Seq_Frame0026_ForcepToReference-SequenceTransformStatus = OK
Seq_Frame0026_Timestamp = 2.806
Seq_Frame0027_ForcepToReference-SequenceTransform =0.411611 -0.238089 -0.87971 13.6905 0.397928 0.91535 -0.0615463 197.46 0.819896 -0.324728 0.47151 30.2566 0 0 0 1 
Seq_Frame0027_ForcepToReference-SequenceTransformStatus = OK
Seq_Frame0027_Timestamp = 3.256
Seq_Frame0028_ForcepToReference-SequenceTransform =0.404368 -0.252423 -0.879073 13.64 0.410635 0.908944 -0.0721112 200.897 0.81723 -0.331819 0.471201 30.704 0 0 0 1 
Seq_Frame0028_ForcepToReference-SequenceTransformStatus = OK
Seq_Frame0028_Timestamp = 3.366
Seq_Frame0029_ForcepToReference-SequenceTransform =0.403709 -0.253766 -0.878989 13.1099 0.419587 0.905119 -0.0685989 202.827 0.812998 -0.341118 0.471882 31.4277 0 0 0 1 
Seq_Frame0029_ForcepToReference-SequenceTransformStatus = OK
Seq_Frame0029_Timestamp = 3.471
Seq_Frame0030_ForcepToReference-SequenceTransform =0.39888 -0.224578 -0.889078 14.6001 0.452384 0.891546 -0.0222421 203.431 0.797649 -0.393332 0.457216 31.453 0 0 0 1 
Seq_Frame0030_ForcepToReference-SequenceTransformStatus = OK
Seq_Frame0030_Timestamp = 3.577
Seq_Frame0031_ForcepToReference-SequenceTransform =0.406157 -0.179647 -0.895971 20.3651 0.414215 0.910164 0.00527709 203.217 0.814532 -0.373268 0.444082 31.2463 0 0 0 1 
Seq_Frame0031_ForcepToReference-SequenceTransformStatus = OK
Seq_Frame0031_Timestamp = 3.681
Seq_Frame0032_ForcepToReference-SequenceTransform =0.454706 -0.130259 -0.881065 26.1013 0.350717 0.935508 0.0426929 205.34 0.818682 -0.328417 0.471065 32.1199 0 0 0 1 
Seq_Frame0032_ForcepToReference-SequenceTransformStatus = OK
Seq_Frame0032_Timestamp = 3.791
Seq_Frame0033_ForcepToReference-SequenceTransform =0.501291 -0.0809896 -0.86148 32.3052 0.289669 0.953871 0.0788816 211.067 0.815352 -0.289087 0.501627 32.2606 0 0 0 1 
Seq_Frame0033_ForcepToReference-SequenceTransformStatus = OK
Seq_Frame0033_Timestamp = 3.896
Seq_Frame0034_ForcepToReference-SequenceTransform =0.489108 -0.0321026 -0.871632 38.8518 0.233546 0.967653 0.0954126 218.283 0.840375 -0.250233 0.480784 31.4759 0 0 0 1 
Seq_Frame0034_ForcepToReference-SequenceTransformStatus = OK
Seq_Frame0034_Timestamp = 4.017
Seq_Frame0035_ForcepToReference-SequenceTransform =0.47097 -0.015581 -0.882011 44.0903 0.228159 0.967975 0.104731 222.461 0.852133 -0.250564 0.459442 31.4837 0 0 0 1 
Seq_Frame0035_ForcepToReference-SequenceTransformStatus = OK
Seq_Frame0035_Timestamp = 4.125
Seq_Frame0036_ForcepToReference-SequenceTransform =0.469817 -0.0181408 -0.882577 45.9567 0.245881 0.962912 0.111096 223.924 0.847829 -0.269204 0.456854 31.1984 0 0 0 1 
Seq_Frame0036_ForcepToReference-SequenceTransformStatus = OK
Seq_Frame0036_Timestamp = 4.227
Seq_Frame0037_ForcepToReference-SequenceTransform =0.468964 -0.0213523 -0.882959 47.5543 0.280241 0.951647 0.12583 224.896 0.837579 -0.306451 0.452272 30.8368 0 0 0 1 
Seq_Frame0037_ForcepToReference-SequenceTransformStatus = OK
Seq_Frame0037_Timestamp = 4.341
Seq_Frame0038_ForcepToReference-SequenceTransform =0.457667 -0.0143346 -0.889008 47.6477 0.290994 0.947219 0.134532 225.757 0.840157 -0.320267 0.437682 30.7822 0 0 0 1 
Seq_Frame0038_ForcepToReference-SequenceTransformStatus = OK
Seq_Frame0038_Timestamp = 4.451
Seq_Frame0039_ForcepToReference-SequenceTransform =0.475123 -0.017505 -0.879745 47.4402 0.319899 0.934825 0.154166 226.475 0.819709 -0.354678 0.449756 30.4856 0 0 0 1 
Seq_Frame0039_ForcepToReference-SequenceTransformStatus = OK
Seq_Frame0039_Timestamp = 4.557
Seq_Frame0040_ForcepToReference-SequenceTransform =0.456897 -0.0107865 -0.889454 47.9514 0.31684 0.936317 0.151401 226.942 0.831178 -0.350989 0.431219 29.4755 0 0 0 1 
Seq_Frame0040_ForcepToReference-SequenceTransformStatus = OK
Seq_Frame0040_Timestamp = 4.666
Seq_Frame0041_ForcepToReference-SequenceTransform =0.447957 -0.0170538 -0.893892 48.5513 0.33471 0.930309 0.149985 227.741 0.829038 -0.366381 0.422446 29.3677 0 0 0 1 
Seq_Frame0041_ForcepToReference-SequenceTransformStatus = OK
Seq_Frame0041_Timestamp = 4.767
Seq_Frame0042_ForcepToReference-SequenceTransform =0.444301 -0.0211602 -0.895628 48.3958 0.366189 0.916682 0.160001 227.357 0.81762 -0.399058 0.415031 28.9659 0 0 0 1 
Seq_Frame0042_ForcepToReference-SequenceTransformStatus = OK
Seq_Frame0042_Timestamp = 4.875
Seq_Frame0043_ForcepToReference-SequenceTransform =0.416566 -0.0237282 -0.908796 47.7544 0.377511 0.91391 0.149178 226.418 0.827018 -0.405223 0.389661 28.6492 0 0 0 1 
Seq_Frame0043_ForcepToReference-SequenceTransformStatus = OK
Seq_Frame0043_Timestamp = 4.981
Seq_Frame0044_ForcepToReference-SequenceTransform =0.413875 -0.0239386 -0.910019 47.0872 0.397908 0.903859 0.157191 226.067 0.818765 -0.427161 0.38361 27.7326 0 0 0 1 
Seq_Frame0044_ForcepToReference-SequenceTransformStatus = OK
Seq_Frame0044_Timestamp = 5.093
Seq_Frame0045_ForcepToReference-SequenceTransform =0.419533 -0.0257721 -0.907374 46.6219 0.413428 0.895329 0.165723 225.067 0.808127 -0.44466 0.386275 27.615 0 0 0 1 
Seq_Frame0045_ForcepToReference-SequenceTransformStatus = OK
Seq_Frame0045_Timestamp = 5.196
Seq_Frame0046_ForcepToReference-SequenceTransform =0.422065 -0.0214477 -0.906312 45.7748 0.414124 0.893879 0.171702 223.637 0.806451 -0.447795 0.386157 28.4202 0 0 0 1 
Seq_Frame0046_ForcepToReference-SequenceTransformStatus = OK
Seq_Frame0046_Timestamp = 5.302
Seq_Frame0047_ForcepToReference-SequenceTransform =0.40519 -0.0737787 -0.911251 25.6431 0.720511 0.639303 0.268616 211.001 0.562747 -0.765407 0.312198 14.3896 0 0 0 1 
Seq_Frame0047_ForcepToReference-SequenceTransformStatus = OK
Seq_Frame0047_Timestamp = 5.666
Seq_Frame0048_ForcepToReference-SequenceTransform =0.37389 -0.0560506 -0.925778 26.2993 0.762967 0.586126 0.27265 205.117 0.52734 -0.808279 0.261911 2.84011 0 0 0 1 
Seq_Frame0048_ForcepToReference-SequenceTransformStatus = OK
Seq_Frame0048_Timestamp = 5.831
Seq_Frame0049_ForcepToReference-SequenceTransform =0.404913 0.0432971 -0.91333 30.4075 0.680724 0.652616 0.332728 200.184 0.610459 -0.756451 0.234779 9.75591 0 0 0 1 
Seq_Frame0049_ForcepToReference-SequenceTransformStatus = OK
Seq_Frame0049_Timestamp = 5.936
Seq_Frame0050_ForcepToReference-SequenceTransform =0.39272 0.0796421 -0.916203 32.097 0.733585 0.573698 0.364312 198.093 0.554639 -0.815185 0.166879 4.99859 0 0 0 1 
Seq_Frame0050_ForcepToReference-SequenceTransformStatus = OK
Seq_Frame0050_Timestamp = 6.046
Seq_Frame0051_ForcepToReference-SequenceTransform =0.365667 0.0523297 -0.929274 29.0825 0.766288 0.549774 0.332492 202.38 0.52829 -0.833673 0.160934 2.9596 0 0 0 1 
Seq_Frame0051_ForcepToReference-SequenceTransformStatus = OK
Seq_Frame0051_Timestamp = 6.15
Seq_Frame0052_ForcepToReference-SequenceTransform =0.327501 0.0679055 -0.942408 30.1154 0.80416 0.503618 0.315746 202.935 0.496054 -0.861254 0.110328 5.94721 0 0 0 1 
Seq_Frame0052_ForcepToReference-SequenceTransformStatus = OK
Seq_Frame0052_Timestamp = 6.258
Seq_Frame0053_ForcepToReference-SequenceTransform =0.366507 0.013048 -0.930324 32.2729 0.810322 0.48689 0.32606 200.055 0.45722 -0.873366 0.167876 1.67971 0 0 0 1 
Seq_Frame0053_ForcepToReference-SequenceTransformStatus = OK
Seq_Frame0053_Timestamp = 6.366
Seq_Frame0054_ForcepToReference-SequenceTransform =0.328174 0.0459599 -0.943498 46.9848 0.795077 0.525878 0.302166 196.881 0.510053 -0.849317 0.136038 3.40941 0 0 0 1 
Seq_Frame0054_ForcepToReference-SequenceTransformStatus = OK
Seq_Frame0054_Timestamp = 6.477
Seq_Frame0055_ForcepToReference-SequenceTransform =0.289642 0.050802 -0.955786 72.02 0.778585 0.568304 0.26615 194.566 0.556698 -0.821249 0.125051 8.44813 0 0 0 1 
Seq_Frame0055_ForcepToReference-SequenceTransformStatus = OK
Seq_Frame0055_Timestamp = 6.581
Seq_Frame0056_ForcepToReference-SequenceTransform =0.295853 0.014935 -0.955117 87.683 0.810632 0.525009 0.259308 196.498 0.505318 -0.850965 0.143219 4.30931 0 0 0 1 
Seq_Frame0056_ForcepToReference-SequenceTransformStatus = OK
Seq_Frame0056_Timestamp = 6.684
Seq_Frame0057_ForcepToReference-SequenceTransform =0.336479 -0.0245088 -0.941372 105.08 0.817285 0.504186 0.279 197.72 0.467789 -0.863247 0.189679 -0.215115 0 0 0 1 
Seq_Frame0057_ForcepToReference-SequenceTransformStatus = OK
Seq_Frame0057_Timestamp = 6.786
Seq_Frame0058_ForcepToReference-SequenceTransform =0.286981 -0.0136947 -0.957838 111.443 0.828354 0.505736 0.240956 198.138 0.481114 -0.862579 0.156481 0.0261058 0 0 0 1 
Seq_Frame0058_ForcepToReference-SequenceTransformStatus = OK
Seq_Frame0058_Timestamp = 6.896
Seq_Frame0059_ForcepToReference-SequenceTransform =0.28614 -0.00064433 -0.958188 113.551 0.862149 0.436536 0.257167 197.731 0.418117 -0.899687 0.125466 -13.1931 0 0 0 1 
Seq_Frame0059_ForcepToReference-SequenceTransformStatus = OK
Seq_Frame0059_Timestamp = 7.001
Seq_Frame0060_ForcepToReference-SequenceTransform =0.126887 0.511258 -0.850009 181.73 0.762839 0.497441 0.413072 167.189 0.634016 -0.700834 -0.326889 15.9885 0 0 0 1 
Seq_Frame0060_ForcepToReference-SequenceTransformStatus = OK
Seq_Frame0060_Timestamp = 7.507
Seq_Frame0061_ForcepToReference-SequenceTransform =0.354104 0.635543 -0.686072 195.477 0.811947 0.1551 0.562749 143.158 0.464061 -0.756326 -0.461106 -7.57299 0 0 0 1 
Seq_Frame0061_ForcepToReference-SequenceTransformStatus = OK
Seq_Frame0061_Timestamp = 7.746
Seq_Frame0062_ForcepToReference-SequenceTransform =0.447148 0.666716 -0.596278 198.376 0.768332 0.0550134 0.637683 123.702 0.457957 -0.743279 -0.48766 -1.97569 0 0 0 1 
Seq_Frame0062_ForcepToReference-SequenceTransformStatus = OK
Seq_Frame0062_Timestamp = 7.851
Seq_Frame0063_ForcepToReference-SequenceTransform =0.397404 0.738438 -0.544775 202.745 0.800001 0.0120192 0.599878 116.16 0.449521 -0.674214 -0.585975 -20.0532 0 0 0 1 
Seq_Frame0063_ForcepToReference-SequenceTransformStatus = OK
Seq_Frame0063_Timestamp = 7.961
Seq_Frame0064_ForcepToReference-SequenceTransform =0.219753 0.694609 -0.685002 208.572 0.881237 0.159869 0.444818 117.411 0.418485 -0.701399 -0.576983 -38.0841 0 0 0 1 
Seq_Frame0064_ForcepToReference-SequenceTransformStatus = OK
Seq_Frame0064_Timestamp = 8.067
Seq_Frame0065_ForcepToReference-SequenceTransform =-0.105504 0.446649 -0.888467 208.611 0.918817 0.385492 0.0846862 116.825 0.380322 -0.807404 -0.45106 -57.7014 0 0 0 1 
Seq_Frame0065_ForcepToReference-SequenceTransformStatus = OK
Seq_Frame0065_Timestamp = 8.171
Seq_Frame0066_ForcepToReference-SequenceTransform =-0.216082 0.575213 -0.788948 213.211 0.964374 0.252038 -0.0803705 99.3963 0.152615 -0.778207 -0.609182 -72.288 0 0 0 1 
Seq_Frame0066_ForcepToReference-SequenceTransformStatus = OK
Seq_Frame0066_Timestamp = 8.276
Seq_Frame0067_ForcepToReference-SequenceTransform =-0.420695 0.538386 -0.730175 199.614 0.899438 0.352604 -0.258229 93.9272 0.118436 -0.765383 -0.632583 -80.4383 0 0 0 1 
Seq_Frame0067_ForcepToReference-SequenceTransformStatus = OK
Seq_Frame0067_Timestamp = 8.382
Seq_Frame0068_ForcepToReference-SequenceTransform =-0.239871 0.731093 -0.638721 219.871 0.969037 0.140623 -0.20296 76.4188 -0.0585639 -0.667628 -0.742188 -88.1975 0 0 0 1 
Seq_Frame0068_ForcepToReference-SequenceTransformStatus = OK
Seq_Frame0068_Timestamp = 9.901
Seq_Frame0069_ForcepToReference-SequenceTransform =-0.215743 0.725853 -0.65314 214.322 0.976381 0.152429 -0.153116 106.038 -0.0115825 -0.670748 -0.741595 -78.9533 0 0 0 1 
Seq_Frame0069_ForcepToReference-SequenceTransformStatus = OK
Seq_Frame0069_Timestamp = 10.008
Seq_Frame0070_ForcepToReference-SequenceTransform =-0.179273 0.738313 -0.650196 207.301 0.981582 0.178585 -0.067856 136.46 0.0660162 -0.650385 -0.75673 -54.1289 0 0 0 1 
Seq_Frame0070_ForcepToReference-SequenceTransformStatus = OK
Seq_Frame0070_Timestamp = 10.118
Seq_Frame0071_ForcepToReference-SequenceTransform =-0.15476 0.747945 -0.645467 198.98 0.980248 0.197682 -0.00596178 160.359 0.123138 -0.633641 -0.763765 -28.7766 0 0 0 1 
Seq_Frame0071_ForcepToReference-SequenceTransformStatus = OK
Seq_Frame0071_Timestamp = 10.226
Seq_Frame0072_ForcepToReference-SequenceTransform =-0.13879 0.761487 -0.633147 191.363 0.976545 0.211506 0.0403131 176.262 0.164612 -0.612702 -0.772981 -9.48159 0 0 0 1 
Seq_Frame0072_ForcepToReference-SequenceTransformStatus = OK
Seq_Frame0072_Timestamp = 10.331
Seq_Frame0073_ForcepToReference-SequenceTransform =-0.115711 0.765187 -0.633324 182.902 0.974146 0.211977 0.0781318 187.514 0.194036 -0.607909 -0.769933 4.8729 0 0 0 1 
Seq_Frame0073_ForcepToReference-SequenceTransformStatus = OK
Seq_Frame0073_Timestamp = 10.444
Seq_Frame0074_ForcepToReference-SequenceTransform =-0.0524959 0.761022 -0.646598 173.426 0.974467 0.180586 0.133428 191.621 0.218308 -0.623084 -0.751071 10.541 0 0 0 1 
Seq_Frame0074_ForcepToReference-SequenceTransformStatus = OK
Seq_Frame0074_Timestamp = 10.562
Seq_Frame0075_ForcepToReference-SequenceTransform =-0.0563206 0.725888 -0.685503 161.644 0.972313 0.195841 0.127494 199.044 0.226796 -0.659343 -0.71682 9.53538 0 0 0 1 
Seq_Frame0075_ForcepToReference-SequenceTransformStatus = OK
Seq_Frame0075_Timestamp = 10.666
Seq_Frame0076_ForcepToReference-SequenceTransform =-0.0928928 0.67178 -0.734903 150.276 0.970542 0.225887 0.0838067 207.734 0.222304 -0.705469 -0.672974 5.21464 0 0 0 1 
Seq_Frame0076_ForcepToReference-SequenceTransformStatus = OK
Seq_Frame0076_Timestamp = 10.776
Seq_Frame0077_ForcepToReference-SequenceTransform =-0.139098 0.599834 -0.787941 136.252 0.968235 0.249329 0.0188804 215.966 0.207782 -0.760286 -0.615461 -0.762596 0 0 0 1 
Seq_Frame0077_ForcepToReference-SequenceTransformStatus = OK
Seq_Frame0077_Timestamp = 10.881
Seq_Frame0078_ForcepToReference-SequenceTransform =-0.217539 0.42246 -0.879889 111.985 0.961145 0.249669 -0.117755 218.892 0.169935 -0.871316 -0.460358 -11.0342 0 0 0 1 
Seq_Frame0078_ForcepToReference-SequenceTransformStatus = OK
Seq_Frame0078_Timestamp = 10.991
Seq_Frame0079_ForcepToReference-SequenceTransform =-0.23679 0.297883 -0.924768 92.2711 0.965209 0.180793 -0.188909 214.085 0.110919 -0.937326 -0.330329 -22.1044 0 0 0 1 
Seq_Frame0079_ForcepToReference-SequenceTransformStatus = OK
Seq_Frame0079_Timestamp = 11.092
Seq_Frame0080_ForcepToReference-SequenceTransform =-0.26152 0.195887 -0.945112 73.5346 0.963186 0.116165 -0.242444 208.526 0.0622978 -0.973722 -0.219055 -35.2276 0 0 0 1 
Seq_Frame0080_ForcepToReference-SequenceTransformStatus = OK
Seq_Frame0080_Timestamp = 11.206
Seq_Frame0081_ForcepToReference-SequenceTransform =0.495025 0.192675 0.847247 54.9304 0.246696 0.903807 -0.349676 190.211 -0.833121 0.382111 0.399875 -48.5792 0 0 0 1 
Seq_Frame0081_ForcepToReference-SequenceTransformStatus = OK
Seq_Frame0081_Timestamp = 11.351
Seq_Frame0082_ForcepToReference-SequenceTransform =-0.257206 -0.591281 -0.764351 6.6321 0.965614 -0.126243 -0.227273 150.24 0.0378885 -0.796523 0.603419 -69.423 0 0 0 1 
Seq_Frame0082_ForcepToReference-SequenceTransformStatus = OK
Seq_Frame0082_Timestamp = 11.947
Seq_Frame0083_ForcepToReference-SequenceTransform =-0.240607 -0.673898 -0.698549 -13.2712 0.969844 -0.195737 -0.145222 148.993 -0.0388673 -0.712425 0.700671 -90.8919 0 0 0 1 
Seq_Frame0083_ForcepToReference-SequenceTransformStatus = OK
Seq_Frame0083_Timestamp = 12.651
Seq_Frame0084_ForcepToReference-SequenceTransform =-0.255968 -0.648211 -0.717149 -16.4402 0.965892 -0.201551 -0.162574 149.522 -0.0391601 -0.734302 0.677692 -89.1475 0 0 0 1 
Seq_Frame0084_ForcepToReference-SequenceTransformStatus = OK
Seq_Frame0084_Timestamp = 12.761
Seq_Frame0085_ForcepToReference-SequenceTransform =-0.255948 -0.69527 -0.671633 -18.4272 0.966663 -0.189366 -0.172348 151.964 -0.00735629 -0.693355 0.720559 -89.5678 0 0 0 1 
Seq_Frame0085_ForcepToReference-SequenceTransformStatus = OK
Seq_Frame0085_Timestamp = 12.867
Seq_Frame0086_ForcepToReference-SequenceTransform =-0.246715 -0.683483 -0.68701 -19.3563 0.966361 -0.226662 -0.121536 150.709 -0.072651 -0.693884 0.716412 -92.0681 0 0 0 1 
Seq_Frame0086_ForcepToReference-SequenceTransformStatus = OK
Seq_Frame0086_Timestamp = 12.971
Seq_Frame0087_ForcepToReference-SequenceTransform =-0.246308 -0.692858 -0.677702 -18.9097 0.966461 -0.228037 -0.118119 148.833 -0.0727019 -0.684066 0.725788 -91.1003 0 0 0 1 
Seq_Frame0087_ForcepToReference-SequenceTransformStatus = OK
Seq_Frame0087_Timestamp = 13.072
Seq_Frame0088_ForcepToReference-SequenceTransform =-0.246621 -0.700052 -0.670154 -19.217 0.966726 -0.226206 -0.119464 148.484 -0.0679613 -0.677317 0.732545 -89.7962 0 0 0 1 
Seq_Frame0088_ForcepToReference-SequenceTransformStatus = OK
Seq_Frame0088_Timestamp = 13.178
Seq_Frame0089_ForcepToReference-SequenceTransform =-0.243959 -0.706376 -0.664467 -20.4729 0.968715 -0.209689 -0.132749 150.764 -0.0455607 -0.676064 0.735433 -88.4066 0 0 0 1 
Seq_Frame0089_ForcepToReference-SequenceTransformStatus = OK
Seq_Frame0089_Timestamp = 13.281
Seq_Frame0090_ForcepToReference-SequenceTransform =-0.230837 -0.724332 -0.64966 -20.8253 0.971118 -0.212935 -0.107648 148.718 -0.0603626 -0.655745 0.752565 -89.9952 0 0 0 1 
Seq_Frame0090_ForcepToReference-SequenceTransformStatus = OK
Seq_Frame0090_Timestamp = 13.387
Seq_Frame0091_ForcepToReference-SequenceTransform =-0.216775 -0.729661 -0.64854 -20.2201 0.973783 -0.208547 -0.0908555 147.399 -0.0689571 -0.651232 0.755739 -90.39 0 0 0 1 
Seq_Frame0091_ForcepToReference-SequenceTransformStatus = OK
Seq_Frame0091_Timestamp = 13.496
Seq_Frame0092_ForcepToReference-SequenceTransform =-0.225295 -0.728247 -0.647223 -22.6173 0.972251 -0.211011 -0.101009 147.912 -0.0630115 -0.65202 0.755579 -93.6958 0 0 0 1 
Seq_Frame0092_ForcepToReference-SequenceTransformStatus = OK
Seq_Frame0092_Timestamp = 13.601
Seq_Frame0093_ForcepToReference-SequenceTransform =-0.230287 -0.723221 -0.65109 -23.2705 0.97232 -0.198175 -0.123774 147.289 -0.0395133 -0.661572 0.74884 -95.1287 0 0 0 1 
Seq_Frame0093_ForcepToReference-SequenceTransformStatus = OK
Seq_Frame0093_Timestamp = 13.707
Seq_Frame0094_ForcepToReference-SequenceTransform =-0.219367 -0.729495 -0.647855 -23.2807 0.974475 -0.196305 -0.10892 148.335 -0.0477204 -0.655211 0.753937 -93.4955 0 0 0 1 
Seq_Frame0094_ForcepToReference-SequenceTransformStatus = OK
Seq_Frame0094_Timestamp = 13.812
Seq_Frame0095_ForcepToReference-SequenceTransform =-0.217591 -0.721081 -0.657796 -23.9175 0.975523 -0.182596 -0.122529 152.225 -0.0317576 -0.668357 0.743163 -90.5559 0 0 0 1 
Seq_Frame0095_ForcepToReference-SequenceTransformStatus = OK
Seq_Frame0095_Timestamp = 13.921
Seq_Frame0096_ForcepToReference-SequenceTransform =-0.210386 -0.724482 -0.656402 -22.4859 0.977067 -0.178374 -0.116289 152.194 -0.0328357 -0.665814 0.745395 -88.7531 0 0 0 1 
Seq_Frame0096_ForcepToReference-SequenceTransformStatus = OK
Seq_Frame0096_Timestamp = 14.025
Seq_Frame0097_ForcepToReference-SequenceTransform =-0.2084 -0.717923 -0.664196 -21.0108 0.977853 -0.16635 -0.127008 152.636 -0.0193065 -0.675954 0.736691 -85.6327 0 0 0 1 
Seq_Frame0097_ForcepToReference-SequenceTransformStatus = OK
Seq_Frame0097_Timestamp = 14.134
Seq_Frame0098_ForcepToReference-SequenceTransform =-0.212448 -0.703384 -0.678319 -20.8509 0.976897 -0.136395 -0.164526 152.982 0.0232053 -0.697601 0.716111 -86.4794 0 0 0 1 
Seq_Frame0098_ForcepToReference-SequenceTransformStatus = OK
Seq_Frame0098_Timestamp = 14.242
Seq_Frame0099_ForcepToReference-SequenceTransform =-0.209631 -0.69824 -0.684482 -20.1413 0.976897 -0.11981 -0.176969 151.746 0.0415587 -0.705766 0.707225 -88.3081 0 0 0 1 
Seq_Frame0099_ForcepToReference-SequenceTransformStatus = OK
Seq_Frame0099_Timestamp = 14.346
Seq_Frame0100_ForcepToReference-SequenceTransform =-0.225995 -0.682361 -0.695205 -19.9675 0.970635 -0.0973505 -0.21998 149.217 0.0824269 -0.724504 0.684324 -93.3792 0 0 0 1 
Seq_Frame0100_ForcepToReference-SequenceTransformStatus = OK
Seq_Frame0100_Timestamp = 14.456
Seq_Frame0101_ForcepToReference-SequenceTransform =-0.241412 -0.721514 -0.648951 -27.3556 0.970333 -0.188557 -0.151327 159.281 -0.0131791 -0.666231 0.745629 -74.5435 0 0 0 1 
Seq_Frame0101_ForcepToReference-SequenceTransformStatus = OK
Seq_Frame0101_Timestamp = 16.311
Seq_Frame0102_ForcepToReference-SequenceTransform =-0.248482 -0.693863 -0.675878 -25.5644 0.959465 -0.272102 -0.0733979 157.735 -0.13298 -0.666719 0.73335 -73.6853 0 0 0 1 
Seq_Frame0102_ForcepToReference-SequenceTransformStatus = OK
Seq_Frame0102_Timestamp = 16.801
Seq_Frame0103_ForcepToReference-SequenceTransform =-0.242736 -0.703369 -0.668095 -25.3084 0.957665 -0.283623 -0.0493469 157.511 -0.154778 -0.65179 0.742438 -75.1728 0 0 0 1 
Seq_Frame0103_ForcepToReference-SequenceTransformStatus = OK
Seq_Frame0103_Timestamp = 16.906
Seq_Frame0104_ForcepToReference-SequenceTransform =-0.253703 -0.694429 -0.673352 -25.5103 0.955583 -0.287875 -0.0631555 160.035 -0.149984 -0.659467 0.736619 -74.5935 0 0 0 1 
Seq_Frame0104_ForcepToReference-SequenceTransformStatus = OK
Seq_Frame0104_Timestamp = 17.012
Seq_Frame0105_ForcepToReference-SequenceTransform =-0.282771 -0.683387 -0.67307 -25.5737 0.948406 -0.304112 -0.0896719 162.235 -0.143408 -0.6637 0.734123 -73.6868 0 0 0 1 
Seq_Frame0105_ForcepToReference-SequenceTransformStatus = OK
Seq_Frame0105_Timestamp = 17.118
Seq_Frame0106_ForcepToReference-SequenceTransform =-0.288351 -0.655062 -0.698389 -24.9572 0.94358 -0.318419 -0.0909205 161.465 -0.162822 -0.685203 0.70992 -74.8417 0 0 0 1 
Seq_Frame0106_ForcepToReference-SequenceTransformStatus = OK
Seq_Frame0106_Timestamp = 17.228
Seq_Frame0107_ForcepToReference-SequenceTransform =-0.3072 -0.692017 -0.653254 -26.0972 0.938453 -0.334196 -0.0872904 161.651 -0.157909 -0.639864 0.75209 -77.3082 0 0 0 1 
Seq_Frame0107_ForcepToReference-SequenceTransformStatus = OK
Seq_Frame0107_Timestamp = 17.342
Seq_Frame0108_ForcepToReference-SequenceTransform =-0.304751 -0.688456 -0.658146 -26.1869 0.938813 -0.333575 -0.0857746 160.501 -0.160489 -0.644016 0.747989 -78.0635 0 0 0 1 
Seq_Frame0108_ForcepToReference-SequenceTransformStatus = OK
Seq_Frame0108_Timestamp = 17.443
Seq_Frame0109_ForcepToReference-SequenceTransform =-0.291275 -0.680681 -0.672184 -25.7565 0.938509 -0.339474 -0.0629154 158.184 -0.185364 -0.649176 0.737706 -78.9499 0 0 0 1 
Seq_Frame0109_ForcepToReference-SequenceTransformStatus = OK
Seq_Frame0109_Timestamp = 17.552
Seq_Frame0110_ForcepToReference-SequenceTransform =-0.282273 -0.669623 -0.686969 -25.04 0.94086 -0.333091 -0.0619162 157.387 -0.187362 -0.663819 0.724044 -77.9889 0 0 0 1 
Seq_Frame0110_ForcepToReference-SequenceTransformStatus = OK
Seq_Frame0110_Timestamp = 17.656
Seq_Frame0111_ForcepToReference-SequenceTransform =-0.277395 -0.670051 -0.688538 -24.4925 0.939806 -0.338087 -0.0496151 156.992 -0.199541 -0.660855 0.723501 -77.5491 0 0 0 1 
Seq_Frame0111_ForcepToReference-SequenceTransformStatus = OK
Seq_Frame0111_Timestamp = 17.766
Seq_Frame0112_ForcepToReference-SequenceTransform =-0.270147 -0.669517 -0.691931 -24.2598 0.935392 -0.352809 -0.0238194 156.658 -0.228172 -0.653661 0.721571 -77.1348 0 0 0 1 
Seq_Frame0112_ForcepToReference-SequenceTransformStatus = OK
Seq_Frame0112_Timestamp = 17.871
Seq_Frame0113_ForcepToReference-SequenceTransform =-0.271051 -0.657063 -0.70342 -23.5622 0.944088 -0.323969 -0.0611706 156.46 -0.187693 -0.680671 0.708137 -76.952 0 0 0 1 
Seq_Frame0113_ForcepToReference-SequenceTransformStatus = OK
Seq_Frame0113_Timestamp = 17.981
Seq_Frame0114_ForcepToReference-SequenceTransform =-0.270414 -0.655995 -0.704661 -23.2687 0.945364 -0.319375 -0.0654658 156.652 -0.182106 -0.683864 0.706518 -75.8816 0 0 0 1 
Seq_Frame0114_ForcepToReference-SequenceTransformStatus = OK
Seq_Frame0114_Timestamp = 18.087
Seq_Frame0115_ForcepToReference-SequenceTransform =-0.269908 -0.648097 -0.712123 -23.4929 0.946251 -0.31541 -0.0715946 155.944 -0.178211 -0.693171 0.698394 -76.3371 0 0 0 1 
Seq_Frame0115_ForcepToReference-SequenceTransformStatus = OK
Seq_Frame0115_Timestamp = 18.196
Seq_Frame0116_ForcepToReference-SequenceTransform =-0.267274 -0.654723 -0.707038 -23.0949 0.945748 -0.318888 -0.0622182 154.071 -0.18473 -0.685309 0.704434 -75.8601 0 0 0 1 
Seq_Frame0116_ForcepToReference-SequenceTransformStatus = OK
Seq_Frame0116_Timestamp = 18.307
Seq_Frame0117_ForcepToReference-SequenceTransform =-0.269905 -0.659513 -0.701565 -22.7949 0.948054 -0.309414 -0.0738665 153.775 -0.168358 -0.685058 0.708767 -74.8752 0 0 0 1 
Seq_Frame0117_ForcepToReference-SequenceTransformStatus = OK
Seq_Frame0117_Timestamp = 18.408
Seq_Frame0118_ForcepToReference-SequenceTransform =-0.265235 -0.6699 -0.693458 -22.6471 0.950241 -0.303487 -0.0702718 153.795 -0.16338 -0.677591 0.717062 -74.4606 0 0 0 1 
Seq_Frame0118_ForcepToReference-SequenceTransformStatus = OK
Seq_Frame0118_Timestamp = 18.517
Seq_Frame0119_ForcepToReference-SequenceTransform =-0.242203 -0.679331 -0.69271 -16.4173 0.969376 -0.199305 -0.143482 157.145 -0.0405887 -0.706248 0.7068 -64.7763 0 0 0 1 
Seq_Frame0119_ForcepToReference-SequenceTransformStatus = OK
Seq_Frame0119_Timestamp = 18.627
Seq_Frame0120_ForcepToReference-SequenceTransform =-0.217451 -0.676661 -0.703452 -7.30803 0.975731 -0.131658 -0.174974 157.767 0.0257833 -0.724428 0.688868 -51.3582 0 0 0 1 
Seq_Frame0120_ForcepToReference-SequenceTransformStatus = OK
Seq_Frame0120_Timestamp = 18.731
Seq_Frame0121_ForcepToReference-SequenceTransform =0.00373223 0.379169 0.92532 -1.37745 -0.010355 0.925291 -0.379116 153.639 -0.999939 -0.00816674 0.0073797 -55.4278 0 0 0 1 
Seq_Frame0121_ForcepToReference-SequenceTransformStatus = OK
Seq_Frame0121_Timestamp = 19.171
Seq_Frame0122_ForcepToReference-SequenceTransform =0.105263 0.301778 0.947549 -1.67505 -0.0191975 0.953282 -0.301472 155.297 -0.994259 0.0135434 0.106139 -57.5317 0 0 0 1 
Seq_Frame0122_ForcepToReference-SequenceTransformStatus = OK
Seq_Frame0122_Timestamp = 19.716
Seq_Frame0123_ForcepToReference-SequenceTransform =-0.637684 0.647763 -0.416849 4.75611 0.751712 0.641464 -0.153146 221.508 0.168191 -0.411009 -0.895982 82.1469 0 0 0 1 
Seq_Frame0123_ForcepToReference-SequenceTransformStatus = OK
Seq_Frame0123_Timestamp = 22.291
Seq_Frame0124_ForcepToReference-SequenceTransform =0.471066 0.879961 -0.0613714 5.64009 -0.875559 0.457985 -0.153775 222.314 -0.107209 0.126172 0.986198 57.8523 0 0 0 1 
Seq_Frame0124_ForcepToReference-SequenceTransformStatus = OK
Seq_Frame0124_Timestamp = 22.446
Seq_Frame0125_ForcepToReference-SequenceTransform =-0.496205 0.4638 -0.733941 -9.90341 0.505219 -0.533236 -0.678538 158.053 -0.70607 -0.707495 0.0302743 -42.31 0 0 0 1 
Seq_Frame0125_ForcepToReference-SequenceTransformStatus = OK
Seq_Frame0125_Timestamp = 22.552
Seq_Frame0126_ForcepToReference-SequenceTransform =-0.493405 0.425634 -0.758543 -9.96284 0.527434 -0.54705 -0.650038 153.03 -0.691639 -0.720814 0.0454236 -44.3533 0 0 0 1 
Seq_Frame0126_ForcepToReference-SequenceTransformStatus = OK
Seq_Frame0126_Timestamp = 22.661
Seq_Frame0127_ForcepToReference-SequenceTransform =-0.467081 0.418795 -0.778747 -8.65549 0.520962 -0.581282 -0.625068 148.482 -0.714446 -0.697655 0.0533296 -44.7798 0 0 0 1 
Seq_Frame0127_ForcepToReference-SequenceTransformStatus = OK
Seq_Frame0127_Timestamp = 22.767
Seq_Frame0128_ForcepToReference-SequenceTransform =-0.451079 0.4073 -0.794125 -6.47568 0.488341 -0.632136 -0.601604 141.224 -0.747028 -0.659175 0.0862419 -46.1476 0 0 0 1 
Seq_Frame0128_ForcepToReference-SequenceTransformStatus = OK
Seq_Frame0128_Timestamp = 22.875
Seq_Frame0129_ForcepToReference-SequenceTransform =-0.426817 0.395641 -0.813201 -3.79471 0.479122 -0.663718 -0.574387 133.837 -0.766987 -0.634781 0.0937259 -44.991 0 0 0 1 
Seq_Frame0129_ForcepToReference-SequenceTransformStatus = OK
Seq_Frame0129_Timestamp = 22.981
Seq_Frame0130_ForcepToReference-SequenceTransform =-0.421257 0.39614 -0.815853 -3.63122 0.464356 -0.678504 -0.569215 132.543 -0.779049 -0.618632 0.101874 -46.0514 0 0 0 1 
Seq_Frame0130_ForcepToReference-SequenceTransformStatus = OK
Seq_Frame0130_Timestamp = 23.091
Seq_Frame0131_ForcepToReference-SequenceTransform =-0.416273 0.388212 -0.822197 -4.207 0.47375 -0.679217 -0.560558 133.713 -0.776066 -0.622861 0.098824 -47.5426 0 0 0 1 
Seq_Frame0131_ForcepToReference-SequenceTransformStatus = OK
Seq_Frame0131_Timestamp = 23.192
Seq_Frame0132_ForcepToReference-SequenceTransform =-0.416031 0.3738 -0.82897 -4.08688 0.480107 -0.683905 -0.549336 133.499 -0.772279 -0.626536 0.105061 -47.6881 0 0 0 1 
Seq_Frame0132_ForcepToReference-SequenceTransformStatus = OK
Seq_Frame0132_Timestamp = 23.309
Seq_Frame0133_ForcepToReference-SequenceTransform =-0.403718 0.351435 -0.844692 -4.42217 0.494891 -0.692649 -0.524709 132.217 -0.769477 -0.629865 0.105713 -50.2598 0 0 0 1 
Seq_Frame0133_ForcepToReference-SequenceTransformStatus = OK
Seq_Frame0133_Timestamp = 23.417
Seq_Frame0134_ForcepToReference-SequenceTransform =-0.398483 0.231259 -0.887542 -6.18917 0.626949 -0.637627 -0.447625 135.691 -0.669438 -0.734814 0.109096 -56.7335 0 0 0 1 
Seq_Frame0134_ForcepToReference-SequenceTransformStatus = OK
Seq_Frame0134_Timestamp = 23.543
Seq_Frame0135_ForcepToReference-SequenceTransform =-0.280969 -0.00790207 -0.959684 -3.42581 0.735686 -0.643917 -0.210087 130.116 -0.616297 -0.765054 0.186734 -67.5161 0 0 0 1 
Seq_Frame0135_ForcepToReference-SequenceTransformStatus = OK
Seq_Frame0135_Timestamp = 23.656
Seq_Frame0136_ForcepToReference-SequenceTransform =-0.249752 -0.150165 -0.956595 -5.80034 0.759382 -0.643333 -0.0972732 122.88 -0.600802 -0.750715 0.274706 -82.8914 0 0 0 1 
Seq_Frame0136_ForcepToReference-SequenceTransformStatus = OK
Seq_Frame0136_Timestamp = 23.761
Seq_Frame0137_ForcepToReference-SequenceTransform =-0.1876 -0.1726 -0.966962 -1.53371 0.837042 -0.543212 -0.0654323 126.945 -0.513972 -0.821663 0.24638 -87.7282 0 0 0 1 
Seq_Frame0137_ForcepToReference-SequenceTransformStatus = OK
Seq_Frame0137_Timestamp = 23.861
Seq_Frame0138_ForcepToReference-SequenceTransform =-0.207626 -0.156067 -0.965678 -0.291234 0.87735 -0.466288 -0.113277 134.463 -0.432606 -0.870757 0.233739 -85.8934 0 0 0 1 
Seq_Frame0138_ForcepToReference-SequenceTransformStatus = OK
Seq_Frame0138_Timestamp = 23.967
Seq_Frame0139_ForcepToReference-SequenceTransform =-0.207626 -0.156067 -0.965678 -0.291234 0.87735 -0.466288 -0.113277 134.463 -0.432606 -0.870757 0.233739 -85.8934 0 0 0 1 
Seq_Frame0139_ForcepToReference-SequenceTransformStatus = OK
Seq_Frame0139_Timestamp = 24.068
Seq_Frame0140_ForcepToReference-SequenceTransform =-0.207626 -0.156067 -0.965678 -0.291234 0.87735 -0.466288 -0.113277 134.463 -0.432606 -0.870757 0.233739 -85.8934 0 0 0 1 
Seq_Frame0140_ForcepToReference-SequenceTransformStatus = OK
Seq_Frame0140_Timestamp = 24.176
Seq_Frame0141_ForcepToReference-SequenceTransform =-0.207626 -0.156067 -0.965678 -0.291234 0.87735 -0.466288 -0.113277 134.463 -0.432606 -0.870757 0.233739 -85.8934 0 0 0 1 
Seq_Frame0141_ForcepToReference-SequenceTransformStatus = OK
Seq_Frame0141_Timestamp = 24.281
Seq_Frame0142_ForcepToReference-SequenceTransform =-0.207626 -0.156067 -0.965678 -0.291234 0.87735 -0.466288 -0.113277 134.463 -0.432606 -0.870757 0.233739 -85.8934 0 0 0 1 
Seq_Frame0142_ForcepToReference-SequenceTransformStatus = OK
Seq_Frame0142_Timestamp = 24.391
Seq_Frame0143_ForcepToReference-SequenceTransform =-0.207626 -0.156067 -0.965678 -0.291234 0.87735 -0.466288 -0.113277 134.463 -0.432606 -0.870757 0.233739 -85.8934 0 0 0 1 
Seq_Frame0143_ForcepToReference-SequenceTransformStatus = OK
Seq_Frame0143_Timestamp = 24.492
Seq_Frame0144_ForcepToReference-SequenceTransform =-0.207626 -0.156067 -0.965678 -0.291234 0.87735 -0.466288 -0.113277 134.463 -0.432606 -0.870757 0.233739 -85.8934 0 0 0 1 
Seq_Frame0144_ForcepToReference-SequenceTransformStatus = OK
Seq_Frame0144_Timestamp = 24.6
Seq_Frame0145_ForcepToReference-SequenceTransform =0.0865698 -0.621653 -0.778494 2.96366 0.915838 -0.257897 0.307782 131.384 -0.392104 -0.739619 0.547008 -86.9646 0 0 0 1 
Seq_Frame0145_ForcepToReference-SequenceTransformStatus = OK
Seq_Frame0145_Timestamp = 24.706
Seq_Frame0146_ForcepToReference-SequenceTransform =-0.0225353 -0.620411 -0.783953 -1.05368 0.911064 -0.335621 0.239417 129.551 -0.411648 -0.708836 0.572798 -89.3454 0 0 0 1 
Seq_Frame0146_ForcepToReference-SequenceTransformStatus = OK
Seq_Frame0146_Timestamp = 24.816
Seq_Frame0147_ForcepToReference-SequenceTransform =-0.136994 -0.63553 -0.759825 -6.98585 0.93189 -0.342774 0.118685 134.468 -0.335876 -0.691815 0.639202 -86.7572 0 0 0 1 
Seq_Frame0147_ForcepToReference-SequenceTransformStatus = OK
Seq_Frame0147_Timestamp = 24.922
Seq_Frame0148_ForcepToReference-SequenceTransform =-0.391287 -0.722333 -0.570201 -26.409 0.903882 -0.418064 -0.0906613 133.712 -0.172893 -0.550869 0.816487 -73.6847 0 0 0 1 
Seq_Frame0148_ForcepToReference-SequenceTransformStatus = OK
Seq_Frame0148_Timestamp = 25.026
Seq_Frame0149_ForcepToReference-SequenceTransform =-0.317511 -0.749929 -0.58034 -20.8328 0.923861 -0.382567 -0.0110939 130.535 -0.213699 -0.539676 0.814299 -74.0779 0 0 0 1 
Seq_Frame0149_ForcepToReference-SequenceTransformStatus = OK
Seq_Frame0149_Timestamp = 25.134
