ObjectType = Image
NDims = 3
AnatomicalOrientation = RAI
BinaryData = True
CompressedData = False
DimSize = 0 0 5644
ElementSpacing = 1 1 1
Offset = 0 0 0
TransformMatrix = 1 0 0 0 1 0 0 0 1
ElementType = MET_UCHAR
Kinds = domain domain list
Seq_Frame0000_ForcepToReference-SequenceTransform =0.82397 0.18322 -0.536194 127.332 0.519079 -0.623534 0.584604 -6.76862 -0.227224 -0.760023 -0.608879 -4.04861 0 0 0 1 
Seq_Frame0000_ForcepToReference-SequenceTransformStatus = OK
Seq_Frame0000_Timestamp = 2.366
Seq_Frame0001_ForcepToReference-SequenceTransform =0.872518 0.211465 -0.440448 126.43 0.479664 -0.542191 0.689892 0.00534146 -0.092919 -0.813211 -0.574503 -1.46001 0 0 0 1 
Seq_Frame0001_ForcepToReference-SequenceTransformStatus = OK
Seq_Frame0001_Timestamp = 2.471
Seq_Frame0002_ForcepToReference-SequenceTransform =0.864034 0.347841 -0.363939 118.642 0.413537 -0.07811 0.907131 36.7928 0.28711 -0.934294 -0.211335 3.41976 0 0 0 1 
Seq_Frame0002_ForcepToReference-SequenceTransformStatus = OK
Seq_Frame0002_Timestamp = 2.575
Seq_Frame0003_ForcepToReference-SequenceTransform =0.729503 0.203741 -0.652928 113.391 0.670486 -0.401687 0.623776 95.8893 -0.135184 -0.892826 -0.429637 -14.0498 0 0 0 1 
Seq_Frame0003_ForcepToReference-SequenceTransformStatus = OK
Seq_Frame0003_Timestamp = 2.681
Seq_Frame0004_ForcepToReference-SequenceTransform =0.441794 0.0295078 -0.896631 91.0035 0.63285 -0.718651 0.288172 129.32 -0.635861 -0.694745 -0.33617 -53.4204 0 0 0 1 
Seq_Frame0004_ForcepToReference-SequenceTransformStatus = OK
Seq_Frame0004_Timestamp = 2.791
Seq_Frame0005_ForcepToReference-SequenceTransform =0.254126 -0.178999 -0.950463 56.3318 0.554549 -0.778175 0.294823 148.284 -0.792399 -0.602 -0.0984904 -70.1977 0 0 0 1 
Seq_Frame0005_ForcepToReference-SequenceTransformStatus = OK
Seq_Frame0005_Timestamp = 2.897
Seq_Frame0006_ForcepToReference-SequenceTransform =-0.0118707 -0.20012 -0.979699 29.4083 0.397064 -0.900154 0.17906 157.083 -0.917714 -0.386878 0.090146 -67.4436 0 0 0 1 
Seq_Frame0006_ForcepToReference-SequenceTransformStatus = OK
Seq_Frame0006_Timestamp = 3
Seq_Frame0007_ForcepToReference-SequenceTransform =-0.251 -0.317512 -0.914432 0.424997 0.473973 -0.863993 0.169899 175.56 -0.844008 -0.390771 0.367354 -67.5829 0 0 0 1 
Seq_Frame0007_ForcepToReference-SequenceTransformStatus = OK
Seq_Frame0007_Timestamp = 3.109
Seq_Frame0008_ForcepToReference-SequenceTransform =-0.440453 -0.489529 -0.752571 -37.6307 0.625092 -0.768909 0.134313 188.554 -0.644408 -0.411267 0.644668 -64.6172 0 0 0 1 
Seq_Frame0008_ForcepToReference-SequenceTransformStatus = OK
Seq_Frame0008_Timestamp = 3.216
Seq_Frame0009_ForcepToReference-SequenceTransform =-0.523564 -0.598473 -0.606391 -65.1221 0.664038 -0.732567 0.149665 193.835 -0.533793 -0.324307 0.780955 -48.5774 0 0 0 1 
Seq_Frame0009_ForcepToReference-SequenceTransformStatus = OK
Seq_Frame0009_Timestamp = 3.318
Seq_Frame0010_ForcepToReference-SequenceTransform =-0.472579 -0.688304 -0.55037 -85.3286 0.786868 -0.610785 0.0882106 216.47 -0.396873 -0.391382 0.830248 -27.9761 0 0 0 1 
Seq_Frame0010_ForcepToReference-SequenceTransformStatus = OK
Seq_Frame0010_Timestamp = 3.426
Seq_Frame0011_ForcepToReference-SequenceTransform =-0.456486 -0.69057 -0.561012 -85.6038 0.817618 -0.574257 0.0415917 222.278 -0.350887 -0.439708 0.826762 -12.5416 0 0 0 1 
Seq_Frame0011_ForcepToReference-SequenceTransformStatus = OK
Seq_Frame0011_Timestamp = 3.53
Seq_Frame0012_ForcepToReference-SequenceTransform =-0.400225 -0.647704 -0.648305 -70.722 0.818932 -0.570288 0.0642 223.847 -0.411303 -0.505223 0.758669 -0.95655 0 0 0 1 
Seq_Frame0012_ForcepToReference-SequenceTransformStatus = OK
Seq_Frame0012_Timestamp = 3.636
Seq_Frame0013_ForcepToReference-SequenceTransform =-0.171723 0.259439 0.95037 -48.285 -0.556223 0.770689 -0.310893 224.899 -0.813097 -0.582005 0.0119613 20.2813 0 0 0 1 
Seq_Frame0013_ForcepToReference-SequenceTransformStatus = OK
Seq_Frame0013_Timestamp = 3.821
Seq_Frame0014_ForcepToReference-SequenceTransform =-0.318286 -0.552779 -0.770149 -39.4929 0.746426 -0.646956 0.155874 222.226 -0.584416 -0.525247 0.618525 36.297 0 0 0 1 
Seq_Frame0014_ForcepToReference-SequenceTransformStatus = OK
Seq_Frame0014_Timestamp = 3.925
Seq_Frame0015_ForcepToReference-SequenceTransform =-0.325925 -0.536114 -0.778688 -37.2752 0.688564 -0.699007 0.193052 216.803 -0.647806 -0.473255 0.596973 35.4687 0 0 0 1 
Seq_Frame0015_ForcepToReference-SequenceTransformStatus = OK
Seq_Frame0015_Timestamp = 4.031
Seq_Frame0016_ForcepToReference-SequenceTransform =-0.375536 -0.519555 -0.767487 -37.4593 0.654422 -0.735031 0.177372 212.496 -0.656281 -0.435651 0.616039 35.2082 0 0 0 1 
Seq_Frame0016_ForcepToReference-SequenceTransformStatus = OK
Seq_Frame0016_Timestamp = 4.136
Seq_Frame0017_ForcepToReference-SequenceTransform =-0.282753 -0.463707 -0.839658 -26.0058 0.502814 -0.817122 0.28194 200.753 -0.816841 -0.342472 0.464202 34.8997 0 0 0 1 
Seq_Frame0017_ForcepToReference-SequenceTransformStatus = OK
Seq_Frame0017_Timestamp = 4.242
Seq_Frame0018_ForcepToReference-SequenceTransform =-0.25874 -0.444086 -0.857812 -21.0415 0.506279 -0.818648 0.271104 204.613 -0.822639 -0.364147 0.436648 37.8952 0 0 0 1 
Seq_Frame0018_ForcepToReference-SequenceTransformStatus = OK
Seq_Frame0018_Timestamp = 4.351
Seq_Frame0019_ForcepToReference-SequenceTransform =-0.282286 -0.49885 -0.819429 -9.94793 0.700936 -0.690435 0.178855 231.747 -0.654984 -0.523879 0.544562 58.2671 0 0 0 1 
Seq_Frame0019_ForcepToReference-SequenceTransformStatus = OK
Seq_Frame0019_Timestamp = 4.456
Seq_Frame0020_ForcepToReference-SequenceTransform =-0.475123 -0.500642 -0.723613 -1.28726 0.835086 -0.515706 -0.191518 257.6 -0.27729 -0.695274 0.663102 109.626 0 0 0 1 
Seq_Frame0020_ForcepToReference-SequenceTransformStatus = OK
Seq_Frame0020_Timestamp = 4.559
Seq_Frame0021_ForcepToReference-SequenceTransform =-0.542733 -0.673335 -0.502056 -6.81979 0.83965 -0.449686 -0.304581 262.496 -0.0206829 -0.586858 0.809426 145.885 0 0 0 1 
Seq_Frame0021_ForcepToReference-SequenceTransformStatus = OK
Seq_Frame0021_Timestamp = 4.666
Seq_Frame0022_ForcepToReference-SequenceTransform =-0.350247 -0.751424 -0.559187 19.0887 0.928187 -0.358547 -0.0995612 257.577 -0.125682 -0.553901 0.823042 152.744 0 0 0 1 
Seq_Frame0022_ForcepToReference-SequenceTransformStatus = OK
Seq_Frame0022_Timestamp = 4.768
Seq_Frame0023_ForcepToReference-SequenceTransform =-0.217118 -0.740055 -0.636536 32.4545 0.966489 -0.254471 -0.0338079 256.646 -0.13696 -0.622545 0.770506 162.494 0 0 0 1 
Seq_Frame0023_ForcepToReference-SequenceTransformStatus = OK
Seq_Frame0023_Timestamp = 4.876
Seq_Frame0024_ForcepToReference-SequenceTransform =-0.171179 -0.750988 -0.637742 35.5473 0.981255 -0.188109 -0.0418711 255.351 -0.08852 -0.632955 0.769112 170.551 0 0 0 1 
Seq_Frame0024_ForcepToReference-SequenceTransformStatus = OK
Seq_Frame0024_Timestamp = 4.981
Seq_Frame0025_ForcepToReference-SequenceTransform =-0.190493 -0.775924 -0.601378 33.2685 0.981206 -0.169707 -0.0918436 255.384 -0.0307943 -0.607571 0.793669 172.675 0 0 0 1 
Seq_Frame0025_ForcepToReference-SequenceTransformStatus = OK
Seq_Frame0025_Timestamp = 5.086
Seq_Frame0026_ForcepToReference-SequenceTransform =-0.185396 -0.775941 -0.602946 33.9115 0.982632 -0.141477 -0.120075 254.901 0.00786847 -0.614736 0.788694 174.529 0 0 0 1 
Seq_Frame0026_ForcepToReference-SequenceTransformStatus = OK
Seq_Frame0026_Timestamp = 5.191
Seq_Frame0027_ForcepToReference-SequenceTransform =-0.191336 -0.768824 -0.610164 33.8867 0.981404 -0.140109 -0.131209 255.391 0.0153868 -0.623923 0.781335 177.143 0 0 0 1 
Seq_Frame0027_ForcepToReference-SequenceTransformStatus = OK
Seq_Frame0027_Timestamp = 5.296
Seq_Frame0028_ForcepToReference-SequenceTransform =-0.219956 -0.750241 -0.623505 33.1274 0.974346 -0.137748 -0.177975 258.03 0.0476378 -0.646656 0.761293 180.26 0 0 0 1 
Seq_Frame0028_ForcepToReference-SequenceTransformStatus = OK
Seq_Frame0028_Timestamp = 5.401
Seq_Frame0029_ForcepToReference-SequenceTransform =-0.248473 -0.775912 -0.579847 28.5406 0.967763 -0.173408 -0.182657 261.283 0.0411753 -0.60654 0.793986 174.524 0 0 0 1 
Seq_Frame0029_ForcepToReference-SequenceTransformStatus = OK
Seq_Frame0029_Timestamp = 5.511
Seq_Frame0030_ForcepToReference-SequenceTransform =-0.300967 -0.713964 -0.632198 22.2527 0.953523 -0.215166 -0.210943 267.815 0.0145787 -0.666302 0.745539 169.816 0 0 0 1 
Seq_Frame0030_ForcepToReference-SequenceTransformStatus = OK
Seq_Frame0030_Timestamp = 5.616
Seq_Frame0031_ForcepToReference-SequenceTransform =-0.313805 -0.632376 -0.708256 24.0095 0.94932 -0.194932 -0.246564 265.659 0.0178589 -0.749734 0.661498 172.281 0 0 0 1 
Seq_Frame0031_ForcepToReference-SequenceTransformStatus = OK
Seq_Frame0031_Timestamp = 5.726
Seq_Frame0032_ForcepToReference-SequenceTransform =-0.360944 -0.571966 -0.736597 24.6908 0.932574 -0.22568 -0.281736 265.724 -0.0050921 -0.788621 0.614858 176.68 0 0 0 1 
Seq_Frame0032_ForcepToReference-SequenceTransformStatus = OK
Seq_Frame0032_Timestamp = 5.831
Seq_Frame0033_ForcepToReference-SequenceTransform =-0.409654 -0.52256 -0.74774 23.7946 0.912241 -0.234258 -0.336065 267.61 0.000450547 -0.819789 0.572665 182.588 0 0 0 1 
Seq_Frame0033_ForcepToReference-SequenceTransformStatus = OK
Seq_Frame0033_Timestamp = 5.941
Seq_Frame0034_ForcepToReference-SequenceTransform =-0.425007 -0.53029 -0.733596 23.2885 0.905101 -0.237546 -0.352654 267.813 0.0127466 -0.813858 0.580924 182.254 0 0 0 1 
Seq_Frame0034_ForcepToReference-SequenceTransformStatus = OK
Seq_Frame0034_Timestamp = 6.047
Seq_Frame0035_ForcepToReference-SequenceTransform =-0.435928 -0.522543 -0.732745 23.7139 0.899598 -0.229221 -0.371728 266.476 0.0262836 -0.821222 0.570003 182.904 0 0 0 1 
Seq_Frame0035_ForcepToReference-SequenceTransformStatus = OK
Seq_Frame0035_Timestamp = 6.15
Seq_Frame0036_ForcepToReference-SequenceTransform =-0.434668 -0.508302 -0.743433 24.6067 0.900407 -0.228604 -0.370146 265.725 0.0181944 -0.830283 0.557046 183.805 0 0 0 1 
Seq_Frame0036_ForcepToReference-SequenceTransformStatus = OK
Seq_Frame0036_Timestamp = 6.256
Seq_Frame0037_ForcepToReference-SequenceTransform =-0.432124 -0.495419 -0.753545 26.0751 0.901648 -0.221289 -0.371567 264.021 0.01733 -0.839995 0.542318 185.342 0 0 0 1 
Seq_Frame0037_ForcepToReference-SequenceTransformStatus = OK
Seq_Frame0037_Timestamp = 6.361
Seq_Frame0038_ForcepToReference-SequenceTransform =-0.435086 -0.519568 -0.735356 27.0081 0.899298 -0.210567 -0.383309 263.285 0.0443136 -0.828076 0.558861 184.439 0 0 0 1 
Seq_Frame0038_ForcepToReference-SequenceTransformStatus = OK
Seq_Frame0038_Timestamp = 6.471
Seq_Frame0039_ForcepToReference-SequenceTransform =-0.42113 -0.51604 -0.74589 28.6469 0.906698 -0.218279 -0.360907 262.977 0.0234305 -0.828285 0.559816 182.984 0 0 0 1 
Seq_Frame0039_ForcepToReference-SequenceTransformStatus = OK
Seq_Frame0039_Timestamp = 6.576
Seq_Frame0040_ForcepToReference-SequenceTransform =-0.38484 -0.467481 -0.795839 32.3359 0.922845 -0.209794 -0.323022 263.817 -0.015956 -0.858748 0.51215 182.675 0 0 0 1 
Seq_Frame0040_ForcepToReference-SequenceTransformStatus = OK
Seq_Frame0040_Timestamp = 6.684
Seq_Frame0041_ForcepToReference-SequenceTransform =-0.396533 -0.444307 -0.803338 33.1938 0.91802 -0.191284 -0.347347 264.964 0.000662793 -0.875215 0.483733 184.465 0 0 0 1 
Seq_Frame0041_ForcepToReference-SequenceTransformStatus = OK
Seq_Frame0041_Timestamp = 6.791
Seq_Frame0042_ForcepToReference-SequenceTransform =-0.392127 -0.45331 -0.800467 33.1332 0.919909 -0.195187 -0.340102 264.959 -0.00206905 -0.86972 0.493542 184.474 0 0 0 1 
Seq_Frame0042_ForcepToReference-SequenceTransformStatus = OK
Seq_Frame0042_Timestamp = 6.896
Seq_Frame0043_ForcepToReference-SequenceTransform =-0.373822 -0.485319 -0.790394 33.333 0.927484 -0.200702 -0.315424 263.303 -0.00555215 -0.85099 0.525152 181.579 0 0 0 1 
Seq_Frame0043_ForcepToReference-SequenceTransformStatus = OK
Seq_Frame0043_Timestamp = 7.001
Seq_Frame0044_ForcepToReference-SequenceTransform =-0.371593 -0.505919 -0.778437 32.965 0.927931 -0.228936 -0.294165 262.575 -0.0293887 -0.831645 0.554529 176.439 0 0 0 1 
Seq_Frame0044_ForcepToReference-SequenceTransformStatus = OK
Seq_Frame0044_Timestamp = 7.111
Seq_Frame0045_ForcepToReference-SequenceTransform =-0.385979 -0.538346 -0.749135 30.5792 0.92218 -0.246788 -0.29779 263.787 -0.0245641 -0.805779 0.591707 164.645 0 0 0 1 
Seq_Frame0045_ForcepToReference-SequenceTransformStatus = OK
Seq_Frame0045_Timestamp = 7.216
Seq_Frame0046_ForcepToReference-SequenceTransform =-0.388839 -0.594999 -0.703406 28.6212 0.920471 -0.283382 -0.269123 262.064 -0.0392044 -0.752111 0.65787 128.851 0 0 0 1 
Seq_Frame0046_ForcepToReference-SequenceTransformStatus = OK
Seq_Frame0046_Timestamp = 7.321
Seq_Frame0047_ForcepToReference-SequenceTransform =-0.361952 -0.623599 -0.692903 30.9213 0.928816 -0.3045 -0.211142 254.497 -0.0793214 -0.720003 0.689423 97.081 0 0 0 1 
Seq_Frame0047_ForcepToReference-SequenceTransformStatus = OK
Seq_Frame0047_Timestamp = 7.427
Seq_Frame0048_ForcepToReference-SequenceTransform =-0.341613 -0.660818 -0.668296 32.2033 0.938533 -0.277356 -0.205497 250.062 -0.0495595 -0.697419 0.714948 80.4773 0 0 0 1 
Seq_Frame0048_ForcepToReference-SequenceTransformStatus = OK
Seq_Frame0048_Timestamp = 7.531
Seq_Frame0049_ForcepToReference-SequenceTransform =-0.336221 -0.712741 -0.615594 32.0184 0.941418 -0.272547 -0.198619 244.168 -0.0262142 -0.646311 0.762623 68.2883 0 0 0 1 
Seq_Frame0049_ForcepToReference-SequenceTransformStatus = OK
Seq_Frame0049_Timestamp = 7.634
Seq_Frame0050_ForcepToReference-SequenceTransform =-0.317902 -0.742597 -0.589482 32.7435 0.943894 -0.306543 -0.122867 235.834 -0.0894607 -0.595468 0.798383 56.9426 0 0 0 1 
Seq_Frame0050_ForcepToReference-SequenceTransformStatus = OK
Seq_Frame0050_Timestamp = 7.741
Seq_Frame0051_ForcepToReference-SequenceTransform =-0.310963 -0.771212 -0.555458 32.0654 0.913138 -0.404518 0.0504398 221.74 -0.263593 -0.491525 0.830013 38.8278 0 0 0 1 
Seq_Frame0051_ForcepToReference-SequenceTransformStatus = OK
Seq_Frame0051_Timestamp = 7.846
Seq_Frame0052_ForcepToReference-SequenceTransform =-0.297206 -0.732688 -0.612239 33.9749 0.803892 -0.537999 0.253601 200.612 -0.515195 -0.416803 0.748899 22.6835 0 0 0 1 
Seq_Frame0052_ForcepToReference-SequenceTransformStatus = OK
Seq_Frame0052_Timestamp = 7.951
Seq_Frame0053_ForcepToReference-SequenceTransform =-0.131796 0.326036 0.936125 36.4414 -0.74948 0.585297 -0.309367 178.021 -0.648776 -0.74238 0.167217 15.6903 0 0 0 1 
Seq_Frame0053_ForcepToReference-SequenceTransformStatus = OK
Seq_Frame0053_Timestamp = 8.756
Seq_Frame0054_ForcepToReference-SequenceTransform =-0.10323 0.367657 0.924214 36.1339 -0.734208 0.598691 -0.320169 177.267 -0.671031 -0.711616 0.208134 17.9512 0 0 0 1 
Seq_Frame0054_ForcepToReference-SequenceTransformStatus = OK
Seq_Frame0054_Timestamp = 8.865
Seq_Frame0055_ForcepToReference-SequenceTransform =-0.0941571 0.37634 0.921685 36.5661 -0.732905 0.600369 -0.320013 178.159 -0.673784 -0.705638 0.219292 18.1517 0 0 0 1 
Seq_Frame0055_ForcepToReference-SequenceTransformStatus = OK
Seq_Frame0055_Timestamp = 8.971
Seq_Frame0056_ForcepToReference-SequenceTransform =-0.0947265 0.365201 0.926097 36.2397 -0.731202 0.605767 -0.313672 179.58 -0.675552 -0.706877 0.209653 18.5935 0 0 0 1 
Seq_Frame0056_ForcepToReference-SequenceTransformStatus = OK
Seq_Frame0056_Timestamp = 9.081
Seq_Frame0057_ForcepToReference-SequenceTransform =-0.0894873 0.368696 0.925233 36.2226 -0.730461 0.607206 -0.312614 180.216 -0.677066 -0.703822 0.214981 19.6179 0 0 0 1 
Seq_Frame0057_ForcepToReference-SequenceTransformStatus = OK
Seq_Frame0057_Timestamp = 9.186
Seq_Frame0058_ForcepToReference-SequenceTransform =-0.0848219 0.370623 0.924902 36.4131 -0.730633 0.608009 -0.310644 180.368 -0.677481 -0.702114 0.219217 20.0348 0 0 0 1 
Seq_Frame0058_ForcepToReference-SequenceTransformStatus = OK
Seq_Frame0058_Timestamp = 9.296
Seq_Frame0059_ForcepToReference-SequenceTransform =-0.0813131 0.381259 0.920885 36.9428 -0.726268 0.610102 -0.316719 180.093 -0.682586 -0.694563 0.227287 20.3515 0 0 0 1 
Seq_Frame0059_ForcepToReference-SequenceTransformStatus = OK
Seq_Frame0059_Timestamp = 9.401
Seq_Frame0060_ForcepToReference-SequenceTransform =-0.082493 0.377366 0.922383 37.0107 -0.723935 0.613395 -0.315698 179.696 -0.684918 -0.693788 0.222588 20.405 0 0 0 1 
Seq_Frame0060_ForcepToReference-SequenceTransformStatus = OK
Seq_Frame0060_Timestamp = 9.506
Seq_Frame0061_ForcepToReference-SequenceTransform =-0.0677265 0.393608 0.91678 37.8837 -0.714116 0.622579 -0.320051 179.692 -0.696743 -0.676364 0.238917 19.886 0 0 0 1 
Seq_Frame0061_ForcepToReference-SequenceTransformStatus = OK
Seq_Frame0061_Timestamp = 9.616
Seq_Frame0062_ForcepToReference-SequenceTransform =-0.0760801 0.382258 0.920918 37.9362 -0.72192 0.615961 -0.315316 179.516 -0.687782 -0.688818 0.229097 19.7263 0 0 0 1 
Seq_Frame0062_ForcepToReference-SequenceTransformStatus = OK
Seq_Frame0062_Timestamp = 9.721
Seq_Frame0063_ForcepToReference-SequenceTransform =-0.0697857 0.38527 0.920161 37.8954 -0.720301 0.618689 -0.313672 179.828 -0.690142 -0.684683 0.234335 19.3453 0 0 0 1 
Seq_Frame0063_ForcepToReference-SequenceTransformStatus = OK
Seq_Frame0063_Timestamp = 9.831
Seq_Frame0064_ForcepToReference-SequenceTransform =-0.0691472 0.384767 0.92042 37.4423 -0.721425 0.617959 -0.312526 179.768 -0.689032 -0.685624 0.234851 19.9782 0 0 0 1 
Seq_Frame0064_ForcepToReference-SequenceTransformStatus = OK
Seq_Frame0064_Timestamp = 9.935
Seq_Frame0065_ForcepToReference-SequenceTransform =-0.0712382 0.382921 0.92103 37.1358 -0.728887 0.61036 -0.310135 179.967 -0.680917 -0.693421 0.235625 20.0653 0 0 0 1 
Seq_Frame0065_ForcepToReference-SequenceTransformStatus = OK
Seq_Frame0065_Timestamp = 10.041
Seq_Frame0066_ForcepToReference-SequenceTransform =-0.0645107 0.3912 0.918042 37.4455 -0.737107 0.601458 -0.308092 179.033 -0.672689 -0.696571 0.249556 20.0582 0 0 0 1 
Seq_Frame0066_ForcepToReference-SequenceTransformStatus = OK
Seq_Frame0066_Timestamp = 10.147
Seq_Frame0067_ForcepToReference-SequenceTransform =-0.0512288 0.388134 0.920178 37.2757 -0.770028 0.571376 -0.283877 176.837 -0.63595 -0.723106 0.269603 20.2237 0 0 0 1 
Seq_Frame0067_ForcepToReference-SequenceTransformStatus = OK
Seq_Frame0067_Timestamp = 10.251
Seq_Frame0068_ForcepToReference-SequenceTransform =-0.0268806 0.38411 0.922896 37.3653 -0.802231 0.542531 -0.249168 174.816 -0.596408 -0.747073 0.293562 17.9925 0 0 0 1 
Seq_Frame0068_ForcepToReference-SequenceTransformStatus = OK
Seq_Frame0068_Timestamp = 10.356
Seq_Frame0069_ForcepToReference-SequenceTransform =-0.0156355 0.380809 0.924521 36.5155 -0.820846 0.523082 -0.229339 173.376 -0.570935 -0.762476 0.304407 15.4232 0 0 0 1 
Seq_Frame0069_ForcepToReference-SequenceTransformStatus = OK
Seq_Frame0069_Timestamp = 10.459
Seq_Frame0070_ForcepToReference-SequenceTransform =-0.0194738 0.381201 0.924287 36.3774 -0.826493 0.514073 -0.229431 171.185 -0.56261 -0.768385 0.305049 15.0172 0 0 0 1 
Seq_Frame0070_ForcepToReference-SequenceTransformStatus = OK
Seq_Frame0070_Timestamp = 10.566
Seq_Frame0071_ForcepToReference-SequenceTransform =-0.0142925 0.37826 0.925589 36.529 -0.831257 0.509964 -0.221242 170.826 -0.555705 -0.772565 0.307142 14.624 0 0 0 1 
Seq_Frame0071_ForcepToReference-SequenceTransformStatus = OK
Seq_Frame0071_Timestamp = 10.671
Seq_Frame0072_ForcepToReference-SequenceTransform =-0.016011 0.370998 0.928496 35.977 -0.830232 0.512547 -0.219114 170.487 -0.557189 -0.774375 0.299808 14.0083 0 0 0 1 
Seq_Frame0072_ForcepToReference-SequenceTransformStatus = OK
Seq_Frame0072_Timestamp = 10.776
Seq_Frame0073_ForcepToReference-SequenceTransform =-0.0156887 0.362423 0.931882 34.1814 -0.834892 0.50809 -0.21166 170.308 -0.55019 -0.781341 0.294613 12.926 0 0 0 1 
Seq_Frame0073_ForcepToReference-SequenceTransformStatus = OK
Seq_Frame0073_Timestamp = 10.885
Seq_Frame0074_ForcepToReference-SequenceTransform =-0.0229441 0.34475 0.938414 32.7768 -0.83298 0.512462 -0.208632 170.255 -0.552827 -0.786467 0.275412 12.0353 0 0 0 1 
Seq_Frame0074_ForcepToReference-SequenceTransformStatus = OK
Seq_Frame0074_Timestamp = 10.99
Seq_Frame0075_ForcepToReference-SequenceTransform =-0.0154748 0.346891 0.937778 32.9969 -0.832327 0.515249 -0.204329 170.873 -0.55407 -0.783699 0.280754 12.7802 0 0 0 1 
Seq_Frame0075_ForcepToReference-SequenceTransformStatus = OK
Seq_Frame0075_Timestamp = 11.096
Seq_Frame0076_ForcepToReference-SequenceTransform =-0.00886626 0.3548 0.9349 33.377 -0.831097 0.517283 -0.204194 171.613 -0.556056 -0.778803 0.290287 13.5215 0 0 0 1 
Seq_Frame0076_ForcepToReference-SequenceTransformStatus = OK
Seq_Frame0076_Timestamp = 11.205
Seq_Frame0077_ForcepToReference-SequenceTransform =-0.0146204 0.337039 0.941377 32.3727 -0.8335 0.51595 -0.197669 172.331 -0.552326 -0.787528 0.273379 13.815 0 0 0 1 
Seq_Frame0077_ForcepToReference-SequenceTransformStatus = OK
Seq_Frame0077_Timestamp = 11.315
Seq_Frame0078_ForcepToReference-SequenceTransform =-0.0156826 0.344015 0.938833 32.3528 -0.83654 0.509794 -0.200777 171.126 -0.547682 -0.78852 0.279787 13.309 0 0 0 1 
Seq_Frame0078_ForcepToReference-SequenceTransformStatus = OK
Seq_Frame0078_Timestamp = 11.421
Seq_Frame0079_ForcepToReference-SequenceTransform =-0.00656258 0.354728 0.934947 33.2339 -0.841094 0.503729 -0.197023 170.476 -0.54085 -0.787671 0.295053 13.2678 0 0 0 1 
Seq_Frame0079_ForcepToReference-SequenceTransformStatus = OK
Seq_Frame0079_Timestamp = 11.526
Seq_Frame0080_ForcepToReference-SequenceTransform =0.0015192 0.361085 0.932532 33.4236 -0.855844 0.482806 -0.185553 168.648 -0.517232 -0.797819 0.309766 12.6942 0 0 0 1 
Seq_Frame0080_ForcepToReference-SequenceTransformStatus = OK
Seq_Frame0080_Timestamp = 11.631
Seq_Frame0081_ForcepToReference-SequenceTransform =0.0119269 0.365328 0.930802 34.0566 -0.872812 0.458017 -0.168582 166.85 -0.487911 -0.810405 0.324325 12.7666 0 0 0 1 
Seq_Frame0081_ForcepToReference-SequenceTransformStatus = OK
Seq_Frame0081_Timestamp = 11.734
Seq_Frame0082_ForcepToReference-SequenceTransform =0.0283452 0.36397 0.930979 34.152 -0.892368 0.42888 -0.140503 163.542 -0.450418 -0.826793 0.336952 10.8108 0 0 0 1 
Seq_Frame0082_ForcepToReference-SequenceTransformStatus = OK
Seq_Frame0082_Timestamp = 11.846
Seq_Frame0083_ForcepToReference-SequenceTransform =0.0352978 0.368926 0.928788 34.391 -0.896813 0.421799 -0.133461 161.901 -0.441 -0.828238 0.345746 10.2252 0 0 0 1 
Seq_Frame0083_ForcepToReference-SequenceTransformStatus = OK
Seq_Frame0083_Timestamp = 11.96
Seq_Frame0084_ForcepToReference-SequenceTransform =0.0332897 0.38256 0.923331 34.8564 -0.892492 0.427183 -0.144815 160.448 -0.449832 -0.819245 0.355653 10.644 0 0 0 1 
Seq_Frame0084_ForcepToReference-SequenceTransformStatus = OK
Seq_Frame0084_Timestamp = 12.067
Seq_Frame0085_ForcepToReference-SequenceTransform =0.0332897 0.38256 0.923331 34.8564 -0.892492 0.427183 -0.144815 160.448 -0.449832 -0.819245 0.355653 10.644 0 0 0 1 
Seq_Frame0085_ForcepToReference-SequenceTransformStatus = OK
Seq_Frame0085_Timestamp = 12.181
Seq_Frame0086_ForcepToReference-SequenceTransform =-0.185598 -0.519434 -0.834111 34.9092 0.506286 -0.778063 0.371877 162.406 -0.842157 -0.353279 0.407389 10.4679 0 0 0 1 
Seq_Frame0086_ForcepToReference-SequenceTransformStatus = OK
Seq_Frame0086_Timestamp = 12.816
Seq_Frame0087_ForcepToReference-SequenceTransform =-0.262189 -0.547907 -0.79439 28.872 0.487695 -0.78556 0.380852 167.185 -0.832713 -0.287565 0.473177 3.96845 0 0 0 1 
Seq_Frame0087_ForcepToReference-SequenceTransformStatus = OK
Seq_Frame0087_Timestamp = 12.921
Seq_Frame0088_ForcepToReference-SequenceTransform =-0.268595 -0.622115 -0.735411 13.7198 0.653184 -0.678755 0.335624 185.831 -0.70796 -0.390211 0.588666 0.895176 0 0 0 1 
Seq_Frame0088_ForcepToReference-SequenceTransformStatus = OK
Seq_Frame0088_Timestamp = 13.026
Seq_Frame0089_ForcepToReference-SequenceTransform =-0.229299 -0.718537 -0.656603 2.59541 0.859961 -0.465541 0.209137 213.91 -0.455948 -0.516698 0.724662 17.7697 0 0 0 1 
Seq_Frame0089_ForcepToReference-SequenceTransformStatus = OK
Seq_Frame0089_Timestamp = 13.131
Seq_Frame0090_ForcepToReference-SequenceTransform =-0.187965 -0.689696 -0.699277 8.13449 0.938118 -0.336917 0.0801356 230.01 -0.290867 -0.640941 0.710345 46.5934 0 0 0 1 
Seq_Frame0090_ForcepToReference-SequenceTransformStatus = OK
Seq_Frame0090_Timestamp = 13.236
Seq_Frame0091_ForcepToReference-SequenceTransform =-0.173466 -0.695917 -0.696856 27.7351 0.928884 -0.350724 0.119027 215.336 -0.327237 -0.626652 0.707265 69.2278 0 0 0 1 
Seq_Frame0091_ForcepToReference-SequenceTransformStatus = OK
Seq_Frame0091_Timestamp = 13.66
Seq_Frame0092_ForcepToReference-SequenceTransform =-0.210123 -0.72113 -0.660166 25.8726 0.928502 -0.358642 0.09623 213.41 -0.306157 -0.592745 0.74493 69.0497 0 0 0 1 
Seq_Frame0092_ForcepToReference-SequenceTransformStatus = OK
Seq_Frame0092_Timestamp = 13.766
Seq_Frame0093_ForcepToReference-SequenceTransform =-0.231663 -0.741794 -0.629343 24.948 0.929126 -0.360382 0.0827605 213.311 -0.288195 -0.565567 0.772708 68.4125 0 0 0 1 
Seq_Frame0093_ForcepToReference-SequenceTransformStatus = OK
Seq_Frame0093_Timestamp = 13.871
Seq_Frame0094_ForcepToReference-SequenceTransform =-0.233032 -0.722643 -0.650756 24.2499 0.930662 -0.359822 0.0663055 213.418 -0.282072 -0.590183 0.756386 67.5296 0 0 0 1 
Seq_Frame0094_ForcepToReference-SequenceTransformStatus = OK
Seq_Frame0094_Timestamp = 13.976
Seq_Frame0095_ForcepToReference-SequenceTransform =-0.224014 -0.688001 -0.69027 23.6694 0.929603 -0.363537 0.0606566 213.015 -0.292671 -0.628089 0.721005 67.596 0 0 0 1 
Seq_Frame0095_ForcepToReference-SequenceTransformStatus = OK
Seq_Frame0095_Timestamp = 14.081
Seq_Frame0096_ForcepToReference-SequenceTransform =-0.225234 -0.696471 -0.681321 22.4797 0.926678 -0.369096 0.0709586 212.102 -0.300894 -0.615383 0.728537 65.0652 0 0 0 1 
Seq_Frame0096_ForcepToReference-SequenceTransformStatus = OK
Seq_Frame0096_Timestamp = 14.191
Seq_Frame0097_ForcepToReference-SequenceTransform =-0.233193 -0.699344 -0.675677 21.2317 0.927258 -0.369229 0.0621415 211.545 -0.292938 -0.612036 0.734574 63.5453 0 0 0 1 
Seq_Frame0097_ForcepToReference-SequenceTransformStatus = OK
Seq_Frame0097_Timestamp = 14.293
Seq_Frame0098_ForcepToReference-SequenceTransform =-0.234827 -0.701134 -0.673252 20.6669 0.922986 -0.378076 0.0717997 211.137 -0.304881 -0.604541 0.735919 63.0281 0 0 0 1 
Seq_Frame0098_ForcepToReference-SequenceTransformStatus = OK
Seq_Frame0098_Timestamp = 14.394
Seq_Frame0099_ForcepToReference-SequenceTransform =-0.242282 -0.702771 -0.668888 19.9632 0.920424 -0.384497 0.0705812 211.774 -0.306788 -0.59856 0.740005 62.3091 0 0 0 1 
Seq_Frame0099_ForcepToReference-SequenceTransformStatus = OK
Seq_Frame0099_Timestamp = 14.506
Seq_Frame0100_ForcepToReference-SequenceTransform =-0.234565 -0.66814 -0.706094 19.7434 0.925864 -0.3749 0.0471753 211.921 -0.296234 -0.642682 0.706545 63.2907 0 0 0 1 
Seq_Frame0100_ForcepToReference-SequenceTransformStatus = OK
Seq_Frame0100_Timestamp = 14.836
Seq_Frame0101_ForcepToReference-SequenceTransform =-0.234019 -0.675519 -0.69922 19.669 0.927523 -0.370709 0.047715 211.903 -0.291439 -0.637376 0.713312 63.09 0 0 0 1 
Seq_Frame0101_ForcepToReference-SequenceTransformStatus = OK
Seq_Frame0101_Timestamp = 14.941
Seq_Frame0102_ForcepToReference-SequenceTransform =-0.231136 -0.673678 -0.701951 19.4294 0.923658 -0.378614 0.0592257 210.952 -0.305668 -0.634673 0.709759 62.4642 0 0 0 1 
Seq_Frame0102_ForcepToReference-SequenceTransformStatus = OK
Seq_Frame0102_Timestamp = 15.047
Seq_Frame0103_ForcepToReference-SequenceTransform =-0.235581 -0.675775 -0.698449 19.2693 0.923594 -0.379335 0.0554996 210.48 -0.302451 -0.632008 0.713505 60.8312 0 0 0 1 
Seq_Frame0103_ForcepToReference-SequenceTransformStatus = OK
Seq_Frame0103_Timestamp = 15.171
Seq_Frame0104_ForcepToReference-SequenceTransform =-0.241835 -0.675714 -0.696366 19.5048 0.919723 -0.388346 0.0574263 211.377 -0.309235 -0.626576 0.715385 60.6773 0 0 0 1 
Seq_Frame0104_ForcepToReference-SequenceTransformStatus = OK
Seq_Frame0104_Timestamp = 15.275
Seq_Frame0105_ForcepToReference-SequenceTransform =-0.243174 -0.668344 -0.702981 19.4336 0.91848 -0.391671 0.0546547 210.364 -0.311866 -0.632384 0.709105 60.5673 0 0 0 1 
Seq_Frame0105_ForcepToReference-SequenceTransformStatus = OK
Seq_Frame0105_Timestamp = 15.381
Seq_Frame0106_ForcepToReference-SequenceTransform =-0.244175 -0.663291 -0.707406 18.9466 0.913476 -0.402174 0.0617894 209.598 -0.325485 -0.631111 0.704101 59.332 0 0 0 1 
Seq_Frame0106_ForcepToReference-SequenceTransformStatus = OK
Seq_Frame0106_Timestamp = 15.486
Seq_Frame0107_ForcepToReference-SequenceTransform =-0.254531 -0.677284 -0.69029 18.688 0.910979 -0.407474 0.06389 209.709 -0.324546 -0.612577 0.720707 58.385 0 0 0 1 
Seq_Frame0107_ForcepToReference-SequenceTransformStatus = OK
Seq_Frame0107_Timestamp = 15.591
Seq_Frame0108_ForcepToReference-SequenceTransform =-0.25774 -0.676352 -0.690013 19.0114 0.911241 -0.407604 0.0591586 209.985 -0.321264 -0.61352 0.721376 58.1088 0 0 0 1 
Seq_Frame0108_ForcepToReference-SequenceTransformStatus = OK
Seq_Frame0108_Timestamp = 15.7
Seq_Frame0109_ForcepToReference-SequenceTransform =-0.263015 -0.679214 -0.685195 19.0009 0.909524 -0.411476 0.0587602 210.059 -0.321852 -0.607746 0.725986 58.0969 0 0 0 1 
Seq_Frame0109_ForcepToReference-SequenceTransformStatus = OK
Seq_Frame0109_Timestamp = 15.806
Seq_Frame0110_ForcepToReference-SequenceTransform =-0.268855 -0.684086 -0.678043 18.8298 0.908036 -0.414795 0.0584414 210.012 -0.321228 -0.599976 0.732695 58.0626 0 0 0 1 
Seq_Frame0110_ForcepToReference-SequenceTransformStatus = OK
Seq_Frame0110_Timestamp = 15.916
Seq_Frame0111_ForcepToReference-SequenceTransform =-0.272307 -0.687446 -0.673251 19.4236 0.90463 -0.421319 0.0643096 209.825 -0.327863 -0.591531 0.736612 59.5972 0 0 0 1 
Seq_Frame0111_ForcepToReference-SequenceTransformStatus = OK
Seq_Frame0111_Timestamp = 16.026
Seq_Frame0112_ForcepToReference-SequenceTransform =-0.256011 -0.675711 -0.691283 20.3252 0.912674 -0.404622 0.057506 209.817 -0.318566 -0.616194 0.720292 60.9628 0 0 0 1 
Seq_Frame0112_ForcepToReference-SequenceTransformStatus = OK
Seq_Frame0112_Timestamp = 16.131
Seq_Frame0113_ForcepToReference-SequenceTransform =-0.243411 -0.659943 -0.710793 20.9626 0.926106 -0.375914 0.0318764 211.341 -0.288234 -0.65051 0.702679 64.4086 0 0 0 1 
Seq_Frame0113_ForcepToReference-SequenceTransformStatus = OK
Seq_Frame0113_Timestamp = 16.234
Seq_Frame0114_ForcepToReference-SequenceTransform =-0.28868 -0.645812 -0.706817 27.3283 0.946487 -0.303775 -0.109011 228.913 -0.144313 -0.700462 0.698947 76.1266 0 0 0 1 
Seq_Frame0114_ForcepToReference-SequenceTransformStatus = OK
Seq_Frame0114_Timestamp = 16.485
Seq_Frame0115_ForcepToReference-SequenceTransform =-0.263926 -0.636003 -0.72515 24.7454 0.938989 -0.341324 -0.0423922 218.067 -0.22055 -0.692097 0.687285 76.5478 0 0 0 1 
Seq_Frame0115_ForcepToReference-SequenceTransformStatus = OK
Seq_Frame0115_Timestamp = 16.895
Seq_Frame0116_ForcepToReference-SequenceTransform =-0.274985 -0.664485 -0.694869 24.1213 0.938643 -0.342022 -0.0443882 217.997 -0.208166 -0.66444 0.717765 75.4702 0 0 0 1 
Seq_Frame0116_ForcepToReference-SequenceTransformStatus = OK
Seq_Frame0116_Timestamp = 17.001
Seq_Frame0117_ForcepToReference-SequenceTransform =-0.271931 -0.649067 -0.710469 24.6191 0.938864 -0.340943 -0.0478724 217.253 -0.211157 -0.680052 0.702099 75.1083 0 0 0 1 
Seq_Frame0117_ForcepToReference-SequenceTransformStatus = OK
Seq_Frame0117_Timestamp = 17.106
Seq_Frame0118_ForcepToReference-SequenceTransform =-0.264266 -0.655518 -0.707432 25.1165 0.938599 -0.343491 -0.0323366 215.851 -0.221799 -0.67254 0.706042 73.1558 0 0 0 1 
Seq_Frame0118_ForcepToReference-SequenceTransformStatus = OK
Seq_Frame0118_Timestamp = 17.217
Seq_Frame0119_ForcepToReference-SequenceTransform =-0.271033 -0.651336 -0.708733 25.2141 0.933471 -0.357527 -0.0284042 215.825 -0.23489 -0.66928 0.704905 71.9568 0 0 0 1 
Seq_Frame0119_ForcepToReference-SequenceTransformStatus = OK
Seq_Frame0119_Timestamp = 17.32
Seq_Frame0120_ForcepToReference-SequenceTransform =-0.27928 -0.669581 -0.688232 24.8576 0.931264 -0.363539 -0.024214 215.363 -0.233986 -0.647689 0.725086 71.419 0 0 0 1 
Seq_Frame0120_ForcepToReference-SequenceTransformStatus = OK
Seq_Frame0120_Timestamp = 17.426
Seq_Frame0121_ForcepToReference-SequenceTransform =-0.271056 -0.667941 -0.693097 24.2922 0.93372 -0.357404 -0.0207257 214.039 -0.233873 -0.652777 0.720546 70.1502 0 0 0 1 
Seq_Frame0121_ForcepToReference-SequenceTransformStatus = OK
Seq_Frame0121_Timestamp = 17.53
Seq_Frame0122_ForcepToReference-SequenceTransform =-0.270147 -0.666804 -0.694545 24.2226 0.932264 -0.361441 -0.0156041 213.749 -0.240632 -0.651715 0.71928 69.0735 0 0 0 1 
Seq_Frame0122_ForcepToReference-SequenceTransformStatus = OK
Seq_Frame0122_Timestamp = 17.636
Seq_Frame0123_ForcepToReference-SequenceTransform =-0.265439 -0.661988 -0.700938 24.7055 0.933542 -0.358142 -0.0152844 214.011 -0.240917 -0.658413 0.713058 70.3485 0 0 0 1 
Seq_Frame0123_ForcepToReference-SequenceTransformStatus = OK
Seq_Frame0123_Timestamp = 17.746
Seq_Frame0124_ForcepToReference-SequenceTransform =-0.265093 -0.658911 -0.703962 25.1756 0.938197 -0.344746 -0.0306167 215.428 -0.222514 -0.668571 0.709578 73.9759 0 0 0 1 
Seq_Frame0124_ForcepToReference-SequenceTransformStatus = OK
Seq_Frame0124_Timestamp = 17.851
Seq_Frame0125_ForcepToReference-SequenceTransform =-0.276245 -0.608137 -0.744216 25.3379 0.935357 -0.348095 -0.0627485 217.484 -0.220898 -0.713442 0.664985 77.4862 0 0 0 1 
Seq_Frame0125_ForcepToReference-SequenceTransformStatus = OK
Seq_Frame0125_Timestamp = 17.96
Seq_Frame0126_ForcepToReference-SequenceTransform =-0.285326 -0.601804 -0.745936 25.4048 0.938781 -0.332275 -0.091019 219.963 -0.19308 -0.726241 0.659769 80.8876 0 0 0 1 
Seq_Frame0126_ForcepToReference-SequenceTransformStatus = OK
Seq_Frame0126_Timestamp = 18.066
Seq_Frame0127_ForcepToReference-SequenceTransform =-0.187021 0.293606 0.937453 23.086 -0.272917 0.901194 -0.336697 219.503 -0.943684 -0.318817 -0.0884124 72.5585 0 0 0 1 
Seq_Frame0127_ForcepToReference-SequenceTransformStatus = OK
Seq_Frame0127_Timestamp = 18.19
Seq_Frame0128_ForcepToReference-SequenceTransform =-0.151616 0.287393 0.945737 21.589 -0.275031 0.906747 -0.319637 216.84 -0.949405 -0.308569 -0.0584349 70.8865 0 0 0 1 
Seq_Frame0128_ForcepToReference-SequenceTransformStatus = OK
Seq_Frame0128_Timestamp = 18.296
Seq_Frame0129_ForcepToReference-SequenceTransform =-0.272206 0.0593314 0.960408 15.9489 -0.206443 0.971255 -0.118513 225.209 -0.939833 -0.230529 -0.252133 80.931 0 0 0 1 
Seq_Frame0129_ForcepToReference-SequenceTransformStatus = OK
Seq_Frame0129_Timestamp = 18.496
Seq_Frame0130_ForcepToReference-SequenceTransform =0.475691 -0.721506 0.503137 46.1283 0.743842 0.0246612 -0.667901 233.666 0.469487 0.691969 0.548417 110.801 0 0 0 1 
Seq_Frame0130_ForcepToReference-SequenceTransformStatus = OK
Seq_Frame0130_Timestamp = 19.39
Seq_Frame0131_ForcepToReference-SequenceTransform =0.408063 -0.804255 0.43204 49.0564 0.741046 0.0153868 -0.671278 233.939 0.533231 0.594085 0.602269 114.092 0 0 0 1 
Seq_Frame0131_ForcepToReference-SequenceTransformStatus = OK
Seq_Frame0131_Timestamp = 19.496
Seq_Frame0132_ForcepToReference-SequenceTransform =0.474917 -0.755661 0.451032 52.2357 0.733965 0.057342 -0.676762 233.539 0.48554 0.652448 0.581862 109.378 0 0 0 1 
Seq_Frame0132_ForcepToReference-SequenceTransformStatus = OK
Seq_Frame0132_Timestamp = 19.605
Seq_Frame0133_ForcepToReference-SequenceTransform =0.49172 -0.766184 0.413732 55.2624 0.733119 0.107904 -0.671486 230.961 0.469838 0.633498 0.614762 106.486 0 0 0 1 
Seq_Frame0133_ForcepToReference-SequenceTransformStatus = OK
Seq_Frame0133_Timestamp = 19.709
Seq_Frame0134_ForcepToReference-SequenceTransform =0.492337 -0.771219 0.403515 56.3127 0.742112 0.129683 -0.657611 229.954 0.454833 0.62322 0.636179 105.846 0 0 0 1 
Seq_Frame0134_ForcepToReference-SequenceTransformStatus = OK
Seq_Frame0134_Timestamp = 19.818
Seq_Frame0135_ForcepToReference-SequenceTransform =0.259541 -0.419402 0.869908 95.7593 0.952177 -0.0392567 -0.303013 285.214 0.161234 0.906951 0.389156 251.68 0 0 0 1 
Seq_Frame0135_ForcepToReference-SequenceTransformStatus = OK
Seq_Frame0135_Timestamp = 20.161
Seq_Frame0136_ForcepToReference-SequenceTransform =0.223078 -0.408162 0.885235 93.2282 0.963246 -0.0471073 -0.264457 283.809 0.149642 0.911693 0.382652 251.599 0 0 0 1 
Seq_Frame0136_ForcepToReference-SequenceTransformStatus = OK
Seq_Frame0136_Timestamp = 20.286
Seq_Frame0137_ForcepToReference-SequenceTransform =-0.435725 -0.527692 -0.729167 34.5716 0.64897 -0.74553 0.151732 195.192 -0.623684 -0.407094 0.667303 43.9266 0 0 0 1 
Seq_Frame0137_ForcepToReference-SequenceTransformStatus = OK
Seq_Frame0137_Timestamp = 22.126
Seq_Frame0138_ForcepToReference-SequenceTransform =-0.385318 -0.566035 -0.72879 42.4453 0.54624 -0.776448 0.314247 182.596 -0.743742 -0.277009 0.60837 41.1386 0 0 0 1 
Seq_Frame0138_ForcepToReference-SequenceTransformStatus = OK
Seq_Frame0138_Timestamp = 22.23
Seq_Frame0139_ForcepToReference-SequenceTransform =-0.0334686 0.260116 0.964997 46.4197 -0.864433 0.477084 -0.158579 166.895 -0.501633 -0.839483 0.208885 39.4862 0 0 0 1 
Seq_Frame0139_ForcepToReference-SequenceTransformStatus = OK
Seq_Frame0139_Timestamp = 24.036
Seq_Frame0140_ForcepToReference-SequenceTransform =-0.0508436 0.234978 0.97067 45.6519 -0.860434 0.483117 -0.162021 167.049 -0.507018 -0.843436 0.177619 40.3323 0 0 0 1 
Seq_Frame0140_ForcepToReference-SequenceTransformStatus = OK
Seq_Frame0140_Timestamp = 24.144
Seq_Frame0141_ForcepToReference-SequenceTransform =-0.568239 -0.209374 0.79578 46.494 0.81273 -0.294111 0.50296 220.719 0.128741 0.932556 0.33729 195.158 0 0 0 1 
Seq_Frame0141_ForcepToReference-SequenceTransformStatus = OK
Seq_Frame0141_Timestamp = 24.976
Seq_Frame0142_ForcepToReference-SequenceTransform =-0.618264 -0.230827 0.751312 39.7346 0.779478 -0.302687 0.548447 213.157 0.100816 0.924716 0.367065 188.04 0 0 0 1 
Seq_Frame0142_ForcepToReference-SequenceTransformStatus = OK
Seq_Frame0142_Timestamp = 25.08
Seq_Frame0143_ForcepToReference-SequenceTransform =-0.622523 -0.674321 -0.397187 -5.5054 0.646092 -0.729221 0.225391 180.602 -0.441623 -0.116309 0.88963 12.6745 0 0 0 1 
Seq_Frame0143_ForcepToReference-SequenceTransformStatus = OK
Seq_Frame0143_Timestamp = 27.226
Seq_Frame0144_ForcepToReference-SequenceTransform =-0.638008 -0.691117 -0.339563 -9.30303 0.671373 -0.715214 0.194235 187.272 -0.3771 -0.10405 0.920309 9.68179 0 0 0 1 
Seq_Frame0144_ForcepToReference-SequenceTransformStatus = OK
Seq_Frame0144_Timestamp = 27.331
Seq_Frame0145_ForcepToReference-SequenceTransform =-0.642586 -0.600186 -0.476298 -3.96363 0.661545 -0.748215 0.050324 198.054 -0.386577 -0.282755 0.877843 17.9579 0 0 0 1 
Seq_Frame0145_ForcepToReference-SequenceTransformStatus = OK
Seq_Frame0145_Timestamp = 27.996
Seq_Frame0146_ForcepToReference-SequenceTransform =-0.646197 -0.658399 -0.385927 -1.9018 0.669774 -0.731665 0.126762 198.507 -0.365829 -0.176571 0.913779 14.5736 0 0 0 1 
Seq_Frame0146_ForcepToReference-SequenceTransformStatus = OK
Seq_Frame0146_Timestamp = 28.105
Seq_Frame0147_ForcepToReference-SequenceTransform =-0.642896 -0.659216 -0.390024 -0.246296 0.669328 -0.731079 0.132377 200.037 -0.372403 -0.17595 0.91124 17.2376 0 0 0 1 
Seq_Frame0147_ForcepToReference-SequenceTransformStatus = OK
Seq_Frame0147_Timestamp = 28.212
Seq_Frame0148_ForcepToReference-SequenceTransform =-0.600343 -0.570366 -0.560599 4.95091 0.683286 -0.730067 0.0110585 206.772 -0.415582 -0.37641 0.828014 25.2569 0 0 0 1 
Seq_Frame0148_ForcepToReference-SequenceTransformStatus = OK
Seq_Frame0148_Timestamp = 28.336
Seq_Frame0149_ForcepToReference-SequenceTransform =-0.262236 -0.717664 -0.645128 17.8745 0.919808 -0.388083 0.057828 209.931 -0.291864 -0.57823 0.761883 73.2301 0 0 0 1 
Seq_Frame0149_ForcepToReference-SequenceTransformStatus = OK
Seq_Frame0149_Timestamp = 28.776
Seq_Frame0150_ForcepToReference-SequenceTransform =-0.245152 -0.719977 -0.649256 20.2529 0.918387 -0.38701 0.0823929 204.965 -0.310589 -0.576069 0.756094 78.2124 0 0 0 1 
