ObjectType = Image
NDims = 3
AnatomicalOrientation = RAI
BinaryData = True
CompressedData = False
DimSize = 0 0 2428
ElementSpacing = 1 1 1
Offset = 0 0 0
TransformMatrix = 1 0 0 0 1 0 0 0 1
ElementType = MET_UCHAR
Kinds = domain domain list
Seq_Frame0000_DriverToReference-SequenceTransform =-0.366952 0.927701 0.0686807 10.1058 0.633583 0.195189 0.748648 112.824 0.681116 0.318232 -0.659401 174.378 0 0 0 1 
Seq_Frame0000_DriverToReference-SequenceTransformStatus = OK
Seq_Frame0000_Timestamp = 0.013
Seq_Frame0001_DriverToReference-SequenceTransform =-0.366732 0.927978 0.0660727 10.0926 0.635301 0.197918 0.746472 112.865 0.679632 0.315731 -0.662128 174.507 0 0 0 1 
Seq_Frame0001_DriverToReference-SequenceTransformStatus = OK
Seq_Frame0001_Timestamp = 0.114
Seq_Frame0002_DriverToReference-SequenceTransform =-0.367414 0.927568 0.0680074 10.0505 0.634981 0.196746 0.747054 112.908 0.679563 0.317661 -0.661275 174.419 0 0 0 1 
Seq_Frame0002_DriverToReference-SequenceTransformStatus = OK
Seq_Frame0002_Timestamp = 0.235
Seq_Frame0003_DriverToReference-SequenceTransform =-0.367048 0.927903 0.0653539 10.0352 0.636533 0.199317 0.745049 113.146 0.678308 0.315069 -0.6638 174.398 0 0 0 1 
Seq_Frame0003_DriverToReference-SequenceTransformStatus = OK
Seq_Frame0003_Timestamp = 0.343
Seq_Frame0004_DriverToReference-SequenceTransform =-0.366889 0.927904 0.0662308 10.0545 0.635247 0.197889 0.746526 112.978 0.679598 0.315965 -0.662052 174.463 0 0 0 1 
Seq_Frame0004_DriverToReference-SequenceTransformStatus = OK
Seq_Frame0004_Timestamp = 0.454
Seq_Frame0005_DriverToReference-SequenceTransform =-0.365102 0.928779 0.0637924 10.1745 0.630433 0.196238 0.751029 112.855 0.685022 0.314419 -0.65718 174.471 0 0 0 1 
Seq_Frame0005_DriverToReference-SequenceTransformStatus = OK
Seq_Frame0005_Timestamp = 0.57
Seq_Frame0006_DriverToReference-SequenceTransform =-0.365013 0.928873 0.0629417 10.1241 0.631106 0.197165 0.750221 112.942 0.684449 0.313563 -0.658185 174.527 0 0 0 1 
Seq_Frame0006_DriverToReference-SequenceTransformStatus = OK
Seq_Frame0006_Timestamp = 0.685
Seq_Frame0007_DriverToReference-SequenceTransform =-0.366377 0.928158 0.0655045 10.2568 0.630758 0.195994 0.75082 113.027 0.684041 0.316401 -0.657251 174.371 0 0 0 1 
Seq_Frame0007_DriverToReference-SequenceTransformStatus = OK
Seq_Frame0007_Timestamp = 0.795
Seq_Frame0008_DriverToReference-SequenceTransform =-0.364293 0.929583 0.0562635 9.93142 0.622598 0.198169 0.757034 114.404 0.692577 0.310812 -0.650948 176.059 0 0 0 1 
Seq_Frame0008_DriverToReference-SequenceTransformStatus = OK
Seq_Frame0008_Timestamp = 0.905
Seq_Frame0009_DriverToReference-SequenceTransform =-0.380807 0.923792 -0.0399294 8.61614 0.545537 0.259329 0.796955 118.36 0.746576 0.281703 -0.602718 173.76 0 0 0 1 
Seq_Frame0009_DriverToReference-SequenceTransformStatus = OK
Seq_Frame0009_Timestamp = 1.009
Seq_Frame0010_DriverToReference-SequenceTransform =-0.37437 0.907864 -0.188761 5.45727 0.418581 0.347099 0.839233 125.359 0.827428 0.235172 -0.509958 169.342 0 0 0 1 
Seq_Frame0010_DriverToReference-SequenceTransformStatus = OK
Seq_Frame0010_Timestamp = 1.12
Seq_Frame0011_DriverToReference-SequenceTransform =-0.399463 0.890466 -0.217945 3.51894 0.351472 0.36833 0.860698 135.734 0.846698 0.267215 -0.460108 167.913 0 0 0 1 
Seq_Frame0011_DriverToReference-SequenceTransformStatus = OK
Seq_Frame0011_Timestamp = 1.229
Seq_Frame0012_DriverToReference-SequenceTransform =-0.491795 0.853132 -0.174077 7.34233 0.337853 0.371234 0.864893 144.067 0.802492 0.366538 -0.470804 164.187 0 0 0 1 
Seq_Frame0012_DriverToReference-SequenceTransformStatus = OK
Seq_Frame0012_Timestamp = 1.343
Seq_Frame0013_DriverToReference-SequenceTransform =-0.596032 0.798483 -0.0846809 11.4529 0.405025 0.390032 0.82694 158.6 0.693326 0.458585 -0.555877 159.313 0 0 0 1 
Seq_Frame0013_DriverToReference-SequenceTransformStatus = OK
Seq_Frame0013_Timestamp = 1.444
Seq_Frame0014_DriverToReference-SequenceTransform =-0.664113 0.746303 0.044571 17.6144 0.471499 0.371816 0.799651 179.77 0.58021 0.552074 -0.598808 153.091 0 0 0 1 
Seq_Frame0014_DriverToReference-SequenceTransformStatus = OK
Seq_Frame0014_Timestamp = 1.554
Seq_Frame0015_DriverToReference-SequenceTransform =-0.677363 0.720507 0.148488 20.3498 0.554446 0.367348 0.746757 194.008 0.483497 0.588154 -0.64831 151.247 0 0 0 1 
Seq_Frame0015_DriverToReference-SequenceTransformStatus = OK
Seq_Frame0015_Timestamp = 1.666
Seq_Frame0016_DriverToReference-SequenceTransform =-0.665876 0.721719 0.189025 20.0116 0.591826 0.356714 0.72284 200.723 0.45426 0.593192 -0.664659 152.735 0 0 0 1 
Seq_Frame0016_DriverToReference-SequenceTransformStatus = OK
Seq_Frame0016_Timestamp = 1.775
Seq_Frame0017_DriverToReference-SequenceTransform =-0.64468 0.738182 0.198683 16.974 0.606911 0.336206 0.720156 206.478 0.464808 0.584853 -0.664756 151.789 0 0 0 1 
Seq_Frame0017_DriverToReference-SequenceTransformStatus = OK
Seq_Frame0017_Timestamp = 1.88
Seq_Frame0018_DriverToReference-SequenceTransform =-0.613885 0.76572 0.191882 13.752 0.538417 0.22839 0.811138 219.535 0.577281 0.601258 -0.552482 144.588 0 0 0 1 
Seq_Frame0018_DriverToReference-SequenceTransformStatus = OK
Seq_Frame0018_Timestamp = 1.991
Seq_Frame0019_DriverToReference-SequenceTransform =-0.567126 0.729821 0.381745 6.26578 0.712093 0.201575 0.672525 224.265 0.413873 0.653245 -0.634019 143.036 0 0 0 1 
Seq_Frame0019_DriverToReference-SequenceTransformStatus = OK
Seq_Frame0019_Timestamp = 2.095
Seq_Frame0020_DriverToReference-SequenceTransform =-0.648449 0.724451 0.233849 -3.3175 0.589988 0.284135 0.755765 240.934 0.48107 0.628043 -0.611664 135.977 0 0 0 1 
Seq_Frame0020_DriverToReference-SequenceTransformStatus = OK
Seq_Frame0020_Timestamp = 2.205
Seq_Frame0021_DriverToReference-SequenceTransform =-0.626754 0.748554 -0.216441 -13.8076 0.0955512 0.349502 0.932051 264.884 0.773336 0.563485 -0.290577 125.795 0 0 0 1 
Seq_Frame0021_DriverToReference-SequenceTransformStatus = OK
Seq_Frame0021_Timestamp = 2.31
Seq_Frame0022_DriverToReference-SequenceTransform =-0.626754 0.748554 -0.216441 -13.8076 0.0955512 0.349502 0.932051 264.884 0.773336 0.563485 -0.290577 125.795 0 0 0 1 
Seq_Frame0022_DriverToReference-SequenceTransformStatus = OK
Seq_Frame0022_Timestamp = 2.42
Seq_Frame0023_DriverToReference-SequenceTransform =-0.580521 0.736182 0.347895 -18.5444 -0.480041 0.0356749 -0.876521 282.817 -0.65769 -0.675842 0.332687 136.657 0 0 0 1 
Seq_Frame0023_DriverToReference-SequenceTransformStatus = OK
Seq_Frame0023_Timestamp = 2.53
Seq_Frame0024_DriverToReference-SequenceTransform =-0.505881 0.708504 0.492043 -21.7576 -0.533691 0.191061 -0.823814 290.043 -0.677686 -0.67935 0.281468 143.122 0 0 0 1 
Seq_Frame0024_DriverToReference-SequenceTransformStatus = OK
Seq_Frame0024_Timestamp = 2.64
Seq_Frame0025_DriverToReference-SequenceTransform =-0.505881 0.708504 0.492043 -21.7576 -0.533691 0.191061 -0.823814 290.043 -0.677686 -0.67935 0.281468 143.122 0 0 0 1 
Seq_Frame0025_DriverToReference-SequenceTransformStatus = OK
Seq_Frame0025_Timestamp = 2.744
Seq_Frame0026_DriverToReference-SequenceTransform =-0.845357 0.394633 -0.36005 -23.3772 -0.137751 0.490169 0.860674 297.297 0.516136 0.777174 -0.360007 155.186 0 0 0 1 
Seq_Frame0026_DriverToReference-SequenceTransformStatus = OK
Seq_Frame0026_Timestamp = 2.854
Seq_Frame0027_DriverToReference-SequenceTransform =-0.869167 0.350253 -0.349101 -24.6321 -0.168906 0.453222 0.875249 302.068 0.464779 0.819703 -0.334765 164.538 0 0 0 1 
Seq_Frame0027_DriverToReference-SequenceTransformStatus = OK
Seq_Frame0027_Timestamp = 2.96
Seq_Frame0028_DriverToReference-SequenceTransform =-0.85998 0.35471 -0.3669 -24.9999 -0.181252 0.459779 0.869339 302.543 0.477056 0.814116 -0.331109 164.97 0 0 0 1 
Seq_Frame0028_DriverToReference-SequenceTransformStatus = OK
Seq_Frame0028_Timestamp = 3.069
Seq_Frame0029_DriverToReference-SequenceTransform =0.801784 -0.464138 0.376455 -31.614 0.431229 0.0132187 -0.902146 325.71 0.413744 0.885664 0.210748 190.575 0 0 0 1 
Seq_Frame0029_DriverToReference-SequenceTransformStatus = OK
Seq_Frame0029_Timestamp = 3.18
Seq_Frame0030_DriverToReference-SequenceTransform =0.787542 -0.515679 0.337421 -31.7191 0.381579 -0.0219008 -0.924077 328.225 0.483917 0.856502 0.179524 195.864 0 0 0 1 
Seq_Frame0030_DriverToReference-SequenceTransformStatus = OK
Seq_Frame0030_Timestamp = 3.29
Seq_Frame0031_DriverToReference-SequenceTransform =0.787542 -0.515679 0.337421 -31.7191 0.381579 -0.0219008 -0.924077 328.225 0.483917 0.856502 0.179524 195.864 0 0 0 1 
Seq_Frame0031_DriverToReference-SequenceTransformStatus = OK
Seq_Frame0031_Timestamp = 3.395
Seq_Frame0032_DriverToReference-SequenceTransform =0.787542 -0.515679 0.337421 -31.7191 0.381579 -0.0219008 -0.924077 328.225 0.483917 0.856502 0.179524 195.864 0 0 0 1 
Seq_Frame0032_DriverToReference-SequenceTransformStatus = OK
Seq_Frame0032_Timestamp = 3.504
Seq_Frame0033_DriverToReference-SequenceTransform =0.787542 -0.515679 0.337421 -31.7191 0.381579 -0.0219008 -0.924077 328.225 0.483917 0.856502 0.179524 195.864 0 0 0 1 
Seq_Frame0033_DriverToReference-SequenceTransformStatus = OK
Seq_Frame0033_Timestamp = 3.61
Seq_Frame0034_DriverToReference-SequenceTransform =0.787542 -0.515679 0.337421 -31.7191 0.381579 -0.0219008 -0.924077 328.225 0.483917 0.856502 0.179524 195.864 0 0 0 1 
Seq_Frame0034_DriverToReference-SequenceTransformStatus = OK
Seq_Frame0034_Timestamp = 3.716
Seq_Frame0035_DriverToReference-SequenceTransform =0.787542 -0.515679 0.337421 -31.7191 0.381579 -0.0219008 -0.924077 328.225 0.483917 0.856502 0.179524 195.864 0 0 0 1 
Seq_Frame0035_DriverToReference-SequenceTransformStatus = OK
Seq_Frame0035_Timestamp = 3.824
Seq_Frame0036_DriverToReference-SequenceTransform =0.787542 -0.515679 0.337421 -31.7191 0.381579 -0.0219008 -0.924077 328.225 0.483917 0.856502 0.179524 195.864 0 0 0 1 
Seq_Frame0036_DriverToReference-SequenceTransformStatus = OK
Seq_Frame0036_Timestamp = 3.935
Seq_Frame0037_DriverToReference-SequenceTransform =-0.515736 -0.38521 -0.765264 46.4509 -0.828434 -0.00351197 0.560076 322.132 -0.218435 0.922822 -0.31731 209.873 0 0 0 1 
Seq_Frame0037_DriverToReference-SequenceTransformStatus = OK
Seq_Frame0037_Timestamp = 4.044
Seq_Frame0038_DriverToReference-SequenceTransform =-0.53307 -0.343866 -0.773041 46.589 -0.821236 -0.00945662 0.570511 320.332 -0.20349 0.938971 -0.277354 208.551 0 0 0 1 
Seq_Frame0038_DriverToReference-SequenceTransformStatus = OK
Seq_Frame0038_Timestamp = 4.155
Seq_Frame0039_DriverToReference-SequenceTransform =-0.53307 -0.343866 -0.773041 46.589 -0.821236 -0.00945662 0.570511 320.332 -0.20349 0.938971 -0.277354 208.551 0 0 0 1 
Seq_Frame0039_DriverToReference-SequenceTransformStatus = OK
Seq_Frame0039_Timestamp = 4.265
Seq_Frame0040_DriverToReference-SequenceTransform =-0.53307 -0.343866 -0.773041 46.589 -0.821236 -0.00945662 0.570511 320.332 -0.20349 0.938971 -0.277354 208.551 0 0 0 1 
Seq_Frame0040_DriverToReference-SequenceTransformStatus = OK
Seq_Frame0040_Timestamp = 4.37
Seq_Frame0041_DriverToReference-SequenceTransform =-0.53307 -0.343866 -0.773041 46.589 -0.821236 -0.00945662 0.570511 320.332 -0.20349 0.938971 -0.277354 208.551 0 0 0 1 
Seq_Frame0041_DriverToReference-SequenceTransformStatus = OK
Seq_Frame0041_Timestamp = 4.479
Seq_Frame0042_DriverToReference-SequenceTransform =-0.284658 -0.5271 -0.80071 99.2211 -0.858858 -0.230804 0.457266 361.636 -0.425832 0.81786 -0.387004 213.178 0 0 0 1 
Seq_Frame0042_DriverToReference-SequenceTransformStatus = OK
Seq_Frame0042_Timestamp = 4.615
Seq_Frame0043_DriverToReference-SequenceTransform =-0.295067 -0.518246 -0.802718 117.073 -0.851943 -0.237657 0.466596 361.72 -0.432583 0.821548 -0.371391 216.18 0 0 0 1 
Seq_Frame0043_DriverToReference-SequenceTransformStatus = OK
Seq_Frame0043_Timestamp = 4.72
Seq_Frame0044_DriverToReference-SequenceTransform =-0.289104 -0.508014 -0.811382 114.269 -0.877609 -0.197913 0.436616 356.716 -0.38239 0.838303 -0.38862 217.501 0 0 0 1 
Seq_Frame0044_DriverToReference-SequenceTransformStatus = OK
Seq_Frame0044_Timestamp = 4.829
Seq_Frame0045_DriverToReference-SequenceTransform =-0.309985 -0.445515 -0.839896 104.709 -0.888473 -0.178704 0.422706 352.878 -0.338414 0.877258 -0.340433 217.88 0 0 0 1 
Seq_Frame0045_DriverToReference-SequenceTransformStatus = OK
Seq_Frame0045_Timestamp = 4.94
Seq_Frame0046_DriverToReference-SequenceTransform =-0.307933 -0.368312 -0.877225 97.9674 -0.899851 -0.186656 0.394244 349.871 -0.308944 0.910772 -0.273948 217.266 0 0 0 1 
Seq_Frame0046_DriverToReference-SequenceTransformStatus = OK
Seq_Frame0046_Timestamp = 5.045
Seq_Frame0047_DriverToReference-SequenceTransform =-0.307933 -0.368312 -0.877225 97.9674 -0.899851 -0.186656 0.394244 349.871 -0.308944 0.910772 -0.273948 217.266 0 0 0 1 
Seq_Frame0047_DriverToReference-SequenceTransformStatus = OK
Seq_Frame0047_Timestamp = 5.155
Seq_Frame0048_DriverToReference-SequenceTransform =-0.307933 -0.368312 -0.877225 97.9674 -0.899851 -0.186656 0.394244 349.871 -0.308944 0.910772 -0.273948 217.266 0 0 0 1 
Seq_Frame0048_DriverToReference-SequenceTransformStatus = OK
Seq_Frame0048_Timestamp = 5.264
Seq_Frame0049_DriverToReference-SequenceTransform =-0.307933 -0.368312 -0.877225 97.9674 -0.899851 -0.186656 0.394244 349.871 -0.308944 0.910772 -0.273948 217.266 0 0 0 1 
Seq_Frame0049_DriverToReference-SequenceTransformStatus = OK
Seq_Frame0049_Timestamp = 5.37
Seq_Frame0050_DriverToReference-SequenceTransform =-0.307933 -0.368312 -0.877225 97.9674 -0.899851 -0.186656 0.394244 349.871 -0.308944 0.910772 -0.273948 217.266 0 0 0 1 
Seq_Frame0050_DriverToReference-SequenceTransformStatus = OK
Seq_Frame0050_Timestamp = 5.48
Seq_Frame0051_DriverToReference-SequenceTransform =-0.307933 -0.368312 -0.877225 97.9674 -0.899851 -0.186656 0.394244 349.871 -0.308944 0.910772 -0.273948 217.266 0 0 0 1 
Seq_Frame0051_DriverToReference-SequenceTransformStatus = OK
Seq_Frame0051_Timestamp = 5.59
Seq_Frame0052_DriverToReference-SequenceTransform =-0.307933 -0.368312 -0.877225 97.9674 -0.899851 -0.186656 0.394244 349.871 -0.308944 0.910772 -0.273948 217.266 0 0 0 1 
Seq_Frame0052_DriverToReference-SequenceTransformStatus = OK
Seq_Frame0052_Timestamp = 5.7
Seq_Frame0053_DriverToReference-SequenceTransform =-0.307933 -0.368312 -0.877225 97.9674 -0.899851 -0.186656 0.394244 349.871 -0.308944 0.910772 -0.273948 217.266 0 0 0 1 
Seq_Frame0053_DriverToReference-SequenceTransformStatus = OK
Seq_Frame0053_Timestamp = 5.805
Seq_Frame0054_DriverToReference-SequenceTransform =-0.307933 -0.368312 -0.877225 97.9674 -0.899851 -0.186656 0.394244 349.871 -0.308944 0.910772 -0.273948 217.266 0 0 0 1 
Seq_Frame0054_DriverToReference-SequenceTransformStatus = OK
Seq_Frame0054_Timestamp = 5.909
Seq_Frame0055_DriverToReference-SequenceTransform =-0.307933 -0.368312 -0.877225 97.9674 -0.899851 -0.186656 0.394244 349.871 -0.308944 0.910772 -0.273948 217.266 0 0 0 1 
Seq_Frame0055_DriverToReference-SequenceTransformStatus = OK
Seq_Frame0055_Timestamp = 6.02
Seq_Frame0056_DriverToReference-SequenceTransform =-0.307933 -0.368312 -0.877225 97.9674 -0.899851 -0.186656 0.394244 349.871 -0.308944 0.910772 -0.273948 217.266 0 0 0 1 
Seq_Frame0056_DriverToReference-SequenceTransformStatus = OK
Seq_Frame0056_Timestamp = 6.13
Seq_Frame0057_DriverToReference-SequenceTransform =-0.307933 -0.368312 -0.877225 97.9674 -0.899851 -0.186656 0.394244 349.871 -0.308944 0.910772 -0.273948 217.266 0 0 0 1 
Seq_Frame0057_DriverToReference-SequenceTransformStatus = OK
Seq_Frame0057_Timestamp = 6.235
Seq_Frame0058_DriverToReference-SequenceTransform =-0.307933 -0.368312 -0.877225 97.9674 -0.899851 -0.186656 0.394244 349.871 -0.308944 0.910772 -0.273948 217.266 0 0 0 1 
Seq_Frame0058_DriverToReference-SequenceTransformStatus = OK
Seq_Frame0058_Timestamp = 6.344
Seq_Frame0059_DriverToReference-SequenceTransform =-0.307933 -0.368312 -0.877225 97.9674 -0.899851 -0.186656 0.394244 349.871 -0.308944 0.910772 -0.273948 217.266 0 0 0 1 
Seq_Frame0059_DriverToReference-SequenceTransformStatus = OK
Seq_Frame0059_Timestamp = 6.45
Seq_Frame0060_DriverToReference-SequenceTransform =-0.307933 -0.368312 -0.877225 97.9674 -0.899851 -0.186656 0.394244 349.871 -0.308944 0.910772 -0.273948 217.266 0 0 0 1 
Seq_Frame0060_DriverToReference-SequenceTransformStatus = OK
Seq_Frame0060_Timestamp = 6.555
Seq_Frame0061_DriverToReference-SequenceTransform =-0.307933 -0.368312 -0.877225 97.9674 -0.899851 -0.186656 0.394244 349.871 -0.308944 0.910772 -0.273948 217.266 0 0 0 1 
Seq_Frame0061_DriverToReference-SequenceTransformStatus = OK
Seq_Frame0061_Timestamp = 6.665
Seq_Frame0062_DriverToReference-SequenceTransform =-0.307933 -0.368312 -0.877225 97.9674 -0.899851 -0.186656 0.394244 349.871 -0.308944 0.910772 -0.273948 217.266 0 0 0 1 
Seq_Frame0062_DriverToReference-SequenceTransformStatus = OK
Seq_Frame0062_Timestamp = 6.77
Seq_Frame0063_DriverToReference-SequenceTransform =-0.307933 -0.368312 -0.877225 97.9674 -0.899851 -0.186656 0.394244 349.871 -0.308944 0.910772 -0.273948 217.266 0 0 0 1 
Seq_Frame0063_DriverToReference-SequenceTransformStatus = OK
Seq_Frame0063_Timestamp = 6.88
Seq_Frame0064_DriverToReference-SequenceTransform =-0.307933 -0.368312 -0.877225 97.9674 -0.899851 -0.186656 0.394244 349.871 -0.308944 0.910772 -0.273948 217.266 0 0 0 1 
Seq_Frame0064_DriverToReference-SequenceTransformStatus = OK
Seq_Frame0064_Timestamp = 6.985
Seq_Frame0065_DriverToReference-SequenceTransform =-0.307933 -0.368312 -0.877225 97.9674 -0.899851 -0.186656 0.394244 349.871 -0.308944 0.910772 -0.273948 217.266 0 0 0 1 
Seq_Frame0065_DriverToReference-SequenceTransformStatus = OK
Seq_Frame0065_Timestamp = 7.094
Seq_Frame0066_DriverToReference-SequenceTransform =-0.307933 -0.368312 -0.877225 97.9674 -0.899851 -0.186656 0.394244 349.871 -0.308944 0.910772 -0.273948 217.266 0 0 0 1 
Seq_Frame0066_DriverToReference-SequenceTransformStatus = OK
Seq_Frame0066_Timestamp = 7.199
Seq_Frame0067_DriverToReference-SequenceTransform =-0.307933 -0.368312 -0.877225 97.9674 -0.899851 -0.186656 0.394244 349.871 -0.308944 0.910772 -0.273948 217.266 0 0 0 1 
Seq_Frame0067_DriverToReference-SequenceTransformStatus = OK
Seq_Frame0067_Timestamp = 7.31
Seq_Frame0068_DriverToReference-SequenceTransform =-0.307933 -0.368312 -0.877225 97.9674 -0.899851 -0.186656 0.394244 349.871 -0.308944 0.910772 -0.273948 217.266 0 0 0 1 
Seq_Frame0068_DriverToReference-SequenceTransformStatus = OK
Seq_Frame0068_Timestamp = 7.417
Seq_Frame0069_DriverToReference-SequenceTransform =-0.307933 -0.368312 -0.877225 97.9674 -0.899851 -0.186656 0.394244 349.871 -0.308944 0.910772 -0.273948 217.266 0 0 0 1 
Seq_Frame0069_DriverToReference-SequenceTransformStatus = OK
Seq_Frame0069_Timestamp = 7.525
Seq_Frame0070_DriverToReference-SequenceTransform =-0.307933 -0.368312 -0.877225 97.9674 -0.899851 -0.186656 0.394244 349.871 -0.308944 0.910772 -0.273948 217.266 0 0 0 1 
Seq_Frame0070_DriverToReference-SequenceTransformStatus = OK
Seq_Frame0070_Timestamp = 7.77
Seq_Frame0071_DriverToReference-SequenceTransform =-0.307933 -0.368312 -0.877225 97.9674 -0.899851 -0.186656 0.394244 349.871 -0.308944 0.910772 -0.273948 217.266 0 0 0 1 
Seq_Frame0071_DriverToReference-SequenceTransformStatus = OK
Seq_Frame0071_Timestamp = 7.88
Seq_Frame0072_DriverToReference-SequenceTransform =-0.307933 -0.368312 -0.877225 97.9674 -0.899851 -0.186656 0.394244 349.871 -0.308944 0.910772 -0.273948 217.266 0 0 0 1 
Seq_Frame0072_DriverToReference-SequenceTransformStatus = OK
Seq_Frame0072_Timestamp = 7.99
Seq_Frame0073_DriverToReference-SequenceTransform =-0.307933 -0.368312 -0.877225 97.9674 -0.899851 -0.186656 0.394244 349.871 -0.308944 0.910772 -0.273948 217.266 0 0 0 1 
Seq_Frame0073_DriverToReference-SequenceTransformStatus = OK
Seq_Frame0073_Timestamp = 9.76
Seq_Frame0074_DriverToReference-SequenceTransform =-0.307933 -0.368312 -0.877225 97.9674 -0.899851 -0.186656 0.394244 349.871 -0.308944 0.910772 -0.273948 217.266 0 0 0 1 
Seq_Frame0074_DriverToReference-SequenceTransformStatus = OK
Seq_Frame0074_Timestamp = 9.874
Seq_Frame0075_DriverToReference-SequenceTransform =-0.307933 -0.368312 -0.877225 97.9674 -0.899851 -0.186656 0.394244 349.871 -0.308944 0.910772 -0.273948 217.266 0 0 0 1 
Seq_Frame0075_DriverToReference-SequenceTransformStatus = OK
Seq_Frame0075_Timestamp = 9.985
Seq_Frame0076_DriverToReference-SequenceTransform =-0.307933 -0.368312 -0.877225 97.9674 -0.899851 -0.186656 0.394244 349.871 -0.308944 0.910772 -0.273948 217.266 0 0 0 1 
Seq_Frame0076_DriverToReference-SequenceTransformStatus = OK
Seq_Frame0076_Timestamp = 10.09
Seq_Frame0077_DriverToReference-SequenceTransform =-0.307933 -0.368312 -0.877225 97.9674 -0.899851 -0.186656 0.394244 349.871 -0.308944 0.910772 -0.273948 217.266 0 0 0 1 
Seq_Frame0077_DriverToReference-SequenceTransformStatus = OK
Seq_Frame0077_Timestamp = 10.194
Seq_Frame0078_DriverToReference-SequenceTransform =-0.307933 -0.368312 -0.877225 97.9674 -0.899851 -0.186656 0.394244 349.871 -0.308944 0.910772 -0.273948 217.266 0 0 0 1 
Seq_Frame0078_DriverToReference-SequenceTransformStatus = OK
Seq_Frame0078_Timestamp = 10.305
Seq_Frame0079_DriverToReference-SequenceTransform =-0.307933 -0.368312 -0.877225 97.9674 -0.899851 -0.186656 0.394244 349.871 -0.308944 0.910772 -0.273948 217.266 0 0 0 1 
Seq_Frame0079_DriverToReference-SequenceTransformStatus = OK
Seq_Frame0079_Timestamp = 10.416
Seq_Frame0080_DriverToReference-SequenceTransform =-0.307933 -0.368312 -0.877225 97.9674 -0.899851 -0.186656 0.394244 349.871 -0.308944 0.910772 -0.273948 217.266 0 0 0 1 
Seq_Frame0080_DriverToReference-SequenceTransformStatus = OK
Seq_Frame0080_Timestamp = 10.52
Seq_Frame0081_DriverToReference-SequenceTransform =-0.307933 -0.368312 -0.877225 97.9674 -0.899851 -0.186656 0.394244 349.871 -0.308944 0.910772 -0.273948 217.266 0 0 0 1 
Seq_Frame0081_DriverToReference-SequenceTransformStatus = OK
Seq_Frame0081_Timestamp = 10.624
Seq_Frame0082_DriverToReference-SequenceTransform =-0.307933 -0.368312 -0.877225 97.9674 -0.899851 -0.186656 0.394244 349.871 -0.308944 0.910772 -0.273948 217.266 0 0 0 1 
Seq_Frame0082_DriverToReference-SequenceTransformStatus = OK
Seq_Frame0082_Timestamp = 10.735
Seq_Frame0083_DriverToReference-SequenceTransform =-0.307933 -0.368312 -0.877225 97.9674 -0.899851 -0.186656 0.394244 349.871 -0.308944 0.910772 -0.273948 217.266 0 0 0 1 
Seq_Frame0083_DriverToReference-SequenceTransformStatus = OK
Seq_Frame0083_Timestamp = 10.845
Seq_Frame0084_DriverToReference-SequenceTransform =-0.307933 -0.368312 -0.877225 97.9674 -0.899851 -0.186656 0.394244 349.871 -0.308944 0.910772 -0.273948 217.266 0 0 0 1 
Seq_Frame0084_DriverToReference-SequenceTransformStatus = OK
Seq_Frame0084_Timestamp = 10.95
Seq_Frame0085_DriverToReference-SequenceTransform =-0.307933 -0.368312 -0.877225 97.9674 -0.899851 -0.186656 0.394244 349.871 -0.308944 0.910772 -0.273948 217.266 0 0 0 1 
Seq_Frame0085_DriverToReference-SequenceTransformStatus = OK
Seq_Frame0085_Timestamp = 11.054
Seq_Frame0086_DriverToReference-SequenceTransform =-0.307933 -0.368312 -0.877225 97.9674 -0.899851 -0.186656 0.394244 349.871 -0.308944 0.910772 -0.273948 217.266 0 0 0 1 
Seq_Frame0086_DriverToReference-SequenceTransformStatus = OK
Seq_Frame0086_Timestamp = 11.165
Seq_Frame0087_DriverToReference-SequenceTransform =-0.307933 -0.368312 -0.877225 97.9674 -0.899851 -0.186656 0.394244 349.871 -0.308944 0.910772 -0.273948 217.266 0 0 0 1 
Seq_Frame0087_DriverToReference-SequenceTransformStatus = OK
Seq_Frame0087_Timestamp = 11.275
Seq_Frame0088_DriverToReference-SequenceTransform =-0.307933 -0.368312 -0.877225 97.9674 -0.899851 -0.186656 0.394244 349.871 -0.308944 0.910772 -0.273948 217.266 0 0 0 1 
Seq_Frame0088_DriverToReference-SequenceTransformStatus = OK
Seq_Frame0088_Timestamp = 11.385
Seq_Frame0089_DriverToReference-SequenceTransform =-0.307933 -0.368312 -0.877225 97.9674 -0.899851 -0.186656 0.394244 349.871 -0.308944 0.910772 -0.273948 217.266 0 0 0 1 
Seq_Frame0089_DriverToReference-SequenceTransformStatus = OK
Seq_Frame0089_Timestamp = 11.49
Seq_Frame0090_DriverToReference-SequenceTransform =-0.307933 -0.368312 -0.877225 97.9674 -0.899851 -0.186656 0.394244 349.871 -0.308944 0.910772 -0.273948 217.266 0 0 0 1 
Seq_Frame0090_DriverToReference-SequenceTransformStatus = OK
Seq_Frame0090_Timestamp = 11.599
Seq_Frame0091_DriverToReference-SequenceTransform =-0.307933 -0.368312 -0.877225 97.9674 -0.899851 -0.186656 0.394244 349.871 -0.308944 0.910772 -0.273948 217.266 0 0 0 1 
Seq_Frame0091_DriverToReference-SequenceTransformStatus = OK
Seq_Frame0091_Timestamp = 11.71
Seq_Frame0092_DriverToReference-SequenceTransform =-0.307933 -0.368312 -0.877225 97.9674 -0.899851 -0.186656 0.394244 349.871 -0.308944 0.910772 -0.273948 217.266 0 0 0 1 
Seq_Frame0092_DriverToReference-SequenceTransformStatus = OK
Seq_Frame0092_Timestamp = 11.815
Seq_Frame0093_DriverToReference-SequenceTransform =-0.307933 -0.368312 -0.877225 97.9674 -0.899851 -0.186656 0.394244 349.871 -0.308944 0.910772 -0.273948 217.266 0 0 0 1 
Seq_Frame0093_DriverToReference-SequenceTransformStatus = OK
Seq_Frame0093_Timestamp = 11.925
Seq_Frame0094_DriverToReference-SequenceTransform =-0.307933 -0.368312 -0.877225 97.9674 -0.899851 -0.186656 0.394244 349.871 -0.308944 0.910772 -0.273948 217.266 0 0 0 1 
Seq_Frame0094_DriverToReference-SequenceTransformStatus = OK
Seq_Frame0094_Timestamp = 12.029
Seq_Frame0095_DriverToReference-SequenceTransform =-0.307933 -0.368312 -0.877225 97.9674 -0.899851 -0.186656 0.394244 349.871 -0.308944 0.910772 -0.273948 217.266 0 0 0 1 
Seq_Frame0095_DriverToReference-SequenceTransformStatus = OK
Seq_Frame0095_Timestamp = 12.14
Seq_Frame0096_DriverToReference-SequenceTransform =-0.307933 -0.368312 -0.877225 97.9674 -0.899851 -0.186656 0.394244 349.871 -0.308944 0.910772 -0.273948 217.266 0 0 0 1 
Seq_Frame0096_DriverToReference-SequenceTransformStatus = OK
Seq_Frame0096_Timestamp = 12.249
Seq_Frame0097_DriverToReference-SequenceTransform =-0.307933 -0.368312 -0.877225 97.9674 -0.899851 -0.186656 0.394244 349.871 -0.308944 0.910772 -0.273948 217.266 0 0 0 1 
Seq_Frame0097_DriverToReference-SequenceTransformStatus = OK
Seq_Frame0097_Timestamp = 12.355
Seq_Frame0098_DriverToReference-SequenceTransform =-0.307933 -0.368312 -0.877225 97.9674 -0.899851 -0.186656 0.394244 349.871 -0.308944 0.910772 -0.273948 217.266 0 0 0 1 
Seq_Frame0098_DriverToReference-SequenceTransformStatus = OK
Seq_Frame0098_Timestamp = 12.459
Seq_Frame0099_DriverToReference-SequenceTransform =-0.307933 -0.368312 -0.877225 97.9674 -0.899851 -0.186656 0.394244 349.871 -0.308944 0.910772 -0.273948 217.266 0 0 0 1 
Seq_Frame0099_DriverToReference-SequenceTransformStatus = OK
Seq_Frame0099_Timestamp = 12.565
Seq_Frame0100_DriverToReference-SequenceTransform =-0.307933 -0.368312 -0.877225 97.9674 -0.899851 -0.186656 0.394244 349.871 -0.308944 0.910772 -0.273948 217.266 0 0 0 1 
Seq_Frame0100_DriverToReference-SequenceTransformStatus = OK
Seq_Frame0100_Timestamp = 12.677
Seq_Frame0101_DriverToReference-SequenceTransform =-0.307933 -0.368312 -0.877225 97.9674 -0.899851 -0.186656 0.394244 349.871 -0.308944 0.910772 -0.273948 217.266 0 0 0 1 
Seq_Frame0101_DriverToReference-SequenceTransformStatus = OK
Seq_Frame0101_Timestamp = 12.781
Seq_Frame0102_DriverToReference-SequenceTransform =-0.307933 -0.368312 -0.877225 97.9674 -0.899851 -0.186656 0.394244 349.871 -0.308944 0.910772 -0.273948 217.266 0 0 0 1 
Seq_Frame0102_DriverToReference-SequenceTransformStatus = OK
Seq_Frame0102_Timestamp = 12.889
Seq_Frame0103_DriverToReference-SequenceTransform =-0.307933 -0.368312 -0.877225 97.9674 -0.899851 -0.186656 0.394244 349.871 -0.308944 0.910772 -0.273948 217.266 0 0 0 1 
Seq_Frame0103_DriverToReference-SequenceTransformStatus = OK
Seq_Frame0103_Timestamp = 13.001
Seq_Frame0104_DriverToReference-SequenceTransform =-0.307933 -0.368312 -0.877225 97.9674 -0.899851 -0.186656 0.394244 349.871 -0.308944 0.910772 -0.273948 217.266 0 0 0 1 
Seq_Frame0104_DriverToReference-SequenceTransformStatus = OK
Seq_Frame0104_Timestamp = 13.105
Seq_Frame0105_DriverToReference-SequenceTransform =-0.307933 -0.368312 -0.877225 97.9674 -0.899851 -0.186656 0.394244 349.871 -0.308944 0.910772 -0.273948 217.266 0 0 0 1 
Seq_Frame0105_DriverToReference-SequenceTransformStatus = OK
Seq_Frame0105_Timestamp = 13.215
Seq_Frame0106_DriverToReference-SequenceTransform =-0.307933 -0.368312 -0.877225 97.9674 -0.899851 -0.186656 0.394244 349.871 -0.308944 0.910772 -0.273948 217.266 0 0 0 1 
Seq_Frame0106_DriverToReference-SequenceTransformStatus = OK
Seq_Frame0106_Timestamp = 13.32
Seq_Frame0107_DriverToReference-SequenceTransform =-0.307933 -0.368312 -0.877225 97.9674 -0.899851 -0.186656 0.394244 349.871 -0.308944 0.910772 -0.273948 217.266 0 0 0 1 
Seq_Frame0107_DriverToReference-SequenceTransformStatus = OK
Seq_Frame0107_Timestamp = 13.434
Seq_Frame0108_DriverToReference-SequenceTransform =-0.307933 -0.368312 -0.877225 97.9674 -0.899851 -0.186656 0.394244 349.871 -0.308944 0.910772 -0.273948 217.266 0 0 0 1 
Seq_Frame0108_DriverToReference-SequenceTransformStatus = OK
Seq_Frame0108_Timestamp = 13.545
Seq_Frame0109_DriverToReference-SequenceTransform =-0.307933 -0.368312 -0.877225 97.9674 -0.899851 -0.186656 0.394244 349.871 -0.308944 0.910772 -0.273948 217.266 0 0 0 1 
Seq_Frame0109_DriverToReference-SequenceTransformStatus = OK
Seq_Frame0109_Timestamp = 13.649
Seq_Frame0110_DriverToReference-SequenceTransform =-0.307933 -0.368312 -0.877225 97.9674 -0.899851 -0.186656 0.394244 349.871 -0.308944 0.910772 -0.273948 217.266 0 0 0 1 
Seq_Frame0110_DriverToReference-SequenceTransformStatus = OK
Seq_Frame0110_Timestamp = 13.763
Seq_Frame0111_DriverToReference-SequenceTransform =-0.307933 -0.368312 -0.877225 97.9674 -0.899851 -0.186656 0.394244 349.871 -0.308944 0.910772 -0.273948 217.266 0 0 0 1 
Seq_Frame0111_DriverToReference-SequenceTransformStatus = OK
Seq_Frame0111_Timestamp = 13.865
Seq_Frame0112_DriverToReference-SequenceTransform =-0.307933 -0.368312 -0.877225 97.9674 -0.899851 -0.186656 0.394244 349.871 -0.308944 0.910772 -0.273948 217.266 0 0 0 1 
Seq_Frame0112_DriverToReference-SequenceTransformStatus = OK
Seq_Frame0112_Timestamp = 13.974
Seq_Frame0113_DriverToReference-SequenceTransform =-0.307933 -0.368312 -0.877225 97.9674 -0.899851 -0.186656 0.394244 349.871 -0.308944 0.910772 -0.273948 217.266 0 0 0 1 
Seq_Frame0113_DriverToReference-SequenceTransformStatus = OK
Seq_Frame0113_Timestamp = 14.08
Seq_Frame0114_DriverToReference-SequenceTransform =-0.307933 -0.368312 -0.877225 97.9674 -0.899851 -0.186656 0.394244 349.871 -0.308944 0.910772 -0.273948 217.266 0 0 0 1 
Seq_Frame0114_DriverToReference-SequenceTransformStatus = OK
Seq_Frame0114_Timestamp = 14.19
Seq_Frame0115_DriverToReference-SequenceTransform =-0.307933 -0.368312 -0.877225 97.9674 -0.899851 -0.186656 0.394244 349.871 -0.308944 0.910772 -0.273948 217.266 0 0 0 1 
Seq_Frame0115_DriverToReference-SequenceTransformStatus = OK
Seq_Frame0115_Timestamp = 14.294
Seq_Frame0116_DriverToReference-SequenceTransform =-0.307933 -0.368312 -0.877225 97.9674 -0.899851 -0.186656 0.394244 349.871 -0.308944 0.910772 -0.273948 217.266 0 0 0 1 
Seq_Frame0116_DriverToReference-SequenceTransformStatus = OK
Seq_Frame0116_Timestamp = 14.405
Seq_Frame0117_DriverToReference-SequenceTransform =-0.307933 -0.368312 -0.877225 97.9674 -0.899851 -0.186656 0.394244 349.871 -0.308944 0.910772 -0.273948 217.266 0 0 0 1 
Seq_Frame0117_DriverToReference-SequenceTransformStatus = OK
Seq_Frame0117_Timestamp = 14.514
Seq_Frame0118_DriverToReference-SequenceTransform =-0.307933 -0.368312 -0.877225 97.9674 -0.899851 -0.186656 0.394244 349.871 -0.308944 0.910772 -0.273948 217.266 0 0 0 1 
Seq_Frame0118_DriverToReference-SequenceTransformStatus = OK
Seq_Frame0118_Timestamp = 14.62
Seq_Frame0119_DriverToReference-SequenceTransform =-0.307933 -0.368312 -0.877225 97.9674 -0.899851 -0.186656 0.394244 349.871 -0.308944 0.910772 -0.273948 217.266 0 0 0 1 
Seq_Frame0119_DriverToReference-SequenceTransformStatus = OK
Seq_Frame0119_Timestamp = 14.73
Seq_Frame0120_DriverToReference-SequenceTransform =-0.307933 -0.368312 -0.877225 97.9674 -0.899851 -0.186656 0.394244 349.871 -0.308944 0.910772 -0.273948 217.266 0 0 0 1 
Seq_Frame0120_DriverToReference-SequenceTransformStatus = OK
Seq_Frame0120_Timestamp = 14.835
Seq_Frame0121_DriverToReference-SequenceTransform =-0.307933 -0.368312 -0.877225 97.9674 -0.899851 -0.186656 0.394244 349.871 -0.308944 0.910772 -0.273948 217.266 0 0 0 1 
Seq_Frame0121_DriverToReference-SequenceTransformStatus = OK
Seq_Frame0121_Timestamp = 14.945
Seq_Frame0122_DriverToReference-SequenceTransform =-0.307933 -0.368312 -0.877225 97.9674 -0.899851 -0.186656 0.394244 349.871 -0.308944 0.910772 -0.273948 217.266 0 0 0 1 
Seq_Frame0122_DriverToReference-SequenceTransformStatus = OK
Seq_Frame0122_Timestamp = 15.05
Seq_Frame0123_DriverToReference-SequenceTransform =-0.307933 -0.368312 -0.877225 97.9674 -0.899851 -0.186656 0.394244 349.871 -0.308944 0.910772 -0.273948 217.266 0 0 0 1 
Seq_Frame0123_DriverToReference-SequenceTransformStatus = OK
Seq_Frame0123_Timestamp = 15.16
Seq_Frame0124_DriverToReference-SequenceTransform =-0.307933 -0.368312 -0.877225 97.9674 -0.899851 -0.186656 0.394244 349.871 -0.308944 0.910772 -0.273948 217.266 0 0 0 1 
Seq_Frame0124_DriverToReference-SequenceTransformStatus = OK
Seq_Frame0124_Timestamp = 15.27
Seq_Frame0125_DriverToReference-SequenceTransform =-0.307933 -0.368312 -0.877225 97.9674 -0.899851 -0.186656 0.394244 349.871 -0.308944 0.910772 -0.273948 217.266 0 0 0 1 
Seq_Frame0125_DriverToReference-SequenceTransformStatus = OK
Seq_Frame0125_Timestamp = 15.375
Seq_Frame0126_DriverToReference-SequenceTransform =-0.307933 -0.368312 -0.877225 97.9674 -0.899851 -0.186656 0.394244 349.871 -0.308944 0.910772 -0.273948 217.266 0 0 0 1 
Seq_Frame0126_DriverToReference-SequenceTransformStatus = OK
Seq_Frame0126_Timestamp = 15.485
Seq_Frame0127_DriverToReference-SequenceTransform =-0.307933 -0.368312 -0.877225 97.9674 -0.899851 -0.186656 0.394244 349.871 -0.308944 0.910772 -0.273948 217.266 0 0 0 1 
Seq_Frame0127_DriverToReference-SequenceTransformStatus = OK
Seq_Frame0127_Timestamp = 15.59
Seq_Frame0128_DriverToReference-SequenceTransform =-0.307933 -0.368312 -0.877225 97.9674 -0.899851 -0.186656 0.394244 349.871 -0.308944 0.910772 -0.273948 217.266 0 0 0 1 
Seq_Frame0128_DriverToReference-SequenceTransformStatus = OK
Seq_Frame0128_Timestamp = 15.7
Seq_Frame0129_DriverToReference-SequenceTransform =-0.307933 -0.368312 -0.877225 97.9674 -0.899851 -0.186656 0.394244 349.871 -0.308944 0.910772 -0.273948 217.266 0 0 0 1 
Seq_Frame0129_DriverToReference-SequenceTransformStatus = OK
Seq_Frame0129_Timestamp = 15.805
Seq_Frame0130_DriverToReference-SequenceTransform =-0.307933 -0.368312 -0.877225 97.9674 -0.899851 -0.186656 0.394244 349.871 -0.308944 0.910772 -0.273948 217.266 0 0 0 1 
Seq_Frame0130_DriverToReference-SequenceTransformStatus = OK
Seq_Frame0130_Timestamp = 15.91
Seq_Frame0131_DriverToReference-SequenceTransform =-0.307933 -0.368312 -0.877225 97.9674 -0.899851 -0.186656 0.394244 349.871 -0.308944 0.910772 -0.273948 217.266 0 0 0 1 
Seq_Frame0131_DriverToReference-SequenceTransformStatus = OK
Seq_Frame0131_Timestamp = 16.015
Seq_Frame0132_DriverToReference-SequenceTransform =-0.307933 -0.368312 -0.877225 97.9674 -0.899851 -0.186656 0.394244 349.871 -0.308944 0.910772 -0.273948 217.266 0 0 0 1 
Seq_Frame0132_DriverToReference-SequenceTransformStatus = OK
Seq_Frame0132_Timestamp = 16.125
Seq_Frame0133_DriverToReference-SequenceTransform =-0.307933 -0.368312 -0.877225 97.9674 -0.899851 -0.186656 0.394244 349.871 -0.308944 0.910772 -0.273948 217.266 0 0 0 1 
Seq_Frame0133_DriverToReference-SequenceTransformStatus = OK
Seq_Frame0133_Timestamp = 16.235
Seq_Frame0134_DriverToReference-SequenceTransform =-0.307933 -0.368312 -0.877225 97.9674 -0.899851 -0.186656 0.394244 349.871 -0.308944 0.910772 -0.273948 217.266 0 0 0 1 
Seq_Frame0134_DriverToReference-SequenceTransformStatus = OK
Seq_Frame0134_Timestamp = 16.34
Seq_Frame0135_DriverToReference-SequenceTransform =-0.307933 -0.368312 -0.877225 97.9674 -0.899851 -0.186656 0.394244 349.871 -0.308944 0.910772 -0.273948 217.266 0 0 0 1 
Seq_Frame0135_DriverToReference-SequenceTransformStatus = OK
Seq_Frame0135_Timestamp = 16.45
Seq_Frame0136_DriverToReference-SequenceTransform =-0.307933 -0.368312 -0.877225 97.9674 -0.899851 -0.186656 0.394244 349.871 -0.308944 0.910772 -0.273948 217.266 0 0 0 1 
Seq_Frame0136_DriverToReference-SequenceTransformStatus = OK
Seq_Frame0136_Timestamp = 16.555
Seq_Frame0137_DriverToReference-SequenceTransform =-0.307933 -0.368312 -0.877225 97.9674 -0.899851 -0.186656 0.394244 349.871 -0.308944 0.910772 -0.273948 217.266 0 0 0 1 
Seq_Frame0137_DriverToReference-SequenceTransformStatus = OK
Seq_Frame0137_Timestamp = 16.664
Seq_Frame0138_DriverToReference-SequenceTransform =-0.307933 -0.368312 -0.877225 97.9674 -0.899851 -0.186656 0.394244 349.871 -0.308944 0.910772 -0.273948 217.266 0 0 0 1 
Seq_Frame0138_DriverToReference-SequenceTransformStatus = OK
Seq_Frame0138_Timestamp = 16.77
Seq_Frame0139_DriverToReference-SequenceTransform =-0.307933 -0.368312 -0.877225 97.9674 -0.899851 -0.186656 0.394244 349.871 -0.308944 0.910772 -0.273948 217.266 0 0 0 1 
Seq_Frame0139_DriverToReference-SequenceTransformStatus = OK
Seq_Frame0139_Timestamp = 16.879
Seq_Frame0140_DriverToReference-SequenceTransform =0.00614854 -0.0525809 0.998598 -39.0726 -0.306228 0.95054 0.051936 324.479 -0.951938 -0.306118 -0.0102573 257.9 0 0 0 1 
Seq_Frame0140_DriverToReference-SequenceTransformStatus = OK
Seq_Frame0140_Timestamp = 16.985
Seq_Frame0141_DriverToReference-SequenceTransform =0.0726858 -0.0670292 -0.9951 -17.4793 -0.904137 0.416747 -0.0941133 313.496 0.421013 0.906548 -0.030312 255.729 0 0 0 1 
Seq_Frame0141_DriverToReference-SequenceTransformStatus = OK
Seq_Frame0141_Timestamp = 17.095
Seq_Frame0142_DriverToReference-SequenceTransform =0.146129 -0.138258 -0.979557 2.93721 -0.888542 0.416962 -0.191403 308.721 0.434901 0.898347 -0.0619178 255.205 0 0 0 1 
Seq_Frame0142_DriverToReference-SequenceTransformStatus = OK
Seq_Frame0142_Timestamp = 17.199
Seq_Frame0143_DriverToReference-SequenceTransform =0.18454 -0.141567 -0.972576 19.4233 -0.933269 0.28502 -0.218569 302.21 0.308145 0.94801 -0.0795226 259.162 0 0 0 1 
Seq_Frame0143_DriverToReference-SequenceTransformStatus = OK
Seq_Frame0143_Timestamp = 17.305
Seq_Frame0144_DriverToReference-SequenceTransform =0.18454 -0.141567 -0.972576 19.4233 -0.933269 0.28502 -0.218569 302.21 0.308145 0.94801 -0.0795226 259.162 0 0 0 1 
Seq_Frame0144_DriverToReference-SequenceTransformStatus = OK
Seq_Frame0144_Timestamp = 17.415
Seq_Frame0145_DriverToReference-SequenceTransform =0.18454 -0.141567 -0.972576 19.4233 -0.933269 0.28502 -0.218569 302.21 0.308145 0.94801 -0.0795226 259.162 0 0 0 1 
Seq_Frame0145_DriverToReference-SequenceTransformStatus = OK
Seq_Frame0145_Timestamp = 17.52
Seq_Frame0146_DriverToReference-SequenceTransform =0.18454 -0.141567 -0.972576 19.4233 -0.933269 0.28502 -0.218569 302.21 0.308145 0.94801 -0.0795226 259.162 0 0 0 1 
Seq_Frame0146_DriverToReference-SequenceTransformStatus = OK
Seq_Frame0146_Timestamp = 17.63
Seq_Frame0147_DriverToReference-SequenceTransform =0.18454 -0.141567 -0.972576 19.4233 -0.933269 0.28502 -0.218569 302.21 0.308145 0.94801 -0.0795226 259.162 0 0 0 1 
Seq_Frame0147_DriverToReference-SequenceTransformStatus = OK
Seq_Frame0147_Timestamp = 17.735
Seq_Frame0148_DriverToReference-SequenceTransform =0.18454 -0.141567 -0.972576 19.4233 -0.933269 0.28502 -0.218569 302.21 0.308145 0.94801 -0.0795226 259.162 0 0 0 1 
Seq_Frame0148_DriverToReference-SequenceTransformStatus = OK
Seq_Frame0148_Timestamp = 17.84
Seq_Frame0149_DriverToReference-SequenceTransform =0.18454 -0.141567 -0.972576 19.4233 -0.933269 0.28502 -0.218569 302.21 0.308145 0.94801 -0.0795226 259.162 0 0 0 1 
Seq_Frame0149_DriverToReference-SequenceTransformStatus = OK
Seq_Frame0149_Timestamp = 17.95
Seq_Frame0150_DriverToReference-SequenceTransform =0.18454 -0.141567 -0.972576 19.4233 -0.933269 0.28502 -0.218569 302.21 0.308145 0.94801 -0.0795226 259.162 0 0 0 1 
