ObjectType = Image
NDims = 3
AnatomicalOrientation = RAI
BinaryData = True
CompressedData = False
DimSize = 0 0 2428
ElementSpacing = 1 1 1
Offset = 0 0 0
TransformMatrix = 1 0 0 0 1 0 0 0 1
ElementType = MET_UCHAR
Kinds = domain domain list
Seq_Frame0000_ForcepToReference-SequenceTransform =0.153758 0.987582 0.0322583 -51.0469 -0.971127 0.157062 -0.179568 59.4454 -0.182404 -0.00371694 0.983217 104.244 0 0 0 1 
Seq_Frame0000_ForcepToReference-SequenceTransformStatus = OK
Seq_Frame0000_Timestamp = 0.013
Seq_Frame0001_ForcepToReference-SequenceTransform =0.154078 0.987488 0.033568 -51.0346 -0.971084 0.157614 -0.179315 59.4376 -0.182363 -0.00496877 0.983219 104.242 0 0 0 1 
Seq_Frame0001_ForcepToReference-SequenceTransformStatus = OK
Seq_Frame0001_Timestamp = 0.114
Seq_Frame0002_ForcepToReference-SequenceTransform =0.152876 0.987714 0.0323968 -51.0751 -0.972116 0.156198 -0.174905 59.4303 -0.177817 -0.00475475 0.984052 104.22 0 0 0 1 
Seq_Frame0002_ForcepToReference-SequenceTransformStatus = OK
Seq_Frame0002_Timestamp = 0.235
Seq_Frame0003_ForcepToReference-SequenceTransform =0.15567 0.987172 0.0354795 -51.075 -0.97065 0.159533 -0.179965 59.5871 -0.183317 -0.00642299 0.983033 104.054 0 0 0 1 
Seq_Frame0003_ForcepToReference-SequenceTransformStatus = OK
Seq_Frame0003_Timestamp = 0.343
Seq_Frame0004_ForcepToReference-SequenceTransform =0.154794 0.987371 0.0337331 -51.0733 -0.970773 0.158353 -0.180343 59.4948 -0.183407 -0.00483117 0.983025 104.141 0 0 0 1 
Seq_Frame0004_ForcepToReference-SequenceTransformStatus = OK
Seq_Frame0004_Timestamp = 0.454
Seq_Frame0005_ForcepToReference-SequenceTransform =0.155677 0.987228 0.0338425 -51.0434 -0.969867 0.15926 -0.184377 59.4858 -0.187412 -0.00411942 0.982273 104.21 0 0 0 1 
Seq_Frame0005_ForcepToReference-SequenceTransformStatus = OK
Seq_Frame0005_Timestamp = 0.57
Seq_Frame0006_ForcepToReference-SequenceTransform =0.156581 0.987069 0.0342978 -51.066 -0.969431 0.16024 -0.185815 59.518 -0.188908 -0.00415419 0.981986 104.274 0 0 0 1 
Seq_Frame0006_ForcepToReference-SequenceTransformStatus = OK
Seq_Frame0006_Timestamp = 0.685
Seq_Frame0007_ForcepToReference-SequenceTransform =0.15527 0.987337 0.0324993 -51.0594 -0.970212 0.158604 -0.183122 59.5207 -0.185957 -0.00309795 0.982553 104.208 0 0 0 1 
Seq_Frame0007_ForcepToReference-SequenceTransformStatus = OK
Seq_Frame0007_Timestamp = 0.795
Seq_Frame0008_ForcepToReference-SequenceTransform =0.155024 0.987372 0.0326161 -51.0465 -0.970493 0.15838 -0.181823 59.5078 -0.184693 -0.00346688 0.98279 104.224 0 0 0 1 
Seq_Frame0008_ForcepToReference-SequenceTransformStatus = OK
Seq_Frame0008_Timestamp = 0.905
Seq_Frame0009_ForcepToReference-SequenceTransform =0.155364 0.987225 0.0353321 -51.0513 -0.970548 0.159211 -0.180797 59.4823 -0.184113 -0.00620207 0.982886 104.209 0 0 0 1 
Seq_Frame0009_ForcepToReference-SequenceTransformStatus = OK
Seq_Frame0009_Timestamp = 1.009
Seq_Frame0010_ForcepToReference-SequenceTransform =0.15347 0.987377 0.0391649 -51.0544 -0.972918 0.157918 -0.168795 59.535 -0.172849 -0.0121993 0.984873 103.904 0 0 0 1 
Seq_Frame0010_ForcepToReference-SequenceTransformStatus = OK
Seq_Frame0010_Timestamp = 1.12
Seq_Frame0011_ForcepToReference-SequenceTransform =0.152024 0.987809 0.0335096 -51.0415 -0.97306 0.155528 -0.17019 59.5488 -0.173327 -0.00673385 0.984841 103.968 0 0 0 1 
Seq_Frame0011_ForcepToReference-SequenceTransformStatus = OK
Seq_Frame0011_Timestamp = 1.229
Seq_Frame0012_ForcepToReference-SequenceTransform =0.152444 0.987684 0.0352313 -51.0887 -0.973188 0.156228 -0.168813 59.648 -0.172239 -0.00855208 0.985018 103.804 0 0 0 1 
Seq_Frame0012_ForcepToReference-SequenceTransformStatus = OK
Seq_Frame0012_Timestamp = 1.343
Seq_Frame0013_ForcepToReference-SequenceTransform =0.154772 0.987417 0.0324698 -51.0887 -0.97089 0.158099 -0.17994 59.575 -0.182809 -0.00367494 0.983142 104.201 0 0 0 1 
Seq_Frame0013_ForcepToReference-SequenceTransformStatus = OK
Seq_Frame0013_Timestamp = 1.444
Seq_Frame0014_ForcepToReference-SequenceTransform =0.153184 0.987734 0.030271 -51.0815 -0.971834 0.156128 -0.176528 59.5601 -0.179088 -0.00237722 0.98383 104.092 0 0 0 1 
Seq_Frame0014_ForcepToReference-SequenceTransformStatus = OK
Seq_Frame0014_Timestamp = 1.554
Seq_Frame0015_ForcepToReference-SequenceTransform =0.153099 0.987731 0.0307804 -51.0913 -0.972009 0.156133 -0.175557 59.5804 -0.178209 -0.00304128 0.983988 104.079 0 0 0 1 
Seq_Frame0015_ForcepToReference-SequenceTransformStatus = OK
Seq_Frame0015_Timestamp = 1.666
Seq_Frame0016_ForcepToReference-SequenceTransform =0.15285 0.987801 0.0297588 -51.0776 -0.971871 0.155708 -0.176695 59.5523 -0.179174 -0.00191381 0.983816 104.121 0 0 0 1 
Seq_Frame0016_ForcepToReference-SequenceTransformStatus = OK
Seq_Frame0016_Timestamp = 1.775
Seq_Frame0017_ForcepToReference-SequenceTransform =0.153493 0.987648 0.0314988 -51.0791 -0.971738 0.156652 -0.176595 59.546 -0.179348 -0.00350258 0.983779 104.142 0 0 0 1 
Seq_Frame0017_ForcepToReference-SequenceTransformStatus = OK
Seq_Frame0017_Timestamp = 1.88
Seq_Frame0018_ForcepToReference-SequenceTransform =0.158184 0.986713 0.0370746 -51.0702 -0.969226 0.162334 -0.185063 59.6967 -0.188622 -0.0066597 0.982027 103.884 0 0 0 1 
Seq_Frame0018_ForcepToReference-SequenceTransformStatus = OK
Seq_Frame0018_Timestamp = 1.991
Seq_Frame0019_ForcepToReference-SequenceTransform =0.153957 0.987568 0.0317197 -51.1094 -0.971635 0.157149 -0.176716 59.6113 -0.179504 -0.00361325 0.983751 104.112 0 0 0 1 
Seq_Frame0019_ForcepToReference-SequenceTransformStatus = OK
Seq_Frame0019_Timestamp = 2.095
Seq_Frame0020_ForcepToReference-SequenceTransform =0.147305 0.988796 0.0241675 -51.0568 -0.974195 0.149268 -0.1693 59.1225 -0.17101 0.00139493 0.985268 104.718 0 0 0 1 
Seq_Frame0020_ForcepToReference-SequenceTransformStatus = OK
Seq_Frame0020_Timestamp = 2.205
Seq_Frame0021_ForcepToReference-SequenceTransform =0.158027 0.986723 0.0374936 -51.0961 -0.969138 0.162263 -0.185584 59.626 -0.189204 -0.00700914 0.981913 103.96 0 0 0 1 
Seq_Frame0021_ForcepToReference-SequenceTransformStatus = OK
Seq_Frame0021_Timestamp = 2.31
Seq_Frame0022_ForcepToReference-SequenceTransform =0.154925 0.987361 0.0334243 -51.1201 -0.971264 0.158413 -0.177625 59.6942 -0.180675 -0.00494517 0.98353 103.975 0 0 0 1 
Seq_Frame0022_ForcepToReference-SequenceTransformStatus = OK
Seq_Frame0022_Timestamp = 2.42
Seq_Frame0023_ForcepToReference-SequenceTransform =0.158816 0.986542 0.0388858 -51.0704 -0.968896 0.163304 -0.185935 59.6306 -0.189783 -0.00814696 0.981792 104.038 0 0 0 1 
Seq_Frame0023_ForcepToReference-SequenceTransformStatus = OK
Seq_Frame0023_Timestamp = 2.53
Seq_Frame0024_ForcepToReference-SequenceTransform =0.155483 0.987278 0.0332794 -51.0962 -0.970868 0.158943 -0.179312 59.6591 -0.18232 -0.00442986 0.983229 104.11 0 0 0 1 
Seq_Frame0024_ForcepToReference-SequenceTransformStatus = OK
Seq_Frame0024_Timestamp = 2.64
Seq_Frame0025_ForcepToReference-SequenceTransform =0.155053 0.987364 0.0327266 -51.1117 -0.970798 0.158423 -0.18015 59.5381 -0.183058 -0.00383812 0.983095 104.11 0 0 0 1 
Seq_Frame0025_ForcepToReference-SequenceTransformStatus = OK
Seq_Frame0025_Timestamp = 2.744
Seq_Frame0026_ForcepToReference-SequenceTransform =0.154708 0.987439 0.0320766 -51.1183 -0.970965 0.157963 -0.179653 59.5407 -0.182464 -0.00335144 0.983207 104.124 0 0 0 1 
Seq_Frame0026_ForcepToReference-SequenceTransformStatus = OK
Seq_Frame0026_Timestamp = 2.854
Seq_Frame0027_ForcepToReference-SequenceTransform =0.155246 0.987341 0.0325131 -51.1289 -0.97097 0.158569 -0.17909 59.6788 -0.181978 -0.00376627 0.983295 103.982 0 0 0 1 
Seq_Frame0027_ForcepToReference-SequenceTransformStatus = OK
Seq_Frame0027_Timestamp = 2.96
Seq_Frame0028_ForcepToReference-SequenceTransform =0.155984 0.987287 0.030561 -51.1444 -0.970255 0.158945 -0.182599 59.6995 -0.185135 -0.00116936 0.982712 104.057 0 0 0 1 
Seq_Frame0028_ForcepToReference-SequenceTransformStatus = OK
Seq_Frame0028_Timestamp = 3.069
Seq_Frame0029_ForcepToReference-SequenceTransform =0.155134 0.987357 0.0325647 -51.1035 -0.970776 0.158473 -0.180224 59.5974 -0.183106 -0.00365408 0.983086 104.086 0 0 0 1 
Seq_Frame0029_ForcepToReference-SequenceTransformStatus = OK
Seq_Frame0029_Timestamp = 3.18
Seq_Frame0030_ForcepToReference-SequenceTransform =0.155042 0.98737 0.0326025 -51.1001 -0.970883 0.158387 -0.179719 59.5895 -0.182612 -0.0037894 0.983178 104.04 0 0 0 1 
Seq_Frame0030_ForcepToReference-SequenceTransformStatus = OK
Seq_Frame0030_Timestamp = 3.29
Seq_Frame0031_ForcepToReference-SequenceTransform =0.155038 0.987341 0.033478 -51.0729 -0.970955 0.158541 -0.179194 59.5343 -0.182233 -0.00472385 0.983244 104.183 0 0 0 1 
Seq_Frame0031_ForcepToReference-SequenceTransformStatus = OK
Seq_Frame0031_Timestamp = 3.395
Seq_Frame0032_ForcepToReference-SequenceTransform =0.154988 0.987352 0.0333722 -51.0735 -0.970763 0.158478 -0.180289 59.4918 -0.183298 -0.00445386 0.983047 104.224 0 0 0 1 
Seq_Frame0032_ForcepToReference-SequenceTransformStatus = OK
Seq_Frame0032_Timestamp = 3.504
Seq_Frame0033_ForcepToReference-SequenceTransform =0.154919 0.987406 0.0320974 -51.0966 -0.970969 0.158173 -0.179444 59.5884 -0.182261 -0.00336635 0.983244 104.127 0 0 0 1 
Seq_Frame0033_ForcepToReference-SequenceTransformStatus = OK
Seq_Frame0033_Timestamp = 3.61
Seq_Frame0034_ForcepToReference-SequenceTransform =0.156384 0.987263 0.0292434 -51.0789 -0.969597 0.159093 -0.185936 59.5163 -0.18822 0.000723001 0.982127 104.453 0 0 0 1 
Seq_Frame0034_ForcepToReference-SequenceTransformStatus = OK
Seq_Frame0034_Timestamp = 3.716
Seq_Frame0035_ForcepToReference-SequenceTransform =0.154592 0.987437 0.032694 -51.1015 -0.971195 0.157956 -0.178409 59.5815 -0.181332 -0.00417163 0.983413 104.1 0 0 0 1 
Seq_Frame0035_ForcepToReference-SequenceTransformStatus = OK
Seq_Frame0035_Timestamp = 3.824
Seq_Frame0036_ForcepToReference-SequenceTransform =0.154488 0.987471 0.0321525 -51.0866 -0.97133 0.157754 -0.177853 59.5936 -0.180697 -0.00375449 0.983532 104.098 0 0 0 1 
Seq_Frame0036_ForcepToReference-SequenceTransformStatus = OK
Seq_Frame0036_Timestamp = 3.935
Seq_Frame0037_ForcepToReference-SequenceTransform =0.154351 0.987489 0.0322584 -51.111 -0.971287 0.15764 -0.17819 59.5878 -0.181046 -0.00382835 0.983467 104.136 0 0 0 1 
Seq_Frame0037_ForcepToReference-SequenceTransformStatus = OK
Seq_Frame0037_Timestamp = 4.044
Seq_Frame0038_ForcepToReference-SequenceTransform =0.154304 0.987516 0.0316488 -51.1208 -0.971293 0.157484 -0.178294 59.5747 -0.181052 -0.00322872 0.983468 104.149 0 0 0 1 
Seq_Frame0038_ForcepToReference-SequenceTransformStatus = OK
Seq_Frame0038_Timestamp = 4.155
Seq_Frame0039_ForcepToReference-SequenceTransform =0.153891 0.987581 0.0316367 -51.1096 -0.971466 0.157073 -0.177713 59.546 -0.180475 -0.00338551 0.983574 104.157 0 0 0 1 
Seq_Frame0039_ForcepToReference-SequenceTransformStatus = OK
Seq_Frame0039_Timestamp = 4.265
Seq_Frame0040_ForcepToReference-SequenceTransform =0.182493 0.982626 0.0337854 -51.6856 -0.962239 0.185554 -0.199164 60.0594 -0.201972 0.00383631 0.979384 104.138 0 0 0 1 
Seq_Frame0040_ForcepToReference-SequenceTransformStatus = OK
Seq_Frame0040_Timestamp = 4.37
Seq_Frame0041_ForcepToReference-SequenceTransform =0.201771 0.976953 0.069648 -53.0547 -0.978809 0.20367 -0.0212637 59.3158 -0.0349589 -0.0638817 0.997345 104.453 0 0 0 1 
Seq_Frame0041_ForcepToReference-SequenceTransformStatus = OK
Seq_Frame0041_Timestamp = 4.479
Seq_Frame0042_ForcepToReference-SequenceTransform =0.291824 0.924841 0.243944 -56.9897 -0.956337 0.277842 0.0906866 62.7615 0.0160928 -0.259757 0.96554 97.4676 0 0 0 1 
Seq_Frame0042_ForcepToReference-SequenceTransformStatus = OK
Seq_Frame0042_Timestamp = 4.615
Seq_Frame0043_ForcepToReference-SequenceTransform =0.554469 0.755581 0.3488 -49.9403 -0.831626 0.518699 0.198369 94.5915 -0.0310383 -0.40006 0.915963 87.3473 0 0 0 1 
Seq_Frame0043_ForcepToReference-SequenceTransformStatus = OK
Seq_Frame0043_Timestamp = 4.72
Seq_Frame0044_ForcepToReference-SequenceTransform =0.593084 0.571562 0.567069 -62.687 -0.748591 0.650751 0.127026 138.396 -0.296418 -0.49984 0.813816 55.5659 0 0 0 1 
Seq_Frame0044_ForcepToReference-SequenceTransformStatus = OK
Seq_Frame0044_Timestamp = 4.829
Seq_Frame0045_ForcepToReference-SequenceTransform =0.607702 0.188538 0.77146 -86.5132 -0.386055 0.919044 0.0795006 207.173 -0.694017 -0.346139 0.631291 43.9973 0 0 0 1 
Seq_Frame0045_ForcepToReference-SequenceTransformStatus = OK
Seq_Frame0045_Timestamp = 4.94
Seq_Frame0046_ForcepToReference-SequenceTransform =0.52705 0.0488596 0.848429 -96.3935 -0.229244 0.969511 0.0865757 241.193 -0.818331 -0.240127 0.522182 46.8138 0 0 0 1 
Seq_Frame0046_ForcepToReference-SequenceTransformStatus = OK
Seq_Frame0046_Timestamp = 5.045
Seq_Frame0047_ForcepToReference-SequenceTransform =-0.523899 -0.294162 -0.799374 -111.984 0.811448 -0.457724 -0.363375 260.732 -0.259001 -0.839022 0.478498 55.2078 0 0 0 1 
Seq_Frame0047_ForcepToReference-SequenceTransformStatus = OK
Seq_Frame0047_Timestamp = 5.155
Seq_Frame0048_ForcepToReference-SequenceTransform =-0.581584 -0.430854 -0.690018 -124.83 0.806023 -0.419839 -0.417208 268.517 -0.109941 -0.798812 0.59145 70.6006 0 0 0 1 
Seq_Frame0048_ForcepToReference-SequenceTransformStatus = OK
Seq_Frame0048_Timestamp = 5.264
Seq_Frame0049_ForcepToReference-SequenceTransform =-0.405759 -0.7298 -0.550228 -122.494 0.913644 -0.307551 -0.265832 261.587 0.0247813 -0.610577 0.791569 98.4145 0 0 0 1 
Seq_Frame0049_ForcepToReference-SequenceTransformStatus = OK
Seq_Frame0049_Timestamp = 5.37
Seq_Frame0050_ForcepToReference-SequenceTransform =-0.199688 -0.809198 -0.552561 -111.28 0.979645 -0.176659 -0.0953234 246.885 -0.0204794 -0.560349 0.828003 106.477 0 0 0 1 
Seq_Frame0050_ForcepToReference-SequenceTransformStatus = OK
Seq_Frame0050_Timestamp = 5.48
Seq_Frame0051_ForcepToReference-SequenceTransform =-0.138081 -0.83655 -0.530206 -106.069 0.990246 -0.126668 -0.0580332 243.797 -0.0186127 -0.533048 0.845881 110.459 0 0 0 1 
Seq_Frame0051_ForcepToReference-SequenceTransformStatus = OK
Seq_Frame0051_Timestamp = 5.59
Seq_Frame0052_ForcepToReference-SequenceTransform =-0.135573 -0.820412 -0.555467 -101.571 0.99068 -0.119691 -0.0650151 241.247 -0.0131452 -0.559105 0.828993 115.13 0 0 0 1 
Seq_Frame0052_ForcepToReference-SequenceTransformStatus = OK
Seq_Frame0052_Timestamp = 5.7
Seq_Frame0053_ForcepToReference-SequenceTransform =-0.140183 -0.816918 -0.559459 -99.7318 0.990119 -0.117678 -0.0762598 239.922 -0.00353821 -0.564622 0.825342 117.622 0 0 0 1 
Seq_Frame0053_ForcepToReference-SequenceTransformStatus = OK
Seq_Frame0053_Timestamp = 5.805
Seq_Frame0054_ForcepToReference-SequenceTransform =-0.127197 -0.800121 -0.586198 -94.4593 0.991655 -0.0900638 -0.092245 238.686 0.0210119 -0.593039 0.804899 122.893 0 0 0 1 
Seq_Frame0054_ForcepToReference-SequenceTransformStatus = OK
Seq_Frame0054_Timestamp = 5.909
Seq_Frame0055_ForcepToReference-SequenceTransform =-0.117713 -0.778173 -0.61692 -91.0554 0.992659 -0.0748289 -0.0950193 238.814 0.027778 -0.623577 0.781269 125.779 0 0 0 1 
Seq_Frame0055_ForcepToReference-SequenceTransformStatus = OK
Seq_Frame0055_Timestamp = 6.02
Seq_Frame0056_ForcepToReference-SequenceTransform =-0.128122 -0.769354 -0.625842 -91.278 0.991719 -0.0937778 -0.0877421 237.39 0.00881461 -0.631902 0.774998 123.244 0 0 0 1 
Seq_Frame0056_ForcepToReference-SequenceTransformStatus = OK
Seq_Frame0056_Timestamp = 6.13
Seq_Frame0057_ForcepToReference-SequenceTransform =-0.134687 -0.75718 -0.63917 -90.4491 0.990872 -0.0992726 -0.0911975 236.539 0.00560083 -0.645619 0.763639 121.645 0 0 0 1 
Seq_Frame0057_ForcepToReference-SequenceTransformStatus = OK
Seq_Frame0057_Timestamp = 6.235
Seq_Frame0058_ForcepToReference-SequenceTransform =-0.117612 -0.753347 -0.647021 -88.9812 0.992926 -0.0999179 -0.0641506 235.64 -0.0163213 -0.649989 0.759769 120.144 0 0 0 1 
Seq_Frame0058_ForcepToReference-SequenceTransformStatus = OK
Seq_Frame0058_Timestamp = 6.344
Seq_Frame0059_ForcepToReference-SequenceTransform =-0.155786 -0.785611 -0.598787 -96.5601 0.987787 -0.122318 -0.0965113 241.71 0.00257804 -0.60651 0.795072 117.572 0 0 0 1 
Seq_Frame0059_ForcepToReference-SequenceTransformStatus = OK
Seq_Frame0059_Timestamp = 6.45
Seq_Frame0060_ForcepToReference-SequenceTransform =-0.35009 -0.818054 -0.456316 -120.702 0.936715 -0.305046 -0.17179 259.392 0.00133598 -0.487581 0.873077 104.267 0 0 0 1 
Seq_Frame0060_ForcepToReference-SequenceTransformStatus = OK
Seq_Frame0060_Timestamp = 6.555
Seq_Frame0061_ForcepToReference-SequenceTransform =-0.675079 -0.668364 -0.312343 -158.936 0.718417 -0.691844 -0.0723065 266.984 -0.167766 -0.273205 0.947214 73.6537 0 0 0 1 
Seq_Frame0061_ForcepToReference-SequenceTransformStatus = OK
Seq_Frame0061_Timestamp = 6.665
Seq_Frame0062_ForcepToReference-SequenceTransform =-0.838586 -0.47756 -0.262125 -172.546 0.46304 -0.878331 0.118861 254.332 -0.286996 -0.0216994 0.957686 58.4937 0 0 0 1 
Seq_Frame0062_ForcepToReference-SequenceTransformStatus = OK
Seq_Frame0062_Timestamp = 6.77
Seq_Frame0063_ForcepToReference-SequenceTransform =-0.878945 -0.348683 -0.325386 -163.672 0.291875 -0.932845 0.211211 239.79 -0.377181 0.0906702 0.921691 59.5117 0 0 0 1 
Seq_Frame0063_ForcepToReference-SequenceTransformStatus = OK
Seq_Frame0063_Timestamp = 6.88
Seq_Frame0064_ForcepToReference-SequenceTransform =-0.876701 -0.274441 -0.395067 -152.22 0.180853 -0.949078 0.257961 230.585 -0.445745 0.154706 0.88169 61.3202 0 0 0 1 
Seq_Frame0064_ForcepToReference-SequenceTransformStatus = OK
Seq_Frame0064_Timestamp = 6.985
Seq_Frame0065_ForcepToReference-SequenceTransform =-0.87399 -0.239543 -0.422801 -147.571 0.132736 -0.954655 0.266487 227.476 -0.467464 0.176786 0.866155 61.9298 0 0 0 1 
Seq_Frame0065_ForcepToReference-SequenceTransformStatus = OK
Seq_Frame0065_Timestamp = 7.094
Seq_Frame0066_ForcepToReference-SequenceTransform =-0.890887 -0.23697 -0.387511 -147.544 0.141898 -0.955625 0.258159 228.183 -0.431491 0.175003 0.88498 61.4617 0 0 0 1 
Seq_Frame0066_ForcepToReference-SequenceTransformStatus = OK
Seq_Frame0066_Timestamp = 7.199
Seq_Frame0067_ForcepToReference-SequenceTransform =-0.888136 -0.206915 -0.410367 -145.355 0.10969 -0.962546 0.247939 231.049 -0.446299 0.17519 0.877568 61.8969 0 0 0 1 
Seq_Frame0067_ForcepToReference-SequenceTransformStatus = OK
Seq_Frame0067_Timestamp = 7.31
Seq_Frame0068_ForcepToReference-SequenceTransform =-0.884575 -0.186508 -0.427483 -143.659 0.0832864 -0.964998 0.248681 234.321 -0.458901 0.184374 0.869147 63.7348 0 0 0 1 
Seq_Frame0068_ForcepToReference-SequenceTransformStatus = OK
Seq_Frame0068_Timestamp = 7.417
Seq_Frame0069_ForcepToReference-SequenceTransform =-0.869363 -0.178714 -0.460728 -141.929 0.0726752 -0.968417 0.238512 240.227 -0.488802 0.17387 0.854893 65.0172 0 0 0 1 
Seq_Frame0069_ForcepToReference-SequenceTransformStatus = OK
Seq_Frame0069_Timestamp = 7.525
Seq_Frame0070_ForcepToReference-SequenceTransform =0.119509 -0.430119 0.894827 -136.827 -0.910091 0.312754 0.27188 242.819 -0.396801 -0.846866 -0.35407 67.3554 0 0 0 1 
Seq_Frame0070_ForcepToReference-SequenceTransformStatus = OK
Seq_Frame0070_Timestamp = 7.77
Seq_Frame0071_ForcepToReference-SequenceTransform =0.102902 -0.43662 0.893742 -138.137 -0.906362 0.328999 0.265081 245.245 -0.40978 -0.837331 -0.361881 67.8878 0 0 0 1 
Seq_Frame0071_ForcepToReference-SequenceTransformStatus = OK
Seq_Frame0071_Timestamp = 7.88
Seq_Frame0072_ForcepToReference-SequenceTransform =0.114492 -0.435379 0.892937 -137.399 -0.897624 0.339773 0.28076 251.352 -0.425633 -0.833666 -0.351906 69.6185 0 0 0 1 
Seq_Frame0072_ForcepToReference-SequenceTransformStatus = OK
Seq_Frame0072_Timestamp = 7.99
Seq_Frame0073_ForcepToReference-SequenceTransform =0.369742 -0.534227 0.760192 -125.344 -0.716761 0.356617 0.599232 267.545 -0.591223 -0.766437 -0.251057 74.6757 0 0 0 1 
Seq_Frame0073_ForcepToReference-SequenceTransformStatus = OK
Seq_Frame0073_Timestamp = 9.76
Seq_Frame0074_ForcepToReference-SequenceTransform =0.372886 -0.545818 0.750359 -125.548 -0.717697 0.342897 0.60608 267.857 -0.588105 -0.764529 -0.263871 74.8662 0 0 0 1 
Seq_Frame0074_ForcepToReference-SequenceTransformStatus = OK
Seq_Frame0074_Timestamp = 9.874
Seq_Frame0075_ForcepToReference-SequenceTransform =0.383686 -0.540724 0.7486 -125.215 -0.707966 0.348257 0.614411 269.417 -0.592932 -0.765725 -0.249193 74.9177 0 0 0 1 
Seq_Frame0075_ForcepToReference-SequenceTransformStatus = OK
Seq_Frame0075_Timestamp = 9.985
Seq_Frame0076_ForcepToReference-SequenceTransform =0.396816 -0.536313 0.74492 -123.843 -0.69733 0.351587 0.624594 269.559 -0.596882 -0.767304 -0.234471 75.9684 0 0 0 1 
Seq_Frame0076_ForcepToReference-SequenceTransformStatus = OK
Seq_Frame0076_Timestamp = 10.09
Seq_Frame0077_ForcepToReference-SequenceTransform =0.406598 -0.51867 0.752103 -124.41 -0.703017 0.348129 0.62014 270.322 -0.583477 -0.780889 -0.223085 75.3879 0 0 0 1 
Seq_Frame0077_ForcepToReference-SequenceTransformStatus = OK
Seq_Frame0077_Timestamp = 10.194
Seq_Frame0078_ForcepToReference-SequenceTransform =0.394543 -0.536339 0.746108 -125.936 -0.701668 0.348418 0.621503 268.288 -0.593294 -0.76873 -0.238866 73.6822 0 0 0 1 
Seq_Frame0078_ForcepToReference-SequenceTransformStatus = OK
Seq_Frame0078_Timestamp = 10.305
Seq_Frame0079_ForcepToReference-SequenceTransform =0.374175 -0.538976 0.754651 -130.956 -0.725019 0.337375 0.600438 265.116 -0.578222 -0.771805 -0.26453 69.3949 0 0 0 1 
Seq_Frame0079_ForcepToReference-SequenceTransformStatus = OK
Seq_Frame0079_Timestamp = 10.416
Seq_Frame0080_ForcepToReference-SequenceTransform =0.239985 -0.513009 0.824154 -141.678 -0.731482 0.462588 0.500946 279.877 -0.638233 -0.723073 -0.264243 68.9579 0 0 0 1 
Seq_Frame0080_ForcepToReference-SequenceTransformStatus = OK
Seq_Frame0080_Timestamp = 10.52
Seq_Frame0081_ForcepToReference-SequenceTransform =-0.036088 -0.464444 0.884867 -159.078 -0.621122 0.704074 0.344219 320.504 -0.782882 -0.537188 -0.313885 79.4159 0 0 0 1 
Seq_Frame0081_ForcepToReference-SequenceTransformStatus = OK
Seq_Frame0081_Timestamp = 10.624
Seq_Frame0082_ForcepToReference-SequenceTransform =-0.293618 -0.364646 0.883641 -168.486 -0.434783 0.87418 0.216272 363.12 -0.851324 -0.32069 -0.415217 107.595 0 0 0 1 
Seq_Frame0082_ForcepToReference-SequenceTransformStatus = OK
Seq_Frame0082_Timestamp = 10.735
Seq_Frame0083_ForcepToReference-SequenceTransform =-0.4913 -0.310201 0.81388 -171.217 -0.441311 0.894261 0.0744394 376.815 -0.750912 -0.322602 -0.576245 126.916 0 0 0 1 
Seq_Frame0083_ForcepToReference-SequenceTransformStatus = OK
Seq_Frame0083_Timestamp = 10.845
Seq_Frame0084_ForcepToReference-SequenceTransform =-0.498089 -0.336407 0.799211 -172.36 -0.544618 0.838575 0.0135561 367.716 -0.674758 -0.428512 -0.600898 123.224 0 0 0 1 
Seq_Frame0084_ForcepToReference-SequenceTransformStatus = OK
Seq_Frame0084_Timestamp = 10.95
Seq_Frame0085_ForcepToReference-SequenceTransform =-0.509478 -0.348868 0.78659 -169.177 -0.621807 0.781144 -0.0562946 359.684 -0.594801 -0.517788 -0.614904 119.779 0 0 0 1 
Seq_Frame0085_ForcepToReference-SequenceTransformStatus = OK
Seq_Frame0085_Timestamp = 11.054
Seq_Frame0086_ForcepToReference-SequenceTransform =-0.480993 -0.343585 0.806595 -168.009 -0.65934 0.748146 -0.0744934 358.585 -0.577856 -0.567651 -0.586392 120.341 0 0 0 1 
Seq_Frame0086_ForcepToReference-SequenceTransformStatus = OK
Seq_Frame0086_Timestamp = 11.165
Seq_Frame0087_ForcepToReference-SequenceTransform =-0.49484 -0.352424 0.794312 -171.016 -0.659632 0.74739 -0.0793313 360.322 -0.565702 -0.56321 -0.602309 120.17 0 0 0 1 
Seq_Frame0087_ForcepToReference-SequenceTransformStatus = OK
Seq_Frame0087_Timestamp = 11.275
Seq_Frame0088_ForcepToReference-SequenceTransform =-0.513988 -0.339162 0.787899 -168.809 -0.654922 0.748352 -0.105101 365.181 -0.55398 -0.570033 -0.606769 126.001 0 0 0 1 
Seq_Frame0088_ForcepToReference-SequenceTransformStatus = OK
Seq_Frame0088_Timestamp = 11.385
Seq_Frame0089_ForcepToReference-SequenceTransform =-0.538529 -0.337314 0.772144 -167.037 -0.634717 0.765098 -0.108445 368.91 -0.554185 -0.548494 -0.626126 129.009 0 0 0 1 
Seq_Frame0089_ForcepToReference-SequenceTransformStatus = OK
Seq_Frame0089_Timestamp = 11.49
Seq_Frame0090_ForcepToReference-SequenceTransform =-0.573579 -0.330511 0.749513 -165.438 -0.610879 0.782178 -0.122573 370.539 -0.545741 -0.528167 -0.650543 130.253 0 0 0 1 
Seq_Frame0090_ForcepToReference-SequenceTransformStatus = OK
Seq_Frame0090_Timestamp = 11.599
Seq_Frame0091_ForcepToReference-SequenceTransform =-0.58663 -0.325961 0.74136 -165.502 -0.597226 0.792403 -0.124175 370.778 -0.54698 -0.515604 -0.65952 129.926 0 0 0 1 
Seq_Frame0091_ForcepToReference-SequenceTransformStatus = OK
Seq_Frame0091_Timestamp = 11.71
Seq_Frame0092_ForcepToReference-SequenceTransform =-0.569206 -0.316229 0.758949 -165.611 -0.600034 0.790847 -0.120502 371.453 -0.562106 -0.523986 -0.639903 129.25 0 0 0 1 
Seq_Frame0092_ForcepToReference-SequenceTransformStatus = OK
Seq_Frame0092_Timestamp = 11.815
Seq_Frame0093_ForcepToReference-SequenceTransform =-0.568195 -0.305675 0.764014 -163.689 -0.566766 0.818495 -0.0940304 373.657 -0.596599 -0.486445 -0.638311 129.449 0 0 0 1 
Seq_Frame0093_ForcepToReference-SequenceTransformStatus = OK
Seq_Frame0093_Timestamp = 11.925
Seq_Frame0094_ForcepToReference-SequenceTransform =-0.542153 -0.284345 0.790707 -160.817 -0.524044 0.85 -0.0536473 376.993 -0.656847 -0.443451 -0.609839 127.339 0 0 0 1 
Seq_Frame0094_ForcepToReference-SequenceTransformStatus = OK
Seq_Frame0094_Timestamp = 12.029
Seq_Frame0095_ForcepToReference-SequenceTransform =-0.517223 -0.272865 0.811187 -160.689 -0.506016 0.861903 -0.032718 379.423 -0.690238 -0.427396 -0.58387 127.954 0 0 0 1 
Seq_Frame0095_ForcepToReference-SequenceTransformStatus = OK
Seq_Frame0095_Timestamp = 12.14
Seq_Frame0096_ForcepToReference-SequenceTransform =-0.496261 -0.268467 0.825621 -160.522 -0.492801 0.87004 -0.0132997 380.881 -0.714753 -0.413467 -0.564068 127.342 0 0 0 1 
Seq_Frame0096_ForcepToReference-SequenceTransformStatus = OK
Seq_Frame0096_Timestamp = 12.249
Seq_Frame0097_ForcepToReference-SequenceTransform =-0.502693 -0.278323 0.818435 -162.785 -0.45627 0.889563 0.022264 383.641 -0.734246 -0.362236 -0.574167 129.526 0 0 0 1 
Seq_Frame0097_ForcepToReference-SequenceTransformStatus = OK
Seq_Frame0097_Timestamp = 12.355
Seq_Frame0098_ForcepToReference-SequenceTransform =-0.496935 -0.276379 0.8226 -163.958 -0.441241 0.896716 0.0347258 384.272 -0.747236 -0.345708 -0.56756 128.487 0 0 0 1 
Seq_Frame0098_ForcepToReference-SequenceTransformStatus = OK
Seq_Frame0098_Timestamp = 12.459
Seq_Frame0099_ForcepToReference-SequenceTransform =-0.465713 -0.292354 0.835249 -165.246 -0.489232 0.871556 0.0322791 383.098 -0.737403 -0.393598 -0.548924 127.176 0 0 0 1 
Seq_Frame0099_ForcepToReference-SequenceTransformStatus = OK
Seq_Frame0099_Timestamp = 12.565
Seq_Frame0100_ForcepToReference-SequenceTransform =-0.47762 -0.326036 0.81583 -168.274 -0.482406 0.87341 0.0666271 386.244 -0.734277 -0.361739 -0.57444 131.264 0 0 0 1 
Seq_Frame0100_ForcepToReference-SequenceTransformStatus = OK
Seq_Frame0100_Timestamp = 12.677
Seq_Frame0101_ForcepToReference-SequenceTransform =-0.54 -0.332955 0.773008 -169.543 -0.456598 0.887421 0.0632698 388.617 -0.707049 -0.318788 -0.631233 137.032 0 0 0 1 
Seq_Frame0101_ForcepToReference-SequenceTransformStatus = OK
Seq_Frame0101_Timestamp = 12.781
Seq_Frame0102_ForcepToReference-SequenceTransform =-0.518021 -0.314365 0.795505 -166.935 -0.461366 0.885821 0.0496213 388.086 -0.720274 -0.341315 -0.603911 136.289 0 0 0 1 
Seq_Frame0102_ForcepToReference-SequenceTransformStatus = OK
Seq_Frame0102_Timestamp = 12.889
Seq_Frame0103_ForcepToReference-SequenceTransform =-0.515068 -0.306954 0.800303 -165.845 -0.46574 0.884047 0.0393284 387.812 -0.719578 -0.352476 -0.598305 135.816 0 0 0 1 
Seq_Frame0103_ForcepToReference-SequenceTransformStatus = OK
Seq_Frame0103_Timestamp = 13.001
Seq_Frame0104_ForcepToReference-SequenceTransform =-0.467552 -0.314545 0.826109 -164.316 -0.431039 0.89704 0.0975975 388.098 -0.771752 -0.310453 -0.554994 133.334 0 0 0 1 
Seq_Frame0104_ForcepToReference-SequenceTransformStatus = OK
Seq_Frame0104_Timestamp = 13.105
Seq_Frame0105_ForcepToReference-SequenceTransform =-0.403364 -0.319708 0.85737 -162.253 -0.394756 0.906099 0.152159 390.163 -0.825509 -0.277077 -0.491695 132.542 0 0 0 1 
Seq_Frame0105_ForcepToReference-SequenceTransformStatus = OK
Seq_Frame0105_Timestamp = 13.215
Seq_Frame0106_ForcepToReference-SequenceTransform =-0.369194 -0.316835 0.873677 -161.919 -0.400113 0.902694 0.15828 390.318 -0.838812 -0.291133 -0.460039 131.115 0 0 0 1 
Seq_Frame0106_ForcepToReference-SequenceTransformStatus = OK
Seq_Frame0106_Timestamp = 13.32
Seq_Frame0107_ForcepToReference-SequenceTransform =-0.364765 -0.317657 0.875238 -162.147 -0.369933 0.912071 0.176851 390.969 -0.854457 -0.25927 -0.450203 130.001 0 0 0 1 
Seq_Frame0107_ForcepToReference-SequenceTransformStatus = OK
Seq_Frame0107_Timestamp = 13.434
Seq_Frame0108_ForcepToReference-SequenceTransform =-0.360186 -0.318214 0.87693 -162.248 -0.326259 0.92363 0.201154 392.791 -0.873968 -0.213653 -0.436499 129.973 0 0 0 1 
Seq_Frame0108_ForcepToReference-SequenceTransformStatus = OK
Seq_Frame0108_Timestamp = 13.545
Seq_Frame0109_ForcepToReference-SequenceTransform =-0.355497 -0.311485 0.881248 -161.622 -0.310554 0.928636 0.202956 394.479 -0.881577 -0.201525 -0.426861 130.03 0 0 0 1 
Seq_Frame0109_ForcepToReference-SequenceTransformStatus = OK
Seq_Frame0109_Timestamp = 13.649
Seq_Frame0110_ForcepToReference-SequenceTransform =-0.388172 -0.300261 0.871301 -162.269 -0.236657 0.946208 0.220642 398.89 -0.890683 -0.120553 -0.438351 132.116 0 0 0 1 
Seq_Frame0110_ForcepToReference-SequenceTransformStatus = OK
Seq_Frame0110_Timestamp = 13.763
Seq_Frame0111_ForcepToReference-SequenceTransform =-0.355769 -0.278415 0.89214 -161.371 -0.168374 0.95807 0.231845 405.473 -0.919282 -0.0677302 -0.387729 134.257 0 0 0 1 
Seq_Frame0111_ForcepToReference-SequenceTransformStatus = OK
Seq_Frame0111_Timestamp = 13.865
Seq_Frame0112_ForcepToReference-SequenceTransform =-0.360481 -0.254816 0.897286 -160.852 -0.0793092 0.966852 0.242709 411.617 -0.929389 0.016329 -0.368741 136.524 0 0 0 1 
Seq_Frame0112_ForcepToReference-SequenceTransformStatus = OK
Seq_Frame0112_Timestamp = 13.974
Seq_Frame0113_ForcepToReference-SequenceTransform =-0.37458 -0.222626 0.900071 -161.732 -0.0144223 0.972028 0.234422 417.318 -0.927082 0.0748287 -0.367313 140.515 0 0 0 1 
Seq_Frame0113_ForcepToReference-SequenceTransformStatus = OK
Seq_Frame0113_Timestamp = 14.08
Seq_Frame0114_ForcepToReference-SequenceTransform =-0.371691 -0.171125 0.912448 -160.999 0.0718696 0.97461 0.212059 424.152 -0.92557 0.144398 -0.349955 145.032 0 0 0 1 
Seq_Frame0114_ForcepToReference-SequenceTransformStatus = OK
Seq_Frame0114_Timestamp = 14.19
Seq_Frame0115_ForcepToReference-SequenceTransform =-0.332001 -0.0410413 0.942386 -151.337 0.20697 0.971538 0.115226 432.193 -0.920293 0.233301 -0.314057 160.203 0 0 0 1 
Seq_Frame0115_ForcepToReference-SequenceTransformStatus = OK
Seq_Frame0115_Timestamp = 14.294
Seq_Frame0116_ForcepToReference-SequenceTransform =-0.309956 0.0495301 0.94946 -135.762 0.441115 0.892142 0.0974646 432.001 -0.842226 0.449031 -0.298374 178.163 0 0 0 1 
Seq_Frame0116_ForcepToReference-SequenceTransformStatus = OK
Seq_Frame0116_Timestamp = 14.405
Seq_Frame0117_ForcepToReference-SequenceTransform =-0.253769 0.0793808 0.964002 -126.189 0.619213 0.778975 0.0988602 426.715 -0.743086 0.62201 -0.246833 195.431 0 0 0 1 
Seq_Frame0117_ForcepToReference-SequenceTransformStatus = OK
Seq_Frame0117_Timestamp = 14.514
Seq_Frame0118_ForcepToReference-SequenceTransform =-0.159547 0.0326147 0.986651 -120.57 0.705374 0.702993 0.0908247 417.411 -0.690647 0.710449 -0.135166 207.627 0 0 0 1 
Seq_Frame0118_ForcepToReference-SequenceTransformStatus = OK
Seq_Frame0118_Timestamp = 14.62
Seq_Frame0119_ForcepToReference-SequenceTransform =-0.14863 0.00569636 0.988876 -118.471 0.754421 0.647166 0.109663 411.818 -0.639342 0.762328 -0.100486 214.615 0 0 0 1 
Seq_Frame0119_ForcepToReference-SequenceTransformStatus = OK
Seq_Frame0119_Timestamp = 14.73
Seq_Frame0120_ForcepToReference-SequenceTransform =-0.132105 0.0308066 0.990757 -115.637 0.77612 0.624958 0.0840535 410.739 -0.616592 0.78005 -0.10647 222.129 0 0 0 1 
Seq_Frame0120_ForcepToReference-SequenceTransformStatus = OK
Seq_Frame0120_Timestamp = 14.835
Seq_Frame0121_ForcepToReference-SequenceTransform =-0.126651 0.0646373 0.989839 -112.087 0.793382 0.605562 0.0619707 409.693 -0.595403 0.793169 -0.127977 228.002 0 0 0 1 
Seq_Frame0121_ForcepToReference-SequenceTransformStatus = OK
Seq_Frame0121_Timestamp = 14.945
Seq_Frame0122_ForcepToReference-SequenceTransform =-0.128558 0.092824 0.987348 -109.312 0.817417 0.573649 0.052501 410.015 -0.561518 0.813825 -0.149623 232.464 0 0 0 1 
Seq_Frame0122_ForcepToReference-SequenceTransformStatus = OK
Seq_Frame0122_Timestamp = 15.05
Seq_Frame0123_ForcepToReference-SequenceTransform =-0.12598 0.108639 0.986066 -106.98 0.827306 0.560027 0.0439965 410.353 -0.547444 0.821321 -0.16043 235.769 0 0 0 1 
Seq_Frame0123_ForcepToReference-SequenceTransformStatus = OK
Seq_Frame0123_Timestamp = 15.16
Seq_Frame0124_ForcepToReference-SequenceTransform =-0.121629 0.136583 0.983133 -105.561 0.836981 0.546534 0.0276199 410.508 -0.533544 0.826223 -0.180792 238.9 0 0 0 1 
Seq_Frame0124_ForcepToReference-SequenceTransformStatus = OK
Seq_Frame0124_Timestamp = 15.27
Seq_Frame0125_ForcepToReference-SequenceTransform =-0.134769 0.149174 0.979584 -106.956 0.834902 0.549515 0.0311825 411.051 -0.533645 0.822058 -0.198603 237.957 0 0 0 1 
Seq_Frame0125_ForcepToReference-SequenceTransformStatus = OK
Seq_Frame0125_Timestamp = 15.375
Seq_Frame0126_ForcepToReference-SequenceTransform =-0.135461 0.136145 0.981384 -107.86 0.836862 0.545967 0.0397718 411.21 -0.530389 0.826671 -0.187892 237.696 0 0 0 1 
Seq_Frame0126_ForcepToReference-SequenceTransformStatus = OK
Seq_Frame0126_Timestamp = 15.485
Seq_Frame0127_ForcepToReference-SequenceTransform =-0.133183 0.130193 0.982503 -107.558 0.837845 0.544333 0.0414439 411.388 -0.529413 0.828705 -0.181577 238.595 0 0 0 1 
Seq_Frame0127_ForcepToReference-SequenceTransformStatus = OK
Seq_Frame0127_Timestamp = 15.59
Seq_Frame0128_ForcepToReference-SequenceTransform =-0.146145 0.143584 0.978788 -108.271 0.834304 0.549549 0.0439559 412.075 -0.531581 0.823031 -0.200106 239.464 0 0 0 1 
Seq_Frame0128_ForcepToReference-SequenceTransformStatus = OK
Seq_Frame0128_Timestamp = 15.7
Seq_Frame0129_ForcepToReference-SequenceTransform =-0.139957 0.134963 0.980917 -108.528 0.836849 0.545637 0.0443284 412.393 -0.529241 0.827083 -0.189309 240.809 0 0 0 1 
Seq_Frame0129_ForcepToReference-SequenceTransformStatus = OK
Seq_Frame0129_Timestamp = 15.805
Seq_Frame0130_ForcepToReference-SequenceTransform =-0.137192 0.13005 0.98197 -108.348 0.837368 0.544798 0.0448378 412.621 -0.529144 0.828422 -0.183642 241.271 0 0 0 1 
Seq_Frame0130_ForcepToReference-SequenceTransformStatus = OK
Seq_Frame0130_Timestamp = 15.91
Seq_Frame0131_ForcepToReference-SequenceTransform =-0.140517 0.135913 0.980705 -108.159 0.838492 0.543063 0.0448793 412.56 -0.526485 0.828619 -0.190271 241.131 0 0 0 1 
Seq_Frame0131_ForcepToReference-SequenceTransformStatus = OK
Seq_Frame0131_Timestamp = 16.015
Seq_Frame0132_ForcepToReference-SequenceTransform =-0.137712 0.141028 0.980381 -107.746 0.839253 0.542277 0.0398813 412.264 -0.526014 0.828279 -0.193037 241.428 0 0 0 1 
Seq_Frame0132_ForcepToReference-SequenceTransformStatus = OK
Seq_Frame0132_Timestamp = 16.125
Seq_Frame0133_ForcepToReference-SequenceTransform =-0.135542 0.139949 0.980838 -107.672 0.835838 0.547703 0.0373562 412.256 -0.53198 0.824885 -0.191212 241.15 0 0 0 1 
Seq_Frame0133_ForcepToReference-SequenceTransformStatus = OK
Seq_Frame0133_Timestamp = 16.235
Seq_Frame0134_ForcepToReference-SequenceTransform =-0.140819 0.140931 0.979953 -107.915 0.836575 0.546267 0.0416549 412.076 -0.529445 0.82567 -0.194824 240.629 0 0 0 1 
Seq_Frame0134_ForcepToReference-SequenceTransformStatus = OK
Seq_Frame0134_Timestamp = 16.34
Seq_Frame0135_ForcepToReference-SequenceTransform =-0.157546 0.153223 0.975552 -108.021 0.833995 0.549649 0.0483562 412.289 -0.528802 0.821224 -0.214383 240.543 0 0 0 1 
Seq_Frame0135_ForcepToReference-SequenceTransformStatus = OK
Seq_Frame0135_Timestamp = 16.45
Seq_Frame0136_ForcepToReference-SequenceTransform =-0.182246 0.140869 0.97311 -110.088 0.805468 0.588999 0.0655851 412.775 -0.563921 0.795762 -0.220808 240.444 0 0 0 1 
Seq_Frame0136_ForcepToReference-SequenceTransformStatus = OK
Seq_Frame0136_Timestamp = 16.555
Seq_Frame0137_ForcepToReference-SequenceTransform =-0.240101 0.149332 0.959193 -113.058 0.793636 0.599198 0.105373 413.357 -0.559011 0.786551 -0.262383 238.313 0 0 0 1 
Seq_Frame0137_ForcepToReference-SequenceTransformStatus = OK
Seq_Frame0137_Timestamp = 16.664
Seq_Frame0138_ForcepToReference-SequenceTransform =-0.260506 0.144717 0.954565 -117.438 0.758997 0.641762 0.10984 415.072 -0.596708 0.753126 -0.277023 234.475 0 0 0 1 
Seq_Frame0138_ForcepToReference-SequenceTransformStatus = OK
Seq_Frame0138_Timestamp = 16.77
Seq_Frame0139_ForcepToReference-SequenceTransform =-0.270057 0.154329 0.950396 -118.359 0.721946 0.685559 0.093819 413.287 -0.637074 0.711471 -0.296557 227.698 0 0 0 1 
Seq_Frame0139_ForcepToReference-SequenceTransformStatus = OK
Seq_Frame0139_Timestamp = 16.879
Seq_Frame0140_ForcepToReference-SequenceTransform =-0.233462 0.0565535 0.97072 -123.504 0.600821 0.793319 0.0982817 407.177 -0.764532 0.606174 -0.219188 204.919 0 0 0 1 
Seq_Frame0140_ForcepToReference-SequenceTransformStatus = OK
Seq_Frame0140_Timestamp = 16.985
Seq_Frame0141_ForcepToReference-SequenceTransform =-0.17974 -0.0403637 0.982886 -131.044 0.394591 0.912294 0.109623 391.842 -0.901106 0.407542 -0.148048 168.387 0 0 0 1 
Seq_Frame0141_ForcepToReference-SequenceTransformStatus = OK
Seq_Frame0141_Timestamp = 17.095
Seq_Frame0142_ForcepToReference-SequenceTransform =0.0334448 -0.0447854 0.998437 -131.423 0.195056 0.980078 0.0374281 364.749 -0.980222 0.1935 0.0415142 162.504 0 0 0 1 
Seq_Frame0142_ForcepToReference-SequenceTransformStatus = OK
Seq_Frame0142_Timestamp = 17.199
Seq_Frame0143_ForcepToReference-SequenceTransform =0.0332434 0.0631741 0.997449 -129.1 0.0613035 0.995992 -0.065125 334.333 -0.997565 0.0633121 0.0292374 182.174 0 0 0 1 
Seq_Frame0143_ForcepToReference-SequenceTransformStatus = OK
Seq_Frame0143_Timestamp = 17.305
Seq_Frame0144_ForcepToReference-SequenceTransform =-0.101509 0.244473 0.964328 -125.524 -0.0953155 0.962486 -0.254039 310.315 -0.990258 -0.117703 -0.0743991 196.639 0 0 0 1 
Seq_Frame0144_ForcepToReference-SequenceTransformStatus = OK
Seq_Frame0144_Timestamp = 17.415
Seq_Frame0145_ForcepToReference-SequenceTransform =-0.262184 0.345364 0.901101 -122.482 -0.155058 0.906557 -0.39257 298.081 -0.952479 -0.242648 -0.184133 202.678 0 0 0 1 
Seq_Frame0145_ForcepToReference-SequenceTransformStatus = OK
Seq_Frame0145_Timestamp = 17.52
Seq_Frame0146_ForcepToReference-SequenceTransform =-0.387417 0.357313 0.849844 -122.262 -0.101273 0.899762 -0.424468 297.942 -0.916325 -0.250513 -0.312397 206.03 0 0 0 1 
Seq_Frame0146_ForcepToReference-SequenceTransformStatus = OK
Seq_Frame0146_Timestamp = 17.63
Seq_Frame0147_ForcepToReference-SequenceTransform =-0.448617 0.399448 0.79949 -117.881 -0.101343 0.866054 -0.489571 298.755 -0.88796 -0.300653 -0.348045 206.217 0 0 0 1 
Seq_Frame0147_ForcepToReference-SequenceTransformStatus = OK
Seq_Frame0147_Timestamp = 17.735
Seq_Frame0148_ForcepToReference-SequenceTransform =-0.494726 0.440132 0.749353 -113.837 -0.0563088 0.844222 -0.533028 298.92 -0.867223 -0.305898 -0.392875 209.331 0 0 0 1 
Seq_Frame0148_ForcepToReference-SequenceTransformStatus = OK
Seq_Frame0148_Timestamp = 17.84
Seq_Frame0149_ForcepToReference-SequenceTransform =-0.517042 0.468007 0.716685 -109.736 -0.0535483 0.817962 -0.572774 300.125 -0.854283 -0.334526 -0.39786 212.059 0 0 0 1 
Seq_Frame0149_ForcepToReference-SequenceTransformStatus = OK
Seq_Frame0149_Timestamp = 17.95
