ObjectType = Image
NDims = 3
AnatomicalOrientation = RAI
BinaryData = True
CompressedData = False
DimSize = 0 0 1558
ElementSpacing = 1 1 1
Offset = 0 0 0
TransformMatrix = 1 0 0 0 1 0 0 0 1
ElementType = MET_UCHAR
Kinds = domain domain list
Seq_Frame0000_DriverToReference-SequenceTransform =-0.910893 -0.395821 0.116613 86.6733 -0.120405 0.525261 0.84238 29.0358 -0.394684 0.753277 -0.526116 50.4868 0 0 0 1 
Seq_Frame0000_DriverToReference-SequenceTransformStatus = OK
Seq_Frame0000_Timestamp = 0.00199986
Seq_Frame0001_DriverToReference-SequenceTransform =-0.909643 -0.397621 0.120197 86.6399 -0.119444 0.527513 0.841109 29.0251 -0.397848 0.750752 -0.527341 50.4401 0 0 0 1 
Seq_Frame0001_DriverToReference-SequenceTransformStatus = OK
Seq_Frame0001_Timestamp = 0.102
Seq_Frame0002_DriverToReference-SequenceTransform =-0.909498 -0.397804 0.120684 86.6702 -0.118095 0.525594 0.842499 28.9849 -0.39858 0.751999 -0.525006 50.3965 0 0 0 1 
Seq_Frame0002_DriverToReference-SequenceTransformStatus = OK
Seq_Frame0002_Timestamp = 0.21
Seq_Frame0003_DriverToReference-SequenceTransform =-0.911308 -0.3951 0.11582 86.6611 -0.119682 0.523361 0.843664 28.8727 -0.393948 0.754976 -0.524229 50.5774 0 0 0 1 
Seq_Frame0003_DriverToReference-SequenceTransformStatus = OK
Seq_Frame0003_Timestamp = 0.31
Seq_Frame0004_DriverToReference-SequenceTransform =-0.890931 -0.439468 0.1145 85.8802 -0.147485 0.518449 0.842294 29.4878 -0.429523 0.733539 -0.526717 51.407 0 0 0 1 
Seq_Frame0004_DriverToReference-SequenceTransformStatus = OK
Seq_Frame0004_Timestamp = 0.419
Seq_Frame0005_DriverToReference-SequenceTransform =-0.894077 -0.439797 0.0848785 86.176 -0.175313 0.51798 0.837235 32.8077 -0.412179 0.733672 -0.540217 55.2275 0 0 0 1 
Seq_Frame0005_DriverToReference-SequenceTransformStatus = OK
Seq_Frame0005_Timestamp = 0.527
Seq_Frame0006_DriverToReference-SequenceTransform =-0.820841 -0.564178 0.0890161 85.4593 -0.237949 0.479473 0.844681 37.5016 -0.519231 0.672167 -0.527817 62.1722 0 0 0 1 
Seq_Frame0006_DriverToReference-SequenceTransformStatus = OK
Seq_Frame0006_Timestamp = 0.63
Seq_Frame0007_DriverToReference-SequenceTransform =-0.799951 -0.595754 0.0717965 85.2855 -0.27407 0.469179 0.839498 41.9493 -0.53382 0.65188 -0.538599 67.1276 0 0 0 1 
Seq_Frame0007_DriverToReference-SequenceTransformStatus = OK
Seq_Frame0007_Timestamp = 0.735
Seq_Frame0008_DriverToReference-SequenceTransform =-0.785088 -0.617025 0.0540084 85.9183 -0.314575 0.472327 0.823377 45.1123 -0.533554 0.629433 -0.564919 70.5796 0 0 0 1 
Seq_Frame0008_DriverToReference-SequenceTransformStatus = OK
Seq_Frame0008_Timestamp = 0.836
Seq_Frame0009_DriverToReference-SequenceTransform =-0.761768 -0.647819 0.00629719 83.8774 -0.378902 0.453392 0.806765 56.8927 -0.525493 0.612182 -0.590839 66.2884 0 0 0 1 
Seq_Frame0009_DriverToReference-SequenceTransformStatus = OK
Seq_Frame0009_Timestamp = 0.94
Seq_Frame0010_DriverToReference-SequenceTransform =-0.741045 -0.663933 -0.100229 77.0405 -0.468813 0.40474 0.785112 92.6791 -0.480695 0.628792 -0.61119 57.3948 0 0 0 1 
Seq_Frame0010_DriverToReference-SequenceTransformStatus = OK
Seq_Frame0010_Timestamp = 1.041
Seq_Frame0011_DriverToReference-SequenceTransform =-0.594182 -0.728357 -0.34124 71.0285 -0.635903 0.165603 0.753792 175.792 -0.492519 0.664885 -0.561563 60.4311 0 0 0 1 
Seq_Frame0011_DriverToReference-SequenceTransformStatus = OK
Seq_Frame0011_Timestamp = 1.146
Seq_Frame0012_DriverToReference-SequenceTransform =-0.501676 -0.793389 -0.344754 71.7931 -0.646965 0.0795576 0.758358 207.903 -0.574245 0.603494 -0.553207 77.0291 0 0 0 1 
Seq_Frame0012_DriverToReference-SequenceTransformStatus = OK
Seq_Frame0012_Timestamp = 1.25
Seq_Frame0013_DriverToReference-SequenceTransform =-0.437335 -0.84273 -0.313919 71.6315 -0.645432 0.0510597 0.762109 218.579 -0.626223 0.53591 -0.566255 87.6966 0 0 0 1 
Seq_Frame0013_DriverToReference-SequenceTransformStatus = OK
Seq_Frame0013_Timestamp = 1.353
Seq_Frame0014_DriverToReference-SequenceTransform =-0.377312 -0.788149 -0.486268 64.9235 -0.749252 -0.0488111 0.660484 236.447 -0.544295 0.613546 -0.572106 84.8742 0 0 0 1 
Seq_Frame0014_DriverToReference-SequenceTransformStatus = OK
Seq_Frame0014_Timestamp = 1.454
Seq_Frame0015_DriverToReference-SequenceTransform =-0.344301 -0.825999 -0.446298 65.1839 -0.735817 -0.0578414 0.674706 247 -0.583121 0.560696 -0.58787 88.6985 0 0 0 1 
Seq_Frame0015_DriverToReference-SequenceTransformStatus = OK
Seq_Frame0015_Timestamp = 1.563
Seq_Frame0016_DriverToReference-SequenceTransform =-0.330629 -0.867657 -0.37129 68.3842 -0.733089 -0.0116512 0.680033 251.396 -0.594361 0.497027 -0.632218 95.0072 0 0 0 1 
Seq_Frame0016_DriverToReference-SequenceTransformStatus = OK
Seq_Frame0016_Timestamp = 1.67
Seq_Frame0017_DriverToReference-SequenceTransform =-0.304539 -0.872745 -0.381539 67.7186 -0.73263 -0.0413545 0.67937 254.158 -0.608695 0.486422 -0.626805 96.3914 0 0 0 1 
Seq_Frame0017_DriverToReference-SequenceTransformStatus = OK
Seq_Frame0017_Timestamp = 1.77
Seq_Frame0018_DriverToReference-SequenceTransform =-0.326933 -0.849382 -0.414325 71.1395 -0.739592 -0.0429701 0.671683 260.559 -0.588319 0.526026 -0.614148 95.4872 0 0 0 1 
Seq_Frame0018_DriverToReference-SequenceTransformStatus = OK
Seq_Frame0018_Timestamp = 1.872
Seq_Frame0019_DriverToReference-SequenceTransform =-0.380874 -0.843742 -0.378199 81.832 -0.625257 -0.0663028 0.777598 266.363 -0.681167 0.532638 -0.502302 100.428 0 0 0 1 
Seq_Frame0019_DriverToReference-SequenceTransformStatus = OK
Seq_Frame0019_Timestamp = 1.985
Seq_Frame0020_DriverToReference-SequenceTransform =-0.322255 -0.858752 -0.398367 86.9614 -0.623991 -0.123765 0.771568 268.329 -0.71189 0.497219 -0.49597 103.553 0 0 0 1 
Seq_Frame0020_DriverToReference-SequenceTransformStatus = OK
Seq_Frame0020_Timestamp = 2.093
Seq_Frame0021_DriverToReference-SequenceTransform =-0.228768 -0.778874 -0.583969 84.5841 -0.683128 -0.298931 0.666315 276.234 -0.693542 0.551358 -0.463685 105.599 0 0 0 1 
Seq_Frame0021_DriverToReference-SequenceTransformStatus = OK
Seq_Frame0021_Timestamp = 2.194
Seq_Frame0022_DriverToReference-SequenceTransform =-0.268097 -0.765603 -0.584787 87.286 -0.680146 -0.27948 0.677711 279.891 -0.682294 0.579433 -0.445794 106.328 0 0 0 1 
Seq_Frame0022_DriverToReference-SequenceTransformStatus = OK
Seq_Frame0022_Timestamp = 2.295
Seq_Frame0023_DriverToReference-SequenceTransform =-0.261328 -0.791918 -0.551883 99.6135 -0.631574 -0.292088 0.718192 283.657 -0.729947 0.536238 -0.423824 114.319 0 0 0 1 
Seq_Frame0023_DriverToReference-SequenceTransformStatus = OK
Seq_Frame0023_Timestamp = 2.4
Seq_Frame0024_DriverToReference-SequenceTransform =-0.0627974 -0.746703 -0.662187 108.571 -0.791811 -0.366615 0.488497 292.429 -0.60753 0.555003 -0.568225 118.59 0 0 0 1 
Seq_Frame0024_DriverToReference-SequenceTransformStatus = OK
Seq_Frame0024_Timestamp = 2.505
Seq_Frame0025_DriverToReference-SequenceTransform =0.143951 -0.520444 -0.841674 112.868 -0.883872 -0.450113 0.127157 294.81 -0.445027 0.725628 -0.5248 123.105 0 0 0 1 
Seq_Frame0025_DriverToReference-SequenceTransformStatus = OK
Seq_Frame0025_Timestamp = 2.611
Seq_Frame0026_DriverToReference-SequenceTransform =0.150772 -0.466092 -0.871795 120.218 -0.877415 -0.469365 0.0991946 295.539 -0.455424 0.74997 -0.479723 127.532 0 0 0 1 
Seq_Frame0026_DriverToReference-SequenceTransformStatus = OK
Seq_Frame0026_Timestamp = 2.711
Seq_Frame0027_DriverToReference-SequenceTransform =0.0502282 -0.491256 -0.869566 134.559 -0.832819 -0.501173 0.235029 299.778 -0.551262 0.712386 -0.434301 134.224 0 0 0 1 
Seq_Frame0027_DriverToReference-SequenceTransformStatus = OK
Seq_Frame0027_Timestamp = 2.812
Seq_Frame0028_DriverToReference-SequenceTransform =0.114915 -0.470939 -0.874649 145.901 -0.889591 -0.440614 0.120363 302.237 -0.442066 0.764249 -0.469576 132.435 0 0 0 1 
Seq_Frame0028_DriverToReference-SequenceTransformStatus = OK
Seq_Frame0028_Timestamp = 2.915
Seq_Frame0029_DriverToReference-SequenceTransform =0.318521 -0.373742 -0.871126 142.624 -0.890993 -0.431709 -0.140567 300.774 -0.323537 0.820941 -0.47051 128.664 0 0 0 1 
Seq_Frame0029_DriverToReference-SequenceTransformStatus = OK
Seq_Frame0029_Timestamp = 3.016
Seq_Frame0030_DriverToReference-SequenceTransform =0.36069 -0.340153 -0.868446 138.495 -0.876095 -0.442967 -0.190366 297.931 -0.319939 0.829504 -0.45778 130.81 0 0 0 1 
Seq_Frame0030_DriverToReference-SequenceTransformStatus = OK
Seq_Frame0030_Timestamp = 3.119
Seq_Frame0031_DriverToReference-SequenceTransform =0.351009 -0.216914 -0.910901 138.87 -0.852691 -0.476023 -0.215222 286.782 -0.386926 0.852262 -0.352049 130.863 0 0 0 1 
Seq_Frame0031_DriverToReference-SequenceTransformStatus = OK
Seq_Frame0031_Timestamp = 3.227
Seq_Frame0032_DriverToReference-SequenceTransform =0.329867 -0.182391 -0.92624 137.812 -0.897504 -0.364806 -0.247797 276.081 -0.292702 0.913044 -0.284034 126.974 0 0 0 1 
Seq_Frame0032_DriverToReference-SequenceTransformStatus = OK
Seq_Frame0032_Timestamp = 3.335
Seq_Frame0033_DriverToReference-SequenceTransform =0.315732 -0.265373 -0.910983 141.382 -0.898651 -0.391772 -0.197333 267.766 -0.304531 0.880961 -0.362173 140.368 0 0 0 1 
Seq_Frame0033_DriverToReference-SequenceTransformStatus = OK
Seq_Frame0033_Timestamp = 3.435
Seq_Frame0034_DriverToReference-SequenceTransform =0.293643 -0.236875 -0.926102 148.368 -0.923379 -0.320897 -0.210702 258.046 -0.247274 0.917014 -0.312954 141.915 0 0 0 1 
Seq_Frame0034_DriverToReference-SequenceTransformStatus = OK
Seq_Frame0034_Timestamp = 3.543
Seq_Frame0035_DriverToReference-SequenceTransform =0.311467 -0.249923 -0.916802 153.315 -0.897345 -0.394807 -0.197231 255.543 -0.312668 0.884119 -0.347237 145.325 0 0 0 1 
Seq_Frame0035_DriverToReference-SequenceTransformStatus = OK
Seq_Frame0035_Timestamp = 3.645
Seq_Frame0036_DriverToReference-SequenceTransform =0.280184 -0.23692 -0.93025 153.738 -0.927131 -0.317999 -0.198255 259.065 -0.248847 0.918012 -0.308754 138.355 0 0 0 1 
Seq_Frame0036_DriverToReference-SequenceTransformStatus = OK
Seq_Frame0036_Timestamp = 3.746
Seq_Frame0037_DriverToReference-SequenceTransform =0.272703 -0.226081 -0.935158 149.525 -0.923722 -0.333312 -0.188788 252.354 -0.269018 0.915309 -0.299731 150.473 0 0 0 1 
Seq_Frame0037_DriverToReference-SequenceTransformStatus = OK
Seq_Frame0037_Timestamp = 3.85
Seq_Frame0038_DriverToReference-SequenceTransform =0.289506 -0.269955 -0.91832 133.958 -0.921966 -0.336469 -0.191745 260.573 -0.257224 0.902171 -0.346299 149.126 0 0 0 1 
Seq_Frame0038_DriverToReference-SequenceTransformStatus = OK
Seq_Frame0038_Timestamp = 4.064
Seq_Frame0039_DriverToReference-SequenceTransform =0.285461 -0.233649 -0.929473 125.311 -0.918629 -0.343155 -0.195869 256.401 -0.273189 0.909754 -0.312594 151.767 0 0 0 1 
Seq_Frame0039_DriverToReference-SequenceTransformStatus = OK
Seq_Frame0039_Timestamp = 4.165
Seq_Frame0040_DriverToReference-SequenceTransform =0.265262 -0.200556 -0.943087 121.512 -0.925231 -0.328135 -0.190459 254.091 -0.271263 0.923095 -0.272602 152.466 0 0 0 1 
Seq_Frame0040_DriverToReference-SequenceTransformStatus = OK
Seq_Frame0040_Timestamp = 4.276
Seq_Frame0041_DriverToReference-SequenceTransform =0.265262 -0.200556 -0.943087 121.512 -0.925231 -0.328135 -0.190459 254.091 -0.271263 0.923095 -0.272602 152.466 0 0 0 1 
Seq_Frame0041_DriverToReference-SequenceTransformStatus = OK
Seq_Frame0041_Timestamp = 4.385
Seq_Frame0042_DriverToReference-SequenceTransform =0.265262 -0.200556 -0.943087 121.512 -0.925231 -0.328135 -0.190459 254.091 -0.271263 0.923095 -0.272602 152.466 0 0 0 1 
Seq_Frame0042_DriverToReference-SequenceTransformStatus = OK
Seq_Frame0042_Timestamp = 4.494
Seq_Frame0043_DriverToReference-SequenceTransform =0.265262 -0.200556 -0.943087 121.512 -0.925231 -0.328135 -0.190459 254.091 -0.271263 0.923095 -0.272602 152.466 0 0 0 1 
Seq_Frame0043_DriverToReference-SequenceTransformStatus = OK
Seq_Frame0043_Timestamp = 4.596
Seq_Frame0044_DriverToReference-SequenceTransform =0.265262 -0.200556 -0.943087 121.512 -0.925231 -0.328135 -0.190459 254.091 -0.271263 0.923095 -0.272602 152.466 0 0 0 1 
Seq_Frame0044_DriverToReference-SequenceTransformStatus = OK
Seq_Frame0044_Timestamp = 4.705
Seq_Frame0045_DriverToReference-SequenceTransform =0.265262 -0.200556 -0.943087 121.512 -0.925231 -0.328135 -0.190459 254.091 -0.271263 0.923095 -0.272602 152.466 0 0 0 1 
Seq_Frame0045_DriverToReference-SequenceTransformStatus = OK
Seq_Frame0045_Timestamp = 4.806
Seq_Frame0046_DriverToReference-SequenceTransform =0.288331 -0.20876 -0.934497 123.236 -0.919635 -0.332216 -0.209531 249.963 -0.266713 0.919811 -0.287771 149.817 0 0 0 1 
Seq_Frame0046_DriverToReference-SequenceTransformStatus = OK
Seq_Frame0046_Timestamp = 4.911
Seq_Frame0047_DriverToReference-SequenceTransform =0.297811 -0.199471 -0.933552 123.567 -0.924118 -0.305487 -0.229528 250.355 -0.239404 0.931069 -0.275312 149.746 0 0 0 1 
Seq_Frame0047_DriverToReference-SequenceTransformStatus = OK
Seq_Frame0047_Timestamp = 5.015
Seq_Frame0048_DriverToReference-SequenceTransform =0.303197 -0.204606 -0.930703 123.587 -0.919984 -0.317436 -0.22992 250.749 -0.248395 0.925943 -0.284479 149.238 0 0 0 1 
Seq_Frame0048_DriverToReference-SequenceTransformStatus = OK
Seq_Frame0048_Timestamp = 5.12
Seq_Frame0049_DriverToReference-SequenceTransform =0.306678 -0.208964 -0.928592 123.985 -0.919401 -0.317464 -0.232203 252.048 -0.246273 0.92496 -0.289481 150.16 0 0 0 1 
Seq_Frame0049_DriverToReference-SequenceTransformStatus = OK
Seq_Frame0049_Timestamp = 5.221
Seq_Frame0050_DriverToReference-SequenceTransform =0.321077 -0.23178 -0.918253 124.346 -0.90943 -0.346031 -0.230649 253.163 -0.264284 0.909143 -0.32189 150.275 0 0 0 1 
Seq_Frame0050_DriverToReference-SequenceTransformStatus = OK
Seq_Frame0050_Timestamp = 5.322
Seq_Frame0051_DriverToReference-SequenceTransform =0.324626 -0.243083 -0.914073 124.617 -0.90834 -0.349552 -0.229632 253.823 -0.263697 0.904833 -0.334276 149.354 0 0 0 1 
Seq_Frame0051_DriverToReference-SequenceTransformStatus = OK
Seq_Frame0051_Timestamp = 5.422
Seq_Frame0052_DriverToReference-SequenceTransform =0.326013 -0.236211 -0.91538 124.686 -0.91092 -0.337482 -0.237339 253.466 -0.252862 0.911214 -0.325193 148.785 0 0 0 1 
Seq_Frame0052_DriverToReference-SequenceTransformStatus = OK
Seq_Frame0052_Timestamp = 5.537
Seq_Frame0053_DriverToReference-SequenceTransform =0.334764 -0.237289 -0.911936 124.31 -0.908986 -0.336384 -0.246153 253.142 -0.248351 0.91134 -0.328302 149.366 0 0 0 1 
Seq_Frame0053_DriverToReference-SequenceTransformStatus = OK
Seq_Frame0053_Timestamp = 5.641
Seq_Frame0054_DriverToReference-SequenceTransform =0.339851 -0.229969 -0.91193 123.932 -0.91073 -0.322425 -0.258096 255.051 -0.234675 0.918235 -0.319016 148.594 0 0 0 1 
Seq_Frame0054_DriverToReference-SequenceTransformStatus = OK
Seq_Frame0054_Timestamp = 5.755
Seq_Frame0055_DriverToReference-SequenceTransform =0.336553 -0.22889 -0.913423 123.091 -0.90665 -0.34082 -0.248653 255.802 -0.254399 0.911839 -0.322227 148.977 0 0 0 1 
Seq_Frame0055_DriverToReference-SequenceTransformStatus = OK
Seq_Frame0055_Timestamp = 5.856
Seq_Frame0056_DriverToReference-SequenceTransform =0.33945 -0.213006 -0.916189 121.808 -0.907392 -0.33077 -0.259289 256.373 -0.247818 0.919358 -0.30556 149.479 0 0 0 1 
Seq_Frame0056_DriverToReference-SequenceTransformStatus = OK
Seq_Frame0056_Timestamp = 5.965
Seq_Frame0057_DriverToReference-SequenceTransform =0.348795 -0.223104 -0.910256 121.454 -0.903415 -0.338466 -0.263216 258.117 -0.249366 0.914147 -0.319611 150.335 0 0 0 1 
Seq_Frame0057_DriverToReference-SequenceTransformStatus = OK
Seq_Frame0057_Timestamp = 6.066
Seq_Frame0058_DriverToReference-SequenceTransform =0.334459 -0.200093 -0.920923 121.498 -0.905094 -0.340462 -0.254737 258.998 -0.262568 0.918721 -0.294974 149.793 0 0 0 1 
Seq_Frame0058_DriverToReference-SequenceTransformStatus = OK
Seq_Frame0058_Timestamp = 6.171
Seq_Frame0059_DriverToReference-SequenceTransform =0.342507 -0.216501 -0.91423 121.38 -0.893709 -0.375216 -0.245964 260.334 -0.289782 0.901299 -0.322003 151.708 0 0 0 1 
Seq_Frame0059_DriverToReference-SequenceTransformStatus = OK
Seq_Frame0059_Timestamp = 6.28
Seq_Frame0060_DriverToReference-SequenceTransform =0.347274 -0.218044 -0.912062 121.508 -0.890298 -0.382167 -0.247624 260.666 -0.294567 0.898001 -0.326841 151.366 0 0 0 1 
Seq_Frame0060_DriverToReference-SequenceTransformStatus = OK
Seq_Frame0060_Timestamp = 6.39
Seq_Frame0061_DriverToReference-SequenceTransform =0.363056 -0.229479 -0.903067 121.842 -0.886713 -0.382823 -0.259202 261.849 -0.286234 0.894866 -0.342469 152.319 0 0 0 1 
Seq_Frame0061_DriverToReference-SequenceTransformStatus = OK
Seq_Frame0061_Timestamp = 6.492
Seq_Frame0062_DriverToReference-SequenceTransform =0.364945 -0.227393 -0.902833 122.654 -0.883825 -0.389469 -0.259167 262.12 -0.292693 0.892528 -0.343111 151.057 0 0 0 1 
Seq_Frame0062_DriverToReference-SequenceTransformStatus = OK
Seq_Frame0062_Timestamp = 6.6
Seq_Frame0063_DriverToReference-SequenceTransform =0.370346 -0.234126 -0.898904 123.035 -0.878387 -0.403024 -0.256922 263.15 -0.302128 0.884736 -0.354911 151.348 0 0 0 1 
Seq_Frame0063_DriverToReference-SequenceTransformStatus = OK
Seq_Frame0063_Timestamp = 6.706
Seq_Frame0064_DriverToReference-SequenceTransform =0.370016 -0.233598 -0.899177 123.061 -0.878098 -0.403991 -0.256389 263.839 -0.303368 0.884434 -0.354605 150.917 0 0 0 1 
Seq_Frame0064_DriverToReference-SequenceTransformStatus = OK
Seq_Frame0064_Timestamp = 6.814
Seq_Frame0065_DriverToReference-SequenceTransform =0.380676 -0.214855 -0.899402 121.192 -0.88664 -0.361013 -0.289033 260.69 -0.262595 0.907473 -0.327928 149.876 0 0 0 1 
Seq_Frame0065_DriverToReference-SequenceTransformStatus = OK
Seq_Frame0065_Timestamp = 6.917
Seq_Frame0066_DriverToReference-SequenceTransform =0.381267 -0.15636 -0.911146 114.93 -0.881027 -0.360022 -0.306881 256.787 -0.280049 0.919747 -0.275022 150.449 0 0 0 1 
Seq_Frame0066_DriverToReference-SequenceTransformStatus = OK
Seq_Frame0066_Timestamp = 7.029
Seq_Frame0067_DriverToReference-SequenceTransform =0.381267 -0.15636 -0.911146 114.93 -0.881027 -0.360022 -0.306881 256.787 -0.280049 0.919747 -0.275022 150.449 0 0 0 1 
Seq_Frame0067_DriverToReference-SequenceTransformStatus = OK
Seq_Frame0067_Timestamp = 7.135
Seq_Frame0068_DriverToReference-SequenceTransform =0.381267 -0.15636 -0.911146 114.93 -0.881027 -0.360022 -0.306881 256.787 -0.280049 0.919747 -0.275022 150.449 0 0 0 1 
Seq_Frame0068_DriverToReference-SequenceTransformStatus = OK
Seq_Frame0068_Timestamp = 7.243
Seq_Frame0069_DriverToReference-SequenceTransform =0.381267 -0.15636 -0.911146 114.93 -0.881027 -0.360022 -0.306881 256.787 -0.280049 0.919747 -0.275022 150.449 0 0 0 1 
Seq_Frame0069_DriverToReference-SequenceTransformStatus = OK
Seq_Frame0069_Timestamp = 7.351
Seq_Frame0070_DriverToReference-SequenceTransform =0.345574 -0.23005 -0.909756 118.404 -0.916286 -0.291914 -0.274238 262.501 -0.202482 0.928366 -0.311669 149.922 0 0 0 1 
Seq_Frame0070_DriverToReference-SequenceTransformStatus = OK
Seq_Frame0070_Timestamp = 7.46
Seq_Frame0071_DriverToReference-SequenceTransform =0.350072 -0.23952 -0.905582 118.521 -0.914138 -0.298365 -0.274464 263.581 -0.204454 0.923909 -0.323404 149.03 0 0 0 1 
Seq_Frame0071_DriverToReference-SequenceTransformStatus = OK
Seq_Frame0071_Timestamp = 7.566
Seq_Frame0072_DriverToReference-SequenceTransform =0.337823 -0.248577 -0.907791 120.135 -0.914905 -0.313155 -0.25472 263.996 -0.220962 0.916593 -0.333215 149.244 0 0 0 1 
Seq_Frame0072_DriverToReference-SequenceTransformStatus = OK
Seq_Frame0072_Timestamp = 7.674
Seq_Frame0073_DriverToReference-SequenceTransform =0.325487 -0.217837 -0.920111 119.811 -0.922935 -0.284728 -0.259077 263.039 -0.205545 0.933529 -0.293725 148.822 0 0 0 1 
Seq_Frame0073_DriverToReference-SequenceTransformStatus = OK
Seq_Frame0073_Timestamp = 7.78
Seq_Frame0074_DriverToReference-SequenceTransform =0.334377 -0.244538 -0.910161 120.183 -0.921078 -0.28925 -0.260673 263.513 -0.19952 0.925492 -0.321957 149.386 0 0 0 1 
Seq_Frame0074_DriverToReference-SequenceTransformStatus = OK
Seq_Frame0074_Timestamp = 7.889
Seq_Frame0075_DriverToReference-SequenceTransform =0.337473 -0.256474 -0.905722 120.96 -0.917529 -0.30464 -0.255607 264.573 -0.210363 0.917287 -0.33813 149.587 0 0 0 1 
Seq_Frame0075_DriverToReference-SequenceTransformStatus = OK
Seq_Frame0075_Timestamp = 7.994
Seq_Frame0076_DriverToReference-SequenceTransform =0.333931 -0.256127 -0.907132 122.319 -0.919692 -0.299399 -0.25402 266.034 -0.206533 0.919108 -0.335536 149.396 0 0 0 1 
Seq_Frame0076_DriverToReference-SequenceTransformStatus = OK
Seq_Frame0076_Timestamp = 8.102
Seq_Frame0077_DriverToReference-SequenceTransform =0.325022 -0.241221 -0.914425 120.774 -0.921596 -0.297732 -0.249031 265.363 -0.212182 0.923671 -0.319077 148.927 0 0 0 1 
Seq_Frame0077_DriverToReference-SequenceTransformStatus = OK
Seq_Frame0077_Timestamp = 8.211
Seq_Frame0078_DriverToReference-SequenceTransform =0.317464 -0.263303 -0.910982 121.907 -0.918541 -0.324049 -0.226438 266.917 -0.235581 0.90866 -0.344729 150.662 0 0 0 1 
Seq_Frame0078_DriverToReference-SequenceTransformStatus = OK
Seq_Frame0078_Timestamp = 8.317
Seq_Frame0079_DriverToReference-SequenceTransform =0.315161 -0.259052 -0.912998 121.344 -0.921058 -0.315369 -0.228462 268.07 -0.228747 0.912926 -0.337994 149.97 0 0 0 1 
Seq_Frame0079_DriverToReference-SequenceTransformStatus = OK
Seq_Frame0079_Timestamp = 8.426
Seq_Frame0080_DriverToReference-SequenceTransform =0.317431 -0.257035 -0.912782 120.72 -0.91812 -0.324139 -0.228012 268.818 -0.237261 0.910421 -0.338881 149.885 0 0 0 1 
Seq_Frame0080_DriverToReference-SequenceTransformStatus = OK
Seq_Frame0080_Timestamp = 8.531
Seq_Frame0081_DriverToReference-SequenceTransform =0.320068 -0.265187 -0.909523 121.821 -0.914643 -0.336736 -0.223689 269.824 -0.246949 0.903485 -0.35033 150.606 0 0 0 1 
Seq_Frame0081_DriverToReference-SequenceTransformStatus = OK
Seq_Frame0081_Timestamp = 8.643
Seq_Frame0082_DriverToReference-SequenceTransform =0.320137 -0.271023 -0.907777 122.89 -0.912468 -0.345907 -0.218519 270.301 -0.254783 0.898273 -0.358038 151.003 0 0 0 1 
Seq_Frame0082_DriverToReference-SequenceTransformStatus = OK
Seq_Frame0082_Timestamp = 8.746
Seq_Frame0083_DriverToReference-SequenceTransform =0.322685 -0.271614 -0.906697 122.8 -0.911621 -0.346862 -0.22053 270.529 -0.2546 0.897726 -0.359536 151.01 0 0 0 1 
Seq_Frame0083_DriverToReference-SequenceTransformStatus = OK
Seq_Frame0083_Timestamp = 8.858
Seq_Frame0084_DriverToReference-SequenceTransform =0.323225 -0.272802 -0.906148 123.134 -0.912495 -0.343577 -0.222053 270.772 -0.250755 0.898629 -0.359983 150.096 0 0 0 1 
Seq_Frame0084_DriverToReference-SequenceTransformStatus = OK
Seq_Frame0084_Timestamp = 8.963
Seq_Frame0085_DriverToReference-SequenceTransform =0.33041 -0.261455 -0.906901 122.84 -0.916065 -0.320211 -0.241434 269.452 -0.227276 0.910553 -0.345311 149.087 0 0 0 1 
Seq_Frame0085_DriverToReference-SequenceTransformStatus = OK
Seq_Frame0085_Timestamp = 9.074
Seq_Frame0086_DriverToReference-SequenceTransform =0.390895 -0.257421 -0.883705 123.249 -0.896092 -0.325776 -0.301477 263.609 -0.210283 0.909728 -0.358017 149.101 0 0 0 1 
Seq_Frame0086_DriverToReference-SequenceTransformStatus = OK
Seq_Frame0086_Timestamp = 9.181
Seq_Frame0087_DriverToReference-SequenceTransform =0.422725 -0.201829 -0.883498 124.819 -0.896764 -0.233902 -0.375639 256.612 -0.130837 0.951081 -0.279869 145.966 0 0 0 1 
Seq_Frame0087_DriverToReference-SequenceTransformStatus = OK
Seq_Frame0087_Timestamp = 9.286
Seq_Frame0088_DriverToReference-SequenceTransform =0.422725 -0.201829 -0.883498 124.819 -0.896764 -0.233902 -0.375639 256.612 -0.130837 0.951081 -0.279869 145.966 0 0 0 1 
Seq_Frame0088_DriverToReference-SequenceTransformStatus = OK
Seq_Frame0088_Timestamp = 9.422
Seq_Frame0089_DriverToReference-SequenceTransform =0.422725 -0.201829 -0.883498 124.819 -0.896764 -0.233902 -0.375639 256.612 -0.130837 0.951081 -0.279869 145.966 0 0 0 1 
Seq_Frame0089_DriverToReference-SequenceTransformStatus = OK
Seq_Frame0089_Timestamp = 9.667
Seq_Frame0090_DriverToReference-SequenceTransform =0.422725 -0.201829 -0.883498 124.819 -0.896764 -0.233902 -0.375639 256.612 -0.130837 0.951081 -0.279869 145.966 0 0 0 1 
Seq_Frame0090_DriverToReference-SequenceTransformStatus = OK
Seq_Frame0090_Timestamp = 9.774
Seq_Frame0091_DriverToReference-SequenceTransform =0.422725 -0.201829 -0.883498 124.819 -0.896764 -0.233902 -0.375639 256.612 -0.130837 0.951081 -0.279869 145.966 0 0 0 1 
Seq_Frame0091_DriverToReference-SequenceTransformStatus = OK
Seq_Frame0091_Timestamp = 9.882
Seq_Frame0092_DriverToReference-SequenceTransform =0.422725 -0.201829 -0.883498 124.819 -0.896764 -0.233902 -0.375639 256.612 -0.130837 0.951081 -0.279869 145.966 0 0 0 1 
Seq_Frame0092_DriverToReference-SequenceTransformStatus = OK
Seq_Frame0092_Timestamp = 9.991
Seq_Frame0093_DriverToReference-SequenceTransform =0.422725 -0.201829 -0.883498 124.819 -0.896764 -0.233902 -0.375639 256.612 -0.130837 0.951081 -0.279869 145.966 0 0 0 1 
Seq_Frame0093_DriverToReference-SequenceTransformStatus = OK
Seq_Frame0093_Timestamp = 10.1
Seq_Frame0094_DriverToReference-SequenceTransform =0.422725 -0.201829 -0.883498 124.819 -0.896764 -0.233902 -0.375639 256.612 -0.130837 0.951081 -0.279869 145.966 0 0 0 1 
Seq_Frame0094_DriverToReference-SequenceTransformStatus = OK
Seq_Frame0094_Timestamp = 10.206
Seq_Frame0095_DriverToReference-SequenceTransform =0.422725 -0.201829 -0.883498 124.819 -0.896764 -0.233902 -0.375639 256.612 -0.130837 0.951081 -0.279869 145.966 0 0 0 1 
Seq_Frame0095_DriverToReference-SequenceTransformStatus = OK
Seq_Frame0095_Timestamp = 10.315
Seq_Frame0096_DriverToReference-SequenceTransform =0.422725 -0.201829 -0.883498 124.819 -0.896764 -0.233902 -0.375639 256.612 -0.130837 0.951081 -0.279869 145.966 0 0 0 1 
Seq_Frame0096_DriverToReference-SequenceTransformStatus = OK
Seq_Frame0096_Timestamp = 10.422
Seq_Frame0097_DriverToReference-SequenceTransform =0.422725 -0.201829 -0.883498 124.819 -0.896764 -0.233902 -0.375639 256.612 -0.130837 0.951081 -0.279869 145.966 0 0 0 1 
Seq_Frame0097_DriverToReference-SequenceTransformStatus = OK
Seq_Frame0097_Timestamp = 10.528
Seq_Frame0098_DriverToReference-SequenceTransform =0.422725 -0.201829 -0.883498 124.819 -0.896764 -0.233902 -0.375639 256.612 -0.130837 0.951081 -0.279869 145.966 0 0 0 1 
Seq_Frame0098_DriverToReference-SequenceTransformStatus = OK
Seq_Frame0098_Timestamp = 10.633
Seq_Frame0099_DriverToReference-SequenceTransform =0.422725 -0.201829 -0.883498 124.819 -0.896764 -0.233902 -0.375639 256.612 -0.130837 0.951081 -0.279869 145.966 0 0 0 1 
Seq_Frame0099_DriverToReference-SequenceTransformStatus = OK
Seq_Frame0099_Timestamp = 10.83
Seq_Frame0100_DriverToReference-SequenceTransform =0.422725 -0.201829 -0.883498 124.819 -0.896764 -0.233902 -0.375639 256.612 -0.130837 0.951081 -0.279869 145.966 0 0 0 1 
Seq_Frame0100_DriverToReference-SequenceTransformStatus = OK
Seq_Frame0100_Timestamp = 10.943
Seq_Frame0101_DriverToReference-SequenceTransform =0.422725 -0.201829 -0.883498 124.819 -0.896764 -0.233902 -0.375639 256.612 -0.130837 0.951081 -0.279869 145.966 0 0 0 1 
Seq_Frame0101_DriverToReference-SequenceTransformStatus = OK
Seq_Frame0101_Timestamp = 11.28
Seq_Frame0102_DriverToReference-SequenceTransform =0.422725 -0.201829 -0.883498 124.819 -0.896764 -0.233902 -0.375639 256.612 -0.130837 0.951081 -0.279869 145.966 0 0 0 1 
Seq_Frame0102_DriverToReference-SequenceTransformStatus = OK
Seq_Frame0102_Timestamp = 11.527
Seq_Frame0103_DriverToReference-SequenceTransform =0.422725 -0.201829 -0.883498 124.819 -0.896764 -0.233902 -0.375639 256.612 -0.130837 0.951081 -0.279869 145.966 0 0 0 1 
Seq_Frame0103_DriverToReference-SequenceTransformStatus = OK
Seq_Frame0103_Timestamp = 11.632
Seq_Frame0104_DriverToReference-SequenceTransform =0.422725 -0.201829 -0.883498 124.819 -0.896764 -0.233902 -0.375639 256.612 -0.130837 0.951081 -0.279869 145.966 0 0 0 1 
Seq_Frame0104_DriverToReference-SequenceTransformStatus = OK
Seq_Frame0104_Timestamp = 11.786
Seq_Frame0105_DriverToReference-SequenceTransform =0.422725 -0.201829 -0.883498 124.819 -0.896764 -0.233902 -0.375639 256.612 -0.130837 0.951081 -0.279869 145.966 0 0 0 1 
Seq_Frame0105_DriverToReference-SequenceTransformStatus = OK
Seq_Frame0105_Timestamp = 11.89
Seq_Frame0106_DriverToReference-SequenceTransform =0.422725 -0.201829 -0.883498 124.819 -0.896764 -0.233902 -0.375639 256.612 -0.130837 0.951081 -0.279869 145.966 0 0 0 1 
Seq_Frame0106_DriverToReference-SequenceTransformStatus = OK
Seq_Frame0106_Timestamp = 11.998
Seq_Frame0107_DriverToReference-SequenceTransform =0.422725 -0.201829 -0.883498 124.819 -0.896764 -0.233902 -0.375639 256.612 -0.130837 0.951081 -0.279869 145.966 0 0 0 1 
Seq_Frame0107_DriverToReference-SequenceTransformStatus = OK
Seq_Frame0107_Timestamp = 12.107
Seq_Frame0108_DriverToReference-SequenceTransform =0.422725 -0.201829 -0.883498 124.819 -0.896764 -0.233902 -0.375639 256.612 -0.130837 0.951081 -0.279869 145.966 0 0 0 1 
Seq_Frame0108_DriverToReference-SequenceTransformStatus = OK
Seq_Frame0108_Timestamp = 12.216
Seq_Frame0109_DriverToReference-SequenceTransform =0.422725 -0.201829 -0.883498 124.819 -0.896764 -0.233902 -0.375639 256.612 -0.130837 0.951081 -0.279869 145.966 0 0 0 1 
Seq_Frame0109_DriverToReference-SequenceTransformStatus = OK
Seq_Frame0109_Timestamp = 12.322
Seq_Frame0110_DriverToReference-SequenceTransform =0.422725 -0.201829 -0.883498 124.819 -0.896764 -0.233902 -0.375639 256.612 -0.130837 0.951081 -0.279869 145.966 0 0 0 1 
Seq_Frame0110_DriverToReference-SequenceTransformStatus = OK
Seq_Frame0110_Timestamp = 12.429
Seq_Frame0111_DriverToReference-SequenceTransform =0.422725 -0.201829 -0.883498 124.819 -0.896764 -0.233902 -0.375639 256.612 -0.130837 0.951081 -0.279869 145.966 0 0 0 1 
Seq_Frame0111_DriverToReference-SequenceTransformStatus = OK
Seq_Frame0111_Timestamp = 12.539
Seq_Frame0112_DriverToReference-SequenceTransform =0.422725 -0.201829 -0.883498 124.819 -0.896764 -0.233902 -0.375639 256.612 -0.130837 0.951081 -0.279869 145.966 0 0 0 1 
Seq_Frame0112_DriverToReference-SequenceTransformStatus = OK
Seq_Frame0112_Timestamp = 12.856
Seq_Frame0113_DriverToReference-SequenceTransform =-0.238805 -0.146578 -0.959941 127.482 -0.840295 0.526649 0.128624 260.191 0.486699 0.83735 -0.248935 140.929 0 0 0 1 
Seq_Frame0113_DriverToReference-SequenceTransformStatus = OK
Seq_Frame0113_Timestamp = 12.968
Seq_Frame0114_DriverToReference-SequenceTransform =-0.734443 -0.279562 -0.618417 113.093 -0.661887 0.49645 0.561643 292.514 0.149999 0.821817 -0.549653 125.197 0 0 0 1 
Seq_Frame0114_DriverToReference-SequenceTransformStatus = OK
Seq_Frame0114_Timestamp = 13.073
Seq_Frame0115_DriverToReference-SequenceTransform =-0.874764 -0.128232 -0.467273 86.9359 -0.476615 0.401502 0.78207 300.674 0.0873251 0.906836 -0.412337 123.668 0 0 0 1 
Seq_Frame0115_DriverToReference-SequenceTransformStatus = OK
Seq_Frame0115_Timestamp = 13.181
Seq_Frame0116_DriverToReference-SequenceTransform =-0.874764 -0.128232 -0.467273 86.9359 -0.476615 0.401502 0.78207 300.674 0.0873251 0.906836 -0.412337 123.668 0 0 0 1 
Seq_Frame0116_DriverToReference-SequenceTransformStatus = OK
Seq_Frame0116_Timestamp = 13.289
Seq_Frame0117_DriverToReference-SequenceTransform =-0.874764 -0.128232 -0.467273 86.9359 -0.476615 0.401502 0.78207 300.674 0.0873251 0.906836 -0.412337 123.668 0 0 0 1 
Seq_Frame0117_DriverToReference-SequenceTransformStatus = OK
Seq_Frame0117_Timestamp = 13.394
Seq_Frame0118_DriverToReference-SequenceTransform =-0.874764 -0.128232 -0.467273 86.9359 -0.476615 0.401502 0.78207 300.674 0.0873251 0.906836 -0.412337 123.668 0 0 0 1 
Seq_Frame0118_DriverToReference-SequenceTransformStatus = OK
Seq_Frame0118_Timestamp = 13.503
Seq_Frame0119_DriverToReference-SequenceTransform =-0.874764 -0.128232 -0.467273 86.9359 -0.476615 0.401502 0.78207 300.674 0.0873251 0.906836 -0.412337 123.668 0 0 0 1 
Seq_Frame0119_DriverToReference-SequenceTransformStatus = OK
Seq_Frame0119_Timestamp = 13.608
Seq_Frame0120_DriverToReference-SequenceTransform =-0.874764 -0.128232 -0.467273 86.9359 -0.476615 0.401502 0.78207 300.674 0.0873251 0.906836 -0.412337 123.668 0 0 0 1 
Seq_Frame0120_DriverToReference-SequenceTransformStatus = OK
Seq_Frame0120_Timestamp = 13.717
Seq_Frame0121_DriverToReference-SequenceTransform =-0.874764 -0.128232 -0.467273 86.9359 -0.476615 0.401502 0.78207 300.674 0.0873251 0.906836 -0.412337 123.668 0 0 0 1 
Seq_Frame0121_DriverToReference-SequenceTransformStatus = OK
Seq_Frame0121_Timestamp = 13.823
Seq_Frame0122_DriverToReference-SequenceTransform =-0.874764 -0.128232 -0.467273 86.9359 -0.476615 0.401502 0.78207 300.674 0.0873251 0.906836 -0.412337 123.668 0 0 0 1 
Seq_Frame0122_DriverToReference-SequenceTransformStatus = OK
Seq_Frame0122_Timestamp = 13.929
Seq_Frame0123_DriverToReference-SequenceTransform =-0.874764 -0.128232 -0.467273 86.9359 -0.476615 0.401502 0.78207 300.674 0.0873251 0.906836 -0.412337 123.668 0 0 0 1 
Seq_Frame0123_DriverToReference-SequenceTransformStatus = OK
Seq_Frame0123_Timestamp = 14.037
Seq_Frame0124_DriverToReference-SequenceTransform =-0.874764 -0.128232 -0.467273 86.9359 -0.476615 0.401502 0.78207 300.674 0.0873251 0.906836 -0.412337 123.668 0 0 0 1 
Seq_Frame0124_DriverToReference-SequenceTransformStatus = OK
Seq_Frame0124_Timestamp = 14.141
Seq_Frame0125_DriverToReference-SequenceTransform =-0.874764 -0.128232 -0.467273 86.9359 -0.476615 0.401502 0.78207 300.674 0.0873251 0.906836 -0.412337 123.668 0 0 0 1 
Seq_Frame0125_DriverToReference-SequenceTransformStatus = OK
Seq_Frame0125_Timestamp = 14.247
Seq_Frame0126_DriverToReference-SequenceTransform =-0.874764 -0.128232 -0.467273 86.9359 -0.476615 0.401502 0.78207 300.674 0.0873251 0.906836 -0.412337 123.668 0 0 0 1 
Seq_Frame0126_DriverToReference-SequenceTransformStatus = OK
Seq_Frame0126_Timestamp = 14.354
Seq_Frame0127_DriverToReference-SequenceTransform =-0.874764 -0.128232 -0.467273 86.9359 -0.476615 0.401502 0.78207 300.674 0.0873251 0.906836 -0.412337 123.668 0 0 0 1 
Seq_Frame0127_DriverToReference-SequenceTransformStatus = OK
Seq_Frame0127_Timestamp = 14.465
Seq_Frame0128_DriverToReference-SequenceTransform =-0.874764 -0.128232 -0.467273 86.9359 -0.476615 0.401502 0.78207 300.674 0.0873251 0.906836 -0.412337 123.668 0 0 0 1 
Seq_Frame0128_DriverToReference-SequenceTransformStatus = OK
Seq_Frame0128_Timestamp = 14.57
Seq_Frame0129_DriverToReference-SequenceTransform =-0.874764 -0.128232 -0.467273 86.9359 -0.476615 0.401502 0.78207 300.674 0.0873251 0.906836 -0.412337 123.668 0 0 0 1 
Seq_Frame0129_DriverToReference-SequenceTransformStatus = OK
Seq_Frame0129_Timestamp = 14.678
Seq_Frame0130_DriverToReference-SequenceTransform =-0.874764 -0.128232 -0.467273 86.9359 -0.476615 0.401502 0.78207 300.674 0.0873251 0.906836 -0.412337 123.668 0 0 0 1 
Seq_Frame0130_DriverToReference-SequenceTransformStatus = OK
Seq_Frame0130_Timestamp = 14.786
Seq_Frame0131_DriverToReference-SequenceTransform =-0.874764 -0.128232 -0.467273 86.9359 -0.476615 0.401502 0.78207 300.674 0.0873251 0.906836 -0.412337 123.668 0 0 0 1 
Seq_Frame0131_DriverToReference-SequenceTransformStatus = OK
Seq_Frame0131_Timestamp = 14.895
Seq_Frame0132_DriverToReference-SequenceTransform =-0.874764 -0.128232 -0.467273 86.9359 -0.476615 0.401502 0.78207 300.674 0.0873251 0.906836 -0.412337 123.668 0 0 0 1 
Seq_Frame0132_DriverToReference-SequenceTransformStatus = OK
Seq_Frame0132_Timestamp = 14.998
Seq_Frame0133_DriverToReference-SequenceTransform =-0.874764 -0.128232 -0.467273 86.9359 -0.476615 0.401502 0.78207 300.674 0.0873251 0.906836 -0.412337 123.668 0 0 0 1 
Seq_Frame0133_DriverToReference-SequenceTransformStatus = OK
Seq_Frame0133_Timestamp = 15.107
Seq_Frame0134_DriverToReference-SequenceTransform =-0.874764 -0.128232 -0.467273 86.9359 -0.476615 0.401502 0.78207 300.674 0.0873251 0.906836 -0.412337 123.668 0 0 0 1 
Seq_Frame0134_DriverToReference-SequenceTransformStatus = OK
Seq_Frame0134_Timestamp = 15.214
Seq_Frame0135_DriverToReference-SequenceTransform =-0.874764 -0.128232 -0.467273 86.9359 -0.476615 0.401502 0.78207 300.674 0.0873251 0.906836 -0.412337 123.668 0 0 0 1 
Seq_Frame0135_DriverToReference-SequenceTransformStatus = OK
Seq_Frame0135_Timestamp = 15.32
Seq_Frame0136_DriverToReference-SequenceTransform =-0.874764 -0.128232 -0.467273 86.9359 -0.476615 0.401502 0.78207 300.674 0.0873251 0.906836 -0.412337 123.668 0 0 0 1 
Seq_Frame0136_DriverToReference-SequenceTransformStatus = OK
Seq_Frame0136_Timestamp = 15.427
Seq_Frame0137_DriverToReference-SequenceTransform =-0.874764 -0.128232 -0.467273 86.9359 -0.476615 0.401502 0.78207 300.674 0.0873251 0.906836 -0.412337 123.668 0 0 0 1 
Seq_Frame0137_DriverToReference-SequenceTransformStatus = OK
Seq_Frame0137_Timestamp = 15.534
Seq_Frame0138_DriverToReference-SequenceTransform =-0.874764 -0.128232 -0.467273 86.9359 -0.476615 0.401502 0.78207 300.674 0.0873251 0.906836 -0.412337 123.668 0 0 0 1 
Seq_Frame0138_DriverToReference-SequenceTransformStatus = OK
Seq_Frame0138_Timestamp = 15.642
Seq_Frame0139_DriverToReference-SequenceTransform =-0.874764 -0.128232 -0.467273 86.9359 -0.476615 0.401502 0.78207 300.674 0.0873251 0.906836 -0.412337 123.668 0 0 0 1 
Seq_Frame0139_DriverToReference-SequenceTransformStatus = OK
Seq_Frame0139_Timestamp = 15.748
Seq_Frame0140_DriverToReference-SequenceTransform =-0.874764 -0.128232 -0.467273 86.9359 -0.476615 0.401502 0.78207 300.674 0.0873251 0.906836 -0.412337 123.668 0 0 0 1 
Seq_Frame0140_DriverToReference-SequenceTransformStatus = OK
Seq_Frame0140_Timestamp = 15.901
Seq_Frame0141_DriverToReference-SequenceTransform =-0.874764 -0.128232 -0.467273 86.9359 -0.476615 0.401502 0.78207 300.674 0.0873251 0.906836 -0.412337 123.668 0 0 0 1 
Seq_Frame0141_DriverToReference-SequenceTransformStatus = OK
Seq_Frame0141_Timestamp = 16.006
Seq_Frame0142_DriverToReference-SequenceTransform =-0.874764 -0.128232 -0.467273 86.9359 -0.476615 0.401502 0.78207 300.674 0.0873251 0.906836 -0.412337 123.668 0 0 0 1 
Seq_Frame0142_DriverToReference-SequenceTransformStatus = OK
Seq_Frame0142_Timestamp = 16.113
Seq_Frame0143_DriverToReference-SequenceTransform =-0.874764 -0.128232 -0.467273 86.9359 -0.476615 0.401502 0.78207 300.674 0.0873251 0.906836 -0.412337 123.668 0 0 0 1 
Seq_Frame0143_DriverToReference-SequenceTransformStatus = OK
Seq_Frame0143_Timestamp = 16.219
Seq_Frame0144_DriverToReference-SequenceTransform =-0.874764 -0.128232 -0.467273 86.9359 -0.476615 0.401502 0.78207 300.674 0.0873251 0.906836 -0.412337 123.668 0 0 0 1 
Seq_Frame0144_DriverToReference-SequenceTransformStatus = OK
Seq_Frame0144_Timestamp = 16.372
Seq_Frame0145_DriverToReference-SequenceTransform =-0.874764 -0.128232 -0.467273 86.9359 -0.476615 0.401502 0.78207 300.674 0.0873251 0.906836 -0.412337 123.668 0 0 0 1 
Seq_Frame0145_DriverToReference-SequenceTransformStatus = OK
Seq_Frame0145_Timestamp = 17.148
Seq_Frame0146_DriverToReference-SequenceTransform =-0.874764 -0.128232 -0.467273 86.9359 -0.476615 0.401502 0.78207 300.674 0.0873251 0.906836 -0.412337 123.668 0 0 0 1 
Seq_Frame0146_DriverToReference-SequenceTransformStatus = OK
Seq_Frame0146_Timestamp = 17.258
Seq_Frame0147_DriverToReference-SequenceTransform =-0.874764 -0.128232 -0.467273 86.9359 -0.476615 0.401502 0.78207 300.674 0.0873251 0.906836 -0.412337 123.668 0 0 0 1 
Seq_Frame0147_DriverToReference-SequenceTransformStatus = OK
Seq_Frame0147_Timestamp = 17.362
Seq_Frame0148_DriverToReference-SequenceTransform =-0.874764 -0.128232 -0.467273 86.9359 -0.476615 0.401502 0.78207 300.674 0.0873251 0.906836 -0.412337 123.668 0 0 0 1 
Seq_Frame0148_DriverToReference-SequenceTransformStatus = OK
Seq_Frame0148_Timestamp = 17.472
Seq_Frame0149_DriverToReference-SequenceTransform =-0.874764 -0.128232 -0.467273 86.9359 -0.476615 0.401502 0.78207 300.674 0.0873251 0.906836 -0.412337 123.668 0 0 0 1 
Seq_Frame0149_DriverToReference-SequenceTransformStatus = OK
Seq_Frame0149_Timestamp = 18.143
