ObjectType = Image
NDims = 3
AnatomicalOrientation = RAI
BinaryData = True
CompressedData = False
DimSize = 0 0 1558
ElementSpacing = 1 1 1
Offset = 0 0 0
TransformMatrix = 1 0 0 0 1 0 0 0 1
ElementType = MET_UCHAR
Kinds = domain domain list
Seq_Frame0000_ForcepToReference-SequenceTransform =0.649165 -0.279958 -0.707254 16.923 0.395531 -0.669973 0.628245 -98.9588 -0.649723 -0.687576 -0.324191 -141.022 0 0 0 1 
Seq_Frame0000_ForcepToReference-SequenceTransformStatus = OK
Seq_Frame0000_Timestamp = 0.00199986
Seq_Frame0001_ForcepToReference-SequenceTransform =0.649287 -0.280163 -0.707061 16.9408 0.396029 -0.669149 0.62881 -98.955 -0.649298 -0.688294 -0.323517 -141.007 0 0 0 1 
Seq_Frame0001_ForcepToReference-SequenceTransformStatus = OK
Seq_Frame0001_Timestamp = 0.102
Seq_Frame0002_ForcepToReference-SequenceTransform =0.649229 -0.280469 -0.706992 16.8166 0.396273 -0.668671 0.629163 -98.8118 -0.649207 -0.688633 -0.322979 -141.067 0 0 0 1 
Seq_Frame0002_ForcepToReference-SequenceTransformStatus = OK
Seq_Frame0002_Timestamp = 0.21
Seq_Frame0003_ForcepToReference-SequenceTransform =0.649588 -0.280122 -0.7068 16.8813 0.397329 -0.667519 0.629721 -98.7319 -0.648201 -0.689892 -0.322312 -141.157 0 0 0 1 
Seq_Frame0003_ForcepToReference-SequenceTransformStatus = OK
Seq_Frame0003_Timestamp = 0.31
Seq_Frame0004_ForcepToReference-SequenceTransform =0.649024 -0.280715 -0.707083 16.8657 0.397356 -0.667496 0.629728 -98.7742 -0.648749 -0.689673 -0.321677 -141.126 0 0 0 1 
Seq_Frame0004_ForcepToReference-SequenceTransformStatus = OK
Seq_Frame0004_Timestamp = 0.419
Seq_Frame0005_ForcepToReference-SequenceTransform =0.648809 -0.280385 -0.707412 16.8639 0.396428 -0.668978 0.628739 -98.9242 -0.649532 -0.68837 -0.322887 -140.976 0 0 0 1 
Seq_Frame0005_ForcepToReference-SequenceTransformStatus = OK
Seq_Frame0005_Timestamp = 0.527
Seq_Frame0006_ForcepToReference-SequenceTransform =0.646867 -0.27987 -0.709391 16.8174 0.39693 -0.670723 0.62656 -99.0441 -0.65116 -0.68688 -0.322779 -140.925 0 0 0 1 
Seq_Frame0006_ForcepToReference-SequenceTransformStatus = OK
Seq_Frame0006_Timestamp = 0.63
Seq_Frame0007_ForcepToReference-SequenceTransform =0.648337 -0.280314 -0.707873 16.8444 0.396269 -0.669654 0.62812 -99.0736 -0.650101 -0.687741 -0.323082 -140.888 0 0 0 1 
Seq_Frame0007_ForcepToReference-SequenceTransformStatus = OK
Seq_Frame0007_Timestamp = 0.735
Seq_Frame0008_ForcepToReference-SequenceTransform =0.649123 -0.280384 -0.707124 16.8579 0.395528 -0.669637 0.628605 -99.0444 -0.649767 -0.687729 -0.323776 -140.9 0 0 0 1 
Seq_Frame0008_ForcepToReference-SequenceTransformStatus = OK
Seq_Frame0008_Timestamp = 0.836
Seq_Frame0009_ForcepToReference-SequenceTransform =0.648176 -0.279983 -0.708151 16.9217 0.395584 -0.670822 0.627305 -99.0725 -0.650678 -0.686737 -0.324054 -140.943 0 0 0 1 
Seq_Frame0009_ForcepToReference-SequenceTransformStatus = OK
Seq_Frame0009_Timestamp = 0.94
Seq_Frame0010_ForcepToReference-SequenceTransform =0.649882 -0.279774 -0.706669 17.0482 0.396729 -0.66819 0.629388 -98.7827 -0.648275 -0.689383 -0.32325 -141.266 0 0 0 1 
Seq_Frame0010_ForcepToReference-SequenceTransformStatus = OK
Seq_Frame0010_Timestamp = 1.041
Seq_Frame0011_ForcepToReference-SequenceTransform =0.649412 -0.280006 -0.707008 16.9033 0.396808 -0.668343 0.629175 -98.8058 -0.648697 -0.68914 -0.322922 -141.158 0 0 0 1 
Seq_Frame0011_ForcepToReference-SequenceTransformStatus = OK
Seq_Frame0011_Timestamp = 1.146
Seq_Frame0012_ForcepToReference-SequenceTransform =0.649285 -0.280183 -0.707055 16.9316 0.397065 -0.668033 0.629342 -98.66 -0.648667 -0.689369 -0.322493 -141.279 0 0 0 1 
Seq_Frame0012_ForcepToReference-SequenceTransformStatus = OK
Seq_Frame0012_Timestamp = 1.25
Seq_Frame0013_ForcepToReference-SequenceTransform =0.650199 -0.28018 -0.706216 16.9655 0.396209 -0.66808 0.629831 -98.6837 -0.648275 -0.689325 -0.323375 -141.276 0 0 0 1 
Seq_Frame0013_ForcepToReference-SequenceTransformStatus = OK
Seq_Frame0013_Timestamp = 1.353
Seq_Frame0014_ForcepToReference-SequenceTransform =0.649607 -0.280058 -0.706808 16.9353 0.395919 -0.669056 0.628978 -98.7453 -0.649044 -0.688427 -0.323743 -141.24 0 0 0 1 
Seq_Frame0014_ForcepToReference-SequenceTransformStatus = OK
Seq_Frame0014_Timestamp = 1.454
Seq_Frame0015_ForcepToReference-SequenceTransform =0.650513 -0.280149 -0.705939 16.9292 0.395698 -0.668353 0.629863 -98.7141 -0.648271 -0.689073 -0.323918 -141.204 0 0 0 1 
Seq_Frame0015_ForcepToReference-SequenceTransformStatus = OK
Seq_Frame0015_Timestamp = 1.563
Seq_Frame0016_ForcepToReference-SequenceTransform =0.649329 -0.279599 -0.707245 16.9732 0.397068 -0.668506 0.628837 -98.8763 -0.64862 -0.689147 -0.323061 -141.158 0 0 0 1 
Seq_Frame0016_ForcepToReference-SequenceTransformStatus = OK
Seq_Frame0016_Timestamp = 1.67
Seq_Frame0017_ForcepToReference-SequenceTransform =0.648657 -0.280118 -0.707657 16.9677 0.396446 -0.66934 0.628343 -98.8347 -0.649673 -0.688126 -0.32312 -141.188 0 0 0 1 
Seq_Frame0017_ForcepToReference-SequenceTransformStatus = OK
Seq_Frame0017_Timestamp = 1.77
Seq_Frame0018_ForcepToReference-SequenceTransform =0.649125 -0.280279 -0.707164 16.9584 0.395897 -0.669337 0.628692 -98.7435 -0.64954 -0.688064 -0.323521 -141.256 0 0 0 1 
Seq_Frame0018_ForcepToReference-SequenceTransformStatus = OK
Seq_Frame0018_Timestamp = 1.872
Seq_Frame0019_ForcepToReference-SequenceTransform =0.650009 -0.280055 -0.70644 16.9762 0.396632 -0.667921 0.629734 -98.6952 -0.648206 -0.68953 -0.323075 -141.267 0 0 0 1 
Seq_Frame0019_ForcepToReference-SequenceTransformStatus = OK
Seq_Frame0019_Timestamp = 1.985
Seq_Frame0020_ForcepToReference-SequenceTransform =0.649039 -0.280137 -0.707299 16.955 0.397612 -0.667725 0.629324 -98.6496 -0.648578 -0.689686 -0.321994 -141.323 0 0 0 1 
Seq_Frame0020_ForcepToReference-SequenceTransformStatus = OK
Seq_Frame0020_Timestamp = 2.093
Seq_Frame0021_ForcepToReference-SequenceTransform =0.649504 -0.280117 -0.706879 16.9517 0.39749 -0.667431 0.629712 -98.681 -0.648187 -0.689978 -0.322156 -141.308 0 0 0 1 
Seq_Frame0021_ForcepToReference-SequenceTransformStatus = OK
Seq_Frame0021_Timestamp = 2.194
Seq_Frame0022_ForcepToReference-SequenceTransform =0.650471 -0.280183 -0.705964 16.9432 0.395749 -0.668308 0.629879 -98.7093 -0.648283 -0.689102 -0.323833 -141.232 0 0 0 1 
Seq_Frame0022_ForcepToReference-SequenceTransformStatus = OK
Seq_Frame0022_Timestamp = 2.295
Seq_Frame0023_ForcepToReference-SequenceTransform =0.650661 -0.280002 -0.70586 16.9752 0.396956 -0.667004 0.630502 -98.5957 -0.647354 -0.690438 -0.322845 -141.327 0 0 0 1 
Seq_Frame0023_ForcepToReference-SequenceTransformStatus = OK
Seq_Frame0023_Timestamp = 2.4
Seq_Frame0024_ForcepToReference-SequenceTransform =0.650037 -0.280073 -0.706407 16.9434 0.398004 -0.666416 0.630462 -98.4861 -0.647336 -0.690977 -0.321725 -141.404 0 0 0 1 
Seq_Frame0024_ForcepToReference-SequenceTransformStatus = OK
Seq_Frame0024_Timestamp = 2.505
Seq_Frame0025_ForcepToReference-SequenceTransform =0.649735 -0.280458 -0.706532 16.9366 0.396801 -0.667642 0.629923 -98.6489 -0.648378 -0.689636 -0.322504 -141.228 0 0 0 1 
Seq_Frame0025_ForcepToReference-SequenceTransformStatus = OK
Seq_Frame0025_Timestamp = 2.611
Seq_Frame0026_ForcepToReference-SequenceTransform =0.648704 -0.280376 -0.707511 16.8631 0.397022 -0.668455 0.628921 -98.6627 -0.649274 -0.688881 -0.322314 -141.242 0 0 0 1 
Seq_Frame0026_ForcepToReference-SequenceTransformStatus = OK
Seq_Frame0026_Timestamp = 2.711
Seq_Frame0027_ForcepToReference-SequenceTransform =0.648716 -0.279919 -0.707682 16.9349 0.396846 -0.669037 0.628413 -98.8249 -0.64937 -0.688502 -0.32293 -141.17 0 0 0 1 
Seq_Frame0027_ForcepToReference-SequenceTransformStatus = OK
Seq_Frame0027_Timestamp = 2.812
Seq_Frame0028_ForcepToReference-SequenceTransform =0.648943 -0.280042 -0.707424 16.9115 0.397524 -0.667993 0.629095 -98.7801 -0.648728 -0.689465 -0.322166 -141.138 0 0 0 1 
Seq_Frame0028_ForcepToReference-SequenceTransformStatus = OK
Seq_Frame0028_Timestamp = 2.915
Seq_Frame0029_ForcepToReference-SequenceTransform =0.64799 -0.280109 -0.708271 16.8665 0.396454 -0.669964 0.627672 -98.9676 -0.650333 -0.687522 -0.32308 -140.928 0 0 0 1 
Seq_Frame0029_ForcepToReference-SequenceTransformStatus = OK
Seq_Frame0029_Timestamp = 3.016
Seq_Frame0030_ForcepToReference-SequenceTransform =0.648315 -0.280394 -0.707861 16.8657 0.396269 -0.669603 0.628174 -98.9815 -0.650122 -0.687758 -0.323002 -140.927 0 0 0 1 
Seq_Frame0030_ForcepToReference-SequenceTransformStatus = OK
Seq_Frame0030_Timestamp = 3.119
Seq_Frame0031_ForcepToReference-SequenceTransform =0.648585 -0.280252 -0.70767 16.9105 0.396408 -0.669328 0.628379 -98.9586 -0.649768 -0.688083 -0.323022 -141 0 0 0 1 
Seq_Frame0031_ForcepToReference-SequenceTransformStatus = OK
Seq_Frame0031_Timestamp = 3.227
Seq_Frame0032_ForcepToReference-SequenceTransform =0.649407 -0.279977 -0.707025 16.9139 0.396069 -0.669158 0.628774 -98.8976 -0.649153 -0.688361 -0.323666 -141.031 0 0 0 1 
Seq_Frame0032_ForcepToReference-SequenceTransformStatus = OK
Seq_Frame0032_Timestamp = 3.335
Seq_Frame0033_ForcepToReference-SequenceTransform =0.656889 -0.280354 -0.699928 17.2065 0.398895 -0.658531 0.638138 -97.1763 -0.639828 -0.698383 -0.32075 -142.5 0 0 0 1 
Seq_Frame0033_ForcepToReference-SequenceTransformStatus = OK
Seq_Frame0033_Timestamp = 3.435
Seq_Frame0034_ForcepToReference-SequenceTransform =0.652334 -0.28023 -0.704224 17.026 0.397598 -0.664509 0.632727 -98.1811 -0.645273 -0.692747 -0.322063 -141.66 0 0 0 1 
Seq_Frame0034_ForcepToReference-SequenceTransformStatus = OK
Seq_Frame0034_Timestamp = 3.543
Seq_Frame0035_ForcepToReference-SequenceTransform =0.651003 -0.275663 -0.707252 16.9621 0.397793 -0.669648 0.627162 -98.6113 -0.646494 -0.689625 -0.326286 -141.17 0 0 0 1 
Seq_Frame0035_ForcepToReference-SequenceTransformStatus = OK
Seq_Frame0035_Timestamp = 3.645
Seq_Frame0036_ForcepToReference-SequenceTransform =0.680939 -0.210957 -0.701299 14.8331 0.380039 -0.716789 0.584623 -99.1818 -0.626013 -0.664613 -0.407917 -132.51 0 0 0 1 
Seq_Frame0036_ForcepToReference-SequenceTransformStatus = OK
Seq_Frame0036_Timestamp = 3.746
Seq_Frame0037_ForcepToReference-SequenceTransform =0.985289 -0.135184 -0.104556 4.50885 0.12201 0.128031 0.984237 -73.1697 -0.119667 -0.982514 0.142641 -156.312 0 0 0 1 
Seq_Frame0037_ForcepToReference-SequenceTransformStatus = OK
Seq_Frame0037_Timestamp = 3.85
Seq_Frame0038_ForcepToReference-SequenceTransform =0.985289 -0.135184 -0.104556 4.50885 0.12201 0.128031 0.984237 -73.1697 -0.119667 -0.982514 0.142641 -156.312 0 0 0 1 
Seq_Frame0038_ForcepToReference-SequenceTransformStatus = OK
Seq_Frame0038_Timestamp = 4.064
Seq_Frame0039_ForcepToReference-SequenceTransform =0.985289 -0.135184 -0.104556 4.50885 0.12201 0.128031 0.984237 -73.1697 -0.119667 -0.982514 0.142641 -156.312 0 0 0 1 
Seq_Frame0039_ForcepToReference-SequenceTransformStatus = OK
Seq_Frame0039_Timestamp = 4.165
Seq_Frame0040_ForcepToReference-SequenceTransform =0.108891 -0.524129 -0.844649 -90.9803 0.9836 -0.0660943 0.167818 171.366 -0.143785 -0.84907 0.508336 -25.9403 0 0 0 1 
Seq_Frame0040_ForcepToReference-SequenceTransformStatus = OK
Seq_Frame0040_Timestamp = 4.276
Seq_Frame0041_ForcepToReference-SequenceTransform =0.0863204 -0.756644 -0.648104 -127.511 0.964719 -0.0989307 0.243989 157.274 -0.24873 -0.6463 0.721408 -20.7405 0 0 0 1 
Seq_Frame0041_ForcepToReference-SequenceTransformStatus = OK
Seq_Frame0041_Timestamp = 4.385
Seq_Frame0042_ForcepToReference-SequenceTransform =0.18073 -0.76485 -0.618337 -127.967 0.96557 0.0183753 0.259492 166.095 -0.18711 -0.643946 0.741838 -8.66747 0 0 0 1 
Seq_Frame0042_ForcepToReference-SequenceTransformStatus = OK
Seq_Frame0042_Timestamp = 4.494
Seq_Frame0043_ForcepToReference-SequenceTransform =0.127133 -0.709996 -0.692635 -120.488 0.989766 0.0451796 0.13536 165.794 -0.0648118 -0.702755 0.708474 4.53275 0 0 0 1 
Seq_Frame0043_ForcepToReference-SequenceTransformStatus = OK
Seq_Frame0043_Timestamp = 4.596
Seq_Frame0044_ForcepToReference-SequenceTransform =0.184811 -0.666647 -0.722099 -109.156 0.981449 0.0870544 0.170818 162.175 -0.0510137 -0.740273 0.670369 11.2074 0 0 0 1 
Seq_Frame0044_ForcepToReference-SequenceTransformStatus = OK
Seq_Frame0044_Timestamp = 4.705
Seq_Frame0045_ForcepToReference-SequenceTransform =0.240955 -0.642386 -0.727517 -102.067 0.970536 0.15921 0.180863 160.795 -0.00035616 -0.749661 0.661822 17.88 0 0 0 1 
Seq_Frame0045_ForcepToReference-SequenceTransformStatus = OK
Seq_Frame0045_Timestamp = 4.806
Seq_Frame0046_ForcepToReference-SequenceTransform =0.287422 -0.630412 -0.721089 -98.4349 0.957579 0.172836 0.230585 153.921 -0.0207335 -0.756775 0.653347 18.8379 0 0 0 1 
Seq_Frame0046_ForcepToReference-SequenceTransformStatus = OK
Seq_Frame0046_Timestamp = 4.911
Seq_Frame0047_ForcepToReference-SequenceTransform =0.282412 -0.640112 -0.714493 -100.338 0.958428 0.156651 0.238488 151.926 -0.0407326 -0.752142 0.657741 18.7873 0 0 0 1 
Seq_Frame0047_ForcepToReference-SequenceTransformStatus = OK
Seq_Frame0047_Timestamp = 5.015
Seq_Frame0048_ForcepToReference-SequenceTransform =0.271056 -0.607479 -0.746658 -98.5891 0.961831 0.140671 0.23472 149.188 -0.0375547 -0.781781 0.622422 20.2693 0 0 0 1 
Seq_Frame0048_ForcepToReference-SequenceTransformStatus = OK
Seq_Frame0048_Timestamp = 5.12
Seq_Frame0049_ForcepToReference-SequenceTransform =0.274992 -0.581022 -0.766024 -96.0631 0.960676 0.134163 0.243108 146.967 -0.0384785 -0.802754 0.595068 19.6181 0 0 0 1 
Seq_Frame0049_ForcepToReference-SequenceTransformStatus = OK
Seq_Frame0049_Timestamp = 5.221
Seq_Frame0050_ForcepToReference-SequenceTransform =0.262568 -0.545831 -0.795693 -93.2569 0.963075 0.0973587 0.251015 144.395 -0.0595441 -0.83222 0.551239 19.8766 0 0 0 1 
Seq_Frame0050_ForcepToReference-SequenceTransformStatus = OK
Seq_Frame0050_Timestamp = 5.322
Seq_Frame0051_ForcepToReference-SequenceTransform =0.206786 -0.55498 -0.805752 -95.7001 0.971493 0.018882 0.236316 141.838 -0.115936 -0.831649 0.543064 16.6419 0 0 0 1 
Seq_Frame0051_ForcepToReference-SequenceTransformStatus = OK
Seq_Frame0051_Timestamp = 5.422
Seq_Frame0052_ForcepToReference-SequenceTransform =0.17509 -0.588626 -0.789217 -98.1446 0.970071 -0.0338399 0.240451 142.761 -0.168243 -0.807697 0.565084 12.1072 0 0 0 1 
Seq_Frame0052_ForcepToReference-SequenceTransformStatus = OK
Seq_Frame0052_Timestamp = 5.537
Seq_Frame0053_ForcepToReference-SequenceTransform =0.181895 -0.615218 -0.767086 -99.7537 0.962223 -0.0493557 0.267751 144.588 -0.202585 -0.786811 0.582999 6.19806 0 0 0 1 
Seq_Frame0053_ForcepToReference-SequenceTransformStatus = OK
Seq_Frame0053_Timestamp = 5.641
Seq_Frame0054_ForcepToReference-SequenceTransform =0.301687 -0.737161 -0.604631 -109.832 0.928818 0.0841435 0.360856 140.912 -0.215133 -0.670458 0.710073 -4.30752 0 0 0 1 
Seq_Frame0054_ForcepToReference-SequenceTransformStatus = OK
Seq_Frame0054_Timestamp = 5.755
Seq_Frame0055_ForcepToReference-SequenceTransform =0.423179 -0.776664 -0.466598 -112.275 0.84956 0.161145 0.502275 128.169 -0.314909 -0.608955 0.728016 -7.08456 0 0 0 1 
Seq_Frame0055_ForcepToReference-SequenceTransformStatus = OK
Seq_Frame0055_Timestamp = 5.856
Seq_Frame0056_ForcepToReference-SequenceTransform =0.45478 -0.783689 -0.423092 -109.265 0.844016 0.227614 0.485623 133.078 -0.284276 -0.577947 0.76496 1.28321 0 0 0 1 
Seq_Frame0056_ForcepToReference-SequenceTransformStatus = OK
Seq_Frame0056_Timestamp = 5.965
Seq_Frame0057_ForcepToReference-SequenceTransform =0.507334 -0.761155 -0.404047 -104.452 0.822209 0.287155 0.491441 134.681 -0.258039 -0.581536 0.771512 9.15164 0 0 0 1 
Seq_Frame0057_ForcepToReference-SequenceTransformStatus = OK
Seq_Frame0057_Timestamp = 6.066
Seq_Frame0058_ForcepToReference-SequenceTransform =0.510907 -0.761389 -0.399074 -102.633 0.817352 0.286453 0.49988 134.758 -0.266288 -0.581577 0.768674 12.3696 0 0 0 1 
Seq_Frame0058_ForcepToReference-SequenceTransformStatus = OK
Seq_Frame0058_Timestamp = 6.171
Seq_Frame0059_ForcepToReference-SequenceTransform =0.524918 -0.756946 -0.389222 -101.044 0.799998 0.282621 0.529272 132.535 -0.290629 -0.589201 0.753908 12.4926 0 0 0 1 
Seq_Frame0059_ForcepToReference-SequenceTransformStatus = OK
Seq_Frame0059_Timestamp = 6.28
Seq_Frame0060_ForcepToReference-SequenceTransform =0.536176 -0.740507 -0.405172 -96.3148 0.792309 0.275951 0.544149 130.747 -0.291138 -0.61278 0.734669 12.7151 0 0 0 1 
Seq_Frame0060_ForcepToReference-SequenceTransformStatus = OK
Seq_Frame0060_Timestamp = 6.39
Seq_Frame0061_ForcepToReference-SequenceTransform =0.498254 -0.750903 -0.43346 -95.4328 0.823945 0.254438 0.506335 133.523 -0.26992 -0.609431 0.745478 14.0336 0 0 0 1 
Seq_Frame0061_ForcepToReference-SequenceTransformStatus = OK
Seq_Frame0061_Timestamp = 6.492
Seq_Frame0062_ForcepToReference-SequenceTransform =0.511852 -0.76089 -0.398817 -94.5994 0.804413 0.261553 0.533395 132.074 -0.301543 -0.593833 0.745945 13.7649 0 0 0 1 
Seq_Frame0062_ForcepToReference-SequenceTransformStatus = OK
Seq_Frame0062_Timestamp = 6.6
Seq_Frame0063_ForcepToReference-SequenceTransform =0.453767 -0.790776 -0.410815 -94.6104 0.84833 0.242193 0.470828 138.016 -0.272823 -0.562153 0.780738 15.8879 0 0 0 1 
Seq_Frame0063_ForcepToReference-SequenceTransformStatus = OK
Seq_Frame0063_Timestamp = 6.706
Seq_Frame0064_ForcepToReference-SequenceTransform =0.394425 -0.810838 -0.432401 -93.5407 0.868915 0.175969 0.462625 140.757 -0.299024 -0.55819 0.773956 13.1502 0 0 0 1 
Seq_Frame0064_ForcepToReference-SequenceTransformStatus = OK
Seq_Frame0064_Timestamp = 6.814
Seq_Frame0065_ForcepToReference-SequenceTransform =0.359256 -0.819875 -0.445803 -84.5994 0.894546 0.166406 0.414845 148.492 -0.265937 -0.547826 0.793199 7.71111 0 0 0 1 
Seq_Frame0065_ForcepToReference-SequenceTransformStatus = OK
Seq_Frame0065_Timestamp = 6.917
Seq_Frame0066_ForcepToReference-SequenceTransform =0.393104 -0.81545 -0.424866 -85.456 0.88061 0.20093 0.42913 149.749 -0.264566 -0.542834 0.79708 0.503535 0 0 0 1 
Seq_Frame0066_ForcepToReference-SequenceTransformStatus = OK
Seq_Frame0066_Timestamp = 7.029
Seq_Frame0067_ForcepToReference-SequenceTransform =0.435576 -0.737053 -0.516747 -87.0329 0.890299 0.268044 0.36813 154.265 -0.13282 -0.620408 0.772951 5.48551 0 0 0 1 
Seq_Frame0067_ForcepToReference-SequenceTransformStatus = OK
Seq_Frame0067_Timestamp = 7.135
Seq_Frame0068_ForcepToReference-SequenceTransform =0.180308 -0.686923 -0.704007 -88.4281 0.983587 0.120984 0.133865 162.488 -0.00678121 -0.716589 0.697462 18.3672 0 0 0 1 
Seq_Frame0068_ForcepToReference-SequenceTransformStatus = OK
Seq_Frame0068_Timestamp = 7.243
Seq_Frame0069_ForcepToReference-SequenceTransform =0.0279705 -0.562456 -0.826354 -81.4007 0.99619 0.0839995 -0.0234549 172.479 0.0826057 -0.822549 0.562662 33.7272 0 0 0 1 
Seq_Frame0069_ForcepToReference-SequenceTransformStatus = OK
Seq_Frame0069_Timestamp = 7.351
Seq_Frame0070_ForcepToReference-SequenceTransform =-0.0936953 -0.479285 -0.872644 -80.476 0.972549 0.143462 -0.183216 177.02 0.213003 -0.865855 0.452686 47.3597 0 0 0 1 
Seq_Frame0070_ForcepToReference-SequenceTransformStatus = OK
Seq_Frame0070_Timestamp = 7.46
Seq_Frame0071_ForcepToReference-SequenceTransform =0.0373083 -0.438209 -0.898098 -70.8275 0.978802 0.197136 -0.0555278 175.284 0.20138 -0.876989 0.436275 49.7905 0 0 0 1 
Seq_Frame0071_ForcepToReference-SequenceTransformStatus = OK
Seq_Frame0071_Timestamp = 7.566
Seq_Frame0072_ForcepToReference-SequenceTransform =-0.00662623 -0.454192 -0.890879 -75.4381 0.978567 0.180425 -0.0992633 177.786 0.205821 -0.872443 0.443262 47.4633 0 0 0 1 
Seq_Frame0072_ForcepToReference-SequenceTransformStatus = OK
Seq_Frame0072_Timestamp = 7.674
Seq_Frame0073_ForcepToReference-SequenceTransform =-0.0685161 -0.438898 -0.895921 -79.3785 0.973043 0.168824 -0.157119 178.137 0.220212 -0.882534 0.415499 48.7979 0 0 0 1 
Seq_Frame0073_ForcepToReference-SequenceTransformStatus = OK
Seq_Frame0073_Timestamp = 7.78
Seq_Frame0074_ForcepToReference-SequenceTransform =-0.0196528 -0.387479 -0.921669 -75.1645 0.977527 0.18608 -0.0990736 176.015 0.209893 -0.902903 0.375114 51.7856 0 0 0 1 
Seq_Frame0074_ForcepToReference-SequenceTransformStatus = OK
Seq_Frame0074_Timestamp = 7.889
Seq_Frame0075_ForcepToReference-SequenceTransform =0.00325453 -0.396291 -0.918119 -75.0583 0.981347 0.177747 -0.073243 174.983 0.192219 -0.900755 0.389478 51.2452 0 0 0 1 
Seq_Frame0075_ForcepToReference-SequenceTransformStatus = OK
Seq_Frame0075_Timestamp = 7.994
Seq_Frame0076_ForcepToReference-SequenceTransform =-0.0122762 -0.422556 -0.906254 -78.7134 0.984349 0.15424 -0.0852511 179.244 0.175804 -0.893116 0.414049 45.5912 0 0 0 1 
Seq_Frame0076_ForcepToReference-SequenceTransformStatus = OK
Seq_Frame0076_Timestamp = 8.102
Seq_Frame0077_ForcepToReference-SequenceTransform =-0.0549889 -0.395464 -0.916834 -80.7505 0.981178 0.148828 -0.123043 185.616 0.185109 -0.906344 0.379837 48.1329 0 0 0 1 
Seq_Frame0077_ForcepToReference-SequenceTransformStatus = OK
Seq_Frame0077_Timestamp = 8.211
Seq_Frame0078_ForcepToReference-SequenceTransform =-0.041689 -0.368611 -0.928648 -79.719 0.971919 0.200481 -0.123209 181.113 0.231593 -0.907708 0.349902 58.814 0 0 0 1 
Seq_Frame0078_ForcepToReference-SequenceTransformStatus = OK
Seq_Frame0078_Timestamp = 8.317
Seq_Frame0079_ForcepToReference-SequenceTransform =-0.0439514 -0.330145 -0.942906 -79.1588 0.972326 0.202641 -0.116274 180.854 0.229459 -0.921922 0.312102 60.7053 0 0 0 1 
Seq_Frame0079_ForcepToReference-SequenceTransformStatus = OK
Seq_Frame0079_Timestamp = 8.426
Seq_Frame0080_ForcepToReference-SequenceTransform =-0.0565156 -0.314305 -0.947638 -77.9436 0.970355 0.206101 -0.126228 180.656 0.234983 -0.926679 0.29334 61.237 0 0 0 1 
Seq_Frame0080_ForcepToReference-SequenceTransformStatus = OK
Seq_Frame0080_Timestamp = 8.531
Seq_Frame0081_ForcepToReference-SequenceTransform =-0.0189909 -0.29376 -0.955691 -73.5117 0.980751 0.180318 -0.0749151 177.763 0.194335 -0.938717 0.284681 59.0134 0 0 0 1 
Seq_Frame0081_ForcepToReference-SequenceTransformStatus = OK
Seq_Frame0081_Timestamp = 8.643
Seq_Frame0082_ForcepToReference-SequenceTransform =-0.0504073 -0.315921 -0.947445 -72.5592 0.984445 0.14415 -0.100442 178.583 0.168306 -0.937771 0.303741 57.3696 0 0 0 1 
Seq_Frame0082_ForcepToReference-SequenceTransformStatus = OK
Seq_Frame0082_Timestamp = 8.746
Seq_Frame0083_ForcepToReference-SequenceTransform =-0.0498478 -0.381679 -0.92295 -68.5315 0.991064 0.0955752 -0.093051 176.382 0.123727 -0.91934 0.373504 51.8118 0 0 0 1 
Seq_Frame0083_ForcepToReference-SequenceTransformStatus = OK
Seq_Frame0083_Timestamp = 8.858
Seq_Frame0084_ForcepToReference-SequenceTransform =-0.0752108 -0.419173 -0.904786 -61.5199 0.991079 0.0686945 -0.114209 181.397 0.110027 -0.905304 0.410267 45.0302 0 0 0 1 
Seq_Frame0084_ForcepToReference-SequenceTransformStatus = OK
Seq_Frame0084_Timestamp = 8.963
Seq_Frame0085_ForcepToReference-SequenceTransform =-0.113552 -0.456619 -0.882386 -49.2811 0.991722 0.00149961 -0.128398 190.261 0.0599521 -0.889661 0.452669 31.2699 0 0 0 1 
Seq_Frame0085_ForcepToReference-SequenceTransformStatus = OK
Seq_Frame0085_Timestamp = 9.074
Seq_Frame0086_ForcepToReference-SequenceTransform =-0.159493 -0.498633 -0.852013 -28.5889 0.987169 -0.0738323 -0.141584 200.787 0.00769246 -0.863663 0.504011 14.6533 0 0 0 1 
Seq_Frame0086_ForcepToReference-SequenceTransformStatus = OK
Seq_Frame0086_Timestamp = 9.181
Seq_Frame0087_ForcepToReference-SequenceTransform =-0.2334 -0.560331 -0.794704 -5.51818 0.970408 -0.186253 -0.15368 206.746 -0.0619044 -0.807056 0.587221 -12.8102 0 0 0 1 
Seq_Frame0087_ForcepToReference-SequenceTransformStatus = OK
Seq_Frame0087_Timestamp = 9.286
Seq_Frame0088_ForcepToReference-SequenceTransform =-0.0948429 0.285665 0.953625 25.8858 -0.299171 0.905482 -0.300997 212.963 -0.949474 -0.313844 -0.000415981 -51.4893 0 0 0 1 
Seq_Frame0088_ForcepToReference-SequenceTransformStatus = OK
Seq_Frame0088_Timestamp = 9.422
Seq_Frame0089_ForcepToReference-SequenceTransform =-0.0276878 0.130649 0.991042 52.6634 -0.675162 0.728663 -0.114922 188.388 -0.73715 -0.672296 0.0680342 -80.4847 0 0 0 1 
Seq_Frame0089_ForcepToReference-SequenceTransformStatus = OK
Seq_Frame0089_Timestamp = 9.667
Seq_Frame0090_ForcepToReference-SequenceTransform =-0.0429946 0.166399 0.985121 62.9843 -0.731068 0.666819 -0.14454 181.383 -0.680949 -0.726405 0.092979 -73.3599 0 0 0 1 
Seq_Frame0090_ForcepToReference-SequenceTransformStatus = OK
Seq_Frame0090_Timestamp = 9.774
Seq_Frame0091_ForcepToReference-SequenceTransform =-0.010303 0.335437 0.942006 74.763 -0.690871 0.678665 -0.249221 180.319 -0.722904 -0.653373 0.224752 -61.187 0 0 0 1 
Seq_Frame0091_ForcepToReference-SequenceTransformStatus = OK
Seq_Frame0091_Timestamp = 9.882
Seq_Frame0092_ForcepToReference-SequenceTransform =-0.0420542 0.368877 0.928526 80.0946 -0.699355 0.652843 -0.291031 181.853 -0.713537 -0.661608 0.230521 -58.0438 0 0 0 1 
Seq_Frame0092_ForcepToReference-SequenceTransformStatus = OK
Seq_Frame0092_Timestamp = 9.991
Seq_Frame0093_ForcepToReference-SequenceTransform =-0.0449149 0.404481 0.913443 83.5804 -0.666256 0.669184 -0.329082 187.432 -0.744369 -0.623368 0.239432 -54.5359 0 0 0 1 
Seq_Frame0093_ForcepToReference-SequenceTransformStatus = OK
Seq_Frame0093_Timestamp = 10.1
Seq_Frame0094_ForcepToReference-SequenceTransform =-0.0509968 0.420637 0.905795 84.467 -0.647546 0.676561 -0.350642 192.074 -0.760318 -0.604425 0.237879 -50.6108 0 0 0 1 
Seq_Frame0094_ForcepToReference-SequenceTransformStatus = OK
Seq_Frame0094_Timestamp = 10.206
Seq_Frame0095_ForcepToReference-SequenceTransform =-0.0668975 0.422881 0.903713 83.6207 -0.633097 0.682064 -0.366028 194.88 -0.771176 -0.596624 0.222096 -49.5668 0 0 0 1 
Seq_Frame0095_ForcepToReference-SequenceTransformStatus = OK
Seq_Frame0095_Timestamp = 10.315
Seq_Frame0096_ForcepToReference-SequenceTransform =-0.0847987 0.434857 0.896498 83.8942 -0.621152 0.680439 -0.38881 197.962 -0.779089 -0.589832 0.212412 -48.9293 0 0 0 1 
Seq_Frame0096_ForcepToReference-SequenceTransformStatus = OK
Seq_Frame0096_Timestamp = 10.422
Seq_Frame0097_ForcepToReference-SequenceTransform =-0.107238 0.445134 0.889019 82.3511 -0.610505 0.676264 -0.41225 201.547 -0.784718 -0.58696 0.199235 -48.4345 0 0 0 1 
Seq_Frame0097_ForcepToReference-SequenceTransformStatus = OK
Seq_Frame0097_Timestamp = 10.528
Seq_Frame0098_ForcepToReference-SequenceTransform =-0.108298 0.439114 0.89188 78.9831 -0.60057 0.686037 -0.410693 204.716 -0.792204 -0.580114 0.189423 -49.474 0 0 0 1 
Seq_Frame0098_ForcepToReference-SequenceTransformStatus = OK
Seq_Frame0098_Timestamp = 10.633
Seq_Frame0099_ForcepToReference-SequenceTransform =-0.423301 -0.489464 -0.762392 71.2372 0.774018 -0.632725 -0.0235397 237.276 -0.470863 -0.600069 0.646688 -55.7522 0 0 0 1 
Seq_Frame0099_ForcepToReference-SequenceTransformStatus = OK
Seq_Frame0099_Timestamp = 10.83
Seq_Frame0100_ForcepToReference-SequenceTransform =-0.637863 -0.308074 -0.705848 61.9728 0.763981 -0.368881 -0.529396 287.42 -0.097281 -0.876936 0.470658 -32.919 0 0 0 1 
Seq_Frame0100_ForcepToReference-SequenceTransformStatus = OK
Seq_Frame0100_Timestamp = 10.943
Seq_Frame0101_ForcepToReference-SequenceTransform =-0.429422 -0.338879 -0.837113 91.4705 0.78058 -0.605449 -0.155325 264.993 -0.454193 -0.720134 0.524515 -42.2983 0 0 0 1 
Seq_Frame0101_ForcepToReference-SequenceTransformStatus = OK
Seq_Frame0101_Timestamp = 11.28
Seq_Frame0102_ForcepToReference-SequenceTransform =-0.0107647 0.21305 0.976982 75.2888 -0.68877 0.706717 -0.161703 227.735 -0.7249 -0.674656 0.139135 -37.4881 0 0 0 1 
Seq_Frame0102_ForcepToReference-SequenceTransformStatus = OK
Seq_Frame0102_Timestamp = 11.527
Seq_Frame0103_ForcepToReference-SequenceTransform =0.022033 0.332207 0.942949 79.2717 -0.684577 0.692387 -0.227937 226.774 -0.728607 -0.640499 0.242677 -34.899 0 0 0 1 
Seq_Frame0103_ForcepToReference-SequenceTransformStatus = OK
Seq_Frame0103_Timestamp = 11.632
Seq_Frame0104_ForcepToReference-SequenceTransform =-0.223831 -0.573884 -0.787754 74.5261 0.682348 -0.669399 0.293781 225.317 -0.695918 -0.471765 0.541421 -42.2519 0 0 0 1 
Seq_Frame0104_ForcepToReference-SequenceTransformStatus = OK
Seq_Frame0104_Timestamp = 11.786
Seq_Frame0105_ForcepToReference-SequenceTransform =-0.255695 -0.586194 -0.768763 72.8142 0.689103 -0.66824 0.280344 228.011 -0.678054 -0.458074 0.574813 -37.3344 0 0 0 1 
Seq_Frame0105_ForcepToReference-SequenceTransformStatus = OK
Seq_Frame0105_Timestamp = 11.89
Seq_Frame0106_ForcepToReference-SequenceTransform =-0.163607 -0.579482 -0.798394 77.4466 0.70268 -0.636496 0.317982 228.17 -0.69244 -0.508992 0.511326 -34.323 0 0 0 1 
Seq_Frame0106_ForcepToReference-SequenceTransformStatus = OK
Seq_Frame0106_Timestamp = 11.998
Seq_Frame0107_ForcepToReference-SequenceTransform =-0.155245 -0.576049 -0.802538 78.8009 0.709442 -0.630343 0.315214 228.612 -0.687453 -0.520418 0.506531 -32.6056 0 0 0 1 
Seq_Frame0107_ForcepToReference-SequenceTransformStatus = OK
Seq_Frame0107_Timestamp = 12.107
Seq_Frame0108_ForcepToReference-SequenceTransform =-0.171853 -0.59316 -0.786529 77.692 0.727151 -0.615029 0.304944 232.363 -0.664619 -0.519519 0.537012 -29.9305 0 0 0 1 
Seq_Frame0108_ForcepToReference-SequenceTransformStatus = OK
Seq_Frame0108_Timestamp = 12.216
Seq_Frame0109_ForcepToReference-SequenceTransform =-0.230392 -0.597078 -0.768386 74.5281 0.713972 -0.640244 0.283429 233.238 -0.661184 -0.483306 0.573804 -28.9068 0 0 0 1 
Seq_Frame0109_ForcepToReference-SequenceTransformStatus = OK
Seq_Frame0109_Timestamp = 12.322
Seq_Frame0110_ForcepToReference-SequenceTransform =-0.208929 -0.593827 -0.776993 75.7398 0.72025 -0.630883 0.28849 232.271 -0.661505 -0.499355 0.559514 -27.6131 0 0 0 1 
Seq_Frame0110_ForcepToReference-SequenceTransformStatus = OK
Seq_Frame0110_Timestamp = 12.429
Seq_Frame0111_ForcepToReference-SequenceTransform =-0.238499 -0.574813 -0.782757 75.3799 0.726472 -0.640499 0.248998 232.61 -0.644482 -0.509265 0.570344 -26.5371 0 0 0 1 
Seq_Frame0111_ForcepToReference-SequenceTransformStatus = OK
Seq_Frame0111_Timestamp = 12.539
Seq_Frame0112_ForcepToReference-SequenceTransform =-0.417096 -0.72826 -0.543755 40.825 0.870241 -0.492563 -0.00783499 262.288 -0.262128 -0.476466 0.839208 -30.2498 0 0 0 1 
Seq_Frame0112_ForcepToReference-SequenceTransformStatus = OK
Seq_Frame0112_Timestamp = 12.856
Seq_Frame0113_ForcepToReference-SequenceTransform =-0.436895 -0.887515 -0.146426 0.429588 0.845475 -0.3496 -0.403674 307.119 0.307076 -0.300162 0.903109 -8.27825 0 0 0 1 
Seq_Frame0113_ForcepToReference-SequenceTransformStatus = OK
Seq_Frame0113_Timestamp = 12.968
Seq_Frame0114_ForcepToReference-SequenceTransform =-0.282387 -0.945412 0.162645 -21.7073 0.645517 -0.312686 -0.696803 330.963 0.709623 -0.0917782 0.698578 17.4756 0 0 0 1 
Seq_Frame0114_ForcepToReference-SequenceTransformStatus = OK
Seq_Frame0114_Timestamp = 13.073
Seq_Frame0115_ForcepToReference-SequenceTransform =-0.258865 -0.914118 0.312055 -44.7583 0.610696 -0.405191 -0.680345 340.048 0.748357 0.0144532 0.663138 24.8734 0 0 0 1 
Seq_Frame0115_ForcepToReference-SequenceTransformStatus = OK
Seq_Frame0115_Timestamp = 13.181
Seq_Frame0116_ForcepToReference-SequenceTransform =-0.230749 -0.872174 0.431356 -57.6411 0.605523 -0.475732 -0.637982 343.164 0.761641 0.113982 0.637896 38.5104 0 0 0 1 
Seq_Frame0116_ForcepToReference-SequenceTransformStatus = OK
Seq_Frame0116_Timestamp = 13.289
Seq_Frame0117_ForcepToReference-SequenceTransform =-0.242164 -0.853696 0.461042 -61.7334 0.570219 -0.509687 -0.644259 338.848 0.784988 0.106879 0.610222 45.4643 0 0 0 1 
Seq_Frame0117_ForcepToReference-SequenceTransformStatus = OK
Seq_Frame0117_Timestamp = 13.394
Seq_Frame0118_ForcepToReference-SequenceTransform =-0.254485 -0.846881 0.466937 -64.4376 0.512106 -0.527591 -0.677788 331.85 0.820357 0.0666344 0.567956 48.6902 0 0 0 1 
Seq_Frame0118_ForcepToReference-SequenceTransformStatus = OK
Seq_Frame0118_Timestamp = 13.503
Seq_Frame0119_ForcepToReference-SequenceTransform =-0.263291 -0.839121 0.475976 -67.1469 0.479648 -0.541944 -0.690098 331.401 0.837028 0.0466042 0.545172 50.0988 0 0 0 1 
Seq_Frame0119_ForcepToReference-SequenceTransformStatus = OK
Seq_Frame0119_Timestamp = 13.608
Seq_Frame0120_ForcepToReference-SequenceTransform =-0.250283 -0.845891 0.470986 -65.0741 0.462998 -0.531809 -0.709092 330.77 0.850289 0.0405922 0.524749 53.7152 0 0 0 1 
Seq_Frame0120_ForcepToReference-SequenceTransformStatus = OK
Seq_Frame0120_Timestamp = 13.717
Seq_Frame0121_ForcepToReference-SequenceTransform =-0.230666 -0.853718 0.46686 -62.9287 0.420911 -0.52013 -0.743168 330.248 0.877284 0.025083 0.479316 58.97 0 0 0 1 
Seq_Frame0121_ForcepToReference-SequenceTransformStatus = OK
Seq_Frame0121_Timestamp = 13.823
Seq_Frame0122_ForcepToReference-SequenceTransform =-0.221875 -0.861083 0.457501 -61.0664 0.420368 -0.507825 -0.751934 330.294 0.879808 0.0254838 0.474646 61.425 0 0 0 1 
Seq_Frame0122_ForcepToReference-SequenceTransformStatus = OK
Seq_Frame0122_Timestamp = 13.929
Seq_Frame0123_ForcepToReference-SequenceTransform =-0.206573 -0.863069 0.460911 -59.4129 0.41118 -0.504031 -0.759528 330.495 0.887839 0.0326197 0.458996 63.8185 0 0 0 1 
Seq_Frame0123_ForcepToReference-SequenceTransformStatus = OK
Seq_Frame0123_Timestamp = 14.037
Seq_Frame0124_ForcepToReference-SequenceTransform =-0.17107 -0.867629 0.466856 -57.8751 0.379032 -0.495329 -0.781655 331.683 0.909434 0.0432353 0.413595 64.7312 0 0 0 1 
Seq_Frame0124_ForcepToReference-SequenceTransformStatus = OK
Seq_Frame0124_Timestamp = 14.141
Seq_Frame0125_ForcepToReference-SequenceTransform =-0.169521 -0.872423 0.45841 -55.991 0.384879 -0.486811 -0.784145 332.243 0.907265 0.0435036 0.418302 66.5993 0 0 0 1 
Seq_Frame0125_ForcepToReference-SequenceTransformStatus = OK
Seq_Frame0125_Timestamp = 14.247
Seq_Frame0126_ForcepToReference-SequenceTransform =-0.139426 -0.872028 0.469178 -54.6143 0.380368 -0.48462 -0.787695 331.501 0.914265 0.0686353 0.39926 68.8823 0 0 0 1 
Seq_Frame0126_ForcepToReference-SequenceTransformStatus = OK
Seq_Frame0126_Timestamp = 14.354
Seq_Frame0127_ForcepToReference-SequenceTransform =-0.168469 -0.872751 0.458175 -54.4304 0.380857 -0.486354 -0.786389 331.417 0.909157 0.0420173 0.414329 69.8695 0 0 0 1 
Seq_Frame0127_ForcepToReference-SequenceTransformStatus = OK
Seq_Frame0127_Timestamp = 14.465
Seq_Frame0128_ForcepToReference-SequenceTransform =-0.17105 -0.871728 0.459164 -55.0407 0.387814 -0.487981 -0.781968 331.216 0.905728 0.0443148 0.421538 69.8143 0 0 0 1 
Seq_Frame0128_ForcepToReference-SequenceTransformStatus = OK
Seq_Frame0128_Timestamp = 14.57
Seq_Frame0129_ForcepToReference-SequenceTransform =-0.171823 -0.871999 0.458361 -54.927 0.388696 -0.487542 -0.781805 330.467 0.905203 0.0438313 0.422713 70.3542 0 0 0 1 
Seq_Frame0129_ForcepToReference-SequenceTransformStatus = OK
Seq_Frame0129_Timestamp = 14.678
Seq_Frame0130_ForcepToReference-SequenceTransform =-0.182629 -0.877562 0.443319 -54.7996 0.367163 -0.479156 -0.797246 329.999 0.912051 0.01717 0.409716 71.6071 0 0 0 1 
Seq_Frame0130_ForcepToReference-SequenceTransformStatus = OK
Seq_Frame0130_Timestamp = 14.786
Seq_Frame0131_ForcepToReference-SequenceTransform =-0.176079 -0.880262 0.440608 -53.2962 0.388588 -0.473406 -0.790497 329.616 0.904431 0.0320251 0.425416 73.6642 0 0 0 1 
Seq_Frame0131_ForcepToReference-SequenceTransformStatus = OK
Seq_Frame0131_Timestamp = 14.895
Seq_Frame0132_ForcepToReference-SequenceTransform =-0.183774 -0.878518 0.440946 -53.1459 0.384657 -0.477087 -0.790207 328.956 0.904581 0.0243935 0.425604 74.3097 0 0 0 1 
Seq_Frame0132_ForcepToReference-SequenceTransformStatus = OK
Seq_Frame0132_Timestamp = 14.998
Seq_Frame0133_ForcepToReference-SequenceTransform =-0.166873 -0.869215 0.465424 -52.7972 0.374981 -0.492521 -0.785374 326.806 0.91189 0.0434673 0.408127 75.4873 0 0 0 1 
Seq_Frame0133_ForcepToReference-SequenceTransformStatus = OK
Seq_Frame0133_Timestamp = 15.107
Seq_Frame0134_ForcepToReference-SequenceTransform =-0.166445 -0.879466 0.445909 -53.9658 0.414317 -0.472738 -0.777728 330.433 0.894783 0.0552991 0.443063 72.8862 0 0 0 1 
Seq_Frame0134_ForcepToReference-SequenceTransformStatus = OK
Seq_Frame0134_Timestamp = 15.214
Seq_Frame0135_ForcepToReference-SequenceTransform =-0.258254 -0.870762 0.418423 -56.5501 0.492295 -0.49128 -0.718533 330.359 0.831234 0.0204242 0.555547 70.2379 0 0 0 1 
Seq_Frame0135_ForcepToReference-SequenceTransformStatus = OK
Seq_Frame0135_Timestamp = 15.32
Seq_Frame0136_ForcepToReference-SequenceTransform =-0.408695 -0.852304 0.326414 -60.5076 0.631941 -0.52231 -0.572576 325.748 0.658498 -0.0277348 0.752071 49.9654 0 0 0 1 
Seq_Frame0136_ForcepToReference-SequenceTransformStatus = OK
Seq_Frame0136_Timestamp = 15.427
Seq_Frame0137_ForcepToReference-SequenceTransform =-0.605486 -0.782034 0.147681 -57.934 0.693128 -0.609362 -0.385034 312.184 0.391101 -0.130771 0.91101 13.7671 0 0 0 1 
Seq_Frame0137_ForcepToReference-SequenceTransformStatus = OK
Seq_Frame0137_Timestamp = 15.534
Seq_Frame0138_ForcepToReference-SequenceTransform =-0.533267 -0.828212 -0.172313 -25.2325 0.815079 -0.448513 -0.366719 300.153 0.226436 -0.336008 0.914235 -5.60982 0 0 0 1 
Seq_Frame0138_ForcepToReference-SequenceTransformStatus = OK
Seq_Frame0138_Timestamp = 15.642
Seq_Frame0139_ForcepToReference-SequenceTransform =-0.297495 -0.740944 -0.602078 19.5816 0.95061 -0.288361 -0.11484 261.969 -0.0885261 -0.606506 0.790135 -16.0216 0 0 0 1 
Seq_Frame0139_ForcepToReference-SequenceTransformStatus = OK
Seq_Frame0139_Timestamp = 15.748
Seq_Frame0140_ForcepToReference-SequenceTransform =-0.169235 -0.655418 -0.736062 57.6713 0.985555 -0.107678 -0.130718 230.533 0.0064167 -0.747551 0.664173 5.45918 0 0 0 1 
Seq_Frame0140_ForcepToReference-SequenceTransformStatus = OK
Seq_Frame0140_Timestamp = 15.901
Seq_Frame0141_ForcepToReference-SequenceTransform =-0.0598554 -0.539688 -0.839735 86.7098 0.998199 -0.0288911 -0.0525826 222.125 0.00411726 -0.841369 0.540445 17.2316 0 0 0 1 
Seq_Frame0141_ForcepToReference-SequenceTransformStatus = OK
Seq_Frame0141_Timestamp = 16.006
Seq_Frame0142_ForcepToReference-SequenceTransform =-0.0287721 -0.490839 -0.870775 95.0043 0.998913 -0.0460811 -0.00703105 213.202 -0.0366752 -0.870031 0.491631 13.2029 0 0 0 1 
Seq_Frame0142_ForcepToReference-SequenceTransformStatus = OK
Seq_Frame0142_Timestamp = 16.113
Seq_Frame0143_ForcepToReference-SequenceTransform =0.0145602 -0.448265 -0.893782 98.0691 0.990683 -0.114585 0.0736073 207.046 -0.135409 -0.886526 0.44242 9.89178 0 0 0 1 
Seq_Frame0143_ForcepToReference-SequenceTransformStatus = OK
Seq_Frame0143_Timestamp = 16.219
Seq_Frame0144_ForcepToReference-SequenceTransform =-0.325339 -0.721701 0.610984 183.981 0.886368 -0.00766971 0.462917 337.624 -0.329402 0.692162 0.642188 260.512 0 0 0 1 
Seq_Frame0144_ForcepToReference-SequenceTransformStatus = OK
Seq_Frame0144_Timestamp = 16.372
Seq_Frame0145_ForcepToReference-SequenceTransform =0.0314027 -0.492762 -0.869597 100.484 0.996171 -0.0555902 0.067474 198.565 -0.0815897 -0.868386 0.48913 65.1925 0 0 0 1 
Seq_Frame0145_ForcepToReference-SequenceTransformStatus = OK
Seq_Frame0145_Timestamp = 17.148
Seq_Frame0146_ForcepToReference-SequenceTransform =0.0240317 -0.504047 -0.863342 98.3348 0.997063 -0.0507328 0.0573733 198.02 -0.0727186 -0.862185 0.501347 66.0182 0 0 0 1 
Seq_Frame0146_ForcepToReference-SequenceTransformStatus = OK
Seq_Frame0146_Timestamp = 17.258
Seq_Frame0147_ForcepToReference-SequenceTransform =0.0426592 -0.515483 -0.855837 99.3972 0.988387 -0.103277 0.111471 197.456 -0.145849 -0.850653 0.505091 62.3153 0 0 0 1 
Seq_Frame0147_ForcepToReference-SequenceTransformStatus = OK
Seq_Frame0147_Timestamp = 17.362
Seq_Frame0148_ForcepToReference-SequenceTransform =0.0217758 -0.488617 -0.872227 101.058 0.993298 -0.0884818 0.0743655 195.617 -0.113512 -0.868001 0.483415 61.8134 0 0 0 1 
Seq_Frame0148_ForcepToReference-SequenceTransformStatus = OK
Seq_Frame0148_Timestamp = 17.472
Seq_Frame0149_ForcepToReference-SequenceTransform =0.418005 -0.580523 -0.698759 121.665 0.87329 0.0448749 0.48513 181.595 -0.250272 -0.813006 0.525723 51.824 0 0 0 1 
Seq_Frame0149_ForcepToReference-SequenceTransformStatus = OK
Seq_Frame0149_Timestamp = 18.143
